,start,end,lenght,feature
0,32,1189,1157,gene
1,32,1189,1157,CDS
2,1221,1541,320,gene
3,1221,1541,320,CDS
4,1534,1824,290,gene
5,1534,1824,290,CDS
6,1906,2706,800,gene
7,1906,2706,800,CDS
8,2706,2996,290,gene
9,2706,2996,290,CDS
10,2980,3348,368,gene
11,2980,3348,368,CDS
12,3383,4696,1313,gene
13,3383,4696,1313,CDS
14,4720,5517,797,gene
15,4720,5517,797,CDS
16,5643,6044,401,gene
17,5643,6044,401,CDS
18,6144,6503,359,gene
19,6144,6503,359,CDS
20,6559,8520,1961,gene
21,6559,8520,1961,CDS
22,8724,9557,833,gene
23,8724,9557,833,CDS
24,9617,11959,2342,gene
25,9617,11959,2342,CDS
26,11945,12643,698,gene
27,11945,12643,698,CDS
28,12649,13704,1055,gene
29,12649,13704,1055,CDS
30,13815,14225,410,gene
31,13815,14225,410,CDS
32,14217,14786,569,gene
33,14217,14786,569,CDS
34,14871,15932,1061,gene
35,14871,15932,1061,CDS
36,15963,16613,650,gene
37,15963,16613,650,CDS
38,16616,17254,638,gene
39,16616,17254,638,CDS
40,17251,17970,719,gene
41,17251,17970,719,CDS
42,17980,19908,1928,gene
43,17980,19908,1928,CDS
44,19939,20592,653,gene
45,19939,20592,653,CDS
46,20772,21659,887,gene
47,20772,21659,887,CDS
48,21622,22146,524,gene
49,21622,22146,524,CDS
50,22195,23814,1619,gene
51,22195,23814,1619,CDS
52,23811,26846,3035,gene
53,23811,26846,3035,CDS
54,26833,27501,668,gene
55,26833,27501,668,CDS
56,27498,28505,1007,gene
57,27498,28505,1007,CDS
58,28616,29668,1052,gene
59,28616,29668,1052,CDS
60,29625,30851,1226,gene
61,29625,30851,1226,CDS
62,30848,31507,659,gene
63,30848,31507,659,CDS
64,31566,31919,353,gene
65,31566,31919,353,CDS
66,32008,32250,242,gene
67,32008,32250,242,CDS
68,32269,33882,1613,gene
69,32269,33882,1613,CDS
70,34111,34881,770,gene
71,34111,34881,770,CDS
72,34855,35847,992,gene
73,34855,35847,992,CDS
74,35847,36569,722,gene
75,35847,36569,722,CDS
76,36601,37551,950,gene
77,36601,37551,950,CDS
78,37538,38041,503,gene
79,37538,38041,503,CDS
80,38089,38757,668,gene
81,38089,38757,668,CDS
82,38741,39001,260,gene
83,38741,39001,260,CDS
84,39046,39591,545,gene
85,39046,39591,545,CDS
86,39571,40020,449,gene
87,39571,40020,449,CDS
88,40157,41233,1076,gene
89,40157,41233,1076,CDS
90,41275,41595,320,gene
91,41275,41595,320,CDS
92,41766,42425,659,gene
93,41766,42425,659,CDS
94,42533,43492,959,gene
95,42533,43492,959,CDS
96,43486,44283,797,gene
97,43486,44283,797,CDS
98,44315,45034,719,gene
99,44315,45034,719,CDS
100,45031,46152,1121,gene
101,45031,46152,1121,CDS
102,46206,47255,1049,gene
103,46206,47255,1049,CDS
104,47244,48431,1187,gene
105,47244,48431,1187,CDS
106,48488,49069,581,gene
107,48488,49069,581,CDS
108,49114,49767,653,gene
109,49114,49767,653,CDS
110,49735,50331,596,gene
111,49735,50331,596,CDS
112,50472,50906,434,gene
113,50472,50906,434,CDS
114,50894,51910,1016,gene
115,50894,51910,1016,CDS
116,51915,52697,782,gene
117,51915,52697,782,CDS
118,52718,53254,536,gene
119,52718,53254,536,CDS
120,53228,55087,1859,gene
121,53228,55087,1859,CDS
122,55217,56476,1259,gene
123,55217,56476,1259,CDS
124,56469,58691,2222,gene
125,56469,58691,2222,CDS
126,58725,58967,242,gene
127,58725,58967,242,CDS
128,58964,59881,917,gene
129,58964,59881,917,CDS
130,59895,60947,1052,gene
131,59895,60947,1052,CDS
132,60924,61973,1049,gene
133,60924,61973,1049,CDS
134,61987,63220,1233,gene
135,61987,63220,1233,CDS
136,63348,64337,989,gene
137,63348,64337,989,CDS
138,64426,65283,857,gene
139,64426,65283,857,CDS
140,65283,65663,380,gene
141,65283,65663,380,CDS
142,65664,66587,923,gene
143,65664,66587,923,CDS
144,66679,67905,1226,gene
145,66679,67905,1226,CDS
146,67957,69705,1748,gene
147,67957,69705,1748,CDS
148,69746,70342,596,gene
149,69746,70342,596,CDS
150,70339,70812,473,gene
151,70339,70812,473,CDS
152,70904,71494,590,gene
153,70904,71494,590,CDS
154,71584,72951,1367,gene
155,71584,72951,1367,CDS
156,72979,73293,314,gene
157,72979,73293,314,CDS
158,73391,74749,1358,gene
159,73391,74749,1358,CDS
160,74733,76136,1403,gene
161,74733,76136,1403,CDS
162,76182,76544,362,gene
163,76182,76544,362,CDS
164,76591,76818,227,gene
165,76591,76818,227,CDS
166,76838,77179,341,gene
167,76838,77179,341,CDS
168,77325,77615,290,gene
169,77325,77615,290,CDS
170,77748,78611,863,gene
171,77748,78611,863,CDS
172,78608,80230,1622,gene
173,78608,80230,1622,CDS
174,80426,81790,1364,gene
175,80426,81790,1364,CDS
176,81815,82186,371,gene
177,81815,82186,371,CDS
178,82254,83168,914,gene
179,82254,83168,914,CDS
180,83155,85011,1856,gene
181,83155,85011,1856,CDS
182,85297,85575,278,gene
183,85297,85575,278,CDS
184,85576,85980,404,gene
185,85576,85980,404,CDS
186,86148,87023,875,gene
187,86148,87023,875,CDS
188,87084,88748,1664,gene
189,87084,88748,1664,CDS
190,89028,89270,242,gene
191,89028,89270,242,CDS
192,89350,90123,773,gene
193,89350,90123,773,CDS
194,90187,90999,812,gene
195,90187,90999,812,CDS
196,90981,91907,926,gene
197,90981,91907,926,CDS
198,91963,92352,389,gene
199,91963,92352,389,CDS
200,92550,94139,1589,gene
201,92550,94139,1589,CDS
202,94118,95284,1166,gene
203,94118,95284,1166,CDS
204,95509,96273,764,gene
205,95509,96273,764,CDS
206,96340,99750,3410,gene
207,96340,99750,3410,CDS
208,99793,100629,836,gene
209,99793,100629,836,CDS
210,100625,101530,905,gene
211,100625,101530,905,CDS
212,101569,102291,722,gene
213,101569,102291,722,CDS
214,102278,103108,830,gene
215,102278,103108,830,CDS
216,103223,103825,602,gene
217,103223,103825,602,CDS
218,103817,104068,251,gene
219,103817,104068,251,CDS
220,104147,104776,629,gene
221,104147,104776,629,CDS
222,104771,105094,323,gene
223,104771,105094,323,CDS
224,105189,105704,515,gene
225,105189,105704,515,CDS
226,105701,106255,554,gene
227,105701,106255,554,CDS
228,106399,107604,1205,gene
229,106399,107604,1205,CDS
230,107822,108862,1040,gene
231,107822,108862,1040,CDS
232,108893,110371,1478,gene
233,108893,110371,1478,CDS
234,110368,110973,605,gene
235,110368,110973,605,CDS
236,111015,111974,959,gene
237,111015,111974,959,CDS
238,111980,112996,1016,gene
239,111980,112996,1016,CDS
240,113022,114545,1523,gene
241,113022,114545,1523,CDS
242,114549,116477,1928,gene
243,114549,116477,1928,CDS
244,116536,117240,704,gene
245,116536,117240,704,CDS
246,117242,118750,1508,gene
247,117242,118750,1508,CDS
248,118747,120234,1487,gene
249,118747,120234,1487,CDS
250,120314,122122,1808,gene
251,120314,122122,1808,CDS
252,122148,123911,1763,gene
253,122148,123911,1763,CDS
254,123919,124416,497,gene
255,123919,124416,497,CDS
256,124435,125103,668,gene
257,124435,125103,668,CDS
258,125121,125819,698,gene
259,125121,125819,698,CDS
260,125837,126523,686,gene
261,125837,126523,686,CDS
262,126706,127635,929,gene
263,126706,127635,929,CDS
264,127754,128605,851,gene
265,127754,128605,851,CDS
266,128656,129615,959,gene
267,128656,129615,959,CDS
268,129607,130149,542,gene
269,129607,130149,542,CDS
270,130366,131544,1178,gene
271,130366,131544,1178,CDS
272,131633,131998,365,gene
273,131633,131998,365,CDS
274,131995,132750,755,gene
275,131995,132750,755,CDS
276,132781,133176,395,gene
277,132781,133176,395,CDS
278,133209,134228,1019,gene
279,133209,134228,1019,CDS
280,134586,135872,1286,gene
281,134586,135872,1286,CDS
282,135865,137001,1136,gene
283,135865,137001,1136,CDS
284,137078,137551,473,gene
285,137078,137551,473,CDS
286,137616,138134,518,gene
287,137616,138134,518,CDS
288,138191,141544,3353,gene
289,138191,141544,3353,CDS
290,141619,142947,1328,gene
291,141619,142947,1328,CDS
292,143077,143535,458,gene
293,143077,143535,458,CDS
294,143539,144495,956,gene
295,143539,144495,956,CDS
296,145104,146801,1697,gene
297,145104,146801,1697,CDS
298,146833,148578,1745,gene
299,146833,148578,1745,CDS
300,148590,148994,404,gene
301,148590,148994,404,CDS
302,149371,149748,377,gene
303,149371,149748,377,CDS
304,149895,151028,1133,gene
305,149895,151028,1133,CDS
306,151167,151538,371,gene
307,151167,151538,371,CDS
308,151690,152169,479,gene
309,151690,152169,479,CDS
310,152514,153659,1145,gene
311,152514,153659,1145,CDS
312,154075,154782,707,gene
313,154075,154782,707,CDS
314,154763,155611,848,gene
315,154763,155611,848,CDS
316,156003,156797,794,gene
317,156003,156797,794,CDS
318,156868,157590,722,gene
319,156868,157590,722,CDS
320,157576,159222,1646,gene
321,157576,159222,1646,CDS
322,159219,160148,929,gene
323,159219,160148,929,CDS
324,160153,161559,1406,gene
325,160153,161559,1406,CDS
326,161930,163387,1457,gene
327,161930,163387,1457,CDS
328,163634,166012,2378,gene
329,163634,166012,2378,CDS
330,166084,166791,707,gene
331,166084,166791,707,CDS
332,166817,167467,650,gene
333,166817,167467,650,CDS
334,167427,167726,299,gene
335,167427,167726,299,CDS
336,167846,169594,1748,gene
337,167846,169594,1748,CDS
338,169566,170330,764,gene
339,169566,170330,764,CDS
340,170327,170611,284,gene
341,170327,170611,284,CDS
342,170974,173289,2315,gene
343,170974,173289,2315,CDS
344,173514,174665,1151,gene
345,173514,174665,1151,CDS
346,174763,175779,1016,gene
347,174763,175779,1016,CDS
348,175776,177200,1424,gene
349,175776,177200,1424,CDS
350,177200,178186,986,gene
351,177200,178186,986,CDS
352,178179,179123,944,gene
353,178179,179123,944,CDS
354,179127,179639,512,gene
355,179127,179639,512,CDS
356,179938,180258,320,gene
357,179938,180258,320,CDS
358,180503,180688,185,gene
359,180503,180688,185,CDS
360,180978,181598,620,gene
361,180978,181598,620,CDS
362,181591,181842,251,gene
363,181591,181842,251,CDS
364,181860,182795,935,gene
365,181860,182795,935,CDS
366,182782,183504,722,gene
367,182782,183504,722,CDS
368,183756,184055,299,gene
369,183756,184055,299,CDS
370,184685,184912,227,gene
371,184685,184912,227,CDS
372,184899,185240,341,gene
373,184899,185240,341,CDS
374,185322,186470,1148,gene
375,185322,186470,1148,CDS
376,186655,187059,404,gene
377,186655,187059,404,CDS
378,187179,189941,2762,gene
379,187179,189941,2762,CDS
380,189934,190266,332,gene
381,189934,190266,332,CDS
382,190514,191689,1175,gene
383,190514,191689,1175,CDS
384,191686,192816,1130,gene
385,191686,192816,1130,CDS
386,192890,194881,1991,gene
387,192890,194881,1991,CDS
388,195005,195313,308,gene
389,195005,195313,308,CDS
390,195402,196898,1496,gene
391,195402,196898,1496,CDS
392,196899,197318,419,gene
393,196899,197318,419,CDS
394,197436,197825,389,gene
395,197436,197825,389,CDS
396,197822,198199,377,gene
397,197822,198199,377,CDS
398,198282,199511,1229,gene
399,198282,199511,1229,CDS
400,199556,201160,1604,gene
401,199556,201160,1604,CDS
402,201244,201498,254,gene
403,201244,201498,254,CDS
404,201571,202050,479,gene
405,201571,202050,479,CDS
406,202193,202663,470,gene
407,202193,202663,470,CDS
408,202705,202986,281,gene
409,202705,202986,281,CDS
410,203033,203458,425,gene
411,203033,203458,425,CDS
412,203551,205347,1796,gene
413,203551,205347,1796,CDS
414,205428,205847,419,gene
415,205428,205847,419,CDS
416,206498,206902,404,gene
417,206498,206902,404,CDS
418,206991,207374,383,gene
419,206991,207374,383,CDS
420,207350,207577,227,gene
421,207350,207577,227,CDS
422,207711,208277,566,gene
423,207711,208277,566,CDS
424,208321,208896,575,gene
425,208321,208896,575,CDS
426,209005,209247,242,gene
427,209005,209247,242,CDS
428,209231,209629,398,gene
429,209231,209629,398,CDS
430,209698,212223,2525,gene
431,209698,212223,2525,CDS
432,212389,213093,704,gene
433,212389,213093,704,CDS
434,213117,213449,332,gene
435,213117,213449,332,CDS
436,213515,213923,408,gene
437,213515,213923,408,CDS
438,214481,215617,1136,gene
439,214481,215617,1136,CDS
440,215710,216282,572,gene
441,215710,216282,572,CDS
442,216387,216995,608,gene
443,216387,216995,608,CDS
444,217178,218296,1118,gene
445,217178,218296,1118,CDS
446,218437,218739,302,gene
447,218437,218739,302,CDS
448,218915,219607,692,gene
449,218915,219607,692,CDS
450,219576,220022,446,gene
451,219576,220022,446,CDS
452,220136,220885,749,gene
453,220136,220885,749,CDS
454,220882,221718,836,gene
455,220882,221718,836,CDS
456,221883,222077,194,gene
457,221883,222077,194,CDS
458,222072,222617,545,gene
459,222072,222617,545,CDS
460,222644,223792,1148,gene
461,222644,223792,1148,CDS
462,223832,224190,358,gene
463,223832,224190,358,CDS
464,224206,224445,239,gene
465,224206,224445,239,CDS
466,224695,224991,296,gene
467,224695,224991,296,CDS
468,225185,225445,260,gene
469,225185,225445,260,CDS
470,225682,226644,962,gene
471,225682,226644,962,CDS
472,226641,227012,371,gene
473,226641,227012,371,CDS
474,227238,227756,518,gene
475,227238,227756,518,CDS
476,227883,228269,386,gene
477,227883,228269,386,CDS
478,228270,229418,1148,gene
479,228270,229418,1148,CDS
480,229418,229654,236,gene
481,229418,229654,236,CDS
482,229743,231002,1259,gene
483,229743,231002,1259,CDS
484,230992,231597,605,gene
485,230992,231597,605,CDS
486,231603,232412,809,gene
487,231603,232412,809,CDS
488,232451,236155,3704,gene
489,232451,236155,3704,CDS
490,236159,237253,1094,gene
491,236159,237253,1094,CDS
492,237408,238058,650,gene
493,237408,238058,650,CDS
494,238189,238713,524,gene
495,238189,238713,524,CDS
496,238719,239219,500,gene
497,238719,239219,500,CDS
498,239216,239947,731,gene
499,239216,239947,731,CDS
500,240293,240580,287,gene
501,240293,240580,287,CDS
502,240636,240974,338,gene
503,240636,240974,338,CDS
504,240958,241791,833,gene
505,240958,241791,833,CDS
506,242023,242724,701,gene
507,242023,242724,701,CDS
508,242721,243077,356,gene
509,242721,243077,356,CDS
510,243014,243397,383,gene
511,243014,243397,383,CDS
512,243583,243876,293,gene
513,243583,243876,293,CDS
514,243961,244467,506,gene
515,243961,244467,506,CDS
516,244594,244878,284,gene
517,244594,244878,284,CDS
518,244875,246719,1844,gene
519,244875,246719,1844,CDS
520,247358,248368,1010,gene
521,247358,248368,1010,CDS
522,248702,248838,136,gene
523,248702,248838,136,CDS
524,248928,249308,380,gene
525,248928,249308,380,CDS
526,249265,249642,377,gene
527,249265,249642,377,CDS
528,250100,252355,2255,gene
529,250100,252355,2255,CDS
530,252348,252512,164,gene
531,252348,252512,164,CDS
532,252598,253116,518,gene
533,252598,253116,518,CDS
534,253452,253799,347,gene
535,253452,253799,347,CDS
536,253775,254162,387,gene
537,253775,254162,387,CDS
538,254288,254500,212,gene
539,254288,254500,212,CDS
540,254587,255438,851,gene
541,254587,255438,851,CDS
542,255438,256619,1181,gene
543,255438,256619,1181,CDS
544,256670,257170,500,gene
545,256670,257170,500,CDS
546,257294,257483,189,gene
547,257294,257483,189,CDS
548,257650,257886,236,gene
549,257650,257886,236,CDS
550,257864,258262,398,gene
551,257864,258262,398,CDS
552,258592,258771,179,gene
553,258592,258771,179,CDS
554,258960,260666,1706,gene
555,258960,260666,1706,CDS
556,260745,261443,698,gene
557,260745,261443,698,CDS
558,261440,261850,410,gene
559,261440,261850,410,CDS
560,261838,262239,401,gene
561,261838,262239,401,CDS
562,262389,263798,1409,gene
563,262389,263798,1409,CDS
564,264044,264571,527,gene
565,264044,264571,527,CDS
566,264602,265876,1274,gene
567,264602,265876,1274,CDS
568,265908,266216,308,gene
569,265908,266216,308,CDS
570,266747,266851,104,gene
571,266747,266851,104,CDS
572,267179,268666,1487,gene
573,267179,268666,1487,CDS
574,268711,270249,1538,gene
575,268711,270249,1538,CDS
576,270327,270740,413,gene
577,270327,270740,413,CDS
578,270840,271103,263,gene
579,270840,271103,263,CDS
580,271198,271563,365,gene
581,271198,271563,365,CDS
582,271911,272234,323,gene
583,271911,272234,323,CDS
584,272221,272601,380,gene
585,272221,272601,380,CDS
586,272638,274101,1463,gene
587,272638,274101,1463,CDS
588,274141,274346,205,gene
589,274141,274346,205,CDS
590,274516,274926,410,gene
591,274516,274926,410,CDS
592,275006,275512,506,gene
593,275006,275512,506,CDS
594,275517,276665,1148,gene
595,275517,276665,1148,CDS
596,276693,277004,311,gene
597,276693,277004,311,CDS
598,277365,278912,1547,gene
599,277365,278912,1547,CDS
600,278909,279802,893,gene
601,278909,279802,893,CDS
602,279813,280673,860,gene
603,279813,280673,860,CDS
604,280674,281756,1082,gene
605,280674,281756,1082,CDS
606,281830,283623,1793,gene
607,281830,283623,1793,CDS
608,283603,285228,1625,gene
609,283603,285228,1625,CDS
610,285447,286598,1151,gene
611,285447,286598,1151,CDS
612,286731,287615,884,gene
613,286731,287615,884,CDS
614,287761,288153,392,gene
615,287761,288153,392,CDS
616,288146,288946,800,gene
617,288146,288946,800,CDS
618,288934,290244,1310,gene
619,288934,290244,1310,CDS
620,290455,291651,1196,gene
621,290455,291651,1196,CDS
622,291544,291965,421,gene
623,291544,291965,421,CDS
624,292105,292347,242,gene
625,292105,292347,242,CDS
626,292557,292716,159,gene
627,292557,292716,159,CDS
628,292706,292891,185,gene
629,292706,292891,185,CDS
630,293058,294887,1829,gene
631,293058,294887,1829,CDS
632,294874,295767,893,gene
633,294874,295767,893,CDS
634,296310,297071,761,gene
635,296310,297071,761,CDS
636,297164,297586,422,gene
637,297164,297586,422,CDS
638,297588,298721,1133,gene
639,297588,298721,1133,CDS
640,298805,300127,1322,gene
641,298805,300127,1322,CDS
642,300274,301161,887,gene
643,300274,301161,887,CDS
644,301392,301982,590,gene
645,301392,301982,590,CDS
646,301969,302304,335,gene
647,301969,302304,335,CDS
648,302394,303554,1160,gene
649,302394,303554,1160,CDS
650,303690,304013,323,gene
651,303690,304013,323,CDS
652,304081,304995,914,gene
653,304081,304995,914,CDS
654,305201,305509,308,gene
655,305201,305509,308,CDS
656,305496,305957,461,gene
657,305496,305957,461,CDS
658,306030,307618,1588,gene
659,306030,307618,1588,CDS
660,307960,308487,527,gene
661,307960,308487,527,CDS
662,309005,309233,228,gene
663,309005,309233,228,CDS
664,309312,310253,941,gene
665,309312,310253,941,CDS
666,310369,311787,1418,gene
667,310369,311787,1418,CDS
668,312030,312329,299,gene
669,312030,312329,299,CDS
670,312314,313480,1166,gene
671,312314,313480,1166,CDS
672,313498,314628,1130,gene
673,313498,314628,1130,CDS
674,314642,315289,647,gene
675,314642,315289,647,CDS
676,315299,315799,500,gene
677,315299,315799,500,CDS
678,315856,316608,752,gene
679,315856,316608,752,CDS
680,316644,318080,1436,gene
681,316644,318080,1436,CDS
682,318086,319231,1145,gene
683,318086,319231,1145,CDS
684,319350,320213,863,gene
685,319350,320213,863,CDS
686,320187,322175,1988,gene
687,320187,322175,1988,CDS
688,322239,322517,278,gene
689,322239,322517,278,CDS
690,322484,323701,1217,gene
691,322484,323701,1217,CDS
692,323785,324507,722,gene
693,323785,324507,722,CDS
694,324514,326271,1757,gene
695,324514,326271,1757,CDS
696,326306,327418,1112,gene
697,326306,327418,1112,CDS
698,327396,329354,1958,gene
699,327396,329354,1958,CDS
700,329355,331409,2054,gene
701,329355,331409,2054,CDS
702,331930,334803,2873,gene
703,331930,334803,2873,CDS
704,335153,335650,497,gene
705,335153,335650,497,CDS
706,335650,336570,920,gene
707,335650,336570,920,CDS
708,336664,336849,185,gene
709,336664,336849,185,CDS
710,336940,337242,302,gene
711,336940,337242,302,CDS
712,337343,338296,953,gene
713,337343,338296,953,CDS
714,338277,339233,956,gene
715,338277,339233,956,CDS
716,339240,340235,995,gene
717,339240,340235,995,CDS
718,340655,341692,1037,gene
719,340655,341692,1037,CDS
720,341813,343774,1961,gene
721,341813,343774,1961,CDS
722,344019,345149,1130,gene
723,344019,345149,1130,CDS
724,345198,347720,2522,gene
725,345198,347720,2522,CDS
726,347686,349623,1937,gene
727,347686,349623,1937,CDS
728,349911,350426,515,gene
729,349911,350426,515,CDS
730,350416,350883,467,gene
731,350416,350883,467,CDS
732,351000,351326,326,gene
733,351000,351326,326,CDS
734,351326,351679,353,gene
735,351326,351679,353,CDS
736,351808,351993,185,gene
737,351808,351993,185,CDS
738,352107,352523,416,gene
739,352107,352523,416,CDS
740,352510,352770,260,gene
741,352510,352770,260,CDS
742,352956,353348,392,gene
743,352956,353348,392,CDS
744,353338,353580,242,gene
745,353338,353580,242,CDS
746,353803,354336,533,gene
747,353803,354336,533,CDS
748,354893,358233,3340,repeat_region
749,358275,358829,554,gene
750,358275,358829,554,CDS
751,359633,360886,1253,gene
752,359633,360886,1253,CDS
753,361083,361295,212,gene
754,361083,361295,212,CDS
755,361302,361856,554,gene
756,361302,361856,554,CDS
757,361934,362164,230,gene
758,361934,362164,230,CDS
759,362225,362617,392,gene
760,362225,362617,392,CDS
761,362959,365517,2558,gene
762,362959,365517,2558,CDS
763,365504,366034,530,gene
764,365504,366034,530,CDS
765,366015,366977,962,gene
766,366015,366977,962,CDS
767,366946,367326,380,gene
768,366946,367326,380,CDS
769,367331,368071,740,gene
770,367331,368071,740,CDS
771,368068,368880,812,gene
772,368068,368880,812,CDS
773,368856,369587,731,gene
774,368856,369587,731,CDS
775,369562,369897,335,gene
776,369562,369897,335,CDS
777,371234,372035,801,repeat_region
778,372590,373471,881,gene
779,372590,373471,881,CDS
780,373629,374873,1244,gene
781,373629,374873,1244,CDS
782,374960,375199,239,gene
783,374960,375199,239,CDS
784,375178,375555,377,gene
785,375178,375555,377,CDS
786,375776,376528,752,gene
787,375776,376528,752,CDS
788,376592,376882,290,gene
789,376592,376882,290,CDS
790,376884,377783,899,gene
791,376884,377783,899,CDS
792,378318,378863,545,repeat_region
793,378967,379749,782,gene
794,378967,379749,782,CDS
795,380253,381488,1235,gene
796,380253,381488,1235,CDS
797,381664,382679,1015,gene
798,381664,382679,1015,CDS
799,383662,384720,1058,gene
800,383662,384720,1058,CDS
801,385257,386429,1172,gene
802,385257,386429,1172,CDS
803,386923,387255,332,gene
804,386923,387255,332,CDS
805,387352,387648,296,gene
806,387352,387648,296,CDS
807,387696,390212,2516,gene
808,387696,390212,2516,CDS
809,390274,391587,1313,gene
810,390274,391587,1313,CDS
811,391601,392191,590,gene
812,391601,392191,590,CDS
813,392501,393056,555,gene
814,392501,393056,555,CDS
815,393236,394384,1148,gene
816,393236,394384,1148,CDS
817,394529,394762,233,gene
818,394529,394762,233,CDS
819,394755,395141,386,gene
820,394755,395141,386,CDS
821,395359,396684,1325,gene
822,395359,396684,1325,CDS
823,396656,397226,570,gene
824,396656,397226,570,CDS
825,397411,398661,1250,gene
826,397411,398661,1250,CDS
827,398863,399153,290,gene
828,398863,399153,290,CDS
829,399137,399520,383,gene
830,399137,399520,383,CDS
831,399653,399889,236,gene
832,399653,399889,236,CDS
833,399871,401535,1664,gene
834,399871,401535,1664,CDS
835,401655,402098,443,gene
836,401655,402098,443,CDS
837,402171,402683,512,gene
838,402171,402683,512,CDS
839,402828,404117,1289,gene
840,402828,404117,1289,CDS
841,404095,404664,569,gene
842,404095,404664,569,CDS
843,404708,404896,188,gene
844,404708,404896,188,CDS
845,405110,405694,584,gene
846,405110,405694,584,CDS
847,405807,406850,1043,gene
848,405807,406850,1043,CDS
849,407393,408537,1144,gene
850,407393,408537,1144,CDS
851,408675,409856,1181,gene
852,408675,409856,1181,CDS
853,410089,410358,269,gene
854,410089,410358,269,CDS
855,410345,410734,389,gene
856,410345,410734,389,CDS
857,410775,411398,623,gene
858,410775,411398,623,CDS
859,411452,411814,362,gene
860,411452,411814,362,CDS
861,411951,412157,206,gene
862,411951,412157,206,CDS
863,413330,414514,1184,gene
864,413330,414514,1184,CDS
865,414542,414958,416,gene
866,414542,414958,416,CDS
867,415307,415552,245,gene
868,415307,415552,245,CDS
869,415558,415788,230,gene
870,415558,415788,230,CDS
871,416457,417566,1109,gene
872,416457,417566,1109,CDS
873,417721,417864,143,gene
874,417721,417864,143,CDS
875,417858,418121,263,gene
876,417858,418121,263,CDS
877,418118,419713,1595,gene
878,418118,419713,1595,CDS
879,420341,421672,1331,gene
880,420341,421672,1331,CDS
881,421854,422378,524,gene
882,421854,422378,524,CDS
883,422353,422652,299,gene
884,422353,422652,299,CDS
885,422896,424641,1745,gene
886,422896,424641,1745,CDS
887,424630,425103,473,gene
888,424630,425103,473,CDS
889,425105,425602,497,gene
890,425105,425602,497,CDS
891,425792,427117,1325,gene
892,425792,427117,1325,CDS
893,427114,427422,308,gene
894,427114,427422,308,CDS
895,427453,428382,929,gene
896,427453,428382,929,CDS
897,428562,430025,1463,gene
898,428562,430025,1463,CDS
899,430157,430765,608,gene
900,430157,430765,608,CDS
901,431509,432066,557,gene
902,431509,432066,557,CDS
903,432114,432317,203,gene
904,432114,432317,203,CDS
905,432312,433997,1685,gene
906,432312,433997,1685,CDS
907,434260,435156,896,gene
908,434260,435156,896,CDS
909,435648,436313,665,gene
910,435648,436313,665,CDS
911,436376,436515,139,gene
912,436376,436515,139,CDS
913,436697,437932,1235,gene
914,436697,437932,1235,CDS
915,437877,439697,1820,gene
916,437877,439697,1820,CDS
917,439729,440070,341,gene
918,439729,440070,341,CDS
919,440066,440443,377,gene
920,440066,440443,377,CDS
921,440511,441293,782,gene
922,440511,441293,782,CDS
923,441406,442575,1169,gene
924,441406,442575,1169,CDS
925,442826,443959,1133,gene
926,442826,443959,1133,CDS
927,443975,444601,626,gene
928,443975,444601,626,CDS
929,444558,445178,620,gene
930,444558,445178,620,CDS
931,445159,445776,617,gene
932,445159,445776,617,CDS
933,445760,446398,638,gene
934,445760,446398,638,CDS
935,446395,447657,1262,gene
936,446395,447657,1262,CDS
937,447658,448134,476,gene
938,447658,448134,476,CDS
939,448180,448554,374,gene
940,448180,448554,374,CDS
941,448585,449961,1376,gene
942,448585,449961,1376,CDS
943,450548,451732,1184,gene
944,450548,451732,1184,CDS
945,451863,453152,1289,gene
946,451863,453152,1289,CDS
947,453193,454218,1025,gene
948,453193,454218,1025,CDS
949,454215,454868,653,gene
950,454215,454868,653,CDS
951,454928,455614,686,gene
952,454928,455614,686,CDS
953,455647,457047,1400,gene
954,455647,457047,1400,CDS
955,457216,457656,440,gene
956,457216,457656,440,CDS
957,457731,458255,524,gene
958,457731,458255,524,CDS
959,458342,458612,270,gene
960,458342,458612,270,CDS
961,459040,459546,506,gene
962,459040,459546,506,CDS
963,459616,459849,233,gene
964,459616,459849,233,CDS
965,460288,460494,206,gene
966,460288,460494,206,CDS
967,460528,460812,284,gene
968,460528,460812,284,CDS
969,460802,461200,398,gene
970,460802,461200,398,CDS
971,461225,461599,374,gene
972,461225,461599,374,CDS
973,461633,461935,302,gene
974,461633,461935,302,CDS
975,462146,462453,307,gene
976,462146,462453,307,ncRNA
977,462476,463384,908,gene
978,462476,463384,908,CDS
979,463389,464948,1559,gene
980,463389,464948,1559,CDS
981,465025,465522,497,gene
982,465025,465522,497,CDS
983,465496,466302,806,gene
984,465496,466302,806,CDS
985,466337,467203,866,gene
986,466337,467203,866,CDS
987,467239,467910,671,gene
988,467239,467910,671,CDS
989,468138,469274,1136,gene
990,468138,469274,1136,CDS
991,469248,470471,1223,gene
992,469248,470471,1223,CDS
993,470495,471352,857,gene
994,470495,471352,857,CDS
995,471396,471770,374,gene
996,471396,471770,374,CDS
997,471776,473587,1811,gene
998,471776,473587,1811,CDS
999,473584,474693,1109,gene
1000,473584,474693,1109,CDS
1001,474741,476051,1310,gene
1002,474741,476051,1310,CDS
1003,476101,476538,437,gene
1004,476101,476538,437,CDS
1005,476531,477454,923,gene
1006,476531,477454,923,CDS
1007,477475,478875,1400,gene
1008,477475,478875,1400,CDS
1009,478856,479281,425,gene
1010,478856,479281,425,CDS
1011,479323,480660,1337,gene
1012,479323,480660,1337,CDS
1013,480725,481990,1265,gene
1014,480725,481990,1265,CDS
1015,481928,482233,305,gene
1016,481928,482233,305,CDS
1017,482236,483726,1490,gene
1018,482236,483726,1490,CDS
1019,483838,484620,782,gene
1020,483838,484620,782,CDS
1021,484598,485224,626,gene
1022,484598,485224,626,CDS
1023,485224,486678,1454,gene
1024,485224,486678,1454,CDS
1025,486921,487406,485,gene
1026,486921,487406,485,CDS
1027,487446,487754,308,gene
1028,487446,487754,308,CDS
1029,487734,488645,911,gene
1030,487734,488645,911,CDS
1031,488695,489090,395,gene
1032,488695,489090,395,CDS
1033,489165,490655,1490,gene
1034,489165,490655,1490,CDS
1035,490678,491544,866,gene
1036,490678,491544,866,CDS
1037,491592,492155,563,gene
1038,491592,492155,563,CDS
1039,492254,492664,410,gene
1040,492254,492664,410,CDS
1041,492654,492944,290,gene
1042,492654,492944,290,CDS
1043,493051,493476,425,gene
1044,493051,493476,425,CDS
1045,493535,494380,845,gene
1046,493535,494380,845,CDS
1047,494382,495017,635,gene
1048,494382,495017,635,CDS
1049,495017,495604,587,gene
1050,495017,495604,587,CDS
1051,495764,496993,1229,gene
1052,495764,496993,1229,CDS
1053,497159,497920,761,gene
1054,497159,497920,761,CDS
1055,497908,498699,791,gene
1056,497908,498699,791,CDS
1057,498766,499395,629,gene
1058,498766,499395,629,CDS
1059,499385,499831,446,gene
1060,499385,499831,446,CDS
1061,499867,500847,980,gene
1062,499867,500847,980,CDS
1063,500844,502196,1352,gene
1064,500844,502196,1352,CDS
1065,502177,502626,449,gene
1066,502177,502626,449,CDS
1067,502623,502856,233,gene
1068,502623,502856,233,CDS
1069,502861,504099,1238,gene
1070,502861,504099,1238,CDS
1071,504145,504648,503,gene
1072,504145,504648,503,CDS
1073,504669,505208,539,gene
1074,504669,505208,539,CDS
1075,505189,507249,2060,gene
1076,505189,507249,2060,CDS
1077,507246,507461,215,gene
1078,507246,507461,215,CDS
1079,507506,507841,335,gene
1080,507506,507841,335,CDS
1081,507850,508344,494,gene
1082,507850,508344,494,CDS
1083,508326,508877,551,gene
1084,508326,508877,551,CDS
1085,508896,509450,554,gene
1086,508896,509450,554,CDS
1087,509444,510475,1031,gene
1088,509444,510475,1031,CDS
1089,510469,511038,569,gene
1090,510469,511038,569,CDS
1091,511007,511354,347,gene
1092,511007,511354,347,CDS
1093,511413,511682,269,gene
1094,511413,511682,269,CDS
1095,511717,511801,84,gene
1096,511717,511801,84,tRNA
1097,511783,512550,767,gene
1098,511783,512550,767,CDS
1099,512703,513650,947,gene
1100,512703,513650,947,CDS
1101,513637,515847,2210,gene
1102,513637,515847,2210,CDS
1103,515947,517107,1160,gene
1104,515947,517107,1160,CDS
1105,517081,517524,443,gene
1106,517081,517524,443,CDS
1107,517563,517934,371,gene
1108,517563,517934,371,CDS
1109,518077,518502,425,gene
1110,518077,518502,425,CDS
1111,518541,519773,1232,gene
1112,518541,519773,1232,CDS
1113,519753,520445,692,gene
1114,519753,520445,692,CDS
1115,520432,521487,1055,gene
1116,520432,521487,1055,CDS
1117,521649,522161,512,gene
1118,521649,522161,512,CDS
1119,522140,523327,1187,gene
1120,522140,523327,1187,CDS
1121,523373,523768,395,gene
1122,523373,523768,395,CDS
1123,523761,524396,635,gene
1124,523761,524396,635,CDS
1125,524397,524651,254,gene
1126,524397,524651,254,CDS
1127,524752,525171,419,gene
1128,524752,525171,419,CDS
1129,525150,525566,416,gene
1130,525150,525566,416,CDS
1131,525563,526258,695,gene
1132,525563,526258,695,CDS
1133,526261,526959,698,gene
1134,526261,526959,698,CDS
1135,526949,527443,494,gene
1136,526949,527443,494,CDS
1137,527469,528623,1154,gene
1138,527469,528623,1154,CDS
1139,528583,529170,587,gene
1140,528583,529170,587,CDS
1141,529447,529905,458,gene
1142,529447,529905,458,CDS
1143,529902,530570,668,gene
1144,529902,530570,668,CDS
1145,530540,531766,1226,gene
1146,530540,531766,1226,CDS
1147,531763,532146,383,gene
1148,531763,532146,383,CDS
1149,532394,532561,167,gene
1150,532394,532561,167,CDS
1151,532596,533327,731,gene
1152,532596,533327,731,CDS
1153,533372,533566,194,gene
1154,533372,533566,194,CDS
1155,533568,534602,1034,gene
1156,533568,534602,1034,CDS
1157,534647,536410,1763,gene
1158,534647,536410,1763,CDS
1159,537266,537350,84,gene
1160,537266,537350,84,tRNA
1161,537536,538417,881,gene
1162,537536,538417,881,CDS
1163,538472,539101,629,gene
1164,538472,539101,629,CDS
1165,539110,540174,1064,gene
1166,539110,540174,1064,CDS
1167,540203,542140,1937,gene
1168,540203,542140,1937,CDS
1169,542202,543347,1145,gene
1170,542202,543347,1145,CDS
1171,543331,544041,710,gene
1172,543331,544041,710,CDS
1173,544034,544300,266,gene
1174,544034,544300,266,CDS
1175,544356,545054,698,gene
1176,544356,545054,698,CDS
1177,544996,545601,605,gene
1178,544996,545601,605,CDS
1179,545588,546967,1379,gene
1180,545588,546967,1379,CDS
1181,547002,549623,2621,gene
1182,547002,549623,2621,CDS
1183,549540,549884,344,gene
1184,549540,549884,344,CDS
1185,549872,550774,902,gene
1186,549872,550774,902,CDS
1187,550810,551508,698,gene
1188,550810,551508,698,CDS
1189,551570,551959,389,gene
1190,551570,551959,389,CDS
1191,551933,552289,356,gene
1192,551933,552289,356,CDS
1193,552343,553227,884,gene
1194,552343,553227,884,CDS
1195,553200,554408,1208,gene
1196,553200,554408,1208,CDS
1197,554443,555249,806,gene
1198,554443,555249,806,CDS
1199,555221,555994,773,gene
1200,555221,555994,773,CDS
1201,555996,557615,1619,gene
1202,555996,557615,1619,CDS
1203,557616,559022,1406,gene
1204,557616,559022,1406,CDS
1205,559027,559707,680,gene
1206,559027,559707,680,CDS
1207,559746,560639,893,gene
1208,559746,560639,893,CDS
1209,560697,561842,1145,gene
1210,560697,561842,1145,CDS
1211,561855,562046,191,gene
1212,561855,562046,191,CDS
1213,562080,562198,118,gene
1214,562080,562198,118,rRNA
1215,562230,563408,1178,gene
1216,562230,563408,1178,CDS
1217,563405,564094,689,gene
1218,563405,564094,689,CDS
1219,564078,565790,1712,gene
1220,564078,565790,1712,CDS
1221,566306,566521,215,gene
1222,566306,566521,215,CDS
1223,566484,566556,72,gene
1224,566484,566556,72,tRNA
1225,566733,567110,377,gene
1226,566733,567110,377,CDS
1227,567695,567769,74,gene
1228,567695,567769,74,tRNA
1229,567863,569227,1364,gene
1230,567863,569227,1364,CDS
1231,569224,569613,389,gene
1232,569224,569613,389,CDS
1233,569655,570077,422,gene
1234,569655,570077,422,CDS
1235,570143,570628,485,gene
1236,570143,570628,485,CDS
1237,570644,571321,677,gene
1238,570644,571321,677,CDS
1239,571411,573006,1595,gene
1240,571411,573006,1595,CDS
1241,572968,573276,308,gene
1242,572968,573276,308,CDS
1243,573383,573646,263,gene
1244,573383,573646,263,CDS
1245,573678,574889,1211,gene
1246,573678,574889,1211,CDS
1247,574863,576695,1832,gene
1248,574863,576695,1832,CDS
1249,576692,577561,869,gene
1250,576692,577561,869,CDS
1251,577595,579295,1700,gene
1252,577595,579295,1700,CDS
1253,579345,579593,248,gene
1254,579345,579593,248,CDS
1255,579595,580134,539,gene
1256,579595,580134,539,CDS
1257,580028,580693,665,gene
1258,580028,580693,665,CDS
1259,580891,581601,710,gene
1260,580891,581601,710,CDS
1261,581656,582351,695,gene
1262,581656,582351,695,CDS
1263,582323,582859,536,gene
1264,582323,582859,536,CDS
1265,582996,584798,1802,gene
1266,582996,584798,1802,CDS
1267,584830,585819,989,gene
1268,584830,585819,989,CDS
1269,585816,586919,1103,gene
1270,585816,586919,1103,CDS
1271,586921,588321,1400,gene
1272,586921,588321,1400,CDS
1273,588318,589913,1595,gene
1274,588318,589913,1595,CDS
1275,589923,590177,254,gene
1276,589923,590177,254,CDS
1277,590174,590836,662,gene
1278,590174,590836,662,CDS
1279,590817,591695,878,gene
1280,590817,591695,878,CDS
1281,591692,592942,1250,gene
1282,591692,592942,1250,CDS
1283,592939,593952,1013,gene
1284,592939,593952,1013,CDS
1285,593867,595126,1259,gene
1286,593867,595126,1259,CDS
1287,595110,595769,659,gene
1288,595110,595769,659,CDS
1289,595822,596877,1055,gene
1290,595822,596877,1055,CDS
1291,596874,597104,230,gene
1292,596874,597104,230,CDS
1293,597110,599413,2303,gene
1294,597110,599413,2303,CDS
1295,599465,599740,275,gene
1296,599465,599740,275,CDS
1297,599755,599952,197,gene
1298,599755,599952,197,CDS
1299,600016,600375,359,gene
1300,600016,600375,359,CDS
1301,600366,601472,1106,gene
1302,600366,601472,1106,CDS
1303,601469,602761,1292,gene
1304,601469,602761,1292,CDS
1305,602762,603268,506,gene
1306,602762,603268,506,CDS
1307,603340,603510,170,gene
1308,603340,603510,170,CDS
1309,603497,604060,563,gene
1310,603497,604060,563,CDS
1311,604182,605804,1622,gene
1312,604182,605804,1622,CDS
1313,605928,606263,335,gene
1314,605928,606263,335,CDS
1315,606762,606836,74,gene
1316,606762,606836,74,tRNA
1317,606896,608812,1916,gene
1318,606896,608812,1916,CDS
1319,608883,609926,1043,gene
1320,608883,609926,1043,CDS
1321,609919,610614,695,gene
1322,609919,610614,695,CDS
1323,610712,611959,1247,gene
1324,610712,611959,1247,CDS
1325,612008,612094,86,gene
1326,612008,612045,37,tRNA
1327,612059,612094,35,tRNA
1328,612119,612238,119,gene
1329,612119,612238,119,CDS
1330,612377,612940,563,gene
1331,612377,612940,563,CDS
1332,613060,613959,899,gene
1333,613060,613959,899,CDS
1334,613926,614834,908,gene
1335,613926,614834,908,CDS
1336,614794,615708,914,gene
1337,614794,615708,914,CDS
1338,615644,616138,494,gene
1339,615644,616138,494,CDS
1340,616115,616624,509,gene
1341,616115,616624,509,CDS
1342,616673,617905,1232,gene
1343,616673,617905,1232,CDS
1344,617916,617989,73,gene
1345,617916,617989,73,tRNA
1346,618207,618343,136,gene
1347,618207,618343,136,CDS
1348,618384,618459,75,gene
1349,618384,618459,75,tRNA
1350,618495,619487,992,gene
1351,618495,619487,992,CDS
1352,619451,620431,980,gene
1353,619451,620431,980,CDS
1354,620431,621528,1097,gene
1355,620431,621528,1097,CDS
1356,621515,622201,686,gene
1357,621515,622201,686,CDS
1358,622153,622809,656,gene
1359,622153,622809,656,CDS
1360,622787,623641,854,gene
1361,622787,623641,854,CDS
1362,623638,624318,680,gene
1363,623638,624318,680,CDS
1364,624330,624530,200,gene
1365,624330,624530,200,CDS
1366,624536,624955,419,gene
1367,624536,624955,419,CDS
1368,624933,625388,455,gene
1369,624933,625388,455,CDS
1370,625385,625732,347,gene
1371,625385,625732,347,CDS
1372,625729,626511,782,gene
1373,625729,626511,782,CDS
1374,626513,626911,398,gene
1375,626513,626911,398,CDS
1376,626895,627458,563,gene
1377,626895,627458,563,CDS
1378,627469,627975,506,gene
1379,627469,627975,506,CDS
1380,627995,629257,1262,gene
1381,627995,629257,1262,CDS
1382,629293,629697,404,gene
1383,629293,629697,404,CDS
1384,629778,630065,287,gene
1385,629778,630065,287,CDS
1386,630110,631177,1067,gene
1387,630110,631177,1067,CDS
1388,631183,632379,1196,gene
1389,631183,632379,1196,CDS
1390,632369,634711,2342,gene
1391,632369,634711,2342,CDS
1392,634743,635201,458,gene
1393,634743,635201,458,CDS
1394,635226,636242,1016,gene
1395,635226,636242,1016,CDS
1396,636213,637235,1022,gene
1397,636213,637235,1022,CDS
1398,637201,637737,536,gene
1399,637201,637737,536,CDS
1400,637724,638386,662,gene
1401,637724,638386,662,CDS
1402,638422,639495,1073,gene
1403,638422,639495,1073,CDS
1404,639492,640976,1484,gene
1405,639492,640976,1484,CDS
1406,641022,641429,407,gene
1407,641022,641429,407,CDS
1408,641457,641741,284,gene
1409,641457,641741,284,CDS
1410,641783,642679,896,gene
1411,641783,642679,896,CDS
1412,642677,642749,72,gene
1413,642677,642749,72,tRNA
1414,642898,643812,914,gene
1415,642898,643812,914,CDS
1416,643841,644143,302,gene
1417,643841,644143,302,CDS
1418,644229,644375,146,gene
1419,644229,644375,146,CDS
1420,644362,645246,884,gene
1421,644362,645246,884,CDS
1422,645299,647011,1712,gene
1423,645299,647011,1712,CDS
1424,646998,647348,350,gene
1425,646998,647348,350,CDS
1426,647348,647752,404,gene
1427,647348,647752,404,CDS
1428,647760,648398,638,gene
1429,647760,648398,638,CDS
1430,648398,648949,551,gene
1431,648398,648949,551,CDS
1432,648986,649384,398,gene
1433,648986,649384,398,CDS
1434,649347,649976,629,gene
1435,649347,649976,629,CDS
1436,649931,650116,185,gene
1437,649931,650116,185,CDS
1438,650207,651001,794,gene
1439,650207,651001,794,CDS
1440,651027,651383,356,gene
1441,651027,651383,356,CDS
1442,651361,651552,191,gene
1443,651361,651552,191,CDS
1444,651556,652551,995,gene
1445,651556,652551,995,CDS
1446,652512,653192,680,gene
1447,652512,653192,680,CDS
1448,653155,653715,560,gene
1449,653155,653715,560,CDS
1450,653706,654680,974,gene
1451,653706,654680,974,CDS
1452,654738,655061,323,gene
1453,654738,655061,323,CDS
1454,655047,656012,965,gene
1455,655047,656012,965,CDS
1456,656009,656341,332,gene
1457,656009,656341,332,CDS
1458,656352,657143,791,gene
1459,656352,657143,791,CDS
1460,657278,657424,146,gene
1461,657278,657424,146,CDS
1462,657488,658216,728,gene
1463,657488,658216,728,CDS
1464,658264,658593,329,gene
1465,658264,658593,329,CDS
1466,658577,659443,866,gene
1467,658577,659443,866,CDS
1468,659449,663147,3698,gene
1469,659449,663147,3698,CDS
1470,663200,665452,2252,gene
1471,663200,665452,2252,CDS
1472,665449,666696,1247,gene
1473,665449,666696,1247,CDS
1474,666742,667266,524,gene
1475,666742,667266,524,CDS
1476,667239,667439,200,gene
1477,667239,667439,200,CDS
1478,667446,667973,527,gene
1479,667446,667973,527,CDS
1480,667986,668408,422,gene
1481,667986,668408,422,CDS
1482,668387,669634,1247,gene
1483,668387,669634,1247,CDS
1484,669639,670277,638,gene
1485,669639,670277,638,CDS
1486,670347,670730,383,gene
1487,670347,670730,383,CDS
1488,670717,671163,446,gene
1489,670717,671163,446,CDS
1490,671158,671616,458,gene
1491,671158,671616,458,CDS
1492,671650,672630,980,gene
1493,671650,672630,980,CDS
1494,672630,673589,959,gene
1495,672630,673589,959,CDS
1496,673586,674323,737,gene
1497,673586,674323,737,CDS
1498,674386,675681,1295,gene
1499,674386,675681,1295,CDS
1500,675656,676414,758,gene
1501,675656,676414,758,CDS
1502,676478,676999,521,gene
1503,676478,676999,521,CDS
1504,677032,677691,659,gene
1505,677032,677691,659,CDS
1506,677691,678152,461,gene
1507,677691,678152,461,CDS
1508,678133,678591,458,gene
1509,678133,678591,458,CDS
1510,678588,679295,707,gene
1511,678588,679295,707,CDS
1512,679268,680389,1121,gene
1513,679268,680389,1121,CDS
1514,680355,681101,746,gene
1515,680355,681101,746,CDS
1516,681103,681396,293,gene
1517,681103,681396,293,CDS
1518,681405,683066,1661,gene
1519,681405,683066,1661,CDS
1520,683105,685828,2723,gene
1521,683105,685828,2723,CDS
1522,685885,686175,290,gene
1523,685885,686175,290,CDS
1524,686176,686430,254,gene
1525,686176,686430,254,CDS
1526,686496,687203,707,gene
1527,686496,687203,707,CDS
1528,687200,687754,554,gene
1529,687200,687754,554,CDS
1530,687779,687878,99,gene
1531,687779,687816,37,tRNA
1532,687833,687878,45,tRNA
1533,687983,689578,1595,gene
1534,687983,689578,1595,CDS
1535,689796,689868,72,gene
1536,689796,689868,72,tRNA
1537,690076,690753,677,gene
1538,690076,690753,677,CDS
1539,690852,691220,368,gene
1540,690852,691220,368,CDS
1541,691344,691715,371,gene
1542,691344,691715,371,CDS
1543,691946,692041,95,gene
1544,692004,692041,37,tRNA
1545,691946,691991,45,tRNA
1546,692102,692410,308,gene
1547,692102,692410,308,CDS
1548,692430,693743,1313,gene
1549,692430,693743,1313,CDS
1550,693795,694379,584,gene
1551,693795,694379,584,CDS
1552,694464,694943,479,gene
1553,694464,694943,479,CDS
1554,694944,695384,440,gene
1555,694944,695384,440,CDS
1556,695394,695825,431,gene
1557,695394,695825,431,CDS
1558,695838,696155,317,gene
1559,695838,696155,317,CDS
1560,696160,697338,1178,gene
1561,696160,697338,1178,CDS
1562,697345,699987,2642,gene
1563,697345,699987,2642,CDS
1564,699980,703351,3371,gene
1565,699980,703351,3371,CDS
1566,703356,703610,254,gene
1567,703356,703610,254,CDS
1568,703663,704880,1217,gene
1569,703663,704880,1217,CDS
1570,705014,706807,1793,gene
1571,705014,706807,1793,CDS
1572,706781,707218,437,gene
1573,706781,707218,437,CDS
1574,707218,707406,188,gene
1575,707218,707406,188,CDS
1576,707474,707719,245,gene
1577,707474,707719,245,CDS
1578,707724,708374,650,gene
1579,707724,708374,650,CDS
1580,708349,708744,395,gene
1581,708349,708744,395,CDS
1582,708755,710173,1418,gene
1583,708755,710173,1418,CDS
1584,710251,710964,713,gene
1585,710251,710964,713,CDS
1586,710961,711464,503,gene
1587,710961,711464,503,CDS
1588,711635,712285,650,gene
1589,711635,712285,650,CDS
1590,712303,714051,1748,gene
1591,712303,714051,1748,CDS
1592,714122,715066,944,gene
1593,714122,715066,944,CDS
1594,715081,715169,88,gene
1595,715133,715169,36,tRNA
1596,715081,715116,35,tRNA
1597,715172,716542,1370,gene
1598,715172,716542,1370,CDS
1599,716596,717600,1004,gene
1600,716596,717600,1004,CDS
1601,717600,718643,1043,gene
1602,717600,718643,1043,CDS
1603,718763,719776,1013,gene
1604,718763,719776,1013,CDS
1605,719778,721178,1400,gene
1606,719778,721178,1400,CDS
1607,721211,722182,971,gene
1608,721211,722182,971,CDS
1609,722175,722954,779,gene
1610,722175,722954,779,CDS
1611,722998,724215,1217,gene
1612,722998,724215,1217,CDS
1613,724241,724762,521,gene
1614,724241,724762,521,CDS
1615,724793,725767,974,gene
1616,724793,725767,974,CDS
1617,725818,726342,524,gene
1618,725818,726342,524,CDS
1619,726321,727328,1007,gene
1620,726321,727328,1007,CDS
1621,727333,727893,560,gene
1622,727333,727893,560,CDS
1623,727877,728683,806,gene
1624,727877,728683,806,CDS
1625,728638,729159,521,gene
1626,728638,729159,521,CDS
1627,729156,730073,917,gene
1628,729156,730073,917,CDS
1629,730049,730570,521,gene
1630,730049,730570,521,CDS
1631,730587,731777,1190,gene
1632,730587,731777,1190,CDS
1633,732043,732116,73,gene
1634,732043,732116,73,tRNA
1635,732115,732317,202,gene
1636,732115,732317,202,CDS
1637,732635,733933,1298,gene
1638,732635,733933,1298,CDS
1639,733930,734274,344,gene
1640,733930,734274,344,CDS
1641,734258,734761,503,gene
1642,734258,734761,503,CDS
1643,734747,735049,302,gene
1644,734747,735049,302,ncRNA
1645,735038,735610,572,gene
1646,735038,735610,572,CDS
1647,735621,735797,176,gene
1648,735621,735797,176,CDS
1649,735798,736544,746,gene
1650,735798,736544,746,CDS
1651,736507,736812,305,gene
1652,736507,736812,305,CDS
1653,736952,737305,353,gene
1654,736952,737305,353,CDS
1655,737274,737957,683,gene
1656,737274,737957,683,CDS
1657,737993,738067,74,gene
1658,737993,738067,74,tRNA
1659,738027,738208,181,gene
1660,738027,738208,181,CDS
1661,738723,740525,1802,gene
1662,738723,740525,1802,CDS
1663,740566,741717,1151,gene
1664,740566,741717,1151,CDS
1665,741759,741992,233,gene
1666,741759,741992,233,CDS
1667,741985,742233,248,gene
1668,741985,742233,248,CDS
1669,742236,742601,365,gene
1670,742236,742601,365,CDS
1671,742631,744250,1619,gene
1672,742631,744250,1619,CDS
1673,744247,745911,1664,gene
1674,744247,745911,1664,CDS
1675,746014,746526,512,gene
1676,746014,746526,512,CDS
1677,746590,746976,386,gene
1678,746590,746976,386,CDS
1679,746978,748258,1280,gene
1680,746978,748258,1280,CDS
1681,748288,748878,590,gene
1682,748288,748878,590,CDS
1683,748881,749270,389,gene
1684,748881,749270,389,CDS
1685,749324,749764,440,gene
1686,749324,749764,440,CDS
1687,749764,751239,1475,gene
1688,749764,751239,1475,CDS
1689,751219,751935,716,gene
1690,751219,751935,716,CDS
1691,751919,752434,515,gene
1692,751919,752434,515,CDS
1693,752431,753603,1172,gene
1694,752431,753603,1172,CDS
1695,753671,754165,494,gene
1696,753671,754165,494,CDS
1697,754162,755256,1094,gene
1698,754162,755256,1094,CDS
1699,755330,755842,512,gene
1700,755330,755842,512,CDS
1701,755787,756794,1007,gene
1702,755787,756794,1007,CDS
1703,756766,757212,446,gene
1704,756766,757212,446,CDS
1705,757256,757330,74,gene
1706,757256,757330,74,tRNA
1707,757345,757518,173,gene
1708,757345,757518,173,CDS
1709,757708,757796,88,gene
1710,757708,757747,39,tRNA
1711,757761,757796,35,tRNA
1712,757861,758091,230,gene
1713,757861,758091,230,CDS
1714,758104,758289,185,gene
1715,758104,758289,185,CDS
1716,758290,759204,914,gene
1717,758290,759204,914,CDS
1718,759236,759343,107,gene
1719,759236,759273,37,tRNA
1720,759298,759343,45,tRNA
1721,759348,759432,84,gene
1722,759348,759432,84,tRNA
1723,759673,759778,105,gene
1724,759739,759778,39,tRNA
1725,759673,759717,44,tRNA
1726,760038,760337,299,gene
1727,760038,760337,299,CDS
1728,760344,760685,341,gene
1729,760344,760685,341,CDS
1730,760724,761383,659,gene
1731,760724,761383,659,CDS
1732,761380,762036,656,gene
1733,761380,762036,656,CDS
1734,761988,762581,593,gene
1735,761988,762581,593,CDS
1736,762559,763245,686,gene
1737,762559,763245,686,CDS
1738,763278,763904,626,gene
1739,763278,763904,626,CDS
1740,763876,765093,1217,gene
1741,763876,765093,1217,CDS
1742,765090,766295,1205,gene
1743,765090,766295,1205,CDS
1744,766366,767022,656,gene
1745,766366,767022,656,CDS
1746,767019,767471,452,gene
1747,767019,767471,452,CDS
1748,767428,767997,569,gene
1749,767428,767997,569,CDS
1750,767975,768406,431,gene
1751,767975,768406,431,CDS
1752,768507,769235,728,gene
1753,768507,769235,728,CDS
1754,769245,769943,698,gene
1755,769245,769943,698,CDS
1756,769945,770688,743,gene
1757,769945,770688,743,CDS
1758,770666,771397,731,gene
1759,770666,771397,731,CDS
1760,771399,772229,830,gene
1761,771399,772229,830,CDS
1762,772240,772458,218,gene
1763,772240,772458,218,CDS
1764,772622,772957,335,gene
1765,772622,772957,335,CDS
1766,772929,773174,245,gene
1767,772929,773174,245,CDS
1768,773152,773538,386,gene
1769,773152,773538,386,CDS
1770,773565,774260,695,gene
1771,773565,774260,695,CDS
1772,774325,776535,2210,gene
1773,774325,776535,2210,CDS
1774,776541,777260,719,gene
1775,776541,777260,719,CDS
1776,777243,778742,1499,gene
1777,777243,778742,1499,CDS
1778,778666,779259,593,gene
1779,778666,779259,593,CDS
1780,779273,780289,1016,gene
1781,779273,780289,1016,CDS
1782,780351,783500,3149,gene
1783,780351,783500,3149,CDS
1784,783501,784238,737,gene
1785,783501,784238,737,CDS
1786,784288,785307,1019,gene
1787,784288,785307,1019,CDS
1788,785313,786110,797,gene
1789,785313,786110,797,CDS
1790,786107,786355,248,gene
1791,786107,786355,248,CDS
1792,786367,787083,716,gene
1793,786367,787083,716,CDS
1794,787124,787543,419,gene
1795,787124,787543,419,CDS
1796,787546,788016,470,gene
1797,787546,788016,470,CDS
1798,788017,788700,683,gene
1799,788017,788700,683,CDS
1800,788684,788902,218,gene
1801,788684,788902,218,CDS
1802,788886,789146,260,gene
1803,788886,789146,260,CDS
1804,789143,789478,335,gene
1805,789143,789478,335,CDS
1806,789478,789894,416,gene
1807,789478,789894,416,CDS
1808,789909,790280,371,gene
1809,789909,790280,371,CDS
1810,790280,790996,716,gene
1811,790280,790996,716,CDS
1812,790999,791535,536,gene
1813,790999,791535,536,CDS
1814,791546,791710,164,gene
1815,791546,791710,164,CDS
1816,791716,792117,401,gene
1817,791716,792117,401,CDS
1818,792130,792675,545,gene
1819,792130,792675,545,CDS
1820,792675,793076,401,gene
1821,792675,793076,401,CDS
1822,793079,793537,458,gene
1823,793079,793537,458,CDS
1824,793539,794129,590,gene
1825,793539,794129,590,CDS
1826,794132,794776,644,gene
1827,794132,794776,644,CDS
1828,794783,795253,470,gene
1829,794783,795253,470,CDS
1830,795255,795692,437,gene
1831,795255,795692,437,CDS
1832,795708,797105,1397,gene
1833,795708,797105,1397,CDS
1834,797108,797695,587,gene
1835,797108,797695,587,CDS
1836,798171,798434,263,gene
1837,798171,798434,263,CDS
1838,798431,798961,530,gene
1839,798431,798961,530,CDS
1840,799004,799240,236,gene
1841,799004,799240,236,CDS
1842,799252,800040,788,gene
1843,799252,800040,788,CDS
1844,800322,800741,419,gene
1845,800322,800741,419,CDS
1846,800738,801052,314,gene
1847,800738,801052,314,CDS
1848,801177,801250,73,gene
1849,801177,801250,73,tRNA
1850,801287,801422,135,gene
1851,801287,801422,135,CDS
1852,801888,801962,74,gene
1853,801888,801962,74,tRNA
1854,801995,802240,245,gene
1855,801995,802240,245,CDS
1856,802306,802617,311,gene
1857,802306,802617,311,CDS
1858,802641,803507,866,gene
1859,802641,803507,866,CDS
1860,803467,804270,803,gene
1861,803467,804270,803,CDS
1862,804257,804541,284,gene
1863,804257,804541,284,CDS
1864,804694,805281,587,gene
1865,804694,805281,587,CDS
1866,805329,807119,1790,gene
1867,805329,807119,1790,CDS
1868,807112,807531,419,gene
1869,807112,807531,419,CDS
1870,807584,808633,1049,gene
1871,807584,808633,1049,CDS
1872,808635,809423,788,gene
1873,808635,809423,788,CDS
1874,809420,809845,425,gene
1875,809420,809845,425,CDS
1876,809912,810082,170,gene
1877,809912,810082,170,CDS
1878,810079,810930,851,gene
1879,810079,810930,851,CDS
1880,810927,812090,1163,gene
1881,810927,812090,1163,CDS
1882,812038,813078,1040,gene
1883,812038,813078,1040,CDS
1884,813060,813833,773,gene
1885,813060,813833,773,CDS
1886,813875,814261,386,gene
1887,813875,814261,386,CDS
1888,814258,814533,275,gene
1889,814258,814533,275,CDS
1890,814585,814675,90,gene
1891,814585,814622,37,tRNA
1892,814637,814675,38,tRNA
1893,814694,816037,1343,gene
1894,814694,816037,1343,CDS
1895,816021,816818,797,gene
1896,816021,816818,797,CDS
1897,816860,817555,695,gene
1898,816860,817555,695,CDS
1899,817541,818371,830,gene
1900,817541,818371,830,CDS
1901,818403,818858,455,gene
1902,818403,818858,455,CDS
1903,818841,819086,245,gene
1904,818841,819086,245,CDS
1905,819095,819286,191,gene
1906,819095,819286,191,CDS
1907,819343,820305,962,gene
1908,819343,820305,962,CDS
1909,820305,820823,518,gene
1910,820305,820823,518,CDS
1911,820850,821548,698,gene
1912,820850,821548,698,CDS
1913,821535,821978,443,gene
1914,821535,821978,443,CDS
1915,821961,822293,332,gene
1916,821961,822293,332,CDS
1917,822290,823381,1091,gene
1918,822290,823381,1091,CDS
1919,823353,823829,476,gene
1920,823353,823829,476,CDS
1921,823883,824749,866,gene
1922,823883,824749,866,CDS
1923,824758,825687,929,gene
1924,824758,825687,929,CDS
1925,825684,825962,278,gene
1926,825684,825962,278,CDS
1927,826034,827023,989,gene
1928,826034,827023,989,CDS
1929,827020,827328,308,gene
1930,827020,827328,308,CDS
1931,827475,829451,1976,gene
1932,827475,829451,1976,CDS
1933,829454,830086,632,gene
1934,829454,830086,632,CDS
1935,830098,830475,377,gene
1936,830098,830475,377,CDS
1937,830472,830654,182,gene
1938,830472,830654,182,CDS
1939,830731,831450,719,gene
1940,830731,831450,719,CDS
1941,831606,832277,671,gene
1942,831606,832277,671,CDS
1943,832291,832674,383,gene
1944,832291,832674,383,CDS
1945,832788,833357,569,gene
1946,832788,833357,569,CDS
1947,833410,835236,1826,gene
1948,833410,835236,1826,CDS
1949,835217,835975,758,gene
1950,835217,835975,758,CDS
1951,835953,836669,716,gene
1952,835953,836669,716,CDS
1953,836711,837025,314,gene
1954,836711,837025,314,CDS
1955,837007,837885,878,gene
1956,837007,837885,878,CDS
1957,837882,838952,1070,gene
1958,837882,838952,1070,CDS
1959,839020,839721,701,gene
1960,839020,839721,701,CDS
1961,839721,840521,800,gene
1962,839721,840521,800,CDS
1963,840532,841677,1145,gene
1964,840532,841677,1145,CDS
1965,841642,842205,563,gene
1966,841642,842205,563,CDS
1967,842616,842777,161,gene
1968,842616,842777,161,CDS
1969,842761,843999,1238,gene
1970,842761,843999,1238,CDS
1971,843989,846436,2447,gene
1972,843989,846436,2447,CDS
1973,846467,847102,635,gene
1974,846467,847102,635,CDS
1975,847140,847601,461,gene
1976,847140,847601,461,CDS
1977,847618,847905,287,gene
1978,847618,847905,287,CDS
1979,848006,848389,383,gene
1980,848006,848389,383,CDS
1981,848656,848973,317,gene
1982,848656,848973,317,CDS
1983,849005,849589,584,gene
1984,849005,849589,584,CDS
1985,849721,850935,1214,gene
1986,849721,850935,1214,CDS
1987,851066,851830,764,gene
1988,851066,851830,764,CDS
1989,851816,852739,923,gene
1990,851816,852739,923,CDS
1991,852823,854628,1805,gene
1992,852823,854628,1805,CDS
1993,854599,855513,914,gene
1994,854599,855513,914,CDS
1995,855560,855832,272,gene
1996,855560,855832,272,CDS
1997,855878,856192,314,gene
1998,855878,856192,314,CDS
1999,856224,856799,575,gene
2000,856224,856799,575,CDS
2001,856933,857955,1022,gene
2002,856933,857955,1022,CDS
2003,858007,858387,380,gene
2004,858007,858387,380,CDS
2005,858466,858702,236,gene
2006,858466,858702,236,CDS
2007,858747,859184,437,gene
2008,858747,859184,437,CDS
2009,859177,860121,944,gene
2010,859177,860121,944,CDS
2011,860187,860861,674,gene
2012,860187,860861,674,CDS
2013,860925,861977,1052,gene
2014,860925,861977,1052,CDS
2015,862013,862405,392,gene
2016,862013,862405,392,CDS
2017,862425,864014,1589,gene
2018,862425,864014,1589,CDS
2019,864011,864211,200,gene
2020,864011,864211,200,CDS
2021,864401,865000,599,gene
2022,864401,865000,599,CDS
2023,865002,865985,983,gene
2024,865002,865985,983,CDS
2025,866022,866582,560,gene
2026,866022,866582,560,CDS
2027,866616,868175,1559,gene
2028,866616,868175,1559,CDS
2029,868360,868542,182,gene
2030,868360,868542,182,CDS
2031,868589,870235,1646,gene
2032,868589,870235,1646,CDS
2033,870248,871996,1748,gene
2034,870248,871996,1748,CDS
2035,871977,872702,725,gene
2036,871977,872702,725,CDS
2037,872653,873567,914,gene
2038,872653,873567,914,CDS
2039,873562,875997,2435,gene
2040,873562,875997,2435,CDS
2041,876265,876879,614,gene
2042,876265,876879,614,CDS
2043,876922,877551,629,gene
2044,876922,877551,629,CDS
2045,877548,878105,557,gene
2046,877548,878105,557,CDS
2047,878260,878826,566,gene
2048,878260,878826,566,CDS
2049,878830,879711,881,gene
2050,878830,879711,881,CDS
2051,879697,879903,206,gene
2052,879697,879903,206,CDS
2053,880001,880348,347,gene
2054,880001,880348,347,CDS
2055,880332,880847,515,gene
2056,880332,880847,515,CDS
2057,881002,881439,437,gene
2058,881002,881439,437,CDS
2059,881430,882572,1142,gene
2060,881430,882572,1142,CDS
2061,882603,883247,644,gene
2062,882603,883247,644,CDS
2063,883328,883585,257,gene
2064,883328,883585,257,CDS
2065,883591,884298,707,gene
2066,883591,884298,707,CDS
2067,884295,884726,431,gene
2068,884295,884726,431,CDS
2069,884798,885766,968,gene
2070,884798,885766,968,CDS
2071,885766,886296,530,gene
2072,885766,886296,530,CDS
2073,886441,886515,74,gene
2074,886441,886515,74,tRNA
2075,886489,886691,202,gene
2076,886489,886691,202,CDS
2077,886880,887707,827,gene
2078,886880,887707,827,CDS
2079,887701,887922,221,gene
2080,887701,887922,221,CDS
2081,888325,889902,1577,gene
2082,888325,889902,1577,CDS
2083,890446,890679,233,gene
2084,890446,890679,233,CDS
2085,890677,891300,623,gene
2086,890677,891300,623,CDS
2087,891753,893969,2216,gene
2088,891753,893969,2216,CDS
2089,894027,894416,389,gene
2090,894027,894416,389,CDS
2091,894449,894862,413,gene
2092,894449,894862,413,CDS
2093,894874,896322,1448,gene
2094,894874,896322,1448,CDS
2095,896373,896645,272,gene
2096,896373,896645,272,CDS
2097,896647,897984,1337,gene
2098,896647,897984,1337,CDS
2099,898021,898548,527,gene
2100,898021,898548,527,CDS
2101,898552,899598,1046,gene
2102,898552,899598,1046,CDS
2103,899636,900271,635,gene
2104,899636,900271,635,CDS
2105,900161,900985,824,gene
2106,900161,900985,824,CDS
2107,901206,901391,185,gene
2108,901206,901391,185,CDS
2109,901447,902133,686,gene
2110,901447,902133,686,CDS
2111,902135,903277,1142,gene
2112,902135,903277,1142,CDS
2113,903274,903507,233,gene
2114,903274,903507,233,CDS
2115,903692,904417,725,gene
2116,903692,904417,725,CDS
2117,904409,904780,371,gene
2118,904409,904780,371,CDS
2119,904807,905367,560,gene
2120,904807,905367,560,CDS
2121,905459,907399,1940,gene
2122,905459,907399,1940,CDS
2123,907414,908607,1193,gene
2124,907414,908607,1193,CDS
2125,908838,910070,1232,gene
2126,908838,910070,1232,CDS
2127,910173,911351,1178,gene
2128,910173,911351,1178,CDS
2129,911354,911728,374,gene
2130,911354,911728,374,CDS
2131,911932,913068,1136,gene
2132,911932,913068,1136,CDS
2133,913283,913357,74,gene
2134,913283,913357,74,tRNA
2135,913362,913865,503,gene
2136,913362,913865,503,CDS
2137,913958,914452,494,gene
2138,913958,914452,494,CDS
2139,914486,915544,1058,gene
2140,914486,915544,1058,CDS
2141,915643,916872,1229,gene
2142,915643,916872,1229,CDS
2143,916883,917122,239,gene
2144,916883,917122,239,CDS
2145,917201,918523,1322,gene
2146,917201,918523,1322,CDS
2147,918680,921763,3083,gene
2148,918680,921763,3083,CDS
2149,921826,923382,1556,gene
2150,921826,923382,1556,CDS
2151,923557,923632,75,gene
2152,923557,923632,75,tRNA
2153,924268,925020,752,gene
2154,924268,925020,752,CDS
2155,925064,925831,767,gene
2156,925064,925831,767,CDS
2157,925828,926799,971,gene
2158,925828,926799,971,CDS
2159,926839,927705,866,gene
2160,926839,927705,866,CDS
2161,927844,929151,1307,gene
2162,927844,929151,1307,CDS
2163,929752,929949,197,gene
2164,929752,929949,197,CDS
2165,929909,930352,443,gene
2166,929909,930352,443,CDS
2167,930594,931871,1277,gene
2168,930594,931871,1277,CDS
2169,931927,934119,2192,gene
2170,931927,934119,2192,CDS
2171,934116,936248,2132,gene
2172,934116,936248,2132,CDS
2173,936474,938153,1679,gene
2174,936474,938153,1679,CDS
2175,938138,938671,533,gene
2176,938138,938671,533,CDS
2177,938809,939327,518,gene
2178,938809,939327,518,CDS
2179,939324,940124,800,gene
2180,939324,940124,800,CDS
2181,940466,940792,326,gene
2182,940466,940792,326,CDS
2183,940787,941650,863,gene
2184,940787,941650,863,CDS
2185,941694,942581,887,gene
2186,941694,942581,887,CDS
2187,942676,944352,1676,gene
2188,942676,944352,1676,CDS
2189,944285,944707,422,gene
2190,944285,944707,422,CDS
2191,944694,945860,1166,gene
2192,944694,945860,1166,CDS
2193,945838,946800,962,gene
2194,945838,946800,962,CDS
2195,947295,948776,1481,gene
2196,947295,948776,1481,CDS
2197,948896,949210,314,gene
2198,948896,949210,314,CDS
2199,949421,949852,431,gene
2200,949421,949852,431,CDS
2201,949852,951024,1172,gene
2202,949852,951024,1172,CDS
2203,951017,951580,563,gene
2204,951017,951580,563,CDS
2205,951678,951860,182,gene
2206,951678,951860,182,CDS
2207,951945,952259,314,gene
2208,951945,952259,314,CDS
2209,952389,953087,698,gene
2210,952389,953087,698,CDS
2211,953084,953767,683,gene
2212,953084,953767,683,CDS
2213,954099,954356,257,gene
2214,954099,954356,257,CDS
2215,954428,955612,1184,gene
2216,954428,955612,1184,CDS
2217,955605,956210,605,gene
2218,955605,956210,605,CDS
2219,956263,957450,1187,gene
2220,956263,957450,1187,CDS
2221,957451,958356,905,gene
2222,957451,958356,905,CDS
2223,958501,959424,923,gene
2224,958501,959424,923,CDS
2225,959421,960242,821,gene
2226,959421,960242,821,CDS
2227,960306,960572,266,gene
2228,960306,960572,266,CDS
2229,960629,961339,710,gene
2230,960629,961339,710,CDS
2231,961332,962025,693,gene
2232,961332,962025,693,CDS
2233,962077,963135,1058,gene
2234,962077,963135,1058,CDS
2235,963123,964256,1133,gene
2236,963123,964256,1133,CDS
2237,964241,965182,941,gene
2238,964241,965182,941,CDS
2239,965241,965573,332,gene
2240,965241,965573,332,CDS
2241,965570,966277,707,gene
2242,965570,966277,707,CDS
2243,966259,966717,458,gene
2244,966259,966717,458,CDS
2245,966717,968843,2126,gene
2246,966717,968843,2126,CDS
2247,968866,969405,539,gene
2248,968866,969405,539,CDS
2249,969496,970512,1016,gene
2250,969496,970512,1016,CDS
2251,970441,971358,917,gene
2252,970441,971358,917,CDS
2253,971365,972099,734,gene
2254,971365,972099,734,CDS
2255,972115,973506,1391,gene
2256,972115,973506,1391,CDS
2257,973513,974628,1115,gene
2258,973513,974628,1115,CDS
2259,974665,975648,983,gene
2260,974665,975648,983,CDS
2261,975798,976196,398,gene
2262,975798,976196,398,CDS
2263,976233,976454,221,gene
2264,976233,976454,221,CDS
2265,976456,977952,1496,gene
2266,976456,977952,1496,CDS
2267,977969,978781,812,gene
2268,977969,978781,812,CDS
2269,978783,979538,755,gene
2270,978783,979538,755,CDS
2271,979544,980701,1157,gene
2272,979544,980701,1157,CDS
2273,980783,981691,908,gene
2274,980783,981691,908,CDS
2275,981657,983087,1430,gene
2276,981657,983087,1430,CDS
2277,983128,983487,359,gene
2278,983128,983487,359,CDS
2279,983477,983722,245,gene
2280,983477,983722,245,CDS
2281,983726,986035,2309,gene
2282,983726,986035,2309,CDS
2283,986063,986821,758,gene
2284,986063,986821,758,CDS
2285,986916,987263,347,gene
2286,986916,987263,347,CDS
2287,987427,988830,1403,gene
2288,987427,988830,1403,CDS
2289,988823,989215,392,gene
2290,988823,989215,392,CDS
2291,989275,990522,1247,gene
2292,989275,990522,1247,CDS
2293,990515,991849,1334,gene
2294,990515,991849,1334,CDS
2295,991883,992278,395,gene
2296,991883,992278,395,CDS
2297,992275,992937,662,gene
2298,992275,992937,662,CDS
2299,992934,993875,941,gene
2300,992934,993875,941,CDS
2301,993937,994794,857,gene
2302,993937,994794,857,CDS
2303,994797,995360,563,gene
2304,994797,995360,563,CDS
2305,995422,996195,773,gene
2306,995422,996195,773,CDS
2307,996202,997260,1058,gene
2308,996202,997260,1058,CDS
2309,997398,997778,380,gene
2310,997398,997778,380,CDS
2311,997707,998192,485,gene
2312,997707,998192,485,CDS
2313,998228,998620,392,gene
2314,998228,998620,392,CDS
2315,998665,999213,548,gene
2316,998665,999213,548,CDS
2317,999210,999398,188,gene
2318,999210,999398,188,CDS
2319,999438,999983,545,gene
2320,999438,999983,545,CDS
2321,1000002,1000979,977,gene
2322,1000002,1000979,977,CDS
2323,1001081,1001671,590,gene
2324,1001081,1001671,590,CDS
2325,1001657,1002502,845,gene
2326,1001657,1002502,845,CDS
2327,1002499,1005636,3137,gene
2328,1002499,1005636,3137,CDS
2329,1005623,1006735,1112,gene
2330,1005623,1006735,1112,CDS
2331,1006713,1008050,1337,gene
2332,1006713,1008050,1337,CDS
2333,1008050,1009228,1178,gene
2334,1008050,1009228,1178,CDS
2335,1009352,1009501,149,gene
2336,1009352,1009501,149,CDS
2337,1009602,1010051,449,gene
2338,1009602,1010051,449,CDS
2339,1010110,1011078,968,gene
2340,1010110,1011078,968,CDS
2341,1011072,1012502,1430,gene
2342,1011072,1012502,1430,CDS
2343,1012503,1013708,1205,gene
2344,1012503,1013708,1205,CDS
2345,1013714,1015063,1349,gene
2346,1013714,1015063,1349,CDS
2347,1015057,1017168,2111,gene
2348,1015057,1017168,2111,CDS
2349,1017165,1017836,671,gene
2350,1017165,1017836,671,CDS
2351,1017817,1018065,248,gene
2352,1017817,1018065,248,CDS
2353,1018084,1018791,707,gene
2354,1018084,1018791,707,CDS
2355,1018909,1019247,338,gene
2356,1018909,1019247,338,CDS
2357,1019241,1020230,989,gene
2358,1019241,1020230,989,CDS
2359,1020220,1020816,596,gene
2360,1020220,1020816,596,CDS
2361,1020854,1021231,377,gene
2362,1020854,1021231,377,CDS
2363,1021221,1022570,1349,gene
2364,1021221,1022570,1349,CDS
2365,1022581,1022886,305,gene
2366,1022581,1022886,305,CDS
2367,1022911,1023402,491,gene
2368,1022911,1023402,491,CDS
2369,1023419,1024426,1007,gene
2370,1023419,1024426,1007,CDS
2371,1024404,1024811,407,gene
2372,1024404,1024811,407,CDS
2373,1025047,1025706,659,gene
2374,1025047,1025706,659,CDS
2375,1025693,1026274,581,gene
2376,1025693,1026274,581,CDS
2377,1026337,1027236,899,gene
2378,1026337,1027236,899,CDS
2379,1027236,1027703,467,gene
2380,1027236,1027703,467,CDS
2381,1027700,1028284,584,gene
2382,1027700,1028284,584,CDS
2383,1028274,1029428,1154,gene
2384,1028274,1029428,1154,CDS
2385,1029415,1030287,872,gene
2386,1029415,1030287,872,CDS
2387,1030284,1030583,299,gene
2388,1030284,1030583,299,CDS
2389,1030555,1030869,314,gene
2390,1030555,1030869,314,CDS
2391,1030872,1031477,605,gene
2392,1030872,1031477,605,CDS
2393,1031536,1032006,470,gene
2394,1031536,1032006,470,CDS
2395,1032017,1032376,359,gene
2396,1032017,1032376,359,CDS
2397,1032469,1032810,341,gene
2398,1032469,1032810,341,CDS
2399,1032861,1034330,1469,gene
2400,1032861,1034330,1469,CDS
2401,1034341,1035708,1367,gene
2402,1034341,1035708,1367,CDS
2403,1035733,1036119,386,gene
2404,1035733,1036119,386,CDS
2405,1036151,1036528,377,gene
2406,1036151,1036528,377,CDS
2407,1036513,1037100,587,gene
2408,1036513,1037100,587,CDS
2409,1037097,1037378,281,gene
2410,1037097,1037378,281,CDS
2411,1037371,1038561,1190,gene
2412,1037371,1038561,1190,CDS
2413,1038558,1039313,755,gene
2414,1038558,1039313,755,CDS
2415,1039310,1039891,581,gene
2416,1039310,1039891,581,CDS
2417,1039884,1040573,689,gene
2418,1039884,1040573,689,CDS
2419,1040573,1041439,866,gene
2420,1040573,1041439,866,CDS
2421,1041411,1042604,1193,gene
2422,1041411,1042604,1193,CDS
2423,1042610,1043122,512,gene
2424,1042610,1043122,512,CDS
2425,1043112,1045937,2825,gene
2426,1043112,1045937,2825,CDS
2427,1046010,1046534,524,gene
2428,1046010,1046534,524,CDS
2429,1046510,1047469,959,gene
2430,1046510,1047469,959,CDS
2431,1047466,1047747,281,gene
2432,1047466,1047747,281,CDS
2433,1047942,1048313,371,gene
2434,1047942,1048313,371,CDS
2435,1048376,1049209,833,gene
2436,1048376,1049209,833,CDS
2437,1049186,1049377,191,gene
2438,1049186,1049377,191,CDS
2439,1049416,1050258,842,gene
2440,1049416,1050258,842,CDS
2441,1050226,1051179,953,gene
2442,1050226,1051179,953,CDS
2443,1051214,1052020,806,gene
2444,1051214,1052020,806,CDS
2445,1051995,1052480,485,gene
2446,1051995,1052480,485,CDS
2447,1052701,1054419,1718,gene
2448,1052701,1054419,1718,CDS
2449,1054397,1054726,329,gene
2450,1054397,1054726,329,CDS
2451,1054710,1055717,1007,gene
2452,1054710,1055717,1007,CDS
2453,1055736,1056170,434,gene
2454,1055736,1056170,434,CDS
2455,1056153,1057694,1541,gene
2456,1056153,1057694,1541,CDS
2457,1057728,1058327,599,gene
2458,1057728,1058327,599,CDS
2459,1058324,1059334,1010,gene
2460,1058324,1059334,1010,CDS
2461,1059372,1059662,290,gene
2462,1059372,1059662,290,CDS
2463,1059695,1061140,1445,gene
2464,1059695,1061140,1445,CDS
2465,1061183,1061488,305,gene
2466,1061183,1061488,305,CDS
2467,1061514,1061699,185,gene
2468,1061514,1061699,185,CDS
2469,1061671,1062312,641,gene
2470,1061671,1062312,641,CDS
2471,1062309,1063709,1400,gene
2472,1062309,1063709,1400,CDS
2473,1063709,1065481,1772,gene
2474,1063709,1065481,1772,CDS
2475,1065471,1066064,593,gene
2476,1065471,1066064,593,CDS
2477,1066071,1066373,302,gene
2478,1066071,1066373,302,CDS
2479,1066438,1068600,2162,gene
2480,1066438,1068600,2162,CDS
2481,1068578,1070296,1718,gene
2482,1068578,1070296,1718,CDS
2483,1070349,1071281,932,gene
2484,1070349,1071281,932,CDS
2485,1071251,1071826,575,gene
2486,1071251,1071826,575,CDS
2487,1071879,1072193,314,gene
2488,1071879,1072193,314,CDS
2489,1072216,1072701,485,gene
2490,1072216,1072701,485,CDS
2491,1072698,1073129,431,gene
2492,1072698,1073129,431,CDS
2493,1073148,1075772,2624,gene
2494,1073148,1075772,2624,CDS
2495,1075847,1075921,74,gene
2496,1075847,1075921,74,tRNA
2497,1076286,1078517,2231,gene
2498,1076286,1078517,2231,CDS
2499,1078740,1079774,1034,gene
2500,1078740,1079774,1034,CDS
2501,1079771,1081144,1373,gene
2502,1079771,1081144,1373,CDS
2503,1081146,1084583,3437,gene
2504,1081146,1084583,3437,CDS
2505,1084585,1084869,284,gene
2506,1084585,1084869,284,CDS
2507,1084871,1085365,494,gene
2508,1084871,1085365,494,CDS
2509,1085349,1085843,494,gene
2510,1085349,1085843,494,CDS
2511,1085834,1086895,1061,gene
2512,1085834,1086895,1061,CDS
2513,1086895,1088073,1178,gene
2514,1086895,1088073,1178,CDS
2515,1088081,1088578,497,gene
2516,1088081,1088578,497,CDS
2517,1088575,1088964,389,gene
2518,1088575,1088964,389,CDS
2519,1089063,1089830,767,gene
2520,1089063,1089830,767,CDS
2521,1089888,1090226,338,gene
2522,1089888,1090226,338,CDS
2523,1090271,1091428,1157,gene
2524,1090271,1091428,1157,CDS
2525,1091417,1092100,683,gene
2526,1091417,1092100,683,CDS
2527,1092097,1093167,1070,gene
2528,1092097,1093167,1070,CDS
2529,1093199,1093834,635,gene
2530,1093199,1093834,635,CDS
2531,1094031,1095887,1856,gene
2532,1094031,1095887,1856,CDS
2533,1095879,1096097,218,gene
2534,1095879,1096097,218,CDS
2535,1096132,1096914,782,gene
2536,1096132,1096914,782,CDS
2537,1096917,1098533,1616,gene
2538,1096917,1098533,1616,CDS
2539,1098524,1098802,278,gene
2540,1098524,1098802,278,CDS
2541,1098922,1100250,1328,gene
2542,1098922,1100250,1328,CDS
2543,1100216,1100527,311,gene
2544,1100216,1100527,311,CDS
2545,1100524,1101156,632,gene
2546,1100524,1101156,632,CDS
2547,1101153,1102340,1187,gene
2548,1101153,1102340,1187,CDS
2549,1102321,1103103,782,gene
2550,1102321,1103103,782,CDS
2551,1103076,1104248,1172,gene
2552,1103076,1104248,1172,CDS
2553,1104226,1105014,788,gene
2554,1104226,1105014,788,CDS
2555,1105005,1106042,1037,gene
2556,1105005,1106042,1037,CDS
2557,1106039,1107031,992,gene
2558,1106039,1107031,992,CDS
2559,1107012,1108064,1052,gene
2560,1107012,1108064,1052,CDS
2561,1108061,1108999,938,gene
2562,1108061,1108999,938,CDS
2563,1108968,1109783,815,gene
2564,1108968,1109783,815,CDS
2565,1109848,1110717,869,gene
2566,1109848,1110717,869,CDS
2567,1110725,1111654,929,gene
2568,1110725,1111654,929,CDS
2569,1111623,1112648,1025,gene
2570,1111623,1112648,1025,CDS
2571,1112632,1112886,254,gene
2572,1112632,1112886,254,CDS
2573,1112912,1113442,530,gene
2574,1112912,1113442,530,CDS
2575,1113439,1114434,995,gene
2576,1113439,1114434,995,CDS
2577,1114440,1115006,566,gene
2578,1114440,1115006,566,CDS
2579,1114996,1115271,275,gene
2580,1114996,1115271,275,CDS
2581,1115264,1115512,248,gene
2582,1115264,1115512,248,CDS
2583,1115539,1115868,329,gene
2584,1115539,1115868,329,CDS
2585,1115917,1115994,77,gene
2586,1115917,1115994,77,tRNA
2587,1116076,1116444,368,gene
2588,1116076,1116444,368,CDS
2589,1116572,1116778,206,gene
2590,1116572,1116778,206,CDS
2591,1117271,1117579,308,gene
2592,1117271,1117579,308,CDS
2593,1117636,1117839,203,gene
2594,1117636,1117839,203,CDS
2595,1118306,1118752,446,gene
2596,1118306,1118752,446,CDS
2597,1118739,1118948,209,gene
2598,1118739,1118948,209,CDS
2599,1119213,1120505,1292,gene
2600,1119213,1120505,1292,CDS
2601,1120881,1122851,1970,gene
2602,1120881,1122851,1970,CDS
2603,1122848,1124977,2129,gene
2604,1122848,1124977,2129,CDS
2605,1125332,1125428,96,gene
2606,1125389,1125428,39,tRNA
2607,1125332,1125367,35,tRNA
2608,1125609,1125818,209,gene
2609,1125609,1125818,209,CDS
2610,1125804,1126409,605,gene
2611,1125804,1126409,605,CDS
2612,1126397,1127650,1253,gene
2613,1126397,1127650,1253,CDS
2614,1127647,1128195,548,gene
2615,1127647,1128195,548,CDS
2616,1128259,1128765,506,gene
2617,1128259,1128765,506,CDS
2618,1128762,1129199,437,gene
2619,1128762,1129199,437,CDS
2620,1129196,1130065,869,gene
2621,1129196,1130065,869,CDS
2622,1130062,1130994,932,gene
2623,1130062,1130994,932,CDS
2624,1130991,1131869,878,gene
2625,1130991,1131869,878,CDS
2626,1131921,1132685,764,gene
2627,1131921,1132685,764,CDS
2628,1132726,1133460,734,gene
2629,1132726,1133460,734,CDS
2630,1133429,1134412,983,gene
2631,1133429,1134412,983,CDS
2632,1134402,1134848,446,gene
2633,1134402,1134848,446,CDS
2634,1134858,1135145,287,gene
2635,1134858,1135145,287,CDS
2636,1135145,1135342,197,gene
2637,1135145,1135342,197,CDS
2638,1135344,1136132,788,gene
2639,1135344,1136132,788,CDS
2640,1136129,1136299,170,gene
2641,1136129,1136299,170,CDS
2642,1136309,1138582,2273,gene
2643,1136309,1138582,2273,CDS
2644,1138659,1139339,680,gene
2645,1138659,1139339,680,CDS
2646,1139377,1139452,75,gene
2647,1139377,1139452,75,tRNA
2648,1139595,1139683,88,gene
2649,1139595,1139633,38,tRNA
2650,1139648,1139683,35,tRNA
2651,1139787,1140551,764,gene
2652,1139787,1140551,764,CDS
2653,1140548,1141582,1034,gene
2654,1140548,1141582,1034,CDS
2655,1141624,1142358,734,gene
2656,1141624,1142358,734,CDS
2657,1142358,1143035,677,gene
2658,1142358,1143035,677,CDS
2659,1143069,1143587,518,gene
2660,1143069,1143587,518,CDS
2661,1143565,1144467,902,gene
2662,1143565,1144467,902,CDS
2663,1144578,1145345,767,gene
2664,1144578,1145345,767,CDS
2665,1145353,1146120,767,gene
2666,1145353,1146120,767,CDS
2667,1146166,1147026,860,gene
2668,1146166,1147026,860,CDS
2669,1147023,1147991,968,gene
2670,1147023,1147991,968,CDS
2671,1147981,1148496,515,gene
2672,1147981,1148496,515,CDS
2673,1148500,1149474,974,gene
2674,1148500,1149474,974,CDS
2675,1149537,1150397,860,gene
2676,1149537,1150397,860,CDS
2677,1150435,1151808,1373,gene
2678,1150435,1151808,1373,CDS
2679,1151795,1152193,398,gene
2680,1151795,1152193,398,CDS
2681,1152196,1152801,605,gene
2682,1152196,1152801,605,CDS
2683,1152922,1154337,1415,gene
2684,1152922,1154337,1415,CDS
2685,1154334,1155233,899,gene
2686,1154334,1155233,899,CDS
2687,1155283,1155921,638,gene
2688,1155283,1155921,638,CDS
2689,1155973,1157025,1052,gene
2690,1155973,1157025,1052,CDS
2691,1157022,1157948,926,gene
2692,1157022,1157948,926,CDS
2693,1157984,1158169,185,gene
2694,1157984,1158169,185,CDS
2695,1158153,1158815,662,gene
2696,1158153,1158815,662,CDS
2697,1158812,1159699,887,gene
2698,1158812,1159699,887,CDS
2699,1159755,1159979,224,gene
2700,1159755,1159979,224,CDS
2701,1159976,1160377,401,gene
2702,1159976,1160377,401,CDS
2703,1160430,1161431,1001,gene
2704,1160430,1161431,1001,CDS
2705,1161481,1162530,1049,gene
2706,1161481,1162530,1049,CDS
2707,1162537,1163697,1160,gene
2708,1162537,1163697,1160,CDS
2709,1163754,1164212,458,gene
2710,1163754,1164212,458,CDS
2711,1164222,1164572,350,gene
2712,1164222,1164572,350,CDS
2713,1164569,1164724,155,gene
2714,1164569,1164724,155,CDS
2715,1164729,1164995,266,gene
2716,1164729,1164995,266,CDS
2717,1164992,1165663,671,gene
2718,1164992,1165663,671,CDS
2719,1165665,1165928,263,gene
2720,1165665,1165928,263,CDS
2721,1165935,1166378,443,gene
2722,1165935,1166378,443,CDS
2723,1166375,1167499,1124,gene
2724,1166375,1167499,1124,CDS
2725,1167532,1167708,176,gene
2726,1167532,1167708,176,CDS
2727,1167718,1168176,458,gene
2728,1167718,1168176,458,CDS
2729,1168189,1168695,506,gene
2730,1168189,1168695,506,CDS
2731,1168701,1169357,656,gene
2732,1168701,1169357,656,CDS
2733,1169354,1170364,1010,gene
2734,1169354,1170364,1010,CDS
2735,1170408,1170725,317,gene
2736,1170408,1170725,317,CDS
2737,1170786,1173494,2708,gene
2738,1170786,1173494,2708,CDS
2739,1173457,1174074,617,gene
2740,1173457,1174074,617,CDS
2741,1174141,1174229,88,gene
2742,1174191,1174229,38,tRNA
2743,1174141,1174179,38,tRNA
2744,1174377,1174763,386,gene
2745,1174377,1174763,386,CDS
2746,1174901,1175947,1046,gene
2747,1174901,1175947,1046,CDS
2748,1175947,1177014,1067,gene
2749,1175947,1177014,1067,CDS
2750,1177018,1177425,407,gene
2751,1177018,1177425,407,CDS
2752,1177412,1178641,1229,gene
2753,1177412,1178641,1229,CDS
2754,1178668,1179963,1295,gene
2755,1178668,1179963,1295,CDS
2756,1179956,1180363,407,gene
2757,1179956,1180363,407,CDS
2758,1180360,1181382,1022,gene
2759,1180360,1181382,1022,CDS
2760,1181379,1182626,1247,gene
2761,1181379,1182626,1247,CDS
2762,1182729,1183487,758,gene
2763,1182729,1183487,758,CDS
2764,1183518,1183590,72,gene
2765,1183518,1183590,72,tRNA
2766,1183688,1183774,86,gene
2767,1183688,1183724,36,tRNA
2768,1183739,1183774,35,tRNA
2769,1183787,1184134,347,gene
2770,1183787,1184134,347,CDS
2771,1184410,1184955,545,gene
2772,1184410,1184955,545,CDS
2773,1185720,1186115,395,gene
2774,1185720,1186115,395,CDS
2775,1186112,1186429,317,gene
2776,1186112,1186429,317,CDS
2777,1187715,1188137,422,gene
2778,1187715,1188137,422,CDS
2779,1188480,1188884,404,gene
2780,1188480,1188884,404,CDS
2781,1188910,1189476,566,gene
2782,1188910,1189476,566,CDS
2783,1189585,1189671,86,gene
2784,1189633,1189671,38,tRNA
2785,1189585,1189620,35,tRNA
2786,1189714,1189839,125,gene
2787,1189714,1189839,125,CDS
2788,1189918,1191066,1148,gene
2789,1189918,1191066,1148,CDS
2790,1191067,1192506,1439,gene
2791,1191067,1192506,1439,CDS
2792,1192623,1193363,740,gene
2793,1192623,1193363,740,CDS
2794,1193381,1194376,995,gene
2795,1193381,1194376,995,CDS
2796,1194456,1194800,344,gene
2797,1194456,1194800,344,CDS
2798,1194806,1195555,749,gene
2799,1194806,1195555,749,CDS
2800,1195548,1195955,407,gene
2801,1195548,1195955,407,CDS
2802,1195964,1197004,1040,gene
2803,1195964,1197004,1040,CDS
2804,1197044,1198396,1352,gene
2805,1197044,1198396,1352,CDS
2806,1198380,1199888,1508,gene
2807,1198380,1199888,1508,CDS
2808,1199889,1200305,416,gene
2809,1199889,1200305,416,CDS
2810,1200292,1200615,323,gene
2811,1200292,1200615,323,CDS
2812,1200973,1202226,1253,gene
2813,1200973,1202226,1253,CDS
2814,1202229,1202477,248,gene
2815,1202229,1202477,248,CDS
2816,1202642,1203355,713,gene
2817,1202642,1203355,713,CDS
2818,1203374,1204150,776,gene
2819,1203374,1204150,776,CDS
2820,1204155,1205267,1112,gene
2821,1204155,1205267,1112,CDS
2822,1205326,1207302,1976,gene
2823,1205326,1207302,1976,CDS
2824,1207305,1207592,287,gene
2825,1207305,1207592,287,CDS
2826,1207629,1208747,1118,gene
2827,1207629,1208747,1118,CDS
2828,1208744,1209718,974,gene
2829,1208744,1209718,974,CDS
2830,1209895,1210509,614,gene
2831,1209895,1210509,614,CDS
2832,1210451,1210966,515,gene
2833,1210451,1210966,515,CDS
2834,1211076,1211294,218,gene
2835,1211076,1211294,218,CDS
2836,1211291,1211605,314,gene
2837,1211291,1211605,314,CDS
2838,1211566,1211874,308,gene
2839,1211566,1211874,308,CDS
2840,1211881,1212261,380,gene
2841,1211881,1212261,380,CDS
2842,1212242,1213216,974,gene
2843,1212242,1213216,974,CDS
2844,1213329,1215749,2420,gene
2845,1213329,1215749,2420,CDS
2846,1215763,1216959,1196,gene
2847,1215763,1216959,1196,CDS
2848,1216973,1217719,746,gene
2849,1216973,1217719,746,CDS
2850,1217722,1218303,581,gene
2851,1217722,1218303,581,CDS
2852,1218305,1219561,1256,gene
2853,1218305,1219561,1256,CDS
2854,1219558,1220142,584,gene
2855,1219558,1220142,584,CDS
2856,1220138,1221178,1040,gene
2857,1220138,1221178,1040,CDS
2858,1221168,1221902,734,gene
2859,1221168,1221902,734,CDS
2860,1221899,1223173,1274,gene
2861,1221899,1223173,1274,CDS
2862,1223222,1223494,272,gene
2863,1223222,1223494,272,CDS
2864,1223590,1224675,1085,gene
2865,1223590,1224675,1085,CDS
2866,1224629,1224943,314,gene
2867,1224629,1224943,314,CDS
2868,1224918,1227269,2351,gene
2869,1224918,1227269,2351,CDS
2870,1227355,1228017,662,gene
2871,1227355,1228017,662,CDS
2872,1228085,1228360,275,gene
2873,1228085,1228360,275,CDS
2874,1228332,1229777,1445,gene
2875,1228332,1229777,1445,CDS
2876,1229875,1231056,1181,gene
2877,1229875,1231056,1181,CDS
2878,1231043,1232380,1337,gene
2879,1231043,1232380,1337,CDS
2880,1232368,1233420,1052,gene
2881,1232368,1233420,1052,CDS
2882,1233417,1234034,617,gene
2883,1233417,1234034,617,CDS
2884,1234031,1235263,1232,gene
2885,1234031,1235263,1232,CDS
2886,1235256,1236179,923,gene
2887,1235256,1236179,923,CDS
2888,1236211,1236828,617,gene
2889,1236211,1236828,617,CDS
2890,1236806,1237867,1061,gene
2891,1236806,1237867,1061,CDS
2892,1237934,1238650,716,gene
2893,1237934,1238650,716,CDS
2894,1238808,1239149,341,gene
2895,1238808,1239149,341,CDS
2896,1239161,1239970,809,gene
2897,1239161,1239970,809,CDS
2898,1239873,1240622,749,gene
2899,1239873,1240622,749,CDS
2900,1240728,1242407,1679,gene
2901,1240728,1242407,1679,CDS
2902,1242404,1242763,359,gene
2903,1242404,1242763,359,CDS
2904,1242873,1243172,299,gene
2905,1242873,1243172,299,CDS
2906,1243180,1243560,380,gene
2907,1243180,1243560,380,CDS
2908,1243547,1243741,194,gene
2909,1243547,1243741,194,CDS
2910,1243795,1245666,1871,gene
2911,1243795,1245666,1871,CDS
2912,1245677,1245751,74,gene
2913,1245677,1245751,74,tRNA
2914,1245886,1246083,197,gene
2915,1245886,1246083,197,CDS
2916,1246168,1246527,359,gene
2917,1246168,1246527,359,CDS
2918,1246630,1249146,2516,gene
2919,1246630,1249146,2516,CDS
2920,1249195,1249569,374,gene
2921,1249195,1249569,374,CDS
2922,1249559,1250629,1070,gene
2923,1249559,1250629,1070,CDS
2924,1250622,1252529,1907,gene
2925,1250622,1252529,1907,CDS
2926,1252522,1253841,1319,gene
2927,1252522,1253841,1319,CDS
2928,1253873,1254028,155,gene
2929,1253873,1254028,155,CDS
2930,1254091,1255320,1229,gene
2931,1254091,1255320,1229,CDS
2932,1255325,1256026,701,gene
2933,1255325,1256026,701,CDS
2934,1256027,1256452,425,gene
2935,1256027,1256452,425,CDS
2936,1256454,1257350,896,gene
2937,1256454,1257350,896,CDS
2938,1257331,1258470,1139,gene
2939,1257331,1258470,1139,CDS
2940,1258453,1258827,374,gene
2941,1258453,1258827,374,CDS
2942,1258896,1259774,878,gene
2943,1258896,1259774,878,CDS
2944,1259771,1260043,272,gene
2945,1259771,1260043,272,CDS
2946,1260255,1261163,908,gene
2947,1260255,1261163,908,CDS
2948,1261135,1262184,1049,gene
2949,1261135,1262184,1049,CDS
2950,1262176,1262376,200,gene
2951,1262176,1262376,200,CDS
2952,1262400,1262963,563,gene
2953,1262400,1262963,563,CDS
2954,1263042,1263788,746,gene
2955,1263042,1263788,746,CDS
2956,1263829,1264587,758,gene
2957,1263829,1264587,758,CDS
2958,1264575,1265243,668,gene
2959,1264575,1265243,668,CDS
2960,1265240,1265896,656,gene
2961,1265240,1265896,656,CDS
2962,1265890,1266969,1079,gene
2963,1265890,1266969,1079,CDS
2964,1267009,1268427,1418,gene
2965,1267009,1268427,1418,CDS
2966,1268429,1268719,290,gene
2967,1268429,1268719,290,CDS
2968,1268716,1269033,317,gene
2969,1268716,1269033,317,CDS
2970,1269068,1269436,368,gene
2971,1269068,1269436,368,CDS
2972,1269396,1271030,1634,gene
2973,1269396,1271030,1634,CDS
2974,1270997,1271500,503,gene
2975,1270997,1271500,503,CDS
2976,1271606,1271881,275,gene
2977,1271606,1271881,275,CDS
2978,1271856,1272176,320,gene
2979,1271856,1272176,320,CDS
2980,1272250,1272546,296,gene
2981,1272250,1272546,296,CDS
2982,1272662,1276120,3458,gene
2983,1272662,1276120,3458,CDS
2984,1276085,1276354,269,gene
2985,1276085,1276354,269,CDS
2986,1276486,1279239,2753,gene
2987,1276486,1279239,2753,CDS
2988,1279326,1279565,239,gene
2989,1279326,1279565,239,CDS
2990,1279720,1281102,1382,gene
2991,1279720,1281102,1382,CDS
2992,1281099,1282034,935,gene
2993,1281099,1282034,935,CDS
2994,1282066,1283649,1583,gene
2995,1282066,1283649,1583,CDS
2996,1283646,1284806,1160,gene
2997,1283646,1284806,1160,CDS
2998,1285187,1285582,395,gene
2999,1285187,1285582,395,CDS
3000,1285584,1286933,1349,gene
3001,1285584,1286933,1349,CDS
3002,1286914,1287963,1049,gene
3003,1286914,1287963,1049,CDS
3004,1287960,1288823,863,gene
3005,1287960,1288823,863,CDS
3006,1288812,1289879,1067,gene
3007,1288812,1289879,1067,CDS
3008,1289907,1290680,773,gene
3009,1289907,1290680,773,CDS
3010,1290847,1291026,179,gene
3011,1290847,1291026,179,CDS
3012,1291058,1291738,680,gene
3013,1291058,1291738,680,CDS
3014,1291738,1292013,275,gene
3015,1291738,1292013,275,CDS
3016,1292088,1293467,1379,gene
3017,1292088,1293467,1379,CDS
3018,1293508,1293590,82,gene
3019,1293508,1293590,82,tRNA
3020,1293915,1294169,254,gene
3021,1293915,1294169,254,CDS
3022,1294214,1294801,587,gene
3023,1294214,1294801,587,CDS
3024,1294863,1294994,131,gene
3025,1294863,1294900,37,tRNA
3026,1294959,1294994,35,tRNA
3027,1295221,1295400,179,gene
3028,1295221,1295400,179,CDS
3029,1296055,1297563,1508,gene
3030,1296055,1297563,1508,rRNA
3031,1297759,1300676,2917,gene
3032,1297759,1300676,2917,rRNA
3033,1301205,1302491,1286,gene
3034,1301205,1302491,1286,CDS
3035,1302532,1303917,1385,gene
3036,1302532,1303917,1385,CDS
3037,1304390,1304920,530,gene
3038,1304390,1304920,530,CDS
3039,1305243,1305549,306,gene
3040,1305243,1305549,306,CDS
3041,1305605,1305916,311,gene
3042,1305605,1305916,311,CDS
3043,1306556,1306759,203,gene
3044,1306556,1306759,203,CDS
3045,1306993,1307199,206,gene
3046,1306993,1307199,206,CDS
3047,1307365,1307676,311,gene
3048,1307365,1307676,311,CDS
3049,1307735,1309132,1397,gene
3050,1307735,1309132,1397,CDS
3051,1309241,1310296,1055,gene
3052,1309241,1310296,1055,CDS
3053,1310405,1310614,209,gene
3054,1310405,1310614,209,CDS
3055,1310863,1311624,761,gene
3056,1310863,1311624,761,CDS
3057,1311677,1312081,404,gene
3058,1311677,1312081,404,CDS
3059,1312056,1313288,1232,gene
3060,1312056,1313288,1232,CDS
3061,1313365,1313922,557,gene
3062,1313365,1313922,557,CDS
3063,1313906,1314604,698,gene
3064,1313906,1314604,698,CDS
3065,1314678,1315382,704,gene
3066,1314678,1315382,704,CDS
3067,1315594,1316073,479,gene
3068,1315594,1316073,479,CDS
3069,1316175,1317152,977,gene
3070,1316175,1317152,977,CDS
3071,1317159,1317959,800,gene
3072,1317159,1317959,800,CDS
3073,1317994,1318236,242,gene
3074,1317994,1318236,242,CDS
3075,1318213,1318686,473,gene
3076,1318213,1318686,473,CDS
3077,1318661,1319365,704,gene
3078,1318661,1319365,704,CDS
3079,1319447,1320514,1067,gene
3080,1319447,1320514,1067,CDS
3081,1320511,1322280,1769,gene
3082,1320511,1322280,1769,CDS
3083,1322296,1323252,956,gene
3084,1322296,1323252,956,CDS
3085,1323245,1324402,1157,gene
3086,1323245,1324402,1157,CDS
3087,1324399,1325664,1265,gene
3088,1324399,1325664,1265,CDS
3089,1325716,1326063,347,gene
3090,1325716,1326063,347,CDS
3091,1326032,1326748,716,gene
3092,1326032,1326748,716,CDS
3093,1326787,1326862,75,gene
3094,1326787,1326862,75,tRNA
3095,1326903,1326976,73,gene
3096,1326903,1326976,73,tRNA
3097,1326996,1327149,153,gene
3098,1326996,1327149,153,CDS
3099,1327276,1327782,506,gene
3100,1327276,1327782,506,CDS
3101,1327817,1328830,1013,gene
3102,1327817,1328830,1013,CDS
3103,1329043,1330560,1517,gene
3104,1329043,1330560,1517,CDS
3105,1330684,1330756,72,gene
3106,1330684,1330756,72,tRNA
3107,1330764,1331201,437,gene
3108,1330764,1331201,437,CDS
3109,1331210,1332463,1253,gene
3110,1331210,1332463,1253,CDS
3111,1332529,1333194,665,gene
3112,1332529,1333194,665,CDS
3113,1333410,1333667,257,gene
3114,1333410,1333667,257,CDS
3115,1333651,1335951,2300,gene
3116,1333651,1335951,2300,CDS
3117,1336031,1337332,1301,gene
3118,1336031,1337332,1301,CDS
3119,1337361,1337891,530,gene
3120,1337361,1337891,530,CDS
3121,1337929,1338351,422,gene
3122,1337929,1338351,422,CDS
3123,1338412,1338768,356,gene
3124,1338412,1338768,356,CDS
3125,1338765,1340156,1391,gene
3126,1338765,1340156,1391,CDS
3127,1340206,1340294,88,gene
3128,1340256,1340294,38,tRNA
3129,1340206,1340241,35,tRNA
3130,1340375,1340560,185,gene
3131,1340375,1340560,185,CDS
3132,1340547,1341236,689,gene
3133,1340547,1341236,689,CDS
3134,1341314,1341763,449,gene
3135,1341314,1341763,449,CDS
3136,1341760,1343388,1628,gene
3137,1341760,1343388,1628,CDS
3138,1343430,1344371,941,gene
3139,1343430,1344371,941,CDS
3140,1344361,1345038,677,gene
3141,1344361,1345038,677,CDS
3142,1345025,1346032,1007,gene
3143,1345025,1346032,1007,CDS
3144,1346032,1346877,845,gene
3145,1346032,1346877,845,CDS
3146,1346881,1347078,197,gene
3147,1346881,1347078,197,CDS
3148,1347156,1347686,530,gene
3149,1347156,1347686,530,CDS
3150,1347741,1348454,713,gene
3151,1347741,1348454,713,CDS
3152,1348457,1349689,1232,gene
3153,1348457,1349689,1232,CDS
3154,1349662,1350636,974,gene
3155,1349662,1350636,974,CDS
3156,1350626,1351576,950,gene
3157,1350626,1351576,950,CDS
3158,1351611,1352201,590,gene
3159,1351611,1352201,590,CDS
3160,1352241,1352525,284,gene
3161,1352241,1352525,284,CDS
3162,1352525,1353076,551,gene
3163,1352525,1353076,551,CDS
3164,1353071,1353397,326,gene
3165,1353071,1353397,326,CDS
3166,1353445,1353873,428,gene
3167,1353445,1353873,428,CDS
3168,1353895,1354734,839,gene
3169,1353895,1354734,839,CDS
3170,1354731,1355276,545,gene
3171,1354731,1355276,545,CDS
3172,1355369,1356814,1445,gene
3173,1355369,1356814,1445,CDS
3174,1357059,1357397,338,gene
3175,1357059,1357397,338,CDS
3176,1357387,1358307,920,gene
3177,1357387,1358307,920,CDS
3178,1358371,1359156,785,gene
3179,1358371,1359156,785,CDS
3180,1359196,1360047,851,gene
3181,1359196,1360047,851,CDS
3182,1360058,1360684,626,gene
3183,1360058,1360684,626,CDS
3184,1360681,1361115,434,gene
3185,1360681,1361115,434,CDS
3186,1361823,1362449,626,gene
3187,1361823,1362449,626,CDS
3188,1362518,1362793,275,gene
3189,1362518,1362793,275,CDS
3190,1362793,1364025,1232,gene
3191,1362793,1364025,1232,CDS
3192,1364286,1364816,530,gene
3193,1364286,1364816,530,CDS
3194,1364806,1366287,1481,gene
3195,1364806,1366287,1481,CDS
3196,1366445,1367626,1181,gene
3197,1366445,1367626,1181,CDS
3198,1367800,1368594,794,gene
3199,1367800,1368594,794,CDS
3200,1368720,1369103,383,gene
3201,1368720,1369103,383,CDS
3202,1369076,1370524,1448,gene
3203,1369076,1370524,1448,CDS
3204,1370638,1371198,560,gene
3205,1370638,1371198,560,CDS
3206,1371294,1371518,224,gene
3207,1371294,1371518,224,CDS
3208,1371523,1371936,413,gene
3209,1371523,1371936,413,CDS
3210,1371952,1372638,686,gene
3211,1371952,1372638,686,CDS
3212,1372656,1372862,206,gene
3213,1372656,1372862,206,CDS
3214,1373215,1373577,362,gene
3215,1373215,1373577,362,CDS
3216,1373622,1374086,464,gene
3217,1373622,1374086,464,CDS
3218,1374185,1374424,239,gene
3219,1374185,1374424,239,CDS
3220,1374408,1374776,368,gene
3221,1374408,1374776,368,CDS
3222,1375141,1375515,374,gene
3223,1375141,1375515,374,CDS
3224,1375512,1375889,377,gene
3225,1375512,1375889,377,CDS
3226,1375922,1376158,236,gene
3227,1375922,1376158,236,CDS
3228,1376158,1376601,443,gene
3229,1376158,1376601,443,CDS
3230,1377170,1377598,428,gene
3231,1377170,1377598,428,CDS
3232,1377561,1378010,449,gene
3233,1377561,1378010,449,CDS
3234,1378003,1378400,397,gene
3235,1378003,1378400,397,CDS
3236,1378370,1378743,373,gene
3237,1378370,1378743,373,CDS
3238,1378720,1379604,884,gene
3239,1378720,1379604,884,CDS
3240,1379641,1380564,923,gene
3241,1379641,1380564,923,CDS
3242,1380750,1382567,1817,gene
3243,1380750,1382567,1817,CDS
3244,1382915,1384039,1124,gene
3245,1382915,1384039,1124,CDS
3246,1384054,1384617,563,gene
3247,1384054,1384617,563,CDS
3248,1384614,1385141,527,gene
3249,1384614,1385141,527,CDS
3250,1385144,1386700,1556,gene
3251,1385144,1386700,1556,CDS
3252,1386702,1387571,869,gene
3253,1386702,1387571,869,CDS
3254,1387672,1389252,1580,gene
3255,1387672,1389252,1580,CDS
3256,1389249,1390058,809,gene
3257,1389249,1390058,809,CDS
3258,1390222,1391184,962,gene
3259,1390222,1391184,962,CDS
3260,1391294,1391656,362,gene
3261,1391294,1391656,362,CDS
3262,1391643,1392233,590,gene
3263,1391643,1392233,590,CDS
3264,1392266,1393438,1172,gene
3265,1392266,1393438,1172,CDS
3266,1393724,1394980,1256,gene
3267,1393724,1394980,1256,CDS
3268,1394977,1395338,361,gene
3269,1394977,1395338,361,CDS
3270,1395374,1395688,314,gene
3271,1395374,1395688,314,CDS
3272,1395883,1396032,149,gene
3273,1395883,1396032,149,CDS
3274,1396199,1396435,236,gene
3275,1396199,1396435,236,CDS
3276,1396913,1397452,539,gene
3277,1396913,1397452,539,CDS
3278,1397502,1397720,218,gene
3279,1397502,1397720,218,CDS
3280,1397717,1398088,371,gene
3281,1397717,1398088,371,CDS
3282,1398030,1398437,407,gene
3283,1398030,1398437,407,CDS
3284,1398427,1399107,680,gene
3285,1398427,1399107,680,CDS
3286,1399461,1399808,347,gene
3287,1399461,1399808,347,CDS
3288,1399872,1400807,935,gene
3289,1399872,1400807,935,CDS
3290,1400794,1401009,215,gene
3291,1400794,1401009,215,CDS
3292,1400991,1402313,1322,gene
3293,1400991,1402313,1322,CDS
3294,1402310,1402627,317,gene
3295,1402310,1402627,317,CDS
3296,1403021,1403131,110,gene
3297,1403021,1403131,110,CDS
3298,1403177,1404472,1295,gene
3299,1403177,1404472,1295,CDS
3300,1404584,1404657,73,gene
3301,1404584,1404657,73,tRNA
3302,1404717,1405112,395,gene
3303,1404717,1405112,395,CDS
3304,1405302,1405994,692,gene
3305,1405302,1405994,692,CDS
3306,1406005,1406760,755,gene
3307,1406005,1406760,755,CDS
3308,1407275,1407664,389,gene
3309,1407275,1407664,389,CDS
3310,1407728,1407931,203,gene
3311,1407728,1407931,203,CDS
3312,1408050,1408817,767,gene
3313,1408050,1408817,767,CDS
3314,1408856,1409446,590,gene
3315,1408856,1409446,590,CDS
3316,1409658,1410470,812,gene
3317,1409658,1410470,812,CDS
3318,1410506,1410757,251,gene
3319,1410506,1410757,251,CDS
3320,1410823,1411878,1055,gene
3321,1410823,1411878,1055,CDS
3322,1411851,1412972,1121,gene
3323,1411851,1412972,1121,CDS
3324,1413125,1413913,788,gene
3325,1413125,1413913,788,CDS
3326,1413947,1415053,1106,gene
3327,1413947,1415053,1106,CDS
3328,1415447,1415716,269,gene
3329,1415447,1415716,269,CDS
3330,1415713,1416936,1223,gene
3331,1415713,1416936,1223,CDS
3332,1416933,1417781,848,gene
3333,1416933,1417781,848,CDS
3334,1417778,1418503,725,gene
3335,1417778,1418503,725,CDS
3336,1418675,1419760,1085,gene
3337,1418675,1419760,1085,CDS
3338,1419926,1422040,2114,gene
3339,1419926,1422040,2114,CDS
3340,1422092,1422820,728,gene
3341,1422092,1422820,728,CDS
3342,1423382,1423903,521,gene
3343,1423382,1423903,521,CDS
3344,1423979,1424101,122,gene
3345,1423979,1424101,122,CDS
3346,1424098,1424298,200,gene
3347,1424098,1424298,200,CDS
3348,1424505,1424807,302,gene
3349,1424505,1424807,302,CDS
3350,1425361,1425801,440,gene
3351,1425361,1425801,440,CDS
3352,1425858,1426169,311,gene
3353,1425858,1426169,311,CDS
3354,1426847,1427490,643,gene
3355,1426847,1427490,643,CDS
3356,1427583,1427750,167,gene
3357,1427583,1427750,167,CDS
3358,1427755,1427958,203,gene
3359,1427755,1427958,203,CDS
3360,1428193,1428438,245,gene
3361,1428193,1428438,245,CDS
3362,1428422,1428817,395,gene
3363,1428422,1428817,395,CDS
3364,1428946,1430052,1106,gene
3365,1428946,1430052,1106,CDS
3366,1430113,1430349,236,gene
3367,1430113,1430349,236,CDS
3368,1431043,1431585,542,gene
3369,1431043,1431585,542,CDS
3370,1431687,1432073,386,gene
3371,1431687,1432073,386,CDS
3372,1432070,1432312,242,gene
3373,1432070,1432312,242,CDS
3374,1432470,1432640,170,gene
3375,1432470,1432640,170,CDS
3376,1432743,1432985,242,gene
3377,1432743,1432985,242,CDS
3378,1432973,1433380,407,gene
3379,1432973,1433380,407,CDS
3380,1434023,1434376,353,gene
3381,1434023,1434376,353,CDS
3382,1434453,1434722,269,gene
3383,1434453,1434722,269,CDS
3384,1434875,1435381,506,gene
3385,1434875,1435381,506,CDS
3386,1435345,1436318,973,gene
3387,1435345,1436318,973,CDS
3388,1436797,1437208,411,gene
3389,1436797,1437208,411,CDS
3390,1437314,1437559,245,gene
3391,1437314,1437559,245,CDS
3392,1437564,1438520,956,gene
3393,1437564,1438520,956,CDS
3394,1438857,1440032,1175,gene
3395,1438857,1440032,1175,CDS
3396,1440266,1441645,1379,gene
3397,1440266,1441645,1379,CDS
3398,1441806,1442576,770,gene
3399,1441806,1442576,770,CDS
3400,1442620,1443081,461,gene
3401,1442620,1443081,461,CDS
3402,1443689,1446097,2408,gene
3403,1443689,1446097,2408,CDS
3404,1446249,1446539,290,gene
3405,1446249,1446539,290,CDS
3406,1447405,1448269,864,gene
3407,1447405,1448269,864,CDS
3408,1448804,1449547,743,gene
3409,1448804,1449547,743,CDS
3410,1449629,1450359,730,gene
3411,1449629,1450359,730,CDS
3412,1450523,1451140,617,gene
3413,1450523,1451140,617,CDS
3414,1451300,1452045,745,gene
3415,1451300,1452045,745,CDS
3416,1453019,1453786,767,gene
3417,1453019,1453786,767,CDS
3418,1455148,1455381,233,gene
3419,1455148,1455381,233,CDS
3420,1455368,1455727,359,gene
3421,1455368,1455727,359,CDS
3422,1456186,1456549,363,gene
3423,1456186,1456549,363,CDS
3424,1456570,1457136,566,gene
3425,1456570,1457136,566,CDS
3426,1457489,1458211,722,gene
3427,1457489,1458211,722,CDS
3428,1458218,1458430,212,gene
3429,1458218,1458430,212,CDS
3430,1458818,1459279,461,gene
3431,1458818,1459279,461,CDS
3432,1459547,1459906,359,gene
3433,1459547,1459906,359,CDS
3434,1460054,1460512,458,gene
3435,1460054,1460512,458,CDS
3436,1460580,1461278,698,gene
3437,1460580,1461278,698,CDS
3438,1461388,1461636,248,gene
3439,1461388,1461636,248,CDS
3440,1461634,1461738,104,gene
3441,1461634,1461738,104,CDS
3442,1461725,1461997,272,gene
3443,1461725,1461997,272,CDS
3444,1462217,1462309,92,gene
3445,1462217,1462309,92,CDS
3446,1462696,1463085,389,gene
3447,1462696,1463085,389,CDS
3448,1463078,1463344,266,gene
3449,1463078,1463344,266,CDS
3450,1463386,1463661,275,gene
3451,1463386,1463661,275,CDS
3452,1463713,1463897,184,gene
3453,1463713,1463897,184,CDS
3454,1463992,1464386,394,gene
3455,1463992,1464386,394,CDS
3456,1464933,1466177,1244,gene
3457,1464933,1466177,1244,CDS
3458,1466387,1466896,509,gene
3459,1466387,1466896,509,CDS
3460,1467196,1469235,2039,gene
3461,1467196,1469235,2039,CDS
3462,1469282,1469803,521,gene
3463,1469282,1469803,521,CDS
3464,1470188,1471309,1121,gene
3465,1470188,1471309,1121,CDS
3466,1471397,1472818,1421,gene
3467,1471397,1472818,1421,CDS
3468,1472907,1473326,419,gene
3469,1472907,1473326,419,CDS
3470,1473440,1475281,1841,gene
3471,1473440,1475281,1841,CDS
3472,1475330,1475518,188,gene
3473,1475330,1475518,188,CDS
3474,1475594,1476535,941,gene
3475,1475594,1476535,941,CDS
3476,1476541,1477629,1088,gene
3477,1476541,1477629,1088,CDS
3478,1477560,1478720,1160,gene
3479,1477560,1478720,1160,CDS
3480,1478739,1479434,695,gene
3481,1478739,1479434,695,CDS
3482,1479403,1480554,1151,gene
3483,1479403,1480554,1151,CDS
3484,1480723,1481808,1085,gene
3485,1480723,1481808,1085,CDS
3486,1481824,1482447,623,gene
3487,1481824,1482447,623,CDS
3488,1482873,1483349,476,gene
3489,1482873,1483349,476,CDS
3490,1483449,1483838,389,gene
3491,1483449,1483838,389,CDS
3492,1483986,1485137,1151,gene
3493,1483986,1485137,1151,CDS
3494,1485137,1485619,482,gene
3495,1485137,1485619,482,CDS
3496,1485779,1486057,278,gene
3497,1485779,1486057,278,CDS
3498,1486176,1486436,260,gene
3499,1486176,1486436,260,CDS
3500,1486403,1486657,254,gene
3501,1486403,1486657,254,CDS
3502,1486787,1488100,1313,gene
3503,1486787,1488100,1313,CDS
3504,1488426,1488986,560,gene
3505,1488426,1488986,560,CDS
3506,1488959,1489162,203,gene
3507,1488959,1489162,203,CDS
3508,1489486,1489740,254,gene
3509,1489486,1489740,254,CDS
3510,1489745,1490242,497,gene
3511,1489745,1490242,497,CDS
3512,1490587,1491123,536,gene
3513,1490587,1491123,536,CDS
3514,1491254,1492444,1190,gene
3515,1491254,1492444,1190,CDS
3516,1492756,1493049,293,gene
3517,1492756,1493049,293,CDS
3518,1493082,1494737,1655,gene
3519,1493082,1494737,1655,CDS
3520,1494754,1495731,977,gene
3521,1494754,1495731,977,CDS
3522,1495756,1496691,935,gene
3523,1495756,1496691,935,CDS
3524,1496698,1498050,1352,gene
3525,1496698,1498050,1352,CDS
3526,1498191,1498694,503,gene
3527,1498191,1498694,503,CDS
3528,1498926,1499213,287,gene
3529,1498926,1499213,287,CDS
3530,1499276,1499608,332,gene
3531,1499276,1499608,332,CDS
3532,1499592,1500419,827,gene
3533,1499592,1500419,827,CDS
3534,1500656,1501213,557,gene
3535,1500656,1501213,557,CDS
3536,1501214,1502341,1127,gene
3537,1501214,1502341,1127,CDS
3538,1503040,1503540,500,gene
3539,1503040,1503540,500,CDS
3540,1503525,1503941,416,gene
3541,1503525,1503941,416,CDS
3542,1504169,1504318,149,gene
3543,1504169,1504318,149,CDS
3544,1504314,1504583,269,gene
3545,1504314,1504583,269,CDS
3546,1504945,1505178,233,gene
3547,1504945,1505178,233,CDS
3548,1505258,1505602,344,gene
3549,1505258,1505602,344,CDS
3550,1505620,1506231,611,gene
3551,1505620,1506231,611,CDS
3552,1506911,1507654,743,gene
3553,1506911,1507654,743,CDS
3554,1507883,1508845,962,gene
3555,1507883,1508845,962,CDS
3556,1509198,1509332,134,gene
3557,1509198,1509332,134,CDS
3558,1509671,1511221,1550,gene
3559,1509671,1511221,1550,CDS
3560,1511465,1511836,371,gene
3561,1511465,1511836,371,CDS
3562,1511909,1512316,407,gene
3563,1511909,1512316,407,CDS
3564,1512446,1512658,212,gene
3565,1512446,1512658,212,CDS
3566,1512658,1513068,410,gene
3567,1512658,1513068,410,CDS
3568,1513181,1513489,308,gene
3569,1513181,1513489,308,CDS
3570,1514147,1514410,263,gene
3571,1514147,1514410,263,CDS
3572,1514548,1515582,1034,gene
3573,1514548,1515582,1034,CDS
3574,1515658,1516188,530,gene
3575,1515658,1516188,530,CDS
3576,1516185,1517006,821,gene
3577,1516185,1517006,821,CDS
3578,1517007,1518050,1043,gene
3579,1517007,1518050,1043,CDS
3580,1518047,1518937,890,gene
3581,1518047,1518937,890,CDS
3582,1518934,1519960,1026,gene
3583,1518934,1519960,1026,CDS
3584,1520029,1520517,488,gene
3585,1520029,1520517,488,CDS
3586,1520570,1520986,416,gene
3587,1520570,1520986,416,CDS
3588,1520979,1522073,1094,gene
3589,1520979,1522073,1094,CDS
3590,1522075,1522521,446,gene
3591,1522075,1522521,446,CDS
3592,1522580,1523209,629,gene
3593,1522580,1523209,629,CDS
3594,1523405,1523851,446,gene
3595,1523405,1523851,446,CDS
3596,1523847,1524266,419,gene
3597,1523847,1524266,419,CDS
3598,1524337,1524663,326,gene
3599,1524337,1524663,326,CDS
3600,1524809,1525726,917,gene
3601,1524809,1525726,917,CDS
3602,1525723,1526415,692,gene
3603,1525723,1526415,692,CDS
3604,1526402,1527090,688,gene
3605,1526402,1527090,688,CDS
3606,1527137,1528216,1079,gene
3607,1527137,1528216,1079,CDS
3608,1528265,1529599,1334,gene
3609,1528265,1529599,1334,CDS
3610,1529722,1530555,833,gene
3611,1529722,1530555,833,CDS
3612,1530627,1530869,242,gene
3613,1530627,1530869,242,CDS
3614,1530880,1531296,416,gene
3615,1530880,1531296,416,CDS
3616,1531452,1531835,383,gene
3617,1531452,1531835,383,CDS
3618,1531835,1533166,1331,gene
3619,1531835,1533166,1331,CDS
3620,1533159,1533500,341,gene
3621,1533159,1533500,341,CDS
3622,1533497,1534033,536,gene
3623,1533497,1534033,536,CDS
3624,1534123,1534404,281,gene
3625,1534123,1534404,281,CDS
3626,1534527,1535546,1019,gene
3627,1534527,1535546,1019,CDS
3628,1535548,1535808,260,gene
3629,1535548,1535808,260,CDS
3630,1535930,1536271,341,gene
3631,1535930,1536271,341,CDS
3632,1536259,1536435,176,gene
3633,1536259,1536435,176,CDS
3634,1537952,1538395,443,gene
3635,1537952,1538395,443,CDS
3636,1538450,1538662,212,gene
3637,1538450,1538662,212,CDS
3638,1538892,1539043,151,gene
3639,1538892,1539043,151,CDS
3640,1539122,1540258,1136,gene
3641,1539122,1540258,1136,CDS
3642,1540293,1540756,463,gene
3643,1540293,1540756,463,CDS
3644,1540990,1542297,1307,gene
3645,1540990,1542297,1307,CDS
3646,1542294,1542446,152,gene
3647,1542294,1542446,152,CDS
3648,1543237,1543470,233,gene
3649,1543237,1543470,233,CDS
3650,1543451,1543839,388,gene
3651,1543451,1543839,388,CDS
3652,1544178,1545173,995,gene
3653,1544178,1545173,995,CDS
3654,1545268,1546035,767,gene
3655,1545268,1546035,767,CDS
3656,1546010,1546372,362,gene
3657,1546010,1546372,362,CDS
3658,1546336,1549269,2933,gene
3659,1546336,1549269,2933,CDS
3660,1549499,1550071,572,gene
3661,1549499,1550071,572,CDS
3662,1550891,1551385,494,gene
3663,1550891,1551385,494,CDS
3664,1551743,1552798,1055,gene
3665,1551743,1552798,1055,CDS
3666,1553028,1554389,1361,gene
3667,1553028,1554389,1361,CDS
3668,1554512,1555858,1346,gene
3669,1554512,1555858,1346,CDS
3670,1555850,1556152,302,gene
3671,1555850,1556152,302,CDS
3672,1556608,1556849,241,gene
3673,1556608,1556849,241,CDS
3674,1557037,1557213,176,gene
3675,1557037,1557213,176,CDS
3676,1557848,1558240,392,gene
3677,1557848,1558240,392,CDS
3678,1558494,1558688,194,gene
3679,1558494,1558688,194,CDS
3680,1558970,1560262,1292,gene
3681,1558970,1560262,1292,CDS
3682,1560486,1560977,491,gene
3683,1560486,1560977,491,CDS
3684,1561363,1562121,758,gene
3685,1561363,1562121,758,CDS
3686,1562889,1565200,2311,repeat_region
3687,1565268,1565492,224,gene
3688,1565268,1565492,224,CDS
3689,1565539,1565843,304,gene
3690,1565539,1565843,304,CDS
3691,1565917,1566390,473,gene
3692,1565917,1566390,473,CDS
3693,1566664,1567098,434,gene
3694,1566664,1567098,434,CDS
3695,1567316,1568707,1391,gene
3696,1567316,1568707,1391,CDS
3697,1568708,1569607,899,gene
3698,1568708,1569607,899,CDS
3699,1570188,1570463,275,gene
3700,1570188,1570463,275,CDS
3701,1570464,1570667,203,gene
3702,1570464,1570667,203,CDS
3703,1570678,1571766,1088,gene
3704,1570678,1571766,1088,CDS
3705,1571963,1572468,505,gene
3706,1571963,1572468,505,CDS
3707,1572957,1574132,1175,gene
3708,1572957,1574132,1175,CDS
3709,1574452,1574838,386,gene
3710,1574452,1574838,386,CDS
3711,1574828,1575052,224,gene
3712,1574828,1575052,224,CDS
3713,1575194,1575970,776,gene
3714,1575194,1575970,776,CDS
3715,1576675,1577460,785,gene
3716,1576675,1577460,785,CDS
3717,1577709,1578692,983,gene
3718,1577709,1578692,983,CDS
3719,1578673,1579389,716,gene
3720,1578673,1579389,716,CDS
3721,1579373,1580830,1457,gene
3722,1579373,1580830,1457,CDS
3723,1580814,1581536,722,gene
3724,1580814,1581536,722,CDS
3725,1581552,1582520,968,gene
3726,1581552,1582520,968,CDS
3727,1582517,1582918,401,gene
3728,1582517,1582918,401,CDS
3729,1582971,1583594,623,gene
3730,1582971,1583594,623,CDS
3731,1583758,1584302,544,repeat_region
3732,1584654,1585505,851,gene
3733,1584654,1585505,851,CDS
3734,1585512,1586420,908,gene
3735,1585512,1586420,908,CDS
3736,1586530,1586799,269,gene
3737,1586530,1586799,269,CDS
3738,1586787,1587313,526,gene
3739,1586787,1587313,526,CDS
3740,1587390,1588082,692,gene
3741,1587390,1588082,692,CDS
3742,1588353,1588635,282,repeat_region
3743,1589684,1590049,365,gene
3744,1589684,1590049,365,CDS
3745,1590180,1590443,263,gene
3746,1590180,1590443,263,CDS
3747,1590650,1590886,236,gene
3748,1590650,1590886,236,CDS
3749,1591268,1592479,1211,gene
3750,1591268,1592479,1211,CDS
3751,1592502,1594196,1694,gene
3752,1592502,1594196,1694,CDS
3753,1594583,1595416,833,gene
3754,1594583,1595416,833,CDS
3755,1595398,1596252,854,gene
3756,1595398,1596252,854,CDS
3757,1596338,1597540,1202,gene
3758,1596338,1597540,1202,CDS
3759,1597796,1599007,1211,gene
3760,1597796,1599007,1211,CDS
3761,1598997,1599458,461,gene
3762,1598997,1599458,461,CDS
3763,1599682,1600218,536,gene
3764,1599682,1600218,536,CDS
3765,1600323,1601384,1061,gene
3766,1600323,1601384,1061,CDS
3767,1602705,1603076,371,gene
3768,1602705,1603076,371,CDS
3769,1603464,1603934,470,gene
3770,1603464,1603934,470,CDS
3771,1604572,1605447,875,gene
3772,1604572,1605447,875,CDS
3773,1605838,1606548,710,gene
3774,1605838,1606548,710,CDS
3775,1606630,1606959,329,gene
3776,1606630,1606959,329,CDS
3777,1606995,1607606,611,gene
3778,1606995,1607606,611,CDS
3779,1607712,1607965,253,gene
3780,1607712,1607965,253,CDS
3781,1607997,1608356,359,gene
3782,1607997,1608356,359,CDS
3783,1608445,1608666,221,gene
3784,1608445,1608666,221,CDS
3785,1608761,1609318,557,gene
3786,1608761,1609318,557,CDS
3787,1609359,1609595,236,gene
3788,1609359,1609595,236,CDS
3789,1609673,1609933,260,gene
3790,1609673,1609933,260,CDS
3791,1610344,1610715,371,gene
3792,1610344,1610715,371,CDS
3793,1610712,1611344,632,gene
3794,1610712,1611344,632,CDS
3795,1611335,1612210,875,gene
3796,1611335,1612210,875,CDS
3797,1612305,1613063,758,gene
3798,1612305,1613063,758,CDS
3799,1613056,1614063,1007,gene
3800,1613056,1614063,1007,CDS
3801,1614060,1615862,1802,gene
3802,1614060,1615862,1802,CDS
3803,1616077,1616586,509,gene
3804,1616077,1616586,509,CDS
3805,1616746,1619109,2363,gene
3806,1616746,1619109,2363,CDS
3807,1619316,1619573,257,gene
3808,1619316,1619573,257,CDS
3809,1619570,1619920,350,gene
3810,1619570,1619920,350,CDS
3811,1619952,1620269,317,gene
3812,1619952,1620269,317,CDS
3813,1620461,1620892,431,gene
3814,1620461,1620892,431,CDS
3815,1620977,1621333,356,gene
3816,1620977,1621333,356,CDS
3817,1621465,1621912,447,gene
3818,1621465,1621912,447,CDS
3819,1622018,1622467,449,gene
3820,1622018,1622467,449,CDS
3821,1622672,1623262,590,gene
3822,1622672,1623262,590,CDS
3823,1623862,1624259,397,gene
3824,1623862,1624259,397,CDS
3825,1624282,1624443,161,gene
3826,1624282,1624443,161,CDS
3827,1624556,1625821,1265,gene
3828,1624556,1625821,1265,CDS
3829,1626098,1626459,361,gene
3830,1626098,1626459,361,CDS
3831,1626437,1626768,331,gene
3832,1626437,1626768,331,CDS
3833,1627138,1628898,1760,gene
3834,1627138,1628898,1760,CDS
3835,1628934,1630130,1196,gene
3836,1628934,1630130,1196,CDS
3837,1630333,1630859,526,gene
3838,1630333,1630859,526,CDS
3839,1631059,1631406,347,gene
3840,1631059,1631406,347,CDS
3841,1631508,1631660,152,gene
3842,1631508,1631660,152,CDS
3843,1631657,1632964,1307,gene
3844,1631657,1632964,1307,CDS
3845,1633083,1633619,536,gene
3846,1633083,1633619,536,CDS
3847,1633721,1634065,344,gene
3848,1633721,1634065,344,CDS
3849,1634028,1634438,410,gene
3850,1634028,1634438,410,CDS
3851,1634498,1634764,266,gene
3852,1634498,1634764,266,CDS
3853,1634747,1635175,428,gene
3854,1634747,1635175,428,CDS
3855,1635214,1635894,680,gene
3856,1635214,1635894,680,CDS
3857,1636022,1636237,215,gene
3858,1636022,1636237,215,CDS
3859,1636223,1637548,1325,gene
3860,1636223,1637548,1325,CDS
3861,1637520,1638042,522,gene
3862,1637520,1638042,522,CDS
3863,1638262,1638999,737,gene
3864,1638262,1638999,737,CDS
3865,1639101,1639547,446,gene
3866,1639101,1639547,446,CDS
3867,1639572,1640189,617,gene
3868,1639572,1640189,617,CDS
3869,1640386,1641954,1568,gene
3870,1640386,1641954,1568,CDS
3871,1642004,1643230,1226,gene
3872,1642004,1643230,1226,CDS
3873,1643231,1644604,1373,gene
3874,1643231,1644604,1373,CDS
3875,1644646,1644936,290,gene
3876,1644646,1644936,290,CDS
3877,1645004,1645573,569,gene
3878,1645004,1645573,569,CDS
3879,1645551,1646834,1283,gene
3880,1645551,1646834,1283,CDS
3881,1647034,1648242,1208,gene
3882,1647034,1648242,1208,CDS
3883,1648226,1648864,638,gene
3884,1648226,1648864,638,CDS
3885,1648921,1649643,722,gene
3886,1648921,1649643,722,CDS
3887,1650216,1651784,1568,gene
3888,1650216,1651784,1568,CDS
3889,1652271,1652636,365,gene
3890,1652271,1652636,365,CDS
3891,1652633,1652983,350,gene
3892,1652633,1652983,350,CDS
3893,1653085,1653711,626,gene
3894,1653085,1653711,626,CDS
3895,1653792,1654259,467,gene
3896,1653792,1654259,467,CDS
3897,1654509,1655066,557,gene
3898,1654509,1655066,557,CDS
3899,1655103,1655903,800,gene
3900,1655103,1655903,800,CDS
3901,1656454,1657506,1052,gene
3902,1656454,1657506,1052,CDS
3903,1657527,1657955,428,gene
3904,1657527,1657955,428,CDS
3905,1657990,1658994,1004,gene
3906,1657990,1658994,1004,CDS
3907,1659251,1660048,797,gene
3908,1659251,1660048,797,CDS
3909,1660417,1660794,377,gene
3910,1660417,1660794,377,CDS
3911,1660827,1661975,1148,gene
3912,1660827,1661975,1148,CDS
3913,1662472,1662999,527,gene
3914,1662472,1662999,527,CDS
3915,1663247,1663705,458,gene
3916,1663247,1663705,458,CDS
3917,1663702,1664112,410,gene
3918,1663702,1664112,410,CDS
3919,1664274,1664987,713,gene
3920,1664274,1664987,713,CDS
3921,1665015,1665668,653,gene
3922,1665015,1665668,653,CDS
3923,1665721,1666183,462,gene
3924,1665721,1666183,462,CDS
3925,1666477,1666782,305,gene
3926,1666477,1666782,305,CDS
3927,1666852,1667307,455,gene
3928,1666852,1667307,455,CDS
3929,1667297,1668112,815,gene
3930,1667297,1668112,815,CDS
3931,1668295,1668474,179,gene
3932,1668295,1668474,179,CDS
3933,1668749,1669105,356,gene
3934,1668749,1669105,356,CDS
3935,1669207,1669488,281,gene
3936,1669207,1669488,281,CDS
3937,1669504,1669821,317,gene
3938,1669504,1669821,317,CDS
3939,1670188,1670514,326,gene
3940,1670188,1670514,326,CDS
3941,1670794,1671006,212,gene
3942,1670794,1671006,212,CDS
3943,1671255,1671878,623,gene
3944,1671255,1671878,623,CDS
3945,1671875,1672312,437,gene
3946,1671875,1672312,437,CDS
3947,1672489,1674543,2054,gene
3948,1672489,1674543,2054,CDS
3949,1675007,1676341,1334,gene
3950,1675007,1676341,1334,CDS
3951,1676469,1678730,2261,gene
3952,1676469,1678730,2261,CDS
3953,1678737,1679270,533,gene
3954,1678737,1679270,533,CDS
3955,1679446,1682022,2576,gene
3956,1679446,1682022,2576,CDS
3957,1682075,1682485,410,gene
3958,1682075,1682485,410,CDS
3959,1682487,1682954,467,gene
3960,1682487,1682954,467,CDS
3961,1683124,1683609,485,gene
3962,1683124,1683609,485,CDS
3963,1683784,1684341,557,gene
3964,1683784,1684341,557,CDS
3965,1684391,1685173,782,gene
3966,1684391,1685173,782,CDS
3967,1685994,1687121,1127,gene
3968,1685994,1687121,1127,CDS
3969,1687576,1687839,263,gene
3970,1687576,1687839,263,CDS
3971,1687909,1688919,1010,gene
3972,1687909,1688919,1010,CDS
3973,1689459,1690082,623,gene
3974,1689459,1690082,623,CDS
3975,1690414,1692132,1718,gene
3976,1690414,1692132,1718,CDS
3977,1692530,1693852,1322,gene
3978,1692530,1693852,1322,CDS
3979,1693968,1696151,2183,gene
3980,1693968,1696151,2183,CDS
3981,1696326,1696886,560,gene
3982,1696326,1696886,560,CDS
3983,1696953,1698473,1520,gene
3984,1696953,1698473,1520,CDS
3985,1698595,1699131,536,gene
3986,1698595,1699131,536,CDS
3987,1699212,1699361,149,gene
3988,1699212,1699361,149,CDS
3989,1699509,1700156,647,gene
3990,1699509,1700156,647,CDS
3991,1700226,1700606,380,gene
3992,1700226,1700606,380,CDS
3993,1700647,1701792,1145,gene
3994,1700647,1701792,1145,CDS
3995,1701789,1702218,429,gene
3996,1701789,1702218,429,CDS
3997,1702408,1703790,1382,gene
3998,1702408,1703790,1382,CDS
3999,1703787,1704245,458,gene
4000,1703787,1704245,458,CDS
4001,1704285,1704710,425,gene
4002,1704285,1704710,425,CDS
4003,1704844,1705524,680,gene
4004,1704844,1705524,680,CDS
4005,1705606,1706376,770,gene
4006,1705606,1706376,770,CDS
4007,1706542,1707165,623,gene
4008,1706542,1707165,623,CDS
4009,1707162,1710557,3395,gene
4010,1707162,1710557,3395,CDS
4011,1710565,1711362,797,gene
4012,1710565,1711362,797,CDS
4013,1711381,1711722,341,gene
4014,1711381,1711722,341,CDS
4015,1712061,1712837,776,gene
4016,1712061,1712837,776,CDS
4017,1712834,1713832,998,gene
4018,1712834,1713832,998,CDS
4019,1713908,1714228,320,gene
4020,1713908,1714228,320,CDS
4021,1714545,1715630,1085,gene
4022,1714545,1715630,1085,CDS
4023,1715880,1716446,566,gene
4024,1715880,1716446,566,CDS
4025,1716522,1718069,1547,gene
4026,1716522,1718069,1547,CDS
4027,1718100,1718963,863,gene
4028,1718100,1718963,863,CDS
4029,1719010,1719870,860,gene
4030,1719010,1719870,860,CDS
4031,1720626,1722413,1787,gene
4032,1720626,1722413,1787,CDS
4033,1722447,1722845,398,gene
4034,1722447,1722845,398,CDS
4035,1722826,1724091,1265,gene
4036,1722826,1724091,1265,CDS
4037,1724567,1724884,317,gene
4038,1724567,1724884,317,CDS
4039,1724941,1725057,116,gene
4040,1724941,1725057,116,CDS
4041,1725124,1725303,179,gene
4042,1725124,1725303,179,CDS
4043,1725537,1725821,284,gene
4044,1725537,1725821,284,CDS
4045,1726023,1726766,743,gene
4046,1726023,1726766,743,CDS
4047,1727371,1727553,182,gene
4048,1727371,1727553,182,CDS
4049,1727942,1728364,422,gene
4050,1727942,1728364,422,CDS
4051,1728346,1728687,341,gene
4052,1728346,1728687,341,CDS
4053,1728837,1729151,314,gene
4054,1728837,1729151,314,CDS
4055,1729138,1729521,383,gene
4056,1729138,1729521,383,CDS
4057,1729687,1731006,1319,gene
4058,1729687,1731006,1319,CDS
4059,1731274,1732425,1151,gene
4060,1731274,1732425,1151,CDS
4061,1732615,1733031,416,gene
4062,1732615,1733031,416,CDS
4063,1733091,1733417,326,gene
4064,1733091,1733417,326,CDS
4065,1733612,1733803,191,gene
4066,1733612,1733803,191,CDS
4067,1734727,1735029,302,gene
4068,1734727,1735029,302,CDS
4069,1735202,1736011,809,gene
4070,1735202,1736011,809,CDS
4071,1737120,1737521,401,gene
4072,1737120,1737521,401,CDS
4073,1737912,1738100,188,gene
4074,1737912,1738100,188,CDS
4075,1738599,1738934,335,gene
4076,1738599,1738934,335,CDS
4077,1739821,1740228,407,gene
4078,1739821,1740228,407,CDS
4079,1740228,1741166,938,gene
4080,1740228,1741166,938,CDS
4081,1741272,1741748,476,gene
4082,1741272,1741748,476,CDS
4083,1741904,1743085,1181,gene
4084,1741904,1743085,1181,CDS
4085,1743113,1743466,353,gene
4086,1743113,1743466,353,CDS
4087,1743508,1743867,359,gene
4088,1743508,1743867,359,CDS
4089,1743827,1744192,365,gene
4090,1743827,1744192,365,CDS
4091,1744172,1744591,419,gene
4092,1744172,1744591,419,CDS
4093,1744588,1744929,341,gene
4094,1744588,1744929,341,CDS
4095,1744892,1745437,545,gene
4096,1744892,1745437,545,CDS
4097,1745516,1745932,416,gene
4098,1745516,1745932,416,CDS
4099,1746016,1746297,281,gene
4100,1746016,1746297,281,CDS
4101,1746394,1750254,3860,gene
4102,1746394,1750254,3860,CDS
4103,1750514,1750765,251,gene
4104,1750514,1750765,251,CDS
4105,1751038,1752303,1265,gene
4106,1751038,1752303,1265,CDS
4107,1752335,1752712,377,gene
4108,1752335,1752712,377,CDS
4109,1752816,1753190,374,gene
4110,1752816,1753190,374,CDS
4111,1753499,1754905,1406,gene
4112,1753499,1754905,1406,CDS
4113,1754934,1755956,1022,gene
4114,1754934,1755956,1022,CDS
4115,1755953,1756246,293,gene
4116,1755953,1756246,293,CDS
4117,1756372,1756986,614,gene
4118,1756372,1756986,614,CDS
4119,1757053,1757358,305,gene
4120,1757053,1757358,305,CDS
4121,1757440,1758741,1301,gene
4122,1757440,1758741,1301,CDS
4123,1758744,1758943,199,gene
4124,1758744,1758943,199,CDS
4125,1759167,1759622,455,gene
4126,1759167,1759622,455,CDS
4127,1759612,1760043,431,gene
4128,1759612,1760043,431,CDS
4129,1760046,1762253,2207,gene
4130,1760046,1762253,2207,CDS
4131,1762575,1763921,1346,gene
4132,1762575,1763921,1346,CDS
4133,1763967,1764482,515,gene
4134,1763967,1764482,515,CDS
4135,1764489,1765832,1343,gene
4136,1764489,1765832,1343,CDS
4137,1765829,1766287,458,gene
4138,1765829,1766287,458,CDS
4139,1766297,1767595,1298,gene
4140,1766297,1767595,1298,CDS
4141,1767996,1768340,344,gene
4142,1767996,1768340,344,CDS
4143,1768321,1768422,101,gene
4144,1768321,1768422,101,CDS
4145,1768435,1768580,145,gene
4146,1768435,1768580,145,CDS
4147,1768665,1768951,286,gene
4148,1768665,1768951,286,CDS
4149,1769119,1770027,908,gene
4150,1769119,1770027,908,CDS
4151,1770020,1771180,1160,gene
4152,1770020,1771180,1160,CDS
4153,1771182,1771442,260,gene
4154,1771182,1771442,260,CDS
4155,1771435,1771980,545,gene
4156,1771435,1771980,545,CDS
4157,1772077,1773414,1337,gene
4158,1772077,1773414,1337,CDS
4159,1773487,1774893,1406,gene
4160,1773487,1774893,1406,CDS
4161,1774937,1776247,1310,gene
4162,1774937,1776247,1310,CDS
4163,1776311,1777048,737,gene
4164,1776311,1777048,737,CDS
4165,1777054,1778724,1670,gene
4166,1777054,1778724,1670,CDS
4167,1778748,1779470,722,gene
4168,1778748,1779470,722,CDS
4169,1779527,1780492,965,gene
4170,1779527,1780492,965,CDS
4171,1780485,1781849,1364,gene
4172,1780485,1781849,1364,CDS
4173,1781842,1782543,701,gene
4174,1781842,1782543,701,CDS
4175,1783017,1783628,611,gene
4176,1783017,1783628,611,CDS
4177,1783694,1784008,314,gene
4178,1783694,1784008,314,CDS
4179,1784034,1784567,533,gene
4180,1784034,1784567,533,CDS
4181,1784882,1785253,371,gene
4182,1784882,1785253,371,CDS
4183,1785533,1785832,299,gene
4184,1785533,1785832,299,CDS
4185,1785868,1786572,704,gene
4186,1785868,1786572,704,CDS
4187,1786567,1787010,443,gene
4188,1786567,1787010,443,CDS
4189,1787007,1787420,413,gene
4190,1787007,1787420,413,CDS
4191,1787564,1788073,509,gene
4192,1787564,1788073,509,CDS
4193,1788225,1789450,1225,gene
4194,1788225,1789450,1225,CDS
4195,1789825,1790652,827,gene
4196,1789825,1790652,827,CDS
4197,1790675,1791361,686,gene
4198,1790675,1791361,686,CDS
4199,1791574,1792698,1124,gene
4200,1791574,1792698,1124,CDS
4201,1792716,1793867,1151,gene
4202,1792716,1793867,1151,CDS
4203,1793891,1794922,1031,gene
4204,1793891,1794922,1031,CDS
4205,1795091,1795321,230,gene
4206,1795091,1795321,230,CDS
4207,1795311,1795691,380,gene
4208,1795311,1795691,380,CDS
4209,1795681,1796409,728,gene
4210,1795681,1796409,728,CDS
4211,1796412,1798313,1901,gene
4212,1796412,1798313,1901,CDS
4213,1798496,1799620,1124,gene
4214,1798496,1799620,1124,CDS
4215,1799660,1801030,1370,gene
4216,1799660,1801030,1370,CDS
4217,1801027,1801926,899,gene
4218,1801027,1801926,899,CDS
4219,1802002,1803210,1208,gene
4220,1802002,1803210,1208,CDS
4221,1803146,1803847,701,gene
4222,1803146,1803847,701,CDS
4223,1803891,1804211,320,gene
4224,1803891,1804211,320,CDS
4225,1804293,1805390,1097,gene
4226,1804293,1805390,1097,CDS
4227,1805507,1806595,1088,gene
4228,1805507,1806595,1088,CDS
4229,1807521,1808093,572,gene
4230,1807521,1808093,572,CDS
4231,1808686,1809237,551,gene
4232,1808686,1809237,551,CDS
4233,1809424,1809765,341,gene
4234,1809424,1809765,341,CDS
4235,1809753,1810102,349,gene
4236,1809753,1810102,349,CDS
4237,1810466,1811152,686,gene
4238,1810466,1811152,686,CDS
4239,1811204,1811671,467,gene
4240,1811204,1811671,467,CDS
4241,1811664,1812065,401,gene
4242,1811664,1812065,401,CDS
4243,1812049,1812261,212,gene
4244,1812049,1812261,212,CDS
4245,1812350,1812664,314,gene
4246,1812350,1812664,314,CDS
4247,1812673,1813068,395,gene
4248,1812673,1813068,395,CDS
4249,1813294,1814268,974,gene
4250,1813294,1814268,974,CDS
4251,1814269,1815267,998,gene
4252,1814269,1815267,998,CDS
4253,1815248,1815916,668,gene
4254,1815248,1815916,668,CDS
4255,1816276,1817265,989,gene
4256,1816276,1817265,989,CDS
4257,1817255,1817917,662,gene
4258,1817255,1817917,662,CDS
4259,1817914,1818486,572,gene
4260,1817914,1818486,572,CDS
4261,1818486,1819526,1040,gene
4262,1818486,1819526,1040,CDS
4263,1819513,1820274,761,gene
4264,1819513,1820274,761,CDS
4265,1820267,1821274,1007,gene
4266,1820267,1821274,1007,CDS
4267,1821517,1822169,652,gene
4268,1821517,1822169,652,CDS
4269,1822204,1822857,653,gene
4270,1822204,1822857,653,CDS
4271,1822858,1823829,971,gene
4272,1822858,1823829,971,CDS
4273,1823969,1824898,929,gene
4274,1823969,1824898,929,CDS
4275,1825029,1826981,1952,gene
4276,1825029,1826981,1952,CDS
4277,1827072,1827425,353,gene
4278,1827072,1827425,353,CDS
4279,1827398,1827790,392,gene
4280,1827398,1827790,392,CDS
4281,1827790,1828383,593,gene
4282,1827790,1828383,593,CDS
4283,1828401,1828952,551,gene
4284,1828401,1828952,551,CDS
4285,1829152,1831260,2108,gene
4286,1829152,1831260,2108,CDS
4287,1831336,1832490,1154,gene
4288,1831336,1832490,1154,CDS
4289,1832487,1833017,530,gene
4290,1832487,1833017,530,CDS
4291,1833110,1834321,1211,gene
4292,1833110,1834321,1211,CDS
4293,1834360,1834766,406,gene
4294,1834360,1834766,406,CDS
4295,1834831,1835247,416,gene
4296,1834831,1835247,416,CDS
4297,1835539,1836384,845,gene
4298,1835539,1836384,845,CDS
4299,1836353,1837090,737,gene
4300,1836353,1837090,737,CDS
4301,1837087,1837602,515,gene
4302,1837087,1837602,515,CDS
4303,1837694,1838074,380,gene
4304,1837694,1838074,380,CDS
4305,1838096,1839556,1460,gene
4306,1838096,1839556,1460,CDS
4307,1839631,1839909,278,gene
4308,1839631,1839909,278,CDS
4309,1839942,1841078,1136,gene
4310,1839942,1841078,1136,CDS
4311,1841233,1843866,2633,gene
4312,1841233,1843866,2633,CDS
4313,1843967,1844293,326,gene
4314,1843967,1844293,326,CDS
4315,1844349,1844585,236,gene
4316,1844349,1844585,236,CDS
4317,1844648,1844884,236,gene
4318,1844648,1844884,236,CDS
4319,1844915,1845814,899,gene
4320,1844915,1845814,899,CDS
4321,1845870,1845946,76,gene
4322,1845870,1845946,76,tRNA
4323,1846396,1846755,359,gene
4324,1846396,1846755,359,CDS
4325,1846976,1847341,365,gene
4326,1846976,1847341,365,CDS
4327,1847553,1848010,457,gene
4328,1847553,1848010,457,CDS
4329,1848187,1848498,311,gene
4330,1848187,1848498,311,CDS
4331,1848838,1849041,203,gene
4332,1848838,1849041,203,CDS
4333,1849719,1850243,524,gene
4334,1849719,1850243,524,CDS
4335,1850752,1852296,1544,gene
4336,1850752,1852296,1544,CDS
4337,1852331,1852675,344,gene
4338,1852331,1852675,344,CDS
4339,1852715,1853413,698,gene
4340,1852715,1853413,698,CDS
4341,1853451,1854131,680,gene
4342,1853451,1854131,680,CDS
4343,1854167,1854586,419,gene
4344,1854167,1854586,419,CDS
4345,1855012,1856625,1613,gene
4346,1855012,1856625,1613,CDS
4347,1856693,1857946,1253,gene
4348,1856693,1857946,1253,CDS
4349,1857983,1858507,524,gene
4350,1857983,1858507,524,CDS
4351,1858534,1859631,1097,gene
4352,1858534,1859631,1097,CDS
4353,1859652,1860170,518,gene
4354,1859652,1860170,518,CDS
4355,1860167,1860556,389,gene
4356,1860167,1860556,389,CDS
4357,1860748,1861809,1061,gene
4358,1860748,1861809,1061,CDS
4359,1861929,1862270,341,gene
4360,1861929,1862270,341,CDS
4361,1862274,1862891,617,gene
4362,1862274,1862891,617,CDS
4363,1863353,1863958,605,gene
4364,1863353,1863958,605,CDS
4365,1863945,1864748,803,gene
4366,1863945,1864748,803,CDS
4367,1864786,1865373,587,gene
4368,1864786,1865373,587,CDS
4369,1865421,1866188,767,gene
4370,1865421,1866188,767,CDS
4371,1866203,1868524,2321,gene
4372,1866203,1868524,2321,CDS
4373,1868551,1869525,974,gene
4374,1868551,1869525,974,CDS
4375,1869617,1870435,818,gene
4376,1869617,1870435,818,CDS
4377,1870429,1871583,1154,gene
4378,1870429,1871583,1154,CDS
4379,1871692,1872117,425,gene
4380,1871692,1872117,425,CDS
4381,1872110,1872358,248,gene
4382,1872110,1872358,248,CDS
4383,1872567,1874303,1736,gene
4384,1872567,1874303,1736,CDS
4385,1874291,1874629,338,gene
4386,1874291,1874629,338,CDS
4387,1874622,1875131,509,gene
4388,1874622,1875131,509,CDS
4389,1875150,1877132,1982,gene
4390,1875150,1877132,1982,CDS
4391,1877272,1877562,290,gene
4392,1877272,1877562,290,CDS
4393,1877702,1878493,791,gene
4394,1877702,1878493,791,CDS
4395,1878547,1880442,1895,gene
4396,1878547,1880442,1895,CDS
4397,1880659,1882623,1964,gene
4398,1880659,1882623,1964,CDS
4399,1882664,1883743,1079,gene
4400,1882664,1883743,1079,CDS
4401,1883840,1885417,1577,gene
4402,1883840,1885417,1577,CDS
4403,1885590,1886495,905,gene
4404,1885590,1886495,905,CDS
4405,1886476,1886703,227,gene
4406,1886476,1886703,227,CDS
4407,1886740,1887279,539,gene
4408,1886740,1887279,539,CDS
4409,1887276,1887854,578,gene
4410,1887276,1887854,578,CDS
4411,1887995,1888194,199,gene
4412,1887995,1888194,199,CDS
4413,1888248,1889354,1106,gene
4414,1888248,1889354,1106,CDS
4415,1889379,1889801,422,gene
4416,1889379,1889801,422,CDS
4417,1889743,1890510,767,gene
4418,1889743,1890510,767,CDS
4419,1890849,1892096,1247,gene
4420,1890849,1892096,1247,CDS
4421,1892093,1892578,485,gene
4422,1892093,1892578,485,CDS
4423,1892575,1893240,665,gene
4424,1892575,1893240,665,CDS
4425,1893271,1893612,341,gene
4426,1893271,1893612,341,CDS
4427,1893560,1893913,353,gene
4428,1893560,1893913,353,CDS
4429,1894168,1895619,1451,gene
4430,1894168,1895619,1451,CDS
4431,1895803,1896810,1007,gene
4432,1895803,1896810,1007,CDS
4433,1896829,1897209,380,gene
4434,1896829,1897209,380,CDS
4435,1897223,1897558,335,gene
4436,1897223,1897558,335,CDS
4437,1897607,1899349,1742,gene
4438,1897607,1899349,1742,CDS
4439,1899478,1903443,3965,gene
4440,1899478,1903443,3965,CDS
4441,1903564,1904307,743,gene
4442,1903564,1904307,743,CDS
4443,1904340,1904696,356,gene
4444,1904340,1904696,356,CDS
4445,1904745,1905092,347,gene
4446,1904745,1905092,347,CDS
4447,1905215,1906384,1169,gene
4448,1905215,1906384,1169,CDS
4449,1906330,1907403,1073,gene
4450,1906330,1907403,1073,CDS
4451,1907479,1908243,764,gene
4452,1907479,1908243,764,CDS
4453,1908254,1908641,387,gene
4454,1908254,1908641,387,CDS
4455,1908626,1908940,314,gene
4456,1908626,1908940,314,CDS
4457,1909128,1909967,839,gene
4458,1909128,1909967,839,CDS
4459,1909968,1910534,566,gene
4460,1909968,1910534,566,CDS
4461,1910559,1911182,623,gene
4462,1910559,1911182,623,CDS
4463,1911205,1911864,659,gene
4464,1911205,1911864,659,CDS
4465,1911885,1912421,536,gene
4466,1911885,1912421,536,CDS
4467,1912517,1912771,254,gene
4468,1912517,1912771,254,CDS
4469,1912758,1913186,428,gene
4470,1912758,1913186,428,CDS
4471,1913183,1913962,779,gene
4472,1913183,1913962,779,CDS
4473,1914073,1914546,473,gene
4474,1914073,1914546,473,CDS
4475,1914518,1915144,626,gene
4476,1914518,1915144,626,CDS
4477,1915138,1915734,596,gene
4478,1915138,1915734,596,CDS
4479,1915751,1916728,977,gene
4480,1915751,1916728,977,CDS
4481,1916809,1917456,647,gene
4482,1916809,1917456,647,CDS
4483,1917487,1918131,644,gene
4484,1917487,1918131,644,CDS
4485,1918167,1919309,1142,gene
4486,1918167,1919309,1142,CDS
4487,1919287,1920402,1115,gene
4488,1919287,1920402,1115,CDS
4489,1920435,1921094,659,gene
4490,1920435,1921094,659,CDS
4491,1921083,1922048,965,gene
4492,1921083,1922048,965,CDS
4493,1922035,1922244,209,gene
4494,1922035,1922244,209,CDS
4495,1922349,1924463,2114,gene
4496,1922349,1924463,2114,CDS
4497,1924596,1926164,1568,gene
4498,1924596,1926164,1568,CDS
4499,1926203,1926706,503,gene
4500,1926203,1926706,503,CDS
4501,1926706,1928238,1532,gene
4502,1926706,1928238,1532,CDS
4503,1928435,1930069,1634,gene
4504,1928435,1930069,1634,CDS
4505,1930062,1930778,716,gene
4506,1930062,1930778,716,CDS
4507,1930916,1931278,362,gene
4508,1930916,1931278,362,CDS
4509,1931259,1933235,1976,gene
4510,1931259,1933235,1976,CDS
4511,1933264,1933596,332,gene
4512,1933264,1933596,332,CDS
4513,1933775,1936159,2384,gene
4514,1933775,1936159,2384,CDS
4515,1936221,1937120,899,gene
4516,1936221,1937120,899,CDS
4517,1937152,1937634,482,gene
4518,1937152,1937634,482,CDS
4519,1937631,1938194,563,gene
4520,1937631,1938194,563,CDS
4521,1938231,1939163,932,gene
4522,1938231,1939163,932,CDS
4523,1939150,1939548,398,gene
4524,1939150,1939548,398,CDS
4525,1939882,1940190,308,gene
4526,1939882,1940190,308,CDS
4527,1940407,1940598,191,gene
4528,1940407,1940598,191,CDS
4529,1940628,1941014,386,gene
4530,1940628,1941014,386,CDS
4531,1941339,1941667,328,gene
4532,1941339,1941667,328,CDS
4533,1941703,1942107,404,gene
4534,1941703,1942107,404,CDS
4535,1942116,1943132,1016,gene
4536,1942116,1943132,1016,CDS
4537,1943665,1943916,251,gene
4538,1943665,1943916,251,CDS
4539,1943962,1944660,698,gene
4540,1943962,1944660,698,CDS
4541,1944823,1945152,329,gene
4542,1944823,1945152,329,CDS
4543,1945791,1945943,152,gene
4544,1945791,1945943,152,CDS
4545,1946132,1948252,2120,gene
4546,1946132,1948252,2120,CDS
4547,1948398,1948559,161,gene
4548,1948398,1948559,161,CDS
4549,1948576,1948660,84,gene
4550,1948576,1948660,84,tRNA
4551,1948793,1949857,1064,gene
4552,1948793,1949857,1064,CDS
4553,1949914,1950534,620,gene
4554,1949914,1950534,620,CDS
4555,1950617,1951426,809,gene
4556,1950617,1951426,809,CDS
4557,1951396,1952154,758,gene
4558,1951396,1952154,758,CDS
4559,1952160,1953008,848,gene
4560,1952160,1953008,848,CDS
4561,1953035,1953916,881,gene
4562,1953035,1953916,881,CDS
4563,1953964,1954422,458,gene
4564,1953964,1954422,458,CDS
4565,1954419,1955420,1001,gene
4566,1954419,1955420,1001,CDS
4567,1955426,1955926,500,gene
4568,1955426,1955926,500,CDS
4569,1955984,1956799,815,gene
4570,1955984,1956799,815,CDS
4571,1956799,1957338,539,gene
4572,1956799,1957338,539,CDS
4573,1957332,1957574,242,gene
4574,1957332,1957574,242,CDS
4575,1957679,1958056,377,gene
4576,1957679,1958056,377,CDS
4577,1958096,1959454,1358,gene
4578,1958096,1959454,1358,CDS
4579,1959425,1961143,1718,gene
4580,1959425,1961143,1718,CDS
4581,1961038,1961310,272,gene
4582,1961038,1961310,272,CDS
4583,1961297,1962082,785,gene
4584,1961297,1962082,785,CDS
4585,1962122,1963822,1700,gene
4586,1962122,1963822,1700,CDS
4587,1963824,1964771,947,gene
4588,1963824,1964771,947,CDS
4589,1964773,1965648,875,gene
4590,1964773,1965648,875,CDS
4591,1965645,1966007,362,gene
4592,1965645,1966007,362,CDS
4593,1966009,1967367,1358,gene
4594,1966009,1967367,1358,CDS
4595,1967364,1968521,1157,gene
4596,1967364,1968521,1157,CDS
4597,1968782,1969210,428,gene
4598,1968782,1969210,428,CDS
4599,1969207,1969488,281,gene
4600,1969207,1969488,281,CDS
4601,1969512,1971128,1616,gene
4602,1969512,1971128,1616,CDS
4603,1971178,1972107,929,gene
4604,1971178,1972107,929,CDS
4605,1972091,1973218,1127,gene
4606,1972091,1973218,1127,CDS
4607,1973215,1973529,314,gene
4608,1973215,1973529,314,CDS
4609,1973508,1974038,530,gene
4610,1973508,1974038,530,CDS
4611,1974170,1975168,998,gene
4612,1974170,1975168,998,CDS
4613,1975178,1975660,482,gene
4614,1975178,1975660,482,CDS
4615,1975694,1976227,533,gene
4616,1975694,1976227,533,CDS
4617,1976234,1976989,755,gene
4618,1976234,1976989,755,CDS
4619,1976986,1977306,320,gene
4620,1976986,1977306,320,CDS
4621,1977350,1978537,1187,gene
4622,1977350,1978537,1187,CDS
4623,1978572,1979825,1253,gene
4624,1978572,1979825,1253,CDS
4625,1979874,1980284,410,gene
4626,1979874,1980284,410,CDS
4627,1980289,1980585,296,gene
4628,1980289,1980585,296,CDS
4629,1980592,1981296,704,gene
4630,1980592,1981296,704,CDS
4631,1981341,1981919,578,gene
4632,1981341,1981919,578,CDS
4633,1981924,1982988,1064,gene
4634,1981924,1982988,1064,CDS
4635,1983030,1984868,1838,gene
4636,1983030,1984868,1838,CDS
4637,1984904,1986625,1721,gene
4638,1984904,1986625,1721,CDS
4639,1986612,1987910,1298,gene
4640,1986612,1987910,1298,CDS
4641,1987910,1988425,515,gene
4642,1987910,1988425,515,CDS
4643,1988441,1988983,542,gene
4644,1988441,1988983,542,CDS
4645,1988985,1990328,1343,gene
4646,1988985,1990328,1343,CDS
4647,1990321,1991016,695,gene
4648,1990321,1991016,695,CDS
4649,1991056,1991535,479,gene
4650,1991056,1991535,479,CDS
4651,1991522,1993783,2261,gene
4652,1991522,1993783,2261,CDS
4653,1993843,1994580,737,gene
4654,1993843,1994580,737,CDS
4655,1994535,1995338,803,gene
4656,1994535,1995338,803,CDS
4657,1995289,1995927,638,gene
4658,1995289,1995927,638,CDS
4659,1995981,1996712,731,gene
4660,1995981,1996712,731,CDS
4661,1996709,1997884,1175,gene
4662,1996709,1997884,1175,CDS
4663,1997917,1998147,230,gene
4664,1997917,1998147,230,CDS
4665,1998300,1998605,305,gene
4666,1998300,1998605,305,CDS
4667,1998750,1998926,176,gene
4668,1998750,1998926,176,CDS
4669,1998916,1999536,620,gene
4670,1998916,1999536,620,CDS
4671,1999551,2000702,1151,gene
4672,1999551,2000702,1151,CDS
4673,2000718,2001350,632,gene
4674,2000718,2001350,632,CDS
4675,2001347,2001544,197,gene
4676,2001347,2001544,197,CDS
4677,2001528,2001944,416,gene
4678,2001528,2001944,416,CDS
4679,2001941,2002372,431,gene
4680,2001941,2002372,431,CDS
4681,2002407,2002904,497,gene
4682,2002407,2002904,497,CDS
4683,2002894,2003304,410,gene
4684,2002894,2003304,410,CDS
4685,2003301,2003702,401,gene
4686,2003301,2003702,401,CDS
4687,2003702,2005180,1478,gene
4688,2003702,2005180,1478,CDS
4689,2005232,2006203,971,gene
4690,2005232,2006203,971,CDS
4691,2006205,2006987,782,gene
4692,2006205,2006987,782,CDS
4693,2006941,2008758,1817,gene
4694,2006941,2008758,1817,CDS
4695,2008815,2010365,1550,gene
4696,2008815,2010365,1550,CDS
4697,2010506,2011606,1100,gene
4698,2010506,2011606,1100,CDS
4699,2011599,2012120,521,gene
4700,2011599,2012120,521,CDS
4701,2012110,2013765,1655,gene
4702,2012110,2013765,1655,CDS
4703,2013852,2014274,422,gene
4704,2013852,2014274,422,CDS
4705,2014670,2015182,512,gene
4706,2014670,2015182,512,CDS
4707,2015145,2015663,518,gene
4708,2015145,2015663,518,CDS
4709,2015724,2017295,1571,gene
4710,2015724,2017295,1571,CDS
4711,2017266,2017685,419,gene
4712,2017266,2017685,419,CDS
4713,2017682,2018101,419,gene
4714,2017682,2018101,419,CDS
4715,2018136,2018693,557,gene
4716,2018136,2018693,557,CDS
4717,2018659,2019150,491,gene
4718,2018659,2019150,491,CDS
4719,2019156,2019992,836,gene
4720,2019156,2019992,836,CDS
4721,2020024,2020164,140,gene
4722,2020024,2020164,140,CDS
4723,2020172,2020897,725,gene
4724,2020172,2020897,725,CDS
4725,2020920,2021507,587,gene
4726,2020920,2021507,587,CDS
4727,2021511,2021750,239,gene
4728,2021511,2021750,239,CDS
4729,2021752,2022564,812,gene
4730,2021752,2022564,812,CDS
4731,2022627,2023745,1118,gene
4732,2022627,2023745,1118,CDS
4733,2023723,2024469,746,gene
4734,2023723,2024469,746,CDS
4735,2024497,2024721,224,gene
4736,2024497,2024721,224,CDS
4737,2024761,2026047,1286,gene
4738,2024761,2026047,1286,CDS
4739,2026047,2027051,1004,gene
4740,2026047,2027051,1004,CDS
4741,2027038,2028045,1007,gene
4742,2027038,2028045,1007,CDS
4743,2028059,2028499,440,gene
4744,2028059,2028499,440,CDS
4745,2028473,2029537,1064,gene
4746,2028473,2029537,1064,CDS
4747,2029534,2030382,848,gene
4748,2029534,2030382,848,CDS
4749,2030552,2031901,1349,gene
4750,2030552,2031901,1349,CDS
4751,2031893,2032366,473,gene
4752,2031893,2032366,473,CDS
4753,2032373,2033806,1433,gene
4754,2032373,2033806,1433,CDS
4755,2033892,2034626,734,gene
4756,2033892,2034626,734,CDS
4757,2034623,2035261,638,gene
4758,2034623,2035261,638,CDS
4759,2035352,2036557,1205,gene
4760,2035352,2036557,1205,CDS
4761,2036504,2037094,590,gene
4762,2036504,2037094,590,CDS
4763,2037222,2038109,887,gene
4764,2037222,2038109,887,CDS
4765,2038106,2038261,155,gene
4766,2038106,2038261,155,CDS
4767,2038231,2038488,257,gene
4768,2038231,2038488,257,CDS
4769,2038656,2040542,1886,gene
4770,2038656,2040542,1886,CDS
4771,2040715,2041470,755,gene
4772,2040715,2041470,755,CDS
4773,2041454,2041876,422,gene
4774,2041454,2041876,422,CDS
4775,2041873,2042298,425,gene
4776,2041873,2042298,425,CDS
4777,2042312,2043616,1304,gene
4778,2042312,2043616,1304,CDS
4779,2043651,2043893,242,gene
4780,2043651,2043893,242,CDS
4781,2043980,2044351,371,gene
4782,2043980,2044351,371,CDS
4783,2044377,2044856,479,gene
4784,2044377,2044856,479,CDS
4785,2044927,2045673,746,gene
4786,2044927,2045673,746,CDS
4787,2045667,2046593,926,gene
4788,2045667,2046593,926,CDS
4789,2046670,2048019,1349,gene
4790,2046670,2048019,1349,CDS
4791,2048006,2049454,1448,gene
4792,2048006,2049454,1448,CDS
4793,2049451,2050068,617,gene
4794,2049451,2050068,617,CDS
4795,2050062,2051639,1577,gene
4796,2050062,2051639,1577,CDS
4797,2051869,2052057,188,gene
4798,2051869,2052057,188,CDS
4799,2052139,2052420,281,gene
4800,2052139,2052420,281,CDS
4801,2052469,2052825,356,gene
4802,2052469,2052825,356,CDS
4803,2052903,2053340,437,gene
4804,2052903,2053340,437,CDS
4805,2053371,2054708,1337,gene
4806,2053371,2054708,1337,CDS
4807,2054709,2055215,506,gene
4808,2054709,2055215,506,CDS
4809,2055276,2056358,1082,gene
4810,2055276,2056358,1082,CDS
4811,2056355,2056999,644,gene
4812,2056355,2056999,644,CDS
4813,2056983,2057189,206,gene
4814,2056983,2057189,206,CDS
4815,2057186,2058004,818,gene
4816,2057186,2058004,818,CDS
4817,2058004,2059704,1700,gene
4818,2058004,2059704,1700,CDS
4819,2059691,2061031,1340,gene
4820,2059691,2061031,1340,CDS
4821,2061065,2062309,1244,gene
4822,2061065,2062309,1244,CDS
4823,2062315,2064180,1865,gene
4824,2062315,2064180,1865,CDS
4825,2064167,2066002,1835,gene
4826,2064167,2066002,1835,CDS
4827,2066055,2067470,1415,gene
4828,2066055,2067470,1415,CDS
4829,2067502,2068668,1166,gene
4830,2067502,2068668,1166,CDS
4831,2068727,2069815,1088,gene
4832,2068727,2069815,1088,CDS
4833,2069816,2070205,389,gene
4834,2069816,2070205,389,CDS
4835,2070238,2070465,227,gene
4836,2070238,2070465,227,CDS
4837,2071101,2071192,91,gene
4838,2071101,2071123,22,tRNA
4839,2071141,2071192,51,tRNA
4840,2071166,2071368,202,gene
4841,2071166,2071368,202,CDS
4842,2071640,2071828,188,gene
4843,2071640,2071828,188,CDS
4844,2071858,2072343,485,gene
4845,2071858,2072343,485,CDS
4846,2072340,2072948,608,gene
4847,2072340,2072948,608,CDS
4848,2072981,2073982,1001,gene
4849,2072981,2073982,1001,CDS
4850,2074060,2074494,434,gene
4851,2074060,2074494,434,CDS
4852,2074518,2075699,1181,gene
4853,2074518,2075699,1181,CDS
4854,2075688,2077217,1529,gene
4855,2075688,2077217,1529,CDS
4856,2077274,2077717,443,gene
4857,2077274,2077717,443,CDS
4858,2077714,2079216,1502,gene
4859,2077714,2079216,1502,CDS
4860,2079449,2079997,548,gene
4861,2079449,2079997,548,CDS
4862,2080069,2081547,1478,gene
4863,2080069,2081547,1478,CDS
4864,2081555,2082688,1133,gene
4865,2081555,2082688,1133,CDS
4866,2082685,2085276,2591,gene
4867,2082685,2085276,2591,CDS
4868,2085260,2086252,992,gene
4869,2085260,2086252,992,CDS
4870,2086236,2087042,806,gene
4871,2086236,2087042,806,CDS
4872,2087091,2087699,608,gene
4873,2087091,2087699,608,CDS
4874,2087702,2088160,458,gene
4875,2087702,2088160,458,CDS
4876,2088229,2089035,806,gene
4877,2088229,2089035,806,CDS
4878,2089025,2089321,296,gene
4879,2089025,2089321,296,CDS
4880,2089401,2089805,404,gene
4881,2089401,2089805,404,CDS
4882,2089772,2090692,920,gene
4883,2089772,2090692,920,CDS
4884,2090819,2092567,1748,gene
4885,2090819,2092567,1748,CDS
4886,2092533,2092859,326,gene
4887,2092533,2092859,326,CDS
4888,2092894,2093388,494,gene
4889,2092894,2093388,494,CDS
4890,2093425,2094396,971,gene
4891,2093425,2094396,971,CDS
4892,2094477,2095109,632,gene
4893,2094477,2095109,632,CDS
4894,2095065,2095778,713,gene
4895,2095065,2095778,713,CDS
4896,2095775,2096668,893,gene
4897,2095775,2096668,893,CDS
4898,2096729,2097151,422,gene
4899,2096729,2097151,422,CDS
4900,2097158,2097802,644,gene
4901,2097158,2097802,644,CDS
4902,2097799,2098308,509,gene
4903,2097799,2098308,509,CDS
4904,2098337,2099203,866,gene
4905,2098337,2099203,866,CDS
4906,2099801,2100781,980,gene
4907,2099801,2100781,980,CDS
4908,2101267,2101854,587,gene
4909,2101267,2101854,587,CDS
4910,2101833,2102483,650,gene
4911,2101833,2102483,650,CDS
4912,2102502,2102822,320,gene
4913,2102502,2102822,320,CDS
4914,2102773,2103018,245,gene
4915,2102773,2103018,245,CDS
4916,2103011,2103481,470,gene
4917,2103011,2103481,470,CDS
4918,2103389,2104165,776,gene
4919,2103389,2104165,776,CDS
4920,2104189,2105190,1001,gene
4921,2104189,2105190,1001,CDS
4922,2105311,2105655,344,gene
4923,2105311,2105655,344,CDS
4924,2105639,2106703,1064,gene
4925,2105639,2106703,1064,CDS
4926,2106761,2107504,743,gene
4927,2106761,2107504,743,CDS
4928,2107491,2107973,482,gene
4929,2107491,2107973,482,CDS
4930,2108048,2108929,881,gene
4931,2108048,2108929,881,CDS
4932,2108976,2110082,1106,gene
4933,2108976,2110082,1106,CDS
4934,2110054,2110998,944,gene
4935,2110054,2110998,944,CDS
4936,2111027,2111377,350,gene
4937,2111027,2111377,350,CDS
4938,2111413,2112453,1040,gene
4939,2111413,2112453,1040,CDS
4940,2112466,2112786,320,gene
4941,2112466,2112786,320,CDS
4942,2112783,2113448,665,gene
4943,2112783,2113448,665,CDS
4944,2113406,2114032,626,gene
4945,2113406,2114032,626,CDS
4946,2113997,2114671,674,gene
4947,2113997,2114671,674,CDS
4948,2114674,2115513,839,gene
4949,2114674,2115513,839,CDS
4950,2115551,2118526,2975,gene
4951,2115551,2118526,2975,CDS
4952,2118538,2118969,431,gene
4953,2118538,2118969,431,CDS
4954,2119056,2119661,605,gene
4955,2119056,2119661,605,CDS
4956,2119658,2120173,515,gene
4957,2119658,2120173,515,CDS
4958,2120148,2120810,662,gene
4959,2120148,2120810,662,CDS
4960,2120803,2122047,1244,gene
4961,2120803,2122047,1244,CDS
4962,2122193,2123824,1631,gene
4963,2122193,2123824,1631,CDS
4964,2123793,2124635,842,gene
4965,2123793,2124635,842,CDS
4966,2124626,2125429,803,gene
4967,2124626,2125429,803,CDS
4968,2125454,2125723,269,gene
4969,2125454,2125723,269,CDS
4970,2125852,2126106,254,gene
4971,2125852,2126106,254,CDS
4972,2126114,2126665,551,gene
4973,2126114,2126665,551,CDS
4974,2126697,2127428,731,gene
4975,2126697,2127428,731,CDS
4976,2127543,2127878,335,gene
4977,2127543,2127878,335,CDS
4978,2127935,2129611,1676,gene
4979,2127935,2129611,1676,CDS
4980,2129707,2130774,1067,gene
4981,2129707,2130774,1067,CDS
4982,2130869,2131669,800,gene
4983,2130869,2131669,800,CDS
4984,2131714,2132064,350,gene
4985,2131714,2132064,350,CDS
4986,2132073,2135252,3179,gene
4987,2132073,2135252,3179,CDS
4988,2135333,2135989,656,gene
4989,2135333,2135989,656,CDS
4990,2136015,2137253,1238,gene
4991,2136015,2137253,1238,CDS
