,start,end,lenght,feature
0,103614,107842,4228,mobile_element
1,107843,109755,1912,mobile_element
2,109756,114008,4252,mobile_element
3,114009,114046,37,mobile_element
4,114047,116407,2360,mobile_element
5,116408,116442,34,mobile_element
6,116443,116486,43,mobile_element
7,116487,122492,6005,mobile_element
8,122493,122706,213,gene
9,122493,122706,213,ncRNA
10,122739,122812,73,mobile_element
11,124065,124104,39,mobile_element
12,124198,124326,128,mobile_element
13,124370,126714,2344,gene
14,126626,126714,88,mRNA
15,125495,126259,764,mRNA
16,124370,125409,1039,mRNA
17,126626,126714,88,mRNA
18,126363,126496,133,mRNA
19,125495,126259,764,mRNA
20,124370,125409,1039,mRNA
21,126626,126714,88,mRNA
22,126355,126496,141,mRNA
23,125495,126259,764,mRNA
24,124370,125409,1039,mRNA
25,126626,126630,4,CDS
26,125495,126259,764,CDS
27,124464,125409,945,CDS
28,126363,126409,46,CDS
29,125495,126259,764,CDS
30,124464,125409,945,CDS
31,125495,126054,559,CDS
32,124464,125409,945,CDS
33,127449,140340,12891,gene
34,127449,127595,146,mRNA
35,128921,129417,496,mRNA
36,132807,133384,577,mRNA
37,133503,134127,624,mRNA
38,134266,134564,298,mRNA
39,134634,134760,126,mRNA
40,136055,136075,20,mRNA
41,136635,136733,98,mRNA
42,137256,138260,1004,mRNA
43,138322,138705,383,mRNA
44,138770,138930,160,mRNA
45,139067,139206,139,mRNA
46,139275,139524,249,mRNA
47,139585,140340,755,mRNA
48,127449,127595,146,mRNA
49,128921,129417,496,mRNA
50,132807,133384,577,mRNA
51,133503,134124,621,mRNA
52,134269,134564,295,mRNA
53,134634,134760,126,mRNA
54,136055,136075,20,mRNA
55,136635,136733,98,mRNA
56,137256,138260,1004,mRNA
57,138322,138705,383,mRNA
58,138770,138930,160,mRNA
59,139067,139206,139,mRNA
60,139275,139524,249,mRNA
61,139585,140340,755,mRNA
62,127453,127595,142,mRNA
63,128921,129417,496,mRNA
64,132807,133384,577,mRNA
65,133503,134127,624,mRNA
66,134269,134564,295,mRNA
67,134634,134760,126,mRNA
68,136055,136075,20,mRNA
69,136635,136733,98,mRNA
70,137256,138260,1004,mRNA
71,138322,138705,383,mRNA
72,138770,138930,160,mRNA
73,139067,139206,139,mRNA
74,139275,139524,249,mRNA
75,139585,140340,755,mRNA
76,127453,127595,142,mRNA
77,128921,129417,496,mRNA
78,132807,133384,577,mRNA
79,133503,134127,624,mRNA
80,134269,134564,295,mRNA
81,134634,134760,126,mRNA
82,136055,136075,20,mRNA
83,136635,136733,98,mRNA
84,137256,138260,1004,mRNA
85,138322,138705,383,mRNA
86,138770,138930,160,mRNA
87,139067,139206,139,mRNA
88,139275,139524,249,mRNA
89,139585,139780,195,mRNA
90,139851,140340,489,mRNA
91,129082,129417,335,CDS
92,132807,133384,577,CDS
93,133503,134127,624,CDS
94,134266,134564,298,CDS
95,134634,134760,126,CDS
96,136055,136075,20,CDS
97,136635,136733,98,CDS
98,137256,138260,1004,CDS
99,138322,138705,383,CDS
100,138770,138930,160,CDS
101,139067,139206,139,CDS
102,139275,139524,249,CDS
103,139585,139774,189,CDS
104,129082,129417,335,CDS
105,132807,133384,577,CDS
106,133503,134127,624,CDS
107,134269,134564,295,CDS
108,134634,134760,126,CDS
109,136055,136075,20,CDS
110,136635,136733,98,CDS
111,137256,138260,1004,CDS
112,138322,138705,383,CDS
113,138770,138930,160,CDS
114,139067,139206,139,CDS
115,139275,139524,249,CDS
116,139585,139774,189,CDS
117,129082,129417,335,CDS
118,132807,133384,577,CDS
119,133503,134127,624,CDS
120,134269,134564,295,CDS
121,134634,134760,126,CDS
122,136055,136075,20,CDS
123,136635,136733,98,CDS
124,137256,138260,1004,CDS
125,138322,138705,383,CDS
126,138770,138930,160,CDS
127,139067,139206,139,CDS
128,139275,139524,249,CDS
129,139585,139774,189,CDS
130,129082,129417,335,CDS
131,132807,133384,577,CDS
132,133503,134124,621,CDS
133,134269,134564,295,CDS
134,134634,134760,126,CDS
135,136055,136075,20,CDS
136,136635,136733,98,CDS
137,137256,138260,1004,CDS
138,138322,138705,383,CDS
139,138770,138930,160,CDS
140,139067,139206,139,CDS
141,139275,139524,249,CDS
142,139585,139774,189,CDS
143,130043,130141,98,mobile_element
144,130273,130671,398,mobile_element
145,131035,131897,862,mRNA
146,132807,133384,577,mRNA
147,133503,134127,624,mRNA
148,134269,134564,295,mRNA
149,134634,134760,126,mRNA
150,136635,136733,98,mRNA
151,137256,138260,1004,mRNA
152,138322,138705,383,mRNA
153,138770,139046,276,mRNA
154,131035,131467,432,mRNA
155,132807,133384,577,mRNA
156,133503,134127,624,mRNA
157,134269,134564,295,mRNA
158,134634,134760,126,mRNA
159,136635,136733,98,mRNA
160,137256,138260,1004,mRNA
161,138322,138705,383,mRNA
162,138770,139046,276,mRNA
163,132182,132234,52,mobile_element
164,133374,133384,10,CDS
165,133503,134127,624,CDS
166,134269,134564,295,CDS
167,134634,134760,126,CDS
168,136635,136733,98,CDS
169,137256,138260,1004,CDS
170,138322,138705,383,CDS
171,138770,138934,164,CDS
172,133374,133384,10,CDS
173,133503,134127,624,CDS
174,134269,134564,295,CDS
175,134634,134760,126,CDS
176,136635,136733,98,CDS
177,137256,138260,1004,CDS
178,138322,138705,383,CDS
179,138770,138934,164,CDS
180,133385,133502,117,gene
181,133385,133502,117,precursor_RNA
182,133385,133409,24,ncRNA
183,135061,135784,723,mobile_element
184,140973,142197,1224,gene
185,141832,142197,365,ncRNA
186,141315,141435,120,ncRNA
187,141216,141256,40,ncRNA
188,140973,141155,182,ncRNA
189,141832,142197,365,ncRNA
190,141315,141524,209,ncRNA
191,141216,141256,40,ncRNA
192,140973,141155,182,ncRNA
193,140973,142197,1224,ncRNA
194,142208,200663,58455,gene
195,142208,142315,107,mRNA
196,142870,143519,649,mRNA
197,196275,197415,1140,mRNA
198,197477,197652,175,mRNA
199,197715,197988,273,mRNA
200,198052,198346,294,mRNA
201,198434,198549,115,mRNA
202,198610,199461,851,mRNA
203,142208,142244,36,mRNA
204,142870,143519,649,mRNA
205,196275,197415,1140,mRNA
206,197477,197652,175,mRNA
207,197715,197988,273,mRNA
208,198052,198346,294,mRNA
209,198434,198549,115,mRNA
210,198610,199461,851,mRNA
211,142731,148426,5695,gene
212,148334,148426,92,mRNA
213,146435,147785,1350,mRNA
214,146189,146367,178,mRNA
215,145914,146122,208,mRNA
216,145456,145853,397,mRNA
217,145300,145379,79,mRNA
218,145135,145233,98,mRNA
219,144818,145074,256,mRNA
220,144561,144755,194,mRNA
221,144335,144504,169,mRNA
222,142731,143487,756,mRNA
223,148334,148426,92,mRNA
224,146435,147785,1350,mRNA
225,146189,146367,178,mRNA
226,145914,146122,208,mRNA
227,145456,145856,400,mRNA
228,145300,145379,79,mRNA
229,145135,145233,98,mRNA
230,144818,145074,256,mRNA
231,144561,144755,194,mRNA
232,144335,144504,169,mRNA
233,142731,143487,756,mRNA
234,142853,143519,666,mRNA
235,196275,197415,1140,mRNA
236,197477,197652,175,mRNA
237,197715,197988,273,mRNA
238,198052,198346,294,mRNA
239,198434,198549,115,mRNA
240,198610,199461,851,mRNA
241,146435,147332,897,CDS
242,146189,146367,178,CDS
243,145914,146122,208,CDS
244,145456,145853,397,CDS
245,145300,145379,79,CDS
246,145135,145233,98,CDS
247,144818,145074,256,CDS
248,144561,144755,194,CDS
249,144335,144504,169,CDS
250,143003,143487,484,CDS
251,146435,147332,897,CDS
252,146189,146367,178,CDS
253,145914,146122,208,CDS
254,145456,145856,400,CDS
255,145300,145379,79,CDS
256,145135,145233,98,CDS
257,144818,145074,256,CDS
258,144561,144755,194,CDS
259,144335,144504,169,CDS
260,143003,143487,484,CDS
261,143931,143982,51,mobile_element
262,149973,150355,382,mobile_element
263,151235,151544,309,mobile_element
264,151691,152279,588,gene
265,151983,152279,296,ncRNA
266,151691,151924,233,ncRNA
267,152615,152708,93,mobile_element
268,155425,155930,505,mobile_element
269,157891,157994,103,mobile_element
270,157996,158892,896,mobile_element
271,158644,158727,83,mobile_element
272,160323,168084,7761,mobile_element
273,160809,168004,7195,mobile_element
274,168124,168274,150,mobile_element
275,168328,168947,619,mobile_element
276,175973,176404,431,mRNA
277,187572,187609,37,mRNA
278,196275,197415,1140,mRNA
279,197477,197652,175,mRNA
280,197715,197988,273,mRNA
281,198052,198346,294,mRNA
282,198434,198549,115,mRNA
283,198610,200663,2053,mRNA
284,175973,176404,431,mRNA
285,196275,197415,1140,mRNA
286,197477,197652,175,mRNA
287,197715,197988,273,mRNA
288,198052,198346,294,mRNA
289,198434,198549,115,mRNA
290,198610,199461,851,mRNA
291,175973,176404,431,mRNA
292,187569,187609,40,mRNA
293,196275,197415,1140,mRNA
294,197477,197652,175,mRNA
295,197715,197988,273,mRNA
296,198052,198346,294,mRNA
297,198434,198549,115,mRNA
298,198610,199037,427,mRNA
299,180078,180176,98,mobile_element
300,180225,180273,48,mobile_element
301,181592,181953,361,mobile_element
302,183518,183766,248,mobile_element
303,184295,184396,101,mobile_element
304,185555,185624,69,mobile_element
305,186515,186776,261,mobile_element
306,190153,190234,81,mobile_element
307,192473,192505,32,mobile_element
308,193508,193913,405,mobile_element
309,194144,194188,44,mobile_element
310,195822,196233,411,mobile_element
311,196281,197415,1134,CDS
312,197477,197652,175,CDS
313,197715,197988,273,CDS
314,198052,198346,294,CDS
315,198434,198549,115,CDS
316,198610,198761,151,CDS
317,196281,197415,1134,CDS
318,197477,197652,175,CDS
319,197715,197988,273,CDS
320,198052,198346,294,CDS
321,198434,198549,115,CDS
322,198610,198761,151,CDS
323,196281,197415,1134,CDS
324,197477,197652,175,CDS
325,197715,197988,273,CDS
326,198052,198346,294,CDS
327,198434,198549,115,CDS
328,198610,198761,151,CDS
329,196281,197415,1134,CDS
330,197477,197652,175,CDS
331,197715,197988,273,CDS
332,198052,198346,294,CDS
333,198434,198549,115,CDS
334,198610,198761,151,CDS
335,196281,197415,1134,CDS
336,197477,197652,175,CDS
337,197715,197988,273,CDS
338,198052,198346,294,CDS
339,198434,198549,115,CDS
340,198610,198761,151,CDS
341,196281,197415,1134,CDS
342,197477,197652,175,CDS
343,197715,197988,273,CDS
344,198052,198346,294,CDS
345,198434,198549,115,CDS
346,198610,198761,151,CDS
347,243954,245856,1902,gene
348,245412,245856,444,mRNA
349,245097,245346,249,mRNA
350,243954,245009,1055,mRNA
351,245680,245856,176,mRNA
352,245412,245578,166,mRNA
353,244061,245346,1285,mRNA
354,245412,245856,444,mRNA
355,244061,245346,1285,mRNA
356,245680,245681,1,CDS
357,245412,245578,166,CDS
358,244439,245346,907,CDS
359,245412,245670,258,CDS
360,245097,245346,249,CDS
361,244439,245009,570,CDS
362,245412,245670,258,CDS
363,244439,245346,907,CDS
364,245978,254650,8672,gene
365,245978,247596,1618,mRNA
366,248382,250238,1856,mRNA
367,250294,250535,241,mRNA
368,250626,250993,367,mRNA
369,251050,251291,241,mRNA
370,251351,251763,412,mRNA
371,251823,252360,537,mRNA
372,252430,252803,373,mRNA
373,253069,254650,1581,mRNA
374,245978,247596,1618,mRNA
375,248382,250238,1856,mRNA
376,250294,250535,241,mRNA
377,250626,250993,367,mRNA
378,251050,251291,241,mRNA
379,251351,251541,190,mRNA
380,251602,251763,161,mRNA
381,251823,252360,537,mRNA
382,252430,252803,373,mRNA
383,253069,254013,944,mRNA
384,246850,247596,746,CDS
385,248382,250238,1856,CDS
386,250294,250535,241,CDS
387,250626,250993,367,CDS
388,251050,251291,241,CDS
389,251351,251763,412,CDS
390,251823,252360,537,CDS
391,252430,252803,373,CDS
392,253069,253261,192,CDS
393,246850,247596,746,CDS
394,248382,250238,1856,CDS
395,250294,250535,241,CDS
396,250626,250993,367,CDS
397,251050,251291,241,CDS
398,251351,251541,190,CDS
399,251602,251763,161,CDS
400,251823,252360,537,CDS
401,252430,252803,373,CDS
402,253069,253261,192,CDS
403,254876,255524,648,gene
404,254876,255524,648,mRNA
405,254876,254921,45,mRNA
406,254984,255524,540,mRNA
407,255069,255347,278,CDS
408,255069,255347,278,CDS
409,255674,258469,2795,gene
410,255674,255824,150,mRNA
411,255881,256641,760,mRNA
412,256762,256940,178,mRNA
413,256999,257427,428,mRNA
414,257480,257642,162,mRNA
415,257982,258080,98,mRNA
416,258142,258469,327,mRNA
417,255674,255824,150,mRNA
418,255881,256641,760,mRNA
419,256762,256940,178,mRNA
420,256999,257427,428,mRNA
421,257480,257642,162,mRNA
422,257982,258080,98,mRNA
423,258142,258413,271,mRNA
424,255794,255824,30,CDS
425,255881,256641,760,CDS
426,256762,256940,178,CDS
427,256999,257427,428,CDS
428,257480,257642,162,CDS
429,257982,258080,98,CDS
430,258142,258285,143,CDS
431,255794,255824,30,CDS
432,255881,256641,760,CDS
433,256762,256940,178,CDS
434,256999,257427,428,CDS
435,257480,257642,162,CDS
436,257982,258080,98,CDS
437,258142,258285,143,CDS
438,258335,263999,5664,gene
439,263862,263999,137,mRNA
440,258893,259671,778,mRNA
441,258335,258828,493,mRNA
442,263668,263995,327,mRNA
443,258893,259671,778,mRNA
444,258335,258828,493,mRNA
445,258465,267253,8788,gene
446,258465,259690,1225,ncRNA
447,266232,267253,1021,ncRNA
448,258893,259661,768,CDS
449,258605,258828,223,CDS
450,258893,259661,768,CDS
451,258605,258828,223,CDS
452,265724,267028,1304,gene
453,266958,267028,70,mRNA
454,265724,266841,1117,mRNA
455,266951,267028,77,mRNA
456,265724,266841,1117,mRNA
457,266963,267028,65,mRNA
458,266073,266841,768,mRNA
459,266963,266968,5,CDS
460,266245,266841,596,CDS
461,266951,266968,17,CDS
462,266245,266841,596,CDS
463,266245,266826,581,CDS
464,268509,279718,11209,gene
465,279185,279634,449,mRNA
466,273470,274528,1058,mRNA
467,273183,273392,209,mRNA
468,271488,271613,125,mRNA
469,271290,271425,135,mRNA
470,271088,271209,121,mRNA
471,268509,269366,857,mRNA
472,279185,279634,449,mRNA
473,273470,274528,1058,mRNA
474,273183,273392,209,mRNA
475,271488,271613,125,mRNA
476,271290,271425,135,mRNA
477,271088,271209,121,mRNA
478,269431,269468,37,mRNA
479,268509,269366,857,mRNA
480,279185,279634,449,mRNA
481,273470,274528,1058,mRNA
482,273183,273392,209,mRNA
483,271802,271875,73,mRNA
484,271488,271613,125,mRNA
485,271290,271425,135,mRNA
486,271088,271209,121,mRNA
487,268509,269366,857,mRNA
488,279185,279634,449,mRNA
489,273470,274528,1058,mRNA
490,273183,273392,209,mRNA
491,272422,272883,461,mRNA
492,271488,271613,125,mRNA
493,271290,271425,135,mRNA
494,271088,271209,121,mRNA
495,268509,269366,857,mRNA
496,279185,279634,449,mRNA
497,273470,274528,1058,mRNA
498,273183,273392,209,mRNA
499,272422,272883,461,mRNA
500,271488,271613,125,mRNA
501,271290,271425,135,mRNA
502,271088,271209,121,mRNA
503,269431,269468,37,mRNA
504,268509,269366,857,mRNA
505,279185,279634,449,mRNA
506,273470,274528,1058,mRNA
507,273183,273392,209,mRNA
508,272422,272883,461,mRNA
509,271802,271875,73,mRNA
510,271488,271613,125,mRNA
511,271290,271425,135,mRNA
512,271088,271209,121,mRNA
513,268509,269366,857,mRNA
514,273470,276377,2907,mRNA
515,273183,273392,209,mRNA
516,272422,272883,461,mRNA
517,271488,271613,125,mRNA
518,271290,271425,135,mRNA
519,271088,271209,121,mRNA
520,268524,269366,842,mRNA
521,273470,274417,947,CDS
522,273183,273392,209,CDS
523,271488,271613,125,CDS
524,271290,271425,135,CDS
525,271088,271209,121,CDS
526,269169,269366,197,CDS
527,273470,274417,947,CDS
528,273183,273392,209,CDS
529,272422,272883,461,CDS
530,271488,271613,125,CDS
531,271290,271425,135,CDS
532,271088,271209,121,CDS
533,269169,269366,197,CDS
534,273470,274417,947,CDS
535,273183,273392,209,CDS
536,272422,272883,461,CDS
537,271488,271613,125,CDS
538,271290,271425,135,CDS
539,271088,271209,121,CDS
540,269169,269366,197,CDS
541,273470,274417,947,CDS
542,273183,273392,209,CDS
543,271488,271613,125,CDS
544,271290,271425,135,CDS
545,271088,271209,121,CDS
546,269431,269468,37,CDS
547,269309,269366,57,CDS
548,273470,274417,947,CDS
549,273183,273392,209,CDS
550,272422,272883,461,CDS
551,271488,271613,125,CDS
552,271290,271425,135,CDS
553,271088,271209,121,CDS
554,269431,269468,37,CDS
555,269309,269366,57,CDS
556,279185,279718,533,mRNA
557,273470,274528,1058,mRNA
558,273183,273387,204,mRNA
559,272422,272883,461,mRNA
560,271488,271613,125,mRNA
561,271290,271425,135,mRNA
562,269592,271209,1617,mRNA
563,279185,279634,449,mRNA
564,273470,274528,1058,mRNA
565,273183,273392,209,mRNA
566,272557,272883,326,mRNA
567,271488,271613,125,mRNA
568,271290,271425,135,mRNA
569,269592,271209,1617,mRNA
570,279185,279634,449,mRNA
571,273470,274528,1058,mRNA
572,273183,273392,209,mRNA
573,272458,272883,425,mRNA
574,271488,271613,125,mRNA
575,271290,271425,135,mRNA
576,269592,271209,1617,mRNA
577,279185,279634,449,mRNA
578,273470,274528,1058,mRNA
579,273183,273392,209,mRNA
580,272422,272883,461,mRNA
581,271488,271613,125,mRNA
582,271290,271425,135,mRNA
583,269611,271209,1598,mRNA
584,279185,279634,449,mRNA
585,273461,274528,1067,mRNA
586,273183,273392,209,mRNA
587,271488,271613,125,mRNA
588,271290,271425,135,mRNA
589,269611,271209,1598,mRNA
590,279185,279634,449,mRNA
591,273461,274528,1067,mRNA
592,273183,273392,209,mRNA
593,272422,272883,461,mRNA
594,271488,271613,125,mRNA
595,271290,271425,135,mRNA
596,269611,271209,1598,mRNA
597,273470,274417,947,CDS
598,273183,273392,209,CDS
599,272557,272883,326,CDS
600,271488,271613,125,CDS
601,271290,271425,135,CDS
602,270569,271209,640,CDS
603,273470,274417,947,CDS
604,273183,273392,209,CDS
605,272458,272883,425,CDS
606,271488,271613,125,CDS
607,271290,271425,135,CDS
608,270569,271209,640,CDS
609,273470,274417,947,CDS
610,273183,273392,209,CDS
611,272422,272883,461,CDS
612,271488,271613,125,CDS
613,271290,271425,135,CDS
614,270569,271209,640,CDS
615,273461,274417,956,CDS
616,273183,273392,209,CDS
617,271488,271613,125,CDS
618,271290,271425,135,CDS
619,270569,271209,640,CDS
620,273461,274417,956,CDS
621,273183,273392,209,CDS
622,272422,272883,461,CDS
623,271488,271613,125,CDS
624,271290,271425,135,CDS
625,270569,271209,640,CDS
626,273470,274417,947,CDS
627,273183,273392,209,CDS
628,271802,271875,73,CDS
629,271562,271613,51,CDS
630,273470,274417,947,CDS
631,273183,273392,209,CDS
632,272422,272883,461,CDS
633,271802,271875,73,CDS
634,271562,271613,51,CDS
635,273470,274417,947,CDS
636,273304,273387,83,CDS
637,274877,275329,452,mobile_element
638,279703,350504,70801,gene
639,279703,279757,54,mRNA
640,343692,343833,141,mRNA
641,346149,347707,1558,mRNA
642,348080,348238,158,mRNA
643,348647,349324,677,mRNA
644,349444,350202,758,mRNA
645,280172,280269,97,gene
646,280172,280269,97,precursor_RNA
647,280188,280209,21,ncRNA
648,280231,280254,23,ncRNA
649,280581,280653,72,mobile_element
650,282084,282205,121,mobile_element
651,283186,294962,11776,gene
652,294713,294962,249,mRNA
653,290253,290596,343,mRNA
654,289041,289272,231,mRNA
655,287329,287526,197,mRNA
656,286949,287041,92,mRNA
657,283186,286891,3705,mRNA
658,285147,285253,106,mobile_element
659,294823,294962,139,mRNA
660,290253,290596,343,mRNA
661,289041,289272,231,mRNA
662,287329,287526,197,mRNA
663,286949,287041,92,mRNA
664,286407,286891,484,mRNA
665,294713,294962,249,mRNA
666,290253,290596,343,mRNA
667,289871,289943,72,mRNA
668,289041,289272,231,mRNA
669,287329,287526,197,mRNA
670,286949,287041,92,mRNA
671,286407,286891,484,mRNA
672,290253,290341,88,CDS
673,289041,289272,231,CDS
674,287329,287526,197,CDS
675,286949,287041,92,CDS
676,286583,286891,308,CDS
677,290253,290341,88,CDS
678,289041,289272,231,CDS
679,287329,287526,197,CDS
680,286949,287041,92,CDS
681,286583,286891,308,CDS
682,289871,289872,1,CDS
683,289041,289272,231,CDS
684,287329,287526,197,CDS
685,286949,287041,92,CDS
686,286583,286891,308,CDS
687,288160,288193,33,mobile_element
688,288373,288501,128,mobile_element
689,290813,291089,276,mobile_element
690,292626,292994,368,mobile_element
691,295904,303475,7571,mobile_element
692,303672,303780,108,mobile_element
693,305687,305788,101,mobile_element
694,306624,306902,278,mobile_element
695,307684,308935,1251,gene
696,307684,307892,208,mRNA
697,308090,308935,845,mRNA
698,308208,308795,587,CDS
699,314383,314511,128,mobile_element
700,315123,316566,1443,gene
701,315123,315628,505,mRNA
702,315775,316378,603,mRNA
703,316489,316566,77,mRNA
704,315123,315628,505,CDS
705,315775,316378,603,CDS
706,316489,316557,68,CDS
707,316576,470726,154150,gene
708,470405,470726,321,mRNA
709,418477,418512,35,mRNA
710,316576,317928,1352,mRNA
711,428038,428251,213,mRNA
712,418477,418512,35,mRNA
713,316576,317928,1352,mRNA
714,334667,334801,134,mRNA
715,333565,333806,241,mRNA
716,316576,317928,1352,mRNA
717,334667,334801,134,mRNA
718,333565,333881,316,mRNA
719,316576,317928,1352,mRNA
720,334667,334801,134,mRNA
721,333565,333897,332,mRNA
722,316576,317928,1352,mRNA
723,334667,334801,134,mRNA
724,333565,333910,345,mRNA
725,316576,317928,1352,mRNA
726,333565,333793,228,CDS
727,317021,317928,907,CDS
728,333565,333793,228,CDS
729,317021,317928,907,CDS
730,333565,333793,228,CDS
731,317021,317928,907,CDS
732,333565,333793,228,CDS
733,317021,317928,907,CDS
734,317021,317902,881,CDS
735,317021,317902,881,CDS
736,318526,323554,5028,mobile_element
737,329566,329659,93,mobile_element
738,335134,335160,26,mobile_element
739,337308,337537,229,mobile_element
740,338429,338909,480,mRNA
741,339451,339500,49,mRNA
742,343692,343833,141,mRNA
743,346149,347707,1558,mRNA
744,348080,348238,158,mRNA
745,348647,349324,677,mRNA
746,349444,350504,1060,mRNA
747,341657,341718,61,mobile_element
748,343041,343171,130,mRNA
749,343692,343833,141,mRNA
750,346149,347707,1558,mRNA
751,348080,348238,158,mRNA
752,348647,349324,677,mRNA
753,349444,350202,758,mRNA
754,343041,343145,104,mRNA
755,343692,343833,141,mRNA
756,346149,347707,1558,mRNA
757,348080,348238,158,mRNA
758,348647,349324,677,mRNA
759,349444,350202,758,mRNA
760,343041,343119,78,mRNA
761,343692,343833,141,mRNA
762,346149,347707,1558,mRNA
763,348080,348238,158,mRNA
764,348647,349324,677,mRNA
765,349444,350202,758,mRNA
766,343820,343833,13,CDS
767,346149,347707,1558,CDS
768,348080,348238,158,CDS
769,348647,349324,677,CDS
770,349444,349673,229,CDS
771,343820,343833,13,CDS
772,346149,347707,1558,CDS
773,348080,348238,158,CDS
774,348647,349324,677,CDS
775,349444,349673,229,CDS
776,343820,343833,13,CDS
777,346149,347707,1558,CDS
778,348080,348238,158,CDS
779,348647,349324,677,CDS
780,349444,349673,229,CDS
781,343820,343833,13,CDS
782,346149,347707,1558,CDS
783,348080,348238,158,CDS
784,348647,349324,677,CDS
785,349444,349673,229,CDS
786,343820,343833,13,CDS
787,346149,347707,1558,CDS
788,348080,348238,158,CDS
789,348647,349324,677,CDS
790,349444,349673,229,CDS
791,350566,351133,567,gene
792,350566,351133,567,mRNA
793,350579,350965,386,CDS
794,351766,351824,58,mobile_element
795,352228,352281,53,mobile_element
796,353067,353317,250,gene
797,353067,353317,250,mRNA
798,353079,353294,215,CDS
799,356509,361245,4736,gene
800,356509,356917,408,mRNA
801,359617,361245,1628,mRNA
802,356680,356917,237,CDS
803,359617,361004,1387,CDS
804,362399,367072,4673,gene
805,362399,362874,475,ncRNA
806,363711,364111,400,ncRNA
807,365996,366322,326,ncRNA
808,366708,367072,364,ncRNA
809,362399,362874,475,ncRNA
810,363822,364111,289,ncRNA
811,365996,366322,326,ncRNA
812,366708,367072,364,ncRNA
813,362399,362874,475,ncRNA
814,365996,366322,326,ncRNA
815,366388,367072,684,ncRNA
816,362399,362874,475,ncRNA
817,366664,367072,408,ncRNA
818,362399,362874,475,ncRNA
819,366708,367072,364,ncRNA
820,362399,362439,40,ncRNA
821,363634,364111,477,ncRNA
822,365996,366322,326,ncRNA
823,366708,367072,364,ncRNA
824,362590,362874,284,ncRNA
825,365996,366322,326,ncRNA
826,366664,366994,330,ncRNA
827,362599,362874,275,ncRNA
828,365996,366322,326,ncRNA
829,366708,367072,364,ncRNA
830,365685,365732,47,mobile_element
831,370031,370947,916,gene
832,370031,370947,916,mRNA
833,370094,370699,605,CDS
834,371115,371161,46,mobile_element
835,376987,377642,655,gene
836,376987,377642,655,ncRNA
837,376987,377229,242,ncRNA
838,385558,386274,716,gene
839,385558,386274,716,ncRNA
840,391835,393227,1392,gene
841,392846,393227,381,ncRNA
842,392365,392580,215,ncRNA
843,391835,392226,391,ncRNA
844,392190,392236,46,mobile_element
845,396060,397497,1437,gene
846,396060,397497,1437,mRNA
847,396177,397214,1037,CDS
848,409721,410817,1096,gene
849,409721,410817,1096,mRNA
850,409796,410569,773,CDS
851,428474,434600,6126,mobile_element
852,436139,437448,1309,gene
853,436139,437448,1309,mRNA
854,436186,437409,1223,CDS
855,437479,437532,53,mobile_element
856,460747,463176,2429,gene
857,460747,463176,2429,mRNA
858,460956,462416,1460,CDS
859,467057,469335,2278,gene
860,467057,469335,2278,mRNA
861,467558,469228,1670,CDS
862,471019,476579,5560,gene
863,476394,476579,185,mRNA
864,475769,476292,523,mRNA
865,475158,475313,155,mRNA
866,474698,475080,382,mRNA
867,474310,474506,196,mRNA
868,473764,474200,436,mRNA
869,473156,473705,549,mRNA
870,472920,473089,169,mRNA
871,472642,472851,209,mRNA
872,472126,472561,435,mRNA
873,471019,471911,892,mRNA
874,476394,476579,185,mRNA
875,475769,476292,523,mRNA
876,475158,475313,155,mRNA
877,474698,475080,382,mRNA
878,474310,474506,196,mRNA
879,473764,474200,436,mRNA
880,473156,473705,549,mRNA
881,472920,473089,169,mRNA
882,472642,472851,209,mRNA
883,472126,472561,435,mRNA
884,471019,471932,913,mRNA
885,476394,476579,185,mRNA
886,475769,476292,523,mRNA
887,475158,475313,155,mRNA
888,474698,475080,382,mRNA
889,474310,474506,196,mRNA
890,473764,474218,454,mRNA
891,473156,473705,549,mRNA
892,472920,473089,169,mRNA
893,472642,472851,209,mRNA
894,472126,472561,435,mRNA
895,471019,471911,892,mRNA
896,476394,476396,2,CDS
897,475769,476292,523,CDS
898,475158,475313,155,CDS
899,474698,475080,382,CDS
900,474310,474506,196,CDS
901,473764,474200,436,CDS
902,473156,473705,549,CDS
903,472920,473089,169,CDS
904,472642,472851,209,CDS
905,472126,472561,435,CDS
906,471834,471911,77,CDS
907,476394,476396,2,CDS
908,475769,476292,523,CDS
909,475158,475313,155,CDS
910,474698,475080,382,CDS
911,474310,474506,196,CDS
912,473764,474200,436,CDS
913,473156,473705,549,CDS
914,472920,473089,169,CDS
915,472642,472851,209,CDS
916,472126,472561,435,CDS
917,471834,471932,98,CDS
918,476394,476396,2,CDS
919,475769,476292,523,CDS
920,475158,475313,155,CDS
921,474698,475080,382,CDS
922,474310,474506,196,CDS
923,473764,474218,454,CDS
924,473156,473705,549,CDS
925,472920,473089,169,CDS
926,472642,472851,209,CDS
927,472126,472561,435,CDS
928,471834,471911,77,CDS
929,476857,479309,2452,gene
930,476857,478543,1686,exon
931,476984,478191,1207,gene
932,476984,477291,307,mRNA
933,477607,477931,324,mRNA
934,478013,478191,178,mRNA
935,477147,477291,144,CDS
936,477607,477931,324,CDS
937,478013,478076,63,CDS
938,477368,477931,563,mRNA
939,478013,478191,178,mRNA
940,477621,477931,310,CDS
941,478013,478076,63,CDS
942,478599,479026,427,exon
943,479066,480166,1100,gene
944,479066,479341,275,mRNA
945,479402,479509,107,mRNA
946,479630,479945,315,mRNA
947,480030,480166,136,mRNA
948,479116,479309,193,exon
949,479431,479509,78,mRNA
950,479582,479945,363,mRNA
951,480030,480166,136,mRNA
952,479431,479509,78,mRNA
953,479630,479945,315,mRNA
954,480030,480166,136,mRNA
955,479644,479945,301,CDS
956,480030,480093,63,CDS
957,479644,479945,301,CDS
958,480030,480093,63,CDS
959,479644,479945,301,CDS
960,480030,480093,63,CDS
961,479864,481826,1962,gene
962,479864,480758,894,exon
963,480913,481169,256,exon
964,481233,481562,329,exon
965,481602,481826,224,exon
966,481862,482768,906,gene
967,481862,481997,135,mRNA
968,482118,482768,650,mRNA
969,481862,481997,135,mRNA
970,482118,482507,389,mRNA
971,481938,481997,59,mRNA
972,482118,482433,315,mRNA
973,482518,482768,250,mRNA
974,481938,481997,59,mRNA
975,482118,482433,315,mRNA
976,482518,482658,140,mRNA
977,482132,482433,301,CDS
978,482518,482581,63,CDS
979,482132,482433,301,CDS
980,482518,482581,63,CDS
981,482132,482437,305,CDS
982,482132,482437,305,CDS
983,482777,487581,4804,gene
984,487465,487581,116,mRNA
985,485028,487403,2375,mRNA
986,484310,484965,655,mRNA
987,483884,484246,362,mRNA
988,483268,483828,560,mRNA
989,482777,483045,268,mRNA
990,487465,487480,15,CDS
991,485028,487403,2375,CDS
992,484310,484965,655,CDS
993,483884,484246,362,CDS
994,483268,483828,560,CDS
995,482884,483045,161,CDS
996,487878,490725,2847,gene
997,487878,488362,484,mRNA
998,488422,488628,206,mRNA
999,488874,489076,202,mRNA
1000,489143,489424,281,mRNA
1001,489485,490228,743,mRNA
1002,490302,490725,423,mRNA
1003,487898,488333,435,gene
1004,487898,488333,435,ncRNA
1005,487990,488362,372,CDS
1006,488422,488628,206,CDS
1007,488874,489076,202,CDS
1008,489143,489424,281,CDS
1009,489485,490228,743,CDS
1010,490302,490571,269,CDS
1011,490787,493495,2708,gene
1012,493388,493495,107,mRNA
1013,490787,492628,1841,mRNA
1014,492743,493023,280,mRNA
1015,490787,492628,1841,mRNA
1016,493388,493417,29,CDS
1017,491096,492628,1532,CDS
1018,492743,492745,2,CDS
1019,491096,492628,1532,CDS
1020,494614,496369,1755,gene
1021,494614,494716,102,mRNA
1022,494778,495117,339,mRNA
1023,495469,496369,900,mRNA
1024,494900,495117,217,mRNA
1025,495469,496369,900,mRNA
1026,495070,495117,47,CDS
1027,495469,495804,335,CDS
1028,495070,495117,47,CDS
1029,495469,495804,335,CDS
1030,496446,509072,12626,gene
1031,496446,497389,943,mRNA
1032,501985,502220,235,mRNA
1033,502287,502766,479,mRNA
1034,502836,502936,100,mRNA
1035,504668,504785,117,mRNA
1036,504916,506242,1326,mRNA
1037,506308,506531,223,mRNA
1038,506599,509072,2473,mRNA
1039,496446,497389,943,mRNA
1040,501985,502220,235,mRNA
1041,502287,502766,479,mRNA
1042,502836,502936,100,mRNA
1043,504668,504785,117,mRNA
1044,504916,506242,1326,mRNA
1045,506308,506531,223,mRNA
1046,506599,507806,1207,mRNA
1047,507869,509072,1203,mRNA
1048,496446,497389,943,mRNA
1049,501985,502220,235,mRNA
1050,502287,502766,479,mRNA
1051,502836,504319,1483,mRNA
1052,496446,496548,102,mRNA
1053,496601,497389,788,mRNA
1054,501985,502220,235,mRNA
1055,502287,502766,479,mRNA
1056,502836,504319,1483,mRNA
1057,496597,497374,777,gene
1058,497172,497374,202,ncRNA
1059,496597,497040,443,ncRNA
1060,496940,497389,449,CDS
1061,501985,502220,235,CDS
1062,502287,502766,479,CDS
1063,502836,502936,100,CDS
1064,504668,504785,117,CDS
1065,504916,506242,1326,CDS
1066,506308,506531,223,CDS
1067,506599,507806,1207,CDS
1068,507869,508038,169,CDS
1069,496940,497389,449,CDS
1070,501985,502220,235,CDS
1071,502287,502766,479,CDS
1072,502836,502936,100,CDS
1073,504668,504785,117,CDS
1074,504916,506242,1326,CDS
1075,506308,506531,223,CDS
1076,506599,507877,1278,CDS
1077,496940,497389,449,CDS
1078,501985,502220,235,CDS
1079,502287,502766,479,CDS
1080,502836,502971,135,CDS
1081,496940,497389,449,CDS
1082,501985,502220,235,CDS
1083,502287,502766,479,CDS
1084,502836,502971,135,CDS
1085,498097,499456,1359,gene
1086,498887,499456,569,ncRNA
1087,498097,498826,729,ncRNA
1088,499281,499450,169,mRNA
1089,499849,500608,759,mRNA
1090,501985,502220,235,mRNA
1091,502287,502766,479,mRNA
1092,502836,502936,100,mRNA
1093,504668,504785,117,mRNA
1094,504916,506242,1326,mRNA
1095,506308,506531,223,mRNA
1096,506599,509072,2473,mRNA
1097,499281,499450,169,mRNA
1098,499849,500608,759,mRNA
1099,501985,502220,235,mRNA
1100,502287,502766,479,mRNA
1101,502836,502936,100,mRNA
1102,504668,504785,117,mRNA
1103,504916,506242,1326,mRNA
1104,506308,506531,223,mRNA
1105,506599,507806,1207,mRNA
1106,507869,509072,1203,mRNA
1107,499281,499450,169,mRNA
1108,499849,500608,759,mRNA
1109,501985,502220,235,mRNA
1110,502287,502766,479,mRNA
1111,502836,504319,1483,mRNA
1112,499958,500608,650,mRNA
1113,501985,502220,235,mRNA
1114,502287,502766,479,mRNA
1115,502836,502936,100,mRNA
1116,504668,504785,117,mRNA
1117,504916,506242,1326,mRNA
1118,506308,506531,223,mRNA
1119,506599,509072,2473,mRNA
1120,499958,500608,650,mRNA
1121,501985,502220,235,mRNA
1122,502287,502766,479,mRNA
1123,502836,502936,100,mRNA
1124,504668,504785,117,mRNA
1125,504916,506242,1326,mRNA
1126,506308,506531,223,mRNA
1127,506599,507806,1207,mRNA
1128,507869,508509,640,mRNA
1129,499958,500974,1016,mRNA
1130,501985,502220,235,mRNA
1131,502287,502766,479,mRNA
1132,502836,502936,100,mRNA
1133,504668,504785,117,mRNA
1134,504916,506242,1326,mRNA
1135,506308,506531,223,mRNA
1136,506599,507806,1207,mRNA
1137,507869,508424,555,mRNA
1138,499958,500608,650,mRNA
1139,501985,502220,235,mRNA
1140,502287,502766,479,mRNA
1141,502836,504319,1483,mRNA
1142,500153,500608,455,CDS
1143,501985,502220,235,CDS
1144,502287,502766,479,CDS
1145,502836,502936,100,CDS
1146,504668,504785,117,CDS
1147,504916,506242,1326,CDS
1148,506308,506531,223,CDS
1149,506599,507806,1207,CDS
1150,507869,508038,169,CDS
1151,500153,500608,455,CDS
1152,501985,502220,235,CDS
1153,502287,502766,479,CDS
1154,502836,502936,100,CDS
1155,504668,504785,117,CDS
1156,504916,506242,1326,CDS
1157,506308,506531,223,CDS
1158,506599,507806,1207,CDS
1159,507869,508038,169,CDS
1160,500153,500608,455,CDS
1161,501985,502220,235,CDS
1162,502287,502766,479,CDS
1163,502836,502936,100,CDS
1164,504668,504785,117,CDS
1165,504916,506242,1326,CDS
1166,506308,506531,223,CDS
1167,506599,507877,1278,CDS
1168,500153,500608,455,CDS
1169,501985,502220,235,CDS
1170,502287,502766,479,CDS
1171,502836,502936,100,CDS
1172,504668,504785,117,CDS
1173,504916,506242,1326,CDS
1174,506308,506531,223,CDS
1175,506599,507877,1278,CDS
1176,500153,500608,455,CDS
1177,501985,502220,235,CDS
1178,502287,502766,479,CDS
1179,502836,502971,135,CDS
1180,500153,500608,455,CDS
1181,501985,502220,235,CDS
1182,502287,502766,479,CDS
1183,502836,502971,135,CDS
1184,500960,500974,14,CDS
1185,501985,502220,235,CDS
1186,502287,502766,479,CDS
1187,502836,502936,100,CDS
1188,504668,504785,117,CDS
1189,504916,506242,1326,CDS
1190,506308,506531,223,CDS
1191,506599,507806,1207,CDS
1192,507869,508038,169,CDS
1193,509235,523226,13991,gene
1194,522986,523226,240,mRNA
1195,521440,521696,256,mRNA
1196,509235,519242,10007,mRNA
1197,509435,528028,18593,gene
1198,509435,509716,281,mRNA
1199,509910,510113,203,mRNA
1200,510175,510361,186,mRNA
1201,526502,526601,99,mRNA
1202,527559,528028,469,mRNA
1203,509512,509716,204,CDS
1204,509910,510113,203,CDS
1205,510175,510361,186,CDS
1206,526502,526601,99,CDS
1207,527559,527918,359,CDS
1208,520077,520285,208,mRNA
1209,516850,519242,2392,mRNA
1210,522986,523226,240,mRNA
1211,517236,519242,2006,mRNA
1212,522986,523226,240,mRNA
1213,521440,521696,256,mRNA
1214,517236,519242,2006,mRNA
1215,521440,521440,0,CDS
1216,517792,519242,1450,CDS
1217,521440,521440,0,CDS
1218,517792,519242,1450,CDS
1219,517792,519231,1439,CDS
1220,517792,519231,1439,CDS
1221,527941,530291,2350,gene
1222,530014,530291,277,mRNA
1223,529632,529858,226,mRNA
1224,529410,529530,120,mRNA
1225,528545,529351,806,mRNA
1226,527941,528483,542,mRNA
1227,529644,529849,205,mRNA
1228,529410,529530,120,mRNA
1229,528545,529351,806,mRNA
1230,527941,528483,542,mRNA
1231,529632,529849,217,mRNA
1232,529410,529530,120,mRNA
1233,528545,529351,806,mRNA
1234,527941,528477,536,mRNA
1235,529632,529849,217,mRNA
1236,529410,529530,120,mRNA
1237,528545,529351,806,mRNA
1238,527941,528483,542,mRNA
1239,529410,529849,439,mRNA
1240,528545,529351,806,mRNA
1241,527941,528483,542,mRNA
1242,529410,529530,120,CDS
1243,528545,529351,806,CDS
1244,528086,528477,391,CDS
1245,529410,529530,120,CDS
1246,528545,529351,806,CDS
1247,528086,528483,397,CDS
1248,529410,529530,120,CDS
1249,528545,529351,806,CDS
1250,528086,528483,397,CDS
1251,529410,529530,120,CDS
1252,528545,529351,806,CDS
1253,528086,528483,397,CDS
1254,529410,529530,120,CDS
1255,528545,529351,806,CDS
1256,528086,528483,397,CDS
1257,530501,579044,48543,gene
1258,530501,530534,33,mRNA
1259,531627,531876,249,mRNA
1260,560606,560776,170,mRNA
1261,570862,571000,138,mRNA
1262,571134,571352,218,mRNA
1263,571427,572058,631,mRNA
1264,572149,572289,140,mRNA
1265,573853,574002,149,mRNA
1266,574196,574878,682,mRNA
1267,574942,575089,147,mRNA
1268,575168,575350,182,mRNA
1269,575471,579044,3573,mRNA
1270,530501,530534,33,mRNA
1271,531627,531876,249,mRNA
1272,560606,560776,170,mRNA
1273,570862,571000,138,mRNA
1274,571131,571352,221,mRNA
1275,571427,572070,643,mRNA
1276,572137,572289,152,mRNA
1277,573865,574002,137,mRNA
1278,574196,574878,682,mRNA
1279,574942,575089,147,mRNA
1280,575168,575350,182,mRNA
1281,575471,578130,2659,mRNA
1282,530501,530534,33,mRNA
1283,531627,531876,249,mRNA
1284,560606,560776,170,mRNA
1285,570862,571000,138,mRNA
1286,571131,571352,221,mRNA
1287,571427,572058,631,mRNA
1288,572137,572289,152,mRNA
1289,573853,574002,149,mRNA
1290,574196,574878,682,mRNA
1291,574942,575089,147,mRNA
1292,575168,575350,182,mRNA
1293,575471,578130,2659,mRNA
1294,530501,530534,33,mRNA
1295,531627,531876,249,mRNA
1296,560606,560776,170,mRNA
1297,570862,571000,138,mRNA
1298,571134,571352,218,mRNA
1299,571427,572070,643,mRNA
1300,572149,572289,140,mRNA
1301,573853,574002,149,mRNA
1302,574196,574878,682,mRNA
1303,574942,575089,147,mRNA
1304,575168,575350,182,mRNA
1305,575471,578130,2659,mRNA
1306,530501,530534,33,mRNA
1307,531627,531876,249,mRNA
1308,570862,571000,138,mRNA
1309,571134,571352,218,mRNA
1310,571427,572070,643,mRNA
1311,572149,572289,140,mRNA
1312,573853,574002,149,mRNA
1313,574196,574878,682,mRNA
1314,574942,575089,147,mRNA
1315,575168,575350,182,mRNA
1316,575471,578130,2659,mRNA
1317,531170,531189,19,mRNA
1318,531627,531876,249,mRNA
1319,560606,560776,170,mRNA
1320,570862,571000,138,mRNA
1321,571134,571352,218,mRNA
1322,571427,572070,643,mRNA
1323,572149,572289,140,mRNA
1324,573853,574002,149,mRNA
1325,574196,574878,682,mRNA
1326,574945,575089,144,mRNA
1327,575168,575362,194,mRNA
1328,575471,579044,3573,mRNA
1329,531799,531876,77,CDS
1330,560606,560776,170,CDS
1331,570862,571000,138,CDS
1332,571131,571352,221,CDS
1333,571427,572070,643,CDS
1334,572137,572289,152,CDS
1335,573865,574002,137,CDS
1336,574196,574878,682,CDS
1337,574942,575089,147,CDS
1338,575168,575350,182,CDS
1339,575471,575578,107,CDS
1340,531799,531876,77,CDS
1341,560606,560776,170,CDS
1342,570862,571000,138,CDS
1343,571131,571352,221,CDS
1344,571427,572058,631,CDS
1345,572137,572289,152,CDS
1346,573853,574002,149,CDS
1347,574196,574878,682,CDS
1348,574942,575089,147,CDS
1349,575168,575350,182,CDS
1350,575471,575578,107,CDS
1351,531799,531876,77,CDS
1352,560606,560776,170,CDS
1353,570862,571000,138,CDS
1354,571134,571352,218,CDS
1355,571427,572070,643,CDS
1356,572149,572289,140,CDS
1357,573853,574002,149,CDS
1358,574196,574878,682,CDS
1359,574942,575089,147,CDS
1360,575168,575350,182,CDS
1361,575471,575578,107,CDS
1362,531799,531876,77,CDS
1363,560606,560776,170,CDS
1364,570862,571000,138,CDS
1365,571134,571352,218,CDS
1366,571427,572070,643,CDS
1367,572149,572289,140,CDS
1368,573853,574002,149,CDS
1369,574196,574878,682,CDS
1370,574945,575089,144,CDS
1371,575168,575362,194,CDS
1372,575471,575578,107,CDS
1373,531799,531876,77,CDS
1374,560606,560776,170,CDS
1375,570862,571000,138,CDS
1376,571134,571352,218,CDS
1377,571427,572058,631,CDS
1378,572149,572289,140,CDS
1379,573853,574002,149,CDS
1380,574196,574878,682,CDS
1381,574942,575089,147,CDS
1382,575168,575350,182,CDS
1383,575471,575578,107,CDS
1384,531799,531876,77,CDS
1385,570862,571000,138,CDS
1386,571134,571352,218,CDS
1387,571427,572070,643,CDS
1388,572149,572289,140,CDS
1389,573853,574002,149,CDS
1390,574196,574878,682,CDS
1391,574942,575089,147,CDS
1392,575168,575350,182,CDS
1393,575471,575578,107,CDS
1394,543986,544087,101,mobile_element
1395,551477,558981,7504,mobile_element
1396,569903,570003,100,gene
1397,569903,570003,100,precursor_RNA
1398,569966,569986,20,ncRNA
1399,582121,598151,16030,gene
1400,582121,583077,956,mRNA
1401,593648,594306,658,mRNA
1402,596356,598151,1795,mRNA
1403,582959,583077,118,CDS
1404,593648,594306,658,CDS
1405,596356,597311,955,CDS
1406,585081,620195,35114,gene
1407,620039,620195,156,mRNA
1408,619292,619485,193,mRNA
1409,614774,615512,738,mRNA
1410,614573,614713,140,mRNA
1411,613847,614023,176,mRNA
1412,612496,613774,1278,mRNA
1413,612282,612433,151,mRNA
1414,612092,612211,119,mRNA
1415,611751,612033,282,mRNA
1416,611411,611685,274,mRNA
1417,608440,608514,74,mRNA
1418,585081,585229,148,mRNA
1419,591042,591951,909,mRNA
1420,593648,594306,658,mRNA
1421,596356,597819,1463,mRNA
1422,591395,591951,556,CDS
1423,593648,594306,658,CDS
1424,596356,597311,955,CDS
1425,614774,615109,335,CDS
1426,614573,614713,140,CDS
1427,613847,614023,176,CDS
1428,612496,613774,1278,CDS
1429,612282,612433,151,CDS
1430,612092,612211,119,CDS
1431,611751,612033,282,CDS
1432,611411,611685,274,CDS
1433,608449,608514,65,CDS
1434,620039,620195,156,mRNA
1435,619292,619485,193,mRNA
1436,614774,615512,738,mRNA
1437,614573,614713,140,mRNA
1438,613847,614023,176,mRNA
1439,612496,613774,1278,mRNA
1440,612282,612433,151,mRNA
1441,612092,612208,116,mRNA
1442,611751,612033,282,mRNA
1443,611411,611685,274,mRNA
1444,610549,611341,792,mRNA
1445,620039,620195,156,mRNA
1446,619292,619485,193,mRNA
1447,614774,615512,738,mRNA
1448,614573,614713,140,mRNA
1449,613847,614023,176,mRNA
1450,612496,613774,1278,mRNA
1451,612282,612433,151,mRNA
1452,612092,612211,119,mRNA
1453,611751,612033,282,mRNA
1454,611411,611685,274,mRNA
1455,610549,611341,792,mRNA
1456,619292,619723,431,mRNA
1457,614774,615512,738,mRNA
1458,614573,614713,140,mRNA
1459,613847,614023,176,mRNA
1460,612496,613774,1278,mRNA
1461,612282,612433,151,mRNA
1462,612092,612211,119,mRNA
1463,611751,612033,282,mRNA
1464,611411,611685,274,mRNA
1465,610549,611341,792,mRNA
1466,617375,617582,207,mRNA
1467,614774,615743,969,mRNA
1468,614573,614713,140,mRNA
1469,613847,614023,176,mRNA
1470,612496,613774,1278,mRNA
1471,612282,612433,151,mRNA
1472,612092,612211,119,mRNA
1473,611751,612033,282,mRNA
1474,611411,611685,274,mRNA
1475,610549,611341,792,mRNA
1476,617275,617582,307,mRNA
1477,614774,615693,919,mRNA
1478,614573,614713,140,mRNA
1479,613847,614023,176,mRNA
1480,612496,613774,1278,mRNA
1481,612282,612433,151,mRNA
1482,612092,612211,119,mRNA
1483,611751,612033,282,mRNA
1484,611411,611685,274,mRNA
1485,610549,611341,792,mRNA
1486,617275,617582,307,mRNA
1487,614774,615970,1196,mRNA
1488,614573,614713,140,mRNA
1489,613847,614023,176,mRNA
1490,612496,613774,1278,mRNA
1491,612282,612433,151,mRNA
1492,612092,612211,119,mRNA
1493,611751,612033,282,mRNA
1494,611411,611685,274,mRNA
1495,610549,611341,792,mRNA
1496,614774,615541,767,CDS
1497,614573,614713,140,CDS
1498,613847,614023,176,CDS
1499,612496,613774,1278,CDS
1500,612282,612433,151,CDS
1501,612092,612211,119,CDS
1502,611751,612033,282,CDS
1503,611411,611685,274,CDS
1504,611252,611341,89,CDS
1505,614774,615541,767,CDS
1506,614573,614713,140,CDS
1507,613847,614023,176,CDS
1508,612496,613774,1278,CDS
1509,612282,612433,151,CDS
1510,612092,612211,119,CDS
1511,611751,612033,282,CDS
1512,611411,611685,274,CDS
1513,611252,611341,89,CDS
1514,614774,615541,767,CDS
1515,614573,614713,140,CDS
1516,613847,614023,176,CDS
1517,612496,613774,1278,CDS
1518,612282,612433,151,CDS
1519,612092,612211,119,CDS
1520,611751,612033,282,CDS
1521,611411,611685,274,CDS
1522,611252,611341,89,CDS
1523,614774,615109,335,CDS
1524,614573,614713,140,CDS
1525,613847,614023,176,CDS
1526,612496,613774,1278,CDS
1527,612282,612433,151,CDS
1528,612092,612208,116,CDS
1529,611751,612033,282,CDS
1530,611411,611685,274,CDS
1531,611252,611341,89,CDS
1532,614774,615109,335,CDS
1533,614573,614713,140,CDS
1534,613847,614023,176,CDS
1535,612496,613774,1278,CDS
1536,612282,612433,151,CDS
1537,612092,612211,119,CDS
1538,611751,612033,282,CDS
1539,611411,611685,274,CDS
1540,611252,611341,89,CDS
1541,614774,615109,335,CDS
1542,614573,614713,140,CDS
1543,613847,614023,176,CDS
1544,612496,613774,1278,CDS
1545,612282,612433,151,CDS
1546,612092,612211,119,CDS
1547,611751,612033,282,CDS
1548,611411,611685,274,CDS
1549,611252,611341,89,CDS
1550,620282,620729,447,gene
1551,620282,620729,447,ncRNA
1552,620717,621215,498,gene
1553,620717,621215,498,mRNA
1554,620801,621145,344,CDS
1555,621530,623051,1521,gene
1556,621530,621797,267,mRNA
1557,621842,622146,304,mRNA
1558,622207,622358,151,mRNA
1559,622434,623051,617,mRNA
1560,621530,621797,267,mRNA
1561,621842,622146,304,mRNA
1562,622207,622358,151,mRNA
1563,622446,623051,605,mRNA
1564,621530,621797,267,mRNA
1565,621853,622146,293,mRNA
1566,622207,622358,151,mRNA
1567,622434,623051,617,mRNA
1568,621530,621797,267,mRNA
1569,621891,622146,255,mRNA
1570,622207,622358,151,mRNA
1571,622434,623051,617,mRNA
1572,621530,621789,259,mRNA
1573,621842,622146,304,mRNA
1574,622207,622358,151,mRNA
1575,622446,623051,605,mRNA
1576,621806,622146,340,mRNA
1577,622207,622358,151,mRNA
1578,622446,623051,605,mRNA
1579,621891,622146,255,CDS
1580,622207,622358,151,CDS
1581,622434,622628,194,CDS
1582,621891,622146,255,CDS
1583,622207,622358,151,CDS
1584,622434,622628,194,CDS
1585,621891,622146,255,CDS
1586,622207,622358,151,CDS
1587,622434,622628,194,CDS
1588,621891,622146,255,CDS
1589,622207,622358,151,CDS
1590,622446,622628,182,CDS
1591,621891,622146,255,CDS
1592,622207,622358,151,CDS
1593,622446,622628,182,CDS
1594,621891,622146,255,CDS
1595,622207,622358,151,CDS
1596,622446,622628,182,CDS
1597,623468,624765,1297,gene
1598,623468,623734,266,mRNA
1599,623796,624344,548,mRNA
1600,624407,624765,358,mRNA
1601,623682,623734,52,CDS
1602,623796,624344,548,CDS
1603,624407,624719,312,CDS
1604,624757,625203,446,gene
1605,625166,625203,37,mRNA
1606,624757,625105,348,mRNA
1607,624896,625090,194,CDS
1608,625247,625661,414,gene
1609,625247,625661,414,ncRNA
1610,625542,628016,2474,gene
1611,625542,626362,820,mRNA
1612,626504,626820,316,mRNA
1613,626899,628016,1117,mRNA
1614,625542,625917,375,mRNA
1615,625975,626362,387,mRNA
1616,626504,626820,316,mRNA
1617,626899,628016,1117,mRNA
1618,625542,625602,60,mRNA
1619,625662,626362,700,mRNA
1620,626504,626820,316,mRNA
1621,626899,628016,1117,mRNA
1622,625669,626362,693,CDS
1623,626504,626820,316,CDS
1624,626899,627291,392,CDS
1625,625669,626362,693,CDS
1626,626504,626820,316,CDS
1627,626899,627291,392,CDS
1628,625669,625917,248,CDS
1629,625975,626362,387,CDS
1630,626504,626820,316,CDS
1631,626899,627291,392,CDS
1632,628338,629483,1145,gene
1633,628751,628894,143,mRNA
1634,628338,628686,348,mRNA
1635,629382,629483,101,mRNA
1636,628751,628878,127,mRNA
1637,628349,628686,337,mRNA
1638,629348,629416,68,mRNA
1639,628751,628878,127,mRNA
1640,628349,628686,337,mRNA
1641,629328,629416,88,mRNA
1642,628751,628878,127,mRNA
1643,628349,628686,337,mRNA
1644,629291,629416,125,mRNA
1645,628751,628878,127,mRNA
1646,628349,628686,337,mRNA
1647,628751,628873,122,CDS
1648,628462,628686,224,CDS
1649,628751,628873,122,CDS
1650,628462,628686,224,CDS
1651,628751,628873,122,CDS
1652,628462,628686,224,CDS
1653,628751,628873,122,CDS
1654,628462,628686,224,CDS
1655,628751,628873,122,CDS
1656,628462,628686,224,CDS
1657,629773,633633,3860,gene
1658,629773,630209,436,mRNA
1659,630273,630644,371,mRNA
1660,630703,631983,1280,mRNA
1661,632044,633633,1589,mRNA
1662,629886,630209,323,CDS
1663,630273,630644,371,CDS
1664,630703,631983,1280,CDS
1665,632044,633468,1424,CDS
1666,633622,635545,1923,gene
1667,635394,635545,151,mRNA
1668,634564,635289,725,mRNA
1669,634125,634487,362,mRNA
1670,633902,634056,154,mRNA
1671,633622,633838,216,mRNA
1672,635394,635545,151,mRNA
1673,634546,635289,743,mRNA
1674,634125,634487,362,mRNA
1675,633902,634056,154,mRNA
1676,633622,633838,216,mRNA
1677,635394,635545,151,mRNA
1678,634125,635289,1164,mRNA
1679,633902,634056,154,mRNA
1680,633622,633838,216,mRNA
1681,635394,635545,151,mRNA
1682,634546,635308,762,mRNA
1683,634125,634487,362,mRNA
1684,633902,634056,154,mRNA
1685,633622,633838,216,mRNA
1686,633691,633751,60,gene
1687,633691,633751,60,precursor_RNA
1688,633692,633714,22,ncRNA
1689,635394,635483,89,CDS
1690,634564,635289,725,CDS
1691,634125,634487,362,CDS
1692,633902,634056,154,CDS
1693,633706,633838,132,CDS
1694,635394,635483,89,CDS
1695,634546,635289,743,CDS
1696,634125,634487,362,CDS
1697,633902,634056,154,CDS
1698,633706,633838,132,CDS
1699,634546,635217,671,CDS
1700,634125,634487,362,CDS
1701,633902,634056,154,CDS
1702,633706,633838,132,CDS
1703,633728,633751,23,ncRNA
1704,635394,635483,89,CDS
1705,634525,635289,764,CDS
1706,635890,643760,7870,gene
1707,635890,636279,389,mRNA
1708,638333,638720,387,mRNA
1709,638781,639016,235,mRNA
1710,639720,641017,1297,mRNA
1711,641078,641202,124,mRNA
1712,641297,643760,2463,mRNA
1713,635890,636279,389,mRNA
1714,638333,638720,387,mRNA
1715,638781,639016,235,mRNA
1716,639720,641017,1297,mRNA
1717,641078,641190,112,mRNA
1718,641297,643760,2463,mRNA
1719,636442,636587,145,mRNA
1720,638333,638720,387,mRNA
1721,638781,639016,235,mRNA
1722,639720,641017,1297,mRNA
1723,641078,641202,124,mRNA
1724,641297,643760,2463,mRNA
1725,638447,638720,273,CDS
1726,638781,639016,235,CDS
1727,639720,641017,1297,CDS
1728,641078,641202,124,CDS
1729,641297,643341,2044,CDS
1730,638447,638720,273,CDS
1731,638781,639016,235,CDS
1732,639720,641017,1297,CDS
1733,641078,641202,124,CDS
1734,641297,643341,2044,CDS
1735,638447,638720,273,CDS
1736,638781,639016,235,CDS
1737,639720,641017,1297,CDS
1738,641078,641190,112,CDS
1739,641297,643341,2044,CDS
1740,644226,644616,390,gene
1741,644226,644616,390,exon
1742,644761,646386,1625,gene
1743,644761,645913,1152,mRNA
1744,645990,646386,396,mRNA
1745,644896,645913,1017,CDS
1746,645990,646198,208,CDS
1747,646360,646767,407,mobile_element
1748,647304,648597,1293,gene
1749,647304,647637,333,mRNA
1750,647703,648597,894,mRNA
1751,647304,647525,221,mRNA
1752,647610,647637,27,mRNA
1753,647703,648597,894,mRNA
1754,647304,647525,221,mRNA
1755,647610,647637,27,mRNA
1756,647703,648148,445,mRNA
1757,647448,647637,189,CDS
1758,647703,647923,220,CDS
1759,647448,647525,77,CDS
1760,647610,647637,27,CDS
1761,647703,647923,220,CDS
1762,647448,647525,77,CDS
1763,647610,647637,27,CDS
1764,647703,647923,220,CDS
1765,648483,656033,7550,gene
1766,655380,656033,653,mRNA
1767,653370,654096,726,mRNA
1768,648483,653238,4755,mRNA
1769,654865,654938,73,mRNA
1770,653370,654096,726,mRNA
1771,648891,653238,4347,mRNA
1772,653370,654083,713,CDS
1773,650050,653238,3188,CDS
1774,653370,654083,713,CDS
1775,650050,653238,3188,CDS
1776,656114,657899,1785,gene
1777,656114,656784,670,mRNA
1778,657099,657899,800,mRNA
1779,656114,656399,285,mRNA
1780,657099,657899,800,mRNA
1781,656356,657899,1543,mRNA
1782,656356,656604,248,mRNA
1783,657099,657899,800,mRNA
1784,656356,656489,133,mRNA
1785,657099,657899,800,mRNA
1786,656356,656399,43,mRNA
1787,657099,657899,800,mRNA
1788,656673,656784,111,mRNA
1789,657099,657899,800,mRNA
1790,656673,656740,67,mRNA
1791,657099,657899,800,mRNA
1792,657074,657899,825,mRNA
1793,657110,657598,488,CDS
1794,657110,657598,488,CDS
1795,657110,657598,488,CDS
1796,657110,657598,488,CDS
1797,657110,657598,488,CDS
1798,657110,657598,488,CDS
1799,657110,657598,488,CDS
1800,657110,657598,488,CDS
1801,657110,657598,488,CDS
1802,665377,665757,380,mobile_element
1803,673803,673898,95,mobile_element
1804,684403,684718,315,mobile_element
1805,686834,749496,62662,gene
1806,686834,687858,1024,mRNA
1807,722259,722393,134,mRNA
1808,728551,728727,176,mRNA
1809,730236,730990,754,mRNA
1810,731059,731186,127,mRNA
1811,737169,737288,119,mRNA
1812,737510,737665,155,mRNA
1813,740427,740858,431,mRNA
1814,741679,741876,197,mRNA
1815,742530,745763,3233,mRNA
1816,745834,746115,281,mRNA
1817,746517,746837,320,mRNA
1818,746904,747238,334,mRNA
1819,747389,749496,2107,mRNA
1820,686834,687126,292,mRNA
1821,687573,687858,285,mRNA
1822,722259,722393,134,mRNA
1823,728551,728727,176,mRNA
1824,730236,730990,754,mRNA
1825,731059,731186,127,mRNA
1826,737169,737288,119,mRNA
1827,737510,737665,155,mRNA
1828,740427,740858,431,mRNA
1829,741679,741876,197,mRNA
1830,742530,745763,3233,mRNA
1831,745834,746115,281,mRNA
1832,746280,746303,23,mRNA
1833,746517,746837,320,mRNA
1834,746904,747238,334,mRNA
1835,747389,749496,2107,mRNA
1836,686834,687126,292,mRNA
1837,687573,687858,285,mRNA
1838,722259,722393,134,mRNA
1839,728551,728727,176,mRNA
1840,730236,730990,754,mRNA
1841,731059,731186,127,mRNA
1842,737169,737288,119,mRNA
1843,737510,737665,155,mRNA
1844,740427,740858,431,mRNA
1845,741679,741876,197,mRNA
1846,742530,745763,3233,mRNA
1847,745834,746115,281,mRNA
1848,746517,746837,320,mRNA
1849,746904,747238,334,mRNA
1850,747389,749496,2107,mRNA
1851,686834,687074,240,mRNA
1852,687573,687858,285,mRNA
1853,722259,722393,134,mRNA
1854,728551,728727,176,mRNA
1855,730236,730990,754,mRNA
1856,731059,731186,127,mRNA
1857,731643,731777,134,mRNA
1858,737169,737288,119,mRNA
1859,737510,737665,155,mRNA
1860,740427,740858,431,mRNA
1861,741691,741876,185,mRNA
1862,742530,745763,3233,mRNA
1863,745834,746115,281,mRNA
1864,746517,746837,320,mRNA
1865,746904,747238,334,mRNA
1866,747389,749496,2107,mRNA
1867,686834,687074,240,mRNA
1868,687573,687858,285,mRNA
1869,722259,722393,134,mRNA
1870,728551,728727,176,mRNA
1871,730236,730990,754,mRNA
1872,731059,731186,127,mRNA
1873,737169,737288,119,mRNA
1874,737510,737665,155,mRNA
1875,740427,740858,431,mRNA
1876,741679,741876,197,mRNA
1877,742530,745763,3233,mRNA
1878,745834,746115,281,mRNA
1879,746517,746837,320,mRNA
1880,746904,747238,334,mRNA
1881,747389,749496,2107,mRNA
1882,686834,687074,240,mRNA
1883,687573,687858,285,mRNA
1884,722259,722393,134,mRNA
1885,728551,728727,176,mRNA
1886,730236,730990,754,mRNA
1887,731059,731186,127,mRNA
1888,737169,737288,119,mRNA
1889,737510,737665,155,mRNA
1890,740427,740858,431,mRNA
1891,741691,741876,185,mRNA
1892,742530,745763,3233,mRNA
1893,745834,746115,281,mRNA
1894,746517,746837,320,mRNA
1895,746904,747238,334,mRNA
1896,747389,749496,2107,mRNA
1897,686834,687074,240,mRNA
1898,687573,687858,285,mRNA
1899,722259,722393,134,mRNA
1900,728551,728727,176,mRNA
1901,730236,730990,754,mRNA
1902,731059,731186,127,mRNA
1903,737169,737288,119,mRNA
1904,740427,740858,431,mRNA
1905,741691,741876,185,mRNA
1906,742530,745763,3233,mRNA
1907,745834,746115,281,mRNA
1908,746517,746837,320,mRNA
1909,746904,747238,334,mRNA
1910,747389,749496,2107,mRNA
1911,686834,687009,175,mRNA
1912,687573,687858,285,mRNA
1913,722259,722393,134,mRNA
1914,728551,728727,176,mRNA
1915,730236,730990,754,mRNA
1916,731059,731186,127,mRNA
1917,737169,737288,119,mRNA
1918,737510,737665,155,mRNA
1919,740427,740858,431,mRNA
1920,741679,741876,197,mRNA
1921,742530,745763,3233,mRNA
1922,745834,746115,281,mRNA
1923,746517,746837,320,mRNA
1924,746904,747238,334,mRNA
1925,747389,749496,2107,mRNA
1926,686834,686940,106,mRNA
1927,687573,687858,285,mRNA
1928,722259,722393,134,mRNA
1929,728551,728727,176,mRNA
1930,730236,730990,754,mRNA
1931,731059,731186,127,mRNA
1932,737169,737288,119,mRNA
1933,737510,737665,155,mRNA
1934,740427,740858,431,mRNA
1935,741679,741876,197,mRNA
1936,742530,745763,3233,mRNA
1937,745834,746115,281,mRNA
1938,746517,746837,320,mRNA
1939,746904,747238,334,mRNA
1940,747389,749496,2107,mRNA
1941,687699,687858,159,CDS
1942,722259,722393,134,CDS
1943,728551,728727,176,CDS
1944,730236,730990,754,CDS
1945,731059,731186,127,CDS
1946,731643,731777,134,CDS
1947,737169,737288,119,CDS
1948,737510,737665,155,CDS
1949,740427,740858,431,CDS
1950,741691,741876,185,CDS
1951,742530,745763,3233,CDS
1952,745834,746115,281,CDS
1953,746517,746837,320,CDS
1954,746904,747238,334,CDS
1955,747389,747631,242,CDS
1956,687699,687858,159,CDS
1957,722259,722393,134,CDS
1958,728551,728727,176,CDS
1959,730236,730990,754,CDS
1960,731059,731186,127,CDS
1961,737169,737288,119,CDS
1962,737510,737665,155,CDS
1963,740427,740858,431,CDS
1964,741679,741876,197,CDS
1965,742530,745763,3233,CDS
1966,745834,746115,281,CDS
1967,746280,746303,23,CDS
1968,746517,746837,320,CDS
1969,746904,747238,334,CDS
1970,747389,747631,242,CDS
1971,687699,687858,159,CDS
1972,722259,722393,134,CDS
1973,728551,728727,176,CDS
1974,730236,730990,754,CDS
1975,731059,731186,127,CDS
1976,737169,737288,119,CDS
1977,737510,737665,155,CDS
1978,740427,740858,431,CDS
1979,741679,741876,197,CDS
1980,742530,745763,3233,CDS
1981,745834,746115,281,CDS
1982,746517,746837,320,CDS
1983,746904,747238,334,CDS
1984,747389,747631,242,CDS
1985,687699,687858,159,CDS
1986,722259,722393,134,CDS
1987,728551,728727,176,CDS
1988,730236,730990,754,CDS
1989,731059,731186,127,CDS
1990,737169,737288,119,CDS
1991,737510,737665,155,CDS
1992,740427,740858,431,CDS
1993,741679,741876,197,CDS
1994,742530,745763,3233,CDS
1995,745834,746115,281,CDS
1996,746517,746837,320,CDS
1997,746904,747238,334,CDS
1998,747389,747631,242,CDS
1999,687699,687858,159,CDS
2000,722259,722393,134,CDS
2001,728551,728727,176,CDS
2002,730236,730990,754,CDS
2003,731059,731186,127,CDS
2004,737169,737288,119,CDS
2005,737510,737665,155,CDS
2006,740427,740858,431,CDS
2007,741679,741876,197,CDS
2008,742530,745763,3233,CDS
2009,745834,746115,281,CDS
2010,746517,746837,320,CDS
2011,746904,747238,334,CDS
2012,747389,747631,242,CDS
2013,687699,687858,159,CDS
2014,722259,722393,134,CDS
2015,728551,728727,176,CDS
2016,730236,730990,754,CDS
2017,731059,731186,127,CDS
2018,737169,737288,119,CDS
2019,737510,737665,155,CDS
2020,740427,740858,431,CDS
2021,741679,741876,197,CDS
2022,742530,745763,3233,CDS
2023,745834,746115,281,CDS
2024,746517,746837,320,CDS
2025,746904,747238,334,CDS
2026,747389,747631,242,CDS
2027,687699,687858,159,CDS
2028,722259,722393,134,CDS
2029,728551,728727,176,CDS
2030,730236,730990,754,CDS
2031,731059,731186,127,CDS
2032,737169,737288,119,CDS
2033,737510,737665,155,CDS
2034,740427,740858,431,CDS
2035,741679,741876,197,CDS
2036,742530,745763,3233,CDS
2037,745834,746115,281,CDS
2038,746517,746837,320,CDS
2039,746904,747238,334,CDS
2040,747389,747631,242,CDS
2041,687699,687858,159,CDS
2042,722259,722393,134,CDS
2043,728551,728727,176,CDS
2044,730236,730990,754,CDS
2045,731059,731186,127,CDS
2046,737169,737288,119,CDS
2047,737510,737665,155,CDS
2048,740427,740858,431,CDS
2049,741691,741876,185,CDS
2050,742530,745763,3233,CDS
2051,745834,746115,281,CDS
2052,746517,746837,320,CDS
2053,746904,747238,334,CDS
2054,747389,747631,242,CDS
2055,687699,687858,159,CDS
2056,722259,722393,134,CDS
2057,728551,728727,176,CDS
2058,730236,730990,754,CDS
2059,731059,731186,127,CDS
2060,737169,737288,119,CDS
2061,740427,740858,431,CDS
2062,741691,741876,185,CDS
2063,742530,745763,3233,CDS
2064,745834,746115,281,CDS
2065,746517,746837,320,CDS
2066,746904,747238,334,CDS
2067,747389,747631,242,CDS
2068,694087,694136,49,mobile_element
2069,694168,694458,290,mobile_element
2070,705209,705566,357,mobile_element
2071,710616,711119,503,mobile_element
2072,718818,718919,101,mobile_element
2073,721699,722107,408,mobile_element
2074,749241,751301,2060,gene
2075,751152,751301,149,mRNA
2076,750773,750834,61,mRNA
2077,749241,750714,1473,mRNA
2078,751152,751169,17,CDS
2079,750773,750834,61,CDS
2080,749826,750714,888,CDS
2081,750347,758719,8372,gene
2082,750347,750731,384,mRNA
2083,750794,750855,61,mRNA
2084,757805,758719,914,mRNA
2085,752011,753653,1642,gene
2086,752314,753653,1339,mRNA
2087,752011,752235,224,mRNA
2088,752314,753653,1339,CDS
2089,752139,752235,96,CDS
2090,756186,756506,320,mRNA
2091,757805,758719,914,mRNA
2092,756336,756506,170,CDS
2093,757805,758554,749,CDS
2094,757841,758554,713,CDS
2095,759594,761939,2345,gene
2096,759594,760528,934,mRNA
2097,760682,761939,1257,mRNA
2098,759594,759685,91,mRNA
2099,759755,760528,773,mRNA
2100,760682,761939,1257,mRNA
2101,759594,759685,91,mRNA
2102,759776,760528,752,mRNA
2103,760682,761939,1257,mRNA
2104,759799,760528,729,CDS
2105,760682,761361,679,CDS
2106,759799,760528,729,CDS
2107,760682,761361,679,CDS
2108,759799,760528,729,CDS
2109,760682,761361,679,CDS
2110,761976,762500,524,gene
2111,761976,762500,524,ncRNA
2112,762560,765130,2570,gene
2113,765084,765130,46,mRNA
2114,764302,764922,620,mRNA
2115,762560,762991,431,mRNA
2116,762615,763810,1195,gene
2117,763441,763810,369,ncRNA
2118,762615,762991,376,ncRNA
2119,765084,765095,11,CDS
2120,764302,764922,620,CDS
2121,762725,762991,266,CDS
2122,763083,763234,151,gene
2123,763083,763234,151,ncRNA
2124,763942,764086,144,gene
2125,763942,764086,144,ncRNA
2126,765288,766100,812,gene
2127,765288,766100,812,ncRNA
2128,769945,784222,14277,gene
2129,769945,770447,502,mRNA
2130,781476,784222,2746,mRNA
2131,770026,770447,421,mRNA
2132,781476,783302,1826,mRNA
2133,770229,770447,218,CDS
2134,781476,783002,1526,CDS
2135,770229,770447,218,CDS
2136,781476,783002,1526,CDS
2137,777608,777673,65,mobile_element
2138,777734,778210,476,mRNA
2139,781476,783302,1826,mRNA
2140,777797,778210,413,CDS
2141,781476,783002,1526,CDS
2142,784746,788215,3469,gene
2143,784746,785014,268,mRNA
2144,785090,785173,83,mRNA
2145,785234,785318,84,mRNA
2146,785388,785492,104,mRNA
2147,785547,785655,108,mRNA
2148,785717,786498,781,mRNA
2149,786569,786809,240,mRNA
2150,786874,787022,148,mRNA
2151,787086,787524,438,mRNA
2152,787639,788215,576,mRNA
2153,784746,785014,268,mRNA
2154,785090,785173,83,mRNA
2155,785234,785318,84,mRNA
2156,785388,785492,104,mRNA
2157,785547,785655,108,mRNA
2158,785717,786498,781,mRNA
2159,786569,786809,240,mRNA
2160,786874,787022,148,mRNA
2161,787086,787524,438,mRNA
2162,787639,788046,407,mRNA
2163,784905,785014,109,CDS
2164,785090,785173,83,CDS
2165,785234,785318,84,CDS
2166,785388,785492,104,CDS
2167,785547,785655,108,CDS
2168,785717,786498,781,CDS
2169,786569,786809,240,CDS
2170,786874,787022,148,CDS
2171,787086,787524,438,CDS
2172,787639,787832,193,CDS
2173,784905,785014,109,CDS
2174,785090,785173,83,CDS
2175,785234,785318,84,CDS
2176,785388,785492,104,CDS
2177,785547,785655,108,CDS
2178,785717,786498,781,CDS
2179,786569,786809,240,CDS
2180,786874,787022,148,CDS
2181,787086,787524,438,CDS
2182,787639,787832,193,CDS
2183,787855,790089,2234,gene
2184,789472,790089,617,mRNA
2185,788592,788903,311,mRNA
2186,787855,788527,672,mRNA
2187,789472,790014,542,CDS
2188,788592,788903,311,CDS
2189,788117,788527,410,CDS
2190,790284,790566,282,gene
2191,790284,790566,282,ncRNA
2192,793147,797061,3914,gene
2193,793147,797061,3914,mRNA
2194,793147,796354,3207,mRNA
2195,793477,796299,2822,CDS
2196,793477,796299,2822,CDS
2197,797090,801479,4389,gene
2198,800597,801479,882,mRNA
2199,800378,800517,139,mRNA
2200,800128,800316,188,mRNA
2201,799711,800065,354,mRNA
2202,799316,799647,331,mRNA
2203,798278,799013,735,mRNA
2204,797762,798142,380,mRNA
2205,797090,797692,602,mRNA
2206,800597,800785,188,CDS
2207,800378,800517,139,CDS
2208,800128,800316,188,CDS
2209,799711,800065,354,CDS
2210,799316,799647,331,CDS
2211,798278,799013,735,CDS
2212,797762,798142,380,CDS
2213,797477,797692,215,CDS
2214,801669,803470,1801,gene
2215,801669,803470,1801,mRNA
2216,801945,803426,1481,CDS
2217,803424,804921,1497,gene
2218,804074,804921,847,mRNA
2219,803424,804002,578,mRNA
2220,804074,804897,823,CDS
2221,803921,804002,81,CDS
2222,806076,808200,2124,gene
2223,806076,806565,489,mRNA
2224,806633,806742,109,mRNA
2225,806969,807270,301,mRNA
2226,807354,808200,846,mRNA
2227,806076,806559,483,mRNA
2228,806633,806742,109,mRNA
2229,806969,807270,301,mRNA
2230,807354,808200,846,mRNA
2231,806485,806565,80,CDS
2232,806633,806742,109,CDS
2233,806969,807270,301,CDS
2234,807354,807502,148,CDS
2235,806485,806559,74,CDS
2236,806633,806742,109,CDS
2237,806969,807270,301,CDS
2238,807354,807502,148,CDS
2239,808217,927975,119758,gene
2240,927857,927975,118,mRNA
2241,893468,894305,837,mRNA
2242,893222,893314,92,mRNA
2243,843112,843174,62,mRNA
2244,820505,821969,1464,mRNA
2245,819693,819826,133,mRNA
2246,819211,819633,422,mRNA
2247,818851,819133,282,mRNA
2248,818680,818792,112,mRNA
2249,818406,818615,209,mRNA
2250,811594,811689,95,mRNA
2251,811027,811368,341,mRNA
2252,808217,810957,2740,mRNA
2253,908750,909194,444,mRNA
2254,893468,894305,837,mRNA
2255,893222,893314,92,mRNA
2256,843112,843174,62,mRNA
2257,820505,821969,1464,mRNA
2258,819693,819826,133,mRNA
2259,819211,819633,422,mRNA
2260,818851,819133,282,mRNA
2261,818680,818792,112,mRNA
2262,818406,818615,209,mRNA
2263,811027,811368,341,mRNA
2264,808217,810957,2740,mRNA
2265,908750,909194,444,mRNA
2266,893468,894305,837,mRNA
2267,893222,893314,92,mRNA
2268,843112,843174,62,mRNA
2269,820505,821969,1464,mRNA
2270,819693,820078,385,mRNA
2271,819211,819633,422,mRNA
2272,818851,819133,282,mRNA
2273,818680,818792,112,mRNA
2274,818406,818615,209,mRNA
2275,811027,811368,341,mRNA
2276,808217,810957,2740,mRNA
2277,908750,909194,444,mRNA
2278,893468,894305,837,mRNA
2279,893222,893314,92,mRNA
2280,843112,843174,62,mRNA
2281,820505,821969,1464,mRNA
2282,819693,820078,385,mRNA
2283,819211,819633,422,mRNA
2284,818851,819133,282,mRNA
2285,818680,818792,112,mRNA
2286,818406,818615,209,mRNA
2287,811594,811689,95,mRNA
2288,811027,811368,341,mRNA
2289,808217,810957,2740,mRNA
2290,899184,899272,88,mRNA
2291,893468,894305,837,mRNA
2292,893222,893314,92,mRNA
2293,843112,843174,62,mRNA
2294,820505,821969,1464,mRNA
2295,819693,819826,133,mRNA
2296,819211,819633,422,mRNA
2297,818851,819133,282,mRNA
2298,818680,818792,112,mRNA
2299,818406,818615,209,mRNA
2300,811027,811368,341,mRNA
2301,808217,810957,2740,mRNA
2302,884395,884464,69,mRNA
2303,880919,881788,869,mRNA
2304,843112,843174,62,mRNA
2305,820505,821969,1464,mRNA
2306,819693,819826,133,mRNA
2307,819211,819633,422,mRNA
2308,818851,819133,282,mRNA
2309,818680,818792,112,mRNA
2310,818436,818615,179,mRNA
2311,811027,811368,341,mRNA
2312,808217,810957,2740,mRNA
2313,884322,884464,142,mRNA
2314,880919,881788,869,mRNA
2315,843112,843174,62,mRNA
2316,820505,821969,1464,mRNA
2317,819693,820078,385,mRNA
2318,819211,819633,422,mRNA
2319,818851,819133,282,mRNA
2320,818680,818792,112,mRNA
2321,818406,818615,209,mRNA
2322,811594,811689,95,mRNA
2323,811027,811368,341,mRNA
2324,808217,810957,2740,mRNA
2325,839866,840989,1123,mRNA
2326,820505,821969,1464,mRNA
2327,819693,819826,133,mRNA
2328,819211,819633,422,mRNA
2329,818851,819133,282,mRNA
2330,818680,818792,112,mRNA
2331,818436,818615,179,mRNA
2332,811594,811689,95,mRNA
2333,811027,811368,341,mRNA
2334,808217,810957,2740,mRNA
2335,839866,840989,1123,mRNA
2336,820505,821969,1464,mRNA
2337,819693,820078,385,mRNA
2338,819211,819633,422,mRNA
2339,818851,819133,282,mRNA
2340,818680,818792,112,mRNA
2341,818406,818615,209,mRNA
2342,811027,811368,341,mRNA
2343,808217,810957,2740,mRNA
2344,836026,836356,330,mRNA
2345,820505,821969,1464,mRNA
2346,819693,820078,385,mRNA
2347,819211,819633,422,mRNA
2348,818851,819133,282,mRNA
2349,818680,818792,112,mRNA
2350,818406,818615,209,mRNA
2351,811594,811689,95,mRNA
2352,811027,811368,341,mRNA
2353,808217,810957,2740,mRNA
2354,893468,894292,824,CDS
2355,893222,893314,92,CDS
2356,843112,843174,62,CDS
2357,820505,821969,1464,CDS
2358,819693,819826,133,CDS
2359,819211,819633,422,CDS
2360,818851,819133,282,CDS
2361,818680,818792,112,CDS
2362,818406,818615,209,CDS
2363,811027,811368,341,CDS
2364,809698,810957,1259,CDS
2365,893468,894292,824,CDS
2366,893222,893314,92,CDS
2367,843112,843174,62,CDS
2368,820505,821969,1464,CDS
2369,819693,819826,133,CDS
2370,819211,819633,422,CDS
2371,818851,819133,282,CDS
2372,818680,818792,112,CDS
2373,818406,818615,209,CDS
2374,811027,811368,341,CDS
2375,809698,810957,1259,CDS
2376,893468,894292,824,CDS
2377,893222,893314,92,CDS
2378,843112,843174,62,CDS
2379,820505,821969,1464,CDS
2380,819693,819826,133,CDS
2381,819211,819633,422,CDS
2382,818851,819133,282,CDS
2383,818680,818792,112,CDS
2384,818406,818615,209,CDS
2385,811594,811689,95,CDS
2386,811027,811368,341,CDS
2387,809698,810957,1259,CDS
2388,893468,894292,824,CDS
2389,893222,893314,92,CDS
2390,843112,843174,62,CDS
2391,820505,821969,1464,CDS
2392,819693,820078,385,CDS
2393,819211,819633,422,CDS
2394,818851,819133,282,CDS
2395,818680,818792,112,CDS
2396,818406,818615,209,CDS
2397,811027,811368,341,CDS
2398,809698,810957,1259,CDS
2399,893468,894292,824,CDS
2400,893222,893314,92,CDS
2401,843112,843174,62,CDS
2402,820505,821969,1464,CDS
2403,819693,820078,385,CDS
2404,819211,819633,422,CDS
2405,818851,819133,282,CDS
2406,818680,818792,112,CDS
2407,818406,818615,209,CDS
2408,811594,811689,95,CDS
2409,811027,811368,341,CDS
2410,809698,810957,1259,CDS
2411,880919,881740,821,CDS
2412,843112,843174,62,CDS
2413,820505,821969,1464,CDS
2414,819693,819826,133,CDS
2415,819211,819633,422,CDS
2416,818851,819133,282,CDS
2417,818680,818792,112,CDS
2418,818436,818615,179,CDS
2419,811027,811368,341,CDS
2420,809698,810957,1259,CDS
2421,880919,881740,821,CDS
2422,843112,843174,62,CDS
2423,820505,821969,1464,CDS
2424,819693,820078,385,CDS
2425,819211,819633,422,CDS
2426,818851,819133,282,CDS
2427,818680,818792,112,CDS
2428,818406,818615,209,CDS
2429,811594,811689,95,CDS
2430,811027,811368,341,CDS
2431,809698,810957,1259,CDS
2432,820505,821960,1455,CDS
2433,819693,819826,133,CDS
2434,819211,819633,422,CDS
2435,818851,819133,282,CDS
2436,818680,818792,112,CDS
2437,818436,818615,179,CDS
2438,811594,811689,95,CDS
2439,811027,811368,341,CDS
2440,809698,810957,1259,CDS
2441,820505,821960,1455,CDS
2442,819693,820078,385,CDS
2443,819211,819633,422,CDS
2444,818851,819133,282,CDS
2445,818680,818792,112,CDS
2446,818406,818615,209,CDS
2447,811027,811368,341,CDS
2448,809698,810957,1259,CDS
2449,820505,821960,1455,CDS
2450,819693,820078,385,CDS
2451,819211,819633,422,CDS
2452,818851,819133,282,CDS
2453,818680,818792,112,CDS
2454,818406,818615,209,CDS
2455,811594,811689,95,CDS
2456,811027,811368,341,CDS
2457,809698,810957,1259,CDS
2458,812322,817895,5573,mobile_element
2459,827657,835390,7733,mobile_element
2460,844823,845297,474,gene
2461,844823,845297,474,mRNA
2462,844837,845196,359,CDS
2463,846171,847157,986,gene
2464,846171,847157,986,mRNA
2465,846658,847157,499,mRNA
2466,846852,847103,251,CDS
2467,846852,847103,251,CDS
2468,848851,848897,46,mobile_element
2469,862608,863200,592,gene
2470,862608,862658,50,mRNA
2471,862736,863200,464,mRNA
2472,862792,863073,281,CDS
2473,872797,872850,53,mobile_element
2474,875732,876612,880,gene
2475,875732,876612,880,mRNA
2476,875732,876496,764,CDS
2477,894482,895200,718,gene
2478,894482,894517,35,mRNA
2479,894603,895200,597,mRNA
2480,894484,894517,33,mRNA
2481,894590,895200,610,mRNA
2482,894606,895064,458,CDS
2483,894606,895064,458,CDS
2484,906756,908489,1733,mobile_element
2485,920695,920760,65,mobile_element
2486,922889,927582,4693,gene
2487,926696,927582,886,mRNA
2488,925218,926633,1415,mRNA
2489,924973,925148,175,mRNA
2490,924739,924917,178,mRNA
2491,923605,924618,1013,mRNA
2492,922889,923551,662,mRNA
2493,926696,927582,886,mRNA
2494,925218,926633,1415,mRNA
2495,924973,925148,175,mRNA
2496,924739,924917,178,mRNA
2497,923605,924618,1013,mRNA
2498,923168,923551,383,mRNA
2499,926696,927447,751,CDS
2500,925218,926633,1415,CDS
2501,924973,925148,175,CDS
2502,924739,924917,178,CDS
2503,924145,924618,473,CDS
2504,926696,927447,751,CDS
2505,925218,926633,1415,CDS
2506,924973,925148,175,CDS
2507,924739,924917,178,CDS
2508,924214,924618,404,CDS
2509,928139,928860,721,gene
2510,928139,928327,188,mRNA
2511,928384,928485,101,mRNA
2512,928550,928860,310,mRNA
2513,928216,928327,111,CDS
2514,928384,928485,101,CDS
2515,928550,928767,217,CDS
2516,928798,930098,1300,gene
2517,928798,930098,1300,mRNA
2518,928896,929984,1088,CDS
2519,930931,932475,1544,gene
2520,930931,932475,1544,mRNA
2521,931028,932362,1334,CDS
2522,932466,939424,6958,gene
2523,932466,933330,864,mRNA
2524,933425,934474,1049,mRNA
2525,934541,934681,140,mRNA
2526,937941,939424,1483,mRNA
2527,933126,933330,204,mRNA
2528,933425,934474,1049,mRNA
2529,934541,934681,140,mRNA
2530,937941,939424,1483,mRNA
2531,933539,934474,935,CDS
2532,934541,934681,140,CDS
2533,937941,938012,71,CDS
2534,933539,934474,935,CDS
2535,934541,934681,140,CDS
2536,937941,938012,71,CDS
2537,935232,937822,2590,gene
2538,935232,935838,606,mRNA
2539,936330,937822,1492,mRNA
2540,935426,935709,283,mRNA
2541,936330,937822,1492,mRNA
2542,935426,935459,33,mRNA
2543,935581,935709,128,mRNA
2544,936330,937822,1492,mRNA
2545,935580,935709,129,mRNA
2546,936330,937822,1492,mRNA
2547,935858,936260,402,mRNA
2548,936330,937822,1492,mRNA
2549,936349,937455,1106,CDS
2550,936349,937455,1106,CDS
2551,936349,937455,1106,CDS
2552,936349,937455,1106,CDS
2553,936349,937455,1106,CDS
2554,939170,940805,1635,gene
2555,940152,940805,653,mRNA
2556,939733,940086,353,mRNA
2557,939170,939676,506,mRNA
2558,940152,940733,581,CDS
2559,939733,940086,353,CDS
2560,939464,939676,212,CDS
2561,941075,943229,2154,gene
2562,941075,943229,2154,mRNA
2563,941194,942474,1280,CDS
2564,942474,945773,3299,gene
2565,944396,945773,1377,mRNA
2566,943302,944096,794,mRNA
2567,942474,942796,322,mRNA
2568,944396,945546,1150,CDS
2569,943302,944096,794,CDS
2570,942607,942796,189,CDS
2571,946662,947500,838,gene
2572,946662,947500,838,mRNA
2573,946729,947484,755,CDS
2574,948585,951900,3315,gene
2575,951440,951900,460,mRNA
2576,951197,951375,178,mRNA
2577,950658,950839,181,mRNA
2578,950364,950599,235,mRNA
2579,949958,950250,292,mRNA
2580,949733,949892,159,mRNA
2581,949544,949671,127,mRNA
2582,948585,949485,900,mRNA
2583,951440,951900,460,mRNA
2584,951197,951375,178,mRNA
2585,950658,950839,181,mRNA
2586,950364,950599,235,mRNA
2587,949958,950250,292,mRNA
2588,949733,949892,159,mRNA
2589,949544,949671,127,mRNA
2590,949052,949485,433,mRNA
2591,951440,951882,442,CDS
2592,951197,951375,178,CDS
2593,950658,950839,181,CDS
2594,950364,950599,235,CDS
2595,949958,950250,292,CDS
2596,949733,949892,159,CDS
2597,949544,949671,127,CDS
2598,949430,949485,55,CDS
2599,951440,951882,442,CDS
2600,951197,951375,178,CDS
2601,950658,950839,181,CDS
2602,950364,950599,235,CDS
2603,949958,950250,292,CDS
2604,949733,949892,159,CDS
2605,949544,949671,127,CDS
2606,949430,949485,55,CDS
2607,968496,968741,245,gene
2608,968496,968741,245,ncRNA
2609,990518,991184,666,gene
2610,990518,991184,666,mRNA
2611,990582,990902,320,CDS
2612,1010477,1010633,156,mobile_element
2613,1011101,1011643,542,gene
2614,1011474,1011643,169,mRNA
2615,1011101,1011392,291,mRNA
2616,1011474,1011545,71,CDS
2617,1011141,1011392,251,CDS
2618,1012035,1012624,589,gene
2619,1012035,1012624,589,mRNA
2620,1012113,1012511,398,CDS
2621,1012779,1046040,33261,gene
2622,1012779,1013394,615,mRNA
2623,1013940,1014140,200,mRNA
2624,1042260,1043421,1161,mRNA
2625,1043491,1044210,719,mRNA
2626,1044268,1044589,321,mRNA
2627,1044650,1044901,251,mRNA
2628,1044971,1045099,128,mRNA
2629,1045155,1046040,885,mRNA
2630,1013984,1026703,12719,gene
2631,1026514,1026703,189,mRNA
2632,1016521,1016708,187,mRNA
2633,1015469,1016246,777,mRNA
2634,1015140,1015349,209,mRNA
2635,1013984,1015079,1095,mRNA
2636,1016521,1016523,2,CDS
2637,1015469,1016246,777,CDS
2638,1015140,1015349,209,CDS
2639,1014907,1015079,172,CDS
2640,1017946,1018104,158,mobile_element
2641,1019795,1026700,6905,gene
2642,1026514,1026700,186,mRNA
2643,1020892,1021594,702,mRNA
2644,1019795,1020568,773,mRNA
2645,1020892,1021587,695,CDS
2646,1020530,1020568,38,CDS
2647,1022234,1022505,271,mobile_element
2648,1024762,1025624,862,mobile_element
2649,1025983,1026266,283,mobile_element
2650,1026791,1028290,1499,gene
2651,1026791,1027546,755,mRNA
2652,1027635,1028290,655,mRNA
2653,1026893,1027546,653,CDS
2654,1027635,1028150,515,CDS
2655,1028291,1030556,2265,gene
2656,1029417,1030556,1139,mRNA
2657,1028291,1029364,1073,mRNA
2658,1029417,1030327,910,CDS
2659,1028548,1029364,816,CDS
2660,1030758,1033119,2361,gene
2661,1030758,1031009,251,mRNA
2662,1031069,1033119,2050,mRNA
2663,1030758,1031009,251,mRNA
2664,1031069,1031612,543,mRNA
2665,1030843,1031009,166,CDS
2666,1031069,1031453,384,CDS
2667,1030843,1031009,166,CDS
2668,1031069,1031453,384,CDS
2669,1031496,1033165,1669,gene
2670,1031496,1032110,614,mRNA
2671,1032423,1033165,742,mRNA
2672,1031524,1032110,586,CDS
2673,1032423,1033056,633,CDS
2674,1033316,1033407,91,mRNA
2675,1040987,1043421,2434,mRNA
2676,1043491,1044210,719,mRNA
2677,1044268,1044589,321,mRNA
2678,1044650,1044901,251,mRNA
2679,1044971,1045099,128,mRNA
2680,1045155,1046040,885,mRNA
2681,1033316,1033407,91,mRNA
2682,1040987,1042432,1445,mRNA
2683,1043213,1043421,208,mRNA
2684,1043491,1044210,719,mRNA
2685,1044268,1044589,321,mRNA
2686,1044650,1044901,251,mRNA
2687,1044971,1045099,128,mRNA
2688,1045155,1046040,885,mRNA
2689,1033316,1033401,85,mRNA
2690,1040982,1041403,421,mRNA
2691,1042260,1042432,172,mRNA
2692,1042730,1042885,155,mRNA
2693,1043213,1043421,208,mRNA
2694,1043491,1044210,719,mRNA
2695,1044268,1044589,321,mRNA
2696,1044650,1044901,251,mRNA
2697,1044971,1045099,128,mRNA
2698,1045155,1046040,885,mRNA
2699,1033316,1033401,85,mRNA
2700,1040982,1041403,421,mRNA
2701,1042260,1042432,172,mRNA
2702,1042803,1043421,618,mRNA
2703,1043491,1044210,719,mRNA
2704,1044268,1044589,321,mRNA
2705,1044650,1044901,251,mRNA
2706,1044971,1045099,128,mRNA
2707,1045155,1046040,885,mRNA
2708,1033316,1033401,85,mRNA
2709,1040982,1041403,421,mRNA
2710,1042260,1042432,172,mRNA
2711,1042934,1043421,487,mRNA
2712,1043491,1044210,719,mRNA
2713,1044268,1044589,321,mRNA
2714,1044650,1044901,251,mRNA
2715,1044971,1045099,128,mRNA
2716,1045155,1046040,885,mRNA
2717,1033316,1033401,85,mRNA
2718,1040982,1041403,421,mRNA
2719,1042260,1042432,172,mRNA
2720,1043213,1043421,208,mRNA
2721,1043491,1044210,719,mRNA
2722,1044268,1044589,321,mRNA
2723,1044650,1044901,251,mRNA
2724,1044971,1045099,128,mRNA
2725,1045155,1046040,885,mRNA
2726,1033407,1040982,7575,mobile_element
2727,1041111,1041403,292,CDS
2728,1042260,1042432,172,CDS
2729,1043213,1043421,208,CDS
2730,1043491,1044210,719,CDS
2731,1044268,1044589,321,CDS
2732,1044650,1044901,251,CDS
2733,1044971,1045099,128,CDS
2734,1045155,1045948,793,CDS
2735,1041111,1041403,292,CDS
2736,1042260,1042432,172,CDS
2737,1042934,1043121,187,CDS
2738,1041111,1041403,292,CDS
2739,1042260,1042432,172,CDS
2740,1042803,1042897,94,CDS
2741,1041111,1041403,292,CDS
2742,1042260,1042432,172,CDS
2743,1042730,1042746,16,CDS
2744,1041111,1041641,530,CDS
2745,1041111,1041641,530,CDS
2746,1043392,1043421,29,CDS
2747,1043491,1044210,719,CDS
2748,1044268,1044589,321,CDS
2749,1044650,1044901,251,CDS
2750,1044971,1045099,128,CDS
2751,1045155,1045948,793,CDS
2752,1046224,1047009,785,gene
2753,1046224,1046560,336,mRNA
2754,1046636,1047009,373,mRNA
2755,1046449,1046560,111,mRNA
2756,1046636,1047009,373,mRNA
2757,1046485,1046560,75,CDS
2758,1046636,1046838,202,CDS
2759,1046485,1046560,75,CDS
2760,1046636,1046838,202,CDS
2761,1047242,1088866,41624,gene
2762,1047242,1047425,183,ncRNA
2763,1082467,1087691,5224,ncRNA
2764,1087758,1088866,1108,ncRNA
2765,1047242,1047425,183,ncRNA
2766,1088522,1088571,49,ncRNA
2767,1088620,1088866,246,ncRNA
2768,1047242,1047425,183,ncRNA
2769,1088620,1088866,246,ncRNA
2770,1051525,1052631,1106,gene
2771,1051525,1052631,1106,mRNA
2772,1051540,1052499,959,CDS
2773,1063811,1072546,8735,mobile_element
2774,1073041,1134896,61855,gene
2775,1134185,1134896,711,mRNA
2776,1102347,1102401,54,mRNA
2777,1077210,1077512,302,mRNA
2778,1076433,1077097,664,mRNA
2779,1073041,1076300,3259,mRNA
2780,1134185,1134896,711,mRNA
2781,1119685,1119785,100,mRNA
2782,1102347,1102401,54,mRNA
2783,1088672,1088765,93,mRNA
2784,1077210,1077512,302,mRNA
2785,1076433,1077097,664,mRNA
2786,1073906,1076300,2394,mRNA
2787,1081037,1082439,1402,mRNA
2788,1077210,1077512,302,mRNA
2789,1076433,1077097,664,mRNA
2790,1073906,1076300,2394,mRNA
2791,1081037,1082439,1402,mRNA
2792,1077210,1077512,302,mRNA
2793,1076433,1077097,664,mRNA
2794,1073906,1076300,2394,mRNA
2795,1077210,1077438,228,CDS
2796,1076433,1077097,664,CDS
2797,1075404,1076300,896,CDS
2798,1077210,1077438,228,CDS
2799,1076433,1077097,664,CDS
2800,1075503,1076300,797,CDS
2801,1077210,1077438,228,CDS
2802,1076433,1077097,664,CDS
2803,1075503,1076300,797,CDS
2804,1077210,1077438,228,CDS
2805,1076433,1077097,664,CDS
2806,1075503,1076300,797,CDS
2807,1145018,1145214,196,mobile_element
2808,1145644,1146132,488,gene
2809,1145644,1146132,488,mRNA
2810,1145678,1146103,425,CDS
2811,1146157,1146484,327,mobile_element
2812,1158599,1162389,3790,gene
2813,1162286,1162389,103,mRNA
2814,1158599,1160132,1533,mRNA
2815,1158816,1160105,1289,CDS
2816,1163620,1164105,485,gene
2817,1163620,1163762,142,exon
2818,1163867,1164105,238,exon
2819,1170828,1173797,2969,gene
2820,1170828,1171171,343,mRNA
2821,1171270,1171698,428,mRNA
2822,1171816,1172740,924,mRNA
2823,1171425,1171698,273,mRNA
2824,1171816,1173797,1981,mRNA
2825,1171425,1171698,273,mRNA
2826,1171816,1172740,924,mRNA
2827,1171524,1171698,174,CDS
2828,1171816,1172579,763,CDS
2829,1171524,1171698,174,CDS
2830,1171816,1172579,763,CDS
2831,1171524,1171698,174,CDS
2832,1171816,1172579,763,CDS
2833,1173877,1176035,2158,gene
2834,1173877,1176035,2158,mRNA
2835,1174245,1176011,1766,CDS
2836,1180165,1181551,1386,gene
2837,1180165,1181551,1386,mRNA
2838,1180165,1180947,782,mRNA
2839,1180264,1180869,605,CDS
2840,1180264,1180869,605,CDS
2841,1181620,1183502,1882,gene
2842,1181620,1181801,181,mRNA
2843,1182102,1183349,1247,mRNA
2844,1181868,1182030,162,mRNA
2845,1182102,1183502,1400,mRNA
2846,1182102,1182914,812,CDS
2847,1182102,1182914,812,CDS
2848,1184778,1188585,3807,gene
2849,1184778,1185087,309,mRNA
2850,1186759,1187126,367,mRNA
2851,1187851,1188585,734,mRNA
2852,1185085,1185087,2,CDS
2853,1186759,1187126,367,CDS
2854,1187851,1188508,657,CDS
2855,1191308,1196660,5352,gene
2856,1191308,1191713,405,mRNA
2857,1194198,1194595,397,mRNA
2858,1194664,1196660,1996,mRNA
2859,1191405,1191713,308,mRNA
2860,1194198,1194595,397,mRNA
2861,1194664,1196660,1996,mRNA
2862,1191693,1191713,20,CDS
2863,1194198,1194595,397,CDS
2864,1194664,1195954,1290,CDS
2865,1191693,1191713,20,CDS
2866,1194198,1194595,397,CDS
2867,1194664,1195954,1290,CDS
2868,1199546,1203157,3611,gene
2869,1199546,1199671,125,mRNA
2870,1200625,1200847,222,mRNA
2871,1200928,1203157,2229,mRNA
2872,1199618,1199671,53,CDS
2873,1200625,1200847,222,CDS
2874,1200928,1202921,1993,CDS
2875,1203777,1205433,1656,gene
2876,1203777,1203879,102,mRNA
2877,1203934,1205433,1499,mRNA
2878,1203862,1203879,17,CDS
2879,1203934,1205226,1292,CDS
2880,1206737,1207555,818,gene
2881,1206737,1207555,818,mRNA
2882,1206769,1207461,692,CDS
2883,1209970,1211853,1883,gene
2884,1209970,1211853,1883,mRNA
2885,1209970,1211713,1743,mRNA
2886,1210097,1211614,1517,CDS
2887,1210097,1211614,1517,CDS
2888,1211989,1215156,3167,gene
2889,1214943,1215156,213,mRNA
2890,1211989,1214792,2803,mRNA
2891,1214943,1215156,213,mRNA
2892,1213520,1214792,1272,mRNA
2893,1214943,1215078,135,CDS
2894,1213939,1214792,853,CDS
2895,1214943,1215078,135,CDS
2896,1213939,1214792,853,CDS
2897,1215289,1236684,21395,gene
2898,1236445,1236684,239,mRNA
2899,1233803,1234279,476,mRNA
2900,1226846,1226893,47,mRNA
2901,1226105,1226282,177,mRNA
2902,1225434,1225528,94,mRNA
2903,1223936,1224163,227,mRNA
2904,1223623,1223874,251,mRNA
2905,1223436,1223554,118,mRNA
2906,1223088,1223360,272,mRNA
2907,1222485,1223012,527,mRNA
2908,1215289,1221595,6306,mRNA
2909,1234754,1235053,299,mRNA
2910,1233803,1234279,476,mRNA
2911,1226105,1226282,177,mRNA
2912,1225434,1225528,94,mRNA
2913,1223936,1224163,227,mRNA
2914,1223623,1223874,251,mRNA
2915,1223436,1223554,118,mRNA
2916,1223088,1223360,272,mRNA
2917,1222485,1223012,527,mRNA
2918,1215714,1221595,5881,mRNA
2919,1236445,1236684,239,mRNA
2920,1233803,1234276,473,mRNA
2921,1226105,1226282,177,mRNA
2922,1225434,1225528,94,mRNA
2923,1223936,1224163,227,mRNA
2924,1223623,1223874,251,mRNA
2925,1223436,1223554,118,mRNA
2926,1223088,1223360,272,mRNA
2927,1222749,1223012,263,mRNA
2928,1217083,1221595,4512,mRNA
2929,1236445,1236684,239,mRNA
2930,1233803,1234276,473,mRNA
2931,1226105,1226282,177,mRNA
2932,1225434,1225528,94,mRNA
2933,1223936,1224163,227,mRNA
2934,1223623,1223874,251,mRNA
2935,1223436,1223554,118,mRNA
2936,1223088,1223360,272,mRNA
2937,1222749,1223012,263,mRNA
2938,1217083,1221595,4512,mRNA
2939,1236434,1236684,250,mRNA
2940,1233803,1234279,476,mRNA
2941,1226105,1226282,177,mRNA
2942,1225434,1225528,94,mRNA
2943,1223936,1224163,227,mRNA
2944,1223623,1223874,251,mRNA
2945,1223436,1223554,118,mRNA
2946,1223088,1223360,272,mRNA
2947,1222644,1223012,368,mRNA
2948,1217083,1221595,4512,mRNA
2949,1236445,1236684,239,mRNA
2950,1233803,1234279,476,mRNA
2951,1226105,1226282,177,mRNA
2952,1225434,1225528,94,mRNA
2953,1223936,1224163,227,mRNA
2954,1223623,1223874,251,mRNA
2955,1223436,1223554,118,mRNA
2956,1223088,1223360,272,mRNA
2957,1222485,1223012,527,mRNA
2958,1217949,1221595,3646,mRNA
2959,1234754,1235053,299,mRNA
2960,1233803,1234279,476,mRNA
2961,1226105,1226282,177,mRNA
2962,1225434,1225528,94,mRNA
2963,1223936,1224163,227,mRNA
2964,1223623,1223874,251,mRNA
2965,1223436,1223554,118,mRNA
2966,1223088,1223360,272,mRNA
2967,1222485,1223012,527,mRNA
2968,1217949,1221595,3646,mRNA
2969,1234754,1235053,299,mRNA
2970,1233803,1234279,476,mRNA
2971,1226105,1226282,177,mRNA
2972,1225434,1225528,94,mRNA
2973,1223936,1224163,227,mRNA
2974,1223623,1223874,251,mRNA
2975,1223436,1223554,118,mRNA
2976,1223088,1223360,272,mRNA
2977,1222485,1223012,527,mRNA
2978,1217949,1221595,3646,mRNA
2979,1233803,1233913,110,CDS
2980,1226105,1226282,177,CDS
2981,1225434,1225528,94,CDS
2982,1223936,1224163,227,CDS
2983,1223623,1223874,251,CDS
2984,1223436,1223554,118,CDS
2985,1223088,1223360,272,CDS
2986,1222485,1223012,527,CDS
2987,1218961,1221595,2634,CDS
2988,1233803,1233913,110,CDS
2989,1226105,1226282,177,CDS
2990,1225434,1225528,94,CDS
2991,1223936,1224163,227,CDS
2992,1223623,1223874,251,CDS
2993,1223436,1223554,118,CDS
2994,1223088,1223360,272,CDS
2995,1222749,1223012,263,CDS
2996,1219705,1221595,1890,CDS
2997,1233803,1233913,110,CDS
2998,1226105,1226282,177,CDS
2999,1225434,1225528,94,CDS
3000,1223936,1224163,227,CDS
3001,1223623,1223874,251,CDS
3002,1223436,1223554,118,CDS
3003,1223088,1223360,272,CDS
3004,1222485,1223012,527,CDS
3005,1219705,1221595,1890,CDS
3006,1233803,1233913,110,CDS
3007,1226105,1226282,177,CDS
3008,1225434,1225528,94,CDS
3009,1223936,1224163,227,CDS
3010,1223623,1223874,251,CDS
3011,1223436,1223554,118,CDS
3012,1223088,1223360,272,CDS
3013,1222749,1223012,263,CDS
3014,1221460,1221595,135,CDS
3015,1233803,1233913,110,CDS
3016,1226105,1226282,177,CDS
3017,1225434,1225528,94,CDS
3018,1223936,1224163,227,CDS
3019,1223623,1223874,251,CDS
3020,1223436,1223554,118,CDS
3021,1223088,1223360,272,CDS
3022,1222644,1223012,368,CDS
3023,1221460,1221595,135,CDS
3024,1233803,1233913,110,CDS
3025,1226105,1226282,177,CDS
3026,1225434,1225528,94,CDS
3027,1223936,1224163,227,CDS
3028,1223623,1223874,251,CDS
3029,1223436,1223554,118,CDS
3030,1223088,1223360,272,CDS
3031,1222485,1223012,527,CDS
3032,1221460,1221595,135,CDS
3033,1233803,1233913,110,CDS
3034,1226105,1226282,177,CDS
3035,1225434,1225528,94,CDS
3036,1223936,1224163,227,CDS
3037,1223623,1223874,251,CDS
3038,1223436,1223554,118,CDS
3039,1223088,1223360,272,CDS
3040,1222485,1223012,527,CDS
3041,1221460,1221595,135,CDS
3042,1233803,1233913,110,CDS
3043,1226846,1226893,47,CDS
3044,1226105,1226282,177,CDS
3045,1225434,1225528,94,CDS
3046,1223936,1224163,227,CDS
3047,1223623,1223874,251,CDS
3048,1223436,1223554,118,CDS
3049,1223088,1223360,272,CDS
3050,1222485,1223012,527,CDS
3051,1221460,1221595,135,CDS
3052,1236873,1239884,3011,gene
3053,1238028,1239884,1856,mRNA
3054,1237766,1237963,197,mRNA
3055,1236873,1237707,834,mRNA
3056,1238028,1239782,1754,CDS
3057,1237766,1237963,197,CDS
3058,1237075,1237707,632,CDS
3059,1242740,1275284,32544,gene
3060,1274426,1275284,858,mRNA
3061,1251340,1252096,756,mRNA
3062,1251172,1251261,89,mRNA
3063,1242740,1248008,5268,mRNA
3064,1274426,1275284,858,mRNA
3065,1259959,1260008,49,mRNA
3066,1251340,1252096,756,mRNA
3067,1251172,1251261,89,mRNA
3068,1242740,1248008,5268,mRNA
3069,1274426,1275284,858,mRNA
3070,1259959,1260008,49,mRNA
3071,1251340,1252096,756,mRNA
3072,1251172,1251261,89,mRNA
3073,1242740,1248008,5268,mRNA
3074,1251340,1251597,257,CDS
3075,1251172,1251261,89,CDS
3076,1246290,1248008,1718,CDS
3077,1251340,1251597,257,CDS
3078,1251172,1251261,89,CDS
3079,1246515,1248008,1493,CDS
3080,1251340,1251597,257,CDS
3081,1251172,1251261,89,CDS
3082,1246515,1248008,1493,CDS
3083,1287290,1288945,1655,gene
3084,1287290,1287934,644,mRNA
3085,1287992,1288945,953,mRNA
3086,1287966,1288945,979,mRNA
3087,1288046,1288723,677,CDS
3088,1288046,1288723,677,CDS
3089,1289713,1322362,32649,gene
3090,1304766,1304845,79,mRNA
3091,1295010,1295936,926,mRNA
3092,1293318,1294286,968,mRNA
3093,1293080,1293257,177,mRNA
3094,1292321,1293016,695,mRNA
3095,1292052,1292257,205,mRNA
3096,1291844,1291986,142,mRNA
3097,1291626,1291787,161,mRNA
3098,1291405,1291568,163,mRNA
3099,1289713,1291344,1631,mRNA
3100,1304766,1304845,79,mRNA
3101,1304104,1304360,256,mRNA
3102,1295010,1295936,926,mRNA
3103,1293318,1294286,968,mRNA
3104,1293080,1293257,177,mRNA
3105,1292321,1293016,695,mRNA
3106,1292052,1292257,205,mRNA
3107,1291844,1291986,142,mRNA
3108,1291626,1291787,161,mRNA
3109,1291405,1291568,163,mRNA
3110,1289713,1291344,1631,mRNA
3111,1294564,1294687,123,mRNA
3112,1293318,1294286,968,mRNA
3113,1293080,1293257,177,mRNA
3114,1292321,1293016,695,mRNA
3115,1292052,1292257,205,mRNA
3116,1291844,1291986,142,mRNA
3117,1291626,1291787,161,mRNA
3118,1291405,1291568,163,mRNA
3119,1289713,1291344,1631,mRNA
3120,1322200,1322362,162,mRNA
3121,1316075,1316161,86,mRNA
3122,1295010,1295936,926,mRNA
3123,1293318,1294286,968,mRNA
3124,1293080,1293257,177,mRNA
3125,1292321,1293016,695,mRNA
3126,1292052,1292257,205,mRNA
3127,1291844,1291986,142,mRNA
3128,1291626,1291787,161,mRNA
3129,1291405,1291568,163,mRNA
3130,1289717,1291344,1627,mRNA
3131,1322200,1322362,162,mRNA
3132,1316075,1316161,86,mRNA
3133,1309859,1309900,41,mRNA
3134,1295010,1295936,926,mRNA
3135,1293318,1294286,968,mRNA
3136,1293080,1293257,177,mRNA
3137,1292321,1293016,695,mRNA
3138,1292052,1292257,205,mRNA
3139,1291844,1291986,142,mRNA
3140,1291626,1291787,161,mRNA
3141,1291405,1291568,163,mRNA
3142,1289717,1291344,1627,mRNA
3143,1308076,1308472,396,mRNA
3144,1295010,1295936,926,mRNA
3145,1293318,1294286,968,mRNA
3146,1293080,1293257,177,mRNA
3147,1292321,1293016,695,mRNA
3148,1292052,1292257,205,mRNA
3149,1291844,1291986,142,mRNA
3150,1291626,1291787,161,mRNA
3151,1291405,1291568,163,mRNA
3152,1289717,1291344,1627,mRNA
3153,1308076,1308123,47,CDS
3154,1295010,1295936,926,CDS
3155,1293318,1294286,968,CDS
3156,1293080,1293257,177,CDS
3157,1292321,1293016,695,CDS
3158,1292052,1292257,205,CDS
3159,1291844,1291986,142,CDS
3160,1291626,1291787,161,CDS
3161,1291405,1291568,163,CDS
3162,1290446,1291344,898,CDS
3163,1295010,1295054,44,CDS
3164,1293318,1294286,968,CDS
3165,1293080,1293257,177,CDS
3166,1292321,1293016,695,CDS
3167,1292052,1292257,205,CDS
3168,1291844,1291986,142,CDS
3169,1291626,1291787,161,CDS
3170,1291405,1291568,163,CDS
3171,1290446,1291344,898,CDS
3172,1295010,1295054,44,CDS
3173,1293318,1294286,968,CDS
3174,1293080,1293257,177,CDS
3175,1292321,1293016,695,CDS
3176,1292052,1292257,205,CDS
3177,1291844,1291986,142,CDS
3178,1291626,1291787,161,CDS
3179,1291405,1291568,163,CDS
3180,1290446,1291344,898,CDS
3181,1295010,1295054,44,CDS
3182,1293318,1294286,968,CDS
3183,1293080,1293257,177,CDS
3184,1292321,1293016,695,CDS
3185,1292052,1292257,205,CDS
3186,1291844,1291986,142,CDS
3187,1291626,1291787,161,CDS
3188,1291405,1291568,163,CDS
3189,1290446,1291344,898,CDS
3190,1295010,1295054,44,CDS
3191,1293318,1294286,968,CDS
3192,1293080,1293257,177,CDS
3193,1292321,1293016,695,CDS
3194,1292052,1292257,205,CDS
3195,1291844,1291986,142,CDS
3196,1291626,1291787,161,CDS
3197,1291405,1291568,163,CDS
3198,1290446,1291344,898,CDS
3199,1293318,1294214,896,CDS
3200,1293080,1293257,177,CDS
3201,1292321,1293016,695,CDS
3202,1292052,1292257,205,CDS
3203,1291844,1291986,142,CDS
3204,1291626,1291787,161,CDS
3205,1291405,1291568,163,CDS
3206,1290446,1291344,898,CDS
3207,1297984,1298387,403,gene
3208,1297984,1298387,403,mRNA
3209,1298098,1298331,233,CDS
3210,1299770,1300333,563,gene
3211,1299770,1300333,563,ncRNA
3212,1311331,1311392,61,mobile_element
3213,1322513,1329438,6925,gene
3214,1322513,1322714,201,mRNA
3215,1322773,1324809,2036,mRNA
3216,1324868,1324997,129,mRNA
3217,1325055,1325185,130,mRNA
3218,1325244,1327014,1770,mRNA
3219,1327069,1327277,208,mRNA
3220,1327338,1329438,2100,mRNA
3221,1322574,1322714,140,CDS
3222,1322773,1324809,2036,CDS
3223,1324868,1324997,129,CDS
3224,1325055,1325185,130,CDS
3225,1325244,1327014,1770,CDS
3226,1327069,1327277,208,CDS
3227,1327338,1329275,1937,CDS
3228,1329518,1341587,12069,gene
3229,1341325,1341587,262,mRNA
3230,1333503,1333717,214,mRNA
3231,1329518,1333436,3918,mRNA
3232,1337900,1338222,322,mRNA
3233,1333503,1333717,214,mRNA
3234,1329518,1333436,3918,mRNA
3235,1333503,1333696,193,CDS
3236,1329791,1333436,3645,CDS
3237,1333503,1333696,193,CDS
3238,1329791,1333436,3645,CDS
3239,1342106,1344770,2664,gene
3240,1342106,1343214,1108,mRNA
3241,1343290,1343535,245,mRNA
3242,1343779,1344770,991,mRNA
3243,1342407,1342529,122,mRNA
3244,1342587,1343214,627,mRNA
3245,1343290,1343535,245,mRNA
3246,1343779,1344770,991,mRNA
3247,1342492,1343214,722,CDS
3248,1343290,1343535,245,CDS
3249,1343779,1343943,164,CDS
3250,1342492,1342529,37,CDS
3251,1342587,1343214,627,CDS
3252,1343290,1343535,245,CDS
3253,1343779,1343943,164,CDS
3254,1344872,1349357,4485,gene
3255,1349144,1349357,213,mRNA
3256,1348222,1349077,855,mRNA
3257,1345175,1346120,945,mRNA
3258,1344872,1345098,226,mRNA
3259,1349144,1349357,213,mRNA
3260,1348222,1349077,855,mRNA
3261,1344872,1346120,1248,mRNA
3262,1346175,1346299,124,mRNA
3263,1344872,1346120,1248,mRNA
3264,1349144,1349246,102,CDS
3265,1348222,1349077,855,CDS
3266,1345241,1346120,879,CDS
3267,1349144,1349246,102,CDS
3268,1348222,1349077,855,CDS
3269,1345241,1346120,879,CDS
3270,1345241,1346107,866,CDS
3271,1346553,1348143,1590,gene
3272,1346553,1346679,126,mRNA
3273,1347269,1348143,874,mRNA
3274,1347085,1347119,34,mRNA
3275,1347269,1348143,874,mRNA
3276,1347280,1348014,734,CDS
3277,1347280,1348014,734,CDS
3278,1349623,1353981,4358,gene
3279,1353253,1353981,728,mRNA
3280,1352654,1353198,544,mRNA
3281,1352286,1352487,201,mRNA
3282,1351994,1352228,234,mRNA
3283,1351345,1351926,581,mRNA
3284,1351102,1351280,178,mRNA
3285,1349623,1351037,1414,mRNA
3286,1353256,1353981,725,mRNA
3287,1352654,1353198,544,mRNA
3288,1352286,1352487,201,mRNA
3289,1351994,1352228,234,mRNA
3290,1351345,1351926,581,mRNA
3291,1351102,1351280,178,mRNA
3292,1349887,1351037,1150,mRNA
3293,1353253,1353981,728,mRNA
3294,1352654,1353198,544,mRNA
3295,1352286,1352487,201,mRNA
3296,1351994,1352228,234,mRNA
3297,1351345,1351926,581,mRNA
3298,1351102,1351280,178,mRNA
3299,1349887,1351037,1150,mRNA
3300,1353256,1353488,232,CDS
3301,1352654,1353198,544,CDS
3302,1352286,1352487,201,CDS
3303,1351994,1352228,234,CDS
3304,1351345,1351926,581,CDS
3305,1351102,1351280,178,CDS
3306,1350878,1351037,159,CDS
3307,1353253,1353488,235,CDS
3308,1352654,1353198,544,CDS
3309,1352286,1352487,201,CDS
3310,1351994,1352228,234,CDS
3311,1351345,1351926,581,CDS
3312,1351102,1351280,178,CDS
3313,1350878,1351037,159,CDS
3314,1353253,1353488,235,CDS
3315,1352654,1353198,544,CDS
3316,1352286,1352487,201,CDS
3317,1351994,1352228,234,CDS
3318,1351345,1351926,581,CDS
3319,1351102,1351280,178,CDS
3320,1350878,1351037,159,CDS
3321,1354014,1356473,2459,gene
3322,1354014,1356473,2459,mRNA
3323,1354095,1356410,2315,CDS
3324,1356488,1357601,1113,gene
3325,1356488,1357601,1113,mRNA
3326,1356658,1357533,875,CDS
3327,1357835,1367938,10103,mobile_element
3328,1359245,1363966,4721,mobile_element
3329,1369249,1370176,927,gene
3330,1369249,1369374,125,mRNA
3331,1369613,1370176,563,mRNA
3332,1369360,1369374,14,CDS
3333,1369613,1370053,440,CDS
3334,1370580,1375257,4677,gene
3335,1370580,1370663,83,mRNA
3336,1371231,1371370,139,mRNA
3337,1371451,1371774,323,mRNA
3338,1371915,1372022,107,mRNA
3339,1372086,1372267,181,mRNA
3340,1372461,1375257,2796,mRNA
3341,1370580,1370663,83,mRNA
3342,1371231,1371370,139,mRNA
3343,1371451,1371774,323,mRNA
3344,1371874,1372022,148,mRNA
3345,1372086,1372267,181,mRNA
3346,1372461,1374677,2216,mRNA
3347,1370580,1370663,83,mRNA
3348,1371231,1371370,139,mRNA
3349,1371451,1371774,323,mRNA
3350,1371915,1372022,107,mRNA
3351,1372086,1372267,181,mRNA
3352,1372461,1374677,2216,mRNA
3353,1370580,1370663,83,mRNA
3354,1371231,1371370,139,mRNA
3355,1371451,1371774,323,mRNA
3356,1371915,1372022,107,mRNA
3357,1372086,1372267,181,mRNA
3358,1372461,1373047,586,mRNA
3359,1373158,1374677,1519,mRNA
3360,1371308,1371370,62,CDS
3361,1371451,1371774,323,CDS
3362,1371915,1372022,107,CDS
3363,1372086,1372267,181,CDS
3364,1372461,1373047,586,CDS
3365,1373158,1373351,193,CDS
3366,1371308,1371370,62,CDS
3367,1371451,1371774,323,CDS
3368,1371915,1372022,107,CDS
3369,1372086,1372267,181,CDS
3370,1372461,1373115,654,CDS
3371,1371308,1371370,62,CDS
3372,1371451,1371774,323,CDS
3373,1371915,1372022,107,CDS
3374,1372086,1372267,181,CDS
3375,1372461,1373115,654,CDS
3376,1371308,1371370,62,CDS
3377,1371451,1371774,323,CDS
3378,1371874,1371990,116,CDS
3379,1373623,1373755,132,gene
3380,1373623,1373755,132,precursor_RNA
3381,1373652,1373673,21,ncRNA
3382,1373686,1373708,22,ncRNA
3383,1375536,1378896,3360,gene
3384,1375536,1376187,651,mRNA
3385,1376696,1378896,2200,mRNA
3386,1375536,1375755,219,mRNA
3387,1375870,1376187,317,mRNA
3388,1376696,1378896,2200,mRNA
3389,1375536,1375755,219,mRNA
3390,1375862,1376187,325,mRNA
3391,1376696,1378857,2161,mRNA
3392,1375909,1376187,278,CDS
3393,1376696,1378165,1469,CDS
3394,1375909,1376187,278,CDS
3395,1376696,1378165,1469,CDS
3396,1375909,1376187,278,CDS
3397,1376696,1378165,1469,CDS
3398,1378885,1380480,1595,gene
3399,1380138,1380480,342,mRNA
3400,1378885,1379372,487,mRNA
3401,1380138,1380323,185,CDS
3402,1379076,1379372,296,CDS
3403,1380914,1392843,11929,gene
3404,1380914,1381126,212,mRNA
3405,1385904,1386362,458,mRNA
3406,1389601,1390057,456,mRNA
3407,1390276,1392843,2567,mRNA
3408,1380914,1381126,212,mRNA
3409,1385904,1386362,458,mRNA
3410,1386523,1386916,393,mRNA
3411,1389601,1390057,456,mRNA
3412,1390276,1392478,2202,mRNA
3413,1384525,1384625,100,mRNA
3414,1385904,1386362,458,mRNA
3415,1389601,1390057,456,mRNA
3416,1390276,1392843,2567,mRNA
3417,1385904,1386362,458,mRNA
3418,1389601,1390057,456,mRNA
3419,1390249,1392843,2594,mRNA
3420,1385904,1386362,458,mRNA
3421,1389601,1390057,456,mRNA
3422,1390276,1392843,2567,mRNA
3423,1386722,1386916,194,mRNA
3424,1389601,1390057,456,mRNA
3425,1390276,1392843,2567,mRNA
3426,1388568,1390057,1489,mRNA
3427,1390276,1392843,2567,mRNA
3428,1388568,1388796,228,mRNA
3429,1388897,1389080,183,mRNA
3430,1389601,1390057,456,mRNA
3431,1390276,1392843,2567,mRNA
3432,1388568,1388796,228,mRNA
3433,1389601,1390057,456,mRNA
3434,1390276,1392843,2567,mRNA
3435,1389629,1390057,428,CDS
3436,1390249,1391565,1316,CDS
3437,1389629,1390057,428,CDS
3438,1390276,1391565,1289,CDS
3439,1389629,1390057,428,CDS
3440,1390276,1391565,1289,CDS
3441,1389629,1390057,428,CDS
3442,1390276,1391565,1289,CDS
3443,1389629,1390057,428,CDS
3444,1390276,1391565,1289,CDS
3445,1389629,1390057,428,CDS
3446,1390276,1391565,1289,CDS
3447,1389629,1390057,428,CDS
3448,1390276,1391565,1289,CDS
3449,1389629,1390057,428,CDS
3450,1390276,1391565,1289,CDS
3451,1389629,1390057,428,CDS
3452,1390276,1391565,1289,CDS
3453,1393054,1397337,4283,gene
3454,1393054,1394158,1104,mRNA
3455,1394224,1394714,490,mRNA
3456,1395083,1395193,110,mRNA
3457,1395246,1397337,2091,mRNA
3458,1393054,1394158,1104,mRNA
3459,1394224,1394714,490,mRNA
3460,1395098,1395193,95,mRNA
3461,1395246,1397337,2091,mRNA
3462,1393054,1394158,1104,mRNA
3463,1394224,1394714,490,mRNA
3464,1395098,1395193,95,mRNA
3465,1395246,1395371,125,mRNA
3466,1395553,1397337,1784,mRNA
3467,1393544,1394158,614,CDS
3468,1394224,1394714,490,CDS
3469,1395098,1395193,95,CDS
3470,1395246,1395371,125,CDS
3471,1395553,1395685,132,CDS
3472,1393544,1394158,614,CDS
3473,1394224,1394714,490,CDS
3474,1395083,1395193,110,CDS
3475,1395246,1395375,129,CDS
3476,1393544,1394158,614,CDS
3477,1394224,1394714,490,CDS
3478,1395098,1395193,95,CDS
3479,1395246,1395375,129,CDS
3480,1409069,1453686,44617,gene
3481,1409069,1410121,1052,mRNA
3482,1413418,1414685,1267,mRNA
3483,1427676,1427774,98,mRNA
3484,1432743,1432915,172,mRNA
3485,1432975,1433197,222,mRNA
3486,1433254,1433412,158,mRNA
3487,1433476,1447295,13819,mRNA
3488,1447364,1448783,1419,mRNA
3489,1448847,1451367,2520,mRNA
3490,1411726,1411978,252,mRNA
3491,1413418,1414685,1267,mRNA
3492,1427676,1427774,98,mRNA
3493,1432743,1432915,172,mRNA
3494,1432975,1433197,222,mRNA
3495,1433254,1433412,158,mRNA
3496,1433476,1447295,13819,mRNA
3497,1447364,1448783,1419,mRNA
3498,1448847,1453686,4839,mRNA
3499,1413801,1414685,884,mRNA
3500,1427676,1427774,98,mRNA
3501,1432743,1432915,172,mRNA
3502,1432975,1433197,222,mRNA
3503,1433254,1433412,158,mRNA
3504,1433476,1447295,13819,mRNA
3505,1447364,1448783,1419,mRNA
3506,1448847,1451367,2520,mRNA
3507,1414262,1414685,423,CDS
3508,1427676,1427774,98,CDS
3509,1432743,1432915,172,CDS
3510,1432975,1433197,222,CDS
3511,1433254,1433412,158,CDS
3512,1433476,1447295,13819,CDS
3513,1447364,1448783,1419,CDS
3514,1448847,1449016,169,CDS
3515,1414262,1414685,423,CDS
3516,1427676,1427774,98,CDS
3517,1432743,1432915,172,CDS
3518,1432975,1433197,222,CDS
3519,1433254,1433412,158,CDS
3520,1433476,1447295,13819,CDS
3521,1447364,1448783,1419,CDS
3522,1448847,1449016,169,CDS
3523,1414262,1414685,423,CDS
3524,1427676,1427774,98,CDS
3525,1432743,1432915,172,CDS
3526,1432975,1433197,222,CDS
3527,1433254,1433412,158,CDS
3528,1433476,1447295,13819,CDS
3529,1447364,1448783,1419,CDS
3530,1448847,1449016,169,CDS
3531,1452430,1454177,1747,gene
3532,1452430,1452591,161,mRNA
3533,1452663,1453686,1023,mRNA
3534,1453753,1453965,212,mRNA
3535,1454015,1454177,162,mRNA
3536,1452430,1452591,161,mRNA
3537,1452663,1453686,1023,mRNA
3538,1453753,1453821,68,mRNA
3539,1453876,1453965,89,mRNA
3540,1454015,1454177,162,mRNA
3541,1452703,1453686,983,CDS
3542,1453753,1453965,212,CDS
3543,1454015,1454104,89,CDS
3544,1452703,1453686,983,CDS
3545,1453753,1453821,68,CDS
3546,1453876,1453965,89,CDS
3547,1454015,1454104,89,CDS
3548,1455215,1457054,1839,gene
3549,1456023,1457054,1031,mRNA
3550,1455750,1455949,199,mRNA
3551,1455215,1455695,480,mRNA
3552,1456023,1456946,923,CDS
3553,1455750,1455949,199,CDS
3554,1455407,1455695,288,CDS
3555,1457175,1460617,3442,gene
3556,1458263,1460617,2354,mRNA
3557,1457175,1458201,1026,mRNA
3558,1458263,1460558,2295,CDS
3559,1457279,1458201,922,CDS
3560,1460807,1461676,869,gene
3561,1460807,1461676,869,mRNA
3562,1460863,1461645,782,CDS
3563,1461844,1464220,2376,gene
3564,1464014,1464220,206,mRNA
3565,1462646,1463939,1293,mRNA
3566,1462373,1462578,205,mRNA
3567,1461844,1462312,468,mRNA
3568,1464014,1464220,206,mRNA
3569,1462646,1463939,1293,mRNA
3570,1462373,1462578,205,mRNA
3571,1461980,1462312,332,mRNA
3572,1464014,1464115,101,CDS
3573,1462646,1463939,1293,CDS
3574,1462373,1462578,205,CDS
3575,1462094,1462312,218,CDS
3576,1464014,1464115,101,CDS
3577,1462646,1463939,1293,CDS
3578,1462373,1462578,205,CDS
3579,1462094,1462312,218,CDS
3580,1464363,1465996,1633,gene
3581,1464363,1465996,1633,mRNA
3582,1464507,1465979,1472,CDS
3583,1466134,1468692,2558,gene
3584,1466134,1466933,799,mRNA
3585,1467803,1467964,161,mRNA
3586,1468052,1468185,133,mRNA
3587,1468251,1468382,131,mRNA
3588,1468447,1468692,245,mRNA
3589,1466749,1466933,184,mRNA
3590,1467803,1467964,161,mRNA
3591,1468052,1468185,133,mRNA
3592,1468251,1468382,131,mRNA
3593,1468447,1468692,245,mRNA
3594,1466749,1466929,180,mRNA
3595,1467803,1467964,161,mRNA
3596,1468052,1468185,133,mRNA
3597,1468251,1468382,131,mRNA
3598,1468447,1468692,245,mRNA
3599,1467493,1470614,3121,gene
3600,1467493,1467617,124,mRNA
3601,1469805,1469953,148,mRNA
3602,1470015,1470097,82,mRNA
3603,1470157,1470339,182,mRNA
3604,1470402,1470614,212,mRNA
3605,1467493,1467617,124,mRNA
3606,1467697,1467964,267,mRNA
3607,1468052,1468185,133,mRNA
3608,1468251,1468382,131,mRNA
3609,1468447,1468692,245,mRNA
3610,1467493,1467617,124,mRNA
3611,1467803,1467964,161,mRNA
3612,1468052,1468185,133,mRNA
3613,1468251,1468382,131,mRNA
3614,1468447,1468692,245,mRNA
3615,1467811,1467964,153,CDS
3616,1468052,1468185,133,CDS
3617,1468251,1468382,131,CDS
3618,1468447,1468617,170,CDS
3619,1467811,1467964,153,CDS
3620,1468052,1468185,133,CDS
3621,1468251,1468382,131,CDS
3622,1468447,1468617,170,CDS
3623,1467811,1467964,153,CDS
3624,1468052,1468185,133,CDS
3625,1468251,1468382,131,CDS
3626,1468447,1468617,170,CDS
3627,1467811,1467964,153,CDS
3628,1468052,1468185,133,CDS
3629,1468251,1468382,131,CDS
3630,1468447,1468617,170,CDS
3631,1467811,1467964,153,CDS
3632,1468052,1468185,133,CDS
3633,1468251,1468382,131,CDS
3634,1468447,1468617,170,CDS
3635,1468693,1469817,1124,gene
3636,1469161,1469817,656,mRNA
3637,1468693,1469098,405,mRNA
3638,1469161,1469646,485,CDS
3639,1468730,1469098,368,CDS
3640,1469818,1469953,135,CDS
3641,1470015,1470097,82,CDS
3642,1470157,1470339,182,CDS
3643,1470402,1470560,158,CDS
3644,1470666,1472325,1659,gene
3645,1470666,1470795,129,mRNA
3646,1470868,1471063,195,mRNA
3647,1471140,1471348,208,mRNA
3648,1471408,1471603,195,mRNA
3649,1471658,1472325,667,mRNA
3650,1470756,1470795,39,mRNA
3651,1470868,1471063,195,mRNA
3652,1471140,1471603,463,mRNA
3653,1471658,1472317,659,mRNA
3654,1470848,1471063,215,mRNA
3655,1471140,1471348,208,mRNA
3656,1471408,1471603,195,mRNA
3657,1471658,1472325,667,mRNA
3658,1470985,1471063,78,CDS
3659,1471140,1471348,208,CDS
3660,1471408,1471603,195,CDS
3661,1471658,1471944,286,CDS
3662,1470985,1471063,78,CDS
3663,1471140,1471348,208,CDS
3664,1471408,1471603,195,CDS
3665,1471658,1471944,286,CDS
3666,1470985,1471063,78,CDS
3667,1471140,1471471,331,CDS
3668,1472522,1473727,1205,gene
3669,1472522,1472816,294,mRNA
3670,1472876,1473170,294,mRNA
3671,1473236,1473727,491,mRNA
3672,1472566,1472816,250,CDS
3673,1472876,1473170,294,CDS
3674,1473236,1473598,362,CDS
3675,1473884,1476974,3090,gene
3676,1476256,1476974,718,mRNA
3677,1474675,1474794,119,mRNA
3678,1473884,1474510,626,mRNA
3679,1476256,1476974,718,mRNA
3680,1474675,1474892,217,mRNA
3681,1473884,1474510,626,mRNA
3682,1476256,1476312,56,CDS
3683,1474675,1474794,119,CDS
3684,1473977,1474510,533,CDS
3685,1474675,1474833,158,CDS
3686,1473977,1474510,533,CDS
3687,1477063,1481420,4357,gene
3688,1477063,1477288,225,mRNA
3689,1477376,1478229,853,mRNA
3690,1481008,1481420,412,mRNA
3691,1477063,1477288,225,mRNA
3692,1477373,1478482,1109,mRNA
3693,1477063,1477288,225,mRNA
3694,1477376,1478482,1106,mRNA
3695,1477192,1477288,96,CDS
3696,1477376,1478229,853,CDS
3697,1481008,1481100,92,CDS
3698,1477192,1477288,96,CDS
3699,1477373,1478256,883,CDS
3700,1477192,1477288,96,CDS
3701,1477376,1478256,880,CDS
3702,1478552,1481420,2868,gene
3703,1478552,1480220,1668,mRNA
3704,1481008,1481420,412,mRNA
3705,1478601,1480859,2258,mRNA
3706,1481008,1481420,412,mRNA
3707,1479239,1480189,950,CDS
3708,1479239,1480189,950,CDS
3709,1481797,1483413,1616,gene
3710,1483258,1483413,155,mRNA
3711,1482673,1482915,242,mRNA
3712,1481797,1482480,683,mRNA
3713,1483132,1483292,160,mRNA
3714,1482673,1482915,242,mRNA
3715,1481797,1482480,683,mRNA
3716,1483111,1483292,181,mRNA
3717,1482673,1482915,242,mRNA
3718,1481797,1482480,683,mRNA
3719,1482673,1483023,350,mRNA
3720,1481797,1482480,683,mRNA
3721,1482673,1482891,218,CDS
3722,1481887,1482480,593,CDS
3723,1482673,1482891,218,CDS
3724,1481887,1482480,593,CDS
3725,1482673,1482891,218,CDS
3726,1481887,1482480,593,CDS
3727,1482673,1482891,218,CDS
3728,1481887,1482480,593,CDS
3729,1482492,1482590,98,gene
3730,1482492,1482590,98,ncRNA
3731,1482559,1482629,70,gene
3732,1482559,1482629,70,ncRNA
3733,1483479,1517615,34136,gene
3734,1483479,1483558,79,mRNA
3735,1510754,1511100,346,mRNA
3736,1512065,1513648,1583,mRNA
3737,1514483,1514668,185,mRNA
3738,1514727,1514792,65,mRNA
3739,1514857,1515041,184,mRNA
3740,1515378,1517615,2237,mRNA
3741,1483625,1507809,24184,gene
3742,1507430,1507809,379,mRNA
3743,1501797,1502502,705,mRNA
3744,1492491,1493262,771,mRNA
3745,1492160,1492310,150,mRNA
3746,1491356,1491949,593,mRNA
3747,1490969,1491258,289,mRNA
3748,1490754,1490906,152,mRNA
3749,1490541,1490692,151,mRNA
3750,1489668,1490175,507,mRNA
3751,1489452,1489553,101,mRNA
3752,1483625,1486591,2966,mRNA
3753,1507430,1507808,378,mRNA
3754,1492491,1493262,771,mRNA
3755,1492160,1492310,150,mRNA
3756,1491356,1491949,593,mRNA
3757,1490969,1491258,289,mRNA
3758,1490754,1490906,152,mRNA
3759,1490541,1490692,151,mRNA
3760,1489668,1490175,507,mRNA
3761,1489449,1489553,104,mRNA
3762,1486226,1486591,365,mRNA
3763,1507430,1507808,378,mRNA
3764,1501797,1502502,705,mRNA
3765,1492491,1493262,771,mRNA
3766,1492160,1492310,150,mRNA
3767,1491356,1491949,593,mRNA
3768,1490969,1491258,289,mRNA
3769,1490754,1490906,152,mRNA
3770,1490541,1490692,151,mRNA
3771,1489668,1490175,507,mRNA
3772,1489449,1489553,104,mRNA
3773,1486226,1486591,365,mRNA
3774,1501194,1501286,92,mRNA
3775,1492491,1493262,771,mRNA
3776,1492160,1492310,150,mRNA
3777,1491356,1491949,593,mRNA
3778,1490969,1491258,289,mRNA
3779,1490754,1490906,152,mRNA
3780,1490541,1490692,151,mRNA
3781,1489668,1490175,507,mRNA
3782,1489449,1489553,104,mRNA
3783,1486226,1486591,365,mRNA
3784,1496348,1496383,35,mRNA
3785,1492491,1493262,771,mRNA
3786,1492160,1492310,150,mRNA
3787,1491356,1491949,593,mRNA
3788,1490969,1491258,289,mRNA
3789,1490754,1490906,152,mRNA
3790,1490541,1490692,151,mRNA
3791,1489668,1490175,507,mRNA
3792,1489449,1489553,104,mRNA
3793,1486226,1486591,365,mRNA
3794,1496094,1496196,102,mRNA
3795,1492491,1493262,771,mRNA
3796,1492160,1492310,150,mRNA
3797,1491356,1491949,593,mRNA
3798,1490969,1491258,289,mRNA
3799,1490754,1490906,152,mRNA
3800,1490541,1490692,151,mRNA
3801,1489668,1490175,507,mRNA
3802,1489449,1489553,104,mRNA
3803,1486226,1486591,365,mRNA
3804,1501797,1502280,483,CDS
3805,1492491,1493262,771,CDS
3806,1492160,1492310,150,CDS
3807,1491356,1491949,593,CDS
3808,1490969,1491258,289,CDS
3809,1490754,1490906,152,CDS
3810,1490541,1490692,151,CDS
3811,1489668,1490175,507,CDS
3812,1489452,1489553,101,CDS
3813,1486549,1486591,42,CDS
3814,1501797,1502280,483,CDS
3815,1492491,1493262,771,CDS
3816,1492160,1492310,150,CDS
3817,1491356,1491949,593,CDS
3818,1490969,1491258,289,CDS
3819,1490754,1490906,152,CDS
3820,1490541,1490692,151,CDS
3821,1489668,1490175,507,CDS
3822,1489449,1489553,104,CDS
3823,1486549,1486591,42,CDS
3824,1496094,1496151,57,CDS
3825,1492491,1493262,771,CDS
3826,1492160,1492310,150,CDS
3827,1491356,1491949,593,CDS
3828,1490969,1491258,289,CDS
3829,1490754,1490906,152,CDS
3830,1490541,1490692,151,CDS
3831,1489668,1490175,507,CDS
3832,1489449,1489553,104,CDS
3833,1486549,1486591,42,CDS
3834,1492491,1493203,712,CDS
3835,1492160,1492310,150,CDS
3836,1491356,1491949,593,CDS
3837,1490969,1491258,289,CDS
3838,1490754,1490906,152,CDS
3839,1490541,1490692,151,CDS
3840,1489668,1490175,507,CDS
3841,1489449,1489553,104,CDS
3842,1486549,1486591,42,CDS
3843,1492491,1493203,712,CDS
3844,1492160,1492310,150,CDS
3845,1491356,1491949,593,CDS
3846,1490969,1491258,289,CDS
3847,1490754,1490906,152,CDS
3848,1490541,1490692,151,CDS
3849,1489668,1490175,507,CDS
3850,1489449,1489553,104,CDS
3851,1486549,1486591,42,CDS
3852,1492491,1493203,712,CDS
3853,1492160,1492310,150,CDS
3854,1491356,1491949,593,CDS
3855,1490969,1491258,289,CDS
3856,1490754,1490906,152,CDS
3857,1490541,1490692,151,CDS
3858,1489668,1490175,507,CDS
3859,1489449,1489553,104,CDS
3860,1486549,1486591,42,CDS
3861,1507430,1507809,379,mRNA
3862,1501797,1502502,705,mRNA
3863,1492491,1493262,771,mRNA
3864,1492160,1492310,150,mRNA
3865,1491356,1491949,593,mRNA
3866,1490969,1491258,289,mRNA
3867,1490754,1490906,152,mRNA
3868,1490541,1490692,151,mRNA
3869,1489668,1490175,507,mRNA
3870,1488423,1489553,1130,mRNA
3871,1501797,1502280,483,CDS
3872,1492491,1493262,771,CDS
3873,1492160,1492310,150,CDS
3874,1491356,1491949,593,CDS
3875,1490969,1491258,289,CDS
3876,1490754,1490906,152,CDS
3877,1490541,1490692,151,CDS
3878,1489668,1490175,507,CDS
3879,1489445,1489553,108,CDS
3880,1512227,1512803,576,gene
3881,1512661,1512803,142,mRNA
3882,1512413,1512595,182,mRNA
3883,1512227,1512357,130,mRNA
3884,1512661,1512766,105,CDS
3885,1512413,1512595,182,CDS
3886,1512296,1512357,61,CDS
3887,1513070,1513648,578,mRNA
3888,1514483,1514668,185,mRNA
3889,1514727,1514792,65,mRNA
3890,1514857,1515041,184,mRNA
3891,1515378,1517615,2237,mRNA
3892,1513070,1513648,578,mRNA
3893,1514483,1514668,185,mRNA
3894,1514727,1514792,65,mRNA
3895,1514857,1515041,184,mRNA
3896,1515378,1517137,1759,mRNA
3897,1513463,1513648,185,CDS
3898,1514483,1514668,185,CDS
3899,1514727,1514792,65,CDS
3900,1514857,1515041,184,CDS
3901,1515378,1515390,12,CDS
3902,1513463,1513648,185,CDS
3903,1514483,1514668,185,CDS
3904,1514727,1514792,65,CDS
3905,1514857,1515041,184,CDS
3906,1515378,1515390,12,CDS
3907,1513463,1513648,185,CDS
3908,1514483,1514668,185,CDS
3909,1514727,1514792,65,CDS
3910,1514857,1515041,184,CDS
3911,1515378,1515390,12,CDS
3912,1514190,1514452,262,mobile_element
3913,1523554,1668788,145234,gene
3914,1618032,1618155,123,mRNA
3915,1604736,1604788,52,mRNA
3916,1584141,1584255,114,mRNA
3917,1557915,1558791,876,mRNA
3918,1557659,1557772,113,mRNA
3919,1554668,1557593,2925,mRNA
3920,1552611,1552736,125,mRNA
3921,1523554,1524318,764,mRNA
3922,1557915,1558172,257,CDS
3923,1557659,1557772,113,CDS
3924,1554668,1557593,2925,CDS
3925,1552611,1552736,125,CDS
3926,1524308,1524318,10,CDS
3927,1668493,1668788,295,mRNA
3928,1664118,1664306,188,mRNA
3929,1604736,1604788,52,mRNA
3930,1584141,1584255,114,mRNA
3931,1557915,1558791,876,mRNA
3932,1557659,1557772,113,mRNA
3933,1554668,1557593,2925,mRNA
3934,1552611,1554563,1952,mRNA
3935,1552279,1552527,248,mRNA
3936,1618032,1618155,123,mRNA
3937,1604736,1604788,52,mRNA
3938,1584141,1584255,114,mRNA
3939,1557915,1558791,876,mRNA
3940,1557659,1557772,113,mRNA
3941,1554668,1557593,2925,mRNA
3942,1552611,1554563,1952,mRNA
3943,1552279,1552527,248,mRNA
3944,1557915,1558172,257,CDS
3945,1557659,1557772,113,CDS
3946,1554668,1557593,2925,CDS
3947,1552611,1554563,1952,CDS
3948,1552391,1552527,136,CDS
3949,1557915,1558172,257,CDS
3950,1557659,1557772,113,CDS
3951,1554668,1557593,2925,CDS
3952,1552611,1554563,1952,CDS
3953,1552391,1552527,136,CDS
3954,1558349,1558400,51,gene
3955,1558349,1558400,51,ncRNA
3956,1567717,1569443,1726,mobile_element
3957,1575132,1664869,89737,gene
3958,1575132,1575721,589,mRNA
3959,1624138,1624707,569,mRNA
3960,1635832,1636020,188,mRNA
3961,1636096,1636549,453,mRNA
3962,1636639,1636912,273,mRNA
3963,1637000,1637139,139,mRNA
3964,1637284,1637334,50,mRNA
3965,1642885,1645162,2277,mRNA
3966,1575149,1575721,572,mRNA
3967,1604926,1604947,21,mRNA
3968,1624138,1624707,569,mRNA
3969,1635832,1636020,188,mRNA
3970,1636096,1636549,453,mRNA
3971,1636639,1636912,273,mRNA
3972,1637000,1637139,139,mRNA
3973,1637284,1637334,50,mRNA
3974,1643068,1645162,2094,mRNA
3975,1608869,1609481,612,mRNA
3976,1624138,1624707,569,mRNA
3977,1635832,1636020,188,mRNA
3978,1636096,1636549,453,mRNA
3979,1636639,1636912,273,mRNA
3980,1637000,1637139,139,mRNA
3981,1637284,1637334,50,mRNA
3982,1647365,1649378,2013,mRNA
3983,1610512,1610686,174,mRNA
3984,1624138,1624707,569,mRNA
3985,1635832,1636020,188,mRNA
3986,1636096,1636549,453,mRNA
3987,1636639,1636912,273,mRNA
3988,1637000,1637139,139,mRNA
3989,1637284,1637334,50,mRNA
3990,1647365,1649378,2013,mRNA
3991,1612308,1612803,495,mRNA
3992,1624138,1624707,569,mRNA
3993,1635832,1636020,188,mRNA
3994,1636096,1636549,453,mRNA
3995,1636639,1636912,273,mRNA
3996,1637000,1637139,139,mRNA
3997,1637284,1637334,50,mRNA
3998,1647365,1649378,2013,mRNA
3999,1612341,1612803,462,mRNA
4000,1624138,1624707,569,mRNA
4001,1635832,1636020,188,mRNA
4002,1636096,1636549,453,mRNA
4003,1636639,1636912,273,mRNA
4004,1637000,1637139,139,mRNA
4005,1637284,1637334,50,mRNA
4006,1654392,1655990,1598,mRNA
4007,1658788,1664869,6081,mRNA
4008,1612341,1612803,462,mRNA
4009,1624138,1624707,569,mRNA
4010,1635832,1636020,188,mRNA
4011,1636096,1636549,453,mRNA
4012,1636639,1636912,273,mRNA
4013,1637000,1637139,139,mRNA
4014,1637284,1637334,50,mRNA
4015,1658788,1664869,6081,mRNA
4016,1612341,1612803,462,mRNA
4017,1624138,1624707,569,mRNA
4018,1635832,1636020,188,mRNA
4019,1636096,1636549,453,mRNA
4020,1636639,1636912,273,mRNA
4021,1637000,1637139,139,mRNA
4022,1637284,1637334,50,mRNA
4023,1654392,1655369,977,mRNA
4024,1612341,1612803,462,mRNA
4025,1624138,1624707,569,mRNA
4026,1635832,1636020,188,mRNA
4027,1636096,1636549,453,mRNA
4028,1636639,1636912,273,mRNA
4029,1637000,1637139,139,mRNA
4030,1637284,1637334,50,mRNA
4031,1647365,1653062,5697,mRNA
4032,1612341,1612803,462,mRNA
4033,1613866,1613945,79,mRNA
4034,1624138,1624707,569,mRNA
4035,1635832,1636020,188,mRNA
4036,1636096,1636549,453,mRNA
4037,1636639,1636912,273,mRNA
4038,1637000,1637139,139,mRNA
4039,1637284,1637334,50,mRNA
4040,1647365,1649378,2013,mRNA
4041,1612341,1612803,462,mRNA
4042,1624138,1624707,569,mRNA
4043,1635832,1636020,188,mRNA
4044,1636096,1636549,453,mRNA
4045,1636639,1636912,273,mRNA
4046,1637000,1637139,139,mRNA
4047,1637284,1637334,50,mRNA
4048,1642885,1645162,2277,mRNA
4049,1612341,1612803,462,mRNA
4050,1624138,1624707,569,mRNA
4051,1635832,1636020,188,mRNA
4052,1636096,1636549,453,mRNA
4053,1636639,1636912,273,mRNA
4054,1637000,1637139,139,mRNA
4055,1637284,1637334,50,mRNA
4056,1643068,1645162,2094,mRNA
4057,1613657,1613945,288,mRNA
4058,1624138,1624707,569,mRNA
4059,1635832,1636020,188,mRNA
4060,1636096,1636549,453,mRNA
4061,1636639,1636912,273,mRNA
4062,1637000,1637139,139,mRNA
4063,1637284,1637334,50,mRNA
4064,1647365,1649378,2013,mRNA
4065,1622732,1622988,256,mRNA
4066,1624138,1624707,569,mRNA
4067,1635832,1636020,188,mRNA
4068,1636096,1636549,453,mRNA
4069,1636639,1636912,273,mRNA
4070,1637000,1637139,139,mRNA
4071,1637284,1637334,50,mRNA
4072,1642885,1645162,2277,mRNA
4073,1624522,1624707,185,CDS
4074,1635832,1636020,188,CDS
4075,1636096,1636549,453,CDS
4076,1636639,1636912,273,CDS
4077,1637000,1637139,139,CDS
4078,1637284,1637334,50,CDS
4079,1658788,1659602,814,CDS
4080,1624522,1624707,185,CDS
4081,1635832,1636020,188,CDS
4082,1636096,1636549,453,CDS
4083,1636639,1636912,273,CDS
4084,1637000,1637139,139,CDS
4085,1637284,1637334,50,CDS
4086,1654392,1654642,250,CDS
4087,1624522,1624707,185,CDS
4088,1635832,1636020,188,CDS
4089,1636096,1636549,453,CDS
4090,1636639,1636912,273,CDS
4091,1637000,1637139,139,CDS
4092,1637284,1637334,50,CDS
4093,1654392,1654642,250,CDS
4094,1624522,1624707,185,CDS
4095,1635832,1636020,188,CDS
4096,1636096,1636549,453,CDS
4097,1636639,1636912,273,CDS
4098,1637000,1637139,139,CDS
4099,1637284,1637334,50,CDS
4100,1647365,1649106,1741,CDS
4101,1624522,1624707,185,CDS
4102,1635832,1636020,188,CDS
4103,1636096,1636549,453,CDS
4104,1636639,1636912,273,CDS
4105,1637000,1637139,139,CDS
4106,1637284,1637334,50,CDS
4107,1647365,1648713,1348,CDS
4108,1624522,1624707,185,CDS
4109,1635832,1636020,188,CDS
4110,1636096,1636549,453,CDS
4111,1636639,1636912,273,CDS
4112,1637000,1637139,139,CDS
4113,1637284,1637334,50,CDS
4114,1647365,1648713,1348,CDS
4115,1624522,1624707,185,CDS
4116,1635832,1636020,188,CDS
4117,1636096,1636549,453,CDS
4118,1636639,1636912,273,CDS
4119,1637000,1637139,139,CDS
4120,1637284,1637334,50,CDS
4121,1647365,1648713,1348,CDS
4122,1624522,1624707,185,CDS
4123,1635832,1636020,188,CDS
4124,1636096,1636549,453,CDS
4125,1636639,1636912,273,CDS
4126,1637000,1637139,139,CDS
4127,1637284,1637334,50,CDS
4128,1647365,1648713,1348,CDS
4129,1624522,1624707,185,CDS
4130,1635832,1636020,188,CDS
4131,1636096,1636549,453,CDS
4132,1636639,1636912,273,CDS
4133,1637000,1637139,139,CDS
4134,1637284,1637334,50,CDS
4135,1647365,1648713,1348,CDS
4136,1624522,1624707,185,CDS
4137,1635832,1636020,188,CDS
4138,1636096,1636549,453,CDS
4139,1636639,1636912,273,CDS
4140,1637000,1637139,139,CDS
4141,1637284,1637334,50,CDS
4142,1642885,1643765,880,CDS
4143,1624522,1624707,185,CDS
4144,1635832,1636020,188,CDS
4145,1636096,1636549,453,CDS
4146,1636639,1636912,273,CDS
4147,1637000,1637139,139,CDS
4148,1637284,1637334,50,CDS
4149,1642885,1643765,880,CDS
4150,1624522,1624707,185,CDS
4151,1635832,1636020,188,CDS
4152,1636096,1636549,453,CDS
4153,1636639,1636912,273,CDS
4154,1637000,1637139,139,CDS
4155,1637284,1637334,50,CDS
4156,1642885,1643765,880,CDS
4157,1624522,1624707,185,CDS
4158,1635832,1636020,188,CDS
4159,1636096,1636549,453,CDS
4160,1636639,1636912,273,CDS
4161,1637000,1637139,139,CDS
4162,1637284,1637334,50,CDS
4163,1643068,1643765,697,CDS
4164,1624522,1624707,185,CDS
4165,1635832,1636020,188,CDS
4166,1636096,1636549,453,CDS
4167,1636639,1636912,273,CDS
4168,1637000,1637139,139,CDS
4169,1637284,1637334,50,CDS
4170,1643068,1643765,697,CDS
4171,1628029,1635439,7410,mobile_element
4172,1665052,1668451,3399,gene
4173,1665052,1665411,359,mRNA
4174,1665474,1666132,658,mRNA
4175,1666187,1667612,1425,mRNA
4176,1667674,1667825,151,mRNA
4177,1667888,1668451,563,mRNA
4178,1665123,1665411,288,CDS
4179,1665474,1666132,658,CDS
4180,1666187,1667612,1425,CDS
4181,1667674,1667825,151,CDS
4182,1667888,1668370,482,CDS
4183,1668406,1669297,891,gene
4184,1668808,1669297,489,mRNA
4185,1668406,1668744,338,mRNA
4186,1668808,1669009,201,CDS
4187,1668524,1668744,220,CDS
4188,1669570,1673608,4038,gene
4189,1669570,1669937,367,mRNA
4190,1670816,1671729,913,mRNA
4191,1671787,1672297,510,mRNA
4192,1672364,1673608,1244,mRNA
4193,1669570,1669937,367,mRNA
4194,1670816,1671729,913,mRNA
4195,1671787,1672297,510,mRNA
4196,1672364,1673110,746,mRNA
4197,1669920,1669937,17,CDS
4198,1670816,1671729,913,CDS
4199,1671787,1672297,510,CDS
4200,1672364,1672756,392,CDS
4201,1669920,1669937,17,CDS
4202,1670816,1671729,913,CDS
4203,1671787,1672297,510,CDS
4204,1672364,1672756,392,CDS
4205,1673110,1692768,19658,gene
4206,1692439,1692768,329,mRNA
4207,1691207,1691357,150,mRNA
4208,1691080,1691130,50,mRNA
4209,1690873,1691012,139,mRNA
4210,1690200,1690808,608,mRNA
4211,1685647,1685737,90,mRNA
4212,1685187,1685279,92,mRNA
4213,1684631,1684745,114,mRNA
4214,1684453,1684557,104,mRNA
4215,1683097,1683260,163,mRNA
4216,1681808,1682270,462,mRNA
4217,1681573,1681755,182,mRNA
4218,1681400,1681493,93,mRNA
4219,1677135,1677317,182,mRNA
4220,1673110,1677065,3955,mRNA
4221,1692439,1692768,329,mRNA
4222,1691207,1691357,150,mRNA
4223,1691080,1691130,50,mRNA
4224,1690873,1691012,139,mRNA
4225,1690200,1690808,608,mRNA
4226,1685647,1685737,90,mRNA
4227,1685187,1685279,92,mRNA
4228,1684631,1684745,114,mRNA
4229,1684453,1684557,104,mRNA
4230,1683097,1683260,163,mRNA
4231,1682367,1682429,62,mRNA
4232,1681808,1682270,462,mRNA
4233,1681573,1681755,182,mRNA
4234,1681400,1681493,93,mRNA
4235,1677135,1677317,182,mRNA
4236,1673110,1677065,3955,mRNA
4237,1692439,1692768,329,mRNA
4238,1691207,1691357,150,mRNA
4239,1691080,1691130,50,mRNA
4240,1690873,1691012,139,mRNA
4241,1690200,1690808,608,mRNA
4242,1685647,1685737,90,mRNA
4243,1685187,1685279,92,mRNA
4244,1684631,1684745,114,mRNA
4245,1684453,1684557,104,mRNA
4246,1683097,1683260,163,mRNA
4247,1682698,1682781,83,mRNA
4248,1682367,1682429,62,mRNA
4249,1681808,1682270,462,mRNA
4250,1681573,1681755,182,mRNA
4251,1681400,1681493,93,mRNA
4252,1677135,1677317,182,mRNA
4253,1673110,1677065,3955,mRNA
4254,1692439,1692768,329,mRNA
4255,1691207,1691357,150,mRNA
4256,1691080,1691130,50,mRNA
4257,1690873,1691012,139,mRNA
4258,1690200,1690808,608,mRNA
4259,1685647,1685737,90,mRNA
4260,1685187,1685279,92,mRNA
4261,1684631,1684745,114,mRNA
4262,1684453,1684557,104,mRNA
4263,1683097,1683260,163,mRNA
4264,1682863,1682928,65,mRNA
4265,1682698,1682781,83,mRNA
4266,1682367,1682429,62,mRNA
4267,1681808,1682270,462,mRNA
4268,1681573,1681755,182,mRNA
4269,1681400,1681493,93,mRNA
4270,1677135,1677317,182,mRNA
4271,1673110,1677065,3955,mRNA
4272,1692376,1692547,171,mRNA
4273,1691207,1691357,150,mRNA
4274,1691080,1691133,53,mRNA
4275,1690873,1691012,139,mRNA
4276,1690200,1690808,608,mRNA
4277,1685647,1685737,90,mRNA
4278,1684631,1684745,114,mRNA
4279,1684453,1684557,104,mRNA
4280,1683097,1683260,163,mRNA
4281,1682863,1682928,65,mRNA
4282,1682698,1682781,83,mRNA
4283,1682367,1682429,62,mRNA
4284,1681808,1682270,462,mRNA
4285,1681573,1681755,182,mRNA
4286,1681400,1681493,93,mRNA
4287,1677135,1677317,182,mRNA
4288,1675319,1677065,1746,mRNA
4289,1675080,1675248,168,mRNA
4290,1692376,1692547,171,mRNA
4291,1691207,1691357,150,mRNA
4292,1691080,1691133,53,mRNA
4293,1690873,1691012,139,mRNA
4294,1690200,1690808,608,mRNA
4295,1685647,1685737,90,mRNA
4296,1684631,1684745,114,mRNA
4297,1684453,1684557,104,mRNA
4298,1683097,1683260,163,mRNA
4299,1682863,1682928,65,mRNA
4300,1682698,1682781,83,mRNA
4301,1682367,1682429,62,mRNA
4302,1681808,1682270,462,mRNA
4303,1681573,1681755,182,mRNA
4304,1681400,1681493,93,mRNA
4305,1677135,1677317,182,mRNA
4306,1675319,1677065,1746,mRNA
4307,1675080,1675248,168,mRNA
4308,1692439,1692768,329,mRNA
4309,1691207,1691357,150,mRNA
4310,1691080,1691130,50,mRNA
4311,1690873,1691012,139,mRNA
4312,1690200,1690808,608,mRNA
4313,1685647,1685737,90,mRNA
4314,1685187,1685279,92,mRNA
4315,1684631,1684745,114,mRNA
4316,1684453,1684557,104,mRNA
4317,1683097,1683260,163,mRNA
4318,1682863,1682928,65,mRNA
4319,1682698,1682781,83,mRNA
4320,1682367,1682429,62,mRNA
4321,1681808,1682270,462,mRNA
4322,1681573,1681755,182,mRNA
4323,1681400,1681493,93,mRNA
4324,1677135,1677317,182,mRNA
4325,1675403,1677078,1675,mRNA
4326,1692297,1692768,471,mRNA
4327,1691207,1691357,150,mRNA
4328,1691080,1691130,50,mRNA
4329,1690873,1691012,139,mRNA
4330,1690200,1690808,608,mRNA
4331,1685647,1685737,90,mRNA
4332,1684631,1684745,114,mRNA
4333,1684453,1684557,104,mRNA
4334,1683097,1683260,163,mRNA
4335,1682863,1682928,65,mRNA
4336,1682698,1682781,83,mRNA
4337,1682367,1682429,62,mRNA
4338,1681808,1682270,462,mRNA
4339,1681573,1681755,182,mRNA
4340,1681400,1681493,93,mRNA
4341,1677135,1677317,182,mRNA
4342,1675403,1677065,1662,mRNA
4343,1692297,1692768,471,mRNA
4344,1691207,1691357,150,mRNA
4345,1691080,1691130,50,mRNA
4346,1690873,1691012,139,mRNA
4347,1690200,1690808,608,mRNA
4348,1685647,1685737,90,mRNA
4349,1684631,1684745,114,mRNA
4350,1684453,1684557,104,mRNA
4351,1683097,1683260,163,mRNA
4352,1682863,1682928,65,mRNA
4353,1682698,1682781,83,mRNA
4354,1682367,1682429,62,mRNA
4355,1681808,1682270,462,mRNA
4356,1681573,1681755,182,mRNA
4357,1681400,1681493,93,mRNA
4358,1680065,1680108,43,mRNA
4359,1677135,1677317,182,mRNA
4360,1675403,1677065,1662,mRNA
4361,1687930,1688105,175,mRNA
4362,1685647,1685737,90,mRNA
4363,1685187,1685535,348,mRNA
4364,1684631,1684745,114,mRNA
4365,1684453,1684557,104,mRNA
4366,1683097,1683260,163,mRNA
4367,1682863,1682928,65,mRNA
4368,1682698,1682781,83,mRNA
4369,1682367,1682429,62,mRNA
4370,1681808,1682270,462,mRNA
4371,1681573,1681755,182,mRNA
4372,1681400,1681493,93,mRNA
4373,1677135,1677317,182,mRNA
4374,1675403,1677065,1662,mRNA
4375,1691207,1691312,105,CDS
4376,1691080,1691133,53,CDS
4377,1690873,1691012,139,CDS
4378,1690200,1690808,608,CDS
4379,1685647,1685737,90,CDS
4380,1684631,1684745,114,CDS
4381,1684453,1684557,104,CDS
4382,1683097,1683260,163,CDS
4383,1682863,1682928,65,CDS
4384,1682698,1682781,83,CDS
4385,1682367,1682429,62,CDS
4386,1681808,1682270,462,CDS
4387,1681573,1681755,182,CDS
4388,1681400,1681493,93,CDS
4389,1677135,1677317,182,CDS
4390,1675836,1677065,1229,CDS
4391,1691207,1691312,105,CDS
4392,1691080,1691130,50,CDS
4393,1690873,1691012,139,CDS
4394,1690200,1690808,608,CDS
4395,1685647,1685737,90,CDS
4396,1684631,1684745,114,CDS
4397,1684453,1684557,104,CDS
4398,1683097,1683260,163,CDS
4399,1682863,1682928,65,CDS
4400,1682698,1682781,83,CDS
4401,1682367,1682429,62,CDS
4402,1681808,1682270,462,CDS
4403,1681573,1681755,182,CDS
4404,1681400,1681493,93,CDS
4405,1677135,1677317,182,CDS
4406,1675881,1677065,1184,CDS
4407,1691207,1691312,105,CDS
4408,1691080,1691130,50,CDS
4409,1690873,1691012,139,CDS
4410,1690200,1690808,608,CDS
4411,1685647,1685737,90,CDS
4412,1685187,1685279,92,CDS
4413,1684631,1684745,114,CDS
4414,1684453,1684557,104,CDS
4415,1683097,1683260,163,CDS
4416,1681808,1682270,462,CDS
4417,1681573,1681755,182,CDS
4418,1681400,1681493,93,CDS
4419,1677135,1677317,182,CDS
4420,1675881,1677065,1184,CDS
4421,1691207,1691312,105,CDS
4422,1691080,1691130,50,CDS
4423,1690873,1691012,139,CDS
4424,1690200,1690808,608,CDS
4425,1685647,1685737,90,CDS
4426,1685187,1685279,92,CDS
4427,1684631,1684745,114,CDS
4428,1684453,1684557,104,CDS
4429,1683097,1683260,163,CDS
4430,1682367,1682429,62,CDS
4431,1681808,1682270,462,CDS
4432,1681573,1681755,182,CDS
4433,1681400,1681493,93,CDS
4434,1677135,1677317,182,CDS
4435,1675881,1677065,1184,CDS
4436,1691207,1691312,105,CDS
4437,1691080,1691130,50,CDS
4438,1690873,1691012,139,CDS
4439,1690200,1690808,608,CDS
4440,1685647,1685737,90,CDS
4441,1685187,1685279,92,CDS
4442,1684631,1684745,114,CDS
4443,1684453,1684557,104,CDS
4444,1683097,1683260,163,CDS
4445,1682698,1682781,83,CDS
4446,1682367,1682429,62,CDS
4447,1681808,1682270,462,CDS
4448,1681573,1681755,182,CDS
4449,1681400,1681493,93,CDS
4450,1677135,1677317,182,CDS
4451,1675881,1677065,1184,CDS
4452,1691207,1691312,105,CDS
4453,1691080,1691130,50,CDS
4454,1690873,1691012,139,CDS
4455,1690200,1690808,608,CDS
4456,1685647,1685737,90,CDS
4457,1685187,1685279,92,CDS
4458,1684631,1684745,114,CDS
4459,1684453,1684557,104,CDS
4460,1683097,1683260,163,CDS
4461,1682863,1682928,65,CDS
4462,1682698,1682781,83,CDS
4463,1682367,1682429,62,CDS
4464,1681808,1682270,462,CDS
4465,1681573,1681755,182,CDS
4466,1681400,1681493,93,CDS
4467,1677135,1677317,182,CDS
4468,1675881,1677065,1184,CDS
4469,1691207,1691312,105,CDS
4470,1691080,1691133,53,CDS
4471,1690873,1691012,139,CDS
4472,1690200,1690808,608,CDS
4473,1685647,1685737,90,CDS
4474,1684631,1684745,114,CDS
4475,1684453,1684557,104,CDS
4476,1683097,1683260,163,CDS
4477,1682863,1682928,65,CDS
4478,1682698,1682781,83,CDS
4479,1682367,1682429,62,CDS
4480,1681808,1682270,462,CDS
4481,1681573,1681755,182,CDS
4482,1681400,1681493,93,CDS
4483,1677135,1677317,182,CDS
4484,1675881,1677065,1184,CDS
4485,1685187,1685307,120,CDS
4486,1684631,1684745,114,CDS
4487,1684453,1684557,104,CDS
4488,1683097,1683260,163,CDS
4489,1682863,1682928,65,CDS
4490,1682698,1682781,83,CDS
4491,1682367,1682429,62,CDS
4492,1681808,1682270,462,CDS
4493,1681573,1681755,182,CDS
4494,1681400,1681493,93,CDS
4495,1677135,1677317,182,CDS
4496,1675881,1677065,1184,CDS
4497,1691207,1691312,105,CDS
4498,1691080,1691130,50,CDS
4499,1690873,1691012,139,CDS
4500,1690200,1690808,608,CDS
4501,1685647,1685737,90,CDS
4502,1685187,1685279,92,CDS
4503,1684631,1684745,114,CDS
4504,1684453,1684557,104,CDS
4505,1683097,1683260,163,CDS
4506,1682863,1682928,65,CDS
4507,1682698,1682781,83,CDS
4508,1682367,1682429,62,CDS
4509,1681808,1682270,462,CDS
4510,1681573,1681755,182,CDS
4511,1681400,1681493,93,CDS
4512,1677135,1677317,182,CDS
4513,1677055,1677078,23,CDS
4514,1691207,1691312,105,CDS
4515,1691080,1691130,50,CDS
4516,1690873,1691012,139,CDS
4517,1690200,1690808,608,CDS
4518,1685647,1685737,90,CDS
4519,1684631,1684745,114,CDS
4520,1684453,1684557,104,CDS
4521,1683097,1683260,163,CDS
4522,1682863,1682928,65,CDS
4523,1682698,1682781,83,CDS
4524,1682367,1682429,62,CDS
4525,1681808,1682270,462,CDS
4526,1681573,1681755,182,CDS
4527,1681400,1681493,93,CDS
4528,1680065,1680108,43,CDS
4529,1677239,1677317,78,CDS
4530,1692376,1692547,171,mRNA
4531,1691207,1691357,150,mRNA
4532,1691080,1691133,53,mRNA
4533,1690873,1691012,139,mRNA
4534,1690200,1690808,608,mRNA
4535,1685647,1685737,90,mRNA
4536,1684631,1684745,114,mRNA
4537,1684453,1684557,104,mRNA
4538,1683097,1683260,163,mRNA
4539,1682863,1682928,65,mRNA
4540,1682698,1682781,83,mRNA
4541,1682367,1682429,62,mRNA
4542,1681808,1682270,462,mRNA
4543,1681573,1681755,182,mRNA
4544,1681400,1681493,93,mRNA
4545,1680027,1680108,81,mRNA
4546,1691207,1691312,105,CDS
4547,1691080,1691133,53,CDS
4548,1690873,1691012,139,CDS
4549,1690200,1690808,608,CDS
4550,1685647,1685737,90,CDS
4551,1684631,1684745,114,CDS
4552,1684453,1684557,104,CDS
4553,1683097,1683260,163,CDS
4554,1682863,1682928,65,CDS
4555,1682698,1682781,83,CDS
4556,1682367,1682429,62,CDS
4557,1681808,1682270,462,CDS
4558,1681573,1681755,182,CDS
4559,1681400,1681493,93,CDS
4560,1680061,1680108,47,CDS
4561,1681566,1684891,3325,gene
4562,1681566,1683266,1700,mRNA
4563,1683321,1683760,439,mRNA
4564,1683829,1684024,195,mRNA
4565,1684078,1684891,813,mRNA
4566,1683247,1683266,19,mRNA
4567,1683321,1683760,439,mRNA
4568,1683829,1684024,195,mRNA
4569,1684078,1684891,813,mRNA
4570,1683670,1683760,90,CDS
4571,1683829,1684024,195,CDS
4572,1684078,1684456,378,CDS
4573,1683745,1683760,15,CDS
4574,1683829,1684024,195,CDS
4575,1684078,1684456,378,CDS
4576,1686624,1690187,3563,gene
4577,1686624,1687317,693,mRNA
4578,1688481,1688574,93,mRNA
4579,1688649,1688769,120,mRNA
4580,1688902,1689123,221,mRNA
4581,1689180,1690187,1007,mRNA
4582,1686777,1687317,540,CDS
4583,1688481,1688574,93,CDS
4584,1688649,1688769,120,CDS
4585,1688902,1689123,221,CDS
4586,1689180,1689878,698,CDS
4587,1692824,1693843,1019,gene
4588,1692824,1693101,277,mRNA
4589,1693163,1693323,160,mRNA
4590,1693385,1693843,458,mRNA
4591,1693093,1693101,8,CDS
4592,1693163,1693323,160,CDS
4593,1693385,1693697,312,CDS
4594,1693615,1695889,2274,gene
4595,1695540,1695889,349,mRNA
4596,1694122,1695474,1352,mRNA
4597,1693615,1693958,343,mRNA
4598,1695540,1695889,349,mRNA
4599,1693615,1695474,1859,mRNA
4600,1695532,1695889,357,mRNA
4601,1693615,1695474,1859,mRNA
4602,1694243,1695472,1229,CDS
4603,1694243,1695472,1229,CDS
4604,1694243,1695472,1229,CDS
4605,1708806,1710182,1376,gene
4606,1709841,1710182,341,mRNA
4607,1709505,1709775,270,mRNA
4608,1708806,1709439,633,mRNA
4609,1709841,1710182,341,mRNA
4610,1709505,1709775,270,mRNA
4611,1708938,1709439,501,mRNA
4612,1709841,1710136,295,CDS
4613,1709505,1709775,270,CDS
4614,1709089,1709439,350,CDS
4615,1709841,1710136,295,CDS
4616,1709505,1709775,270,CDS
4617,1709089,1709439,350,CDS
4618,1735945,1754065,18120,gene
4619,1753722,1754065,343,mRNA
4620,1749895,1750484,589,mRNA
4621,1749697,1749817,120,mRNA
4622,1748032,1748293,261,mRNA
4623,1746687,1746810,123,mRNA
4624,1746274,1746579,305,mRNA
4625,1735945,1737163,1218,mRNA
4626,1753716,1754065,349,mRNA
4627,1749895,1750484,589,mRNA
4628,1749697,1749817,120,mRNA
4629,1748032,1748293,261,mRNA
4630,1746687,1746810,123,mRNA
4631,1746274,1746579,305,mRNA
4632,1735945,1737163,1218,mRNA
4633,1737166,1746272,9106,mobile_element
4634,1753716,1754065,349,mRNA
4635,1749895,1750484,589,mRNA
4636,1749697,1749817,120,mRNA
4637,1748032,1748293,261,mRNA
4638,1746687,1746810,123,mRNA
4639,1745878,1746579,701,mRNA
4640,1749895,1751021,1126,mRNA
4641,1749697,1749817,120,mRNA
4642,1748032,1748293,261,mRNA
4643,1746687,1746810,123,mRNA
4644,1745878,1746579,701,mRNA
4645,1749895,1750413,518,CDS
4646,1749697,1749817,120,CDS
4647,1748032,1748293,261,CDS
4648,1746687,1746810,123,CDS
4649,1746391,1746579,188,CDS
4650,1749895,1750413,518,CDS
4651,1749697,1749817,120,CDS
4652,1748032,1748293,261,CDS
4653,1746687,1746810,123,CDS
4654,1746391,1746579,188,CDS
4655,1749895,1750413,518,CDS
4656,1749697,1749817,120,CDS
4657,1748032,1748293,261,CDS
4658,1746687,1746810,123,CDS
4659,1746391,1746579,188,CDS
4660,1749895,1750413,518,CDS
4661,1749697,1749817,120,CDS
4662,1748032,1748293,261,CDS
4663,1746687,1746810,123,CDS
4664,1746391,1746579,188,CDS
4665,1773719,1853667,79948,gene
4666,1773719,1774222,503,mRNA
4667,1788664,1788768,104,mRNA
4668,1843692,1844087,395,mRNA
4669,1850620,1852933,2313,mRNA
4670,1773725,1788065,14340,gene
4671,1773725,1774222,497,mRNA
4672,1775699,1775738,39,mRNA
4673,1778370,1778699,329,mRNA
4674,1778815,1778960,145,mRNA
4675,1779090,1779258,168,mRNA
4676,1780062,1780244,182,mRNA
4677,1780331,1780611,280,mRNA
4678,1780675,1780825,150,mRNA
4679,1781718,1781883,165,mRNA
4680,1782936,1783035,99,mRNA
4681,1783109,1783588,479,mRNA
4682,1783656,1788065,4409,mRNA
4683,1773725,1774222,497,mRNA
4684,1775699,1775738,39,mRNA
4685,1778612,1778699,87,mRNA
4686,1778815,1778960,145,mRNA
4687,1779090,1779369,279,mRNA
4688,1780062,1780244,182,mRNA
4689,1780331,1780611,280,mRNA
4690,1780675,1780825,150,mRNA
4691,1781718,1781883,165,mRNA
4692,1782936,1783035,99,mRNA
4693,1783109,1783588,479,mRNA
4694,1783656,1788065,4409,mRNA
4695,1773725,1774195,470,mRNA
4696,1778612,1778699,87,mRNA
4697,1778815,1778960,145,mRNA
4698,1779090,1779258,168,mRNA
4699,1780062,1780244,182,mRNA
4700,1780331,1780611,280,mRNA
4701,1780675,1780825,150,mRNA
4702,1781718,1781883,165,mRNA
4703,1782936,1783035,99,mRNA
4704,1783109,1783588,479,mRNA
4705,1783656,1788065,4409,mRNA
4706,1773725,1774222,497,mRNA
4707,1775699,1775738,39,mRNA
4708,1778370,1778560,190,mRNA
4709,1778612,1778699,87,mRNA
4710,1778815,1778960,145,mRNA
4711,1779090,1779258,168,mRNA
4712,1780062,1780244,182,mRNA
4713,1780331,1780611,280,mRNA
4714,1780675,1780825,150,mRNA
4715,1781718,1781883,165,mRNA
4716,1782936,1783035,99,mRNA
4717,1783109,1783588,479,mRNA
4718,1783656,1784001,345,mRNA
4719,1773725,1774222,497,mRNA
4720,1775699,1775738,39,mRNA
4721,1778612,1778699,87,mRNA
4722,1778815,1778960,145,mRNA
4723,1779090,1780244,1154,mRNA
4724,1780331,1780611,280,mRNA
4725,1780675,1780825,150,mRNA
4726,1781718,1781883,165,mRNA
4727,1782936,1783035,99,mRNA
4728,1783109,1783588,479,mRNA
4729,1783656,1784001,345,mRNA
4730,1773725,1774222,497,mRNA
4731,1775699,1775738,39,mRNA
4732,1778612,1778699,87,mRNA
4733,1778815,1778960,145,mRNA
4734,1779090,1779258,168,mRNA
4735,1780062,1780244,182,mRNA
4736,1780331,1780611,280,mRNA
4737,1780675,1780825,150,mRNA
4738,1781718,1781883,165,mRNA
4739,1782936,1783035,99,mRNA
4740,1783109,1783588,479,mRNA
4741,1783656,1784001,345,mRNA
4742,1773725,1774195,470,mRNA
4743,1778612,1778699,87,mRNA
4744,1778815,1778960,145,mRNA
4745,1779090,1779369,279,mRNA
4746,1780062,1780244,182,mRNA
4747,1780331,1780611,280,mRNA
4748,1780675,1780825,150,mRNA
4749,1781718,1781883,165,mRNA
4750,1782936,1783035,99,mRNA
4751,1783109,1783588,479,mRNA
4752,1783656,1784001,345,mRNA
4753,1773725,1774222,497,mRNA
4754,1775699,1775738,39,mRNA
4755,1778612,1778699,87,mRNA
4756,1778815,1778960,145,mRNA
4757,1779090,1779369,279,mRNA
4758,1780062,1780244,182,mRNA
4759,1780331,1780611,280,mRNA
4760,1780675,1781200,525,mRNA
4761,1773725,1774222,497,mRNA
4762,1775650,1775738,88,mRNA
4763,1778612,1778699,87,mRNA
4764,1778815,1778960,145,mRNA
4765,1779090,1779369,279,mRNA
4766,1780062,1780244,182,mRNA
4767,1780331,1780611,280,mRNA
4768,1780675,1781182,507,mRNA
4769,1773725,1774222,497,mRNA
4770,1778370,1778560,190,mRNA
4771,1778612,1778699,87,mRNA
4772,1778815,1778960,145,mRNA
4773,1779090,1780244,1154,mRNA
4774,1780331,1780611,280,mRNA
4775,1780675,1781182,507,mRNA
4776,1773725,1774222,497,mRNA
4777,1775699,1775738,39,mRNA
4778,1778612,1778699,87,mRNA
4779,1778815,1778960,145,mRNA
4780,1779090,1779258,168,mRNA
4781,1780062,1780244,182,mRNA
4782,1780331,1780611,280,mRNA
4783,1780675,1781160,485,mRNA
4784,1773725,1774222,497,mRNA
4785,1778612,1778699,87,mRNA
4786,1778815,1778960,145,mRNA
4787,1779090,1779258,168,mRNA
4788,1780062,1780244,182,mRNA
4789,1780331,1780611,280,mRNA
4790,1780675,1781160,485,mRNA
4791,1773725,1774195,470,mRNA
4792,1775736,1775738,2,mRNA
4793,1778612,1778699,87,mRNA
4794,1778815,1778960,145,mRNA
4795,1779090,1779369,279,mRNA
4796,1780062,1780244,182,mRNA
4797,1780331,1780611,280,mRNA
4798,1780675,1781160,485,mRNA
4799,1774172,1774195,23,CDS
4800,1778612,1778699,87,CDS
4801,1778815,1778960,145,CDS
4802,1779090,1779369,279,CDS
4803,1780062,1780244,182,CDS
4804,1780331,1780611,280,CDS
4805,1780675,1780825,150,CDS
4806,1781718,1781883,165,CDS
4807,1782936,1783035,99,CDS
4808,1783109,1783588,479,CDS
4809,1783656,1783754,98,CDS
4810,1774172,1774195,23,CDS
4811,1778612,1778699,87,CDS
4812,1778815,1778960,145,CDS
4813,1779090,1779258,168,CDS
4814,1780062,1780244,182,CDS
4815,1780331,1780611,280,CDS
4816,1780675,1780825,150,CDS
4817,1781718,1781883,165,CDS
4818,1782936,1783035,99,CDS
4819,1783109,1783588,479,CDS
4820,1783656,1783754,98,CDS
4821,1774172,1774195,23,CDS
4822,1775736,1775738,2,CDS
4823,1778612,1778699,87,CDS
4824,1778815,1778960,145,CDS
4825,1779090,1779369,279,CDS
4826,1780062,1780244,182,CDS
4827,1780331,1780611,280,CDS
4828,1780675,1780839,164,CDS
4829,1774527,1775103,576,mRNA
4830,1775699,1775738,39,mRNA
4831,1778612,1778699,87,mRNA
4832,1778815,1778960,145,mRNA
4833,1779090,1779258,168,mRNA
4834,1780062,1780244,182,mRNA
4835,1780331,1780611,280,mRNA
4836,1780675,1780825,150,mRNA
4837,1781718,1781883,165,mRNA
4838,1782936,1783035,99,mRNA
4839,1783109,1783588,479,mRNA
4840,1783656,1784001,345,mRNA
4841,1775703,1775738,35,CDS
4842,1778612,1778699,87,CDS
4843,1778815,1778960,145,CDS
4844,1779090,1779369,279,CDS
4845,1780062,1780244,182,CDS
4846,1780331,1780611,280,CDS
4847,1780675,1780825,150,CDS
4848,1781718,1781883,165,CDS
4849,1782936,1783035,99,CDS
4850,1783109,1783588,479,CDS
4851,1783656,1783754,98,CDS
4852,1775703,1775738,35,CDS
4853,1778612,1778699,87,CDS
4854,1778815,1778960,145,CDS
4855,1779090,1779258,168,CDS
4856,1780062,1780244,182,CDS
4857,1780331,1780611,280,CDS
4858,1780675,1780825,150,CDS
4859,1781718,1781883,165,CDS
4860,1782936,1783035,99,CDS
4861,1783109,1783588,479,CDS
4862,1783656,1783754,98,CDS
4863,1775703,1775738,35,CDS
4864,1778612,1778699,87,CDS
4865,1778815,1778960,145,CDS
4866,1779090,1779258,168,CDS
4867,1780062,1780244,182,CDS
4868,1780331,1780611,280,CDS
4869,1780675,1780825,150,CDS
4870,1781718,1781883,165,CDS
4871,1782936,1783035,99,CDS
4872,1783109,1783588,479,CDS
4873,1783656,1783754,98,CDS
4874,1775703,1775738,35,CDS
4875,1778612,1778699,87,CDS
4876,1778815,1778960,145,CDS
4877,1779090,1779369,279,CDS
4878,1780062,1780244,182,CDS
4879,1780331,1780611,280,CDS
4880,1780675,1780839,164,CDS
4881,1775703,1775738,35,CDS
4882,1778612,1778699,87,CDS
4883,1778815,1778960,145,CDS
4884,1779090,1779369,279,CDS
4885,1780062,1780244,182,CDS
4886,1780331,1780611,280,CDS
4887,1780675,1780839,164,CDS
4888,1775703,1775738,35,CDS
4889,1778612,1778699,87,CDS
4890,1778815,1778960,145,CDS
4891,1779090,1779258,168,CDS
4892,1780062,1780244,182,CDS
4893,1780331,1780611,280,CDS
4894,1780675,1780839,164,CDS
4895,1775703,1775738,35,CDS
4896,1778612,1778699,87,CDS
4897,1778815,1778960,145,CDS
4898,1779090,1779380,290,CDS
4899,1778519,1778560,41,CDS
4900,1778612,1778699,87,CDS
4901,1778815,1778960,145,CDS
4902,1779090,1779258,168,CDS
4903,1780062,1780244,182,CDS
4904,1780331,1780611,280,CDS
4905,1780675,1780825,150,CDS
4906,1781718,1781883,165,CDS
4907,1782936,1783035,99,CDS
4908,1783109,1783588,479,CDS
4909,1783656,1783754,98,CDS
4910,1778519,1778560,41,CDS
4911,1778612,1778699,87,CDS
4912,1778815,1778960,145,CDS
4913,1779090,1779380,290,CDS
4914,1778639,1778699,60,CDS
4915,1778815,1778960,145,CDS
4916,1779090,1779258,168,CDS
4917,1780062,1780244,182,CDS
4918,1780331,1780611,280,CDS
4919,1780675,1780825,150,CDS
4920,1781718,1781883,165,CDS
4921,1782936,1783035,99,CDS
4922,1783109,1783588,479,CDS
4923,1783656,1783754,98,CDS
4924,1778639,1778699,60,CDS
4925,1778815,1778960,145,CDS
4926,1779090,1779258,168,CDS
4927,1780062,1780244,182,CDS
4928,1780331,1780611,280,CDS
4929,1780675,1780839,164,CDS
4930,1788861,1788957,96,gene
4931,1788861,1788957,96,precursor_RNA
4932,1788876,1788897,21,ncRNA
4933,1788918,1788939,21,ncRNA
4934,1789566,1790418,852,gene
4935,1789566,1789679,113,mRNA
4936,1789730,1790418,688,mRNA
4937,1789666,1789679,13,CDS
4938,1789730,1790333,603,CDS
4939,1818754,1819008,254,mobile_element
4940,1819495,1820341,846,gene
4941,1820307,1820341,34,mRNA
4942,1820183,1820240,57,mRNA
4943,1819495,1820118,623,mRNA
4944,1820307,1820341,34,mRNA
4945,1820183,1820240,57,mRNA
4946,1819495,1820121,626,mRNA
4947,1820183,1820212,29,CDS
4948,1819543,1820118,575,CDS
4949,1820183,1820212,29,CDS
4950,1819543,1820121,578,CDS
4951,1820632,1820953,321,mobile_element
4952,1821469,1822381,912,gene
4953,1822236,1822381,145,mRNA
4954,1821469,1822171,702,mRNA
4955,1822236,1822277,41,CDS
4956,1821500,1822171,671,CDS
4957,1824162,1824272,110,mRNA
4958,1843692,1844087,395,mRNA
4959,1850620,1852933,2313,mRNA
4960,1824943,1825981,1038,mRNA
4961,1843692,1844087,395,mRNA
4962,1850620,1852933,2313,mRNA
4963,1825063,1825981,918,mRNA
4964,1843692,1844087,395,mRNA
4965,1850620,1852933,2313,mRNA
4966,1825660,1825981,321,CDS
4967,1843692,1844087,395,CDS
4968,1850620,1852460,1840,CDS
4969,1825660,1825981,321,CDS
4970,1843692,1844087,395,CDS
4971,1850620,1852460,1840,CDS
4972,1827211,1827252,41,mobile_element
4973,1827347,1827420,73,mRNA
4974,1843692,1844087,395,mRNA
4975,1850620,1852933,2313,mRNA
4976,1831303,1832059,756,mRNA
4977,1843692,1844087,395,mRNA
4978,1850620,1852933,2313,mRNA
4979,1831933,1832059,126,CDS
4980,1843692,1844087,395,CDS
4981,1850620,1852460,1840,CDS
4982,1838240,1838463,223,mRNA
4983,1843692,1844087,395,mRNA
4984,1850620,1852933,2313,mRNA
4985,1842628,1842883,255,mRNA
4986,1843692,1844087,395,mRNA
4987,1850620,1853667,3047,mRNA
4988,1842628,1842855,227,mRNA
4989,1843445,1843578,133,mRNA
4990,1843692,1844087,395,mRNA
4991,1850620,1853667,3047,mRNA
4992,1842628,1842883,255,mRNA
4993,1843445,1843578,133,mRNA
4994,1843692,1844087,395,mRNA
4995,1850620,1852933,2313,mRNA
4996,1843346,1843578,232,mRNA
4997,1843692,1844087,395,mRNA
4998,1850620,1852866,2246,mRNA
4999,1843530,1843578,48,CDS
5000,1843692,1844087,395,CDS
5001,1850620,1852460,1840,CDS
5002,1843530,1843578,48,CDS
5003,1843692,1844087,395,CDS
5004,1850620,1852460,1840,CDS
5005,1843530,1843578,48,CDS
5006,1843692,1844087,395,CDS
5007,1850620,1852460,1840,CDS
5008,1843700,1844087,387,CDS
5009,1850620,1852460,1840,CDS
5010,1843700,1844087,387,CDS
5011,1850620,1852460,1840,CDS
5012,1843700,1844087,387,CDS
5013,1850620,1852460,1840,CDS
5014,1843700,1844087,387,CDS
5015,1850620,1852460,1840,CDS
5016,1843700,1844087,387,CDS
5017,1850620,1852460,1840,CDS
5018,1857889,1858971,1082,gene
5019,1858868,1858971,103,mRNA
5020,1858736,1858797,61,mRNA
5021,1858561,1858678,117,mRNA
5022,1857889,1858406,517,mRNA
5023,1858868,1858971,103,mRNA
5024,1858736,1858797,61,mRNA
5025,1858561,1858678,117,mRNA
5026,1857971,1858406,435,mRNA
5027,1858868,1858902,34,CDS
5028,1858736,1858797,61,CDS
5029,1858561,1858678,117,CDS
5030,1858319,1858406,87,CDS
5031,1858868,1858902,34,CDS
5032,1858736,1858797,61,CDS
5033,1858561,1858678,117,CDS
5034,1858319,1858406,87,CDS
5035,1859141,1861790,2649,gene
5036,1861595,1861790,195,mRNA
5037,1861446,1861485,39,mRNA
5038,1861156,1861379,223,mRNA
5039,1860686,1861098,412,mRNA
5040,1860427,1860621,194,mRNA
5041,1860057,1860370,313,mRNA
5042,1859871,1859982,111,mRNA
5043,1859141,1859813,672,mRNA
5044,1861595,1861790,195,mRNA
5045,1861446,1861485,39,mRNA
5046,1861156,1861379,223,mRNA
5047,1860686,1861098,412,mRNA
5048,1860427,1860624,197,mRNA
5049,1860057,1860370,313,mRNA
5050,1859871,1859982,111,mRNA
5051,1859141,1859813,672,mRNA
5052,1861595,1861597,2,CDS
5053,1861446,1861485,39,CDS
5054,1861156,1861379,223,CDS
5055,1860686,1861098,412,CDS
5056,1860427,1860621,194,CDS
5057,1860057,1860370,313,CDS
5058,1859871,1859982,111,CDS
5059,1859519,1859813,294,CDS
5060,1861595,1861597,2,CDS
5061,1861446,1861485,39,CDS
5062,1861156,1861379,223,CDS
5063,1860686,1861098,412,CDS
5064,1860427,1860624,197,CDS
5065,1860057,1860370,313,CDS
5066,1859871,1859982,111,CDS
5067,1859519,1859813,294,CDS
5068,1862009,1865835,3826,gene
5069,1865689,1865835,146,mRNA
5070,1864170,1865622,1452,mRNA
5071,1863769,1864107,338,mRNA
5072,1863027,1863705,678,mRNA
5073,1862703,1862960,257,mRNA
5074,1862009,1862643,634,mRNA
5075,1865689,1865835,146,mRNA
5076,1864170,1865622,1452,mRNA
5077,1863769,1864107,338,mRNA
5078,1863027,1863705,678,mRNA
5079,1862703,1862960,257,mRNA
5080,1862135,1862643,508,mRNA
5081,1864170,1865835,1665,mRNA
5082,1863769,1864107,338,mRNA
5083,1863027,1863705,678,mRNA
5084,1862703,1862960,257,mRNA
5085,1862135,1862643,508,mRNA
5086,1865689,1865736,47,CDS
5087,1864170,1865622,1452,CDS
5088,1863769,1864107,338,CDS
5089,1863027,1863705,678,CDS
5090,1862703,1862960,257,CDS
5091,1862328,1862643,315,CDS
5092,1865689,1865736,47,CDS
5093,1864170,1865622,1452,CDS
5094,1863769,1864107,338,CDS
5095,1863027,1863705,678,CDS
5096,1862703,1862960,257,CDS
5097,1862328,1862643,315,CDS
5098,1864170,1865736,1566,CDS
5099,1863769,1864107,338,CDS
5100,1863027,1863705,678,CDS
5101,1862703,1862960,257,CDS
5102,1862328,1862643,315,CDS
5103,1865909,1866887,978,gene
5104,1865909,1866138,229,mRNA
5105,1866186,1866495,309,mRNA
5106,1866563,1866887,324,mRNA
5107,1865909,1866138,229,mRNA
5108,1866209,1866495,286,mRNA
5109,1866563,1866887,324,mRNA
5110,1866014,1866138,124,CDS
5111,1866209,1866495,286,CDS
5112,1866563,1866804,241,CDS
5113,1866014,1866138,124,CDS
5114,1866186,1866213,27,CDS
5115,1866832,1869061,2229,gene
5116,1868787,1869061,274,mRNA
5117,1866832,1868714,1882,mRNA
5118,1866832,1868803,1971,mRNA
5119,1868787,1868924,137,CDS
5120,1867008,1868714,1706,CDS
5121,1867008,1868687,1679,CDS
5122,1868870,1872408,3538,gene
5123,1868870,1869242,372,mRNA
5124,1869298,1869878,580,mRNA
5125,1869944,1872408,2464,mRNA
5126,1868870,1869227,357,mRNA
5127,1869298,1869878,580,mRNA
5128,1869944,1872408,2464,mRNA
5129,1868923,1869242,319,CDS
5130,1869298,1869878,580,CDS
5131,1869944,1872351,2407,CDS
5132,1868923,1869227,304,CDS
5133,1869298,1869878,580,CDS
5134,1869944,1872351,2407,CDS
5135,1872400,1873565,1165,gene
5136,1872973,1873565,592,mRNA
5137,1872400,1872903,503,mRNA
5138,1872973,1873565,592,mRNA
5139,1872400,1872906,506,mRNA
5140,1872973,1873530,557,CDS
5141,1872595,1872903,308,CDS
5142,1872973,1873530,557,CDS
5143,1872595,1872906,311,CDS
5144,1873853,1876474,2621,gene
5145,1873853,1874281,428,mRNA
5146,1874361,1876474,2113,mRNA
5147,1874138,1874281,143,CDS
5148,1874361,1875653,1292,CDS
5149,1876294,1877270,976,gene
5150,1876969,1877270,301,mRNA
5151,1876294,1876911,617,mRNA
5152,1876969,1877270,301,mRNA
5153,1876706,1876911,205,mRNA
5154,1876969,1877139,170,CDS
5155,1876762,1876911,149,CDS
5156,1876969,1877139,170,CDS
5157,1876762,1876911,149,CDS
5158,1877317,1879077,1760,gene
5159,1877317,1878197,880,mRNA
5160,1878255,1879077,822,mRNA
5161,1877427,1878197,770,CDS
5162,1878255,1879004,749,CDS
5163,1879019,1879774,755,gene
5164,1879656,1879774,118,mRNA
5165,1879412,1879558,146,mRNA
5166,1879019,1879350,331,mRNA
5167,1879412,1879580,168,mRNA
5168,1879019,1879350,331,mRNA
5169,1879412,1879490,78,CDS
5170,1879139,1879350,211,CDS
5171,1879412,1879490,78,CDS
5172,1879139,1879350,211,CDS
5173,1880282,1881432,1150,gene
5174,1880282,1880623,341,mRNA
5175,1880683,1880946,263,mRNA
5176,1881020,1881432,412,mRNA
5177,1880531,1880623,92,mRNA
5178,1880683,1880946,263,mRNA
5179,1881020,1881432,412,mRNA
5180,1880573,1880623,50,CDS
5181,1880683,1880946,263,CDS
5182,1881020,1881235,215,CDS
5183,1880573,1880623,50,CDS
5184,1880683,1880946,263,CDS
5185,1881020,1881235,215,CDS
5186,1881313,1889950,8637,gene
5187,1889358,1889950,592,mRNA
5188,1884007,1889294,5287,mRNA
5189,1883417,1883941,524,mRNA
5190,1882742,1883337,595,mRNA
5191,1882556,1882685,129,mRNA
5192,1882319,1882501,182,mRNA
5193,1881313,1882248,935,mRNA
5194,1884007,1889950,5943,mRNA
5195,1883417,1883941,524,mRNA
5196,1882742,1883337,595,mRNA
5197,1882556,1882685,129,mRNA
5198,1882319,1882501,182,mRNA
5199,1881313,1882248,935,mRNA
5200,1889358,1889775,417,CDS
5201,1884007,1889294,5287,CDS
5202,1883417,1883941,524,CDS
5203,1882742,1883337,595,CDS
5204,1882556,1882685,129,CDS
5205,1882319,1882501,182,CDS
5206,1882156,1882248,92,CDS
5207,1884007,1889775,5768,CDS
5208,1883417,1883941,524,CDS
5209,1882742,1883337,595,CDS
5210,1882556,1882685,129,CDS
5211,1882319,1882501,182,CDS
5212,1882156,1882248,92,CDS
5213,1890256,1891482,1226,gene
5214,1890256,1890395,139,mRNA
5215,1890478,1890543,65,mRNA
5216,1890613,1891482,869,mRNA
5217,1890256,1890395,139,mRNA
5218,1890478,1890543,65,mRNA
5219,1890613,1891275,662,mRNA
5220,1890347,1890395,48,CDS
5221,1890478,1890543,65,CDS
5222,1890613,1891229,616,CDS
5223,1890347,1890395,48,CDS
5224,1890478,1890543,65,CDS
5225,1890613,1891229,616,CDS
5226,1891401,1900646,9245,gene
5227,1900510,1900646,136,mRNA
5228,1898980,1899039,59,mRNA
5229,1895114,1896753,1639,mRNA
5230,1894841,1895041,200,mRNA
5231,1894508,1894780,272,mRNA
5232,1893403,1893499,96,mRNA
5233,1891401,1892119,718,mRNA
5234,1900044,1900173,129,mRNA
5235,1898980,1899039,59,mRNA
5236,1895114,1896753,1639,mRNA
5237,1894841,1895041,200,mRNA
5238,1894508,1894780,272,mRNA
5239,1893403,1893499,96,mRNA
5240,1891401,1892119,718,mRNA
5241,1899381,1899610,229,mRNA
5242,1898980,1899039,59,mRNA
5243,1895114,1896753,1639,mRNA
5244,1894841,1895041,200,mRNA
5245,1894508,1894780,272,mRNA
5246,1891401,1892119,718,mRNA
5247,1899381,1899610,229,mRNA
5248,1898980,1899039,59,mRNA
5249,1895114,1896753,1639,mRNA
5250,1894841,1895041,200,mRNA
5251,1894508,1894780,272,mRNA
5252,1893403,1893499,96,mRNA
5253,1891401,1892119,718,mRNA
5254,1899399,1899524,125,mRNA
5255,1898980,1899039,59,mRNA
5256,1895114,1896753,1639,mRNA
5257,1894841,1895041,200,mRNA
5258,1894508,1894780,272,mRNA
5259,1893403,1893499,96,mRNA
5260,1891401,1892119,718,mRNA
5261,1899304,1899524,220,mRNA
5262,1898980,1899039,59,mRNA
5263,1895114,1896753,1639,mRNA
5264,1894841,1895041,200,mRNA
5265,1894508,1894780,272,mRNA
5266,1893403,1893499,96,mRNA
5267,1891401,1892119,718,mRNA
5268,1898980,1899010,30,CDS
5269,1895114,1896753,1639,CDS
5270,1894841,1895041,200,CDS
5271,1894508,1894780,272,CDS
5272,1893403,1893499,96,CDS
5273,1891830,1892119,289,CDS
5274,1898980,1899010,30,CDS
5275,1895114,1896753,1639,CDS
5276,1894841,1895041,200,CDS
5277,1894508,1894780,272,CDS
5278,1893403,1893499,96,CDS
5279,1891830,1892119,289,CDS
5280,1898980,1899010,30,CDS
5281,1895114,1896753,1639,CDS
5282,1894841,1895041,200,CDS
5283,1894508,1894780,272,CDS
5284,1893403,1893499,96,CDS
5285,1891830,1892119,289,CDS
5286,1898980,1899010,30,CDS
5287,1895114,1896753,1639,CDS
5288,1894841,1895041,200,CDS
5289,1894508,1894780,272,CDS
5290,1893403,1893499,96,CDS
5291,1891830,1892119,289,CDS
5292,1898980,1899010,30,CDS
5293,1895114,1896753,1639,CDS
5294,1894841,1895041,200,CDS
5295,1894508,1894780,272,CDS
5296,1893403,1893499,96,CDS
5297,1891830,1892119,289,CDS
5298,1898980,1899010,30,CDS
5299,1895114,1896753,1639,CDS
5300,1894841,1895041,200,CDS
5301,1894508,1894780,272,CDS
5302,1892099,1892119,20,CDS
5303,1900699,1901911,1212,gene
5304,1901800,1901911,111,mRNA
5305,1901437,1901614,177,mRNA
5306,1901083,1901277,194,mRNA
5307,1900699,1901013,314,mRNA
5308,1901800,1901911,111,mRNA
5309,1901437,1901614,177,mRNA
5310,1901065,1901277,212,mRNA
5311,1900699,1901013,314,mRNA
5312,1901713,1901911,198,mRNA
5313,1901437,1901614,177,mRNA
5314,1901065,1901277,212,mRNA
5315,1900699,1901013,314,mRNA
5316,1901800,1901802,2,CDS
5317,1901437,1901614,177,CDS
5318,1901083,1901277,194,CDS
5319,1900766,1901013,247,CDS
5320,1901800,1901802,2,CDS
5321,1901437,1901614,177,CDS
5322,1901065,1901277,212,CDS
5323,1900766,1901013,247,CDS
5324,1901713,1901802,89,CDS
5325,1901437,1901614,177,CDS
5326,1901065,1901277,212,CDS
5327,1900766,1901013,247,CDS
5328,1900768,1901162,394,gene
5329,1900768,1901162,394,ncRNA
5330,1902028,1903733,1705,gene
5331,1902028,1902491,463,ncRNA
5332,1902539,1903733,1194,ncRNA
5333,1902028,1902491,463,ncRNA
5334,1902553,1903733,1180,ncRNA
5335,1902082,1903177,1095,gene
5336,1902622,1903177,555,mRNA
5337,1902082,1902462,380,mRNA
5338,1902622,1902787,165,CDS
5339,1902152,1902462,310,CDS
5340,1903704,1908827,5123,gene
5341,1908350,1908827,477,mRNA
5342,1907495,1907817,322,mRNA
5343,1906306,1907434,1128,mRNA
5344,1904493,1906235,1742,mRNA
5345,1903704,1904281,577,mRNA
5346,1907495,1907979,484,mRNA
5347,1906306,1907434,1128,mRNA
5348,1904545,1906235,1690,mRNA
5349,1903704,1904281,577,mRNA
5350,1907495,1907979,484,mRNA
5351,1906306,1907434,1128,mRNA
5352,1904493,1906235,1742,mRNA
5353,1903704,1904281,577,mRNA
5354,1907495,1907619,124,CDS
5355,1906306,1907434,1128,CDS
5356,1904545,1906235,1690,CDS
5357,1904212,1904281,69,CDS
5358,1908245,1908270,25,mRNA
5359,1907495,1907646,151,mRNA
5360,1906306,1907434,1128,mRNA
5361,1904322,1906235,1913,mRNA
5362,1907495,1908121,626,mRNA
5363,1906306,1907434,1128,mRNA
5364,1904322,1906235,1913,mRNA
5365,1907495,1907619,124,CDS
5366,1906306,1907434,1128,CDS
5367,1904541,1906235,1694,CDS
5368,1907495,1907619,124,CDS
5369,1906306,1907434,1128,CDS
5370,1904541,1906235,1694,CDS
5371,1907495,1907619,124,CDS
5372,1906306,1907434,1128,CDS
5373,1904541,1906235,1694,CDS
5374,1907495,1907619,124,CDS
5375,1906306,1907434,1128,CDS
5376,1904541,1906235,1694,CDS
5377,1908239,1920318,12079,gene
5378,1908239,1908355,116,mRNA
5379,1916977,1920318,3341,mRNA
5380,1908353,1908355,2,CDS
5381,1916977,1919934,2957,CDS
5382,1908920,1916825,7905,gene
5383,1908920,1909450,530,mRNA
5384,1910641,1916825,6184,mRNA
5385,1908920,1909450,530,mRNA
5386,1910641,1916174,5533,mRNA
5387,1910757,1915334,4577,CDS
5388,1910757,1915334,4577,CDS
5389,1920166,1922874,2708,gene
5390,1922731,1922874,143,mRNA
5391,1922543,1922667,124,mRNA
5392,1921181,1922469,1288,mRNA
5393,1920829,1921115,286,mRNA
5394,1920166,1920767,601,mRNA
5395,1922731,1922874,143,mRNA
5396,1922543,1922667,124,mRNA
5397,1921181,1922469,1288,mRNA
5398,1920829,1921115,286,mRNA
5399,1920316,1920767,451,mRNA
5400,1922731,1922823,92,CDS
5401,1922543,1922667,124,CDS
5402,1921181,1922469,1288,CDS
5403,1920829,1921115,286,CDS
5404,1920552,1920767,215,CDS
5405,1922731,1922823,92,CDS
5406,1922543,1922667,124,CDS
5407,1921181,1922469,1288,CDS
5408,1920829,1921115,286,CDS
5409,1920552,1920767,215,CDS
5410,1922981,1927524,4543,gene
5411,1922981,1923865,884,mRNA
5412,1924099,1924285,186,mRNA
5413,1924528,1924789,261,mRNA
5414,1924851,1925036,185,mRNA
5415,1925103,1925435,332,mRNA
5416,1925503,1926379,876,mRNA
5417,1926446,1926632,186,mRNA
5418,1926694,1926918,224,mRNA
5419,1926979,1927524,545,mRNA
5420,1922981,1923077,96,mRNA
5421,1923147,1923865,718,mRNA
5422,1924099,1924285,186,mRNA
5423,1924528,1924789,261,mRNA
5424,1924851,1925036,185,mRNA
5425,1925103,1925435,332,mRNA
5426,1925503,1926379,876,mRNA
5427,1926446,1926632,186,mRNA
5428,1926694,1926918,224,mRNA
5429,1926979,1927524,545,mRNA
5430,1923758,1923865,107,CDS
5431,1924099,1924285,186,CDS
5432,1924528,1924789,261,CDS
5433,1924851,1925036,185,CDS
5434,1925103,1925435,332,CDS
5435,1925503,1926379,876,CDS
5436,1926446,1926632,186,CDS
5437,1926694,1926918,224,CDS
5438,1926979,1927166,187,CDS
5439,1923758,1923865,107,CDS
5440,1924099,1924285,186,CDS
5441,1924528,1924789,261,CDS
5442,1924851,1925036,185,CDS
5443,1925103,1925435,332,CDS
5444,1925503,1926379,876,CDS
5445,1926446,1926632,186,CDS
5446,1926694,1926918,224,CDS
5447,1926979,1927166,187,CDS
5448,1927683,1930517,2834,gene
5449,1927683,1927919,236,mRNA
5450,1928334,1928580,246,mRNA
5451,1929052,1929170,118,mRNA
5452,1929244,1929384,140,mRNA
5453,1929454,1929711,257,mRNA
5454,1929773,1930517,744,mRNA
5455,1927683,1927919,236,mRNA
5456,1928334,1928580,246,mRNA
5457,1929001,1929170,169,mRNA
5458,1929244,1929384,140,mRNA
5459,1929454,1929711,257,mRNA
5460,1929773,1930510,737,mRNA
5461,1927683,1927893,210,mRNA
5462,1928334,1928580,246,mRNA
5463,1929001,1929170,169,mRNA
5464,1929244,1929384,140,mRNA
5465,1929454,1929711,257,mRNA
5466,1929773,1930510,737,mRNA
5467,1927786,1927919,133,CDS
5468,1928334,1928580,246,CDS
5469,1929001,1929170,169,CDS
5470,1929244,1929384,140,CDS
5471,1929454,1929711,257,CDS
5472,1929773,1930193,420,CDS
5473,1927786,1927919,133,CDS
5474,1928334,1928580,246,CDS
5475,1929052,1929170,118,CDS
5476,1929244,1929384,140,CDS
5477,1929454,1929711,257,CDS
5478,1929773,1930193,420,CDS
5479,1928172,1928265,93,mRNA
5480,1928334,1928580,246,mRNA
5481,1929001,1929170,169,mRNA
5482,1929244,1929384,140,mRNA
5483,1929454,1929711,257,mRNA
5484,1929773,1930510,737,mRNA
5485,1928344,1928580,236,mRNA
5486,1929001,1929170,169,mRNA
5487,1929244,1929384,140,mRNA
5488,1929454,1929711,257,mRNA
5489,1929773,1930510,737,mRNA
5490,1928365,1928580,215,CDS
5491,1929001,1929170,169,CDS
5492,1929244,1929384,140,CDS
5493,1929454,1929711,257,CDS
5494,1929773,1930193,420,CDS
5495,1928365,1928580,215,CDS
5496,1929001,1929170,169,CDS
5497,1929244,1929384,140,CDS
5498,1929454,1929711,257,CDS
5499,1929773,1930193,420,CDS
5500,1928365,1928580,215,CDS
5501,1929001,1929170,169,CDS
5502,1929244,1929384,140,CDS
5503,1929454,1929711,257,CDS
5504,1929773,1930193,420,CDS
5505,1930592,1938106,7514,mobile_element
5506,1937700,1940040,2340,gene
5507,1937700,1940040,2340,mRNA
5508,1938491,1939954,1463,CDS
5509,1940307,1941536,1229,gene
5510,1940307,1940651,344,mRNA
5511,1940710,1941056,346,mRNA
5512,1941124,1941536,412,mRNA
5513,1940387,1940651,264,CDS
5514,1940710,1941056,346,CDS
5515,1941124,1941411,287,CDS
5516,1941940,2007956,66016,gene
5517,1941940,1942004,64,mRNA
5518,1942427,1942893,466,mRNA
5519,1953281,1953466,185,mRNA
5520,1967896,1967989,93,mRNA
5521,1976572,1976620,48,mRNA
5522,1986398,1986455,57,mRNA
5523,1992539,1994189,1650,mRNA
5524,1997582,2000405,2823,mRNA
5525,2000554,2000702,148,mRNA
5526,2000771,2002159,1388,mRNA
5527,2002232,2002353,121,mRNA
5528,2002460,2007956,5496,mRNA
5529,1941940,1942893,953,mRNA
5530,1953281,1953466,185,mRNA
5531,1967896,1967989,93,mRNA
5532,1976572,1976620,48,mRNA
5533,1986398,1986455,57,mRNA
5534,1993015,1994189,1174,mRNA
5535,1997582,2000405,2823,mRNA
5536,2000554,2000702,148,mRNA
5537,2000771,2002159,1388,mRNA
5538,2002232,2002353,121,mRNA
5539,2002460,2005462,3002,mRNA
5540,1941940,1942004,64,mRNA
5541,1942427,1942893,466,mRNA
5542,1953281,1953466,185,mRNA
5543,1967896,1967989,93,mRNA
5544,1976572,1976620,48,mRNA
5545,1986398,1986455,57,mRNA
5546,1989758,1989947,189,mRNA
5547,1997582,2000405,2823,mRNA
5548,2000554,2000702,148,mRNA
5549,2000771,2002159,1388,mRNA
5550,2002232,2002353,121,mRNA
5551,2002460,2005462,3002,mRNA
5552,1941940,1942004,64,mRNA
5553,1942427,1942893,466,mRNA
5554,1953281,1953466,185,mRNA
5555,1967896,1967989,93,mRNA
5556,1976572,1976620,48,mRNA
5557,1986398,1986455,57,mRNA
5558,1993210,1994189,979,mRNA
5559,1997582,2000405,2823,mRNA
5560,2000554,2000702,148,mRNA
5561,2000771,2002159,1388,mRNA
5562,2002232,2002353,121,mRNA
5563,2002460,2005462,3002,mRNA
5564,1941940,1942004,64,mRNA
5565,1942427,1942893,466,mRNA
5566,1953281,1953466,185,mRNA
5567,1967896,1967989,93,mRNA
5568,1976572,1976620,48,mRNA
5569,1986398,1986455,57,mRNA
5570,1997582,2000405,2823,mRNA
5571,2000554,2000702,148,mRNA
5572,2000771,2002159,1388,mRNA
5573,2002232,2002353,121,mRNA
5574,2002460,2005462,3002,mRNA
5575,1941940,1942004,64,mRNA
5576,1942427,1942893,466,mRNA
5577,1953281,1953466,185,mRNA
5578,1967896,1967989,93,mRNA
5579,1976572,1976620,48,mRNA
5580,1986398,1986455,57,mRNA
5581,1997582,2000405,2823,mRNA
5582,2000554,2000702,148,mRNA
5583,2000771,2002159,1388,mRNA
5584,2002232,2002353,121,mRNA
5585,2002460,2003552,1092,mRNA
5586,2003621,2005462,1841,mRNA
5587,1941940,1942004,64,mRNA
5588,1942427,1942893,466,mRNA
5589,1953281,1953466,185,mRNA
5590,1967896,1967989,93,mRNA
5591,1976572,1976620,48,mRNA
5592,1986398,1986455,57,mRNA
5593,1997582,2000405,2823,mRNA
5594,2000554,2000702,148,mRNA
5595,2000771,2002159,1388,mRNA
5596,2002235,2002353,118,mRNA
5597,2002460,2005462,3002,mRNA
5598,1942865,1942893,28,CDS
5599,1953281,1953466,185,CDS
5600,1967896,1967989,93,CDS
5601,1976572,1976620,48,CDS
5602,1986398,1986455,57,CDS
5603,1993210,1994189,979,CDS
5604,1997582,2000405,2823,CDS
5605,2000554,2000702,148,CDS
5606,2000771,2002159,1388,CDS
5607,2002232,2002353,121,CDS
5608,2002460,2002540,80,CDS
5609,1954941,1962823,7882,mobile_element
5610,1989923,1989947,24,CDS
5611,1997582,2000405,2823,CDS
5612,2000554,2000702,148,CDS
5613,2000771,2002159,1388,CDS
5614,2002232,2002353,121,CDS
5615,2002460,2002540,80,CDS
5616,1992300,1994189,1889,mRNA
5617,1997582,2000405,2823,mRNA
5618,2000554,2000702,148,mRNA
5619,2000771,2002159,1388,mRNA
5620,2002235,2002353,118,mRNA
5621,2002460,2005462,3002,mRNA
5622,1992300,1992735,435,mRNA
5623,1994402,1994898,496,mRNA
5624,1997582,2000405,2823,mRNA
5625,2000554,2000702,148,mRNA
5626,2000771,2002159,1388,mRNA
5627,2002235,2002353,118,mRNA
5628,2002460,2005462,3002,mRNA
5629,1993223,1994189,966,CDS
5630,1997582,2000405,2823,CDS
5631,2000554,2000702,148,CDS
5632,2000771,2002159,1388,CDS
5633,2002232,2002353,121,CDS
5634,2002460,2002540,80,CDS
5635,1993223,1994189,966,CDS
5636,1997582,2000405,2823,CDS
5637,2000554,2000702,148,CDS
5638,2000771,2002159,1388,CDS
5639,2002232,2002353,121,CDS
5640,2002460,2002540,80,CDS
5641,1993223,1994189,966,CDS
5642,1997582,2000405,2823,CDS
5643,2000554,2000702,148,CDS
5644,2000771,2002159,1388,CDS
5645,2002235,2002353,118,CDS
5646,2002460,2002540,80,CDS
5647,1994625,1994898,273,CDS
5648,1997582,2000405,2823,CDS
5649,2000554,2000702,148,CDS
5650,2000771,2002159,1388,CDS
5651,2002235,2002353,118,CDS
5652,2002460,2002540,80,CDS
5653,1997587,2000405,2818,CDS
5654,2000554,2000702,148,CDS
5655,2000771,2002159,1388,CDS
5656,2002232,2002353,121,CDS
5657,2002460,2003552,1092,CDS
5658,2003621,2004420,799,CDS
5659,1997587,2000405,2818,CDS
5660,2000554,2000702,148,CDS
5661,2000771,2002159,1388,CDS
5662,2002232,2002353,121,CDS
5663,2002460,2003572,1112,CDS
5664,1997587,2000405,2818,CDS
5665,2000554,2000702,148,CDS
5666,2000771,2002159,1388,CDS
5667,2002235,2002353,118,CDS
5668,2002460,2002540,80,CDS
5669,2007911,2009364,1453,gene
5670,2008710,2009364,654,mRNA
5671,2008514,2008631,117,mRNA
5672,2008351,2008461,110,mRNA
5673,2008129,2008289,160,mRNA
5674,2007911,2008068,157,mRNA
5675,2008710,2009296,586,CDS
5676,2008514,2008631,117,CDS
5677,2008351,2008461,110,CDS
5678,2008129,2008289,160,CDS
5679,2007978,2008068,90,CDS
5680,2009957,2010287,330,gene
5681,2009957,2010287,330,ncRNA
5682,2010300,2010417,117,gene
5683,2010300,2010417,117,precursor_RNA
5684,2010310,2010333,23,ncRNA
5685,2010385,2010406,21,ncRNA
5686,2010860,2024647,13787,gene
5687,2010860,2010960,100,mRNA
5688,2014342,2018004,3662,mRNA
5689,2018080,2018209,129,mRNA
5690,2018705,2018938,233,mRNA
5691,2019058,2019506,448,mRNA
5692,2019568,2019737,169,mRNA
5693,2019848,2021117,1269,mRNA
5694,2021172,2022652,1480,mRNA
5695,2012308,2012353,45,mRNA
5696,2014360,2018004,3644,mRNA
5697,2018080,2018086,6,mRNA
5698,2018705,2018938,233,mRNA
5699,2019058,2019506,448,mRNA
5700,2019568,2019737,169,mRNA
5701,2019848,2021117,1269,mRNA
5702,2021172,2022871,1699,mRNA
5703,2012308,2012401,93,mRNA
5704,2014342,2018004,3662,mRNA
5705,2018080,2018086,6,mRNA
5706,2018705,2018938,233,mRNA
5707,2019058,2019506,448,mRNA
5708,2019568,2019737,169,mRNA
5709,2019848,2021117,1269,mRNA
5710,2021172,2022652,1480,mRNA
5711,2012643,2012657,14,mRNA
5712,2014342,2018004,3662,mRNA
5713,2018080,2018209,129,mRNA
5714,2018705,2018938,233,mRNA
5715,2019058,2019506,448,mRNA
5716,2019568,2019737,169,mRNA
5717,2019848,2021117,1269,mRNA
5718,2021172,2024647,3475,mRNA
5719,2013121,2013206,85,mRNA
5720,2014342,2018004,3662,mRNA
5721,2018080,2018086,6,mRNA
5722,2018705,2018938,233,mRNA
5723,2019058,2019506,448,mRNA
5724,2019568,2019737,169,mRNA
5725,2019848,2021117,1269,mRNA
5726,2021172,2022871,1699,mRNA
5727,2013121,2013785,664,mRNA
5728,2014342,2018004,3662,mRNA
5729,2018080,2018086,6,mRNA
5730,2018705,2018938,233,mRNA
5731,2019040,2019506,466,mRNA
5732,2019571,2019737,166,mRNA
5733,2019848,2021117,1269,mRNA
5734,2021172,2022652,1480,mRNA
5735,2014522,2018004,3482,CDS
5736,2018080,2018209,129,CDS
5737,2018705,2018938,233,CDS
5738,2019058,2019506,448,CDS
5739,2019568,2019737,169,CDS
5740,2019848,2021117,1269,CDS
5741,2021172,2022464,1292,CDS
5742,2014522,2018004,3482,CDS
5743,2018080,2018209,129,CDS
5744,2018705,2018938,233,CDS
5745,2019058,2019506,448,CDS
5746,2019568,2019737,169,CDS
5747,2019848,2021117,1269,CDS
5748,2021172,2022464,1292,CDS
5749,2014522,2018004,3482,CDS
5750,2018080,2018086,6,CDS
5751,2018705,2018938,233,CDS
5752,2019040,2019506,466,CDS
5753,2019571,2019737,166,CDS
5754,2019848,2021117,1269,CDS
5755,2021172,2022464,1292,CDS
5756,2014522,2018004,3482,CDS
5757,2018080,2018086,6,CDS
5758,2018705,2018938,233,CDS
5759,2019058,2019506,448,CDS
5760,2019568,2019737,169,CDS
5761,2019848,2021117,1269,CDS
5762,2021172,2022464,1292,CDS
5763,2014522,2018004,3482,CDS
5764,2018080,2018086,6,CDS
5765,2018705,2018938,233,CDS
5766,2019058,2019506,448,CDS
5767,2019568,2019737,169,CDS
5768,2019848,2021117,1269,CDS
5769,2021172,2022464,1292,CDS
5770,2014522,2018004,3482,CDS
5771,2018080,2018086,6,CDS
5772,2018705,2018938,233,CDS
5773,2019058,2019506,448,CDS
5774,2019568,2019737,169,CDS
5775,2019848,2021117,1269,CDS
5776,2021172,2022464,1292,CDS
5777,2023822,2042311,18489,gene
5778,2042047,2042311,264,mRNA
5779,2034955,2035198,243,mRNA
5780,2030443,2030859,416,mRNA
5781,2030215,2030368,153,mRNA
5782,2029775,2029926,151,mRNA
5783,2027935,2028027,92,mRNA
5784,2027521,2027871,350,mRNA
5785,2027284,2027462,178,mRNA
5786,2025775,2026909,1134,mRNA
5787,2023822,2025699,1877,mRNA
5788,2042047,2042311,264,mRNA
5789,2034955,2035201,246,mRNA
5790,2030443,2030859,416,mRNA
5791,2030215,2030368,153,mRNA
5792,2028665,2028750,85,mRNA
5793,2027935,2028027,92,mRNA
5794,2027521,2027871,350,mRNA
5795,2027284,2027462,178,mRNA
5796,2027184,2027189,5,mRNA
5797,2025775,2026909,1134,mRNA
5798,2024756,2025699,943,mRNA
5799,2042047,2042311,264,mRNA
5800,2034955,2035201,246,mRNA
5801,2030443,2030859,416,mRNA
5802,2030215,2030368,153,mRNA
5803,2028665,2028750,85,mRNA
5804,2027935,2028027,92,mRNA
5805,2027521,2027871,350,mRNA
5806,2027284,2027462,178,mRNA
5807,2025775,2026909,1134,mRNA
5808,2025116,2025699,583,mRNA
5809,2042047,2042311,264,mRNA
5810,2034955,2035201,246,mRNA
5811,2030443,2030859,416,mRNA
5812,2030215,2030368,153,mRNA
5813,2029841,2029926,85,mRNA
5814,2027935,2028027,92,mRNA
5815,2027521,2027871,350,mRNA
5816,2027284,2027462,178,mRNA
5817,2025775,2026909,1134,mRNA
5818,2025116,2025699,583,mRNA
5819,2036581,2036619,38,mRNA
5820,2034955,2035201,246,mRNA
5821,2030443,2030859,416,mRNA
5822,2030215,2030368,153,mRNA
5823,2029775,2029926,151,mRNA
5824,2027935,2028027,92,mRNA
5825,2027521,2027871,350,mRNA
5826,2027284,2027462,178,mRNA
5827,2025775,2026909,1134,mRNA
5828,2025116,2025699,583,mRNA
5829,2036407,2036466,59,mRNA
5830,2034955,2035195,240,mRNA
5831,2030443,2030859,416,mRNA
5832,2030215,2030368,153,mRNA
5833,2029775,2029926,151,mRNA
5834,2027935,2028027,92,mRNA
5835,2027521,2027871,350,mRNA
5836,2027284,2027462,178,mRNA
5837,2025775,2026909,1134,mRNA
5838,2025116,2025699,583,mRNA
5839,2036407,2036466,59,mRNA
5840,2034955,2035198,243,mRNA
5841,2030443,2030859,416,mRNA
5842,2030215,2030368,153,mRNA
5843,2029775,2029926,151,mRNA
5844,2027935,2028027,92,mRNA
5845,2027521,2027871,350,mRNA
5846,2027284,2027462,178,mRNA
5847,2025775,2026909,1134,mRNA
5848,2025116,2025699,583,mRNA
5849,2036407,2036466,59,mRNA
5850,2034955,2035201,246,mRNA
5851,2030443,2030859,416,mRNA
5852,2030215,2030368,153,mRNA
5853,2029841,2029926,85,mRNA
5854,2027935,2028027,92,mRNA
5855,2027521,2027871,350,mRNA
5856,2027284,2027462,178,mRNA
5857,2025775,2026909,1134,mRNA
5858,2025116,2025699,583,mRNA
5859,2036407,2036466,59,mRNA
5860,2034955,2035411,456,mRNA
5861,2030443,2030859,416,mRNA
5862,2030215,2030368,153,mRNA
5863,2029841,2029926,85,mRNA
5864,2027935,2028027,92,mRNA
5865,2027521,2027871,350,mRNA
5866,2027284,2027462,178,mRNA
5867,2025775,2026909,1134,mRNA
5868,2025116,2025699,583,mRNA
5869,2034955,2035068,113,CDS
5870,2030443,2030859,416,CDS
5871,2030215,2030368,153,CDS
5872,2028665,2028750,85,CDS
5873,2027935,2028027,92,CDS
5874,2027521,2027871,350,CDS
5875,2027284,2027462,178,CDS
5876,2025775,2026909,1134,CDS
5877,2025541,2025699,158,CDS
5878,2034955,2035068,113,CDS
5879,2030443,2030859,416,CDS
5880,2030215,2030368,153,CDS
5881,2028665,2028750,85,CDS
5882,2027935,2028027,92,CDS
5883,2027521,2027871,350,CDS
5884,2027284,2027462,178,CDS
5885,2027184,2027189,5,CDS
5886,2025775,2026909,1134,CDS
5887,2025541,2025699,158,CDS
5888,2034955,2035068,113,CDS
5889,2030443,2030859,416,CDS
5890,2030215,2030368,153,CDS
5891,2029841,2029926,85,CDS
5892,2027935,2028027,92,CDS
5893,2027521,2027871,350,CDS
5894,2027284,2027462,178,CDS
5895,2025775,2026909,1134,CDS
5896,2025541,2025699,158,CDS
5897,2034955,2035068,113,CDS
5898,2030443,2030859,416,CDS
5899,2030215,2030368,153,CDS
5900,2029841,2029926,85,CDS
5901,2027935,2028027,92,CDS
5902,2027521,2027871,350,CDS
5903,2027284,2027462,178,CDS
5904,2025775,2026909,1134,CDS
5905,2025541,2025699,158,CDS
5906,2034955,2035068,113,CDS
5907,2030443,2030859,416,CDS
5908,2030215,2030368,153,CDS
5909,2029841,2029926,85,CDS
5910,2027935,2028027,92,CDS
5911,2027521,2027871,350,CDS
5912,2027284,2027462,178,CDS
5913,2025775,2026909,1134,CDS
5914,2025541,2025699,158,CDS
5915,2034955,2035068,113,CDS
5916,2030443,2030859,416,CDS
5917,2030215,2030368,153,CDS
5918,2029775,2029926,151,CDS
5919,2027935,2028027,92,CDS
5920,2027521,2027871,350,CDS
5921,2027284,2027462,178,CDS
5922,2025775,2026909,1134,CDS
5923,2025541,2025699,158,CDS
5924,2034955,2035068,113,CDS
5925,2030443,2030859,416,CDS
5926,2030215,2030368,153,CDS
5927,2029775,2029926,151,CDS
5928,2027935,2028027,92,CDS
5929,2027521,2027871,350,CDS
5930,2027284,2027462,178,CDS
5931,2025775,2026909,1134,CDS
5932,2025541,2025699,158,CDS
5933,2034955,2035068,113,CDS
5934,2030443,2030859,416,CDS
5935,2030215,2030368,153,CDS
5936,2029775,2029926,151,CDS
5937,2027935,2028027,92,CDS
5938,2027521,2027871,350,CDS
5939,2027284,2027462,178,CDS
5940,2025775,2026909,1134,CDS
5941,2025541,2025699,158,CDS
5942,2034955,2035068,113,CDS
5943,2030443,2030859,416,CDS
5944,2030215,2030368,153,CDS
5945,2029775,2029926,151,CDS
5946,2027935,2028027,92,CDS
5947,2027521,2027871,350,CDS
5948,2027284,2027462,178,CDS
5949,2025775,2026909,1134,CDS
5950,2025541,2025699,158,CDS
5951,2029004,2029094,90,gene
5952,2029004,2029094,90,precursor_RNA
5953,2029024,2029044,20,ncRNA
5954,2029057,2029078,21,ncRNA
5955,2038798,2042311,3513,gene
5956,2042047,2042311,264,mRNA
5957,2041461,2041644,183,mRNA
5958,2038798,2041386,2588,mRNA
5959,2038798,2041312,2514,mRNA
5960,2039387,2040913,1526,CDS
5961,2039387,2040913,1526,CDS
5962,2041868,2055414,13546,gene
5963,2041868,2042147,279,mRNA
5964,2042217,2042352,135,mRNA
5965,2053817,2054440,623,mRNA
5966,2054504,2055414,910,mRNA
5967,2041868,2042077,209,mRNA
5968,2042217,2042352,135,mRNA
5969,2051795,2051934,139,mRNA
5970,2053817,2054440,623,mRNA
5971,2054504,2055414,910,mRNA
5972,2042730,2043818,1088,gene
5973,2043606,2043818,212,mRNA
5974,2042730,2043413,683,mRNA
5975,2043606,2043818,212,mRNA
5976,2043044,2043413,369,mRNA
5977,2043606,2043727,121,CDS
5978,2043059,2043413,354,CDS
5979,2043606,2043727,121,CDS
5980,2043059,2043413,354,CDS
5981,2044292,2050120,5828,gene
5982,2049196,2050120,924,mRNA
5983,2047558,2047647,89,mRNA
5984,2047051,2047191,140,mRNA
5985,2046016,2046983,967,mRNA
5986,2044292,2045947,1655,mRNA
5987,2049196,2050120,924,mRNA
5988,2047558,2047647,89,mRNA
5989,2047051,2047191,140,mRNA
5990,2046016,2046983,967,mRNA
5991,2044292,2045949,1657,mRNA
5992,2048316,2048395,79,mRNA
5993,2047558,2047647,89,mRNA
5994,2047051,2047191,140,mRNA
5995,2046016,2046983,967,mRNA
5996,2044292,2045949,1657,mRNA
5997,2048312,2048395,83,mRNA
5998,2047558,2047647,89,mRNA
5999,2047051,2047191,140,mRNA
6000,2046016,2046983,967,mRNA
6001,2044292,2045947,1655,mRNA
6002,2048312,2048395,83,mRNA
6003,2047558,2047647,89,mRNA
6004,2047051,2047191,140,mRNA
6005,2046016,2046983,967,mRNA
6006,2044292,2045949,1657,mRNA
6007,2048239,2048395,156,mRNA
6008,2047558,2047647,89,mRNA
6009,2047051,2047191,140,mRNA
6010,2046016,2046983,967,mRNA
6011,2044292,2045949,1657,mRNA
6012,2047558,2047646,88,CDS
6013,2047051,2047191,140,CDS
6014,2046016,2046983,967,CDS
6015,2045135,2045949,814,CDS
6016,2047558,2047646,88,CDS
6017,2047051,2047191,140,CDS
6018,2046016,2046983,967,CDS
6019,2045135,2045949,814,CDS
6020,2047558,2047646,88,CDS
6021,2047051,2047191,140,CDS
6022,2046016,2046983,967,CDS
6023,2045135,2045949,814,CDS
6024,2047558,2047646,88,CDS
6025,2047051,2047191,140,CDS
6026,2046016,2046983,967,CDS
6027,2045135,2045949,814,CDS
6028,2047558,2047646,88,CDS
6029,2047051,2047191,140,CDS
6030,2046016,2046983,967,CDS
6031,2045244,2045947,703,CDS
6032,2047558,2047646,88,CDS
6033,2047051,2047191,140,CDS
6034,2046016,2046983,967,CDS
6035,2045244,2045947,703,CDS
6036,2052684,2053305,621,mRNA
6037,2053817,2054440,623,mRNA
6038,2054504,2055414,910,mRNA
6039,2052746,2053305,559,CDS
6040,2053817,2054440,623,CDS
6041,2054504,2054945,441,CDS
6042,2053845,2054440,595,CDS
6043,2054504,2054945,441,CDS
6044,2053845,2054440,595,CDS
6045,2054504,2054945,441,CDS
6046,2055310,2061915,6605,gene
6047,2061622,2061915,293,mRNA
6048,2060099,2060844,745,mRNA
6049,2059965,2060028,63,mRNA
6050,2059475,2059761,286,mRNA
6051,2058321,2059418,1097,mRNA
6052,2057984,2058265,281,mRNA
6053,2057829,2057923,94,mRNA
6054,2056120,2057767,1647,mRNA
6055,2055310,2056025,715,mRNA
6056,2060099,2060713,614,CDS
6057,2059965,2060028,63,CDS
6058,2059475,2059761,286,CDS
6059,2058321,2059418,1097,CDS
6060,2057984,2058265,281,CDS
6061,2057829,2057923,94,CDS
6062,2056120,2057767,1647,CDS
6063,2055918,2056025,107,CDS
6064,2055948,2056425,477,gene
6065,2055948,2056056,108,ncRNA
6066,2056111,2056425,314,ncRNA
6067,2062313,2065142,2829,gene
6068,2064874,2065142,268,mRNA
6069,2064547,2064820,273,mRNA
6070,2062947,2064488,1541,mRNA
6071,2062313,2062891,578,mRNA
6072,2064874,2064991,117,CDS
6073,2064547,2064820,273,CDS
6074,2062947,2064488,1541,CDS
6075,2062735,2062891,156,CDS
6076,2065273,2066359,1086,gene
6077,2066149,2066359,210,mRNA
6078,2065945,2066088,143,mRNA
6079,2065758,2065891,133,mRNA
6080,2065273,2065703,430,mRNA
6081,2066149,2066238,89,CDS
6082,2065945,2066088,143,CDS
6083,2065758,2065891,133,CDS
6084,2065454,2065703,249,CDS
6085,2065455,2066106,651,gene
6086,2065455,2065744,289,ncRNA
6087,2065817,2066106,289,ncRNA
6088,2066435,2073483,7048,gene
6089,2073377,2073483,106,mRNA
6090,2071360,2071580,220,mRNA
6091,2066435,2068423,1988,mRNA
6092,2073117,2073427,310,mRNA
6093,2071360,2071580,220,mRNA
6094,2066435,2068423,1988,mRNA
6095,2072550,2072695,145,mRNA
6096,2071360,2071580,220,mRNA
6097,2066435,2068423,1988,mRNA
6098,2071840,2072065,225,mRNA
6099,2071360,2071580,220,mRNA
6100,2066435,2068423,1988,mRNA
6101,2071360,2071836,476,mRNA
6102,2066435,2068423,1988,mRNA
6103,2071639,2071799,160,mRNA
6104,2071360,2071580,220,mRNA
6105,2066435,2068423,1988,mRNA
6106,2070467,2070574,107,mRNA
6107,2066435,2068423,1988,mRNA
6108,2071360,2071426,66,CDS
6109,2066709,2068423,1714,CDS
6110,2071360,2071426,66,CDS
6111,2066709,2068423,1714,CDS
6112,2071360,2071426,66,CDS
6113,2066709,2068423,1714,CDS
6114,2071360,2071426,66,CDS
6115,2066709,2068423,1714,CDS
6116,2071360,2071426,66,CDS
6117,2066709,2068423,1714,CDS
6118,2071360,2071426,66,CDS
6119,2066709,2068423,1714,CDS
6120,2066709,2068367,1658,CDS
6121,2068592,2069688,1096,gene
6122,2068592,2069688,1096,mRNA
6123,2068607,2069401,794,CDS
6124,2071710,2072189,479,gene
6125,2071710,2072189,479,ncRNA
6126,2072413,2074890,2477,gene
6127,2072413,2072725,312,mRNA
6128,2073134,2074890,1756,mRNA
6129,2072413,2072697,284,mRNA
6130,2073134,2074890,1756,mRNA
6131,2073711,2074796,1085,CDS
6132,2073711,2074796,1085,CDS
6133,2074795,2075900,1105,gene
6134,2075669,2075900,231,mRNA
6135,2075207,2075618,411,mRNA
6136,2075038,2075139,101,mRNA
6137,2074795,2074971,176,mRNA
6138,2075669,2075820,151,CDS
6139,2075207,2075618,411,CDS
6140,2075038,2075139,101,CDS
6141,2074867,2074971,104,CDS
6142,2076966,2078455,1489,gene
6143,2076966,2077147,181,mRNA
6144,2077218,2077339,121,mRNA
6145,2077452,2077839,387,mRNA
6146,2077908,2078455,547,mRNA
6147,2077083,2077147,64,CDS
6148,2077218,2077339,121,CDS
6149,2077452,2077839,387,CDS
6150,2077908,2078073,165,CDS
6151,2078343,2080405,2062,gene
6152,2079715,2080405,690,mRNA
6153,2078832,2079644,812,mRNA
6154,2078343,2078774,431,mRNA
6155,2079715,2080298,583,CDS
6156,2078832,2079644,812,CDS
6157,2078489,2078774,285,CDS
6158,2080610,2093948,13338,gene
6159,2080610,2081659,1049,mRNA
6160,2090969,2091450,481,mRNA
6161,2091518,2091733,215,mRNA
6162,2091802,2091891,89,mRNA
6163,2091962,2093948,1986,mRNA
6164,2080610,2081659,1049,mRNA
6165,2090969,2091450,481,mRNA
6166,2091518,2091733,215,mRNA
6167,2091802,2091891,89,mRNA
6168,2091962,2093093,1131,mRNA
6169,2080610,2080634,24,mRNA
6170,2080745,2081659,914,mRNA
6171,2090969,2091450,481,mRNA
6172,2091518,2091733,215,mRNA
6173,2091802,2091891,89,mRNA
6174,2091962,2093093,1131,mRNA
6175,2081106,2081659,553,CDS
6176,2090969,2091450,481,CDS
6177,2091518,2091733,215,CDS
6178,2091802,2091891,89,CDS
6179,2091962,2092044,82,CDS
6180,2081106,2081659,553,CDS
6181,2090969,2091450,481,CDS
6182,2091518,2091733,215,CDS
6183,2091802,2091891,89,CDS
6184,2091962,2092044,82,CDS
6185,2081106,2081659,553,CDS
6186,2090969,2091450,481,CDS
6187,2091518,2091733,215,CDS
6188,2091802,2091891,89,CDS
6189,2091962,2092044,82,CDS
6190,2089336,2089606,270,mRNA
6191,2090969,2091450,481,mRNA
6192,2091518,2091733,215,mRNA
6193,2091802,2091891,89,mRNA
6194,2091962,2093093,1131,mRNA
6195,2090970,2091450,480,CDS
6196,2091518,2091733,215,CDS
6197,2091802,2091891,89,CDS
6198,2091962,2092044,82,CDS
6199,2094234,2115701,21467,gene
6200,2094234,2094940,706,mRNA
6201,2095010,2095197,187,mRNA
6202,2095270,2095396,126,mRNA
6203,2108380,2108542,162,mRNA
6204,2109235,2109414,179,mRNA
6205,2109483,2109600,117,mRNA
6206,2109729,2110666,937,mRNA
6207,2110745,2110835,90,mRNA
6208,2110950,2111139,189,mRNA
6209,2111205,2111623,418,mRNA
6210,2111704,2115701,3997,mRNA
6211,2094234,2094418,184,mRNA
6212,2095010,2095197,187,mRNA
6213,2095270,2095396,126,mRNA
6214,2108380,2108542,162,mRNA
6215,2109235,2109414,179,mRNA
6216,2109483,2109600,117,mRNA
6217,2109729,2110666,937,mRNA
6218,2110745,2110835,90,mRNA
6219,2110950,2111139,189,mRNA
6220,2111205,2111623,418,mRNA
6221,2111704,2113664,1960,mRNA
6222,2094405,2094418,13,CDS
6223,2095010,2095197,187,CDS
6224,2095270,2095396,126,CDS
6225,2108380,2108542,162,CDS
6226,2109235,2109414,179,CDS
6227,2109483,2109600,117,CDS
6228,2109729,2110666,937,CDS
6229,2110745,2110835,90,CDS
6230,2110950,2111139,189,CDS
6231,2111205,2111623,418,CDS
6232,2111704,2111801,97,CDS
6233,2094768,2094940,172,CDS
6234,2095010,2095197,187,CDS
6235,2095270,2095396,126,CDS
6236,2108380,2108542,162,CDS
6237,2109235,2109414,179,CDS
6238,2109483,2109600,117,CDS
6239,2109729,2110666,937,CDS
6240,2110745,2110835,90,CDS
6241,2110950,2111139,189,CDS
6242,2111205,2111623,418,CDS
6243,2111704,2111801,97,CDS
6244,2101927,2102025,98,gene
6245,2101927,2102025,98,ncRNA
6246,2102289,2103775,1486,mRNA
6247,2108380,2108542,162,mRNA
6248,2109235,2109414,179,mRNA
6249,2109483,2109600,117,mRNA
6250,2109729,2110666,937,mRNA
6251,2110745,2110835,90,mRNA
6252,2110950,2111139,189,mRNA
6253,2111205,2115701,4496,mRNA
6254,2103147,2103775,628,CDS
6255,2108380,2108542,162,CDS
6256,2109235,2109414,179,CDS
6257,2109483,2109600,117,CDS
6258,2109729,2110666,937,CDS
6259,2110745,2110835,90,CDS
6260,2110950,2111139,189,CDS
6261,2111205,2111733,528,CDS
6262,2108249,2108294,45,mRNA
6263,2108380,2108542,162,mRNA
6264,2109235,2109414,179,mRNA
6265,2109483,2109600,117,mRNA
6266,2109729,2110666,937,mRNA
6267,2110745,2110835,90,mRNA
6268,2110950,2111139,189,mRNA
6269,2111205,2111623,418,mRNA
6270,2111704,2113664,1960,mRNA
6271,2108528,2108542,14,CDS
6272,2109235,2109414,179,CDS
6273,2109483,2109600,117,CDS
6274,2109729,2110666,937,CDS
6275,2110745,2110835,90,CDS
6276,2110950,2111139,189,CDS
6277,2111205,2111623,418,CDS
6278,2111704,2111801,97,CDS
6279,2115727,2123286,7559,gene
6280,2122982,2123286,304,mRNA
6281,2120063,2121624,1561,mRNA
6282,2119551,2120001,450,mRNA
6283,2117681,2119491,1810,mRNA
6284,2115727,2117617,1890,mRNA
6285,2121687,2121792,105,mRNA
6286,2120063,2121624,1561,mRNA
6287,2119551,2120001,450,mRNA
6288,2117681,2119491,1810,mRNA
6289,2115727,2117617,1890,mRNA
6290,2121687,2121724,37,CDS
6291,2120063,2121624,1561,CDS
6292,2119551,2120001,450,CDS
6293,2117681,2119491,1810,CDS
6294,2116866,2117617,751,CDS
6295,2120063,2121128,1065,CDS
6296,2119551,2120001,450,CDS
6297,2117681,2119491,1810,CDS
6298,2116866,2117617,751,CDS
6299,2126210,2138371,12161,gene
6300,2137658,2138371,713,mRNA
6301,2129979,2131726,1747,mRNA
6302,2129467,2129917,450,mRNA
6303,2127624,2129407,1783,mRNA
6304,2126210,2127560,1350,mRNA
6305,2136466,2136855,389,mRNA
6306,2129979,2131726,1747,mRNA
6307,2129467,2129917,450,mRNA
6308,2127624,2129407,1783,mRNA
6309,2126210,2127560,1350,mRNA
6310,2136456,2136622,166,mRNA
6311,2136017,2136210,193,mRNA
6312,2129979,2131726,1747,mRNA
6313,2129467,2129917,450,mRNA
6314,2127624,2129407,1783,mRNA
6315,2126210,2127560,1350,mRNA
6316,2136017,2136622,605,mRNA
6317,2129979,2131726,1747,mRNA
6318,2129467,2129917,450,mRNA
6319,2127624,2129407,1783,mRNA
6320,2126210,2127560,1350,mRNA
6321,2136017,2136051,34,CDS
6322,2129979,2131726,1747,CDS
6323,2129467,2129917,450,CDS
6324,2127624,2129407,1783,CDS
6325,2126809,2127560,751,CDS
6326,2129979,2131032,1053,CDS
6327,2129467,2129917,450,CDS
6328,2127624,2129407,1783,CDS
6329,2126809,2127560,751,CDS
6330,2129979,2131032,1053,CDS
6331,2129467,2129917,450,CDS
6332,2127624,2129407,1783,CDS
6333,2126809,2127560,751,CDS
6334,2129979,2131032,1053,CDS
6335,2129467,2129917,450,CDS
6336,2127624,2129407,1783,CDS
6337,2126809,2127560,751,CDS
6338,2132105,2133550,1445,mobile_element
6339,2141489,2144937,3448,gene
6340,2141489,2141606,117,mRNA
6341,2141899,2142002,103,mRNA
6342,2142992,2143248,256,mRNA
6343,2143311,2143452,141,mRNA
6344,2143527,2144220,693,mRNA
6345,2144287,2144937,650,mRNA
6346,2141489,2141606,117,mRNA
6347,2142992,2143248,256,mRNA
6348,2143311,2143452,141,mRNA
6349,2143527,2144220,693,mRNA
6350,2144287,2144937,650,mRNA
6351,2142687,2142929,242,mRNA
6352,2142992,2143248,256,mRNA
6353,2143311,2143452,141,mRNA
6354,2143527,2144220,693,mRNA
6355,2144287,2144937,650,mRNA
6356,2143057,2143248,191,CDS
6357,2143311,2143452,141,CDS
6358,2143527,2144220,693,CDS
6359,2144287,2144860,573,CDS
6360,2143057,2143248,191,CDS
6361,2143311,2143452,141,CDS
6362,2143527,2144220,693,CDS
6363,2144287,2144860,573,CDS
6364,2143057,2143248,191,CDS
6365,2143311,2143452,141,CDS
6366,2143527,2144220,693,CDS
6367,2144287,2144860,573,CDS
6368,2145136,2148566,3430,gene
6369,2145136,2145414,278,mRNA
6370,2145490,2145713,223,mRNA
6371,2147175,2148566,1391,mRNA
6372,2145363,2145414,51,mRNA
6373,2145490,2145713,223,mRNA
6374,2147175,2148566,1391,mRNA
6375,2145407,2145414,7,CDS
6376,2145490,2145713,223,CDS
6377,2147175,2148388,1213,CDS
6378,2145407,2145414,7,CDS
6379,2145490,2145713,223,CDS
6380,2147175,2148388,1213,CDS
6381,2148463,2149647,1184,gene
6382,2149402,2149647,245,mRNA
6383,2149221,2149341,120,mRNA
6384,2148463,2148843,380,mRNA
6385,2149402,2149481,79,CDS
6386,2149221,2149341,120,CDS
6387,2148766,2148843,77,CDS
6388,2149936,2158983,9047,gene
6389,2158293,2158983,690,mRNA
6390,2156389,2157513,1124,mRNA
6391,2153114,2155726,2612,mRNA
6392,2151917,2152759,842,mRNA
6393,2151677,2151846,169,mRNA
6394,2151523,2151611,88,mRNA
6395,2151272,2151462,190,mRNA
6396,2149936,2151152,1216,mRNA
6397,2158293,2158983,690,mRNA
6398,2156389,2157513,1124,mRNA
6399,2153114,2155726,2612,mRNA
6400,2151917,2152759,842,mRNA
6401,2151677,2151846,169,mRNA
6402,2151523,2151611,88,mRNA
6403,2151272,2151462,190,mRNA
6404,2150107,2151152,1045,mRNA
6405,2155788,2155902,114,mRNA
6406,2153114,2155726,2612,mRNA
6407,2151917,2152759,842,mRNA
6408,2151677,2151846,169,mRNA
6409,2151523,2151611,88,mRNA
6410,2151272,2151462,190,mRNA
6411,2150107,2151152,1045,mRNA
6412,2156389,2157432,1043,CDS
6413,2153114,2155726,2612,CDS
6414,2151917,2152759,842,CDS
6415,2151677,2151846,169,CDS
6416,2151523,2151611,88,CDS
6417,2151272,2151462,190,CDS
6418,2150877,2151152,275,CDS
6419,2156389,2157432,1043,CDS
6420,2153114,2155726,2612,CDS
6421,2151917,2152759,842,CDS
6422,2151677,2151846,169,CDS
6423,2151523,2151611,88,CDS
6424,2151272,2151462,190,CDS
6425,2150877,2151152,275,CDS
6426,2153114,2154823,1709,CDS
6427,2151917,2152759,842,CDS
6428,2151677,2151846,169,CDS
6429,2151523,2151611,88,CDS
6430,2151272,2151462,190,CDS
6431,2150877,2151152,275,CDS
6432,2159145,2162180,3035,gene
6433,2161581,2162180,599,mRNA
6434,2159625,2160248,623,mRNA
6435,2159145,2159564,419,mRNA
6436,2160383,2161023,640,mRNA
6437,2159625,2160248,623,mRNA
6438,2159145,2159564,419,mRNA
6439,2161581,2162118,537,CDS
6440,2159625,2160248,623,CDS
6441,2159215,2159564,349,CDS
6442,2160383,2160947,564,CDS
6443,2159625,2160248,623,CDS
6444,2159215,2159564,349,CDS
6445,2162196,2172281,10085,gene
6446,2162196,2162278,82,mRNA
6447,2168069,2168233,164,mRNA
6448,2170789,2171085,296,mRNA
6449,2171155,2172281,1126,mRNA
6450,2166809,2167167,358,mRNA
6451,2168069,2168233,164,mRNA
6452,2170789,2171085,296,mRNA
6453,2171155,2172281,1126,mRNA
6454,2166809,2167167,358,mRNA
6455,2170789,2171085,296,mRNA
6456,2171155,2172281,1126,mRNA
6457,2166809,2166842,33,mRNA
6458,2167005,2167167,162,mRNA
6459,2168069,2168233,164,mRNA
6460,2170789,2171085,296,mRNA
6461,2171155,2172281,1126,mRNA
6462,2168189,2168233,44,CDS
6463,2170789,2171085,296,CDS
6464,2171155,2171928,773,CDS
6465,2168189,2168233,44,CDS
6466,2170789,2171085,296,CDS
6467,2171155,2171928,773,CDS
6468,2168189,2168233,44,CDS
6469,2170789,2171085,296,CDS
6470,2171155,2171928,773,CDS
6471,2170816,2171085,269,CDS
6472,2171155,2171928,773,CDS
6473,2171086,2171154,68,gene
6474,2171086,2171154,68,precursor_RNA
6475,2171086,2171105,19,ncRNA
6476,2171128,2171149,21,ncRNA
6477,2172526,2173432,906,gene
6478,2172526,2172705,179,mRNA
6479,2172806,2173432,626,mRNA
6480,2172526,2172705,179,mRNA
6481,2172806,2173137,331,mRNA
6482,2172643,2172705,62,CDS
6483,2172806,2173054,248,CDS
6484,2172643,2172705,62,CDS
6485,2172806,2173054,248,CDS
6486,2173415,2175315,1900,gene
6487,2175074,2175315,241,mRNA
6488,2174464,2174920,456,mRNA
6489,2173415,2174400,985,mRNA
6490,2175065,2175315,250,mRNA
6491,2174464,2174920,456,mRNA
6492,2173415,2174400,985,mRNA
6493,2173480,2175855,2375,gene
6494,2173480,2175855,2375,ncRNA
6495,2175074,2175236,162,CDS
6496,2174464,2174920,456,CDS
6497,2173497,2174400,903,CDS
6498,2175065,2175236,171,CDS
6499,2174464,2174920,456,CDS
6500,2173497,2174400,903,CDS
6501,2175817,2180816,4999,gene
6502,2180391,2180816,425,ncRNA
6503,2179809,2180336,527,ncRNA
6504,2178787,2179760,973,ncRNA
6505,2175817,2178697,2880,ncRNA
6506,2176006,2178728,2722,gene
6507,2176006,2177063,1057,mRNA
6508,2177151,2177537,386,mRNA
6509,2177594,2177663,69,mRNA
6510,2177721,2178280,559,mRNA
6511,2178337,2178728,391,mRNA
6512,2176891,2177063,172,mRNA
6513,2177151,2177537,386,mRNA
6514,2177594,2177663,69,mRNA
6515,2177721,2178280,559,mRNA
6516,2178337,2178728,391,mRNA
6517,2176907,2177063,156,CDS
6518,2177151,2177537,386,CDS
6519,2177594,2177663,69,CDS
6520,2177721,2178280,559,CDS
6521,2178337,2178668,331,CDS
6522,2176907,2177063,156,CDS
6523,2177151,2177537,386,CDS
6524,2177594,2177663,69,CDS
6525,2177721,2178280,559,CDS
6526,2178337,2178668,331,CDS
6527,2179007,2180998,1991,gene
6528,2179007,2179262,255,mRNA
6529,2179317,2179770,453,mRNA
6530,2179826,2180358,532,mRNA
6531,2180420,2180998,578,mRNA
6532,2179097,2179262,165,CDS
6533,2179317,2179770,453,CDS
6534,2179826,2180358,532,CDS
6535,2180420,2180757,337,CDS
6536,2181211,2182916,1705,gene
6537,2181211,2181347,136,mRNA
6538,2181416,2182916,1500,mRNA
6539,2181300,2181347,47,CDS
6540,2181416,2182585,1169,CDS
6541,2182818,2184668,1850,gene
6542,2183610,2184668,1058,mRNA
6543,2182818,2183549,731,mRNA
6544,2183610,2184538,928,CDS
6545,2182913,2183549,636,CDS
6546,2184725,2185258,533,gene
6547,2184725,2185258,533,mRNA
6548,2184887,2185258,371,mRNA
6549,2184965,2185177,212,CDS
6550,2184965,2185177,212,CDS
6551,2186855,2187741,886,gene
6552,2186855,2186940,85,mRNA
6553,2187148,2187741,593,mRNA
6554,2186855,2186940,85,mRNA
6555,2187148,2187622,474,mRNA
6556,2186929,2186940,11,CDS
6557,2187148,2187468,320,CDS
6558,2186929,2186940,11,CDS
6559,2187148,2187468,320,CDS
6560,2187820,2188919,1099,gene
6561,2187820,2188919,1099,mRNA
6562,2187820,2188710,890,mRNA
6563,2187897,2188475,578,CDS
6564,2187897,2188475,578,CDS
6565,2189188,2205373,16185,gene
6566,2189188,2189429,241,mRNA
6567,2198632,2198943,311,mRNA
6568,2199820,2199939,119,mRNA
6569,2200005,2200606,601,mRNA
6570,2200675,2200869,194,mRNA
6571,2200936,2201061,125,mRNA
6572,2204107,2204437,330,mRNA
6573,2204509,2204709,200,mRNA
6574,2204765,2205373,608,mRNA
6575,2191639,2193909,2270,gene
6576,2193478,2193909,431,mRNA
6577,2191639,2192972,1333,mRNA
6578,2191951,2193059,1108,mRNA
6579,2192278,2192970,692,CDS
6580,2192278,2192970,692,CDS
6581,2194581,2195039,458,mRNA
6582,2198632,2198943,311,mRNA
6583,2199820,2199939,119,mRNA
6584,2200005,2200606,601,mRNA
6585,2200675,2200869,194,mRNA
6586,2200936,2201061,125,mRNA
6587,2204107,2204437,330,mRNA
6588,2204509,2204709,200,mRNA
6589,2204765,2205373,608,mRNA
6590,2198802,2198943,141,CDS
6591,2199820,2199939,119,CDS
6592,2200005,2200606,601,CDS
6593,2200675,2200869,194,CDS
6594,2200936,2201061,125,CDS
6595,2204107,2204437,330,CDS
6596,2204509,2204709,200,CDS
6597,2204765,2204928,163,CDS
6598,2198802,2198943,141,CDS
6599,2199820,2199939,119,CDS
6600,2200005,2200606,601,CDS
6601,2200675,2200869,194,CDS
6602,2200936,2201061,125,CDS
6603,2204107,2204437,330,CDS
6604,2204509,2204709,200,CDS
6605,2204765,2204928,163,CDS
6606,2200623,2201857,1234,gene
6607,2201254,2201857,603,ncRNA
6608,2201135,2201203,68,ncRNA
6609,2200623,2201066,443,ncRNA
6610,2201820,2203866,2046,gene
6611,2203289,2203866,577,mRNA
6612,2203133,2203221,88,mRNA
6613,2202899,2203008,109,mRNA
6614,2202273,2202843,570,mRNA
6615,2202060,2202206,146,mRNA
6616,2201820,2202005,185,mRNA
6617,2203289,2203795,506,CDS
6618,2203133,2203221,88,CDS
6619,2202899,2203008,109,CDS
6620,2202273,2202843,570,CDS
6621,2202060,2202206,146,CDS
6622,2201915,2202005,90,CDS
6623,2205515,2213809,8294,gene
6624,2207534,2208678,1144,mRNA
6625,2205515,2206463,948,mRNA
6626,2212867,2213809,942,mRNA
6627,2205860,2206463,603,mRNA
6628,2212390,2212466,76,mRNA
6629,2205860,2206463,603,mRNA
6630,2207534,2208678,1144,mRNA
6631,2205860,2206463,603,mRNA
6632,2212867,2213775,908,CDS
6633,2206026,2206463,437,CDS
6634,2212390,2212428,38,CDS
6635,2206026,2206463,437,CDS
6636,2207534,2208484,950,CDS
6637,2206026,2206463,437,CDS
6638,2207534,2208484,950,CDS
6639,2206026,2206463,437,CDS
6640,2214347,2222567,8220,gene
6641,2222473,2222567,94,mRNA
6642,2220373,2220524,151,mRNA
6643,2215905,2218095,2190,mRNA
6644,2215713,2215843,130,mRNA
6645,2215255,2215653,398,mRNA
6646,2214347,2215122,775,mRNA
6647,2222232,2222348,116,mRNA
6648,2220373,2220524,151,mRNA
6649,2215905,2218095,2190,mRNA
6650,2215713,2215843,130,mRNA
6651,2215255,2215653,398,mRNA
6652,2214347,2215122,775,mRNA
6653,2222160,2222348,188,mRNA
6654,2220373,2220524,151,mRNA
6655,2215905,2218095,2190,mRNA
6656,2215713,2215843,130,mRNA
6657,2215255,2215653,398,mRNA
6658,2214347,2215122,775,mRNA
6659,2220373,2220429,56,CDS
6660,2215905,2218095,2190,CDS
6661,2215713,2215843,130,CDS
6662,2215255,2215653,398,CDS
6663,2215015,2215122,107,CDS
6664,2220373,2220429,56,CDS
6665,2215905,2218095,2190,CDS
6666,2215713,2215843,130,CDS
6667,2215255,2215653,398,CDS
6668,2215015,2215122,107,CDS
6669,2220373,2220429,56,CDS
6670,2215905,2218095,2190,CDS
6671,2215713,2215843,130,CDS
6672,2215255,2215653,398,CDS
6673,2215015,2215122,107,CDS
6674,2223754,2224969,1215,gene
6675,2223754,2223868,114,mRNA
6676,2223938,2224005,67,mRNA
6677,2224260,2224969,709,mRNA
6678,2223851,2223868,17,CDS
6679,2223938,2224005,67,CDS
6680,2224260,2224665,405,CDS
6681,2225296,2238045,12749,gene
6682,2225296,2225863,567,mRNA
6683,2225906,2226227,321,mRNA
6684,2226282,2227232,950,mRNA
6685,2227322,2230333,3011,mRNA
6686,2230390,2231847,1457,mRNA
6687,2231998,2232158,160,mRNA
6688,2232220,2232619,399,mRNA
6689,2232680,2233026,346,mRNA
6690,2233083,2235515,2432,mRNA
6691,2235579,2238045,2466,mRNA
6692,2225296,2225863,567,mRNA
6693,2225918,2226227,309,mRNA
6694,2226282,2227232,950,mRNA
6695,2227322,2230333,3011,mRNA
6696,2230390,2231847,1457,mRNA
6697,2231998,2232158,160,mRNA
6698,2232220,2232619,399,mRNA
6699,2232680,2233026,346,mRNA
6700,2233083,2235515,2432,mRNA
6701,2235579,2238045,2466,mRNA
6702,2225296,2225863,567,mRNA
6703,2225918,2226227,309,mRNA
6704,2226282,2227232,950,mRNA
6705,2227322,2230333,3011,mRNA
6706,2230390,2231847,1457,mRNA
6707,2231998,2232158,160,mRNA
6708,2232220,2232619,399,mRNA
6709,2232680,2233026,346,mRNA
6710,2233083,2235515,2432,mRNA
6711,2235579,2237961,2382,mRNA
6712,2225711,2225863,152,CDS
6713,2225906,2226227,321,CDS
6714,2226282,2227232,950,CDS
6715,2227322,2230333,3011,CDS
6716,2230390,2231847,1457,CDS
6717,2231998,2232158,160,CDS
6718,2232220,2232619,399,CDS
6719,2232680,2233026,346,CDS
6720,2233083,2235515,2432,CDS
6721,2235579,2236595,1016,CDS
6722,2225711,2225863,152,CDS
6723,2225918,2226227,309,CDS
6724,2226282,2227232,950,CDS
6725,2227322,2230333,3011,CDS
6726,2230390,2231847,1457,CDS
6727,2231998,2232158,160,CDS
6728,2232220,2232619,399,CDS
6729,2232680,2233026,346,CDS
6730,2233083,2235515,2432,CDS
6731,2235579,2236595,1016,CDS
6732,2225711,2225863,152,CDS
6733,2225918,2226227,309,CDS
6734,2226282,2227232,950,CDS
6735,2227322,2230333,3011,CDS
6736,2230390,2231847,1457,CDS
6737,2231998,2232158,160,CDS
6738,2232220,2232619,399,CDS
6739,2232680,2233026,346,CDS
6740,2233083,2235515,2432,CDS
6741,2235579,2236595,1016,CDS
6742,2237858,2242035,4177,gene
6743,2241828,2242035,207,mRNA
6744,2241568,2241759,191,mRNA
6745,2238499,2241506,3007,mRNA
6746,2238234,2238436,202,mRNA
6747,2237858,2238173,315,mRNA
6748,2241828,2242035,207,mRNA
6749,2241568,2241759,191,mRNA
6750,2238499,2241506,3007,mRNA
6751,2238234,2238436,202,mRNA
6752,2238044,2238173,129,mRNA
6753,2241828,2241902,74,CDS
6754,2241568,2241759,191,CDS
6755,2238499,2241506,3007,CDS
6756,2238234,2238436,202,CDS
6757,2238073,2238173,100,CDS
6758,2241828,2241902,74,CDS
6759,2241568,2241759,191,CDS
6760,2238499,2241506,3007,CDS
6761,2238234,2238436,202,CDS
6762,2238073,2238173,100,CDS
6763,2242138,2246041,3903,gene
6764,2242138,2243604,1466,mRNA
6765,2244457,2246041,1584,mRNA
6766,2242309,2243604,1295,CDS
6767,2244457,2244552,95,CDS
6768,2246231,2247567,1336,gene
6769,2246231,2247373,1142,mRNA
6770,2247444,2247567,123,mRNA
6771,2246231,2247373,1142,CDS
6772,2247444,2247494,50,CDS
6773,2247594,2249983,2389,gene
6774,2249828,2249983,155,mRNA
6775,2247594,2249769,2175,mRNA
6776,2249828,2249863,35,CDS
6777,2247697,2249769,2072,CDS
6778,2250145,2251993,1848,gene
6779,2251672,2251993,321,mRNA
6780,2251195,2251354,159,mRNA
6781,2251013,2251094,81,mRNA
6782,2250647,2250949,302,mRNA
6783,2250444,2250580,136,mRNA
6784,2250145,2250387,242,mRNA
6785,2251672,2251859,187,mRNA
6786,2251195,2251354,159,mRNA
6787,2251013,2251094,81,mRNA
6788,2250647,2250949,302,mRNA
6789,2250444,2250580,136,mRNA
6790,2250145,2250387,242,mRNA
6791,2251672,2251837,165,CDS
6792,2251195,2251354,159,CDS
6793,2251013,2251094,81,CDS
6794,2250647,2250949,302,CDS
6795,2250444,2250580,136,CDS
6796,2250306,2250387,81,CDS
6797,2251672,2251837,165,CDS
6798,2251195,2251354,159,CDS
6799,2251013,2251094,81,CDS
6800,2250647,2250949,302,CDS
6801,2250444,2250580,136,CDS
6802,2250306,2250387,81,CDS
6803,2252332,2254197,1865,gene
6804,2253958,2254197,239,mRNA
6805,2253451,2253610,159,mRNA
6806,2253317,2253398,81,mRNA
6807,2252916,2253248,332,mRNA
6808,2252724,2252860,136,mRNA
6809,2252332,2252665,333,mRNA
6810,2253958,2254130,172,mRNA
6811,2253451,2253610,159,mRNA
6812,2253317,2253398,81,mRNA
6813,2252916,2253248,332,mRNA
6814,2252724,2252860,136,mRNA
6815,2252332,2252665,333,mRNA
6816,2253958,2254087,129,CDS
6817,2253451,2253610,159,CDS
6818,2253317,2253398,81,CDS
6819,2252916,2253248,332,CDS
6820,2252724,2252860,136,CDS
6821,2252596,2252665,69,CDS
6822,2253958,2254087,129,CDS
6823,2253451,2253610,159,CDS
6824,2253317,2253398,81,CDS
6825,2252916,2253248,332,CDS
6826,2252724,2252860,136,CDS
6827,2252596,2252665,69,CDS
6828,2254403,2259863,5460,gene
6829,2259721,2259863,142,mRNA
6830,2258328,2258741,413,mRNA
6831,2257880,2258266,386,mRNA
6832,2256160,2257495,1335,mRNA
6833,2254403,2256101,1698,mRNA
6834,2259721,2259863,142,mRNA
6835,2258328,2258741,413,mRNA
6836,2257880,2258266,386,mRNA
6837,2256160,2257495,1335,mRNA
6838,2254403,2256101,1698,mRNA
6839,2259721,2259863,142,mRNA
6840,2258328,2258741,413,mRNA
6841,2257880,2258266,386,mRNA
6842,2256160,2257495,1335,mRNA
6843,2254403,2256101,1698,mRNA
6844,2259721,2259863,142,mRNA
6845,2258328,2258741,413,mRNA
6846,2257880,2258266,386,mRNA
6847,2256160,2257498,1338,mRNA
6848,2254403,2256101,1698,mRNA
6849,2258328,2258474,146,CDS
6850,2257880,2258266,386,CDS
6851,2256160,2257495,1335,CDS
6852,2255674,2256101,427,CDS
6853,2258328,2258474,146,CDS
6854,2257880,2258266,386,CDS
6855,2256160,2257495,1335,CDS
6856,2255722,2256101,379,CDS
6857,2258328,2258474,146,CDS
6858,2257880,2258266,386,CDS
6859,2256160,2257495,1335,CDS
6860,2255740,2256101,361,CDS
6861,2258328,2258474,146,CDS
6862,2257880,2258266,386,CDS
6863,2256160,2257498,1338,CDS
6864,2255740,2256101,361,CDS
6865,2260207,2262515,2308,gene
6866,2261951,2262515,564,mRNA
6867,2261466,2261854,388,mRNA
6868,2260207,2261415,1208,mRNA
6869,2261951,2262143,192,mRNA
6870,2261466,2261854,388,mRNA
6871,2260207,2261415,1208,mRNA
6872,2261951,2262036,85,CDS
6873,2261466,2261854,388,CDS
6874,2260694,2261415,721,CDS
6875,2261951,2262036,85,CDS
6876,2261466,2261854,388,CDS
6877,2260694,2261415,721,CDS
6878,2262837,2264825,1988,gene
6879,2262837,2262988,151,mRNA
6880,2263057,2264825,1768,mRNA
6881,2262896,2262988,92,CDS
6882,2263057,2264571,1514,CDS
6883,2264657,2270761,6104,gene
6884,2270699,2270761,62,mRNA
6885,2268938,2269704,766,mRNA
6886,2267177,2267293,116,mRNA
6887,2266820,2267107,287,mRNA
6888,2266597,2266671,74,mRNA
6889,2266248,2266539,291,mRNA
6890,2266036,2266184,148,mRNA
6891,2265877,2265955,78,mRNA
6892,2265548,2265816,268,mRNA
6893,2264657,2265485,828,mRNA
6894,2270699,2270761,62,mRNA
6895,2268938,2269704,766,mRNA
6896,2267177,2267293,116,mRNA
6897,2266820,2267107,287,mRNA
6898,2266597,2266671,74,mRNA
6899,2266248,2266539,291,mRNA
6900,2266036,2266184,148,mRNA
6901,2265877,2265955,78,mRNA
6902,2264991,2265816,825,mRNA
6903,2270638,2270761,123,mRNA
6904,2268938,2269704,766,mRNA
6905,2267177,2267293,116,mRNA
6906,2266820,2267107,287,mRNA
6907,2266597,2266671,74,mRNA
6908,2266248,2266539,291,mRNA
6909,2266036,2266184,148,mRNA
6910,2265877,2265955,78,mRNA
6911,2264991,2265816,825,mRNA
6912,2268938,2269717,779,mRNA
6913,2267177,2267293,116,mRNA
6914,2266820,2267107,287,mRNA
6915,2266597,2266671,74,mRNA
6916,2266248,2266539,291,mRNA
6917,2266036,2266184,148,mRNA
6918,2265877,2265955,78,mRNA
6919,2264991,2265816,825,mRNA
6920,2268938,2269099,161,CDS
6921,2267177,2267293,116,CDS
6922,2266820,2267107,287,CDS
6923,2266597,2266671,74,CDS
6924,2266248,2266539,291,CDS
6925,2266036,2266184,148,CDS
6926,2265877,2265955,78,CDS
6927,2265785,2265816,31,CDS
6928,2268938,2269099,161,CDS
6929,2267177,2267293,116,CDS
6930,2266820,2267107,287,CDS
6931,2266597,2266671,74,CDS
6932,2266248,2266539,291,CDS
6933,2266036,2266184,148,CDS
6934,2265877,2265955,78,CDS
6935,2265785,2265816,31,CDS
6936,2268938,2269099,161,CDS
6937,2267177,2267293,116,CDS
6938,2266820,2267107,287,CDS
6939,2266597,2266671,74,CDS
6940,2266248,2266539,291,CDS
6941,2266036,2266184,148,CDS
6942,2265877,2265955,78,CDS
6943,2265785,2265816,31,CDS
6944,2268938,2269099,161,CDS
6945,2267177,2267293,116,CDS
6946,2266820,2267107,287,CDS
6947,2266597,2266671,74,CDS
6948,2266248,2266539,291,CDS
6949,2266036,2266184,148,CDS
6950,2265877,2265955,78,CDS
6951,2265785,2265816,31,CDS
6952,2269996,2270507,511,gene
6953,2269996,2270507,511,ncRNA
6954,2271008,2275068,4060,gene
6955,2274650,2274778,128,mRNA
6956,2274026,2274339,313,mRNA
6957,2271008,2273951,2943,mRNA
6958,2274875,2275068,193,mRNA
6959,2274026,2274339,313,mRNA
6960,2271285,2273951,2666,mRNA
6961,2274026,2274336,310,CDS
6962,2271491,2273951,2460,CDS
6963,2274026,2274336,310,CDS
6964,2271491,2273951,2460,CDS
6965,2275822,2277781,1959,gene
6966,2275822,2277781,1959,mRNA
6967,2275950,2277781,1831,mRNA
6968,2275973,2277709,1736,CDS
6969,2275973,2277709,1736,CDS
6970,2278031,2293411,15380,gene
6971,2293353,2293411,58,mRNA
6972,2292325,2293293,968,mRNA
6973,2278031,2282517,4486,mRNA
6974,2292325,2293411,1086,mRNA
6975,2281526,2282517,991,mRNA
6976,2292325,2292689,364,CDS
6977,2281578,2282517,939,CDS
6978,2292325,2292689,364,CDS
6979,2281578,2282517,939,CDS
6980,2295466,2343870,48404,gene
6981,2295466,2295958,492,mRNA
6982,2296154,2296353,199,mRNA
6983,2339991,2341048,1057,mRNA
6984,2341178,2342139,961,mRNA
6985,2342204,2342344,140,mRNA
6986,2342413,2342786,373,mRNA
6987,2342852,2343870,1018,mRNA
6988,2308848,2317374,8526,mobile_element
6989,2321758,2322264,506,gene
6990,2322129,2322264,135,ncRNA
6991,2321758,2322060,302,ncRNA
6992,2322125,2322264,139,ncRNA
6993,2321855,2322060,205,ncRNA
6994,2324748,2326217,1469,gene
6995,2325391,2326217,826,mRNA
6996,2324748,2325305,557,mRNA
6997,2325391,2325784,393,mRNA
6998,2324748,2325305,557,mRNA
6999,2325391,2325690,299,CDS
7000,2324826,2325305,479,CDS
7001,2325391,2325690,299,CDS
7002,2324826,2325305,479,CDS
7003,2327128,2328941,1813,gene
7004,2327128,2327608,480,mRNA
7005,2327780,2328941,1161,mRNA
7006,2327207,2327608,401,CDS
7007,2327780,2328853,1073,CDS
7008,2330159,2330826,667,gene
7009,2330159,2330355,196,ncRNA
7010,2330413,2330826,413,ncRNA
7011,2330159,2330355,196,ncRNA
7012,2330506,2330826,320,ncRNA
7013,2331493,2334658,3165,gene
7014,2333320,2334658,1338,mRNA
7015,2331926,2332139,213,mRNA
7016,2331493,2331847,354,mRNA
7017,2332539,2332910,371,mRNA
7018,2331926,2332139,213,mRNA
7019,2331493,2331847,354,mRNA
7020,2332344,2332408,64,mRNA
7021,2331926,2332139,213,mRNA
7022,2331493,2331847,354,mRNA
7023,2332276,2332408,132,mRNA
7024,2331926,2332139,213,mRNA
7025,2331493,2331847,354,mRNA
7026,2331926,2332139,213,CDS
7027,2331738,2331847,109,CDS
7028,2331926,2332139,213,CDS
7029,2331738,2331847,109,CDS
7030,2331926,2332139,213,CDS
7031,2331738,2331847,109,CDS
7032,2331926,2332139,213,CDS
7033,2331738,2331847,109,CDS
7034,2340298,2341048,750,mRNA
7035,2341178,2342139,961,mRNA
7036,2342204,2342344,140,mRNA
7037,2342413,2342786,373,mRNA
7038,2342852,2343870,1018,mRNA
7039,2340886,2341048,162,CDS
7040,2341178,2342139,961,CDS
7041,2342204,2342344,140,CDS
7042,2342413,2342786,373,CDS
7043,2342852,2343431,579,CDS
7044,2340886,2341048,162,CDS
7045,2341178,2342139,961,CDS
7046,2342204,2342344,140,CDS
7047,2342413,2342786,373,CDS
7048,2342852,2343431,579,CDS
7049,2343997,2344649,652,gene
7050,2344616,2344649,33,mRNA
7051,2343997,2344559,562,mRNA
7052,2343997,2344649,652,mRNA
7053,2344050,2344535,485,CDS
7054,2344050,2344535,485,CDS
7055,2344949,2366356,21407,gene
7056,2365906,2366356,450,mRNA
7057,2349342,2349613,271,mRNA
7058,2348945,2349247,302,mRNA
7059,2344949,2348877,3928,mRNA
7060,2353704,2354268,564,mRNA
7061,2349342,2349613,271,mRNA
7062,2348945,2349247,302,mRNA
7063,2344949,2348877,3928,mRNA
7064,2349781,2349875,94,mRNA
7065,2349342,2349613,271,mRNA
7066,2348945,2349247,302,mRNA
7067,2344949,2348877,3928,mRNA
7068,2365906,2366356,450,mRNA
7069,2349327,2349613,286,mRNA
7070,2348945,2349247,302,mRNA
7071,2345266,2348877,3611,mRNA
7072,2354707,2354726,19,mRNA
7073,2349342,2349613,271,mRNA
7074,2348945,2349247,302,mRNA
7075,2345266,2348877,3611,mRNA
7076,2354187,2354268,81,mRNA
7077,2349342,2349613,271,mRNA
7078,2348945,2349247,302,mRNA
7079,2345266,2348877,3611,mRNA
7080,2349342,2349399,57,CDS
7081,2348945,2349247,302,CDS
7082,2345534,2348877,3343,CDS
7083,2349342,2349399,57,CDS
7084,2348945,2349247,302,CDS
7085,2345534,2348877,3343,CDS
7086,2349342,2349399,57,CDS
7087,2348945,2349247,302,CDS
7088,2345534,2348877,3343,CDS
7089,2349342,2349399,57,CDS
7090,2348945,2349247,302,CDS
7091,2345534,2348877,3343,CDS
7092,2349342,2349399,57,CDS
7093,2348945,2349247,302,CDS
7094,2345534,2348877,3343,CDS
7095,2349327,2349399,72,CDS
7096,2348945,2349247,302,CDS
7097,2345534,2348877,3343,CDS
7098,2353768,2353794,26,mobile_element
7099,2367121,2387664,20543,gene
7100,2387413,2387664,251,mRNA
7101,2384853,2385733,880,mRNA
7102,2384239,2384515,276,mRNA
7103,2380759,2381944,1185,mRNA
7104,2379514,2380393,879,mRNA
7105,2379278,2379455,177,mRNA
7106,2379042,2379216,174,mRNA
7107,2374705,2375250,545,mRNA
7108,2372767,2374524,1757,mRNA
7109,2372591,2372706,115,mRNA
7110,2371815,2371896,81,mRNA
7111,2370336,2370998,662,mRNA
7112,2369744,2370228,484,mRNA
7113,2368969,2369676,707,mRNA
7114,2368704,2368905,201,mRNA
7115,2367121,2368644,1523,mRNA
7116,2387413,2387664,251,mRNA
7117,2384853,2385733,880,mRNA
7118,2384239,2384515,276,mRNA
7119,2380759,2381944,1185,mRNA
7120,2379514,2380393,879,mRNA
7121,2379278,2379455,177,mRNA
7122,2379042,2379216,174,mRNA
7123,2374705,2375250,545,mRNA
7124,2372767,2374524,1757,mRNA
7125,2372591,2372706,115,mRNA
7126,2370336,2370998,662,mRNA
7127,2369744,2370228,484,mRNA
7128,2368969,2369676,707,mRNA
7129,2368704,2368905,201,mRNA
7130,2367712,2368644,932,mRNA
7131,2387413,2387664,251,mRNA
7132,2384853,2385733,880,mRNA
7133,2384239,2384515,276,mRNA
7134,2380759,2381944,1185,mRNA
7135,2379514,2380393,879,mRNA
7136,2379278,2379455,177,mRNA
7137,2379042,2379216,174,mRNA
7138,2374705,2375250,545,mRNA
7139,2372767,2374524,1757,mRNA
7140,2372591,2372706,115,mRNA
7141,2371815,2371896,81,mRNA
7142,2370336,2371281,945,mRNA
7143,2369744,2370228,484,mRNA
7144,2368969,2369676,707,mRNA
7145,2368704,2368905,201,mRNA
7146,2367712,2368644,932,mRNA
7147,2387413,2387664,251,mRNA
7148,2384853,2385733,880,mRNA
7149,2384239,2384515,276,mRNA
7150,2383496,2383603,107,mRNA
7151,2380759,2381944,1185,mRNA
7152,2379514,2380393,879,mRNA
7153,2379278,2379455,177,mRNA
7154,2379042,2379216,174,mRNA
7155,2374705,2375250,545,mRNA
7156,2372767,2374524,1757,mRNA
7157,2372591,2372706,115,mRNA
7158,2372324,2372332,8,mRNA
7159,2371815,2371896,81,mRNA
7160,2370336,2370998,662,mRNA
7161,2369744,2370228,484,mRNA
7162,2368969,2369676,707,mRNA
7163,2368704,2368905,201,mRNA
7164,2367712,2368644,932,mRNA
7165,2384853,2385726,873,CDS
7166,2384239,2384515,276,CDS
7167,2380759,2381944,1185,CDS
7168,2379514,2380393,879,CDS
7169,2379278,2379455,177,CDS
7170,2379042,2379216,174,CDS
7171,2374705,2375250,545,CDS
7172,2372767,2374524,1757,CDS
7173,2372591,2372706,115,CDS
7174,2371815,2371896,81,CDS
7175,2370336,2370998,662,CDS
7176,2369744,2370228,484,CDS
7177,2368969,2369676,707,CDS
7178,2368704,2368905,201,CDS
7179,2368558,2368644,86,CDS
7180,2384853,2385726,873,CDS
7181,2384239,2384515,276,CDS
7182,2383496,2383603,107,CDS
7183,2380759,2381944,1185,CDS
7184,2379514,2380393,879,CDS
7185,2379278,2379455,177,CDS
7186,2379042,2379216,174,CDS
7187,2374705,2375250,545,CDS
7188,2372767,2374524,1757,CDS
7189,2372591,2372706,115,CDS
7190,2372324,2372332,8,CDS
7191,2371815,2371896,81,CDS
7192,2370336,2370998,662,CDS
7193,2369744,2370228,484,CDS
7194,2368969,2369676,707,CDS
7195,2368704,2368905,201,CDS
7196,2368558,2368644,86,CDS
7197,2384853,2385726,873,CDS
7198,2384239,2384515,276,CDS
7199,2380759,2381944,1185,CDS
7200,2379514,2380393,879,CDS
7201,2379278,2379455,177,CDS
7202,2379042,2379216,174,CDS
7203,2374705,2375250,545,CDS
7204,2372767,2374524,1757,CDS
7205,2372591,2372706,115,CDS
7206,2370968,2370998,30,CDS
7207,2384853,2385726,873,CDS
7208,2384239,2384515,276,CDS
7209,2380759,2381944,1185,CDS
7210,2379514,2380393,879,CDS
7211,2379278,2379455,177,CDS
7212,2379042,2379216,174,CDS
7213,2374705,2375250,545,CDS
7214,2372767,2374524,1757,CDS
7215,2372591,2372706,115,CDS
7216,2371815,2371896,81,CDS
7217,2371252,2371281,29,CDS
7218,2387413,2387664,251,mRNA
7219,2384853,2385733,880,mRNA
7220,2384239,2384515,276,mRNA
7221,2380759,2381944,1185,mRNA
7222,2379514,2380393,879,mRNA
7223,2379278,2379455,177,mRNA
7224,2379042,2379216,174,mRNA
7225,2374705,2375250,545,mRNA
7226,2372767,2374106,1339,mRNA
7227,2371997,2372706,709,mRNA
7228,2384853,2385726,873,CDS
7229,2384239,2384515,276,CDS
7230,2380759,2381944,1185,CDS
7231,2379514,2380393,879,CDS
7232,2379278,2379455,177,CDS
7233,2379042,2379216,174,CDS
7234,2374705,2375250,545,CDS
7235,2374011,2374106,95,CDS
7236,2387413,2387664,251,mRNA
7237,2384853,2385733,880,mRNA
7238,2384239,2384515,276,mRNA
7239,2380759,2381944,1185,mRNA
7240,2379514,2380393,879,mRNA
7241,2379278,2379455,177,mRNA
7242,2376013,2379216,3203,mRNA
7243,2387413,2387664,251,mRNA
7244,2384853,2385733,880,mRNA
7245,2384239,2384515,276,mRNA
7246,2383496,2383603,107,mRNA
7247,2380759,2381944,1185,mRNA
7248,2379514,2380393,879,mRNA
7249,2379278,2379455,177,mRNA
7250,2376013,2379216,3203,mRNA
7251,2384853,2385726,873,CDS
7252,2384239,2384515,276,CDS
7253,2380759,2381944,1185,CDS
7254,2379514,2380393,879,CDS
7255,2379278,2379455,177,CDS
7256,2378130,2379216,1086,CDS
7257,2384853,2385726,873,CDS
7258,2384239,2384515,276,CDS
7259,2383496,2383603,107,CDS
7260,2380759,2381944,1185,CDS
7261,2379514,2380393,879,CDS
7262,2379278,2379455,177,CDS
7263,2378130,2379216,1086,CDS
7264,2387413,2387664,251,mRNA
7265,2384853,2385733,880,mRNA
7266,2384239,2384515,276,mRNA
7267,2380517,2381944,1427,mRNA
7268,2384853,2385726,873,CDS
7269,2384239,2384515,276,CDS
7270,2380735,2381944,1209,CDS
7271,2399893,2408187,8294,mobile_element
7272,2409365,2410901,1536,gene
7273,2409365,2410901,1536,mRNA
7274,2409735,2410796,1061,CDS
7275,2424925,2425855,930,gene
7276,2424925,2425855,930,mRNA
7277,2425097,2425705,608,CDS
7278,2426005,2426434,429,mobile_element
7279,2427113,2428967,1854,gene
7280,2428801,2428967,166,mRNA
7281,2427113,2428725,1612,mRNA
7282,2428801,2428852,51,CDS
7283,2427431,2428725,1294,CDS
7284,2442313,2443976,1663,gene
7285,2443734,2443976,242,mRNA
7286,2442313,2442732,419,mRNA
7287,2443734,2443976,242,mRNA
7288,2442313,2443665,1352,mRNA
7289,2443734,2443785,51,CDS
7290,2442362,2442732,370,CDS
7291,2442362,2442826,464,CDS
7292,2444167,2470043,25876,gene
7293,2469891,2470043,152,mRNA
7294,2469337,2469411,74,mRNA
7295,2456591,2456686,95,mRNA
7296,2450903,2452147,1244,mRNA
7297,2450670,2450838,168,mRNA
7298,2446890,2447597,707,mRNA
7299,2446642,2446824,182,mRNA
7300,2446411,2446577,166,mRNA
7301,2444167,2445593,1426,mRNA
7302,2469891,2470043,152,mRNA
7303,2469337,2469411,74,mRNA
7304,2456591,2456686,95,mRNA
7305,2450903,2452147,1244,mRNA
7306,2450670,2450838,168,mRNA
7307,2446890,2447597,707,mRNA
7308,2446642,2446824,182,mRNA
7309,2446411,2446577,166,mRNA
7310,2445861,2446181,320,mRNA
7311,2444167,2445593,1426,mRNA
7312,2469798,2470043,245,mRNA
7313,2469337,2469411,74,mRNA
7314,2456591,2456686,95,mRNA
7315,2450903,2452147,1244,mRNA
7316,2450670,2450838,168,mRNA
7317,2446890,2447597,707,mRNA
7318,2446642,2446824,182,mRNA
7319,2446411,2446577,166,mRNA
7320,2444167,2445593,1426,mRNA
7321,2469605,2470043,438,mRNA
7322,2469337,2469411,74,mRNA
7323,2456591,2456686,95,mRNA
7324,2450903,2452147,1244,mRNA
7325,2450670,2450838,168,mRNA
7326,2446890,2447597,707,mRNA
7327,2446642,2446824,182,mRNA
7328,2446411,2446577,166,mRNA
7329,2444167,2445593,1426,mRNA
7330,2447657,2447892,235,mRNA
7331,2446890,2447597,707,mRNA
7332,2446642,2446824,182,mRNA
7333,2446411,2446577,166,mRNA
7334,2444167,2445593,1426,mRNA
7335,2450903,2452129,1226,CDS
7336,2450670,2450838,168,CDS
7337,2446890,2447597,707,CDS
7338,2446642,2446824,182,CDS
7339,2446411,2446577,166,CDS
7340,2445051,2445593,542,CDS
7341,2450903,2452129,1226,CDS
7342,2450670,2450838,168,CDS
7343,2446890,2447597,707,CDS
7344,2446642,2446824,182,CDS
7345,2446411,2446577,166,CDS
7346,2445051,2445593,542,CDS
7347,2450903,2452129,1226,CDS
7348,2450670,2450838,168,CDS
7349,2446890,2447597,707,CDS
7350,2446642,2446824,182,CDS
7351,2446411,2446577,166,CDS
7352,2445051,2445593,542,CDS
7353,2450903,2452129,1226,CDS
7354,2450670,2450838,168,CDS
7355,2446890,2447597,707,CDS
7356,2446642,2446824,182,CDS
7357,2446411,2446577,166,CDS
7358,2445861,2446181,320,CDS
7359,2445051,2445593,542,CDS
7360,2447657,2447699,42,CDS
7361,2446890,2447597,707,CDS
7362,2446642,2446824,182,CDS
7363,2446411,2446577,166,CDS
7364,2445051,2445593,542,CDS
7365,2447769,2450550,2781,gene
7366,2447769,2448664,895,mRNA
7367,2448786,2449327,541,mRNA
7368,2449390,2450550,1160,mRNA
7369,2447956,2448664,708,mRNA
7370,2448786,2449327,541,mRNA
7371,2449390,2450550,1160,mRNA
7372,2447956,2448664,708,mRNA
7373,2448786,2449327,541,mRNA
7374,2449390,2450550,1160,mRNA
7375,2448297,2448664,367,CDS
7376,2448786,2449327,541,CDS
7377,2449390,2450297,907,CDS
7378,2448297,2448664,367,CDS
7379,2448786,2449327,541,CDS
7380,2449390,2450207,817,CDS
7381,2448297,2448664,367,CDS
7382,2448786,2449327,541,CDS
7383,2449390,2450207,817,CDS
7384,2470460,2545410,74950,gene
7385,2545383,2545410,27,mRNA
7386,2544465,2544762,297,mRNA
7387,2523886,2524402,516,mRNA
7388,2523639,2523816,177,mRNA
7389,2523405,2523529,124,mRNA
7390,2522952,2523071,119,mRNA
7391,2522224,2522421,197,mRNA
7392,2521534,2521788,254,mRNA
7393,2501627,2501737,110,mRNA
7394,2494404,2494637,233,mRNA
7395,2492988,2493215,227,mRNA
7396,2492346,2492420,74,mRNA
7397,2491481,2491614,133,mRNA
7398,2491319,2491412,93,mRNA
7399,2490456,2490842,386,mRNA
7400,2488081,2490317,2236,mRNA
7401,2486927,2488013,1086,mRNA
7402,2484617,2484759,142,mRNA
7403,2484333,2484513,180,mRNA
7404,2483486,2484089,603,mRNA
7405,2483124,2483386,262,mRNA
7406,2482459,2482636,177,mRNA
7407,2481997,2482391,394,mRNA
7408,2481417,2481876,459,mRNA
7409,2481070,2481319,249,mRNA
7410,2480734,2480908,174,mRNA
7411,2475824,2476029,205,mRNA
7412,2475416,2475688,272,mRNA
7413,2474430,2475355,925,mRNA
7414,2473660,2474360,700,mRNA
7415,2473175,2473591,416,mRNA
7416,2472952,2473099,147,mRNA
7417,2470460,2471194,734,mRNA
7418,2545383,2545410,27,mRNA
7419,2544465,2544762,297,mRNA
7420,2523886,2524402,516,mRNA
7421,2523639,2523816,177,mRNA
7422,2523405,2523529,124,mRNA
7423,2522952,2523071,119,mRNA
7424,2522224,2522421,197,mRNA
7425,2521534,2521788,254,mRNA
7426,2501627,2501737,110,mRNA
7427,2499211,2499678,467,mRNA
7428,2492988,2493215,227,mRNA
7429,2492346,2492420,74,mRNA
7430,2491481,2491614,133,mRNA
7431,2491319,2491412,93,mRNA
7432,2490456,2490842,386,mRNA
7433,2488081,2490317,2236,mRNA
7434,2486927,2488013,1086,mRNA
7435,2486057,2486242,185,mRNA
7436,2484617,2484759,142,mRNA
7437,2484333,2484513,180,mRNA
7438,2483486,2484089,603,mRNA
7439,2483124,2483386,262,mRNA
7440,2482459,2482636,177,mRNA
7441,2481997,2482391,394,mRNA
7442,2481417,2481876,459,mRNA
7443,2481070,2481319,249,mRNA
7444,2480734,2480908,174,mRNA
7445,2475824,2476029,205,mRNA
7446,2475416,2475688,272,mRNA
7447,2474430,2475355,925,mRNA
7448,2473660,2474360,700,mRNA
7449,2473175,2473591,416,mRNA
7450,2472952,2473099,147,mRNA
7451,2470460,2471194,734,mRNA
7452,2545383,2545410,27,mRNA
7453,2544465,2544762,297,mRNA
7454,2523886,2524402,516,mRNA
7455,2523639,2523816,177,mRNA
7456,2523405,2523529,124,mRNA
7457,2522952,2523071,119,mRNA
7458,2522224,2522421,197,mRNA
7459,2521534,2521788,254,mRNA
7460,2501627,2501737,110,mRNA
7461,2499211,2499678,467,mRNA
7462,2494404,2494637,233,mRNA
7463,2492988,2493215,227,mRNA
7464,2492346,2492420,74,mRNA
7465,2491481,2491614,133,mRNA
7466,2491319,2491412,93,mRNA
7467,2490456,2490842,386,mRNA
7468,2488081,2490317,2236,mRNA
7469,2486927,2488013,1086,mRNA
7470,2484617,2484759,142,mRNA
7471,2484333,2484513,180,mRNA
7472,2483486,2484089,603,mRNA
7473,2483124,2483386,262,mRNA
7474,2482459,2482636,177,mRNA
7475,2481997,2482391,394,mRNA
7476,2481417,2481876,459,mRNA
7477,2481070,2481319,249,mRNA
7478,2480734,2480908,174,mRNA
7479,2475824,2476029,205,mRNA
7480,2475416,2475688,272,mRNA
7481,2474430,2475355,925,mRNA
7482,2473660,2474360,700,mRNA
7483,2473175,2473591,416,mRNA
7484,2472952,2473099,147,mRNA
7485,2470460,2471194,734,mRNA
7486,2545383,2545410,27,mRNA
7487,2544465,2544762,297,mRNA
7488,2523886,2524402,516,mRNA
7489,2523639,2523816,177,mRNA
7490,2523405,2523568,163,mRNA
7491,2522224,2522421,197,mRNA
7492,2521534,2521788,254,mRNA
7493,2501627,2501737,110,mRNA
7494,2492988,2493215,227,mRNA
7495,2492346,2492420,74,mRNA
7496,2491481,2491614,133,mRNA
7497,2491319,2491412,93,mRNA
7498,2490456,2490842,386,mRNA
7499,2488081,2490317,2236,mRNA
7500,2486927,2488013,1086,mRNA
7501,2484617,2484759,142,mRNA
7502,2484333,2484513,180,mRNA
7503,2483486,2484089,603,mRNA
7504,2483124,2483386,262,mRNA
7505,2482459,2482636,177,mRNA
7506,2481997,2482391,394,mRNA
7507,2481417,2481876,459,mRNA
7508,2481070,2481319,249,mRNA
7509,2480734,2480908,174,mRNA
7510,2475824,2476029,205,mRNA
7511,2475416,2475688,272,mRNA
7512,2474430,2475355,925,mRNA
7513,2473660,2474360,700,mRNA
7514,2473175,2473591,416,mRNA
7515,2472952,2473099,147,mRNA
7516,2470460,2471194,734,mRNA
7517,2545383,2545410,27,mRNA
7518,2544465,2544762,297,mRNA
7519,2523886,2524402,516,mRNA
7520,2523639,2523816,177,mRNA
7521,2523405,2523568,163,mRNA
7522,2522224,2522421,197,mRNA
7523,2521534,2521788,254,mRNA
7524,2501627,2501737,110,mRNA
7525,2492988,2493215,227,mRNA
7526,2492346,2492420,74,mRNA
7527,2491481,2491614,133,mRNA
7528,2491319,2491412,93,mRNA
7529,2491145,2491234,89,mRNA
7530,2490456,2490842,386,mRNA
7531,2488081,2490317,2236,mRNA
7532,2486927,2488013,1086,mRNA
7533,2484617,2484759,142,mRNA
7534,2484333,2484513,180,mRNA
7535,2483486,2484089,603,mRNA
7536,2483124,2483386,262,mRNA
7537,2482459,2482636,177,mRNA
7538,2481997,2482391,394,mRNA
7539,2481417,2481876,459,mRNA
7540,2481070,2481319,249,mRNA
7541,2480734,2480908,174,mRNA
7542,2478423,2478506,83,mRNA
7543,2477477,2477809,332,mRNA
7544,2475824,2476029,205,mRNA
7545,2475416,2475688,272,mRNA
7546,2474430,2475355,925,mRNA
7547,2473660,2474360,700,mRNA
7548,2473175,2473591,416,mRNA
7549,2472952,2473099,147,mRNA
7550,2470460,2471194,734,mRNA
7551,2545383,2545410,27,mRNA
7552,2544465,2544762,297,mRNA
7553,2523886,2524402,516,mRNA
7554,2523639,2523816,177,mRNA
7555,2523405,2523568,163,mRNA
7556,2522224,2522421,197,mRNA
7557,2521534,2521788,254,mRNA
7558,2501627,2501737,110,mRNA
7559,2492988,2493215,227,mRNA
7560,2492655,2492885,230,mRNA
7561,2492346,2492420,74,mRNA
7562,2491481,2491614,133,mRNA
7563,2491319,2491412,93,mRNA
7564,2490456,2490842,386,mRNA
7565,2488081,2490317,2236,mRNA
7566,2486927,2488013,1086,mRNA
7567,2484617,2484759,142,mRNA
7568,2484333,2484513,180,mRNA
7569,2483486,2484089,603,mRNA
7570,2483124,2483386,262,mRNA
7571,2482459,2482636,177,mRNA
7572,2481997,2482391,394,mRNA
7573,2481417,2481876,459,mRNA
7574,2481070,2481319,249,mRNA
7575,2480734,2480908,174,mRNA
7576,2475824,2476029,205,mRNA
7577,2475416,2475688,272,mRNA
7578,2474430,2475355,925,mRNA
7579,2473660,2474360,700,mRNA
7580,2473175,2473591,416,mRNA
7581,2472952,2473099,147,mRNA
7582,2470460,2471194,734,mRNA
7583,2545383,2545410,27,mRNA
7584,2544465,2544762,297,mRNA
7585,2523886,2524402,516,mRNA
7586,2523639,2523816,177,mRNA
7587,2523405,2523568,163,mRNA
7588,2522224,2522421,197,mRNA
7589,2521534,2521788,254,mRNA
7590,2501627,2501737,110,mRNA
7591,2494404,2494637,233,mRNA
7592,2492988,2493215,227,mRNA
7593,2492346,2492420,74,mRNA
7594,2491481,2491614,133,mRNA
7595,2491319,2491412,93,mRNA
7596,2490456,2490842,386,mRNA
7597,2488081,2490317,2236,mRNA
7598,2486927,2488013,1086,mRNA
7599,2484617,2484759,142,mRNA
7600,2484333,2484513,180,mRNA
7601,2483486,2484089,603,mRNA
7602,2483124,2483386,262,mRNA
7603,2482459,2482636,177,mRNA
7604,2481997,2482391,394,mRNA
7605,2481417,2481876,459,mRNA
7606,2481070,2481319,249,mRNA
7607,2480734,2480908,174,mRNA
7608,2475824,2476029,205,mRNA
7609,2475416,2475688,272,mRNA
7610,2474430,2475355,925,mRNA
7611,2473660,2474360,700,mRNA
7612,2473175,2473591,416,mRNA
7613,2472952,2473099,147,mRNA
7614,2470460,2471194,734,mRNA
7615,2545383,2545410,27,mRNA
7616,2544465,2544762,297,mRNA
7617,2523886,2524402,516,mRNA
7618,2523639,2523816,177,mRNA
7619,2523405,2523568,163,mRNA
7620,2522224,2522421,197,mRNA
7621,2521534,2521788,254,mRNA
7622,2501627,2501737,110,mRNA
7623,2498483,2498631,148,mRNA
7624,2498022,2498115,93,mRNA
7625,2494404,2494637,233,mRNA
7626,2492988,2493215,227,mRNA
7627,2492346,2492420,74,mRNA
7628,2491481,2491614,133,mRNA
7629,2491319,2491412,93,mRNA
7630,2490456,2490842,386,mRNA
7631,2488081,2490317,2236,mRNA
7632,2486927,2488013,1086,mRNA
7633,2484617,2484759,142,mRNA
7634,2484333,2484513,180,mRNA
7635,2483486,2484089,603,mRNA
7636,2483124,2483386,262,mRNA
7637,2482459,2482636,177,mRNA
7638,2481997,2482391,394,mRNA
7639,2481417,2481876,459,mRNA
7640,2481070,2481319,249,mRNA
7641,2480734,2480908,174,mRNA
7642,2475824,2476029,205,mRNA
7643,2475416,2475688,272,mRNA
7644,2474430,2475355,925,mRNA
7645,2473660,2474360,700,mRNA
7646,2473175,2473591,416,mRNA
7647,2472952,2473099,147,mRNA
7648,2470460,2471194,734,mRNA
7649,2545383,2545410,27,mRNA
7650,2544465,2544762,297,mRNA
7651,2523886,2524402,516,mRNA
7652,2523639,2523816,177,mRNA
7653,2523405,2523568,163,mRNA
7654,2522224,2522421,197,mRNA
7655,2521534,2521788,254,mRNA
7656,2501627,2501737,110,mRNA
7657,2499211,2499678,467,mRNA
7658,2498483,2498631,148,mRNA
7659,2498022,2498115,93,mRNA
7660,2497318,2497488,170,mRNA
7661,2496776,2496925,149,mRNA
7662,2494404,2494637,233,mRNA
7663,2492988,2493215,227,mRNA
7664,2492346,2492420,74,mRNA
7665,2491481,2491614,133,mRNA
7666,2491319,2491412,93,mRNA
7667,2490456,2490842,386,mRNA
7668,2488081,2490317,2236,mRNA
7669,2486927,2488013,1086,mRNA
7670,2484617,2484759,142,mRNA
7671,2484333,2484513,180,mRNA
7672,2483486,2484089,603,mRNA
7673,2483124,2483386,262,mRNA
7674,2482459,2482636,177,mRNA
7675,2481997,2482391,394,mRNA
7676,2481417,2481876,459,mRNA
7677,2481070,2481319,249,mRNA
7678,2480734,2480908,174,mRNA
7679,2475824,2476029,205,mRNA
7680,2475416,2475688,272,mRNA
7681,2474430,2475355,925,mRNA
7682,2473660,2474360,700,mRNA
7683,2473175,2473591,416,mRNA
7684,2472952,2473099,147,mRNA
7685,2470460,2471194,734,mRNA
7686,2545383,2545410,27,mRNA
7687,2544465,2544762,297,mRNA
7688,2523886,2524402,516,mRNA
7689,2523639,2523816,177,mRNA
7690,2523405,2523568,163,mRNA
7691,2522224,2522421,197,mRNA
7692,2521534,2521788,254,mRNA
7693,2501627,2501737,110,mRNA
7694,2501119,2501241,122,mRNA
7695,2500237,2500362,125,mRNA
7696,2499211,2499678,467,mRNA
7697,2492988,2493215,227,mRNA
7698,2492346,2492420,74,mRNA
7699,2491481,2491614,133,mRNA
7700,2491319,2491412,93,mRNA
7701,2490456,2490842,386,mRNA
7702,2488081,2490317,2236,mRNA
7703,2486927,2488013,1086,mRNA
7704,2484617,2484759,142,mRNA
7705,2484333,2484513,180,mRNA
7706,2483486,2484089,603,mRNA
7707,2483124,2483386,262,mRNA
7708,2482459,2482636,177,mRNA
7709,2481997,2482391,394,mRNA
7710,2481417,2481876,459,mRNA
7711,2481070,2481319,249,mRNA
7712,2480734,2480908,174,mRNA
7713,2475824,2476029,205,mRNA
7714,2475416,2475688,272,mRNA
7715,2474430,2475355,925,mRNA
7716,2473660,2474360,700,mRNA
7717,2473175,2473591,416,mRNA
7718,2472952,2473099,147,mRNA
7719,2470460,2471194,734,mRNA
7720,2545383,2545410,27,mRNA
7721,2544465,2544762,297,mRNA
7722,2523886,2524402,516,mRNA
7723,2523639,2523816,177,mRNA
7724,2523405,2523568,163,mRNA
7725,2522224,2522421,197,mRNA
7726,2521534,2521788,254,mRNA
7727,2501627,2501737,110,mRNA
7728,2501119,2501241,122,mRNA
7729,2500237,2500362,125,mRNA
7730,2499211,2499678,467,mRNA
7731,2495612,2495728,116,mRNA
7732,2495041,2495238,197,mRNA
7733,2494404,2494637,233,mRNA
7734,2492988,2493215,227,mRNA
7735,2492346,2492420,74,mRNA
7736,2491481,2491614,133,mRNA
7737,2491319,2491412,93,mRNA
7738,2490456,2490842,386,mRNA
7739,2488081,2490317,2236,mRNA
7740,2486927,2488013,1086,mRNA
7741,2484617,2484759,142,mRNA
7742,2484333,2484513,180,mRNA
7743,2483486,2484089,603,mRNA
7744,2483124,2483386,262,mRNA
7745,2482459,2482636,177,mRNA
7746,2481997,2482391,394,mRNA
7747,2481417,2481876,459,mRNA
7748,2481070,2481319,249,mRNA
7749,2480734,2480908,174,mRNA
7750,2475824,2476029,205,mRNA
7751,2475416,2475688,272,mRNA
7752,2474430,2475355,925,mRNA
7753,2473660,2474360,700,mRNA
7754,2473175,2473591,416,mRNA
7755,2472952,2473099,147,mRNA
7756,2470460,2471194,734,mRNA
7757,2545383,2545410,27,mRNA
7758,2544465,2544762,297,mRNA
7759,2523886,2524402,516,mRNA
7760,2523639,2523816,177,mRNA
7761,2523405,2523568,163,mRNA
7762,2522224,2522421,197,mRNA
7763,2521534,2521788,254,mRNA
7764,2501627,2501737,110,mRNA
7765,2501119,2501241,122,mRNA
7766,2500237,2500362,125,mRNA
7767,2499211,2499678,467,mRNA
7768,2498483,2498631,148,mRNA
7769,2498022,2498115,93,mRNA
7770,2494404,2494637,233,mRNA
7771,2492988,2493215,227,mRNA
7772,2492655,2492885,230,mRNA
7773,2492346,2492420,74,mRNA
7774,2491481,2491614,133,mRNA
7775,2491319,2491412,93,mRNA
7776,2490456,2490842,386,mRNA
7777,2488081,2490317,2236,mRNA
7778,2486927,2488013,1086,mRNA
7779,2484617,2484759,142,mRNA
7780,2484333,2484513,180,mRNA
7781,2483486,2484089,603,mRNA
7782,2483124,2483386,262,mRNA
7783,2482459,2482636,177,mRNA
7784,2481997,2482391,394,mRNA
7785,2481417,2481876,459,mRNA
7786,2481070,2481319,249,mRNA
7787,2480734,2480908,174,mRNA
7788,2475824,2476029,205,mRNA
7789,2475416,2475688,272,mRNA
7790,2474430,2475355,925,mRNA
7791,2473660,2474360,700,mRNA
7792,2473175,2473591,416,mRNA
7793,2472952,2473099,147,mRNA
7794,2470460,2471194,734,mRNA
7795,2545383,2545410,27,mRNA
7796,2544465,2544762,297,mRNA
7797,2523886,2524402,516,mRNA
7798,2523639,2523816,177,mRNA
7799,2523405,2523568,163,mRNA
7800,2522224,2522421,197,mRNA
7801,2521534,2521788,254,mRNA
7802,2501627,2501737,110,mRNA
7803,2501119,2501241,122,mRNA
7804,2500237,2500362,125,mRNA
7805,2499211,2499678,467,mRNA
7806,2498483,2498631,148,mRNA
7807,2498022,2498115,93,mRNA
7808,2497318,2497488,170,mRNA
7809,2496776,2496925,149,mRNA
7810,2495041,2495238,197,mRNA
7811,2494404,2494637,233,mRNA
7812,2492988,2493215,227,mRNA
7813,2492346,2492420,74,mRNA
7814,2491481,2491614,133,mRNA
7815,2491319,2491412,93,mRNA
7816,2490456,2490842,386,mRNA
7817,2488081,2490317,2236,mRNA
7818,2486927,2488013,1086,mRNA
7819,2484617,2484759,142,mRNA
7820,2484333,2484513,180,mRNA
7821,2483486,2484089,603,mRNA
7822,2483124,2483386,262,mRNA
7823,2482459,2482636,177,mRNA
7824,2481997,2482391,394,mRNA
7825,2481417,2481876,459,mRNA
7826,2481070,2481319,249,mRNA
7827,2480734,2480908,174,mRNA
7828,2475824,2476029,205,mRNA
7829,2475416,2475688,272,mRNA
7830,2474430,2475355,925,mRNA
7831,2473660,2474360,700,mRNA
7832,2473175,2473591,416,mRNA
7833,2472952,2473099,147,mRNA
7834,2470460,2471194,734,mRNA
7835,2545383,2545410,27,mRNA
7836,2544465,2544762,297,mRNA
7837,2523886,2524402,516,mRNA
7838,2523639,2523816,177,mRNA
7839,2523405,2523568,163,mRNA
7840,2522224,2522421,197,mRNA
7841,2521534,2521788,254,mRNA
7842,2501627,2501737,110,mRNA
7843,2501119,2501241,122,mRNA
7844,2500237,2500362,125,mRNA
7845,2499211,2499678,467,mRNA
7846,2498483,2498631,148,mRNA
7847,2498022,2498115,93,mRNA
7848,2497318,2497488,170,mRNA
7849,2496776,2496925,149,mRNA
7850,2496461,2496593,132,mRNA
7851,2495948,2496033,85,mRNA
7852,2495041,2495238,197,mRNA
7853,2494404,2494637,233,mRNA
7854,2492988,2493215,227,mRNA
7855,2492346,2492420,74,mRNA
7856,2491481,2491614,133,mRNA
7857,2491319,2491412,93,mRNA
7858,2490456,2490842,386,mRNA
7859,2488081,2490317,2236,mRNA
7860,2486927,2488013,1086,mRNA
7861,2486057,2486242,185,mRNA
7862,2484617,2484759,142,mRNA
7863,2484333,2484513,180,mRNA
7864,2483486,2484089,603,mRNA
7865,2483124,2483386,262,mRNA
7866,2482459,2482636,177,mRNA
7867,2481997,2482391,394,mRNA
7868,2481417,2481876,459,mRNA
7869,2481070,2481319,249,mRNA
7870,2480734,2480908,174,mRNA
7871,2475824,2476029,205,mRNA
7872,2475416,2475688,272,mRNA
7873,2474430,2475355,925,mRNA
7874,2473660,2474360,700,mRNA
7875,2473175,2473591,416,mRNA
7876,2472952,2473099,147,mRNA
7877,2470460,2471194,734,mRNA
7878,2545383,2545410,27,mRNA
7879,2544465,2544762,297,mRNA
7880,2523886,2524402,516,mRNA
7881,2523639,2523816,177,mRNA
7882,2523405,2523568,163,mRNA
7883,2522224,2522421,197,mRNA
7884,2521534,2521788,254,mRNA
7885,2501627,2501737,110,mRNA
7886,2501119,2501241,122,mRNA
7887,2500237,2500362,125,mRNA
7888,2499211,2499678,467,mRNA
7889,2498483,2498631,148,mRNA
7890,2498022,2498115,93,mRNA
7891,2497318,2497488,170,mRNA
7892,2496776,2496925,149,mRNA
7893,2496461,2496593,132,mRNA
7894,2495948,2496033,85,mRNA
7895,2495612,2495728,116,mRNA
7896,2495041,2495238,197,mRNA
7897,2494404,2494637,233,mRNA
7898,2492988,2493215,227,mRNA
7899,2492346,2492420,74,mRNA
7900,2491481,2491614,133,mRNA
7901,2491319,2491412,93,mRNA
7902,2490456,2490842,386,mRNA
7903,2488081,2490317,2236,mRNA
7904,2486927,2488013,1086,mRNA
7905,2484617,2484759,142,mRNA
7906,2484333,2484513,180,mRNA
7907,2483486,2484089,603,mRNA
7908,2483124,2483386,262,mRNA
7909,2482459,2482636,177,mRNA
7910,2481997,2482391,394,mRNA
7911,2481417,2481876,459,mRNA
7912,2481070,2481319,249,mRNA
7913,2480734,2480908,174,mRNA
7914,2475824,2476029,205,mRNA
7915,2475416,2475688,272,mRNA
7916,2474430,2475355,925,mRNA
7917,2473660,2474360,700,mRNA
7918,2473175,2473591,416,mRNA
7919,2472952,2473099,147,mRNA
7920,2470460,2471194,734,mRNA
7921,2545383,2545410,27,mRNA
7922,2544465,2544762,297,mRNA
7923,2523886,2524402,516,mRNA
7924,2523639,2523816,177,mRNA
7925,2523405,2523568,163,mRNA
7926,2522952,2523071,119,mRNA
7927,2522224,2522421,197,mRNA
7928,2521534,2521788,254,mRNA
7929,2501627,2501737,110,mRNA
7930,2501119,2501241,122,mRNA
7931,2500237,2500362,125,mRNA
7932,2499211,2499678,467,mRNA
7933,2492988,2493215,227,mRNA
7934,2492346,2492420,74,mRNA
7935,2491481,2491614,133,mRNA
7936,2491319,2491412,93,mRNA
7937,2490456,2490842,386,mRNA
7938,2488081,2490317,2236,mRNA
7939,2486927,2488013,1086,mRNA
7940,2484617,2484759,142,mRNA
7941,2484333,2484513,180,mRNA
7942,2483486,2484089,603,mRNA
7943,2483124,2483386,262,mRNA
7944,2482459,2482636,177,mRNA
7945,2481997,2482391,394,mRNA
7946,2481417,2481876,459,mRNA
7947,2481070,2481319,249,mRNA
7948,2480734,2480908,174,mRNA
7949,2475824,2476029,205,mRNA
7950,2475416,2475688,272,mRNA
7951,2474430,2475355,925,mRNA
7952,2473660,2474360,700,mRNA
7953,2473175,2473591,416,mRNA
7954,2472952,2473099,147,mRNA
7955,2470460,2471194,734,mRNA
7956,2545383,2545410,27,mRNA
7957,2544465,2544762,297,mRNA
7958,2523886,2524402,516,mRNA
7959,2523639,2523816,177,mRNA
7960,2523405,2523568,163,mRNA
7961,2522952,2523071,119,mRNA
7962,2522224,2522421,197,mRNA
7963,2521534,2521788,254,mRNA
7964,2501627,2501737,110,mRNA
7965,2501119,2501241,122,mRNA
7966,2500237,2500362,125,mRNA
7967,2499211,2499678,467,mRNA
7968,2498483,2498631,148,mRNA
7969,2498022,2498115,93,mRNA
7970,2497318,2497488,170,mRNA
7971,2496776,2496925,149,mRNA
7972,2496461,2496593,132,mRNA
7973,2495948,2496033,85,mRNA
7974,2495612,2495728,116,mRNA
7975,2495041,2495238,197,mRNA
7976,2494404,2494637,233,mRNA
7977,2492988,2493215,227,mRNA
7978,2492346,2492420,74,mRNA
7979,2491481,2491614,133,mRNA
7980,2491319,2491412,93,mRNA
7981,2490456,2490842,386,mRNA
7982,2488081,2490317,2236,mRNA
7983,2486927,2488013,1086,mRNA
7984,2484617,2484759,142,mRNA
7985,2484333,2484513,180,mRNA
7986,2483486,2484089,603,mRNA
7987,2483124,2483386,262,mRNA
7988,2482459,2482636,177,mRNA
7989,2481997,2482391,394,mRNA
7990,2481417,2481876,459,mRNA
7991,2481070,2481319,249,mRNA
7992,2480734,2480908,174,mRNA
7993,2475824,2476029,205,mRNA
7994,2475416,2475688,272,mRNA
7995,2474430,2475355,925,mRNA
7996,2473660,2474360,700,mRNA
7997,2473175,2473591,416,mRNA
7998,2472952,2473099,147,mRNA
7999,2470460,2471194,734,mRNA
8000,2545383,2545410,27,mRNA
8001,2544465,2544762,297,mRNA
8002,2523886,2524402,516,mRNA
8003,2523639,2523816,177,mRNA
8004,2523405,2523568,163,mRNA
8005,2522952,2523071,119,mRNA
8006,2522224,2522421,197,mRNA
8007,2521534,2521788,254,mRNA
8008,2501627,2501737,110,mRNA
8009,2501119,2501241,122,mRNA
8010,2500237,2500362,125,mRNA
8011,2499211,2499678,467,mRNA
8012,2498483,2498631,148,mRNA
8013,2498022,2498115,93,mRNA
8014,2497318,2497488,170,mRNA
8015,2496776,2496925,149,mRNA
8016,2496461,2496593,132,mRNA
8017,2495948,2496033,85,mRNA
8018,2495612,2495728,116,mRNA
8019,2495041,2495238,197,mRNA
8020,2494404,2494637,233,mRNA
8021,2492988,2493215,227,mRNA
8022,2492346,2492420,74,mRNA
8023,2491481,2491614,133,mRNA
8024,2491319,2491412,93,mRNA
8025,2490456,2490842,386,mRNA
8026,2488081,2490317,2236,mRNA
8027,2486927,2488013,1086,mRNA
8028,2484617,2484759,142,mRNA
8029,2484333,2484513,180,mRNA
8030,2483486,2484089,603,mRNA
8031,2483124,2483386,262,mRNA
8032,2482459,2482636,177,mRNA
8033,2481997,2482391,394,mRNA
8034,2481417,2481876,459,mRNA
8035,2481070,2481319,249,mRNA
8036,2480734,2480908,174,mRNA
8037,2478423,2478506,83,mRNA
8038,2475824,2476029,205,mRNA
8039,2475416,2475688,272,mRNA
8040,2474430,2475355,925,mRNA
8041,2473660,2474360,700,mRNA
8042,2473175,2473591,416,mRNA
8043,2472952,2473099,147,mRNA
8044,2470460,2471194,734,mRNA
8045,2517514,2517647,133,mRNA
8046,2513643,2513802,159,mRNA
8047,2501627,2501737,110,mRNA
8048,2501119,2501241,122,mRNA
8049,2500771,2500902,131,mRNA
8050,2500563,2500676,113,mRNA
8051,2500237,2500362,125,mRNA
8052,2499211,2499678,467,mRNA
8053,2498483,2498631,148,mRNA
8054,2498022,2498115,93,mRNA
8055,2497318,2497488,170,mRNA
8056,2496776,2496925,149,mRNA
8057,2496461,2496593,132,mRNA
8058,2495948,2496033,85,mRNA
8059,2495612,2495728,116,mRNA
8060,2495041,2495238,197,mRNA
8061,2494404,2494637,233,mRNA
8062,2492988,2493215,227,mRNA
8063,2492655,2492885,230,mRNA
8064,2492346,2492420,74,mRNA
8065,2491481,2491614,133,mRNA
8066,2491319,2491412,93,mRNA
8067,2490456,2490842,386,mRNA
8068,2488081,2490317,2236,mRNA
8069,2486927,2488013,1086,mRNA
8070,2486057,2486242,185,mRNA
8071,2484617,2484759,142,mRNA
8072,2484333,2484513,180,mRNA
8073,2483486,2484089,603,mRNA
8074,2483124,2483386,262,mRNA
8075,2482459,2482636,177,mRNA
8076,2481997,2482391,394,mRNA
8077,2481417,2481876,459,mRNA
8078,2481070,2481319,249,mRNA
8079,2480734,2480908,174,mRNA
8080,2475824,2476029,205,mRNA
8081,2475416,2475688,272,mRNA
8082,2474430,2475355,925,mRNA
8083,2473660,2474360,700,mRNA
8084,2473175,2473591,416,mRNA
8085,2472952,2473099,147,mRNA
8086,2470460,2471194,734,mRNA
8087,2505130,2505550,420,mRNA
8088,2501627,2501737,110,mRNA
8089,2501119,2501241,122,mRNA
8090,2500771,2500902,131,mRNA
8091,2500563,2500676,113,mRNA
8092,2500237,2500362,125,mRNA
8093,2499211,2499678,467,mRNA
8094,2498483,2498631,148,mRNA
8095,2498022,2498115,93,mRNA
8096,2497318,2497488,170,mRNA
8097,2496776,2496925,149,mRNA
8098,2496461,2496593,132,mRNA
8099,2495948,2496033,85,mRNA
8100,2495612,2495728,116,mRNA
8101,2495041,2495238,197,mRNA
8102,2494404,2494637,233,mRNA
8103,2493551,2493676,125,mRNA
8104,2492988,2493215,227,mRNA
8105,2492655,2492885,230,mRNA
8106,2492346,2492420,74,mRNA
8107,2491481,2491614,133,mRNA
8108,2491319,2491412,93,mRNA
8109,2491145,2491234,89,mRNA
8110,2490456,2490842,386,mRNA
8111,2488081,2490317,2236,mRNA
8112,2486927,2488013,1086,mRNA
8113,2484617,2484759,142,mRNA
8114,2484333,2484513,180,mRNA
8115,2483486,2484089,603,mRNA
8116,2483124,2483386,262,mRNA
8117,2482459,2482636,177,mRNA
8118,2481997,2482391,394,mRNA
8119,2481417,2481876,459,mRNA
8120,2481070,2481319,249,mRNA
8121,2480734,2480908,174,mRNA
8122,2475824,2476029,205,mRNA
8123,2475416,2475688,272,mRNA
8124,2474430,2475355,925,mRNA
8125,2473660,2474360,700,mRNA
8126,2473175,2473591,416,mRNA
8127,2472952,2473099,147,mRNA
8128,2470460,2471194,734,mRNA
8129,2544465,2544623,158,CDS
8130,2523886,2524402,516,CDS
8131,2523639,2523816,177,CDS
8132,2523405,2523529,124,CDS
8133,2522952,2523071,119,CDS
8134,2522224,2522421,197,CDS
8135,2521534,2521788,254,CDS
8136,2501627,2501737,110,CDS
8137,2494404,2494637,233,CDS
8138,2492988,2493215,227,CDS
8139,2492346,2492420,74,CDS
8140,2491481,2491614,133,CDS
8141,2491319,2491412,93,CDS
8142,2490456,2490842,386,CDS
8143,2488081,2490317,2236,CDS
8144,2486927,2488013,1086,CDS
8145,2484617,2484759,142,CDS
8146,2484333,2484513,180,CDS
8147,2483486,2484089,603,CDS
8148,2483124,2483386,262,CDS
8149,2482459,2482636,177,CDS
8150,2481997,2482391,394,CDS
8151,2481417,2481876,459,CDS
8152,2481070,2481319,249,CDS
8153,2480734,2480908,174,CDS
8154,2475824,2476029,205,CDS
8155,2475416,2475688,272,CDS
8156,2474430,2475355,925,CDS
8157,2473660,2474360,700,CDS
8158,2473175,2473591,416,CDS
8159,2472952,2473099,147,CDS
8160,2471152,2471194,42,CDS
8161,2544465,2544623,158,CDS
8162,2523886,2524402,516,CDS
8163,2523639,2523816,177,CDS
8164,2523405,2523529,124,CDS
8165,2522952,2523071,119,CDS
8166,2522224,2522421,197,CDS
8167,2521534,2521788,254,CDS
8168,2501627,2501737,110,CDS
8169,2499211,2499678,467,CDS
8170,2492988,2493215,227,CDS
8171,2492346,2492420,74,CDS
8172,2491481,2491614,133,CDS
8173,2491319,2491412,93,CDS
8174,2490456,2490842,386,CDS
8175,2488081,2490317,2236,CDS
8176,2486927,2488013,1086,CDS
8177,2486057,2486242,185,CDS
8178,2484617,2484759,142,CDS
8179,2484333,2484513,180,CDS
8180,2483486,2484089,603,CDS
8181,2483124,2483386,262,CDS
8182,2482459,2482636,177,CDS
8183,2481997,2482391,394,CDS
8184,2481417,2481876,459,CDS
8185,2481070,2481319,249,CDS
8186,2480734,2480908,174,CDS
8187,2475824,2476029,205,CDS
8188,2475416,2475688,272,CDS
8189,2474430,2475355,925,CDS
8190,2473660,2474360,700,CDS
8191,2473175,2473591,416,CDS
8192,2472952,2473099,147,CDS
8193,2471152,2471194,42,CDS
8194,2544465,2544623,158,CDS
8195,2523886,2524402,516,CDS
8196,2523639,2523816,177,CDS
8197,2523405,2523529,124,CDS
8198,2522952,2523071,119,CDS
8199,2522224,2522421,197,CDS
8200,2521534,2521788,254,CDS
8201,2501627,2501737,110,CDS
8202,2499211,2499678,467,CDS
8203,2494404,2494637,233,CDS
8204,2492988,2493215,227,CDS
8205,2492346,2492420,74,CDS
8206,2491481,2491614,133,CDS
8207,2491319,2491412,93,CDS
8208,2490456,2490842,386,CDS
8209,2488081,2490317,2236,CDS
8210,2486927,2488013,1086,CDS
8211,2484617,2484759,142,CDS
8212,2484333,2484513,180,CDS
8213,2483486,2484089,603,CDS
8214,2483124,2483386,262,CDS
8215,2482459,2482636,177,CDS
8216,2481997,2482391,394,CDS
8217,2481417,2481876,459,CDS
8218,2481070,2481319,249,CDS
8219,2480734,2480908,174,CDS
8220,2475824,2476029,205,CDS
8221,2475416,2475688,272,CDS
8222,2474430,2475355,925,CDS
8223,2473660,2474360,700,CDS
8224,2473175,2473591,416,CDS
8225,2472952,2473099,147,CDS
8226,2471152,2471194,42,CDS
8227,2544465,2544623,158,CDS
8228,2523886,2524402,516,CDS
8229,2523639,2523816,177,CDS
8230,2523405,2523568,163,CDS
8231,2522224,2522421,197,CDS
8232,2521534,2521788,254,CDS
8233,2501627,2501737,110,CDS
8234,2492988,2493215,227,CDS
8235,2492346,2492420,74,CDS
8236,2491481,2491614,133,CDS
8237,2491319,2491412,93,CDS
8238,2490456,2490842,386,CDS
8239,2488081,2490317,2236,CDS
8240,2486927,2488013,1086,CDS
8241,2484617,2484759,142,CDS
8242,2484333,2484513,180,CDS
8243,2483486,2484089,603,CDS
8244,2483124,2483386,262,CDS
8245,2482459,2482636,177,CDS
8246,2481997,2482391,394,CDS
8247,2481417,2481876,459,CDS
8248,2481070,2481319,249,CDS
8249,2480734,2480908,174,CDS
8250,2475824,2476029,205,CDS
8251,2475416,2475688,272,CDS
8252,2474430,2475355,925,CDS
8253,2473660,2474360,700,CDS
8254,2473175,2473591,416,CDS
8255,2472952,2473099,147,CDS
8256,2471152,2471194,42,CDS
8257,2544465,2544623,158,CDS
8258,2523886,2524402,516,CDS
8259,2523639,2523816,177,CDS
8260,2523405,2523568,163,CDS
8261,2522224,2522421,197,CDS
8262,2521534,2521788,254,CDS
8263,2501627,2501737,110,CDS
8264,2492988,2493215,227,CDS
8265,2492346,2492420,74,CDS
8266,2491481,2491614,133,CDS
8267,2491319,2491412,93,CDS
8268,2491145,2491234,89,CDS
8269,2490456,2490842,386,CDS
8270,2488081,2490317,2236,CDS
8271,2486927,2488013,1086,CDS
8272,2484617,2484759,142,CDS
8273,2484333,2484513,180,CDS
8274,2483486,2484089,603,CDS
8275,2483124,2483386,262,CDS
8276,2482459,2482636,177,CDS
8277,2481997,2482391,394,CDS
8278,2481417,2481876,459,CDS
8279,2481070,2481319,249,CDS
8280,2480734,2480908,174,CDS
8281,2478423,2478506,83,CDS
8282,2477477,2477809,332,CDS
8283,2475824,2476029,205,CDS
8284,2475416,2475688,272,CDS
8285,2474430,2475355,925,CDS
8286,2473660,2474360,700,CDS
8287,2473175,2473591,416,CDS
8288,2472952,2473099,147,CDS
8289,2471152,2471194,42,CDS
8290,2544465,2544623,158,CDS
8291,2523886,2524402,516,CDS
8292,2523639,2523816,177,CDS
8293,2523405,2523568,163,CDS
8294,2522224,2522421,197,CDS
8295,2521534,2521788,254,CDS
8296,2501627,2501737,110,CDS
8297,2492988,2493215,227,CDS
8298,2492655,2492885,230,CDS
8299,2492346,2492420,74,CDS
8300,2491481,2491614,133,CDS
8301,2491319,2491412,93,CDS
8302,2490456,2490842,386,CDS
8303,2488081,2490317,2236,CDS
8304,2486927,2488013,1086,CDS
8305,2484617,2484759,142,CDS
8306,2484333,2484513,180,CDS
8307,2483486,2484089,603,CDS
8308,2483124,2483386,262,CDS
8309,2482459,2482636,177,CDS
8310,2481997,2482391,394,CDS
8311,2481417,2481876,459,CDS
8312,2481070,2481319,249,CDS
8313,2480734,2480908,174,CDS
8314,2475824,2476029,205,CDS
8315,2475416,2475688,272,CDS
8316,2474430,2475355,925,CDS
8317,2473660,2474360,700,CDS
8318,2473175,2473591,416,CDS
8319,2472952,2473099,147,CDS
8320,2471152,2471194,42,CDS
8321,2544465,2544623,158,CDS
8322,2523886,2524402,516,CDS
8323,2523639,2523816,177,CDS
8324,2523405,2523568,163,CDS
8325,2522224,2522421,197,CDS
8326,2521534,2521788,254,CDS
8327,2501627,2501737,110,CDS
8328,2494404,2494637,233,CDS
8329,2492988,2493215,227,CDS
8330,2492346,2492420,74,CDS
8331,2491481,2491614,133,CDS
8332,2491319,2491412,93,CDS
8333,2490456,2490842,386,CDS
8334,2488081,2490317,2236,CDS
8335,2486927,2488013,1086,CDS
8336,2484617,2484759,142,CDS
8337,2484333,2484513,180,CDS
8338,2483486,2484089,603,CDS
8339,2483124,2483386,262,CDS
8340,2482459,2482636,177,CDS
8341,2481997,2482391,394,CDS
8342,2481417,2481876,459,CDS
8343,2481070,2481319,249,CDS
8344,2480734,2480908,174,CDS
8345,2475824,2476029,205,CDS
8346,2475416,2475688,272,CDS
8347,2474430,2475355,925,CDS
8348,2473660,2474360,700,CDS
8349,2473175,2473591,416,CDS
8350,2472952,2473099,147,CDS
8351,2471152,2471194,42,CDS
8352,2544465,2544623,158,CDS
8353,2523886,2524402,516,CDS
8354,2523639,2523816,177,CDS
8355,2523405,2523568,163,CDS
8356,2522224,2522421,197,CDS
8357,2521534,2521788,254,CDS
8358,2501627,2501737,110,CDS
8359,2498483,2498631,148,CDS
8360,2498022,2498115,93,CDS
8361,2494404,2494637,233,CDS
8362,2492988,2493215,227,CDS
8363,2492346,2492420,74,CDS
8364,2491481,2491614,133,CDS
8365,2491319,2491412,93,CDS
8366,2490456,2490842,386,CDS
8367,2488081,2490317,2236,CDS
8368,2486927,2488013,1086,CDS
8369,2484617,2484759,142,CDS
8370,2484333,2484513,180,CDS
8371,2483486,2484089,603,CDS
8372,2483124,2483386,262,CDS
8373,2482459,2482636,177,CDS
8374,2481997,2482391,394,CDS
8375,2481417,2481876,459,CDS
8376,2481070,2481319,249,CDS
8377,2480734,2480908,174,CDS
8378,2475824,2476029,205,CDS
8379,2475416,2475688,272,CDS
8380,2474430,2475355,925,CDS
8381,2473660,2474360,700,CDS
8382,2473175,2473591,416,CDS
8383,2472952,2473099,147,CDS
8384,2471152,2471194,42,CDS
8385,2544465,2544623,158,CDS
8386,2523886,2524402,516,CDS
8387,2523639,2523816,177,CDS
8388,2523405,2523568,163,CDS
8389,2522224,2522421,197,CDS
8390,2521534,2521788,254,CDS
8391,2501627,2501737,110,CDS
8392,2499211,2499678,467,CDS
8393,2498483,2498631,148,CDS
8394,2498022,2498115,93,CDS
8395,2497318,2497488,170,CDS
8396,2496776,2496925,149,CDS
8397,2494404,2494637,233,CDS
8398,2492988,2493215,227,CDS
8399,2492346,2492420,74,CDS
8400,2491481,2491614,133,CDS
8401,2491319,2491412,93,CDS
8402,2490456,2490842,386,CDS
8403,2488081,2490317,2236,CDS
8404,2486927,2488013,1086,CDS
8405,2484617,2484759,142,CDS
8406,2484333,2484513,180,CDS
8407,2483486,2484089,603,CDS
8408,2483124,2483386,262,CDS
8409,2482459,2482636,177,CDS
8410,2481997,2482391,394,CDS
8411,2481417,2481876,459,CDS
8412,2481070,2481319,249,CDS
8413,2480734,2480908,174,CDS
8414,2475824,2476029,205,CDS
8415,2475416,2475688,272,CDS
8416,2474430,2475355,925,CDS
8417,2473660,2474360,700,CDS
8418,2473175,2473591,416,CDS
8419,2472952,2473099,147,CDS
8420,2471152,2471194,42,CDS
8421,2544465,2544623,158,CDS
8422,2523886,2524402,516,CDS
8423,2523639,2523816,177,CDS
8424,2523405,2523568,163,CDS
8425,2522224,2522421,197,CDS
8426,2521534,2521788,254,CDS
8427,2501627,2501737,110,CDS
8428,2501119,2501241,122,CDS
8429,2500237,2500362,125,CDS
8430,2499211,2499678,467,CDS
8431,2492988,2493215,227,CDS
8432,2492346,2492420,74,CDS
8433,2491481,2491614,133,CDS
8434,2491319,2491412,93,CDS
8435,2490456,2490842,386,CDS
8436,2488081,2490317,2236,CDS
8437,2486927,2488013,1086,CDS
8438,2484617,2484759,142,CDS
8439,2484333,2484513,180,CDS
8440,2483486,2484089,603,CDS
8441,2483124,2483386,262,CDS
8442,2482459,2482636,177,CDS
8443,2481997,2482391,394,CDS
8444,2481417,2481876,459,CDS
8445,2481070,2481319,249,CDS
8446,2480734,2480908,174,CDS
8447,2475824,2476029,205,CDS
8448,2475416,2475688,272,CDS
8449,2474430,2475355,925,CDS
8450,2473660,2474360,700,CDS
8451,2473175,2473591,416,CDS
8452,2472952,2473099,147,CDS
8453,2471152,2471194,42,CDS
8454,2544465,2544623,158,CDS
8455,2523886,2524402,516,CDS
8456,2523639,2523816,177,CDS
8457,2523405,2523568,163,CDS
8458,2522224,2522421,197,CDS
8459,2521534,2521788,254,CDS
8460,2501627,2501737,110,CDS
8461,2501119,2501241,122,CDS
8462,2500237,2500362,125,CDS
8463,2499211,2499678,467,CDS
8464,2495612,2495728,116,CDS
8465,2495041,2495238,197,CDS
8466,2494404,2494637,233,CDS
8467,2492988,2493215,227,CDS
8468,2492346,2492420,74,CDS
8469,2491481,2491614,133,CDS
8470,2491319,2491412,93,CDS
8471,2490456,2490842,386,CDS
8472,2488081,2490317,2236,CDS
8473,2486927,2488013,1086,CDS
8474,2484617,2484759,142,CDS
8475,2484333,2484513,180,CDS
8476,2483486,2484089,603,CDS
8477,2483124,2483386,262,CDS
8478,2482459,2482636,177,CDS
8479,2481997,2482391,394,CDS
8480,2481417,2481876,459,CDS
8481,2481070,2481319,249,CDS
8482,2480734,2480908,174,CDS
8483,2475824,2476029,205,CDS
8484,2475416,2475688,272,CDS
8485,2474430,2475355,925,CDS
8486,2473660,2474360,700,CDS
8487,2473175,2473591,416,CDS
8488,2472952,2473099,147,CDS
8489,2471152,2471194,42,CDS
8490,2544465,2544623,158,CDS
8491,2523886,2524402,516,CDS
8492,2523639,2523816,177,CDS
8493,2523405,2523568,163,CDS
8494,2522224,2522421,197,CDS
8495,2521534,2521788,254,CDS
8496,2501627,2501737,110,CDS
8497,2501119,2501241,122,CDS
8498,2500237,2500362,125,CDS
8499,2499211,2499678,467,CDS
8500,2498483,2498631,148,CDS
8501,2498022,2498115,93,CDS
8502,2494404,2494637,233,CDS
8503,2492988,2493215,227,CDS
8504,2492655,2492885,230,CDS
8505,2492346,2492420,74,CDS
8506,2491481,2491614,133,CDS
8507,2491319,2491412,93,CDS
8508,2490456,2490842,386,CDS
8509,2488081,2490317,2236,CDS
8510,2486927,2488013,1086,CDS
8511,2484617,2484759,142,CDS
8512,2484333,2484513,180,CDS
8513,2483486,2484089,603,CDS
8514,2483124,2483386,262,CDS
8515,2482459,2482636,177,CDS
8516,2481997,2482391,394,CDS
8517,2481417,2481876,459,CDS
8518,2481070,2481319,249,CDS
8519,2480734,2480908,174,CDS
8520,2475824,2476029,205,CDS
8521,2475416,2475688,272,CDS
8522,2474430,2475355,925,CDS
8523,2473660,2474360,700,CDS
8524,2473175,2473591,416,CDS
8525,2472952,2473099,147,CDS
8526,2471152,2471194,42,CDS
8527,2544465,2544623,158,CDS
8528,2523886,2524402,516,CDS
8529,2523639,2523816,177,CDS
8530,2523405,2523568,163,CDS
8531,2522224,2522421,197,CDS
8532,2521534,2521788,254,CDS
8533,2501627,2501737,110,CDS
8534,2501119,2501241,122,CDS
8535,2500237,2500362,125,CDS
8536,2499211,2499678,467,CDS
8537,2498483,2498631,148,CDS
8538,2498022,2498115,93,CDS
8539,2497318,2497488,170,CDS
8540,2496776,2496925,149,CDS
8541,2495041,2495238,197,CDS
8542,2494404,2494637,233,CDS
8543,2492988,2493215,227,CDS
8544,2492346,2492420,74,CDS
8545,2491481,2491614,133,CDS
8546,2491319,2491412,93,CDS
8547,2490456,2490842,386,CDS
8548,2488081,2490317,2236,CDS
8549,2486927,2488013,1086,CDS
8550,2484617,2484759,142,CDS
8551,2484333,2484513,180,CDS
8552,2483486,2484089,603,CDS
8553,2483124,2483386,262,CDS
8554,2482459,2482636,177,CDS
8555,2481997,2482391,394,CDS
8556,2481417,2481876,459,CDS
8557,2481070,2481319,249,CDS
8558,2480734,2480908,174,CDS
8559,2475824,2476029,205,CDS
8560,2475416,2475688,272,CDS
8561,2474430,2475355,925,CDS
8562,2473660,2474360,700,CDS
8563,2473175,2473591,416,CDS
8564,2472952,2473099,147,CDS
8565,2471152,2471194,42,CDS
8566,2544465,2544623,158,CDS
8567,2523886,2524402,516,CDS
8568,2523639,2523816,177,CDS
8569,2523405,2523568,163,CDS
8570,2522224,2522421,197,CDS
8571,2521534,2521788,254,CDS
8572,2501627,2501737,110,CDS
8573,2501119,2501241,122,CDS
8574,2500237,2500362,125,CDS
8575,2499211,2499678,467,CDS
8576,2498483,2498631,148,CDS
8577,2498022,2498115,93,CDS
8578,2497318,2497488,170,CDS
8579,2496776,2496925,149,CDS
8580,2496461,2496593,132,CDS
8581,2495948,2496033,85,CDS
8582,2495041,2495238,197,CDS
8583,2494404,2494637,233,CDS
8584,2492988,2493215,227,CDS
8585,2492346,2492420,74,CDS
8586,2491481,2491614,133,CDS
8587,2491319,2491412,93,CDS
8588,2490456,2490842,386,CDS
8589,2488081,2490317,2236,CDS
8590,2486927,2488013,1086,CDS
8591,2486057,2486242,185,CDS
8592,2484617,2484759,142,CDS
8593,2484333,2484513,180,CDS
8594,2483486,2484089,603,CDS
8595,2483124,2483386,262,CDS
8596,2482459,2482636,177,CDS
8597,2481997,2482391,394,CDS
8598,2481417,2481876,459,CDS
8599,2481070,2481319,249,CDS
8600,2480734,2480908,174,CDS
8601,2475824,2476029,205,CDS
8602,2475416,2475688,272,CDS
8603,2474430,2475355,925,CDS
8604,2473660,2474360,700,CDS
8605,2473175,2473591,416,CDS
8606,2472952,2473099,147,CDS
8607,2471152,2471194,42,CDS
8608,2544465,2544623,158,CDS
8609,2523886,2524402,516,CDS
8610,2523639,2523816,177,CDS
8611,2523405,2523568,163,CDS
8612,2522224,2522421,197,CDS
8613,2521534,2521788,254,CDS
8614,2501627,2501737,110,CDS
8615,2501119,2501241,122,CDS
8616,2500237,2500362,125,CDS
8617,2499211,2499678,467,CDS
8618,2498483,2498631,148,CDS
8619,2498022,2498115,93,CDS
8620,2497318,2497488,170,CDS
8621,2496776,2496925,149,CDS
8622,2496461,2496593,132,CDS
8623,2495948,2496033,85,CDS
8624,2495612,2495728,116,CDS
8625,2495041,2495238,197,CDS
8626,2494404,2494637,233,CDS
8627,2492988,2493215,227,CDS
8628,2492346,2492420,74,CDS
8629,2491481,2491614,133,CDS
8630,2491319,2491412,93,CDS
8631,2490456,2490842,386,CDS
8632,2488081,2490317,2236,CDS
8633,2486927,2488013,1086,CDS
8634,2484617,2484759,142,CDS
8635,2484333,2484513,180,CDS
8636,2483486,2484089,603,CDS
8637,2483124,2483386,262,CDS
8638,2482459,2482636,177,CDS
8639,2481997,2482391,394,CDS
8640,2481417,2481876,459,CDS
8641,2481070,2481319,249,CDS
8642,2480734,2480908,174,CDS
8643,2475824,2476029,205,CDS
8644,2475416,2475688,272,CDS
8645,2474430,2475355,925,CDS
8646,2473660,2474360,700,CDS
8647,2473175,2473591,416,CDS
8648,2472952,2473099,147,CDS
8649,2471152,2471194,42,CDS
8650,2544465,2544623,158,CDS
8651,2523886,2524402,516,CDS
8652,2523639,2523816,177,CDS
8653,2523405,2523568,163,CDS
8654,2522952,2523071,119,CDS
8655,2522224,2522421,197,CDS
8656,2521534,2521788,254,CDS
8657,2501627,2501737,110,CDS
8658,2501119,2501241,122,CDS
8659,2500237,2500362,125,CDS
8660,2499211,2499678,467,CDS
8661,2492988,2493215,227,CDS
8662,2492346,2492420,74,CDS
8663,2491481,2491614,133,CDS
8664,2491319,2491412,93,CDS
8665,2490456,2490842,386,CDS
8666,2488081,2490317,2236,CDS
8667,2486927,2488013,1086,CDS
8668,2484617,2484759,142,CDS
8669,2484333,2484513,180,CDS
8670,2483486,2484089,603,CDS
8671,2483124,2483386,262,CDS
8672,2482459,2482636,177,CDS
8673,2481997,2482391,394,CDS
8674,2481417,2481876,459,CDS
8675,2481070,2481319,249,CDS
8676,2480734,2480908,174,CDS
8677,2475824,2476029,205,CDS
8678,2475416,2475688,272,CDS
8679,2474430,2475355,925,CDS
8680,2473660,2474360,700,CDS
8681,2473175,2473591,416,CDS
8682,2472952,2473099,147,CDS
8683,2471152,2471194,42,CDS
8684,2544465,2544623,158,CDS
8685,2523886,2524402,516,CDS
8686,2523639,2523816,177,CDS
8687,2523405,2523568,163,CDS
8688,2522952,2523071,119,CDS
8689,2522224,2522421,197,CDS
8690,2521534,2521788,254,CDS
8691,2501627,2501737,110,CDS
8692,2501119,2501241,122,CDS
8693,2500237,2500362,125,CDS
8694,2499211,2499678,467,CDS
8695,2498483,2498631,148,CDS
8696,2498022,2498115,93,CDS
8697,2497318,2497488,170,CDS
8698,2496776,2496925,149,CDS
8699,2496461,2496593,132,CDS
8700,2495948,2496033,85,CDS
8701,2495612,2495728,116,CDS
8702,2495041,2495238,197,CDS
8703,2494404,2494637,233,CDS
8704,2492988,2493215,227,CDS
8705,2492346,2492420,74,CDS
8706,2491481,2491614,133,CDS
8707,2491319,2491412,93,CDS
8708,2490456,2490842,386,CDS
8709,2488081,2490317,2236,CDS
8710,2486927,2488013,1086,CDS
8711,2484617,2484759,142,CDS
8712,2484333,2484513,180,CDS
8713,2483486,2484089,603,CDS
8714,2483124,2483386,262,CDS
8715,2482459,2482636,177,CDS
8716,2481997,2482391,394,CDS
8717,2481417,2481876,459,CDS
8718,2481070,2481319,249,CDS
8719,2480734,2480908,174,CDS
8720,2475824,2476029,205,CDS
8721,2475416,2475688,272,CDS
8722,2474430,2475355,925,CDS
8723,2473660,2474360,700,CDS
8724,2473175,2473591,416,CDS
8725,2472952,2473099,147,CDS
8726,2471152,2471194,42,CDS
8727,2544465,2544623,158,CDS
8728,2523886,2524402,516,CDS
8729,2523639,2523816,177,CDS
8730,2523405,2523568,163,CDS
8731,2522952,2523071,119,CDS
8732,2522224,2522421,197,CDS
8733,2521534,2521788,254,CDS
8734,2501627,2501737,110,CDS
8735,2501119,2501241,122,CDS
8736,2500237,2500362,125,CDS
8737,2499211,2499678,467,CDS
8738,2498483,2498631,148,CDS
8739,2498022,2498115,93,CDS
8740,2497318,2497488,170,CDS
8741,2496776,2496925,149,CDS
8742,2496461,2496593,132,CDS
8743,2495948,2496033,85,CDS
8744,2495612,2495728,116,CDS
8745,2495041,2495238,197,CDS
8746,2494404,2494637,233,CDS
8747,2492988,2493215,227,CDS
8748,2492346,2492420,74,CDS
8749,2491481,2491614,133,CDS
8750,2491319,2491412,93,CDS
8751,2490456,2490842,386,CDS
8752,2488081,2490317,2236,CDS
8753,2486927,2488013,1086,CDS
8754,2484617,2484759,142,CDS
8755,2484333,2484513,180,CDS
8756,2483486,2484089,603,CDS
8757,2483124,2483386,262,CDS
8758,2482459,2482636,177,CDS
8759,2481997,2482391,394,CDS
8760,2481417,2481876,459,CDS
8761,2481070,2481319,249,CDS
8762,2480734,2480908,174,CDS
8763,2478423,2478506,83,CDS
8764,2475824,2476029,205,CDS
8765,2475416,2475688,272,CDS
8766,2474430,2475355,925,CDS
8767,2473660,2474360,700,CDS
8768,2473175,2473591,416,CDS
8769,2472952,2473099,147,CDS
8770,2471152,2471194,42,CDS
8771,2513643,2513745,102,CDS
8772,2501627,2501737,110,CDS
8773,2501119,2501241,122,CDS
8774,2500771,2500902,131,CDS
8775,2500563,2500676,113,CDS
8776,2500237,2500362,125,CDS
8777,2499211,2499678,467,CDS
8778,2498483,2498631,148,CDS
8779,2498022,2498115,93,CDS
8780,2497318,2497488,170,CDS
8781,2496776,2496925,149,CDS
8782,2496461,2496593,132,CDS
8783,2495948,2496033,85,CDS
8784,2495612,2495728,116,CDS
8785,2495041,2495238,197,CDS
8786,2494404,2494637,233,CDS
8787,2492988,2493215,227,CDS
8788,2492655,2492885,230,CDS
8789,2492346,2492420,74,CDS
8790,2491481,2491614,133,CDS
8791,2491319,2491412,93,CDS
8792,2490456,2490842,386,CDS
8793,2488081,2490317,2236,CDS
8794,2486927,2488013,1086,CDS
8795,2486057,2486242,185,CDS
8796,2484617,2484759,142,CDS
8797,2484333,2484513,180,CDS
8798,2483486,2484089,603,CDS
8799,2483124,2483386,262,CDS
8800,2482459,2482636,177,CDS
8801,2481997,2482391,394,CDS
8802,2481417,2481876,459,CDS
8803,2481070,2481319,249,CDS
8804,2480734,2480908,174,CDS
8805,2475824,2476029,205,CDS
8806,2475416,2475688,272,CDS
8807,2474430,2475355,925,CDS
8808,2473660,2474360,700,CDS
8809,2473175,2473591,416,CDS
8810,2472952,2473099,147,CDS
8811,2471152,2471194,42,CDS
8812,2505130,2505343,213,CDS
8813,2501627,2501737,110,CDS
8814,2501119,2501241,122,CDS
8815,2500771,2500902,131,CDS
8816,2500563,2500676,113,CDS
8817,2500237,2500362,125,CDS
8818,2499211,2499678,467,CDS
8819,2498483,2498631,148,CDS
8820,2498022,2498115,93,CDS
8821,2497318,2497488,170,CDS
8822,2496776,2496925,149,CDS
8823,2496461,2496593,132,CDS
8824,2495948,2496033,85,CDS
8825,2495612,2495728,116,CDS
8826,2495041,2495238,197,CDS
8827,2494404,2494637,233,CDS
8828,2493551,2493676,125,CDS
8829,2492988,2493215,227,CDS
8830,2492655,2492885,230,CDS
8831,2492346,2492420,74,CDS
8832,2491481,2491614,133,CDS
8833,2491319,2491412,93,CDS
8834,2491145,2491234,89,CDS
8835,2490456,2490842,386,CDS
8836,2488081,2490317,2236,CDS
8837,2486927,2488013,1086,CDS
8838,2484617,2484759,142,CDS
8839,2484333,2484513,180,CDS
8840,2483486,2484089,603,CDS
8841,2483124,2483386,262,CDS
8842,2482459,2482636,177,CDS
8843,2481997,2482391,394,CDS
8844,2481417,2481876,459,CDS
8845,2481070,2481319,249,CDS
8846,2480734,2480908,174,CDS
8847,2475824,2476029,205,CDS
8848,2475416,2475688,272,CDS
8849,2474430,2475355,925,CDS
8850,2473660,2474360,700,CDS
8851,2473175,2473591,416,CDS
8852,2472952,2473099,147,CDS
8853,2471152,2471194,42,CDS
8854,2545383,2545410,27,mRNA
8855,2544465,2544762,297,mRNA
8856,2523886,2524402,516,mRNA
8857,2523639,2523816,177,mRNA
8858,2523405,2523529,124,mRNA
8859,2522952,2523071,119,mRNA
8860,2522224,2522421,197,mRNA
8861,2521534,2521788,254,mRNA
8862,2501627,2501737,110,mRNA
8863,2492988,2493215,227,mRNA
8864,2492346,2492420,74,mRNA
8865,2491481,2491614,133,mRNA
8866,2491319,2491412,93,mRNA
8867,2490456,2490842,386,mRNA
8868,2488081,2490317,2236,mRNA
8869,2486927,2488013,1086,mRNA
8870,2484617,2484759,142,mRNA
8871,2484333,2484513,180,mRNA
8872,2483486,2484089,603,mRNA
8873,2483124,2483386,262,mRNA
8874,2482459,2482636,177,mRNA
8875,2481997,2482391,394,mRNA
8876,2481417,2481876,459,mRNA
8877,2481070,2481319,249,mRNA
8878,2476259,2480908,4649,mRNA
8879,2545383,2545410,27,mRNA
8880,2544465,2544762,297,mRNA
8881,2523886,2524402,516,mRNA
8882,2523639,2523816,177,mRNA
8883,2523405,2523568,163,mRNA
8884,2522952,2523071,119,mRNA
8885,2522224,2522421,197,mRNA
8886,2521534,2521788,254,mRNA
8887,2501627,2501737,110,mRNA
8888,2501119,2501241,122,mRNA
8889,2500237,2500362,125,mRNA
8890,2499211,2499678,467,mRNA
8891,2492988,2493215,227,mRNA
8892,2492346,2492420,74,mRNA
8893,2491481,2491614,133,mRNA
8894,2491319,2491412,93,mRNA
8895,2490456,2490842,386,mRNA
8896,2488081,2490317,2236,mRNA
8897,2486927,2488013,1086,mRNA
8898,2484617,2484759,142,mRNA
8899,2484333,2484513,180,mRNA
8900,2483486,2484089,603,mRNA
8901,2483124,2483386,262,mRNA
8902,2482459,2482636,177,mRNA
8903,2481997,2482391,394,mRNA
8904,2481417,2481876,459,mRNA
8905,2481070,2481319,249,mRNA
8906,2479617,2480908,1291,mRNA
8907,2544465,2544623,158,CDS
8908,2523886,2524402,516,CDS
8909,2523639,2523816,177,CDS
8910,2523405,2523529,124,CDS
8911,2522952,2523071,119,CDS
8912,2522224,2522421,197,CDS
8913,2521534,2521788,254,CDS
8914,2501627,2501737,110,CDS
8915,2492988,2493215,227,CDS
8916,2492346,2492420,74,CDS
8917,2491481,2491614,133,CDS
8918,2491319,2491412,93,CDS
8919,2490456,2490842,386,CDS
8920,2488081,2490317,2236,CDS
8921,2486927,2488013,1086,CDS
8922,2484617,2484759,142,CDS
8923,2484333,2484513,180,CDS
8924,2483486,2484089,603,CDS
8925,2483124,2483386,262,CDS
8926,2482459,2482636,177,CDS
8927,2481997,2482391,394,CDS
8928,2481417,2481876,459,CDS
8929,2481070,2481319,249,CDS
8930,2480726,2480908,182,CDS
8931,2544465,2544623,158,CDS
8932,2523886,2524402,516,CDS
8933,2523639,2523816,177,CDS
8934,2523405,2523568,163,CDS
8935,2522952,2523071,119,CDS
8936,2522224,2522421,197,CDS
8937,2521534,2521788,254,CDS
8938,2501627,2501737,110,CDS
8939,2501119,2501241,122,CDS
8940,2500237,2500362,125,CDS
8941,2499211,2499678,467,CDS
8942,2492988,2493215,227,CDS
8943,2492346,2492420,74,CDS
8944,2491481,2491614,133,CDS
8945,2491319,2491412,93,CDS
8946,2490456,2490842,386,CDS
8947,2488081,2490317,2236,CDS
8948,2486927,2488013,1086,CDS
8949,2484617,2484759,142,CDS
8950,2484333,2484513,180,CDS
8951,2483486,2484089,603,CDS
8952,2483124,2483386,262,CDS
8953,2482459,2482636,177,CDS
8954,2481997,2482391,394,CDS
8955,2481417,2481876,459,CDS
8956,2481070,2481319,249,CDS
8957,2480726,2480908,182,CDS
8958,2544740,2544908,168,gene
8959,2544740,2544908,168,precursor_RNA
8960,2544764,2544785,21,ncRNA
8961,2544860,2544881,21,ncRNA
8962,2552206,2578640,26434,gene
8963,2552206,2552274,68,mRNA
8964,2554264,2554417,153,mRNA
8965,2572974,2573430,456,mRNA
8966,2573500,2573610,110,mRNA
8967,2574472,2574623,151,mRNA
8968,2574863,2575120,257,mRNA
8969,2575192,2575488,296,mRNA
8970,2575555,2575818,263,mRNA
8971,2575894,2576054,160,mRNA
8972,2576117,2576384,267,mRNA
8973,2577593,2578640,1047,mRNA
8974,2554103,2554417,314,mRNA
8975,2572974,2573430,456,mRNA
8976,2573500,2573610,110,mRNA
8977,2574472,2574623,151,mRNA
8978,2574863,2575120,257,mRNA
8979,2575192,2575488,296,mRNA
8980,2575555,2575818,263,mRNA
8981,2575894,2576054,160,mRNA
8982,2576117,2576384,267,mRNA
8983,2577593,2578640,1047,mRNA
8984,2554103,2554417,314,mRNA
8985,2572974,2573430,456,mRNA
8986,2573500,2573610,110,mRNA
8987,2574472,2574623,151,mRNA
8988,2574863,2575120,257,mRNA
8989,2575192,2575488,296,mRNA
8990,2575555,2575818,263,mRNA
8991,2575894,2576054,160,mRNA
8992,2576117,2577011,894,mRNA
8993,2572206,2572846,640,mRNA
8994,2572974,2573430,456,mRNA
8995,2573500,2573610,110,mRNA
8996,2574472,2574623,151,mRNA
8997,2574863,2575120,257,mRNA
8998,2575192,2575488,296,mRNA
8999,2575555,2575818,263,mRNA
9000,2575894,2576054,160,mRNA
9001,2576117,2577005,888,mRNA
9002,2572667,2572846,179,CDS
9003,2572974,2573430,456,CDS
9004,2573500,2573610,110,CDS
9005,2574472,2574623,151,CDS
9006,2574863,2575120,257,CDS
9007,2575192,2575488,296,CDS
9008,2575555,2575818,263,CDS
9009,2575894,2576054,160,CDS
9010,2576117,2576453,336,CDS
9011,2573001,2573430,429,CDS
9012,2573500,2573610,110,CDS
9013,2574472,2574623,151,CDS
9014,2574863,2575120,257,CDS
9015,2575192,2575488,296,CDS
9016,2575555,2575818,263,CDS
9017,2575894,2576054,160,CDS
9018,2576117,2576384,267,CDS
9019,2577593,2577826,233,CDS
9020,2573001,2573430,429,CDS
9021,2573500,2573610,110,CDS
9022,2574472,2574623,151,CDS
9023,2574863,2575120,257,CDS
9024,2575192,2575488,296,CDS
9025,2575555,2575818,263,CDS
9026,2575894,2576054,160,CDS
9027,2576117,2576384,267,CDS
9028,2577593,2577826,233,CDS
9029,2573001,2573430,429,CDS
9030,2573500,2573610,110,CDS
9031,2574472,2574623,151,CDS
9032,2574863,2575120,257,CDS
9033,2575192,2575488,296,CDS
9034,2575555,2575818,263,CDS
9035,2575894,2576054,160,CDS
9036,2576117,2576453,336,CDS
9037,2579091,2580560,1469,gene
9038,2580174,2580560,386,mRNA
9039,2579996,2580113,117,mRNA
9040,2579577,2579940,363,mRNA
9041,2579091,2579515,424,mRNA
9042,2580174,2580404,230,mRNA
9043,2579996,2580113,117,mRNA
9044,2579577,2579940,363,mRNA
9045,2579091,2579515,424,mRNA
9046,2580174,2580214,40,CDS
9047,2579996,2580113,117,CDS
9048,2579577,2579940,363,CDS
9049,2579289,2579515,226,CDS
9050,2580174,2580214,40,CDS
9051,2579996,2580113,117,CDS
9052,2579577,2579940,363,CDS
9053,2579289,2579515,226,CDS
9054,2580958,2583823,2865,gene
9055,2580958,2581112,154,mRNA
9056,2582989,2583823,834,mRNA
9057,2582477,2582575,98,mRNA
9058,2582989,2583823,834,mRNA
9059,2582704,2582826,122,mRNA
9060,2582989,2583823,834,mRNA
9061,2582704,2582826,122,mRNA
9062,2583009,2583823,814,mRNA
9063,2583040,2583726,686,CDS
9064,2583040,2583726,686,CDS
9065,2583040,2583726,686,CDS
9066,2583040,2583726,686,CDS
9067,2583745,2585699,1954,gene
9068,2585651,2585699,48,mRNA
9069,2584998,2585412,414,mRNA
9070,2584667,2584935,268,mRNA
9071,2584463,2584602,139,mRNA
9072,2583745,2584395,650,mRNA
9073,2584998,2585380,382,mRNA
9074,2584667,2584935,268,mRNA
9075,2584463,2584548,85,mRNA
9076,2583745,2584395,650,mRNA
9077,2584998,2585207,209,CDS
9078,2584667,2584935,268,CDS
9079,2584463,2584548,85,CDS
9080,2584292,2584395,103,CDS
9081,2584998,2585207,209,CDS
9082,2584667,2584935,268,CDS
9083,2584463,2584602,139,CDS
9084,2584292,2584395,103,CDS
9085,2585980,2588217,2237,gene
9086,2585980,2586549,569,mRNA
9087,2586761,2587386,625,mRNA
9088,2587441,2588217,776,mRNA
9089,2585980,2586549,569,mRNA
9090,2586761,2587386,625,mRNA
9091,2587441,2587878,437,mRNA
9092,2586279,2586549,270,CDS
9093,2586761,2587386,625,CDS
9094,2587441,2587629,188,CDS
9095,2586279,2586549,270,CDS
9096,2586761,2587386,625,CDS
9097,2587441,2587629,188,CDS
9098,2588503,2599111,10608,gene
9099,2588503,2589506,1003,mRNA
9100,2595726,2597015,1289,mRNA
9101,2597327,2598627,1300,mRNA
9102,2592121,2592348,227,mRNA
9103,2595726,2597015,1289,mRNA
9104,2597327,2599111,1784,mRNA
9105,2593577,2593931,354,mRNA
9106,2595726,2597015,1289,mRNA
9107,2597327,2598627,1300,mRNA
9108,2596215,2597015,800,CDS
9109,2597327,2597899,572,CDS
9110,2596215,2597015,800,CDS
9111,2597327,2597899,572,CDS
9112,2596215,2597015,800,CDS
9113,2597327,2597899,572,CDS
9114,2599158,2604052,4894,gene
9115,2603680,2604052,372,mRNA
9116,2602919,2603598,679,mRNA
9117,2602694,2602845,151,mRNA
9118,2600359,2602622,2263,mRNA
9119,2599779,2600275,496,mRNA
9120,2599158,2599718,560,mRNA
9121,2603680,2603903,223,mRNA
9122,2602919,2603598,679,mRNA
9123,2602694,2602845,151,mRNA
9124,2600359,2602622,2263,mRNA
9125,2599779,2600275,496,mRNA
9126,2599446,2599718,272,mRNA
9127,2602919,2603598,679,CDS
9128,2602694,2602845,151,CDS
9129,2600359,2602622,2263,CDS
9130,2599779,2600275,496,CDS
9131,2599673,2599718,45,CDS
9132,2602919,2603598,679,CDS
9133,2602694,2602845,151,CDS
9134,2600359,2602622,2263,CDS
9135,2599779,2600275,496,CDS
9136,2599673,2599718,45,CDS
9137,2604197,2606824,2627,gene
9138,2604197,2605652,1455,mRNA
9139,2605714,2606824,1110,mRNA
9140,2604303,2605652,1349,CDS
9141,2605714,2606529,815,CDS
9142,2606680,2608876,2196,gene
9143,2608471,2608876,405,mRNA
9144,2608171,2608412,241,mRNA
9145,2607970,2608103,133,mRNA
9146,2607262,2607724,462,mRNA
9147,2606680,2607196,516,mRNA
9148,2608471,2608667,196,CDS
9149,2608171,2608412,241,CDS
9150,2607970,2608103,133,CDS
9151,2607262,2607724,462,CDS
9152,2606826,2607196,370,CDS
9153,2609247,2610336,1089,gene
9154,2610246,2610336,90,mRNA
9155,2609247,2610182,935,mRNA
9156,2609373,2610182,809,CDS
9157,2610440,2617499,7059,mobile_element
9158,2617758,2619738,1980,gene
9159,2619116,2619738,622,mRNA
9160,2618869,2619039,170,mRNA
9161,2617758,2618761,1003,mRNA
9162,2619116,2619738,622,mRNA
9163,2618869,2619039,170,mRNA
9164,2618276,2618761,485,mRNA
9165,2619116,2619533,417,CDS
9166,2618869,2619039,170,CDS
9167,2618436,2618761,325,CDS
9168,2619116,2619533,417,CDS
9169,2618869,2619039,170,CDS
9170,2618436,2618761,325,CDS
9171,2619799,2622140,2341,gene
9172,2619799,2620593,794,mRNA
9173,2620825,2621312,487,mRNA
9174,2621379,2622140,761,mRNA
9175,2620310,2620593,283,CDS
9176,2620825,2621312,487,CDS
9177,2621379,2621719,340,CDS
9178,2622069,2624575,2506,gene
9179,2623595,2624575,980,mRNA
9180,2622435,2623514,1079,mRNA
9181,2622069,2622341,272,mRNA
9182,2623595,2624575,980,mRNA
9183,2622069,2623514,1445,mRNA
9184,2623595,2624524,929,CDS
9185,2622435,2623514,1079,CDS
9186,2622192,2622341,149,CDS
9187,2623595,2624524,929,CDS
9188,2622192,2623514,1322,CDS
9189,2624804,2633672,8868,gene
9190,2624804,2625113,309,mRNA
9191,2625572,2625785,213,mRNA
9192,2625864,2626925,1061,mRNA
9193,2627424,2627483,59,mRNA
9194,2627863,2628364,501,mRNA
9195,2628423,2629409,986,mRNA
9196,2629476,2631280,1804,mRNA
9197,2631365,2632281,916,mRNA
9198,2632344,2632532,188,mRNA
9199,2632605,2632851,246,mRNA
9200,2632912,2633672,760,mRNA
9201,2624804,2625113,309,mRNA
9202,2625572,2625785,213,mRNA
9203,2625864,2626925,1061,mRNA
9204,2627863,2628364,501,mRNA
9205,2628423,2629409,986,mRNA
9206,2629476,2631280,1804,mRNA
9207,2631365,2632281,916,mRNA
9208,2632344,2632532,188,mRNA
9209,2632605,2632851,246,mRNA
9210,2632912,2633353,441,mRNA
9211,2625018,2625113,95,CDS
9212,2625572,2625785,213,CDS
9213,2625864,2626925,1061,CDS
9214,2627424,2627483,59,CDS
9215,2627863,2628364,501,CDS
9216,2628423,2629409,986,CDS
9217,2629476,2631280,1804,CDS
9218,2631365,2632281,916,CDS
9219,2632344,2632532,188,CDS
9220,2632605,2632851,246,CDS
9221,2632912,2633297,385,CDS
9222,2625018,2625113,95,CDS
9223,2625572,2625785,213,CDS
9224,2625864,2626925,1061,CDS
9225,2627863,2628364,501,CDS
9226,2628423,2629409,986,CDS
9227,2629476,2631280,1804,CDS
9228,2631365,2632281,916,CDS
9229,2632344,2632532,188,CDS
9230,2632605,2632851,246,CDS
9231,2632912,2633297,385,CDS
9232,2633952,2679553,45601,gene
9233,2633952,2634178,226,mRNA
9234,2641590,2642093,503,mRNA
9235,2669913,2670103,190,mRNA
9236,2670174,2670257,83,mRNA
9237,2671121,2671231,110,mRNA
9238,2671308,2671545,237,mRNA
9239,2671629,2671822,193,mRNA
9240,2672914,2673103,189,mRNA
9241,2673175,2673618,443,mRNA
9242,2677101,2677846,745,mRNA
9243,2633952,2634025,73,mRNA
9244,2634827,2635031,204,mRNA
9245,2641125,2641361,236,mRNA
9246,2641590,2642093,503,mRNA
9247,2669913,2670103,190,mRNA
9248,2670174,2670257,83,mRNA
9249,2671121,2671231,110,mRNA
9250,2671308,2671545,237,mRNA
9251,2671629,2671822,193,mRNA
9252,2672914,2673103,189,mRNA
9253,2673175,2673618,443,mRNA
9254,2677101,2677846,745,mRNA
9255,2633952,2634178,226,mRNA
9256,2641590,2642093,503,mRNA
9257,2669913,2670103,190,mRNA
9258,2670174,2670257,83,mRNA
9259,2671121,2671231,110,mRNA
9260,2671308,2671545,237,mRNA
9261,2671629,2671822,193,mRNA
9262,2672914,2673103,189,mRNA
9263,2673175,2673618,443,mRNA
9264,2674597,2676657,2060,mRNA
9265,2633952,2634025,73,mRNA
9266,2634836,2634871,35,mRNA
9267,2641590,2642093,503,mRNA
9268,2669913,2670103,190,mRNA
9269,2670174,2670257,83,mRNA
9270,2671121,2671231,110,mRNA
9271,2671308,2671545,237,mRNA
9272,2671629,2671822,193,mRNA
9273,2672914,2673103,189,mRNA
9274,2673175,2673618,443,mRNA
9275,2674597,2675621,1024,mRNA
9276,2633952,2634025,73,mRNA
9277,2641590,2642093,503,mRNA
9278,2669913,2670103,190,mRNA
9279,2670174,2670257,83,mRNA
9280,2671121,2671231,110,mRNA
9281,2671308,2671545,237,mRNA
9282,2671629,2671822,193,mRNA
9283,2672914,2673103,189,mRNA
9284,2673175,2673618,443,mRNA
9285,2674597,2675621,1024,mRNA
9286,2633952,2634025,73,mRNA
9287,2641798,2642093,295,mRNA
9288,2669913,2670103,190,mRNA
9289,2670174,2670257,83,mRNA
9290,2671121,2671231,110,mRNA
9291,2671308,2671545,237,mRNA
9292,2671629,2671822,193,mRNA
9293,2672914,2673103,189,mRNA
9294,2673175,2673618,443,mRNA
9295,2674597,2675621,1024,mRNA
9296,2634215,2634254,39,mRNA
9297,2641590,2642093,503,mRNA
9298,2669913,2670103,190,mRNA
9299,2670174,2670257,83,mRNA
9300,2671121,2671231,110,mRNA
9301,2671308,2671545,237,mRNA
9302,2671629,2671822,193,mRNA
9303,2672914,2673103,189,mRNA
9304,2673175,2673618,443,mRNA
9305,2674597,2675621,1024,mRNA
9306,2637425,2637553,128,mRNA
9307,2641590,2642093,503,mRNA
9308,2669913,2670103,190,mRNA
9309,2670174,2670257,83,mRNA
9310,2671121,2671231,110,mRNA
9311,2671308,2671545,237,mRNA
9312,2671629,2671822,193,mRNA
9313,2672914,2673103,189,mRNA
9314,2673175,2673618,443,mRNA
9315,2674597,2675621,1024,mRNA
9316,2641189,2641361,172,mRNA
9317,2641590,2642093,503,mRNA
9318,2645376,2645418,42,mRNA
9319,2649736,2649739,3,mRNA
9320,2669913,2670103,190,mRNA
9321,2670174,2670257,83,mRNA
9322,2671121,2671231,110,mRNA
9323,2671308,2671545,237,mRNA
9324,2671629,2671822,193,mRNA
9325,2672914,2673103,189,mRNA
9326,2673175,2673618,443,mRNA
9327,2674597,2675602,1005,mRNA
9328,2642009,2642093,84,CDS
9329,2669913,2670103,190,CDS
9330,2670174,2670257,83,CDS
9331,2671121,2671231,110,CDS
9332,2671308,2671545,237,CDS
9333,2671629,2671822,193,CDS
9334,2672914,2673103,189,CDS
9335,2673175,2673618,443,CDS
9336,2677101,2677291,190,CDS
9337,2642009,2642093,84,CDS
9338,2669913,2670103,190,CDS
9339,2670174,2670257,83,CDS
9340,2671121,2671231,110,CDS
9341,2671308,2671545,237,CDS
9342,2671629,2671822,193,CDS
9343,2672914,2673103,189,CDS
9344,2673175,2673618,443,CDS
9345,2677101,2677291,190,CDS
9346,2642009,2642093,84,CDS
9347,2669913,2670103,190,CDS
9348,2670174,2670257,83,CDS
9349,2671121,2671231,110,CDS
9350,2671308,2671545,237,CDS
9351,2671629,2671822,193,CDS
9352,2672914,2673103,189,CDS
9353,2673175,2673618,443,CDS
9354,2674597,2674604,7,CDS
9355,2642009,2642093,84,CDS
9356,2669913,2670103,190,CDS
9357,2670174,2670257,83,CDS
9358,2671121,2671231,110,CDS
9359,2671308,2671545,237,CDS
9360,2671629,2671822,193,CDS
9361,2672914,2673103,189,CDS
9362,2673175,2673618,443,CDS
9363,2674597,2674604,7,CDS
9364,2642009,2642093,84,CDS
9365,2669913,2670103,190,CDS
9366,2670174,2670257,83,CDS
9367,2671121,2671231,110,CDS
9368,2671308,2671545,237,CDS
9369,2671629,2671822,193,CDS
9370,2672914,2673103,189,CDS
9371,2673175,2673618,443,CDS
9372,2674597,2674604,7,CDS
9373,2642009,2642093,84,CDS
9374,2669913,2670103,190,CDS
9375,2670174,2670257,83,CDS
9376,2671121,2671231,110,CDS
9377,2671308,2671545,237,CDS
9378,2671629,2671822,193,CDS
9379,2672914,2673103,189,CDS
9380,2673175,2673618,443,CDS
9381,2674597,2674604,7,CDS
9382,2642009,2642093,84,CDS
9383,2669913,2670103,190,CDS
9384,2670174,2670257,83,CDS
9385,2671121,2671231,110,CDS
9386,2671308,2671545,237,CDS
9387,2671629,2671822,193,CDS
9388,2672914,2673103,189,CDS
9389,2673175,2673618,443,CDS
9390,2674597,2674604,7,CDS
9391,2642009,2642093,84,CDS
9392,2669913,2670103,190,CDS
9393,2670174,2670257,83,CDS
9394,2671121,2671231,110,CDS
9395,2671308,2671545,237,CDS
9396,2671629,2671822,193,CDS
9397,2672914,2673103,189,CDS
9398,2673175,2673618,443,CDS
9399,2674597,2674604,7,CDS
9400,2642754,2643732,978,mRNA
9401,2669634,2669753,119,mRNA
9402,2669913,2670103,190,mRNA
9403,2670174,2670257,83,mRNA
9404,2671121,2671231,110,mRNA
9405,2671308,2671545,237,mRNA
9406,2671629,2671822,193,mRNA
9407,2672914,2673103,189,mRNA
9408,2673175,2673618,443,mRNA
9409,2677101,2679553,2452,mRNA
9410,2643017,2643732,715,mRNA
9411,2669913,2670103,190,mRNA
9412,2670174,2670257,83,mRNA
9413,2671121,2671231,110,mRNA
9414,2671308,2671545,237,mRNA
9415,2671629,2671822,193,mRNA
9416,2672914,2673103,189,mRNA
9417,2673175,2673618,443,mRNA
9418,2674597,2675602,1005,mRNA
9419,2643702,2643732,30,CDS
9420,2669634,2669753,119,CDS
9421,2669913,2670103,190,CDS
9422,2670174,2670257,83,CDS
9423,2671121,2671231,110,CDS
9424,2671308,2671545,237,CDS
9425,2671629,2671822,193,CDS
9426,2672914,2673103,189,CDS
9427,2673175,2673618,443,CDS
9428,2677101,2677291,190,CDS
9429,2643702,2643732,30,CDS
9430,2669913,2670103,190,CDS
9431,2670174,2670257,83,CDS
9432,2671121,2671231,110,CDS
9433,2671308,2671545,237,CDS
9434,2671629,2671822,193,CDS
9435,2672914,2673103,189,CDS
9436,2673175,2673618,443,CDS
9437,2674597,2674604,7,CDS
9438,2644973,2645279,306,mRNA
9439,2645376,2645414,38,mRNA
9440,2669913,2670103,190,mRNA
9441,2670174,2670257,83,mRNA
9442,2671121,2671231,110,mRNA
9443,2671308,2671545,237,mRNA
9444,2671629,2671822,193,mRNA
9445,2672914,2673103,189,mRNA
9446,2673175,2673618,443,mRNA
9447,2673906,2674273,367,mRNA
9448,2644993,2645279,286,mRNA
9449,2669913,2670103,190,mRNA
9450,2670174,2670257,83,mRNA
9451,2671121,2671231,110,mRNA
9452,2671308,2671545,237,mRNA
9453,2671629,2671822,193,mRNA
9454,2672914,2673103,189,mRNA
9455,2673175,2673618,443,mRNA
9456,2674597,2675602,1005,mRNA
9457,2646637,2646871,234,mRNA
9458,2659148,2661093,1945,mRNA
9459,2669634,2669753,119,mRNA
9460,2669913,2670103,190,mRNA
9461,2670174,2670257,83,mRNA
9462,2671121,2671231,110,mRNA
9463,2671308,2671545,237,mRNA
9464,2671629,2671822,193,mRNA
9465,2672914,2673103,189,mRNA
9466,2673175,2673618,443,mRNA
9467,2677101,2677846,745,mRNA
9468,2658766,2658869,103,mRNA
9469,2659148,2661093,1945,mRNA
9470,2669634,2669753,119,mRNA
9471,2669913,2670103,190,mRNA
9472,2670174,2670257,83,mRNA
9473,2671121,2671231,110,mRNA
9474,2671308,2671545,237,mRNA
9475,2671629,2671822,193,mRNA
9476,2672067,2672123,56,mRNA
9477,2672914,2673103,189,mRNA
9478,2673175,2673618,443,mRNA
9479,2674597,2674921,324,mRNA
9480,2677101,2677846,745,mRNA
9481,2658766,2661093,2327,mRNA
9482,2669913,2670103,190,mRNA
9483,2670174,2670257,83,mRNA
9484,2671121,2671231,110,mRNA
9485,2671308,2671545,237,mRNA
9486,2671629,2671822,193,mRNA
9487,2672914,2673103,189,mRNA
9488,2673175,2673618,443,mRNA
9489,2674597,2675621,1024,mRNA
9490,2659350,2661093,1743,CDS
9491,2669634,2669753,119,CDS
9492,2669913,2670103,190,CDS
9493,2670174,2670257,83,CDS
9494,2671121,2671231,110,CDS
9495,2671308,2671545,237,CDS
9496,2671629,2671822,193,CDS
9497,2672914,2673103,189,CDS
9498,2673175,2673618,443,CDS
9499,2677101,2677291,190,CDS
9500,2659350,2661093,1743,CDS
9501,2669634,2669753,119,CDS
9502,2669913,2670103,190,CDS
9503,2670174,2670257,83,CDS
9504,2671121,2671231,110,CDS
9505,2671308,2671545,237,CDS
9506,2671629,2671822,193,CDS
9507,2672067,2672123,56,CDS
9508,2672914,2673103,189,CDS
9509,2673175,2673618,443,CDS
9510,2674597,2674604,7,CDS
9511,2659350,2661093,1743,CDS
9512,2669913,2670103,190,CDS
9513,2670174,2670257,83,CDS
9514,2671121,2671231,110,CDS
9515,2671308,2671545,237,CDS
9516,2671629,2671822,193,CDS
9517,2672914,2673103,189,CDS
9518,2673175,2673618,443,CDS
9519,2674597,2674604,7,CDS
9520,2664442,2665527,1085,mobile_element
9521,2667810,2667839,29,mRNA
9522,2668166,2668831,665,mRNA
9523,2669634,2669753,119,mRNA
9524,2669913,2670103,190,mRNA
9525,2670174,2670257,83,mRNA
9526,2671308,2671545,237,mRNA
9527,2671629,2671822,193,mRNA
9528,2672914,2673103,189,mRNA
9529,2673175,2673618,443,mRNA
9530,2677101,2677846,745,mRNA
9531,2667839,2667839,0,CDS
9532,2668166,2668831,665,CDS
9533,2669634,2669753,119,CDS
9534,2669913,2670103,190,CDS
9535,2670174,2670257,83,CDS
9536,2671308,2671545,237,CDS
9537,2671629,2671822,193,CDS
9538,2672914,2673103,189,CDS
9539,2673175,2673618,443,CDS
9540,2677101,2677291,190,CDS
9541,2670192,2670257,65,CDS
9542,2671121,2671231,110,CDS
9543,2671308,2671545,237,CDS
9544,2671629,2671822,193,CDS
9545,2672914,2673103,189,CDS
9546,2673175,2673618,443,CDS
9547,2674597,2674604,7,CDS
9548,2670192,2670257,65,CDS
9549,2671121,2671231,110,CDS
9550,2671308,2671545,237,CDS
9551,2671629,2671822,193,CDS
9552,2672914,2673103,189,CDS
9553,2673175,2673618,443,CDS
9554,2674597,2674604,7,CDS
9555,2670192,2670257,65,CDS
9556,2671121,2671231,110,CDS
9557,2671308,2671545,237,CDS
9558,2671629,2671822,193,CDS
9559,2672914,2673103,189,CDS
9560,2673175,2673618,443,CDS
9561,2673906,2673988,82,CDS
9562,2675188,2676657,1469,gene
9563,2675188,2676657,1469,ncRNA
9564,2675436,2676173,737,ncRNA
9565,2680199,2681723,1524,gene
9566,2681334,2681723,389,mRNA
9567,2680199,2681236,1037,mRNA
9568,2681334,2681658,324,CDS
9569,2680431,2681236,805,CDS
9570,2681987,2682932,945,gene
9571,2681987,2682932,945,mRNA
9572,2682117,2682824,707,CDS
9573,2682829,2683845,1016,gene
9574,2682829,2683845,1016,ncRNA
9575,2685580,2692780,7200,gene
9576,2685580,2685900,320,mRNA
9577,2688197,2688339,142,mRNA
9578,2688400,2689439,1039,mRNA
9579,2689504,2689860,356,mRNA
9580,2689923,2691637,1714,mRNA
9581,2691708,2691944,236,mRNA
9582,2692009,2692149,140,mRNA
9583,2692208,2692780,572,mRNA
9584,2685580,2685900,320,mRNA
9585,2688197,2688339,142,mRNA
9586,2688400,2689439,1039,mRNA
9587,2689504,2689860,356,mRNA
9588,2689923,2691637,1714,mRNA
9589,2691708,2691944,236,mRNA
9590,2692009,2692149,140,mRNA
9591,2692208,2692390,182,mRNA
9592,2692477,2692780,303,mRNA
9593,2688245,2688339,94,CDS
9594,2688400,2689439,1039,CDS
9595,2689504,2689860,356,CDS
9596,2689923,2691637,1714,CDS
9597,2691708,2691944,236,CDS
9598,2692009,2692149,140,CDS
9599,2692208,2692279,71,CDS
9600,2688245,2688339,94,CDS
9601,2688400,2689439,1039,CDS
9602,2689504,2689860,356,CDS
9603,2689923,2691637,1714,CDS
9604,2691708,2691944,236,CDS
9605,2692009,2692149,140,CDS
9606,2692208,2692279,71,CDS
9607,2692732,2693886,1154,gene
9608,2693733,2693886,153,mRNA
9609,2693156,2693648,492,mRNA
9610,2692732,2693097,365,mRNA
9611,2693733,2693820,87,CDS
9612,2693156,2693648,492,CDS
9613,2692896,2693097,201,CDS
9614,2694392,2698211,3819,gene
9615,2697849,2698211,362,mRNA
9616,2697339,2697788,449,mRNA
9617,2696916,2697284,368,mRNA
9618,2696321,2696857,536,mRNA
9619,2695988,2696258,270,mRNA
9620,2695393,2695928,535,mRNA
9621,2694392,2695225,833,mRNA
9622,2697849,2698211,362,mRNA
9623,2697339,2697788,449,mRNA
9624,2696916,2697284,368,mRNA
9625,2696321,2696857,536,mRNA
9626,2695988,2696258,270,mRNA
9627,2695393,2695928,535,mRNA
9628,2694723,2695225,502,mRNA
9629,2697849,2697983,134,CDS
9630,2697339,2697788,449,CDS
9631,2696916,2697284,368,CDS
9632,2696321,2696857,536,CDS
9633,2695988,2696258,270,CDS
9634,2695393,2695928,535,CDS
9635,2695064,2695225,161,CDS
9636,2697849,2697983,134,CDS
9637,2697339,2697788,449,CDS
9638,2696916,2697284,368,CDS
9639,2696321,2696857,536,CDS
9640,2695988,2696258,270,CDS
9641,2695393,2695928,535,CDS
9642,2695064,2695225,161,CDS
9643,2698701,2701033,2332,gene
9644,2698701,2698978,277,mRNA
9645,2699044,2699338,294,mRNA
9646,2699842,2701033,1191,mRNA
9647,2698701,2698978,277,mRNA
9648,2699044,2699338,294,mRNA
9649,2699842,2700913,1071,mRNA
9650,2698787,2698978,191,CDS
9651,2699044,2699338,294,CDS
9652,2699842,2700695,853,CDS
9653,2698787,2698978,191,CDS
9654,2699044,2699338,294,CDS
9655,2699842,2700695,853,CDS
9656,2701124,2703852,2728,gene
9657,2703505,2703852,347,mRNA
9658,2703288,2703407,119,mRNA
9659,2701124,2702775,1651,mRNA
9660,2703505,2703745,240,mRNA
9661,2703288,2703407,119,mRNA
9662,2701124,2702775,1651,mRNA
9663,2703288,2703745,457,mRNA
9664,2701124,2702775,1651,mRNA
9665,2703505,2703520,15,CDS
9666,2703288,2703407,119,CDS
9667,2701838,2702775,937,CDS
9668,2703505,2703520,15,CDS
9669,2703288,2703407,119,CDS
9670,2701838,2702775,937,CDS
9671,2703288,2703456,168,CDS
9672,2701838,2702775,937,CDS
9673,2704571,2706217,1646,gene
9674,2704571,2704773,202,mRNA
9675,2704837,2704923,86,mRNA
9676,2704993,2705449,456,mRNA
9677,2705540,2705925,385,mRNA
9678,2705994,2706217,223,mRNA
9679,2704718,2704773,55,CDS
9680,2704837,2704923,86,CDS
9681,2704993,2705449,456,CDS
9682,2705540,2705925,385,CDS
9683,2705994,2706066,72,CDS
9684,2706151,2707427,1276,gene
9685,2706953,2707427,474,mRNA
9686,2706151,2706856,705,mRNA
9687,2706953,2707342,389,CDS
9688,2706329,2706856,527,CDS
9689,2708684,2711668,2984,gene
9690,2708684,2709686,1002,mRNA
9691,2710320,2710901,581,mRNA
9692,2710971,2711668,697,mRNA
9693,2708964,2709686,722,CDS
9694,2710320,2710901,581,CDS
9695,2710971,2711546,575,CDS
9696,2711756,2713960,2204,gene
9697,2713678,2713960,282,mRNA
9698,2713496,2713621,125,mRNA
9699,2713334,2713431,97,mRNA
9700,2712093,2713270,1177,mRNA
9701,2711756,2712022,266,mRNA
9702,2713678,2713741,63,CDS
9703,2713496,2713621,125,CDS
9704,2713334,2713431,97,CDS
9705,2712093,2713270,1177,CDS
9706,2711830,2712022,192,CDS
9707,2714079,2717654,3575,gene
9708,2714079,2714453,374,mRNA
9709,2714511,2714606,95,mRNA
9710,2714777,2715280,503,mRNA
9711,2715338,2715433,95,mRNA
9712,2715514,2716705,1191,mRNA
9713,2716766,2717654,888,mRNA
9714,2714079,2714237,158,mRNA
9715,2714324,2714453,129,mRNA
9716,2714511,2714606,95,mRNA
9717,2714777,2715280,503,mRNA
9718,2715338,2715433,95,mRNA
9719,2715514,2716705,1191,mRNA
9720,2716766,2717654,888,mRNA
9721,2714079,2714210,131,mRNA
9722,2714288,2714453,165,mRNA
9723,2714511,2714606,95,mRNA
9724,2714777,2715280,503,mRNA
9725,2715338,2715433,95,mRNA
9726,2715514,2716705,1191,mRNA
9727,2716766,2717654,888,mRNA
9728,2714130,2714237,107,CDS
9729,2714324,2714453,129,CDS
9730,2714511,2714606,95,CDS
9731,2714777,2715280,503,CDS
9732,2715338,2715433,95,CDS
9733,2715514,2716705,1191,CDS
9734,2716766,2717108,342,CDS
9735,2714130,2714210,80,CDS
9736,2714288,2714453,165,CDS
9737,2714511,2714606,95,CDS
9738,2714777,2715280,503,CDS
9739,2715338,2715433,95,CDS
9740,2715514,2716705,1191,CDS
9741,2716766,2717108,342,CDS
9742,2714890,2715280,390,CDS
9743,2715338,2715433,95,CDS
9744,2715514,2716705,1191,CDS
9745,2716766,2717108,342,CDS
9746,2717638,2720327,2689,gene
9747,2720059,2720327,268,mRNA
9748,2719827,2719987,160,mRNA
9749,2719165,2719767,602,mRNA
9750,2718813,2719091,278,mRNA
9751,2717638,2718750,1112,mRNA
9752,2720059,2720175,116,CDS
9753,2719827,2719987,160,CDS
9754,2719165,2719767,602,CDS
9755,2718813,2719091,278,CDS
9756,2717703,2718750,1047,CDS
9757,2720468,2724158,3690,gene
9758,2720468,2720849,381,mRNA
9759,2720909,2723125,2216,mRNA
9760,2723188,2723499,311,mRNA
9761,2723568,2724158,590,mRNA
9762,2720568,2720849,281,CDS
9763,2720909,2723125,2216,CDS
9764,2723188,2723499,311,CDS
9765,2723568,2723885,317,CDS
9766,2724286,2726577,2291,gene
9767,2724286,2724385,99,mRNA
9768,2724443,2726577,2134,mRNA
9769,2724344,2724385,41,CDS
9770,2724443,2726491,2048,CDS
9771,2726678,2727568,890,gene
9772,2726678,2727227,549,mRNA
9773,2727292,2727568,276,mRNA
9774,2726707,2727227,520,CDS
9775,2727292,2727484,192,CDS
9776,2727698,2730042,2344,gene
9777,2727698,2728263,565,mRNA
9778,2728545,2728934,389,mRNA
9779,2728997,2730042,1045,mRNA
9780,2727832,2728263,431,CDS
9781,2728545,2728934,389,CDS
9782,2728997,2729953,956,CDS
9783,2730077,2732190,2113,gene
9784,2731790,2732190,400,mRNA
9785,2731534,2731717,183,mRNA
9786,2730949,2731477,528,mRNA
9787,2730766,2730889,123,mRNA
9788,2730077,2730706,629,mRNA
9789,2731790,2732190,400,mRNA
9790,2731534,2731717,183,mRNA
9791,2730949,2731477,528,mRNA
9792,2730766,2730889,123,mRNA
9793,2730217,2730706,489,mRNA
9794,2731790,2732048,258,CDS
9795,2731534,2731717,183,CDS
9796,2730949,2731477,528,CDS
9797,2730766,2730889,123,CDS
9798,2730516,2730706,190,CDS
9799,2731790,2732048,258,CDS
9800,2731534,2731717,183,CDS
9801,2730949,2731477,528,CDS
9802,2730766,2730889,123,CDS
9803,2730516,2730706,190,CDS
9804,2732469,2734402,1933,gene
9805,2732469,2733170,701,mRNA
9806,2733231,2733485,254,mRNA
9807,2733556,2734402,846,mRNA
9808,2732565,2733170,605,CDS
9809,2733231,2733485,254,CDS
9810,2733556,2734200,644,CDS
9811,2734248,2738773,4525,gene
9812,2738668,2738773,105,mRNA
9813,2737922,2738489,567,mRNA
9814,2737470,2737673,203,mRNA
9815,2735837,2737413,1576,mRNA
9816,2735396,2735768,372,mRNA
9817,2735177,2735328,151,mRNA
9818,2734248,2735104,856,mRNA
9819,2737922,2738538,616,mRNA
9820,2737470,2737673,203,mRNA
9821,2735837,2737413,1576,mRNA
9822,2735396,2735768,372,mRNA
9823,2735177,2735328,151,mRNA
9824,2734248,2735104,856,mRNA
9825,2737922,2738462,540,CDS
9826,2737470,2737673,203,CDS
9827,2735837,2737413,1576,CDS
9828,2735396,2735768,372,CDS
9829,2735177,2735328,151,CDS
9830,2735003,2735104,101,CDS
9831,2737922,2738462,540,CDS
9832,2737470,2737673,203,CDS
9833,2735837,2737413,1576,CDS
9834,2735396,2735768,372,CDS
9835,2735177,2735328,151,CDS
9836,2735003,2735104,101,CDS
9837,2739089,2744076,4987,gene
9838,2743451,2744076,625,mRNA
9839,2742561,2742797,236,mRNA
9840,2741898,2741991,93,mRNA
9841,2741589,2741831,242,mRNA
9842,2741423,2741496,73,mRNA
9843,2739297,2739545,248,mRNA
9844,2739089,2739232,143,mRNA
9845,2742917,2742958,41,mRNA
9846,2742561,2742797,236,mRNA
9847,2741898,2741991,93,mRNA
9848,2741589,2741831,242,mRNA
9849,2741423,2741496,73,mRNA
9850,2739297,2739545,248,mRNA
9851,2739089,2739232,143,mRNA
9852,2743451,2743483,32,CDS
9853,2742561,2742797,236,CDS
9854,2741898,2741991,93,CDS
9855,2741589,2741831,242,CDS
9856,2741423,2741496,73,CDS
9857,2739297,2739545,248,CDS
9858,2739161,2739232,71,CDS
9859,2742561,2742602,41,CDS
9860,2741898,2741991,93,CDS
9861,2741589,2741831,242,CDS
9862,2741423,2741496,73,CDS
9863,2739297,2739545,248,CDS
9864,2739161,2739232,71,CDS
9865,2740384,3134532,394148,gene
9866,2740384,2740471,87,mRNA
9867,2741157,2741244,87,mRNA
9868,2862764,2862816,52,mRNA
9869,2968281,2968578,297,mRNA
9870,2994861,2995159,298,mRNA
9871,2995211,2995488,277,mRNA
9872,3129253,3130312,1059,mRNA
9873,3130382,3130484,102,mRNA
9874,3130559,3130686,127,mRNA
9875,3130743,3131847,1104,mRNA
9876,3131926,3132791,865,mRNA
9877,2740805,2741004,199,mRNA
9878,2741157,2741244,87,mRNA
9879,2862764,2862816,52,mRNA
9880,2994861,2995159,298,mRNA
9881,2995211,2995488,277,mRNA
9882,3113168,3113223,55,mRNA
9883,3129253,3130312,1059,mRNA
9884,3130382,3130484,102,mRNA
9885,3130559,3130686,127,mRNA
9886,3130743,3131847,1104,mRNA
9887,3131926,3134532,2606,mRNA
9888,2740805,2741004,199,mRNA
9889,2741157,2741244,87,mRNA
9890,2862764,2862816,52,mRNA
9891,2968281,2968578,297,mRNA
9892,2994861,2995159,298,mRNA
9893,2995211,2995488,277,mRNA
9894,3066111,3066508,397,mRNA
9895,3099762,3100318,556,mRNA
9896,3129253,3130312,1059,mRNA
9897,3130382,3130484,102,mRNA
9898,3130559,3130686,127,mRNA
9899,3130743,3131847,1104,mRNA
9900,3131926,3132791,865,mRNA
9901,2750919,2751416,497,gene
9902,2750919,2751416,497,ncRNA
9903,2782906,2790567,7661,gene
9904,2790245,2790567,322,mRNA
9905,2790059,2790157,98,mRNA
9906,2789238,2789378,140,mRNA
9907,2788494,2788612,118,mRNA
9908,2785000,2785129,129,mRNA
9909,2784548,2784687,139,mRNA
9910,2784270,2784487,217,mRNA
9911,2783767,2784146,379,mRNA
9912,2782906,2783425,519,mRNA
9913,2789746,2789942,196,mRNA
9914,2789238,2789378,140,mRNA
9915,2788494,2788612,118,mRNA
9916,2785000,2785129,129,mRNA
9917,2784548,2784687,139,mRNA
9918,2784270,2784487,217,mRNA
9919,2783767,2784146,379,mRNA
9920,2782906,2783425,519,mRNA
9921,2789746,2789865,119,mRNA
9922,2789238,2789439,201,mRNA
9923,2788494,2788612,118,mRNA
9924,2785000,2785129,129,mRNA
9925,2784548,2784687,139,mRNA
9926,2784270,2784487,217,mRNA
9927,2783767,2784146,379,mRNA
9928,2782906,2783425,519,mRNA
9929,2789709,2789865,156,mRNA
9930,2789238,2789439,201,mRNA
9931,2788494,2788612,118,mRNA
9932,2785000,2785129,129,mRNA
9933,2784548,2784687,139,mRNA
9934,2784270,2784487,217,mRNA
9935,2783767,2784146,379,mRNA
9936,2782906,2783425,519,mRNA
9937,2789238,2789322,84,mRNA
9938,2788494,2788612,118,mRNA
9939,2785000,2785129,129,mRNA
9940,2784548,2784687,139,mRNA
9941,2784270,2784487,217,mRNA
9942,2783767,2784146,379,mRNA
9943,2782906,2783425,519,mRNA
9944,2789238,2789300,62,CDS
9945,2788494,2788612,118,CDS
9946,2785000,2785129,129,CDS
9947,2784548,2784687,139,CDS
9948,2784270,2784487,217,CDS
9949,2783767,2784146,379,CDS
9950,2783312,2783425,113,CDS
9951,2789238,2789300,62,CDS
9952,2788494,2788612,118,CDS
9953,2785000,2785129,129,CDS
9954,2784548,2784687,139,CDS
9955,2784270,2784487,217,CDS
9956,2783767,2784146,379,CDS
9957,2783312,2783425,113,CDS
9958,2789238,2789300,62,CDS
9959,2788494,2788612,118,CDS
9960,2785000,2785129,129,CDS
9961,2784548,2784687,139,CDS
9962,2784270,2784487,217,CDS
9963,2783767,2784146,379,CDS
9964,2783312,2783425,113,CDS
9965,2789238,2789300,62,CDS
9966,2788494,2788612,118,CDS
9967,2785000,2785129,129,CDS
9968,2784548,2784687,139,CDS
9969,2784270,2784487,217,CDS
9970,2783767,2784146,379,CDS
9971,2783312,2783425,113,CDS
9972,2789238,2789300,62,CDS
9973,2788494,2788612,118,CDS
9974,2785000,2785129,129,CDS
9975,2784548,2784687,139,CDS
9976,2784270,2784487,217,CDS
9977,2783767,2784146,379,CDS
9978,2783312,2783425,113,CDS
9979,2790599,2796466,5867,gene
9980,2796237,2796466,229,mRNA
9981,2792855,2793128,273,mRNA
9982,2792126,2792780,654,mRNA
9983,2791749,2792064,315,mRNA
9984,2791414,2791545,131,mRNA
9985,2790599,2791343,744,mRNA
9986,2796237,2796308,71,CDS
9987,2792855,2793128,273,CDS
9988,2792126,2792780,654,CDS
9989,2791749,2792064,315,CDS
9990,2791414,2791545,131,CDS
9991,2790729,2791343,614,CDS
9992,2809881,2810846,965,gene
9993,2809881,2810846,965,mRNA
9994,2809967,2810752,785,CDS
9995,2823843,2832332,8489,mobile_element
9996,2844955,2852307,7352,mobile_element
9997,2871884,2872853,969,gene
9998,2872743,2872853,110,mRNA
9999,2871884,2872687,803,mRNA
10000,2872743,2872821,78,CDS
10001,2871990,2872687,697,CDS
10002,2875428,2876533,1105,gene
10003,2875428,2876533,1105,mRNA
10004,2875531,2876523,992,CDS
10005,2882226,2883661,1435,gene
10006,2883559,2883661,102,mRNA
10007,2882226,2883467,1241,mRNA
10008,2883552,2883661,109,mRNA
10009,2882226,2883467,1241,mRNA
10010,2883552,2883633,81,CDS
10011,2882566,2883467,901,CDS
10012,2882566,2883420,854,CDS
10013,2885186,2885914,728,gene
10014,2885186,2885914,728,mRNA
10015,2885284,2885871,587,CDS
10016,2890768,2894232,3464,gene
10017,2890768,2890883,115,mRNA
10018,2893221,2893964,743,mRNA
10019,2890881,2890883,2,CDS
10020,2893221,2893883,662,CDS
10021,2893087,2893158,71,mRNA
10022,2893221,2894232,1011,mRNA
10023,2893132,2893158,26,CDS
10024,2893221,2893883,662,CDS
10025,2919770,2924426,4656,gene
10026,2919770,2919854,84,mRNA
10027,2920010,2920385,375,mRNA
10028,2921386,2922342,956,mRNA
10029,2922416,2923468,1052,mRNA
10030,2920119,2920385,266,mRNA
10031,2921386,2922351,965,mRNA
10032,2922416,2924426,2010,mRNA
10033,2920119,2920385,266,mRNA
10034,2921386,2922342,956,mRNA
10035,2922416,2923375,959,mRNA
10036,2923683,2924426,743,mRNA
10037,2920119,2920385,266,mRNA
10038,2921386,2922342,956,mRNA
10039,2922416,2923468,1052,mRNA
10040,2920119,2920385,266,mRNA
10041,2921386,2921453,67,mRNA
10042,2921538,2922342,804,mRNA
10043,2922416,2923468,1052,mRNA
10044,2920328,2920385,57,CDS
10045,2921386,2922342,956,CDS
10046,2922416,2923375,959,CDS
10047,2923683,2924383,700,CDS
10048,2920328,2920385,57,CDS
10049,2921386,2922351,965,CDS
10050,2922416,2923380,964,CDS
10051,2920328,2920385,57,CDS
10052,2921386,2922342,956,CDS
10053,2922416,2923380,964,CDS
10054,2920328,2920385,57,CDS
10055,2921386,2922342,956,CDS
10056,2922416,2923380,964,CDS
10057,2920328,2920385,57,CDS
10058,2921386,2921453,67,CDS
10059,2921538,2922342,804,CDS
10060,2922416,2923380,964,CDS
10061,2925884,2927258,1374,gene
10062,2927109,2927258,149,mRNA
10063,2925884,2926779,895,mRNA
10064,2927109,2927169,60,CDS
10065,2926049,2926779,730,CDS
10066,2929796,2932626,2830,gene
10067,2929796,2930050,254,mRNA
10068,2930195,2932626,2431,mRNA
10069,2929918,2930050,132,CDS
10070,2930195,2932542,2347,CDS
10071,2935127,2935966,839,gene
10072,2935127,2935966,839,mRNA
10073,2935170,2935919,749,CDS
10074,2937027,2938073,1046,gene
10075,2937027,2938073,1046,mRNA
10076,2937128,2937946,818,CDS
10077,2938856,2940527,1671,gene
10078,2938856,2939552,696,mRNA
10079,2939655,2940527,872,mRNA
10080,2939483,2939552,69,CDS
10081,2939655,2940466,811,CDS
10082,2941408,2942329,921,gene
10083,2941408,2941536,128,mRNA
10084,2941609,2942329,720,mRNA
10085,2941482,2941536,54,CDS
10086,2941609,2942270,661,CDS
10087,2943386,2944569,1183,gene
10088,2943386,2943536,150,mRNA
10089,2943673,2944569,896,mRNA
10090,2943476,2943536,60,CDS
10091,2943673,2944496,823,CDS
10092,2945403,2946589,1186,gene
10093,2945403,2946589,1186,mRNA
10094,2945532,2946449,917,CDS
10095,2947094,2947580,486,gene
10096,2947094,2947580,486,mRNA
10097,2947105,2947551,446,CDS
10098,2948034,2949120,1086,gene
10099,2948034,2948148,114,mRNA
10100,2948218,2949120,902,mRNA
10101,2948034,2948148,114,mRNA
10102,2948218,2948948,730,mRNA
10103,2948106,2948148,42,CDS
10104,2948218,2948924,706,CDS
10105,2948106,2948148,42,CDS
10106,2948218,2948924,706,CDS
10107,2950399,2973834,23435,gene
10108,2973401,2973834,433,mRNA
10109,2965979,2966080,101,mRNA
10110,2957461,2957959,498,mRNA
10111,2957057,2957257,200,mRNA
10112,2955948,2956178,230,mRNA
10113,2955541,2955643,102,mRNA
10114,2954653,2955201,548,mRNA
10115,2950399,2954530,4131,mRNA
10116,2973401,2973834,433,mRNA
10117,2965979,2966080,101,mRNA
10118,2957461,2957959,498,mRNA
10119,2957057,2957257,200,mRNA
10120,2955948,2956178,230,mRNA
10121,2955541,2955643,102,mRNA
10122,2954653,2955201,548,mRNA
10123,2951832,2954530,2698,mRNA
10124,2957461,2957955,494,CDS
10125,2957057,2957257,200,CDS
10126,2955948,2956178,230,CDS
10127,2955541,2955643,102,CDS
10128,2954653,2955201,548,CDS
10129,2953815,2954530,715,CDS
10130,2957461,2957955,494,CDS
10131,2957057,2957257,200,CDS
10132,2955948,2956178,230,CDS
10133,2955541,2955643,102,CDS
10134,2954653,2955201,548,CDS
10135,2953815,2954530,715,CDS
10136,2989051,2989113,62,mRNA
10137,2989186,2989281,95,mRNA
10138,2994861,2995159,298,mRNA
10139,2995211,2995488,277,mRNA
10140,3066111,3066508,397,mRNA
10141,3099762,3100318,556,mRNA
10142,3129253,3130312,1059,mRNA
10143,3130382,3130484,102,mRNA
10144,3130559,3130686,127,mRNA
10145,3130743,3131847,1104,mRNA
10146,3131926,3132791,865,mRNA
10147,3058074,3058259,185,mobile_element
10148,3066615,3067562,947,gene
10149,3066615,3067562,947,mRNA
10150,3066615,3067482,867,mRNA
10151,3066768,3067562,794,CDS
10152,3066768,3067469,701,CDS
10153,3070270,3073340,3070,mobile_element
10154,3075689,3080937,5248,mobile_element
10155,3099550,3100318,768,mRNA
10156,3129253,3130312,1059,mRNA
10157,3130382,3130484,102,mRNA
10158,3130559,3130686,127,mRNA
10159,3130743,3131847,1104,mRNA
10160,3131926,3132791,865,mRNA
10161,3099582,3100318,736,mRNA
10162,3113168,3113223,55,mRNA
10163,3129253,3130312,1059,mRNA
10164,3130382,3130484,102,mRNA
10165,3130559,3130686,127,mRNA
10166,3130743,3131847,1104,mRNA
10167,3131926,3132791,865,mRNA
10168,3128639,3128802,163,mRNA
10169,3129253,3130312,1059,mRNA
10170,3130382,3130484,102,mRNA
10171,3130559,3130686,127,mRNA
10172,3130743,3131847,1104,mRNA
10173,3131926,3132791,865,mRNA
10174,3129278,3130312,1034,CDS
10175,3130382,3130484,102,CDS
10176,3130559,3130686,127,CDS
10177,3130743,3131847,1104,CDS
10178,3131926,3132425,499,CDS
10179,3129278,3130312,1034,CDS
10180,3130382,3130484,102,CDS
10181,3130559,3130686,127,CDS
10182,3130743,3131847,1104,CDS
10183,3131926,3132425,499,CDS
10184,3129278,3130312,1034,CDS
10185,3130382,3130484,102,CDS
10186,3130559,3130686,127,CDS
10187,3130743,3131847,1104,CDS
10188,3131926,3132425,499,CDS
10189,3129278,3130312,1034,CDS
10190,3130382,3130484,102,CDS
10191,3130559,3130686,127,CDS
10192,3130743,3131847,1104,CDS
10193,3131926,3132425,499,CDS
10194,3129278,3130312,1034,CDS
10195,3130382,3130484,102,CDS
10196,3130559,3130686,127,CDS
10197,3130743,3131847,1104,CDS
10198,3131926,3132425,499,CDS
10199,3129278,3130312,1034,CDS
10200,3130382,3130484,102,CDS
10201,3130559,3130686,127,CDS
10202,3130743,3131847,1104,CDS
10203,3131926,3132425,499,CDS
10204,3129278,3130312,1034,CDS
10205,3130382,3130484,102,CDS
10206,3130559,3130686,127,CDS
10207,3130743,3131847,1104,CDS
10208,3131926,3132425,499,CDS
10209,3134870,3172221,37351,gene
10210,3134870,3135827,957,mRNA
10211,3147975,3148065,90,mRNA
10212,3155927,3156189,262,mRNA
10213,3156260,3156464,204,mRNA
10214,3159103,3159233,130,mRNA
10215,3163479,3169627,6148,mRNA
10216,3169722,3170031,309,mRNA
10217,3170104,3170559,455,mRNA
10218,3170635,3172221,1586,mRNA
10219,3134870,3135827,957,mRNA
10220,3147975,3148065,90,mRNA
10221,3155927,3156189,262,mRNA
10222,3156260,3156464,204,mRNA
10223,3159103,3159233,130,mRNA
10224,3163479,3169627,6148,mRNA
10225,3169722,3170031,309,mRNA
10226,3170104,3170559,455,mRNA
10227,3170635,3171682,1047,mRNA
10228,3135668,3135827,159,CDS
10229,3147975,3148065,90,CDS
10230,3155927,3156189,262,CDS
10231,3156260,3156464,204,CDS
10232,3159103,3159233,130,CDS
10233,3163479,3169627,6148,CDS
10234,3169722,3170031,309,CDS
10235,3170104,3170559,455,CDS
10236,3170635,3170981,346,CDS
10237,3135668,3135827,159,CDS
10238,3147975,3148065,90,CDS
10239,3155927,3156189,262,CDS
10240,3156260,3156464,204,CDS
10241,3159103,3159233,130,CDS
10242,3163479,3169627,6148,CDS
10243,3169722,3170031,309,CDS
10244,3170104,3170559,455,CDS
10245,3170635,3170981,346,CDS
10246,3172268,3173140,872,gene
10247,3173045,3173140,95,mRNA
10248,3172268,3172987,719,mRNA
10249,3173045,3173140,95,mRNA
10250,3172454,3172987,533,mRNA
10251,3172680,3172979,299,CDS
10252,3172680,3172979,299,CDS
10253,3173376,3174474,1098,gene
10254,3174343,3174474,131,mRNA
10255,3173668,3174278,610,mRNA
10256,3173376,3173595,219,mRNA
10257,3174343,3174394,51,CDS
10258,3173668,3174278,610,CDS
10259,3173410,3173595,185,CDS
10260,3175018,3176223,1205,gene
10261,3175018,3175658,640,mRNA
10262,3175934,3176223,289,mRNA
10263,3175202,3175658,456,mRNA
10264,3175934,3176223,289,mRNA
10265,3175514,3175658,144,CDS
10266,3175934,3176196,262,CDS
10267,3175514,3175658,144,CDS
10268,3175934,3176196,262,CDS
10269,3176440,3343767,167327,gene
10270,3176440,3176685,245,mRNA
10271,3189534,3190576,1042,mRNA
10272,3244735,3244854,119,mRNA
10273,3245073,3246195,1122,mRNA
10274,3246295,3246685,390,mRNA
10275,3321041,3321217,176,mRNA
10276,3325927,3325965,38,mRNA
10277,3332442,3332546,104,mRNA
10278,3334145,3334331,186,mRNA
10279,3334555,3334648,93,mRNA
10280,3337242,3337582,340,mRNA
10281,3337689,3337953,264,mRNA
10282,3338026,3338140,114,mRNA
10283,3338215,3338377,162,mRNA
10284,3338448,3338816,368,mRNA
10285,3338970,3343767,4797,mRNA
10286,3176440,3176685,245,mRNA
10287,3189534,3190576,1042,mRNA
10288,3245073,3246195,1122,mRNA
10289,3246295,3246685,390,mRNA
10290,3321041,3321217,176,mRNA
10291,3325927,3325965,38,mRNA
10292,3332442,3332546,104,mRNA
10293,3334145,3334331,186,mRNA
10294,3334555,3334648,93,mRNA
10295,3337242,3337582,340,mRNA
10296,3337689,3337953,264,mRNA
10297,3338026,3338140,114,mRNA
10298,3338215,3338377,162,mRNA
10299,3338448,3338816,368,mRNA
10300,3338970,3343767,4797,mRNA
10301,3176440,3176685,245,mRNA
10302,3189534,3189811,277,mRNA
10303,3245073,3246195,1122,mRNA
10304,3246295,3246685,390,mRNA
10305,3321041,3321217,176,mRNA
10306,3325927,3325965,38,mRNA
10307,3332442,3332546,104,mRNA
10308,3334145,3334331,186,mRNA
10309,3334555,3334648,93,mRNA
10310,3337242,3337582,340,mRNA
10311,3337689,3337953,264,mRNA
10312,3338026,3338140,114,mRNA
10313,3338215,3338377,162,mRNA
10314,3338448,3338816,368,mRNA
10315,3338970,3343767,4797,mRNA
10316,3176440,3176685,245,mRNA
10317,3244735,3244854,119,mRNA
10318,3245073,3246195,1122,mRNA
10319,3246295,3246685,390,mRNA
10320,3321041,3321217,176,mRNA
10321,3325927,3325965,38,mRNA
10322,3332442,3332546,104,mRNA
10323,3334145,3334331,186,mRNA
10324,3334555,3334648,93,mRNA
10325,3337242,3337582,340,mRNA
10326,3337689,3337953,264,mRNA
10327,3338026,3338140,114,mRNA
10328,3338215,3338377,162,mRNA
10329,3338448,3338816,368,mRNA
10330,3338970,3339327,357,mRNA
10331,3178521,3186128,7607,mobile_element
10332,3218561,3227651,9090,mobile_element
10333,3236130,3236686,556,gene
10334,3236130,3236686,556,mRNA
10335,3236293,3236652,359,CDS
10336,3240026,3240571,545,gene
10337,3240026,3240571,545,mRNA
10338,3240196,3240534,338,CDS
10339,3241491,3242084,593,gene
10340,3241491,3242084,593,mRNA
10341,3241617,3242057,440,CDS
10342,3242412,3242934,522,gene
10343,3242412,3242934,522,mRNA
10344,3242450,3242773,323,CDS
10345,3243954,3244220,266,gene
10346,3243954,3244220,266,mRNA
10347,3244015,3244188,173,CDS
10348,3244798,3244854,56,CDS
10349,3245073,3246195,1122,CDS
10350,3246295,3246685,390,CDS
10351,3321041,3321217,176,CDS
10352,3325927,3325965,38,CDS
10353,3332442,3332546,104,CDS
10354,3334145,3334331,186,CDS
10355,3334555,3334648,93,CDS
10356,3337242,3337582,340,CDS
10357,3337689,3337953,264,CDS
10358,3338026,3338140,114,CDS
10359,3338215,3338377,162,CDS
10360,3338448,3338816,368,CDS
10361,3338970,3339173,203,CDS
10362,3244798,3244854,56,CDS
10363,3245073,3246195,1122,CDS
10364,3246295,3246685,390,CDS
10365,3321041,3321217,176,CDS
10366,3325927,3325965,38,CDS
10367,3332442,3332546,104,CDS
10368,3334145,3334331,186,CDS
10369,3334555,3334648,93,CDS
10370,3337242,3337582,340,CDS
10371,3337689,3337953,264,CDS
10372,3338026,3338140,114,CDS
10373,3338215,3338377,162,CDS
10374,3338448,3338816,368,CDS
10375,3338970,3339173,203,CDS
10376,3246597,3246685,88,CDS
10377,3321041,3321217,176,CDS
10378,3325927,3325965,38,CDS
10379,3332442,3332546,104,CDS
10380,3334145,3334331,186,CDS
10381,3334555,3334648,93,CDS
10382,3337242,3337582,340,CDS
10383,3337689,3337953,264,CDS
10384,3338026,3338140,114,CDS
10385,3338215,3338377,162,CDS
10386,3338448,3338816,368,CDS
10387,3338970,3339173,203,CDS
10388,3246597,3246685,88,CDS
10389,3321041,3321217,176,CDS
10390,3325927,3325965,38,CDS
10391,3332442,3332546,104,CDS
10392,3334145,3334331,186,CDS
10393,3334555,3334648,93,CDS
10394,3337242,3337582,340,CDS
10395,3337689,3337953,264,CDS
10396,3338026,3338140,114,CDS
10397,3338215,3338377,162,CDS
10398,3338448,3338816,368,CDS
10399,3338970,3339173,203,CDS
10400,3248600,3249289,689,gene
10401,3248600,3249289,689,mRNA
10402,3248715,3249233,518,CDS
10403,3250089,3251040,951,gene
10404,3250089,3251040,951,mRNA
10405,3250114,3250977,863,CDS
10406,3256068,3256211,143,mRNA
10407,3256287,3256317,30,mRNA
10408,3258611,3258878,267,mRNA
10409,3279947,3281155,1208,mRNA
10410,3293600,3295453,1853,mRNA
10411,3321041,3321217,176,mRNA
10412,3325927,3325965,38,mRNA
10413,3332442,3332546,104,mRNA
10414,3334145,3334331,186,mRNA
10415,3334555,3334648,93,mRNA
10416,3337242,3337582,340,mRNA
10417,3337689,3337953,264,mRNA
10418,3338026,3338140,114,mRNA
10419,3338215,3338377,162,mRNA
10420,3338448,3338816,368,mRNA
10421,3338970,3343767,4797,mRNA
10422,3256068,3256211,143,mRNA
10423,3258611,3258878,267,mRNA
10424,3279947,3281155,1208,mRNA
10425,3293600,3295383,1783,mRNA
10426,3313500,3314608,1108,mRNA
10427,3321041,3321217,176,mRNA
10428,3332442,3332546,104,mRNA
10429,3334145,3334331,186,mRNA
10430,3334555,3334648,93,mRNA
10431,3337242,3337582,340,mRNA
10432,3337689,3337953,264,mRNA
10433,3338026,3338140,114,mRNA
10434,3338215,3338377,162,mRNA
10435,3338448,3338816,368,mRNA
10436,3338970,3343767,4797,mRNA
10437,3256068,3256211,143,mRNA
10438,3258611,3258878,267,mRNA
10439,3279947,3281155,1208,mRNA
10440,3321041,3321217,176,mRNA
10441,3325927,3325965,38,mRNA
10442,3332442,3332546,104,mRNA
10443,3334145,3334331,186,mRNA
10444,3334555,3334648,93,mRNA
10445,3337242,3337582,340,mRNA
10446,3337689,3337953,264,mRNA
10447,3338026,3338140,114,mRNA
10448,3338215,3338377,162,mRNA
10449,3338448,3338816,368,mRNA
10450,3338970,3339327,357,mRNA
10451,3256068,3256211,143,mRNA
10452,3258611,3258878,267,mRNA
10453,3279947,3281155,1208,mRNA
10454,3321041,3321217,176,mRNA
10455,3325927,3325965,38,mRNA
10456,3332442,3332546,104,mRNA
10457,3334151,3334331,180,mRNA
10458,3334555,3334648,93,mRNA
10459,3337242,3337582,340,mRNA
10460,3337689,3337953,264,mRNA
10461,3338026,3338140,114,mRNA
10462,3338215,3338377,162,mRNA
10463,3338448,3338816,368,mRNA
10464,3338970,3339327,357,mRNA
10465,3256068,3256211,143,mRNA
10466,3258614,3258878,264,mRNA
10467,3279947,3281155,1208,mRNA
10468,3321041,3321217,176,mRNA
10469,3325927,3325965,38,mRNA
10470,3332442,3332546,104,mRNA
10471,3334145,3334331,186,mRNA
10472,3334555,3334648,93,mRNA
10473,3337242,3337582,340,mRNA
10474,3337689,3337953,264,mRNA
10475,3338026,3338140,114,mRNA
10476,3338215,3338377,162,mRNA
10477,3338448,3338816,368,mRNA
10478,3338970,3339327,357,mRNA
10479,3256068,3256211,143,mRNA
10480,3258614,3258878,264,mRNA
10481,3279947,3281155,1208,mRNA
10482,3321041,3321217,176,mRNA
10483,3332442,3332546,104,mRNA
10484,3334145,3334331,186,mRNA
10485,3334555,3334648,93,mRNA
10486,3337242,3337582,340,mRNA
10487,3337689,3337953,264,mRNA
10488,3338026,3338140,114,mRNA
10489,3338215,3338377,162,mRNA
10490,3338448,3338816,368,mRNA
10491,3338970,3339327,357,mRNA
10492,3280002,3281155,1153,CDS
10493,3321041,3321217,176,CDS
10494,3325927,3325965,38,CDS
10495,3332442,3332546,104,CDS
10496,3334145,3334331,186,CDS
10497,3334555,3334648,93,CDS
10498,3337242,3337582,340,CDS
10499,3337689,3337953,264,CDS
10500,3338026,3338140,114,CDS
10501,3338215,3338377,162,CDS
10502,3338448,3338816,368,CDS
10503,3338970,3339173,203,CDS
10504,3280002,3281155,1153,CDS
10505,3321041,3321217,176,CDS
10506,3325927,3325965,38,CDS
10507,3332442,3332546,104,CDS
10508,3334145,3334331,186,CDS
10509,3334555,3334648,93,CDS
10510,3337242,3337582,340,CDS
10511,3337689,3337953,264,CDS
10512,3338026,3338140,114,CDS
10513,3338215,3338377,162,CDS
10514,3338448,3338816,368,CDS
10515,3338970,3339173,203,CDS
10516,3280002,3281155,1153,CDS
10517,3321041,3321217,176,CDS
10518,3325927,3325965,38,CDS
10519,3332442,3332546,104,CDS
10520,3334151,3334331,180,CDS
10521,3334555,3334648,93,CDS
10522,3337242,3337582,340,CDS
10523,3337689,3337953,264,CDS
10524,3338026,3338140,114,CDS
10525,3338215,3338377,162,CDS
10526,3338448,3338816,368,CDS
10527,3338970,3339173,203,CDS
10528,3280002,3281155,1153,CDS
10529,3321041,3321217,176,CDS
10530,3332442,3332546,104,CDS
10531,3334145,3334331,186,CDS
10532,3334555,3334648,93,CDS
10533,3337242,3337582,340,CDS
10534,3337689,3337953,264,CDS
10535,3338026,3338140,114,CDS
10536,3338215,3338377,162,CDS
10537,3338448,3338816,368,CDS
10538,3338970,3339173,203,CDS
10539,3289381,3290291,910,mRNA
10540,3291114,3291877,763,mRNA
10541,3321041,3321217,176,mRNA
10542,3325927,3325965,38,mRNA
10543,3332442,3332546,104,mRNA
10544,3334145,3334331,186,mRNA
10545,3334555,3334648,93,mRNA
10546,3337242,3337582,340,mRNA
10547,3337689,3337953,264,mRNA
10548,3338026,3338140,114,mRNA
10549,3338215,3338377,162,mRNA
10550,3338448,3338816,368,mRNA
10551,3338970,3343767,4797,mRNA
10552,3291010,3291877,867,mRNA
10553,3321041,3321217,176,mRNA
10554,3325927,3325965,38,mRNA
10555,3332442,3332546,104,mRNA
10556,3334145,3334331,186,mRNA
10557,3334555,3334648,93,mRNA
10558,3337242,3337582,340,mRNA
10559,3337689,3337953,264,mRNA
10560,3338026,3338140,114,mRNA
10561,3338215,3338377,162,mRNA
10562,3338448,3338816,368,mRNA
10563,3338970,3343767,4797,mRNA
10564,3291244,3291871,627,mRNA
10565,3321041,3321217,176,mRNA
10566,3325927,3325965,38,mRNA
10567,3332442,3332546,104,mRNA
10568,3334145,3334331,186,mRNA
10569,3334555,3334648,93,mRNA
10570,3337242,3337582,340,mRNA
10571,3337689,3337953,264,mRNA
10572,3338026,3338140,114,mRNA
10573,3338215,3338377,162,mRNA
10574,3338448,3338816,368,mRNA
10575,3338970,3339327,357,mRNA
10576,3291825,3291877,52,CDS
10577,3321041,3321217,176,CDS
10578,3325927,3325965,38,CDS
10579,3332442,3332546,104,CDS
10580,3334145,3334331,186,CDS
10581,3334555,3334648,93,CDS
10582,3337242,3337582,340,CDS
10583,3337689,3337953,264,CDS
10584,3338026,3338140,114,CDS
10585,3338215,3338377,162,CDS
10586,3338448,3338816,368,CDS
10587,3338970,3339173,203,CDS
10588,3291825,3291877,52,CDS
10589,3321041,3321217,176,CDS
10590,3325927,3325965,38,CDS
10591,3332442,3332546,104,CDS
10592,3334145,3334331,186,CDS
10593,3334555,3334648,93,CDS
10594,3337242,3337582,340,CDS
10595,3337689,3337953,264,CDS
10596,3338026,3338140,114,CDS
10597,3338215,3338377,162,CDS
10598,3338448,3338816,368,CDS
10599,3338970,3339173,203,CDS
10600,3291825,3291871,46,CDS
10601,3321041,3321217,176,CDS
10602,3325927,3325965,38,CDS
10603,3332442,3332546,104,CDS
10604,3334145,3334331,186,CDS
10605,3334555,3334648,93,CDS
10606,3337242,3337582,340,CDS
10607,3337689,3337953,264,CDS
10608,3338026,3338140,114,CDS
10609,3338215,3338377,162,CDS
10610,3338448,3338816,368,CDS
10611,3338970,3339173,203,CDS
10612,3295281,3295453,172,mRNA
10613,3321041,3321217,176,mRNA
10614,3325927,3325965,38,mRNA
10615,3332442,3332546,104,mRNA
10616,3334145,3334331,186,mRNA
10617,3334555,3334648,93,mRNA
10618,3337242,3337582,340,mRNA
10619,3337689,3337953,264,mRNA
10620,3338026,3338140,114,mRNA
10621,3338215,3338377,162,mRNA
10622,3338448,3338816,368,mRNA
10623,3338970,3339327,357,mRNA
10624,3313333,3348400,35067,gene
10625,3348344,3348400,56,ncRNA
10626,3313333,3313488,155,ncRNA
10627,3313677,3314608,931,CDS
10628,3321041,3321217,176,CDS
10629,3332442,3332546,104,CDS
10630,3334145,3334331,186,CDS
10631,3334555,3334648,93,CDS
10632,3337242,3337582,340,CDS
10633,3337689,3337953,264,CDS
10634,3338026,3338140,114,CDS
10635,3338215,3338377,162,CDS
10636,3338448,3338816,368,CDS
10637,3338970,3339173,203,CDS
10638,3314179,3314608,429,mRNA
10639,3321041,3321217,176,mRNA
10640,3332442,3332546,104,mRNA
10641,3334145,3334331,186,mRNA
10642,3334555,3334648,93,mRNA
10643,3337242,3337582,340,mRNA
10644,3337689,3337953,264,mRNA
10645,3338026,3338140,114,mRNA
10646,3338215,3338377,162,mRNA
10647,3338448,3338816,368,mRNA
10648,3338970,3339327,357,mRNA
10649,3314184,3314608,424,CDS
10650,3321041,3321217,176,CDS
10651,3332442,3332546,104,CDS
10652,3334145,3334331,186,CDS
10653,3334555,3334648,93,CDS
10654,3337242,3337582,340,CDS
10655,3337689,3337953,264,CDS
10656,3338026,3338140,114,CDS
10657,3338215,3338377,162,CDS
10658,3338448,3338816,368,CDS
10659,3338970,3339173,203,CDS
10660,3314744,3316402,1658,gene
10661,3314744,3316402,1658,mRNA
10662,3314841,3316280,1439,CDS
10663,3321171,3321217,46,CDS
10664,3325927,3325965,38,CDS
10665,3332442,3332546,104,CDS
10666,3334145,3334331,186,CDS
10667,3334555,3334648,93,CDS
10668,3337242,3337582,340,CDS
10669,3337689,3337953,264,CDS
10670,3338026,3338140,114,CDS
10671,3338215,3338377,162,CDS
10672,3338448,3338816,368,CDS
10673,3338970,3339173,203,CDS
10674,3321171,3321217,46,CDS
10675,3325927,3325965,38,CDS
10676,3332442,3332546,104,CDS
10677,3334145,3334331,186,CDS
10678,3334555,3334648,93,CDS
10679,3337242,3337582,340,CDS
10680,3337689,3337953,264,CDS
10681,3338026,3338140,114,CDS
10682,3338215,3338377,162,CDS
10683,3338448,3338816,368,CDS
10684,3338970,3339173,203,CDS
10685,3329407,3329844,437,mRNA
10686,3332442,3332546,104,mRNA
10687,3334145,3334331,186,mRNA
10688,3334555,3334648,93,mRNA
10689,3337242,3337582,340,mRNA
10690,3337689,3337953,264,mRNA
10691,3338026,3338140,114,mRNA
10692,3338215,3338377,162,mRNA
10693,3338448,3338816,368,mRNA
10694,3338970,3339327,357,mRNA
10695,3329699,3329844,145,CDS
10696,3332442,3332546,104,CDS
10697,3334145,3334331,186,CDS
10698,3334555,3334648,93,CDS
10699,3337242,3337582,340,CDS
10700,3337689,3337953,264,CDS
10701,3338026,3338140,114,CDS
10702,3338215,3338377,162,CDS
10703,3338448,3338816,368,CDS
10704,3338970,3339173,203,CDS
10705,3333870,3334331,461,mRNA
10706,3334555,3334648,93,mRNA
10707,3337242,3337582,340,mRNA
10708,3337689,3337953,264,mRNA
10709,3338026,3338140,114,mRNA
10710,3338215,3338377,162,mRNA
10711,3338448,3338816,368,mRNA
10712,3338970,3339327,357,mRNA
10713,3334317,3334331,14,CDS
10714,3334555,3334648,93,CDS
10715,3337242,3337582,340,CDS
10716,3337689,3337953,264,CDS
10717,3338026,3338140,114,CDS
10718,3338215,3338377,162,CDS
10719,3338448,3338816,368,CDS
10720,3338970,3339173,203,CDS
10721,3363686,3364060,374,gene
10722,3363686,3363854,168,ncRNA
10723,3363972,3364060,88,ncRNA
10724,3373159,3522787,149628,gene
10725,3373159,3373723,564,ncRNA
10726,3374940,3376233,1293,ncRNA
10727,3451010,3451065,55,ncRNA
10728,3522678,3522787,109,ncRNA
10729,3373159,3391697,18538,gene
10730,3373159,3373723,564,mRNA
10731,3374944,3376233,1289,mRNA
10732,3384387,3391697,7310,mRNA
10733,3373159,3373723,564,mRNA
10734,3374940,3376233,1293,mRNA
10735,3384387,3386011,1624,mRNA
10736,3375006,3376233,1227,CDS
10737,3384387,3385312,925,CDS
10738,3375006,3376233,1227,CDS
10739,3384387,3385312,925,CDS
10740,3387944,3448943,60999,gene
10741,3448895,3448943,48,mRNA
10742,3423863,3424292,429,mRNA
10743,3393025,3393531,506,mRNA
10744,3387944,3392891,4947,mRNA
10745,3445072,3445094,22,mRNA
10746,3439306,3439453,147,mRNA
10747,3423863,3424292,429,mRNA
10748,3393025,3393531,506,mRNA
10749,3392397,3392891,494,mRNA
10750,3448895,3448943,48,mRNA
10751,3423863,3424292,429,mRNA
10752,3393025,3393531,506,mRNA
10753,3392486,3392891,405,mRNA
10754,3448895,3448943,48,mRNA
10755,3447885,3448067,182,mRNA
10756,3447717,3447817,100,mRNA
10757,3439306,3439453,147,mRNA
10758,3423863,3424292,429,mRNA
10759,3393025,3393531,506,mRNA
10760,3392486,3392891,405,mRNA
10761,3439995,3440146,151,mRNA
10762,3439306,3439453,147,mRNA
10763,3423863,3424292,429,mRNA
10764,3393025,3393531,506,mRNA
10765,3392486,3392891,405,mRNA
10766,3393025,3393414,389,CDS
10767,3392664,3392891,227,CDS
10768,3393025,3393414,389,CDS
10769,3392664,3392891,227,CDS
10770,3393025,3393414,389,CDS
10771,3392664,3392891,227,CDS
10772,3393025,3393414,389,CDS
10773,3392664,3392891,227,CDS
10774,3393025,3393414,389,CDS
10775,3392664,3392891,227,CDS
10776,3404265,3404436,171,mobile_element
10777,3415073,3421199,6126,mobile_element
10778,3427452,3427523,71,gene
10779,3427452,3427523,71,tRNA
10780,3428708,3428848,140,mobile_element
10781,3434943,3435807,864,gene
10782,3435713,3435807,94,mRNA
10783,3434943,3435662,719,mRNA
10784,3434973,3435807,834,mRNA
10785,3435088,3435660,572,CDS
10786,3435088,3435660,572,CDS
10787,3459016,3460240,1224,gene
10788,3460024,3460240,216,mRNA
10789,3459016,3459953,937,mRNA
10790,3459273,3459875,602,CDS
10791,3460592,3462500,1908,gene
10792,3460592,3461195,603,mRNA
10793,3461247,3461947,700,mRNA
10794,3462048,3462500,452,mRNA
10795,3460592,3461195,603,mRNA
10796,3461247,3461854,607,mRNA
10797,3462048,3462500,452,mRNA
10798,3460628,3461195,567,CDS
10799,3461247,3461947,700,CDS
10800,3462048,3462455,407,CDS
10801,3460628,3461195,567,CDS
10802,3461247,3461854,607,CDS
10803,3462048,3462455,407,CDS
10804,3462474,3464044,1570,gene
10805,3463890,3464044,154,mRNA
10806,3462474,3463827,1353,mRNA
10807,3463881,3464044,163,mRNA
10808,3462474,3463827,1353,mRNA
10809,3463890,3463926,36,CDS
10810,3462713,3463827,1114,CDS
10811,3463881,3463926,45,CDS
10812,3462713,3463827,1114,CDS
10813,3464213,3464260,47,mobile_element
10814,3464262,3465607,1345,mobile_element
10815,3465737,3474524,8787,gene
10816,3474378,3474524,146,mRNA
10817,3471874,3473371,1497,mRNA
10818,3466399,3466632,233,mRNA
10819,3466270,3466335,65,mRNA
10820,3465737,3466207,470,mRNA
10821,3474141,3474524,383,mRNA
10822,3471874,3473371,1497,mRNA
10823,3466399,3466632,233,mRNA
10824,3466270,3466335,65,mRNA
10825,3465737,3466207,470,mRNA
10826,3471874,3473450,1576,mRNA
10827,3466399,3466632,233,mRNA
10828,3466270,3466335,65,mRNA
10829,3465737,3466207,470,mRNA
10830,3471874,3473148,1274,CDS
10831,3466399,3466632,233,CDS
10832,3466270,3466335,65,CDS
10833,3466034,3466207,173,CDS
10834,3471874,3473148,1274,CDS
10835,3466399,3466632,233,CDS
10836,3466270,3466335,65,CDS
10837,3466034,3466207,173,CDS
10838,3471874,3473148,1274,CDS
10839,3466399,3466632,233,CDS
10840,3466270,3466335,65,CDS
10841,3466034,3466207,173,CDS
10842,3476463,3482322,5859,gene
10843,3482026,3482322,296,mRNA
10844,3480859,3480935,76,mRNA
10845,3480422,3480729,307,mRNA
10846,3479392,3480349,957,mRNA
10847,3479128,3479331,203,mRNA
10848,3478611,3479032,421,mRNA
10849,3476463,3478549,2086,mRNA
10850,3482026,3482322,296,mRNA
10851,3480859,3480935,76,mRNA
10852,3480422,3480729,307,mRNA
10853,3479392,3480349,957,mRNA
10854,3479128,3479331,203,mRNA
10855,3478611,3479032,421,mRNA
10856,3476689,3478549,1860,mRNA
10857,3482026,3482322,296,mRNA
10858,3480859,3480935,76,mRNA
10859,3480422,3480729,307,mRNA
10860,3479128,3480349,1221,mRNA
10861,3478611,3479032,421,mRNA
10862,3476689,3478549,1860,mRNA
10863,3482026,3482322,296,mRNA
10864,3480859,3481344,485,mRNA
10865,3480422,3480729,307,mRNA
10866,3479392,3480349,957,mRNA
10867,3479128,3479331,203,mRNA
10868,3478611,3479032,421,mRNA
10869,3476689,3478549,1860,mRNA
10870,3480859,3480948,89,CDS
10871,3480422,3480729,307,CDS
10872,3479392,3480349,957,CDS
10873,3479128,3479331,203,CDS
10874,3478611,3479032,421,CDS
10875,3478351,3478549,198,CDS
10876,3480422,3480627,205,CDS
10877,3479392,3480349,957,CDS
10878,3479128,3479331,203,CDS
10879,3478611,3479032,421,CDS
10880,3478351,3478549,198,CDS
10881,3480422,3480627,205,CDS
10882,3479392,3480349,957,CDS
10883,3479128,3479331,203,CDS
10884,3478611,3479032,421,CDS
10885,3478351,3478549,198,CDS
10886,3480422,3480627,205,CDS
10887,3479128,3480349,1221,CDS
10888,3478611,3479032,421,CDS
10889,3478351,3478549,198,CDS
10890,3482965,3484555,1590,gene
10891,3482965,3483083,118,mRNA
10892,3483146,3483912,766,mRNA
10893,3483970,3484555,585,mRNA
10894,3482965,3483083,118,mRNA
10895,3483146,3483483,337,mRNA
10896,3483556,3483912,356,mRNA
10897,3483970,3484555,585,mRNA
10898,3483045,3483083,38,CDS
10899,3483146,3483912,766,CDS
10900,3483970,3484474,504,CDS
10901,3483045,3483083,38,CDS
10902,3483146,3483483,337,CDS
10903,3483556,3483912,356,CDS
10904,3483970,3484474,504,CDS
10905,3484605,3485378,773,gene
10906,3484605,3485378,773,mRNA
10907,3484709,3485284,575,CDS
10908,3485650,3490915,5265,gene
10909,3485650,3486021,371,mRNA
10910,3486313,3487343,1030,mRNA
10911,3487404,3487530,126,mRNA
10912,3487597,3487787,190,mRNA
10913,3487841,3488022,181,mRNA
10914,3488075,3490915,2840,mRNA
10915,3485650,3486021,371,mRNA
10916,3486319,3487530,1211,mRNA
10917,3487597,3487787,190,mRNA
10918,3487841,3488022,181,mRNA
10919,3488075,3490915,2840,mRNA
10920,3485650,3486021,371,mRNA
10921,3486083,3486184,101,mRNA
10922,3486313,3487530,1217,mRNA
10923,3487597,3487787,190,mRNA
10924,3487841,3488022,181,mRNA
10925,3488075,3488905,830,mRNA
10926,3485650,3486021,371,mRNA
10927,3486083,3486178,95,mRNA
10928,3486313,3487530,1217,mRNA
10929,3487597,3487787,190,mRNA
10930,3487841,3488022,181,mRNA
10931,3488075,3488905,830,mRNA
10932,3485650,3486021,371,mRNA
10933,3486313,3487530,1217,mRNA
10934,3487597,3487787,190,mRNA
10935,3487841,3488022,181,mRNA
10936,3488075,3488905,830,mRNA
10937,3485841,3486021,180,CDS
10938,3486313,3487530,1217,CDS
10939,3487597,3487787,190,CDS
10940,3487841,3488022,181,CDS
10941,3488075,3488216,141,CDS
10942,3485841,3486021,180,CDS
10943,3486313,3487343,1030,CDS
10944,3487404,3487530,126,CDS
10945,3487597,3487787,190,CDS
10946,3487841,3488022,181,CDS
10947,3488075,3488216,141,CDS
10948,3486321,3487530,1209,CDS
10949,3487597,3487787,190,CDS
10950,3487841,3488022,181,CDS
10951,3488075,3488216,141,CDS
10952,3486321,3487530,1209,CDS
10953,3487597,3487787,190,CDS
10954,3487841,3488022,181,CDS
10955,3488075,3488216,141,CDS
10956,3486321,3487530,1209,CDS
10957,3487597,3487787,190,CDS
10958,3487841,3488022,181,CDS
10959,3488075,3488216,141,CDS
10960,3491011,3504851,13840,gene
10961,3504539,3504851,312,mRNA
10962,3503389,3503431,42,mRNA
10963,3492884,3493048,164,mRNA
10964,3492513,3492816,303,mRNA
10965,3491011,3492437,1426,mRNA
10966,3493137,3493173,36,mRNA
10967,3492884,3493048,164,mRNA
10968,3492513,3492816,303,mRNA
10969,3491011,3492437,1426,mRNA
10970,3504539,3504851,312,mRNA
10971,3503389,3503431,42,mRNA
10972,3492884,3493048,164,mRNA
10973,3492513,3492816,303,mRNA
10974,3491434,3492437,1003,mRNA
10975,3504539,3504541,2,CDS
10976,3503389,3503431,42,CDS
10977,3492884,3493048,164,CDS
10978,3492513,3492816,303,CDS
10979,3491513,3492437,924,CDS
10980,3504539,3504541,2,CDS
10981,3503389,3503431,42,CDS
10982,3492884,3493048,164,CDS
10983,3492513,3492816,303,CDS
10984,3491513,3492437,924,CDS
10985,3492884,3493019,135,CDS
10986,3492513,3492816,303,CDS
10987,3491513,3492437,924,CDS
10988,3493147,3502247,9100,mobile_element
10989,3507245,3571649,64404,gene
10990,3530315,3530665,350,mRNA
10991,3523922,3524031,109,mRNA
10992,3523634,3523819,185,mRNA
10993,3522212,3522312,100,mRNA
10994,3520042,3520133,91,mRNA
10995,3519825,3519953,128,mRNA
10996,3514868,3514987,119,mRNA
10997,3514002,3514172,170,mRNA
10998,3507245,3513652,6407,mRNA
10999,3571492,3571649,157,mRNA
11000,3568304,3569275,971,mRNA
11001,3541868,3542052,184,mRNA
11002,3523922,3524031,109,mRNA
11003,3523634,3523819,185,mRNA
11004,3522212,3522312,100,mRNA
11005,3520042,3520133,91,mRNA
11006,3519825,3519953,128,mRNA
11007,3514868,3514987,119,mRNA
11008,3514002,3514172,170,mRNA
11009,3511337,3513652,2315,mRNA
11010,3530315,3530665,350,mRNA
11011,3523922,3524031,109,mRNA
11012,3523634,3523819,185,mRNA
11013,3522212,3522312,100,mRNA
11014,3520042,3520133,91,mRNA
11015,3519825,3519953,128,mRNA
11016,3514868,3514987,119,mRNA
11017,3514002,3514172,170,mRNA
11018,3511337,3513652,2315,mRNA
11019,3530315,3530420,105,CDS
11020,3523922,3524031,109,CDS
11021,3523634,3523819,185,CDS
11022,3522212,3522312,100,CDS
11023,3520042,3520133,91,CDS
11024,3519825,3519953,128,CDS
11025,3514868,3514987,119,CDS
11026,3514002,3514172,170,CDS
11027,3513003,3513652,649,CDS
11028,3530315,3530420,105,CDS
11029,3523922,3524031,109,CDS
11030,3523634,3523819,185,CDS
11031,3522212,3522312,100,CDS
11032,3520042,3520133,91,CDS
11033,3519825,3519953,128,CDS
11034,3514868,3514987,119,CDS
11035,3514002,3514172,170,CDS
11036,3513003,3513652,649,CDS
11037,3523634,3523669,35,CDS
11038,3522212,3522312,100,CDS
11039,3520042,3520133,91,CDS
11040,3519825,3519953,128,CDS
11041,3514868,3514987,119,CDS
11042,3514002,3514172,170,CDS
11043,3513003,3513652,649,CDS
11044,3514316,3515757,1441,gene
11045,3514316,3514336,20,mRNA
11046,3514390,3514459,69,mRNA
11047,3515252,3515757,505,mRNA
11048,3514355,3514459,104,mRNA
11049,3515252,3515757,505,mRNA
11050,3515260,3515592,332,CDS
11051,3515260,3515592,332,CDS
11052,3545750,3546110,360,gene
11053,3545750,3546110,360,ncRNA
11054,3545862,3546110,248,ncRNA
11055,3557812,3572000,14188,gene
11056,3557812,3557838,26,mRNA
11057,3559144,3559277,133,mRNA
11058,3569813,3570058,245,mRNA
11059,3570232,3570380,148,mRNA
11060,3570666,3571474,808,mRNA
11061,3571544,3572000,456,mRNA
11062,3569504,3569694,190,mRNA
11063,3569755,3570058,303,mRNA
11064,3570232,3570380,148,mRNA
11065,3570666,3571474,808,mRNA
11066,3571544,3572000,456,mRNA
11067,3569504,3569694,190,CDS
11068,3569755,3570058,303,CDS
11069,3570232,3570380,148,CDS
11070,3570666,3571474,808,CDS
11071,3571544,3571800,256,CDS
11072,3569975,3570058,83,CDS
11073,3570232,3570380,148,CDS
11074,3570666,3571474,808,CDS
11075,3571544,3571800,256,CDS
11076,3571456,3573622,2166,gene
11077,3573368,3573622,254,mRNA
11078,3572595,3573300,705,mRNA
11079,3572003,3572532,529,mRNA
11080,3571456,3571939,483,mRNA
11081,3573368,3573622,254,mRNA
11082,3572595,3573300,705,mRNA
11083,3572003,3572532,529,mRNA
11084,3571721,3571939,218,mRNA
11085,3573368,3573622,254,mRNA
11086,3572595,3573303,708,mRNA
11087,3572003,3572532,529,mRNA
11088,3571721,3571939,218,mRNA
11089,3573368,3573505,137,CDS
11090,3572595,3573300,705,CDS
11091,3572003,3572532,529,CDS
11092,3571823,3571939,116,CDS
11093,3573368,3573505,137,CDS
11094,3572595,3573300,705,CDS
11095,3572003,3572532,529,CDS
11096,3571823,3571939,116,CDS
11097,3573368,3573505,137,CDS
11098,3572595,3573303,708,CDS
11099,3572003,3572532,529,CDS
11100,3571823,3571939,116,CDS
11101,3574536,3666724,92188,gene
11102,3574536,3574920,384,mRNA
11103,3632007,3632055,48,mRNA
11104,3645304,3645762,458,mRNA
11105,3655581,3655770,189,mRNA
11106,3655850,3655945,95,mRNA
11107,3656667,3656817,150,mRNA
11108,3662160,3662278,118,mRNA
11109,3663456,3663531,75,mRNA
11110,3664334,3664489,155,mRNA
11111,3664561,3664669,108,mRNA
11112,3664811,3666724,1913,mRNA
11113,3574536,3574920,384,mRNA
11114,3645304,3645762,458,mRNA
11115,3655581,3655770,189,mRNA
11116,3655850,3655945,95,mRNA
11117,3656667,3656817,150,mRNA
11118,3662160,3662278,118,mRNA
11119,3663456,3663531,75,mRNA
11120,3664334,3664489,155,mRNA
11121,3664561,3664669,108,mRNA
11122,3664811,3666724,1913,mRNA
11123,3593910,3593963,53,mobile_element
11124,3597606,3602314,4708,mobile_element
11125,3601942,3602187,245,mobile_element
11126,3606329,3607076,747,mobile_element
11127,3606344,3612864,6520,mobile_element
11128,3636517,3636563,46,mobile_element
11129,3645123,3645182,59,mobile_element
11130,3645471,3645762,291,CDS
11131,3655581,3655770,189,CDS
11132,3655850,3655945,95,CDS
11133,3656667,3656817,150,CDS
11134,3662160,3662278,118,CDS
11135,3663456,3663531,75,CDS
11136,3664334,3664489,155,CDS
11137,3664561,3664665,104,CDS
11138,3645471,3645762,291,CDS
11139,3655581,3655770,189,CDS
11140,3655850,3655945,95,CDS
11141,3656667,3656817,150,CDS
11142,3662160,3662278,118,CDS
11143,3663456,3663531,75,CDS
11144,3664334,3664489,155,CDS
11145,3664561,3664665,104,CDS
11146,3662978,3663175,197,mobile_element
11147,3667621,3668845,1224,gene
11148,3667621,3668180,559,mRNA
11149,3668240,3668412,172,mRNA
11150,3668535,3668845,310,mRNA
11151,3668044,3668180,136,CDS
11152,3668240,3668412,172,CDS
11153,3668535,3668704,169,CDS
11154,3668837,3671502,2665,gene
11155,3670655,3671502,847,mRNA
11156,3668837,3670587,1750,mRNA
11157,3670655,3671488,833,mRNA
11158,3668901,3670587,1686,mRNA
11159,3670655,3671367,712,CDS
11160,3669129,3670587,1458,CDS
11161,3670655,3671367,712,CDS
11162,3669129,3670587,1458,CDS
11163,3671801,3701672,29871,gene
11164,3671801,3672039,238,mRNA
11165,3683353,3683449,96,mRNA
11166,3692953,3693932,979,mRNA
11167,3698118,3699027,909,mRNA
11168,3699114,3699273,159,mRNA
11169,3699339,3699486,147,mRNA
11170,3699684,3699787,103,mRNA
11171,3699933,3700464,531,mRNA
11172,3700671,3700780,109,mRNA
11173,3688235,3688495,260,mRNA
11174,3692953,3693932,979,mRNA
11175,3698118,3699027,909,mRNA
11176,3699114,3699273,159,mRNA
11177,3699339,3699486,147,mRNA
11178,3699687,3699787,100,mRNA
11179,3699930,3700464,534,mRNA
11180,3700671,3701672,1001,mRNA
11181,3688235,3688495,260,mRNA
11182,3692953,3693932,979,mRNA
11183,3698118,3699027,909,mRNA
11184,3699114,3699273,159,mRNA
11185,3699339,3699486,147,mRNA
11186,3699687,3699787,100,mRNA
11187,3699933,3700464,531,mRNA
11188,3700671,3701672,1001,mRNA
11189,3688235,3688264,29,mRNA
11190,3692953,3693932,979,mRNA
11191,3698742,3699027,285,mRNA
11192,3699114,3699273,159,mRNA
11193,3699339,3699486,147,mRNA
11194,3699684,3699787,103,mRNA
11195,3699933,3700464,531,mRNA
11196,3700671,3701672,1001,mRNA
11197,3688235,3688495,260,mRNA
11198,3692953,3693932,979,mRNA
11199,3698742,3699027,285,mRNA
11200,3699114,3699273,159,mRNA
11201,3699339,3699486,147,mRNA
11202,3699684,3699787,103,mRNA
11203,3699933,3700464,531,mRNA
11204,3700671,3700780,109,mRNA
11205,3688235,3688495,260,mRNA
11206,3692953,3693932,979,mRNA
11207,3698745,3699027,282,mRNA
11208,3699114,3699273,159,mRNA
11209,3699339,3699486,147,mRNA
11210,3699684,3699787,103,mRNA
11211,3699933,3700464,531,mRNA
11212,3700671,3700780,109,mRNA
11213,3689363,3689482,119,mRNA
11214,3692953,3693932,979,mRNA
11215,3698340,3699027,687,mRNA
11216,3699114,3699273,159,mRNA
11217,3699339,3699486,147,mRNA
11218,3699684,3699787,103,mRNA
11219,3699933,3700464,531,mRNA
11220,3700671,3701672,1001,mRNA
11221,3689363,3689482,119,mRNA
11222,3692953,3693932,979,mRNA
11223,3698742,3699027,285,mRNA
11224,3699114,3699273,159,mRNA
11225,3699339,3699486,147,mRNA
11226,3699684,3699787,103,mRNA
11227,3699930,3700464,534,mRNA
11228,3700671,3701672,1001,mRNA
11229,3689363,3689482,119,mRNA
11230,3692953,3693932,979,mRNA
11231,3698118,3699027,909,mRNA
11232,3699114,3699273,159,mRNA
11233,3699339,3699486,147,mRNA
11234,3699684,3699787,103,mRNA
11235,3699933,3700464,531,mRNA
11236,3700671,3700780,109,mRNA
11237,3689363,3689482,119,mRNA
11238,3692953,3693932,979,mRNA
11239,3698742,3699027,285,mRNA
11240,3699114,3699273,159,mRNA
11241,3699339,3699486,147,mRNA
11242,3699684,3699787,103,mRNA
11243,3699933,3700464,531,mRNA
11244,3700671,3700780,109,mRNA
11245,3693485,3693932,447,CDS
11246,3698118,3699027,909,CDS
11247,3699114,3699273,159,CDS
11248,3699339,3699486,147,CDS
11249,3699684,3699787,103,CDS
11250,3699933,3700464,531,CDS
11251,3700671,3700741,70,CDS
11252,3693485,3693932,447,CDS
11253,3698118,3699027,909,CDS
11254,3699114,3699273,159,CDS
11255,3699339,3699486,147,CDS
11256,3699684,3699787,103,CDS
11257,3699933,3700464,531,CDS
11258,3700671,3700741,70,CDS
11259,3693485,3693932,447,CDS
11260,3698118,3699027,909,CDS
11261,3699114,3699273,159,CDS
11262,3699339,3699486,147,CDS
11263,3699687,3699787,100,CDS
11264,3699930,3700464,534,CDS
11265,3700671,3700741,70,CDS
11266,3693485,3693932,447,CDS
11267,3698118,3699027,909,CDS
11268,3699114,3699273,159,CDS
11269,3699339,3699486,147,CDS
11270,3699687,3699787,100,CDS
11271,3699933,3700464,531,CDS
11272,3700671,3700741,70,CDS
11273,3693485,3693932,447,CDS
11274,3698340,3699027,687,CDS
11275,3699114,3699273,159,CDS
11276,3699339,3699486,147,CDS
11277,3699684,3699787,103,CDS
11278,3699933,3700464,531,CDS
11279,3700671,3700741,70,CDS
11280,3693485,3693932,447,CDS
11281,3698742,3699027,285,CDS
11282,3699114,3699273,159,CDS
11283,3699339,3699486,147,CDS
11284,3699684,3699787,103,CDS
11285,3699930,3700464,534,CDS
11286,3700671,3700741,70,CDS
11287,3693485,3693932,447,CDS
11288,3698742,3699027,285,CDS
11289,3699114,3699273,159,CDS
11290,3699339,3699486,147,CDS
11291,3699684,3699787,103,CDS
11292,3699933,3700464,531,CDS
11293,3700671,3700741,70,CDS
11294,3693485,3693932,447,CDS
11295,3698742,3699027,285,CDS
11296,3699114,3699273,159,CDS
11297,3699339,3699486,147,CDS
11298,3699684,3699787,103,CDS
11299,3699933,3700464,531,CDS
11300,3700671,3700741,70,CDS
11301,3693485,3693932,447,CDS
11302,3698742,3699027,285,CDS
11303,3699114,3699273,159,CDS
11304,3699339,3699486,147,CDS
11305,3699684,3699787,103,CDS
11306,3699933,3700464,531,CDS
11307,3700671,3700741,70,CDS
11308,3693485,3693932,447,CDS
11309,3698745,3699027,282,CDS
11310,3699114,3699273,159,CDS
11311,3699339,3699486,147,CDS
11312,3699684,3699787,103,CDS
11313,3699933,3700464,531,CDS
11314,3700671,3700741,70,CDS
11315,3701857,3703285,1428,gene
11316,3701857,3703285,1428,ncRNA
11317,3703837,3703944,107,mobile_element
11318,3704610,3719635,15025,gene
11319,3719363,3719635,272,mRNA
11320,3710069,3710248,179,mRNA
11321,3709836,3709996,160,mRNA
11322,3708744,3708918,174,mRNA
11323,3707368,3707491,123,mRNA
11324,3704610,3706251,1641,mRNA
11325,3719363,3719635,272,mRNA
11326,3710069,3710248,179,mRNA
11327,3709836,3709996,160,mRNA
11328,3708744,3708918,174,mRNA
11329,3704984,3706251,1267,mRNA
11330,3719363,3719635,272,mRNA
11331,3716472,3716667,195,mRNA
11332,3710069,3710248,179,mRNA
11333,3709836,3709996,160,mRNA
11334,3708744,3708918,174,mRNA
11335,3707368,3707491,123,mRNA
11336,3704984,3706251,1267,mRNA
11337,3710069,3710221,152,CDS
11338,3709836,3709996,160,CDS
11339,3708744,3708918,174,CDS
11340,3706147,3706251,104,CDS
11341,3710069,3710221,152,CDS
11342,3709836,3709996,160,CDS
11343,3708744,3708918,174,CDS
11344,3707375,3707491,116,CDS
11345,3710069,3710221,152,CDS
11346,3709836,3709996,160,CDS
11347,3708744,3708918,174,CDS
11348,3707375,3707491,116,CDS
11349,3720007,3789770,69763,gene
11350,3720007,3720104,97,mRNA
11351,3721376,3721647,271,mRNA
11352,3781655,3783559,1904,mRNA
11353,3783677,3784441,764,mRNA
11354,3784528,3784706,178,mRNA
11355,3785032,3785224,192,mRNA
11356,3785290,3785495,205,mRNA
11357,3785594,3785813,219,mRNA
11358,3786144,3788818,2674,mRNA
11359,3720007,3720322,315,mRNA
11360,3721376,3721647,271,mRNA
11361,3781655,3783559,1904,mRNA
11362,3783677,3784441,764,mRNA
11363,3784528,3784706,178,mRNA
11364,3785032,3785224,192,mRNA
11365,3785290,3785495,205,mRNA
11366,3785594,3785813,219,mRNA
11367,3786144,3787977,1833,mRNA
11368,3720007,3720513,506,mRNA
11369,3721376,3721647,271,mRNA
11370,3781655,3783559,1904,mRNA
11371,3784528,3784706,178,mRNA
11372,3785032,3785224,192,mRNA
11373,3785290,3785495,205,mRNA
11374,3785594,3785813,219,mRNA
11375,3786144,3786969,825,mRNA
11376,3720007,3720322,315,mRNA
11377,3721376,3721647,271,mRNA
11378,3781655,3783559,1904,mRNA
11379,3783677,3784441,764,mRNA
11380,3784528,3784706,178,mRNA
11381,3785032,3785224,192,mRNA
11382,3785290,3785495,205,mRNA
11383,3785594,3785813,219,mRNA
11384,3786144,3786969,825,mRNA
11385,3721576,3721647,71,CDS
11386,3781655,3783559,1904,CDS
11387,3783677,3784441,764,CDS
11388,3784528,3784706,178,CDS
11389,3785032,3785224,192,CDS
11390,3785290,3785495,205,CDS
11391,3785594,3785813,219,CDS
11392,3786144,3786404,260,CDS
11393,3721576,3721647,71,CDS
11394,3781655,3783559,1904,CDS
11395,3783677,3784441,764,CDS
11396,3784528,3784706,178,CDS
11397,3785032,3785224,192,CDS
11398,3785290,3785495,205,CDS
11399,3785594,3785813,219,CDS
11400,3786144,3786404,260,CDS
11401,3721576,3721647,71,CDS
11402,3781655,3783559,1904,CDS
11403,3783677,3784441,764,CDS
11404,3784528,3784706,178,CDS
11405,3785032,3785224,192,CDS
11406,3785290,3785495,205,CDS
11407,3785594,3785813,219,CDS
11408,3786144,3786404,260,CDS
11409,3721576,3721647,71,CDS
11410,3781655,3783559,1904,CDS
11411,3784528,3784706,178,CDS
11412,3785032,3785224,192,CDS
11413,3785290,3785495,205,CDS
11414,3785594,3785813,219,CDS
11415,3786144,3786404,260,CDS
11416,3724637,3724871,234,mRNA
11417,3781655,3783559,1904,mRNA
11418,3783677,3784441,764,mRNA
11419,3784528,3784706,178,mRNA
11420,3785032,3785224,192,mRNA
11421,3785290,3785495,205,mRNA
11422,3785594,3785813,219,mRNA
11423,3786144,3787977,1833,mRNA
11424,3724833,3724871,38,CDS
11425,3781655,3783559,1904,CDS
11426,3783677,3784441,764,CDS
11427,3784528,3784706,178,CDS
11428,3785032,3785224,192,CDS
11429,3785290,3785495,205,CDS
11430,3785594,3785813,219,CDS
11431,3786144,3786404,260,CDS
11432,3726818,3727384,566,mobile_element
11433,3727050,3730153,3103,mobile_element
11434,3739897,3740204,307,mRNA
11435,3781655,3783559,1904,mRNA
11436,3783677,3784441,764,mRNA
11437,3784528,3784706,178,mRNA
11438,3785032,3785224,192,mRNA
11439,3785290,3785495,205,mRNA
11440,3785594,3785813,219,mRNA
11441,3786144,3789770,3626,mRNA
11442,3740136,3740204,68,CDS
11443,3781655,3783559,1904,CDS
11444,3783677,3784441,764,CDS
11445,3784528,3784706,178,CDS
11446,3785032,3785224,192,CDS
11447,3785290,3785495,205,CDS
11448,3785594,3785813,219,CDS
11449,3786144,3786404,260,CDS
11450,3747163,3747411,248,mRNA
11451,3749041,3749094,53,mRNA
11452,3762498,3762857,359,mRNA
11453,3781655,3783559,1904,mRNA
11454,3783677,3784441,764,mRNA
11455,3784528,3784706,178,mRNA
11456,3785032,3785224,192,mRNA
11457,3785290,3785495,205,mRNA
11458,3785594,3785813,219,mRNA
11459,3786144,3786636,492,mRNA
11460,3747163,3747411,248,CDS
11461,3749041,3749094,53,CDS
11462,3762498,3762857,359,CDS
11463,3781655,3783559,1904,CDS
11464,3783677,3784441,764,CDS
11465,3784528,3784706,178,CDS
11466,3785032,3785224,192,CDS
11467,3785290,3785495,205,CDS
11468,3785594,3785813,219,CDS
11469,3786144,3786404,260,CDS
11470,3749061,3749094,33,mRNA
11471,3762498,3762857,359,mRNA
11472,3781655,3783559,1904,mRNA
11473,3783677,3784441,764,mRNA
11474,3784528,3784706,178,mRNA
11475,3785032,3785224,192,mRNA
11476,3785290,3785495,205,mRNA
11477,3785594,3785813,219,mRNA
11478,3786144,3786636,492,mRNA
11479,3753475,3760972,7497,mobile_element
11480,3765764,3765807,43,mobile_element
11481,3772640,3773034,394,mRNA
11482,3781655,3783559,1904,mRNA
11483,3783677,3784441,764,mRNA
11484,3784528,3784706,178,mRNA
11485,3785032,3785224,192,mRNA
11486,3785290,3785495,205,mRNA
11487,3785594,3785813,219,mRNA
11488,3786144,3789770,3626,mRNA
11489,3772640,3773034,394,mRNA
11490,3775815,3777360,1545,mRNA
11491,3781655,3783559,1904,mRNA
11492,3783677,3784441,764,mRNA
11493,3784528,3784706,178,mRNA
11494,3785032,3785224,192,mRNA
11495,3785290,3785495,205,mRNA
11496,3785594,3785813,219,mRNA
11497,3786144,3787977,1833,mRNA
11498,3776059,3776437,378,mRNA
11499,3781655,3783559,1904,mRNA
11500,3783677,3784441,764,mRNA
11501,3784528,3784706,178,mRNA
11502,3785032,3785224,192,mRNA
11503,3785290,3785495,205,mRNA
11504,3785594,3785813,219,mRNA
11505,3786144,3786969,825,mRNA
11506,3776620,3777360,740,CDS
11507,3781655,3783559,1904,CDS
11508,3783677,3784441,764,CDS
11509,3784528,3784706,178,CDS
11510,3785032,3785224,192,CDS
11511,3785290,3785495,205,CDS
11512,3785594,3785813,219,CDS
11513,3786144,3786404,260,CDS
11514,3777382,3777505,123,gene
11515,3777382,3777505,123,precursor_RNA
11516,3777408,3777431,23,ncRNA
11517,3777456,3777478,22,ncRNA
11518,3780143,3780689,546,mRNA
11519,3781655,3783559,1904,mRNA
11520,3783677,3784441,764,mRNA
11521,3784528,3784706,178,mRNA
11522,3785032,3785224,192,mRNA
11523,3785290,3785495,205,mRNA
11524,3785594,3785813,219,mRNA
11525,3786144,3787977,1833,mRNA
11526,3780654,3780689,35,CDS
11527,3781655,3783559,1904,CDS
11528,3783677,3784441,764,CDS
11529,3784528,3784706,178,CDS
11530,3785032,3785224,192,CDS
11531,3785290,3785495,205,CDS
11532,3785594,3785813,219,CDS
11533,3786144,3786404,260,CDS
11534,3781655,3783559,1904,CDS
11535,3783677,3784441,764,CDS
11536,3784528,3784706,178,CDS
11537,3785032,3785224,192,CDS
11538,3785290,3785495,205,CDS
11539,3785594,3785813,219,CDS
11540,3786144,3786404,260,CDS
11541,3781655,3783559,1904,CDS
11542,3783677,3784441,764,CDS
11543,3784528,3784706,178,CDS
11544,3785032,3785224,192,CDS
11545,3785290,3785495,205,CDS
11546,3785594,3785813,219,CDS
11547,3786144,3786404,260,CDS
11548,3781655,3783559,1904,CDS
11549,3783677,3784441,764,CDS
11550,3784528,3784706,178,CDS
11551,3785032,3785224,192,CDS
11552,3785290,3785495,205,CDS
11553,3785594,3785813,219,CDS
11554,3786144,3786404,260,CDS
11555,3785867,3786055,188,mobile_element
11556,3789969,3792477,2508,gene
11557,3789969,3790076,107,mRNA
11558,3790130,3790336,206,mRNA
11559,3790417,3790538,121,mRNA
11560,3790756,3791402,646,mRNA
11561,3791477,3792477,1000,mRNA
11562,3790042,3790336,294,mRNA
11563,3790417,3790538,121,mRNA
11564,3790756,3791402,646,mRNA
11565,3791477,3792477,1000,mRNA
11566,3790042,3790070,28,mRNA
11567,3790130,3790336,206,mRNA
11568,3790417,3790538,121,mRNA
11569,3790756,3791402,646,mRNA
11570,3791477,3792477,1000,mRNA
11571,3790164,3790336,172,CDS
11572,3790417,3790538,121,CDS
11573,3790756,3791402,646,CDS
11574,3791477,3791668,191,CDS
11575,3790164,3790336,172,CDS
11576,3790417,3790538,121,CDS
11577,3790756,3791402,646,CDS
11578,3791477,3791668,191,CDS
11579,3790164,3790336,172,CDS
11580,3790417,3790538,121,CDS
11581,3790756,3791402,646,CDS
11582,3791477,3791668,191,CDS
11583,3792974,3793401,427,gene
11584,3792974,3793401,427,ncRNA
11585,3793223,3797339,4116,gene
11586,3793223,3793406,183,mRNA
11587,3794863,3795228,365,mRNA
11588,3796660,3797339,679,mRNA
11589,3793464,3794660,1196,gene
11590,3793464,3794660,1196,exon
11591,3794814,3794952,138,mobile_element
11592,3795092,3795228,136,CDS
11593,3796660,3796867,207,CDS
11594,3796394,3796809,415,mobile_element
11595,3797497,3799028,1531,gene
11596,3797497,3799028,1531,exon
11597,3799150,3801570,2420,gene
11598,3799150,3799419,269,mRNA
11599,3799500,3799621,121,mRNA
11600,3799839,3800485,646,mRNA
11601,3800560,3801570,1010,mRNA
11602,3799247,3799419,172,CDS
11603,3799500,3799621,121,CDS
11604,3799839,3800485,646,CDS
11605,3800560,3800751,191,CDS
11606,3802067,3802494,427,gene
11607,3802067,3802494,427,ncRNA
11608,3802316,3811040,8724,gene
11609,3802316,3803749,1433,mRNA
11610,3804226,3804321,95,mRNA
11611,3809422,3809593,171,mRNA
11612,3809655,3810141,486,mRNA
11613,3810223,3811040,817,mRNA
11614,3802316,3803749,1433,mRNA
11615,3804226,3804321,95,mRNA
11616,3809422,3809593,171,mRNA
11617,3809655,3810141,486,mRNA
11618,3810223,3811040,817,mRNA
11619,3802557,3803749,1192,CDS
11620,3804226,3804321,95,CDS
11621,3809422,3809593,171,CDS
11622,3809655,3810141,486,CDS
11623,3810223,3810569,346,CDS
11624,3802557,3803749,1192,CDS
11625,3804226,3804321,95,CDS
11626,3809422,3809593,171,CDS
11627,3809655,3810141,486,CDS
11628,3810223,3810509,286,CDS
11629,3803907,3804045,138,mobile_element
11630,3811698,3857621,45923,gene
11631,3811698,3812272,574,mRNA
11632,3820726,3821015,289,mRNA
11633,3841324,3841416,92,mRNA
11634,3850963,3851256,293,mRNA
11635,3851937,3852065,128,mRNA
11636,3852140,3857621,5481,mRNA
11637,3819699,3819770,71,gene
11638,3819699,3819770,71,tRNA
11639,3820737,3821015,278,CDS
11640,3841324,3841416,92,CDS
11641,3850963,3851256,293,CDS
11642,3851937,3852065,128,CDS
11643,3852140,3856585,4445,CDS
11644,3827622,3827693,71,gene
11645,3827622,3827693,71,tRNA
11646,3828197,3831546,3349,gene
11647,3828197,3828370,173,mRNA
11648,3828459,3829125,666,mRNA
11649,3829361,3830071,710,mRNA
11650,3830154,3830454,300,mRNA
11651,3830679,3831546,867,mRNA
11652,3828302,3828370,68,CDS
11653,3828459,3829125,666,CDS
11654,3829361,3830071,710,CDS
11655,3830154,3830454,300,CDS
11656,3830679,3830880,201,CDS
11657,3836080,3836840,760,mRNA
11658,3841324,3841416,92,mRNA
11659,3850963,3851256,293,mRNA
11660,3851937,3852065,128,mRNA
11661,3852140,3857621,5481,mRNA
11662,3836664,3836840,176,CDS
11663,3841324,3841416,92,CDS
11664,3850963,3851256,293,CDS
11665,3851937,3852065,128,CDS
11666,3852140,3856585,4445,CDS
11667,3842375,3842560,185,mobile_element
11668,3845898,3846207,309,mRNA
11669,3850246,3850711,465,mRNA
11670,3850963,3851256,293,mRNA
11671,3851937,3852065,128,mRNA
11672,3852140,3857621,5481,mRNA
11673,3850283,3850711,428,CDS
11674,3850963,3851256,293,CDS
11675,3851937,3852065,128,CDS
11676,3852140,3856585,4445,CDS
11677,3857230,3862697,5467,gene
11678,3857230,3862061,4831,ncRNA
11679,3858277,3862697,4420,ncRNA
11680,3858277,3862061,3784,ncRNA
11681,3858562,3858648,86,mobile_element
11682,3862021,3862425,404,ncRNA
11683,3858896,3861950,3054,ncRNA
11684,3858940,3862697,3757,ncRNA
11685,3862966,3871939,8973,gene
11686,3871871,3871939,68,mRNA
11687,3869659,3869814,155,mRNA
11688,3869517,3869602,85,mRNA
11689,3865358,3865439,81,mRNA
11690,3865070,3865298,228,mRNA
11691,3862966,3865013,2047,mRNA
11692,3867939,3868331,392,mRNA
11693,3865358,3865439,81,mRNA
11694,3865070,3865298,228,mRNA
11695,3862966,3865013,2047,mRNA
11696,3866512,3866717,205,mRNA
11697,3865358,3865439,81,mRNA
11698,3865070,3865298,228,mRNA
11699,3862966,3865013,2047,mRNA
11700,3866503,3866717,214,mRNA
11701,3865358,3865439,81,mRNA
11702,3865070,3865298,228,mRNA
11703,3862966,3865013,2047,mRNA
11704,3869659,3869764,105,CDS
11705,3869517,3869602,85,CDS
11706,3865358,3865439,81,CDS
11707,3865070,3865298,228,CDS
11708,3863174,3865013,1839,CDS
11709,3867939,3868019,80,CDS
11710,3865358,3865439,81,CDS
11711,3865070,3865298,228,CDS
11712,3863174,3865013,1839,CDS
11713,3866512,3866565,53,CDS
11714,3865358,3865439,81,CDS
11715,3865070,3865298,228,CDS
11716,3863174,3865013,1839,CDS
11717,3866503,3866565,62,CDS
11718,3865358,3865439,81,CDS
11719,3865070,3865298,228,CDS
11720,3863174,3865013,1839,CDS
11721,3868973,3880379,11406,gene
11722,3868973,3869179,206,mRNA
11723,3869499,3869818,319,mRNA
11724,3869953,3870226,273,mRNA
11725,3870318,3870544,226,mRNA
11726,3873118,3873176,58,mRNA
11727,3875902,3876242,340,mRNA
11728,3876315,3876393,78,mRNA
11729,3876455,3877458,1003,mRNA
11730,3877628,3878817,1189,mRNA
11731,3872413,3872557,144,mRNA
11732,3873118,3873176,58,mRNA
11733,3875902,3876242,340,mRNA
11734,3876315,3876393,78,mRNA
11735,3876455,3877458,1003,mRNA
11736,3879007,3879214,207,mRNA
11737,3879513,3880379,866,mRNA
11738,3872413,3872557,144,mRNA
11739,3873118,3873176,58,mRNA
11740,3875902,3876242,340,mRNA
11741,3876315,3876393,78,mRNA
11742,3876455,3877458,1003,mRNA
11743,3877628,3878817,1189,mRNA
11744,3872413,3872512,99,mRNA
11745,3873118,3873176,58,mRNA
11746,3875902,3876242,340,mRNA
11747,3876315,3876393,78,mRNA
11748,3876455,3877458,1003,mRNA
11749,3877628,3878817,1189,mRNA
11750,3873158,3873176,18,CDS
11751,3875902,3876242,340,CDS
11752,3876315,3876393,78,CDS
11753,3876455,3877458,1003,CDS
11754,3879007,3879214,207,CDS
11755,3879513,3880273,760,CDS
11756,3873158,3873176,18,CDS
11757,3875902,3876242,340,CDS
11758,3876315,3876393,78,CDS
11759,3876455,3877458,1003,CDS
11760,3877628,3878617,989,CDS
11761,3873158,3873176,18,CDS
11762,3875902,3876242,340,CDS
11763,3876315,3876393,78,CDS
11764,3876455,3877458,1003,CDS
11765,3877628,3878617,989,CDS
11766,3873158,3873176,18,CDS
11767,3875902,3876242,340,CDS
11768,3876315,3876393,78,CDS
11769,3876455,3877458,1003,CDS
11770,3877628,3878617,989,CDS
11771,3875766,3875834,68,mRNA
11772,3875902,3876242,340,mRNA
11773,3876315,3876393,78,mRNA
11774,3876455,3877458,1003,mRNA
11775,3877628,3878817,1189,mRNA
11776,3875801,3875834,33,CDS
11777,3875902,3876242,340,CDS
11778,3876315,3876393,78,CDS
11779,3876455,3877458,1003,CDS
11780,3877628,3878617,989,CDS
11781,3880748,3882967,2219,gene
11782,3880748,3881115,367,mRNA
11783,3881454,3881962,508,mRNA
11784,3882053,3882967,914,mRNA
11785,3880989,3881115,126,CDS
11786,3881454,3881962,508,CDS
11787,3882053,3882469,416,CDS
11788,3884168,3890486,6318,gene
11789,3884168,3884474,306,mRNA
11790,3888649,3889542,893,mRNA
11791,3889691,3890486,795,mRNA
11792,3888663,3889542,879,CDS
11793,3889691,3890292,601,CDS
11794,3891497,3930578,39081,gene
11795,3929567,3930578,1011,mRNA
11796,3911647,3911879,232,mRNA
11797,3911304,3911516,212,mRNA
11798,3910439,3911237,798,mRNA
11799,3906205,3907097,892,mRNA
11800,3905737,3905900,163,mRNA
11801,3904029,3904596,567,mRNA
11802,3901931,3902052,121,mRNA
11803,3901786,3901860,74,mRNA
11804,3901108,3901262,154,mRNA
11805,3897556,3897647,91,mRNA
11806,3896842,3897034,192,mRNA
11807,3891497,3896681,5184,mRNA
11808,3929567,3930578,1011,mRNA
11809,3911647,3911879,232,mRNA
11810,3911304,3911516,212,mRNA
11811,3910826,3911240,414,mRNA
11812,3910439,3910768,329,mRNA
11813,3906205,3907097,892,mRNA
11814,3905737,3905900,163,mRNA
11815,3904029,3904596,567,mRNA
11816,3901931,3902052,121,mRNA
11817,3901786,3901860,74,mRNA
11818,3901108,3901262,154,mRNA
11819,3897556,3897647,91,mRNA
11820,3896842,3897034,192,mRNA
11821,3892384,3896681,4297,mRNA
11822,3929567,3930578,1011,mRNA
11823,3911647,3911879,232,mRNA
11824,3911304,3911516,212,mRNA
11825,3910439,3911240,801,mRNA
11826,3906205,3907097,892,mRNA
11827,3905737,3905897,160,mRNA
11828,3904029,3904596,567,mRNA
11829,3901931,3902052,121,mRNA
11830,3901786,3901860,74,mRNA
11831,3901108,3901262,154,mRNA
11832,3897556,3897647,91,mRNA
11833,3896842,3897034,192,mRNA
11834,3892384,3896681,4297,mRNA
11835,3929567,3930578,1011,mRNA
11836,3911647,3911879,232,mRNA
11837,3911304,3911516,212,mRNA
11838,3910439,3911240,801,mRNA
11839,3906205,3907097,892,mRNA
11840,3905737,3905900,163,mRNA
11841,3904029,3904596,567,mRNA
11842,3901931,3902052,121,mRNA
11843,3901786,3901860,74,mRNA
11844,3901108,3901262,154,mRNA
11845,3897556,3897647,91,mRNA
11846,3896842,3897034,192,mRNA
11847,3895047,3896681,1634,mRNA
11848,3911647,3911775,128,CDS
11849,3911304,3911516,212,CDS
11850,3910439,3911237,798,CDS
11851,3906205,3907097,892,CDS
11852,3905737,3905900,163,CDS
11853,3904029,3904596,567,CDS
11854,3901931,3902052,121,CDS
11855,3901786,3901860,74,CDS
11856,3901108,3901262,154,CDS
11857,3897556,3897647,91,CDS
11858,3896842,3897034,192,CDS
11859,3895831,3896681,850,CDS
11860,3911647,3911775,128,CDS
11861,3911304,3911516,212,CDS
11862,3910826,3911240,414,CDS
11863,3910439,3910768,329,CDS
11864,3906205,3907097,892,CDS
11865,3905737,3905900,163,CDS
11866,3904029,3904596,567,CDS
11867,3901931,3902052,121,CDS
11868,3901786,3901860,74,CDS
11869,3901108,3901262,154,CDS
11870,3897556,3897647,91,CDS
11871,3896842,3897034,192,CDS
11872,3895831,3896681,850,CDS
11873,3911647,3911775,128,CDS
11874,3911304,3911516,212,CDS
11875,3910439,3911240,801,CDS
11876,3906205,3907097,892,CDS
11877,3905737,3905897,160,CDS
11878,3904029,3904596,567,CDS
11879,3901931,3902052,121,CDS
11880,3901786,3901860,74,CDS
11881,3901108,3901262,154,CDS
11882,3897556,3897647,91,CDS
11883,3896842,3897034,192,CDS
11884,3895831,3896681,850,CDS
11885,3911647,3911775,128,CDS
11886,3911304,3911516,212,CDS
11887,3910439,3911240,801,CDS
11888,3906205,3907097,892,CDS
11889,3905737,3905900,163,CDS
11890,3904029,3904596,567,CDS
11891,3901931,3902052,121,CDS
11892,3901786,3901860,74,CDS
11893,3901108,3901262,154,CDS
11894,3897556,3897647,91,CDS
11895,3896842,3897034,192,CDS
11896,3895831,3896681,850,CDS
11897,3932000,3936469,4469,gene
11898,3935730,3936227,497,mRNA
11899,3935260,3935356,96,mRNA
11900,3932000,3935179,3179,mRNA
11901,3936384,3936469,85,mRNA
11902,3935730,3936281,551,mRNA
11903,3935260,3935356,96,mRNA
11904,3932156,3935179,3023,mRNA
11905,3935730,3936227,497,mRNA
11906,3935260,3935356,96,mRNA
11907,3932156,3935179,3023,mRNA
11908,3935730,3935997,267,CDS
11909,3935260,3935356,96,CDS
11910,3932956,3935179,2223,CDS
11911,3935730,3935997,267,CDS
11912,3935260,3935356,96,CDS
11913,3932956,3935179,2223,CDS
11914,3935730,3935997,267,CDS
11915,3935260,3935356,96,CDS
11916,3932956,3935179,2223,CDS
11917,3936517,3940582,4065,gene
11918,3936517,3936939,422,mRNA
11919,3936993,3939155,2162,mRNA
11920,3939215,3940582,1367,mRNA
11921,3936517,3936939,422,mRNA
11922,3936993,3939155,2162,mRNA
11923,3939215,3940006,791,mRNA
11924,3936822,3936939,117,CDS
11925,3936993,3939155,2162,CDS
11926,3939215,3939669,454,CDS
11927,3936822,3936939,117,CDS
11928,3936993,3939155,2162,CDS
11929,3939215,3939669,454,CDS
11930,3940027,3940300,273,mobile_element
11931,3940847,3944265,3418,gene
11932,3940847,3941177,330,mRNA
11933,3941231,3943393,2162,mRNA
11934,3943453,3944265,812,mRNA
11935,3941060,3941177,117,CDS
11936,3941231,3943393,2162,CDS
11937,3943453,3943907,454,CDS
11938,3945043,3948460,3417,gene
11939,3945043,3945373,330,mRNA
11940,3945427,3947589,2162,mRNA
11941,3947649,3948460,811,mRNA
11942,3945256,3945373,117,CDS
11943,3945427,3947589,2162,CDS
11944,3947649,3948103,454,CDS
11945,3948975,3955442,6467,gene
11946,3948975,3949372,397,mRNA
11947,3949481,3949713,232,mRNA
11948,3951415,3951567,152,mRNA
11949,3951636,3951745,109,mRNA
11950,3951829,3952041,212,mRNA
11951,3952108,3952221,113,mRNA
11952,3952767,3955442,2675,mRNA
11953,3948975,3949372,397,mRNA
11954,3949481,3949713,232,mRNA
11955,3951415,3951567,152,mRNA
11956,3951636,3951745,109,mRNA
11957,3951829,3952041,212,mRNA
11958,3952108,3952221,113,mRNA
11959,3952767,3954086,1319,mRNA
11960,3948975,3949372,397,mRNA
11961,3949481,3949713,232,mRNA
11962,3951415,3951567,152,mRNA
11963,3951636,3951745,109,mRNA
11964,3951829,3951900,71,mRNA
11965,3952003,3952041,38,mRNA
11966,3952108,3952221,113,mRNA
11967,3952767,3954086,1319,mRNA
11968,3949265,3949372,107,mRNA
11969,3949481,3949713,232,mRNA
11970,3951415,3951567,152,mRNA
11971,3951636,3951745,109,mRNA
11972,3951829,3952041,212,mRNA
11973,3952108,3952221,113,mRNA
11974,3952767,3955442,2675,mRNA
11975,3949650,3949713,63,CDS
11976,3951415,3951567,152,CDS
11977,3951636,3951745,109,CDS
11978,3951829,3952041,212,CDS
11979,3952108,3952221,113,CDS
11980,3952767,3952922,155,CDS
11981,3949650,3949713,63,CDS
11982,3951415,3951567,152,CDS
11983,3951636,3951745,109,CDS
11984,3951829,3952041,212,CDS
11985,3952108,3952221,113,CDS
11986,3952767,3952922,155,CDS
11987,3949650,3949713,63,CDS
11988,3951415,3951567,152,CDS
11989,3951636,3951745,109,CDS
11990,3951829,3952041,212,CDS
11991,3952108,3952221,113,CDS
11992,3952767,3952922,155,CDS
11993,3949650,3949713,63,CDS
11994,3951415,3951567,152,CDS
11995,3951636,3951745,109,CDS
11996,3951829,3951900,71,CDS
11997,3952003,3952041,38,CDS
11998,3952108,3952221,113,CDS
11999,3952767,3952922,155,CDS
12000,3955543,3965327,9784,gene
12001,3965272,3965327,55,mRNA
12002,3964701,3964951,250,mRNA
12003,3964567,3964638,71,mRNA
12004,3964417,3964497,80,mRNA
12005,3960642,3964352,3710,mRNA
12006,3960477,3960584,107,mRNA
12007,3956513,3960410,3897,mRNA
12008,3956307,3956427,120,mRNA
12009,3956049,3956245,196,mRNA
12010,3955543,3955972,429,mRNA
12011,3964701,3965327,626,mRNA
12012,3964567,3964638,71,mRNA
12013,3964417,3964497,80,mRNA
12014,3960642,3964352,3710,mRNA
12015,3960477,3960584,107,mRNA
12016,3956513,3960410,3897,mRNA
12017,3956307,3956427,120,mRNA
12018,3956049,3956245,196,mRNA
12019,3955543,3955972,429,mRNA
12020,3964701,3964754,53,CDS
12021,3964567,3964638,71,CDS
12022,3964417,3964497,80,CDS
12023,3960642,3964352,3710,CDS
12024,3960477,3960584,107,CDS
12025,3956513,3960410,3897,CDS
12026,3956307,3956427,120,CDS
12027,3956049,3956245,196,CDS
12028,3955875,3955972,97,CDS
12029,3964701,3964754,53,CDS
12030,3964567,3964638,71,CDS
12031,3964417,3964497,80,CDS
12032,3960642,3964352,3710,CDS
12033,3960477,3960584,107,CDS
12034,3956513,3960410,3897,CDS
12035,3956307,3956427,120,CDS
12036,3956049,3956245,196,CDS
12037,3955875,3955972,97,CDS
12038,3965435,3968655,3220,gene
12039,3968030,3968655,625,mRNA
12040,3967397,3967632,235,mRNA
12041,3966588,3967337,749,mRNA
12042,3965435,3966521,1086,mRNA
12043,3968030,3968237,207,CDS
12044,3967397,3967632,235,CDS
12045,3966588,3967337,749,CDS
12046,3965820,3966521,701,CDS
12047,3968788,3971350,2562,gene
12048,3970413,3971350,937,mRNA
12049,3969730,3970077,347,mRNA
12050,3969351,3969643,292,mRNA
12051,3968788,3969289,501,mRNA
12052,3968933,3972054,3121,gene
12053,3968933,3969653,720,ncRNA
12054,3969709,3971526,1817,ncRNA
12055,3971695,3971885,190,ncRNA
12056,3971995,3972054,59,ncRNA
12057,3970413,3971350,937,mRNA
12058,3969730,3970077,347,mRNA
12059,3969351,3969643,292,mRNA
12060,3968993,3969289,296,mRNA
12061,3970413,3971315,902,CDS
12062,3969730,3970077,347,CDS
12063,3969351,3969643,292,CDS
12064,3969082,3969289,207,CDS
12065,3970413,3971315,902,CDS
12066,3969730,3970077,347,CDS
12067,3969351,3969643,292,CDS
12068,3969082,3969289,207,CDS
12069,3986918,3994493,7575,mobile_element
12070,4001210,4001607,397,gene
12071,4001507,4001607,100,ncRNA
12072,4001210,4001424,214,ncRNA
12073,4047596,4049204,1608,gene
12074,4047596,4049204,1608,ncRNA
12075,4062859,4064506,1647,gene
12076,4064447,4064506,59,ncRNA
12077,4062859,4064122,1263,ncRNA
12078,4062859,4064506,1647,ncRNA
12079,4064431,4064506,75,ncRNA
12080,4063896,4064122,226,ncRNA
12081,4074961,4075428,467,gene
12082,4074961,4075428,467,ncRNA
12083,4075743,4092237,16494,gene
12084,4075743,4076426,683,mRNA
12085,4077875,4079131,1256,mRNA
12086,4082794,4084345,1551,mRNA
12087,4084439,4084704,265,mRNA
12088,4084791,4085019,228,mRNA
12089,4085618,4085875,257,mRNA
12090,4085940,4086052,112,mRNA
12091,4086170,4086250,80,mRNA
12092,4088014,4088348,334,mRNA
12093,4089830,4092153,2323,mRNA
12094,4075978,4076426,448,mRNA
12095,4077875,4078388,513,mRNA
12096,4078479,4079131,652,mRNA
12097,4082794,4084345,1551,mRNA
12098,4084439,4084704,265,mRNA
12099,4084791,4085019,228,mRNA
12100,4085618,4085875,257,mRNA
12101,4085940,4086052,112,mRNA
12102,4086170,4086250,80,mRNA
12103,4088014,4088348,334,mRNA
12104,4089830,4092237,2407,mRNA
12105,4075978,4076426,448,mRNA
12106,4077875,4079131,1256,mRNA
12107,4082431,4082604,173,mRNA
12108,4082794,4084345,1551,mRNA
12109,4084439,4084704,265,mRNA
12110,4084791,4085019,228,mRNA
12111,4085618,4085875,257,mRNA
12112,4085940,4086052,112,mRNA
12113,4086170,4086250,80,mRNA
12114,4088014,4088348,334,mRNA
12115,4089830,4092153,2323,mRNA
12116,4075978,4076426,448,mRNA
12117,4077875,4079131,1256,mRNA
12118,4082794,4084345,1551,mRNA
12119,4084439,4084704,265,mRNA
12120,4084791,4085019,228,mRNA
12121,4085618,4085875,257,mRNA
12122,4085940,4086052,112,mRNA
12123,4086170,4086250,80,mRNA
12124,4088014,4088348,334,mRNA
12125,4089830,4092153,2323,mRNA
12126,4075978,4076426,448,mRNA
12127,4077875,4079131,1256,mRNA
12128,4082794,4084345,1551,mRNA
12129,4084439,4084704,265,mRNA
12130,4084791,4085019,228,mRNA
12131,4085618,4085875,257,mRNA
12132,4085940,4086052,112,mRNA
12133,4086170,4086250,80,mRNA
12134,4087054,4087383,329,mRNA
12135,4088014,4088348,334,mRNA
12136,4089830,4090740,910,mRNA
12137,4075978,4076426,448,mRNA
12138,4077875,4079131,1256,mRNA
12139,4081354,4081422,68,mRNA
12140,4082431,4082604,173,mRNA
12141,4082794,4084345,1551,mRNA
12142,4084439,4084704,265,mRNA
12143,4084791,4085019,228,mRNA
12144,4085618,4085875,257,mRNA
12145,4085940,4086052,112,mRNA
12146,4086170,4086250,80,mRNA
12147,4087054,4087354,300,mRNA
12148,4075978,4076426,448,mRNA
12149,4077875,4079131,1256,mRNA
12150,4082431,4082604,173,mRNA
12151,4082794,4084345,1551,mRNA
12152,4084439,4084704,265,mRNA
12153,4084791,4085019,228,mRNA
12154,4085618,4085875,257,mRNA
12155,4085940,4086052,112,mRNA
12156,4086170,4086250,80,mRNA
12157,4087054,4087354,300,mRNA
12158,4077916,4079131,1215,CDS
12159,4082431,4082604,173,CDS
12160,4082794,4084345,1551,CDS
12161,4084439,4084704,265,CDS
12162,4084791,4085019,228,CDS
12163,4085618,4085875,257,CDS
12164,4085940,4086052,112,CDS
12165,4086170,4086250,80,CDS
12166,4088014,4088348,334,CDS
12167,4089830,4090726,896,CDS
12168,4077916,4079131,1215,CDS
12169,4082794,4084345,1551,CDS
12170,4084439,4084704,265,CDS
12171,4084791,4085019,228,CDS
12172,4085618,4085875,257,CDS
12173,4085940,4086052,112,CDS
12174,4086170,4086250,80,CDS
12175,4088014,4088348,334,CDS
12176,4089830,4090726,896,CDS
12177,4077916,4079131,1215,CDS
12178,4082794,4084345,1551,CDS
12179,4084439,4084704,265,CDS
12180,4084791,4085019,228,CDS
12181,4085618,4085875,257,CDS
12182,4085940,4086052,112,CDS
12183,4086170,4086250,80,CDS
12184,4088014,4088348,334,CDS
12185,4089830,4090726,896,CDS
12186,4077916,4078388,472,CDS
12187,4078479,4079131,652,CDS
12188,4082794,4084345,1551,CDS
12189,4084439,4084704,265,CDS
12190,4084791,4085019,228,CDS
12191,4085618,4085875,257,CDS
12192,4085940,4086052,112,CDS
12193,4086170,4086250,80,CDS
12194,4088014,4088348,334,CDS
12195,4089830,4090726,896,CDS
12196,4077916,4079131,1215,CDS
12197,4081354,4081422,68,CDS
12198,4082431,4082604,173,CDS
12199,4082794,4084345,1551,CDS
12200,4084439,4084704,265,CDS
12201,4084791,4085019,228,CDS
12202,4085618,4085875,257,CDS
12203,4085940,4086052,112,CDS
12204,4086170,4086250,80,CDS
12205,4087054,4087094,40,CDS
12206,4077916,4079131,1215,CDS
12207,4082431,4082604,173,CDS
12208,4082794,4084345,1551,CDS
12209,4084439,4084704,265,CDS
12210,4084791,4085019,228,CDS
12211,4085618,4085875,257,CDS
12212,4085940,4086052,112,CDS
12213,4086170,4086250,80,CDS
12214,4087054,4087094,40,CDS
12215,4077916,4079131,1215,CDS
12216,4082794,4084345,1551,CDS
12217,4084439,4084704,265,CDS
12218,4084791,4085019,228,CDS
12219,4085618,4085875,257,CDS
12220,4085940,4086052,112,CDS
12221,4086170,4086250,80,CDS
12222,4087054,4087094,40,CDS
12223,4097592,4101031,3439,gene
12224,4099993,4101031,1038,mRNA
12225,4097592,4099891,2299,mRNA
12226,4099993,4101031,1038,mRNA
12227,4097918,4099891,1973,mRNA
12228,4099993,4100641,648,CDS
12229,4098174,4099891,1717,CDS
12230,4099993,4100641,648,CDS
12231,4098174,4099891,1717,CDS
12232,4101318,4102995,1677,gene
12233,4101318,4101710,392,mRNA
12234,4101787,4102093,306,mRNA
12235,4102464,4102995,531,mRNA
12236,4101408,4101710,302,CDS
12237,4101787,4102093,306,CDS
12238,4102464,4102555,91,CDS
12239,4102955,4104197,1242,gene
12240,4103962,4104197,235,mRNA
12241,4102955,4103896,941,mRNA
12242,4103962,4104119,157,CDS
12243,4103164,4103896,732,CDS
12244,4104342,4105791,1449,gene
12245,4104342,4105791,1449,mRNA
12246,4104486,4105463,977,CDS
12247,4106113,4110981,4868,gene
12248,4106113,4106273,160,mRNA
12249,4109495,4109509,14,mRNA
12250,4109689,4109824,135,mRNA
12251,4109897,4110010,113,mRNA
12252,4110152,4110636,484,mRNA
12253,4106113,4106273,160,mRNA
12254,4109689,4109824,135,mRNA
12255,4109897,4110010,113,mRNA
12256,4110152,4110636,484,mRNA
12257,4106113,4106273,160,mRNA
12258,4109689,4109824,135,mRNA
12259,4109897,4110010,113,mRNA
12260,4110163,4110636,473,mRNA
12261,4106835,4106927,92,mRNA
12262,4109689,4109824,135,mRNA
12263,4109897,4110010,113,mRNA
12264,4110152,4110981,829,mRNA
12265,4108949,4109370,421,mRNA
12266,4109689,4109824,135,mRNA
12267,4109897,4110010,113,mRNA
12268,4110152,4110981,829,mRNA
12269,4109689,4109824,135,CDS
12270,4109897,4110010,113,CDS
12271,4110152,4110291,139,CDS
12272,4109689,4109824,135,CDS
12273,4109897,4110010,113,CDS
12274,4110152,4110291,139,CDS
12275,4109689,4109824,135,CDS
12276,4109897,4110010,113,CDS
12277,4110152,4110291,139,CDS
12278,4109689,4109824,135,CDS
12279,4109897,4110010,113,CDS
12280,4110152,4110291,139,CDS
12281,4109689,4109824,135,CDS
12282,4109897,4110010,113,CDS
12283,4110163,4110206,43,CDS
12284,4111110,4111170,60,mobile_element
12285,4111156,4113734,2578,gene
12286,4113545,4113734,189,mRNA
12287,4111643,4113467,1824,mRNA
12288,4111156,4111584,428,mRNA
12289,4113545,4113604,59,CDS
12290,4111643,4113467,1824,CDS
12291,4111229,4111584,355,CDS
12292,4113701,4114929,1228,gene
12293,4113701,4113935,234,mRNA
12294,4114064,4114929,865,mRNA
12295,4113701,4113769,68,mRNA
12296,4113826,4113935,109,mRNA
12297,4114064,4114870,806,mRNA
12298,4114142,4114870,728,mRNA
12299,4114228,4114794,566,CDS
12300,4114228,4114794,566,CDS
12301,4114228,4114794,566,CDS
12302,4114800,4117487,2687,gene
12303,4116793,4117487,694,mRNA
12304,4116599,4116725,126,mRNA
12305,4115320,4116544,1224,mRNA
12306,4115002,4115214,212,mRNA
12307,4114800,4114929,129,mRNA
12308,4116793,4117442,649,mRNA
12309,4116599,4116725,126,mRNA
12310,4115297,4116544,1247,mRNA
12311,4115002,4115214,212,mRNA
12312,4114800,4114929,129,mRNA
12313,4116793,4116949,156,mRNA
12314,4116599,4116725,126,mRNA
12315,4115320,4116544,1224,mRNA
12316,4115002,4115214,212,mRNA
12317,4114800,4114929,129,mRNA
12318,4116793,4116852,59,CDS
12319,4116599,4116725,126,CDS
12320,4115320,4116544,1224,CDS
12321,4115002,4115214,212,CDS
12322,4114929,4114929,0,CDS
12323,4116793,4116852,59,CDS
12324,4116599,4116725,126,CDS
12325,4115320,4116544,1224,CDS
12326,4115002,4115214,212,CDS
12327,4114929,4114929,0,CDS
12328,4116793,4116852,59,CDS
12329,4116599,4116725,126,CDS
12330,4115310,4116544,1234,CDS
12331,4117020,4130016,12996,gene
12332,4117020,4117281,261,mRNA
12333,4117964,4118279,315,mRNA
12334,4118356,4119017,661,mRNA
12335,4120296,4120424,128,mRNA
12336,4120502,4121236,734,mRNA
12337,4121454,4121930,476,mRNA
12338,4122064,4125787,3723,mRNA
12339,4125924,4128947,3023,mRNA
12340,4117020,4117236,216,mRNA
12341,4117964,4118279,315,mRNA
12342,4118356,4119017,661,mRNA
12343,4120296,4120424,128,mRNA
12344,4120502,4121236,734,mRNA
12345,4121454,4121930,476,mRNA
12346,4122064,4125787,3723,mRNA
12347,4125924,4126742,818,mRNA
12348,4117020,4117395,375,mRNA
12349,4117964,4118279,315,mRNA
12350,4118356,4119017,661,mRNA
12351,4120296,4120424,128,mRNA
12352,4120502,4121236,734,mRNA
12353,4121454,4121930,476,mRNA
12354,4122064,4125787,3723,mRNA
12355,4125924,4126256,332,mRNA
12356,4117550,4117895,345,mRNA
12357,4117964,4118279,315,mRNA
12358,4118356,4119017,661,mRNA
12359,4120296,4120424,128,mRNA
12360,4120502,4121236,734,mRNA
12361,4121454,4121930,476,mRNA
12362,4122064,4125787,3723,mRNA
12363,4125924,4130016,4092,mRNA
12364,4117550,4117895,345,mRNA
12365,4117964,4118279,315,mRNA
12366,4118356,4119017,661,mRNA
12367,4120296,4120424,128,mRNA
12368,4120502,4121236,734,mRNA
12369,4121454,4121930,476,mRNA
12370,4122064,4125787,3723,mRNA
12371,4125924,4126256,332,mRNA
12372,4118418,4119017,599,CDS
12373,4120296,4120424,128,CDS
12374,4120502,4121236,734,CDS
12375,4121454,4121930,476,CDS
12376,4122064,4125787,3723,CDS
12377,4125924,4125994,70,CDS
12378,4118418,4119017,599,CDS
12379,4120296,4120424,128,CDS
12380,4120502,4121236,734,CDS
12381,4121454,4121930,476,CDS
12382,4122064,4125787,3723,CDS
12383,4125924,4125994,70,CDS
12384,4118418,4119017,599,CDS
12385,4120296,4120424,128,CDS
12386,4120502,4121236,734,CDS
12387,4121454,4121930,476,CDS
12388,4122064,4125787,3723,CDS
12389,4125924,4125994,70,CDS
12390,4118418,4119017,599,CDS
12391,4120296,4120424,128,CDS
12392,4120502,4121236,734,CDS
12393,4121454,4121930,476,CDS
12394,4122064,4125787,3723,CDS
12395,4125924,4125994,70,CDS
12396,4118418,4119017,599,CDS
12397,4120296,4120424,128,CDS
12398,4120502,4121236,734,CDS
12399,4121454,4121930,476,CDS
12400,4122064,4125787,3723,CDS
12401,4125924,4125994,70,CDS
12402,4119714,4120100,386,mRNA
12403,4120296,4120424,128,mRNA
12404,4120502,4121236,734,mRNA
12405,4121454,4121930,476,mRNA
12406,4122064,4125787,3723,mRNA
12407,4125924,4130016,4092,mRNA
12408,4119714,4119769,55,mRNA
12409,4120296,4120424,128,mRNA
12410,4120502,4121236,734,mRNA
12411,4121454,4121930,476,mRNA
12412,4122064,4125787,3723,mRNA
12413,4125924,4128947,3023,mRNA
12414,4119714,4119888,174,mRNA
12415,4120296,4120424,128,mRNA
12416,4120502,4121236,734,mRNA
12417,4121454,4121930,476,mRNA
12418,4122064,4125787,3723,mRNA
12419,4125924,4126256,332,mRNA
12420,4120098,4120138,40,mRNA
12421,4120296,4120440,144,mRNA
12422,4120502,4121236,734,mRNA
12423,4121454,4121930,476,mRNA
12424,4122064,4125787,3723,mRNA
12425,4125924,4128947,3023,mRNA
12426,4120098,4120138,40,mRNA
12427,4120296,4120424,128,mRNA
12428,4120502,4121236,734,mRNA
12429,4121454,4121930,476,mRNA
12430,4122064,4125787,3723,mRNA
12431,4125924,4128947,3023,mRNA
12432,4120098,4120424,326,mRNA
12433,4120502,4121236,734,mRNA
12434,4121454,4121930,476,mRNA
12435,4122064,4125787,3723,mRNA
12436,4125924,4126742,818,mRNA
12437,4120505,4121236,731,CDS
12438,4121454,4121930,476,CDS
12439,4122064,4125787,3723,CDS
12440,4125924,4125994,70,CDS
12441,4120505,4121236,731,CDS
12442,4121454,4121930,476,CDS
12443,4122064,4125787,3723,CDS
12444,4125924,4125994,70,CDS
12445,4120505,4121236,731,CDS
12446,4121454,4121930,476,CDS
12447,4122064,4125787,3723,CDS
12448,4125924,4125994,70,CDS
12449,4120505,4121236,731,CDS
12450,4121454,4121930,476,CDS
12451,4122064,4125787,3723,CDS
12452,4125924,4125994,70,CDS
12453,4120505,4121236,731,CDS
12454,4121454,4121930,476,CDS
12455,4122064,4125787,3723,CDS
12456,4125924,4125994,70,CDS
12457,4120505,4121236,731,CDS
12458,4121454,4121930,476,CDS
12459,4122064,4125787,3723,CDS
12460,4125924,4125994,70,CDS
12461,4128176,4128575,399,mobile_element
12462,4131211,4132833,1622,gene
12463,4131211,4131494,283,mRNA
12464,4131558,4132833,1275,mRNA
12465,4131286,4131494,208,CDS
12466,4131558,4132269,711,CDS
12467,4132887,4206093,73206,gene
12468,4205900,4206093,193,mRNA
12469,4203191,4203486,295,mRNA
12470,4154585,4154756,171,mRNA
12471,4154387,4154431,44,mRNA
12472,4149388,4149551,163,mRNA
12473,4143627,4143751,124,mRNA
12474,4142050,4143543,1493,mRNA
12475,4141771,4141954,183,mRNA
12476,4136569,4136770,201,mRNA
12477,4132887,4134903,2016,mRNA
12478,4205900,4206093,193,mRNA
12479,4203191,4203486,295,mRNA
12480,4154585,4154756,171,mRNA
12481,4149388,4149551,163,mRNA
12482,4143627,4143751,124,mRNA
12483,4142050,4143543,1493,mRNA
12484,4141771,4141954,183,mRNA
12485,4136569,4136770,201,mRNA
12486,4134383,4134903,520,mRNA
12487,4205900,4206093,193,mRNA
12488,4203191,4203486,295,mRNA
12489,4154585,4154756,171,mRNA
12490,4149388,4149551,163,mRNA
12491,4143627,4143751,124,mRNA
12492,4142050,4143543,1493,mRNA
12493,4141771,4141954,183,mRNA
12494,4136569,4136770,201,mRNA
12495,4135411,4135497,86,mRNA
12496,4134383,4134903,520,mRNA
12497,4205900,4206093,193,mRNA
12498,4203191,4203486,295,mRNA
12499,4154585,4154756,171,mRNA
12500,4149388,4149551,163,mRNA
12501,4143627,4143751,124,mRNA
12502,4142050,4143543,1493,mRNA
12503,4141771,4141954,183,mRNA
12504,4136569,4136770,201,mRNA
12505,4135411,4135533,122,mRNA
12506,4134383,4134903,520,mRNA
12507,4203191,4203260,69,CDS
12508,4154585,4154756,171,CDS
12509,4149388,4149551,163,CDS
12510,4143627,4143751,124,CDS
12511,4142050,4143543,1493,CDS
12512,4141771,4141954,183,CDS
12513,4136569,4136770,201,CDS
12514,4134780,4134903,123,CDS
12515,4203191,4203260,69,CDS
12516,4154585,4154756,171,CDS
12517,4149388,4149551,163,CDS
12518,4143627,4143751,124,CDS
12519,4142050,4143543,1493,CDS
12520,4141771,4141954,183,CDS
12521,4136569,4136770,201,CDS
12522,4135411,4135497,86,CDS
12523,4134780,4134903,123,CDS
12524,4203191,4203260,69,CDS
12525,4154585,4154756,171,CDS
12526,4149388,4149551,163,CDS
12527,4143627,4143751,124,CDS
12528,4142050,4143543,1493,CDS
12529,4141771,4141954,183,CDS
12530,4136569,4136770,201,CDS
12531,4135411,4135533,122,CDS
12532,4134780,4134903,123,CDS
12533,4203191,4203260,69,CDS
12534,4154585,4154756,171,CDS
12535,4154387,4154431,44,CDS
12536,4149388,4149551,163,CDS
12537,4143627,4143751,124,CDS
12538,4142050,4143543,1493,CDS
12539,4141771,4141954,183,CDS
12540,4136569,4136770,201,CDS
12541,4134780,4134903,123,CDS
12542,4205900,4206093,193,mRNA
12543,4203191,4203486,295,mRNA
12544,4154585,4154756,171,mRNA
12545,4149388,4149551,163,mRNA
12546,4143627,4143751,124,mRNA
12547,4142050,4143543,1493,mRNA
12548,4141771,4141954,183,mRNA
12549,4136569,4136770,201,mRNA
12550,4135870,4136298,428,mRNA
12551,4203191,4203260,69,CDS
12552,4154585,4154756,171,CDS
12553,4149388,4149551,163,CDS
12554,4143627,4143751,124,CDS
12555,4142050,4143543,1493,CDS
12556,4141771,4141954,183,CDS
12557,4136569,4136770,201,CDS
12558,4136211,4136298,87,CDS
12559,4205900,4206093,193,mRNA
12560,4203191,4203486,295,mRNA
12561,4154585,4154756,171,mRNA
12562,4149388,4149551,163,mRNA
12563,4143627,4143751,124,mRNA
12564,4142050,4143543,1493,mRNA
12565,4141771,4141954,183,mRNA
12566,4139053,4139317,264,mRNA
12567,4203191,4203260,69,CDS
12568,4154585,4154756,171,CDS
12569,4149388,4149551,163,CDS
12570,4143627,4143751,124,CDS
12571,4142050,4143543,1493,CDS
12572,4141771,4141954,183,CDS
12573,4139205,4139317,112,CDS
12574,4205900,4206093,193,mRNA
12575,4203191,4203486,295,mRNA
12576,4154585,4154756,171,mRNA
12577,4149388,4149551,163,mRNA
12578,4143627,4143751,124,mRNA
12579,4142050,4143543,1493,mRNA
12580,4140175,4141954,1779,mRNA
12581,4203191,4203260,69,CDS
12582,4154585,4154756,171,CDS
12583,4149388,4149551,163,CDS
12584,4143627,4143751,124,CDS
12585,4142050,4143543,1493,CDS
12586,4141544,4141954,410,CDS
12587,4157947,4164924,6977,mobile_element
12588,4213025,4213421,396,gene
12589,4213025,4213062,37,mRNA
12590,4213118,4213421,303,mRNA
12591,4213128,4213310,182,CDS
12592,4216873,4217394,521,gene
12593,4216873,4217394,521,mRNA
12594,4216895,4217353,458,CDS
12595,4218170,4223331,5161,gene
12596,4218170,4219015,845,mRNA
12597,4219081,4219404,323,mRNA
12598,4219504,4219533,29,mRNA
12599,4219591,4219725,134,mRNA
12600,4219793,4219936,143,mRNA
12601,4219994,4220128,134,mRNA
12602,4220189,4220398,209,mRNA
12603,4220469,4220603,134,mRNA
12604,4220664,4220933,269,mRNA
12605,4221022,4221297,275,mRNA
12606,4221364,4221495,131,mRNA
12607,4221555,4222358,803,mRNA
12608,4222430,4222564,134,mRNA
12609,4222630,4223331,701,mRNA
12610,4218226,4219015,789,CDS
12611,4219081,4219404,323,CDS
12612,4219504,4219533,29,CDS
12613,4219591,4219725,134,CDS
12614,4219793,4219936,143,CDS
12615,4219994,4220128,134,CDS
12616,4220189,4220398,209,CDS
12617,4220469,4220603,134,CDS
12618,4220664,4220933,269,CDS
12619,4221022,4221297,275,CDS
12620,4221364,4221495,131,CDS
12621,4221555,4222358,803,CDS
12622,4222430,4222564,134,CDS
12623,4222630,4223183,553,CDS
12624,4241887,4242826,939,gene
12625,4242721,4242826,105,mRNA
12626,4241887,4242613,726,mRNA
12627,4242721,4242769,48,CDS
12628,4242057,4242613,556,CDS
12629,4244095,4246139,2044,gene
12630,4245718,4246139,421,mRNA
12631,4244095,4245659,1564,mRNA
12632,4245718,4245897,179,mRNA
12633,4244124,4245659,1535,mRNA
12634,4245718,4245769,51,CDS
12635,4244221,4245659,1438,CDS
12636,4245718,4245769,51,CDS
12637,4244221,4245659,1438,CDS
12638,4247313,4247785,472,gene
12639,4247313,4247382,69,mRNA
12640,4247449,4247785,336,mRNA
12641,4247313,4247382,69,mRNA
12642,4247449,4247701,252,mRNA
12643,4247343,4247382,39,CDS
12644,4247449,4247657,208,CDS
12645,4247343,4247382,39,CDS
12646,4247449,4247657,208,CDS
12647,4248377,4248657,280,gene
12648,4248377,4248433,56,mRNA
12649,4248497,4248657,160,mRNA
12650,4248394,4248433,39,CDS
12651,4248497,4248657,160,CDS
12652,4251870,4252790,920,gene
12653,4251870,4252790,920,mRNA
12654,4252267,4252638,371,CDS
12655,4266097,4266669,572,gene
12656,4266097,4266669,572,mRNA
12657,4266160,4266612,452,CDS
12658,4268701,4271083,2382,gene
12659,4268701,4271083,2382,mRNA
12660,4269031,4270488,1457,CDS
12661,4275234,4275964,730,gene
12662,4275234,4275964,730,ncRNA
12663,4276493,4277000,507,gene
12664,4276493,4277000,507,mRNA
12665,4276607,4276906,299,CDS
12666,4277547,4277961,414,gene
12667,4277547,4277961,414,mRNA
12668,4277593,4277862,269,CDS
12669,4284515,4289659,5144,mobile_element
12670,4300117,4302346,2229,gene
12671,4302265,4302346,81,mRNA
12672,4301801,4302081,280,mRNA
12673,4300117,4301699,1582,mRNA
12674,4302265,4302346,81,mRNA
12675,4301801,4302081,280,mRNA
12676,4300152,4301699,1547,mRNA
12677,4301801,4302076,275,CDS
12678,4300314,4301699,1385,CDS
12679,4301801,4302076,275,CDS
12680,4300314,4301699,1385,CDS
12681,4311279,4311799,520,gene
12682,4311279,4311799,520,mRNA
12683,4311364,4311799,435,mRNA
12684,4311419,4311703,284,CDS
12685,4311419,4311703,284,CDS
12686,4311989,4315059,3070,gene
12687,4314589,4315059,470,ncRNA
12688,4313085,4313309,224,ncRNA
12689,4311989,4312349,360,ncRNA
12690,4314589,4315059,470,ncRNA
12691,4313745,4314037,292,ncRNA
12692,4311989,4312349,360,ncRNA
12693,4313626,4314216,590,gene
12694,4313626,4314216,590,ncRNA
12695,4314230,4318801,4571,gene
12696,4318710,4318801,91,mRNA
12697,4317853,4318150,297,mRNA
12698,4317633,4317794,161,mRNA
12699,4316964,4317560,596,mRNA
12700,4316749,4316903,154,mRNA
12701,4315860,4316686,826,mRNA
12702,4314817,4315793,976,mRNA
12703,4314230,4314727,497,mRNA
12704,4317853,4318127,274,mRNA
12705,4317633,4317794,161,mRNA
12706,4316964,4317560,596,mRNA
12707,4316749,4316903,154,mRNA
12708,4315860,4316686,826,mRNA
12709,4314817,4315793,976,mRNA
12710,4314230,4314727,497,mRNA
12711,4317853,4318055,202,CDS
12712,4317633,4317794,161,CDS
12713,4316964,4317560,596,CDS
12714,4316749,4316903,154,CDS
12715,4315860,4316686,826,CDS
12716,4314852,4315793,941,CDS
12717,4317853,4318055,202,CDS
12718,4317633,4317794,161,CDS
12719,4316964,4317560,596,CDS
12720,4316749,4316903,154,CDS
12721,4315860,4316686,826,CDS
12722,4314852,4315793,941,CDS
12723,4319438,4321745,2307,gene
12724,4319438,4319503,65,mRNA
12725,4319566,4321745,2179,mRNA
12726,4319438,4319503,65,mRNA
12727,4319570,4321745,2175,mRNA
12728,4319628,4321589,1961,CDS
12729,4319628,4321589,1961,CDS
12730,4321764,4322231,467,gene
12731,4322091,4322231,140,mRNA
12732,4321931,4322034,103,mRNA
12733,4321764,4321867,103,mRNA
12734,4322091,4322131,40,CDS
12735,4321931,4322034,103,CDS
12736,4321818,4321867,49,CDS
12737,4322626,4365408,42782,gene
12738,4322626,4323155,529,mRNA
12739,4325348,4325616,268,mRNA
12740,4332796,4332840,44,mRNA
12741,4349004,4349587,583,mRNA
12742,4349653,4349712,59,mRNA
12743,4353467,4353613,146,mRNA
12744,4354471,4354550,79,mRNA
12745,4357040,4357276,236,mRNA
12746,4357345,4357511,166,mRNA
12747,4357576,4357880,304,mRNA
12748,4358276,4358440,164,mRNA
12749,4358505,4358871,366,mRNA
12750,4359067,4360330,1263,mRNA
12751,4360395,4360551,156,mRNA
12752,4360616,4360705,89,mRNA
12753,4361966,4365408,3442,mRNA
12754,4322626,4323155,529,mRNA
12755,4332796,4332840,44,mRNA
12756,4349004,4349587,583,mRNA
12757,4349653,4349712,59,mRNA
12758,4353467,4353613,146,mRNA
12759,4353944,4354023,79,mRNA
12760,4357040,4357276,236,mRNA
12761,4357345,4357511,166,mRNA
12762,4357576,4357880,304,mRNA
12763,4358276,4358440,164,mRNA
12764,4358505,4358871,366,mRNA
12765,4359067,4360330,1263,mRNA
12766,4360395,4360551,156,mRNA
12767,4360616,4360705,89,mRNA
12768,4361966,4365408,3442,mRNA
12769,4322626,4323155,529,mRNA
12770,4332796,4332840,44,mRNA
12771,4349004,4349587,583,mRNA
12772,4349653,4349712,59,mRNA
12773,4353467,4353613,146,mRNA
12774,4354471,4354550,79,mRNA
12775,4357040,4357276,236,mRNA
12776,4357345,4357511,166,mRNA
12777,4357576,4357880,304,mRNA
12778,4358276,4358440,164,mRNA
12779,4358505,4358871,366,mRNA
12780,4359067,4360330,1263,mRNA
12781,4360395,4360551,156,mRNA
12782,4360616,4360705,89,mRNA
12783,4361966,4364879,2913,mRNA
12784,4323609,4323801,192,mRNA
12785,4332796,4332840,44,mRNA
12786,4349004,4349587,583,mRNA
12787,4349653,4349712,59,mRNA
12788,4353467,4353613,146,mRNA
12789,4353944,4354023,79,mRNA
12790,4357040,4357276,236,mRNA
12791,4357345,4357511,166,mRNA
12792,4357576,4357880,304,mRNA
12793,4358276,4358440,164,mRNA
12794,4358505,4358871,366,mRNA
12795,4359067,4360330,1263,mRNA
12796,4360395,4360551,156,mRNA
12797,4360616,4360705,89,mRNA
12798,4361966,4365408,3442,mRNA
12799,4327080,4329457,2377,gene
12800,4329159,4329457,298,mRNA
12801,4328192,4328565,373,mRNA
12802,4327622,4328112,490,mRNA
12803,4327080,4327558,478,mRNA
12804,4329159,4329303,144,CDS
12805,4328192,4328565,373,CDS
12806,4327622,4328112,490,CDS
12807,4327291,4327558,267,CDS
12808,4347918,4348030,112,mRNA
12809,4349004,4349587,583,mRNA
12810,4349653,4349712,59,mRNA
12811,4353467,4353613,146,mRNA
12812,4354471,4354550,79,mRNA
12813,4357040,4357276,236,mRNA
12814,4357345,4357511,166,mRNA
12815,4357576,4357880,304,mRNA
12816,4358276,4358440,164,mRNA
12817,4358505,4358871,366,mRNA
12818,4359067,4360330,1263,mRNA
12819,4360395,4360551,156,mRNA
12820,4360616,4360705,89,mRNA
12821,4361966,4365408,3442,mRNA
12822,4347918,4348030,112,mRNA
12823,4349004,4349587,583,mRNA
12824,4349653,4349712,59,mRNA
12825,4353467,4353613,146,mRNA
12826,4353944,4354023,79,mRNA
12827,4357040,4357276,236,mRNA
12828,4357345,4357511,166,mRNA
12829,4357576,4357880,304,mRNA
12830,4358276,4358440,164,mRNA
12831,4358505,4358871,366,mRNA
12832,4359067,4360330,1263,mRNA
12833,4360395,4360551,156,mRNA
12834,4360616,4360705,89,mRNA
12835,4361966,4364879,2913,mRNA
12836,4349408,4349587,179,CDS
12837,4349653,4349712,59,CDS
12838,4353467,4353613,146,CDS
12839,4353944,4354023,79,CDS
12840,4357040,4357276,236,CDS
12841,4357345,4357511,166,CDS
12842,4357576,4357880,304,CDS
12843,4358276,4358440,164,CDS
12844,4358505,4358871,366,CDS
12845,4359067,4360330,1263,CDS
12846,4360395,4360551,156,CDS
12847,4360616,4360705,89,CDS
12848,4361966,4362034,68,CDS
12849,4349408,4349587,179,CDS
12850,4349653,4349712,59,CDS
12851,4353467,4353613,146,CDS
12852,4353944,4354023,79,CDS
12853,4357040,4357276,236,CDS
12854,4357345,4357511,166,CDS
12855,4357576,4357880,304,CDS
12856,4358276,4358440,164,CDS
12857,4358505,4358871,366,CDS
12858,4359067,4360330,1263,CDS
12859,4360395,4360551,156,CDS
12860,4360616,4360705,89,CDS
12861,4361966,4362034,68,CDS
12862,4349408,4349587,179,CDS
12863,4349653,4349712,59,CDS
12864,4353467,4353613,146,CDS
12865,4353944,4354023,79,CDS
12866,4357040,4357276,236,CDS
12867,4357345,4357511,166,CDS
12868,4357576,4357880,304,CDS
12869,4358276,4358440,164,CDS
12870,4358505,4358871,366,CDS
12871,4359067,4360330,1263,CDS
12872,4360395,4360551,156,CDS
12873,4360616,4360705,89,CDS
12874,4361966,4362034,68,CDS
12875,4349408,4349587,179,CDS
12876,4349653,4349712,59,CDS
12877,4353467,4353613,146,CDS
12878,4354471,4354550,79,CDS
12879,4357040,4357276,236,CDS
12880,4357345,4357511,166,CDS
12881,4357576,4357880,304,CDS
12882,4358276,4358440,164,CDS
12883,4358505,4358871,366,CDS
12884,4359067,4360330,1263,CDS
12885,4360395,4360551,156,CDS
12886,4360616,4360705,89,CDS
12887,4361966,4362034,68,CDS
12888,4349408,4349587,179,CDS
12889,4349653,4349712,59,CDS
12890,4353467,4353613,146,CDS
12891,4354471,4354550,79,CDS
12892,4357040,4357276,236,CDS
12893,4357345,4357511,166,CDS
12894,4357576,4357880,304,CDS
12895,4358276,4358440,164,CDS
12896,4358505,4358871,366,CDS
12897,4359067,4360330,1263,CDS
12898,4360395,4360551,156,CDS
12899,4360616,4360705,89,CDS
12900,4361966,4362034,68,CDS
12901,4349408,4349587,179,CDS
12902,4349653,4349712,59,CDS
12903,4353467,4353613,146,CDS
12904,4354471,4354550,79,CDS
12905,4357040,4357276,236,CDS
12906,4357345,4357511,166,CDS
12907,4357576,4357880,304,CDS
12908,4358276,4358440,164,CDS
12909,4358505,4358871,366,CDS
12910,4359067,4360330,1263,CDS
12911,4360395,4360551,156,CDS
12912,4360616,4360705,89,CDS
12913,4361966,4362034,68,CDS
12914,4365806,4365898,92,gene
12915,4365806,4365898,92,precursor_RNA
12916,4365823,4365844,21,ncRNA
12917,4365861,4365883,22,ncRNA
12918,4366179,4366248,69,gene
12919,4366179,4366248,69,precursor_RNA
12920,4366185,4366206,21,ncRNA
12921,4366220,4366242,22,ncRNA
12922,4366417,4371136,4719,gene
12923,4366417,4368142,1725,mRNA
12924,4368814,4369111,297,mRNA
12925,4369174,4369387,213,mRNA
12926,4369453,4369606,153,mRNA
12927,4369675,4369790,115,mRNA
12928,4369860,4371136,1276,mRNA
12929,4366588,4368142,1554,CDS
12930,4368814,4369111,297,CDS
12931,4369174,4369387,213,CDS
12932,4369453,4369606,153,CDS
12933,4369675,4369790,115,CDS
12934,4369860,4370342,482,CDS
12935,4368309,4368399,90,gene
12936,4368309,4368399,90,precursor_RNA
12937,4368325,4368346,21,ncRNA
12938,4368361,4368382,21,ncRNA
12939,4368483,4368581,98,gene
12940,4368483,4368581,98,precursor_RNA
12941,4368504,4368525,21,ncRNA
12942,4368540,4368561,21,ncRNA
12943,4368646,4368735,89,gene
12944,4368646,4368735,89,precursor_RNA
12945,4368662,4368681,19,ncRNA
12946,4368698,4368720,22,ncRNA
12947,4368786,4373471,4685,gene
12948,4373397,4373471,74,ncRNA
12949,4371995,4372253,258,ncRNA
12950,4368786,4369380,594,ncRNA
12951,4373981,4377716,3735,gene
12952,4373981,4374017,36,ncRNA
12953,4374085,4374199,114,ncRNA
12954,4375481,4376571,1090,ncRNA
12955,4376675,4377716,1041,ncRNA
12956,4375908,4376571,663,ncRNA
12957,4376675,4377716,1041,ncRNA
12958,4380758,4382466,1708,gene
12959,4380758,4381567,809,mRNA
12960,4381788,4382466,678,mRNA
12961,4381472,4381567,95,CDS
12962,4381788,4381976,188,CDS
12963,4387676,4611385,223709,gene
12964,4610851,4611385,534,ncRNA
12965,4562605,4562650,45,ncRNA
12966,4459955,4460105,150,ncRNA
12967,4393325,4393604,279,ncRNA
12968,4387676,4388251,575,ncRNA
12969,4393761,4394040,279,ncRNA
12970,4393325,4393604,279,ncRNA
12971,4387676,4388251,575,ncRNA
12972,4412856,4485647,72791,gene
12973,4412856,4412920,64,mRNA
12974,4428198,4429498,1300,mRNA
12975,4450688,4450801,113,mRNA
12976,4450877,4451039,162,mRNA
12977,4478148,4478294,146,mRNA
12978,4478354,4478430,76,mRNA
12979,4482140,4482384,244,mRNA
12980,4482517,4484452,1935,mRNA
12981,4413462,4413899,437,mRNA
12982,4428198,4429498,1300,mRNA
12983,4450688,4450801,113,mRNA
12984,4450877,4451030,153,mRNA
12985,4478148,4478294,146,mRNA
12986,4478354,4478430,76,mRNA
12987,4482131,4482384,253,mRNA
12988,4482520,4485647,3127,mRNA
12989,4413462,4413899,437,mRNA
12990,4428198,4429498,1300,mRNA
12991,4450688,4450801,113,mRNA
12992,4450877,4451039,162,mRNA
12993,4478148,4478294,146,mRNA
12994,4478354,4478430,76,mRNA
12995,4482140,4482384,244,mRNA
12996,4482517,4484452,1935,mRNA
12997,4413462,4413899,437,mRNA
12998,4428198,4429498,1300,mRNA
12999,4450688,4450801,113,mRNA
13000,4450877,4451039,162,mRNA
13001,4478148,4478294,146,mRNA
13002,4478354,4478430,76,mRNA
13003,4482140,4482384,244,mRNA
13004,4482517,4484452,1935,mRNA
13005,4427135,4427352,217,mRNA
13006,4428198,4429498,1300,mRNA
13007,4450688,4450801,113,mRNA
13008,4450877,4451039,162,mRNA
13009,4478148,4478294,146,mRNA
13010,4478354,4478430,76,mRNA
13011,4482131,4482384,253,mRNA
13012,4482520,4485647,3127,mRNA
13013,4427135,4427352,217,mRNA
13014,4428198,4429498,1300,mRNA
13015,4450688,4450801,113,mRNA
13016,4450877,4451030,153,mRNA
13017,4478148,4478294,146,mRNA
13018,4478354,4478430,76,mRNA
13019,4482134,4482384,250,mRNA
13020,4482520,4485647,3127,mRNA
13021,4427135,4427539,404,mRNA
13022,4428198,4429498,1300,mRNA
13023,4450688,4450801,113,mRNA
13024,4450877,4451039,162,mRNA
13025,4478148,4478294,146,mRNA
13026,4478354,4478430,76,mRNA
13027,4482140,4482384,244,mRNA
13028,4482517,4484452,1935,mRNA
13029,4428435,4429498,1063,CDS
13030,4450688,4450801,113,CDS
13031,4450877,4451039,162,CDS
13032,4478148,4478294,146,CDS
13033,4478354,4478430,76,CDS
13034,4482140,4482384,244,CDS
13035,4482517,4483778,1261,CDS
13036,4428435,4429498,1063,CDS
13037,4450688,4450801,113,CDS
13038,4450877,4451039,162,CDS
13039,4478148,4478294,146,CDS
13040,4478354,4478430,76,CDS
13041,4482131,4482384,253,CDS
13042,4482520,4483625,1105,CDS
13043,4428435,4429498,1063,CDS
13044,4450688,4450801,113,CDS
13045,4450877,4451039,162,CDS
13046,4478148,4478294,146,CDS
13047,4478354,4478430,76,CDS
13048,4482140,4482384,244,CDS
13049,4482517,4483625,1108,CDS
13050,4428435,4429498,1063,CDS
13051,4450688,4450801,113,CDS
13052,4450877,4451039,162,CDS
13053,4478148,4478294,146,CDS
13054,4478354,4478430,76,CDS
13055,4482140,4482384,244,CDS
13056,4482517,4483625,1108,CDS
13057,4428435,4429498,1063,CDS
13058,4450688,4450801,113,CDS
13059,4450877,4451039,162,CDS
13060,4478148,4478294,146,CDS
13061,4478354,4478430,76,CDS
13062,4482140,4482384,244,CDS
13063,4482517,4483625,1108,CDS
13064,4428435,4429498,1063,CDS
13065,4450688,4450801,113,CDS
13066,4450877,4451030,153,CDS
13067,4478148,4478294,146,CDS
13068,4478354,4478430,76,CDS
13069,4482131,4482384,253,CDS
13070,4482520,4483625,1105,CDS
13071,4428435,4429498,1063,CDS
13072,4450688,4450801,113,CDS
13073,4450877,4451030,153,CDS
13074,4478148,4478294,146,CDS
13075,4478354,4478430,76,CDS
13076,4482134,4482384,250,CDS
13077,4482520,4483625,1105,CDS
13078,4468346,4468376,30,mobile_element
13079,4473895,4473947,52,mobile_element
13080,4530231,4535464,5233,gene
13081,4530231,4530441,210,mRNA
13082,4531297,4532678,1381,mRNA
13083,4532856,4533051,195,mRNA
13084,4533120,4533197,77,mRNA
13085,4533261,4533343,82,mRNA
13086,4533525,4535464,1939,mRNA
13087,4530231,4530601,370,mRNA
13088,4531297,4532678,1381,mRNA
13089,4532856,4533051,195,mRNA
13090,4533120,4533197,77,mRNA
13091,4533261,4533343,82,mRNA
13092,4533525,4533840,315,mRNA
13093,4531310,4532678,1368,CDS
13094,4532856,4533051,195,CDS
13095,4533120,4533197,77,CDS
13096,4533261,4533343,82,CDS
13097,4533525,4533586,61,CDS
13098,4531310,4532678,1368,CDS
13099,4532856,4533051,195,CDS
13100,4533120,4533197,77,CDS
13101,4533261,4533343,82,CDS
13102,4533525,4533586,61,CDS
13103,4535635,4540626,4991,gene
13104,4539664,4540626,962,mRNA
13105,4538775,4539603,828,mRNA
13106,4537486,4538709,1223,mRNA
13107,4536532,4537431,899,mRNA
13108,4535635,4535961,326,mRNA
13109,4539664,4540626,962,mRNA
13110,4538775,4539603,828,mRNA
13111,4537486,4538709,1223,mRNA
13112,4535635,4537431,1796,mRNA
13113,4539664,4540626,962,mRNA
13114,4538775,4539603,828,mRNA
13115,4537486,4538709,1223,mRNA
13116,4536016,4537431,1415,mRNA
13117,4539664,4540305,641,CDS
13118,4538775,4539603,828,CDS
13119,4537486,4538709,1223,CDS
13120,4536644,4537431,787,CDS
13121,4539664,4540305,641,CDS
13122,4538775,4539603,828,CDS
13123,4537486,4538709,1223,CDS
13124,4536644,4537431,787,CDS
13125,4539664,4540305,641,CDS
13126,4538775,4539603,828,CDS
13127,4537486,4538709,1223,CDS
13128,4536644,4537431,787,CDS
13129,4540908,4542506,1598,gene
13130,4540908,4541144,236,mRNA
13131,4541217,4541551,334,mRNA
13132,4541907,4542506,599,mRNA
13133,4540908,4541144,236,mRNA
13134,4541217,4541551,334,mRNA
13135,4541907,4542438,531,mRNA
13136,4541003,4541144,141,CDS
13137,4541217,4541551,334,CDS
13138,4541907,4542056,149,CDS
13139,4541003,4541144,141,CDS
13140,4541217,4541551,334,CDS
13141,4541907,4542056,149,CDS
13142,4542630,4544497,1867,gene
13143,4542630,4542912,282,mRNA
13144,4542978,4543122,144,mRNA
13145,4543176,4544176,1000,mRNA
13146,4544234,4544497,263,mRNA
13147,4542703,4542912,209,CDS
13148,4542978,4543122,144,CDS
13149,4543176,4544176,1000,CDS
13150,4544234,4544404,170,CDS
13151,4544617,4548794,4177,gene
13152,4547386,4548794,1408,mRNA
13153,4544617,4546824,2207,mRNA
13154,4547386,4548794,1408,mRNA
13155,4545280,4546824,1544,mRNA
13156,4547386,4548428,1042,CDS
13157,4546554,4546824,270,CDS
13158,4547386,4548428,1042,CDS
13159,4546554,4546824,270,CDS
13160,4549070,4549957,887,gene
13161,4549070,4549957,887,mRNA
13162,4549074,4549814,740,CDS
13163,4549883,4551878,1995,gene
13164,4549883,4551878,1995,mRNA
13165,4550410,4551807,1397,CDS
13166,4551973,4553006,1033,gene
13167,4551973,4552243,270,mRNA
13168,4552308,4553006,698,mRNA
13169,4552076,4552243,167,CDS
13170,4552308,4552898,590,CDS
13171,4553117,4554398,1281,gene
13172,4553117,4554398,1281,mRNA
13173,4553117,4554197,1080,mRNA
13174,4553335,4553982,647,CDS
13175,4553335,4553982,647,CDS
13176,4558072,4560317,2245,gene
13177,4558072,4560317,2245,mRNA
13178,4558110,4560002,1892,CDS
13179,4570991,4571929,938,gene
13180,4571620,4571929,309,mRNA
13181,4570991,4571567,576,mRNA
13182,4571620,4571881,261,CDS
13183,4571134,4571567,433,CDS
13184,4617564,4627206,9642,gene
13185,4617564,4618063,499,mRNA
13186,4619975,4620860,885,mRNA
13187,4621152,4627206,6054,mRNA
13188,4617564,4618063,499,mRNA
13189,4619970,4620860,890,mRNA
13190,4621152,4626104,4952,mRNA
13191,4619994,4620860,866,CDS
13192,4621152,4625969,4817,CDS
13193,4619994,4620860,866,CDS
13194,4621152,4625969,4817,CDS
13195,4627380,4630936,3556,gene
13196,4629740,4630936,1196,mRNA
13197,4628701,4629686,985,mRNA
13198,4628029,4628626,597,mRNA
13199,4627823,4627971,148,mRNA
13200,4627380,4627741,361,mRNA
13201,4629740,4630936,1196,mRNA
13202,4628701,4629686,985,mRNA
13203,4628029,4628626,597,mRNA
13204,4627823,4627971,148,mRNA
13205,4627380,4627759,379,mRNA
13206,4629740,4630520,780,mRNA
13207,4628701,4629686,985,mRNA
13208,4628029,4628626,597,mRNA
13209,4627823,4627971,148,mRNA
13210,4627380,4627741,361,mRNA
13211,4629740,4630883,1143,CDS
13212,4628701,4629686,985,CDS
13213,4628029,4628626,597,CDS
13214,4627823,4627971,148,CDS
13215,4627673,4627741,68,CDS
13216,4629740,4630883,1143,CDS
13217,4628701,4629686,985,CDS
13218,4628029,4628626,597,CDS
13219,4627823,4627971,148,CDS
13220,4627673,4627759,86,CDS
13221,4629740,4630418,678,CDS
13222,4628701,4629686,985,CDS
13223,4628029,4628626,597,CDS
13224,4627823,4627971,148,CDS
13225,4627673,4627741,68,CDS
13226,4631009,4631283,274,mobile_element
13227,4631052,4636004,4952,gene
13228,4633878,4636004,2126,mRNA
13229,4632818,4633824,1006,mRNA
13230,4632020,4632746,726,mRNA
13231,4631814,4631962,148,mRNA
13232,4631052,4631730,678,mRNA
13233,4633878,4636004,2126,mRNA
13234,4632818,4633824,1006,mRNA
13235,4632020,4632746,726,mRNA
13236,4631814,4631962,148,mRNA
13237,4631373,4631730,357,mRNA
13238,4633878,4635900,2022,CDS
13239,4632818,4633824,1006,CDS
13240,4632020,4632746,726,CDS
13241,4631814,4631962,148,CDS
13242,4631668,4631730,62,CDS
13243,4633878,4635900,2022,CDS
13244,4632818,4633824,1006,CDS
13245,4632020,4632746,726,CDS
13246,4631814,4631962,148,CDS
13247,4631668,4631730,62,CDS
13248,4636318,4639112,2794,gene
13249,4636318,4636917,599,mRNA
13250,4637112,4639112,2000,mRNA
13251,4636453,4636917,464,CDS
13252,4637112,4638659,1547,CDS
13253,4639259,4643987,4728,gene
13254,4643714,4643987,273,mRNA
13255,4642194,4642330,136,mRNA
13256,4641833,4642142,309,mRNA
13257,4639259,4641063,1804,mRNA
13258,4639259,4641162,1903,mRNA
13259,4639325,4641076,1751,CDS
13260,4639325,4640698,1373,CDS
13261,4641269,4644868,3599,gene
13262,4644758,4644868,110,mRNA
13263,4642194,4642330,136,mRNA
13264,4641833,4642142,309,mRNA
13265,4641269,4641652,383,mRNA
13266,4644758,4644784,26,CDS
13267,4642194,4642330,136,CDS
13268,4641833,4642142,309,CDS
13269,4641368,4641652,284,CDS
13270,4645127,4647414,2287,gene
13271,4647307,4647414,107,mRNA
13272,4645127,4646442,1315,mRNA
13273,4647307,4647414,107,mRNA
13274,4645127,4646442,1315,mRNA
13275,4645792,4646367,575,CDS
13276,4645864,4646367,503,CDS
13277,4647871,4648646,775,gene
13278,4647871,4648094,223,mRNA
13279,4648175,4648646,471,mRNA
13280,4647967,4648094,127,CDS
13281,4648175,4648589,414,CDS
13282,4648592,4650032,1440,gene
13283,4649573,4650032,459,mRNA
13284,4648592,4649514,922,mRNA
13285,4649573,4649833,260,mRNA
13286,4648592,4649514,922,mRNA
13287,4649573,4649765,192,CDS
13288,4648685,4649514,829,CDS
13289,4649573,4649765,192,CDS
13290,4648685,4649514,829,CDS
13291,4650015,4658259,8244,gene
13292,4650015,4650372,357,mRNA
13293,4650432,4651770,1338,mRNA
13294,4651832,4651935,103,mRNA
13295,4656583,4657071,488,mRNA
13296,4657141,4657265,124,mRNA
13297,4657336,4657524,188,mRNA
13298,4657593,4658005,412,mRNA
13299,4650050,4650372,322,mRNA
13300,4650432,4651770,1338,mRNA
13301,4651832,4651935,103,mRNA
13302,4656583,4657071,488,mRNA
13303,4657141,4657265,124,mRNA
13304,4657336,4657524,188,mRNA
13305,4657593,4658259,666,mRNA
13306,4650330,4650372,42,CDS
13307,4650432,4651770,1338,CDS
13308,4651832,4651935,103,CDS
13309,4656583,4657071,488,CDS
13310,4657141,4657265,124,CDS
13311,4657336,4657524,188,CDS
13312,4657593,4657706,113,CDS
13313,4650330,4650372,42,CDS
13314,4650432,4651770,1338,CDS
13315,4651832,4651935,103,CDS
13316,4656583,4657071,488,CDS
13317,4657141,4657265,124,CDS
13318,4657336,4657524,188,CDS
13319,4657593,4657706,113,CDS
13320,4651955,4654497,2542,gene
13321,4654407,4654497,90,mRNA
13322,4654003,4654232,229,mRNA
13323,4651955,4653925,1970,mRNA
13324,4654407,4654448,41,CDS
13325,4654003,4654232,229,CDS
13326,4652053,4653925,1872,CDS
13327,4658158,4666700,8542,gene
13328,4666431,4666700,269,mRNA
13329,4660258,4660432,174,mRNA
13330,4659735,4660187,452,mRNA
13331,4658158,4658536,378,mRNA
13332,4666431,4666700,269,mRNA
13333,4660258,4660432,174,mRNA
13334,4658158,4660187,2029,mRNA
13335,4660258,4660424,166,CDS
13336,4659735,4660187,452,CDS
13337,4658437,4658536,99,CDS
13338,4666431,4666700,269,mRNA
13339,4660258,4660432,174,mRNA
13340,4658577,4660187,1610,mRNA
13341,4660258,4660424,166,CDS
13342,4659326,4660187,861,CDS
13343,4660258,4660424,166,CDS
13344,4659326,4660187,861,CDS
13345,4667290,4679537,12247,gene
13346,4679265,4679537,272,mRNA
13347,4676254,4676572,318,mRNA
13348,4674367,4674619,252,mRNA
13349,4668904,4669137,233,mRNA
13350,4667290,4668820,1530,mRNA
13351,4677355,4677533,178,mRNA
13352,4676254,4676572,318,mRNA
13353,4674367,4674619,252,mRNA
13354,4668904,4669137,233,mRNA
13355,4667290,4668820,1530,mRNA
13356,4676254,4676375,121,CDS
13357,4674367,4674619,252,CDS
13358,4668904,4669137,233,CDS
13359,4667993,4668820,827,CDS
13360,4676254,4676375,121,CDS
13361,4674367,4674619,252,CDS
13362,4668904,4669137,233,CDS
13363,4667993,4668820,827,CDS
13364,4679988,4686903,6915,gene
13365,4685112,4686903,1791,mRNA
13366,4683487,4683934,447,mRNA
13367,4679988,4683422,3434,mRNA
13368,4685112,4686903,1791,mRNA
13369,4683487,4683934,447,mRNA
13370,4680404,4683422,3018,mRNA
13371,4685112,4686156,1044,CDS
13372,4683487,4683934,447,CDS
13373,4680632,4683422,2790,CDS
13374,4685112,4686156,1044,CDS
13375,4683487,4683934,447,CDS
13376,4680632,4683422,2790,CDS
13377,4687800,4702034,14234,gene
13378,4687800,4688028,228,mRNA
13379,4691637,4691844,207,mRNA
13380,4698297,4699456,1159,mRNA
13381,4688203,4688672,469,mRNA
13382,4691637,4691844,207,mRNA
13383,4698297,4702034,3737,mRNA
13384,4688203,4688317,114,mRNA
13385,4691637,4691844,207,mRNA
13386,4698297,4702034,3737,mRNA
13387,4688203,4688317,114,mRNA
13388,4691637,4691844,207,mRNA
13389,4698297,4699456,1159,mRNA
13390,4688203,4688317,114,mRNA
13391,4691637,4691844,207,mRNA
13392,4698297,4699456,1159,mRNA
13393,4688368,4688628,260,mobile_element
13394,4691737,4691844,107,CDS
13395,4698297,4698992,695,CDS
13396,4691737,4691844,107,CDS
13397,4698297,4698458,161,CDS
13398,4691737,4691844,107,CDS
13399,4698297,4698458,161,CDS
13400,4691737,4691844,107,CDS
13401,4698297,4698458,161,CDS
13402,4691737,4691844,107,CDS
13403,4698297,4698458,161,CDS
13404,4700466,4700732,266,mobile_element
13405,4702284,4705265,2981,gene
13406,4702284,4702300,16,mRNA
13407,4702435,4702591,156,mRNA
13408,4702824,4702892,68,mRNA
13409,4703555,4704119,564,mRNA
13410,4704195,4704517,322,mRNA
13411,4704588,4705123,535,mRNA
13412,4702325,4702591,266,mRNA
13413,4702692,4702892,200,mRNA
13414,4703555,4704119,564,mRNA
13415,4704195,4704517,322,mRNA
13416,4704588,4705265,677,mRNA
13417,4702325,4702892,567,mRNA
13418,4703555,4704119,564,mRNA
13419,4704195,4704517,322,mRNA
13420,4704588,4705123,535,mRNA
13421,4702325,4702591,266,mRNA
13422,4702824,4702892,68,mRNA
13423,4703555,4704119,564,mRNA
13424,4704195,4704517,322,mRNA
13425,4704588,4705123,535,mRNA
13426,4702532,4702591,59,CDS
13427,4702692,4702892,200,CDS
13428,4703555,4704119,564,CDS
13429,4704195,4704517,322,CDS
13430,4704588,4704770,182,CDS
13431,4702532,4702591,59,CDS
13432,4702824,4702892,68,CDS
13433,4703555,4704119,564,CDS
13434,4704195,4704517,322,CDS
13435,4704588,4704770,182,CDS
13436,4702532,4702591,59,CDS
13437,4702824,4702892,68,CDS
13438,4703555,4704119,564,CDS
13439,4704195,4704517,322,CDS
13440,4704588,4704770,182,CDS
13441,4703639,4704119,480,CDS
13442,4704195,4704517,322,CDS
13443,4704588,4704770,182,CDS
13444,4705309,4707504,2195,gene
13445,4705309,4705686,377,mRNA
13446,4706005,4707504,1499,mRNA
13447,4705564,4705686,122,CDS
13448,4706005,4707321,1316,CDS
13449,4707916,4729487,21571,gene
13450,4707916,4707973,57,mRNA
13451,4708824,4709010,186,mRNA
13452,4723178,4723567,389,mRNA
13453,4725022,4725194,172,mRNA
13454,4726236,4726352,116,mRNA
13455,4726427,4726714,287,mRNA
13456,4726875,4727101,226,mRNA
13457,4727359,4727562,203,mRNA
13458,4727623,4729487,1864,mRNA
13459,4707916,4708168,252,mRNA
13460,4708780,4709010,230,mRNA
13461,4723178,4723567,389,mRNA
13462,4725022,4725194,172,mRNA
13463,4726236,4726352,116,mRNA
13464,4726427,4726714,287,mRNA
13465,4726875,4727101,226,mRNA
13466,4727359,4727562,203,mRNA
13467,4727623,4728744,1121,mRNA
13468,4707916,4708168,252,mRNA
13469,4708824,4709010,186,mRNA
13470,4723178,4723567,389,mRNA
13471,4725022,4725194,172,mRNA
13472,4726236,4726352,116,mRNA
13473,4726427,4726714,287,mRNA
13474,4726875,4727101,226,mRNA
13475,4727359,4727562,203,mRNA
13476,4727623,4728744,1121,mRNA
13477,4707916,4707973,57,mRNA
13478,4708918,4709010,92,mRNA
13479,4723178,4723567,389,mRNA
13480,4725022,4725194,172,mRNA
13481,4726236,4726352,116,mRNA
13482,4726427,4726714,287,mRNA
13483,4726875,4727101,226,mRNA
13484,4727359,4727562,203,mRNA
13485,4727623,4728744,1121,mRNA
13486,4708748,4709010,262,mRNA
13487,4723178,4723567,389,mRNA
13488,4725022,4725194,172,mRNA
13489,4726236,4726352,116,mRNA
13490,4726427,4726714,287,mRNA
13491,4726875,4727101,226,mRNA
13492,4727359,4727562,203,mRNA
13493,4727623,4728744,1121,mRNA
13494,4723368,4723567,199,CDS
13495,4725022,4725194,172,CDS
13496,4726236,4726352,116,CDS
13497,4726427,4726714,287,CDS
13498,4726875,4727101,226,CDS
13499,4727359,4727562,203,CDS
13500,4727623,4728051,428,CDS
13501,4723368,4723567,199,CDS
13502,4725022,4725194,172,CDS
13503,4726236,4726352,116,CDS
13504,4726427,4726714,287,CDS
13505,4726875,4727101,226,CDS
13506,4727359,4727562,203,CDS
13507,4727623,4728051,428,CDS
13508,4723368,4723567,199,CDS
13509,4725022,4725194,172,CDS
13510,4726236,4726352,116,CDS
13511,4726427,4726714,287,CDS
13512,4726875,4727101,226,CDS
13513,4727359,4727562,203,CDS
13514,4727623,4728051,428,CDS
13515,4723368,4723567,199,CDS
13516,4725022,4725194,172,CDS
13517,4726236,4726352,116,CDS
13518,4726427,4726714,287,CDS
13519,4726875,4727101,226,CDS
13520,4727359,4727562,203,CDS
13521,4727623,4728051,428,CDS
13522,4723368,4723567,199,CDS
13523,4725022,4725194,172,CDS
13524,4726236,4726352,116,CDS
13525,4726427,4726714,287,CDS
13526,4726875,4727101,226,CDS
13527,4727359,4727562,203,CDS
13528,4727623,4728051,428,CDS
13529,4731885,4736902,5017,mobile_element
13530,4763307,4763737,430,mobile_element
13531,4768727,4770137,1410,gene
13532,4768727,4770137,1410,mRNA
13533,4769169,4770074,905,CDS
13534,4770557,4771588,1031,gene
13535,4770557,4771588,1031,mRNA
13536,4770582,4771517,935,CDS
13537,4775033,4775232,199,gene
13538,4775033,4775232,199,ncRNA
13539,4775984,4777375,1391,gene
13540,4775984,4777375,1391,mRNA
13541,4776087,4777313,1226,CDS
13542,4782201,4782789,588,gene
13543,4782769,4782789,20,mRNA
13544,4782201,4782714,513,mRNA
13545,4782231,4782758,527,mRNA
13546,4782317,4782703,386,CDS
13547,4782317,4782703,386,CDS
13548,4784075,4786059,1984,gene
13549,4784075,4786059,1984,mRNA
13550,4784198,4785637,1439,CDS
13551,4789568,4790761,1193,mobile_element
13552,4792452,4792801,349,mobile_element
13553,4797231,4804862,7631,gene
13554,4804698,4804862,164,mRNA
13555,4803690,4803820,130,mRNA
13556,4803427,4803618,191,mRNA
13557,4800959,4803352,2393,mRNA
13558,4800108,4800647,539,mRNA
13559,4799940,4800047,107,mRNA
13560,4798571,4799881,1310,mRNA
13561,4797967,4798512,545,mRNA
13562,4797633,4797872,239,mRNA
13563,4797231,4797570,339,mRNA
13564,4804698,4804862,164,mRNA
13565,4803690,4803820,130,mRNA
13566,4803427,4803618,191,mRNA
13567,4800959,4803352,2393,mRNA
13568,4799940,4800647,707,mRNA
13569,4798571,4799878,1307,mRNA
13570,4798099,4798512,413,mRNA
13571,4797967,4798041,74,mRNA
13572,4797633,4797872,239,mRNA
13573,4797266,4797570,304,mRNA
13574,4804698,4804862,164,mRNA
13575,4803690,4803820,130,mRNA
13576,4803427,4803618,191,mRNA
13577,4800959,4803352,2393,mRNA
13578,4799940,4800647,707,mRNA
13579,4798571,4799881,1310,mRNA
13580,4797967,4798512,545,mRNA
13581,4797633,4797872,239,mRNA
13582,4797266,4797570,304,mRNA
13583,4803690,4803770,80,CDS
13584,4803427,4803618,191,CDS
13585,4800959,4803352,2393,CDS
13586,4800108,4800647,539,CDS
13587,4799940,4800047,107,CDS
13588,4798571,4799881,1310,CDS
13589,4797967,4798512,545,CDS
13590,4797633,4797872,239,CDS
13591,4797361,4797570,209,CDS
13592,4803690,4803770,80,CDS
13593,4803427,4803618,191,CDS
13594,4800959,4803352,2393,CDS
13595,4799940,4800647,707,CDS
13596,4798571,4799878,1307,CDS
13597,4798099,4798512,413,CDS
13598,4797967,4798041,74,CDS
13599,4797633,4797872,239,CDS
13600,4797361,4797570,209,CDS
13601,4803690,4803770,80,CDS
13602,4803427,4803618,191,CDS
13603,4800959,4803352,2393,CDS
13604,4799940,4800647,707,CDS
13605,4798571,4799881,1310,CDS
13606,4797967,4798512,545,CDS
13607,4797633,4797872,239,CDS
13608,4797361,4797570,209,CDS
13609,4800695,4800766,71,mobile_element
13610,4804698,4804862,164,mRNA
13611,4803427,4803618,191,mRNA
13612,4800835,4803352,2517,mRNA
13613,4800908,4803334,2426,CDS
13614,4805459,4805683,224,gene
13615,4805459,4805683,224,ncRNA
13616,4825974,4826833,859,gene
13617,4825974,4826833,859,mRNA
13618,4826004,4826717,713,CDS
13619,4828023,4835336,7313,mobile_element
13620,4840833,4906575,65742,gene
13621,4840833,4841440,607,mRNA
13622,4869496,4869554,58,mRNA
13623,4894618,4895060,442,mRNA
13624,4895184,4895838,654,mRNA
13625,4898408,4898897,489,mRNA
13626,4899121,4899452,331,mRNA
13627,4903946,4904875,929,mRNA
13628,4904966,4906575,1609,mRNA
13629,4840833,4841440,607,mRNA
13630,4869496,4869554,58,mRNA
13631,4894618,4895060,442,mRNA
13632,4895184,4895838,654,mRNA
13633,4898408,4898897,489,mRNA
13634,4899121,4899452,331,mRNA
13635,4903946,4904875,929,mRNA
13636,4904966,4906260,1294,mRNA
13637,4840833,4841440,607,mRNA
13638,4869496,4869554,58,mRNA
13639,4894618,4895060,442,mRNA
13640,4895184,4895838,654,mRNA
13641,4898408,4898897,489,mRNA
13642,4899121,4899452,331,mRNA
13643,4903946,4904875,929,mRNA
13644,4904966,4906260,1294,mRNA
13645,4874000,4874382,382,gene
13646,4874000,4874382,382,ncRNA
13647,4875670,4877263,1593,gene
13648,4875670,4877263,1593,mRNA
13649,4875792,4877144,1352,CDS
13650,4894689,4895060,371,CDS
13651,4895184,4895838,654,CDS
13652,4898408,4898897,489,CDS
13653,4899121,4899452,331,CDS
13654,4903946,4904875,929,CDS
13655,4904966,4905306,340,CDS
13656,4894689,4895060,371,CDS
13657,4895184,4895838,654,CDS
13658,4898408,4898897,489,CDS
13659,4899121,4899452,331,CDS
13660,4903946,4904814,868,CDS
13661,4894689,4895060,371,CDS
13662,4895184,4895838,654,CDS
13663,4898408,4898897,489,CDS
13664,4899121,4899452,331,CDS
13665,4903946,4904814,868,CDS
13666,4906900,4908821,1921,gene
13667,4906900,4907405,505,mRNA
13668,4907460,4908821,1361,mRNA
13669,4906979,4907405,426,CDS
13670,4907460,4908607,1147,CDS
13671,4909102,4915161,6059,gene
13672,4909102,4909319,217,mRNA
13673,4909452,4909797,345,mRNA
13674,4910852,4911178,326,mRNA
13675,4912743,4912875,132,mRNA
13676,4912945,4913129,184,mRNA
13677,4913204,4913783,579,mRNA
13678,4913846,4915161,1315,mRNA
13679,4909102,4909797,695,mRNA
13680,4910852,4911178,326,mRNA
13681,4912743,4912875,132,mRNA
13682,4912945,4913129,184,mRNA
13683,4913204,4913783,579,mRNA
13684,4913846,4914961,1115,mRNA
13685,4909759,4909797,38,CDS
13686,4910852,4911178,326,CDS
13687,4912743,4912875,132,CDS
13688,4912945,4913129,184,CDS
13689,4913204,4913783,579,CDS
13690,4913846,4914144,298,CDS
13691,4909759,4909797,38,CDS
13692,4910852,4911178,326,CDS
13693,4912743,4912875,132,CDS
13694,4912945,4913129,184,CDS
13695,4913204,4913783,579,CDS
13696,4913846,4914144,298,CDS
13697,4912381,4912511,130,mRNA
13698,4912743,4912875,132,mRNA
13699,4912945,4913129,184,mRNA
13700,4913204,4913783,579,mRNA
13701,4913846,4915161,1315,mRNA
13702,4912381,4912511,130,mRNA
13703,4912743,4912875,132,mRNA
13704,4912945,4913129,184,mRNA
13705,4913204,4913783,579,mRNA
13706,4913846,4914961,1115,mRNA
13707,4912815,4912875,60,CDS
13708,4912945,4913129,184,CDS
13709,4913204,4913783,579,CDS
13710,4913846,4914144,298,CDS
13711,4912815,4912875,60,CDS
13712,4912945,4913129,184,CDS
13713,4913204,4913783,579,CDS
13714,4913846,4914144,298,CDS
13715,4915280,4918447,3167,gene
13716,4918121,4918447,326,mRNA
13717,4916545,4917921,1376,mRNA
13718,4916285,4916491,206,mRNA
13719,4915943,4916214,271,mRNA
13720,4915586,4915882,296,mRNA
13721,4915280,4915522,242,mRNA
13722,4918121,4918322,201,CDS
13723,4916545,4917921,1376,CDS
13724,4916285,4916491,206,CDS
13725,4915943,4916214,271,CDS
13726,4915586,4915882,296,CDS
13727,4915418,4915522,104,CDS
13728,4918730,4921648,2918,gene
13729,4918730,4919340,610,mRNA
13730,4919454,4919593,139,mRNA
13731,4919899,4920020,121,mRNA
13732,4920095,4920269,174,mRNA
13733,4920330,4920991,661,mRNA
13734,4921046,4921648,602,mRNA
13735,4918872,4919340,468,mRNA
13736,4919454,4919593,139,mRNA
13737,4919899,4920020,121,mRNA
13738,4920095,4920269,174,mRNA
13739,4920330,4920991,661,mRNA
13740,4921046,4921612,566,mRNA
13741,4919197,4919340,143,CDS
13742,4919454,4919593,139,CDS
13743,4919899,4920020,121,CDS
13744,4920095,4920269,174,CDS
13745,4920330,4920991,661,CDS
13746,4921046,4921533,487,CDS
13747,4919197,4919340,143,CDS
13748,4919454,4919593,139,CDS
13749,4919899,4920020,121,CDS
13750,4920095,4920269,174,CDS
13751,4920330,4920991,661,CDS
13752,4921046,4921533,487,CDS
13753,4921677,4928133,6456,gene
13754,4921677,4928133,6456,ncRNA
13755,4926664,4938105,11441,gene
13756,4937975,4938105,130,mRNA
13757,4929374,4930065,691,mRNA
13758,4928217,4929308,1091,mRNA
13759,4926664,4928132,1468,mRNA
13760,4936013,4936149,136,mRNA
13761,4929374,4930065,691,mRNA
13762,4928217,4929308,1091,mRNA
13763,4926664,4928129,1465,mRNA
13764,4935391,4935543,152,mRNA
13765,4929374,4930065,691,mRNA
13766,4928217,4929308,1091,mRNA
13767,4926664,4928129,1465,mRNA
13768,4932548,4932682,134,mRNA
13769,4929374,4930065,691,mRNA
13770,4928217,4929308,1091,mRNA
13771,4926664,4928132,1468,mRNA
13772,4931951,4932074,123,mRNA
13773,4929374,4930065,691,mRNA
13774,4928217,4929308,1091,mRNA
13775,4926664,4928132,1468,mRNA
13776,4931058,4931194,136,mRNA
13777,4929374,4930065,691,mRNA
13778,4928217,4929308,1091,mRNA
13779,4926664,4928129,1465,mRNA
13780,4930915,4931194,279,mRNA
13781,4929374,4930065,691,mRNA
13782,4928217,4929308,1091,mRNA
13783,4926664,4928129,1465,mRNA
13784,4929374,4929988,614,mRNA
13785,4928217,4929308,1091,mRNA
13786,4926664,4928129,1465,mRNA
13787,4929374,4929601,227,CDS
13788,4928217,4929308,1091,CDS
13789,4927584,4928129,545,CDS
13790,4929374,4929601,227,CDS
13791,4928217,4929308,1091,CDS
13792,4927584,4928129,545,CDS
13793,4929374,4929601,227,CDS
13794,4928217,4929308,1091,CDS
13795,4927584,4928129,545,CDS
13796,4929374,4929601,227,CDS
13797,4928217,4929308,1091,CDS
13798,4927584,4928129,545,CDS
13799,4929374,4929601,227,CDS
13800,4928217,4929308,1091,CDS
13801,4927584,4928129,545,CDS
13802,4929374,4929601,227,CDS
13803,4928217,4929308,1091,CDS
13804,4927584,4928132,548,CDS
13805,4929374,4929601,227,CDS
13806,4928217,4929308,1091,CDS
13807,4927584,4928132,548,CDS
13808,4929374,4929601,227,CDS
13809,4928217,4929308,1091,CDS
13810,4927584,4928132,548,CDS
13811,4939128,4955916,16788,gene
13812,4939128,4939304,176,mRNA
13813,4940422,4940847,425,mRNA
13814,4947607,4947853,246,mRNA
13815,4947919,4948197,278,mRNA
13816,4948990,4949668,678,mRNA
13817,4949741,4950189,448,mRNA
13818,4950471,4950899,428,mRNA
13819,4950964,4953107,2143,mRNA
13820,4953165,4953423,258,mRNA
13821,4953493,4953621,128,mRNA
13822,4954117,4954624,507,mRNA
13823,4954971,4955916,945,mRNA
13824,4939128,4939200,72,mRNA
13825,4940422,4940847,425,mRNA
13826,4947607,4947853,246,mRNA
13827,4947919,4948197,278,mRNA
13828,4948990,4949668,678,mRNA
13829,4949741,4950189,448,mRNA
13830,4950471,4950899,428,mRNA
13831,4950964,4953107,2143,mRNA
13832,4953165,4953423,258,mRNA
13833,4953493,4953621,128,mRNA
13834,4954117,4954624,507,mRNA
13835,4954971,4955916,945,mRNA
13836,4939128,4939200,72,mRNA
13837,4940422,4940847,425,mRNA
13838,4947607,4947853,246,mRNA
13839,4947919,4948197,278,mRNA
13840,4948990,4949668,678,mRNA
13841,4949741,4950189,448,mRNA
13842,4950471,4950899,428,mRNA
13843,4950964,4953107,2143,mRNA
13844,4953165,4953423,258,mRNA
13845,4953493,4953621,128,mRNA
13846,4954971,4955916,945,mRNA
13847,4939128,4939200,72,mRNA
13848,4940422,4940847,425,mRNA
13849,4947607,4947853,246,mRNA
13850,4947919,4948197,278,mRNA
13851,4948990,4949668,678,mRNA
13852,4949741,4950189,448,mRNA
13853,4950471,4950899,428,mRNA
13854,4950964,4953107,2143,mRNA
13855,4953165,4953423,258,mRNA
13856,4953493,4953621,128,mRNA
13857,4954135,4954624,489,mRNA
13858,4954971,4955425,454,mRNA
13859,4939128,4939200,72,mRNA
13860,4940422,4940847,425,mRNA
13861,4947607,4947853,246,mRNA
13862,4947919,4948197,278,mRNA
13863,4948990,4949668,678,mRNA
13864,4949741,4950189,448,mRNA
13865,4950471,4950899,428,mRNA
13866,4950964,4953107,2143,mRNA
13867,4953165,4953423,258,mRNA
13868,4953493,4953621,128,mRNA
13869,4953725,4954090,365,mRNA
13870,4939437,4939532,95,mRNA
13871,4940422,4940847,425,mRNA
13872,4947607,4947853,246,mRNA
13873,4947919,4948197,278,mRNA
13874,4948990,4949668,678,mRNA
13875,4949741,4950189,448,mRNA
13876,4950471,4950899,428,mRNA
13877,4950964,4953107,2143,mRNA
13878,4953165,4953423,258,mRNA
13879,4953493,4953621,128,mRNA
13880,4954117,4954624,507,mRNA
13881,4954971,4955916,945,mRNA
13882,4939581,4939675,94,mRNA
13883,4940422,4940847,425,mRNA
13884,4947607,4947853,246,mRNA
13885,4947919,4948197,278,mRNA
13886,4948990,4949668,678,mRNA
13887,4949741,4950189,448,mRNA
13888,4950471,4950899,428,mRNA
13889,4950964,4953107,2143,mRNA
13890,4953165,4953423,258,mRNA
13891,4953493,4953621,128,mRNA
13892,4954117,4954624,507,mRNA
13893,4954971,4955916,945,mRNA
13894,4940647,4940847,200,CDS
13895,4947607,4947853,246,CDS
13896,4947919,4948197,278,CDS
13897,4948990,4949668,678,CDS
13898,4949741,4950189,448,CDS
13899,4950471,4950899,428,CDS
13900,4950964,4953107,2143,CDS
13901,4953165,4953423,258,CDS
13902,4953493,4953621,128,CDS
13903,4954971,4955002,31,CDS
13904,4940647,4940847,200,CDS
13905,4947607,4947853,246,CDS
13906,4947919,4948197,278,CDS
13907,4948990,4949668,678,CDS
13908,4949741,4950189,448,CDS
13909,4950471,4950899,428,CDS
13910,4950964,4953107,2143,CDS
13911,4953165,4953423,258,CDS
13912,4953493,4953621,128,CDS
13913,4954117,4954604,487,CDS
13914,4940647,4940847,200,CDS
13915,4947607,4947853,246,CDS
13916,4947919,4948197,278,CDS
13917,4948990,4949668,678,CDS
13918,4949741,4950189,448,CDS
13919,4950471,4950899,428,CDS
13920,4950964,4953107,2143,CDS
13921,4953165,4953423,258,CDS
13922,4953493,4953621,128,CDS
13923,4954117,4954604,487,CDS
13924,4940647,4940847,200,CDS
13925,4947607,4947853,246,CDS
13926,4947919,4948197,278,CDS
13927,4948990,4949668,678,CDS
13928,4949741,4950189,448,CDS
13929,4950471,4950899,428,CDS
13930,4950964,4953107,2143,CDS
13931,4953165,4953423,258,CDS
13932,4953493,4953621,128,CDS
13933,4954117,4954604,487,CDS
13934,4940647,4940847,200,CDS
13935,4947607,4947853,246,CDS
13936,4947919,4948197,278,CDS
13937,4948990,4949668,678,CDS
13938,4949741,4950189,448,CDS
13939,4950471,4950899,428,CDS
13940,4950964,4953107,2143,CDS
13941,4953165,4953423,258,CDS
13942,4953493,4953621,128,CDS
13943,4954117,4954604,487,CDS
13944,4940647,4940847,200,CDS
13945,4947607,4947853,246,CDS
13946,4947919,4948197,278,CDS
13947,4948990,4949668,678,CDS
13948,4949741,4950189,448,CDS
13949,4950471,4950899,428,CDS
13950,4950964,4953107,2143,CDS
13951,4953165,4953423,258,CDS
13952,4953493,4953621,128,CDS
13953,4954135,4954604,469,CDS
13954,4940647,4940847,200,CDS
13955,4947607,4947853,246,CDS
13956,4947919,4948197,278,CDS
13957,4948990,4949668,678,CDS
13958,4949741,4950189,448,CDS
13959,4950471,4950899,428,CDS
13960,4950964,4953107,2143,CDS
13961,4953165,4953423,258,CDS
13962,4953493,4953621,128,CDS
13963,4953725,4953732,7,CDS
13964,4956646,5063868,107222,gene
13965,5063649,5063868,219,ncRNA
13966,5046126,5046154,28,ncRNA
13967,5005882,5006030,148,ncRNA
13968,4956646,4956693,47,ncRNA
13969,4959929,4961128,1199,gene
13970,4959929,4961128,1199,mRNA
13971,4960037,4960909,872,CDS
13972,4985671,4986397,726,gene
13973,4985671,4986397,726,ncRNA
13974,4990099,4997254,7155,mobile_element
13975,4991057,4995780,4723,mobile_element
13976,4997441,4998388,947,gene
13977,4997441,4998388,947,mRNA
13978,4997441,4998237,796,mRNA
13979,4997539,4998186,647,CDS
13980,4997539,4998186,647,CDS
13981,5048273,5070929,22656,gene
13982,5048273,5049542,1269,mRNA
13983,5064453,5067247,2794,mRNA
13984,5068136,5068798,662,mRNA
13985,5068895,5070929,2034,mRNA
13986,5048273,5049542,1269,mRNA
13987,5064453,5067247,2794,mRNA
13988,5068136,5068798,662,mRNA
13989,5068895,5070772,1877,mRNA
13990,5049131,5049542,411,CDS
13991,5064453,5067247,2794,CDS
13992,5068136,5068798,662,CDS
13993,5068895,5069080,185,CDS
13994,5049131,5049542,411,CDS
13995,5064453,5067247,2794,CDS
13996,5068136,5068798,662,CDS
13997,5068895,5069080,185,CDS
13998,5063844,5063868,24,mRNA
13999,5064453,5067247,2794,mRNA
14000,5068136,5068798,662,mRNA
14001,5068895,5070929,2034,mRNA
14002,5063844,5063868,24,CDS
14003,5064453,5067247,2794,CDS
14004,5068136,5068798,662,CDS
14005,5068895,5069080,185,CDS
14006,5064233,5064310,77,mRNA
14007,5064453,5065913,1460,mRNA
14008,5066073,5067781,1708,mRNA
14009,5068136,5068798,662,mRNA
14010,5068895,5070929,2034,mRNA
14011,5064233,5064310,77,mRNA
14012,5064453,5067781,3328,mRNA
14013,5068136,5068798,662,mRNA
14014,5068895,5070772,1877,mRNA
14015,5065544,5067781,2237,CDS
14016,5068136,5068798,662,CDS
14017,5068895,5069080,185,CDS
14018,5065544,5065913,369,CDS
14019,5066073,5067781,1708,CDS
14020,5068136,5068798,662,CDS
14021,5068895,5069080,185,CDS
14022,5071027,5084768,13741,gene
14023,5082417,5083025,608,mRNA
14024,5081486,5082239,753,mRNA
14025,5081181,5081257,76,mRNA
14026,5078118,5081115,2997,mRNA
14027,5071027,5078026,6999,mRNA
14028,5083001,5083025,24,mRNA
14029,5081486,5082239,753,mRNA
14030,5081181,5081257,76,mRNA
14031,5078118,5081115,2997,mRNA
14032,5074995,5078026,3031,mRNA
14033,5082891,5083025,134,mRNA
14034,5081486,5082239,753,mRNA
14035,5081181,5081257,76,mRNA
14036,5078121,5081115,2994,mRNA
14037,5074995,5078026,3031,mRNA
14038,5082882,5083025,143,mRNA
14039,5081486,5082239,753,mRNA
14040,5081181,5081257,76,mRNA
14041,5078118,5081115,2997,mRNA
14042,5074995,5078026,3031,mRNA
14043,5082522,5083025,503,mRNA
14044,5081486,5082239,753,mRNA
14045,5081181,5081257,76,mRNA
14046,5078118,5081115,2997,mRNA
14047,5074995,5078026,3031,mRNA
14048,5084573,5084768,195,mRNA
14049,5081486,5082239,753,mRNA
14050,5081181,5081257,76,mRNA
14051,5078118,5081115,2997,mRNA
14052,5076468,5078026,1558,mRNA
14053,5078121,5081073,2952,CDS
14054,5077137,5078026,889,CDS
14055,5078118,5081073,2955,CDS
14056,5077137,5078026,889,CDS
14057,5078118,5081073,2955,CDS
14058,5077137,5078026,889,CDS
14059,5078118,5081073,2955,CDS
14060,5077137,5078026,889,CDS
14061,5078118,5081073,2955,CDS
14062,5077137,5078026,889,CDS
14063,5078118,5081073,2955,CDS
14064,5077137,5078026,889,CDS
14065,5085759,5254864,169105,gene
14066,5085759,5254864,169105,gene
14067,5085759,5086201,442,mRNA
14068,5089342,5090145,803,mRNA
14069,5163901,5165498,1597,mRNA
14070,5174897,5176788,1891,mRNA
14071,5186903,5187429,526,mRNA
14072,5203311,5203415,104,mRNA
14073,5217431,5217557,126,mRNA
14074,5221241,5221437,196,mRNA
14075,5223919,5224040,121,mRNA
14076,5224141,5224267,126,mRNA
14077,5224356,5224475,119,mRNA
14078,5224687,5224833,146,mRNA
14079,5225237,5225828,591,mRNA
14080,5225914,5225999,85,mRNA
14081,5228327,5228467,140,mRNA
14082,5228876,5229015,139,mRNA
14083,5229191,5229404,213,mRNA
14084,5233442,5233664,222,mRNA
14085,5233772,5233914,142,mRNA
14086,5234024,5234214,190,mRNA
14087,5234319,5234509,190,mRNA
14088,5234699,5237436,2737,mRNA
14089,5237522,5237836,314,mRNA
14090,5237899,5238006,107,mRNA
14091,5238117,5238267,150,mRNA
14092,5243377,5243486,109,mRNA
14093,5246523,5249400,2877,mRNA
14094,5249470,5249643,173,mRNA
14095,5249749,5250012,263,mRNA
14096,5250078,5250274,196,mRNA
14097,5250423,5250574,151,mRNA
14098,5250729,5254864,4135,mRNA
14099,5085759,5086201,442,mRNA
14100,5089342,5090145,803,mRNA
14101,5163901,5165498,1597,mRNA
14102,5174897,5176788,1891,mRNA
14103,5186903,5187429,526,mRNA
14104,5203311,5203415,104,mRNA
14105,5217431,5217557,126,mRNA
14106,5221241,5221437,196,mRNA
14107,5223919,5224040,121,mRNA
14108,5224141,5224267,126,mRNA
14109,5224356,5224475,119,mRNA
14110,5224687,5224833,146,mRNA
14111,5225237,5225828,591,mRNA
14112,5225914,5225999,85,mRNA
14113,5228327,5228467,140,mRNA
14114,5228876,5229015,139,mRNA
14115,5229191,5229404,213,mRNA
14116,5233442,5233664,222,mRNA
14117,5233772,5233914,142,mRNA
14118,5234024,5234214,190,mRNA
14119,5234319,5234509,190,mRNA
14120,5234699,5237436,2737,mRNA
14121,5237522,5237836,314,mRNA
14122,5237899,5238006,107,mRNA
14123,5238117,5238267,150,mRNA
14124,5243377,5243486,109,mRNA
14125,5246523,5249400,2877,mRNA
14126,5249470,5249643,173,mRNA
14127,5249749,5250012,263,mRNA
14128,5250078,5250274,196,mRNA
14129,5250423,5250574,151,mRNA
14130,5250729,5254864,4135,mRNA
14131,5085759,5086201,442,mRNA
14132,5089342,5090145,803,mRNA
14133,5203311,5203415,104,mRNA
14134,5217431,5217557,126,mRNA
14135,5221241,5221437,196,mRNA
14136,5223919,5224040,121,mRNA
14137,5224141,5224267,126,mRNA
14138,5224356,5224475,119,mRNA
14139,5224687,5224833,146,mRNA
14140,5225237,5225828,591,mRNA
14141,5225914,5225999,85,mRNA
14142,5228327,5228467,140,mRNA
14143,5228876,5229015,139,mRNA
14144,5229191,5229404,213,mRNA
14145,5233412,5233664,252,mRNA
14146,5233772,5233914,142,mRNA
14147,5234024,5234214,190,mRNA
14148,5234319,5234509,190,mRNA
14149,5234699,5237436,2737,mRNA
14150,5237522,5237836,314,mRNA
14151,5237899,5238006,107,mRNA
14152,5238117,5238267,150,mRNA
14153,5239426,5240382,956,mRNA
14154,5243377,5243486,109,mRNA
14155,5243883,5244050,167,mRNA
14156,5246523,5249400,2877,mRNA
14157,5249470,5249643,173,mRNA
14158,5249749,5250012,263,mRNA
14159,5250078,5250274,196,mRNA
14160,5250423,5250574,151,mRNA
14161,5250729,5254864,4135,mRNA
14162,5085759,5086201,442,mRNA
14163,5089342,5090145,803,mRNA
14164,5203311,5203415,104,mRNA
14165,5217431,5217557,126,mRNA
14166,5221241,5221437,196,mRNA
14167,5223919,5224040,121,mRNA
14168,5224141,5224267,126,mRNA
14169,5224356,5224475,119,mRNA
14170,5224687,5224833,146,mRNA
14171,5225237,5225828,591,mRNA
14172,5225914,5225999,85,mRNA
14173,5228327,5228467,140,mRNA
14174,5228876,5229015,139,mRNA
14175,5229191,5229404,213,mRNA
14176,5233412,5233664,252,mRNA
14177,5233772,5233914,142,mRNA
14178,5234024,5234214,190,mRNA
14179,5234319,5234509,190,mRNA
14180,5234699,5237436,2737,mRNA
14181,5237522,5237836,314,mRNA
14182,5237899,5238006,107,mRNA
14183,5238117,5238267,150,mRNA
14184,5243377,5243486,109,mRNA
14185,5243883,5244050,167,mRNA
14186,5246523,5249400,2877,mRNA
14187,5249470,5249643,173,mRNA
14188,5249749,5250012,263,mRNA
14189,5250078,5250274,196,mRNA
14190,5250423,5250574,151,mRNA
14191,5250729,5254864,4135,mRNA
14192,5085759,5086201,442,mRNA
14193,5089342,5090145,803,mRNA
14194,5203311,5203415,104,mRNA
14195,5217431,5217557,126,mRNA
14196,5221241,5221437,196,mRNA
14197,5223919,5224040,121,mRNA
14198,5224141,5224267,126,mRNA
14199,5224356,5224475,119,mRNA
14200,5224687,5224833,146,mRNA
14201,5225237,5225293,56,mRNA
14202,5228327,5228467,140,mRNA
14203,5228876,5229015,139,mRNA
14204,5229191,5229404,213,mRNA
14205,5233412,5233664,252,mRNA
14206,5233772,5233914,142,mRNA
14207,5234024,5234214,190,mRNA
14208,5234319,5234509,190,mRNA
14209,5234699,5237436,2737,mRNA
14210,5237522,5237836,314,mRNA
14211,5237899,5238006,107,mRNA
14212,5238117,5238267,150,mRNA
14213,5243377,5243486,109,mRNA
14214,5246523,5249400,2877,mRNA
14215,5249470,5249643,173,mRNA
14216,5249749,5250012,263,mRNA
14217,5250078,5250274,196,mRNA
14218,5250423,5250574,151,mRNA
14219,5250729,5254864,4135,mRNA
14220,5085759,5085889,130,mRNA
14221,5089342,5090145,803,mRNA
14222,5203311,5203415,104,mRNA
14223,5217431,5217557,126,mRNA
14224,5221241,5221437,196,mRNA
14225,5223919,5224040,121,mRNA
14226,5224141,5224267,126,mRNA
14227,5224356,5224475,119,mRNA
14228,5224687,5224833,146,mRNA
14229,5225237,5225828,591,mRNA
14230,5225914,5225999,85,mRNA
14231,5228327,5228467,140,mRNA
14232,5228876,5229015,139,mRNA
14233,5229191,5229404,213,mRNA
14234,5233442,5233664,222,mRNA
14235,5233772,5233914,142,mRNA
14236,5234024,5234214,190,mRNA
14237,5234319,5234509,190,mRNA
14238,5234699,5237436,2737,mRNA
14239,5237522,5237836,314,mRNA
14240,5237899,5238006,107,mRNA
14241,5238117,5238267,150,mRNA
14242,5239426,5240382,956,mRNA
14243,5243377,5243486,109,mRNA
14244,5246523,5249400,2877,mRNA
14245,5249470,5249643,173,mRNA
14246,5249749,5250012,263,mRNA
14247,5250078,5250274,196,mRNA
14248,5250423,5250574,151,mRNA
14249,5250729,5254864,4135,mRNA
14250,5085759,5086201,442,mRNA
14251,5089342,5090145,803,mRNA
14252,5203311,5203415,104,mRNA
14253,5217431,5217557,126,mRNA
14254,5221241,5221437,196,mRNA
14255,5223919,5224040,121,mRNA
14256,5224141,5224267,126,mRNA
14257,5224356,5224475,119,mRNA
14258,5224687,5224833,146,mRNA
14259,5225237,5225828,591,mRNA
14260,5225914,5225999,85,mRNA
14261,5228327,5228467,140,mRNA
14262,5228876,5229015,139,mRNA
14263,5229191,5229404,213,mRNA
14264,5233442,5233664,222,mRNA
14265,5233772,5233914,142,mRNA
14266,5234024,5234214,190,mRNA
14267,5234319,5234509,190,mRNA
14268,5234699,5237436,2737,mRNA
14269,5237522,5237836,314,mRNA
14270,5237899,5238006,107,mRNA
14271,5238117,5238267,150,mRNA
14272,5243377,5243486,109,mRNA
14273,5246523,5249400,2877,mRNA
14274,5249470,5249643,173,mRNA
14275,5249749,5250012,263,mRNA
14276,5250078,5250274,196,mRNA
14277,5250423,5250574,151,mRNA
14278,5250729,5250952,223,mRNA
14279,5089987,5090145,158,CDS
14280,5203311,5203415,104,CDS
14281,5217431,5217557,126,CDS
14282,5221241,5221437,196,CDS
14283,5223919,5224040,121,CDS
14284,5224141,5224267,126,CDS
14285,5224356,5224475,119,CDS
14286,5224687,5224833,146,CDS
14287,5225237,5225828,591,CDS
14288,5225914,5225999,85,CDS
14289,5228327,5228467,140,CDS
14290,5228876,5229015,139,CDS
14291,5229191,5229404,213,CDS
14292,5233412,5233664,252,CDS
14293,5233772,5233914,142,CDS
14294,5234024,5234214,190,CDS
14295,5234319,5234509,190,CDS
14296,5234699,5237436,2737,CDS
14297,5237522,5237836,314,CDS
14298,5237899,5238006,107,CDS
14299,5238117,5238267,150,CDS
14300,5239426,5240382,956,CDS
14301,5243377,5243486,109,CDS
14302,5243883,5244050,167,CDS
14303,5246523,5249400,2877,CDS
14304,5249470,5249643,173,CDS
14305,5249749,5250012,263,CDS
14306,5250078,5250274,196,CDS
14307,5250423,5250574,151,CDS
14308,5250729,5250819,90,CDS
14309,5089987,5090145,158,CDS
14310,5203311,5203415,104,CDS
14311,5217431,5217557,126,CDS
14312,5221241,5221437,196,CDS
14313,5223919,5224040,121,CDS
14314,5224141,5224267,126,CDS
14315,5224356,5224475,119,CDS
14316,5224687,5224833,146,CDS
14317,5225237,5225828,591,CDS
14318,5225914,5225999,85,CDS
14319,5228327,5228467,140,CDS
14320,5228876,5229015,139,CDS
14321,5229191,5229404,213,CDS
14322,5233412,5233664,252,CDS
14323,5233772,5233914,142,CDS
14324,5234024,5234214,190,CDS
14325,5234319,5234509,190,CDS
14326,5234699,5237436,2737,CDS
14327,5237522,5237836,314,CDS
14328,5237899,5238006,107,CDS
14329,5238117,5238267,150,CDS
14330,5243377,5243486,109,CDS
14331,5243883,5244050,167,CDS
14332,5246523,5249400,2877,CDS
14333,5249470,5249643,173,CDS
14334,5249749,5250012,263,CDS
14335,5250078,5250274,196,CDS
14336,5250423,5250574,151,CDS
14337,5250729,5250819,90,CDS
14338,5089987,5090145,158,CDS
14339,5203311,5203415,104,CDS
14340,5217431,5217557,126,CDS
14341,5221241,5221437,196,CDS
14342,5223919,5224040,121,CDS
14343,5224141,5224267,126,CDS
14344,5224356,5224475,119,CDS
14345,5224687,5224833,146,CDS
14346,5225237,5225828,591,CDS
14347,5225914,5225999,85,CDS
14348,5228327,5228467,140,CDS
14349,5228876,5229015,139,CDS
14350,5229191,5229404,213,CDS
14351,5233442,5233664,222,CDS
14352,5233772,5233914,142,CDS
14353,5234024,5234214,190,CDS
14354,5234319,5234509,190,CDS
14355,5234699,5237436,2737,CDS
14356,5237522,5237836,314,CDS
14357,5237899,5238006,107,CDS
14358,5238117,5238267,150,CDS
14359,5239426,5240382,956,CDS
14360,5243377,5243486,109,CDS
14361,5246523,5249400,2877,CDS
14362,5249470,5249643,173,CDS
14363,5249749,5250012,263,CDS
14364,5250078,5250274,196,CDS
14365,5250423,5250574,151,CDS
14366,5250729,5250819,90,CDS
14367,5089987,5090145,158,CDS
14368,5203311,5203415,104,CDS
14369,5217431,5217557,126,CDS
14370,5221241,5221437,196,CDS
14371,5223919,5224040,121,CDS
14372,5224141,5224267,126,CDS
14373,5224356,5224475,119,CDS
14374,5224687,5224833,146,CDS
14375,5225237,5225828,591,CDS
14376,5225914,5225999,85,CDS
14377,5228327,5228467,140,CDS
14378,5228876,5229015,139,CDS
14379,5229191,5229404,213,CDS
14380,5233442,5233664,222,CDS
14381,5233772,5233914,142,CDS
14382,5234024,5234214,190,CDS
14383,5234319,5234509,190,CDS
14384,5234699,5237436,2737,CDS
14385,5237522,5237836,314,CDS
14386,5237899,5238006,107,CDS
14387,5238117,5238267,150,CDS
14388,5243377,5243486,109,CDS
14389,5246523,5249400,2877,CDS
14390,5249470,5249643,173,CDS
14391,5249749,5250012,263,CDS
14392,5250078,5250274,196,CDS
14393,5250423,5250574,151,CDS
14394,5250729,5250819,90,CDS
14395,5089987,5090145,158,CDS
14396,5203311,5203415,104,CDS
14397,5217431,5217557,126,CDS
14398,5221241,5221437,196,CDS
14399,5223919,5224040,121,CDS
14400,5224141,5224267,126,CDS
14401,5224356,5224475,119,CDS
14402,5224687,5224833,146,CDS
14403,5225237,5225293,56,CDS
14404,5228327,5228467,140,CDS
14405,5228876,5229015,139,CDS
14406,5229191,5229404,213,CDS
14407,5233412,5233664,252,CDS
14408,5233772,5233914,142,CDS
14409,5234024,5234214,190,CDS
14410,5234319,5234509,190,CDS
14411,5234699,5237436,2737,CDS
14412,5237522,5237836,314,CDS
14413,5237899,5238006,107,CDS
14414,5238117,5238267,150,CDS
14415,5243377,5243486,109,CDS
14416,5246523,5249400,2877,CDS
14417,5249470,5249643,173,CDS
14418,5249749,5250012,263,CDS
14419,5250078,5250274,196,CDS
14420,5250423,5250574,151,CDS
14421,5250729,5250819,90,CDS
14422,5096328,5103837,7509,mobile_element
14423,5131898,5132985,1087,gene
14424,5131898,5132985,1087,mRNA
14425,5131958,5132932,974,CDS
14426,5165310,5165498,188,mRNA
14427,5174897,5176788,1891,mRNA
14428,5186903,5187429,526,mRNA
14429,5203311,5203415,104,mRNA
14430,5217431,5217557,126,mRNA
14431,5221241,5221437,196,mRNA
14432,5223919,5224040,121,mRNA
14433,5224141,5224267,126,mRNA
14434,5224356,5224475,119,mRNA
14435,5224687,5224833,146,mRNA
14436,5225237,5225293,56,mRNA
14437,5228327,5228467,140,mRNA
14438,5228876,5229015,139,mRNA
14439,5229191,5229404,213,mRNA
14440,5233442,5233664,222,mRNA
14441,5233772,5233914,142,mRNA
14442,5234024,5234214,190,mRNA
14443,5234319,5234509,190,mRNA
14444,5234699,5237436,2737,mRNA
14445,5237522,5237836,314,mRNA
14446,5237899,5238006,107,mRNA
14447,5238117,5238267,150,mRNA
14448,5243377,5243486,109,mRNA
14449,5246523,5249400,2877,mRNA
14450,5249470,5249643,173,mRNA
14451,5249749,5250012,263,mRNA
14452,5250078,5250274,196,mRNA
14453,5250423,5250574,151,mRNA
14454,5250729,5254864,4135,mRNA
14455,5165310,5165498,188,mRNA
14456,5174897,5176788,1891,mRNA
14457,5186903,5187429,526,mRNA
14458,5203311,5203415,104,mRNA
14459,5217431,5217557,126,mRNA
14460,5221241,5221437,196,mRNA
14461,5223919,5224040,121,mRNA
14462,5224141,5224267,126,mRNA
14463,5224356,5224475,119,mRNA
14464,5224687,5224833,146,mRNA
14465,5225237,5225293,56,mRNA
14466,5228327,5228467,140,mRNA
14467,5228876,5229015,139,mRNA
14468,5229191,5229404,213,mRNA
14469,5233442,5233664,222,mRNA
14470,5233772,5233914,142,mRNA
14471,5234024,5234214,190,mRNA
14472,5234319,5234509,190,mRNA
14473,5234699,5237436,2737,mRNA
14474,5237522,5237836,314,mRNA
14475,5237899,5238006,107,mRNA
14476,5238117,5238267,150,mRNA
14477,5243377,5243486,109,mRNA
14478,5246523,5249400,2877,mRNA
14479,5249470,5249643,173,mRNA
14480,5249749,5250012,263,mRNA
14481,5250078,5250274,196,mRNA
14482,5250423,5250574,151,mRNA
14483,5250729,5254864,4135,mRNA
14484,5175240,5176508,1268,CDS
14485,5175240,5176508,1268,CDS
14486,5180182,5182369,2187,gene
14487,5181584,5182369,785,mRNA
14488,5180182,5181519,1337,mRNA
14489,5181584,5182180,596,CDS
14490,5180371,5181519,1148,CDS
14491,5187133,5187429,296,CDS
14492,5203311,5203415,104,CDS
14493,5217431,5217557,126,CDS
14494,5221241,5221437,196,CDS
14495,5223919,5224040,121,CDS
14496,5224141,5224267,126,CDS
14497,5224356,5224475,119,CDS
14498,5224687,5224833,146,CDS
14499,5225237,5225828,591,CDS
14500,5225914,5225999,85,CDS
14501,5228327,5228467,140,CDS
14502,5228876,5229015,139,CDS
14503,5229191,5229404,213,CDS
14504,5233442,5233664,222,CDS
14505,5233772,5233914,142,CDS
14506,5234024,5234214,190,CDS
14507,5234319,5234509,190,CDS
14508,5234699,5237436,2737,CDS
14509,5237522,5237836,314,CDS
14510,5237899,5238006,107,CDS
14511,5238117,5238267,150,CDS
14512,5243377,5243486,109,CDS
14513,5246523,5249400,2877,CDS
14514,5249470,5249643,173,CDS
14515,5249749,5250012,263,CDS
14516,5250078,5250274,196,CDS
14517,5250423,5250574,151,CDS
14518,5250729,5250819,90,CDS
14519,5187133,5187429,296,CDS
14520,5203311,5203415,104,CDS
14521,5217431,5217557,126,CDS
14522,5221241,5221437,196,CDS
14523,5223919,5224040,121,CDS
14524,5224141,5224267,126,CDS
14525,5224356,5224475,119,CDS
14526,5224687,5224833,146,CDS
14527,5225237,5225293,56,CDS
14528,5228327,5228467,140,CDS
14529,5228876,5229015,139,CDS
14530,5229191,5229404,213,CDS
14531,5233442,5233664,222,CDS
14532,5233772,5233914,142,CDS
14533,5234024,5234214,190,CDS
14534,5234319,5234509,190,CDS
14535,5234699,5237436,2737,CDS
14536,5237522,5237836,314,CDS
14537,5237899,5238006,107,CDS
14538,5238117,5238267,150,CDS
14539,5243377,5243486,109,CDS
14540,5246523,5249400,2877,CDS
14541,5249470,5249643,173,CDS
14542,5249749,5250012,263,CDS
14543,5250078,5250274,196,CDS
14544,5250423,5250574,151,CDS
14545,5250729,5250819,90,CDS
14546,5188171,5188797,626,gene
14547,5188171,5188797,626,ncRNA
14548,5256545,5256605,60,mobile_element
14549,5296066,5306288,10222,gene
14550,5296066,5296394,328,mRNA
14551,5301321,5301404,83,mRNA
14552,5301465,5302059,594,mRNA
14553,5302121,5302271,150,mRNA
14554,5305879,5305995,116,mRNA
14555,5306077,5306288,211,mRNA
14556,5296066,5296242,176,mRNA
14557,5296319,5296394,75,mRNA
14558,5301321,5301404,83,mRNA
14559,5301465,5302059,594,mRNA
14560,5302121,5302271,150,mRNA
14561,5305879,5305995,116,mRNA
14562,5306077,5306288,211,mRNA
14563,5296066,5296242,176,mRNA
14564,5296319,5296394,75,mRNA
14565,5301321,5301404,83,mRNA
14566,5301465,5302059,594,mRNA
14567,5302121,5302271,150,mRNA
14568,5302571,5302894,323,mRNA
14569,5301348,5301404,56,CDS
14570,5301465,5302059,594,CDS
14571,5302121,5302271,150,CDS
14572,5305879,5305995,116,CDS
14573,5306077,5306194,117,CDS
14574,5301348,5301404,56,CDS
14575,5301465,5302059,594,CDS
14576,5302121,5302271,150,CDS
14577,5305879,5305995,116,CDS
14578,5306077,5306194,117,CDS
14579,5301348,5301404,56,CDS
14580,5301465,5302059,594,CDS
14581,5302121,5302271,150,CDS
14582,5302571,5302625,54,CDS
14583,5302988,5305691,2703,gene
14584,5305331,5305691,360,mRNA
14585,5302988,5305254,2266,mRNA
14586,5305331,5305544,213,CDS
14587,5303219,5305254,2035,CDS
14588,5306261,5307417,1156,gene
14589,5306261,5307417,1156,mRNA
14590,5306394,5307212,818,CDS
14591,5307465,5308983,1518,gene
14592,5308829,5308983,154,mRNA
14593,5307465,5308757,1292,mRNA
14594,5308829,5308894,65,CDS
14595,5307762,5308757,995,CDS
14596,5309242,5310501,1259,gene
14597,5309242,5309706,464,mRNA
14598,5310132,5310501,369,mRNA
14599,5309354,5309706,352,CDS
14600,5310132,5310429,297,CDS
14601,5310581,5311888,1307,gene
14602,5311853,5311888,35,mRNA
14603,5311198,5311719,521,mRNA
14604,5310581,5311126,545,mRNA
14605,5311853,5311888,35,mRNA
14606,5311194,5311719,525,mRNA
14607,5310581,5311126,545,mRNA
14608,5311238,5311711,473,CDS
14609,5311238,5311711,473,CDS
14610,5312171,5313125,954,gene
14611,5312171,5313122,951,mRNA
14612,5312354,5313125,771,mRNA
14613,5312460,5312783,323,CDS
14614,5312460,5312783,323,CDS
14615,5313258,5315190,1932,gene
14616,5313258,5314145,887,mRNA
14617,5314212,5315190,978,mRNA
14618,5313258,5314145,887,mRNA
14619,5314215,5315190,975,mRNA
14620,5313433,5314145,712,CDS
14621,5314212,5314932,720,CDS
14622,5313433,5314145,712,CDS
14623,5314215,5314932,717,CDS
14624,5315130,5317295,2165,gene
14625,5317100,5317295,195,mRNA
14626,5316872,5317036,164,mRNA
14627,5316276,5316806,530,mRNA
14628,5316101,5316186,85,mRNA
14629,5315130,5316034,904,mRNA
14630,5317100,5317282,182,CDS
14631,5316872,5317036,164,CDS
14632,5316276,5316806,530,CDS
14633,5316101,5316186,85,CDS
14634,5315458,5316034,576,CDS
14635,5317409,5319071,1662,gene
14636,5317409,5319071,1662,mRNA
14637,5317504,5318790,1286,CDS
14638,5318928,5322696,3768,gene
14639,5322631,5322696,65,mRNA
14640,5322390,5322453,63,mRNA
14641,5321819,5322327,508,mRNA
14642,5321562,5321737,175,mRNA
14643,5320559,5321503,944,mRNA
14644,5319998,5320504,506,mRNA
14645,5319813,5319933,120,mRNA
14646,5319654,5319756,102,mRNA
14647,5318928,5319582,654,mRNA
14648,5322631,5322696,65,mRNA
14649,5322390,5322549,159,mRNA
14650,5321819,5322327,508,mRNA
14651,5321562,5321737,175,mRNA
14652,5320559,5321503,944,mRNA
14653,5319998,5320504,506,mRNA
14654,5319813,5319933,120,mRNA
14655,5319654,5319756,102,mRNA
14656,5318928,5319582,654,mRNA
14657,5322390,5322696,306,mRNA
14658,5321819,5322327,508,mRNA
14659,5321562,5321737,175,mRNA
14660,5320559,5321503,944,mRNA
14661,5319998,5320504,506,mRNA
14662,5319813,5319933,120,mRNA
14663,5319654,5319756,102,mRNA
14664,5318928,5319582,654,mRNA
14665,5322390,5322489,99,mRNA
14666,5321819,5322327,508,mRNA
14667,5321562,5321737,175,mRNA
14668,5320559,5321503,944,mRNA
14669,5319998,5320504,506,mRNA
14670,5319813,5319933,120,mRNA
14671,5319654,5319756,102,mRNA
14672,5318928,5319582,654,mRNA
14673,5322390,5322407,17,CDS
14674,5321819,5322327,508,CDS
14675,5321562,5321737,175,CDS
14676,5320559,5321503,944,CDS
14677,5319998,5320504,506,CDS
14678,5319813,5319933,120,CDS
14679,5319654,5319756,102,CDS
14680,5319136,5319582,446,CDS
14681,5322390,5322407,17,CDS
14682,5321819,5322327,508,CDS
14683,5321562,5321737,175,CDS
14684,5320559,5321503,944,CDS
14685,5319998,5320504,506,CDS
14686,5319813,5319933,120,CDS
14687,5319654,5319756,102,CDS
14688,5319136,5319582,446,CDS
14689,5322390,5322407,17,CDS
14690,5321819,5322327,508,CDS
14691,5321562,5321737,175,CDS
14692,5320559,5321503,944,CDS
14693,5319998,5320504,506,CDS
14694,5319813,5319933,120,CDS
14695,5319654,5319756,102,CDS
14696,5319136,5319582,446,CDS
14697,5322390,5322407,17,CDS
14698,5321819,5322327,508,CDS
14699,5321562,5321737,175,CDS
14700,5320559,5321503,944,CDS
14701,5319998,5320504,506,CDS
14702,5319813,5319933,120,CDS
14703,5319654,5319756,102,CDS
14704,5319136,5319582,446,CDS
14705,5323855,5326738,2883,gene
14706,5323855,5325355,1500,mRNA
14707,5325419,5325652,233,mRNA
14708,5325727,5326738,1011,mRNA
14709,5323855,5325355,1500,mRNA
14710,5325419,5325652,233,mRNA
14711,5325730,5326738,1008,mRNA
14712,5323997,5325355,1358,CDS
14713,5325419,5325652,233,CDS
14714,5325727,5326593,866,CDS
14715,5323997,5325355,1358,CDS
14716,5325419,5325652,233,CDS
14717,5325730,5326593,863,CDS
14718,5326675,5329347,2672,gene
14719,5328169,5329347,1178,mRNA
14720,5326675,5328106,1431,mRNA
14721,5328169,5329347,1178,mRNA
14722,5326675,5328109,1434,mRNA
14723,5328169,5329269,1100,CDS
14724,5327306,5328106,800,CDS
14725,5328169,5329269,1100,CDS
14726,5327306,5328109,803,CDS
14727,5329876,5332435,2559,gene
14728,5329876,5330152,276,mRNA
14729,5330214,5331470,1256,mRNA
14730,5331531,5331619,88,mRNA
14731,5331682,5332010,328,mRNA
14732,5332069,5332435,366,mRNA
14733,5330102,5330152,50,CDS
14734,5330214,5331470,1256,CDS
14735,5331531,5331619,88,CDS
14736,5331682,5332010,328,CDS
14737,5332069,5332187,118,CDS
14738,5332499,5334449,1950,gene
14739,5332499,5332518,19,mRNA
14740,5333053,5333100,47,mRNA
14741,5333370,5334449,1079,mRNA
14742,5332742,5332827,85,mRNA
14743,5333053,5333100,47,mRNA
14744,5333370,5334449,1079,mRNA
14745,5333405,5333917,512,CDS
14746,5333405,5333917,512,CDS
14747,5338782,5339954,1172,mobile_element
14748,5340236,5405138,64902,gene
14749,5340236,5340321,85,mRNA
14750,5341181,5341697,516,mRNA
14751,5351829,5353004,1175,mRNA
14752,5376048,5376193,145,mRNA
14753,5378302,5378521,219,mRNA
14754,5378630,5378725,95,mRNA
14755,5383063,5383379,316,mRNA
14756,5383542,5383646,104,mRNA
14757,5394053,5394188,135,mRNA
14758,5396184,5396294,110,mRNA
14759,5396473,5396600,127,mRNA
14760,5398065,5398134,69,mRNA
14761,5398404,5398505,101,mRNA
14762,5398590,5398762,172,mRNA
14763,5399694,5405138,5444,mRNA
14764,5340236,5340321,85,mRNA
14765,5341181,5341697,516,mRNA
14766,5351829,5353004,1175,mRNA
14767,5376048,5376184,136,mRNA
14768,5378302,5378521,219,mRNA
14769,5378630,5378731,101,mRNA
14770,5383063,5383379,316,mRNA
14771,5383542,5383646,104,mRNA
14772,5394053,5394188,135,mRNA
14773,5396184,5396294,110,mRNA
14774,5396473,5396600,127,mRNA
14775,5398065,5398134,69,mRNA
14776,5398404,5398505,101,mRNA
14777,5398590,5398762,172,mRNA
14778,5403340,5405138,1798,mRNA
14779,5340236,5340321,85,mRNA
14780,5341181,5341697,516,mRNA
14781,5351829,5353004,1175,mRNA
14782,5376048,5376184,136,mRNA
14783,5378302,5378521,219,mRNA
14784,5378630,5378731,101,mRNA
14785,5383063,5383379,316,mRNA
14786,5383542,5383646,104,mRNA
14787,5394053,5394188,135,mRNA
14788,5396184,5396294,110,mRNA
14789,5396473,5396600,127,mRNA
14790,5398065,5398134,69,mRNA
14791,5398404,5398505,101,mRNA
14792,5398590,5398762,172,mRNA
14793,5399535,5404204,4669,mRNA
14794,5340236,5340321,85,mRNA
14795,5341181,5341697,516,mRNA
14796,5351829,5353004,1175,mRNA
14797,5376048,5376184,136,mRNA
14798,5378302,5378521,219,mRNA
14799,5378630,5378731,101,mRNA
14800,5383063,5383379,316,mRNA
14801,5383542,5383646,104,mRNA
14802,5394053,5394188,135,mRNA
14803,5396184,5396294,110,mRNA
14804,5396473,5396600,127,mRNA
14805,5398065,5398134,69,mRNA
14806,5398404,5398505,101,mRNA
14807,5398590,5398762,172,mRNA
14808,5399535,5404204,4669,mRNA
14809,5340236,5340321,85,mRNA
14810,5341181,5341697,516,mRNA
14811,5351829,5353004,1175,mRNA
14812,5355947,5356048,101,mRNA
14813,5376048,5376184,136,mRNA
14814,5378302,5378521,219,mRNA
14815,5378630,5378731,101,mRNA
14816,5383063,5383379,316,mRNA
14817,5383542,5383646,104,mRNA
14818,5394053,5394188,135,mRNA
14819,5396184,5396294,110,mRNA
14820,5396473,5396600,127,mRNA
14821,5398065,5398134,69,mRNA
14822,5398404,5398505,101,mRNA
14823,5398590,5398762,172,mRNA
14824,5399660,5401123,1463,mRNA
14825,5340236,5340321,85,mRNA
14826,5341181,5341697,516,mRNA
14827,5351829,5353004,1175,mRNA
14828,5376048,5376193,145,mRNA
14829,5378302,5378521,219,mRNA
14830,5378630,5378725,95,mRNA
14831,5383063,5383379,316,mRNA
14832,5383542,5383646,104,mRNA
14833,5388242,5388377,135,mRNA
14834,5396184,5396294,110,mRNA
14835,5396473,5396600,127,mRNA
14836,5398065,5398134,69,mRNA
14837,5398404,5398505,101,mRNA
14838,5398590,5398762,172,mRNA
14839,5399694,5401123,1429,mRNA
14840,5340236,5340321,85,mRNA
14841,5341181,5341697,516,mRNA
14842,5351829,5353004,1175,mRNA
14843,5376048,5376193,145,mRNA
14844,5378302,5378521,219,mRNA
14845,5378630,5378725,95,mRNA
14846,5383063,5383379,316,mRNA
14847,5383542,5383646,104,mRNA
14848,5388242,5388377,135,mRNA
14849,5396184,5396294,110,mRNA
14850,5396473,5396600,127,mRNA
14851,5398065,5398134,69,mRNA
14852,5398404,5398505,101,mRNA
14853,5398590,5398762,172,mRNA
14854,5399694,5401123,1429,mRNA
14855,5340236,5340321,85,mRNA
14856,5341181,5341697,516,mRNA
14857,5351829,5353004,1175,mRNA
14858,5376048,5376193,145,mRNA
14859,5378302,5378521,219,mRNA
14860,5378630,5378725,95,mRNA
14861,5383063,5383379,316,mRNA
14862,5383542,5383646,104,mRNA
14863,5388242,5388377,135,mRNA
14864,5396184,5396294,110,mRNA
14865,5396473,5397118,645,mRNA
14866,5351829,5353004,1175,CDS
14867,5376048,5376184,136,CDS
14868,5378302,5378521,219,CDS
14869,5378630,5378731,101,CDS
14870,5383063,5383379,316,CDS
14871,5383542,5383646,104,CDS
14872,5394053,5394188,135,CDS
14873,5396184,5396294,110,CDS
14874,5396473,5396600,127,CDS
14875,5398065,5398134,69,CDS
14876,5398404,5398505,101,CDS
14877,5398590,5398762,172,CDS
14878,5403340,5403349,9,CDS
14879,5351829,5353004,1175,CDS
14880,5376048,5376193,145,CDS
14881,5378302,5378521,219,CDS
14882,5378630,5378725,95,CDS
14883,5383063,5383379,316,CDS
14884,5383542,5383646,104,CDS
14885,5388242,5388377,135,CDS
14886,5396184,5396294,110,CDS
14887,5396473,5396600,127,CDS
14888,5398065,5398134,69,CDS
14889,5398404,5398505,101,CDS
14890,5398590,5398762,172,CDS
14891,5399694,5400282,588,CDS
14892,5351829,5353004,1175,CDS
14893,5376048,5376184,136,CDS
14894,5378302,5378521,219,CDS
14895,5378630,5378731,101,CDS
14896,5383063,5383379,316,CDS
14897,5383542,5383646,104,CDS
14898,5394053,5394188,135,CDS
14899,5396184,5396294,110,CDS
14900,5396473,5396600,127,CDS
14901,5398065,5398134,69,CDS
14902,5398404,5398505,101,CDS
14903,5398590,5398762,172,CDS
14904,5399535,5400282,747,CDS
14905,5351829,5353004,1175,CDS
14906,5376048,5376193,145,CDS
14907,5378302,5378521,219,CDS
14908,5378630,5378725,95,CDS
14909,5383063,5383379,316,CDS
14910,5383542,5383646,104,CDS
14911,5388242,5388377,135,CDS
14912,5396184,5396294,110,CDS
14913,5396473,5396600,127,CDS
14914,5398065,5398134,69,CDS
14915,5398404,5398505,101,CDS
14916,5398590,5398762,172,CDS
14917,5399694,5399697,3,CDS
14918,5351829,5353004,1175,CDS
14919,5376048,5376193,145,CDS
14920,5378302,5378521,219,CDS
14921,5378630,5378725,95,CDS
14922,5383063,5383379,316,CDS
14923,5383542,5383646,104,CDS
14924,5394053,5394188,135,CDS
14925,5396184,5396294,110,CDS
14926,5396473,5396600,127,CDS
14927,5398065,5398134,69,CDS
14928,5398404,5398505,101,CDS
14929,5398590,5398762,172,CDS
14930,5399694,5399697,3,CDS
14931,5351829,5353004,1175,CDS
14932,5376048,5376184,136,CDS
14933,5378302,5378521,219,CDS
14934,5378630,5378731,101,CDS
14935,5383063,5383379,316,CDS
14936,5383542,5383646,104,CDS
14937,5394053,5394188,135,CDS
14938,5396184,5396294,110,CDS
14939,5396473,5396600,127,CDS
14940,5398065,5398134,69,CDS
14941,5398404,5398505,101,CDS
14942,5398590,5398762,172,CDS
14943,5399535,5399697,162,CDS
14944,5351829,5353004,1175,CDS
14945,5355947,5356048,101,CDS
14946,5376048,5376184,136,CDS
14947,5378302,5378521,219,CDS
14948,5378630,5378731,101,CDS
14949,5383063,5383379,316,CDS
14950,5383542,5383646,104,CDS
14951,5394053,5394188,135,CDS
14952,5396184,5396294,110,CDS
14953,5396473,5396600,127,CDS
14954,5398065,5398134,69,CDS
14955,5398404,5398505,101,CDS
14956,5398590,5398762,172,CDS
14957,5399660,5399663,3,CDS
14958,5351829,5353004,1175,CDS
14959,5376048,5376193,145,CDS
14960,5378302,5378521,219,CDS
14961,5378630,5378725,95,CDS
14962,5383063,5383379,316,CDS
14963,5383542,5383646,104,CDS
14964,5388242,5388377,135,CDS
14965,5396184,5396294,110,CDS
14966,5396473,5396604,131,CDS
14967,5358272,5358721,449,mRNA
14968,5376048,5376193,145,mRNA
14969,5378302,5378521,219,mRNA
14970,5378630,5378725,95,mRNA
14971,5383063,5383379,316,mRNA
14972,5383542,5383646,104,mRNA
14973,5388242,5388377,135,mRNA
14974,5396184,5396294,110,mRNA
14975,5396473,5396600,127,mRNA
14976,5398065,5398134,69,mRNA
14977,5398404,5398505,101,mRNA
14978,5398590,5398762,172,mRNA
14979,5399694,5401123,1429,mRNA
14980,5358272,5358721,449,CDS
14981,5376048,5376193,145,CDS
14982,5378302,5378521,219,CDS
14983,5378630,5378725,95,CDS
14984,5383063,5383379,316,CDS
14985,5383542,5383646,104,CDS
14986,5388242,5388377,135,CDS
14987,5396184,5396294,110,CDS
14988,5396473,5396600,127,CDS
14989,5398065,5398134,69,CDS
14990,5398404,5398505,101,CDS
14991,5398590,5398762,172,CDS
14992,5399694,5399697,3,CDS
14993,5365225,5365913,688,mRNA
14994,5376048,5376193,145,mRNA
14995,5378302,5378521,219,mRNA
14996,5378630,5378731,101,mRNA
14997,5383063,5383379,316,mRNA
14998,5383542,5383646,104,mRNA
14999,5394053,5394188,135,mRNA
15000,5396184,5396294,110,mRNA
15001,5396473,5396600,127,mRNA
15002,5398065,5398134,69,mRNA
15003,5398404,5398505,101,mRNA
15004,5398590,5398762,172,mRNA
15005,5399694,5401123,1429,mRNA
15006,5365225,5365913,688,mRNA
15007,5376048,5376193,145,mRNA
15008,5378302,5378521,219,mRNA
15009,5378630,5378731,101,mRNA
15010,5383063,5383379,316,mRNA
15011,5383542,5383646,104,mRNA
15012,5394053,5394188,135,mRNA
15013,5396184,5396294,110,mRNA
15014,5396473,5396600,127,mRNA
15015,5398065,5398134,69,mRNA
15016,5398404,5398505,101,mRNA
15017,5398590,5398762,172,mRNA
15018,5399694,5401123,1429,mRNA
15019,5365225,5365913,688,mRNA
15020,5376048,5376193,145,mRNA
15021,5378302,5378521,219,mRNA
15022,5378630,5378725,95,mRNA
15023,5383063,5383379,316,mRNA
15024,5383542,5383646,104,mRNA
15025,5388242,5388377,135,mRNA
15026,5396184,5396294,110,mRNA
15027,5396473,5396600,127,mRNA
15028,5398065,5398134,69,mRNA
15029,5398404,5398505,101,mRNA
15030,5398590,5398762,172,mRNA
15031,5399532,5401123,1591,mRNA
15032,5365225,5365913,688,mRNA
15033,5376048,5376193,145,mRNA
15034,5378302,5378521,219,mRNA
15035,5378630,5378725,95,mRNA
15036,5383063,5383379,316,mRNA
15037,5383542,5383646,104,mRNA
15038,5388242,5388377,135,mRNA
15039,5396184,5396294,110,mRNA
15040,5396473,5396600,127,mRNA
15041,5398065,5398134,69,mRNA
15042,5398404,5398505,101,mRNA
15043,5398590,5398762,172,mRNA
15044,5399532,5401123,1591,mRNA
15045,5365225,5365913,688,mRNA
15046,5376048,5376193,145,mRNA
15047,5378302,5378521,219,mRNA
15048,5378630,5378725,95,mRNA
15049,5383063,5383379,316,mRNA
15050,5383542,5383646,104,mRNA
15051,5388242,5388377,135,mRNA
15052,5396184,5396294,110,mRNA
15053,5396473,5396600,127,mRNA
15054,5398065,5398134,69,mRNA
15055,5398404,5398505,101,mRNA
15056,5398590,5398762,172,mRNA
15057,5399694,5401123,1429,mRNA
15058,5376087,5376193,106,CDS
15059,5378302,5378521,219,CDS
15060,5378630,5378731,101,CDS
15061,5383063,5383379,316,CDS
15062,5383542,5383646,104,CDS
15063,5394053,5394188,135,CDS
15064,5396184,5396294,110,CDS
15065,5396473,5396600,127,CDS
15066,5398065,5398134,69,CDS
15067,5398404,5398505,101,CDS
15068,5398590,5398762,172,CDS
15069,5399694,5400282,588,CDS
15070,5376087,5376193,106,CDS
15071,5378302,5378521,219,CDS
15072,5378630,5378725,95,CDS
15073,5383063,5383379,316,CDS
15074,5383542,5383646,104,CDS
15075,5388242,5388377,135,CDS
15076,5396184,5396294,110,CDS
15077,5396473,5396600,127,CDS
15078,5398065,5398134,69,CDS
15079,5398404,5398505,101,CDS
15080,5398590,5398762,172,CDS
15081,5399532,5400282,750,CDS
15082,5376087,5376193,106,CDS
15083,5378302,5378521,219,CDS
15084,5378630,5378731,101,CDS
15085,5383063,5383379,316,CDS
15086,5383542,5383646,104,CDS
15087,5394053,5394188,135,CDS
15088,5396184,5396294,110,CDS
15089,5396473,5396600,127,CDS
15090,5398065,5398134,69,CDS
15091,5398404,5398505,101,CDS
15092,5398590,5398762,172,CDS
15093,5399694,5399697,3,CDS
15094,5376087,5376193,106,CDS
15095,5378302,5378521,219,CDS
15096,5378630,5378725,95,CDS
15097,5383063,5383379,316,CDS
15098,5383542,5383646,104,CDS
15099,5388242,5388377,135,CDS
15100,5396184,5396294,110,CDS
15101,5396473,5396600,127,CDS
15102,5398065,5398134,69,CDS
15103,5398404,5398505,101,CDS
15104,5398590,5398762,172,CDS
15105,5399532,5399697,165,CDS
15106,5376087,5376193,106,CDS
15107,5378302,5378521,219,CDS
15108,5378630,5378725,95,CDS
15109,5383063,5383379,316,CDS
15110,5383542,5383646,104,CDS
15111,5388242,5388377,135,CDS
15112,5396184,5396294,110,CDS
15113,5396473,5396600,127,CDS
15114,5398065,5398134,69,CDS
15115,5398404,5398505,101,CDS
15116,5398590,5398762,172,CDS
15117,5399694,5399697,3,CDS
15118,5389817,5392863,3046,mobile_element
15119,5405238,5410849,5611,gene
15120,5410486,5410849,363,mRNA
15121,5407747,5407927,180,mRNA
15122,5407320,5407692,372,mRNA
15123,5406326,5407067,741,mRNA
15124,5406149,5406248,99,mRNA
15125,5405905,5406081,176,mRNA
15126,5405757,5405851,94,mRNA
15127,5405238,5405690,452,mRNA
15128,5410486,5410566,80,CDS
15129,5407747,5407927,180,CDS
15130,5407320,5407692,372,CDS
15131,5406326,5407067,741,CDS
15132,5406149,5406248,99,CDS
15133,5405905,5406081,176,CDS
15134,5405757,5405851,94,CDS
15135,5405514,5405690,176,CDS
15136,5412386,5420867,8481,gene
15137,5420194,5420336,142,mRNA
15138,5416190,5417374,1184,mRNA
15139,5415528,5415918,390,mRNA
15140,5415322,5415455,133,mRNA
15141,5412386,5415041,2655,mRNA
15142,5420452,5420867,415,mRNA
15143,5416190,5417374,1184,mRNA
15144,5415528,5415918,390,mRNA
15145,5415322,5415455,133,mRNA
15146,5413827,5415041,1214,mRNA
15147,5418354,5419096,742,mRNA
15148,5416190,5417374,1184,mRNA
15149,5415528,5415918,390,mRNA
15150,5415322,5415455,133,mRNA
15151,5413827,5415041,1214,mRNA
15152,5418317,5418570,253,mRNA
15153,5416190,5417374,1184,mRNA
15154,5415528,5415918,390,mRNA
15155,5415322,5415455,133,mRNA
15156,5413827,5415041,1214,mRNA
15157,5420194,5420238,44,CDS
15158,5416190,5417374,1184,CDS
15159,5415528,5415918,390,CDS
15160,5415322,5415455,133,CDS
15161,5414973,5415041,68,CDS
15162,5416190,5417353,1163,CDS
15163,5415528,5415918,390,CDS
15164,5415322,5415455,133,CDS
15165,5414973,5415041,68,CDS
15166,5416190,5417353,1163,CDS
15167,5415528,5415918,390,CDS
15168,5415322,5415455,133,CDS
15169,5414973,5415041,68,CDS
15170,5416190,5417353,1163,CDS
15171,5415528,5415918,390,CDS
15172,5415322,5415455,133,CDS
15173,5414973,5415041,68,CDS
15174,5421533,5427219,5686,gene
15175,5421533,5421667,134,mRNA
15176,5422580,5423017,437,mRNA
15177,5423119,5423750,631,mRNA
15178,5423815,5424962,1147,mRNA
15179,5425143,5426906,1763,mRNA
15180,5421968,5422126,158,mRNA
15181,5422580,5423017,437,mRNA
15182,5423119,5423750,631,mRNA
15183,5423815,5424962,1147,mRNA
15184,5425143,5427219,2076,mRNA
15185,5421968,5422126,158,mRNA
15186,5422580,5423017,437,mRNA
15187,5423119,5423750,631,mRNA
15188,5423815,5424962,1147,mRNA
15189,5425143,5426906,1763,mRNA
15190,5422183,5422266,83,mRNA
15191,5422580,5423017,437,mRNA
15192,5423119,5423750,631,mRNA
15193,5423815,5424962,1147,mRNA
15194,5425143,5426906,1763,mRNA
15195,5422392,5422502,110,mRNA
15196,5422580,5423017,437,mRNA
15197,5423119,5423750,631,mRNA
15198,5423815,5424962,1147,mRNA
15199,5425143,5426906,1763,mRNA
15200,5422622,5423017,395,CDS
15201,5423119,5423750,631,CDS
15202,5423815,5424962,1147,CDS
15203,5425143,5426347,1204,CDS
15204,5422622,5423017,395,CDS
15205,5423119,5423750,631,CDS
15206,5423815,5424962,1147,CDS
15207,5425143,5426347,1204,CDS
15208,5422622,5423017,395,CDS
15209,5423119,5423750,631,CDS
15210,5423815,5424962,1147,CDS
15211,5425143,5426347,1204,CDS
15212,5422622,5423017,395,CDS
15213,5423119,5423750,631,CDS
15214,5423815,5424962,1147,CDS
15215,5425143,5426347,1204,CDS
15216,5422622,5423017,395,CDS
15217,5423119,5423750,631,CDS
15218,5423815,5424962,1147,CDS
15219,5425143,5426347,1204,CDS
15220,5427517,5428217,700,gene
15221,5427517,5427690,173,mRNA
15222,5427806,5427955,149,mRNA
15223,5428021,5428217,196,mRNA
15224,5427528,5427690,162,CDS
15225,5427806,5427955,149,CDS
15226,5428021,5428166,145,CDS
15227,5428483,5429256,773,gene
15228,5428483,5429256,773,ncRNA
15229,5429571,5432526,2955,gene
15230,5429571,5432526,2955,mRNA
15231,5430565,5432526,1961,mRNA
15232,5430680,5432344,1664,CDS
15233,5430680,5432344,1664,CDS
15234,5433439,5435797,2358,gene
15235,5433439,5433652,213,ncRNA
15236,5435307,5435797,490,ncRNA
15237,5446656,5494012,47356,gene
15238,5446656,5446975,319,mRNA
15239,5461696,5461748,52,mRNA
15240,5478638,5479155,517,mRNA
15241,5480833,5480963,130,mRNA
15242,5487374,5487435,61,mRNA
15243,5491532,5493540,2008,mRNA
15244,5464795,5464959,164,mRNA
15245,5478638,5479155,517,mRNA
15246,5480833,5480963,130,mRNA
15247,5487374,5487435,61,mRNA
15248,5491532,5494012,2480,mRNA
15249,5464795,5464878,83,mRNA
15250,5478638,5479155,517,mRNA
15251,5480833,5480963,130,mRNA
15252,5487374,5487435,61,mRNA
15253,5491532,5493540,2008,mRNA
15254,5478771,5479155,384,CDS
15255,5480833,5480963,130,CDS
15256,5487374,5487435,61,CDS
15257,5491532,5492261,729,CDS
15258,5478771,5479155,384,CDS
15259,5480833,5480963,130,CDS
15260,5487374,5487435,61,CDS
15261,5491532,5492261,729,CDS
15262,5478771,5479155,384,CDS
15263,5480833,5480963,130,CDS
15264,5487374,5487435,61,CDS
15265,5491532,5492261,729,CDS
15266,5481114,5485000,3886,mobile_element
15267,5493014,5496052,3038,gene
15268,5495837,5496052,215,mRNA
15269,5493014,5495772,2758,mRNA
15270,5495837,5496052,215,mRNA
15271,5494059,5495772,1713,mRNA
15272,5495837,5496045,208,CDS
15273,5494146,5495772,1626,CDS
15274,5495837,5496045,208,CDS
15275,5494146,5495772,1626,CDS
15276,5500208,5501229,1021,gene
15277,5501133,5501229,96,mRNA
15278,5500618,5501061,443,mRNA
15279,5500208,5500520,312,mRNA
15280,5501133,5501197,64,mRNA
15281,5500618,5501061,443,mRNA
15282,5500208,5500520,312,mRNA
15283,5501133,5501163,30,CDS
15284,5500618,5501061,443,CDS
15285,5500393,5500520,127,CDS
15286,5501133,5501163,30,CDS
15287,5500618,5501061,443,CDS
15288,5500393,5500520,127,CDS
15289,5501476,5502782,1306,gene
15290,5501476,5502782,1306,mRNA
15291,5501813,5502570,757,mRNA
15292,5501874,5502422,548,CDS
15293,5501874,5502422,548,CDS
15294,5506509,5507255,746,gene
15295,5506509,5507255,746,ncRNA
15296,5516608,5518771,2163,gene
15297,5516608,5517498,890,mRNA
15298,5517572,5517844,272,mRNA
15299,5518044,5518771,727,mRNA
15300,5516993,5517500,507,gene
15301,5516993,5517500,507,ncRNA
15302,5517259,5517498,239,mRNA
15303,5517572,5517844,272,mRNA
15304,5518044,5518771,727,mRNA
15305,5517421,5517498,77,CDS
15306,5517572,5517844,272,CDS
15307,5518044,5518139,95,CDS
15308,5517421,5517498,77,CDS
15309,5517572,5517844,272,CDS
15310,5518044,5518139,95,CDS
15311,5524302,5524465,163,gene
15312,5524302,5524465,163,ncRNA
15313,5524896,5528701,3805,mobile_element
15314,5528927,5560183,31256,gene
15315,5559410,5560183,773,mRNA
15316,5553455,5553505,50,mRNA
15317,5546725,5546945,220,mRNA
15318,5531270,5531444,174,mRNA
15319,5529495,5530146,651,mRNA
15320,5528927,5529411,484,mRNA
15321,5559410,5560183,773,mRNA
15322,5553455,5553505,50,mRNA
15323,5546725,5546945,220,mRNA
15324,5531255,5531444,189,mRNA
15325,5529495,5530146,651,mRNA
15326,5528927,5529411,484,mRNA
15327,5559410,5559962,552,CDS
15328,5553455,5553505,50,CDS
15329,5546725,5546945,220,CDS
15330,5531270,5531444,174,CDS
15331,5529495,5530146,651,CDS
15332,5529141,5529411,270,CDS
15333,5559410,5559962,552,CDS
15334,5553455,5553505,50,CDS
15335,5546725,5546945,220,CDS
15336,5531255,5531444,189,CDS
15337,5529495,5530146,651,CDS
15338,5529141,5529411,270,CDS
15339,5594255,5612865,18610,gene
15340,5594255,5595090,835,mRNA
15341,5606085,5606860,775,mRNA
15342,5610845,5612865,2020,mRNA
15343,5594255,5595090,835,mRNA
15344,5606085,5606860,775,mRNA
15345,5610845,5612215,1370,mRNA
15346,5594547,5595090,543,CDS
15347,5606085,5606860,775,CDS
15348,5610845,5612038,1193,CDS
15349,5594547,5595090,543,CDS
15350,5606085,5606860,775,CDS
15351,5610845,5612038,1193,CDS
15352,5613325,5614467,1142,gene
15353,5614233,5614467,234,mRNA
15354,5613325,5614173,848,mRNA
15355,5614233,5614395,162,CDS
15356,5613437,5614173,736,CDS
15357,5614554,5616370,1816,gene
15358,5615931,5616370,439,mRNA
15359,5614554,5615804,1250,mRNA
15360,5615931,5616166,235,CDS
15361,5614658,5615804,1146,CDS
15362,5616572,5618806,2234,gene
15363,5618566,5618806,240,mRNA
15364,5617858,5618480,622,mRNA
15365,5617309,5617786,477,mRNA
15366,5617121,5617226,105,mRNA
15367,5616572,5617028,456,mRNA
15368,5618566,5618806,240,mRNA
15369,5617858,5618480,622,mRNA
15370,5617309,5617786,477,mRNA
15371,5617121,5617226,105,mRNA
15372,5616572,5617056,484,mRNA
15373,5618566,5618677,111,CDS
15374,5617858,5618480,622,CDS
15375,5617309,5617786,477,CDS
15376,5617121,5617226,105,CDS
15377,5616891,5617056,165,CDS
15378,5618566,5618677,111,CDS
15379,5617858,5618480,622,CDS
15380,5617309,5617786,477,CDS
15381,5617121,5617226,105,CDS
15382,5617025,5617028,3,CDS
15383,5619136,5622539,3403,gene
15384,5622417,5622539,122,mRNA
15385,5622252,5622279,27,mRNA
15386,5619136,5620286,1150,mRNA
15387,5620479,5620575,96,mRNA
15388,5619136,5620286,1150,mRNA
15389,5622417,5622419,2,CDS
15390,5622252,5622279,27,CDS
15391,5619874,5620286,412,CDS
15392,5620479,5620527,48,CDS
15393,5619874,5620286,412,CDS
15394,5622280,5622416,136,gene
15395,5622280,5622416,136,precursor_RNA
15396,5622325,5622345,20,ncRNA
15397,5622396,5622416,20,ncRNA
15398,5622648,5625493,2845,gene
15399,5622648,5624407,1759,mRNA
15400,5624475,5625493,1018,mRNA
15401,5622724,5624407,1683,CDS
15402,5624475,5625364,889,CDS
15403,5625676,5648487,22811,gene
15404,5648420,5648487,67,mRNA
15405,5647732,5648172,440,mRNA
15406,5643396,5643449,53,mRNA
15407,5642934,5643111,177,mRNA
15408,5641893,5642026,133,mRNA
15409,5640918,5640980,62,mRNA
15410,5634241,5634425,184,mRNA
15411,5633871,5634028,157,mRNA
15412,5633738,5633758,20,mRNA
15413,5633354,5633465,111,mRNA
15414,5633106,5633266,160,mRNA
15415,5630024,5631495,1471,mRNA
15416,5629385,5629745,360,mRNA
15417,5625676,5629024,3348,mRNA
15418,5648420,5648487,67,mRNA
15419,5647732,5647976,244,mRNA
15420,5643396,5643449,53,mRNA
15421,5642934,5643111,177,mRNA
15422,5641893,5642026,133,mRNA
15423,5641523,5641561,38,mRNA
15424,5634241,5634425,184,mRNA
15425,5633871,5634028,157,mRNA
15426,5633738,5633758,20,mRNA
15427,5633354,5633465,111,mRNA
15428,5633106,5633266,160,mRNA
15429,5632190,5632207,17,mRNA
15430,5630024,5631495,1471,mRNA
15431,5629385,5629745,360,mRNA
15432,5626317,5629024,2707,mRNA
15433,5637535,5637594,59,mRNA
15434,5636222,5636578,356,mRNA
15435,5634241,5634425,184,mRNA
15436,5633871,5634028,157,mRNA
15437,5633354,5633465,111,mRNA
15438,5633106,5633266,160,mRNA
15439,5630024,5631495,1471,mRNA
15440,5629397,5629745,348,mRNA
15441,5627669,5629024,1355,mRNA
15442,5648420,5648487,67,mRNA
15443,5647732,5648177,445,mRNA
15444,5643396,5643449,53,mRNA
15445,5642934,5643111,177,mRNA
15446,5641893,5642026,133,mRNA
15447,5634241,5634425,184,mRNA
15448,5633871,5634028,157,mRNA
15449,5633738,5633758,20,mRNA
15450,5633354,5633465,111,mRNA
15451,5633106,5633266,160,mRNA
15452,5630024,5631495,1471,mRNA
15453,5629385,5629745,360,mRNA
15454,5628221,5629024,803,mRNA
15455,5648420,5648487,67,mRNA
15456,5647732,5648177,445,mRNA
15457,5643396,5643449,53,mRNA
15458,5642934,5643111,177,mRNA
15459,5641893,5642026,133,mRNA
15460,5634241,5634425,184,mRNA
15461,5633871,5634028,157,mRNA
15462,5633738,5633758,20,mRNA
15463,5633354,5633465,111,mRNA
15464,5633106,5633266,160,mRNA
15465,5630024,5631495,1471,mRNA
15466,5629184,5629745,561,mRNA
15467,5628221,5629024,803,mRNA
15468,5648420,5648487,67,mRNA
15469,5647732,5648177,445,mRNA
15470,5643396,5643449,53,mRNA
15471,5642934,5643111,177,mRNA
15472,5641893,5642026,133,mRNA
15473,5635356,5635466,110,mRNA
15474,5634241,5634425,184,mRNA
15475,5633871,5634028,157,mRNA
15476,5633738,5633758,20,mRNA
15477,5633354,5633465,111,mRNA
15478,5633106,5633266,160,mRNA
15479,5630024,5631495,1471,mRNA
15480,5629397,5629745,348,mRNA
15481,5628221,5629024,803,mRNA
15482,5642934,5643065,131,CDS
15483,5641893,5642026,133,CDS
15484,5634241,5634425,184,CDS
15485,5633871,5634028,157,CDS
15486,5633738,5633758,20,CDS
15487,5633354,5633465,111,CDS
15488,5633106,5633266,160,CDS
15489,5630024,5631495,1471,CDS
15490,5629385,5629745,360,CDS
15491,5628884,5629024,140,CDS
15492,5642934,5643065,131,CDS
15493,5641893,5642026,133,CDS
15494,5635356,5635466,110,CDS
15495,5634241,5634425,184,CDS
15496,5633871,5634028,157,CDS
15497,5633738,5633758,20,CDS
15498,5633354,5633465,111,CDS
15499,5633106,5633266,160,CDS
15500,5630024,5631495,1471,CDS
15501,5629397,5629745,348,CDS
15502,5628884,5629024,140,CDS
15503,5642934,5643065,131,CDS
15504,5641893,5642026,133,CDS
15505,5640918,5640980,62,CDS
15506,5634241,5634425,184,CDS
15507,5633871,5634028,157,CDS
15508,5633738,5633758,20,CDS
15509,5633354,5633465,111,CDS
15510,5633106,5633266,160,CDS
15511,5630024,5631495,1471,CDS
15512,5629385,5629745,360,CDS
15513,5628884,5629024,140,CDS
15514,5642934,5643065,131,CDS
15515,5641893,5642026,133,CDS
15516,5641523,5641561,38,CDS
15517,5634241,5634425,184,CDS
15518,5633871,5634028,157,CDS
15519,5633738,5633758,20,CDS
15520,5633354,5633465,111,CDS
15521,5633106,5633266,160,CDS
15522,5632190,5632207,17,CDS
15523,5630024,5631495,1471,CDS
15524,5629385,5629745,360,CDS
15525,5628884,5629024,140,CDS
15526,5636222,5636394,172,CDS
15527,5634241,5634425,184,CDS
15528,5633871,5634028,157,CDS
15529,5633354,5633465,111,CDS
15530,5633106,5633266,160,CDS
15531,5630024,5631495,1471,CDS
15532,5629397,5629745,348,CDS
15533,5628884,5629024,140,CDS
15534,5642934,5643065,131,CDS
15535,5641893,5642026,133,CDS
15536,5634241,5634425,184,CDS
15537,5633871,5634028,157,CDS
15538,5633738,5633758,20,CDS
15539,5633354,5633465,111,CDS
15540,5633106,5633266,160,CDS
15541,5630024,5631495,1471,CDS
15542,5629367,5629745,378,CDS
15543,5650567,5662861,12294,gene
15544,5662823,5662861,38,mRNA
15545,5660185,5662329,2144,mRNA
15546,5655852,5656646,794,mRNA
15547,5655665,5655782,117,mRNA
15548,5655510,5655606,96,mRNA
15549,5655258,5655443,185,mRNA
15550,5650567,5655184,4617,mRNA
15551,5662662,5662861,199,mRNA
15552,5660185,5662329,2144,mRNA
15553,5655852,5656646,794,mRNA
15554,5655665,5655782,117,mRNA
15555,5655510,5655606,96,mRNA
15556,5655258,5655443,185,mRNA
15557,5650567,5655184,4617,mRNA
15558,5662662,5662861,199,mRNA
15559,5660185,5662329,2144,mRNA
15560,5655852,5656646,794,mRNA
15561,5655665,5655782,117,mRNA
15562,5655510,5655606,96,mRNA
15563,5655258,5655443,185,mRNA
15564,5650567,5655184,4617,mRNA
15565,5660185,5662052,1867,CDS
15566,5655852,5656646,794,CDS
15567,5655665,5655782,117,CDS
15568,5655510,5655606,96,CDS
15569,5655258,5655443,185,CDS
15570,5653458,5655184,1726,CDS
15571,5660185,5662052,1867,CDS
15572,5655852,5656646,794,CDS
15573,5655665,5655782,117,CDS
15574,5655510,5655606,96,CDS
15575,5655258,5655443,185,CDS
15576,5653518,5655184,1666,CDS
15577,5660185,5662052,1867,CDS
15578,5655852,5656646,794,CDS
15579,5655665,5655782,117,CDS
15580,5655510,5655606,96,CDS
15581,5655258,5655443,185,CDS
15582,5653881,5655184,1303,CDS
15583,5663114,5665605,2491,gene
15584,5663114,5665605,2491,ncRNA
15585,5664628,5665940,1312,gene
15586,5665688,5665940,252,mRNA
15587,5664628,5665486,858,mRNA
15588,5665688,5665940,252,mRNA
15589,5665542,5665627,85,mRNA
15590,5664628,5665486,858,mRNA
15591,5665688,5665940,252,mRNA
15592,5664628,5665627,999,mRNA
15593,5665688,5665868,180,CDS
15594,5664729,5665486,757,CDS
15595,5664729,5665418,689,CDS
15596,5664729,5665418,689,CDS
15597,5666052,5670652,4600,gene
15598,5666052,5666468,416,mRNA
15599,5666557,5666798,241,mRNA
15600,5667210,5668332,1122,mRNA
15601,5668398,5669226,828,mRNA
15602,5669302,5669945,643,mRNA
15603,5670051,5670652,601,mRNA
15604,5666052,5666313,261,mRNA
15605,5666377,5666468,91,mRNA
15606,5666557,5666798,241,mRNA
15607,5667210,5668332,1122,mRNA
15608,5668398,5669226,828,mRNA
15609,5669302,5669945,643,mRNA
15610,5670051,5670555,504,mRNA
15611,5666406,5666468,62,CDS
15612,5666557,5666798,241,CDS
15613,5667210,5668332,1122,CDS
15614,5668398,5669226,828,CDS
15615,5669302,5669945,643,CDS
15616,5670051,5670146,95,CDS
15617,5666406,5666468,62,CDS
15618,5666557,5666798,241,CDS
15619,5667210,5668332,1122,CDS
15620,5668398,5669226,828,CDS
15621,5669302,5669945,643,CDS
15622,5670051,5670146,95,CDS
15623,5670827,5671812,985,gene
15624,5671603,5671812,209,mRNA
15625,5671081,5671513,432,mRNA
15626,5670827,5671016,189,mRNA
15627,5671603,5671661,58,CDS
15628,5671081,5671513,432,CDS
15629,5670915,5671016,101,CDS
15630,5672021,5672121,100,mobile_element
15631,5672401,5673547,1146,gene
15632,5672401,5672522,121,mRNA
15633,5672998,5673134,136,mRNA
15634,5673217,5673547,330,mRNA
15635,5672480,5672522,42,mRNA
15636,5672998,5673134,136,mRNA
15637,5673217,5673543,326,mRNA
15638,5672520,5672522,2,CDS
15639,5672998,5673134,136,CDS
15640,5673217,5673448,231,CDS
15641,5672520,5672522,2,CDS
15642,5672998,5673134,136,CDS
15643,5673217,5673448,231,CDS
15644,5672734,5672875,141,mRNA
15645,5672998,5673134,136,mRNA
15646,5673217,5673543,326,mRNA
15647,5672873,5672875,2,CDS
15648,5672998,5673134,136,CDS
15649,5673217,5673448,231,CDS
15650,5673830,5679977,6147,gene
15651,5679660,5679977,317,mRNA
15652,5675330,5675484,154,mRNA
15653,5675112,5675257,145,mRNA
15654,5674940,5675040,100,mRNA
15655,5674771,5674873,102,mRNA
15656,5674222,5674709,487,mRNA
15657,5673830,5674152,322,mRNA
15658,5679660,5679977,317,mRNA
15659,5675330,5675484,154,mRNA
15660,5675112,5675257,145,mRNA
15661,5674940,5675040,100,mRNA
15662,5674771,5674873,102,mRNA
15663,5674222,5674709,487,mRNA
15664,5673830,5674173,343,mRNA
15665,5676776,5676958,182,mRNA
15666,5675330,5675484,154,mRNA
15667,5675112,5675257,145,mRNA
15668,5674940,5675040,100,mRNA
15669,5674771,5674873,102,mRNA
15670,5674222,5674709,487,mRNA
15671,5673830,5674152,322,mRNA
15672,5675330,5675483,153,CDS
15673,5675112,5675257,145,CDS
15674,5674940,5675040,100,CDS
15675,5674771,5674873,102,CDS
15676,5674222,5674709,487,CDS
15677,5673966,5674152,186,CDS
15678,5675330,5675483,153,CDS
15679,5675112,5675257,145,CDS
15680,5674940,5675040,100,CDS
15681,5674771,5674873,102,CDS
15682,5674222,5674709,487,CDS
15683,5673966,5674152,186,CDS
15684,5675330,5675483,153,CDS
15685,5675112,5675257,145,CDS
15686,5674940,5675040,100,CDS
15687,5674771,5674873,102,CDS
15688,5674222,5674709,487,CDS
15689,5673966,5674173,207,CDS
15690,5680617,5682488,1871,gene
15691,5680617,5680835,218,mRNA
15692,5680901,5681161,260,mRNA
15693,5681223,5681417,194,mRNA
15694,5681485,5681753,268,mRNA
15695,5681816,5681970,154,mRNA
15696,5682029,5682281,252,mRNA
15697,5682351,5682488,137,mRNA
15698,5680627,5682127,1500,gene
15699,5681216,5682127,911,ncRNA
15700,5680887,5681142,255,ncRNA
15701,5680627,5680774,147,ncRNA
15702,5680727,5680835,108,CDS
15703,5680901,5681161,260,CDS
15704,5681223,5681417,194,CDS
15705,5681485,5681753,268,CDS
15706,5681816,5681970,154,CDS
15707,5682029,5682281,252,CDS
15708,5682351,5682443,92,CDS
15709,5683240,5684456,1216,gene
15710,5683240,5684456,1216,mRNA
15711,5683240,5684102,862,mRNA
15712,5684174,5684456,282,mRNA
15713,5683261,5684102,841,CDS
15714,5684174,5684264,90,CDS
15715,5683261,5684106,845,CDS
15716,5685253,5689473,4220,gene
15717,5689261,5689473,212,mRNA
15718,5688466,5689197,731,mRNA
15719,5688222,5688404,182,mRNA
15720,5687925,5688169,244,mRNA
15721,5687448,5687870,422,mRNA
15722,5687261,5687386,125,mRNA
15723,5686999,5687192,193,mRNA
15724,5686305,5686938,633,mRNA
15725,5686141,5686236,95,mRNA
15726,5685253,5686080,827,mRNA
15727,5689261,5689401,140,CDS
15728,5688466,5689197,731,CDS
15729,5688222,5688404,182,CDS
15730,5687925,5688169,244,CDS
15731,5687448,5687870,422,CDS
15732,5687261,5687386,125,CDS
15733,5686999,5687192,193,CDS
15734,5686305,5686938,633,CDS
15735,5686141,5686236,95,CDS
15736,5685912,5686080,168,CDS
15737,5689852,5691172,1320,gene
15738,5689852,5691172,1320,ncRNA
15739,5690002,5693084,3082,gene
15740,5690002,5690157,155,mRNA
15741,5690318,5690988,670,mRNA
15742,5691892,5692104,212,mRNA
15743,5692165,5692309,144,mRNA
15744,5692377,5693084,707,mRNA
15745,5690002,5690988,986,mRNA
15746,5691892,5692104,212,mRNA
15747,5692165,5692309,144,mRNA
15748,5692377,5692773,396,mRNA
15749,5690436,5690988,552,mRNA
15750,5691892,5692104,212,mRNA
15751,5692165,5692309,144,mRNA
15752,5692377,5692773,396,mRNA
15753,5690769,5690988,219,CDS
15754,5691892,5692104,212,CDS
15755,5692165,5692309,144,CDS
15756,5692377,5692572,195,CDS
15757,5690769,5690988,219,CDS
15758,5691892,5692104,212,CDS
15759,5692165,5692309,144,CDS
15760,5692377,5692572,195,CDS
15761,5690769,5690988,219,CDS
15762,5691892,5692104,212,CDS
15763,5692165,5692309,144,CDS
15764,5692377,5692572,195,CDS
15765,5692945,5695205,2260,gene
15766,5695006,5695205,199,mRNA
15767,5694692,5694906,214,mRNA
15768,5693361,5694618,1257,mRNA
15769,5692945,5693291,346,mRNA
15770,5695006,5695065,59,CDS
15771,5694692,5694906,214,CDS
15772,5693361,5694618,1257,CDS
15773,5693154,5693291,137,CDS
15774,5697123,5697660,537,gene
15775,5697123,5697224,101,ncRNA
15776,5697288,5697660,372,ncRNA
15777,5698557,5708633,10076,gene
15778,5698557,5699172,615,mRNA
15779,5703003,5703604,601,mRNA
15780,5703656,5703775,119,mRNA
15781,5703830,5704389,559,mRNA
15782,5704447,5704545,98,mRNA
15783,5704611,5704724,113,mRNA
15784,5706509,5706655,146,mRNA
15785,5706745,5707310,565,mRNA
15786,5707373,5707500,127,mRNA
15787,5707557,5707934,377,mRNA
15788,5707987,5708164,177,mRNA
15789,5708222,5708633,411,mRNA
15790,5699187,5699258,71,mRNA
15791,5703003,5703604,601,mRNA
15792,5703656,5703775,119,mRNA
15793,5703830,5704389,559,mRNA
15794,5704447,5704545,98,mRNA
15795,5704611,5704724,113,mRNA
15796,5706509,5706655,146,mRNA
15797,5706745,5707310,565,mRNA
15798,5707373,5707500,127,mRNA
15799,5707561,5707934,373,mRNA
15800,5707987,5708164,177,mRNA
15801,5708222,5708633,411,mRNA
15802,5703116,5703604,488,CDS
15803,5703656,5703775,119,CDS
15804,5703830,5704389,559,CDS
15805,5704447,5704545,98,CDS
15806,5704611,5704724,113,CDS
15807,5706509,5706655,146,CDS
15808,5706745,5707310,565,CDS
15809,5707373,5707500,127,CDS
15810,5707557,5707934,377,CDS
15811,5707987,5708164,177,CDS
15812,5708222,5708514,292,CDS
15813,5703116,5703604,488,CDS
15814,5703656,5703775,119,CDS
15815,5703830,5704389,559,CDS
15816,5704447,5704545,98,CDS
15817,5704611,5704724,113,CDS
15818,5706509,5706655,146,CDS
15819,5706745,5707310,565,CDS
15820,5707373,5707500,127,CDS
15821,5707561,5707647,86,CDS
15822,5708559,5717778,9219,gene
15823,5717346,5717778,432,mRNA
15824,5714652,5714812,160,mRNA
15825,5711635,5711803,168,mRNA
15826,5711477,5711572,95,mRNA
15827,5709128,5710973,1845,mRNA
15828,5708559,5709043,484,mRNA
15829,5715146,5715472,326,mRNA
15830,5714652,5714812,160,mRNA
15831,5711635,5711803,168,mRNA
15832,5711477,5711572,95,mRNA
15833,5709128,5710973,1845,mRNA
15834,5708559,5709043,484,mRNA
15835,5713362,5713527,165,mRNA
15836,5711635,5711803,168,mRNA
15837,5711477,5711572,95,mRNA
15838,5709128,5710973,1845,mRNA
15839,5708559,5709043,484,mRNA
15840,5713340,5713527,187,mRNA
15841,5711635,5711803,168,mRNA
15842,5711477,5711572,95,mRNA
15843,5709128,5710973,1845,mRNA
15844,5708559,5709043,484,mRNA
15845,5717346,5717714,368,CDS
15846,5714652,5714812,160,CDS
15847,5711635,5711803,168,CDS
15848,5711477,5711572,95,CDS
15849,5709128,5710973,1845,CDS
15850,5708907,5709043,136,CDS
15851,5715146,5715271,125,CDS
15852,5714652,5714812,160,CDS
15853,5711635,5711803,168,CDS
15854,5711477,5711572,95,CDS
15855,5709128,5710973,1845,CDS
15856,5708907,5709043,136,CDS
15857,5711635,5711733,98,CDS
15858,5711477,5711572,95,CDS
15859,5709128,5710973,1845,CDS
15860,5708907,5709043,136,CDS
15861,5711635,5711733,98,CDS
15862,5711477,5711572,95,CDS
15863,5709128,5710973,1845,CDS
15864,5708907,5709043,136,CDS
15865,5712006,5712043,37,mobile_element
15866,5719374,5738031,18657,gene
15867,5723499,5723570,71,mRNA
15868,5723260,5723362,102,mRNA
15869,5723114,5723196,82,mRNA
15870,5722208,5723043,835,mRNA
15871,5721962,5722140,178,mRNA
15872,5719374,5721696,2322,mRNA
15873,5723460,5723570,110,mRNA
15874,5723260,5723362,102,mRNA
15875,5723114,5723196,82,mRNA
15876,5722208,5723043,835,mRNA
15877,5721962,5722140,178,mRNA
15878,5719736,5721696,1960,mRNA
15879,5737099,5738031,932,mRNA
15880,5723260,5723362,102,mRNA
15881,5723114,5723196,82,mRNA
15882,5722208,5723043,835,mRNA
15883,5721962,5722140,178,mRNA
15884,5720927,5721696,769,mRNA
15885,5737099,5737424,325,CDS
15886,5723260,5723362,102,CDS
15887,5723114,5723196,82,CDS
15888,5722208,5723043,835,CDS
15889,5721962,5722140,178,CDS
15890,5721628,5721696,68,CDS
15891,5723499,5723521,22,CDS
15892,5723260,5723362,102,CDS
15893,5723114,5723196,82,CDS
15894,5722208,5723043,835,CDS
15895,5721962,5722140,178,CDS
15896,5721628,5721696,68,CDS
15897,5723460,5723521,61,CDS
15898,5723260,5723362,102,CDS
15899,5723114,5723196,82,CDS
15900,5722208,5723043,835,CDS
15901,5721962,5722140,178,CDS
15902,5721628,5721696,68,CDS
15903,5727438,5732158,4720,mobile_element
15904,5732740,5734614,1874,gene
15905,5732740,5733714,974,mRNA
15906,5733914,5734614,700,mRNA
15907,5732740,5733824,1084,mRNA
15908,5732760,5733714,954,CDS
15909,5733914,5734395,481,CDS
15910,5732760,5733719,959,CDS
15911,5738663,5747254,8591,gene
15912,5747102,5747254,152,mRNA
15913,5738663,5743912,5249,mRNA
15914,5747102,5747254,152,mRNA
15915,5744356,5744699,343,mRNA
15916,5738663,5743912,5249,mRNA
15917,5746772,5747254,482,mRNA
15918,5738663,5743912,5249,mRNA
15919,5746772,5747254,482,mRNA
15920,5744356,5744699,343,mRNA
15921,5738663,5743912,5249,mRNA
15922,5746203,5746375,172,mRNA
15923,5744356,5744699,343,mRNA
15924,5738663,5743912,5249,mRNA
15925,5739982,5743836,3854,CDS
15926,5739982,5743836,3854,CDS
15927,5739982,5743836,3854,CDS
15928,5739982,5743836,3854,CDS
15929,5739982,5743836,3854,CDS
15930,5747747,5752077,4330,gene
15931,5747747,5748918,1171,mRNA
15932,5748994,5749541,547,mRNA
15933,5749737,5750400,663,mRNA
15934,5750462,5750604,142,mRNA
15935,5750849,5750978,129,mRNA
15936,5751064,5751273,209,mRNA
15937,5751342,5752077,735,mRNA
15938,5747747,5748918,1171,mRNA
15939,5748994,5749541,547,mRNA
15940,5749737,5750400,663,mRNA
15941,5750462,5750604,142,mRNA
15942,5750849,5750978,129,mRNA
15943,5751064,5751273,209,mRNA
15944,5751342,5751782,440,mRNA
15945,5747869,5748918,1049,CDS
15946,5748994,5749541,547,CDS
15947,5749737,5750400,663,CDS
15948,5750462,5750604,142,CDS
15949,5750849,5750978,129,CDS
15950,5751064,5751273,209,CDS
15951,5751342,5751554,212,CDS
15952,5747869,5748918,1049,CDS
15953,5748994,5749541,547,CDS
15954,5749737,5750400,663,CDS
15955,5750462,5750604,142,CDS
15956,5750849,5750978,129,CDS
15957,5751064,5751273,209,CDS
15958,5751342,5751554,212,CDS
15959,5752249,5754041,1792,gene
15960,5752249,5752761,512,mRNA
15961,5752864,5754041,1177,mRNA
15962,5752509,5752682,173,mRNA
15963,5752864,5754035,1171,mRNA
15964,5752869,5753648,779,CDS
15965,5752869,5753648,779,CDS
15966,5753390,5754958,1568,gene
15967,5754845,5754958,113,mRNA
15968,5754616,5754789,173,mRNA
15969,5754437,5754541,104,mRNA
15970,5753390,5754356,966,mRNA
15971,5754845,5754958,113,mRNA
15972,5754616,5754789,173,mRNA
15973,5754437,5754541,104,mRNA
15974,5754029,5754356,327,mRNA
15975,5754845,5754884,39,CDS
15976,5754616,5754789,173,CDS
15977,5754437,5754541,104,CDS
15978,5754202,5754356,154,CDS
15979,5754845,5754884,39,CDS
15980,5754616,5754789,173,CDS
15981,5754437,5754541,104,CDS
15982,5754202,5754356,154,CDS
15983,5755492,5756710,1218,gene
15984,5755492,5756710,1218,ncRNA
15985,5755574,5759751,4177,gene
15986,5755574,5756204,630,mRNA
15987,5757862,5758347,485,mRNA
15988,5758405,5759751,1346,mRNA
15989,5755748,5756204,456,mRNA
15990,5757862,5758347,485,mRNA
15991,5758405,5759751,1346,mRNA
15992,5756055,5756204,149,CDS
15993,5757862,5758347,485,CDS
15994,5758405,5758836,431,CDS
15995,5756055,5756204,149,CDS
15996,5757862,5758347,485,CDS
15997,5758405,5758836,431,CDS
15998,5756393,5756851,458,mRNA
15999,5757862,5758347,485,mRNA
16000,5758405,5759751,1346,mRNA
16001,5758117,5758347,230,CDS
16002,5758405,5758836,431,CDS
16003,5759908,5764203,4295,gene
16004,5764094,5764203,109,mRNA
16005,5762101,5762681,580,mRNA
16006,5761169,5761584,415,mRNA
16007,5759908,5760820,912,mRNA
16008,5764069,5764203,134,mRNA
16009,5762101,5762681,580,mRNA
16010,5761169,5761584,415,mRNA
16011,5759908,5760820,912,mRNA
16012,5762783,5762932,149,mRNA
16013,5762101,5762681,580,mRNA
16014,5761169,5761584,415,mRNA
16015,5759908,5760820,912,mRNA
16016,5762101,5762684,583,mRNA
16017,5761169,5761584,415,mRNA
16018,5759908,5760820,912,mRNA
16019,5762101,5762659,558,CDS
16020,5761169,5761584,415,CDS
16021,5760716,5760820,104,CDS
16022,5762101,5762659,558,CDS
16023,5761169,5761584,415,CDS
16024,5760716,5760820,104,CDS
16025,5762101,5762659,558,CDS
16026,5761169,5761584,415,CDS
16027,5760716,5760820,104,CDS
16028,5762101,5762659,558,CDS
16029,5761169,5761584,415,CDS
16030,5760716,5760820,104,CDS
16031,5764553,5789576,25023,gene
16032,5764553,5765595,1042,mRNA
16033,5784440,5785100,660,mRNA
16034,5785167,5785380,213,mRNA
16035,5785457,5786121,664,mRNA
16036,5787639,5787832,193,mRNA
16037,5787895,5788047,152,mRNA
16038,5788211,5789576,1365,mRNA
16039,5764915,5765595,680,CDS
16040,5784440,5785100,660,CDS
16041,5785167,5785380,213,CDS
16042,5785457,5786121,664,CDS
16043,5787639,5787832,193,CDS
16044,5787895,5788047,152,CDS
16045,5788211,5788336,125,CDS
16046,5765855,5770780,4925,gene
16047,5770401,5770780,379,mRNA
16048,5767289,5767723,434,mRNA
16049,5767074,5767227,153,mRNA
16050,5765855,5766868,1013,mRNA
16051,5767289,5767694,405,CDS
16052,5767074,5767227,153,CDS
16053,5766091,5766868,777,CDS
16054,5773023,5776647,3624,gene
16055,5776183,5776647,464,mRNA
16056,5774006,5774369,363,mRNA
16057,5773023,5773941,918,mRNA
16058,5776183,5776647,464,mRNA
16059,5774558,5774896,338,mRNA
16060,5774006,5774369,363,mRNA
16061,5773023,5773941,918,mRNA
16062,5776183,5776579,396,CDS
16063,5774006,5774369,363,CDS
16064,5773137,5773941,804,CDS
16065,5776183,5776579,396,CDS
16066,5774558,5774896,338,CDS
16067,5774006,5774369,363,CDS
16068,5773137,5773941,804,CDS
16069,5777195,5781620,4425,gene
16070,5779335,5781620,2285,mRNA
16071,5779072,5779260,188,mRNA
16072,5778291,5778432,141,mRNA
16073,5777701,5778226,525,mRNA
16074,5777195,5777629,434,mRNA
16075,5779335,5781582,2247,CDS
16076,5779072,5779260,188,CDS
16077,5778291,5778432,141,CDS
16078,5777701,5778226,525,CDS
16079,5777336,5777629,293,CDS
16080,5789487,5790919,1432,gene
16081,5789487,5790919,1432,mRNA
16082,5789646,5790758,1112,CDS
16083,5790753,5790861,108,gene
16084,5790753,5790861,108,precursor_RNA
16085,5790780,5790800,20,ncRNA
16086,5790818,5790839,21,ncRNA
16087,5790952,5791536,584,gene
16088,5790952,5791536,584,ncRNA
16089,5792140,5794543,2403,gene
16090,5792140,5794142,2002,mRNA
16091,5794204,5794543,339,mRNA
16092,5792242,5794142,1900,CDS
16093,5794204,5794255,51,CDS
16094,5804677,5805344,667,gene
16095,5804677,5804742,65,mRNA
16096,5804806,5805344,538,mRNA
16097,5804731,5804742,11,CDS
16098,5804806,5805231,425,CDS
16099,5808954,5810158,1204,gene
16100,5808954,5809094,140,mRNA
16101,5809152,5809331,179,mRNA
16102,5809403,5810158,755,mRNA
16103,5809006,5809094,88,CDS
16104,5809152,5809331,179,CDS
16105,5809403,5810057,654,CDS
16106,5810492,5811006,514,gene
16107,5810492,5811006,514,ncRNA
16108,5812273,5812977,704,gene
16109,5812806,5812977,171,mRNA
16110,5812673,5812750,77,mRNA
16111,5812273,5812617,344,mRNA
16112,5812806,5812884,78,CDS
16113,5812673,5812750,77,CDS
16114,5812313,5812617,304,CDS
16115,5814864,5815820,956,gene
16116,5814864,5815820,956,mRNA
16117,5815116,5815766,650,CDS
16118,5818559,5840823,22264,gene
16119,5818559,5818594,35,mRNA
16120,5819015,5819202,187,mRNA
16121,5834351,5834480,129,mRNA
16122,5836041,5836155,114,mRNA
16123,5836730,5836890,160,mRNA
16124,5836975,5837114,139,mRNA
16125,5837206,5839573,2367,mRNA
16126,5819052,5819202,150,mRNA
16127,5834351,5834480,129,mRNA
16128,5836041,5836155,114,mRNA
16129,5836730,5836890,160,mRNA
16130,5836975,5837114,139,mRNA
16131,5837206,5840823,3617,mRNA
16132,5819122,5819202,80,CDS
16133,5834351,5834480,129,CDS
16134,5836041,5836155,114,CDS
16135,5836730,5836890,160,CDS
16136,5836975,5837114,139,CDS
16137,5837206,5839200,1994,CDS
16138,5819122,5819202,80,CDS
16139,5834351,5834480,129,CDS
16140,5836041,5836155,114,CDS
16141,5836730,5836890,160,CDS
16142,5836975,5837114,139,CDS
16143,5837206,5839200,1994,CDS
16144,5831898,5832215,317,gene
16145,5831898,5832215,317,ncRNA
16146,5832298,5832368,70,gene
16147,5832298,5832368,70,tRNA
16148,5845280,5846106,826,gene
16149,5845280,5846106,826,mRNA
16150,5845353,5846054,701,CDS
16151,5853761,5854464,703,gene
16152,5853761,5854464,703,mRNA
16153,5853835,5854413,578,CDS
16154,5864550,5865151,601,gene
16155,5865029,5865151,122,mRNA
16156,5864550,5864968,418,mRNA
16157,5864740,5864967,227,CDS
16158,5869095,5870266,1171,gene
16159,5869095,5870266,1171,mRNA
16160,5869095,5870108,1013,mRNA
16161,5869182,5870063,881,CDS
16162,5869182,5870063,881,CDS
16163,5870841,5873357,2516,gene
16164,5873079,5873357,278,mRNA
16165,5871340,5873018,1678,mRNA
16166,5870841,5871270,429,mRNA
16167,5873079,5873256,177,CDS
16168,5871340,5873018,1678,CDS
16169,5871103,5871270,167,CDS
16170,5873667,5873866,199,mobile_element
16171,5873840,5876853,3013,gene
16172,5873840,5876853,3013,mRNA
16173,5874269,5876752,2483,CDS
16174,5877000,5879787,2787,gene
16175,5879377,5879787,410,mRNA
16176,5878046,5879322,1276,mRNA
16177,5877606,5877805,199,mRNA
16178,5877000,5877547,547,mRNA
16179,5879377,5879618,241,mRNA
16180,5878046,5879322,1276,mRNA
16181,5877606,5877805,199,mRNA
16182,5877000,5877547,547,mRNA
16183,5879377,5879458,81,CDS
16184,5878046,5879322,1276,CDS
16185,5877606,5877805,199,CDS
16186,5877430,5877547,117,CDS
16187,5879377,5879458,81,CDS
16188,5878046,5879322,1276,CDS
16189,5877606,5877805,199,CDS
16190,5877430,5877547,117,CDS
16191,5879869,5883391,3522,gene
16192,5879869,5880108,239,mRNA
16193,5880834,5881321,487,mRNA
16194,5881386,5881870,484,mRNA
16195,5881935,5882235,300,mRNA
16196,5882297,5882463,166,mRNA
16197,5882527,5883391,864,mRNA
16198,5880534,5880669,135,mRNA
16199,5880834,5881321,487,mRNA
16200,5881386,5881870,484,mRNA
16201,5881935,5882235,300,mRNA
16202,5882297,5882463,166,mRNA
16203,5882527,5883391,864,mRNA
16204,5880819,5881321,502,mRNA
16205,5881386,5881870,484,mRNA
16206,5881935,5882235,300,mRNA
16207,5882297,5882463,166,mRNA
16208,5882527,5883391,864,mRNA
16209,5881053,5881321,268,CDS
16210,5881386,5881870,484,CDS
16211,5881935,5882235,300,CDS
16212,5882297,5882463,166,CDS
16213,5882527,5882789,262,CDS
16214,5881053,5881321,268,CDS
16215,5881386,5881870,484,CDS
16216,5881935,5882235,300,CDS
16217,5882297,5882463,166,CDS
16218,5882527,5882789,262,CDS
16219,5881053,5881321,268,CDS
16220,5881386,5881870,484,CDS
16221,5881935,5882235,300,CDS
16222,5882297,5882463,166,CDS
16223,5882527,5882789,262,CDS
16224,5882480,5899989,17509,gene
16225,5899055,5899989,934,ncRNA
16226,5885561,5885860,299,ncRNA
16227,5882480,5883077,597,ncRNA
16228,5883863,5884048,185,mobile_element
16229,5884215,5884400,185,mobile_element
16230,5900861,5905399,4538,gene
16231,5900861,5901013,152,mRNA
16232,5902690,5905399,2709,mRNA
16233,5900861,5901013,152,mRNA
16234,5902690,5904788,2098,mRNA
16235,5900861,5901013,152,mRNA
16236,5902690,5904464,1774,mRNA
16237,5900861,5901013,152,mRNA
16238,5902690,5904173,1483,mRNA
16239,5901982,5902096,114,mRNA
16240,5902690,5905227,2537,mRNA
16241,5902698,5903828,1130,CDS
16242,5902698,5903828,1130,CDS
16243,5902698,5903828,1130,CDS
16244,5902698,5903828,1130,CDS
16245,5902698,5903828,1130,CDS
16246,5905746,5908001,2255,gene
16247,5905746,5906011,265,mRNA
16248,5906078,5906363,285,mRNA
16249,5906432,5906668,236,mRNA
16250,5906723,5907209,486,mRNA
16251,5907265,5907335,70,mRNA
16252,5907393,5907518,125,mRNA
16253,5907589,5908001,412,mRNA
16254,5905882,5906011,129,mRNA
16255,5906078,5906363,285,mRNA
16256,5906432,5906668,236,mRNA
16257,5906723,5907209,486,mRNA
16258,5907265,5907335,70,mRNA
16259,5907393,5907518,125,mRNA
16260,5907589,5908001,412,mRNA
16261,5905957,5906011,54,CDS
16262,5906078,5906363,285,CDS
16263,5906432,5906668,236,CDS
16264,5906723,5907209,486,CDS
16265,5907265,5907335,70,CDS
16266,5907393,5907518,125,CDS
16267,5907589,5907811,222,CDS
16268,5905957,5906011,54,CDS
16269,5906078,5906363,285,CDS
16270,5906432,5906668,236,CDS
16271,5906723,5907209,486,CDS
16272,5907265,5907335,70,CDS
16273,5907393,5907518,125,CDS
16274,5907589,5907811,222,CDS
16275,5908135,5913079,4944,gene
16276,5908135,5908761,626,mRNA
16277,5908871,5909537,666,mRNA
16278,5909613,5909849,236,mRNA
16279,5909912,5910061,149,mRNA
16280,5912426,5913079,653,mRNA
16281,5908135,5908761,626,mRNA
16282,5908871,5909537,666,mRNA
16283,5909613,5909849,236,mRNA
16284,5909912,5910061,149,mRNA
16285,5910433,5911789,1356,mRNA
16286,5908492,5908761,269,CDS
16287,5908871,5909537,666,CDS
16288,5909613,5909849,236,CDS
16289,5909912,5910061,149,CDS
16290,5912426,5912763,337,CDS
16291,5908492,5908761,269,CDS
16292,5908871,5909537,666,CDS
16293,5909613,5909849,236,CDS
16294,5909912,5910061,149,CDS
16295,5910433,5910641,208,CDS
16296,5913067,5916797,3730,gene
16297,5916551,5916797,246,mRNA
16298,5916263,5916479,216,mRNA
16299,5914581,5914780,199,mRNA
16300,5913067,5914403,1336,mRNA
16301,5916263,5916317,54,mRNA
16302,5914581,5914780,199,mRNA
16303,5913067,5914403,1336,mRNA
16304,5914581,5915297,716,mRNA
16305,5913067,5914403,1336,mRNA
16306,5916263,5916469,206,CDS
16307,5914581,5914780,199,CDS
16308,5913197,5914403,1206,CDS
16309,5914581,5914777,196,CDS
16310,5913197,5914403,1206,CDS
16311,5914581,5914777,196,CDS
16312,5913197,5914403,1206,CDS
16313,5914363,5914649,286,gene
16314,5914363,5914486,123,ncRNA
16315,5914551,5914649,98,ncRNA
16316,5917097,5941852,24755,gene
16317,5917097,5917627,530,mRNA
16318,5938569,5938960,391,mRNA
16319,5939039,5939517,478,mRNA
16320,5939625,5940615,990,mRNA
16321,5940972,5941096,124,mRNA
16322,5941165,5941271,106,mRNA
16323,5941349,5941852,503,mRNA
16324,5917160,5917627,467,mRNA
16325,5938569,5938960,391,mRNA
16326,5939039,5939517,478,mRNA
16327,5939625,5940615,990,mRNA
16328,5940972,5941096,124,mRNA
16329,5941165,5941271,106,mRNA
16330,5941326,5941664,338,mRNA
16331,5927149,5932295,5146,mobile_element
16332,5938670,5938960,290,CDS
16333,5939039,5939517,478,CDS
16334,5939625,5940615,990,CDS
16335,5940972,5941096,124,CDS
16336,5941165,5941271,106,CDS
16337,5941349,5941404,55,CDS
16338,5938670,5938960,290,CDS
16339,5939039,5939517,478,CDS
16340,5939625,5940615,990,CDS
16341,5940972,5941096,124,CDS
16342,5941165,5941271,106,CDS
16343,5941326,5941363,37,CDS
16344,5942606,5945250,2644,gene
16345,5942606,5942841,235,mRNA
16346,5942903,5943088,185,mRNA
16347,5943155,5943293,138,mRNA
16348,5943377,5943611,234,mRNA
16349,5943673,5945250,1577,mRNA
16350,5942606,5942841,235,mRNA
16351,5942903,5943088,185,mRNA
16352,5943155,5943293,138,mRNA
16353,5943377,5943611,234,mRNA
16354,5943673,5944622,949,mRNA
16355,5942683,5942841,158,CDS
16356,5942903,5943088,185,CDS
16357,5943155,5943293,138,CDS
16358,5943377,5943611,234,CDS
16359,5943673,5944387,714,CDS
16360,5942683,5942841,158,CDS
16361,5942903,5943088,185,CDS
16362,5943155,5943293,138,CDS
16363,5943377,5943611,234,CDS
16364,5943673,5944387,714,CDS
16365,5945682,5948353,2671,gene
16366,5945682,5945919,237,mRNA
16367,5945981,5946166,185,mRNA
16368,5946233,5946371,138,mRNA
16369,5946459,5946693,234,mRNA
16370,5946755,5948353,1598,mRNA
16371,5945682,5945919,237,mRNA
16372,5945981,5946166,185,mRNA
16373,5946233,5946371,138,mRNA
16374,5946459,5946693,234,mRNA
16375,5946755,5947851,1096,mRNA
16376,5945761,5945919,158,CDS
16377,5945981,5946166,185,CDS
16378,5946233,5946371,138,CDS
16379,5946459,5946693,234,CDS
16380,5946755,5947415,660,CDS
16381,5945761,5945919,158,CDS
16382,5945981,5946166,185,CDS
16383,5946233,5946371,138,CDS
16384,5946459,5946693,234,CDS
16385,5946755,5947415,660,CDS
16386,5948160,5950208,2048,gene
16387,5948160,5948312,152,mRNA
16388,5949090,5949285,195,mRNA
16389,5949351,5949630,279,mRNA
16390,5949729,5950208,479,mRNA
16391,5948249,5948312,63,CDS
16392,5949090,5949285,195,CDS
16393,5949351,5949630,279,CDS
16394,5949729,5950115,386,CDS
16395,5950251,5951711,1460,gene
16396,5950251,5950644,393,mRNA
16397,5950704,5950989,285,mRNA
16398,5951045,5951711,666,mRNA
16399,5950376,5950644,268,CDS
16400,5950704,5950989,285,CDS
16401,5951045,5951437,392,CDS
16402,5952565,5954046,1481,gene
16403,5952565,5952664,99,mRNA
16404,5952732,5952957,225,mRNA
16405,5953215,5954046,831,mRNA
16406,5952598,5952664,66,CDS
16407,5952732,5952957,225,CDS
16408,5953215,5954010,795,CDS
16409,5955629,5958283,2654,gene
16410,5955629,5955874,245,mRNA
16411,5957053,5957281,228,mRNA
16412,5957351,5958283,932,mRNA
16413,5955799,5955874,75,CDS
16414,5957053,5957281,228,CDS
16415,5957351,5957969,618,CDS
16416,5958207,5964247,6040,gene
16417,5963547,5964247,700,mRNA
16418,5963338,5963473,135,mRNA
16419,5962789,5963281,492,mRNA
16420,5962351,5962737,386,mRNA
16421,5961809,5962288,479,mRNA
16422,5961489,5961751,262,mRNA
16423,5958207,5961436,3229,mRNA
16424,5963547,5964157,610,CDS
16425,5963338,5963473,135,CDS
16426,5962789,5963281,492,CDS
16427,5962351,5962737,386,CDS
16428,5961809,5962288,479,CDS
16429,5961489,5961751,262,CDS
16430,5958296,5961436,3140,CDS
16431,5966279,5986699,20420,gene
16432,5966279,5966737,458,mRNA
16433,5978842,5978961,119,mRNA
16434,5982099,5982311,212,mRNA
16435,5982400,5982593,193,mRNA
16436,5982749,5983059,310,mRNA
16437,5983133,5983296,163,mRNA
16438,5984204,5985422,1218,mRNA
16439,5985484,5985686,202,mRNA
16440,5985752,5986230,478,mRNA
16441,5986298,5986699,401,mRNA
16442,5966279,5966327,48,mRNA
16443,5966463,5966737,274,mRNA
16444,5978842,5978961,119,mRNA
16445,5982099,5982311,212,mRNA
16446,5982403,5982593,190,mRNA
16447,5982749,5983059,310,mRNA
16448,5983133,5983296,163,mRNA
16449,5984204,5985422,1218,mRNA
16450,5985484,5985686,202,mRNA
16451,5985752,5986230,478,mRNA
16452,5986298,5986699,401,mRNA
16453,5966463,5966737,274,mRNA
16454,5978842,5978961,119,mRNA
16455,5982099,5982311,212,mRNA
16456,5982403,5982593,190,mRNA
16457,5982749,5983059,310,mRNA
16458,5983133,5983296,163,mRNA
16459,5984204,5985422,1218,mRNA
16460,5985484,5985686,202,mRNA
16461,5985752,5986230,478,mRNA
16462,5986298,5986699,401,mRNA
16463,5966566,5966737,171,CDS
16464,5978842,5978961,119,CDS
16465,5982099,5982311,212,CDS
16466,5982400,5982593,193,CDS
16467,5982749,5983059,310,CDS
16468,5983133,5983296,163,CDS
16469,5984204,5985422,1218,CDS
16470,5985484,5985686,202,CDS
16471,5985752,5986230,478,CDS
16472,5986298,5986399,101,CDS
16473,5966566,5966737,171,CDS
16474,5978842,5978961,119,CDS
16475,5982099,5982311,212,CDS
16476,5982403,5982593,190,CDS
16477,5982749,5983059,310,CDS
16478,5983133,5983296,163,CDS
16479,5984204,5985422,1218,CDS
16480,5985484,5985686,202,CDS
16481,5985752,5986230,478,CDS
16482,5986298,5986399,101,CDS
16483,5966566,5966737,171,CDS
16484,5978842,5978961,119,CDS
16485,5982099,5982311,212,CDS
16486,5982403,5982593,190,CDS
16487,5982749,5983059,310,CDS
16488,5983133,5983296,163,CDS
16489,5984204,5985422,1218,CDS
16490,5985484,5985686,202,CDS
16491,5985752,5986230,478,CDS
16492,5986298,5986399,101,CDS
16493,5988791,5992640,3849,gene
16494,5988791,5991385,2594,mRNA
16495,5991485,5992640,1155,mRNA
16496,5988791,5989357,566,mRNA
16497,5990490,5991385,895,mRNA
16498,5991485,5992640,1155,mRNA
16499,5989240,5989357,117,CDS
16500,5990490,5991385,895,CDS
16501,5991485,5992093,608,CDS
16502,5990684,5991385,701,CDS
16503,5991485,5992093,608,CDS
16504,5997508,6000797,3289,gene
16505,5999994,6000797,803,mRNA
16506,5998947,5999500,553,mRNA
16507,5997508,5998822,1314,mRNA
16508,5999994,6000196,202,CDS
16509,5998947,5999500,553,CDS
16510,5998473,5998822,349,CDS
16511,6001511,6005713,4202,gene
16512,6001511,6001960,449,ncRNA
16513,6004062,6005713,1651,ncRNA
16514,6008183,6013181,4998,gene
16515,6012075,6013181,1106,mRNA
16516,6008183,6009157,974,mRNA
16517,6012075,6012822,747,CDS
16518,6008808,6009157,349,CDS
16519,6013708,6014019,311,gene
16520,6013708,6013827,119,ncRNA
16521,6013901,6014019,118,ncRNA
16522,6035753,6037800,2047,gene
16523,6037758,6037800,42,mRNA
16524,6037069,6037118,49,mRNA
16525,6035753,6036978,1225,mRNA
16526,6037069,6037262,193,mRNA
16527,6035753,6036978,1225,mRNA
16528,6037069,6037090,21,CDS
16529,6035993,6036978,985,CDS
16530,6037069,6037090,21,CDS
16531,6035993,6036978,985,CDS
16532,6037892,6039576,1684,gene
16533,6037892,6037979,87,mRNA
16534,6038041,6038193,152,mRNA
16535,6038263,6038565,302,mRNA
16536,6038876,6039576,700,mRNA
16537,6037892,6037979,87,mRNA
16538,6038041,6038193,152,mRNA
16539,6038263,6038565,302,mRNA
16540,6038876,6039129,253,mRNA
16541,6037969,6037979,10,CDS
16542,6038041,6038193,152,CDS
16543,6038263,6038565,302,CDS
16544,6038876,6038957,81,CDS
16545,6037969,6037979,10,CDS
16546,6038041,6038193,152,CDS
16547,6038263,6038565,302,CDS
16548,6038876,6038957,81,CDS
16549,6040005,6050381,10376,gene
16550,6040005,6040098,93,mRNA
16551,6040525,6040786,261,mRNA
16552,6041586,6041719,133,mRNA
16553,6042254,6042894,640,mRNA
16554,6042952,6043272,320,mRNA
16555,6043336,6044614,1278,mRNA
16556,6044685,6045052,367,mRNA
16557,6045116,6045551,435,mRNA
16558,6045619,6050381,4762,mRNA
16559,6040317,6040392,75,mRNA
16560,6040525,6040786,261,mRNA
16561,6041586,6041719,133,mRNA
16562,6042254,6042894,640,mRNA
16563,6042952,6043272,320,mRNA
16564,6043336,6044614,1278,mRNA
16565,6044685,6045052,367,mRNA
16566,6045116,6045551,435,mRNA
16567,6045619,6050381,4762,mRNA
16568,6040702,6040786,84,CDS
16569,6041586,6041719,133,CDS
16570,6042254,6042894,640,CDS
16571,6042952,6043272,320,CDS
16572,6043336,6044614,1278,CDS
16573,6044685,6045052,367,CDS
16574,6045116,6045551,435,CDS
16575,6045619,6048510,2891,CDS
16576,6040702,6040786,84,CDS
16577,6041586,6041719,133,CDS
16578,6042254,6042894,640,CDS
16579,6042952,6043272,320,CDS
16580,6043336,6044614,1278,CDS
16581,6044685,6045052,367,CDS
16582,6045116,6045551,435,CDS
16583,6045619,6048510,2891,CDS
16584,6050828,6065646,14818,gene
16585,6050828,6051319,491,mRNA
16586,6059886,6060257,371,mRNA
16587,6060380,6060513,133,mRNA
16588,6060574,6061555,981,mRNA
16589,6061720,6062064,344,mRNA
16590,6063333,6063527,194,mRNA
16591,6063806,6065646,1840,mRNA
16592,6050828,6051319,491,mRNA
16593,6059886,6060257,371,mRNA
16594,6060380,6060513,133,mRNA
16595,6060574,6061555,981,mRNA
16596,6061720,6062064,344,mRNA
16597,6063072,6063242,170,mRNA
16598,6063333,6063527,194,mRNA
16599,6063806,6064487,681,mRNA
16600,6050828,6051319,491,mRNA
16601,6059886,6060257,371,mRNA
16602,6060380,6060513,133,mRNA
16603,6060574,6061555,981,mRNA
16604,6061720,6062064,344,mRNA
16605,6063072,6063242,170,mRNA
16606,6063333,6063663,330,mRNA
16607,6059910,6060257,347,CDS
16608,6060380,6060513,133,CDS
16609,6060574,6061555,981,CDS
16610,6061720,6062064,344,CDS
16611,6063072,6063242,170,CDS
16612,6063333,6063527,194,CDS
16613,6063806,6064291,485,CDS
16614,6059910,6060257,347,CDS
16615,6060380,6060513,133,CDS
16616,6060574,6061555,981,CDS
16617,6061720,6062064,344,CDS
16618,6063333,6063527,194,CDS
16619,6063806,6064291,485,CDS
16620,6059910,6060257,347,CDS
16621,6060380,6060513,133,CDS
16622,6060574,6061555,981,CDS
16623,6061720,6062064,344,CDS
16624,6063072,6063242,170,CDS
16625,6063333,6063539,206,CDS
16626,6065729,6066416,687,gene
16627,6065729,6066416,687,mRNA
16628,6065788,6066342,554,CDS
16629,6067958,6069264,1306,gene
16630,6067958,6068303,345,mRNA
16631,6068361,6068483,122,mRNA
16632,6068552,6069264,712,mRNA
16633,6067958,6068483,525,mRNA
16634,6068552,6068683,131,mRNA
16635,6069057,6069261,204,mRNA
16636,6067958,6068303,345,mRNA
16637,6068361,6068483,122,mRNA
16638,6068552,6068683,131,mRNA
16639,6069057,6069261,204,mRNA
16640,6068091,6068303,212,CDS
16641,6068361,6068483,122,CDS
16642,6068552,6068683,131,CDS
16643,6069057,6069140,83,CDS
16644,6068091,6068303,212,CDS
16645,6068361,6068483,122,CDS
16646,6068552,6068815,263,CDS
16647,6068091,6068327,236,CDS
16648,6069131,6074857,5726,gene
16649,6074577,6074857,280,mRNA
16650,6071805,6071875,70,mRNA
16651,6070857,6071048,191,mRNA
16652,6070521,6070715,194,mRNA
16653,6070293,6070453,160,mRNA
16654,6069131,6070202,1071,mRNA
16655,6072862,6072997,135,mRNA
16656,6071805,6071875,70,mRNA
16657,6070857,6071048,191,mRNA
16658,6070521,6070715,194,mRNA
16659,6070293,6070453,160,mRNA
16660,6069131,6070202,1071,mRNA
16661,6072862,6072997,135,mRNA
16662,6071805,6071875,70,mRNA
16663,6070857,6071048,191,mRNA
16664,6070521,6070715,194,mRNA
16665,6070293,6070453,160,mRNA
16666,6069131,6070202,1071,mRNA
16667,6071805,6071867,62,CDS
16668,6070857,6071048,191,CDS
16669,6070521,6070715,194,CDS
16670,6070293,6070453,160,CDS
16671,6069950,6070202,252,CDS
16672,6071805,6071867,62,CDS
16673,6070857,6071048,191,CDS
16674,6070521,6070715,194,CDS
16675,6070293,6070453,160,CDS
16676,6069962,6070202,240,CDS
16677,6071805,6071867,62,CDS
16678,6070857,6071048,191,CDS
16679,6070521,6070715,194,CDS
16680,6070293,6070453,160,CDS
16681,6069962,6070202,240,CDS
16682,6076072,6077786,1714,gene
16683,6077337,6077786,449,mRNA
16684,6076072,6076984,912,mRNA
16685,6077337,6077530,193,mRNA
16686,6076072,6076984,912,mRNA
16687,6076370,6076951,581,CDS
16688,6076370,6076951,581,CDS
16689,6078708,6081372,2664,gene
16690,6081342,6081372,30,mRNA
16691,6080337,6080588,251,mRNA
16692,6079611,6079825,214,mRNA
16693,6078708,6079484,776,mRNA
16694,6080337,6080496,159,CDS
16695,6079611,6079825,214,CDS
16696,6079074,6079484,410,CDS
16697,6082634,6090201,7567,gene
16698,6088272,6090201,1929,mRNA
16699,6084791,6088213,3422,mRNA
16700,6084223,6084608,385,mRNA
16701,6083854,6084054,200,mRNA
16702,6082634,6083790,1156,mRNA
16703,6088272,6090201,1929,mRNA
16704,6084791,6088213,3422,mRNA
16705,6084223,6084608,385,mRNA
16706,6083854,6084054,200,mRNA
16707,6082659,6083790,1131,mRNA
16708,6082709,6091471,8762,gene
16709,6091117,6091471,354,mRNA
16710,6090409,6090842,433,mRNA
16711,6084223,6084608,385,mRNA
16712,6083854,6084054,200,mRNA
16713,6082709,6083790,1081,mRNA
16714,6091117,6091294,177,CDS
16715,6090409,6090842,433,CDS
16716,6084223,6084608,385,CDS
16717,6083854,6084054,200,CDS
16718,6083628,6083790,162,CDS
16719,6088272,6089706,1434,CDS
16720,6084791,6088213,3422,CDS
16721,6084601,6084608,7,CDS
16722,6088272,6089706,1434,CDS
16723,6084791,6088213,3422,CDS
16724,6084601,6084608,7,CDS
16725,6089878,6090648,770,gene
16726,6089878,6090118,240,ncRNA
16727,6090387,6090648,261,ncRNA
16728,6091205,6103971,12766,gene
16729,6091205,6091568,363,mRNA
16730,6091633,6092215,582,mRNA
16731,6096052,6096653,601,mRNA
16732,6099581,6099679,98,mRNA
16733,6101239,6101366,127,mRNA
16734,6101439,6101556,117,mRNA
16735,6101653,6102659,1006,mRNA
16736,6102725,6102887,162,mRNA
16737,6102956,6103272,316,mRNA
16738,6103327,6103971,644,mRNA
16739,6091770,6092079,309,mRNA
16740,6096052,6096653,601,mRNA
16741,6099581,6099679,98,mRNA
16742,6101239,6101366,127,mRNA
16743,6101439,6101556,117,mRNA
16744,6101653,6102659,1006,mRNA
16745,6102725,6102887,162,mRNA
16746,6102956,6103272,316,mRNA
16747,6103327,6103971,644,mRNA
16748,6093869,6094157,288,mRNA
16749,6096052,6096653,601,mRNA
16750,6099581,6099679,98,mRNA
16751,6101239,6101366,127,mRNA
16752,6101439,6101556,117,mRNA
16753,6101653,6102659,1006,mRNA
16754,6102725,6102887,162,mRNA
16755,6102956,6103272,316,mRNA
16756,6103327,6103971,644,mRNA
16757,6094586,6095063,477,mRNA
16758,6096052,6096653,601,mRNA
16759,6099581,6099679,98,mRNA
16760,6101239,6101366,127,mRNA
16761,6101439,6101556,117,mRNA
16762,6101653,6102659,1006,mRNA
16763,6102725,6102887,162,mRNA
16764,6102956,6103272,316,mRNA
16765,6103327,6103971,644,mRNA
16766,6096209,6096653,444,CDS
16767,6099581,6099679,98,CDS
16768,6101239,6101366,127,CDS
16769,6101439,6101556,117,CDS
16770,6101653,6102659,1006,CDS
16771,6102725,6102887,162,CDS
16772,6102956,6103272,316,CDS
16773,6103327,6103599,272,CDS
16774,6096209,6096653,444,CDS
16775,6099581,6099679,98,CDS
16776,6101239,6101366,127,CDS
16777,6101439,6101556,117,CDS
16778,6101653,6102659,1006,CDS
16779,6102725,6102887,162,CDS
16780,6102956,6103272,316,CDS
16781,6103327,6103599,272,CDS
16782,6096209,6096653,444,CDS
16783,6099581,6099679,98,CDS
16784,6101239,6101366,127,CDS
16785,6101439,6101556,117,CDS
16786,6101653,6102659,1006,CDS
16787,6102725,6102887,162,CDS
16788,6102956,6103272,316,CDS
16789,6103327,6103599,272,CDS
16790,6096209,6096653,444,CDS
16791,6099581,6099679,98,CDS
16792,6101239,6101366,127,CDS
16793,6101439,6101556,117,CDS
16794,6101653,6102659,1006,CDS
16795,6102725,6102887,162,CDS
16796,6102956,6103272,316,CDS
16797,6103327,6103599,272,CDS
16798,6104085,6192483,88398,gene
16799,6192347,6192483,136,mRNA
16800,6191349,6191528,179,mRNA
16801,6164474,6164503,29,mRNA
16802,6145265,6146219,954,mRNA
16803,6139606,6139717,111,mRNA
16804,6138024,6138255,231,mRNA
16805,6137787,6137961,174,mRNA
16806,6135702,6135740,38,mRNA
16807,6132192,6132313,121,mRNA
16808,6131804,6131958,154,mRNA
16809,6130564,6130656,92,mRNA
16810,6128378,6128619,241,mRNA
16811,6126245,6126857,612,mRNA
16812,6125952,6125975,23,mRNA
16813,6124757,6125095,338,mRNA
16814,6123694,6124601,907,mRNA
16815,6123389,6123598,209,mRNA
16816,6118118,6118283,165,mRNA
16817,6115417,6115572,155,mRNA
16818,6114602,6114784,182,mRNA
16819,6114109,6114399,290,mRNA
16820,6113872,6114033,161,mRNA
16821,6112421,6113784,1363,mRNA
16822,6111928,6112120,192,mRNA
16823,6111674,6111823,149,mRNA
16824,6108030,6109946,1916,mRNA
16825,6104085,6107961,3876,mRNA
16826,6192347,6192483,136,mRNA
16827,6191349,6191528,179,mRNA
16828,6164474,6164503,29,mRNA
16829,6145265,6146219,954,mRNA
16830,6139606,6139717,111,mRNA
16831,6138024,6138255,231,mRNA
16832,6137787,6137961,174,mRNA
16833,6132192,6132313,121,mRNA
16834,6131804,6131958,154,mRNA
16835,6130564,6130656,92,mRNA
16836,6128393,6128619,226,mRNA
16837,6126245,6126857,612,mRNA
16838,6125952,6125975,23,mRNA
16839,6124757,6125095,338,mRNA
16840,6123694,6124601,907,mRNA
16841,6123389,6123598,209,mRNA
16842,6118118,6118283,165,mRNA
16843,6115417,6115572,155,mRNA
16844,6114602,6114784,182,mRNA
16845,6114109,6114399,290,mRNA
16846,6113872,6114033,161,mRNA
16847,6112421,6113784,1363,mRNA
16848,6111928,6112120,192,mRNA
16849,6111674,6111823,149,mRNA
16850,6108030,6109946,1916,mRNA
16851,6106178,6107961,1783,mRNA
16852,6192347,6192483,136,mRNA
16853,6191349,6191528,179,mRNA
16854,6164474,6164503,29,mRNA
16855,6145265,6146219,954,mRNA
16856,6139606,6139717,111,mRNA
16857,6138024,6138255,231,mRNA
16858,6137787,6137961,174,mRNA
16859,6132192,6132313,121,mRNA
16860,6131804,6131958,154,mRNA
16861,6130564,6130656,92,mRNA
16862,6128378,6128619,241,mRNA
16863,6126245,6126857,612,mRNA
16864,6124757,6125095,338,mRNA
16865,6123694,6124601,907,mRNA
16866,6123389,6123598,209,mRNA
16867,6120235,6120349,114,mRNA
16868,6115417,6115572,155,mRNA
16869,6114602,6114784,182,mRNA
16870,6114109,6114399,290,mRNA
16871,6113872,6114033,161,mRNA
16872,6112421,6113784,1363,mRNA
16873,6111928,6112120,192,mRNA
16874,6111674,6111823,149,mRNA
16875,6108030,6109946,1916,mRNA
16876,6106178,6107961,1783,mRNA
16877,6192347,6192483,136,mRNA
16878,6191349,6191528,179,mRNA
16879,6164474,6164503,29,mRNA
16880,6145265,6146219,954,mRNA
16881,6139606,6139717,111,mRNA
16882,6138024,6138255,231,mRNA
16883,6137787,6137961,174,mRNA
16884,6132192,6132313,121,mRNA
16885,6131804,6131958,154,mRNA
16886,6130564,6130656,92,mRNA
16887,6128378,6128619,241,mRNA
16888,6126245,6126857,612,mRNA
16889,6125952,6125975,23,mRNA
16890,6124757,6125095,338,mRNA
16891,6123694,6124601,907,mRNA
16892,6123389,6123598,209,mRNA
16893,6118118,6118283,165,mRNA
16894,6115417,6115572,155,mRNA
16895,6114602,6114784,182,mRNA
16896,6114109,6114399,290,mRNA
16897,6113872,6114033,161,mRNA
16898,6112421,6113784,1363,mRNA
16899,6111928,6112120,192,mRNA
16900,6111674,6111823,149,mRNA
16901,6108030,6109946,1916,mRNA
16902,6106178,6107961,1783,mRNA
16903,6192347,6192483,136,mRNA
16904,6191349,6191528,179,mRNA
16905,6164474,6164503,29,mRNA
16906,6145265,6146219,954,mRNA
16907,6139606,6139717,111,mRNA
16908,6138024,6138255,231,mRNA
16909,6137787,6137961,174,mRNA
16910,6132192,6132313,121,mRNA
16911,6131804,6131958,154,mRNA
16912,6130564,6130656,92,mRNA
16913,6128378,6128619,241,mRNA
16914,6126245,6126857,612,mRNA
16915,6125952,6125975,23,mRNA
16916,6124757,6125095,338,mRNA
16917,6123694,6124601,907,mRNA
16918,6123389,6123598,209,mRNA
16919,6120235,6120349,114,mRNA
16920,6115417,6115572,155,mRNA
16921,6114602,6114784,182,mRNA
16922,6114109,6114399,290,mRNA
16923,6113872,6114033,161,mRNA
16924,6112421,6113784,1363,mRNA
16925,6111928,6112120,192,mRNA
16926,6111674,6111823,149,mRNA
16927,6108030,6109946,1916,mRNA
16928,6106178,6107961,1783,mRNA
16929,6145265,6146166,901,CDS
16930,6139606,6139717,111,CDS
16931,6138024,6138255,231,CDS
16932,6137787,6137961,174,CDS
16933,6132192,6132313,121,CDS
16934,6131804,6131958,154,CDS
16935,6130564,6130656,92,CDS
16936,6128393,6128619,226,CDS
16937,6126245,6126857,612,CDS
16938,6125952,6125975,23,CDS
16939,6124757,6125095,338,CDS
16940,6123694,6124601,907,CDS
16941,6123389,6123598,209,CDS
16942,6118118,6118283,165,CDS
16943,6115417,6115572,155,CDS
16944,6114602,6114784,182,CDS
16945,6114109,6114399,290,CDS
16946,6113872,6114033,161,CDS
16947,6112421,6113784,1363,CDS
16948,6111928,6112120,192,CDS
16949,6111674,6111823,149,CDS
16950,6108030,6109946,1916,CDS
16951,6107053,6107961,908,CDS
16952,6145265,6146166,901,CDS
16953,6139606,6139717,111,CDS
16954,6138024,6138255,231,CDS
16955,6137787,6137961,174,CDS
16956,6132192,6132313,121,CDS
16957,6131804,6131958,154,CDS
16958,6130564,6130656,92,CDS
16959,6128378,6128619,241,CDS
16960,6126245,6126857,612,CDS
16961,6124757,6125095,338,CDS
16962,6123694,6124601,907,CDS
16963,6123389,6123598,209,CDS
16964,6120235,6120349,114,CDS
16965,6115417,6115572,155,CDS
16966,6114602,6114784,182,CDS
16967,6114109,6114399,290,CDS
16968,6113872,6114033,161,CDS
16969,6112421,6113784,1363,CDS
16970,6111928,6112120,192,CDS
16971,6111674,6111823,149,CDS
16972,6108030,6109946,1916,CDS
16973,6107053,6107961,908,CDS
16974,6145265,6146166,901,CDS
16975,6139606,6139717,111,CDS
16976,6138024,6138255,231,CDS
16977,6137787,6137961,174,CDS
16978,6132192,6132313,121,CDS
16979,6131804,6131958,154,CDS
16980,6130564,6130656,92,CDS
16981,6128378,6128619,241,CDS
16982,6126245,6126857,612,CDS
16983,6125952,6125975,23,CDS
16984,6124757,6125095,338,CDS
16985,6123694,6124601,907,CDS
16986,6123389,6123598,209,CDS
16987,6118118,6118283,165,CDS
16988,6115417,6115572,155,CDS
16989,6114602,6114784,182,CDS
16990,6114109,6114399,290,CDS
16991,6113872,6114033,161,CDS
16992,6112421,6113784,1363,CDS
16993,6111928,6112120,192,CDS
16994,6111674,6111823,149,CDS
16995,6108030,6109946,1916,CDS
16996,6107053,6107961,908,CDS
16997,6145265,6146166,901,CDS
16998,6139606,6139717,111,CDS
16999,6138024,6138255,231,CDS
17000,6137787,6137961,174,CDS
17001,6132192,6132313,121,CDS
17002,6131804,6131958,154,CDS
17003,6130564,6130656,92,CDS
17004,6128378,6128619,241,CDS
17005,6126245,6126857,612,CDS
17006,6125952,6125975,23,CDS
17007,6124757,6125095,338,CDS
17008,6123694,6124601,907,CDS
17009,6123389,6123598,209,CDS
17010,6120235,6120349,114,CDS
17011,6115417,6115572,155,CDS
17012,6114602,6114784,182,CDS
17013,6114109,6114399,290,CDS
17014,6113872,6114033,161,CDS
17015,6112421,6113784,1363,CDS
17016,6111928,6112120,192,CDS
17017,6111674,6111823,149,CDS
17018,6108030,6109946,1916,CDS
17019,6107053,6107961,908,CDS
17020,6145265,6146166,901,CDS
17021,6139606,6139717,111,CDS
17022,6138024,6138255,231,CDS
17023,6137787,6137961,174,CDS
17024,6135702,6135740,38,CDS
17025,6132192,6132313,121,CDS
17026,6131804,6131958,154,CDS
17027,6130564,6130656,92,CDS
17028,6128378,6128619,241,CDS
17029,6126245,6126857,612,CDS
17030,6125952,6125975,23,CDS
17031,6124757,6125095,338,CDS
17032,6123694,6124601,907,CDS
17033,6123389,6123598,209,CDS
17034,6118118,6118283,165,CDS
17035,6115417,6115572,155,CDS
17036,6114602,6114784,182,CDS
17037,6114109,6114399,290,CDS
17038,6113872,6114033,161,CDS
17039,6112421,6113784,1363,CDS
17040,6111928,6112120,192,CDS
17041,6111674,6111823,149,CDS
17042,6108030,6109946,1916,CDS
17043,6107053,6107961,908,CDS
17044,6171638,6179013,7375,mobile_element
17045,6194737,6196439,1702,gene
17046,6195712,6196439,727,mRNA
17047,6194737,6195653,916,mRNA
17048,6195712,6196417,705,CDS
17049,6194788,6195653,865,CDS
17050,6196580,6198654,2074,gene
17051,6198547,6198654,107,mRNA
17052,6197860,6198490,630,mRNA
17053,6196931,6197651,720,mRNA
17054,6196580,6196877,297,mRNA
17055,6198547,6198654,107,mRNA
17056,6197860,6198490,630,mRNA
17057,6196931,6197627,696,mRNA
17058,6196711,6196877,166,mRNA
17059,6198547,6198618,71,CDS
17060,6197860,6198490,630,CDS
17061,6196931,6197627,696,CDS
17062,6196724,6196877,153,CDS
17063,6198547,6198618,71,CDS
17064,6197860,6198490,630,CDS
17065,6196931,6197651,720,CDS
17066,6196724,6196877,153,CDS
17067,6199216,6199891,675,gene
17068,6199782,6199891,109,mRNA
17069,6199216,6199729,513,mRNA
17070,6199782,6199841,59,CDS
17071,6199280,6199729,449,CDS
17072,6200188,6202559,2371,gene
17073,6202471,6202559,88,mRNA
17074,6201764,6202406,642,mRNA
17075,6200653,6201382,729,mRNA
17076,6200188,6200589,401,mRNA
17077,6202471,6202542,71,CDS
17078,6201764,6202406,642,CDS
17079,6200653,6201382,729,CDS
17080,6200358,6200589,231,CDS
17081,6217268,6219327,2059,gene
17082,6219235,6219327,92,mRNA
17083,6217268,6219081,1813,mRNA
17084,6219235,6219294,59,CDS
17085,6217480,6219081,1601,CDS
17086,6219957,6222719,2762,gene
17087,6219957,6220417,460,mRNA
17088,6221380,6222719,1339,mRNA
17089,6220255,6220417,162,mRNA
17090,6220478,6220572,94,mRNA
17091,6221380,6222719,1339,mRNA
17092,6221382,6222440,1058,CDS
17093,6221382,6222440,1058,CDS
17094,6223061,6225140,2079,gene
17095,6225007,6225140,133,mRNA
17096,6223585,6224116,531,mRNA
17097,6223061,6223511,450,mRNA
17098,6225003,6225116,113,mRNA
17099,6223585,6224116,531,mRNA
17100,6223061,6223511,450,mRNA
17101,6224697,6225116,419,mRNA
17102,6223585,6224116,531,mRNA
17103,6223061,6223511,450,mRNA
17104,6224411,6224520,109,mRNA
17105,6223585,6224116,531,mRNA
17106,6223061,6223511,450,mRNA
17107,6223585,6224157,572,mRNA
17108,6223061,6223511,450,mRNA
17109,6223585,6224004,419,CDS
17110,6223407,6223511,104,CDS
17111,6223585,6224004,419,CDS
17112,6223407,6223511,104,CDS
17113,6223585,6224004,419,CDS
17114,6223407,6223511,104,CDS
17115,6223585,6224004,419,CDS
17116,6223407,6223511,104,CDS
17117,6223585,6224004,419,CDS
17118,6223407,6223511,104,CDS
17119,6225647,6236218,10571,gene
17120,6225647,6226220,573,mRNA
17121,6226440,6226732,292,mRNA
17122,6226800,6227915,1115,mRNA
17123,6227977,6228182,205,mRNA
17124,6228244,6228403,159,mRNA
17125,6228479,6228879,400,mRNA
17126,6228948,6229306,358,mRNA
17127,6229371,6229790,419,mRNA
17128,6229849,6229984,135,mRNA
17129,6230049,6230172,123,mRNA
17130,6230235,6230667,432,mRNA
17131,6230733,6230986,253,mRNA
17132,6231043,6233166,2123,mRNA
17133,6225936,6226220,284,mRNA
17134,6226440,6226732,292,mRNA
17135,6226800,6227915,1115,mRNA
17136,6227977,6228182,205,mRNA
17137,6228244,6228403,159,mRNA
17138,6228479,6228879,400,mRNA
17139,6228948,6229306,358,mRNA
17140,6229371,6229790,419,mRNA
17141,6229846,6229984,138,mRNA
17142,6230049,6230172,123,mRNA
17143,6230235,6230667,432,mRNA
17144,6230733,6230986,253,mRNA
17145,6231043,6236218,5175,mRNA
17146,6225936,6226220,284,mRNA
17147,6226440,6226732,292,mRNA
17148,6226800,6227915,1115,mRNA
17149,6227977,6228182,205,mRNA
17150,6228244,6228403,159,mRNA
17151,6228479,6228879,400,mRNA
17152,6228948,6229306,358,mRNA
17153,6229371,6229790,419,mRNA
17154,6229849,6229984,135,mRNA
17155,6230049,6230172,123,mRNA
17156,6230235,6230667,432,mRNA
17157,6230733,6230986,253,mRNA
17158,6231043,6233166,2123,mRNA
17159,6225941,6226220,279,mRNA
17160,6226440,6226732,292,mRNA
17161,6226800,6227915,1115,mRNA
17162,6227977,6228182,205,mRNA
17163,6228244,6228403,159,mRNA
17164,6228479,6228879,400,mRNA
17165,6228948,6229306,358,mRNA
17166,6229371,6229790,419,mRNA
17167,6229849,6229984,135,mRNA
17168,6230049,6230172,123,mRNA
17169,6230235,6230667,432,mRNA
17170,6230733,6230986,253,mRNA
17171,6231043,6236004,4961,mRNA
17172,6226175,6226220,45,CDS
17173,6226440,6226732,292,CDS
17174,6226800,6227915,1115,CDS
17175,6227977,6228182,205,CDS
17176,6228244,6228403,159,CDS
17177,6228479,6228879,400,CDS
17178,6228948,6229306,358,CDS
17179,6229371,6229790,419,CDS
17180,6229849,6229984,135,CDS
17181,6230049,6230172,123,CDS
17182,6230235,6230667,432,CDS
17183,6230733,6230986,253,CDS
17184,6231043,6231318,275,CDS
17185,6226175,6226220,45,CDS
17186,6226440,6226732,292,CDS
17187,6226800,6227915,1115,CDS
17188,6227977,6228182,205,CDS
17189,6228244,6228403,159,CDS
17190,6228479,6228879,400,CDS
17191,6228948,6229306,358,CDS
17192,6229371,6229790,419,CDS
17193,6229846,6229984,138,CDS
17194,6230049,6230172,123,CDS
17195,6230235,6230667,432,CDS
17196,6230733,6230986,253,CDS
17197,6231043,6231057,14,CDS
17198,6226175,6226220,45,CDS
17199,6226440,6226732,292,CDS
17200,6226800,6227915,1115,CDS
17201,6227977,6228182,205,CDS
17202,6228244,6228403,159,CDS
17203,6228479,6228879,400,CDS
17204,6228948,6229306,358,CDS
17205,6229371,6229790,419,CDS
17206,6229849,6229984,135,CDS
17207,6230049,6230172,123,CDS
17208,6230235,6230667,432,CDS
17209,6230733,6230986,253,CDS
17210,6231043,6231057,14,CDS
17211,6226175,6226220,45,CDS
17212,6226440,6226732,292,CDS
17213,6226800,6227915,1115,CDS
17214,6227977,6228182,205,CDS
17215,6228244,6228403,159,CDS
17216,6228479,6228879,400,CDS
17217,6228948,6229306,358,CDS
17218,6229371,6229790,419,CDS
17219,6229849,6229984,135,CDS
17220,6230049,6230172,123,CDS
17221,6230235,6230667,432,CDS
17222,6230733,6230986,253,CDS
17223,6231043,6231057,14,CDS
17224,6237315,6240558,3243,gene
17225,6237315,6237663,348,mRNA
17226,6238001,6238260,259,mRNA
17227,6238721,6238738,17,mRNA
17228,6238946,6239234,288,mRNA
17229,6239388,6239607,219,mRNA
17230,6240009,6240558,549,mRNA
17231,6237315,6237663,348,mRNA
17232,6238001,6238260,259,mRNA
17233,6238946,6239234,288,mRNA
17234,6239388,6239607,219,mRNA
17235,6240009,6240558,549,mRNA
17236,6237315,6237663,348,mRNA
17237,6238001,6238200,199,mRNA
17238,6238946,6239234,288,mRNA
17239,6239388,6239607,219,mRNA
17240,6240009,6240558,549,mRNA
17241,6237315,6237663,348,mRNA
17242,6238001,6238200,199,mRNA
17243,6238946,6239174,228,mRNA
17244,6239388,6239607,219,mRNA
17245,6240009,6240558,549,mRNA
17246,6237480,6237663,183,CDS
17247,6238001,6238260,259,CDS
17248,6238721,6238738,17,CDS
17249,6238946,6239234,288,CDS
17250,6239388,6239607,219,CDS
17251,6240009,6240126,117,CDS
17252,6237480,6237663,183,CDS
17253,6238001,6238260,259,CDS
17254,6238946,6239234,288,CDS
17255,6239388,6239607,219,CDS
17256,6240009,6240126,117,CDS
17257,6237480,6237663,183,CDS
17258,6238001,6238200,199,CDS
17259,6238946,6239234,288,CDS
17260,6239388,6239607,219,CDS
17261,6240009,6240126,117,CDS
17262,6237480,6237663,183,CDS
17263,6238001,6238200,199,CDS
17264,6238946,6239174,228,CDS
17265,6239388,6239607,219,CDS
17266,6240009,6240126,117,CDS
17267,6240745,6255487,14742,gene
17268,6255262,6255487,225,mRNA
17269,6252628,6252845,217,mRNA
17270,6252415,6252563,148,mRNA
17271,6245014,6251991,6977,mRNA
17272,6243873,6244952,1079,mRNA
17273,6243590,6243814,224,mRNA
17274,6243154,6243510,356,mRNA
17275,6242831,6243095,264,mRNA
17276,6242685,6242772,87,mRNA
17277,6242354,6242623,269,mRNA
17278,6242215,6242284,69,mRNA
17279,6242067,6242141,74,mRNA
17280,6241873,6242006,133,mRNA
17281,6241728,6241811,83,mRNA
17282,6240745,6241664,919,mRNA
17283,6255262,6255348,86,CDS
17284,6252628,6252845,217,CDS
17285,6252415,6252563,148,CDS
17286,6245014,6251991,6977,CDS
17287,6243873,6244952,1079,CDS
17288,6243590,6243814,224,CDS
17289,6243154,6243510,356,CDS
17290,6242831,6243095,264,CDS
17291,6242685,6242772,87,CDS
17292,6242354,6242623,269,CDS
17293,6242215,6242284,69,CDS
17294,6242067,6242141,74,CDS
17295,6241873,6242006,133,CDS
17296,6241728,6241811,83,CDS
17297,6241464,6241664,200,CDS
17298,6255822,6257596,1774,gene
17299,6255822,6255944,122,mRNA
17300,6256019,6256102,83,mRNA
17301,6256161,6257596,1435,mRNA
17302,6255911,6255944,33,CDS
17303,6256019,6256102,83,CDS
17304,6256161,6257086,925,CDS
17305,6257668,6267228,9560,gene
17306,6267004,6267228,224,mRNA
17307,6266407,6266717,310,mRNA
17308,6259604,6259724,120,mRNA
17309,6259312,6259533,221,mRNA
17310,6258897,6259234,337,mRNA
17311,6258650,6258794,144,mRNA
17312,6257668,6258506,838,mRNA
17313,6266407,6267228,821,mRNA
17314,6259604,6259724,120,mRNA
17315,6259312,6259533,221,mRNA
17316,6258897,6259234,337,mRNA
17317,6258650,6258794,144,mRNA
17318,6257668,6258506,838,mRNA
17319,6266407,6266591,184,CDS
17320,6259604,6259724,120,CDS
17321,6259312,6259533,221,CDS
17322,6258897,6259234,337,CDS
17323,6258650,6258794,144,CDS
17324,6258315,6258506,191,CDS
17325,6266407,6266591,184,CDS
17326,6259604,6259724,120,CDS
17327,6259312,6259533,221,CDS
17328,6258897,6259234,337,CDS
17329,6258650,6258794,144,CDS
17330,6258315,6258506,191,CDS
17331,6261169,6262119,950,gene
17332,6261169,6262119,950,mRNA
17333,6261269,6261934,665,CDS
17334,6267797,6274984,7187,gene
17335,6267797,6267945,148,mRNA
17336,6268107,6268191,84,mRNA
17337,6268767,6268972,205,mRNA
17338,6269125,6269244,119,mRNA
17339,6269314,6269465,151,mRNA
17340,6269531,6274984,5453,mRNA
17341,6267797,6267945,148,mRNA
17342,6268107,6268191,84,mRNA
17343,6268767,6268972,205,mRNA
17344,6269125,6269244,119,mRNA
17345,6269314,6269465,151,mRNA
17346,6269531,6274888,5357,mRNA
17347,6267907,6267945,38,CDS
17348,6268107,6268191,84,CDS
17349,6268767,6268972,205,CDS
17350,6269125,6269244,119,CDS
17351,6269314,6269465,151,CDS
17352,6269531,6274424,4893,CDS
17353,6267907,6267945,38,CDS
17354,6268107,6268191,84,CDS
17355,6268767,6268972,205,CDS
17356,6269125,6269244,119,CDS
17357,6269314,6269465,151,CDS
17358,6269531,6274424,4893,CDS
17359,6274972,6276724,1752,gene
17360,6276532,6276724,192,mRNA
17361,6276370,6276458,88,mRNA
17362,6276228,6276296,68,mRNA
17363,6274972,6275170,198,mRNA
17364,6276532,6276724,192,mRNA
17365,6276370,6276458,88,mRNA
17366,6276228,6276296,68,mRNA
17367,6274972,6275390,418,mRNA
17368,6276532,6276724,192,mRNA
17369,6276370,6276458,88,mRNA
17370,6274972,6276296,1324,mRNA
17371,6276532,6276639,107,CDS
17372,6276370,6276458,88,CDS
17373,6276228,6276296,68,CDS
17374,6275083,6275170,87,CDS
17375,6276532,6276639,107,CDS
17376,6276370,6276458,88,CDS
17377,6276228,6276296,68,CDS
17378,6275336,6275390,54,CDS
17379,6276532,6276639,107,CDS
17380,6276370,6276458,88,CDS
17381,6276224,6276296,72,CDS
17382,6276876,6279647,2771,gene
17383,6279136,6279647,511,mRNA
17384,6276876,6278753,1877,mRNA
17385,6279136,6279274,138,mRNA
17386,6276977,6278753,1776,mRNA
17387,6277144,6278748,1604,CDS
17388,6277144,6278748,1604,CDS
17389,6279680,6280012,332,gene
17390,6279680,6280012,332,ncRNA
17391,6280233,6280752,519,gene
17392,6280233,6280439,206,exon
17393,6280489,6280752,263,exon
17394,6281180,6281750,570,mobile_element
17395,6281751,6281935,184,mobile_element
17396,6282037,6283575,1538,gene
17397,6283458,6283575,117,mRNA
17398,6282037,6283280,1243,mRNA
17399,6282278,6283183,905,CDS
17400,6284138,6287990,3852,gene
17401,6287641,6287990,349,mRNA
17402,6286822,6287569,747,mRNA
17403,6285432,6286482,1050,mRNA
17404,6284974,6285367,393,mRNA
17405,6284138,6284890,752,mRNA
17406,6287641,6287990,349,mRNA
17407,6286822,6287569,747,mRNA
17408,6285432,6286482,1050,mRNA
17409,6284974,6285367,393,mRNA
17410,6284471,6284890,419,mRNA
17411,6287641,6287731,90,CDS
17412,6286822,6287569,747,CDS
17413,6285432,6286482,1050,CDS
17414,6284974,6285367,393,CDS
17415,6284547,6284890,343,CDS
17416,6287641,6287731,90,CDS
17417,6286822,6287569,747,CDS
17418,6285432,6286482,1050,CDS
17419,6284974,6285367,393,CDS
17420,6284547,6284890,343,CDS
17421,6288100,6289562,1462,gene
17422,6288100,6289562,1462,mRNA
17423,6288154,6289428,1274,CDS
17424,6289470,6291245,1775,gene
17425,6291015,6291245,230,mRNA
17426,6290839,6290958,119,mRNA
17427,6290055,6290775,720,mRNA
17428,6289785,6289925,140,mRNA
17429,6289470,6289721,251,mRNA
17430,6291015,6291123,108,CDS
17431,6290839,6290958,119,CDS
17432,6290055,6290775,720,CDS
17433,6289785,6289925,140,CDS
17434,6289619,6289721,102,CDS
17435,6291303,6294177,2874,gene
17436,6291303,6292668,1365,mRNA
17437,6292735,6294177,1442,mRNA
17438,6291303,6292668,1365,mRNA
17439,6292735,6293153,418,mRNA
17440,6291407,6292668,1261,CDS
17441,6292735,6293107,372,CDS
17442,6291407,6292668,1261,CDS
17443,6292735,6293107,372,CDS
17444,6293106,6294343,1237,gene
17445,6293810,6294343,533,mRNA
17446,6293106,6293744,638,mRNA
17447,6293810,6294138,328,CDS
17448,6293180,6293744,564,CDS
17449,6294517,6295345,828,gene
17450,6294517,6295345,828,mRNA
17451,6294517,6295115,598,mRNA
17452,6294604,6295053,449,CDS
17453,6294604,6295053,449,CDS
17454,6295389,6298970,3581,gene
17455,6295389,6295553,164,mRNA
17456,6295710,6295900,190,mRNA
17457,6295964,6296648,684,mRNA
17458,6296709,6298231,1522,mRNA
17459,6298303,6298970,667,mRNA
17460,6295506,6295553,47,CDS
17461,6295710,6295900,190,CDS
17462,6295964,6296648,684,CDS
17463,6296709,6298231,1522,CDS
17464,6298303,6298492,189,CDS
17465,6299054,6301285,2231,gene
17466,6301035,6301285,250,mRNA
17467,6299863,6300968,1105,mRNA
17468,6299608,6299797,189,mRNA
17469,6299054,6299524,470,mRNA
17470,6301035,6301199,164,CDS
17471,6299863,6300968,1105,CDS
17472,6299608,6299797,189,CDS
17473,6299297,6299524,227,CDS
17474,6303975,6306745,2770,gene
17475,6303975,6304223,248,mRNA
17476,6304717,6304876,159,mRNA
17477,6305684,6305765,81,mRNA
17478,6305866,6306293,427,mRNA
17479,6306383,6306745,362,mRNA
17480,6304121,6304223,102,CDS
17481,6304717,6304876,159,CDS
17482,6305684,6305765,81,CDS
17483,6305866,6306293,427,CDS
17484,6306383,6306497,114,CDS
17485,6309212,6329828,20616,gene
17486,6309212,6309454,242,mRNA
17487,6315999,6316262,263,mRNA
17488,6320489,6320998,509,mRNA
17489,6321820,6321969,149,mRNA
17490,6323689,6325990,2301,mRNA
17491,6326053,6327598,1545,mRNA
17492,6327664,6327730,66,mRNA
17493,6327797,6329828,2031,mRNA
17494,6316098,6316262,164,CDS
17495,6320489,6320998,509,CDS
17496,6321820,6321969,149,CDS
17497,6323689,6325990,2301,CDS
17498,6326053,6327598,1545,CDS
17499,6327664,6327730,66,CDS
17500,6327797,6327853,56,CDS
17501,6317421,6317741,320,mRNA
17502,6320489,6320998,509,mRNA
17503,6321820,6321969,149,mRNA
17504,6323689,6325990,2301,mRNA
17505,6326053,6327598,1545,mRNA
17506,6327664,6327730,66,mRNA
17507,6327797,6329828,2031,mRNA
17508,6317421,6317741,320,mRNA
17509,6320489,6320998,509,mRNA
17510,6323689,6325990,2301,mRNA
17511,6326053,6327598,1545,mRNA
17512,6327664,6327730,66,mRNA
17513,6327797,6329828,2031,mRNA
17514,6317421,6317555,134,mRNA
17515,6320489,6320998,509,mRNA
17516,6321841,6321969,128,mRNA
17517,6323689,6325990,2301,mRNA
17518,6326053,6327598,1545,mRNA
17519,6327664,6327730,66,mRNA
17520,6327797,6329828,2031,mRNA
17521,6320489,6320998,509,CDS
17522,6321820,6321969,149,CDS
17523,6323689,6325990,2301,CDS
17524,6326053,6327598,1545,CDS
17525,6327664,6327730,66,CDS
17526,6327797,6327853,56,CDS
17527,6320489,6320998,509,CDS
17528,6321841,6321969,128,CDS
17529,6323689,6325990,2301,CDS
17530,6326053,6327598,1545,CDS
17531,6327664,6327730,66,CDS
17532,6327797,6327853,56,CDS
17533,6320489,6320998,509,CDS
17534,6323689,6325990,2301,CDS
17535,6326053,6327598,1545,CDS
17536,6327664,6327730,66,CDS
17537,6327797,6327853,56,CDS
17538,6330842,6333028,2186,gene
17539,6330842,6333028,2186,mRNA
17540,6330842,6332750,1908,mRNA
17541,6330842,6332750,1908,mRNA
17542,6331057,6332097,1040,CDS
17543,6331057,6331599,542,CDS
17544,6331057,6331599,542,CDS
17545,6335265,6337718,2453,mobile_element
17546,6337762,6343731,5969,gene
17547,6337762,6338463,701,mRNA
17548,6341060,6341343,283,mRNA
17549,6342063,6343731,1668,mRNA
17550,6339496,6339591,95,mRNA
17551,6341060,6341343,283,mRNA
17552,6342063,6343731,1668,mRNA
17553,6339496,6339591,95,mRNA
17554,6342063,6343731,1668,mRNA
17555,6341138,6341343,205,mRNA
17556,6342063,6343731,1668,mRNA
17557,6342138,6343358,1220,CDS
17558,6342138,6343358,1220,CDS
17559,6342138,6343358,1220,CDS
17560,6342138,6343358,1220,CDS
17561,6347103,6349236,2133,gene
17562,6347103,6349236,2133,mRNA
17563,6347505,6348647,1142,CDS
17564,6349016,6350401,1385,gene
17565,6350293,6350401,108,mRNA
17566,6350122,6350238,116,mRNA
17567,6349016,6350054,1038,mRNA
17568,6350293,6350401,108,mRNA
17569,6350122,6350238,116,mRNA
17570,6349324,6350054,730,mRNA
17571,6350293,6350401,108,mRNA
17572,6350122,6350238,116,mRNA
17573,6349568,6350054,486,mRNA
17574,6350122,6350227,105,CDS
17575,6349696,6350054,358,CDS
17576,6350122,6350227,105,CDS
17577,6349696,6350054,358,CDS
17578,6350122,6350227,105,CDS
17579,6349696,6350054,358,CDS
17580,6350629,6361323,10694,gene
17581,6350629,6350954,325,mRNA
17582,6358902,6359879,977,mRNA
17583,6359992,6361323,1331,mRNA
17584,6350736,6350954,218,CDS
17585,6358902,6359879,977,CDS
17586,6359992,6360363,371,CDS
17587,6352282,6352481,199,mRNA
17588,6358902,6359879,977,mRNA
17589,6359992,6361323,1331,mRNA
17590,6352437,6352481,44,CDS
17591,6358902,6359879,977,CDS
17592,6359992,6360363,371,CDS
17593,6361496,6363310,1814,gene
17594,6361496,6362035,539,exon
17595,6362089,6362835,746,exon
17596,6363111,6363310,199,exon
17597,6363418,6365708,2290,gene
17598,6365326,6365708,382,mRNA
17599,6364305,6365144,839,mRNA
17600,6363418,6364216,798,mRNA
17601,6365326,6365596,270,CDS
17602,6364305,6365144,839,CDS
17603,6363681,6364216,535,CDS
17604,6365949,6370924,4975,gene
17605,6365949,6366232,283,mRNA
17606,6366633,6367163,530,mRNA
17607,6367359,6367648,289,mRNA
17608,6367719,6368057,338,mRNA
17609,6368332,6368343,11,mRNA
17610,6368526,6369452,926,mRNA
17611,6369522,6369692,170,mRNA
17612,6369793,6369989,196,mRNA
17613,6370059,6370924,865,mRNA
17614,6365949,6366232,283,mRNA
17615,6366633,6367163,530,mRNA
17616,6367359,6367648,289,mRNA
17617,6367719,6368057,338,mRNA
17618,6368526,6369452,926,mRNA
17619,6369522,6369692,170,mRNA
17620,6369793,6369989,196,mRNA
17621,6370059,6370924,865,mRNA
17622,6365949,6366071,122,mRNA
17623,6366633,6367163,530,mRNA
17624,6367359,6367648,289,mRNA
17625,6367719,6368057,338,mRNA
17626,6368526,6369452,926,mRNA
17627,6369522,6369692,170,mRNA
17628,6369793,6369989,196,mRNA
17629,6370059,6370924,865,mRNA
17630,6366857,6367163,306,CDS
17631,6367359,6367648,289,CDS
17632,6367719,6368057,338,CDS
17633,6368332,6368343,11,CDS
17634,6368526,6369452,926,CDS
17635,6369522,6369692,170,CDS
17636,6369793,6369989,196,CDS
17637,6370059,6370260,201,CDS
17638,6366857,6367163,306,CDS
17639,6367359,6367648,289,CDS
17640,6367719,6368057,338,CDS
17641,6368526,6369452,926,CDS
17642,6369522,6369692,170,CDS
17643,6369793,6369989,196,CDS
17644,6370059,6370260,201,CDS
17645,6366857,6367163,306,CDS
17646,6367359,6367648,289,CDS
17647,6367719,6368057,338,CDS
17648,6368526,6369452,926,CDS
17649,6369522,6369692,170,CDS
17650,6369793,6369989,196,CDS
17651,6370059,6370260,201,CDS
17652,6370578,6371026,448,gene
17653,6370578,6371026,448,ncRNA
17654,6371065,6372915,1850,gene
17655,6372905,6372915,10,mRNA
17656,6372652,6372828,176,mRNA
17657,6372276,6372563,287,mRNA
17658,6371065,6372187,1122,mRNA
17659,6372905,6372915,10,mRNA
17660,6372652,6372851,199,mRNA
17661,6372276,6372563,287,mRNA
17662,6371065,6372187,1122,mRNA
17663,6372901,6372915,14,mRNA
17664,6372652,6372828,176,mRNA
17665,6372276,6372563,287,mRNA
17666,6371065,6372187,1122,mRNA
17667,6372652,6372915,263,mRNA
17668,6372276,6372563,287,mRNA
17669,6371065,6372187,1122,mRNA
17670,6372652,6372816,164,CDS
17671,6372276,6372563,287,CDS
17672,6371729,6372187,458,CDS
17673,6372652,6372816,164,CDS
17674,6372276,6372563,287,CDS
17675,6371729,6372187,458,CDS
17676,6372652,6372816,164,CDS
17677,6372276,6372563,287,CDS
17678,6371729,6372187,458,CDS
17679,6372652,6372816,164,CDS
17680,6372276,6372563,287,CDS
17681,6371729,6372187,458,CDS
17682,6384220,6384899,679,gene
17683,6384220,6384278,58,mRNA
17684,6384338,6384899,561,mRNA
17685,6384355,6384837,482,CDS
17686,6392926,6397622,4696,mobile_element
17687,6399455,6400100,645,gene
17688,6400042,6400100,58,mRNA
17689,6399455,6399982,527,mRNA
17690,6399483,6399965,482,CDS
17691,6418760,6419434,674,gene
17692,6419376,6419434,58,mRNA
17693,6418760,6419316,556,mRNA
17694,6418817,6419299,482,CDS
17695,6423123,6524323,101200,gene
17696,6523732,6524323,591,mRNA
17697,6511133,6511178,45,mRNA
17698,6484775,6485527,752,mRNA
17699,6484163,6484319,156,mRNA
17700,6484001,6484097,96,mRNA
17701,6483794,6483923,129,mRNA
17702,6466842,6468520,1678,mRNA
17703,6464056,6464150,94,mRNA
17704,6423123,6424187,1064,mRNA
17705,6430043,6435212,5169,mobile_element
17706,6445358,6451058,5700,mobile_element
17707,6523732,6524323,591,mRNA
17708,6511133,6511178,45,mRNA
17709,6484775,6485527,752,mRNA
17710,6484163,6484319,156,mRNA
17711,6484001,6484097,96,mRNA
17712,6483794,6483923,129,mRNA
17713,6464571,6468520,3949,mRNA
17714,6523732,6524323,591,mRNA
17715,6511133,6511178,45,mRNA
17716,6484775,6485527,752,mRNA
17717,6484163,6484319,156,mRNA
17718,6484001,6484097,96,mRNA
17719,6483794,6483923,129,mRNA
17720,6465211,6468520,3309,mRNA
17721,6484775,6485066,291,CDS
17722,6484163,6484319,156,CDS
17723,6484001,6484097,96,CDS
17724,6483794,6483923,129,CDS
17725,6467034,6468520,1486,CDS
17726,6484775,6485066,291,CDS
17727,6484163,6484319,156,CDS
17728,6484001,6484097,96,CDS
17729,6483794,6483923,129,CDS
17730,6467742,6468520,778,CDS
17731,6484775,6485066,291,CDS
17732,6484163,6484319,156,CDS
17733,6484001,6484097,96,CDS
17734,6483794,6483923,129,CDS
17735,6467742,6468520,778,CDS
17736,6471673,6472378,705,gene
17737,6472315,6472378,63,mRNA
17738,6471673,6472255,582,mRNA
17739,6471756,6472238,482,CDS
17740,6476243,6476967,724,gene
17741,6476885,6476967,82,mRNA
17742,6476243,6476825,582,mRNA
17743,6476326,6476808,482,CDS
17744,6478138,6478849,711,gene
17745,6478786,6478849,63,mRNA
17746,6478138,6478726,588,mRNA
17747,6478227,6478709,482,CDS
17748,6516974,6517046,72,gene
17749,6516974,6517046,72,tRNA
17750,6524464,6526342,1878,gene
17751,6524464,6524794,330,mRNA
17752,6524866,6526342,1476,mRNA
17753,6524690,6524794,104,CDS
17754,6524866,6525726,860,CDS
17755,6526106,6527888,1782,gene
17756,6527751,6527888,137,mRNA
17757,6526106,6527676,1570,mRNA
17758,6527751,6527803,52,CDS
17759,6526368,6527676,1308,CDS
17760,6528948,6530726,1778,gene
17761,6528948,6529265,317,mRNA
17762,6529567,6530429,862,mRNA
17763,6530498,6530726,228,mRNA
17764,6529116,6529265,149,CDS
17765,6529567,6530429,862,CDS
17766,6530498,6530669,171,CDS
17767,6530897,6533348,2451,gene
17768,6533124,6533167,43,mRNA
17769,6532490,6532545,55,mRNA
17770,6532298,6532421,123,mRNA
17771,6531835,6532205,370,mRNA
17772,6530897,6531431,534,mRNA
17773,6533230,6533348,118,mRNA
17774,6533124,6533161,37,mRNA
17775,6532490,6532545,55,mRNA
17776,6532298,6532421,123,mRNA
17777,6531835,6532205,370,mRNA
17778,6531016,6531431,415,mRNA
17779,6533124,6533256,132,mRNA
17780,6532490,6532545,55,mRNA
17781,6532298,6532421,123,mRNA
17782,6531835,6532205,370,mRNA
17783,6531016,6531431,415,mRNA
17784,6533124,6533167,43,mRNA
17785,6532490,6532545,55,mRNA
17786,6532298,6532421,123,mRNA
17787,6531835,6532205,370,mRNA
17788,6531016,6531431,415,mRNA
17789,6532490,6532549,59,mRNA
17790,6532298,6532421,123,mRNA
17791,6531835,6532205,370,mRNA
17792,6531016,6531431,415,mRNA
17793,6532490,6532504,14,CDS
17794,6532298,6532421,123,CDS
17795,6531835,6532205,370,CDS
17796,6531126,6531431,305,CDS
17797,6532490,6532504,14,CDS
17798,6532298,6532421,123,CDS
17799,6531835,6532205,370,CDS
17800,6531126,6531431,305,CDS
17801,6532490,6532504,14,CDS
17802,6532298,6532421,123,CDS
17803,6531835,6532205,370,CDS
17804,6531126,6531431,305,CDS
17805,6532490,6532504,14,CDS
17806,6532298,6532421,123,CDS
17807,6531835,6532205,370,CDS
17808,6531126,6531431,305,CDS
17809,6532490,6532504,14,CDS
17810,6532298,6532421,123,CDS
17811,6531835,6532205,370,CDS
17812,6531126,6531431,305,CDS
17813,6531635,6531701,66,gene
17814,6531635,6531701,66,ncRNA
17815,6533999,6538575,4576,gene
17816,6533999,6534901,902,mRNA
17817,6535521,6536804,1283,mRNA
17818,6536867,6537009,142,mRNA
17819,6537078,6538575,1497,mRNA
17820,6534413,6534901,488,CDS
17821,6535521,6536804,1283,CDS
17822,6536867,6537009,142,CDS
17823,6537078,6537378,300,CDS
17824,6540771,6589173,48402,gene
17825,6540771,6541327,556,mRNA
17826,6543093,6543160,67,mRNA
17827,6551906,6552293,387,mRNA
17828,6552639,6554771,2132,mRNA
17829,6554909,6555259,350,mRNA
17830,6555866,6561550,5684,mRNA
17831,6561626,6562159,533,mRNA
17832,6562225,6562364,139,mRNA
17833,6576444,6576569,125,mRNA
17834,6576790,6576957,167,mRNA
17835,6577037,6577112,75,mRNA
17836,6577944,6578291,347,mRNA
17837,6585693,6585785,92,mRNA
17838,6585848,6585950,102,mRNA
17839,6586957,6587104,147,mRNA
17840,6588067,6588218,151,mRNA
17841,6588304,6589173,869,mRNA
17842,6540771,6541327,556,mRNA
17843,6543093,6543160,67,mRNA
17844,6551906,6552293,387,mRNA
17845,6552639,6554771,2132,mRNA
17846,6554909,6555259,350,mRNA
17847,6555866,6561550,5684,mRNA
17848,6561626,6562159,533,mRNA
17849,6562225,6562364,139,mRNA
17850,6576790,6576957,167,mRNA
17851,6577037,6577112,75,mRNA
17852,6577289,6577388,99,mRNA
17853,6577944,6578291,347,mRNA
17854,6585693,6585785,92,mRNA
17855,6585848,6585950,102,mRNA
17856,6586957,6587104,147,mRNA
17857,6588067,6588218,151,mRNA
17858,6588304,6589173,869,mRNA
17859,6540771,6541327,556,mRNA
17860,6543093,6543160,67,mRNA
17861,6551906,6552293,387,mRNA
17862,6552639,6554771,2132,mRNA
17863,6554909,6555259,350,mRNA
17864,6555866,6561550,5684,mRNA
17865,6561626,6562159,533,mRNA
17866,6562225,6562364,139,mRNA
17867,6576790,6576957,167,mRNA
17868,6577037,6577112,75,mRNA
17869,6577944,6584022,6078,mRNA
17870,6585693,6585785,92,mRNA
17871,6585848,6585950,102,mRNA
17872,6586957,6587104,147,mRNA
17873,6588067,6588250,183,mRNA
17874,6588304,6589173,869,mRNA
17875,6540771,6541327,556,mRNA
17876,6543093,6543160,67,mRNA
17877,6551906,6552293,387,mRNA
17878,6552639,6554771,2132,mRNA
17879,6554909,6555259,350,mRNA
17880,6555866,6561550,5684,mRNA
17881,6561626,6562159,533,mRNA
17882,6562225,6562364,139,mRNA
17883,6576790,6576957,167,mRNA
17884,6577037,6577112,75,mRNA
17885,6577944,6584022,6078,mRNA
17886,6585696,6585785,89,mRNA
17887,6585848,6585950,102,mRNA
17888,6586957,6587104,147,mRNA
17889,6588067,6588218,151,mRNA
17890,6588304,6589173,869,mRNA
17891,6540771,6541327,556,mRNA
17892,6543093,6543160,67,mRNA
17893,6551906,6552293,387,mRNA
17894,6552639,6554771,2132,mRNA
17895,6554909,6555259,350,mRNA
17896,6555866,6561550,5684,mRNA
17897,6561626,6562159,533,mRNA
17898,6562225,6562364,139,mRNA
17899,6576790,6576957,167,mRNA
17900,6577037,6577112,75,mRNA
17901,6577944,6583343,5399,mRNA
17902,6585696,6585785,89,mRNA
17903,6585848,6585950,102,mRNA
17904,6586957,6587104,147,mRNA
17905,6588067,6588218,151,mRNA
17906,6588304,6589173,869,mRNA
17907,6540771,6541327,556,mRNA
17908,6543093,6543160,67,mRNA
17909,6551906,6552293,387,mRNA
17910,6552639,6554771,2132,mRNA
17911,6554909,6555259,350,mRNA
17912,6555866,6561550,5684,mRNA
17913,6561626,6562159,533,mRNA
17914,6562225,6562364,139,mRNA
17915,6576790,6576957,167,mRNA
17916,6577037,6577112,75,mRNA
17917,6577944,6583178,5234,mRNA
17918,6585693,6585785,92,mRNA
17919,6585848,6585950,102,mRNA
17920,6586957,6587104,147,mRNA
17921,6588067,6588218,151,mRNA
17922,6588304,6589173,869,mRNA
17923,6540771,6541327,556,mRNA
17924,6543093,6543160,67,mRNA
17925,6551906,6552293,387,mRNA
17926,6552639,6554771,2132,mRNA
17927,6554909,6555259,350,mRNA
17928,6555866,6561550,5684,mRNA
17929,6561626,6562159,533,mRNA
17930,6562225,6562364,139,mRNA
17931,6576790,6576957,167,mRNA
17932,6577037,6577112,75,mRNA
17933,6577944,6578291,347,mRNA
17934,6585696,6585785,89,mRNA
17935,6585848,6585950,102,mRNA
17936,6586957,6587104,147,mRNA
17937,6588067,6588218,151,mRNA
17938,6588304,6589173,869,mRNA
17939,6540771,6541327,556,mRNA
17940,6543093,6543160,67,mRNA
17941,6551906,6552293,387,mRNA
17942,6552639,6554771,2132,mRNA
17943,6554909,6555259,350,mRNA
17944,6555866,6561550,5684,mRNA
17945,6561626,6562159,533,mRNA
17946,6562225,6562364,139,mRNA
17947,6576790,6576957,167,mRNA
17948,6577037,6577112,75,mRNA
17949,6585693,6585785,92,mRNA
17950,6585848,6585950,102,mRNA
17951,6586957,6587104,147,mRNA
17952,6588067,6588218,151,mRNA
17953,6588304,6589173,869,mRNA
17954,6540771,6541327,556,mRNA
17955,6543093,6543160,67,mRNA
17956,6551906,6552293,387,mRNA
17957,6552639,6554771,2132,mRNA
17958,6554909,6555259,350,mRNA
17959,6555866,6561550,5684,mRNA
17960,6561626,6562159,533,mRNA
17961,6562225,6562364,139,mRNA
17962,6576790,6576957,167,mRNA
17963,6577037,6577112,75,mRNA
17964,6585693,6585785,92,mRNA
17965,6585848,6585950,102,mRNA
17966,6588067,6588218,151,mRNA
17967,6588304,6589173,869,mRNA
17968,6540771,6541327,556,mRNA
17969,6543093,6543160,67,mRNA
17970,6551906,6552293,387,mRNA
17971,6552639,6554771,2132,mRNA
17972,6554909,6555259,350,mRNA
17973,6555866,6561550,5684,mRNA
17974,6561626,6562159,533,mRNA
17975,6562225,6562364,139,mRNA
17976,6576790,6576957,167,mRNA
17977,6577037,6577112,75,mRNA
17978,6585696,6585785,89,mRNA
17979,6585848,6585950,102,mRNA
17980,6586957,6587104,147,mRNA
17981,6588067,6588218,151,mRNA
17982,6588304,6589173,869,mRNA
17983,6540771,6541327,556,mRNA
17984,6543093,6543160,67,mRNA
17985,6551906,6552293,387,mRNA
17986,6552639,6554771,2132,mRNA
17987,6554909,6555259,350,mRNA
17988,6555866,6561550,5684,mRNA
17989,6561626,6562159,533,mRNA
17990,6562225,6562364,139,mRNA
17991,6576790,6576957,167,mRNA
17992,6577037,6577112,75,mRNA
17993,6577944,6585638,7694,mRNA
17994,6540771,6541327,556,mRNA
17995,6543093,6543160,67,mRNA
17996,6551906,6552293,387,mRNA
17997,6552639,6554771,2132,mRNA
17998,6555866,6561550,5684,mRNA
17999,6561626,6562159,533,mRNA
18000,6562225,6562364,139,mRNA
18001,6576790,6576957,167,mRNA
18002,6577037,6577112,75,mRNA
18003,6577944,6585638,7694,mRNA
18004,6540771,6541327,556,mRNA
18005,6543093,6543160,67,mRNA
18006,6551906,6552293,387,mRNA
18007,6552639,6554814,2175,mRNA
18008,6543104,6543160,56,CDS
18009,6551906,6552293,387,CDS
18010,6552639,6554771,2132,CDS
18011,6554909,6555259,350,CDS
18012,6555866,6561550,5684,CDS
18013,6561626,6562159,533,CDS
18014,6562225,6562364,139,CDS
18015,6576444,6576569,125,CDS
18016,6576790,6576957,167,CDS
18017,6577037,6577112,75,CDS
18018,6577944,6578291,347,CDS
18019,6585693,6585785,92,CDS
18020,6585848,6585950,102,CDS
18021,6586957,6587104,147,CDS
18022,6588067,6588218,151,CDS
18023,6588304,6588427,123,CDS
18024,6543104,6543160,56,CDS
18025,6551906,6552293,387,CDS
18026,6552639,6554771,2132,CDS
18027,6554909,6555259,350,CDS
18028,6555866,6561550,5684,CDS
18029,6561626,6562159,533,CDS
18030,6562225,6562364,139,CDS
18031,6576790,6576957,167,CDS
18032,6577037,6577112,75,CDS
18033,6577944,6583343,5399,CDS
18034,6585696,6585785,89,CDS
18035,6585848,6585950,102,CDS
18036,6586957,6587104,147,CDS
18037,6588067,6588218,151,CDS
18038,6588304,6588427,123,CDS
18039,6543104,6543160,56,CDS
18040,6551906,6552293,387,CDS
18041,6552639,6554771,2132,CDS
18042,6554909,6555259,350,CDS
18043,6555866,6561550,5684,CDS
18044,6561626,6562159,533,CDS
18045,6562225,6562364,139,CDS
18046,6576790,6576957,167,CDS
18047,6577037,6577112,75,CDS
18048,6577944,6583178,5234,CDS
18049,6585693,6585785,92,CDS
18050,6585848,6585950,102,CDS
18051,6586957,6587104,147,CDS
18052,6588067,6588218,151,CDS
18053,6588304,6588427,123,CDS
18054,6543104,6543160,56,CDS
18055,6551906,6552293,387,CDS
18056,6552639,6554771,2132,CDS
18057,6554909,6555259,350,CDS
18058,6555866,6561550,5684,CDS
18059,6561626,6562159,533,CDS
18060,6562225,6562364,139,CDS
18061,6576790,6576957,167,CDS
18062,6577037,6577112,75,CDS
18063,6577944,6578291,347,CDS
18064,6585696,6585785,89,CDS
18065,6585848,6585950,102,CDS
18066,6586957,6587104,147,CDS
18067,6588067,6588218,151,CDS
18068,6588304,6588427,123,CDS
18069,6543104,6543160,56,CDS
18070,6551906,6552293,387,CDS
18071,6552639,6554771,2132,CDS
18072,6554909,6555259,350,CDS
18073,6555866,6561550,5684,CDS
18074,6561626,6562159,533,CDS
18075,6562225,6562364,139,CDS
18076,6576790,6576957,167,CDS
18077,6577037,6577112,75,CDS
18078,6585693,6585785,92,CDS
18079,6585848,6585950,102,CDS
18080,6586957,6587104,147,CDS
18081,6588067,6588218,151,CDS
18082,6588304,6588427,123,CDS
18083,6543104,6543160,56,CDS
18084,6551906,6552293,387,CDS
18085,6552639,6554771,2132,CDS
18086,6554909,6555259,350,CDS
18087,6555866,6561550,5684,CDS
18088,6561626,6562159,533,CDS
18089,6562225,6562364,139,CDS
18090,6576790,6576957,167,CDS
18091,6577037,6577112,75,CDS
18092,6585696,6585785,89,CDS
18093,6585848,6585950,102,CDS
18094,6586957,6587104,147,CDS
18095,6588067,6588218,151,CDS
18096,6588304,6588427,123,CDS
18097,6543104,6543160,56,CDS
18098,6551906,6552293,387,CDS
18099,6552639,6554771,2132,CDS
18100,6554909,6555259,350,CDS
18101,6555866,6561550,5684,CDS
18102,6561626,6562159,533,CDS
18103,6562225,6562364,139,CDS
18104,6576790,6576957,167,CDS
18105,6577037,6577112,75,CDS
18106,6585693,6585785,92,CDS
18107,6585848,6585950,102,CDS
18108,6588067,6588079,12,CDS
18109,6543104,6543160,56,CDS
18110,6551906,6552293,387,CDS
18111,6552639,6554771,2132,CDS
18112,6554909,6555259,350,CDS
18113,6555866,6561550,5684,CDS
18114,6561626,6562159,533,CDS
18115,6562225,6562364,139,CDS
18116,6576790,6576957,167,CDS
18117,6577037,6577112,75,CDS
18118,6577944,6583351,5407,CDS
18119,6543104,6543160,56,CDS
18120,6551906,6552293,387,CDS
18121,6552639,6554771,2132,CDS
18122,6554909,6555259,350,CDS
18123,6555866,6561550,5684,CDS
18124,6561626,6562159,533,CDS
18125,6562225,6562364,139,CDS
18126,6576790,6576957,167,CDS
18127,6577037,6577112,75,CDS
18128,6577944,6583351,5407,CDS
18129,6543104,6543160,56,CDS
18130,6551906,6552293,387,CDS
18131,6552639,6554771,2132,CDS
18132,6554909,6555259,350,CDS
18133,6555866,6561550,5684,CDS
18134,6561626,6562159,533,CDS
18135,6562225,6562364,139,CDS
18136,6576790,6576957,167,CDS
18137,6577037,6577112,75,CDS
18138,6577944,6583351,5407,CDS
18139,6543104,6543160,56,CDS
18140,6551906,6552293,387,CDS
18141,6552639,6554771,2132,CDS
18142,6555866,6561550,5684,CDS
18143,6561626,6562159,533,CDS
18144,6562225,6562364,139,CDS
18145,6576790,6576957,167,CDS
18146,6577037,6577112,75,CDS
18147,6577944,6583351,5407,CDS
18148,6543104,6543160,56,CDS
18149,6551906,6552293,387,CDS
18150,6552639,6554771,2132,CDS
18151,6554909,6555259,350,CDS
18152,6555866,6561550,5684,CDS
18153,6561626,6562159,533,CDS
18154,6562225,6562364,139,CDS
18155,6576790,6576957,167,CDS
18156,6577037,6577112,75,CDS
18157,6577289,6577308,19,CDS
18158,6543104,6543160,56,CDS
18159,6551906,6552293,387,CDS
18160,6552639,6554782,2143,CDS
18161,6546119,6546472,353,mRNA
18162,6551906,6552293,387,mRNA
18163,6552639,6554771,2132,mRNA
18164,6554909,6555259,350,mRNA
18165,6555866,6561550,5684,mRNA
18166,6561626,6562159,533,mRNA
18167,6562225,6562364,139,mRNA
18168,6576790,6576957,167,mRNA
18169,6577037,6577112,75,mRNA
18170,6577944,6584022,6078,mRNA
18171,6585696,6585785,89,mRNA
18172,6585848,6585950,102,mRNA
18173,6586957,6587104,147,mRNA
18174,6588067,6588218,151,mRNA
18175,6588304,6589173,869,mRNA
18176,6546119,6546472,353,mRNA
18177,6551906,6552293,387,mRNA
18178,6552639,6554771,2132,mRNA
18179,6554909,6555259,350,mRNA
18180,6555866,6561550,5684,mRNA
18181,6561626,6562159,533,mRNA
18182,6562225,6562364,139,mRNA
18183,6576790,6576957,167,mRNA
18184,6577037,6577112,75,mRNA
18185,6585693,6585785,92,mRNA
18186,6585848,6585950,102,mRNA
18187,6586957,6587104,147,mRNA
18188,6588067,6588218,151,mRNA
18189,6588304,6589173,869,mRNA
18190,6546119,6546472,353,mRNA
18191,6551906,6552293,387,mRNA
18192,6552639,6554771,2132,mRNA
18193,6554909,6555259,350,mRNA
18194,6560375,6561550,1175,mRNA
18195,6561626,6562159,533,mRNA
18196,6562225,6562364,139,mRNA
18197,6576790,6576957,167,mRNA
18198,6577037,6577112,75,mRNA
18199,6585693,6585785,92,mRNA
18200,6585848,6585950,102,mRNA
18201,6586957,6587104,147,mRNA
18202,6588067,6588218,151,mRNA
18203,6588304,6589173,869,mRNA
18204,6546119,6546472,353,mRNA
18205,6551906,6552293,387,mRNA
18206,6552639,6554771,2132,mRNA
18207,6555866,6561550,5684,mRNA
18208,6561626,6562159,533,mRNA
18209,6562225,6562364,139,mRNA
18210,6576790,6576957,167,mRNA
18211,6577037,6577112,75,mRNA
18212,6585693,6585785,92,mRNA
18213,6585848,6585950,102,mRNA
18214,6586957,6587104,147,mRNA
18215,6588067,6588218,151,mRNA
18216,6588304,6589173,869,mRNA
18217,6546119,6546472,353,mRNA
18218,6551906,6552293,387,mRNA
18219,6552639,6554771,2132,mRNA
18220,6560375,6561550,1175,mRNA
18221,6561626,6562159,533,mRNA
18222,6562225,6562364,139,mRNA
18223,6576790,6576957,167,mRNA
18224,6577037,6577112,75,mRNA
18225,6585693,6585785,92,mRNA
18226,6585848,6585950,102,mRNA
18227,6586957,6587104,147,mRNA
18228,6588067,6588218,151,mRNA
18229,6588304,6589173,869,mRNA
18230,6546119,6546472,353,mRNA
18231,6551906,6552293,387,mRNA
18232,6560375,6561550,1175,mRNA
18233,6561629,6562159,530,mRNA
18234,6562225,6562364,139,mRNA
18235,6576790,6576957,167,mRNA
18236,6577037,6577112,75,mRNA
18237,6585693,6585785,92,mRNA
18238,6585848,6585950,102,mRNA
18239,6586957,6587104,147,mRNA
18240,6588067,6588218,151,mRNA
18241,6588304,6589173,869,mRNA
18242,6546119,6546472,353,mRNA
18243,6551906,6552293,387,mRNA
18244,6552639,6554771,2132,mRNA
18245,6555866,6561550,5684,mRNA
18246,6561626,6562159,533,mRNA
18247,6562225,6562364,139,mRNA
18248,6576790,6576957,167,mRNA
18249,6577037,6577112,75,mRNA
18250,6577944,6585638,7694,mRNA
18251,6552011,6552293,282,CDS
18252,6552639,6554771,2132,CDS
18253,6554909,6555259,350,CDS
18254,6555866,6561550,5684,CDS
18255,6561626,6562159,533,CDS
18256,6562225,6562364,139,CDS
18257,6576790,6576957,167,CDS
18258,6577037,6577112,75,CDS
18259,6585693,6585785,92,CDS
18260,6585848,6585950,102,CDS
18261,6586957,6587104,147,CDS
18262,6588067,6588218,151,CDS
18263,6588304,6588427,123,CDS
18264,6552011,6552293,282,CDS
18265,6552639,6554771,2132,CDS
18266,6554909,6555259,350,CDS
18267,6560375,6561550,1175,CDS
18268,6561626,6562159,533,CDS
18269,6562225,6562364,139,CDS
18270,6576790,6576957,167,CDS
18271,6577037,6577112,75,CDS
18272,6585693,6585785,92,CDS
18273,6585848,6585950,102,CDS
18274,6586957,6587104,147,CDS
18275,6588067,6588218,151,CDS
18276,6588304,6588427,123,CDS
18277,6552011,6552293,282,CDS
18278,6552639,6554771,2132,CDS
18279,6555866,6561550,5684,CDS
18280,6561626,6562159,533,CDS
18281,6562225,6562364,139,CDS
18282,6576790,6576957,167,CDS
18283,6577037,6577112,75,CDS
18284,6585693,6585785,92,CDS
18285,6585848,6585950,102,CDS
18286,6586957,6587104,147,CDS
18287,6588067,6588218,151,CDS
18288,6588304,6588427,123,CDS
18289,6552011,6552293,282,CDS
18290,6552639,6554771,2132,CDS
18291,6560375,6561550,1175,CDS
18292,6561626,6562159,533,CDS
18293,6562225,6562364,139,CDS
18294,6576790,6576957,167,CDS
18295,6577037,6577112,75,CDS
18296,6585693,6585785,92,CDS
18297,6585848,6585950,102,CDS
18298,6586957,6587104,147,CDS
18299,6588067,6588218,151,CDS
18300,6588304,6588427,123,CDS
18301,6552011,6552293,282,CDS
18302,6560375,6561550,1175,CDS
18303,6561629,6562159,530,CDS
18304,6562225,6562364,139,CDS
18305,6576790,6576957,167,CDS
18306,6577037,6577112,75,CDS
18307,6585693,6585785,92,CDS
18308,6585848,6585950,102,CDS
18309,6586957,6587104,147,CDS
18310,6588067,6588218,151,CDS
18311,6588304,6588427,123,CDS
18312,6552011,6552293,282,CDS
18313,6552639,6554771,2132,CDS
18314,6554909,6555259,350,CDS
18315,6555866,6561550,5684,CDS
18316,6561626,6562159,533,CDS
18317,6562225,6562364,139,CDS
18318,6576790,6576957,167,CDS
18319,6577037,6577112,75,CDS
18320,6577944,6583351,5407,CDS
18321,6552011,6552293,282,CDS
18322,6552639,6554771,2132,CDS
18323,6555866,6561550,5684,CDS
18324,6561626,6562159,533,CDS
18325,6562225,6562364,139,CDS
18326,6576790,6576957,167,CDS
18327,6577037,6577112,75,CDS
18328,6577944,6583351,5407,CDS
18329,6562873,6571298,8425,mobile_element
18330,6571923,6572268,345,mRNA
18331,6576790,6576957,167,mRNA
18332,6577037,6577112,75,mRNA
18333,6585693,6585785,92,mRNA
18334,6585848,6585950,102,mRNA
18335,6586957,6587104,147,mRNA
18336,6588067,6588218,151,mRNA
18337,6588304,6589173,869,mRNA
18338,6577097,6577112,15,CDS
18339,6585693,6585785,92,CDS
18340,6585848,6585950,102,CDS
18341,6586957,6587104,147,CDS
18342,6588067,6588218,151,CDS
18343,6588304,6588427,123,CDS
18344,6589290,6590646,1356,gene
18345,6589290,6589832,542,mRNA
18346,6590033,6590248,215,mRNA
18347,6590314,6590646,332,mRNA
18348,6589290,6589832,542,mRNA
18349,6590051,6590248,197,mRNA
18350,6590314,6590646,332,mRNA
18351,6589491,6589832,341,CDS
18352,6590033,6590248,215,CDS
18353,6590314,6590556,242,CDS
18354,6589491,6589832,341,CDS
18355,6590051,6590248,197,CDS
18356,6590314,6590556,242,CDS
18357,6590776,6596954,6178,gene
18358,6590776,6591005,229,mRNA
18359,6591446,6591763,317,mRNA
18360,6593361,6593947,586,mRNA
18361,6594089,6594313,224,mRNA
18362,6594384,6594485,101,mRNA
18363,6594565,6595241,676,mRNA
18364,6595314,6595471,157,mRNA
18365,6595536,6596954,1418,mRNA
18366,6590776,6591005,229,mRNA
18367,6591446,6591763,317,mRNA
18368,6593361,6593947,586,mRNA
18369,6594089,6594313,224,mRNA
18370,6594384,6594485,101,mRNA
18371,6594565,6595241,676,mRNA
18372,6595314,6595471,157,mRNA
18373,6595536,6595960,424,mRNA
18374,6596018,6596954,936,mRNA
18375,6590776,6591005,229,mRNA
18376,6591446,6591763,317,mRNA
18377,6593361,6593947,586,mRNA
18378,6594089,6594313,224,mRNA
18379,6594384,6594485,101,mRNA
18380,6594565,6595241,676,mRNA
18381,6595314,6595471,157,mRNA
18382,6595539,6596630,1091,mRNA
18383,6591584,6591763,179,CDS
18384,6593361,6593947,586,CDS
18385,6594089,6594313,224,CDS
18386,6594384,6594485,101,CDS
18387,6594565,6595241,676,CDS
18388,6595314,6595471,157,CDS
18389,6595536,6595667,131,CDS
18390,6591584,6591763,179,CDS
18391,6593361,6593947,586,CDS
18392,6594089,6594313,224,CDS
18393,6594384,6594485,101,CDS
18394,6594565,6595241,676,CDS
18395,6595314,6595471,157,CDS
18396,6595536,6595667,131,CDS
18397,6591584,6591763,179,CDS
18398,6593361,6593947,586,CDS
18399,6594089,6594313,224,CDS
18400,6594384,6594485,101,CDS
18401,6594565,6595241,676,CDS
18402,6595314,6595471,157,CDS
18403,6595539,6595667,128,CDS
18404,6592533,6593069,536,gene
18405,6592925,6593069,144,ncRNA
18406,6592533,6592857,324,ncRNA
18407,6597088,6599699,2611,gene
18408,6597088,6597195,107,mRNA
18409,6597266,6597773,507,mRNA
18410,6597934,6598604,670,mRNA
18411,6598675,6598955,280,mRNA
18412,6599026,6599699,673,mRNA
18413,6597094,6597195,101,CDS
18414,6597266,6597773,507,CDS
18415,6597934,6598604,670,CDS
18416,6598675,6598955,280,CDS
18417,6599026,6599311,285,CDS
18418,6597183,6597773,590,mRNA
18419,6597934,6598604,670,mRNA
18420,6598675,6598955,280,mRNA
18421,6599026,6599699,673,mRNA
18422,6597425,6597773,348,CDS
18423,6597934,6598604,670,CDS
18424,6598675,6598955,280,CDS
18425,6599026,6599311,285,CDS
18426,6600062,6653015,52953,gene
18427,6600062,6600510,448,mRNA
18428,6605180,6605279,99,mRNA
18429,6630705,6631105,400,mRNA
18430,6644562,6644758,196,mRNA
18431,6644828,6644946,118,mRNA
18432,6645043,6645338,295,mRNA
18433,6648017,6648124,107,mRNA
18434,6648185,6648381,196,mRNA
18435,6648502,6649142,640,mRNA
18436,6649206,6653015,3809,mRNA
18437,6600062,6600510,448,mRNA
18438,6605180,6605279,99,mRNA
18439,6630705,6631105,400,mRNA
18440,6644562,6644758,196,mRNA
18441,6644828,6644946,118,mRNA
18442,6645043,6645338,295,mRNA
18443,6648017,6648124,107,mRNA
18444,6648185,6648381,196,mRNA
18445,6648502,6649142,640,mRNA
18446,6649206,6652098,2892,mRNA
18447,6602325,6602727,402,mRNA
18448,6605180,6605279,99,mRNA
18449,6630705,6631105,400,mRNA
18450,6644562,6644758,196,mRNA
18451,6644828,6644946,118,mRNA
18452,6645043,6645338,295,mRNA
18453,6648017,6648124,107,mRNA
18454,6648185,6648381,196,mRNA
18455,6648502,6649142,640,mRNA
18456,6649206,6653015,3809,mRNA
18457,6605531,6608495,2964,mobile_element
18458,6630938,6631105,167,CDS
18459,6644562,6644758,196,CDS
18460,6644828,6644946,118,CDS
18461,6645043,6645338,295,CDS
18462,6648017,6648124,107,CDS
18463,6648185,6648381,196,CDS
18464,6648502,6649142,640,CDS
18465,6649206,6650413,1207,CDS
18466,6630938,6631105,167,CDS
18467,6644562,6644758,196,CDS
18468,6644828,6644946,118,CDS
18469,6645043,6645338,295,CDS
18470,6648017,6648124,107,CDS
18471,6648185,6648381,196,CDS
18472,6648502,6649142,640,CDS
18473,6649206,6650413,1207,CDS
18474,6630938,6631105,167,CDS
18475,6644562,6644758,196,CDS
18476,6644828,6644946,118,CDS
18477,6645043,6645338,295,CDS
18478,6648017,6648124,107,CDS
18479,6648185,6648381,196,CDS
18480,6648502,6649142,640,CDS
18481,6649206,6650413,1207,CDS
18482,6633959,6636169,2210,gene
18483,6633959,6636169,2210,mRNA
18484,6633959,6636169,2210,CDS
18485,6637123,6637548,425,gene
18486,6637123,6637548,425,ncRNA
18487,6653113,6654248,1135,gene
18488,6654146,6654248,102,mRNA
18489,6653908,6654080,172,mRNA
18490,6653113,6653730,617,mRNA
18491,6654146,6654160,14,CDS
18492,6653908,6654080,172,CDS
18493,6653226,6653730,504,CDS
18494,6654541,6659709,5168,gene
18495,6654541,6654896,355,mRNA
18496,6655060,6655480,420,mRNA
18497,6655550,6655772,222,mRNA
18498,6657607,6659709,2102,mRNA
18499,6654679,6654896,217,mRNA
18500,6655060,6655480,420,mRNA
18501,6655553,6655772,219,mRNA
18502,6657607,6659709,2102,mRNA
18503,6655150,6655480,330,CDS
18504,6655550,6655772,222,CDS
18505,6657607,6659155,1548,CDS
18506,6655150,6655480,330,CDS
18507,6655553,6655772,219,CDS
18508,6657607,6659155,1548,CDS
18509,6660552,6661462,910,gene
18510,6661354,6661462,108,mRNA
18511,6660552,6661293,741,mRNA
18512,6660684,6661172,488,CDS
18513,6661647,6668258,6611,gene
18514,6661647,6661801,154,mRNA
18515,6665000,6665078,78,mRNA
18516,6665162,6665373,211,mRNA
18517,6665439,6665686,247,mRNA
18518,6666850,6668258,1408,mRNA
18519,6661647,6661801,154,mRNA
18520,6662240,6662341,101,mRNA
18521,6665000,6665078,78,mRNA
18522,6665162,6665373,211,mRNA
18523,6665439,6665686,247,mRNA
18524,6666850,6667628,778,mRNA
18525,6661647,6661801,154,mRNA
18526,6663664,6663761,97,mRNA
18527,6665000,6665078,78,mRNA
18528,6665162,6665373,211,mRNA
18529,6665439,6665686,247,mRNA
18530,6666240,6666269,29,mRNA
18531,6666850,6667628,778,mRNA
18532,6661647,6661801,154,mRNA
18533,6665000,6665078,78,mRNA
18534,6665162,6665373,211,mRNA
18535,6665439,6665686,247,mRNA
18536,6666240,6666269,29,mRNA
18537,6666850,6667628,778,mRNA
18538,6665045,6665078,33,CDS
18539,6665162,6665373,211,CDS
18540,6665439,6665686,247,CDS
18541,6666240,6666269,29,CDS
18542,6666850,6667051,201,CDS
18543,6665045,6665078,33,CDS
18544,6665162,6665373,211,CDS
18545,6665439,6665686,247,CDS
18546,6666240,6666269,29,CDS
18547,6666850,6667051,201,CDS
18548,6665045,6665078,33,CDS
18549,6665162,6665373,211,CDS
18550,6665439,6665686,247,CDS
18551,6666850,6667051,201,CDS
18552,6665045,6665078,33,CDS
18553,6665162,6665373,211,CDS
18554,6665439,6665686,247,CDS
18555,6666850,6667051,201,CDS
18556,6668539,6673973,5434,gene
18557,6673637,6673973,336,mRNA
18558,6672620,6673563,943,mRNA
18559,6672262,6672335,73,mRNA
18560,6668539,6672179,3640,mRNA
18561,6673637,6673738,101,CDS
18562,6672620,6673563,943,CDS
18563,6672262,6672335,73,CDS
18564,6671983,6672179,196,CDS
18565,6674387,6677176,2789,gene
18566,6674387,6677176,2789,mRNA
18567,6674506,6676959,2453,CDS
18568,6677262,6679118,1856,gene
18569,6678540,6679118,578,mRNA
18570,6678000,6678197,197,mRNA
18571,6677652,6677881,229,mRNA
18572,6677262,6677575,313,mRNA
18573,6678000,6678260,260,mRNA
18574,6677652,6677881,229,mRNA
18575,6677262,6677575,313,mRNA
18576,6678000,6678161,161,mRNA
18577,6677652,6677881,229,mRNA
18578,6677262,6677575,313,mRNA
18579,6678000,6678084,84,CDS
18580,6677652,6677881,229,CDS
18581,6677363,6677575,212,CDS
18582,6678000,6678084,84,CDS
18583,6677652,6677881,229,CDS
18584,6677363,6677575,212,CDS
18585,6678000,6678084,84,CDS
18586,6677652,6677881,229,CDS
18587,6677363,6677575,212,CDS
18588,6678424,6681845,3421,gene
18589,6678424,6678616,192,mRNA
18590,6679826,6679957,131,mRNA
18591,6680298,6680498,200,mRNA
18592,6680568,6681372,804,mRNA
18593,6681437,6681845,408,mRNA
18594,6678530,6678616,86,CDS
18595,6679826,6679957,131,CDS
18596,6680298,6680498,200,CDS
18597,6680568,6681372,804,CDS
18598,6681437,6681699,262,CDS
18599,6679640,6679760,120,mRNA
18600,6679826,6679957,131,mRNA
18601,6680298,6680498,200,mRNA
18602,6680568,6681372,804,mRNA
18603,6681437,6681845,408,mRNA
18604,6679758,6679760,2,CDS
18605,6679826,6679957,131,CDS
18606,6680298,6680498,200,CDS
18607,6680568,6681372,804,CDS
18608,6681437,6681699,262,CDS
18609,6681767,6683696,1929,gene
18610,6681767,6681913,146,mRNA
18611,6681970,6682134,164,mRNA
18612,6682219,6682422,203,mRNA
18613,6682506,6683310,804,mRNA
18614,6683371,6683696,325,mRNA
18615,6681836,6681913,77,CDS
18616,6681970,6682134,164,CDS
18617,6682219,6682422,203,CDS
18618,6682506,6683310,804,CDS
18619,6683371,6683630,259,CDS
18620,6683798,6687302,3504,gene
18621,6683798,6683821,23,mRNA
18622,6683898,6684461,563,mRNA
18623,6684518,6684721,203,mRNA
18624,6684786,6685571,785,mRNA
18625,6685635,6686648,1013,mRNA
18626,6686713,6687014,301,mRNA
18627,6683841,6684070,229,mRNA
18628,6684128,6684461,333,mRNA
18629,6684518,6684721,203,mRNA
18630,6684786,6685571,785,mRNA
18631,6685635,6686648,1013,mRNA
18632,6686713,6687302,589,mRNA
18633,6683841,6684461,620,mRNA
18634,6684524,6684721,197,mRNA
18635,6684786,6685571,785,mRNA
18636,6685635,6686648,1013,mRNA
18637,6686713,6687014,301,mRNA
18638,6683841,6684070,229,mRNA
18639,6684128,6684461,333,mRNA
18640,6684524,6684721,197,mRNA
18641,6684786,6685571,785,mRNA
18642,6685635,6686648,1013,mRNA
18643,6686713,6687014,301,mRNA
18644,6683841,6684070,229,mRNA
18645,6684133,6684461,328,mRNA
18646,6684518,6684721,203,mRNA
18647,6684786,6685571,785,mRNA
18648,6685635,6686648,1013,mRNA
18649,6686713,6687014,301,mRNA
18650,6683841,6684070,229,mRNA
18651,6684133,6684461,328,mRNA
18652,6684524,6684721,197,mRNA
18653,6684786,6685571,785,mRNA
18654,6685635,6686648,1013,mRNA
18655,6686713,6687014,301,mRNA
18656,6683841,6684070,229,mRNA
18657,6684219,6684461,242,mRNA
18658,6684518,6684721,203,mRNA
18659,6684786,6685571,785,mRNA
18660,6685635,6686648,1013,mRNA
18661,6686713,6687014,301,mRNA
18662,6683841,6684070,229,mRNA
18663,6684219,6684461,242,mRNA
18664,6684524,6684721,197,mRNA
18665,6684786,6685571,785,mRNA
18666,6685635,6686648,1013,mRNA
18667,6686713,6687014,301,mRNA
18668,6684355,6684461,106,mRNA
18669,6684524,6684721,197,mRNA
18670,6684786,6685571,785,mRNA
18671,6685635,6686648,1013,mRNA
18672,6686713,6687018,305,mRNA
18673,6684557,6684721,164,CDS
18674,6684786,6685571,785,CDS
18675,6685635,6686648,1013,CDS
18676,6686713,6686913,200,CDS
18677,6684557,6684721,164,CDS
18678,6684786,6685571,785,CDS
18679,6685635,6686648,1013,CDS
18680,6686713,6686913,200,CDS
18681,6684557,6684721,164,CDS
18682,6684786,6685571,785,CDS
18683,6685635,6686648,1013,CDS
18684,6686713,6686913,200,CDS
18685,6684557,6684721,164,CDS
18686,6684786,6685571,785,CDS
18687,6685635,6686648,1013,CDS
18688,6686713,6686913,200,CDS
18689,6684557,6684721,164,CDS
18690,6684786,6685571,785,CDS
18691,6685635,6686648,1013,CDS
18692,6686713,6686913,200,CDS
18693,6684557,6684721,164,CDS
18694,6684786,6685571,785,CDS
18695,6685635,6686648,1013,CDS
18696,6686713,6686913,200,CDS
18697,6684557,6684721,164,CDS
18698,6684786,6685571,785,CDS
18699,6685635,6686648,1013,CDS
18700,6686713,6686913,200,CDS
18701,6684557,6684721,164,CDS
18702,6684786,6685571,785,CDS
18703,6685635,6686648,1013,CDS
18704,6686713,6686913,200,CDS
18705,6684557,6684721,164,CDS
18706,6684786,6685571,785,CDS
18707,6685635,6686648,1013,CDS
18708,6686713,6686913,200,CDS
18709,6686963,6687420,457,gene
18710,6687363,6687420,57,mRNA
18711,6686963,6687302,339,mRNA
18712,6687363,6687365,2,CDS
18713,6687039,6687302,263,CDS
18714,6687596,6688774,1178,gene
18715,6687596,6688774,1178,mRNA
18716,6687670,6688740,1070,CDS
18717,6689296,6695007,5711,gene
18718,6692403,6695001,2598,mRNA
18719,6689296,6691354,2058,mRNA
18720,6693093,6695007,1914,mRNA
18721,6692403,6692864,461,mRNA
18722,6689320,6691354,2034,mRNA
18723,6692943,6695007,2064,mRNA
18724,6692403,6692864,461,mRNA
18725,6689320,6691354,2034,mRNA
18726,6693111,6695001,1890,mRNA
18727,6692403,6692864,461,mRNA
18728,6689320,6691354,2034,mRNA
18729,6693111,6693956,845,CDS
18730,6692403,6692864,461,CDS
18731,6689804,6691354,1550,CDS
18732,6693093,6693956,863,CDS
18733,6692403,6692864,461,CDS
18734,6689804,6691354,1550,CDS
18735,6692943,6693956,1013,CDS
18736,6692403,6692864,461,CDS
18737,6689804,6691354,1550,CDS
18738,6692403,6693956,1553,CDS
18739,6689804,6691354,1550,CDS
18740,6692403,6695007,2604,mRNA
18741,6692073,6692113,40,mRNA
18742,6691682,6692018,336,mRNA
18743,6692403,6693956,1553,CDS
18744,6692078,6692113,35,CDS
18745,6695866,6698567,2701,gene
18746,6695866,6698503,2637,mRNA
18747,6696766,6698567,1801,mRNA
18748,6697329,6698285,956,CDS
18749,6697329,6698285,956,CDS
18750,6699508,6719389,19881,gene
18751,6699508,6700353,845,mRNA
18752,6709379,6709896,517,mRNA
18753,6712279,6713336,1057,mRNA
18754,6713397,6713495,98,mRNA
18755,6713562,6713678,116,mRNA
18756,6713743,6714690,947,mRNA
18757,6715864,6715923,59,mRNA
18758,6715989,6719389,3400,mRNA
18759,6699508,6699574,66,mRNA
18760,6699911,6700353,442,mRNA
18761,6709379,6709896,517,mRNA
18762,6712279,6713336,1057,mRNA
18763,6713397,6713495,98,mRNA
18764,6713562,6713678,116,mRNA
18765,6713743,6714690,947,mRNA
18766,6715864,6715923,59,mRNA
18767,6715989,6717432,1443,mRNA
18768,6699508,6699574,66,mRNA
18769,6700053,6700353,300,mRNA
18770,6709379,6709896,517,mRNA
18771,6712279,6713336,1057,mRNA
18772,6713397,6713495,98,mRNA
18773,6713562,6713678,116,mRNA
18774,6713743,6714690,947,mRNA
18775,6715864,6715923,59,mRNA
18776,6715989,6717432,1443,mRNA
18777,6709087,6709275,188,mRNA
18778,6709379,6709896,517,mRNA
18779,6712279,6713336,1057,mRNA
18780,6713397,6713495,98,mRNA
18781,6713562,6713678,116,mRNA
18782,6713743,6714690,947,mRNA
18783,6715864,6715923,59,mRNA
18784,6715989,6717432,1443,mRNA
18785,6709720,6709896,176,CDS
18786,6712279,6713336,1057,CDS
18787,6713397,6713495,98,CDS
18788,6713562,6713678,116,CDS
18789,6713743,6714690,947,CDS
18790,6715864,6715923,59,CDS
18791,6715989,6716979,990,CDS
18792,6709720,6709896,176,CDS
18793,6712279,6713336,1057,CDS
18794,6713397,6713495,98,CDS
18795,6713562,6713678,116,CDS
18796,6713743,6714690,947,CDS
18797,6715864,6715923,59,CDS
18798,6715989,6716979,990,CDS
18799,6709720,6709896,176,CDS
18800,6712279,6713336,1057,CDS
18801,6713397,6713495,98,CDS
18802,6713562,6713678,116,CDS
18803,6713743,6714690,947,CDS
18804,6715864,6715923,59,CDS
18805,6715989,6716979,990,CDS
18806,6709720,6709896,176,CDS
18807,6712279,6713336,1057,CDS
18808,6713397,6713495,98,CDS
18809,6713562,6713678,116,CDS
18810,6713743,6714690,947,CDS
18811,6715864,6715923,59,CDS
18812,6715989,6716979,990,CDS
18813,6720004,6739986,19982,gene
18814,6730356,6730533,177,mRNA
18815,6724209,6724382,173,mRNA
18816,6723380,6724100,720,mRNA
18817,6720004,6722692,2688,mRNA
18818,6739490,6739986,496,mRNA
18819,6724209,6724382,173,mRNA
18820,6723380,6724100,720,mRNA
18821,6720475,6722692,2217,mRNA
18822,6739490,6739986,496,mRNA
18823,6737806,6738003,197,mRNA
18824,6724209,6724382,173,mRNA
18825,6723380,6724100,720,mRNA
18826,6720475,6722692,2217,mRNA
18827,6730356,6730533,177,mRNA
18828,6724209,6724382,173,mRNA
18829,6723380,6724100,720,mRNA
18830,6720475,6722692,2217,mRNA
18831,6730356,6730533,177,mRNA
18832,6727709,6727792,83,mRNA
18833,6724209,6724382,173,mRNA
18834,6723380,6724100,720,mRNA
18835,6720475,6722692,2217,mRNA
18836,6727100,6727229,129,mRNA
18837,6724209,6724382,173,mRNA
18838,6723380,6724100,720,mRNA
18839,6720475,6722692,2217,mRNA
18840,6726600,6727229,629,mRNA
18841,6724209,6724382,173,mRNA
18842,6723380,6724100,720,mRNA
18843,6720475,6722692,2217,mRNA
18844,6724209,6724245,36,CDS
18845,6723380,6724100,720,CDS
18846,6721552,6722692,1140,CDS
18847,6724209,6724245,36,CDS
18848,6723380,6724100,720,CDS
18849,6721552,6722692,1140,CDS
18850,6724209,6724245,36,CDS
18851,6723380,6724100,720,CDS
18852,6721552,6722692,1140,CDS
18853,6724209,6724245,36,CDS
18854,6723380,6724100,720,CDS
18855,6721552,6722692,1140,CDS
18856,6724209,6724245,36,CDS
18857,6723380,6724100,720,CDS
18858,6721552,6722692,1140,CDS
18859,6724209,6724245,36,CDS
18860,6723380,6724100,720,CDS
18861,6721552,6722692,1140,CDS
18862,6724209,6724245,36,CDS
18863,6723380,6724100,720,CDS
18864,6721552,6722692,1140,CDS
18865,6732717,6735917,3200,gene
18866,6732717,6732867,150,ncRNA
18867,6735631,6735917,286,ncRNA
18868,6741537,6744238,2701,gene
18869,6744196,6744238,42,mRNA
18870,6743058,6743148,90,mRNA
18871,6741537,6742256,719,mRNA
18872,6744109,6744238,129,mRNA
18873,6743058,6743148,90,mRNA
18874,6741537,6742256,719,mRNA
18875,6743950,6744238,288,mRNA
18876,6743058,6743148,90,mRNA
18877,6741537,6742256,719,mRNA
18878,6744146,6744171,25,mRNA
18879,6743058,6743148,90,mRNA
18880,6741537,6742256,719,mRNA
18881,6743058,6743167,109,mRNA
18882,6741537,6742256,719,mRNA
18883,6743058,6743138,80,CDS
18884,6741777,6742256,479,CDS
18885,6743058,6743138,80,CDS
18886,6741777,6742256,479,CDS
18887,6743058,6743138,80,CDS
18888,6741777,6742256,479,CDS
18889,6743058,6743138,80,CDS
18890,6741777,6742256,479,CDS
18891,6743058,6743138,80,CDS
18892,6741777,6742256,479,CDS
18893,6742349,6742491,142,gene
18894,6742349,6742491,142,ncRNA
18895,6742686,6742826,140,gene
18896,6742686,6742826,140,ncRNA
18897,6742852,6743001,149,gene
18898,6742852,6743001,149,ncRNA
18899,6743675,6743815,140,gene
18900,6743675,6743815,140,ncRNA
18901,6744471,6744543,72,gene
18902,6744471,6744543,72,tRNA
18903,6744879,6746423,1544,gene
18904,6744879,6744942,63,ncRNA
18905,6745389,6745715,326,ncRNA
18906,6745779,6746423,644,ncRNA
18907,6746399,6748020,1621,gene
18908,6747864,6748020,156,ncRNA
18909,6746399,6747797,1398,ncRNA
18910,6747544,6755752,8208,gene
18911,6747544,6748040,496,mRNA
18912,6753762,6755111,1349,mRNA
18913,6755172,6755752,580,mRNA
18914,6747544,6747708,164,mRNA
18915,6747841,6748040,199,mRNA
18916,6753762,6755111,1349,mRNA
18917,6755172,6755752,580,mRNA
18918,6747544,6747708,164,mRNA
18919,6753762,6755111,1349,mRNA
18920,6755172,6755752,580,mRNA
18921,6753776,6755111,1335,CDS
18922,6755172,6755443,271,CDS
18923,6753776,6755111,1335,CDS
18924,6755172,6755443,271,CDS
18925,6753776,6755111,1335,CDS
18926,6755172,6755443,271,CDS
18927,6755780,6756203,423,mobile_element
18928,6756322,6770712,14390,gene
18929,6756322,6756700,378,mRNA
18930,6759988,6760210,222,mRNA
18931,6760277,6760346,69,mRNA
18932,6760414,6767122,6708,mRNA
18933,6767184,6768338,1154,mRNA
18934,6768407,6769053,646,mRNA
18935,6769128,6770712,1584,mRNA
18936,6757291,6758456,1165,mobile_element
18937,6757567,6758087,520,mobile_element
18938,6758610,6759491,881,gene
18939,6759425,6759491,66,ncRNA
18940,6758610,6758953,343,ncRNA
18941,6758610,6759491,881,ncRNA
18942,6759737,6759894,157,mRNA
18943,6759988,6760210,222,mRNA
18944,6760277,6760346,69,mRNA
18945,6760414,6767122,6708,mRNA
18946,6767184,6768338,1154,mRNA
18947,6768407,6769053,646,mRNA
18948,6769128,6770497,1369,mRNA
18949,6759737,6759894,157,mRNA
18950,6759991,6760210,219,mRNA
18951,6760277,6760346,69,mRNA
18952,6760414,6767122,6708,mRNA
18953,6767184,6768338,1154,mRNA
18954,6768407,6769053,646,mRNA
18955,6769128,6770497,1369,mRNA
18956,6760020,6760210,190,CDS
18957,6760277,6760346,69,CDS
18958,6760414,6767122,6708,CDS
18959,6767184,6768338,1154,CDS
18960,6768407,6769053,646,CDS
18961,6769128,6770297,1169,CDS
18962,6760020,6760210,190,CDS
18963,6760277,6760346,69,CDS
18964,6760414,6767122,6708,CDS
18965,6767184,6768338,1154,CDS
18966,6768407,6769053,646,CDS
18967,6769128,6770297,1169,CDS
18968,6760020,6760210,190,CDS
18969,6760277,6760346,69,CDS
18970,6760414,6767122,6708,CDS
18971,6767184,6768338,1154,CDS
18972,6768407,6769053,646,CDS
18973,6769128,6770297,1169,CDS
18974,6770583,6770641,58,mobile_element
18975,6771225,6773039,1814,gene
18976,6771225,6771373,148,mRNA
18977,6772227,6772723,496,mRNA
18978,6772787,6773039,252,mRNA
18979,6771370,6771373,3,CDS
18980,6772227,6772723,496,CDS
18981,6772787,6772945,158,CDS
18982,6771463,6779659,8196,gene
18983,6779411,6779659,248,mRNA
18984,6774561,6774962,401,mRNA
18985,6774183,6774440,257,mRNA
18986,6773966,6774109,143,mRNA
18987,6773061,6773249,188,mRNA
18988,6772005,6772100,95,mRNA
18989,6771737,6771934,197,mRNA
18990,6771463,6771659,196,mRNA
18991,6779411,6779659,248,mRNA
18992,6774561,6774962,401,mRNA
18993,6774183,6774440,257,mRNA
18994,6773966,6774109,143,mRNA
18995,6773061,6773261,200,mRNA
18996,6772005,6772100,95,mRNA
18997,6771737,6771934,197,mRNA
18998,6771463,6771659,196,mRNA
18999,6779411,6779659,248,mRNA
19000,6774561,6774962,401,mRNA
19001,6774183,6774440,257,mRNA
19002,6773915,6774109,194,mRNA
19003,6773061,6773249,188,mRNA
19004,6772005,6772100,95,mRNA
19005,6771737,6771934,197,mRNA
19006,6771463,6771659,196,mRNA
19007,6779411,6779659,248,mRNA
19008,6774561,6774962,401,mRNA
19009,6774183,6774440,257,mRNA
19010,6773915,6774109,194,mRNA
19011,6773061,6773261,200,mRNA
19012,6772005,6772100,95,mRNA
19013,6771737,6771934,197,mRNA
19014,6771463,6771659,196,mRNA
19015,6774561,6774951,390,CDS
19016,6774183,6774440,257,CDS
19017,6773966,6774109,143,CDS
19018,6773061,6773249,188,CDS
19019,6772005,6772100,95,CDS
19020,6771737,6771934,197,CDS
19021,6771616,6771659,43,CDS
19022,6774561,6774951,390,CDS
19023,6774183,6774440,257,CDS
19024,6773966,6774109,143,CDS
19025,6773061,6773261,200,CDS
19026,6772005,6772100,95,CDS
19027,6771737,6771934,197,CDS
19028,6771616,6771659,43,CDS
19029,6774561,6774951,390,CDS
19030,6774183,6774440,257,CDS
19031,6773915,6774109,194,CDS
19032,6773061,6773249,188,CDS
19033,6772005,6772100,95,CDS
19034,6771737,6771934,197,CDS
19035,6771616,6771659,43,CDS
19036,6774561,6774951,390,CDS
19037,6774183,6774440,257,CDS
19038,6773915,6774109,194,CDS
19039,6773061,6773261,200,CDS
19040,6772005,6772100,95,CDS
19041,6771737,6771934,197,CDS
19042,6771616,6771659,43,CDS
19043,6780790,6803593,22803,gene
19044,6803107,6803593,486,mRNA
19045,6788461,6789051,590,mRNA
19046,6788203,6788393,190,mRNA
19047,6787590,6788125,535,mRNA
19048,6787351,6787520,169,mRNA
19049,6786156,6786812,656,mRNA
19050,6784624,6784735,111,mRNA
19051,6783890,6784554,664,mRNA
19052,6783610,6783778,168,mRNA
19053,6782963,6783532,569,mRNA
19054,6782770,6782895,125,mRNA
19055,6782561,6782692,131,mRNA
19056,6780790,6782486,1696,mRNA
19057,6803107,6803593,486,mRNA
19058,6789712,6791161,1449,mRNA
19059,6788461,6789051,590,mRNA
19060,6788203,6788393,190,mRNA
19061,6787590,6788125,535,mRNA
19062,6787351,6787520,169,mRNA
19063,6786156,6786812,656,mRNA
19064,6784624,6784735,111,mRNA
19065,6783890,6784554,664,mRNA
19066,6783610,6783778,168,mRNA
19067,6782963,6783532,569,mRNA
19068,6782770,6782895,125,mRNA
19069,6782561,6782692,131,mRNA
19070,6780790,6782486,1696,mRNA
19071,6803107,6803593,486,mRNA
19072,6788461,6789051,590,mRNA
19073,6788203,6788393,190,mRNA
19074,6787590,6788125,535,mRNA
19075,6787351,6787520,169,mRNA
19076,6787096,6787266,170,mRNA
19077,6786156,6786812,656,mRNA
19078,6784624,6784735,111,mRNA
19079,6783890,6784554,664,mRNA
19080,6783610,6783778,168,mRNA
19081,6782963,6783532,569,mRNA
19082,6782770,6782895,125,mRNA
19083,6782561,6782692,131,mRNA
19084,6781416,6782486,1070,mRNA
19085,6800050,6800710,660,mRNA
19086,6788461,6789051,590,mRNA
19087,6788203,6788393,190,mRNA
19088,6787590,6788125,535,mRNA
19089,6787351,6787520,169,mRNA
19090,6786156,6786812,656,mRNA
19091,6784624,6784735,111,mRNA
19092,6783890,6784554,664,mRNA
19093,6783610,6783778,168,mRNA
19094,6782963,6783532,569,mRNA
19095,6782770,6782895,125,mRNA
19096,6782561,6782692,131,mRNA
19097,6781416,6782486,1070,mRNA
19098,6800050,6800710,660,mRNA
19099,6788461,6789051,590,mRNA
19100,6788203,6788393,190,mRNA
19101,6787590,6788125,535,mRNA
19102,6787351,6787520,169,mRNA
19103,6786156,6786812,656,mRNA
19104,6785511,6785663,152,mRNA
19105,6784624,6784735,111,mRNA
19106,6783890,6784554,664,mRNA
19107,6783610,6783778,168,mRNA
19108,6782963,6783532,569,mRNA
19109,6782770,6782895,125,mRNA
19110,6782561,6782692,131,mRNA
19111,6781416,6782486,1070,mRNA
19112,6800050,6800710,660,mRNA
19113,6788461,6789051,590,mRNA
19114,6788203,6788393,190,mRNA
19115,6787590,6788125,535,mRNA
19116,6787351,6787520,169,mRNA
19117,6787096,6787248,152,mRNA
19118,6786156,6786812,656,mRNA
19119,6784624,6784735,111,mRNA
19120,6783890,6784554,664,mRNA
19121,6783610,6783778,168,mRNA
19122,6782963,6783532,569,mRNA
19123,6782770,6782895,125,mRNA
19124,6782561,6782692,131,mRNA
19125,6781416,6782486,1070,mRNA
19126,6795449,6795578,129,mRNA
19127,6791768,6791891,123,mRNA
19128,6788461,6789051,590,mRNA
19129,6788203,6788393,190,mRNA
19130,6787590,6788125,535,mRNA
19131,6787351,6787520,169,mRNA
19132,6786156,6786812,656,mRNA
19133,6784624,6784735,111,mRNA
19134,6783890,6784554,664,mRNA
19135,6783610,6783778,168,mRNA
19136,6782963,6783532,569,mRNA
19137,6782770,6782895,125,mRNA
19138,6782561,6782692,131,mRNA
19139,6781416,6782486,1070,mRNA
19140,6795449,6795578,129,mRNA
19141,6791768,6791891,123,mRNA
19142,6788461,6789051,590,mRNA
19143,6788203,6788393,190,mRNA
19144,6787590,6788125,535,mRNA
19145,6787351,6787520,169,mRNA
19146,6787096,6787248,152,mRNA
19147,6786156,6786812,656,mRNA
19148,6784624,6784735,111,mRNA
19149,6783890,6784554,664,mRNA
19150,6783610,6783778,168,mRNA
19151,6782963,6783532,569,mRNA
19152,6782770,6782895,125,mRNA
19153,6782561,6782692,131,mRNA
19154,6781416,6782486,1070,mRNA
19155,6795352,6795388,36,mRNA
19156,6788461,6789051,590,mRNA
19157,6788203,6788393,190,mRNA
19158,6787590,6788125,535,mRNA
19159,6787351,6787520,169,mRNA
19160,6786156,6786812,656,mRNA
19161,6784624,6784735,111,mRNA
19162,6783890,6784554,664,mRNA
19163,6783610,6783778,168,mRNA
19164,6782963,6783532,569,mRNA
19165,6782770,6782895,125,mRNA
19166,6782561,6782692,131,mRNA
19167,6781416,6782486,1070,mRNA
19168,6789712,6791035,1323,mRNA
19169,6788461,6789051,590,mRNA
19170,6788203,6788393,190,mRNA
19171,6787590,6788125,535,mRNA
19172,6787351,6787520,169,mRNA
19173,6787096,6787248,152,mRNA
19174,6786156,6786812,656,mRNA
19175,6784624,6784735,111,mRNA
19176,6783890,6784554,664,mRNA
19177,6783610,6783778,168,mRNA
19178,6782963,6783532,569,mRNA
19179,6782770,6782895,125,mRNA
19180,6782561,6782692,131,mRNA
19181,6781416,6782486,1070,mRNA
19182,6803107,6803128,21,CDS
19183,6788461,6789051,590,CDS
19184,6788203,6788393,190,CDS
19185,6787590,6788125,535,CDS
19186,6787351,6787520,169,CDS
19187,6786156,6786812,656,CDS
19188,6784624,6784735,111,CDS
19189,6783890,6784554,664,CDS
19190,6783610,6783778,168,CDS
19191,6782963,6783532,569,CDS
19192,6782770,6782895,125,CDS
19193,6782561,6782692,131,CDS
19194,6782354,6782486,132,CDS
19195,6803107,6803128,21,CDS
19196,6788461,6789051,590,CDS
19197,6788203,6788393,190,CDS
19198,6787590,6788125,535,CDS
19199,6787351,6787520,169,CDS
19200,6787096,6787266,170,CDS
19201,6786156,6786812,656,CDS
19202,6784624,6784735,111,CDS
19203,6783890,6784554,664,CDS
19204,6783610,6783778,168,CDS
19205,6782963,6783532,569,CDS
19206,6782770,6782895,125,CDS
19207,6782561,6782692,131,CDS
19208,6782354,6782486,132,CDS
19209,6800050,6800251,201,CDS
19210,6788461,6789051,590,CDS
19211,6788203,6788393,190,CDS
19212,6787590,6788125,535,CDS
19213,6787351,6787520,169,CDS
19214,6786156,6786812,656,CDS
19215,6784624,6784735,111,CDS
19216,6783890,6784554,664,CDS
19217,6783610,6783778,168,CDS
19218,6782963,6783532,569,CDS
19219,6782770,6782895,125,CDS
19220,6782561,6782692,131,CDS
19221,6782354,6782486,132,CDS
19222,6800050,6800251,201,CDS
19223,6788461,6789051,590,CDS
19224,6788203,6788393,190,CDS
19225,6787590,6788125,535,CDS
19226,6787351,6787520,169,CDS
19227,6786156,6786812,656,CDS
19228,6785511,6785663,152,CDS
19229,6784624,6784735,111,CDS
19230,6783890,6784554,664,CDS
19231,6783610,6783778,168,CDS
19232,6782963,6783532,569,CDS
19233,6782770,6782895,125,CDS
19234,6782561,6782692,131,CDS
19235,6782354,6782486,132,CDS
19236,6800050,6800251,201,CDS
19237,6788461,6789051,590,CDS
19238,6788203,6788393,190,CDS
19239,6787590,6788125,535,CDS
19240,6787351,6787520,169,CDS
19241,6787096,6787248,152,CDS
19242,6786156,6786812,656,CDS
19243,6784624,6784735,111,CDS
19244,6783890,6784554,664,CDS
19245,6783610,6783778,168,CDS
19246,6782963,6783532,569,CDS
19247,6782770,6782895,125,CDS
19248,6782561,6782692,131,CDS
19249,6782354,6782486,132,CDS
19250,6789712,6790222,510,CDS
19251,6788461,6789051,590,CDS
19252,6788203,6788393,190,CDS
19253,6787590,6788125,535,CDS
19254,6787351,6787520,169,CDS
19255,6786156,6786812,656,CDS
19256,6784624,6784735,111,CDS
19257,6783890,6784554,664,CDS
19258,6783610,6783778,168,CDS
19259,6782963,6783532,569,CDS
19260,6782770,6782895,125,CDS
19261,6782561,6782692,131,CDS
19262,6782354,6782486,132,CDS
19263,6789712,6790222,510,CDS
19264,6788461,6789051,590,CDS
19265,6788203,6788393,190,CDS
19266,6787590,6788125,535,CDS
19267,6787351,6787520,169,CDS
19268,6787096,6787248,152,CDS
19269,6786156,6786812,656,CDS
19270,6784624,6784735,111,CDS
19271,6783890,6784554,664,CDS
19272,6783610,6783778,168,CDS
19273,6782963,6783532,569,CDS
19274,6782770,6782895,125,CDS
19275,6782561,6782692,131,CDS
19276,6782354,6782486,132,CDS
19277,6788461,6788704,243,CDS
19278,6788203,6788393,190,CDS
19279,6787590,6788125,535,CDS
19280,6787351,6787520,169,CDS
19281,6786156,6786812,656,CDS
19282,6784624,6784735,111,CDS
19283,6783890,6784554,664,CDS
19284,6783610,6783778,168,CDS
19285,6782963,6783532,569,CDS
19286,6782770,6782895,125,CDS
19287,6782561,6782692,131,CDS
19288,6782354,6782486,132,CDS
19289,6788461,6788704,243,CDS
19290,6788203,6788393,190,CDS
19291,6787590,6788125,535,CDS
19292,6787351,6787520,169,CDS
19293,6786156,6786812,656,CDS
19294,6784624,6784735,111,CDS
19295,6783890,6784554,664,CDS
19296,6783610,6783778,168,CDS
19297,6782963,6783532,569,CDS
19298,6782770,6782895,125,CDS
19299,6782561,6782692,131,CDS
19300,6782354,6782486,132,CDS
19301,6788461,6788704,243,CDS
19302,6788203,6788393,190,CDS
19303,6787590,6788125,535,CDS
19304,6787351,6787520,169,CDS
19305,6787096,6787248,152,CDS
19306,6786156,6786812,656,CDS
19307,6784624,6784735,111,CDS
19308,6783890,6784554,664,CDS
19309,6783610,6783778,168,CDS
19310,6782963,6783532,569,CDS
19311,6782770,6782895,125,CDS
19312,6782561,6782692,131,CDS
19313,6782354,6782486,132,CDS
19314,6803684,6813830,10146,gene
19315,6803684,6803766,82,mRNA
19316,6805678,6806218,540,mRNA
19317,6806618,6806804,186,mRNA
19318,6806881,6807437,556,mRNA
19319,6807496,6807648,152,mRNA
19320,6807799,6808341,542,mRNA
19321,6808812,6808995,183,mRNA
19322,6809064,6809137,73,mRNA
19323,6809374,6809406,32,mRNA
19324,6809485,6809657,172,mRNA
19325,6809727,6810638,911,mRNA
19326,6810702,6811047,345,mRNA
19327,6811117,6811252,135,mRNA
19328,6811317,6811417,100,mRNA
19329,6811480,6813830,2350,mRNA
19330,6803684,6803766,82,mRNA
19331,6805678,6806218,540,mRNA
19332,6806618,6806804,186,mRNA
19333,6806881,6807437,556,mRNA
19334,6807496,6807648,152,mRNA
19335,6808812,6808995,183,mRNA
19336,6809064,6809137,73,mRNA
19337,6809485,6809657,172,mRNA
19338,6809727,6810638,911,mRNA
19339,6810702,6811047,345,mRNA
19340,6811117,6811252,135,mRNA
19341,6811317,6811417,100,mRNA
19342,6811480,6813830,2350,mRNA
19343,6803684,6803766,82,mRNA
19344,6805678,6806218,540,mRNA
19345,6806618,6806804,186,mRNA
19346,6806881,6807437,556,mRNA
19347,6807496,6807648,152,mRNA
19348,6807799,6808341,542,mRNA
19349,6808812,6808995,183,mRNA
19350,6809064,6809137,73,mRNA
19351,6809485,6809657,172,mRNA
19352,6809727,6810638,911,mRNA
19353,6810702,6811047,345,mRNA
19354,6811117,6811252,135,mRNA
19355,6811317,6811417,100,mRNA
19356,6811480,6813520,2040,mRNA
19357,6804096,6804177,81,mRNA
19358,6805678,6806218,540,mRNA
19359,6806618,6806804,186,mRNA
19360,6806881,6807437,556,mRNA
19361,6807496,6807648,152,mRNA
19362,6808812,6808995,183,mRNA
19363,6809064,6809137,73,mRNA
19364,6809485,6809657,172,mRNA
19365,6809727,6810638,911,mRNA
19366,6810702,6811047,345,mRNA
19367,6811117,6811252,135,mRNA
19368,6811317,6811417,100,mRNA
19369,6811480,6813830,2350,mRNA
19370,6804985,6805006,21,mRNA
19371,6805678,6806218,540,mRNA
19372,6806618,6806804,186,mRNA
19373,6806881,6807437,556,mRNA
19374,6807496,6807648,152,mRNA
19375,6808812,6808995,183,mRNA
19376,6809064,6809137,73,mRNA
19377,6809485,6809657,172,mRNA
19378,6809727,6810638,911,mRNA
19379,6810702,6811047,345,mRNA
19380,6811117,6811252,135,mRNA
19381,6811317,6811417,100,mRNA
19382,6811480,6813830,2350,mRNA
19383,6805128,6805249,121,mRNA
19384,6805678,6806218,540,mRNA
19385,6806618,6806804,186,mRNA
19386,6806881,6807437,556,mRNA
19387,6807496,6807648,152,mRNA
19388,6808812,6808995,183,mRNA
19389,6809064,6809137,73,mRNA
19390,6809485,6809657,172,mRNA
19391,6809727,6810638,911,mRNA
19392,6810702,6811047,345,mRNA
19393,6811117,6811252,135,mRNA
19394,6811317,6811417,100,mRNA
19395,6811480,6813830,2350,mRNA
19396,6805385,6805475,90,mRNA
19397,6805678,6806218,540,mRNA
19398,6806618,6806804,186,mRNA
19399,6806881,6807437,556,mRNA
19400,6807496,6807648,152,mRNA
19401,6808812,6808995,183,mRNA
19402,6809064,6809137,73,mRNA
19403,6809485,6809657,172,mRNA
19404,6809727,6810638,911,mRNA
19405,6810702,6811047,345,mRNA
19406,6811117,6811252,135,mRNA
19407,6811317,6811417,100,mRNA
19408,6811480,6813830,2350,mRNA
19409,6805910,6806218,308,CDS
19410,6806618,6806804,186,CDS
19411,6806881,6807437,556,CDS
19412,6807496,6807648,152,CDS
19413,6807799,6808341,542,CDS
19414,6808812,6808995,183,CDS
19415,6809064,6809137,73,CDS
19416,6809374,6809406,32,CDS
19417,6809485,6809657,172,CDS
19418,6809727,6810638,911,CDS
19419,6810702,6811047,345,CDS
19420,6811117,6811252,135,CDS
19421,6811317,6811417,100,CDS
19422,6811480,6811572,92,CDS
19423,6805910,6806218,308,CDS
19424,6806618,6806804,186,CDS
19425,6806881,6807437,556,CDS
19426,6807496,6807648,152,CDS
19427,6807799,6808341,542,CDS
19428,6808812,6808995,183,CDS
19429,6809064,6809137,73,CDS
19430,6809485,6809657,172,CDS
19431,6809727,6810638,911,CDS
19432,6810702,6811047,345,CDS
19433,6811117,6811252,135,CDS
19434,6811317,6811417,100,CDS
19435,6811480,6811572,92,CDS
19436,6805910,6806218,308,CDS
19437,6806618,6806804,186,CDS
19438,6806881,6807437,556,CDS
19439,6807496,6807648,152,CDS
19440,6808812,6808995,183,CDS
19441,6809064,6809137,73,CDS
19442,6809485,6809657,172,CDS
19443,6809727,6810638,911,CDS
19444,6810702,6811047,345,CDS
19445,6811117,6811252,135,CDS
19446,6811317,6811417,100,CDS
19447,6811480,6811572,92,CDS
19448,6805910,6806218,308,CDS
19449,6806618,6806804,186,CDS
19450,6806881,6807437,556,CDS
19451,6807496,6807648,152,CDS
19452,6808812,6808995,183,CDS
19453,6809064,6809137,73,CDS
19454,6809485,6809657,172,CDS
19455,6809727,6810638,911,CDS
19456,6810702,6811047,345,CDS
19457,6811117,6811252,135,CDS
19458,6811317,6811417,100,CDS
19459,6811480,6811572,92,CDS
19460,6805910,6806218,308,CDS
19461,6806618,6806804,186,CDS
19462,6806881,6807437,556,CDS
19463,6807496,6807648,152,CDS
19464,6808812,6808995,183,CDS
19465,6809064,6809137,73,CDS
19466,6809485,6809657,172,CDS
19467,6809727,6810638,911,CDS
19468,6810702,6811047,345,CDS
19469,6811117,6811252,135,CDS
19470,6811317,6811417,100,CDS
19471,6811480,6811572,92,CDS
19472,6805910,6806218,308,CDS
19473,6806618,6806804,186,CDS
19474,6806881,6807437,556,CDS
19475,6807496,6807648,152,CDS
19476,6808812,6808995,183,CDS
19477,6809064,6809137,73,CDS
19478,6809485,6809657,172,CDS
19479,6809727,6810638,911,CDS
19480,6810702,6811047,345,CDS
19481,6811117,6811252,135,CDS
19482,6811317,6811417,100,CDS
19483,6811480,6811572,92,CDS
19484,6805910,6806218,308,CDS
19485,6806618,6806804,186,CDS
19486,6806881,6807437,556,CDS
19487,6807496,6807648,152,CDS
19488,6808812,6808995,183,CDS
19489,6809064,6809137,73,CDS
19490,6809485,6809657,172,CDS
19491,6809727,6810638,911,CDS
19492,6810702,6811047,345,CDS
19493,6811117,6811252,135,CDS
19494,6811317,6811417,100,CDS
19495,6811480,6811572,92,CDS
19496,6813978,6818156,4178,gene
19497,6813978,6814256,278,mRNA
19498,6814515,6815432,917,mRNA
19499,6815490,6815914,424,mRNA
19500,6815981,6816132,151,mRNA
19501,6816190,6816406,216,mRNA
19502,6816465,6816815,350,mRNA
19503,6816872,6817669,797,mRNA
19504,6817725,6817945,220,mRNA
19505,6818006,6818156,150,mRNA
19506,6814118,6814256,138,CDS
19507,6814515,6815432,917,CDS
19508,6815490,6815914,424,CDS
19509,6815981,6816132,151,CDS
19510,6816190,6816406,216,CDS
19511,6816465,6816815,350,CDS
19512,6816872,6817669,797,CDS
19513,6817725,6817945,220,CDS
19514,6818006,6818156,150,CDS
19515,6818178,6820919,2741,gene
19516,6820683,6820919,236,mRNA
19517,6819156,6820524,1368,mRNA
19518,6818178,6819093,915,mRNA
19519,6820683,6820726,43,CDS
19520,6819156,6820524,1368,CDS
19521,6818701,6819093,392,CDS
19522,6821016,6822840,1824,gene
19523,6821016,6821160,144,mRNA
19524,6821216,6822130,914,mRNA
19525,6822194,6822304,110,mRNA
19526,6822372,6822840,468,mRNA
19527,6821093,6821160,67,CDS
19528,6821216,6822130,914,CDS
19529,6822194,6822304,110,CDS
19530,6822372,6822813,441,CDS
19531,6823204,6824203,999,gene
19532,6823204,6823355,151,mRNA
19533,6823413,6823638,225,mRNA
19534,6823692,6824203,511,mRNA
19535,6823255,6823355,100,CDS
19536,6823413,6823638,225,CDS
19537,6823692,6824057,365,CDS
19538,6824496,6838122,13626,gene
19539,6824496,6824986,490,mRNA
19540,6825056,6825419,363,mRNA
19541,6825490,6827749,2259,mRNA
19542,6827818,6831318,3500,mRNA
19543,6833865,6834184,319,mRNA
19544,6834250,6835594,1344,mRNA
19545,6835645,6836613,968,mRNA
19546,6836681,6837029,348,mRNA
19547,6837101,6838122,1021,mRNA
19548,6824496,6824986,490,mRNA
19549,6825056,6825419,363,mRNA
19550,6825490,6827749,2259,mRNA
19551,6827818,6831318,3500,mRNA
19552,6833865,6834184,319,mRNA
19553,6834250,6835594,1344,mRNA
19554,6835645,6836613,968,mRNA
19555,6836681,6837029,348,mRNA
19556,6837101,6837540,439,mRNA
19557,6824638,6824986,348,CDS
19558,6825056,6825419,363,CDS
19559,6825490,6827749,2259,CDS
19560,6827818,6831318,3500,CDS
19561,6833865,6834184,319,CDS
19562,6834250,6835594,1344,CDS
19563,6835645,6836613,968,CDS
19564,6836681,6837029,348,CDS
19565,6837101,6837300,199,CDS
19566,6824638,6824986,348,CDS
19567,6825056,6825419,363,CDS
19568,6825490,6827749,2259,CDS
19569,6827818,6831318,3500,CDS
19570,6833865,6834184,319,CDS
19571,6834250,6835594,1344,CDS
19572,6835645,6836613,968,CDS
19573,6836681,6837029,348,CDS
19574,6837101,6837300,199,CDS
19575,6831397,6832684,1287,gene
19576,6832183,6832684,501,mRNA
19577,6831397,6832112,715,mRNA
19578,6832183,6832661,478,CDS
19579,6831476,6832112,636,CDS
19580,6838174,6843921,5747,gene
19581,6842522,6843921,1399,mRNA
19582,6841827,6841953,126,mRNA
19583,6841653,6841748,95,mRNA
19584,6841469,6841574,105,mRNA
19585,6840364,6840434,70,mRNA
19586,6840114,6840261,147,mRNA
19587,6838174,6840056,1882,mRNA
19588,6842522,6843921,1399,mRNA
19589,6841827,6841953,126,mRNA
19590,6841653,6841748,95,mRNA
19591,6841469,6841574,105,mRNA
19592,6840364,6840434,70,mRNA
19593,6840114,6840261,147,mRNA
19594,6839432,6840056,624,mRNA
19595,6842522,6843046,524,CDS
19596,6841827,6841953,126,CDS
19597,6841653,6841748,95,CDS
19598,6841469,6841574,105,CDS
19599,6840377,6840434,57,CDS
19600,6842522,6843046,524,CDS
19601,6841827,6841953,126,CDS
19602,6841653,6841748,95,CDS
19603,6841469,6841574,105,CDS
19604,6840377,6840434,57,CDS
19605,6844341,6847847,3506,gene
19606,6844341,6845174,833,mRNA
19607,6845243,6846752,1509,mRNA
19608,6846829,6847105,276,mRNA
19609,6847170,6847397,227,mRNA
19610,6847457,6847847,390,mRNA
19611,6844607,6845174,567,CDS
19612,6845243,6846752,1509,CDS
19613,6846829,6847105,276,CDS
19614,6847170,6847397,227,CDS
19615,6847457,6847675,218,CDS
19616,6847877,6849517,1640,gene
19617,6848552,6849517,965,mRNA
19618,6847877,6848486,609,mRNA
19619,6848552,6849471,919,CDS
19620,6848108,6848486,378,CDS
19621,6849770,6851884,2114,gene
19622,6849770,6851884,2114,mRNA
19623,6849770,6851052,1282,mRNA
19624,6851300,6851884,584,mRNA
19625,6849987,6851052,1065,CDS
19626,6851300,6851391,91,CDS
19627,6849987,6851129,1142,CDS
19628,6851909,6867194,15285,gene
19629,6866802,6867194,392,mRNA
19630,6864902,6864981,79,mRNA
19631,6851909,6852942,1033,mRNA
19632,6851909,6852895,986,mRNA
19633,6851909,6852638,729,mRNA
19634,6852046,6852690,644,CDS
19635,6852046,6852609,563,CDS
19636,6852046,6852609,563,CDS
19637,6860339,6863235,2896,gene
19638,6860339,6863235,2896,ncRNA
19639,6863888,6881580,17692,gene
19640,6863888,6864116,228,mRNA
19641,6869261,6870991,1730,mRNA
19642,6872716,6872921,205,mRNA
19643,6875932,6876190,258,mRNA
19644,6864103,6864299,196,mRNA
19645,6869261,6870991,1730,mRNA
19646,6872716,6872921,205,mRNA
19647,6875932,6876190,258,mRNA
19648,6868227,6868780,553,mRNA
19649,6869261,6870991,1730,mRNA
19650,6872716,6872921,205,mRNA
19651,6876342,6878483,2141,mRNA
19652,6878546,6881580,3034,mRNA
19653,6868508,6868780,272,mRNA
19654,6869261,6870991,1730,mRNA
19655,6872716,6872921,205,mRNA
19656,6876342,6878483,2141,mRNA
19657,6878546,6881580,3034,mRNA
19658,6868508,6868780,272,mRNA
19659,6869261,6870991,1730,mRNA
19660,6872716,6872921,205,mRNA
19661,6877914,6878483,569,mRNA
19662,6878546,6881580,3034,mRNA
19663,6868508,6868780,272,mRNA
19664,6869261,6870991,1730,mRNA
19665,6872716,6872921,205,mRNA
19666,6877914,6878483,569,mRNA
19667,6878546,6880095,1549,mRNA
19668,6868508,6868780,272,mRNA
19669,6869261,6870991,1730,mRNA
19670,6872716,6872921,205,mRNA
19671,6875932,6876190,258,mRNA
19672,6868508,6868780,272,mRNA
19673,6869261,6870991,1730,mRNA
19674,6872716,6872921,205,mRNA
19675,6874322,6874916,594,mRNA
19676,6869390,6870991,1601,CDS
19677,6872716,6872921,205,CDS
19678,6877914,6878483,569,CDS
19679,6878546,6879854,1308,CDS
19680,6869390,6870991,1601,CDS
19681,6872716,6872921,205,CDS
19682,6876342,6878483,2141,CDS
19683,6878546,6878699,153,CDS
19684,6869390,6870991,1601,CDS
19685,6872716,6872921,205,CDS
19686,6876342,6878483,2141,CDS
19687,6878546,6878699,153,CDS
19688,6869390,6870991,1601,CDS
19689,6872716,6872921,205,CDS
19690,6877914,6878483,569,CDS
19691,6878546,6878699,153,CDS
19692,6869390,6870991,1601,CDS
19693,6872716,6872921,205,CDS
19694,6875932,6875986,54,CDS
19695,6869390,6870991,1601,CDS
19696,6872716,6872921,205,CDS
19697,6875932,6875986,54,CDS
19698,6869390,6870991,1601,CDS
19699,6872716,6872921,205,CDS
19700,6875932,6875986,54,CDS
19701,6869390,6870991,1601,CDS
19702,6872716,6872921,205,CDS
19703,6874322,6874349,27,CDS
19704,6875986,6878483,2497,mRNA
19705,6878546,6881580,3034,mRNA
19706,6875986,6876363,377,mRNA
19707,6876561,6878483,1922,mRNA
19708,6878546,6880502,1956,mRNA
19709,6875986,6878483,2497,mRNA
19710,6878546,6880429,1883,mRNA
19711,6876332,6876363,31,CDS
19712,6876561,6878483,1922,CDS
19713,6878546,6878699,153,CDS
19714,6876361,6878483,2122,CDS
19715,6878546,6879854,1308,CDS
19716,6876361,6878483,2122,CDS
19717,6878546,6878699,153,CDS
19718,6881170,6881285,115,mobile_element
19719,6908277,6968829,60552,gene
19720,6908277,6908821,544,mRNA
19721,6917360,6917934,574,mRNA
19722,6962175,6964245,2070,mRNA
19723,6964732,6968829,4097,mRNA
19724,6908277,6908821,544,mRNA
19725,6917360,6917934,574,mRNA
19726,6962175,6964245,2070,mRNA
19727,6964732,6966944,2212,mRNA
19728,6917560,6917934,374,CDS
19729,6962175,6964245,2070,CDS
19730,6964732,6965792,1060,CDS
19731,6917560,6917934,374,CDS
19732,6962175,6964245,2070,CDS
19733,6964732,6965792,1060,CDS
19734,6950510,6951266,756,gene
19735,6950510,6951266,756,exon
19736,6952116,6952273,157,mobile_element
19737,6952336,6952809,473,gene
19738,6952336,6952809,473,exon
19739,6958032,6968750,10718,gene
19740,6967724,6968750,1026,mRNA
19741,6958989,6959246,257,mRNA
19742,6958032,6958935,903,mRNA
19743,6967724,6968592,868,CDS
19744,6958989,6959246,257,CDS
19745,6958449,6958935,486,CDS
19746,6969918,6972265,2347,gene
19747,6969918,6970976,1058,mRNA
19748,6971085,6972265,1180,mRNA
19749,6970018,6970976,958,CDS
19750,6971085,6972159,1074,CDS
19751,6972324,6973393,1069,gene
19752,6972324,6973393,1069,mRNA
19753,6972459,6973175,716,CDS
19754,6973620,6991318,17698,gene
19755,6991241,6991318,77,mRNA
19756,6977159,6977588,429,mRNA
19757,6976023,6976130,107,mRNA
19758,6975151,6975306,155,mRNA
19759,6974731,6975083,352,mRNA
19760,6973620,6974652,1032,mRNA
19761,6985531,6985668,137,mRNA
19762,6983513,6984502,989,mRNA
19763,6977159,6977588,429,mRNA
19764,6976023,6976130,107,mRNA
19765,6975151,6975306,155,mRNA
19766,6974731,6975083,352,mRNA
19767,6974034,6974652,618,mRNA
19768,6985531,6985668,137,mRNA
19769,6983513,6984502,989,mRNA
19770,6981189,6981462,273,mRNA
19771,6977159,6977588,429,mRNA
19772,6976023,6976130,107,mRNA
19773,6975151,6975306,155,mRNA
19774,6974731,6975083,352,mRNA
19775,6974034,6974652,618,mRNA
19776,6981189,6981683,494,mRNA
19777,6977159,6977588,429,mRNA
19778,6976023,6976130,107,mRNA
19779,6975151,6975306,155,mRNA
19780,6974731,6975083,352,mRNA
19781,6974034,6974652,618,mRNA
19782,6980859,6980994,135,mRNA
19783,6977159,6977588,429,mRNA
19784,6976023,6976130,107,mRNA
19785,6975151,6975306,155,mRNA
19786,6974731,6975083,352,mRNA
19787,6974034,6974652,618,mRNA
19788,6977788,6977810,22,mRNA
19789,6977159,6977588,429,mRNA
19790,6976023,6976130,107,mRNA
19791,6975151,6975306,155,mRNA
19792,6974731,6975083,352,mRNA
19793,6974034,6974652,618,mRNA
19794,6977159,6977407,248,CDS
19795,6976023,6976130,107,CDS
19796,6975151,6975306,155,CDS
19797,6974731,6975083,352,CDS
19798,6974430,6974652,222,CDS
19799,6977159,6977407,248,CDS
19800,6976023,6976130,107,CDS
19801,6975151,6975306,155,CDS
19802,6974731,6975083,352,CDS
19803,6974430,6974652,222,CDS
19804,6977159,6977407,248,CDS
19805,6976023,6976130,107,CDS
19806,6975151,6975306,155,CDS
19807,6974731,6975083,352,CDS
19808,6974430,6974652,222,CDS
19809,6977159,6977407,248,CDS
19810,6976023,6976130,107,CDS
19811,6975151,6975306,155,CDS
19812,6974731,6975083,352,CDS
19813,6974430,6974652,222,CDS
19814,6977159,6977407,248,CDS
19815,6976023,6976130,107,CDS
19816,6975151,6975306,155,CDS
19817,6974731,6975083,352,CDS
19818,6974430,6974652,222,CDS
19819,6977159,6977407,248,CDS
19820,6976023,6976130,107,CDS
19821,6975151,6975306,155,CDS
19822,6974731,6975083,352,CDS
19823,6974430,6974652,222,CDS
19824,6983971,6984498,527,gene
19825,6983971,6984058,87,ncRNA
19826,6984184,6984498,314,ncRNA
19827,6986486,6987188,702,gene
19828,6986486,6987188,702,mRNA
19829,6986579,6987028,449,CDS
19830,6991612,6993612,2000,gene
19831,6993180,6993612,432,mRNA
19832,6992173,6992882,709,mRNA
19833,6991612,6992102,490,mRNA
19834,6993180,6993413,233,CDS
19835,6992173,6992882,709,CDS
19836,6991730,6992102,372,CDS
19837,6995882,6997799,1917,gene
19838,6996482,6997799,1317,ncRNA
19839,6995882,6996399,517,ncRNA
19840,6996482,6997799,1317,ncRNA
19841,6995882,6996421,539,ncRNA
19842,6998672,7004151,5479,gene
19843,6998672,6998743,71,mRNA
19844,6998958,7004151,5193,mRNA
19845,6998672,6998743,71,mRNA
19846,6998958,7000263,1305,mRNA
19847,7002772,7004151,1379,mRNA
19848,6998672,7000263,1591,mRNA
19849,7002772,7003495,723,mRNA
19850,6998672,7000503,1831,mRNA
19851,6999129,7000232,1103,CDS
19852,6999129,7000232,1103,CDS
19853,6999129,7000232,1103,CDS
19854,6999129,7000232,1103,CDS
19855,7009006,7011145,2139,gene
19856,7011057,7011145,88,mRNA
19857,7010900,7010987,87,mRNA
19858,7010519,7010844,325,mRNA
19859,7010283,7010442,159,mRNA
19860,7009774,7010226,452,mRNA
19861,7009006,7009663,657,mRNA
19862,7011057,7011145,88,mRNA
19863,7010900,7010987,87,mRNA
19864,7010519,7010844,325,mRNA
19865,7010283,7010442,159,mRNA
19866,7009774,7010226,452,mRNA
19867,7009311,7009663,352,mRNA
19868,7011057,7011091,34,CDS
19869,7010900,7010987,87,CDS
19870,7010519,7010844,325,CDS
19871,7010283,7010442,159,CDS
19872,7009774,7010226,452,CDS
19873,7009478,7009663,185,CDS
19874,7011057,7011091,34,CDS
19875,7010900,7010987,87,CDS
19876,7010519,7010844,325,CDS
19877,7010283,7010442,159,CDS
19878,7009774,7010226,452,CDS
19879,7009478,7009663,185,CDS
19880,7011357,7012137,780,gene
19881,7011357,7012137,780,gene
19882,7011357,7011408,51,mRNA
19883,7011494,7011756,262,mRNA
19884,7011818,7012137,319,mRNA
19885,7011357,7011408,51,mRNA
19886,7011494,7011756,262,mRNA
19887,7011818,7012137,319,mRNA
19888,7011437,7011756,319,mRNA
19889,7011818,7012137,319,mRNA
19890,7011437,7011756,319,mRNA
19891,7011818,7012137,319,mRNA
19892,7011603,7011756,153,CDS
19893,7011818,7011903,85,CDS
19894,7011603,7011756,153,CDS
19895,7011818,7011903,85,CDS
19896,7011909,7012094,185,CDS
19897,7011909,7012094,185,CDS
19898,7012239,7013881,1642,gene
19899,7012239,7013881,1642,mRNA
19900,7012239,7013662,1423,mRNA
19901,7012288,7013583,1295,CDS
19902,7012288,7013583,1295,CDS
19903,7013887,7015009,1122,gene
19904,7013887,7015009,1122,mRNA
19905,7013887,7014775,888,mRNA
19906,7013977,7014606,629,CDS
19907,7013977,7014606,629,CDS
19908,7014817,7015065,248,mobile_element
19909,7021608,7066052,44444,gene
19910,7065557,7066052,495,mRNA
19911,7033376,7033432,56,mRNA
19912,7033112,7033309,197,mRNA
19913,7032093,7032286,193,mRNA
19914,7031835,7031931,96,mRNA
19915,7021608,7023094,1486,mRNA
19916,7065557,7066052,495,mRNA
19917,7033376,7033432,56,mRNA
19918,7033112,7033309,197,mRNA
19919,7032093,7032286,193,mRNA
19920,7031835,7031931,96,mRNA
19921,7022385,7023094,709,mRNA
19922,7065557,7065644,87,CDS
19923,7033376,7033432,56,CDS
19924,7033112,7033309,197,CDS
19925,7032093,7032286,193,CDS
19926,7031835,7031931,96,CDS
19927,7022937,7023094,157,CDS
19928,7065557,7065644,87,CDS
19929,7033376,7033432,56,CDS
19930,7033112,7033309,197,CDS
19931,7032093,7032286,193,CDS
19932,7031835,7031931,96,CDS
19933,7022937,7023094,157,CDS
19934,7023656,7030988,7332,mobile_element
19935,7040603,7041769,1166,gene
19936,7040603,7041769,1166,mRNA
19937,7040690,7041448,758,CDS
19938,7049476,7050321,845,gene
19939,7049476,7050321,845,mRNA
19940,7049586,7050227,641,CDS
19941,7069413,7072689,3276,gene
19942,7069413,7070223,810,mRNA
19943,7070430,7070933,503,mRNA
19944,7071402,7072689,1287,mRNA
19945,7069936,7070223,287,mRNA
19946,7070430,7070933,503,mRNA
19947,7071402,7072689,1287,mRNA
19948,7069953,7070223,270,CDS
19949,7070430,7070933,503,CDS
19950,7071402,7072204,802,CDS
19951,7069953,7070223,270,CDS
19952,7070430,7070933,503,CDS
19953,7071402,7072204,802,CDS
19954,7074550,7098053,23503,gene
19955,7092697,7092883,186,mRNA
19956,7087614,7087659,45,mRNA
19957,7085619,7085954,335,mRNA
19958,7085410,7085517,107,mRNA
19959,7085158,7085339,181,mRNA
19960,7084599,7084819,220,mRNA
19961,7080989,7081054,65,mRNA
19962,7074550,7079367,4817,mRNA
19963,7098001,7098053,52,mRNA
19964,7091674,7092122,448,mRNA
19965,7087614,7087659,45,mRNA
19966,7085619,7085954,335,mRNA
19967,7085410,7085517,107,mRNA
19968,7085158,7085339,181,mRNA
19969,7084599,7084819,220,mRNA
19970,7080989,7081054,65,mRNA
19971,7075665,7079367,3702,mRNA
19972,7098001,7098053,52,mRNA
19973,7091674,7092122,448,mRNA
19974,7087614,7087659,45,mRNA
19975,7085619,7085954,335,mRNA
19976,7085410,7085517,107,mRNA
19977,7085158,7085339,181,mRNA
19978,7084599,7084819,220,mRNA
19979,7080989,7081054,65,mRNA
19980,7075665,7079367,3702,mRNA
19981,7098001,7098053,52,mRNA
19982,7091674,7092122,448,mRNA
19983,7087614,7087659,45,mRNA
19984,7085619,7085978,359,mRNA
19985,7085410,7085517,107,mRNA
19986,7085158,7085339,181,mRNA
19987,7084599,7084819,220,mRNA
19988,7076710,7079367,2657,mRNA
19989,7098001,7098053,52,mRNA
19990,7091674,7092122,448,mRNA
19991,7087614,7087659,45,mRNA
19992,7085619,7085978,359,mRNA
19993,7085410,7085517,107,mRNA
19994,7085158,7085339,181,mRNA
19995,7084599,7084819,220,mRNA
19996,7076710,7079367,2657,mRNA
19997,7098001,7098053,52,mRNA
19998,7091674,7092122,448,mRNA
19999,7088578,7088767,189,mRNA
20000,7087614,7087659,45,mRNA
20001,7085619,7085954,335,mRNA
20002,7085410,7085517,107,mRNA
20003,7085158,7085339,181,mRNA
20004,7084599,7084819,220,mRNA
20005,7080989,7081054,65,mRNA
20006,7076710,7079367,2657,mRNA
20007,7092697,7092883,186,mRNA
20008,7087614,7087659,45,mRNA
20009,7085619,7085954,335,mRNA
20010,7085410,7085517,107,mRNA
20011,7085158,7085339,181,mRNA
20012,7084599,7084819,220,mRNA
20013,7076710,7079367,2657,mRNA
20014,7098001,7098053,52,mRNA
20015,7091674,7092122,448,mRNA
20016,7087614,7087659,45,mRNA
20017,7085619,7085954,335,mRNA
20018,7085410,7085517,107,mRNA
20019,7085158,7085339,181,mRNA
20020,7084599,7084819,220,mRNA
20021,7077871,7079367,1496,mRNA
20022,7091674,7091750,76,CDS
20023,7087614,7087659,45,CDS
20024,7085619,7085954,335,CDS
20025,7085410,7085517,107,CDS
20026,7085158,7085339,181,CDS
20027,7084599,7084819,220,CDS
20028,7080989,7081054,65,CDS
20029,7078235,7079367,1132,CDS
20030,7091674,7091750,76,CDS
20031,7087614,7087659,45,CDS
20032,7085619,7085978,359,CDS
20033,7085410,7085517,107,CDS
20034,7085158,7085339,181,CDS
20035,7084599,7084819,220,CDS
20036,7078235,7079367,1132,CDS
20037,7092697,7092767,70,CDS
20038,7087614,7087659,45,CDS
20039,7085619,7085954,335,CDS
20040,7085410,7085517,107,CDS
20041,7085158,7085339,181,CDS
20042,7084599,7084819,220,CDS
20043,7079303,7079367,64,CDS
20044,7092697,7092767,70,CDS
20045,7087614,7087659,45,CDS
20046,7085619,7085954,335,CDS
20047,7085410,7085517,107,CDS
20048,7085158,7085339,181,CDS
20049,7084599,7084819,220,CDS
20050,7080989,7081054,65,CDS
20051,7079303,7079367,64,CDS
20052,7091674,7091750,76,CDS
20053,7087614,7087659,45,CDS
20054,7085619,7085954,335,CDS
20055,7085410,7085517,107,CDS
20056,7085158,7085339,181,CDS
20057,7084599,7084819,220,CDS
20058,7079303,7079367,64,CDS
20059,7091674,7091750,76,CDS
20060,7087614,7087659,45,CDS
20061,7085619,7085954,335,CDS
20062,7085410,7085517,107,CDS
20063,7085158,7085339,181,CDS
20064,7084599,7084819,220,CDS
20065,7080989,7081054,65,CDS
20066,7079303,7079367,64,CDS
20067,7091674,7091750,76,CDS
20068,7087614,7087659,45,CDS
20069,7085619,7085978,359,CDS
20070,7085410,7085517,107,CDS
20071,7085158,7085339,181,CDS
20072,7084599,7084819,220,CDS
20073,7079303,7079367,64,CDS
20074,7098001,7098053,52,mRNA
20075,7091674,7092122,448,mRNA
20076,7087614,7087659,45,mRNA
20077,7085619,7085978,359,mRNA
20078,7085410,7085517,107,mRNA
20079,7085158,7085339,181,mRNA
20080,7082921,7084819,1898,mRNA
20081,7098001,7098053,52,mRNA
20082,7091674,7092122,448,mRNA
20083,7088578,7088767,189,mRNA
20084,7087614,7087659,45,mRNA
20085,7085619,7085954,335,mRNA
20086,7085410,7085517,107,mRNA
20087,7085158,7085339,181,mRNA
20088,7082921,7084819,1898,mRNA
20089,7098001,7098053,52,mRNA
20090,7091674,7092170,496,mRNA
20091,7088578,7088749,171,mRNA
20092,7087614,7087659,45,mRNA
20093,7085619,7085978,359,mRNA
20094,7085410,7085517,107,mRNA
20095,7085158,7085339,181,mRNA
20096,7082921,7084819,1898,mRNA
20097,7097624,7097768,144,mRNA
20098,7096998,7097059,61,mRNA
20099,7091674,7092122,448,mRNA
20100,7087614,7087659,45,mRNA
20101,7085619,7085954,335,mRNA
20102,7085410,7085517,107,mRNA
20103,7085158,7085339,181,mRNA
20104,7082921,7084819,1898,mRNA
20105,7096998,7097066,68,mRNA
20106,7096903,7096935,32,mRNA
20107,7088578,7088767,189,mRNA
20108,7087614,7087659,45,mRNA
20109,7085619,7085954,335,mRNA
20110,7085410,7085517,107,mRNA
20111,7085158,7085339,181,mRNA
20112,7082921,7084819,1898,mRNA
20113,7096998,7097066,68,mRNA
20114,7096815,7096935,120,mRNA
20115,7088578,7088749,171,mRNA
20116,7087614,7087659,45,mRNA
20117,7085619,7085954,335,mRNA
20118,7085410,7085517,107,mRNA
20119,7085158,7085339,181,mRNA
20120,7082921,7084819,1898,mRNA
20121,7092697,7092883,186,mRNA
20122,7087614,7087659,45,mRNA
20123,7085619,7085954,335,mRNA
20124,7085410,7085517,107,mRNA
20125,7085158,7085339,181,mRNA
20126,7082921,7084819,1898,mRNA
20127,7098001,7098053,52,mRNA
20128,7090134,7090504,370,mRNA
20129,7087614,7087659,45,mRNA
20130,7085619,7085978,359,mRNA
20131,7085410,7085517,107,mRNA
20132,7085158,7085339,181,mRNA
20133,7084164,7084819,655,mRNA
20134,7098001,7098053,52,mRNA
20135,7090134,7090504,370,mRNA
20136,7087614,7087683,69,mRNA
20137,7085619,7085978,359,mRNA
20138,7085410,7085517,107,mRNA
20139,7085158,7085339,181,mRNA
20140,7084164,7084819,655,mRNA
20141,7098001,7098053,52,mRNA
20142,7091674,7092122,448,mRNA
20143,7087614,7087659,45,mRNA
20144,7085619,7085978,359,mRNA
20145,7085410,7085517,107,mRNA
20146,7085158,7085339,181,mRNA
20147,7084164,7084819,655,mRNA
20148,7098001,7098053,52,mRNA
20149,7091674,7092122,448,mRNA
20150,7088578,7088767,189,mRNA
20151,7087614,7087659,45,mRNA
20152,7085619,7085954,335,mRNA
20153,7085410,7085517,107,mRNA
20154,7085158,7085339,181,mRNA
20155,7084164,7084819,655,mRNA
20156,7098001,7098053,52,mRNA
20157,7091674,7092170,496,mRNA
20158,7088578,7088767,189,mRNA
20159,7087614,7087659,45,mRNA
20160,7085619,7085954,335,mRNA
20161,7085410,7085517,107,mRNA
20162,7085158,7085339,181,mRNA
20163,7084164,7084819,655,mRNA
20164,7098001,7098053,52,mRNA
20165,7096998,7097059,61,mRNA
20166,7091674,7092170,496,mRNA
20167,7088578,7088749,171,mRNA
20168,7087614,7087659,45,mRNA
20169,7085619,7085954,335,mRNA
20170,7085410,7085517,107,mRNA
20171,7085158,7085339,181,mRNA
20172,7084164,7084819,655,mRNA
20173,7097945,7098053,108,mRNA
20174,7091674,7092122,448,mRNA
20175,7087614,7087659,45,mRNA
20176,7085619,7085954,335,mRNA
20177,7085410,7085517,107,mRNA
20178,7085158,7085339,181,mRNA
20179,7084164,7084819,655,mRNA
20180,7097945,7098053,108,mRNA
20181,7091674,7092122,448,mRNA
20182,7087614,7087659,45,mRNA
20183,7085619,7085978,359,mRNA
20184,7085410,7085517,107,mRNA
20185,7085158,7085339,181,mRNA
20186,7084164,7084819,655,mRNA
20187,7097945,7098053,108,mRNA
20188,7091674,7092170,496,mRNA
20189,7088578,7088749,171,mRNA
20190,7087614,7087659,45,mRNA
20191,7085619,7085978,359,mRNA
20192,7085410,7085517,107,mRNA
20193,7085158,7085339,181,mRNA
20194,7084164,7084819,655,mRNA
20195,7092697,7092883,186,mRNA
20196,7087614,7087659,45,mRNA
20197,7085619,7085954,335,mRNA
20198,7085410,7085517,107,mRNA
20199,7085158,7085339,181,mRNA
20200,7084164,7084819,655,mRNA
20201,7092697,7092767,70,CDS
20202,7087614,7087659,45,CDS
20203,7085619,7085954,335,CDS
20204,7085410,7085517,107,CDS
20205,7085158,7085339,181,CDS
20206,7084528,7084819,291,CDS
20207,7092697,7092767,70,CDS
20208,7087614,7087659,45,CDS
20209,7085619,7085954,335,CDS
20210,7085410,7085517,107,CDS
20211,7085158,7085339,181,CDS
20212,7084528,7084819,291,CDS
20213,7091674,7091750,76,CDS
20214,7087614,7087659,45,CDS
20215,7085619,7085954,335,CDS
20216,7085410,7085517,107,CDS
20217,7085158,7085339,181,CDS
20218,7084528,7084819,291,CDS
20219,7091674,7091750,76,CDS
20220,7087614,7087659,45,CDS
20221,7085619,7085954,335,CDS
20222,7085410,7085517,107,CDS
20223,7085158,7085339,181,CDS
20224,7084528,7084819,291,CDS
20225,7091674,7091750,76,CDS
20226,7087614,7087659,45,CDS
20227,7085619,7085978,359,CDS
20228,7085410,7085517,107,CDS
20229,7085158,7085339,181,CDS
20230,7084528,7084819,291,CDS
20231,7091674,7091750,76,CDS
20232,7087614,7087659,45,CDS
20233,7085619,7085978,359,CDS
20234,7085410,7085517,107,CDS
20235,7085158,7085339,181,CDS
20236,7084528,7084819,291,CDS
20237,7091674,7091750,76,CDS
20238,7087614,7087659,45,CDS
20239,7085619,7085978,359,CDS
20240,7085410,7085517,107,CDS
20241,7085158,7085339,181,CDS
20242,7084528,7084819,291,CDS
20243,7090134,7090141,7,CDS
20244,7087614,7087659,45,CDS
20245,7085619,7085978,359,CDS
20246,7085410,7085517,107,CDS
20247,7085158,7085339,181,CDS
20248,7084528,7084819,291,CDS
20249,7087614,7087640,26,CDS
20250,7085619,7085954,335,CDS
20251,7085410,7085517,107,CDS
20252,7085158,7085339,181,CDS
20253,7084528,7084819,291,CDS
20254,7087614,7087640,26,CDS
20255,7085619,7085954,335,CDS
20256,7085410,7085517,107,CDS
20257,7085158,7085339,181,CDS
20258,7084528,7084819,291,CDS
20259,7087614,7087640,26,CDS
20260,7085619,7085978,359,CDS
20261,7085410,7085517,107,CDS
20262,7085158,7085339,181,CDS
20263,7084528,7084819,291,CDS
20264,7085737,7085853,116,gene
20265,7085737,7085853,116,precursor_RNA
20266,7085770,7085791,21,ncRNA
20267,7085803,7085824,21,ncRNA
20268,7091674,7091750,76,CDS
20269,7088698,7088749,51,CDS
20270,7091674,7091750,76,CDS
20271,7088698,7088749,51,CDS
20272,7091674,7091750,76,CDS
20273,7088698,7088749,51,CDS
20274,7091674,7091750,76,CDS
20275,7088698,7088767,69,CDS
20276,7091674,7091750,76,CDS
20277,7088698,7088767,69,CDS
20278,7091674,7091750,76,CDS
20279,7088698,7088767,69,CDS
20280,7091674,7091750,76,CDS
20281,7088698,7088767,69,CDS
20282,7098578,7102300,3722,gene
20283,7102076,7102300,224,mRNA
20284,7100274,7100532,258,mRNA
20285,7100009,7100199,190,mRNA
20286,7099727,7099946,219,mRNA
20287,7098578,7099655,1077,mRNA
20288,7100274,7100522,248,CDS
20289,7100009,7100199,190,CDS
20290,7099727,7099946,219,CDS
20291,7099374,7099655,281,CDS
20292,7102555,7104491,1936,gene
20293,7104361,7104491,130,mRNA
20294,7103792,7104304,512,mRNA
20295,7102835,7103729,894,mRNA
20296,7102555,7102709,154,mRNA
20297,7104361,7104491,130,mRNA
20298,7103792,7104304,512,mRNA
20299,7102555,7103729,1174,mRNA
20300,7104361,7104394,33,CDS
20301,7103792,7104304,512,CDS
20302,7103020,7103729,709,CDS
20303,7104361,7104394,33,CDS
20304,7103792,7104304,512,CDS
20305,7103020,7103729,709,CDS
20306,7104885,7106345,1460,gene
20307,7104885,7105392,507,mRNA
20308,7105794,7106345,551,mRNA
20309,7105156,7105392,236,CDS
20310,7105794,7106114,320,CDS
20311,7106272,7110321,4049,gene
20312,7109956,7110321,365,mRNA
20313,7108612,7109702,1090,mRNA
20314,7108312,7108550,238,mRNA
20315,7106272,7108249,1977,mRNA
20316,7108612,7110321,1709,mRNA
20317,7108312,7108550,238,mRNA
20318,7106272,7108249,1977,mRNA
20319,7108612,7109621,1009,CDS
20320,7108312,7108550,238,CDS
20321,7107381,7108249,868,CDS
20322,7108612,7109621,1009,CDS
20323,7108312,7108550,238,CDS
20324,7107381,7108249,868,CDS
20325,7120374,7120741,367,gene
20326,7120374,7120741,367,ncRNA
20327,7125301,7134401,9100,mobile_element
20328,7134517,7135480,963,gene
20329,7134517,7135480,963,ncRNA
20330,7137723,7241932,104209,gene
20331,7137723,7137973,250,mRNA
20332,7192987,7193149,162,mRNA
20333,7217766,7217888,122,mRNA
20334,7232364,7232780,416,mRNA
20335,7232912,7233229,317,mRNA
20336,7237051,7241932,4881,mRNA
20337,7137723,7137973,250,mRNA
20338,7192987,7193149,162,mRNA
20339,7232364,7232780,416,mRNA
20340,7232912,7233229,317,mRNA
20341,7237051,7241538,4487,mRNA
20342,7145600,7149850,4250,gene
20343,7149782,7149850,68,ncRNA
20344,7147849,7148467,618,ncRNA
20345,7145600,7146767,1167,ncRNA
20346,7166451,7405797,239346,gene
20347,7405145,7405797,652,ncRNA
20348,7358661,7358687,26,ncRNA
20349,7277915,7278527,612,ncRNA
20350,7166451,7167290,839,ncRNA
20351,7405145,7405797,652,ncRNA
20352,7358661,7358687,26,ncRNA
20353,7277915,7278527,612,ncRNA
20354,7173648,7173942,294,ncRNA
20355,7166451,7167290,839,ncRNA
20356,7405145,7405797,652,ncRNA
20357,7358661,7358687,26,ncRNA
20358,7277915,7278527,612,ncRNA
20359,7173648,7173942,294,ncRNA
20360,7167732,7168092,360,ncRNA
20361,7196029,7197345,1316,mRNA
20362,7232364,7232780,416,mRNA
20363,7232912,7233229,317,mRNA
20364,7237051,7241932,4881,mRNA
20365,7197309,7197345,36,CDS
20366,7232364,7232780,416,CDS
20367,7232912,7233229,317,CDS
20368,7237051,7239902,2851,CDS
20369,7217846,7217888,42,CDS
20370,7232364,7232780,416,CDS
20371,7232912,7233229,317,CDS
20372,7237051,7239902,2851,CDS
20373,7226455,7226986,531,mRNA
20374,7232364,7232780,416,mRNA
20375,7232912,7233229,317,mRNA
20376,7237051,7241538,4487,mRNA
20377,7226455,7226986,531,mRNA
20378,7232364,7232780,416,mRNA
20379,7232912,7233229,317,mRNA
20380,7237051,7241538,4487,mRNA
20381,7226932,7226986,54,CDS
20382,7232364,7232780,416,CDS
20383,7232912,7233229,317,CDS
20384,7237051,7240025,2974,CDS
20385,7226932,7226986,54,CDS
20386,7232364,7232780,416,CDS
20387,7232912,7233229,317,CDS
20388,7237051,7239902,2851,CDS
20389,7232528,7232780,252,CDS
20390,7232912,7233229,317,CDS
20391,7237051,7239902,2851,CDS
20392,7266904,7267883,979,gene
20393,7266904,7267883,979,mRNA
20394,7267041,7267736,695,CDS
20395,7281089,7405797,124708,gene
20396,7405145,7405797,652,mRNA
20397,7358661,7358687,26,mRNA
20398,7283941,7284758,817,mRNA
20399,7282242,7283868,1626,mRNA
20400,7282024,7282176,152,mRNA
20401,7281823,7281960,137,mRNA
20402,7281089,7281749,660,mRNA
20403,7285914,7286195,281,mRNA
20404,7283941,7284758,817,mRNA
20405,7282242,7283868,1626,mRNA
20406,7282024,7282176,152,mRNA
20407,7281823,7281960,137,mRNA
20408,7281089,7281749,660,mRNA
20409,7285914,7286195,281,mRNA
20410,7285361,7285784,423,mRNA
20411,7283941,7284758,817,mRNA
20412,7282242,7283868,1626,mRNA
20413,7282024,7282176,152,mRNA
20414,7281823,7281960,137,mRNA
20415,7281089,7281746,657,mRNA
20416,7284814,7284877,63,mRNA
20417,7283941,7284758,817,mRNA
20418,7282242,7283868,1626,mRNA
20419,7282024,7282176,152,mRNA
20420,7281823,7281960,137,mRNA
20421,7281089,7281749,660,mRNA
20422,7283941,7284714,773,CDS
20423,7282242,7283868,1626,CDS
20424,7282024,7282176,152,CDS
20425,7281823,7281960,137,CDS
20426,7281439,7281746,307,CDS
20427,7283941,7284714,773,CDS
20428,7282242,7283868,1626,CDS
20429,7282024,7282176,152,CDS
20430,7281823,7281960,137,CDS
20431,7281439,7281749,310,CDS
20432,7283941,7284714,773,CDS
20433,7282242,7283868,1626,CDS
20434,7282024,7282176,152,CDS
20435,7281823,7281960,137,CDS
20436,7281439,7281749,310,CDS
20437,7283941,7284714,773,CDS
20438,7282242,7283868,1626,CDS
20439,7282024,7282176,152,CDS
20440,7281823,7281960,137,CDS
20441,7281439,7281749,310,CDS
20442,7286358,7288117,1759,gene
20443,7286358,7286416,58,mRNA
20444,7286766,7287098,332,mRNA
20445,7287172,7287345,173,mRNA
20446,7287411,7287640,229,mRNA
20447,7287709,7287846,137,mRNA
20448,7287911,7288117,206,mRNA
20449,7286651,7287098,447,mRNA
20450,7287172,7287345,173,mRNA
20451,7287411,7287640,229,mRNA
20452,7287709,7287846,137,mRNA
20453,7287911,7288117,206,mRNA
20454,7286853,7287098,245,CDS
20455,7287172,7287345,173,CDS
20456,7287411,7287640,229,CDS
20457,7287709,7287846,137,CDS
20458,7287911,7288049,138,CDS
20459,7286853,7287098,245,CDS
20460,7287172,7287345,173,CDS
20461,7287411,7287640,229,CDS
20462,7287709,7287846,137,CDS
20463,7287911,7288049,138,CDS
20464,7288367,7291298,2931,gene
20465,7290793,7291298,505,mRNA
20466,7290566,7290677,111,mRNA
20467,7289745,7290395,650,mRNA
20468,7289506,7289678,172,mRNA
20469,7288367,7289264,897,mRNA
20470,7290789,7291298,509,mRNA
20471,7290566,7290677,111,mRNA
20472,7289745,7290395,650,mRNA
20473,7289506,7289678,172,mRNA
20474,7288680,7289264,584,mRNA
20475,7289745,7290250,505,CDS
20476,7289506,7289678,172,CDS
20477,7289146,7289264,118,CDS
20478,7289745,7290250,505,CDS
20479,7289506,7289678,172,CDS
20480,7289146,7289264,118,CDS
20481,7307939,7311132,3193,gene
20482,7307939,7311132,3193,mRNA
20483,7308473,7310587,2114,CDS
20484,7314622,7323770,9148,gene
20485,7323520,7323770,250,mRNA
20486,7323346,7323445,99,mRNA
20487,7323158,7323263,105,mRNA
20488,7322557,7322782,225,mRNA
20489,7322367,7322472,105,mRNA
20490,7314622,7315250,628,mRNA
20491,7323520,7323672,152,CDS
20492,7323346,7323445,99,CDS
20493,7323158,7323263,105,CDS
20494,7322557,7322782,225,CDS
20495,7322367,7322472,105,CDS
20496,7315132,7315250,118,CDS
20497,7324214,7328806,4592,gene
20498,7324214,7324672,458,mRNA
20499,7325536,7325853,317,mRNA
20500,7326097,7328806,2709,mRNA
20501,7324589,7324672,83,CDS
20502,7325536,7325853,317,CDS
20503,7326097,7327563,1466,CDS
20504,7329046,7331255,2209,gene
20505,7329046,7329237,191,mRNA
20506,7329318,7329507,189,mRNA
20507,7329591,7331255,1664,mRNA
20508,7329160,7329237,77,CDS
20509,7329318,7329507,189,CDS
20510,7329591,7331155,1564,CDS
20511,7331265,7332191,926,gene
20512,7332067,7332191,124,mRNA
20513,7331581,7332008,427,mRNA
20514,7331265,7331510,245,mRNA
20515,7332067,7332191,124,mRNA
20516,7331581,7332011,430,mRNA
20517,7331265,7331510,245,mRNA
20518,7332067,7332177,110,CDS
20519,7331581,7332008,427,CDS
20520,7331288,7331510,222,CDS
20521,7332067,7332177,110,CDS
20522,7331581,7332011,430,CDS
20523,7331288,7331510,222,CDS
20524,7337352,7342731,5379,gene
20525,7337352,7337856,504,mRNA
20526,7340304,7340516,212,mRNA
20527,7341195,7341503,308,mRNA
20528,7341574,7342731,1157,mRNA
20529,7337352,7337856,504,mRNA
20530,7340304,7340516,212,mRNA
20531,7341195,7341503,308,mRNA
20532,7341574,7342731,1157,mRNA
20533,7337706,7338250,544,mRNA
20534,7340304,7340516,212,mRNA
20535,7341195,7341503,308,mRNA
20536,7341574,7342731,1157,mRNA
20537,7337716,7337856,140,CDS
20538,7340304,7340516,212,CDS
20539,7341195,7341503,308,CDS
20540,7341574,7342566,992,CDS
20541,7337716,7337856,140,CDS
20542,7340304,7340516,212,CDS
20543,7341195,7341503,308,CDS
20544,7341574,7341807,233,CDS
20545,7340364,7340516,152,CDS
20546,7341195,7341503,308,CDS
20547,7341574,7341807,233,CDS
20548,7346259,7347506,1247,gene
20549,7346259,7347506,1247,mRNA
20550,7346713,7347506,793,mRNA
20551,7346977,7347291,314,CDS
20552,7346977,7347291,314,CDS
20553,7358796,7360058,1262,gene
20554,7358796,7358955,159,mRNA
20555,7359128,7360058,930,mRNA
20556,7359132,7359764,632,CDS
20557,7378140,7378953,813,gene
20558,7378140,7378394,254,mRNA
20559,7378488,7378953,465,mRNA
20560,7378173,7378394,221,CDS
20561,7378488,7378799,311,CDS
20562,7382733,7382990,257,gene
20563,7382733,7382990,257,mRNA
20564,7382788,7382907,119,CDS
20565,7401698,7403174,1476,gene
20566,7401698,7403174,1476,mRNA
20567,7401975,7403099,1124,CDS
20568,7407208,7407854,646,gene
20569,7407208,7407501,293,mRNA
20570,7407561,7407854,293,mRNA
20571,7407307,7407501,194,CDS
20572,7407561,7407734,173,CDS
20573,7411267,7411906,639,gene
20574,7411777,7411906,129,mRNA
20575,7411267,7411714,447,mRNA
20576,7411777,7411906,129,mRNA
20577,7411458,7411714,256,mRNA
20578,7411777,7411836,59,CDS
20579,7411505,7411714,209,CDS
20580,7411777,7411836,59,CDS
20581,7411505,7411714,209,CDS
20582,7412668,7413296,628,gene
20583,7412668,7412758,90,mRNA
20584,7412817,7412906,89,mRNA
20585,7412977,7413296,319,mRNA
20586,7412687,7412758,71,CDS
20587,7412817,7412906,89,CDS
20588,7412977,7413174,197,CDS
20589,7413869,7414662,793,gene
20590,7413869,7413963,94,mRNA
20591,7414018,7414662,644,mRNA
20592,7413869,7413963,94,mRNA
20593,7414018,7414313,295,mRNA
20594,7413892,7413963,71,CDS
20595,7414018,7414209,191,CDS
20596,7413892,7413963,71,CDS
20597,7414018,7414209,191,CDS
20598,7417253,7417693,440,gene
20599,7417253,7417437,184,mRNA
20600,7417508,7417693,185,mRNA
20601,7417272,7417437,165,CDS
20602,7417508,7417557,49,CDS
20603,7418594,7422142,3548,gene
20604,7418594,7418963,369,mRNA
20605,7419774,7419933,159,mRNA
20606,7419992,7420057,65,mRNA
20607,7420120,7421210,1090,mRNA
20608,7421273,7422142,869,mRNA
20609,7418594,7418963,369,mRNA
20610,7419774,7419933,159,mRNA
20611,7419992,7420057,65,mRNA
20612,7420120,7421210,1090,mRNA
20613,7421273,7421639,366,mRNA
20614,7418725,7418963,238,CDS
20615,7419774,7419933,159,CDS
20616,7419992,7420057,65,CDS
20617,7420120,7421210,1090,CDS
20618,7421273,7421522,249,CDS
20619,7418725,7418963,238,CDS
20620,7419774,7419933,159,CDS
20621,7419992,7420057,65,CDS
20622,7420120,7421210,1090,CDS
20623,7421273,7421522,249,CDS
20624,7424527,7424842,315,gene
20625,7424527,7424842,315,mRNA
20626,7424594,7424812,218,CDS
20627,7425220,7425743,523,gene
20628,7425679,7425743,64,mRNA
20629,7425220,7425612,392,mRNA
20630,7425679,7425743,64,mRNA
20631,7425361,7425612,251,mRNA
20632,7425679,7425726,47,CDS
20633,7425478,7425612,134,CDS
20634,7425679,7425726,47,CDS
20635,7425478,7425612,134,CDS
20636,7445387,7450119,4732,gene
20637,7445387,7450119,4732,ncRNA
20638,7450383,7452199,1816,gene
20639,7450383,7450904,521,ncRNA
20640,7450986,7452199,1213,ncRNA
20641,7450667,7450904,237,ncRNA
20642,7450986,7451651,665,ncRNA
20643,7452209,7452643,434,gene
20644,7452209,7452299,90,mRNA
20645,7452374,7452643,269,mRNA
20646,7452237,7452299,62,CDS
20647,7452374,7452508,134,CDS
20648,7452694,7453336,642,gene
20649,7453077,7453336,259,mRNA
20650,7452884,7453019,135,mRNA
20651,7452694,7452828,134,mRNA
20652,7453077,7453295,218,CDS
20653,7452884,7453019,135,CDS
20654,7452716,7452828,112,CDS
20655,7460409,7461088,679,gene
20656,7460409,7461088,679,ncRNA
20657,7480844,7482276,1432,mobile_element
20658,7487552,7488336,784,gene
20659,7487552,7488336,784,ncRNA
20660,7488953,7493276,4323,gene
20661,7493110,7493276,166,ncRNA
20662,7489550,7489725,175,ncRNA
20663,7488953,7489483,530,ncRNA
20664,7493110,7493276,166,ncRNA
20665,7491417,7491610,193,ncRNA
20666,7489550,7489725,175,ncRNA
20667,7488953,7489483,530,ncRNA
20668,7494544,7495497,953,gene
20669,7494544,7494851,307,ncRNA
20670,7494910,7495048,138,ncRNA
20671,7495114,7495274,160,ncRNA
20672,7495337,7495497,160,ncRNA
20673,7494544,7494847,303,ncRNA
20674,7494910,7495048,138,ncRNA
20675,7495114,7495274,160,ncRNA
20676,7495337,7495497,160,ncRNA
20677,7500443,7501383,940,gene
20678,7500443,7500748,305,ncRNA
20679,7500807,7500945,138,ncRNA
20680,7501008,7501171,163,ncRNA
20681,7501234,7501383,149,ncRNA
20682,7505990,7506020,30,mobile_element
20683,7508651,7547992,39341,gene
20684,7547936,7547992,56,mRNA
20685,7547178,7547289,111,mRNA
20686,7512640,7512902,262,mRNA
20687,7512285,7512546,261,mRNA
20688,7511993,7512211,218,mRNA
20689,7511719,7511928,209,mRNA
20690,7508880,7511658,2778,mRNA
20691,7508651,7508793,142,mRNA
20692,7512640,7512843,203,CDS
20693,7512285,7512546,261,CDS
20694,7511993,7512211,218,CDS
20695,7511719,7511928,209,CDS
20696,7508891,7511658,2767,CDS
20697,7528304,7528796,492,gene
20698,7528304,7528796,492,mRNA
20699,7528396,7528737,341,CDS
20700,7535625,7536959,1334,gene
20701,7535625,7536959,1334,mRNA
20702,7535879,7536889,1010,CDS
20703,7538025,7538110,85,mobile_element
20704,7555778,7557844,2066,gene
20705,7555778,7557496,1718,ncRNA
20706,7557557,7557844,287,ncRNA
20707,7562905,7563485,580,gene
20708,7562905,7563485,580,ncRNA
20709,7574290,7576767,2477,gene
20710,7574290,7576767,2477,mRNA
20711,7574598,7576601,2003,CDS
20712,7585303,7586131,828,gene
20713,7586071,7586131,60,mRNA
20714,7585303,7586010,707,mRNA
20715,7585441,7585998,557,CDS
20716,7608428,7678859,70431,gene
20717,7608428,7609538,1110,mRNA
20718,7645780,7646979,1199,mRNA
20719,7660406,7660890,484,mRNA
20720,7660963,7661138,175,mRNA
20721,7662646,7663554,908,mRNA
20722,7670891,7671308,417,mRNA
20723,7671404,7678859,7455,mRNA
20724,7609148,7609538,390,mRNA
20725,7645780,7646979,1199,mRNA
20726,7660406,7660890,484,mRNA
20727,7660960,7661138,178,mRNA
20728,7662646,7663554,908,mRNA
20729,7670891,7671308,417,mRNA
20730,7671404,7678259,6855,mRNA
20731,7609416,7609538,122,CDS
20732,7645780,7646979,1199,CDS
20733,7660406,7660890,484,CDS
20734,7660960,7661138,178,CDS
20735,7662646,7663554,908,CDS
20736,7670891,7671308,417,CDS
20737,7671404,7674617,3213,CDS
20738,7609416,7609538,122,CDS
20739,7645780,7646979,1199,CDS
20740,7660406,7660890,484,CDS
20741,7660963,7661138,175,CDS
20742,7662646,7663554,908,CDS
20743,7670891,7671308,417,CDS
20744,7671404,7674617,3213,CDS
20745,7632222,7632336,114,mRNA
20746,7632760,7632795,35,mRNA
20747,7645780,7646979,1199,mRNA
20748,7660406,7660890,484,mRNA
20749,7660960,7661138,178,mRNA
20750,7662112,7663554,1442,mRNA
20751,7670891,7671308,417,mRNA
20752,7671404,7678259,6855,mRNA
20753,7646221,7646979,758,CDS
20754,7660406,7660890,484,CDS
20755,7660960,7661138,178,CDS
20756,7662112,7663554,1442,CDS
20757,7670891,7671308,417,CDS
20758,7671404,7674617,3213,CDS
20759,7679331,7679621,290,gene
20760,7679331,7679621,290,ncRNA
20761,7679968,7680520,552,gene
20762,7679968,7680520,552,ncRNA
20763,7680275,7680520,245,ncRNA
20764,7681002,7681278,276,gene
20765,7681002,7681278,276,ncRNA
20766,7682338,7709385,27047,gene
20767,7708995,7709385,390,mRNA
20768,7688392,7689996,1604,mRNA
20769,7687817,7688329,512,mRNA
20770,7686869,7687747,878,mRNA
20771,7686583,7686798,215,mRNA
20772,7682338,7686506,4168,mRNA
20773,7704778,7704963,185,mRNA
20774,7688392,7689996,1604,mRNA
20775,7687817,7688329,512,mRNA
20776,7686869,7687747,878,mRNA
20777,7686583,7686801,218,mRNA
20778,7683458,7686506,3048,mRNA
20779,7694786,7694918,132,mRNA
20780,7688392,7689996,1604,mRNA
20781,7687817,7688329,512,mRNA
20782,7686869,7687747,878,mRNA
20783,7686583,7686801,218,mRNA
20784,7683458,7686506,3048,mRNA
20785,7696477,7696704,227,mRNA
20786,7688392,7689996,1604,mRNA
20787,7687817,7688329,512,mRNA
20788,7686869,7687747,878,mRNA
20789,7686583,7686801,218,mRNA
20790,7684887,7686506,1619,mRNA
20791,7688392,7689995,1603,CDS
20792,7687817,7688329,512,CDS
20793,7686869,7687747,878,CDS
20794,7686583,7686798,215,CDS
20795,7685915,7686506,591,CDS
20796,7688392,7689995,1603,CDS
20797,7687817,7688329,512,CDS
20798,7686869,7687747,878,CDS
20799,7686583,7686801,218,CDS
20800,7685915,7686506,591,CDS
20801,7688392,7689995,1603,CDS
20802,7687817,7688329,512,CDS
20803,7686869,7687747,878,CDS
20804,7686583,7686801,218,CDS
20805,7685915,7686506,591,CDS
20806,7688392,7689995,1603,CDS
20807,7687817,7688329,512,CDS
20808,7686869,7687747,878,CDS
20809,7686583,7686801,218,CDS
20810,7685915,7686506,591,CDS
20811,7702962,7703340,378,mobile_element
20812,7707775,7708587,812,gene
20813,7707775,7708439,664,ncRNA
20814,7708531,7708587,56,ncRNA
20815,7712783,7717932,5149,gene
20816,7717791,7717932,141,mRNA
20817,7712783,7714491,1708,mRNA
20818,7714971,7715116,145,mRNA
20819,7712783,7714491,1708,mRNA
20820,7712825,7714483,1658,CDS
20821,7712825,7714483,1658,CDS
20822,7722119,7725917,3798,gene
20823,7722119,7722259,140,mRNA
20824,7722360,7724266,1906,mRNA
20825,7724411,7724775,364,mRNA
20826,7724843,7725047,204,mRNA
20827,7725116,7725917,801,mRNA
20828,7722223,7722259,36,CDS
20829,7722360,7724266,1906,CDS
20830,7724411,7724775,364,CDS
20831,7724843,7725047,204,CDS
20832,7725116,7725745,629,CDS
20833,7725996,7728361,2365,gene
20834,7728152,7728361,209,mRNA
20835,7726775,7728073,1298,mRNA
20836,7725996,7726712,716,mRNA
20837,7728152,7728283,131,CDS
20838,7726775,7728073,1298,CDS
20839,7726359,7726712,353,CDS
20840,7728755,7731729,2974,gene
20841,7728755,7729374,619,mRNA
20842,7729662,7731729,2067,mRNA
20843,7729191,7729374,183,CDS
20844,7729662,7731145,1483,CDS
20845,7731779,7734651,2872,gene
20846,7734019,7734651,632,mRNA
20847,7732988,7733489,501,mRNA
20848,7732314,7732881,567,mRNA
20849,7731779,7732245,466,mRNA
20850,7734019,7734438,419,mRNA
20851,7732988,7733489,501,mRNA
20852,7732314,7732881,567,mRNA
20853,7731779,7732245,466,mRNA
20854,7734019,7734132,113,CDS
20855,7732988,7733489,501,CDS
20856,7732314,7732881,567,CDS
20857,7732002,7732245,243,CDS
20858,7734019,7734132,113,CDS
20859,7732988,7733489,501,CDS
20860,7732314,7732881,567,CDS
20861,7732002,7732245,243,CDS
20862,7734923,7736756,1833,gene
20863,7734923,7735335,412,mRNA
20864,7735764,7736756,992,mRNA
20865,7734923,7735335,412,mRNA
20866,7735764,7736479,715,mRNA
20867,7735228,7735335,107,CDS
20868,7735764,7736312,548,CDS
20869,7735228,7735335,107,CDS
20870,7735764,7736312,548,CDS
20871,7736893,7739978,3085,gene
20872,7736893,7737166,273,mRNA
20873,7737322,7737683,361,mRNA
20874,7737873,7738135,262,mRNA
20875,7738382,7738799,417,mRNA
20876,7738901,7739978,1077,mRNA
20877,7736893,7737166,273,mRNA
20878,7737450,7737683,233,mRNA
20879,7737873,7738135,262,mRNA
20880,7738382,7738799,417,mRNA
20881,7738901,7739572,671,mRNA
20882,7737361,7737683,322,mRNA
20883,7737873,7738135,262,mRNA
20884,7738382,7738799,417,mRNA
20885,7738901,7739572,671,mRNA
20886,7737470,7737683,213,CDS
20887,7737873,7738135,262,CDS
20888,7738382,7738799,417,CDS
20889,7738901,7739040,139,CDS
20890,7737470,7737683,213,CDS
20891,7737873,7738135,262,CDS
20892,7738382,7738799,417,CDS
20893,7738901,7739040,139,CDS
20894,7737470,7737683,213,CDS
20895,7737873,7738135,262,CDS
20896,7738382,7738799,417,CDS
20897,7738901,7739040,139,CDS
20898,7764982,7766826,1844,gene
20899,7764982,7766826,1844,mRNA
20900,7764982,7766826,1844,CDS
20901,7768737,7769161,424,gene
20902,7768737,7769161,424,mRNA
20903,7768777,7769109,332,CDS
20904,7778205,7779370,1165,gene
20905,7778205,7778365,160,mRNA
20906,7778434,7778571,137,mRNA
20907,7778635,7779060,425,mRNA
20908,7779119,7779370,251,mRNA
20909,7778205,7778353,148,mRNA
20910,7778434,7778571,137,mRNA
20911,7778635,7779060,425,mRNA
20912,7779119,7779370,251,mRNA
20913,7778205,7778353,148,mRNA
20914,7778437,7778571,134,mRNA
20915,7778635,7779060,425,mRNA
20916,7779119,7779370,251,mRNA
20917,7778275,7778365,90,CDS
20918,7778434,7778571,137,CDS
20919,7778635,7779060,425,CDS
20920,7779119,7779249,130,CDS
20921,7778275,7778353,78,CDS
20922,7778434,7778571,137,CDS
20923,7778635,7779060,425,CDS
20924,7779119,7779249,130,CDS
20925,7778275,7778353,78,CDS
20926,7778437,7778571,134,CDS
20927,7778635,7779060,425,CDS
20928,7779119,7779249,130,CDS
20929,7784300,7784532,232,mobile_element
20930,7826197,7842679,16482,gene
20931,7826197,7826834,637,mRNA
20932,7835031,7835078,47,mRNA
20933,7836792,7836928,136,mRNA
20934,7837043,7837234,191,mRNA
20935,7837325,7837487,162,mRNA
20936,7838697,7838851,154,mRNA
20937,7839718,7839849,131,mRNA
20938,7840270,7842679,2409,mRNA
20939,7826197,7826834,637,mRNA
20940,7835031,7835078,47,mRNA
20941,7836792,7836928,136,mRNA
20942,7837043,7837234,191,mRNA
20943,7837325,7837487,162,mRNA
20944,7838697,7838851,154,mRNA
20945,7839718,7839849,131,mRNA
20946,7840270,7840685,415,mRNA
20947,7826747,7826834,87,CDS
20948,7835031,7835078,47,CDS
20949,7836792,7836928,136,CDS
20950,7837043,7837234,191,CDS
20951,7837325,7837487,162,CDS
20952,7838697,7838851,154,CDS
20953,7839718,7839849,131,CDS
20954,7840270,7840356,86,CDS
20955,7826747,7826834,87,CDS
20956,7835031,7835078,47,CDS
20957,7836792,7836928,136,CDS
20958,7837043,7837234,191,CDS
20959,7837325,7837487,162,CDS
20960,7838697,7838851,154,CDS
20961,7839718,7839849,131,CDS
20962,7840270,7840356,86,CDS
20963,7845781,7847213,1432,mobile_element
20964,7852481,7854244,1763,gene
20965,7852481,7854244,1763,mRNA
20966,7852925,7854118,1193,CDS
20967,7858173,7858794,621,gene
20968,7858173,7858794,621,mRNA
20969,7858230,7858682,452,CDS
20970,7864948,7866968,2020,gene
20971,7866144,7866968,824,mRNA
20972,7864948,7866090,1142,mRNA
20973,7866144,7866968,824,CDS
20974,7864948,7866090,1142,CDS
20975,7867161,7873222,6061,gene
20976,7872995,7873222,227,mRNA
20977,7870506,7872870,2364,mRNA
20978,7870186,7870448,262,mRNA
20979,7867161,7869987,2826,mRNA
20980,7872995,7873222,227,mRNA
20981,7870506,7872870,2364,mRNA
20982,7870186,7870448,262,mRNA
20983,7869863,7869987,124,mRNA
20984,7867199,7867903,704,mRNA
20985,7872995,7873222,227,mRNA
20986,7870506,7872921,2415,mRNA
20987,7870186,7870448,262,mRNA
20988,7867199,7867903,704,mRNA
20989,7872995,7873222,227,mRNA
20990,7870506,7872921,2415,mRNA
20991,7870186,7870448,262,mRNA
20992,7869863,7869987,124,mRNA
20993,7867199,7867903,704,mRNA
20994,7872995,7873222,227,mRNA
20995,7870506,7872921,2415,mRNA
20996,7870186,7870448,262,mRNA
20997,7867199,7869987,2788,mRNA
20998,7872995,7873222,227,mRNA
20999,7870506,7872921,2415,mRNA
21000,7870186,7870448,262,mRNA
21001,7869863,7870001,138,mRNA
21002,7867199,7867903,704,mRNA
21003,7872995,7873147,152,CDS
21004,7870506,7872870,2364,CDS
21005,7870186,7870448,262,CDS
21006,7869863,7869987,124,CDS
21007,7867234,7867903,669,CDS
21008,7872995,7873147,152,CDS
21009,7870506,7872921,2415,CDS
21010,7870186,7870448,262,CDS
21011,7869863,7869987,124,CDS
21012,7867234,7867903,669,CDS
21013,7872995,7873147,152,CDS
21014,7870506,7872921,2415,CDS
21015,7870186,7870448,262,CDS
21016,7867853,7867903,50,CDS
21017,7872995,7873147,152,CDS
21018,7870506,7872870,2364,CDS
21019,7870186,7870448,262,CDS
21020,7868047,7869987,1940,CDS
21021,7872995,7873147,152,CDS
21022,7870506,7872921,2415,CDS
21023,7870186,7870448,262,CDS
21024,7868047,7869987,1940,CDS
21025,7872995,7873147,152,CDS
21026,7870506,7872921,2415,CDS
21027,7870186,7870448,262,CDS
21028,7869981,7870001,20,CDS
21029,7872827,7873640,813,gene
21030,7872827,7873640,813,ncRNA
21031,7874394,7876847,2453,gene
21032,7874394,7875680,1286,mRNA
21033,7875777,7876847,1070,mRNA
21034,7874394,7874526,132,mRNA
21035,7874750,7875680,930,mRNA
21036,7875777,7876847,1070,mRNA
21037,7874826,7875680,854,CDS
21038,7875777,7876799,1022,CDS
21039,7874826,7875680,854,CDS
21040,7875777,7876799,1022,CDS
21041,7876963,7878836,1873,gene
21042,7878490,7878836,346,mRNA
21043,7876963,7878400,1437,mRNA
21044,7878490,7878836,346,CDS
21045,7876963,7878400,1437,CDS
21046,7879800,7881679,1879,gene
21047,7880867,7881679,812,mRNA
21048,7879800,7880813,1013,mRNA
21049,7880867,7881679,812,CDS
21050,7879800,7880813,1013,CDS
21051,7881939,7884026,2087,gene
21052,7883656,7884026,370,mRNA
21053,7883080,7883602,522,mRNA
21054,7881939,7883027,1088,mRNA
21055,7883656,7884026,370,CDS
21056,7883080,7883602,522,CDS
21057,7882056,7883027,971,CDS
21058,7884660,7886976,2316,gene
21059,7884660,7884985,325,mRNA
21060,7885422,7885926,504,mRNA
21061,7885984,7886172,188,mRNA
21062,7886311,7886976,665,mRNA
21063,7884660,7884985,325,CDS
21064,7885422,7885926,504,CDS
21065,7885984,7886172,188,CDS
21066,7886311,7886976,665,CDS
21067,7887130,7888785,1655,gene
21068,7887130,7888785,1655,mRNA
21069,7887269,7888785,1516,mRNA
21070,7887438,7888670,1232,CDS
21071,7887438,7888670,1232,CDS
21072,7889066,7891646,2580,gene
21073,7889066,7891646,2580,mRNA
21074,7889292,7891499,2207,CDS
21075,7893053,7893798,745,gene
21076,7893053,7893798,745,gene
21077,7893750,7893798,48,mRNA
21078,7893053,7893416,363,mRNA
21079,7893750,7893798,48,mRNA
21080,7893053,7893490,437,mRNA
21081,7893750,7893798,48,mRNA
21082,7893053,7893490,437,mRNA
21083,7893588,7893798,210,mRNA
21084,7893053,7893416,363,mRNA
21085,7893588,7893798,210,mRNA
21086,7893053,7893490,437,mRNA
21087,7893588,7893798,210,mRNA
21088,7893053,7893490,437,mRNA
21089,7893053,7893561,508,mRNA
21090,7893053,7893561,508,mRNA
21091,7893130,7893300,170,CDS
21092,7893130,7893300,170,CDS
21093,7893130,7893300,170,CDS
21094,7893130,7893300,170,CDS
21095,7893130,7893300,170,CDS
21096,7893322,7893486,164,CDS
21097,7893322,7893486,164,CDS
21098,7893322,7893486,164,CDS
21099,7894031,7896991,2960,gene
21100,7894031,7896991,2960,mRNA
21101,7894031,7896786,2755,mRNA
21102,7894127,7896637,2510,CDS
21103,7894127,7896637,2510,CDS
21104,7897250,7897987,737,gene
21105,7897250,7897736,486,exon
21106,7897936,7897987,51,exon
21107,7898438,7901302,2864,gene
21108,7898438,7898926,488,exon
21109,7899624,7901331,1707,gene
21110,7901243,7901331,88,mRNA
21111,7900803,7901007,204,mRNA
21112,7899624,7900289,665,mRNA
21113,7900803,7901331,528,mRNA
21114,7899624,7900289,665,mRNA
21115,7901243,7901248,5,CDS
21116,7900803,7901007,204,CDS
21117,7899754,7900289,535,CDS
21118,7900803,7900920,117,CDS
21119,7899754,7900289,535,CDS
21120,7901062,7901203,141,gene
21121,7901062,7901203,141,ncRNA
21122,7901243,7901302,59,exon
21123,7901880,7903643,1763,gene
21124,7901880,7902120,240,mRNA
21125,7902185,7902302,117,mRNA
21126,7902367,7903159,792,mRNA
21127,7903216,7903335,119,mRNA
21128,7903398,7903643,245,mRNA
21129,7901992,7902120,128,CDS
21130,7902185,7902302,117,CDS
21131,7902367,7903159,792,CDS
21132,7903216,7903335,119,CDS
21133,7903398,7903548,150,CDS
21134,7903704,7908286,4582,gene
21135,7908099,7908286,187,mRNA
21136,7907922,7908034,112,mRNA
21137,7907257,7907696,439,mRNA
21138,7906500,7906946,446,mRNA
21139,7906249,7906426,177,mRNA
21140,7906045,7906181,136,mRNA
21141,7903704,7905994,2290,mRNA
21142,7907257,7907814,557,mRNA
21143,7906500,7906946,446,mRNA
21144,7906249,7906426,177,mRNA
21145,7906045,7906181,136,mRNA
21146,7905647,7905994,347,mRNA
21147,7907257,7907338,81,CDS
21148,7906500,7906946,446,CDS
21149,7906249,7906426,177,CDS
21150,7906045,7906181,136,CDS
21151,7905816,7905994,178,CDS
21152,7907257,7907338,81,CDS
21153,7906500,7906946,446,CDS
21154,7906249,7906426,177,CDS
21155,7906045,7906181,136,CDS
21156,7905816,7905994,178,CDS
21157,7908931,7911885,2954,gene
21158,7908931,7909537,606,mRNA
21159,7909878,7909924,46,mRNA
21160,7910709,7910784,75,mRNA
21161,7910853,7911193,340,mRNA
21162,7911252,7911885,633,mRNA
21163,7909372,7909537,165,CDS
21164,7909878,7909924,46,CDS
21165,7910709,7910784,75,CDS
21166,7910853,7911193,340,CDS
21167,7911252,7911587,335,CDS
21168,7912089,7918444,6355,gene
21169,7912089,7912979,890,mRNA
21170,7913051,7913190,139,mRNA
21171,7913328,7913424,96,mRNA
21172,7913489,7913800,311,mRNA
21173,7914263,7914435,172,mRNA
21174,7914492,7914898,406,mRNA
21175,7914960,7915697,737,mRNA
21176,7915767,7915946,179,mRNA
21177,7916008,7916145,137,mRNA
21178,7916211,7916894,683,mRNA
21179,7916955,7918444,1489,mRNA
21180,7912089,7912979,890,mRNA
21181,7913051,7913190,139,mRNA
21182,7913328,7913424,96,mRNA
21183,7913489,7913800,311,mRNA
21184,7914263,7914435,172,mRNA
21185,7914492,7914898,406,mRNA
21186,7914960,7915697,737,mRNA
21187,7915767,7915946,179,mRNA
21188,7916008,7916145,137,mRNA
21189,7916211,7916894,683,mRNA
21190,7916955,7917440,485,mRNA
21191,7912864,7912979,115,CDS
21192,7913051,7913190,139,CDS
21193,7913328,7913424,96,CDS
21194,7913489,7913800,311,CDS
21195,7914263,7914435,172,CDS
21196,7914492,7914898,406,CDS
21197,7914960,7915697,737,CDS
21198,7915767,7915946,179,CDS
21199,7916008,7916145,137,CDS
21200,7916211,7916894,683,CDS
21201,7916955,7917323,368,CDS
21202,7912864,7912979,115,CDS
21203,7913051,7913190,139,CDS
21204,7913328,7913424,96,CDS
21205,7913489,7913800,311,CDS
21206,7914263,7914435,172,CDS
21207,7914492,7914898,406,CDS
21208,7914960,7915697,737,CDS
21209,7915767,7915946,179,CDS
21210,7916008,7916145,137,CDS
21211,7916211,7916894,683,CDS
21212,7916955,7917323,368,CDS
21213,7918517,7920131,1614,gene
21214,7919216,7920131,915,mRNA
21215,7919008,7919164,156,mRNA
21216,7918517,7918904,387,mRNA
21217,7919216,7920131,915,CDS
21218,7919008,7919164,156,CDS
21219,7918517,7918904,387,CDS
21220,7920409,7921966,1557,gene
21221,7920409,7920800,391,mRNA
21222,7920890,7921966,1076,mRNA
21223,7920676,7920800,124,CDS
21224,7920890,7921364,474,CDS
21225,7922158,7931382,9224,gene
21226,7930874,7931382,508,mRNA
21227,7928794,7930315,1521,mRNA
21228,7926765,7928556,1791,mRNA
21229,7922158,7926699,4541,mRNA
21230,7930874,7931382,508,mRNA
21231,7928794,7930315,1521,mRNA
21232,7926765,7928556,1791,mRNA
21233,7924139,7926699,2560,mRNA
21234,7928794,7930302,1508,CDS
21235,7927228,7928556,1328,CDS
21236,7928794,7930302,1508,CDS
21237,7927228,7928556,1328,CDS
21238,7931745,7933351,1606,gene
21239,7933323,7933351,28,mRNA
21240,7932537,7933208,671,mRNA
21241,7931745,7932294,549,mRNA
21242,7932537,7933332,795,mRNA
21243,7931745,7932294,549,mRNA
21244,7932537,7933193,656,CDS
21245,7932049,7932294,245,CDS
21246,7932537,7933193,656,CDS
21247,7932049,7932294,245,CDS
21248,7933742,7934677,935,gene
21249,7933742,7934270,528,mRNA
21250,7934330,7934677,347,mRNA
21251,7933742,7933774,32,mRNA
21252,7934009,7934270,261,mRNA
21253,7934330,7934677,347,mRNA
21254,7934034,7934270,236,CDS
21255,7934330,7934548,218,CDS
21256,7934034,7934270,236,CDS
21257,7934330,7934548,218,CDS
21258,7934898,7935792,894,gene
21259,7934898,7934932,34,mRNA
21260,7935175,7935439,264,mRNA
21261,7935499,7935792,293,mRNA
21262,7935172,7935439,267,mRNA
21263,7935499,7935792,293,mRNA
21264,7935203,7935439,236,CDS
21265,7935499,7935717,218,CDS
21266,7935203,7935439,236,CDS
21267,7935499,7935717,218,CDS
21268,7935896,7953883,17987,gene
21269,7935896,7937611,1715,mRNA
21270,7939688,7940424,736,mRNA
21271,7940495,7940723,228,mRNA
21272,7940783,7941195,412,mRNA
21273,7941256,7941414,158,mRNA
21274,7947415,7950297,2882,mRNA
21275,7950361,7950784,423,mRNA
21276,7950863,7951644,781,mRNA
21277,7951718,7951849,131,mRNA
21278,7951924,7952063,139,mRNA
21279,7952128,7953883,1755,mRNA
21280,7935896,7937611,1715,mRNA
21281,7939688,7940424,736,mRNA
21282,7940495,7940723,228,mRNA
21283,7940783,7941195,412,mRNA
21284,7941256,7941414,158,mRNA
21285,7947415,7950297,2882,mRNA
21286,7950361,7950784,423,mRNA
21287,7950863,7951644,781,mRNA
21288,7951718,7951849,131,mRNA
21289,7951924,7952063,139,mRNA
21290,7952128,7953883,1755,mRNA
21291,7935896,7936719,823,mRNA
21292,7936780,7937611,831,mRNA
21293,7939688,7940424,736,mRNA
21294,7940495,7940723,228,mRNA
21295,7940783,7941195,412,mRNA
21296,7941256,7941414,158,mRNA
21297,7947415,7950297,2882,mRNA
21298,7950364,7950784,420,mRNA
21299,7950863,7951644,781,mRNA
21300,7951718,7951849,131,mRNA
21301,7951924,7952063,139,mRNA
21302,7952128,7953883,1755,mRNA
21303,7936969,7937611,642,CDS
21304,7939688,7940424,736,CDS
21305,7940495,7940723,228,CDS
21306,7940783,7941195,412,CDS
21307,7941256,7941414,158,CDS
21308,7947415,7950297,2882,CDS
21309,7950361,7950784,423,CDS
21310,7950863,7951644,781,CDS
21311,7951718,7951849,131,CDS
21312,7951924,7952063,139,CDS
21313,7952128,7952296,168,CDS
21314,7936969,7937611,642,CDS
21315,7939688,7940424,736,CDS
21316,7940495,7940723,228,CDS
21317,7940783,7941195,412,CDS
21318,7941256,7941414,158,CDS
21319,7947415,7950297,2882,CDS
21320,7950361,7950784,423,CDS
21321,7950863,7951644,781,CDS
21322,7951718,7951849,131,CDS
21323,7951924,7952063,139,CDS
21324,7952128,7952245,117,CDS
21325,7936969,7937611,642,CDS
21326,7939688,7940424,736,CDS
21327,7940495,7940723,228,CDS
21328,7940783,7941195,412,CDS
21329,7941256,7941414,158,CDS
21330,7947415,7950297,2882,CDS
21331,7950364,7950784,420,CDS
21332,7950863,7951644,781,CDS
21333,7951718,7951849,131,CDS
21334,7951924,7952063,139,CDS
21335,7952128,7952245,117,CDS
21336,7941478,7946908,5430,gene
21337,7946407,7946908,501,mRNA
21338,7945896,7946219,323,mRNA
21339,7942509,7943227,718,mRNA
21340,7942058,7942444,386,mRNA
21341,7941478,7941998,520,mRNA
21342,7943919,7944685,766,mRNA
21343,7943684,7943848,164,mRNA
21344,7942509,7943227,718,mRNA
21345,7942058,7942444,386,mRNA
21346,7941478,7941998,520,mRNA
21347,7946407,7946676,269,CDS
21348,7945896,7946219,323,CDS
21349,7942509,7943227,718,CDS
21350,7942058,7942444,386,CDS
21351,7941704,7941998,294,CDS
21352,7943919,7944293,374,CDS
21353,7943684,7943848,164,CDS
21354,7942509,7943227,718,CDS
21355,7942058,7942444,386,CDS
21356,7941704,7941998,294,CDS
21357,7953852,7955990,2138,gene
21358,7955771,7955990,219,mRNA
21359,7953852,7955634,1782,mRNA
21360,7955771,7955795,24,CDS
21361,7953944,7955634,1690,CDS
21362,7956064,7956702,638,gene
21363,7956064,7956702,638,mRNA
21364,7956122,7956667,545,CDS
21365,7956820,7968236,11416,gene
21366,7967440,7968236,796,mRNA
21367,7964218,7964949,731,mRNA
21368,7963208,7964142,934,mRNA
21369,7962570,7963141,571,mRNA
21370,7961806,7962224,418,mRNA
21371,7961439,7961714,275,mRNA
21372,7961177,7961363,186,mRNA
21373,7958978,7959094,116,mRNA
21374,7958271,7958482,211,mRNA
21375,7957866,7958210,344,mRNA
21376,7956820,7957798,978,mRNA
21377,7967440,7968236,796,mRNA
21378,7964218,7964949,731,mRNA
21379,7963208,7964142,934,mRNA
21380,7962570,7963141,571,mRNA
21381,7961806,7962224,418,mRNA
21382,7961439,7961714,275,mRNA
21383,7961177,7961363,186,mRNA
21384,7959996,7960112,116,mRNA
21385,7958271,7958482,211,mRNA
21386,7957866,7958210,344,mRNA
21387,7956820,7957798,978,mRNA
21388,7958978,7959369,391,mRNA
21389,7958271,7958482,211,mRNA
21390,7957866,7958210,344,mRNA
21391,7956820,7957798,978,mRNA
21392,7967440,7967541,101,CDS
21393,7964218,7964949,731,CDS
21394,7963208,7964142,934,CDS
21395,7962570,7963141,571,CDS
21396,7961806,7962224,418,CDS
21397,7961439,7961714,275,CDS
21398,7961177,7961363,186,CDS
21399,7958978,7959094,116,CDS
21400,7958271,7958482,211,CDS
21401,7957866,7958210,344,CDS
21402,7957418,7957798,380,CDS
21403,7967440,7967541,101,CDS
21404,7964218,7964949,731,CDS
21405,7963208,7964142,934,CDS
21406,7962570,7963141,571,CDS
21407,7961806,7962224,418,CDS
21408,7961439,7961714,275,CDS
21409,7961177,7961363,186,CDS
21410,7959996,7960112,116,CDS
21411,7958271,7958482,211,CDS
21412,7957866,7958210,344,CDS
21413,7957418,7957798,380,CDS
21414,7958978,7959065,87,CDS
21415,7958271,7958482,211,CDS
21416,7957866,7958210,344,CDS
21417,7957418,7957798,380,CDS
21418,7959274,7960898,1624,gene
21419,7959274,7960898,1624,ncRNA
21420,7964024,7986601,22577,gene
21421,7964024,7964172,148,mRNA
21422,7982371,7982651,280,mRNA
21423,7983988,7984408,420,mRNA
21424,7984470,7985039,569,mRNA
21425,7985108,7985356,248,mRNA
21426,7985434,7986085,651,mRNA
21427,7969703,7970371,668,mRNA
21428,7982371,7982651,280,mRNA
21429,7983988,7984408,420,mRNA
21430,7984470,7985039,569,mRNA
21431,7985108,7985356,248,mRNA
21432,7985434,7986601,1167,mRNA
21433,7969703,7969761,58,mRNA
21434,7970019,7970371,352,mRNA
21435,7982371,7982651,280,mRNA
21436,7983988,7984408,420,mRNA
21437,7984470,7985039,569,mRNA
21438,7985108,7985356,248,mRNA
21439,7985434,7986601,1167,mRNA
21440,7969703,7969980,277,mRNA
21441,7982371,7982651,280,mRNA
21442,7983988,7984408,420,mRNA
21443,7984470,7985039,569,mRNA
21444,7985108,7985356,248,mRNA
21445,7985434,7986085,651,mRNA
21446,7982447,7982651,204,CDS
21447,7983988,7984408,420,CDS
21448,7984470,7985039,569,CDS
21449,7985108,7985356,248,CDS
21450,7985434,7985527,93,CDS
21451,7982447,7982651,204,CDS
21452,7983988,7984408,420,CDS
21453,7984470,7985039,569,CDS
21454,7985108,7985356,248,CDS
21455,7985434,7985527,93,CDS
21456,7982447,7982651,204,CDS
21457,7983988,7984408,420,CDS
21458,7984470,7985039,569,CDS
21459,7985108,7985356,248,CDS
21460,7985434,7985527,93,CDS
21461,7982447,7982651,204,CDS
21462,7983988,7984408,420,CDS
21463,7984470,7985039,569,CDS
21464,7985108,7985356,248,CDS
21465,7985434,7985527,93,CDS
21466,7995697,8027394,31697,gene
21467,7995697,7995793,96,mRNA
21468,7999271,7999655,384,mRNA
21469,8022405,8022763,358,mRNA
21470,8022822,8022973,151,mRNA
21471,8023037,8023428,391,mRNA
21472,8023676,8024025,349,mRNA
21473,8024121,8024308,187,mRNA
21474,8025546,8027394,1848,mRNA
21475,7999175,7999655,480,mRNA
21476,8022405,8022763,358,mRNA
21477,8022822,8022973,151,mRNA
21478,8023037,8023428,391,mRNA
21479,8023676,8024025,349,mRNA
21480,8024121,8024308,187,mRNA
21481,8025546,8027394,1848,mRNA
21482,7999388,7999655,267,CDS
21483,8022405,8022763,358,CDS
21484,8022822,8022973,151,CDS
21485,8023037,8023428,391,CDS
21486,8023676,8024025,349,CDS
21487,8024121,8024308,187,CDS
21488,8025546,8025849,303,CDS
21489,7999388,7999655,267,CDS
21490,8022405,8022763,358,CDS
21491,8022822,8022973,151,CDS
21492,8023037,8023428,391,CDS
21493,8023676,8024025,349,CDS
21494,8024121,8024308,187,CDS
21495,8025546,8025849,303,CDS
21496,8019523,8021345,1822,gene
21497,8019523,8021345,1822,mRNA
21498,8019636,8021264,1628,CDS
21499,8031495,8035729,4234,mobile_element
21500,8035741,8037517,1776,gene
21501,8037262,8037517,255,mRNA
21502,8036900,8037212,312,mRNA
21503,8036726,8036802,76,mRNA
21504,8036220,8036634,414,mRNA
21505,8035741,8036159,418,mRNA
21506,8037262,8037485,223,CDS
21507,8036900,8037212,312,CDS
21508,8036726,8036802,76,CDS
21509,8036220,8036634,414,CDS
21510,8035944,8036159,215,CDS
21511,8037808,8061436,23628,gene
21512,8055967,8056137,170,mRNA
21513,8054108,8055893,1785,mRNA
21514,8051695,8053279,1584,mRNA
21515,8051371,8051529,158,mRNA
21516,8050437,8050556,119,mRNA
21517,8050152,8050283,131,mRNA
21518,8044333,8044415,82,mRNA
21519,8043907,8044030,123,mRNA
21520,8041351,8043733,2382,mRNA
21521,8041111,8041279,168,mRNA
21522,8037808,8041044,3236,mRNA
21523,8055967,8056137,170,mRNA
21524,8054123,8055893,1770,mRNA
21525,8051695,8053294,1599,mRNA
21526,8051371,8051529,158,mRNA
21527,8050437,8050556,119,mRNA
21528,8050152,8050283,131,mRNA
21529,8044333,8044391,58,mRNA
21530,8043907,8044030,123,mRNA
21531,8041351,8043733,2382,mRNA
21532,8041111,8041279,168,mRNA
21533,8038791,8041044,2253,mRNA
21534,8054123,8055427,1304,CDS
21535,8051695,8053294,1599,CDS
21536,8051371,8051529,158,CDS
21537,8050437,8050556,119,CDS
21538,8050152,8050283,131,CDS
21539,8044333,8044391,58,CDS
21540,8043907,8044030,123,CDS
21541,8041351,8043733,2382,CDS
21542,8041111,8041279,168,CDS
21543,8040979,8041044,65,CDS
21544,8054108,8055427,1319,CDS
21545,8051695,8053279,1584,CDS
21546,8051371,8051529,158,CDS
21547,8050437,8050556,119,CDS
21548,8050152,8050283,131,CDS
21549,8044333,8044415,82,CDS
21550,8043907,8044030,123,CDS
21551,8041351,8043733,2382,CDS
21552,8041111,8041279,168,CDS
21553,8040979,8041044,65,CDS
21554,8061376,8061436,60,mRNA
21555,8059867,8060158,291,mRNA
21556,8055967,8056137,170,mRNA
21557,8054123,8055893,1770,mRNA
21558,8051695,8053294,1599,mRNA
21559,8051359,8051529,170,mRNA
21560,8050437,8050556,119,mRNA
21561,8045436,8050283,4847,mRNA
21562,8061264,8061436,172,mRNA
21563,8059867,8060158,291,mRNA
21564,8055967,8056137,170,mRNA
21565,8054123,8055893,1770,mRNA
21566,8051695,8053294,1599,mRNA
21567,8051359,8051529,170,mRNA
21568,8050437,8050556,119,mRNA
21569,8045436,8050283,4847,mRNA
21570,8060877,8060974,97,mRNA
21571,8059867,8060158,291,mRNA
21572,8055967,8056137,170,mRNA
21573,8054123,8055893,1770,mRNA
21574,8051695,8053294,1599,mRNA
21575,8051359,8051529,170,mRNA
21576,8050437,8050556,119,mRNA
21577,8045436,8050283,4847,mRNA
21578,8058339,8058358,19,mRNA
21579,8055967,8056137,170,mRNA
21580,8054108,8055893,1785,mRNA
21581,8051695,8053294,1599,mRNA
21582,8051359,8051529,170,mRNA
21583,8050437,8050556,119,mRNA
21584,8045436,8050283,4847,mRNA
21585,8056610,8056701,91,mRNA
21586,8055967,8056137,170,mRNA
21587,8054123,8055893,1770,mRNA
21588,8051695,8053294,1599,mRNA
21589,8051359,8051529,170,mRNA
21590,8050437,8050556,119,mRNA
21591,8045436,8050283,4847,mRNA
21592,8056317,8056701,384,mRNA
21593,8055967,8056137,170,mRNA
21594,8054123,8055918,1795,mRNA
21595,8051695,8053279,1584,mRNA
21596,8051359,8051529,170,mRNA
21597,8050437,8050556,119,mRNA
21598,8045436,8050283,4847,mRNA
21599,8060903,8060974,71,mRNA
21600,8059867,8060158,291,mRNA
21601,8055967,8056137,170,mRNA
21602,8054123,8055893,1770,mRNA
21603,8051695,8053294,1599,mRNA
21604,8051359,8051529,170,mRNA
21605,8050437,8050556,119,mRNA
21606,8049400,8050283,883,mRNA
21607,8054123,8055427,1304,CDS
21608,8051695,8053279,1584,CDS
21609,8051359,8051529,170,CDS
21610,8050437,8050556,119,CDS
21611,8050147,8050283,136,CDS
21612,8054123,8055427,1304,CDS
21613,8051695,8053294,1599,CDS
21614,8051359,8051529,170,CDS
21615,8050437,8050556,119,CDS
21616,8050147,8050283,136,CDS
21617,8054123,8055427,1304,CDS
21618,8051695,8053294,1599,CDS
21619,8051359,8051529,170,CDS
21620,8050437,8050556,119,CDS
21621,8050147,8050283,136,CDS
21622,8054123,8055427,1304,CDS
21623,8051695,8053294,1599,CDS
21624,8051359,8051529,170,CDS
21625,8050437,8050556,119,CDS
21626,8050147,8050283,136,CDS
21627,8054123,8055427,1304,CDS
21628,8051695,8053294,1599,CDS
21629,8051359,8051529,170,CDS
21630,8050437,8050556,119,CDS
21631,8050147,8050283,136,CDS
21632,8054123,8055427,1304,CDS
21633,8051695,8053294,1599,CDS
21634,8051359,8051529,170,CDS
21635,8050437,8050556,119,CDS
21636,8050147,8050283,136,CDS
21637,8054108,8055427,1319,CDS
21638,8051695,8053294,1599,CDS
21639,8051359,8051529,170,CDS
21640,8050437,8050556,119,CDS
21641,8050147,8050283,136,CDS
21642,8061645,8070237,8592,gene
21643,8061645,8062080,435,mRNA
21644,8063840,8064459,619,mRNA
21645,8064533,8064761,228,mRNA
21646,8065448,8065532,84,mRNA
21647,8067062,8067496,434,mRNA
21648,8067560,8068783,1223,mRNA
21649,8068870,8070237,1367,mRNA
21650,8061645,8061870,225,mRNA
21651,8063840,8064459,619,mRNA
21652,8064533,8064761,228,mRNA
21653,8065448,8065532,84,mRNA
21654,8067062,8067496,434,mRNA
21655,8067560,8068783,1223,mRNA
21656,8068870,8070237,1367,mRNA
21657,8061645,8061725,80,mRNA
21658,8063840,8064459,619,mRNA
21659,8064533,8064761,228,mRNA
21660,8065448,8065532,84,mRNA
21661,8067062,8067496,434,mRNA
21662,8067560,8068783,1223,mRNA
21663,8068870,8070237,1367,mRNA
21664,8061645,8061725,80,mRNA
21665,8063840,8064459,619,mRNA
21666,8064533,8064761,228,mRNA
21667,8066098,8066182,84,mRNA
21668,8067062,8067496,434,mRNA
21669,8067560,8068783,1223,mRNA
21670,8068870,8070237,1367,mRNA
21671,8063958,8064459,501,CDS
21672,8064533,8064761,228,CDS
21673,8065448,8065532,84,CDS
21674,8067062,8067496,434,CDS
21675,8067560,8068783,1223,CDS
21676,8068870,8068935,65,CDS
21677,8063958,8064459,501,CDS
21678,8064533,8064761,228,CDS
21679,8065448,8065532,84,CDS
21680,8067062,8067496,434,CDS
21681,8067560,8068783,1223,CDS
21682,8068870,8068935,65,CDS
21683,8063958,8064459,501,CDS
21684,8064533,8064761,228,CDS
21685,8065448,8065532,84,CDS
21686,8067062,8067496,434,CDS
21687,8067560,8068783,1223,CDS
21688,8068870,8068935,65,CDS
21689,8063958,8064459,501,CDS
21690,8064533,8064761,228,CDS
21691,8066098,8066182,84,CDS
21692,8067062,8067496,434,CDS
21693,8067560,8068783,1223,CDS
21694,8068870,8068935,65,CDS
21695,8070244,8075466,5222,gene
21696,8072502,8075466,2964,mRNA
21697,8072129,8072420,291,mRNA
21698,8070244,8072064,1820,mRNA
21699,8072502,8075155,2653,CDS
21700,8072129,8072420,291,CDS
21701,8071285,8072064,779,CDS
21702,8075877,8078240,2363,gene
21703,8075877,8077680,1803,mRNA
21704,8077744,8078240,496,mRNA
21705,8076154,8077680,1526,CDS
21706,8077744,8078172,428,CDS
21707,8078350,8081605,3255,gene
21708,8081430,8081605,175,mRNA
21709,8079427,8079922,495,mRNA
21710,8079170,8079352,182,mRNA
21711,8078350,8078898,548,mRNA
21712,8081430,8081449,19,CDS
21713,8079427,8079922,495,CDS
21714,8079170,8079352,182,CDS
21715,8078635,8078898,263,CDS
21716,8084018,8087213,3195,gene
21717,8087104,8087213,109,mRNA
21718,8084876,8085242,366,mRNA
21719,8084672,8084795,123,mRNA
21720,8084258,8084617,359,mRNA
21721,8084018,8084202,184,mRNA
21722,8087104,8087107,3,CDS
21723,8084876,8085242,366,CDS
21724,8084672,8084795,123,CDS
21725,8084258,8084617,359,CDS
21726,8084083,8084202,119,CDS
21727,8084256,8085765,1509,gene
21728,8084256,8084846,590,ncRNA
21729,8084902,8085765,863,ncRNA
21730,8087544,8094064,6520,gene
21731,8093775,8094064,289,mRNA
21732,8087544,8090147,2603,mRNA
21733,8091961,8092113,152,mRNA
21734,8088009,8090147,2138,mRNA
21735,8091925,8092113,188,mRNA
21736,8088009,8090147,2138,mRNA
21737,8089309,8089860,551,CDS
21738,8089309,8089860,551,CDS
21739,8089309,8089860,551,CDS
21740,8094250,8102095,7845,gene
21741,8101069,8101454,385,mRNA
21742,8099351,8099616,265,mRNA
21743,8099141,8099290,149,mRNA
21744,8097869,8099068,1199,mRNA
21745,8097613,8097810,197,mRNA
21746,8097434,8097542,108,mRNA
21747,8097162,8097371,209,mRNA
21748,8096901,8097073,172,mRNA
21749,8094250,8096834,2584,mRNA
21750,8099709,8100071,362,mRNA
21751,8099351,8099616,265,mRNA
21752,8099141,8099290,149,mRNA
21753,8097869,8099068,1199,mRNA
21754,8097613,8097810,197,mRNA
21755,8097434,8097542,108,mRNA
21756,8097162,8097371,209,mRNA
21757,8096901,8097073,172,mRNA
21758,8094250,8096834,2584,mRNA
21759,8101946,8102095,149,mRNA
21760,8101087,8101758,671,mRNA
21761,8099351,8099616,265,mRNA
21762,8099141,8099290,149,mRNA
21763,8097869,8099068,1199,mRNA
21764,8097613,8097810,197,mRNA
21765,8097434,8097542,108,mRNA
21766,8097162,8097371,209,mRNA
21767,8096901,8097073,172,mRNA
21768,8096043,8096834,791,mRNA
21769,8101069,8102095,1026,mRNA
21770,8099351,8099616,265,mRNA
21771,8099141,8099290,149,mRNA
21772,8097869,8099068,1199,mRNA
21773,8097613,8097810,197,mRNA
21774,8097434,8097542,108,mRNA
21775,8097162,8097371,209,mRNA
21776,8096901,8097073,172,mRNA
21777,8096598,8096834,236,mRNA
21778,8099351,8099524,173,CDS
21779,8099141,8099290,149,CDS
21780,8097869,8099068,1199,CDS
21781,8097613,8097810,197,CDS
21782,8097434,8097542,108,CDS
21783,8097162,8097371,209,CDS
21784,8096901,8097073,172,CDS
21785,8096643,8096834,191,CDS
21786,8099351,8099524,173,CDS
21787,8099141,8099290,149,CDS
21788,8097869,8099068,1199,CDS
21789,8097613,8097810,197,CDS
21790,8097434,8097542,108,CDS
21791,8097162,8097371,209,CDS
21792,8096901,8097073,172,CDS
21793,8096643,8096834,191,CDS
21794,8099351,8099524,173,CDS
21795,8099141,8099290,149,CDS
21796,8097869,8099068,1199,CDS
21797,8097613,8097810,197,CDS
21798,8097434,8097542,108,CDS
21799,8097162,8097371,209,CDS
21800,8096901,8097073,172,CDS
21801,8096643,8096834,191,CDS
21802,8099351,8099524,173,CDS
21803,8099141,8099290,149,CDS
21804,8097869,8099068,1199,CDS
21805,8097613,8097810,197,CDS
21806,8097434,8097542,108,CDS
21807,8097162,8097371,209,CDS
21808,8096901,8097073,172,CDS
21809,8096643,8096834,191,CDS
21810,8102181,8116147,13966,gene
21811,8115417,8116147,730,mRNA
21812,8105268,8105894,626,mRNA
21813,8104037,8105193,1156,mRNA
21814,8103788,8103969,181,mRNA
21815,8102181,8103721,1540,mRNA
21816,8115992,8116147,155,mRNA
21817,8115417,8115580,163,mRNA
21818,8105268,8105894,626,mRNA
21819,8104037,8105193,1156,mRNA
21820,8103788,8103969,181,mRNA
21821,8102582,8103721,1139,mRNA
21822,8107690,8107814,124,mRNA
21823,8105268,8105894,626,mRNA
21824,8104037,8105193,1156,mRNA
21825,8103788,8103969,181,mRNA
21826,8102582,8103721,1139,mRNA
21827,8106004,8106042,38,mRNA
21828,8105268,8105894,626,mRNA
21829,8104037,8105193,1156,mRNA
21830,8103788,8103969,181,mRNA
21831,8102582,8103721,1139,mRNA
21832,8105268,8105892,624,CDS
21833,8104037,8105193,1156,CDS
21834,8103788,8103969,181,CDS
21835,8103532,8103721,189,CDS
21836,8105268,8105892,624,CDS
21837,8104037,8105193,1156,CDS
21838,8103788,8103969,181,CDS
21839,8103532,8103721,189,CDS
21840,8105268,8105892,624,CDS
21841,8104037,8105193,1156,CDS
21842,8103788,8103969,181,CDS
21843,8103532,8103721,189,CDS
21844,8105268,8105892,624,CDS
21845,8104037,8105193,1156,CDS
21846,8103788,8103969,181,CDS
21847,8103532,8103721,189,CDS
21848,8117012,8119130,2118,gene
21849,8117012,8119130,2118,mRNA
21850,8117012,8117047,35,mRNA
21851,8117114,8119130,2016,mRNA
21852,8117124,8119037,1913,CDS
21853,8117124,8119037,1913,CDS
21854,8119082,8121147,2065,gene
21855,8119355,8121147,1792,mRNA
21856,8119082,8119292,210,mRNA
21857,8119355,8121031,1676,CDS
21858,8119140,8119292,152,CDS
21859,8121280,8135713,14433,gene
21860,8135385,8135713,328,mRNA
21861,8127061,8127822,761,mRNA
21862,8126690,8126978,288,mRNA
21863,8123192,8123368,176,mRNA
21864,8122370,8122514,144,mRNA
21865,8121280,8122029,749,mRNA
21866,8128854,8129285,431,mRNA
21867,8127061,8127822,761,mRNA
21868,8126690,8126978,288,mRNA
21869,8122370,8122514,144,mRNA
21870,8121280,8122029,749,mRNA
21871,8128854,8129285,431,mRNA
21872,8127061,8127822,761,mRNA
21873,8126690,8126978,288,mRNA
21874,8123192,8123368,176,mRNA
21875,8122370,8122514,144,mRNA
21876,8121280,8122029,749,mRNA
21877,8127061,8127605,544,CDS
21878,8126690,8126978,288,CDS
21879,8122370,8122514,144,CDS
21880,8121644,8122029,385,CDS
21881,8127061,8127605,544,CDS
21882,8126690,8126978,288,CDS
21883,8123192,8123368,176,CDS
21884,8122370,8122514,144,CDS
21885,8121644,8122029,385,CDS
21886,8127061,8127605,544,CDS
21887,8126690,8126978,288,CDS
21888,8123192,8123368,176,CDS
21889,8122370,8122514,144,CDS
21890,8121644,8122029,385,CDS
21891,8129812,8131783,1971,gene
21892,8129812,8131783,1971,mRNA
21893,8129919,8131715,1796,CDS
21894,8132285,8134967,2682,gene
21895,8132285,8134967,2682,mRNA
21896,8132512,8134743,2231,CDS
21897,8135824,8137046,1222,gene
21898,8135824,8136066,242,mRNA
21899,8136135,8137046,911,mRNA
21900,8135872,8136066,194,CDS
21901,8136135,8136887,752,CDS
21902,8137041,8142279,5238,gene
21903,8141636,8142279,643,mRNA
21904,8137041,8140917,3876,mRNA
21905,8141636,8142279,643,mRNA
21906,8138391,8140917,2526,mRNA
21907,8139222,8140682,1460,CDS
21908,8139222,8140682,1460,CDS
21909,8142550,8143835,1285,gene
21910,8142550,8143835,1285,mRNA
21911,8142550,8143605,1055,mRNA
21912,8142616,8143521,905,CDS
21913,8142616,8143521,905,CDS
21914,8143904,8145602,1698,gene
21915,8143904,8145602,1698,mRNA
21916,8143999,8145495,1496,CDS
21917,8145839,8147855,2016,gene
21918,8145839,8147855,2016,mRNA
21919,8145949,8147346,1397,CDS
21920,8147949,8148705,756,gene
21921,8147949,8148705,756,mRNA
21922,8148015,8148494,479,CDS
21923,8148783,8150686,1903,gene
21924,8148783,8149476,693,mRNA
21925,8149545,8150686,1141,mRNA
21926,8148783,8149476,693,mRNA
21927,8149551,8150686,1135,mRNA
21928,8148898,8149476,578,CDS
21929,8149545,8150297,752,CDS
21930,8148898,8149476,578,CDS
21931,8149551,8150297,746,CDS
21932,8150731,8152275,1544,gene
21933,8150731,8152275,1544,mRNA
21934,8151067,8152143,1076,CDS
21935,8152948,8154533,1585,gene
21936,8152948,8154533,1585,mRNA
21937,8153044,8154453,1409,CDS
21938,8154599,8157386,2787,gene
21939,8154599,8157386,2787,mRNA
21940,8155834,8157261,1427,CDS
21941,8157628,8159348,1720,gene
21942,8157628,8158386,758,mRNA
21943,8158565,8159348,783,mRNA
21944,8157628,8158386,758,mRNA
21945,8158565,8159017,452,mRNA
21946,8157724,8158377,653,CDS
21947,8157724,8158377,653,CDS
21948,8160054,8161552,1498,gene
21949,8160054,8160252,198,mRNA
21950,8160322,8161552,1230,mRNA
21951,8160113,8160252,139,CDS
21952,8160322,8161399,1077,CDS
21953,8161540,8162792,1252,gene
21954,8161540,8162792,1252,mRNA
21955,8161657,8162628,971,CDS
21956,8163301,8163580,279,gene
21957,8163301,8163580,279,ncRNA
21958,8164266,8165708,1442,gene
21959,8164545,8165708,1163,mRNA
21960,8164266,8164343,77,mRNA
21961,8164545,8165708,1163,CDS
21962,8164266,8164343,77,CDS
21963,8165833,8170266,4433,gene
21964,8169490,8170266,776,mRNA
21965,8168966,8169420,454,mRNA
21966,8165833,8168894,3061,mRNA
21967,8169490,8170060,570,mRNA
21968,8168966,8169420,454,mRNA
21969,8166941,8168894,1953,mRNA
21970,8169490,8170060,570,mRNA
21971,8168966,8169420,454,mRNA
21972,8166941,8168894,1953,mRNA
21973,8169490,8169896,406,CDS
21974,8168966,8169420,454,CDS
21975,8167789,8168894,1105,CDS
21976,8169490,8169896,406,CDS
21977,8168966,8169420,454,CDS
21978,8167954,8168894,940,CDS
21979,8169490,8169896,406,CDS
21980,8168966,8169420,454,CDS
21981,8167954,8168894,940,CDS
21982,8170229,8177185,6956,gene
21983,8176553,8177185,632,mRNA
21984,8176015,8176454,439,mRNA
21985,8175302,8175954,652,mRNA
21986,8175069,8175235,166,mRNA
21987,8174823,8174998,175,mRNA
21988,8174038,8174214,176,mRNA
21989,8173861,8173975,114,mRNA
21990,8170229,8173461,3232,mRNA
21991,8177072,8177185,113,mRNA
21992,8176553,8176872,319,mRNA
21993,8176015,8176454,439,mRNA
21994,8175302,8175954,652,mRNA
21995,8175069,8175235,166,mRNA
21996,8174823,8174998,175,mRNA
21997,8174038,8174214,176,mRNA
21998,8173861,8173975,114,mRNA
21999,8170679,8173461,2782,mRNA
22000,8176553,8177185,632,mRNA
22001,8176015,8176454,439,mRNA
22002,8175302,8175954,652,mRNA
22003,8175069,8175235,166,mRNA
22004,8174823,8174998,175,mRNA
22005,8174038,8174214,176,mRNA
22006,8173861,8173975,114,mRNA
22007,8170679,8173461,2782,mRNA
22008,8176553,8177185,632,mRNA
22009,8176015,8176454,439,mRNA
22010,8175302,8175954,652,mRNA
22011,8175069,8175235,166,mRNA
22012,8174823,8174998,175,mRNA
22013,8174547,8174567,20,mRNA
22014,8174038,8174214,176,mRNA
22015,8173861,8173975,114,mRNA
22016,8170679,8173461,2782,mRNA
22017,8176015,8176293,278,CDS
22018,8175302,8175954,652,CDS
22019,8175069,8175235,166,CDS
22020,8174823,8174998,175,CDS
22021,8174038,8174214,176,CDS
22022,8173861,8173975,114,CDS
22023,8171582,8173461,1879,CDS
22024,8176015,8176293,278,CDS
22025,8175302,8175954,652,CDS
22026,8175069,8175235,166,CDS
22027,8174823,8174998,175,CDS
22028,8174038,8174214,176,CDS
22029,8173861,8173975,114,CDS
22030,8171582,8173461,1879,CDS
22031,8176015,8176293,278,CDS
22032,8175302,8175954,652,CDS
22033,8175069,8175235,166,CDS
22034,8174823,8174998,175,CDS
22035,8174038,8174214,176,CDS
22036,8173861,8173975,114,CDS
22037,8171582,8173461,1879,CDS
22038,8176015,8176293,278,CDS
22039,8175302,8175954,652,CDS
22040,8175069,8175235,166,CDS
22041,8174823,8174998,175,CDS
22042,8174547,8174567,20,CDS
22043,8174038,8174214,176,CDS
22044,8173861,8173975,114,CDS
22045,8171582,8173461,1879,CDS
22046,8178549,8240474,61925,gene
22047,8178549,8179580,1031,mRNA
22048,8181045,8181517,472,mRNA
22049,8191812,8191994,182,mRNA
22050,8192104,8192161,57,mRNA
22051,8204173,8204303,130,mRNA
22052,8208797,8210038,1241,mRNA
22053,8210403,8210680,277,mRNA
22054,8223628,8223866,238,mRNA
22055,8223956,8224047,91,mRNA
22056,8224785,8225726,941,mRNA
22057,8227871,8228098,227,mRNA
22058,8235589,8235820,231,mRNA
22059,8235882,8237169,1287,mRNA
22060,8237232,8237428,196,mRNA
22061,8237810,8237941,131,mRNA
22062,8238007,8238188,181,mRNA
22063,8238252,8240474,2222,mRNA
22064,8178549,8179580,1031,mRNA
22065,8181045,8181517,472,mRNA
22066,8191812,8191994,182,mRNA
22067,8192104,8192161,57,mRNA
22068,8204173,8204303,130,mRNA
22069,8210403,8210680,277,mRNA
22070,8223628,8223866,238,mRNA
22071,8223956,8224047,91,mRNA
22072,8227871,8228098,227,mRNA
22073,8235589,8235820,231,mRNA
22074,8235882,8237169,1287,mRNA
22075,8237232,8237428,196,mRNA
22076,8237810,8237941,131,mRNA
22077,8238007,8238188,181,mRNA
22078,8238252,8240474,2222,mRNA
22079,8178549,8179580,1031,mRNA
22080,8181045,8181517,472,mRNA
22081,8191812,8191994,182,mRNA
22082,8192104,8192161,57,mRNA
22083,8204173,8204303,130,mRNA
22084,8208797,8210038,1241,mRNA
22085,8210403,8210680,277,mRNA
22086,8223628,8223866,238,mRNA
22087,8223956,8224047,91,mRNA
22088,8224785,8226083,1298,mRNA
22089,8227871,8228098,227,mRNA
22090,8235589,8235820,231,mRNA
22091,8235882,8237169,1287,mRNA
22092,8237232,8237428,196,mRNA
22093,8237810,8237941,131,mRNA
22094,8238007,8238188,181,mRNA
22095,8238252,8239427,1175,mRNA
22096,8178549,8179580,1031,mRNA
22097,8181045,8181517,472,mRNA
22098,8191812,8191994,182,mRNA
22099,8192104,8192161,57,mRNA
22100,8204173,8204303,130,mRNA
22101,8210403,8210680,277,mRNA
22102,8223628,8223866,238,mRNA
22103,8223956,8224047,91,mRNA
22104,8224785,8226083,1298,mRNA
22105,8227871,8228098,227,mRNA
22106,8235589,8235820,231,mRNA
22107,8235882,8237169,1287,mRNA
22108,8237232,8237428,196,mRNA
22109,8237810,8237941,131,mRNA
22110,8238007,8238188,181,mRNA
22111,8238252,8239427,1175,mRNA
22112,8178553,8178976,423,mRNA
22113,8179453,8179580,127,mRNA
22114,8181045,8181517,472,mRNA
22115,8191812,8191994,182,mRNA
22116,8192104,8192161,57,mRNA
22117,8204173,8204303,130,mRNA
22118,8208797,8210038,1241,mRNA
22119,8210403,8210680,277,mRNA
22120,8223628,8223866,238,mRNA
22121,8223956,8224047,91,mRNA
22122,8225079,8226083,1004,mRNA
22123,8227871,8228098,227,mRNA
22124,8235589,8235820,231,mRNA
22125,8235882,8237169,1287,mRNA
22126,8237232,8237428,196,mRNA
22127,8237594,8237650,56,mRNA
22128,8237810,8237941,131,mRNA
22129,8238007,8238188,181,mRNA
22130,8238252,8239427,1175,mRNA
22131,8178553,8178879,326,mRNA
22132,8179453,8179580,127,mRNA
22133,8181045,8181517,472,mRNA
22134,8191812,8191994,182,mRNA
22135,8192104,8192161,57,mRNA
22136,8204173,8204303,130,mRNA
22137,8210403,8210680,277,mRNA
22138,8223628,8223866,238,mRNA
22139,8223956,8224047,91,mRNA
22140,8225079,8226083,1004,mRNA
22141,8227871,8228098,227,mRNA
22142,8235589,8235820,231,mRNA
22143,8235882,8237169,1287,mRNA
22144,8237232,8237428,196,mRNA
22145,8237594,8237650,56,mRNA
22146,8237810,8237941,131,mRNA
22147,8238007,8238188,181,mRNA
22148,8238252,8239427,1175,mRNA
22149,8181431,8181517,86,CDS
22150,8191812,8191994,182,CDS
22151,8192104,8192161,57,CDS
22152,8204173,8204303,130,CDS
22153,8208797,8210038,1241,CDS
22154,8210403,8210680,277,CDS
22155,8223628,8223866,238,CDS
22156,8223956,8224047,91,CDS
22157,8224785,8226083,1298,CDS
22158,8227871,8228098,227,CDS
22159,8235589,8235820,231,CDS
22160,8235882,8237169,1287,CDS
22161,8237232,8237428,196,CDS
22162,8237810,8237941,131,CDS
22163,8238007,8238188,181,CDS
22164,8238252,8238446,194,CDS
22165,8181431,8181517,86,CDS
22166,8191812,8191994,182,CDS
22167,8192104,8192161,57,CDS
22168,8204173,8204303,130,CDS
22169,8208797,8210038,1241,CDS
22170,8210403,8210680,277,CDS
22171,8223628,8223866,238,CDS
22172,8223956,8224047,91,CDS
22173,8224785,8225726,941,CDS
22174,8227871,8228098,227,CDS
22175,8235589,8235820,231,CDS
22176,8235882,8237169,1287,CDS
22177,8237232,8237428,196,CDS
22178,8237810,8237941,131,CDS
22179,8238007,8238188,181,CDS
22180,8238252,8238446,194,CDS
22181,8181431,8181517,86,CDS
22182,8191812,8191994,182,CDS
22183,8192104,8192161,57,CDS
22184,8204173,8204303,130,CDS
22185,8208797,8210038,1241,CDS
22186,8210403,8210680,277,CDS
22187,8223628,8223866,238,CDS
22188,8223956,8224047,91,CDS
22189,8225079,8226083,1004,CDS
22190,8227871,8228098,227,CDS
22191,8235589,8235820,231,CDS
22192,8235882,8237169,1287,CDS
22193,8237232,8237428,196,CDS
22194,8237594,8237650,56,CDS
22195,8237810,8237941,131,CDS
22196,8238007,8238188,181,CDS
22197,8238252,8238446,194,CDS
22198,8181431,8181517,86,CDS
22199,8191812,8191994,182,CDS
22200,8192104,8192161,57,CDS
22201,8204173,8204303,130,CDS
22202,8210403,8210680,277,CDS
22203,8223628,8223866,238,CDS
22204,8223956,8224047,91,CDS
22205,8224785,8226083,1298,CDS
22206,8227871,8228098,227,CDS
22207,8235589,8235820,231,CDS
22208,8235882,8237169,1287,CDS
22209,8237232,8237428,196,CDS
22210,8237810,8237941,131,CDS
22211,8238007,8238188,181,CDS
22212,8238252,8238446,194,CDS
22213,8181431,8181517,86,CDS
22214,8191812,8191994,182,CDS
22215,8192104,8192161,57,CDS
22216,8204173,8204303,130,CDS
22217,8210403,8210680,277,CDS
22218,8223628,8223866,238,CDS
22219,8223956,8224047,91,CDS
22220,8225079,8226083,1004,CDS
22221,8227871,8228098,227,CDS
22222,8235589,8235820,231,CDS
22223,8235882,8237169,1287,CDS
22224,8237232,8237428,196,CDS
22225,8237594,8237650,56,CDS
22226,8237810,8237941,131,CDS
22227,8238007,8238188,181,CDS
22228,8238252,8238446,194,CDS
22229,8181431,8181517,86,CDS
22230,8191812,8191994,182,CDS
22231,8192104,8192161,57,CDS
22232,8204173,8204303,130,CDS
22233,8210403,8210680,277,CDS
22234,8223628,8223866,238,CDS
22235,8223956,8224047,91,CDS
22236,8227871,8228098,227,CDS
22237,8235589,8235820,231,CDS
22238,8235882,8237169,1287,CDS
22239,8237232,8237428,196,CDS
22240,8237810,8237941,131,CDS
22241,8238007,8238188,181,CDS
22242,8238252,8238446,194,CDS
22243,8193200,8193506,306,mRNA
22244,8204173,8204303,130,mRNA
22245,8210403,8210680,277,mRNA
22246,8223628,8223866,238,mRNA
22247,8223956,8224047,91,mRNA
22248,8224785,8226083,1298,mRNA
22249,8227871,8228098,227,mRNA
22250,8235589,8235820,231,mRNA
22251,8235882,8237169,1287,mRNA
22252,8237232,8237428,196,mRNA
22253,8237810,8237941,131,mRNA
22254,8238007,8238188,181,mRNA
22255,8238252,8240474,2222,mRNA
22256,8193200,8193506,306,mRNA
22257,8204173,8204303,130,mRNA
22258,8210403,8210680,277,mRNA
22259,8223628,8223866,238,mRNA
22260,8223956,8224047,91,mRNA
22261,8227871,8228098,227,mRNA
22262,8235589,8235820,231,mRNA
22263,8235882,8237169,1287,mRNA
22264,8237232,8237428,196,mRNA
22265,8237810,8237941,131,mRNA
22266,8238007,8238188,181,mRNA
22267,8238252,8239427,1175,mRNA
22268,8193200,8193506,306,mRNA
22269,8210403,8210680,277,mRNA
22270,8223628,8223866,238,mRNA
22271,8223956,8224047,91,mRNA
22272,8224785,8226083,1298,mRNA
22273,8227871,8228098,227,mRNA
22274,8235589,8235820,231,mRNA
22275,8235882,8237169,1287,mRNA
22276,8237232,8237428,196,mRNA
22277,8237810,8237941,131,mRNA
22278,8238007,8238188,181,mRNA
22279,8238252,8239427,1175,mRNA
22280,8216129,8216334,205,mRNA
22281,8216903,8217074,171,mRNA
22282,8223628,8223866,238,mRNA
22283,8223956,8224047,91,mRNA
22284,8224785,8226083,1298,mRNA
22285,8227871,8228098,227,mRNA
22286,8235589,8235820,231,mRNA
22287,8235882,8237169,1287,mRNA
22288,8237232,8237428,196,mRNA
22289,8237810,8237941,131,mRNA
22290,8238007,8238188,181,mRNA
22291,8238252,8240474,2222,mRNA
22292,8216145,8216415,270,mRNA
22293,8216903,8217074,171,mRNA
22294,8223628,8223866,238,mRNA
22295,8223956,8224047,91,mRNA
22296,8225079,8226083,1004,mRNA
22297,8227871,8228098,227,mRNA
22298,8235589,8235820,231,mRNA
22299,8235882,8237169,1287,mRNA
22300,8237232,8237428,196,mRNA
22301,8237810,8237941,131,mRNA
22302,8238007,8238188,181,mRNA
22303,8238252,8239427,1175,mRNA
22304,8216824,8217074,250,mRNA
22305,8223628,8223866,238,mRNA
22306,8223956,8224047,91,mRNA
22307,8227871,8228098,227,mRNA
22308,8235589,8235820,231,mRNA
22309,8235882,8237169,1287,mRNA
22310,8237232,8237428,196,mRNA
22311,8237810,8237941,131,mRNA
22312,8238007,8238188,181,mRNA
22313,8238252,8239427,1175,mRNA
22314,8217055,8217074,19,CDS
22315,8223628,8223866,238,CDS
22316,8223956,8224047,91,CDS
22317,8224785,8226083,1298,CDS
22318,8227871,8228098,227,CDS
22319,8235589,8235820,231,CDS
22320,8235882,8237169,1287,CDS
22321,8237232,8237428,196,CDS
22322,8237810,8237941,131,CDS
22323,8238007,8238188,181,CDS
22324,8238252,8238446,194,CDS
22325,8217055,8217074,19,CDS
22326,8223628,8223866,238,CDS
22327,8223956,8224047,91,CDS
22328,8225079,8226083,1004,CDS
22329,8227871,8228098,227,CDS
22330,8235589,8235820,231,CDS
22331,8235882,8237169,1287,CDS
22332,8237232,8237428,196,CDS
22333,8237810,8237941,131,CDS
22334,8238007,8238188,181,CDS
22335,8238252,8238446,194,CDS
22336,8217055,8217074,19,CDS
22337,8223628,8223866,238,CDS
22338,8223956,8224047,91,CDS
22339,8227871,8228098,227,CDS
22340,8235589,8235820,231,CDS
22341,8235882,8237169,1287,CDS
22342,8237232,8237428,196,CDS
22343,8237810,8237941,131,CDS
22344,8238007,8238188,181,CDS
22345,8238252,8238446,194,CDS
22346,8223833,8223866,33,CDS
22347,8223956,8224047,91,CDS
22348,8224785,8226083,1298,CDS
22349,8227871,8228098,227,CDS
22350,8235589,8235820,231,CDS
22351,8235882,8237169,1287,CDS
22352,8237232,8237428,196,CDS
22353,8237810,8237941,131,CDS
22354,8238007,8238188,181,CDS
22355,8238252,8238446,194,CDS
22356,8223833,8223866,33,CDS
22357,8223956,8224047,91,CDS
22358,8224785,8226083,1298,CDS
22359,8227871,8228098,227,CDS
22360,8235589,8235820,231,CDS
22361,8235882,8237169,1287,CDS
22362,8237232,8237428,196,CDS
22363,8237810,8237941,131,CDS
22364,8238007,8238188,181,CDS
22365,8238252,8238446,194,CDS
22366,8223833,8223866,33,CDS
22367,8223956,8224047,91,CDS
22368,8227871,8228098,227,CDS
22369,8235589,8235820,231,CDS
22370,8235882,8237169,1287,CDS
22371,8237232,8237428,196,CDS
22372,8237810,8237941,131,CDS
22373,8238007,8238188,181,CDS
22374,8238252,8238446,194,CDS
22375,8230614,8230766,152,mRNA
22376,8232429,8232906,477,mRNA
22377,8235589,8235820,231,mRNA
22378,8235882,8237169,1287,mRNA
22379,8237232,8237428,196,mRNA
22380,8237810,8237941,131,mRNA
22381,8238007,8238188,181,mRNA
22382,8238252,8239427,1175,mRNA
22383,8230614,8230718,104,mRNA
22384,8232429,8232906,477,mRNA
22385,8235589,8235820,231,mRNA
22386,8235882,8237169,1287,mRNA
22387,8237232,8237428,196,mRNA
22388,8237810,8237941,131,mRNA
22389,8238007,8238188,181,mRNA
22390,8238252,8239427,1175,mRNA
22391,8232493,8232906,413,CDS
22392,8235589,8235820,231,CDS
22393,8235882,8237169,1287,CDS
22394,8237232,8237428,196,CDS
22395,8237810,8237941,131,CDS
22396,8238007,8238188,181,CDS
22397,8238252,8238446,194,CDS
22398,8232493,8232906,413,CDS
22399,8235589,8235820,231,CDS
22400,8235882,8237169,1287,CDS
22401,8237232,8237428,196,CDS
22402,8237810,8237941,131,CDS
22403,8238007,8238188,181,CDS
22404,8238252,8238446,194,CDS
22405,8240684,8241483,799,gene
22406,8240684,8240884,200,mRNA
22407,8240939,8241483,544,mRNA
22408,8240770,8240884,114,CDS
22409,8240939,8241321,382,CDS
22410,8241501,8244016,2515,gene
22411,8242951,8244016,1065,mRNA
22412,8242205,8242256,51,mRNA
22413,8241501,8242143,642,mRNA
22414,8242951,8243360,409,mRNA
22415,8242205,8242256,51,mRNA
22416,8241501,8242143,642,mRNA
22417,8242951,8243076,125,CDS
22418,8242205,8242256,51,CDS
22419,8241578,8242143,565,CDS
22420,8242951,8243076,125,CDS
22421,8242205,8242256,51,CDS
22422,8241578,8242143,565,CDS
22423,8242528,8248033,5505,gene
22424,8242528,8242731,203,mRNA
22425,8246094,8246439,345,mRNA
22426,8246510,8246736,226,mRNA
22427,8246808,8248033,1225,mRNA
22428,8242716,8242731,15,CDS
22429,8246094,8246439,345,CDS
22430,8246510,8246736,226,CDS
22431,8246808,8247694,886,CDS
22432,8243582,8244059,477,mRNA
22433,8246094,8246439,345,mRNA
22434,8246510,8246736,226,mRNA
22435,8246808,8248033,1225,mRNA
22436,8243729,8244059,330,CDS
22437,8246094,8246439,345,CDS
22438,8246510,8246736,226,CDS
22439,8246808,8247694,886,CDS
22440,8244189,8244497,308,mRNA
22441,8246094,8246439,345,mRNA
22442,8246510,8246736,226,mRNA
22443,8246808,8248033,1225,mRNA
22444,8244431,8244497,66,CDS
22445,8246094,8246439,345,CDS
22446,8246510,8246736,226,CDS
22447,8246808,8247694,886,CDS
22448,8248651,8251687,3036,gene
22449,8251597,8251687,90,mRNA
22450,8251201,8251388,187,mRNA
22451,8250798,8251129,331,mRNA
22452,8249703,8250729,1026,mRNA
22453,8249154,8249642,488,mRNA
22454,8248651,8249094,443,mRNA
22455,8251201,8251451,250,mRNA
22456,8250798,8251129,331,mRNA
22457,8249703,8250729,1026,mRNA
22458,8249154,8249642,488,mRNA
22459,8248651,8249094,443,mRNA
22460,8251201,8251383,182,CDS
22461,8250798,8251129,331,CDS
22462,8249703,8250729,1026,CDS
22463,8249154,8249642,488,CDS
22464,8248930,8249094,164,CDS
22465,8251201,8251383,182,CDS
22466,8250798,8251129,331,CDS
22467,8249703,8250729,1026,CDS
22468,8249154,8249642,488,CDS
22469,8248930,8249094,164,CDS
22470,8252670,8272462,19792,gene
22471,8252670,8253456,786,mRNA
22472,8264089,8264253,164,mRNA
22473,8265914,8266373,459,mRNA
22474,8266448,8266658,210,mRNA
22475,8267592,8268436,844,mRNA
22476,8268513,8268714,201,mRNA
22477,8268782,8269856,1074,mRNA
22478,8271940,8272462,522,mRNA
22479,8252670,8252887,217,mRNA
22480,8253058,8253456,398,mRNA
22481,8264089,8264253,164,mRNA
22482,8265914,8266373,459,mRNA
22483,8266448,8266658,210,mRNA
22484,8267592,8268436,844,mRNA
22485,8268513,8268714,201,mRNA
22486,8268782,8269856,1074,mRNA
22487,8271940,8272462,522,mRNA
22488,8253424,8253456,32,CDS
22489,8264089,8264253,164,CDS
22490,8265914,8266373,459,CDS
22491,8266448,8266658,210,CDS
22492,8267592,8268436,844,CDS
22493,8268513,8268714,201,CDS
22494,8268782,8269856,1074,CDS
22495,8271940,8272119,179,CDS
22496,8253424,8253456,32,CDS
22497,8264089,8264253,164,CDS
22498,8265914,8266373,459,CDS
22499,8266448,8266658,210,CDS
22500,8267592,8268436,844,CDS
22501,8268513,8268714,201,CDS
22502,8268782,8269856,1074,CDS
22503,8271940,8272119,179,CDS
22504,8269898,8271409,1511,gene
22505,8271163,8271409,246,mRNA
22506,8269898,8270866,968,mRNA
22507,8271163,8271409,246,mRNA
22508,8270030,8270866,836,mRNA
22509,8271163,8271262,99,CDS
22510,8270325,8270866,541,CDS
22511,8271163,8271262,99,CDS
22512,8270325,8270866,541,CDS
22513,8272324,8273806,1482,gene
22514,8273683,8273806,123,mRNA
22515,8272693,8273218,525,mRNA
22516,8272324,8272621,297,mRNA
22517,8272693,8273207,514,CDS
22518,8272495,8272621,126,CDS
22519,8273412,8276450,3038,gene
22520,8273412,8273754,342,mRNA
22521,8274280,8274626,346,mRNA
22522,8274757,8275208,451,mRNA
22523,8275268,8276450,1182,mRNA
22524,8273412,8273754,342,mRNA
22525,8274280,8274626,346,mRNA
22526,8274709,8275208,499,mRNA
22527,8275268,8276201,933,mRNA
22528,8273412,8273754,342,mRNA
22529,8274280,8274626,346,mRNA
22530,8274709,8275208,499,mRNA
22531,8275268,8275420,152,mRNA
22532,8273548,8273754,206,CDS
22533,8274280,8274626,346,CDS
22534,8274709,8275208,499,CDS
22535,8275268,8275362,94,CDS
22536,8273548,8273754,206,CDS
22537,8274280,8274626,346,CDS
22538,8274709,8275208,499,CDS
22539,8275268,8275362,94,CDS
22540,8273548,8273754,206,CDS
22541,8274280,8274626,346,CDS
22542,8274757,8275208,451,CDS
22543,8275268,8275362,94,CDS
22544,8276200,8367169,90969,gene
22545,8366804,8367169,365,mRNA
22546,8365490,8365746,256,mRNA
22547,8329349,8330141,792,mRNA
22548,8307006,8307300,294,mRNA
22549,8306645,8306825,180,mRNA
22550,8301779,8301894,115,mRNA
22551,8292250,8292418,168,mRNA
22552,8287631,8287767,136,mRNA
22553,8286318,8286464,146,mRNA
22554,8286134,8286226,92,mRNA
22555,8285016,8286009,993,mRNA
22556,8276200,8283157,6957,mRNA
22557,8366804,8367169,365,mRNA
22558,8365490,8365746,256,mRNA
22559,8329349,8330141,792,mRNA
22560,8307006,8307300,294,mRNA
22561,8306645,8306825,180,mRNA
22562,8301779,8301894,115,mRNA
22563,8292250,8292418,168,mRNA
22564,8287631,8287767,136,mRNA
22565,8286318,8286464,146,mRNA
22566,8286134,8286226,92,mRNA
22567,8285016,8286009,993,mRNA
22568,8282798,8283157,359,mRNA
22569,8329349,8329403,54,CDS
22570,8307006,8307300,294,CDS
22571,8306645,8306825,180,CDS
22572,8301779,8301894,115,CDS
22573,8292250,8292418,168,CDS
22574,8287631,8287767,136,CDS
22575,8286318,8286464,146,CDS
22576,8286134,8286226,92,CDS
22577,8285016,8286009,993,CDS
22578,8282957,8283157,200,CDS
22579,8329349,8329403,54,CDS
22580,8307006,8307300,294,CDS
22581,8306645,8306825,180,CDS
22582,8301779,8301894,115,CDS
22583,8292250,8292418,168,CDS
22584,8287631,8287767,136,CDS
22585,8286318,8286464,146,CDS
22586,8286134,8286226,92,CDS
22587,8285016,8286009,993,CDS
22588,8282957,8283157,200,CDS
22589,8293303,8296283,2980,mobile_element
22590,8312880,8313171,291,mobile_element
22591,8324491,8325189,698,gene
22592,8324491,8325189,698,ncRNA
22593,8364905,8365235,330,mobile_element
22594,8385781,8389504,3723,gene
22595,8385781,8386315,534,mRNA
22596,8386390,8387574,1184,mRNA
22597,8387644,8388434,790,mRNA
22598,8388491,8388857,366,mRNA
22599,8388957,8389504,547,mRNA
22600,8386189,8386315,126,CDS
22601,8386390,8387574,1184,CDS
22602,8387644,8388434,790,CDS
22603,8388491,8388857,366,CDS
22604,8388957,8389354,397,CDS
22605,8397157,8398298,1141,gene
22606,8397157,8398158,1001,exon
22607,8398216,8398298,82,exon
22608,8398940,8404516,5576,gene
22609,8398940,8400003,1063,mRNA
22610,8400117,8400672,555,mRNA
22611,8400949,8404516,3567,mRNA
22612,8398940,8400003,1063,mRNA
22613,8400117,8400672,555,mRNA
22614,8400949,8403942,2993,mRNA
22615,8399395,8400003,608,CDS
22616,8400117,8400672,555,CDS
22617,8400949,8402564,1615,CDS
22618,8399395,8400003,608,CDS
22619,8400117,8400672,555,CDS
22620,8400949,8402564,1615,CDS
22621,8404535,8407263,2728,gene
22622,8406795,8407263,468,mRNA
22623,8404535,8406586,2051,mRNA
22624,8406795,8406969,174,CDS
22625,8404860,8406586,1726,CDS
22626,8408008,8411658,3650,gene
22627,8409663,8411658,1995,mRNA
22628,8408519,8408778,259,mRNA
22629,8408388,8408446,58,mRNA
22630,8408008,8408324,316,mRNA
22631,8409663,8410098,435,mRNA
22632,8408519,8408778,259,mRNA
22633,8408388,8408446,58,mRNA
22634,8408008,8408324,316,mRNA
22635,8409403,8410098,695,mRNA
22636,8408519,8408778,259,mRNA
22637,8408388,8408446,58,mRNA
22638,8408008,8408324,316,mRNA
22639,8408865,8410098,1233,mRNA
22640,8408519,8408778,259,mRNA
22641,8408388,8408446,58,mRNA
22642,8408008,8408324,316,mRNA
22643,8409272,8433011,23739,gene
22644,8409272,8409364,92,mRNA
22645,8410277,8410689,412,mRNA
22646,8418351,8418426,75,mRNA
22647,8423184,8423669,485,mRNA
22648,8423728,8424035,307,mRNA
22649,8424097,8424315,218,mRNA
22650,8424376,8427887,3511,mRNA
22651,8427947,8428205,258,mRNA
22652,8428277,8429415,1138,mRNA
22653,8429476,8433011,3535,mRNA
22654,8409272,8409364,92,mRNA
22655,8410282,8410689,407,mRNA
22656,8423184,8423575,391,mRNA
22657,8423728,8424035,307,mRNA
22658,8424097,8424315,218,mRNA
22659,8424376,8427887,3511,mRNA
22660,8427947,8428205,258,mRNA
22661,8428277,8429415,1138,mRNA
22662,8429476,8433011,3535,mRNA
22663,8409272,8409364,92,mRNA
22664,8410277,8410689,412,mRNA
22665,8418351,8418426,75,mRNA
22666,8423184,8423575,391,mRNA
22667,8423728,8424035,307,mRNA
22668,8424097,8424315,218,mRNA
22669,8424376,8427887,3511,mRNA
22670,8427947,8428205,258,mRNA
22671,8428277,8429415,1138,mRNA
22672,8429476,8430195,719,mRNA
22673,8409272,8409341,69,mRNA
22674,8410282,8410689,407,mRNA
22675,8418351,8418426,75,mRNA
22676,8423184,8423575,391,mRNA
22677,8423728,8424035,307,mRNA
22678,8424097,8424312,215,mRNA
22679,8424376,8427887,3511,mRNA
22680,8427947,8428205,258,mRNA
22681,8428277,8429415,1138,mRNA
22682,8429476,8429592,116,mRNA
22683,8429659,8430195,536,mRNA
22684,8409753,8409974,221,CDS
22685,8409753,8409974,221,CDS
22686,8409753,8409974,221,CDS
22687,8409753,8409974,221,CDS
22688,8421365,8421655,290,mRNA
22689,8423184,8423669,485,mRNA
22690,8423728,8424035,307,mRNA
22691,8424097,8424315,218,mRNA
22692,8424376,8427887,3511,mRNA
22693,8427947,8428205,258,mRNA
22694,8428277,8429415,1138,mRNA
22695,8429476,8430195,719,mRNA
22696,8421365,8421655,290,mRNA
22697,8423184,8423575,391,mRNA
22698,8423728,8424035,307,mRNA
22699,8424097,8424315,218,mRNA
22700,8424376,8427887,3511,mRNA
22701,8427947,8428205,258,mRNA
22702,8428277,8429415,1138,mRNA
22703,8429476,8430195,719,mRNA
22704,8423565,8423575,10,CDS
22705,8423728,8424035,307,CDS
22706,8424097,8424315,218,CDS
22707,8424376,8427887,3511,CDS
22708,8427947,8428205,258,CDS
22709,8428277,8429115,838,CDS
22710,8423565,8423575,10,CDS
22711,8423728,8424035,307,CDS
22712,8424097,8424315,218,CDS
22713,8424376,8427887,3511,CDS
22714,8427947,8428205,258,CDS
22715,8428277,8429115,838,CDS
22716,8423565,8423575,10,CDS
22717,8423728,8424035,307,CDS
22718,8424097,8424315,218,CDS
22719,8424376,8427887,3511,CDS
22720,8427947,8428205,258,CDS
22721,8428277,8429115,838,CDS
22722,8423565,8423575,10,CDS
22723,8423728,8424035,307,CDS
22724,8424097,8424312,215,CDS
22725,8424376,8427887,3511,CDS
22726,8427947,8428205,258,CDS
22727,8428277,8429115,838,CDS
22728,8427087,8427887,800,CDS
22729,8427947,8428205,258,CDS
22730,8428277,8429115,838,CDS
22731,8427087,8427887,800,CDS
22732,8427947,8428205,258,CDS
22733,8428277,8429115,838,CDS
22734,8433087,8433809,722,gene
22735,8433744,8433809,65,mRNA
22736,8433389,8433673,284,mRNA
22737,8433087,8433335,248,mRNA
22738,8433744,8433794,50,CDS
22739,8433389,8433673,284,CDS
22740,8433120,8433335,215,CDS
22741,8433923,8437820,3897,gene
22742,8436273,8437820,1547,mRNA
22743,8435018,8436211,1193,mRNA
22744,8433923,8434953,1030,mRNA
22745,8436273,8436801,528,mRNA
22746,8435018,8436211,1193,mRNA
22747,8433923,8434953,1030,mRNA
22748,8436273,8436801,528,mRNA
22749,8435018,8436211,1193,mRNA
22750,8434391,8434953,562,mRNA
22751,8436273,8436347,74,CDS
22752,8435018,8436211,1193,CDS
22753,8434645,8434953,308,CDS
22754,8436273,8436347,74,CDS
22755,8435018,8436211,1193,CDS
22756,8434645,8434953,308,CDS
22757,8436273,8436347,74,CDS
22758,8435018,8436211,1193,CDS
22759,8434645,8434953,308,CDS
22760,8437057,8441264,4207,gene
22761,8437057,8437294,237,mRNA
22762,8438920,8439758,838,mRNA
22763,8439819,8440294,475,mRNA
22764,8440361,8440481,120,mRNA
22765,8440545,8441264,719,mRNA
22766,8437057,8437294,237,mRNA
22767,8439109,8439758,649,mRNA
22768,8439819,8440294,475,mRNA
22769,8440361,8440481,120,mRNA
22770,8440545,8440936,391,mRNA
22771,8437291,8437294,3,CDS
22772,8438920,8439758,838,CDS
22773,8439819,8440294,475,CDS
22774,8440361,8440481,120,CDS
22775,8440545,8440760,215,CDS
22776,8437291,8437294,3,CDS
22777,8439109,8439758,649,CDS
22778,8439819,8440294,475,CDS
22779,8440361,8440481,120,CDS
22780,8440545,8440760,215,CDS
22781,8438708,8439758,1050,mRNA
22782,8439819,8440294,475,mRNA
22783,8440361,8440481,120,mRNA
22784,8440545,8440936,391,mRNA
22785,8438708,8439037,329,mRNA
22786,8439109,8439758,649,mRNA
22787,8439819,8440294,475,mRNA
22788,8440361,8440481,120,mRNA
22789,8440545,8440936,391,mRNA
22790,8439036,8439758,722,CDS
22791,8439819,8440294,475,CDS
22792,8440361,8440481,120,CDS
22793,8440545,8440760,215,CDS
22794,8439465,8439758,293,CDS
22795,8439819,8440294,475,CDS
22796,8440361,8440481,120,CDS
22797,8440545,8440760,215,CDS
22798,8441247,8442348,1101,gene
22799,8441742,8442348,606,mRNA
22800,8441247,8441683,436,mRNA
22801,8441742,8442125,383,CDS
22802,8441411,8441683,272,CDS
22803,8447691,8455069,7378,gene
22804,8454132,8455069,937,mRNA
22805,8451892,8452280,388,mRNA
22806,8451583,8451815,232,mRNA
22807,8451357,8451513,156,mRNA
22808,8451098,8451259,161,mRNA
22809,8450104,8450171,67,mRNA
22810,8447691,8449160,1469,mRNA
22811,8454132,8454869,737,mRNA
22812,8451892,8452280,388,mRNA
22813,8451583,8451815,232,mRNA
22814,8451357,8451513,156,mRNA
22815,8451098,8451259,161,mRNA
22816,8450104,8450171,67,mRNA
22817,8447841,8449160,1319,mRNA
22818,8454132,8454294,162,CDS
22819,8451892,8452280,388,CDS
22820,8451583,8451815,232,CDS
22821,8451357,8451513,156,CDS
22822,8451098,8451259,161,CDS
22823,8450104,8450171,67,CDS
22824,8448233,8449160,927,CDS
22825,8454132,8454294,162,CDS
22826,8451892,8452280,388,CDS
22827,8451583,8451815,232,CDS
22828,8451357,8451513,156,CDS
22829,8451098,8451259,161,CDS
22830,8450104,8450171,67,CDS
22831,8448233,8449160,927,CDS
22832,8456837,8457632,795,gene
22833,8456837,8457632,795,mRNA
22834,8456929,8457632,703,mRNA
22835,8457006,8457560,554,CDS
22836,8457006,8457560,554,CDS
22837,8458494,8460898,2404,gene
22838,8460766,8460898,132,mRNA
22839,8459224,8459337,113,mRNA
22840,8458494,8459169,675,mRNA
22841,8460766,8460898,132,mRNA
22842,8459224,8459382,158,mRNA
22843,8458494,8459169,675,mRNA
22844,8460766,8460823,57,CDS
22845,8459224,8459337,113,CDS
22846,8458697,8459169,472,CDS
22847,8460766,8460823,57,CDS
22848,8459224,8459382,158,CDS
22849,8458697,8459169,472,CDS
22850,8459839,8460442,603,mobile_element
22851,8461479,8463349,1870,gene
22852,8461479,8461922,443,mRNA
22853,8462065,8463349,1284,mRNA
22854,8461571,8461922,351,CDS
22855,8462065,8463218,1153,CDS
22856,8463296,8464438,1142,gene
22857,8463296,8464438,1142,mRNA
22858,8463521,8464306,785,CDS
22859,8465690,8483885,18195,gene
22860,8483586,8483885,299,mRNA
22861,8465690,8466503,813,mRNA
22862,8465690,8466378,688,mRNA
22863,8465758,8466312,554,CDS
22864,8465758,8466312,554,CDS
22865,8467443,8469012,1569,gene
22866,8467443,8469012,1569,mRNA
22867,8467933,8468754,821,CDS
22868,8470888,8473087,2199,gene
22869,8470888,8470976,88,mRNA
22870,8471383,8471571,188,mRNA
22871,8472264,8472355,91,mRNA
22872,8472425,8473087,662,mRNA
22873,8470920,8470976,56,CDS
22874,8471383,8471571,188,CDS
22875,8472264,8472355,91,CDS
22876,8472425,8472968,543,CDS
22877,8473837,8476071,2234,gene
22878,8473837,8474201,364,mRNA
22879,8474344,8476071,1727,mRNA
22880,8473837,8474201,364,mRNA
22881,8474344,8474404,60,mRNA
22882,8475723,8476071,348,mRNA
22883,8473874,8474201,327,CDS
22884,8474344,8474404,60,CDS
22885,8475723,8475753,30,CDS
22886,8473874,8474201,327,CDS
22887,8474344,8475518,1174,CDS
22888,8477117,8478320,1203,gene
22889,8477117,8477195,78,mRNA
22890,8477268,8478320,1052,mRNA
22891,8477127,8477195,68,CDS
22892,8477268,8478164,896,CDS
22893,8479319,8480523,1204,gene
22894,8479319,8479404,85,mRNA
22895,8479494,8480523,1029,mRNA
22896,8479357,8479404,47,CDS
22897,8479494,8480300,806,CDS
22898,8481837,8483311,1474,gene
22899,8481837,8481958,121,mRNA
22900,8482185,8483311,1126,mRNA
22901,8481837,8481958,121,mRNA
22902,8482185,8483174,989,mRNA
22903,8481914,8481958,44,CDS
22904,8482185,8483060,875,CDS
22905,8481914,8481958,44,CDS
22906,8482185,8483060,875,CDS
22907,8484194,8484580,386,gene
22908,8484194,8484279,85,ncRNA
22909,8484424,8484580,156,ncRNA
22910,8485008,8489535,4527,gene
22911,8489469,8489535,66,mRNA
22912,8488604,8488838,234,mRNA
22913,8488444,8488541,97,mRNA
22914,8488220,8488374,154,mRNA
22915,8487767,8488162,395,mRNA
22916,8487577,8487713,136,mRNA
22917,8485749,8486993,1244,mRNA
22918,8485008,8485680,672,mRNA
22919,8489374,8489535,161,mRNA
22920,8488604,8488838,234,mRNA
22921,8488444,8488541,97,mRNA
22922,8488220,8488374,154,mRNA
22923,8487767,8488162,395,mRNA
22924,8487577,8487713,136,mRNA
22925,8485749,8486993,1244,mRNA
22926,8485008,8485680,672,mRNA
22927,8489374,8489535,161,mRNA
22928,8488604,8488838,234,mRNA
22929,8488444,8488541,97,mRNA
22930,8488220,8488374,154,mRNA
22931,8487767,8488162,395,mRNA
22932,8487577,8487713,136,mRNA
22933,8487257,8487382,125,mRNA
22934,8485749,8486993,1244,mRNA
22935,8485008,8485680,672,mRNA
22936,8489374,8489535,161,mRNA
22937,8488604,8488852,248,mRNA
22938,8488444,8488541,97,mRNA
22939,8488220,8488374,154,mRNA
22940,8487767,8488162,395,mRNA
22941,8487577,8487713,136,mRNA
22942,8487257,8487382,125,mRNA
22943,8485749,8486993,1244,mRNA
22944,8485008,8485680,672,mRNA
22945,8488944,8489122,178,mRNA
22946,8488604,8488838,234,mRNA
22947,8488444,8488541,97,mRNA
22948,8488220,8488374,154,mRNA
22949,8487767,8488162,395,mRNA
22950,8487577,8487713,136,mRNA
22951,8485749,8486993,1244,mRNA
22952,8485008,8485680,672,mRNA
22953,8488604,8488831,227,CDS
22954,8488444,8488541,97,CDS
22955,8488220,8488374,154,CDS
22956,8487767,8488162,395,CDS
22957,8487577,8487713,136,CDS
22958,8485749,8486993,1244,CDS
22959,8485504,8485680,176,CDS
22960,8488604,8488831,227,CDS
22961,8488444,8488541,97,CDS
22962,8488220,8488374,154,CDS
22963,8487767,8488162,395,CDS
22964,8487577,8487713,136,CDS
22965,8485749,8486993,1244,CDS
22966,8485504,8485680,176,CDS
22967,8488604,8488831,227,CDS
22968,8488444,8488541,97,CDS
22969,8488220,8488374,154,CDS
22970,8487767,8488162,395,CDS
22971,8487577,8487713,136,CDS
22972,8485749,8486993,1244,CDS
22973,8485504,8485680,176,CDS
22974,8488604,8488831,227,CDS
22975,8488444,8488541,97,CDS
22976,8488220,8488374,154,CDS
22977,8487767,8488162,395,CDS
22978,8487577,8487713,136,CDS
22979,8487257,8487382,125,CDS
22980,8485749,8486993,1244,CDS
22981,8485504,8485680,176,CDS
22982,8488604,8488831,227,CDS
22983,8488444,8488541,97,CDS
22984,8488220,8488374,154,CDS
22985,8487767,8488162,395,CDS
22986,8487577,8487713,136,CDS
22987,8487257,8487382,125,CDS
22988,8485749,8486993,1244,CDS
22989,8485504,8485680,176,CDS
22990,8489348,8517029,27681,gene
22991,8489348,8489637,289,mRNA
22992,8509456,8510118,662,mRNA
22993,8510225,8510704,479,mRNA
22994,8512353,8512750,397,mRNA
22995,8513911,8514235,324,mRNA
22996,8514307,8514453,146,mRNA
22997,8514524,8514671,147,mRNA
22998,8515189,8515394,205,mRNA
22999,8515464,8515612,148,mRNA
23000,8515723,8517029,1306,mRNA
23001,8489815,8490015,200,mRNA
23002,8491948,8492030,82,mRNA
23003,8509456,8510118,662,mRNA
23004,8510225,8510704,479,mRNA
23005,8512353,8512750,397,mRNA
23006,8513911,8514235,324,mRNA
23007,8514307,8514453,146,mRNA
23008,8514524,8514671,147,mRNA
23009,8515189,8515394,205,mRNA
23010,8515464,8515612,148,mRNA
23011,8515723,8517029,1306,mRNA
23012,8489815,8490015,200,mRNA
23013,8509456,8510118,662,mRNA
23014,8510225,8510704,479,mRNA
23015,8512353,8512750,397,mRNA
23016,8513911,8514235,324,mRNA
23017,8514307,8514453,146,mRNA
23018,8514524,8514671,147,mRNA
23019,8515189,8515394,205,mRNA
23020,8515464,8515612,148,mRNA
23021,8515723,8516100,377,mRNA
23022,8489815,8490015,200,mRNA
23023,8509456,8509466,10,mRNA
23024,8510570,8510704,134,mRNA
23025,8511090,8511400,310,mRNA
23026,8512353,8512750,397,mRNA
23027,8513911,8514235,324,mRNA
23028,8514307,8514453,146,mRNA
23029,8514524,8514671,147,mRNA
23030,8515189,8515394,205,mRNA
23031,8515464,8515612,148,mRNA
23032,8515723,8516100,377,mRNA
23033,8491345,8491436,91,mRNA
23034,8491948,8492030,82,mRNA
23035,8509456,8510118,662,mRNA
23036,8510225,8510704,479,mRNA
23037,8512431,8512750,319,mRNA
23038,8513911,8514235,324,mRNA
23039,8514307,8514453,146,mRNA
23040,8514524,8514671,147,mRNA
23041,8515189,8515394,205,mRNA
23042,8515464,8515612,148,mRNA
23043,8515723,8517029,1306,mRNA
23044,8491345,8491436,91,mRNA
23045,8491948,8492030,82,mRNA
23046,8512353,8512750,397,mRNA
23047,8513911,8514235,324,mRNA
23048,8514307,8514453,146,mRNA
23049,8514524,8514671,147,mRNA
23050,8515189,8515394,205,mRNA
23051,8515464,8515612,148,mRNA
23052,8515723,8516100,377,mRNA
23053,8491955,8492030,75,CDS
23054,8512353,8512750,397,CDS
23055,8513911,8514235,324,CDS
23056,8514307,8514453,146,CDS
23057,8514524,8514671,147,CDS
23058,8515189,8515394,205,CDS
23059,8515464,8515612,148,CDS
23060,8515723,8515926,203,CDS
23061,8502366,8502774,408,mRNA
23062,8509456,8510118,662,mRNA
23063,8510225,8510704,479,mRNA
23064,8512353,8512750,397,mRNA
23065,8513911,8514235,324,mRNA
23066,8514307,8514453,146,mRNA
23067,8514524,8514671,147,mRNA
23068,8515189,8515394,205,mRNA
23069,8515464,8515612,148,mRNA
23070,8515723,8517029,1306,mRNA
23071,8509677,8510704,1027,mRNA
23072,8512353,8512750,397,mRNA
23073,8513911,8514235,324,mRNA
23074,8514307,8514453,146,mRNA
23075,8514524,8514671,147,mRNA
23076,8515189,8515394,205,mRNA
23077,8515464,8515612,148,mRNA
23078,8515723,8517029,1306,mRNA
23079,8510085,8510118,33,CDS
23080,8510225,8510704,479,CDS
23081,8512353,8512750,397,CDS
23082,8513911,8514235,324,CDS
23083,8514307,8514453,146,CDS
23084,8514524,8514671,147,CDS
23085,8515189,8515394,205,CDS
23086,8515464,8515612,148,CDS
23087,8515723,8515926,203,CDS
23088,8510085,8510118,33,CDS
23089,8510225,8510704,479,CDS
23090,8512353,8512750,397,CDS
23091,8513911,8514235,324,CDS
23092,8514307,8514453,146,CDS
23093,8514524,8514671,147,CDS
23094,8515189,8515394,205,CDS
23095,8515464,8515612,148,CDS
23096,8515723,8515926,203,CDS
23097,8510085,8510118,33,CDS
23098,8510225,8510704,479,CDS
23099,8512353,8512750,397,CDS
23100,8513911,8514235,324,CDS
23101,8514307,8514453,146,CDS
23102,8514524,8514671,147,CDS
23103,8515189,8515394,205,CDS
23104,8515464,8515612,148,CDS
23105,8515723,8515926,203,CDS
23106,8510085,8510118,33,CDS
23107,8510225,8510704,479,CDS
23108,8512353,8512750,397,CDS
23109,8513911,8514235,324,CDS
23110,8514307,8514453,146,CDS
23111,8514524,8514671,147,CDS
23112,8515189,8515394,205,CDS
23113,8515464,8515612,148,CDS
23114,8515723,8515926,203,CDS
23115,8510085,8510118,33,CDS
23116,8510225,8510704,479,CDS
23117,8512431,8512750,319,CDS
23118,8513911,8514235,324,CDS
23119,8514307,8514453,146,CDS
23120,8514524,8514671,147,CDS
23121,8515189,8515394,205,CDS
23122,8515464,8515612,148,CDS
23123,8515723,8515926,203,CDS
23124,8510242,8510704,462,CDS
23125,8512353,8512750,397,CDS
23126,8513911,8514235,324,CDS
23127,8514307,8514453,146,CDS
23128,8514524,8514671,147,CDS
23129,8515189,8515394,205,CDS
23130,8515464,8515612,148,CDS
23131,8515723,8515926,203,CDS
23132,8511397,8511400,3,CDS
23133,8512353,8512750,397,CDS
23134,8513911,8514235,324,CDS
23135,8514307,8514453,146,CDS
23136,8514524,8514671,147,CDS
23137,8515189,8515394,205,CDS
23138,8515464,8515612,148,CDS
23139,8515723,8515926,203,CDS
23140,8517373,8555170,37797,gene
23141,8517373,8517420,47,mRNA
23142,8531697,8532019,322,mRNA
23143,8532335,8532464,129,mRNA
23144,8544850,8547663,2813,mRNA
23145,8547738,8547905,167,mRNA
23146,8547978,8548355,377,mRNA
23147,8548422,8548525,103,mRNA
23148,8551750,8555170,3420,mRNA
23149,8517373,8517420,47,mRNA
23150,8531697,8532019,322,mRNA
23151,8532335,8532464,129,mRNA
23152,8544850,8547663,2813,mRNA
23153,8547738,8547905,167,mRNA
23154,8547978,8548355,377,mRNA
23155,8548422,8548525,103,mRNA
23156,8551750,8553332,1582,mRNA
23157,8517373,8517420,47,mRNA
23158,8531697,8532019,322,mRNA
23159,8532335,8532464,129,mRNA
23160,8544850,8547663,2813,mRNA
23161,8547738,8547905,167,mRNA
23162,8547978,8548355,377,mRNA
23163,8548422,8548525,103,mRNA
23164,8550083,8551207,1124,mRNA
23165,8517430,8517634,204,mRNA
23166,8531697,8532019,322,mRNA
23167,8532335,8532464,129,mRNA
23168,8544850,8547663,2813,mRNA
23169,8547738,8547905,167,mRNA
23170,8547978,8548355,377,mRNA
23171,8548422,8548525,103,mRNA
23172,8551750,8552119,369,mRNA
23173,8517430,8517634,204,mRNA
23174,8531697,8532019,322,mRNA
23175,8532335,8532464,129,mRNA
23176,8544850,8547663,2813,mRNA
23177,8547738,8547905,167,mRNA
23178,8547978,8548355,377,mRNA
23179,8548422,8548525,103,mRNA
23180,8550083,8551207,1124,mRNA
23181,8517488,8517509,21,mRNA
23182,8531697,8532019,322,mRNA
23183,8532335,8532464,129,mRNA
23184,8544850,8547663,2813,mRNA
23185,8547738,8547905,167,mRNA
23186,8547978,8548355,377,mRNA
23187,8548422,8548525,103,mRNA
23188,8549018,8549356,338,mRNA
23189,8550083,8551207,1124,mRNA
23190,8517488,8517509,21,mRNA
23191,8531697,8532019,322,mRNA
23192,8532335,8532464,129,mRNA
23193,8544850,8547663,2813,mRNA
23194,8547738,8547905,167,mRNA
23195,8547978,8548355,377,mRNA
23196,8548422,8548525,103,mRNA
23197,8550083,8551207,1124,mRNA
23198,8517509,8518398,889,mRNA
23199,8531525,8532019,494,mRNA
23200,8532335,8532464,129,mRNA
23201,8544850,8547663,2813,mRNA
23202,8547738,8547905,167,mRNA
23203,8547978,8548355,377,mRNA
23204,8548422,8548525,103,mRNA
23205,8550083,8550375,292,mRNA
23206,8517741,8517757,16,mRNA
23207,8531697,8532019,322,mRNA
23208,8532335,8532464,129,mRNA
23209,8544850,8547663,2813,mRNA
23210,8547738,8547905,167,mRNA
23211,8547978,8548355,377,mRNA
23212,8548422,8548525,103,mRNA
23213,8550083,8551207,1124,mRNA
23214,8525387,8529698,4311,gene
23215,8529312,8529698,386,mRNA
23216,8525849,8529163,3314,mRNA
23217,8525387,8525773,386,mRNA
23218,8529312,8529525,213,CDS
23219,8525849,8529163,3314,CDS
23220,8525715,8525773,58,CDS
23221,8531947,8532019,72,CDS
23222,8532335,8532464,129,CDS
23223,8544850,8547663,2813,CDS
23224,8547738,8547905,167,CDS
23225,8547978,8548355,377,CDS
23226,8548422,8548525,103,CDS
23227,8551750,8551991,241,CDS
23228,8531947,8532019,72,CDS
23229,8532335,8532464,129,CDS
23230,8544850,8547663,2813,CDS
23231,8547738,8547905,167,CDS
23232,8547978,8548355,377,CDS
23233,8548422,8548525,103,CDS
23234,8551750,8551991,241,CDS
23235,8531947,8532019,72,CDS
23236,8532335,8532464,129,CDS
23237,8544850,8547663,2813,CDS
23238,8547738,8547905,167,CDS
23239,8547978,8548355,377,CDS
23240,8548422,8548525,103,CDS
23241,8551750,8551991,241,CDS
23242,8531947,8532019,72,CDS
23243,8532335,8532464,129,CDS
23244,8544850,8547663,2813,CDS
23245,8547738,8547905,167,CDS
23246,8547978,8548355,377,CDS
23247,8548422,8548525,103,CDS
23248,8550083,8550135,52,CDS
23249,8531947,8532019,72,CDS
23250,8532335,8532464,129,CDS
23251,8544850,8547663,2813,CDS
23252,8547738,8547905,167,CDS
23253,8547978,8548355,377,CDS
23254,8548422,8548525,103,CDS
23255,8550083,8550135,52,CDS
23256,8531947,8532019,72,CDS
23257,8532335,8532464,129,CDS
23258,8544850,8547663,2813,CDS
23259,8547738,8547905,167,CDS
23260,8547978,8548355,377,CDS
23261,8548422,8548525,103,CDS
23262,8550083,8550135,52,CDS
23263,8531947,8532019,72,CDS
23264,8532335,8532464,129,CDS
23265,8544850,8547663,2813,CDS
23266,8547738,8547905,167,CDS
23267,8547978,8548355,377,CDS
23268,8548422,8548525,103,CDS
23269,8550083,8550135,52,CDS
23270,8531947,8532019,72,CDS
23271,8532335,8532464,129,CDS
23272,8544850,8547663,2813,CDS
23273,8547738,8547905,167,CDS
23274,8547978,8548355,377,CDS
23275,8548422,8548525,103,CDS
23276,8550083,8550135,52,CDS
23277,8531947,8532019,72,CDS
23278,8532335,8532464,129,CDS
23279,8544850,8547663,2813,CDS
23280,8547738,8547905,167,CDS
23281,8547978,8548355,377,CDS
23282,8548422,8548525,103,CDS
23283,8549018,8549280,262,CDS
23284,8555239,8558781,3542,gene
23285,8556596,8558781,2185,mRNA
23286,8555239,8556518,1279,mRNA
23287,8556596,8558698,2102,CDS
23288,8555553,8556518,965,CDS
23289,8558879,8560192,1313,gene
23290,8559921,8560192,271,mRNA
23291,8559653,8559858,205,mRNA
23292,8559426,8559579,153,mRNA
23293,8558879,8559363,484,mRNA
23294,8559921,8560186,265,mRNA
23295,8559653,8559843,190,mRNA
23296,8559426,8559579,153,mRNA
23297,8558879,8559363,484,mRNA
23298,8559921,8560023,102,CDS
23299,8559653,8559843,190,CDS
23300,8559426,8559579,153,CDS
23301,8559221,8559363,142,CDS
23302,8559921,8560023,102,CDS
23303,8559653,8559858,205,CDS
23304,8559426,8559579,153,CDS
23305,8559221,8559363,142,CDS
23306,8560322,8570159,9837,gene
23307,8560322,8560813,491,mRNA
23308,8563153,8564375,1222,mRNA
23309,8564484,8565164,680,mRNA
23310,8565377,8566056,679,mRNA
23311,8566297,8567620,1323,mRNA
23312,8560629,8560958,329,mRNA
23313,8563153,8564375,1222,mRNA
23314,8564484,8565164,680,mRNA
23315,8565377,8566056,679,mRNA
23316,8566297,8567620,1323,mRNA
23317,8560629,8560813,184,mRNA
23318,8563153,8563547,394,mRNA
23319,8563660,8564375,715,mRNA
23320,8564484,8565164,680,mRNA
23321,8565377,8566056,679,mRNA
23322,8566297,8567620,1323,mRNA
23323,8560895,8561259,364,mRNA
23324,8563153,8564375,1222,mRNA
23325,8564484,8565164,680,mRNA
23326,8565377,8566056,679,mRNA
23327,8566297,8570159,3862,mRNA
23328,8560895,8561066,171,mRNA
23329,8563153,8563547,394,mRNA
23330,8563660,8564375,715,mRNA
23331,8564484,8565164,680,mRNA
23332,8565377,8566056,679,mRNA
23333,8566297,8570159,3862,mRNA
23334,8560895,8561191,296,mRNA
23335,8563153,8564375,1222,mRNA
23336,8564484,8565164,680,mRNA
23337,8565377,8566056,679,mRNA
23338,8566297,8567620,1323,mRNA
23339,8561695,8561761,66,mRNA
23340,8563153,8564375,1222,mRNA
23341,8564484,8565164,680,mRNA
23342,8565377,8566056,679,mRNA
23343,8566297,8567620,1323,mRNA
23344,8563373,8564375,1002,CDS
23345,8564484,8565164,680,CDS
23346,8565377,8566056,679,CDS
23347,8566297,8566938,641,CDS
23348,8563373,8564375,1002,CDS
23349,8564484,8565164,680,CDS
23350,8565377,8566056,679,CDS
23351,8566297,8566938,641,CDS
23352,8563373,8564375,1002,CDS
23353,8564484,8565164,680,CDS
23354,8565377,8566056,679,CDS
23355,8566297,8566938,641,CDS
23356,8563373,8564375,1002,CDS
23357,8564484,8565164,680,CDS
23358,8565377,8566056,679,CDS
23359,8566297,8566938,641,CDS
23360,8563373,8564375,1002,CDS
23361,8564484,8565164,680,CDS
23362,8565377,8566056,679,CDS
23363,8566297,8566938,641,CDS
23364,8563970,8564375,405,CDS
23365,8564484,8565164,680,CDS
23366,8565377,8566056,679,CDS
23367,8566297,8566938,641,CDS
23368,8563970,8564375,405,CDS
23369,8564484,8565164,680,CDS
23370,8565377,8566056,679,CDS
23371,8566297,8566938,641,CDS
23372,8564408,8565178,770,gene
23373,8564408,8565178,770,ncRNA
23374,8570208,8570948,740,gene
23375,8570811,8570948,137,mRNA
23376,8570208,8570744,536,mRNA
23377,8570811,8570948,137,mRNA
23378,8570252,8570744,492,mRNA
23379,8570811,8570922,111,CDS
23380,8570290,8570744,454,CDS
23381,8570811,8570922,111,CDS
23382,8570290,8570744,454,CDS
23383,8571099,8573593,2494,gene
23384,8573562,8573593,31,mRNA
23385,8572828,8572999,171,mRNA
23386,8572459,8572713,254,mRNA
23387,8572091,8572307,216,mRNA
23388,8571099,8571968,869,mRNA
23389,8573529,8573593,64,mRNA
23390,8572828,8572999,171,mRNA
23391,8572459,8572713,254,mRNA
23392,8572091,8572307,216,mRNA
23393,8571099,8571968,869,mRNA
23394,8573513,8573593,80,mRNA
23395,8572828,8572999,171,mRNA
23396,8572459,8572713,254,mRNA
23397,8572091,8572307,216,mRNA
23398,8571099,8571968,869,mRNA
23399,8572828,8573060,232,mRNA
23400,8572459,8572713,254,mRNA
23401,8572091,8572307,216,mRNA
23402,8571099,8571968,869,mRNA
23403,8572828,8572906,78,CDS
23404,8572459,8572713,254,CDS
23405,8572091,8572307,216,CDS
23406,8571338,8571968,630,CDS
23407,8572828,8572906,78,CDS
23408,8572459,8572713,254,CDS
23409,8572091,8572307,216,CDS
23410,8571338,8571968,630,CDS
23411,8572828,8572906,78,CDS
23412,8572459,8572713,254,CDS
23413,8572091,8572307,216,CDS
23414,8571338,8571968,630,CDS
23415,8572828,8572906,78,CDS
23416,8572459,8572713,254,CDS
23417,8572091,8572307,216,CDS
23418,8571338,8571968,630,CDS
23419,8574306,8588528,14222,gene
23420,8574306,8574407,101,mRNA
23421,8575348,8575490,142,mRNA
23422,8583541,8584255,714,mRNA
23423,8584456,8584575,119,mRNA
23424,8585810,8585918,108,mRNA
23425,8585986,8586245,259,mRNA
23426,8587258,8587525,267,mRNA
23427,8587588,8588528,940,mRNA
23428,8574306,8574407,101,mRNA
23429,8575351,8575490,139,mRNA
23430,8583541,8584255,714,mRNA
23431,8584456,8584575,119,mRNA
23432,8584843,8584923,80,mRNA
23433,8585810,8585918,108,mRNA
23434,8585986,8586245,259,mRNA
23435,8586552,8586608,56,mRNA
23436,8587258,8587525,267,mRNA
23437,8587588,8588528,940,mRNA
23438,8574306,8574407,101,mRNA
23439,8575351,8575490,139,mRNA
23440,8583541,8584255,714,mRNA
23441,8584456,8584575,119,mRNA
23442,8585810,8585918,108,mRNA
23443,8585986,8586245,259,mRNA
23444,8587258,8587525,267,mRNA
23445,8587588,8588528,940,mRNA
23446,8574306,8574407,101,mRNA
23447,8575354,8575490,136,mRNA
23448,8583541,8584255,714,mRNA
23449,8584456,8584575,119,mRNA
23450,8585810,8585918,108,mRNA
23451,8585986,8586245,259,mRNA
23452,8587258,8587525,267,mRNA
23453,8587588,8588528,940,mRNA
23454,8574306,8574407,101,mRNA
23455,8583541,8584255,714,mRNA
23456,8584456,8584575,119,mRNA
23457,8584843,8584923,80,mRNA
23458,8585810,8585918,108,mRNA
23459,8585986,8586245,259,mRNA
23460,8586552,8586608,56,mRNA
23461,8587258,8587525,267,mRNA
23462,8587588,8588528,940,mRNA
23463,8574306,8574407,101,mRNA
23464,8583541,8584255,714,mRNA
23465,8584456,8584575,119,mRNA
23466,8585810,8585918,108,mRNA
23467,8585986,8586245,259,mRNA
23468,8587258,8587525,267,mRNA
23469,8587588,8588528,940,mRNA
23470,8583667,8584255,588,CDS
23471,8584456,8584575,119,CDS
23472,8584843,8584923,80,CDS
23473,8585810,8585918,108,CDS
23474,8585986,8586245,259,CDS
23475,8586552,8586608,56,CDS
23476,8587258,8587525,267,CDS
23477,8587588,8588167,579,CDS
23478,8583667,8584255,588,CDS
23479,8584456,8584575,119,CDS
23480,8584843,8584923,80,CDS
23481,8585810,8585918,108,CDS
23482,8585986,8586245,259,CDS
23483,8586552,8586608,56,CDS
23484,8587258,8587525,267,CDS
23485,8587588,8588167,579,CDS
23486,8583667,8584255,588,CDS
23487,8584456,8584575,119,CDS
23488,8585810,8585918,108,CDS
23489,8585986,8586245,259,CDS
23490,8587258,8587525,267,CDS
23491,8587588,8588167,579,CDS
23492,8583667,8584255,588,CDS
23493,8584456,8584575,119,CDS
23494,8585810,8585918,108,CDS
23495,8585986,8586245,259,CDS
23496,8587258,8587525,267,CDS
23497,8587588,8588167,579,CDS
23498,8583667,8584255,588,CDS
23499,8584456,8584575,119,CDS
23500,8585810,8585918,108,CDS
23501,8585986,8586245,259,CDS
23502,8587258,8587525,267,CDS
23503,8587588,8588167,579,CDS
23504,8583667,8584255,588,CDS
23505,8584456,8584575,119,CDS
23506,8585810,8585918,108,CDS
23507,8585986,8586245,259,CDS
23508,8587258,8587525,267,CDS
23509,8587588,8588167,579,CDS
23510,8588811,8590774,1963,gene
23511,8588811,8590774,1963,mRNA
23512,8588811,8590710,1899,mRNA
23513,8589151,8590362,1211,CDS
23514,8589151,8590362,1211,CDS
23515,8590775,8591729,954,gene
23516,8591562,8591729,167,mRNA
23517,8590775,8591502,727,mRNA
23518,8591562,8591694,132,CDS
23519,8591303,8591502,199,CDS
23520,8592031,8602036,10005,gene
23521,8592031,8592591,560,mRNA
23522,8593480,8593796,316,mRNA
23523,8594093,8594639,546,mRNA
23524,8594698,8594848,150,mRNA
23525,8594911,8595182,271,mRNA
23526,8595248,8595461,213,mRNA
23527,8595538,8595858,320,mRNA
23528,8595928,8597354,1426,mRNA
23529,8597412,8597714,302,mRNA
23530,8598074,8598154,80,mRNA
23531,8599031,8599463,432,mRNA
23532,8599528,8599989,461,mRNA
23533,8600062,8600246,184,mRNA
23534,8600310,8602036,1726,mRNA
23535,8592031,8592591,560,mRNA
23536,8593480,8593796,316,mRNA
23537,8594093,8594639,546,mRNA
23538,8594698,8594848,150,mRNA
23539,8594911,8595182,271,mRNA
23540,8595248,8595461,213,mRNA
23541,8595538,8595858,320,mRNA
23542,8595928,8597354,1426,mRNA
23543,8597412,8597714,302,mRNA
23544,8598074,8598154,80,mRNA
23545,8599031,8599463,432,mRNA
23546,8599528,8599989,461,mRNA
23547,8600062,8600246,184,mRNA
23548,8600310,8601231,921,mRNA
23549,8592031,8592591,560,mRNA
23550,8593480,8593796,316,mRNA
23551,8594093,8594639,546,mRNA
23552,8594698,8594848,150,mRNA
23553,8594911,8595182,271,mRNA
23554,8595248,8595461,213,mRNA
23555,8595538,8595858,320,mRNA
23556,8595928,8597354,1426,mRNA
23557,8597412,8597714,302,mRNA
23558,8599031,8599463,432,mRNA
23559,8599528,8599989,461,mRNA
23560,8600062,8600246,184,mRNA
23561,8600310,8601231,921,mRNA
23562,8593496,8593796,300,CDS
23563,8594093,8594639,546,CDS
23564,8594698,8594848,150,CDS
23565,8594911,8595182,271,CDS
23566,8595248,8595461,213,CDS
23567,8595538,8595858,320,CDS
23568,8595928,8597354,1426,CDS
23569,8597412,8597714,302,CDS
23570,8598074,8598154,80,CDS
23571,8599031,8599463,432,CDS
23572,8599528,8599989,461,CDS
23573,8600062,8600246,184,CDS
23574,8600310,8600628,318,CDS
23575,8593496,8593796,300,CDS
23576,8594093,8594639,546,CDS
23577,8594698,8594848,150,CDS
23578,8594911,8595182,271,CDS
23579,8595248,8595461,213,CDS
23580,8595538,8595858,320,CDS
23581,8595928,8597354,1426,CDS
23582,8597412,8597714,302,CDS
23583,8598074,8598154,80,CDS
23584,8599031,8599463,432,CDS
23585,8599528,8599989,461,CDS
23586,8600062,8600246,184,CDS
23587,8600310,8600628,318,CDS
23588,8593496,8593796,300,CDS
23589,8594093,8594639,546,CDS
23590,8594698,8594848,150,CDS
23591,8594911,8595182,271,CDS
23592,8595248,8595461,213,CDS
23593,8595538,8595858,320,CDS
23594,8595928,8597354,1426,CDS
23595,8597412,8597714,302,CDS
23596,8599031,8599463,432,CDS
23597,8599528,8599989,461,CDS
23598,8600062,8600246,184,CDS
23599,8600310,8600628,318,CDS
23600,8602137,8606304,4167,gene
23601,8603950,8606304,2354,mRNA
23602,8603717,8603886,169,mRNA
23603,8602137,8603654,1517,mRNA
23604,8603950,8606188,2238,CDS
23605,8603717,8603886,169,CDS
23606,8602512,8603654,1142,CDS
23607,8630159,8650681,20522,gene
23608,8650375,8650681,306,mRNA
23609,8642466,8642867,401,mRNA
23610,8640360,8640514,154,mRNA
23611,8630159,8633962,3803,mRNA
23612,8650094,8650681,587,mRNA
23613,8642466,8642867,401,mRNA
23614,8640360,8640514,154,mRNA
23615,8630159,8633962,3803,mRNA
23616,8650094,8650681,587,mRNA
23617,8642466,8642867,401,mRNA
23618,8640360,8640514,154,mRNA
23619,8630159,8633962,3803,mRNA
23620,8650094,8650681,587,mRNA
23621,8642466,8642867,401,mRNA
23622,8640360,8640532,172,mRNA
23623,8630159,8633962,3803,mRNA
23624,8650094,8650488,394,mRNA
23625,8642475,8642867,392,mRNA
23626,8640360,8640514,154,mRNA
23627,8630159,8633962,3803,mRNA
23628,8643103,8643176,73,mRNA
23629,8642466,8642867,401,mRNA
23630,8640360,8640514,154,mRNA
23631,8630159,8633962,3803,mRNA
23632,8642466,8642646,180,CDS
23633,8640360,8640514,154,CDS
23634,8632304,8633962,1658,CDS
23635,8642475,8642646,171,CDS
23636,8640360,8640514,154,CDS
23637,8632670,8633962,1292,CDS
23638,8642466,8642646,180,CDS
23639,8640360,8640514,154,CDS
23640,8632670,8633962,1292,CDS
23641,8642466,8642646,180,CDS
23642,8640360,8640514,154,CDS
23643,8632670,8633962,1292,CDS
23644,8642466,8642646,180,CDS
23645,8640360,8640514,154,CDS
23646,8632670,8633962,1292,CDS
23647,8642466,8642646,180,CDS
23648,8640360,8640532,172,CDS
23649,8632670,8633962,1292,CDS
23650,8637429,8637459,30,mobile_element
23651,8677063,8680912,3849,gene
23652,8677063,8677464,401,mRNA
23653,8677891,8679767,1876,mRNA
23654,8679836,8679989,153,mRNA
23655,8680068,8680912,844,mRNA
23656,8677063,8677464,401,mRNA
23657,8677891,8679767,1876,mRNA
23658,8679836,8679989,153,mRNA
23659,8680068,8680702,634,mRNA
23660,8677207,8677464,257,CDS
23661,8677891,8679767,1876,CDS
23662,8679836,8679989,153,CDS
23663,8680068,8680262,194,CDS
23664,8677207,8677464,257,CDS
23665,8677891,8679767,1876,CDS
23666,8679836,8679989,153,CDS
23667,8680068,8680262,194,CDS
23668,8681252,8688760,7508,gene
23669,8681252,8681828,576,mRNA
23670,8686695,8687054,359,mRNA
23671,8687232,8687742,510,mRNA
23672,8687818,8687954,136,mRNA
23673,8688037,8688760,723,mRNA
23674,8681551,8681828,277,mRNA
23675,8686695,8687054,359,mRNA
23676,8687232,8687742,510,mRNA
23677,8687818,8687954,136,mRNA
23678,8688037,8688760,723,mRNA
23679,8681551,8681828,277,mRNA
23680,8687232,8687742,510,mRNA
23681,8687818,8687954,136,mRNA
23682,8688037,8688760,723,mRNA
23683,8685626,8685790,164,mRNA
23684,8686695,8687054,359,mRNA
23685,8687232,8687742,510,mRNA
23686,8687818,8687954,136,mRNA
23687,8688037,8688760,723,mRNA
23688,8686566,8686634,68,mRNA
23689,8686695,8687054,359,mRNA
23690,8687232,8687742,510,mRNA
23691,8687818,8687954,136,mRNA
23692,8688037,8688760,723,mRNA
23693,8687268,8687742,474,CDS
23694,8687818,8687954,136,CDS
23695,8688037,8688177,140,CDS
23696,8687268,8687742,474,CDS
23697,8687818,8687954,136,CDS
23698,8688037,8688177,140,CDS
23699,8687268,8687742,474,CDS
23700,8687818,8687954,136,CDS
23701,8688037,8688177,140,CDS
23702,8687268,8687742,474,CDS
23703,8687818,8687954,136,CDS
23704,8688037,8688177,140,CDS
23705,8687268,8687742,474,CDS
23706,8687818,8687954,136,CDS
23707,8688037,8688177,140,CDS
23708,8688627,8690227,1600,gene
23709,8690079,8690227,148,mRNA
23710,8689435,8690018,583,mRNA
23711,8689145,8689294,149,mRNA
23712,8688962,8689088,126,mRNA
23713,8688627,8688902,275,mRNA
23714,8689435,8690046,611,mRNA
23715,8689145,8689294,149,mRNA
23716,8688962,8689088,126,mRNA
23717,8688627,8688902,275,mRNA
23718,8689435,8689979,544,CDS
23719,8689145,8689294,149,CDS
23720,8688962,8689088,126,CDS
23721,8688780,8688902,122,CDS
23722,8689435,8689979,544,CDS
23723,8689145,8689294,149,CDS
23724,8688962,8689088,126,CDS
23725,8688780,8688902,122,CDS
23726,8690327,8691811,1484,gene
23727,8690327,8690627,300,mRNA
23728,8690686,8691003,317,mRNA
23729,8691065,8691551,486,mRNA
23730,8691611,8691811,200,mRNA
23731,8690488,8690627,139,CDS
23732,8690686,8691003,317,CDS
23733,8691065,8691551,486,CDS
23734,8691611,8691697,86,CDS
23735,8691820,8693620,1800,gene
23736,8693257,8693620,363,mRNA
23737,8691820,8692746,926,mRNA
23738,8693257,8693620,363,mRNA
23739,8692043,8692746,703,mRNA
23740,8693257,8693463,206,CDS
23741,8692168,8692746,578,CDS
23742,8693257,8693463,206,CDS
23743,8692168,8692746,578,CDS
23744,8707213,8708006,793,gene
23745,8707684,8708006,322,ncRNA
23746,8707213,8707601,388,ncRNA
23747,8707974,8708184,210,gene
23748,8707974,8708184,210,ncRNA
23749,8709652,8712478,2826,gene
23750,8709652,8709957,305,mRNA
23751,8710575,8712112,1537,mRNA
23752,8712183,8712478,295,mRNA
23753,8709809,8709957,148,CDS
23754,8710575,8712112,1537,CDS
23755,8712183,8712364,181,CDS
23756,8712472,8714924,2452,gene
23757,8714476,8714924,448,mRNA
23758,8713599,8714135,536,mRNA
23759,8712472,8713405,933,mRNA
23760,8714476,8714663,187,mRNA
23761,8713599,8714116,517,mRNA
23762,8712472,8713405,933,mRNA
23763,8714476,8714663,187,mRNA
23764,8713599,8714135,536,mRNA
23765,8712472,8713405,933,mRNA
23766,8714406,8714663,257,mRNA
23767,8713599,8714135,536,mRNA
23768,8712472,8713405,933,mRNA
23769,8713599,8714173,574,mRNA
23770,8712472,8713405,933,mRNA
23771,8713599,8714068,469,CDS
23772,8712598,8713405,807,CDS
23773,8713599,8714068,469,CDS
23774,8712598,8713405,807,CDS
23775,8713599,8714068,469,CDS
23776,8712598,8713405,807,CDS
23777,8713599,8714068,469,CDS
23778,8712598,8713405,807,CDS
23779,8713599,8714068,469,CDS
23780,8712598,8713405,807,CDS
23781,8714936,8717065,2129,gene
23782,8714936,8715156,220,mRNA
23783,8715222,8715395,173,mRNA
23784,8715452,8715772,320,mRNA
23785,8715835,8716251,416,mRNA
23786,8716314,8717065,751,mRNA
23787,8715029,8715156,127,CDS
23788,8715222,8715395,173,CDS
23789,8715452,8715772,320,CDS
23790,8715835,8716251,416,CDS
23791,8716314,8716710,396,CDS
23792,8716713,8720277,3564,gene
23793,8719963,8720277,314,mRNA
23794,8719456,8719903,447,mRNA
23795,8718117,8719395,1278,mRNA
23796,8717087,8718056,969,mRNA
23797,8716713,8716946,233,mRNA
23798,8719963,8720277,314,mRNA
23799,8719456,8719903,447,mRNA
23800,8718117,8719395,1278,mRNA
23801,8717083,8718056,973,mRNA
23802,8716713,8716946,233,mRNA
23803,8719963,8720165,202,CDS
23804,8719456,8719903,447,CDS
23805,8718117,8719395,1278,CDS
23806,8717087,8718056,969,CDS
23807,8716820,8716946,126,CDS
23808,8719963,8720165,202,CDS
23809,8719456,8719903,447,CDS
23810,8718117,8719395,1278,CDS
23811,8717083,8718056,973,CDS
23812,8720520,8721503,983,gene
23813,8720520,8721109,589,mRNA
23814,8721234,8721503,269,mRNA
23815,8720606,8721109,503,CDS
23816,8721234,8721443,209,CDS
23817,8724674,8725901,1227,gene
23818,8724674,8725109,435,ncRNA
23819,8725493,8725901,408,ncRNA
23820,8747066,8747171,105,mobile_element
23821,8756539,8805804,49265,gene
23822,8785184,8785353,169,mRNA
23823,8768752,8768942,190,mRNA
23824,8768056,8768274,218,mRNA
23825,8758695,8758956,261,mRNA
23826,8756539,8758404,1865,mRNA
23827,8804964,8805804,840,mRNA
23828,8788734,8788929,195,mRNA
23829,8787610,8787836,226,mRNA
23830,8768752,8768942,190,mRNA
23831,8768056,8768274,218,mRNA
23832,8758695,8758956,261,mRNA
23833,8757260,8758404,1144,mRNA
23834,8804964,8805006,42,CDS
23835,8788734,8788929,195,CDS
23836,8787610,8787836,226,CDS
23837,8768752,8768942,190,CDS
23838,8768056,8768274,218,CDS
23839,8758695,8758956,261,CDS
23840,8758025,8758404,379,CDS
23841,8768752,8768934,182,CDS
23842,8768056,8768274,218,CDS
23843,8758695,8758956,261,CDS
23844,8758025,8758404,379,CDS
23845,8835306,8836724,1418,gene
23846,8835306,8836724,1418,ncRNA
23847,8838323,8872774,34451,gene
23848,8838323,8838484,161,mRNA
23849,8867549,8867858,309,mRNA
23850,8867998,8868224,226,mRNA
23851,8869214,8869908,694,mRNA
23852,8869977,8872774,2797,mRNA
23853,8853617,8854176,559,mRNA
23854,8867549,8867858,309,mRNA
23855,8867998,8868224,226,mRNA
23856,8869214,8869908,694,mRNA
23857,8869977,8872774,2797,mRNA
23858,8864109,8864273,164,mRNA
23859,8867549,8867858,309,mRNA
23860,8867998,8868224,226,mRNA
23861,8869214,8869908,694,mRNA
23862,8869977,8872774,2797,mRNA
23863,8864109,8864273,164,mRNA
23864,8867549,8867858,309,mRNA
23865,8867998,8868224,226,mRNA
23866,8869250,8869908,658,mRNA
23867,8869977,8872774,2797,mRNA
23868,8864109,8864258,149,mRNA
23869,8867549,8867858,309,mRNA
23870,8867998,8868224,226,mRNA
23871,8869214,8869908,694,mRNA
23872,8869977,8872126,2149,mRNA
23873,8867664,8867858,194,CDS
23874,8867998,8868224,226,CDS
23875,8869214,8869908,694,CDS
23876,8869977,8871880,1903,CDS
23877,8867664,8867858,194,CDS
23878,8867998,8868224,226,CDS
23879,8869214,8869908,694,CDS
23880,8869977,8871880,1903,CDS
23881,8867664,8867858,194,CDS
23882,8867998,8868224,226,CDS
23883,8869214,8869908,694,CDS
23884,8869977,8871880,1903,CDS
23885,8867664,8867858,194,CDS
23886,8867998,8868224,226,CDS
23887,8869214,8869908,694,CDS
23888,8869977,8871880,1903,CDS
23889,8867664,8867858,194,CDS
23890,8867998,8868224,226,CDS
23891,8869250,8869908,658,CDS
23892,8869977,8871880,1903,CDS
23893,8873012,8898332,25320,gene
23894,8898184,8898332,148,mRNA
23895,8891562,8891623,61,mRNA
23896,8880292,8880400,108,mRNA
23897,8876573,8876752,179,mRNA
23898,8876033,8876059,26,mRNA
23899,8875094,8875860,766,mRNA
23900,8874512,8874899,387,mRNA
23901,8874189,8874401,212,mRNA
23902,8873012,8874111,1099,mRNA
23903,8897839,8898000,161,mRNA
23904,8880292,8880400,108,mRNA
23905,8876573,8876752,179,mRNA
23906,8875094,8875860,766,mRNA
23907,8874512,8874899,387,mRNA
23908,8874189,8874401,212,mRNA
23909,8873012,8874111,1099,mRNA
23910,8891562,8891807,245,mRNA
23911,8880292,8880400,108,mRNA
23912,8876573,8876752,179,mRNA
23913,8875094,8875860,766,mRNA
23914,8874512,8874899,387,mRNA
23915,8874189,8874401,212,mRNA
23916,8873012,8874111,1099,mRNA
23917,8878469,8878725,256,mRNA
23918,8876573,8876752,179,mRNA
23919,8876306,8876437,131,mRNA
23920,8876033,8876059,26,mRNA
23921,8875094,8875860,766,mRNA
23922,8874512,8874899,387,mRNA
23923,8874189,8874401,212,mRNA
23924,8873012,8874111,1099,mRNA
23925,8898184,8898332,148,mRNA
23926,8880292,8880400,108,mRNA
23927,8876573,8876752,179,mRNA
23928,8875094,8875860,766,mRNA
23929,8874512,8874899,387,mRNA
23930,8874189,8874401,212,mRNA
23931,8873623,8874111,488,mRNA
23932,8897911,8898000,89,mRNA
23933,8880292,8880400,108,mRNA
23934,8876573,8876752,179,mRNA
23935,8875094,8875860,766,mRNA
23936,8874512,8874899,387,mRNA
23937,8874189,8874401,212,mRNA
23938,8873623,8874111,488,mRNA
23939,8894059,8894195,136,mRNA
23940,8880292,8880400,108,mRNA
23941,8876573,8876752,179,mRNA
23942,8875094,8875860,766,mRNA
23943,8874512,8874899,387,mRNA
23944,8874189,8874401,212,mRNA
23945,8873623,8874111,488,mRNA
23946,8891734,8891807,73,mRNA
23947,8891562,8891623,61,mRNA
23948,8880292,8880400,108,mRNA
23949,8876573,8876752,179,mRNA
23950,8875094,8875860,766,mRNA
23951,8874512,8874899,387,mRNA
23952,8874189,8874401,212,mRNA
23953,8873623,8874111,488,mRNA
23954,8891562,8891807,245,mRNA
23955,8880292,8880400,108,mRNA
23956,8876573,8876752,179,mRNA
23957,8875094,8875860,766,mRNA
23958,8874503,8874899,396,mRNA
23959,8874189,8874401,212,mRNA
23960,8873623,8874111,488,mRNA
23961,8881260,8881632,372,mRNA
23962,8880292,8880400,108,mRNA
23963,8876573,8876752,179,mRNA
23964,8875094,8875860,766,mRNA
23965,8874503,8874899,396,mRNA
23966,8874189,8874401,212,mRNA
23967,8873623,8874111,488,mRNA
23968,8878469,8878725,256,mRNA
23969,8876573,8876752,179,mRNA
23970,8876306,8876437,131,mRNA
23971,8876033,8876059,26,mRNA
23972,8875094,8875860,766,mRNA
23973,8874503,8874899,396,mRNA
23974,8874189,8874401,212,mRNA
23975,8873623,8874111,488,mRNA
23976,8877014,8877161,147,mRNA
23977,8876573,8876752,179,mRNA
23978,8876306,8876437,131,mRNA
23979,8876033,8876059,26,mRNA
23980,8875094,8875860,766,mRNA
23981,8874503,8874899,396,mRNA
23982,8874189,8874401,212,mRNA
23983,8873623,8874111,488,mRNA
23984,8875094,8876021,927,mRNA
23985,8874503,8874899,396,mRNA
23986,8874189,8874401,212,mRNA
23987,8873623,8874111,488,mRNA
23988,8880292,8880306,14,CDS
23989,8876573,8876752,179,CDS
23990,8875094,8875860,766,CDS
23991,8874512,8874899,387,CDS
23992,8874189,8874401,212,CDS
23993,8873947,8874111,164,CDS
23994,8880292,8880306,14,CDS
23995,8876573,8876752,179,CDS
23996,8875094,8875860,766,CDS
23997,8874512,8874899,387,CDS
23998,8874189,8874401,212,CDS
23999,8873947,8874111,164,CDS
24000,8880292,8880306,14,CDS
24001,8876573,8876752,179,CDS
24002,8875094,8875860,766,CDS
24003,8874512,8874899,387,CDS
24004,8874189,8874401,212,CDS
24005,8873947,8874111,164,CDS
24006,8880292,8880306,14,CDS
24007,8876573,8876752,179,CDS
24008,8875094,8875860,766,CDS
24009,8874512,8874899,387,CDS
24010,8874189,8874401,212,CDS
24011,8873947,8874111,164,CDS
24012,8880292,8880306,14,CDS
24013,8876573,8876752,179,CDS
24014,8875094,8875860,766,CDS
24015,8874512,8874899,387,CDS
24016,8874189,8874401,212,CDS
24017,8873947,8874111,164,CDS
24018,8880292,8880306,14,CDS
24019,8876573,8876752,179,CDS
24020,8875094,8875860,766,CDS
24021,8874512,8874899,387,CDS
24022,8874189,8874401,212,CDS
24023,8873947,8874111,164,CDS
24024,8880292,8880306,14,CDS
24025,8876573,8876752,179,CDS
24026,8875094,8875860,766,CDS
24027,8874503,8874899,396,CDS
24028,8874189,8874401,212,CDS
24029,8873947,8874111,164,CDS
24030,8880292,8880306,14,CDS
24031,8876573,8876752,179,CDS
24032,8875094,8875860,766,CDS
24033,8874503,8874899,396,CDS
24034,8874189,8874401,212,CDS
24035,8873947,8874111,164,CDS
24036,8880292,8880306,14,CDS
24037,8876573,8876752,179,CDS
24038,8876033,8876059,26,CDS
24039,8875094,8875860,766,CDS
24040,8874512,8874899,387,CDS
24041,8874189,8874401,212,CDS
24042,8873947,8874111,164,CDS
24043,8878469,8878537,68,CDS
24044,8876573,8876752,179,CDS
24045,8876306,8876437,131,CDS
24046,8876033,8876059,26,CDS
24047,8875094,8875860,766,CDS
24048,8874512,8874899,387,CDS
24049,8874189,8874401,212,CDS
24050,8873947,8874111,164,CDS
24051,8878469,8878537,68,CDS
24052,8876573,8876752,179,CDS
24053,8876306,8876437,131,CDS
24054,8876033,8876059,26,CDS
24055,8875094,8875860,766,CDS
24056,8874503,8874899,396,CDS
24057,8874189,8874401,212,CDS
24058,8873947,8874111,164,CDS
24059,8877014,8877055,41,CDS
24060,8876573,8876752,179,CDS
24061,8876306,8876437,131,CDS
24062,8876033,8876059,26,CDS
24063,8875094,8875860,766,CDS
24064,8874503,8874899,396,CDS
24065,8874189,8874401,212,CDS
24066,8873947,8874111,164,CDS
24067,8875094,8875857,763,CDS
24068,8874503,8874899,396,CDS
24069,8874189,8874401,212,CDS
24070,8873947,8874111,164,CDS
24071,8898554,8900264,1710,gene
24072,8898554,8900264,1710,mRNA
24073,8899036,8900264,1228,mRNA
24074,8899227,8900060,833,CDS
24075,8899227,8900060,833,CDS
24076,8901699,8903761,2062,gene
24077,8901699,8901812,113,mRNA
24078,8901880,8901926,46,mRNA
24079,8901998,8902811,813,mRNA
24080,8903202,8903761,559,mRNA
24081,8901699,8901812,113,mRNA
24082,8901880,8901926,46,mRNA
24083,8901998,8902811,813,mRNA
24084,8903202,8903464,262,mRNA
24085,8901798,8901812,14,CDS
24086,8901880,8901926,46,CDS
24087,8901998,8902811,813,CDS
24088,8903202,8903357,155,CDS
24089,8901798,8901812,14,CDS
24090,8901880,8901926,46,CDS
24091,8901998,8902811,813,CDS
24092,8903202,8903357,155,CDS
24093,8904144,8906248,2104,gene
24094,8906109,8906248,139,mRNA
24095,8904144,8905384,1240,mRNA
24096,8905910,8905990,80,mRNA
24097,8905505,8905588,83,mRNA
24098,8904359,8905384,1025,mRNA
24099,8905902,8905990,88,mRNA
24100,8905505,8905588,83,mRNA
24101,8904359,8905384,1025,mRNA
24102,8905769,8905990,221,mRNA
24103,8905505,8905588,83,mRNA
24104,8904359,8905384,1025,mRNA
24105,8906109,8906248,139,mRNA
24106,8905505,8905588,83,mRNA
24107,8904728,8905384,656,mRNA
24108,8905064,8905378,314,CDS
24109,8905064,8905378,314,CDS
24110,8905064,8905378,314,CDS
24111,8905064,8905378,314,CDS
24112,8905064,8905378,314,CDS
24113,8907068,9029476,122408,gene
24114,8907068,8907744,676,mRNA
24115,8908065,8908321,256,mRNA
24116,8916697,8916702,5,mRNA
24117,9014829,9014967,138,mRNA
24118,9016125,9016328,203,mRNA
24119,9017844,9017988,144,mRNA
24120,9019405,9019783,378,mRNA
24121,9019851,9020031,180,mRNA
24122,9020882,9021291,409,mRNA
24123,9021359,9021652,293,mRNA
24124,9021726,9021952,226,mRNA
24125,9022018,9022239,221,mRNA
24126,9023275,9023326,51,mRNA
24127,9023742,9023795,53,mRNA
24128,9024074,9024137,63,mRNA
24129,9024261,9024418,157,mRNA
24130,9024624,9024787,163,mRNA
24131,9025166,9025808,642,mRNA
24132,8907068,8907744,676,mRNA
24133,8908065,8908321,256,mRNA
24134,8916697,8916702,5,mRNA
24135,9014829,9014967,138,mRNA
24136,9016125,9016328,203,mRNA
24137,9017844,9017988,144,mRNA
24138,9019405,9019783,378,mRNA
24139,9019851,9020031,180,mRNA
24140,9020882,9021291,409,mRNA
24141,9021359,9021652,293,mRNA
24142,9021726,9021952,226,mRNA
24143,9022018,9022239,221,mRNA
24144,9023275,9023326,51,mRNA
24145,9024074,9024137,63,mRNA
24146,9024261,9024418,157,mRNA
24147,9024624,9024787,163,mRNA
24148,9025166,9025808,642,mRNA
24149,8907068,8907744,676,mRNA
24150,8908065,8908321,256,mRNA
24151,8916697,8916702,5,mRNA
24152,9013311,9014556,1245,mRNA
24153,9014829,9014967,138,mRNA
24154,9016125,9016328,203,mRNA
24155,9017844,9017988,144,mRNA
24156,9019405,9019783,378,mRNA
24157,9019851,9020031,180,mRNA
24158,9020882,9021291,409,mRNA
24159,9021359,9021652,293,mRNA
24160,9021726,9021952,226,mRNA
24161,9022018,9022239,221,mRNA
24162,9023275,9023326,51,mRNA
24163,9024074,9024137,63,mRNA
24164,9024261,9024418,157,mRNA
24165,9024624,9024936,312,mRNA
24166,8907715,8907744,29,CDS
24167,8908065,8908321,256,CDS
24168,8916697,8916702,5,CDS
24169,9014829,9014967,138,CDS
24170,9016125,9016328,203,CDS
24171,9017844,9017988,144,CDS
24172,9019405,9019783,378,CDS
24173,9019851,9020031,180,CDS
24174,9020882,9021291,409,CDS
24175,9021359,9021652,293,CDS
24176,9021726,9021952,226,CDS
24177,9022018,9022239,221,CDS
24178,9023275,9023326,51,CDS
24179,9023742,9023795,53,CDS
24180,9024074,9024137,63,CDS
24181,9024261,9024418,157,CDS
24182,9024624,9024787,163,CDS
24183,9025166,9025209,43,CDS
24184,8907715,8907744,29,CDS
24185,8908065,8908321,256,CDS
24186,8916697,8916702,5,CDS
24187,9014829,9014967,138,CDS
24188,9016125,9016328,203,CDS
24189,9017844,9017988,144,CDS
24190,9019405,9019783,378,CDS
24191,9019851,9020031,180,CDS
24192,9020882,9021291,409,CDS
24193,9021359,9021652,293,CDS
24194,9021726,9021952,226,CDS
24195,9022018,9022239,221,CDS
24196,9023275,9023326,51,CDS
24197,9024074,9024137,63,CDS
24198,9024261,9024418,157,CDS
24199,9024624,9024787,163,CDS
24200,9025166,9025209,43,CDS
24201,8912368,8912944,576,mRNA
24202,8916697,8916702,5,mRNA
24203,9014829,9014967,138,mRNA
24204,9016125,9016328,203,mRNA
24205,9017844,9017988,144,mRNA
24206,9019405,9019783,378,mRNA
24207,9019851,9020031,180,mRNA
24208,9020882,9021291,409,mRNA
24209,9021359,9021652,293,mRNA
24210,9021726,9021952,226,mRNA
24211,9022018,9022239,221,mRNA
24212,9023275,9023326,51,mRNA
24213,9023742,9023795,53,mRNA
24214,9024074,9024137,63,mRNA
24215,9024261,9024418,157,mRNA
24216,9024624,9024787,163,mRNA
24217,9025166,9025808,642,mRNA
24218,8912604,8912944,340,CDS
24219,8916697,8916702,5,CDS
24220,9014829,9014967,138,CDS
24221,9016125,9016328,203,CDS
24222,9017844,9017988,144,CDS
24223,9019405,9019783,378,CDS
24224,9019851,9020031,180,CDS
24225,9020882,9021291,409,CDS
24226,9021359,9021652,293,CDS
24227,9021726,9021952,226,CDS
24228,9022018,9022239,221,CDS
24229,9023275,9023326,51,CDS
24230,9023742,9023795,53,CDS
24231,9024074,9024137,63,CDS
24232,9024261,9024418,157,CDS
24233,9024624,9024787,163,CDS
24234,9025166,9025209,43,CDS
24235,8919640,8920467,827,gene
24236,8920257,8920467,210,ncRNA
24237,8919640,8920134,494,ncRNA
24238,8922385,8922744,359,mobile_element
24239,8922888,8923687,799,gene
24240,8922888,8923687,799,mRNA
24241,8923171,8923687,516,mRNA
24242,8923223,8923618,395,CDS
24243,8923223,8923618,395,CDS
24244,8923960,8924449,489,gene
24245,8923960,8924449,489,mRNA
24246,8923967,8924374,407,CDS
24247,8925184,8925696,512,mRNA
24248,8999380,9000249,869,mRNA
24249,9000682,9002117,1435,mRNA
24250,9014829,9014967,138,mRNA
24251,9016125,9016328,203,mRNA
24252,9017844,9017988,144,mRNA
24253,9019405,9019783,378,mRNA
24254,9019851,9020031,180,mRNA
24255,9020882,9021291,409,mRNA
24256,9021359,9021652,293,mRNA
24257,9021726,9021952,226,mRNA
24258,9022018,9022239,221,mRNA
24259,9023275,9023326,51,mRNA
24260,9024074,9024137,63,mRNA
24261,9024261,9024418,157,mRNA
24262,9024624,9029476,4852,mRNA
24263,8925184,8925696,512,mRNA
24264,8999380,9000240,860,mRNA
24265,9000682,9002117,1435,mRNA
24266,9014829,9014967,138,mRNA
24267,9016125,9016328,203,mRNA
24268,9017844,9017988,144,mRNA
24269,9019405,9019783,378,mRNA
24270,9019851,9020031,180,mRNA
24271,9020867,9021291,424,mRNA
24272,9021359,9021652,293,mRNA
24273,9021726,9021952,226,mRNA
24274,9022018,9022239,221,mRNA
24275,9023275,9023326,51,mRNA
24276,9024074,9024137,63,mRNA
24277,9024261,9024418,157,mRNA
24278,9024624,9027615,2991,mRNA
24279,8925184,8925696,512,mRNA
24280,8999380,9000240,860,mRNA
24281,9000682,9002117,1435,mRNA
24282,9014826,9014967,141,mRNA
24283,9016125,9016328,203,mRNA
24284,9017862,9017988,126,mRNA
24285,9019405,9019783,378,mRNA
24286,9019851,9020031,180,mRNA
24287,9020882,9021291,409,mRNA
24288,9021359,9021652,293,mRNA
24289,9021726,9021952,226,mRNA
24290,9022018,9022239,221,mRNA
24291,9023275,9023326,51,mRNA
24292,9024074,9024137,63,mRNA
24293,9024261,9024418,157,mRNA
24294,9024624,9024936,312,mRNA
24295,8925184,8925696,512,mRNA
24296,8999380,9000240,860,mRNA
24297,9000682,9002117,1435,mRNA
24298,9014829,9014967,138,mRNA
24299,9016125,9016328,203,mRNA
24300,9017844,9017988,144,mRNA
24301,9019405,9019783,378,mRNA
24302,9019851,9020031,180,mRNA
24303,9020867,9021291,424,mRNA
24304,9021359,9021652,293,mRNA
24305,9021726,9021952,226,mRNA
24306,9022018,9022239,221,mRNA
24307,9024074,9024137,63,mRNA
24308,9024261,9024418,157,mRNA
24309,9024624,9024936,312,mRNA
24310,8925184,8925696,512,mRNA
24311,8999380,9000240,860,mRNA
24312,9000682,9002117,1435,mRNA
24313,9014829,9014967,138,mRNA
24314,9016125,9016328,203,mRNA
24315,9017844,9017988,144,mRNA
24316,9019405,9019783,378,mRNA
24317,9019851,9020031,180,mRNA
24318,9020867,9021291,424,mRNA
24319,9021359,9021652,293,mRNA
24320,9021726,9021952,226,mRNA
24321,9022018,9022239,221,mRNA
24322,9024261,9024418,157,mRNA
24323,9024624,9024936,312,mRNA
24324,8925184,8925696,512,mRNA
24325,8999380,9000240,860,mRNA
24326,9000682,9002117,1435,mRNA
24327,9014829,9014967,138,mRNA
24328,9016125,9016328,203,mRNA
24329,9017844,9017988,144,mRNA
24330,9019405,9019783,378,mRNA
24331,9019851,9020031,180,mRNA
24332,9020882,9021291,409,mRNA
24333,9021359,9021652,293,mRNA
24334,9021726,9021952,226,mRNA
24335,9022018,9022239,221,mRNA
24336,9023275,9023326,51,mRNA
24337,9024074,9024137,63,mRNA
24338,9024261,9024418,157,mRNA
24339,9024624,9024936,312,mRNA
24340,8927642,8928286,644,mobile_element
24341,8928711,8929849,1138,mobile_element
24342,8948814,8956265,7451,mobile_element
24343,8965801,8965912,111,gene
24344,8965801,8965912,111,precursor_RNA
24345,8965865,8965887,22,ncRNA
24346,8972908,9048991,76083,gene
24347,9048790,9048991,201,ncRNA
24348,9048414,9048729,315,ncRNA
24349,8972908,8973380,472,ncRNA
24350,9048790,9048991,201,ncRNA
24351,9048414,9048729,315,ncRNA
24352,8979454,8979831,377,ncRNA
24353,8972908,8973380,472,ncRNA
24354,8972908,8974255,1347,gene
24355,8973655,8974255,600,mRNA
24356,8972908,8973380,472,mRNA
24357,8973655,8974227,572,CDS
24358,8973204,8973380,176,CDS
24359,9048790,9048991,201,ncRNA
24360,9048414,9048729,315,ncRNA
24361,8979454,8979831,377,ncRNA
24362,8977534,8977656,122,ncRNA
24363,8977336,8977456,120,ncRNA
24364,8983634,8984442,808,gene
24365,8984320,8984442,122,mRNA
24366,8983634,8984192,558,mRNA
24367,8983634,8984190,556,mRNA
24368,8984320,8984385,65,CDS
24369,8983668,8984192,524,CDS
24370,8983668,8984183,515,CDS
24371,8993305,8993431,126,gene
24372,8993305,8993431,126,precursor_RNA
24373,8993317,8993338,21,ncRNA
24374,8993397,8993418,21,ncRNA
24375,8999986,9000249,263,CDS
24376,9000682,9002117,1435,CDS
24377,9014829,9014967,138,CDS
24378,9016125,9016328,203,CDS
24379,9017844,9017988,144,CDS
24380,9019405,9019783,378,CDS
24381,9019851,9020031,180,CDS
24382,9020882,9021291,409,CDS
24383,9021359,9021652,293,CDS
24384,9021726,9021952,226,CDS
24385,9022018,9022239,221,CDS
24386,9023275,9023326,51,CDS
24387,9024074,9024137,63,CDS
24388,9024261,9024418,157,CDS
24389,9024624,9024831,207,CDS
24390,8999986,9000240,254,CDS
24391,9000682,9002117,1435,CDS
24392,9014826,9014967,141,CDS
24393,9016125,9016328,203,CDS
24394,9017862,9017988,126,CDS
24395,9019405,9019783,378,CDS
24396,9019851,9020031,180,CDS
24397,9020882,9021291,409,CDS
24398,9021359,9021652,293,CDS
24399,9021726,9021952,226,CDS
24400,9022018,9022239,221,CDS
24401,9023275,9023326,51,CDS
24402,9024074,9024137,63,CDS
24403,9024261,9024418,157,CDS
24404,9024624,9024831,207,CDS
24405,8999986,9000240,254,CDS
24406,9000682,9002117,1435,CDS
24407,9014829,9014967,138,CDS
24408,9016125,9016328,203,CDS
24409,9017844,9017988,144,CDS
24410,9019405,9019783,378,CDS
24411,9019851,9020031,180,CDS
24412,9020867,9021291,424,CDS
24413,9021359,9021652,293,CDS
24414,9021726,9021952,226,CDS
24415,9022018,9022239,221,CDS
24416,9023275,9023326,51,CDS
24417,9024074,9024137,63,CDS
24418,9024261,9024418,157,CDS
24419,9024624,9024831,207,CDS
24420,8999986,9000240,254,CDS
24421,9000682,9002117,1435,CDS
24422,9014829,9014967,138,CDS
24423,9016125,9016328,203,CDS
24424,9017844,9017988,144,CDS
24425,9019405,9019783,378,CDS
24426,9019851,9020031,180,CDS
24427,9020882,9021291,409,CDS
24428,9021359,9021652,293,CDS
24429,9021726,9021952,226,CDS
24430,9022018,9022239,221,CDS
24431,9023275,9023326,51,CDS
24432,9024074,9024137,63,CDS
24433,9024261,9024418,157,CDS
24434,9024624,9024831,207,CDS
24435,8999986,9000240,254,CDS
24436,9000682,9002117,1435,CDS
24437,9014829,9014967,138,CDS
24438,9016125,9016328,203,CDS
24439,9017844,9017988,144,CDS
24440,9019405,9019783,378,CDS
24441,9019851,9020031,180,CDS
24442,9020867,9021291,424,CDS
24443,9021359,9021652,293,CDS
24444,9021726,9021952,226,CDS
24445,9022018,9022239,221,CDS
24446,9024261,9024277,16,CDS
24447,8999986,9000240,254,CDS
24448,9000682,9002117,1435,CDS
24449,9014829,9014967,138,CDS
24450,9016125,9016328,203,CDS
24451,9017844,9017988,144,CDS
24452,9019405,9019783,378,CDS
24453,9019851,9020031,180,CDS
24454,9020867,9021291,424,CDS
24455,9021359,9021652,293,CDS
24456,9021726,9021952,226,CDS
24457,9022018,9022239,221,CDS
24458,9024074,9024111,37,CDS
24459,9014165,9014556,391,CDS
24460,9014829,9014967,138,CDS
24461,9016125,9016328,203,CDS
24462,9017844,9017988,144,CDS
24463,9019405,9019783,378,CDS
24464,9019851,9020031,180,CDS
24465,9020882,9021291,409,CDS
24466,9021359,9021652,293,CDS
24467,9021726,9021952,226,CDS
24468,9022018,9022239,221,CDS
24469,9023275,9023326,51,CDS
24470,9024074,9024137,63,CDS
24471,9024261,9024418,157,CDS
24472,9024624,9024831,207,CDS
24473,9030205,9054575,24370,gene
24474,9030205,9030896,691,mRNA
24475,9040038,9040316,278,mRNA
24476,9049250,9050935,1685,mRNA
24477,9051037,9051122,85,mRNA
24478,9051185,9051410,225,mRNA
24479,9051468,9052217,749,mRNA
24480,9052278,9052388,110,mRNA
24481,9052450,9054575,2125,mRNA
24482,9030205,9030896,691,mRNA
24483,9040038,9040316,278,mRNA
24484,9051037,9051122,85,mRNA
24485,9051185,9051410,225,mRNA
24486,9051468,9052217,749,mRNA
24487,9052278,9052388,110,mRNA
24488,9052450,9053319,869,mRNA
24489,9030205,9030896,691,mRNA
24490,9051037,9051122,85,mRNA
24491,9051185,9051410,225,mRNA
24492,9051468,9052217,749,mRNA
24493,9052278,9052388,110,mRNA
24494,9052450,9053319,869,mRNA
24495,9030870,9030896,26,CDS
24496,9040038,9040316,278,CDS
24497,9049250,9050935,1685,CDS
24498,9051037,9051122,85,CDS
24499,9051185,9051410,225,CDS
24500,9051468,9052217,749,CDS
24501,9052278,9052388,110,CDS
24502,9052450,9053277,827,CDS
24503,9030870,9030896,26,CDS
24504,9040038,9040316,278,CDS
24505,9051037,9051122,85,CDS
24506,9051185,9051410,225,CDS
24507,9051468,9052217,749,CDS
24508,9052278,9052388,110,CDS
24509,9052450,9053277,827,CDS
24510,9030870,9030896,26,CDS
24511,9051037,9051122,85,CDS
24512,9051185,9051410,225,CDS
24513,9051468,9052217,749,CDS
24514,9052278,9052388,110,CDS
24515,9052450,9053277,827,CDS
24516,9039675,9039860,185,mRNA
24517,9040038,9040316,278,mRNA
24518,9051037,9051122,85,mRNA
24519,9051185,9051410,225,mRNA
24520,9051468,9052217,749,mRNA
24521,9052278,9052388,110,mRNA
24522,9052450,9053319,869,mRNA
24523,9040302,9040316,14,CDS
24524,9051037,9051122,85,CDS
24525,9051185,9051410,225,CDS
24526,9051468,9052217,749,CDS
24527,9052278,9052388,110,CDS
24528,9052450,9053277,827,CDS
24529,9042644,9042791,147,mRNA
24530,9049250,9050935,1685,mRNA
24531,9051037,9051122,85,mRNA
24532,9051185,9051410,225,mRNA
24533,9051468,9052217,749,mRNA
24534,9052278,9052388,110,mRNA
24535,9052450,9054575,2125,mRNA
24536,9042644,9042830,186,mRNA
24537,9049250,9050935,1685,mRNA
24538,9051037,9051122,85,mRNA
24539,9051185,9051410,225,mRNA
24540,9051468,9052217,749,mRNA
24541,9052278,9052388,110,mRNA
24542,9052450,9053319,869,mRNA
24543,9049259,9050935,1676,CDS
24544,9051037,9051122,85,CDS
24545,9051185,9051410,225,CDS
24546,9051468,9052217,749,CDS
24547,9052278,9052388,110,CDS
24548,9052450,9053277,827,CDS
24549,9049259,9050935,1676,CDS
24550,9051037,9051122,85,CDS
24551,9051185,9051410,225,CDS
24552,9051468,9052217,749,CDS
24553,9052278,9052388,110,CDS
24554,9052450,9053277,827,CDS
24555,9054698,9067983,13285,gene
24556,9067508,9067983,475,mRNA
24557,9057458,9058085,627,mRNA
24558,9057008,9057350,342,mRNA
24559,9056654,9056786,132,mRNA
24560,9056447,9056588,141,mRNA
24561,9056024,9056341,317,mRNA
24562,9054698,9055967,1269,mRNA
24563,9067508,9067983,475,mRNA
24564,9057458,9058085,627,mRNA
24565,9057008,9057350,342,mRNA
24566,9056654,9056786,132,mRNA
24567,9056426,9056588,162,mRNA
24568,9056024,9056341,317,mRNA
24569,9054698,9055967,1269,mRNA
24570,9060996,9061145,149,mRNA
24571,9057458,9058085,627,mRNA
24572,9057008,9057350,342,mRNA
24573,9056654,9056786,132,mRNA
24574,9056447,9056588,141,mRNA
24575,9056024,9056341,317,mRNA
24576,9054698,9055967,1269,mRNA
24577,9057458,9058066,608,CDS
24578,9057008,9057350,342,CDS
24579,9056654,9056786,132,CDS
24580,9056447,9056588,141,CDS
24581,9056024,9056341,317,CDS
24582,9055047,9055967,920,CDS
24583,9057458,9058066,608,CDS
24584,9057008,9057350,342,CDS
24585,9056654,9056786,132,CDS
24586,9056447,9056588,141,CDS
24587,9056024,9056341,317,CDS
24588,9055047,9055967,920,CDS
24589,9057458,9058066,608,CDS
24590,9057008,9057350,342,CDS
24591,9056654,9056786,132,CDS
24592,9056426,9056588,162,CDS
24593,9056024,9056341,317,CDS
24594,9055047,9055967,920,CDS
24595,9069599,9071408,1809,gene
24596,9069599,9071408,1809,mRNA
24597,9069602,9070190,588,mRNA
24598,9069741,9070087,346,gene
24599,9069741,9070087,346,ncRNA
24600,9069754,9070065,311,CDS
24601,9069754,9070065,311,CDS
24602,9070318,9078499,8181,gene
24603,9078337,9078499,162,mRNA
24604,9071872,9071989,117,mRNA
24605,9071588,9071801,213,mRNA
24606,9070318,9070658,340,mRNA
24607,9078337,9078378,41,CDS
24608,9071872,9071989,117,CDS
24609,9071588,9071801,213,CDS
24610,9070592,9070658,66,CDS
24611,9078337,9078499,162,mRNA
24612,9071872,9071989,117,mRNA
24613,9070684,9071801,1117,mRNA
24614,9078337,9078499,162,mRNA
24615,9071872,9071989,117,mRNA
24616,9071342,9071801,459,mRNA
24617,9078337,9078378,41,CDS
24618,9071872,9071989,117,CDS
24619,9071584,9071801,217,CDS
24620,9078337,9078378,41,CDS
24621,9071872,9071989,117,CDS
24622,9071584,9071801,217,CDS
24623,9078337,9078499,162,mRNA
24624,9073182,9073305,123,mRNA
24625,9072295,9073124,829,mRNA
24626,9078337,9078499,162,mRNA
24627,9072820,9073305,485,mRNA
24628,9078337,9078378,41,CDS
24629,9073182,9073305,123,CDS
24630,9072907,9073124,217,CDS
24631,9078337,9078378,41,CDS
24632,9072907,9073305,398,CDS
24633,9078823,9081057,2234,gene
24634,9080856,9081057,201,mRNA
24635,9080495,9080798,303,mRNA
24636,9079246,9080430,1184,mRNA
24637,9078823,9079174,351,mRNA
24638,9080856,9080947,91,CDS
24639,9080495,9080798,303,CDS
24640,9079246,9080430,1184,CDS
24641,9078947,9079174,227,CDS
24642,9081063,9082746,1683,gene
24643,9081063,9081083,20,mRNA
24644,9081170,9082358,1188,mRNA
24645,9081254,9082746,1492,mRNA
24646,9081254,9082358,1104,mRNA
24647,9081359,9082081,722,CDS
24648,9081359,9082081,722,CDS
24649,9081359,9082081,722,CDS
24650,9082931,9085867,2936,gene
24651,9082931,9083165,234,mRNA
24652,9083241,9083483,242,mRNA
24653,9083542,9083941,399,mRNA
24654,9083999,9084175,176,mRNA
24655,9084237,9084399,162,mRNA
24656,9084469,9085867,1398,mRNA
24657,9082937,9083165,228,mRNA
24658,9083241,9083483,242,mRNA
24659,9083542,9083941,399,mRNA
24660,9083999,9084169,170,mRNA
24661,9084237,9084399,162,mRNA
24662,9084469,9085867,1398,mRNA
24663,9083054,9083165,111,CDS
24664,9083241,9083483,242,CDS
24665,9083542,9083941,399,CDS
24666,9083999,9084175,176,CDS
24667,9084237,9084399,162,CDS
24668,9084469,9085701,1232,CDS
24669,9083054,9083165,111,CDS
24670,9083241,9083483,242,CDS
24671,9083542,9083941,399,CDS
24672,9083999,9084169,170,CDS
24673,9084237,9084399,162,CDS
24674,9084469,9085701,1232,CDS
24675,9085932,9086864,932,gene
24676,9085932,9086318,386,mRNA
24677,9086397,9086864,467,mRNA
24678,9085985,9086318,333,CDS
24679,9086397,9086782,385,CDS
24680,9087129,9088073,944,gene
24681,9087129,9087538,409,mRNA
24682,9087612,9088073,461,mRNA
24683,9087244,9087538,294,CDS
24684,9087612,9088009,397,CDS
24685,9088367,9089314,947,gene
24686,9088367,9088765,398,mRNA
24687,9088839,9089314,475,mRNA
24688,9088471,9088765,294,CDS
24689,9088839,9089245,406,CDS
24690,9089513,9092826,3313,gene
24691,9089513,9089598,85,mRNA
24692,9090488,9091177,689,mRNA
24693,9091410,9092037,627,mRNA
24694,9092110,9092826,716,mRNA
24695,9089596,9089598,2,CDS
24696,9090488,9091177,689,CDS
24697,9091410,9092037,627,CDS
24698,9092110,9092396,286,CDS
24699,9091230,9091299,69,gene
24700,9091230,9091299,69,precursor_RNA
24701,9091237,9091260,23,ncRNA
24702,9091275,9091296,21,ncRNA
24703,9093612,9103739,10127,gene
24704,9103445,9103739,294,mRNA
24705,9102495,9103100,605,mRNA
24706,9101566,9102233,667,mRNA
24707,9101096,9101419,323,mRNA
24708,9099314,9099461,147,mRNA
24709,9098084,9098413,329,mRNA
24710,9097756,9098007,251,mRNA
24711,9097355,9097459,104,mRNA
24712,9095395,9095651,256,mRNA
24713,9095066,9095333,267,mRNA
24714,9094411,9095008,597,mRNA
24715,9093612,9094348,736,mRNA
24716,9103445,9103739,294,mRNA
24717,9102495,9103100,605,mRNA
24718,9101566,9102233,667,mRNA
24719,9101096,9101419,323,mRNA
24720,9099314,9099461,147,mRNA
24721,9098084,9098413,329,mRNA
24722,9097756,9098007,251,mRNA
24723,9097355,9097513,158,mRNA
24724,9096766,9096825,59,mRNA
24725,9095395,9095651,256,mRNA
24726,9095066,9095333,267,mRNA
24727,9094411,9095008,597,mRNA
24728,9093612,9094348,736,mRNA
24729,9103445,9103739,294,mRNA
24730,9102495,9103100,605,mRNA
24731,9101566,9102233,667,mRNA
24732,9101096,9101419,323,mRNA
24733,9099314,9099461,147,mRNA
24734,9098084,9098413,329,mRNA
24735,9097756,9098007,251,mRNA
24736,9097355,9097519,164,mRNA
24737,9095395,9095975,580,mRNA
24738,9095066,9095333,267,mRNA
24739,9094411,9095008,597,mRNA
24740,9093612,9094348,736,mRNA
24741,9103445,9103739,294,mRNA
24742,9102495,9103100,605,mRNA
24743,9101566,9102233,667,mRNA
24744,9101096,9101419,323,mRNA
24745,9099314,9099461,147,mRNA
24746,9098084,9098413,329,mRNA
24747,9097756,9098007,251,mRNA
24748,9097355,9097519,164,mRNA
24749,9096766,9096825,59,mRNA
24750,9095395,9095975,580,mRNA
24751,9095066,9095333,267,mRNA
24752,9094411,9095008,597,mRNA
24753,9093612,9094348,736,mRNA
24754,9103445,9103739,294,mRNA
24755,9102495,9103100,605,mRNA
24756,9101566,9102233,667,mRNA
24757,9101096,9101419,323,mRNA
24758,9100513,9100657,144,mRNA
24759,9098084,9098413,329,mRNA
24760,9097756,9098007,251,mRNA
24761,9097355,9097513,158,mRNA
24762,9095395,9095651,256,mRNA
24763,9095066,9095333,267,mRNA
24764,9094411,9095008,597,mRNA
24765,9093612,9094348,736,mRNA
24766,9103445,9103739,294,mRNA
24767,9102495,9103100,605,mRNA
24768,9101566,9102233,667,mRNA
24769,9101096,9101419,323,mRNA
24770,9100513,9100657,144,mRNA
24771,9098084,9098413,329,mRNA
24772,9097756,9098007,251,mRNA
24773,9097355,9097513,158,mRNA
24774,9096766,9096825,59,mRNA
24775,9095395,9095651,256,mRNA
24776,9095066,9095333,267,mRNA
24777,9094411,9095008,597,mRNA
24778,9093612,9094348,736,mRNA
24779,9103445,9103739,294,mRNA
24780,9102495,9103100,605,mRNA
24781,9101566,9102233,667,mRNA
24782,9101096,9101419,323,mRNA
24783,9100513,9100657,144,mRNA
24784,9098084,9098413,329,mRNA
24785,9097756,9098007,251,mRNA
24786,9097355,9097513,158,mRNA
24787,9096766,9096825,59,mRNA
24788,9095395,9095825,430,mRNA
24789,9095066,9095333,267,mRNA
24790,9094411,9095008,597,mRNA
24791,9093612,9094348,736,mRNA
24792,9102495,9103071,576,CDS
24793,9101566,9102233,667,CDS
24794,9101096,9101419,323,CDS
24795,9099314,9099461,147,CDS
24796,9098084,9098413,329,CDS
24797,9097756,9098007,251,CDS
24798,9097355,9097459,104,CDS
24799,9095395,9095651,256,CDS
24800,9095066,9095333,267,CDS
24801,9094411,9095008,597,CDS
24802,9094243,9094348,105,CDS
24803,9102495,9103071,576,CDS
24804,9101566,9102233,667,CDS
24805,9101096,9101419,323,CDS
24806,9099314,9099461,147,CDS
24807,9098084,9098413,329,CDS
24808,9097756,9098007,251,CDS
24809,9097355,9097513,158,CDS
24810,9096766,9096825,59,CDS
24811,9095395,9095651,256,CDS
24812,9095066,9095333,267,CDS
24813,9094411,9095008,597,CDS
24814,9094243,9094348,105,CDS
24815,9102495,9103071,576,CDS
24816,9101566,9102233,667,CDS
24817,9101096,9101419,323,CDS
24818,9099314,9099461,147,CDS
24819,9098084,9098413,329,CDS
24820,9097756,9098007,251,CDS
24821,9097355,9097519,164,CDS
24822,9095395,9095975,580,CDS
24823,9095066,9095333,267,CDS
24824,9094411,9095008,597,CDS
24825,9094243,9094348,105,CDS
24826,9102495,9103071,576,CDS
24827,9101566,9102233,667,CDS
24828,9101096,9101419,323,CDS
24829,9099314,9099461,147,CDS
24830,9098084,9098413,329,CDS
24831,9097756,9098007,251,CDS
24832,9097355,9097519,164,CDS
24833,9096766,9096825,59,CDS
24834,9095395,9095975,580,CDS
24835,9095066,9095333,267,CDS
24836,9094411,9095008,597,CDS
24837,9094243,9094348,105,CDS
24838,9102495,9103071,576,CDS
24839,9101566,9102233,667,CDS
24840,9101096,9101419,323,CDS
24841,9100513,9100657,144,CDS
24842,9098084,9098413,329,CDS
24843,9097756,9098007,251,CDS
24844,9097355,9097513,158,CDS
24845,9095395,9095651,256,CDS
24846,9095066,9095333,267,CDS
24847,9094411,9095008,597,CDS
24848,9094243,9094348,105,CDS
24849,9102495,9103071,576,CDS
24850,9101566,9102233,667,CDS
24851,9101096,9101419,323,CDS
24852,9100513,9100657,144,CDS
24853,9098084,9098413,329,CDS
24854,9097756,9098007,251,CDS
24855,9097355,9097513,158,CDS
24856,9096766,9096825,59,CDS
24857,9095395,9095651,256,CDS
24858,9095066,9095333,267,CDS
24859,9094411,9095008,597,CDS
24860,9094243,9094348,105,CDS
24861,9102495,9103071,576,CDS
24862,9101566,9102233,667,CDS
24863,9101096,9101419,323,CDS
24864,9100513,9100657,144,CDS
24865,9098084,9098413,329,CDS
24866,9097756,9098007,251,CDS
24867,9097355,9097513,158,CDS
24868,9096766,9096825,59,CDS
24869,9095395,9095825,430,CDS
24870,9095066,9095333,267,CDS
24871,9094411,9095008,597,CDS
24872,9094243,9094348,105,CDS
24873,9103870,9106604,2734,gene
24874,9106225,9106604,379,mRNA
24875,9105397,9105957,560,mRNA
24876,9103870,9105331,1461,mRNA
24877,9106225,9106604,379,mRNA
24878,9105397,9105957,560,mRNA
24879,9104318,9105331,1013,mRNA
24880,9106225,9106447,222,CDS
24881,9105397,9105957,560,CDS
24882,9104472,9105331,859,CDS
24883,9106225,9106447,222,CDS
24884,9105397,9105957,560,CDS
24885,9104472,9105331,859,CDS
24886,9107069,9108354,1285,gene
24887,9107069,9107237,168,mRNA
24888,9107305,9107557,252,mRNA
24889,9107676,9108354,678,mRNA
24890,9107145,9107237,92,CDS
24891,9107305,9107557,252,CDS
24892,9107676,9107932,256,CDS
24893,9108691,9117744,9053,gene
24894,9108691,9108986,295,mRNA
24895,9111082,9111143,61,mRNA
24896,9111387,9111528,141,mRNA
24897,9111598,9111786,188,mRNA
24898,9111854,9112092,238,mRNA
24899,9112163,9112239,76,mRNA
24900,9112750,9112767,17,mRNA
24901,9113643,9113899,256,mRNA
24902,9113975,9114570,595,mRNA
24903,9114634,9114772,138,mRNA
24904,9114838,9115126,288,mRNA
24905,9115196,9115711,515,mRNA
24906,9115765,9115908,143,mRNA
24907,9115971,9116078,107,mRNA
24908,9116146,9117739,1593,mRNA
24909,9108691,9108986,295,mRNA
24910,9111082,9111143,61,mRNA
24911,9111387,9111528,141,mRNA
24912,9111598,9111786,188,mRNA
24913,9111854,9112092,238,mRNA
24914,9112163,9112239,76,mRNA
24915,9113643,9113899,256,mRNA
24916,9113975,9114570,595,mRNA
24917,9114634,9114772,138,mRNA
24918,9114838,9115126,288,mRNA
24919,9115196,9115711,515,mRNA
24920,9115765,9115908,143,mRNA
24921,9115971,9116078,107,mRNA
24922,9116146,9117739,1593,mRNA
24923,9108931,9108986,55,CDS
24924,9111082,9111143,61,CDS
24925,9111387,9111528,141,CDS
24926,9111598,9111786,188,CDS
24927,9111854,9112092,238,CDS
24928,9112163,9112239,76,CDS
24929,9112750,9112767,17,CDS
24930,9113643,9113899,256,CDS
24931,9113975,9114570,595,CDS
24932,9114634,9114772,138,CDS
24933,9114838,9115126,288,CDS
24934,9115196,9115711,515,CDS
24935,9115765,9115908,143,CDS
24936,9115971,9116078,107,CDS
24937,9116146,9116262,116,CDS
24938,9108931,9108986,55,CDS
24939,9111082,9111143,61,CDS
24940,9111387,9111528,141,CDS
24941,9111598,9111786,188,CDS
24942,9111854,9112092,238,CDS
24943,9112163,9112239,76,CDS
24944,9113643,9113899,256,CDS
24945,9113975,9114570,595,CDS
24946,9114634,9114772,138,CDS
24947,9114838,9115126,288,CDS
24948,9115196,9115711,515,CDS
24949,9115765,9115908,143,CDS
24950,9115971,9116078,107,CDS
24951,9116146,9116262,116,CDS
24952,9109550,9109987,437,mRNA
24953,9110822,9111005,183,mRNA
24954,9111082,9111143,61,mRNA
24955,9111387,9111528,141,mRNA
24956,9111598,9111786,188,mRNA
24957,9111854,9112092,238,mRNA
24958,9112163,9112239,76,mRNA
24959,9112750,9112767,17,mRNA
24960,9113643,9113899,256,mRNA
24961,9113975,9114570,595,mRNA
24962,9114634,9114772,138,mRNA
24963,9114838,9115126,288,mRNA
24964,9115196,9115711,515,mRNA
24965,9115765,9115908,143,mRNA
24966,9115971,9116078,107,mRNA
24967,9116146,9117744,1598,mRNA
24968,9109550,9109694,144,mRNA
24969,9110618,9111005,387,mRNA
24970,9111082,9111143,61,mRNA
24971,9111387,9111528,141,mRNA
24972,9111598,9111786,188,mRNA
24973,9111854,9112092,238,mRNA
24974,9112163,9112239,76,mRNA
24975,9113643,9113899,256,mRNA
24976,9113975,9114570,595,mRNA
24977,9114634,9114772,138,mRNA
24978,9114838,9115126,288,mRNA
24979,9115196,9115711,515,mRNA
24980,9115765,9115908,143,mRNA
24981,9115971,9116078,107,mRNA
24982,9116146,9117741,1595,mRNA
24983,9109550,9109987,437,mRNA
24984,9110822,9111005,183,mRNA
24985,9111082,9111143,61,mRNA
24986,9111387,9111528,141,mRNA
24987,9111598,9111786,188,mRNA
24988,9111854,9112092,238,mRNA
24989,9112163,9112239,76,mRNA
24990,9113643,9113899,256,mRNA
24991,9113975,9114570,595,mRNA
24992,9114634,9114772,138,mRNA
24993,9114838,9115126,288,mRNA
24994,9115196,9115711,515,mRNA
24995,9115765,9115908,143,mRNA
24996,9115971,9116078,107,mRNA
24997,9116146,9117739,1593,mRNA
24998,9109550,9109756,206,mRNA
24999,9110822,9111005,183,mRNA
25000,9111082,9111143,61,mRNA
25001,9111387,9111528,141,mRNA
25002,9111598,9111786,188,mRNA
25003,9111854,9112092,238,mRNA
25004,9112163,9112239,76,mRNA
25005,9112750,9112767,17,mRNA
25006,9113643,9113899,256,mRNA
25007,9113975,9114570,595,mRNA
25008,9114634,9114772,138,mRNA
25009,9114838,9115126,288,mRNA
25010,9115196,9115711,515,mRNA
25011,9115765,9115908,143,mRNA
25012,9115971,9116078,107,mRNA
25013,9116146,9117739,1593,mRNA
25014,9109550,9109756,206,mRNA
25015,9110822,9111005,183,mRNA
25016,9111082,9111143,61,mRNA
25017,9111387,9111528,141,mRNA
25018,9111598,9111786,188,mRNA
25019,9111854,9112092,238,mRNA
25020,9112163,9112239,76,mRNA
25021,9113643,9113899,256,mRNA
25022,9113975,9114570,595,mRNA
25023,9114634,9114772,138,mRNA
25024,9114838,9115126,288,mRNA
25025,9115196,9115711,515,mRNA
25026,9115765,9115908,143,mRNA
25027,9115971,9116078,107,mRNA
25028,9116146,9117739,1593,mRNA
25029,9109550,9109694,144,mRNA
25030,9110822,9111005,183,mRNA
25031,9111082,9111143,61,mRNA
25032,9111387,9111528,141,mRNA
25033,9111598,9111786,188,mRNA
25034,9111854,9112092,238,mRNA
25035,9112163,9112239,76,mRNA
25036,9113643,9113899,256,mRNA
25037,9113975,9114570,595,mRNA
25038,9114634,9114772,138,mRNA
25039,9114838,9115126,288,mRNA
25040,9115196,9115711,515,mRNA
25041,9115765,9115908,143,mRNA
25042,9115971,9116078,107,mRNA
25043,9116146,9117739,1593,mRNA
25044,9110642,9111005,363,mRNA
25045,9111082,9111143,61,mRNA
25046,9111387,9111528,141,mRNA
25047,9111598,9111786,188,mRNA
25048,9111854,9112092,238,mRNA
25049,9112163,9112239,76,mRNA
25050,9113643,9113899,256,mRNA
25051,9113975,9114570,595,mRNA
25052,9114634,9114772,138,mRNA
25053,9114838,9115126,288,mRNA
25054,9115196,9115711,515,mRNA
25055,9115765,9115908,143,mRNA
25056,9115971,9116078,107,mRNA
25057,9116146,9117741,1595,mRNA
25058,9110989,9111005,16,CDS
25059,9111082,9111143,61,CDS
25060,9111387,9111528,141,CDS
25061,9111598,9111786,188,CDS
25062,9111854,9112092,238,CDS
25063,9112163,9112239,76,CDS
25064,9112750,9112767,17,CDS
25065,9113643,9113899,256,CDS
25066,9113975,9114570,595,CDS
25067,9114634,9114772,138,CDS
25068,9114838,9115126,288,CDS
25069,9115196,9115711,515,CDS
25070,9115765,9115908,143,CDS
25071,9115971,9116078,107,CDS
25072,9116146,9116262,116,CDS
25073,9110989,9111005,16,CDS
25074,9111082,9111143,61,CDS
25075,9111387,9111528,141,CDS
25076,9111598,9111786,188,CDS
25077,9111854,9112092,238,CDS
25078,9112163,9112239,76,CDS
25079,9112750,9112767,17,CDS
25080,9113643,9113899,256,CDS
25081,9113975,9114570,595,CDS
25082,9114634,9114772,138,CDS
25083,9114838,9115126,288,CDS
25084,9115196,9115711,515,CDS
25085,9115765,9115908,143,CDS
25086,9115971,9116078,107,CDS
25087,9116146,9116262,116,CDS
25088,9110989,9111005,16,CDS
25089,9111082,9111143,61,CDS
25090,9111387,9111528,141,CDS
25091,9111598,9111786,188,CDS
25092,9111854,9112092,238,CDS
25093,9112163,9112239,76,CDS
25094,9113643,9113899,256,CDS
25095,9113975,9114570,595,CDS
25096,9114634,9114772,138,CDS
25097,9114838,9115126,288,CDS
25098,9115196,9115711,515,CDS
25099,9115765,9115908,143,CDS
25100,9115971,9116078,107,CDS
25101,9116146,9116262,116,CDS
25102,9110989,9111005,16,CDS
25103,9111082,9111143,61,CDS
25104,9111387,9111528,141,CDS
25105,9111598,9111786,188,CDS
25106,9111854,9112092,238,CDS
25107,9112163,9112239,76,CDS
25108,9113643,9113899,256,CDS
25109,9113975,9114570,595,CDS
25110,9114634,9114772,138,CDS
25111,9114838,9115126,288,CDS
25112,9115196,9115711,515,CDS
25113,9115765,9115908,143,CDS
25114,9115971,9116078,107,CDS
25115,9116146,9116262,116,CDS
25116,9110989,9111005,16,CDS
25117,9111082,9111143,61,CDS
25118,9111387,9111528,141,CDS
25119,9111598,9111786,188,CDS
25120,9111854,9112092,238,CDS
25121,9112163,9112239,76,CDS
25122,9113643,9113899,256,CDS
25123,9113975,9114570,595,CDS
25124,9114634,9114772,138,CDS
25125,9114838,9115126,288,CDS
25126,9115196,9115711,515,CDS
25127,9115765,9115908,143,CDS
25128,9115971,9116078,107,CDS
25129,9116146,9116262,116,CDS
25130,9110989,9111005,16,CDS
25131,9111082,9111143,61,CDS
25132,9111387,9111528,141,CDS
25133,9111598,9111786,188,CDS
25134,9111854,9112092,238,CDS
25135,9112163,9112239,76,CDS
25136,9113643,9113899,256,CDS
25137,9113975,9114570,595,CDS
25138,9114634,9114772,138,CDS
25139,9114838,9115126,288,CDS
25140,9115196,9115711,515,CDS
25141,9115765,9115908,143,CDS
25142,9115971,9116078,107,CDS
25143,9116146,9116262,116,CDS
25144,9110989,9111005,16,CDS
25145,9111082,9111143,61,CDS
25146,9111387,9111528,141,CDS
25147,9111598,9111786,188,CDS
25148,9111854,9112092,238,CDS
25149,9112163,9112239,76,CDS
25150,9113643,9113899,256,CDS
25151,9113975,9114570,595,CDS
25152,9114634,9114772,138,CDS
25153,9114838,9115126,288,CDS
25154,9115196,9115711,515,CDS
25155,9115765,9115908,143,CDS
25156,9115971,9116078,107,CDS
25157,9116146,9116262,116,CDS
25158,9120717,9120918,201,gene
25159,9120717,9120918,201,ncRNA
25160,9121973,9135099,13126,gene
25161,9133940,9135099,1159,mRNA
25162,9127066,9127113,47,mRNA
25163,9126060,9126302,242,mRNA
25164,9121973,9125654,3681,mRNA
25165,9133940,9135040,1100,mRNA
25166,9127066,9127113,47,mRNA
25167,9126060,9126302,242,mRNA
25168,9123481,9125654,2173,mRNA
25169,9133940,9134203,263,CDS
25170,9127066,9127113,47,CDS
25171,9126060,9126302,242,CDS
25172,9125244,9125654,410,CDS
25173,9133940,9134203,263,CDS
25174,9127066,9127113,47,CDS
25175,9126060,9126302,242,CDS
25176,9125244,9125654,410,CDS
25177,9140242,9141965,1723,gene
25178,9140697,9141965,1268,ncRNA
25179,9140242,9140613,371,ncRNA
25180,9142493,9147894,5401,gene
25181,9142493,9142786,293,mRNA
25182,9142862,9144947,2085,mRNA
25183,9146008,9147894,1886,mRNA
25184,9142868,9144947,2079,CDS
25185,9146008,9147623,1615,CDS
25186,9148080,9149071,991,gene
25187,9148695,9149071,376,mRNA
25188,9148080,9148625,545,mRNA
25189,9148695,9149012,317,CDS
25190,9148371,9148625,254,CDS
25191,9149309,9151976,2667,gene
25192,9149309,9151976,2667,mRNA
25193,9149423,9151672,2249,CDS
25194,9152523,9156669,4146,gene
25195,9156580,9156669,89,mRNA
25196,9154380,9154685,305,mRNA
25197,9152523,9154240,1717,mRNA
25198,9156580,9156669,89,mRNA
25199,9154380,9154685,305,mRNA
25200,9153238,9154240,1002,mRNA
25201,9155404,9155613,209,mRNA
25202,9154380,9154685,305,mRNA
25203,9153238,9154240,1002,mRNA
25204,9154785,9155012,227,mRNA
25205,9154380,9154685,305,mRNA
25206,9153238,9154240,1002,mRNA
25207,9154380,9154661,281,CDS
25208,9154112,9154240,128,CDS
25209,9154380,9154661,281,CDS
25210,9154112,9154240,128,CDS
25211,9154380,9154661,281,CDS
25212,9154112,9154240,128,CDS
25213,9154380,9154661,281,CDS
25214,9154112,9154240,128,CDS
25215,9156929,9158515,1586,gene
25216,9158290,9158515,225,mRNA
25217,9156929,9158215,1286,mRNA
25218,9158290,9158431,141,CDS
25219,9157008,9158215,1207,CDS
25220,9158622,9159375,753,gene
25221,9158622,9159076,454,mRNA
25222,9159137,9159375,238,mRNA
25223,9158622,9159076,454,mRNA
25224,9159140,9159375,235,mRNA
25225,9158677,9159076,399,CDS
25226,9159137,9159267,130,CDS
25227,9158677,9159076,399,CDS
25228,9159140,9159267,127,CDS
25229,9159514,9160052,538,gene
25230,9159907,9160052,145,mRNA
25231,9159514,9159848,334,mRNA
25232,9159907,9159957,50,mRNA
25233,9159514,9159848,334,mRNA
25234,9159606,9159839,233,CDS
25235,9159606,9159839,233,CDS
25236,9160124,9162090,1966,gene
25237,9161302,9162090,788,mRNA
25238,9160124,9161187,1063,mRNA
25239,9160251,9160366,115,mobile_element
25240,9161302,9161974,672,CDS
25241,9160487,9161187,700,CDS
25242,9162092,9163153,1061,gene
25243,9162092,9162258,166,mRNA
25244,9162358,9163153,795,mRNA
25245,9162475,9163026,551,CDS
25246,9163255,9189309,26054,gene
25247,9163255,9163398,143,mRNA
25248,9165682,9166459,777,mRNA
25249,9166535,9167032,497,mRNA
25250,9167158,9169262,2104,mRNA
25251,9169466,9169985,519,mRNA
25252,9170059,9170222,163,mRNA
25253,9170304,9170536,232,mRNA
25254,9170711,9189309,18598,mRNA
25255,9163255,9163290,35,mRNA
25256,9165682,9166459,777,mRNA
25257,9166535,9167032,497,mRNA
25258,9167158,9169262,2104,mRNA
25259,9169517,9169985,468,mRNA
25260,9170059,9170222,163,mRNA
25261,9170304,9170536,232,mRNA
25262,9170711,9171659,948,mRNA
25263,9163255,9163290,35,mRNA
25264,9165682,9166459,777,mRNA
25265,9166535,9167032,497,mRNA
25266,9167158,9169262,2104,mRNA
25267,9169517,9169985,468,mRNA
25268,9170059,9170222,163,mRNA
25269,9170304,9170536,232,mRNA
25270,9170711,9171659,948,mRNA
25271,9164163,9164334,171,mRNA
25272,9165682,9166459,777,mRNA
25273,9166535,9167032,497,mRNA
25274,9167158,9169262,2104,mRNA
25275,9169517,9169985,468,mRNA
25276,9170059,9170222,163,mRNA
25277,9170304,9170536,232,mRNA
25278,9170711,9175190,4479,mRNA
25279,9165963,9166459,496,mRNA
25280,9166520,9167032,512,mRNA
25281,9167158,9169262,2104,mRNA
25282,9169517,9169985,468,mRNA
25283,9170059,9170222,163,mRNA
25284,9170304,9170536,232,mRNA
25285,9170711,9189309,18598,mRNA
25286,9165963,9166459,496,mRNA
25287,9166535,9167032,497,mRNA
25288,9167158,9169262,2104,mRNA
25289,9169466,9169985,519,mRNA
25290,9170059,9170222,163,mRNA
25291,9170304,9170536,232,mRNA
25292,9170711,9171659,948,mRNA
25293,9166539,9167032,493,CDS
25294,9167158,9169262,2104,CDS
25295,9169517,9169985,468,CDS
25296,9170059,9170222,163,CDS
25297,9170304,9170536,232,CDS
25298,9170711,9171178,467,CDS
25299,9166539,9167032,493,CDS
25300,9167158,9169262,2104,CDS
25301,9169466,9169985,519,CDS
25302,9170059,9170222,163,CDS
25303,9170304,9170536,232,CDS
25304,9170711,9170815,104,CDS
25305,9166539,9167032,493,CDS
25306,9167158,9169262,2104,CDS
25307,9169466,9169985,519,CDS
25308,9170059,9170222,163,CDS
25309,9170304,9170536,232,CDS
25310,9170711,9170815,104,CDS
25311,9166539,9167032,493,CDS
25312,9167158,9169262,2104,CDS
25313,9169517,9169985,468,CDS
25314,9170059,9170222,163,CDS
25315,9170304,9170536,232,CDS
25316,9170711,9170815,104,CDS
25317,9166539,9167032,493,CDS
25318,9167158,9169262,2104,CDS
25319,9169517,9169985,468,CDS
25320,9170059,9170222,163,CDS
25321,9170304,9170536,232,CDS
25322,9170711,9170815,104,CDS
25323,9166539,9167032,493,CDS
25324,9167158,9169262,2104,CDS
25325,9169517,9169985,468,CDS
25326,9170059,9170222,163,CDS
25327,9170304,9170536,232,CDS
25328,9170711,9170815,104,CDS
25329,9189326,9190605,1279,gene
25330,9190540,9190605,65,mRNA
25331,9189326,9190128,802,mRNA
25332,9190540,9190581,41,CDS
25333,9189379,9190128,749,CDS
25334,9191657,9192548,891,gene
25335,9191657,9192548,891,mRNA
25336,9191657,9192344,687,mRNA
25337,9192437,9192548,111,mRNA
25338,9191685,9192344,659,CDS
25339,9191685,9192344,659,CDS
25340,9192669,9193620,951,gene
25341,9192669,9193620,951,mRNA
25342,9192692,9193555,863,CDS
25343,9193898,9195333,1435,gene
25344,9193898,9194207,309,mRNA
25345,9194272,9195333,1061,mRNA
25346,9194036,9194207,171,CDS
25347,9194272,9194735,463,CDS
25348,9194750,9196414,1664,gene
25349,9196196,9196414,218,mRNA
25350,9195551,9196119,568,mRNA
25351,9194750,9195221,471,mRNA
25352,9196196,9196414,218,mRNA
25353,9195551,9196136,585,mRNA
25354,9194750,9195221,471,mRNA
25355,9195551,9196102,551,CDS
25356,9194919,9195221,302,CDS
25357,9195551,9196102,551,CDS
25358,9194919,9195221,302,CDS
25359,9196808,9201820,5012,gene
25360,9201620,9201820,200,mRNA
25361,9200133,9200196,63,mRNA
25362,9197269,9200073,2804,mRNA
25363,9197053,9197210,157,mRNA
25364,9196808,9196978,170,mRNA
25365,9200133,9200177,44,CDS
25366,9197269,9200073,2804,CDS
25367,9197053,9197210,157,CDS
25368,9196891,9196978,87,CDS
25369,9206126,9210887,4761,gene
25370,9209433,9210887,1454,mRNA
25371,9206126,9207071,945,mRNA
25372,9209433,9210547,1114,mRNA
25373,9206126,9207071,945,mRNA
25374,9209433,9210284,851,CDS
25375,9206421,9207071,650,CDS
25376,9209433,9210284,851,CDS
25377,9206421,9207071,650,CDS
25378,9214876,9215699,823,gene
25379,9214876,9214931,55,mRNA
25380,9215159,9215699,540,mRNA
25381,9214896,9214931,35,CDS
25382,9215159,9215614,455,CDS
25383,9215785,9216540,755,gene
25384,9215785,9216540,755,mRNA
25385,9215879,9216367,488,CDS
25386,9216872,9217466,594,gene
25387,9216872,9217095,223,mRNA
25388,9217149,9217466,317,mRNA
25389,9216872,9217095,223,mRNA
25390,9217149,9217368,219,mRNA
25391,9216926,9217095,169,CDS
25392,9217149,9217347,198,CDS
25393,9216926,9217095,169,CDS
25394,9217149,9217347,198,CDS
25395,9217655,9223257,5602,gene
25396,9222940,9223257,317,mRNA
25397,9221416,9221509,93,mRNA
25398,9221210,9221313,103,mRNA
25399,9219253,9219363,110,mRNA
25400,9218953,9219187,234,mRNA
25401,9218774,9218894,120,mRNA
25402,9218588,9218704,116,mRNA
25403,9217655,9218529,874,mRNA
25404,9222940,9223257,317,mRNA
25405,9221416,9221509,93,mRNA
25406,9221210,9221313,103,mRNA
25407,9219253,9219363,110,mRNA
25408,9218953,9219187,234,mRNA
25409,9218774,9218894,120,mRNA
25410,9218588,9218704,116,mRNA
25411,9217998,9218529,531,mRNA
25412,9222940,9223026,86,CDS
25413,9221416,9221509,93,CDS
25414,9221210,9221313,103,CDS
25415,9219253,9219363,110,CDS
25416,9218953,9219187,234,CDS
25417,9218774,9218894,120,CDS
25418,9218588,9218704,116,CDS
25419,9218235,9218529,294,CDS
25420,9222940,9223026,86,CDS
25421,9221416,9221509,93,CDS
25422,9221210,9221313,103,CDS
25423,9219253,9219363,110,CDS
25424,9218953,9219187,234,CDS
25425,9218774,9218894,120,CDS
25426,9218588,9218704,116,CDS
25427,9218235,9218529,294,CDS
25428,9225437,9226688,1251,gene
25429,9225437,9226688,1251,mRNA
25430,9225456,9226568,1112,CDS
25431,9227137,9228827,1690,gene
25432,9227137,9228135,998,mRNA
25433,9228197,9228348,151,mRNA
25434,9228408,9228497,89,mRNA
25435,9228560,9228827,267,mRNA
25436,9227295,9228135,840,CDS
25437,9228197,9228348,151,CDS
25438,9228408,9228497,89,CDS
25439,9228560,9228634,74,CDS
25440,9228796,9232378,3582,gene
25441,9232003,9232378,375,mRNA
25442,9231828,9231938,110,mRNA
25443,9231621,9231766,145,mRNA
25444,9230700,9231558,858,mRNA
25445,9230508,9230641,133,mRNA
25446,9230179,9230446,267,mRNA
25447,9228796,9229855,1059,mRNA
25448,9232003,9232113,110,CDS
25449,9231828,9231938,110,CDS
25450,9231621,9231766,145,CDS
25451,9230700,9231558,858,CDS
25452,9230508,9230641,133,CDS
25453,9230179,9230446,267,CDS
25454,9229268,9229855,587,CDS
25455,9232726,9236585,3859,gene
25456,9236519,9236585,66,mRNA
25457,9236310,9236459,149,mRNA
25458,9235793,9236178,385,mRNA
25459,9234824,9235003,179,mRNA
25460,9232726,9234753,2027,mRNA
25461,9236519,9236585,66,CDS
25462,9236310,9236459,149,CDS
25463,9235793,9236178,385,CDS
25464,9234824,9235003,179,CDS
25465,9232726,9234753,2027,CDS
25466,9236460,9236518,58,gene
25467,9236460,9236518,58,precursor_RNA
25468,9236461,9236482,21,ncRNA
25469,9236801,9243467,6666,gene
25470,9243159,9243467,308,mRNA
25471,9242933,9243100,167,mRNA
25472,9242695,9242869,174,mRNA
25473,9242325,9242625,300,mRNA
25474,9238254,9242220,3966,mRNA
25475,9237489,9238191,702,mRNA
25476,9236801,9237414,613,mRNA
25477,9243159,9243467,308,mRNA
25478,9242933,9243100,167,mRNA
25479,9242695,9242869,174,mRNA
25480,9242325,9242625,300,mRNA
25481,9238254,9242220,3966,mRNA
25482,9237489,9238191,702,mRNA
25483,9236978,9237414,436,mRNA
25484,9243159,9243204,45,CDS
25485,9242933,9243100,167,CDS
25486,9242695,9242869,174,CDS
25487,9242325,9242625,300,CDS
25488,9238254,9242220,3966,CDS
25489,9237489,9238191,702,CDS
25490,9237261,9237414,153,CDS
25491,9243159,9243204,45,CDS
25492,9242933,9243100,167,CDS
25493,9242695,9242869,174,CDS
25494,9242325,9242625,300,CDS
25495,9238254,9242220,3966,CDS
25496,9237489,9238191,702,CDS
25497,9237261,9237414,153,CDS
25498,9243817,9245925,2108,gene
25499,9243817,9244146,329,mRNA
25500,9244207,9245925,1718,mRNA
25501,9243876,9244146,270,CDS
25502,9244207,9245723,1516,CDS
25503,9245915,9247336,1421,gene
25504,9245915,9247336,1421,mRNA
25505,9245915,9247125,1210,mRNA
25506,9246207,9247061,854,CDS
25507,9246207,9247061,854,CDS
25508,9247342,9250037,2695,gene
25509,9247342,9247908,566,mRNA
25510,9248542,9249181,639,mRNA
25511,9249375,9249701,326,mRNA
25512,9249773,9250037,264,mRNA
25513,9247629,9247908,279,mRNA
25514,9248551,9249181,630,mRNA
25515,9249375,9249701,326,mRNA
25516,9249773,9250037,264,mRNA
25517,9247799,9247908,109,CDS
25518,9248542,9249181,639,CDS
25519,9249375,9249701,326,CDS
25520,9249773,9249886,113,CDS
25521,9247799,9247908,109,CDS
25522,9248551,9249181,630,CDS
25523,9249375,9249701,326,CDS
25524,9249773,9249886,113,CDS
25525,9250420,9255953,5533,gene
25526,9250420,9251029,609,mRNA
25527,9252528,9253571,1043,mRNA
25528,9253651,9253858,207,mRNA
25529,9253917,9254039,122,mRNA
25530,9254113,9254349,236,mRNA
25531,9255637,9255953,316,mRNA
25532,9250420,9251029,609,mRNA
25533,9252528,9253571,1043,mRNA
25534,9253651,9253858,207,mRNA
25535,9253917,9254039,122,mRNA
25536,9254113,9254924,811,mRNA
25537,9255628,9255802,174,mRNA
25538,9250420,9251029,609,mRNA
25539,9252528,9253571,1043,mRNA
25540,9253651,9253858,207,mRNA
25541,9253917,9254039,122,mRNA
25542,9254113,9254349,236,mRNA
25543,9255628,9255802,174,mRNA
25544,9250420,9250563,143,mRNA
25545,9250628,9251029,401,mRNA
25546,9252528,9253571,1043,mRNA
25547,9253651,9253858,207,mRNA
25548,9253917,9254039,122,mRNA
25549,9254113,9254349,236,mRNA
25550,9255628,9255802,174,mRNA
25551,9250420,9250563,143,mRNA
25552,9250628,9251029,401,mRNA
25553,9252528,9253571,1043,mRNA
25554,9253651,9253858,207,mRNA
25555,9253917,9254039,122,mRNA
25556,9254113,9255031,918,mRNA
25557,9250770,9251029,259,CDS
25558,9252528,9253571,1043,CDS
25559,9253651,9253858,207,CDS
25560,9253917,9254039,122,CDS
25561,9254113,9254349,236,CDS
25562,9255628,9255720,92,CDS
25563,9250770,9251029,259,CDS
25564,9252528,9253571,1043,CDS
25565,9253651,9253858,207,CDS
25566,9253917,9254039,122,CDS
25567,9254113,9254349,236,CDS
25568,9255628,9255720,92,CDS
25569,9250770,9251029,259,CDS
25570,9252528,9253571,1043,CDS
25571,9253651,9253858,207,CDS
25572,9253917,9254039,122,CDS
25573,9254113,9254349,236,CDS
25574,9255637,9255720,83,CDS
25575,9250770,9251029,259,CDS
25576,9252528,9253571,1043,CDS
25577,9253651,9253858,207,CDS
25578,9253917,9254039,122,CDS
25579,9254113,9254355,242,CDS
25580,9250770,9251029,259,CDS
25581,9252528,9253571,1043,CDS
25582,9253651,9253858,207,CDS
25583,9253917,9254039,122,CDS
25584,9254113,9254355,242,CDS
25585,9252209,9252393,184,mRNA
25586,9252528,9253571,1043,mRNA
25587,9253651,9253858,207,mRNA
25588,9253917,9254039,122,mRNA
25589,9254113,9254349,236,mRNA
25590,9255628,9255802,174,mRNA
25591,9252580,9253571,991,CDS
25592,9253651,9253858,207,CDS
25593,9253917,9254039,122,CDS
25594,9254113,9254349,236,CDS
25595,9255628,9255720,92,CDS
25596,9256168,9259202,3034,gene
25597,9256168,9256377,209,mRNA
25598,9256443,9259202,2759,mRNA
25599,9256168,9256377,209,mRNA
25600,9256443,9258670,2227,mRNA
25601,9256297,9256377,80,CDS
25602,9256443,9258083,1640,CDS
25603,9256297,9256377,80,CDS
25604,9256443,9258083,1640,CDS
25605,9259218,9260522,1304,gene
25606,9259218,9260522,1304,exon
25607,9260697,9261332,635,gene
25608,9260697,9261332,635,exon
25609,9261376,9267698,6322,gene
25610,9267180,9267698,518,mRNA
25611,9266919,9267030,111,mRNA
25612,9265182,9265465,283,mRNA
25613,9264893,9265083,190,mRNA
25614,9264623,9264829,206,mRNA
25615,9264402,9264542,140,mRNA
25616,9264232,9264328,96,mRNA
25617,9263711,9264162,451,mRNA
25618,9261376,9263012,1636,mRNA
25619,9267180,9267698,518,mRNA
25620,9266919,9267111,192,mRNA
25621,9265182,9265465,283,mRNA
25622,9264893,9265083,190,mRNA
25623,9264623,9264829,206,mRNA
25624,9264402,9264542,140,mRNA
25625,9264232,9264328,96,mRNA
25626,9263711,9264162,451,mRNA
25627,9261376,9263012,1636,mRNA
25628,9265182,9265268,86,CDS
25629,9264893,9265083,190,CDS
25630,9264623,9264829,206,CDS
25631,9264402,9264542,140,CDS
25632,9264232,9264328,96,CDS
25633,9263711,9264162,451,CDS
25634,9261437,9263012,1575,CDS
25635,9265182,9265268,86,CDS
25636,9264893,9265083,190,CDS
25637,9264623,9264829,206,CDS
25638,9264402,9264542,140,CDS
25639,9264232,9264328,96,CDS
25640,9263711,9264162,451,CDS
25641,9261437,9263012,1575,CDS
25642,9267180,9267698,518,mRNA
25643,9266919,9267030,111,mRNA
25644,9265182,9265465,283,mRNA
25645,9264893,9265083,190,mRNA
25646,9264623,9264829,206,mRNA
25647,9264402,9264542,140,mRNA
25648,9264232,9264328,96,mRNA
25649,9263711,9264162,451,mRNA
25650,9263283,9263575,292,mRNA
25651,9265182,9265268,86,CDS
25652,9264893,9265083,190,CDS
25653,9264623,9264829,206,CDS
25654,9264402,9264542,140,CDS
25655,9264232,9264328,96,CDS
25656,9263711,9264162,451,CDS
25657,9263395,9263575,180,CDS
25658,9268438,9269925,1487,gene
25659,9269771,9269925,154,mRNA
25660,9269577,9269710,133,mRNA
25661,9268971,9269514,543,mRNA
25662,9268438,9268904,466,mRNA
25663,9269771,9269794,23,CDS
25664,9269577,9269710,133,CDS
25665,9268971,9269514,543,CDS
25666,9268506,9268904,398,CDS
25667,9270434,9272960,2526,gene
25668,9272860,9272960,100,mRNA
25669,9272666,9272799,133,mRNA
25670,9271916,9272603,687,mRNA
25671,9270434,9271854,1420,mRNA
25672,9272666,9272960,294,mRNA
25673,9271916,9272603,687,mRNA
25674,9270434,9271854,1420,mRNA
25675,9272860,9272889,29,CDS
25676,9272666,9272799,133,CDS
25677,9271916,9272603,687,CDS
25678,9270775,9271854,1079,CDS
25679,9272666,9272889,223,CDS
25680,9271916,9272603,687,CDS
25681,9270775,9271854,1079,CDS
25682,9273413,9275653,2240,gene
25683,9273413,9273911,498,mRNA
25684,9273972,9274256,284,mRNA
25685,9274314,9274690,376,mRNA
25686,9274927,9275653,726,mRNA
25687,9273413,9273911,498,mRNA
25688,9273972,9274256,284,mRNA
25689,9274314,9274690,376,mRNA
25690,9274927,9275352,425,mRNA
25691,9273514,9273911,397,CDS
25692,9273972,9274256,284,CDS
25693,9274314,9274690,376,CDS
25694,9274927,9275267,340,CDS
25695,9273514,9273911,397,CDS
25696,9273972,9274256,284,CDS
25697,9274314,9274690,376,CDS
25698,9274927,9275267,340,CDS
25699,9274714,9274862,148,gene
25700,9274714,9274862,148,ncRNA
25701,9275318,9283117,7799,gene
25702,9282793,9283117,324,mRNA
25703,9281451,9281628,177,mRNA
25704,9278956,9281387,2431,mRNA
25705,9278252,9278897,645,mRNA
25706,9277715,9278189,474,mRNA
25707,9277449,9277652,203,mRNA
25708,9276494,9277384,890,mRNA
25709,9276329,9276431,102,mRNA
25710,9275318,9276267,949,mRNA
25711,9282793,9283117,324,mRNA
25712,9281451,9281628,177,mRNA
25713,9278956,9281387,2431,mRNA
25714,9278252,9278897,645,mRNA
25715,9277715,9278189,474,mRNA
25716,9277449,9277652,203,mRNA
25717,9276494,9277384,890,mRNA
25718,9276329,9276431,102,mRNA
25719,9275648,9276267,619,mRNA
25720,9282793,9282949,156,CDS
25721,9281451,9281628,177,CDS
25722,9278956,9281387,2431,CDS
25723,9278252,9278897,645,CDS
25724,9277715,9278189,474,CDS
25725,9277449,9277652,203,CDS
25726,9276494,9277384,890,CDS
25727,9276329,9276431,102,CDS
25728,9276125,9276267,142,CDS
25729,9282793,9282949,156,CDS
25730,9281451,9281628,177,CDS
25731,9278956,9281387,2431,CDS
25732,9278252,9278897,645,CDS
25733,9277715,9278189,474,CDS
25734,9277449,9277652,203,CDS
25735,9276494,9277384,890,CDS
25736,9276329,9276431,102,CDS
25737,9276125,9276267,142,CDS
25738,9284649,9303636,18987,gene
25739,9284649,9284736,87,mRNA
25740,9285787,9286782,995,mRNA
25741,9288332,9288571,239,mRNA
25742,9293906,9294019,113,mRNA
25743,9295277,9295639,362,mRNA
25744,9301970,9303636,1666,mRNA
25745,9284649,9284736,87,mRNA
25746,9285787,9286782,995,mRNA
25747,9288332,9288571,239,mRNA
25748,9293906,9294019,113,mRNA
25749,9301970,9303636,1666,mRNA
25750,9285921,9286782,861,CDS
25751,9288332,9288571,239,CDS
25752,9293906,9294019,113,CDS
25753,9295277,9295639,362,CDS
25754,9301970,9302871,901,CDS
25755,9285921,9286782,861,CDS
25756,9288332,9288571,239,CDS
25757,9293906,9294019,113,CDS
25758,9301970,9302871,901,CDS
25759,9314685,9315171,486,gene
25760,9314685,9315171,486,ncRNA
25761,9317915,9319223,1308,gene
25762,9318992,9319223,231,mRNA
25763,9317915,9318928,1013,mRNA
25764,9318992,9319122,130,CDS
25765,9318280,9318928,648,CDS
25766,9319359,9324458,5099,gene
25767,9319359,9319684,325,mRNA
25768,9319817,9319867,50,mRNA
25769,9320085,9320512,427,mRNA
25770,9320587,9320907,320,mRNA
25771,9320967,9321538,571,mRNA
25772,9321603,9323714,2111,mRNA
25773,9323768,9324202,434,mRNA
25774,9324260,9324458,198,mRNA
25775,9319359,9319684,325,mRNA
25776,9320085,9320512,427,mRNA
25777,9320587,9320907,320,mRNA
25778,9320967,9321538,571,mRNA
25779,9321603,9323714,2111,mRNA
25780,9323768,9324202,434,mRNA
25781,9324260,9324458,198,mRNA
25782,9319492,9319684,192,CDS
25783,9319817,9319867,50,CDS
25784,9320085,9320512,427,CDS
25785,9320587,9320907,320,CDS
25786,9320967,9321538,571,CDS
25787,9321603,9323714,2111,CDS
25788,9323768,9324202,434,CDS
25789,9324260,9324359,99,CDS
25790,9319492,9319684,192,CDS
25791,9320085,9320512,427,CDS
25792,9320587,9320907,320,CDS
25793,9320967,9321538,571,CDS
25794,9321603,9323714,2111,CDS
25795,9323768,9324202,434,CDS
25796,9324260,9324359,99,CDS
25797,9324508,9356227,31719,gene
25798,9356115,9356227,112,mRNA
25799,9354462,9355178,716,mRNA
25800,9338513,9338631,118,mRNA
25801,9338291,9338448,157,mRNA
25802,9338053,9338225,172,mRNA
25803,9337698,9337892,194,mRNA
25804,9336925,9337237,312,mRNA
25805,9333384,9333622,238,mRNA
25806,9332454,9332699,245,mRNA
25807,9328353,9328594,241,mRNA
25808,9324508,9328286,3778,mRNA
25809,9356001,9356227,226,mRNA
25810,9354462,9355178,716,mRNA
25811,9338513,9338631,118,mRNA
25812,9338291,9338433,142,mRNA
25813,9338053,9338225,172,mRNA
25814,9337698,9337892,194,mRNA
25815,9336994,9337237,243,mRNA
25816,9333384,9333622,238,mRNA
25817,9332454,9332699,245,mRNA
25818,9328353,9328594,241,mRNA
25819,9324508,9328286,3778,mRNA
25820,9356001,9356227,226,mRNA
25821,9354462,9355178,716,mRNA
25822,9338513,9338631,118,mRNA
25823,9338291,9338448,157,mRNA
25824,9338053,9338225,172,mRNA
25825,9337698,9337892,194,mRNA
25826,9336925,9337237,312,mRNA
25827,9333384,9333622,238,mRNA
25828,9332454,9332699,245,mRNA
25829,9330936,9331478,542,mRNA
25830,9328353,9328594,241,mRNA
25831,9324508,9328286,3778,mRNA
25832,9355987,9356227,240,mRNA
25833,9354462,9355178,716,mRNA
25834,9338513,9338631,118,mRNA
25835,9338291,9338448,157,mRNA
25836,9338053,9338225,172,mRNA
25837,9337698,9337892,194,mRNA
25838,9336925,9337237,312,mRNA
25839,9333384,9333622,238,mRNA
25840,9328353,9328594,241,mRNA
25841,9324508,9328286,3778,mRNA
25842,9356115,9356227,112,mRNA
25843,9354462,9355178,716,mRNA
25844,9338513,9338631,118,mRNA
25845,9338291,9338448,157,mRNA
25846,9338053,9338225,172,mRNA
25847,9337698,9337892,194,mRNA
25848,9336925,9337237,312,mRNA
25849,9333384,9333622,238,mRNA
25850,9332454,9332699,245,mRNA
25851,9328353,9328594,241,mRNA
25852,9326658,9328286,1628,mRNA
25853,9356001,9356227,226,mRNA
25854,9354462,9355178,716,mRNA
25855,9338513,9338631,118,mRNA
25856,9338291,9338448,157,mRNA
25857,9338053,9338225,172,mRNA
25858,9337698,9337892,194,mRNA
25859,9336994,9337237,243,mRNA
25860,9333384,9333622,238,mRNA
25861,9332454,9332699,245,mRNA
25862,9328353,9328594,241,mRNA
25863,9326658,9328286,1628,mRNA
25864,9354462,9354553,91,CDS
25865,9338513,9338631,118,CDS
25866,9338291,9338448,157,CDS
25867,9338053,9338225,172,CDS
25868,9337698,9337892,194,CDS
25869,9336925,9337237,312,CDS
25870,9333384,9333622,238,CDS
25871,9332454,9332699,245,CDS
25872,9328353,9328594,241,CDS
25873,9326905,9328286,1381,CDS
25874,9354462,9354553,91,CDS
25875,9338513,9338631,118,CDS
25876,9338291,9338433,142,CDS
25877,9338053,9338225,172,CDS
25878,9337698,9337892,194,CDS
25879,9336994,9337237,243,CDS
25880,9333384,9333622,238,CDS
25881,9332454,9332699,245,CDS
25882,9328353,9328594,241,CDS
25883,9327259,9328286,1027,CDS
25884,9354462,9354553,91,CDS
25885,9338513,9338631,118,CDS
25886,9338291,9338448,157,CDS
25887,9338053,9338225,172,CDS
25888,9337698,9337892,194,CDS
25889,9336994,9337237,243,CDS
25890,9333384,9333622,238,CDS
25891,9332454,9332699,245,CDS
25892,9328353,9328594,241,CDS
25893,9327259,9328286,1027,CDS
25894,9354462,9354553,91,CDS
25895,9338513,9338631,118,CDS
25896,9338291,9338448,157,CDS
25897,9338053,9338225,172,CDS
25898,9337698,9337892,194,CDS
25899,9336925,9337237,312,CDS
25900,9333384,9333622,238,CDS
25901,9328353,9328594,241,CDS
25902,9327259,9328286,1027,CDS
25903,9354462,9354553,91,CDS
25904,9338513,9338631,118,CDS
25905,9338291,9338448,157,CDS
25906,9338053,9338225,172,CDS
25907,9337698,9337892,194,CDS
25908,9336925,9337237,312,CDS
25909,9333384,9333622,238,CDS
25910,9332454,9332699,245,CDS
25911,9328353,9328594,241,CDS
25912,9327259,9328286,1027,CDS
25913,9329016,9330487,1471,gene
25914,9329016,9330487,1471,mRNA
25915,9329105,9330232,1127,CDS
25916,9356115,9356227,112,mRNA
25917,9354462,9355178,716,mRNA
25918,9338513,9338631,118,mRNA
25919,9338291,9338448,157,mRNA
25920,9338053,9338225,172,mRNA
25921,9337698,9337892,194,mRNA
25922,9336994,9337237,243,mRNA
25923,9333384,9333622,238,mRNA
25924,9332454,9332699,245,mRNA
25925,9331341,9331478,137,mRNA
25926,9354462,9354553,91,CDS
25927,9338513,9338631,118,CDS
25928,9338291,9338448,157,CDS
25929,9338053,9338225,172,CDS
25930,9337698,9337892,194,CDS
25931,9336994,9337237,243,CDS
25932,9333384,9333622,238,CDS
25933,9332454,9332699,245,CDS
25934,9331442,9331478,36,CDS
25935,9354462,9354553,91,CDS
25936,9338513,9338631,118,CDS
25937,9338291,9338448,157,CDS
25938,9338053,9338225,172,CDS
25939,9337698,9337892,194,CDS
25940,9336925,9337237,312,CDS
25941,9333384,9333622,238,CDS
25942,9332454,9332699,245,CDS
25943,9331442,9331478,36,CDS
25944,9356634,9358594,1960,gene
25945,9356634,9357265,631,mRNA
25946,9357563,9358594,1031,mRNA
25947,9356920,9357265,345,CDS
25948,9357563,9357681,118,CDS
25949,9358496,9500129,141633,gene
25950,9499874,9500129,255,mRNA
25951,9471999,9472657,658,mRNA
25952,9383207,9383365,158,mRNA
25953,9382610,9382741,131,mRNA
25954,9375357,9375629,272,mRNA
25955,9375004,9375258,254,mRNA
25956,9371619,9373937,2318,mRNA
25957,9365878,9371538,5660,mRNA
25958,9365592,9365803,211,mRNA
25959,9365126,9365532,406,mRNA
25960,9363557,9365061,1504,mRNA
25961,9363181,9363493,312,mRNA
25962,9360933,9363119,2186,mRNA
25963,9360606,9360853,247,mRNA
25964,9358496,9360534,2038,mRNA
25965,9499886,9500129,243,mRNA
25966,9471999,9472657,658,mRNA
25967,9383207,9383365,158,mRNA
25968,9382610,9382741,131,mRNA
25969,9375357,9375629,272,mRNA
25970,9375004,9375258,254,mRNA
25971,9371619,9373937,2318,mRNA
25972,9365878,9371538,5660,mRNA
25973,9365592,9365803,211,mRNA
25974,9365126,9365532,406,mRNA
25975,9363557,9365061,1504,mRNA
25976,9363181,9363493,312,mRNA
25977,9360933,9363119,2186,mRNA
25978,9360606,9360853,247,mRNA
25979,9359850,9360534,684,mRNA
25980,9495976,9496189,213,mRNA
25981,9471999,9472657,658,mRNA
25982,9383207,9383365,158,mRNA
25983,9382610,9382741,131,mRNA
25984,9375357,9375629,272,mRNA
25985,9375004,9375258,254,mRNA
25986,9371619,9373937,2318,mRNA
25987,9365878,9371538,5660,mRNA
25988,9365592,9365803,211,mRNA
25989,9365126,9365532,406,mRNA
25990,9363557,9365061,1504,mRNA
25991,9363181,9363493,312,mRNA
25992,9360933,9363119,2186,mRNA
25993,9360606,9360853,247,mRNA
25994,9359850,9360534,684,mRNA
25995,9495674,9495899,225,mRNA
25996,9471999,9473266,1267,mRNA
25997,9383207,9383365,158,mRNA
25998,9382610,9382741,131,mRNA
25999,9375357,9375629,272,mRNA
26000,9375004,9375258,254,mRNA
26001,9371619,9373937,2318,mRNA
26002,9365878,9371538,5660,mRNA
26003,9365592,9365803,211,mRNA
26004,9365126,9365532,406,mRNA
26005,9363557,9365061,1504,mRNA
26006,9363181,9363493,312,mRNA
26007,9360933,9363119,2186,mRNA
26008,9360606,9360853,247,mRNA
26009,9359850,9360534,684,mRNA
26010,9471999,9472416,417,CDS
26011,9383207,9383365,158,CDS
26012,9382610,9382741,131,CDS
26013,9375357,9375629,272,CDS
26014,9375004,9375258,254,CDS
26015,9371619,9373937,2318,CDS
26016,9365878,9371538,5660,CDS
26017,9365592,9365803,211,CDS
26018,9365126,9365532,406,CDS
26019,9363557,9365061,1504,CDS
26020,9363181,9363493,312,CDS
26021,9360933,9363119,2186,CDS
26022,9360606,9360853,247,CDS
26023,9360314,9360534,220,CDS
26024,9471999,9472416,417,CDS
26025,9383207,9383365,158,CDS
26026,9382610,9382741,131,CDS
26027,9375357,9375629,272,CDS
26028,9375004,9375258,254,CDS
26029,9371619,9373937,2318,CDS
26030,9365878,9371538,5660,CDS
26031,9365592,9365803,211,CDS
26032,9365126,9365532,406,CDS
26033,9363557,9365061,1504,CDS
26034,9363181,9363493,312,CDS
26035,9360933,9363119,2186,CDS
26036,9360606,9360853,247,CDS
26037,9360314,9360534,220,CDS
26038,9471999,9472416,417,CDS
26039,9383207,9383365,158,CDS
26040,9382610,9382741,131,CDS
26041,9375357,9375629,272,CDS
26042,9375004,9375258,254,CDS
26043,9371619,9373937,2318,CDS
26044,9365878,9371538,5660,CDS
26045,9365592,9365803,211,CDS
26046,9365126,9365532,406,CDS
26047,9363557,9365061,1504,CDS
26048,9363181,9363493,312,CDS
26049,9360933,9363119,2186,CDS
26050,9360606,9360853,247,CDS
26051,9360314,9360534,220,CDS
26052,9471999,9472416,417,CDS
26053,9383207,9383365,158,CDS
26054,9382610,9382741,131,CDS
26055,9375357,9375629,272,CDS
26056,9375004,9375258,254,CDS
26057,9371619,9373937,2318,CDS
26058,9365878,9371538,5660,CDS
26059,9365592,9365803,211,CDS
26060,9365126,9365532,406,CDS
26061,9363557,9365061,1504,CDS
26062,9363181,9363493,312,CDS
26063,9360933,9363119,2186,CDS
26064,9360606,9360853,247,CDS
26065,9360314,9360534,220,CDS
26066,9445815,9446212,397,gene
26067,9445815,9446212,397,mRNA
26068,9445815,9446174,359,CDS
26069,9502826,9550838,48012,gene
26070,9550430,9550838,408,mRNA
26071,9510160,9510664,504,mRNA
26072,9506171,9507262,1091,mRNA
26073,9502826,9505027,2201,mRNA
26074,9550434,9550838,404,mRNA
26075,9510160,9510664,504,mRNA
26076,9506732,9507262,530,mRNA
26077,9510160,9510632,472,CDS
26078,9507079,9507262,183,CDS
26079,9510160,9510632,472,CDS
26080,9507079,9507262,183,CDS
26081,9508193,9509631,1438,mobile_element
26082,9511524,9512162,638,gene
26083,9511524,9511607,83,mRNA
26084,9511677,9512162,485,mRNA
26085,9511524,9511607,83,CDS
26086,9511677,9512162,485,CDS
26087,9533818,9534625,807,gene
26088,9533818,9534023,205,mRNA
26089,9534085,9534625,540,mRNA
26090,9533818,9534023,205,mRNA
26091,9534085,9534305,220,mRNA
26092,9533844,9534023,179,CDS
26093,9534085,9534258,173,CDS
26094,9533844,9534023,179,CDS
26095,9534085,9534258,173,CDS
26096,9551140,9553750,2610,gene
26097,9553452,9553661,209,mRNA
26098,9551140,9552783,1643,mRNA
26099,9553452,9553750,298,mRNA
26100,9551774,9552783,1009,mRNA
26101,9553452,9553515,63,CDS
26102,9551939,9552783,844,CDS
26103,9553452,9553515,63,CDS
26104,9551939,9552783,844,CDS
26105,9554623,9555661,1038,gene
26106,9554623,9554928,305,mRNA
26107,9554996,9555661,665,mRNA
26108,9554623,9554928,305,mRNA
26109,9554996,9555209,213,mRNA
26110,9554710,9554907,197,CDS
26111,9554710,9554907,197,CDS
26112,9555607,9556544,937,gene
26113,9556301,9556544,243,mRNA
26114,9556175,9556246,71,mRNA
26115,9555607,9556115,508,mRNA
26116,9556301,9556476,175,CDS
26117,9556175,9556246,71,CDS
26118,9555782,9556115,333,CDS
26119,9557539,9558466,927,gene
26120,9558324,9558466,142,ncRNA
26121,9557539,9558261,722,ncRNA
26122,9558665,9571308,12643,gene
26123,9571214,9571308,94,mRNA
26124,9570873,9571148,275,mRNA
26125,9570454,9570637,183,mRNA
26126,9569456,9570208,752,mRNA
26127,9568638,9569390,752,mRNA
26128,9567876,9568571,695,mRNA
26129,9566070,9567806,1736,mRNA
26130,9565841,9566003,162,mRNA
26131,9565376,9565740,364,mRNA
26132,9564627,9565308,681,mRNA
26133,9562241,9564567,2326,mRNA
26134,9561675,9562172,497,mRNA
26135,9559819,9561612,1793,mRNA
26136,9559073,9559748,675,mRNA
26137,9558665,9559014,349,mRNA
26138,9571214,9571308,94,CDS
26139,9570873,9571148,275,CDS
26140,9570454,9570637,183,CDS
26141,9569456,9570208,752,CDS
26142,9568638,9569390,752,CDS
26143,9567876,9568571,695,CDS
26144,9566070,9567806,1736,CDS
26145,9565841,9566003,162,CDS
26146,9565376,9565740,364,CDS
26147,9564627,9565308,681,CDS
26148,9562241,9564567,2326,CDS
26149,9561675,9562172,497,CDS
26150,9559819,9561612,1793,CDS
26151,9559073,9559748,675,CDS
26152,9558761,9559014,253,CDS
26153,9571537,9579987,8450,gene
26154,9579482,9579987,505,mRNA
26155,9574901,9575046,145,mRNA
26156,9574347,9574832,485,mRNA
26157,9574132,9574269,137,mRNA
26158,9573579,9573855,276,mRNA
26159,9573404,9573505,101,mRNA
26160,9573185,9573326,141,mRNA
26161,9571537,9573117,1580,mRNA
26162,9579482,9579682,200,CDS
26163,9574901,9575046,145,CDS
26164,9574347,9574832,485,CDS
26165,9574132,9574269,137,CDS
26166,9573579,9573855,276,CDS
26167,9573404,9573505,101,CDS
26168,9573185,9573326,141,CDS
26169,9573008,9573117,109,CDS
26170,9575126,9576247,1121,gene
26171,9576120,9576247,127,mRNA
26172,9575126,9575848,722,mRNA
26173,9576120,9576133,13,CDS
26174,9575323,9575848,525,CDS
26175,9575846,9576112,266,mobile_element
26176,9581493,9581917,424,gene
26177,9581493,9581917,424,ncRNA
26178,9584177,9584575,398,gene
26179,9584177,9584575,398,ncRNA
26180,9585675,9589813,4138,gene
26181,9585675,9589813,4138,mRNA
26182,9585890,9588401,2511,mRNA
26183,9585890,9588401,2511,mRNA
26184,9586219,9587844,1625,CDS
26185,9586498,9587844,1346,CDS
26186,9586498,9587844,1346,CDS
26187,9590093,9590619,526,gene
26188,9590093,9590619,526,ncRNA
26189,9595082,9595467,385,gene
26190,9595082,9595467,385,ncRNA
26191,9601030,9604280,3250,gene
26192,9601030,9601176,146,mRNA
26193,9601254,9601411,157,mRNA
26194,9602081,9602675,594,mRNA
26195,9602745,9603724,979,mRNA
26196,9603801,9604280,479,mRNA
26197,9601140,9601176,36,CDS
26198,9601254,9601411,157,CDS
26199,9602081,9602675,594,CDS
26200,9602745,9603724,979,CDS
26201,9603801,9604013,212,CDS
26202,9604154,9605969,1815,gene
26203,9605762,9605969,207,mRNA
26204,9604154,9605705,1551,mRNA
26205,9605762,9605875,113,CDS
26206,9604878,9605705,827,CDS
26207,9606363,9608884,2521,gene
26208,9608719,9608884,165,mRNA
26209,9607629,9608292,663,mRNA
26210,9606620,9607567,947,mRNA
26211,9606363,9606553,190,mRNA
26212,9608719,9608841,122,mRNA
26213,9608422,9608655,233,mRNA
26214,9607629,9608292,663,mRNA
26215,9606620,9607567,947,mRNA
26216,9606363,9606553,190,mRNA
26217,9608422,9608841,419,mRNA
26218,9607629,9608292,663,mRNA
26219,9606620,9607567,947,mRNA
26220,9606363,9606553,190,mRNA
26221,9608719,9608750,31,CDS
26222,9607629,9608292,663,CDS
26223,9606620,9607567,947,CDS
26224,9606473,9606553,80,CDS
26225,9608422,9608552,130,CDS
26226,9607629,9608292,663,CDS
26227,9606620,9607567,947,CDS
26228,9606473,9606553,80,CDS
26229,9608422,9608552,130,CDS
26230,9607629,9608292,663,CDS
26231,9606620,9607567,947,CDS
26232,9606473,9606553,80,CDS
26233,9608946,9623243,14297,gene
26234,9608946,9609691,745,mRNA
26235,9609760,9612206,2446,mRNA
26236,9612282,9612448,166,mRNA
26237,9620343,9620531,188,mRNA
26238,9620593,9623243,2650,mRNA
26239,9608946,9609691,745,mRNA
26240,9609751,9612206,2455,mRNA
26241,9612282,9612448,166,mRNA
26242,9620343,9620531,188,mRNA
26243,9620593,9622441,1848,mRNA
26244,9609298,9609691,393,CDS
26245,9609751,9612206,2455,CDS
26246,9612282,9612448,166,CDS
26247,9620343,9620531,188,CDS
26248,9620593,9621667,1074,CDS
26249,9609298,9609691,393,CDS
26250,9609760,9612206,2446,CDS
26251,9612282,9612448,166,CDS
26252,9620343,9620531,188,CDS
26253,9620593,9621667,1074,CDS
26254,9616058,9616615,557,mRNA
26255,9620343,9620531,188,mRNA
26256,9620593,9622441,1848,mRNA
26257,9616575,9616615,40,CDS
26258,9620343,9620531,188,CDS
26259,9620593,9621667,1074,CDS
26260,9617992,9618182,190,mRNA
26261,9620343,9620531,188,mRNA
26262,9620593,9622166,1573,mRNA
26263,9618136,9618182,46,CDS
26264,9620343,9620531,188,CDS
26265,9620593,9621667,1074,CDS
26266,9626294,9659145,32851,gene
26267,9640534,9640624,90,mRNA
26268,9638193,9638465,272,mRNA
26269,9630194,9631095,901,mRNA
26270,9629963,9630123,160,mRNA
26271,9629668,9629897,229,mRNA
26272,9629396,9629603,207,mRNA
26273,9626294,9629332,3038,mRNA
26274,9658847,9659145,298,mRNA
26275,9658001,9658166,165,mRNA
26276,9643957,9644367,410,mRNA
26277,9643657,9643887,230,mRNA
26278,9630194,9631095,901,mRNA
26279,9629963,9630123,160,mRNA
26280,9629668,9629897,229,mRNA
26281,9629396,9629603,207,mRNA
26282,9626295,9629332,3037,mRNA
26283,9649739,9650225,486,mRNA
26284,9643957,9644367,410,mRNA
26285,9643657,9643887,230,mRNA
26286,9630194,9631095,901,mRNA
26287,9629963,9630123,160,mRNA
26288,9629668,9629897,229,mRNA
26289,9629396,9629603,207,mRNA
26290,9626295,9629332,3037,mRNA
26291,9658847,9659145,298,mRNA
26292,9643957,9644367,410,mRNA
26293,9643657,9643887,230,mRNA
26294,9630194,9631095,901,mRNA
26295,9629963,9630123,160,mRNA
26296,9629668,9629897,229,mRNA
26297,9629396,9629603,207,mRNA
26298,9628722,9629332,610,mRNA
26299,9650485,9650776,291,mRNA
26300,9643957,9644367,410,mRNA
26301,9643657,9643887,230,mRNA
26302,9630194,9631095,901,mRNA
26303,9629963,9630123,160,mRNA
26304,9629668,9629897,229,mRNA
26305,9629396,9629603,207,mRNA
26306,9628722,9629332,610,mRNA
26307,9645711,9645925,214,mRNA
26308,9643957,9644367,410,mRNA
26309,9643657,9643887,230,mRNA
26310,9630194,9631095,901,mRNA
26311,9629963,9630123,160,mRNA
26312,9629668,9629897,229,mRNA
26313,9629396,9629603,207,mRNA
26314,9628722,9629332,610,mRNA
26315,9640534,9640624,90,mRNA
26316,9630194,9631095,901,mRNA
26317,9629963,9630123,160,mRNA
26318,9629668,9629897,229,mRNA
26319,9629396,9629603,207,mRNA
26320,9628722,9629332,610,mRNA
26321,9638916,9639028,112,mRNA
26322,9638193,9638462,269,mRNA
26323,9630194,9631095,901,mRNA
26324,9629963,9630123,160,mRNA
26325,9629668,9629897,229,mRNA
26326,9629396,9629603,207,mRNA
26327,9628722,9629332,610,mRNA
26328,9638916,9639028,112,mRNA
26329,9638193,9638465,272,mRNA
26330,9630194,9631095,901,mRNA
26331,9629963,9630123,160,mRNA
26332,9629668,9629897,229,mRNA
26333,9629396,9629603,207,mRNA
26334,9628722,9629332,610,mRNA
26335,9658847,9658870,23,CDS
26336,9643957,9644367,410,CDS
26337,9643657,9643887,230,CDS
26338,9630194,9631095,901,CDS
26339,9629963,9630123,160,CDS
26340,9629668,9629897,229,CDS
26341,9629396,9629603,207,CDS
26342,9629106,9629332,226,CDS
26343,9650485,9650598,113,CDS
26344,9643957,9644367,410,CDS
26345,9643657,9643887,230,CDS
26346,9630194,9631095,901,CDS
26347,9629963,9630123,160,CDS
26348,9629668,9629897,229,CDS
26349,9629396,9629603,207,CDS
26350,9629106,9629332,226,CDS
26351,9649739,9649741,2,CDS
26352,9643957,9644367,410,CDS
26353,9643657,9643887,230,CDS
26354,9630194,9631095,901,CDS
26355,9629963,9630123,160,CDS
26356,9629668,9629897,229,CDS
26357,9629396,9629603,207,CDS
26358,9629106,9629332,226,CDS
26359,9645711,9645749,38,CDS
26360,9643957,9644367,410,CDS
26361,9643657,9643887,230,CDS
26362,9630194,9631095,901,CDS
26363,9629963,9630123,160,CDS
26364,9629668,9629897,229,CDS
26365,9629396,9629603,207,CDS
26366,9629106,9629332,226,CDS
26367,9643657,9643722,65,CDS
26368,9630194,9631095,901,CDS
26369,9629963,9630123,160,CDS
26370,9629668,9629897,229,CDS
26371,9629396,9629603,207,CDS
26372,9629106,9629332,226,CDS
26373,9630194,9630864,670,CDS
26374,9629963,9630123,160,CDS
26375,9629668,9629897,229,CDS
26376,9629396,9629603,207,CDS
26377,9629106,9629332,226,CDS
26378,9630194,9630864,670,CDS
26379,9629963,9630123,160,CDS
26380,9629668,9629897,229,CDS
26381,9629396,9629603,207,CDS
26382,9629106,9629332,226,CDS
26383,9630194,9630864,670,CDS
26384,9629963,9630123,160,CDS
26385,9629668,9629897,229,CDS
26386,9629396,9629603,207,CDS
26387,9629106,9629332,226,CDS
26388,9630194,9630864,670,CDS
26389,9629963,9630123,160,CDS
26390,9629668,9629897,229,CDS
26391,9629396,9629603,207,CDS
26392,9629106,9629332,226,CDS
26393,9659095,9662903,3808,gene
26394,9662363,9662903,540,mRNA
26395,9661022,9661424,402,mRNA
26396,9660881,9660954,73,mRNA
26397,9660286,9660815,529,mRNA
26398,9659543,9660199,656,mRNA
26399,9659095,9659478,383,mRNA
26400,9662363,9662758,395,mRNA
26401,9661022,9661424,402,mRNA
26402,9660881,9660954,73,mRNA
26403,9660286,9660815,529,mRNA
26404,9659543,9660199,656,mRNA
26405,9659096,9659478,382,mRNA
26406,9662363,9662651,288,CDS
26407,9661022,9661424,402,CDS
26408,9660881,9660954,73,CDS
26409,9660286,9660815,529,CDS
26410,9659543,9660199,656,CDS
26411,9659203,9659478,275,CDS
26412,9662363,9662651,288,CDS
26413,9661022,9661424,402,CDS
26414,9660881,9660954,73,CDS
26415,9660286,9660815,529,CDS
26416,9659543,9660199,656,CDS
26417,9659203,9659478,275,CDS
26418,9665442,9687066,21624,gene
26419,9686979,9687066,87,mRNA
26420,9682552,9684151,1599,mRNA
26421,9681755,9682339,584,mRNA
26422,9681274,9681642,368,mRNA
26423,9677115,9681191,4076,mRNA
26424,9676757,9677046,289,mRNA
26425,9676512,9676669,157,mRNA
26426,9674814,9674924,110,mRNA
26427,9673495,9674443,948,mRNA
26428,9673164,9673394,230,mRNA
26429,9672860,9673090,230,mRNA
26430,9672400,9672797,397,mRNA
26431,9670842,9672321,1479,mRNA
26432,9665442,9670603,5161,mRNA
26433,9686639,9686658,19,mRNA
26434,9682552,9684151,1599,mRNA
26435,9681755,9682339,584,mRNA
26436,9681274,9681642,368,mRNA
26437,9677115,9681191,4076,mRNA
26438,9676757,9677046,289,mRNA
26439,9676512,9676669,157,mRNA
26440,9674814,9674894,80,mRNA
26441,9673495,9674443,948,mRNA
26442,9673164,9673394,230,mRNA
26443,9672860,9673090,230,mRNA
26444,9672400,9672797,397,mRNA
26445,9670842,9672321,1479,mRNA
26446,9665673,9670603,4930,mRNA
26447,9685550,9685667,117,mRNA
26448,9682552,9684151,1599,mRNA
26449,9681755,9682339,584,mRNA
26450,9681274,9681642,368,mRNA
26451,9677115,9681209,4094,mRNA
26452,9676757,9677046,289,mRNA
26453,9676512,9676669,157,mRNA
26454,9674814,9674924,110,mRNA
26455,9673495,9674443,948,mRNA
26456,9673164,9673394,230,mRNA
26457,9672860,9673090,230,mRNA
26458,9672400,9672797,397,mRNA
26459,9670842,9672321,1479,mRNA
26460,9669515,9670603,1088,mRNA
26461,9685503,9685667,164,mRNA
26462,9682552,9684151,1599,mRNA
26463,9681755,9682339,584,mRNA
26464,9681274,9681642,368,mRNA
26465,9677115,9681191,4076,mRNA
26466,9676757,9677046,289,mRNA
26467,9676512,9676669,157,mRNA
26468,9674814,9674924,110,mRNA
26469,9673495,9674443,948,mRNA
26470,9673164,9673394,230,mRNA
26471,9672860,9673090,230,mRNA
26472,9672400,9672797,397,mRNA
26473,9670842,9672321,1479,mRNA
26474,9669515,9670603,1088,mRNA
26475,9682552,9682606,54,CDS
26476,9681755,9682339,584,CDS
26477,9681274,9681642,368,CDS
26478,9677115,9681191,4076,CDS
26479,9676757,9677046,289,CDS
26480,9676512,9676669,157,CDS
26481,9674814,9674894,80,CDS
26482,9673495,9674443,948,CDS
26483,9673164,9673394,230,CDS
26484,9672860,9673090,230,CDS
26485,9672400,9672797,397,CDS
26486,9670842,9672321,1479,CDS
26487,9669707,9670603,896,CDS
26488,9682552,9682606,54,CDS
26489,9681755,9682339,584,CDS
26490,9681274,9681642,368,CDS
26491,9677115,9681191,4076,CDS
26492,9676757,9677046,289,CDS
26493,9676512,9676669,157,CDS
26494,9674814,9674924,110,CDS
26495,9673495,9674443,948,CDS
26496,9673164,9673394,230,CDS
26497,9672860,9673090,230,CDS
26498,9672400,9672797,397,CDS
26499,9670842,9672321,1479,CDS
26500,9669707,9670603,896,CDS
26501,9682552,9682606,54,CDS
26502,9681755,9682339,584,CDS
26503,9681274,9681642,368,CDS
26504,9677115,9681191,4076,CDS
26505,9676757,9677046,289,CDS
26506,9676512,9676669,157,CDS
26507,9674814,9674924,110,CDS
26508,9673495,9674443,948,CDS
26509,9673164,9673394,230,CDS
26510,9672860,9673090,230,CDS
26511,9672400,9672797,397,CDS
26512,9670842,9672321,1479,CDS
26513,9669707,9670603,896,CDS
26514,9682552,9682606,54,CDS
26515,9681755,9682339,584,CDS
26516,9681274,9681642,368,CDS
26517,9677115,9681209,4094,CDS
26518,9676757,9677046,289,CDS
26519,9676512,9676669,157,CDS
26520,9674814,9674924,110,CDS
26521,9673495,9674443,948,CDS
26522,9673164,9673394,230,CDS
26523,9672860,9673090,230,CDS
26524,9672400,9672797,397,CDS
26525,9670842,9672321,1479,CDS
26526,9669707,9670603,896,CDS
26527,9678154,9678639,485,mobile_element
26528,9678736,9679157,421,mobile_element
26529,9688189,9689295,1106,gene
26530,9688189,9688489,300,ncRNA
26531,9688645,9688764,119,ncRNA
26532,9688829,9689295,466,ncRNA
26533,9691470,9692417,947,gene
26534,9692360,9692417,57,ncRNA
26535,9691470,9692296,826,ncRNA
26536,9694186,9697558,3372,gene
26537,9694186,9695407,1221,mRNA
26538,9695847,9697558,1711,mRNA
26539,9694674,9695407,733,CDS
26540,9695847,9697047,1200,CDS
26541,9727923,9728488,565,gene
26542,9727923,9728488,565,ncRNA
26543,9729648,9756369,26721,gene
26544,9729648,9729883,235,mRNA
26545,9730300,9730677,377,mRNA
26546,9753001,9753320,319,mRNA
26547,9753541,9756369,2828,mRNA
26548,9729648,9730677,1029,mRNA
26549,9753001,9753320,319,mRNA
26550,9753556,9755798,2242,mRNA
26551,9729648,9730677,1029,mRNA
26552,9753001,9753320,319,mRNA
26553,9753556,9755798,2242,mRNA
26554,9729648,9729870,222,mRNA
26555,9730300,9730677,377,mRNA
26556,9753001,9755798,2797,mRNA
26557,9730564,9730677,113,CDS
26558,9753001,9753320,319,CDS
26559,9753556,9755302,1746,CDS
26560,9730564,9730677,113,CDS
26561,9753001,9753320,319,CDS
26562,9753541,9755269,1728,CDS
26563,9730564,9730677,113,CDS
26564,9753001,9753320,319,CDS
26565,9753556,9755269,1713,CDS
26566,9753707,9755269,1562,CDS
26567,9778742,9782094,3352,gene
26568,9778742,9778809,67,mRNA
26569,9778868,9778913,45,mRNA
26570,9779052,9779242,190,mRNA
26571,9780241,9780301,60,mRNA
26572,9780511,9780892,381,mRNA
26573,9781159,9782094,935,mRNA
26574,9778742,9778809,67,mRNA
26575,9778868,9778933,65,mRNA
26576,9779052,9779242,190,mRNA
26577,9780241,9780301,60,mRNA
26578,9780511,9780892,381,mRNA
26579,9781159,9781918,759,mRNA
26580,9778742,9778799,57,mRNA
26581,9778868,9778913,45,mRNA
26582,9779052,9779242,190,mRNA
26583,9780241,9780301,60,mRNA
26584,9780511,9780892,381,mRNA
26585,9781159,9781918,759,mRNA
26586,9778742,9778799,57,mRNA
26587,9778868,9778913,45,mRNA
26588,9779052,9779242,190,mRNA
26589,9780241,9780301,60,mRNA
26590,9780511,9780892,381,mRNA
26591,9781159,9781918,759,mRNA
26592,9778958,9779242,284,mRNA
26593,9780241,9780301,60,mRNA
26594,9780511,9780892,381,mRNA
26595,9781159,9781921,762,mRNA
26596,9779062,9779242,180,CDS
26597,9780241,9780301,60,CDS
26598,9780511,9780892,381,CDS
26599,9781159,9781818,659,CDS
26600,9779062,9779242,180,CDS
26601,9780241,9780301,60,CDS
26602,9780511,9780892,381,CDS
26603,9781159,9781728,569,CDS
26604,9779062,9779242,180,CDS
26605,9780241,9780301,60,CDS
26606,9780511,9780892,381,CDS
26607,9781159,9781728,569,CDS
26608,9779062,9779242,180,CDS
26609,9780241,9780301,60,CDS
26610,9780511,9780892,381,CDS
26611,9781159,9781728,569,CDS
26612,9779062,9779242,180,CDS
26613,9780241,9780301,60,CDS
26614,9780511,9780892,381,CDS
26615,9781159,9781728,569,CDS
26616,9780187,9780301,114,mRNA
26617,9780511,9780892,381,mRNA
26618,9781159,9781918,759,mRNA
26619,9780207,9780301,94,CDS
26620,9780511,9780892,381,CDS
26621,9781159,9781728,569,CDS
26622,9783223,9855449,72226,gene
26623,9783223,9783399,176,mRNA
26624,9811788,9812156,368,mRNA
26625,9832492,9832542,50,mRNA
26626,9836314,9836450,136,mRNA
26627,9836594,9836806,212,mRNA
26628,9845701,9845796,95,mRNA
26629,9845959,9846180,221,mRNA
26630,9848532,9848715,183,mRNA
26631,9848901,9849226,325,mRNA
26632,9788324,9788732,408,mRNA
26633,9811788,9812156,368,mRNA
26634,9832492,9832542,50,mRNA
26635,9836314,9836450,136,mRNA
26636,9836594,9836806,212,mRNA
26637,9845701,9845796,95,mRNA
26638,9845959,9846180,221,mRNA
26639,9848532,9848715,183,mRNA
26640,9848901,9849226,325,mRNA
26641,9788466,9788629,163,mRNA
26642,9811788,9812156,368,mRNA
26643,9832492,9832542,50,mRNA
26644,9836314,9836450,136,mRNA
26645,9836594,9836806,212,mRNA
26646,9845701,9845796,95,mRNA
26647,9845959,9846180,221,mRNA
26648,9848532,9848715,183,mRNA
26649,9848901,9849226,325,mRNA
26650,9794676,9795061,385,mRNA
26651,9811788,9812156,368,mRNA
26652,9832492,9832542,50,mRNA
26653,9836314,9836450,136,mRNA
26654,9836594,9836806,212,mRNA
26655,9845701,9845796,95,mRNA
26656,9845959,9846180,221,mRNA
26657,9848532,9848715,183,mRNA
26658,9848901,9855449,6548,mRNA
26659,9798578,9805572,6994,mobile_element
26660,9812099,9812156,57,CDS
26661,9832492,9832542,50,CDS
26662,9836314,9836450,136,CDS
26663,9836594,9836806,212,CDS
26664,9845701,9845796,95,CDS
26665,9845959,9846180,221,CDS
26666,9848532,9848715,183,CDS
26667,9848901,9848923,22,CDS
26668,9812099,9812156,57,CDS
26669,9832492,9832542,50,CDS
26670,9836314,9836450,136,CDS
26671,9836594,9836806,212,CDS
26672,9845701,9845796,95,CDS
26673,9845959,9846180,221,CDS
26674,9848532,9848715,183,CDS
26675,9848901,9848923,22,CDS
26676,9812099,9812156,57,CDS
26677,9832492,9832542,50,CDS
26678,9836314,9836450,136,CDS
26679,9836594,9836806,212,CDS
26680,9845701,9845796,95,CDS
26681,9845959,9846180,221,CDS
26682,9848532,9848715,183,CDS
26683,9848901,9848923,22,CDS
26684,9812099,9812156,57,CDS
26685,9832492,9832542,50,CDS
26686,9836314,9836450,136,CDS
26687,9836594,9836806,212,CDS
26688,9845701,9845796,95,CDS
26689,9845959,9846180,221,CDS
26690,9848532,9848715,183,CDS
26691,9848901,9848923,22,CDS
26692,9865233,9867070,1837,gene
26693,9865233,9865397,164,mRNA
26694,9865459,9865607,148,mRNA
26695,9865972,9867070,1098,mRNA
26696,9865337,9865397,60,CDS
26697,9865459,9865607,148,CDS
26698,9865972,9866955,983,CDS
26699,9868068,9868568,500,gene
26700,9868068,9868568,500,mRNA
26701,9868186,9868416,230,CDS
26702,9871098,9871702,604,gene
26703,9871351,9871702,351,mRNA
26704,9871098,9871238,140,mRNA
26705,9871351,9871564,213,CDS
26706,9871222,9871238,16,CDS
26707,9872382,9874057,1675,gene
26708,9873734,9874057,323,mRNA
26709,9872382,9873670,1288,mRNA
26710,9873734,9873989,255,mRNA
26711,9873415,9873670,255,mRNA
26712,9873734,9873989,255,mRNA
26713,9873542,9873670,128,mRNA
26714,9873734,9873964,230,CDS
26715,9873662,9873670,8,CDS
26716,9873734,9873964,230,CDS
26717,9873662,9873670,8,CDS
26718,9873734,9873964,230,CDS
26719,9873662,9873670,8,CDS
26720,9874493,9876672,2179,gene
26721,9874811,9876672,1861,mRNA
26722,9874493,9874738,245,mRNA
26723,9874811,9875813,1002,CDS
26724,9874674,9874738,64,CDS
26725,9878422,9879279,857,gene
26726,9878422,9878696,274,mRNA
26727,9878820,9879279,459,mRNA
26728,9878444,9878696,252,CDS
26729,9878820,9879187,367,CDS
26730,9879870,9880535,665,gene
26731,9879870,9880535,665,mRNA
26732,9879950,9880438,488,CDS
26733,9881953,9883670,1717,gene
26734,9881953,9882752,799,mRNA
26735,9882816,9883670,854,mRNA
26736,9881953,9882640,687,mRNA
26737,9882028,9882549,521,CDS
26738,9882028,9882549,521,CDS
26739,9884442,9885044,602,gene
26740,9884442,9885044,602,mRNA
26741,9884442,9884868,426,mRNA
26742,9884938,9885044,106,mRNA
26743,9884502,9884867,365,CDS
26744,9884502,9884867,365,CDS
26745,9887972,9899585,11613,gene
26746,9899389,9899585,196,mRNA
26747,9888974,9889160,186,mRNA
26748,9888793,9888909,116,mRNA
26749,9888571,9888726,155,mRNA
26750,9887972,9888502,530,mRNA
26751,9899131,9899366,235,mRNA
26752,9888974,9889160,186,mRNA
26753,9888793,9888909,116,mRNA
26754,9888571,9888726,155,mRNA
26755,9887972,9888502,530,mRNA
26756,9888974,9889159,185,CDS
26757,9888793,9888909,116,CDS
26758,9888571,9888726,155,CDS
26759,9888398,9888502,104,CDS
26760,9888974,9889159,185,CDS
26761,9888793,9888909,116,CDS
26762,9888571,9888726,155,CDS
26763,9888398,9888502,104,CDS
26764,9908663,9911126,2463,gene
26765,9910762,9911126,364,mRNA
26766,9910480,9910634,154,mRNA
26767,9909945,9910421,476,mRNA
26768,9908663,9909832,1169,mRNA
26769,9910762,9911126,364,mRNA
26770,9910480,9910634,154,mRNA
26771,9909945,9910421,476,mRNA
26772,9909392,9909832,440,mRNA
26773,9910762,9910955,193,CDS
26774,9910480,9910634,154,CDS
26775,9909945,9910421,476,CDS
26776,9909444,9909832,388,CDS
26777,9910762,9910955,193,CDS
26778,9910480,9910634,154,CDS
26779,9909945,9910421,476,CDS
26780,9909444,9909832,388,CDS
26781,9927973,9930948,2975,gene
26782,9930908,9930948,40,mRNA
26783,9930355,9930474,119,mRNA
26784,9929172,9929732,560,mRNA
26785,9927973,9929057,1084,mRNA
26786,9928138,9928201,63,mobile_element
26787,9930908,9930948,40,mRNA
26788,9930355,9930474,119,mRNA
26789,9929172,9929732,560,mRNA
26790,9928266,9929057,791,mRNA
26791,9930881,9930948,67,mRNA
26792,9930355,9930474,119,mRNA
26793,9929172,9929732,560,mRNA
26794,9928266,9929057,791,mRNA
26795,9930355,9930472,117,CDS
26796,9929172,9929732,560,CDS
26797,9928408,9929057,649,CDS
26798,9930355,9930472,117,CDS
26799,9929172,9929732,560,CDS
26800,9928408,9929057,649,CDS
26801,9930355,9930472,117,CDS
26802,9929172,9929732,560,CDS
26803,9928408,9929057,649,CDS
26804,9929889,9930006,117,gene
26805,9929889,9930006,117,ncRNA
26806,9963453,9964878,1425,gene
26807,9964643,9964878,235,mRNA
26808,9964538,9964584,46,mRNA
26809,9964369,9964479,110,mRNA
26810,9963725,9964294,569,mRNA
26811,9963453,9963664,211,mRNA
26812,9964643,9964878,235,mRNA
26813,9964538,9964584,46,mRNA
26814,9964366,9964479,113,mRNA
26815,9963725,9964294,569,mRNA
26816,9963453,9963664,211,mRNA
26817,9964643,9964878,235,mRNA
26818,9964538,9964584,46,mRNA
26819,9964352,9964479,127,mRNA
26820,9963725,9964294,569,mRNA
26821,9963453,9963664,211,mRNA
26822,9964643,9964774,131,CDS
26823,9964538,9964584,46,CDS
26824,9964369,9964479,110,CDS
26825,9963725,9964294,569,CDS
26826,9963523,9963664,141,CDS
26827,9964643,9964774,131,CDS
26828,9964538,9964584,46,CDS
26829,9964366,9964479,113,CDS
26830,9963725,9964294,569,CDS
26831,9963523,9963664,141,CDS
26832,9963725,9964170,445,CDS
26833,9963523,9963664,141,CDS
26834,9965241,9966959,1718,gene
26835,9965241,9965460,219,mRNA
26836,9965586,9965770,184,mRNA
26837,9965837,9966397,560,mRNA
26838,9966458,9966959,501,mRNA
26839,9965241,9965460,219,mRNA
26840,9965586,9965774,188,mRNA
26841,9965837,9966397,560,mRNA
26842,9966458,9966714,256,mRNA
26843,9965241,9965460,219,mRNA
26844,9965586,9965770,184,mRNA
26845,9965819,9966397,578,mRNA
26846,9966458,9966714,256,mRNA
26847,9965241,9965460,219,mRNA
26848,9965586,9965770,184,mRNA
26849,9965837,9966397,560,mRNA
26850,9966458,9966714,256,mRNA
26851,9965350,9965460,110,CDS
26852,9965586,9965770,184,CDS
26853,9965819,9966397,578,CDS
26854,9966458,9966599,141,CDS
26855,9965350,9965460,110,CDS
26856,9965586,9965770,184,CDS
26857,9965837,9966397,560,CDS
26858,9966458,9966599,141,CDS
26859,9965350,9965460,110,CDS
26860,9965586,9965770,184,CDS
26861,9965837,9966397,560,CDS
26862,9966458,9966599,141,CDS
26863,9965350,9965460,110,CDS
26864,9965586,9965774,188,CDS
26865,9966615,9977405,10790,gene
26866,9970616,9970764,148,mRNA
26867,9970353,9970520,167,mRNA
26868,9967024,9967173,149,mRNA
26869,9966615,9966863,248,mRNA
26870,9970353,9970511,158,CDS
26871,9967024,9967173,149,CDS
26872,9966711,9966863,152,CDS
26873,9977159,9977405,246,mRNA
26874,9970353,9970520,167,mRNA
26875,9968019,9968108,89,mRNA
26876,9967323,9967951,628,mRNA
26877,9970616,9970764,148,mRNA
26878,9970353,9970520,167,mRNA
26879,9968019,9968108,89,mRNA
26880,9967323,9967951,628,mRNA
26881,9970353,9970511,158,CDS
26882,9968019,9968108,89,CDS
26883,9967574,9967951,377,CDS
26884,9970353,9970511,158,CDS
26885,9968019,9968108,89,CDS
26886,9967574,9967951,377,CDS
26887,9978153,9980564,2411,gene
26888,9979767,9980564,797,mRNA
26889,9979499,9979618,119,mRNA
26890,9979172,9979381,209,mRNA
26891,9979049,9979117,68,mRNA
26892,9978846,9978989,143,mRNA
26893,9978153,9978594,441,mRNA
26894,9979767,9980564,797,mRNA
26895,9979499,9979618,119,mRNA
26896,9979172,9979381,209,mRNA
26897,9979049,9979117,68,mRNA
26898,9978846,9978989,143,mRNA
26899,9978720,9978779,59,mRNA
26900,9978153,9978594,441,mRNA
26901,9979767,9980537,770,CDS
26902,9979499,9979618,119,CDS
26903,9979172,9979381,209,CDS
26904,9979049,9979117,68,CDS
26905,9978846,9978989,143,CDS
26906,9978205,9978594,389,CDS
26907,9979767,9980537,770,CDS
26908,9979499,9979618,119,CDS
26909,9979172,9979381,209,CDS
26910,9979049,9979117,68,CDS
26911,9978846,9978989,143,CDS
26912,9978720,9978779,59,CDS
26913,9978205,9978594,389,CDS
26914,9989690,10006882,17192,gene
26915,9989690,9989872,182,mRNA
26916,9992978,9993189,211,mRNA
26917,9999193,9999300,107,mRNA
26918,9999544,10000676,1132,mRNA
26919,10001101,10003006,1905,mRNA
26920,9989695,9989960,265,mRNA
26921,9992978,9993189,211,mRNA
26922,9999193,9999300,107,mRNA
26923,10004392,10004759,367,mRNA
26924,10005154,10005289,135,mRNA
26925,10005375,10005602,227,mRNA
26926,10005673,10006882,1209,mRNA
26927,9989695,9989872,177,mRNA
26928,9992978,9993189,211,mRNA
26929,9999193,9999300,107,mRNA
26930,10004392,10004759,367,mRNA
26931,10005154,10005289,135,mRNA
26932,10005375,10005602,227,mRNA
26933,10005673,10006882,1209,mRNA
26934,9989695,9989872,177,mRNA
26935,9992978,9993189,211,mRNA
26936,9999193,9999300,107,mRNA
26937,10004392,10004759,367,mRNA
26938,10005169,10005289,120,mRNA
26939,10005375,10005602,227,mRNA
26940,10005673,10006882,1209,mRNA
26941,9989695,9989960,265,mRNA
26942,9992978,9993189,211,mRNA
26943,9999193,9999300,107,mRNA
26944,10001854,10002166,312,mRNA
26945,10002533,10003006,473,mRNA
26946,9989695,9989872,177,mRNA
26947,9992978,9993189,211,mRNA
26948,9999193,9999300,107,mRNA
26949,10000352,10003006,2654,mRNA
26950,9989695,9989872,177,mRNA
26951,9992978,9993189,211,mRNA
26952,9999193,9999300,107,mRNA
26953,10000352,10000676,324,mRNA
26954,10001101,10003006,1905,mRNA
26955,9993046,9993189,143,CDS
26956,9999193,9999300,107,CDS
26957,10004392,10004759,367,CDS
26958,10005154,10005289,135,CDS
26959,10005375,10005602,227,CDS
26960,10005673,10005738,65,CDS
26961,9993046,9993189,143,CDS
26962,9999193,9999300,107,CDS
26963,10004392,10004759,367,CDS
26964,10005154,10005289,135,CDS
26965,10005375,10005602,227,CDS
26966,10005673,10005738,65,CDS
26967,9993046,9993189,143,CDS
26968,9999193,9999300,107,CDS
26969,10004392,10004759,367,CDS
26970,10005169,10005289,120,CDS
26971,10005375,10005602,227,CDS
26972,10005673,10005738,65,CDS
26973,9993046,9993189,143,CDS
26974,9999193,9999300,107,CDS
26975,10001854,10002165,311,CDS
26976,9993046,9993189,143,CDS
26977,9999193,9999300,107,CDS
26978,10000352,10001194,842,CDS
26979,9993046,9993189,143,CDS
26980,9999193,9999300,107,CDS
26981,10000352,10000676,324,CDS
26982,10001101,10001111,10,CDS
26983,9993046,9993189,143,CDS
26984,9999193,9999300,107,CDS
26985,9999544,9999795,251,CDS
26986,10009210,10010049,839,gene
26987,10009210,10009461,251,mRNA
26988,10009571,10009701,130,mRNA
26989,10009759,10010049,290,mRNA
26990,10009235,10009461,226,CDS
26991,10009571,10009701,130,CDS
26992,10009759,10009853,94,CDS
26993,10010481,10014279,3798,gene
26994,10010481,10011116,635,mRNA
26995,10011174,10012211,1037,mRNA
26996,10012271,10014279,2008,mRNA
26997,10010481,10011113,632,mRNA
26998,10011174,10012211,1037,mRNA
26999,10012271,10014279,2008,mRNA
27000,10010571,10011116,545,CDS
27001,10011174,10012211,1037,CDS
27002,10012271,10013989,1718,CDS
27003,10010571,10011113,542,CDS
27004,10011174,10012211,1037,CDS
27005,10012271,10013989,1718,CDS
27006,10016845,10050803,33958,gene
27007,10016845,10016903,58,mRNA
27008,10017541,10017732,191,mRNA
27009,10030267,10030330,63,mRNA
27010,10030407,10030592,185,mRNA
27011,10030731,10031245,514,mRNA
27012,10031312,10031497,185,mRNA
27013,10031563,10031828,265,mRNA
27014,10031889,10032359,470,mRNA
27015,10032420,10033376,956,mRNA
27016,10033438,10038138,4700,mRNA
27017,10038252,10038703,451,mRNA
27018,10038848,10040817,1969,mRNA
27019,10048005,10048497,492,mRNA
27020,10049514,10049831,317,mRNA
27021,10049892,10050803,911,mRNA
27022,10016845,10016903,58,mRNA
27023,10017618,10017732,114,mRNA
27024,10030267,10030330,63,mRNA
27025,10030407,10030592,185,mRNA
27026,10030731,10031245,514,mRNA
27027,10031312,10031497,185,mRNA
27028,10031563,10031828,265,mRNA
27029,10031889,10032359,470,mRNA
27030,10032420,10033376,956,mRNA
27031,10033438,10038138,4700,mRNA
27032,10038252,10038703,451,mRNA
27033,10038848,10043541,4693,mRNA
27034,10048005,10048497,492,mRNA
27035,10049514,10049831,317,mRNA
27036,10049892,10050803,911,mRNA
27037,10017538,10017732,194,mRNA
27038,10030267,10030330,63,mRNA
27039,10030407,10030592,185,mRNA
27040,10030731,10031245,514,mRNA
27041,10031312,10031497,185,mRNA
27042,10031563,10031828,265,mRNA
27043,10031889,10032359,470,mRNA
27044,10032420,10033376,956,mRNA
27045,10033438,10034191,753,mRNA
27046,10048005,10048497,492,mRNA
27047,10049514,10049831,317,mRNA
27048,10049892,10050803,911,mRNA
27049,10017538,10017732,194,mRNA
27050,10030267,10030330,63,mRNA
27051,10030407,10030592,185,mRNA
27052,10030731,10031245,514,mRNA
27053,10031312,10031497,185,mRNA
27054,10031563,10031828,265,mRNA
27055,10031889,10032359,470,mRNA
27056,10032420,10033376,956,mRNA
27057,10033438,10033552,114,mRNA
27058,10048005,10048497,492,mRNA
27059,10049514,10049831,317,mRNA
27060,10049892,10050803,911,mRNA
27061,10017538,10017732,194,mRNA
27062,10030267,10030330,63,mRNA
27063,10030407,10030592,185,mRNA
27064,10030731,10031245,514,mRNA
27065,10031312,10031497,185,mRNA
27066,10031563,10031828,265,mRNA
27067,10031889,10032359,470,mRNA
27068,10032420,10033376,956,mRNA
27069,10033438,10038138,4700,mRNA
27070,10038252,10038703,451,mRNA
27071,10038848,10045277,6429,mRNA
27072,10017538,10017732,194,mRNA
27073,10030267,10030330,63,mRNA
27074,10030407,10030592,185,mRNA
27075,10030731,10031245,514,mRNA
27076,10031312,10031497,185,mRNA
27077,10031563,10031828,265,mRNA
27078,10031889,10032359,470,mRNA
27079,10032420,10033376,956,mRNA
27080,10033438,10034599,1161,mRNA
27081,10040692,10045277,4585,mRNA
27082,10017538,10017732,194,mRNA
27083,10030267,10030330,63,mRNA
27084,10030407,10030592,185,mRNA
27085,10030731,10031245,514,mRNA
27086,10031312,10031497,185,mRNA
27087,10031563,10031828,265,mRNA
27088,10031889,10032359,470,mRNA
27089,10032420,10033376,956,mRNA
27090,10033438,10033552,114,mRNA
27091,10040692,10045277,4585,mRNA
27092,10017724,10017732,8,CDS
27093,10030267,10030330,63,CDS
27094,10030407,10030592,185,CDS
27095,10030731,10031245,514,CDS
27096,10031312,10031497,185,CDS
27097,10031563,10031828,265,CDS
27098,10031889,10032359,470,CDS
27099,10032420,10033376,956,CDS
27100,10033438,10038138,4700,CDS
27101,10038252,10038703,451,CDS
27102,10038848,10043541,4693,CDS
27103,10048005,10048497,492,CDS
27104,10049514,10049831,317,CDS
27105,10049892,10050415,523,CDS
27106,10017724,10017732,8,CDS
27107,10030267,10030330,63,CDS
27108,10030407,10030592,185,CDS
27109,10030731,10031245,514,CDS
27110,10031312,10031497,185,CDS
27111,10031563,10031828,265,CDS
27112,10031889,10032359,470,CDS
27113,10032420,10033376,956,CDS
27114,10033438,10038138,4700,CDS
27115,10038252,10038703,451,CDS
27116,10038848,10040817,1969,CDS
27117,10048005,10048497,492,CDS
27118,10049514,10049831,317,CDS
27119,10049892,10050415,523,CDS
27120,10017724,10017732,8,CDS
27121,10030267,10030330,63,CDS
27122,10030407,10030592,185,CDS
27123,10030731,10031245,514,CDS
27124,10031312,10031497,185,CDS
27125,10031563,10031828,265,CDS
27126,10031889,10032359,470,CDS
27127,10032420,10033376,956,CDS
27128,10033438,10034191,753,CDS
27129,10048005,10048497,492,CDS
27130,10049514,10049831,317,CDS
27131,10049892,10050415,523,CDS
27132,10017724,10017732,8,CDS
27133,10030267,10030330,63,CDS
27134,10030407,10030592,185,CDS
27135,10030731,10031245,514,CDS
27136,10031312,10031497,185,CDS
27137,10031563,10031828,265,CDS
27138,10031889,10032359,470,CDS
27139,10032420,10033376,956,CDS
27140,10033438,10033552,114,CDS
27141,10048005,10048497,492,CDS
27142,10049514,10049831,317,CDS
27143,10049892,10050415,523,CDS
27144,10017724,10017732,8,CDS
27145,10030267,10030330,63,CDS
27146,10030407,10030592,185,CDS
27147,10030731,10031245,514,CDS
27148,10031312,10031497,185,CDS
27149,10031563,10031828,265,CDS
27150,10031889,10032359,470,CDS
27151,10032420,10033376,956,CDS
27152,10033438,10038138,4700,CDS
27153,10038252,10038703,451,CDS
27154,10038848,10044600,5752,CDS
27155,10017724,10017732,8,CDS
27156,10030267,10030330,63,CDS
27157,10030407,10030592,185,CDS
27158,10030731,10031245,514,CDS
27159,10031312,10031497,185,CDS
27160,10031563,10031828,265,CDS
27161,10031889,10032359,470,CDS
27162,10032420,10033376,956,CDS
27163,10033438,10034599,1161,CDS
27164,10040692,10044600,3908,CDS
27165,10017724,10017732,8,CDS
27166,10030267,10030330,63,CDS
27167,10030407,10030592,185,CDS
27168,10030731,10031245,514,CDS
27169,10031312,10031497,185,CDS
27170,10031563,10031828,265,CDS
27171,10031889,10032359,470,CDS
27172,10032420,10033376,956,CDS
27173,10033438,10033552,114,CDS
27174,10040692,10044600,3908,CDS
27175,10044909,10048156,3247,gene
27176,10044909,10048156,3247,ncRNA
27177,10050951,10052636,1685,gene
27178,10052349,10052634,285,mRNA
27179,10050951,10052280,1329,mRNA
27180,10052349,10052636,287,mRNA
27181,10051016,10052280,1264,mRNA
27182,10052349,10052583,234,CDS
27183,10051187,10052280,1093,CDS
27184,10052349,10052583,234,CDS
27185,10051187,10052280,1093,CDS
27186,10053811,10055498,1687,gene
27187,10053811,10054136,325,mRNA
27188,10054214,10055498,1284,mRNA
27189,10053852,10054136,284,mRNA
27190,10054214,10055498,1284,mRNA
27191,10053917,10054136,219,CDS
27192,10054214,10055313,1099,CDS
27193,10053917,10054136,219,CDS
27194,10054214,10055313,1099,CDS
27195,10054235,10055109,874,gene
27196,10054235,10055109,874,ncRNA
27197,10055629,10070868,15239,gene
27198,10070561,10070868,307,mRNA
27199,10070142,10070300,158,mRNA
27200,10061212,10061348,136,mRNA
27201,10060667,10061146,479,mRNA
27202,10060448,10060577,129,mRNA
27203,10055629,10057729,2100,mRNA
27204,10070142,10070868,726,mRNA
27205,10061212,10061348,136,mRNA
27206,10060667,10061146,479,mRNA
27207,10060448,10060577,129,mRNA
27208,10055629,10057665,2036,mRNA
27209,10070497,10070868,371,mRNA
27210,10070142,10070300,158,mRNA
27211,10061212,10061348,136,mRNA
27212,10060667,10061146,479,mRNA
27213,10060448,10060577,129,mRNA
27214,10059691,10059840,149,mRNA
27215,10056076,10057729,1653,mRNA
27216,10070839,10070868,29,mRNA
27217,10070142,10070300,158,mRNA
27218,10061212,10061348,136,mRNA
27219,10060667,10061146,479,mRNA
27220,10060448,10060577,129,mRNA
27221,10057120,10057665,545,mRNA
27222,10070839,10070868,29,mRNA
27223,10070142,10070723,581,mRNA
27224,10061212,10061348,136,mRNA
27225,10060667,10061146,479,mRNA
27226,10060448,10060577,129,mRNA
27227,10057120,10057665,545,mRNA
27228,10070497,10070868,371,mRNA
27229,10070142,10070300,158,mRNA
27230,10061212,10061348,136,mRNA
27231,10060667,10061146,479,mRNA
27232,10060448,10060577,129,mRNA
27233,10057120,10057665,545,mRNA
27234,10070142,10070205,63,CDS
27235,10061212,10061348,136,CDS
27236,10060667,10061146,479,CDS
27237,10060448,10060577,129,CDS
27238,10057244,10057665,421,CDS
27239,10070142,10070205,63,CDS
27240,10061212,10061348,136,CDS
27241,10060667,10061146,479,CDS
27242,10060448,10060577,129,CDS
27243,10057244,10057665,421,CDS
27244,10070142,10070205,63,CDS
27245,10061212,10061348,136,CDS
27246,10060667,10061146,479,CDS
27247,10060448,10060577,129,CDS
27248,10057244,10057665,421,CDS
27249,10070142,10070205,63,CDS
27250,10061212,10061348,136,CDS
27251,10060667,10061146,479,CDS
27252,10060448,10060577,129,CDS
27253,10057244,10057665,421,CDS
27254,10070142,10070205,63,CDS
27255,10061212,10061348,136,CDS
27256,10060667,10061146,479,CDS
27257,10060448,10060577,129,CDS
27258,10057296,10057729,433,CDS
27259,10070142,10070205,63,CDS
27260,10061212,10061348,136,CDS
27261,10060667,10061146,479,CDS
27262,10060448,10060577,129,CDS
27263,10059691,10059840,149,CDS
27264,10057296,10057729,433,CDS
27265,10061627,10062785,1158,gene
27266,10061627,10062433,806,mRNA
27267,10062496,10062648,152,mRNA
27268,10062720,10062785,65,mRNA
27269,10061627,10062433,806,CDS
27270,10062496,10062648,152,CDS
27271,10062720,10062785,65,CDS
27272,10071391,10071734,343,gene
27273,10071391,10071734,343,ncRNA
27274,10071858,10082492,10634,gene
27275,10081933,10082492,559,mRNA
27276,10078486,10081871,3385,mRNA
27277,10075144,10075627,483,mRNA
27278,10074976,10075070,94,mRNA
27279,10074394,10074895,501,mRNA
27280,10074138,10074326,188,mRNA
27281,10073877,10074065,188,mRNA
27282,10073301,10073411,110,mRNA
27283,10072749,10072800,51,mRNA
27284,10072570,10072685,115,mRNA
27285,10071858,10072388,530,mRNA
27286,10081933,10082492,559,mRNA
27287,10078486,10081871,3385,mRNA
27288,10075144,10075627,483,mRNA
27289,10074976,10075073,97,mRNA
27290,10074394,10074895,501,mRNA
27291,10074138,10074326,188,mRNA
27292,10073877,10074065,188,mRNA
27293,10073301,10073411,110,mRNA
27294,10072749,10072800,51,mRNA
27295,10072570,10072685,115,mRNA
27296,10071858,10072388,530,mRNA
27297,10081933,10082492,559,mRNA
27298,10078486,10081871,3385,mRNA
27299,10073301,10073411,110,mRNA
27300,10072749,10072800,51,mRNA
27301,10072570,10072685,115,mRNA
27302,10072183,10072388,205,mRNA
27303,10081933,10082304,371,CDS
27304,10078486,10081871,3385,CDS
27305,10075144,10075627,483,CDS
27306,10074976,10075070,94,CDS
27307,10074394,10074895,501,CDS
27308,10074138,10074326,188,CDS
27309,10073877,10074065,188,CDS
27310,10073301,10073411,110,CDS
27311,10072749,10072800,51,CDS
27312,10072570,10072685,115,CDS
27313,10072230,10072388,158,CDS
27314,10081933,10082304,371,CDS
27315,10078486,10081871,3385,CDS
27316,10075144,10075627,483,CDS
27317,10074976,10075073,97,CDS
27318,10074394,10074895,501,CDS
27319,10074138,10074326,188,CDS
27320,10073877,10074065,188,CDS
27321,10073301,10073411,110,CDS
27322,10072749,10072800,51,CDS
27323,10072570,10072685,115,CDS
27324,10072230,10072388,158,CDS
27325,10081933,10082304,371,CDS
27326,10078486,10081871,3385,CDS
27327,10073301,10073411,110,CDS
27328,10072788,10072800,12,CDS
27329,10081933,10082492,559,mRNA
27330,10078486,10081871,3385,mRNA
27331,10077006,10077368,362,mRNA
27332,10081933,10082304,371,CDS
27333,10078486,10081871,3385,CDS
27334,10077350,10077368,18,CDS
27335,10083154,10085050,1896,gene
27336,10083154,10083322,168,mRNA
27337,10083382,10085050,1668,mRNA
27338,10083154,10083322,168,mRNA
27339,10083382,10084842,1460,mRNA
27340,10083248,10083322,74,CDS
27341,10083382,10084725,1343,CDS
27342,10083248,10083322,74,CDS
27343,10083382,10084725,1343,CDS
27344,10084914,10086171,1257,gene
27345,10085461,10086171,710,mRNA
27346,10084914,10085402,488,mRNA
27347,10085461,10085930,469,CDS
27348,10085180,10085402,222,CDS
27349,10086527,10148876,62349,gene
27350,10086527,10086791,264,mRNA
27351,10087343,10087408,65,mRNA
27352,10106478,10106515,37,mRNA
27353,10122056,10123204,1148,mRNA
27354,10133972,10134116,144,mRNA
27355,10134406,10134543,137,mRNA
27356,10146423,10146682,259,mRNA
27357,10146868,10146960,92,mRNA
27358,10148344,10148876,532,mRNA
27359,10086527,10086791,264,mRNA
27360,10087343,10087408,65,mRNA
27361,10122056,10123204,1148,mRNA
27362,10133972,10134116,144,mRNA
27363,10134406,10134543,137,mRNA
27364,10146423,10146682,259,mRNA
27365,10146868,10146960,92,mRNA
27366,10148344,10148876,532,mRNA
27367,10086527,10086791,264,mRNA
27368,10087343,10087408,65,mRNA
27369,10106478,10106515,37,mRNA
27370,10122056,10123204,1148,mRNA
27371,10133972,10134116,144,mRNA
27372,10134406,10134543,137,mRNA
27373,10137899,10138325,426,mRNA
27374,10095218,10101092,5874,mobile_element
27375,10101814,10102819,1005,mobile_element
27376,10114340,10208574,94234,gene
27377,10207978,10208574,596,ncRNA
27378,10170127,10170225,98,ncRNA
27379,10154715,10154935,220,ncRNA
27380,10114340,10114671,331,ncRNA
27381,10207978,10208574,596,ncRNA
27382,10170127,10170225,98,ncRNA
27383,10154330,10154935,605,ncRNA
27384,10121689,10123168,1479,ncRNA
27385,10122197,10123204,1007,CDS
27386,10133972,10134116,144,CDS
27387,10134406,10134543,137,CDS
27388,10146423,10146682,259,CDS
27389,10146868,10146960,92,CDS
27390,10148344,10148448,104,CDS
27391,10122197,10123204,1007,CDS
27392,10133972,10134116,144,CDS
27393,10134406,10134543,137,CDS
27394,10146423,10146682,259,CDS
27395,10146868,10146960,92,CDS
27396,10148344,10148448,104,CDS
27397,10122197,10123204,1007,CDS
27398,10133972,10134116,144,CDS
27399,10134406,10134543,137,CDS
27400,10137899,10137903,4,CDS
27401,10124347,10124445,98,gene
27402,10124347,10124445,98,ncRNA
27403,10138270,10145710,7440,mobile_element
27404,10153612,10155009,1397,gene
27405,10153612,10153945,333,mRNA
27406,10154003,10154150,147,mRNA
27407,10154385,10155009,624,mRNA
27408,10153612,10153933,321,mRNA
27409,10154003,10154150,147,mRNA
27410,10154385,10155009,624,mRNA
27411,10153612,10153945,333,CDS
27412,10154003,10154150,147,CDS
27413,10154385,10154523,138,CDS
27414,10153612,10153933,321,CDS
27415,10154003,10154150,147,CDS
27416,10154385,10154523,138,CDS
27417,10158434,10195337,36903,gene
27418,10158434,10159056,622,mRNA
27419,10186521,10186738,217,mRNA
27420,10188139,10189513,1374,mRNA
27421,10191097,10195337,4240,mRNA
27422,10158810,10159056,246,CDS
27423,10186521,10186738,217,CDS
27424,10188139,10189513,1374,CDS
27425,10191097,10192919,1822,CDS
27426,10204400,10205289,889,gene
27427,10204400,10204491,91,ncRNA
27428,10204557,10205289,732,ncRNA
27429,10205292,10212374,7082,gene
27430,10212153,10212374,221,mRNA
27431,10205292,10207675,2383,mRNA
27432,10210008,10210183,175,mRNA
27433,10207978,10208294,316,mRNA
27434,10205292,10207675,2383,mRNA
27435,10209524,10209880,356,mRNA
27436,10207978,10208294,316,mRNA
27437,10205292,10207675,2383,mRNA
27438,10212153,10212374,221,mRNA
27439,10207978,10208294,316,mRNA
27440,10206593,10207675,1082,mRNA
27441,10212153,10212374,221,mRNA
27442,10206593,10208294,1701,mRNA
27443,10207231,10207575,344,CDS
27444,10207231,10207575,344,CDS
27445,10207231,10207575,344,CDS
27446,10207231,10207575,344,CDS
27447,10207231,10207575,344,CDS
27448,10210181,10210636,455,gene
27449,10210181,10210489,308,ncRNA
27450,10210565,10210636,71,ncRNA
27451,10212970,10217393,4423,gene
27452,10212970,10213074,104,mRNA
27453,10213281,10213485,204,mRNA
27454,10213560,10213771,211,mRNA
27455,10214099,10217393,3294,mRNA
27456,10212970,10213074,104,mRNA
27457,10213281,10213485,204,mRNA
27458,10213560,10213771,211,mRNA
27459,10214099,10214554,455,mRNA
27460,10212970,10213074,104,mRNA
27461,10213281,10213485,204,mRNA
27462,10213560,10213771,211,mRNA
27463,10214099,10214242,143,mRNA
27464,10213287,10213485,198,CDS
27465,10213560,10213771,211,CDS
27466,10214099,10214161,62,CDS
27467,10213287,10213485,198,CDS
27468,10213560,10213771,211,CDS
27469,10214099,10214161,62,CDS
27470,10213287,10213485,198,CDS
27471,10213560,10213771,211,CDS
27472,10214099,10214161,62,CDS
27473,10214858,10216642,1784,gene
27474,10216549,10216642,93,mRNA
27475,10214858,10216121,1263,mRNA
27476,10216549,10216554,5,CDS
27477,10214997,10216121,1124,CDS
27478,10217627,10219303,1676,gene
27479,10217627,10217763,136,ncRNA
27480,10218124,10218403,279,ncRNA
27481,10217913,10219139,1226,gene
27482,10219073,10219139,66,mRNA
27483,10217913,10218377,464,mRNA
27484,10219018,10219139,121,mRNA
27485,10218006,10218377,371,mRNA
27486,10218046,10218379,333,ncRNA
27487,10218737,10219303,566,ncRNA
27488,10218046,10218379,333,ncRNA
27489,10218737,10218892,155,ncRNA
27490,10219073,10219078,5,CDS
27491,10218096,10218377,281,CDS
27492,10218096,10218344,248,CDS
27493,10220110,10230088,9978,gene
27494,10220110,10220740,630,mRNA
27495,10221363,10221582,219,mRNA
27496,10221866,10222264,398,mRNA
27497,10222326,10222586,260,mRNA
27498,10222898,10223455,557,mRNA
27499,10224314,10224505,191,mRNA
27500,10224919,10225059,140,mRNA
27501,10225191,10225734,543,mRNA
27502,10225798,10226021,223,mRNA
27503,10226180,10226371,191,mRNA
27504,10226515,10226655,140,mRNA
27505,10227412,10227957,545,mRNA
27506,10228023,10228609,586,mRNA
27507,10228672,10229507,835,mRNA
27508,10229583,10230088,505,mRNA
27509,10220110,10220740,630,mRNA
27510,10221363,10221582,219,mRNA
27511,10221659,10221688,29,mRNA
27512,10221866,10222264,398,mRNA
27513,10222326,10222586,260,mRNA
27514,10222898,10223455,557,mRNA
27515,10224314,10224505,191,mRNA
27516,10224919,10225059,140,mRNA
27517,10225191,10225734,543,mRNA
27518,10225798,10226021,223,mRNA
27519,10226180,10226371,191,mRNA
27520,10226515,10226655,140,mRNA
27521,10227403,10227957,554,mRNA
27522,10228023,10228609,586,mRNA
27523,10228672,10229507,835,mRNA
27524,10229583,10229895,312,mRNA
27525,10220110,10220740,630,mRNA
27526,10221363,10221582,219,mRNA
27527,10221866,10222264,398,mRNA
27528,10222326,10222586,260,mRNA
27529,10222898,10223455,557,mRNA
27530,10224314,10224505,191,mRNA
27531,10224919,10225059,140,mRNA
27532,10225191,10225734,543,mRNA
27533,10225798,10226021,223,mRNA
27534,10226180,10226371,191,mRNA
27535,10226515,10226655,140,mRNA
27536,10226972,10226989,17,mRNA
27537,10227403,10227957,554,mRNA
27538,10228023,10228609,586,mRNA
27539,10228672,10229507,835,mRNA
27540,10229583,10229895,312,mRNA
27541,10220110,10220740,630,mRNA
27542,10221363,10221582,219,mRNA
27543,10221866,10222264,398,mRNA
27544,10222326,10222586,260,mRNA
27545,10222898,10223455,557,mRNA
27546,10224314,10224505,191,mRNA
27547,10224919,10225059,140,mRNA
27548,10225191,10225734,543,mRNA
27549,10225798,10226021,223,mRNA
27550,10226180,10226371,191,mRNA
27551,10226515,10226655,140,mRNA
27552,10227403,10227957,554,mRNA
27553,10228023,10228609,586,mRNA
27554,10228672,10229507,835,mRNA
27555,10229583,10229895,312,mRNA
27556,10220110,10220740,630,mRNA
27557,10221363,10221582,219,mRNA
27558,10221866,10222264,398,mRNA
27559,10222326,10222586,260,mRNA
27560,10222898,10223455,557,mRNA
27561,10224919,10225059,140,mRNA
27562,10225191,10225734,543,mRNA
27563,10225798,10226021,223,mRNA
27564,10226180,10226371,191,mRNA
27565,10226515,10226655,140,mRNA
27566,10227403,10227957,554,mRNA
27567,10228023,10228609,586,mRNA
27568,10228672,10229507,835,mRNA
27569,10229583,10229895,312,mRNA
27570,10220110,10220740,630,mRNA
27571,10221363,10221582,219,mRNA
27572,10221866,10222264,398,mRNA
27573,10222326,10222586,260,mRNA
27574,10224314,10224505,191,mRNA
27575,10224919,10225059,140,mRNA
27576,10225191,10225734,543,mRNA
27577,10225798,10226021,223,mRNA
27578,10226180,10226371,191,mRNA
27579,10226515,10226655,140,mRNA
27580,10227403,10227957,554,mRNA
27581,10228023,10228609,586,mRNA
27582,10228672,10229507,835,mRNA
27583,10229583,10229895,312,mRNA
27584,10220110,10220740,630,mRNA
27585,10221363,10221582,219,mRNA
27586,10221866,10222264,398,mRNA
27587,10222326,10222586,260,mRNA
27588,10224314,10224505,191,mRNA
27589,10224919,10225059,140,mRNA
27590,10225191,10225734,543,mRNA
27591,10225798,10226021,223,mRNA
27592,10226515,10226655,140,mRNA
27593,10227403,10227957,554,mRNA
27594,10228023,10228609,586,mRNA
27595,10228672,10229507,835,mRNA
27596,10229583,10229895,312,mRNA
27597,10220110,10220740,630,mRNA
27598,10221363,10221582,219,mRNA
27599,10221866,10222264,398,mRNA
27600,10222326,10222586,260,mRNA
27601,10224919,10225059,140,mRNA
27602,10225191,10225734,543,mRNA
27603,10225798,10226021,223,mRNA
27604,10226180,10226371,191,mRNA
27605,10226515,10226655,140,mRNA
27606,10227403,10227957,554,mRNA
27607,10228023,10228609,586,mRNA
27608,10228672,10229507,835,mRNA
27609,10229583,10229895,312,mRNA
27610,10220549,10220740,191,CDS
27611,10221363,10221582,219,CDS
27612,10221659,10221688,29,CDS
27613,10221866,10222264,398,CDS
27614,10222326,10222586,260,CDS
27615,10222898,10223455,557,CDS
27616,10224314,10224505,191,CDS
27617,10224919,10225059,140,CDS
27618,10225191,10225734,543,CDS
27619,10225798,10226021,223,CDS
27620,10226180,10226371,191,CDS
27621,10226515,10226655,140,CDS
27622,10227403,10227957,554,CDS
27623,10228023,10228609,586,CDS
27624,10228672,10229507,835,CDS
27625,10229583,10229697,114,CDS
27626,10220549,10220740,191,CDS
27627,10221363,10221582,219,CDS
27628,10221866,10222264,398,CDS
27629,10222326,10222586,260,CDS
27630,10222898,10223455,557,CDS
27631,10224314,10224505,191,CDS
27632,10224919,10225059,140,CDS
27633,10225191,10225734,543,CDS
27634,10225798,10226021,223,CDS
27635,10226180,10226371,191,CDS
27636,10226515,10226655,140,CDS
27637,10226972,10226989,17,CDS
27638,10227403,10227957,554,CDS
27639,10228023,10228609,586,CDS
27640,10228672,10229507,835,CDS
27641,10229583,10229697,114,CDS
27642,10220549,10220740,191,CDS
27643,10221363,10221582,219,CDS
27644,10221866,10222264,398,CDS
27645,10222326,10222586,260,CDS
27646,10222898,10223455,557,CDS
27647,10224314,10224505,191,CDS
27648,10224919,10225059,140,CDS
27649,10225191,10225734,543,CDS
27650,10225798,10226021,223,CDS
27651,10226180,10226371,191,CDS
27652,10226515,10226655,140,CDS
27653,10227403,10227957,554,CDS
27654,10228023,10228609,586,CDS
27655,10228672,10229507,835,CDS
27656,10229583,10229697,114,CDS
27657,10220549,10220740,191,CDS
27658,10221363,10221582,219,CDS
27659,10221866,10222264,398,CDS
27660,10222326,10222586,260,CDS
27661,10222898,10223455,557,CDS
27662,10224314,10224505,191,CDS
27663,10224919,10225059,140,CDS
27664,10225191,10225734,543,CDS
27665,10225798,10226021,223,CDS
27666,10226180,10226371,191,CDS
27667,10226515,10226655,140,CDS
27668,10227412,10227957,545,CDS
27669,10228023,10228609,586,CDS
27670,10228672,10229507,835,CDS
27671,10229583,10229697,114,CDS
27672,10220549,10220740,191,CDS
27673,10221363,10221582,219,CDS
27674,10221866,10222264,398,CDS
27675,10222326,10222586,260,CDS
27676,10222898,10223455,557,CDS
27677,10224919,10225059,140,CDS
27678,10225191,10225734,543,CDS
27679,10225798,10226021,223,CDS
27680,10226180,10226371,191,CDS
27681,10226515,10226655,140,CDS
27682,10227403,10227957,554,CDS
27683,10228023,10228609,586,CDS
27684,10228672,10229507,835,CDS
27685,10229583,10229697,114,CDS
27686,10220549,10220740,191,CDS
27687,10221363,10221582,219,CDS
27688,10221866,10222264,398,CDS
27689,10222326,10222586,260,CDS
27690,10224314,10224505,191,CDS
27691,10224919,10225059,140,CDS
27692,10225191,10225734,543,CDS
27693,10225798,10226021,223,CDS
27694,10226180,10226371,191,CDS
27695,10226515,10226655,140,CDS
27696,10227403,10227957,554,CDS
27697,10228023,10228609,586,CDS
27698,10228672,10229507,835,CDS
27699,10229583,10229697,114,CDS
27700,10220549,10220740,191,CDS
27701,10221363,10221582,219,CDS
27702,10221866,10222264,398,CDS
27703,10222326,10222586,260,CDS
27704,10224314,10224505,191,CDS
27705,10224919,10225059,140,CDS
27706,10225191,10225734,543,CDS
27707,10225798,10226021,223,CDS
27708,10226515,10226655,140,CDS
27709,10227403,10227957,554,CDS
27710,10228023,10228609,586,CDS
27711,10228672,10229507,835,CDS
27712,10229583,10229697,114,CDS
27713,10220549,10220740,191,CDS
27714,10221363,10221582,219,CDS
27715,10221866,10222264,398,CDS
27716,10222326,10222586,260,CDS
27717,10224919,10225059,140,CDS
27718,10225191,10225734,543,CDS
27719,10225798,10226021,223,CDS
27720,10226180,10226371,191,CDS
27721,10226515,10226655,140,CDS
27722,10227403,10227957,554,CDS
27723,10228023,10228609,586,CDS
27724,10228672,10229507,835,CDS
27725,10229583,10229697,114,CDS
27726,10222852,10223455,603,mRNA
27727,10224314,10224505,191,mRNA
27728,10224919,10225059,140,mRNA
27729,10225191,10225734,543,mRNA
27730,10225798,10226021,223,mRNA
27731,10226515,10226655,140,mRNA
27732,10227349,10227957,608,mRNA
27733,10228023,10228609,586,mRNA
27734,10228672,10229507,835,mRNA
27735,10229583,10229895,312,mRNA
27736,10223125,10223455,330,CDS
27737,10224314,10224505,191,CDS
27738,10224919,10225059,140,CDS
27739,10225191,10225734,543,CDS
27740,10225798,10226021,223,CDS
27741,10226515,10226655,140,CDS
27742,10227349,10227957,608,CDS
27743,10228023,10228609,586,CDS
27744,10228672,10229507,835,CDS
27745,10229583,10229697,114,CDS
27746,10226715,10227957,1242,mRNA
27747,10228023,10228609,586,mRNA
27748,10228672,10229507,835,mRNA
27749,10229583,10229895,312,mRNA
27750,10227225,10227957,732,CDS
27751,10228023,10228609,586,CDS
27752,10228672,10229507,835,CDS
27753,10229583,10229697,114,CDS
27754,10231002,10233080,2078,gene
27755,10233014,10233080,66,mRNA
27756,10232294,10232596,302,mRNA
27757,10231002,10232224,1222,mRNA
27758,10232294,10232941,647,mRNA
27759,10231002,10232224,1222,mRNA
27760,10232294,10232398,104,mRNA
27761,10231002,10232224,1222,mRNA
27762,10232294,10232299,5,CDS
27763,10231181,10232224,1043,CDS
27764,10232294,10232299,5,CDS
27765,10231181,10232224,1043,CDS
27766,10232294,10232299,5,CDS
27767,10231181,10232224,1043,CDS
27768,10233347,10263485,30138,gene
27769,10243381,10244580,1199,mRNA
27770,10242834,10242880,46,mRNA
27771,10241418,10241736,318,mRNA
27772,10241114,10241241,127,mRNA
27773,10240681,10241018,337,mRNA
27774,10239679,10239897,218,mRNA
27775,10233347,10239545,6198,mRNA
27776,10263466,10263485,19,mRNA
27777,10259191,10259488,297,mRNA
27778,10258878,10258964,86,mRNA
27779,10257668,10258017,349,mRNA
27780,10255493,10255590,97,mRNA
27781,10254003,10254307,304,mRNA
27782,10242810,10242880,70,mRNA
27783,10241418,10241736,318,mRNA
27784,10241114,10241241,127,mRNA
27785,10240681,10241018,337,mRNA
27786,10239679,10239897,218,mRNA
27787,10234758,10239545,4787,mRNA
27788,10263466,10263485,19,mRNA
27789,10259191,10259488,297,mRNA
27790,10258878,10258964,86,mRNA
27791,10257668,10258017,349,mRNA
27792,10255493,10255590,97,mRNA
27793,10254720,10255172,452,mRNA
27794,10254003,10254307,304,mRNA
27795,10241418,10241736,318,mRNA
27796,10241114,10241241,127,mRNA
27797,10240681,10241018,337,mRNA
27798,10239679,10239897,218,mRNA
27799,10238245,10239545,1300,mRNA
27800,10263466,10263485,19,mRNA
27801,10259191,10259488,297,mRNA
27802,10258878,10258964,86,mRNA
27803,10257668,10258017,349,mRNA
27804,10255493,10255590,97,mRNA
27805,10254003,10254307,304,mRNA
27806,10242810,10242880,70,mRNA
27807,10241418,10241736,318,mRNA
27808,10241114,10241241,127,mRNA
27809,10240681,10241021,340,mRNA
27810,10239679,10239897,218,mRNA
27811,10238246,10239545,1299,mRNA
27812,10261255,10261334,79,mRNA
27813,10259191,10259488,297,mRNA
27814,10258878,10258964,86,mRNA
27815,10257668,10258017,349,mRNA
27816,10255493,10255590,97,mRNA
27817,10254720,10255172,452,mRNA
27818,10254003,10254307,304,mRNA
27819,10242810,10242880,70,mRNA
27820,10241418,10241736,318,mRNA
27821,10241114,10241241,127,mRNA
27822,10240681,10241018,337,mRNA
27823,10239679,10239897,218,mRNA
27824,10238246,10239545,1299,mRNA
27825,10256112,10256668,556,mRNA
27826,10255493,10255590,97,mRNA
27827,10254720,10255172,452,mRNA
27828,10254003,10254307,304,mRNA
27829,10242810,10242880,70,mRNA
27830,10241418,10241736,318,mRNA
27831,10241114,10241241,127,mRNA
27832,10240681,10241018,337,mRNA
27833,10239679,10239897,218,mRNA
27834,10238246,10239545,1299,mRNA
27835,10243381,10244580,1199,mRNA
27836,10242837,10242880,43,mRNA
27837,10241418,10241736,318,mRNA
27838,10241114,10241241,127,mRNA
27839,10240681,10241018,337,mRNA
27840,10239679,10239897,218,mRNA
27841,10238246,10239545,1299,mRNA
27842,10243381,10244580,1199,mRNA
27843,10242837,10242880,43,mRNA
27844,10241418,10241736,318,mRNA
27845,10241114,10241241,127,mRNA
27846,10240681,10241018,337,mRNA
27847,10239679,10239897,218,mRNA
27848,10238246,10239545,1299,mRNA
27849,10243381,10244580,1199,mRNA
27850,10242837,10242880,43,mRNA
27851,10241418,10241736,318,mRNA
27852,10241114,10241241,127,mRNA
27853,10240681,10241018,337,mRNA
27854,10239679,10239897,218,mRNA
27855,10238246,10239545,1299,mRNA
27856,10243381,10243874,493,CDS
27857,10242837,10242880,43,CDS
27858,10241418,10241736,318,CDS
27859,10241114,10241241,127,CDS
27860,10240681,10241018,337,CDS
27861,10239679,10239897,218,CDS
27862,10238424,10239545,1121,CDS
27863,10243381,10243874,493,CDS
27864,10242837,10242880,43,CDS
27865,10241418,10241736,318,CDS
27866,10241114,10241241,127,CDS
27867,10240681,10241018,337,CDS
27868,10239679,10239897,218,CDS
27869,10239297,10239545,248,CDS
27870,10256112,10256175,63,CDS
27871,10255493,10255590,97,CDS
27872,10254720,10255172,452,CDS
27873,10254003,10254307,304,CDS
27874,10242810,10242880,70,CDS
27875,10241418,10241736,318,CDS
27876,10241114,10241241,127,CDS
27877,10240681,10241018,337,CDS
27878,10239679,10239897,218,CDS
27879,10239444,10239545,101,CDS
27880,10254003,10254021,18,CDS
27881,10241418,10241736,318,CDS
27882,10241114,10241241,127,CDS
27883,10240681,10241018,337,CDS
27884,10239679,10239897,218,CDS
27885,10239444,10239545,101,CDS
27886,10254003,10254004,1,CDS
27887,10242810,10242880,70,CDS
27888,10241418,10241736,318,CDS
27889,10241114,10241241,127,CDS
27890,10240681,10241018,337,CDS
27891,10239679,10239897,218,CDS
27892,10239444,10239545,101,CDS
27893,10254003,10254004,1,CDS
27894,10242810,10242880,70,CDS
27895,10241418,10241736,318,CDS
27896,10241114,10241241,127,CDS
27897,10240681,10241018,337,CDS
27898,10239679,10239897,218,CDS
27899,10239444,10239545,101,CDS
27900,10254003,10254004,1,CDS
27901,10242810,10242880,70,CDS
27902,10241418,10241736,318,CDS
27903,10241114,10241241,127,CDS
27904,10240681,10241021,340,CDS
27905,10239679,10239897,218,CDS
27906,10239444,10239545,101,CDS
27907,10243381,10243874,493,CDS
27908,10242837,10242880,43,CDS
27909,10241418,10241736,318,CDS
27910,10241114,10241241,127,CDS
27911,10240681,10241018,337,CDS
27912,10239679,10239897,218,CDS
27913,10239444,10239545,101,CDS
27914,10243381,10243874,493,CDS
27915,10242834,10242880,46,CDS
27916,10241418,10241736,318,CDS
27917,10241114,10241241,127,CDS
27918,10240681,10241018,337,CDS
27919,10239679,10239897,218,CDS
27920,10239444,10239545,101,CDS
27921,10256629,10261804,5175,gene
27922,10256629,10256810,181,ncRNA
27923,10260900,10261804,904,ncRNA
27924,10264233,10265263,1030,gene
27925,10264233,10265263,1030,mRNA
27926,10264841,10265074,233,CDS
27927,10266792,10325958,59166,gene
27928,10325633,10325958,325,mRNA
27929,10323566,10324318,752,mRNA
27930,10278579,10279191,612,mRNA
27931,10278293,10278517,224,mRNA
27932,10278092,10278230,138,mRNA
27933,10277761,10278022,261,mRNA
27934,10276455,10277702,1247,mRNA
27935,10266792,10267357,565,mRNA
27936,10286449,10287105,656,mRNA
27937,10278579,10279191,612,mRNA
27938,10278293,10278517,224,mRNA
27939,10278092,10278230,138,mRNA
27940,10277761,10278022,261,mRNA
27941,10276455,10277702,1247,mRNA
27942,10266792,10267357,565,mRNA
27943,10267358,10276449,9091,mobile_element
27944,10325814,10325958,144,mRNA
27945,10323566,10324318,752,mRNA
27946,10278579,10279191,612,mRNA
27947,10278293,10278517,224,mRNA
27948,10278092,10278230,138,mRNA
27949,10277761,10278022,261,mRNA
27950,10276055,10277702,1647,mRNA
27951,10325791,10325958,167,mRNA
27952,10323566,10324318,752,mRNA
27953,10278579,10279191,612,mRNA
27954,10278293,10278517,224,mRNA
27955,10278092,10278230,138,mRNA
27956,10277761,10278022,261,mRNA
27957,10276055,10277702,1647,mRNA
27958,10325784,10325958,174,mRNA
27959,10323566,10324356,790,mRNA
27960,10278579,10279191,612,mRNA
27961,10278293,10278517,224,mRNA
27962,10278092,10278230,138,mRNA
27963,10277761,10278022,261,mRNA
27964,10276055,10277702,1647,mRNA
27965,10325676,10325958,282,mRNA
27966,10323566,10324356,790,mRNA
27967,10278579,10279191,612,mRNA
27968,10278293,10278517,224,mRNA
27969,10278092,10278230,138,mRNA
27970,10277761,10278022,261,mRNA
27971,10276055,10277702,1647,mRNA
27972,10307893,10309107,1214,mRNA
27973,10278579,10279191,612,mRNA
27974,10278293,10278517,224,mRNA
27975,10278092,10278230,138,mRNA
27976,10277761,10278022,261,mRNA
27977,10276055,10277702,1647,mRNA
27978,10325814,10325958,144,mRNA
27979,10323566,10324541,975,mRNA
27980,10278579,10279191,612,mRNA
27981,10278293,10278517,224,mRNA
27982,10278092,10278230,138,mRNA
27983,10277761,10278022,261,mRNA
27984,10276618,10277702,1084,mRNA
27985,10289875,10290074,199,mRNA
27986,10286449,10287080,631,mRNA
27987,10278579,10279191,612,mRNA
27988,10278293,10278517,224,mRNA
27989,10278092,10278230,138,mRNA
27990,10277761,10278022,261,mRNA
27991,10276618,10277702,1084,mRNA
27992,10323566,10324183,617,CDS
27993,10278579,10279191,612,CDS
27994,10278293,10278517,224,CDS
27995,10278092,10278230,138,CDS
27996,10277761,10278022,261,CDS
27997,10277556,10277702,146,CDS
27998,10323566,10324183,617,CDS
27999,10278579,10279191,612,CDS
28000,10278293,10278517,224,CDS
28001,10278092,10278230,138,CDS
28002,10277761,10278022,261,CDS
28003,10277556,10277702,146,CDS
28004,10323566,10324183,617,CDS
28005,10278579,10279191,612,CDS
28006,10278293,10278517,224,CDS
28007,10278092,10278230,138,CDS
28008,10277761,10278022,261,CDS
28009,10277556,10277702,146,CDS
28010,10323566,10324183,617,CDS
28011,10278579,10279191,612,CDS
28012,10278293,10278517,224,CDS
28013,10278092,10278230,138,CDS
28014,10277761,10278022,261,CDS
28015,10277556,10277702,146,CDS
28016,10323566,10324183,617,CDS
28017,10278579,10279191,612,CDS
28018,10278293,10278517,224,CDS
28019,10278092,10278230,138,CDS
28020,10277761,10278022,261,CDS
28021,10277556,10277702,146,CDS
28022,10323566,10324183,617,CDS
28023,10278579,10279191,612,CDS
28024,10278293,10278517,224,CDS
28025,10278092,10278230,138,CDS
28026,10277761,10278022,261,CDS
28027,10277556,10277702,146,CDS
28028,10307893,10308561,668,CDS
28029,10278579,10279191,612,CDS
28030,10278293,10278517,224,CDS
28031,10278092,10278230,138,CDS
28032,10277761,10278022,261,CDS
28033,10277556,10277702,146,CDS
28034,10286449,10286994,545,CDS
28035,10278579,10279191,612,CDS
28036,10278293,10278517,224,CDS
28037,10278092,10278230,138,CDS
28038,10277761,10278022,261,CDS
28039,10277556,10277702,146,CDS
28040,10286449,10286994,545,CDS
28041,10278579,10279191,612,CDS
28042,10278293,10278517,224,CDS
28043,10278092,10278230,138,CDS
28044,10277761,10278022,261,CDS
28045,10277556,10277702,146,CDS
28046,10326238,10326369,131,mobile_element
28047,10326464,10328946,2482,gene
28048,10326464,10326794,330,mRNA
28049,10326859,10327003,144,mRNA
28050,10327066,10328072,1006,mRNA
28051,10328412,10328946,534,mRNA
28052,10326618,10326794,176,CDS
28053,10326859,10327003,144,CDS
28054,10327066,10328072,1006,CDS
28055,10328412,10328600,188,CDS
28056,10328877,10329872,995,gene
28057,10328877,10329872,995,mRNA
28058,10328968,10329762,794,CDS
28059,10330160,10331818,1658,gene
28060,10331542,10331818,276,mRNA
28061,10330160,10331488,1328,mRNA
28062,10331542,10331818,276,mRNA
28063,10330160,10331491,1331,mRNA
28064,10330386,10331459,1073,CDS
28065,10330386,10331459,1073,CDS
28066,10333652,10347794,14142,gene
28067,10333652,10333751,99,mRNA
28068,10335806,10336451,645,mRNA
28069,10343871,10344056,185,mRNA
28070,10346849,10347794,945,mRNA
28071,10333652,10333751,99,mRNA
28072,10335806,10336451,645,mRNA
28073,10343871,10344056,185,mRNA
28074,10346849,10347794,945,mRNA
28075,10333652,10333751,99,mRNA
28076,10335806,10336451,645,mRNA
28077,10343871,10344028,157,mRNA
28078,10346849,10347794,945,mRNA
28079,10335839,10336451,612,CDS
28080,10343871,10344056,185,CDS
28081,10346849,10347540,691,CDS
28082,10335839,10336451,612,CDS
28083,10343871,10344056,185,CDS
28084,10346849,10347036,187,CDS
28085,10335839,10336451,612,CDS
28086,10343871,10344028,157,CDS
28087,10346849,10346896,47,CDS
28088,10348170,10348337,167,gene
28089,10348170,10348337,167,ncRNA
28090,10348680,10366273,17593,gene
28091,10366124,10366273,149,mRNA
28092,10359297,10360163,866,mRNA
28093,10358918,10359127,209,mRNA
28094,10358700,10358851,151,mRNA
28095,10358563,10358635,72,mRNA
28096,10358086,10358504,418,mRNA
28097,10356367,10357813,1446,mRNA
28098,10348680,10348854,174,mRNA
28099,10348854,10356363,7509,mobile_element
28100,10366124,10366273,149,mRNA
28101,10359297,10360163,866,mRNA
28102,10358918,10359127,209,mRNA
28103,10358700,10358851,151,mRNA
28104,10358563,10358635,72,mRNA
28105,10358086,10358504,418,mRNA
28106,10356829,10357813,984,mRNA
28107,10366124,10366273,149,mRNA
28108,10359297,10360163,866,mRNA
28109,10358918,10359127,209,mRNA
28110,10358700,10358851,151,mRNA
28111,10358563,10358635,72,mRNA
28112,10358086,10358504,418,mRNA
28113,10357357,10357813,456,mRNA
28114,10366124,10366211,87,CDS
28115,10359297,10360163,866,CDS
28116,10358918,10359127,209,CDS
28117,10358700,10358851,151,CDS
28118,10358563,10358635,72,CDS
28119,10358086,10358504,418,CDS
28120,10357745,10357813,68,CDS
28121,10366124,10366211,87,CDS
28122,10359297,10360163,866,CDS
28123,10358918,10359127,209,CDS
28124,10358700,10358851,151,CDS
28125,10358563,10358635,72,CDS
28126,10358086,10358504,418,CDS
28127,10357745,10357813,68,CDS
28128,10366124,10366211,87,CDS
28129,10359297,10360163,866,CDS
28130,10358918,10359127,209,CDS
28131,10358700,10358851,151,CDS
28132,10358563,10358635,72,CDS
28133,10358086,10358504,418,CDS
28134,10357745,10357813,68,CDS
28135,10366402,10367472,1070,gene
28136,10367330,10367472,142,mRNA
28137,10366818,10367197,379,mRNA
28138,10366402,10366762,360,mRNA
28139,10367330,10367461,131,CDS
28140,10366818,10367197,379,CDS
28141,10366510,10366762,252,CDS
28142,10368052,10384183,16131,gene
28143,10368052,10368759,707,mRNA
28144,10381659,10382109,450,mRNA
28145,10382181,10382510,329,mRNA
28146,10382582,10384183,1601,mRNA
28147,10368052,10368759,707,mRNA
28148,10381659,10382109,450,mRNA
28149,10382181,10382510,329,mRNA
28150,10382582,10382928,346,mRNA
28151,10368356,10368759,403,CDS
28152,10381659,10382109,450,CDS
28153,10382181,10382510,329,CDS
28154,10382582,10382686,104,CDS
28155,10368356,10368759,403,CDS
28156,10381659,10382109,450,CDS
28157,10382181,10382510,329,CDS
28158,10382582,10382686,104,CDS
28159,10371717,10375316,3599,gene
28160,10374342,10375316,974,mRNA
28161,10371717,10374277,2560,mRNA
28162,10371717,10375316,3599,mRNA
28163,10371925,10375173,3248,CDS
28164,10371925,10374084,2159,CDS
28165,10375374,10376628,1254,gene
28166,10375374,10376628,1254,mRNA
28167,10375498,10376553,1055,CDS
28168,10376651,10381352,4701,gene
28169,10376651,10381352,4701,mRNA
28170,10376736,10381256,4520,CDS
28171,10383353,10385861,2508,gene
28172,10384951,10385861,910,mRNA
28173,10384488,10384882,394,mRNA
28174,10383353,10384426,1073,mRNA
28175,10384951,10385149,198,mRNA
28176,10384488,10384882,394,mRNA
28177,10383353,10384426,1073,mRNA
28178,10384951,10385149,198,mRNA
28179,10384488,10384882,394,mRNA
28180,10383871,10384426,555,mRNA
28181,10384951,10385053,102,CDS
28182,10384488,10384882,394,CDS
28183,10384286,10384426,140,CDS
28184,10384951,10385053,102,CDS
28185,10384488,10384882,394,CDS
28186,10384286,10384426,140,CDS
28187,10384951,10385053,102,CDS
28188,10384488,10384882,394,CDS
28189,10384286,10384426,140,CDS
28190,10385960,10409817,23857,gene
28191,10385960,10386563,603,mRNA
28192,10406353,10406700,347,mRNA
28193,10406762,10407105,343,mRNA
28194,10407166,10407300,134,mRNA
28195,10407366,10409817,2451,mRNA
28196,10385960,10386563,603,mRNA
28197,10388443,10388835,392,mRNA
28198,10406353,10406700,347,mRNA
28199,10406762,10407105,343,mRNA
28200,10407166,10407300,134,mRNA
28201,10407366,10408065,699,mRNA
28202,10385960,10386563,603,mRNA
28203,10406353,10406700,347,mRNA
28204,10406762,10407105,343,mRNA
28205,10407166,10407300,134,mRNA
28206,10407366,10408065,699,mRNA
28207,10385960,10386563,603,mRNA
28208,10406353,10406700,347,mRNA
28209,10406762,10407105,343,mRNA
28210,10407166,10407300,134,mRNA
28211,10407366,10408065,699,mRNA
28212,10386512,10386563,51,CDS
28213,10406353,10406700,347,CDS
28214,10406762,10407105,343,CDS
28215,10407166,10407300,134,CDS
28216,10407366,10407506,140,CDS
28217,10386512,10386563,51,CDS
28218,10388443,10388835,392,CDS
28219,10406353,10406700,347,CDS
28220,10406762,10407105,343,CDS
28221,10407166,10407300,134,CDS
28222,10407366,10407479,113,CDS
28223,10386512,10386563,51,CDS
28224,10406353,10406700,347,CDS
28225,10406762,10407105,343,CDS
28226,10407166,10407300,134,CDS
28227,10407366,10407479,113,CDS
28228,10386512,10386563,51,CDS
28229,10406353,10406700,347,CDS
28230,10406762,10407105,343,CDS
28231,10407166,10407300,134,CDS
28232,10407366,10407479,113,CDS
28233,10410391,10454895,44504,gene
28234,10454636,10454895,259,mRNA
28235,10452157,10452492,335,mRNA
28236,10427320,10427517,197,mRNA
28237,10427098,10427218,120,mRNA
28238,10424807,10424954,147,mRNA
28239,10421133,10421530,397,mRNA
28240,10420831,10421067,236,mRNA
28241,10410391,10413831,3440,mRNA
28242,10452157,10452492,335,mRNA
28243,10427320,10427517,197,mRNA
28244,10427098,10427218,120,mRNA
28245,10424807,10424954,147,mRNA
28246,10421133,10421530,397,mRNA
28247,10420831,10421067,236,mRNA
28248,10410391,10413831,3440,mRNA
28249,10452157,10452431,274,CDS
28250,10427320,10427517,197,CDS
28251,10427098,10427218,120,CDS
28252,10424807,10424954,147,CDS
28253,10421133,10421530,397,CDS
28254,10420831,10421067,236,CDS
28255,10412794,10413831,1037,CDS
28256,10452157,10452431,274,CDS
28257,10427320,10427517,197,CDS
28258,10427098,10427218,120,CDS
28259,10424807,10424954,147,CDS
28260,10421133,10421530,397,CDS
28261,10420831,10421067,236,CDS
28262,10412794,10413831,1037,CDS
28263,10417429,10418219,790,gene
28264,10417429,10418219,790,mRNA
28265,10417496,10418083,587,CDS
28266,10432465,10432812,347,gene
28267,10432465,10432812,347,mRNA
28268,10432465,10432812,347,CDS
28269,10443911,10443989,78,gene
28270,10443911,10443989,78,ncRNA
28271,10445598,10445822,224,mobile_element
28272,10458186,10459676,1490,gene
28273,10459340,10459676,336,mRNA
28274,10459012,10459277,265,mRNA
28275,10458415,10458936,521,mRNA
28276,10458186,10458239,53,mRNA
28277,10459340,10459676,336,CDS
28278,10459012,10459277,265,CDS
28279,10458415,10458936,521,CDS
28280,10458186,10458239,53,CDS
28281,10460736,10461878,1142,gene
28282,10460736,10460848,112,mRNA
28283,10460920,10460996,76,mRNA
28284,10461082,10461878,796,mRNA
28285,10460736,10460848,112,mRNA
28286,10460920,10460996,76,mRNA
28287,10461082,10461301,219,mRNA
28288,10460922,10460996,74,CDS
28289,10461082,10461153,71,CDS
28290,10460922,10460996,74,CDS
28291,10461082,10461153,71,CDS
28292,10461865,10474675,12810,gene
28293,10473328,10473587,259,mRNA
28294,10471880,10472143,263,mRNA
28295,10471618,10471783,165,mRNA
28296,10465585,10471538,5953,mRNA
28297,10465143,10465247,104,mRNA
28298,10461865,10465055,3190,mRNA
28299,10474053,10474675,622,mRNA
28300,10471880,10472143,263,mRNA
28301,10471618,10471783,165,mRNA
28302,10465585,10471538,5953,mRNA
28303,10465143,10465247,104,mRNA
28304,10463818,10465067,1249,mRNA
28305,10473426,10473587,161,mRNA
28306,10471880,10472143,263,mRNA
28307,10471618,10471783,165,mRNA
28308,10465585,10471538,5953,mRNA
28309,10465143,10465247,104,mRNA
28310,10463818,10465067,1249,mRNA
28311,10473169,10473587,418,mRNA
28312,10471880,10472143,263,mRNA
28313,10471618,10471783,165,mRNA
28314,10465585,10471538,5953,mRNA
28315,10465143,10465247,104,mRNA
28316,10463818,10465067,1249,mRNA
28317,10471880,10471969,89,CDS
28318,10471618,10471783,165,CDS
28319,10465585,10471538,5953,CDS
28320,10465143,10465247,104,CDS
28321,10464453,10465055,602,CDS
28322,10471880,10471969,89,CDS
28323,10471618,10471783,165,CDS
28324,10465585,10471538,5953,CDS
28325,10465143,10465247,104,CDS
28326,10464453,10465067,614,CDS
28327,10471880,10471969,89,CDS
28328,10471618,10471783,165,CDS
28329,10465585,10471538,5953,CDS
28330,10465143,10465247,104,CDS
28331,10464453,10465067,614,CDS
28332,10471880,10471969,89,CDS
28333,10471618,10471783,165,CDS
28334,10465585,10471538,5953,CDS
28335,10465143,10465247,104,CDS
28336,10464453,10465067,614,CDS
28337,10473938,10477201,3263,gene
28338,10473938,10474085,147,mRNA
28339,10474789,10475140,351,mRNA
28340,10475202,10475622,420,mRNA
28341,10475681,10476125,444,mRNA
28342,10476183,10476395,212,mRNA
28343,10476608,10477201,593,mRNA
28344,10474716,10475140,424,mRNA
28345,10475202,10475622,420,mRNA
28346,10475681,10476125,444,mRNA
28347,10476183,10476395,212,mRNA
28348,10476608,10477201,593,mRNA
28349,10475018,10475140,122,CDS
28350,10475202,10475622,420,CDS
28351,10475681,10476125,444,CDS
28352,10476183,10476395,212,CDS
28353,10476608,10477151,543,CDS
28354,10475018,10475140,122,CDS
28355,10475202,10475622,420,CDS
28356,10475681,10476125,444,CDS
28357,10476183,10476395,212,CDS
28358,10476608,10477151,543,CDS
28359,10477260,10478493,1233,gene
28360,10477260,10478493,1233,mRNA
28361,10477395,10478423,1028,CDS
28362,10478838,10481943,3105,gene
28363,10478838,10478969,131,mRNA
28364,10479473,10479717,244,mRNA
28365,10479789,10480024,235,mRNA
28366,10480084,10481943,1859,mRNA
28367,10478838,10478969,131,mRNA
28368,10479473,10479717,244,mRNA
28369,10479836,10480024,188,mRNA
28370,10480084,10481943,1859,mRNA
28371,10478838,10478969,131,mRNA
28372,10479490,10479717,227,mRNA
28373,10479836,10480024,188,mRNA
28374,10480084,10481943,1859,mRNA
28375,10479370,10479717,347,mRNA
28376,10479836,10480024,188,mRNA
28377,10480084,10481943,1859,mRNA
28378,10479501,10479717,216,CDS
28379,10479836,10480024,188,CDS
28380,10480084,10481507,1423,CDS
28381,10479501,10479717,216,CDS
28382,10479836,10480024,188,CDS
28383,10480084,10481507,1423,CDS
28384,10479501,10479717,216,CDS
28385,10479836,10480024,188,CDS
28386,10480084,10481507,1423,CDS
28387,10479880,10480024,144,CDS
28388,10480084,10481507,1423,CDS
28389,10482028,10487205,5177,gene
28390,10486856,10487205,349,mRNA
28391,10485711,10486733,1022,mRNA
28392,10483342,10483558,216,mRNA
28393,10482028,10483240,1212,mRNA
28394,10485711,10486632,921,mRNA
28395,10483342,10483558,216,mRNA
28396,10482028,10483240,1212,mRNA
28397,10485711,10486246,535,CDS
28398,10483342,10483558,216,CDS
28399,10482860,10483240,380,CDS
28400,10485711,10486246,535,CDS
28401,10483342,10483558,216,CDS
28402,10482860,10483240,380,CDS
28403,10490069,10585422,95353,gene
28404,10492752,10493741,989,mRNA
28405,10491506,10492332,826,mRNA
28406,10490069,10491147,1078,mRNA
28407,10492752,10493741,989,mRNA
28408,10492500,10492692,192,mRNA
28409,10491506,10492332,826,mRNA
28410,10490069,10491147,1078,mRNA
28411,10492500,10493736,1236,mRNA
28412,10491506,10492332,826,mRNA
28413,10490069,10491147,1078,mRNA
28414,10585326,10585422,96,mRNA
28415,10584910,10585073,163,mRNA
28416,10578239,10578606,367,mRNA
28417,10575390,10576156,766,mRNA
28418,10519348,10519777,429,mRNA
28419,10510336,10510587,251,mRNA
28420,10498214,10499657,1443,mRNA
28421,10497114,10498145,1031,mRNA
28422,10496790,10497047,257,mRNA
28423,10491506,10492332,826,mRNA
28424,10490347,10491147,800,mRNA
28425,10585248,10585422,174,mRNA
28426,10584910,10585073,163,mRNA
28427,10578239,10578606,367,mRNA
28428,10575390,10576156,766,mRNA
28429,10519348,10519777,429,mRNA
28430,10510336,10510587,251,mRNA
28431,10498214,10499657,1443,mRNA
28432,10497114,10498145,1031,mRNA
28433,10496790,10497047,257,mRNA
28434,10491506,10492332,826,mRNA
28435,10490347,10491147,800,mRNA
28436,10557218,10557362,144,mRNA
28437,10555203,10556751,1548,mRNA
28438,10519348,10519777,429,mRNA
28439,10510336,10510587,251,mRNA
28440,10498214,10499657,1443,mRNA
28441,10497114,10498145,1031,mRNA
28442,10496790,10497047,257,mRNA
28443,10491506,10492332,826,mRNA
28444,10490347,10491147,800,mRNA
28445,10555203,10555459,256,mRNA
28446,10519348,10519777,429,mRNA
28447,10510336,10510587,251,mRNA
28448,10498214,10499657,1443,mRNA
28449,10497114,10498145,1031,mRNA
28450,10496790,10497047,257,mRNA
28451,10491506,10492332,826,mRNA
28452,10490347,10491147,800,mRNA
28453,10546629,10546754,125,mRNA
28454,10519348,10519777,429,mRNA
28455,10510336,10510587,251,mRNA
28456,10498214,10499657,1443,mRNA
28457,10497114,10498145,1031,mRNA
28458,10496790,10497047,257,mRNA
28459,10491506,10492332,826,mRNA
28460,10490347,10491147,800,mRNA
28461,10546629,10546754,125,mRNA
28462,10544386,10544592,206,mRNA
28463,10522803,10523561,758,mRNA
28464,10519348,10519777,429,mRNA
28465,10510336,10510587,251,mRNA
28466,10498214,10499657,1443,mRNA
28467,10497114,10498145,1031,mRNA
28468,10496790,10497047,257,mRNA
28469,10491506,10492332,826,mRNA
28470,10490347,10491147,800,mRNA
28471,10584910,10585422,512,mRNA
28472,10578239,10578606,367,mRNA
28473,10575390,10576156,766,mRNA
28474,10519348,10519777,429,mRNA
28475,10510336,10510587,251,mRNA
28476,10498214,10499657,1443,mRNA
28477,10497114,10498145,1031,mRNA
28478,10496790,10497047,257,mRNA
28479,10491506,10492332,826,mRNA
28480,10490468,10491147,679,mRNA
28481,10584910,10585422,512,mRNA
28482,10578239,10578606,367,mRNA
28483,10575390,10576156,766,mRNA
28484,10522803,10523564,761,mRNA
28485,10519348,10519777,429,mRNA
28486,10510336,10510587,251,mRNA
28487,10498214,10499657,1443,mRNA
28488,10497114,10498145,1031,mRNA
28489,10496790,10497047,257,mRNA
28490,10491506,10492332,826,mRNA
28491,10490468,10491147,679,mRNA
28492,10546629,10546754,125,mRNA
28493,10544386,10544504,118,mRNA
28494,10522803,10523564,761,mRNA
28495,10519348,10519777,429,mRNA
28496,10510336,10510587,251,mRNA
28497,10498214,10499657,1443,mRNA
28498,10497114,10498145,1031,mRNA
28499,10496790,10497047,257,mRNA
28500,10491506,10492332,826,mRNA
28501,10490468,10491147,679,mRNA
28502,10546629,10546754,125,mRNA
28503,10544386,10544592,206,mRNA
28504,10522803,10523564,761,mRNA
28505,10519348,10519777,429,mRNA
28506,10510336,10510587,251,mRNA
28507,10498214,10499657,1443,mRNA
28508,10497114,10498145,1031,mRNA
28509,10496790,10497047,257,mRNA
28510,10491506,10492332,826,mRNA
28511,10490537,10491147,610,mRNA
28512,10578239,10578268,29,CDS
28513,10575390,10576156,766,CDS
28514,10519348,10519777,429,CDS
28515,10510336,10510587,251,CDS
28516,10498214,10499657,1443,CDS
28517,10497114,10498145,1031,CDS
28518,10496790,10497047,257,CDS
28519,10491506,10492332,826,CDS
28520,10490818,10491147,329,CDS
28521,10578239,10578268,29,CDS
28522,10575390,10576156,766,CDS
28523,10519348,10519777,429,CDS
28524,10510336,10510587,251,CDS
28525,10498214,10499657,1443,CDS
28526,10497114,10498145,1031,CDS
28527,10496790,10497047,257,CDS
28528,10491506,10492332,826,CDS
28529,10490818,10491147,329,CDS
28530,10578239,10578268,29,CDS
28531,10575390,10576156,766,CDS
28532,10519348,10519777,429,CDS
28533,10510336,10510587,251,CDS
28534,10498214,10499657,1443,CDS
28535,10497114,10498145,1031,CDS
28536,10496790,10497047,257,CDS
28537,10491506,10492332,826,CDS
28538,10490818,10491147,329,CDS
28539,10578239,10578268,29,CDS
28540,10575390,10576156,766,CDS
28541,10522803,10523564,761,CDS
28542,10519348,10519777,429,CDS
28543,10510336,10510587,251,CDS
28544,10498214,10499657,1443,CDS
28545,10497114,10498145,1031,CDS
28546,10496790,10497047,257,CDS
28547,10491506,10492332,826,CDS
28548,10490818,10491147,329,CDS
28549,10555203,10555255,52,CDS
28550,10519348,10519777,429,CDS
28551,10510336,10510587,251,CDS
28552,10498214,10499657,1443,CDS
28553,10497114,10498145,1031,CDS
28554,10496790,10497047,257,CDS
28555,10491506,10492332,826,CDS
28556,10490818,10491147,329,CDS
28557,10555203,10555255,52,CDS
28558,10519348,10519777,429,CDS
28559,10510336,10510587,251,CDS
28560,10498214,10499657,1443,CDS
28561,10497114,10498145,1031,CDS
28562,10496790,10497047,257,CDS
28563,10491506,10492332,826,CDS
28564,10490818,10491147,329,CDS
28565,10522803,10523560,757,CDS
28566,10519348,10519777,429,CDS
28567,10510336,10510587,251,CDS
28568,10498214,10499657,1443,CDS
28569,10497114,10498145,1031,CDS
28570,10496790,10497047,257,CDS
28571,10491506,10492332,826,CDS
28572,10490818,10491147,329,CDS
28573,10522803,10523560,757,CDS
28574,10519348,10519777,429,CDS
28575,10510336,10510587,251,CDS
28576,10498214,10499657,1443,CDS
28577,10497114,10498145,1031,CDS
28578,10496790,10497047,257,CDS
28579,10491506,10492332,826,CDS
28580,10490818,10491147,329,CDS
28581,10522803,10523560,757,CDS
28582,10519348,10519777,429,CDS
28583,10510336,10510587,251,CDS
28584,10498214,10499657,1443,CDS
28585,10497114,10498145,1031,CDS
28586,10496790,10497047,257,CDS
28587,10491506,10492332,826,CDS
28588,10490818,10491147,329,CDS
28589,10519348,10519554,206,CDS
28590,10510336,10510587,251,CDS
28591,10498214,10499657,1443,CDS
28592,10497114,10498145,1031,CDS
28593,10496790,10497047,257,CDS
28594,10491506,10492332,826,CDS
28595,10490818,10491147,329,CDS
28596,10492752,10493508,756,CDS
28597,10491506,10492332,826,CDS
28598,10490818,10491147,329,CDS
28599,10492500,10493508,1008,CDS
28600,10491506,10492332,826,CDS
28601,10490818,10491147,329,CDS
28602,10492500,10492674,174,CDS
28603,10491506,10492332,826,CDS
28604,10490818,10491147,329,CDS
28605,10525126,10532121,6995,mobile_element
28606,10550911,10552316,1405,mobile_element
28607,10565842,10566591,749,gene
28608,10566563,10566591,28,mRNA
28609,10565842,10566498,656,mRNA
28610,10566559,10566591,32,mRNA
28611,10565842,10566498,656,mRNA
28612,10565979,10566488,509,CDS
28613,10565979,10566488,509,CDS
28614,10589089,10589985,896,gene
28615,10589089,10589985,896,mRNA
28616,10589182,10589775,593,CDS
28617,10590920,10595855,4935,gene
28618,10595544,10595855,311,mRNA
28619,10592712,10595477,2765,mRNA
28620,10592312,10592653,341,mRNA
28621,10591557,10592252,695,mRNA
28622,10590920,10591499,579,mRNA
28623,10595544,10595592,48,CDS
28624,10592712,10595477,2765,CDS
28625,10592312,10592653,341,CDS
28626,10591557,10592252,695,CDS
28627,10591111,10591499,388,CDS
28628,10596122,10599169,3047,gene
28629,10596122,10598049,1927,mRNA
28630,10598316,10599169,853,mRNA
28631,10596250,10598049,1799,CDS
28632,10598316,10598405,89,CDS
28633,10598146,10602714,4568,gene
28634,10601043,10601646,603,mRNA
28635,10599191,10599296,105,mRNA
28636,10598146,10598934,788,mRNA
28637,10602254,10602714,460,mRNA
28638,10601043,10601715,672,mRNA
28639,10599191,10599296,105,mRNA
28640,10598459,10598934,475,mRNA
28641,10602254,10602562,308,CDS
28642,10601043,10601715,672,CDS
28643,10599191,10599296,105,CDS
28644,10598643,10598934,291,CDS
28645,10601043,10601562,519,CDS
28646,10599191,10599296,105,CDS
28647,10598643,10598934,291,CDS
28648,10602641,10620190,17549,gene
28649,10619966,10620190,224,mRNA
28650,10618733,10618986,253,mRNA
28651,10616872,10618609,1737,mRNA
28652,10610821,10612436,1615,mRNA
28653,10610327,10610683,356,mRNA
28654,10608638,10608839,201,mRNA
28655,10606454,10608566,2112,mRNA
28656,10605325,10606154,829,mRNA
28657,10602641,10605226,2585,mRNA
28658,10619966,10620190,224,mRNA
28659,10618733,10618996,263,mRNA
28660,10616872,10618609,1737,mRNA
28661,10610821,10612436,1615,mRNA
28662,10610327,10610683,356,mRNA
28663,10608638,10608839,201,mRNA
28664,10608403,10608566,163,mRNA
28665,10606454,10608306,1852,mRNA
28666,10605325,10606154,829,mRNA
28667,10603913,10605226,1313,mRNA
28668,10619966,10620190,224,mRNA
28669,10618733,10618996,263,mRNA
28670,10616872,10618609,1737,mRNA
28671,10610821,10612436,1615,mRNA
28672,10610327,10610683,356,mRNA
28673,10608638,10608785,147,mRNA
28674,10606454,10608566,2112,mRNA
28675,10605325,10606154,829,mRNA
28676,10603938,10605226,1288,mRNA
28677,10618733,10618865,132,CDS
28678,10616872,10618609,1737,CDS
28679,10610821,10612436,1615,CDS
28680,10610327,10610683,356,CDS
28681,10608638,10608785,147,CDS
28682,10606454,10608566,2112,CDS
28683,10605325,10606154,829,CDS
28684,10604161,10605226,1065,CDS
28685,10618733,10618865,132,CDS
28686,10616872,10618609,1737,CDS
28687,10610821,10612436,1615,CDS
28688,10610327,10610683,356,CDS
28689,10608638,10608839,201,CDS
28690,10608403,10608566,163,CDS
28691,10606454,10608306,1852,CDS
28692,10605325,10606154,829,CDS
28693,10604161,10605226,1065,CDS
28694,10618733,10618865,132,CDS
28695,10616872,10618609,1737,CDS
28696,10610821,10612436,1615,CDS
28697,10610327,10610683,356,CDS
28698,10608638,10608839,201,CDS
28699,10606454,10608566,2112,CDS
28700,10605325,10606154,829,CDS
28701,10604161,10605226,1065,CDS
28702,10622355,10623225,870,gene
28703,10622355,10623225,870,mRNA
28704,10622565,10623158,593,CDS
28705,10623725,10627112,3387,gene
28706,10626518,10627112,594,mRNA
28707,10626185,10626464,279,mRNA
28708,10625736,10626128,392,mRNA
28709,10624955,10625671,716,mRNA
28710,10624211,10624707,496,mRNA
28711,10623725,10624156,431,mRNA
28712,10626518,10627110,592,CDS
28713,10626185,10626464,279,CDS
28714,10625736,10626128,392,CDS
28715,10624955,10625671,716,CDS
28716,10624211,10624707,496,CDS
28717,10623901,10624156,255,CDS
28718,10627737,10710947,83210,gene
28719,10627737,10627889,152,mRNA
28720,10631389,10631808,419,mRNA
28721,10677709,10677755,46,mRNA
28722,10699257,10701121,1864,mRNA
28723,10701804,10702001,197,mRNA
28724,10702454,10702833,379,mRNA
28725,10702899,10703462,563,mRNA
28726,10703573,10704095,522,mRNA
28727,10704154,10704675,521,mRNA
28728,10704757,10705998,1241,mRNA
28729,10706952,10707082,130,mRNA
28730,10708067,10708834,767,mRNA
28731,10708896,10709036,140,mRNA
28732,10709088,10710626,1538,mRNA
28733,10629317,10629415,98,mRNA
28734,10631389,10631808,419,mRNA
28735,10677709,10677755,46,mRNA
28736,10699257,10701121,1864,mRNA
28737,10701804,10702001,197,mRNA
28738,10702454,10702833,379,mRNA
28739,10702899,10703462,563,mRNA
28740,10703564,10704095,531,mRNA
28741,10704154,10704675,521,mRNA
28742,10704757,10706013,1256,mRNA
28743,10706952,10707082,130,mRNA
28744,10707817,10707822,5,mRNA
28745,10708067,10708834,767,mRNA
28746,10708896,10709036,140,mRNA
28747,10709088,10710626,1538,mRNA
28748,10630174,10631808,1634,mRNA
28749,10677709,10677755,46,mRNA
28750,10699257,10701121,1864,mRNA
28751,10702454,10702833,379,mRNA
28752,10702899,10703462,563,mRNA
28753,10703564,10704095,531,mRNA
28754,10704154,10704675,521,mRNA
28755,10704757,10705998,1241,mRNA
28756,10706952,10707082,130,mRNA
28757,10708067,10708834,767,mRNA
28758,10708896,10709036,140,mRNA
28759,10709088,10710947,1859,mRNA
28760,10657680,10660671,2991,gene
28761,10657680,10658296,616,mRNA
28762,10658362,10659793,1431,mRNA
28763,10659861,10660354,493,mRNA
28764,10660410,10660671,261,mRNA
28765,10657689,10658296,607,CDS
28766,10658362,10659793,1431,CDS
28767,10659861,10660354,493,CDS
28768,10660410,10660671,261,CDS
28769,10660955,10661843,888,gene
28770,10660955,10661843,888,mRNA
28771,10661165,10661758,593,CDS
28772,10672433,10673466,1033,gene
28773,10672433,10673466,1033,mRNA
28774,10672490,10673368,878,CDS
28775,10686106,10691184,5078,mobile_element
28776,10699273,10701121,1848,CDS
28777,10701804,10702001,197,CDS
28778,10702454,10702833,379,CDS
28779,10702899,10703462,563,CDS
28780,10703564,10704095,531,CDS
28781,10704154,10704675,521,CDS
28782,10704757,10706013,1256,CDS
28783,10706952,10707082,130,CDS
28784,10707817,10707822,5,CDS
28785,10708067,10708834,767,CDS
28786,10708896,10709036,140,CDS
28787,10709088,10709159,71,CDS
28788,10699273,10701121,1848,CDS
28789,10701804,10702001,197,CDS
28790,10702454,10702833,379,CDS
28791,10702899,10703462,563,CDS
28792,10703573,10704095,522,CDS
28793,10704154,10704675,521,CDS
28794,10704757,10705998,1241,CDS
28795,10706952,10707082,130,CDS
28796,10708067,10708834,767,CDS
28797,10708896,10709036,140,CDS
28798,10709088,10709159,71,CDS
28799,10699273,10701121,1848,CDS
28800,10702454,10702833,379,CDS
28801,10702899,10703462,563,CDS
28802,10703564,10704095,531,CDS
28803,10704154,10704675,521,CDS
28804,10704757,10705998,1241,CDS
28805,10706952,10707082,130,CDS
28806,10708067,10708834,767,CDS
28807,10708896,10709036,140,CDS
28808,10709088,10709159,71,CDS
28809,10711163,10744943,33780,gene
28810,10743803,10744943,1140,mRNA
28811,10726919,10727006,87,mRNA
28812,10715200,10717392,2192,mRNA
28813,10711163,10715139,3976,mRNA
28814,10743803,10744943,1140,mRNA
28815,10726919,10727006,87,mRNA
28816,10715200,10717392,2192,mRNA
28817,10713115,10715139,2024,mRNA
28818,10743803,10744149,346,CDS
28819,10726919,10727006,87,CDS
28820,10715200,10717392,2192,CDS
28821,10714399,10715139,740,CDS
28822,10743803,10744149,346,CDS
28823,10726919,10727006,87,CDS
28824,10715200,10717392,2192,CDS
28825,10714399,10715139,740,CDS
28826,10744502,10749097,4595,gene
28827,10744502,10744661,159,mRNA
28828,10745678,10745983,305,mRNA
28829,10746076,10746226,150,mRNA
28830,10746421,10747072,651,mRNA
28831,10747486,10748026,540,mRNA
28832,10748098,10749097,999,mRNA
28833,10744502,10744661,159,mRNA
28834,10745678,10745983,305,mRNA
28835,10746076,10746226,150,mRNA
28836,10746421,10747072,651,mRNA
28837,10747486,10748026,540,mRNA
28838,10748098,10748806,708,mRNA
28839,10744508,10745250,742,gene
28840,10744508,10744707,199,ncRNA
28841,10744779,10745250,471,ncRNA
28842,10744508,10744661,153,ncRNA
28843,10744779,10745250,471,ncRNA
28844,10745434,10745489,55,mRNA
28845,10745678,10745983,305,mRNA
28846,10746076,10746226,150,mRNA
28847,10746421,10747072,651,mRNA
28848,10747486,10748026,540,mRNA
28849,10748098,10748806,708,mRNA
28850,10745434,10745489,55,mRNA
28851,10745678,10745983,305,mRNA
28852,10746076,10746226,150,mRNA
28853,10746421,10747072,651,mRNA
28854,10747486,10748026,540,mRNA
28855,10748098,10748806,708,mRNA
28856,10745434,10745489,55,mRNA
28857,10745772,10745983,211,mRNA
28858,10746076,10746226,150,mRNA
28859,10746421,10747072,651,mRNA
28860,10747486,10748026,540,mRNA
28861,10748098,10748806,708,mRNA
28862,10745820,10745983,163,CDS
28863,10746076,10746226,150,CDS
28864,10746421,10747072,651,CDS
28865,10747486,10748026,540,CDS
28866,10748098,10748362,264,CDS
28867,10745820,10745983,163,CDS
28868,10746076,10746226,150,CDS
28869,10746421,10747072,651,CDS
28870,10747486,10748026,540,CDS
28871,10748098,10748203,105,CDS
28872,10745820,10745983,163,CDS
28873,10746076,10746226,150,CDS
28874,10746421,10747072,651,CDS
28875,10747486,10748026,540,CDS
28876,10748098,10748203,105,CDS
28877,10745820,10745983,163,CDS
28878,10746076,10746226,150,CDS
28879,10746421,10747072,651,CDS
28880,10747486,10748026,540,CDS
28881,10748098,10748203,105,CDS
28882,10745820,10745983,163,CDS
28883,10746076,10746226,150,CDS
28884,10746421,10747072,651,CDS
28885,10747486,10748026,540,CDS
28886,10748098,10748203,105,CDS
28887,10749077,10757666,8589,gene
28888,10757395,10757666,271,mRNA
28889,10753213,10753676,463,mRNA
28890,10750926,10751782,856,mRNA
28891,10750156,10750370,214,mRNA
28892,10749077,10750094,1017,mRNA
28893,10757395,10757666,271,mRNA
28894,10753213,10753676,463,mRNA
28895,10751903,10752249,346,mRNA
28896,10750926,10751782,856,mRNA
28897,10750156,10750370,214,mRNA
28898,10749077,10750094,1017,mRNA
28899,10757395,10757666,271,mRNA
28900,10753213,10753676,463,mRNA
28901,10752328,10752495,167,mRNA
28902,10751903,10752249,346,mRNA
28903,10750926,10751782,856,mRNA
28904,10750156,10750370,214,mRNA
28905,10749077,10750094,1017,mRNA
28906,10757395,10757666,271,mRNA
28907,10754971,10755014,43,mRNA
28908,10754293,10754904,611,mRNA
28909,10753213,10753676,463,mRNA
28910,10750926,10751782,856,mRNA
28911,10750156,10750362,206,mRNA
28912,10749077,10750094,1017,mRNA
28913,10753213,10753321,108,CDS
28914,10750926,10751782,856,CDS
28915,10750156,10750362,206,CDS
28916,10749705,10750094,389,CDS
28917,10757395,10757471,76,CDS
28918,10753213,10753676,463,CDS
28919,10750926,10751782,856,CDS
28920,10750156,10750370,214,CDS
28921,10749791,10750094,303,CDS
28922,10750926,10751612,686,CDS
28923,10750156,10750370,214,CDS
28924,10749791,10750094,303,CDS
28925,10750926,10751612,686,CDS
28926,10750156,10750370,214,CDS
28927,10749791,10750094,303,CDS
28928,10760048,10764413,4365,gene
28929,10764170,10764413,243,mRNA
28930,10761915,10762434,519,mRNA
28931,10761578,10761859,281,mRNA
28932,10761203,10761509,306,mRNA
28933,10760048,10760992,944,mRNA
28934,10764170,10764237,67,mRNA
28935,10761915,10762202,287,mRNA
28936,10761578,10761859,281,mRNA
28937,10761203,10761509,306,mRNA
28938,10760048,10760992,944,mRNA
28939,10764170,10764237,67,mRNA
28940,10761915,10762434,519,mRNA
28941,10761578,10761859,281,mRNA
28942,10761203,10761509,306,mRNA
28943,10760048,10760992,944,mRNA
28944,10764085,10764237,152,mRNA
28945,10761915,10762434,519,mRNA
28946,10761578,10761859,281,mRNA
28947,10761203,10761509,306,mRNA
28948,10760048,10760992,944,mRNA
28949,10763151,10764237,1086,mRNA
28950,10761915,10762434,519,mRNA
28951,10761578,10761859,281,mRNA
28952,10761203,10761509,306,mRNA
28953,10760048,10760992,944,mRNA
28954,10761915,10762695,780,mRNA
28955,10761578,10761859,281,mRNA
28956,10761203,10761509,306,mRNA
28957,10760048,10760992,944,mRNA
28958,10761915,10762411,496,CDS
28959,10761578,10761859,281,CDS
28960,10761203,10761509,306,CDS
28961,10760486,10760992,506,CDS
28962,10761915,10762411,496,CDS
28963,10761578,10761859,281,CDS
28964,10761203,10761509,306,CDS
28965,10760486,10760992,506,CDS
28966,10761915,10762411,496,CDS
28967,10761578,10761859,281,CDS
28968,10761203,10761509,306,CDS
28969,10760486,10760992,506,CDS
28970,10761915,10762411,496,CDS
28971,10761578,10761859,281,CDS
28972,10761203,10761509,306,CDS
28973,10760486,10760992,506,CDS
28974,10761915,10762411,496,CDS
28975,10761578,10761859,281,CDS
28976,10761203,10761509,306,CDS
28977,10760486,10760992,506,CDS
28978,10761915,10762105,190,CDS
28979,10761578,10761859,281,CDS
28980,10761203,10761509,306,CDS
28981,10760486,10760992,506,CDS
28982,10764878,10768338,3460,gene
28983,10767981,10768338,357,mRNA
28984,10765605,10765802,197,mRNA
28985,10764878,10765535,657,mRNA
28986,10767153,10767306,153,mRNA
28987,10765605,10765802,197,mRNA
28988,10764878,10765535,657,mRNA
28989,10766330,10766656,326,mRNA
28990,10765605,10765802,197,mRNA
28991,10764878,10765535,657,mRNA
28992,10767981,10768070,89,CDS
28993,10765605,10765802,197,CDS
28994,10765458,10765535,77,CDS
28995,10767153,10767167,14,CDS
28996,10765605,10765802,197,CDS
28997,10765458,10765535,77,CDS
28998,10766330,10766377,47,CDS
28999,10765605,10765802,197,CDS
29000,10765458,10765535,77,CDS
29001,10768537,10772154,3617,gene
29002,10768537,10769293,756,mRNA
29003,10769348,10769986,638,mRNA
29004,10770055,10770501,446,mRNA
29005,10770563,10771699,1136,mRNA
29006,10768572,10769293,721,mRNA
29007,10769348,10769986,638,mRNA
29008,10770055,10770501,446,mRNA
29009,10770563,10772154,1591,mRNA
29010,10768721,10769293,572,CDS
29011,10769348,10769986,638,CDS
29012,10770055,10770501,446,CDS
29013,10770563,10771072,509,CDS
29014,10768721,10769293,572,CDS
29015,10769348,10769986,638,CDS
29016,10770055,10770501,446,CDS
29017,10770563,10771072,509,CDS
29018,10772541,10778981,6440,gene
29019,10772541,10772626,85,mRNA
29020,10772798,10773166,368,mRNA
29021,10777961,10778128,167,mRNA
29022,10778211,10778981,770,mRNA
29023,10772541,10772626,85,mRNA
29024,10772891,10773166,275,mRNA
29025,10777961,10778128,167,mRNA
29026,10778211,10778981,770,mRNA
29027,10772541,10772626,85,mRNA
29028,10772792,10773166,374,mRNA
29029,10777961,10778128,167,mRNA
29030,10778211,10778778,567,mRNA
29031,10772541,10772626,85,mRNA
29032,10772792,10772842,50,mRNA
29033,10772904,10773166,262,mRNA
29034,10777961,10778128,167,mRNA
29035,10778211,10778778,567,mRNA
29036,10772720,10772757,37,mobile_element
29037,10772768,10773166,398,mRNA
29038,10777961,10778128,167,mRNA
29039,10778211,10778778,567,mRNA
29040,10772999,10773166,167,CDS
29041,10777961,10778128,167,CDS
29042,10778211,10778408,197,CDS
29043,10772999,10773166,167,CDS
29044,10777961,10778128,167,CDS
29045,10778211,10778408,197,CDS
29046,10772999,10773166,167,CDS
29047,10777961,10778128,167,CDS
29048,10778211,10778408,197,CDS
29049,10772999,10773166,167,CDS
29050,10777961,10778128,167,CDS
29051,10778211,10778408,197,CDS
29052,10772999,10773166,167,CDS
29053,10777961,10778128,167,CDS
29054,10778211,10778408,197,CDS
29055,10778954,10786907,7953,gene
29056,10786806,10786907,101,mRNA
29057,10780197,10780526,329,mRNA
29058,10779993,10780120,127,mRNA
29059,10778954,10779695,741,mRNA
29060,10780596,10780661,65,mRNA
29061,10780197,10780526,329,mRNA
29062,10779993,10780120,127,mRNA
29063,10778954,10779695,741,mRNA
29064,10780197,10780661,464,mRNA
29065,10779993,10780120,127,mRNA
29066,10778954,10779695,741,mRNA
29067,10780197,10780517,320,CDS
29068,10779993,10780120,127,CDS
29069,10779221,10779695,474,CDS
29070,10780197,10780517,320,CDS
29071,10779993,10780120,127,CDS
29072,10779221,10779695,474,CDS
29073,10780197,10780517,320,CDS
29074,10779993,10780120,127,CDS
29075,10779221,10779695,474,CDS
29076,10780893,10786958,6065,gene
29077,10784351,10784458,107,mRNA
29078,10782777,10782889,112,mRNA
29079,10782380,10782680,300,mRNA
29080,10782173,10782300,127,mRNA
29081,10780893,10782095,1202,mRNA
29082,10786806,10786958,152,mRNA
29083,10782380,10782680,300,mRNA
29084,10782173,10782300,127,mRNA
29085,10780993,10782095,1102,mRNA
29086,10786806,10786907,101,mRNA
29087,10782380,10782680,300,mRNA
29088,10782173,10782300,127,mRNA
29089,10780993,10782095,1102,mRNA
29090,10786806,10786907,101,mRNA
29091,10782777,10782889,112,mRNA
29092,10782380,10782680,300,mRNA
29093,10782173,10782300,127,mRNA
29094,10780993,10782095,1102,mRNA
29095,10784351,10784458,107,mRNA
29096,10782380,10782680,300,mRNA
29097,10782173,10782300,127,mRNA
29098,10780993,10782095,1102,mRNA
29099,10782777,10782811,34,CDS
29100,10782380,10782680,300,CDS
29101,10782173,10782300,127,CDS
29102,10781621,10782095,474,CDS
29103,10782777,10782811,34,CDS
29104,10782380,10782680,300,CDS
29105,10782173,10782300,127,CDS
29106,10781621,10782095,474,CDS
29107,10782380,10782676,296,CDS
29108,10782173,10782300,127,CDS
29109,10781621,10782095,474,CDS
29110,10782380,10782676,296,CDS
29111,10782173,10782300,127,CDS
29112,10781621,10782095,474,CDS
29113,10782380,10782676,296,CDS
29114,10782173,10782300,127,CDS
29115,10781621,10782095,474,CDS
29116,10787869,10824277,36408,gene
29117,10821597,10821817,220,mRNA
29118,10821319,10821488,169,mRNA
29119,10813249,10814093,844,mRNA
29120,10798619,10798993,374,mRNA
29121,10797836,10798544,708,mRNA
29122,10797508,10797663,155,mRNA
29123,10787869,10797437,9568,mRNA
29124,10815602,10815635,33,mRNA
29125,10813249,10814093,844,mRNA
29126,10798619,10798993,374,mRNA
29127,10797836,10798544,708,mRNA
29128,10797508,10797663,155,mRNA
29129,10790805,10797437,6632,mRNA
29130,10806469,10806856,387,mRNA
29131,10805266,10805469,203,mRNA
29132,10798619,10798993,374,mRNA
29133,10797836,10798544,708,mRNA
29134,10797508,10797663,155,mRNA
29135,10792508,10797437,4929,mRNA
29136,10821319,10821817,498,mRNA
29137,10813249,10814093,844,mRNA
29138,10798619,10798993,374,mRNA
29139,10797836,10798544,708,mRNA
29140,10797508,10797663,155,mRNA
29141,10794338,10797437,3099,mRNA
29142,10794338,10796292,1954,gene
29143,10794338,10796292,1954,ncRNA
29144,10822392,10822786,394,mRNA
29145,10813249,10814093,844,mRNA
29146,10798619,10798993,374,mRNA
29147,10797836,10798544,708,mRNA
29148,10797508,10797663,155,mRNA
29149,10795437,10797437,2000,mRNA
29150,10824175,10824277,102,mRNA
29151,10813249,10814093,844,mRNA
29152,10799751,10799924,173,mRNA
29153,10798619,10798993,374,mRNA
29154,10797836,10798565,729,mRNA
29155,10797508,10797663,155,mRNA
29156,10795997,10797437,1440,mRNA
29157,10822392,10822786,394,mRNA
29158,10813249,10814093,844,mRNA
29159,10798619,10798993,374,mRNA
29160,10797836,10798565,729,mRNA
29161,10797508,10797663,155,mRNA
29162,10795997,10797437,1440,mRNA
29163,10821319,10821817,498,mRNA
29164,10813249,10814093,844,mRNA
29165,10799751,10799924,173,mRNA
29166,10798619,10798993,374,mRNA
29167,10797836,10798565,729,mRNA
29168,10797508,10797663,155,mRNA
29169,10795997,10797437,1440,mRNA
29170,10815602,10815635,33,mRNA
29171,10814621,10814771,150,mRNA
29172,10813249,10814093,844,mRNA
29173,10798619,10798993,374,mRNA
29174,10797836,10798544,708,mRNA
29175,10797508,10797663,155,mRNA
29176,10795997,10797437,1440,mRNA
29177,10806469,10806856,387,mRNA
29178,10805266,10805469,203,mRNA
29179,10799751,10799924,173,mRNA
29180,10798619,10798993,374,mRNA
29181,10797836,10798565,729,mRNA
29182,10797508,10797663,155,mRNA
29183,10795997,10797437,1440,mRNA
29184,10806442,10806856,414,mRNA
29185,10805266,10805469,203,mRNA
29186,10798619,10798993,374,mRNA
29187,10797836,10798544,708,mRNA
29188,10797508,10797663,155,mRNA
29189,10795997,10797437,1440,mRNA
29190,10806663,10806856,193,mRNA
29191,10805266,10805469,203,mRNA
29192,10798619,10798993,374,mRNA
29193,10797836,10798544,708,mRNA
29194,10797508,10797663,155,mRNA
29195,10796213,10797437,1224,mRNA
29196,10813249,10813361,112,CDS
29197,10798619,10798993,374,CDS
29198,10797836,10798544,708,CDS
29199,10797508,10797663,155,CDS
29200,10797069,10797437,368,CDS
29201,10813249,10813361,112,CDS
29202,10798619,10798993,374,CDS
29203,10797836,10798544,708,CDS
29204,10797508,10797663,155,CDS
29205,10797069,10797437,368,CDS
29206,10813249,10813361,112,CDS
29207,10798619,10798993,374,CDS
29208,10797836,10798544,708,CDS
29209,10797508,10797663,155,CDS
29210,10797069,10797437,368,CDS
29211,10813249,10813361,112,CDS
29212,10798619,10798993,374,CDS
29213,10797836,10798544,708,CDS
29214,10797508,10797663,155,CDS
29215,10797069,10797437,368,CDS
29216,10813249,10813361,112,CDS
29217,10798619,10798993,374,CDS
29218,10797836,10798544,708,CDS
29219,10797508,10797663,155,CDS
29220,10797069,10797437,368,CDS
29221,10813249,10813361,112,CDS
29222,10798619,10798993,374,CDS
29223,10797836,10798565,729,CDS
29224,10797508,10797663,155,CDS
29225,10797069,10797437,368,CDS
29226,10813249,10813361,112,CDS
29227,10799751,10799924,173,CDS
29228,10798619,10798993,374,CDS
29229,10797836,10798565,729,CDS
29230,10797508,10797663,155,CDS
29231,10797069,10797437,368,CDS
29232,10813249,10813361,112,CDS
29233,10799751,10799924,173,CDS
29234,10798619,10798993,374,CDS
29235,10797836,10798565,729,CDS
29236,10797508,10797663,155,CDS
29237,10797069,10797437,368,CDS
29238,10805266,10805357,91,CDS
29239,10798619,10798993,374,CDS
29240,10797836,10798544,708,CDS
29241,10797508,10797663,155,CDS
29242,10797069,10797437,368,CDS
29243,10805266,10805357,91,CDS
29244,10798619,10798993,374,CDS
29245,10797836,10798544,708,CDS
29246,10797508,10797663,155,CDS
29247,10797069,10797437,368,CDS
29248,10805266,10805357,91,CDS
29249,10798619,10798993,374,CDS
29250,10797836,10798544,708,CDS
29251,10797508,10797663,155,CDS
29252,10797069,10797437,368,CDS
29253,10805266,10805357,91,CDS
29254,10799751,10799924,173,CDS
29255,10798619,10798993,374,CDS
29256,10797836,10798565,729,CDS
29257,10797508,10797663,155,CDS
29258,10797069,10797437,368,CDS
29259,10824269,10824627,358,gene
29260,10824269,10824627,358,ncRNA
29261,10832752,10847092,14340,gene
29262,10846492,10847092,600,mRNA
29263,10846267,10846427,160,mRNA
29264,10846107,10846199,92,mRNA
29265,10836693,10837214,521,mRNA
29266,10836520,10836629,109,mRNA
29267,10834881,10834917,36,mRNA
29268,10834468,10834697,229,mRNA
29269,10834229,10834400,171,mRNA
29270,10833675,10834171,496,mRNA
29271,10832752,10833608,856,mRNA
29272,10837452,10837479,27,mRNA
29273,10836693,10837214,521,mRNA
29274,10836520,10836629,109,mRNA
29275,10834881,10834917,36,mRNA
29276,10834468,10834697,229,mRNA
29277,10834229,10834400,171,mRNA
29278,10833675,10834171,496,mRNA
29279,10833295,10833608,313,mRNA
29280,10836693,10837479,786,mRNA
29281,10836520,10836629,109,mRNA
29282,10834881,10834917,36,mRNA
29283,10834468,10834697,229,mRNA
29284,10834229,10834400,171,mRNA
29285,10833675,10834171,496,mRNA
29286,10833295,10833608,313,mRNA
29287,10846492,10846588,96,CDS
29288,10846267,10846427,160,CDS
29289,10846107,10846199,92,CDS
29290,10836693,10837214,521,CDS
29291,10836520,10836629,109,CDS
29292,10834881,10834917,36,CDS
29293,10834468,10834697,229,CDS
29294,10834229,10834400,171,CDS
29295,10833675,10834171,496,CDS
29296,10833509,10833608,99,CDS
29297,10836693,10837157,464,CDS
29298,10836520,10836629,109,CDS
29299,10834881,10834917,36,CDS
29300,10834468,10834697,229,CDS
29301,10834229,10834400,171,CDS
29302,10833675,10834171,496,CDS
29303,10833509,10833608,99,CDS
29304,10836693,10837157,464,CDS
29305,10836520,10836629,109,CDS
29306,10834881,10834917,36,CDS
29307,10834468,10834697,229,CDS
29308,10834229,10834400,171,CDS
29309,10833675,10834171,496,CDS
29310,10833509,10833608,99,CDS
29311,10839230,10839895,665,gene
29312,10839230,10839455,225,mRNA
29313,10839513,10839895,382,mRNA
29314,10839387,10839455,68,CDS
29315,10839513,10839653,140,CDS
29316,10842205,10842995,790,gene
29317,10842205,10842995,790,mRNA
29318,10842246,10842689,443,CDS
29319,10842697,10845081,2384,gene
29320,10842697,10845081,2384,mRNA
29321,10843105,10844919,1814,CDS
29322,10847438,10848534,1096,gene
29323,10847438,10847638,200,mRNA
29324,10847770,10848245,475,mRNA
29325,10848365,10848534,169,mRNA
29326,10847500,10847638,138,CDS
29327,10847770,10848245,475,CDS
29328,10848365,10848481,116,CDS
29329,10848757,10852327,3570,gene
29330,10848757,10849975,1218,mRNA
29331,10850034,10850973,939,mRNA
29332,10851061,10851641,580,mRNA
29333,10851705,10852327,622,mRNA
29334,10848895,10849975,1080,CDS
29335,10850034,10850973,939,CDS
29336,10851061,10851641,580,CDS
29337,10851705,10851772,67,CDS
29338,10852446,10854869,2423,gene
29339,10852446,10854869,2423,mRNA
29340,10852589,10854604,2015,CDS
29341,10855000,10857413,2413,gene
29342,10855000,10857413,2413,mRNA
29343,10855142,10857413,2271,mRNA
29344,10855448,10857271,1823,CDS
29345,10855448,10857271,1823,CDS
29346,10857655,10866246,8591,gene
29347,10857655,10857935,280,mRNA
29348,10858288,10858379,91,mRNA
29349,10858445,10859125,680,mRNA
29350,10859198,10859404,206,mRNA
29351,10859600,10860897,1297,mRNA
29352,10860962,10861090,128,mRNA
29353,10861818,10866246,4428,mRNA
29354,10857657,10857935,278,mRNA
29355,10858288,10858379,91,mRNA
29356,10858445,10859125,680,mRNA
29357,10859198,10859404,206,mRNA
29358,10859600,10860897,1297,mRNA
29359,10860962,10861090,128,mRNA
29360,10861818,10863580,1762,mRNA
29361,10857922,10857935,13,CDS
29362,10858288,10858379,91,CDS
29363,10858445,10859125,680,CDS
29364,10859198,10859404,206,CDS
29365,10859600,10860897,1297,CDS
29366,10860962,10861090,128,CDS
29367,10861818,10862783,965,CDS
29368,10857922,10857935,13,CDS
29369,10858288,10858379,91,CDS
29370,10858445,10859125,680,CDS
29371,10859198,10859404,206,CDS
29372,10859600,10860897,1297,CDS
29373,10860962,10861090,128,CDS
29374,10861818,10862783,965,CDS
29375,10869284,10870705,1421,gene
29376,10869284,10869391,107,mRNA
29377,10869737,10870109,372,mRNA
29378,10870183,10870705,522,mRNA
29379,10869284,10869391,107,mRNA
29380,10869737,10870103,366,mRNA
29381,10870183,10870672,489,mRNA
29382,10869380,10869391,11,CDS
29383,10869737,10870109,372,CDS
29384,10870183,10870541,358,CDS
29385,10869380,10869391,11,CDS
29386,10869737,10870103,366,CDS
29387,10870183,10870541,358,CDS
29388,10870594,10877893,7299,gene
29389,10877415,10877798,383,mRNA
29390,10871529,10872039,510,mRNA
29391,10870904,10871465,561,mRNA
29392,10870594,10870844,250,mRNA
29393,10877415,10877553,138,CDS
29394,10871529,10872039,510,CDS
29395,10870904,10871465,561,CDS
29396,10870704,10870844,140,CDS
29397,10877415,10877893,478,mRNA
29398,10873545,10873708,163,mRNA
29399,10873136,10873479,343,mRNA
29400,10872175,10873055,880,mRNA
29401,10877415,10877798,383,mRNA
29402,10873545,10873708,163,mRNA
29403,10873136,10873479,343,mRNA
29404,10872175,10873055,880,mRNA
29405,10877415,10877553,138,CDS
29406,10873545,10873708,163,CDS
29407,10873136,10873479,343,CDS
29408,10872341,10873055,714,CDS
29409,10877415,10877553,138,CDS
29410,10873545,10873708,163,CDS
29411,10873136,10873479,343,CDS
29412,10872341,10873055,714,CDS
29413,10877415,10877798,383,mRNA
29414,10875803,10875996,193,mRNA
29415,10875241,10875587,346,mRNA
29416,10873900,10875170,1270,mRNA
29417,10877415,10877798,383,mRNA
29418,10875803,10875999,196,mRNA
29419,10875241,10875587,346,mRNA
29420,10873900,10875170,1270,mRNA
29421,10877415,10877553,138,CDS
29422,10875803,10875996,193,CDS
29423,10875241,10875587,346,CDS
29424,10874474,10875170,696,CDS
29425,10877415,10877553,138,CDS
29426,10875803,10875999,196,CDS
29427,10875241,10875587,346,CDS
29428,10874474,10875170,696,CDS
29429,10878054,10891250,13196,gene
29430,10890641,10891250,609,mRNA
29431,10885994,10886157,163,mRNA
29432,10882233,10882531,298,mRNA
29433,10881915,10882166,251,mRNA
29434,10881740,10881843,103,mRNA
29435,10881475,10881622,147,mRNA
29436,10878054,10880576,2522,mRNA
29437,10890332,10891250,918,mRNA
29438,10885994,10886157,163,mRNA
29439,10882233,10882531,298,mRNA
29440,10881915,10882166,251,mRNA
29441,10881740,10881843,103,mRNA
29442,10881475,10881622,147,mRNA
29443,10878054,10880576,2522,mRNA
29444,10890332,10890820,488,mRNA
29445,10885994,10886157,163,mRNA
29446,10882233,10882531,298,mRNA
29447,10881915,10882166,251,mRNA
29448,10881740,10881843,103,mRNA
29449,10881475,10881622,147,mRNA
29450,10878054,10880576,2522,mRNA
29451,10890332,10890820,488,mRNA
29452,10885994,10886157,163,mRNA
29453,10882233,10882531,298,mRNA
29454,10881915,10882166,251,mRNA
29455,10881740,10881843,103,mRNA
29456,10881475,10881622,147,mRNA
29457,10880872,10880944,72,mRNA
29458,10878054,10880557,2503,mRNA
29459,10885994,10886135,141,CDS
29460,10882233,10882531,298,CDS
29461,10881915,10882166,251,CDS
29462,10881740,10881843,103,CDS
29463,10881475,10881622,147,CDS
29464,10878516,10880576,2060,CDS
29465,10885994,10886135,141,CDS
29466,10882233,10882531,298,CDS
29467,10881915,10882166,251,CDS
29468,10881740,10881843,103,CDS
29469,10881475,10881622,147,CDS
29470,10878516,10880576,2060,CDS
29471,10885994,10886135,141,CDS
29472,10882233,10882531,298,CDS
29473,10881915,10882166,251,CDS
29474,10881740,10881843,103,CDS
29475,10881475,10881622,147,CDS
29476,10878516,10880576,2060,CDS
29477,10885994,10886135,141,CDS
29478,10882233,10882531,298,CDS
29479,10881915,10882166,251,CDS
29480,10881740,10881843,103,CDS
29481,10881475,10881622,147,CDS
29482,10880872,10880944,72,CDS
29483,10878516,10880557,2041,CDS
29484,10891432,10891973,541,gene
29485,10891432,10891973,541,ncRNA
29486,10892261,10892748,487,gene
29487,10892261,10892748,487,ncRNA
29488,10893189,10893676,487,gene
29489,10893189,10893440,251,ncRNA
29490,10893507,10893676,169,ncRNA
29491,10894747,10899302,4555,gene
29492,10899124,10899243,119,mRNA
29493,10898282,10899063,781,mRNA
29494,10896935,10898221,1286,mRNA
29495,10895908,10896869,961,mRNA
29496,10895646,10895847,201,mRNA
29497,10894747,10895577,830,mRNA
29498,10899124,10899302,178,mRNA
29499,10898282,10899063,781,mRNA
29500,10896935,10898221,1286,mRNA
29501,10895908,10896869,961,mRNA
29502,10895646,10895847,201,mRNA
29503,10894954,10895577,623,mRNA
29504,10899124,10899191,67,CDS
29505,10898282,10899063,781,CDS
29506,10896935,10898221,1286,CDS
29507,10895908,10896869,961,CDS
29508,10895646,10895847,201,CDS
29509,10895012,10895577,565,CDS
29510,10899124,10899191,67,CDS
29511,10898282,10899063,781,CDS
29512,10896935,10898221,1286,CDS
29513,10895908,10896869,961,CDS
29514,10895646,10895847,201,CDS
29515,10895012,10895577,565,CDS
29516,10899965,10901811,1846,gene
29517,10899965,10900062,97,mRNA
29518,10900130,10901729,1599,mRNA
29519,10900332,10901811,1479,mRNA
29520,10900332,10901729,1397,mRNA
29521,10900529,10901626,1097,CDS
29522,10900529,10901626,1097,CDS
29523,10900529,10901626,1097,CDS
29524,10905767,10923436,17669,gene
29525,10905767,10909122,3355,mRNA
29526,10912506,10912935,429,mRNA
29527,10914720,10914896,176,mRNA
29528,10915599,10916143,544,mRNA
29529,10916210,10916616,406,mRNA
29530,10916677,10917046,369,mRNA
29531,10917102,10918517,1415,mRNA
29532,10919835,10923436,3601,mRNA
29533,10905767,10909122,3355,mRNA
29534,10912506,10912935,429,mRNA
29535,10914720,10914896,176,mRNA
29536,10915794,10916143,349,mRNA
29537,10916210,10916616,406,mRNA
29538,10916677,10917046,369,mRNA
29539,10917102,10918517,1415,mRNA
29540,10919835,10921297,1462,mRNA
29541,10905767,10909122,3355,mRNA
29542,10912506,10912935,429,mRNA
29543,10914720,10914896,176,mRNA
29544,10915794,10916143,349,mRNA
29545,10916213,10916616,403,mRNA
29546,10916677,10917046,369,mRNA
29547,10917102,10918517,1415,mRNA
29548,10919835,10921297,1462,mRNA
29549,10906084,10909122,3038,CDS
29550,10912506,10912935,429,CDS
29551,10914720,10914896,176,CDS
29552,10915599,10916143,544,CDS
29553,10916210,10916616,406,CDS
29554,10916677,10917046,369,CDS
29555,10917102,10918517,1415,CDS
29556,10919835,10920296,461,CDS
29557,10906084,10909122,3038,CDS
29558,10912506,10912935,429,CDS
29559,10914720,10914896,176,CDS
29560,10915794,10916143,349,CDS
29561,10916210,10916616,406,CDS
29562,10916677,10917046,369,CDS
29563,10917102,10918517,1415,CDS
29564,10919835,10920296,461,CDS
29565,10906084,10909122,3038,CDS
29566,10912506,10912935,429,CDS
29567,10914720,10914896,176,CDS
29568,10915794,10916143,349,CDS
29569,10916213,10916616,403,CDS
29570,10916677,10917046,369,CDS
29571,10917102,10918517,1415,CDS
29572,10919835,10920296,461,CDS
29573,10923972,10925631,1659,gene
29574,10923972,10924053,81,mRNA
29575,10924127,10924287,160,mRNA
29576,10924348,10924481,133,mRNA
29577,10924536,10925142,606,mRNA
29578,10925234,10925327,93,mRNA
29579,10925405,10925631,226,mRNA
29580,10924028,10924053,25,CDS
29581,10924127,10924287,160,CDS
29582,10924348,10924481,133,CDS
29583,10924536,10925142,606,CDS
29584,10925234,10925327,93,CDS
29585,10925405,10925522,117,CDS
29586,10927399,10929712,2313,gene
29587,10927399,10927644,245,mRNA
29588,10927712,10928759,1047,mRNA
29589,10928837,10929266,429,mRNA
29590,10929392,10929712,320,mRNA
29591,10927456,10927644,188,mRNA
29592,10927712,10928759,1047,mRNA
29593,10928837,10929266,429,mRNA
29594,10929392,10929712,320,mRNA
29595,10927578,10927644,66,CDS
29596,10927712,10928759,1047,CDS
29597,10928837,10929266,429,CDS
29598,10929392,10929625,233,CDS
29599,10927578,10927644,66,CDS
29600,10927712,10928759,1047,CDS
29601,10928837,10929266,429,CDS
29602,10929392,10929625,233,CDS
29603,10930840,10964046,33206,gene
29604,10930840,10931371,531,mRNA
29605,10938453,10938761,308,mRNA
29606,10941723,10948637,6914,mRNA
29607,10960602,10961182,580,mRNA
29608,10961271,10961502,231,mRNA
29609,10962093,10963235,1142,mRNA
29610,10963300,10964046,746,mRNA
29611,10930937,10931371,434,mRNA
29612,10938453,10938761,308,mRNA
29613,10941341,10941613,272,mRNA
29614,10941723,10948637,6914,mRNA
29615,10960602,10961182,580,mRNA
29616,10961271,10961502,231,mRNA
29617,10962093,10963235,1142,mRNA
29618,10963300,10964046,746,mRNA
29619,10930937,10931371,434,mRNA
29620,10938453,10938761,308,mRNA
29621,10941723,10948637,6914,mRNA
29622,10960602,10961182,580,mRNA
29623,10961271,10961502,231,mRNA
29624,10962093,10963235,1142,mRNA
29625,10963300,10964046,746,mRNA
29626,10938636,10938761,125,CDS
29627,10941341,10941613,272,CDS
29628,10941723,10948637,6914,CDS
29629,10960602,10961182,580,CDS
29630,10961271,10961502,231,CDS
29631,10962093,10963235,1142,CDS
29632,10963300,10963467,167,CDS
29633,10938636,10938761,125,CDS
29634,10941723,10948637,6914,CDS
29635,10960602,10961182,580,CDS
29636,10961271,10961502,231,CDS
29637,10962093,10963235,1142,CDS
29638,10963300,10963467,167,CDS
29639,10938636,10938761,125,CDS
29640,10941723,10948637,6914,CDS
29641,10960602,10961182,580,CDS
29642,10961271,10961502,231,CDS
29643,10962093,10963235,1142,CDS
29644,10963300,10963467,167,CDS
29645,10939862,10939928,66,mobile_element
29646,10950160,10951030,870,gene
29647,10950160,10951030,870,mRNA
29648,10950370,10950963,593,CDS
29649,10951609,10952486,877,gene
29650,10951609,10952486,877,mRNA
29651,10951775,10952419,644,CDS
29652,10954132,10956672,2540,mRNA
29653,10960602,10961182,580,mRNA
29654,10961271,10961502,231,mRNA
29655,10962093,10963235,1142,mRNA
29656,10963300,10964046,746,mRNA
29657,10955587,10956672,1085,CDS
29658,10960602,10961182,580,CDS
29659,10961271,10961502,231,CDS
29660,10962093,10963235,1142,CDS
29661,10963300,10963467,167,CDS
29662,10964032,10967134,3102,gene
29663,10967068,10967134,66,mRNA
29664,10966415,10966554,139,mRNA
29665,10966210,10966348,138,mRNA
29666,10965991,10966149,158,mRNA
29667,10965591,10965782,191,mRNA
29668,10965459,10965519,60,mRNA
29669,10965125,10965255,130,mRNA
29670,10964032,10965066,1034,mRNA
29671,10966415,10966552,137,CDS
29672,10966210,10966348,138,CDS
29673,10965991,10966149,158,CDS
29674,10965591,10965782,191,CDS
29675,10965459,10965519,60,CDS
29676,10965125,10965255,130,CDS
29677,10964207,10965066,859,CDS
29678,10967722,11039901,72179,gene
29679,11039805,11039901,96,mRNA
29680,11037475,11037762,287,mRNA
29681,10983697,10983891,194,mRNA
29682,10977716,10977836,120,mRNA
29683,10969392,10969468,76,mRNA
29684,10967722,10969297,1575,mRNA
29685,11037475,11037715,240,CDS
29686,10983697,10983891,194,CDS
29687,10977716,10977836,120,CDS
29688,10969392,10969468,76,CDS
29689,10968744,10969297,553,CDS
29690,11037475,11037811,336,mRNA
29691,11035890,11036208,318,mRNA
29692,11037475,11037715,240,CDS
29693,11036108,11036208,100,CDS
29694,11044756,11049540,4784,gene
29695,11044756,11045148,392,mRNA
29696,11047251,11048296,1045,mRNA
29697,11048479,11048601,122,mRNA
29698,11048942,11049135,193,mRNA
29699,11049191,11049540,349,mRNA
29700,11044756,11045135,379,mRNA
29701,11047251,11048296,1045,mRNA
29702,11048479,11049135,656,mRNA
29703,11049191,11049540,349,mRNA
29704,11044756,11045135,379,mRNA
29705,11047251,11048296,1045,mRNA
29706,11048479,11048601,122,mRNA
29707,11048942,11049135,193,mRNA
29708,11049191,11049540,349,mRNA
29709,11045118,11045135,17,CDS
29710,11047251,11048296,1045,CDS
29711,11048479,11048601,122,CDS
29712,11048942,11049135,193,CDS
29713,11049191,11049408,217,CDS
29714,11045118,11045135,17,CDS
29715,11047251,11048296,1045,CDS
29716,11048479,11048626,147,CDS
29717,11047722,11048296,574,CDS
29718,11048479,11048601,122,CDS
29719,11048942,11049135,193,CDS
29720,11049191,11049408,217,CDS
29721,11052171,11053556,1385,gene
29722,11053338,11053556,218,mRNA
29723,11053034,11053187,153,mRNA
29724,11052171,11052857,686,mRNA
29725,11053338,11053516,178,mRNA
29726,11053073,11053187,114,mRNA
29727,11052354,11052857,503,mRNA
29728,11053338,11053516,178,mRNA
29729,11053034,11053187,153,mRNA
29730,11052354,11052857,503,mRNA
29731,11053338,11053485,147,CDS
29732,11053073,11053187,114,CDS
29733,11052605,11052857,252,CDS
29734,11053338,11053485,147,CDS
29735,11053034,11053187,153,CDS
29736,11052605,11052857,252,CDS
29737,11053338,11053485,147,CDS
29738,11053034,11053187,153,CDS
29739,11052605,11052857,252,CDS
29740,11057545,11059619,2074,gene
29741,11059280,11059619,339,mRNA
29742,11058365,11058485,120,mRNA
29743,11057545,11057800,255,mRNA
29744,11059280,11059421,141,CDS
29745,11058365,11058485,120,CDS
29746,11057677,11057800,123,CDS
29747,11062027,11063170,1143,gene
29748,11062677,11063170,493,mRNA
29749,11062331,11062463,132,mRNA
29750,11062027,11062268,241,mRNA
29751,11062677,11062842,165,CDS
29752,11062331,11062463,132,CDS
29753,11062160,11062268,108,CDS
29754,11065860,11066377,517,gene
29755,11065860,11066377,517,ncRNA
29756,11066552,11068379,1827,gene
29757,11066552,11066732,180,mRNA
29758,11066816,11066930,114,mRNA
29759,11067776,11068379,603,mRNA
29760,11066560,11066732,172,mRNA
29761,11066816,11066930,114,mRNA
29762,11067776,11068097,321,mRNA
29763,11066612,11066732,120,CDS
29764,11066816,11066930,114,CDS
29765,11067776,11067926,150,CDS
29766,11066612,11066732,120,CDS
29767,11066816,11066930,114,CDS
29768,11067776,11067926,150,CDS
29769,11071441,11086299,14858,gene
29770,11086196,11086299,103,mRNA
29771,11083445,11084247,802,mRNA
29772,11079659,11079733,74,mRNA
29773,11079134,11079199,65,mRNA
29774,11078614,11079009,395,mRNA
29775,11078308,11078547,239,mRNA
29776,11077913,11078241,328,mRNA
29777,11073193,11077853,4660,mRNA
29778,11072857,11073134,277,mRNA
29779,11072603,11072797,194,mRNA
29780,11072099,11072544,445,mRNA
29781,11071441,11072018,577,mRNA
29782,11083445,11084125,680,CDS
29783,11079659,11079733,74,CDS
29784,11079134,11079199,65,CDS
29785,11078614,11079009,395,CDS
29786,11078308,11078547,239,CDS
29787,11077913,11078241,328,CDS
29788,11073193,11077853,4660,CDS
29789,11072857,11073134,277,CDS
29790,11072603,11072797,194,CDS
29791,11072099,11072544,445,CDS
29792,11071721,11072018,297,CDS
29793,11079291,11079772,481,gene
29794,11079291,11079772,481,ncRNA
29795,11089231,11095143,5912,gene
29796,11089231,11095143,5912,ncRNA
29797,11089290,11090219,929,gene
29798,11089290,11089452,162,mRNA
29799,11089521,11089659,138,mRNA
29800,11089726,11090219,493,mRNA
29801,11089290,11089452,162,mRNA
29802,11089521,11089659,138,mRNA
29803,11089726,11090107,381,mRNA
29804,11089371,11089452,81,CDS
29805,11089521,11089659,138,CDS
29806,11089726,11089987,261,CDS
29807,11089371,11089452,81,CDS
29808,11089521,11089659,138,CDS
29809,11089726,11089987,261,CDS
29810,11090210,11092098,1888,gene
29811,11090210,11090798,588,mRNA
29812,11090866,11090977,111,mRNA
29813,11091051,11091192,141,mRNA
29814,11091291,11091627,336,mRNA
29815,11091725,11091857,132,mRNA
29816,11091921,11092098,177,mRNA
29817,11090382,11090798,416,mRNA
29818,11090866,11090977,111,mRNA
29819,11091051,11091192,141,mRNA
29820,11091291,11091627,336,mRNA
29821,11091725,11091857,132,mRNA
29822,11091921,11092098,177,mRNA
29823,11090579,11090798,219,CDS
29824,11090866,11090977,111,CDS
29825,11091051,11091192,141,CDS
29826,11091291,11091627,336,CDS
29827,11091725,11091857,132,CDS
29828,11091921,11092002,81,CDS
29829,11090579,11090798,219,CDS
29830,11090866,11090977,111,CDS
29831,11091051,11091192,141,CDS
29832,11091291,11091627,336,CDS
29833,11091725,11091857,132,CDS
29834,11091921,11092002,81,CDS
29835,11092492,11094947,2455,gene
29836,11092492,11092623,131,mRNA
29837,11092781,11092841,60,mRNA
29838,11092959,11094947,1988,mRNA
29839,11092492,11092841,349,mRNA
29840,11092959,11094660,1701,mRNA
29841,11092492,11092718,226,mRNA
29842,11092781,11092841,60,mRNA
29843,11092959,11094660,1701,mRNA
29844,11093045,11094304,1259,CDS
29845,11093045,11094304,1259,CDS
29846,11093045,11094304,1259,CDS
29847,11096053,11103097,7044,mobile_element
29848,11096273,11108148,11875,gene
29849,11096273,11096305,32,mRNA
29850,11103438,11103615,177,mRNA
29851,11103829,11104054,225,mRNA
29852,11104113,11104310,197,mRNA
29853,11104375,11104777,402,mRNA
29854,11107191,11107348,157,mRNA
29855,11107407,11107506,99,mRNA
29856,11107569,11107920,351,mRNA
29857,11107979,11108148,169,mRNA
29858,11096273,11096305,32,mRNA
29859,11103438,11103615,177,mRNA
29860,11103829,11104054,225,mRNA
29861,11104113,11104310,197,mRNA
29862,11104375,11104777,402,mRNA
29863,11105152,11105309,157,mRNA
29864,11105364,11105460,96,mRNA
29865,11106495,11106849,354,mRNA
29866,11106919,11107090,171,mRNA
29867,11103037,11103084,47,mRNA
29868,11103444,11103615,171,mRNA
29869,11103829,11104054,225,mRNA
29870,11104113,11104310,197,mRNA
29871,11104375,11104777,402,mRNA
29872,11107191,11107348,157,mRNA
29873,11107407,11107506,99,mRNA
29874,11107569,11107920,351,mRNA
29875,11107979,11108148,169,mRNA
29876,11103476,11103615,139,CDS
29877,11103829,11104054,225,CDS
29878,11104113,11104310,197,CDS
29879,11104375,11104777,402,CDS
29880,11107191,11107348,157,CDS
29881,11107407,11107506,99,CDS
29882,11107569,11107920,351,CDS
29883,11107979,11108078,99,CDS
29884,11103476,11103615,139,CDS
29885,11103829,11104054,225,CDS
29886,11104113,11104310,197,CDS
29887,11104375,11104777,402,CDS
29888,11107191,11107348,157,CDS
29889,11107407,11107506,99,CDS
29890,11107569,11107920,351,CDS
29891,11107979,11108078,99,CDS
29892,11103476,11103615,139,CDS
29893,11103829,11104054,225,CDS
29894,11104113,11104310,197,CDS
29895,11104375,11104777,402,CDS
29896,11105152,11105309,157,CDS
29897,11105364,11105460,96,CDS
29898,11106495,11106849,354,CDS
29899,11106919,11107015,96,CDS
29900,11108482,11112308,3826,gene
29901,11108482,11108633,151,mRNA
29902,11110041,11111411,1370,mRNA
29903,11111475,11112308,833,mRNA
29904,11109803,11109925,122,mRNA
29905,11110041,11111411,1370,mRNA
29906,11111475,11112308,833,mRNA
29907,11110041,11111411,1370,CDS
29908,11111475,11111825,350,CDS
29909,11110041,11111411,1370,CDS
29910,11111475,11111825,350,CDS
29911,11112395,11124726,12331,gene
29912,11120901,11124726,3825,mRNA
29913,11115598,11120839,5241,mRNA
29914,11112395,11115530,3135,mRNA
29915,11120901,11123598,2697,CDS
29916,11115598,11120839,5241,CDS
29917,11112851,11115530,2679,CDS
29918,11125101,11126785,1684,gene
29919,11125101,11125348,247,mRNA
29920,11125423,11125506,83,mRNA
29921,11125565,11126785,1220,mRNA
29922,11125231,11125348,117,mRNA
29923,11125423,11125506,83,mRNA
29924,11125565,11126785,1220,mRNA
29925,11125313,11125348,35,CDS
29926,11125423,11125506,83,CDS
29927,11125565,11126686,1121,CDS
29928,11125313,11125348,35,CDS
29929,11125423,11125506,83,CDS
29930,11125565,11126686,1121,CDS
29931,11126877,11129087,2210,gene
29932,11128858,11129087,229,mRNA
29933,11128151,11128789,638,mRNA
29934,11126877,11128063,1186,mRNA
29935,11128858,11128974,116,CDS
29936,11128151,11128789,638,CDS
29937,11126975,11128063,1088,CDS
29938,11129362,11137118,7756,gene
29939,11136867,11137118,251,mRNA
29940,11134880,11136095,1215,mRNA
29941,11133440,11133686,246,mRNA
29942,11132551,11133363,812,mRNA
29943,11129362,11131300,1938,mRNA
29944,11136619,11136778,159,mRNA
29945,11134880,11136095,1215,mRNA
29946,11133440,11133686,246,mRNA
29947,11132551,11133363,812,mRNA
29948,11129362,11131300,1938,mRNA
29949,11136240,11136778,538,mRNA
29950,11134880,11136095,1215,mRNA
29951,11133440,11133686,246,mRNA
29952,11132551,11133363,812,mRNA
29953,11129362,11131300,1938,mRNA
29954,11134880,11136423,1543,mRNA
29955,11133440,11133686,246,mRNA
29956,11132551,11133363,812,mRNA
29957,11129362,11131300,1938,mRNA
29958,11136867,11137030,163,mRNA
29959,11134880,11136095,1215,mRNA
29960,11133440,11133686,246,mRNA
29961,11132551,11133363,812,mRNA
29962,11130238,11131300,1062,mRNA
29963,11136867,11137030,163,mRNA
29964,11134880,11136095,1215,mRNA
29965,11133440,11133686,246,mRNA
29966,11132551,11133363,812,mRNA
29967,11130496,11131300,804,mRNA
29968,11134880,11135916,1036,CDS
29969,11133440,11133686,246,CDS
29970,11132551,11133363,812,CDS
29971,11130980,11131300,320,CDS
29972,11134880,11135916,1036,CDS
29973,11133440,11133686,246,CDS
29974,11132551,11133363,812,CDS
29975,11130980,11131300,320,CDS
29976,11134880,11135916,1036,CDS
29977,11133440,11133686,246,CDS
29978,11132551,11133363,812,CDS
29979,11130980,11131300,320,CDS
29980,11134880,11135916,1036,CDS
29981,11133440,11133686,246,CDS
29982,11132551,11133363,812,CDS
29983,11130980,11131300,320,CDS
29984,11134880,11135916,1036,CDS
29985,11133440,11133686,246,CDS
29986,11132551,11133363,812,CDS
29987,11130980,11131300,320,CDS
29988,11134880,11135916,1036,CDS
29989,11133440,11133686,246,CDS
29990,11132551,11133363,812,CDS
29991,11130980,11131300,320,CDS
29992,11131340,11132412,1072,gene
29993,11131340,11132412,1072,mRNA
29994,11131484,11132323,839,CDS
29995,11137859,11139689,1830,gene
29996,11137859,11139689,1830,mRNA
29997,11137859,11139689,1830,mRNA
29998,11138057,11138944,887,CDS
29999,11138057,11138902,845,CDS
30000,11139608,11141238,1630,gene
30001,11139608,11139763,155,ncRNA
30002,11139821,11139956,135,ncRNA
30003,11140011,11141238,1227,ncRNA
30004,11139762,11140263,501,gene
30005,11140178,11140263,85,mRNA
30006,11140001,11140109,108,mRNA
30007,11139762,11139934,172,mRNA
30008,11140178,11140244,66,CDS
30009,11140001,11140109,108,CDS
30010,11139844,11139934,90,CDS
30011,11140474,11141835,1361,gene
30012,11141806,11141835,29,mRNA
30013,11140790,11141168,378,mRNA
30014,11140474,11140728,254,mRNA
30015,11140790,11141056,266,mRNA
30016,11140474,11140728,254,mRNA
30017,11140790,11141031,241,CDS
30018,11140620,11140728,108,CDS
30019,11140790,11141031,241,CDS
30020,11140620,11140728,108,CDS
30021,11142541,11143755,1214,gene
30022,11142541,11142773,232,mRNA
30023,11143062,11143194,132,mRNA
30024,11143259,11143755,496,mRNA
30025,11142541,11142773,232,mRNA
30026,11143062,11143194,132,mRNA
30027,11143259,11143560,301,mRNA
30028,11142680,11142773,93,CDS
30029,11143062,11143194,132,CDS
30030,11143259,11143379,120,CDS
30031,11142680,11142773,93,CDS
30032,11143062,11143194,132,CDS
30033,11143259,11143379,120,CDS
30034,11144120,11144809,689,gene
30035,11144120,11144249,129,mRNA
30036,11144320,11144482,162,mRNA
30037,11144614,11144809,195,mRNA
30038,11144153,11144249,96,CDS
30039,11144320,11144482,162,CDS
30040,11144614,11144695,81,CDS
30041,11144852,11148716,3864,gene
30042,11148486,11148580,94,mRNA
30043,11145943,11146415,472,mRNA
30044,11144852,11145864,1012,mRNA
30045,11145943,11146596,653,mRNA
30046,11144852,11145864,1012,mRNA
30047,11148486,11148716,230,mRNA
30048,11145943,11146428,485,mRNA
30049,11145319,11145864,545,mRNA
30050,11148486,11148580,94,mRNA
30051,11145943,11146428,485,mRNA
30052,11145319,11145864,545,mRNA
30053,11145943,11146377,434,CDS
30054,11145649,11145864,215,CDS
30055,11145943,11146377,434,CDS
30056,11145649,11145864,215,CDS
30057,11145943,11146377,434,CDS
30058,11145649,11145864,215,CDS
30059,11145943,11146377,434,CDS
30060,11145649,11145864,215,CDS
30061,11149323,11152592,3269,gene
30062,11149323,11149851,528,mRNA
30063,11149925,11149960,35,mRNA
30064,11150636,11152127,1491,mRNA
30065,11152238,11152592,354,mRNA
30066,11149444,11149851,407,mRNA
30067,11149925,11150204,279,mRNA
30068,11150636,11152127,1491,mRNA
30069,11152238,11152592,354,mRNA
30070,11149444,11149851,407,mRNA
30071,11149925,11150114,189,mRNA
30072,11150636,11152127,1491,mRNA
30073,11152238,11152592,354,mRNA
30074,11149444,11149851,407,mRNA
30075,11149925,11149960,35,mRNA
30076,11150636,11152127,1491,mRNA
30077,11152238,11152592,354,mRNA
30078,11149714,11149851,137,CDS
30079,11149925,11149960,35,CDS
30080,11150636,11152127,1491,CDS
30081,11152238,11152380,142,CDS
30082,11149714,11149851,137,CDS
30083,11149925,11149960,35,CDS
30084,11150636,11152127,1491,CDS
30085,11152238,11152380,142,CDS
30086,11150648,11152127,1479,CDS
30087,11152238,11152380,142,CDS
30088,11150648,11152127,1479,CDS
30089,11152238,11152380,142,CDS
30090,11152484,11153990,1506,gene
30091,11153893,11153990,97,mRNA
30092,11153617,11153827,210,mRNA
30093,11152484,11153360,876,mRNA
30094,11153788,11153827,39,mRNA
30095,11153617,11153705,88,mRNA
30096,11152484,11153360,876,mRNA
30097,11153617,11153802,185,mRNA
30098,11152484,11153360,876,mRNA
30099,11153488,11153574,86,mRNA
30100,11152484,11153360,876,mRNA
30101,11153617,11153677,60,CDS
30102,11152966,11153360,394,CDS
30103,11153617,11153677,60,CDS
30104,11152966,11153360,394,CDS
30105,11153617,11153677,60,CDS
30106,11152966,11153360,394,CDS
30107,11152966,11153163,197,CDS
30108,11154163,11154208,45,mobile_element
30109,11154421,11164670,10249,gene
30110,11154421,11154665,244,mRNA
30111,11155034,11155228,194,mRNA
30112,11161061,11161251,190,mRNA
30113,11161318,11161718,400,mRNA
30114,11161783,11162012,229,mRNA
30115,11162086,11162197,111,mRNA
30116,11162269,11162454,185,mRNA
30117,11162516,11164670,2154,mRNA
30118,11154421,11154665,244,mRNA
30119,11155034,11155228,194,mRNA
30120,11161061,11161251,190,mRNA
30121,11161318,11161718,400,mRNA
30122,11161783,11162012,229,mRNA
30123,11162086,11162197,111,mRNA
30124,11162269,11162454,185,mRNA
30125,11162516,11163196,680,mRNA
30126,11155137,11155228,91,CDS
30127,11161061,11161251,190,CDS
30128,11161318,11161718,400,CDS
30129,11161783,11162012,229,CDS
30130,11162086,11162197,111,CDS
30131,11162269,11162454,185,CDS
30132,11162516,11162785,269,CDS
30133,11155137,11155228,91,CDS
30134,11161061,11161251,190,CDS
30135,11161318,11161718,400,CDS
30136,11161783,11162012,229,CDS
30137,11162086,11162197,111,CDS
30138,11162269,11162454,185,CDS
30139,11162516,11162785,269,CDS
30140,11156676,11159760,3084,gene
30141,11159360,11159760,400,mRNA
30142,11159089,11159287,198,mRNA
30143,11158883,11159020,137,mRNA
30144,11158184,11158809,625,mRNA
30145,11157936,11158119,183,mRNA
30146,11157637,11157867,230,mRNA
30147,11156676,11157572,896,mRNA
30148,11159360,11159760,400,CDS
30149,11159089,11159287,198,CDS
30150,11158883,11159020,137,CDS
30151,11158184,11158809,625,CDS
30152,11157936,11158119,183,CDS
30153,11157637,11157867,230,CDS
30154,11156760,11157572,812,CDS
30155,11160453,11160548,95,mRNA
30156,11161061,11161251,190,mRNA
30157,11161318,11161718,400,mRNA
30158,11161783,11162012,229,mRNA
30159,11162086,11162197,111,mRNA
30160,11162269,11162454,185,mRNA
30161,11162516,11164670,2154,mRNA
30162,11161320,11161718,398,CDS
30163,11161783,11162012,229,CDS
30164,11162086,11162197,111,CDS
30165,11162269,11162454,185,CDS
30166,11162516,11162785,269,CDS
30167,11168030,11169058,1028,gene
30168,11168454,11169058,604,mRNA
30169,11168030,11168374,344,mRNA
30170,11168454,11169029,575,CDS
30171,11168198,11168374,176,CDS
30172,11169811,11170678,867,gene
30173,11169811,11170678,867,mRNA
30174,11169837,11170678,841,mRNA
30175,11170006,11170509,503,CDS
30176,11170006,11170509,503,CDS
30177,11182931,11183476,545,gene
30178,11182931,11183476,545,mRNA
30179,11183056,11183397,341,CDS
30180,11184306,11189324,5018,mobile_element
30181,11193158,11193491,333,gene
30182,11193158,11193491,333,ncRNA
30183,11194484,11201847,7363,mobile_element
30184,11202248,11202806,558,gene
30185,11202248,11202806,558,mRNA
30186,11202296,11202806,510,mRNA
30187,11202382,11202720,338,CDS
30188,11202382,11202720,338,CDS
30189,11219379,11302783,83404,gene
30190,11293498,11293699,201,mRNA
30191,11290014,11290263,249,mRNA
30192,11246747,11247672,925,mRNA
30193,11236620,11236820,200,mRNA
30194,11232652,11232725,73,mRNA
30195,11225866,11226078,212,mRNA
30196,11219379,11225217,5838,mRNA
30197,11293498,11293699,201,mRNA
30198,11290014,11290263,249,mRNA
30199,11246747,11247672,925,mRNA
30200,11236629,11236820,191,mRNA
30201,11232652,11232725,73,mRNA
30202,11225866,11226078,212,mRNA
30203,11224989,11225217,228,mRNA
30204,11220080,11222254,2174,mRNA
30205,11302592,11302783,191,mRNA
30206,11297842,11298222,380,mRNA
30207,11297311,11297373,62,mRNA
30208,11236629,11236820,191,mRNA
30209,11232652,11232725,73,mRNA
30210,11225866,11226078,212,mRNA
30211,11225128,11225217,89,mRNA
30212,11222633,11225079,2446,mRNA
30213,11293498,11293699,201,mRNA
30214,11290014,11290263,249,mRNA
30215,11246747,11247672,925,mRNA
30216,11236629,11236820,191,mRNA
30217,11232652,11232725,73,mRNA
30218,11225866,11226078,212,mRNA
30219,11225128,11225217,89,mRNA
30220,11222633,11225079,2446,mRNA
30221,11302592,11302649,57,CDS
30222,11297842,11298222,380,CDS
30223,11297311,11297373,62,CDS
30224,11236629,11236820,191,CDS
30225,11232652,11232725,73,CDS
30226,11225866,11226078,212,CDS
30227,11225128,11225217,89,CDS
30228,11224129,11225079,950,CDS
30229,11246747,11247467,720,CDS
30230,11236629,11236820,191,CDS
30231,11232652,11232725,73,CDS
30232,11225866,11226078,212,CDS
30233,11225128,11225217,89,CDS
30234,11224129,11225079,950,CDS
30235,11302592,11302783,191,mRNA
30236,11297842,11298222,380,mRNA
30237,11297311,11297373,62,mRNA
30238,11236629,11236820,191,mRNA
30239,11232652,11232725,73,mRNA
30240,11225866,11226078,212,mRNA
30241,11224286,11225217,931,mRNA
30242,11293498,11293699,201,mRNA
30243,11290014,11290263,249,mRNA
30244,11246747,11247672,925,mRNA
30245,11246288,11246329,41,mRNA
30246,11236629,11236820,191,mRNA
30247,11232652,11232725,73,mRNA
30248,11225866,11226078,212,mRNA
30249,11224286,11225217,931,mRNA
30250,11302592,11302649,57,CDS
30251,11297842,11298222,380,CDS
30252,11297311,11297373,62,CDS
30253,11236629,11236820,191,CDS
30254,11232652,11232725,73,CDS
30255,11225866,11226078,212,CDS
30256,11225107,11225217,110,CDS
30257,11246747,11247467,720,CDS
30258,11236629,11236820,191,CDS
30259,11232652,11232725,73,CDS
30260,11225866,11226078,212,CDS
30261,11225107,11225217,110,CDS
30262,11246747,11247467,720,CDS
30263,11236620,11236820,200,CDS
30264,11232652,11232725,73,CDS
30265,11225866,11226078,212,CDS
30266,11225107,11225217,110,CDS
30267,11246747,11247467,720,CDS
30268,11246288,11246329,41,CDS
30269,11236629,11236820,191,CDS
30270,11232652,11232725,73,CDS
30271,11225866,11226078,212,CDS
30272,11225107,11225217,110,CDS
30273,11240552,11240965,413,mobile_element
30274,11248236,11248885,649,gene
30275,11248236,11248885,649,mRNA
30276,11248409,11248777,368,CDS
30277,11268618,11270052,1434,mobile_element
30278,11308533,11311208,2675,gene
30279,11310469,11311208,739,mRNA
30280,11308533,11309591,1058,mRNA
30281,11310469,11311208,739,CDS
30282,11308533,11309591,1058,CDS
30283,11312119,11319407,7288,mobile_element
30284,11321579,11322357,778,gene
30285,11321579,11322357,778,mRNA
30286,11321721,11322290,569,CDS
30287,11324294,11325308,1014,gene
30288,11325092,11325308,216,mRNA
30289,11324294,11325010,716,mRNA
30290,11325092,11325185,93,CDS
30291,11324670,11325010,340,CDS
30292,11325385,11334071,8686,gene
30293,11325385,11325510,125,mRNA
30294,11328024,11328192,168,mRNA
30295,11328261,11328407,146,mRNA
30296,11328476,11332233,3757,mRNA
30297,11332298,11333146,848,mRNA
30298,11333222,11333318,96,mRNA
30299,11333388,11334071,683,mRNA
30300,11328046,11328192,146,CDS
30301,11328261,11328407,146,CDS
30302,11328476,11332233,3757,CDS
30303,11332298,11333146,848,CDS
30304,11333222,11333318,96,CDS
30305,11333388,11333528,140,CDS
30306,11334187,11340084,5897,gene
30307,11339738,11340084,346,mRNA
30308,11339214,11339410,196,mRNA
30309,11338672,11338789,117,mRNA
30310,11337697,11337862,165,mRNA
30311,11337329,11337643,314,mRNA
30312,11337127,11337263,136,mRNA
30313,11336875,11337063,188,mRNA
30314,11335334,11336809,1475,mRNA
30315,11334996,11335252,256,mRNA
30316,11334187,11334933,746,mRNA
30317,11339214,11339588,374,mRNA
30318,11338672,11338789,117,mRNA
30319,11337697,11337862,165,mRNA
30320,11337329,11337643,314,mRNA
30321,11337127,11337260,133,mRNA
30322,11336875,11337063,188,mRNA
30323,11335334,11336809,1475,mRNA
30324,11334996,11335252,256,mRNA
30325,11334187,11334933,746,mRNA
30326,11339214,11339588,374,mRNA
30327,11338672,11338789,117,mRNA
30328,11337697,11337862,165,mRNA
30329,11337329,11337643,314,mRNA
30330,11337127,11337263,136,mRNA
30331,11336875,11337063,188,mRNA
30332,11335334,11336809,1475,mRNA
30333,11334996,11335252,256,mRNA
30334,11334187,11334921,734,mRNA
30335,11339214,11339588,374,mRNA
30336,11338672,11338789,117,mRNA
30337,11337697,11337862,165,mRNA
30338,11337329,11337643,314,mRNA
30339,11337127,11337263,136,mRNA
30340,11336875,11337063,188,mRNA
30341,11335334,11336809,1475,mRNA
30342,11334996,11335252,256,mRNA
30343,11334187,11334933,746,mRNA
30344,11338672,11338824,152,mRNA
30345,11337697,11337862,165,mRNA
30346,11337329,11337643,314,mRNA
30347,11337127,11337263,136,mRNA
30348,11336875,11337063,188,mRNA
30349,11335334,11336809,1475,mRNA
30350,11334996,11335252,256,mRNA
30351,11334187,11334933,746,mRNA
30352,11339214,11339527,313,CDS
30353,11338672,11338789,117,CDS
30354,11337697,11337862,165,CDS
30355,11337329,11337643,314,CDS
30356,11337127,11337260,133,CDS
30357,11336875,11337063,188,CDS
30358,11335334,11336809,1475,CDS
30359,11334996,11335252,256,CDS
30360,11334789,11334933,144,CDS
30361,11339214,11339527,313,CDS
30362,11338672,11338789,117,CDS
30363,11337697,11337862,165,CDS
30364,11337329,11337643,314,CDS
30365,11337127,11337263,136,CDS
30366,11336875,11337063,188,CDS
30367,11335334,11336809,1475,CDS
30368,11334996,11335252,256,CDS
30369,11334789,11334921,132,CDS
30370,11339214,11339527,313,CDS
30371,11338672,11338789,117,CDS
30372,11337697,11337862,165,CDS
30373,11337329,11337643,314,CDS
30374,11337127,11337263,136,CDS
30375,11336875,11337063,188,CDS
30376,11335334,11336809,1475,CDS
30377,11334996,11335252,256,CDS
30378,11334789,11334933,144,CDS
30379,11339214,11339248,34,CDS
30380,11338672,11338789,117,CDS
30381,11337697,11337862,165,CDS
30382,11337329,11337643,314,CDS
30383,11337127,11337263,136,CDS
30384,11336875,11337063,188,CDS
30385,11335334,11336809,1475,CDS
30386,11334996,11335252,256,CDS
30387,11334789,11334933,144,CDS
30388,11338672,11338824,152,CDS
30389,11337697,11337862,165,CDS
30390,11337329,11337643,314,CDS
30391,11337127,11337263,136,CDS
30392,11336875,11337063,188,CDS
30393,11335334,11336809,1475,CDS
30394,11334996,11335252,256,CDS
30395,11334789,11334933,144,CDS
30396,11339873,11344734,4861,gene
30397,11339873,11340497,624,mRNA
30398,11340607,11340745,138,mRNA
30399,11343246,11343912,666,mRNA
30400,11343976,11344734,758,mRNA
30401,11340452,11340497,45,CDS
30402,11340607,11340745,138,CDS
30403,11343246,11343912,666,CDS
30404,11343976,11344095,119,CDS
30405,11344506,11348001,3495,gene
30406,11346229,11348001,1772,mRNA
30407,11344506,11346162,1656,mRNA
30408,11346229,11348001,1772,mRNA
30409,11344803,11346162,1359,mRNA
30410,11346229,11347882,1653,CDS
30411,11345267,11346162,895,CDS
30412,11346229,11347882,1653,CDS
30413,11345267,11346162,895,CDS
30414,11348120,11348865,745,gene
30415,11348120,11348865,745,mRNA
30416,11348205,11348816,611,CDS
30417,11349049,11349847,798,gene
30418,11349049,11349847,798,mRNA
30419,11349172,11349720,548,CDS
30420,11349998,11350474,476,gene
30421,11349998,11350474,476,mRNA
30422,11350096,11350425,329,CDS
30423,11350608,11355539,4931,gene
30424,11350608,11350843,235,mRNA
30425,11350994,11351277,283,mRNA
30426,11351691,11355539,3848,mRNA
30427,11350608,11351277,669,mRNA
30428,11351691,11355300,3609,mRNA
30429,11350608,11351277,669,mRNA
30430,11351691,11353599,1908,mRNA
30431,11353657,11355300,1643,mRNA
30432,11351704,11354535,2831,CDS
30433,11351704,11354535,2831,CDS
30434,11351704,11353599,1895,CDS
30435,11353657,11354535,878,CDS
30436,11355881,11358724,2843,gene
30437,11355881,11358724,2843,mRNA
30438,11356354,11358225,1871,CDS
30439,11359236,11360929,1693,gene
30440,11359236,11359537,301,mRNA
30441,11359604,11360929,1325,mRNA
30442,11359329,11359537,208,CDS
30443,11359604,11359763,159,CDS
30444,11360930,11368098,7168,gene
30445,11366401,11368098,1697,mRNA
30446,11365970,11366130,160,mRNA
30447,11365033,11365239,206,mRNA
30448,11364484,11364803,319,mRNA
30449,11363961,11364423,462,mRNA
30450,11363497,11363846,349,mRNA
30451,11362992,11363428,436,mRNA
30452,11362308,11362486,178,mRNA
30453,11362071,11362235,164,mRNA
30454,11360930,11362004,1074,mRNA
30455,11366401,11367462,1061,CDS
30456,11365970,11366130,160,CDS
30457,11365033,11365239,206,CDS
30458,11364484,11364803,319,CDS
30459,11363961,11364423,462,CDS
30460,11363497,11363846,349,CDS
30461,11362992,11363428,436,CDS
30462,11362308,11362486,178,CDS
30463,11362071,11362235,164,CDS
30464,11361815,11362004,189,CDS
30465,11368445,11369283,838,gene
30466,11368445,11368625,180,mRNA
30467,11368704,11369283,579,mRNA
30468,11368445,11368625,180,mRNA
30469,11368704,11369183,479,mRNA
30470,11368536,11368625,89,CDS
30471,11368704,11368880,176,CDS
30472,11368536,11368625,89,CDS
30473,11368704,11368880,176,CDS
30474,11369665,11409776,40111,gene
30475,11369665,11369799,134,mRNA
30476,11373817,11374510,693,mRNA
30477,11376842,11376973,131,mRNA
30478,11381856,11381980,124,mRNA
30479,11387772,11387933,161,mRNA
30480,11394223,11394246,23,mRNA
30481,11395240,11395791,551,mRNA
30482,11395854,11396103,249,mRNA
30483,11397825,11397912,87,mRNA
30484,11397970,11398183,213,mRNA
30485,11398246,11398659,413,mRNA
30486,11398720,11398822,102,mRNA
30487,11400788,11400832,44,mRNA
30488,11402707,11402787,80,mRNA
30489,11405274,11405423,149,mRNA
30490,11405560,11405842,282,mRNA
30491,11405904,11405995,91,mRNA
30492,11406072,11409776,3704,mRNA
30493,11369665,11369799,134,mRNA
30494,11373817,11374510,693,mRNA
30495,11376842,11376973,131,mRNA
30496,11381856,11381980,124,mRNA
30497,11382936,11383112,176,mRNA
30498,11387772,11387933,161,mRNA
30499,11395240,11395791,551,mRNA
30500,11395854,11396103,249,mRNA
30501,11397825,11397912,87,mRNA
30502,11397970,11398183,213,mRNA
30503,11398246,11398659,413,mRNA
30504,11398720,11398822,102,mRNA
30505,11400788,11400832,44,mRNA
30506,11405274,11405423,149,mRNA
30507,11405560,11405842,282,mRNA
30508,11405904,11405995,91,mRNA
30509,11406072,11407751,1679,mRNA
30510,11369665,11369799,134,mRNA
30511,11373817,11374510,693,mRNA
30512,11376842,11376973,131,mRNA
30513,11381856,11381980,124,mRNA
30514,11387772,11387933,161,mRNA
30515,11395240,11395791,551,mRNA
30516,11395854,11396103,249,mRNA
30517,11397825,11397912,87,mRNA
30518,11397970,11398183,213,mRNA
30519,11398246,11398659,413,mRNA
30520,11398720,11398822,102,mRNA
30521,11400788,11400832,44,mRNA
30522,11405274,11405423,149,mRNA
30523,11405560,11405842,282,mRNA
30524,11405904,11405995,91,mRNA
30525,11406072,11407751,1679,mRNA
30526,11369665,11369799,134,mRNA
30527,11373817,11374510,693,mRNA
30528,11376842,11376973,131,mRNA
30529,11381856,11381980,124,mRNA
30530,11387772,11387933,161,mRNA
30531,11387986,11389291,1305,mRNA
30532,11369665,11369799,134,mRNA
30533,11373817,11374510,693,mRNA
30534,11376842,11376973,131,mRNA
30535,11381856,11381980,124,mRNA
30536,11387772,11387933,161,mRNA
30537,11388016,11389291,1275,mRNA
30538,11369665,11369799,134,mRNA
30539,11374257,11374510,253,mRNA
30540,11376842,11376973,131,mRNA
30541,11381856,11381980,124,mRNA
30542,11387772,11387933,161,mRNA
30543,11387986,11389291,1305,mRNA
30544,11369665,11369799,134,mRNA
30545,11374269,11374510,241,mRNA
30546,11376842,11376973,131,mRNA
30547,11381856,11381980,124,mRNA
30548,11387772,11387933,161,mRNA
30549,11387986,11389291,1305,mRNA
30550,11373025,11373142,117,mRNA
30551,11373817,11374088,271,mRNA
30552,11374257,11374510,253,mRNA
30553,11376842,11376973,131,mRNA
30554,11381856,11381980,124,mRNA
30555,11387772,11387933,161,mRNA
30556,11387992,11389291,1299,mRNA
30557,11374492,11374510,18,CDS
30558,11376842,11376973,131,CDS
30559,11381856,11381980,124,CDS
30560,11382936,11383112,176,CDS
30561,11387772,11387933,161,CDS
30562,11395240,11395791,551,CDS
30563,11395854,11396103,249,CDS
30564,11397825,11397912,87,CDS
30565,11397970,11398183,213,CDS
30566,11398246,11398659,413,CDS
30567,11398720,11398822,102,CDS
30568,11400788,11400832,44,CDS
30569,11405274,11405423,149,CDS
30570,11405560,11405842,282,CDS
30571,11405904,11405995,91,CDS
30572,11406072,11406178,106,CDS
30573,11374492,11374510,18,CDS
30574,11376842,11376973,131,CDS
30575,11381856,11381980,124,CDS
30576,11387772,11387933,161,CDS
30577,11394223,11394246,23,CDS
30578,11395240,11395791,551,CDS
30579,11395854,11396103,249,CDS
30580,11397825,11397912,87,CDS
30581,11397970,11398183,213,CDS
30582,11398246,11398659,413,CDS
30583,11398720,11398822,102,CDS
30584,11400788,11400832,44,CDS
30585,11402707,11402787,80,CDS
30586,11405274,11405423,149,CDS
30587,11405560,11405842,282,CDS
30588,11405904,11405995,91,CDS
30589,11406072,11406178,106,CDS
30590,11374492,11374510,18,CDS
30591,11376842,11376973,131,CDS
30592,11381856,11381980,124,CDS
30593,11387772,11387933,161,CDS
30594,11395240,11395791,551,CDS
30595,11395854,11396103,249,CDS
30596,11397825,11397912,87,CDS
30597,11397970,11398183,213,CDS
30598,11398246,11398659,413,CDS
30599,11398720,11398822,102,CDS
30600,11400788,11400832,44,CDS
30601,11405274,11405423,149,CDS
30602,11405560,11405842,282,CDS
30603,11405904,11405995,91,CDS
30604,11406072,11406178,106,CDS
30605,11374492,11374510,18,CDS
30606,11376842,11376973,131,CDS
30607,11381856,11381980,124,CDS
30608,11387772,11387933,161,CDS
30609,11387986,11388174,188,CDS
30610,11374492,11374510,18,CDS
30611,11376842,11376973,131,CDS
30612,11381856,11381980,124,CDS
30613,11387772,11387933,161,CDS
30614,11387986,11388174,188,CDS
30615,11374492,11374510,18,CDS
30616,11376842,11376973,131,CDS
30617,11381856,11381980,124,CDS
30618,11387772,11387933,161,CDS
30619,11387986,11388174,188,CDS
30620,11374492,11374510,18,CDS
30621,11376842,11376973,131,CDS
30622,11381856,11381980,124,CDS
30623,11387772,11387933,161,CDS
30624,11387992,11388174,182,CDS
30625,11374492,11374510,18,CDS
30626,11376842,11376973,131,CDS
30627,11381856,11381980,124,CDS
30628,11387772,11387933,161,CDS
30629,11388016,11388174,158,CDS
30630,11375763,11376718,955,mRNA
30631,11376842,11376973,131,mRNA
30632,11381856,11381980,124,mRNA
30633,11382936,11383112,176,mRNA
30634,11387772,11387933,161,mRNA
30635,11395240,11395791,551,mRNA
30636,11395854,11396103,249,mRNA
30637,11400788,11400832,44,mRNA
30638,11402707,11402861,154,mRNA
30639,11375763,11376718,955,mRNA
30640,11376842,11376973,131,mRNA
30641,11381856,11381980,124,mRNA
30642,11387772,11387933,161,mRNA
30643,11395240,11395791,551,mRNA
30644,11395854,11396103,249,mRNA
30645,11397825,11397912,87,mRNA
30646,11397970,11398183,213,mRNA
30647,11398246,11398659,413,mRNA
30648,11398720,11398822,102,mRNA
30649,11400788,11400832,44,mRNA
30650,11402707,11402861,154,mRNA
30651,11375809,11376718,909,CDS
30652,11376842,11376973,131,CDS
30653,11381856,11381980,124,CDS
30654,11382936,11383112,176,CDS
30655,11387772,11387933,161,CDS
30656,11395240,11395791,551,CDS
30657,11395854,11396103,249,CDS
30658,11400788,11400832,44,CDS
30659,11402707,11402804,97,CDS
30660,11375809,11376718,909,CDS
30661,11376842,11376973,131,CDS
30662,11381856,11381980,124,CDS
30663,11387772,11387933,161,CDS
30664,11395240,11395791,551,CDS
30665,11395854,11396103,249,CDS
30666,11397825,11397912,87,CDS
30667,11397970,11398183,213,CDS
30668,11398246,11398659,413,CDS
30669,11398720,11398822,102,CDS
30670,11400788,11400832,44,CDS
30671,11402707,11402804,97,CDS
30672,11384880,11384973,93,mRNA
30673,11387111,11387512,401,mRNA
30674,11387772,11387933,161,mRNA
30675,11395240,11395791,551,mRNA
30676,11395854,11396103,249,mRNA
30677,11397825,11397912,87,mRNA
30678,11397970,11398183,213,mRNA
30679,11398246,11398659,413,mRNA
30680,11398720,11398822,102,mRNA
30681,11400788,11400832,44,mRNA
30682,11405274,11405423,149,mRNA
30683,11405560,11405842,282,mRNA
30684,11405904,11405995,91,mRNA
30685,11406072,11409776,3704,mRNA
30686,11387237,11387512,275,CDS
30687,11387772,11387933,161,CDS
30688,11395240,11395791,551,CDS
30689,11395854,11396103,249,CDS
30690,11397825,11397912,87,CDS
30691,11397970,11398183,213,CDS
30692,11398246,11398659,413,CDS
30693,11398720,11398822,102,CDS
30694,11400788,11400832,44,CDS
30695,11405274,11405423,149,CDS
30696,11405560,11405842,282,CDS
30697,11405904,11405995,91,CDS
30698,11406072,11406178,106,CDS
30699,11389668,11389781,113,mRNA
30700,11390231,11390540,309,mRNA
30701,11395240,11395791,551,mRNA
30702,11395854,11396571,717,mRNA
30703,11397825,11397912,87,mRNA
30704,11397970,11398183,213,mRNA
30705,11398246,11398659,413,mRNA
30706,11398720,11398822,102,mRNA
30707,11399742,11399816,74,mRNA
30708,11405274,11405423,149,mRNA
30709,11405560,11405842,282,mRNA
30710,11405904,11405995,91,mRNA
30711,11406072,11408338,2266,mRNA
30712,11389668,11389697,29,mRNA
30713,11390231,11390540,309,mRNA
30714,11395240,11395791,551,mRNA
30715,11395854,11396571,717,mRNA
30716,11397825,11397912,87,mRNA
30717,11397970,11398183,213,mRNA
30718,11398246,11398659,413,mRNA
30719,11398720,11398822,102,mRNA
30720,11399742,11399816,74,mRNA
30721,11400788,11400832,44,mRNA
30722,11405274,11405423,149,mRNA
30723,11405560,11405842,282,mRNA
30724,11405904,11405995,91,mRNA
30725,11406072,11408338,2266,mRNA
30726,11389668,11389781,113,mRNA
30727,11390176,11390540,364,mRNA
30728,11395240,11395791,551,mRNA
30729,11395854,11396571,717,mRNA
30730,11397825,11397912,87,mRNA
30731,11397970,11398183,213,mRNA
30732,11398246,11398659,413,mRNA
30733,11398720,11398822,102,mRNA
30734,11399742,11399816,74,mRNA
30735,11400788,11400832,44,mRNA
30736,11405274,11405423,149,mRNA
30737,11405560,11405842,282,mRNA
30738,11405904,11405995,91,mRNA
30739,11406072,11407751,1679,mRNA
30740,11389668,11389781,113,mRNA
30741,11390176,11390540,364,mRNA
30742,11395240,11395791,551,mRNA
30743,11395854,11396571,717,mRNA
30744,11397825,11397912,87,mRNA
30745,11397970,11398183,213,mRNA
30746,11398246,11398659,413,mRNA
30747,11398720,11398822,102,mRNA
30748,11399742,11399816,74,mRNA
30749,11405274,11405423,149,mRNA
30750,11405560,11405842,282,mRNA
30751,11405904,11405995,91,mRNA
30752,11406072,11407751,1679,mRNA
30753,11389668,11389781,113,mRNA
30754,11390176,11390540,364,mRNA
30755,11395240,11395791,551,mRNA
30756,11395854,11396571,717,mRNA
30757,11397825,11397912,87,mRNA
30758,11397970,11398183,213,mRNA
30759,11398246,11398659,413,mRNA
30760,11398720,11398822,102,mRNA
30761,11399742,11399816,74,mRNA
30762,11405274,11405423,149,mRNA
30763,11405560,11405842,282,mRNA
30764,11405904,11405995,91,mRNA
30765,11406072,11407751,1679,mRNA
30766,11389668,11389697,29,mRNA
30767,11390231,11390540,309,mRNA
30768,11395240,11395791,551,mRNA
30769,11395854,11396571,717,mRNA
30770,11397825,11397912,87,mRNA
30771,11397970,11398183,213,mRNA
30772,11398246,11398659,413,mRNA
30773,11398720,11398822,102,mRNA
30774,11399742,11399816,74,mRNA
30775,11405274,11405423,149,mRNA
30776,11405560,11405842,282,mRNA
30777,11405904,11405995,91,mRNA
30778,11406072,11407751,1679,mRNA
30779,11390069,11390540,471,mRNA
30780,11394223,11394246,23,mRNA
30781,11395240,11395791,551,mRNA
30782,11395854,11396571,717,mRNA
30783,11397825,11397912,87,mRNA
30784,11397970,11398183,213,mRNA
30785,11398246,11398659,413,mRNA
30786,11398720,11398822,102,mRNA
30787,11405274,11405423,149,mRNA
30788,11405560,11405842,282,mRNA
30789,11405904,11405995,91,mRNA
30790,11406072,11409776,3704,mRNA
30791,11390069,11390540,471,mRNA
30792,11394223,11394246,23,mRNA
30793,11395240,11395791,551,mRNA
30794,11395854,11396571,717,mRNA
30795,11397825,11397912,87,mRNA
30796,11397970,11398183,213,mRNA
30797,11398246,11398659,413,mRNA
30798,11398720,11398822,102,mRNA
30799,11399742,11399816,74,mRNA
30800,11405274,11405423,149,mRNA
30801,11405560,11405842,282,mRNA
30802,11405904,11405995,91,mRNA
30803,11406072,11407751,1679,mRNA
30804,11390069,11390540,471,mRNA
30805,11395240,11395791,551,mRNA
30806,11395854,11396571,717,mRNA
30807,11397825,11397912,87,mRNA
30808,11397970,11398183,213,mRNA
30809,11398246,11398659,413,mRNA
30810,11398720,11398822,102,mRNA
30811,11399742,11399816,74,mRNA
30812,11405274,11405423,149,mRNA
30813,11405560,11405842,282,mRNA
30814,11405904,11405995,91,mRNA
30815,11406072,11407751,1679,mRNA
30816,11390372,11390540,168,mRNA
30817,11394223,11394246,23,mRNA
30818,11395240,11395791,551,mRNA
30819,11395854,11396571,717,mRNA
30820,11397825,11397912,87,mRNA
30821,11397970,11398183,213,mRNA
30822,11398246,11398659,413,mRNA
30823,11398720,11398822,102,mRNA
30824,11399742,11399816,74,mRNA
30825,11400788,11400832,44,mRNA
30826,11405274,11405423,149,mRNA
30827,11405560,11405842,282,mRNA
30828,11405904,11405995,91,mRNA
30829,11406072,11407985,1913,mRNA
30830,11390454,11390540,86,CDS
30831,11395240,11395791,551,CDS
30832,11395854,11396571,717,CDS
30833,11397825,11397912,87,CDS
30834,11397970,11398183,213,CDS
30835,11398246,11398659,413,CDS
30836,11398720,11398822,102,CDS
30837,11399742,11399816,74,CDS
30838,11405274,11405423,149,CDS
30839,11405560,11405842,282,CDS
30840,11405904,11405995,91,CDS
30841,11406072,11406301,229,CDS
30842,11390454,11390540,86,CDS
30843,11394223,11394246,23,CDS
30844,11395240,11395791,551,CDS
30845,11395854,11396571,717,CDS
30846,11397825,11397912,87,CDS
30847,11397970,11398183,213,CDS
30848,11398246,11398659,413,CDS
30849,11398720,11398822,102,CDS
30850,11399742,11399816,74,CDS
30851,11400788,11400832,44,CDS
30852,11405274,11405423,149,CDS
30853,11405560,11405842,282,CDS
30854,11405904,11405995,91,CDS
30855,11406072,11406178,106,CDS
30856,11390454,11390540,86,CDS
30857,11394223,11394246,23,CDS
30858,11395240,11395791,551,CDS
30859,11395854,11396571,717,CDS
30860,11397825,11397912,87,CDS
30861,11397970,11398183,213,CDS
30862,11398246,11398659,413,CDS
30863,11398720,11398822,102,CDS
30864,11399742,11399816,74,CDS
30865,11405274,11405423,149,CDS
30866,11405560,11405842,282,CDS
30867,11405904,11405995,91,CDS
30868,11406072,11406178,106,CDS
30869,11390454,11390540,86,CDS
30870,11394223,11394246,23,CDS
30871,11395240,11395791,551,CDS
30872,11395854,11396571,717,CDS
30873,11397825,11397912,87,CDS
30874,11397970,11398183,213,CDS
30875,11398246,11398659,413,CDS
30876,11398720,11398822,102,CDS
30877,11405274,11405423,149,CDS
30878,11405560,11405842,282,CDS
30879,11405904,11405995,91,CDS
30880,11406072,11406178,106,CDS
30881,11390454,11390540,86,CDS
30882,11395240,11395791,551,CDS
30883,11395854,11396571,717,CDS
30884,11397825,11397912,87,CDS
30885,11397970,11398183,213,CDS
30886,11398246,11398659,413,CDS
30887,11398720,11398822,102,CDS
30888,11399742,11399816,74,CDS
30889,11400788,11400832,44,CDS
30890,11405274,11405423,149,CDS
30891,11405560,11405842,282,CDS
30892,11405904,11405995,91,CDS
30893,11406072,11406178,106,CDS
30894,11390454,11390540,86,CDS
30895,11395240,11395791,551,CDS
30896,11395854,11396571,717,CDS
30897,11397825,11397912,87,CDS
30898,11397970,11398183,213,CDS
30899,11398246,11398659,413,CDS
30900,11398720,11398822,102,CDS
30901,11399742,11399816,74,CDS
30902,11400788,11400832,44,CDS
30903,11405274,11405423,149,CDS
30904,11405560,11405842,282,CDS
30905,11405904,11405995,91,CDS
30906,11406072,11406178,106,CDS
30907,11390454,11390540,86,CDS
30908,11395240,11395791,551,CDS
30909,11395854,11396571,717,CDS
30910,11397825,11397912,87,CDS
30911,11397970,11398183,213,CDS
30912,11398246,11398659,413,CDS
30913,11398720,11398822,102,CDS
30914,11399742,11399816,74,CDS
30915,11405274,11405423,149,CDS
30916,11405560,11405842,282,CDS
30917,11405904,11405995,91,CDS
30918,11406072,11406178,106,CDS
30919,11390454,11390540,86,CDS
30920,11395240,11395791,551,CDS
30921,11395854,11396571,717,CDS
30922,11397825,11397912,87,CDS
30923,11397970,11398183,213,CDS
30924,11398246,11398659,413,CDS
30925,11398720,11398822,102,CDS
30926,11399742,11399816,74,CDS
30927,11405274,11405423,149,CDS
30928,11405560,11405842,282,CDS
30929,11405904,11405995,91,CDS
30930,11406072,11406178,106,CDS
30931,11390454,11390540,86,CDS
30932,11395240,11395791,551,CDS
30933,11395854,11396571,717,CDS
30934,11397825,11397912,87,CDS
30935,11397970,11398183,213,CDS
30936,11398246,11398659,413,CDS
30937,11398720,11398822,102,CDS
30938,11399742,11399816,74,CDS
30939,11405274,11405423,149,CDS
30940,11405560,11405842,282,CDS
30941,11405904,11405995,91,CDS
30942,11406072,11406178,106,CDS
30943,11390454,11390540,86,CDS
30944,11395240,11395791,551,CDS
30945,11395854,11396571,717,CDS
30946,11397825,11397912,87,CDS
30947,11397970,11398183,213,CDS
30948,11398246,11398659,413,CDS
30949,11398720,11398822,102,CDS
30950,11399742,11399816,74,CDS
30951,11405274,11405423,149,CDS
30952,11405560,11405842,282,CDS
30953,11405904,11405995,91,CDS
30954,11406072,11406178,106,CDS
30955,11409947,11411667,1720,gene
30956,11409947,11410129,182,mRNA
30957,11410199,11410393,194,mRNA
30958,11410459,11411667,1208,mRNA
30959,11409947,11410129,182,mRNA
30960,11410199,11410393,194,mRNA
30961,11410468,11411667,1199,mRNA
30962,11410054,11410129,75,CDS
30963,11410199,11410393,194,CDS
30964,11410459,11411525,1066,CDS
30965,11410054,11410129,75,CDS
30966,11410199,11410393,194,CDS
30967,11410468,11411525,1057,CDS
30968,11411783,11413190,1407,gene
30969,11412951,11413190,239,mRNA
30970,11412168,11412890,722,mRNA
30971,11411783,11412070,287,mRNA
30972,11412951,11413190,239,CDS
30973,11412168,11412890,722,CDS
30974,11411912,11412070,158,CDS
30975,11413467,11417422,3955,gene
30976,11413467,11417422,3955,gene
30977,11416865,11417422,557,mRNA
30978,11416601,11416788,187,mRNA
30979,11416252,11416541,289,mRNA
30980,11416041,11416193,152,mRNA
30981,11414502,11415939,1437,mRNA
30982,11413467,11413658,191,mRNA
30983,11416865,11417422,557,mRNA
30984,11416601,11416788,187,mRNA
30985,11416252,11416541,289,mRNA
30986,11416041,11416193,152,mRNA
30987,11414502,11415939,1437,mRNA
30988,11413467,11413658,191,mRNA
30989,11414502,11415569,1067,CDS
30990,11413500,11413658,158,CDS
30991,11416865,11417403,538,CDS
30992,11416601,11416788,187,CDS
30993,11416252,11416541,289,CDS
30994,11416041,11416193,152,CDS
30995,11415889,11415939,50,CDS
30996,11422832,11430197,7365,gene
30997,11422832,11423072,240,mRNA
30998,11424270,11424454,184,mRNA
30999,11428529,11428869,340,mRNA
31000,11428982,11429173,191,mRNA
31001,11429239,11430197,958,mRNA
31002,11422832,11423072,240,mRNA
31003,11424282,11424454,172,mRNA
31004,11428529,11428869,340,mRNA
31005,11428982,11429173,191,mRNA
31006,11429239,11430197,958,mRNA
31007,11423062,11423072,10,CDS
31008,11424270,11424454,184,CDS
31009,11428529,11428869,340,CDS
31010,11428982,11429173,191,CDS
31011,11429239,11429631,392,CDS
31012,11423062,11423072,10,CDS
31013,11424282,11424454,172,CDS
31014,11428529,11428869,340,CDS
31015,11428982,11429173,191,CDS
31016,11429239,11429631,392,CDS
31017,11423957,11424454,497,mRNA
31018,11428529,11428869,340,mRNA
31019,11428982,11429173,191,mRNA
31020,11429239,11430197,958,mRNA
31021,11423957,11424103,146,mRNA
31022,11424265,11424454,189,mRNA
31023,11428529,11428869,340,mRNA
31024,11428982,11429173,191,mRNA
31025,11429239,11430197,958,mRNA
31026,11423957,11424103,146,mRNA
31027,11424282,11424454,172,mRNA
31028,11428529,11428869,340,mRNA
31029,11428982,11429173,191,mRNA
31030,11429239,11430197,958,mRNA
31031,11423957,11424103,146,mRNA
31032,11424270,11424454,184,mRNA
31033,11428529,11428869,340,mRNA
31034,11428982,11429173,191,mRNA
31035,11429239,11429992,753,mRNA
31036,11424271,11424454,183,CDS
31037,11428529,11428869,340,CDS
31038,11428982,11429173,191,CDS
31039,11429239,11429631,392,CDS
31040,11424271,11424454,183,CDS
31041,11428529,11428869,340,CDS
31042,11428982,11429173,191,CDS
31043,11429239,11429631,392,CDS
31044,11424271,11424454,183,CDS
31045,11428529,11428869,340,CDS
31046,11428982,11429173,191,CDS
31047,11429239,11429631,392,CDS
31048,11428654,11428869,215,CDS
31049,11428982,11429173,191,CDS
31050,11429239,11429631,392,CDS
31051,11430523,11454386,23863,gene
31052,11453796,11454338,542,mRNA
31053,11438663,11439106,443,mRNA
31054,11437204,11438239,1035,mRNA
31055,11437023,11437137,114,mRNA
31056,11436775,11436792,17,mRNA
31057,11435729,11436396,667,mRNA
31058,11435549,11435666,117,mRNA
31059,11435383,11435481,98,mRNA
31060,11430523,11433417,2894,mRNA
31061,11453796,11454386,590,mRNA
31062,11438663,11439106,443,mRNA
31063,11437204,11438239,1035,mRNA
31064,11437023,11437137,114,mRNA
31065,11435729,11436396,667,mRNA
31066,11435549,11435666,117,mRNA
31067,11435383,11435481,98,mRNA
31068,11431333,11433417,2084,mRNA
31069,11453796,11454338,542,mRNA
31070,11438663,11439106,443,mRNA
31071,11437204,11438239,1035,mRNA
31072,11437023,11437137,114,mRNA
31073,11435729,11436396,667,mRNA
31074,11435549,11435666,117,mRNA
31075,11435383,11435481,98,mRNA
31076,11434500,11434814,314,mRNA
31077,11431333,11433417,2084,mRNA
31078,11438663,11438894,231,CDS
31079,11437204,11438239,1035,CDS
31080,11437023,11437137,114,CDS
31081,11435729,11436396,667,CDS
31082,11435549,11435666,117,CDS
31083,11435383,11435481,98,CDS
31084,11433280,11433417,137,CDS
31085,11438663,11438894,231,CDS
31086,11437204,11438239,1035,CDS
31087,11437023,11437137,114,CDS
31088,11436775,11436792,17,CDS
31089,11435729,11436396,667,CDS
31090,11435549,11435666,117,CDS
31091,11435383,11435481,98,CDS
31092,11433280,11433417,137,CDS
31093,11453796,11454338,542,mRNA
31094,11438663,11439106,443,mRNA
31095,11437204,11438239,1035,mRNA
31096,11437023,11437137,114,mRNA
31097,11435729,11436396,667,mRNA
31098,11435549,11435666,117,mRNA
31099,11435383,11435481,98,mRNA
31100,11434679,11434814,135,mRNA
31101,11453796,11454338,542,mRNA
31102,11438663,11439106,443,mRNA
31103,11437204,11438239,1035,mRNA
31104,11437023,11437137,114,mRNA
31105,11436775,11436792,17,mRNA
31106,11435729,11436396,667,mRNA
31107,11435549,11435666,117,mRNA
31108,11435383,11435481,98,mRNA
31109,11434679,11434814,135,mRNA
31110,11438663,11438894,231,CDS
31111,11437204,11438239,1035,CDS
31112,11437023,11437137,114,CDS
31113,11435729,11436396,667,CDS
31114,11435549,11435666,117,CDS
31115,11435383,11435481,98,CDS
31116,11434761,11434814,53,CDS
31117,11438663,11438894,231,CDS
31118,11437204,11438239,1035,CDS
31119,11437023,11437137,114,CDS
31120,11435729,11436396,667,CDS
31121,11435549,11435666,117,CDS
31122,11435383,11435481,98,CDS
31123,11434761,11434814,53,CDS
31124,11438663,11438894,231,CDS
31125,11437204,11438239,1035,CDS
31126,11437023,11437137,114,CDS
31127,11436775,11436792,17,CDS
31128,11435729,11436396,667,CDS
31129,11435549,11435666,117,CDS
31130,11435383,11435481,98,CDS
31131,11434761,11434814,53,CDS
31132,11442539,11446012,3473,gene
31133,11442539,11442708,169,mRNA
31134,11443567,11446012,2445,mRNA
31135,11443177,11443412,235,mRNA
31136,11443567,11446010,2443,mRNA
31137,11443633,11445558,1925,CDS
31138,11443633,11445558,1925,CDS
31139,11454786,11459227,4441,gene
31140,11454786,11455191,405,mRNA
31141,11455282,11456487,1205,mRNA
31142,11456655,11457764,1109,mRNA
31143,11458230,11459227,997,mRNA
31144,11454786,11455191,405,mRNA
31145,11455282,11456487,1205,mRNA
31146,11456585,11457131,546,mRNA
31147,11454786,11455191,405,mRNA
31148,11455282,11456619,1337,mRNA
31149,11455077,11455191,114,CDS
31150,11455282,11456487,1205,CDS
31151,11456655,11457764,1109,CDS
31152,11458230,11458312,82,CDS
31153,11455077,11455191,114,CDS
31154,11455282,11456487,1205,CDS
31155,11456585,11456616,31,CDS
31156,11455077,11455191,114,CDS
31157,11455282,11456513,1231,CDS
31158,11459786,11476504,16718,gene
31159,11459786,11460124,338,mRNA
31160,11474066,11474227,161,mRNA
31161,11474290,11474413,123,mRNA
31162,11474879,11475028,149,mRNA
31163,11475340,11475531,191,mRNA
31164,11475587,11475702,115,mRNA
31165,11475765,11475857,92,mRNA
31166,11475919,11476504,585,mRNA
31167,11459882,11460124,242,CDS
31168,11474066,11474227,161,CDS
31169,11474290,11474413,123,CDS
31170,11474879,11475028,149,CDS
31171,11475340,11475531,191,CDS
31172,11475587,11475702,115,CDS
31173,11475765,11475857,92,CDS
31174,11475919,11476074,155,CDS
31175,11477058,11483233,6175,gene
31176,11477058,11477791,733,mRNA
31177,11478384,11478581,197,mRNA
31178,11479014,11479196,182,mRNA
31179,11481525,11482213,688,mRNA
31180,11482310,11482601,291,mRNA
31181,11482698,11483233,535,mRNA
31182,11477058,11477791,733,mRNA
31183,11478384,11478581,197,mRNA
31184,11479014,11479196,182,mRNA
31185,11481525,11482213,688,mRNA
31186,11482310,11482601,291,mRNA
31187,11482698,11483106,408,mRNA
31188,11477593,11477791,198,CDS
31189,11478384,11478581,197,CDS
31190,11479014,11479196,182,CDS
31191,11481525,11482213,688,CDS
31192,11482310,11482601,291,CDS
31193,11482698,11482861,163,CDS
31194,11477593,11477791,198,CDS
31195,11478384,11478581,197,CDS
31196,11479014,11479196,182,CDS
31197,11481525,11482213,688,CDS
31198,11482310,11482601,291,CDS
31199,11482698,11482861,163,CDS
31200,11483518,11485060,1542,gene
31201,11483518,11483934,416,mRNA
31202,11484046,11485060,1014,mRNA
31203,11483654,11483934,280,CDS
31204,11484046,11484979,933,CDS
31205,11485250,11486566,1316,gene
31206,11485250,11485431,181,mRNA
31207,11485561,11486566,1005,mRNA
31208,11485250,11485431,181,mRNA
31209,11485561,11486165,604,mRNA
31210,11486236,11486269,33,mRNA
31211,11485250,11485431,181,mRNA
31212,11485561,11486238,677,mRNA
31213,11485393,11485431,38,CDS
31214,11485561,11486121,560,CDS
31215,11485393,11485431,38,CDS
31216,11485561,11486121,560,CDS
31217,11485393,11485431,38,CDS
31218,11485561,11486121,560,CDS
31219,11486546,11491573,5027,gene
31220,11486546,11491573,5027,mRNA
31221,11486769,11491523,4754,CDS
31222,11492337,11492998,661,gene
31223,11492337,11492998,661,ncRNA
31224,11493135,11555045,61910,gene
31225,11493135,11493999,864,mRNA
31226,11550477,11550689,212,mRNA
31227,11550762,11550937,175,mRNA
31228,11551029,11551347,318,mRNA
31229,11551772,11555045,3273,mRNA
31230,11493135,11493385,250,mRNA
31231,11493708,11493999,291,mRNA
31232,11550477,11550689,212,mRNA
31233,11550762,11550937,175,mRNA
31234,11551029,11551347,318,mRNA
31235,11551772,11555045,3273,mRNA
31236,11493819,11493999,180,mRNA
31237,11550477,11550689,212,mRNA
31238,11550762,11550937,175,mRNA
31239,11551029,11551347,318,mRNA
31240,11551772,11555045,3273,mRNA
31241,11493866,11493999,133,CDS
31242,11550477,11550689,212,CDS
31243,11550762,11550937,175,CDS
31244,11551029,11551347,318,CDS
31245,11551772,11552954,1182,CDS
31246,11493866,11493999,133,CDS
31247,11550477,11550689,212,CDS
31248,11550762,11550937,175,CDS
31249,11551029,11551347,318,CDS
31250,11551772,11552954,1182,CDS
31251,11493866,11493999,133,CDS
31252,11550477,11550689,212,CDS
31253,11550762,11550937,175,CDS
31254,11551029,11551347,318,CDS
31255,11551772,11552954,1182,CDS
31256,11535096,11541508,6412,mobile_element
31257,11547422,11547497,75,gene
31258,11547422,11547497,75,precursor_RNA
31259,11547430,11547451,21,ncRNA
31260,11547468,11547490,22,ncRNA
31261,11555050,11558654,3604,gene
31262,11558488,11558637,149,mRNA
31263,11556184,11556346,162,mRNA
31264,11555926,11556111,185,mRNA
31265,11555050,11555795,745,mRNA
31266,11558539,11558654,115,mRNA
31267,11556184,11556346,162,mRNA
31268,11555926,11556111,185,mRNA
31269,11555285,11555795,510,mRNA
31270,11558533,11558646,113,mRNA
31271,11556184,11556346,162,mRNA
31272,11555926,11556111,185,mRNA
31273,11555285,11555795,510,mRNA
31274,11556410,11556438,28,mRNA
31275,11556184,11556346,162,mRNA
31276,11555926,11556111,185,mRNA
31277,11555285,11555795,510,mRNA
31278,11556184,11556300,116,CDS
31279,11555926,11556111,185,CDS
31280,11555616,11555795,179,CDS
31281,11556184,11556300,116,CDS
31282,11555926,11556111,185,CDS
31283,11555616,11555795,179,CDS
31284,11556184,11556300,116,CDS
31285,11555926,11556111,185,CDS
31286,11555616,11555795,179,CDS
31287,11556184,11556300,116,CDS
31288,11555926,11556111,185,CDS
31289,11555616,11555795,179,CDS
31290,11561643,11562779,1136,gene
31291,11561643,11562280,637,mRNA
31292,11562339,11562457,118,mRNA
31293,11562519,11562779,260,mRNA
31294,11561935,11562280,345,mRNA
31295,11562339,11562457,118,mRNA
31296,11562519,11562779,260,mRNA
31297,11561973,11562280,307,CDS
31298,11562339,11562457,118,CDS
31299,11562519,11562703,184,CDS
31300,11561973,11562280,307,CDS
31301,11562339,11562457,118,CDS
31302,11562519,11562703,184,CDS
31303,11562800,11570326,7526,gene
31304,11569886,11570326,440,mRNA
31305,11567043,11569286,2243,mRNA
31306,11564734,11566978,2244,mRNA
31307,11562800,11564605,1805,mRNA
31308,11569886,11569966,80,CDS
31309,11567043,11569286,2243,CDS
31310,11564734,11566978,2244,CDS
31311,11563512,11564605,1093,CDS
31312,11570455,11571358,903,gene
31313,11570455,11571358,903,ncRNA
31314,11570621,11571718,1097,gene
31315,11570621,11570776,155,mRNA
31316,11570867,11571108,241,mRNA
31317,11571169,11571504,335,mRNA
31318,11571693,11571718,25,mRNA
31319,11570621,11570776,155,mRNA
31320,11570867,11571108,241,mRNA
31321,11571169,11571410,241,mRNA
31322,11570710,11570776,66,CDS
31323,11570867,11571108,241,CDS
31324,11571169,11571300,131,CDS
31325,11570710,11570776,66,CDS
31326,11570867,11571108,241,CDS
31327,11571169,11571300,131,CDS
31328,11571383,11572442,1059,gene
31329,11572191,11572442,251,mRNA
31330,11571383,11572132,749,mRNA
31331,11571507,11571692,185,mobile_element
31332,11572191,11572442,251,mRNA
31333,11571717,11572132,415,mRNA
31334,11572191,11572398,207,CDS
31335,11571789,11572132,343,CDS
31336,11572191,11572398,207,CDS
31337,11571789,11572132,343,CDS
31338,11572707,11573640,933,gene
31339,11572707,11573640,933,mRNA
31340,11572707,11573062,355,mRNA
31341,11573117,11573640,523,mRNA
31342,11572802,11573524,722,CDS
31343,11572802,11573062,260,CDS
31344,11573117,11573524,407,CDS
31345,11573731,11576152,2421,gene
31346,11573731,11573983,252,mRNA
31347,11574053,11575194,1141,mRNA
31348,11575254,11575638,384,mRNA
31349,11575698,11576152,454,mRNA
31350,11573858,11573983,125,CDS
31351,11574053,11575194,1141,CDS
31352,11575254,11575638,384,CDS
31353,11575698,11576039,341,CDS
31354,11576118,11576620,502,gene
31355,11576118,11576620,502,mRNA
31356,11576173,11576478,305,CDS
31357,11576883,11578806,1923,gene
31358,11576883,11577078,195,mRNA
31359,11577145,11578074,929,mRNA
31360,11578133,11578806,673,mRNA
31361,11576883,11577078,195,mRNA
31362,11577145,11577818,673,mRNA
31363,11577877,11578074,197,mRNA
31364,11578133,11578806,673,mRNA
31365,11576953,11577078,125,CDS
31366,11577145,11577818,673,CDS
31367,11577877,11578074,197,CDS
31368,11578133,11578769,636,CDS
31369,11576953,11577078,125,CDS
31370,11577145,11577843,698,CDS
31371,11579065,11580432,1367,gene
31372,11579065,11580432,1367,ncRNA
31373,11579065,11579124,59,ncRNA
31374,11579670,11580171,501,ncRNA
31375,11579065,11579124,59,ncRNA
31376,11579215,11579236,21,ncRNA
31377,11579349,11579528,179,ncRNA
31378,11579670,11580100,430,ncRNA
31379,11579065,11579124,59,ncRNA
31380,11579386,11579399,13,ncRNA
31381,11579512,11579528,16,ncRNA
31382,11579670,11580100,430,ncRNA
31383,11579065,11579124,59,ncRNA
31384,11579349,11579399,50,ncRNA
31385,11579453,11579528,75,ncRNA
31386,11579670,11580084,414,ncRNA
31387,11579065,11579124,59,ncRNA
31388,11579352,11579528,176,ncRNA
31389,11579670,11580084,414,ncRNA
31390,11580772,11585750,4978,gene
31391,11580772,11581040,268,mRNA
31392,11581105,11581299,194,mRNA
31393,11581370,11581904,534,mRNA
31394,11582039,11582184,145,mRNA
31395,11584306,11584496,190,mRNA
31396,11584560,11585270,710,mRNA
31397,11585349,11585750,401,mRNA
31398,11580772,11581040,268,mRNA
31399,11581105,11581299,194,mRNA
31400,11581370,11581904,534,mRNA
31401,11582039,11582184,145,mRNA
31402,11584306,11584496,190,mRNA
31403,11584560,11585270,710,mRNA
31404,11585349,11585580,231,mRNA
31405,11580924,11581040,116,CDS
31406,11581105,11581299,194,CDS
31407,11581370,11581904,534,CDS
31408,11582039,11582184,145,CDS
31409,11584306,11584496,190,CDS
31410,11584560,11585270,710,CDS
31411,11585349,11585454,105,CDS
31412,11580924,11581040,116,CDS
31413,11581105,11581299,194,CDS
31414,11581370,11581904,534,CDS
31415,11582039,11582184,145,CDS
31416,11584306,11584496,190,CDS
31417,11584560,11585270,710,CDS
31418,11585349,11585454,105,CDS
31419,11581957,11584175,2218,gene
31420,11582533,11584175,1642,mRNA
31421,11581957,11582473,516,mRNA
31422,11582533,11584160,1627,CDS
31423,11582194,11582473,279,CDS
31424,11586228,11586944,716,gene
31425,11586228,11586643,415,exon
31426,11586710,11586944,234,exon
31427,11587283,11589173,1890,gene
31428,11587283,11587685,402,exon
31429,11588323,11588736,413,exon
31430,11588803,11589173,370,exon
31431,11589376,11591266,1890,gene
31432,11589376,11589778,402,exon
31433,11590416,11590829,413,exon
31434,11590896,11591266,370,exon
31435,11591469,11593359,1890,gene
31436,11591469,11591871,402,exon
31437,11592509,11592922,413,exon
31438,11592989,11593359,370,exon
31439,11593562,11595452,1890,gene
31440,11593562,11593964,402,exon
31441,11594602,11595015,413,exon
31442,11595082,11595452,370,exon
31443,11595655,11597545,1890,gene
31444,11595655,11596057,402,exon
31445,11596695,11597108,413,exon
31446,11597175,11597545,370,exon
31447,11597748,11599638,1890,gene
31448,11597748,11598150,402,exon
31449,11598788,11599201,413,exon
31450,11599268,11599638,370,exon
31451,11599838,11606288,6450,gene
31452,11599838,11600326,488,mRNA
31453,11604312,11604673,361,mRNA
31454,11604736,11605078,342,mRNA
31455,11605138,11606288,1150,mRNA
31456,11599838,11600326,488,mRNA
31457,11604312,11604673,361,mRNA
31458,11604736,11605078,342,mRNA
31459,11605138,11606000,862,mRNA
31460,11600087,11600326,239,CDS
31461,11604312,11604673,361,CDS
31462,11604736,11605078,342,CDS
31463,11605138,11605446,308,CDS
31464,11600087,11600326,239,CDS
31465,11604312,11604673,361,CDS
31466,11604736,11605078,342,CDS
31467,11605138,11605446,308,CDS
31468,11603243,11604194,951,gene
31469,11604075,11604194,119,mRNA
31470,11603243,11603894,651,mRNA
31471,11603337,11603879,542,CDS
31472,11605690,11606077,387,mobile_element
31473,11606290,11611652,5362,gene
31474,11611532,11611652,120,mRNA
31475,11610477,11610834,357,mRNA
31476,11610202,11610413,211,mRNA
31477,11609402,11609713,311,mRNA
31478,11608703,11609307,604,mRNA
31479,11608553,11608640,87,mRNA
31480,11608234,11608499,265,mRNA
31481,11608014,11608152,138,mRNA
31482,11606290,11607955,1665,mRNA
31483,11611532,11611652,120,mRNA
31484,11610477,11610834,357,mRNA
31485,11610202,11610413,211,mRNA
31486,11608703,11609307,604,mRNA
31487,11608553,11608640,87,mRNA
31488,11608234,11608499,265,mRNA
31489,11608014,11608152,138,mRNA
31490,11606494,11607955,1461,mRNA
31491,11611532,11611652,120,mRNA
31492,11610477,11610834,357,mRNA
31493,11610202,11610413,211,mRNA
31494,11609402,11609713,311,mRNA
31495,11608703,11609307,604,mRNA
31496,11608553,11608640,87,mRNA
31497,11608234,11608496,262,mRNA
31498,11608014,11608152,138,mRNA
31499,11606494,11607955,1461,mRNA
31500,11611532,11611652,120,mRNA
31501,11610477,11610834,357,mRNA
31502,11610202,11610413,211,mRNA
31503,11609402,11609713,311,mRNA
31504,11608703,11609307,604,mRNA
31505,11608553,11608640,87,mRNA
31506,11608234,11608499,265,mRNA
31507,11608014,11608152,138,mRNA
31508,11606494,11607955,1461,mRNA
31509,11610477,11610828,351,CDS
31510,11610202,11610413,211,CDS
31511,11608703,11609307,604,CDS
31512,11608553,11608640,87,CDS
31513,11608234,11608499,265,CDS
31514,11608014,11608152,138,CDS
31515,11606783,11607955,1172,CDS
31516,11610477,11610828,351,CDS
31517,11610202,11610413,211,CDS
31518,11609402,11609713,311,CDS
31519,11608703,11609307,604,CDS
31520,11608553,11608640,87,CDS
31521,11608234,11608496,262,CDS
31522,11608014,11608152,138,CDS
31523,11606783,11607955,1172,CDS
31524,11610477,11610828,351,CDS
31525,11610202,11610413,211,CDS
31526,11609402,11609713,311,CDS
31527,11608703,11609307,604,CDS
31528,11608553,11608640,87,CDS
31529,11608234,11608499,265,CDS
31530,11608014,11608152,138,CDS
31531,11606783,11607955,1172,CDS
31532,11610477,11610828,351,CDS
31533,11610202,11610413,211,CDS
31534,11609402,11609713,311,CDS
31535,11608703,11609307,604,CDS
31536,11608553,11608640,87,CDS
31537,11608234,11608499,265,CDS
31538,11608014,11608152,138,CDS
31539,11606783,11607955,1172,CDS
31540,11611927,11615128,3201,gene
31541,11611927,11612104,177,mRNA
31542,11612176,11613264,1088,mRNA
31543,11613337,11615128,1791,mRNA
31544,11612016,11612104,88,mRNA
31545,11612176,11613264,1088,mRNA
31546,11613337,11615128,1791,mRNA
31547,11612178,11613264,1086,CDS
31548,11613337,11614955,1618,CDS
31549,11612178,11613264,1086,CDS
31550,11613337,11614955,1618,CDS
31551,11615097,11615840,743,gene
31552,11615518,11615840,322,mRNA
31553,11615097,11615446,349,mRNA
31554,11615518,11615840,322,mRNA
31555,11615229,11615446,217,mRNA
31556,11615518,11615754,236,CDS
31557,11615345,11615446,101,CDS
31558,11615518,11615754,236,CDS
31559,11615345,11615446,101,CDS
31560,11616124,11621280,5156,gene
31561,11616124,11618160,2036,mRNA
31562,11618230,11621280,3050,mRNA
31563,11616124,11618160,2036,mRNA
31564,11618230,11619948,1718,mRNA
31565,11616868,11618160,1292,CDS
31566,11618230,11619087,857,CDS
31567,11616868,11618160,1292,CDS
31568,11618230,11619087,857,CDS
31569,11622015,11677338,55323,gene
31570,11622015,11622357,342,mRNA
31571,11623753,11624216,463,mRNA
31572,11664730,11664979,249,mRNA
31573,11666698,11666979,281,mRNA
31574,11668239,11668911,672,mRNA
31575,11668984,11669408,424,mRNA
31576,11669469,11669900,431,mRNA
31577,11670417,11671814,1397,mRNA
31578,11672250,11672932,682,mRNA
31579,11673012,11673270,258,mRNA
31580,11673333,11673461,128,mRNA
31581,11673731,11675026,1295,mRNA
31582,11675331,11677338,2007,mRNA
31583,11622015,11622357,342,mRNA
31584,11623830,11624216,386,mRNA
31585,11664730,11664979,249,mRNA
31586,11666698,11666979,281,mRNA
31587,11668239,11668911,672,mRNA
31588,11668984,11669408,424,mRNA
31589,11669469,11669900,431,mRNA
31590,11670417,11671814,1397,mRNA
31591,11672250,11672932,682,mRNA
31592,11673012,11673270,258,mRNA
31593,11673333,11673461,128,mRNA
31594,11675331,11677338,2007,mRNA
31595,11622015,11622185,170,mRNA
31596,11622313,11622357,44,mRNA
31597,11623830,11624216,386,mRNA
31598,11664730,11664979,249,mRNA
31599,11666698,11666979,281,mRNA
31600,11668239,11668911,672,mRNA
31601,11668984,11669408,424,mRNA
31602,11669469,11669900,431,mRNA
31603,11670417,11671814,1397,mRNA
31604,11672250,11672932,682,mRNA
31605,11673012,11673270,258,mRNA
31606,11673333,11673461,128,mRNA
31607,11675331,11677338,2007,mRNA
31608,11622015,11622185,170,mRNA
31609,11623830,11624216,386,mRNA
31610,11664730,11664979,249,mRNA
31611,11666698,11666979,281,mRNA
31612,11667197,11667244,47,mRNA
31613,11668239,11668911,672,mRNA
31614,11668984,11669408,424,mRNA
31615,11669469,11669900,431,mRNA
31616,11670417,11671814,1397,mRNA
31617,11672030,11672047,17,mRNA
31618,11672250,11672932,682,mRNA
31619,11673012,11673270,258,mRNA
31620,11673333,11673461,128,mRNA
31621,11673731,11674902,1171,mRNA
31622,11675331,11677338,2007,mRNA
31623,11622015,11622185,170,mRNA
31624,11623753,11624216,463,mRNA
31625,11664730,11664979,249,mRNA
31626,11666698,11666979,281,mRNA
31627,11668239,11668911,672,mRNA
31628,11668984,11669408,424,mRNA
31629,11669469,11669900,431,mRNA
31630,11670417,11671814,1397,mRNA
31631,11672250,11672932,682,mRNA
31632,11673012,11673270,258,mRNA
31633,11673333,11673461,128,mRNA
31634,11673731,11675026,1295,mRNA
31635,11675331,11676253,922,mRNA
31636,11622015,11622185,170,mRNA
31637,11623830,11624216,386,mRNA
31638,11664730,11664979,249,mRNA
31639,11666698,11666979,281,mRNA
31640,11668239,11668911,672,mRNA
31641,11668984,11669408,424,mRNA
31642,11669469,11669900,431,mRNA
31643,11670417,11671814,1397,mRNA
31644,11672250,11672932,682,mRNA
31645,11673012,11673270,258,mRNA
31646,11673333,11673461,128,mRNA
31647,11673731,11675026,1295,mRNA
31648,11675331,11676253,922,mRNA
31649,11624103,11624216,113,CDS
31650,11664730,11664979,249,CDS
31651,11666698,11666979,281,CDS
31652,11668239,11668911,672,CDS
31653,11668984,11669408,424,CDS
31654,11669469,11669900,431,CDS
31655,11670417,11671814,1397,CDS
31656,11672250,11672932,682,CDS
31657,11673012,11673270,258,CDS
31658,11673333,11673461,128,CDS
31659,11673731,11675026,1295,CDS
31660,11675331,11675362,31,CDS
31661,11624103,11624216,113,CDS
31662,11664730,11664979,249,CDS
31663,11666698,11666979,281,CDS
31664,11668239,11668911,672,CDS
31665,11668984,11669408,424,CDS
31666,11669469,11669900,431,CDS
31667,11670417,11671814,1397,CDS
31668,11672250,11672932,682,CDS
31669,11673012,11673270,258,CDS
31670,11673333,11673461,128,CDS
31671,11673731,11675026,1295,CDS
31672,11675331,11675362,31,CDS
31673,11624103,11624216,113,CDS
31674,11664730,11664979,249,CDS
31675,11666698,11666979,281,CDS
31676,11668239,11668911,672,CDS
31677,11668984,11669408,424,CDS
31678,11669469,11669900,431,CDS
31679,11670417,11671814,1397,CDS
31680,11672250,11672932,682,CDS
31681,11673012,11673270,258,CDS
31682,11673333,11673461,128,CDS
31683,11675331,11675362,31,CDS
31684,11624103,11624216,113,CDS
31685,11664730,11664979,249,CDS
31686,11666698,11666979,281,CDS
31687,11668239,11668911,672,CDS
31688,11668984,11669408,424,CDS
31689,11669469,11669900,431,CDS
31690,11670417,11671814,1397,CDS
31691,11672250,11672932,682,CDS
31692,11673012,11673270,258,CDS
31693,11673333,11673461,128,CDS
31694,11675331,11675362,31,CDS
31695,11624103,11624216,113,CDS
31696,11664730,11664979,249,CDS
31697,11666698,11666979,281,CDS
31698,11667197,11667244,47,CDS
31699,11668239,11668911,672,CDS
31700,11668984,11669408,424,CDS
31701,11669469,11669900,431,CDS
31702,11670417,11671814,1397,CDS
31703,11672030,11672047,17,CDS
31704,11672250,11672932,682,CDS
31705,11673012,11673270,258,CDS
31706,11673333,11673461,128,CDS
31707,11673731,11673981,250,CDS
31708,11624103,11624216,113,CDS
31709,11664730,11664979,249,CDS
31710,11666698,11666979,281,CDS
31711,11668239,11668911,672,CDS
31712,11668984,11669408,424,CDS
31713,11669469,11669900,431,CDS
31714,11670417,11671814,1397,CDS
31715,11672250,11672932,682,CDS
31716,11673012,11673270,258,CDS
31717,11673333,11673461,128,CDS
31718,11673731,11673981,250,CDS
31719,11633472,11640484,7012,mobile_element
31720,11677344,11678589,1245,gene
31721,11677344,11678589,1245,mRNA
31722,11678403,11678551,148,mRNA
31723,11677344,11678270,926,mRNA
31724,11678403,11678551,148,mRNA
31725,11677344,11678349,1005,mRNA
31726,11678403,11678434,31,CDS
31727,11677665,11678349,684,CDS
31728,11677665,11678270,605,CDS
31729,11677665,11678270,605,CDS
31730,11678970,11694740,15770,gene
31731,11678970,11679289,319,mRNA
31732,11680844,11681114,270,mRNA
31733,11681718,11684254,2536,mRNA
31734,11687462,11687635,173,mRNA
31735,11689201,11694740,5539,mRNA
31736,11678970,11679289,319,mRNA
31737,11680844,11681114,270,mRNA
31738,11681718,11684254,2536,mRNA
31739,11687462,11687635,173,mRNA
31740,11689201,11689543,342,mRNA
31741,11690812,11694740,3928,mRNA
31742,11678970,11679289,319,mRNA
31743,11680844,11681114,270,mRNA
31744,11681718,11684254,2536,mRNA
31745,11687462,11687635,173,mRNA
31746,11689201,11689543,342,mRNA
31747,11692799,11693177,378,mRNA
31748,11693547,11694740,1193,mRNA
31749,11678970,11679289,319,mRNA
31750,11680844,11681114,270,mRNA
31751,11681718,11684254,2536,mRNA
31752,11687462,11687635,173,mRNA
31753,11689201,11689543,342,mRNA
31754,11693547,11694740,1193,mRNA
31755,11678970,11679289,319,mRNA
31756,11680844,11681114,270,mRNA
31757,11681718,11684254,2536,mRNA
31758,11689201,11689543,342,mRNA
31759,11693547,11694740,1193,mRNA
31760,11680853,11681114,261,CDS
31761,11681718,11684254,2536,CDS
31762,11687462,11687635,173,CDS
31763,11689201,11689543,342,CDS
31764,11693547,11693938,391,CDS
31765,11680853,11681114,261,CDS
31766,11681718,11684254,2536,CDS
31767,11689201,11689543,342,CDS
31768,11693547,11693938,391,CDS
31769,11680853,11681114,261,CDS
31770,11681718,11684254,2536,CDS
31771,11687462,11687635,173,CDS
31772,11689201,11689543,342,CDS
31773,11692799,11692809,10,CDS
31774,11680853,11681114,261,CDS
31775,11681718,11684254,2536,CDS
31776,11687462,11687635,173,CDS
31777,11689201,11689543,342,CDS
31778,11690812,11691413,601,CDS
31779,11680853,11681114,261,CDS
31780,11681718,11684254,2536,CDS
31781,11687462,11687635,173,CDS
31782,11689201,11689551,350,CDS
31783,11695137,11704394,9257,gene
31784,11695137,11695384,247,mRNA
31785,11695824,11695939,115,mRNA
31786,11696403,11696540,137,mRNA
31787,11697066,11697244,178,mRNA
31788,11697311,11697595,284,mRNA
31789,11697661,11697751,90,mRNA
31790,11698299,11698435,136,mRNA
31791,11698500,11698597,97,mRNA
31792,11699323,11699406,83,mRNA
31793,11703290,11703448,158,mRNA
31794,11703509,11704394,885,mRNA
31795,11695137,11695279,142,mRNA
31796,11695824,11696311,487,mRNA
31797,11696403,11696540,137,mRNA
31798,11697066,11697244,178,mRNA
31799,11697311,11697595,284,mRNA
31800,11697661,11697751,90,mRNA
31801,11698299,11698435,136,mRNA
31802,11698500,11698597,97,mRNA
31803,11700621,11701127,506,mRNA
31804,11703290,11703448,158,mRNA
31805,11703509,11704394,885,mRNA
31806,11695137,11695279,142,mRNA
31807,11695824,11696145,321,mRNA
31808,11696403,11696540,137,mRNA
31809,11697066,11697244,178,mRNA
31810,11697311,11697595,284,mRNA
31811,11697661,11697751,90,mRNA
31812,11698299,11698435,136,mRNA
31813,11698500,11698597,97,mRNA
31814,11699323,11699406,83,mRNA
31815,11703290,11703448,158,mRNA
31816,11703509,11704394,885,mRNA
31817,11695137,11695279,142,mRNA
31818,11695824,11695939,115,mRNA
31819,11696403,11696540,137,mRNA
31820,11697066,11697244,178,mRNA
31821,11697311,11697595,284,mRNA
31822,11697661,11697751,90,mRNA
31823,11698299,11698435,136,mRNA
31824,11698500,11698597,97,mRNA
31825,11703290,11703448,158,mRNA
31826,11703509,11704394,885,mRNA
31827,11695137,11695263,126,mRNA
31828,11695824,11695939,115,mRNA
31829,11696403,11696540,137,mRNA
31830,11697066,11697244,178,mRNA
31831,11697311,11697595,284,mRNA
31832,11697661,11697751,90,mRNA
31833,11698299,11698435,136,mRNA
31834,11698500,11698597,97,mRNA
31835,11700621,11701127,506,mRNA
31836,11703290,11703448,158,mRNA
31837,11703509,11704394,885,mRNA
31838,11696449,11696540,91,CDS
31839,11697066,11697244,178,CDS
31840,11697311,11697595,284,CDS
31841,11697661,11697751,90,CDS
31842,11698299,11698435,136,CDS
31843,11698500,11698597,97,CDS
31844,11699323,11699406,83,CDS
31845,11703290,11703448,158,CDS
31846,11703509,11703643,134,CDS
31847,11696449,11696540,91,CDS
31848,11697066,11697244,178,CDS
31849,11697311,11697595,284,CDS
31850,11697661,11697751,90,CDS
31851,11698299,11698435,136,CDS
31852,11698500,11698597,97,CDS
31853,11699323,11699406,83,CDS
31854,11703290,11703448,158,CDS
31855,11703509,11703643,134,CDS
31856,11696449,11696540,91,CDS
31857,11697066,11697244,178,CDS
31858,11697311,11697595,284,CDS
31859,11697661,11697751,90,CDS
31860,11698299,11698435,136,CDS
31861,11698500,11698597,97,CDS
31862,11700621,11701127,506,CDS
31863,11703290,11703448,158,CDS
31864,11703509,11703643,134,CDS
31865,11696449,11696540,91,CDS
31866,11697066,11697244,178,CDS
31867,11697311,11697595,284,CDS
31868,11697661,11697751,90,CDS
31869,11698299,11698435,136,CDS
31870,11698500,11698597,97,CDS
31871,11700621,11701127,506,CDS
31872,11703290,11703448,158,CDS
31873,11703509,11703643,134,CDS
31874,11696449,11696540,91,CDS
31875,11697066,11697244,178,CDS
31876,11697311,11697595,284,CDS
31877,11697661,11697751,90,CDS
31878,11698299,11698435,136,CDS
31879,11698500,11698597,97,CDS
31880,11703290,11703448,158,CDS
31881,11703509,11703643,134,CDS
31882,11704310,11705300,990,gene
31883,11704820,11705300,480,mRNA
31884,11704310,11704741,431,mRNA
31885,11704820,11705025,205,mRNA
31886,11704310,11704741,431,mRNA
31887,11704820,11704928,108,CDS
31888,11704506,11704741,235,CDS
31889,11704820,11704928,108,CDS
31890,11704506,11704741,235,CDS
31891,11706575,11709951,3376,gene
31892,11709203,11709951,748,mRNA
31893,11708245,11708794,549,mRNA
31894,11707711,11708135,424,mRNA
31895,11706575,11707645,1070,mRNA
31896,11709203,11709447,244,CDS
31897,11708245,11708794,549,CDS
31898,11707711,11708135,424,CDS
31899,11707006,11707645,639,CDS
31900,11710120,11715565,5445,gene
31901,11714558,11715030,472,mRNA
31902,11713755,11713808,53,mRNA
31903,11712769,11713688,919,mRNA
31904,11710120,11712366,2246,mRNA
31905,11714022,11714211,189,mRNA
31906,11713755,11713808,53,mRNA
31907,11712769,11713688,919,mRNA
31908,11710120,11712366,2246,mRNA
31909,11710252,11710301,49,gene
31910,11710252,11710301,49,precursor_RNA
31911,11710253,11710274,21,ncRNA
31912,11710280,11710301,21,ncRNA
31913,11715272,11715565,293,mRNA
31914,11714558,11714777,219,mRNA
31915,11713755,11713805,50,mRNA
31916,11712769,11713688,919,mRNA
31917,11710824,11712366,1542,mRNA
31918,11714981,11715030,49,mRNA
31919,11714558,11714777,219,mRNA
31920,11713755,11713805,50,mRNA
31921,11712769,11713688,919,mRNA
31922,11710824,11712366,1542,mRNA
31923,11714558,11715030,472,mRNA
31924,11712769,11713805,1036,mRNA
31925,11710824,11712366,1542,mRNA
31926,11714558,11715030,472,mRNA
31927,11713755,11713808,53,mRNA
31928,11712769,11713684,915,mRNA
31929,11710824,11712366,1542,mRNA
31930,11714475,11714905,430,mRNA
31931,11713755,11713805,50,mRNA
31932,11712769,11713688,919,mRNA
31933,11710824,11712366,1542,mRNA
31934,11714475,11714905,430,mRNA
31935,11713755,11713808,53,mRNA
31936,11712769,11713688,919,mRNA
31937,11710824,11712366,1542,mRNA
31938,11714475,11714905,430,mRNA
31939,11712769,11713808,1039,mRNA
31940,11710824,11712366,1542,mRNA
31941,11714240,11714317,77,mRNA
31942,11712769,11713805,1036,mRNA
31943,11710824,11712366,1542,mRNA
31944,11714022,11714211,189,mRNA
31945,11713755,11713805,50,mRNA
31946,11712769,11713688,919,mRNA
31947,11710824,11712366,1542,mRNA
31948,11712769,11713847,1078,mRNA
31949,11710824,11712366,1542,mRNA
31950,11712769,11713564,795,CDS
31951,11711510,11712366,856,CDS
31952,11712769,11713564,795,CDS
31953,11711510,11712366,856,CDS
31954,11712769,11713564,795,CDS
31955,11711510,11712366,856,CDS
31956,11712769,11713564,795,CDS
31957,11711510,11712366,856,CDS
31958,11712769,11713564,795,CDS
31959,11711510,11712366,856,CDS
31960,11712769,11713564,795,CDS
31961,11711510,11712366,856,CDS
31962,11712769,11713564,795,CDS
31963,11711510,11712366,856,CDS
31964,11712769,11713564,795,CDS
31965,11711510,11712366,856,CDS
31966,11712769,11713564,795,CDS
31967,11711510,11712366,856,CDS
31968,11712769,11713564,795,CDS
31969,11711510,11712366,856,CDS
31970,11712769,11713564,795,CDS
31971,11711510,11712366,856,CDS
31972,11712769,11713564,795,CDS
31973,11711510,11712366,856,CDS
31974,11716063,11716720,657,gene
31975,11716063,11716720,657,ncRNA
31976,11716756,11719894,3138,gene
31977,11716756,11716820,64,mRNA
31978,11717050,11717264,214,mRNA
31979,11718368,11718770,402,mRNA
31980,11718832,11719894,1062,mRNA
31981,11716756,11716814,58,mRNA
31982,11717050,11717264,214,mRNA
31983,11718368,11718770,402,mRNA
31984,11718832,11719894,1062,mRNA
31985,11716968,11717264,296,mRNA
31986,11718368,11718770,402,mRNA
31987,11718832,11719894,1062,mRNA
31988,11717012,11717264,252,mRNA
31989,11717990,11718234,244,mRNA
31990,11718368,11718770,402,mRNA
31991,11718832,11719894,1062,mRNA
31992,11717074,11717264,190,CDS
31993,11718368,11718770,402,CDS
31994,11718832,11719488,656,CDS
31995,11717074,11717264,190,CDS
31996,11718368,11718770,402,CDS
31997,11718832,11719488,656,CDS
31998,11717074,11717264,190,CDS
31999,11718368,11718770,402,CDS
32000,11718832,11719488,656,CDS
32001,11718233,11718234,1,CDS
32002,11718368,11718770,402,CDS
32003,11718832,11719488,656,CDS
32004,11720245,11723854,3609,gene
32005,11720245,11721027,782,mRNA
32006,11721199,11722183,984,mRNA
32007,11722251,11722408,157,mRNA
32008,11722534,11723854,1320,mRNA
32009,11720245,11720532,287,mRNA
32010,11720584,11721027,443,mRNA
32011,11721199,11722183,984,mRNA
32012,11722251,11722408,157,mRNA
32013,11722534,11723854,1320,mRNA
32014,11720484,11721027,543,mRNA
32015,11721199,11722183,984,mRNA
32016,11722251,11722408,157,mRNA
32017,11722534,11723854,1320,mRNA
32018,11720662,11721027,365,CDS
32019,11721199,11722183,984,CDS
32020,11722251,11722408,157,CDS
32021,11722534,11722788,254,CDS
32022,11720662,11721027,365,CDS
32023,11721199,11722183,984,CDS
32024,11722251,11722408,157,CDS
32025,11722534,11722788,254,CDS
32026,11720662,11721027,365,CDS
32027,11721199,11722183,984,CDS
32028,11722251,11722408,157,CDS
32029,11722534,11722788,254,CDS
32030,11724246,11736617,12371,gene
32031,11724246,11724438,192,mRNA
32032,11734184,11734711,527,mRNA
32033,11734784,11735440,656,mRNA
32034,11735502,11736617,1115,mRNA
32035,11724396,11724438,42,CDS
32036,11734184,11734711,527,CDS
32037,11734784,11735440,656,CDS
32038,11735502,11735911,409,CDS
32039,11724668,11732770,8102,gene
32040,11732355,11732770,415,mRNA
32041,11724668,11727364,2696,mRNA
32042,11724668,11729099,4431,gene
32043,11728589,11729099,510,mRNA
32044,11724668,11727364,2696,mRNA
32045,11726390,11733895,7505,gene
32046,11733597,11733895,298,mRNA
32047,11726390,11727364,974,mRNA
32048,11726390,11731765,5375,gene
32049,11731151,11731765,614,mRNA
32050,11726390,11727364,974,mRNA
32051,11728589,11728814,225,CDS
32052,11726529,11727364,835,CDS
32053,11731224,11731646,422,CDS
32054,11732417,11732662,245,CDS
32055,11733625,11733894,269,CDS
32056,11741001,11742477,1476,gene
32057,11741001,11741314,313,exon
32058,11742381,11742477,96,exon
32059,11743622,11750710,7088,mobile_element
32060,11754273,11769508,15235,gene
32061,11754273,11754582,309,mRNA
32062,11755649,11755745,96,mRNA
32063,11763176,11763281,105,mRNA
32064,11766327,11766480,153,mRNA
32065,11766553,11766680,127,mRNA
32066,11766751,11766898,147,mRNA
32067,11766979,11767101,122,mRNA
32068,11767170,11769508,2338,mRNA
32069,11763204,11763281,77,CDS
32070,11766327,11766480,153,CDS
32071,11766553,11766680,127,CDS
32072,11766751,11766898,147,CDS
32073,11766979,11767101,122,CDS
32074,11767170,11768587,1417,CDS
32075,11763474,11764590,1116,gene
32076,11763906,11764590,684,mRNA
32077,11763474,11763823,349,mRNA
32078,11763906,11764481,575,CDS
32079,11763644,11763823,179,CDS
32080,11769769,11778784,9015,gene
32081,11778032,11778784,752,mRNA
32082,11776671,11776860,189,mRNA
32083,11772696,11773011,315,mRNA
32084,11769769,11772584,2815,mRNA
32085,11776671,11776814,143,CDS
32086,11772696,11773011,315,CDS
32087,11770945,11772584,1639,CDS
32088,11787381,11792253,4872,gene
32089,11787381,11788336,955,mRNA
32090,11788771,11789103,332,mRNA
32091,11790858,11790995,137,mRNA
32092,11791061,11791184,123,mRNA
32093,11791358,11792253,895,mRNA
32094,11788488,11789103,615,mRNA
32095,11790858,11790995,137,mRNA
32096,11791061,11791184,123,mRNA
32097,11791358,11792253,895,mRNA
32098,11788844,11789103,259,mRNA
32099,11790858,11790995,137,mRNA
32100,11791061,11791184,123,mRNA
32101,11791358,11792253,895,mRNA
32102,11788844,11789103,259,mRNA
32103,11790858,11790995,137,mRNA
32104,11791061,11791184,123,mRNA
32105,11791358,11791910,552,mRNA
32106,11788939,11789103,164,CDS
32107,11790858,11790995,137,CDS
32108,11791061,11791184,123,CDS
32109,11791358,11791731,373,CDS
32110,11788939,11789103,164,CDS
32111,11790858,11790995,137,CDS
32112,11791061,11791184,123,CDS
32113,11791358,11791731,373,CDS
32114,11788939,11789103,164,CDS
32115,11790858,11790995,137,CDS
32116,11791061,11791184,123,CDS
32117,11791358,11791731,373,CDS
32118,11788939,11789103,164,CDS
32119,11790858,11790995,137,CDS
32120,11791061,11791184,123,CDS
32121,11791358,11791731,373,CDS
32122,11790796,11791777,981,gene
32123,11791453,11791777,324,ncRNA
32124,11791082,11791203,121,ncRNA
32125,11790796,11791021,225,ncRNA
32126,11791348,11791777,429,ncRNA
32127,11791082,11791203,121,ncRNA
32128,11790796,11791021,225,ncRNA
32129,11792533,11801587,9054,gene
32130,11792533,11792686,153,mRNA
32131,11793443,11793518,75,mRNA
32132,11793798,11793900,102,mRNA
32133,11793974,11794165,191,mRNA
32134,11794819,11795008,189,mRNA
32135,11795105,11795186,81,mRNA
32136,11799993,11801587,1594,mRNA
32137,11792533,11792686,153,mRNA
32138,11793443,11793518,75,mRNA
32139,11793798,11793900,102,mRNA
32140,11793974,11794165,191,mRNA
32141,11794819,11795008,189,mRNA
32142,11795105,11795186,81,mRNA
32143,11795601,11797924,2323,mRNA
32144,11792533,11792667,134,mRNA
32145,11793443,11793518,75,mRNA
32146,11793798,11793900,102,mRNA
32147,11793974,11794165,191,mRNA
32148,11794819,11795008,189,mRNA
32149,11795105,11795186,81,mRNA
32150,11795732,11795887,155,mRNA
32151,11792714,11792745,31,mRNA
32152,11793443,11793518,75,mRNA
32153,11793798,11793900,102,mRNA
32154,11793974,11794165,191,mRNA
32155,11794819,11795008,189,mRNA
32156,11795105,11795186,81,mRNA
32157,11795601,11797301,1700,mRNA
32158,11792879,11793279,400,mRNA
32159,11793443,11793518,75,mRNA
32160,11793798,11793900,102,mRNA
32161,11793974,11794165,191,mRNA
32162,11794819,11795008,189,mRNA
32163,11795105,11795186,81,mRNA
32164,11798295,11798850,555,mRNA
32165,11792879,11793279,400,mRNA
32166,11793443,11793518,75,mRNA
32167,11793798,11793900,102,mRNA
32168,11793974,11794165,191,mRNA
32169,11794819,11795008,189,mRNA
32170,11795105,11795186,81,mRNA
32171,11796604,11797565,961,mRNA
32172,11792879,11793279,400,mRNA
32173,11793443,11793518,75,mRNA
32174,11793798,11793900,102,mRNA
32175,11793974,11794165,191,mRNA
32176,11794819,11795008,189,mRNA
32177,11795105,11795186,81,mRNA
32178,11795601,11795887,286,mRNA
32179,11792879,11792991,112,mRNA
32180,11793443,11793518,75,mRNA
32181,11793798,11793900,102,mRNA
32182,11793974,11794165,191,mRNA
32183,11794819,11795008,189,mRNA
32184,11795105,11795186,81,mRNA
32185,11795601,11795887,286,mRNA
32186,11792879,11792945,66,mRNA
32187,11793443,11793518,75,mRNA
32188,11793798,11793900,102,mRNA
32189,11793974,11794165,191,mRNA
32190,11794819,11795008,189,mRNA
32191,11795105,11795186,81,mRNA
32192,11795601,11795887,286,mRNA
32193,11792879,11792914,35,mRNA
32194,11793443,11793518,75,mRNA
32195,11793798,11793900,102,mRNA
32196,11793974,11794165,191,mRNA
32197,11794819,11795008,189,mRNA
32198,11795105,11795186,81,mRNA
32199,11795601,11795887,286,mRNA
32200,11793447,11793518,71,CDS
32201,11793798,11793900,102,CDS
32202,11793974,11794165,191,CDS
32203,11794819,11795008,189,CDS
32204,11795105,11795186,81,CDS
32205,11799993,11800061,68,CDS
32206,11793447,11793518,71,CDS
32207,11793798,11793900,102,CDS
32208,11793974,11794165,191,CDS
32209,11794819,11795008,189,CDS
32210,11795105,11795186,81,CDS
32211,11798295,11798357,62,CDS
32212,11793447,11793518,71,CDS
32213,11793798,11793900,102,CDS
32214,11793974,11794165,191,CDS
32215,11794819,11795008,189,CDS
32216,11795105,11795186,81,CDS
32217,11796604,11796669,65,CDS
32218,11793447,11793518,71,CDS
32219,11793798,11793900,102,CDS
32220,11793974,11794165,191,CDS
32221,11794819,11795008,189,CDS
32222,11795105,11795186,81,CDS
32223,11795732,11795794,62,CDS
32224,11793447,11793518,71,CDS
32225,11793798,11793900,102,CDS
32226,11793974,11794165,191,CDS
32227,11794819,11795008,189,CDS
32228,11795105,11795186,81,CDS
32229,11795601,11795609,8,CDS
32230,11793447,11793518,71,CDS
32231,11793798,11793900,102,CDS
32232,11793974,11794165,191,CDS
32233,11794819,11795008,189,CDS
32234,11795105,11795186,81,CDS
32235,11795601,11795609,8,CDS
32236,11793447,11793518,71,CDS
32237,11793798,11793900,102,CDS
32238,11793974,11794165,191,CDS
32239,11794819,11795008,189,CDS
32240,11795105,11795186,81,CDS
32241,11795601,11795609,8,CDS
32242,11793447,11793518,71,CDS
32243,11793798,11793900,102,CDS
32244,11793974,11794165,191,CDS
32245,11794819,11795008,189,CDS
32246,11795105,11795186,81,CDS
32247,11795601,11795609,8,CDS
32248,11793447,11793518,71,CDS
32249,11793798,11793900,102,CDS
32250,11793974,11794165,191,CDS
32251,11794819,11795008,189,CDS
32252,11795105,11795186,81,CDS
32253,11795601,11795609,8,CDS
32254,11793447,11793518,71,CDS
32255,11793798,11793900,102,CDS
32256,11793974,11794165,191,CDS
32257,11794819,11795008,189,CDS
32258,11795105,11795186,81,CDS
32259,11795601,11795609,8,CDS
32260,11801696,11807117,5421,gene
32261,11806869,11807117,248,mRNA
32262,11804897,11805042,145,mRNA
32263,11801696,11804458,2762,mRNA
32264,11806244,11806353,109,mRNA
32265,11804897,11805042,145,mRNA
32266,11801696,11804458,2762,mRNA
32267,11806078,11806353,275,mRNA
32268,11804897,11805042,145,mRNA
32269,11801696,11804458,2762,mRNA
32270,11805289,11805364,75,mRNA
32271,11804897,11805042,145,mRNA
32272,11801696,11804458,2762,mRNA
32273,11804897,11805121,224,mRNA
32274,11801696,11804458,2762,mRNA
32275,11804897,11805021,124,CDS
32276,11802613,11804458,1845,CDS
32277,11804897,11805021,124,CDS
32278,11802613,11804458,1845,CDS
32279,11804897,11805021,124,CDS
32280,11802613,11804458,1845,CDS
32281,11804897,11805021,124,CDS
32282,11802613,11804458,1845,CDS
32283,11804897,11805021,124,CDS
32284,11802613,11804458,1845,CDS
32285,11808506,11816551,8045,gene
32286,11816426,11816551,125,mRNA
32287,11815170,11815539,369,mRNA
32288,11814697,11814881,184,mRNA
32289,11813288,11813467,179,mRNA
32290,11811652,11812603,951,mRNA
32291,11810929,11811341,412,mRNA
32292,11810531,11810858,327,mRNA
32293,11808506,11810463,1957,mRNA
32294,11816422,11816551,129,mRNA
32295,11815170,11815539,369,mRNA
32296,11814697,11814881,184,mRNA
32297,11813288,11813467,179,mRNA
32298,11811652,11812603,951,mRNA
32299,11810929,11811341,412,mRNA
32300,11810531,11810858,327,mRNA
32301,11809355,11810463,1108,mRNA
32302,11815170,11815743,573,mRNA
32303,11814697,11814881,184,mRNA
32304,11813288,11813467,179,mRNA
32305,11811652,11812603,951,mRNA
32306,11810929,11811341,412,mRNA
32307,11810531,11810858,327,mRNA
32308,11809355,11810463,1108,mRNA
32309,11815170,11815284,114,CDS
32310,11814697,11814881,184,CDS
32311,11813288,11813467,179,CDS
32312,11811652,11812603,951,CDS
32313,11810929,11811341,412,CDS
32314,11810531,11810858,327,CDS
32315,11809931,11810463,532,CDS
32316,11815170,11815284,114,CDS
32317,11814697,11814881,184,CDS
32318,11813288,11813467,179,CDS
32319,11811652,11812603,951,CDS
32320,11810929,11811341,412,CDS
32321,11810531,11810858,327,CDS
32322,11809931,11810463,532,CDS
32323,11815170,11815284,114,CDS
32324,11814697,11814881,184,CDS
32325,11813288,11813467,179,CDS
32326,11811652,11812603,951,CDS
32327,11810929,11811341,412,CDS
32328,11810531,11810858,327,CDS
32329,11809931,11810463,532,CDS
32330,11816898,11837460,20562,gene
32331,11816898,11817033,135,mRNA
32332,11817236,11818016,780,mRNA
32333,11823283,11824478,1195,mRNA
32334,11824790,11825093,303,mRNA
32335,11825158,11826088,930,mRNA
32336,11826156,11826462,306,mRNA
32337,11826537,11826787,250,mRNA
32338,11826865,11827017,152,mRNA
32339,11834713,11837460,2747,mRNA
32340,11816898,11818016,1118,mRNA
32341,11823283,11824478,1195,mRNA
32342,11824790,11825093,303,mRNA
32343,11825158,11826088,930,mRNA
32344,11826156,11826462,306,mRNA
32345,11826537,11826787,250,mRNA
32346,11826865,11827017,152,mRNA
32347,11834713,11835726,1013,mRNA
32348,11816898,11818016,1118,mRNA
32349,11823283,11824478,1195,mRNA
32350,11824790,11825093,303,mRNA
32351,11825158,11826088,930,mRNA
32352,11826156,11826462,306,mRNA
32353,11826537,11826787,250,mRNA
32354,11826865,11827017,152,mRNA
32355,11829515,11834386,4871,mRNA
32356,11816898,11818016,1118,mRNA
32357,11823283,11824478,1195,mRNA
32358,11824790,11825093,303,mRNA
32359,11825158,11826088,930,mRNA
32360,11826156,11826462,306,mRNA
32361,11826537,11826787,250,mRNA
32362,11826865,11827017,152,mRNA
32363,11829515,11833391,3876,mRNA
32364,11818337,11818515,178,mRNA
32365,11823283,11824478,1195,mRNA
32366,11824790,11825093,303,mRNA
32367,11825158,11826088,930,mRNA
32368,11826156,11826462,306,mRNA
32369,11826537,11826787,250,mRNA
32370,11826865,11827017,152,mRNA
32371,11834713,11835726,1013,mRNA
32372,11823607,11824478,871,CDS
32373,11824790,11825093,303,CDS
32374,11825158,11826088,930,CDS
32375,11826156,11826462,306,CDS
32376,11826537,11826787,250,CDS
32377,11826865,11827017,152,CDS
32378,11834713,11835263,550,CDS
32379,11823607,11824478,871,CDS
32380,11824790,11825093,303,CDS
32381,11825158,11826088,930,CDS
32382,11826156,11826462,306,CDS
32383,11826537,11826787,250,CDS
32384,11826865,11827017,152,CDS
32385,11834713,11835263,550,CDS
32386,11823607,11824478,871,CDS
32387,11824790,11825093,303,CDS
32388,11825158,11826088,930,CDS
32389,11826156,11826462,306,CDS
32390,11826537,11826787,250,CDS
32391,11826865,11827017,152,CDS
32392,11834713,11835263,550,CDS
32393,11823607,11824478,871,CDS
32394,11824790,11825093,303,CDS
32395,11825158,11826088,930,CDS
32396,11826156,11826462,306,CDS
32397,11826537,11826787,250,CDS
32398,11826865,11827017,152,CDS
32399,11829515,11832924,3409,CDS
32400,11823607,11824478,871,CDS
32401,11824790,11825093,303,CDS
32402,11825158,11826088,930,CDS
32403,11826156,11826462,306,CDS
32404,11826537,11826787,250,CDS
32405,11826865,11827017,152,CDS
32406,11829515,11832924,3409,CDS
32407,11837543,11838026,483,gene
32408,11837543,11838026,483,mRNA
32409,11837603,11838010,407,CDS
32410,11837633,11838026,393,gene
32411,11837633,11838026,393,ncRNA
32412,11839608,11841503,1895,gene
32413,11839608,11839797,189,mRNA
32414,11839858,11840203,345,mRNA
32415,11840262,11840672,410,mRNA
32416,11840727,11840850,123,mRNA
32417,11840910,11841503,593,mRNA
32418,11839608,11839797,189,mRNA
32419,11839858,11840203,345,mRNA
32420,11840262,11840672,410,mRNA
32421,11840727,11840850,123,mRNA
32422,11840910,11841381,471,mRNA
32423,11839610,11839797,187,CDS
32424,11839858,11840203,345,CDS
32425,11840262,11840672,410,CDS
32426,11840727,11840850,123,CDS
32427,11840910,11841358,448,CDS
32428,11839610,11839797,187,CDS
32429,11839858,11840203,345,CDS
32430,11840262,11840672,410,CDS
32431,11840727,11840850,123,CDS
32432,11840910,11841358,448,CDS
32433,11842662,11846099,3437,gene
32434,11846046,11846099,53,mRNA
32435,11842662,11845872,3210,mRNA
32436,11846046,11846051,5,CDS
32437,11842951,11845872,2921,CDS
32438,11849777,11850072,295,gene
32439,11849777,11850072,295,ncRNA
32440,11850909,11852530,1621,gene
32441,11852421,11852530,109,mRNA
32442,11850909,11852339,1430,mRNA
32443,11852421,11852530,109,mRNA
32444,11851349,11852339,990,mRNA
32445,11851630,11852262,632,CDS
32446,11851630,11852262,632,CDS
32447,11852692,11854931,2239,gene
32448,11854836,11854931,95,mRNA
32449,11853401,11854678,1277,mRNA
32450,11852692,11853341,649,mRNA
32451,11853401,11854771,1370,mRNA
32452,11852735,11853341,606,mRNA
32453,11853401,11854658,1257,CDS
32454,11852857,11853341,484,CDS
32455,11853401,11854658,1257,CDS
32456,11852857,11853341,484,CDS
32457,11855022,11864754,9732,gene
32458,11855022,11856321,1299,mRNA
32459,11860763,11862009,1246,mRNA
32460,11862080,11862871,791,mRNA
32461,11862937,11864754,1817,mRNA
32462,11855022,11856321,1299,mRNA
32463,11860763,11862009,1246,mRNA
32464,11862080,11862871,791,mRNA
32465,11862937,11863827,890,mRNA
32466,11855352,11856321,969,CDS
32467,11860763,11862009,1246,CDS
32468,11862080,11862871,791,CDS
32469,11862937,11863692,755,CDS
32470,11855352,11856321,969,CDS
32471,11860763,11862009,1246,CDS
32472,11862080,11862871,791,CDS
32473,11862937,11863692,755,CDS
32474,11864651,11868893,4242,gene
32475,11868547,11868893,346,mRNA
32476,11866729,11868489,1760,mRNA
32477,11866377,11866661,284,mRNA
32478,11864651,11866311,1660,mRNA
32479,11868547,11868737,190,CDS
32480,11866729,11868489,1760,CDS
32481,11866377,11866661,284,CDS
32482,11865105,11866311,1206,CDS
32483,11869170,11871168,1998,gene
32484,11869170,11869339,169,mRNA
32485,11869482,11869658,176,mRNA
32486,11869740,11871168,1428,mRNA
32487,11869170,11869339,169,mRNA
32488,11869482,11869658,176,mRNA
32489,11869740,11871168,1428,mRNA
32490,11869247,11869339,92,CDS
32491,11869482,11869658,176,CDS
32492,11869740,11870498,758,CDS
32493,11869247,11869339,92,CDS
32494,11869482,11869658,176,CDS
32495,11869740,11870432,692,CDS
32496,11871299,11872779,1480,gene
32497,11871299,11872779,1480,mRNA
32498,11871497,11872546,1049,CDS
32499,11873319,11875346,2027,gene
32500,11873319,11873503,184,mRNA
32501,11873882,11874265,383,mRNA
32502,11874387,11875346,959,mRNA
32503,11873441,11873503,62,mRNA
32504,11873882,11874265,383,mRNA
32505,11874387,11875346,959,mRNA
32506,11873501,11873503,2,CDS
32507,11873882,11874265,383,CDS
32508,11874387,11874926,539,CDS
32509,11873501,11873503,2,CDS
32510,11873882,11874265,383,CDS
32511,11874387,11874926,539,CDS
32512,11875306,11877168,1862,gene
32513,11876894,11877168,274,mRNA
32514,11876677,11876758,81,mRNA
32515,11876449,11876615,166,mRNA
32516,11876256,11876390,134,mRNA
32517,11875992,11876199,207,mRNA
32518,11875306,11875929,623,mRNA
32519,11876894,11876902,8,CDS
32520,11876677,11876758,81,CDS
32521,11876449,11876615,166,CDS
32522,11876256,11876390,134,CDS
32523,11875992,11876199,207,CDS
32524,11875583,11875929,346,CDS
32525,11877737,11887162,9425,gene
32526,11887110,11887162,52,mRNA
32527,11886956,11887052,96,mRNA
32528,11884798,11885056,258,mRNA
32529,11883101,11883621,520,mRNA
32530,11881330,11881902,572,mRNA
32531,11881210,11881265,55,mRNA
32532,11880356,11880926,570,mRNA
32533,11879671,11880292,621,mRNA
32534,11879398,11879603,205,mRNA
32535,11879050,11879331,281,mRNA
32536,11877737,11878988,1251,mRNA
32537,11886956,11887162,206,mRNA
32538,11883188,11883621,433,mRNA
32539,11881330,11881902,572,mRNA
32540,11881210,11881265,55,mRNA
32541,11880356,11880926,570,mRNA
32542,11879671,11880292,621,mRNA
32543,11879398,11879603,205,mRNA
32544,11879050,11879331,281,mRNA
32545,11877737,11878988,1251,mRNA
32546,11886956,11887162,206,mRNA
32547,11883101,11883621,520,mRNA
32548,11881330,11881902,572,mRNA
32549,11881210,11881265,55,mRNA
32550,11880356,11880926,570,mRNA
32551,11879671,11880292,621,mRNA
32552,11879398,11879603,205,mRNA
32553,11879050,11879331,281,mRNA
32554,11877737,11878988,1251,mRNA
32555,11886956,11887162,206,mRNA
32556,11884798,11885104,306,mRNA
32557,11884323,11884583,260,mRNA
32558,11883188,11883621,433,mRNA
32559,11881330,11881902,572,mRNA
32560,11881210,11881265,55,mRNA
32561,11880356,11880926,570,mRNA
32562,11879671,11880292,621,mRNA
32563,11879398,11879603,205,mRNA
32564,11879050,11879331,281,mRNA
32565,11877737,11878988,1251,mRNA
32566,11886956,11887162,206,mRNA
32567,11884798,11885281,483,mRNA
32568,11883101,11883621,520,mRNA
32569,11881330,11881902,572,mRNA
32570,11881210,11881265,55,mRNA
32571,11880356,11880926,570,mRNA
32572,11879671,11880292,621,mRNA
32573,11879398,11879603,205,mRNA
32574,11879050,11879331,281,mRNA
32575,11877737,11878988,1251,mRNA
32576,11884798,11885283,485,mRNA
32577,11883188,11883621,433,mRNA
32578,11881330,11881902,572,mRNA
32579,11881210,11881265,55,mRNA
32580,11880356,11880926,570,mRNA
32581,11879671,11880292,621,mRNA
32582,11879398,11879603,205,mRNA
32583,11879050,11879331,281,mRNA
32584,11877737,11878988,1251,mRNA
32585,11884798,11885283,485,mRNA
32586,11883101,11883621,520,mRNA
32587,11881330,11881902,572,mRNA
32588,11881210,11881265,55,mRNA
32589,11880356,11880926,570,mRNA
32590,11879671,11880292,621,mRNA
32591,11879398,11879603,205,mRNA
32592,11879050,11879331,281,mRNA
32593,11877737,11878988,1251,mRNA
32594,11884798,11884810,12,CDS
32595,11883188,11883621,433,CDS
32596,11881330,11881902,572,CDS
32597,11881210,11881265,55,CDS
32598,11880356,11880926,570,CDS
32599,11879671,11880292,621,CDS
32600,11879398,11879603,205,CDS
32601,11879050,11879331,281,CDS
32602,11878743,11878988,245,CDS
32603,11884798,11884810,12,CDS
32604,11883101,11883621,520,CDS
32605,11881330,11881902,572,CDS
32606,11881210,11881265,55,CDS
32607,11880356,11880926,570,CDS
32608,11879671,11880292,621,CDS
32609,11879398,11879603,205,CDS
32610,11879050,11879331,281,CDS
32611,11878743,11878988,245,CDS
32612,11884798,11884810,12,CDS
32613,11883101,11883621,520,CDS
32614,11881330,11881902,572,CDS
32615,11881210,11881265,55,CDS
32616,11880356,11880926,570,CDS
32617,11879671,11880292,621,CDS
32618,11879398,11879603,205,CDS
32619,11879050,11879331,281,CDS
32620,11878743,11878988,245,CDS
32621,11884798,11884810,12,CDS
32622,11883101,11883621,520,CDS
32623,11881330,11881902,572,CDS
32624,11881210,11881265,55,CDS
32625,11880356,11880926,570,CDS
32626,11879671,11880292,621,CDS
32627,11879398,11879603,205,CDS
32628,11879050,11879331,281,CDS
32629,11878743,11878988,245,CDS
32630,11883188,11883586,398,CDS
32631,11881330,11881902,572,CDS
32632,11881210,11881265,55,CDS
32633,11880356,11880926,570,CDS
32634,11879671,11880292,621,CDS
32635,11879398,11879603,205,CDS
32636,11879050,11879331,281,CDS
32637,11878743,11878988,245,CDS
32638,11883188,11883586,398,CDS
32639,11881330,11881902,572,CDS
32640,11881210,11881265,55,CDS
32641,11880356,11880926,570,CDS
32642,11879671,11880292,621,CDS
32643,11879398,11879603,205,CDS
32644,11879050,11879331,281,CDS
32645,11878743,11878988,245,CDS
32646,11883101,11883586,485,CDS
32647,11881330,11881902,572,CDS
32648,11881210,11881265,55,CDS
32649,11880356,11880926,570,CDS
32650,11879671,11880292,621,CDS
32651,11879398,11879603,205,CDS
32652,11879050,11879331,281,CDS
32653,11878743,11878988,245,CDS
32654,11887284,11888240,956,gene
32655,11887284,11887415,131,mRNA
32656,11887483,11887567,84,mRNA
32657,11887631,11888240,609,mRNA
32658,11887397,11887415,18,CDS
32659,11887483,11887567,84,CDS
32660,11887631,11887859,228,CDS
32661,11888352,11889186,834,gene
32662,11888352,11888514,162,mRNA
32663,11888572,11888656,84,mRNA
32664,11888716,11889186,470,mRNA
32665,11888352,11888514,162,mRNA
32666,11888572,11888653,81,mRNA
32667,11888716,11889186,470,mRNA
32668,11888496,11888514,18,CDS
32669,11888572,11888656,84,CDS
32670,11888716,11888968,252,CDS
32671,11888496,11888514,18,CDS
32672,11888572,11888653,81,CDS
32673,11888716,11888968,252,CDS
32674,11891732,11893745,2013,gene
32675,11891732,11892219,487,mRNA
32676,11892289,11892403,114,mRNA
32677,11892730,11893355,625,mRNA
32678,11893590,11893745,155,mRNA
32679,11892007,11892219,212,mRNA
32680,11892289,11892403,114,mRNA
32681,11892730,11893355,625,mRNA
32682,11893590,11893745,155,mRNA
32683,11892038,11892219,181,CDS
32684,11892289,11892403,114,CDS
32685,11892730,11893355,625,CDS
32686,11893590,11893671,81,CDS
32687,11892038,11892219,181,CDS
32688,11892289,11892403,114,CDS
32689,11892730,11893355,625,CDS
32690,11893590,11893671,81,CDS
32691,11893943,11899920,5977,gene
32692,11893943,11894190,247,mRNA
32693,11894263,11895819,1556,mRNA
32694,11895877,11897363,1486,mRNA
32695,11897432,11897900,468,mRNA
32696,11897954,11898167,213,mRNA
32697,11898224,11898367,143,mRNA
32698,11898656,11898965,309,mRNA
32699,11899030,11899920,890,mRNA
32700,11893943,11894190,247,mRNA
32701,11894263,11894551,288,mRNA
32702,11894745,11895819,1074,mRNA
32703,11895877,11897363,1486,mRNA
32704,11897432,11897900,468,mRNA
32705,11897954,11898167,213,mRNA
32706,11898224,11898367,143,mRNA
32707,11898656,11898965,309,mRNA
32708,11899030,11899920,890,mRNA
32709,11893943,11894190,247,mRNA
32710,11894263,11894551,288,mRNA
32711,11894745,11895819,1074,mRNA
32712,11895880,11897363,1483,mRNA
32713,11897432,11897900,468,mRNA
32714,11897954,11898167,213,mRNA
32715,11898224,11898367,143,mRNA
32716,11898656,11898965,309,mRNA
32717,11899030,11899920,890,mRNA
32718,11894764,11895819,1055,CDS
32719,11895877,11897363,1486,CDS
32720,11897432,11897900,468,CDS
32721,11897954,11898167,213,CDS
32722,11898224,11898367,143,CDS
32723,11898656,11898965,309,CDS
32724,11899030,11899471,441,CDS
32725,11894764,11895819,1055,CDS
32726,11895877,11897363,1486,CDS
32727,11897432,11897900,468,CDS
32728,11897954,11898167,213,CDS
32729,11898224,11898367,143,CDS
32730,11898656,11898965,309,CDS
32731,11899030,11899471,441,CDS
32732,11894764,11895819,1055,CDS
32733,11895880,11897363,1483,CDS
32734,11897432,11897900,468,CDS
32735,11897954,11898167,213,CDS
32736,11898224,11898367,143,CDS
32737,11898656,11898965,309,CDS
32738,11899030,11899471,441,CDS
32739,11899996,11905371,5375,gene
32740,11905035,11905371,336,mRNA
32741,11904744,11904976,232,mRNA
32742,11901349,11904681,3332,mRNA
32743,11899996,11901279,1283,mRNA
32744,11905035,11905371,336,mRNA
32745,11904744,11904947,203,mRNA
32746,11901349,11904681,3332,mRNA
32747,11900445,11901279,834,mRNA
32748,11904744,11904911,167,CDS
32749,11901349,11904681,3332,CDS
32750,11901238,11901279,41,CDS
32751,11904744,11904911,167,CDS
32752,11901349,11904681,3332,CDS
32753,11901238,11901279,41,CDS
32754,11905867,11906325,458,mobile_element
32755,11906452,11906868,416,gene
32756,11906786,11906868,82,mRNA
32757,11906452,11906698,246,mRNA
32758,11906452,11906664,212,CDS
32759,11907409,11917260,9851,gene
32760,11917069,11917260,191,mRNA
32761,11912231,11912471,240,mRNA
32762,11911494,11911577,83,mRNA
32763,11911286,11911423,137,mRNA
32764,11911071,11911210,139,mRNA
32765,11908813,11911015,2202,mRNA
32766,11907409,11908729,1320,mRNA
32767,11917069,11917260,191,mRNA
32768,11913412,11913446,34,mRNA
32769,11912231,11912471,240,mRNA
32770,11911494,11911577,83,mRNA
32771,11911286,11911423,137,mRNA
32772,11911071,11911210,139,mRNA
32773,11908813,11911015,2202,mRNA
32774,11907409,11908729,1320,mRNA
32775,11917069,11917260,191,mRNA
32776,11912231,11912471,240,mRNA
32777,11911494,11911577,83,mRNA
32778,11911286,11911423,137,mRNA
32779,11911071,11911210,139,mRNA
32780,11908813,11911015,2202,mRNA
32781,11908284,11908729,445,mRNA
32782,11912231,11912407,176,CDS
32783,11911494,11911577,83,CDS
32784,11911286,11911423,137,CDS
32785,11911071,11911210,139,CDS
32786,11908813,11911015,2202,CDS
32787,11908580,11908729,149,CDS
32788,11912231,11912407,176,CDS
32789,11911494,11911577,83,CDS
32790,11911286,11911423,137,CDS
32791,11911071,11911210,139,CDS
32792,11908813,11911015,2202,CDS
32793,11908580,11908729,149,CDS
32794,11912231,11912407,176,CDS
32795,11911494,11911577,83,CDS
32796,11911286,11911423,137,CDS
32797,11911071,11911210,139,CDS
32798,11908813,11911015,2202,CDS
32799,11908580,11908729,149,CDS
32800,11917806,11918678,872,gene
32801,11918595,11918678,83,ncRNA
32802,11918318,11918496,178,ncRNA
32803,11918037,11918253,216,ncRNA
32804,11917806,11917979,173,ncRNA
32805,11919125,11919657,532,gene
32806,11919525,11919657,132,ncRNA
32807,11919359,11919452,93,ncRNA
32808,11919125,11919306,181,ncRNA
32809,11919525,11919589,64,ncRNA
32810,11919359,11919452,93,ncRNA
32811,11919125,11919306,181,ncRNA
32812,11920004,11924662,4658,gene
32813,11924158,11924662,504,mRNA
32814,11922230,11922373,143,mRNA
32815,11921998,11922165,167,mRNA
32816,11921784,11921931,147,mRNA
32817,11920653,11921004,351,mRNA
32818,11920410,11920581,171,mRNA
32819,11920244,11920337,93,mRNA
32820,11920004,11920186,182,mRNA
32821,11920004,11920574,570,gene
32822,11920410,11920574,164,ncRNA
32823,11920244,11920337,93,ncRNA
32824,11920004,11920186,182,ncRNA
32825,11920410,11920474,64,ncRNA
32826,11920244,11920337,93,ncRNA
32827,11920004,11920186,182,ncRNA
32828,11924158,11924443,285,CDS
32829,11922230,11922373,143,CDS
32830,11921998,11922165,167,CDS
32831,11921784,11921931,147,CDS
32832,11920731,11921004,273,CDS
32833,11924158,11924662,504,mRNA
32834,11922230,11922373,143,mRNA
32835,11921998,11922165,167,mRNA
32836,11921647,11921931,284,mRNA
32837,11922588,11922760,172,mRNA
32838,11922230,11922373,143,mRNA
32839,11921998,11922165,167,mRNA
32840,11921647,11921931,284,mRNA
32841,11924158,11924443,285,CDS
32842,11922230,11922373,143,CDS
32843,11921998,11922165,167,CDS
32844,11921780,11921931,151,CDS
32845,11922588,11922651,63,CDS
32846,11922230,11922373,143,CDS
32847,11921998,11922165,167,CDS
32848,11921780,11921931,151,CDS
32849,11926424,11930850,4426,gene
32850,11930349,11930850,501,mRNA
32851,11930021,11930281,260,mRNA
32852,11929712,11929904,192,mRNA
32853,11928233,11929508,1275,mRNA
32854,11928009,11928158,149,mRNA
32855,11927322,11927954,632,mRNA
32856,11927010,11927256,246,mRNA
32857,11926424,11926937,513,mRNA
32858,11930349,11930513,164,CDS
32859,11930021,11930281,260,CDS
32860,11929712,11929904,192,CDS
32861,11928233,11929508,1275,CDS
32862,11928009,11928158,149,CDS
32863,11927322,11927954,632,CDS
32864,11927010,11927256,246,CDS
32865,11926749,11926937,188,CDS
32866,11931280,11985087,53807,gene
32867,11983846,11983915,69,mRNA
32868,11980763,11981176,413,mRNA
32869,11979839,11980157,318,mRNA
32870,11979625,11979764,139,mRNA
32871,11977462,11977562,100,mRNA
32872,11976889,11977044,155,mRNA
32873,11976604,11976824,220,mRNA
32874,11976403,11976506,103,mRNA
32875,11975746,11975861,115,mRNA
32876,11973425,11973484,59,mRNA
32877,11973257,11973361,104,mRNA
32878,11972046,11972243,197,mRNA
32879,11971459,11971972,513,mRNA
32880,11970331,11970666,335,mRNA
32881,11968651,11969214,563,mRNA
32882,11964626,11964769,143,mRNA
32883,11964058,11964259,201,mRNA
32884,11962451,11962615,164,mRNA
32885,11962230,11962340,110,mRNA
32886,11962020,11962103,83,mRNA
32887,11960075,11960080,5,mRNA
32888,11954099,11954281,182,mRNA
32889,11952129,11952223,94,mRNA
32890,11949876,11950157,281,mRNA
32891,11949052,11949254,202,mRNA
32892,11948628,11948836,208,mRNA
32893,11939921,11940042,121,mRNA
32894,11939695,11939858,163,mRNA
32895,11938921,11939121,200,mRNA
32896,11936692,11936843,151,mRNA
32897,11936261,11936505,244,mRNA
32898,11931280,11936195,4915,mRNA
32899,11983846,11983915,69,mRNA
32900,11980763,11981176,413,mRNA
32901,11979839,11980157,318,mRNA
32902,11979625,11979764,139,mRNA
32903,11979055,11979155,100,mRNA
32904,11976889,11977044,155,mRNA
32905,11976604,11976824,220,mRNA
32906,11976403,11976506,103,mRNA
32907,11974224,11974339,115,mRNA
32908,11973425,11973484,59,mRNA
32909,11973257,11973361,104,mRNA
32910,11972046,11972243,197,mRNA
32911,11971459,11971972,513,mRNA
32912,11970331,11970666,335,mRNA
32913,11968651,11969214,563,mRNA
32914,11964626,11964769,143,mRNA
32915,11964058,11964259,201,mRNA
32916,11962451,11962615,164,mRNA
32917,11962230,11962340,110,mRNA
32918,11962020,11962103,83,mRNA
32919,11960075,11960080,5,mRNA
32920,11956922,11956924,2,mRNA
32921,11954099,11954281,182,mRNA
32922,11952129,11952223,94,mRNA
32923,11949876,11950157,281,mRNA
32924,11949052,11949254,202,mRNA
32925,11948628,11948836,208,mRNA
32926,11939921,11940042,121,mRNA
32927,11939695,11939858,163,mRNA
32928,11938921,11939121,200,mRNA
32929,11936692,11936843,151,mRNA
32930,11936261,11936505,244,mRNA
32931,11931547,11936195,4648,mRNA
32932,11984677,11985087,410,mRNA
32933,11979839,11980157,318,mRNA
32934,11979625,11979764,139,mRNA
32935,11977462,11977562,100,mRNA
32936,11976889,11977044,155,mRNA
32937,11976604,11976824,220,mRNA
32938,11976403,11976506,103,mRNA
32939,11975746,11975861,115,mRNA
32940,11973425,11973484,59,mRNA
32941,11973257,11973361,104,mRNA
32942,11972046,11972243,197,mRNA
32943,11971459,11971972,513,mRNA
32944,11970331,11970666,335,mRNA
32945,11968651,11969214,563,mRNA
32946,11964626,11964769,143,mRNA
32947,11964058,11964259,201,mRNA
32948,11962451,11962615,164,mRNA
32949,11962230,11962340,110,mRNA
32950,11962020,11962103,83,mRNA
32951,11954099,11954281,182,mRNA
32952,11952129,11952223,94,mRNA
32953,11949876,11950157,281,mRNA
32954,11949052,11949254,202,mRNA
32955,11948628,11948836,208,mRNA
32956,11939921,11940042,121,mRNA
32957,11939695,11939858,163,mRNA
32958,11938921,11939121,200,mRNA
32959,11936692,11936843,151,mRNA
32960,11936261,11936505,244,mRNA
32961,11931852,11936195,4343,mRNA
32962,11983846,11983915,69,mRNA
32963,11980763,11981176,413,mRNA
32964,11979839,11980157,318,mRNA
32965,11979625,11979764,139,mRNA
32966,11977462,11977562,100,mRNA
32967,11976889,11977044,155,mRNA
32968,11976604,11976824,220,mRNA
32969,11976403,11976506,103,mRNA
32970,11974224,11974339,115,mRNA
32971,11973425,11973484,59,mRNA
32972,11973257,11973361,104,mRNA
32973,11972046,11972243,197,mRNA
32974,11971459,11971972,513,mRNA
32975,11970331,11970666,335,mRNA
32976,11968651,11969214,563,mRNA
32977,11964626,11964769,143,mRNA
32978,11964058,11964259,201,mRNA
32979,11962451,11962615,164,mRNA
32980,11962230,11962340,110,mRNA
32981,11962020,11962103,83,mRNA
32982,11954099,11954281,182,mRNA
32983,11952129,11952223,94,mRNA
32984,11949876,11950157,281,mRNA
32985,11949052,11949254,202,mRNA
32986,11948628,11948836,208,mRNA
32987,11939921,11940042,121,mRNA
32988,11939695,11939858,163,mRNA
32989,11938921,11939121,200,mRNA
32990,11936692,11936843,151,mRNA
32991,11936261,11936505,244,mRNA
32992,11933705,11936195,2490,mRNA
32993,11983846,11983915,69,mRNA
32994,11980763,11981176,413,mRNA
32995,11979839,11980157,318,mRNA
32996,11979625,11979764,139,mRNA
32997,11977462,11977562,100,mRNA
32998,11976889,11977044,155,mRNA
32999,11976604,11976824,220,mRNA
33000,11976403,11976506,103,mRNA
33001,11974224,11974339,115,mRNA
33002,11973425,11973484,59,mRNA
33003,11973257,11973361,104,mRNA
33004,11972046,11972243,197,mRNA
33005,11971459,11971972,513,mRNA
33006,11970331,11970666,335,mRNA
33007,11968651,11969214,563,mRNA
33008,11964626,11964769,143,mRNA
33009,11964058,11964259,201,mRNA
33010,11962451,11962615,164,mRNA
33011,11962230,11962340,110,mRNA
33012,11962020,11962103,83,mRNA
33013,11954099,11954281,182,mRNA
33014,11952129,11952223,94,mRNA
33015,11949876,11950157,281,mRNA
33016,11949052,11949254,202,mRNA
33017,11948628,11948836,208,mRNA
33018,11939921,11940042,121,mRNA
33019,11939695,11939858,163,mRNA
33020,11938921,11939121,200,mRNA
33021,11936692,11936843,151,mRNA
33022,11936261,11936505,244,mRNA
33023,11933705,11936195,2490,mRNA
33024,11983846,11983915,69,mRNA
33025,11980763,11981176,413,mRNA
33026,11979839,11980157,318,mRNA
33027,11979625,11979764,139,mRNA
33028,11977462,11977562,100,mRNA
33029,11976889,11977044,155,mRNA
33030,11976604,11976824,220,mRNA
33031,11976403,11976506,103,mRNA
33032,11974224,11974339,115,mRNA
33033,11973425,11973484,59,mRNA
33034,11973257,11973361,104,mRNA
33035,11972046,11972243,197,mRNA
33036,11971459,11971972,513,mRNA
33037,11970331,11970666,335,mRNA
33038,11968651,11969214,563,mRNA
33039,11964626,11964769,143,mRNA
33040,11964058,11964259,201,mRNA
33041,11962451,11962615,164,mRNA
33042,11962230,11962340,110,mRNA
33043,11962020,11962103,83,mRNA
33044,11954099,11954281,182,mRNA
33045,11952129,11952223,94,mRNA
33046,11949876,11950157,281,mRNA
33047,11949052,11949254,202,mRNA
33048,11948628,11948836,208,mRNA
33049,11939921,11940042,121,mRNA
33050,11939695,11939858,163,mRNA
33051,11938921,11939121,200,mRNA
33052,11936692,11936843,151,mRNA
33053,11936261,11936505,244,mRNA
33054,11933705,11936195,2490,mRNA
33055,11983846,11983915,69,mRNA
33056,11980763,11981176,413,mRNA
33057,11979839,11980157,318,mRNA
33058,11979625,11979764,139,mRNA
33059,11977462,11977562,100,mRNA
33060,11976889,11977044,155,mRNA
33061,11976604,11976824,220,mRNA
33062,11976403,11976506,103,mRNA
33063,11974224,11974339,115,mRNA
33064,11973425,11973484,59,mRNA
33065,11973257,11973361,104,mRNA
33066,11972046,11972243,197,mRNA
33067,11971459,11971972,513,mRNA
33068,11970331,11970666,335,mRNA
33069,11968651,11969214,563,mRNA
33070,11964626,11964769,143,mRNA
33071,11964058,11964259,201,mRNA
33072,11962451,11962615,164,mRNA
33073,11962230,11962340,110,mRNA
33074,11962020,11962103,83,mRNA
33075,11954099,11954281,182,mRNA
33076,11952129,11952223,94,mRNA
33077,11949876,11950157,281,mRNA
33078,11949052,11949254,202,mRNA
33079,11948628,11948836,208,mRNA
33080,11939921,11940042,121,mRNA
33081,11939695,11939858,163,mRNA
33082,11938921,11939121,200,mRNA
33083,11936692,11936843,151,mRNA
33084,11936261,11936505,244,mRNA
33085,11933705,11936195,2490,mRNA
33086,11983846,11983915,69,mRNA
33087,11980763,11981176,413,mRNA
33088,11979839,11980157,318,mRNA
33089,11979625,11979764,139,mRNA
33090,11977462,11977562,100,mRNA
33091,11976889,11977044,155,mRNA
33092,11976604,11976824,220,mRNA
33093,11976403,11976506,103,mRNA
33094,11975746,11975861,115,mRNA
33095,11973425,11973484,59,mRNA
33096,11973257,11973361,104,mRNA
33097,11972046,11972243,197,mRNA
33098,11971459,11971972,513,mRNA
33099,11970331,11970666,335,mRNA
33100,11968651,11969214,563,mRNA
33101,11964626,11964769,143,mRNA
33102,11964058,11964259,201,mRNA
33103,11962451,11962615,164,mRNA
33104,11962230,11962340,110,mRNA
33105,11962020,11962103,83,mRNA
33106,11954099,11954281,182,mRNA
33107,11952129,11952223,94,mRNA
33108,11949876,11950157,281,mRNA
33109,11949052,11949254,202,mRNA
33110,11948628,11948836,208,mRNA
33111,11939921,11940042,121,mRNA
33112,11939695,11939858,163,mRNA
33113,11938921,11939121,200,mRNA
33114,11936692,11936843,151,mRNA
33115,11936261,11936505,244,mRNA
33116,11933705,11936195,2490,mRNA
33117,11983846,11983915,69,mRNA
33118,11980763,11981176,413,mRNA
33119,11979839,11980157,318,mRNA
33120,11979625,11979764,139,mRNA
33121,11977462,11977562,100,mRNA
33122,11976889,11977044,155,mRNA
33123,11976604,11976824,220,mRNA
33124,11976403,11976506,103,mRNA
33125,11975746,11975861,115,mRNA
33126,11973425,11973484,59,mRNA
33127,11973257,11973361,104,mRNA
33128,11972046,11972243,197,mRNA
33129,11971459,11971972,513,mRNA
33130,11970331,11970666,335,mRNA
33131,11968651,11969214,563,mRNA
33132,11964626,11964769,143,mRNA
33133,11964058,11964259,201,mRNA
33134,11962451,11962615,164,mRNA
33135,11962230,11962340,110,mRNA
33136,11962020,11962103,83,mRNA
33137,11956922,11956924,2,mRNA
33138,11954099,11954281,182,mRNA
33139,11952129,11952223,94,mRNA
33140,11949876,11950157,281,mRNA
33141,11949052,11949254,202,mRNA
33142,11948628,11948836,208,mRNA
33143,11939921,11940042,121,mRNA
33144,11939695,11939858,163,mRNA
33145,11938921,11939121,200,mRNA
33146,11936692,11936843,151,mRNA
33147,11936261,11936505,244,mRNA
33148,11933705,11936195,2490,mRNA
33149,11983846,11983915,69,mRNA
33150,11980763,11981176,413,mRNA
33151,11979839,11980157,318,mRNA
33152,11979625,11979764,139,mRNA
33153,11977462,11977562,100,mRNA
33154,11976889,11977044,155,mRNA
33155,11976604,11976824,220,mRNA
33156,11976403,11976506,103,mRNA
33157,11975746,11975861,115,mRNA
33158,11973425,11973484,59,mRNA
33159,11973257,11973361,104,mRNA
33160,11972046,11972243,197,mRNA
33161,11971459,11971972,513,mRNA
33162,11970331,11970666,335,mRNA
33163,11968651,11969214,563,mRNA
33164,11964626,11964769,143,mRNA
33165,11964058,11964259,201,mRNA
33166,11962451,11962615,164,mRNA
33167,11962230,11962340,110,mRNA
33168,11962020,11962103,83,mRNA
33169,11960075,11960080,5,mRNA
33170,11954099,11954281,182,mRNA
33171,11952129,11952223,94,mRNA
33172,11949876,11950157,281,mRNA
33173,11949052,11949254,202,mRNA
33174,11948628,11948836,208,mRNA
33175,11939921,11940042,121,mRNA
33176,11939695,11939858,163,mRNA
33177,11936692,11936843,151,mRNA
33178,11936261,11936505,244,mRNA
33179,11933705,11936195,2490,mRNA
33180,11983846,11983915,69,mRNA
33181,11980763,11981176,413,mRNA
33182,11979839,11980157,318,mRNA
33183,11979625,11979764,139,mRNA
33184,11977462,11977562,100,mRNA
33185,11976889,11977044,155,mRNA
33186,11976604,11976824,220,mRNA
33187,11976403,11976506,103,mRNA
33188,11975746,11975861,115,mRNA
33189,11973425,11973484,59,mRNA
33190,11973257,11973361,104,mRNA
33191,11972046,11972243,197,mRNA
33192,11971459,11971972,513,mRNA
33193,11970331,11970666,335,mRNA
33194,11968651,11969214,563,mRNA
33195,11964626,11964769,143,mRNA
33196,11964058,11964259,201,mRNA
33197,11962451,11962615,164,mRNA
33198,11962230,11962340,110,mRNA
33199,11962020,11962103,83,mRNA
33200,11960075,11960080,5,mRNA
33201,11954099,11954281,182,mRNA
33202,11952129,11952223,94,mRNA
33203,11949876,11950157,281,mRNA
33204,11949052,11949254,202,mRNA
33205,11948628,11948836,208,mRNA
33206,11943804,11944021,217,mRNA
33207,11943103,11943112,9,mRNA
33208,11939921,11940042,121,mRNA
33209,11939695,11939858,163,mRNA
33210,11938921,11939121,200,mRNA
33211,11936692,11936843,151,mRNA
33212,11936261,11936505,244,mRNA
33213,11933705,11936195,2490,mRNA
33214,11983846,11983915,69,mRNA
33215,11980763,11981176,413,mRNA
33216,11979839,11980157,318,mRNA
33217,11979625,11979764,139,mRNA
33218,11977462,11977562,100,mRNA
33219,11976889,11977044,155,mRNA
33220,11976604,11976824,220,mRNA
33221,11976403,11976506,103,mRNA
33222,11975746,11975861,115,mRNA
33223,11973425,11973484,59,mRNA
33224,11973257,11973361,104,mRNA
33225,11972046,11972243,197,mRNA
33226,11971459,11971972,513,mRNA
33227,11970331,11970666,335,mRNA
33228,11968651,11969214,563,mRNA
33229,11964626,11964769,143,mRNA
33230,11964058,11964259,201,mRNA
33231,11962451,11962615,164,mRNA
33232,11962230,11962340,110,mRNA
33233,11962020,11962103,83,mRNA
33234,11960075,11960080,5,mRNA
33235,11956922,11956924,2,mRNA
33236,11954099,11954281,182,mRNA
33237,11952129,11952223,94,mRNA
33238,11949876,11950157,281,mRNA
33239,11949052,11949254,202,mRNA
33240,11948628,11948836,208,mRNA
33241,11939921,11940042,121,mRNA
33242,11939695,11939858,163,mRNA
33243,11938921,11939121,200,mRNA
33244,11936692,11936843,151,mRNA
33245,11936261,11936505,244,mRNA
33246,11933705,11936195,2490,mRNA
33247,11983846,11983915,69,mRNA
33248,11980763,11981176,413,mRNA
33249,11979839,11980157,318,mRNA
33250,11979625,11979764,139,mRNA
33251,11979055,11979155,100,mRNA
33252,11976889,11977044,155,mRNA
33253,11976604,11976824,220,mRNA
33254,11976403,11976506,103,mRNA
33255,11974224,11974339,115,mRNA
33256,11973425,11973484,59,mRNA
33257,11973257,11973361,104,mRNA
33258,11972046,11972243,197,mRNA
33259,11971459,11971972,513,mRNA
33260,11970331,11970666,335,mRNA
33261,11968651,11969214,563,mRNA
33262,11964626,11964769,143,mRNA
33263,11964058,11964259,201,mRNA
33264,11962451,11962615,164,mRNA
33265,11962230,11962340,110,mRNA
33266,11962020,11962103,83,mRNA
33267,11954099,11954281,182,mRNA
33268,11952129,11952223,94,mRNA
33269,11949876,11950157,281,mRNA
33270,11949052,11949254,202,mRNA
33271,11948628,11948836,208,mRNA
33272,11939921,11940042,121,mRNA
33273,11939695,11939858,163,mRNA
33274,11938921,11939121,200,mRNA
33275,11936692,11936843,151,mRNA
33276,11936261,11936505,244,mRNA
33277,11933705,11936195,2490,mRNA
33278,11983846,11983915,69,mRNA
33279,11980763,11981176,413,mRNA
33280,11979839,11980157,318,mRNA
33281,11979625,11979764,139,mRNA
33282,11979055,11979155,100,mRNA
33283,11976889,11977044,155,mRNA
33284,11976604,11976824,220,mRNA
33285,11976403,11976506,103,mRNA
33286,11974224,11974339,115,mRNA
33287,11973425,11973484,59,mRNA
33288,11973257,11973361,104,mRNA
33289,11972046,11972243,197,mRNA
33290,11971459,11971972,513,mRNA
33291,11970331,11970666,335,mRNA
33292,11968651,11969214,563,mRNA
33293,11964626,11964769,143,mRNA
33294,11964058,11964259,201,mRNA
33295,11962451,11962615,164,mRNA
33296,11962230,11962340,110,mRNA
33297,11962020,11962103,83,mRNA
33298,11956922,11956924,2,mRNA
33299,11954099,11954281,182,mRNA
33300,11952129,11952223,94,mRNA
33301,11949876,11950157,281,mRNA
33302,11949052,11949254,202,mRNA
33303,11948628,11948836,208,mRNA
33304,11939921,11940042,121,mRNA
33305,11939695,11939858,163,mRNA
33306,11938921,11939121,200,mRNA
33307,11936692,11936843,151,mRNA
33308,11936261,11936505,244,mRNA
33309,11933705,11936195,2490,mRNA
33310,11983846,11983915,69,mRNA
33311,11980763,11981176,413,mRNA
33312,11979839,11980157,318,mRNA
33313,11979625,11979764,139,mRNA
33314,11979055,11979155,100,mRNA
33315,11976889,11977044,155,mRNA
33316,11976604,11976824,220,mRNA
33317,11976403,11976506,103,mRNA
33318,11974224,11974339,115,mRNA
33319,11973425,11973484,59,mRNA
33320,11973257,11973361,104,mRNA
33321,11972046,11972243,197,mRNA
33322,11971459,11971972,513,mRNA
33323,11970331,11970666,335,mRNA
33324,11968651,11969214,563,mRNA
33325,11964626,11964769,143,mRNA
33326,11964058,11964259,201,mRNA
33327,11962451,11962615,164,mRNA
33328,11962230,11962340,110,mRNA
33329,11962020,11962103,83,mRNA
33330,11960075,11960080,5,mRNA
33331,11954099,11954281,182,mRNA
33332,11952129,11952223,94,mRNA
33333,11949876,11950157,281,mRNA
33334,11949052,11949254,202,mRNA
33335,11948628,11948836,208,mRNA
33336,11939921,11940042,121,mRNA
33337,11939695,11939858,163,mRNA
33338,11938921,11939121,200,mRNA
33339,11936692,11936843,151,mRNA
33340,11936261,11936505,244,mRNA
33341,11933705,11936195,2490,mRNA
33342,11983846,11983915,69,mRNA
33343,11980763,11981176,413,mRNA
33344,11979839,11980157,318,mRNA
33345,11979625,11979764,139,mRNA
33346,11979055,11979155,100,mRNA
33347,11976889,11977044,155,mRNA
33348,11976604,11976824,220,mRNA
33349,11976403,11976506,103,mRNA
33350,11975746,11975861,115,mRNA
33351,11973425,11973484,59,mRNA
33352,11973257,11973361,104,mRNA
33353,11972046,11972243,197,mRNA
33354,11971459,11971972,513,mRNA
33355,11970331,11970666,335,mRNA
33356,11968651,11969214,563,mRNA
33357,11964626,11964769,143,mRNA
33358,11964058,11964259,201,mRNA
33359,11962451,11962615,164,mRNA
33360,11962230,11962340,110,mRNA
33361,11962020,11962103,83,mRNA
33362,11954099,11954281,182,mRNA
33363,11952129,11952223,94,mRNA
33364,11949876,11950157,281,mRNA
33365,11949052,11949254,202,mRNA
33366,11948628,11948836,208,mRNA
33367,11939921,11940042,121,mRNA
33368,11939695,11939858,163,mRNA
33369,11938921,11939121,200,mRNA
33370,11936692,11936843,151,mRNA
33371,11936261,11936505,244,mRNA
33372,11933705,11936195,2490,mRNA
33373,11983836,11983915,79,mRNA
33374,11980763,11981176,413,mRNA
33375,11979839,11980157,318,mRNA
33376,11979625,11979764,139,mRNA
33377,11977462,11977562,100,mRNA
33378,11976889,11977044,155,mRNA
33379,11976604,11976824,220,mRNA
33380,11976403,11976506,103,mRNA
33381,11975746,11975861,115,mRNA
33382,11973425,11973484,59,mRNA
33383,11973257,11973361,104,mRNA
33384,11972046,11972243,197,mRNA
33385,11971459,11971972,513,mRNA
33386,11970331,11970666,335,mRNA
33387,11968651,11969214,563,mRNA
33388,11964626,11964769,143,mRNA
33389,11964058,11964259,201,mRNA
33390,11962451,11962615,164,mRNA
33391,11962230,11962340,110,mRNA
33392,11962020,11962103,83,mRNA
33393,11960075,11960080,5,mRNA
33394,11956922,11956924,2,mRNA
33395,11954099,11954281,182,mRNA
33396,11952129,11952223,94,mRNA
33397,11949876,11950157,281,mRNA
33398,11949052,11949254,202,mRNA
33399,11948628,11948836,208,mRNA
33400,11939921,11940042,121,mRNA
33401,11939695,11939858,163,mRNA
33402,11938921,11939121,200,mRNA
33403,11936692,11936843,151,mRNA
33404,11936261,11936505,244,mRNA
33405,11933705,11936195,2490,mRNA
33406,11980763,11981176,413,mRNA
33407,11979839,11980157,318,mRNA
33408,11979625,11979764,139,mRNA
33409,11977462,11977562,100,mRNA
33410,11976889,11977044,155,mRNA
33411,11976604,11976824,220,mRNA
33412,11976403,11976506,103,mRNA
33413,11975746,11975861,115,mRNA
33414,11973425,11973484,59,mRNA
33415,11973257,11973361,104,mRNA
33416,11972046,11972243,197,mRNA
33417,11971459,11971972,513,mRNA
33418,11970331,11970666,335,mRNA
33419,11968651,11969214,563,mRNA
33420,11964626,11964769,143,mRNA
33421,11964058,11964259,201,mRNA
33422,11962451,11962615,164,mRNA
33423,11962230,11962340,110,mRNA
33424,11962020,11962103,83,mRNA
33425,11960075,11960080,5,mRNA
33426,11954099,11954281,182,mRNA
33427,11953666,11953757,91,mRNA
33428,11949876,11950157,281,mRNA
33429,11949052,11949254,202,mRNA
33430,11948628,11948836,208,mRNA
33431,11946495,11946554,59,mRNA
33432,11939921,11940042,121,mRNA
33433,11939695,11939858,163,mRNA
33434,11938921,11939121,200,mRNA
33435,11936692,11936843,151,mRNA
33436,11936261,11936505,244,mRNA
33437,11935800,11936195,395,mRNA
33438,11933705,11935730,2025,mRNA
33439,11979839,11980057,218,CDS
33440,11979625,11979764,139,CDS
33441,11977462,11977562,100,CDS
33442,11976889,11977044,155,CDS
33443,11976604,11976824,220,CDS
33444,11976403,11976506,103,CDS
33445,11974224,11974339,115,CDS
33446,11973425,11973484,59,CDS
33447,11973257,11973361,104,CDS
33448,11972046,11972243,197,CDS
33449,11971459,11971972,513,CDS
33450,11970331,11970666,335,CDS
33451,11968651,11969214,563,CDS
33452,11964626,11964769,143,CDS
33453,11964058,11964259,201,CDS
33454,11962451,11962615,164,CDS
33455,11962230,11962340,110,CDS
33456,11962020,11962103,83,CDS
33457,11954099,11954281,182,CDS
33458,11952129,11952223,94,CDS
33459,11949876,11950157,281,CDS
33460,11949052,11949254,202,CDS
33461,11948628,11948836,208,CDS
33462,11939921,11940042,121,CDS
33463,11939695,11939858,163,CDS
33464,11938921,11939121,200,CDS
33465,11936692,11936843,151,CDS
33466,11936261,11936505,244,CDS
33467,11935259,11936195,936,CDS
33468,11979839,11980057,218,CDS
33469,11979625,11979764,139,CDS
33470,11977462,11977562,100,CDS
33471,11976889,11977044,155,CDS
33472,11976604,11976824,220,CDS
33473,11976403,11976506,103,CDS
33474,11974224,11974339,115,CDS
33475,11973425,11973484,59,CDS
33476,11973257,11973361,104,CDS
33477,11972046,11972243,197,CDS
33478,11971459,11971972,513,CDS
33479,11970331,11970666,335,CDS
33480,11968651,11969214,563,CDS
33481,11964626,11964769,143,CDS
33482,11964058,11964259,201,CDS
33483,11962451,11962615,164,CDS
33484,11962230,11962340,110,CDS
33485,11962020,11962103,83,CDS
33486,11954099,11954281,182,CDS
33487,11952129,11952223,94,CDS
33488,11949876,11950157,281,CDS
33489,11949052,11949254,202,CDS
33490,11948628,11948836,208,CDS
33491,11939921,11940042,121,CDS
33492,11939695,11939858,163,CDS
33493,11938921,11939121,200,CDS
33494,11936692,11936843,151,CDS
33495,11936261,11936505,244,CDS
33496,11935994,11936195,201,CDS
33497,11979839,11980057,218,CDS
33498,11979625,11979764,139,CDS
33499,11977462,11977562,100,CDS
33500,11976889,11977044,155,CDS
33501,11976604,11976824,220,CDS
33502,11976403,11976506,103,CDS
33503,11974224,11974339,115,CDS
33504,11973425,11973484,59,CDS
33505,11973257,11973361,104,CDS
33506,11972046,11972243,197,CDS
33507,11971459,11971972,513,CDS
33508,11970331,11970666,335,CDS
33509,11968651,11969214,563,CDS
33510,11964626,11964769,143,CDS
33511,11964058,11964259,201,CDS
33512,11962451,11962615,164,CDS
33513,11962230,11962340,110,CDS
33514,11962020,11962103,83,CDS
33515,11954099,11954281,182,CDS
33516,11952129,11952223,94,CDS
33517,11949876,11950157,281,CDS
33518,11949052,11949254,202,CDS
33519,11948628,11948836,208,CDS
33520,11939921,11940042,121,CDS
33521,11939695,11939858,163,CDS
33522,11938921,11939121,200,CDS
33523,11936692,11936843,151,CDS
33524,11936261,11936505,244,CDS
33525,11936033,11936195,162,CDS
33526,11984677,11984894,217,CDS
33527,11979839,11980157,318,CDS
33528,11979625,11979764,139,CDS
33529,11977462,11977562,100,CDS
33530,11976889,11977044,155,CDS
33531,11976604,11976824,220,CDS
33532,11976403,11976506,103,CDS
33533,11975746,11975861,115,CDS
33534,11973425,11973484,59,CDS
33535,11973257,11973361,104,CDS
33536,11972046,11972243,197,CDS
33537,11971459,11971972,513,CDS
33538,11970331,11970666,335,CDS
33539,11968651,11969214,563,CDS
33540,11964626,11964769,143,CDS
33541,11964058,11964259,201,CDS
33542,11962451,11962615,164,CDS
33543,11962230,11962340,110,CDS
33544,11962020,11962103,83,CDS
33545,11954099,11954281,182,CDS
33546,11952129,11952223,94,CDS
33547,11949876,11950157,281,CDS
33548,11949052,11949254,202,CDS
33549,11948628,11948836,208,CDS
33550,11939921,11940042,121,CDS
33551,11939695,11939858,163,CDS
33552,11938921,11939121,200,CDS
33553,11936692,11936843,151,CDS
33554,11936261,11936505,244,CDS
33555,11936045,11936195,150,CDS
33556,11979839,11980057,218,CDS
33557,11979625,11979764,139,CDS
33558,11977462,11977562,100,CDS
33559,11976889,11977044,155,CDS
33560,11976604,11976824,220,CDS
33561,11976403,11976506,103,CDS
33562,11974224,11974339,115,CDS
33563,11973425,11973484,59,CDS
33564,11973257,11973361,104,CDS
33565,11972046,11972243,197,CDS
33566,11971459,11971972,513,CDS
33567,11970331,11970666,335,CDS
33568,11968651,11969214,563,CDS
33569,11964626,11964769,143,CDS
33570,11964058,11964259,201,CDS
33571,11962451,11962615,164,CDS
33572,11962230,11962340,110,CDS
33573,11962020,11962103,83,CDS
33574,11954099,11954281,182,CDS
33575,11952129,11952223,94,CDS
33576,11949876,11950157,281,CDS
33577,11949052,11949254,202,CDS
33578,11948628,11948836,208,CDS
33579,11939921,11940042,121,CDS
33580,11939695,11939858,163,CDS
33581,11938921,11939121,200,CDS
33582,11936692,11936843,151,CDS
33583,11936261,11936505,244,CDS
33584,11936045,11936195,150,CDS
33585,11979839,11980057,218,CDS
33586,11979625,11979764,139,CDS
33587,11977462,11977562,100,CDS
33588,11976889,11977044,155,CDS
33589,11976604,11976824,220,CDS
33590,11976403,11976506,103,CDS
33591,11975746,11975861,115,CDS
33592,11973425,11973484,59,CDS
33593,11973257,11973361,104,CDS
33594,11972046,11972243,197,CDS
33595,11971459,11971972,513,CDS
33596,11970331,11970666,335,CDS
33597,11968651,11969214,563,CDS
33598,11964626,11964769,143,CDS
33599,11964058,11964259,201,CDS
33600,11962451,11962615,164,CDS
33601,11962230,11962340,110,CDS
33602,11962020,11962103,83,CDS
33603,11954099,11954281,182,CDS
33604,11952129,11952223,94,CDS
33605,11949876,11950157,281,CDS
33606,11949052,11949254,202,CDS
33607,11948628,11948836,208,CDS
33608,11939921,11940042,121,CDS
33609,11939695,11939858,163,CDS
33610,11938921,11939121,200,CDS
33611,11936692,11936843,151,CDS
33612,11936261,11936505,244,CDS
33613,11936045,11936195,150,CDS
33614,11979839,11980057,218,CDS
33615,11979625,11979764,139,CDS
33616,11977462,11977562,100,CDS
33617,11976889,11977044,155,CDS
33618,11976604,11976824,220,CDS
33619,11976403,11976506,103,CDS
33620,11975746,11975861,115,CDS
33621,11973425,11973484,59,CDS
33622,11973257,11973361,104,CDS
33623,11972046,11972243,197,CDS
33624,11971459,11971972,513,CDS
33625,11970331,11970666,335,CDS
33626,11968651,11969214,563,CDS
33627,11964626,11964769,143,CDS
33628,11964058,11964259,201,CDS
33629,11962451,11962615,164,CDS
33630,11962230,11962340,110,CDS
33631,11962020,11962103,83,CDS
33632,11956922,11956924,2,CDS
33633,11954099,11954281,182,CDS
33634,11952129,11952223,94,CDS
33635,11949876,11950157,281,CDS
33636,11949052,11949254,202,CDS
33637,11948628,11948836,208,CDS
33638,11939921,11940042,121,CDS
33639,11939695,11939858,163,CDS
33640,11938921,11939121,200,CDS
33641,11936692,11936843,151,CDS
33642,11936261,11936505,244,CDS
33643,11936045,11936195,150,CDS
33644,11979839,11980057,218,CDS
33645,11979625,11979764,139,CDS
33646,11977462,11977562,100,CDS
33647,11976889,11977044,155,CDS
33648,11976604,11976824,220,CDS
33649,11976403,11976506,103,CDS
33650,11975746,11975861,115,CDS
33651,11973425,11973484,59,CDS
33652,11973257,11973361,104,CDS
33653,11972046,11972243,197,CDS
33654,11971459,11971972,513,CDS
33655,11970331,11970666,335,CDS
33656,11968651,11969214,563,CDS
33657,11964626,11964769,143,CDS
33658,11964058,11964259,201,CDS
33659,11962451,11962615,164,CDS
33660,11962230,11962340,110,CDS
33661,11962020,11962103,83,CDS
33662,11960075,11960080,5,CDS
33663,11954099,11954281,182,CDS
33664,11952129,11952223,94,CDS
33665,11949876,11950157,281,CDS
33666,11949052,11949254,202,CDS
33667,11948628,11948836,208,CDS
33668,11939921,11940042,121,CDS
33669,11939695,11939858,163,CDS
33670,11936692,11936843,151,CDS
33671,11936261,11936505,244,CDS
33672,11936045,11936195,150,CDS
33673,11979839,11980057,218,CDS
33674,11979625,11979764,139,CDS
33675,11977462,11977562,100,CDS
33676,11976889,11977044,155,CDS
33677,11976604,11976824,220,CDS
33678,11976403,11976506,103,CDS
33679,11975746,11975861,115,CDS
33680,11973425,11973484,59,CDS
33681,11973257,11973361,104,CDS
33682,11972046,11972243,197,CDS
33683,11971459,11971972,513,CDS
33684,11970331,11970666,335,CDS
33685,11968651,11969214,563,CDS
33686,11964626,11964769,143,CDS
33687,11964058,11964259,201,CDS
33688,11962451,11962615,164,CDS
33689,11962230,11962340,110,CDS
33690,11962020,11962103,83,CDS
33691,11960075,11960080,5,CDS
33692,11954099,11954281,182,CDS
33693,11952129,11952223,94,CDS
33694,11949876,11950157,281,CDS
33695,11949052,11949254,202,CDS
33696,11948628,11948836,208,CDS
33697,11939921,11940042,121,CDS
33698,11939695,11939858,163,CDS
33699,11938921,11939121,200,CDS
33700,11936692,11936843,151,CDS
33701,11936261,11936505,244,CDS
33702,11936045,11936195,150,CDS
33703,11979839,11980057,218,CDS
33704,11979625,11979764,139,CDS
33705,11977462,11977562,100,CDS
33706,11976889,11977044,155,CDS
33707,11976604,11976824,220,CDS
33708,11976403,11976506,103,CDS
33709,11975746,11975861,115,CDS
33710,11973425,11973484,59,CDS
33711,11973257,11973361,104,CDS
33712,11972046,11972243,197,CDS
33713,11971459,11971972,513,CDS
33714,11970331,11970666,335,CDS
33715,11968651,11969214,563,CDS
33716,11964626,11964769,143,CDS
33717,11964058,11964259,201,CDS
33718,11962451,11962615,164,CDS
33719,11962230,11962340,110,CDS
33720,11962020,11962103,83,CDS
33721,11960075,11960080,5,CDS
33722,11954099,11954281,182,CDS
33723,11952129,11952223,94,CDS
33724,11949876,11950157,281,CDS
33725,11949052,11949254,202,CDS
33726,11948628,11948836,208,CDS
33727,11943804,11944021,217,CDS
33728,11943103,11943112,9,CDS
33729,11939921,11940042,121,CDS
33730,11939695,11939858,163,CDS
33731,11938921,11939121,200,CDS
33732,11936692,11936843,151,CDS
33733,11936261,11936505,244,CDS
33734,11936045,11936195,150,CDS
33735,11979839,11980057,218,CDS
33736,11979625,11979764,139,CDS
33737,11977462,11977562,100,CDS
33738,11976889,11977044,155,CDS
33739,11976604,11976824,220,CDS
33740,11976403,11976506,103,CDS
33741,11975746,11975861,115,CDS
33742,11973425,11973484,59,CDS
33743,11973257,11973361,104,CDS
33744,11972046,11972243,197,CDS
33745,11971459,11971972,513,CDS
33746,11970331,11970666,335,CDS
33747,11968651,11969214,563,CDS
33748,11964626,11964769,143,CDS
33749,11964058,11964259,201,CDS
33750,11962451,11962615,164,CDS
33751,11962230,11962340,110,CDS
33752,11962020,11962103,83,CDS
33753,11960075,11960080,5,CDS
33754,11954099,11954281,182,CDS
33755,11953666,11953757,91,CDS
33756,11949876,11950157,281,CDS
33757,11949052,11949254,202,CDS
33758,11948628,11948836,208,CDS
33759,11946495,11946554,59,CDS
33760,11939921,11940042,121,CDS
33761,11939695,11939858,163,CDS
33762,11938921,11939121,200,CDS
33763,11936692,11936843,151,CDS
33764,11936261,11936505,244,CDS
33765,11936045,11936195,150,CDS
33766,11979839,11980057,218,CDS
33767,11979625,11979764,139,CDS
33768,11977462,11977562,100,CDS
33769,11976889,11977044,155,CDS
33770,11976604,11976824,220,CDS
33771,11976403,11976506,103,CDS
33772,11975746,11975861,115,CDS
33773,11973425,11973484,59,CDS
33774,11973257,11973361,104,CDS
33775,11972046,11972243,197,CDS
33776,11971459,11971972,513,CDS
33777,11970331,11970666,335,CDS
33778,11968651,11969214,563,CDS
33779,11964626,11964769,143,CDS
33780,11964058,11964259,201,CDS
33781,11962451,11962615,164,CDS
33782,11962230,11962340,110,CDS
33783,11962020,11962103,83,CDS
33784,11960075,11960080,5,CDS
33785,11956922,11956924,2,CDS
33786,11954099,11954281,182,CDS
33787,11952129,11952223,94,CDS
33788,11949876,11950157,281,CDS
33789,11949052,11949254,202,CDS
33790,11948628,11948836,208,CDS
33791,11939921,11940042,121,CDS
33792,11939695,11939858,163,CDS
33793,11938921,11939121,200,CDS
33794,11936692,11936843,151,CDS
33795,11936261,11936505,244,CDS
33796,11936045,11936195,150,CDS
33797,11979839,11980057,218,CDS
33798,11979625,11979764,139,CDS
33799,11977462,11977562,100,CDS
33800,11976889,11977044,155,CDS
33801,11976604,11976824,220,CDS
33802,11976403,11976506,103,CDS
33803,11975746,11975861,115,CDS
33804,11973425,11973484,59,CDS
33805,11973257,11973361,104,CDS
33806,11972046,11972243,197,CDS
33807,11971459,11971972,513,CDS
33808,11970331,11970666,335,CDS
33809,11968651,11969214,563,CDS
33810,11964626,11964769,143,CDS
33811,11964058,11964259,201,CDS
33812,11962451,11962615,164,CDS
33813,11962230,11962340,110,CDS
33814,11962020,11962103,83,CDS
33815,11960075,11960080,5,CDS
33816,11956922,11956924,2,CDS
33817,11954099,11954281,182,CDS
33818,11952129,11952223,94,CDS
33819,11949876,11950157,281,CDS
33820,11949052,11949254,202,CDS
33821,11948628,11948836,208,CDS
33822,11939921,11940042,121,CDS
33823,11939695,11939858,163,CDS
33824,11938921,11939121,200,CDS
33825,11936692,11936843,151,CDS
33826,11936261,11936505,244,CDS
33827,11936045,11936195,150,CDS
33828,11979839,11980057,218,CDS
33829,11979625,11979764,139,CDS
33830,11979055,11979155,100,CDS
33831,11976889,11977044,155,CDS
33832,11976604,11976824,220,CDS
33833,11976403,11976506,103,CDS
33834,11974224,11974339,115,CDS
33835,11973425,11973484,59,CDS
33836,11973257,11973361,104,CDS
33837,11972046,11972243,197,CDS
33838,11971459,11971972,513,CDS
33839,11970331,11970666,335,CDS
33840,11968651,11969214,563,CDS
33841,11964626,11964769,143,CDS
33842,11964058,11964259,201,CDS
33843,11962451,11962615,164,CDS
33844,11962230,11962340,110,CDS
33845,11962020,11962103,83,CDS
33846,11954099,11954281,182,CDS
33847,11952129,11952223,94,CDS
33848,11949876,11950157,281,CDS
33849,11949052,11949254,202,CDS
33850,11948628,11948836,208,CDS
33851,11939921,11940042,121,CDS
33852,11939695,11939858,163,CDS
33853,11938921,11939121,200,CDS
33854,11936692,11936843,151,CDS
33855,11936261,11936505,244,CDS
33856,11936045,11936195,150,CDS
33857,11979839,11980057,218,CDS
33858,11979625,11979764,139,CDS
33859,11979055,11979155,100,CDS
33860,11976889,11977044,155,CDS
33861,11976604,11976824,220,CDS
33862,11976403,11976506,103,CDS
33863,11974224,11974339,115,CDS
33864,11973425,11973484,59,CDS
33865,11973257,11973361,104,CDS
33866,11972046,11972243,197,CDS
33867,11971459,11971972,513,CDS
33868,11970331,11970666,335,CDS
33869,11968651,11969214,563,CDS
33870,11964626,11964769,143,CDS
33871,11964058,11964259,201,CDS
33872,11962451,11962615,164,CDS
33873,11962230,11962340,110,CDS
33874,11962020,11962103,83,CDS
33875,11956922,11956924,2,CDS
33876,11954099,11954281,182,CDS
33877,11952129,11952223,94,CDS
33878,11949876,11950157,281,CDS
33879,11949052,11949254,202,CDS
33880,11948628,11948836,208,CDS
33881,11939921,11940042,121,CDS
33882,11939695,11939858,163,CDS
33883,11938921,11939121,200,CDS
33884,11936692,11936843,151,CDS
33885,11936261,11936505,244,CDS
33886,11936045,11936195,150,CDS
33887,11979839,11980057,218,CDS
33888,11979625,11979764,139,CDS
33889,11979055,11979155,100,CDS
33890,11976889,11977044,155,CDS
33891,11976604,11976824,220,CDS
33892,11976403,11976506,103,CDS
33893,11974224,11974339,115,CDS
33894,11973425,11973484,59,CDS
33895,11973257,11973361,104,CDS
33896,11972046,11972243,197,CDS
33897,11971459,11971972,513,CDS
33898,11970331,11970666,335,CDS
33899,11968651,11969214,563,CDS
33900,11964626,11964769,143,CDS
33901,11964058,11964259,201,CDS
33902,11962451,11962615,164,CDS
33903,11962230,11962340,110,CDS
33904,11962020,11962103,83,CDS
33905,11960075,11960080,5,CDS
33906,11954099,11954281,182,CDS
33907,11952129,11952223,94,CDS
33908,11949876,11950157,281,CDS
33909,11949052,11949254,202,CDS
33910,11948628,11948836,208,CDS
33911,11939921,11940042,121,CDS
33912,11939695,11939858,163,CDS
33913,11938921,11939121,200,CDS
33914,11936692,11936843,151,CDS
33915,11936261,11936505,244,CDS
33916,11936045,11936195,150,CDS
33917,11979839,11980057,218,CDS
33918,11979625,11979764,139,CDS
33919,11979055,11979155,100,CDS
33920,11976889,11977044,155,CDS
33921,11976604,11976824,220,CDS
33922,11976403,11976506,103,CDS
33923,11974224,11974339,115,CDS
33924,11973425,11973484,59,CDS
33925,11973257,11973361,104,CDS
33926,11972046,11972243,197,CDS
33927,11971459,11971972,513,CDS
33928,11970331,11970666,335,CDS
33929,11968651,11969214,563,CDS
33930,11964626,11964769,143,CDS
33931,11964058,11964259,201,CDS
33932,11962451,11962615,164,CDS
33933,11962230,11962340,110,CDS
33934,11962020,11962103,83,CDS
33935,11960075,11960080,5,CDS
33936,11956922,11956924,2,CDS
33937,11954099,11954281,182,CDS
33938,11952129,11952223,94,CDS
33939,11949876,11950157,281,CDS
33940,11949052,11949254,202,CDS
33941,11948628,11948836,208,CDS
33942,11939921,11940042,121,CDS
33943,11939695,11939858,163,CDS
33944,11938921,11939121,200,CDS
33945,11936692,11936843,151,CDS
33946,11936261,11936505,244,CDS
33947,11936045,11936195,150,CDS
33948,11979839,11980057,218,CDS
33949,11979625,11979764,139,CDS
33950,11979055,11979155,100,CDS
33951,11976889,11977044,155,CDS
33952,11976604,11976824,220,CDS
33953,11976403,11976506,103,CDS
33954,11975746,11975861,115,CDS
33955,11973425,11973484,59,CDS
33956,11973257,11973361,104,CDS
33957,11972046,11972243,197,CDS
33958,11971459,11971972,513,CDS
33959,11970331,11970666,335,CDS
33960,11968651,11969214,563,CDS
33961,11964626,11964769,143,CDS
33962,11964058,11964259,201,CDS
33963,11962451,11962615,164,CDS
33964,11962230,11962340,110,CDS
33965,11962020,11962103,83,CDS
33966,11954099,11954281,182,CDS
33967,11952129,11952223,94,CDS
33968,11949876,11950157,281,CDS
33969,11949052,11949254,202,CDS
33970,11948628,11948836,208,CDS
33971,11939921,11940042,121,CDS
33972,11939695,11939858,163,CDS
33973,11938921,11939121,200,CDS
33974,11936692,11936843,151,CDS
33975,11936261,11936505,244,CDS
33976,11936045,11936195,150,CDS
33977,11985154,11987764,2610,gene
33978,11987474,11987764,290,mRNA
33979,11987271,11987421,150,mRNA
33980,11987050,11987206,156,mRNA
33981,11986419,11986970,551,mRNA
33982,11985420,11986296,876,mRNA
33983,11985154,11985359,205,mRNA
33984,11987474,11987764,290,mRNA
33985,11987271,11987421,150,mRNA
33986,11987050,11987206,156,mRNA
33987,11986419,11986970,551,mRNA
33988,11985534,11986296,762,mRNA
33989,11987474,11987764,290,mRNA
33990,11987271,11987421,150,mRNA
33991,11987032,11987206,174,mRNA
33992,11986419,11986970,551,mRNA
33993,11985534,11986296,762,mRNA
33994,11987474,11987764,290,mRNA
33995,11987271,11987430,159,mRNA
33996,11987050,11987206,156,mRNA
33997,11986419,11986970,551,mRNA
33998,11985534,11986296,762,mRNA
33999,11987474,11987686,212,CDS
34000,11987271,11987421,150,CDS
34001,11987050,11987206,156,CDS
34002,11986419,11986970,551,CDS
34003,11985783,11986296,513,CDS
34004,11987474,11987686,212,CDS
34005,11987271,11987421,150,CDS
34006,11987050,11987206,156,CDS
34007,11986419,11986970,551,CDS
34008,11985783,11986296,513,CDS
34009,11987474,11987686,212,CDS
34010,11987271,11987430,159,CDS
34011,11987050,11987206,156,CDS
34012,11986419,11986970,551,CDS
34013,11985783,11986296,513,CDS
34014,11987474,11987686,212,CDS
34015,11987271,11987421,150,CDS
34016,11987032,11987206,174,CDS
34017,11986970,11986970,0,CDS
34018,11988062,11988948,886,gene
34019,11988062,11988948,886,mRNA
34020,11988163,11988912,749,CDS
34021,11990118,11992768,2650,gene
34022,11992576,11992768,192,mRNA
34023,11992414,11992517,103,mRNA
34024,11992283,11992354,71,mRNA
34025,11990977,11992229,1252,mRNA
34026,11990719,11990905,186,mRNA
34027,11990118,11990652,534,mRNA
34028,11992576,11992666,90,CDS
34029,11992414,11992517,103,CDS
34030,11992283,11992354,71,CDS
34031,11990977,11992229,1252,CDS
34032,11990719,11990905,186,CDS
34033,11990239,11990652,413,CDS
34034,11992915,12003914,10999,gene
34035,12003747,12003914,167,mRNA
34036,12001928,12002519,591,mRNA
34037,11998238,11998500,262,mRNA
34038,11997088,11997562,474,mRNA
34039,11996856,11997008,152,mRNA
34040,11996641,11996790,149,mRNA
34041,11996392,11996568,176,mRNA
34042,11995936,11996231,295,mRNA
34043,11995463,11995871,408,mRNA
34044,11995185,11995364,179,mRNA
34045,11994994,11995120,126,mRNA
34046,11994815,11994927,112,mRNA
34047,11994377,11994730,353,mRNA
34048,11993792,11994316,524,mRNA
34049,11992915,11993630,715,mRNA
34050,12001928,12002307,379,mRNA
34051,11998238,11998500,262,mRNA
34052,11997088,11997562,474,mRNA
34053,11996856,11997008,152,mRNA
34054,11996641,11996790,149,mRNA
34055,11996392,11996568,176,mRNA
34056,11995936,11996231,295,mRNA
34057,11995463,11995871,408,mRNA
34058,11995185,11995364,179,mRNA
34059,11994994,11995120,126,mRNA
34060,11994815,11994927,112,mRNA
34061,11994377,11994730,353,mRNA
34062,11993792,11994316,524,mRNA
34063,11992915,11993630,715,mRNA
34064,11998238,11998500,262,mRNA
34065,11997088,11997562,474,mRNA
34066,11996856,11997008,152,mRNA
34067,11996641,11996790,149,mRNA
34068,11996392,11996568,176,mRNA
34069,11995936,11996231,295,mRNA
34070,11995463,11995871,408,mRNA
34071,11995185,11995364,179,mRNA
34072,11994994,11995120,126,mRNA
34073,11994815,11994927,112,mRNA
34074,11994377,11994730,353,mRNA
34075,11993792,11994316,524,mRNA
34076,11992915,11993630,715,mRNA
34077,12001928,12002096,168,CDS
34078,11998238,11998500,262,CDS
34079,11997088,11997562,474,CDS
34080,11996856,11997008,152,CDS
34081,11996641,11996790,149,CDS
34082,11996392,11996568,176,CDS
34083,11995936,11996231,295,CDS
34084,11995463,11995871,408,CDS
34085,11995185,11995364,179,CDS
34086,11994994,11995120,126,CDS
34087,11994815,11994927,112,CDS
34088,11994377,11994730,353,CDS
34089,11993792,11994316,524,CDS
34090,11993497,11993630,133,CDS
34091,12001928,12002096,168,CDS
34092,11998238,11998500,262,CDS
34093,11997088,11997562,474,CDS
34094,11996856,11997008,152,CDS
34095,11996641,11996790,149,CDS
34096,11996392,11996568,176,CDS
34097,11995936,11996231,295,CDS
34098,11995463,11995871,408,CDS
34099,11995185,11995364,179,CDS
34100,11994994,11995120,126,CDS
34101,11994815,11994927,112,CDS
34102,11994377,11994730,353,CDS
34103,11993792,11994316,524,CDS
34104,11993497,11993630,133,CDS
34105,11996392,11996521,129,CDS
34106,11995936,11996231,295,CDS
34107,11995463,11995871,408,CDS
34108,11995185,11995364,179,CDS
34109,11994994,11995120,126,CDS
34110,11994815,11994927,112,CDS
34111,11994377,11994730,353,CDS
34112,11993792,11994316,524,CDS
34113,11993497,11993630,133,CDS
34114,12007176,12009904,2728,gene
34115,12007176,12007401,225,mRNA
34116,12008167,12008704,537,mRNA
34117,12008770,12008896,126,mRNA
34118,12009023,12009174,151,mRNA
34119,12009241,12009572,331,mRNA
34120,12009632,12009904,272,mRNA
34121,12007176,12007196,20,mRNA
34122,12007263,12007401,138,mRNA
34123,12008167,12008704,537,mRNA
34124,12008770,12008896,126,mRNA
34125,12009023,12009174,151,mRNA
34126,12009241,12009572,331,mRNA
34127,12009632,12009904,272,mRNA
34128,12008270,12008704,434,CDS
34129,12008770,12008896,126,CDS
34130,12009023,12009174,151,CDS
34131,12009241,12009572,331,CDS
34132,12009632,12009785,153,CDS
34133,12008270,12008704,434,CDS
34134,12008770,12008896,126,CDS
34135,12009023,12009174,151,CDS
34136,12009241,12009572,331,CDS
34137,12009632,12009785,153,CDS
34138,12009711,12012211,2500,gene
34139,12011994,12012211,217,mRNA
34140,12010948,12011933,985,mRNA
34141,12010673,12010866,193,mRNA
34142,12009711,12010601,890,mRNA
34143,12011994,12012211,217,mRNA
34144,12010948,12011933,985,mRNA
34145,12010673,12010866,193,mRNA
34146,12010000,12010601,601,mRNA
34147,12011994,12012084,90,CDS
34148,12010948,12011933,985,CDS
34149,12010673,12010866,193,CDS
34150,12010094,12010601,507,CDS
34151,12011994,12012084,90,CDS
34152,12010948,12011933,985,CDS
34153,12010673,12010866,193,CDS
34154,12010094,12010601,507,CDS
34155,12012377,12017375,4998,gene
34156,12012377,12012528,151,mRNA
34157,12016003,12016721,718,mRNA
34158,12016779,12017058,279,mRNA
34159,12014424,12014521,97,mRNA
34160,12016003,12016721,718,mRNA
34161,12016779,12017058,279,mRNA
34162,12015483,12015624,141,mRNA
34163,12016003,12016721,718,mRNA
34164,12016779,12017375,596,mRNA
34165,12015483,12015566,83,mRNA
34166,12016003,12016721,718,mRNA
34167,12016779,12017058,279,mRNA
34168,12015519,12015566,47,CDS
34169,12016003,12016721,718,CDS
34170,12016779,12016971,192,CDS
34171,12016003,12016721,718,CDS
34172,12016779,12016971,192,CDS
34173,12016003,12016721,718,CDS
34174,12016779,12016971,192,CDS
34175,12016003,12016721,718,CDS
34176,12016779,12016971,192,CDS
34177,12017225,12017961,736,gene
34178,12017225,12017961,736,mRNA
34179,12017277,12017961,684,mRNA
34180,12017451,12017873,422,CDS
34181,12017451,12017873,422,CDS
34182,12018640,12020719,2079,gene
34183,12018640,12019325,685,mRNA
34184,12019628,12019758,130,mRNA
34185,12019825,12019941,116,mRNA
34186,12020007,12020138,131,mRNA
34187,12020535,12020719,184,mRNA
34188,12019181,12019325,144,CDS
34189,12019628,12019758,130,CDS
34190,12019825,12019941,116,CDS
34191,12020007,12020138,131,CDS
34192,12020535,12020663,128,CDS
34193,12021068,12022746,1678,gene
34194,12021068,12021278,210,mRNA
34195,12021338,12022746,1408,mRNA
34196,12021160,12021278,118,CDS
34197,12021338,12022667,1329,CDS
34198,12022837,12029032,6195,gene
34199,12028424,12029032,608,mRNA
34200,12026626,12028039,1413,mRNA
34201,12025114,12026511,1397,mRNA
34202,12022837,12025057,2220,mRNA
34203,12028424,12029032,608,mRNA
34204,12026626,12028039,1413,mRNA
34205,12025114,12026511,1397,mRNA
34206,12023587,12025045,1458,mRNA
34207,12026626,12027867,1241,CDS
34208,12025114,12026511,1397,CDS
34209,12024308,12025045,737,CDS
34210,12026626,12027867,1241,CDS
34211,12025114,12026511,1397,CDS
34212,12024308,12025057,749,CDS
34213,12029754,12031465,1711,gene
34214,12031276,12031465,189,mRNA
34215,12030839,12031216,377,mRNA
34216,12030412,12030761,349,mRNA
34217,12029754,12030358,604,mRNA
34218,12031276,12031426,150,CDS
34219,12030839,12031216,377,CDS
34220,12030412,12030761,349,CDS
34221,12029786,12030358,572,CDS
34222,12032632,12035283,2651,gene
34223,12032632,12032979,347,mRNA
34224,12033042,12033233,191,mRNA
34225,12033300,12033500,200,mRNA
34226,12033902,12033971,69,mRNA
34227,12034036,12034351,315,mRNA
34228,12034412,12034901,489,mRNA
34229,12035016,12035283,267,mRNA
34230,12032814,12032979,165,CDS
34231,12033042,12033233,191,CDS
34232,12033300,12033500,200,CDS
34233,12033902,12033971,69,CDS
34234,12034036,12034351,315,CDS
34235,12034412,12034901,489,CDS
34236,12035016,12035191,175,CDS
34237,12043698,12335214,291516,gene
34238,12043698,12044349,651,mRNA
34239,12077155,12077241,86,mRNA
34240,12145795,12145828,33,mRNA
34241,12193604,12194223,619,mRNA
34242,12195769,12196623,854,mRNA
34243,12197186,12197255,69,mRNA
34244,12273935,12274240,305,mRNA
34245,12276512,12276618,106,mRNA
34246,12285501,12286706,1205,mRNA
34247,12286860,12287054,194,mRNA
34248,12288966,12289175,209,mRNA
34249,12291660,12291845,185,mRNA
34250,12295190,12295336,146,mRNA
34251,12295477,12295684,207,mRNA
34252,12312792,12312911,119,mRNA
34253,12316764,12316931,167,mRNA
34254,12317213,12317405,192,mRNA
34255,12318043,12319427,1384,mRNA
34256,12321915,12322459,544,mRNA
34257,12327291,12332165,4874,mRNA
34258,12043698,12116041,72343,gene
34259,12043698,12044349,651,ncRNA
34260,12065731,12065920,189,ncRNA
34261,12077155,12077241,86,ncRNA
34262,12115376,12116041,665,ncRNA
34263,12043698,12044349,651,ncRNA
34264,12077155,12077241,86,ncRNA
34265,12115376,12116041,665,ncRNA
34266,12055338,12056635,1297,gene
34267,12055338,12056635,1297,mRNA
34268,12055500,12056522,1022,CDS
34269,12059795,12065144,5349,gene
34270,12059795,12059887,92,mRNA
34271,12060373,12065144,4771,mRNA
34272,12059846,12059887,41,CDS
34273,12060373,12064989,4616,CDS
34274,12067200,12070139,2939,gene
34275,12069970,12070139,169,ncRNA
34276,12069750,12069893,143,ncRNA
34277,12067200,12069696,2496,ncRNA
34278,12070437,12071263,826,gene
34279,12070437,12070658,221,mRNA
34280,12070714,12071263,549,mRNA
34281,12070488,12070658,170,CDS
34282,12070714,12070881,167,CDS
34283,12072008,12072818,810,gene
34284,12072008,12072818,810,mRNA
34285,12072212,12072730,518,CDS
34286,12086469,12087025,556,gene
34287,12086831,12087025,194,mRNA
34288,12086469,12086762,293,mRNA
34289,12086831,12087025,194,mRNA
34290,12086486,12086762,276,mRNA
34291,12086831,12086944,113,CDS
34292,12086553,12086762,209,CDS
34293,12086831,12086944,113,CDS
34294,12086553,12086762,209,CDS
34295,12087211,12087695,484,gene
34296,12087211,12087276,65,ncRNA
34297,12087351,12087439,88,ncRNA
34298,12087498,12087695,197,ncRNA
34299,12091264,12092272,1008,gene
34300,12091264,12091518,254,ncRNA
34301,12091570,12091742,172,ncRNA
34302,12091806,12092070,264,ncRNA
34303,12092143,12092272,129,ncRNA
34304,12091264,12091518,254,ncRNA
34305,12091580,12091742,162,ncRNA
34306,12091806,12092070,264,ncRNA
34307,12092143,12092272,129,ncRNA
34308,12091264,12091492,228,ncRNA
34309,12091570,12091742,172,ncRNA
34310,12091806,12092083,277,ncRNA
34311,12092143,12092272,129,ncRNA
34312,12102944,12103840,896,gene
34313,12103172,12103840,668,mRNA
34314,12102944,12103051,107,mRNA
34315,12103172,12103810,638,CDS
34316,12102944,12103051,107,CDS
34317,12107200,12113357,6157,gene
34318,12107200,12107301,101,mRNA
34319,12107361,12107414,53,mRNA
34320,12107481,12107656,175,mRNA
34321,12107778,12108106,328,mRNA
34322,12108170,12113357,5187,mRNA
34323,12107200,12107301,101,mRNA
34324,12107361,12107414,53,mRNA
34325,12107484,12107656,172,mRNA
34326,12107778,12108106,328,mRNA
34327,12108170,12113357,5187,mRNA
34328,12107297,12107301,4,CDS
34329,12107361,12107414,53,CDS
34330,12107481,12107656,175,CDS
34331,12107778,12108106,328,CDS
34332,12108170,12113254,5084,CDS
34333,12107297,12107301,4,CDS
34334,12107361,12107414,53,CDS
34335,12107484,12107656,172,CDS
34336,12107778,12108106,328,CDS
34337,12108170,12113254,5084,CDS
34338,12115791,12115841,50,mobile_element
34339,12128286,12128914,628,mRNA
34340,12145795,12145828,33,mRNA
34341,12193604,12194223,619,mRNA
34342,12195769,12196623,854,mRNA
34343,12197186,12197255,69,mRNA
34344,12273935,12274240,305,mRNA
34345,12276512,12276618,106,mRNA
34346,12285501,12286706,1205,mRNA
34347,12286860,12287054,194,mRNA
34348,12288966,12289175,209,mRNA
34349,12291660,12291845,185,mRNA
34350,12295190,12295336,146,mRNA
34351,12295477,12295684,207,mRNA
34352,12298169,12298195,26,mRNA
34353,12312792,12312911,119,mRNA
34354,12316764,12316931,167,mRNA
34355,12317213,12317405,192,mRNA
34356,12318043,12319427,1384,mRNA
34357,12321915,12322459,544,mRNA
34358,12327291,12335214,7923,mRNA
34359,12128286,12128914,628,mRNA
34360,12145795,12145828,33,mRNA
34361,12193604,12194223,619,mRNA
34362,12195769,12196623,854,mRNA
34363,12197186,12197255,69,mRNA
34364,12204139,12204409,270,mRNA
34365,12229666,12230370,704,mRNA
34366,12273935,12274240,305,mRNA
34367,12276512,12276618,106,mRNA
34368,12285501,12286706,1205,mRNA
34369,12286860,12287054,194,mRNA
34370,12288966,12289175,209,mRNA
34371,12291660,12291845,185,mRNA
34372,12295190,12295336,146,mRNA
34373,12295477,12295684,207,mRNA
34374,12312792,12312911,119,mRNA
34375,12316764,12316931,167,mRNA
34376,12317213,12317405,192,mRNA
34377,12318043,12319427,1384,mRNA
34378,12321915,12322459,544,mRNA
34379,12327291,12332165,4874,mRNA
34380,12128286,12128914,628,mRNA
34381,12145795,12145828,33,mRNA
34382,12193604,12194223,619,mRNA
34383,12195769,12196623,854,mRNA
34384,12197186,12197255,69,mRNA
34385,12229666,12230370,704,mRNA
34386,12273935,12274240,305,mRNA
34387,12276512,12276618,106,mRNA
34388,12285501,12286706,1205,mRNA
34389,12286860,12287054,194,mRNA
34390,12288966,12289175,209,mRNA
34391,12291660,12291845,185,mRNA
34392,12295190,12295336,146,mRNA
34393,12295477,12295684,207,mRNA
34394,12312792,12312911,119,mRNA
34395,12316764,12316931,167,mRNA
34396,12317213,12317405,192,mRNA
34397,12318043,12319427,1384,mRNA
34398,12321915,12322459,544,mRNA
34399,12327291,12332165,4874,mRNA
34400,12128286,12128914,628,mRNA
34401,12145795,12145828,33,mRNA
34402,12193604,12194223,619,mRNA
34403,12195769,12196623,854,mRNA
34404,12197186,12197255,69,mRNA
34405,12273935,12274240,305,mRNA
34406,12276512,12276618,106,mRNA
34407,12285501,12286706,1205,mRNA
34408,12286860,12287054,194,mRNA
34409,12288966,12289175,209,mRNA
34410,12291660,12291845,185,mRNA
34411,12295190,12295336,146,mRNA
34412,12295477,12295684,207,mRNA
34413,12312792,12312911,119,mRNA
34414,12316764,12316931,167,mRNA
34415,12317213,12317405,192,mRNA
34416,12318043,12319427,1384,mRNA
34417,12321915,12322459,544,mRNA
34418,12327291,12332165,4874,mRNA
34419,12163544,12163806,262,mobile_element
34420,12168193,12173562,5369,mobile_element
34421,12176440,12178626,2186,gene
34422,12176440,12178626,2186,mRNA
34423,12176895,12178607,1712,CDS
34424,12193881,12194223,342,CDS
34425,12195769,12196623,854,CDS
34426,12197186,12197255,69,CDS
34427,12273935,12274240,305,CDS
34428,12276512,12276618,106,CDS
34429,12285501,12286706,1205,CDS
34430,12286860,12287054,194,CDS
34431,12288966,12289175,209,CDS
34432,12291660,12291845,185,CDS
34433,12295190,12295336,146,CDS
34434,12295477,12295684,207,CDS
34435,12298169,12298195,26,CDS
34436,12312792,12312911,119,CDS
34437,12316764,12316931,167,CDS
34438,12317213,12317405,192,CDS
34439,12318043,12319427,1384,CDS
34440,12321915,12322459,544,CDS
34441,12327291,12331183,3892,CDS
34442,12193881,12194223,342,CDS
34443,12195769,12196623,854,CDS
34444,12197186,12197255,69,CDS
34445,12273935,12274240,305,CDS
34446,12276512,12276618,106,CDS
34447,12285501,12286706,1205,CDS
34448,12286860,12287054,194,CDS
34449,12288966,12289175,209,CDS
34450,12291660,12291845,185,CDS
34451,12295190,12295336,146,CDS
34452,12295477,12295684,207,CDS
34453,12312792,12312911,119,CDS
34454,12316764,12316931,167,CDS
34455,12317213,12317405,192,CDS
34456,12318043,12319427,1384,CDS
34457,12321915,12322459,544,CDS
34458,12327291,12331183,3892,CDS
34459,12193881,12194223,342,CDS
34460,12195769,12196623,854,CDS
34461,12197186,12197255,69,CDS
34462,12273935,12274240,305,CDS
34463,12276512,12276618,106,CDS
34464,12285501,12286706,1205,CDS
34465,12286860,12287054,194,CDS
34466,12288966,12289175,209,CDS
34467,12291660,12291845,185,CDS
34468,12295190,12295336,146,CDS
34469,12295477,12295684,207,CDS
34470,12312792,12312911,119,CDS
34471,12316764,12316931,167,CDS
34472,12317213,12317405,192,CDS
34473,12318043,12319427,1384,CDS
34474,12321915,12322459,544,CDS
34475,12327291,12331183,3892,CDS
34476,12203798,12203878,80,mRNA
34477,12204139,12204409,270,mRNA
34478,12229666,12230370,704,mRNA
34479,12273935,12274240,305,mRNA
34480,12276512,12276618,106,mRNA
34481,12285501,12286706,1205,mRNA
34482,12286860,12287054,194,mRNA
34483,12288966,12289175,209,mRNA
34484,12291660,12291845,185,mRNA
34485,12295190,12295336,146,mRNA
34486,12295477,12295684,207,mRNA
34487,12312792,12312911,119,mRNA
34488,12316764,12316931,167,mRNA
34489,12317213,12317405,192,mRNA
34490,12318043,12319427,1384,mRNA
34491,12321915,12322459,544,mRNA
34492,12327291,12335214,7923,mRNA
34493,12203798,12203996,198,mRNA
34494,12204139,12204409,270,mRNA
34495,12229666,12230370,704,mRNA
34496,12273935,12274240,305,mRNA
34497,12276512,12276618,106,mRNA
34498,12285501,12286706,1205,mRNA
34499,12286860,12287054,194,mRNA
34500,12288966,12289175,209,mRNA
34501,12291660,12291845,185,mRNA
34502,12295190,12295336,146,mRNA
34503,12295477,12295684,207,mRNA
34504,12298169,12298195,26,mRNA
34505,12312792,12312911,119,mRNA
34506,12316764,12316931,167,mRNA
34507,12317213,12317405,192,mRNA
34508,12318043,12319427,1384,mRNA
34509,12321915,12322459,544,mRNA
34510,12327291,12332165,4874,mRNA
34511,12203798,12203984,186,mRNA
34512,12204139,12204409,270,mRNA
34513,12229666,12230370,704,mRNA
34514,12273935,12274240,305,mRNA
34515,12276512,12276618,106,mRNA
34516,12285501,12286706,1205,mRNA
34517,12286860,12287054,194,mRNA
34518,12288966,12289175,209,mRNA
34519,12291660,12291845,185,mRNA
34520,12295190,12295336,146,mRNA
34521,12295477,12295684,207,mRNA
34522,12298169,12298195,26,mRNA
34523,12312792,12312911,119,mRNA
34524,12316764,12316931,167,mRNA
34525,12317213,12317405,192,mRNA
34526,12318043,12319427,1384,mRNA
34527,12321915,12322459,544,mRNA
34528,12327291,12332165,4874,mRNA
34529,12203798,12203978,180,mRNA
34530,12204139,12204409,270,mRNA
34531,12229666,12230370,704,mRNA
34532,12273935,12274240,305,mRNA
34533,12276512,12276618,106,mRNA
34534,12285501,12286706,1205,mRNA
34535,12286860,12287054,194,mRNA
34536,12288966,12289175,209,mRNA
34537,12291660,12291845,185,mRNA
34538,12295190,12295336,146,mRNA
34539,12295477,12295684,207,mRNA
34540,12312792,12312911,119,mRNA
34541,12316764,12316931,167,mRNA
34542,12317213,12317405,192,mRNA
34543,12318043,12319427,1384,mRNA
34544,12321915,12322459,544,mRNA
34545,12327291,12332165,4874,mRNA
34546,12229923,12230370,447,mRNA
34547,12276512,12276618,106,mRNA
34548,12285501,12286706,1205,mRNA
34549,12286860,12287054,194,mRNA
34550,12288966,12289175,209,mRNA
34551,12291660,12291845,185,mRNA
34552,12295190,12295336,146,mRNA
34553,12295477,12295684,207,mRNA
34554,12312792,12312911,119,mRNA
34555,12316764,12316931,167,mRNA
34556,12317213,12317405,192,mRNA
34557,12318043,12319427,1384,mRNA
34558,12321915,12322459,544,mRNA
34559,12327291,12332165,4874,mRNA
34560,12230028,12230370,342,mRNA
34561,12273935,12274240,305,mRNA
34562,12276512,12276618,106,mRNA
34563,12285501,12286706,1205,mRNA
34564,12286860,12287054,194,mRNA
34565,12288966,12289175,209,mRNA
34566,12291660,12291845,185,mRNA
34567,12295190,12295336,146,mRNA
34568,12295477,12295684,207,mRNA
34569,12312792,12312911,119,mRNA
34570,12316764,12316931,167,mRNA
34571,12317213,12317405,192,mRNA
34572,12318043,12319427,1384,mRNA
34573,12321915,12322459,544,mRNA
34574,12327291,12332165,4874,mRNA
34575,12230225,12230370,145,CDS
34576,12273935,12274240,305,CDS
34577,12276512,12276618,106,CDS
34578,12285501,12286706,1205,CDS
34579,12286860,12287054,194,CDS
34580,12288966,12289175,209,CDS
34581,12291660,12291845,185,CDS
34582,12295190,12295336,146,CDS
34583,12295477,12295684,207,CDS
34584,12298169,12298195,26,CDS
34585,12312792,12312911,119,CDS
34586,12316764,12316931,167,CDS
34587,12317213,12317405,192,CDS
34588,12318043,12319427,1384,CDS
34589,12321915,12322459,544,CDS
34590,12327291,12331183,3892,CDS
34591,12230225,12230370,145,CDS
34592,12273935,12274240,305,CDS
34593,12276512,12276618,106,CDS
34594,12285501,12286706,1205,CDS
34595,12286860,12287054,194,CDS
34596,12288966,12289175,209,CDS
34597,12291660,12291845,185,CDS
34598,12295190,12295336,146,CDS
34599,12295477,12295684,207,CDS
34600,12298169,12298195,26,CDS
34601,12312792,12312911,119,CDS
34602,12316764,12316931,167,CDS
34603,12317213,12317405,192,CDS
34604,12318043,12319427,1384,CDS
34605,12321915,12322459,544,CDS
34606,12327291,12331183,3892,CDS
34607,12230225,12230370,145,CDS
34608,12273935,12274240,305,CDS
34609,12276512,12276618,106,CDS
34610,12285501,12286706,1205,CDS
34611,12286860,12287054,194,CDS
34612,12288966,12289175,209,CDS
34613,12291660,12291845,185,CDS
34614,12295190,12295336,146,CDS
34615,12295477,12295684,207,CDS
34616,12312792,12312911,119,CDS
34617,12316764,12316931,167,CDS
34618,12317213,12317405,192,CDS
34619,12318043,12319427,1384,CDS
34620,12321915,12322459,544,CDS
34621,12327291,12331183,3892,CDS
34622,12230225,12230370,145,CDS
34623,12273935,12274240,305,CDS
34624,12276512,12276618,106,CDS
34625,12285501,12286706,1205,CDS
34626,12286860,12287054,194,CDS
34627,12288966,12289175,209,CDS
34628,12291660,12291845,185,CDS
34629,12295190,12295336,146,CDS
34630,12295477,12295684,207,CDS
34631,12312792,12312911,119,CDS
34632,12316764,12316931,167,CDS
34633,12317213,12317405,192,CDS
34634,12318043,12319427,1384,CDS
34635,12321915,12322459,544,CDS
34636,12327291,12331183,3892,CDS
34637,12230225,12230370,145,CDS
34638,12273935,12274240,305,CDS
34639,12276512,12276618,106,CDS
34640,12285501,12286706,1205,CDS
34641,12286860,12287054,194,CDS
34642,12288966,12289175,209,CDS
34643,12291660,12291845,185,CDS
34644,12295190,12295336,146,CDS
34645,12295477,12295684,207,CDS
34646,12312792,12312911,119,CDS
34647,12316764,12316931,167,CDS
34648,12317213,12317405,192,CDS
34649,12318043,12319427,1384,CDS
34650,12321915,12322459,544,CDS
34651,12327291,12331183,3892,CDS
34652,12230225,12230370,145,CDS
34653,12273935,12274240,305,CDS
34654,12276512,12276618,106,CDS
34655,12285501,12286706,1205,CDS
34656,12286860,12287054,194,CDS
34657,12288966,12289175,209,CDS
34658,12291660,12291845,185,CDS
34659,12295190,12295336,146,CDS
34660,12295477,12295684,207,CDS
34661,12312792,12312911,119,CDS
34662,12316764,12316931,167,CDS
34663,12317213,12317405,192,CDS
34664,12318043,12319427,1384,CDS
34665,12321915,12322459,544,CDS
34666,12327291,12331183,3892,CDS
34667,12230225,12230370,145,CDS
34668,12273935,12274240,305,CDS
34669,12276512,12276618,106,CDS
34670,12285501,12286706,1205,CDS
34671,12286860,12287054,194,CDS
34672,12288966,12289175,209,CDS
34673,12291660,12291845,185,CDS
34674,12295190,12295336,146,CDS
34675,12295477,12295684,207,CDS
34676,12312792,12312911,119,CDS
34677,12316764,12316931,167,CDS
34678,12317213,12317405,192,CDS
34679,12318043,12319427,1384,CDS
34680,12321915,12322459,544,CDS
34681,12327291,12331183,3892,CDS
34682,12230225,12230370,145,CDS
34683,12276512,12276618,106,CDS
34684,12285501,12286706,1205,CDS
34685,12286860,12287054,194,CDS
34686,12288966,12289175,209,CDS
34687,12291660,12291845,185,CDS
34688,12295190,12295336,146,CDS
34689,12295477,12295684,207,CDS
34690,12312792,12312911,119,CDS
34691,12316764,12316931,167,CDS
34692,12317213,12317405,192,CDS
34693,12318043,12319427,1384,CDS
34694,12321915,12322459,544,CDS
34695,12327291,12331183,3892,CDS
34696,12234562,12235877,1315,gene
34697,12235192,12235877,685,mRNA
34698,12234562,12235125,563,mRNA
34699,12235192,12235729,537,CDS
34700,12234671,12235125,454,CDS
34701,12248981,12249139,158,mobile_element
34702,12274635,12275155,520,gene
34703,12274635,12275155,520,mRNA
34704,12274724,12275089,365,CDS
34705,12302018,12303258,1240,mobile_element
34706,12319830,12319867,37,mobile_element
34707,12373118,12374448,1330,gene
34708,12373118,12374448,1330,mRNA
34709,12373245,12374279,1034,CDS
34710,12375596,12377755,2159,gene
34711,12377316,12377755,439,mRNA
34712,12376651,12377206,555,mRNA
34713,12375596,12376579,983,mRNA
34714,12377316,12377704,388,CDS
34715,12376651,12377206,555,CDS
34716,12375596,12376579,983,CDS
34717,12381926,12385770,3844,mobile_element
34718,12404616,12408477,3861,gene
34719,12405814,12408477,2663,mRNA
34720,12405516,12405741,225,mRNA
34721,12404616,12405444,828,mRNA
34722,12406549,12408405,1856,CDS
34723,12408861,12409825,964,gene
34724,12408861,12409440,579,mRNA
34725,12409510,12409825,315,mRNA
34726,12408955,12409440,485,CDS
34727,12409510,12409743,233,CDS
34728,12411018,12412181,1163,gene
34729,12412103,12412181,78,ncRNA
34730,12411874,12411991,117,ncRNA
34731,12411644,12411816,172,ncRNA
34732,12411365,12411589,224,ncRNA
34733,12411018,12411310,292,ncRNA
34734,12432224,12453650,21426,gene
34735,12432224,12432560,336,mRNA
34736,12433096,12433339,243,mRNA
34737,12434989,12435344,355,mRNA
34738,12436013,12436332,319,mRNA
34739,12436538,12436653,115,mRNA
34740,12436712,12436797,85,mRNA
34741,12436858,12436987,129,mRNA
34742,12450285,12450386,101,mRNA
34743,12450795,12450878,83,mRNA
34744,12451074,12451210,136,mRNA
34745,12451273,12451446,173,mRNA
34746,12452220,12452374,154,mRNA
34747,12452443,12452590,147,mRNA
34748,12452678,12452857,179,mRNA
34749,12452917,12453057,140,mRNA
34750,12453142,12453650,508,mRNA
34751,12432224,12432384,160,mRNA
34752,12433096,12433339,243,mRNA
34753,12434989,12435344,355,mRNA
34754,12436013,12436332,319,mRNA
34755,12436538,12436653,115,mRNA
34756,12436712,12436797,85,mRNA
34757,12436858,12436987,129,mRNA
34758,12450285,12450386,101,mRNA
34759,12450795,12450878,83,mRNA
34760,12451074,12451210,136,mRNA
34761,12451273,12451446,173,mRNA
34762,12452220,12452374,154,mRNA
34763,12452443,12452590,147,mRNA
34764,12452678,12452857,179,mRNA
34765,12452917,12453057,140,mRNA
34766,12453142,12453650,508,mRNA
34767,12435252,12435344,92,CDS
34768,12436013,12436332,319,CDS
34769,12436538,12436653,115,CDS
34770,12436712,12436797,85,CDS
34771,12436858,12436987,129,CDS
34772,12450285,12450386,101,CDS
34773,12450795,12450878,83,CDS
34774,12451074,12451210,136,CDS
34775,12451273,12451446,173,CDS
34776,12452220,12452374,154,CDS
34777,12452443,12452590,147,CDS
34778,12452678,12452857,179,CDS
34779,12452917,12453057,140,CDS
34780,12453142,12453291,149,CDS
34781,12435252,12435344,92,CDS
34782,12436013,12436332,319,CDS
34783,12436538,12436653,115,CDS
34784,12436712,12436797,85,CDS
34785,12436858,12436987,129,CDS
34786,12450285,12450386,101,CDS
34787,12450795,12450878,83,CDS
34788,12451074,12451210,136,CDS
34789,12451273,12451446,173,CDS
34790,12452220,12452374,154,CDS
34791,12452443,12452590,147,CDS
34792,12452678,12452857,179,CDS
34793,12452917,12453057,140,CDS
34794,12453142,12453291,149,CDS
34795,12441484,12441536,52,mRNA
34796,12443007,12447797,4790,mRNA
34797,12451074,12451210,136,mRNA
34798,12451273,12451446,173,mRNA
34799,12452220,12452374,154,mRNA
34800,12452443,12452590,147,mRNA
34801,12452678,12452857,179,mRNA
34802,12452917,12453057,140,mRNA
34803,12453142,12453650,508,mRNA
34804,12443198,12447797,4599,CDS
34805,12451074,12451210,136,CDS
34806,12451273,12451446,173,CDS
34807,12452220,12452374,154,CDS
34808,12452443,12452590,147,CDS
34809,12452678,12452857,179,CDS
34810,12452917,12453057,140,CDS
34811,12453142,12453291,149,CDS
34812,12454729,12455683,954,gene
34813,12454729,12455683,954,mRNA
34814,12454729,12455443,714,mRNA
34815,12454869,12455438,569,CDS
34816,12454869,12455438,569,CDS
34817,12455771,12456258,487,gene
34818,12455771,12456258,487,ncRNA
34819,12455771,12456060,289,ncRNA
34820,12456409,12457763,1354,gene
34821,12457685,12457763,78,mRNA
34822,12456409,12457509,1100,mRNA
34823,12457685,12457690,5,CDS
34824,12456556,12457509,953,CDS
34825,12459796,12463112,3316,gene
34826,12462867,12463112,245,mRNA
34827,12461736,12461872,136,mRNA
34828,12461456,12461649,193,mRNA
34829,12460989,12461211,222,mRNA
34830,12459796,12460583,787,mRNA
34831,12462867,12463112,245,mRNA
34832,12461736,12461872,136,mRNA
34833,12461456,12461679,223,mRNA
34834,12460989,12461211,222,mRNA
34835,12459796,12460583,787,mRNA
34836,12462055,12462161,106,mRNA
34837,12461736,12461872,136,mRNA
34838,12461456,12461649,193,mRNA
34839,12460989,12461211,222,mRNA
34840,12459796,12460583,787,mRNA
34841,12461736,12461868,132,CDS
34842,12461456,12461649,193,CDS
34843,12460989,12461211,222,CDS
34844,12460366,12460583,217,CDS
34845,12461736,12461868,132,CDS
34846,12461456,12461649,193,CDS
34847,12460989,12461211,222,CDS
34848,12460366,12460583,217,CDS
34849,12461736,12461868,132,CDS
34850,12461456,12461679,223,CDS
34851,12460989,12461211,222,CDS
34852,12460366,12460583,217,CDS
34853,12463528,12478431,14903,gene
34854,12463528,12464619,1091,mRNA
34855,12465249,12465488,239,mRNA
34856,12475640,12475840,200,mRNA
34857,12475915,12475997,82,mRNA
34858,12476153,12476268,115,mRNA
34859,12476337,12478431,2094,mRNA
34860,12464099,12464619,520,CDS
34861,12465249,12465488,239,CDS
34862,12475640,12475840,200,CDS
34863,12475915,12475997,82,CDS
34864,12476153,12476268,115,CDS
34865,12476337,12476573,236,CDS
34866,12471664,12471908,244,mRNA
34867,12475640,12475840,200,mRNA
34868,12475915,12475997,82,mRNA
34869,12476153,12476268,115,mRNA
34870,12476337,12478431,2094,mRNA
34871,12471664,12471908,244,mRNA
34872,12475640,12475840,200,mRNA
34873,12475915,12475997,82,mRNA
34874,12476153,12476268,115,mRNA
34875,12476337,12477497,1160,mRNA
34876,12475192,12475260,68,mRNA
34877,12475640,12475840,200,mRNA
34878,12475915,12475997,82,mRNA
34879,12476153,12476268,115,mRNA
34880,12476319,12477497,1178,mRNA
34881,12475767,12475840,73,CDS
34882,12475915,12475997,82,CDS
34883,12476153,12476268,115,CDS
34884,12476319,12476573,254,CDS
34885,12475767,12475840,73,CDS
34886,12475915,12475997,82,CDS
34887,12476153,12476268,115,CDS
34888,12476337,12476573,236,CDS
34889,12475767,12475840,73,CDS
34890,12475915,12475997,82,CDS
34891,12476153,12476268,115,CDS
34892,12476337,12476573,236,CDS
34893,12486970,12489448,2478,gene
34894,12486970,12487093,123,mRNA
34895,12487827,12488041,214,mRNA
34896,12488317,12488496,179,mRNA
34897,12488642,12489448,806,mRNA
34898,12487082,12487093,11,CDS
34899,12487827,12488041,214,CDS
34900,12488317,12488496,179,CDS
34901,12488642,12489047,405,CDS
34902,12490291,12492982,2691,gene
34903,12490291,12490592,301,mRNA
34904,12490660,12492982,2322,mRNA
34905,12490383,12490592,209,CDS
34906,12490660,12492900,2240,CDS
34907,12494395,12496597,2202,gene
34908,12494395,12496597,2202,mRNA
34909,12494462,12496561,2099,CDS
34910,12497188,12516565,19377,gene
34911,12497188,12497593,405,mRNA
34912,12514484,12515517,1033,mRNA
34913,12515645,12515767,122,mRNA
34914,12515825,12516565,740,mRNA
34915,12497573,12497593,20,CDS
34916,12514484,12515517,1033,CDS
34917,12515645,12515767,122,CDS
34918,12515825,12516059,234,CDS
34919,12497701,12497808,107,gene
34920,12497701,12497808,107,ncRNA
34921,12516634,12568452,51818,gene
34922,12568289,12568452,163,mRNA
34923,12565015,12566836,1821,mRNA
34924,12564302,12564691,389,mRNA
34925,12563082,12563241,159,mRNA
34926,12529488,12529622,134,mRNA
34927,12523518,12524226,708,mRNA
34928,12521909,12522726,817,mRNA
34929,12519656,12521822,2166,mRNA
34930,12519403,12519586,183,mRNA
34931,12519228,12519347,119,mRNA
34932,12516634,12519165,2531,mRNA
34933,12546662,12546982,320,mRNA
34934,12529488,12529622,134,mRNA
34935,12523518,12524226,708,mRNA
34936,12521909,12522726,817,mRNA
34937,12519656,12521822,2166,mRNA
34938,12519403,12519586,183,mRNA
34939,12519228,12519347,119,mRNA
34940,12516634,12519165,2531,mRNA
34941,12531021,12531233,212,mRNA
34942,12529488,12529622,134,mRNA
34943,12523518,12524226,708,mRNA
34944,12521909,12522726,817,mRNA
34945,12519656,12521822,2166,mRNA
34946,12519403,12519586,183,mRNA
34947,12519228,12519347,119,mRNA
34948,12516634,12519165,2531,mRNA
34949,12546662,12546982,320,mRNA
34950,12529488,12529622,134,mRNA
34951,12523518,12524226,708,mRNA
34952,12521909,12522726,817,mRNA
34953,12519656,12521822,2166,mRNA
34954,12519403,12519586,183,mRNA
34955,12519228,12519347,119,mRNA
34956,12517399,12519165,1766,mRNA
34957,12565015,12565451,436,CDS
34958,12564302,12564691,389,CDS
34959,12563082,12563241,159,CDS
34960,12529488,12529622,134,CDS
34961,12523518,12524226,708,CDS
34962,12521909,12522726,817,CDS
34963,12519656,12521822,2166,CDS
34964,12519403,12519586,183,CDS
34965,12519228,12519347,119,CDS
34966,12518979,12519165,186,CDS
34967,12546662,12546691,29,CDS
34968,12529488,12529622,134,CDS
34969,12523518,12524226,708,CDS
34970,12521909,12522726,817,CDS
34971,12519656,12521822,2166,CDS
34972,12519403,12519586,183,CDS
34973,12519228,12519347,119,CDS
34974,12518979,12519165,186,CDS
34975,12531021,12531233,212,CDS
34976,12529488,12529622,134,CDS
34977,12523518,12524226,708,CDS
34978,12521909,12522726,817,CDS
34979,12519656,12521822,2166,CDS
34980,12519403,12519586,183,CDS
34981,12519228,12519347,119,CDS
34982,12518979,12519165,186,CDS
34983,12519656,12521807,2151,CDS
34984,12519403,12519586,183,CDS
34985,12519228,12519347,119,CDS
34986,12518979,12519165,186,CDS
34987,12553124,12554235,1111,gene
34988,12553124,12553510,386,mRNA
34989,12553622,12553831,209,mRNA
34990,12554015,12554235,220,mRNA
34991,12553124,12553510,386,mRNA
34992,12553622,12553831,209,mRNA
34993,12554021,12554235,214,mRNA
34994,12553248,12553510,262,CDS
34995,12553622,12553831,209,CDS
34996,12554015,12554135,120,CDS
34997,12553248,12553510,262,CDS
34998,12553622,12553831,209,CDS
34999,12554021,12554135,114,CDS
35000,12569169,12583193,14024,gene
35001,12581572,12583193,1621,mRNA
35002,12572772,12573409,637,mRNA
35003,12569169,12572626,3457,mRNA
35004,12581572,12583193,1621,mRNA
35005,12573725,12573814,89,mRNA
35006,12572772,12573409,637,mRNA
35007,12569751,12572626,2875,mRNA
35008,12581572,12583193,1621,mRNA
35009,12573725,12573859,134,mRNA
35010,12572772,12573409,637,mRNA
35011,12571211,12572626,1415,mRNA
35012,12581572,12582550,978,CDS
35013,12572772,12573409,637,CDS
35014,12572486,12572626,140,CDS
35015,12581572,12582550,978,CDS
35016,12573725,12573814,89,CDS
35017,12572772,12573409,637,CDS
35018,12572486,12572626,140,CDS
35019,12581572,12582550,978,CDS
35020,12573725,12573859,134,CDS
35021,12572772,12573409,637,CDS
35022,12572486,12572626,140,CDS
35023,12584385,12592193,7808,gene
35024,12591931,12592193,262,mRNA
35025,12589841,12590484,643,mRNA
35026,12589256,12589321,65,mRNA
35027,12587970,12589167,1197,mRNA
35028,12586310,12587900,1590,mRNA
35029,12584385,12586249,1864,mRNA
35030,12589524,12589683,159,mRNA
35031,12587970,12589167,1197,mRNA
35032,12586310,12587900,1590,mRNA
35033,12584385,12586249,1864,mRNA
35034,12591968,12592193,225,mRNA
35035,12589841,12590484,643,mRNA
35036,12587970,12589167,1197,mRNA
35037,12586310,12587900,1590,mRNA
35038,12584945,12586249,1304,mRNA
35039,12589256,12589348,92,mRNA
35040,12587970,12589167,1197,mRNA
35041,12586310,12587900,1590,mRNA
35042,12584945,12586249,1304,mRNA
35043,12591931,12592193,262,mRNA
35044,12589841,12590484,643,mRNA
35045,12587970,12589167,1197,mRNA
35046,12586310,12587900,1590,mRNA
35047,12585426,12586249,823,mRNA
35048,12589841,12590448,607,CDS
35049,12587970,12589167,1197,CDS
35050,12586310,12587900,1590,CDS
35051,12585939,12586249,310,CDS
35052,12589841,12590448,607,CDS
35053,12587970,12589167,1197,CDS
35054,12586310,12587900,1590,CDS
35055,12585939,12586249,310,CDS
35056,12589841,12590448,607,CDS
35057,12589256,12589321,65,CDS
35058,12587970,12589167,1197,CDS
35059,12586310,12587900,1590,CDS
35060,12585939,12586249,310,CDS
35061,12589524,12589582,58,CDS
35062,12587970,12589167,1197,CDS
35063,12586310,12587900,1590,CDS
35064,12585939,12586249,310,CDS
35065,12589256,12589287,31,CDS
35066,12587970,12589167,1197,CDS
35067,12586310,12587900,1590,CDS
35068,12585939,12586249,310,CDS
35069,12592555,12595624,3069,gene
35070,12595497,12595624,127,mRNA
35071,12594968,12595331,363,mRNA
35072,12593876,12594892,1016,mRNA
35073,12593007,12593612,605,mRNA
35074,12592555,12592948,393,mRNA
35075,12595497,12595546,49,CDS
35076,12594968,12595331,363,CDS
35077,12593876,12594892,1016,CDS
35078,12593007,12593612,605,CDS
35079,12592700,12592948,248,CDS
35080,12596047,12609910,13863,gene
35081,12596047,12596234,187,mRNA
35082,12597346,12600441,3095,mRNA
35083,12601583,12601897,314,mRNA
35084,12603010,12603466,456,mRNA
35085,12603529,12604259,730,mRNA
35086,12604320,12604584,264,mRNA
35087,12604648,12604797,149,mRNA
35088,12604864,12605388,524,mRNA
35089,12605803,12606153,350,mRNA
35090,12607698,12607879,181,mRNA
35091,12607999,12608528,529,mRNA
35092,12608624,12608865,241,mRNA
35093,12608935,12609910,975,mRNA
35094,12596047,12596234,187,mRNA
35095,12597346,12600441,3095,mRNA
35096,12603010,12603466,456,mRNA
35097,12603529,12604259,730,mRNA
35098,12604320,12604584,264,mRNA
35099,12604648,12604797,149,mRNA
35100,12604864,12605388,524,mRNA
35101,12605803,12606153,350,mRNA
35102,12607698,12607879,181,mRNA
35103,12607999,12608528,529,mRNA
35104,12608624,12608865,241,mRNA
35105,12608935,12609910,975,mRNA
35106,12596047,12596234,187,mRNA
35107,12597346,12600441,3095,mRNA
35108,12601583,12601897,314,mRNA
35109,12603010,12603466,456,mRNA
35110,12603529,12604259,730,mRNA
35111,12604320,12604584,264,mRNA
35112,12604648,12604797,149,mRNA
35113,12604861,12605388,527,mRNA
35114,12605803,12607707,1904,mRNA
35115,12596047,12596234,187,mRNA
35116,12597346,12600441,3095,mRNA
35117,12603010,12603466,456,mRNA
35118,12603529,12604259,730,mRNA
35119,12604320,12604584,264,mRNA
35120,12604648,12604797,149,mRNA
35121,12604861,12605388,527,mRNA
35122,12605803,12607707,1904,mRNA
35123,12596676,12596737,61,mRNA
35124,12597346,12600441,3095,mRNA
35125,12601583,12601897,314,mRNA
35126,12603010,12603466,456,mRNA
35127,12603529,12604259,730,mRNA
35128,12604320,12604584,264,mRNA
35129,12604648,12604797,149,mRNA
35130,12604861,12605388,527,mRNA
35131,12605803,12606153,350,mRNA
35132,12607698,12607879,181,mRNA
35133,12607978,12608528,550,mRNA
35134,12608624,12608865,241,mRNA
35135,12608941,12609910,969,mRNA
35136,12596901,12596969,68,mRNA
35137,12597346,12600441,3095,mRNA
35138,12603010,12603466,456,mRNA
35139,12603529,12604259,730,mRNA
35140,12604320,12604584,264,mRNA
35141,12604648,12604797,149,mRNA
35142,12604861,12605388,527,mRNA
35143,12607698,12607879,181,mRNA
35144,12607999,12608528,529,mRNA
35145,12608624,12608865,241,mRNA
35146,12608935,12609910,975,mRNA
35147,12597353,12600441,3088,CDS
35148,12601583,12601897,314,CDS
35149,12603010,12603466,456,CDS
35150,12603529,12604259,730,CDS
35151,12604320,12604584,264,CDS
35152,12604648,12604797,149,CDS
35153,12604861,12605388,527,CDS
35154,12605803,12606153,350,CDS
35155,12607698,12607879,181,CDS
35156,12607978,12608528,550,CDS
35157,12608624,12608757,133,CDS
35158,12597353,12600441,3088,CDS
35159,12601583,12601897,314,CDS
35160,12603010,12603466,456,CDS
35161,12603529,12604259,730,CDS
35162,12604320,12604584,264,CDS
35163,12604648,12604797,149,CDS
35164,12604864,12605388,524,CDS
35165,12605803,12606153,350,CDS
35166,12607698,12607879,181,CDS
35167,12607999,12608528,529,CDS
35168,12608624,12608757,133,CDS
35169,12597353,12600441,3088,CDS
35170,12603010,12603466,456,CDS
35171,12603529,12604259,730,CDS
35172,12604320,12604584,264,CDS
35173,12604648,12604797,149,CDS
35174,12604861,12605388,527,CDS
35175,12607698,12607879,181,CDS
35176,12607999,12608528,529,CDS
35177,12608624,12608757,133,CDS
35178,12597353,12600441,3088,CDS
35179,12603010,12603466,456,CDS
35180,12603529,12604259,730,CDS
35181,12604320,12604584,264,CDS
35182,12604648,12604797,149,CDS
35183,12604864,12605388,524,CDS
35184,12605803,12606153,350,CDS
35185,12607698,12607879,181,CDS
35186,12607999,12608528,529,CDS
35187,12608624,12608757,133,CDS
35188,12597353,12600441,3088,CDS
35189,12601583,12601897,314,CDS
35190,12603010,12603466,456,CDS
35191,12603529,12604259,730,CDS
35192,12604320,12604584,264,CDS
35193,12604648,12604797,149,CDS
35194,12604861,12605388,527,CDS
35195,12605803,12607248,1445,CDS
35196,12597353,12600441,3088,CDS
35197,12603010,12603466,456,CDS
35198,12603529,12604259,730,CDS
35199,12604320,12604584,264,CDS
35200,12604648,12604797,149,CDS
35201,12604861,12605388,527,CDS
35202,12605803,12607248,1445,CDS
35203,12609977,12611667,1690,gene
35204,12611523,12611608,85,mRNA
35205,12610689,12611470,781,mRNA
35206,12609977,12610634,657,mRNA
35207,12611523,12611667,144,mRNA
35208,12610689,12611470,781,mRNA
35209,12610269,12610634,365,mRNA
35210,12611523,12611608,85,mRNA
35211,12610689,12611470,781,mRNA
35212,12610269,12610634,365,mRNA
35213,12611523,12611551,28,CDS
35214,12610689,12611470,781,CDS
35215,12610435,12610634,199,CDS
35216,12611523,12611551,28,CDS
35217,12610689,12611470,781,CDS
35218,12610435,12610634,199,CDS
35219,12611523,12611551,28,CDS
35220,12610689,12611470,781,CDS
35221,12610435,12610634,199,CDS
35222,12611867,12615530,3663,gene
35223,12611867,12611990,123,mRNA
35224,12612395,12612772,377,mRNA
35225,12613110,12613286,176,mRNA
35226,12614021,12614850,829,mRNA
35227,12614917,12615530,613,mRNA
35228,12612108,12615780,3672,gene
35229,12615630,12615780,150,ncRNA
35230,12612108,12613796,1688,ncRNA
35231,12612482,12612772,290,CDS
35232,12613110,12613286,176,CDS
35233,12614021,12614850,829,CDS
35234,12614917,12615337,420,CDS
35235,12612508,12612772,264,mRNA
35236,12613110,12613286,176,mRNA
35237,12614021,12614850,829,mRNA
35238,12614917,12615530,613,mRNA
35239,12612572,12612772,200,CDS
35240,12613110,12613286,176,CDS
35241,12614021,12614850,829,CDS
35242,12614917,12615337,420,CDS
35243,12615630,12615780,150,ncRNA
35244,12613177,12613796,619,ncRNA
35245,12615630,12615780,150,ncRNA
35246,12613978,12614797,819,ncRNA
35247,12616316,12621216,4900,gene
35248,12616316,12616749,433,mRNA
35249,12619652,12620213,561,mRNA
35250,12620669,12621216,547,mRNA
35251,12616677,12616749,72,CDS
35252,12619652,12620213,561,CDS
35253,12620669,12620921,252,CDS
35254,12622212,12622771,559,gene
35255,12622212,12622771,559,ncRNA
35256,12624292,12628445,4153,gene
35257,12624292,12624431,139,mRNA
35258,12627216,12627364,148,mRNA
35259,12627421,12627612,191,mRNA
35260,12627677,12628445,768,mRNA
35261,12627093,12627144,51,mRNA
35262,12627216,12627364,148,mRNA
35263,12627421,12627612,191,mRNA
35264,12627677,12628423,746,mRNA
35265,12627233,12627364,131,CDS
35266,12627421,12627612,191,CDS
35267,12627677,12628249,572,CDS
35268,12627233,12627364,131,CDS
35269,12627421,12627612,191,CDS
35270,12627677,12628249,572,CDS
35271,12628370,12629640,1270,gene
35272,12629475,12629640,165,mRNA
35273,12628370,12629410,1040,mRNA
35274,12629475,12629598,123,mRNA
35275,12628370,12629410,1040,mRNA
35276,12629475,12629503,28,CDS
35277,12628555,12629410,855,CDS
35278,12629475,12629503,28,CDS
35279,12628555,12629410,855,CDS
35280,12629878,12631111,1233,gene
35281,12629878,12631111,1233,mRNA
35282,12629959,12630894,935,CDS
35283,12631605,12653442,21837,gene
35284,12631605,12631813,208,mRNA
35285,12633913,12633957,44,mRNA
35286,12635732,12636283,551,mRNA
35287,12636539,12636636,97,mRNA
35288,12636711,12636899,188,mRNA
35289,12637051,12637185,134,mRNA
35290,12637261,12637324,63,mRNA
35291,12637438,12637645,207,mRNA
35292,12637707,12637782,75,mRNA
35293,12638019,12638173,154,mRNA
35294,12638344,12638525,181,mRNA
35295,12638593,12639075,482,mRNA
35296,12639154,12639296,142,mRNA
35297,12640662,12640839,177,mRNA
35298,12648537,12648783,246,mRNA
35299,12651110,12651226,116,mRNA
35300,12651295,12651417,122,mRNA
35301,12651479,12651598,119,mRNA
35302,12651675,12652124,449,mRNA
35303,12652241,12652349,108,mRNA
35304,12652415,12652501,86,mRNA
35305,12652569,12652664,95,mRNA
35306,12652739,12652863,124,mRNA
35307,12652947,12653442,495,mRNA
35308,12631605,12631813,208,mRNA
35309,12633918,12633957,39,mRNA
35310,12635732,12636283,551,mRNA
35311,12636539,12636636,97,mRNA
35312,12636711,12636899,188,mRNA
35313,12637051,12637185,134,mRNA
35314,12637261,12637324,63,mRNA
35315,12637438,12637645,207,mRNA
35316,12637707,12637782,75,mRNA
35317,12638019,12638173,154,mRNA
35318,12638344,12638525,181,mRNA
35319,12638593,12639075,482,mRNA
35320,12639154,12639296,142,mRNA
35321,12640662,12640839,177,mRNA
35322,12643873,12644767,894,mRNA
35323,12651110,12651226,116,mRNA
35324,12651295,12651417,122,mRNA
35325,12651479,12651598,119,mRNA
35326,12651675,12652124,449,mRNA
35327,12652241,12652349,108,mRNA
35328,12652415,12652501,86,mRNA
35329,12652569,12652664,95,mRNA
35330,12652739,12652863,124,mRNA
35331,12652947,12653442,495,mRNA
35332,12631605,12631813,208,mRNA
35333,12635732,12636283,551,mRNA
35334,12636539,12636636,97,mRNA
35335,12636711,12636899,188,mRNA
35336,12637051,12637185,134,mRNA
35337,12637261,12637324,63,mRNA
35338,12637438,12637645,207,mRNA
35339,12637707,12637782,75,mRNA
35340,12638019,12638173,154,mRNA
35341,12638344,12638525,181,mRNA
35342,12638593,12639075,482,mRNA
35343,12639154,12639296,142,mRNA
35344,12640662,12640839,177,mRNA
35345,12643873,12644767,894,mRNA
35346,12651110,12651226,116,mRNA
35347,12651295,12651417,122,mRNA
35348,12651479,12651598,119,mRNA
35349,12651675,12652124,449,mRNA
35350,12652241,12652349,108,mRNA
35351,12652415,12652501,86,mRNA
35352,12652569,12652664,95,mRNA
35353,12652739,12652863,124,mRNA
35354,12652947,12653442,495,mRNA
35355,12631605,12631813,208,mRNA
35356,12635732,12636283,551,mRNA
35357,12636539,12636636,97,mRNA
35358,12636711,12636899,188,mRNA
35359,12637051,12637185,134,mRNA
35360,12637261,12637324,63,mRNA
35361,12637438,12637645,207,mRNA
35362,12637707,12637782,75,mRNA
35363,12638019,12638173,154,mRNA
35364,12638344,12638525,181,mRNA
35365,12638593,12639075,482,mRNA
35366,12639154,12639296,142,mRNA
35367,12640662,12640839,177,mRNA
35368,12648537,12649182,645,mRNA
35369,12651110,12651226,116,mRNA
35370,12651295,12651417,122,mRNA
35371,12651479,12651598,119,mRNA
35372,12651675,12652124,449,mRNA
35373,12652241,12652349,108,mRNA
35374,12652415,12652501,86,mRNA
35375,12652569,12652664,95,mRNA
35376,12652739,12652863,124,mRNA
35377,12652947,12653442,495,mRNA
35378,12631605,12631813,208,mRNA
35379,12635732,12636283,551,mRNA
35380,12636539,12636636,97,mRNA
35381,12636711,12636899,188,mRNA
35382,12637051,12637185,134,mRNA
35383,12637261,12637324,63,mRNA
35384,12637438,12637645,207,mRNA
35385,12637707,12637782,75,mRNA
35386,12638019,12638173,154,mRNA
35387,12638344,12638525,181,mRNA
35388,12638593,12639075,482,mRNA
35389,12639154,12639296,142,mRNA
35390,12640662,12640839,177,mRNA
35391,12648537,12648783,246,mRNA
35392,12651110,12651226,116,mRNA
35393,12651295,12651417,122,mRNA
35394,12651479,12651598,119,mRNA
35395,12651675,12652124,449,mRNA
35396,12652241,12652349,108,mRNA
35397,12652415,12652501,86,mRNA
35398,12652569,12652664,95,mRNA
35399,12652739,12652863,124,mRNA
35400,12652947,12653341,394,mRNA
35401,12633549,12633957,408,mRNA
35402,12635732,12636283,551,mRNA
35403,12636539,12636636,97,mRNA
35404,12636711,12636899,188,mRNA
35405,12637051,12637185,134,mRNA
35406,12637261,12637324,63,mRNA
35407,12637438,12637645,207,mRNA
35408,12637707,12637782,75,mRNA
35409,12638019,12638173,154,mRNA
35410,12638344,12638525,181,mRNA
35411,12638593,12639075,482,mRNA
35412,12639154,12639296,142,mRNA
35413,12640662,12640839,177,mRNA
35414,12643873,12644767,894,mRNA
35415,12651110,12651226,116,mRNA
35416,12651295,12651417,122,mRNA
35417,12651479,12651598,119,mRNA
35418,12651675,12652124,449,mRNA
35419,12652241,12652349,108,mRNA
35420,12652415,12652501,86,mRNA
35421,12652569,12652664,95,mRNA
35422,12652739,12652863,124,mRNA
35423,12652947,12653442,495,mRNA
35424,12633627,12633957,330,mRNA
35425,12635732,12636283,551,mRNA
35426,12636539,12636636,97,mRNA
35427,12636711,12636899,188,mRNA
35428,12637051,12637185,134,mRNA
35429,12637261,12637324,63,mRNA
35430,12637438,12637645,207,mRNA
35431,12637707,12637782,75,mRNA
35432,12638019,12638173,154,mRNA
35433,12638344,12638525,181,mRNA
35434,12638593,12639075,482,mRNA
35435,12639154,12639296,142,mRNA
35436,12640662,12640839,177,mRNA
35437,12648537,12649182,645,mRNA
35438,12651110,12651226,116,mRNA
35439,12651295,12651417,122,mRNA
35440,12651479,12651598,119,mRNA
35441,12651675,12652124,449,mRNA
35442,12652241,12652349,108,mRNA
35443,12652415,12652501,86,mRNA
35444,12652569,12652664,95,mRNA
35445,12652739,12652863,124,mRNA
35446,12652947,12653341,394,mRNA
35447,12636161,12636283,122,CDS
35448,12636539,12636636,97,CDS
35449,12636711,12636899,188,CDS
35450,12637051,12637185,134,CDS
35451,12637261,12637324,63,CDS
35452,12637438,12637645,207,CDS
35453,12637707,12637782,75,CDS
35454,12638019,12638173,154,CDS
35455,12638344,12638525,181,CDS
35456,12638593,12639075,482,CDS
35457,12639154,12639296,142,CDS
35458,12640662,12640839,177,CDS
35459,12643873,12644767,894,CDS
35460,12651110,12651226,116,CDS
35461,12651295,12651417,122,CDS
35462,12651479,12651598,119,CDS
35463,12651675,12652124,449,CDS
35464,12652241,12652349,108,CDS
35465,12652415,12652501,86,CDS
35466,12652569,12652664,95,CDS
35467,12652739,12652863,124,CDS
35468,12652947,12653203,256,CDS
35469,12636161,12636283,122,CDS
35470,12636539,12636636,97,CDS
35471,12636711,12636899,188,CDS
35472,12637051,12637185,134,CDS
35473,12637261,12637324,63,CDS
35474,12637438,12637645,207,CDS
35475,12637707,12637782,75,CDS
35476,12638019,12638173,154,CDS
35477,12638344,12638525,181,CDS
35478,12638593,12639075,482,CDS
35479,12639154,12639296,142,CDS
35480,12640662,12640839,177,CDS
35481,12643873,12644767,894,CDS
35482,12651110,12651226,116,CDS
35483,12651295,12651417,122,CDS
35484,12651479,12651598,119,CDS
35485,12651675,12652124,449,CDS
35486,12652241,12652349,108,CDS
35487,12652415,12652501,86,CDS
35488,12652569,12652664,95,CDS
35489,12652739,12652863,124,CDS
35490,12652947,12653203,256,CDS
35491,12636161,12636283,122,CDS
35492,12636539,12636636,97,CDS
35493,12636711,12636899,188,CDS
35494,12637051,12637185,134,CDS
35495,12637261,12637324,63,CDS
35496,12637438,12637645,207,CDS
35497,12637707,12637782,75,CDS
35498,12638019,12638173,154,CDS
35499,12638344,12638525,181,CDS
35500,12638593,12639075,482,CDS
35501,12639154,12639296,142,CDS
35502,12640662,12640839,177,CDS
35503,12643873,12644767,894,CDS
35504,12651110,12651226,116,CDS
35505,12651295,12651417,122,CDS
35506,12651479,12651598,119,CDS
35507,12651675,12652124,449,CDS
35508,12652241,12652349,108,CDS
35509,12652415,12652501,86,CDS
35510,12652569,12652664,95,CDS
35511,12652739,12652863,124,CDS
35512,12652947,12653203,256,CDS
35513,12636161,12636283,122,CDS
35514,12636539,12636636,97,CDS
35515,12636711,12636899,188,CDS
35516,12637051,12637185,134,CDS
35517,12637261,12637324,63,CDS
35518,12637438,12637645,207,CDS
35519,12637707,12637782,75,CDS
35520,12638019,12638173,154,CDS
35521,12638344,12638525,181,CDS
35522,12638593,12639075,482,CDS
35523,12639154,12639296,142,CDS
35524,12640662,12640839,177,CDS
35525,12648537,12649182,645,CDS
35526,12651110,12651226,116,CDS
35527,12651295,12651417,122,CDS
35528,12651479,12651598,119,CDS
35529,12651675,12652124,449,CDS
35530,12652241,12652349,108,CDS
35531,12652415,12652501,86,CDS
35532,12652569,12652664,95,CDS
35533,12652739,12652863,124,CDS
35534,12652947,12653203,256,CDS
35535,12636161,12636283,122,CDS
35536,12636539,12636636,97,CDS
35537,12636711,12636899,188,CDS
35538,12637051,12637185,134,CDS
35539,12637261,12637324,63,CDS
35540,12637438,12637645,207,CDS
35541,12637707,12637782,75,CDS
35542,12638019,12638173,154,CDS
35543,12638344,12638525,181,CDS
35544,12638593,12639075,482,CDS
35545,12639154,12639296,142,CDS
35546,12640662,12640839,177,CDS
35547,12648537,12649182,645,CDS
35548,12651110,12651226,116,CDS
35549,12651295,12651417,122,CDS
35550,12651479,12651598,119,CDS
35551,12651675,12652124,449,CDS
35552,12652241,12652349,108,CDS
35553,12652415,12652501,86,CDS
35554,12652569,12652664,95,CDS
35555,12652739,12652863,124,CDS
35556,12652947,12653203,256,CDS
35557,12636161,12636283,122,CDS
35558,12636539,12636636,97,CDS
35559,12636711,12636899,188,CDS
35560,12637051,12637185,134,CDS
35561,12637261,12637324,63,CDS
35562,12637438,12637645,207,CDS
35563,12637707,12637782,75,CDS
35564,12638019,12638173,154,CDS
35565,12638344,12638525,181,CDS
35566,12638593,12639075,482,CDS
35567,12639154,12639296,142,CDS
35568,12640662,12640839,177,CDS
35569,12648537,12648783,246,CDS
35570,12651110,12651226,116,CDS
35571,12651295,12651417,122,CDS
35572,12651479,12651598,119,CDS
35573,12651675,12652124,449,CDS
35574,12652241,12652349,108,CDS
35575,12652415,12652501,86,CDS
35576,12652569,12652664,95,CDS
35577,12652739,12652863,124,CDS
35578,12652947,12653203,256,CDS
35579,12636161,12636283,122,CDS
35580,12636539,12636636,97,CDS
35581,12636711,12636899,188,CDS
35582,12637051,12637185,134,CDS
35583,12637261,12637324,63,CDS
35584,12637438,12637645,207,CDS
35585,12637707,12637782,75,CDS
35586,12638019,12638173,154,CDS
35587,12638344,12638525,181,CDS
35588,12638593,12639075,482,CDS
35589,12639154,12639296,142,CDS
35590,12640662,12640839,177,CDS
35591,12648537,12648783,246,CDS
35592,12651110,12651226,116,CDS
35593,12651295,12651417,122,CDS
35594,12651479,12651598,119,CDS
35595,12651675,12652124,449,CDS
35596,12652241,12652349,108,CDS
35597,12652415,12652501,86,CDS
35598,12652569,12652664,95,CDS
35599,12652739,12652863,124,CDS
35600,12652947,12653203,256,CDS
35601,12636336,12636430,94,gene
35602,12636336,12636430,94,precursor_RNA
35603,12636352,12636375,23,ncRNA
35604,12636396,12636416,20,ncRNA
35605,12653626,12657834,4208,gene
35606,12653626,12654168,542,mRNA
35607,12655171,12655316,145,mRNA
35608,12655378,12656152,774,mRNA
35609,12656334,12657275,941,mRNA
35610,12653800,12654168,368,mRNA
35611,12655171,12655316,145,mRNA
35612,12655378,12656152,774,mRNA
35613,12656334,12657834,1500,mRNA
35614,12653800,12654168,368,mRNA
35615,12655171,12655316,145,mRNA
35616,12655378,12656152,774,mRNA
35617,12656334,12657275,941,mRNA
35618,12654035,12654168,133,mRNA
35619,12655171,12655316,145,mRNA
35620,12655378,12656152,774,mRNA
35621,12656334,12657275,941,mRNA
35622,12654399,12654532,133,mRNA
35623,12655171,12655316,145,mRNA
35624,12655378,12656152,774,mRNA
35625,12656334,12657275,941,mRNA
35626,12654700,12654969,269,mRNA
35627,12655171,12655316,145,mRNA
35628,12655378,12656152,774,mRNA
35629,12656334,12657275,941,mRNA
35630,12655238,12655316,78,CDS
35631,12655378,12656152,774,CDS
35632,12656334,12656493,159,CDS
35633,12655238,12655316,78,CDS
35634,12655378,12656152,774,CDS
35635,12656334,12656493,159,CDS
35636,12655238,12655316,78,CDS
35637,12655378,12656152,774,CDS
35638,12656334,12656493,159,CDS
35639,12655238,12655316,78,CDS
35640,12655378,12656152,774,CDS
35641,12656334,12656493,159,CDS
35642,12655238,12655316,78,CDS
35643,12655378,12656152,774,CDS
35644,12656334,12656493,159,CDS
35645,12655238,12655316,78,CDS
35646,12655378,12656152,774,CDS
35647,12656334,12656493,159,CDS
35648,12659415,12682554,23139,gene
35649,12659415,12659548,133,mRNA
35650,12660534,12660867,333,mRNA
35651,12677737,12678056,319,mRNA
35652,12678334,12682554,4220,mRNA
35653,12659415,12659548,133,mRNA
35654,12660534,12660867,333,mRNA
35655,12677737,12678056,319,mRNA
35656,12678334,12679702,1368,mRNA
35657,12659462,12660632,1170,gene
35658,12659462,12660632,1170,ncRNA
35659,12660534,12660867,333,mRNA
35660,12677737,12678056,319,mRNA
35661,12678334,12679702,1368,mRNA
35662,12660784,12660867,83,CDS
35663,12677737,12678056,319,CDS
35664,12678334,12679240,906,CDS
35665,12660784,12660867,83,CDS
35666,12677737,12678056,319,CDS
35667,12678334,12679240,906,CDS
35668,12660784,12660867,83,CDS
35669,12677737,12678056,319,CDS
35670,12678334,12679240,906,CDS
35671,12665217,12665268,51,gene
35672,12665217,12665268,51,precursor_RNA
35673,12665217,12665238,21,ncRNA
35674,12665247,12665267,20,ncRNA
35675,12684203,12742618,58415,gene
35676,12742319,12742444,125,mRNA
35677,12730934,12731906,972,mRNA
35678,12713661,12715269,1608,mRNA
35679,12711379,12713314,1935,mRNA
35680,12710798,12711212,414,mRNA
35681,12710310,12710719,409,mRNA
35682,12690293,12693425,3132,mRNA
35683,12690092,12690228,136,mRNA
35684,12689291,12690038,747,mRNA
35685,12684203,12689211,5008,mRNA
35686,12742319,12742444,125,mRNA
35687,12741449,12741641,192,mRNA
35688,12730934,12732400,1466,mRNA
35689,12713661,12715287,1626,mRNA
35690,12711379,12713314,1935,mRNA
35691,12710798,12711212,414,mRNA
35692,12710310,12710719,409,mRNA
35693,12690293,12693425,3132,mRNA
35694,12690092,12690228,136,mRNA
35695,12689291,12690038,747,mRNA
35696,12684203,12689211,5008,mRNA
35697,12742319,12742618,299,mRNA
35698,12730934,12731818,884,mRNA
35699,12713661,12715269,1608,mRNA
35700,12711379,12713314,1935,mRNA
35701,12710798,12711212,414,mRNA
35702,12710310,12710719,409,mRNA
35703,12690293,12693425,3132,mRNA
35704,12690092,12690228,136,mRNA
35705,12689291,12690038,747,mRNA
35706,12686001,12689211,3210,mRNA
35707,12741867,12742070,203,mRNA
35708,12741449,12741641,192,mRNA
35709,12730934,12732400,1466,mRNA
35710,12713661,12715269,1608,mRNA
35711,12711379,12713314,1935,mRNA
35712,12710798,12711212,414,mRNA
35713,12710310,12710719,409,mRNA
35714,12690293,12693425,3132,mRNA
35715,12690092,12690228,136,mRNA
35716,12689291,12690038,747,mRNA
35717,12686001,12689211,3210,mRNA
35718,12730934,12731439,505,CDS
35719,12713661,12715269,1608,CDS
35720,12711379,12713314,1935,CDS
35721,12710798,12711212,414,CDS
35722,12710310,12710719,409,CDS
35723,12690293,12693425,3132,CDS
35724,12690092,12690228,136,CDS
35725,12689291,12690038,747,CDS
35726,12687300,12689211,1911,CDS
35727,12730934,12731439,505,CDS
35728,12713661,12715269,1608,CDS
35729,12711379,12713314,1935,CDS
35730,12710798,12711212,414,CDS
35731,12710310,12710719,409,CDS
35732,12690293,12693425,3132,CDS
35733,12690092,12690228,136,CDS
35734,12689291,12690038,747,CDS
35735,12687300,12689211,1911,CDS
35736,12730934,12731439,505,CDS
35737,12713661,12715269,1608,CDS
35738,12711379,12713314,1935,CDS
35739,12710798,12711212,414,CDS
35740,12710310,12710719,409,CDS
35741,12690293,12693425,3132,CDS
35742,12690092,12690228,136,CDS
35743,12689291,12690038,747,CDS
35744,12687300,12689211,1911,CDS
35745,12730934,12731439,505,CDS
35746,12713661,12715287,1626,CDS
35747,12711379,12713314,1935,CDS
35748,12710798,12711212,414,CDS
35749,12710310,12710719,409,CDS
35750,12690293,12693425,3132,CDS
35751,12690092,12690228,136,CDS
35752,12689291,12690038,747,CDS
35753,12687300,12689211,1911,CDS
35754,12705854,12708841,2987,gene
35755,12705854,12706748,894,mRNA
35756,12706884,12708841,1957,mRNA
35757,12706198,12706748,550,CDS
35758,12706884,12708570,1686,CDS
35759,12717624,12730953,13329,gene
35760,12730934,12730953,19,ncRNA
35761,12717624,12718051,427,ncRNA
35762,12718353,12718460,107,ncRNA
35763,12717624,12718051,427,ncRNA
35764,12742547,12742926,379,gene
35765,12742547,12742926,379,ncRNA
35766,12744212,12749785,5573,gene
35767,12744212,12744949,737,mRNA
35768,12746869,12748367,1498,mRNA
35769,12744464,12744949,485,mRNA
35770,12746869,12749785,2916,mRNA
35771,12744464,12744949,485,mRNA
35772,12746869,12748367,1498,mRNA
35773,12744557,12744949,392,CDS
35774,12746869,12747435,566,CDS
35775,12744557,12744949,392,CDS
35776,12746869,12747435,566,CDS
35777,12744557,12744949,392,CDS
35778,12746869,12747435,566,CDS
35779,12745358,12745867,509,mRNA
35780,12746869,12747753,884,mRNA
35781,12745415,12745867,452,CDS
35782,12746869,12747435,566,CDS
35783,12746317,12746719,402,mRNA
35784,12746869,12747753,884,mRNA
35785,12746372,12746719,347,CDS
35786,12746869,12747435,566,CDS
35787,12746438,12746698,260,mobile_element
35788,12751867,12754571,2704,gene
35789,12751867,12752416,549,ncRNA
35790,12753825,12754571,746,ncRNA
35791,12757036,12760617,3581,gene
35792,12760349,12760617,268,mRNA
35793,12759712,12759912,200,mRNA
35794,12759463,12759607,144,mRNA
35795,12758923,12759035,112,mRNA
35796,12757036,12758854,1818,mRNA
35797,12760349,12760617,268,mRNA
35798,12759712,12759915,203,mRNA
35799,12759463,12759607,144,mRNA
35800,12758923,12759035,112,mRNA
35801,12757760,12758854,1094,mRNA
35802,12760349,12760373,24,CDS
35803,12759712,12759912,200,CDS
35804,12759463,12759607,144,CDS
35805,12758923,12759035,112,CDS
35806,12758052,12758854,802,CDS
35807,12760349,12760373,24,CDS
35808,12759712,12759915,203,CDS
35809,12759463,12759607,144,CDS
35810,12758923,12759035,112,CDS
35811,12758052,12758854,802,CDS
35812,12760642,12763611,2969,gene
35813,12760642,12763611,2969,mRNA
35814,12760878,12763611,2733,mRNA
35815,12761298,12763343,2045,CDS
35816,12761298,12763343,2045,CDS
35817,12765266,12772851,7585,gene
35818,12765266,12765603,337,mRNA
35819,12766969,12767354,385,mRNA
35820,12769691,12769824,133,mRNA
35821,12769915,12772851,2936,mRNA
35822,12765266,12765512,246,mRNA
35823,12766969,12767354,385,mRNA
35824,12769691,12769824,133,mRNA
35825,12769915,12770978,1063,mRNA
35826,12766570,12766678,108,mRNA
35827,12766969,12767354,385,mRNA
35828,12769691,12769824,133,mRNA
35829,12769915,12772851,2936,mRNA
35830,12767164,12767354,190,CDS
35831,12769691,12769824,133,CDS
35832,12769915,12770621,706,CDS
35833,12767164,12767354,190,CDS
35834,12769691,12769824,133,CDS
35835,12769915,12770621,706,CDS
35836,12767164,12767354,190,CDS
35837,12769691,12769824,133,CDS
35838,12769915,12770621,706,CDS
35839,12770914,12771560,646,mobile_element
35840,12771844,12784958,13114,gene
35841,12784702,12784958,256,mRNA
35842,12783089,12783589,500,mRNA
35843,12777077,12777225,148,mRNA
35844,12776869,12776949,80,mRNA
35845,12771844,12776798,4954,mRNA
35846,12784702,12784958,256,mRNA
35847,12784462,12784522,60,mRNA
35848,12783089,12783589,500,mRNA
35849,12777077,12777225,148,mRNA
35850,12776869,12776949,80,mRNA
35851,12773581,12776798,3217,mRNA
35852,12784809,12784958,149,mRNA
35853,12784462,12784522,60,mRNA
35854,12783089,12783589,500,mRNA
35855,12777077,12777225,148,mRNA
35856,12776869,12776949,80,mRNA
35857,12775496,12776798,1302,mRNA
35858,12784702,12784958,256,mRNA
35859,12783089,12783589,500,mRNA
35860,12777077,12777225,148,mRNA
35861,12776869,12776949,80,mRNA
35862,12776572,12776798,226,mRNA
35863,12783089,12783434,345,CDS
35864,12777077,12777225,148,CDS
35865,12776869,12776949,80,CDS
35866,12776673,12776798,125,CDS
35867,12783089,12783434,345,CDS
35868,12777077,12777225,148,CDS
35869,12776869,12776949,80,CDS
35870,12776673,12776798,125,CDS
35871,12783089,12783434,345,CDS
35872,12777077,12777225,148,CDS
35873,12776869,12776949,80,CDS
35874,12776673,12776798,125,CDS
35875,12783089,12783434,345,CDS
35876,12777077,12777225,148,CDS
35877,12776869,12776949,80,CDS
35878,12776673,12776798,125,CDS
35879,12785563,12897327,111764,gene
35880,12896718,12897327,609,mRNA
35881,12886601,12886669,68,mRNA
35882,12829710,12832340,2630,mRNA
35883,12812170,12812495,325,mRNA
35884,12807077,12807228,151,mRNA
35885,12806898,12807005,107,mRNA
35886,12794458,12794584,126,mRNA
35887,12794095,12794390,295,mRNA
35888,12793577,12794012,435,mRNA
35889,12785563,12792963,7400,mRNA
35890,12896718,12897327,609,mRNA
35891,12886601,12886669,68,mRNA
35892,12829710,12832340,2630,mRNA
35893,12812170,12812495,325,mRNA
35894,12807077,12807228,151,mRNA
35895,12806898,12807005,107,mRNA
35896,12794458,12794584,126,mRNA
35897,12794095,12794390,295,mRNA
35898,12793577,12794012,435,mRNA
35899,12791140,12792963,1823,mRNA
35900,12896718,12897327,609,mRNA
35901,12886601,12886669,68,mRNA
35902,12829710,12832340,2630,mRNA
35903,12812170,12812495,325,mRNA
35904,12807077,12807228,151,mRNA
35905,12806898,12807005,107,mRNA
35906,12794458,12794584,126,mRNA
35907,12794095,12794390,295,mRNA
35908,12793577,12794012,435,mRNA
35909,12791140,12792963,1823,mRNA
35910,12868228,12868771,543,mRNA
35911,12829710,12832340,2630,mRNA
35912,12812170,12812495,325,mRNA
35913,12807077,12807228,151,mRNA
35914,12806898,12807005,107,mRNA
35915,12794458,12794584,126,mRNA
35916,12794095,12794390,295,mRNA
35917,12793577,12794012,435,mRNA
35918,12791140,12792963,1823,mRNA
35919,12829710,12831636,1926,CDS
35920,12812170,12812495,325,CDS
35921,12807077,12807228,151,CDS
35922,12806898,12807005,107,CDS
35923,12794458,12794584,126,CDS
35924,12794095,12794390,295,CDS
35925,12793577,12794012,435,CDS
35926,12791464,12792963,1499,CDS
35927,12829710,12831636,1926,CDS
35928,12812170,12812495,325,CDS
35929,12807077,12807228,151,CDS
35930,12806898,12807005,107,CDS
35931,12794458,12794584,126,CDS
35932,12794095,12794390,295,CDS
35933,12793577,12794012,435,CDS
35934,12791755,12792963,1208,CDS
35935,12829710,12831636,1926,CDS
35936,12812170,12812495,325,CDS
35937,12807077,12807228,151,CDS
35938,12806898,12807005,107,CDS
35939,12794458,12794584,126,CDS
35940,12794095,12794390,295,CDS
35941,12793577,12794012,435,CDS
35942,12791755,12792963,1208,CDS
35943,12829710,12831636,1926,CDS
35944,12812170,12812495,325,CDS
35945,12807077,12807228,151,CDS
35946,12806898,12807005,107,CDS
35947,12794458,12794584,126,CDS
35948,12794095,12794390,295,CDS
35949,12793577,12794012,435,CDS
35950,12791755,12792963,1208,CDS
35951,12801661,12804232,2571,gene
35952,12801661,12804232,2571,mRNA
35953,12801661,12803786,2125,mRNA
35954,12801708,12803675,1967,CDS
35955,12801708,12803675,1967,CDS
35956,12812090,12812149,59,mobile_element
35957,12855688,12857722,2034,gene
35958,12855688,12857722,2034,mRNA
35959,12855758,12857659,1901,CDS
35960,12897503,12898669,1166,gene
35961,12897503,12898669,1166,mRNA
35962,12897547,12898587,1040,CDS
35963,12898768,12901114,2346,gene
35964,12899523,12901114,1591,mRNA
35965,12898768,12899455,687,mRNA
35966,12899523,12900955,1432,CDS
35967,12898903,12899455,552,CDS
35968,12901353,12903516,2163,gene
35969,12903329,12903516,187,mRNA
35970,12902316,12902966,650,mRNA
35971,12901353,12901851,498,mRNA
35972,12903078,12903162,84,mRNA
35973,12902316,12902966,650,mRNA
35974,12901353,12901851,498,mRNA
35975,12903329,12903340,11,CDS
35976,12902316,12902966,650,CDS
35977,12901546,12901851,305,CDS
35978,12902316,12902894,578,CDS
35979,12901546,12901851,305,CDS
35980,12903745,12906018,2273,gene
35981,12905613,12906018,405,mRNA
35982,12903745,12905034,1289,mRNA
35983,12905613,12905781,168,CDS
35984,12904277,12905034,757,CDS
35985,12907105,12907942,837,gene
35986,12907105,12907244,139,mRNA
35987,12907309,12907942,633,mRNA
35988,12907105,12907244,139,mRNA
35989,12907309,12907842,533,mRNA
35990,12907188,12907244,56,CDS
35991,12907309,12907791,482,CDS
35992,12907188,12907244,56,CDS
35993,12907309,12907791,482,CDS
35994,12907986,12909622,1636,gene
35995,12909248,12909622,374,mRNA
35996,12908936,12909180,244,mRNA
35997,12907986,12908688,702,mRNA
35998,12909248,12909437,189,CDS
35999,12908936,12909180,244,CDS
36000,12908344,12908688,344,CDS
36001,12909953,12912070,2117,gene
36002,12909953,12910688,735,mRNA
36003,12910753,12910959,206,mRNA
36004,12911024,12911116,92,mRNA
36005,12911413,12911897,484,mRNA
36006,12910059,12910688,629,mRNA
36007,12910753,12910959,206,mRNA
36008,12911024,12911116,92,mRNA
36009,12911413,12912070,657,mRNA
36010,12910059,12910688,629,mRNA
36011,12910753,12910959,206,mRNA
36012,12911024,12911116,92,mRNA
36013,12911413,12911897,484,mRNA
36014,12910203,12910688,485,CDS
36015,12910753,12910959,206,CDS
36016,12911024,12911116,92,CDS
36017,12911413,12911709,296,CDS
36018,12910203,12910688,485,CDS
36019,12910753,12910959,206,CDS
36020,12911024,12911116,92,CDS
36021,12911413,12911709,296,CDS
36022,12910203,12910688,485,CDS
36023,12910753,12910959,206,CDS
36024,12911024,12911116,92,CDS
36025,12911413,12911709,296,CDS
36026,12912560,12913009,449,gene
36027,12912560,12913009,449,ncRNA
36028,12914844,12915722,878,gene
36029,12914844,12915297,453,ncRNA
36030,12915451,12915722,271,ncRNA
36031,12917477,12950417,32940,gene
36032,12917477,12917814,337,mRNA
36033,12918577,12919709,1132,mRNA
36034,12939015,12939242,227,mRNA
36035,12941720,12942847,1127,mRNA
36036,12943086,12943130,44,mRNA
36037,12943193,12943450,257,mRNA
36038,12943513,12943756,243,mRNA
36039,12945166,12950417,5251,mRNA
36040,12917477,12918013,536,mRNA
36041,12918577,12919709,1132,mRNA
36042,12939015,12939249,234,mRNA
36043,12941720,12942856,1136,mRNA
36044,12943086,12943130,44,mRNA
36045,12943193,12943450,257,mRNA
36046,12943513,12943756,243,mRNA
36047,12945166,12949730,4564,mRNA
36048,12917477,12917814,337,mRNA
36049,12918577,12919709,1132,mRNA
36050,12941720,12942856,1136,mRNA
36051,12943086,12943130,44,mRNA
36052,12943193,12943450,257,mRNA
36053,12943513,12943756,243,mRNA
36054,12945166,12946692,1526,mRNA
36055,12930633,12937689,7056,mobile_element
36056,12938517,12939242,725,mRNA
36057,12941720,12942847,1127,mRNA
36058,12943086,12943130,44,mRNA
36059,12943193,12943450,257,mRNA
36060,12943513,12943756,243,mRNA
36061,12945166,12950417,5251,mRNA
36062,12938517,12938931,414,mRNA
36063,12939015,12939242,227,mRNA
36064,12941720,12942856,1136,mRNA
36065,12943086,12943130,44,mRNA
36066,12943193,12943450,257,mRNA
36067,12943513,12943756,243,mRNA
36068,12945166,12950417,5251,mRNA
36069,12938517,12938666,149,mRNA
36070,12939015,12939249,234,mRNA
36071,12941720,12942856,1136,mRNA
36072,12943086,12943130,44,mRNA
36073,12943193,12943450,257,mRNA
36074,12943513,12943756,243,mRNA
36075,12945166,12950417,5251,mRNA
36076,12938517,12939242,725,mRNA
36077,12941720,12942856,1136,mRNA
36078,12943086,12943130,44,mRNA
36079,12943193,12943450,257,mRNA
36080,12943513,12943756,243,mRNA
36081,12945166,12946692,1526,mRNA
36082,12941272,12941448,176,mRNA
36083,12941720,12942856,1136,mRNA
36084,12943086,12943130,44,mRNA
36085,12943193,12943450,257,mRNA
36086,12943513,12943756,243,mRNA
36087,12945166,12950417,5251,mRNA
36088,12941272,12941448,176,mRNA
36089,12941720,12942847,1127,mRNA
36090,12943086,12943130,44,mRNA
36091,12943193,12943450,257,mRNA
36092,12943513,12943756,243,mRNA
36093,12945166,12950417,5251,mRNA
36094,12942658,12942856,198,CDS
36095,12943086,12943130,44,CDS
36096,12943193,12943450,257,CDS
36097,12943513,12943756,243,CDS
36098,12945166,12945490,324,CDS
36099,12942658,12942856,198,CDS
36100,12943086,12943130,44,CDS
36101,12943193,12943450,257,CDS
36102,12943513,12943756,243,CDS
36103,12945166,12945490,324,CDS
36104,12942658,12942856,198,CDS
36105,12943086,12943130,44,CDS
36106,12943193,12943450,257,CDS
36107,12943513,12943756,243,CDS
36108,12945166,12945490,324,CDS
36109,12942658,12942856,198,CDS
36110,12943086,12943130,44,CDS
36111,12943193,12943450,257,CDS
36112,12943513,12943756,243,CDS
36113,12945166,12945490,324,CDS
36114,12942658,12942856,198,CDS
36115,12943086,12943130,44,CDS
36116,12943193,12943450,257,CDS
36117,12943513,12943756,243,CDS
36118,12945166,12945490,324,CDS
36119,12942658,12942856,198,CDS
36120,12943086,12943130,44,CDS
36121,12943193,12943450,257,CDS
36122,12943513,12943756,243,CDS
36123,12945166,12945490,324,CDS
36124,12942658,12942847,189,CDS
36125,12943086,12943130,44,CDS
36126,12943193,12943450,257,CDS
36127,12943513,12943756,243,CDS
36128,12945166,12945490,324,CDS
36129,12942658,12942847,189,CDS
36130,12943086,12943130,44,CDS
36131,12943193,12943450,257,CDS
36132,12943513,12943756,243,CDS
36133,12945166,12945490,324,CDS
36134,12942658,12942847,189,CDS
36135,12943086,12943130,44,CDS
36136,12943193,12943450,257,CDS
36137,12943513,12943756,243,CDS
36138,12945166,12945490,324,CDS
36139,12950436,12957462,7026,gene
36140,12957218,12957462,244,mRNA
36141,12954365,12954583,218,mRNA
36142,12953533,12953833,300,mRNA
36143,12952887,12952977,90,mRNA
36144,12952730,12952821,91,mRNA
36145,12952502,12952628,126,mRNA
36146,12952307,12952408,101,mRNA
36147,12951945,12952063,118,mRNA
36148,12951747,12951820,73,mRNA
36149,12950436,12951683,1247,mRNA
36150,12957218,12957462,244,mRNA
36151,12954365,12954583,218,mRNA
36152,12953533,12953833,300,mRNA
36153,12952887,12952977,90,mRNA
36154,12952730,12952821,91,mRNA
36155,12952502,12952628,126,mRNA
36156,12952307,12952408,101,mRNA
36157,12951945,12952063,118,mRNA
36158,12951747,12951820,73,mRNA
36159,12951114,12951683,569,mRNA
36160,12954365,12954539,174,CDS
36161,12953533,12953833,300,CDS
36162,12952887,12952977,90,CDS
36163,12952730,12952821,91,CDS
36164,12952502,12952628,126,CDS
36165,12952307,12952408,101,CDS
36166,12951945,12952063,118,CDS
36167,12951747,12951820,73,CDS
36168,12951304,12951683,379,CDS
36169,12954365,12954539,174,CDS
36170,12953533,12953833,300,CDS
36171,12952887,12952977,90,CDS
36172,12952730,12952821,91,CDS
36173,12952502,12952628,126,CDS
36174,12952307,12952408,101,CDS
36175,12951945,12952063,118,CDS
36176,12951747,12951820,73,CDS
36177,12951304,12951683,379,CDS
36178,12959220,12960790,1570,gene
36179,12959220,12959549,329,mRNA
36180,12959633,12960477,844,mRNA
36181,12960553,12960790,237,mRNA
36182,12959261,12959549,288,mRNA
36183,12959633,12960477,844,mRNA
36184,12960553,12960736,183,mRNA
36185,12959282,12959549,267,CDS
36186,12959633,12960477,844,CDS
36187,12960553,12960561,8,CDS
36188,12959282,12959549,267,CDS
36189,12959633,12960477,844,CDS
36190,12960553,12960561,8,CDS
36191,12967888,12970056,2168,gene
36192,12967888,12968134,246,mRNA
36193,12968232,12969571,1339,mRNA
36194,12969632,12970056,424,mRNA
36195,12967909,12968134,225,CDS
36196,12968232,12969571,1339,CDS
36197,12969632,12969946,314,CDS
36198,12970476,12973213,2737,gene
36199,12973010,12973213,203,ncRNA
36200,12972849,12972945,96,ncRNA
36201,12970476,12970974,498,ncRNA
36202,12970711,12973967,3256,gene
36203,12970711,12970962,251,mRNA
36204,12971036,12971194,158,mRNA
36205,12971575,12973967,2392,mRNA
36206,12970728,12970962,234,CDS
36207,12971036,12971194,158,CDS
36208,12971575,12973865,2290,CDS
36209,12973825,12974615,790,gene
36210,12974519,12974615,96,ncRNA
36211,12973825,12974460,635,ncRNA
36212,12974683,12976231,1548,gene
36213,12975850,12976231,381,mRNA
36214,12975557,12975721,164,mRNA
36215,12974683,12975494,811,mRNA
36216,12975850,12976231,381,CDS
36217,12975557,12975721,164,CDS
36218,12974785,12975494,709,CDS
36219,12984524,12985071,547,gene
36220,12984524,12985071,547,mRNA
36221,12984611,12984916,305,CDS
36222,12988615,13079070,90455,gene
36223,12988615,12989239,624,mRNA
36224,13031715,13031820,105,mRNA
36225,13032392,13032916,524,mRNA
36226,13033243,13034168,925,mRNA
36227,13034240,13034343,103,mRNA
36228,13046904,13047013,109,mRNA
36229,13047862,13048027,165,mRNA
36230,13068047,13068266,219,mRNA
36231,13068332,13068595,263,mRNA
36232,13068659,13068770,111,mRNA
36233,13068836,13069028,192,mRNA
36234,13069099,13069307,208,mRNA
36235,13069422,13069552,130,mRNA
36236,13069645,13070264,619,mRNA
36237,13072228,13072451,223,mRNA
36238,13072782,13073082,300,mRNA
36239,13074415,13074627,212,mRNA
36240,13074777,13075367,590,mRNA
36241,13075491,13079070,3579,mRNA
36242,12988615,12989239,624,mRNA
36243,13031715,13031820,105,mRNA
36244,13032392,13032916,524,mRNA
36245,13033243,13034168,925,mRNA
36246,13034240,13034343,103,mRNA
36247,13046904,13047013,109,mRNA
36248,13047862,13048027,165,mRNA
36249,13068047,13068266,219,mRNA
36250,13068332,13068595,263,mRNA
36251,13068659,13068770,111,mRNA
36252,13068836,13069028,192,mRNA
36253,13069099,13069307,208,mRNA
36254,13069422,13069552,130,mRNA
36255,13069645,13069826,181,mRNA
36256,13072228,13072451,223,mRNA
36257,13072782,13073088,306,mRNA
36258,13074415,13074627,212,mRNA
36259,13074777,13075367,590,mRNA
36260,13075491,13079070,3579,mRNA
36261,12989238,12989239,1,CDS
36262,13031715,13031820,105,CDS
36263,13032392,13032916,524,CDS
36264,13033243,13034168,925,CDS
36265,13034240,13034343,103,CDS
36266,13046904,13047013,109,CDS
36267,13047862,13048027,165,CDS
36268,13068047,13068266,219,CDS
36269,13068332,13068595,263,CDS
36270,13068659,13068770,111,CDS
36271,13068836,13069028,192,CDS
36272,13069099,13069307,208,CDS
36273,13069422,13069552,130,CDS
36274,13069645,13070264,619,CDS
36275,13072228,13072451,223,CDS
36276,13072782,13073082,300,CDS
36277,13074415,13074627,212,CDS
36278,13074777,13075367,590,CDS
36279,13075491,13075798,307,CDS
36280,12989238,12989239,1,CDS
36281,13031715,13031820,105,CDS
36282,13032392,13032916,524,CDS
36283,13033243,13034168,925,CDS
36284,13034240,13034343,103,CDS
36285,13046904,13047013,109,CDS
36286,13047862,13048027,165,CDS
36287,13068047,13068266,219,CDS
36288,13068332,13068595,263,CDS
36289,13068659,13068770,111,CDS
36290,13068836,13069028,192,CDS
36291,13069099,13069307,208,CDS
36292,13069422,13069552,130,CDS
36293,13069645,13069826,181,CDS
36294,13072228,13072451,223,CDS
36295,13072782,13073088,306,CDS
36296,13074415,13074627,212,CDS
36297,13074777,13075367,590,CDS
36298,13075491,13075798,307,CDS
36299,13003955,13004879,924,gene
36300,13004850,13004879,29,mRNA
36301,13004568,13004783,215,mRNA
36302,13004430,13004508,78,mRNA
36303,13003955,13004376,421,mRNA
36304,13004568,13004783,215,mRNA
36305,13004430,13004508,78,mRNA
36306,13003955,13004376,421,mRNA
36307,13004568,13004744,176,CDS
36308,13004430,13004508,78,CDS
36309,13004150,13004376,226,CDS
36310,13004568,13004744,176,CDS
36311,13004430,13004508,78,CDS
36312,13004150,13004376,226,CDS
36313,13022198,13022949,751,gene
36314,13022198,13022949,751,mRNA
36315,13022258,13022719,461,CDS
36316,13030755,13031155,400,mRNA
36317,13031715,13031820,105,mRNA
36318,13032392,13032916,524,mRNA
36319,13033243,13034168,925,mRNA
36320,13034240,13034343,103,mRNA
36321,13046904,13047013,109,mRNA
36322,13047862,13048027,165,mRNA
36323,13068047,13068266,219,mRNA
36324,13068332,13068595,263,mRNA
36325,13068659,13068770,111,mRNA
36326,13068836,13069028,192,mRNA
36327,13069099,13069307,208,mRNA
36328,13069422,13069552,130,mRNA
36329,13069645,13070264,619,mRNA
36330,13072228,13072451,223,mRNA
36331,13072782,13073088,306,mRNA
36332,13074415,13074627,212,mRNA
36333,13074777,13075367,590,mRNA
36334,13075491,13079070,3579,mRNA
36335,13030755,13031155,400,mRNA
36336,13031715,13031820,105,mRNA
36337,13032392,13032916,524,mRNA
36338,13033243,13034168,925,mRNA
36339,13034240,13034343,103,mRNA
36340,13046904,13047013,109,mRNA
36341,13047862,13048027,165,mRNA
36342,13068047,13068266,219,mRNA
36343,13068332,13068595,263,mRNA
36344,13068659,13068770,111,mRNA
36345,13068836,13069028,192,mRNA
36346,13069099,13069307,208,mRNA
36347,13069422,13069552,130,mRNA
36348,13069645,13069826,181,mRNA
36349,13072228,13072451,223,mRNA
36350,13072782,13073088,306,mRNA
36351,13074415,13074627,212,mRNA
36352,13074777,13075367,590,mRNA
36353,13075491,13079070,3579,mRNA
36354,13030755,13031155,400,mRNA
36355,13031715,13031820,105,mRNA
36356,13032392,13032916,524,mRNA
36357,13033243,13034168,925,mRNA
36358,13034240,13034343,103,mRNA
36359,13046904,13047013,109,mRNA
36360,13047862,13048027,165,mRNA
36361,13068047,13068266,219,mRNA
36362,13068332,13068595,263,mRNA
36363,13068659,13068770,111,mRNA
36364,13068836,13069028,192,mRNA
36365,13069099,13069307,208,mRNA
36366,13069422,13069552,130,mRNA
36367,13069645,13069826,181,mRNA
36368,13072228,13072451,223,mRNA
36369,13072782,13073082,300,mRNA
36370,13074415,13074627,212,mRNA
36371,13074777,13075367,590,mRNA
36372,13075491,13079070,3579,mRNA
36373,13031085,13031155,70,CDS
36374,13031715,13031820,105,CDS
36375,13032392,13032916,524,CDS
36376,13033243,13034168,925,CDS
36377,13034240,13034343,103,CDS
36378,13046904,13047013,109,CDS
36379,13047862,13048027,165,CDS
36380,13068047,13068266,219,CDS
36381,13068332,13068595,263,CDS
36382,13068659,13068770,111,CDS
36383,13068836,13069028,192,CDS
36384,13069099,13069307,208,CDS
36385,13069422,13069552,130,CDS
36386,13069645,13070264,619,CDS
36387,13072228,13072451,223,CDS
36388,13072782,13073088,306,CDS
36389,13074415,13074627,212,CDS
36390,13074777,13075367,590,CDS
36391,13075491,13075798,307,CDS
36392,13031085,13031155,70,CDS
36393,13031715,13031820,105,CDS
36394,13032392,13032916,524,CDS
36395,13033243,13034168,925,CDS
36396,13034240,13034343,103,CDS
36397,13046904,13047013,109,CDS
36398,13047862,13048027,165,CDS
36399,13068047,13068266,219,CDS
36400,13068332,13068595,263,CDS
36401,13068659,13068770,111,CDS
36402,13068836,13069028,192,CDS
36403,13069099,13069307,208,CDS
36404,13069422,13069552,130,CDS
36405,13069645,13069826,181,CDS
36406,13072228,13072451,223,CDS
36407,13072782,13073088,306,CDS
36408,13074415,13074627,212,CDS
36409,13074777,13075367,590,CDS
36410,13075491,13075798,307,CDS
36411,13031085,13031155,70,CDS
36412,13031715,13031820,105,CDS
36413,13032392,13032916,524,CDS
36414,13033243,13034168,925,CDS
36415,13034240,13034343,103,CDS
36416,13046904,13047013,109,CDS
36417,13047862,13048027,165,CDS
36418,13068047,13068266,219,CDS
36419,13068332,13068595,263,CDS
36420,13068659,13068770,111,CDS
36421,13068836,13069028,192,CDS
36422,13069099,13069307,208,CDS
36423,13069422,13069552,130,CDS
36424,13069645,13069826,181,CDS
36425,13072228,13072451,223,CDS
36426,13072782,13073082,300,CDS
36427,13074415,13074627,212,CDS
36428,13074777,13075367,590,CDS
36429,13075491,13075798,307,CDS
36430,13034735,13035208,473,mRNA
36431,13046904,13047013,109,mRNA
36432,13047862,13048027,165,mRNA
36433,13068047,13068266,219,mRNA
36434,13068332,13068595,263,mRNA
36435,13068659,13068770,111,mRNA
36436,13068836,13069028,192,mRNA
36437,13069099,13069307,208,mRNA
36438,13069422,13069552,130,mRNA
36439,13069645,13070264,619,mRNA
36440,13072228,13072451,223,mRNA
36441,13072782,13073088,306,mRNA
36442,13074415,13074627,212,mRNA
36443,13074777,13075367,590,mRNA
36444,13075491,13079070,3579,mRNA
36445,13047904,13048027,123,CDS
36446,13068047,13068266,219,CDS
36447,13068332,13068595,263,CDS
36448,13068659,13068770,111,CDS
36449,13068836,13069028,192,CDS
36450,13069099,13069307,208,CDS
36451,13069422,13069552,130,CDS
36452,13069645,13070264,619,CDS
36453,13072228,13072451,223,CDS
36454,13072782,13073088,306,CDS
36455,13074415,13074627,212,CDS
36456,13074777,13075367,590,CDS
36457,13075491,13075798,307,CDS
36458,13052847,13055328,2481,gene
36459,13055139,13055328,189,mRNA
36460,13052847,13054763,1916,mRNA
36461,13055139,13055328,189,mRNA
36462,13052995,13054763,1768,mRNA
36463,13055139,13055292,153,CDS
36464,13053400,13054763,1363,CDS
36465,13055139,13055292,153,CDS
36466,13053400,13054763,1363,CDS
36467,13054218,13054689,471,gene
36468,13054218,13054689,471,ncRNA
36469,13062072,13062167,95,gene
36470,13062072,13062167,95,precursor_RNA
36471,13062091,13062114,23,ncRNA
36472,13062131,13062152,21,ncRNA
36473,13079205,13090434,11229,gene
36474,13089359,13090434,1075,mRNA
36475,13086653,13087140,487,mRNA
36476,13086412,13086591,179,mRNA
36477,13085825,13086045,220,mRNA
36478,13085596,13085751,155,mRNA
36479,13082608,13083098,490,mRNA
36480,13082128,13082538,410,mRNA
36481,13081513,13082064,551,mRNA
36482,13080638,13081043,405,mRNA
36483,13079205,13080567,1362,mRNA
36484,13089359,13090434,1075,mRNA
36485,13086653,13087140,487,mRNA
36486,13086412,13086591,179,mRNA
36487,13085825,13086045,220,mRNA
36488,13085596,13085751,155,mRNA
36489,13082608,13083098,490,mRNA
36490,13082128,13082538,410,mRNA
36491,13081513,13082064,551,mRNA
36492,13080638,13081043,405,mRNA
36493,13079205,13080567,1362,mRNA
36494,13089359,13090434,1075,mRNA
36495,13086653,13087140,487,mRNA
36496,13086412,13086591,179,mRNA
36497,13085825,13086045,220,mRNA
36498,13085596,13085751,155,mRNA
36499,13082608,13083098,490,mRNA
36500,13082128,13082538,410,mRNA
36501,13081513,13082064,551,mRNA
36502,13080638,13081118,480,mRNA
36503,13079731,13080567,836,mRNA
36504,13089359,13090434,1075,mRNA
36505,13086653,13087140,487,mRNA
36506,13086412,13086591,179,mRNA
36507,13085825,13086045,220,mRNA
36508,13085596,13085751,155,mRNA
36509,13084245,13084570,325,mRNA
36510,13082608,13083568,960,mRNA
36511,13082128,13082538,410,mRNA
36512,13081513,13082064,551,mRNA
36513,13080638,13081118,480,mRNA
36514,13079731,13080567,836,mRNA
36515,13089359,13089776,417,CDS
36516,13086653,13087140,487,CDS
36517,13086412,13086591,179,CDS
36518,13085825,13086045,220,CDS
36519,13085596,13085751,155,CDS
36520,13082608,13083098,490,CDS
36521,13082128,13082538,410,CDS
36522,13081513,13082064,551,CDS
36523,13080638,13081043,405,CDS
36524,13080402,13080567,165,CDS
36525,13089359,13089776,417,CDS
36526,13086653,13087140,487,CDS
36527,13086412,13086591,179,CDS
36528,13085825,13086045,220,CDS
36529,13085596,13085751,155,CDS
36530,13082608,13083098,490,CDS
36531,13082128,13082538,410,CDS
36532,13081513,13082064,551,CDS
36533,13080638,13081043,405,CDS
36534,13080429,13080567,138,CDS
36535,13089359,13089776,417,CDS
36536,13086653,13087140,487,CDS
36537,13086412,13086591,179,CDS
36538,13085825,13086045,220,CDS
36539,13085596,13085751,155,CDS
36540,13082608,13083098,490,CDS
36541,13082128,13082538,410,CDS
36542,13081513,13082064,551,CDS
36543,13080638,13081118,480,CDS
36544,13080429,13080567,138,CDS
36545,13089359,13090434,1075,mRNA
36546,13086653,13087140,487,mRNA
36547,13086412,13086591,179,mRNA
36548,13085825,13086045,220,mRNA
36549,13085596,13085751,155,mRNA
36550,13084245,13084570,325,mRNA
36551,13082808,13083098,290,mRNA
36552,13089359,13089776,417,CDS
36553,13086653,13087140,487,CDS
36554,13086412,13086591,179,CDS
36555,13085825,13086045,220,CDS
36556,13085596,13085751,155,CDS
36557,13084555,13084570,15,CDS
36558,13089359,13089776,417,CDS
36559,13086653,13087140,487,CDS
36560,13086412,13086591,179,CDS
36561,13085825,13086045,220,CDS
36562,13085596,13085751,155,CDS
36563,13084555,13084570,15,CDS
36564,13091145,13093986,2841,gene
36565,13091145,13091541,396,mRNA
36566,13091612,13092002,390,mRNA
36567,13092089,13092221,132,mRNA
36568,13092284,13092486,202,mRNA
36569,13093160,13093986,826,mRNA
36570,13091483,13091541,58,CDS
36571,13091612,13092002,390,CDS
36572,13092089,13092221,132,CDS
36573,13092284,13092486,202,CDS
36574,13093160,13093378,218,CDS
36575,13094299,13095732,1433,gene
36576,13094299,13094673,374,mRNA
36577,13094773,13095333,560,mRNA
36578,13095445,13095732,287,mRNA
36579,13094468,13094673,205,mRNA
36580,13094773,13095333,560,mRNA
36581,13095445,13095732,287,mRNA
36582,13094573,13094673,100,CDS
36583,13094773,13095333,560,CDS
36584,13095445,13095505,60,CDS
36585,13094573,13094673,100,CDS
36586,13094773,13095333,560,CDS
36587,13095445,13095505,60,CDS
36588,13095571,13112462,16891,gene
36589,13111634,13112462,828,mRNA
36590,13100885,13101541,656,mRNA
36591,13098437,13098592,155,mRNA
36592,13097781,13098383,602,mRNA
36593,13097223,13097718,495,mRNA
36594,13095571,13097155,1584,mRNA
36595,13111634,13112462,828,mRNA
36596,13100885,13101541,656,mRNA
36597,13098437,13098592,155,mRNA
36598,13097781,13098383,602,mRNA
36599,13097223,13097718,495,mRNA
36600,13096116,13097155,1039,mRNA
36601,13111634,13111843,209,CDS
36602,13100885,13101541,656,CDS
36603,13098437,13098592,155,CDS
36604,13097781,13098383,602,CDS
36605,13097223,13097718,495,CDS
36606,13096818,13097155,337,CDS
36607,13111634,13111843,209,CDS
36608,13100885,13101541,656,CDS
36609,13098437,13098592,155,CDS
36610,13097781,13098383,602,CDS
36611,13097223,13097718,495,CDS
36612,13096818,13097155,337,CDS
36613,13107382,13108194,812,gene
36614,13107962,13108194,232,mRNA
36615,13107382,13107899,517,mRNA
36616,13107962,13108096,134,CDS
36617,13107474,13107899,425,CDS
36618,13115131,13123066,7935,gene
36619,13115131,13115393,262,mRNA
36620,13120652,13120961,309,mRNA
36621,13121606,13121722,116,mRNA
36622,13122106,13122386,280,mRNA
36623,13122450,13122609,159,mRNA
36624,13122686,13123066,380,mRNA
36625,13115131,13115319,188,mRNA
36626,13120652,13120961,309,mRNA
36627,13121606,13121722,116,mRNA
36628,13122106,13122386,280,mRNA
36629,13122450,13122609,159,mRNA
36630,13122686,13123066,380,mRNA
36631,13115259,13115319,60,CDS
36632,13120652,13120961,309,CDS
36633,13121606,13121722,116,CDS
36634,13122106,13122386,280,CDS
36635,13122450,13122609,159,CDS
36636,13122686,13122848,162,CDS
36637,13120753,13120961,208,CDS
36638,13121606,13121722,116,CDS
36639,13122106,13122386,280,CDS
36640,13122450,13122609,159,CDS
36641,13122686,13122848,162,CDS
36642,13122876,13128794,5918,gene
36643,13128251,13128794,543,mRNA
36644,13126068,13126214,146,mRNA
36645,13123774,13123843,69,mRNA
36646,13122876,13123687,811,mRNA
36647,13128251,13128298,47,CDS
36648,13126068,13126214,146,CDS
36649,13123774,13123843,69,CDS
36650,13123473,13123687,214,CDS
36651,13128596,13128630,34,gene
36652,13128596,13128630,34,ncRNA
36653,13128952,13134565,5613,gene
36654,13128952,13129026,74,mRNA
36655,13129099,13129188,89,mRNA
36656,13129306,13130290,984,mRNA
36657,13129018,13134839,5821,gene
36658,13129018,13129188,170,mRNA
36659,13129306,13130036,730,mRNA
36660,13131179,13131971,792,mRNA
36661,13132932,13134565,1633,mRNA
36662,13129018,13129188,170,mRNA
36663,13129306,13130036,730,mRNA
36664,13131179,13131971,792,mRNA
36665,13132932,13134565,1633,mRNA
36666,13129018,13129188,170,mRNA
36667,13129306,13130290,984,mRNA
36668,13129102,13129188,86,CDS
36669,13129306,13129977,671,CDS
36670,13129102,13129188,86,CDS
36671,13129306,13129977,671,CDS
36672,13129102,13129188,86,CDS
36673,13129306,13129977,671,CDS
36674,13130993,13131971,978,mRNA
36675,13132932,13134839,1907,mRNA
36676,13131516,13131971,455,mRNA
36677,13132932,13134565,1633,mRNA
36678,13131797,13131971,174,CDS
36679,13132932,13134436,1504,CDS
36680,13131797,13131971,174,CDS
36681,13132932,13134436,1504,CDS
36682,13131797,13131971,174,CDS
36683,13132932,13134436,1504,CDS
36684,13139199,13153462,14263,gene
36685,13139199,13140047,848,mRNA
36686,13149879,13150168,289,mRNA
36687,13150266,13150444,178,mRNA
36688,13150950,13151910,960,mRNA
36689,13152094,13152717,623,mRNA
36690,13152829,13153462,633,mRNA
36691,13139669,13140047,378,CDS
36692,13149879,13150168,289,CDS
36693,13150266,13150444,178,CDS
36694,13150950,13151910,960,CDS
36695,13152094,13152717,623,CDS
36696,13152829,13152957,128,CDS
36697,13153461,13154924,1463,gene
36698,13153461,13154924,1463,mRNA
36699,13154150,13154860,710,CDS
36700,13155038,13157372,2334,gene
36701,13155038,13155989,951,mRNA
36702,13156069,13157372,1303,mRNA
36703,13155096,13155989,893,CDS
36704,13156069,13156863,794,CDS
36705,13157445,13159508,2063,gene
36706,13159266,13159508,242,mRNA
36707,13157914,13159197,1283,mRNA
36708,13157445,13157853,408,mRNA
36709,13159266,13159373,107,CDS
36710,13157914,13159197,1283,CDS
36711,13157698,13157853,155,CDS
36712,13159604,13162854,3250,gene
36713,13159604,13161033,1429,mRNA
36714,13161090,13161699,609,mRNA
36715,13159814,13161033,1219,mRNA
36716,13161090,13162854,1764,mRNA
36717,13159814,13161033,1219,mRNA
36718,13161090,13161699,609,mRNA
36719,13159883,13161033,1150,CDS
36720,13161090,13161459,369,CDS
36721,13159883,13161033,1150,CDS
36722,13161090,13161459,369,CDS
36723,13159883,13161033,1150,CDS
36724,13161090,13161459,369,CDS
36725,13161714,13189164,27450,gene
36726,13188910,13189164,254,mRNA
36727,13172741,13173181,440,mRNA
36728,13172507,13172618,111,mRNA
36729,13172313,13172384,71,mRNA
36730,13170258,13170335,77,mRNA
36731,13170020,13170091,71,mRNA
36732,13167722,13167793,71,mRNA
36733,13167579,13167650,71,mRNA
36734,13167361,13167504,143,mRNA
36735,13167170,13167241,71,mRNA
36736,13166050,13166193,143,mRNA
36737,13165840,13165956,116,mRNA
36738,13163256,13163491,235,mRNA
36739,13163065,13163179,114,mRNA
36740,13162628,13162772,144,mRNA
36741,13162415,13162569,154,mRNA
36742,13162283,13162356,73,mRNA
36743,13161714,13162207,493,mRNA
36744,13188805,13189164,359,mRNA
36745,13172741,13173181,440,mRNA
36746,13172507,13172618,111,mRNA
36747,13172313,13172384,71,mRNA
36748,13170258,13170335,77,mRNA
36749,13170020,13170091,71,mRNA
36750,13167722,13167793,71,mRNA
36751,13167579,13167650,71,mRNA
36752,13167361,13167504,143,mRNA
36753,13167170,13167241,71,mRNA
36754,13166050,13166193,143,mRNA
36755,13165840,13165956,116,mRNA
36756,13163256,13163491,235,mRNA
36757,13163065,13163179,114,mRNA
36758,13162628,13162772,144,mRNA
36759,13162415,13162569,154,mRNA
36760,13162283,13162356,73,mRNA
36761,13161714,13162207,493,mRNA
36762,13188910,13188928,18,CDS
36763,13172741,13173181,440,CDS
36764,13172507,13172618,111,CDS
36765,13172313,13172384,71,CDS
36766,13170258,13170335,77,CDS
36767,13170020,13170091,71,CDS
36768,13167722,13167793,71,CDS
36769,13167579,13167650,71,CDS
36770,13167361,13167504,143,CDS
36771,13167170,13167241,71,CDS
36772,13166050,13166193,143,CDS
36773,13165840,13165956,116,CDS
36774,13163256,13163491,235,CDS
36775,13163065,13163179,114,CDS
36776,13162628,13162772,144,CDS
36777,13162415,13162569,154,CDS
36778,13162283,13162356,73,CDS
36779,13161918,13162207,289,CDS
36780,13188805,13188814,9,CDS
36781,13172741,13173181,440,CDS
36782,13172507,13172618,111,CDS
36783,13172313,13172384,71,CDS
36784,13170258,13170335,77,CDS
36785,13170020,13170091,71,CDS
36786,13167722,13167793,71,CDS
36787,13167579,13167650,71,CDS
36788,13167361,13167504,143,CDS
36789,13167170,13167241,71,CDS
36790,13166050,13166193,143,CDS
36791,13165840,13165956,116,CDS
36792,13163256,13163491,235,CDS
36793,13163065,13163179,114,CDS
36794,13162628,13162772,144,CDS
36795,13162415,13162569,154,CDS
36796,13162283,13162356,73,CDS
36797,13161918,13162207,289,CDS
36798,13178005,13178523,518,gene
36799,13178005,13178047,42,mRNA
36800,13178101,13178523,422,mRNA
36801,13178102,13178500,398,CDS
36802,13184478,13184996,518,gene
36803,13184478,13184520,42,mRNA
36804,13184574,13184996,422,mRNA
36805,13184575,13184973,398,CDS
36806,13189643,13191883,2240,gene
36807,13191002,13191883,881,mRNA
36808,13190036,13190936,900,mRNA
36809,13189643,13189972,329,mRNA
36810,13191002,13191772,770,CDS
36811,13190036,13190936,900,CDS
36812,13189767,13189972,205,CDS
36813,13193094,13194551,1457,gene
36814,13194165,13194551,386,mRNA
36815,13193688,13194106,418,mRNA
36816,13193094,13193634,540,mRNA
36817,13194165,13194435,270,mRNA
36818,13193688,13194106,418,mRNA
36819,13193094,13193634,540,mRNA
36820,13194165,13194392,227,mRNA
36821,13193688,13194106,418,mRNA
36822,13193094,13193634,540,mRNA
36823,13194165,13194348,183,CDS
36824,13193688,13194106,418,CDS
36825,13193332,13193634,302,CDS
36826,13194165,13194348,183,CDS
36827,13193688,13194106,418,CDS
36828,13193332,13193634,302,CDS
36829,13194165,13194348,183,CDS
36830,13193688,13194106,418,CDS
36831,13193332,13193634,302,CDS
36832,13195499,13211674,16175,gene
36833,13211100,13211674,574,mRNA
36834,13206712,13206829,117,mRNA
36835,13203710,13204150,440,mRNA
36836,13200467,13200904,437,mRNA
36837,13200005,13200390,385,mRNA
36838,13199539,13199945,406,mRNA
36839,13199048,13199482,434,mRNA
36840,13197796,13198975,1179,mRNA
36841,13197247,13197733,486,mRNA
36842,13197038,13197176,138,mRNA
36843,13196597,13196975,378,mRNA
36844,13195499,13196510,1011,mRNA
36845,13211100,13211674,574,mRNA
36846,13206712,13206829,117,mRNA
36847,13203710,13204150,440,mRNA
36848,13202740,13203057,317,mRNA
36849,13200467,13200904,437,mRNA
36850,13200005,13200390,385,mRNA
36851,13199539,13199945,406,mRNA
36852,13199048,13199482,434,mRNA
36853,13197796,13198975,1179,mRNA
36854,13197247,13197733,486,mRNA
36855,13197038,13197176,138,mRNA
36856,13196597,13196975,378,mRNA
36857,13195499,13196510,1011,mRNA
36858,13211100,13211102,2,CDS
36859,13206712,13206829,117,CDS
36860,13203710,13204150,440,CDS
36861,13200467,13200904,437,CDS
36862,13200005,13200390,385,CDS
36863,13199539,13199945,406,CDS
36864,13199048,13199482,434,CDS
36865,13197796,13198975,1179,CDS
36866,13197247,13197733,486,CDS
36867,13197038,13197176,138,CDS
36868,13196597,13196975,378,CDS
36869,13196280,13196510,230,CDS
36870,13211100,13211102,2,CDS
36871,13206712,13206829,117,CDS
36872,13203710,13204150,440,CDS
36873,13202740,13203057,317,CDS
36874,13200467,13200904,437,CDS
36875,13200005,13200390,385,CDS
36876,13199539,13199945,406,CDS
36877,13199048,13199482,434,CDS
36878,13197796,13198975,1179,CDS
36879,13197247,13197733,486,CDS
36880,13197038,13197176,138,CDS
36881,13196597,13196975,378,CDS
36882,13196280,13196510,230,CDS
36883,13201170,13202262,1092,gene
36884,13201170,13202262,1092,mRNA
36885,13201568,13202131,563,CDS
36886,13212325,13214408,2083,gene
36887,13212325,13212392,67,mRNA
36888,13212450,13212958,508,mRNA
36889,13213156,13214408,1252,mRNA
36890,13212338,13212392,54,mRNA
36891,13212464,13212958,494,mRNA
36892,13213156,13213975,819,mRNA
36893,13212589,13212958,369,CDS
36894,13213156,13213523,367,CDS
36895,13212589,13212958,369,CDS
36896,13213156,13213523,367,CDS
36897,13214409,13258490,44081,gene
36898,13256617,13257183,566,mRNA
36899,13224984,13225111,127,mRNA
36900,13220034,13220146,112,mRNA
36901,13219748,13219881,133,mRNA
36902,13217268,13218664,1396,mRNA
36903,13217061,13217200,139,mRNA
36904,13215919,13216986,1067,mRNA
36905,13214409,13215862,1453,mRNA
36906,13258384,13258490,106,mRNA
36907,13239157,13239225,68,mRNA
36908,13224984,13225111,127,mRNA
36909,13220034,13220146,112,mRNA
36910,13219748,13219881,133,mRNA
36911,13217268,13218664,1396,mRNA
36912,13217061,13217200,139,mRNA
36913,13215919,13216986,1067,mRNA
36914,13215156,13215862,706,mRNA
36915,13258384,13258490,106,mRNA
36916,13239157,13239225,68,mRNA
36917,13224984,13225111,127,mRNA
36918,13220034,13220146,112,mRNA
36919,13219748,13219881,133,mRNA
36920,13217268,13218664,1396,mRNA
36921,13217061,13217200,139,mRNA
36922,13215919,13216986,1067,mRNA
36923,13215156,13215862,706,mRNA
36924,13256617,13257183,566,mRNA
36925,13224984,13225111,127,mRNA
36926,13220034,13220146,112,mRNA
36927,13219748,13219881,133,mRNA
36928,13217268,13218664,1396,mRNA
36929,13217061,13217200,139,mRNA
36930,13215919,13216986,1067,mRNA
36931,13215156,13215862,706,mRNA
36932,13256617,13257183,566,mRNA
36933,13224984,13225111,127,mRNA
36934,13223826,13223852,26,mRNA
36935,13220034,13220146,112,mRNA
36936,13219748,13219881,133,mRNA
36937,13217268,13218664,1396,mRNA
36938,13217061,13217200,139,mRNA
36939,13215919,13216986,1067,mRNA
36940,13215156,13215862,706,mRNA
36941,13256617,13257183,566,mRNA
36942,13239157,13239225,68,mRNA
36943,13224984,13225111,127,mRNA
36944,13223826,13223852,26,mRNA
36945,13220034,13220146,112,mRNA
36946,13219748,13219881,133,mRNA
36947,13217268,13218664,1396,mRNA
36948,13217061,13217200,139,mRNA
36949,13215919,13216986,1067,mRNA
36950,13215156,13215862,706,mRNA
36951,13256617,13256831,214,CDS
36952,13224984,13225111,127,CDS
36953,13220034,13220146,112,CDS
36954,13219748,13219881,133,CDS
36955,13217268,13218664,1396,CDS
36956,13217061,13217200,139,CDS
36957,13215919,13216986,1067,CDS
36958,13215326,13215862,536,CDS
36959,13224984,13225035,51,CDS
36960,13220034,13220146,112,CDS
36961,13219748,13219881,133,CDS
36962,13217268,13218664,1396,CDS
36963,13217061,13217200,139,CDS
36964,13215919,13216986,1067,CDS
36965,13215326,13215862,536,CDS
36966,13256617,13256831,214,CDS
36967,13224984,13225111,127,CDS
36968,13220034,13220146,112,CDS
36969,13219748,13219881,133,CDS
36970,13217268,13218664,1396,CDS
36971,13217061,13217200,139,CDS
36972,13215919,13216986,1067,CDS
36973,13215617,13215862,245,CDS
36974,13256617,13256831,214,CDS
36975,13224984,13225111,127,CDS
36976,13223826,13223852,26,CDS
36977,13220034,13220146,112,CDS
36978,13219748,13219881,133,CDS
36979,13217268,13218664,1396,CDS
36980,13217061,13217200,139,CDS
36981,13215919,13216986,1067,CDS
36982,13215617,13215862,245,CDS
36983,13224984,13225035,51,CDS
36984,13220034,13220146,112,CDS
36985,13219748,13219881,133,CDS
36986,13217268,13218664,1396,CDS
36987,13217061,13217200,139,CDS
36988,13215919,13216986,1067,CDS
36989,13215617,13215862,245,CDS
36990,13224984,13225035,51,CDS
36991,13223826,13223852,26,CDS
36992,13220034,13220146,112,CDS
36993,13219748,13219881,133,CDS
36994,13217268,13218664,1396,CDS
36995,13217061,13217200,139,CDS
36996,13215919,13216986,1067,CDS
36997,13215617,13215862,245,CDS
36998,13235925,13236566,641,gene
36999,13235925,13236566,641,mRNA
37000,13236095,13236523,428,CDS
37001,13253946,13254014,68,mobile_element
37002,13257392,13258495,1103,gene
37003,13258384,13258495,111,mRNA
37004,13257392,13258186,794,mRNA
37005,13258354,13258495,141,mRNA
37006,13257392,13258225,833,mRNA
37007,13257392,13258318,926,mRNA
37008,13257624,13258235,611,CDS
37009,13257624,13258034,410,CDS
37010,13257624,13258034,410,CDS
37011,13259021,13262488,3467,gene
37012,13259021,13259254,233,mRNA
37013,13259336,13259424,88,mRNA
37014,13259503,13259721,218,mRNA
37015,13259795,13261423,1628,mRNA
37016,13261505,13261663,158,mRNA
37017,13261732,13262488,756,mRNA
37018,13259021,13259254,233,mRNA
37019,13259336,13259424,88,mRNA
37020,13259503,13259721,218,mRNA
37021,13259795,13261423,1628,mRNA
37022,13261505,13261663,158,mRNA
37023,13261732,13261971,239,mRNA
37024,13262035,13262488,453,mRNA
37025,13259246,13259254,8,CDS
37026,13259336,13259424,88,CDS
37027,13259503,13259721,218,CDS
37028,13259795,13261423,1628,CDS
37029,13261505,13261663,158,CDS
37030,13261732,13261864,132,CDS
37031,13259246,13259254,8,CDS
37032,13259336,13259424,88,CDS
37033,13259503,13259721,218,CDS
37034,13259795,13261423,1628,CDS
37035,13261505,13261663,158,CDS
37036,13261732,13261864,132,CDS
37037,13262687,13285632,22945,gene
37038,13284892,13285632,740,mRNA
37039,13282166,13282229,63,mRNA
37040,13276435,13276547,112,mRNA
37041,13271482,13271589,107,mRNA
37042,13270391,13270693,302,mRNA
37043,13270247,13270320,73,mRNA
37044,13269828,13269958,130,mRNA
37045,13268694,13268840,146,mRNA
37046,13267322,13268262,940,mRNA
37047,13266040,13267254,1214,mRNA
37048,13265838,13265957,119,mRNA
37049,13265333,13265767,434,mRNA
37050,13265130,13265263,133,mRNA
37051,13262687,13265036,2349,mRNA
37052,13285203,13285632,429,mRNA
37053,13276435,13276547,112,mRNA
37054,13271482,13271589,107,mRNA
37055,13270391,13270642,251,mRNA
37056,13270247,13270320,73,mRNA
37057,13269828,13269958,130,mRNA
37058,13268694,13268840,146,mRNA
37059,13267322,13268262,940,mRNA
37060,13266040,13267254,1214,mRNA
37061,13265838,13265957,119,mRNA
37062,13265333,13265767,434,mRNA
37063,13265130,13265263,133,mRNA
37064,13262889,13265036,2147,mRNA
37065,13285203,13285632,429,mRNA
37066,13282166,13282229,63,mRNA
37067,13276435,13276547,112,mRNA
37068,13271482,13271589,107,mRNA
37069,13270391,13270642,251,mRNA
37070,13270247,13270320,73,mRNA
37071,13269828,13269958,130,mRNA
37072,13268694,13268840,146,mRNA
37073,13267322,13268262,940,mRNA
37074,13266040,13267254,1214,mRNA
37075,13265838,13265957,119,mRNA
37076,13265333,13265767,434,mRNA
37077,13265130,13265263,133,mRNA
37078,13262889,13265036,2147,mRNA
37079,13284892,13285632,740,mRNA
37080,13276435,13276547,112,mRNA
37081,13271482,13271589,107,mRNA
37082,13270391,13270642,251,mRNA
37083,13270247,13270320,73,mRNA
37084,13269828,13269958,130,mRNA
37085,13268694,13268840,146,mRNA
37086,13267322,13268262,940,mRNA
37087,13266040,13267254,1214,mRNA
37088,13265838,13265957,119,mRNA
37089,13265333,13265767,434,mRNA
37090,13265130,13265263,133,mRNA
37091,13262889,13265036,2147,mRNA
37092,13284892,13285632,740,mRNA
37093,13282166,13282229,63,mRNA
37094,13271482,13271589,107,mRNA
37095,13270391,13270642,251,mRNA
37096,13270247,13270320,73,mRNA
37097,13269828,13269958,130,mRNA
37098,13268694,13268840,146,mRNA
37099,13267322,13268262,940,mRNA
37100,13266040,13267254,1214,mRNA
37101,13265838,13265957,119,mRNA
37102,13265333,13265767,434,mRNA
37103,13265130,13265263,133,mRNA
37104,13262889,13265036,2147,mRNA
37105,13285203,13285632,429,mRNA
37106,13282166,13282229,63,mRNA
37107,13276435,13276547,112,mRNA
37108,13271482,13271589,107,mRNA
37109,13270391,13270642,251,mRNA
37110,13270247,13270320,73,mRNA
37111,13269828,13269958,130,mRNA
37112,13267322,13268262,940,mRNA
37113,13266040,13267254,1214,mRNA
37114,13265838,13265957,119,mRNA
37115,13265333,13265767,434,mRNA
37116,13265130,13265263,133,mRNA
37117,13263755,13265036,1281,mRNA
37118,13285203,13285632,429,mRNA
37119,13284892,13284962,70,mRNA
37120,13282166,13282229,63,mRNA
37121,13276435,13276547,112,mRNA
37122,13271482,13271589,107,mRNA
37123,13270391,13270612,221,mRNA
37124,13270247,13270320,73,mRNA
37125,13269828,13269958,130,mRNA
37126,13268694,13268840,146,mRNA
37127,13267322,13268262,940,mRNA
37128,13266040,13267254,1214,mRNA
37129,13265838,13265957,119,mRNA
37130,13265333,13265767,434,mRNA
37131,13265130,13265263,133,mRNA
37132,13263755,13265036,1281,mRNA
37133,13272402,13272744,342,mRNA
37134,13271482,13271589,107,mRNA
37135,13270391,13270642,251,mRNA
37136,13270247,13270320,73,mRNA
37137,13269828,13269958,130,mRNA
37138,13268694,13268840,146,mRNA
37139,13267322,13268262,940,mRNA
37140,13266040,13267254,1214,mRNA
37141,13265838,13265957,119,mRNA
37142,13265333,13265767,434,mRNA
37143,13265130,13265263,133,mRNA
37144,13263755,13265036,1281,mRNA
37145,13282166,13282199,33,CDS
37146,13276435,13276547,112,CDS
37147,13271482,13271589,107,CDS
37148,13270391,13270612,221,CDS
37149,13270247,13270320,73,CDS
37150,13269828,13269958,130,CDS
37151,13268694,13268840,146,CDS
37152,13267322,13268262,940,CDS
37153,13266040,13267254,1214,CDS
37154,13265838,13265957,119,CDS
37155,13265333,13265767,434,CDS
37156,13265130,13265263,133,CDS
37157,13264982,13265036,54,CDS
37158,13282166,13282199,33,CDS
37159,13276435,13276547,112,CDS
37160,13271482,13271589,107,CDS
37161,13270391,13270642,251,CDS
37162,13270247,13270320,73,CDS
37163,13269828,13269958,130,CDS
37164,13267322,13268262,940,CDS
37165,13266040,13267254,1214,CDS
37166,13265838,13265957,119,CDS
37167,13265333,13265767,434,CDS
37168,13265130,13265263,133,CDS
37169,13264982,13265036,54,CDS
37170,13282166,13282199,33,CDS
37171,13276435,13276547,112,CDS
37172,13271482,13271589,107,CDS
37173,13270391,13270642,251,CDS
37174,13270247,13270320,73,CDS
37175,13269828,13269958,130,CDS
37176,13268694,13268840,146,CDS
37177,13267322,13268262,940,CDS
37178,13266040,13267254,1214,CDS
37179,13265838,13265957,119,CDS
37180,13265333,13265767,434,CDS
37181,13265130,13265263,133,CDS
37182,13264982,13265036,54,CDS
37183,13282166,13282199,33,CDS
37184,13276435,13276547,112,CDS
37185,13271482,13271589,107,CDS
37186,13270391,13270693,302,CDS
37187,13270247,13270320,73,CDS
37188,13269828,13269958,130,CDS
37189,13268694,13268840,146,CDS
37190,13267322,13268262,940,CDS
37191,13266040,13267254,1214,CDS
37192,13265838,13265957,119,CDS
37193,13265333,13265767,434,CDS
37194,13265130,13265263,133,CDS
37195,13264982,13265036,54,CDS
37196,13276435,13276440,5,CDS
37197,13271482,13271589,107,CDS
37198,13270391,13270642,251,CDS
37199,13270247,13270320,73,CDS
37200,13269828,13269958,130,CDS
37201,13268694,13268840,146,CDS
37202,13267322,13268262,940,CDS
37203,13266040,13267254,1214,CDS
37204,13265838,13265957,119,CDS
37205,13265333,13265767,434,CDS
37206,13265130,13265263,133,CDS
37207,13264982,13265036,54,CDS
37208,13276435,13276440,5,CDS
37209,13271482,13271589,107,CDS
37210,13270391,13270642,251,CDS
37211,13270247,13270320,73,CDS
37212,13269828,13269958,130,CDS
37213,13268694,13268840,146,CDS
37214,13267322,13268262,940,CDS
37215,13266040,13267254,1214,CDS
37216,13265838,13265957,119,CDS
37217,13265333,13265767,434,CDS
37218,13265130,13265263,133,CDS
37219,13264982,13265036,54,CDS
37220,13271482,13271523,41,CDS
37221,13270391,13270642,251,CDS
37222,13270247,13270320,73,CDS
37223,13269828,13269958,130,CDS
37224,13268694,13268840,146,CDS
37225,13267322,13268262,940,CDS
37226,13266040,13267254,1214,CDS
37227,13265838,13265957,119,CDS
37228,13265333,13265767,434,CDS
37229,13265130,13265263,133,CDS
37230,13264982,13265036,54,CDS
37231,13271482,13271523,41,CDS
37232,13270391,13270642,251,CDS
37233,13270247,13270320,73,CDS
37234,13269828,13269958,130,CDS
37235,13268694,13268840,146,CDS
37236,13267322,13268262,940,CDS
37237,13266040,13267254,1214,CDS
37238,13265838,13265957,119,CDS
37239,13265333,13265767,434,CDS
37240,13265130,13265263,133,CDS
37241,13264982,13265036,54,CDS
37242,13285707,13287741,2034,gene
37243,13285707,13286879,1172,mRNA
37244,13286956,13287741,785,mRNA
37245,13286016,13286879,863,mRNA
37246,13286956,13287741,785,mRNA
37247,13286216,13286879,663,mRNA
37248,13286956,13287741,785,mRNA
37249,13286351,13286879,528,CDS
37250,13286956,13287494,538,CDS
37251,13286351,13286879,528,CDS
37252,13286956,13287494,538,CDS
37253,13286351,13286879,528,CDS
37254,13286956,13287494,538,CDS
37255,13288051,13294433,6382,gene
37256,13288051,13288625,574,mRNA
37257,13288692,13288910,218,mRNA
37258,13288967,13294433,5466,mRNA
37259,13288363,13288625,262,CDS
37260,13288692,13288910,218,CDS
37261,13288967,13293878,4911,CDS
37262,13294473,13302415,7942,gene
37263,13302106,13302415,309,mRNA
37264,13296513,13296712,199,mRNA
37265,13295689,13296011,322,mRNA
37266,13295527,13295624,97,mRNA
37267,13295158,13295382,224,mRNA
37268,13294473,13295096,623,mRNA
37269,13296513,13296651,138,mRNA
37270,13295689,13296011,322,mRNA
37271,13295527,13295624,97,mRNA
37272,13295158,13295382,224,mRNA
37273,13294487,13295096,609,mRNA
37274,13296513,13296547,34,CDS
37275,13295689,13296011,322,CDS
37276,13295527,13295624,97,CDS
37277,13295158,13295382,224,CDS
37278,13294971,13295096,125,CDS
37279,13296513,13296547,34,CDS
37280,13295689,13296011,322,CDS
37281,13295527,13295624,97,CDS
37282,13295158,13295382,224,CDS
37283,13294971,13295096,125,CDS
37284,13297082,13299910,2828,gene
37285,13297082,13297239,157,mRNA
37286,13297307,13297447,140,mRNA
37287,13297527,13297651,124,mRNA
37288,13297747,13298187,440,mRNA
37289,13298706,13298812,106,mRNA
37290,13298896,13299910,1014,mRNA
37291,13297082,13297239,157,mRNA
37292,13297307,13297447,140,mRNA
37293,13297527,13297651,124,mRNA
37294,13297747,13297882,135,mRNA
37295,13298706,13298823,117,mRNA
37296,13298896,13299910,1014,mRNA
37297,13297082,13297239,157,mRNA
37298,13297307,13297447,140,mRNA
37299,13297527,13297651,124,mRNA
37300,13297747,13297882,135,mRNA
37301,13298706,13298812,106,mRNA
37302,13298896,13299910,1014,mRNA
37303,13297230,13297239,9,CDS
37304,13297307,13297447,140,CDS
37305,13297527,13297651,124,CDS
37306,13297747,13297882,135,CDS
37307,13298706,13298812,106,CDS
37308,13298896,13299573,677,CDS
37309,13297230,13297239,9,CDS
37310,13297307,13297447,140,CDS
37311,13297527,13297651,124,CDS
37312,13297747,13297882,135,CDS
37313,13298706,13298823,117,CDS
37314,13298896,13298902,6,CDS
37315,13297230,13297239,9,CDS
37316,13297307,13297447,140,CDS
37317,13297527,13297651,124,CDS
37318,13297747,13297896,149,CDS
37319,13303633,13329303,25670,gene
37320,13303633,13303808,175,mRNA
37321,13318415,13319047,632,mRNA
37322,13327348,13327597,249,mRNA
37323,13327666,13327934,268,mRNA
37324,13328151,13328261,110,mRNA
37325,13328388,13329303,915,mRNA
37326,13304005,13308004,3999,gene
37327,13304005,13307641,3636,ncRNA
37328,13304580,13308004,3424,ncRNA
37329,13305515,13306947,1432,mRNA
37330,13327348,13327597,249,mRNA
37331,13327666,13327934,268,mRNA
37332,13328151,13328261,110,mRNA
37333,13328388,13329303,915,mRNA
37334,13305515,13307372,1857,ncRNA
37335,13305880,13306947,1067,CDS
37336,13327348,13327597,249,CDS
37337,13327666,13327934,268,CDS
37338,13328151,13328261,110,CDS
37339,13328388,13328765,377,CDS
37340,13315022,13315396,374,mRNA
37341,13318415,13319047,632,mRNA
37342,13327348,13327597,249,mRNA
37343,13327666,13327934,268,mRNA
37344,13328151,13328261,110,mRNA
37345,13328388,13329303,915,mRNA
37346,13315022,13315273,251,mRNA
37347,13315368,13315392,24,mRNA
37348,13318415,13319047,632,mRNA
37349,13327348,13327597,249,mRNA
37350,13327666,13327934,268,mRNA
37351,13328151,13328261,110,mRNA
37352,13328388,13329069,681,mRNA
37353,13318652,13319047,395,CDS
37354,13327348,13327597,249,CDS
37355,13327666,13327934,268,CDS
37356,13328151,13328261,110,CDS
37357,13328388,13328765,377,CDS
37358,13318652,13319047,395,CDS
37359,13327348,13327597,249,CDS
37360,13327666,13327934,268,CDS
37361,13328151,13328261,110,CDS
37362,13328388,13328765,377,CDS
37363,13318652,13319047,395,CDS
37364,13327348,13327597,249,CDS
37365,13327666,13327934,268,CDS
37366,13328151,13328261,110,CDS
37367,13328388,13328765,377,CDS
37368,13321302,13321478,176,mRNA
37369,13325772,13326855,1083,mRNA
37370,13327348,13327597,249,mRNA
37371,13327666,13327934,268,mRNA
37372,13328151,13328261,110,mRNA
37373,13328388,13329303,915,mRNA
37374,13321302,13321354,52,mRNA
37375,13325772,13326855,1083,mRNA
37376,13327348,13327597,249,mRNA
37377,13327666,13327934,268,mRNA
37378,13328151,13328261,110,mRNA
37379,13328388,13329303,915,mRNA
37380,13325854,13326855,1001,CDS
37381,13327348,13327597,249,CDS
37382,13327666,13327934,268,CDS
37383,13328151,13328261,110,CDS
37384,13328388,13328765,377,CDS
37385,13325854,13326855,1001,CDS
37386,13327348,13327597,249,CDS
37387,13327666,13327934,268,CDS
37388,13328151,13328261,110,CDS
37389,13328388,13328765,377,CDS
37390,13329824,13331994,2170,gene
37391,13329824,13330030,206,mRNA
37392,13331122,13331994,872,mRNA
37393,13329824,13329964,140,mRNA
37394,13331122,13331994,872,mRNA
37395,13330399,13330535,136,mRNA
37396,13331122,13331994,872,mRNA
37397,13330502,13330679,177,mRNA
37398,13331122,13331994,872,mRNA
37399,13331019,13331994,975,mRNA
37400,13331122,13331706,584,CDS
37401,13331122,13331706,584,CDS
37402,13331122,13331706,584,CDS
37403,13331122,13331706,584,CDS
37404,13331122,13331706,584,CDS
37405,13332374,13333857,1483,gene
37406,13332374,13333857,1483,ncRNA
37407,13335637,13337705,2068,gene
37408,13337505,13337638,133,mRNA
37409,13335637,13336379,742,mRNA
37410,13337611,13337705,94,mRNA
37411,13337505,13337539,34,mRNA
37412,13335773,13336379,606,mRNA
37413,13337607,13337638,31,mRNA
37414,13337505,13337539,34,mRNA
37415,13335773,13336379,606,mRNA
37416,13337603,13337638,35,mRNA
37417,13337505,13337539,34,mRNA
37418,13335773,13336379,606,mRNA
37419,13337505,13337638,133,mRNA
37420,13335773,13336379,606,mRNA
37421,13335985,13336377,392,CDS
37422,13335985,13336377,392,CDS
37423,13335985,13336377,392,CDS
37424,13335985,13336377,392,CDS
37425,13335985,13336377,392,CDS
37426,13338318,13341009,2691,gene
37427,13338318,13338385,67,mRNA
37428,13338452,13341009,2557,mRNA
37429,13338318,13338385,67,mRNA
37430,13338452,13340427,1975,mRNA
37431,13340518,13341009,491,mRNA
37432,13338375,13338385,10,CDS
37433,13338452,13339604,1152,CDS
37434,13338375,13338385,10,CDS
37435,13338452,13339604,1152,CDS
37436,13344881,13345271,390,gene
37437,13344881,13345271,390,ncRNA
37438,13345586,13346102,516,gene
37439,13345586,13346102,516,ncRNA
37440,13359248,13368179,8931,gene
37441,13359248,13359437,189,mRNA
37442,13363241,13363480,239,mRNA
37443,13363584,13364872,1288,mRNA
37444,13364931,13365075,144,mRNA
37445,13365140,13365493,353,mRNA
37446,13365575,13368179,2604,mRNA
37447,13359248,13359437,189,mRNA
37448,13363244,13363480,236,mRNA
37449,13363584,13364872,1288,mRNA
37450,13364931,13365075,144,mRNA
37451,13365140,13365493,353,mRNA
37452,13365575,13368179,2604,mRNA
37453,13363292,13363480,188,CDS
37454,13363584,13364872,1288,CDS
37455,13364931,13365075,144,CDS
37456,13365140,13365493,353,CDS
37457,13365575,13365961,386,CDS
37458,13363292,13363480,188,CDS
37459,13363584,13364872,1288,CDS
37460,13364931,13365075,144,CDS
37461,13365140,13365493,353,CDS
37462,13365575,13365961,386,CDS
37463,13368191,13370472,2281,gene
37464,13368191,13368250,59,mRNA
37465,13368493,13369240,747,mRNA
37466,13369999,13370472,473,mRNA
37467,13368200,13368250,50,CDS
37468,13368493,13369240,747,CDS
37469,13369999,13370333,334,CDS
37470,13370606,13380160,9554,gene
37471,13370606,13370802,196,mRNA
37472,13373863,13374103,240,mRNA
37473,13374241,13374385,144,mRNA
37474,13377858,13377947,89,mRNA
37475,13378013,13378275,262,mRNA
37476,13378547,13379370,823,mRNA
37477,13379433,13380160,727,mRNA
37478,13370787,13370802,15,CDS
37479,13373863,13374103,240,CDS
37480,13374241,13374385,144,CDS
37481,13377858,13377947,89,CDS
37482,13378013,13378275,262,CDS
37483,13378547,13379370,823,CDS
37484,13379433,13379581,148,CDS
37485,13370995,13371526,531,mRNA
37486,13373863,13374103,240,mRNA
37487,13374241,13374385,144,mRNA
37488,13377858,13377947,89,mRNA
37489,13378013,13378275,262,mRNA
37490,13378547,13379370,823,mRNA
37491,13379433,13380160,727,mRNA
37492,13370995,13371367,372,mRNA
37493,13373863,13374103,240,mRNA
37494,13374241,13374385,144,mRNA
37495,13377858,13377947,89,mRNA
37496,13378013,13378275,262,mRNA
37497,13378547,13379370,823,mRNA
37498,13379433,13380160,727,mRNA
37499,13370995,13371261,266,mRNA
37500,13373863,13374103,240,mRNA
37501,13374241,13374385,144,mRNA
37502,13377858,13377947,89,mRNA
37503,13378013,13378275,262,mRNA
37504,13378547,13379370,823,mRNA
37505,13379433,13380160,727,mRNA
37506,13370995,13371214,219,mRNA
37507,13373863,13374103,240,mRNA
37508,13374241,13374385,144,mRNA
37509,13377858,13377947,89,mRNA
37510,13378013,13378275,262,mRNA
37511,13378547,13379370,823,mRNA
37512,13379433,13380160,727,mRNA
37513,13370995,13371060,65,mRNA
37514,13373863,13374103,240,mRNA
37515,13374241,13374385,144,mRNA
37516,13377858,13377947,89,mRNA
37517,13378013,13378275,262,mRNA
37518,13378547,13379370,823,mRNA
37519,13379433,13380160,727,mRNA
37520,13373759,13373796,37,mRNA
37521,13373863,13374103,240,mRNA
37522,13374241,13374385,144,mRNA
37523,13377858,13377947,89,mRNA
37524,13378013,13378275,262,mRNA
37525,13378547,13379370,823,mRNA
37526,13379433,13380160,727,mRNA
37527,13373868,13374103,235,CDS
37528,13374241,13374385,144,CDS
37529,13377858,13377947,89,CDS
37530,13378013,13378275,262,CDS
37531,13378547,13379370,823,CDS
37532,13379433,13379581,148,CDS
37533,13373868,13374103,235,CDS
37534,13374241,13374385,144,CDS
37535,13377858,13377947,89,CDS
37536,13378013,13378275,262,CDS
37537,13378547,13379370,823,CDS
37538,13379433,13379581,148,CDS
37539,13373868,13374103,235,CDS
37540,13374241,13374385,144,CDS
37541,13377858,13377947,89,CDS
37542,13378013,13378275,262,CDS
37543,13378547,13379370,823,CDS
37544,13379433,13379581,148,CDS
37545,13373868,13374103,235,CDS
37546,13374241,13374385,144,CDS
37547,13377858,13377947,89,CDS
37548,13378013,13378275,262,CDS
37549,13378547,13379370,823,CDS
37550,13379433,13379581,148,CDS
37551,13373868,13374103,235,CDS
37552,13374241,13374385,144,CDS
37553,13377858,13377947,89,CDS
37554,13378013,13378275,262,CDS
37555,13378547,13379370,823,CDS
37556,13379433,13379581,148,CDS
37557,13373868,13374103,235,CDS
37558,13374241,13374385,144,CDS
37559,13377858,13377947,89,CDS
37560,13378013,13378275,262,CDS
37561,13378547,13379370,823,CDS
37562,13379433,13379581,148,CDS
37563,13380166,13384877,4711,gene
37564,13384300,13384877,577,mRNA
37565,13380166,13381043,877,mRNA
37566,13384300,13384877,577,mRNA
37567,13380705,13381043,338,mRNA
37568,13384300,13384688,388,CDS
37569,13380956,13381043,87,CDS
37570,13384300,13384688,388,CDS
37571,13380956,13381043,87,CDS
37572,13384300,13384877,577,mRNA
37573,13381750,13383623,1873,mRNA
37574,13384300,13384688,388,CDS
37575,13383269,13383623,354,CDS
37576,13385210,13385893,683,gene
37577,13385210,13385396,186,mRNA
37578,13385500,13385595,95,mRNA
37579,13385661,13385893,232,mRNA
37580,13385265,13385396,131,mRNA
37581,13385500,13385595,95,mRNA
37582,13385661,13385893,232,mRNA
37583,13385337,13385396,59,CDS
37584,13385500,13385595,95,CDS
37585,13385661,13385792,131,CDS
37586,13385337,13385396,59,CDS
37587,13385500,13385595,95,CDS
37588,13385661,13385792,131,CDS
37589,13385914,13387417,1503,gene
37590,13387186,13387417,231,mRNA
37591,13386815,13387040,225,mRNA
37592,13386589,13386748,159,mRNA
37593,13385914,13386431,517,mRNA
37594,13387186,13387417,231,mRNA
37595,13386815,13387040,225,mRNA
37596,13385914,13386748,834,mRNA
37597,13386815,13386932,117,CDS
37598,13386589,13386748,159,CDS
37599,13386344,13386431,87,CDS
37600,13386815,13386932,117,CDS
37601,13386534,13386748,214,CDS
37602,13387563,13389332,1769,gene
37603,13387563,13388844,1281,mRNA
37604,13387730,13389332,1602,mRNA
37605,13388012,13388749,737,CDS
37606,13388012,13388749,737,CDS
37607,13390235,13390560,325,gene
37608,13390235,13390560,325,ncRNA
37609,13395830,13396361,531,gene
37610,13395830,13396361,531,ncRNA
37611,13396899,13401224,4325,gene
37612,13396899,13397300,401,mRNA
37613,13398585,13399004,419,mRNA
37614,13399331,13399561,230,mRNA
37615,13399633,13399939,306,mRNA
37616,13400007,13400161,154,mRNA
37617,13400230,13401224,994,mRNA
37618,13397271,13397300,29,CDS
37619,13398585,13399004,419,CDS
37620,13399331,13399561,230,CDS
37621,13399633,13399939,306,CDS
37622,13400007,13400161,154,CDS
37623,13400230,13400418,188,CDS
37624,13401544,13401835,291,mobile_element
37625,13401839,13402863,1024,gene
37626,13401839,13402863,1024,mRNA
37627,13402223,13402714,491,CDS
37628,13404749,13409323,4574,gene
37629,13404749,13405084,335,mRNA
37630,13408288,13408574,286,mRNA
37631,13408656,13408791,135,mRNA
37632,13408863,13409323,460,mRNA
37633,13404967,13405084,117,CDS
37634,13408288,13408574,286,CDS
37635,13408656,13408791,135,CDS
37636,13408863,13409035,172,CDS
37637,13409369,13413074,3705,gene
37638,13412982,13413074,92,mRNA
37639,13412487,13412922,435,mRNA
37640,13412262,13412416,154,mRNA
37641,13411352,13411425,73,mRNA
37642,13410342,13410517,175,mRNA
37643,13409814,13410268,454,mRNA
37644,13409369,13409749,380,mRNA
37645,13412487,13412868,381,mRNA
37646,13412262,13412416,154,mRNA
37647,13411352,13411425,73,mRNA
37648,13410342,13410517,175,mRNA
37649,13409814,13410268,454,mRNA
37650,13409369,13409749,380,mRNA
37651,13411352,13411588,236,mRNA
37652,13410342,13410517,175,mRNA
37653,13409814,13410268,454,mRNA
37654,13409369,13409749,380,mRNA
37655,13412487,13412696,209,CDS
37656,13412262,13412416,154,CDS
37657,13411352,13411425,73,CDS
37658,13410342,13410517,175,CDS
37659,13409814,13410268,454,CDS
37660,13409599,13409749,150,CDS
37661,13412487,13412696,209,CDS
37662,13412262,13412416,154,CDS
37663,13411352,13411425,73,CDS
37664,13410342,13410517,175,CDS
37665,13409814,13410268,454,CDS
37666,13409599,13409749,150,CDS
37667,13411352,13411466,114,CDS
37668,13410342,13410517,175,CDS
37669,13409814,13410268,454,CDS
37670,13409599,13409749,150,CDS
37671,13413242,13421024,7782,gene
37672,13413242,13417519,4277,mRNA
37673,13417591,13420304,2713,mRNA
37674,13420369,13420531,162,mRNA
37675,13420597,13421024,427,mRNA
37676,13413242,13413248,6,mRNA
37677,13413313,13414895,1582,mRNA
37678,13415043,13417519,2476,mRNA
37679,13417591,13420304,2713,mRNA
37680,13420369,13420531,162,mRNA
37681,13420597,13421024,427,mRNA
37682,13413467,13417519,4052,CDS
37683,13417591,13420304,2713,CDS
37684,13420369,13420531,162,CDS
37685,13420597,13420755,158,CDS
37686,13413467,13414895,1428,CDS
37687,13415043,13417519,2476,CDS
37688,13417591,13420304,2713,CDS
37689,13420369,13420531,162,CDS
37690,13420597,13420755,158,CDS
37691,13429519,13430606,1087,mobile_element
37692,13445903,13527282,81379,gene
37693,13445903,13446277,374,mRNA
37694,13453282,13453394,112,mRNA
37695,13483028,13483286,258,mRNA
37696,13495841,13496206,365,mRNA
37697,13499798,13499883,85,mRNA
37698,13500494,13500823,329,mRNA
37699,13500951,13501048,97,mRNA
37700,13502459,13502598,139,mRNA
37701,13504035,13504144,109,mRNA
37702,13506099,13506230,131,mRNA
37703,13520518,13520600,82,mRNA
37704,13520902,13521183,281,mRNA
37705,13522754,13527282,4528,mRNA
37706,13445903,13446277,374,mRNA
37707,13453282,13453394,112,mRNA
37708,13483028,13483286,258,mRNA
37709,13495841,13496206,365,mRNA
37710,13499798,13499883,85,mRNA
37711,13500494,13500823,329,mRNA
37712,13500951,13501048,97,mRNA
37713,13502459,13502598,139,mRNA
37714,13504035,13504144,109,mRNA
37715,13506099,13506230,131,mRNA
37716,13518274,13519626,1352,mRNA
37717,13456534,13457663,1129,gene
37718,13457602,13457663,61,mRNA
37719,13456534,13457506,972,mRNA
37720,13457602,13457611,9,CDS
37721,13456713,13457506,793,CDS
37722,13463700,13469219,5519,mobile_element
37723,13483136,13483286,150,CDS
37724,13495841,13496206,365,CDS
37725,13499798,13499883,85,CDS
37726,13500494,13500823,329,CDS
37727,13500951,13501048,97,CDS
37728,13502459,13502598,139,CDS
37729,13504035,13504144,109,CDS
37730,13506099,13506230,131,CDS
37731,13520518,13520600,82,CDS
37732,13520902,13521183,281,CDS
37733,13522754,13523444,690,CDS
37734,13483136,13483286,150,CDS
37735,13495841,13496206,365,CDS
37736,13499798,13499883,85,CDS
37737,13500494,13500823,329,CDS
37738,13500951,13501048,97,CDS
37739,13502459,13502598,139,CDS
37740,13504035,13504144,109,CDS
37741,13506099,13506230,131,CDS
37742,13518274,13518894,620,CDS
37743,13528006,13529280,1274,gene
37744,13528006,13528614,608,mRNA
37745,13528819,13528988,169,mRNA
37746,13529059,13529280,221,mRNA
37747,13528013,13528614,601,CDS
37748,13528819,13528988,169,CDS
37749,13529059,13529132,73,CDS
37750,13528757,13529149,392,gene
37751,13528757,13529149,392,ncRNA
37752,13529656,13530249,593,gene
37753,13529656,13530249,593,mRNA
37754,13529817,13530104,287,CDS
37755,13534400,13536202,1802,gene
37756,13534400,13534804,404,mRNA
37757,13534866,13535032,166,mRNA
37758,13535098,13535336,238,mRNA
37759,13535645,13536202,557,mRNA
37760,13534473,13534804,331,CDS
37761,13534866,13535032,166,CDS
37762,13535098,13535336,238,CDS
37763,13535645,13535803,158,CDS
37764,13543643,13544907,1264,gene
37765,13543643,13544086,443,mRNA
37766,13544494,13544907,413,mRNA
37767,13543774,13544086,312,CDS
37768,13544494,13544702,208,CDS
37769,13552559,13555800,3241,gene
37770,13555314,13555800,486,mRNA
37771,13553411,13554266,855,mRNA
37772,13553092,13553264,172,mRNA
37773,13552559,13553000,441,mRNA
37774,13553411,13554265,854,mRNA
37775,13553092,13553264,172,mRNA
37776,13552559,13553000,441,mRNA
37777,13555314,13555800,486,mRNA
37778,13553411,13554266,855,mRNA
37779,13552800,13553264,464,mRNA
37780,13553411,13554265,854,mRNA
37781,13552800,13553264,464,mRNA
37782,13553411,13554249,838,CDS
37783,13553092,13553264,172,CDS
37784,13552924,13553000,76,CDS
37785,13553411,13554249,838,CDS
37786,13553092,13553264,172,CDS
37787,13552924,13553000,76,CDS
37788,13553411,13554249,838,CDS
37789,13553063,13553264,201,CDS
37790,13553411,13554249,838,CDS
37791,13553063,13553264,201,CDS
37792,13556472,13557866,1394,gene
37793,13556472,13556719,247,mRNA
37794,13556826,13557866,1040,mRNA
37795,13556549,13556719,170,CDS
37796,13556826,13557593,767,CDS
37797,13561671,13563359,1688,gene
37798,13561671,13561717,46,mRNA
37799,13561966,13563359,1393,mRNA
37800,13561671,13561717,46,mRNA
37801,13561966,13562874,908,mRNA
37802,13561711,13561717,6,CDS
37803,13561966,13562816,850,CDS
37804,13561711,13561717,6,CDS
37805,13561966,13562816,850,CDS
37806,13563823,13593224,29401,gene
37807,13563823,13564333,510,mRNA
37808,13575902,13576182,280,mRNA
37809,13576612,13577664,1052,mRNA
37810,13580055,13580185,130,mRNA
37811,13584157,13584397,240,mRNA
37812,13584861,13585040,179,mRNA
37813,13585691,13585827,136,mRNA
37814,13585894,13586092,198,mRNA
37815,13589922,13593224,3302,mRNA
37816,13563823,13564333,510,mRNA
37817,13575902,13576376,474,mRNA
37818,13576612,13577664,1052,mRNA
37819,13580055,13580185,130,mRNA
37820,13584157,13584397,240,mRNA
37821,13584861,13585040,179,mRNA
37822,13585691,13585827,136,mRNA
37823,13585894,13586054,160,mRNA
37824,13589922,13591760,1838,mRNA
37825,13563823,13564333,510,mRNA
37826,13575902,13576182,280,mRNA
37827,13576612,13577664,1052,mRNA
37828,13580055,13580185,130,mRNA
37829,13584157,13584397,240,mRNA
37830,13584861,13585040,179,mRNA
37831,13585691,13585827,136,mRNA
37832,13585894,13586054,160,mRNA
37833,13589922,13591760,1838,mRNA
37834,13563823,13590570,26747,gene
37835,13563823,13564333,510,mRNA
37836,13575902,13576182,280,mRNA
37837,13576612,13577664,1052,mRNA
37838,13580055,13580185,130,mRNA
37839,13584157,13584397,240,mRNA
37840,13584861,13585040,179,mRNA
37841,13585691,13585827,136,mRNA
37842,13585894,13586054,160,mRNA
37843,13589922,13590570,648,mRNA
37844,13563823,13564333,510,mRNA
37845,13575902,13576182,280,mRNA
37846,13576612,13577664,1052,mRNA
37847,13580055,13580185,130,mRNA
37848,13584157,13584397,240,mRNA
37849,13584861,13585040,179,mRNA
37850,13585691,13585827,136,mRNA
37851,13585894,13586054,160,mRNA
37852,13589922,13590570,648,mRNA
37853,13575904,13576026,122,CDS
37854,13576208,13576351,143,mRNA
37855,13576612,13577664,1052,mRNA
37856,13580055,13580185,130,mRNA
37857,13584157,13584397,240,mRNA
37858,13584861,13585040,179,mRNA
37859,13585691,13585827,136,mRNA
37860,13585894,13586092,198,mRNA
37861,13589922,13590570,648,mRNA
37862,13576208,13576351,143,mRNA
37863,13576612,13577664,1052,mRNA
37864,13580055,13580185,130,mRNA
37865,13584157,13584397,240,mRNA
37866,13584861,13585040,179,mRNA
37867,13585691,13585827,136,mRNA
37868,13585894,13586092,198,mRNA
37869,13589922,13590570,648,mRNA
37870,13577506,13577664,158,CDS
37871,13580055,13580185,130,CDS
37872,13584157,13584397,240,CDS
37873,13584861,13585040,179,CDS
37874,13585691,13585827,136,CDS
37875,13585894,13586092,198,CDS
37876,13589922,13590416,494,CDS
37877,13577506,13577664,158,CDS
37878,13580055,13580185,130,CDS
37879,13584157,13584397,240,CDS
37880,13584861,13585040,179,CDS
37881,13585691,13585827,136,CDS
37882,13585894,13586092,198,CDS
37883,13589922,13590374,452,CDS
37884,13577506,13577664,158,CDS
37885,13580055,13580185,130,CDS
37886,13584157,13584397,240,CDS
37887,13584861,13585040,179,CDS
37888,13585691,13585827,136,CDS
37889,13585894,13586092,198,CDS
37890,13589922,13590374,452,CDS
37891,13577506,13577664,158,CDS
37892,13580055,13580185,130,CDS
37893,13584157,13584397,240,CDS
37894,13584861,13585040,179,CDS
37895,13585691,13585827,136,CDS
37896,13585894,13586054,160,CDS
37897,13589922,13589953,31,CDS
37898,13577506,13577664,158,CDS
37899,13580055,13580185,130,CDS
37900,13584157,13584397,240,CDS
37901,13584861,13585040,179,CDS
37902,13585691,13585827,136,CDS
37903,13585894,13586054,160,CDS
37904,13589922,13589953,31,CDS
37905,13577506,13577664,158,CDS
37906,13580055,13580185,130,CDS
37907,13584157,13584397,240,CDS
37908,13584861,13585040,179,CDS
37909,13585691,13585827,136,CDS
37910,13585894,13586054,160,CDS
37911,13589922,13589953,31,CDS
37912,13593474,13602578,9104,gene
37913,13602418,13602506,88,mRNA
37914,13600070,13600117,47,mRNA
37915,13599412,13599460,48,mRNA
37916,13597381,13597404,23,mRNA
37917,13596379,13596748,369,mRNA
37918,13595320,13595538,218,mRNA
37919,13595150,13595242,92,mRNA
37920,13595004,13595084,80,mRNA
37921,13594285,13594363,78,mRNA
37922,13593474,13594050,576,mRNA
37923,13602418,13602578,160,mRNA
37924,13600070,13600117,47,mRNA
37925,13599416,13599457,41,mRNA
37926,13598174,13598176,2,mRNA
37927,13596379,13596748,369,mRNA
37928,13595320,13595538,218,mRNA
37929,13595150,13595242,92,mRNA
37930,13595004,13595084,80,mRNA
37931,13594285,13594363,78,mRNA
37932,13593577,13594050,473,mRNA
37933,13602418,13602578,160,mRNA
37934,13600070,13600117,47,mRNA
37935,13599416,13599457,41,mRNA
37936,13598174,13598176,2,mRNA
37937,13597381,13597404,23,mRNA
37938,13596376,13596748,372,mRNA
37939,13595320,13595538,218,mRNA
37940,13595150,13595242,92,mRNA
37941,13595004,13595084,80,mRNA
37942,13594285,13594363,78,mRNA
37943,13593577,13594050,473,mRNA
37944,13602418,13602578,160,mRNA
37945,13600070,13600117,47,mRNA
37946,13599416,13599460,44,mRNA
37947,13596376,13596748,372,mRNA
37948,13595320,13595538,218,mRNA
37949,13595150,13595242,92,mRNA
37950,13595004,13595084,80,mRNA
37951,13594285,13594363,78,mRNA
37952,13593577,13594050,473,mRNA
37953,13602418,13602506,88,mRNA
37954,13600070,13600117,47,mRNA
37955,13596379,13596748,369,mRNA
37956,13595320,13595538,218,mRNA
37957,13595150,13595242,92,mRNA
37958,13595004,13595084,80,mRNA
37959,13594830,13594908,78,mRNA
37960,13593577,13594050,473,mRNA
37961,13602418,13602506,88,mRNA
37962,13600070,13600117,47,mRNA
37963,13596376,13596748,372,mRNA
37964,13595320,13595538,218,mRNA
37965,13595150,13595242,92,mRNA
37966,13595004,13595084,80,mRNA
37967,13594285,13594363,78,mRNA
37968,13593577,13594050,473,mRNA
37969,13602418,13602506,88,mRNA
37970,13600070,13600117,47,mRNA
37971,13596376,13596748,372,mRNA
37972,13595320,13595538,218,mRNA
37973,13595150,13595242,92,mRNA
37974,13595004,13595084,80,mRNA
37975,13594830,13594908,78,mRNA
37976,13593577,13594050,473,mRNA
37977,13602418,13602506,88,mRNA
37978,13600070,13600117,47,mRNA
37979,13599416,13599457,41,mRNA
37980,13596376,13596748,372,mRNA
37981,13595320,13595538,218,mRNA
37982,13595150,13595242,92,mRNA
37983,13595004,13595084,80,mRNA
37984,13594285,13594363,78,mRNA
37985,13593577,13594050,473,mRNA
37986,13602418,13602506,88,mRNA
37987,13600070,13600117,47,mRNA
37988,13599416,13599457,41,mRNA
37989,13597381,13597404,23,mRNA
37990,13596376,13596748,372,mRNA
37991,13595320,13595538,218,mRNA
37992,13595150,13595242,92,mRNA
37993,13595004,13595084,80,mRNA
37994,13594285,13594363,78,mRNA
37995,13593577,13594050,473,mRNA
37996,13602418,13602506,88,mRNA
37997,13600070,13600117,47,mRNA
37998,13599416,13599457,41,mRNA
37999,13598174,13598176,2,mRNA
38000,13597381,13597404,23,mRNA
38001,13596379,13596748,369,mRNA
38002,13595320,13595538,218,mRNA
38003,13595150,13595242,92,mRNA
38004,13595004,13595084,80,mRNA
38005,13594285,13594363,78,mRNA
38006,13593577,13594050,473,mRNA
38007,13602418,13602506,88,mRNA
38008,13600070,13600117,47,mRNA
38009,13599416,13599460,44,mRNA
38010,13596376,13596748,372,mRNA
38011,13595320,13595538,218,mRNA
38012,13595150,13595242,92,mRNA
38013,13595004,13595084,80,mRNA
38014,13594830,13594908,78,mRNA
38015,13593577,13594050,473,mRNA
38016,13602418,13602506,88,mRNA
38017,13600070,13600117,47,mRNA
38018,13599416,13599460,44,mRNA
38019,13597381,13597404,23,mRNA
38020,13596379,13596748,369,mRNA
38021,13595320,13595538,218,mRNA
38022,13595150,13595242,92,mRNA
38023,13595004,13595084,80,mRNA
38024,13594285,13594363,78,mRNA
38025,13593577,13594050,473,mRNA
38026,13602418,13602506,88,mRNA
38027,13600070,13600117,47,mRNA
38028,13599416,13599460,44,mRNA
38029,13597381,13597404,23,mRNA
38030,13596376,13596748,372,mRNA
38031,13595320,13595538,218,mRNA
38032,13595150,13595242,92,mRNA
38033,13595004,13595084,80,mRNA
38034,13594285,13594363,78,mRNA
38035,13593577,13594050,473,mRNA
38036,13602418,13602506,88,mRNA
38037,13600070,13600117,47,mRNA
38038,13599416,13599460,44,mRNA
38039,13597381,13597404,23,mRNA
38040,13596376,13596748,372,mRNA
38041,13595320,13595538,218,mRNA
38042,13595150,13595242,92,mRNA
38043,13595004,13595084,80,mRNA
38044,13594830,13594908,78,mRNA
38045,13593577,13594050,473,mRNA
38046,13602229,13602365,136,mRNA
38047,13600070,13600117,47,mRNA
38048,13599416,13599457,41,mRNA
38049,13596376,13596748,372,mRNA
38050,13595320,13595538,218,mRNA
38051,13595150,13595242,92,mRNA
38052,13595004,13595084,80,mRNA
38053,13594285,13594363,78,mRNA
38054,13593577,13594050,473,mRNA
38055,13601368,13601654,286,mRNA
38056,13600070,13600117,47,mRNA
38057,13599416,13599457,41,mRNA
38058,13596376,13596748,372,mRNA
38059,13595320,13595538,218,mRNA
38060,13595150,13595242,92,mRNA
38061,13595004,13595084,80,mRNA
38062,13594285,13594363,78,mRNA
38063,13593577,13594050,473,mRNA
38064,13599416,13599780,364,mRNA
38065,13596376,13596748,372,mRNA
38066,13595320,13595538,218,mRNA
38067,13595150,13595242,92,mRNA
38068,13595004,13595084,80,mRNA
38069,13594285,13594363,78,mRNA
38070,13593577,13594050,473,mRNA
38071,13599416,13599509,93,mRNA
38072,13596376,13596748,372,mRNA
38073,13595320,13595538,218,mRNA
38074,13595150,13595242,92,mRNA
38075,13595004,13595084,80,mRNA
38076,13594285,13594363,78,mRNA
38077,13593577,13594050,473,mRNA
38078,13600070,13600092,22,CDS
38079,13596379,13596748,369,CDS
38080,13595320,13595538,218,CDS
38081,13595150,13595242,92,CDS
38082,13595004,13595084,80,CDS
38083,13594830,13594908,78,CDS
38084,13593794,13594050,256,CDS
38085,13600070,13600092,22,CDS
38086,13596376,13596748,372,CDS
38087,13595320,13595538,218,CDS
38088,13595150,13595242,92,CDS
38089,13595004,13595084,80,CDS
38090,13594285,13594363,78,CDS
38091,13593794,13594050,256,CDS
38092,13600070,13600092,22,CDS
38093,13596376,13596748,372,CDS
38094,13595320,13595538,218,CDS
38095,13595150,13595242,92,CDS
38096,13595004,13595084,80,CDS
38097,13594830,13594908,78,CDS
38098,13593794,13594050,256,CDS
38099,13600070,13600092,22,CDS
38100,13599416,13599457,41,CDS
38101,13596376,13596748,372,CDS
38102,13595320,13595538,218,CDS
38103,13595150,13595242,92,CDS
38104,13595004,13595084,80,CDS
38105,13594285,13594363,78,CDS
38106,13593794,13594050,256,CDS
38107,13600070,13600092,22,CDS
38108,13599416,13599457,41,CDS
38109,13596376,13596748,372,CDS
38110,13595320,13595538,218,CDS
38111,13595150,13595242,92,CDS
38112,13595004,13595084,80,CDS
38113,13594285,13594363,78,CDS
38114,13593794,13594050,256,CDS
38115,13600070,13600092,22,CDS
38116,13599416,13599457,41,CDS
38117,13596376,13596748,372,CDS
38118,13595320,13595538,218,CDS
38119,13595150,13595242,92,CDS
38120,13595004,13595084,80,CDS
38121,13594285,13594363,78,CDS
38122,13593794,13594050,256,CDS
38123,13600070,13600092,22,CDS
38124,13599416,13599457,41,CDS
38125,13597381,13597404,23,CDS
38126,13596376,13596748,372,CDS
38127,13595320,13595538,218,CDS
38128,13595150,13595242,92,CDS
38129,13595004,13595084,80,CDS
38130,13594285,13594363,78,CDS
38131,13593794,13594050,256,CDS
38132,13600070,13600092,22,CDS
38133,13599416,13599457,41,CDS
38134,13598174,13598176,2,CDS
38135,13596379,13596748,369,CDS
38136,13595320,13595538,218,CDS
38137,13595150,13595242,92,CDS
38138,13595004,13595084,80,CDS
38139,13594285,13594363,78,CDS
38140,13593794,13594050,256,CDS
38141,13600070,13600092,22,CDS
38142,13599416,13599457,41,CDS
38143,13598174,13598176,2,CDS
38144,13597381,13597404,23,CDS
38145,13596379,13596748,369,CDS
38146,13595320,13595538,218,CDS
38147,13595150,13595242,92,CDS
38148,13595004,13595084,80,CDS
38149,13594285,13594363,78,CDS
38150,13593794,13594050,256,CDS
38151,13600070,13600092,22,CDS
38152,13599416,13599457,41,CDS
38153,13598174,13598176,2,CDS
38154,13597381,13597404,23,CDS
38155,13596376,13596748,372,CDS
38156,13595320,13595538,218,CDS
38157,13595150,13595242,92,CDS
38158,13595004,13595084,80,CDS
38159,13594285,13594363,78,CDS
38160,13593794,13594050,256,CDS
38161,13600070,13600092,22,CDS
38162,13599416,13599460,44,CDS
38163,13596376,13596748,372,CDS
38164,13595320,13595538,218,CDS
38165,13595150,13595242,92,CDS
38166,13595004,13595084,80,CDS
38167,13594285,13594363,78,CDS
38168,13593794,13594050,256,CDS
38169,13600070,13600092,22,CDS
38170,13599416,13599460,44,CDS
38171,13596376,13596748,372,CDS
38172,13595320,13595538,218,CDS
38173,13595150,13595242,92,CDS
38174,13595004,13595084,80,CDS
38175,13594830,13594908,78,CDS
38176,13593794,13594050,256,CDS
38177,13600070,13600092,22,CDS
38178,13599416,13599460,44,CDS
38179,13597381,13597404,23,CDS
38180,13596379,13596748,369,CDS
38181,13595320,13595538,218,CDS
38182,13595150,13595242,92,CDS
38183,13595004,13595084,80,CDS
38184,13594285,13594363,78,CDS
38185,13593794,13594050,256,CDS
38186,13600070,13600092,22,CDS
38187,13599416,13599460,44,CDS
38188,13597381,13597404,23,CDS
38189,13596376,13596748,372,CDS
38190,13595320,13595538,218,CDS
38191,13595150,13595242,92,CDS
38192,13595004,13595084,80,CDS
38193,13594285,13594363,78,CDS
38194,13593794,13594050,256,CDS
38195,13600070,13600092,22,CDS
38196,13599416,13599460,44,CDS
38197,13597381,13597404,23,CDS
38198,13596376,13596748,372,CDS
38199,13595320,13595538,218,CDS
38200,13595150,13595242,92,CDS
38201,13595004,13595084,80,CDS
38202,13594830,13594908,78,CDS
38203,13593794,13594050,256,CDS
38204,13600070,13600082,12,CDS
38205,13599412,13599460,48,CDS
38206,13597381,13597404,23,CDS
38207,13596379,13596748,369,CDS
38208,13595320,13595538,218,CDS
38209,13595150,13595242,92,CDS
38210,13595004,13595084,80,CDS
38211,13594285,13594363,78,CDS
38212,13593794,13594050,256,CDS
38213,13596376,13596567,191,CDS
38214,13595320,13595538,218,CDS
38215,13595150,13595242,92,CDS
38216,13595004,13595084,80,CDS
38217,13594285,13594363,78,CDS
38218,13593794,13594050,256,CDS
38219,13596376,13596567,191,CDS
38220,13595320,13595538,218,CDS
38221,13595150,13595242,92,CDS
38222,13595004,13595084,80,CDS
38223,13594285,13594363,78,CDS
38224,13593794,13594050,256,CDS
38225,13604359,13605651,1292,gene
38226,13604359,13604670,311,ncRNA
38227,13604898,13605112,214,ncRNA
38228,13605495,13605651,156,ncRNA
38229,13605681,13609529,3848,gene
38230,13605681,13605771,90,mRNA
38231,13605999,13607474,1475,mRNA
38232,13607683,13608084,401,mRNA
38233,13608152,13608332,180,mRNA
38234,13608401,13609529,1128,mRNA
38235,13606144,13607474,1330,mRNA
38236,13607683,13608084,401,mRNA
38237,13608152,13608332,180,mRNA
38238,13608401,13609529,1128,mRNA
38239,13606445,13607474,1029,CDS
38240,13607683,13608084,401,CDS
38241,13608152,13608332,180,CDS
38242,13608401,13608911,510,CDS
38243,13606445,13607474,1029,CDS
38244,13607683,13608084,401,CDS
38245,13608152,13608332,180,CDS
38246,13608401,13608911,510,CDS
38247,13609671,13612062,2391,gene
38248,13611880,13612062,182,mRNA
38249,13611758,13611817,59,mRNA
38250,13611311,13611695,384,mRNA
38251,13609671,13611242,1571,mRNA
38252,13611880,13611965,85,CDS
38253,13611758,13611817,59,CDS
38254,13611311,13611695,384,CDS
38255,13609746,13611242,1496,CDS
38256,13612131,13613228,1097,gene
38257,13612131,13612201,70,mRNA
38258,13612261,13612713,452,mRNA
38259,13612776,13613228,452,mRNA
38260,13612172,13612201,29,CDS
38261,13612261,13612713,452,CDS
38262,13612776,13613042,266,CDS
38263,13613193,13616586,3393,gene
38264,13615676,13616586,910,mRNA
38265,13613193,13615419,2226,mRNA
38266,13615676,13616403,727,mRNA
38267,13613193,13615419,2226,mRNA
38268,13615676,13615980,304,CDS
38269,13614438,13615419,981,CDS
38270,13615676,13615980,304,CDS
38271,13614438,13615419,981,CDS
38272,13616989,13619207,2218,gene
38273,13616989,13617575,586,mRNA
38274,13617814,13617936,122,mRNA
38275,13618102,13618402,300,mRNA
38276,13618597,13619207,610,mRNA
38277,13616989,13617575,586,mRNA
38278,13617814,13617936,122,mRNA
38279,13618273,13618402,129,mRNA
38280,13618597,13619207,610,mRNA
38281,13616989,13617220,231,mRNA
38282,13617370,13617575,205,mRNA
38283,13617814,13617936,122,mRNA
38284,13618273,13618402,129,mRNA
38285,13618597,13619207,610,mRNA
38286,13616989,13617106,117,mRNA
38287,13617178,13617575,397,mRNA
38288,13617814,13617936,122,mRNA
38289,13618102,13618402,300,mRNA
38290,13618597,13619203,606,mRNA
38291,13617434,13617575,141,CDS
38292,13617814,13617936,122,CDS
38293,13618102,13618402,300,CDS
38294,13618597,13619053,456,CDS
38295,13617434,13617575,141,CDS
38296,13617814,13617936,122,CDS
38297,13618102,13618402,300,CDS
38298,13618597,13619053,456,CDS
38299,13617434,13617575,141,CDS
38300,13617814,13617936,122,CDS
38301,13618273,13618402,129,CDS
38302,13618597,13619053,456,CDS
38303,13617434,13617575,141,CDS
38304,13617814,13617936,122,CDS
38305,13618273,13618402,129,CDS
38306,13618597,13619053,456,CDS
38307,13619276,13624408,5132,gene
38308,13624164,13624408,244,mRNA
38309,13623547,13624106,559,mRNA
38310,13622560,13623470,910,mRNA
38311,13621619,13622500,881,mRNA
38312,13621419,13621553,134,mRNA
38313,13620924,13621356,432,mRNA
38314,13620593,13620855,262,mRNA
38315,13620344,13620534,190,mRNA
38316,13619738,13620272,534,mRNA
38317,13619276,13619665,389,mRNA
38318,13624164,13624408,244,mRNA
38319,13623547,13624106,559,mRNA
38320,13622560,13623470,910,mRNA
38321,13621619,13622500,881,mRNA
38322,13621419,13621553,134,mRNA
38323,13620924,13621356,432,mRNA
38324,13620593,13620855,262,mRNA
38325,13620344,13620534,190,mRNA
38326,13619738,13620272,534,mRNA
38327,13619344,13619665,321,mRNA
38328,13624164,13624305,141,CDS
38329,13623547,13624106,559,CDS
38330,13622560,13623470,910,CDS
38331,13621619,13622500,881,CDS
38332,13621419,13621553,134,CDS
38333,13620924,13621356,432,CDS
38334,13620593,13620855,262,CDS
38335,13620344,13620534,190,CDS
38336,13619738,13620272,534,CDS
38337,13619563,13619665,102,CDS
38338,13624164,13624305,141,CDS
38339,13623547,13624106,559,CDS
38340,13622560,13623470,910,CDS
38341,13621619,13622500,881,CDS
38342,13621419,13621553,134,CDS
38343,13620924,13621356,432,CDS
38344,13620593,13620855,262,CDS
38345,13620344,13620534,190,CDS
38346,13619738,13620272,534,CDS
38347,13619563,13619665,102,CDS
38348,13624745,13664568,39823,gene
38349,13624745,13625589,844,mRNA
38350,13649377,13649501,124,mRNA
38351,13649655,13650067,412,mRNA
38352,13652879,13653505,626,mRNA
38353,13654784,13655204,420,mRNA
38354,13655303,13655459,156,mRNA
38355,13655528,13655775,247,mRNA
38356,13655851,13656034,183,mRNA
38357,13660740,13662686,1946,mRNA
38358,13662755,13663657,902,mRNA
38359,13624745,13625589,844,mRNA
38360,13649377,13649501,124,mRNA
38361,13649655,13650067,412,mRNA
38362,13654784,13655204,420,mRNA
38363,13655303,13655459,156,mRNA
38364,13655528,13655775,247,mRNA
38365,13655851,13656034,183,mRNA
38366,13658108,13658645,537,mRNA
38367,13660740,13662686,1946,mRNA
38368,13662755,13663657,902,mRNA
38369,13624745,13625589,844,mRNA
38370,13649377,13649501,124,mRNA
38371,13649655,13650067,412,mRNA
38372,13654784,13655204,420,mRNA
38373,13655303,13655459,156,mRNA
38374,13655528,13655775,247,mRNA
38375,13655851,13656034,183,mRNA
38376,13660740,13662686,1946,mRNA
38377,13662755,13663657,902,mRNA
38378,13625457,13625589,132,CDS
38379,13649377,13649501,124,CDS
38380,13649655,13650067,412,CDS
38381,13652879,13653505,626,CDS
38382,13654784,13655204,420,CDS
38383,13655303,13655459,156,CDS
38384,13655528,13655775,247,CDS
38385,13655851,13656034,183,CDS
38386,13660740,13662686,1946,CDS
38387,13662755,13662759,4,CDS
38388,13625457,13625589,132,CDS
38389,13649377,13649501,124,CDS
38390,13649655,13650067,412,CDS
38391,13654784,13655204,420,CDS
38392,13655303,13655459,156,CDS
38393,13655528,13655775,247,CDS
38394,13655851,13656034,183,CDS
38395,13660740,13662686,1946,CDS
38396,13662755,13662759,4,CDS
38397,13625457,13625589,132,CDS
38398,13649377,13649501,124,CDS
38399,13649655,13650067,412,CDS
38400,13654784,13655204,420,CDS
38401,13655303,13655459,156,CDS
38402,13655528,13655775,247,CDS
38403,13655851,13656034,183,CDS
38404,13658108,13658115,7,CDS
38405,13642175,13642198,23,mRNA
38406,13645178,13645804,626,mRNA
38407,13649377,13649501,124,mRNA
38408,13649655,13650067,412,mRNA
38409,13654784,13655204,420,mRNA
38410,13655303,13655459,156,mRNA
38411,13655528,13655775,247,mRNA
38412,13655851,13656034,183,mRNA
38413,13660740,13662686,1946,mRNA
38414,13662755,13663657,902,mRNA
38415,13645179,13645804,625,mRNA
38416,13649377,13649501,124,mRNA
38417,13649655,13650067,412,mRNA
38418,13654784,13655204,420,mRNA
38419,13655303,13655459,156,mRNA
38420,13655528,13655775,247,mRNA
38421,13655851,13656034,183,mRNA
38422,13660740,13662686,1946,mRNA
38423,13662755,13664568,1813,mRNA
38424,13645179,13645804,625,mRNA
38425,13649377,13649501,124,mRNA
38426,13649655,13650067,412,mRNA
38427,13652879,13653505,626,mRNA
38428,13654784,13655204,420,mRNA
38429,13655303,13655459,156,mRNA
38430,13655528,13655775,247,mRNA
38431,13655851,13656034,183,mRNA
38432,13660740,13662686,1946,mRNA
38433,13662755,13663657,902,mRNA
38434,13645179,13645804,625,mRNA
38435,13649377,13649501,124,mRNA
38436,13649655,13650067,412,mRNA
38437,13654784,13655204,420,mRNA
38438,13655303,13655459,156,mRNA
38439,13655528,13655775,247,mRNA
38440,13655851,13656034,183,mRNA
38441,13658108,13661942,3834,mRNA
38442,13645558,13645804,246,CDS
38443,13649377,13649501,124,CDS
38444,13649655,13650067,412,CDS
38445,13652879,13653505,626,CDS
38446,13654784,13655204,420,CDS
38447,13655303,13655459,156,CDS
38448,13655528,13655775,247,CDS
38449,13655851,13656034,183,CDS
38450,13660740,13662686,1946,CDS
38451,13662755,13662759,4,CDS
38452,13645558,13645804,246,CDS
38453,13649377,13649501,124,CDS
38454,13649655,13650067,412,CDS
38455,13654784,13655204,420,CDS
38456,13655303,13655459,156,CDS
38457,13655528,13655775,247,CDS
38458,13655851,13656034,183,CDS
38459,13660740,13662686,1946,CDS
38460,13662755,13662759,4,CDS
38461,13645558,13645804,246,CDS
38462,13649377,13649501,124,CDS
38463,13649655,13650067,412,CDS
38464,13654784,13655204,420,CDS
38465,13655303,13655459,156,CDS
38466,13655528,13655775,247,CDS
38467,13655851,13656034,183,CDS
38468,13660740,13662686,1946,CDS
38469,13662755,13662759,4,CDS
38470,13645558,13645804,246,CDS
38471,13649377,13649501,124,CDS
38472,13649655,13650067,412,CDS
38473,13654784,13655204,420,CDS
38474,13655303,13655459,156,CDS
38475,13655528,13655775,247,CDS
38476,13655851,13656034,183,CDS
38477,13658108,13658115,7,CDS
38478,13664584,13667811,3227,gene
38479,13667428,13667811,383,mRNA
38480,13667196,13667360,164,mRNA
38481,13666226,13667136,910,mRNA
38482,13664584,13666163,1579,mRNA
38483,13667428,13667740,312,CDS
38484,13667196,13667360,164,CDS
38485,13666226,13667136,910,CDS
38486,13664796,13666163,1367,CDS
38487,13668014,13669573,1559,gene
38488,13668014,13668447,433,mRNA
38489,13668520,13669573,1053,mRNA
38490,13668014,13668447,433,mRNA
38491,13668520,13669294,774,mRNA
38492,13668087,13668447,360,CDS
38493,13668520,13669181,661,CDS
38494,13668087,13668447,360,CDS
38495,13668520,13669181,661,CDS
38496,13669699,13676232,6533,gene
38497,13669699,13669744,45,mRNA
38498,13670129,13670649,520,mRNA
38499,13671301,13671446,145,mRNA
38500,13672236,13672428,192,mRNA
38501,13672487,13673180,693,mRNA
38502,13673245,13676232,2987,mRNA
38503,13669699,13669744,45,mRNA
38504,13670129,13670649,520,mRNA
38505,13671301,13671446,145,mRNA
38506,13672236,13672428,192,mRNA
38507,13672487,13673180,693,mRNA
38508,13673245,13674475,1230,mRNA
38509,13669699,13669744,45,mRNA
38510,13670132,13670649,517,mRNA
38511,13671301,13671446,145,mRNA
38512,13672236,13672428,192,mRNA
38513,13672487,13672579,92,mRNA
38514,13673096,13673180,84,mRNA
38515,13673245,13674475,1230,mRNA
38516,13670560,13670649,89,CDS
38517,13671301,13671446,145,CDS
38518,13672236,13672428,192,CDS
38519,13672487,13673180,693,CDS
38520,13673245,13674194,949,CDS
38521,13670560,13670649,89,CDS
38522,13671301,13671446,145,CDS
38523,13672236,13672428,192,CDS
38524,13672487,13673180,693,CDS
38525,13673245,13674194,949,CDS
38526,13670560,13670649,89,CDS
38527,13671301,13671446,145,CDS
38528,13672236,13672428,192,CDS
38529,13672487,13672579,92,CDS
38530,13673096,13673180,84,CDS
38531,13673245,13674194,949,CDS
38532,13676894,13677882,988,gene
38533,13676894,13677630,736,mRNA
38534,13677701,13677882,181,mRNA
38535,13676915,13677630,715,CDS
38536,13677701,13677821,120,CDS
38537,13677899,13680500,2601,gene
38538,13679896,13680398,502,mRNA
38539,13678855,13679301,446,mRNA
38540,13677899,13678753,854,mRNA
38541,13679896,13680500,604,mRNA
38542,13678855,13679301,446,mRNA
38543,13678297,13678753,456,mRNA
38544,13679896,13680201,305,mRNA
38545,13678855,13679301,446,mRNA
38546,13678297,13678753,456,mRNA
38547,13679896,13680153,257,CDS
38548,13678855,13679301,446,CDS
38549,13678370,13678753,383,CDS
38550,13679896,13680153,257,CDS
38551,13678855,13679301,446,CDS
38552,13678370,13678753,383,CDS
38553,13679896,13680153,257,CDS
38554,13678855,13679301,446,CDS
38555,13678370,13678753,383,CDS
38556,13682952,13684616,1664,gene
38557,13682952,13683188,236,mRNA
38558,13683246,13684616,1370,mRNA
38559,13682976,13683188,212,CDS
38560,13683246,13684067,821,CDS
38561,13684380,13718285,33905,gene
38562,13718129,13718285,156,mRNA
38563,13701097,13701353,256,mRNA
38564,13688258,13688571,313,mRNA
38565,13688072,13688161,89,mRNA
38566,13686569,13688002,1433,mRNA
38567,13684380,13686502,2122,mRNA
38568,13718129,13718285,156,mRNA
38569,13707596,13707714,118,mRNA
38570,13701097,13701353,256,mRNA
38571,13688258,13688571,313,mRNA
38572,13688072,13688161,89,mRNA
38573,13686569,13688002,1433,mRNA
38574,13684553,13686502,1949,mRNA
38575,13718011,13718285,274,mRNA
38576,13701097,13701353,256,mRNA
38577,13688258,13688571,313,mRNA
38578,13688072,13688161,89,mRNA
38579,13686569,13688002,1433,mRNA
38580,13684553,13686502,1949,mRNA
38581,13688258,13688403,145,CDS
38582,13688072,13688161,89,CDS
38583,13686569,13688002,1433,CDS
38584,13685809,13686502,693,CDS
38585,13688258,13688403,145,CDS
38586,13688072,13688161,89,CDS
38587,13686569,13688002,1433,CDS
38588,13685809,13686502,693,CDS
38589,13688258,13688403,145,CDS
38590,13688072,13688161,89,CDS
38591,13686569,13688002,1433,CDS
38592,13685809,13686502,693,CDS
38593,13692292,13717835,25543,gene
38594,13692292,13692653,361,mRNA
38595,13706148,13706326,178,mRNA
38596,13709405,13709557,152,mRNA
38597,13709829,13710780,951,mRNA
38598,13711104,13711893,789,mRNA
38599,13712097,13712370,273,mRNA
38600,13712629,13712909,280,mRNA
38601,13712982,13713141,159,mRNA
38602,13713201,13713359,158,mRNA
38603,13713424,13713492,68,mRNA
38604,13714620,13714735,115,mRNA
38605,13714824,13714959,135,mRNA
38606,13715033,13715611,578,mRNA
38607,13715754,13716316,562,mRNA
38608,13716376,13716774,398,mRNA
38609,13716838,13717835,997,mRNA
38610,13692292,13692653,361,mRNA
38611,13706148,13706326,178,mRNA
38612,13709405,13709557,152,mRNA
38613,13709829,13710780,951,mRNA
38614,13711104,13711893,789,mRNA
38615,13712097,13712370,273,mRNA
38616,13712629,13712909,280,mRNA
38617,13712982,13713141,159,mRNA
38618,13713201,13713359,158,mRNA
38619,13713424,13713492,68,mRNA
38620,13714620,13714735,115,mRNA
38621,13714824,13714959,135,mRNA
38622,13715033,13715611,578,mRNA
38623,13715754,13716316,562,mRNA
38624,13716379,13716774,395,mRNA
38625,13716838,13717835,997,mRNA
38626,13692292,13692653,361,mRNA
38627,13706148,13706326,178,mRNA
38628,13709405,13709557,152,mRNA
38629,13709829,13710780,951,mRNA
38630,13711104,13711893,789,mRNA
38631,13712097,13712370,273,mRNA
38632,13712629,13712909,280,mRNA
38633,13712982,13713141,159,mRNA
38634,13713201,13713359,158,mRNA
38635,13713424,13713492,68,mRNA
38636,13714620,13714735,115,mRNA
38637,13714824,13714959,135,mRNA
38638,13715763,13716316,553,mRNA
38639,13716376,13716774,398,mRNA
38640,13716838,13717835,997,mRNA
38641,13692292,13692653,361,mRNA
38642,13706148,13706326,178,mRNA
38643,13709405,13709557,152,mRNA
38644,13709829,13710780,951,mRNA
38645,13711104,13711893,789,mRNA
38646,13712097,13712370,273,mRNA
38647,13712629,13712909,280,mRNA
38648,13712982,13713141,159,mRNA
38649,13713201,13713359,158,mRNA
38650,13713424,13714435,1011,mRNA
38651,13692560,13692653,93,CDS
38652,13706148,13706326,178,CDS
38653,13709405,13709557,152,CDS
38654,13709829,13710780,951,CDS
38655,13711104,13711893,789,CDS
38656,13712097,13712370,273,CDS
38657,13712629,13712909,280,CDS
38658,13712982,13713141,159,CDS
38659,13713201,13713359,158,CDS
38660,13713424,13713492,68,CDS
38661,13714620,13714735,115,CDS
38662,13714824,13714959,135,CDS
38663,13715033,13715611,578,CDS
38664,13715754,13716316,562,CDS
38665,13716376,13716774,398,CDS
38666,13716838,13717606,768,CDS
38667,13692560,13692653,93,CDS
38668,13706148,13706326,178,CDS
38669,13709405,13709557,152,CDS
38670,13709829,13710780,951,CDS
38671,13711104,13711893,789,CDS
38672,13712097,13712370,273,CDS
38673,13712629,13712909,280,CDS
38674,13712982,13713141,159,CDS
38675,13713201,13713359,158,CDS
38676,13713424,13713492,68,CDS
38677,13714620,13714735,115,CDS
38678,13714824,13714959,135,CDS
38679,13715033,13715611,578,CDS
38680,13715754,13716316,562,CDS
38681,13716379,13716774,395,CDS
38682,13716838,13717606,768,CDS
38683,13692560,13692653,93,CDS
38684,13706148,13706326,178,CDS
38685,13709405,13709557,152,CDS
38686,13709829,13710780,951,CDS
38687,13711104,13711893,789,CDS
38688,13712097,13712370,273,CDS
38689,13712629,13712909,280,CDS
38690,13712982,13713141,159,CDS
38691,13713201,13713359,158,CDS
38692,13713424,13713492,68,CDS
38693,13714620,13714735,115,CDS
38694,13714824,13714959,135,CDS
38695,13715763,13716316,553,CDS
38696,13716376,13716774,398,CDS
38697,13716838,13717606,768,CDS
38698,13692560,13692653,93,CDS
38699,13706148,13706326,178,CDS
38700,13709405,13709557,152,CDS
38701,13709829,13710780,951,CDS
38702,13711104,13711893,789,CDS
38703,13712097,13712370,273,CDS
38704,13712629,13712909,280,CDS
38705,13712982,13713141,159,CDS
38706,13713201,13713359,158,CDS
38707,13713424,13713651,227,CDS
38708,13696662,13697243,581,mRNA
38709,13706148,13706326,178,mRNA
38710,13709405,13709557,152,mRNA
38711,13709829,13710780,951,mRNA
38712,13711104,13711893,789,mRNA
38713,13712097,13712370,273,mRNA
38714,13712629,13712909,280,mRNA
38715,13712982,13713141,159,mRNA
38716,13713201,13713359,158,mRNA
38717,13713424,13714435,1011,mRNA
38718,13696662,13697243,581,mRNA
38719,13706148,13706326,178,mRNA
38720,13709405,13709557,152,mRNA
38721,13709829,13710395,566,mRNA
38722,13711511,13711893,382,mRNA
38723,13712097,13712370,273,mRNA
38724,13712629,13712909,280,mRNA
38725,13712982,13713141,159,mRNA
38726,13713201,13713359,158,mRNA
38727,13713424,13714435,1011,mRNA
38728,13696662,13697243,581,mRNA
38729,13706148,13706326,178,mRNA
38730,13709405,13709557,152,mRNA
38731,13711511,13711893,382,mRNA
38732,13712097,13712370,273,mRNA
38733,13712629,13712909,280,mRNA
38734,13712982,13713141,159,mRNA
38735,13713201,13713359,158,mRNA
38736,13713424,13714435,1011,mRNA
38737,13696814,13697243,429,CDS
38738,13706148,13706326,178,CDS
38739,13709405,13709557,152,CDS
38740,13709829,13710780,951,CDS
38741,13711104,13711893,789,CDS
38742,13712097,13712370,273,CDS
38743,13712629,13712909,280,CDS
38744,13712982,13713141,159,CDS
38745,13713201,13713359,158,CDS
38746,13713424,13713651,227,CDS
38747,13696814,13697243,429,CDS
38748,13706148,13706326,178,CDS
38749,13709405,13709557,152,CDS
38750,13709829,13710395,566,CDS
38751,13711511,13711893,382,CDS
38752,13712097,13712370,273,CDS
38753,13712629,13712909,280,CDS
38754,13712982,13713141,159,CDS
38755,13713201,13713359,158,CDS
38756,13713424,13713651,227,CDS
38757,13696814,13697243,429,CDS
38758,13706148,13706326,178,CDS
38759,13709405,13709557,152,CDS
38760,13711511,13711893,382,CDS
38761,13712097,13712370,273,CDS
38762,13712629,13712909,280,CDS
38763,13712982,13713141,159,CDS
38764,13713201,13713359,158,CDS
38765,13713424,13713651,227,CDS
38766,13700266,13700662,396,mRNA
38767,13706148,13706326,178,mRNA
38768,13709405,13709557,152,mRNA
38769,13709829,13710780,951,mRNA
38770,13711104,13711893,789,mRNA
38771,13712097,13712370,273,mRNA
38772,13712629,13712909,280,mRNA
38773,13712982,13713141,159,mRNA
38774,13713201,13713359,158,mRNA
38775,13713424,13714435,1011,mRNA
38776,13700584,13700662,78,CDS
38777,13706148,13706326,178,CDS
38778,13709405,13709557,152,CDS
38779,13709829,13710780,951,CDS
38780,13711104,13711893,789,CDS
38781,13712097,13712370,273,CDS
38782,13712629,13712909,280,CDS
38783,13712982,13713141,159,CDS
38784,13713201,13713359,158,CDS
38785,13713424,13713651,227,CDS
38786,13703537,13704022,485,mRNA
38787,13706148,13706326,178,mRNA
38788,13709405,13709557,152,mRNA
38789,13709829,13710780,951,mRNA
38790,13711104,13711893,789,mRNA
38791,13712097,13712370,273,mRNA
38792,13712629,13712909,280,mRNA
38793,13712982,13713141,159,mRNA
38794,13713201,13713359,158,mRNA
38795,13713424,13714435,1011,mRNA
38796,13705721,13705890,169,mRNA
38797,13706148,13706326,178,mRNA
38798,13709405,13709557,152,mRNA
38799,13709829,13710780,951,mRNA
38800,13711104,13711893,789,mRNA
38801,13712097,13712370,273,mRNA
38802,13712629,13712909,280,mRNA
38803,13712982,13713141,159,mRNA
38804,13713201,13713359,158,mRNA
38805,13713424,13714435,1011,mRNA
38806,13709931,13710780,849,CDS
38807,13711104,13711893,789,CDS
38808,13712097,13712370,273,CDS
38809,13712629,13712909,280,CDS
38810,13712982,13713141,159,CDS
38811,13713201,13713359,158,CDS
38812,13713424,13713651,227,CDS
38813,13709931,13710780,849,CDS
38814,13711104,13711893,789,CDS
38815,13712097,13712370,273,CDS
38816,13712629,13712909,280,CDS
38817,13712982,13713141,159,CDS
38818,13713201,13713359,158,CDS
38819,13713424,13713651,227,CDS
38820,13718734,13721977,3243,gene
38821,13720418,13721977,1559,mRNA
38822,13719411,13720351,940,mRNA
38823,13718734,13719345,611,mRNA
38824,13720418,13721676,1258,CDS
38825,13719411,13720351,940,CDS
38826,13719176,13719345,169,CDS
38827,13722246,13727113,4867,gene
38828,13722246,13727113,4867,mRNA
38829,13722354,13726631,4277,CDS
38830,13727204,13736278,9074,gene
38831,13735942,13736257,315,mRNA
38832,13734643,13734738,95,mRNA
38833,13733707,13733835,128,mRNA
38834,13733496,13733636,140,mRNA
38835,13733312,13733441,129,mRNA
38836,13733085,13733224,139,mRNA
38837,13732626,13732699,73,mRNA
38838,13730496,13730644,148,mRNA
38839,13729760,13730436,676,mRNA
38840,13729084,13729693,609,mRNA
38841,13728883,13729023,140,mRNA
38842,13728685,13728817,132,mRNA
38843,13727204,13728614,1410,mRNA
38844,13735531,13735689,158,mRNA
38845,13734643,13734738,95,mRNA
38846,13733707,13733835,128,mRNA
38847,13733496,13733636,140,mRNA
38848,13733312,13733441,129,mRNA
38849,13733085,13733224,139,mRNA
38850,13731549,13731622,73,mRNA
38851,13730496,13730644,148,mRNA
38852,13729760,13730436,676,mRNA
38853,13729084,13729693,609,mRNA
38854,13728880,13729023,143,mRNA
38855,13728685,13728817,132,mRNA
38856,13727204,13728614,1410,mRNA
38857,13735942,13736278,336,mRNA
38858,13734643,13734738,95,mRNA
38859,13733707,13733835,128,mRNA
38860,13733496,13733636,140,mRNA
38861,13733312,13733441,129,mRNA
38862,13733085,13733224,139,mRNA
38863,13731549,13731622,73,mRNA
38864,13730496,13730644,148,mRNA
38865,13729760,13730436,676,mRNA
38866,13729084,13729693,609,mRNA
38867,13728880,13729023,143,mRNA
38868,13728685,13728817,132,mRNA
38869,13727522,13728614,1092,mRNA
38870,13735942,13736040,98,CDS
38871,13734643,13734738,95,CDS
38872,13733707,13733835,128,CDS
38873,13733496,13733636,140,CDS
38874,13733312,13733441,129,CDS
38875,13733085,13733224,139,CDS
38876,13731549,13731622,73,CDS
38877,13730496,13730644,148,CDS
38878,13729760,13730436,676,CDS
38879,13729084,13729693,609,CDS
38880,13728880,13729023,143,CDS
38881,13728685,13728817,132,CDS
38882,13728032,13728614,582,CDS
38883,13735942,13736040,98,CDS
38884,13734643,13734738,95,CDS
38885,13733707,13733835,128,CDS
38886,13733496,13733636,140,CDS
38887,13733312,13733441,129,CDS
38888,13733085,13733224,139,CDS
38889,13732626,13732699,73,CDS
38890,13730496,13730644,148,CDS
38891,13729760,13730436,676,CDS
38892,13729084,13729693,609,CDS
38893,13728883,13729023,140,CDS
38894,13728685,13728817,132,CDS
38895,13728032,13728614,582,CDS
38896,13733707,13733829,122,CDS
38897,13733496,13733636,140,CDS
38898,13733312,13733441,129,CDS
38899,13733085,13733224,139,CDS
38900,13731549,13731622,73,CDS
38901,13730496,13730644,148,CDS
38902,13729760,13730436,676,CDS
38903,13729084,13729693,609,CDS
38904,13728880,13729023,143,CDS
38905,13728685,13728817,132,CDS
38906,13728032,13728614,582,CDS
38907,13736570,13744683,8113,gene
38908,13744284,13744683,399,mRNA
38909,13742316,13743734,1418,mRNA
38910,13742049,13742241,192,mRNA
38911,13741656,13741977,321,mRNA
38912,13736570,13737806,1236,mRNA
38913,13744284,13744398,114,CDS
38914,13742316,13743734,1418,CDS
38915,13742049,13742241,192,CDS
38916,13741656,13741977,321,CDS
38917,13737102,13737806,704,CDS
38918,13737942,13739177,1235,gene
38919,13737942,13737988,46,mRNA
38920,13738174,13738376,202,mRNA
38921,13738440,13738910,470,mRNA
38922,13738986,13739177,191,mRNA
38923,13738139,13738376,237,mRNA
38924,13738440,13738910,470,mRNA
38925,13738986,13739177,191,mRNA
38926,13738249,13738376,127,CDS
38927,13738440,13738910,470,CDS
38928,13738986,13739070,84,CDS
38929,13738249,13738376,127,CDS
38930,13738440,13738910,470,CDS
38931,13738986,13739070,84,CDS
38932,13739744,13741952,2208,gene
38933,13739744,13739860,116,mRNA
38934,13739949,13740112,163,mRNA
38935,13740678,13741101,423,mRNA
38936,13739782,13740112,330,mRNA
38937,13740678,13741143,465,mRNA
38938,13741684,13741952,268,mRNA
38939,13739980,13740112,132,CDS
38940,13740678,13740892,214,CDS
38941,13739980,13740112,132,CDS
38942,13740678,13740892,214,CDS
38943,13744928,13745476,548,gene
38944,13744928,13744944,16,ncRNA
38945,13745017,13745476,459,ncRNA
38946,13744940,13745476,536,ncRNA
38947,13744940,13744969,29,ncRNA
38948,13745024,13745476,452,ncRNA
38949,13745577,13755406,9829,gene
38950,13755253,13755406,153,mRNA
38951,13750586,13752027,1441,mRNA
38952,13750316,13750455,139,mRNA
38953,13745577,13746848,1271,mRNA
38954,13755253,13755406,153,mRNA
38955,13754830,13755061,231,mRNA
38956,13750586,13752027,1441,mRNA
38957,13750316,13750455,139,mRNA
38958,13745577,13746848,1271,mRNA
38959,13754830,13755406,576,mRNA
38960,13750586,13752022,1436,mRNA
38961,13750316,13750455,139,mRNA
38962,13745577,13746848,1271,mRNA
38963,13754830,13755406,576,mRNA
38964,13750586,13752027,1441,mRNA
38965,13750316,13750455,139,mRNA
38966,13746640,13746848,208,mRNA
38967,13750586,13751902,1316,CDS
38968,13750316,13750455,139,CDS
38969,13746776,13746848,72,CDS
38970,13750586,13751902,1316,CDS
38971,13750316,13750455,139,CDS
38972,13746776,13746848,72,CDS
38973,13750586,13751902,1316,CDS
38974,13750316,13750455,139,CDS
38975,13746776,13746848,72,CDS
38976,13750586,13751902,1316,CDS
38977,13750316,13750455,139,CDS
38978,13746776,13746848,72,CDS
38979,13755322,13756013,691,gene
38980,13755322,13755470,148,ncRNA
38981,13755850,13756013,163,ncRNA
38982,13756164,13756826,662,gene
38983,13756584,13756826,242,mRNA
38984,13756164,13756515,351,mRNA
38985,13756584,13756760,176,CDS
38986,13756258,13756515,257,CDS
38987,13757179,13758598,1419,gene
38988,13757179,13758083,904,mRNA
38989,13758150,13758306,156,mRNA
38990,13758360,13758598,238,mRNA
38991,13757271,13758083,812,CDS
38992,13758150,13758306,156,CDS
38993,13758360,13758544,184,CDS
38994,13759546,13761547,2001,gene
38995,13759546,13759806,260,mRNA
38996,13759869,13760251,382,mRNA
38997,13760324,13761547,1223,mRNA
38998,13759546,13759806,260,mRNA
38999,13759869,13760251,382,mRNA
39000,13760324,13761167,843,mRNA
39001,13759602,13759806,204,CDS
39002,13759869,13760251,382,CDS
39003,13760324,13760998,674,CDS
39004,13759602,13759806,204,CDS
39005,13759869,13760251,382,CDS
39006,13760324,13760998,674,CDS
39007,13762752,13779488,16736,gene
39008,13762752,13762868,116,mRNA
39009,13763069,13763111,42,mRNA
39010,13767787,13768157,370,mRNA
39011,13768659,13768803,144,mRNA
39012,13768869,13769060,191,mRNA
39013,13769144,13769554,410,mRNA
39014,13769811,13770142,331,mRNA
39015,13770766,13770804,38,mRNA
39016,13771128,13771203,75,mRNA
39017,13771277,13772485,1208,mRNA
39018,13772558,13772695,137,mRNA
39019,13772786,13773753,967,mRNA
39020,13773806,13773978,172,mRNA
39021,13775973,13776380,407,mRNA
39022,13776676,13779488,2812,mRNA
39023,13762752,13762868,116,mRNA
39024,13763069,13763088,19,mRNA
39025,13767787,13768157,370,mRNA
39026,13768659,13768803,144,mRNA
39027,13768869,13769060,191,mRNA
39028,13769144,13769554,410,mRNA
39029,13769811,13770142,331,mRNA
39030,13771128,13771203,75,mRNA
39031,13771277,13772485,1208,mRNA
39032,13772558,13772695,137,mRNA
39033,13772786,13773753,967,mRNA
39034,13773806,13773978,172,mRNA
39035,13776676,13779488,2812,mRNA
39036,13762752,13762868,116,mRNA
39037,13767787,13768157,370,mRNA
39038,13768659,13768803,144,mRNA
39039,13768869,13769060,191,mRNA
39040,13769144,13769554,410,mRNA
39041,13769811,13770142,331,mRNA
39042,13771128,13771203,75,mRNA
39043,13771277,13772485,1208,mRNA
39044,13772558,13772695,137,mRNA
39045,13772786,13773753,967,mRNA
39046,13773806,13773978,172,mRNA
39047,13776676,13779488,2812,mRNA
39048,13762752,13762830,78,mRNA
39049,13767787,13768157,370,mRNA
39050,13768659,13768803,144,mRNA
39051,13768869,13769060,191,mRNA
39052,13769144,13769554,410,mRNA
39053,13769811,13770142,331,mRNA
39054,13771128,13771203,75,mRNA
39055,13771277,13772485,1208,mRNA
39056,13772558,13772695,137,mRNA
39057,13772786,13773753,967,mRNA
39058,13773806,13773978,172,mRNA
39059,13776676,13779488,2812,mRNA
39060,13762752,13762830,78,mRNA
39061,13767787,13768157,370,mRNA
39062,13768659,13768803,144,mRNA
39063,13768869,13769060,191,mRNA
39064,13769144,13769554,410,mRNA
39065,13769811,13770142,331,mRNA
39066,13770766,13770804,38,mRNA
39067,13771128,13771203,75,mRNA
39068,13771277,13772485,1208,mRNA
39069,13772558,13772695,137,mRNA
39070,13772786,13773753,967,mRNA
39071,13773806,13773978,172,mRNA
39072,13775433,13775867,434,mRNA
39073,13762752,13762830,78,mRNA
39074,13767787,13768157,370,mRNA
39075,13768659,13768803,144,mRNA
39076,13768869,13769060,191,mRNA
39077,13769144,13769554,410,mRNA
39078,13769811,13770142,331,mRNA
39079,13771128,13771203,75,mRNA
39080,13771277,13772485,1208,mRNA
39081,13772558,13772695,137,mRNA
39082,13772786,13773753,967,mRNA
39083,13773806,13773978,172,mRNA
39084,13775433,13775867,434,mRNA
39085,13762752,13762830,78,mRNA
39086,13767787,13768157,370,mRNA
39087,13768659,13768803,144,mRNA
39088,13768869,13769060,191,mRNA
39089,13769144,13769554,410,mRNA
39090,13769811,13770142,331,mRNA
39091,13771128,13771203,75,mRNA
39092,13771277,13772485,1208,mRNA
39093,13772558,13772656,98,mRNA
39094,13772786,13773753,967,mRNA
39095,13773806,13773978,172,mRNA
39096,13775433,13775867,434,mRNA
39097,13762752,13762830,78,mRNA
39098,13767787,13768157,370,mRNA
39099,13768659,13768803,144,mRNA
39100,13768869,13769060,191,mRNA
39101,13769144,13769554,410,mRNA
39102,13769811,13770142,331,mRNA
39103,13771128,13771203,75,mRNA
39104,13771277,13772485,1208,mRNA
39105,13772558,13772695,137,mRNA
39106,13772786,13773753,967,mRNA
39107,13773806,13775189,1383,mRNA
39108,13762752,13762945,193,mRNA
39109,13767787,13768157,370,mRNA
39110,13768659,13768803,144,mRNA
39111,13768869,13769060,191,mRNA
39112,13769144,13769554,410,mRNA
39113,13769811,13770142,331,mRNA
39114,13770766,13770804,38,mRNA
39115,13771128,13771203,75,mRNA
39116,13771277,13772485,1208,mRNA
39117,13772558,13772695,137,mRNA
39118,13772786,13773753,967,mRNA
39119,13773806,13773978,172,mRNA
39120,13774686,13774943,257,mRNA
39121,13762752,13762830,78,mRNA
39122,13767787,13768157,370,mRNA
39123,13768659,13768803,144,mRNA
39124,13768869,13769060,191,mRNA
39125,13769144,13769554,410,mRNA
39126,13769811,13770142,331,mRNA
39127,13771128,13771203,75,mRNA
39128,13771277,13772485,1208,mRNA
39129,13772558,13772695,137,mRNA
39130,13772786,13773753,967,mRNA
39131,13773806,13773978,172,mRNA
39132,13774686,13774943,257,mRNA
39133,13767664,13768157,493,mRNA
39134,13768659,13768803,144,mRNA
39135,13768869,13769060,191,mRNA
39136,13769144,13769554,410,mRNA
39137,13769811,13770142,331,mRNA
39138,13771128,13771203,75,mRNA
39139,13771277,13772485,1208,mRNA
39140,13772558,13772695,137,mRNA
39141,13772786,13773753,967,mRNA
39142,13773806,13773978,172,mRNA
39143,13775433,13775867,434,mRNA
39144,13768080,13768157,77,CDS
39145,13768659,13768803,144,CDS
39146,13768869,13769060,191,CDS
39147,13769144,13769554,410,CDS
39148,13769811,13770142,331,CDS
39149,13771128,13771203,75,CDS
39150,13771277,13772485,1208,CDS
39151,13772558,13772695,137,CDS
39152,13772786,13773753,967,CDS
39153,13773806,13773978,172,CDS
39154,13776676,13776733,57,CDS
39155,13768080,13768157,77,CDS
39156,13768659,13768803,144,CDS
39157,13768869,13769060,191,CDS
39158,13769144,13769554,410,CDS
39159,13769811,13770142,331,CDS
39160,13771128,13771203,75,CDS
39161,13771277,13772485,1208,CDS
39162,13772558,13772695,137,CDS
39163,13772786,13773753,967,CDS
39164,13773806,13773978,172,CDS
39165,13776676,13776733,57,CDS
39166,13768080,13768157,77,CDS
39167,13768659,13768803,144,CDS
39168,13768869,13769060,191,CDS
39169,13769144,13769554,410,CDS
39170,13769811,13770142,331,CDS
39171,13771128,13771203,75,CDS
39172,13771277,13772485,1208,CDS
39173,13772558,13772695,137,CDS
39174,13772786,13773753,967,CDS
39175,13773806,13773978,172,CDS
39176,13776676,13776733,57,CDS
39177,13768080,13768157,77,CDS
39178,13768659,13768803,144,CDS
39179,13768869,13769060,191,CDS
39180,13769144,13769554,410,CDS
39181,13769811,13770142,331,CDS
39182,13770766,13770804,38,CDS
39183,13771128,13771203,75,CDS
39184,13771277,13772485,1208,CDS
39185,13772558,13772695,137,CDS
39186,13772786,13773753,967,CDS
39187,13773806,13773978,172,CDS
39188,13775973,13776045,72,CDS
39189,13768080,13768157,77,CDS
39190,13768659,13768803,144,CDS
39191,13768869,13769060,191,CDS
39192,13769144,13769554,410,CDS
39193,13769811,13770142,331,CDS
39194,13770766,13770804,38,CDS
39195,13771128,13771203,75,CDS
39196,13771277,13772485,1208,CDS
39197,13772558,13772695,137,CDS
39198,13772786,13773753,967,CDS
39199,13773806,13773978,172,CDS
39200,13775433,13775463,30,CDS
39201,13768080,13768157,77,CDS
39202,13768659,13768803,144,CDS
39203,13768869,13769060,191,CDS
39204,13769144,13769554,410,CDS
39205,13769811,13770142,331,CDS
39206,13771128,13771203,75,CDS
39207,13771277,13772485,1208,CDS
39208,13772558,13772695,137,CDS
39209,13772786,13773753,967,CDS
39210,13773806,13773978,172,CDS
39211,13775433,13775463,30,CDS
39212,13768080,13768157,77,CDS
39213,13768659,13768803,144,CDS
39214,13768869,13769060,191,CDS
39215,13769144,13769554,410,CDS
39216,13769811,13770142,331,CDS
39217,13771128,13771203,75,CDS
39218,13771277,13772485,1208,CDS
39219,13772558,13772695,137,CDS
39220,13772786,13773753,967,CDS
39221,13773806,13773978,172,CDS
39222,13775433,13775463,30,CDS
39223,13768080,13768157,77,CDS
39224,13768659,13768803,144,CDS
39225,13768869,13769060,191,CDS
39226,13769144,13769554,410,CDS
39227,13769811,13770142,331,CDS
39228,13771128,13771203,75,CDS
39229,13771277,13772485,1208,CDS
39230,13772558,13772656,98,CDS
39231,13772786,13773753,967,CDS
39232,13773806,13773978,172,CDS
39233,13775433,13775463,30,CDS
39234,13768080,13768157,77,CDS
39235,13768659,13768803,144,CDS
39236,13768869,13769060,191,CDS
39237,13769144,13769554,410,CDS
39238,13769811,13770142,331,CDS
39239,13770766,13770804,38,CDS
39240,13771128,13771203,75,CDS
39241,13771277,13772485,1208,CDS
39242,13772558,13772695,137,CDS
39243,13772786,13773753,967,CDS
39244,13773806,13773978,172,CDS
39245,13774686,13774818,132,CDS
39246,13768080,13768157,77,CDS
39247,13768659,13768803,144,CDS
39248,13768869,13769060,191,CDS
39249,13769144,13769554,410,CDS
39250,13769811,13770142,331,CDS
39251,13771128,13771203,75,CDS
39252,13771277,13772485,1208,CDS
39253,13772558,13772695,137,CDS
39254,13772786,13773753,967,CDS
39255,13773806,13773978,172,CDS
39256,13774686,13774818,132,CDS
39257,13768080,13768157,77,CDS
39258,13768659,13768803,144,CDS
39259,13768869,13769060,191,CDS
39260,13769144,13769554,410,CDS
39261,13769811,13770142,331,CDS
39262,13771128,13771203,75,CDS
39263,13771277,13772485,1208,CDS
39264,13772558,13772695,137,CDS
39265,13772786,13773753,967,CDS
39266,13773806,13773982,176,CDS
39267,13779847,13782170,2323,gene
39268,13781810,13782170,360,mRNA
39269,13781473,13781733,260,mRNA
39270,13781159,13781326,167,mRNA
39271,13779847,13780650,803,mRNA
39272,13781810,13782170,360,mRNA
39273,13781473,13781733,260,mRNA
39274,13781159,13781326,167,mRNA
39275,13780016,13780650,634,mRNA
39276,13781810,13781929,119,CDS
39277,13781473,13781733,260,CDS
39278,13781159,13781326,167,CDS
39279,13780177,13780650,473,CDS
39280,13781810,13781929,119,CDS
39281,13781473,13781733,260,CDS
39282,13781159,13781326,167,CDS
39283,13780177,13780650,473,CDS
39284,13782459,13783381,922,gene
39285,13782459,13783381,922,mRNA
39286,13782655,13783173,518,CDS
39287,13783714,13811493,27779,gene
39288,13783714,13784276,562,mRNA
39289,13785707,13785952,245,mRNA
39290,13801679,13801773,94,mRNA
39291,13801902,13802008,106,mRNA
39292,13802067,13802171,104,mRNA
39293,13802237,13802338,101,mRNA
39294,13802592,13802769,177,mRNA
39295,13802848,13803267,419,mRNA
39296,13803326,13803850,524,mRNA
39297,13803909,13804050,141,mRNA
39298,13804123,13804227,104,mRNA
39299,13804294,13804421,127,mRNA
39300,13805452,13805475,23,mRNA
39301,13806532,13806664,132,mRNA
39302,13808370,13808494,124,mRNA
39303,13808794,13811493,2699,mRNA
39304,13783714,13784276,562,mRNA
39305,13785707,13785952,245,mRNA
39306,13801679,13801773,94,mRNA
39307,13801902,13802008,106,mRNA
39308,13802067,13802171,104,mRNA
39309,13802237,13802338,101,mRNA
39310,13802592,13802769,177,mRNA
39311,13802848,13803267,419,mRNA
39312,13803326,13803850,524,mRNA
39313,13803909,13804050,141,mRNA
39314,13804123,13804227,104,mRNA
39315,13804294,13804421,127,mRNA
39316,13805452,13805475,23,mRNA
39317,13806532,13806664,132,mRNA
39318,13809281,13811493,2212,mRNA
39319,13783714,13784276,562,mRNA
39320,13785707,13785952,245,mRNA
39321,13801679,13801773,94,mRNA
39322,13801902,13802008,106,mRNA
39323,13802067,13802171,104,mRNA
39324,13802237,13802338,101,mRNA
39325,13802592,13802769,177,mRNA
39326,13802848,13803267,419,mRNA
39327,13803326,13803850,524,mRNA
39328,13803909,13804050,141,mRNA
39329,13804123,13804227,104,mRNA
39330,13804294,13804421,127,mRNA
39331,13806532,13806664,132,mRNA
39332,13808370,13811493,3123,mRNA
39333,13783714,13784276,562,mRNA
39334,13785707,13785952,245,mRNA
39335,13801679,13801773,94,mRNA
39336,13801902,13802008,106,mRNA
39337,13802067,13802171,104,mRNA
39338,13802237,13802338,101,mRNA
39339,13802592,13802769,177,mRNA
39340,13802848,13803267,419,mRNA
39341,13803326,13803850,524,mRNA
39342,13803909,13804050,141,mRNA
39343,13804123,13804227,104,mRNA
39344,13804294,13804421,127,mRNA
39345,13806532,13806664,132,mRNA
39346,13809281,13811493,2212,mRNA
39347,13783714,13784189,475,mRNA
39348,13785707,13785952,245,mRNA
39349,13801679,13801773,94,mRNA
39350,13801902,13802008,106,mRNA
39351,13802067,13802171,104,mRNA
39352,13802237,13802338,101,mRNA
39353,13802592,13802769,177,mRNA
39354,13802848,13803267,419,mRNA
39355,13803326,13803850,524,mRNA
39356,13803909,13804050,141,mRNA
39357,13804123,13804227,104,mRNA
39358,13804294,13804421,127,mRNA
39359,13805452,13805475,23,mRNA
39360,13806532,13806664,132,mRNA
39361,13808370,13811493,3123,mRNA
39362,13783714,13784276,562,mRNA
39363,13785707,13785952,245,mRNA
39364,13801679,13801773,94,mRNA
39365,13801902,13802008,106,mRNA
39366,13802067,13802171,104,mRNA
39367,13802237,13802338,101,mRNA
39368,13802592,13802769,177,mRNA
39369,13802848,13803267,419,mRNA
39370,13803326,13803850,524,mRNA
39371,13803909,13804050,141,mRNA
39372,13804123,13804227,104,mRNA
39373,13804294,13804421,127,mRNA
39374,13805452,13805643,191,mRNA
39375,13806532,13807627,1095,mRNA
39376,13790338,13791111,773,gene
39377,13790767,13791111,344,mRNA
39378,13790338,13790707,369,mRNA
39379,13790767,13791073,306,CDS
39380,13790382,13790707,325,CDS
39381,13796389,13797638,1249,gene
39382,13796389,13797638,1249,mRNA
39383,13796441,13797619,1178,CDS
39384,13801679,13801773,94,CDS
39385,13801902,13802008,106,CDS
39386,13802067,13802171,104,CDS
39387,13802237,13802338,101,CDS
39388,13802592,13802769,177,CDS
39389,13802848,13803267,419,CDS
39390,13803326,13803850,524,CDS
39391,13803909,13804050,141,CDS
39392,13804123,13804227,104,CDS
39393,13804294,13804421,127,CDS
39394,13805452,13805475,23,CDS
39395,13806532,13806664,132,CDS
39396,13809281,13811173,1892,CDS
39397,13801679,13801773,94,CDS
39398,13801902,13802008,106,CDS
39399,13802067,13802171,104,CDS
39400,13802237,13802338,101,CDS
39401,13802592,13802769,177,CDS
39402,13802848,13803267,419,CDS
39403,13803326,13803850,524,CDS
39404,13803909,13804050,141,CDS
39405,13804123,13804227,104,CDS
39406,13804294,13804421,127,CDS
39407,13806532,13806664,132,CDS
39408,13809281,13811173,1892,CDS
39409,13801679,13801773,94,CDS
39410,13801902,13802008,106,CDS
39411,13802067,13802171,104,CDS
39412,13802237,13802338,101,CDS
39413,13802592,13802769,177,CDS
39414,13802848,13803267,419,CDS
39415,13803326,13803850,524,CDS
39416,13803909,13804050,141,CDS
39417,13804123,13804227,104,CDS
39418,13804294,13804421,127,CDS
39419,13805452,13805475,23,CDS
39420,13806532,13806664,132,CDS
39421,13808370,13808494,124,CDS
39422,13808794,13809052,258,CDS
39423,13801679,13801773,94,CDS
39424,13801902,13802008,106,CDS
39425,13802067,13802171,104,CDS
39426,13802237,13802338,101,CDS
39427,13802592,13802769,177,CDS
39428,13802848,13803267,419,CDS
39429,13803326,13803850,524,CDS
39430,13803909,13804050,141,CDS
39431,13804123,13804227,104,CDS
39432,13804294,13804421,127,CDS
39433,13805452,13805475,23,CDS
39434,13806532,13806664,132,CDS
39435,13808370,13808519,149,CDS
39436,13801679,13801773,94,CDS
39437,13801902,13802008,106,CDS
39438,13802067,13802171,104,CDS
39439,13802237,13802338,101,CDS
39440,13802592,13802769,177,CDS
39441,13802848,13803267,419,CDS
39442,13803326,13803850,524,CDS
39443,13803909,13804050,141,CDS
39444,13804123,13804227,104,CDS
39445,13804294,13804421,127,CDS
39446,13806532,13806664,132,CDS
39447,13808370,13808519,149,CDS
39448,13801679,13801773,94,CDS
39449,13801902,13802008,106,CDS
39450,13802067,13802171,104,CDS
39451,13802237,13802338,101,CDS
39452,13802592,13802769,177,CDS
39453,13802848,13803267,419,CDS
39454,13803326,13803850,524,CDS
39455,13803909,13804050,141,CDS
39456,13804123,13804227,104,CDS
39457,13804294,13804421,127,CDS
39458,13805452,13805479,27,CDS
39459,13811684,13812870,1186,gene
39460,13811684,13812045,361,mRNA
39461,13812112,13812870,758,mRNA
39462,13811759,13812045,286,CDS
39463,13812112,13812676,564,CDS
39464,13812971,13822307,9336,gene
39465,13821925,13822307,382,mRNA
39466,13814377,13814886,509,mRNA
39467,13813875,13813985,110,mRNA
39468,13812971,13813805,834,mRNA
39469,13821925,13822307,382,mRNA
39470,13814377,13814886,509,mRNA
39471,13813875,13813985,110,mRNA
39472,13813461,13813805,344,mRNA
39473,13821925,13822008,83,CDS
39474,13814377,13814886,509,CDS
39475,13813875,13813985,110,CDS
39476,13813728,13813805,77,CDS
39477,13821925,13822008,83,CDS
39478,13814377,13814886,509,CDS
39479,13813875,13813985,110,CDS
39480,13813728,13813805,77,CDS
39481,13822826,13825910,3084,gene
39482,13822826,13823087,261,mRNA
39483,13823151,13823331,180,mRNA
39484,13823411,13824214,803,mRNA
39485,13824288,13824916,628,mRNA
39486,13825001,13825910,909,mRNA
39487,13822927,13823087,160,CDS
39488,13823151,13823331,180,CDS
39489,13823411,13824214,803,CDS
39490,13824288,13824916,628,CDS
39491,13825001,13825697,696,CDS
39492,13826041,13830317,4276,gene
39493,13828642,13830317,1675,mRNA
39494,13827579,13827719,140,mRNA
39495,13827340,13827509,169,mRNA
39496,13827043,13827105,62,mRNA
39497,13826787,13826952,165,mRNA
39498,13826041,13826717,676,mRNA
39499,13828642,13830317,1675,mRNA
39500,13827579,13827719,140,mRNA
39501,13827340,13827509,169,mRNA
39502,13827043,13827105,62,mRNA
39503,13826787,13826952,165,mRNA
39504,13826330,13826717,387,mRNA
39505,13828642,13830317,1675,mRNA
39506,13827579,13827719,140,mRNA
39507,13827340,13827509,169,mRNA
39508,13827043,13827120,77,mRNA
39509,13826787,13826952,165,mRNA
39510,13826330,13826717,387,mRNA
39511,13828642,13830317,1675,mRNA
39512,13828224,13828253,29,mRNA
39513,13827579,13827719,140,mRNA
39514,13827340,13827509,169,mRNA
39515,13827043,13827105,62,mRNA
39516,13826787,13826952,165,mRNA
39517,13826330,13826717,387,mRNA
39518,13828642,13830010,1368,CDS
39519,13827579,13827719,140,CDS
39520,13827340,13827509,169,CDS
39521,13827043,13827105,62,CDS
39522,13826787,13826952,165,CDS
39523,13826470,13826717,247,CDS
39524,13828642,13830010,1368,CDS
39525,13827579,13827719,140,CDS
39526,13827340,13827509,169,CDS
39527,13827043,13827105,62,CDS
39528,13826787,13826952,165,CDS
39529,13826470,13826717,247,CDS
39530,13828642,13830010,1368,CDS
39531,13827579,13827719,140,CDS
39532,13827340,13827509,169,CDS
39533,13827043,13827120,77,CDS
39534,13826787,13826952,165,CDS
39535,13826470,13826717,247,CDS
39536,13828642,13830010,1368,CDS
39537,13828224,13828253,29,CDS
39538,13827579,13827719,140,CDS
39539,13827340,13827509,169,CDS
39540,13827043,13827105,62,CDS
39541,13826787,13826952,165,CDS
39542,13826470,13826717,247,CDS
39543,13830741,13845866,15125,gene
39544,13845352,13845866,514,mRNA
39545,13837613,13837757,144,mRNA
39546,13832904,13835149,2245,mRNA
39547,13832746,13832840,94,mRNA
39548,13832217,13832673,456,mRNA
39549,13831702,13832156,454,mRNA
39550,13831340,13831634,294,mRNA
39551,13831168,13831278,110,mRNA
39552,13830741,13831100,359,mRNA
39553,13845352,13845866,514,mRNA
39554,13837613,13837757,144,mRNA
39555,13834815,13835149,334,mRNA
39556,13832904,13833022,118,mRNA
39557,13832746,13832840,94,mRNA
39558,13832217,13832673,456,mRNA
39559,13831702,13832156,454,mRNA
39560,13831340,13831634,294,mRNA
39561,13831168,13831278,110,mRNA
39562,13830749,13831100,351,mRNA
39563,13839566,13840011,445,mRNA
39564,13837613,13837757,144,mRNA
39565,13834815,13835149,334,mRNA
39566,13832904,13833022,118,mRNA
39567,13832746,13832840,94,mRNA
39568,13832217,13832673,456,mRNA
39569,13831702,13832156,454,mRNA
39570,13831340,13831634,294,mRNA
39571,13831168,13831278,110,mRNA
39572,13830749,13831100,351,mRNA
39573,13839562,13840011,449,mRNA
39574,13837613,13837757,144,mRNA
39575,13834815,13835149,334,mRNA
39576,13832904,13833022,118,mRNA
39577,13832746,13832840,94,mRNA
39578,13832217,13832673,456,mRNA
39579,13831702,13832156,454,mRNA
39580,13831340,13831634,294,mRNA
39581,13831168,13831278,110,mRNA
39582,13830749,13831100,351,mRNA
39583,13837852,13838098,246,mRNA
39584,13837613,13837757,144,mRNA
39585,13834815,13835149,334,mRNA
39586,13832904,13833022,118,mRNA
39587,13832746,13832840,94,mRNA
39588,13832217,13832673,456,mRNA
39589,13831702,13832156,454,mRNA
39590,13831340,13831634,294,mRNA
39591,13831168,13831278,110,mRNA
39592,13830749,13831100,351,mRNA
39593,13837852,13838098,246,mRNA
39594,13837613,13837757,144,mRNA
39595,13834815,13835149,334,mRNA
39596,13832904,13833031,127,mRNA
39597,13832746,13832840,94,mRNA
39598,13832217,13832673,456,mRNA
39599,13831702,13832156,454,mRNA
39600,13831340,13831634,294,mRNA
39601,13831168,13831278,110,mRNA
39602,13830749,13831100,351,mRNA
39603,13837852,13838098,246,mRNA
39604,13837613,13837757,144,mRNA
39605,13834815,13835149,334,mRNA
39606,13834171,13834206,35,mRNA
39607,13832904,13833022,118,mRNA
39608,13832746,13832840,94,mRNA
39609,13832217,13832673,456,mRNA
39610,13831702,13832156,454,mRNA
39611,13831340,13831634,294,mRNA
39612,13831168,13831278,110,mRNA
39613,13830749,13831100,351,mRNA
39614,13837852,13838098,246,mRNA
39615,13837613,13837757,144,mRNA
39616,13834815,13835149,334,mRNA
39617,13834171,13834206,35,mRNA
39618,13832904,13833031,127,mRNA
39619,13832746,13832840,94,mRNA
39620,13832217,13832673,456,mRNA
39621,13831702,13832156,454,mRNA
39622,13831340,13831634,294,mRNA
39623,13831168,13831278,110,mRNA
39624,13830749,13831100,351,mRNA
39625,13835378,13836365,987,mRNA
39626,13834815,13835149,334,mRNA
39627,13832904,13833031,127,mRNA
39628,13832746,13832840,94,mRNA
39629,13832217,13832673,456,mRNA
39630,13831702,13832156,454,mRNA
39631,13831340,13831634,294,mRNA
39632,13831168,13831278,110,mRNA
39633,13830749,13831100,351,mRNA
39634,13845352,13845475,123,CDS
39635,13837613,13837757,144,CDS
39636,13834815,13835149,334,CDS
39637,13832904,13833022,118,CDS
39638,13832746,13832840,94,CDS
39639,13832217,13832673,456,CDS
39640,13831702,13832156,454,CDS
39641,13831340,13831634,294,CDS
39642,13831168,13831278,110,CDS
39643,13830921,13831100,179,CDS
39644,13839566,13839770,204,CDS
39645,13837613,13837757,144,CDS
39646,13834815,13835149,334,CDS
39647,13832904,13833022,118,CDS
39648,13832746,13832840,94,CDS
39649,13832217,13832673,456,CDS
39650,13831702,13832156,454,CDS
39651,13831340,13831634,294,CDS
39652,13831168,13831278,110,CDS
39653,13830921,13831100,179,CDS
39654,13837852,13837984,132,CDS
39655,13837613,13837757,144,CDS
39656,13834815,13835149,334,CDS
39657,13832904,13833022,118,CDS
39658,13832746,13832840,94,CDS
39659,13832217,13832673,456,CDS
39660,13831702,13832156,454,CDS
39661,13831340,13831634,294,CDS
39662,13831168,13831278,110,CDS
39663,13830921,13831100,179,CDS
39664,13837852,13837984,132,CDS
39665,13837613,13837757,144,CDS
39666,13834815,13835149,334,CDS
39667,13832904,13833031,127,CDS
39668,13832746,13832840,94,CDS
39669,13832217,13832673,456,CDS
39670,13831702,13832156,454,CDS
39671,13831340,13831634,294,CDS
39672,13831168,13831278,110,CDS
39673,13830921,13831100,179,CDS
39674,13837852,13837984,132,CDS
39675,13837613,13837757,144,CDS
39676,13834815,13835149,334,CDS
39677,13834171,13834206,35,CDS
39678,13832904,13833022,118,CDS
39679,13832746,13832840,94,CDS
39680,13832217,13832673,456,CDS
39681,13831702,13832156,454,CDS
39682,13831340,13831634,294,CDS
39683,13831168,13831278,110,CDS
39684,13830921,13831100,179,CDS
39685,13837852,13837984,132,CDS
39686,13837613,13837757,144,CDS
39687,13834815,13835149,334,CDS
39688,13834171,13834206,35,CDS
39689,13832904,13833031,127,CDS
39690,13832746,13832840,94,CDS
39691,13832217,13832673,456,CDS
39692,13831702,13832156,454,CDS
39693,13831340,13831634,294,CDS
39694,13831168,13831278,110,CDS
39695,13830921,13831100,179,CDS
39696,13835378,13835445,67,CDS
39697,13834815,13835149,334,CDS
39698,13832904,13833031,127,CDS
39699,13832746,13832840,94,CDS
39700,13832217,13832673,456,CDS
39701,13831702,13832156,454,CDS
39702,13831340,13831634,294,CDS
39703,13831168,13831278,110,CDS
39704,13830921,13831100,179,CDS
39705,13834815,13835052,237,CDS
39706,13832904,13833022,118,CDS
39707,13832746,13832840,94,CDS
39708,13832217,13832673,456,CDS
39709,13831702,13832156,454,CDS
39710,13831340,13831634,294,CDS
39711,13831168,13831278,110,CDS
39712,13830921,13831100,179,CDS
39713,13845352,13845475,123,CDS
39714,13837613,13837757,144,CDS
39715,13834642,13835149,507,CDS
39716,13846116,13990527,144411,gene
39717,13986371,13986442,71,mRNA
39718,13985214,13986074,860,mRNA
39719,13967270,13968073,803,mRNA
39720,13901483,13901643,160,mRNA
39721,13885309,13885500,191,mRNA
39722,13883459,13885225,1766,mRNA
39723,13883236,13883364,128,mRNA
39724,13856982,13857148,166,mRNA
39725,13855235,13856759,1524,mRNA
39726,13854652,13855118,466,mRNA
39727,13846116,13854372,8256,mRNA
39728,13988545,13988831,286,mRNA
39729,13985214,13986074,860,mRNA
39730,13967270,13968073,803,mRNA
39731,13901483,13901643,160,mRNA
39732,13885309,13885500,191,mRNA
39733,13883459,13885225,1766,mRNA
39734,13883236,13883364,128,mRNA
39735,13856982,13857148,166,mRNA
39736,13855235,13856759,1524,mRNA
39737,13854652,13855118,466,mRNA
39738,13850848,13854372,3524,mRNA
39739,13901483,13901623,140,CDS
39740,13885309,13885500,191,CDS
39741,13883459,13885225,1766,CDS
39742,13883236,13883364,128,CDS
39743,13856982,13857148,166,CDS
39744,13855235,13856759,1524,CDS
39745,13854652,13855118,466,CDS
39746,13854099,13854372,273,CDS
39747,13901483,13901623,140,CDS
39748,13885309,13885500,191,CDS
39749,13883459,13885225,1766,CDS
39750,13883236,13883364,128,CDS
39751,13856982,13857148,166,CDS
39752,13855235,13856759,1524,CDS
39753,13854652,13855118,466,CDS
39754,13854099,13854372,273,CDS
39755,13932482,13933343,861,mRNA
39756,13901483,13901643,160,mRNA
39757,13885309,13885500,191,mRNA
39758,13883459,13885225,1766,mRNA
39759,13883236,13883364,128,mRNA
39760,13870470,13871268,798,mRNA
39761,13870320,13870403,83,mRNA
39762,13858017,13869705,11688,mRNA
39763,13990470,13990527,57,mRNA
39764,13985214,13986074,860,mRNA
39765,13967270,13968073,803,mRNA
39766,13901483,13901643,160,mRNA
39767,13885309,13885500,191,mRNA
39768,13883459,13885225,1766,mRNA
39769,13883236,13883364,128,mRNA
39770,13870320,13871268,948,mRNA
39771,13865862,13869705,3843,mRNA
39772,13986371,13986442,71,mRNA
39773,13985214,13986074,860,mRNA
39774,13967270,13968073,803,mRNA
39775,13901483,13901643,160,mRNA
39776,13885309,13885500,191,mRNA
39777,13883459,13885225,1766,mRNA
39778,13883236,13883364,128,mRNA
39779,13870470,13871268,798,mRNA
39780,13870320,13870403,83,mRNA
39781,13869216,13869705,489,mRNA
39782,13946950,13947076,126,mRNA
39783,13914630,13915349,719,mRNA
39784,13901483,13901643,160,mRNA
39785,13885309,13885500,191,mRNA
39786,13883459,13885225,1766,mRNA
39787,13883236,13883364,128,mRNA
39788,13870320,13871268,948,mRNA
39789,13869216,13869705,489,mRNA
39790,13901483,13901623,140,CDS
39791,13885309,13885500,191,CDS
39792,13883459,13885225,1766,CDS
39793,13883236,13883364,128,CDS
39794,13870470,13871268,798,CDS
39795,13870320,13870403,83,CDS
39796,13869554,13869705,151,CDS
39797,13901483,13901623,140,CDS
39798,13885309,13885500,191,CDS
39799,13883459,13885225,1766,CDS
39800,13883236,13883364,128,CDS
39801,13870470,13871268,798,CDS
39802,13870320,13870403,83,CDS
39803,13869554,13869705,151,CDS
39804,13901483,13901623,140,CDS
39805,13885309,13885500,191,CDS
39806,13883459,13885225,1766,CDS
39807,13883236,13883364,128,CDS
39808,13870320,13871268,948,CDS
39809,13869554,13869705,151,CDS
39810,13901483,13901623,140,CDS
39811,13885309,13885500,191,CDS
39812,13883459,13885225,1766,CDS
39813,13883236,13883364,128,CDS
39814,13870320,13871268,948,CDS
39815,13869554,13869705,151,CDS
39816,13988545,13988831,286,mRNA
39817,13985214,13986074,860,mRNA
39818,13967270,13968073,803,mRNA
39819,13901483,13901643,160,mRNA
39820,13885309,13885500,191,mRNA
39821,13883459,13885225,1766,mRNA
39822,13882854,13883364,510,mRNA
39823,13901483,13901623,140,CDS
39824,13885309,13885500,191,CDS
39825,13883459,13885225,1766,CDS
39826,13883065,13883364,299,CDS
39827,13938036,13941241,3205,mobile_element
39828,13955236,13956574,1338,gene
39829,13955236,13955675,439,mRNA
39830,13955745,13956574,829,mRNA
39831,13955421,13955675,254,CDS
39832,13955745,13956389,644,CDS
39833,13990733,13991420,687,gene
39834,13990733,13991420,687,ncRNA
39835,13992931,13992969,38,mobile_element
39836,13996345,13999805,3460,gene
39837,13996345,13996523,178,mRNA
39838,13996616,13996728,112,mRNA
39839,13998095,13999805,1710,mRNA
39840,13996345,13996523,178,mRNA
39841,13998095,13999805,1710,mRNA
39842,13996345,13996523,178,mRNA
39843,13998095,13998767,672,mRNA
39844,13996657,13996797,140,mRNA
39845,13998095,13999805,1710,mRNA
39846,13996657,13996755,98,mRNA
39847,13998095,13999805,1710,mRNA
39848,13998161,13998616,455,CDS
39849,13998161,13998616,455,CDS
39850,13998161,13998616,455,CDS
39851,13998161,13998616,455,CDS
39852,13998161,13998616,455,CDS
39853,14000210,14000889,679,gene
39854,14000210,14000220,10,mRNA
39855,14000278,14000778,500,mRNA
39856,14000839,14000889,50,mRNA
39857,14000210,14000220,10,CDS
39858,14000278,14000778,500,CDS
39859,14000839,14000845,6,CDS
39860,14001033,14007159,6126,mobile_element
39861,14001118,14007082,5964,mobile_element
39862,14014814,14014886,72,gene
39863,14014814,14014886,72,tRNA
39864,14015045,14015126,81,gene
39865,14015045,14015126,81,tRNA
39866,14015445,14015526,81,gene
39867,14015445,14015526,81,tRNA
39868,14016203,14016275,72,gene
39869,14016203,14016275,72,tRNA
39870,14016808,14016880,72,gene
39871,14016808,14016880,72,tRNA
39872,14017010,14017082,72,gene
39873,14017010,14017082,72,tRNA
39874,14017212,14017284,72,gene
39875,14017212,14017284,72,tRNA
39876,14025109,14025190,81,gene
39877,14025109,14025190,81,tRNA
39878,14025566,14025647,81,gene
39879,14025566,14025647,81,tRNA
39880,14030806,14035334,4528,mobile_element
39881,14046408,14046534,126,mobile_element
39882,14046772,14047495,723,gene
39883,14047455,14047495,40,mRNA
39884,14046897,14047397,500,mRNA
39885,14046772,14046836,64,mRNA
39886,14047455,14047465,10,CDS
39887,14046897,14047397,500,CDS
39888,14046830,14046836,6,CDS
39889,14048011,14048734,723,gene
39890,14048694,14048734,40,mRNA
39891,14048136,14048636,500,mRNA
39892,14048011,14048075,64,mRNA
39893,14048694,14048704,10,CDS
39894,14048136,14048636,500,CDS
39895,14048069,14048075,6,CDS
39896,14049280,14050003,723,gene
39897,14049963,14050003,40,mRNA
39898,14049405,14049905,500,mRNA
39899,14049280,14049344,64,mRNA
39900,14049963,14049973,10,CDS
39901,14049405,14049905,500,CDS
39902,14049338,14049344,6,CDS
39903,14050549,14051272,723,gene
39904,14051232,14051272,40,mRNA
39905,14050674,14051174,500,mRNA
39906,14050549,14050613,64,mRNA
39907,14051232,14051242,10,CDS
39908,14050674,14051174,500,CDS
39909,14050607,14050613,6,CDS
39910,14051818,14052541,723,gene
39911,14052501,14052541,40,mRNA
39912,14051943,14052443,500,mRNA
39913,14051818,14051882,64,mRNA
39914,14052501,14052511,10,CDS
39915,14051943,14052443,500,CDS
39916,14051876,14051882,6,CDS
39917,14053087,14053811,724,gene
39918,14053771,14053811,40,mRNA
39919,14053212,14053709,497,mRNA
39920,14053087,14053151,64,mRNA
39921,14053771,14053781,10,CDS
39922,14053212,14053709,497,CDS
39923,14053145,14053151,6,CDS
39924,14054357,14055080,723,gene
39925,14055040,14055080,40,mRNA
39926,14054482,14054982,500,mRNA
39927,14054357,14054421,64,mRNA
39928,14055040,14055050,10,CDS
39929,14054482,14054982,500,CDS
39930,14054415,14054421,6,CDS
39931,14055626,14056349,723,gene
39932,14056309,14056349,40,mRNA
39933,14055751,14056251,500,mRNA
39934,14055626,14055690,64,mRNA
39935,14056309,14056319,10,CDS
39936,14055751,14056251,500,CDS
39937,14055684,14055690,6,CDS
39938,14056895,14057618,723,gene
39939,14057578,14057618,40,mRNA
39940,14057020,14057520,500,mRNA
39941,14056895,14056959,64,mRNA
39942,14057578,14057588,10,CDS
39943,14057020,14057520,500,CDS
39944,14056953,14056959,6,CDS
39945,14058164,14058889,725,gene
39946,14058844,14058889,45,mRNA
39947,14058289,14058785,496,mRNA
39948,14058164,14058228,64,mRNA
39949,14058844,14058858,14,CDS
39950,14058289,14058785,496,CDS
39951,14058222,14058228,6,CDS
39952,14059434,14060157,723,gene
39953,14060117,14060157,40,mRNA
39954,14059559,14060059,500,mRNA
39955,14059434,14059498,64,mRNA
39956,14060117,14060127,10,CDS
39957,14059559,14060059,500,CDS
39958,14059492,14059498,6,CDS
39959,14060702,14061817,1115,gene
39960,14061385,14061817,432,mRNA
39961,14060827,14061327,500,mRNA
39962,14060702,14060766,64,mRNA
39963,14061385,14061395,10,CDS
39964,14060827,14061327,500,CDS
39965,14060760,14060766,6,CDS
39966,14070641,14070722,81,gene
39967,14070641,14070722,81,tRNA
39968,14097599,14097965,366,gene
39969,14097599,14097965,366,ncRNA
39970,14103363,14103444,81,gene
39971,14103363,14103444,81,tRNA
39972,14103719,14103791,72,gene
39973,14103719,14103791,72,tRNA
39974,14104649,14104730,81,gene
39975,14104649,14104730,81,tRNA
39976,14105078,14114170,9092,mobile_element
39977,14114141,14116889,2748,gene
39978,14114141,14114737,596,ncRNA
39979,14114991,14116889,1898,ncRNA
39980,14117729,14117810,81,gene
39981,14117729,14117810,81,tRNA
39982,14124531,14124660,129,mobile_element
39983,14141729,14142111,382,gene
39984,14141729,14142111,382,ncRNA
39985,14151579,14152006,427,gene
39986,14151579,14152006,427,mRNA
39987,14151690,14151914,224,CDS
39988,14157648,14163247,5599,mobile_element
39989,14169592,14171545,1953,gene
39990,14169592,14171545,1953,mRNA
39991,14169592,14169615,23,mRNA
39992,14169718,14171545,1827,mRNA
39993,14169613,14171448,1835,CDS
39994,14169613,14169615,2,CDS
39995,14169718,14171448,1730,CDS
39996,14171487,14172624,1137,gene
39997,14172542,14172624,82,mRNA
39998,14171487,14172487,1000,mRNA
39999,14171685,14172470,785,CDS
40000,14174756,14175670,914,gene
40001,14174756,14174829,73,mRNA
40002,14174971,14175670,699,mRNA
40003,14174827,14174829,2,CDS
40004,14174971,14175528,557,CDS
40005,14176923,14178456,1533,gene
40006,14176923,14178456,1533,mRNA
40007,14176923,14178018,1095,mRNA
40008,14176947,14177951,1004,CDS
40009,14176947,14177951,1004,CDS
40010,14181028,14183315,2287,gene
40011,14181028,14181100,72,mRNA
40012,14181192,14183315,2123,mRNA
40013,14181098,14181100,2,CDS
40014,14181192,14183177,1985,CDS
40015,14181113,14182716,1603,gene
40016,14181113,14182716,1603,ncRNA
40017,14184561,14185807,1246,gene
40018,14184561,14184598,37,mRNA
40019,14184702,14185807,1105,mRNA
40020,14184596,14184598,2,CDS
40021,14184702,14185736,1034,CDS
40022,14187253,14187841,588,gene
40023,14187253,14187841,588,mRNA
40024,14187279,14187641,362,CDS
40025,14189516,14190755,1239,gene
40026,14189516,14189569,53,mRNA
40027,14189645,14190755,1110,mRNA
40028,14189567,14189569,2,CDS
40029,14189645,14190670,1025,CDS
40030,14191220,14192018,798,gene
40031,14191879,14192018,139,mRNA
40032,14191220,14191724,504,mRNA
40033,14191879,14191962,83,mRNA
40034,14191220,14191724,504,mRNA
40035,14191879,14191986,107,CDS
40036,14191356,14191724,368,CDS
40037,14191879,14191881,2,CDS
40038,14191356,14191724,368,CDS
40039,14193214,14199958,6744,gene
40040,14193214,14193751,537,mRNA
40041,14194013,14194426,413,mRNA
40042,14194498,14197047,2549,mRNA
40043,14197110,14199958,2848,mRNA
40044,14193214,14193751,537,mRNA
40045,14194013,14194426,413,mRNA
40046,14194498,14197047,2549,mRNA
40047,14197110,14199544,2434,mRNA
40048,14199622,14199958,336,mRNA
40049,14193379,14193751,372,CDS
40050,14194013,14194426,413,CDS
40051,14194498,14197047,2549,CDS
40052,14197110,14199544,2434,CDS
40053,14199622,14199804,182,CDS
40054,14193379,14193751,372,CDS
40055,14194013,14194426,413,CDS
40056,14194498,14197047,2549,CDS
40057,14197110,14199586,2476,CDS
40058,14199545,14199621,76,gene
40059,14199545,14199621,76,precursor_RNA
40060,14199599,14199620,21,ncRNA
40061,14200178,14200907,729,gene
40062,14200178,14200907,729,mRNA
40063,14200261,14200857,596,CDS
40064,14201362,14224732,23370,gene
40065,14201362,14203284,1922,mRNA
40066,14203441,14203634,193,mRNA
40067,14222907,14223961,1054,mRNA
40068,14224025,14224732,707,mRNA
40069,14201463,14203284,1821,CDS
40070,14203441,14203634,193,CDS
40071,14222907,14223961,1054,CDS
40072,14224025,14224622,597,CDS
40073,14203961,14211457,7496,gene
40074,14210434,14211457,1023,mRNA
40075,14206597,14206775,178,mRNA
40076,14206362,14206466,104,mRNA
40077,14203961,14205381,1420,mRNA
40078,14210434,14211457,1023,mRNA
40079,14206597,14206775,178,mRNA
40080,14203961,14206466,2505,mRNA
40081,14210434,14211070,636,CDS
40082,14206597,14206775,178,CDS
40083,14206362,14206466,104,CDS
40084,14205286,14205381,95,CDS
40085,14210434,14211457,1023,mRNA
40086,14206597,14206775,178,mRNA
40087,14205909,14206466,557,mRNA
40088,14210434,14211070,636,CDS
40089,14206597,14206775,178,CDS
40090,14206317,14206466,149,CDS
40091,14210434,14211070,636,CDS
40092,14206597,14206775,178,CDS
40093,14206317,14206466,149,CDS
40094,14212415,14212597,182,mRNA
40095,14222907,14223961,1054,mRNA
40096,14224025,14224732,707,mRNA
40097,14222955,14223961,1006,CDS
40098,14224025,14224622,597,CDS
40099,14224647,14225879,1232,gene
40100,14225332,14225879,547,mRNA
40101,14224647,14225270,623,mRNA
40102,14225332,14225803,471,CDS
40103,14224708,14225270,562,CDS
40104,14226289,14227949,1660,gene
40105,14226289,14226490,201,mRNA
40106,14226562,14226717,155,mRNA
40107,14226784,14227141,357,mRNA
40108,14227197,14227495,298,mRNA
40109,14227566,14227949,383,mRNA
40110,14226340,14226490,150,CDS
40111,14226562,14226717,155,CDS
40112,14226784,14227141,357,CDS
40113,14227197,14227495,298,CDS
40114,14227566,14227852,286,CDS
40115,14228060,14234066,6006,gene
40116,14233772,14234066,294,mRNA
40117,14233421,14233559,138,mRNA
40118,14233105,14233263,158,mRNA
40119,14232741,14233040,299,mRNA
40120,14231651,14232166,515,mRNA
40121,14230692,14231241,549,mRNA
40122,14229299,14230628,1329,mRNA
40123,14228504,14229237,733,mRNA
40124,14228060,14228439,379,mRNA
40125,14233421,14233541,120,CDS
40126,14233105,14233263,158,CDS
40127,14232741,14233040,299,CDS
40128,14231651,14232166,515,CDS
40129,14230692,14231241,549,CDS
40130,14229299,14230628,1329,CDS
40131,14228504,14229237,733,CDS
40132,14228307,14228439,132,CDS
40133,14233772,14234066,294,mRNA
40134,14233421,14233559,138,mRNA
40135,14233105,14233263,158,mRNA
40136,14232282,14233040,758,mRNA
40137,14233421,14233541,120,CDS
40138,14233105,14233263,158,CDS
40139,14232721,14233040,319,CDS
40140,14234413,14237923,3510,gene
40141,14236994,14237923,929,mRNA
40142,14236846,14236939,93,mRNA
40143,14236507,14236714,207,mRNA
40144,14235833,14236441,608,mRNA
40145,14235661,14235770,109,mRNA
40146,14235444,14235608,164,mRNA
40147,14235212,14235377,165,mRNA
40148,14234959,14235150,191,mRNA
40149,14234825,14234894,69,mRNA
40150,14234413,14234762,349,mRNA
40151,14236994,14237323,329,CDS
40152,14236846,14236939,93,CDS
40153,14236507,14236714,207,CDS
40154,14235833,14236441,608,CDS
40155,14235661,14235770,109,CDS
40156,14235444,14235608,164,CDS
40157,14235212,14235377,165,CDS
40158,14234959,14235150,191,CDS
40159,14234825,14234894,69,CDS
40160,14234697,14234762,65,CDS
40161,14237988,14240152,2164,gene
40162,14237988,14238581,593,mRNA
40163,14238643,14239605,962,mRNA
40164,14239673,14240152,479,mRNA
40165,14238315,14238581,266,mRNA
40166,14238643,14239605,962,mRNA
40167,14239673,14240152,479,mRNA
40168,14238374,14238581,207,CDS
40169,14238643,14239605,962,CDS
40170,14239673,14239923,250,CDS
40171,14238374,14238581,207,CDS
40172,14238643,14239605,962,CDS
40173,14239673,14239923,250,CDS
40174,14240266,14242822,2556,gene
40175,14242378,14242822,444,mRNA
40176,14241381,14242313,932,mRNA
40177,14241180,14241318,138,mRNA
40178,14240852,14241125,273,mRNA
40179,14240588,14240784,196,mRNA
40180,14240266,14240520,254,mRNA
40181,14242378,14242581,203,CDS
40182,14241381,14242313,932,CDS
40183,14241180,14241318,138,CDS
40184,14240852,14241125,273,CDS
40185,14240588,14240784,196,CDS
40186,14240318,14240520,202,CDS
40187,14243686,14246514,2828,gene
40188,14243686,14244035,349,mRNA
40189,14245248,14245299,51,mRNA
40190,14245619,14245764,145,mRNA
40191,14245830,14246514,684,mRNA
40192,14243829,14244035,206,CDS
40193,14245248,14245299,51,CDS
40194,14245619,14245764,145,CDS
40195,14245830,14246378,548,CDS
40196,14247732,14258595,10863,gene
40197,14247732,14248158,426,mRNA
40198,14248225,14248399,174,mRNA
40199,14248536,14249120,584,mRNA
40200,14249191,14249297,106,mRNA
40201,14249375,14249482,107,mRNA
40202,14249645,14254288,4643,mRNA
40203,14255459,14255554,95,mRNA
40204,14255612,14255934,322,mRNA
40205,14256001,14256298,297,mRNA
40206,14256485,14256757,272,mRNA
40207,14256989,14258595,1606,mRNA
40208,14247732,14248158,426,mRNA
40209,14248225,14248399,174,mRNA
40210,14248536,14249120,584,mRNA
40211,14249191,14249297,106,mRNA
40212,14249375,14249482,107,mRNA
40213,14249645,14254288,4643,mRNA
40214,14255459,14255554,95,mRNA
40215,14255612,14255934,322,mRNA
40216,14256001,14256100,99,mRNA
40217,14256485,14256757,272,mRNA
40218,14256977,14258595,1618,mRNA
40219,14247732,14248158,426,mRNA
40220,14248225,14248399,174,mRNA
40221,14248536,14249120,584,mRNA
40222,14249191,14249297,106,mRNA
40223,14249375,14249482,107,mRNA
40224,14249645,14254288,4643,mRNA
40225,14255459,14255554,95,mRNA
40226,14255612,14255934,322,mRNA
40227,14256001,14256100,99,mRNA
40228,14256485,14256757,272,mRNA
40229,14258337,14258595,258,mRNA
40230,14247732,14248158,426,mRNA
40231,14248225,14248399,174,mRNA
40232,14248536,14249120,584,mRNA
40233,14249191,14249297,106,mRNA
40234,14249375,14249482,107,mRNA
40235,14249645,14254288,4643,mRNA
40236,14256485,14256757,272,mRNA
40237,14256977,14258595,1618,mRNA
40238,14247732,14248158,426,mRNA
40239,14248225,14248399,174,mRNA
40240,14248536,14249120,584,mRNA
40241,14249191,14249297,106,mRNA
40242,14249375,14249482,107,mRNA
40243,14249645,14252875,3230,mRNA
40244,14253062,14254288,1226,mRNA
40245,14255459,14255554,95,mRNA
40246,14255612,14255934,322,mRNA
40247,14256001,14256100,99,mRNA
40248,14256485,14256757,272,mRNA
40249,14256989,14258595,1606,mRNA
40250,14247732,14248158,426,mRNA
40251,14248225,14248399,174,mRNA
40252,14248536,14249120,584,mRNA
40253,14249191,14249297,106,mRNA
40254,14249375,14249482,107,mRNA
40255,14249645,14254288,4643,mRNA
40256,14255013,14255252,239,mRNA
40257,14247732,14248158,426,mRNA
40258,14248225,14248399,174,mRNA
40259,14248536,14249120,584,mRNA
40260,14249191,14249297,106,mRNA
40261,14249375,14249482,107,mRNA
40262,14249645,14252875,3230,mRNA
40263,14252936,14254288,1352,mRNA
40264,14255016,14255252,236,mRNA
40265,14248120,14248158,38,CDS
40266,14248225,14248399,174,CDS
40267,14248536,14249120,584,CDS
40268,14249191,14249297,106,CDS
40269,14249375,14249482,107,CDS
40270,14249645,14254288,4643,CDS
40271,14255459,14255554,95,CDS
40272,14255612,14255934,322,CDS
40273,14256001,14256100,99,CDS
40274,14256485,14256757,272,CDS
40275,14258337,14258384,47,CDS
40276,14248120,14248158,38,CDS
40277,14248225,14248399,174,CDS
40278,14248536,14249120,584,CDS
40279,14249191,14249297,106,CDS
40280,14249375,14249482,107,CDS
40281,14249645,14254288,4643,CDS
40282,14255459,14255554,95,CDS
40283,14255612,14255934,322,CDS
40284,14256001,14256100,99,CDS
40285,14256485,14256757,272,CDS
40286,14256977,14258230,1253,CDS
40287,14248120,14248158,38,CDS
40288,14248225,14248399,174,CDS
40289,14248536,14249120,584,CDS
40290,14249191,14249297,106,CDS
40291,14249375,14249482,107,CDS
40292,14249645,14254288,4643,CDS
40293,14256485,14256757,272,CDS
40294,14256977,14258230,1253,CDS
40295,14248120,14248158,38,CDS
40296,14248225,14248399,174,CDS
40297,14248536,14249120,584,CDS
40298,14249191,14249297,106,CDS
40299,14249375,14249482,107,CDS
40300,14249645,14252875,3230,CDS
40301,14253062,14254288,1226,CDS
40302,14255459,14255554,95,CDS
40303,14255612,14255934,322,CDS
40304,14256001,14256100,99,CDS
40305,14256485,14256757,272,CDS
40306,14256989,14258230,1241,CDS
40307,14248120,14248158,38,CDS
40308,14248225,14248399,174,CDS
40309,14248536,14249120,584,CDS
40310,14249191,14249297,106,CDS
40311,14249375,14249482,107,CDS
40312,14249645,14254288,4643,CDS
40313,14255459,14255554,95,CDS
40314,14255612,14255934,322,CDS
40315,14256001,14256265,264,CDS
40316,14248120,14248158,38,CDS
40317,14248225,14248399,174,CDS
40318,14248536,14249120,584,CDS
40319,14249191,14249297,106,CDS
40320,14249375,14249482,107,CDS
40321,14249645,14254288,4643,CDS
40322,14255013,14255156,143,CDS
40323,14248120,14248158,38,CDS
40324,14248225,14248399,174,CDS
40325,14248536,14249120,584,CDS
40326,14249191,14249297,106,CDS
40327,14249375,14249482,107,CDS
40328,14249645,14252875,3230,CDS
40329,14252936,14254288,1352,CDS
40330,14255016,14255156,140,CDS
40331,14260348,14260375,27,mobile_element
40332,14261223,14265379,4156,gene
40333,14261223,14261933,710,mRNA
40334,14263450,14263964,514,mRNA
40335,14264031,14264324,293,mRNA
40336,14264391,14265379,988,mRNA
40337,14261223,14264844,3621,gene
40338,14261223,14261933,710,mRNA
40339,14263450,14263964,514,mRNA
40340,14264031,14264324,293,mRNA
40341,14264391,14264844,453,mRNA
40342,14261223,14261933,710,mRNA
40343,14263450,14263964,514,mRNA
40344,14264031,14264324,293,mRNA
40345,14264391,14264844,453,mRNA
40346,14261360,14261407,47,CDS
40347,14261585,14261933,348,CDS
40348,14263450,14263964,514,CDS
40349,14264031,14264324,293,CDS
40350,14264391,14264738,347,CDS
40351,14261585,14261933,348,CDS
40352,14263450,14263964,514,CDS
40353,14264031,14264324,293,CDS
40354,14264391,14264738,347,CDS
40355,14264737,14266250,1513,gene
40356,14266090,14266250,160,mRNA
40357,14265789,14266029,240,mRNA
40358,14264737,14265701,964,mRNA
40359,14266090,14266179,89,CDS
40360,14265789,14266029,240,CDS
40361,14265568,14265701,133,CDS
40362,14266367,14277416,11049,gene
40363,14266367,14266708,341,mRNA
40364,14267607,14268903,1296,mRNA
40365,14268959,14269071,112,mRNA
40366,14269133,14269243,110,mRNA
40367,14269308,14269451,143,mRNA
40368,14269543,14271072,1529,mRNA
40369,14271146,14271277,131,mRNA
40370,14271348,14271713,365,mRNA
40371,14271797,14272547,750,mRNA
40372,14272627,14272926,299,mRNA
40373,14273822,14274016,194,mRNA
40374,14274204,14274390,186,mRNA
40375,14274546,14274800,254,mRNA
40376,14275133,14275406,273,mRNA
40377,14275468,14275630,162,mRNA
40378,14275702,14277416,1714,mRNA
40379,14266367,14266708,341,mRNA
40380,14267607,14268903,1296,mRNA
40381,14268959,14269071,112,mRNA
40382,14269133,14269243,110,mRNA
40383,14269308,14269451,143,mRNA
40384,14269543,14271072,1529,mRNA
40385,14271146,14271277,131,mRNA
40386,14271375,14271713,338,mRNA
40387,14271797,14272547,750,mRNA
40388,14272627,14272926,299,mRNA
40389,14273822,14274016,194,mRNA
40390,14274204,14274390,186,mRNA
40391,14274546,14274800,254,mRNA
40392,14275133,14275406,273,mRNA
40393,14275468,14275630,162,mRNA
40394,14275702,14277174,1472,mRNA
40395,14267653,14268903,1250,CDS
40396,14268959,14269071,112,CDS
40397,14269133,14269243,110,CDS
40398,14269308,14269451,143,CDS
40399,14269543,14271072,1529,CDS
40400,14271146,14271277,131,CDS
40401,14271348,14271713,365,CDS
40402,14271797,14272547,750,CDS
40403,14272627,14272926,299,CDS
40404,14273822,14274016,194,CDS
40405,14274204,14274390,186,CDS
40406,14274546,14274800,254,CDS
40407,14275133,14275406,273,CDS
40408,14275468,14275630,162,CDS
40409,14275702,14276631,929,CDS
40410,14267653,14268903,1250,CDS
40411,14268959,14269071,112,CDS
40412,14269133,14269243,110,CDS
40413,14269308,14269451,143,CDS
40414,14269543,14271072,1529,CDS
40415,14271146,14271277,131,CDS
40416,14271375,14271713,338,CDS
40417,14271797,14272547,750,CDS
40418,14272627,14272926,299,CDS
40419,14273822,14274016,194,CDS
40420,14274204,14274390,186,CDS
40421,14274546,14274800,254,CDS
40422,14275133,14275406,273,CDS
40423,14275468,14275630,162,CDS
40424,14275702,14276631,929,CDS
40425,14277735,14288161,10426,gene
40426,14277735,14281356,3621,mRNA
40427,14281577,14282131,554,mRNA
40428,14282241,14283931,1690,mRNA
40429,14284005,14288161,4156,mRNA
40430,14277829,14281356,3527,CDS
40431,14281577,14282131,554,CDS
40432,14282241,14283931,1690,CDS
40433,14284005,14288040,4035,CDS
40434,14288084,14289393,1309,gene
40435,14288742,14289393,651,mRNA
40436,14288084,14288587,503,mRNA
40437,14288742,14289364,622,CDS
40438,14288284,14288587,303,CDS
40439,14293465,14294044,579,gene
40440,14293465,14293798,333,ncRNA
40441,14293884,14294044,160,ncRNA
40442,14304137,14310290,6153,mobile_element
40443,14314321,14314408,87,mobile_element
40444,14314623,14315583,960,gene
40445,14315484,14315583,99,mRNA
40446,14314623,14315429,806,mRNA
40447,14314819,14315412,593,CDS
40448,14316130,14317150,1020,gene
40449,14317051,14317150,99,mRNA
40450,14316130,14316996,866,mRNA
40451,14316191,14316979,788,CDS
40452,14317766,14317826,60,mobile_element
40453,14322226,14462351,140125,gene
40454,14322226,14322915,689,mRNA
40455,14324738,14324858,120,mRNA
40456,14355463,14355542,79,mRNA
40457,14389605,14389682,77,mRNA
40458,14408206,14408321,115,mRNA
40459,14425187,14425356,169,mRNA
40460,14444317,14444527,210,mRNA
40461,14452969,14453096,127,mRNA
40462,14454061,14454229,168,mRNA
40463,14459157,14462351,3194,mRNA
40464,14322226,14322915,689,mRNA
40465,14355463,14355542,79,mRNA
40466,14389605,14389682,77,mRNA
40467,14408206,14408321,115,mRNA
40468,14425187,14425356,169,mRNA
40469,14444317,14444527,210,mRNA
40470,14452969,14453096,127,mRNA
40471,14454061,14454229,168,mRNA
40472,14459157,14462351,3194,mRNA
40473,14378806,14379826,1020,gene
40474,14378806,14378905,99,mRNA
40475,14378960,14379826,866,mRNA
40476,14378977,14379765,788,CDS
40477,14380351,14381416,1065,gene
40478,14380351,14380435,84,mRNA
40479,14380490,14381416,926,mRNA
40480,14380507,14381298,791,CDS
40481,14408273,14408321,48,CDS
40482,14425187,14425356,169,CDS
40483,14444317,14444527,210,CDS
40484,14452969,14453096,127,CDS
40485,14454061,14454229,168,CDS
40486,14459157,14459464,307,CDS
40487,14408273,14408321,48,CDS
40488,14425187,14425356,169,CDS
40489,14444317,14444527,210,CDS
40490,14452969,14453096,127,CDS
40491,14454061,14454229,168,CDS
40492,14459157,14459464,307,CDS
40493,14416371,14421068,4697,mobile_element
40494,14472408,14480086,7678,gene
40495,14479773,14480086,313,mRNA
40496,14474659,14475852,1193,mRNA
40497,14472408,14474583,2175,mRNA
40498,14479773,14479775,2,CDS
40499,14474659,14475852,1193,CDS
40500,14472799,14474583,1784,CDS
40501,14496135,14497240,1105,gene
40502,14496135,14496334,199,mRNA
40503,14496544,14496780,236,mRNA
40504,14496906,14497240,334,mRNA
40505,14496247,14496334,87,CDS
40506,14496544,14496780,236,CDS
40507,14496906,14497024,118,CDS
40508,14517290,14519516,2226,gene
40509,14517290,14517513,223,ncRNA
40510,14519119,14519516,397,ncRNA
40511,14540747,14541997,1250,gene
40512,14540747,14541997,1250,ncRNA
40513,14551699,14559302,7603,mobile_element
40514,14580600,14582174,1574,gene
40515,14580600,14580846,246,mRNA
40516,14580965,14581039,74,mRNA
40517,14581582,14581674,92,mRNA
40518,14581749,14582174,425,mRNA
40519,14580600,14580677,77,mRNA
40520,14580740,14580846,106,mRNA
40521,14580895,14581039,144,mRNA
40522,14581582,14581674,92,mRNA
40523,14581749,14582174,425,mRNA
40524,14580600,14580677,77,mRNA
40525,14580740,14580846,106,mRNA
40526,14580919,14581039,120,mRNA
40527,14581582,14581674,92,mRNA
40528,14581749,14582174,425,mRNA
40529,14580600,14580677,77,mRNA
40530,14580740,14580846,106,mRNA
40531,14580965,14581039,74,mRNA
40532,14581582,14581674,92,mRNA
40533,14581749,14582174,425,mRNA
40534,14580666,14580677,11,CDS
40535,14580740,14580846,106,CDS
40536,14580895,14581039,144,CDS
40537,14581582,14581674,92,CDS
40538,14581749,14582033,284,CDS
40539,14580666,14580677,11,CDS
40540,14580740,14580846,106,CDS
40541,14580919,14581039,120,CDS
40542,14581582,14581674,92,CDS
40543,14581749,14582033,284,CDS
40544,14580971,14581039,68,CDS
40545,14581582,14581674,92,CDS
40546,14581749,14582033,284,CDS
40547,14580971,14581039,68,CDS
40548,14581582,14581674,92,CDS
40549,14581749,14582033,284,CDS
40550,14582136,14582982,846,gene
40551,14582757,14582982,225,mRNA
40552,14582499,14582693,194,mRNA
40553,14582136,14582355,219,mRNA
40554,14582757,14582893,136,CDS
40555,14582499,14582693,194,CDS
40556,14582184,14582355,171,CDS
40557,14583202,14583436,234,mobile_element
40558,14583677,14584616,939,gene
40559,14583677,14583952,275,mRNA
40560,14584029,14584616,587,mRNA
40561,14583753,14583952,199,CDS
40562,14584029,14584284,255,CDS
40563,14584733,14602580,17847,gene
40564,14602462,14602580,118,mRNA
40565,14590917,14591088,171,mRNA
40566,14590246,14590292,46,mRNA
40567,14588630,14588731,101,mRNA
40568,14587922,14588164,242,mRNA
40569,14587266,14587764,498,mRNA
40570,14587061,14587157,96,mRNA
40571,14586497,14586753,256,mRNA
40572,14584733,14586436,1703,mRNA
40573,14602462,14602580,118,mRNA
40574,14590917,14591088,171,mRNA
40575,14590246,14590292,46,mRNA
40576,14588630,14588731,101,mRNA
40577,14587922,14588164,242,mRNA
40578,14587266,14587764,498,mRNA
40579,14587061,14587157,96,mRNA
40580,14586497,14586815,318,mRNA
40581,14584733,14586436,1703,mRNA
40582,14591320,14591591,271,mRNA
40583,14590917,14591088,171,mRNA
40584,14590246,14590292,46,mRNA
40585,14588630,14588731,101,mRNA
40586,14588058,14588164,106,mRNA
40587,14587922,14587997,75,mRNA
40588,14587266,14587764,498,mRNA
40589,14587061,14587157,96,mRNA
40590,14586497,14586815,318,mRNA
40591,14584733,14586436,1703,mRNA
40592,14591320,14591591,271,mRNA
40593,14590917,14591088,171,mRNA
40594,14590246,14590292,46,mRNA
40595,14588630,14588731,101,mRNA
40596,14587922,14588164,242,mRNA
40597,14587266,14587764,498,mRNA
40598,14587061,14587157,96,mRNA
40599,14586497,14586815,318,mRNA
40600,14584733,14586436,1703,mRNA
40601,14602462,14602510,48,CDS
40602,14590917,14591088,171,CDS
40603,14590246,14590292,46,CDS
40604,14588630,14588731,101,CDS
40605,14587922,14588164,242,CDS
40606,14587266,14587764,498,CDS
40607,14587061,14587157,96,CDS
40608,14586497,14586815,318,CDS
40609,14586366,14586436,70,CDS
40610,14591320,14591395,75,CDS
40611,14590917,14591088,171,CDS
40612,14590246,14590292,46,CDS
40613,14588630,14588731,101,CDS
40614,14588058,14588164,106,CDS
40615,14587922,14587997,75,CDS
40616,14587266,14587764,498,CDS
40617,14587061,14587157,96,CDS
40618,14586497,14586815,318,CDS
40619,14586366,14586436,70,CDS
40620,14591320,14591395,75,CDS
40621,14590917,14591088,171,CDS
40622,14590246,14590292,46,CDS
40623,14588630,14588731,101,CDS
40624,14587922,14588164,242,CDS
40625,14587266,14587764,498,CDS
40626,14587061,14587157,96,CDS
40627,14586497,14586815,318,CDS
40628,14586366,14586436,70,CDS
40629,14602462,14602510,48,CDS
40630,14590917,14591088,171,CDS
40631,14590246,14590292,46,CDS
40632,14588630,14588731,101,CDS
40633,14587922,14588164,242,CDS
40634,14587266,14587764,498,CDS
40635,14587061,14587157,96,CDS
40636,14586583,14586753,170,CDS
40637,14589730,14589915,185,mobile_element
40638,14604012,14653928,49916,gene
40639,14652143,14653928,1785,mRNA
40640,14620700,14620888,188,mRNA
40641,14610661,14610810,149,mRNA
40642,14610439,14610591,152,mRNA
40643,14606483,14606548,65,mRNA
40644,14604746,14605124,378,mRNA
40645,14604012,14604627,615,mRNA
40646,14652143,14653834,1691,mRNA
40647,14620700,14620888,188,mRNA
40648,14610661,14610810,149,mRNA
40649,14610439,14610591,152,mRNA
40650,14606483,14606548,65,mRNA
40651,14604746,14605124,378,mRNA
40652,14604012,14604627,615,mRNA
40653,14652143,14653834,1691,mRNA
40654,14620700,14620888,188,mRNA
40655,14610661,14610810,149,mRNA
40656,14610435,14610591,156,mRNA
40657,14606483,14606548,65,mRNA
40658,14604746,14605124,378,mRNA
40659,14604012,14604627,615,mRNA
40660,14652143,14653244,1101,CDS
40661,14620700,14620888,188,CDS
40662,14610661,14610810,149,CDS
40663,14610439,14610591,152,CDS
40664,14606483,14606548,65,CDS
40665,14604746,14605124,378,CDS
40666,14604486,14604627,141,CDS
40667,14652143,14653244,1101,CDS
40668,14620700,14620888,188,CDS
40669,14610661,14610810,149,CDS
40670,14610439,14610591,152,CDS
40671,14606483,14606548,65,CDS
40672,14604746,14605124,378,CDS
40673,14604486,14604627,141,CDS
40674,14652143,14653244,1101,CDS
40675,14620700,14620888,188,CDS
40676,14610661,14610810,149,CDS
40677,14610435,14610591,156,CDS
40678,14606483,14606548,65,CDS
40679,14604785,14605124,339,CDS
40680,14636525,14641895,5370,mobile_element
40681,14679568,14681418,1850,gene
40682,14679568,14680520,952,mRNA
40683,14680592,14681418,826,mRNA
40684,14679568,14680520,952,mRNA
40685,14680592,14680931,339,mRNA
40686,14679604,14680520,916,CDS
40687,14680592,14680916,324,CDS
40688,14679604,14680520,916,CDS
40689,14680592,14680916,324,CDS
40690,14686038,14749376,63338,gene
40691,14749348,14749376,28,mRNA
40692,14748629,14748921,292,mRNA
40693,14746573,14748059,1486,mRNA
40694,14693007,14693195,188,mRNA
40695,14692306,14692455,149,mRNA
40696,14692109,14692222,113,mRNA
40697,14691977,14692042,65,mRNA
40698,14691659,14691890,231,mRNA
40699,14686038,14691403,5365,mRNA
40700,14749348,14749376,28,mRNA
40701,14748629,14748924,295,mRNA
40702,14746573,14748059,1486,mRNA
40703,14693007,14693195,188,mRNA
40704,14692306,14692455,149,mRNA
40705,14692109,14692222,113,mRNA
40706,14691977,14692042,65,mRNA
40707,14691659,14691890,231,mRNA
40708,14687612,14691403,3791,mRNA
40709,14749285,14749376,91,mRNA
40710,14748629,14748921,292,mRNA
40711,14746573,14748059,1486,mRNA
40712,14693007,14693195,188,mRNA
40713,14692306,14692455,149,mRNA
40714,14692109,14692222,113,mRNA
40715,14691977,14692042,65,mRNA
40716,14691659,14691890,231,mRNA
40717,14687612,14691403,3791,mRNA
40718,14749285,14749376,91,mRNA
40719,14748629,14748924,295,mRNA
40720,14746573,14748059,1486,mRNA
40721,14693007,14693195,188,mRNA
40722,14692306,14692455,149,mRNA
40723,14692109,14692222,113,mRNA
40724,14691977,14692042,65,mRNA
40725,14691659,14691890,231,mRNA
40726,14687612,14691403,3791,mRNA
40727,14749195,14749376,181,mRNA
40728,14748629,14748921,292,mRNA
40729,14746573,14748059,1486,mRNA
40730,14693007,14693195,188,mRNA
40731,14692306,14692455,149,mRNA
40732,14692109,14692222,113,mRNA
40733,14691977,14692042,65,mRNA
40734,14691659,14691890,231,mRNA
40735,14687612,14691403,3791,mRNA
40736,14748650,14749010,360,mRNA
40737,14746573,14748059,1486,mRNA
40738,14693007,14693195,188,mRNA
40739,14692306,14692455,149,mRNA
40740,14692109,14692222,113,mRNA
40741,14691977,14692042,65,mRNA
40742,14691659,14691890,231,mRNA
40743,14687612,14691403,3791,mRNA
40744,14748629,14749010,381,mRNA
40745,14746573,14748059,1486,mRNA
40746,14693007,14693195,188,mRNA
40747,14692306,14692455,149,mRNA
40748,14692109,14692222,113,mRNA
40749,14691977,14692042,65,mRNA
40750,14691659,14691890,231,mRNA
40751,14687612,14691403,3791,mRNA
40752,14748629,14748630,1,CDS
40753,14746573,14748059,1486,CDS
40754,14693007,14693195,188,CDS
40755,14692306,14692455,149,CDS
40756,14692109,14692222,113,CDS
40757,14691977,14692042,65,CDS
40758,14691659,14691890,231,CDS
40759,14691262,14691403,141,CDS
40760,14748629,14748630,1,CDS
40761,14746573,14748059,1486,CDS
40762,14693007,14693195,188,CDS
40763,14692306,14692455,149,CDS
40764,14692109,14692222,113,CDS
40765,14691977,14692042,65,CDS
40766,14691659,14691890,231,CDS
40767,14691262,14691403,141,CDS
40768,14748629,14748630,1,CDS
40769,14746573,14748059,1486,CDS
40770,14693007,14693195,188,CDS
40771,14692306,14692455,149,CDS
40772,14692109,14692222,113,CDS
40773,14691977,14692042,65,CDS
40774,14691659,14691890,231,CDS
40775,14691262,14691403,141,CDS
40776,14748629,14748630,1,CDS
40777,14746573,14748059,1486,CDS
40778,14693007,14693195,188,CDS
40779,14692306,14692455,149,CDS
40780,14692109,14692222,113,CDS
40781,14691977,14692042,65,CDS
40782,14691659,14691890,231,CDS
40783,14691262,14691403,141,CDS
40784,14748629,14748630,1,CDS
40785,14746573,14748059,1486,CDS
40786,14693007,14693195,188,CDS
40787,14692306,14692455,149,CDS
40788,14692109,14692222,113,CDS
40789,14691977,14692042,65,CDS
40790,14691659,14691890,231,CDS
40791,14691262,14691403,141,CDS
40792,14748629,14748630,1,CDS
40793,14746573,14748059,1486,CDS
40794,14693007,14693195,188,CDS
40795,14692306,14692455,149,CDS
40796,14692109,14692222,113,CDS
40797,14691977,14692042,65,CDS
40798,14691659,14691890,231,CDS
40799,14691262,14691403,141,CDS
40800,14746573,14748037,1464,CDS
40801,14693007,14693195,188,CDS
40802,14692306,14692455,149,CDS
40803,14692109,14692222,113,CDS
40804,14691977,14692042,65,CDS
40805,14691659,14691890,231,CDS
40806,14691262,14691403,141,CDS
40807,14702358,14703654,1296,gene
40808,14702358,14702563,205,mRNA
40809,14702618,14703044,426,mRNA
40810,14703103,14703654,551,mRNA
40811,14702358,14702563,205,CDS
40812,14702618,14703044,426,CDS
40813,14703103,14703558,455,CDS
40814,14718273,14718942,669,gene
40815,14718694,14718942,248,mRNA
40816,14718273,14718634,361,mRNA
40817,14718694,14718864,170,CDS
40818,14718356,14718634,278,CDS
40819,14719181,14719670,489,mobile_element
40820,14757531,14765787,8256,gene
40821,14765403,14765787,384,mRNA
40822,14759998,14760366,368,mRNA
40823,14759245,14759646,401,mRNA
40824,14758397,14759137,740,mRNA
40825,14757531,14758335,804,mRNA
40826,14765403,14765787,384,mRNA
40827,14759998,14760369,371,mRNA
40828,14759245,14759646,401,mRNA
40829,14758397,14759137,740,mRNA
40830,14757531,14758335,804,mRNA
40831,14759998,14760365,367,CDS
40832,14759245,14759646,401,CDS
40833,14758397,14759137,740,CDS
40834,14758047,14758335,288,CDS
40835,14759998,14760365,367,CDS
40836,14759245,14759646,401,CDS
40837,14758397,14759137,740,CDS
40838,14758047,14758335,288,CDS
40839,14766471,14766946,475,mobile_element
40840,14770473,14770727,254,mobile_element
40841,14775308,14776299,991,gene
40842,14775308,14776299,991,mRNA
40843,14775359,14775991,632,CDS
40844,14776774,14777983,1209,gene
40845,14776774,14777983,1209,mRNA
40846,14776878,14777735,857,CDS
40847,14778097,14782817,4720,mobile_element
40848,14782962,14784052,1090,gene
40849,14783489,14784052,563,mRNA
40850,14782962,14783246,284,mRNA
40851,14783489,14784006,517,CDS
40852,14783000,14783246,246,CDS
40853,14784389,14784430,41,mobile_element
40854,14784664,14786551,1887,gene
40855,14786094,14786551,457,mRNA
40856,14784664,14785965,1301,mRNA
40857,14786094,14786237,143,mRNA
40858,14784664,14785965,1301,mRNA
40859,14786094,14786237,143,mRNA
40860,14785099,14785965,866,mRNA
40861,14786094,14786210,116,CDS
40862,14785312,14785965,653,CDS
40863,14786094,14786210,116,CDS
40864,14785312,14785965,653,CDS
40865,14786094,14786210,116,CDS
40866,14785312,14785965,653,CDS
40867,14786412,14787897,1485,gene
40868,14786412,14786600,188,ncRNA
40869,14786747,14787011,264,ncRNA
40870,14787085,14787897,812,ncRNA
40871,14787478,14826073,38595,gene
40872,14825962,14826073,111,mRNA
40873,14824789,14824927,138,mRNA
40874,14801143,14801422,279,mRNA
40875,14800151,14800885,734,mRNA
40876,14799950,14800077,127,mRNA
40877,14799281,14799584,303,mRNA
40878,14798875,14799165,290,mRNA
40879,14795649,14796122,473,mRNA
40880,14795446,14795585,139,mRNA
40881,14795275,14795385,110,mRNA
40882,14794961,14795201,240,mRNA
40883,14794461,14794827,366,mRNA
40884,14794215,14794389,174,mRNA
40885,14793474,14794152,678,mRNA
40886,14791248,14792428,1180,mRNA
40887,14790181,14790878,697,mRNA
40888,14787478,14790112,2634,mRNA
40889,14825962,14826073,111,mRNA
40890,14824789,14824927,138,mRNA
40891,14801143,14801422,279,mRNA
40892,14800151,14800885,734,mRNA
40893,14799950,14800077,127,mRNA
40894,14799281,14799584,303,mRNA
40895,14798875,14799165,290,mRNA
40896,14795649,14796122,473,mRNA
40897,14795446,14795585,139,mRNA
40898,14795275,14795385,110,mRNA
40899,14794961,14795201,240,mRNA
40900,14794461,14794827,366,mRNA
40901,14794215,14794389,174,mRNA
40902,14793126,14794152,1026,mRNA
40903,14791248,14792353,1105,mRNA
40904,14790181,14790878,697,mRNA
40905,14787478,14790112,2634,mRNA
40906,14825962,14826073,111,mRNA
40907,14824789,14824927,138,mRNA
40908,14801143,14801422,279,mRNA
40909,14800151,14800885,734,mRNA
40910,14799950,14800077,127,mRNA
40911,14799281,14799584,303,mRNA
40912,14798875,14799165,290,mRNA
40913,14795649,14796122,473,mRNA
40914,14795446,14795585,139,mRNA
40915,14795275,14795385,110,mRNA
40916,14794961,14795201,240,mRNA
40917,14794461,14794827,366,mRNA
40918,14794215,14794389,174,mRNA
40919,14793126,14794152,1026,mRNA
40920,14791248,14792428,1180,mRNA
40921,14790181,14790878,697,mRNA
40922,14787478,14790112,2634,mRNA
40923,14825962,14826073,111,mRNA
40924,14824789,14824927,138,mRNA
40925,14801143,14801422,279,mRNA
40926,14800151,14800885,734,mRNA
40927,14799950,14800077,127,mRNA
40928,14799281,14799584,303,mRNA
40929,14798875,14799165,290,mRNA
40930,14797292,14797522,230,mRNA
40931,14795649,14796122,473,mRNA
40932,14795446,14795585,139,mRNA
40933,14795275,14795385,110,mRNA
40934,14794961,14795201,240,mRNA
40935,14794461,14794827,366,mRNA
40936,14794215,14794389,174,mRNA
40937,14793126,14794152,1026,mRNA
40938,14791248,14792428,1180,mRNA
40939,14790181,14790878,697,mRNA
40940,14787478,14790112,2634,mRNA
40941,14825746,14825905,159,mRNA
40942,14824789,14824927,138,mRNA
40943,14801143,14801422,279,mRNA
40944,14800151,14800885,734,mRNA
40945,14799950,14800077,127,mRNA
40946,14799281,14799584,303,mRNA
40947,14798875,14799165,290,mRNA
40948,14795649,14796122,473,mRNA
40949,14795446,14795585,139,mRNA
40950,14795275,14795385,110,mRNA
40951,14794961,14795201,240,mRNA
40952,14794461,14794827,366,mRNA
40953,14794215,14794389,174,mRNA
40954,14793474,14794152,678,mRNA
40955,14790181,14790878,697,mRNA
40956,14787478,14790112,2634,mRNA
40957,14825746,14825905,159,mRNA
40958,14824789,14824927,138,mRNA
40959,14801143,14801422,279,mRNA
40960,14800151,14800885,734,mRNA
40961,14799950,14800077,127,mRNA
40962,14799281,14799584,303,mRNA
40963,14798875,14799165,290,mRNA
40964,14795649,14796122,473,mRNA
40965,14795446,14795585,139,mRNA
40966,14795275,14795385,110,mRNA
40967,14794961,14795201,240,mRNA
40968,14794461,14794827,366,mRNA
40969,14794215,14794389,174,mRNA
40970,14793126,14794152,1026,mRNA
40971,14790181,14790878,697,mRNA
40972,14787478,14790112,2634,mRNA
40973,14818601,14818789,188,mRNA
40974,14801143,14801422,279,mRNA
40975,14800151,14800885,734,mRNA
40976,14799950,14800077,127,mRNA
40977,14799281,14799584,303,mRNA
40978,14798875,14799165,290,mRNA
40979,14795649,14796122,473,mRNA
40980,14795446,14795585,139,mRNA
40981,14795275,14795385,110,mRNA
40982,14794961,14795201,240,mRNA
40983,14794461,14794827,366,mRNA
40984,14794215,14794389,174,mRNA
40985,14793126,14794152,1026,mRNA
40986,14791248,14792428,1180,mRNA
40987,14790181,14790878,697,mRNA
40988,14787478,14790112,2634,mRNA
40989,14801143,14801343,200,CDS
40990,14800151,14800885,734,CDS
40991,14799950,14800077,127,CDS
40992,14799281,14799584,303,CDS
40993,14798875,14799165,290,CDS
40994,14795649,14796122,473,CDS
40995,14795446,14795585,139,CDS
40996,14795275,14795385,110,CDS
40997,14794961,14795201,240,CDS
40998,14794461,14794827,366,CDS
40999,14794215,14794389,174,CDS
41000,14793474,14794152,678,CDS
41001,14791248,14792428,1180,CDS
41002,14790181,14790878,697,CDS
41003,14789670,14790112,442,CDS
41004,14801143,14801343,200,CDS
41005,14800151,14800885,734,CDS
41006,14799950,14800077,127,CDS
41007,14799281,14799584,303,CDS
41008,14798875,14799165,290,CDS
41009,14795649,14796122,473,CDS
41010,14795446,14795585,139,CDS
41011,14795275,14795385,110,CDS
41012,14794961,14795201,240,CDS
41013,14794461,14794827,366,CDS
41014,14794215,14794389,174,CDS
41015,14793126,14794152,1026,CDS
41016,14791248,14792353,1105,CDS
41017,14790181,14790878,697,CDS
41018,14789670,14790112,442,CDS
41019,14801143,14801343,200,CDS
41020,14800151,14800885,734,CDS
41021,14799950,14800077,127,CDS
41022,14799281,14799584,303,CDS
41023,14798875,14799165,290,CDS
41024,14795649,14796122,473,CDS
41025,14795446,14795585,139,CDS
41026,14795275,14795385,110,CDS
41027,14794961,14795201,240,CDS
41028,14794461,14794827,366,CDS
41029,14794215,14794389,174,CDS
41030,14793126,14794152,1026,CDS
41031,14791248,14792428,1180,CDS
41032,14790181,14790878,697,CDS
41033,14789670,14790112,442,CDS
41034,14801143,14801343,200,CDS
41035,14800151,14800885,734,CDS
41036,14799950,14800077,127,CDS
41037,14799281,14799584,303,CDS
41038,14798875,14799165,290,CDS
41039,14795649,14796122,473,CDS
41040,14795446,14795585,139,CDS
41041,14795275,14795385,110,CDS
41042,14794961,14795201,240,CDS
41043,14794461,14794827,366,CDS
41044,14794215,14794389,174,CDS
41045,14793126,14794152,1026,CDS
41046,14791248,14792428,1180,CDS
41047,14790181,14790878,697,CDS
41048,14789670,14790112,442,CDS
41049,14801143,14801343,200,CDS
41050,14800151,14800885,734,CDS
41051,14799950,14800077,127,CDS
41052,14799281,14799584,303,CDS
41053,14798875,14799165,290,CDS
41054,14797292,14797522,230,CDS
41055,14795649,14796122,473,CDS
41056,14795446,14795585,139,CDS
41057,14795275,14795385,110,CDS
41058,14794961,14795201,240,CDS
41059,14794461,14794827,366,CDS
41060,14794215,14794389,174,CDS
41061,14793126,14794152,1026,CDS
41062,14791248,14792428,1180,CDS
41063,14790181,14790878,697,CDS
41064,14789670,14790112,442,CDS
41065,14801143,14801343,200,CDS
41066,14800151,14800885,734,CDS
41067,14799950,14800077,127,CDS
41068,14799281,14799584,303,CDS
41069,14798875,14799165,290,CDS
41070,14795649,14796122,473,CDS
41071,14795446,14795585,139,CDS
41072,14795275,14795385,110,CDS
41073,14794961,14795201,240,CDS
41074,14794461,14794827,366,CDS
41075,14794215,14794389,174,CDS
41076,14793474,14794152,678,CDS
41077,14790549,14790878,329,CDS
41078,14801143,14801343,200,CDS
41079,14800151,14800885,734,CDS
41080,14799950,14800077,127,CDS
41081,14799281,14799584,303,CDS
41082,14798875,14799165,290,CDS
41083,14795649,14796122,473,CDS
41084,14795446,14795585,139,CDS
41085,14795275,14795385,110,CDS
41086,14794961,14795201,240,CDS
41087,14794461,14794827,366,CDS
41088,14794215,14794389,174,CDS
41089,14793126,14794152,1026,CDS
41090,14790549,14790878,329,CDS
41091,14815571,14815773,202,mobile_element
41092,14818820,14823965,5145,mobile_element
41093,14826867,14832033,5166,gene
41094,14831741,14832033,292,mRNA
41095,14831604,14831666,62,mRNA
41096,14831092,14831510,418,mRNA
41097,14830433,14830507,74,mRNA
41098,14829136,14830347,1211,mRNA
41099,14826867,14828031,1164,mRNA
41100,14831741,14832033,292,mRNA
41101,14831604,14831666,62,mRNA
41102,14831092,14831510,418,mRNA
41103,14829136,14830347,1211,mRNA
41104,14827058,14828031,973,mRNA
41105,14831741,14832033,292,mRNA
41106,14831604,14831666,62,mRNA
41107,14831092,14831510,418,mRNA
41108,14830433,14830500,67,mRNA
41109,14829136,14830347,1211,mRNA
41110,14827058,14828031,973,mRNA
41111,14831741,14832033,292,mRNA
41112,14831604,14831666,62,mRNA
41113,14831092,14831510,418,mRNA
41114,14830433,14830507,74,mRNA
41115,14829136,14830347,1211,mRNA
41116,14827058,14828031,973,mRNA
41117,14831741,14832033,292,mRNA
41118,14831604,14831666,62,mRNA
41119,14831092,14831510,418,mRNA
41120,14830433,14830507,74,mRNA
41121,14828661,14830347,1686,mRNA
41122,14827572,14828031,459,mRNA
41123,14831741,14831782,41,CDS
41124,14831604,14831666,62,CDS
41125,14831092,14831510,418,CDS
41126,14829136,14830347,1211,CDS
41127,14827788,14828031,243,CDS
41128,14831741,14831782,41,CDS
41129,14831604,14831666,62,CDS
41130,14831092,14831510,418,CDS
41131,14830433,14830507,74,CDS
41132,14829136,14830347,1211,CDS
41133,14827788,14828031,243,CDS
41134,14831741,14831782,41,CDS
41135,14831604,14831666,62,CDS
41136,14831092,14831510,418,CDS
41137,14830433,14830507,74,CDS
41138,14829136,14830347,1211,CDS
41139,14827788,14828031,243,CDS
41140,14830433,14830461,28,CDS
41141,14829136,14830347,1211,CDS
41142,14827788,14828031,243,CDS
41143,14831741,14831782,41,CDS
41144,14831604,14831666,62,CDS
41145,14831092,14831510,418,CDS
41146,14830433,14830507,74,CDS
41147,14829054,14830347,1293,CDS
41148,14832647,14836262,3615,gene
41149,14832647,14832960,313,mRNA
41150,14833144,14836262,3118,mRNA
41151,14832647,14832945,298,mRNA
41152,14833144,14836262,3118,mRNA
41153,14832647,14832960,313,mRNA
41154,14833144,14835887,2743,mRNA
41155,14832647,14832945,298,mRNA
41156,14833144,14835887,2743,mRNA
41157,14833254,14835785,2531,CDS
41158,14833254,14835785,2531,CDS
41159,14833254,14835785,2531,CDS
41160,14833254,14835785,2531,CDS
41161,14836725,14837330,605,gene
41162,14836725,14837330,605,mRNA
41163,14836725,14837330,605,CDS
41164,14837471,14838198,727,gene
41165,14837814,14838198,384,mRNA
41166,14837471,14837753,282,mRNA
41167,14837814,14838102,288,CDS
41168,14837563,14837753,190,CDS
41169,14838352,14839106,754,gene
41170,14838818,14839106,288,mRNA
41171,14838352,14838761,409,mRNA
41172,14838818,14839035,217,CDS
41173,14838428,14838761,333,CDS
41174,14839376,14933946,94570,gene
41175,14839376,14839423,47,mRNA
41176,14840873,14841019,146,mRNA
41177,14924226,14924413,187,mRNA
41178,14925646,14925684,38,mRNA
41179,14926736,14926874,138,mRNA
41180,14930747,14931314,567,mRNA
41181,14931802,14931985,183,mRNA
41182,14932048,14933946,1898,mRNA
41183,14839376,14839535,159,mRNA
41184,14840873,14841019,146,mRNA
41185,14924226,14924413,187,mRNA
41186,14925646,14925684,38,mRNA
41187,14926766,14926874,108,mRNA
41188,14930747,14931314,567,mRNA
41189,14931802,14931985,183,mRNA
41190,14932048,14933583,1535,mRNA
41191,14839376,14839535,159,mRNA
41192,14840873,14841019,146,mRNA
41193,14924226,14924413,187,mRNA
41194,14926766,14926874,108,mRNA
41195,14930747,14931314,567,mRNA
41196,14931802,14931985,183,mRNA
41197,14932048,14933583,1535,mRNA
41198,14839376,14839423,47,mRNA
41199,14840873,14841019,146,mRNA
41200,14924226,14924413,187,mRNA
41201,14925646,14925684,38,mRNA
41202,14926766,14926874,108,mRNA
41203,14930747,14931314,567,mRNA
41204,14931802,14931985,183,mRNA
41205,14932048,14933583,1535,mRNA
41206,14839376,14839423,47,mRNA
41207,14840873,14841019,146,mRNA
41208,14924226,14924413,187,mRNA
41209,14926766,14926874,108,mRNA
41210,14930747,14931314,567,mRNA
41211,14931802,14931985,183,mRNA
41212,14932048,14933583,1535,mRNA
41213,14839376,14839423,47,mRNA
41214,14840873,14841019,146,mRNA
41215,14924226,14924413,187,mRNA
41216,14926766,14926874,108,mRNA
41217,14930747,14931314,567,mRNA
41218,14931802,14931985,183,mRNA
41219,14932048,14933583,1535,mRNA
41220,14839376,14839423,47,mRNA
41221,14840873,14841019,146,mRNA
41222,14924226,14924413,187,mRNA
41223,14926736,14926874,138,mRNA
41224,14930747,14931314,567,mRNA
41225,14931802,14931985,183,mRNA
41226,14932048,14933013,965,mRNA
41227,14839968,14840356,388,mRNA
41228,14840873,14841019,146,mRNA
41229,14924226,14924413,187,mRNA
41230,14925646,14925684,38,mRNA
41231,14926766,14926874,108,mRNA
41232,14930747,14931314,567,mRNA
41233,14931802,14931985,183,mRNA
41234,14932048,14933583,1535,mRNA
41235,14840971,14841019,48,CDS
41236,14924226,14924413,187,CDS
41237,14926766,14926874,108,CDS
41238,14930747,14931314,567,CDS
41239,14931802,14931985,183,CDS
41240,14932048,14932272,224,CDS
41241,14840971,14841019,48,CDS
41242,14924226,14924413,187,CDS
41243,14925646,14925684,38,CDS
41244,14926736,14926874,138,CDS
41245,14930747,14931314,567,CDS
41246,14931802,14931985,183,CDS
41247,14932048,14932227,179,CDS
41248,14840971,14841019,48,CDS
41249,14924226,14924413,187,CDS
41250,14925646,14925684,38,CDS
41251,14926766,14926874,108,CDS
41252,14930747,14931314,567,CDS
41253,14931802,14931985,183,CDS
41254,14932048,14932227,179,CDS
41255,14840971,14841019,48,CDS
41256,14924226,14924413,187,CDS
41257,14925646,14925684,38,CDS
41258,14926766,14926874,108,CDS
41259,14930747,14931314,567,CDS
41260,14931802,14931985,183,CDS
41261,14932048,14932227,179,CDS
41262,14840971,14841019,48,CDS
41263,14924226,14924413,187,CDS
41264,14925646,14925684,38,CDS
41265,14926766,14926874,108,CDS
41266,14930747,14931314,567,CDS
41267,14931802,14931985,183,CDS
41268,14932048,14932227,179,CDS
41269,14840971,14841019,48,CDS
41270,14924226,14924413,187,CDS
41271,14926736,14926874,138,CDS
41272,14930747,14931314,567,CDS
41273,14931802,14931985,183,CDS
41274,14932048,14932227,179,CDS
41275,14840971,14841019,48,CDS
41276,14924226,14924413,187,CDS
41277,14926766,14926874,108,CDS
41278,14930747,14931314,567,CDS
41279,14931802,14931985,183,CDS
41280,14932048,14932227,179,CDS
41281,14840971,14841019,48,CDS
41282,14924226,14924413,187,CDS
41283,14926766,14926874,108,CDS
41284,14930747,14931314,567,CDS
41285,14931802,14931985,183,CDS
41286,14932048,14932227,179,CDS
41287,14842617,14844757,2140,gene
41288,14844582,14844757,175,mRNA
41289,14842617,14844525,1908,mRNA
41290,14844582,14844732,150,CDS
41291,14842796,14844525,1729,CDS
41292,14846472,14848808,2336,gene
41293,14848643,14848808,165,mRNA
41294,14846472,14848496,2024,mRNA
41295,14848643,14848778,135,CDS
41296,14846782,14848496,1714,CDS
41297,14851005,14853269,2264,gene
41298,14851005,14853269,2264,mRNA
41299,14851257,14853122,1865,CDS
41300,14854328,14856361,2033,gene
41301,14854328,14856361,2033,mRNA
41302,14854435,14856303,1868,CDS
41303,14862989,14871181,8192,gene
41304,14870988,14871181,193,mRNA
41305,14862989,14866473,3484,mRNA
41306,14870988,14871181,193,mRNA
41307,14869401,14869618,217,mRNA
41308,14862989,14866473,3484,mRNA
41309,14870988,14871181,193,mRNA
41310,14869691,14869745,54,mRNA
41311,14869401,14869618,217,mRNA
41312,14862989,14866473,3484,mRNA
41313,14863884,14865995,2111,CDS
41314,14863884,14865995,2111,CDS
41315,14863884,14865995,2111,CDS
41316,14875370,14882586,7216,gene
41317,14875370,14882586,7216,gene
41318,14882174,14882586,412,mRNA
41319,14877545,14878544,999,mRNA
41320,14875370,14877315,1945,mRNA
41321,14882174,14882586,412,mRNA
41322,14877545,14878544,999,mRNA
41323,14875370,14877315,1945,mRNA
41324,14877545,14877661,116,CDS
41325,14875591,14877315,1724,CDS
41326,14877675,14878520,845,CDS
41327,14885952,14896891,10939,gene
41328,14896660,14896891,231,mRNA
41329,14895760,14896402,642,mRNA
41330,14888225,14888475,250,mRNA
41331,14885952,14887924,1972,mRNA
41332,14895760,14896217,457,CDS
41333,14888225,14888475,250,CDS
41334,14886453,14887924,1471,CDS
41335,14901844,14905549,3705,gene
41336,14905432,14905549,117,mRNA
41337,14903964,14904966,1002,mRNA
41338,14901844,14902943,1099,mRNA
41339,14905432,14905549,117,mRNA
41340,14903964,14904966,1002,mRNA
41341,14901952,14902943,991,mRNA
41342,14903964,14904936,972,CDS
41343,14902045,14902943,898,CDS
41344,14903964,14904936,972,CDS
41345,14902045,14902943,898,CDS
41346,14906334,14909708,3374,gene
41347,14908680,14909708,1028,mRNA
41348,14906334,14908284,1950,mRNA
41349,14908680,14909070,390,mRNA
41350,14906334,14908284,1950,mRNA
41351,14908680,14909006,326,CDS
41352,14906671,14908284,1613,CDS
41353,14908680,14909006,326,CDS
41354,14906671,14908284,1613,CDS
41355,14909873,14910845,972,gene
41356,14910624,14910845,221,mRNA
41357,14909873,14910317,444,mRNA
41358,14910624,14910845,221,mRNA
41359,14910165,14910317,152,mRNA
41360,14910624,14910819,195,CDS
41361,14910202,14910317,115,CDS
41362,14910624,14910819,195,CDS
41363,14910202,14910317,115,CDS
41364,14911781,14913812,2031,gene
41365,14913178,14913812,634,mRNA
41366,14911781,14913124,1343,mRNA
41367,14913178,14913797,619,CDS
41368,14911843,14913124,1281,CDS
41369,14916756,14918800,2044,gene
41370,14916756,14918800,2044,mRNA
41371,14916771,14918744,1973,CDS
41372,14919252,14923493,4241,gene
41373,14923301,14923493,192,mRNA
41374,14921225,14921698,473,mRNA
41375,14919252,14921108,1856,mRNA
41376,14921225,14921606,381,CDS
41377,14919610,14921108,1498,CDS
41378,14925991,14926874,883,mRNA
41379,14930747,14931314,567,mRNA
41380,14931802,14931985,183,mRNA
41381,14932048,14933013,965,mRNA
41382,14926736,14926874,138,CDS
41383,14930747,14931314,567,CDS
41384,14931802,14931985,183,CDS
41385,14932048,14932227,179,CDS
41386,14927202,14928944,1742,gene
41387,14927202,14928944,1742,mRNA
41388,14927446,14928944,1498,mRNA
41389,14927597,14928775,1178,CDS
41390,14927597,14928775,1178,CDS
41391,14929721,14930174,453,mRNA
41392,14930437,14930456,19,mRNA
41393,14930747,14931314,567,mRNA
41394,14931802,14931985,183,mRNA
41395,14932048,14933583,1535,mRNA
41396,14929721,14930174,453,mRNA
41397,14930747,14931314,567,mRNA
41398,14931802,14931985,183,mRNA
41399,14932048,14932652,604,mRNA
41400,14930104,14930174,70,CDS
41401,14930437,14930456,19,CDS
41402,14930747,14931314,567,CDS
41403,14931802,14931985,183,CDS
41404,14932048,14932227,179,CDS
41405,14930316,14930456,140,mRNA
41406,14930747,14931314,567,mRNA
41407,14931802,14931985,183,mRNA
41408,14932048,14933583,1535,mRNA
41409,14930833,14931314,481,CDS
41410,14931802,14931985,183,CDS
41411,14932048,14932227,179,CDS
41412,14930833,14931314,481,CDS
41413,14931802,14931985,183,CDS
41414,14932048,14932227,179,CDS
41415,14933670,14953532,19862,gene
41416,14951917,14952009,92,mRNA
41417,14951622,14951805,183,mRNA
41418,14951103,14951211,108,mRNA
41419,14950318,14950866,548,mRNA
41420,14946271,14946481,210,mRNA
41421,14935876,14936418,542,mRNA
41422,14935331,14935445,114,mRNA
41423,14933670,14935272,1602,mRNA
41424,14953513,14953532,19,mRNA
41425,14951103,14951211,108,mRNA
41426,14950318,14950866,548,mRNA
41427,14946271,14946481,210,mRNA
41428,14935876,14936418,542,mRNA
41429,14935331,14935445,114,mRNA
41430,14934040,14935272,1232,mRNA
41431,14951575,14951794,219,mRNA
41432,14951103,14951211,108,mRNA
41433,14950318,14950866,548,mRNA
41434,14946271,14946481,210,mRNA
41435,14935876,14936418,542,mRNA
41436,14935331,14935445,114,mRNA
41437,14934040,14935272,1232,mRNA
41438,14950318,14950749,431,mRNA
41439,14946271,14946481,210,mRNA
41440,14935876,14936418,542,mRNA
41441,14935331,14935445,114,mRNA
41442,14934040,14935272,1232,mRNA
41443,14950318,14950599,281,CDS
41444,14946271,14946481,210,CDS
41445,14935876,14936418,542,CDS
41446,14935331,14935445,114,CDS
41447,14934630,14935272,642,CDS
41448,14950318,14950599,281,CDS
41449,14946271,14946481,210,CDS
41450,14935876,14936418,542,CDS
41451,14935331,14935445,114,CDS
41452,14934630,14935272,642,CDS
41453,14950318,14950599,281,CDS
41454,14946271,14946481,210,CDS
41455,14935876,14936418,542,CDS
41456,14935331,14935445,114,CDS
41457,14934630,14935272,642,CDS
41458,14950318,14950599,281,CDS
41459,14946271,14946481,210,CDS
41460,14935876,14936418,542,CDS
41461,14935331,14935445,114,CDS
41462,14934630,14935272,642,CDS
41463,14936915,14946113,9198,mobile_element
41464,14952345,14953697,1352,gene
41465,14952345,14953697,1352,ncRNA
41466,14954123,14955100,977,gene
41467,14954784,14955100,316,mRNA
41468,14954548,14954721,173,mRNA
41469,14954123,14954446,323,mRNA
41470,14954784,14954996,212,CDS
41471,14954548,14954721,173,CDS
41472,14954201,14954446,245,CDS
41473,14955477,15009989,54512,gene
41474,14955477,14955549,72,mRNA
41475,14955865,14956129,264,mRNA
41476,14971099,14971798,699,mRNA
41477,14986273,14986399,126,mRNA
41478,14990320,14990432,112,mRNA
41479,14991346,14991396,50,mRNA
41480,14992720,14992851,131,mRNA
41481,14993446,14993558,112,mRNA
41482,14993623,14993766,143,mRNA
41483,14995793,14995889,96,mRNA
41484,14995946,14996292,346,mRNA
41485,14996355,14996510,155,mRNA
41486,14996634,14996706,72,mRNA
41487,14997934,14998133,199,mRNA
41488,14999858,15000110,252,mRNA
41489,15000413,15000828,415,mRNA
41490,15002115,15002402,287,mRNA
41491,15004035,15009989,5954,mRNA
41492,14955477,14955549,72,mRNA
41493,14955865,14956129,264,mRNA
41494,14971099,14971798,699,mRNA
41495,14986273,14986399,126,mRNA
41496,14990320,14990432,112,mRNA
41497,14991346,14991396,50,mRNA
41498,14992720,14992851,131,mRNA
41499,14993446,14993558,112,mRNA
41500,14993623,14993766,143,mRNA
41501,14995793,14995889,96,mRNA
41502,14995946,14996292,346,mRNA
41503,14996355,14996510,155,mRNA
41504,14996634,14996706,72,mRNA
41505,14997934,14998133,199,mRNA
41506,14999858,15000110,252,mRNA
41507,15000413,15000828,415,mRNA
41508,15004035,15009989,5954,mRNA
41509,14955477,14955549,72,mRNA
41510,14955865,14956129,264,mRNA
41511,14971099,14971798,699,mRNA
41512,14986273,14986399,126,mRNA
41513,14990320,14990432,112,mRNA
41514,14992720,14992851,131,mRNA
41515,14993446,14993558,112,mRNA
41516,14993623,14993766,143,mRNA
41517,14995793,14995889,96,mRNA
41518,14995946,14996292,346,mRNA
41519,14996355,14996510,155,mRNA
41520,14996634,14996706,72,mRNA
41521,14997934,14998133,199,mRNA
41522,14999858,15000110,252,mRNA
41523,15000413,15000828,415,mRNA
41524,15002112,15002402,290,mRNA
41525,15004035,15009989,5954,mRNA
41526,14955477,14955549,72,mRNA
41527,14955865,14956129,264,mRNA
41528,14971099,14971798,699,mRNA
41529,14986273,14986393,120,mRNA
41530,14990320,14990432,112,mRNA
41531,14991346,14991396,50,mRNA
41532,14992720,14992851,131,mRNA
41533,14993446,14993558,112,mRNA
41534,14993623,14993766,143,mRNA
41535,14995793,14995889,96,mRNA
41536,14995946,14996292,346,mRNA
41537,14996355,14996510,155,mRNA
41538,14996634,14996706,72,mRNA
41539,14997934,14998133,199,mRNA
41540,14999858,15000110,252,mRNA
41541,15000413,15000828,415,mRNA
41542,15002115,15002402,287,mRNA
41543,15004035,15009989,5954,mRNA
41544,14955477,14955549,72,mRNA
41545,14955865,14956129,264,mRNA
41546,14971099,14971798,699,mRNA
41547,14986273,14986399,126,mRNA
41548,14990320,14990432,112,mRNA
41549,14992720,14992851,131,mRNA
41550,14993425,14993558,133,mRNA
41551,14993623,14993766,143,mRNA
41552,14995793,14995889,96,mRNA
41553,14995946,14996292,346,mRNA
41554,14996355,14996510,155,mRNA
41555,14996634,14996706,72,mRNA
41556,14997934,14999242,1308,mRNA
41557,14955477,14955549,72,mRNA
41558,14955865,14956129,264,mRNA
41559,14971099,14971798,699,mRNA
41560,14986273,14986399,126,mRNA
41561,14990320,14990432,112,mRNA
41562,14992720,14992851,131,mRNA
41563,14993446,14993558,112,mRNA
41564,14993623,14993766,143,mRNA
41565,14995793,14995889,96,mRNA
41566,14995946,14996292,346,mRNA
41567,14996355,14996510,155,mRNA
41568,14996634,14996706,72,mRNA
41569,14997934,14999242,1308,mRNA
41570,14955477,14955549,72,mRNA
41571,14955865,14956129,264,mRNA
41572,14971099,14971798,699,mRNA
41573,14986273,14986399,126,mRNA
41574,14990320,14990432,112,mRNA
41575,14992720,14992851,131,mRNA
41576,14993452,14993558,106,mRNA
41577,14993623,14993766,143,mRNA
41578,14995793,14995889,96,mRNA
41579,14995946,14996292,346,mRNA
41580,14996355,14996510,155,mRNA
41581,14996634,14996706,72,mRNA
41582,14997934,14999242,1308,mRNA
41583,14956862,14956921,59,mobile_element
41584,14971720,14971798,78,CDS
41585,14986273,14986399,126,CDS
41586,14990320,14990432,112,CDS
41587,14991346,14991396,50,CDS
41588,14992720,14992851,131,CDS
41589,14993446,14993558,112,CDS
41590,14993623,14993766,143,CDS
41591,14995793,14995889,96,CDS
41592,14995946,14996292,346,CDS
41593,14996355,14996510,155,CDS
41594,14996634,14996706,72,CDS
41595,14997934,14998133,199,CDS
41596,14999858,15000110,252,CDS
41597,15000413,15000828,415,CDS
41598,15002115,15002402,287,CDS
41599,15004035,15005258,1223,CDS
41600,14971720,14971798,78,CDS
41601,14986273,14986399,126,CDS
41602,14990320,14990432,112,CDS
41603,14991346,14991396,50,CDS
41604,14992720,14992851,131,CDS
41605,14993446,14993558,112,CDS
41606,14993623,14993766,143,CDS
41607,14995793,14995889,96,CDS
41608,14995946,14996292,346,CDS
41609,14996355,14996510,155,CDS
41610,14996634,14996706,72,CDS
41611,14997934,14998133,199,CDS
41612,14999858,15000110,252,CDS
41613,15000413,15000828,415,CDS
41614,15004035,15005258,1223,CDS
41615,14971720,14971798,78,CDS
41616,14986273,14986399,126,CDS
41617,14990320,14990432,112,CDS
41618,14992720,14992851,131,CDS
41619,14993446,14993558,112,CDS
41620,14993623,14993766,143,CDS
41621,14995793,14995889,96,CDS
41622,14995946,14996292,346,CDS
41623,14996355,14996510,155,CDS
41624,14996634,14996706,72,CDS
41625,14997934,14998133,199,CDS
41626,14999858,15000110,252,CDS
41627,15000413,15000828,415,CDS
41628,15002112,15002402,290,CDS
41629,15004035,15005258,1223,CDS
41630,14971720,14971798,78,CDS
41631,14986273,14986393,120,CDS
41632,14990320,14990432,112,CDS
41633,14991346,14991396,50,CDS
41634,14992720,14992851,131,CDS
41635,14993446,14993558,112,CDS
41636,14993623,14993766,143,CDS
41637,14995793,14995889,96,CDS
41638,14995946,14996292,346,CDS
41639,14996355,14996510,155,CDS
41640,14996634,14996706,72,CDS
41641,14997934,14998133,199,CDS
41642,14999858,15000110,252,CDS
41643,15000413,15000828,415,CDS
41644,15002115,15002402,287,CDS
41645,15004035,15005258,1223,CDS
41646,14971720,14971798,78,CDS
41647,14986273,14986399,126,CDS
41648,14990320,14990432,112,CDS
41649,14992720,14992851,131,CDS
41650,14993425,14993558,133,CDS
41651,14993623,14993766,143,CDS
41652,14995793,14995889,96,CDS
41653,14995946,14996292,346,CDS
41654,14996355,14996510,155,CDS
41655,14996634,14996706,72,CDS
41656,14997934,14998145,211,CDS
41657,14971720,14971798,78,CDS
41658,14986273,14986399,126,CDS
41659,14990320,14990432,112,CDS
41660,14992720,14992851,131,CDS
41661,14993446,14993558,112,CDS
41662,14993623,14993766,143,CDS
41663,14995793,14995889,96,CDS
41664,14995946,14996292,346,CDS
41665,14996355,14996510,155,CDS
41666,14996634,14996706,72,CDS
41667,14997934,14998145,211,CDS
41668,14971720,14971798,78,CDS
41669,14986273,14986399,126,CDS
41670,14990320,14990432,112,CDS
41671,14992720,14992851,131,CDS
41672,14993452,14993558,106,CDS
41673,14993623,14993766,143,CDS
41674,14995793,14995889,96,CDS
41675,14995946,14996292,346,CDS
41676,14996355,14996510,155,CDS
41677,14996634,14996706,72,CDS
41678,14997934,14998145,211,CDS
41679,15010137,15063429,53292,gene
41680,15063022,15063429,407,mRNA
41681,15059933,15061043,1110,mRNA
41682,15059351,15059737,386,mRNA
41683,15058065,15059184,1119,mRNA
41684,15057302,15058001,699,mRNA
41685,15057100,15057239,139,mRNA
41686,15056477,15057036,559,mRNA
41687,15055371,15056418,1047,mRNA
41688,15055039,15055317,278,mRNA
41689,15052428,15054975,2547,mRNA
41690,15052221,15052368,147,mRNA
41691,15052057,15052159,102,mRNA
41692,15051858,15051993,135,mRNA
41693,15018812,15018925,113,mRNA
41694,15018123,15018738,615,mRNA
41695,15015955,15017941,1986,mRNA
41696,15015409,15015890,481,mRNA
41697,15014032,15015333,1301,mRNA
41698,15012617,15013975,1358,mRNA
41699,15012174,15012515,341,mRNA
41700,15011643,15012107,464,mRNA
41701,15011389,15011582,193,mRNA
41702,15010137,15011321,1184,mRNA
41703,15063022,15063429,407,mRNA
41704,15059933,15061043,1110,mRNA
41705,15059351,15059737,386,mRNA
41706,15058065,15059184,1119,mRNA
41707,15057302,15058001,699,mRNA
41708,15057100,15057239,139,mRNA
41709,15056477,15057036,559,mRNA
41710,15055371,15056418,1047,mRNA
41711,15055039,15055317,278,mRNA
41712,15052428,15054975,2547,mRNA
41713,15052221,15052368,147,mRNA
41714,15052057,15052159,102,mRNA
41715,15051858,15051993,135,mRNA
41716,15018812,15018925,113,mRNA
41717,15018123,15018738,615,mRNA
41718,15015955,15017941,1986,mRNA
41719,15015409,15015890,481,mRNA
41720,15014032,15015333,1301,mRNA
41721,15012617,15013975,1358,mRNA
41722,15012174,15012515,341,mRNA
41723,15011643,15012107,464,mRNA
41724,15011389,15011582,193,mRNA
41725,15010694,15011321,627,mRNA
41726,15063022,15063092,70,CDS
41727,15059933,15061043,1110,CDS
41728,15059351,15059737,386,CDS
41729,15058065,15059184,1119,CDS
41730,15057302,15058001,699,CDS
41731,15057100,15057239,139,CDS
41732,15056477,15057036,559,CDS
41733,15055371,15056418,1047,CDS
41734,15055039,15055317,278,CDS
41735,15052428,15054975,2547,CDS
41736,15052221,15052368,147,CDS
41737,15052057,15052159,102,CDS
41738,15051858,15051993,135,CDS
41739,15018812,15018925,113,CDS
41740,15018123,15018738,615,CDS
41741,15015955,15017941,1986,CDS
41742,15015409,15015890,481,CDS
41743,15014032,15015333,1301,CDS
41744,15012617,15013975,1358,CDS
41745,15012174,15012515,341,CDS
41746,15011643,15012107,464,CDS
41747,15011389,15011582,193,CDS
41748,15010832,15011321,489,CDS
41749,15063022,15063092,70,CDS
41750,15059933,15061043,1110,CDS
41751,15059351,15059737,386,CDS
41752,15058065,15059184,1119,CDS
41753,15057302,15058001,699,CDS
41754,15057100,15057239,139,CDS
41755,15056477,15057036,559,CDS
41756,15055371,15056418,1047,CDS
41757,15055039,15055317,278,CDS
41758,15052428,15054975,2547,CDS
41759,15052221,15052368,147,CDS
41760,15052057,15052159,102,CDS
41761,15051858,15051993,135,CDS
41762,15018812,15018925,113,CDS
41763,15018123,15018738,615,CDS
41764,15015955,15017941,1986,CDS
41765,15015409,15015890,481,CDS
41766,15014032,15015333,1301,CDS
41767,15012617,15013975,1358,CDS
41768,15012174,15012515,341,CDS
41769,15011643,15012107,464,CDS
41770,15011389,15011582,193,CDS
41771,15010832,15011321,489,CDS
41772,15017993,15018073,80,mobile_element
41773,15023166,15023670,504,mobile_element
41774,15024436,15042060,17624,gene
41775,15024436,15024954,518,mRNA
41776,15030586,15030847,261,mRNA
41777,15030911,15031068,157,mRNA
41778,15031178,15031467,289,mRNA
41779,15031543,15033347,1804,mRNA
41780,15033606,15034140,534,mRNA
41781,15041616,15042060,444,mRNA
41782,15024436,15024954,518,mRNA
41783,15030586,15030847,261,mRNA
41784,15030911,15031068,157,mRNA
41785,15031178,15031467,289,mRNA
41786,15031543,15032573,1030,mRNA
41787,15033606,15034140,534,mRNA
41788,15041616,15042060,444,mRNA
41789,15024436,15024954,518,mRNA
41790,15030586,15030847,261,mRNA
41791,15030911,15031068,157,mRNA
41792,15031178,15031467,289,mRNA
41793,15031543,15032573,1030,mRNA
41794,15033606,15034414,808,mRNA
41795,15024703,15024954,251,CDS
41796,15030586,15030847,261,CDS
41797,15030911,15031068,157,CDS
41798,15031178,15031467,289,CDS
41799,15031543,15032573,1030,CDS
41800,15033606,15034090,484,CDS
41801,15024703,15024954,251,CDS
41802,15030586,15030847,261,CDS
41803,15030911,15031068,157,CDS
41804,15031178,15031467,289,CDS
41805,15031543,15032573,1030,CDS
41806,15033606,15034090,484,CDS
41807,15024703,15024954,251,CDS
41808,15030586,15030847,261,CDS
41809,15030911,15031068,157,CDS
41810,15031178,15031467,289,CDS
41811,15031543,15032683,1140,CDS
41812,15034147,15041616,7469,mobile_element
41813,15044123,15051842,7719,gene
41814,15044123,15044283,160,mRNA
41815,15048879,15049265,386,mRNA
41816,15049761,15050138,377,mRNA
41817,15050200,15050359,159,mRNA
41818,15050415,15051842,1427,mRNA
41819,15047992,15048601,609,mobile_element
41820,15048928,15049265,337,mRNA
41821,15049761,15050138,377,mRNA
41822,15050200,15050359,159,mRNA
41823,15050415,15051842,1427,mRNA
41824,15049107,15049265,158,CDS
41825,15049761,15050138,377,CDS
41826,15050200,15050359,159,CDS
41827,15050415,15051109,694,CDS
41828,15049107,15049265,158,CDS
41829,15049761,15050138,377,CDS
41830,15050200,15050359,159,CDS
41831,15050415,15051109,694,CDS
41832,15063733,15064926,1193,gene
41833,15063733,15063983,250,mRNA
41834,15064049,15064548,499,mRNA
41835,15063919,15063983,64,mRNA
41836,15064049,15064926,877,mRNA
41837,15063919,15063983,64,mRNA
41838,15064049,15064548,499,mRNA
41839,15064050,15064403,353,CDS
41840,15064050,15064403,353,CDS
41841,15064050,15064403,353,CDS
41842,15064836,15066432,1596,gene
41843,15066364,15066432,68,mRNA
41844,15064836,15066299,1463,mRNA
41845,15066364,15066432,68,mRNA
41846,15065452,15066299,847,mRNA
41847,15066364,15066372,8,CDS
41848,15065580,15066299,719,CDS
41849,15066364,15066372,8,CDS
41850,15065580,15066299,719,CDS
41851,15067007,15069091,2084,gene
41852,15067007,15067657,650,mRNA
41853,15067888,15069091,1203,mRNA
41854,15067193,15067657,464,CDS
41855,15067888,15068865,977,CDS
41856,15069127,15076220,7093,gene
41857,15075748,15076220,472,mRNA
41858,15073937,15074374,437,mRNA
41859,15073341,15073391,50,mRNA
41860,15072786,15072967,181,mRNA
41861,15069689,15072648,2959,mRNA
41862,15069127,15069620,493,mRNA
41863,15075748,15076220,472,mRNA
41864,15073937,15074374,437,mRNA
41865,15071463,15072648,1185,mRNA
41866,15075748,15076220,472,mRNA
41867,15073937,15074374,437,mRNA
41868,15072786,15072967,181,mRNA
41869,15071463,15072648,1185,mRNA
41870,15075748,15076220,472,mRNA
41871,15073937,15074374,437,mRNA
41872,15073341,15073391,50,mRNA
41873,15071463,15072648,1185,mRNA
41874,15075748,15076220,472,mRNA
41875,15073937,15074374,437,mRNA
41876,15073341,15073391,50,mRNA
41877,15072786,15072967,181,mRNA
41878,15071463,15072648,1185,mRNA
41879,15075748,15075940,192,CDS
41880,15073937,15074374,437,CDS
41881,15072272,15072648,376,CDS
41882,15075748,15075940,192,CDS
41883,15073937,15074374,437,CDS
41884,15073341,15073391,50,CDS
41885,15072272,15072648,376,CDS
41886,15075748,15075940,192,CDS
41887,15073937,15074374,437,CDS
41888,15072786,15072967,181,CDS
41889,15072505,15072648,143,CDS
41890,15075748,15075940,192,CDS
41891,15073937,15074374,437,CDS
41892,15073341,15073391,50,CDS
41893,15072786,15072967,181,CDS
41894,15072505,15072648,143,CDS
41895,15075748,15075940,192,CDS
41896,15073937,15074374,437,CDS
41897,15073341,15073391,50,CDS
41898,15072786,15072967,181,CDS
41899,15072505,15072648,143,CDS
41900,15076823,15077365,542,mobile_element
41901,15077498,15081255,3757,gene
41902,15077498,15081255,3757,ncRNA
41903,15079956,15080425,469,gene
41904,15079956,15080425,469,ncRNA
41905,15081367,15082369,1002,gene
41906,15081367,15081799,432,mRNA
41907,15081941,15082369,428,mRNA
41908,15081549,15081799,250,CDS
41909,15081941,15082193,252,CDS
41910,15082616,15083753,1137,gene
41911,15083107,15083753,646,ncRNA
41912,15082616,15083046,430,ncRNA
41913,15082827,15084017,1190,gene
41914,15082827,15083041,214,mRNA
41915,15083257,15083336,79,mRNA
41916,15083488,15084017,529,mRNA
41917,15082827,15083041,214,mRNA
41918,15083121,15083156,35,mRNA
41919,15083257,15083336,79,mRNA
41920,15083488,15083777,289,mRNA
41921,15082827,15083041,214,mRNA
41922,15083257,15083336,79,mRNA
41923,15083488,15083777,289,mRNA
41924,15082877,15083041,164,CDS
41925,15083121,15083156,35,CDS
41926,15083257,15083336,79,CDS
41927,15083488,15083740,252,CDS
41928,15082877,15083041,164,CDS
41929,15083257,15083336,79,CDS
41930,15083488,15083740,252,CDS
41931,15082877,15083041,164,CDS
41932,15083257,15083336,79,CDS
41933,15083488,15083740,252,CDS
41934,15084029,15084699,670,gene
41935,15084626,15084699,73,mRNA
41936,15084353,15084562,209,mRNA
41937,15084029,15084265,236,mRNA
41938,15084353,15084534,181,CDS
41939,15084181,15084265,84,CDS
41940,15085159,15085827,668,gene
41941,15085788,15085827,39,mRNA
41942,15085159,15085720,561,mRNA
41943,15085788,15085790,2,CDS
41944,15085181,15085720,539,CDS
41945,15086125,15088629,2504,gene
41946,15086125,15086298,173,mRNA
41947,15086803,15087486,683,mRNA
41948,15087553,15087951,398,mRNA
41949,15088015,15088629,614,mRNA
41950,15086227,15086298,71,CDS
41951,15086803,15087486,683,CDS
41952,15087553,15087951,398,CDS
41953,15088015,15088248,233,CDS
41954,15089682,15113762,24080,gene
41955,15089682,15089961,279,mRNA
41956,15093238,15093375,137,mRNA
41957,15093556,15093968,412,mRNA
41958,15094094,15094613,519,mRNA
41959,15094667,15095028,361,mRNA
41960,15095087,15095213,126,mRNA
41961,15096863,15096895,32,mRNA
41962,15097456,15097550,94,mRNA
41963,15097628,15098765,1137,mRNA
41964,15098834,15099037,203,mRNA
41965,15099249,15099299,50,mRNA
41966,15099813,15100182,369,mRNA
41967,15100243,15100628,385,mRNA
41968,15100690,15101172,482,mRNA
41969,15101600,15101695,95,mRNA
41970,15102013,15102270,257,mRNA
41971,15102329,15102568,239,mRNA
41972,15102633,15102905,272,mRNA
41973,15102977,15103144,167,mRNA
41974,15106441,15106449,8,mRNA
41975,15109697,15109769,72,mRNA
41976,15109847,15109893,46,mRNA
41977,15111068,15113762,2694,mRNA
41978,15089682,15089961,279,mRNA
41979,15093238,15093375,137,mRNA
41980,15093556,15093968,412,mRNA
41981,15094094,15094613,519,mRNA
41982,15094667,15095028,361,mRNA
41983,15095087,15095213,126,mRNA
41984,15096863,15096895,32,mRNA
41985,15097456,15097550,94,mRNA
41986,15097628,15098765,1137,mRNA
41987,15098834,15099037,203,mRNA
41988,15099249,15099299,50,mRNA
41989,15099813,15100182,369,mRNA
41990,15100243,15100628,385,mRNA
41991,15100690,15101172,482,mRNA
41992,15102013,15102270,257,mRNA
41993,15102329,15102568,239,mRNA
41994,15102633,15102905,272,mRNA
41995,15102977,15103144,167,mRNA
41996,15106441,15106449,8,mRNA
41997,15109697,15109769,72,mRNA
41998,15109847,15109893,46,mRNA
41999,15111068,15113762,2694,mRNA
42000,15089682,15089961,279,mRNA
42001,15093238,15093375,137,mRNA
42002,15093556,15093968,412,mRNA
42003,15094070,15094613,543,mRNA
42004,15094667,15095028,361,mRNA
42005,15095087,15095213,126,mRNA
42006,15097456,15097550,94,mRNA
42007,15097628,15098765,1137,mRNA
42008,15098834,15099037,203,mRNA
42009,15099813,15100182,369,mRNA
42010,15100243,15100628,385,mRNA
42011,15100690,15101172,482,mRNA
42012,15101600,15101695,95,mRNA
42013,15102013,15102270,257,mRNA
42014,15102329,15102568,239,mRNA
42015,15102633,15102905,272,mRNA
42016,15102977,15103144,167,mRNA
42017,15109697,15109769,72,mRNA
42018,15109847,15109893,46,mRNA
42019,15111068,15113744,2676,mRNA
42020,15089682,15089961,279,mRNA
42021,15093238,15093375,137,mRNA
42022,15093556,15093968,412,mRNA
42023,15094094,15094613,519,mRNA
42024,15094667,15095028,361,mRNA
42025,15095087,15095213,126,mRNA
42026,15096863,15096895,32,mRNA
42027,15097456,15097550,94,mRNA
42028,15097628,15098765,1137,mRNA
42029,15098834,15099037,203,mRNA
42030,15099813,15100182,369,mRNA
42031,15100243,15100628,385,mRNA
42032,15100690,15101172,482,mRNA
42033,15102013,15102270,257,mRNA
42034,15102329,15102568,239,mRNA
42035,15102633,15102905,272,mRNA
42036,15102977,15103144,167,mRNA
42037,15109697,15109769,72,mRNA
42038,15109847,15109893,46,mRNA
42039,15111068,15113744,2676,mRNA
42040,15089682,15089961,279,mRNA
42041,15093238,15093375,137,mRNA
42042,15093556,15093968,412,mRNA
42043,15094094,15094613,519,mRNA
42044,15094667,15095028,361,mRNA
42045,15095087,15095213,126,mRNA
42046,15096863,15096895,32,mRNA
42047,15097456,15097550,94,mRNA
42048,15097628,15098765,1137,mRNA
42049,15098834,15099037,203,mRNA
42050,15099813,15100182,369,mRNA
42051,15100243,15100628,385,mRNA
42052,15100690,15101172,482,mRNA
42053,15102013,15102270,257,mRNA
42054,15102329,15102568,239,mRNA
42055,15102633,15102905,272,mRNA
42056,15102977,15103144,167,mRNA
42057,15109697,15109769,72,mRNA
42058,15109847,15109893,46,mRNA
42059,15111068,15113744,2676,mRNA
42060,15089682,15089961,279,mRNA
42061,15093238,15093375,137,mRNA
42062,15093556,15093968,412,mRNA
42063,15094094,15094613,519,mRNA
42064,15094667,15095028,361,mRNA
42065,15095087,15095213,126,mRNA
42066,15097456,15097550,94,mRNA
42067,15097628,15098765,1137,mRNA
42068,15098834,15099037,203,mRNA
42069,15099813,15100182,369,mRNA
42070,15100243,15100628,385,mRNA
42071,15100690,15101172,482,mRNA
42072,15102013,15102270,257,mRNA
42073,15102329,15102568,239,mRNA
42074,15102633,15102905,272,mRNA
42075,15102977,15103144,167,mRNA
42076,15109697,15109769,72,mRNA
42077,15109847,15109893,46,mRNA
42078,15110464,15110670,206,mRNA
42079,15111068,15113744,2676,mRNA
42080,15089682,15089961,279,mRNA
42081,15093238,15093375,137,mRNA
42082,15093556,15093968,412,mRNA
42083,15094094,15094613,519,mRNA
42084,15094667,15095028,361,mRNA
42085,15095087,15095213,126,mRNA
42086,15097456,15097550,94,mRNA
42087,15097628,15098765,1137,mRNA
42088,15098834,15099037,203,mRNA
42089,15099813,15100182,369,mRNA
42090,15100243,15100628,385,mRNA
42091,15100690,15101172,482,mRNA
42092,15102013,15102270,257,mRNA
42093,15102329,15102568,239,mRNA
42094,15102633,15102905,272,mRNA
42095,15102977,15103144,167,mRNA
42096,15109697,15109769,72,mRNA
42097,15109847,15109893,46,mRNA
42098,15111068,15113744,2676,mRNA
42099,15089682,15089961,279,mRNA
42100,15093238,15093375,137,mRNA
42101,15093556,15093968,412,mRNA
42102,15094103,15094613,510,mRNA
42103,15094667,15095028,361,mRNA
42104,15095087,15095213,126,mRNA
42105,15097456,15097550,94,mRNA
42106,15097628,15098765,1137,mRNA
42107,15098834,15099037,203,mRNA
42108,15099249,15099299,50,mRNA
42109,15099813,15100182,369,mRNA
42110,15100243,15100628,385,mRNA
42111,15100690,15101172,482,mRNA
42112,15101600,15101695,95,mRNA
42113,15102013,15102270,257,mRNA
42114,15102329,15102568,239,mRNA
42115,15102633,15102905,272,mRNA
42116,15102977,15103144,167,mRNA
42117,15109697,15109769,72,mRNA
42118,15109847,15109893,46,mRNA
42119,15111068,15113744,2676,mRNA
42120,15089682,15089961,279,mRNA
42121,15093238,15093375,137,mRNA
42122,15093556,15093968,412,mRNA
42123,15094094,15094613,519,mRNA
42124,15094667,15095028,361,mRNA
42125,15095087,15095213,126,mRNA
42126,15096863,15096895,32,mRNA
42127,15097456,15097550,94,mRNA
42128,15097628,15098765,1137,mRNA
42129,15098834,15099037,203,mRNA
42130,15099249,15099299,50,mRNA
42131,15099813,15100182,369,mRNA
42132,15100243,15100628,385,mRNA
42133,15100690,15101172,482,mRNA
42134,15101600,15101695,95,mRNA
42135,15102013,15102270,257,mRNA
42136,15102329,15102568,239,mRNA
42137,15102633,15102905,272,mRNA
42138,15102977,15103144,167,mRNA
42139,15106441,15106449,8,mRNA
42140,15109697,15109769,72,mRNA
42141,15109847,15109893,46,mRNA
42142,15110464,15110699,235,mRNA
42143,15089682,15089961,279,mRNA
42144,15093238,15093375,137,mRNA
42145,15093556,15093968,412,mRNA
42146,15094094,15094613,519,mRNA
42147,15094667,15095028,361,mRNA
42148,15095087,15095213,126,mRNA
42149,15097456,15097550,94,mRNA
42150,15097628,15098765,1137,mRNA
42151,15098834,15099037,203,mRNA
42152,15099813,15100182,369,mRNA
42153,15100243,15100628,385,mRNA
42154,15100690,15101172,482,mRNA
42155,15102013,15102270,257,mRNA
42156,15102329,15102568,239,mRNA
42157,15102633,15102905,272,mRNA
42158,15102977,15103144,167,mRNA
42159,15106441,15106449,8,mRNA
42160,15109697,15109769,72,mRNA
42161,15109847,15109893,46,mRNA
42162,15110464,15110699,235,mRNA
42163,15093253,15093375,122,CDS
42164,15093556,15093968,412,CDS
42165,15094094,15094613,519,CDS
42166,15094667,15095028,361,CDS
42167,15095087,15095213,126,CDS
42168,15096863,15096895,32,CDS
42169,15097456,15097550,94,CDS
42170,15097628,15098765,1137,CDS
42171,15098834,15099037,203,CDS
42172,15099813,15100182,369,CDS
42173,15100243,15100628,385,CDS
42174,15100690,15101172,482,CDS
42175,15102013,15102270,257,CDS
42176,15102329,15102568,239,CDS
42177,15102633,15102905,272,CDS
42178,15102977,15103144,167,CDS
42179,15109697,15109769,72,CDS
42180,15109847,15109893,46,CDS
42181,15111068,15112219,1151,CDS
42182,15093253,15093375,122,CDS
42183,15093556,15093968,412,CDS
42184,15094070,15094613,543,CDS
42185,15094667,15095028,361,CDS
42186,15095087,15095213,126,CDS
42187,15097456,15097550,94,CDS
42188,15097628,15098765,1137,CDS
42189,15098834,15099037,203,CDS
42190,15099813,15100182,369,CDS
42191,15100243,15100628,385,CDS
42192,15100690,15101172,482,CDS
42193,15101600,15101695,95,CDS
42194,15102013,15102270,257,CDS
42195,15102329,15102568,239,CDS
42196,15102633,15102905,272,CDS
42197,15102977,15103144,167,CDS
42198,15109697,15109769,72,CDS
42199,15109847,15109893,46,CDS
42200,15111068,15112042,974,CDS
42201,15093253,15093375,122,CDS
42202,15093556,15093968,412,CDS
42203,15094094,15094613,519,CDS
42204,15094667,15095028,361,CDS
42205,15095087,15095213,126,CDS
42206,15096863,15096895,32,CDS
42207,15097456,15097550,94,CDS
42208,15097628,15098765,1137,CDS
42209,15098834,15099037,203,CDS
42210,15099249,15099299,50,CDS
42211,15099813,15100182,369,CDS
42212,15100243,15100628,385,CDS
42213,15100690,15101172,482,CDS
42214,15101600,15101695,95,CDS
42215,15102013,15102270,257,CDS
42216,15102329,15102568,239,CDS
42217,15102633,15102905,272,CDS
42218,15102977,15103144,167,CDS
42219,15106441,15106449,8,CDS
42220,15109697,15109769,72,CDS
42221,15109847,15109893,46,CDS
42222,15111068,15112042,974,CDS
42223,15093253,15093375,122,CDS
42224,15093556,15093968,412,CDS
42225,15094094,15094613,519,CDS
42226,15094667,15095028,361,CDS
42227,15095087,15095213,126,CDS
42228,15096863,15096895,32,CDS
42229,15097456,15097550,94,CDS
42230,15097628,15098765,1137,CDS
42231,15098834,15099037,203,CDS
42232,15099249,15099299,50,CDS
42233,15099813,15100182,369,CDS
42234,15100243,15100628,385,CDS
42235,15100690,15101172,482,CDS
42236,15102013,15102270,257,CDS
42237,15102329,15102568,239,CDS
42238,15102633,15102905,272,CDS
42239,15102977,15103144,167,CDS
42240,15106441,15106449,8,CDS
42241,15109697,15109769,72,CDS
42242,15109847,15109893,46,CDS
42243,15111068,15112042,974,CDS
42244,15093253,15093375,122,CDS
42245,15093556,15093968,412,CDS
42246,15094094,15094613,519,CDS
42247,15094667,15095028,361,CDS
42248,15095087,15095213,126,CDS
42249,15096863,15096895,32,CDS
42250,15097456,15097550,94,CDS
42251,15097628,15098765,1137,CDS
42252,15098834,15099037,203,CDS
42253,15099813,15100182,369,CDS
42254,15100243,15100628,385,CDS
42255,15100690,15101172,482,CDS
42256,15102013,15102270,257,CDS
42257,15102329,15102568,239,CDS
42258,15102633,15102905,272,CDS
42259,15102977,15103144,167,CDS
42260,15109697,15109769,72,CDS
42261,15109847,15109893,46,CDS
42262,15111068,15112042,974,CDS
42263,15093253,15093375,122,CDS
42264,15093556,15093968,412,CDS
42265,15094094,15094613,519,CDS
42266,15094667,15095028,361,CDS
42267,15095087,15095213,126,CDS
42268,15097456,15097550,94,CDS
42269,15097628,15098765,1137,CDS
42270,15098834,15099037,203,CDS
42271,15099813,15100182,369,CDS
42272,15100243,15100628,385,CDS
42273,15100690,15101172,482,CDS
42274,15102013,15102270,257,CDS
42275,15102329,15102568,239,CDS
42276,15102633,15102905,272,CDS
42277,15102977,15103144,167,CDS
42278,15109697,15109769,72,CDS
42279,15109847,15109893,46,CDS
42280,15111068,15112042,974,CDS
42281,15093253,15093375,122,CDS
42282,15093556,15093968,412,CDS
42283,15094103,15094613,510,CDS
42284,15094667,15095028,361,CDS
42285,15095087,15095213,126,CDS
42286,15097456,15097550,94,CDS
42287,15097628,15098765,1137,CDS
42288,15098834,15099037,203,CDS
42289,15099249,15099299,50,CDS
42290,15099813,15100182,369,CDS
42291,15100243,15100628,385,CDS
42292,15100690,15101172,482,CDS
42293,15101600,15101695,95,CDS
42294,15102013,15102270,257,CDS
42295,15102329,15102568,239,CDS
42296,15102633,15102905,272,CDS
42297,15102977,15103144,167,CDS
42298,15109697,15109769,72,CDS
42299,15109847,15109893,46,CDS
42300,15111068,15112042,974,CDS
42301,15093253,15093375,122,CDS
42302,15093556,15093968,412,CDS
42303,15094094,15094613,519,CDS
42304,15094667,15095028,361,CDS
42305,15095087,15095213,126,CDS
42306,15096863,15096895,32,CDS
42307,15097456,15097550,94,CDS
42308,15097628,15098765,1137,CDS
42309,15098834,15099037,203,CDS
42310,15099249,15099299,50,CDS
42311,15099813,15100182,369,CDS
42312,15100243,15100628,385,CDS
42313,15100690,15101172,482,CDS
42314,15101600,15101695,95,CDS
42315,15102013,15102270,257,CDS
42316,15102329,15102568,239,CDS
42317,15102633,15102905,272,CDS
42318,15102977,15103144,167,CDS
42319,15106441,15106449,8,CDS
42320,15109697,15109769,72,CDS
42321,15109847,15109893,46,CDS
42322,15110464,15110643,179,CDS
42323,15093253,15093375,122,CDS
42324,15093556,15093968,412,CDS
42325,15094094,15094613,519,CDS
42326,15094667,15095028,361,CDS
42327,15095087,15095213,126,CDS
42328,15097456,15097550,94,CDS
42329,15097628,15098765,1137,CDS
42330,15098834,15099037,203,CDS
42331,15099813,15100182,369,CDS
42332,15100243,15100628,385,CDS
42333,15100690,15101172,482,CDS
42334,15102013,15102270,257,CDS
42335,15102329,15102568,239,CDS
42336,15102633,15102905,272,CDS
42337,15102977,15103144,167,CDS
42338,15106441,15106449,8,CDS
42339,15109697,15109769,72,CDS
42340,15109847,15109893,46,CDS
42341,15110464,15110643,179,CDS
42342,15093253,15093375,122,CDS
42343,15093556,15093968,412,CDS
42344,15094094,15094613,519,CDS
42345,15094667,15095028,361,CDS
42346,15095087,15095213,126,CDS
42347,15097456,15097550,94,CDS
42348,15097628,15098765,1137,CDS
42349,15098834,15099037,203,CDS
42350,15099813,15100182,369,CDS
42351,15100243,15100628,385,CDS
42352,15100690,15101172,482,CDS
42353,15102013,15102270,257,CDS
42354,15102329,15102568,239,CDS
42355,15102633,15102905,272,CDS
42356,15102977,15103144,167,CDS
42357,15109697,15109769,72,CDS
42358,15109847,15109893,46,CDS
42359,15110464,15110643,179,CDS
42360,15095458,15096042,584,gene
42361,15095458,15096042,584,mRNA
42362,15095510,15095959,449,CDS
42363,15113302,15116542,3240,gene
42364,15116222,15116542,320,mRNA
42365,15115472,15115925,453,mRNA
42366,15114698,15115404,706,mRNA
42367,15113302,15114107,805,mRNA
42368,15116222,15116372,150,CDS
42369,15115472,15115925,453,CDS
42370,15114698,15115404,706,CDS
42371,15113932,15114107,175,CDS
42372,15125753,15137311,11558,gene
42373,15125753,15126408,655,mRNA
42374,15131570,15131716,146,mRNA
42375,15133271,15133533,262,mRNA
42376,15134762,15135050,288,mRNA
42377,15135115,15135460,345,mRNA
42378,15135525,15135887,362,mRNA
42379,15135959,15136275,316,mRNA
42380,15136342,15136490,148,mRNA
42381,15136562,15137311,749,mRNA
42382,15126033,15126408,375,CDS
42383,15131570,15131716,146,CDS
42384,15133271,15133533,262,CDS
42385,15134762,15135050,288,CDS
42386,15135115,15135460,345,CDS
42387,15135525,15135887,362,CDS
42388,15135959,15136275,316,CDS
42389,15136342,15136490,148,CDS
42390,15136562,15136795,233,CDS
42391,15137870,15139367,1497,gene
42392,15139252,15139367,115,mRNA
42393,15138979,15139114,135,mRNA
42394,15137870,15138913,1043,mRNA
42395,15139252,15139367,115,mRNA
42396,15138979,15139114,135,mRNA
42397,15138601,15138913,312,mRNA
42398,15139252,15139254,2,CDS
42399,15138979,15139114,135,CDS
42400,15138771,15138913,142,CDS
42401,15139252,15139254,2,CDS
42402,15138979,15139114,135,CDS
42403,15138771,15138913,142,CDS
42404,15139937,15163225,23288,gene
42405,15162555,15163225,670,mRNA
42406,15150692,15150868,176,mRNA
42407,15148069,15148281,212,mRNA
42408,15145636,15146454,818,mRNA
42409,15145357,15145536,179,mRNA
42410,15144879,15145283,404,mRNA
42411,15144251,15144731,480,mRNA
42412,15141897,15141998,101,mRNA
42413,15141612,15141770,158,mRNA
42414,15139937,15141520,1583,mRNA
42415,15162555,15163225,670,mRNA
42416,15150692,15150868,176,mRNA
42417,15148069,15148281,212,mRNA
42418,15145636,15146454,818,mRNA
42419,15145357,15145536,179,mRNA
42420,15144879,15145283,404,mRNA
42421,15144251,15144731,480,mRNA
42422,15141897,15141998,101,mRNA
42423,15141612,15141770,158,mRNA
42424,15139937,15141520,1583,mRNA
42425,15162555,15163225,670,mRNA
42426,15150692,15150868,176,mRNA
42427,15148069,15148281,212,mRNA
42428,15145636,15146454,818,mRNA
42429,15145357,15145536,179,mRNA
42430,15144879,15145283,404,mRNA
42431,15144251,15144731,480,mRNA
42432,15141897,15141998,101,mRNA
42433,15141612,15141770,158,mRNA
42434,15139937,15141538,1601,mRNA
42435,15162555,15163225,670,mRNA
42436,15150692,15150868,176,mRNA
42437,15148069,15148281,212,mRNA
42438,15145636,15146454,818,mRNA
42439,15145357,15145536,179,mRNA
42440,15144879,15145283,404,mRNA
42441,15144251,15144731,480,mRNA
42442,15142724,15143281,557,mRNA
42443,15141897,15141998,101,mRNA
42444,15141612,15141770,158,mRNA
42445,15139937,15141520,1583,mRNA
42446,15162555,15162654,99,CDS
42447,15150692,15150868,176,CDS
42448,15148069,15148281,212,CDS
42449,15145636,15146454,818,CDS
42450,15145357,15145536,179,CDS
42451,15144879,15145283,404,CDS
42452,15144251,15144731,480,CDS
42453,15141897,15141998,101,CDS
42454,15141612,15141770,158,CDS
42455,15141250,15141520,270,CDS
42456,15162555,15162654,99,CDS
42457,15150692,15150868,176,CDS
42458,15148069,15148281,212,CDS
42459,15145636,15146454,818,CDS
42460,15145357,15145536,179,CDS
42461,15144879,15145283,404,CDS
42462,15144251,15144731,480,CDS
42463,15141897,15141998,101,CDS
42464,15141612,15141770,158,CDS
42465,15141289,15141520,231,CDS
42466,15162555,15162654,99,CDS
42467,15150692,15150868,176,CDS
42468,15148069,15148281,212,CDS
42469,15145636,15146454,818,CDS
42470,15145357,15145536,179,CDS
42471,15144879,15145283,404,CDS
42472,15144251,15144731,480,CDS
42473,15141897,15141998,101,CDS
42474,15141612,15141770,158,CDS
42475,15141289,15141538,249,CDS
42476,15162555,15162654,99,CDS
42477,15150692,15150868,176,CDS
42478,15148069,15148281,212,CDS
42479,15145636,15146454,818,CDS
42480,15145357,15145536,179,CDS
42481,15144879,15145283,404,CDS
42482,15144251,15144731,480,CDS
42483,15142724,15143281,557,CDS
42484,15141897,15141998,101,CDS
42485,15141612,15141770,158,CDS
42486,15141289,15141520,231,CDS
42487,15175441,15189931,14490,gene
42488,15175441,15175551,110,mRNA
42489,15175811,15175999,188,mRNA
42490,15177693,15181333,3640,mRNA
42491,15181411,15181498,87,mRNA
42492,15183999,15184083,84,mRNA
42493,15184806,15185171,365,mRNA
42494,15186286,15189931,3645,mRNA
42495,15175441,15175551,110,mRNA
42496,15175811,15175999,188,mRNA
42497,15177693,15181333,3640,mRNA
42498,15181411,15181498,87,mRNA
42499,15183999,15184083,84,mRNA
42500,15186286,15189931,3645,mRNA
42501,15178477,15181333,2856,CDS
42502,15181411,15181498,87,CDS
42503,15183999,15184083,84,CDS
42504,15184806,15185171,365,CDS
42505,15186286,15187707,1421,CDS
42506,15178477,15181333,2856,CDS
42507,15181411,15181498,87,CDS
42508,15183999,15184083,84,CDS
42509,15186286,15187707,1421,CDS
42510,15205807,15206636,829,gene
42511,15206394,15206636,242,mRNA
42512,15206169,15206318,149,mRNA
42513,15205807,15206090,283,mRNA
42514,15206394,15206555,161,CDS
42515,15206169,15206318,149,CDS
42516,15205890,15206090,200,CDS
42517,15210386,15211467,1081,gene
42518,15210386,15211467,1081,mRNA
42519,15210386,15211377,991,mRNA
42520,15210456,15211334,878,CDS
42521,15210456,15211334,878,CDS
42522,15220271,15221176,905,gene
42523,15220937,15221176,239,mRNA
42524,15220693,15220857,164,mRNA
42525,15220271,15220622,351,mRNA
42526,15220937,15221098,161,CDS
42527,15220693,15220857,164,CDS
42528,15220425,15220622,197,CDS
42529,15222657,15223582,925,gene
42530,15223373,15223582,209,mRNA
42531,15223149,15223310,161,mRNA
42532,15222657,15223055,398,mRNA
42533,15223373,15223483,110,CDS
42534,15223149,15223310,161,CDS
42535,15222846,15223055,209,CDS
42536,15225513,15226256,743,gene
42537,15225513,15226256,743,ncRNA
42538,15228744,15229875,1131,gene
42539,15229435,15229875,440,mRNA
42540,15228744,15229342,598,mRNA
42541,15229435,15229691,256,CDS
42542,15229003,15229342,339,CDS
42543,15243859,15244913,1054,gene
42544,15243859,15244913,1054,mRNA
42545,15243908,15244837,929,CDS
42546,15271036,15272405,1369,gene
42547,15271987,15272405,418,mRNA
42548,15271036,15271856,820,mRNA
42549,15271987,15272405,418,mRNA
42550,15271036,15271914,878,mRNA
42551,15271399,15271830,431,CDS
42552,15271399,15271830,431,CDS
42553,15273761,15274867,1106,mobile_element
42554,15289362,15289705,343,gene
42555,15289362,15289705,343,ncRNA
42556,15290317,15290755,438,gene
42557,15290317,15290755,438,ncRNA
42558,15293031,15297169,4138,gene
42559,15293031,15293893,862,mRNA
42560,15294337,15297169,2832,mRNA
42561,15293031,15293893,862,mRNA
42562,15294337,15296644,2307,mRNA
42563,15293156,15293893,737,CDS
42564,15294337,15296553,2216,CDS
42565,15293156,15293893,737,CDS
42566,15294337,15296553,2216,CDS
42567,15294125,15294266,141,mRNA
42568,15294337,15297169,2832,mRNA
42569,15294358,15296553,2195,CDS
42570,15297312,15298217,905,gene
42571,15298037,15298217,180,ncRNA
42572,15297312,15297932,620,ncRNA
42573,15297766,15319074,21308,gene
42574,15297766,15297936,170,mRNA
42575,15305829,15306579,750,mRNA
42576,15310378,15311216,838,mRNA
42577,15315087,15315250,163,mRNA
42578,15315330,15315684,354,mRNA
42579,15315787,15315979,192,mRNA
42580,15316119,15316350,231,mRNA
42581,15316421,15317233,812,mRNA
42582,15317343,15317482,139,mRNA
42583,15317613,15319074,1461,mRNA
42584,15299009,15299583,574,mRNA
42585,15305829,15306579,750,mRNA
42586,15310378,15311216,838,mRNA
42587,15315087,15315250,163,mRNA
42588,15315330,15315684,354,mRNA
42589,15315787,15315979,192,mRNA
42590,15316119,15316350,231,mRNA
42591,15316421,15317233,812,mRNA
42592,15317343,15317482,139,mRNA
42593,15317613,15319074,1461,mRNA
42594,15299009,15299107,98,mRNA
42595,15306269,15306579,310,mRNA
42596,15310378,15311216,838,mRNA
42597,15315087,15315250,163,mRNA
42598,15315330,15315684,354,mRNA
42599,15315787,15315979,192,mRNA
42600,15316119,15316350,231,mRNA
42601,15316421,15317233,812,mRNA
42602,15317343,15317482,139,mRNA
42603,15317613,15319074,1461,mRNA
42604,15300509,15300622,113,mRNA
42605,15305829,15306579,750,mRNA
42606,15310378,15311216,838,mRNA
42607,15315087,15315250,163,mRNA
42608,15315330,15315684,354,mRNA
42609,15315787,15315979,192,mRNA
42610,15316119,15316350,231,mRNA
42611,15316421,15317233,812,mRNA
42612,15317343,15317482,139,mRNA
42613,15317613,15319074,1461,mRNA
42614,15310387,15311216,829,CDS
42615,15315087,15315250,163,CDS
42616,15315330,15315684,354,CDS
42617,15315787,15315979,192,CDS
42618,15316119,15316350,231,CDS
42619,15316421,15317233,812,CDS
42620,15317343,15317482,139,CDS
42621,15317613,15317765,152,CDS
42622,15310387,15311216,829,CDS
42623,15315087,15315250,163,CDS
42624,15315330,15315684,354,CDS
42625,15315787,15315979,192,CDS
42626,15316119,15316350,231,CDS
42627,15316421,15317233,812,CDS
42628,15317343,15317482,139,CDS
42629,15317613,15317765,152,CDS
42630,15310387,15311216,829,CDS
42631,15315087,15315250,163,CDS
42632,15315330,15315684,354,CDS
42633,15315787,15315979,192,CDS
42634,15316119,15316350,231,CDS
42635,15316421,15317233,812,CDS
42636,15317343,15317482,139,CDS
42637,15317613,15317765,152,CDS
42638,15310387,15311216,829,CDS
42639,15315087,15315250,163,CDS
42640,15315330,15315684,354,CDS
42641,15315787,15315979,192,CDS
42642,15316119,15316350,231,CDS
42643,15316421,15317233,812,CDS
42644,15317343,15317482,139,CDS
42645,15317613,15317765,152,CDS
42646,15315056,15317967,2911,gene
42647,15317395,15317967,572,ncRNA
42648,15315056,15317230,2174,ncRNA
42649,15319479,15328029,8550,gene
42650,15319479,15319807,328,mRNA
42651,15321154,15321371,217,mRNA
42652,15321861,15322827,966,mRNA
42653,15322899,15322975,76,mRNA
42654,15324071,15325200,1129,mRNA
42655,15325275,15325525,250,mRNA
42656,15325587,15325738,151,mRNA
42657,15325816,15326956,1140,mRNA
42658,15319492,15319807,315,mRNA
42659,15321154,15321371,217,mRNA
42660,15321861,15322827,966,mRNA
42661,15322899,15322975,76,mRNA
42662,15324071,15325200,1129,mRNA
42663,15325275,15325525,250,mRNA
42664,15325587,15325738,151,mRNA
42665,15325816,15328029,2213,mRNA
42666,15319781,15319807,26,CDS
42667,15321154,15321371,217,CDS
42668,15321861,15322827,966,CDS
42669,15322899,15322975,76,CDS
42670,15324071,15325200,1129,CDS
42671,15325275,15325525,250,CDS
42672,15325587,15325738,151,CDS
42673,15325816,15325918,102,CDS
42674,15319781,15319807,26,CDS
42675,15321154,15321371,217,CDS
42676,15321861,15322827,966,CDS
42677,15322899,15322975,76,CDS
42678,15324071,15325200,1129,CDS
42679,15325275,15325525,250,CDS
42680,15325587,15325738,151,CDS
42681,15325816,15325918,102,CDS
42682,15319954,15320037,83,gene
42683,15319954,15320037,83,precursor_RNA
42684,15319971,15319991,20,ncRNA
42685,15320005,15320026,21,ncRNA
42686,15320369,15321032,663,mRNA
42687,15321154,15321371,217,mRNA
42688,15321861,15322827,966,mRNA
42689,15322899,15322975,76,mRNA
42690,15324071,15325200,1129,mRNA
42691,15325275,15325525,250,mRNA
42692,15325587,15325738,151,mRNA
42693,15325816,15326956,1140,mRNA
42694,15321018,15321032,14,CDS
42695,15321154,15321371,217,CDS
42696,15321861,15322827,966,CDS
42697,15322899,15322975,76,CDS
42698,15324071,15325200,1129,CDS
42699,15325275,15325525,250,CDS
42700,15325587,15325738,151,CDS
42701,15325816,15325918,102,CDS
42702,15322846,15322975,129,mRNA
42703,15324071,15325200,1129,mRNA
42704,15325275,15325525,250,mRNA
42705,15325587,15325738,151,mRNA
42706,15325816,15326530,714,mRNA
42707,15322866,15322975,109,CDS
42708,15324071,15325200,1129,CDS
42709,15325275,15325525,250,CDS
42710,15325587,15325738,151,CDS
42711,15325816,15325918,102,CDS
42712,15323591,15323785,194,mRNA
42713,15324071,15325200,1129,mRNA
42714,15325275,15325525,250,mRNA
42715,15325587,15325738,151,mRNA
42716,15325816,15328029,2213,mRNA
42717,15323640,15323785,145,CDS
42718,15324071,15325200,1129,CDS
42719,15325275,15325525,250,CDS
42720,15325587,15325738,151,CDS
42721,15325816,15325918,102,CDS
42722,15326740,15326927,187,mobile_element
42723,15328342,15331002,2660,gene
42724,15328342,15328672,330,mRNA
42725,15328736,15328952,216,mRNA
42726,15329010,15329867,857,mRNA
42727,15329932,15330049,117,mRNA
42728,15330112,15330271,159,mRNA
42729,15330334,15331002,668,mRNA
42730,15328342,15328672,330,mRNA
42731,15328736,15328952,216,mRNA
42732,15329019,15329867,848,mRNA
42733,15329932,15330049,117,mRNA
42734,15330112,15330271,159,mRNA
42735,15330334,15331002,668,mRNA
42736,15328444,15328672,228,CDS
42737,15328736,15328952,216,CDS
42738,15329010,15329867,857,CDS
42739,15329932,15330049,117,CDS
42740,15330112,15330271,159,CDS
42741,15330334,15330701,367,CDS
42742,15328444,15328672,228,CDS
42743,15328736,15328952,216,CDS
42744,15329019,15329867,848,CDS
42745,15329932,15330049,117,CDS
42746,15330112,15330271,159,CDS
42747,15330334,15330701,367,CDS
42748,15330784,15333154,2370,gene
42749,15331544,15333154,1610,mRNA
42750,15330784,15331487,703,mRNA
42751,15331544,15332942,1398,CDS
42752,15331027,15331487,460,CDS
42753,15333310,15340360,7050,gene
42754,15333310,15334063,753,mRNA
42755,15334990,15335268,278,mRNA
42756,15335350,15335480,130,mRNA
42757,15335546,15335729,183,mRNA
42758,15336290,15336561,271,mRNA
42759,15336615,15338022,1407,mRNA
42760,15338072,15338704,632,mRNA
42761,15338837,15338924,87,mRNA
42762,15339627,15340360,733,mRNA
42763,15333310,15334063,753,mRNA
42764,15334990,15335268,278,mRNA
42765,15335350,15335480,130,mRNA
42766,15335546,15335729,183,mRNA
42767,15336290,15336561,271,mRNA
42768,15336615,15338022,1407,mRNA
42769,15338072,15338704,632,mRNA
42770,15338837,15338924,87,mRNA
42771,15339627,15340360,733,mRNA
42772,15334061,15334063,2,CDS
42773,15334990,15335268,278,CDS
42774,15335350,15335480,130,CDS
42775,15335546,15335729,183,CDS
42776,15336290,15336561,271,CDS
42777,15336615,15338022,1407,CDS
42778,15338072,15338704,632,CDS
42779,15338837,15338924,87,CDS
42780,15339627,15340168,541,CDS
42781,15334061,15334063,2,CDS
42782,15334990,15335268,278,CDS
42783,15335350,15335480,130,CDS
42784,15335546,15335729,183,CDS
42785,15336290,15336561,271,CDS
42786,15336615,15338022,1407,CDS
42787,15338072,15338704,632,CDS
42788,15338837,15338924,87,CDS
42789,15339627,15340015,388,CDS
42790,15334220,15334307,87,mRNA
42791,15334990,15335268,278,mRNA
42792,15335350,15335480,130,mRNA
42793,15335546,15335729,183,mRNA
42794,15336290,15336561,271,mRNA
42795,15336615,15338022,1407,mRNA
42796,15338072,15338704,632,mRNA
42797,15338837,15338924,87,mRNA
42798,15339627,15340360,733,mRNA
42799,15334478,15335268,790,mRNA
42800,15335350,15335480,130,mRNA
42801,15335546,15335729,183,mRNA
42802,15336290,15336561,271,mRNA
42803,15336615,15338022,1407,mRNA
42804,15338072,15338704,632,mRNA
42805,15338837,15338924,87,mRNA
42806,15339627,15340360,733,mRNA
42807,15334478,15335971,1493,gene
42808,15335289,15335971,682,ncRNA
42809,15334478,15335228,750,ncRNA
42810,15334478,15335752,1274,ncRNA
42811,15334556,15334674,118,mRNA
42812,15334990,15335268,278,mRNA
42813,15335350,15335480,130,mRNA
42814,15335546,15335729,183,mRNA
42815,15336290,15336561,271,mRNA
42816,15336615,15338022,1407,mRNA
42817,15338072,15338704,632,mRNA
42818,15338837,15338924,87,mRNA
42819,15339627,15340360,733,mRNA
42820,15334566,15334674,108,mRNA
42821,15334990,15335268,278,mRNA
42822,15335350,15335480,130,mRNA
42823,15335546,15335729,183,mRNA
42824,15336290,15336561,271,mRNA
42825,15336615,15338022,1407,mRNA
42826,15338072,15338704,632,mRNA
42827,15338837,15339092,255,mRNA
42828,15334651,15334674,23,CDS
42829,15334990,15335268,278,CDS
42830,15335350,15335480,130,CDS
42831,15335546,15335729,183,CDS
42832,15336290,15336561,271,CDS
42833,15336615,15338022,1407,CDS
42834,15338072,15338704,632,CDS
42835,15338837,15338924,87,CDS
42836,15339627,15340015,388,CDS
42837,15334651,15334674,23,CDS
42838,15334990,15335268,278,CDS
42839,15335350,15335480,130,CDS
42840,15335546,15335729,183,CDS
42841,15336290,15336561,271,CDS
42842,15336615,15338022,1407,CDS
42843,15338072,15338704,632,CDS
42844,15338837,15338974,137,CDS
42845,15334957,15335268,311,CDS
42846,15335350,15335480,130,CDS
42847,15335546,15335729,183,CDS
42848,15336290,15336561,271,CDS
42849,15336615,15338022,1407,CDS
42850,15338072,15338704,632,CDS
42851,15338837,15338924,87,CDS
42852,15339627,15340015,388,CDS
42853,15335047,15335268,221,CDS
42854,15335350,15335480,130,CDS
42855,15335546,15335729,183,CDS
42856,15336290,15336561,271,CDS
42857,15336615,15338022,1407,CDS
42858,15338072,15338704,632,CDS
42859,15338837,15338924,87,CDS
42860,15339627,15340015,388,CDS
42861,15335141,15335268,127,mRNA
42862,15335350,15335480,130,mRNA
42863,15335546,15335729,183,mRNA
42864,15336290,15336561,271,mRNA
42865,15336615,15338022,1407,mRNA
42866,15338072,15338665,593,mRNA
42867,15339627,15340360,733,mRNA
42868,15335212,15335268,56,CDS
42869,15335350,15335480,130,CDS
42870,15335546,15335729,183,CDS
42871,15336290,15336561,271,CDS
42872,15336615,15338022,1407,CDS
42873,15338072,15338665,593,CDS
42874,15339627,15339632,5,CDS
42875,15340373,15342117,1744,gene
42876,15341222,15342117,895,mRNA
42877,15341086,15341162,76,mRNA
42878,15340373,15340991,618,mRNA
42879,15341222,15341980,758,CDS
42880,15341086,15341162,76,CDS
42881,15340523,15340991,468,CDS
42882,15342857,15344625,1768,gene
42883,15343733,15344625,892,mRNA
42884,15343597,15343673,76,mRNA
42885,15342857,15343502,645,mRNA
42886,15343733,15344491,758,CDS
42887,15343597,15343673,76,CDS
42888,15343007,15343502,495,CDS
42889,15345169,15350021,4852,gene
42890,15345169,15345422,253,mRNA
42891,15345488,15345763,275,mRNA
42892,15346098,15347334,1236,mRNA
42893,15347476,15348476,1000,mRNA
42894,15348539,15350021,1482,mRNA
42895,15345406,15345422,16,CDS
42896,15345488,15345763,275,CDS
42897,15346098,15347334,1236,CDS
42898,15347476,15348476,1000,CDS
42899,15348539,15349682,1143,CDS
42900,15350239,15379064,28825,gene
42901,15378189,15379064,875,mRNA
42902,15371512,15371688,176,mRNA
42903,15354755,15354953,198,mRNA
42904,15354536,15354676,140,mRNA
42905,15354227,15354458,231,mRNA
42906,15353225,15353388,163,mRNA
42907,15352334,15353167,833,mRNA
42908,15350239,15351958,1719,mRNA
42909,15378189,15379064,875,mRNA
42910,15377561,15377593,32,mRNA
42911,15372152,15372208,56,mRNA
42912,15371512,15371688,176,mRNA
42913,15354755,15354953,198,mRNA
42914,15354536,15354676,140,mRNA
42915,15354227,15354458,231,mRNA
42916,15353225,15353382,157,mRNA
42917,15352334,15353167,833,mRNA
42918,15351148,15351958,810,mRNA
42919,15378189,15379064,875,mRNA
42920,15371512,15371688,176,mRNA
42921,15354755,15354932,177,mRNA
42922,15354536,15354676,140,mRNA
42923,15354227,15354458,231,mRNA
42924,15353225,15353382,157,mRNA
42925,15352357,15353167,810,mRNA
42926,15378189,15379064,875,mRNA
42927,15371512,15371688,176,mRNA
42928,15354755,15354932,177,mRNA
42929,15354536,15354676,140,mRNA
42930,15354227,15354458,231,mRNA
42931,15353225,15353388,163,mRNA
42932,15352357,15353167,810,mRNA
42933,15378189,15379064,875,mRNA
42934,15371512,15371688,176,mRNA
42935,15354755,15354953,198,mRNA
42936,15354536,15354676,140,mRNA
42937,15354227,15354458,231,mRNA
42938,15353225,15353382,157,mRNA
42939,15352357,15353167,810,mRNA
42940,15378189,15379064,875,mRNA
42941,15372152,15372208,56,mRNA
42942,15371512,15371688,176,mRNA
42943,15354755,15354932,177,mRNA
42944,15354536,15354676,140,mRNA
42945,15354227,15354458,231,mRNA
42946,15353225,15353382,157,mRNA
42947,15352357,15353167,810,mRNA
42948,15378189,15379064,875,mRNA
42949,15372152,15372208,56,mRNA
42950,15371512,15371688,176,mRNA
42951,15354755,15354932,177,mRNA
42952,15354536,15354676,140,mRNA
42953,15354227,15354458,231,mRNA
42954,15353225,15353388,163,mRNA
42955,15352357,15353167,810,mRNA
42956,15378189,15379064,875,mRNA
42957,15372152,15372208,56,mRNA
42958,15371512,15371688,176,mRNA
42959,15354755,15354953,198,mRNA
42960,15354536,15354676,140,mRNA
42961,15354227,15354458,231,mRNA
42962,15353225,15353382,157,mRNA
42963,15352357,15353167,810,mRNA
42964,15378189,15379064,875,mRNA
42965,15377561,15377593,32,mRNA
42966,15371512,15371688,176,mRNA
42967,15354755,15354932,177,mRNA
42968,15354536,15354676,140,mRNA
42969,15354227,15354458,231,mRNA
42970,15353225,15353382,157,mRNA
42971,15352357,15353167,810,mRNA
42972,15378189,15379064,875,mRNA
42973,15377561,15377593,32,mRNA
42974,15371512,15371688,176,mRNA
42975,15354755,15354932,177,mRNA
42976,15354536,15354676,140,mRNA
42977,15354227,15354458,231,mRNA
42978,15353225,15353388,163,mRNA
42979,15352357,15353167,810,mRNA
42980,15378189,15379064,875,mRNA
42981,15377561,15377593,32,mRNA
42982,15371512,15371688,176,mRNA
42983,15354755,15354953,198,mRNA
42984,15354536,15354676,140,mRNA
42985,15354227,15354458,231,mRNA
42986,15353225,15353382,157,mRNA
42987,15352357,15353167,810,mRNA
42988,15378189,15379064,875,mRNA
42989,15377561,15377593,32,mRNA
42990,15372152,15372208,56,mRNA
42991,15371512,15371688,176,mRNA
42992,15354755,15354932,177,mRNA
42993,15354536,15354676,140,mRNA
42994,15354227,15354458,231,mRNA
42995,15353225,15353382,157,mRNA
42996,15352357,15353167,810,mRNA
42997,15378189,15379064,875,mRNA
42998,15377561,15377593,32,mRNA
42999,15372152,15372208,56,mRNA
43000,15371512,15371688,176,mRNA
43001,15354755,15354953,198,mRNA
43002,15354536,15354676,140,mRNA
43003,15354227,15354458,231,mRNA
43004,15353225,15353388,163,mRNA
43005,15352357,15353167,810,mRNA
43006,15378189,15378314,125,CDS
43007,15371512,15371688,176,CDS
43008,15354755,15354932,177,CDS
43009,15354536,15354676,140,CDS
43010,15354227,15354458,231,CDS
43011,15353225,15353382,157,CDS
43012,15353106,15353167,61,CDS
43013,15378189,15378314,125,CDS
43014,15371512,15371688,176,CDS
43015,15354755,15354932,177,CDS
43016,15354536,15354676,140,CDS
43017,15354227,15354458,231,CDS
43018,15353225,15353388,163,CDS
43019,15353106,15353167,61,CDS
43020,15378189,15378314,125,CDS
43021,15371512,15371688,176,CDS
43022,15354755,15354953,198,CDS
43023,15354536,15354676,140,CDS
43024,15354227,15354458,231,CDS
43025,15353225,15353382,157,CDS
43026,15353106,15353167,61,CDS
43027,15378189,15378314,125,CDS
43028,15371512,15371688,176,CDS
43029,15354755,15354953,198,CDS
43030,15354536,15354676,140,CDS
43031,15354227,15354458,231,CDS
43032,15353225,15353388,163,CDS
43033,15353106,15353167,61,CDS
43034,15378189,15378314,125,CDS
43035,15372152,15372208,56,CDS
43036,15371512,15371688,176,CDS
43037,15354755,15354932,177,CDS
43038,15354536,15354676,140,CDS
43039,15354227,15354458,231,CDS
43040,15353225,15353382,157,CDS
43041,15353106,15353167,61,CDS
43042,15378189,15378314,125,CDS
43043,15372152,15372208,56,CDS
43044,15371512,15371688,176,CDS
43045,15354755,15354932,177,CDS
43046,15354536,15354676,140,CDS
43047,15354227,15354458,231,CDS
43048,15353225,15353388,163,CDS
43049,15353106,15353167,61,CDS
43050,15378189,15378314,125,CDS
43051,15372152,15372208,56,CDS
43052,15371512,15371688,176,CDS
43053,15354755,15354953,198,CDS
43054,15354536,15354676,140,CDS
43055,15354227,15354458,231,CDS
43056,15353225,15353382,157,CDS
43057,15353106,15353167,61,CDS
43058,15378189,15378314,125,CDS
43059,15377561,15377593,32,CDS
43060,15371512,15371688,176,CDS
43061,15354755,15354932,177,CDS
43062,15354536,15354676,140,CDS
43063,15354227,15354458,231,CDS
43064,15353225,15353382,157,CDS
43065,15353106,15353167,61,CDS
43066,15378189,15378314,125,CDS
43067,15377561,15377593,32,CDS
43068,15371512,15371688,176,CDS
43069,15354755,15354932,177,CDS
43070,15354536,15354676,140,CDS
43071,15354227,15354458,231,CDS
43072,15353225,15353388,163,CDS
43073,15353106,15353167,61,CDS
43074,15378189,15378314,125,CDS
43075,15377561,15377593,32,CDS
43076,15371512,15371688,176,CDS
43077,15354755,15354953,198,CDS
43078,15354536,15354676,140,CDS
43079,15354227,15354458,231,CDS
43080,15353225,15353382,157,CDS
43081,15353106,15353167,61,CDS
43082,15378189,15378314,125,CDS
43083,15377561,15377593,32,CDS
43084,15372152,15372208,56,CDS
43085,15371512,15371688,176,CDS
43086,15354755,15354932,177,CDS
43087,15354536,15354676,140,CDS
43088,15354227,15354458,231,CDS
43089,15353225,15353382,157,CDS
43090,15353106,15353167,61,CDS
43091,15378189,15378314,125,CDS
43092,15377561,15377593,32,CDS
43093,15372152,15372208,56,CDS
43094,15371512,15371688,176,CDS
43095,15354755,15354953,198,CDS
43096,15354536,15354676,140,CDS
43097,15354227,15354458,231,CDS
43098,15353225,15353382,157,CDS
43099,15353106,15353167,61,CDS
43100,15378189,15378314,125,CDS
43101,15377561,15377593,32,CDS
43102,15372152,15372208,56,CDS
43103,15371512,15371688,176,CDS
43104,15354755,15354953,198,CDS
43105,15354536,15354676,140,CDS
43106,15354227,15354458,231,CDS
43107,15353225,15353388,163,CDS
43108,15353106,15353167,61,CDS
43109,15359101,15361061,1960,gene
43110,15360791,15361061,270,mRNA
43111,15359101,15360721,1620,mRNA
43112,15359429,15360337,908,CDS
43113,15380371,15385441,5070,gene
43114,15384911,15385441,530,mRNA
43115,15382546,15382698,152,mRNA
43116,15382229,15382355,126,mRNA
43117,15381802,15382170,368,mRNA
43118,15380371,15381666,1295,mRNA
43119,15382546,15385441,2895,mRNA
43120,15382229,15382355,126,mRNA
43121,15381802,15382170,368,mRNA
43122,15380639,15381666,1027,mRNA
43123,15383850,15383953,103,mRNA
43124,15382546,15382698,152,mRNA
43125,15382229,15382355,126,mRNA
43126,15381802,15382170,368,mRNA
43127,15380639,15381666,1027,mRNA
43128,15382546,15382680,134,CDS
43129,15382229,15382355,126,CDS
43130,15381802,15382170,368,CDS
43131,15381344,15381666,322,CDS
43132,15382546,15382680,134,CDS
43133,15382229,15382355,126,CDS
43134,15381802,15382170,368,CDS
43135,15381344,15381666,322,CDS
43136,15382546,15382680,134,CDS
43137,15382229,15382355,126,CDS
43138,15381802,15382170,368,CDS
43139,15381344,15381666,322,CDS
43140,15386038,15441252,55214,gene
43141,15440517,15441252,735,mRNA
43142,15419963,15421628,1665,mRNA
43143,15410832,15411103,271,mRNA
43144,15400679,15400814,135,mRNA
43145,15400268,15400471,203,mRNA
43146,15399213,15399320,107,mRNA
43147,15398956,15399096,140,mRNA
43148,15398741,15398893,152,mRNA
43149,15398458,15398588,130,mRNA
43150,15397644,15397797,153,mRNA
43151,15397175,15397575,400,mRNA
43152,15396714,15397055,341,mRNA
43153,15396399,15396618,219,mRNA
43154,15394985,15395191,206,mRNA
43155,15393062,15394455,1393,mRNA
43156,15392370,15393001,631,mRNA
43157,15390567,15390907,340,mRNA
43158,15386038,15390499,4461,mRNA
43159,15440517,15441252,735,mRNA
43160,15419963,15421628,1665,mRNA
43161,15410832,15411103,271,mRNA
43162,15403584,15403628,44,mRNA
43163,15400679,15400814,135,mRNA
43164,15400268,15400471,203,mRNA
43165,15399213,15399320,107,mRNA
43166,15398956,15399096,140,mRNA
43167,15398741,15398893,152,mRNA
43168,15398458,15398588,130,mRNA
43169,15397644,15397797,153,mRNA
43170,15397175,15397575,400,mRNA
43171,15396714,15397055,341,mRNA
43172,15396399,15396618,219,mRNA
43173,15394985,15395191,206,mRNA
43174,15393062,15394455,1393,mRNA
43175,15392370,15393001,631,mRNA
43176,15390567,15390907,340,mRNA
43177,15386038,15390499,4461,mRNA
43178,15440517,15441252,735,mRNA
43179,15419963,15421628,1665,mRNA
43180,15410832,15411103,271,mRNA
43181,15403584,15403628,44,mRNA
43182,15400679,15400814,135,mRNA
43183,15400268,15400471,203,mRNA
43184,15399213,15399320,107,mRNA
43185,15398956,15399096,140,mRNA
43186,15398741,15398893,152,mRNA
43187,15398458,15398588,130,mRNA
43188,15398263,15398346,83,mRNA
43189,15397644,15397797,153,mRNA
43190,15397175,15397575,400,mRNA
43191,15396714,15397055,341,mRNA
43192,15396399,15396618,219,mRNA
43193,15394985,15395107,122,mRNA
43194,15393062,15394455,1393,mRNA
43195,15392370,15393001,631,mRNA
43196,15390567,15390907,340,mRNA
43197,15386038,15390499,4461,mRNA
43198,15440517,15440725,208,mRNA
43199,15419963,15421628,1665,mRNA
43200,15410832,15411103,271,mRNA
43201,15403584,15403628,44,mRNA
43202,15400679,15400814,135,mRNA
43203,15400268,15400471,203,mRNA
43204,15399213,15399320,107,mRNA
43205,15398956,15399096,140,mRNA
43206,15398741,15398893,152,mRNA
43207,15398458,15398588,130,mRNA
43208,15397644,15397797,153,mRNA
43209,15397175,15397575,400,mRNA
43210,15396714,15397055,341,mRNA
43211,15396399,15396618,219,mRNA
43212,15394985,15395107,122,mRNA
43213,15393062,15394455,1393,mRNA
43214,15392370,15393001,631,mRNA
43215,15390567,15390907,340,mRNA
43216,15386038,15390499,4461,mRNA
43217,15440517,15440725,208,mRNA
43218,15419963,15421628,1665,mRNA
43219,15410832,15411103,271,mRNA
43220,15403584,15403628,44,mRNA
43221,15400679,15400814,135,mRNA
43222,15400268,15400471,203,mRNA
43223,15399213,15399320,107,mRNA
43224,15398956,15399096,140,mRNA
43225,15398741,15398893,152,mRNA
43226,15398458,15398588,130,mRNA
43227,15397644,15397797,153,mRNA
43228,15397175,15397575,400,mRNA
43229,15396714,15397055,341,mRNA
43230,15396399,15396618,219,mRNA
43231,15394985,15395107,122,mRNA
43232,15393062,15394455,1393,mRNA
43233,15392370,15393001,631,mRNA
43234,15390567,15390907,340,mRNA
43235,15386038,15390499,4461,mRNA
43236,15419963,15420115,152,CDS
43237,15410832,15411103,271,CDS
43238,15403584,15403628,44,CDS
43239,15400679,15400814,135,CDS
43240,15400268,15400471,203,CDS
43241,15399213,15399320,107,CDS
43242,15398956,15399096,140,CDS
43243,15398741,15398893,152,CDS
43244,15398458,15398588,130,CDS
43245,15397644,15397797,153,CDS
43246,15397175,15397575,400,CDS
43247,15396714,15397055,341,CDS
43248,15396399,15396618,219,CDS
43249,15394985,15395107,122,CDS
43250,15393062,15394455,1393,CDS
43251,15392370,15393001,631,CDS
43252,15390567,15390907,340,CDS
43253,15389612,15390499,887,CDS
43254,15419963,15420115,152,CDS
43255,15410832,15411103,271,CDS
43256,15400679,15400814,135,CDS
43257,15400268,15400471,203,CDS
43258,15399213,15399320,107,CDS
43259,15398956,15399096,140,CDS
43260,15398741,15398893,152,CDS
43261,15398458,15398588,130,CDS
43262,15397644,15397797,153,CDS
43263,15397175,15397575,400,CDS
43264,15396714,15397055,341,CDS
43265,15396399,15396618,219,CDS
43266,15394985,15395191,206,CDS
43267,15393062,15394455,1393,CDS
43268,15392370,15393001,631,CDS
43269,15390567,15390907,340,CDS
43270,15389621,15390499,878,CDS
43271,15419963,15420115,152,CDS
43272,15410832,15411103,271,CDS
43273,15403584,15403628,44,CDS
43274,15400679,15400814,135,CDS
43275,15400268,15400471,203,CDS
43276,15399213,15399320,107,CDS
43277,15398956,15399096,140,CDS
43278,15398741,15398893,152,CDS
43279,15398458,15398588,130,CDS
43280,15397644,15397797,153,CDS
43281,15397175,15397575,400,CDS
43282,15396714,15397055,341,CDS
43283,15396399,15396618,219,CDS
43284,15394985,15395107,122,CDS
43285,15393062,15394455,1393,CDS
43286,15392370,15393001,631,CDS
43287,15390567,15390907,340,CDS
43288,15389621,15390499,878,CDS
43289,15419963,15420115,152,CDS
43290,15410832,15411103,271,CDS
43291,15403584,15403628,44,CDS
43292,15400679,15400814,135,CDS
43293,15400268,15400471,203,CDS
43294,15399213,15399320,107,CDS
43295,15398956,15399096,140,CDS
43296,15398741,15398893,152,CDS
43297,15398458,15398588,130,CDS
43298,15397644,15397797,153,CDS
43299,15397175,15397575,400,CDS
43300,15396714,15397055,341,CDS
43301,15396399,15396618,219,CDS
43302,15394985,15395191,206,CDS
43303,15393062,15394455,1393,CDS
43304,15392370,15393001,631,CDS
43305,15390567,15390907,340,CDS
43306,15389621,15390499,878,CDS
43307,15419963,15420115,152,CDS
43308,15410832,15411103,271,CDS
43309,15403584,15403628,44,CDS
43310,15400679,15400814,135,CDS
43311,15400268,15400471,203,CDS
43312,15399213,15399320,107,CDS
43313,15398956,15399096,140,CDS
43314,15398741,15398893,152,CDS
43315,15398458,15398588,130,CDS
43316,15398263,15398346,83,CDS
43317,15397644,15397797,153,CDS
43318,15397175,15397575,400,CDS
43319,15396714,15397055,341,CDS
43320,15396399,15396618,219,CDS
43321,15394985,15395107,122,CDS
43322,15393062,15394455,1393,CDS
43323,15392370,15393001,631,CDS
43324,15390567,15390907,340,CDS
43325,15389621,15390499,878,CDS
43326,15440517,15441252,735,mRNA
43327,15419963,15421628,1665,mRNA
43328,15410832,15411103,271,mRNA
43329,15405733,15408573,2840,mRNA
43330,15419963,15420115,152,CDS
43331,15410832,15411103,271,CDS
43332,15408039,15408573,534,CDS
43333,15408775,15408894,119,mobile_element
43334,15413109,15417334,4225,mobile_element
43335,15421974,15423429,1455,mobile_element
43336,15433220,15433640,420,mobile_element
43337,15435727,15436102,375,mobile_element
43338,15446179,15449883,3704,gene
43339,15449705,15449883,178,mRNA
43340,15449281,15449508,227,mRNA
43341,15448379,15448580,201,mRNA
43342,15447895,15448024,129,mRNA
43343,15446904,15447830,926,mRNA
43344,15446179,15446834,655,mRNA
43345,15449705,15449883,178,mRNA
43346,15449281,15449508,227,mRNA
43347,15448379,15448580,201,mRNA
43348,15447895,15448024,129,mRNA
43349,15446179,15447830,1651,mRNA
43350,15449705,15449883,178,mRNA
43351,15448859,15449508,649,mRNA
43352,15448379,15448580,201,mRNA
43353,15447895,15448024,129,mRNA
43354,15446179,15447830,1651,mRNA
43355,15449705,15449767,62,CDS
43356,15449281,15449508,227,CDS
43357,15448379,15448580,201,CDS
43358,15447895,15448024,129,CDS
43359,15447422,15447830,408,CDS
43360,15449705,15449767,62,CDS
43361,15449281,15449508,227,CDS
43362,15448379,15448580,201,CDS
43363,15447895,15448024,129,CDS
43364,15447422,15447830,408,CDS
43365,15449705,15449767,62,CDS
43366,15449233,15449508,275,CDS
43367,15450261,15453167,2906,gene
43368,15450261,15450415,154,mRNA
43369,15450667,15450857,190,mRNA
43370,15451395,15453167,1772,mRNA
43371,15450261,15450415,154,mRNA
43372,15450667,15450857,190,mRNA
43373,15451395,15452646,1251,mRNA
43374,15450261,15450415,154,mRNA
43375,15451395,15452646,1251,mRNA
43376,15450391,15450415,24,CDS
43377,15450667,15450857,190,CDS
43378,15451395,15452477,1082,CDS
43379,15450391,15450415,24,CDS
43380,15450667,15450857,190,CDS
43381,15451395,15452477,1082,CDS
43382,15451506,15452477,971,CDS
43383,15453471,15455551,2080,gene
43384,15453471,15454612,1141,mRNA
43385,15454974,15455551,577,mRNA
43386,15453575,15454612,1037,CDS
43387,15454974,15455303,329,CDS
43388,15455544,15462441,6897,gene
43389,15461288,15462441,1153,mRNA
43390,15461104,15461227,123,mRNA
43391,15460884,15461045,161,mRNA
43392,15459607,15460825,1218,mRNA
43393,15457503,15459547,2044,mRNA
43394,15457009,15457443,434,mRNA
43395,15456362,15456944,582,mRNA
43396,15455544,15456302,758,mRNA
43397,15461288,15462335,1047,CDS
43398,15461104,15461227,123,CDS
43399,15460884,15461045,161,CDS
43400,15459607,15460825,1218,CDS
43401,15457503,15459547,2044,CDS
43402,15457009,15457443,434,CDS
43403,15456362,15456944,582,CDS
43404,15455826,15456302,476,CDS
43405,15462722,15466812,4090,gene
43406,15462722,15466812,4090,gene
43407,15462722,15464425,1703,mRNA
43408,15465731,15465993,262,mRNA
43409,15466069,15466124,55,mRNA
43410,15466219,15466476,257,mRNA
43411,15466543,15466812,269,mRNA
43412,15462722,15464425,1703,mRNA
43413,15465731,15465993,262,mRNA
43414,15466069,15466124,55,mRNA
43415,15466219,15466476,257,mRNA
43416,15466543,15466812,269,mRNA
43417,15462722,15465027,2305,mRNA
43418,15462828,15464408,1580,CDS
43419,15462828,15464408,1580,CDS
43420,15464582,15464737,155,mRNA
43421,15465731,15465993,262,mRNA
43422,15466069,15466124,55,mRNA
43423,15466219,15466476,257,mRNA
43424,15466543,15466812,269,mRNA
43425,15465327,15465471,144,mRNA
43426,15465731,15465993,262,mRNA
43427,15466069,15466124,55,mRNA
43428,15466219,15466476,257,mRNA
43429,15466543,15466807,264,mRNA
43430,15465565,15465993,428,mRNA
43431,15466069,15466124,55,mRNA
43432,15466219,15466476,257,mRNA
43433,15466543,15466812,269,mRNA
43434,15465740,15465993,253,mRNA
43435,15466069,15466124,55,mRNA
43436,15466219,15466476,257,mRNA
43437,15466543,15466812,269,mRNA
43438,15465858,15465993,135,CDS
43439,15466069,15466124,55,CDS
43440,15466219,15466476,257,CDS
43441,15466543,15466710,167,CDS
43442,15465858,15465993,135,CDS
43443,15466069,15466124,55,CDS
43444,15466219,15466476,257,CDS
43445,15466543,15466710,167,CDS
43446,15465858,15465993,135,CDS
43447,15466069,15466124,55,CDS
43448,15466219,15466476,257,CDS
43449,15466543,15466710,167,CDS
43450,15465858,15465993,135,CDS
43451,15466069,15466124,55,CDS
43452,15466219,15466476,257,CDS
43453,15466543,15466710,167,CDS
43454,15465858,15465993,135,CDS
43455,15466069,15466124,55,CDS
43456,15466219,15466476,257,CDS
43457,15466543,15466710,167,CDS
43458,15466184,15467757,1573,gene
43459,15467353,15467757,404,mRNA
43460,15466184,15467267,1083,mRNA
43461,15467353,15467529,176,mRNA
43462,15466184,15467267,1083,mRNA
43463,15467353,15467469,116,CDS
43464,15466833,15467267,434,CDS
43465,15467353,15467469,116,CDS
43466,15466833,15467267,434,CDS
43467,15467891,15468303,412,gene
43468,15467891,15468303,412,mRNA
43469,15467906,15468274,368,CDS
43470,15468281,15472119,3838,gene
43471,15471920,15472119,199,mRNA
43472,15471376,15471864,488,mRNA
43473,15470649,15471266,617,mRNA
43474,15470089,15470588,499,mRNA
43475,15468514,15470021,1507,mRNA
43476,15468281,15468449,168,mRNA
43477,15471920,15472039,119,CDS
43478,15471376,15471864,488,CDS
43479,15470649,15471266,617,CDS
43480,15470089,15470588,499,CDS
43481,15468514,15470021,1507,CDS
43482,15468406,15468449,43,CDS
43483,15472164,15472859,695,gene
43484,15472164,15472859,695,mRNA
43485,15472243,15472818,575,CDS
43486,15472804,15475400,2596,gene
43487,15475224,15475400,176,mRNA
43488,15475039,15475161,122,mRNA
43489,15474603,15474959,356,mRNA
43490,15472804,15474495,1691,mRNA
43491,15475224,15475316,92,CDS
43492,15475039,15475161,122,CDS
43493,15474603,15474959,356,CDS
43494,15472894,15474495,1601,CDS
43495,15476091,15481722,5631,gene
43496,15476091,15476132,41,mRNA
43497,15477877,15480536,2659,mRNA
43498,15480613,15480721,108,mRNA
43499,15480950,15481722,772,mRNA
43500,15476091,15476132,41,mRNA
43501,15477877,15480536,2659,mRNA
43502,15480634,15480721,87,mRNA
43503,15480950,15481722,772,mRNA
43504,15477942,15480536,2594,CDS
43505,15480613,15480721,108,CDS
43506,15480950,15481017,67,CDS
43507,15477942,15480536,2594,CDS
43508,15480634,15480721,87,CDS
43509,15480950,15481017,67,CDS
43510,15481790,15482126,336,mobile_element
43511,15482374,15486612,4238,gene
43512,15482374,15482537,163,mRNA
43513,15483182,15483420,238,mRNA
43514,15485122,15485268,146,mRNA
43515,15485332,15486612,1280,mRNA
43516,15482374,15482537,163,mRNA
43517,15483199,15483420,221,mRNA
43518,15484530,15484892,362,mRNA
43519,15485122,15485268,146,mRNA
43520,15485332,15486612,1280,mRNA
43521,15482374,15482537,163,mRNA
43522,15483199,15483420,221,mRNA
43523,15485122,15485268,146,mRNA
43524,15485332,15486612,1280,mRNA
43525,15482374,15482537,163,mRNA
43526,15483199,15484380,1181,mRNA
43527,15482475,15482537,62,CDS
43528,15483199,15483420,221,CDS
43529,15485122,15485268,146,CDS
43530,15485332,15486441,1109,CDS
43531,15482475,15482537,62,CDS
43532,15483199,15483420,221,CDS
43533,15484530,15484568,38,CDS
43534,15482475,15482537,62,CDS
43535,15483199,15483675,476,CDS
43536,15482475,15482537,62,CDS
43537,15483182,15483274,92,CDS
43538,15486922,15511223,24301,gene
43539,15486922,15487475,553,mRNA
43540,15487541,15487633,92,mRNA
43541,15503583,15506461,2878,mRNA
43542,15507162,15507325,163,mRNA
43543,15507390,15507593,203,mRNA
43544,15509718,15509993,275,mRNA
43545,15510055,15510783,728,mRNA
43546,15486922,15487475,553,mRNA
43547,15487541,15487633,92,mRNA
43548,15503583,15506461,2878,mRNA
43549,15507162,15507325,163,mRNA
43550,15507390,15507593,203,mRNA
43551,15509718,15509993,275,mRNA
43552,15510055,15510783,728,mRNA
43553,15487242,15487475,233,CDS
43554,15487541,15487633,92,CDS
43555,15503583,15506461,2878,CDS
43556,15507162,15507325,163,CDS
43557,15507390,15507593,203,CDS
43558,15509718,15509993,275,CDS
43559,15510055,15510410,355,CDS
43560,15487242,15487475,233,CDS
43561,15487541,15487633,92,CDS
43562,15503583,15506461,2878,CDS
43563,15507162,15507325,163,CDS
43564,15507390,15507593,203,CDS
43565,15509718,15509993,275,CDS
43566,15510055,15510401,346,CDS
43567,15489881,15490195,314,mRNA
43568,15503583,15506461,2878,mRNA
43569,15507162,15507325,163,mRNA
43570,15507390,15507593,203,mRNA
43571,15509718,15509993,275,mRNA
43572,15510055,15511223,1168,mRNA
43573,15497523,15497862,339,gene
43574,15497523,15497862,339,ncRNA
43575,15499008,15499462,454,mRNA
43576,15503583,15506461,2878,mRNA
43577,15507162,15507325,163,mRNA
43578,15507390,15507593,203,mRNA
43579,15509718,15509993,275,mRNA
43580,15510055,15510783,728,mRNA
43581,15503826,15506461,2635,CDS
43582,15507162,15507325,163,CDS
43583,15507390,15507593,203,CDS
43584,15509718,15509993,275,CDS
43585,15510055,15510401,346,CDS
43586,15503826,15506461,2635,CDS
43587,15507162,15507325,163,CDS
43588,15507390,15507593,203,CDS
43589,15509718,15509993,275,CDS
43590,15510055,15510401,346,CDS
43591,15507956,15508055,99,gene
43592,15507956,15508055,99,precursor_RNA
43593,15507976,15507997,21,ncRNA
43594,15508023,15508043,20,ncRNA
43595,15508959,15509046,87,gene
43596,15508959,15509046,87,precursor_RNA
43597,15508970,15508992,22,ncRNA
43598,15509016,15509037,21,ncRNA
43599,15509473,15509546,73,gene
43600,15509473,15509546,73,precursor_RNA
43601,15509479,15509501,22,ncRNA
43602,15509521,15509542,21,ncRNA
43603,15510877,15554278,43401,gene
43604,15521960,15522163,203,mRNA
43605,15519916,15520193,277,mRNA
43606,15516503,15517693,1190,mRNA
43607,15516333,15516433,100,mRNA
43608,15510877,15516272,5395,mRNA
43609,15553841,15554278,437,mRNA
43610,15539406,15539926,520,mRNA
43611,15519916,15520193,277,mRNA
43612,15516503,15517693,1190,mRNA
43613,15516333,15516433,100,mRNA
43614,15511237,15516272,5035,mRNA
43615,15521960,15522163,203,mRNA
43616,15519916,15520193,277,mRNA
43617,15516503,15517693,1190,mRNA
43618,15516333,15516433,100,mRNA
43619,15511458,15516272,4814,mRNA
43620,15539406,15539414,8,CDS
43621,15519916,15520193,277,CDS
43622,15516503,15517693,1190,CDS
43623,15516333,15516433,100,CDS
43624,15512740,15516272,3532,CDS
43625,15519916,15520163,247,CDS
43626,15516503,15517693,1190,CDS
43627,15516333,15516433,100,CDS
43628,15512740,15516272,3532,CDS
43629,15519916,15520163,247,CDS
43630,15516503,15517693,1190,CDS
43631,15516333,15516433,100,CDS
43632,15512740,15516272,3532,CDS
43633,15547407,15547740,333,gene
43634,15547407,15547740,333,ncRNA
43635,15547733,15548203,470,gene
43636,15547733,15548203,470,ncRNA
43637,15554736,15555004,268,mobile_element
43638,15555253,15556045,792,gene
43639,15555921,15556045,124,mRNA
43640,15555253,15555853,600,mRNA
43641,15555921,15555975,54,CDS
43642,15555363,15555853,490,CDS
43643,15556355,15556610,255,mobile_element
43644,15568993,15570369,1376,gene
43645,15568993,15570369,1376,mRNA
43646,15569166,15570369,1203,mRNA
43647,15569245,15570243,998,CDS
43648,15569245,15570243,998,CDS
43649,15570380,15572149,1769,gene
43650,15571564,15572149,585,mRNA
43651,15570380,15571485,1105,mRNA
43652,15571564,15572149,585,mRNA
43653,15570661,15571485,824,mRNA
43654,15571564,15571665,101,CDS
43655,15570949,15571485,536,CDS
43656,15571564,15571665,101,CDS
43657,15570949,15571485,536,CDS
43658,15572076,15574535,2459,gene
43659,15573287,15574535,1248,mRNA
43660,15572510,15573232,722,mRNA
43661,15572076,15572445,369,mRNA
43662,15573287,15574535,1248,mRNA
43663,15572510,15573232,722,mRNA
43664,15572259,15572445,186,mRNA
43665,15573287,15574498,1211,CDS
43666,15572510,15573232,722,CDS
43667,15572317,15572445,128,CDS
43668,15573287,15574498,1211,CDS
43669,15572510,15573232,722,CDS
43670,15572317,15572445,128,CDS
43671,15574666,15574902,236,mobile_element
43672,15574947,15575683,736,gene
43673,15575609,15575683,74,mRNA
43674,15574947,15575550,603,mRNA
43675,15575609,15575663,54,CDS
43676,15575057,15575550,493,CDS
43677,15575923,15576176,253,mobile_element
43678,15576355,15576964,609,gene
43679,15576355,15576964,609,exon
43680,15576986,15578171,1185,gene
43681,15577811,15578171,360,mRNA
43682,15576986,15577765,779,mRNA
43683,15577811,15577998,187,mRNA
43684,15576986,15577749,763,mRNA
43685,15577811,15577998,187,mRNA
43686,15576986,15577765,779,mRNA
43687,15577811,15577889,78,CDS
43688,15577152,15577765,613,CDS
43689,15577811,15577889,78,CDS
43690,15577152,15577765,613,CDS
43691,15577152,15577685,533,CDS
43692,15578205,15579857,1652,gene
43693,15578205,15579857,1652,mRNA
43694,15578434,15579435,1001,CDS
43695,15580930,15582874,1944,gene
43696,15580930,15582874,1944,mRNA
43697,15581086,15582768,1682,CDS
43698,15583159,15585249,2090,gene
43699,15583159,15584198,1039,mRNA
43700,15584324,15584639,315,mRNA
43701,15584703,15585249,546,mRNA
43702,15583159,15584198,1039,mRNA
43703,15584324,15584639,315,mRNA
43704,15584703,15585018,315,mRNA
43705,15583462,15584198,736,CDS
43706,15584324,15584639,315,CDS
43707,15584703,15584990,287,CDS
43708,15583462,15584198,736,CDS
43709,15584324,15584639,315,CDS
43710,15584703,15584990,287,CDS
43711,15585289,15593534,8245,gene
43712,15592957,15593534,577,mRNA
43713,15590059,15590953,894,mRNA
43714,15589625,15589931,306,mRNA
43715,15587110,15587523,413,mRNA
43716,15585289,15587006,1717,mRNA
43717,15592957,15593151,194,mRNA
43718,15590059,15590953,894,mRNA
43719,15589625,15589931,306,mRNA
43720,15587110,15587523,413,mRNA
43721,15585289,15587006,1717,mRNA
43722,15590059,15590823,764,CDS
43723,15589625,15589931,306,CDS
43724,15587110,15587523,413,CDS
43725,15585994,15587006,1012,CDS
43726,15590059,15590823,764,CDS
43727,15589625,15589931,306,CDS
43728,15587110,15587523,413,CDS
43729,15585994,15587006,1012,CDS
43730,15587733,15589365,1632,gene
43731,15587733,15589034,1301,mRNA
43732,15589099,15589365,266,mRNA
43733,15587789,15589034,1245,CDS
43734,15589099,15589304,205,CDS
43735,15603283,15633434,30151,gene
43736,15625430,15626540,1110,mRNA
43737,15614797,15614906,109,mRNA
43738,15613218,15613350,132,mRNA
43739,15607974,15608033,59,mRNA
43740,15605489,15607806,2317,mRNA
43741,15603283,15605366,2083,mRNA
43742,15632809,15633434,625,mRNA
43743,15625430,15626232,802,mRNA
43744,15614797,15614906,109,mRNA
43745,15613218,15613350,132,mRNA
43746,15607974,15608033,59,mRNA
43747,15605489,15607806,2317,mRNA
43748,15604576,15605366,790,mRNA
43749,15625430,15626540,1110,mRNA
43750,15614797,15614906,109,mRNA
43751,15613218,15613350,132,mRNA
43752,15607974,15608033,59,mRNA
43753,15605489,15607806,2317,mRNA
43754,15604576,15605366,790,mRNA
43755,15625430,15625724,294,CDS
43756,15614797,15614906,109,CDS
43757,15613218,15613350,132,CDS
43758,15607974,15608033,59,CDS
43759,15605489,15607806,2317,CDS
43760,15605166,15605366,200,CDS
43761,15625430,15625724,294,CDS
43762,15614797,15614906,109,CDS
43763,15613218,15613350,132,CDS
43764,15607974,15608033,59,CDS
43765,15605489,15607806,2317,CDS
43766,15605166,15605366,200,CDS
43767,15625430,15625724,294,CDS
43768,15614797,15614906,109,CDS
43769,15613218,15613350,132,CDS
43770,15607974,15608033,59,CDS
43771,15605489,15607806,2317,CDS
43772,15605166,15605366,200,CDS
43773,15636308,15637014,706,gene
43774,15636308,15637014,706,ncRNA
43775,15641558,15642108,550,gene
43776,15641830,15642108,278,ncRNA
43777,15641558,15641762,204,ncRNA
43778,15644222,15644991,769,gene
43779,15644222,15644991,769,mRNA
43780,15644291,15644779,488,CDS
43781,15648382,15648448,66,mobile_element
43782,15653364,15653431,67,mobile_element
43783,15655636,15655712,76,mobile_element
43784,15662289,15665707,3418,gene
43785,15665130,15665386,256,ncRNA
43786,15664345,15664862,517,ncRNA
43787,15663827,15664275,448,ncRNA
43788,15662289,15663550,1261,ncRNA
43789,15664345,15665386,1041,ncRNA
43790,15663827,15664275,448,ncRNA
43791,15662524,15663550,1026,ncRNA
43792,15665554,15665707,153,ncRNA
43793,15662530,15663550,1020,ncRNA
43794,15662585,15663319,734,gene
43795,15662585,15663319,734,mRNA
43796,15662585,15663319,734,CDS
43797,15666656,15666769,113,mobile_element
43798,15667885,15671029,3144,gene
43799,15670784,15671029,245,mRNA
43800,15667885,15669335,1450,mRNA
43801,15669451,15669797,346,mRNA
43802,15667885,15669335,1450,mRNA
43803,15668062,15669294,1232,CDS
43804,15668062,15669294,1232,CDS
43805,15675476,15677737,2261,gene
43806,15675476,15675803,327,mRNA
43807,15676364,15677737,1373,mRNA
43808,15675476,15675687,211,mRNA
43809,15676364,15677737,1373,mRNA
43810,15676407,15677624,1217,CDS
43811,15676407,15677624,1217,CDS
43812,15684947,15688857,3910,gene
43813,15688763,15688857,94,mRNA
43814,15687651,15688703,1052,mRNA
43815,15687029,15687568,539,mRNA
43816,15684947,15686950,2003,mRNA
43817,15688763,15688789,26,CDS
43818,15687651,15688703,1052,CDS
43819,15687029,15687568,539,CDS
43820,15685136,15686950,1814,CDS
43821,15689490,15691146,1656,gene
43822,15689490,15689531,41,ncRNA
43823,15690687,15690773,86,ncRNA
43824,15690848,15691146,298,ncRNA
43825,15691672,15692597,925,gene
43826,15691672,15692069,397,ncRNA
43827,15692133,15692565,432,ncRNA
43828,15691867,15692597,730,ncRNA
43829,15693068,15693967,899,gene
43830,15693068,15693967,899,ncRNA
43831,15694127,15694382,255,gene
43832,15694127,15694382,255,ncRNA
43833,15697494,15700034,2540,gene
43834,15697494,15697663,169,mRNA
43835,15698323,15698687,364,mRNA
43836,15698760,15698881,121,mRNA
43837,15699162,15700034,872,mRNA
43838,15697505,15697663,158,mRNA
43839,15698033,15698687,654,mRNA
43840,15698760,15698881,121,mRNA
43841,15699162,15700034,872,mRNA
43842,15698521,15698687,166,CDS
43843,15698760,15698881,121,CDS
43844,15699162,15699865,703,CDS
43845,15698521,15698687,166,CDS
43846,15698760,15698881,121,CDS
43847,15699162,15699865,703,CDS
43848,15700172,15701259,1087,gene
43849,15700989,15701259,270,mRNA
43850,15700172,15700807,635,mRNA
43851,15700905,15701259,354,mRNA
43852,15700172,15700807,635,mRNA
43853,15700989,15701087,98,CDS
43854,15700406,15700807,401,CDS
43855,15700406,15700792,386,CDS
43856,15701451,15703770,2319,gene
43857,15703570,15703770,200,mRNA
43858,15703184,15703318,134,mRNA
43859,15702509,15702662,153,mRNA
43860,15702264,15702415,151,mRNA
43861,15701451,15702185,734,mRNA
43862,15703570,15703770,200,mRNA
43863,15703184,15703318,134,mRNA
43864,15702813,15703087,274,mRNA
43865,15702509,15702662,153,mRNA
43866,15702264,15702415,151,mRNA
43867,15701451,15702185,734,mRNA
43868,15703570,15703621,51,CDS
43869,15703184,15703318,134,CDS
43870,15702509,15702662,153,CDS
43871,15702264,15702415,151,CDS
43872,15702004,15702185,181,CDS
43873,15703570,15703621,51,CDS
43874,15703184,15703318,134,CDS
43875,15703029,15703087,58,CDS
43876,15704125,15705806,1681,gene
43877,15704125,15704406,281,mRNA
43878,15704593,15705806,1213,mRNA
43879,15704125,15704406,281,mRNA
43880,15704593,15705731,1138,mRNA
43881,15704228,15704406,178,CDS
43882,15704593,15705451,858,CDS
43883,15704228,15704406,178,CDS
43884,15704593,15705451,858,CDS
43885,15705806,15710539,4733,gene
43886,15710306,15710539,233,mRNA
43887,15708314,15708982,668,mRNA
43888,15707733,15708238,505,mRNA
43889,15707129,15707665,536,mRNA
43890,15705806,15707064,1258,mRNA
43891,15708314,15709044,730,mRNA
43892,15707733,15708238,505,mRNA
43893,15707129,15707665,536,mRNA
43894,15705806,15707064,1258,mRNA
43895,15710306,15710539,233,mRNA
43896,15708314,15708982,668,mRNA
43897,15707733,15708238,505,mRNA
43898,15707129,15707665,536,mRNA
43899,15706446,15707064,618,mRNA
43900,15708314,15708974,660,CDS
43901,15707733,15708238,505,CDS
43902,15707129,15707665,536,CDS
43903,15706933,15707064,131,CDS
43904,15708314,15708974,660,CDS
43905,15707733,15708238,505,CDS
43906,15707129,15707665,536,CDS
43907,15706933,15707064,131,CDS
43908,15708314,15708974,660,CDS
43909,15707733,15708238,505,CDS
43910,15707129,15707665,536,CDS
43911,15706933,15707064,131,CDS
43912,15710647,15712309,1662,gene
43913,15710647,15711456,809,mRNA
43914,15711512,15712186,674,mRNA
43915,15711057,15711318,261,mRNA
43916,15711512,15712309,797,mRNA
43917,15711057,15711456,399,mRNA
43918,15711509,15712186,677,mRNA
43919,15711057,15711318,261,mRNA
43920,15711509,15712186,677,mRNA
43921,15711124,15711456,332,CDS
43922,15711509,15712009,500,CDS
43923,15711124,15711456,332,CDS
43924,15711512,15712009,497,CDS
43925,15711124,15711318,194,CDS
43926,15711509,15712009,500,CDS
43927,15711124,15711318,194,CDS
43928,15711512,15712009,497,CDS
43929,15712628,15731935,19307,gene
43930,15712628,15712778,150,mRNA
43931,15713901,15714393,492,mRNA
43932,15714717,15714956,239,mRNA
43933,15715026,15715247,221,mRNA
43934,15715306,15715577,271,mRNA
43935,15715658,15716154,496,mRNA
43936,15716292,15721399,5107,mRNA
43937,15721564,15724378,2814,mRNA
43938,15724442,15724915,473,mRNA
43939,15724974,15725314,340,mRNA
43940,15725377,15726447,1070,mRNA
43941,15726538,15726673,135,mRNA
43942,15726733,15729357,2624,mRNA
43943,15729430,15729831,401,mRNA
43944,15729899,15730087,188,mRNA
43945,15730152,15730473,321,mRNA
43946,15730537,15730702,165,mRNA
43947,15730777,15730967,190,mRNA
43948,15731045,15731935,890,mRNA
43949,15712628,15712778,150,mRNA
43950,15713901,15714381,480,mRNA
43951,15714717,15714956,239,mRNA
43952,15715026,15715247,221,mRNA
43953,15715306,15715577,271,mRNA
43954,15715658,15716154,496,mRNA
43955,15716292,15721399,5107,mRNA
43956,15721546,15723157,1611,mRNA
43957,15723233,15724378,1145,mRNA
43958,15724442,15724915,473,mRNA
43959,15724974,15725314,340,mRNA
43960,15725377,15726447,1070,mRNA
43961,15726538,15726673,135,mRNA
43962,15726733,15729357,2624,mRNA
43963,15729430,15729831,401,mRNA
43964,15729899,15730087,188,mRNA
43965,15730152,15730473,321,mRNA
43966,15730537,15730702,165,mRNA
43967,15730777,15730967,190,mRNA
43968,15731045,15731935,890,mRNA
43969,15712628,15712778,150,mRNA
43970,15713901,15714381,480,mRNA
43971,15714717,15714956,239,mRNA
43972,15715026,15715247,221,mRNA
43973,15715306,15715577,271,mRNA
43974,15715658,15716154,496,mRNA
43975,15716292,15721399,5107,mRNA
43976,15721546,15723124,1578,mRNA
43977,15723233,15724378,1145,mRNA
43978,15724442,15724915,473,mRNA
43979,15724974,15725314,340,mRNA
43980,15725377,15726447,1070,mRNA
43981,15726538,15726673,135,mRNA
43982,15726733,15729357,2624,mRNA
43983,15729430,15729831,401,mRNA
43984,15729899,15730087,188,mRNA
43985,15730152,15730473,321,mRNA
43986,15730537,15730702,165,mRNA
43987,15730777,15730967,190,mRNA
43988,15731045,15731935,890,mRNA
43989,15712628,15712778,150,mRNA
43990,15713901,15714381,480,mRNA
43991,15714717,15714956,239,mRNA
43992,15715026,15715247,221,mRNA
43993,15715306,15715577,271,mRNA
43994,15715661,15716154,493,mRNA
43995,15716292,15721399,5107,mRNA
43996,15721546,15724378,2832,mRNA
43997,15724442,15724915,473,mRNA
43998,15724974,15725314,340,mRNA
43999,15725377,15726447,1070,mRNA
44000,15726538,15726673,135,mRNA
44001,15726733,15729357,2624,mRNA
44002,15729430,15729831,401,mRNA
44003,15729899,15730087,188,mRNA
44004,15730152,15730473,321,mRNA
44005,15730537,15730702,165,mRNA
44006,15730777,15730967,190,mRNA
44007,15731045,15731935,890,mRNA
44008,15712628,15712778,150,mRNA
44009,15713901,15714381,480,mRNA
44010,15714717,15714956,239,mRNA
44011,15715026,15715247,221,mRNA
44012,15715306,15715577,271,mRNA
44013,15715658,15716154,496,mRNA
44014,15716292,15721399,5107,mRNA
44015,15721546,15723079,1533,mRNA
44016,15723233,15724378,1145,mRNA
44017,15724442,15724915,473,mRNA
44018,15724974,15725314,340,mRNA
44019,15725377,15726447,1070,mRNA
44020,15726538,15726673,135,mRNA
44021,15726733,15729357,2624,mRNA
44022,15729430,15729831,401,mRNA
44023,15729899,15730087,188,mRNA
44024,15730152,15730473,321,mRNA
44025,15730537,15730702,165,mRNA
44026,15730777,15730967,190,mRNA
44027,15731045,15731488,443,mRNA
44028,15712628,15712778,150,mRNA
44029,15713901,15714381,480,mRNA
44030,15714717,15714956,239,mRNA
44031,15715026,15715247,221,mRNA
44032,15715306,15715577,271,mRNA
44033,15715658,15716154,496,mRNA
44034,15716292,15721399,5107,mRNA
44035,15721564,15724378,2814,mRNA
44036,15724442,15724915,473,mRNA
44037,15724974,15725314,340,mRNA
44038,15725377,15726447,1070,mRNA
44039,15726538,15726673,135,mRNA
44040,15726733,15729357,2624,mRNA
44041,15729430,15729831,401,mRNA
44042,15729899,15730087,188,mRNA
44043,15730152,15730473,321,mRNA
44044,15730537,15730702,165,mRNA
44045,15730777,15730967,190,mRNA
44046,15731045,15731488,443,mRNA
44047,15713641,15713815,174,mRNA
44048,15713901,15714381,480,mRNA
44049,15714717,15714956,239,mRNA
44050,15715026,15715247,221,mRNA
44051,15715306,15715577,271,mRNA
44052,15715661,15716154,493,mRNA
44053,15716292,15721399,5107,mRNA
44054,15721564,15724378,2814,mRNA
44055,15724442,15724915,473,mRNA
44056,15724974,15725314,340,mRNA
44057,15725377,15726447,1070,mRNA
44058,15726538,15726673,135,mRNA
44059,15726733,15729357,2624,mRNA
44060,15729430,15729831,401,mRNA
44061,15729899,15730087,188,mRNA
44062,15730152,15730473,321,mRNA
44063,15730537,15730702,165,mRNA
44064,15730777,15730967,190,mRNA
44065,15731045,15731488,443,mRNA
44066,15714115,15714393,278,CDS
44067,15714717,15714956,239,CDS
44068,15715026,15715247,221,CDS
44069,15715306,15715577,271,CDS
44070,15715658,15716154,496,CDS
44071,15716292,15721399,5107,CDS
44072,15721564,15724378,2814,CDS
44073,15724442,15724915,473,CDS
44074,15724974,15725314,340,CDS
44075,15725377,15726447,1070,CDS
44076,15726538,15726673,135,CDS
44077,15726733,15729357,2624,CDS
44078,15729430,15729831,401,CDS
44079,15729899,15730087,188,CDS
44080,15730152,15730473,321,CDS
44081,15730537,15730702,165,CDS
44082,15730777,15730967,190,CDS
44083,15731045,15731147,102,CDS
44084,15714115,15714381,266,CDS
44085,15714717,15714956,239,CDS
44086,15715026,15715247,221,CDS
44087,15715306,15715577,271,CDS
44088,15715658,15716154,496,CDS
44089,15716292,15721399,5107,CDS
44090,15721546,15723157,1611,CDS
44091,15723233,15724378,1145,CDS
44092,15724442,15724915,473,CDS
44093,15724974,15725314,340,CDS
44094,15725377,15726447,1070,CDS
44095,15726538,15726673,135,CDS
44096,15726733,15729357,2624,CDS
44097,15729430,15729831,401,CDS
44098,15729899,15730087,188,CDS
44099,15730152,15730473,321,CDS
44100,15730537,15730702,165,CDS
44101,15730777,15730967,190,CDS
44102,15731045,15731147,102,CDS
44103,15714115,15714381,266,CDS
44104,15714717,15714956,239,CDS
44105,15715026,15715247,221,CDS
44106,15715306,15715577,271,CDS
44107,15715658,15716154,496,CDS
44108,15716292,15721399,5107,CDS
44109,15721546,15723124,1578,CDS
44110,15723233,15724378,1145,CDS
44111,15724442,15724915,473,CDS
44112,15724974,15725314,340,CDS
44113,15725377,15726447,1070,CDS
44114,15726538,15726673,135,CDS
44115,15726733,15729357,2624,CDS
44116,15729430,15729831,401,CDS
44117,15729899,15730087,188,CDS
44118,15730152,15730473,321,CDS
44119,15730537,15730702,165,CDS
44120,15730777,15730967,190,CDS
44121,15731045,15731147,102,CDS
44122,15714115,15714381,266,CDS
44123,15714717,15714956,239,CDS
44124,15715026,15715247,221,CDS
44125,15715306,15715577,271,CDS
44126,15715658,15716154,496,CDS
44127,15716292,15721399,5107,CDS
44128,15721546,15723079,1533,CDS
44129,15723233,15724378,1145,CDS
44130,15724442,15724915,473,CDS
44131,15724974,15725314,340,CDS
44132,15725377,15726447,1070,CDS
44133,15726538,15726673,135,CDS
44134,15726733,15729357,2624,CDS
44135,15729430,15729831,401,CDS
44136,15729899,15730087,188,CDS
44137,15730152,15730473,321,CDS
44138,15730537,15730702,165,CDS
44139,15730777,15730967,190,CDS
44140,15731045,15731147,102,CDS
44141,15714115,15714381,266,CDS
44142,15714717,15714956,239,CDS
44143,15715026,15715247,221,CDS
44144,15715306,15715577,271,CDS
44145,15715658,15716154,496,CDS
44146,15716292,15721399,5107,CDS
44147,15721564,15724378,2814,CDS
44148,15724442,15724915,473,CDS
44149,15724974,15725314,340,CDS
44150,15725377,15726447,1070,CDS
44151,15726538,15726673,135,CDS
44152,15726733,15729357,2624,CDS
44153,15729430,15729831,401,CDS
44154,15729899,15730087,188,CDS
44155,15730152,15730473,321,CDS
44156,15730537,15730702,165,CDS
44157,15730777,15730967,190,CDS
44158,15731045,15731147,102,CDS
44159,15714115,15714381,266,CDS
44160,15714717,15714956,239,CDS
44161,15715026,15715247,221,CDS
44162,15715306,15715577,271,CDS
44163,15715661,15716154,493,CDS
44164,15716292,15721399,5107,CDS
44165,15721546,15724378,2832,CDS
44166,15724442,15724915,473,CDS
44167,15724974,15725314,340,CDS
44168,15725377,15726447,1070,CDS
44169,15726538,15726673,135,CDS
44170,15726733,15729357,2624,CDS
44171,15729430,15729831,401,CDS
44172,15729899,15730087,188,CDS
44173,15730152,15730473,321,CDS
44174,15730537,15730702,165,CDS
44175,15730777,15730967,190,CDS
44176,15731045,15731147,102,CDS
44177,15714115,15714381,266,CDS
44178,15714717,15714956,239,CDS
44179,15715026,15715247,221,CDS
44180,15715306,15715577,271,CDS
44181,15715661,15716154,493,CDS
44182,15716292,15721399,5107,CDS
44183,15721564,15724378,2814,CDS
44184,15724442,15724915,473,CDS
44185,15724974,15725314,340,CDS
44186,15725377,15726447,1070,CDS
44187,15726538,15726673,135,CDS
44188,15726733,15729357,2624,CDS
44189,15729430,15729831,401,CDS
44190,15729899,15730087,188,CDS
44191,15730152,15730473,321,CDS
44192,15730537,15730702,165,CDS
44193,15730777,15730967,190,CDS
44194,15731045,15731147,102,CDS
44195,15732178,15733663,1485,gene
44196,15732178,15733663,1485,mRNA
44197,15732191,15733228,1037,CDS
44198,15733222,15733996,774,gene
44199,15733711,15733996,285,mRNA
44200,15733222,15733553,331,mRNA
44201,15733711,15733923,212,CDS
44202,15733242,15733553,311,CDS
44203,15734270,15735780,1510,gene
44204,15734270,15734452,182,mRNA
44205,15734553,15734606,53,mRNA
44206,15735099,15735174,75,mRNA
44207,15735244,15735321,77,mRNA
44208,15735389,15735780,391,mRNA
44209,15734270,15734452,182,mRNA
44210,15734553,15734606,53,mRNA
44211,15735099,15735174,75,mRNA
44212,15735247,15735321,74,mRNA
44213,15735389,15735780,391,mRNA
44214,15734369,15734452,83,CDS
44215,15734553,15734606,53,CDS
44216,15735099,15735174,75,CDS
44217,15735244,15735321,77,CDS
44218,15735389,15735492,103,CDS
44219,15734369,15734452,83,CDS
44220,15734553,15734606,53,CDS
44221,15735099,15735174,75,CDS
44222,15735247,15735321,74,CDS
44223,15735389,15735492,103,CDS
44224,15735774,15737120,1346,gene
44225,15735774,15737120,1346,mRNA
44226,15735837,15737033,1196,CDS
44227,15737493,15738954,1461,gene
44228,15737493,15738954,1461,mRNA
44229,15737564,15738826,1262,CDS
44230,15739230,15740417,1187,gene
44231,15739230,15740417,1187,mRNA
44232,15739230,15740242,1012,mRNA
44233,15739403,15739978,575,CDS
44234,15739403,15739978,575,CDS
44235,15741343,15746231,4888,gene
44236,15745320,15746231,911,mRNA
44237,15744813,15745169,356,mRNA
44238,15741343,15744423,3080,mRNA
44239,15745320,15746042,722,CDS
44240,15744813,15745169,356,CDS
44241,15743215,15744423,1208,CDS
44242,15746343,15746494,151,mobile_element
44243,15746648,15748971,2323,gene
44244,15746648,15746907,259,mRNA
44245,15747308,15748971,1663,mRNA
44246,15746771,15746907,136,CDS
44247,15747308,15748772,1464,CDS
44248,15749166,15751737,2571,gene
44249,15749166,15749303,137,mRNA
44250,15749365,15749435,70,mRNA
44251,15749832,15749949,117,mRNA
44252,15750010,15751737,1727,mRNA
44253,15749166,15749303,137,mRNA
44254,15749365,15749435,70,mRNA
44255,15749832,15749949,117,mRNA
44256,15750010,15751220,1210,mRNA
44257,15749252,15749303,51,CDS
44258,15749365,15749435,70,CDS
44259,15749832,15749949,117,CDS
44260,15750010,15750935,925,CDS
44261,15749252,15749303,51,CDS
44262,15749365,15749435,70,CDS
44263,15749832,15749949,117,CDS
44264,15750010,15750935,925,CDS
44265,15751674,15760733,9059,gene
44266,15760641,15760733,92,mRNA
44267,15757856,15758317,461,mRNA
44268,15756079,15756236,157,mRNA
44269,15755819,15755992,173,mRNA
44270,15755347,15755562,215,mRNA
44271,15755215,15755286,71,mRNA
44272,15755104,15755155,51,mRNA
44273,15754486,15754772,286,mRNA
44274,15754085,15754415,330,mRNA
44275,15753909,15754014,105,mRNA
44276,15752541,15753836,1295,mRNA
44277,15752393,15752472,79,mRNA
44278,15751674,15752333,659,mRNA
44279,15760467,15760649,182,mRNA
44280,15757856,15758317,461,mRNA
44281,15756079,15756236,157,mRNA
44282,15755819,15755992,173,mRNA
44283,15755347,15755562,215,mRNA
44284,15755215,15755286,71,mRNA
44285,15755104,15755155,51,mRNA
44286,15754486,15754772,286,mRNA
44287,15754085,15754415,330,mRNA
44288,15753909,15754014,105,mRNA
44289,15752541,15753836,1295,mRNA
44290,15752393,15752472,79,mRNA
44291,15751674,15752333,659,mRNA
44292,15760467,15760649,182,mRNA
44293,15757856,15758317,461,mRNA
44294,15756079,15756236,157,mRNA
44295,15755819,15755992,173,mRNA
44296,15755347,15755562,215,mRNA
44297,15755215,15755286,71,mRNA
44298,15755104,15755155,51,mRNA
44299,15754486,15754799,313,mRNA
44300,15754085,15754415,330,mRNA
44301,15753909,15754014,105,mRNA
44302,15752541,15753836,1295,mRNA
44303,15752393,15752472,79,mRNA
44304,15751674,15752333,659,mRNA
44305,15760252,15760649,397,mRNA
44306,15760125,15760194,69,mRNA
44307,15757856,15758317,461,mRNA
44308,15756079,15756236,157,mRNA
44309,15755819,15755992,173,mRNA
44310,15755347,15755562,215,mRNA
44311,15755215,15755286,71,mRNA
44312,15755104,15755155,51,mRNA
44313,15754486,15754772,286,mRNA
44314,15754085,15754415,330,mRNA
44315,15753909,15754014,105,mRNA
44316,15752541,15753836,1295,mRNA
44317,15752393,15752472,79,mRNA
44318,15751674,15752333,659,mRNA
44319,15760252,15760649,397,mRNA
44320,15760125,15760194,69,mRNA
44321,15757856,15758317,461,mRNA
44322,15756079,15756236,157,mRNA
44323,15755819,15755992,173,mRNA
44324,15755347,15755562,215,mRNA
44325,15755215,15755286,71,mRNA
44326,15755104,15755155,51,mRNA
44327,15754486,15754799,313,mRNA
44328,15754085,15754415,330,mRNA
44329,15753909,15754014,105,mRNA
44330,15752541,15753836,1295,mRNA
44331,15752393,15752472,79,mRNA
44332,15751674,15752333,659,mRNA
44333,15760240,15760649,409,mRNA
44334,15757856,15758317,461,mRNA
44335,15756079,15756236,157,mRNA
44336,15755819,15755992,173,mRNA
44337,15755347,15755562,215,mRNA
44338,15755215,15755286,71,mRNA
44339,15755104,15755155,51,mRNA
44340,15754486,15754772,286,mRNA
44341,15754085,15754415,330,mRNA
44342,15753909,15754014,105,mRNA
44343,15752541,15753836,1295,mRNA
44344,15752393,15752472,79,mRNA
44345,15751674,15752333,659,mRNA
44346,15760240,15760649,409,mRNA
44347,15757856,15758317,461,mRNA
44348,15756079,15756236,157,mRNA
44349,15755819,15755992,173,mRNA
44350,15755347,15755562,215,mRNA
44351,15755215,15755286,71,mRNA
44352,15755104,15755155,51,mRNA
44353,15754486,15754799,313,mRNA
44354,15754085,15754415,330,mRNA
44355,15753909,15754014,105,mRNA
44356,15752541,15753836,1295,mRNA
44357,15752393,15752472,79,mRNA
44358,15751674,15752333,659,mRNA
44359,15757856,15758033,177,CDS
44360,15756079,15756236,157,CDS
44361,15755819,15755992,173,CDS
44362,15755347,15755562,215,CDS
44363,15755215,15755286,71,CDS
44364,15755104,15755155,51,CDS
44365,15754486,15754772,286,CDS
44366,15754085,15754415,330,CDS
44367,15753909,15754014,105,CDS
44368,15752541,15753836,1295,CDS
44369,15752393,15752472,79,CDS
44370,15752233,15752333,100,CDS
44371,15757856,15758033,177,CDS
44372,15756079,15756236,157,CDS
44373,15755819,15755992,173,CDS
44374,15755347,15755562,215,CDS
44375,15755215,15755286,71,CDS
44376,15755104,15755155,51,CDS
44377,15754486,15754772,286,CDS
44378,15754085,15754415,330,CDS
44379,15753909,15754014,105,CDS
44380,15752541,15753836,1295,CDS
44381,15752393,15752472,79,CDS
44382,15752233,15752333,100,CDS
44383,15757856,15758033,177,CDS
44384,15756079,15756236,157,CDS
44385,15755819,15755992,173,CDS
44386,15755347,15755562,215,CDS
44387,15755215,15755286,71,CDS
44388,15755104,15755155,51,CDS
44389,15754486,15754772,286,CDS
44390,15754085,15754415,330,CDS
44391,15753909,15754014,105,CDS
44392,15752541,15753836,1295,CDS
44393,15752393,15752472,79,CDS
44394,15752233,15752333,100,CDS
44395,15757856,15758033,177,CDS
44396,15756079,15756236,157,CDS
44397,15755819,15755992,173,CDS
44398,15755347,15755562,215,CDS
44399,15755215,15755286,71,CDS
44400,15755104,15755155,51,CDS
44401,15754486,15754772,286,CDS
44402,15754085,15754415,330,CDS
44403,15753909,15754014,105,CDS
44404,15752541,15753836,1295,CDS
44405,15752393,15752472,79,CDS
44406,15752233,15752333,100,CDS
44407,15757856,15758033,177,CDS
44408,15756079,15756236,157,CDS
44409,15755819,15755992,173,CDS
44410,15755347,15755562,215,CDS
44411,15755215,15755286,71,CDS
44412,15755104,15755155,51,CDS
44413,15754486,15754799,313,CDS
44414,15754085,15754415,330,CDS
44415,15753909,15754014,105,CDS
44416,15752541,15753836,1295,CDS
44417,15752393,15752472,79,CDS
44418,15752233,15752333,100,CDS
44419,15757856,15758033,177,CDS
44420,15756079,15756236,157,CDS
44421,15755819,15755992,173,CDS
44422,15755347,15755562,215,CDS
44423,15755215,15755286,71,CDS
44424,15755104,15755155,51,CDS
44425,15754486,15754799,313,CDS
44426,15754085,15754415,330,CDS
44427,15753909,15754014,105,CDS
44428,15752541,15753836,1295,CDS
44429,15752393,15752472,79,CDS
44430,15752233,15752333,100,CDS
44431,15757856,15758033,177,CDS
44432,15756079,15756236,157,CDS
44433,15755819,15755992,173,CDS
44434,15755347,15755562,215,CDS
44435,15755215,15755286,71,CDS
44436,15755104,15755155,51,CDS
44437,15754486,15754799,313,CDS
44438,15754085,15754415,330,CDS
44439,15753909,15754014,105,CDS
44440,15752541,15753836,1295,CDS
44441,15752393,15752472,79,CDS
44442,15752233,15752333,100,CDS
44443,15756318,15757767,1449,gene
44444,15756318,15757225,907,mRNA
44445,15757309,15757767,458,mRNA
44446,15756318,15756512,194,mRNA
44447,15756574,15757225,651,mRNA
44448,15757309,15757767,458,mRNA
44449,15756394,15756512,118,CDS
44450,15756574,15757225,651,CDS
44451,15757309,15757767,458,CDS
44452,15756437,15757225,788,CDS
44453,15757309,15757767,458,CDS
44454,15761248,15762663,1415,gene
44455,15761248,15761371,123,mRNA
44456,15761431,15761536,105,mRNA
44457,15761598,15762121,523,mRNA
44458,15762175,15762663,488,mRNA
44459,15761334,15761371,37,CDS
44460,15761431,15761536,105,CDS
44461,15761598,15762121,523,CDS
44462,15762175,15762595,420,CDS
44463,15762956,15769514,6558,gene
44464,15762956,15763125,169,mRNA
44465,15763181,15765039,1858,mRNA
44466,15765114,15765259,145,mRNA
44467,15767069,15767486,417,mRNA
44468,15767551,15767986,435,mRNA
44469,15768055,15769090,1035,mRNA
44470,15769160,15769514,354,mRNA
44471,15763082,15763125,43,CDS
44472,15763181,15765039,1858,CDS
44473,15765114,15765259,145,CDS
44474,15767069,15767486,417,CDS
44475,15767551,15767986,435,CDS
44476,15768055,15769090,1035,CDS
44477,15769160,15769372,212,CDS
44478,15765470,15766445,975,gene
44479,15766310,15766445,135,mRNA
44480,15765470,15766235,765,mRNA
44481,15766310,15766411,101,CDS
44482,15765507,15766235,728,CDS
44483,15769664,15772985,3321,gene
44484,15769664,15769768,104,mRNA
44485,15769823,15770554,731,mRNA
44486,15770618,15772985,2367,mRNA
44487,15769711,15769768,57,CDS
44488,15769823,15770554,731,CDS
44489,15770618,15772824,2206,CDS
44490,15773171,15778703,5532,gene
44491,15773171,15773255,84,mRNA
44492,15773329,15773908,579,mRNA
44493,15773959,15774102,143,mRNA
44494,15774172,15775422,1250,mRNA
44495,15775479,15776266,787,mRNA
44496,15776326,15776672,346,mRNA
44497,15776728,15777069,341,mRNA
44498,15777150,15777297,147,mRNA
44499,15777358,15777555,197,mRNA
44500,15777615,15778439,824,mRNA
44501,15778517,15778703,186,mRNA
44502,15773236,15773255,19,CDS
44503,15773329,15773908,579,CDS
44504,15773959,15774102,143,CDS
44505,15774172,15775422,1250,CDS
44506,15775479,15776266,787,CDS
44507,15776326,15776672,346,CDS
44508,15776728,15777069,341,CDS
44509,15777150,15777297,147,CDS
44510,15777358,15777555,197,CDS
44511,15777615,15778439,824,CDS
44512,15778517,15778703,186,CDS
44513,15779146,15780214,1068,gene
44514,15779146,15779191,45,mRNA
44515,15779380,15780214,834,mRNA
44516,15779182,15779191,9,CDS
44517,15779380,15780062,682,CDS
44518,15780398,15783710,3312,gene
44519,15783584,15783710,126,mRNA
44520,15782978,15783525,547,mRNA
44521,15782648,15782921,273,mRNA
44522,15780398,15782007,1609,mRNA
44523,15783584,15783634,50,CDS
44524,15782978,15783525,547,CDS
44525,15782648,15782921,273,CDS
44526,15780499,15782007,1508,CDS
44527,15784009,15785583,1574,gene
44528,15785202,15785583,381,mRNA
44529,15784665,15785129,464,mRNA
44530,15784009,15784596,587,mRNA
44531,15784665,15785583,918,mRNA
44532,15784009,15784596,587,mRNA
44533,15784665,15785060,395,CDS
44534,15784315,15784596,281,CDS
44535,15784665,15785060,395,CDS
44536,15784315,15784596,281,CDS
44537,15786047,15788288,2241,gene
44538,15786047,15786629,582,mRNA
44539,15786794,15788288,1494,mRNA
44540,15786047,15786629,582,mRNA
44541,15786794,15788039,1245,mRNA
44542,15786172,15786629,457,CDS
44543,15786794,15788009,1215,CDS
44544,15786172,15786629,457,CDS
44545,15786794,15788009,1215,CDS
44546,15788897,15793632,4735,gene
44547,15788897,15789112,215,mRNA
44548,15790247,15790388,141,mRNA
44549,15790743,15790859,116,mRNA
44550,15790979,15791106,127,mRNA
44551,15791243,15791396,153,mRNA
44552,15791462,15791902,440,mRNA
44553,15791988,15792144,156,mRNA
44554,15792210,15792457,247,mRNA
44555,15792518,15792647,129,mRNA
44556,15792712,15793037,325,mRNA
44557,15793092,15793244,152,mRNA
44558,15793309,15793632,323,mRNA
44559,15788897,15788957,60,mRNA
44560,15790247,15790388,141,mRNA
44561,15790743,15790859,116,mRNA
44562,15790979,15791106,127,mRNA
44563,15791243,15791396,153,mRNA
44564,15791462,15791902,440,mRNA
44565,15791988,15792144,156,mRNA
44566,15792210,15792457,247,mRNA
44567,15792518,15792647,129,mRNA
44568,15792712,15793037,325,mRNA
44569,15793092,15793244,152,mRNA
44570,15793309,15793632,323,mRNA
44571,15790290,15790388,98,CDS
44572,15790743,15790859,116,CDS
44573,15790979,15791106,127,CDS
44574,15791243,15791396,153,CDS
44575,15791462,15791902,440,CDS
44576,15791988,15792144,156,CDS
44577,15792210,15792457,247,CDS
44578,15792518,15792647,129,CDS
44579,15792712,15793037,325,CDS
44580,15793092,15793244,152,CDS
44581,15793309,15793512,203,CDS
44582,15790290,15790388,98,CDS
44583,15790743,15790859,116,CDS
44584,15790979,15791106,127,CDS
44585,15791243,15791396,153,CDS
44586,15791462,15791902,440,CDS
44587,15791988,15792144,156,CDS
44588,15792210,15792457,247,CDS
44589,15792518,15792647,129,CDS
44590,15792712,15793037,325,CDS
44591,15793092,15793244,152,CDS
44592,15793309,15793512,203,CDS
44593,15793721,15796028,2307,gene
44594,15796002,15796028,26,mRNA
44595,15794497,15795101,604,mRNA
44596,15794267,15794433,166,mRNA
44597,15793721,15794201,480,mRNA
44598,15795965,15796028,63,mRNA
44599,15794497,15795101,604,mRNA
44600,15794267,15794433,166,mRNA
44601,15793721,15794201,480,mRNA
44602,15795893,15796028,135,mRNA
44603,15794497,15795101,604,mRNA
44604,15794267,15794433,166,mRNA
44605,15793721,15794201,480,mRNA
44606,15795893,15796028,135,mRNA
44607,15795487,15795575,88,mRNA
44608,15795161,15795416,255,mRNA
44609,15794497,15795101,604,mRNA
44610,15794267,15794433,166,mRNA
44611,15793721,15794201,480,mRNA
44612,15795810,15796028,218,mRNA
44613,15794497,15795101,604,mRNA
44614,15794267,15794433,166,mRNA
44615,15793721,15794201,480,mRNA
44616,15794497,15795062,565,CDS
44617,15794267,15794433,166,CDS
44618,15794101,15794201,100,CDS
44619,15794497,15795062,565,CDS
44620,15794267,15794433,166,CDS
44621,15794101,15794201,100,CDS
44622,15794497,15795062,565,CDS
44623,15794267,15794433,166,CDS
44624,15794101,15794201,100,CDS
44625,15794497,15795062,565,CDS
44626,15794267,15794433,166,CDS
44627,15794101,15794201,100,CDS
44628,15794497,15795062,565,CDS
44629,15794267,15794433,166,CDS
44630,15794101,15794201,100,CDS
44631,15796477,15796897,420,gene
44632,15796477,15796897,420,exon
44633,15796908,15799162,2254,gene
44634,15799054,15799162,108,mRNA
44635,15797667,15798271,604,mRNA
44636,15797437,15797603,166,mRNA
44637,15796908,15797371,463,mRNA
44638,15798971,15799162,191,mRNA
44639,15797667,15798271,604,mRNA
44640,15797437,15797603,166,mRNA
44641,15796908,15797371,463,mRNA
44642,15797667,15798232,565,CDS
44643,15797437,15797603,166,CDS
44644,15797253,15797371,118,CDS
44645,15797667,15798232,565,CDS
44646,15797437,15797603,166,CDS
44647,15797253,15797371,118,CDS
44648,15799426,15800961,1535,gene
44649,15799426,15799721,295,mRNA
44650,15799793,15800037,244,mRNA
44651,15800096,15800573,477,mRNA
44652,15800639,15800961,322,mRNA
44653,15799596,15799721,125,mRNA
44654,15799793,15800037,244,mRNA
44655,15800096,15800573,477,mRNA
44656,15800639,15800961,322,mRNA
44657,15799674,15799721,47,CDS
44658,15799793,15800037,244,CDS
44659,15800096,15800573,477,CDS
44660,15800639,15800896,257,CDS
44661,15799674,15799721,47,CDS
44662,15799793,15800037,244,CDS
44663,15800096,15800573,477,CDS
44664,15800639,15800896,257,CDS
44665,15801153,15803880,2727,gene
44666,15803327,15803880,553,mRNA
44667,15802509,15803090,581,mRNA
44668,15802140,15802439,299,mRNA
44669,15801963,15802076,113,mRNA
44670,15801683,15801747,64,mRNA
44671,15801153,15801610,457,mRNA
44672,15802509,15802969,460,mRNA
44673,15802140,15802439,299,mRNA
44674,15801963,15802076,113,mRNA
44675,15801683,15801747,64,mRNA
44676,15801153,15801610,457,mRNA
44677,15802509,15802707,198,CDS
44678,15802140,15802439,299,CDS
44679,15801963,15802076,113,CDS
44680,15801683,15801747,64,CDS
44681,15801251,15801610,359,CDS
44682,15802509,15802707,198,CDS
44683,15802140,15802439,299,CDS
44684,15801963,15802076,113,CDS
44685,15801683,15801747,64,CDS
44686,15801251,15801610,359,CDS
44687,15804370,15827682,23312,gene
44688,15804370,15805177,807,mRNA
44689,15805558,15806321,763,mRNA
44690,15819596,15819723,127,mRNA
44691,15819996,15820134,138,mRNA
44692,15820423,15820553,130,mRNA
44693,15823187,15823227,40,mRNA
44694,15823308,15823482,174,mRNA
44695,15823619,15823681,62,mRNA
44696,15823752,15823924,172,mRNA
44697,15824042,15824276,234,mRNA
44698,15824335,15827682,3347,mRNA
44699,15804370,15805177,807,mRNA
44700,15805558,15806321,763,mRNA
44701,15819596,15819723,127,mRNA
44702,15819996,15820134,138,mRNA
44703,15820423,15820553,130,mRNA
44704,15823187,15823227,40,mRNA
44705,15823308,15823482,174,mRNA
44706,15823619,15823681,62,mRNA
44707,15823752,15823924,172,mRNA
44708,15824042,15824276,234,mRNA
44709,15824335,15825722,1387,mRNA
44710,15804370,15804913,543,mRNA
44711,15805558,15806321,763,mRNA
44712,15819596,15819723,127,mRNA
44713,15819996,15820134,138,mRNA
44714,15820423,15820553,130,mRNA
44715,15823187,15823227,40,mRNA
44716,15823308,15823482,174,mRNA
44717,15823619,15823681,62,mRNA
44718,15823752,15823924,172,mRNA
44719,15824042,15824276,234,mRNA
44720,15824335,15825722,1387,mRNA
44721,15804370,15804487,117,mRNA
44722,15805558,15806321,763,mRNA
44723,15819596,15819723,127,mRNA
44724,15819996,15820134,138,mRNA
44725,15820423,15820553,130,mRNA
44726,15823187,15823227,40,mRNA
44727,15823308,15823482,174,mRNA
44728,15823619,15823681,62,mRNA
44729,15823752,15823924,172,mRNA
44730,15824042,15824276,234,mRNA
44731,15824335,15825722,1387,mRNA
44732,15805507,15806321,814,mRNA
44733,15819596,15819723,127,mRNA
44734,15819996,15820134,138,mRNA
44735,15820423,15820553,130,mRNA
44736,15823187,15823227,40,mRNA
44737,15823308,15823482,174,mRNA
44738,15823619,15823681,62,mRNA
44739,15823752,15823924,172,mRNA
44740,15824042,15824276,234,mRNA
44741,15824335,15825722,1387,mRNA
44742,15806288,15806321,33,CDS
44743,15819596,15819723,127,CDS
44744,15819996,15820134,138,CDS
44745,15820423,15820553,130,CDS
44746,15823187,15823227,40,CDS
44747,15823308,15823482,174,CDS
44748,15823619,15823681,62,CDS
44749,15823752,15823924,172,CDS
44750,15824042,15824276,234,CDS
44751,15824335,15824448,113,CDS
44752,15806288,15806321,33,CDS
44753,15819596,15819723,127,CDS
44754,15819996,15820134,138,CDS
44755,15820423,15820553,130,CDS
44756,15823187,15823227,40,CDS
44757,15823308,15823482,174,CDS
44758,15823619,15823681,62,CDS
44759,15823752,15823924,172,CDS
44760,15824042,15824276,234,CDS
44761,15824335,15824448,113,CDS
44762,15806288,15806321,33,CDS
44763,15819596,15819723,127,CDS
44764,15819996,15820134,138,CDS
44765,15820423,15820553,130,CDS
44766,15823187,15823227,40,CDS
44767,15823308,15823482,174,CDS
44768,15823619,15823681,62,CDS
44769,15823752,15823924,172,CDS
44770,15824042,15824276,234,CDS
44771,15824335,15824448,113,CDS
44772,15806288,15806321,33,CDS
44773,15819596,15819723,127,CDS
44774,15819996,15820134,138,CDS
44775,15820423,15820553,130,CDS
44776,15823187,15823227,40,CDS
44777,15823308,15823482,174,CDS
44778,15823619,15823681,62,CDS
44779,15823752,15823924,172,CDS
44780,15824042,15824276,234,CDS
44781,15824335,15824448,113,CDS
44782,15806288,15806321,33,CDS
44783,15819596,15819723,127,CDS
44784,15819996,15820134,138,CDS
44785,15820423,15820553,130,CDS
44786,15823187,15823227,40,CDS
44787,15823308,15823482,174,CDS
44788,15823619,15823681,62,CDS
44789,15823752,15823924,172,CDS
44790,15824042,15824276,234,CDS
44791,15824335,15824448,113,CDS
44792,15807453,15807949,496,gene
44793,15807766,15807949,183,ncRNA
44794,15807453,15807695,242,ncRNA
44795,15807453,15807949,496,ncRNA
44796,15809555,15810947,1392,gene
44797,15809555,15810947,1392,mRNA
44798,15809604,15810902,1298,CDS
44799,15812094,15812271,177,mRNA
44800,15813849,15814295,446,mRNA
44801,15819596,15819723,127,mRNA
44802,15819996,15820134,138,mRNA
44803,15820423,15820553,130,mRNA
44804,15823187,15823227,40,mRNA
44805,15823293,15823482,189,mRNA
44806,15823619,15823681,62,mRNA
44807,15823752,15823924,172,mRNA
44808,15824042,15824276,234,mRNA
44809,15824335,15825722,1387,mRNA
44810,15812094,15812271,177,mRNA
44811,15819596,15819723,127,mRNA
44812,15819996,15820134,138,mRNA
44813,15820423,15820553,130,mRNA
44814,15823187,15823227,40,mRNA
44815,15823293,15823482,189,mRNA
44816,15823619,15823681,62,mRNA
44817,15823752,15823924,172,mRNA
44818,15824042,15824276,234,mRNA
44819,15824335,15825722,1387,mRNA
44820,15812327,15812530,203,mRNA
44821,15813601,15814295,694,mRNA
44822,15819596,15819723,127,mRNA
44823,15819996,15820134,138,mRNA
44824,15820423,15820553,130,mRNA
44825,15823187,15823227,40,mRNA
44826,15823308,15823482,174,mRNA
44827,15823619,15823681,62,mRNA
44828,15823752,15823924,172,mRNA
44829,15824042,15824276,234,mRNA
44830,15824335,15827681,3346,mRNA
44831,15812327,15812438,111,mRNA
44832,15819596,15819723,127,mRNA
44833,15819996,15820134,138,mRNA
44834,15820423,15820553,130,mRNA
44835,15823187,15823227,40,mRNA
44836,15823308,15823482,174,mRNA
44837,15823619,15823681,62,mRNA
44838,15823752,15823924,172,mRNA
44839,15824042,15824276,234,mRNA
44840,15824335,15826608,2273,mRNA
44841,15812327,15812530,203,mRNA
44842,15813552,15813606,54,mRNA
44843,15813849,15814295,446,mRNA
44844,15819596,15819723,127,mRNA
44845,15819996,15820134,138,mRNA
44846,15820423,15820553,130,mRNA
44847,15823187,15823227,40,mRNA
44848,15823293,15823482,189,mRNA
44849,15823619,15823681,62,mRNA
44850,15823752,15823924,172,mRNA
44851,15824042,15824276,234,mRNA
44852,15824335,15825722,1387,mRNA
44853,15812327,15812530,203,mRNA
44854,15813736,15814295,559,mRNA
44855,15819596,15819723,127,mRNA
44856,15819996,15820134,138,mRNA
44857,15820423,15820553,130,mRNA
44858,15823187,15823227,40,mRNA
44859,15823293,15823482,189,mRNA
44860,15823619,15823681,62,mRNA
44861,15823752,15823924,172,mRNA
44862,15824042,15824276,234,mRNA
44863,15824335,15825722,1387,mRNA
44864,15812327,15812530,203,mRNA
44865,15813736,15814295,559,mRNA
44866,15819596,15819723,127,mRNA
44867,15819996,15820134,138,mRNA
44868,15820423,15820553,130,mRNA
44869,15823187,15823227,40,mRNA
44870,15823308,15823482,174,mRNA
44871,15823619,15823681,62,mRNA
44872,15823752,15823924,172,mRNA
44873,15824042,15824276,234,mRNA
44874,15824335,15825722,1387,mRNA
44875,15812327,15812530,203,mRNA
44876,15813849,15814295,446,mRNA
44877,15819596,15819723,127,mRNA
44878,15819996,15820134,138,mRNA
44879,15820423,15820553,130,mRNA
44880,15823187,15823227,40,mRNA
44881,15823293,15823482,189,mRNA
44882,15823619,15823681,62,mRNA
44883,15823752,15823924,172,mRNA
44884,15824042,15824276,234,mRNA
44885,15824335,15825722,1387,mRNA
44886,15812327,15812530,203,mRNA
44887,15819596,15819723,127,mRNA
44888,15819996,15820134,138,mRNA
44889,15820423,15820553,130,mRNA
44890,15823187,15823227,40,mRNA
44891,15823308,15823482,174,mRNA
44892,15823619,15823681,62,mRNA
44893,15823752,15823924,172,mRNA
44894,15824042,15824276,234,mRNA
44895,15824335,15825722,1387,mRNA
44896,15812327,15812438,111,mRNA
44897,15813601,15814295,694,mRNA
44898,15819596,15819723,127,mRNA
44899,15819996,15820134,138,mRNA
44900,15820423,15820553,130,mRNA
44901,15823187,15823227,40,mRNA
44902,15823308,15823482,174,mRNA
44903,15823619,15823681,62,mRNA
44904,15823752,15823924,172,mRNA
44905,15824042,15824276,234,mRNA
44906,15824335,15825722,1387,mRNA
44907,15812327,15812438,111,mRNA
44908,15813849,15814295,446,mRNA
44909,15819596,15819723,127,mRNA
44910,15819996,15820134,138,mRNA
44911,15820423,15820553,130,mRNA
44912,15823187,15823227,40,mRNA
44913,15823293,15823482,189,mRNA
44914,15823619,15823681,62,mRNA
44915,15823752,15823924,172,mRNA
44916,15824042,15824276,234,mRNA
44917,15824335,15825722,1387,mRNA
44918,15812327,15812534,207,mRNA
44919,15813601,15814295,694,mRNA
44920,15819596,15819723,127,mRNA
44921,15819996,15820134,138,mRNA
44922,15820423,15820553,130,mRNA
44923,15823187,15823227,40,mRNA
44924,15823293,15823482,189,mRNA
44925,15823619,15823681,62,mRNA
44926,15823752,15823924,172,mRNA
44927,15824042,15824276,234,mRNA
44928,15824335,15825495,1160,mRNA
44929,15812327,15812530,203,mRNA
44930,15813552,15813602,50,mRNA
44931,15813736,15814295,559,mRNA
44932,15819596,15819723,127,mRNA
44933,15819996,15820134,138,mRNA
44934,15820423,15820553,130,mRNA
44935,15823187,15823227,40,mRNA
44936,15823293,15823482,189,mRNA
44937,15823619,15823681,62,mRNA
44938,15823752,15823924,172,mRNA
44939,15824042,15824276,234,mRNA
44940,15824335,15825495,1160,mRNA
44941,15813553,15813606,53,mRNA
44942,15819596,15819723,127,mRNA
44943,15819996,15820134,138,mRNA
44944,15820423,15820553,130,mRNA
44945,15823187,15823227,40,mRNA
44946,15823308,15823482,174,mRNA
44947,15823619,15823681,62,mRNA
44948,15823752,15823924,172,mRNA
44949,15824042,15824276,234,mRNA
44950,15824335,15825722,1387,mRNA
44951,15814187,15814295,108,CDS
44952,15819596,15819723,127,CDS
44953,15819996,15820134,138,CDS
44954,15820423,15820553,130,CDS
44955,15823187,15823227,40,CDS
44956,15823293,15823482,189,CDS
44957,15823619,15823681,62,CDS
44958,15823752,15823924,172,CDS
44959,15824042,15824276,234,CDS
44960,15824335,15824448,113,CDS
44961,15814187,15814295,108,CDS
44962,15819596,15819723,127,CDS
44963,15819996,15820134,138,CDS
44964,15820423,15820553,130,CDS
44965,15823187,15823227,40,CDS
44966,15823293,15823482,189,CDS
44967,15823619,15823681,62,CDS
44968,15823752,15823924,172,CDS
44969,15824042,15824276,234,CDS
44970,15824335,15824448,113,CDS
44971,15814187,15814295,108,CDS
44972,15819596,15819723,127,CDS
44973,15819996,15820134,138,CDS
44974,15820423,15820553,130,CDS
44975,15823187,15823227,40,CDS
44976,15823293,15823482,189,CDS
44977,15823619,15823681,62,CDS
44978,15823752,15823924,172,CDS
44979,15824042,15824276,234,CDS
44980,15824335,15824448,113,CDS
44981,15814187,15814295,108,CDS
44982,15819596,15819723,127,CDS
44983,15819996,15820134,138,CDS
44984,15820423,15820553,130,CDS
44985,15823187,15823227,40,CDS
44986,15823293,15823482,189,CDS
44987,15823619,15823681,62,CDS
44988,15823752,15823924,172,CDS
44989,15824042,15824276,234,CDS
44990,15824335,15824448,113,CDS
44991,15814187,15814295,108,CDS
44992,15819596,15819723,127,CDS
44993,15819996,15820134,138,CDS
44994,15820423,15820553,130,CDS
44995,15823187,15823227,40,CDS
44996,15823293,15823482,189,CDS
44997,15823619,15823681,62,CDS
44998,15823752,15823924,172,CDS
44999,15824042,15824276,234,CDS
45000,15824335,15824448,113,CDS
45001,15814187,15814295,108,CDS
45002,15819596,15819723,127,CDS
45003,15819996,15820134,138,CDS
45004,15820423,15820553,130,CDS
45005,15823187,15823227,40,CDS
45006,15823293,15823482,189,CDS
45007,15823619,15823681,62,CDS
45008,15823752,15823924,172,CDS
45009,15824042,15824276,234,CDS
45010,15824335,15824448,113,CDS
45011,15814187,15814295,108,CDS
45012,15819596,15819723,127,CDS
45013,15819996,15820134,138,CDS
45014,15820423,15820553,130,CDS
45015,15823187,15823227,40,CDS
45016,15823293,15823482,189,CDS
45017,15823619,15823681,62,CDS
45018,15823752,15823924,172,CDS
45019,15824042,15824276,234,CDS
45020,15824335,15824448,113,CDS
45021,15814187,15814295,108,CDS
45022,15819596,15819723,127,CDS
45023,15819996,15820134,138,CDS
45024,15820423,15820553,130,CDS
45025,15823187,15823227,40,CDS
45026,15823308,15823482,174,CDS
45027,15823619,15823681,62,CDS
45028,15823752,15823924,172,CDS
45029,15824042,15824276,234,CDS
45030,15824335,15824448,113,CDS
45031,15814187,15814295,108,CDS
45032,15819596,15819723,127,CDS
45033,15819996,15820134,138,CDS
45034,15820423,15820553,130,CDS
45035,15823187,15823227,40,CDS
45036,15823308,15823482,174,CDS
45037,15823619,15823681,62,CDS
45038,15823752,15823924,172,CDS
45039,15824042,15824276,234,CDS
45040,15824335,15824448,113,CDS
45041,15814187,15814295,108,CDS
45042,15819596,15819723,127,CDS
45043,15819996,15820134,138,CDS
45044,15820423,15820553,130,CDS
45045,15823187,15823227,40,CDS
45046,15823308,15823482,174,CDS
45047,15823619,15823681,62,CDS
45048,15823752,15823924,172,CDS
45049,15824042,15824276,234,CDS
45050,15824335,15824448,113,CDS
45051,15815299,15815730,431,mRNA
45052,15819596,15819723,127,mRNA
45053,15819996,15820134,138,mRNA
45054,15820423,15820553,130,mRNA
45055,15821009,15821773,764,mRNA
45056,15823187,15823227,40,mRNA
45057,15823308,15823482,174,mRNA
45058,15823619,15823681,62,mRNA
45059,15823752,15823924,172,mRNA
45060,15824042,15824276,234,mRNA
45061,15824335,15825722,1387,mRNA
45062,15818151,15818518,367,mRNA
45063,15819596,15819723,127,mRNA
45064,15819996,15820134,138,mRNA
45065,15820423,15820553,130,mRNA
45066,15823187,15823227,40,mRNA
45067,15823308,15823482,174,mRNA
45068,15823619,15823681,62,mRNA
45069,15823752,15823924,172,mRNA
45070,15824042,15824276,234,mRNA
45071,15824335,15825722,1387,mRNA
45072,15819682,15819723,41,CDS
45073,15819996,15820134,138,CDS
45074,15820423,15820553,130,CDS
45075,15821009,15821773,764,CDS
45076,15823187,15823227,40,CDS
45077,15823308,15823482,174,CDS
45078,15823619,15823681,62,CDS
45079,15823752,15823924,172,CDS
45080,15824042,15824276,234,CDS
45081,15824335,15824448,113,CDS
45082,15819682,15819723,41,CDS
45083,15819996,15820134,138,CDS
45084,15820423,15820553,130,CDS
45085,15823187,15823227,40,CDS
45086,15823293,15823482,189,CDS
45087,15823619,15823681,62,CDS
45088,15823752,15823924,172,CDS
45089,15824042,15824276,234,CDS
45090,15824335,15824448,113,CDS
45091,15819682,15819723,41,CDS
45092,15819996,15820134,138,CDS
45093,15820423,15820553,130,CDS
45094,15823187,15823227,40,CDS
45095,15823308,15823482,174,CDS
45096,15823619,15823681,62,CDS
45097,15823752,15823924,172,CDS
45098,15824042,15824276,234,CDS
45099,15824335,15824448,113,CDS
45100,15819682,15819723,41,CDS
45101,15819996,15820134,138,CDS
45102,15820423,15820553,130,CDS
45103,15823187,15823227,40,CDS
45104,15823308,15823482,174,CDS
45105,15823619,15823681,62,CDS
45106,15823752,15823924,172,CDS
45107,15824042,15824276,234,CDS
45108,15824335,15824448,113,CDS
45109,15819682,15819723,41,CDS
45110,15819996,15820134,138,CDS
45111,15820423,15820553,130,CDS
45112,15823187,15823227,40,CDS
45113,15823308,15823482,174,CDS
45114,15823619,15823681,62,CDS
45115,15823752,15823924,172,CDS
45116,15824042,15824276,234,CDS
45117,15824335,15824448,113,CDS
45118,15819682,15819723,41,CDS
45119,15819996,15820134,138,CDS
45120,15820423,15820553,130,CDS
45121,15823187,15823227,40,CDS
45122,15823308,15823482,174,CDS
45123,15823619,15823681,62,CDS
45124,15823752,15823924,172,CDS
45125,15824042,15824276,234,CDS
45126,15824335,15824448,113,CDS
45127,15827986,15835490,7504,gene
45128,15835444,15835490,46,mRNA
45129,15834123,15834371,248,mRNA
45130,15833492,15833699,207,mRNA
45131,15828952,15833253,4301,mRNA
45132,15828716,15828882,166,mRNA
45133,15828563,15828649,86,mRNA
45134,15827986,15828502,516,mRNA
45135,15835338,15835490,152,mRNA
45136,15834123,15834371,248,mRNA
45137,15833492,15833699,207,mRNA
45138,15828952,15833253,4301,mRNA
45139,15828716,15828882,166,mRNA
45140,15828563,15828649,86,mRNA
45141,15827986,15828502,516,mRNA
45142,15835325,15835490,165,mRNA
45143,15834123,15834371,248,mRNA
45144,15833492,15833699,207,mRNA
45145,15828952,15833253,4301,mRNA
45146,15828716,15828882,166,mRNA
45147,15828563,15828649,86,mRNA
45148,15827986,15828502,516,mRNA
45149,15835325,15835490,165,mRNA
45150,15834821,15834912,91,mRNA
45151,15834123,15834371,248,mRNA
45152,15833492,15833699,207,mRNA
45153,15828952,15833253,4301,mRNA
45154,15828716,15828882,166,mRNA
45155,15828563,15828649,86,mRNA
45156,15827986,15828502,516,mRNA
45157,15835287,15835490,203,mRNA
45158,15834123,15834371,248,mRNA
45159,15833492,15833699,207,mRNA
45160,15828952,15833253,4301,mRNA
45161,15828716,15828882,166,mRNA
45162,15828563,15828649,86,mRNA
45163,15827986,15828502,516,mRNA
45164,15835228,15835490,262,mRNA
45165,15834123,15834371,248,mRNA
45166,15833492,15833699,207,mRNA
45167,15828952,15833253,4301,mRNA
45168,15828716,15828882,166,mRNA
45169,15828563,15828649,86,mRNA
45170,15827986,15828502,516,mRNA
45171,15834632,15834754,122,mRNA
45172,15834123,15834371,248,mRNA
45173,15833492,15833699,207,mRNA
45174,15828952,15833253,4301,mRNA
45175,15828716,15828882,166,mRNA
45176,15828563,15828649,86,mRNA
45177,15827986,15828502,516,mRNA
45178,15834123,15834164,41,CDS
45179,15833492,15833699,207,CDS
45180,15828952,15833253,4301,CDS
45181,15828716,15828882,166,CDS
45182,15828563,15828649,86,CDS
45183,15828272,15828502,230,CDS
45184,15834123,15834164,41,CDS
45185,15833492,15833699,207,CDS
45186,15828952,15833253,4301,CDS
45187,15828716,15828882,166,CDS
45188,15828563,15828649,86,CDS
45189,15828272,15828502,230,CDS
45190,15834123,15834164,41,CDS
45191,15833492,15833699,207,CDS
45192,15828952,15833253,4301,CDS
45193,15828716,15828882,166,CDS
45194,15828563,15828649,86,CDS
45195,15828272,15828502,230,CDS
45196,15834123,15834164,41,CDS
45197,15833492,15833699,207,CDS
45198,15828952,15833253,4301,CDS
45199,15828716,15828882,166,CDS
45200,15828563,15828649,86,CDS
45201,15828272,15828502,230,CDS
45202,15834123,15834164,41,CDS
45203,15833492,15833699,207,CDS
45204,15828952,15833253,4301,CDS
45205,15828716,15828882,166,CDS
45206,15828563,15828649,86,CDS
45207,15828272,15828502,230,CDS
45208,15834123,15834164,41,CDS
45209,15833492,15833699,207,CDS
45210,15828952,15833253,4301,CDS
45211,15828716,15828882,166,CDS
45212,15828563,15828649,86,CDS
45213,15828272,15828502,230,CDS
45214,15834123,15834164,41,CDS
45215,15833492,15833699,207,CDS
45216,15828952,15833253,4301,CDS
45217,15828716,15828882,166,CDS
45218,15828563,15828649,86,CDS
45219,15828272,15828502,230,CDS
45220,15835601,15836923,1322,gene
45221,15835601,15835623,22,ncRNA
45222,15836116,15836208,92,ncRNA
45223,15836282,15836674,392,ncRNA
45224,15836738,15836923,185,ncRNA
45225,15835853,15835945,92,mobile_element
45226,15836115,15836208,93,ncRNA
45227,15836282,15836397,115,ncRNA
45228,15836457,15836674,217,ncRNA
45229,15836738,15836923,185,ncRNA
45230,15836115,15836208,93,ncRNA
45231,15836282,15836397,115,ncRNA
45232,15836525,15836674,149,ncRNA
45233,15836738,15836923,185,ncRNA
45234,15836994,15837219,225,mobile_element
45235,15837830,15841160,3330,gene
45236,15837830,15837979,149,mRNA
45237,15838357,15839494,1137,mRNA
45238,15839551,15840028,477,mRNA
45239,15840281,15841160,879,mRNA
45240,15838380,15839494,1114,CDS
45241,15839551,15840028,477,CDS
45242,15840281,15841060,779,CDS
45243,15841253,15841619,366,mobile_element
45244,15841769,15844145,2376,gene
45245,15844040,15844145,105,mRNA
45246,15843853,15843981,128,mRNA
45247,15843443,15843789,346,mRNA
45248,15843055,15843384,329,mRNA
45249,15841769,15842991,1222,mRNA
45250,15844040,15844081,41,CDS
45251,15843853,15843981,128,CDS
45252,15843443,15843789,346,CDS
45253,15843055,15843384,329,CDS
45254,15841842,15842991,1149,CDS
45255,15844476,15847858,3382,gene
45256,15844476,15844531,55,mRNA
45257,15845327,15845468,141,mRNA
45258,15845642,15845926,284,mRNA
45259,15845984,15846347,363,mRNA
45260,15846409,15846567,158,mRNA
45261,15846957,15847141,184,mRNA
45262,15847203,15847858,655,mRNA
45263,15844476,15844531,55,mRNA
45264,15845327,15845468,141,mRNA
45265,15845642,15845926,284,mRNA
45266,15845984,15846347,363,mRNA
45267,15846409,15846567,158,mRNA
45268,15846957,15847141,184,mRNA
45269,15847203,15847626,423,mRNA
45270,15844637,15844672,35,mRNA
45271,15845327,15845468,141,mRNA
45272,15845642,15845926,284,mRNA
45273,15845984,15846347,363,mRNA
45274,15846409,15846567,158,mRNA
45275,15846957,15847141,184,mRNA
45276,15847203,15847505,302,mRNA
45277,15845382,15845468,86,CDS
45278,15845642,15845926,284,CDS
45279,15845984,15846347,363,CDS
45280,15846409,15846567,158,CDS
45281,15846957,15847141,184,CDS
45282,15847203,15847313,110,CDS
45283,15845382,15845468,86,CDS
45284,15845642,15845926,284,CDS
45285,15845984,15846347,363,CDS
45286,15846409,15846567,158,CDS
45287,15846957,15847141,184,CDS
45288,15847203,15847313,110,CDS
45289,15845382,15845468,86,CDS
45290,15845642,15845926,284,CDS
45291,15845984,15846347,363,CDS
45292,15846409,15846567,158,CDS
45293,15846957,15847141,184,CDS
45294,15847203,15847313,110,CDS
45295,15847859,15849258,1399,gene
45296,15849136,15849258,122,mRNA
45297,15848886,15849016,130,mRNA
45298,15847859,15848004,145,mRNA
45299,15849136,15849258,122,mRNA
45300,15848886,15849016,130,mRNA
45301,15848298,15848347,49,mRNA
45302,15847859,15848004,145,mRNA
45303,15849136,15849164,28,CDS
45304,15848886,15849016,130,CDS
45305,15847979,15848004,25,CDS
45306,15849136,15849164,28,CDS
45307,15848886,15849016,130,CDS
45308,15848334,15848347,13,CDS
45309,15849731,15853175,3444,gene
45310,15853143,15853175,32,mRNA
45311,15851585,15852739,1154,mRNA
45312,15851088,15851196,108,mRNA
45313,15850546,15850710,164,mRNA
45314,15849731,15850428,697,mRNA
45315,15853053,15853175,122,mRNA
45316,15851585,15852739,1154,mRNA
45317,15851088,15851196,108,mRNA
45318,15850546,15850710,164,mRNA
45319,15849731,15850428,697,mRNA
45320,15853042,15853175,133,mRNA
45321,15851585,15852739,1154,mRNA
45322,15851088,15851196,108,mRNA
45323,15850546,15850710,164,mRNA
45324,15850315,15850428,113,mRNA
45325,15851585,15852289,704,CDS
45326,15851088,15851196,108,CDS
45327,15850546,15850710,164,CDS
45328,15850364,15850428,64,CDS
45329,15851585,15852289,704,CDS
45330,15851088,15851196,108,CDS
45331,15850546,15850710,164,CDS
45332,15850364,15850428,64,CDS
45333,15851585,15852289,704,CDS
45334,15851088,15851196,108,CDS
45335,15850546,15850710,164,CDS
45336,15850364,15850428,64,CDS
45337,15853421,15854970,1549,gene
45338,15853421,15853530,109,mRNA
45339,15853606,15853888,282,mRNA
45340,15853942,15854970,1028,mRNA
45341,15853446,15853530,84,CDS
45342,15853606,15853888,282,CDS
45343,15853942,15854707,765,CDS
45344,15854832,15857823,2991,gene
45345,15857677,15857823,146,mRNA
45346,15855790,15857613,1823,mRNA
45347,15854832,15855725,893,mRNA
45348,15857717,15857823,106,mRNA
45349,15855790,15857545,1755,mRNA
45350,15854857,15855725,868,mRNA
45351,15857641,15857823,182,mRNA
45352,15855790,15857545,1755,mRNA
45353,15854857,15855725,868,mRNA
45354,15855790,15857823,2033,mRNA
45355,15854857,15855725,868,mRNA
45356,15855790,15857104,1314,CDS
45357,15855067,15855725,658,CDS
45358,15855790,15857104,1314,CDS
45359,15855067,15855725,658,CDS
45360,15855790,15857104,1314,CDS
45361,15855067,15855725,658,CDS
45362,15855790,15857104,1314,CDS
45363,15855067,15855725,658,CDS
45364,15858134,15859487,1353,gene
45365,15859193,15859487,294,mRNA
45366,15858600,15859141,541,mRNA
45367,15858134,15858537,403,mRNA
45368,15859193,15859379,186,mRNA
45369,15858600,15859141,541,mRNA
45370,15858134,15858537,403,mRNA
45371,15859193,15859309,116,CDS
45372,15858600,15859141,541,CDS
45373,15858198,15858537,339,CDS
45374,15859193,15859309,116,CDS
45375,15858600,15859141,541,CDS
45376,15858198,15858537,339,CDS
45377,15860115,15866175,6060,gene
45378,15860115,15860322,207,mRNA
45379,15861224,15861492,268,mRNA
45380,15861566,15866175,4609,mRNA
45381,15860115,15860322,207,mRNA
45382,15861140,15861492,352,mRNA
45383,15861566,15866084,4518,mRNA
45384,15860115,15860250,135,mRNA
45385,15860745,15861153,408,mRNA
45386,15861236,15861492,256,mRNA
45387,15861566,15866084,4518,mRNA
45388,15860115,15860250,135,mRNA
45389,15861377,15861486,109,mRNA
45390,15861566,15863169,1603,mRNA
45391,15860115,15860250,135,mRNA
45392,15860989,15861492,503,mRNA
45393,15861566,15862846,1280,mRNA
45394,15860706,15861492,786,mRNA
45395,15861566,15863169,1603,mRNA
45396,15861774,15862796,1022,CDS
45397,15861774,15862796,1022,CDS
45398,15861774,15862796,1022,CDS
45399,15861774,15862796,1022,CDS
45400,15861774,15862796,1022,CDS
45401,15861774,15862796,1022,CDS
45402,15868145,15869661,1516,gene
45403,15868145,15868243,98,mRNA
45404,15868318,15869661,1343,mRNA
45405,15868211,15868243,32,mRNA
45406,15868318,15869661,1343,mRNA
45407,15868336,15869334,998,CDS
45408,15868336,15869334,998,CDS
45409,15870183,15875607,5424,gene
45410,15870183,15870488,305,mRNA
45411,15871361,15871523,162,mRNA
45412,15871859,15871969,110,mRNA
45413,15872030,15872614,584,mRNA
45414,15872692,15875205,2513,mRNA
45415,15875307,15875607,300,mRNA
45416,15870183,15870586,403,mRNA
45417,15871361,15871523,162,mRNA
45418,15871859,15871969,110,mRNA
45419,15872030,15872614,584,mRNA
45420,15872692,15875205,2513,mRNA
45421,15875268,15875530,262,mRNA
45422,15870183,15870565,382,mRNA
45423,15871361,15871523,162,mRNA
45424,15871859,15871969,110,mRNA
45425,15872030,15872614,584,mRNA
45426,15872692,15875205,2513,mRNA
45427,15875268,15875530,262,mRNA
45428,15870183,15870398,215,mRNA
45429,15871361,15871523,162,mRNA
45430,15871859,15871969,110,mRNA
45431,15872030,15872614,584,mRNA
45432,15872692,15875205,2513,mRNA
45433,15875268,15875530,262,mRNA
45434,15870183,15870398,215,mRNA
45435,15871361,15871523,162,mRNA
45436,15871859,15871969,110,mRNA
45437,15872030,15872614,584,mRNA
45438,15872692,15875205,2513,mRNA
45439,15875268,15875530,262,mRNA
45440,15870183,15870213,30,mRNA
45441,15871361,15871523,162,mRNA
45442,15871859,15871969,110,mRNA
45443,15872030,15872614,584,mRNA
45444,15872692,15875205,2513,mRNA
45445,15875268,15875530,262,mRNA
45446,15872192,15872614,422,CDS
45447,15872692,15875205,2513,CDS
45448,15875268,15875462,194,CDS
45449,15872192,15872614,422,CDS
45450,15872692,15875205,2513,CDS
45451,15875268,15875411,143,CDS
45452,15872192,15872614,422,CDS
45453,15872692,15875205,2513,CDS
45454,15875268,15875411,143,CDS
45455,15872192,15872614,422,CDS
45456,15872692,15875205,2513,CDS
45457,15875268,15875411,143,CDS
45458,15872192,15872614,422,CDS
45459,15872692,15875205,2513,CDS
45460,15875268,15875411,143,CDS
45461,15872192,15872614,422,CDS
45462,15872692,15875205,2513,CDS
45463,15875307,15875411,104,CDS
45464,15876368,15887311,10943,gene
45465,15887038,15887311,273,mRNA
45466,15884443,15885943,1500,mRNA
45467,15883433,15884374,941,mRNA
45468,15883194,15883367,173,mRNA
45469,15883092,15883133,41,mRNA
45470,15883009,15883035,26,mRNA
45471,15882175,15882591,416,mRNA
45472,15880548,15882109,1561,mRNA
45473,15880288,15880485,197,mRNA
45474,15879740,15880221,481,mRNA
45475,15879266,15879666,400,mRNA
45476,15878750,15879188,438,mRNA
45477,15878597,15878684,87,mRNA
45478,15876368,15878471,2103,mRNA
45479,15887118,15887311,193,mRNA
45480,15884443,15885943,1500,mRNA
45481,15883433,15884374,941,mRNA
45482,15883194,15883367,173,mRNA
45483,15883092,15883133,41,mRNA
45484,15883009,15883035,26,mRNA
45485,15882175,15882591,416,mRNA
45486,15880548,15882109,1561,mRNA
45487,15880288,15880485,197,mRNA
45488,15879740,15880221,481,mRNA
45489,15879266,15879666,400,mRNA
45490,15878750,15879188,438,mRNA
45491,15878597,15878684,87,mRNA
45492,15876683,15878471,1788,mRNA
45493,15887013,15887311,298,mRNA
45494,15884443,15885943,1500,mRNA
45495,15883433,15884374,941,mRNA
45496,15883194,15883364,170,mRNA
45497,15883092,15883133,41,mRNA
45498,15883009,15883035,26,mRNA
45499,15882175,15882591,416,mRNA
45500,15880548,15882109,1561,mRNA
45501,15880288,15880485,197,mRNA
45502,15879740,15880221,481,mRNA
45503,15879266,15879666,400,mRNA
45504,15878750,15879188,438,mRNA
45505,15878597,15878684,87,mRNA
45506,15876683,15878471,1788,mRNA
45507,15887013,15887311,298,mRNA
45508,15884443,15885943,1500,mRNA
45509,15883433,15884374,941,mRNA
45510,15883194,15883367,173,mRNA
45511,15883092,15883133,41,mRNA
45512,15883009,15883035,26,mRNA
45513,15882175,15882591,416,mRNA
45514,15880548,15882109,1561,mRNA
45515,15880288,15880485,197,mRNA
45516,15879740,15880221,481,mRNA
45517,15879266,15879666,400,mRNA
45518,15878750,15879188,438,mRNA
45519,15878597,15878684,87,mRNA
45520,15876683,15878471,1788,mRNA
45521,15884443,15885894,1451,CDS
45522,15883433,15884374,941,CDS
45523,15883194,15883364,170,CDS
45524,15883092,15883133,41,CDS
45525,15883009,15883035,26,CDS
45526,15882175,15882591,416,CDS
45527,15880548,15882109,1561,CDS
45528,15880288,15880485,197,CDS
45529,15879740,15880221,481,CDS
45530,15879266,15879666,400,CDS
45531,15878750,15879188,438,CDS
45532,15878597,15878684,87,CDS
45533,15877235,15878471,1236,CDS
45534,15884443,15885894,1451,CDS
45535,15883433,15884374,941,CDS
45536,15883194,15883367,173,CDS
45537,15883092,15883133,41,CDS
45538,15883009,15883035,26,CDS
45539,15882175,15882591,416,CDS
45540,15880548,15882109,1561,CDS
45541,15880288,15880485,197,CDS
45542,15879740,15880221,481,CDS
45543,15879266,15879666,400,CDS
45544,15878750,15879188,438,CDS
45545,15878597,15878684,87,CDS
45546,15877235,15878471,1236,CDS
45547,15884443,15885894,1451,CDS
45548,15883433,15884374,941,CDS
45549,15883194,15883367,173,CDS
45550,15883092,15883133,41,CDS
45551,15883009,15883035,26,CDS
45552,15882175,15882591,416,CDS
45553,15880548,15882109,1561,CDS
45554,15880288,15880485,197,CDS
45555,15879740,15880221,481,CDS
45556,15879266,15879666,400,CDS
45557,15878750,15879188,438,CDS
45558,15878597,15878684,87,CDS
45559,15877235,15878471,1236,CDS
45560,15884443,15885894,1451,CDS
45561,15883433,15884374,941,CDS
45562,15883194,15883367,173,CDS
45563,15883092,15883133,41,CDS
45564,15883009,15883035,26,CDS
45565,15882175,15882591,416,CDS
45566,15880548,15882109,1561,CDS
45567,15880288,15880485,197,CDS
45568,15879740,15880221,481,CDS
45569,15879266,15879666,400,CDS
45570,15878750,15879188,438,CDS
45571,15878597,15878684,87,CDS
45572,15877235,15878471,1236,CDS
45573,15887567,15890109,2542,gene
45574,15890032,15890109,77,mRNA
45575,15889909,15889964,55,mRNA
45576,15889302,15889732,430,mRNA
45577,15888344,15888496,152,mRNA
45578,15887567,15888268,701,mRNA
45579,15889909,15890109,200,mRNA
45580,15889302,15889732,430,mRNA
45581,15888344,15888496,152,mRNA
45582,15887567,15888268,701,mRNA
45583,15889909,15890109,200,mRNA
45584,15889302,15889748,446,mRNA
45585,15888344,15888496,152,mRNA
45586,15887567,15888268,701,mRNA
45587,15889302,15889662,360,CDS
45588,15888344,15888496,152,CDS
45589,15888036,15888268,232,CDS
45590,15889302,15889662,360,CDS
45591,15888344,15888496,152,CDS
45592,15888036,15888268,232,CDS
45593,15889302,15889662,360,CDS
45594,15888344,15888496,152,CDS
45595,15888036,15888268,232,CDS
45596,15890589,15891547,958,gene
45597,15890589,15891547,958,mRNA
45598,15890672,15891487,815,CDS
45599,15892116,15906716,14600,gene
45600,15892116,15892166,50,mRNA
45601,15892828,15893150,322,mRNA
45602,15894693,15894766,73,mRNA
45603,15894835,15895591,756,mRNA
45604,15895662,15895778,116,mRNA
45605,15895846,15896074,228,mRNA
45606,15896147,15896304,157,mRNA
45607,15896366,15896472,106,mRNA
45608,15897102,15897295,193,mRNA
45609,15898955,15899074,119,mRNA
45610,15901544,15901747,203,mRNA
45611,15901823,15901916,93,mRNA
45612,15901978,15902117,139,mRNA
45613,15902190,15902332,142,mRNA
45614,15905774,15906252,478,mRNA
45615,15892116,15892166,50,mRNA
45616,15892828,15893150,322,mRNA
45617,15894693,15894766,73,mRNA
45618,15894835,15895591,756,mRNA
45619,15895662,15895778,116,mRNA
45620,15895846,15896074,228,mRNA
45621,15896147,15896304,157,mRNA
45622,15896366,15896472,106,mRNA
45623,15897102,15897295,193,mRNA
45624,15898955,15899074,119,mRNA
45625,15901544,15901747,203,mRNA
45626,15901823,15901916,93,mRNA
45627,15901978,15902117,139,mRNA
45628,15902190,15902332,142,mRNA
45629,15903790,15905068,1278,mRNA
45630,15892200,15892251,51,mRNA
45631,15892828,15893150,322,mRNA
45632,15894693,15894766,73,mRNA
45633,15894835,15895591,756,mRNA
45634,15895662,15895778,116,mRNA
45635,15895846,15896074,228,mRNA
45636,15896147,15896304,157,mRNA
45637,15896366,15896472,106,mRNA
45638,15896707,15896763,56,mRNA
45639,15897102,15897295,193,mRNA
45640,15898955,15899074,119,mRNA
45641,15901544,15901747,203,mRNA
45642,15901823,15901916,93,mRNA
45643,15901978,15902117,139,mRNA
45644,15902190,15902332,142,mRNA
45645,15905774,15906716,942,mRNA
45646,15892200,15892251,51,mRNA
45647,15892828,15893150,322,mRNA
45648,15894693,15894766,73,mRNA
45649,15894835,15895591,756,mRNA
45650,15895662,15895778,116,mRNA
45651,15895846,15896074,228,mRNA
45652,15896147,15896304,157,mRNA
45653,15896366,15896472,106,mRNA
45654,15897102,15897295,193,mRNA
45655,15898955,15899074,119,mRNA
45656,15899444,15899455,11,mRNA
45657,15901544,15901747,203,mRNA
45658,15901823,15901916,93,mRNA
45659,15901978,15902117,139,mRNA
45660,15902190,15902332,142,mRNA
45661,15905774,15906716,942,mRNA
45662,15892200,15892440,240,mRNA
45663,15892828,15893150,322,mRNA
45664,15894693,15894766,73,mRNA
45665,15894835,15895591,756,mRNA
45666,15895662,15895778,116,mRNA
45667,15895846,15896074,228,mRNA
45668,15896147,15896304,157,mRNA
45669,15896366,15896472,106,mRNA
45670,15897102,15897295,193,mRNA
45671,15898955,15899074,119,mRNA
45672,15901544,15901747,203,mRNA
45673,15901823,15901916,93,mRNA
45674,15901978,15902117,139,mRNA
45675,15902190,15902332,142,mRNA
45676,15905774,15906252,478,mRNA
45677,15892200,15892360,160,mRNA
45678,15892828,15893150,322,mRNA
45679,15894693,15894766,73,mRNA
45680,15894835,15895591,756,mRNA
45681,15895662,15895778,116,mRNA
45682,15895846,15896074,228,mRNA
45683,15896147,15896304,157,mRNA
45684,15896366,15896472,106,mRNA
45685,15897102,15897295,193,mRNA
45686,15898955,15899074,119,mRNA
45687,15901544,15901747,203,mRNA
45688,15901823,15901916,93,mRNA
45689,15901978,15902117,139,mRNA
45690,15902190,15902332,142,mRNA
45691,15905774,15906252,478,mRNA
45692,15892200,15892251,51,mRNA
45693,15892828,15893150,322,mRNA
45694,15894693,15894766,73,mRNA
45695,15894835,15895591,756,mRNA
45696,15895662,15895778,116,mRNA
45697,15895846,15896074,228,mRNA
45698,15896147,15896304,157,mRNA
45699,15896366,15896472,106,mRNA
45700,15897102,15897295,193,mRNA
45701,15898955,15899074,119,mRNA
45702,15901544,15901747,203,mRNA
45703,15901823,15901916,93,mRNA
45704,15901978,15902117,139,mRNA
45705,15902190,15902332,142,mRNA
45706,15905774,15906252,478,mRNA
45707,15892200,15892417,217,mRNA
45708,15892828,15893150,322,mRNA
45709,15894693,15894766,73,mRNA
45710,15894835,15895591,756,mRNA
45711,15895662,15895778,116,mRNA
45712,15895846,15896074,228,mRNA
45713,15896147,15896304,157,mRNA
45714,15896366,15896472,106,mRNA
45715,15897102,15897295,193,mRNA
45716,15898955,15899074,119,mRNA
45717,15899444,15899455,11,mRNA
45718,15901544,15901747,203,mRNA
45719,15901823,15901916,93,mRNA
45720,15901978,15902117,139,mRNA
45721,15902190,15902332,142,mRNA
45722,15903790,15905667,1877,mRNA
45723,15892200,15892581,381,mRNA
45724,15892828,15893150,322,mRNA
45725,15894693,15894766,73,mRNA
45726,15894835,15895591,756,mRNA
45727,15895662,15895778,116,mRNA
45728,15895846,15896074,228,mRNA
45729,15896147,15896304,157,mRNA
45730,15896366,15896472,106,mRNA
45731,15897102,15897295,193,mRNA
45732,15898955,15899074,119,mRNA
45733,15901544,15901747,203,mRNA
45734,15901823,15901916,93,mRNA
45735,15901978,15902117,139,mRNA
45736,15902190,15902332,142,mRNA
45737,15903790,15905068,1278,mRNA
45738,15892200,15892569,369,mRNA
45739,15892828,15893150,322,mRNA
45740,15894693,15894766,73,mRNA
45741,15894835,15895591,756,mRNA
45742,15895662,15895778,116,mRNA
45743,15895846,15896074,228,mRNA
45744,15896147,15896304,157,mRNA
45745,15896366,15896472,106,mRNA
45746,15897102,15897295,193,mRNA
45747,15898955,15899074,119,mRNA
45748,15901544,15901747,203,mRNA
45749,15901823,15901916,93,mRNA
45750,15901978,15902117,139,mRNA
45751,15902190,15902332,142,mRNA
45752,15903790,15905068,1278,mRNA
45753,15892200,15892440,240,mRNA
45754,15892828,15893150,322,mRNA
45755,15894693,15894766,73,mRNA
45756,15894835,15895591,756,mRNA
45757,15895662,15895778,116,mRNA
45758,15895846,15896074,228,mRNA
45759,15896147,15896304,157,mRNA
45760,15896366,15896472,106,mRNA
45761,15897102,15897295,193,mRNA
45762,15898955,15899074,119,mRNA
45763,15899444,15899455,11,mRNA
45764,15900255,15900260,5,mRNA
45765,15901544,15901747,203,mRNA
45766,15901823,15901916,93,mRNA
45767,15901978,15902117,139,mRNA
45768,15902190,15902332,142,mRNA
45769,15903790,15905068,1278,mRNA
45770,15892200,15892440,240,mRNA
45771,15892828,15893150,322,mRNA
45772,15894693,15894766,73,mRNA
45773,15894835,15895591,756,mRNA
45774,15895662,15895778,116,mRNA
45775,15895846,15896074,228,mRNA
45776,15896147,15896304,157,mRNA
45777,15896366,15896472,106,mRNA
45778,15897102,15897295,193,mRNA
45779,15898955,15899074,119,mRNA
45780,15901544,15901747,203,mRNA
45781,15901823,15901916,93,mRNA
45782,15901978,15902117,139,mRNA
45783,15902190,15902332,142,mRNA
45784,15903790,15905068,1278,mRNA
45785,15892200,15892251,51,mRNA
45786,15892828,15893150,322,mRNA
45787,15894693,15894766,73,mRNA
45788,15894835,15895591,756,mRNA
45789,15895662,15895778,116,mRNA
45790,15895846,15896074,228,mRNA
45791,15896147,15896304,157,mRNA
45792,15896366,15896472,106,mRNA
45793,15897102,15897295,193,mRNA
45794,15898955,15899074,119,mRNA
45795,15901544,15901747,203,mRNA
45796,15901823,15901916,93,mRNA
45797,15901978,15902117,139,mRNA
45798,15902190,15902332,142,mRNA
45799,15903790,15905068,1278,mRNA
45800,15892889,15893150,261,mRNA
45801,15894693,15894766,73,mRNA
45802,15894835,15895591,756,mRNA
45803,15895662,15895778,116,mRNA
45804,15895846,15896074,228,mRNA
45805,15896147,15896304,157,mRNA
45806,15896366,15896472,106,mRNA
45807,15897102,15897295,193,mRNA
45808,15898955,15899074,119,mRNA
45809,15899444,15899455,11,mRNA
45810,15900255,15900260,5,mRNA
45811,15901544,15901747,203,mRNA
45812,15901823,15901916,93,mRNA
45813,15901978,15902117,139,mRNA
45814,15902190,15902332,142,mRNA
45815,15905774,15906252,478,mRNA
45816,15892889,15893150,261,mRNA
45817,15894693,15894766,73,mRNA
45818,15894835,15895591,756,mRNA
45819,15895662,15895778,116,mRNA
45820,15895846,15896074,228,mRNA
45821,15896147,15896304,157,mRNA
45822,15896366,15896472,106,mRNA
45823,15897102,15897295,193,mRNA
45824,15898955,15899074,119,mRNA
45825,15901544,15901747,203,mRNA
45826,15901823,15901916,93,mRNA
45827,15901978,15902117,139,mRNA
45828,15902190,15902332,142,mRNA
45829,15903790,15905068,1278,mRNA
45830,15893005,15893150,145,CDS
45831,15894693,15894766,73,CDS
45832,15894835,15895591,756,CDS
45833,15895662,15895778,116,CDS
45834,15895846,15896074,228,CDS
45835,15896147,15896304,157,CDS
45836,15896366,15896472,106,CDS
45837,15896707,15896763,56,CDS
45838,15897102,15897295,193,CDS
45839,15898955,15899074,119,CDS
45840,15901544,15901747,203,CDS
45841,15901823,15901916,93,CDS
45842,15901978,15902117,139,CDS
45843,15902190,15902332,142,CDS
45844,15905774,15905924,150,CDS
45845,15893005,15893150,145,CDS
45846,15894693,15894766,73,CDS
45847,15894835,15895591,756,CDS
45848,15895662,15895778,116,CDS
45849,15895846,15896074,228,CDS
45850,15896147,15896304,157,CDS
45851,15896366,15896472,106,CDS
45852,15897102,15897295,193,CDS
45853,15898955,15899074,119,CDS
45854,15899444,15899455,11,CDS
45855,15900255,15900260,5,CDS
45856,15901544,15901747,203,CDS
45857,15901823,15901916,93,CDS
45858,15901978,15902117,139,CDS
45859,15902190,15902332,142,CDS
45860,15905774,15905924,150,CDS
45861,15893005,15893150,145,CDS
45862,15894693,15894766,73,CDS
45863,15894835,15895591,756,CDS
45864,15895662,15895778,116,CDS
45865,15895846,15896074,228,CDS
45866,15896147,15896304,157,CDS
45867,15896366,15896472,106,CDS
45868,15897102,15897295,193,CDS
45869,15898955,15899074,119,CDS
45870,15899444,15899455,11,CDS
45871,15901544,15901747,203,CDS
45872,15901823,15901916,93,CDS
45873,15901978,15902117,139,CDS
45874,15902190,15902332,142,CDS
45875,15905774,15905924,150,CDS
45876,15893005,15893150,145,CDS
45877,15894693,15894766,73,CDS
45878,15894835,15895591,756,CDS
45879,15895662,15895778,116,CDS
45880,15895846,15896074,228,CDS
45881,15896147,15896304,157,CDS
45882,15896366,15896472,106,CDS
45883,15897102,15897295,193,CDS
45884,15898955,15899074,119,CDS
45885,15901544,15901747,203,CDS
45886,15901823,15901916,93,CDS
45887,15901978,15902117,139,CDS
45888,15902190,15902332,142,CDS
45889,15905774,15905924,150,CDS
45890,15893005,15893150,145,CDS
45891,15894693,15894766,73,CDS
45892,15894835,15895591,756,CDS
45893,15895662,15895778,116,CDS
45894,15895846,15896074,228,CDS
45895,15896147,15896304,157,CDS
45896,15896366,15896472,106,CDS
45897,15897102,15897295,193,CDS
45898,15898955,15899074,119,CDS
45899,15901544,15901747,203,CDS
45900,15901823,15901916,93,CDS
45901,15901978,15902117,139,CDS
45902,15902190,15902332,142,CDS
45903,15905774,15905924,150,CDS
45904,15893005,15893150,145,CDS
45905,15894693,15894766,73,CDS
45906,15894835,15895591,756,CDS
45907,15895662,15895778,116,CDS
45908,15895846,15896074,228,CDS
45909,15896147,15896304,157,CDS
45910,15896366,15896472,106,CDS
45911,15897102,15897295,193,CDS
45912,15898955,15899074,119,CDS
45913,15901544,15901747,203,CDS
45914,15901823,15901916,93,CDS
45915,15901978,15902117,139,CDS
45916,15902190,15902332,142,CDS
45917,15905774,15905924,150,CDS
45918,15893005,15893150,145,CDS
45919,15894693,15894766,73,CDS
45920,15894835,15895591,756,CDS
45921,15895662,15895778,116,CDS
45922,15895846,15896074,228,CDS
45923,15896147,15896304,157,CDS
45924,15896366,15896472,106,CDS
45925,15897102,15897295,193,CDS
45926,15898955,15899074,119,CDS
45927,15901544,15901747,203,CDS
45928,15901823,15901916,93,CDS
45929,15901978,15902117,139,CDS
45930,15902190,15902332,142,CDS
45931,15905774,15905924,150,CDS
45932,15893005,15893150,145,CDS
45933,15894693,15894766,73,CDS
45934,15894835,15895591,756,CDS
45935,15895662,15895778,116,CDS
45936,15895846,15896074,228,CDS
45937,15896147,15896304,157,CDS
45938,15896366,15896472,106,CDS
45939,15897102,15897295,193,CDS
45940,15898955,15899074,119,CDS
45941,15899444,15899455,11,CDS
45942,15900255,15900260,5,CDS
45943,15901544,15901747,203,CDS
45944,15901823,15901916,93,CDS
45945,15901978,15902117,139,CDS
45946,15902190,15902332,142,CDS
45947,15903790,15903799,9,CDS
45948,15893005,15893150,145,CDS
45949,15894693,15894766,73,CDS
45950,15894835,15895591,756,CDS
45951,15895662,15895778,116,CDS
45952,15895846,15896074,228,CDS
45953,15896147,15896304,157,CDS
45954,15896366,15896472,106,CDS
45955,15897102,15897295,193,CDS
45956,15898955,15899074,119,CDS
45957,15899444,15899455,11,CDS
45958,15901544,15901747,203,CDS
45959,15901823,15901916,93,CDS
45960,15901978,15902117,139,CDS
45961,15902190,15902332,142,CDS
45962,15903790,15903799,9,CDS
45963,15893005,15893150,145,CDS
45964,15894693,15894766,73,CDS
45965,15894835,15895591,756,CDS
45966,15895662,15895778,116,CDS
45967,15895846,15896074,228,CDS
45968,15896147,15896304,157,CDS
45969,15896366,15896472,106,CDS
45970,15897102,15897295,193,CDS
45971,15898955,15899074,119,CDS
45972,15901544,15901747,203,CDS
45973,15901823,15901916,93,CDS
45974,15901978,15902117,139,CDS
45975,15902190,15902332,142,CDS
45976,15903790,15903799,9,CDS
45977,15893005,15893150,145,CDS
45978,15894693,15894766,73,CDS
45979,15894835,15895591,756,CDS
45980,15895662,15895778,116,CDS
45981,15895846,15896074,228,CDS
45982,15896147,15896304,157,CDS
45983,15896366,15896472,106,CDS
45984,15897102,15897295,193,CDS
45985,15898955,15899074,119,CDS
45986,15901544,15901747,203,CDS
45987,15901823,15901916,93,CDS
45988,15901978,15902117,139,CDS
45989,15902190,15902332,142,CDS
45990,15903790,15903799,9,CDS
45991,15893005,15893150,145,CDS
45992,15894693,15894766,73,CDS
45993,15894835,15895591,756,CDS
45994,15895662,15895778,116,CDS
45995,15895846,15896074,228,CDS
45996,15896147,15896304,157,CDS
45997,15896366,15896472,106,CDS
45998,15897102,15897295,193,CDS
45999,15898955,15899074,119,CDS
46000,15901544,15901747,203,CDS
46001,15901823,15901916,93,CDS
46002,15901978,15902117,139,CDS
46003,15902190,15902332,142,CDS
46004,15903790,15903799,9,CDS
46005,15893005,15893150,145,CDS
46006,15894693,15894766,73,CDS
46007,15894835,15895591,756,CDS
46008,15895662,15895778,116,CDS
46009,15895846,15896074,228,CDS
46010,15896147,15896304,157,CDS
46011,15896366,15896472,106,CDS
46012,15897102,15897295,193,CDS
46013,15898955,15899074,119,CDS
46014,15901544,15901747,203,CDS
46015,15901823,15901916,93,CDS
46016,15901978,15902117,139,CDS
46017,15902190,15902332,142,CDS
46018,15903790,15903799,9,CDS
46019,15893005,15893150,145,CDS
46020,15894693,15894766,73,CDS
46021,15894835,15895591,756,CDS
46022,15895662,15895778,116,CDS
46023,15895846,15896074,228,CDS
46024,15896147,15896304,157,CDS
46025,15896366,15896472,106,CDS
46026,15897102,15897295,193,CDS
46027,15898955,15899074,119,CDS
46028,15901544,15901747,203,CDS
46029,15901823,15901916,93,CDS
46030,15901978,15902117,139,CDS
46031,15902190,15902332,142,CDS
46032,15903790,15903799,9,CDS
46033,15893005,15893150,145,CDS
46034,15894693,15894766,73,CDS
46035,15894835,15895591,756,CDS
46036,15895662,15895778,116,CDS
46037,15895846,15896074,228,CDS
46038,15896147,15896304,157,CDS
46039,15896366,15896472,106,CDS
46040,15897102,15897295,193,CDS
46041,15898955,15899074,119,CDS
46042,15901544,15901747,203,CDS
46043,15901823,15901916,93,CDS
46044,15901978,15902117,139,CDS
46045,15902190,15902332,142,CDS
46046,15903790,15903799,9,CDS
46047,15903202,15903367,165,mobile_element
46048,15906822,15909676,2854,gene
46049,15909531,15909676,145,mRNA
46050,15908537,15909222,685,mRNA
46051,15908097,15908318,221,mRNA
46052,15907859,15908033,174,mRNA
46053,15907654,15907799,145,mRNA
46054,15906822,15907591,769,mRNA
46055,15909420,15909676,256,mRNA
46056,15908537,15909222,685,mRNA
46057,15908097,15908318,221,mRNA
46058,15907859,15908033,174,mRNA
46059,15907654,15907799,145,mRNA
46060,15906822,15907591,769,mRNA
46061,15908537,15909676,1139,mRNA
46062,15908097,15908318,221,mRNA
46063,15907859,15908033,174,mRNA
46064,15907654,15907799,145,mRNA
46065,15906822,15907591,769,mRNA
46066,15908537,15909109,572,CDS
46067,15908097,15908318,221,CDS
46068,15907859,15908033,174,CDS
46069,15907654,15907799,145,CDS
46070,15907274,15907591,317,CDS
46071,15908537,15909109,572,CDS
46072,15908097,15908318,221,CDS
46073,15907859,15908033,174,CDS
46074,15907654,15907799,145,CDS
46075,15907274,15907591,317,CDS
46076,15908537,15909109,572,CDS
46077,15908097,15908318,221,CDS
46078,15907859,15908033,174,CDS
46079,15907654,15907799,145,CDS
46080,15907274,15907591,317,CDS
46081,15910870,15921013,10143,gene
46082,15910870,15910988,118,mRNA
46083,15911908,15912123,215,mRNA
46084,15912779,15914094,1315,mRNA
46085,15914156,15914277,121,mRNA
46086,15914350,15914541,191,mRNA
46087,15914606,15916071,1465,mRNA
46088,15916474,15916689,215,mRNA
46089,15916783,15918014,1231,mRNA
46090,15918066,15918457,391,mRNA
46091,15918517,15918642,125,mRNA
46092,15918708,15918825,117,mRNA
46093,15918887,15919385,498,mRNA
46094,15919529,15919686,157,mRNA
46095,15919744,15921013,1269,mRNA
46096,15910870,15910988,118,mRNA
46097,15911908,15912123,215,mRNA
46098,15912779,15914094,1315,mRNA
46099,15914156,15914277,121,mRNA
46100,15914350,15914541,191,mRNA
46101,15914606,15916071,1465,mRNA
46102,15916474,15916689,215,mRNA
46103,15916783,15918014,1231,mRNA
46104,15918066,15918457,391,mRNA
46105,15918517,15918642,125,mRNA
46106,15918708,15918825,117,mRNA
46107,15918887,15919385,498,mRNA
46108,15919529,15919686,157,mRNA
46109,15919741,15920570,829,mRNA
46110,15911367,15911654,287,mRNA
46111,15911908,15912123,215,mRNA
46112,15912779,15914094,1315,mRNA
46113,15914156,15914277,121,mRNA
46114,15914350,15914541,191,mRNA
46115,15914606,15916071,1465,mRNA
46116,15916474,15916689,215,mRNA
46117,15916783,15918014,1231,mRNA
46118,15918066,15918457,391,mRNA
46119,15918517,15918642,125,mRNA
46120,15918708,15918825,117,mRNA
46121,15918887,15919385,498,mRNA
46122,15919529,15919686,157,mRNA
46123,15919744,15920570,826,mRNA
46124,15912072,15912123,51,CDS
46125,15912779,15914094,1315,CDS
46126,15914156,15914277,121,CDS
46127,15914350,15914541,191,CDS
46128,15914606,15916071,1465,CDS
46129,15916474,15916689,215,CDS
46130,15916783,15918014,1231,CDS
46131,15918066,15918457,391,CDS
46132,15918517,15918642,125,CDS
46133,15918708,15918825,117,CDS
46134,15918887,15919385,498,CDS
46135,15919529,15919686,157,CDS
46136,15919741,15919881,140,CDS
46137,15912072,15912123,51,CDS
46138,15912779,15914094,1315,CDS
46139,15914156,15914277,121,CDS
46140,15914350,15914541,191,CDS
46141,15914606,15916071,1465,CDS
46142,15916474,15916689,215,CDS
46143,15916783,15918014,1231,CDS
46144,15918066,15918457,391,CDS
46145,15918517,15918642,125,CDS
46146,15918708,15918825,117,CDS
46147,15918887,15919385,498,CDS
46148,15919529,15919686,157,CDS
46149,15919744,15919881,137,CDS
46150,15912072,15912123,51,CDS
46151,15912779,15914094,1315,CDS
46152,15914156,15914277,121,CDS
46153,15914350,15914541,191,CDS
46154,15914606,15916071,1465,CDS
46155,15916474,15916689,215,CDS
46156,15916783,15918014,1231,CDS
46157,15918066,15918457,391,CDS
46158,15918517,15918642,125,CDS
46159,15918708,15918825,117,CDS
46160,15918887,15919385,498,CDS
46161,15919529,15919686,157,CDS
46162,15919744,15919881,137,CDS
46163,15921314,15921340,26,mobile_element
46164,15921955,15924558,2603,gene
46165,15921955,15922139,184,mRNA
46166,15922469,15923107,638,mRNA
46167,15923168,15923250,82,mRNA
46168,15923320,15923522,202,mRNA
46169,15923592,15924158,566,mRNA
46170,15924217,15924558,341,mRNA
46171,15921955,15922139,184,mRNA
46172,15922629,15923107,478,mRNA
46173,15923168,15923250,82,mRNA
46174,15923320,15923522,202,mRNA
46175,15923592,15924158,566,mRNA
46176,15924217,15924558,341,mRNA
46177,15922102,15922139,37,CDS
46178,15922469,15923107,638,CDS
46179,15923168,15923250,82,CDS
46180,15923320,15923522,202,CDS
46181,15923592,15924158,566,CDS
46182,15924217,15924525,308,CDS
46183,15922737,15923107,370,CDS
46184,15923168,15923250,82,CDS
46185,15923320,15923522,202,CDS
46186,15923592,15924158,566,CDS
46187,15924217,15924525,308,CDS
46188,15925105,15928529,3424,gene
46189,15925105,15925252,147,mRNA
46190,15926010,15926228,218,mRNA
46191,15926332,15926503,171,mRNA
46192,15926572,15926753,181,mRNA
46193,15926817,15926974,157,mRNA
46194,15927381,15927884,503,mRNA
46195,15927951,15928172,221,mRNA
46196,15928232,15928529,297,mRNA
46197,15926152,15926228,76,CDS
46198,15926332,15926503,171,CDS
46199,15926572,15926753,181,CDS
46200,15926817,15926974,157,CDS
46201,15927381,15927884,503,CDS
46202,15927951,15928172,221,CDS
46203,15928232,15928407,175,CDS
46204,15926787,15927082,295,gene
46205,15927026,15927082,56,ncRNA
46206,15926787,15926956,169,ncRNA
46207,15927185,15933867,6682,gene
46208,15933601,15933675,74,mRNA
46209,15933143,15933538,395,mRNA
46210,15932850,15933079,229,mRNA
46211,15932522,15932621,99,mRNA
46212,15932246,15932461,215,mRNA
46213,15932044,15932190,146,mRNA
46214,15931307,15931986,679,mRNA
46215,15930942,15931234,292,mRNA
46216,15930323,15930882,559,mRNA
46217,15930117,15930255,138,mRNA
46218,15929981,15930058,77,mRNA
46219,15929854,15929915,61,mRNA
46220,15929658,15929797,139,mRNA
46221,15929472,15929591,119,mRNA
46222,15929341,15929402,61,mRNA
46223,15927185,15927836,651,mRNA
46224,15933601,15933603,2,CDS
46225,15933143,15933538,395,CDS
46226,15932850,15933079,229,CDS
46227,15932522,15932621,99,CDS
46228,15932246,15932461,215,CDS
46229,15932044,15932190,146,CDS
46230,15931307,15931986,679,CDS
46231,15930942,15931234,292,CDS
46232,15930323,15930882,559,CDS
46233,15930117,15930255,138,CDS
46234,15929981,15930058,77,CDS
46235,15929854,15929915,61,CDS
46236,15929658,15929797,139,CDS
46237,15929472,15929591,119,CDS
46238,15929341,15929402,61,CDS
46239,15927820,15927836,16,CDS
46240,15933601,15933867,266,mRNA
46241,15933143,15933538,395,mRNA
46242,15932850,15933079,229,mRNA
46243,15932522,15932621,99,mRNA
46244,15932246,15932461,215,mRNA
46245,15932044,15932190,146,mRNA
46246,15931307,15931986,679,mRNA
46247,15930942,15931234,292,mRNA
46248,15930323,15930882,559,mRNA
46249,15930117,15930255,138,mRNA
46250,15929981,15930058,77,mRNA
46251,15929854,15929915,61,mRNA
46252,15929658,15929797,139,mRNA
46253,15929472,15929591,119,mRNA
46254,15929341,15929402,61,mRNA
46255,15928714,15928930,216,mRNA
46256,15933601,15933675,74,mRNA
46257,15933143,15933538,395,mRNA
46258,15932850,15933079,229,mRNA
46259,15932522,15932621,99,mRNA
46260,15932246,15932461,215,mRNA
46261,15932044,15932190,146,mRNA
46262,15931307,15931986,679,mRNA
46263,15930942,15931234,292,mRNA
46264,15930323,15930882,559,mRNA
46265,15930117,15930255,138,mRNA
46266,15929981,15930058,77,mRNA
46267,15929854,15929915,61,mRNA
46268,15929658,15929797,139,mRNA
46269,15929472,15929591,119,mRNA
46270,15929341,15929402,61,mRNA
46271,15928714,15928930,216,mRNA
46272,15933601,15933675,74,mRNA
46273,15933143,15933538,395,mRNA
46274,15932850,15933079,229,mRNA
46275,15932522,15932621,99,mRNA
46276,15932246,15932461,215,mRNA
46277,15932044,15932190,146,mRNA
46278,15931307,15931986,679,mRNA
46279,15930942,15931234,292,mRNA
46280,15930323,15930882,559,mRNA
46281,15930117,15930255,138,mRNA
46282,15929981,15930058,77,mRNA
46283,15929854,15929915,61,mRNA
46284,15929658,15929797,139,mRNA
46285,15929472,15929591,119,mRNA
46286,15929341,15929402,61,mRNA
46287,15929173,15929258,85,mRNA
46288,15928714,15929084,370,mRNA
46289,15933601,15933675,74,mRNA
46290,15933143,15933538,395,mRNA
46291,15932850,15933079,229,mRNA
46292,15932522,15932621,99,mRNA
46293,15932246,15932461,215,mRNA
46294,15932044,15932190,146,mRNA
46295,15931307,15931986,679,mRNA
46296,15930942,15931234,292,mRNA
46297,15930323,15930882,559,mRNA
46298,15930117,15930255,138,mRNA
46299,15929981,15930058,77,mRNA
46300,15929854,15929915,61,mRNA
46301,15929658,15929797,139,mRNA
46302,15929472,15929591,119,mRNA
46303,15929173,15929402,229,mRNA
46304,15928714,15928930,216,mRNA
46305,15933143,15933675,532,mRNA
46306,15932850,15933079,229,mRNA
46307,15932522,15932621,99,mRNA
46308,15932246,15932461,215,mRNA
46309,15932044,15932190,146,mRNA
46310,15931307,15931986,679,mRNA
46311,15930942,15931234,292,mRNA
46312,15930323,15930882,559,mRNA
46313,15930117,15930255,138,mRNA
46314,15929981,15930058,77,mRNA
46315,15929854,15929915,61,mRNA
46316,15929658,15929797,139,mRNA
46317,15929472,15929591,119,mRNA
46318,15929341,15929402,61,mRNA
46319,15928714,15928930,216,mRNA
46320,15933601,15933603,2,CDS
46321,15933143,15933538,395,CDS
46322,15932850,15933079,229,CDS
46323,15932522,15932621,99,CDS
46324,15932246,15932461,215,CDS
46325,15932044,15932190,146,CDS
46326,15931307,15931986,679,CDS
46327,15930942,15931234,292,CDS
46328,15930323,15930882,559,CDS
46329,15930117,15930255,138,CDS
46330,15929981,15930058,77,CDS
46331,15929854,15929915,61,CDS
46332,15929658,15929797,139,CDS
46333,15929472,15929591,119,CDS
46334,15929341,15929402,61,CDS
46335,15928860,15928930,70,CDS
46336,15933601,15933603,2,CDS
46337,15933143,15933538,395,CDS
46338,15932850,15933079,229,CDS
46339,15932522,15932621,99,CDS
46340,15932246,15932461,215,CDS
46341,15932044,15932190,146,CDS
46342,15931307,15931986,679,CDS
46343,15930942,15931234,292,CDS
46344,15930323,15930882,559,CDS
46345,15930117,15930255,138,CDS
46346,15929981,15930058,77,CDS
46347,15929854,15929915,61,CDS
46348,15929658,15929797,139,CDS
46349,15929472,15929591,119,CDS
46350,15929341,15929402,61,CDS
46351,15928860,15928930,70,CDS
46352,15933143,15933187,44,CDS
46353,15932850,15933079,229,CDS
46354,15932522,15932621,99,CDS
46355,15932246,15932461,215,CDS
46356,15932044,15932190,146,CDS
46357,15931307,15931986,679,CDS
46358,15930942,15931234,292,CDS
46359,15930323,15930882,559,CDS
46360,15930117,15930255,138,CDS
46361,15929981,15930058,77,CDS
46362,15929854,15929915,61,CDS
46363,15929658,15929797,139,CDS
46364,15929472,15929591,119,CDS
46365,15929341,15929402,61,CDS
46366,15928860,15928930,70,CDS
46367,15933601,15933603,2,CDS
46368,15933143,15933538,395,CDS
46369,15932850,15933079,229,CDS
46370,15932522,15932621,99,CDS
46371,15932246,15932461,215,CDS
46372,15932044,15932190,146,CDS
46373,15931307,15931986,679,CDS
46374,15930942,15931234,292,CDS
46375,15930323,15930882,559,CDS
46376,15930117,15930255,138,CDS
46377,15929981,15930058,77,CDS
46378,15929854,15929915,61,CDS
46379,15929658,15929797,139,CDS
46380,15929472,15929591,119,CDS
46381,15929341,15929402,61,CDS
46382,15929173,15929258,85,CDS
46383,15929064,15929084,20,CDS
46384,15933601,15933603,2,CDS
46385,15933143,15933538,395,CDS
46386,15932850,15933079,229,CDS
46387,15932522,15932621,99,CDS
46388,15932246,15932461,215,CDS
46389,15932044,15932190,146,CDS
46390,15931307,15931986,679,CDS
46391,15930942,15931234,292,CDS
46392,15930323,15930882,559,CDS
46393,15930117,15930255,138,CDS
46394,15929981,15930058,77,CDS
46395,15929854,15929915,61,CDS
46396,15929658,15929797,139,CDS
46397,15929472,15929591,119,CDS
46398,15929333,15929402,69,CDS
46399,15934026,15934175,149,mobile_element
46400,15934495,15940451,5956,gene
46401,15940400,15940451,51,mRNA
46402,15938758,15939240,482,mRNA
46403,15937591,15937754,163,mRNA
46404,15936799,15937031,232,mRNA
46405,15936319,15936434,115,mRNA
46406,15936076,15936248,172,mRNA
46407,15935417,15936008,591,mRNA
46408,15935295,15935342,47,mRNA
46409,15934495,15934774,279,mRNA
46410,15938758,15939100,342,CDS
46411,15937591,15937754,163,CDS
46412,15936799,15937031,232,CDS
46413,15936319,15936434,115,CDS
46414,15936076,15936248,172,CDS
46415,15935417,15936008,591,CDS
46416,15935295,15935342,47,CDS
46417,15934758,15934774,16,CDS
46418,15940400,15940451,51,mRNA
46419,15938758,15939240,482,mRNA
46420,15937591,15937754,163,mRNA
46421,15936799,15937031,232,mRNA
46422,15936319,15936434,115,mRNA
46423,15936076,15936248,172,mRNA
46424,15935417,15936008,591,mRNA
46425,15934901,15935342,441,mRNA
46426,15938758,15939252,494,mRNA
46427,15938232,15938335,103,mRNA
46428,15937591,15937754,163,mRNA
46429,15936799,15937031,232,mRNA
46430,15936319,15936434,115,mRNA
46431,15936076,15936248,172,mRNA
46432,15935417,15936008,591,mRNA
46433,15934901,15935342,441,mRNA
46434,15938758,15939100,342,CDS
46435,15937591,15937754,163,CDS
46436,15936799,15937031,232,CDS
46437,15936319,15936434,115,CDS
46438,15936076,15936248,172,CDS
46439,15935417,15936008,591,CDS
46440,15935251,15935342,91,CDS
46441,15940400,15940451,51,mRNA
46442,15938758,15939240,482,mRNA
46443,15937910,15938335,425,mRNA
46444,15938758,15939100,342,CDS
46445,15938325,15938335,10,CDS
46446,15938758,15939100,342,CDS
46447,15938325,15938335,10,CDS
46448,15941077,15944449,3372,gene
46449,15941077,15941632,555,mRNA
46450,15942372,15943290,918,mRNA
46451,15943350,15944449,1099,mRNA
46452,15942452,15943290,838,CDS
46453,15943350,15944055,705,CDS
46454,15944897,15946249,1352,gene
46455,15944897,15945328,431,mRNA
46456,15945397,15946249,852,mRNA
46457,15944978,15945328,350,mRNA
46458,15945397,15945887,490,mRNA
46459,15945056,15945328,272,CDS
46460,15945397,15945603,206,CDS
46461,15945056,15945328,272,CDS
46462,15945397,15945603,206,CDS
46463,15946642,15946709,67,mobile_element
46464,15946936,15973159,26223,gene
46465,15973113,15973159,46,mRNA
46466,15972205,15972329,124,mRNA
46467,15966469,15967230,761,mRNA
46468,15965598,15965648,50,mRNA
46469,15965385,15965533,148,mRNA
46470,15965217,15965273,56,mRNA
46471,15965071,15965144,73,mRNA
46472,15964927,15964999,72,mRNA
46473,15964648,15964794,146,mRNA
46474,15964269,15964568,299,mRNA
46475,15964036,15964205,169,mRNA
46476,15963791,15963960,169,mRNA
46477,15963474,15963637,163,mRNA
46478,15963206,15963370,164,mRNA
46479,15962993,15963137,144,mRNA
46480,15962764,15962935,171,mRNA
46481,15962536,15962655,119,mRNA
46482,15962274,15962451,177,mRNA
46483,15961986,15962136,150,mRNA
46484,15958491,15958590,99,mRNA
46485,15954286,15954444,158,mRNA
46486,15953873,15953934,61,mRNA
46487,15951150,15951936,786,mRNA
46488,15950355,15950385,30,mRNA
46489,15949520,15949819,299,mRNA
46490,15946936,15948994,2058,mRNA
46491,15972813,15973067,254,mRNA
46492,15972205,15972329,124,mRNA
46493,15966469,15967230,761,mRNA
46494,15965598,15965648,50,mRNA
46495,15965385,15965533,148,mRNA
46496,15965217,15965273,56,mRNA
46497,15965071,15965144,73,mRNA
46498,15964927,15964999,72,mRNA
46499,15964648,15964794,146,mRNA
46500,15964269,15964568,299,mRNA
46501,15964036,15964205,169,mRNA
46502,15963791,15963960,169,mRNA
46503,15963474,15963637,163,mRNA
46504,15963206,15963370,164,mRNA
46505,15962993,15963137,144,mRNA
46506,15962764,15962935,171,mRNA
46507,15962536,15962655,119,mRNA
46508,15962274,15962451,177,mRNA
46509,15961986,15962136,150,mRNA
46510,15958452,15958590,138,mRNA
46511,15954286,15954444,158,mRNA
46512,15953873,15953934,61,mRNA
46513,15951150,15951936,786,mRNA
46514,15949520,15949816,296,mRNA
46515,15946936,15948977,2041,mRNA
46516,15972813,15973067,254,mRNA
46517,15972205,15972329,124,mRNA
46518,15966469,15967230,761,mRNA
46519,15965598,15965648,50,mRNA
46520,15965385,15965533,148,mRNA
46521,15965217,15965273,56,mRNA
46522,15965071,15965144,73,mRNA
46523,15964927,15964999,72,mRNA
46524,15964648,15964794,146,mRNA
46525,15964269,15964568,299,mRNA
46526,15964036,15964205,169,mRNA
46527,15963791,15963960,169,mRNA
46528,15963474,15963637,163,mRNA
46529,15963206,15963370,164,mRNA
46530,15962993,15963137,144,mRNA
46531,15962764,15962935,171,mRNA
46532,15962536,15962655,119,mRNA
46533,15962274,15962451,177,mRNA
46534,15961986,15962136,150,mRNA
46535,15960807,15960912,105,mRNA
46536,15954286,15954444,158,mRNA
46537,15953873,15953934,61,mRNA
46538,15951150,15951936,786,mRNA
46539,15949520,15949816,296,mRNA
46540,15946936,15948994,2058,mRNA
46541,15972205,15973067,862,mRNA
46542,15966469,15967230,761,mRNA
46543,15965598,15965648,50,mRNA
46544,15965385,15965533,148,mRNA
46545,15965217,15965273,56,mRNA
46546,15965071,15965144,73,mRNA
46547,15964927,15964999,72,mRNA
46548,15964648,15964794,146,mRNA
46549,15964269,15964568,299,mRNA
46550,15964036,15964205,169,mRNA
46551,15963791,15963960,169,mRNA
46552,15963474,15963637,163,mRNA
46553,15963206,15963370,164,mRNA
46554,15962993,15963137,144,mRNA
46555,15962764,15962935,171,mRNA
46556,15962536,15962655,119,mRNA
46557,15962274,15962451,177,mRNA
46558,15961986,15962136,150,mRNA
46559,15958491,15958590,99,mRNA
46560,15954286,15954444,158,mRNA
46561,15953873,15953934,61,mRNA
46562,15951150,15951936,786,mRNA
46563,15949520,15949876,356,mRNA
46564,15946936,15948994,2058,mRNA
46565,15972205,15973067,862,mRNA
46566,15966469,15967230,761,mRNA
46567,15965598,15965648,50,mRNA
46568,15965385,15965533,148,mRNA
46569,15965217,15965273,56,mRNA
46570,15965071,15965144,73,mRNA
46571,15964927,15964999,72,mRNA
46572,15964648,15964794,146,mRNA
46573,15964269,15964568,299,mRNA
46574,15964036,15964205,169,mRNA
46575,15963791,15963960,169,mRNA
46576,15963474,15963637,163,mRNA
46577,15963206,15963370,164,mRNA
46578,15962993,15963137,144,mRNA
46579,15962764,15962935,171,mRNA
46580,15962536,15962655,119,mRNA
46581,15962274,15962451,177,mRNA
46582,15961986,15962136,150,mRNA
46583,15960807,15960912,105,mRNA
46584,15954286,15954444,158,mRNA
46585,15953873,15953934,61,mRNA
46586,15951150,15951936,786,mRNA
46587,15949520,15949876,356,mRNA
46588,15946936,15948994,2058,mRNA
46589,15972205,15972385,180,mRNA
46590,15966469,15967230,761,mRNA
46591,15965598,15965648,50,mRNA
46592,15965385,15965533,148,mRNA
46593,15965217,15965273,56,mRNA
46594,15965071,15965144,73,mRNA
46595,15964927,15964999,72,mRNA
46596,15964648,15964794,146,mRNA
46597,15964269,15964568,299,mRNA
46598,15964036,15964205,169,mRNA
46599,15963791,15963960,169,mRNA
46600,15963474,15963637,163,mRNA
46601,15963206,15963370,164,mRNA
46602,15962993,15963137,144,mRNA
46603,15962764,15962935,171,mRNA
46604,15962536,15962655,119,mRNA
46605,15962274,15962451,177,mRNA
46606,15961986,15962136,150,mRNA
46607,15958491,15958590,99,mRNA
46608,15954286,15954444,158,mRNA
46609,15953873,15953934,61,mRNA
46610,15951150,15951936,786,mRNA
46611,15949520,15949819,299,mRNA
46612,15946936,15948994,2058,mRNA
46613,15972205,15972385,180,mRNA
46614,15966469,15967230,761,mRNA
46615,15965598,15965648,50,mRNA
46616,15965385,15965533,148,mRNA
46617,15965217,15965273,56,mRNA
46618,15965071,15965144,73,mRNA
46619,15964927,15964999,72,mRNA
46620,15964648,15964794,146,mRNA
46621,15964269,15964568,299,mRNA
46622,15964036,15964205,169,mRNA
46623,15963791,15963960,169,mRNA
46624,15963474,15963637,163,mRNA
46625,15963206,15963370,164,mRNA
46626,15962993,15963137,144,mRNA
46627,15962764,15962935,171,mRNA
46628,15962536,15962655,119,mRNA
46629,15962274,15962451,177,mRNA
46630,15961986,15962136,150,mRNA
46631,15958491,15958590,99,mRNA
46632,15954286,15954444,158,mRNA
46633,15953873,15953934,61,mRNA
46634,15951150,15951936,786,mRNA
46635,15950355,15950385,30,mRNA
46636,15949520,15949876,356,mRNA
46637,15946936,15948994,2058,mRNA
46638,15966469,15966538,69,CDS
46639,15965598,15965648,50,CDS
46640,15965385,15965533,148,CDS
46641,15965217,15965273,56,CDS
46642,15965071,15965144,73,CDS
46643,15964927,15964999,72,CDS
46644,15964648,15964794,146,CDS
46645,15964269,15964568,299,CDS
46646,15964036,15964205,169,CDS
46647,15963791,15963960,169,CDS
46648,15963474,15963637,163,CDS
46649,15963206,15963370,164,CDS
46650,15962993,15963137,144,CDS
46651,15962764,15962935,171,CDS
46652,15962536,15962655,119,CDS
46653,15962274,15962451,177,CDS
46654,15961986,15962136,150,CDS
46655,15958491,15958590,99,CDS
46656,15954286,15954444,158,CDS
46657,15953873,15953934,61,CDS
46658,15951150,15951936,786,CDS
46659,15949520,15949819,299,CDS
46660,15948367,15948994,627,CDS
46661,15966469,15966538,69,CDS
46662,15965598,15965648,50,CDS
46663,15965385,15965533,148,CDS
46664,15965217,15965273,56,CDS
46665,15965071,15965144,73,CDS
46666,15964927,15964999,72,CDS
46667,15964648,15964794,146,CDS
46668,15964269,15964568,299,CDS
46669,15964036,15964205,169,CDS
46670,15963791,15963960,169,CDS
46671,15963474,15963637,163,CDS
46672,15963206,15963370,164,CDS
46673,15962993,15963137,144,CDS
46674,15962764,15962935,171,CDS
46675,15962536,15962655,119,CDS
46676,15962274,15962451,177,CDS
46677,15961986,15962136,150,CDS
46678,15958491,15958590,99,CDS
46679,15954286,15954444,158,CDS
46680,15953873,15953934,61,CDS
46681,15951150,15951936,786,CDS
46682,15949520,15949876,356,CDS
46683,15948367,15948994,627,CDS
46684,15966469,15966538,69,CDS
46685,15965598,15965648,50,CDS
46686,15965385,15965533,148,CDS
46687,15965217,15965273,56,CDS
46688,15965071,15965144,73,CDS
46689,15964927,15964999,72,CDS
46690,15964648,15964794,146,CDS
46691,15964269,15964568,299,CDS
46692,15964036,15964205,169,CDS
46693,15963791,15963960,169,CDS
46694,15963474,15963637,163,CDS
46695,15963206,15963370,164,CDS
46696,15962993,15963137,144,CDS
46697,15962764,15962935,171,CDS
46698,15962536,15962655,119,CDS
46699,15962274,15962451,177,CDS
46700,15961986,15962136,150,CDS
46701,15960807,15960912,105,CDS
46702,15954286,15954444,158,CDS
46703,15953873,15953934,61,CDS
46704,15951150,15951936,786,CDS
46705,15949520,15949816,296,CDS
46706,15948367,15948994,627,CDS
46707,15966469,15966538,69,CDS
46708,15965598,15965648,50,CDS
46709,15965385,15965533,148,CDS
46710,15965217,15965273,56,CDS
46711,15965071,15965144,73,CDS
46712,15964927,15964999,72,CDS
46713,15964648,15964794,146,CDS
46714,15964269,15964568,299,CDS
46715,15964036,15964205,169,CDS
46716,15963791,15963960,169,CDS
46717,15963474,15963637,163,CDS
46718,15963206,15963370,164,CDS
46719,15962993,15963137,144,CDS
46720,15962764,15962935,171,CDS
46721,15962536,15962655,119,CDS
46722,15962274,15962451,177,CDS
46723,15961986,15962136,150,CDS
46724,15960807,15960912,105,CDS
46725,15954286,15954444,158,CDS
46726,15953873,15953934,61,CDS
46727,15951150,15951936,786,CDS
46728,15949520,15949876,356,CDS
46729,15948367,15948994,627,CDS
46730,15966469,15966538,69,CDS
46731,15965598,15965648,50,CDS
46732,15965385,15965533,148,CDS
46733,15965217,15965273,56,CDS
46734,15965071,15965144,73,CDS
46735,15964927,15964999,72,CDS
46736,15964648,15964794,146,CDS
46737,15964269,15964568,299,CDS
46738,15964036,15964205,169,CDS
46739,15963791,15963960,169,CDS
46740,15963474,15963637,163,CDS
46741,15963206,15963370,164,CDS
46742,15962993,15963137,144,CDS
46743,15962764,15962935,171,CDS
46744,15962536,15962655,119,CDS
46745,15962274,15962451,177,CDS
46746,15961986,15962136,150,CDS
46747,15958452,15958590,138,CDS
46748,15954286,15954444,158,CDS
46749,15953873,15953934,61,CDS
46750,15951150,15951936,786,CDS
46751,15949520,15949816,296,CDS
46752,15948947,15948977,30,CDS
46753,15966469,15966538,69,CDS
46754,15965598,15965648,50,CDS
46755,15965385,15965533,148,CDS
46756,15965217,15965273,56,CDS
46757,15965071,15965144,73,CDS
46758,15964927,15964999,72,CDS
46759,15964648,15964794,146,CDS
46760,15964269,15964568,299,CDS
46761,15964036,15964205,169,CDS
46762,15963791,15963960,169,CDS
46763,15963474,15963637,163,CDS
46764,15963206,15963370,164,CDS
46765,15962993,15963137,144,CDS
46766,15962764,15962935,171,CDS
46767,15962536,15962655,119,CDS
46768,15962274,15962451,177,CDS
46769,15961986,15962136,150,CDS
46770,15958491,15958590,99,CDS
46771,15954286,15954444,158,CDS
46772,15953873,15953934,61,CDS
46773,15951150,15951936,786,CDS
46774,15950355,15950385,30,CDS
46775,15949793,15949819,26,CDS
46776,15966469,15966538,69,CDS
46777,15965598,15965648,50,CDS
46778,15965385,15965533,148,CDS
46779,15965217,15965273,56,CDS
46780,15965071,15965144,73,CDS
46781,15964927,15964999,72,CDS
46782,15964648,15964794,146,CDS
46783,15964269,15964568,299,CDS
46784,15964036,15964205,169,CDS
46785,15963791,15963960,169,CDS
46786,15963474,15963637,163,CDS
46787,15963206,15963370,164,CDS
46788,15962993,15963137,144,CDS
46789,15962764,15962935,171,CDS
46790,15962536,15962655,119,CDS
46791,15962274,15962451,177,CDS
46792,15961986,15962136,150,CDS
46793,15958491,15958590,99,CDS
46794,15954286,15954444,158,CDS
46795,15953873,15953934,61,CDS
46796,15951150,15951936,786,CDS
46797,15950355,15950385,30,CDS
46798,15949793,15949876,83,CDS
46799,15972205,15972385,180,mRNA
46800,15966469,15967230,761,mRNA
46801,15965598,15965648,50,mRNA
46802,15965385,15965533,148,mRNA
46803,15965217,15965273,56,mRNA
46804,15965071,15965144,73,mRNA
46805,15964927,15964999,72,mRNA
46806,15964648,15964794,146,mRNA
46807,15964269,15964568,299,mRNA
46808,15964036,15964205,169,mRNA
46809,15963791,15963960,169,mRNA
46810,15963474,15963637,163,mRNA
46811,15963206,15963370,164,mRNA
46812,15962993,15963137,144,mRNA
46813,15962764,15962935,171,mRNA
46814,15962536,15962655,119,mRNA
46815,15962274,15962451,177,mRNA
46816,15961986,15962136,150,mRNA
46817,15958318,15958590,272,mRNA
46818,15966469,15966538,69,CDS
46819,15965598,15965648,50,CDS
46820,15965385,15965533,148,CDS
46821,15965217,15965273,56,CDS
46822,15965071,15965144,73,CDS
46823,15964927,15964999,72,CDS
46824,15964648,15964794,146,CDS
46825,15964269,15964568,299,CDS
46826,15964036,15964205,169,CDS
46827,15963791,15963960,169,CDS
46828,15963474,15963637,163,CDS
46829,15963206,15963370,164,CDS
46830,15962993,15963137,144,CDS
46831,15962764,15962935,171,CDS
46832,15962536,15962655,119,CDS
46833,15962274,15962451,177,CDS
46834,15961986,15962136,150,CDS
46835,15958433,15958590,157,CDS
46836,15965947,15966038,91,gene
46837,15965947,15966038,91,precursor_RNA
46838,15965962,15965983,21,ncRNA
46839,15966002,15966023,21,ncRNA
46840,15973555,15973917,362,gene
46841,15973555,15973917,362,ncRNA
46842,15974425,15976706,2281,gene
46843,15974425,15974777,352,mRNA
46844,15975061,15975492,431,mRNA
46845,15976045,15976144,99,mRNA
46846,15976206,15976313,107,mRNA
46847,15976372,15976560,188,mRNA
46848,15976632,15976706,74,mRNA
46849,15974425,15974777,352,CDS
46850,15975061,15975492,431,CDS
46851,15976045,15976144,99,CDS
46852,15976206,15976313,107,CDS
46853,15976372,15976560,188,CDS
46854,15976632,15976706,74,CDS
46855,15976868,15977660,792,gene
46856,15976868,15977093,225,mRNA
46857,15977155,15977660,505,mRNA
46858,15976868,15977093,225,mRNA
46859,15977155,15977316,161,mRNA
46860,15977423,15977660,237,mRNA
46861,15976983,15977093,110,CDS
46862,15977155,15977316,161,CDS
46863,15977423,15977446,23,CDS
46864,15976983,15977093,110,CDS
46865,15977155,15977340,185,CDS
46866,15977967,15982944,4977,gene
46867,15982364,15982944,580,mRNA
46868,15981739,15981850,111,mRNA
46869,15977967,15981672,3705,mRNA
46870,15982762,15982944,182,mRNA
46871,15982364,15982689,325,mRNA
46872,15981739,15981850,111,mRNA
46873,15978103,15981672,3569,mRNA
46874,15982364,15982944,580,mRNA
46875,15981739,15981850,111,mRNA
46876,15978103,15981672,3569,mRNA
46877,15982364,15982520,156,CDS
46878,15981739,15981850,111,CDS
46879,15978201,15981672,3471,CDS
46880,15982364,15982520,156,CDS
46881,15981739,15981850,111,CDS
46882,15978201,15981672,3471,CDS
46883,15982364,15982520,156,CDS
46884,15981739,15981850,111,CDS
46885,15978201,15981672,3471,CDS
46886,15983772,15985405,1633,gene
46887,15983772,15983951,179,mRNA
46888,15984014,15984127,113,mRNA
46889,15984191,15984538,347,mRNA
46890,15984594,15985405,811,mRNA
46891,15983920,15983951,31,CDS
46892,15984014,15984127,113,CDS
46893,15984191,15984538,347,CDS
46894,15984594,15985365,771,CDS
46895,15985473,15986808,1335,gene
46896,15986738,15986808,70,mRNA
46897,15985473,15986683,1210,mRNA
46898,15986738,15986808,70,mRNA
46899,15985849,15986686,837,mRNA
46900,15985849,15986745,896,mRNA
46901,15986011,15986676,665,CDS
46902,15986011,15986676,665,CDS
46903,15986011,15986676,665,CDS
46904,15987008,15991974,4966,gene
46905,15991822,15991974,152,mRNA
46906,15991083,15991382,299,mRNA
46907,15989854,15989950,96,mRNA
46908,15989392,15989476,84,mRNA
46909,15988617,15989109,492,mRNA
46910,15988068,15988544,476,mRNA
46911,15987008,15987989,981,mRNA
46912,15987166,15991974,4808,gene
46913,15991893,15991974,81,mRNA
46914,15991083,15991382,299,mRNA
46915,15989854,15989950,96,mRNA
46916,15989392,15989476,84,mRNA
46917,15988617,15989109,492,mRNA
46918,15988068,15988544,476,mRNA
46919,15987166,15987989,823,mRNA
46920,15991893,15991974,81,mRNA
46921,15991083,15991382,299,mRNA
46922,15989854,15989950,96,mRNA
46923,15989392,15989476,84,mRNA
46924,15988617,15989268,651,mRNA
46925,15988068,15988544,476,mRNA
46926,15987166,15987989,823,mRNA
46927,15991822,15991974,152,mRNA
46928,15991083,15991382,299,mRNA
46929,15989854,15989950,96,mRNA
46930,15989438,15989476,38,mRNA
46931,15988617,15989109,492,mRNA
46932,15988068,15988544,476,mRNA
46933,15987166,15987989,823,mRNA
46934,15991822,15991974,152,mRNA
46935,15991083,15991382,299,mRNA
46936,15989854,15989950,96,mRNA
46937,15989392,15989476,84,mRNA
46938,15988617,15989268,651,mRNA
46939,15988068,15988544,476,mRNA
46940,15987166,15987989,823,mRNA
46941,15991822,15991974,152,mRNA
46942,15991083,15991382,299,mRNA
46943,15989854,15989950,96,mRNA
46944,15989392,15989476,84,mRNA
46945,15988617,15989268,651,mRNA
46946,15988068,15988544,476,mRNA
46947,15987166,15987989,823,mRNA
46948,15991751,15991974,223,mRNA
46949,15991083,15991382,299,mRNA
46950,15989854,15989950,96,mRNA
46951,15989392,15989476,84,mRNA
46952,15988617,15989268,651,mRNA
46953,15988068,15988544,476,mRNA
46954,15987166,15987989,823,mRNA
46955,15990045,15990307,262,mRNA
46956,15989854,15989950,96,mRNA
46957,15988617,15989476,859,mRNA
46958,15988068,15988544,476,mRNA
46959,15987166,15987989,823,mRNA
46960,15988617,15988829,212,CDS
46961,15988068,15988544,476,CDS
46962,15987285,15987989,704,CDS
46963,15988617,15988829,212,CDS
46964,15988068,15988544,476,CDS
46965,15987285,15987989,704,CDS
46966,15988617,15988829,212,CDS
46967,15988068,15988544,476,CDS
46968,15987285,15987989,704,CDS
46969,15988617,15988829,212,CDS
46970,15988068,15988544,476,CDS
46971,15987285,15987989,704,CDS
46972,15988617,15988829,212,CDS
46973,15988068,15988544,476,CDS
46974,15987285,15987989,704,CDS
46975,15988617,15988829,212,CDS
46976,15988068,15988544,476,CDS
46977,15987285,15987989,704,CDS
46978,15988617,15988829,212,CDS
46979,15988068,15988544,476,CDS
46980,15987285,15987989,704,CDS
46981,15991083,15991104,21,CDS
46982,15989854,15989950,96,CDS
46983,15989428,15989476,48,CDS
46984,15992468,15996509,4041,gene
46985,15992468,15992661,193,mRNA
46986,15993472,15993773,301,mRNA
46987,15993965,15994283,318,mRNA
46988,15994347,15994605,258,mRNA
46989,15994685,15995996,1311,mRNA
46990,15992700,15992924,224,mRNA
46991,15993472,15993773,301,mRNA
46992,15993965,15994283,318,mRNA
46993,15994347,15994605,258,mRNA
46994,15994685,15996509,1824,mRNA
46995,15992700,15992854,154,mRNA
46996,15993472,15993773,301,mRNA
46997,15993965,15994283,318,mRNA
46998,15994347,15994605,258,mRNA
46999,15994685,15995996,1311,mRNA
47000,15992936,15993113,177,mRNA
47001,15993472,15993773,301,mRNA
47002,15993965,15994283,318,mRNA
47003,15994347,15994605,258,mRNA
47004,15994685,15996509,1824,mRNA
47005,15993509,15993773,264,CDS
47006,15993965,15994283,318,CDS
47007,15994347,15994605,258,CDS
47008,15994685,15994972,287,CDS
47009,15993509,15993773,264,CDS
47010,15993965,15994283,318,CDS
47011,15994347,15994605,258,CDS
47012,15994685,15994972,287,CDS
47013,15993509,15993773,264,CDS
47014,15993965,15994283,318,CDS
47015,15994347,15994605,258,CDS
47016,15994685,15994972,287,CDS
47017,15993509,15993773,264,CDS
47018,15993965,15994283,318,CDS
47019,15994347,15994605,258,CDS
47020,15994685,15994972,287,CDS
47021,15997016,15999698,2682,gene
47022,15997016,15998984,1968,mRNA
47023,15999046,15999698,652,mRNA
47024,15997124,15998984,1860,CDS
47025,15999046,15999638,592,CDS
47026,15999951,16005812,5861,gene
47027,16004985,16005812,827,mRNA
47028,16003715,16004086,371,mRNA
47029,16003529,16003642,113,mRNA
47030,16003377,16003449,72,mRNA
47031,16002886,16003295,409,mRNA
47032,16001863,16002712,849,mRNA
47033,16000884,16001790,906,mRNA
47034,16000668,16000818,150,mRNA
47035,15999951,16000585,634,mRNA
47036,16005622,16005812,190,mRNA
47037,16003715,16004086,371,mRNA
47038,16003529,16003642,113,mRNA
47039,16003377,16003449,72,mRNA
47040,16002886,16003295,409,mRNA
47041,16001863,16002712,849,mRNA
47042,16000884,16001790,906,mRNA
47043,16000668,16000818,150,mRNA
47044,16000228,16000585,357,mRNA
47045,16005622,16005812,190,mRNA
47046,16004328,16004444,116,mRNA
47047,16003715,16004086,371,mRNA
47048,16003529,16003642,113,mRNA
47049,16003377,16003449,72,mRNA
47050,16002886,16003295,409,mRNA
47051,16001863,16002712,849,mRNA
47052,16000884,16001790,906,mRNA
47053,16000668,16000818,150,mRNA
47054,16000228,16000585,357,mRNA
47055,16005622,16005812,190,mRNA
47056,16005320,16005476,156,mRNA
47057,16004328,16004393,65,mRNA
47058,16003715,16004086,371,mRNA
47059,16003529,16003642,113,mRNA
47060,16003377,16003449,72,mRNA
47061,16002886,16003295,409,mRNA
47062,16001863,16002712,849,mRNA
47063,16000884,16001790,906,mRNA
47064,16000668,16000818,150,mRNA
47065,16000228,16000585,357,mRNA
47066,16005320,16005812,492,mRNA
47067,16003715,16004086,371,mRNA
47068,16003529,16003642,113,mRNA
47069,16003377,16003449,72,mRNA
47070,16002886,16003295,409,mRNA
47071,16001863,16002712,849,mRNA
47072,16000884,16001790,906,mRNA
47073,16000668,16000818,150,mRNA
47074,16000228,16000585,357,mRNA
47075,16005320,16005812,492,mRNA
47076,16004328,16004444,116,mRNA
47077,16003715,16004086,371,mRNA
47078,16003529,16003642,113,mRNA
47079,16003377,16003449,72,mRNA
47080,16002886,16003295,409,mRNA
47081,16001863,16002712,849,mRNA
47082,16000884,16001790,906,mRNA
47083,16000668,16000818,150,mRNA
47084,16000228,16000585,357,mRNA
47085,16003715,16003925,210,CDS
47086,16003529,16003642,113,CDS
47087,16003377,16003449,72,CDS
47088,16002886,16003295,409,CDS
47089,16001863,16002712,849,CDS
47090,16000884,16001790,906,CDS
47091,16000668,16000818,150,CDS
47092,16000437,16000585,148,CDS
47093,16003715,16003925,210,CDS
47094,16003529,16003642,113,CDS
47095,16003377,16003449,72,CDS
47096,16002886,16003295,409,CDS
47097,16001863,16002712,849,CDS
47098,16000884,16001790,906,CDS
47099,16000668,16000818,150,CDS
47100,16000437,16000585,148,CDS
47101,16003715,16003925,210,CDS
47102,16003529,16003642,113,CDS
47103,16003377,16003449,72,CDS
47104,16002886,16003295,409,CDS
47105,16001863,16002712,849,CDS
47106,16000884,16001790,906,CDS
47107,16000668,16000818,150,CDS
47108,16000437,16000585,148,CDS
47109,16003715,16003925,210,CDS
47110,16003529,16003642,113,CDS
47111,16003377,16003449,72,CDS
47112,16002886,16003295,409,CDS
47113,16001863,16002712,849,CDS
47114,16000884,16001790,906,CDS
47115,16000668,16000818,150,CDS
47116,16000437,16000585,148,CDS
47117,16003715,16003925,210,CDS
47118,16003529,16003642,113,CDS
47119,16003377,16003449,72,CDS
47120,16002886,16003295,409,CDS
47121,16001863,16002712,849,CDS
47122,16000884,16001790,906,CDS
47123,16000668,16000818,150,CDS
47124,16000437,16000585,148,CDS
47125,16003715,16003925,210,CDS
47126,16003529,16003642,113,CDS
47127,16003377,16003449,72,CDS
47128,16002886,16003295,409,CDS
47129,16001863,16002712,849,CDS
47130,16000884,16001790,906,CDS
47131,16000668,16000818,150,CDS
47132,16000437,16000585,148,CDS
47133,16006147,16008721,2574,gene
47134,16006147,16006427,280,mRNA
47135,16006505,16006609,104,mRNA
47136,16006677,16006820,143,mRNA
47137,16006944,16007055,111,mRNA
47138,16007107,16007240,133,mRNA
47139,16007291,16007431,140,mRNA
47140,16007500,16007676,176,mRNA
47141,16007910,16008721,811,mRNA
47142,16006227,16006427,200,CDS
47143,16006505,16006609,104,CDS
47144,16006677,16006820,143,CDS
47145,16006944,16007055,111,CDS
47146,16007107,16007240,133,CDS
47147,16007291,16007431,140,CDS
47148,16007500,16007676,176,CDS
47149,16007910,16008638,728,CDS
47150,16009114,16061722,52608,gene
47151,16009114,16009185,71,mRNA
47152,16009247,16009602,355,mRNA
47153,16010108,16015691,5583,mRNA
47154,16016483,16019347,2864,mRNA
47155,16019640,16030133,10493,mRNA
47156,16030305,16031424,1119,mRNA
47157,16031490,16034043,2553,mRNA
47158,16034096,16048676,14580,mRNA
47159,16049413,16052389,2976,mRNA
47160,16052466,16053434,968,mRNA
47161,16053608,16057628,4020,mRNA
47162,16057774,16059927,2153,mRNA
47163,16059982,16060530,548,mRNA
47164,16061286,16061722,436,mRNA
47165,16009128,16009185,57,CDS
47166,16009247,16009602,355,CDS
47167,16010108,16015691,5583,CDS
47168,16016483,16019347,2864,CDS
47169,16019640,16030133,10493,CDS
47170,16030305,16031424,1119,CDS
47171,16031490,16034043,2553,CDS
47172,16034096,16048676,14580,CDS
47173,16049413,16052389,2976,CDS
47174,16052466,16053434,968,CDS
47175,16053608,16057628,4020,CDS
47176,16057774,16059927,2153,CDS
47177,16059982,16060530,548,CDS
47178,16061286,16061675,389,CDS
47179,16061902,16062898,996,gene
47180,16061902,16062898,996,mRNA
47181,16062010,16062774,764,CDS
47182,16063738,16070304,6566,gene
47183,16063738,16063818,80,mRNA
47184,16063881,16064109,228,mRNA
47185,16065402,16065699,297,mRNA
47186,16066367,16066807,440,mRNA
47187,16067624,16067799,175,mRNA
47188,16068715,16068928,213,mRNA
47189,16068991,16069315,324,mRNA
47190,16069373,16069497,124,mRNA
47191,16069564,16070304,740,mRNA
47192,16065552,16065699,147,CDS
47193,16066367,16066807,440,CDS
47194,16067624,16067799,175,CDS
47195,16068715,16068928,213,CDS
47196,16068991,16069315,324,CDS
47197,16069373,16069497,124,CDS
47198,16069564,16069694,130,CDS
47199,16070365,16073568,3203,gene
47200,16073510,16073568,58,mRNA
47201,16073403,16073431,28,mRNA
47202,16073027,16073100,73,mRNA
47203,16071721,16071900,179,mRNA
47204,16071238,16071531,293,mRNA
47205,16071035,16071177,142,mRNA
47206,16070365,16070868,503,mRNA
47207,16073403,16073568,165,mRNA
47208,16073027,16073100,73,mRNA
47209,16071721,16071900,179,mRNA
47210,16071238,16071531,293,mRNA
47211,16071035,16071177,142,mRNA
47212,16070365,16070868,503,mRNA
47213,16073403,16073568,165,mRNA
47214,16073027,16073141,114,mRNA
47215,16071721,16071900,179,mRNA
47216,16071238,16071531,293,mRNA
47217,16071035,16071177,142,mRNA
47218,16070365,16070868,503,mRNA
47219,16073027,16073282,255,mRNA
47220,16071721,16071900,179,mRNA
47221,16071238,16071531,293,mRNA
47222,16071035,16071177,142,mRNA
47223,16070365,16070868,503,mRNA
47224,16073027,16073082,55,CDS
47225,16071721,16071900,179,CDS
47226,16071238,16071531,293,CDS
47227,16071035,16071177,142,CDS
47228,16070720,16070868,148,CDS
47229,16073027,16073082,55,CDS
47230,16071721,16071900,179,CDS
47231,16071238,16071531,293,CDS
47232,16071035,16071177,142,CDS
47233,16070720,16070868,148,CDS
47234,16073027,16073082,55,CDS
47235,16071721,16071900,179,CDS
47236,16071238,16071531,293,CDS
47237,16071035,16071177,142,CDS
47238,16070720,16070868,148,CDS
47239,16073027,16073082,55,CDS
47240,16071721,16071900,179,CDS
47241,16071238,16071531,293,CDS
47242,16071035,16071177,142,CDS
47243,16070720,16070868,148,CDS
47244,16074717,16091495,16778,gene
47245,16091147,16091495,348,mRNA
47246,16082034,16082975,941,mRNA
47247,16081786,16081962,176,mRNA
47248,16081042,16081282,240,mRNA
47249,16080804,16080957,153,mRNA
47250,16074717,16080705,5988,mRNA
47251,16087211,16087389,178,mRNA
47252,16082034,16082975,941,mRNA
47253,16081786,16081962,176,mRNA
47254,16080804,16081282,478,mRNA
47255,16077887,16080705,2818,mRNA
47256,16091147,16091495,348,mRNA
47257,16082034,16082975,941,mRNA
47258,16081786,16081962,176,mRNA
47259,16080804,16081282,478,mRNA
47260,16079014,16080705,1691,mRNA
47261,16089261,16089367,106,mRNA
47262,16082034,16082975,941,mRNA
47263,16081792,16081962,170,mRNA
47264,16081042,16081282,240,mRNA
47265,16080804,16080957,153,mRNA
47266,16079014,16080702,1688,mRNA
47267,16082034,16082186,152,CDS
47268,16081792,16081962,170,CDS
47269,16081042,16081282,240,CDS
47270,16080804,16080957,153,CDS
47271,16079820,16080702,882,CDS
47272,16082034,16082186,152,CDS
47273,16081786,16081962,176,CDS
47274,16081042,16081282,240,CDS
47275,16080804,16080957,153,CDS
47276,16079820,16080705,885,CDS
47277,16082034,16082186,152,CDS
47278,16081786,16081962,176,CDS
47279,16080804,16081282,478,CDS
47280,16079820,16080705,885,CDS
47281,16082034,16082186,152,CDS
47282,16081786,16081962,176,CDS
47283,16080804,16081282,478,CDS
47284,16079820,16080705,885,CDS
47285,16080923,16081056,133,gene
47286,16080923,16081056,133,precursor_RNA
47287,16080951,16080972,21,ncRNA
47288,16081004,16081025,21,ncRNA
47289,16083232,16085751,2519,gene
47290,16083232,16083483,251,mRNA
47291,16083542,16083646,104,mRNA
47292,16083707,16083850,143,mRNA
47293,16083908,16084019,111,mRNA
47294,16084074,16084207,133,mRNA
47295,16084263,16084403,140,mRNA
47296,16084467,16084649,182,mRNA
47297,16084707,16085177,470,mRNA
47298,16085288,16085751,463,mRNA
47299,16083283,16083483,200,CDS
47300,16083542,16083646,104,CDS
47301,16083707,16083850,143,CDS
47302,16083908,16084019,111,CDS
47303,16084074,16084207,133,CDS
47304,16084263,16084403,140,CDS
47305,16084467,16084649,182,CDS
47306,16084707,16085177,470,CDS
47307,16085288,16085662,374,CDS
47308,16093059,16104946,11887,gene
47309,16093059,16104946,11887,gene
47310,16104804,16104946,142,mRNA
47311,16097703,16100349,2646,mRNA
47312,16097013,16097572,559,mRNA
47313,16095458,16095690,232,mRNA
47314,16093059,16095393,2334,mRNA
47315,16104804,16104946,142,mRNA
47316,16097703,16100349,2646,mRNA
47317,16097013,16097572,559,mRNA
47318,16095458,16095690,232,mRNA
47319,16093059,16095393,2334,mRNA
47320,16104804,16104946,142,mRNA
47321,16102819,16103053,234,mRNA
47322,16097703,16100349,2646,mRNA
47323,16097013,16097572,559,mRNA
47324,16095458,16095690,232,mRNA
47325,16093059,16095393,2334,mRNA
47326,16104804,16104946,142,mRNA
47327,16102819,16103053,234,mRNA
47328,16097703,16100349,2646,mRNA
47329,16097013,16097572,559,mRNA
47330,16095458,16095690,232,mRNA
47331,16093059,16095393,2334,mRNA
47332,16096527,16096663,136,mRNA
47333,16095458,16095690,232,mRNA
47334,16093059,16095393,2334,mRNA
47335,16096527,16096663,136,mRNA
47336,16095458,16095690,232,mRNA
47337,16093059,16095396,2337,mRNA
47338,16095897,16095922,25,mRNA
47339,16095458,16095690,232,mRNA
47340,16093059,16095393,2334,mRNA
47341,16095866,16095922,56,mRNA
47342,16095458,16095690,232,mRNA
47343,16093059,16095393,2334,mRNA
47344,16095458,16095675,217,CDS
47345,16094103,16095393,1290,CDS
47346,16095458,16095675,217,CDS
47347,16094103,16095393,1290,CDS
47348,16095458,16095675,217,CDS
47349,16094103,16095393,1290,CDS
47350,16095458,16095675,217,CDS
47351,16094103,16095393,1290,CDS
47352,16095458,16095675,217,CDS
47353,16094103,16095393,1290,CDS
47354,16095458,16095675,217,CDS
47355,16094103,16095396,1293,CDS
47356,16097703,16100218,2515,CDS
47357,16097020,16097572,552,CDS
47358,16097703,16100218,2515,CDS
47359,16097020,16097572,552,CDS
47360,16116218,16116286,68,mobile_element
47361,16118067,16148977,30910,gene
47362,16146864,16148977,2113,mRNA
47363,16128894,16129015,121,mRNA
47364,16121269,16123310,2041,mRNA
47365,16118067,16121060,2993,mRNA
47366,16148918,16148977,59,mRNA
47367,16146864,16147209,345,mRNA
47368,16121269,16123310,2041,mRNA
47369,16118788,16121060,2272,mRNA
47370,16148742,16148977,235,mRNA
47371,16146864,16147209,345,mRNA
47372,16128894,16129015,121,mRNA
47373,16121269,16123310,2041,mRNA
47374,16118788,16121060,2272,mRNA
47375,16124163,16124332,169,mRNA
47376,16121269,16123310,2041,mRNA
47377,16118788,16121060,2272,mRNA
47378,16121269,16123194,1925,CDS
47379,16119051,16121060,2009,CDS
47380,16121269,16123194,1925,CDS
47381,16119051,16121060,2009,CDS
47382,16121269,16123194,1925,CDS
47383,16119051,16121060,2009,CDS
47384,16121269,16123194,1925,CDS
47385,16119051,16121060,2009,CDS
47386,16191134,16191631,497,gene
47387,16191502,16191631,129,ncRNA
47388,16191134,16191448,314,ncRNA
47389,16191502,16191603,101,ncRNA
47390,16191134,16191448,314,ncRNA
47391,16191254,16191339,85,gene
47392,16191254,16191339,85,precursor_RNA
47393,16191270,16191291,21,ncRNA
47394,16191303,16191324,21,ncRNA
47395,16210598,16216750,6152,gene
47396,16216251,16216750,499,mRNA
47397,16210598,16213344,2746,mRNA
47398,16216251,16216746,495,mRNA
47399,16210774,16213344,2570,mRNA
47400,16211572,16213278,1706,CDS
47401,16211572,16213278,1706,CDS
47402,16222833,16231124,8291,mobile_element
47403,16254008,16254117,109,gene
47404,16254008,16254117,109,ncRNA
47405,16254672,16254863,191,gene
47406,16254672,16254863,191,ncRNA
47407,16255077,16255148,71,mobile_element
47408,16265242,16266537,1295,gene
47409,16266028,16266537,509,mRNA
47410,16265242,16265827,585,mRNA
47411,16266028,16266494,466,CDS
47412,16265380,16265827,447,CDS
47413,16267007,16276180,9173,gene
47414,16276116,16276180,64,mRNA
47415,16275533,16275753,220,mRNA
47416,16274564,16274691,127,mRNA
47417,16274284,16274501,217,mRNA
47418,16270239,16270580,341,mRNA
47419,16269979,16270114,135,mRNA
47420,16268274,16269341,1067,mRNA
47421,16268072,16268205,133,mRNA
47422,16267914,16268003,89,mRNA
47423,16267775,16267849,74,mRNA
47424,16267007,16267715,708,mRNA
47425,16275533,16275917,384,mRNA
47426,16274564,16274691,127,mRNA
47427,16274284,16274501,217,mRNA
47428,16270239,16270580,341,mRNA
47429,16269979,16270114,135,mRNA
47430,16268274,16269341,1067,mRNA
47431,16268072,16268202,130,mRNA
47432,16267914,16268003,89,mRNA
47433,16267775,16267849,74,mRNA
47434,16267007,16267715,708,mRNA
47435,16275533,16275917,384,mRNA
47436,16274564,16274691,127,mRNA
47437,16274284,16274501,217,mRNA
47438,16270239,16270580,341,mRNA
47439,16269979,16270114,135,mRNA
47440,16268274,16269341,1067,mRNA
47441,16268072,16268205,133,mRNA
47442,16267914,16268003,89,mRNA
47443,16267775,16267849,74,mRNA
47444,16267007,16267715,708,mRNA
47445,16275533,16275566,33,CDS
47446,16274564,16274691,127,CDS
47447,16274284,16274501,217,CDS
47448,16270239,16270580,341,CDS
47449,16269979,16270114,135,CDS
47450,16268274,16269341,1067,CDS
47451,16268072,16268202,130,CDS
47452,16267914,16268003,89,CDS
47453,16267775,16267849,74,CDS
47454,16267481,16267715,234,CDS
47455,16275533,16275566,33,CDS
47456,16274564,16274691,127,CDS
47457,16274284,16274501,217,CDS
47458,16270239,16270580,341,CDS
47459,16269979,16270114,135,CDS
47460,16268274,16269341,1067,CDS
47461,16268072,16268205,133,CDS
47462,16267914,16268003,89,CDS
47463,16267775,16267849,74,CDS
47464,16267481,16267715,234,CDS
47465,16275533,16275566,33,CDS
47466,16274564,16274691,127,CDS
47467,16274284,16274501,217,CDS
47468,16270239,16270580,341,CDS
47469,16269979,16270114,135,CDS
47470,16268274,16269341,1067,CDS
47471,16268072,16268205,133,CDS
47472,16267914,16268003,89,CDS
47473,16267775,16267849,74,CDS
47474,16267481,16267715,234,CDS
47475,16270951,16273815,2864,gene
47476,16270951,16271096,145,mRNA
47477,16271441,16272228,787,mRNA
47478,16272525,16273815,1290,mRNA
47479,16271404,16272228,824,mRNA
47480,16272525,16273815,1290,mRNA
47481,16271520,16272228,708,CDS
47482,16272525,16273612,1087,CDS
47483,16271520,16272228,708,CDS
47484,16272525,16273612,1087,CDS
47485,16276270,16277587,1317,gene
47486,16276270,16276519,249,mRNA
47487,16276597,16276826,229,mRNA
47488,16276892,16277587,695,mRNA
47489,16276418,16276519,101,CDS
47490,16276597,16276826,229,CDS
47491,16276892,16277309,417,CDS
47492,16278328,16285618,7290,gene
47493,16278328,16281273,2945,mRNA
47494,16281439,16281503,64,mRNA
47495,16283670,16284238,568,mRNA
47496,16284312,16284761,449,mRNA
47497,16285022,16285618,596,mRNA
47498,16278328,16278969,641,mRNA
47499,16279022,16281273,2251,mRNA
47500,16281439,16281503,64,mRNA
47501,16283670,16284238,568,mRNA
47502,16284312,16284761,449,mRNA
47503,16285022,16285618,596,mRNA
47504,16278357,16278615,258,mRNA
47505,16278694,16278761,67,mRNA
47506,16280886,16281273,387,mRNA
47507,16283670,16284238,568,mRNA
47508,16284312,16284761,449,mRNA
47509,16285022,16285618,596,mRNA
47510,16278357,16278615,258,mRNA
47511,16279706,16279828,122,mRNA
47512,16279909,16279991,82,mRNA
47513,16280978,16281273,295,mRNA
47514,16281439,16281503,64,mRNA
47515,16283670,16284238,568,mRNA
47516,16284312,16284761,449,mRNA
47517,16285022,16285618,596,mRNA
47518,16278357,16278615,258,mRNA
47519,16280886,16281273,387,mRNA
47520,16283670,16284238,568,mRNA
47521,16284312,16284761,449,mRNA
47522,16285022,16285618,596,mRNA
47523,16278357,16278547,190,mRNA
47524,16279706,16279828,122,mRNA
47525,16279909,16279991,82,mRNA
47526,16280886,16281273,387,mRNA
47527,16283670,16284238,568,mRNA
47528,16284312,16284761,449,mRNA
47529,16285022,16285618,596,mRNA
47530,16278357,16278547,190,mRNA
47531,16280886,16281273,387,mRNA
47532,16283670,16284238,568,mRNA
47533,16284312,16284761,449,mRNA
47534,16285022,16285618,596,mRNA
47535,16278579,16278969,390,mRNA
47536,16280886,16281273,387,mRNA
47537,16283670,16284238,568,mRNA
47538,16284312,16284761,449,mRNA
47539,16285022,16285618,596,mRNA
47540,16279964,16279991,27,CDS
47541,16280978,16281273,295,CDS
47542,16281439,16281503,64,CDS
47543,16283670,16283733,63,CDS
47544,16280887,16281273,386,CDS
47545,16283670,16284238,568,CDS
47546,16284312,16284761,449,CDS
47547,16285022,16285103,81,CDS
47548,16280887,16281273,386,CDS
47549,16283670,16284238,568,CDS
47550,16284312,16284761,449,CDS
47551,16285022,16285103,81,CDS
47552,16280887,16281273,386,CDS
47553,16283670,16284238,568,CDS
47554,16284312,16284761,449,CDS
47555,16285022,16285103,81,CDS
47556,16280887,16281273,386,CDS
47557,16283670,16284238,568,CDS
47558,16284312,16284761,449,CDS
47559,16285022,16285103,81,CDS
47560,16280887,16281273,386,CDS
47561,16283670,16284238,568,CDS
47562,16284312,16284761,449,CDS
47563,16285022,16285103,81,CDS
47564,16280887,16281273,386,CDS
47565,16281439,16281503,64,CDS
47566,16283670,16283733,63,CDS
47567,16280887,16281273,386,CDS
47568,16281439,16281503,64,CDS
47569,16283670,16283733,63,CDS
47570,16285953,16288533,2580,gene
47571,16288383,16288533,150,mRNA
47572,16288225,16288316,91,mRNA
47573,16287958,16288136,178,mRNA
47574,16287158,16287239,81,mRNA
47575,16285953,16286134,181,mRNA
47576,16288383,16288533,150,mRNA
47577,16288225,16288316,91,mRNA
47578,16287958,16288136,178,mRNA
47579,16285953,16287239,1286,mRNA
47580,16288383,16288407,24,CDS
47581,16288225,16288316,91,CDS
47582,16287958,16288136,178,CDS
47583,16287158,16287239,81,CDS
47584,16286090,16286134,44,CDS
47585,16286288,16286988,700,gene
47586,16286288,16286449,161,mRNA
47587,16286565,16286612,47,mRNA
47588,16286676,16286988,312,mRNA
47589,16286410,16286449,39,CDS
47590,16286565,16286612,47,CDS
47591,16286676,16286923,247,CDS
47592,16288383,16288407,24,CDS
47593,16288225,16288316,91,CDS
47594,16287958,16288136,178,CDS
47595,16287149,16287239,90,CDS
47596,16288810,16293520,4710,gene
47597,16288810,16288957,147,mRNA
47598,16289027,16289158,131,mRNA
47599,16289226,16289322,96,mRNA
47600,16291057,16291091,34,mRNA
47601,16291941,16292110,169,mRNA
47602,16292195,16292643,448,mRNA
47603,16292886,16293520,634,mRNA
47604,16288810,16288957,147,mRNA
47605,16289027,16289158,131,mRNA
47606,16289226,16289322,96,mRNA
47607,16291941,16292110,169,mRNA
47608,16292195,16292643,448,mRNA
47609,16292886,16293520,634,mRNA
47610,16288810,16288957,147,mRNA
47611,16289027,16289113,86,mRNA
47612,16289226,16289322,96,mRNA
47613,16291057,16291091,34,mRNA
47614,16291941,16292110,169,mRNA
47615,16292195,16292643,448,mRNA
47616,16292886,16293520,634,mRNA
47617,16288810,16288957,147,mRNA
47618,16289226,16289322,96,mRNA
47619,16291057,16291091,34,mRNA
47620,16291941,16292110,169,mRNA
47621,16292195,16292643,448,mRNA
47622,16292886,16293520,634,mRNA
47623,16288951,16288957,6,CDS
47624,16289027,16289158,131,CDS
47625,16289226,16289322,96,CDS
47626,16291057,16291091,34,CDS
47627,16291941,16292110,169,CDS
47628,16292195,16292643,448,CDS
47629,16292886,16293195,309,CDS
47630,16288951,16288957,6,CDS
47631,16289027,16289113,86,CDS
47632,16289226,16289322,96,CDS
47633,16291057,16291091,34,CDS
47634,16291941,16292110,169,CDS
47635,16292195,16292643,448,CDS
47636,16292886,16293195,309,CDS
47637,16288951,16288957,6,CDS
47638,16289226,16289322,96,CDS
47639,16291057,16291091,34,CDS
47640,16291941,16292110,169,CDS
47641,16292195,16292643,448,CDS
47642,16292886,16293195,309,CDS
47643,16288951,16288957,6,CDS
47644,16289027,16289158,131,CDS
47645,16289226,16289322,96,CDS
47646,16291941,16292079,138,CDS
47647,16293853,16297718,3865,gene
47648,16297642,16297718,76,mRNA
47649,16296310,16296484,174,mRNA
47650,16296047,16296131,84,mRNA
47651,16295223,16295314,91,mRNA
47652,16294725,16295118,393,mRNA
47653,16294388,16294654,266,mRNA
47654,16294115,16294313,198,mRNA
47655,16293853,16294040,187,mRNA
47656,16296860,16296885,25,mRNA
47657,16296310,16296484,174,mRNA
47658,16296047,16296131,84,mRNA
47659,16295223,16295314,91,mRNA
47660,16294725,16295118,393,mRNA
47661,16294388,16294654,266,mRNA
47662,16294115,16294313,198,mRNA
47663,16293853,16294040,187,mRNA
47664,16296310,16296587,277,mRNA
47665,16296047,16296131,84,mRNA
47666,16295223,16295314,91,mRNA
47667,16294725,16295118,393,mRNA
47668,16294388,16294654,266,mRNA
47669,16294115,16294313,198,mRNA
47670,16293853,16294040,187,mRNA
47671,16296047,16296270,223,mRNA
47672,16295223,16295314,91,mRNA
47673,16294725,16295118,393,mRNA
47674,16294388,16294654,266,mRNA
47675,16294115,16294313,198,mRNA
47676,16293853,16294040,187,mRNA
47677,16296310,16296366,56,CDS
47678,16296047,16296131,84,CDS
47679,16295223,16295314,91,CDS
47680,16294725,16295118,393,CDS
47681,16294388,16294654,266,CDS
47682,16294115,16294313,198,CDS
47683,16293896,16294040,144,CDS
47684,16296310,16296366,56,CDS
47685,16296047,16296131,84,CDS
47686,16295223,16295314,91,CDS
47687,16294725,16295118,393,CDS
47688,16294388,16294654,266,CDS
47689,16294115,16294313,198,CDS
47690,16293896,16294040,144,CDS
47691,16296310,16296366,56,CDS
47692,16296047,16296131,84,CDS
47693,16295223,16295314,91,CDS
47694,16294725,16295118,393,CDS
47695,16294388,16294654,266,CDS
47696,16294115,16294313,198,CDS
47697,16293896,16294040,144,CDS
47698,16296047,16296077,30,CDS
47699,16295223,16295314,91,CDS
47700,16294725,16295118,393,CDS
47701,16294388,16294654,266,CDS
47702,16294115,16294313,198,CDS
47703,16293896,16294040,144,CDS
47704,16296671,16303308,6637,gene
47705,16296671,16296907,236,mRNA
47706,16297650,16297784,134,mRNA
47707,16297849,16298840,991,mRNA
47708,16299020,16299210,190,mRNA
47709,16299276,16299471,195,mRNA
47710,16299540,16299725,185,mRNA
47711,16299795,16299959,164,mRNA
47712,16300031,16300157,126,mRNA
47713,16300226,16300331,105,mRNA
47714,16300398,16300708,310,mRNA
47715,16300771,16300875,104,mRNA
47716,16300939,16301524,585,mRNA
47717,16301601,16301751,150,mRNA
47718,16301813,16301917,104,mRNA
47719,16302210,16302412,202,mRNA
47720,16302907,16303308,401,mRNA
47721,16296671,16296907,236,mRNA
47722,16297661,16297784,123,mRNA
47723,16297849,16298840,991,mRNA
47724,16299020,16299210,190,mRNA
47725,16299276,16299471,195,mRNA
47726,16299540,16299725,185,mRNA
47727,16299795,16299959,164,mRNA
47728,16300031,16300157,126,mRNA
47729,16300226,16300331,105,mRNA
47730,16300398,16300708,310,mRNA
47731,16300771,16300875,104,mRNA
47732,16300939,16301524,585,mRNA
47733,16301601,16301751,150,mRNA
47734,16301813,16301917,104,mRNA
47735,16302907,16303308,401,mRNA
47736,16296671,16296883,212,mRNA
47737,16297650,16297784,134,mRNA
47738,16297849,16298840,991,mRNA
47739,16299020,16299210,190,mRNA
47740,16299276,16299471,195,mRNA
47741,16299540,16299725,185,mRNA
47742,16299795,16299959,164,mRNA
47743,16300031,16300157,126,mRNA
47744,16300226,16300331,105,mRNA
47745,16300398,16300708,310,mRNA
47746,16300771,16300875,104,mRNA
47747,16300939,16301524,585,mRNA
47748,16301601,16301751,150,mRNA
47749,16301813,16301917,104,mRNA
47750,16302210,16302412,202,mRNA
47751,16302907,16303308,401,mRNA
47752,16296671,16296883,212,mRNA
47753,16297661,16297784,123,mRNA
47754,16297849,16298840,991,mRNA
47755,16299020,16299210,190,mRNA
47756,16299276,16299471,195,mRNA
47757,16299540,16299725,185,mRNA
47758,16299795,16299959,164,mRNA
47759,16300031,16300157,126,mRNA
47760,16300226,16300331,105,mRNA
47761,16300398,16300708,310,mRNA
47762,16300771,16300875,104,mRNA
47763,16300939,16301524,585,mRNA
47764,16301601,16301751,150,mRNA
47765,16301813,16301917,104,mRNA
47766,16302210,16302412,202,mRNA
47767,16302907,16303308,401,mRNA
47768,16296671,16296790,119,mRNA
47769,16297661,16297784,123,mRNA
47770,16297849,16298840,991,mRNA
47771,16299020,16299210,190,mRNA
47772,16299276,16299471,195,mRNA
47773,16299540,16299725,185,mRNA
47774,16299795,16299959,164,mRNA
47775,16300031,16300157,126,mRNA
47776,16300226,16300331,105,mRNA
47777,16300398,16300708,310,mRNA
47778,16300771,16300875,104,mRNA
47779,16300939,16301524,585,mRNA
47780,16301601,16301751,150,mRNA
47781,16301813,16301917,104,mRNA
47782,16302210,16302412,202,mRNA
47783,16302907,16303308,401,mRNA
47784,16296776,16296790,14,CDS
47785,16297661,16297784,123,CDS
47786,16297849,16298840,991,CDS
47787,16299020,16299210,190,CDS
47788,16299276,16299471,195,CDS
47789,16299540,16299725,185,CDS
47790,16299795,16299959,164,CDS
47791,16300031,16300157,126,CDS
47792,16300226,16300331,105,CDS
47793,16300398,16300708,310,CDS
47794,16300771,16300875,104,CDS
47795,16300939,16301524,585,CDS
47796,16301601,16301751,150,CDS
47797,16301813,16301917,104,CDS
47798,16302210,16302412,202,CDS
47799,16302907,16303096,189,CDS
47800,16297083,16297239,156,mRNA
47801,16297661,16297784,123,mRNA
47802,16297849,16298840,991,mRNA
47803,16299020,16299210,190,mRNA
47804,16299276,16299471,195,mRNA
47805,16299540,16299725,185,mRNA
47806,16299795,16299959,164,mRNA
47807,16300031,16300157,126,mRNA
47808,16300226,16300331,105,mRNA
47809,16300398,16300708,310,mRNA
47810,16300771,16300875,104,mRNA
47811,16300939,16301524,585,mRNA
47812,16301601,16301751,150,mRNA
47813,16301813,16301917,104,mRNA
47814,16302210,16302412,202,mRNA
47815,16302907,16303308,401,mRNA
47816,16297673,16297784,111,CDS
47817,16297849,16298840,991,CDS
47818,16299020,16299210,190,CDS
47819,16299276,16299471,195,CDS
47820,16299540,16299725,185,CDS
47821,16299795,16299959,164,CDS
47822,16300031,16300157,126,CDS
47823,16300226,16300331,105,CDS
47824,16300398,16300708,310,CDS
47825,16300771,16300875,104,CDS
47826,16300939,16301524,585,CDS
47827,16301601,16301751,150,CDS
47828,16301813,16301917,104,CDS
47829,16302210,16302412,202,CDS
47830,16302907,16303096,189,CDS
47831,16297673,16297784,111,CDS
47832,16297849,16298840,991,CDS
47833,16299020,16299210,190,CDS
47834,16299276,16299471,195,CDS
47835,16299540,16299725,185,CDS
47836,16299795,16299959,164,CDS
47837,16300031,16300157,126,CDS
47838,16300226,16300331,105,CDS
47839,16300398,16300708,310,CDS
47840,16300771,16300875,104,CDS
47841,16300939,16301524,585,CDS
47842,16301601,16301751,150,CDS
47843,16301813,16301917,104,CDS
47844,16302210,16302412,202,CDS
47845,16302907,16303096,189,CDS
47846,16297673,16297784,111,CDS
47847,16297849,16298840,991,CDS
47848,16299020,16299210,190,CDS
47849,16299276,16299471,195,CDS
47850,16299540,16299725,185,CDS
47851,16299795,16299959,164,CDS
47852,16300031,16300157,126,CDS
47853,16300226,16300331,105,CDS
47854,16300398,16300708,310,CDS
47855,16300771,16300875,104,CDS
47856,16300939,16301524,585,CDS
47857,16301601,16301751,150,CDS
47858,16301813,16301917,104,CDS
47859,16302210,16302412,202,CDS
47860,16302907,16303096,189,CDS
47861,16297673,16297784,111,CDS
47862,16297849,16298840,991,CDS
47863,16299020,16299210,190,CDS
47864,16299276,16299471,195,CDS
47865,16299540,16299725,185,CDS
47866,16299795,16299959,164,CDS
47867,16300031,16300157,126,CDS
47868,16300226,16300331,105,CDS
47869,16300398,16300708,310,CDS
47870,16300771,16300875,104,CDS
47871,16300939,16301524,585,CDS
47872,16301601,16301751,150,CDS
47873,16301813,16301917,104,CDS
47874,16302210,16302412,202,CDS
47875,16302907,16303096,189,CDS
47876,16297673,16297784,111,CDS
47877,16297849,16298840,991,CDS
47878,16299020,16299210,190,CDS
47879,16299276,16299471,195,CDS
47880,16299540,16299725,185,CDS
47881,16299795,16299959,164,CDS
47882,16300031,16300157,126,CDS
47883,16300226,16300331,105,CDS
47884,16300398,16300708,310,CDS
47885,16300771,16300875,104,CDS
47886,16300939,16301524,585,CDS
47887,16301601,16301751,150,CDS
47888,16301813,16301917,104,CDS
47889,16302907,16302933,26,CDS
47890,16303870,16307377,3507,gene
47891,16303870,16304142,272,mRNA
47892,16304253,16304975,722,mRNA
47893,16305159,16307377,2218,mRNA
47894,16303870,16304142,272,mRNA
47895,16304253,16304975,722,mRNA
47896,16305159,16306922,1763,mRNA
47897,16303990,16304142,152,CDS
47898,16304253,16304975,722,CDS
47899,16305159,16306214,1055,CDS
47900,16303990,16304142,152,CDS
47901,16304253,16304975,722,CDS
47902,16305159,16306214,1055,CDS
47903,16306912,16308667,1755,gene
47904,16308238,16308667,429,mRNA
47905,16307790,16308168,378,mRNA
47906,16306912,16307547,635,mRNA
47907,16308238,16308393,155,mRNA
47908,16307790,16308168,378,mRNA
47909,16306912,16307547,635,mRNA
47910,16308238,16308275,37,CDS
47911,16307790,16308168,378,CDS
47912,16307017,16307547,530,CDS
47913,16308238,16308275,37,CDS
47914,16307790,16308168,378,CDS
47915,16307017,16307547,530,CDS
47916,16307032,16308687,1655,gene
47917,16307032,16307698,666,ncRNA
47918,16307808,16308687,879,ncRNA
47919,16309817,16313138,3321,gene
47920,16312948,16313138,190,mRNA
47921,16311488,16312882,1394,mRNA
47922,16311278,16311431,153,mRNA
47923,16310855,16311218,363,mRNA
47924,16310379,16310786,407,mRNA
47925,16309817,16310307,490,mRNA
47926,16312948,16313138,190,mRNA
47927,16311488,16312882,1394,mRNA
47928,16311278,16311431,153,mRNA
47929,16310855,16311218,363,mRNA
47930,16310379,16310786,407,mRNA
47931,16310101,16310307,206,mRNA
47932,16312948,16312966,18,CDS
47933,16311488,16312882,1394,CDS
47934,16311278,16311431,153,CDS
47935,16310855,16311218,363,CDS
47936,16310379,16310786,407,CDS
47937,16310185,16310307,122,CDS
47938,16312948,16312966,18,CDS
47939,16311488,16312882,1394,CDS
47940,16311278,16311431,153,CDS
47941,16310855,16311218,363,CDS
47942,16310379,16310786,407,CDS
47943,16310185,16310307,122,CDS
47944,16313709,16317750,4041,gene
47945,16313709,16313818,109,mRNA
47946,16313880,16314397,517,mRNA
47947,16314459,16314665,206,mRNA
47948,16314722,16315822,1100,mRNA
47949,16315885,16316137,252,mRNA
47950,16316192,16316346,154,mRNA
47951,16316413,16316839,426,mRNA
47952,16316904,16317109,205,mRNA
47953,16317170,16317750,580,mRNA
47954,16313882,16314397,515,CDS
47955,16314459,16314665,206,CDS
47956,16314722,16315822,1100,CDS
47957,16315885,16316137,252,CDS
47958,16316192,16316346,154,CDS
47959,16316413,16316839,426,CDS
47960,16316904,16317109,205,CDS
47961,16317170,16317613,443,CDS
47962,16317673,16320370,2697,gene
47963,16320079,16320370,291,mRNA
47964,16317673,16318607,934,mRNA
47965,16320079,16320336,257,CDS
47966,16318182,16318607,425,CDS
47967,16321431,16323231,1800,gene
47968,16323192,16323231,39,mRNA
47969,16321431,16323116,1685,mRNA
47970,16321431,16323231,1800,mRNA
47971,16322048,16322953,905,CDS
47972,16322048,16322953,905,CDS
47973,16323286,16325768,2482,gene
47974,16323286,16323697,411,mRNA
47975,16323774,16323929,155,mRNA
47976,16324079,16324209,130,mRNA
47977,16324449,16324601,152,mRNA
47978,16325612,16325768,156,mRNA
47979,16323286,16323697,411,mRNA
47980,16323774,16323929,155,mRNA
47981,16324079,16324209,130,mRNA
47982,16324449,16324601,152,mRNA
47983,16324656,16325120,464,mRNA
47984,16323286,16323697,411,mRNA
47985,16323774,16323929,155,mRNA
47986,16324079,16324209,130,mRNA
47987,16324449,16324601,152,mRNA
47988,16324677,16325120,443,mRNA
47989,16323468,16323697,229,CDS
47990,16323774,16323929,155,CDS
47991,16324079,16324209,130,CDS
47992,16324449,16324601,152,CDS
47993,16325612,16325655,43,CDS
47994,16323468,16323697,229,CDS
47995,16323774,16323929,155,CDS
47996,16324079,16324209,130,CDS
47997,16324449,16324601,152,CDS
47998,16324656,16325065,409,CDS
47999,16323468,16323697,229,CDS
48000,16323774,16323929,155,CDS
48001,16324079,16324209,130,CDS
48002,16324449,16324601,152,CDS
48003,16324677,16325065,388,CDS
48004,16325763,16328523,2760,gene
48005,16325763,16326667,904,mRNA
48006,16326742,16328523,1781,mRNA
48007,16325934,16326667,733,CDS
48008,16326742,16328053,1311,CDS
48009,16328437,16330759,2322,gene
48010,16330708,16330759,51,mRNA
48011,16329895,16330239,344,mRNA
48012,16329515,16329827,312,mRNA
48013,16328437,16329370,933,mRNA
48014,16330708,16330759,51,mRNA
48015,16329895,16330239,344,mRNA
48016,16329515,16329830,315,mRNA
48017,16328437,16329370,933,mRNA
48018,16329895,16330235,340,CDS
48019,16329515,16329827,312,CDS
48020,16329071,16329370,299,CDS
48021,16329895,16330235,340,CDS
48022,16329515,16329830,315,CDS
48023,16329071,16329370,299,CDS
48024,16331281,16333600,2319,gene
48025,16333375,16333600,225,mRNA
48026,16331809,16332122,313,mRNA
48027,16331281,16331725,444,mRNA
48028,16331809,16332048,239,mRNA
48029,16331281,16331725,444,mRNA
48030,16331809,16331953,144,CDS
48031,16331562,16331725,163,CDS
48032,16331809,16331953,144,CDS
48033,16331562,16331725,163,CDS
48034,16333612,16340624,7012,gene
48035,16333612,16333763,151,mRNA
48036,16334301,16334413,112,mRNA
48037,16336267,16336743,476,mRNA
48038,16336851,16337009,158,mRNA
48039,16337086,16337249,163,mRNA
48040,16337381,16337555,174,mRNA
48041,16337625,16340624,2999,mRNA
48042,16333612,16334239,627,mRNA
48043,16334301,16334413,112,mRNA
48044,16336291,16336743,452,mRNA
48045,16336851,16337009,158,mRNA
48046,16337086,16337249,163,mRNA
48047,16337381,16337555,174,mRNA
48048,16337625,16340443,2818,mRNA
48049,16333612,16333718,106,mRNA
48050,16334301,16334413,112,mRNA
48051,16336291,16336743,452,mRNA
48052,16336851,16337009,158,mRNA
48053,16337086,16337249,163,mRNA
48054,16337381,16337555,174,mRNA
48055,16337625,16340443,2818,mRNA
48056,16333612,16333643,31,mRNA
48057,16334301,16334413,112,mRNA
48058,16336291,16336743,452,mRNA
48059,16336851,16337009,158,mRNA
48060,16337086,16337249,163,mRNA
48061,16337381,16337555,174,mRNA
48062,16337625,16340443,2818,mRNA
48063,16333612,16333643,31,mRNA
48064,16334301,16334413,112,mRNA
48065,16336288,16336743,455,mRNA
48066,16336851,16337009,158,mRNA
48067,16337086,16337249,163,mRNA
48068,16337381,16337555,174,mRNA
48069,16337625,16338884,1259,mRNA
48070,16333612,16334413,801,mRNA
48071,16336288,16336743,455,mRNA
48072,16336851,16337009,158,mRNA
48073,16337086,16337249,163,mRNA
48074,16337381,16337555,174,mRNA
48075,16337625,16338771,1146,mRNA
48076,16334390,16334413,23,CDS
48077,16336267,16336743,476,CDS
48078,16336851,16337009,158,CDS
48079,16337086,16337249,163,CDS
48080,16337381,16337555,174,CDS
48081,16337625,16337807,182,CDS
48082,16334390,16334413,23,CDS
48083,16336288,16336743,455,CDS
48084,16336851,16337009,158,CDS
48085,16337086,16337249,163,CDS
48086,16337381,16337555,174,CDS
48087,16337625,16337807,182,CDS
48088,16334390,16334413,23,CDS
48089,16336288,16336743,455,CDS
48090,16336851,16337009,158,CDS
48091,16337086,16337249,163,CDS
48092,16337381,16337555,174,CDS
48093,16337625,16337807,182,CDS
48094,16334390,16334413,23,CDS
48095,16336291,16336743,452,CDS
48096,16336851,16337009,158,CDS
48097,16337086,16337249,163,CDS
48098,16337381,16337555,174,CDS
48099,16337625,16337807,182,CDS
48100,16334390,16334413,23,CDS
48101,16336291,16336743,452,CDS
48102,16336851,16337009,158,CDS
48103,16337086,16337249,163,CDS
48104,16337381,16337555,174,CDS
48105,16337625,16337807,182,CDS
48106,16334390,16334413,23,CDS
48107,16336291,16336743,452,CDS
48108,16336851,16337009,158,CDS
48109,16337086,16337249,163,CDS
48110,16337381,16337555,174,CDS
48111,16337625,16337807,182,CDS
48112,16336184,16336743,559,mRNA
48113,16336851,16337009,158,mRNA
48114,16337086,16337249,163,mRNA
48115,16337381,16337555,174,mRNA
48116,16337625,16338771,1146,mRNA
48117,16336231,16336743,512,CDS
48118,16336851,16337009,158,CDS
48119,16337086,16337249,163,CDS
48120,16337381,16337555,174,CDS
48121,16337625,16337807,182,CDS
48122,16340723,16349821,9098,mobile_element
48123,16350315,16356482,6167,gene
48124,16350315,16351890,1575,mRNA
48125,16352249,16352729,480,mRNA
48126,16352795,16353648,853,mRNA
48127,16353716,16356482,2766,mRNA
48128,16350586,16351890,1304,CDS
48129,16352249,16352729,480,CDS
48130,16352795,16353648,853,CDS
48131,16353716,16354786,1070,CDS
48132,16356696,16359039,2343,gene
48133,16358811,16359039,228,mRNA
48134,16357643,16358206,563,mRNA
48135,16357484,16357572,88,mRNA
48136,16357295,16357417,122,mRNA
48137,16356696,16357217,521,mRNA
48138,16358811,16358985,174,mRNA
48139,16357643,16358206,563,mRNA
48140,16357484,16357572,88,mRNA
48141,16357295,16357417,122,mRNA
48142,16356696,16357217,521,mRNA
48143,16358606,16358678,72,mRNA
48144,16357643,16358206,563,mRNA
48145,16357484,16357572,88,mRNA
48146,16357295,16357417,122,mRNA
48147,16356696,16357217,521,mRNA
48148,16358408,16358453,45,mRNA
48149,16357643,16358206,563,mRNA
48150,16357484,16357572,88,mRNA
48151,16357295,16357417,122,mRNA
48152,16356696,16357217,521,mRNA
48153,16358811,16358823,12,CDS
48154,16357643,16358206,563,CDS
48155,16357484,16357572,88,CDS
48156,16357295,16357417,122,CDS
48157,16356756,16357217,461,CDS
48158,16358811,16358823,12,CDS
48159,16357643,16358206,563,CDS
48160,16357484,16357572,88,CDS
48161,16357295,16357417,122,CDS
48162,16356756,16357217,461,CDS
48163,16358408,16358453,45,CDS
48164,16357643,16358206,563,CDS
48165,16357484,16357572,88,CDS
48166,16357295,16357417,122,CDS
48167,16356756,16357217,461,CDS
48168,16357643,16358051,408,CDS
48169,16357484,16357572,88,CDS
48170,16357295,16357417,122,CDS
48171,16356756,16357217,461,CDS
48172,16359143,16361275,2132,gene
48173,16359143,16359986,843,mRNA
48174,16360050,16360158,108,mRNA
48175,16360223,16360358,135,mRNA
48176,16360420,16360564,144,mRNA
48177,16360620,16360696,76,mRNA
48178,16360763,16360878,115,mRNA
48179,16360932,16361046,114,mRNA
48180,16361114,16361275,161,mRNA
48181,16359274,16359986,712,mRNA
48182,16360050,16360158,108,mRNA
48183,16360223,16360358,135,mRNA
48184,16360420,16360564,144,mRNA
48185,16360620,16360696,76,mRNA
48186,16360763,16360878,115,mRNA
48187,16360932,16361046,114,mRNA
48188,16361114,16361275,161,mRNA
48189,16359340,16359986,646,CDS
48190,16360050,16360158,108,CDS
48191,16360223,16360358,135,CDS
48192,16360420,16360564,144,CDS
48193,16360620,16360696,76,CDS
48194,16360763,16360878,115,CDS
48195,16360932,16361046,114,CDS
48196,16361114,16361214,100,CDS
48197,16359340,16359986,646,CDS
48198,16360050,16360158,108,CDS
48199,16360223,16360358,135,CDS
48200,16360420,16360564,144,CDS
48201,16360620,16360696,76,CDS
48202,16360763,16360878,115,CDS
48203,16360932,16361046,114,CDS
48204,16361114,16361214,100,CDS
48205,16361569,16371547,9978,gene
48206,16361569,16362054,485,mRNA
48207,16363358,16364630,1272,mRNA
48208,16365205,16365513,308,mRNA
48209,16365587,16365642,55,mRNA
48210,16371314,16371547,233,mRNA
48211,16361569,16362054,485,mRNA
48212,16363358,16364630,1272,mRNA
48213,16365205,16365513,308,mRNA
48214,16365587,16365642,55,mRNA
48215,16366904,16371525,4621,mRNA
48216,16361569,16362054,485,mRNA
48217,16363358,16364630,1272,mRNA
48218,16365205,16365513,308,mRNA
48219,16365587,16368526,2939,mRNA
48220,16361569,16362054,485,mRNA
48221,16363358,16364630,1272,mRNA
48222,16365205,16365513,308,mRNA
48223,16365587,16365642,55,mRNA
48224,16366904,16368526,1622,mRNA
48225,16361698,16362054,356,CDS
48226,16363358,16364630,1272,CDS
48227,16365205,16365513,308,CDS
48228,16365587,16365642,55,CDS
48229,16371314,16371547,233,CDS
48230,16361698,16362054,356,CDS
48231,16363358,16364630,1272,CDS
48232,16365205,16365513,308,CDS
48233,16365587,16365642,55,CDS
48234,16366904,16367011,107,CDS
48235,16361698,16362054,356,CDS
48236,16363358,16364630,1272,CDS
48237,16365205,16365513,308,CDS
48238,16365587,16365642,55,CDS
48239,16366904,16367011,107,CDS
48240,16361698,16362054,356,CDS
48241,16363358,16364630,1272,CDS
48242,16365205,16365513,308,CDS
48243,16365587,16365744,157,CDS
48244,16373086,16381782,8696,gene
48245,16373086,16373174,88,mRNA
48246,16374926,16375859,933,mRNA
48247,16375925,16376029,104,mRNA
48248,16376092,16376340,248,mRNA
48249,16376653,16376787,134,mRNA
48250,16376848,16377007,159,mRNA
48251,16377068,16377371,303,mRNA
48252,16377423,16378646,1223,mRNA
48253,16378707,16378894,187,mRNA
48254,16378964,16379120,156,mRNA
48255,16379189,16379463,274,mRNA
48256,16379562,16379847,285,mRNA
48257,16379922,16380121,199,mRNA
48258,16380188,16380475,287,mRNA
48259,16380538,16380761,223,mRNA
48260,16380827,16381782,955,mRNA
48261,16373086,16373187,101,mRNA
48262,16374541,16374760,219,mRNA
48263,16374926,16375859,933,mRNA
48264,16375925,16376029,104,mRNA
48265,16376092,16376340,248,mRNA
48266,16376653,16376787,134,mRNA
48267,16376848,16377007,159,mRNA
48268,16377068,16377371,303,mRNA
48269,16377423,16378646,1223,mRNA
48270,16378707,16378894,187,mRNA
48271,16378964,16379120,156,mRNA
48272,16379189,16379463,274,mRNA
48273,16379562,16379847,285,mRNA
48274,16379922,16380121,199,mRNA
48275,16380188,16380475,287,mRNA
48276,16380538,16380761,223,mRNA
48277,16380827,16381545,718,mRNA
48278,16373086,16373187,101,mRNA
48279,16374926,16375859,933,mRNA
48280,16375925,16376029,104,mRNA
48281,16376092,16376349,257,mRNA
48282,16376653,16376787,134,mRNA
48283,16376848,16377007,159,mRNA
48284,16377068,16377371,303,mRNA
48285,16377423,16378646,1223,mRNA
48286,16378707,16378894,187,mRNA
48287,16378964,16379120,156,mRNA
48288,16379189,16379463,274,mRNA
48289,16379562,16379847,285,mRNA
48290,16379922,16380121,199,mRNA
48291,16380188,16380475,287,mRNA
48292,16380538,16380761,223,mRNA
48293,16380827,16381545,718,mRNA
48294,16373086,16373187,101,mRNA
48295,16374926,16375859,933,mRNA
48296,16375925,16376029,104,mRNA
48297,16376092,16376340,248,mRNA
48298,16376653,16376787,134,mRNA
48299,16376848,16377007,159,mRNA
48300,16377068,16378646,1578,mRNA
48301,16378707,16378894,187,mRNA
48302,16378964,16379120,156,mRNA
48303,16379189,16379463,274,mRNA
48304,16379562,16379847,285,mRNA
48305,16379922,16380121,199,mRNA
48306,16380188,16380475,287,mRNA
48307,16380538,16380761,223,mRNA
48308,16380827,16381545,718,mRNA
48309,16373086,16373187,101,mRNA
48310,16374926,16375859,933,mRNA
48311,16375925,16376029,104,mRNA
48312,16376092,16376340,248,mRNA
48313,16376653,16376787,134,mRNA
48314,16376848,16377007,159,mRNA
48315,16377068,16377371,303,mRNA
48316,16377423,16378646,1223,mRNA
48317,16378707,16378894,187,mRNA
48318,16378964,16379120,156,mRNA
48319,16379189,16379463,274,mRNA
48320,16379562,16379847,285,mRNA
48321,16379922,16380121,199,mRNA
48322,16380188,16380475,287,mRNA
48323,16380538,16380761,223,mRNA
48324,16380827,16381545,718,mRNA
48325,16373086,16373187,101,mRNA
48326,16374926,16375859,933,mRNA
48327,16375925,16376029,104,mRNA
48328,16376092,16376167,75,mRNA
48329,16376240,16376340,100,mRNA
48330,16376653,16376787,134,mRNA
48331,16376848,16377007,159,mRNA
48332,16377068,16377371,303,mRNA
48333,16377423,16378646,1223,mRNA
48334,16378707,16378894,187,mRNA
48335,16378964,16379120,156,mRNA
48336,16379189,16379463,274,mRNA
48337,16379562,16379847,285,mRNA
48338,16379922,16380121,199,mRNA
48339,16380188,16380475,287,mRNA
48340,16380538,16380761,223,mRNA
48341,16380827,16381545,718,mRNA
48342,16373222,16373423,201,mRNA
48343,16374926,16375859,933,mRNA
48344,16375925,16376029,104,mRNA
48345,16376092,16376349,257,mRNA
48346,16376653,16376787,134,mRNA
48347,16376848,16377007,159,mRNA
48348,16377068,16377371,303,mRNA
48349,16377423,16378646,1223,mRNA
48350,16378707,16378894,187,mRNA
48351,16378964,16379120,156,mRNA
48352,16379189,16379463,274,mRNA
48353,16379562,16379847,285,mRNA
48354,16379922,16380121,199,mRNA
48355,16380188,16380475,287,mRNA
48356,16380538,16380761,223,mRNA
48357,16380827,16381545,718,mRNA
48358,16373222,16373357,135,mRNA
48359,16374926,16375859,933,mRNA
48360,16375925,16376029,104,mRNA
48361,16376092,16376349,257,mRNA
48362,16376653,16376787,134,mRNA
48363,16376848,16377007,159,mRNA
48364,16377068,16377371,303,mRNA
48365,16377423,16378646,1223,mRNA
48366,16378707,16378894,187,mRNA
48367,16378964,16379120,156,mRNA
48368,16379189,16379463,274,mRNA
48369,16379562,16379847,285,mRNA
48370,16379922,16380121,199,mRNA
48371,16380188,16380475,287,mRNA
48372,16380538,16380761,223,mRNA
48373,16380827,16381545,718,mRNA
48374,16373630,16373834,204,mRNA
48375,16374926,16375859,933,mRNA
48376,16375925,16376029,104,mRNA
48377,16376092,16376340,248,mRNA
48378,16376653,16376787,134,mRNA
48379,16376848,16377007,159,mRNA
48380,16377068,16377371,303,mRNA
48381,16377423,16378646,1223,mRNA
48382,16378707,16378894,187,mRNA
48383,16378964,16379120,156,mRNA
48384,16379189,16379463,274,mRNA
48385,16379562,16379847,285,mRNA
48386,16379922,16380121,199,mRNA
48387,16380188,16380475,287,mRNA
48388,16380538,16380761,223,mRNA
48389,16380827,16381545,718,mRNA
48390,16375056,16375859,803,CDS
48391,16375925,16376029,104,CDS
48392,16376092,16376349,257,CDS
48393,16376653,16376787,134,CDS
48394,16376848,16377007,159,CDS
48395,16377068,16377371,303,CDS
48396,16377423,16378646,1223,CDS
48397,16378707,16378894,187,CDS
48398,16378964,16379120,156,CDS
48399,16379189,16379463,274,CDS
48400,16379562,16379847,285,CDS
48401,16379922,16380121,199,CDS
48402,16380188,16380475,287,CDS
48403,16380538,16380761,223,CDS
48404,16380827,16381267,440,CDS
48405,16375056,16375859,803,CDS
48406,16375925,16376029,104,CDS
48407,16376092,16376349,257,CDS
48408,16376653,16376787,134,CDS
48409,16376848,16377007,159,CDS
48410,16377068,16377371,303,CDS
48411,16377423,16378646,1223,CDS
48412,16378707,16378894,187,CDS
48413,16378964,16379120,156,CDS
48414,16379189,16379463,274,CDS
48415,16379562,16379847,285,CDS
48416,16379922,16380121,199,CDS
48417,16380188,16380475,287,CDS
48418,16380538,16380761,223,CDS
48419,16380827,16381267,440,CDS
48420,16375056,16375859,803,CDS
48421,16375925,16376029,104,CDS
48422,16376092,16376349,257,CDS
48423,16376653,16376787,134,CDS
48424,16376848,16377007,159,CDS
48425,16377068,16377371,303,CDS
48426,16377423,16378646,1223,CDS
48427,16378707,16378894,187,CDS
48428,16378964,16379120,156,CDS
48429,16379189,16379463,274,CDS
48430,16379562,16379847,285,CDS
48431,16379922,16380121,199,CDS
48432,16380188,16380475,287,CDS
48433,16380538,16380761,223,CDS
48434,16380827,16381267,440,CDS
48435,16375056,16375859,803,CDS
48436,16375925,16376029,104,CDS
48437,16376092,16376340,248,CDS
48438,16376653,16376787,134,CDS
48439,16376848,16377007,159,CDS
48440,16377068,16377371,303,CDS
48441,16377423,16378646,1223,CDS
48442,16378707,16378894,187,CDS
48443,16378964,16379120,156,CDS
48444,16379189,16379463,274,CDS
48445,16379562,16379847,285,CDS
48446,16379922,16380121,199,CDS
48447,16380188,16380475,287,CDS
48448,16380538,16380761,223,CDS
48449,16380827,16381267,440,CDS
48450,16375056,16375859,803,CDS
48451,16375925,16376029,104,CDS
48452,16376092,16376340,248,CDS
48453,16376653,16376787,134,CDS
48454,16376848,16377007,159,CDS
48455,16377068,16377371,303,CDS
48456,16377423,16378646,1223,CDS
48457,16378707,16378894,187,CDS
48458,16378964,16379120,156,CDS
48459,16379189,16379463,274,CDS
48460,16379562,16379847,285,CDS
48461,16379922,16380121,199,CDS
48462,16380188,16380475,287,CDS
48463,16380538,16380761,223,CDS
48464,16380827,16381267,440,CDS
48465,16375056,16375859,803,CDS
48466,16375925,16376029,104,CDS
48467,16376092,16376340,248,CDS
48468,16376653,16376787,134,CDS
48469,16376848,16377007,159,CDS
48470,16377068,16377371,303,CDS
48471,16377423,16378646,1223,CDS
48472,16378707,16378894,187,CDS
48473,16378964,16379120,156,CDS
48474,16379189,16379463,274,CDS
48475,16379562,16379847,285,CDS
48476,16379922,16380121,199,CDS
48477,16380188,16380475,287,CDS
48478,16380538,16380761,223,CDS
48479,16380827,16381267,440,CDS
48480,16375056,16375859,803,CDS
48481,16375925,16376029,104,CDS
48482,16376092,16376340,248,CDS
48483,16376653,16376787,134,CDS
48484,16376848,16377007,159,CDS
48485,16377068,16377371,303,CDS
48486,16377423,16378646,1223,CDS
48487,16378707,16378894,187,CDS
48488,16378964,16379120,156,CDS
48489,16379189,16379463,274,CDS
48490,16379562,16379847,285,CDS
48491,16379922,16380121,199,CDS
48492,16380188,16380475,287,CDS
48493,16380538,16380761,223,CDS
48494,16380827,16381267,440,CDS
48495,16375056,16375859,803,CDS
48496,16375925,16376029,104,CDS
48497,16376092,16376167,75,CDS
48498,16376240,16376340,100,CDS
48499,16376653,16376787,134,CDS
48500,16376848,16377007,159,CDS
48501,16377068,16377371,303,CDS
48502,16377423,16378646,1223,CDS
48503,16378707,16378894,187,CDS
48504,16378964,16379120,156,CDS
48505,16379189,16379463,274,CDS
48506,16379562,16379847,285,CDS
48507,16379922,16380121,199,CDS
48508,16380188,16380475,287,CDS
48509,16380538,16380761,223,CDS
48510,16380827,16381267,440,CDS
48511,16375056,16375859,803,CDS
48512,16375925,16376029,104,CDS
48513,16376092,16376340,248,CDS
48514,16376653,16376787,134,CDS
48515,16376848,16377007,159,CDS
48516,16377068,16377375,307,CDS
48517,16381954,16384908,2954,gene
48518,16384588,16384908,320,mRNA
48519,16382906,16383167,261,mRNA
48520,16382625,16382843,218,mRNA
48521,16381954,16382557,603,mRNA
48522,16384588,16384908,320,mRNA
48523,16383324,16383511,187,mRNA
48524,16382906,16383167,261,mRNA
48525,16382625,16382843,218,mRNA
48526,16381954,16382557,603,mRNA
48527,16384588,16384908,320,mRNA
48528,16383324,16383525,201,mRNA
48529,16382906,16383167,261,mRNA
48530,16382625,16382843,218,mRNA
48531,16381954,16382557,603,mRNA
48532,16384160,16384266,106,mRNA
48533,16383324,16383511,187,mRNA
48534,16382906,16383167,261,mRNA
48535,16382625,16382843,218,mRNA
48536,16381954,16382557,603,mRNA
48537,16383324,16383578,254,mRNA
48538,16382906,16383167,261,mRNA
48539,16382625,16382843,218,mRNA
48540,16381954,16382557,603,mRNA
48541,16383324,16383511,187,CDS
48542,16382906,16383167,261,CDS
48543,16382625,16382843,218,CDS
48544,16382258,16382557,299,CDS
48545,16383324,16383511,187,CDS
48546,16382906,16383167,261,CDS
48547,16382625,16382843,218,CDS
48548,16382258,16382557,299,CDS
48549,16383324,16383511,187,CDS
48550,16382906,16383167,261,CDS
48551,16382625,16382843,218,CDS
48552,16382258,16382557,299,CDS
48553,16383324,16383511,187,CDS
48554,16382906,16383167,261,CDS
48555,16382625,16382843,218,CDS
48556,16382258,16382557,299,CDS
48557,16382906,16382950,44,CDS
48558,16382625,16382843,218,CDS
48559,16382258,16382557,299,CDS
48560,16385278,16388702,3424,gene
48561,16385278,16385691,413,mRNA
48562,16386971,16387289,318,mRNA
48563,16387347,16387619,272,mRNA
48564,16387681,16388702,1021,mRNA
48565,16385278,16385338,60,mRNA
48566,16386285,16386350,65,mRNA
48567,16386971,16387289,318,mRNA
48568,16387347,16387619,272,mRNA
48569,16387681,16388702,1021,mRNA
48570,16385478,16385687,209,mRNA
48571,16386971,16387289,318,mRNA
48572,16387347,16387619,272,mRNA
48573,16387681,16388702,1021,mRNA
48574,16386477,16386618,141,mRNA
48575,16386971,16387289,318,mRNA
48576,16387347,16387619,272,mRNA
48577,16387681,16388702,1021,mRNA
48578,16387012,16387289,277,CDS
48579,16387347,16387619,272,CDS
48580,16387681,16387960,279,CDS
48581,16387012,16387289,277,CDS
48582,16387347,16387619,272,CDS
48583,16387681,16387960,279,CDS
48584,16387012,16387289,277,CDS
48585,16387347,16387619,272,CDS
48586,16387681,16387960,279,CDS
48587,16387012,16387289,277,CDS
48588,16387347,16387619,272,CDS
48589,16387681,16387960,279,CDS
48590,16388820,16391438,2618,gene
48591,16391292,16391438,146,mRNA
48592,16390463,16391175,712,mRNA
48593,16389946,16390392,446,mRNA
48594,16389396,16389877,481,mRNA
48595,16388820,16389327,507,mRNA
48596,16391292,16391438,146,mRNA
48597,16390463,16391175,712,mRNA
48598,16389946,16390392,446,mRNA
48599,16389396,16389877,481,mRNA
48600,16389150,16389327,177,mRNA
48601,16391292,16391354,62,CDS
48602,16390463,16391175,712,CDS
48603,16389946,16390392,446,CDS
48604,16389396,16389877,481,CDS
48605,16389296,16389327,31,CDS
48606,16391292,16391354,62,CDS
48607,16390463,16391175,712,CDS
48608,16389946,16390392,446,CDS
48609,16389396,16389877,481,CDS
48610,16389296,16389327,31,CDS
48611,16391698,16399850,8152,gene
48612,16391698,16391987,289,mRNA
48613,16392047,16394258,2211,mRNA
48614,16394316,16394609,293,mRNA
48615,16394684,16399378,4694,mRNA
48616,16399443,16399850,407,mRNA
48617,16391761,16391987,226,CDS
48618,16392047,16394258,2211,CDS
48619,16394316,16394609,293,CDS
48620,16394684,16399378,4694,CDS
48621,16399443,16399568,125,CDS
48622,16399782,16405122,5340,gene
48623,16404789,16405122,333,mRNA
48624,16404497,16404715,218,mRNA
48625,16403280,16403563,283,mRNA
48626,16403093,16403218,125,mRNA
48627,16402454,16403021,567,mRNA
48628,16401961,16402375,414,mRNA
48629,16401303,16401894,591,mRNA
48630,16400455,16401247,792,mRNA
48631,16399782,16400385,603,mRNA
48632,16404760,16405122,362,mRNA
48633,16404497,16404688,191,mRNA
48634,16403280,16403563,283,mRNA
48635,16403093,16403218,125,mRNA
48636,16402454,16403021,567,mRNA
48637,16401961,16402375,414,mRNA
48638,16401303,16401894,591,mRNA
48639,16400455,16401247,792,mRNA
48640,16399782,16400385,603,mRNA
48641,16403280,16403699,419,mRNA
48642,16403093,16403218,125,mRNA
48643,16402454,16403021,567,mRNA
48644,16401961,16402375,414,mRNA
48645,16401303,16401894,591,mRNA
48646,16400455,16401247,792,mRNA
48647,16399782,16400385,603,mRNA
48648,16403280,16403481,201,CDS
48649,16403093,16403218,125,CDS
48650,16402454,16403021,567,CDS
48651,16401961,16402375,414,CDS
48652,16401303,16401894,591,CDS
48653,16400455,16401247,792,CDS
48654,16399899,16400385,486,CDS
48655,16403280,16403481,201,CDS
48656,16403093,16403218,125,CDS
48657,16402454,16403021,567,CDS
48658,16401961,16402375,414,CDS
48659,16401303,16401894,591,CDS
48660,16400455,16401247,792,CDS
48661,16399899,16400385,486,CDS
48662,16403280,16403481,201,CDS
48663,16403093,16403218,125,CDS
48664,16402454,16403021,567,CDS
48665,16401961,16402375,414,CDS
48666,16401303,16401894,591,CDS
48667,16400455,16401247,792,CDS
48668,16399899,16400385,486,CDS
48669,16405509,16414651,9142,gene
48670,16405509,16405732,223,mRNA
48671,16409783,16409990,207,mRNA
48672,16410072,16410197,125,mRNA
48673,16410318,16410864,546,mRNA
48674,16410942,16412171,1229,mRNA
48675,16412236,16412732,496,mRNA
48676,16412816,16413629,813,mRNA
48677,16413694,16414020,326,mRNA
48678,16414087,16414651,564,mRNA
48679,16405730,16405732,2,CDS
48680,16409783,16409990,207,CDS
48681,16410072,16410197,125,CDS
48682,16410318,16410864,546,CDS
48683,16410942,16412171,1229,CDS
48684,16412236,16412732,496,CDS
48685,16412816,16413629,813,CDS
48686,16413694,16414020,326,CDS
48687,16414087,16414300,213,CDS
48688,16406422,16407089,667,mRNA
48689,16409783,16409990,207,mRNA
48690,16410072,16410197,125,mRNA
48691,16410318,16410864,546,mRNA
48692,16410942,16412171,1229,mRNA
48693,16412236,16412732,496,mRNA
48694,16412816,16413629,813,mRNA
48695,16413694,16414020,326,mRNA
48696,16414087,16414403,316,mRNA
48697,16407054,16407089,35,CDS
48698,16409783,16409990,207,CDS
48699,16410072,16410197,125,CDS
48700,16410318,16410864,546,CDS
48701,16410942,16412171,1229,CDS
48702,16412236,16412732,496,CDS
48703,16412816,16413629,813,CDS
48704,16413694,16414020,326,CDS
48705,16414087,16414300,213,CDS
48706,16408309,16409209,900,mRNA
48707,16409783,16409990,207,mRNA
48708,16410072,16410197,125,mRNA
48709,16410318,16410864,546,mRNA
48710,16410942,16411356,414,mRNA
48711,16411423,16412171,748,mRNA
48712,16412236,16412732,496,mRNA
48713,16412816,16413629,813,mRNA
48714,16413694,16414020,326,mRNA
48715,16414087,16414403,316,mRNA
48716,16409078,16409209,131,CDS
48717,16409783,16409990,207,CDS
48718,16410072,16410197,125,CDS
48719,16410318,16410864,546,CDS
48720,16410942,16411356,414,CDS
48721,16411423,16412171,748,CDS
48722,16412236,16412732,496,CDS
48723,16412816,16413629,813,CDS
48724,16413694,16414020,326,CDS
48725,16414087,16414300,213,CDS
48726,16415046,16417585,2539,gene
48727,16415046,16416085,1039,mRNA
48728,16416155,16416563,408,mRNA
48729,16416619,16416734,115,mRNA
48730,16416795,16417585,790,mRNA
48731,16415046,16415585,539,mRNA
48732,16415657,16416085,428,mRNA
48733,16416155,16416563,408,mRNA
48734,16416619,16416734,115,mRNA
48735,16416795,16417585,790,mRNA
48736,16415046,16415527,481,mRNA
48737,16415609,16416085,476,mRNA
48738,16416155,16416563,408,mRNA
48739,16416619,16416734,115,mRNA
48740,16416795,16417585,790,mRNA
48741,16415046,16415527,481,mRNA
48742,16415657,16416085,428,mRNA
48743,16416155,16416563,408,mRNA
48744,16416619,16416734,115,mRNA
48745,16416795,16417585,790,mRNA
48746,16415046,16415178,132,mRNA
48747,16415657,16416085,428,mRNA
48748,16416155,16416563,408,mRNA
48749,16416619,16416734,115,mRNA
48750,16416795,16417585,790,mRNA
48751,16415046,16415129,83,mRNA
48752,16415609,16416085,476,mRNA
48753,16416155,16416563,408,mRNA
48754,16416619,16416734,115,mRNA
48755,16416795,16417585,790,mRNA
48756,16415046,16415129,83,mRNA
48757,16415657,16416085,428,mRNA
48758,16416155,16416563,408,mRNA
48759,16416619,16416734,115,mRNA
48760,16416795,16417585,790,mRNA
48761,16415424,16415585,161,CDS
48762,16415657,16416085,428,CDS
48763,16416155,16416563,408,CDS
48764,16416619,16416734,115,CDS
48765,16416795,16417103,308,CDS
48766,16415561,16416085,524,CDS
48767,16416155,16416563,408,CDS
48768,16416619,16416734,115,CDS
48769,16416795,16417103,308,CDS
48770,16415732,16416085,353,CDS
48771,16416155,16416563,408,CDS
48772,16416619,16416734,115,CDS
48773,16416795,16417103,308,CDS
48774,16415732,16416085,353,CDS
48775,16416155,16416563,408,CDS
48776,16416619,16416734,115,CDS
48777,16416795,16417103,308,CDS
48778,16415732,16416085,353,CDS
48779,16416155,16416563,408,CDS
48780,16416619,16416734,115,CDS
48781,16416795,16417103,308,CDS
48782,16415732,16416085,353,CDS
48783,16416155,16416563,408,CDS
48784,16416619,16416734,115,CDS
48785,16416795,16417103,308,CDS
48786,16415732,16416085,353,CDS
48787,16416155,16416563,408,CDS
48788,16416619,16416734,115,CDS
48789,16416795,16417103,308,CDS
48790,16416958,16422265,5307,gene
48791,16422167,16422242,75,mRNA
48792,16418668,16419049,381,mRNA
48793,16418360,16418589,229,mRNA
48794,16418081,16418290,209,mRNA
48795,16417956,16418024,68,mRNA
48796,16416958,16417895,937,mRNA
48797,16421781,16422242,461,mRNA
48798,16420050,16420118,68,mRNA
48799,16419204,16419770,566,mRNA
48800,16418668,16419049,381,mRNA
48801,16418360,16418589,229,mRNA
48802,16418081,16418290,209,mRNA
48803,16417956,16418024,68,mRNA
48804,16416958,16417895,937,mRNA
48805,16420373,16420392,19,mRNA
48806,16420050,16420118,68,mRNA
48807,16419204,16419770,566,mRNA
48808,16418668,16419049,381,mRNA
48809,16418360,16418589,229,mRNA
48810,16418081,16418290,209,mRNA
48811,16417956,16418024,68,mRNA
48812,16416958,16417895,937,mRNA
48813,16422244,16422265,21,mRNA
48814,16420050,16420118,68,mRNA
48815,16418668,16419049,381,mRNA
48816,16418360,16418589,229,mRNA
48817,16418081,16418290,209,mRNA
48818,16417956,16418024,68,mRNA
48819,16417503,16417895,392,mRNA
48820,16422167,16422242,75,mRNA
48821,16420050,16420118,68,mRNA
48822,16418668,16419049,381,mRNA
48823,16418360,16418589,229,mRNA
48824,16418081,16418290,209,mRNA
48825,16417956,16418024,68,mRNA
48826,16417503,16417895,392,mRNA
48827,16422167,16422242,75,mRNA
48828,16420050,16420118,68,mRNA
48829,16418668,16419049,381,mRNA
48830,16418360,16418589,229,mRNA
48831,16418081,16418290,209,mRNA
48832,16417956,16418024,68,mRNA
48833,16417699,16417895,196,mRNA
48834,16420050,16420125,75,mRNA
48835,16419204,16419770,566,mRNA
48836,16418668,16419049,381,mRNA
48837,16418360,16418589,229,mRNA
48838,16418081,16418290,209,mRNA
48839,16417956,16418024,68,mRNA
48840,16417699,16417895,196,mRNA
48841,16420050,16420061,11,CDS
48842,16418668,16419049,381,CDS
48843,16418360,16418589,229,CDS
48844,16418081,16418290,209,CDS
48845,16417956,16418024,68,CDS
48846,16417830,16417895,65,CDS
48847,16420050,16420061,11,CDS
48848,16418668,16419049,381,CDS
48849,16418360,16418589,229,CDS
48850,16418081,16418290,209,CDS
48851,16417956,16418024,68,CDS
48852,16417830,16417895,65,CDS
48853,16420050,16420061,11,CDS
48854,16418668,16419049,381,CDS
48855,16418360,16418589,229,CDS
48856,16418081,16418290,209,CDS
48857,16417956,16418024,68,CDS
48858,16417830,16417895,65,CDS
48859,16420050,16420061,11,CDS
48860,16419204,16419770,566,CDS
48861,16418668,16419049,381,CDS
48862,16418360,16418589,229,CDS
48863,16418081,16418290,209,CDS
48864,16417956,16418024,68,CDS
48865,16417830,16417895,65,CDS
48866,16420050,16420061,11,CDS
48867,16419204,16419770,566,CDS
48868,16418668,16419049,381,CDS
48869,16418360,16418589,229,CDS
48870,16418081,16418290,209,CDS
48871,16417956,16418024,68,CDS
48872,16417830,16417895,65,CDS
48873,16420050,16420061,11,CDS
48874,16419204,16419770,566,CDS
48875,16418668,16419049,381,CDS
48876,16418360,16418589,229,CDS
48877,16418081,16418290,209,CDS
48878,16417956,16418024,68,CDS
48879,16417830,16417895,65,CDS
48880,16418668,16418980,312,CDS
48881,16418360,16418589,229,CDS
48882,16418081,16418290,209,CDS
48883,16417956,16418024,68,CDS
48884,16417830,16417895,65,CDS
48885,16422831,16438454,15623,gene
48886,16422831,16423627,796,mRNA
48887,16429060,16430199,1139,mRNA
48888,16430621,16430764,143,mRNA
48889,16430926,16432711,1785,mRNA
48890,16433165,16434138,973,mRNA
48891,16434261,16434872,611,mRNA
48892,16435145,16438454,3309,mRNA
48893,16422831,16423627,796,mRNA
48894,16429060,16429407,347,mRNA
48895,16430621,16430764,143,mRNA
48896,16430926,16432711,1785,mRNA
48897,16433165,16434138,973,mRNA
48898,16434261,16434872,611,mRNA
48899,16435145,16438454,3309,mRNA
48900,16422831,16423627,796,mRNA
48901,16429060,16429407,347,mRNA
48902,16430621,16430764,143,mRNA
48903,16430926,16432699,1773,mRNA
48904,16433165,16434138,973,mRNA
48905,16434261,16434872,611,mRNA
48906,16435145,16436504,1359,mRNA
48907,16436588,16438454,1866,mRNA
48908,16423280,16423627,347,CDS
48909,16429060,16430199,1139,CDS
48910,16430621,16430764,143,CDS
48911,16430926,16432711,1785,CDS
48912,16433165,16434138,973,CDS
48913,16434261,16434872,611,CDS
48914,16435145,16436812,1667,CDS
48915,16423280,16423627,347,CDS
48916,16429060,16429407,347,CDS
48917,16430621,16430764,143,CDS
48918,16430926,16432711,1785,CDS
48919,16433165,16434138,973,CDS
48920,16434261,16434872,611,CDS
48921,16435145,16436812,1667,CDS
48922,16423280,16423627,347,CDS
48923,16429060,16429407,347,CDS
48924,16430621,16430764,143,CDS
48925,16430926,16432699,1773,CDS
48926,16433165,16434138,973,CDS
48927,16434261,16434872,611,CDS
48928,16435145,16436504,1359,CDS
48929,16436588,16436733,145,CDS
48930,16438680,16441296,2616,gene
48931,16441142,16441296,154,mRNA
48932,16440657,16440925,268,mRNA
48933,16440217,16440412,195,mRNA
48934,16439827,16440162,335,mRNA
48935,16439597,16439762,165,mRNA
48936,16439424,16439514,90,mRNA
48937,16438680,16439286,606,mRNA
48938,16441142,16441296,154,mRNA
48939,16440657,16440925,268,mRNA
48940,16440217,16440412,195,mRNA
48941,16439827,16440162,335,mRNA
48942,16439597,16439762,165,mRNA
48943,16439148,16439286,138,mRNA
48944,16441142,16441202,60,CDS
48945,16440657,16440925,268,CDS
48946,16440217,16440412,195,CDS
48947,16439827,16440162,335,CDS
48948,16439597,16439762,165,CDS
48949,16439241,16439286,45,CDS
48950,16441142,16441202,60,CDS
48951,16440657,16440925,268,CDS
48952,16440217,16440412,195,CDS
48953,16439827,16440162,335,CDS
48954,16439597,16439762,165,CDS
48955,16439499,16439514,15,CDS
48956,16441433,16445367,3934,gene
48957,16441433,16442020,587,mRNA
48958,16443493,16443976,483,mRNA
48959,16444041,16444326,285,mRNA
48960,16444390,16445217,827,mRNA
48961,16441553,16442020,467,mRNA
48962,16443493,16443976,483,mRNA
48963,16444041,16444326,285,mRNA
48964,16444390,16445367,977,mRNA
48965,16441783,16442020,237,CDS
48966,16443493,16443976,483,CDS
48967,16444041,16444326,285,CDS
48968,16444390,16444758,368,CDS
48969,16441783,16442020,237,CDS
48970,16443493,16443976,483,CDS
48971,16444041,16444326,285,CDS
48972,16444390,16444758,368,CDS
48973,16445176,16446993,1817,gene
48974,16446185,16446993,808,mRNA
48975,16445176,16445885,709,mRNA
48976,16446185,16446993,808,mRNA
48977,16445495,16445885,390,mRNA
48978,16446185,16446879,694,CDS
48979,16445555,16445885,330,CDS
48980,16446185,16446879,694,CDS
48981,16445555,16445885,330,CDS
48982,16447568,16448302,734,gene
48983,16448031,16448302,271,mRNA
48984,16447772,16447962,190,mRNA
48985,16447568,16447698,130,mRNA
48986,16448031,16448220,189,CDS
48987,16447772,16447962,190,CDS
48988,16447660,16447698,38,CDS
48989,16448665,16454972,6307,gene
48990,16448665,16448729,64,mRNA
48991,16449874,16450179,305,mRNA
48992,16450314,16450501,187,mRNA
48993,16451275,16451559,284,mRNA
48994,16451919,16454972,3053,mRNA
48995,16448665,16448729,64,mRNA
48996,16449877,16450179,302,mRNA
48997,16450314,16450501,187,mRNA
48998,16451275,16451559,284,mRNA
48999,16451919,16454972,3053,mRNA
49000,16448665,16448729,64,mRNA
49001,16449874,16450179,305,mRNA
49002,16450314,16450600,286,mRNA
49003,16451275,16451559,284,mRNA
49004,16451702,16451791,89,mRNA
49005,16451919,16453615,1696,mRNA
49006,16448665,16448729,64,mRNA
49007,16449874,16450179,305,mRNA
49008,16450314,16450600,286,mRNA
49009,16451275,16451559,284,mRNA
49010,16451919,16453615,1696,mRNA
49011,16448698,16448729,31,CDS
49012,16449874,16450179,305,CDS
49013,16450314,16450600,286,CDS
49014,16451275,16451559,284,CDS
49015,16451702,16451791,89,CDS
49016,16451919,16452085,166,CDS
49017,16448698,16448729,31,CDS
49018,16449874,16450179,305,CDS
49019,16450314,16450600,286,CDS
49020,16451275,16451559,284,CDS
49021,16451919,16452085,166,CDS
49022,16448698,16448729,31,CDS
49023,16449874,16450179,305,CDS
49024,16450314,16450501,187,CDS
49025,16451275,16451559,284,CDS
49026,16451919,16452085,166,CDS
49027,16448698,16448729,31,CDS
49028,16449877,16450179,302,CDS
49029,16450314,16450501,187,CDS
49030,16451275,16451559,284,CDS
49031,16451919,16452085,166,CDS
49032,16449152,16449494,342,mRNA
49033,16449877,16450179,302,mRNA
49034,16450314,16450501,187,mRNA
49035,16451275,16451559,284,mRNA
49036,16451919,16453615,1696,mRNA
49037,16449484,16449494,10,CDS
49038,16449877,16450179,302,CDS
49039,16450314,16450501,187,CDS
49040,16451275,16451559,284,CDS
49041,16451919,16452085,166,CDS
49042,16455027,16533096,78069,gene
49043,16527277,16527567,290,mRNA
49044,16522065,16522153,88,mRNA
49045,16521623,16521813,190,mRNA
49046,16518805,16518837,32,mRNA
49047,16514029,16514184,155,mRNA
49048,16513715,16513920,205,mRNA
49049,16509576,16509704,128,mRNA
49050,16506348,16506439,91,mRNA
49051,16505971,16506247,276,mRNA
49052,16505507,16505816,309,mRNA
49053,16503990,16504298,308,mRNA
49054,16500507,16500569,62,mRNA
49055,16498716,16498896,180,mRNA
49056,16498445,16498656,211,mRNA
49057,16498270,16498369,99,mRNA
49058,16492447,16492515,68,mRNA
49059,16489600,16489877,277,mRNA
49060,16489343,16489516,173,mRNA
49061,16487883,16488045,162,mRNA
49062,16486718,16486905,187,mRNA
49063,16486341,16486584,243,mRNA
49064,16483678,16483889,211,mRNA
49065,16482626,16483033,407,mRNA
49066,16481326,16481499,173,mRNA
49067,16477449,16477571,122,mRNA
49068,16475628,16475750,122,mRNA
49069,16474447,16474641,194,mRNA
49070,16473582,16473827,245,mRNA
49071,16471214,16471484,270,mRNA
49072,16466495,16466799,304,mRNA
49073,16455027,16464792,9765,mRNA
49074,16533059,16533096,37,mRNA
49075,16527277,16527899,622,mRNA
49076,16522065,16522153,88,mRNA
49077,16521623,16521813,190,mRNA
49078,16514029,16514184,155,mRNA
49079,16513715,16513920,205,mRNA
49080,16509576,16509704,128,mRNA
49081,16506348,16506439,91,mRNA
49082,16505971,16506247,276,mRNA
49083,16505507,16505816,309,mRNA
49084,16503990,16504298,308,mRNA
49085,16500507,16500569,62,mRNA
49086,16498716,16498896,180,mRNA
49087,16498445,16498656,211,mRNA
49088,16498270,16498369,99,mRNA
49089,16492447,16492515,68,mRNA
49090,16489600,16489877,277,mRNA
49091,16489343,16489516,173,mRNA
49092,16487883,16488045,162,mRNA
49093,16486718,16486905,187,mRNA
49094,16486380,16486584,204,mRNA
49095,16483678,16483859,181,mRNA
49096,16482626,16483033,407,mRNA
49097,16481326,16481499,173,mRNA
49098,16477449,16477571,122,mRNA
49099,16475628,16475750,122,mRNA
49100,16474447,16474641,194,mRNA
49101,16473582,16473827,245,mRNA
49102,16471214,16471484,270,mRNA
49103,16466495,16466799,304,mRNA
49104,16458867,16464792,5925,mRNA
49105,16527277,16527414,137,mRNA
49106,16522065,16522153,88,mRNA
49107,16521623,16521813,190,mRNA
49108,16518805,16518837,32,mRNA
49109,16514029,16514184,155,mRNA
49110,16513715,16513920,205,mRNA
49111,16509576,16509704,128,mRNA
49112,16506348,16506439,91,mRNA
49113,16505971,16506247,276,mRNA
49114,16505507,16505816,309,mRNA
49115,16504062,16504298,236,mRNA
49116,16500507,16500569,62,mRNA
49117,16498716,16498896,180,mRNA
49118,16498445,16498656,211,mRNA
49119,16498270,16498369,99,mRNA
49120,16492447,16492515,68,mRNA
49121,16489600,16489877,277,mRNA
49122,16489343,16489516,173,mRNA
49123,16487883,16488045,162,mRNA
49124,16486718,16486905,187,mRNA
49125,16486380,16486584,204,mRNA
49126,16483678,16483859,181,mRNA
49127,16482626,16483033,407,mRNA
49128,16481326,16481499,173,mRNA
49129,16477449,16477571,122,mRNA
49130,16475628,16475750,122,mRNA
49131,16474447,16474641,194,mRNA
49132,16473582,16473827,245,mRNA
49133,16471214,16471484,270,mRNA
49134,16466495,16466799,304,mRNA
49135,16458867,16464792,5925,mRNA
49136,16527277,16527414,137,mRNA
49137,16522065,16522153,88,mRNA
49138,16521626,16521813,187,mRNA
49139,16514029,16514184,155,mRNA
49140,16513715,16513920,205,mRNA
49141,16509576,16509704,128,mRNA
49142,16506348,16506439,91,mRNA
49143,16505971,16506247,276,mRNA
49144,16505507,16505816,309,mRNA
49145,16503990,16504298,308,mRNA
49146,16500507,16500569,62,mRNA
49147,16498716,16498896,180,mRNA
49148,16498445,16498656,211,mRNA
49149,16498270,16498369,99,mRNA
49150,16492447,16492515,68,mRNA
49151,16489600,16489877,277,mRNA
49152,16489343,16489516,173,mRNA
49153,16487883,16488045,162,mRNA
49154,16486718,16486905,187,mRNA
49155,16486380,16486584,204,mRNA
49156,16483678,16483859,181,mRNA
49157,16482626,16483033,407,mRNA
49158,16481326,16481499,173,mRNA
49159,16475628,16475750,122,mRNA
49160,16474447,16474641,194,mRNA
49161,16473582,16473827,245,mRNA
49162,16471214,16471484,270,mRNA
49163,16466495,16466799,304,mRNA
49164,16463603,16464792,1189,mRNA
49165,16527277,16527414,137,mRNA
49166,16522065,16522153,88,mRNA
49167,16521623,16521813,190,mRNA
49168,16514029,16514184,155,mRNA
49169,16513715,16513920,205,mRNA
49170,16505971,16506247,276,mRNA
49171,16505507,16505816,309,mRNA
49172,16503990,16504298,308,mRNA
49173,16498716,16498896,180,mRNA
49174,16498445,16498656,211,mRNA
49175,16498270,16498369,99,mRNA
49176,16492447,16492515,68,mRNA
49177,16489600,16489877,277,mRNA
49178,16489343,16489516,173,mRNA
49179,16487883,16488045,162,mRNA
49180,16486718,16486905,187,mRNA
49181,16486341,16486584,243,mRNA
49182,16483678,16483889,211,mRNA
49183,16482626,16483108,482,mRNA
49184,16481326,16481499,173,mRNA
49185,16477449,16477571,122,mRNA
49186,16475628,16475750,122,mRNA
49187,16474447,16474641,194,mRNA
49188,16473582,16473827,245,mRNA
49189,16471214,16471484,270,mRNA
49190,16466495,16466799,304,mRNA
49191,16463603,16464792,1189,mRNA
49192,16527277,16527414,137,mRNA
49193,16522065,16522153,88,mRNA
49194,16521623,16521813,190,mRNA
49195,16514029,16514184,155,mRNA
49196,16513715,16513920,205,mRNA
49197,16506348,16506439,91,mRNA
49198,16505971,16506247,276,mRNA
49199,16505507,16505816,309,mRNA
49200,16503990,16504298,308,mRNA
49201,16498716,16498896,180,mRNA
49202,16498445,16498656,211,mRNA
49203,16498270,16498369,99,mRNA
49204,16492447,16492515,68,mRNA
49205,16489600,16489853,253,mRNA
49206,16489343,16489516,173,mRNA
49207,16487883,16488045,162,mRNA
49208,16486718,16486905,187,mRNA
49209,16486380,16486584,204,mRNA
49210,16481326,16481499,173,mRNA
49211,16477449,16477571,122,mRNA
49212,16475628,16475750,122,mRNA
49213,16474447,16474641,194,mRNA
49214,16473582,16473827,245,mRNA
49215,16471214,16471484,270,mRNA
49216,16466495,16466799,304,mRNA
49217,16463603,16464792,1189,mRNA
49218,16527277,16527414,137,mRNA
49219,16522065,16522153,88,mRNA
49220,16521623,16521813,190,mRNA
49221,16514029,16514184,155,mRNA
49222,16513715,16513920,205,mRNA
49223,16506348,16506439,91,mRNA
49224,16505971,16506247,276,mRNA
49225,16505507,16505816,309,mRNA
49226,16503990,16504298,308,mRNA
49227,16498716,16498896,180,mRNA
49228,16498445,16498656,211,mRNA
49229,16498270,16498369,99,mRNA
49230,16492447,16492515,68,mRNA
49231,16489600,16489877,277,mRNA
49232,16489343,16489516,173,mRNA
49233,16487883,16488045,162,mRNA
49234,16486718,16486905,187,mRNA
49235,16486380,16486584,204,mRNA
49236,16481326,16481499,173,mRNA
49237,16477449,16477571,122,mRNA
49238,16475628,16475750,122,mRNA
49239,16474447,16474641,194,mRNA
49240,16473582,16473827,245,mRNA
49241,16471214,16471484,270,mRNA
49242,16466495,16466799,304,mRNA
49243,16463603,16464792,1189,mRNA
49244,16527277,16527414,137,mRNA
49245,16522065,16522153,88,mRNA
49246,16521623,16521813,190,mRNA
49247,16514029,16514184,155,mRNA
49248,16513715,16513920,205,mRNA
49249,16506348,16506439,91,mRNA
49250,16505971,16506247,276,mRNA
49251,16505507,16505816,309,mRNA
49252,16503990,16504298,308,mRNA
49253,16498716,16498896,180,mRNA
49254,16498445,16498656,211,mRNA
49255,16498270,16498369,99,mRNA
49256,16492447,16492515,68,mRNA
49257,16489600,16489877,277,mRNA
49258,16489343,16489516,173,mRNA
49259,16487883,16488045,162,mRNA
49260,16486718,16486905,187,mRNA
49261,16486341,16486584,243,mRNA
49262,16483678,16483889,211,mRNA
49263,16482626,16483033,407,mRNA
49264,16481326,16481499,173,mRNA
49265,16477449,16477571,122,mRNA
49266,16475628,16475750,122,mRNA
49267,16474447,16474641,194,mRNA
49268,16473582,16473827,245,mRNA
49269,16471214,16471484,270,mRNA
49270,16466495,16466799,304,mRNA
49271,16463603,16464792,1189,mRNA
49272,16527277,16527414,137,mRNA
49273,16522065,16522153,88,mRNA
49274,16521623,16521813,190,mRNA
49275,16514029,16514184,155,mRNA
49276,16513715,16513920,205,mRNA
49277,16506348,16506439,91,mRNA
49278,16505971,16506247,276,mRNA
49279,16505507,16505816,309,mRNA
49280,16503990,16504298,308,mRNA
49281,16500507,16500569,62,mRNA
49282,16498716,16498896,180,mRNA
49283,16498445,16498656,211,mRNA
49284,16498270,16498369,99,mRNA
49285,16492447,16492515,68,mRNA
49286,16489600,16489877,277,mRNA
49287,16489343,16489516,173,mRNA
49288,16487883,16488045,162,mRNA
49289,16486718,16486905,187,mRNA
49290,16486341,16486584,243,mRNA
49291,16483678,16483859,181,mRNA
49292,16482626,16483033,407,mRNA
49293,16481326,16481499,173,mRNA
49294,16477449,16477571,122,mRNA
49295,16475628,16475750,122,mRNA
49296,16474447,16474641,194,mRNA
49297,16473582,16473827,245,mRNA
49298,16471214,16471484,270,mRNA
49299,16466495,16466799,304,mRNA
49300,16463603,16464792,1189,mRNA
49301,16527277,16527414,137,mRNA
49302,16522065,16522153,88,mRNA
49303,16521623,16521813,190,mRNA
49304,16514029,16514184,155,mRNA
49305,16513715,16513920,205,mRNA
49306,16509576,16509704,128,mRNA
49307,16506348,16506439,91,mRNA
49308,16505971,16506247,276,mRNA
49309,16505507,16505816,309,mRNA
49310,16504062,16504298,236,mRNA
49311,16498716,16498896,180,mRNA
49312,16498445,16498656,211,mRNA
49313,16498270,16498369,99,mRNA
49314,16492447,16492515,68,mRNA
49315,16489600,16489853,253,mRNA
49316,16489343,16489516,173,mRNA
49317,16486718,16486905,187,mRNA
49318,16486380,16486584,204,mRNA
49319,16481326,16481499,173,mRNA
49320,16475628,16475750,122,mRNA
49321,16474447,16474641,194,mRNA
49322,16473582,16473827,245,mRNA
49323,16471214,16471484,270,mRNA
49324,16466495,16466799,304,mRNA
49325,16463603,16464792,1189,mRNA
49326,16527277,16527414,137,mRNA
49327,16522065,16522153,88,mRNA
49328,16521623,16521813,190,mRNA
49329,16514029,16514184,155,mRNA
49330,16513715,16513920,205,mRNA
49331,16509576,16509704,128,mRNA
49332,16506348,16506439,91,mRNA
49333,16505971,16506247,276,mRNA
49334,16505507,16505816,309,mRNA
49335,16504062,16504298,236,mRNA
49336,16498716,16498896,180,mRNA
49337,16498445,16498656,211,mRNA
49338,16498270,16498369,99,mRNA
49339,16492447,16492515,68,mRNA
49340,16489600,16489877,277,mRNA
49341,16489343,16489516,173,mRNA
49342,16487883,16488045,162,mRNA
49343,16486718,16486905,187,mRNA
49344,16486380,16486584,204,mRNA
49345,16483678,16483889,211,mRNA
49346,16482626,16483033,407,mRNA
49347,16481326,16481499,173,mRNA
49348,16477449,16477571,122,mRNA
49349,16475628,16475750,122,mRNA
49350,16474447,16474641,194,mRNA
49351,16473582,16473827,245,mRNA
49352,16471214,16471484,270,mRNA
49353,16466495,16466799,304,mRNA
49354,16463603,16464792,1189,mRNA
49355,16527277,16527414,137,mRNA
49356,16522065,16522153,88,mRNA
49357,16521623,16521813,190,mRNA
49358,16514029,16514184,155,mRNA
49359,16513715,16513920,205,mRNA
49360,16509576,16509704,128,mRNA
49361,16506348,16506439,91,mRNA
49362,16505971,16506247,276,mRNA
49363,16505507,16505816,309,mRNA
49364,16504062,16504298,236,mRNA
49365,16500507,16500569,62,mRNA
49366,16498716,16498896,180,mRNA
49367,16498445,16498656,211,mRNA
49368,16498270,16498369,99,mRNA
49369,16492447,16492515,68,mRNA
49370,16489600,16489877,277,mRNA
49371,16489343,16489516,173,mRNA
49372,16487883,16488045,162,mRNA
49373,16486718,16486905,187,mRNA
49374,16486380,16486584,204,mRNA
49375,16483678,16483889,211,mRNA
49376,16482626,16483033,407,mRNA
49377,16481326,16481499,173,mRNA
49378,16477449,16477571,122,mRNA
49379,16475628,16475750,122,mRNA
49380,16474447,16474641,194,mRNA
49381,16473582,16473827,245,mRNA
49382,16471214,16471484,270,mRNA
49383,16466495,16466799,304,mRNA
49384,16463603,16464792,1189,mRNA
49385,16527277,16527414,137,mRNA
49386,16522065,16522153,88,mRNA
49387,16521623,16521813,190,mRNA
49388,16514029,16514184,155,mRNA
49389,16513715,16513920,205,mRNA
49390,16509576,16509704,128,mRNA
49391,16506348,16506439,91,mRNA
49392,16505971,16506247,276,mRNA
49393,16505507,16505816,309,mRNA
49394,16503990,16504298,308,mRNA
49395,16498716,16498896,180,mRNA
49396,16498445,16498656,211,mRNA
49397,16498270,16498369,99,mRNA
49398,16492447,16492515,68,mRNA
49399,16489600,16489877,277,mRNA
49400,16489343,16489516,173,mRNA
49401,16487883,16488045,162,mRNA
49402,16486718,16486905,187,mRNA
49403,16486380,16486584,204,mRNA
49404,16483678,16483889,211,mRNA
49405,16482626,16483033,407,mRNA
49406,16481326,16481499,173,mRNA
49407,16477449,16477571,122,mRNA
49408,16475628,16475750,122,mRNA
49409,16474447,16474641,194,mRNA
49410,16473582,16473827,245,mRNA
49411,16471214,16471484,270,mRNA
49412,16466495,16466799,304,mRNA
49413,16463603,16464792,1189,mRNA
49414,16527277,16527414,137,mRNA
49415,16522065,16522153,88,mRNA
49416,16521623,16521813,190,mRNA
49417,16514029,16514184,155,mRNA
49418,16513715,16513920,205,mRNA
49419,16509576,16509704,128,mRNA
49420,16506348,16506439,91,mRNA
49421,16505971,16506247,276,mRNA
49422,16505507,16505816,309,mRNA
49423,16503990,16504298,308,mRNA
49424,16498716,16498896,180,mRNA
49425,16498445,16498656,211,mRNA
49426,16498270,16498369,99,mRNA
49427,16492447,16492515,68,mRNA
49428,16489600,16489877,277,mRNA
49429,16489343,16489516,173,mRNA
49430,16487883,16488045,162,mRNA
49431,16486718,16486905,187,mRNA
49432,16486380,16486584,204,mRNA
49433,16483678,16483889,211,mRNA
49434,16482626,16483033,407,mRNA
49435,16481326,16481499,173,mRNA
49436,16480680,16480802,122,mRNA
49437,16475628,16475750,122,mRNA
49438,16474447,16474641,194,mRNA
49439,16473582,16473827,245,mRNA
49440,16471214,16471484,270,mRNA
49441,16466495,16466799,304,mRNA
49442,16463603,16464792,1189,mRNA
49443,16527277,16527414,137,mRNA
49444,16522065,16522153,88,mRNA
49445,16521623,16521813,190,mRNA
49446,16514029,16514184,155,mRNA
49447,16513715,16513920,205,mRNA
49448,16509576,16509704,128,mRNA
49449,16506348,16506439,91,mRNA
49450,16505971,16506247,276,mRNA
49451,16505507,16505816,309,mRNA
49452,16503990,16504298,308,mRNA
49453,16498716,16498896,180,mRNA
49454,16498445,16498656,211,mRNA
49455,16498270,16498369,99,mRNA
49456,16492447,16492515,68,mRNA
49457,16489600,16489877,277,mRNA
49458,16489343,16489516,173,mRNA
49459,16487883,16488045,162,mRNA
49460,16486718,16486905,187,mRNA
49461,16486380,16486584,204,mRNA
49462,16483678,16483889,211,mRNA
49463,16482626,16483108,482,mRNA
49464,16481326,16481499,173,mRNA
49465,16477449,16477571,122,mRNA
49466,16475628,16475750,122,mRNA
49467,16474447,16474641,194,mRNA
49468,16473582,16473827,245,mRNA
49469,16471214,16471484,270,mRNA
49470,16466495,16466799,304,mRNA
49471,16463603,16464792,1189,mRNA
49472,16527277,16527414,137,mRNA
49473,16522065,16522153,88,mRNA
49474,16521623,16521813,190,mRNA
49475,16514029,16514184,155,mRNA
49476,16513715,16513920,205,mRNA
49477,16509576,16509704,128,mRNA
49478,16506348,16506439,91,mRNA
49479,16505971,16506247,276,mRNA
49480,16505507,16505816,309,mRNA
49481,16503990,16504298,308,mRNA
49482,16498716,16498896,180,mRNA
49483,16498445,16498656,211,mRNA
49484,16498270,16498369,99,mRNA
49485,16492447,16492515,68,mRNA
49486,16489600,16489877,277,mRNA
49487,16489343,16489516,173,mRNA
49488,16487883,16488045,162,mRNA
49489,16486718,16486905,187,mRNA
49490,16486380,16486584,204,mRNA
49491,16483678,16483889,211,mRNA
49492,16482626,16483108,482,mRNA
49493,16481326,16481499,173,mRNA
49494,16480680,16480802,122,mRNA
49495,16475628,16475750,122,mRNA
49496,16474447,16474641,194,mRNA
49497,16473582,16473827,245,mRNA
49498,16471214,16471484,270,mRNA
49499,16466495,16466799,304,mRNA
49500,16463603,16464792,1189,mRNA
49501,16527277,16527414,137,mRNA
49502,16522065,16522153,88,mRNA
49503,16521623,16521813,190,mRNA
49504,16514029,16514184,155,mRNA
49505,16513715,16513920,205,mRNA
49506,16509576,16509704,128,mRNA
49507,16506348,16506439,91,mRNA
49508,16505971,16506247,276,mRNA
49509,16505507,16505816,309,mRNA
49510,16503990,16504298,308,mRNA
49511,16498716,16498896,180,mRNA
49512,16498445,16498656,211,mRNA
49513,16498270,16498369,99,mRNA
49514,16492447,16492515,68,mRNA
49515,16489600,16489877,277,mRNA
49516,16489343,16489516,173,mRNA
49517,16487883,16488045,162,mRNA
49518,16486718,16486905,187,mRNA
49519,16486341,16486584,243,mRNA
49520,16483678,16483859,181,mRNA
49521,16482626,16483033,407,mRNA
49522,16481326,16481499,173,mRNA
49523,16477449,16477571,122,mRNA
49524,16475628,16475750,122,mRNA
49525,16474447,16474641,194,mRNA
49526,16473582,16473827,245,mRNA
49527,16471214,16471484,270,mRNA
49528,16466495,16466799,304,mRNA
49529,16463603,16464792,1189,mRNA
49530,16527277,16527414,137,mRNA
49531,16522065,16522153,88,mRNA
49532,16521623,16521813,190,mRNA
49533,16514029,16514184,155,mRNA
49534,16513715,16513920,205,mRNA
49535,16509576,16509704,128,mRNA
49536,16506348,16506439,91,mRNA
49537,16505971,16506247,276,mRNA
49538,16505507,16505816,309,mRNA
49539,16503990,16504298,308,mRNA
49540,16500507,16500569,62,mRNA
49541,16498716,16498896,180,mRNA
49542,16498445,16498656,211,mRNA
49543,16498270,16498369,99,mRNA
49544,16492447,16492515,68,mRNA
49545,16489600,16489853,253,mRNA
49546,16489343,16489516,173,mRNA
49547,16486718,16486905,187,mRNA
49548,16486380,16486584,204,mRNA
49549,16483678,16483889,211,mRNA
49550,16482626,16483108,482,mRNA
49551,16481326,16481499,173,mRNA
49552,16480680,16480802,122,mRNA
49553,16475628,16475750,122,mRNA
49554,16474447,16474641,194,mRNA
49555,16473582,16473827,245,mRNA
49556,16471214,16471484,270,mRNA
49557,16466495,16466799,304,mRNA
49558,16463603,16464792,1189,mRNA
49559,16527277,16527414,137,mRNA
49560,16522065,16522153,88,mRNA
49561,16521623,16521813,190,mRNA
49562,16514029,16514184,155,mRNA
49563,16513715,16513920,205,mRNA
49564,16509576,16509704,128,mRNA
49565,16506348,16506439,91,mRNA
49566,16505971,16506247,276,mRNA
49567,16505507,16505816,309,mRNA
49568,16503990,16504298,308,mRNA
49569,16500507,16500569,62,mRNA
49570,16498716,16498896,180,mRNA
49571,16498445,16498656,211,mRNA
49572,16498270,16498369,99,mRNA
49573,16492447,16492515,68,mRNA
49574,16489600,16489853,253,mRNA
49575,16489343,16489516,173,mRNA
49576,16487883,16488045,162,mRNA
49577,16486718,16486905,187,mRNA
49578,16486380,16486584,204,mRNA
49579,16483678,16483889,211,mRNA
49580,16482626,16483033,407,mRNA
49581,16481326,16481499,173,mRNA
49582,16477449,16477571,122,mRNA
49583,16475628,16475750,122,mRNA
49584,16474447,16474641,194,mRNA
49585,16473582,16473827,245,mRNA
49586,16471214,16471484,270,mRNA
49587,16466495,16466799,304,mRNA
49588,16463603,16464792,1189,mRNA
49589,16527277,16527414,137,mRNA
49590,16522065,16522153,88,mRNA
49591,16521623,16521813,190,mRNA
49592,16514029,16514184,155,mRNA
49593,16513715,16513920,205,mRNA
49594,16509576,16509704,128,mRNA
49595,16506348,16506439,91,mRNA
49596,16505971,16506247,276,mRNA
49597,16505507,16505816,309,mRNA
49598,16503990,16504298,308,mRNA
49599,16500507,16500569,62,mRNA
49600,16498716,16498896,180,mRNA
49601,16498445,16498656,211,mRNA
49602,16498270,16498369,99,mRNA
49603,16492447,16492515,68,mRNA
49604,16489600,16489853,253,mRNA
49605,16489343,16489516,173,mRNA
49606,16488987,16489149,162,mRNA
49607,16486718,16486905,187,mRNA
49608,16486380,16486584,204,mRNA
49609,16483678,16483859,181,mRNA
49610,16482626,16483108,482,mRNA
49611,16481326,16481499,173,mRNA
49612,16480680,16480802,122,mRNA
49613,16475628,16475750,122,mRNA
49614,16474447,16474641,194,mRNA
49615,16473582,16473827,245,mRNA
49616,16471214,16471484,270,mRNA
49617,16466495,16466799,304,mRNA
49618,16463603,16464792,1189,mRNA
49619,16527277,16527414,137,mRNA
49620,16522065,16522153,88,mRNA
49621,16521623,16521813,190,mRNA
49622,16514029,16514184,155,mRNA
49623,16513715,16513920,205,mRNA
49624,16509576,16509704,128,mRNA
49625,16506348,16506439,91,mRNA
49626,16505971,16506247,276,mRNA
49627,16505507,16505816,309,mRNA
49628,16503990,16504298,308,mRNA
49629,16500507,16500569,62,mRNA
49630,16498716,16498896,180,mRNA
49631,16498445,16498656,211,mRNA
49632,16498270,16498369,99,mRNA
49633,16492447,16492515,68,mRNA
49634,16489600,16489877,277,mRNA
49635,16489343,16489516,173,mRNA
49636,16487883,16488045,162,mRNA
49637,16486718,16486905,187,mRNA
49638,16486380,16486584,204,mRNA
49639,16483678,16483859,181,mRNA
49640,16482626,16483033,407,mRNA
49641,16481326,16481499,173,mRNA
49642,16475628,16475750,122,mRNA
49643,16474447,16474641,194,mRNA
49644,16473582,16473827,245,mRNA
49645,16471214,16471484,270,mRNA
49646,16466495,16466799,304,mRNA
49647,16463603,16464792,1189,mRNA
49648,16527277,16527414,137,mRNA
49649,16522065,16522153,88,mRNA
49650,16521623,16521813,190,mRNA
49651,16514029,16514184,155,mRNA
49652,16513715,16513920,205,mRNA
49653,16509576,16509704,128,mRNA
49654,16506348,16506439,91,mRNA
49655,16505971,16506247,276,mRNA
49656,16505507,16505816,309,mRNA
49657,16503990,16504298,308,mRNA
49658,16500507,16500569,62,mRNA
49659,16498716,16498896,180,mRNA
49660,16498445,16498656,211,mRNA
49661,16498270,16498369,99,mRNA
49662,16492447,16492515,68,mRNA
49663,16489600,16489877,277,mRNA
49664,16489343,16489516,173,mRNA
49665,16487883,16488045,162,mRNA
49666,16486718,16486905,187,mRNA
49667,16486380,16486584,204,mRNA
49668,16483678,16483859,181,mRNA
49669,16482626,16483033,407,mRNA
49670,16481326,16481499,173,mRNA
49671,16477449,16477571,122,mRNA
49672,16475628,16475750,122,mRNA
49673,16474447,16474641,194,mRNA
49674,16473582,16473827,245,mRNA
49675,16471214,16471484,270,mRNA
49676,16466495,16466799,304,mRNA
49677,16463603,16464792,1189,mRNA
49678,16527277,16527414,137,mRNA
49679,16522065,16522153,88,mRNA
49680,16521623,16521813,190,mRNA
49681,16514029,16514184,155,mRNA
49682,16513715,16513920,205,mRNA
49683,16509576,16509704,128,mRNA
49684,16506348,16506439,91,mRNA
49685,16505971,16506247,276,mRNA
49686,16505507,16505816,309,mRNA
49687,16503990,16504298,308,mRNA
49688,16500507,16500569,62,mRNA
49689,16498716,16498896,180,mRNA
49690,16498445,16498656,211,mRNA
49691,16498270,16498369,99,mRNA
49692,16492447,16492515,68,mRNA
49693,16489600,16489877,277,mRNA
49694,16489343,16489516,173,mRNA
49695,16487883,16488045,162,mRNA
49696,16486718,16486905,187,mRNA
49697,16486380,16486584,204,mRNA
49698,16483678,16483889,211,mRNA
49699,16482626,16483033,407,mRNA
49700,16481326,16481499,173,mRNA
49701,16475628,16475750,122,mRNA
49702,16474447,16474641,194,mRNA
49703,16473582,16473827,245,mRNA
49704,16471214,16471484,270,mRNA
49705,16466495,16466799,304,mRNA
49706,16463603,16464792,1189,mRNA
49707,16527277,16527414,137,mRNA
49708,16522065,16522153,88,mRNA
49709,16521623,16521813,190,mRNA
49710,16514029,16514184,155,mRNA
49711,16513715,16513920,205,mRNA
49712,16509576,16509704,128,mRNA
49713,16506348,16506439,91,mRNA
49714,16505971,16506247,276,mRNA
49715,16505507,16505816,309,mRNA
49716,16503990,16504298,308,mRNA
49717,16500507,16500569,62,mRNA
49718,16498716,16498896,180,mRNA
49719,16498445,16498656,211,mRNA
49720,16498270,16498369,99,mRNA
49721,16492447,16492515,68,mRNA
49722,16489600,16489877,277,mRNA
49723,16489343,16489516,173,mRNA
49724,16487883,16488045,162,mRNA
49725,16486718,16486905,187,mRNA
49726,16486380,16486584,204,mRNA
49727,16483678,16483889,211,mRNA
49728,16482626,16483033,407,mRNA
49729,16481326,16481499,173,mRNA
49730,16477449,16477571,122,mRNA
49731,16475628,16475750,122,mRNA
49732,16474447,16474641,194,mRNA
49733,16473582,16473827,245,mRNA
49734,16471214,16471484,270,mRNA
49735,16466495,16466799,304,mRNA
49736,16463603,16464792,1189,mRNA
49737,16527277,16527414,137,mRNA
49738,16522065,16522153,88,mRNA
49739,16521623,16521813,190,mRNA
49740,16514029,16514184,155,mRNA
49741,16513715,16513920,205,mRNA
49742,16509576,16509704,128,mRNA
49743,16506348,16506439,91,mRNA
49744,16505971,16506247,276,mRNA
49745,16505507,16505816,309,mRNA
49746,16503990,16504298,308,mRNA
49747,16500507,16500569,62,mRNA
49748,16498716,16498896,180,mRNA
49749,16498445,16498656,211,mRNA
49750,16498270,16498369,99,mRNA
49751,16492447,16492515,68,mRNA
49752,16489600,16489877,277,mRNA
49753,16489343,16489516,173,mRNA
49754,16487883,16488045,162,mRNA
49755,16486718,16486905,187,mRNA
49756,16486380,16486584,204,mRNA
49757,16483678,16483889,211,mRNA
49758,16482626,16483108,482,mRNA
49759,16481326,16481499,173,mRNA
49760,16477449,16477571,122,mRNA
49761,16475628,16475750,122,mRNA
49762,16474447,16474641,194,mRNA
49763,16473582,16473827,245,mRNA
49764,16471214,16471484,270,mRNA
49765,16466495,16466799,304,mRNA
49766,16463603,16464792,1189,mRNA
49767,16527277,16527414,137,mRNA
49768,16522065,16522153,88,mRNA
49769,16521623,16521813,190,mRNA
49770,16514029,16514184,155,mRNA
49771,16513715,16513920,205,mRNA
49772,16509576,16509704,128,mRNA
49773,16506348,16506439,91,mRNA
49774,16505971,16506247,276,mRNA
49775,16505507,16505816,309,mRNA
49776,16503990,16504298,308,mRNA
49777,16500507,16500569,62,mRNA
49778,16498716,16498896,180,mRNA
49779,16498445,16498656,211,mRNA
49780,16498270,16498369,99,mRNA
49781,16492447,16492515,68,mRNA
49782,16489600,16489877,277,mRNA
49783,16489343,16489516,173,mRNA
49784,16487883,16488045,162,mRNA
49785,16486718,16486905,187,mRNA
49786,16486380,16486584,204,mRNA
49787,16483678,16483889,211,mRNA
49788,16482626,16483108,482,mRNA
49789,16481326,16481499,173,mRNA
49790,16480680,16480802,122,mRNA
49791,16475628,16475750,122,mRNA
49792,16474447,16474641,194,mRNA
49793,16473582,16473827,245,mRNA
49794,16471214,16471484,270,mRNA
49795,16466495,16466799,304,mRNA
49796,16463603,16464792,1189,mRNA
49797,16527277,16527414,137,mRNA
49798,16522065,16522153,88,mRNA
49799,16521623,16521813,190,mRNA
49800,16514029,16514184,155,mRNA
49801,16513715,16513920,205,mRNA
49802,16509576,16509704,128,mRNA
49803,16506348,16506439,91,mRNA
49804,16505971,16506247,276,mRNA
49805,16505507,16505816,309,mRNA
49806,16503990,16504298,308,mRNA
49807,16500507,16500569,62,mRNA
49808,16498716,16498896,180,mRNA
49809,16498445,16498656,211,mRNA
49810,16498270,16498369,99,mRNA
49811,16492447,16492515,68,mRNA
49812,16489600,16489877,277,mRNA
49813,16489343,16489516,173,mRNA
49814,16487883,16488045,162,mRNA
49815,16486718,16486905,187,mRNA
49816,16486341,16486584,243,mRNA
49817,16483678,16483859,181,mRNA
49818,16482626,16483033,407,mRNA
49819,16481326,16481499,173,mRNA
49820,16477449,16477571,122,mRNA
49821,16475628,16475750,122,mRNA
49822,16474447,16474641,194,mRNA
49823,16473582,16473827,245,mRNA
49824,16471214,16471484,270,mRNA
49825,16466495,16466799,304,mRNA
49826,16463603,16464792,1189,mRNA
49827,16527277,16527414,137,mRNA
49828,16522065,16522153,88,mRNA
49829,16521623,16521813,190,mRNA
49830,16514029,16514184,155,mRNA
49831,16513715,16513920,205,mRNA
49832,16509576,16509704,128,mRNA
49833,16506348,16506439,91,mRNA
49834,16505971,16506247,276,mRNA
49835,16505507,16505816,309,mRNA
49836,16503990,16504298,308,mRNA
49837,16500507,16500569,62,mRNA
49838,16498716,16498896,180,mRNA
49839,16498445,16498656,211,mRNA
49840,16498270,16498369,99,mRNA
49841,16492447,16492515,68,mRNA
49842,16489600,16489877,277,mRNA
49843,16489343,16489516,173,mRNA
49844,16488987,16489149,162,mRNA
49845,16486718,16486905,187,mRNA
49846,16486380,16486584,204,mRNA
49847,16483678,16483889,211,mRNA
49848,16482626,16483108,482,mRNA
49849,16481326,16481499,173,mRNA
49850,16477449,16477571,122,mRNA
49851,16475628,16475750,122,mRNA
49852,16474447,16474641,194,mRNA
49853,16473582,16473827,245,mRNA
49854,16471214,16471484,270,mRNA
49855,16466495,16466799,304,mRNA
49856,16463603,16464792,1189,mRNA
49857,16527277,16527414,137,mRNA
49858,16522065,16522153,88,mRNA
49859,16521623,16521813,190,mRNA
49860,16518805,16518837,32,mRNA
49861,16514029,16514184,155,mRNA
49862,16513715,16513920,205,mRNA
49863,16509576,16509704,128,mRNA
49864,16506348,16506439,91,mRNA
49865,16505971,16506247,276,mRNA
49866,16505507,16505816,309,mRNA
49867,16504062,16504298,236,mRNA
49868,16500507,16500569,62,mRNA
49869,16498716,16498896,180,mRNA
49870,16498445,16498656,211,mRNA
49871,16498270,16498369,99,mRNA
49872,16492447,16492515,68,mRNA
49873,16489600,16489853,253,mRNA
49874,16489343,16489516,173,mRNA
49875,16487883,16488045,162,mRNA
49876,16486718,16486905,187,mRNA
49877,16486380,16486584,204,mRNA
49878,16483678,16483859,181,mRNA
49879,16482626,16483033,407,mRNA
49880,16481326,16481499,173,mRNA
49881,16477449,16477571,122,mRNA
49882,16475628,16475750,122,mRNA
49883,16474447,16474641,194,mRNA
49884,16473582,16473827,245,mRNA
49885,16471214,16471484,270,mRNA
49886,16466495,16466799,304,mRNA
49887,16463603,16464792,1189,mRNA
49888,16527277,16527414,137,mRNA
49889,16522065,16522153,88,mRNA
49890,16521623,16521813,190,mRNA
49891,16518805,16518837,32,mRNA
49892,16514029,16514184,155,mRNA
49893,16513715,16513920,205,mRNA
49894,16509576,16509704,128,mRNA
49895,16506348,16506439,91,mRNA
49896,16505971,16506247,276,mRNA
49897,16505507,16505816,309,mRNA
49898,16504062,16504298,236,mRNA
49899,16500507,16500569,62,mRNA
49900,16498716,16498896,180,mRNA
49901,16498445,16498656,211,mRNA
49902,16498270,16498369,99,mRNA
49903,16492447,16492515,68,mRNA
49904,16489600,16489853,253,mRNA
49905,16489343,16489516,173,mRNA
49906,16488987,16489149,162,mRNA
49907,16486718,16486905,187,mRNA
49908,16486380,16486584,204,mRNA
49909,16483678,16483859,181,mRNA
49910,16482626,16483033,407,mRNA
49911,16481326,16481499,173,mRNA
49912,16477449,16477571,122,mRNA
49913,16475628,16475750,122,mRNA
49914,16474447,16474641,194,mRNA
49915,16473582,16473827,245,mRNA
49916,16471214,16471484,270,mRNA
49917,16466495,16466799,304,mRNA
49918,16463603,16464792,1189,mRNA
49919,16527277,16527414,137,mRNA
49920,16522065,16522153,88,mRNA
49921,16521623,16521813,190,mRNA
49922,16518805,16518837,32,mRNA
49923,16514029,16514184,155,mRNA
49924,16513715,16513920,205,mRNA
49925,16509576,16509704,128,mRNA
49926,16506348,16506439,91,mRNA
49927,16505971,16506247,276,mRNA
49928,16505507,16505816,309,mRNA
49929,16504062,16504298,236,mRNA
49930,16500507,16500569,62,mRNA
49931,16498716,16498896,180,mRNA
49932,16498445,16498656,211,mRNA
49933,16498270,16498369,99,mRNA
49934,16492447,16492515,68,mRNA
49935,16489600,16489853,253,mRNA
49936,16489343,16489516,173,mRNA
49937,16488987,16489149,162,mRNA
49938,16486718,16486905,187,mRNA
49939,16486380,16486584,204,mRNA
49940,16483678,16483889,211,mRNA
49941,16482626,16483033,407,mRNA
49942,16481326,16481499,173,mRNA
49943,16477449,16477571,122,mRNA
49944,16475628,16475750,122,mRNA
49945,16474447,16474641,194,mRNA
49946,16473582,16473827,245,mRNA
49947,16471214,16471484,270,mRNA
49948,16466495,16466799,304,mRNA
49949,16463603,16464792,1189,mRNA
49950,16527277,16527414,137,mRNA
49951,16522065,16522153,88,mRNA
49952,16521623,16521813,190,mRNA
49953,16518805,16518837,32,mRNA
49954,16514029,16514184,155,mRNA
49955,16513715,16513920,205,mRNA
49956,16509576,16509704,128,mRNA
49957,16506348,16506439,91,mRNA
49958,16505971,16506247,276,mRNA
49959,16505507,16505816,309,mRNA
49960,16504062,16504298,236,mRNA
49961,16500507,16500569,62,mRNA
49962,16498716,16498896,180,mRNA
49963,16498445,16498656,211,mRNA
49964,16498270,16498369,99,mRNA
49965,16492447,16492515,68,mRNA
49966,16489600,16489853,253,mRNA
49967,16489343,16489516,173,mRNA
49968,16488987,16489149,162,mRNA
49969,16486718,16486905,187,mRNA
49970,16486341,16486584,243,mRNA
49971,16483678,16483859,181,mRNA
49972,16482626,16483033,407,mRNA
49973,16481326,16481499,173,mRNA
49974,16477449,16477571,122,mRNA
49975,16475628,16475750,122,mRNA
49976,16474447,16474641,194,mRNA
49977,16473582,16473827,245,mRNA
49978,16471214,16471484,270,mRNA
49979,16466495,16466799,304,mRNA
49980,16463603,16464792,1189,mRNA
49981,16527277,16527414,137,mRNA
49982,16522065,16522153,88,mRNA
49983,16521623,16521813,190,mRNA
49984,16518805,16518837,32,mRNA
49985,16514029,16514184,155,mRNA
49986,16513715,16513920,205,mRNA
49987,16509576,16509704,128,mRNA
49988,16506348,16506439,91,mRNA
49989,16505971,16506247,276,mRNA
49990,16505507,16505816,309,mRNA
49991,16504062,16504298,236,mRNA
49992,16500507,16500569,62,mRNA
49993,16498716,16498896,180,mRNA
49994,16498445,16498656,211,mRNA
49995,16498270,16498369,99,mRNA
49996,16492447,16492515,68,mRNA
49997,16489600,16489877,277,mRNA
49998,16489343,16489516,173,mRNA
49999,16487883,16488045,162,mRNA
50000,16486718,16486905,187,mRNA
50001,16486380,16486584,204,mRNA
50002,16483678,16483859,181,mRNA
50003,16482626,16483033,407,mRNA
50004,16481326,16481499,173,mRNA
50005,16477449,16477571,122,mRNA
50006,16475628,16475750,122,mRNA
50007,16474447,16474641,194,mRNA
50008,16473582,16473827,245,mRNA
50009,16471214,16471484,270,mRNA
50010,16466495,16466799,304,mRNA
50011,16463603,16464792,1189,mRNA
50012,16527277,16527414,137,mRNA
50013,16522065,16522153,88,mRNA
50014,16521623,16521813,190,mRNA
50015,16518805,16518837,32,mRNA
50016,16514029,16514184,155,mRNA
50017,16513715,16513920,205,mRNA
50018,16509576,16509704,128,mRNA
50019,16506348,16506439,91,mRNA
50020,16505971,16506247,276,mRNA
50021,16505507,16505816,309,mRNA
50022,16503990,16504298,308,mRNA
50023,16498716,16498896,180,mRNA
50024,16498445,16498656,211,mRNA
50025,16498270,16498369,99,mRNA
50026,16492447,16492515,68,mRNA
50027,16489600,16489853,253,mRNA
50028,16489343,16489516,173,mRNA
50029,16487883,16488045,162,mRNA
50030,16486718,16486905,187,mRNA
50031,16486380,16486584,204,mRNA
50032,16483678,16483859,181,mRNA
50033,16482626,16483033,407,mRNA
50034,16481326,16481499,173,mRNA
50035,16477449,16477571,122,mRNA
50036,16475628,16475750,122,mRNA
50037,16474447,16474641,194,mRNA
50038,16473582,16473827,245,mRNA
50039,16471214,16471484,270,mRNA
50040,16466495,16466799,304,mRNA
50041,16463603,16464792,1189,mRNA
50042,16527277,16527414,137,mRNA
50043,16522065,16522153,88,mRNA
50044,16521623,16521813,190,mRNA
50045,16518805,16518837,32,mRNA
50046,16514029,16514184,155,mRNA
50047,16513715,16513920,205,mRNA
50048,16509576,16509704,128,mRNA
50049,16506348,16506439,91,mRNA
50050,16505971,16506247,276,mRNA
50051,16505507,16505816,309,mRNA
50052,16503990,16504298,308,mRNA
50053,16498716,16498896,180,mRNA
50054,16498445,16498656,211,mRNA
50055,16498270,16498369,99,mRNA
50056,16492447,16492515,68,mRNA
50057,16489600,16489853,253,mRNA
50058,16489343,16489516,173,mRNA
50059,16487883,16488045,162,mRNA
50060,16486718,16486905,187,mRNA
50061,16486380,16486584,204,mRNA
50062,16483678,16483889,211,mRNA
50063,16482626,16483033,407,mRNA
50064,16481326,16481499,173,mRNA
50065,16477449,16477571,122,mRNA
50066,16475628,16475750,122,mRNA
50067,16474447,16474641,194,mRNA
50068,16473582,16473827,245,mRNA
50069,16471214,16471484,270,mRNA
50070,16466495,16466799,304,mRNA
50071,16463603,16464792,1189,mRNA
50072,16527277,16527414,137,mRNA
50073,16522065,16522153,88,mRNA
50074,16521623,16521813,190,mRNA
50075,16518805,16518837,32,mRNA
50076,16514029,16514184,155,mRNA
50077,16513715,16513920,205,mRNA
50078,16509576,16509704,128,mRNA
50079,16506348,16506439,91,mRNA
50080,16505971,16506247,276,mRNA
50081,16505507,16505816,309,mRNA
50082,16503990,16504298,308,mRNA
50083,16498716,16498896,180,mRNA
50084,16498445,16498656,211,mRNA
50085,16498270,16498369,99,mRNA
50086,16492447,16492515,68,mRNA
50087,16489600,16489853,253,mRNA
50088,16489343,16489516,173,mRNA
50089,16487883,16488045,162,mRNA
50090,16486718,16486905,187,mRNA
50091,16486341,16486584,243,mRNA
50092,16483678,16483859,181,mRNA
50093,16482626,16483033,407,mRNA
50094,16481326,16481499,173,mRNA
50095,16477449,16477571,122,mRNA
50096,16475628,16475750,122,mRNA
50097,16474447,16474641,194,mRNA
50098,16473582,16473827,245,mRNA
50099,16471214,16471484,270,mRNA
50100,16466495,16466799,304,mRNA
50101,16463603,16464792,1189,mRNA
50102,16527277,16527414,137,mRNA
50103,16522065,16522153,88,mRNA
50104,16521623,16521813,190,mRNA
50105,16518805,16518837,32,mRNA
50106,16514029,16514184,155,mRNA
50107,16513715,16513920,205,mRNA
50108,16509576,16509704,128,mRNA
50109,16506348,16506439,91,mRNA
50110,16505971,16506247,276,mRNA
50111,16505507,16505816,309,mRNA
50112,16503990,16504298,308,mRNA
50113,16498716,16498896,180,mRNA
50114,16498445,16498656,211,mRNA
50115,16498270,16498369,99,mRNA
50116,16492447,16492515,68,mRNA
50117,16489600,16489853,253,mRNA
50118,16489343,16489516,173,mRNA
50119,16487883,16488045,162,mRNA
50120,16486718,16486905,187,mRNA
50121,16486341,16486584,243,mRNA
50122,16483678,16483889,211,mRNA
50123,16482626,16483033,407,mRNA
50124,16481326,16481499,173,mRNA
50125,16477449,16477571,122,mRNA
50126,16475628,16475750,122,mRNA
50127,16474447,16474641,194,mRNA
50128,16473582,16473827,245,mRNA
50129,16471214,16471484,270,mRNA
50130,16466495,16466799,304,mRNA
50131,16463603,16464792,1189,mRNA
50132,16527277,16527414,137,mRNA
50133,16522065,16522153,88,mRNA
50134,16521623,16521813,190,mRNA
50135,16518805,16518837,32,mRNA
50136,16514029,16514184,155,mRNA
50137,16513715,16513920,205,mRNA
50138,16509576,16509704,128,mRNA
50139,16506348,16506439,91,mRNA
50140,16505971,16506247,276,mRNA
50141,16505507,16505816,309,mRNA
50142,16503990,16504298,308,mRNA
50143,16498716,16498896,180,mRNA
50144,16498445,16498656,211,mRNA
50145,16498270,16498369,99,mRNA
50146,16492447,16492515,68,mRNA
50147,16489600,16489853,253,mRNA
50148,16489343,16489516,173,mRNA
50149,16488987,16489149,162,mRNA
50150,16486718,16486905,187,mRNA
50151,16486380,16486584,204,mRNA
50152,16483678,16483859,181,mRNA
50153,16482626,16483033,407,mRNA
50154,16481326,16481499,173,mRNA
50155,16477449,16477571,122,mRNA
50156,16475628,16475750,122,mRNA
50157,16474447,16474641,194,mRNA
50158,16473582,16473827,245,mRNA
50159,16471214,16471484,270,mRNA
50160,16466495,16466799,304,mRNA
50161,16463603,16464792,1189,mRNA
50162,16527277,16527414,137,mRNA
50163,16522065,16522153,88,mRNA
50164,16521623,16521813,190,mRNA
50165,16518805,16518837,32,mRNA
50166,16514029,16514184,155,mRNA
50167,16513715,16513920,205,mRNA
50168,16509576,16509704,128,mRNA
50169,16506348,16506439,91,mRNA
50170,16505971,16506247,276,mRNA
50171,16505507,16505816,309,mRNA
50172,16503990,16504298,308,mRNA
50173,16498716,16498896,180,mRNA
50174,16498445,16498656,211,mRNA
50175,16498270,16498369,99,mRNA
50176,16492447,16492515,68,mRNA
50177,16489600,16489877,277,mRNA
50178,16489343,16489516,173,mRNA
50179,16487883,16488045,162,mRNA
50180,16486718,16486905,187,mRNA
50181,16486380,16486584,204,mRNA
50182,16483678,16483859,181,mRNA
50183,16482626,16483033,407,mRNA
50184,16481326,16481499,173,mRNA
50185,16477449,16477571,122,mRNA
50186,16475628,16475750,122,mRNA
50187,16474447,16474641,194,mRNA
50188,16473582,16473827,245,mRNA
50189,16471214,16471484,270,mRNA
50190,16466495,16466799,304,mRNA
50191,16463603,16464792,1189,mRNA
50192,16527277,16527414,137,mRNA
50193,16522065,16522153,88,mRNA
50194,16521623,16521813,190,mRNA
50195,16518805,16518837,32,mRNA
50196,16514029,16514184,155,mRNA
50197,16513715,16513920,205,mRNA
50198,16509576,16509704,128,mRNA
50199,16506348,16506439,91,mRNA
50200,16505971,16506247,276,mRNA
50201,16505507,16505816,309,mRNA
50202,16503990,16504298,308,mRNA
50203,16498716,16498896,180,mRNA
50204,16498445,16498656,211,mRNA
50205,16498270,16498369,99,mRNA
50206,16492447,16492515,68,mRNA
50207,16489600,16489877,277,mRNA
50208,16489343,16489516,173,mRNA
50209,16487883,16488045,162,mRNA
50210,16486718,16486905,187,mRNA
50211,16486380,16486584,204,mRNA
50212,16483678,16483889,211,mRNA
50213,16482626,16483033,407,mRNA
50214,16481326,16481499,173,mRNA
50215,16477449,16477571,122,mRNA
50216,16475628,16475750,122,mRNA
50217,16474447,16474641,194,mRNA
50218,16473582,16473827,245,mRNA
50219,16471214,16471484,270,mRNA
50220,16466495,16466799,304,mRNA
50221,16463603,16464792,1189,mRNA
50222,16527277,16527414,137,mRNA
50223,16522065,16522153,88,mRNA
50224,16521623,16521813,190,mRNA
50225,16518805,16518837,32,mRNA
50226,16514029,16514184,155,mRNA
50227,16513715,16513920,205,mRNA
50228,16509576,16509704,128,mRNA
50229,16506348,16506439,91,mRNA
50230,16505971,16506247,276,mRNA
50231,16505507,16505816,309,mRNA
50232,16503990,16504298,308,mRNA
50233,16498716,16498896,180,mRNA
50234,16498445,16498656,211,mRNA
50235,16498270,16498369,99,mRNA
50236,16492447,16492515,68,mRNA
50237,16489600,16489877,277,mRNA
50238,16489343,16489516,173,mRNA
50239,16487883,16488045,162,mRNA
50240,16486718,16486905,187,mRNA
50241,16486380,16486584,204,mRNA
50242,16483678,16483889,211,mRNA
50243,16482626,16483033,407,mRNA
50244,16481326,16481499,173,mRNA
50245,16480680,16480802,122,mRNA
50246,16475628,16475750,122,mRNA
50247,16474447,16474641,194,mRNA
50248,16473582,16473827,245,mRNA
50249,16471214,16471484,270,mRNA
50250,16466495,16466799,304,mRNA
50251,16463603,16464792,1189,mRNA
50252,16527277,16527414,137,mRNA
50253,16522065,16522153,88,mRNA
50254,16521623,16521813,190,mRNA
50255,16518805,16518837,32,mRNA
50256,16514029,16514184,155,mRNA
50257,16513715,16513920,205,mRNA
50258,16509576,16509704,128,mRNA
50259,16506348,16506439,91,mRNA
50260,16505971,16506247,276,mRNA
50261,16505507,16505816,309,mRNA
50262,16503990,16504298,308,mRNA
50263,16498716,16498896,180,mRNA
50264,16498445,16498656,211,mRNA
50265,16498270,16498369,99,mRNA
50266,16492447,16492515,68,mRNA
50267,16489600,16489877,277,mRNA
50268,16489343,16489516,173,mRNA
50269,16487883,16488045,162,mRNA
50270,16486718,16486905,187,mRNA
50271,16486341,16486584,243,mRNA
50272,16483678,16483859,181,mRNA
50273,16482626,16483033,407,mRNA
50274,16481326,16481499,173,mRNA
50275,16477449,16477571,122,mRNA
50276,16475628,16475750,122,mRNA
50277,16474447,16474641,194,mRNA
50278,16473582,16473827,245,mRNA
50279,16471214,16471484,270,mRNA
50280,16466495,16466799,304,mRNA
50281,16463603,16464792,1189,mRNA
50282,16527277,16527414,137,mRNA
50283,16522065,16522153,88,mRNA
50284,16521623,16521813,190,mRNA
50285,16518805,16518837,32,mRNA
50286,16514029,16514184,155,mRNA
50287,16513715,16513920,205,mRNA
50288,16509576,16509704,128,mRNA
50289,16506348,16506439,91,mRNA
50290,16505971,16506247,276,mRNA
50291,16505507,16505816,309,mRNA
50292,16503990,16504298,308,mRNA
50293,16498716,16498896,180,mRNA
50294,16498445,16498656,211,mRNA
50295,16498270,16498369,99,mRNA
50296,16492447,16492515,68,mRNA
50297,16489600,16489877,277,mRNA
50298,16489343,16489516,173,mRNA
50299,16488987,16489149,162,mRNA
50300,16486718,16486905,187,mRNA
50301,16486380,16486584,204,mRNA
50302,16483678,16483859,181,mRNA
50303,16482626,16483033,407,mRNA
50304,16481326,16481499,173,mRNA
50305,16477449,16477571,122,mRNA
50306,16475628,16475750,122,mRNA
50307,16474447,16474641,194,mRNA
50308,16473582,16473827,245,mRNA
50309,16471214,16471484,270,mRNA
50310,16466495,16466799,304,mRNA
50311,16463603,16464792,1189,mRNA
50312,16527277,16527414,137,mRNA
50313,16522065,16522153,88,mRNA
50314,16521623,16521813,190,mRNA
50315,16518805,16518837,32,mRNA
50316,16514029,16514184,155,mRNA
50317,16513715,16513920,205,mRNA
50318,16509576,16509704,128,mRNA
50319,16506348,16506439,91,mRNA
50320,16505971,16506247,276,mRNA
50321,16505507,16505816,309,mRNA
50322,16503990,16504298,308,mRNA
50323,16498716,16498896,180,mRNA
50324,16498445,16498656,211,mRNA
50325,16498270,16498369,99,mRNA
50326,16492447,16492515,68,mRNA
50327,16489600,16489877,277,mRNA
50328,16489343,16489516,173,mRNA
50329,16488987,16489149,162,mRNA
50330,16486718,16486905,187,mRNA
50331,16486341,16486584,243,mRNA
50332,16483678,16483859,181,mRNA
50333,16482626,16483033,407,mRNA
50334,16481326,16481499,173,mRNA
50335,16477449,16477571,122,mRNA
50336,16475628,16475750,122,mRNA
50337,16474447,16474641,194,mRNA
50338,16473582,16473827,245,mRNA
50339,16471214,16471484,270,mRNA
50340,16466495,16466799,304,mRNA
50341,16463603,16464792,1189,mRNA
50342,16527277,16527414,137,mRNA
50343,16522065,16522153,88,mRNA
50344,16521623,16521813,190,mRNA
50345,16518805,16518837,32,mRNA
50346,16514029,16514184,155,mRNA
50347,16513715,16513920,205,mRNA
50348,16509576,16509704,128,mRNA
50349,16506348,16506439,91,mRNA
50350,16505971,16506247,276,mRNA
50351,16505507,16505816,309,mRNA
50352,16503990,16504298,308,mRNA
50353,16500507,16500569,62,mRNA
50354,16498716,16498896,180,mRNA
50355,16498445,16498656,211,mRNA
50356,16498270,16498369,99,mRNA
50357,16492447,16492515,68,mRNA
50358,16489600,16489853,253,mRNA
50359,16489343,16489516,173,mRNA
50360,16487883,16488045,162,mRNA
50361,16486718,16486905,187,mRNA
50362,16486380,16486584,204,mRNA
50363,16483678,16483859,181,mRNA
50364,16482626,16483033,407,mRNA
50365,16481326,16481499,173,mRNA
50366,16477449,16477571,122,mRNA
50367,16475628,16475750,122,mRNA
50368,16474447,16474641,194,mRNA
50369,16473582,16473827,245,mRNA
50370,16471214,16471484,270,mRNA
50371,16466495,16466799,304,mRNA
50372,16463603,16464792,1189,mRNA
50373,16527277,16527414,137,mRNA
50374,16522065,16522153,88,mRNA
50375,16521623,16521813,190,mRNA
50376,16518805,16518837,32,mRNA
50377,16514029,16514184,155,mRNA
50378,16513715,16513920,205,mRNA
50379,16509576,16509704,128,mRNA
50380,16506348,16506439,91,mRNA
50381,16505971,16506247,276,mRNA
50382,16505507,16505816,309,mRNA
50383,16503990,16504298,308,mRNA
50384,16500507,16500569,62,mRNA
50385,16498716,16498896,180,mRNA
50386,16498445,16498656,211,mRNA
50387,16498270,16498369,99,mRNA
50388,16492447,16492515,68,mRNA
50389,16489600,16489853,253,mRNA
50390,16489343,16489516,173,mRNA
50391,16487883,16488045,162,mRNA
50392,16486718,16486905,187,mRNA
50393,16486380,16486584,204,mRNA
50394,16483678,16483889,211,mRNA
50395,16482626,16483033,407,mRNA
50396,16481326,16481499,173,mRNA
50397,16477449,16477571,122,mRNA
50398,16475628,16475750,122,mRNA
50399,16474447,16474641,194,mRNA
50400,16473582,16473827,245,mRNA
50401,16471214,16471484,270,mRNA
50402,16466495,16466799,304,mRNA
50403,16463603,16464792,1189,mRNA
50404,16527277,16527414,137,mRNA
50405,16522065,16522153,88,mRNA
50406,16521623,16521813,190,mRNA
50407,16518805,16518837,32,mRNA
50408,16514029,16514184,155,mRNA
50409,16513715,16513920,205,mRNA
50410,16509576,16509704,128,mRNA
50411,16506348,16506439,91,mRNA
50412,16505971,16506247,276,mRNA
50413,16505507,16505816,309,mRNA
50414,16503990,16504298,308,mRNA
50415,16500507,16500569,62,mRNA
50416,16498716,16498896,180,mRNA
50417,16498445,16498656,211,mRNA
50418,16498270,16498369,99,mRNA
50419,16492447,16492515,68,mRNA
50420,16489600,16489853,253,mRNA
50421,16489343,16489516,173,mRNA
50422,16487883,16488045,162,mRNA
50423,16486718,16486905,187,mRNA
50424,16486341,16486584,243,mRNA
50425,16483678,16483859,181,mRNA
50426,16482626,16483033,407,mRNA
50427,16481326,16481499,173,mRNA
50428,16477449,16477571,122,mRNA
50429,16475628,16475750,122,mRNA
50430,16474447,16474641,194,mRNA
50431,16473582,16473827,245,mRNA
50432,16471214,16471484,270,mRNA
50433,16466495,16466799,304,mRNA
50434,16463603,16464792,1189,mRNA
50435,16527277,16527414,137,mRNA
50436,16522065,16522153,88,mRNA
50437,16521623,16521813,190,mRNA
50438,16518805,16518837,32,mRNA
50439,16514029,16514184,155,mRNA
50440,16513715,16513920,205,mRNA
50441,16509576,16509704,128,mRNA
50442,16506348,16506439,91,mRNA
50443,16505971,16506247,276,mRNA
50444,16505507,16505816,309,mRNA
50445,16503990,16504298,308,mRNA
50446,16500507,16500569,62,mRNA
50447,16498716,16498896,180,mRNA
50448,16498445,16498656,211,mRNA
50449,16498270,16498369,99,mRNA
50450,16492447,16492515,68,mRNA
50451,16489600,16489853,253,mRNA
50452,16489343,16489516,173,mRNA
50453,16488987,16489149,162,mRNA
50454,16486718,16486905,187,mRNA
50455,16486380,16486584,204,mRNA
50456,16483678,16483859,181,mRNA
50457,16482626,16483033,407,mRNA
50458,16481326,16481499,173,mRNA
50459,16477449,16477571,122,mRNA
50460,16475628,16475750,122,mRNA
50461,16474447,16474641,194,mRNA
50462,16473582,16473827,245,mRNA
50463,16471214,16471484,270,mRNA
50464,16466495,16466799,304,mRNA
50465,16463603,16464792,1189,mRNA
50466,16527277,16527414,137,mRNA
50467,16522065,16522153,88,mRNA
50468,16521623,16521813,190,mRNA
50469,16518805,16518837,32,mRNA
50470,16514029,16514184,155,mRNA
50471,16513715,16513920,205,mRNA
50472,16509576,16509704,128,mRNA
50473,16506348,16506439,91,mRNA
50474,16505971,16506247,276,mRNA
50475,16505507,16505816,309,mRNA
50476,16503990,16504298,308,mRNA
50477,16500507,16500569,62,mRNA
50478,16498716,16498896,180,mRNA
50479,16498445,16498656,211,mRNA
50480,16498270,16498369,99,mRNA
50481,16492447,16492515,68,mRNA
50482,16489600,16489853,253,mRNA
50483,16489343,16489516,173,mRNA
50484,16488987,16489149,162,mRNA
50485,16486718,16486905,187,mRNA
50486,16486380,16486584,204,mRNA
50487,16483678,16483859,181,mRNA
50488,16482626,16483108,482,mRNA
50489,16481326,16481499,173,mRNA
50490,16477449,16477571,122,mRNA
50491,16475628,16475750,122,mRNA
50492,16474447,16474641,194,mRNA
50493,16473582,16473827,245,mRNA
50494,16471214,16471484,270,mRNA
50495,16466495,16466799,304,mRNA
50496,16463603,16464792,1189,mRNA
50497,16527277,16527414,137,mRNA
50498,16522065,16522153,88,mRNA
50499,16521623,16521813,190,mRNA
50500,16518805,16518837,32,mRNA
50501,16514029,16514184,155,mRNA
50502,16513715,16513920,205,mRNA
50503,16509576,16509704,128,mRNA
50504,16506348,16506439,91,mRNA
50505,16505971,16506247,276,mRNA
50506,16505507,16505816,309,mRNA
50507,16503990,16504298,308,mRNA
50508,16500507,16500569,62,mRNA
50509,16498716,16498896,180,mRNA
50510,16498445,16498656,211,mRNA
50511,16498270,16498369,99,mRNA
50512,16492447,16492515,68,mRNA
50513,16489600,16489853,253,mRNA
50514,16489343,16489516,173,mRNA
50515,16488987,16489149,162,mRNA
50516,16486718,16486905,187,mRNA
50517,16486341,16486584,243,mRNA
50518,16483678,16483859,181,mRNA
50519,16482626,16483108,482,mRNA
50520,16481326,16481499,173,mRNA
50521,16477449,16477571,122,mRNA
50522,16475628,16475750,122,mRNA
50523,16474447,16474641,194,mRNA
50524,16473582,16473827,245,mRNA
50525,16471214,16471484,270,mRNA
50526,16466495,16466799,304,mRNA
50527,16463603,16464792,1189,mRNA
50528,16527277,16527414,137,mRNA
50529,16522065,16522153,88,mRNA
50530,16521623,16521813,190,mRNA
50531,16518805,16518837,32,mRNA
50532,16514029,16514184,155,mRNA
50533,16513715,16513920,205,mRNA
50534,16509576,16509704,128,mRNA
50535,16506348,16506439,91,mRNA
50536,16505971,16506247,276,mRNA
50537,16505507,16505816,309,mRNA
50538,16503990,16504298,308,mRNA
50539,16500507,16500569,62,mRNA
50540,16498716,16498896,180,mRNA
50541,16498445,16498656,211,mRNA
50542,16498270,16498369,99,mRNA
50543,16492447,16492515,68,mRNA
50544,16489600,16489877,277,mRNA
50545,16489343,16489516,173,mRNA
50546,16487883,16488045,162,mRNA
50547,16486718,16486905,187,mRNA
50548,16486380,16486584,204,mRNA
50549,16483678,16483859,181,mRNA
50550,16482626,16483033,407,mRNA
50551,16481326,16481499,173,mRNA
50552,16477449,16477571,122,mRNA
50553,16475628,16475750,122,mRNA
50554,16474447,16474641,194,mRNA
50555,16473582,16473827,245,mRNA
50556,16471214,16471484,270,mRNA
50557,16466495,16466799,304,mRNA
50558,16463603,16464792,1189,mRNA
50559,16527277,16527414,137,mRNA
50560,16522065,16522153,88,mRNA
50561,16521623,16521813,190,mRNA
50562,16518805,16518837,32,mRNA
50563,16514029,16514184,155,mRNA
50564,16513715,16513920,205,mRNA
50565,16509576,16509704,128,mRNA
50566,16506348,16506439,91,mRNA
50567,16505971,16506247,276,mRNA
50568,16505507,16505816,309,mRNA
50569,16503990,16504298,308,mRNA
50570,16500507,16500569,62,mRNA
50571,16498716,16498896,180,mRNA
50572,16498445,16498656,211,mRNA
50573,16498270,16498369,99,mRNA
50574,16492447,16492515,68,mRNA
50575,16489600,16489877,277,mRNA
50576,16489343,16489516,173,mRNA
50577,16487883,16488045,162,mRNA
50578,16486718,16486905,187,mRNA
50579,16486380,16486584,204,mRNA
50580,16483678,16483859,181,mRNA
50581,16482626,16483033,407,mRNA
50582,16481326,16481499,173,mRNA
50583,16480680,16480802,122,mRNA
50584,16475628,16475750,122,mRNA
50585,16474447,16474641,194,mRNA
50586,16473582,16473827,245,mRNA
50587,16471214,16471484,270,mRNA
50588,16466495,16466799,304,mRNA
50589,16463603,16464792,1189,mRNA
50590,16527277,16527414,137,mRNA
50591,16522065,16522153,88,mRNA
50592,16521623,16521813,190,mRNA
50593,16518805,16518837,32,mRNA
50594,16514029,16514184,155,mRNA
50595,16513715,16513920,205,mRNA
50596,16509576,16509704,128,mRNA
50597,16506348,16506439,91,mRNA
50598,16505971,16506247,276,mRNA
50599,16505507,16505816,309,mRNA
50600,16503990,16504298,308,mRNA
50601,16500507,16500569,62,mRNA
50602,16498716,16498896,180,mRNA
50603,16498445,16498656,211,mRNA
50604,16498270,16498369,99,mRNA
50605,16492447,16492515,68,mRNA
50606,16489600,16489877,277,mRNA
50607,16489343,16489516,173,mRNA
50608,16487883,16488045,162,mRNA
50609,16486718,16486905,187,mRNA
50610,16486380,16486584,204,mRNA
50611,16483678,16483889,211,mRNA
50612,16482626,16483033,407,mRNA
50613,16481326,16481499,173,mRNA
50614,16477449,16477571,122,mRNA
50615,16475628,16475750,122,mRNA
50616,16474447,16474641,194,mRNA
50617,16473582,16473827,245,mRNA
50618,16471214,16471484,270,mRNA
50619,16466495,16466799,304,mRNA
50620,16463603,16464792,1189,mRNA
50621,16527277,16527414,137,mRNA
50622,16522065,16522153,88,mRNA
50623,16521623,16521813,190,mRNA
50624,16518805,16518837,32,mRNA
50625,16514029,16514184,155,mRNA
50626,16513715,16513920,205,mRNA
50627,16509576,16509704,128,mRNA
50628,16506348,16506439,91,mRNA
50629,16505971,16506247,276,mRNA
50630,16505507,16505816,309,mRNA
50631,16503990,16504298,308,mRNA
50632,16500507,16500569,62,mRNA
50633,16498716,16498896,180,mRNA
50634,16498445,16498656,211,mRNA
50635,16498270,16498369,99,mRNA
50636,16492447,16492515,68,mRNA
50637,16489600,16489877,277,mRNA
50638,16489343,16489516,173,mRNA
50639,16487883,16488045,162,mRNA
50640,16486718,16486905,187,mRNA
50641,16486380,16486584,204,mRNA
50642,16483678,16483889,211,mRNA
50643,16482626,16483108,482,mRNA
50644,16481326,16481499,173,mRNA
50645,16477449,16477571,122,mRNA
50646,16475628,16475750,122,mRNA
50647,16474447,16474641,194,mRNA
50648,16473582,16473827,245,mRNA
50649,16471214,16471484,270,mRNA
50650,16466495,16466799,304,mRNA
50651,16463603,16464792,1189,mRNA
50652,16527277,16527414,137,mRNA
50653,16522065,16522153,88,mRNA
50654,16521623,16521813,190,mRNA
50655,16518805,16518837,32,mRNA
50656,16514029,16514184,155,mRNA
50657,16513715,16513920,205,mRNA
50658,16509576,16509704,128,mRNA
50659,16506348,16506439,91,mRNA
50660,16505971,16506247,276,mRNA
50661,16505507,16505816,309,mRNA
50662,16503990,16504298,308,mRNA
50663,16500507,16500569,62,mRNA
50664,16498716,16498896,180,mRNA
50665,16498445,16498656,211,mRNA
50666,16498270,16498369,99,mRNA
50667,16492447,16492515,68,mRNA
50668,16489600,16489877,277,mRNA
50669,16489343,16489516,173,mRNA
50670,16487883,16488045,162,mRNA
50671,16486718,16486905,187,mRNA
50672,16486341,16486584,243,mRNA
50673,16483678,16483859,181,mRNA
50674,16482626,16483033,407,mRNA
50675,16481326,16481499,173,mRNA
50676,16477449,16477571,122,mRNA
50677,16475628,16475750,122,mRNA
50678,16474447,16474641,194,mRNA
50679,16473582,16473827,245,mRNA
50680,16471214,16471484,270,mRNA
50681,16466495,16466799,304,mRNA
50682,16463603,16464792,1189,mRNA
50683,16527277,16527414,137,mRNA
50684,16522065,16522153,88,mRNA
50685,16521623,16521813,190,mRNA
50686,16518805,16518837,32,mRNA
50687,16514029,16514184,155,mRNA
50688,16513715,16513920,205,mRNA
50689,16509576,16509704,128,mRNA
50690,16506348,16506439,91,mRNA
50691,16505971,16506247,276,mRNA
50692,16505507,16505816,309,mRNA
50693,16503990,16504298,308,mRNA
50694,16500507,16500569,62,mRNA
50695,16498716,16498896,180,mRNA
50696,16498445,16498656,211,mRNA
50697,16498270,16498369,99,mRNA
50698,16492447,16492515,68,mRNA
50699,16489600,16489877,277,mRNA
50700,16489343,16489516,173,mRNA
50701,16487883,16488045,162,mRNA
50702,16486718,16486905,187,mRNA
50703,16486341,16486584,243,mRNA
50704,16483678,16483889,211,mRNA
50705,16482626,16483033,407,mRNA
50706,16481326,16481499,173,mRNA
50707,16477449,16477571,122,mRNA
50708,16475628,16475750,122,mRNA
50709,16474447,16474641,194,mRNA
50710,16473582,16473827,245,mRNA
50711,16471214,16471484,270,mRNA
50712,16466495,16466799,304,mRNA
50713,16463603,16464792,1189,mRNA
50714,16527277,16527414,137,mRNA
50715,16522065,16522153,88,mRNA
50716,16521623,16521813,190,mRNA
50717,16518805,16518837,32,mRNA
50718,16514029,16514184,155,mRNA
50719,16513715,16513920,205,mRNA
50720,16509576,16509704,128,mRNA
50721,16506348,16506439,91,mRNA
50722,16505971,16506247,276,mRNA
50723,16505507,16505816,309,mRNA
50724,16503990,16504298,308,mRNA
50725,16500507,16500569,62,mRNA
50726,16498716,16498896,180,mRNA
50727,16498445,16498656,211,mRNA
50728,16498270,16498369,99,mRNA
50729,16492447,16492515,68,mRNA
50730,16489600,16489877,277,mRNA
50731,16489343,16489516,173,mRNA
50732,16487883,16488045,162,mRNA
50733,16486718,16486905,187,mRNA
50734,16486341,16486584,243,mRNA
50735,16483678,16483889,211,mRNA
50736,16482626,16483033,407,mRNA
50737,16481326,16481499,173,mRNA
50738,16477449,16477571,122,mRNA
50739,16475628,16475750,122,mRNA
50740,16474447,16474641,194,mRNA
50741,16473582,16473827,245,mRNA
50742,16471214,16471484,270,mRNA
50743,16466495,16466799,304,mRNA
50744,16463603,16464792,1189,mRNA
50745,16527277,16527414,137,mRNA
50746,16522065,16522153,88,mRNA
50747,16521623,16521813,190,mRNA
50748,16518805,16518837,32,mRNA
50749,16514029,16514184,155,mRNA
50750,16513715,16513920,205,mRNA
50751,16509576,16509704,128,mRNA
50752,16506348,16506439,91,mRNA
50753,16505971,16506247,276,mRNA
50754,16505507,16505816,309,mRNA
50755,16503990,16504298,308,mRNA
50756,16500507,16500569,62,mRNA
50757,16498716,16498896,180,mRNA
50758,16498445,16498656,211,mRNA
50759,16498270,16498369,99,mRNA
50760,16492447,16492515,68,mRNA
50761,16489600,16489877,277,mRNA
50762,16489343,16489516,173,mRNA
50763,16487883,16488045,162,mRNA
50764,16486718,16486905,187,mRNA
50765,16486341,16486584,243,mRNA
50766,16483678,16483889,211,mRNA
50767,16482626,16483033,407,mRNA
50768,16481326,16481499,173,mRNA
50769,16480680,16480802,122,mRNA
50770,16475628,16475750,122,mRNA
50771,16474447,16474641,194,mRNA
50772,16473582,16473827,245,mRNA
50773,16471214,16471484,270,mRNA
50774,16466495,16466799,304,mRNA
50775,16463603,16464792,1189,mRNA
50776,16527277,16527414,137,mRNA
50777,16522065,16522153,88,mRNA
50778,16521623,16521813,190,mRNA
50779,16518805,16518837,32,mRNA
50780,16514029,16514184,155,mRNA
50781,16513715,16513920,205,mRNA
50782,16509576,16509704,128,mRNA
50783,16506348,16506439,91,mRNA
50784,16505971,16506247,276,mRNA
50785,16505507,16505816,309,mRNA
50786,16503990,16504298,308,mRNA
50787,16500507,16500569,62,mRNA
50788,16498716,16498896,180,mRNA
50789,16498445,16498656,211,mRNA
50790,16498270,16498369,99,mRNA
50791,16492447,16492515,68,mRNA
50792,16489600,16489877,277,mRNA
50793,16489343,16489516,173,mRNA
50794,16488987,16489149,162,mRNA
50795,16486718,16486905,187,mRNA
50796,16486380,16486584,204,mRNA
50797,16483678,16483859,181,mRNA
50798,16482626,16483033,407,mRNA
50799,16481326,16481499,173,mRNA
50800,16477449,16477571,122,mRNA
50801,16475628,16475750,122,mRNA
50802,16474447,16474641,194,mRNA
50803,16473582,16473827,245,mRNA
50804,16471214,16471484,270,mRNA
50805,16466495,16466799,304,mRNA
50806,16463603,16464792,1189,mRNA
50807,16527277,16527414,137,mRNA
50808,16522065,16522153,88,mRNA
50809,16521623,16521813,190,mRNA
50810,16518805,16518837,32,mRNA
50811,16514029,16514184,155,mRNA
50812,16513715,16513920,205,mRNA
50813,16509576,16509704,128,mRNA
50814,16506348,16506439,91,mRNA
50815,16505971,16506247,276,mRNA
50816,16505507,16505816,309,mRNA
50817,16503990,16504298,308,mRNA
50818,16500507,16500569,62,mRNA
50819,16498716,16498896,180,mRNA
50820,16498445,16498656,211,mRNA
50821,16498270,16498369,99,mRNA
50822,16492447,16492515,68,mRNA
50823,16489600,16489877,277,mRNA
50824,16489343,16489516,173,mRNA
50825,16488987,16489149,162,mRNA
50826,16486718,16486905,187,mRNA
50827,16486341,16486584,243,mRNA
50828,16483678,16483889,211,mRNA
50829,16482626,16483033,407,mRNA
50830,16481326,16481499,173,mRNA
50831,16477449,16477571,122,mRNA
50832,16475628,16475750,122,mRNA
50833,16474447,16474641,194,mRNA
50834,16473582,16473827,245,mRNA
50835,16471214,16471484,270,mRNA
50836,16466495,16466799,304,mRNA
50837,16463603,16464792,1189,mRNA
50838,16521623,16521772,149,CDS
50839,16518805,16518837,32,CDS
50840,16514029,16514184,155,CDS
50841,16513715,16513920,205,CDS
50842,16509576,16509704,128,CDS
50843,16506348,16506439,91,CDS
50844,16505971,16506247,276,CDS
50845,16505507,16505816,309,CDS
50846,16503990,16504298,308,CDS
50847,16500507,16500569,62,CDS
50848,16498716,16498896,180,CDS
50849,16498445,16498656,211,CDS
50850,16498270,16498369,99,CDS
50851,16492447,16492515,68,CDS
50852,16489600,16489877,277,CDS
50853,16489343,16489516,173,CDS
50854,16487883,16488045,162,CDS
50855,16486718,16486905,187,CDS
50856,16486341,16486584,243,CDS
50857,16483678,16483889,211,CDS
50858,16482626,16483033,407,CDS
50859,16481326,16481499,173,CDS
50860,16477449,16477571,122,CDS
50861,16475628,16475750,122,CDS
50862,16474447,16474641,194,CDS
50863,16473582,16473827,245,CDS
50864,16471214,16471484,270,CDS
50865,16466495,16466799,304,CDS
50866,16463746,16464792,1046,CDS
50867,16521626,16521772,146,CDS
50868,16514029,16514184,155,CDS
50869,16513715,16513920,205,CDS
50870,16509576,16509704,128,CDS
50871,16506348,16506439,91,CDS
50872,16505971,16506247,276,CDS
50873,16505507,16505816,309,CDS
50874,16503990,16504298,308,CDS
50875,16500507,16500569,62,CDS
50876,16498716,16498896,180,CDS
50877,16498445,16498656,211,CDS
50878,16498270,16498369,99,CDS
50879,16492447,16492515,68,CDS
50880,16489600,16489877,277,CDS
50881,16489343,16489516,173,CDS
50882,16487883,16488045,162,CDS
50883,16486718,16486905,187,CDS
50884,16486380,16486584,204,CDS
50885,16483678,16483859,181,CDS
50886,16482626,16483033,407,CDS
50887,16481326,16481499,173,CDS
50888,16475628,16475750,122,CDS
50889,16474447,16474641,194,CDS
50890,16473582,16473827,245,CDS
50891,16471214,16471484,270,CDS
50892,16466495,16466799,304,CDS
50893,16463788,16464792,1004,CDS
50894,16521623,16521772,149,CDS
50895,16514029,16514184,155,CDS
50896,16513715,16513920,205,CDS
50897,16506348,16506439,91,CDS
50898,16505971,16506247,276,CDS
50899,16505507,16505816,309,CDS
50900,16503990,16504298,308,CDS
50901,16498716,16498896,180,CDS
50902,16498445,16498656,211,CDS
50903,16498270,16498369,99,CDS
50904,16492447,16492515,68,CDS
50905,16489600,16489877,277,CDS
50906,16489343,16489516,173,CDS
50907,16487883,16488045,162,CDS
50908,16486718,16486905,187,CDS
50909,16486341,16486584,243,CDS
50910,16483678,16483889,211,CDS
50911,16482626,16483033,407,CDS
50912,16481326,16481499,173,CDS
50913,16477449,16477571,122,CDS
50914,16475628,16475750,122,CDS
50915,16474447,16474641,194,CDS
50916,16473582,16473827,245,CDS
50917,16471214,16471484,270,CDS
50918,16466495,16466799,304,CDS
50919,16463788,16464792,1004,CDS
50920,16521623,16521772,149,CDS
50921,16514029,16514184,155,CDS
50922,16513715,16513920,205,CDS
50923,16506348,16506439,91,CDS
50924,16505971,16506247,276,CDS
50925,16505507,16505816,309,CDS
50926,16503990,16504298,308,CDS
50927,16500507,16500569,62,CDS
50928,16498716,16498896,180,CDS
50929,16498445,16498656,211,CDS
50930,16498270,16498369,99,CDS
50931,16492447,16492515,68,CDS
50932,16489600,16489877,277,CDS
50933,16489343,16489516,173,CDS
50934,16487883,16488045,162,CDS
50935,16486718,16486905,187,CDS
50936,16486341,16486584,243,CDS
50937,16483678,16483859,181,CDS
50938,16482626,16483033,407,CDS
50939,16481326,16481499,173,CDS
50940,16477449,16477571,122,CDS
50941,16475628,16475750,122,CDS
50942,16474447,16474641,194,CDS
50943,16473582,16473827,245,CDS
50944,16471214,16471484,270,CDS
50945,16466495,16466799,304,CDS
50946,16463788,16464792,1004,CDS
50947,16521623,16521772,149,CDS
50948,16514029,16514184,155,CDS
50949,16513715,16513920,205,CDS
50950,16509576,16509704,128,CDS
50951,16506348,16506439,91,CDS
50952,16505971,16506247,276,CDS
50953,16505507,16505816,309,CDS
50954,16504062,16504298,236,CDS
50955,16498716,16498896,180,CDS
50956,16498445,16498656,211,CDS
50957,16498270,16498369,99,CDS
50958,16492447,16492515,68,CDS
50959,16489600,16489877,277,CDS
50960,16489343,16489516,173,CDS
50961,16487883,16488045,162,CDS
50962,16486718,16486905,187,CDS
50963,16486380,16486584,204,CDS
50964,16483678,16483889,211,CDS
50965,16482626,16483033,407,CDS
50966,16481326,16481499,173,CDS
50967,16477449,16477571,122,CDS
50968,16475628,16475750,122,CDS
50969,16474447,16474641,194,CDS
50970,16473582,16473827,245,CDS
50971,16471214,16471484,270,CDS
50972,16466495,16466799,304,CDS
50973,16463788,16464792,1004,CDS
50974,16521623,16521772,149,CDS
50975,16514029,16514184,155,CDS
50976,16513715,16513920,205,CDS
50977,16509576,16509704,128,CDS
50978,16506348,16506439,91,CDS
50979,16505971,16506247,276,CDS
50980,16505507,16505816,309,CDS
50981,16504062,16504298,236,CDS
50982,16500507,16500569,62,CDS
50983,16498716,16498896,180,CDS
50984,16498445,16498656,211,CDS
50985,16498270,16498369,99,CDS
50986,16492447,16492515,68,CDS
50987,16489600,16489877,277,CDS
50988,16489343,16489516,173,CDS
50989,16487883,16488045,162,CDS
50990,16486718,16486905,187,CDS
50991,16486380,16486584,204,CDS
50992,16483678,16483889,211,CDS
50993,16482626,16483033,407,CDS
50994,16481326,16481499,173,CDS
50995,16477449,16477571,122,CDS
50996,16475628,16475750,122,CDS
50997,16474447,16474641,194,CDS
50998,16473582,16473827,245,CDS
50999,16471214,16471484,270,CDS
51000,16466495,16466799,304,CDS
51001,16463788,16464792,1004,CDS
51002,16521623,16521772,149,CDS
51003,16514029,16514184,155,CDS
51004,16513715,16513920,205,CDS
51005,16509576,16509704,128,CDS
51006,16506348,16506439,91,CDS
51007,16505971,16506247,276,CDS
51008,16505507,16505816,309,CDS
51009,16503990,16504298,308,CDS
51010,16498716,16498896,180,CDS
51011,16498445,16498656,211,CDS
51012,16498270,16498369,99,CDS
51013,16492447,16492515,68,CDS
51014,16489600,16489877,277,CDS
51015,16489343,16489516,173,CDS
51016,16487883,16488045,162,CDS
51017,16486718,16486905,187,CDS
51018,16486380,16486584,204,CDS
51019,16483678,16483889,211,CDS
51020,16482626,16483033,407,CDS
51021,16481326,16481499,173,CDS
51022,16477449,16477571,122,CDS
51023,16475628,16475750,122,CDS
51024,16474447,16474641,194,CDS
51025,16473582,16473827,245,CDS
51026,16471214,16471484,270,CDS
51027,16466495,16466799,304,CDS
51028,16463788,16464792,1004,CDS
51029,16521623,16521772,149,CDS
51030,16514029,16514184,155,CDS
51031,16513715,16513920,205,CDS
51032,16509576,16509704,128,CDS
51033,16506348,16506439,91,CDS
51034,16505971,16506247,276,CDS
51035,16505507,16505816,309,CDS
51036,16503990,16504298,308,CDS
51037,16498716,16498896,180,CDS
51038,16498445,16498656,211,CDS
51039,16498270,16498369,99,CDS
51040,16492447,16492515,68,CDS
51041,16489600,16489877,277,CDS
51042,16489343,16489516,173,CDS
51043,16487883,16488045,162,CDS
51044,16486718,16486905,187,CDS
51045,16486380,16486584,204,CDS
51046,16483678,16483889,211,CDS
51047,16482626,16483033,407,CDS
51048,16481326,16481499,173,CDS
51049,16480680,16480802,122,CDS
51050,16475628,16475750,122,CDS
51051,16474447,16474641,194,CDS
51052,16473582,16473827,245,CDS
51053,16471214,16471484,270,CDS
51054,16466495,16466799,304,CDS
51055,16463788,16464792,1004,CDS
51056,16521623,16521772,149,CDS
51057,16514029,16514184,155,CDS
51058,16513715,16513920,205,CDS
51059,16509576,16509704,128,CDS
51060,16506348,16506439,91,CDS
51061,16505971,16506247,276,CDS
51062,16505507,16505816,309,CDS
51063,16503990,16504298,308,CDS
51064,16498716,16498896,180,CDS
51065,16498445,16498656,211,CDS
51066,16498270,16498369,99,CDS
51067,16492447,16492515,68,CDS
51068,16489600,16489877,277,CDS
51069,16489343,16489516,173,CDS
51070,16487883,16488045,162,CDS
51071,16486718,16486905,187,CDS
51072,16486380,16486584,204,CDS
51073,16483678,16483889,211,CDS
51074,16482626,16483108,482,CDS
51075,16481326,16481499,173,CDS
51076,16477449,16477571,122,CDS
51077,16475628,16475750,122,CDS
51078,16474447,16474641,194,CDS
51079,16473582,16473827,245,CDS
51080,16471214,16471484,270,CDS
51081,16466495,16466799,304,CDS
51082,16463788,16464792,1004,CDS
51083,16521623,16521772,149,CDS
51084,16514029,16514184,155,CDS
51085,16513715,16513920,205,CDS
51086,16509576,16509704,128,CDS
51087,16506348,16506439,91,CDS
51088,16505971,16506247,276,CDS
51089,16505507,16505816,309,CDS
51090,16503990,16504298,308,CDS
51091,16498716,16498896,180,CDS
51092,16498445,16498656,211,CDS
51093,16498270,16498369,99,CDS
51094,16492447,16492515,68,CDS
51095,16489600,16489877,277,CDS
51096,16489343,16489516,173,CDS
51097,16487883,16488045,162,CDS
51098,16486718,16486905,187,CDS
51099,16486380,16486584,204,CDS
51100,16483678,16483889,211,CDS
51101,16482626,16483108,482,CDS
51102,16481326,16481499,173,CDS
51103,16480680,16480802,122,CDS
51104,16475628,16475750,122,CDS
51105,16474447,16474641,194,CDS
51106,16473582,16473827,245,CDS
51107,16471214,16471484,270,CDS
51108,16466495,16466799,304,CDS
51109,16463788,16464792,1004,CDS
51110,16521623,16521772,149,CDS
51111,16514029,16514184,155,CDS
51112,16513715,16513920,205,CDS
51113,16509576,16509704,128,CDS
51114,16506348,16506439,91,CDS
51115,16505971,16506247,276,CDS
51116,16505507,16505816,309,CDS
51117,16503990,16504298,308,CDS
51118,16498716,16498896,180,CDS
51119,16498445,16498656,211,CDS
51120,16498270,16498369,99,CDS
51121,16492447,16492515,68,CDS
51122,16489600,16489877,277,CDS
51123,16489343,16489516,173,CDS
51124,16487883,16488045,162,CDS
51125,16486718,16486905,187,CDS
51126,16486341,16486584,243,CDS
51127,16483678,16483859,181,CDS
51128,16482626,16483033,407,CDS
51129,16481326,16481499,173,CDS
51130,16477449,16477571,122,CDS
51131,16475628,16475750,122,CDS
51132,16474447,16474641,194,CDS
51133,16473582,16473827,245,CDS
51134,16471214,16471484,270,CDS
51135,16466495,16466799,304,CDS
51136,16463788,16464792,1004,CDS
51137,16521623,16521772,149,CDS
51138,16514029,16514184,155,CDS
51139,16513715,16513920,205,CDS
51140,16509576,16509704,128,CDS
51141,16506348,16506439,91,CDS
51142,16505971,16506247,276,CDS
51143,16505507,16505816,309,CDS
51144,16503990,16504298,308,CDS
51145,16500507,16500569,62,CDS
51146,16498716,16498896,180,CDS
51147,16498445,16498656,211,CDS
51148,16498270,16498369,99,CDS
51149,16492447,16492515,68,CDS
51150,16489600,16489853,253,CDS
51151,16489343,16489516,173,CDS
51152,16487883,16488045,162,CDS
51153,16486718,16486905,187,CDS
51154,16486380,16486584,204,CDS
51155,16483678,16483889,211,CDS
51156,16482626,16483033,407,CDS
51157,16481326,16481499,173,CDS
51158,16477449,16477571,122,CDS
51159,16475628,16475750,122,CDS
51160,16474447,16474641,194,CDS
51161,16473582,16473827,245,CDS
51162,16471214,16471484,270,CDS
51163,16466495,16466799,304,CDS
51164,16463788,16464792,1004,CDS
51165,16521623,16521772,149,CDS
51166,16514029,16514184,155,CDS
51167,16513715,16513920,205,CDS
51168,16509576,16509704,128,CDS
51169,16506348,16506439,91,CDS
51170,16505971,16506247,276,CDS
51171,16505507,16505816,309,CDS
51172,16503990,16504298,308,CDS
51173,16500507,16500569,62,CDS
51174,16498716,16498896,180,CDS
51175,16498445,16498656,211,CDS
51176,16498270,16498369,99,CDS
51177,16492447,16492515,68,CDS
51178,16489600,16489853,253,CDS
51179,16489343,16489516,173,CDS
51180,16488987,16489149,162,CDS
51181,16486718,16486905,187,CDS
51182,16486380,16486584,204,CDS
51183,16483678,16483859,181,CDS
51184,16482626,16483108,482,CDS
51185,16481326,16481499,173,CDS
51186,16480680,16480802,122,CDS
51187,16475628,16475750,122,CDS
51188,16474447,16474641,194,CDS
51189,16473582,16473827,245,CDS
51190,16471214,16471484,270,CDS
51191,16466495,16466799,304,CDS
51192,16463788,16464792,1004,CDS
51193,16521623,16521772,149,CDS
51194,16514029,16514184,155,CDS
51195,16513715,16513920,205,CDS
51196,16509576,16509704,128,CDS
51197,16506348,16506439,91,CDS
51198,16505971,16506247,276,CDS
51199,16505507,16505816,309,CDS
51200,16503990,16504298,308,CDS
51201,16500507,16500569,62,CDS
51202,16498716,16498896,180,CDS
51203,16498445,16498656,211,CDS
51204,16498270,16498369,99,CDS
51205,16492447,16492515,68,CDS
51206,16489600,16489877,277,CDS
51207,16489343,16489516,173,CDS
51208,16487883,16488045,162,CDS
51209,16486718,16486905,187,CDS
51210,16486380,16486584,204,CDS
51211,16483678,16483859,181,CDS
51212,16482626,16483033,407,CDS
51213,16481326,16481499,173,CDS
51214,16475628,16475750,122,CDS
51215,16474447,16474641,194,CDS
51216,16473582,16473827,245,CDS
51217,16471214,16471484,270,CDS
51218,16466495,16466799,304,CDS
51219,16463788,16464792,1004,CDS
51220,16521623,16521772,149,CDS
51221,16514029,16514184,155,CDS
51222,16513715,16513920,205,CDS
51223,16509576,16509704,128,CDS
51224,16506348,16506439,91,CDS
51225,16505971,16506247,276,CDS
51226,16505507,16505816,309,CDS
51227,16503990,16504298,308,CDS
51228,16500507,16500569,62,CDS
51229,16498716,16498896,180,CDS
51230,16498445,16498656,211,CDS
51231,16498270,16498369,99,CDS
51232,16492447,16492515,68,CDS
51233,16489600,16489877,277,CDS
51234,16489343,16489516,173,CDS
51235,16487883,16488045,162,CDS
51236,16486718,16486905,187,CDS
51237,16486380,16486584,204,CDS
51238,16483678,16483859,181,CDS
51239,16482626,16483033,407,CDS
51240,16481326,16481499,173,CDS
51241,16477449,16477571,122,CDS
51242,16475628,16475750,122,CDS
51243,16474447,16474641,194,CDS
51244,16473582,16473827,245,CDS
51245,16471214,16471484,270,CDS
51246,16466495,16466799,304,CDS
51247,16463788,16464792,1004,CDS
51248,16521623,16521772,149,CDS
51249,16514029,16514184,155,CDS
51250,16513715,16513920,205,CDS
51251,16509576,16509704,128,CDS
51252,16506348,16506439,91,CDS
51253,16505971,16506247,276,CDS
51254,16505507,16505816,309,CDS
51255,16503990,16504298,308,CDS
51256,16500507,16500569,62,CDS
51257,16498716,16498896,180,CDS
51258,16498445,16498656,211,CDS
51259,16498270,16498369,99,CDS
51260,16492447,16492515,68,CDS
51261,16489600,16489877,277,CDS
51262,16489343,16489516,173,CDS
51263,16487883,16488045,162,CDS
51264,16486718,16486905,187,CDS
51265,16486380,16486584,204,CDS
51266,16483678,16483859,181,CDS
51267,16482626,16483033,407,CDS
51268,16481326,16481499,173,CDS
51269,16477449,16477571,122,CDS
51270,16475628,16475750,122,CDS
51271,16474447,16474641,194,CDS
51272,16473582,16473827,245,CDS
51273,16471214,16471484,270,CDS
51274,16466495,16466799,304,CDS
51275,16463788,16464792,1004,CDS
51276,16521623,16521772,149,CDS
51277,16514029,16514184,155,CDS
51278,16513715,16513920,205,CDS
51279,16509576,16509704,128,CDS
51280,16506348,16506439,91,CDS
51281,16505971,16506247,276,CDS
51282,16505507,16505816,309,CDS
51283,16503990,16504298,308,CDS
51284,16500507,16500569,62,CDS
51285,16498716,16498896,180,CDS
51286,16498445,16498656,211,CDS
51287,16498270,16498369,99,CDS
51288,16492447,16492515,68,CDS
51289,16489600,16489877,277,CDS
51290,16489343,16489516,173,CDS
51291,16487883,16488045,162,CDS
51292,16486718,16486905,187,CDS
51293,16486380,16486584,204,CDS
51294,16483678,16483889,211,CDS
51295,16482626,16483033,407,CDS
51296,16481326,16481499,173,CDS
51297,16475628,16475750,122,CDS
51298,16474447,16474641,194,CDS
51299,16473582,16473827,245,CDS
51300,16471214,16471484,270,CDS
51301,16466495,16466799,304,CDS
51302,16463788,16464792,1004,CDS
51303,16521623,16521772,149,CDS
51304,16514029,16514184,155,CDS
51305,16513715,16513920,205,CDS
51306,16509576,16509704,128,CDS
51307,16506348,16506439,91,CDS
51308,16505971,16506247,276,CDS
51309,16505507,16505816,309,CDS
51310,16503990,16504298,308,CDS
51311,16500507,16500569,62,CDS
51312,16498716,16498896,180,CDS
51313,16498445,16498656,211,CDS
51314,16498270,16498369,99,CDS
51315,16492447,16492515,68,CDS
51316,16489600,16489877,277,CDS
51317,16489343,16489516,173,CDS
51318,16487883,16488045,162,CDS
51319,16486718,16486905,187,CDS
51320,16486380,16486584,204,CDS
51321,16483678,16483889,211,CDS
51322,16482626,16483033,407,CDS
51323,16481326,16481499,173,CDS
51324,16477449,16477571,122,CDS
51325,16475628,16475750,122,CDS
51326,16474447,16474641,194,CDS
51327,16473582,16473827,245,CDS
51328,16471214,16471484,270,CDS
51329,16466495,16466799,304,CDS
51330,16463788,16464792,1004,CDS
51331,16521623,16521772,149,CDS
51332,16514029,16514184,155,CDS
51333,16513715,16513920,205,CDS
51334,16509576,16509704,128,CDS
51335,16506348,16506439,91,CDS
51336,16505971,16506247,276,CDS
51337,16505507,16505816,309,CDS
51338,16503990,16504298,308,CDS
51339,16500507,16500569,62,CDS
51340,16498716,16498896,180,CDS
51341,16498445,16498656,211,CDS
51342,16498270,16498369,99,CDS
51343,16492447,16492515,68,CDS
51344,16489600,16489877,277,CDS
51345,16489343,16489516,173,CDS
51346,16487883,16488045,162,CDS
51347,16486718,16486905,187,CDS
51348,16486380,16486584,204,CDS
51349,16483678,16483889,211,CDS
51350,16482626,16483108,482,CDS
51351,16481326,16481499,173,CDS
51352,16477449,16477571,122,CDS
51353,16475628,16475750,122,CDS
51354,16474447,16474641,194,CDS
51355,16473582,16473827,245,CDS
51356,16471214,16471484,270,CDS
51357,16466495,16466799,304,CDS
51358,16463788,16464792,1004,CDS
51359,16521623,16521772,149,CDS
51360,16514029,16514184,155,CDS
51361,16513715,16513920,205,CDS
51362,16509576,16509704,128,CDS
51363,16506348,16506439,91,CDS
51364,16505971,16506247,276,CDS
51365,16505507,16505816,309,CDS
51366,16503990,16504298,308,CDS
51367,16500507,16500569,62,CDS
51368,16498716,16498896,180,CDS
51369,16498445,16498656,211,CDS
51370,16498270,16498369,99,CDS
51371,16492447,16492515,68,CDS
51372,16489600,16489877,277,CDS
51373,16489343,16489516,173,CDS
51374,16487883,16488045,162,CDS
51375,16486718,16486905,187,CDS
51376,16486380,16486584,204,CDS
51377,16483678,16483889,211,CDS
51378,16482626,16483108,482,CDS
51379,16481326,16481499,173,CDS
51380,16480680,16480802,122,CDS
51381,16475628,16475750,122,CDS
51382,16474447,16474641,194,CDS
51383,16473582,16473827,245,CDS
51384,16471214,16471484,270,CDS
51385,16466495,16466799,304,CDS
51386,16463788,16464792,1004,CDS
51387,16521623,16521772,149,CDS
51388,16514029,16514184,155,CDS
51389,16513715,16513920,205,CDS
51390,16509576,16509704,128,CDS
51391,16506348,16506439,91,CDS
51392,16505971,16506247,276,CDS
51393,16505507,16505816,309,CDS
51394,16503990,16504298,308,CDS
51395,16500507,16500569,62,CDS
51396,16498716,16498896,180,CDS
51397,16498445,16498656,211,CDS
51398,16498270,16498369,99,CDS
51399,16492447,16492515,68,CDS
51400,16489600,16489877,277,CDS
51401,16489343,16489516,173,CDS
51402,16487883,16488045,162,CDS
51403,16486718,16486905,187,CDS
51404,16486341,16486584,243,CDS
51405,16483678,16483859,181,CDS
51406,16482626,16483033,407,CDS
51407,16481326,16481499,173,CDS
51408,16477449,16477571,122,CDS
51409,16475628,16475750,122,CDS
51410,16474447,16474641,194,CDS
51411,16473582,16473827,245,CDS
51412,16471214,16471484,270,CDS
51413,16466495,16466799,304,CDS
51414,16463788,16464792,1004,CDS
51415,16521623,16521772,149,CDS
51416,16514029,16514184,155,CDS
51417,16513715,16513920,205,CDS
51418,16509576,16509704,128,CDS
51419,16506348,16506439,91,CDS
51420,16505971,16506247,276,CDS
51421,16505507,16505816,309,CDS
51422,16503990,16504298,308,CDS
51423,16500507,16500569,62,CDS
51424,16498716,16498896,180,CDS
51425,16498445,16498656,211,CDS
51426,16498270,16498369,99,CDS
51427,16492447,16492515,68,CDS
51428,16489600,16489877,277,CDS
51429,16489343,16489516,173,CDS
51430,16488987,16489149,162,CDS
51431,16486718,16486905,187,CDS
51432,16486380,16486584,204,CDS
51433,16483678,16483889,211,CDS
51434,16482626,16483108,482,CDS
51435,16481326,16481499,173,CDS
51436,16477449,16477571,122,CDS
51437,16475628,16475750,122,CDS
51438,16474447,16474641,194,CDS
51439,16473582,16473827,245,CDS
51440,16471214,16471484,270,CDS
51441,16466495,16466799,304,CDS
51442,16463788,16464792,1004,CDS
51443,16521623,16521772,149,CDS
51444,16518805,16518837,32,CDS
51445,16514029,16514184,155,CDS
51446,16513715,16513920,205,CDS
51447,16509576,16509704,128,CDS
51448,16506348,16506439,91,CDS
51449,16505971,16506247,276,CDS
51450,16505507,16505816,309,CDS
51451,16504062,16504298,236,CDS
51452,16500507,16500569,62,CDS
51453,16498716,16498896,180,CDS
51454,16498445,16498656,211,CDS
51455,16498270,16498369,99,CDS
51456,16492447,16492515,68,CDS
51457,16489600,16489853,253,CDS
51458,16489343,16489516,173,CDS
51459,16487883,16488045,162,CDS
51460,16486718,16486905,187,CDS
51461,16486380,16486584,204,CDS
51462,16483678,16483859,181,CDS
51463,16482626,16483033,407,CDS
51464,16481326,16481499,173,CDS
51465,16477449,16477571,122,CDS
51466,16475628,16475750,122,CDS
51467,16474447,16474641,194,CDS
51468,16473582,16473827,245,CDS
51469,16471214,16471484,270,CDS
51470,16466495,16466799,304,CDS
51471,16463788,16464792,1004,CDS
51472,16521623,16521772,149,CDS
51473,16518805,16518837,32,CDS
51474,16514029,16514184,155,CDS
51475,16513715,16513920,205,CDS
51476,16509576,16509704,128,CDS
51477,16506348,16506439,91,CDS
51478,16505971,16506247,276,CDS
51479,16505507,16505816,309,CDS
51480,16504062,16504298,236,CDS
51481,16500507,16500569,62,CDS
51482,16498716,16498896,180,CDS
51483,16498445,16498656,211,CDS
51484,16498270,16498369,99,CDS
51485,16492447,16492515,68,CDS
51486,16489600,16489853,253,CDS
51487,16489343,16489516,173,CDS
51488,16488987,16489149,162,CDS
51489,16486718,16486905,187,CDS
51490,16486380,16486584,204,CDS
51491,16483678,16483859,181,CDS
51492,16482626,16483033,407,CDS
51493,16481326,16481499,173,CDS
51494,16477449,16477571,122,CDS
51495,16475628,16475750,122,CDS
51496,16474447,16474641,194,CDS
51497,16473582,16473827,245,CDS
51498,16471214,16471484,270,CDS
51499,16466495,16466799,304,CDS
51500,16463788,16464792,1004,CDS
51501,16521623,16521772,149,CDS
51502,16518805,16518837,32,CDS
51503,16514029,16514184,155,CDS
51504,16513715,16513920,205,CDS
51505,16509576,16509704,128,CDS
51506,16506348,16506439,91,CDS
51507,16505971,16506247,276,CDS
51508,16505507,16505816,309,CDS
51509,16504062,16504298,236,CDS
51510,16500507,16500569,62,CDS
51511,16498716,16498896,180,CDS
51512,16498445,16498656,211,CDS
51513,16498270,16498369,99,CDS
51514,16492447,16492515,68,CDS
51515,16489600,16489853,253,CDS
51516,16489343,16489516,173,CDS
51517,16488987,16489149,162,CDS
51518,16486718,16486905,187,CDS
51519,16486380,16486584,204,CDS
51520,16483678,16483889,211,CDS
51521,16482626,16483033,407,CDS
51522,16481326,16481499,173,CDS
51523,16477449,16477571,122,CDS
51524,16475628,16475750,122,CDS
51525,16474447,16474641,194,CDS
51526,16473582,16473827,245,CDS
51527,16471214,16471484,270,CDS
51528,16466495,16466799,304,CDS
51529,16463788,16464792,1004,CDS
51530,16521623,16521772,149,CDS
51531,16518805,16518837,32,CDS
51532,16514029,16514184,155,CDS
51533,16513715,16513920,205,CDS
51534,16509576,16509704,128,CDS
51535,16506348,16506439,91,CDS
51536,16505971,16506247,276,CDS
51537,16505507,16505816,309,CDS
51538,16504062,16504298,236,CDS
51539,16500507,16500569,62,CDS
51540,16498716,16498896,180,CDS
51541,16498445,16498656,211,CDS
51542,16498270,16498369,99,CDS
51543,16492447,16492515,68,CDS
51544,16489600,16489853,253,CDS
51545,16489343,16489516,173,CDS
51546,16488987,16489149,162,CDS
51547,16486718,16486905,187,CDS
51548,16486341,16486584,243,CDS
51549,16483678,16483859,181,CDS
51550,16482626,16483033,407,CDS
51551,16481326,16481499,173,CDS
51552,16477449,16477571,122,CDS
51553,16475628,16475750,122,CDS
51554,16474447,16474641,194,CDS
51555,16473582,16473827,245,CDS
51556,16471214,16471484,270,CDS
51557,16466495,16466799,304,CDS
51558,16463788,16464792,1004,CDS
51559,16521623,16521772,149,CDS
51560,16518805,16518837,32,CDS
51561,16514029,16514184,155,CDS
51562,16513715,16513920,205,CDS
51563,16509576,16509704,128,CDS
51564,16506348,16506439,91,CDS
51565,16505971,16506247,276,CDS
51566,16505507,16505816,309,CDS
51567,16504062,16504298,236,CDS
51568,16500507,16500569,62,CDS
51569,16498716,16498896,180,CDS
51570,16498445,16498656,211,CDS
51571,16498270,16498369,99,CDS
51572,16492447,16492515,68,CDS
51573,16489600,16489877,277,CDS
51574,16489343,16489516,173,CDS
51575,16487883,16488045,162,CDS
51576,16486718,16486905,187,CDS
51577,16486380,16486584,204,CDS
51578,16483678,16483859,181,CDS
51579,16482626,16483033,407,CDS
51580,16481326,16481499,173,CDS
51581,16477449,16477571,122,CDS
51582,16475628,16475750,122,CDS
51583,16474447,16474641,194,CDS
51584,16473582,16473827,245,CDS
51585,16471214,16471484,270,CDS
51586,16466495,16466799,304,CDS
51587,16463788,16464792,1004,CDS
51588,16521623,16521772,149,CDS
51589,16518805,16518837,32,CDS
51590,16514029,16514184,155,CDS
51591,16513715,16513920,205,CDS
51592,16509576,16509704,128,CDS
51593,16506348,16506439,91,CDS
51594,16505971,16506247,276,CDS
51595,16505507,16505816,309,CDS
51596,16504062,16504298,236,CDS
51597,16500507,16500569,62,CDS
51598,16498716,16498896,180,CDS
51599,16498445,16498656,211,CDS
51600,16498270,16498369,99,CDS
51601,16492447,16492515,68,CDS
51602,16489600,16489877,277,CDS
51603,16489343,16489516,173,CDS
51604,16487883,16488045,162,CDS
51605,16486718,16486905,187,CDS
51606,16486380,16486584,204,CDS
51607,16483678,16483859,181,CDS
51608,16482626,16483033,407,CDS
51609,16481326,16481499,173,CDS
51610,16477449,16477571,122,CDS
51611,16475628,16475750,122,CDS
51612,16474447,16474641,194,CDS
51613,16473582,16473827,245,CDS
51614,16471214,16471484,270,CDS
51615,16466495,16466799,304,CDS
51616,16463788,16464792,1004,CDS
51617,16521623,16521772,149,CDS
51618,16518805,16518837,32,CDS
51619,16514029,16514184,155,CDS
51620,16513715,16513920,205,CDS
51621,16509576,16509704,128,CDS
51622,16506348,16506439,91,CDS
51623,16505971,16506247,276,CDS
51624,16505507,16505816,309,CDS
51625,16503990,16504298,308,CDS
51626,16498716,16498896,180,CDS
51627,16498445,16498656,211,CDS
51628,16498270,16498369,99,CDS
51629,16492447,16492515,68,CDS
51630,16489600,16489853,253,CDS
51631,16489343,16489516,173,CDS
51632,16487883,16488045,162,CDS
51633,16486718,16486905,187,CDS
51634,16486380,16486584,204,CDS
51635,16483678,16483859,181,CDS
51636,16482626,16483033,407,CDS
51637,16481326,16481499,173,CDS
51638,16477449,16477571,122,CDS
51639,16475628,16475750,122,CDS
51640,16474447,16474641,194,CDS
51641,16473582,16473827,245,CDS
51642,16471214,16471484,270,CDS
51643,16466495,16466799,304,CDS
51644,16463788,16464792,1004,CDS
51645,16521623,16521772,149,CDS
51646,16518805,16518837,32,CDS
51647,16514029,16514184,155,CDS
51648,16513715,16513920,205,CDS
51649,16509576,16509704,128,CDS
51650,16506348,16506439,91,CDS
51651,16505971,16506247,276,CDS
51652,16505507,16505816,309,CDS
51653,16503990,16504298,308,CDS
51654,16498716,16498896,180,CDS
51655,16498445,16498656,211,CDS
51656,16498270,16498369,99,CDS
51657,16492447,16492515,68,CDS
51658,16489600,16489853,253,CDS
51659,16489343,16489516,173,CDS
51660,16487883,16488045,162,CDS
51661,16486718,16486905,187,CDS
51662,16486380,16486584,204,CDS
51663,16483678,16483889,211,CDS
51664,16482626,16483033,407,CDS
51665,16481326,16481499,173,CDS
51666,16477449,16477571,122,CDS
51667,16475628,16475750,122,CDS
51668,16474447,16474641,194,CDS
51669,16473582,16473827,245,CDS
51670,16471214,16471484,270,CDS
51671,16466495,16466799,304,CDS
51672,16463788,16464792,1004,CDS
51673,16521623,16521772,149,CDS
51674,16518805,16518837,32,CDS
51675,16514029,16514184,155,CDS
51676,16513715,16513920,205,CDS
51677,16509576,16509704,128,CDS
51678,16506348,16506439,91,CDS
51679,16505971,16506247,276,CDS
51680,16505507,16505816,309,CDS
51681,16503990,16504298,308,CDS
51682,16498716,16498896,180,CDS
51683,16498445,16498656,211,CDS
51684,16498270,16498369,99,CDS
51685,16492447,16492515,68,CDS
51686,16489600,16489853,253,CDS
51687,16489343,16489516,173,CDS
51688,16487883,16488045,162,CDS
51689,16486718,16486905,187,CDS
51690,16486341,16486584,243,CDS
51691,16483678,16483859,181,CDS
51692,16482626,16483033,407,CDS
51693,16481326,16481499,173,CDS
51694,16477449,16477571,122,CDS
51695,16475628,16475750,122,CDS
51696,16474447,16474641,194,CDS
51697,16473582,16473827,245,CDS
51698,16471214,16471484,270,CDS
51699,16466495,16466799,304,CDS
51700,16463788,16464792,1004,CDS
51701,16521623,16521772,149,CDS
51702,16518805,16518837,32,CDS
51703,16514029,16514184,155,CDS
51704,16513715,16513920,205,CDS
51705,16509576,16509704,128,CDS
51706,16506348,16506439,91,CDS
51707,16505971,16506247,276,CDS
51708,16505507,16505816,309,CDS
51709,16503990,16504298,308,CDS
51710,16498716,16498896,180,CDS
51711,16498445,16498656,211,CDS
51712,16498270,16498369,99,CDS
51713,16492447,16492515,68,CDS
51714,16489600,16489853,253,CDS
51715,16489343,16489516,173,CDS
51716,16487883,16488045,162,CDS
51717,16486718,16486905,187,CDS
51718,16486341,16486584,243,CDS
51719,16483678,16483889,211,CDS
51720,16482626,16483033,407,CDS
51721,16481326,16481499,173,CDS
51722,16477449,16477571,122,CDS
51723,16475628,16475750,122,CDS
51724,16474447,16474641,194,CDS
51725,16473582,16473827,245,CDS
51726,16471214,16471484,270,CDS
51727,16466495,16466799,304,CDS
51728,16463788,16464792,1004,CDS
51729,16521623,16521772,149,CDS
51730,16518805,16518837,32,CDS
51731,16514029,16514184,155,CDS
51732,16513715,16513920,205,CDS
51733,16509576,16509704,128,CDS
51734,16506348,16506439,91,CDS
51735,16505971,16506247,276,CDS
51736,16505507,16505816,309,CDS
51737,16503990,16504298,308,CDS
51738,16498716,16498896,180,CDS
51739,16498445,16498656,211,CDS
51740,16498270,16498369,99,CDS
51741,16492447,16492515,68,CDS
51742,16489600,16489853,253,CDS
51743,16489343,16489516,173,CDS
51744,16488987,16489149,162,CDS
51745,16486718,16486905,187,CDS
51746,16486380,16486584,204,CDS
51747,16483678,16483859,181,CDS
51748,16482626,16483033,407,CDS
51749,16481326,16481499,173,CDS
51750,16477449,16477571,122,CDS
51751,16475628,16475750,122,CDS
51752,16474447,16474641,194,CDS
51753,16473582,16473827,245,CDS
51754,16471214,16471484,270,CDS
51755,16466495,16466799,304,CDS
51756,16463788,16464792,1004,CDS
51757,16521623,16521772,149,CDS
51758,16518805,16518837,32,CDS
51759,16514029,16514184,155,CDS
51760,16513715,16513920,205,CDS
51761,16509576,16509704,128,CDS
51762,16506348,16506439,91,CDS
51763,16505971,16506247,276,CDS
51764,16505507,16505816,309,CDS
51765,16503990,16504298,308,CDS
51766,16498716,16498896,180,CDS
51767,16498445,16498656,211,CDS
51768,16498270,16498369,99,CDS
51769,16492447,16492515,68,CDS
51770,16489600,16489877,277,CDS
51771,16489343,16489516,173,CDS
51772,16487883,16488045,162,CDS
51773,16486718,16486905,187,CDS
51774,16486380,16486584,204,CDS
51775,16483678,16483859,181,CDS
51776,16482626,16483033,407,CDS
51777,16481326,16481499,173,CDS
51778,16477449,16477571,122,CDS
51779,16475628,16475750,122,CDS
51780,16474447,16474641,194,CDS
51781,16473582,16473827,245,CDS
51782,16471214,16471484,270,CDS
51783,16466495,16466799,304,CDS
51784,16463788,16464792,1004,CDS
51785,16521623,16521772,149,CDS
51786,16518805,16518837,32,CDS
51787,16514029,16514184,155,CDS
51788,16513715,16513920,205,CDS
51789,16509576,16509704,128,CDS
51790,16506348,16506439,91,CDS
51791,16505971,16506247,276,CDS
51792,16505507,16505816,309,CDS
51793,16503990,16504298,308,CDS
51794,16498716,16498896,180,CDS
51795,16498445,16498656,211,CDS
51796,16498270,16498369,99,CDS
51797,16492447,16492515,68,CDS
51798,16489600,16489877,277,CDS
51799,16489343,16489516,173,CDS
51800,16487883,16488045,162,CDS
51801,16486718,16486905,187,CDS
51802,16486380,16486584,204,CDS
51803,16483678,16483889,211,CDS
51804,16482626,16483033,407,CDS
51805,16481326,16481499,173,CDS
51806,16477449,16477571,122,CDS
51807,16475628,16475750,122,CDS
51808,16474447,16474641,194,CDS
51809,16473582,16473827,245,CDS
51810,16471214,16471484,270,CDS
51811,16466495,16466799,304,CDS
51812,16463788,16464792,1004,CDS
51813,16521623,16521772,149,CDS
51814,16518805,16518837,32,CDS
51815,16514029,16514184,155,CDS
51816,16513715,16513920,205,CDS
51817,16509576,16509704,128,CDS
51818,16506348,16506439,91,CDS
51819,16505971,16506247,276,CDS
51820,16505507,16505816,309,CDS
51821,16503990,16504298,308,CDS
51822,16498716,16498896,180,CDS
51823,16498445,16498656,211,CDS
51824,16498270,16498369,99,CDS
51825,16492447,16492515,68,CDS
51826,16489600,16489877,277,CDS
51827,16489343,16489516,173,CDS
51828,16487883,16488045,162,CDS
51829,16486718,16486905,187,CDS
51830,16486380,16486584,204,CDS
51831,16483678,16483889,211,CDS
51832,16482626,16483033,407,CDS
51833,16481326,16481499,173,CDS
51834,16480680,16480802,122,CDS
51835,16475628,16475750,122,CDS
51836,16474447,16474641,194,CDS
51837,16473582,16473827,245,CDS
51838,16471214,16471484,270,CDS
51839,16466495,16466799,304,CDS
51840,16463788,16464792,1004,CDS
51841,16521623,16521772,149,CDS
51842,16518805,16518837,32,CDS
51843,16514029,16514184,155,CDS
51844,16513715,16513920,205,CDS
51845,16509576,16509704,128,CDS
51846,16506348,16506439,91,CDS
51847,16505971,16506247,276,CDS
51848,16505507,16505816,309,CDS
51849,16503990,16504298,308,CDS
51850,16498716,16498896,180,CDS
51851,16498445,16498656,211,CDS
51852,16498270,16498369,99,CDS
51853,16492447,16492515,68,CDS
51854,16489600,16489877,277,CDS
51855,16489343,16489516,173,CDS
51856,16487883,16488045,162,CDS
51857,16486718,16486905,187,CDS
51858,16486341,16486584,243,CDS
51859,16483678,16483859,181,CDS
51860,16482626,16483033,407,CDS
51861,16481326,16481499,173,CDS
51862,16477449,16477571,122,CDS
51863,16475628,16475750,122,CDS
51864,16474447,16474641,194,CDS
51865,16473582,16473827,245,CDS
51866,16471214,16471484,270,CDS
51867,16466495,16466799,304,CDS
51868,16463788,16464792,1004,CDS
51869,16521623,16521772,149,CDS
51870,16518805,16518837,32,CDS
51871,16514029,16514184,155,CDS
51872,16513715,16513920,205,CDS
51873,16509576,16509704,128,CDS
51874,16506348,16506439,91,CDS
51875,16505971,16506247,276,CDS
51876,16505507,16505816,309,CDS
51877,16503990,16504298,308,CDS
51878,16498716,16498896,180,CDS
51879,16498445,16498656,211,CDS
51880,16498270,16498369,99,CDS
51881,16492447,16492515,68,CDS
51882,16489600,16489877,277,CDS
51883,16489343,16489516,173,CDS
51884,16488987,16489149,162,CDS
51885,16486718,16486905,187,CDS
51886,16486380,16486584,204,CDS
51887,16483678,16483859,181,CDS
51888,16482626,16483033,407,CDS
51889,16481326,16481499,173,CDS
51890,16477449,16477571,122,CDS
51891,16475628,16475750,122,CDS
51892,16474447,16474641,194,CDS
51893,16473582,16473827,245,CDS
51894,16471214,16471484,270,CDS
51895,16466495,16466799,304,CDS
51896,16463788,16464792,1004,CDS
51897,16521623,16521772,149,CDS
51898,16518805,16518837,32,CDS
51899,16514029,16514184,155,CDS
51900,16513715,16513920,205,CDS
51901,16509576,16509704,128,CDS
51902,16506348,16506439,91,CDS
51903,16505971,16506247,276,CDS
51904,16505507,16505816,309,CDS
51905,16503990,16504298,308,CDS
51906,16498716,16498896,180,CDS
51907,16498445,16498656,211,CDS
51908,16498270,16498369,99,CDS
51909,16492447,16492515,68,CDS
51910,16489600,16489877,277,CDS
51911,16489343,16489516,173,CDS
51912,16488987,16489149,162,CDS
51913,16486718,16486905,187,CDS
51914,16486341,16486584,243,CDS
51915,16483678,16483859,181,CDS
51916,16482626,16483033,407,CDS
51917,16481326,16481499,173,CDS
51918,16477449,16477571,122,CDS
51919,16475628,16475750,122,CDS
51920,16474447,16474641,194,CDS
51921,16473582,16473827,245,CDS
51922,16471214,16471484,270,CDS
51923,16466495,16466799,304,CDS
51924,16463788,16464792,1004,CDS
51925,16521623,16521772,149,CDS
51926,16518805,16518837,32,CDS
51927,16514029,16514184,155,CDS
51928,16513715,16513920,205,CDS
51929,16509576,16509704,128,CDS
51930,16506348,16506439,91,CDS
51931,16505971,16506247,276,CDS
51932,16505507,16505816,309,CDS
51933,16503990,16504298,308,CDS
51934,16500507,16500569,62,CDS
51935,16498716,16498896,180,CDS
51936,16498445,16498656,211,CDS
51937,16498270,16498369,99,CDS
51938,16492447,16492515,68,CDS
51939,16489600,16489853,253,CDS
51940,16489343,16489516,173,CDS
51941,16487883,16488045,162,CDS
51942,16486718,16486905,187,CDS
51943,16486380,16486584,204,CDS
51944,16483678,16483859,181,CDS
51945,16482626,16483033,407,CDS
51946,16481326,16481499,173,CDS
51947,16477449,16477571,122,CDS
51948,16475628,16475750,122,CDS
51949,16474447,16474641,194,CDS
51950,16473582,16473827,245,CDS
51951,16471214,16471484,270,CDS
51952,16466495,16466799,304,CDS
51953,16463788,16464792,1004,CDS
51954,16521623,16521772,149,CDS
51955,16518805,16518837,32,CDS
51956,16514029,16514184,155,CDS
51957,16513715,16513920,205,CDS
51958,16509576,16509704,128,CDS
51959,16506348,16506439,91,CDS
51960,16505971,16506247,276,CDS
51961,16505507,16505816,309,CDS
51962,16503990,16504298,308,CDS
51963,16500507,16500569,62,CDS
51964,16498716,16498896,180,CDS
51965,16498445,16498656,211,CDS
51966,16498270,16498369,99,CDS
51967,16492447,16492515,68,CDS
51968,16489600,16489853,253,CDS
51969,16489343,16489516,173,CDS
51970,16487883,16488045,162,CDS
51971,16486718,16486905,187,CDS
51972,16486380,16486584,204,CDS
51973,16483678,16483889,211,CDS
51974,16482626,16483033,407,CDS
51975,16481326,16481499,173,CDS
51976,16477449,16477571,122,CDS
51977,16475628,16475750,122,CDS
51978,16474447,16474641,194,CDS
51979,16473582,16473827,245,CDS
51980,16471214,16471484,270,CDS
51981,16466495,16466799,304,CDS
51982,16463788,16464792,1004,CDS
51983,16521623,16521772,149,CDS
51984,16518805,16518837,32,CDS
51985,16514029,16514184,155,CDS
51986,16513715,16513920,205,CDS
51987,16509576,16509704,128,CDS
51988,16506348,16506439,91,CDS
51989,16505971,16506247,276,CDS
51990,16505507,16505816,309,CDS
51991,16503990,16504298,308,CDS
51992,16500507,16500569,62,CDS
51993,16498716,16498896,180,CDS
51994,16498445,16498656,211,CDS
51995,16498270,16498369,99,CDS
51996,16492447,16492515,68,CDS
51997,16489600,16489853,253,CDS
51998,16489343,16489516,173,CDS
51999,16487883,16488045,162,CDS
52000,16486718,16486905,187,CDS
52001,16486341,16486584,243,CDS
52002,16483678,16483859,181,CDS
52003,16482626,16483033,407,CDS
52004,16481326,16481499,173,CDS
52005,16477449,16477571,122,CDS
52006,16475628,16475750,122,CDS
52007,16474447,16474641,194,CDS
52008,16473582,16473827,245,CDS
52009,16471214,16471484,270,CDS
52010,16466495,16466799,304,CDS
52011,16463788,16464792,1004,CDS
52012,16521623,16521772,149,CDS
52013,16518805,16518837,32,CDS
52014,16514029,16514184,155,CDS
52015,16513715,16513920,205,CDS
52016,16509576,16509704,128,CDS
52017,16506348,16506439,91,CDS
52018,16505971,16506247,276,CDS
52019,16505507,16505816,309,CDS
52020,16503990,16504298,308,CDS
52021,16500507,16500569,62,CDS
52022,16498716,16498896,180,CDS
52023,16498445,16498656,211,CDS
52024,16498270,16498369,99,CDS
52025,16492447,16492515,68,CDS
52026,16489600,16489853,253,CDS
52027,16489343,16489516,173,CDS
52028,16488987,16489149,162,CDS
52029,16486718,16486905,187,CDS
52030,16486380,16486584,204,CDS
52031,16483678,16483859,181,CDS
52032,16482626,16483033,407,CDS
52033,16481326,16481499,173,CDS
52034,16477449,16477571,122,CDS
52035,16475628,16475750,122,CDS
52036,16474447,16474641,194,CDS
52037,16473582,16473827,245,CDS
52038,16471214,16471484,270,CDS
52039,16466495,16466799,304,CDS
52040,16463788,16464792,1004,CDS
52041,16521623,16521772,149,CDS
52042,16518805,16518837,32,CDS
52043,16514029,16514184,155,CDS
52044,16513715,16513920,205,CDS
52045,16509576,16509704,128,CDS
52046,16506348,16506439,91,CDS
52047,16505971,16506247,276,CDS
52048,16505507,16505816,309,CDS
52049,16503990,16504298,308,CDS
52050,16500507,16500569,62,CDS
52051,16498716,16498896,180,CDS
52052,16498445,16498656,211,CDS
52053,16498270,16498369,99,CDS
52054,16492447,16492515,68,CDS
52055,16489600,16489853,253,CDS
52056,16489343,16489516,173,CDS
52057,16488987,16489149,162,CDS
52058,16486718,16486905,187,CDS
52059,16486380,16486584,204,CDS
52060,16483678,16483859,181,CDS
52061,16482626,16483108,482,CDS
52062,16481326,16481499,173,CDS
52063,16477449,16477571,122,CDS
52064,16475628,16475750,122,CDS
52065,16474447,16474641,194,CDS
52066,16473582,16473827,245,CDS
52067,16471214,16471484,270,CDS
52068,16466495,16466799,304,CDS
52069,16463788,16464792,1004,CDS
52070,16521623,16521772,149,CDS
52071,16518805,16518837,32,CDS
52072,16514029,16514184,155,CDS
52073,16513715,16513920,205,CDS
52074,16509576,16509704,128,CDS
52075,16506348,16506439,91,CDS
52076,16505971,16506247,276,CDS
52077,16505507,16505816,309,CDS
52078,16503990,16504298,308,CDS
52079,16500507,16500569,62,CDS
52080,16498716,16498896,180,CDS
52081,16498445,16498656,211,CDS
52082,16498270,16498369,99,CDS
52083,16492447,16492515,68,CDS
52084,16489600,16489853,253,CDS
52085,16489343,16489516,173,CDS
52086,16488987,16489149,162,CDS
52087,16486718,16486905,187,CDS
52088,16486341,16486584,243,CDS
52089,16483678,16483859,181,CDS
52090,16482626,16483108,482,CDS
52091,16481326,16481499,173,CDS
52092,16477449,16477571,122,CDS
52093,16475628,16475750,122,CDS
52094,16474447,16474641,194,CDS
52095,16473582,16473827,245,CDS
52096,16471214,16471484,270,CDS
52097,16466495,16466799,304,CDS
52098,16463788,16464792,1004,CDS
52099,16521623,16521772,149,CDS
52100,16518805,16518837,32,CDS
52101,16514029,16514184,155,CDS
52102,16513715,16513920,205,CDS
52103,16509576,16509704,128,CDS
52104,16506348,16506439,91,CDS
52105,16505971,16506247,276,CDS
52106,16505507,16505816,309,CDS
52107,16503990,16504298,308,CDS
52108,16500507,16500569,62,CDS
52109,16498716,16498896,180,CDS
52110,16498445,16498656,211,CDS
52111,16498270,16498369,99,CDS
52112,16492447,16492515,68,CDS
52113,16489600,16489877,277,CDS
52114,16489343,16489516,173,CDS
52115,16487883,16488045,162,CDS
52116,16486718,16486905,187,CDS
52117,16486380,16486584,204,CDS
52118,16483678,16483859,181,CDS
52119,16482626,16483033,407,CDS
52120,16481326,16481499,173,CDS
52121,16477449,16477571,122,CDS
52122,16475628,16475750,122,CDS
52123,16474447,16474641,194,CDS
52124,16473582,16473827,245,CDS
52125,16471214,16471484,270,CDS
52126,16466495,16466799,304,CDS
52127,16463788,16464792,1004,CDS
52128,16521623,16521772,149,CDS
52129,16518805,16518837,32,CDS
52130,16514029,16514184,155,CDS
52131,16513715,16513920,205,CDS
52132,16509576,16509704,128,CDS
52133,16506348,16506439,91,CDS
52134,16505971,16506247,276,CDS
52135,16505507,16505816,309,CDS
52136,16503990,16504298,308,CDS
52137,16500507,16500569,62,CDS
52138,16498716,16498896,180,CDS
52139,16498445,16498656,211,CDS
52140,16498270,16498369,99,CDS
52141,16492447,16492515,68,CDS
52142,16489600,16489877,277,CDS
52143,16489343,16489516,173,CDS
52144,16487883,16488045,162,CDS
52145,16486718,16486905,187,CDS
52146,16486380,16486584,204,CDS
52147,16483678,16483859,181,CDS
52148,16482626,16483033,407,CDS
52149,16481326,16481499,173,CDS
52150,16480680,16480802,122,CDS
52151,16475628,16475750,122,CDS
52152,16474447,16474641,194,CDS
52153,16473582,16473827,245,CDS
52154,16471214,16471484,270,CDS
52155,16466495,16466799,304,CDS
52156,16463788,16464792,1004,CDS
52157,16521623,16521772,149,CDS
52158,16518805,16518837,32,CDS
52159,16514029,16514184,155,CDS
52160,16513715,16513920,205,CDS
52161,16509576,16509704,128,CDS
52162,16506348,16506439,91,CDS
52163,16505971,16506247,276,CDS
52164,16505507,16505816,309,CDS
52165,16503990,16504298,308,CDS
52166,16500507,16500569,62,CDS
52167,16498716,16498896,180,CDS
52168,16498445,16498656,211,CDS
52169,16498270,16498369,99,CDS
52170,16492447,16492515,68,CDS
52171,16489600,16489877,277,CDS
52172,16489343,16489516,173,CDS
52173,16487883,16488045,162,CDS
52174,16486718,16486905,187,CDS
52175,16486380,16486584,204,CDS
52176,16483678,16483889,211,CDS
52177,16482626,16483033,407,CDS
52178,16481326,16481499,173,CDS
52179,16477449,16477571,122,CDS
52180,16475628,16475750,122,CDS
52181,16474447,16474641,194,CDS
52182,16473582,16473827,245,CDS
52183,16471214,16471484,270,CDS
52184,16466495,16466799,304,CDS
52185,16463788,16464792,1004,CDS
52186,16521623,16521772,149,CDS
52187,16518805,16518837,32,CDS
52188,16514029,16514184,155,CDS
52189,16513715,16513920,205,CDS
52190,16509576,16509704,128,CDS
52191,16506348,16506439,91,CDS
52192,16505971,16506247,276,CDS
52193,16505507,16505816,309,CDS
52194,16503990,16504298,308,CDS
52195,16500507,16500569,62,CDS
52196,16498716,16498896,180,CDS
52197,16498445,16498656,211,CDS
52198,16498270,16498369,99,CDS
52199,16492447,16492515,68,CDS
52200,16489600,16489877,277,CDS
52201,16489343,16489516,173,CDS
52202,16487883,16488045,162,CDS
52203,16486718,16486905,187,CDS
52204,16486380,16486584,204,CDS
52205,16483678,16483889,211,CDS
52206,16482626,16483108,482,CDS
52207,16481326,16481499,173,CDS
52208,16477449,16477571,122,CDS
52209,16475628,16475750,122,CDS
52210,16474447,16474641,194,CDS
52211,16473582,16473827,245,CDS
52212,16471214,16471484,270,CDS
52213,16466495,16466799,304,CDS
52214,16463788,16464792,1004,CDS
52215,16521623,16521772,149,CDS
52216,16518805,16518837,32,CDS
52217,16514029,16514184,155,CDS
52218,16513715,16513920,205,CDS
52219,16509576,16509704,128,CDS
52220,16506348,16506439,91,CDS
52221,16505971,16506247,276,CDS
52222,16505507,16505816,309,CDS
52223,16503990,16504298,308,CDS
52224,16500507,16500569,62,CDS
52225,16498716,16498896,180,CDS
52226,16498445,16498656,211,CDS
52227,16498270,16498369,99,CDS
52228,16492447,16492515,68,CDS
52229,16489600,16489877,277,CDS
52230,16489343,16489516,173,CDS
52231,16487883,16488045,162,CDS
52232,16486718,16486905,187,CDS
52233,16486341,16486584,243,CDS
52234,16483678,16483859,181,CDS
52235,16482626,16483033,407,CDS
52236,16481326,16481499,173,CDS
52237,16477449,16477571,122,CDS
52238,16475628,16475750,122,CDS
52239,16474447,16474641,194,CDS
52240,16473582,16473827,245,CDS
52241,16471214,16471484,270,CDS
52242,16466495,16466799,304,CDS
52243,16463788,16464792,1004,CDS
52244,16521623,16521772,149,CDS
52245,16518805,16518837,32,CDS
52246,16514029,16514184,155,CDS
52247,16513715,16513920,205,CDS
52248,16509576,16509704,128,CDS
52249,16506348,16506439,91,CDS
52250,16505971,16506247,276,CDS
52251,16505507,16505816,309,CDS
52252,16503990,16504298,308,CDS
52253,16500507,16500569,62,CDS
52254,16498716,16498896,180,CDS
52255,16498445,16498656,211,CDS
52256,16498270,16498369,99,CDS
52257,16492447,16492515,68,CDS
52258,16489600,16489877,277,CDS
52259,16489343,16489516,173,CDS
52260,16487883,16488045,162,CDS
52261,16486718,16486905,187,CDS
52262,16486341,16486584,243,CDS
52263,16483678,16483889,211,CDS
52264,16482626,16483033,407,CDS
52265,16481326,16481499,173,CDS
52266,16477449,16477571,122,CDS
52267,16475628,16475750,122,CDS
52268,16474447,16474641,194,CDS
52269,16473582,16473827,245,CDS
52270,16471214,16471484,270,CDS
52271,16466495,16466799,304,CDS
52272,16463788,16464792,1004,CDS
52273,16521623,16521772,149,CDS
52274,16518805,16518837,32,CDS
52275,16514029,16514184,155,CDS
52276,16513715,16513920,205,CDS
52277,16509576,16509704,128,CDS
52278,16506348,16506439,91,CDS
52279,16505971,16506247,276,CDS
52280,16505507,16505816,309,CDS
52281,16503990,16504298,308,CDS
52282,16500507,16500569,62,CDS
52283,16498716,16498896,180,CDS
52284,16498445,16498656,211,CDS
52285,16498270,16498369,99,CDS
52286,16492447,16492515,68,CDS
52287,16489600,16489877,277,CDS
52288,16489343,16489516,173,CDS
52289,16487883,16488045,162,CDS
52290,16486718,16486905,187,CDS
52291,16486341,16486584,243,CDS
52292,16483678,16483889,211,CDS
52293,16482626,16483033,407,CDS
52294,16481326,16481499,173,CDS
52295,16477449,16477571,122,CDS
52296,16475628,16475750,122,CDS
52297,16474447,16474641,194,CDS
52298,16473582,16473827,245,CDS
52299,16471214,16471484,270,CDS
52300,16466495,16466799,304,CDS
52301,16463788,16464792,1004,CDS
52302,16521623,16521772,149,CDS
52303,16518805,16518837,32,CDS
52304,16514029,16514184,155,CDS
52305,16513715,16513920,205,CDS
52306,16509576,16509704,128,CDS
52307,16506348,16506439,91,CDS
52308,16505971,16506247,276,CDS
52309,16505507,16505816,309,CDS
52310,16503990,16504298,308,CDS
52311,16500507,16500569,62,CDS
52312,16498716,16498896,180,CDS
52313,16498445,16498656,211,CDS
52314,16498270,16498369,99,CDS
52315,16492447,16492515,68,CDS
52316,16489600,16489877,277,CDS
52317,16489343,16489516,173,CDS
52318,16487883,16488045,162,CDS
52319,16486718,16486905,187,CDS
52320,16486341,16486584,243,CDS
52321,16483678,16483889,211,CDS
52322,16482626,16483033,407,CDS
52323,16481326,16481499,173,CDS
52324,16480680,16480802,122,CDS
52325,16475628,16475750,122,CDS
52326,16474447,16474641,194,CDS
52327,16473582,16473827,245,CDS
52328,16471214,16471484,270,CDS
52329,16466495,16466799,304,CDS
52330,16463788,16464792,1004,CDS
52331,16521623,16521772,149,CDS
52332,16518805,16518837,32,CDS
52333,16514029,16514184,155,CDS
52334,16513715,16513920,205,CDS
52335,16509576,16509704,128,CDS
52336,16506348,16506439,91,CDS
52337,16505971,16506247,276,CDS
52338,16505507,16505816,309,CDS
52339,16503990,16504298,308,CDS
52340,16500507,16500569,62,CDS
52341,16498716,16498896,180,CDS
52342,16498445,16498656,211,CDS
52343,16498270,16498369,99,CDS
52344,16492447,16492515,68,CDS
52345,16489600,16489877,277,CDS
52346,16489343,16489516,173,CDS
52347,16488987,16489149,162,CDS
52348,16486718,16486905,187,CDS
52349,16486380,16486584,204,CDS
52350,16483678,16483859,181,CDS
52351,16482626,16483033,407,CDS
52352,16481326,16481499,173,CDS
52353,16477449,16477571,122,CDS
52354,16475628,16475750,122,CDS
52355,16474447,16474641,194,CDS
52356,16473582,16473827,245,CDS
52357,16471214,16471484,270,CDS
52358,16466495,16466799,304,CDS
52359,16463788,16464792,1004,CDS
52360,16521623,16521772,149,CDS
52361,16518805,16518837,32,CDS
52362,16514029,16514184,155,CDS
52363,16513715,16513920,205,CDS
52364,16509576,16509704,128,CDS
52365,16506348,16506439,91,CDS
52366,16505971,16506247,276,CDS
52367,16505507,16505816,309,CDS
52368,16503990,16504298,308,CDS
52369,16500507,16500569,62,CDS
52370,16498716,16498896,180,CDS
52371,16498445,16498656,211,CDS
52372,16498270,16498369,99,CDS
52373,16492447,16492515,68,CDS
52374,16489600,16489877,277,CDS
52375,16489343,16489516,173,CDS
52376,16488987,16489149,162,CDS
52377,16486718,16486905,187,CDS
52378,16486341,16486584,243,CDS
52379,16483678,16483889,211,CDS
52380,16482626,16483033,407,CDS
52381,16481326,16481499,173,CDS
52382,16477449,16477571,122,CDS
52383,16475628,16475750,122,CDS
52384,16474447,16474641,194,CDS
52385,16473582,16473827,245,CDS
52386,16471214,16471484,270,CDS
52387,16466495,16466799,304,CDS
52388,16463788,16464792,1004,CDS
52389,16521623,16521772,149,CDS
52390,16514029,16514184,155,CDS
52391,16513715,16513920,205,CDS
52392,16506348,16506439,91,CDS
52393,16505971,16506247,276,CDS
52394,16505507,16505816,309,CDS
52395,16503990,16504298,308,CDS
52396,16498716,16498896,180,CDS
52397,16498445,16498656,211,CDS
52398,16498270,16498369,99,CDS
52399,16492447,16492515,68,CDS
52400,16489600,16489853,253,CDS
52401,16489343,16489516,173,CDS
52402,16487883,16488045,162,CDS
52403,16486718,16486905,187,CDS
52404,16486380,16486584,204,CDS
52405,16481326,16481499,173,CDS
52406,16477449,16477571,122,CDS
52407,16475740,16475750,10,CDS
52408,16521623,16521772,149,CDS
52409,16514029,16514184,155,CDS
52410,16513715,16513920,205,CDS
52411,16506348,16506439,91,CDS
52412,16505971,16506247,276,CDS
52413,16505507,16505816,309,CDS
52414,16503990,16504298,308,CDS
52415,16498716,16498896,180,CDS
52416,16498445,16498656,211,CDS
52417,16498270,16498369,99,CDS
52418,16492447,16492515,68,CDS
52419,16489600,16489877,277,CDS
52420,16489343,16489516,173,CDS
52421,16487883,16488045,162,CDS
52422,16486718,16486905,187,CDS
52423,16486380,16486584,204,CDS
52424,16481326,16481499,173,CDS
52425,16477449,16477571,122,CDS
52426,16475740,16475750,10,CDS
52427,16521623,16521772,149,CDS
52428,16514029,16514184,155,CDS
52429,16513715,16513920,205,CDS
52430,16509576,16509704,128,CDS
52431,16506348,16506439,91,CDS
52432,16505971,16506247,276,CDS
52433,16505507,16505816,309,CDS
52434,16504062,16504298,236,CDS
52435,16498716,16498896,180,CDS
52436,16498445,16498656,211,CDS
52437,16498270,16498369,99,CDS
52438,16492447,16492515,68,CDS
52439,16489600,16489853,253,CDS
52440,16489343,16489516,173,CDS
52441,16486834,16486905,71,CDS
52442,16521623,16521772,149,CDS
52443,16514029,16514184,155,CDS
52444,16513715,16513920,205,CDS
52445,16509576,16509704,128,CDS
52446,16506348,16506439,91,CDS
52447,16505971,16506247,276,CDS
52448,16505507,16505816,309,CDS
52449,16503990,16504298,308,CDS
52450,16500507,16500569,62,CDS
52451,16498716,16498896,180,CDS
52452,16498445,16498656,211,CDS
52453,16498270,16498369,99,CDS
52454,16492447,16492515,68,CDS
52455,16489600,16489853,253,CDS
52456,16489343,16489516,173,CDS
52457,16486834,16486905,71,CDS
52458,16492701,16498220,5519,mobile_element
52459,16521623,16521772,149,CDS
52460,16514029,16514184,155,CDS
52461,16513715,16513920,205,CDS
52462,16506037,16506247,210,CDS
52463,16522684,16522733,49,mobile_element
52464,16522849,16522920,71,mobile_element
52465,16522967,16525415,2448,gene
52466,16522967,16525415,2448,mRNA
52467,16523302,16525221,1919,CDS
52468,16539153,16540852,1699,gene
52469,16539753,16540852,1099,mRNA
52470,16539153,16539680,527,mRNA
52471,16539753,16540781,1028,CDS
52472,16539345,16539680,335,CDS
52473,16541482,16541977,495,mobile_element
52474,16542124,16547520,5396,gene
52475,16547348,16547520,172,mRNA
52476,16546854,16547280,426,mRNA
52477,16546547,16546797,250,mRNA
52478,16545886,16546479,593,mRNA
52479,16545011,16545824,813,mRNA
52480,16542124,16544923,2799,mRNA
52481,16547348,16547520,172,mRNA
52482,16546854,16547280,426,mRNA
52483,16546547,16546797,250,mRNA
52484,16545886,16546479,593,mRNA
52485,16545011,16545824,813,mRNA
52486,16543570,16544923,1353,mRNA
52487,16547348,16547434,86,CDS
52488,16546854,16547280,426,CDS
52489,16546547,16546797,250,CDS
52490,16545886,16546479,593,CDS
52491,16545011,16545824,813,CDS
52492,16543683,16544923,1240,CDS
52493,16547348,16547434,86,CDS
52494,16546854,16547280,426,CDS
52495,16546547,16546797,250,CDS
52496,16545886,16546479,593,CDS
52497,16545011,16545824,813,CDS
52498,16543683,16544923,1240,CDS
52499,16547765,16548142,377,mobile_element
52500,16548290,16553968,5678,gene
52501,16553781,16553951,170,mRNA
52502,16553344,16553558,214,mRNA
52503,16552340,16552450,110,mRNA
52504,16550250,16550465,215,mRNA
52505,16549977,16550186,209,mRNA
52506,16549478,16549906,428,mRNA
52507,16548290,16549412,1122,mRNA
52508,16553344,16553968,624,mRNA
52509,16552340,16552450,110,mRNA
52510,16550250,16550465,215,mRNA
52511,16549977,16550186,209,mRNA
52512,16549478,16549906,428,mRNA
52513,16548785,16549412,627,mRNA
52514,16553344,16553951,607,mRNA
52515,16552340,16552450,110,mRNA
52516,16551475,16551489,14,mRNA
52517,16550250,16550465,215,mRNA
52518,16549977,16550186,209,mRNA
52519,16549478,16549906,428,mRNA
52520,16548785,16549412,627,mRNA
52521,16553344,16553391,47,CDS
52522,16552340,16552450,110,CDS
52523,16550250,16550465,215,CDS
52524,16549977,16550186,209,CDS
52525,16549478,16549906,428,CDS
52526,16549242,16549412,170,CDS
52527,16553344,16553391,47,CDS
52528,16552340,16552450,110,CDS
52529,16550250,16550465,215,CDS
52530,16549977,16550186,209,CDS
52531,16549478,16549906,428,CDS
52532,16549242,16549412,170,CDS
52533,16553344,16553391,47,CDS
52534,16552340,16552450,110,CDS
52535,16551475,16551489,14,CDS
52536,16550250,16550465,215,CDS
52537,16549977,16550186,209,CDS
52538,16549478,16549906,428,CDS
52539,16549242,16549412,170,CDS
52540,16554627,16560016,5389,gene
52541,16554627,16560016,5389,mRNA
52542,16555466,16560016,4550,mRNA
52543,16556764,16560016,3252,mRNA
52544,16557695,16559407,1712,CDS
52545,16557695,16559407,1712,CDS
52546,16557695,16559407,1712,CDS
52547,16560684,16587172,26488,gene
52548,16586294,16586665,371,mRNA
52549,16560684,16568276,7592,mRNA
52550,16586429,16586665,236,mRNA
52551,16561677,16568276,6599,mRNA
52552,16569396,16569440,44,mRNA
52553,16564315,16568276,3961,mRNA
52554,16586925,16587172,247,mRNA
52555,16565473,16568276,2803,mRNA
52556,16566276,16568030,1754,CDS
52557,16566276,16568030,1754,CDS
52558,16566276,16568030,1754,CDS
52559,16566276,16568030,1754,CDS
52560,16587873,16588930,1057,gene
52561,16587873,16588930,1057,mRNA
52562,16588108,16588806,698,CDS
52563,16588996,16593439,4443,gene
52564,16593352,16593439,87,mRNA
52565,16593160,16593274,114,mRNA
52566,16592944,16593083,139,mRNA
52567,16589627,16592746,3119,mRNA
52568,16588996,16589552,556,mRNA
52569,16593352,16593366,14,CDS
52570,16593160,16593274,114,CDS
52571,16592944,16593083,139,CDS
52572,16589627,16592746,3119,CDS
52573,16589340,16589552,212,CDS
52574,16593677,16595867,2190,gene
52575,16593677,16594043,366,mRNA
52576,16594106,16594187,81,mRNA
52577,16594271,16594530,259,mRNA
52578,16594691,16595867,1176,mRNA
52579,16593677,16594043,366,mRNA
52580,16594106,16594187,81,mRNA
52581,16594271,16594530,259,mRNA
52582,16594691,16595416,725,mRNA
52583,16594001,16594043,42,CDS
52584,16594106,16594187,81,CDS
52585,16594271,16594530,259,CDS
52586,16594691,16594809,118,CDS
52587,16594001,16594043,42,CDS
52588,16594106,16594187,81,CDS
52589,16594271,16594530,259,CDS
52590,16594691,16594809,118,CDS
52591,16595136,16599215,4079,gene
52592,16595136,16598496,3360,mRNA
52593,16599153,16599215,62,mRNA
52594,16596526,16598429,1903,mRNA
52595,16596526,16598496,1970,mRNA
52596,16596683,16598242,1559,CDS
52597,16596716,16598242,1526,CDS
52598,16596716,16598242,1526,CDS
52599,16599241,16610459,11218,gene
52600,16599241,16600313,1072,mRNA
52601,16600380,16600895,515,mRNA
52602,16600954,16601198,244,mRNA
52603,16601376,16605786,4410,mRNA
52604,16605850,16606008,158,mRNA
52605,16607933,16608000,67,mRNA
52606,16609005,16610459,1454,mRNA
52607,16599241,16599639,398,mRNA
52608,16599724,16600313,589,mRNA
52609,16600380,16600895,515,mRNA
52610,16600954,16601198,244,mRNA
52611,16601376,16605786,4410,mRNA
52612,16605850,16606008,158,mRNA
52613,16606862,16606999,137,mRNA
52614,16607933,16608000,67,mRNA
52615,16609005,16610459,1454,mRNA
52616,16599241,16599639,398,mRNA
52617,16599724,16600313,589,mRNA
52618,16600380,16600895,515,mRNA
52619,16600954,16601198,244,mRNA
52620,16601376,16605786,4410,mRNA
52621,16605850,16606008,158,mRNA
52622,16607933,16608000,67,mRNA
52623,16609005,16610459,1454,mRNA
52624,16600155,16600313,158,CDS
52625,16600380,16600895,515,CDS
52626,16600954,16601198,244,CDS
52627,16601376,16605786,4410,CDS
52628,16605850,16606008,158,CDS
52629,16606862,16606999,137,CDS
52630,16607933,16608000,67,CDS
52631,16609005,16609098,93,CDS
52632,16600155,16600313,158,CDS
52633,16600380,16600895,515,CDS
52634,16600954,16601198,244,CDS
52635,16601376,16605786,4410,CDS
52636,16605850,16606008,158,CDS
52637,16607933,16608000,67,CDS
52638,16609005,16609098,93,CDS
52639,16600155,16600313,158,CDS
52640,16600380,16600895,515,CDS
52641,16600954,16601198,244,CDS
52642,16601376,16605786,4410,CDS
52643,16605850,16606008,158,CDS
52644,16607933,16608000,67,CDS
52645,16609005,16609098,93,CDS
52646,16606108,16606194,86,gene
52647,16606108,16606194,86,precursor_RNA
52648,16606125,16606145,20,ncRNA
52649,16606161,16606182,21,ncRNA
52650,16610685,16614856,4171,gene
52651,16610685,16612362,1677,mRNA
52652,16612434,16612705,271,mRNA
52653,16613538,16614856,1318,mRNA
52654,16611192,16612362,1170,CDS
52655,16612434,16612705,271,CDS
52656,16613538,16614014,476,CDS
52657,16612777,16613274,497,gene
52658,16612777,16613274,497,ncRNA
52659,16615028,16621589,6561,gene
52660,16621330,16621589,259,mRNA
52661,16615830,16616344,514,mRNA
52662,16615028,16615658,630,mRNA
52663,16621330,16621346,16,CDS
52664,16615830,16616344,514,CDS
52665,16615510,16615658,148,CDS
52666,16624012,16637414,13402,gene
52667,16636428,16637414,986,mRNA
52668,16636222,16636361,139,mRNA
52669,16632768,16632913,145,mRNA
52670,16632445,16632701,256,mRNA
52671,16627934,16630562,2628,mRNA
52672,16627596,16627870,274,mRNA
52673,16627301,16627494,193,mRNA
52674,16627035,16627228,193,mRNA
52675,16626861,16626966,105,mRNA
52676,16626570,16626794,224,mRNA
52677,16624012,16624078,66,mRNA
52678,16636222,16636283,61,CDS
52679,16632768,16632913,145,CDS
52680,16632445,16632701,256,CDS
52681,16627934,16630562,2628,CDS
52682,16627596,16627870,274,CDS
52683,16627301,16627494,193,CDS
52684,16627035,16627228,193,CDS
52685,16626861,16626966,105,CDS
52686,16626570,16626794,224,CDS
52687,16624042,16624078,36,CDS
52688,16636428,16637414,986,mRNA
52689,16636222,16636361,139,mRNA
52690,16632768,16632913,145,mRNA
52691,16632445,16632701,256,mRNA
52692,16627934,16630562,2628,mRNA
52693,16627596,16627870,274,mRNA
52694,16627301,16627467,166,mRNA
52695,16627035,16627228,193,mRNA
52696,16626861,16626966,105,mRNA
52697,16626570,16626794,224,mRNA
52698,16624211,16626247,2036,mRNA
52699,16636428,16637414,986,mRNA
52700,16636222,16636361,139,mRNA
52701,16632768,16632913,145,mRNA
52702,16632445,16632701,256,mRNA
52703,16627934,16630562,2628,mRNA
52704,16627596,16627870,274,mRNA
52705,16627301,16627494,193,mRNA
52706,16627035,16627228,193,mRNA
52707,16626861,16626966,105,mRNA
52708,16626570,16626794,224,mRNA
52709,16624211,16626247,2036,mRNA
52710,16635540,16635667,127,mRNA
52711,16632768,16632913,145,mRNA
52712,16632445,16632701,256,mRNA
52713,16627934,16630562,2628,mRNA
52714,16627596,16627870,274,mRNA
52715,16627301,16627494,193,mRNA
52716,16627035,16627228,193,mRNA
52717,16626861,16626966,105,mRNA
52718,16626570,16626794,224,mRNA
52719,16625109,16626247,1138,mRNA
52720,16636222,16636283,61,CDS
52721,16632768,16632913,145,CDS
52722,16632445,16632701,256,CDS
52723,16627934,16630562,2628,CDS
52724,16627596,16627870,274,CDS
52725,16627301,16627467,166,CDS
52726,16627035,16627228,193,CDS
52727,16626861,16626966,105,CDS
52728,16626570,16626794,224,CDS
52729,16626163,16626247,84,CDS
52730,16636222,16636283,61,CDS
52731,16632768,16632913,145,CDS
52732,16632445,16632701,256,CDS
52733,16627934,16630562,2628,CDS
52734,16627596,16627870,274,CDS
52735,16627301,16627494,193,CDS
52736,16627035,16627228,193,CDS
52737,16626861,16626966,105,CDS
52738,16626570,16626794,224,CDS
52739,16626163,16626247,84,CDS
52740,16635540,16635574,34,CDS
52741,16632768,16632913,145,CDS
52742,16632445,16632701,256,CDS
52743,16627934,16630562,2628,CDS
52744,16627596,16627870,274,CDS
52745,16627301,16627494,193,CDS
52746,16627035,16627228,193,CDS
52747,16626861,16626966,105,CDS
52748,16626570,16626794,224,CDS
52749,16626163,16626247,84,CDS
52750,16630673,16632235,1562,gene
52751,16631802,16632235,433,mRNA
52752,16630673,16631737,1064,mRNA
52753,16631802,16632144,342,CDS
52754,16630839,16631737,898,CDS
52755,16632490,16632839,349,gene
52756,16632490,16632695,205,ncRNA
52757,16632754,16632839,85,ncRNA
52758,16637894,16639249,1355,gene
52759,16637894,16637927,33,mRNA
52760,16638233,16638303,70,mRNA
52761,16638406,16639249,843,mRNA
52762,16637894,16638303,409,mRNA
52763,16638406,16638920,514,mRNA
52764,16637894,16637949,55,mRNA
52765,16638233,16638303,70,mRNA
52766,16638406,16638920,514,mRNA
52767,16637894,16637927,33,mRNA
52768,16638233,16638303,70,mRNA
52769,16638406,16638920,514,mRNA
52770,16638141,16638303,162,mRNA
52771,16638406,16638920,514,mRNA
52772,16638233,16638303,70,CDS
52773,16638406,16638805,399,CDS
52774,16638233,16638303,70,CDS
52775,16638406,16638805,399,CDS
52776,16638233,16638303,70,CDS
52777,16638406,16638805,399,CDS
52778,16638233,16638303,70,CDS
52779,16638406,16638805,399,CDS
52780,16638233,16638303,70,CDS
52781,16638406,16638805,399,CDS
52782,16639810,16640419,609,gene
52783,16640306,16640419,113,mRNA
52784,16640093,16640240,147,mRNA
52785,16639810,16640030,220,mRNA
52786,16640306,16640419,113,mRNA
52787,16640093,16640240,147,mRNA
52788,16639861,16640030,169,mRNA
52789,16640306,16640337,31,CDS
52790,16640093,16640240,147,CDS
52791,16639980,16640030,50,CDS
52792,16640306,16640337,31,CDS
52793,16640093,16640240,147,CDS
52794,16639980,16640030,50,CDS
52795,16640968,16650309,9341,gene
52796,16640968,16643509,2541,mRNA
52797,16647769,16650309,2540,mRNA
52798,16640968,16643509,2541,mRNA
52799,16647769,16649697,1928,mRNA
52800,16641477,16643507,2030,CDS
52801,16641477,16643507,2030,CDS
52802,16645867,16646167,300,gene
52803,16645867,16646167,300,ncRNA
52804,16651376,16653275,1899,gene
52805,16651376,16653275,1899,gene
52806,16651376,16651530,154,mRNA
52807,16651587,16652016,429,mRNA
52808,16652079,16653275,1196,mRNA
52809,16651376,16651530,154,mRNA
52810,16651587,16652016,429,mRNA
52811,16652079,16653275,1196,mRNA
52812,16651376,16651530,154,mRNA
52813,16651587,16652048,461,mRNA
52814,16651483,16651530,47,CDS
52815,16651587,16651841,254,CDS
52816,16651483,16651530,47,CDS
52817,16651587,16651841,254,CDS
52818,16651882,16652016,134,mRNA
52819,16652079,16653275,1196,mRNA
52820,16651927,16652016,89,CDS
52821,16652079,16653167,1088,CDS
52822,16651927,16652016,89,CDS
52823,16652079,16653167,1088,CDS
52824,16653220,16655015,1795,gene
52825,16654136,16655015,879,mRNA
52826,16653220,16654068,848,mRNA
52827,16654136,16654867,731,CDS
52828,16653436,16654068,632,CDS
52829,16655359,16668712,13353,gene
52830,16655359,16655609,250,mRNA
52831,16656385,16657156,771,mRNA
52832,16657221,16660472,3251,mRNA
52833,16660538,16660642,104,mRNA
52834,16665188,16665327,139,mRNA
52835,16666035,16667859,1824,mRNA
52836,16667937,16668320,383,mRNA
52837,16668385,16668712,327,mRNA
52838,16655470,16655609,139,mRNA
52839,16656385,16657156,771,mRNA
52840,16657221,16660472,3251,mRNA
52841,16660538,16660642,104,mRNA
52842,16665188,16665327,139,mRNA
52843,16666035,16667859,1824,mRNA
52844,16667937,16668320,383,mRNA
52845,16668385,16668712,327,mRNA
52846,16656091,16656159,68,mRNA
52847,16656385,16657156,771,mRNA
52848,16657221,16660472,3251,mRNA
52849,16660538,16660642,104,mRNA
52850,16665188,16665327,139,mRNA
52851,16666035,16667859,1824,mRNA
52852,16667937,16668320,383,mRNA
52853,16668385,16668712,327,mRNA
52854,16656398,16657156,758,CDS
52855,16657221,16660472,3251,CDS
52856,16660538,16660642,104,CDS
52857,16665188,16665327,139,CDS
52858,16666035,16667859,1824,CDS
52859,16667937,16668320,383,CDS
52860,16668385,16668594,209,CDS
52861,16656398,16657156,758,CDS
52862,16657221,16660472,3251,CDS
52863,16660538,16660642,104,CDS
52864,16665188,16665327,139,CDS
52865,16666035,16667859,1824,CDS
52866,16667937,16668320,383,CDS
52867,16668385,16668594,209,CDS
52868,16656398,16657156,758,CDS
52869,16657221,16660472,3251,CDS
52870,16660538,16660642,104,CDS
52871,16665188,16665327,139,CDS
52872,16666035,16667859,1824,CDS
52873,16667937,16668320,383,CDS
52874,16668385,16668594,209,CDS
52875,16660898,16664455,3557,gene
52876,16663839,16664455,616,mRNA
52877,16660898,16663709,2811,mRNA
52878,16663839,16664455,616,CDS
52879,16661072,16663709,2637,CDS
52880,16668818,16676753,7935,gene
52881,16676171,16676753,582,mRNA
52882,16670057,16670135,78,mRNA
52883,16669313,16669442,129,mRNA
52884,16668818,16669224,406,mRNA
52885,16676136,16676753,617,mRNA
52886,16670057,16670135,78,mRNA
52887,16669313,16669442,129,mRNA
52888,16668818,16669224,406,mRNA
52889,16672920,16673036,116,mRNA
52890,16670057,16670135,78,mRNA
52891,16669313,16669442,129,mRNA
52892,16668818,16669224,406,mRNA
52893,16672913,16673036,123,mRNA
52894,16670057,16670135,78,mRNA
52895,16669313,16669442,129,mRNA
52896,16668818,16669224,406,mRNA
52897,16670057,16670132,75,CDS
52898,16669313,16669442,129,CDS
52899,16669041,16669224,183,CDS
52900,16670057,16670132,75,CDS
52901,16669313,16669442,129,CDS
52902,16669041,16669224,183,CDS
52903,16670057,16670132,75,CDS
52904,16669313,16669442,129,CDS
52905,16669041,16669224,183,CDS
52906,16670057,16670132,75,CDS
52907,16669313,16669442,129,CDS
52908,16669041,16669224,183,CDS
52909,16678265,16678945,680,gene
52910,16678265,16678945,680,mRNA
52911,16678439,16678843,404,CDS
52912,16679297,16681784,2487,gene
52913,16679297,16679626,329,mRNA
52914,16679770,16679910,140,mRNA
52915,16679985,16681784,1799,mRNA
52916,16679315,16679626,311,CDS
52917,16679770,16679910,140,CDS
52918,16679985,16680062,77,CDS
52919,16680089,16683895,3806,gene
52920,16683422,16683895,473,mRNA
52921,16683209,16683357,148,mRNA
52922,16683027,16683133,106,mRNA
52923,16682201,16682471,270,mRNA
52924,16681910,16682122,212,mRNA
52925,16680601,16681571,970,mRNA
52926,16680364,16680540,176,mRNA
52927,16680089,16680301,212,mRNA
52928,16683422,16683440,18,CDS
52929,16683209,16683357,148,CDS
52930,16683027,16683133,106,CDS
52931,16682201,16682471,270,CDS
52932,16681910,16682122,212,CDS
52933,16680601,16681571,970,CDS
52934,16680364,16680540,176,CDS
52935,16680268,16680301,33,CDS
52936,16684216,16695173,10957,gene
52937,16695118,16695173,55,mRNA
52938,16694043,16694371,328,mRNA
52939,16686310,16686769,459,mRNA
52940,16685508,16685910,402,mRNA
52941,16684216,16685411,1195,mRNA
52942,16694951,16695144,193,mRNA
52943,16694043,16694371,328,mRNA
52944,16686310,16686769,459,mRNA
52945,16685508,16685910,402,mRNA
52946,16684216,16685411,1195,mRNA
52947,16694831,16695144,313,mRNA
52948,16694043,16694419,376,mRNA
52949,16686310,16686769,459,mRNA
52950,16685508,16685910,402,mRNA
52951,16684216,16685411,1195,mRNA
52952,16694618,16695144,526,mRNA
52953,16694043,16694352,309,mRNA
52954,16686310,16686769,459,mRNA
52955,16685508,16685910,402,mRNA
52956,16684216,16685411,1195,mRNA
52957,16694618,16695144,526,mRNA
52958,16694043,16694371,328,mRNA
52959,16686310,16686769,459,mRNA
52960,16685508,16685910,402,mRNA
52961,16684216,16685411,1195,mRNA
52962,16694614,16695144,530,mRNA
52963,16694043,16694371,328,mRNA
52964,16686310,16686769,459,mRNA
52965,16685508,16685910,402,mRNA
52966,16684216,16685411,1195,mRNA
52967,16687160,16687533,373,mRNA
52968,16686310,16686769,459,mRNA
52969,16685508,16685910,402,mRNA
52970,16684216,16685411,1195,mRNA
52971,16694043,16694202,159,CDS
52972,16686310,16686769,459,CDS
52973,16685508,16685910,402,CDS
52974,16685151,16685411,260,CDS
52975,16694043,16694202,159,CDS
52976,16686310,16686769,459,CDS
52977,16685508,16685910,402,CDS
52978,16685151,16685411,260,CDS
52979,16694043,16694202,159,CDS
52980,16686310,16686769,459,CDS
52981,16685508,16685910,402,CDS
52982,16685151,16685411,260,CDS
52983,16694043,16694202,159,CDS
52984,16686310,16686769,459,CDS
52985,16685508,16685910,402,CDS
52986,16685151,16685411,260,CDS
52987,16694043,16694202,159,CDS
52988,16686310,16686769,459,CDS
52989,16685508,16685910,402,CDS
52990,16685151,16685411,260,CDS
52991,16694043,16694202,159,CDS
52992,16686310,16686769,459,CDS
52993,16685508,16685910,402,CDS
52994,16685151,16685411,260,CDS
52995,16687160,16687163,3,CDS
52996,16686310,16686769,459,CDS
52997,16685508,16685910,402,CDS
52998,16685151,16685411,260,CDS
52999,16696131,16711145,15014,gene
53000,16696131,16696257,126,mRNA
53001,16696497,16696624,127,mRNA
53002,16707653,16707934,281,mRNA
53003,16708159,16708491,332,mRNA
53004,16708551,16708738,187,mRNA
53005,16709359,16709669,310,mRNA
53006,16709736,16709912,176,mRNA
53007,16709985,16710077,92,mRNA
53008,16710778,16711145,367,mRNA
53009,16696131,16696217,86,mRNA
53010,16696497,16696624,127,mRNA
53011,16707653,16707934,281,mRNA
53012,16708159,16708491,332,mRNA
53013,16708551,16708738,187,mRNA
53014,16709240,16709281,41,mRNA
53015,16709374,16709669,295,mRNA
53016,16709736,16709912,176,mRNA
53017,16709985,16710077,92,mRNA
53018,16710778,16711145,367,mRNA
53019,16696131,16696217,86,mRNA
53020,16696497,16696624,127,mRNA
53021,16707653,16707934,281,mRNA
53022,16708159,16708491,332,mRNA
53023,16708551,16708738,187,mRNA
53024,16709252,16709281,29,mRNA
53025,16709374,16709669,295,mRNA
53026,16709736,16709912,176,mRNA
53027,16709985,16710077,92,mRNA
53028,16710778,16711145,367,mRNA
53029,16696131,16696217,86,mRNA
53030,16696497,16696624,127,mRNA
53031,16707653,16707934,281,mRNA
53032,16708159,16708491,332,mRNA
53033,16708551,16708738,187,mRNA
53034,16709374,16709669,295,mRNA
53035,16709736,16709912,176,mRNA
53036,16709985,16710077,92,mRNA
53037,16710204,16710313,109,mRNA
53038,16710778,16711145,367,mRNA
53039,16696131,16696217,86,mRNA
53040,16696497,16696624,127,mRNA
53041,16707653,16707934,281,mRNA
53042,16708159,16708491,332,mRNA
53043,16708551,16708738,187,mRNA
53044,16709374,16709669,295,mRNA
53045,16709736,16709912,176,mRNA
53046,16709985,16710077,92,mRNA
53047,16710778,16711145,367,mRNA
53048,16696131,16696217,86,mRNA
53049,16696497,16696624,127,mRNA
53050,16708159,16708491,332,mRNA
53051,16708551,16708738,187,mRNA
53052,16709374,16709669,295,mRNA
53053,16709736,16709912,176,mRNA
53054,16709985,16710077,92,mRNA
53055,16710778,16711145,367,mRNA
53056,16696131,16696217,86,mRNA
53057,16696497,16696624,127,mRNA
53058,16707653,16707934,281,mRNA
53059,16708159,16708491,332,mRNA
53060,16708551,16708738,187,mRNA
53061,16709240,16709281,41,mRNA
53062,16709374,16709669,295,mRNA
53063,16709736,16709912,176,mRNA
53064,16709985,16710077,92,mRNA
53065,16710204,16710479,275,mRNA
53066,16696131,16696217,86,mRNA
53067,16696497,16696624,127,mRNA
53068,16707653,16707934,281,mRNA
53069,16708159,16708491,332,mRNA
53070,16708551,16708738,187,mRNA
53071,16709359,16709669,310,mRNA
53072,16709736,16709912,176,mRNA
53073,16709985,16710077,92,mRNA
53074,16710204,16710479,275,mRNA
53075,16699152,16700170,1018,gene
53076,16699912,16700170,258,mRNA
53077,16699152,16699856,704,mRNA
53078,16699912,16700138,226,CDS
53079,16699328,16699856,528,CDS
53080,16700446,16701972,1526,gene
53081,16701677,16701972,295,mRNA
53082,16700446,16701412,966,mRNA
53083,16701677,16701897,220,CDS
53084,16700884,16701412,528,CDS
53085,16702786,16703884,1098,gene
53086,16703630,16703884,254,mRNA
53087,16702786,16703508,722,mRNA
53088,16703630,16703884,254,mRNA
53089,16702873,16703508,635,mRNA
53090,16703630,16703862,232,CDS
53091,16702956,16703508,552,CDS
53092,16703630,16703862,232,CDS
53093,16702956,16703508,552,CDS
53094,16704081,16705278,1197,gene
53095,16704081,16704311,230,mRNA
53096,16704615,16705278,663,mRNA
53097,16704088,16704311,223,CDS
53098,16704615,16705155,540,CDS
53099,16705971,16706874,903,gene
53100,16706621,16706874,253,mRNA
53101,16705971,16706529,558,mRNA
53102,16706621,16706844,223,CDS
53103,16705992,16706529,537,CDS
53104,16707687,16707934,247,CDS
53105,16708159,16708491,332,CDS
53106,16708551,16708738,187,CDS
53107,16709240,16709281,41,CDS
53108,16709374,16709669,295,CDS
53109,16709736,16709912,176,CDS
53110,16709985,16710077,92,CDS
53111,16710778,16710984,206,CDS
53112,16707687,16707934,247,CDS
53113,16708159,16708491,332,CDS
53114,16708551,16708738,187,CDS
53115,16709252,16709281,29,CDS
53116,16709374,16709669,295,CDS
53117,16709736,16709912,176,CDS
53118,16709985,16710077,92,CDS
53119,16710778,16710984,206,CDS
53120,16707687,16707934,247,CDS
53121,16708159,16708491,332,CDS
53122,16708551,16708738,187,CDS
53123,16709359,16709669,310,CDS
53124,16709736,16709912,176,CDS
53125,16709985,16710077,92,CDS
53126,16710778,16710984,206,CDS
53127,16707687,16707934,247,CDS
53128,16708159,16708491,332,CDS
53129,16708551,16708738,187,CDS
53130,16709374,16709669,295,CDS
53131,16709736,16709912,176,CDS
53132,16709985,16710077,92,CDS
53133,16710778,16710984,206,CDS
53134,16707687,16707934,247,CDS
53135,16708159,16708491,332,CDS
53136,16708551,16708738,187,CDS
53137,16709240,16709281,41,CDS
53138,16709374,16709669,295,CDS
53139,16709736,16709912,176,CDS
53140,16709985,16710077,92,CDS
53141,16710204,16710293,89,CDS
53142,16707687,16707934,247,CDS
53143,16708159,16708491,332,CDS
53144,16708551,16708738,187,CDS
53145,16709359,16709669,310,CDS
53146,16709736,16709912,176,CDS
53147,16709985,16710077,92,CDS
53148,16710204,16710293,89,CDS
53149,16707687,16707934,247,CDS
53150,16708159,16708491,332,CDS
53151,16708551,16708738,187,CDS
53152,16709374,16709669,295,CDS
53153,16709736,16709912,176,CDS
53154,16709985,16710077,92,CDS
53155,16710204,16710293,89,CDS
53156,16708238,16708491,253,CDS
53157,16708551,16708738,187,CDS
53158,16709374,16709669,295,CDS
53159,16709736,16709912,176,CDS
53160,16709985,16710077,92,CDS
53161,16710778,16710984,206,CDS
53162,16711303,16714372,3069,gene
53163,16711303,16711580,277,mRNA
53164,16711655,16714372,2717,mRNA
53165,16711506,16711580,74,CDS
53166,16711655,16714213,2558,CDS
53167,16714449,16721411,6962,gene
53168,16721207,16721411,204,mRNA
53169,16720712,16720774,62,mRNA
53170,16715056,16715289,233,mRNA
53171,16714449,16714966,517,mRNA
53172,16721207,16721411,204,mRNA
53173,16720712,16720774,62,mRNA
53174,16716438,16716662,224,mRNA
53175,16715056,16715289,233,mRNA
53176,16714449,16714966,517,mRNA
53177,16721200,16721411,211,mRNA
53178,16720712,16720774,62,mRNA
53179,16716438,16716662,224,mRNA
53180,16715056,16715289,233,mRNA
53181,16714449,16714966,517,mRNA
53182,16720712,16720714,2,CDS
53183,16715056,16715289,233,CDS
53184,16714889,16714966,77,CDS
53185,16720712,16720714,2,CDS
53186,16716438,16716662,224,CDS
53187,16715056,16715289,233,CDS
53188,16714889,16714966,77,CDS
53189,16720712,16720714,2,CDS
53190,16716438,16716662,224,CDS
53191,16715056,16715289,233,CDS
53192,16714889,16714966,77,CDS
53193,16721183,16726948,5765,gene
53194,16721183,16721824,641,mRNA
53195,16722117,16722928,811,mRNA
53196,16726081,16726566,485,mRNA
53197,16726625,16726948,323,mRNA
53198,16721501,16721824,323,CDS
53199,16722117,16722928,811,CDS
53200,16726081,16726566,485,CDS
53201,16726625,16726730,105,CDS
53202,16727049,16727112,63,mobile_element
53203,16727304,16751910,24606,gene
53204,16751508,16751910,402,mRNA
53205,16745515,16745953,438,mRNA
53206,16744845,16745180,335,mRNA
53207,16744614,16744772,158,mRNA
53208,16729783,16730046,263,mRNA
53209,16729572,16729723,151,mRNA
53210,16729388,16729515,127,mRNA
53211,16728774,16729325,551,mRNA
53212,16728538,16728660,122,mRNA
53213,16727950,16728453,503,mRNA
53214,16727304,16727889,585,mRNA
53215,16751508,16751910,402,mRNA
53216,16745515,16745953,438,mRNA
53217,16744845,16745195,350,mRNA
53218,16744614,16744772,158,mRNA
53219,16729783,16730046,263,mRNA
53220,16729572,16729723,151,mRNA
53221,16729388,16729515,127,mRNA
53222,16728774,16729325,551,mRNA
53223,16728538,16728660,122,mRNA
53224,16727950,16728453,503,mRNA
53225,16727304,16727889,585,mRNA
53226,16746060,16746082,22,mRNA
53227,16745515,16745953,438,mRNA
53228,16744845,16745195,350,mRNA
53229,16744614,16744772,158,mRNA
53230,16729783,16730046,263,mRNA
53231,16729572,16729723,151,mRNA
53232,16729388,16729515,127,mRNA
53233,16728774,16729325,551,mRNA
53234,16728538,16728660,122,mRNA
53235,16727950,16728453,503,mRNA
53236,16727304,16727889,585,mRNA
53237,16745515,16745833,318,CDS
53238,16744845,16745180,335,CDS
53239,16744614,16744772,158,CDS
53240,16729783,16730046,263,CDS
53241,16729572,16729723,151,CDS
53242,16729388,16729515,127,CDS
53243,16728774,16729325,551,CDS
53244,16728538,16728660,122,CDS
53245,16727950,16728453,503,CDS
53246,16727802,16727889,87,CDS
53247,16745515,16745833,318,CDS
53248,16744845,16745195,350,CDS
53249,16744614,16744772,158,CDS
53250,16729783,16730046,263,CDS
53251,16729572,16729723,151,CDS
53252,16729388,16729515,127,CDS
53253,16728774,16729325,551,CDS
53254,16728538,16728660,122,CDS
53255,16727950,16728453,503,CDS
53256,16727802,16727889,87,CDS
53257,16745515,16745833,318,CDS
53258,16744845,16745195,350,CDS
53259,16744614,16744772,158,CDS
53260,16729783,16730046,263,CDS
53261,16729572,16729723,151,CDS
53262,16729388,16729515,127,CDS
53263,16728774,16729325,551,CDS
53264,16728538,16728660,122,CDS
53265,16727950,16728453,503,CDS
53266,16727802,16727889,87,CDS
53267,16731091,16732630,1539,gene
53268,16731091,16731184,93,mRNA
53269,16731253,16732003,750,mRNA
53270,16732110,16732630,520,mRNA
53271,16731170,16731184,14,CDS
53272,16731253,16732003,750,CDS
53273,16732110,16732384,274,CDS
53274,16734947,16735980,1033,gene
53275,16734947,16735980,1033,mRNA
53276,16735073,16735816,743,CDS
53277,16738178,16738868,690,gene
53278,16738178,16738868,690,mRNA
53279,16738178,16738810,632,CDS
53280,16740906,16742918,2012,gene
53281,16740906,16741183,277,mRNA
53282,16741239,16741429,190,mRNA
53283,16741524,16741857,333,mRNA
53284,16741904,16742918,1014,mRNA
53285,16740906,16741183,277,mRNA
53286,16741239,16741429,190,mRNA
53287,16741524,16741857,333,mRNA
53288,16741904,16742639,735,mRNA
53289,16741004,16741183,179,CDS
53290,16741239,16741429,190,CDS
53291,16741524,16741857,333,CDS
53292,16741904,16742176,272,CDS
53293,16741004,16741183,179,CDS
53294,16741239,16741429,190,CDS
53295,16741524,16741857,333,CDS
53296,16741904,16742176,272,CDS
53297,16742847,16744365,1518,gene
53298,16742847,16742937,90,mRNA
53299,16743020,16743848,828,mRNA
53300,16743932,16744365,433,mRNA
53301,16742923,16742937,14,CDS
53302,16743020,16743848,828,CDS
53303,16743932,16744254,322,CDS
53304,16752189,16783434,31245,gene
53305,16783318,16783434,116,mRNA
53306,16779851,16780196,345,mRNA
53307,16771565,16771695,130,mRNA
53308,16769853,16769950,97,mRNA
53309,16764485,16764611,126,mRNA
53310,16760948,16761009,61,mRNA
53311,16760331,16760379,48,mRNA
53312,16755837,16757115,1278,mRNA
53313,16755522,16755765,243,mRNA
53314,16753635,16755464,1829,mRNA
53315,16752189,16753554,1365,mRNA
53316,16783318,16783434,116,mRNA
53317,16779851,16780196,345,mRNA
53318,16771565,16771695,130,mRNA
53319,16769853,16769950,97,mRNA
53320,16764485,16764611,126,mRNA
53321,16760948,16761009,61,mRNA
53322,16760331,16760379,48,mRNA
53323,16758514,16758588,74,mRNA
53324,16755837,16757115,1278,mRNA
53325,16755522,16755765,243,mRNA
53326,16753635,16755464,1829,mRNA
53327,16752189,16753554,1365,mRNA
53328,16782470,16782545,75,mRNA
53329,16779851,16780196,345,mRNA
53330,16771565,16771695,130,mRNA
53331,16769853,16769950,97,mRNA
53332,16764485,16764611,126,mRNA
53333,16760948,16761009,61,mRNA
53334,16760331,16760379,48,mRNA
53335,16758514,16758588,74,mRNA
53336,16755837,16757115,1278,mRNA
53337,16755522,16755765,243,mRNA
53338,16753635,16755464,1829,mRNA
53339,16752189,16753554,1365,mRNA
53340,16780864,16781074,210,mRNA
53341,16779851,16780196,345,mRNA
53342,16771565,16771695,130,mRNA
53343,16769853,16769950,97,mRNA
53344,16764485,16764611,126,mRNA
53345,16760948,16761009,61,mRNA
53346,16760331,16760379,48,mRNA
53347,16758514,16758588,74,mRNA
53348,16755837,16757115,1278,mRNA
53349,16755522,16755765,243,mRNA
53350,16753635,16755464,1829,mRNA
53351,16752189,16753554,1365,mRNA
53352,16779851,16780056,205,CDS
53353,16771565,16771695,130,CDS
53354,16769853,16769950,97,CDS
53355,16764485,16764611,126,CDS
53356,16760948,16761009,61,CDS
53357,16760331,16760379,48,CDS
53358,16755837,16757115,1278,CDS
53359,16755522,16755765,243,CDS
53360,16753635,16755464,1829,CDS
53361,16753465,16753554,89,CDS
53362,16779851,16780056,205,CDS
53363,16771565,16771695,130,CDS
53364,16769853,16769950,97,CDS
53365,16764485,16764611,126,CDS
53366,16760948,16761009,61,CDS
53367,16760331,16760379,48,CDS
53368,16758514,16758588,74,CDS
53369,16755837,16757115,1278,CDS
53370,16755522,16755765,243,CDS
53371,16753635,16755464,1829,CDS
53372,16753465,16753554,89,CDS
53373,16779851,16780056,205,CDS
53374,16771565,16771695,130,CDS
53375,16769853,16769950,97,CDS
53376,16764485,16764611,126,CDS
53377,16760948,16761009,61,CDS
53378,16760331,16760379,48,CDS
53379,16758514,16758588,74,CDS
53380,16755837,16757115,1278,CDS
53381,16755522,16755765,243,CDS
53382,16753635,16755464,1829,CDS
53383,16753465,16753554,89,CDS
53384,16779851,16780056,205,CDS
53385,16771565,16771695,130,CDS
53386,16769853,16769950,97,CDS
53387,16764485,16764611,126,CDS
53388,16760948,16761009,61,CDS
53389,16760331,16760379,48,CDS
53390,16758514,16758588,74,CDS
53391,16755837,16757115,1278,CDS
53392,16755522,16755765,243,CDS
53393,16753635,16755464,1829,CDS
53394,16753465,16753554,89,CDS
53395,16783933,16785092,1159,gene
53396,16783933,16784344,411,mRNA
53397,16784418,16784631,213,mRNA
53398,16784746,16785092,346,mRNA
53399,16784075,16784344,269,CDS
53400,16784418,16784631,213,CDS
53401,16784746,16784963,217,CDS
53402,16785115,16787008,1893,gene
53403,16786565,16787008,443,mRNA
53404,16785115,16786504,1389,mRNA
53405,16786565,16786750,185,CDS
53406,16785479,16786504,1025,CDS
53407,16787283,16789644,2361,gene
53408,16787283,16787540,257,mRNA
53409,16787685,16788342,657,mRNA
53410,16788567,16789644,1077,mRNA
53411,16787752,16788342,590,mRNA
53412,16788567,16789644,1077,mRNA
53413,16787950,16788342,392,CDS
53414,16788567,16788695,128,CDS
53415,16787950,16788342,392,CDS
53416,16788567,16788695,128,CDS
53417,16789405,16791266,1861,gene
53418,16790674,16791266,592,mRNA
53419,16789773,16790513,740,mRNA
53420,16789405,16789717,312,mRNA
53421,16790674,16791266,592,mRNA
53422,16789773,16790513,740,mRNA
53423,16789453,16789717,264,mRNA
53424,16790674,16791130,456,CDS
53425,16789773,16790513,740,CDS
53426,16789677,16789717,40,CDS
53427,16790674,16791130,456,CDS
53428,16789773,16790513,740,CDS
53429,16789677,16789717,40,CDS
53430,16792119,16797742,5623,gene
53431,16792119,16792734,615,mRNA
53432,16794289,16794378,89,mRNA
53433,16794450,16794636,186,mRNA
53434,16794696,16794923,227,mRNA
53435,16795195,16797742,2547,mRNA
53436,16792119,16792734,615,mRNA
53437,16794289,16794378,89,mRNA
53438,16794450,16794636,186,mRNA
53439,16794696,16794923,227,mRNA
53440,16795195,16796756,1561,mRNA
53441,16792119,16792734,615,mRNA
53442,16794289,16794378,89,mRNA
53443,16794450,16794636,186,mRNA
53444,16794696,16794923,227,mRNA
53445,16795195,16796023,828,mRNA
53446,16792554,16792734,180,CDS
53447,16794289,16794378,89,CDS
53448,16794450,16794636,186,CDS
53449,16794696,16794923,227,CDS
53450,16795195,16795318,123,CDS
53451,16792554,16792734,180,CDS
53452,16794289,16794378,89,CDS
53453,16794450,16794636,186,CDS
53454,16794696,16794923,227,CDS
53455,16795195,16795318,123,CDS
53456,16792554,16792734,180,CDS
53457,16794289,16794378,89,CDS
53458,16794450,16794636,186,CDS
53459,16794696,16794923,227,CDS
53460,16795195,16795318,123,CDS
53461,16796902,16800710,3808,gene
53462,16799182,16799734,552,mRNA
53463,16798750,16798958,208,mRNA
53464,16796902,16798684,1782,mRNA
53465,16800526,16800710,184,mRNA
53466,16799182,16799578,396,mRNA
53467,16798750,16798958,208,mRNA
53468,16797516,16798684,1168,mRNA
53469,16800065,16800081,16,mRNA
53470,16799182,16799578,396,mRNA
53471,16798750,16798958,208,mRNA
53472,16797516,16798684,1168,mRNA
53473,16800526,16800608,82,CDS
53474,16799182,16799578,396,CDS
53475,16798750,16798958,208,CDS
53476,16798633,16798684,51,CDS
53477,16799182,16799535,353,CDS
53478,16798750,16798958,208,CDS
53479,16798633,16798684,51,CDS
53480,16799182,16799535,353,CDS
53481,16798750,16798958,208,CDS
53482,16798633,16798684,51,CDS
53483,16800930,16802000,1070,gene
53484,16800930,16801005,75,mRNA
53485,16801069,16801587,518,mRNA
53486,16801654,16802000,346,mRNA
53487,16800960,16801005,45,CDS
53488,16801069,16801587,518,CDS
53489,16801654,16801913,259,CDS
53490,16801929,16803344,1415,gene
53491,16802557,16803344,787,mRNA
53492,16801929,16802469,540,mRNA
53493,16802557,16803251,694,CDS
53494,16802037,16802469,432,CDS
53495,16803650,16805754,2104,gene
53496,16803650,16803992,342,mRNA
53497,16804071,16805754,1683,mRNA
53498,16803760,16803992,232,CDS
53499,16804071,16805280,1209,CDS
53500,16806047,16809230,3183,gene
53501,16809157,16809230,73,ncRNA
53502,16806608,16808776,2168,ncRNA
53503,16806047,16806552,505,ncRNA
53504,16806068,16808515,2447,gene
53505,16806068,16806500,432,mRNA
53506,16806634,16807300,666,mRNA
53507,16807363,16807957,594,mRNA
53508,16808021,16808515,494,mRNA
53509,16806307,16806500,193,CDS
53510,16806634,16807300,666,CDS
53511,16807363,16807957,594,CDS
53512,16808021,16808385,364,CDS
53513,16811699,16826494,14795,gene
53514,16811699,16812061,362,mRNA
53515,16822557,16822772,215,mRNA
53516,16823103,16823206,103,mRNA
53517,16823587,16824118,531,mRNA
53518,16824359,16824772,413,mRNA
53519,16824922,16825563,641,mRNA
53520,16825637,16826494,857,mRNA
53521,16811699,16812061,362,mRNA
53522,16822557,16822772,215,mRNA
53523,16823103,16823206,103,mRNA
53524,16823857,16824118,261,mRNA
53525,16824359,16824772,413,mRNA
53526,16824922,16825563,641,mRNA
53527,16825637,16826494,857,mRNA
53528,16812003,16812061,58,CDS
53529,16822557,16822772,215,CDS
53530,16823103,16823206,103,CDS
53531,16823587,16824118,531,CDS
53532,16824359,16824772,413,CDS
53533,16824922,16825563,641,CDS
53534,16825637,16826138,501,CDS
53535,16812003,16812061,58,CDS
53536,16822557,16822772,215,CDS
53537,16823103,16823206,103,CDS
53538,16823857,16824118,261,CDS
53539,16824359,16824772,413,CDS
53540,16824922,16825563,641,CDS
53541,16825637,16826138,501,CDS
53542,16815495,16815945,450,gene
53543,16815743,16815945,202,ncRNA
53544,16815495,16815612,117,ncRNA
53545,16816879,16817134,255,mRNA
53546,16822557,16822772,215,mRNA
53547,16823103,16823206,103,mRNA
53548,16823515,16824118,603,mRNA
53549,16824359,16824772,413,mRNA
53550,16824922,16825563,641,mRNA
53551,16825637,16826494,857,mRNA
53552,16816879,16817134,255,mRNA
53553,16822557,16822772,215,mRNA
53554,16823103,16823206,103,mRNA
53555,16823587,16824118,531,mRNA
53556,16824359,16824772,413,mRNA
53557,16824922,16825563,641,mRNA
53558,16825637,16826494,857,mRNA
53559,16816879,16817134,255,mRNA
53560,16822557,16822772,215,mRNA
53561,16823103,16823206,103,mRNA
53562,16823857,16824118,261,mRNA
53563,16824359,16824772,413,mRNA
53564,16824922,16825563,641,mRNA
53565,16825637,16826494,857,mRNA
53566,16816879,16817004,125,mRNA
53567,16822557,16822772,215,mRNA
53568,16823103,16823206,103,mRNA
53569,16823587,16824118,531,mRNA
53570,16824359,16824772,413,mRNA
53571,16824922,16825563,641,mRNA
53572,16825637,16826494,857,mRNA
53573,16822633,16822772,139,CDS
53574,16823103,16823206,103,CDS
53575,16823587,16824118,531,CDS
53576,16824359,16824772,413,CDS
53577,16824922,16825563,641,CDS
53578,16825637,16826138,501,CDS
53579,16822633,16822772,139,CDS
53580,16823103,16823206,103,CDS
53581,16823587,16824118,531,CDS
53582,16824359,16824772,413,CDS
53583,16824922,16825563,641,CDS
53584,16825637,16826138,501,CDS
53585,16822633,16822772,139,CDS
53586,16823103,16823206,103,CDS
53587,16823857,16824118,261,CDS
53588,16824359,16824772,413,CDS
53589,16824922,16825563,641,CDS
53590,16825637,16826138,501,CDS
53591,16824441,16824772,331,CDS
53592,16824922,16825563,641,CDS
53593,16825637,16826138,501,CDS
53594,16826681,16835520,8839,gene
53595,16826681,16835520,8839,gene
53596,16834612,16835520,908,mRNA
53597,16827676,16828075,399,mRNA
53598,16826681,16827605,924,mRNA
53599,16834612,16835520,908,mRNA
53600,16827676,16828075,399,mRNA
53601,16826681,16827605,924,mRNA
53602,16834612,16835520,908,mRNA
53603,16829040,16829126,86,mRNA
53604,16827676,16828075,399,mRNA
53605,16826681,16827605,924,mRNA
53606,16827676,16828142,466,mRNA
53607,16826681,16827605,924,mRNA
53608,16828178,16828183,5,mRNA
53609,16827676,16828116,440,mRNA
53610,16827117,16827605,488,mRNA
53611,16829040,16829086,46,CDS
53612,16827676,16828075,399,CDS
53613,16827399,16827605,206,CDS
53614,16827676,16828074,398,CDS
53615,16827399,16827605,206,CDS
53616,16827676,16828074,398,CDS
53617,16827399,16827605,206,CDS
53618,16827676,16828074,398,CDS
53619,16827399,16827605,206,CDS
53620,16834999,16835091,92,CDS
53621,16838017,16838085,68,mobile_element
53622,16838173,16844433,6260,gene
53623,16843151,16844433,1282,mRNA
53624,16842581,16842828,247,mRNA
53625,16842333,16842516,183,mRNA
53626,16841937,16842223,286,mRNA
53627,16841757,16841870,113,mRNA
53628,16841558,16841683,125,mRNA
53629,16838173,16841426,3253,mRNA
53630,16843151,16844433,1282,mRNA
53631,16842581,16842828,247,mRNA
53632,16842333,16842516,183,mRNA
53633,16841937,16842223,286,mRNA
53634,16841757,16841870,113,mRNA
53635,16841558,16841683,125,mRNA
53636,16840892,16841426,534,mRNA
53637,16843151,16843807,656,CDS
53638,16842581,16842828,247,CDS
53639,16842333,16842516,183,CDS
53640,16841937,16842223,286,CDS
53641,16841757,16841870,113,CDS
53642,16841558,16841683,125,CDS
53643,16841099,16841426,327,CDS
53644,16843151,16843807,656,CDS
53645,16842581,16842828,247,CDS
53646,16842333,16842516,183,CDS
53647,16841937,16842223,286,CDS
53648,16841757,16841870,113,CDS
53649,16841558,16841683,125,CDS
53650,16841099,16841426,327,CDS
53651,16844807,16876544,31737,gene
53652,16876020,16876544,524,mRNA
53653,16864185,16864218,33,mRNA
53654,16857441,16857859,418,mRNA
53655,16849296,16849941,645,mRNA
53656,16846942,16848958,2016,mRNA
53657,16844807,16846626,1819,mRNA
53658,16874543,16874832,289,mRNA
53659,16864185,16864218,33,mRNA
53660,16857441,16857859,418,mRNA
53661,16849296,16849941,645,mRNA
53662,16846942,16848958,2016,mRNA
53663,16844807,16846626,1819,mRNA
53664,16853132,16853236,104,mRNA
53665,16846942,16849941,2999,mRNA
53666,16844807,16846626,1819,mRNA
53667,16849296,16849939,643,CDS
53668,16846942,16848958,2016,CDS
53669,16845811,16846626,815,CDS
53670,16849296,16849939,643,CDS
53671,16846942,16848958,2016,CDS
53672,16845811,16846626,815,CDS
53673,16846942,16848951,2009,CDS
53674,16845811,16846626,815,CDS
53675,16881347,16882790,1443,gene
53676,16881347,16882250,903,mRNA
53677,16882321,16882518,197,mRNA
53678,16882610,16882790,180,mRNA
53679,16881455,16882250,795,CDS
53680,16882321,16882518,197,CDS
53681,16882610,16882683,73,CDS
53682,16882509,16884365,1856,gene
53683,16884064,16884365,301,mRNA
53684,16883495,16884001,506,mRNA
53685,16882509,16883406,897,mRNA
53686,16884064,16884240,176,CDS
53687,16883495,16884001,506,CDS
53688,16882852,16883406,554,CDS
53689,16884581,16886612,2031,gene
53690,16884581,16884608,27,mRNA
53691,16884686,16884800,114,mRNA
53692,16884864,16885016,152,mRNA
53693,16885076,16885604,528,mRNA
53694,16886300,16886612,312,mRNA
53695,16884581,16884608,27,mRNA
53696,16884686,16884800,114,mRNA
53697,16884864,16885016,152,mRNA
53698,16885076,16885859,783,mRNA
53699,16884601,16884608,7,CDS
53700,16884686,16884800,114,CDS
53701,16884864,16885016,152,CDS
53702,16885076,16885516,440,CDS
53703,16884601,16884608,7,CDS
53704,16884686,16884800,114,CDS
53705,16884864,16885016,152,CDS
53706,16885076,16885516,440,CDS
53707,16885546,16886560,1014,gene
53708,16886529,16886560,31,mRNA
53709,16886318,16886456,138,mRNA
53710,16885967,16886228,261,mRNA
53711,16885546,16885801,255,mRNA
53712,16886318,16886528,210,mRNA
53713,16885967,16886228,261,mRNA
53714,16885546,16885801,255,mRNA
53715,16886318,16886437,119,CDS
53716,16885967,16886228,261,CDS
53717,16885614,16885801,187,CDS
53718,16886318,16886437,119,CDS
53719,16885967,16886228,261,CDS
53720,16885614,16885801,187,CDS
53721,16886818,16888729,1911,gene
53722,16886818,16887410,592,mRNA
53723,16887623,16888729,1106,mRNA
53724,16886818,16887347,529,mRNA
53725,16887623,16888597,974,mRNA
53726,16886967,16887410,443,CDS
53727,16887623,16888234,611,CDS
53728,16886967,16887347,380,CDS
53729,16887623,16888234,611,CDS
53730,16888842,16889635,793,gene
53731,16888842,16889635,793,ncRNA
53732,16888894,16888940,46,mobile_element
53733,16889810,16890637,827,gene
53734,16889810,16889926,116,mRNA
53735,16889987,16890349,362,mRNA
53736,16890479,16890637,158,mRNA
53737,16889810,16889926,116,CDS
53738,16889987,16890349,362,CDS
53739,16890479,16890637,158,CDS
53740,16896215,16897187,972,gene
53741,16896933,16897187,254,mRNA
53742,16896689,16896853,164,mRNA
53743,16896215,16896613,398,mRNA
53744,16896933,16897094,161,CDS
53745,16896689,16896853,164,CDS
53746,16896416,16896613,197,CDS
53747,16901767,16912724,10957,gene
53748,16912674,16912724,50,ncRNA
53749,16901767,16906469,4702,ncRNA
53750,16913180,16938209,25029,gene
53751,16913180,16914220,1040,mRNA
53752,16928615,16928742,127,mRNA
53753,16933404,16933538,134,mRNA
53754,16934038,16934443,405,mRNA
53755,16934868,16935721,853,mRNA
53756,16936504,16937411,907,mRNA
53757,16925138,16925318,180,mRNA
53758,16928615,16928742,127,mRNA
53759,16933404,16933538,134,mRNA
53760,16934038,16934443,405,mRNA
53761,16934868,16935721,853,mRNA
53762,16936504,16938209,1705,mRNA
53763,16925139,16925318,179,mRNA
53764,16928615,16928742,127,mRNA
53765,16933404,16933538,134,mRNA
53766,16934038,16934443,405,mRNA
53767,16934868,16935721,853,mRNA
53768,16935808,16935876,68,mRNA
53769,16928695,16928742,47,CDS
53770,16933404,16933538,134,CDS
53771,16934038,16934443,405,CDS
53772,16934868,16935721,853,CDS
53773,16936504,16936677,173,CDS
53774,16928695,16928742,47,CDS
53775,16933404,16933538,134,CDS
53776,16934038,16934443,405,CDS
53777,16934868,16935721,853,CDS
53778,16936504,16936677,173,CDS
53779,16928695,16928742,47,CDS
53780,16933404,16933538,134,CDS
53781,16934038,16934443,405,CDS
53782,16934868,16935721,853,CDS
53783,16935808,16935852,44,CDS
53784,16936064,16936403,339,mobile_element
53785,16938244,16940873,2629,gene
53786,16940504,16940873,369,mRNA
53787,16938244,16939991,1747,mRNA
53788,16940504,16940873,369,mRNA
53789,16938496,16939991,1495,mRNA
53790,16938753,16939973,1220,CDS
53791,16938753,16939973,1220,CDS
53792,16941086,16942871,1785,gene
53793,16941086,16942871,1785,mRNA
53794,16941575,16942582,1007,CDS
53795,16943290,16956234,12944,gene
53796,16943290,16943898,608,mRNA
53797,16948854,16949577,723,mRNA
53798,16950985,16953268,2283,mRNA
53799,16953328,16953454,126,mRNA
53800,16953514,16954154,640,mRNA
53801,16954386,16954481,95,mRNA
53802,16954536,16954670,134,mRNA
53803,16954747,16955270,523,mRNA
53804,16955329,16956234,905,mRNA
53805,16943290,16943898,608,mRNA
53806,16948854,16949451,597,mRNA
53807,16950985,16953268,2283,mRNA
53808,16953328,16953454,126,mRNA
53809,16953514,16954154,640,mRNA
53810,16954386,16954481,95,mRNA
53811,16954536,16954670,134,mRNA
53812,16954747,16955270,523,mRNA
53813,16955329,16955995,666,mRNA
53814,16947964,16948471,507,gene
53815,16947964,16948471,507,mRNA
53816,16948108,16948440,332,CDS
53817,16948862,16949577,715,CDS
53818,16950985,16953268,2283,CDS
53819,16953328,16953454,126,CDS
53820,16953514,16954154,640,CDS
53821,16954386,16954481,95,CDS
53822,16954536,16954670,134,CDS
53823,16954747,16955270,523,CDS
53824,16955329,16955464,135,CDS
53825,16948862,16949451,589,CDS
53826,16950985,16953268,2283,CDS
53827,16953328,16953454,126,CDS
53828,16953514,16954154,640,CDS
53829,16954386,16954481,95,CDS
53830,16954536,16954670,134,CDS
53831,16954747,16955270,523,CDS
53832,16955329,16955464,135,CDS
53833,16956232,16968679,12447,gene
53834,16968510,16968679,169,mRNA
53835,16967495,16967861,366,mRNA
53836,16963703,16963720,17,mRNA
53837,16962932,16963266,334,mRNA
53838,16962493,16962825,332,mRNA
53839,16961741,16962428,687,mRNA
53840,16960512,16961673,1161,mRNA
53841,16960340,16960451,111,mRNA
53842,16960144,16960272,128,mRNA
53843,16958677,16960075,1398,mRNA
53844,16956232,16958614,2382,mRNA
53845,16968510,16968679,169,mRNA
53846,16967495,16967719,224,mRNA
53847,16963703,16963720,17,mRNA
53848,16962932,16963266,334,mRNA
53849,16962493,16962825,332,mRNA
53850,16961741,16962428,687,mRNA
53851,16960512,16961673,1161,mRNA
53852,16960340,16960451,111,mRNA
53853,16960144,16960272,128,mRNA
53854,16958677,16960075,1398,mRNA
53855,16956945,16958614,1669,mRNA
53856,16968510,16968679,169,mRNA
53857,16967495,16967861,366,mRNA
53858,16963703,16963720,17,mRNA
53859,16962932,16963266,334,mRNA
53860,16962493,16962825,332,mRNA
53861,16961741,16962428,687,mRNA
53862,16960512,16961673,1161,mRNA
53863,16960340,16960451,111,mRNA
53864,16960144,16960272,128,mRNA
53865,16958677,16960075,1398,mRNA
53866,16956945,16958614,1669,mRNA
53867,16967495,16967672,177,CDS
53868,16963703,16963720,17,CDS
53869,16962932,16963266,334,CDS
53870,16962493,16962825,332,CDS
53871,16961741,16962428,687,CDS
53872,16960512,16961673,1161,CDS
53873,16960340,16960451,111,CDS
53874,16960144,16960272,128,CDS
53875,16958677,16960075,1398,CDS
53876,16957494,16958614,1120,CDS
53877,16967495,16967672,177,CDS
53878,16963703,16963720,17,CDS
53879,16962932,16963266,334,CDS
53880,16962493,16962825,332,CDS
53881,16961741,16962428,687,CDS
53882,16960512,16961673,1161,CDS
53883,16960340,16960451,111,CDS
53884,16960144,16960272,128,CDS
53885,16958677,16960075,1398,CDS
53886,16957494,16958614,1120,CDS
53887,16967495,16967672,177,CDS
53888,16963703,16963720,17,CDS
53889,16962932,16963266,334,CDS
53890,16962493,16962825,332,CDS
53891,16961741,16962428,687,CDS
53892,16960512,16961673,1161,CDS
53893,16960340,16960451,111,CDS
53894,16960144,16960272,128,CDS
53895,16958677,16960075,1398,CDS
53896,16957494,16958614,1120,CDS
53897,16969069,17066732,97663,gene
53898,17066584,17066732,148,mRNA
53899,17049353,17049452,99,mRNA
53900,16976335,16976548,213,mRNA
53901,16976182,16976276,94,mRNA
53902,16976036,16976121,85,mRNA
53903,16975282,16975854,572,mRNA
53904,16973987,16975153,1166,mRNA
53905,16973666,16973860,194,mRNA
53906,16973447,16973607,160,mRNA
53907,16969069,16973381,4312,mRNA
53908,17032425,17032705,280,mRNA
53909,16976335,16976548,213,mRNA
53910,16976182,16976276,94,mRNA
53911,16976036,16976121,85,mRNA
53912,16975282,16975854,572,mRNA
53913,16973987,16975153,1166,mRNA
53914,16973666,16973860,194,mRNA
53915,16973447,16973607,160,mRNA
53916,16969069,16973381,4312,mRNA
53917,17018126,17018399,273,mRNA
53918,17014928,17015224,296,mRNA
53919,16976335,16976548,213,mRNA
53920,16976182,16976276,94,mRNA
53921,16976036,16976121,85,mRNA
53922,16975282,16975854,572,mRNA
53923,16973987,16975153,1166,mRNA
53924,16973666,16973860,194,mRNA
53925,16973447,16973607,160,mRNA
53926,16969069,16973381,4312,mRNA
53927,17018126,17018399,273,mRNA
53928,17014928,17015224,296,mRNA
53929,16976335,16976548,213,mRNA
53930,16976182,16976276,94,mRNA
53931,16976036,16976121,85,mRNA
53932,16975282,16975854,572,mRNA
53933,16973987,16975153,1166,mRNA
53934,16973666,16973860,194,mRNA
53935,16973447,16973607,160,mRNA
53936,16969069,16973381,4312,mRNA
53937,16986926,16987066,140,mRNA
53938,16983518,16983644,126,mRNA
53939,16976335,16976548,213,mRNA
53940,16976182,16976276,94,mRNA
53941,16976036,16976121,85,mRNA
53942,16975282,16975854,572,mRNA
53943,16973987,16975153,1166,mRNA
53944,16973666,16973860,194,mRNA
53945,16973447,16973607,160,mRNA
53946,16969069,16973381,4312,mRNA
53947,16986926,16987066,140,mRNA
53948,16983518,16983644,126,mRNA
53949,16976335,16976548,213,mRNA
53950,16976182,16976276,94,mRNA
53951,16976036,16976121,85,mRNA
53952,16975282,16975854,572,mRNA
53953,16973987,16975153,1166,mRNA
53954,16973666,16973860,194,mRNA
53955,16973447,16973607,160,mRNA
53956,16969069,16973381,4312,mRNA
53957,16986849,16987066,217,mRNA
53958,16983518,16983644,126,mRNA
53959,16976335,16976548,213,mRNA
53960,16976182,16976276,94,mRNA
53961,16976036,16976121,85,mRNA
53962,16975282,16975854,572,mRNA
53963,16973987,16975153,1166,mRNA
53964,16973666,16973860,194,mRNA
53965,16973447,16973607,160,mRNA
53966,16969069,16973381,4312,mRNA
53967,17014928,17014999,71,CDS
53968,16976335,16976548,213,CDS
53969,16976182,16976276,94,CDS
53970,16976036,16976121,85,CDS
53971,16975282,16975854,572,CDS
53972,16973987,16975153,1166,CDS
53973,16973666,16973860,194,CDS
53974,16973447,16973607,160,CDS
53975,16972696,16973381,685,CDS
53976,16983518,16983637,119,CDS
53977,16976335,16976548,213,CDS
53978,16976182,16976276,94,CDS
53979,16976036,16976121,85,CDS
53980,16975282,16975854,572,CDS
53981,16973987,16975153,1166,CDS
53982,16973666,16973860,194,CDS
53983,16973447,16973607,160,CDS
53984,16972696,16973381,685,CDS
53985,17049353,17049439,86,CDS
53986,16976335,16976548,213,CDS
53987,16976182,16976276,94,CDS
53988,16976036,16976121,85,CDS
53989,16975282,16975854,572,CDS
53990,16973987,16975153,1166,CDS
53991,16973666,16973860,194,CDS
53992,16973447,16973607,160,CDS
53993,16973035,16973381,346,CDS
53994,17032425,17032535,110,CDS
53995,16976335,16976548,213,CDS
53996,16976182,16976276,94,CDS
53997,16976036,16976121,85,CDS
53998,16975282,16975854,572,CDS
53999,16973987,16975153,1166,CDS
54000,16973666,16973860,194,CDS
54001,16973447,16973607,160,CDS
54002,16973035,16973381,346,CDS
54003,17014928,17014999,71,CDS
54004,16976335,16976548,213,CDS
54005,16976182,16976276,94,CDS
54006,16976036,16976121,85,CDS
54007,16975282,16975854,572,CDS
54008,16973987,16975153,1166,CDS
54009,16973666,16973860,194,CDS
54010,16973447,16973607,160,CDS
54011,16973035,16973381,346,CDS
54012,16983518,16983637,119,CDS
54013,16976335,16976548,213,CDS
54014,16976182,16976276,94,CDS
54015,16976036,16976121,85,CDS
54016,16975282,16975854,572,CDS
54017,16973987,16975153,1166,CDS
54018,16973666,16973860,194,CDS
54019,16973447,16973607,160,CDS
54020,16973035,16973381,346,CDS
54021,16983518,16983637,119,CDS
54022,16976335,16976548,213,CDS
54023,16976182,16976276,94,CDS
54024,16976036,16976121,85,CDS
54025,16975282,16975854,572,CDS
54026,16973987,16975153,1166,CDS
54027,16973666,16973860,194,CDS
54028,16973447,16973607,160,CDS
54029,16973035,16973381,346,CDS
54030,17022304,17023370,1066,gene
54031,17022304,17023370,1066,mRNA
54032,17022324,17023307,983,CDS
54033,17023499,17024042,543,gene
54034,17023499,17024042,543,mRNA
54035,17023526,17023945,419,CDS
54036,17057989,17058174,185,mobile_element
54037,17067304,17068523,1219,gene
54038,17068371,17068523,152,mRNA
54039,17068131,17068304,173,mRNA
54040,17067304,17067976,672,mRNA
54041,17068371,17068457,86,CDS
54042,17068131,17068304,173,CDS
54043,17067371,17067976,605,CDS
54044,17068717,17077897,9180,gene
54045,17077681,17077837,156,mRNA
54046,17076925,17077440,515,mRNA
54047,17075953,17075989,36,mRNA
54048,17073263,17073611,348,mRNA
54049,17072946,17073197,251,mRNA
54050,17072790,17072864,74,mRNA
54051,17072649,17072724,75,mRNA
54052,17072454,17072539,85,mRNA
54053,17072293,17072388,95,mRNA
54054,17071818,17072233,415,mRNA
54055,17071510,17071748,238,mRNA
54056,17070987,17071447,460,mRNA
54057,17070746,17070915,169,mRNA
54058,17070501,17070628,127,mRNA
54059,17068717,17070431,1714,mRNA
54060,17077681,17077897,216,mRNA
54061,17076925,17077440,515,mRNA
54062,17075953,17075989,36,mRNA
54063,17073263,17073611,348,mRNA
54064,17072946,17073197,251,mRNA
54065,17072790,17072864,74,mRNA
54066,17072649,17072724,75,mRNA
54067,17072454,17072539,85,mRNA
54068,17072293,17072388,95,mRNA
54069,17071818,17072233,415,mRNA
54070,17071510,17071748,238,mRNA
54071,17070987,17071447,460,mRNA
54072,17070746,17070915,169,mRNA
54073,17070501,17070628,127,mRNA
54074,17069018,17070431,1413,mRNA
54075,17077681,17077897,216,mRNA
54076,17076925,17077440,515,mRNA
54077,17075953,17075989,36,mRNA
54078,17073263,17073611,348,mRNA
54079,17072946,17073197,251,mRNA
54080,17072790,17072864,74,mRNA
54081,17072649,17072724,75,mRNA
54082,17072454,17072539,85,mRNA
54083,17072293,17072388,95,mRNA
54084,17071818,17072233,415,mRNA
54085,17071510,17071748,238,mRNA
54086,17070987,17071447,460,mRNA
54087,17070746,17070915,169,mRNA
54088,17070501,17070628,127,mRNA
54089,17069018,17070431,1413,mRNA
54090,17077681,17077837,156,mRNA
54091,17076925,17077440,515,mRNA
54092,17075953,17075989,36,mRNA
54093,17073263,17073611,348,mRNA
54094,17072946,17073197,251,mRNA
54095,17072790,17072864,74,mRNA
54096,17072649,17072724,75,mRNA
54097,17072454,17072539,85,mRNA
54098,17072293,17072388,95,mRNA
54099,17071818,17072233,415,mRNA
54100,17071510,17071748,238,mRNA
54101,17070987,17071447,460,mRNA
54102,17070746,17070915,169,mRNA
54103,17070501,17070622,121,mRNA
54104,17069018,17070431,1413,mRNA
54105,17077681,17077837,156,mRNA
54106,17076925,17077467,542,mRNA
54107,17075953,17075989,36,mRNA
54108,17073263,17073611,348,mRNA
54109,17072946,17073197,251,mRNA
54110,17072790,17072864,74,mRNA
54111,17072649,17072724,75,mRNA
54112,17072454,17072539,85,mRNA
54113,17072293,17072388,95,mRNA
54114,17071818,17072233,415,mRNA
54115,17071510,17071748,238,mRNA
54116,17070987,17071447,460,mRNA
54117,17070734,17070915,181,mRNA
54118,17070501,17070628,127,mRNA
54119,17069018,17070431,1413,mRNA
54120,17074795,17075656,861,mRNA
54121,17073263,17073611,348,mRNA
54122,17072946,17073197,251,mRNA
54123,17072790,17072864,74,mRNA
54124,17072649,17072724,75,mRNA
54125,17072454,17072539,85,mRNA
54126,17072293,17072388,95,mRNA
54127,17071818,17072233,415,mRNA
54128,17071510,17071748,238,mRNA
54129,17070987,17071447,460,mRNA
54130,17070746,17070915,169,mRNA
54131,17070501,17070628,127,mRNA
54132,17069018,17070431,1413,mRNA
54133,17076925,17076965,40,CDS
54134,17075953,17075989,36,CDS
54135,17073263,17073611,348,CDS
54136,17072946,17073197,251,CDS
54137,17072790,17072864,74,CDS
54138,17072649,17072724,75,CDS
54139,17072454,17072539,85,CDS
54140,17072293,17072388,95,CDS
54141,17071818,17072233,415,CDS
54142,17071510,17071748,238,CDS
54143,17070987,17071447,460,CDS
54144,17070746,17070915,169,CDS
54145,17070501,17070628,127,CDS
54146,17070275,17070431,156,CDS
54147,17076925,17076965,40,CDS
54148,17075953,17075989,36,CDS
54149,17073263,17073611,348,CDS
54150,17072946,17073197,251,CDS
54151,17072790,17072864,74,CDS
54152,17072649,17072724,75,CDS
54153,17072454,17072539,85,CDS
54154,17072293,17072388,95,CDS
54155,17071818,17072233,415,CDS
54156,17071510,17071748,238,CDS
54157,17070987,17071447,460,CDS
54158,17070746,17070915,169,CDS
54159,17070501,17070622,121,CDS
54160,17070353,17070431,78,CDS
54161,17076925,17076965,40,CDS
54162,17075953,17075989,36,CDS
54163,17073263,17073611,348,CDS
54164,17072946,17073197,251,CDS
54165,17072790,17072864,74,CDS
54166,17072649,17072724,75,CDS
54167,17072454,17072539,85,CDS
54168,17072293,17072388,95,CDS
54169,17071818,17072233,415,CDS
54170,17071510,17071748,238,CDS
54171,17070987,17071447,460,CDS
54172,17070746,17070915,169,CDS
54173,17070501,17070628,127,CDS
54174,17070353,17070431,78,CDS
54175,17076925,17076965,40,CDS
54176,17075953,17075989,36,CDS
54177,17073263,17073611,348,CDS
54178,17072946,17073197,251,CDS
54179,17072790,17072864,74,CDS
54180,17072649,17072724,75,CDS
54181,17072454,17072539,85,CDS
54182,17072293,17072388,95,CDS
54183,17071818,17072233,415,CDS
54184,17071510,17071748,238,CDS
54185,17070987,17071447,460,CDS
54186,17070746,17070915,169,CDS
54187,17070501,17070628,127,CDS
54188,17070353,17070431,78,CDS
54189,17076925,17076965,40,CDS
54190,17075953,17075989,36,CDS
54191,17073263,17073611,348,CDS
54192,17072946,17073197,251,CDS
54193,17072790,17072864,74,CDS
54194,17072649,17072724,75,CDS
54195,17072454,17072539,85,CDS
54196,17072293,17072388,95,CDS
54197,17071818,17072233,415,CDS
54198,17071510,17071748,238,CDS
54199,17070987,17071447,460,CDS
54200,17070734,17070915,181,CDS
54201,17070501,17070628,127,CDS
54202,17070353,17070431,78,CDS
54203,17074795,17074998,203,CDS
54204,17073263,17073611,348,CDS
54205,17072946,17073197,251,CDS
54206,17072790,17072864,74,CDS
54207,17072649,17072724,75,CDS
54208,17072454,17072539,85,CDS
54209,17072293,17072388,95,CDS
54210,17071818,17072233,415,CDS
54211,17071510,17071748,238,CDS
54212,17070987,17071447,460,CDS
54213,17070746,17070915,169,CDS
54214,17070501,17070628,127,CDS
54215,17070353,17070431,78,CDS
54216,17078836,17081237,2401,gene
54217,17078836,17079008,172,mRNA
54218,17079068,17080907,1839,mRNA
54219,17078840,17079008,168,mRNA
54220,17079068,17081237,2169,mRNA
54221,17078934,17079008,74,CDS
54222,17079068,17079586,518,CDS
54223,17078934,17079008,74,CDS
54224,17079068,17079586,518,CDS
54225,17080423,17087675,7252,gene
54226,17085005,17087675,2670,mRNA
54227,17084082,17084535,453,mRNA
54228,17083466,17083980,514,mRNA
54229,17080959,17081320,361,mRNA
54230,17080680,17080869,189,mRNA
54231,17080423,17080586,163,mRNA
54232,17085005,17087612,2607,CDS
54233,17084082,17084535,453,CDS
54234,17083466,17083980,514,CDS
54235,17080959,17081320,361,CDS
54236,17080680,17080869,189,CDS
54237,17080423,17080586,163,CDS
54238,17081447,17083356,1909,gene
54239,17081447,17082650,1203,mRNA
54240,17082723,17083356,633,mRNA
54241,17081584,17082650,1066,CDS
54242,17082723,17083209,486,CDS
54243,17091854,17104562,12708,gene
54244,17091854,17092131,277,mRNA
54245,17102397,17103400,1003,mRNA
54246,17103509,17103684,175,mRNA
54247,17103844,17104562,718,mRNA
54248,17091854,17098488,6634,gene
54249,17091854,17092131,277,mRNA
54250,17095413,17095564,151,mRNA
54251,17096285,17096645,360,mRNA
54252,17096717,17097168,451,mRNA
54253,17097237,17097409,172,mRNA
54254,17097472,17098488,1016,mRNA
54255,17092120,17092131,11,CDS
54256,17095413,17095564,151,CDS
54257,17096285,17096645,360,CDS
54258,17096717,17097168,451,CDS
54259,17097237,17097409,172,CDS
54260,17097472,17097728,256,CDS
54261,17101198,17101385,187,mRNA
54262,17102397,17103400,1003,mRNA
54263,17103509,17103684,175,mRNA
54264,17103844,17104562,718,mRNA
54265,17101198,17101385,187,mRNA
54266,17102400,17103400,1000,mRNA
54267,17103509,17103684,175,mRNA
54268,17103844,17104562,718,mRNA
54269,17102209,17102321,112,mRNA
54270,17102397,17103400,1003,mRNA
54271,17103509,17103684,175,mRNA
54272,17103844,17104562,718,mRNA
54273,17102253,17102321,68,CDS
54274,17102397,17103400,1003,CDS
54275,17103509,17103684,175,CDS
54276,17103844,17104085,241,CDS
54277,17102376,17103400,1024,mRNA
54278,17103509,17103684,175,mRNA
54279,17103844,17104562,718,mRNA
54280,17102439,17103400,961,CDS
54281,17103509,17103684,175,CDS
54282,17103844,17104085,241,CDS
54283,17102439,17103400,961,CDS
54284,17103509,17103684,175,CDS
54285,17103844,17104085,241,CDS
54286,17102439,17103400,961,CDS
54287,17103509,17103684,175,CDS
54288,17103844,17104085,241,CDS
54289,17102439,17103400,961,CDS
54290,17103509,17103684,175,CDS
54291,17103844,17104085,241,CDS
54292,17104571,17105852,1281,gene
54293,17105770,17105852,82,mRNA
54294,17105483,17105656,173,mRNA
54295,17104571,17104986,415,mRNA
54296,17105750,17105852,102,mRNA
54297,17105483,17105656,173,mRNA
54298,17104571,17104986,415,mRNA
54299,17105483,17105849,366,mRNA
54300,17104571,17104986,415,mRNA
54301,17105770,17105775,5,CDS
54302,17105483,17105656,173,CDS
54303,17104642,17104986,344,CDS
54304,17105483,17105611,128,CDS
54305,17104642,17104986,344,CDS
54306,17105483,17105611,128,CDS
54307,17104642,17104986,344,CDS
54308,17106292,17106451,159,mobile_element
54309,17107582,17135988,28406,gene
54310,17107582,17108058,476,mRNA
54311,17124903,17125017,114,mRNA
54312,17126001,17126085,84,mRNA
54313,17126302,17127901,1599,mRNA
54314,17127999,17128174,175,mRNA
54315,17128238,17128917,679,mRNA
54316,17129150,17129285,135,mRNA
54317,17130964,17131159,195,mRNA
54318,17134225,17134670,445,mRNA
54319,17134745,17134877,132,mRNA
54320,17134945,17135988,1043,mRNA
54321,17113804,17119374,5570,mobile_element
54322,17124903,17125017,114,CDS
54323,17126001,17126085,84,CDS
54324,17126302,17127901,1599,CDS
54325,17127999,17128174,175,CDS
54326,17128238,17128917,679,CDS
54327,17129150,17129285,135,CDS
54328,17130964,17131159,195,CDS
54329,17134225,17134670,445,CDS
54330,17134745,17134877,132,CDS
54331,17134945,17135121,176,CDS
54332,17125463,17125539,76,mRNA
54333,17126001,17126085,84,mRNA
54334,17126302,17127901,1599,mRNA
54335,17127999,17128174,175,mRNA
54336,17128238,17128917,679,mRNA
54337,17129150,17129285,135,mRNA
54338,17130964,17131159,195,mRNA
54339,17134225,17134670,445,mRNA
54340,17134745,17134877,132,mRNA
54341,17134945,17135988,1043,mRNA
54342,17125878,17125944,66,mRNA
54343,17126001,17126085,84,mRNA
54344,17126302,17127901,1599,mRNA
54345,17127999,17128174,175,mRNA
54346,17128238,17128917,679,mRNA
54347,17129150,17129285,135,mRNA
54348,17130964,17131159,195,mRNA
54349,17134225,17134670,445,mRNA
54350,17134745,17134877,132,mRNA
54351,17134945,17135988,1043,mRNA
54352,17126402,17127901,1499,CDS
54353,17127999,17128174,175,CDS
54354,17128238,17128917,679,CDS
54355,17129150,17129285,135,CDS
54356,17130964,17131159,195,CDS
54357,17134225,17134670,445,CDS
54358,17134745,17134877,132,CDS
54359,17134945,17135121,176,CDS
54360,17126402,17127901,1499,CDS
54361,17127999,17128174,175,CDS
54362,17128238,17128917,679,CDS
54363,17129150,17129285,135,CDS
54364,17130964,17131159,195,CDS
54365,17134225,17134670,445,CDS
54366,17134745,17134877,132,CDS
54367,17134945,17135121,176,CDS
54368,17130423,17130678,255,mRNA
54369,17130964,17131159,195,mRNA
54370,17134225,17134670,445,mRNA
54371,17134745,17134877,132,mRNA
54372,17134945,17135988,1043,mRNA
54373,17130423,17130570,147,mRNA
54374,17130964,17131159,195,mRNA
54375,17134225,17134670,445,mRNA
54376,17134745,17134877,132,mRNA
54377,17134945,17135988,1043,mRNA
54378,17130536,17130570,34,CDS
54379,17130964,17131159,195,CDS
54380,17134225,17134670,445,CDS
54381,17134745,17134877,132,CDS
54382,17134945,17135121,176,CDS
54383,17133611,17133787,176,mRNA
54384,17134225,17134670,445,mRNA
54385,17134745,17134877,132,mRNA
54386,17134945,17135988,1043,mRNA
54387,17133710,17133787,77,CDS
54388,17134225,17134670,445,CDS
54389,17134745,17134877,132,CDS
54390,17134945,17135121,176,CDS
54391,17134315,17134670,355,CDS
54392,17134745,17134877,132,CDS
54393,17134945,17135121,176,CDS
54394,17135985,17142990,7005,gene
54395,17141694,17142990,1296,mRNA
54396,17141326,17141481,155,mRNA
54397,17140979,17141203,224,mRNA
54398,17139376,17140915,1539,mRNA
54399,17137978,17139311,1333,mRNA
54400,17137689,17137921,232,mRNA
54401,17135985,17137396,1411,mRNA
54402,17136578,17142990,6412,gene
54403,17142802,17142990,188,mRNA
54404,17142267,17142707,440,mRNA
54405,17141694,17141761,67,mRNA
54406,17141326,17141481,155,mRNA
54407,17140979,17141203,224,mRNA
54408,17139376,17140915,1539,mRNA
54409,17137978,17139311,1333,mRNA
54410,17137689,17137921,232,mRNA
54411,17136578,17137396,818,mRNA
54412,17142802,17142990,188,mRNA
54413,17142267,17142707,440,mRNA
54414,17141694,17141761,67,mRNA
54415,17141326,17141481,155,mRNA
54416,17140979,17141203,224,mRNA
54417,17139376,17140915,1539,mRNA
54418,17137978,17139311,1333,mRNA
54419,17137689,17137921,232,mRNA
54420,17136578,17137396,818,mRNA
54421,17141326,17141594,268,mRNA
54422,17140979,17141203,224,mRNA
54423,17139376,17140915,1539,mRNA
54424,17137978,17139311,1333,mRNA
54425,17137689,17137921,232,mRNA
54426,17136578,17137396,818,mRNA
54427,17142802,17142990,188,mRNA
54428,17141326,17141481,155,mRNA
54429,17140979,17141203,224,mRNA
54430,17139376,17140915,1539,mRNA
54431,17137978,17139311,1333,mRNA
54432,17137689,17137921,232,mRNA
54433,17136950,17137396,446,mRNA
54434,17140979,17141112,133,CDS
54435,17139376,17140915,1539,CDS
54436,17137978,17139311,1333,CDS
54437,17137689,17137921,232,CDS
54438,17137077,17137396,319,CDS
54439,17140979,17141112,133,CDS
54440,17139376,17140915,1539,CDS
54441,17137978,17139311,1333,CDS
54442,17137689,17137921,232,CDS
54443,17137077,17137396,319,CDS
54444,17140979,17141112,133,CDS
54445,17139376,17140915,1539,CDS
54446,17137978,17139311,1333,CDS
54447,17137689,17137921,232,CDS
54448,17137077,17137396,319,CDS
54449,17140979,17141112,133,CDS
54450,17139376,17140915,1539,CDS
54451,17137978,17139311,1333,CDS
54452,17137689,17137921,232,CDS
54453,17137077,17137396,319,CDS
54454,17137594,17137633,39,mobile_element
54455,17142802,17142863,61,CDS
54456,17142267,17142707,440,CDS
54457,17141694,17141761,67,CDS
54458,17141326,17141481,155,CDS
54459,17141091,17141203,112,CDS
54460,17143588,17148264,4676,gene
54461,17148204,17148264,60,mRNA
54462,17146798,17147200,402,mRNA
54463,17145016,17145132,116,mRNA
54464,17144618,17144716,98,mRNA
54465,17143588,17143771,183,mRNA
54466,17148057,17148264,207,mRNA
54467,17146798,17147200,402,mRNA
54468,17145016,17145132,116,mRNA
54469,17144618,17144716,98,mRNA
54470,17143588,17143771,183,mRNA
54471,17147688,17148264,576,mRNA
54472,17146798,17147200,402,mRNA
54473,17145016,17145132,116,mRNA
54474,17144618,17144716,98,mRNA
54475,17143588,17143771,183,mRNA
54476,17146798,17147206,408,mRNA
54477,17145016,17145132,116,mRNA
54478,17144618,17144716,98,mRNA
54479,17143588,17143771,183,mRNA
54480,17146798,17147199,401,CDS
54481,17145016,17145132,116,CDS
54482,17144618,17144716,98,CDS
54483,17143703,17143771,68,CDS
54484,17146798,17147199,401,CDS
54485,17145016,17145132,116,CDS
54486,17144618,17144716,98,CDS
54487,17143703,17143771,68,CDS
54488,17146798,17147199,401,CDS
54489,17145016,17145132,116,CDS
54490,17144618,17144716,98,CDS
54491,17143703,17143771,68,CDS
54492,17146798,17147199,401,CDS
54493,17145016,17145132,116,CDS
54494,17144618,17144716,98,CDS
54495,17143703,17143771,68,CDS
54496,17143816,17143910,94,mobile_element
54497,17143934,17144068,134,gene
54498,17143934,17144068,134,ncRNA
54499,17144107,17144240,133,gene
54500,17144107,17144240,133,ncRNA
54501,17144283,17144420,137,gene
54502,17144283,17144420,137,ncRNA
54503,17144435,17144574,139,gene
54504,17144435,17144574,139,ncRNA
54505,17144831,17144970,139,gene
54506,17144831,17144970,139,ncRNA
54507,17145210,17145349,139,gene
54508,17145210,17145349,139,ncRNA
54509,17145384,17145534,150,gene
54510,17145384,17145534,150,ncRNA
54511,17145557,17145695,138,gene
54512,17145557,17145695,138,ncRNA
54513,17145730,17145880,150,gene
54514,17145730,17145880,150,ncRNA
54515,17145903,17146041,138,gene
54516,17145903,17146041,138,ncRNA
54517,17146074,17146215,141,gene
54518,17146074,17146215,141,ncRNA
54519,17146248,17146390,142,gene
54520,17146248,17146390,142,ncRNA
54521,17146401,17146545,144,gene
54522,17146401,17146545,144,ncRNA
54523,17146612,17146759,147,gene
54524,17146612,17146759,147,ncRNA
54525,17149001,17150647,1646,gene
54526,17149001,17149183,182,mRNA
54527,17149834,17150647,813,mRNA
54528,17149031,17149476,445,mRNA
54529,17149834,17150647,813,mRNA
54530,17149137,17149183,46,CDS
54531,17149834,17150299,465,CDS
54532,17149931,17150299,368,CDS
54533,17151231,17159306,8075,gene
54534,17159171,17159306,135,mRNA
54535,17157573,17159106,1533,mRNA
54536,17155013,17157512,2499,mRNA
54537,17153109,17154100,991,mRNA
54538,17151231,17152929,1698,mRNA
54539,17154432,17154592,160,mRNA
54540,17153109,17154100,991,mRNA
54541,17151231,17152929,1698,mRNA
54542,17159171,17159214,43,CDS
54543,17157573,17159106,1533,CDS
54544,17155013,17157512,2499,CDS
54545,17153109,17154100,991,CDS
54546,17151760,17152929,1169,CDS
54547,17154432,17154480,48,CDS
54548,17153109,17154100,991,CDS
54549,17151760,17152929,1169,CDS
54550,17159171,17159306,135,mRNA
54551,17157573,17159106,1533,mRNA
54552,17154110,17157512,3402,mRNA
54553,17159171,17159214,43,CDS
54554,17157573,17159106,1533,CDS
54555,17154978,17157512,2534,CDS
54556,17160006,17200728,40722,gene
54557,17160006,17161191,1185,mRNA
54558,17188992,17190686,1694,mRNA
54559,17190755,17191377,622,mRNA
54560,17191439,17191720,281,mRNA
54561,17191788,17192461,673,mRNA
54562,17192531,17193035,504,mRNA
54563,17193899,17195253,1354,mRNA
54564,17200287,17200728,441,mRNA
54565,17160006,17161191,1185,mRNA
54566,17175347,17178970,3623,mRNA
54567,17186794,17187123,329,mRNA
54568,17188992,17190686,1694,mRNA
54569,17190755,17191377,622,mRNA
54570,17191439,17191720,281,mRNA
54571,17191788,17192461,673,mRNA
54572,17192531,17193035,504,mRNA
54573,17193313,17193417,104,mRNA
54574,17193899,17195313,1414,mRNA
54575,17160006,17161191,1185,mRNA
54576,17175347,17178970,3623,mRNA
54577,17186794,17187123,329,mRNA
54578,17188992,17190686,1694,mRNA
54579,17190755,17191377,622,mRNA
54580,17191439,17191720,281,mRNA
54581,17191788,17192461,673,mRNA
54582,17192531,17193035,504,mRNA
54583,17193899,17195313,1414,mRNA
54584,17160006,17161191,1185,mRNA
54585,17188992,17190686,1694,mRNA
54586,17190755,17191377,622,mRNA
54587,17191439,17191720,281,mRNA
54588,17191788,17192461,673,mRNA
54589,17192531,17193035,504,mRNA
54590,17193313,17193417,104,mRNA
54591,17193899,17195313,1414,mRNA
54592,17161072,17161191,119,CDS
54593,17188992,17190686,1694,CDS
54594,17190755,17191377,622,CDS
54595,17191439,17191720,281,CDS
54596,17191788,17192461,673,CDS
54597,17192531,17193035,504,CDS
54598,17193313,17193417,104,CDS
54599,17193899,17194394,495,CDS
54600,17161072,17161191,119,CDS
54601,17188992,17190686,1694,CDS
54602,17190755,17191377,622,CDS
54603,17191439,17191720,281,CDS
54604,17191788,17192461,673,CDS
54605,17192531,17193035,504,CDS
54606,17193899,17194394,495,CDS
54607,17167449,17167542,93,mobile_element
54608,17182880,17183242,362,gene
54609,17183135,17183242,107,ncRNA
54610,17182880,17183072,192,ncRNA
54611,17186941,17187123,182,CDS
54612,17188992,17190686,1694,CDS
54613,17190755,17191377,622,CDS
54614,17191439,17191720,281,CDS
54615,17191788,17192461,673,CDS
54616,17192531,17193035,504,CDS
54617,17193313,17193417,104,CDS
54618,17193899,17194394,495,CDS
54619,17186941,17187123,182,CDS
54620,17188992,17190686,1694,CDS
54621,17190755,17191377,622,CDS
54622,17191439,17191720,281,CDS
54623,17191788,17192461,673,CDS
54624,17192531,17193035,504,CDS
54625,17193899,17194394,495,CDS
54626,17195259,17200287,5028,mobile_element
54627,17200726,17202598,1872,gene
54628,17202184,17202598,414,mRNA
54629,17201553,17202132,579,mRNA
54630,17201077,17201417,340,mRNA
54631,17200726,17201019,293,mRNA
54632,17202184,17202518,334,CDS
54633,17201553,17202132,579,CDS
54634,17201077,17201417,340,CDS
54635,17200785,17201019,234,CDS
54636,17203112,17203925,813,gene
54637,17203112,17203925,813,mRNA
54638,17203195,17203824,629,CDS
54639,17206407,17207854,1447,gene
54640,17206407,17207854,1447,mRNA
54641,17206475,17207704,1229,CDS
54642,17208436,17209063,627,gene
54643,17208436,17208652,216,mRNA
54644,17208714,17209063,349,mRNA
54645,17208436,17208652,216,CDS
54646,17208714,17209009,295,CDS
54647,17208538,17208652,114,mRNA
54648,17208714,17209063,349,mRNA
54649,17208556,17208652,96,CDS
54650,17208714,17209009,295,CDS
54651,17209368,17209997,629,gene
54652,17209368,17209997,629,mRNA
54653,17209440,17209961,521,CDS
54654,17212307,17213977,1670,gene
54655,17212307,17213044,737,mRNA
54656,17213219,17213977,758,mRNA
54657,17212328,17213044,716,CDS
54658,17213219,17213908,689,CDS
54659,17215304,17217365,2061,gene
54660,17215304,17215570,266,mRNA
54661,17215736,17215995,259,mRNA
54662,17216360,17217365,1005,mRNA
54663,17215304,17215570,266,mRNA
54664,17215736,17215995,259,mRNA
54665,17216360,17217214,854,mRNA
54666,17215333,17215570,237,CDS
54667,17215736,17215995,259,CDS
54668,17216360,17217097,737,CDS
54669,17215333,17215570,237,CDS
54670,17215736,17215995,259,CDS
54671,17216360,17217097,737,CDS
54672,17218667,17219787,1120,gene
54673,17218667,17219787,1120,mRNA
54674,17218883,17219494,611,mRNA
54675,17218981,17219322,341,CDS
54676,17218981,17219322,341,CDS
54677,17221442,17222651,1209,gene
54678,17221442,17221772,330,mRNA
54679,17222126,17222209,83,mRNA
54680,17222279,17222651,372,mRNA
54681,17221442,17221772,330,mRNA
54682,17222126,17222176,50,mRNA
54683,17222503,17222651,148,mRNA
54684,17221547,17221772,225,CDS
54685,17222126,17222176,50,CDS
54686,17222503,17222546,43,CDS
54687,17221547,17221772,225,CDS
54688,17222126,17222209,83,CDS
54689,17222279,17222487,208,CDS
54690,17222968,17223815,847,gene
54691,17222968,17223815,847,mRNA
54692,17223124,17223786,662,CDS
54693,17225157,17226867,1710,gene
54694,17225157,17226867,1710,mRNA
54695,17225714,17226442,728,mRNA
54696,17225867,17226388,521,CDS
54697,17225867,17226388,521,CDS
54698,17230275,17231044,769,gene
54699,17230993,17231044,51,mRNA
54700,17230275,17230930,655,mRNA
54701,17230993,17230998,5,CDS
54702,17230334,17230930,596,CDS
54703,17231858,17232219,361,mobile_element
54704,17232942,17280964,48022,gene
54705,17232942,17233170,228,mRNA
54706,17249788,17250733,945,mRNA
54707,17262640,17262978,338,mRNA
54708,17269931,17270114,183,mRNA
54709,17271222,17271404,182,mRNA
54710,17271488,17272705,1217,mRNA
54711,17272892,17273348,456,mRNA
54712,17273512,17273832,320,mRNA
54713,17277615,17278143,528,mRNA
54714,17278951,17279311,360,mRNA
54715,17279419,17279667,248,mRNA
54716,17279733,17279941,208,mRNA
54717,17280010,17280964,954,mRNA
54718,17240468,17245001,4533,gene
54719,17244234,17245001,767,mRNA
54720,17243924,17244131,207,mRNA
54721,17240468,17243862,3394,mRNA
54722,17244234,17245001,767,mRNA
54723,17243924,17244131,207,mRNA
54724,17241267,17243862,2595,mRNA
54725,17244234,17244911,677,CDS
54726,17243924,17244131,207,CDS
54727,17241818,17243862,2044,CDS
54728,17244234,17244911,677,CDS
54729,17243924,17244131,207,CDS
54730,17241818,17243862,2044,CDS
54731,17245353,17247016,1663,gene
54732,17246746,17247016,270,mRNA
54733,17246529,17246682,153,mRNA
54734,17246125,17246475,350,mRNA
54735,17245353,17246053,700,mRNA
54736,17245916,17246073,157,mobile_element
54737,17246746,17246967,221,CDS
54738,17246529,17246682,153,CDS
54739,17246369,17246475,106,CDS
54740,17247492,17247685,193,mobile_element
54741,17248372,17249502,1130,gene
54742,17249388,17249502,114,mRNA
54743,17248372,17249327,955,mRNA
54744,17248598,17249302,704,CDS
54745,17249802,17250733,931,CDS
54746,17262640,17262978,338,CDS
54747,17269931,17270114,183,CDS
54748,17271222,17271404,182,CDS
54749,17271488,17272705,1217,CDS
54750,17272892,17273348,456,CDS
54751,17273512,17273832,320,CDS
54752,17277615,17278143,528,CDS
54753,17278951,17279311,360,CDS
54754,17279419,17279667,248,CDS
54755,17279733,17279941,208,CDS
54756,17280010,17280400,390,CDS
54757,17252145,17252615,470,mRNA
54758,17262640,17262978,338,mRNA
54759,17269931,17270114,183,mRNA
54760,17271222,17271404,182,mRNA
54761,17271488,17272705,1217,mRNA
54762,17272892,17273348,456,mRNA
54763,17273512,17273832,320,mRNA
54764,17277615,17278143,528,mRNA
54765,17278951,17279311,360,mRNA
54766,17279419,17279667,248,mRNA
54767,17279733,17279941,208,mRNA
54768,17280010,17280964,954,mRNA
54769,17259374,17260331,957,mRNA
54770,17262640,17262978,338,mRNA
54771,17268519,17268989,470,mRNA
54772,17269931,17270114,183,mRNA
54773,17271222,17271404,182,mRNA
54774,17271488,17272705,1217,mRNA
54775,17272892,17273348,456,mRNA
54776,17273512,17273832,320,mRNA
54777,17277615,17278143,528,mRNA
54778,17278951,17279311,360,mRNA
54779,17279419,17279667,248,mRNA
54780,17279745,17279941,196,mRNA
54781,17280010,17280964,954,mRNA
54782,17259374,17260331,957,mRNA
54783,17262640,17262978,338,mRNA
54784,17269931,17270114,183,mRNA
54785,17271222,17271404,182,mRNA
54786,17271488,17272705,1217,mRNA
54787,17272892,17273348,456,mRNA
54788,17273512,17273832,320,mRNA
54789,17277615,17278143,528,mRNA
54790,17278951,17279311,360,mRNA
54791,17279419,17279667,248,mRNA
54792,17279745,17279941,196,mRNA
54793,17280010,17280964,954,mRNA
54794,17259475,17260331,856,CDS
54795,17262640,17262978,338,CDS
54796,17268519,17268989,470,CDS
54797,17269931,17270114,183,CDS
54798,17271222,17271404,182,CDS
54799,17271488,17272705,1217,CDS
54800,17272892,17273348,456,CDS
54801,17273512,17273832,320,CDS
54802,17277615,17278143,528,CDS
54803,17278951,17279311,360,CDS
54804,17279419,17279667,248,CDS
54805,17279745,17279941,196,CDS
54806,17280010,17280400,390,CDS
54807,17259475,17260331,856,CDS
54808,17262640,17262978,338,CDS
54809,17269931,17270114,183,CDS
54810,17271222,17271404,182,CDS
54811,17271488,17272705,1217,CDS
54812,17272892,17273348,456,CDS
54813,17273512,17273832,320,CDS
54814,17277615,17278143,528,CDS
54815,17278951,17279311,360,CDS
54816,17279419,17279667,248,CDS
54817,17279745,17279941,196,CDS
54818,17280010,17280400,390,CDS
54819,17262336,17262551,215,mobile_element
54820,17262677,17262978,301,mRNA
54821,17269931,17270114,183,mRNA
54822,17271222,17271404,182,mRNA
54823,17271488,17272705,1217,mRNA
54824,17272892,17273348,456,mRNA
54825,17273512,17273832,320,mRNA
54826,17277615,17278143,528,mRNA
54827,17278951,17279311,360,mRNA
54828,17279419,17279667,248,mRNA
54829,17279733,17279941,208,mRNA
54830,17280010,17280964,954,mRNA
54831,17262770,17262978,208,CDS
54832,17269931,17270114,183,CDS
54833,17271222,17271404,182,CDS
54834,17271488,17272705,1217,CDS
54835,17272892,17273348,456,CDS
54836,17273512,17273832,320,CDS
54837,17277615,17278143,528,CDS
54838,17278951,17279311,360,CDS
54839,17279419,17279667,248,CDS
54840,17279733,17279941,208,CDS
54841,17280010,17280400,390,CDS
54842,17262770,17262978,208,CDS
54843,17269931,17270114,183,CDS
54844,17271222,17271404,182,CDS
54845,17271488,17272705,1217,CDS
54846,17272892,17273348,456,CDS
54847,17273512,17273832,320,CDS
54848,17277615,17278143,528,CDS
54849,17278951,17279311,360,CDS
54850,17279419,17279667,248,CDS
54851,17279733,17279941,208,CDS
54852,17280010,17280400,390,CDS
54853,17265433,17265780,347,mRNA
54854,17268519,17268989,470,mRNA
54855,17269931,17270114,183,mRNA
54856,17271222,17271404,182,mRNA
54857,17271488,17272705,1217,mRNA
54858,17272892,17273348,456,mRNA
54859,17273512,17273832,320,mRNA
54860,17277615,17278143,528,mRNA
54861,17278951,17279311,360,mRNA
54862,17279419,17279667,248,mRNA
54863,17279733,17279941,208,mRNA
54864,17280010,17280964,954,mRNA
54865,17265719,17265780,61,CDS
54866,17268519,17268989,470,CDS
54867,17269931,17270114,183,CDS
54868,17271222,17271404,182,CDS
54869,17271488,17272705,1217,CDS
54870,17272892,17273348,456,CDS
54871,17273512,17273832,320,CDS
54872,17277615,17278143,528,CDS
54873,17278951,17279311,360,CDS
54874,17279419,17279667,248,CDS
54875,17279733,17279941,208,CDS
54876,17280010,17280400,390,CDS
54877,17268069,17268989,920,mRNA
54878,17269931,17270114,183,mRNA
54879,17271222,17271404,182,mRNA
54880,17271488,17272705,1217,mRNA
54881,17272892,17273348,456,mRNA
54882,17273512,17273832,320,mRNA
54883,17277615,17278143,528,mRNA
54884,17278951,17279311,360,mRNA
54885,17279419,17279667,248,mRNA
54886,17279733,17279941,208,mRNA
54887,17280010,17280964,954,mRNA
54888,17268562,17268989,427,CDS
54889,17269931,17270114,183,CDS
54890,17271222,17271404,182,CDS
54891,17271488,17272705,1217,CDS
54892,17272892,17273348,456,CDS
54893,17273512,17273832,320,CDS
54894,17277615,17278143,528,CDS
54895,17278951,17279311,360,CDS
54896,17279419,17279667,248,CDS
54897,17279733,17279941,208,CDS
54898,17280010,17280400,390,CDS
54899,17275514,17275750,236,mRNA
54900,17277615,17278143,528,mRNA
54901,17278951,17279311,360,mRNA
54902,17279419,17279667,248,mRNA
54903,17279733,17279941,208,mRNA
54904,17280010,17280964,954,mRNA
54905,17275663,17275750,87,CDS
54906,17277615,17278143,528,CDS
54907,17278951,17279311,360,CDS
54908,17279419,17279667,248,CDS
54909,17279733,17279941,208,CDS
54910,17280010,17280400,390,CDS
54911,17278744,17278819,75,mRNA
54912,17278951,17279311,360,mRNA
54913,17279419,17279667,248,mRNA
54914,17279733,17279941,208,mRNA
54915,17280010,17280964,954,mRNA
54916,17278788,17278819,31,CDS
54917,17278951,17279311,360,CDS
54918,17279419,17279667,248,CDS
54919,17279733,17279941,208,CDS
54920,17280010,17280400,390,CDS
54921,17280918,17282726,1808,gene
54922,17282628,17282726,98,mRNA
54923,17280918,17282389,1471,mRNA
54924,17280970,17281160,190,mobile_element
54925,17282628,17282726,98,mRNA
54926,17281777,17282389,612,mRNA
54927,17282628,17282693,65,CDS
54928,17281811,17282389,578,CDS
54929,17282628,17282693,65,CDS
54930,17281811,17282389,578,CDS
54931,17282496,17305475,22979,gene
54932,17282496,17282844,348,mRNA
54933,17282904,17282975,71,mRNA
54934,17302839,17303390,551,mRNA
54935,17304075,17304370,295,mRNA
54936,17304698,17305475,777,mRNA
54937,17283610,17283653,43,mobile_element
54938,17283762,17284500,738,gene
54939,17284432,17284500,68,mRNA
54940,17283762,17284369,607,mRNA
54941,17284432,17284473,41,CDS
54942,17283815,17284369,554,CDS
54943,17285704,17301929,16225,gene
54944,17301360,17301929,569,mRNA
54945,17287927,17289037,1110,mRNA
54946,17287256,17287534,278,mRNA
54947,17286937,17287190,253,mRNA
54948,17285704,17286876,1172,mRNA
54949,17300576,17300621,45,mRNA
54950,17295053,17295458,405,mRNA
54951,17287927,17289037,1110,mRNA
54952,17287256,17287534,278,mRNA
54953,17286937,17287190,253,mRNA
54954,17285704,17286876,1172,mRNA
54955,17291251,17291669,418,mRNA
54956,17287927,17289037,1110,mRNA
54957,17287256,17287534,278,mRNA
54958,17286937,17287190,253,mRNA
54959,17285704,17286876,1172,mRNA
54960,17301360,17301434,74,CDS
54961,17287927,17289037,1110,CDS
54962,17287256,17287534,278,CDS
54963,17286937,17287190,253,CDS
54964,17286673,17286876,203,CDS
54965,17295053,17295055,2,CDS
54966,17287927,17289037,1110,CDS
54967,17287256,17287534,278,CDS
54968,17286937,17287190,253,CDS
54969,17286673,17286876,203,CDS
54970,17291251,17291328,77,CDS
54971,17287927,17289037,1110,CDS
54972,17287256,17287534,278,CDS
54973,17286937,17287190,253,CDS
54974,17286673,17286876,203,CDS
54975,17302470,17303390,920,mRNA
54976,17304075,17304370,295,mRNA
54977,17304698,17305475,777,mRNA
54978,17302470,17302786,316,mRNA
54979,17302839,17303390,551,mRNA
54980,17304075,17304370,295,mRNA
54981,17304698,17305475,777,mRNA
54982,17302470,17302583,113,mRNA
54983,17302839,17303390,551,mRNA
54984,17304075,17304370,295,mRNA
54985,17304698,17305475,777,mRNA
54986,17302470,17302507,37,mRNA
54987,17302839,17303390,551,mRNA
54988,17304075,17304370,295,mRNA
54989,17304698,17305475,777,mRNA
54990,17302915,17303390,475,CDS
54991,17304075,17304370,295,CDS
54992,17304698,17304837,139,CDS
54993,17302915,17303390,475,CDS
54994,17304075,17304370,295,CDS
54995,17304698,17304837,139,CDS
54996,17302915,17303390,475,CDS
54997,17304075,17304370,295,CDS
54998,17304698,17304837,139,CDS
54999,17302915,17303390,475,CDS
55000,17304075,17304370,295,CDS
55001,17304698,17304837,139,CDS
55002,17302915,17303390,475,CDS
55003,17304075,17304370,295,CDS
55004,17304698,17304837,139,CDS
55005,17314581,17324175,9594,gene
55006,17314581,17315911,1330,mRNA
55007,17320735,17320774,39,mRNA
55008,17320839,17321091,252,mRNA
55009,17322658,17324175,1517,mRNA
55010,17314581,17315911,1330,mRNA
55011,17320839,17321091,252,mRNA
55012,17322658,17324175,1517,mRNA
55013,17314870,17315911,1041,CDS
55014,17320839,17321091,252,CDS
55015,17322658,17323300,642,CDS
55016,17320759,17320774,15,CDS
55017,17320839,17321091,252,CDS
55018,17322658,17323300,642,CDS
55019,17378376,17379004,628,gene
55020,17378376,17379004,628,ncRNA
55021,17397478,17403278,5800,gene
55022,17397478,17398521,1043,mRNA
55023,17401465,17401693,228,mRNA
55024,17401828,17403278,1450,mRNA
55025,17397478,17398516,1038,mRNA
55026,17401465,17401693,228,mRNA
55027,17401828,17403278,1450,mRNA
55028,17397694,17398516,822,CDS
55029,17401465,17401693,228,CDS
55030,17401828,17402410,582,CDS
55031,17397694,17398521,827,CDS
55032,17401465,17401518,53,CDS
55033,17413267,17422145,8878,gene
55034,17421983,17422145,162,mRNA
55035,17419936,17421923,1987,mRNA
55036,17419448,17419875,427,mRNA
55037,17414970,17415159,189,mRNA
55038,17413267,17414642,1375,mRNA
55039,17421983,17422145,162,mRNA
55040,17419936,17421920,1984,mRNA
55041,17419448,17419875,427,mRNA
55042,17414970,17415159,189,mRNA
55043,17413795,17414642,847,mRNA
55044,17421983,17422145,162,mRNA
55045,17419936,17421923,1987,mRNA
55046,17419448,17419875,427,mRNA
55047,17415545,17415844,299,mRNA
55048,17414970,17415159,189,mRNA
55049,17413795,17414642,847,mRNA
55050,17421983,17422042,59,CDS
55051,17419936,17421920,1984,CDS
55052,17419448,17419875,427,CDS
55053,17414970,17415159,189,CDS
55054,17414381,17414642,261,CDS
55055,17421983,17422042,59,CDS
55056,17419936,17421923,1987,CDS
55057,17419448,17419875,427,CDS
55058,17414970,17415159,189,CDS
55059,17414381,17414642,261,CDS
55060,17421983,17422042,59,CDS
55061,17419936,17421923,1987,CDS
55062,17419448,17419875,427,CDS
55063,17415834,17415844,10,CDS
55064,17422320,17443994,21674,gene
55065,17443808,17443994,186,mRNA
55066,17423072,17423364,292,mRNA
55067,17422320,17423004,684,mRNA
55068,17423072,17423126,54,CDS
55069,17422856,17423004,148,CDS
55070,17423591,17428735,5144,gene
55071,17423591,17423856,265,mRNA
55072,17426096,17426333,237,mRNA
55073,17426600,17426917,317,mRNA
55074,17427420,17428735,1315,mRNA
55075,17423625,17423856,231,CDS
55076,17426096,17426333,237,CDS
55077,17426600,17426917,317,CDS
55078,17427420,17428599,1179,CDS
55079,17425999,17426333,334,mRNA
55080,17426600,17426917,317,mRNA
55081,17427420,17428735,1315,mRNA
55082,17426053,17426333,280,CDS
55083,17426600,17426917,317,CDS
55084,17427420,17428599,1179,CDS
55085,17431422,17431689,267,mobile_element
55086,17446350,17448774,2424,gene
55087,17448405,17448774,369,mRNA
55088,17447927,17448319,392,mRNA
55089,17447150,17447625,475,mRNA
55090,17446910,17447055,145,mRNA
55091,17446350,17446839,489,mRNA
55092,17448405,17448701,296,CDS
55093,17447927,17448319,392,CDS
55094,17447150,17447625,475,CDS
55095,17446910,17447055,145,CDS
55096,17446535,17446839,304,CDS
55097,17448990,17452543,3553,gene
55098,17452043,17452543,500,mRNA
55099,17448990,17451135,2145,mRNA
55100,17452043,17452328,285,CDS
55101,17449142,17451135,1993,CDS
55102,17456169,17561180,105011,gene
55103,17506586,17507089,503,mRNA
55104,17488240,17488479,239,mRNA
55105,17463876,17464948,1072,mRNA
55106,17463593,17463820,227,mRNA
55107,17461262,17462123,861,mRNA
55108,17460504,17461198,694,mRNA
55109,17456169,17460443,4274,mRNA
55110,17560829,17561180,351,mRNA
55111,17553073,17554083,1010,mRNA
55112,17534081,17534656,575,mRNA
55113,17532851,17534023,1172,mRNA
55114,17463876,17464948,1072,mRNA
55115,17463593,17463820,227,mRNA
55116,17461262,17462123,861,mRNA
55117,17460504,17461198,694,mRNA
55118,17456557,17460443,3886,mRNA
55119,17531110,17531454,344,mRNA
55120,17463876,17464948,1072,mRNA
55121,17463593,17463820,227,mRNA
55122,17461262,17462123,861,mRNA
55123,17460504,17461198,694,mRNA
55124,17456557,17460443,3886,mRNA
55125,17506586,17507089,503,mRNA
55126,17463876,17464948,1072,mRNA
55127,17463593,17463820,227,mRNA
55128,17461262,17462123,861,mRNA
55129,17460504,17461198,694,mRNA
55130,17456557,17460443,3886,mRNA
55131,17506586,17507089,503,mRNA
55132,17463876,17464948,1072,mRNA
55133,17463593,17463820,227,mRNA
55134,17461262,17462123,861,mRNA
55135,17460504,17461198,694,mRNA
55136,17456557,17460443,3886,mRNA
55137,17488994,17489315,321,mRNA
55138,17463876,17464948,1072,mRNA
55139,17463593,17463820,227,mRNA
55140,17461262,17462123,861,mRNA
55141,17460504,17461198,694,mRNA
55142,17456557,17460443,3886,mRNA
55143,17488994,17489315,321,mRNA
55144,17463876,17464948,1072,mRNA
55145,17463593,17463820,227,mRNA
55146,17461262,17462123,861,mRNA
55147,17460504,17461198,694,mRNA
55148,17456557,17460443,3886,mRNA
55149,17475412,17475473,61,mRNA
55150,17474816,17475354,538,mRNA
55151,17463876,17464948,1072,mRNA
55152,17463593,17463820,227,mRNA
55153,17461262,17462123,861,mRNA
55154,17460504,17461198,694,mRNA
55155,17456557,17460443,3886,mRNA
55156,17463876,17464244,368,CDS
55157,17463593,17463820,227,CDS
55158,17461262,17462123,861,CDS
55159,17460504,17461198,694,CDS
55160,17457906,17460443,2537,CDS
55161,17463876,17464244,368,CDS
55162,17463593,17463820,227,CDS
55163,17461262,17462123,861,CDS
55164,17460504,17461198,694,CDS
55165,17457906,17460443,2537,CDS
55166,17534081,17534618,537,CDS
55167,17532851,17534023,1172,CDS
55168,17463876,17464948,1072,CDS
55169,17463593,17463820,227,CDS
55170,17461262,17462123,861,CDS
55171,17460504,17461198,694,CDS
55172,17458221,17460443,2222,CDS
55173,17531110,17531239,129,CDS
55174,17463876,17464948,1072,CDS
55175,17463593,17463820,227,CDS
55176,17461262,17462123,861,CDS
55177,17460504,17461198,694,CDS
55178,17458221,17460443,2222,CDS
55179,17463876,17464244,368,CDS
55180,17463593,17463820,227,CDS
55181,17461262,17462123,861,CDS
55182,17460504,17461198,694,CDS
55183,17458221,17460443,2222,CDS
55184,17463876,17464244,368,CDS
55185,17463593,17463820,227,CDS
55186,17461262,17462123,861,CDS
55187,17460504,17461198,694,CDS
55188,17458221,17460443,2222,CDS
55189,17463876,17464244,368,CDS
55190,17463593,17463820,227,CDS
55191,17461262,17462123,861,CDS
55192,17460504,17461198,694,CDS
55193,17458221,17460443,2222,CDS
55194,17463876,17464244,368,CDS
55195,17463593,17463820,227,CDS
55196,17461262,17462123,861,CDS
55197,17460504,17461198,694,CDS
55198,17458221,17460443,2222,CDS
55199,17496669,17497388,719,gene
55200,17496669,17497094,425,ncRNA
55201,17497156,17497388,232,ncRNA
55202,17554504,17554681,177,mobile_element
55203,17556998,17557442,444,mobile_element
55204,17566552,17569228,2676,gene
55205,17568759,17569228,469,mRNA
55206,17568328,17568627,299,mRNA
55207,17568178,17568259,81,mRNA
55208,17567781,17568063,282,mRNA
55209,17567567,17567705,138,mRNA
55210,17567287,17567497,210,mRNA
55211,17567038,17567226,188,mRNA
55212,17566552,17566969,417,mRNA
55213,17568759,17569228,469,mRNA
55214,17568328,17568627,299,mRNA
55215,17568178,17568259,81,mRNA
55216,17567567,17568063,496,mRNA
55217,17567287,17567497,210,mRNA
55218,17567038,17567226,188,mRNA
55219,17566760,17566969,209,mRNA
55220,17568759,17569135,376,CDS
55221,17568328,17568627,299,CDS
55222,17568178,17568259,81,CDS
55223,17567781,17568063,282,CDS
55224,17567567,17567705,138,CDS
55225,17567287,17567497,210,CDS
55226,17567038,17567226,188,CDS
55227,17566850,17566969,119,CDS
55228,17568759,17569135,376,CDS
55229,17568328,17568627,299,CDS
55230,17568178,17568259,81,CDS
55231,17567567,17568063,496,CDS
55232,17567287,17567497,210,CDS
55233,17567038,17567226,188,CDS
55234,17566850,17566969,119,CDS
55235,17568759,17569228,469,mRNA
55236,17568328,17568627,299,mRNA
55237,17568178,17568259,81,mRNA
55238,17567781,17568063,282,mRNA
55239,17567567,17567705,138,mRNA
55240,17567245,17567497,252,mRNA
55241,17568759,17569228,469,mRNA
55242,17568328,17568627,299,mRNA
55243,17568178,17568259,81,mRNA
55244,17567567,17568063,496,mRNA
55245,17567245,17567497,252,mRNA
55246,17568759,17569135,376,CDS
55247,17568328,17568627,299,CDS
55248,17568178,17568259,81,CDS
55249,17567781,17568063,282,CDS
55250,17567567,17567705,138,CDS
55251,17567245,17567497,252,CDS
55252,17568759,17569135,376,CDS
55253,17568328,17568627,299,CDS
55254,17568178,17568259,81,CDS
55255,17567567,17568063,496,CDS
55256,17567245,17567497,252,CDS
55257,17571854,17579229,7375,gene
55258,17579105,17579229,124,mRNA
55259,17578513,17578767,254,mRNA
55260,17575843,17576022,179,mRNA
55261,17575050,17575768,718,mRNA
55262,17574820,17574972,152,mRNA
55263,17573541,17574539,998,mRNA
55264,17572909,17573475,566,mRNA
55265,17572710,17572843,133,mRNA
55266,17572520,17572651,131,mRNA
55267,17571854,17572444,590,mRNA
55268,17579105,17579229,124,mRNA
55269,17578513,17578767,254,mRNA
55270,17575843,17576022,179,mRNA
55271,17575050,17575768,718,mRNA
55272,17574820,17574972,152,mRNA
55273,17573541,17574539,998,mRNA
55274,17572909,17573475,566,mRNA
55275,17572710,17572843,133,mRNA
55276,17572520,17572651,131,mRNA
55277,17571854,17572459,605,mRNA
55278,17578513,17578898,385,mRNA
55279,17575843,17576022,179,mRNA
55280,17575050,17575768,718,mRNA
55281,17574820,17574972,152,mRNA
55282,17573541,17574539,998,mRNA
55283,17572909,17573475,566,mRNA
55284,17572710,17572843,133,mRNA
55285,17572520,17572651,131,mRNA
55286,17571854,17572459,605,mRNA
55287,17575843,17576101,258,mRNA
55288,17575050,17575768,718,mRNA
55289,17574820,17574972,152,mRNA
55290,17573541,17574539,998,mRNA
55291,17572909,17573475,566,mRNA
55292,17572710,17572843,133,mRNA
55293,17572520,17572651,131,mRNA
55294,17571854,17572459,605,mRNA
55295,17578513,17578744,231,CDS
55296,17575843,17576022,179,CDS
55297,17575050,17575768,718,CDS
55298,17574820,17574972,152,CDS
55299,17573541,17574539,998,CDS
55300,17572909,17573475,566,CDS
55301,17572710,17572843,133,CDS
55302,17572520,17572651,131,CDS
55303,17572051,17572444,393,CDS
55304,17578513,17578744,231,CDS
55305,17575843,17576022,179,CDS
55306,17575050,17575768,718,CDS
55307,17574820,17574972,152,CDS
55308,17573541,17574539,998,CDS
55309,17572909,17573475,566,CDS
55310,17572710,17572843,133,CDS
55311,17572520,17572651,131,CDS
55312,17572051,17572459,408,CDS
55313,17578513,17578744,231,CDS
55314,17575843,17576022,179,CDS
55315,17575050,17575768,718,CDS
55316,17574820,17574972,152,CDS
55317,17573541,17574539,998,CDS
55318,17572909,17573475,566,CDS
55319,17572710,17572843,133,CDS
55320,17572520,17572651,131,CDS
55321,17572051,17572459,408,CDS
55322,17575843,17576062,219,CDS
55323,17575050,17575768,718,CDS
55324,17574820,17574972,152,CDS
55325,17573541,17574539,998,CDS
55326,17572909,17573475,566,CDS
55327,17572710,17572843,133,CDS
55328,17572520,17572651,131,CDS
55329,17572051,17572459,408,CDS
55330,17578689,17579135,446,gene
55331,17578689,17578774,85,ncRNA
55332,17578851,17579135,284,ncRNA
55333,17579861,17599314,19453,gene
55334,17579861,17580097,236,mRNA
55335,17588988,17589095,107,mRNA
55336,17596657,17596751,94,mRNA
55337,17596810,17597320,510,mRNA
55338,17597386,17597926,540,mRNA
55339,17598011,17598184,173,mRNA
55340,17598247,17599314,1067,mRNA
55341,17579861,17580097,236,mRNA
55342,17588988,17589095,107,mRNA
55343,17596657,17596751,94,mRNA
55344,17596810,17597320,510,mRNA
55345,17597386,17597926,540,mRNA
55346,17598011,17598184,173,mRNA
55347,17598268,17599314,1046,mRNA
55348,17579861,17580097,236,mRNA
55349,17588988,17589095,107,mRNA
55350,17596657,17596751,94,mRNA
55351,17596810,17597320,510,mRNA
55352,17597398,17597926,528,mRNA
55353,17598011,17598190,179,mRNA
55354,17598268,17599314,1046,mRNA
55355,17579861,17580097,236,mRNA
55356,17596657,17596751,94,mRNA
55357,17596810,17597320,510,mRNA
55358,17597386,17597926,540,mRNA
55359,17598011,17598190,179,mRNA
55360,17598268,17599314,1046,mRNA
55361,17579861,17580097,236,mRNA
55362,17588988,17589095,107,mRNA
55363,17596657,17596751,94,mRNA
55364,17596810,17597320,510,mRNA
55365,17597386,17597926,540,mRNA
55366,17598011,17598190,179,mRNA
55367,17598268,17598955,687,mRNA
55368,17586946,17587077,131,mRNA
55369,17588988,17589095,107,mRNA
55370,17596657,17596751,94,mRNA
55371,17596810,17597320,510,mRNA
55372,17597386,17597926,540,mRNA
55373,17598011,17598190,179,mRNA
55374,17598268,17598955,687,mRNA
55375,17588865,17591706,2841,gene
55376,17588865,17588930,65,mRNA
55377,17588988,17589095,107,mRNA
55378,17589958,17590468,510,mRNA
55379,17590526,17591706,1180,mRNA
55380,17588865,17588930,65,mRNA
55381,17588988,17589095,107,mRNA
55382,17590012,17590468,456,mRNA
55383,17590526,17591706,1180,mRNA
55384,17588865,17588930,65,mRNA
55385,17588988,17589095,107,mRNA
55386,17590015,17590468,453,mRNA
55387,17590517,17591706,1189,mRNA
55388,17590172,17590468,296,mRNA
55389,17590526,17591600,1074,mRNA
55390,17590202,17590468,266,CDS
55391,17590517,17591548,1031,CDS
55392,17590202,17590468,266,CDS
55393,17590526,17591548,1022,CDS
55394,17590202,17590468,266,CDS
55395,17590526,17591548,1022,CDS
55396,17590202,17590468,266,CDS
55397,17590526,17591548,1022,CDS
55398,17596700,17596751,51,CDS
55399,17596810,17597320,510,CDS
55400,17597386,17597926,540,CDS
55401,17598011,17598190,179,CDS
55402,17598268,17598378,110,CDS
55403,17596700,17596751,51,CDS
55404,17596810,17597320,510,CDS
55405,17597386,17597926,540,CDS
55406,17598011,17598190,179,CDS
55407,17598268,17598378,110,CDS
55408,17596700,17596751,51,CDS
55409,17596810,17597320,510,CDS
55410,17597386,17597926,540,CDS
55411,17598011,17598190,179,CDS
55412,17598268,17598378,110,CDS
55413,17596700,17596751,51,CDS
55414,17596810,17597320,510,CDS
55415,17597386,17597926,540,CDS
55416,17598011,17598184,173,CDS
55417,17598247,17598378,131,CDS
55418,17596700,17596751,51,CDS
55419,17596810,17597320,510,CDS
55420,17597386,17597926,540,CDS
55421,17598011,17598184,173,CDS
55422,17598268,17598378,110,CDS
55423,17596700,17596751,51,CDS
55424,17596810,17597320,510,CDS
55425,17597398,17597926,528,CDS
55426,17598011,17598190,179,CDS
55427,17598268,17598378,110,CDS
55428,17599608,17606879,7271,gene
55429,17599608,17599679,71,mRNA
55430,17600773,17601304,531,mRNA
55431,17601380,17601919,539,mRNA
55432,17601982,17602095,113,mRNA
55433,17602152,17603093,941,mRNA
55434,17603156,17603471,315,mRNA
55435,17603696,17603835,139,mRNA
55436,17603974,17603979,5,mRNA
55437,17604071,17604436,365,mRNA
55438,17604495,17604971,476,mRNA
55439,17605042,17605182,140,mRNA
55440,17605238,17606879,1641,mRNA
55441,17599608,17599679,71,mRNA
55442,17600773,17601304,531,mRNA
55443,17601380,17601919,539,mRNA
55444,17601982,17602095,113,mRNA
55445,17602152,17603093,941,mRNA
55446,17603156,17603471,315,mRNA
55447,17603696,17603835,139,mRNA
55448,17604071,17604436,365,mRNA
55449,17604495,17604971,476,mRNA
55450,17605042,17605182,140,mRNA
55451,17605238,17606879,1641,mRNA
55452,17599608,17599679,71,mRNA
55453,17600773,17601304,531,mRNA
55454,17601380,17601919,539,mRNA
55455,17601982,17602095,113,mRNA
55456,17602152,17603093,941,mRNA
55457,17603156,17603471,315,mRNA
55458,17603714,17603835,121,mRNA
55459,17604071,17604436,365,mRNA
55460,17604495,17604971,476,mRNA
55461,17605042,17605182,140,mRNA
55462,17605238,17606100,862,mRNA
55463,17599608,17599679,71,mRNA
55464,17600773,17601304,531,mRNA
55465,17601380,17601919,539,mRNA
55466,17601985,17602095,110,mRNA
55467,17602152,17603093,941,mRNA
55468,17603156,17603471,315,mRNA
55469,17603696,17603835,139,mRNA
55470,17604071,17604436,365,mRNA
55471,17604495,17604971,476,mRNA
55472,17605042,17605182,140,mRNA
55473,17605238,17606100,862,mRNA
55474,17599991,17600421,430,mRNA
55475,17600773,17601304,531,mRNA
55476,17601380,17601919,539,mRNA
55477,17601982,17602095,113,mRNA
55478,17602152,17603093,941,mRNA
55479,17603156,17603471,315,mRNA
55480,17603696,17603835,139,mRNA
55481,17604071,17604436,365,mRNA
55482,17604495,17604971,476,mRNA
55483,17605042,17605182,140,mRNA
55484,17605238,17606100,862,mRNA
55485,17600906,17601304,398,CDS
55486,17601380,17601919,539,CDS
55487,17601982,17602095,113,CDS
55488,17602152,17603093,941,CDS
55489,17603156,17603471,315,CDS
55490,17603696,17603835,139,CDS
55491,17603974,17603979,5,CDS
55492,17604071,17604436,365,CDS
55493,17604495,17604971,476,CDS
55494,17605042,17605182,140,CDS
55495,17605238,17605309,71,CDS
55496,17600906,17601304,398,CDS
55497,17601380,17601919,539,CDS
55498,17601982,17602095,113,CDS
55499,17602152,17603093,941,CDS
55500,17603156,17603471,315,CDS
55501,17603696,17603835,139,CDS
55502,17604071,17604436,365,CDS
55503,17604495,17604971,476,CDS
55504,17605042,17605182,140,CDS
55505,17605238,17605309,71,CDS
55506,17600906,17601304,398,CDS
55507,17601380,17601919,539,CDS
55508,17601982,17602095,113,CDS
55509,17602152,17603093,941,CDS
55510,17603156,17603471,315,CDS
55511,17603696,17603835,139,CDS
55512,17604071,17604436,365,CDS
55513,17604495,17604971,476,CDS
55514,17605042,17605182,140,CDS
55515,17605238,17605309,71,CDS
55516,17600906,17601304,398,CDS
55517,17601380,17601919,539,CDS
55518,17601982,17602095,113,CDS
55519,17602152,17603093,941,CDS
55520,17603156,17603471,315,CDS
55521,17603714,17603835,121,CDS
55522,17604071,17604436,365,CDS
55523,17604495,17604971,476,CDS
55524,17605042,17605182,140,CDS
55525,17605238,17605309,71,CDS
55526,17600906,17601304,398,CDS
55527,17601380,17601919,539,CDS
55528,17601985,17602095,110,CDS
55529,17602152,17603093,941,CDS
55530,17603156,17603471,315,CDS
55531,17603696,17603835,139,CDS
55532,17604071,17604436,365,CDS
55533,17604495,17604971,476,CDS
55534,17605042,17605182,140,CDS
55535,17605238,17605309,71,CDS
55536,17622223,17622336,113,mobile_element
55537,17622411,17622464,53,mobile_element
55538,17623221,17627895,4674,gene
55539,17627429,17627895,466,mRNA
55540,17626940,17627240,300,mRNA
55541,17625530,17625658,128,mRNA
55542,17623221,17624205,984,mRNA
55543,17627429,17627450,21,CDS
55544,17626940,17627240,300,CDS
55545,17625530,17625658,128,CDS
55546,17623695,17624205,510,CDS
55547,17627429,17627895,466,mRNA
55548,17626940,17627240,300,mRNA
55549,17624264,17625658,1394,mRNA
55550,17627429,17627450,21,CDS
55551,17626940,17627240,300,CDS
55552,17625457,17625658,201,CDS
55553,17628164,17629492,1328,gene
55554,17629341,17629492,151,mRNA
55555,17628164,17629271,1107,mRNA
55556,17629341,17629423,82,CDS
55557,17628356,17629271,915,CDS
55558,17629791,17632047,2256,gene
55559,17631882,17632047,165,mRNA
55560,17631527,17631811,284,mRNA
55561,17631182,17631369,187,mRNA
55562,17629791,17631129,1338,mRNA
55563,17631882,17632047,165,mRNA
55564,17631527,17631817,290,mRNA
55565,17631182,17631369,187,mRNA
55566,17629791,17631129,1338,mRNA
55567,17631882,17631999,117,CDS
55568,17631527,17631811,284,CDS
55569,17631182,17631369,187,CDS
55570,17630062,17631129,1067,CDS
55571,17631882,17631999,117,CDS
55572,17631527,17631817,290,CDS
55573,17631182,17631369,187,CDS
55574,17630062,17631129,1067,CDS
55575,17632089,17633509,1420,gene
55576,17632089,17632179,90,mRNA
55577,17632254,17632460,206,mRNA
55578,17632590,17633108,518,mRNA
55579,17633263,17633509,246,mRNA
55580,17632321,17632460,139,mRNA
55581,17632590,17633108,518,mRNA
55582,17633263,17633509,246,mRNA
55583,17632422,17632460,38,CDS
55584,17632590,17633108,518,CDS
55585,17633263,17633433,170,CDS
55586,17632422,17632460,38,CDS
55587,17632590,17633108,518,CDS
55588,17633263,17633433,170,CDS
55589,17633691,17636044,2353,gene
55590,17635342,17636044,702,mRNA
55591,17634574,17634974,400,mRNA
55592,17633691,17634353,662,mRNA
55593,17635342,17636044,702,mRNA
55594,17634574,17634977,403,mRNA
55595,17633691,17634353,662,mRNA
55596,17635342,17635926,584,CDS
55597,17634574,17634974,400,CDS
55598,17634332,17634353,21,CDS
55599,17635342,17635926,584,CDS
55600,17634574,17634977,403,CDS
55601,17634332,17634353,21,CDS
55602,17636281,17639003,2722,gene
55603,17636281,17636754,473,mRNA
55604,17636831,17639003,2172,mRNA
55605,17636368,17636754,386,CDS
55606,17636831,17638924,2093,CDS
55607,17639147,17652562,13415,gene
55608,17652499,17652562,63,mRNA
55609,17648946,17650238,1292,mRNA
55610,17648123,17648805,682,mRNA
55611,17647217,17647799,582,mRNA
55612,17646959,17647137,178,mRNA
55613,17646651,17646893,242,mRNA
55614,17646520,17646585,65,mRNA
55615,17643014,17643247,233,mRNA
55616,17642778,17642830,52,mRNA
55617,17642303,17642699,396,mRNA
55618,17642106,17642237,131,mRNA
55619,17641901,17642045,144,mRNA
55620,17639147,17641816,2669,mRNA
55621,17652499,17652562,63,mRNA
55622,17648946,17650238,1292,mRNA
55623,17648123,17648805,682,mRNA
55624,17647217,17647799,582,mRNA
55625,17646959,17647137,178,mRNA
55626,17646651,17646893,242,mRNA
55627,17646520,17646585,65,mRNA
55628,17645887,17646012,125,mRNA
55629,17644764,17644808,44,mRNA
55630,17643681,17644178,497,mRNA
55631,17643014,17643247,233,mRNA
55632,17642778,17642830,52,mRNA
55633,17642303,17642699,396,mRNA
55634,17642106,17642237,131,mRNA
55635,17641901,17642045,144,mRNA
55636,17639147,17641816,2669,mRNA
55637,17652091,17652562,471,mRNA
55638,17648946,17650238,1292,mRNA
55639,17648123,17648805,682,mRNA
55640,17647217,17647799,582,mRNA
55641,17646959,17647137,178,mRNA
55642,17646651,17646893,242,mRNA
55643,17646520,17646585,65,mRNA
55644,17643681,17644178,497,mRNA
55645,17643023,17643247,224,mRNA
55646,17642778,17642830,52,mRNA
55647,17642303,17642699,396,mRNA
55648,17642106,17642237,131,mRNA
55649,17641901,17642045,144,mRNA
55650,17639147,17641816,2669,mRNA
55651,17652091,17652562,471,mRNA
55652,17648946,17650238,1292,mRNA
55653,17648123,17648805,682,mRNA
55654,17647217,17647799,582,mRNA
55655,17646959,17647137,178,mRNA
55656,17646651,17646893,242,mRNA
55657,17646520,17646585,65,mRNA
55658,17644764,17644808,44,mRNA
55659,17643681,17644178,497,mRNA
55660,17643014,17643247,233,mRNA
55661,17642778,17642830,52,mRNA
55662,17642303,17642699,396,mRNA
55663,17642106,17642237,131,mRNA
55664,17641901,17642045,144,mRNA
55665,17639147,17641816,2669,mRNA
55666,17651186,17651310,124,mRNA
55667,17648946,17650238,1292,mRNA
55668,17648123,17648805,682,mRNA
55669,17647217,17647799,582,mRNA
55670,17646959,17647137,178,mRNA
55671,17646651,17646893,242,mRNA
55672,17646520,17646585,65,mRNA
55673,17643681,17644178,497,mRNA
55674,17643014,17643247,233,mRNA
55675,17642778,17642830,52,mRNA
55676,17642303,17642699,396,mRNA
55677,17642106,17642237,131,mRNA
55678,17641901,17642045,144,mRNA
55679,17639147,17641816,2669,mRNA
55680,17650720,17650900,180,mRNA
55681,17648946,17650238,1292,mRNA
55682,17648123,17648805,682,mRNA
55683,17647217,17647799,582,mRNA
55684,17646959,17647137,178,mRNA
55685,17646651,17646893,242,mRNA
55686,17646520,17646585,65,mRNA
55687,17643681,17644178,497,mRNA
55688,17643023,17643247,224,mRNA
55689,17642778,17642830,52,mRNA
55690,17642303,17642699,396,mRNA
55691,17642106,17642237,131,mRNA
55692,17641901,17642045,144,mRNA
55693,17639147,17641816,2669,mRNA
55694,17652499,17652562,63,mRNA
55695,17648946,17650238,1292,mRNA
55696,17648123,17648805,682,mRNA
55697,17647217,17647799,582,mRNA
55698,17646959,17647137,178,mRNA
55699,17646651,17646893,242,mRNA
55700,17646520,17646585,65,mRNA
55701,17643681,17644178,497,mRNA
55702,17643023,17643247,224,mRNA
55703,17642778,17642830,52,mRNA
55704,17642303,17642699,396,mRNA
55705,17642106,17642237,131,mRNA
55706,17641901,17642045,144,mRNA
55707,17640506,17641816,1310,mRNA
55708,17648946,17650228,1282,CDS
55709,17648123,17648805,682,CDS
55710,17647217,17647799,582,CDS
55711,17646959,17647137,178,CDS
55712,17646651,17646893,242,CDS
55713,17646520,17646585,65,CDS
55714,17643014,17643247,233,CDS
55715,17642778,17642830,52,CDS
55716,17642303,17642699,396,CDS
55717,17642106,17642237,131,CDS
55718,17641901,17642045,144,CDS
55719,17641618,17641816,198,CDS
55720,17648946,17650228,1282,CDS
55721,17648123,17648805,682,CDS
55722,17647217,17647799,582,CDS
55723,17646959,17647137,178,CDS
55724,17646651,17646893,242,CDS
55725,17646520,17646585,65,CDS
55726,17643681,17644178,497,CDS
55727,17643023,17643247,224,CDS
55728,17642778,17642830,52,CDS
55729,17642303,17642699,396,CDS
55730,17642106,17642237,131,CDS
55731,17641901,17642045,144,CDS
55732,17641618,17641816,198,CDS
55733,17648946,17650228,1282,CDS
55734,17648123,17648805,682,CDS
55735,17647217,17647799,582,CDS
55736,17646959,17647137,178,CDS
55737,17646651,17646893,242,CDS
55738,17646520,17646585,65,CDS
55739,17643681,17644178,497,CDS
55740,17643023,17643247,224,CDS
55741,17642778,17642830,52,CDS
55742,17642303,17642699,396,CDS
55743,17642106,17642237,131,CDS
55744,17641901,17642045,144,CDS
55745,17641618,17641816,198,CDS
55746,17648946,17650228,1282,CDS
55747,17648123,17648805,682,CDS
55748,17647217,17647799,582,CDS
55749,17646959,17647137,178,CDS
55750,17646651,17646893,242,CDS
55751,17646520,17646585,65,CDS
55752,17643681,17644178,497,CDS
55753,17643023,17643247,224,CDS
55754,17642778,17642830,52,CDS
55755,17642303,17642699,396,CDS
55756,17642106,17642237,131,CDS
55757,17641901,17642045,144,CDS
55758,17641618,17641816,198,CDS
55759,17648946,17650228,1282,CDS
55760,17648123,17648805,682,CDS
55761,17647217,17647799,582,CDS
55762,17646959,17647137,178,CDS
55763,17646651,17646893,242,CDS
55764,17646520,17646585,65,CDS
55765,17643681,17644178,497,CDS
55766,17643014,17643247,233,CDS
55767,17642778,17642830,52,CDS
55768,17642303,17642699,396,CDS
55769,17642106,17642237,131,CDS
55770,17641901,17642045,144,CDS
55771,17641618,17641816,198,CDS
55772,17648946,17650228,1282,CDS
55773,17648123,17648805,682,CDS
55774,17647217,17647799,582,CDS
55775,17646959,17647137,178,CDS
55776,17646651,17646893,242,CDS
55777,17646520,17646585,65,CDS
55778,17644764,17644808,44,CDS
55779,17643681,17644178,497,CDS
55780,17643014,17643247,233,CDS
55781,17642778,17642830,52,CDS
55782,17642303,17642699,396,CDS
55783,17642106,17642237,131,CDS
55784,17641901,17642045,144,CDS
55785,17641618,17641816,198,CDS
55786,17648946,17650228,1282,CDS
55787,17648123,17648805,682,CDS
55788,17647217,17647799,582,CDS
55789,17646959,17647137,178,CDS
55790,17646651,17646893,242,CDS
55791,17646520,17646585,65,CDS
55792,17645887,17646012,125,CDS
55793,17644764,17644808,44,CDS
55794,17643681,17644178,497,CDS
55795,17643014,17643247,233,CDS
55796,17642778,17642830,52,CDS
55797,17642303,17642699,396,CDS
55798,17642106,17642237,131,CDS
55799,17641901,17642045,144,CDS
55800,17641618,17641816,198,CDS
55801,17652761,17656818,4057,gene
55802,17655783,17656818,1035,mRNA
55803,17653822,17655458,1636,mRNA
55804,17652761,17653755,994,mRNA
55805,17655783,17656598,815,CDS
55806,17653822,17655458,1636,CDS
55807,17652891,17653755,864,CDS
55808,17657372,17669371,11999,gene
55809,17657372,17657537,165,mRNA
55810,17660989,17667232,6243,mRNA
55811,17667301,17667497,196,mRNA
55812,17667570,17667738,168,mRNA
55813,17667933,17668157,224,mRNA
55814,17668276,17668382,106,mRNA
55815,17668497,17668663,166,mRNA
55816,17668751,17669371,620,mRNA
55817,17657372,17657537,165,mRNA
55818,17660989,17667232,6243,mRNA
55819,17667301,17667497,196,mRNA
55820,17667570,17667738,168,mRNA
55821,17668276,17668382,106,mRNA
55822,17668497,17668663,166,mRNA
55823,17668751,17669371,620,mRNA
55824,17657372,17657533,161,mRNA
55825,17660989,17667232,6243,mRNA
55826,17667301,17667497,196,mRNA
55827,17667570,17667738,168,mRNA
55828,17668107,17668157,50,mRNA
55829,17668276,17668382,106,mRNA
55830,17668497,17668663,166,mRNA
55831,17668751,17669371,620,mRNA
55832,17661184,17667232,6048,CDS
55833,17667301,17667497,196,CDS
55834,17667570,17667738,168,CDS
55835,17668107,17668157,50,CDS
55836,17668276,17668382,106,CDS
55837,17668497,17668663,166,CDS
55838,17668751,17668937,186,CDS
55839,17661184,17667232,6048,CDS
55840,17667301,17667497,196,CDS
55841,17667570,17667738,168,CDS
55842,17668276,17668382,106,CDS
55843,17668497,17668663,166,CDS
55844,17668751,17668937,186,CDS
55845,17661184,17667232,6048,CDS
55846,17667301,17667497,196,CDS
55847,17667570,17667738,168,CDS
55848,17667933,17667961,28,CDS
55849,17669208,17671888,2680,gene
55850,17671638,17671888,250,mRNA
55851,17670739,17671462,723,mRNA
55852,17669699,17670632,933,mRNA
55853,17669208,17669628,420,mRNA
55854,17671638,17671830,192,CDS
55855,17670739,17671462,723,CDS
55856,17669699,17670632,933,CDS
55857,17669488,17669628,140,CDS
55858,17672458,17698730,26272,gene
55859,17698403,17698730,327,mRNA
55860,17695436,17695614,178,mRNA
55861,17689225,17689306,81,mRNA
55862,17684513,17684682,169,mRNA
55863,17684115,17684393,278,mRNA
55864,17676981,17677503,522,mRNA
55865,17675312,17676557,1245,mRNA
55866,17674279,17674938,659,mRNA
55867,17672458,17674214,1756,mRNA
55868,17698385,17698730,345,mRNA
55869,17695568,17695614,46,mRNA
55870,17695436,17695500,64,mRNA
55871,17689225,17689306,81,mRNA
55872,17684513,17684682,169,mRNA
55873,17684115,17684393,278,mRNA
55874,17676981,17677503,522,mRNA
55875,17675312,17676557,1245,mRNA
55876,17674279,17674938,659,mRNA
55877,17672458,17674214,1756,mRNA
55878,17694262,17694387,125,mRNA
55879,17689225,17690209,984,mRNA
55880,17684513,17684682,169,mRNA
55881,17684115,17684393,278,mRNA
55882,17676981,17677503,522,mRNA
55883,17675312,17676557,1245,mRNA
55884,17674279,17674938,659,mRNA
55885,17672458,17674214,1756,mRNA
55886,17682427,17682922,495,mRNA
55887,17676981,17677503,522,mRNA
55888,17675312,17676557,1245,mRNA
55889,17674279,17674938,659,mRNA
55890,17672458,17674214,1756,mRNA
55891,17682427,17682922,495,mRNA
55892,17681293,17681829,536,mRNA
55893,17676981,17677503,522,mRNA
55894,17675312,17676557,1245,mRNA
55895,17674279,17674938,659,mRNA
55896,17672458,17674214,1756,mRNA
55897,17695436,17695495,59,CDS
55898,17689225,17689306,81,CDS
55899,17684513,17684682,169,CDS
55900,17684115,17684393,278,CDS
55901,17676981,17677503,522,CDS
55902,17675312,17676557,1245,CDS
55903,17674279,17674938,659,CDS
55904,17673155,17674214,1059,CDS
55905,17695436,17695495,59,CDS
55906,17689225,17689306,81,CDS
55907,17684513,17684682,169,CDS
55908,17684115,17684393,278,CDS
55909,17676981,17677503,522,CDS
55910,17675312,17676557,1245,CDS
55911,17674279,17674938,659,CDS
55912,17673155,17674214,1059,CDS
55913,17689225,17689963,738,CDS
55914,17684513,17684682,169,CDS
55915,17684115,17684393,278,CDS
55916,17676981,17677503,522,CDS
55917,17675312,17676557,1245,CDS
55918,17674279,17674938,659,CDS
55919,17673155,17674214,1059,CDS
55920,17676981,17677110,129,CDS
55921,17675312,17676557,1245,CDS
55922,17674279,17674938,659,CDS
55923,17673155,17674214,1059,CDS
55924,17676981,17677110,129,CDS
55925,17675312,17676557,1245,CDS
55926,17674279,17674938,659,CDS
55927,17673155,17674214,1059,CDS
55928,17698917,17703024,4107,gene
55929,17702201,17702777,576,mRNA
55930,17701306,17701776,470,mRNA
55931,17698917,17701165,2248,mRNA
55932,17702201,17703024,823,mRNA
55933,17701306,17701776,470,mRNA
55934,17699772,17701165,1393,mRNA
55935,17702201,17702777,576,mRNA
55936,17701306,17701776,470,mRNA
55937,17699772,17701165,1393,mRNA
55938,17702201,17702777,576,mRNA
55939,17701306,17701776,470,mRNA
55940,17700095,17701165,1070,mRNA
55941,17702201,17702209,8,CDS
55942,17701306,17701776,470,CDS
55943,17701016,17701165,149,CDS
55944,17702201,17702209,8,CDS
55945,17701306,17701776,470,CDS
55946,17701016,17701165,149,CDS
55947,17702201,17702209,8,CDS
55948,17701306,17701776,470,CDS
55949,17701016,17701165,149,CDS
55950,17702201,17702209,8,CDS
55951,17701306,17701776,470,CDS
55952,17701016,17701165,149,CDS
55953,17703352,17707096,3744,gene
55954,17703352,17703725,373,mRNA
55955,17704372,17704600,228,mRNA
55956,17704668,17707096,2428,mRNA
55957,17703352,17703725,373,mRNA
55958,17704372,17704600,228,mRNA
55959,17704668,17706628,1960,mRNA
55960,17703651,17703725,74,CDS
55961,17704372,17704600,228,CDS
55962,17704668,17705419,751,CDS
55963,17703651,17703725,74,CDS
55964,17704372,17704600,228,CDS
55965,17704668,17705419,751,CDS
55966,17707401,17709653,2252,gene
55967,17709182,17709653,471,mRNA
55968,17708289,17708647,358,mRNA
55969,17707401,17708212,811,mRNA
55970,17709182,17709441,259,CDS
55971,17708289,17708647,358,CDS
55972,17707635,17708212,577,CDS
55973,17710144,17752007,41863,gene
55974,17710144,17711119,975,mRNA
55975,17720587,17720699,112,mRNA
55976,17721423,17721615,192,mRNA
55977,17746571,17746691,120,mRNA
55978,17746771,17746898,127,mRNA
55979,17746968,17750486,3518,mRNA
55980,17750554,17750848,294,mRNA
55981,17751030,17752007,977,mRNA
55982,17710144,17711119,975,mRNA
55983,17720587,17720699,112,mRNA
55984,17720948,17720974,26,mRNA
55985,17721423,17721615,192,mRNA
55986,17736198,17736269,71,mRNA
55987,17746571,17746691,120,mRNA
55988,17746771,17746898,127,mRNA
55989,17746968,17750486,3518,mRNA
55990,17750554,17750848,294,mRNA
55991,17751030,17751685,655,mRNA
55992,17710144,17711119,975,mRNA
55993,17720587,17720699,112,mRNA
55994,17720948,17720974,26,mRNA
55995,17721423,17721615,192,mRNA
55996,17746571,17746691,120,mRNA
55997,17746771,17746898,127,mRNA
55998,17746968,17750486,3518,mRNA
55999,17750554,17750848,294,mRNA
56000,17751030,17751685,655,mRNA
56001,17710144,17711119,975,mRNA
56002,17720587,17720699,112,mRNA
56003,17721423,17721615,192,mRNA
56004,17736198,17736269,71,mRNA
56005,17746571,17746691,120,mRNA
56006,17746771,17746898,127,mRNA
56007,17746968,17750486,3518,mRNA
56008,17750554,17750848,294,mRNA
56009,17751030,17751685,655,mRNA
56010,17710144,17711119,975,mRNA
56011,17720587,17720699,112,mRNA
56012,17721423,17721615,192,mRNA
56013,17746571,17746691,120,mRNA
56014,17746771,17746898,127,mRNA
56015,17746968,17750486,3518,mRNA
56016,17750554,17750848,294,mRNA
56017,17751009,17751685,676,mRNA
56018,17711041,17711119,78,CDS
56019,17720587,17720699,112,CDS
56020,17720948,17720974,26,CDS
56021,17721423,17721615,192,CDS
56022,17736198,17736269,71,CDS
56023,17746571,17746691,120,CDS
56024,17746771,17746898,127,CDS
56025,17746968,17750486,3518,CDS
56026,17750554,17750848,294,CDS
56027,17751030,17751252,222,CDS
56028,17711041,17711119,78,CDS
56029,17720587,17720699,112,CDS
56030,17720948,17720974,26,CDS
56031,17721423,17721615,192,CDS
56032,17746571,17746691,120,CDS
56033,17746771,17746898,127,CDS
56034,17746968,17750486,3518,CDS
56035,17750554,17750848,294,CDS
56036,17751030,17751252,222,CDS
56037,17711041,17711119,78,CDS
56038,17720587,17720699,112,CDS
56039,17721423,17721615,192,CDS
56040,17736198,17736269,71,CDS
56041,17746571,17746691,120,CDS
56042,17746771,17746898,127,CDS
56043,17746968,17750486,3518,CDS
56044,17750554,17750848,294,CDS
56045,17751030,17751252,222,CDS
56046,17711041,17711119,78,CDS
56047,17720587,17720699,112,CDS
56048,17721423,17721615,192,CDS
56049,17746571,17746691,120,CDS
56050,17746771,17746898,127,CDS
56051,17746968,17750486,3518,CDS
56052,17750554,17750848,294,CDS
56053,17751009,17751252,243,CDS
56054,17711041,17711119,78,CDS
56055,17720587,17720699,112,CDS
56056,17721423,17721615,192,CDS
56057,17746571,17746691,120,CDS
56058,17746771,17746898,127,CDS
56059,17746968,17750486,3518,CDS
56060,17750554,17750848,294,CDS
56061,17751030,17751252,222,CDS
56062,17723203,17723249,46,mRNA
56063,17734712,17735263,551,mRNA
56064,17736198,17736269,71,mRNA
56065,17746571,17746691,120,mRNA
56066,17746771,17746898,127,mRNA
56067,17746968,17750486,3518,mRNA
56068,17750554,17750848,294,mRNA
56069,17751009,17751685,676,mRNA
56070,17723203,17723249,46,mRNA
56071,17734712,17735263,551,mRNA
56072,17736198,17736269,71,mRNA
56073,17746571,17746691,120,mRNA
56074,17746771,17746898,127,mRNA
56075,17746968,17750486,3518,mRNA
56076,17750554,17750848,294,mRNA
56077,17751030,17751685,655,mRNA
56078,17734870,17735263,393,CDS
56079,17736198,17736269,71,CDS
56080,17746571,17746691,120,CDS
56081,17746771,17746898,127,CDS
56082,17746968,17750486,3518,CDS
56083,17750554,17750848,294,CDS
56084,17751009,17751252,243,CDS
56085,17734870,17735263,393,CDS
56086,17736198,17736269,71,CDS
56087,17746571,17746691,120,CDS
56088,17746771,17746898,127,CDS
56089,17746968,17750486,3518,CDS
56090,17750554,17750848,294,CDS
56091,17751030,17751252,222,CDS
56092,17738413,17741017,2604,mRNA
56093,17746571,17746691,120,mRNA
56094,17746771,17746898,127,mRNA
56095,17746968,17750486,3518,mRNA
56096,17750554,17750848,294,mRNA
56097,17751009,17751685,676,mRNA
56098,17738413,17741017,2604,mRNA
56099,17746571,17746691,120,mRNA
56100,17746771,17746898,127,mRNA
56101,17746968,17750486,3518,mRNA
56102,17750554,17750848,294,mRNA
56103,17751030,17751685,655,mRNA
56104,17739274,17741017,1743,CDS
56105,17746571,17746691,120,CDS
56106,17746771,17746898,127,CDS
56107,17746968,17750486,3518,CDS
56108,17750554,17750848,294,CDS
56109,17751009,17751252,243,CDS
56110,17739274,17741017,1743,CDS
56111,17746571,17746691,120,CDS
56112,17746771,17746898,127,CDS
56113,17746968,17750486,3518,CDS
56114,17750554,17750848,294,CDS
56115,17751030,17751252,222,CDS
56116,17768569,17778708,10139,gene
56117,17768569,17769615,1046,mRNA
56118,17776097,17776275,178,mRNA
56119,17776416,17776555,139,mRNA
56120,17777080,17778708,1628,mRNA
56121,17768569,17769615,1046,mRNA
56122,17776097,17776275,178,mRNA
56123,17776412,17776555,143,mRNA
56124,17777080,17778579,1499,mRNA
56125,17768569,17769615,1046,mRNA
56126,17776097,17776275,178,mRNA
56127,17776416,17776555,139,mRNA
56128,17777080,17778579,1499,mRNA
56129,17768931,17769615,684,CDS
56130,17776097,17776275,178,CDS
56131,17776416,17776555,139,CDS
56132,17777080,17777842,762,CDS
56133,17768931,17769615,684,CDS
56134,17776097,17776275,178,CDS
56135,17776416,17776555,139,CDS
56136,17777080,17777842,762,CDS
56137,17768931,17769615,684,CDS
56138,17776097,17776275,178,CDS
56139,17776412,17776450,38,CDS
56140,17791010,17814011,23001,gene
56141,17791010,17791448,438,mRNA
56142,17811681,17811907,226,mRNA
56143,17813310,17813449,139,mRNA
56144,17813529,17814011,482,mRNA
56145,17791067,17791448,381,CDS
56146,17811681,17811907,226,CDS
56147,17813310,17813449,139,CDS
56148,17813529,17813928,399,CDS
56149,17793006,17796246,3240,mobile_element
56150,17819155,17819685,530,gene
56151,17819155,17819685,530,mRNA
56152,17819238,17819615,377,CDS
56153,17820764,17827564,6800,gene
56154,17827323,17827564,241,mRNA
56155,17825547,17825890,343,mRNA
56156,17823378,17825481,2103,mRNA
56157,17823191,17823318,127,mRNA
56158,17822959,17823127,168,mRNA
56159,17822798,17822888,90,mRNA
56160,17822625,17822732,107,mRNA
56161,17822427,17822559,132,mRNA
56162,17820764,17822350,1586,mRNA
56163,17827323,17827520,197,mRNA
56164,17825547,17825890,343,mRNA
56165,17823378,17825481,2103,mRNA
56166,17823191,17823303,112,mRNA
56167,17822959,17823127,168,mRNA
56168,17822798,17822888,90,mRNA
56169,17822625,17822732,107,mRNA
56170,17822427,17822559,132,mRNA
56171,17820775,17822350,1575,mRNA
56172,17825547,17825855,308,CDS
56173,17823378,17825481,2103,CDS
56174,17823191,17823303,112,CDS
56175,17822959,17823127,168,CDS
56176,17822798,17822888,90,CDS
56177,17822625,17822732,107,CDS
56178,17822427,17822559,132,CDS
56179,17822327,17822350,23,CDS
56180,17825547,17825855,308,CDS
56181,17823378,17825481,2103,CDS
56182,17823191,17823318,127,CDS
56183,17822959,17823127,168,CDS
56184,17822798,17822888,90,CDS
56185,17822625,17822732,107,CDS
56186,17822427,17822559,132,CDS
56187,17822327,17822350,23,CDS
56188,17828096,17831094,2998,gene
56189,17830799,17831094,295,ncRNA
56190,17828096,17828709,613,ncRNA
56191,17830828,17841705,10877,gene
56192,17830828,17831446,618,mRNA
56193,17840160,17840289,129,mRNA
56194,17840355,17840695,340,mRNA
56195,17840762,17840927,165,mRNA
56196,17840990,17841705,715,mRNA
56197,17830828,17831446,618,mRNA
56198,17840160,17840289,129,mRNA
56199,17840355,17840695,340,mRNA
56200,17840762,17840927,165,mRNA
56201,17840990,17841593,603,mRNA
56202,17831321,17831446,125,CDS
56203,17840160,17840289,129,CDS
56204,17840355,17840695,340,CDS
56205,17840762,17840927,165,CDS
56206,17840990,17841099,109,CDS
56207,17831321,17831446,125,CDS
56208,17840160,17840289,129,CDS
56209,17840355,17840695,340,CDS
56210,17840762,17840927,165,CDS
56211,17840990,17841099,109,CDS
56212,17842161,17843348,1187,gene
56213,17842161,17842409,248,mRNA
56214,17842474,17843348,874,mRNA
56215,17842259,17842409,150,CDS
56216,17842474,17843159,685,CDS
56217,17843343,17844704,1361,gene
56218,17844513,17844704,191,mRNA
56219,17843569,17844436,867,mRNA
56220,17843343,17843506,163,mRNA
56221,17844513,17844619,106,CDS
56222,17843569,17844436,867,CDS
56223,17843420,17843506,86,CDS
56224,17844949,17848223,3274,gene
56225,17844949,17845360,411,mRNA
56226,17845490,17845758,268,mRNA
56227,17846683,17846792,109,mRNA
56228,17846931,17847419,488,mRNA
56229,17847482,17848223,741,mRNA
56230,17844949,17845420,471,mRNA
56231,17845490,17845758,268,mRNA
56232,17846683,17846792,109,mRNA
56233,17846931,17847419,488,mRNA
56234,17847482,17847944,462,mRNA
56235,17844949,17845420,471,mRNA
56236,17845490,17845758,268,mRNA
56237,17846931,17847419,488,mRNA
56238,17847482,17847944,462,mRNA
56239,17845510,17845758,248,CDS
56240,17846683,17846792,109,CDS
56241,17846931,17847419,488,CDS
56242,17847482,17847656,174,CDS
56243,17845510,17845758,248,CDS
56244,17846683,17846792,109,CDS
56245,17846931,17847419,488,CDS
56246,17847482,17847656,174,CDS
56247,17845510,17845758,248,CDS
56248,17846931,17847068,137,CDS
56249,17848110,17850342,2232,gene
56250,17850289,17850342,53,mRNA
56251,17849908,17850068,160,mRNA
56252,17849776,17849810,34,mRNA
56253,17849414,17849710,296,mRNA
56254,17849117,17849345,228,mRNA
56255,17848819,17849054,235,mRNA
56256,17848110,17848761,651,mRNA
56257,17850213,17850342,129,mRNA
56258,17849908,17850068,160,mRNA
56259,17849776,17849810,34,mRNA
56260,17849414,17849710,296,mRNA
56261,17849117,17849345,228,mRNA
56262,17848819,17849054,235,mRNA
56263,17848110,17848761,651,mRNA
56264,17849908,17850342,434,mRNA
56265,17849776,17849810,34,mRNA
56266,17849414,17849710,296,mRNA
56267,17849117,17849345,228,mRNA
56268,17848819,17849054,235,mRNA
56269,17848110,17848761,651,mRNA
56270,17849776,17849848,72,mRNA
56271,17849414,17849710,296,mRNA
56272,17849117,17849345,228,mRNA
56273,17848819,17849054,235,mRNA
56274,17848110,17848761,651,mRNA
56275,17849908,17849955,47,CDS
56276,17849776,17849810,34,CDS
56277,17849414,17849710,296,CDS
56278,17849117,17849345,228,CDS
56279,17848819,17849054,235,CDS
56280,17848641,17848761,120,CDS
56281,17849908,17849955,47,CDS
56282,17849776,17849810,34,CDS
56283,17849414,17849710,296,CDS
56284,17849117,17849345,228,CDS
56285,17848819,17849054,235,CDS
56286,17848641,17848761,120,CDS
56287,17849908,17849955,47,CDS
56288,17849776,17849810,34,CDS
56289,17849414,17849710,296,CDS
56290,17849117,17849345,228,CDS
56291,17848819,17849054,235,CDS
56292,17848641,17848761,120,CDS
56293,17849776,17849798,22,CDS
56294,17849414,17849710,296,CDS
56295,17849117,17849345,228,CDS
56296,17848819,17849054,235,CDS
56297,17848641,17848761,120,CDS
56298,17850460,17851889,1429,gene
56299,17850460,17850683,223,mRNA
56300,17850745,17850847,102,mRNA
56301,17850908,17851889,981,mRNA
56302,17850541,17850683,142,CDS
56303,17850745,17850847,102,CDS
56304,17850908,17851741,833,CDS
56305,17851869,17852685,816,gene
56306,17851869,17852685,816,mRNA
56307,17851888,17852607,719,CDS
56308,17852958,17856129,3171,gene
56309,17855935,17856129,194,mRNA
56310,17855226,17855452,226,mRNA
56311,17854101,17854737,636,mRNA
56312,17852958,17854029,1071,mRNA
56313,17855935,17856007,72,CDS
56314,17855226,17855452,226,CDS
56315,17854101,17854737,636,CDS
56316,17853029,17854029,1000,CDS
56317,17856974,17858610,1636,gene
56318,17856974,17857015,41,mRNA
56319,17857164,17857358,194,mRNA
56320,17857503,17857650,147,mRNA
56321,17858052,17858433,381,mRNA
56322,17857077,17858084,1007,gene
56323,17858038,17858084,46,ncRNA
56324,17857428,17857676,248,ncRNA
56325,17857077,17857323,246,ncRNA
56326,17857112,17857358,246,mRNA
56327,17857473,17857650,177,mRNA
56328,17858052,17858610,558,mRNA
56329,17857112,17857650,538,mRNA
56330,17858052,17858433,381,mRNA
56331,17857112,17857358,246,mRNA
56332,17857492,17857650,158,mRNA
56333,17858052,17858433,381,mRNA
56334,17857261,17857358,97,CDS
56335,17857473,17857650,177,CDS
56336,17858052,17858264,212,CDS
56337,17857261,17857358,97,CDS
56338,17857503,17857650,147,CDS
56339,17858052,17858264,212,CDS
56340,17857525,17857650,125,CDS
56341,17858052,17858264,212,CDS
56342,17857525,17857650,125,CDS
56343,17858052,17858264,212,CDS
56344,17858379,17860800,2421,gene
56345,17860722,17860800,78,mRNA
56346,17860068,17860653,585,mRNA
56347,17858379,17860002,1623,mRNA
56348,17860722,17860726,4,CDS
56349,17860068,17860653,585,CDS
56350,17858770,17860002,1232,CDS
56351,17861002,17862775,1773,gene
56352,17861002,17861679,677,mRNA
56353,17861838,17862200,362,mRNA
56354,17862274,17862775,501,mRNA
56355,17861002,17861679,677,mRNA
56356,17861838,17862200,362,mRNA
56357,17862274,17862700,426,mRNA
56358,17861164,17861679,515,CDS
56359,17861838,17862200,362,CDS
56360,17862274,17862624,350,CDS
56361,17861164,17861679,515,CDS
56362,17861838,17862200,362,CDS
56363,17862274,17862624,350,CDS
56364,17862697,17887222,24525,gene
56365,17886404,17887222,818,mRNA
56366,17877421,17878516,1095,mRNA
56367,17873255,17873400,145,mRNA
56368,17872619,17872753,134,mRNA
56369,17870486,17870657,171,mRNA
56370,17870255,17870422,167,mRNA
56371,17869893,17870179,286,mRNA
56372,17868982,17869816,834,mRNA
56373,17862697,17864545,1848,mRNA
56374,17874405,17875040,635,mRNA
56375,17873255,17873400,145,mRNA
56376,17872619,17872753,134,mRNA
56377,17870486,17870657,171,mRNA
56378,17870255,17870422,167,mRNA
56379,17869893,17870179,286,mRNA
56380,17868982,17869816,834,mRNA
56381,17862697,17864545,1848,mRNA
56382,17877421,17877478,57,CDS
56383,17873255,17873400,145,CDS
56384,17872619,17872753,134,CDS
56385,17870486,17870657,171,CDS
56386,17870255,17870422,167,CDS
56387,17869893,17870179,286,CDS
56388,17868982,17869816,834,CDS
56389,17863620,17864545,925,CDS
56390,17874405,17874879,474,CDS
56391,17873255,17873400,145,CDS
56392,17872619,17872753,134,CDS
56393,17870486,17870657,171,CDS
56394,17870255,17870422,167,CDS
56395,17869893,17870179,286,CDS
56396,17868982,17869816,834,CDS
56397,17863620,17864545,925,CDS
56398,17866569,17866676,107,mobile_element
56399,17886404,17887222,818,mRNA
56400,17877421,17878516,1095,mRNA
56401,17873255,17873400,145,mRNA
56402,17872619,17872753,134,mRNA
56403,17870486,17870657,171,mRNA
56404,17870255,17870422,167,mRNA
56405,17869893,17870179,286,mRNA
56406,17868982,17869816,834,mRNA
56407,17867568,17868166,598,mRNA
56408,17886404,17887222,818,mRNA
56409,17877421,17878516,1095,mRNA
56410,17873255,17873400,145,mRNA
56411,17872619,17872753,134,mRNA
56412,17870486,17870657,171,mRNA
56413,17870255,17870422,167,mRNA
56414,17869893,17870179,286,mRNA
56415,17868982,17869816,834,mRNA
56416,17867568,17868369,801,mRNA
56417,17874405,17875040,635,mRNA
56418,17873255,17873400,145,mRNA
56419,17872619,17872753,134,mRNA
56420,17870486,17870657,171,mRNA
56421,17870255,17870422,167,mRNA
56422,17869893,17870179,286,mRNA
56423,17868982,17869816,834,mRNA
56424,17867568,17868166,598,mRNA
56425,17877421,17877478,57,CDS
56426,17873255,17873400,145,CDS
56427,17872619,17872753,134,CDS
56428,17870486,17870657,171,CDS
56429,17870255,17870422,167,CDS
56430,17869893,17870179,286,CDS
56431,17868982,17869816,834,CDS
56432,17868153,17868166,13,CDS
56433,17874405,17874879,474,CDS
56434,17873255,17873400,145,CDS
56435,17872619,17872753,134,CDS
56436,17870486,17870657,171,CDS
56437,17870255,17870422,167,CDS
56438,17869893,17870179,286,CDS
56439,17868982,17869816,834,CDS
56440,17868153,17868166,13,CDS
56441,17877421,17877478,57,CDS
56442,17873255,17873400,145,CDS
56443,17872619,17872753,134,CDS
56444,17870486,17870657,171,CDS
56445,17870255,17870422,167,CDS
56446,17869893,17870179,286,CDS
56447,17868982,17869816,834,CDS
56448,17868347,17868369,22,CDS
56449,17883718,17885238,1520,gene
56450,17883718,17884475,757,mRNA
56451,17884640,17885238,598,mRNA
56452,17883808,17884475,667,CDS
56453,17884640,17885084,444,CDS
56454,17888177,17889404,1227,gene
56455,17888177,17889123,946,mRNA
56456,17889202,17889404,202,mRNA
56457,17888189,17889123,934,CDS
56458,17889202,17889343,141,CDS
56459,17889547,17898603,9056,gene
56460,17889547,17889795,248,mRNA
56461,17889926,17890149,223,mRNA
56462,17890461,17890673,212,mRNA
56463,17891588,17891934,346,mRNA
56464,17897188,17897230,42,mRNA
56465,17897376,17897614,238,mRNA
56466,17897691,17898075,384,mRNA
56467,17898153,17898603,450,mRNA
56468,17889547,17889795,248,mRNA
56469,17889926,17890149,223,mRNA
56470,17890461,17890673,212,mRNA
56471,17896528,17896661,133,mRNA
56472,17897188,17897230,42,mRNA
56473,17897376,17897614,238,mRNA
56474,17897691,17898075,384,mRNA
56475,17898153,17898603,450,mRNA
56476,17889547,17889795,248,mRNA
56477,17889926,17890149,223,mRNA
56478,17890461,17890673,212,mRNA
56479,17897188,17897230,42,mRNA
56480,17897376,17897614,238,mRNA
56481,17897691,17898075,384,mRNA
56482,17898153,17898603,450,mRNA
56483,17889826,17890149,323,mRNA
56484,17890461,17890673,212,mRNA
56485,17891588,17891934,346,mRNA
56486,17897188,17897230,42,mRNA
56487,17897376,17897614,238,mRNA
56488,17897691,17898075,384,mRNA
56489,17898153,17898603,450,mRNA
56490,17889826,17890149,323,mRNA
56491,17890461,17890673,212,mRNA
56492,17896528,17896661,133,mRNA
56493,17897188,17897230,42,mRNA
56494,17897376,17897614,238,mRNA
56495,17897691,17898075,384,mRNA
56496,17898153,17898603,450,mRNA
56497,17889826,17890149,323,mRNA
56498,17890461,17890673,212,mRNA
56499,17891588,17891934,346,mRNA
56500,17892452,17892904,452,mRNA
56501,17889826,17890149,323,mRNA
56502,17890461,17890673,212,mRNA
56503,17892452,17892904,452,mRNA
56504,17889991,17890149,158,CDS
56505,17890461,17890673,212,CDS
56506,17891588,17891934,346,CDS
56507,17897188,17897230,42,CDS
56508,17897376,17897614,238,CDS
56509,17897691,17898075,384,CDS
56510,17898153,17898455,302,CDS
56511,17889991,17890149,158,CDS
56512,17890461,17890673,212,CDS
56513,17891588,17891934,346,CDS
56514,17897188,17897230,42,CDS
56515,17897376,17897614,238,CDS
56516,17897691,17898075,384,CDS
56517,17898153,17898455,302,CDS
56518,17889991,17890149,158,CDS
56519,17890461,17890673,212,CDS
56520,17896528,17896661,133,CDS
56521,17897188,17897230,42,CDS
56522,17897376,17897614,238,CDS
56523,17897691,17898075,384,CDS
56524,17898153,17898455,302,CDS
56525,17889991,17890149,158,CDS
56526,17890461,17890673,212,CDS
56527,17896528,17896661,133,CDS
56528,17897188,17897230,42,CDS
56529,17897376,17897614,238,CDS
56530,17897691,17898075,384,CDS
56531,17898153,17898455,302,CDS
56532,17889991,17890149,158,CDS
56533,17890461,17890673,212,CDS
56534,17897188,17897220,32,CDS
56535,17889991,17890149,158,CDS
56536,17890461,17890673,212,CDS
56537,17891588,17891934,346,CDS
56538,17892452,17892479,27,CDS
56539,17889991,17890149,158,CDS
56540,17890461,17890673,212,CDS
56541,17892452,17892463,11,CDS
56542,17893652,17896380,2728,mobile_element
56543,17898643,17899498,855,gene
56544,17898643,17899278,635,exon
56545,17899357,17899498,141,exon
56546,17899702,17906025,6323,gene
56547,17899702,17899950,248,mRNA
56548,17900081,17900304,223,mRNA
56549,17900616,17900828,212,mRNA
56550,17901743,17902089,346,mRNA
56551,17904610,17904652,42,mRNA
56552,17904798,17905036,238,mRNA
56553,17905113,17905497,384,mRNA
56554,17905575,17906025,450,mRNA
56555,17899702,17899950,248,mRNA
56556,17900081,17900304,223,mRNA
56557,17900616,17900828,212,mRNA
56558,17903948,17904081,133,mRNA
56559,17904610,17904652,42,mRNA
56560,17904798,17905036,238,mRNA
56561,17905113,17905497,384,mRNA
56562,17905575,17906025,450,mRNA
56563,17899702,17899950,248,mRNA
56564,17900081,17900304,223,mRNA
56565,17900616,17900828,212,mRNA
56566,17904610,17904652,42,mRNA
56567,17904798,17905036,238,mRNA
56568,17905113,17905497,384,mRNA
56569,17905575,17906025,450,mRNA
56570,17899981,17900304,323,mRNA
56571,17900616,17900828,212,mRNA
56572,17901743,17902089,346,mRNA
56573,17904610,17904652,42,mRNA
56574,17904798,17905036,238,mRNA
56575,17905113,17905497,384,mRNA
56576,17905575,17906025,450,mRNA
56577,17899981,17900304,323,mRNA
56578,17900616,17900828,212,mRNA
56579,17903948,17904081,133,mRNA
56580,17904610,17904652,42,mRNA
56581,17904798,17905036,238,mRNA
56582,17905113,17905497,384,mRNA
56583,17905575,17906025,450,mRNA
56584,17899981,17900304,323,mRNA
56585,17900616,17900828,212,mRNA
56586,17901743,17902089,346,mRNA
56587,17902607,17903059,452,mRNA
56588,17899981,17900304,323,mRNA
56589,17900616,17900828,212,mRNA
56590,17902607,17903059,452,mRNA
56591,17900146,17900304,158,CDS
56592,17900616,17900828,212,CDS
56593,17901743,17902089,346,CDS
56594,17904610,17904652,42,CDS
56595,17904798,17905036,238,CDS
56596,17905113,17905497,384,CDS
56597,17905575,17905877,302,CDS
56598,17900146,17900304,158,CDS
56599,17900616,17900828,212,CDS
56600,17901743,17902089,346,CDS
56601,17904610,17904652,42,CDS
56602,17904798,17905036,238,CDS
56603,17905113,17905497,384,CDS
56604,17905575,17905877,302,CDS
56605,17900146,17900304,158,CDS
56606,17900616,17900828,212,CDS
56607,17903948,17904081,133,CDS
56608,17904610,17904652,42,CDS
56609,17904798,17905036,238,CDS
56610,17905113,17905497,384,CDS
56611,17905575,17905877,302,CDS
56612,17900146,17900304,158,CDS
56613,17900616,17900828,212,CDS
56614,17903948,17904081,133,CDS
56615,17904610,17904652,42,CDS
56616,17904798,17905036,238,CDS
56617,17905113,17905497,384,CDS
56618,17905575,17905877,302,CDS
56619,17900146,17900304,158,CDS
56620,17900616,17900828,212,CDS
56621,17904610,17904642,32,CDS
56622,17900146,17900304,158,CDS
56623,17900616,17900828,212,CDS
56624,17901743,17902089,346,CDS
56625,17902607,17902634,27,CDS
56626,17900146,17900304,158,CDS
56627,17900616,17900828,212,CDS
56628,17902607,17902618,11,CDS
56629,17906031,17907261,1230,gene
56630,17906952,17907261,309,mRNA
56631,17906653,17906878,225,mRNA
56632,17906031,17906337,306,mRNA
56633,17906952,17907057,105,CDS
56634,17906653,17906878,225,CDS
56635,17906175,17906337,162,CDS
56636,17907692,17911097,3405,gene
56637,17907692,17907851,159,mRNA
56638,17908574,17908713,139,mRNA
56639,17908808,17909669,861,mRNA
56640,17909781,17910009,228,mRNA
56641,17910078,17911097,1019,mRNA
56642,17907692,17907851,159,mRNA
56643,17908574,17908713,139,mRNA
56644,17908808,17909669,861,mRNA
56645,17909781,17910009,228,mRNA
56646,17910078,17910717,639,mRNA
56647,17908578,17908713,135,CDS
56648,17908808,17909669,861,CDS
56649,17909781,17910009,228,CDS
56650,17910078,17910179,101,CDS
56651,17908578,17908713,135,CDS
56652,17908808,17909669,861,CDS
56653,17909781,17910009,228,CDS
56654,17910078,17910179,101,CDS
56655,17911462,17924163,12701,gene
56656,17911462,17911768,306,mRNA
56657,17918328,17918588,260,mRNA
56658,17918758,17918971,213,mRNA
56659,17920580,17921178,598,mRNA
56660,17921238,17921697,459,mRNA
56661,17921764,17922163,399,mRNA
56662,17922223,17924163,1940,mRNA
56663,17911462,17911703,241,mRNA
56664,17918328,17918588,260,mRNA
56665,17918758,17918971,213,mRNA
56666,17920580,17921178,598,mRNA
56667,17921238,17921697,459,mRNA
56668,17921764,17922163,399,mRNA
56669,17922223,17924163,1940,mRNA
56670,17918917,17918971,54,CDS
56671,17920580,17921178,598,CDS
56672,17921238,17921697,459,CDS
56673,17921764,17922163,399,CDS
56674,17922223,17923711,1488,CDS
56675,17918917,17918971,54,CDS
56676,17920580,17921178,598,CDS
56677,17921238,17921697,459,CDS
56678,17921764,17922163,399,CDS
56679,17922223,17923711,1488,CDS
56680,17924307,18063247,138940,gene
56681,17990334,17990679,345,mRNA
56682,17976351,17976791,440,mRNA
56683,17953223,17953346,123,mRNA
56684,17952988,17953156,168,mRNA
56685,17952677,17952773,96,mRNA
56686,17951415,17951610,195,mRNA
56687,17951192,17951313,121,mRNA
56688,17950611,17950764,153,mRNA
56689,17949921,17950092,171,mRNA
56690,17945219,17945348,129,mRNA
56691,17930586,17930776,190,mRNA
56692,17930117,17930437,320,mRNA
56693,17924307,17929703,5396,mRNA
56694,17966348,17967225,877,mRNA
56695,17961633,17962251,618,mRNA
56696,17953223,17953346,123,mRNA
56697,17952988,17953156,168,mRNA
56698,17952677,17952773,96,mRNA
56699,17951415,17951610,195,mRNA
56700,17951192,17951313,121,mRNA
56701,17950611,17950764,153,mRNA
56702,17949921,17950092,171,mRNA
56703,17945219,17945348,129,mRNA
56704,17930586,17930776,190,mRNA
56705,17930117,17930437,320,mRNA
56706,17929041,17929703,662,mRNA
56707,18015128,18015235,107,mRNA
56708,18014264,18014476,212,mRNA
56709,17953223,17953346,123,mRNA
56710,17952988,17953156,168,mRNA
56711,17952677,17952773,96,mRNA
56712,17951415,17951610,195,mRNA
56713,17951192,17951313,121,mRNA
56714,17950611,17950764,153,mRNA
56715,17949921,17950092,171,mRNA
56716,17945219,17945348,129,mRNA
56717,17930586,17930776,190,mRNA
56718,17930117,17930437,320,mRNA
56719,17929259,17929703,444,mRNA
56720,17990334,17990614,280,mRNA
56721,17976351,17976791,440,mRNA
56722,17953223,17953346,123,mRNA
56723,17952988,17953156,168,mRNA
56724,17952677,17952773,96,mRNA
56725,17951415,17951610,195,mRNA
56726,17951192,17951313,121,mRNA
56727,17950611,17950764,153,mRNA
56728,17949921,17950092,171,mRNA
56729,17945219,17945348,129,mRNA
56730,17930586,17930776,190,mRNA
56731,17930117,17930437,320,mRNA
56732,17929259,17929703,444,mRNA
56733,18014264,18014310,46,CDS
56734,17953223,17953346,123,CDS
56735,17952988,17953156,168,CDS
56736,17952677,17952773,96,CDS
56737,17951415,17951610,195,CDS
56738,17951192,17951313,121,CDS
56739,17950611,17950764,153,CDS
56740,17949921,17950092,171,CDS
56741,17945219,17945348,129,CDS
56742,17930586,17930776,190,CDS
56743,17930124,17930437,313,CDS
56744,17976351,17976532,181,CDS
56745,17953223,17953346,123,CDS
56746,17952988,17953156,168,CDS
56747,17952677,17952773,96,CDS
56748,17951415,17951610,195,CDS
56749,17951192,17951313,121,CDS
56750,17950611,17950764,153,CDS
56751,17949921,17950092,171,CDS
56752,17945219,17945348,129,CDS
56753,17930586,17930776,190,CDS
56754,17930124,17930437,313,CDS
56755,17976351,17976532,181,CDS
56756,17953223,17953346,123,CDS
56757,17952988,17953156,168,CDS
56758,17952677,17952773,96,CDS
56759,17951415,17951610,195,CDS
56760,17951192,17951313,121,CDS
56761,17950611,17950764,153,CDS
56762,17949921,17950092,171,CDS
56763,17945219,17945348,129,CDS
56764,17930586,17930776,190,CDS
56765,17930124,17930437,313,CDS
56766,17961633,17961778,145,CDS
56767,17953223,17953346,123,CDS
56768,17952988,17953156,168,CDS
56769,17952677,17952773,96,CDS
56770,17951415,17951610,195,CDS
56771,17951192,17951313,121,CDS
56772,17950611,17950764,153,CDS
56773,17949921,17950092,171,CDS
56774,17945219,17945348,129,CDS
56775,17930586,17930776,190,CDS
56776,17930124,17930437,313,CDS
56777,18062827,18063247,420,mRNA
56778,18059735,18060548,813,mRNA
56779,18039085,18040383,1298,mRNA
56780,17953223,17953346,123,mRNA
56781,17952988,17953156,168,mRNA
56782,17952677,17952773,96,mRNA
56783,17951415,17951610,195,mRNA
56784,17951192,17951313,121,mRNA
56785,17950611,17950764,153,mRNA
56786,17949921,17950092,171,mRNA
56787,17945219,17945348,129,mRNA
56788,17942782,17942972,190,mRNA
56789,17940720,17941157,437,mRNA
56790,17932101,17939954,7853,mRNA
56791,18062827,18063247,420,mRNA
56792,18059735,18060548,813,mRNA
56793,18039085,18040383,1298,mRNA
56794,17953223,17953346,123,mRNA
56795,17952988,17953156,168,mRNA
56796,17952677,17952773,96,mRNA
56797,17951415,17951610,195,mRNA
56798,17951192,17951313,121,mRNA
56799,17950611,17950764,153,mRNA
56800,17949921,17950092,171,mRNA
56801,17945219,17945348,129,mRNA
56802,17942782,17942972,190,mRNA
56803,17940720,17941157,437,mRNA
56804,17937496,17939954,2458,mRNA
56805,18063093,18063247,154,mRNA
56806,18062827,18062943,116,mRNA
56807,18059735,18060548,813,mRNA
56808,18040202,18040383,181,mRNA
56809,18039085,18039957,872,mRNA
56810,17953223,17953346,123,mRNA
56811,17952988,17953156,168,mRNA
56812,17952677,17952773,96,mRNA
56813,17951415,17951610,195,mRNA
56814,17951192,17951313,121,mRNA
56815,17950611,17950764,153,mRNA
56816,17949921,17950092,171,mRNA
56817,17945219,17945348,129,mRNA
56818,17942782,17942972,190,mRNA
56819,17940720,17941157,437,mRNA
56820,17939754,17939954,200,mRNA
56821,18063093,18063247,154,mRNA
56822,18062827,18062943,116,mRNA
56823,18059735,18060548,813,mRNA
56824,18040202,18040383,181,mRNA
56825,18039085,18039957,872,mRNA
56826,17953223,17953346,123,mRNA
56827,17952988,17953156,168,mRNA
56828,17952677,17952773,96,mRNA
56829,17951415,17951610,195,mRNA
56830,17951192,17951313,121,mRNA
56831,17950611,17950764,153,mRNA
56832,17949921,17950092,171,mRNA
56833,17945219,17945348,129,mRNA
56834,17942782,17942972,190,mRNA
56835,17940720,17941160,440,mRNA
56836,17939754,17939954,200,mRNA
56837,17990334,17990679,345,mRNA
56838,17976351,17976791,440,mRNA
56839,17953223,17953346,123,mRNA
56840,17952988,17953156,168,mRNA
56841,17952677,17952773,96,mRNA
56842,17951415,17951610,195,mRNA
56843,17951192,17951313,121,mRNA
56844,17950611,17950764,153,mRNA
56845,17949921,17950092,171,mRNA
56846,17945219,17945348,129,mRNA
56847,17942782,17942972,190,mRNA
56848,17940720,17941157,437,mRNA
56849,17939754,17939954,200,mRNA
56850,17990334,17990679,345,mRNA
56851,17976351,17976791,440,mRNA
56852,17953223,17953346,123,mRNA
56853,17952988,17953156,168,mRNA
56854,17952677,17952773,96,mRNA
56855,17951415,17951610,195,mRNA
56856,17951192,17951313,121,mRNA
56857,17950611,17950764,153,mRNA
56858,17949921,17950092,171,mRNA
56859,17946599,17946728,129,mRNA
56860,17942782,17942972,190,mRNA
56861,17940720,17941157,437,mRNA
56862,17939754,17939954,200,mRNA
56863,18039085,18039230,145,CDS
56864,17953223,17953346,123,CDS
56865,17952988,17953156,168,CDS
56866,17952677,17952773,96,CDS
56867,17951415,17951610,195,CDS
56868,17951192,17951313,121,CDS
56869,17950611,17950764,153,CDS
56870,17949921,17950092,171,CDS
56871,17945219,17945348,129,CDS
56872,17942782,17942972,190,CDS
56873,17940727,17941157,430,CDS
56874,18039085,18039230,145,CDS
56875,17953223,17953346,123,CDS
56876,17952988,17953156,168,CDS
56877,17952677,17952773,96,CDS
56878,17951415,17951610,195,CDS
56879,17951192,17951313,121,CDS
56880,17950611,17950764,153,CDS
56881,17949921,17950092,171,CDS
56882,17945219,17945348,129,CDS
56883,17942782,17942972,190,CDS
56884,17940727,17941157,430,CDS
56885,18039085,18039230,145,CDS
56886,17953223,17953346,123,CDS
56887,17952988,17953156,168,CDS
56888,17952677,17952773,96,CDS
56889,17951415,17951610,195,CDS
56890,17951192,17951313,121,CDS
56891,17950611,17950764,153,CDS
56892,17949921,17950092,171,CDS
56893,17945219,17945348,129,CDS
56894,17942782,17942972,190,CDS
56895,17940727,17941157,430,CDS
56896,18039085,18039230,145,CDS
56897,17953223,17953346,123,CDS
56898,17952988,17953156,168,CDS
56899,17952677,17952773,96,CDS
56900,17951415,17951610,195,CDS
56901,17951192,17951313,121,CDS
56902,17950611,17950764,153,CDS
56903,17949921,17950092,171,CDS
56904,17945219,17945348,129,CDS
56905,17942782,17942972,190,CDS
56906,17940727,17941160,433,CDS
56907,17976351,17976532,181,CDS
56908,17953223,17953346,123,CDS
56909,17952988,17953156,168,CDS
56910,17952677,17952773,96,CDS
56911,17951415,17951610,195,CDS
56912,17951192,17951313,121,CDS
56913,17950611,17950764,153,CDS
56914,17949921,17950092,171,CDS
56915,17945219,17945348,129,CDS
56916,17942782,17942972,190,CDS
56917,17940727,17941157,430,CDS
56918,17976351,17976532,181,CDS
56919,17953223,17953346,123,CDS
56920,17952988,17953156,168,CDS
56921,17952677,17952773,96,CDS
56922,17951415,17951610,195,CDS
56923,17951192,17951313,121,CDS
56924,17950611,17950764,153,CDS
56925,17949921,17950092,171,CDS
56926,17946599,17946728,129,CDS
56927,17942782,17942972,190,CDS
56928,17940727,17941157,430,CDS
56929,18015128,18015235,107,mRNA
56930,18014264,18014476,212,mRNA
56931,17953223,17953346,123,mRNA
56932,17952988,17953156,168,mRNA
56933,17952677,17952773,96,mRNA
56934,17951415,17951610,195,mRNA
56935,17951192,17951313,121,mRNA
56936,17949980,17950764,784,mRNA
56937,18062827,18063247,420,mRNA
56938,18059735,18060548,813,mRNA
56939,18039085,18040383,1298,mRNA
56940,17953223,17953346,123,mRNA
56941,17952988,17953156,168,mRNA
56942,17952677,17952773,96,mRNA
56943,17951415,17951610,195,mRNA
56944,17951192,17951313,121,mRNA
56945,17950429,17950764,335,mRNA
56946,18014264,18014505,241,mRNA
56947,17953223,17953346,123,mRNA
56948,17952988,17953156,168,mRNA
56949,17952677,17952773,96,mRNA
56950,17951415,17951610,195,mRNA
56951,17951192,17951313,121,mRNA
56952,17950429,17950764,335,mRNA
56953,17995574,17995601,27,mRNA
56954,17993414,17994562,1148,mRNA
56955,17953223,17953346,123,mRNA
56956,17952988,17953156,168,mRNA
56957,17952677,17952773,96,mRNA
56958,17951415,17951610,195,mRNA
56959,17951192,17951313,121,mRNA
56960,17950429,17950764,335,mRNA
56961,17990391,17990679,288,mRNA
56962,17976351,17976791,440,mRNA
56963,17953223,17953346,123,mRNA
56964,17952988,17953156,168,mRNA
56965,17952677,17952773,96,mRNA
56966,17951415,17951610,195,mRNA
56967,17951192,17951313,121,mRNA
56968,17950429,17950764,335,mRNA
56969,18039085,18039230,145,CDS
56970,17953223,17953346,123,CDS
56971,17952988,17953156,168,CDS
56972,17952677,17952773,96,CDS
56973,17951415,17951610,195,CDS
56974,17951192,17951313,121,CDS
56975,17950605,17950764,159,CDS
56976,18014264,18014310,46,CDS
56977,17953223,17953346,123,CDS
56978,17952988,17953156,168,CDS
56979,17952677,17952773,96,CDS
56980,17951415,17951610,195,CDS
56981,17951192,17951313,121,CDS
56982,17950605,17950764,159,CDS
56983,18014264,18014310,46,CDS
56984,17953223,17953346,123,CDS
56985,17952988,17953156,168,CDS
56986,17952677,17952773,96,CDS
56987,17951415,17951610,195,CDS
56988,17951192,17951313,121,CDS
56989,17950605,17950764,159,CDS
56990,17993414,17993439,25,CDS
56991,17953223,17953346,123,CDS
56992,17952988,17953156,168,CDS
56993,17952677,17952773,96,CDS
56994,17951415,17951610,195,CDS
56995,17951192,17951313,121,CDS
56996,17950605,17950764,159,CDS
56997,17976351,17976532,181,CDS
56998,17953223,17953346,123,CDS
56999,17952988,17953156,168,CDS
57000,17952677,17952773,96,CDS
57001,17951415,17951610,195,CDS
57002,17951192,17951313,121,CDS
57003,17950605,17950764,159,CDS
57004,18005897,18007606,1709,gene
57005,18005897,18007606,1709,mRNA
57006,18005897,18007492,1595,CDS
57007,18023870,18028261,4391,gene
57008,18023870,18024095,225,mRNA
57009,18024457,18024905,448,mRNA
57010,18024974,18025119,145,mRNA
57011,18025181,18025768,587,mRNA
57012,18025826,18025963,137,mRNA
57013,18026032,18026178,146,mRNA
57014,18026231,18026359,128,mRNA
57015,18026423,18026597,174,mRNA
57016,18026655,18026770,115,mRNA
57017,18026827,18026935,108,mRNA
57018,18026995,18027086,91,mRNA
57019,18027143,18027360,217,mRNA
57020,18027419,18027515,96,mRNA
57021,18027572,18027714,142,mRNA
57022,18027769,18028005,236,mRNA
57023,18028076,18028261,185,mRNA
57024,18024475,18024905,430,CDS
57025,18024974,18025119,145,CDS
57026,18025181,18025768,587,CDS
57027,18025826,18025963,137,CDS
57028,18026032,18026178,146,CDS
57029,18026231,18026359,128,CDS
57030,18026423,18026597,174,CDS
57031,18026655,18026770,115,CDS
57032,18026827,18026935,108,CDS
57033,18026995,18027086,91,CDS
57034,18027143,18027360,217,CDS
57035,18027419,18027515,96,CDS
57036,18027572,18027714,142,CDS
57037,18027769,18028005,236,CDS
57038,18028076,18028159,83,CDS
57039,18031261,18031365,104,mobile_element
57040,18044071,18048720,4649,gene
57041,18044071,18044165,94,mRNA
57042,18044285,18044723,438,mRNA
57043,18044781,18044938,157,mRNA
57044,18045018,18045104,86,mRNA
57045,18045163,18045362,199,mRNA
57046,18045610,18045969,359,mRNA
57047,18046078,18046234,156,mRNA
57048,18046303,18047144,841,mRNA
57049,18047203,18047536,333,mRNA
57050,18047701,18047819,118,mRNA
57051,18047881,18047956,75,mRNA
57052,18048015,18048720,705,mRNA
57053,18044071,18044165,94,mRNA
57054,18044285,18044723,438,mRNA
57055,18044781,18044938,157,mRNA
57056,18045163,18045362,199,mRNA
57057,18045610,18045969,359,mRNA
57058,18046078,18046234,156,mRNA
57059,18046303,18047144,841,mRNA
57060,18047203,18047536,333,mRNA
57061,18047701,18047819,118,mRNA
57062,18047881,18047956,75,mRNA
57063,18048015,18048720,705,mRNA
57064,18044140,18044165,25,CDS
57065,18044285,18044723,438,CDS
57066,18044781,18044938,157,CDS
57067,18045018,18045104,86,CDS
57068,18045163,18045362,199,CDS
57069,18045610,18045969,359,CDS
57070,18046078,18046234,156,CDS
57071,18046303,18047144,841,CDS
57072,18047203,18047536,333,CDS
57073,18047701,18047819,118,CDS
57074,18047881,18047956,75,CDS
57075,18048015,18048630,615,CDS
57076,18044140,18044165,25,CDS
57077,18044285,18044723,438,CDS
57078,18044781,18044938,157,CDS
57079,18045163,18045362,199,CDS
57080,18045610,18045969,359,CDS
57081,18046078,18046234,156,CDS
57082,18046303,18047144,841,CDS
57083,18047203,18047536,333,CDS
57084,18047701,18047819,118,CDS
57085,18047881,18047956,75,CDS
57086,18048015,18048630,615,CDS
57087,18064483,18078472,13989,gene
57088,18064483,18065369,886,mRNA
57089,18065432,18065696,264,mRNA
57090,18065754,18065898,144,mRNA
57091,18065961,18066311,350,mRNA
57092,18066371,18066466,95,mRNA
57093,18066526,18066656,130,mRNA
57094,18066712,18067286,574,mRNA
57095,18067345,18067755,410,mRNA
57096,18067825,18068215,390,mRNA
57097,18068274,18068550,276,mRNA
57098,18068605,18069219,614,mRNA
57099,18069276,18069728,452,mRNA
57100,18069791,18070614,823,mRNA
57101,18070683,18071277,594,mRNA
57102,18071337,18071486,149,mRNA
57103,18071547,18072786,1239,mRNA
57104,18072851,18073030,179,mRNA
57105,18073087,18073353,266,mRNA
57106,18073407,18073592,185,mRNA
57107,18073656,18074005,349,mRNA
57108,18074062,18074203,141,mRNA
57109,18074261,18075264,1003,mRNA
57110,18075324,18075504,180,mRNA
57111,18075556,18076307,751,mRNA
57112,18076368,18077436,1068,mRNA
57113,18077506,18077976,470,mRNA
57114,18078039,18078472,433,mRNA
57115,18064602,18065369,767,CDS
57116,18065432,18065696,264,CDS
57117,18065754,18065898,144,CDS
57118,18065961,18066311,350,CDS
57119,18066371,18066466,95,CDS
57120,18066526,18066656,130,CDS
57121,18066712,18067286,574,CDS
57122,18067345,18067755,410,CDS
57123,18067825,18068215,390,CDS
57124,18068274,18068550,276,CDS
57125,18068605,18069219,614,CDS
57126,18069276,18069728,452,CDS
57127,18069791,18070614,823,CDS
57128,18070683,18071277,594,CDS
57129,18071337,18071486,149,CDS
57130,18071547,18072786,1239,CDS
57131,18072851,18073030,179,CDS
57132,18073087,18073353,266,CDS
57133,18073407,18073592,185,CDS
57134,18073656,18074005,349,CDS
57135,18074062,18074203,141,CDS
57136,18074261,18075264,1003,CDS
57137,18075324,18075504,180,CDS
57138,18075556,18076307,751,CDS
57139,18076368,18077436,1068,CDS
57140,18077506,18077976,470,CDS
57141,18078039,18078395,356,CDS
57142,18078491,18088532,10041,gene
57143,18085194,18085407,213,mRNA
57144,18082219,18082379,160,mRNA
57145,18081743,18082141,398,mRNA
57146,18080416,18081391,975,mRNA
57147,18080188,18080357,169,mRNA
57148,18079993,18080126,133,mRNA
57149,18078491,18079930,1439,mRNA
57150,18088366,18088532,166,mRNA
57151,18082219,18082379,160,mRNA
57152,18081743,18082141,398,mRNA
57153,18080416,18081391,975,mRNA
57154,18080188,18080357,169,mRNA
57155,18079993,18080126,133,mRNA
57156,18078863,18079930,1067,mRNA
57157,18084779,18085407,628,mRNA
57158,18082219,18082379,160,mRNA
57159,18081743,18082141,398,mRNA
57160,18080416,18081391,975,mRNA
57161,18080188,18080357,169,mRNA
57162,18079993,18080126,133,mRNA
57163,18078863,18079930,1067,mRNA
57164,18085198,18085462,264,mRNA
57165,18082219,18082379,160,mRNA
57166,18081743,18082141,398,mRNA
57167,18080416,18081391,975,mRNA
57168,18080188,18080357,169,mRNA
57169,18079993,18080126,133,mRNA
57170,18079017,18079930,913,mRNA
57171,18082219,18082287,68,CDS
57172,18081743,18082141,398,CDS
57173,18080416,18081391,975,CDS
57174,18080188,18080357,169,CDS
57175,18079993,18080126,133,CDS
57176,18079654,18079930,276,CDS
57177,18082219,18082287,68,CDS
57178,18081743,18082141,398,CDS
57179,18080416,18081391,975,CDS
57180,18080188,18080357,169,CDS
57181,18079993,18080126,133,CDS
57182,18079654,18079930,276,CDS
57183,18082219,18082287,68,CDS
57184,18081743,18082141,398,CDS
57185,18080416,18081391,975,CDS
57186,18080188,18080357,169,CDS
57187,18079993,18080126,133,CDS
57188,18079654,18079930,276,CDS
57189,18082219,18082287,68,CDS
57190,18081743,18082141,398,CDS
57191,18080416,18081391,975,CDS
57192,18080188,18080357,169,CDS
57193,18079993,18080126,133,CDS
57194,18079654,18079930,276,CDS
57195,18085761,18088418,2657,gene
57196,18085761,18088418,2657,mRNA
57197,18085761,18088418,2657,mRNA
57198,18085912,18087678,1766,CDS
57199,18085912,18087582,1670,CDS
57200,18088725,18090509,1784,gene
57201,18090317,18090509,192,mRNA
57202,18089983,18090237,254,mRNA
57203,18089295,18089924,629,mRNA
57204,18088725,18089231,506,mRNA
57205,18090317,18090509,192,mRNA
57206,18089295,18090237,942,mRNA
57207,18088725,18089231,506,mRNA
57208,18090317,18090422,105,CDS
57209,18089983,18090237,254,CDS
57210,18089295,18089924,629,CDS
57211,18089008,18089231,223,CDS
57212,18090317,18090422,105,CDS
57213,18089870,18090237,367,CDS
57214,18091259,18092853,1594,gene
57215,18091259,18091390,131,mRNA
57216,18091555,18091654,99,mRNA
57217,18091952,18092853,901,mRNA
57218,18091259,18091390,131,mRNA
57219,18091952,18092853,901,mRNA
57220,18091382,18091390,8,CDS
57221,18091952,18092710,758,CDS
57222,18092330,18092710,380,CDS
57223,18093145,18097413,4268,gene
57224,18093145,18093457,312,mRNA
57225,18093511,18094097,586,mRNA
57226,18095085,18096453,1368,mRNA
57227,18096516,18096621,105,mRNA
57228,18096691,18097413,722,mRNA
57229,18093145,18093457,312,mRNA
57230,18093511,18093622,111,mRNA
57231,18095085,18096453,1368,mRNA
57232,18096516,18096621,105,mRNA
57233,18096691,18097413,722,mRNA
57234,18094590,18094815,225,mRNA
57235,18095085,18096453,1368,mRNA
57236,18096516,18096621,105,mRNA
57237,18096691,18097413,722,mRNA
57238,18094590,18094754,164,mRNA
57239,18095085,18096453,1368,mRNA
57240,18096516,18096621,105,mRNA
57241,18096691,18097413,722,mRNA
57242,18094590,18094754,164,mRNA
57243,18095085,18096453,1368,mRNA
57244,18096516,18096621,105,mRNA
57245,18096691,18096873,182,mRNA
57246,18096981,18097413,432,mRNA
57247,18095265,18096453,1188,CDS
57248,18096516,18096621,105,CDS
57249,18096691,18096873,182,CDS
57250,18096981,18097248,267,CDS
57251,18095265,18096453,1188,CDS
57252,18096516,18096621,105,CDS
57253,18096691,18096877,186,CDS
57254,18095265,18096453,1188,CDS
57255,18096516,18096621,105,CDS
57256,18096691,18096877,186,CDS
57257,18095265,18096453,1188,CDS
57258,18096516,18096621,105,CDS
57259,18096691,18096877,186,CDS
57260,18095265,18096453,1188,CDS
57261,18096516,18096621,105,CDS
57262,18096691,18096877,186,CDS
57263,18097558,18101314,3756,gene
57264,18101093,18101314,221,mRNA
57265,18099506,18099722,216,mRNA
57266,18099287,18099442,155,mRNA
57267,18098868,18099222,354,mRNA
57268,18098579,18098800,221,mRNA
57269,18097558,18098511,953,mRNA
57270,18100065,18100261,196,mRNA
57271,18099506,18099722,216,mRNA
57272,18099287,18099442,155,mRNA
57273,18098868,18099222,354,mRNA
57274,18098579,18098800,221,mRNA
57275,18097558,18098511,953,mRNA
57276,18099506,18099746,240,mRNA
57277,18099287,18099442,155,mRNA
57278,18098868,18099222,354,mRNA
57279,18098579,18098800,221,mRNA
57280,18097558,18098511,953,mRNA
57281,18099506,18099711,205,CDS
57282,18099287,18099442,155,CDS
57283,18098868,18099222,354,CDS
57284,18098579,18098800,221,CDS
57285,18098392,18098511,119,CDS
57286,18099506,18099711,205,CDS
57287,18099287,18099442,155,CDS
57288,18098868,18099222,354,CDS
57289,18098579,18098800,221,CDS
57290,18098392,18098511,119,CDS
57291,18099506,18099711,205,CDS
57292,18099287,18099442,155,CDS
57293,18098868,18099222,354,CDS
57294,18098579,18098800,221,CDS
57295,18098392,18098511,119,CDS
57296,18101970,18103482,1512,gene
57297,18101970,18102207,237,mRNA
57298,18102268,18102702,434,mRNA
57299,18102758,18102886,128,mRNA
57300,18102944,18103482,538,mRNA
57301,18102060,18102207,147,CDS
57302,18102268,18102702,434,CDS
57303,18102758,18102886,128,CDS
57304,18102944,18103218,274,CDS
57305,18103653,18105393,1740,gene
57306,18103653,18104045,392,mRNA
57307,18104110,18104584,474,mRNA
57308,18104744,18105393,649,mRNA
57309,18103681,18104045,364,CDS
57310,18104110,18104584,474,CDS
57311,18104744,18105157,413,CDS
57312,18105568,18116922,11354,gene
57313,18116707,18116922,215,mRNA
57314,18114611,18114646,35,mRNA
57315,18113447,18113575,128,mRNA
57316,18113258,18113381,123,mRNA
57317,18110504,18110604,100,mRNA
57318,18106888,18106931,43,mRNA
57319,18106681,18106822,141,mRNA
57320,18105568,18106032,464,mRNA
57321,18116707,18116922,215,mRNA
57322,18114606,18114646,40,mRNA
57323,18114444,18114532,88,mRNA
57324,18113447,18113569,122,mRNA
57325,18113258,18113381,123,mRNA
57326,18112562,18112662,100,mRNA
57327,18106888,18106931,43,mRNA
57328,18106681,18106822,141,mRNA
57329,18105568,18106032,464,mRNA
57330,18116707,18116825,118,mRNA
57331,18114611,18114646,35,mRNA
57332,18113447,18113575,128,mRNA
57333,18113258,18113381,123,mRNA
57334,18109470,18109570,100,mRNA
57335,18106888,18106931,43,mRNA
57336,18106681,18106822,141,mRNA
57337,18105568,18106032,464,mRNA
57338,18116707,18116825,118,mRNA
57339,18114611,18114646,35,mRNA
57340,18113447,18113575,128,mRNA
57341,18113258,18113381,123,mRNA
57342,18111938,18112038,100,mRNA
57343,18106888,18106931,43,mRNA
57344,18106681,18106822,141,mRNA
57345,18105568,18106032,464,mRNA
57346,18116707,18116825,118,mRNA
57347,18114611,18114646,35,mRNA
57348,18113447,18113575,128,mRNA
57349,18113258,18113381,123,mRNA
57350,18112562,18112662,100,mRNA
57351,18106888,18106931,43,mRNA
57352,18106681,18106822,141,mRNA
57353,18105568,18106032,464,mRNA
57354,18116707,18116825,118,mRNA
57355,18114611,18114646,35,mRNA
57356,18113740,18113922,182,mRNA
57357,18113447,18113575,128,mRNA
57358,18113258,18113381,123,mRNA
57359,18109470,18109570,100,mRNA
57360,18106888,18106931,43,mRNA
57361,18106681,18106822,141,mRNA
57362,18105568,18106032,464,mRNA
57363,18116707,18116825,118,mRNA
57364,18114611,18114646,35,mRNA
57365,18113730,18113922,192,mRNA
57366,18113447,18113569,122,mRNA
57367,18113258,18113381,123,mRNA
57368,18112562,18112662,100,mRNA
57369,18106888,18106931,43,mRNA
57370,18106681,18106822,141,mRNA
57371,18105568,18106032,464,mRNA
57372,18116707,18116825,118,mRNA
57373,18114606,18114646,40,mRNA
57374,18113447,18113569,122,mRNA
57375,18113258,18113381,123,mRNA
57376,18112562,18112662,100,mRNA
57377,18106888,18106931,43,mRNA
57378,18106681,18106822,141,mRNA
57379,18105568,18106032,464,mRNA
57380,18114611,18114734,123,mRNA
57381,18113447,18113575,128,mRNA
57382,18113258,18113381,123,mRNA
57383,18109470,18109570,100,mRNA
57384,18106888,18106931,43,mRNA
57385,18106681,18106822,141,mRNA
57386,18105568,18106032,464,mRNA
57387,18114611,18114734,123,mRNA
57388,18113447,18113575,128,mRNA
57389,18113258,18113381,123,mRNA
57390,18110504,18110604,100,mRNA
57391,18106888,18106931,43,mRNA
57392,18106681,18106822,141,mRNA
57393,18105568,18106032,464,mRNA
57394,18116707,18116825,118,mRNA
57395,18114611,18114646,35,mRNA
57396,18113447,18113575,128,mRNA
57397,18113258,18113381,123,mRNA
57398,18112562,18112662,100,mRNA
57399,18106888,18106931,43,mRNA
57400,18106681,18106822,141,mRNA
57401,18106506,18106548,42,mRNA
57402,18105732,18106032,300,mRNA
57403,18116707,18116825,118,mRNA
57404,18114611,18114646,35,mRNA
57405,18113447,18113575,128,mRNA
57406,18113258,18113381,123,mRNA
57407,18110504,18110604,100,mRNA
57408,18106888,18106931,43,mRNA
57409,18106681,18106822,141,mRNA
57410,18106506,18106548,42,mRNA
57411,18105742,18106032,290,mRNA
57412,18116707,18116825,118,mRNA
57413,18114611,18114646,35,mRNA
57414,18113740,18113922,182,mRNA
57415,18113447,18113575,128,mRNA
57416,18113258,18113381,123,mRNA
57417,18109470,18109570,100,mRNA
57418,18106888,18106931,43,mRNA
57419,18106681,18106822,141,mRNA
57420,18106506,18106548,42,mRNA
57421,18105742,18106032,290,mRNA
57422,18114611,18114625,14,CDS
57423,18113447,18113575,128,CDS
57424,18113258,18113381,123,CDS
57425,18109470,18109570,100,CDS
57426,18106888,18106931,43,CDS
57427,18106681,18106822,141,CDS
57428,18105961,18106032,71,CDS
57429,18114611,18114625,14,CDS
57430,18113447,18113575,128,CDS
57431,18113258,18113381,123,CDS
57432,18109470,18109570,100,CDS
57433,18106888,18106931,43,CDS
57434,18106681,18106822,141,CDS
57435,18105961,18106032,71,CDS
57436,18114611,18114625,14,CDS
57437,18113447,18113575,128,CDS
57438,18113258,18113381,123,CDS
57439,18110504,18110604,100,CDS
57440,18106888,18106931,43,CDS
57441,18106681,18106822,141,CDS
57442,18105961,18106032,71,CDS
57443,18114611,18114625,14,CDS
57444,18113447,18113575,128,CDS
57445,18113258,18113381,123,CDS
57446,18110504,18110604,100,CDS
57447,18106888,18106931,43,CDS
57448,18106681,18106822,141,CDS
57449,18105961,18106032,71,CDS
57450,18114611,18114625,14,CDS
57451,18113447,18113575,128,CDS
57452,18113258,18113381,123,CDS
57453,18111938,18112038,100,CDS
57454,18106888,18106931,43,CDS
57455,18106681,18106822,141,CDS
57456,18105961,18106032,71,CDS
57457,18114611,18114625,14,CDS
57458,18113447,18113575,128,CDS
57459,18113258,18113381,123,CDS
57460,18112562,18112662,100,CDS
57461,18106888,18106931,43,CDS
57462,18106681,18106822,141,CDS
57463,18105961,18106032,71,CDS
57464,18114611,18114625,14,CDS
57465,18113740,18113922,182,CDS
57466,18113447,18113575,128,CDS
57467,18113258,18113381,123,CDS
57468,18109470,18109570,100,CDS
57469,18106888,18106931,43,CDS
57470,18106681,18106822,141,CDS
57471,18105961,18106032,71,CDS
57472,18113447,18113518,71,CDS
57473,18113258,18113381,123,CDS
57474,18112562,18112662,100,CDS
57475,18106888,18106931,43,CDS
57476,18106681,18106822,141,CDS
57477,18105961,18106032,71,CDS
57478,18113447,18113518,71,CDS
57479,18113258,18113381,123,CDS
57480,18112562,18112662,100,CDS
57481,18106888,18106931,43,CDS
57482,18106681,18106822,141,CDS
57483,18105961,18106032,71,CDS
57484,18113447,18113518,71,CDS
57485,18113258,18113381,123,CDS
57486,18112562,18112662,100,CDS
57487,18106888,18106931,43,CDS
57488,18106681,18106822,141,CDS
57489,18105961,18106032,71,CDS
57490,18114611,18114625,14,CDS
57491,18113447,18113575,128,CDS
57492,18113258,18113381,123,CDS
57493,18110504,18110604,100,CDS
57494,18106888,18106931,43,CDS
57495,18106681,18106822,141,CDS
57496,18106506,18106548,42,CDS
57497,18106031,18106032,1,CDS
57498,18114611,18114625,14,CDS
57499,18113447,18113575,128,CDS
57500,18113258,18113381,123,CDS
57501,18112562,18112662,100,CDS
57502,18106888,18106931,43,CDS
57503,18106681,18106822,141,CDS
57504,18106506,18106548,42,CDS
57505,18106031,18106032,1,CDS
57506,18114611,18114625,14,CDS
57507,18113740,18113922,182,CDS
57508,18113447,18113575,128,CDS
57509,18113258,18113381,123,CDS
57510,18109470,18109570,100,CDS
57511,18106888,18106931,43,CDS
57512,18106681,18106822,141,CDS
57513,18106506,18106548,42,CDS
57514,18106031,18106032,1,CDS
57515,18120546,18121467,921,gene
57516,18120546,18121467,921,ncRNA
57517,18120888,18121467,579,ncRNA
57518,18122123,18122919,796,gene
57519,18122123,18122919,796,ncRNA
57520,18124357,18124450,93,gene
57521,18124357,18124450,93,precursor_RNA
57522,18124375,18124395,20,ncRNA
57523,18124416,18124436,20,ncRNA
57524,18124575,18127027,2452,gene
57525,18126947,18127027,80,ncRNA
57526,18126837,18126891,54,ncRNA
57527,18124575,18125504,929,ncRNA
57528,18128219,18128318,99,gene
57529,18128219,18128318,99,precursor_RNA
57530,18128234,18128256,22,ncRNA
57531,18128270,18128292,22,ncRNA
57532,18129497,18129527,30,mobile_element
57533,18129585,18130178,593,gene
57534,18130131,18130178,47,mRNA
57535,18129585,18130077,492,mRNA
57536,18130131,18130137,6,CDS
57537,18129704,18130077,373,CDS
57538,18130392,18137784,7392,gene
57539,18137576,18137685,109,mRNA
57540,18136442,18137050,608,mRNA
57541,18135187,18135339,152,mRNA
57542,18135069,18135125,56,mRNA
57543,18133711,18134360,649,mRNA
57544,18133248,18133371,123,mRNA
57545,18132960,18133186,226,mRNA
57546,18130392,18132877,2485,mRNA
57547,18131319,18132003,684,mobile_element
57548,18137576,18137784,208,mRNA
57549,18136442,18137046,604,mRNA
57550,18135187,18135339,152,mRNA
57551,18135069,18135125,56,mRNA
57552,18133711,18134360,649,mRNA
57553,18133248,18133371,123,mRNA
57554,18132960,18133186,226,mRNA
57555,18131669,18132877,1208,mRNA
57556,18137365,18137685,320,mRNA
57557,18136442,18137050,608,mRNA
57558,18135187,18135339,152,mRNA
57559,18135069,18135125,56,mRNA
57560,18133711,18134360,649,mRNA
57561,18133248,18133371,123,mRNA
57562,18132960,18133186,226,mRNA
57563,18131669,18132877,1208,mRNA
57564,18137576,18137685,109,mRNA
57565,18136442,18137050,608,mRNA
57566,18135187,18135339,152,mRNA
57567,18135069,18135125,56,mRNA
57568,18133711,18134360,649,mRNA
57569,18133248,18133371,123,mRNA
57570,18132960,18133186,226,mRNA
57571,18132152,18132877,725,mRNA
57572,18137421,18137685,264,mRNA
57573,18136442,18137050,608,mRNA
57574,18135187,18135339,152,mRNA
57575,18135069,18135125,56,mRNA
57576,18133711,18134360,649,mRNA
57577,18133248,18133371,123,mRNA
57578,18132960,18133186,226,mRNA
57579,18132152,18132877,725,mRNA
57580,18136442,18137139,697,mRNA
57581,18135187,18135339,152,mRNA
57582,18135069,18135125,56,mRNA
57583,18133711,18134360,649,mRNA
57584,18133248,18133371,123,mRNA
57585,18132960,18133186,226,mRNA
57586,18132152,18132877,725,mRNA
57587,18136442,18136660,218,CDS
57588,18135187,18135339,152,CDS
57589,18135069,18135125,56,CDS
57590,18133711,18134360,649,CDS
57591,18133248,18133371,123,CDS
57592,18132960,18133186,226,CDS
57593,18132796,18132877,81,CDS
57594,18136442,18136660,218,CDS
57595,18135187,18135339,152,CDS
57596,18135069,18135125,56,CDS
57597,18133711,18134360,649,CDS
57598,18133248,18133371,123,CDS
57599,18132960,18133186,226,CDS
57600,18132796,18132877,81,CDS
57601,18136442,18136660,218,CDS
57602,18135187,18135339,152,CDS
57603,18135069,18135125,56,CDS
57604,18133711,18134360,649,CDS
57605,18133248,18133371,123,CDS
57606,18132960,18133186,226,CDS
57607,18132796,18132877,81,CDS
57608,18136442,18136660,218,CDS
57609,18135187,18135339,152,CDS
57610,18135069,18135125,56,CDS
57611,18133711,18134360,649,CDS
57612,18133248,18133371,123,CDS
57613,18132960,18133186,226,CDS
57614,18132796,18132877,81,CDS
57615,18136442,18136660,218,CDS
57616,18135187,18135339,152,CDS
57617,18135069,18135125,56,CDS
57618,18133711,18134360,649,CDS
57619,18133248,18133371,123,CDS
57620,18132960,18133186,226,CDS
57621,18132796,18132877,81,CDS
57622,18136442,18136660,218,CDS
57623,18135187,18135339,152,CDS
57624,18135069,18135125,56,CDS
57625,18133711,18134360,649,CDS
57626,18133248,18133371,123,CDS
57627,18132960,18133186,226,CDS
57628,18132796,18132877,81,CDS
57629,18138542,18139000,458,gene
57630,18138542,18138585,43,mRNA
57631,18138653,18139000,347,mRNA
57632,18138626,18139000,374,mRNA
57633,18138631,18138879,248,CDS
57634,18138673,18138879,206,CDS
57635,18147010,18147064,54,mobile_element
57636,18155369,18174744,19375,gene
57637,18155369,18155732,363,mRNA
57638,18161013,18161292,279,mRNA
57639,18167632,18167656,24,mRNA
57640,18167785,18167833,48,mRNA
57641,18168403,18168492,89,mRNA
57642,18169489,18169567,78,mRNA
57643,18169696,18169784,88,mRNA
57644,18169989,18174744,4755,mRNA
57645,18155369,18155732,363,mRNA
57646,18161059,18161292,233,mRNA
57647,18167632,18167656,24,mRNA
57648,18167785,18167833,48,mRNA
57649,18168403,18168492,89,mRNA
57650,18169489,18169567,78,mRNA
57651,18169696,18169784,88,mRNA
57652,18169989,18174744,4755,mRNA
57653,18155369,18155594,225,mRNA
57654,18161013,18161292,279,mRNA
57655,18167632,18167656,24,mRNA
57656,18167785,18167833,48,mRNA
57657,18168403,18168492,89,mRNA
57658,18169489,18169567,78,mRNA
57659,18169696,18169784,88,mRNA
57660,18169989,18174744,4755,mRNA
57661,18155369,18155590,221,mRNA
57662,18161013,18161292,279,mRNA
57663,18167632,18167656,24,mRNA
57664,18167785,18167833,48,mRNA
57665,18168403,18168492,89,mRNA
57666,18169489,18169567,78,mRNA
57667,18169696,18169784,88,mRNA
57668,18169989,18174744,4755,mRNA
57669,18161229,18161292,63,CDS
57670,18167632,18167656,24,CDS
57671,18167785,18167833,48,CDS
57672,18168403,18168492,89,CDS
57673,18169489,18169567,78,CDS
57674,18169696,18169784,88,CDS
57675,18169989,18170156,167,CDS
57676,18161229,18161292,63,CDS
57677,18167632,18167656,24,CDS
57678,18167785,18167833,48,CDS
57679,18168403,18168492,89,CDS
57680,18169489,18169567,78,CDS
57681,18169696,18169784,88,CDS
57682,18169989,18170156,167,CDS
57683,18161229,18161292,63,CDS
57684,18167632,18167656,24,CDS
57685,18167785,18167833,48,CDS
57686,18168403,18168492,89,CDS
57687,18169489,18169567,78,CDS
57688,18169696,18169784,88,CDS
57689,18169989,18170156,167,CDS
57690,18161229,18161292,63,CDS
57691,18167632,18167656,24,CDS
57692,18167785,18167833,48,CDS
57693,18168403,18168492,89,CDS
57694,18169489,18169567,78,CDS
57695,18169696,18169784,88,CDS
57696,18169989,18170156,167,CDS
57697,18177612,18204407,26795,gene
57698,18177612,18178091,479,mRNA
57699,18192331,18192563,232,mRNA
57700,18199124,18199148,24,mRNA
57701,18199774,18199822,48,mRNA
57702,18200655,18200744,89,mRNA
57703,18200830,18200908,78,mRNA
57704,18201143,18201231,88,mRNA
57705,18201292,18204407,3115,mRNA
57706,18178526,18179472,946,gene
57707,18178526,18179472,946,mRNA
57708,18178685,18179434,749,CDS
57709,18186155,18186501,346,mRNA
57710,18192331,18192563,232,mRNA
57711,18199124,18199148,24,mRNA
57712,18199774,18199822,48,mRNA
57713,18200655,18200744,89,mRNA
57714,18200830,18200908,78,mRNA
57715,18201143,18201231,88,mRNA
57716,18201292,18204407,3115,mRNA
57717,18186155,18186439,284,mRNA
57718,18192331,18192563,232,mRNA
57719,18199124,18199148,24,mRNA
57720,18199774,18199822,48,mRNA
57721,18200655,18200744,89,mRNA
57722,18200830,18200908,78,mRNA
57723,18201143,18201231,88,mRNA
57724,18201292,18202838,1546,mRNA
57725,18186155,18186249,94,mRNA
57726,18186387,18186501,114,mRNA
57727,18192331,18192563,232,mRNA
57728,18199124,18199148,24,mRNA
57729,18199774,18199822,48,mRNA
57730,18200655,18200744,89,mRNA
57731,18200830,18200908,78,mRNA
57732,18201143,18201231,88,mRNA
57733,18201292,18202838,1546,mRNA
57734,18192500,18192563,63,CDS
57735,18199124,18199148,24,CDS
57736,18199774,18199822,48,CDS
57737,18200655,18200744,89,CDS
57738,18200830,18200908,78,CDS
57739,18201143,18201231,88,CDS
57740,18201292,18201459,167,CDS
57741,18192500,18192563,63,CDS
57742,18199124,18199148,24,CDS
57743,18199774,18199822,48,CDS
57744,18200655,18200744,89,CDS
57745,18200830,18200908,78,CDS
57746,18201143,18201231,88,CDS
57747,18201292,18201459,167,CDS
57748,18192500,18192563,63,CDS
57749,18199124,18199148,24,CDS
57750,18199774,18199822,48,CDS
57751,18200655,18200744,89,CDS
57752,18200830,18200908,78,CDS
57753,18201143,18201231,88,CDS
57754,18201292,18201459,167,CDS
57755,18192500,18192563,63,CDS
57756,18199124,18199148,24,CDS
57757,18199774,18199822,48,CDS
57758,18200655,18200744,89,CDS
57759,18200830,18200908,78,CDS
57760,18201143,18201231,88,CDS
57761,18201292,18201459,167,CDS
57762,18194124,18194597,473,mobile_element
57763,18204403,18205144,741,gene
57764,18204959,18205144,185,mRNA
57765,18204403,18204830,427,mRNA
57766,18204959,18205120,161,CDS
57767,18204543,18204830,287,CDS
57768,18209427,18210741,1314,gene
57769,18209427,18209818,391,mRNA
57770,18210214,18210741,527,mRNA
57771,18209534,18209818,284,CDS
57772,18210214,18210507,293,CDS
57773,18210812,18226076,15264,gene
57774,18225097,18226076,979,mRNA
57775,18220662,18220825,163,mRNA
57776,18219891,18220056,165,mRNA
57777,18218453,18218606,153,mRNA
57778,18214466,18214615,149,mRNA
57779,18213951,18214044,93,mRNA
57780,18213230,18213899,669,mRNA
57781,18210812,18213117,2305,mRNA
57782,18225097,18226076,979,mRNA
57783,18220662,18220828,166,mRNA
57784,18219891,18220056,165,mRNA
57785,18218453,18218606,153,mRNA
57786,18214466,18214615,149,mRNA
57787,18213951,18214044,93,mRNA
57788,18210812,18213899,3087,mRNA
57789,18225648,18226076,428,mRNA
57790,18225097,18225524,427,mRNA
57791,18220662,18220828,166,mRNA
57792,18219891,18220056,165,mRNA
57793,18218453,18218606,153,mRNA
57794,18214466,18214615,149,mRNA
57795,18213951,18214044,93,mRNA
57796,18212962,18213899,937,mRNA
57797,18225097,18226076,979,mRNA
57798,18220662,18220828,166,mRNA
57799,18219891,18220056,165,mRNA
57800,18218453,18218606,153,mRNA
57801,18214466,18214615,149,mRNA
57802,18213951,18214044,93,mRNA
57803,18212962,18213899,937,mRNA
57804,18219891,18220034,143,CDS
57805,18218453,18218606,153,CDS
57806,18214466,18214615,149,CDS
57807,18213951,18214044,93,CDS
57808,18213230,18213899,669,CDS
57809,18213004,18213117,113,CDS
57810,18219891,18220034,143,CDS
57811,18218453,18218606,153,CDS
57812,18214466,18214615,149,CDS
57813,18213951,18214044,93,CDS
57814,18213074,18213899,825,CDS
57815,18219891,18220034,143,CDS
57816,18218453,18218606,153,CDS
57817,18214466,18214615,149,CDS
57818,18213951,18214044,93,CDS
57819,18213074,18213899,825,CDS
57820,18219891,18220034,143,CDS
57821,18218453,18218606,153,CDS
57822,18214466,18214615,149,CDS
57823,18213951,18214044,93,CDS
57824,18213074,18213899,825,CDS
57825,18227476,18228449,973,gene
57826,18227476,18228449,973,ncRNA
57827,18240654,18243284,2630,gene
57828,18243198,18243284,86,mRNA
57829,18242565,18243091,526,mRNA
57830,18242080,18242217,137,mRNA
57831,18240654,18241881,1227,mRNA
57832,18243198,18243219,21,CDS
57833,18242565,18243091,526,CDS
57834,18242080,18242217,137,CDS
57835,18241348,18241881,533,CDS
57836,18244892,18245180,288,gene
57837,18244892,18245180,288,ncRNA
57838,18256609,18258007,1398,gene
57839,18256609,18258007,1398,ncRNA
57840,18258551,18259517,966,gene
57841,18259167,18259517,350,mRNA
57842,18258551,18259103,552,mRNA
57843,18259167,18259517,350,mRNA
57844,18258614,18259103,489,mRNA
57845,18259167,18259448,281,CDS
57846,18258942,18259103,161,CDS
57847,18259167,18259448,281,CDS
57848,18258942,18259103,161,CDS
57849,18277233,18284596,7363,gene
57850,18277233,18277605,372,mRNA
57851,18279434,18279883,449,mRNA
57852,18279986,18280183,197,mRNA
57853,18283397,18284596,1199,mRNA
57854,18277603,18277605,2,CDS
57855,18279434,18279883,449,CDS
57856,18279986,18280183,197,CDS
57857,18283397,18283951,554,CDS
57858,18292380,18293059,679,gene
57859,18292380,18293059,679,ncRNA
57860,18305354,18309291,3937,gene
57861,18308809,18309291,482,mRNA
57862,18307243,18307736,493,mRNA
57863,18307018,18307167,149,mRNA
57864,18305354,18306828,1474,mRNA
57865,18308809,18309129,320,mRNA
57866,18307243,18307739,496,mRNA
57867,18307018,18307167,149,mRNA
57868,18305354,18306828,1474,mRNA
57869,18307243,18308259,1016,mRNA
57870,18307018,18307167,149,mRNA
57871,18305354,18306828,1474,mRNA
57872,18307243,18307599,356,CDS
57873,18307018,18307167,149,CDS
57874,18306094,18306828,734,CDS
57875,18307243,18307599,356,CDS
57876,18307018,18307167,149,CDS
57877,18306094,18306828,734,CDS
57878,18307243,18307599,356,CDS
57879,18307018,18307167,149,CDS
57880,18306094,18306828,734,CDS
57881,18310502,18311349,847,gene
57882,18310502,18311349,847,ncRNA
57883,18311395,18311926,531,gene
57884,18311395,18311926,531,ncRNA
57885,18314124,18321193,7069,gene
57886,18320947,18321193,246,mRNA
57887,18319398,18319442,44,mRNA
57888,18315017,18315336,319,mRNA
57889,18314124,18314936,812,mRNA
57890,18315582,18315901,319,mRNA
57891,18315017,18315336,319,mRNA
57892,18314124,18314936,812,mRNA
57893,18315582,18315732,150,CDS
57894,18315017,18315336,319,CDS
57895,18314490,18314936,446,CDS
57896,18315017,18315103,86,CDS
57897,18314490,18314936,446,CDS
57898,18319665,18319947,282,mobile_element
57899,18322958,18356191,33233,gene
57900,18355921,18356191,270,mRNA
57901,18354873,18354994,121,mRNA
57902,18330397,18330519,122,mRNA
57903,18328950,18329481,531,mRNA
57904,18327195,18328564,1369,mRNA
57905,18322958,18326775,3817,mRNA
57906,18355921,18356191,270,mRNA
57907,18354873,18354994,121,mRNA
57908,18330397,18330519,122,mRNA
57909,18328950,18329481,531,mRNA
57910,18327195,18328564,1369,mRNA
57911,18324245,18326775,2530,mRNA
57912,18330397,18330400,3,CDS
57913,18328950,18329481,531,CDS
57914,18327256,18328564,1308,CDS
57915,18330397,18330400,3,CDS
57916,18328950,18329481,531,CDS
57917,18327256,18328564,1308,CDS
57918,18356660,18357122,462,mobile_element
57919,18358881,18362527,3646,gene
57920,18358881,18359008,127,mRNA
57921,18359065,18359555,490,mRNA
57922,18359931,18360456,525,mRNA
57923,18361227,18362527,1300,mRNA
57924,18358881,18359008,127,mRNA
57925,18359065,18359555,490,mRNA
57926,18359931,18360456,525,mRNA
57927,18361227,18361959,732,mRNA
57928,18358903,18359008,105,CDS
57929,18359065,18359555,490,CDS
57930,18359931,18360456,525,CDS
57931,18361227,18361564,337,CDS
57932,18358903,18359008,105,CDS
57933,18359065,18359555,490,CDS
57934,18359931,18360456,525,CDS
57935,18361227,18361564,337,CDS
57936,18366357,18377864,11507,gene
57937,18366357,18366557,200,mRNA
57938,18367004,18367179,175,mRNA
57939,18372031,18372432,401,mRNA
57940,18373034,18373201,167,mRNA
57941,18373287,18373455,168,mRNA
57942,18375843,18376817,974,mRNA
57943,18366561,18367179,618,mRNA
57944,18372031,18372432,401,mRNA
57945,18373034,18373201,167,mRNA
57946,18373287,18373455,168,mRNA
57947,18375249,18375386,137,mRNA
57948,18375843,18377864,2021,mRNA
57949,18366561,18367179,618,mRNA
57950,18372031,18372432,401,mRNA
57951,18373034,18373201,167,mRNA
57952,18373287,18373455,168,mRNA
57953,18375843,18377864,2021,mRNA
57954,18366561,18366719,158,mRNA
57955,18367004,18367179,175,mRNA
57956,18372031,18372432,401,mRNA
57957,18373034,18373201,167,mRNA
57958,18373287,18373455,168,mRNA
57959,18375843,18376817,974,mRNA
57960,18369811,18370118,307,gene
57961,18369811,18370118,307,ncRNA
57962,18370897,18371182,285,mRNA
57963,18372031,18372432,401,mRNA
57964,18373034,18373213,179,mRNA
57965,18373287,18373455,168,mRNA
57966,18375249,18375386,137,mRNA
57967,18375843,18376817,974,mRNA
57968,18370897,18371182,285,mRNA
57969,18372031,18372432,401,mRNA
57970,18373034,18373201,167,mRNA
57971,18373287,18373455,168,mRNA
57972,18375249,18375386,137,mRNA
57973,18375843,18376817,974,mRNA
57974,18370897,18371606,709,mRNA
57975,18372031,18372432,401,mRNA
57976,18373034,18373213,179,mRNA
57977,18373287,18374096,809,mRNA
57978,18371261,18371606,345,mRNA
57979,18372031,18372432,401,mRNA
57980,18373034,18373213,179,mRNA
57981,18373287,18373455,168,mRNA
57982,18375843,18376817,974,mRNA
57983,18371261,18371606,345,mRNA
57984,18372031,18372432,401,mRNA
57985,18373034,18373201,167,mRNA
57986,18373287,18373455,168,mRNA
57987,18375249,18375386,137,mRNA
57988,18375843,18376817,974,mRNA
57989,18372133,18372432,299,CDS
57990,18373034,18373213,179,CDS
57991,18373287,18373455,168,CDS
57992,18375249,18375386,137,CDS
57993,18375843,18376051,208,CDS
57994,18372133,18372432,299,CDS
57995,18373034,18373213,179,CDS
57996,18373287,18373455,168,CDS
57997,18375843,18376051,208,CDS
57998,18372133,18372432,299,CDS
57999,18373034,18373201,167,CDS
58000,18373287,18373455,168,CDS
58001,18375249,18375386,137,CDS
58002,18375843,18376051,208,CDS
58003,18372133,18372432,299,CDS
58004,18373034,18373201,167,CDS
58005,18373287,18373455,168,CDS
58006,18375249,18375386,137,CDS
58007,18375843,18376051,208,CDS
58008,18372133,18372432,299,CDS
58009,18373034,18373201,167,CDS
58010,18373287,18373455,168,CDS
58011,18375249,18375386,137,CDS
58012,18375843,18376051,208,CDS
58013,18372133,18372432,299,CDS
58014,18373034,18373201,167,CDS
58015,18373287,18373455,168,CDS
58016,18375843,18376051,208,CDS
58017,18372133,18372432,299,CDS
58018,18373034,18373201,167,CDS
58019,18373287,18373455,168,CDS
58020,18375843,18376051,208,CDS
58021,18372133,18372432,299,CDS
58022,18373034,18373201,167,CDS
58023,18373287,18373455,168,CDS
58024,18375843,18376051,208,CDS
58025,18372133,18372432,299,CDS
58026,18373034,18373213,179,CDS
58027,18373287,18373697,410,CDS
58028,18377521,18379854,2333,gene
58029,18378127,18379854,1727,mRNA
58030,18377521,18378049,528,mRNA
58031,18377521,18379851,2330,mRNA
58032,18378004,18379851,1847,mRNA
58033,18378176,18379753,1577,CDS
58034,18378176,18379753,1577,CDS
58035,18378176,18379753,1577,CDS
58036,18380082,18381479,1397,gene
58037,18380082,18380930,848,mRNA
58038,18380991,18381099,108,mRNA
58039,18381162,18381479,317,mRNA
58040,18380188,18380930,742,CDS
58041,18380991,18381099,108,CDS
58042,18381162,18381233,71,CDS
58043,18381549,18385242,3693,gene
58044,18383463,18385242,1779,mRNA
58045,18382603,18383258,655,mRNA
58046,18382382,18382543,161,mRNA
58047,18382040,18382313,273,mRNA
58048,18381864,18381969,105,mRNA
58049,18381549,18381773,224,mRNA
58050,18383463,18385093,1630,CDS
58051,18382603,18383258,655,CDS
58052,18382382,18382543,161,CDS
58053,18382040,18382313,273,CDS
58054,18381864,18381969,105,CDS
58055,18381708,18381773,65,CDS
58056,18387084,18390344,3260,gene
58057,18387084,18388048,964,mRNA
58058,18388124,18388366,242,mRNA
58059,18388574,18389669,1095,mRNA
58060,18389732,18390116,384,mRNA
58061,18390180,18390344,164,mRNA
58062,18387921,18388048,127,mRNA
58063,18388124,18388366,242,mRNA
58064,18388574,18389669,1095,mRNA
58065,18389732,18390116,384,mRNA
58066,18390180,18390344,164,mRNA
58067,18387949,18388048,99,CDS
58068,18388124,18388366,242,CDS
58069,18388574,18389669,1095,CDS
58070,18389732,18390116,384,CDS
58071,18390180,18390281,101,CDS
58072,18387949,18388048,99,CDS
58073,18388124,18388366,242,CDS
58074,18388574,18389669,1095,CDS
58075,18389732,18390116,384,CDS
58076,18390180,18390281,101,CDS
58077,18390498,18410144,19646,gene
58078,18409884,18410144,260,mRNA
58079,18407797,18407885,88,mRNA
58080,18392837,18392910,73,mRNA
58081,18392549,18392762,213,mRNA
58082,18392335,18392481,146,mRNA
58083,18392040,18392160,120,mRNA
58084,18390998,18391966,968,mRNA
58085,18390498,18390932,434,mRNA
58086,18409884,18410144,260,mRNA
58087,18408518,18408859,341,mRNA
58088,18407797,18407885,88,mRNA
58089,18392837,18392910,73,mRNA
58090,18392549,18392762,213,mRNA
58091,18392335,18392481,146,mRNA
58092,18392040,18392160,120,mRNA
58093,18390998,18391966,968,mRNA
58094,18390498,18390932,434,mRNA
58095,18409884,18410144,260,mRNA
58096,18409050,18409178,128,mRNA
58097,18408518,18408859,341,mRNA
58098,18407797,18407885,88,mRNA
58099,18392837,18392910,73,mRNA
58100,18392549,18392762,213,mRNA
58101,18392335,18392481,146,mRNA
58102,18392040,18392160,120,mRNA
58103,18390998,18391966,968,mRNA
58104,18390498,18390932,434,mRNA
58105,18403985,18404585,600,mRNA
58106,18392837,18392910,73,mRNA
58107,18392549,18392762,213,mRNA
58108,18392335,18392481,146,mRNA
58109,18392040,18392160,120,mRNA
58110,18390998,18391966,968,mRNA
58111,18390550,18390932,382,mRNA
58112,18409884,18410144,260,mRNA
58113,18408518,18408942,424,mRNA
58114,18407797,18407885,88,mRNA
58115,18392837,18392910,73,mRNA
58116,18392549,18392762,213,mRNA
58117,18392335,18392481,146,mRNA
58118,18392040,18392160,120,mRNA
58119,18390998,18391966,968,mRNA
58120,18390556,18390932,376,mRNA
58121,18409884,18410144,260,mRNA
58122,18409050,18409178,128,mRNA
58123,18408518,18408942,424,mRNA
58124,18407797,18407885,88,mRNA
58125,18392837,18392910,73,mRNA
58126,18392549,18392762,213,mRNA
58127,18392335,18392481,146,mRNA
58128,18392040,18392160,120,mRNA
58129,18390998,18391966,968,mRNA
58130,18390556,18390932,376,mRNA
58131,18408518,18408895,377,CDS
58132,18407797,18407885,88,CDS
58133,18392837,18392910,73,CDS
58134,18392549,18392762,213,CDS
58135,18392335,18392481,146,CDS
58136,18392040,18392160,120,CDS
58137,18390998,18391966,968,CDS
58138,18390795,18390932,137,CDS
58139,18408518,18408895,377,CDS
58140,18407797,18407885,88,CDS
58141,18392837,18392910,73,CDS
58142,18392549,18392762,213,CDS
58143,18392335,18392481,146,CDS
58144,18392040,18392160,120,CDS
58145,18390998,18391966,968,CDS
58146,18390795,18390932,137,CDS
58147,18408518,18408604,86,CDS
58148,18407797,18407885,88,CDS
58149,18392837,18392910,73,CDS
58150,18392549,18392762,213,CDS
58151,18392335,18392481,146,CDS
58152,18392040,18392160,120,CDS
58153,18390998,18391966,968,CDS
58154,18390795,18390932,137,CDS
58155,18408518,18408604,86,CDS
58156,18407797,18407885,88,CDS
58157,18392837,18392910,73,CDS
58158,18392549,18392762,213,CDS
58159,18392335,18392481,146,CDS
58160,18392040,18392160,120,CDS
58161,18390998,18391966,968,CDS
58162,18390795,18390932,137,CDS
58163,18407797,18407879,82,CDS
58164,18392837,18392910,73,CDS
58165,18392549,18392762,213,CDS
58166,18392335,18392481,146,CDS
58167,18392040,18392160,120,CDS
58168,18390998,18391966,968,CDS
58169,18390795,18390932,137,CDS
58170,18403985,18404214,229,CDS
58171,18392837,18392910,73,CDS
58172,18392549,18392762,213,CDS
58173,18392335,18392481,146,CDS
58174,18392040,18392160,120,CDS
58175,18390998,18391966,968,CDS
58176,18390795,18390932,137,CDS
58177,18399569,18400065,496,gene
58178,18399569,18400065,496,mRNA
58179,18399621,18400022,401,CDS
58180,18414844,18415224,380,mobile_element
58181,18415415,18416911,1496,gene
58182,18415415,18415538,123,mRNA
58183,18415612,18416911,1299,mRNA
58184,18415519,18415538,19,CDS
58185,18415612,18416791,1179,CDS
58186,18422413,18427001,4588,gene
58187,18422413,18422493,80,mRNA
58188,18423494,18423761,267,mRNA
58189,18424219,18424542,323,mRNA
58190,18426271,18426376,105,mRNA
58191,18426448,18427001,553,mRNA
58192,18422413,18422493,80,mRNA
58193,18423494,18423761,267,mRNA
58194,18426271,18426376,105,mRNA
58195,18426448,18427001,553,mRNA
58196,18422482,18422493,11,CDS
58197,18423494,18423761,267,CDS
58198,18424219,18424542,323,CDS
58199,18426271,18426376,105,CDS
58200,18426448,18426517,69,CDS
58201,18422482,18422493,11,CDS
58202,18423494,18423761,267,CDS
58203,18426271,18426376,105,CDS
58204,18426448,18426517,69,CDS
58205,18429549,18434802,5253,mobile_element
58206,18435719,18440581,4862,gene
58207,18440190,18440581,391,mRNA
58208,18435719,18436801,1082,mRNA
58209,18437002,18437300,298,mRNA
58210,18435719,18436801,1082,mRNA
58211,18440190,18440408,218,CDS
58212,18435863,18436801,938,CDS
58213,18437002,18437127,125,CDS
58214,18435863,18436801,938,CDS
58215,18437490,18438233,743,gene
58216,18437490,18438233,743,mRNA
58217,18437504,18438151,647,CDS
58218,18438868,18439260,392,gene
58219,18438868,18439260,392,mRNA
58220,18438896,18439210,314,CDS
58221,18439667,18440076,409,gene
58222,18439667,18439762,95,mRNA
58223,18439816,18440076,260,mRNA
58224,18439694,18439762,68,CDS
58225,18439816,18439974,158,CDS
58226,18443027,18479487,36460,gene
58227,18479165,18479487,322,mRNA
58228,18461985,18462536,551,mRNA
58229,18458798,18458977,179,mRNA
58230,18447182,18447273,91,mRNA
58231,18446994,18447119,125,mRNA
58232,18446094,18446432,338,mRNA
58233,18443027,18445984,2957,mRNA
58234,18479165,18479487,322,mRNA
58235,18461985,18462536,551,mRNA
58236,18458798,18458977,179,mRNA
58237,18447182,18447273,91,mRNA
58238,18446994,18447119,125,mRNA
58239,18446094,18446432,338,mRNA
58240,18443812,18445984,2172,mRNA
58241,18461985,18462527,542,CDS
58242,18458798,18458977,179,CDS
58243,18447182,18447273,91,CDS
58244,18446994,18447119,125,CDS
58245,18446094,18446432,338,CDS
58246,18444238,18445984,1746,CDS
58247,18461985,18462527,542,CDS
58248,18458798,18458977,179,CDS
58249,18447182,18447273,91,CDS
58250,18446994,18447119,125,CDS
58251,18446094,18446432,338,CDS
58252,18444238,18445984,1746,CDS
58253,18459138,18460418,1280,gene
58254,18460362,18460418,56,mRNA
58255,18459138,18460304,1166,mRNA
58256,18460362,18460364,2,CDS
58257,18459270,18460304,1034,CDS
58258,18460818,18462823,2005,gene
58259,18460818,18460865,47,ncRNA
58260,18460941,18461925,984,ncRNA
58261,18461991,18462823,832,ncRNA
58262,18479983,18483772,3789,gene
58263,18483441,18483772,331,mRNA
58264,18482555,18482643,88,mRNA
58265,18482309,18482489,180,mRNA
58266,18481357,18482133,776,mRNA
58267,18481161,18481228,67,mRNA
58268,18480794,18481065,271,mRNA
58269,18480542,18480728,186,mRNA
58270,18479983,18480484,501,mRNA
58271,18480072,18481132,1060,gene
58272,18480072,18481132,1060,ncRNA
58273,18483441,18483772,331,mRNA
58274,18482555,18482643,88,mRNA
58275,18482309,18482489,180,mRNA
58276,18481161,18481228,67,mRNA
58277,18480794,18481065,271,mRNA
58278,18480542,18480728,186,mRNA
58279,18480101,18480484,383,mRNA
58280,18483441,18483772,331,mRNA
58281,18482555,18482643,88,mRNA
58282,18482309,18482489,180,mRNA
58283,18481357,18482133,776,mRNA
58284,18481161,18481228,67,mRNA
58285,18480794,18481065,271,mRNA
58286,18480542,18480728,186,mRNA
58287,18480101,18480484,383,mRNA
58288,18482555,18482636,81,CDS
58289,18482309,18482489,180,CDS
58290,18481161,18481228,67,CDS
58291,18480794,18481065,271,CDS
58292,18480542,18480728,186,CDS
58293,18480138,18480484,346,CDS
58294,18482555,18482636,81,CDS
58295,18482309,18482489,180,CDS
58296,18481357,18482133,776,CDS
58297,18481161,18481228,67,CDS
58298,18480794,18481065,271,CDS
58299,18480542,18480728,186,CDS
58300,18480138,18480484,346,CDS
58301,18482555,18482636,81,CDS
58302,18482309,18482489,180,CDS
58303,18481357,18482133,776,CDS
58304,18481161,18481228,67,CDS
58305,18480794,18481065,271,CDS
58306,18480542,18480728,186,CDS
58307,18480138,18480484,346,CDS
58308,18484487,18486921,2434,gene
58309,18486633,18486921,288,mRNA
58310,18486063,18486147,84,mRNA
58311,18485813,18485996,183,mRNA
58312,18485645,18485754,109,mRNA
58313,18485296,18485579,283,mRNA
58314,18485054,18485237,183,mRNA
58315,18484487,18484995,508,mRNA
58316,18486063,18486138,75,CDS
58317,18485813,18485996,183,CDS
58318,18485645,18485754,109,CDS
58319,18485296,18485579,283,CDS
58320,18485054,18485237,183,CDS
58321,18484649,18484995,346,CDS
58322,18487450,18489620,2170,gene
58323,18489396,18489620,224,mRNA
58324,18488274,18489154,880,mRNA
58325,18488046,18488217,171,mRNA
58326,18487450,18487988,538,mRNA
58327,18489396,18489486,90,CDS
58328,18488274,18489154,880,CDS
58329,18488046,18488217,171,CDS
58330,18487648,18487988,340,CDS
58331,18491185,18492006,821,gene
58332,18491185,18492006,821,mRNA
58333,18491409,18491891,482,CDS
58334,18493193,18494168,975,gene
58335,18493848,18494168,320,mRNA
58336,18493193,18493774,581,mRNA
58337,18493848,18494168,320,mRNA
58338,18493402,18493774,372,mRNA
58339,18493848,18494082,234,CDS
58340,18493518,18493774,256,CDS
58341,18493848,18494082,234,CDS
58342,18493518,18493774,256,CDS
58343,18494719,18494926,207,gene
58344,18494719,18494926,207,ncRNA
58345,18495067,18499986,4919,gene
58346,18499232,18499986,754,mRNA
58347,18497945,18498421,476,mRNA
58348,18495067,18497502,2435,mRNA
58349,18499232,18499872,640,mRNA
58350,18497945,18498421,476,mRNA
58351,18495184,18497502,2318,mRNA
58352,18499232,18499872,640,mRNA
58353,18497945,18498421,476,mRNA
58354,18496084,18497502,1418,mRNA
58355,18499232,18499436,204,CDS
58356,18497945,18498421,476,CDS
58357,18496409,18497502,1093,CDS
58358,18499232,18499436,204,CDS
58359,18497945,18498421,476,CDS
58360,18496409,18497502,1093,CDS
58361,18499232,18499436,204,CDS
58362,18497945,18498421,476,CDS
58363,18496409,18497502,1093,CDS
58364,18500127,18501258,1131,gene
58365,18500127,18501258,1131,mRNA
58366,18500182,18500934,752,CDS
58367,18501401,18505405,4004,gene
58368,18501401,18505405,4004,mRNA
58369,18501556,18505405,3849,mRNA
58370,18501838,18504852,3014,CDS
58371,18501838,18504852,3014,CDS
58372,18505883,18512521,6638,gene
58373,18512044,18512521,477,mRNA
58374,18507476,18508681,1205,mRNA
58375,18506416,18506656,240,mRNA
58376,18505883,18506353,470,mRNA
58377,18512044,18512337,293,mRNA
58378,18507476,18508681,1205,mRNA
58379,18506416,18506656,240,mRNA
58380,18505883,18506353,470,mRNA
58381,18512044,18512048,4,CDS
58382,18507476,18508681,1205,CDS
58383,18506416,18506656,240,CDS
58384,18506066,18506353,287,CDS
58385,18512044,18512048,4,CDS
58386,18507476,18508681,1205,CDS
58387,18506416,18506656,240,CDS
58388,18506066,18506353,287,CDS
58389,18512829,18514867,2038,gene
58390,18514337,18514867,530,mRNA
58391,18512829,18513829,1000,mRNA
58392,18514337,18514810,473,mRNA
58393,18512829,18513829,1000,mRNA
58394,18514337,18514709,372,CDS
58395,18513189,18513829,640,CDS
58396,18514337,18514709,372,CDS
58397,18513189,18513829,640,CDS
58398,18515428,18572809,57381,gene
58399,18515428,18515682,254,mRNA
58400,18520718,18521039,321,mRNA
58401,18566696,18567138,442,mRNA
58402,18567511,18567636,125,mRNA
58403,18570564,18571726,1162,mRNA
58404,18515428,18520445,5017,gene
58405,18515428,18516294,866,mRNA
58406,18517468,18517739,271,mRNA
58407,18517811,18518026,215,mRNA
58408,18518825,18519253,428,mRNA
58409,18519315,18519935,620,mRNA
58410,18519989,18520445,456,mRNA
58411,18515428,18515682,254,mRNA
58412,18517468,18517739,271,mRNA
58413,18517811,18518026,215,mRNA
58414,18518825,18519253,428,mRNA
58415,18519315,18519935,620,mRNA
58416,18519989,18520445,456,mRNA
58417,18515428,18515682,254,mRNA
58418,18517614,18517739,125,mRNA
58419,18517811,18518026,215,mRNA
58420,18518825,18519253,428,mRNA
58421,18519315,18519935,620,mRNA
58422,18519989,18520445,456,mRNA
58423,18515428,18515682,254,mRNA
58424,18517811,18518026,215,mRNA
58425,18518825,18519253,428,mRNA
58426,18519315,18519935,620,mRNA
58427,18519989,18520445,456,mRNA
58428,18515590,18515682,92,CDS
58429,18517614,18517739,125,CDS
58430,18517811,18518026,215,CDS
58431,18518825,18519253,428,CDS
58432,18519315,18519935,620,CDS
58433,18519989,18520198,209,CDS
58434,18515590,18515682,92,CDS
58435,18517811,18518026,215,CDS
58436,18518825,18519253,428,CDS
58437,18519315,18519935,620,CDS
58438,18519989,18520198,209,CDS
58439,18517551,18517739,188,CDS
58440,18517811,18518026,215,CDS
58441,18518825,18519253,428,CDS
58442,18519315,18519935,620,CDS
58443,18519989,18520198,209,CDS
58444,18517551,18517739,188,CDS
58445,18517811,18518026,215,CDS
58446,18518825,18519253,428,CDS
58447,18519315,18519935,620,CDS
58448,18519989,18520198,209,CDS
58449,18520830,18521039,209,CDS
58450,18566696,18567138,442,CDS
58451,18567511,18567636,125,CDS
58452,18570564,18570936,372,CDS
58453,18521074,18522445,1371,gene
58454,18521074,18522445,1371,mRNA
58455,18521340,18522338,998,CDS
58456,18526862,18528266,1404,gene
58457,18526862,18528266,1404,mRNA
58458,18526944,18528254,1310,CDS
58459,18528683,18529593,910,gene
58460,18528683,18529593,910,mRNA
58461,18528712,18529236,524,CDS
58462,18534663,18535075,412,mRNA
58463,18535240,18535424,184,mRNA
58464,18566696,18567138,442,mRNA
58465,18567511,18567636,125,mRNA
58466,18570564,18572809,2245,mRNA
58467,18534663,18535424,761,mRNA
58468,18566696,18567138,442,mRNA
58469,18567511,18567636,125,mRNA
58470,18570564,18571726,1162,mRNA
58471,18534663,18535424,761,mRNA
58472,18566696,18567138,442,mRNA
58473,18567511,18567636,125,mRNA
58474,18570564,18571726,1162,mRNA
58475,18555434,18556897,1463,mobile_element
58476,18565764,18565835,71,gene
58477,18565764,18565835,71,tRNA
58478,18566306,18566624,318,mRNA
58479,18566696,18567138,442,mRNA
58480,18567511,18567636,125,mRNA
58481,18570564,18571726,1162,mRNA
58482,18566412,18566624,212,CDS
58483,18566696,18567138,442,CDS
58484,18567511,18567636,125,CDS
58485,18570564,18570936,372,CDS
58486,18566696,18567138,442,CDS
58487,18567511,18567636,125,CDS
58488,18570564,18571269,705,CDS
58489,18566696,18567138,442,CDS
58490,18567511,18567636,125,CDS
58491,18570564,18570936,372,CDS
58492,18566696,18567138,442,CDS
58493,18567511,18567636,125,CDS
58494,18570564,18570936,372,CDS
58495,18586223,18587219,996,gene
58496,18586863,18587219,356,ncRNA
58497,18586223,18586797,574,ncRNA
58498,18606610,18617589,10979,gene
58499,18617473,18617589,116,mRNA
58500,18612664,18612874,210,mRNA
58501,18611002,18612603,1601,mRNA
58502,18610853,18610948,95,mRNA
58503,18610427,18610793,366,mRNA
58504,18606610,18610354,3744,mRNA
58505,18611002,18612573,1571,CDS
58506,18610853,18610948,95,CDS
58507,18610427,18610793,366,CDS
58508,18606702,18610354,3652,CDS
58509,18619750,18620072,322,mobile_element
58510,18621498,18621877,379,gene
58511,18621498,18621678,180,ncRNA
58512,18621757,18621877,120,ncRNA
58513,18622466,18622706,240,gene
58514,18622466,18622706,240,ncRNA
58515,18624042,18634908,10866,gene
58516,18634409,18634908,499,mRNA
58517,18628775,18629251,476,mRNA
58518,18628474,18628708,234,mRNA
58519,18625638,18625817,179,mRNA
58520,18624042,18625064,1022,mRNA
58521,18634409,18634908,499,mRNA
58522,18628775,18629251,476,mRNA
58523,18628474,18628708,234,mRNA
58524,18625969,18626147,178,mRNA
58525,18625638,18625817,179,mRNA
58526,18624042,18625064,1022,mRNA
58527,18628775,18629251,476,CDS
58528,18628474,18628708,234,CDS
58529,18625638,18625817,179,CDS
58530,18624925,18625064,139,CDS
58531,18628775,18629251,476,CDS
58532,18628474,18628708,234,CDS
58533,18626056,18626147,91,CDS
58534,18635642,18647648,12006,gene
58535,18647190,18647648,458,mRNA
58536,18640266,18640410,144,mRNA
58537,18639464,18640197,733,mRNA
58538,18637635,18637786,151,mRNA
58539,18637413,18637573,160,mRNA
58540,18635642,18636319,677,mRNA
58541,18647190,18647567,377,mRNA
58542,18640266,18640410,144,mRNA
58543,18639464,18640197,733,mRNA
58544,18637635,18637786,151,mRNA
58545,18637413,18637573,160,mRNA
58546,18636614,18636873,259,mRNA
58547,18635642,18636319,677,mRNA
58548,18647190,18647567,377,mRNA
58549,18640266,18640410,144,mRNA
58550,18638246,18640197,1951,mRNA
58551,18637635,18637786,151,mRNA
58552,18637413,18637573,160,mRNA
58553,18635642,18636319,677,mRNA
58554,18647190,18647567,377,mRNA
58555,18640266,18640410,144,mRNA
58556,18638246,18640197,1951,mRNA
58557,18637635,18637786,151,mRNA
58558,18637413,18637573,160,mRNA
58559,18636614,18636873,259,mRNA
58560,18635642,18636319,677,mRNA
58561,18647190,18647567,377,mRNA
58562,18640266,18640410,144,mRNA
58563,18638246,18640197,1951,mRNA
58564,18637635,18637786,151,mRNA
58565,18637331,18637573,242,mRNA
58566,18636614,18636873,259,mRNA
58567,18635642,18636319,677,mRNA
58568,18647190,18647220,30,CDS
58569,18640266,18640410,144,CDS
58570,18639464,18640197,733,CDS
58571,18637635,18637786,151,CDS
58572,18637413,18637573,160,CDS
58573,18636313,18636319,6,CDS
58574,18647190,18647220,30,CDS
58575,18640266,18640410,144,CDS
58576,18638246,18640197,1951,CDS
58577,18637635,18637786,151,CDS
58578,18637413,18637573,160,CDS
58579,18636313,18636319,6,CDS
58580,18647190,18647220,30,CDS
58581,18640266,18640410,144,CDS
58582,18639464,18640197,733,CDS
58583,18637635,18637786,151,CDS
58584,18637413,18637573,160,CDS
58585,18636834,18636873,39,CDS
58586,18647190,18647220,30,CDS
58587,18640266,18640410,144,CDS
58588,18638246,18640197,1951,CDS
58589,18637635,18637786,151,CDS
58590,18637413,18637573,160,CDS
58591,18636834,18636873,39,CDS
58592,18647190,18647220,30,CDS
58593,18640266,18640410,144,CDS
58594,18638246,18640197,1951,CDS
58595,18637635,18637786,151,CDS
58596,18637355,18637573,218,CDS
58597,18648182,18649489,1307,gene
58598,18648182,18648456,274,mRNA
58599,18648516,18649489,973,mRNA
58600,18648306,18648456,150,CDS
58601,18648516,18649360,844,CDS
58602,18649396,18650444,1048,gene
58603,18650153,18650444,291,mRNA
58604,18649396,18650092,696,mRNA
58605,18650153,18650270,117,CDS
58606,18649533,18650092,559,CDS
58607,18650718,18653091,2373,gene
58608,18652864,18653091,227,mRNA
58609,18650718,18652787,2069,mRNA
58610,18652864,18652963,99,CDS
58611,18650827,18652787,1960,CDS
58612,18653392,18657286,3894,gene
58613,18657098,18657286,188,mRNA
58614,18656714,18656975,261,mRNA
58615,18656324,18656645,321,mRNA
58616,18654807,18656270,1463,mRNA
58617,18654547,18654740,193,mRNA
58618,18654296,18654421,125,mRNA
58619,18653392,18654190,798,mRNA
58620,18656714,18657234,520,mRNA
58621,18656324,18656645,321,mRNA
58622,18654807,18656270,1463,mRNA
58623,18654547,18654740,193,mRNA
58624,18654296,18654421,125,mRNA
58625,18653392,18654190,798,mRNA
58626,18657098,18657143,45,CDS
58627,18656714,18656975,261,CDS
58628,18656324,18656645,321,CDS
58629,18654807,18656270,1463,CDS
58630,18654547,18654740,193,CDS
58631,18654296,18654421,125,CDS
58632,18653986,18654190,204,CDS
58633,18656324,18656608,284,CDS
58634,18654807,18656270,1463,CDS
58635,18654547,18654740,193,CDS
58636,18654296,18654421,125,CDS
58637,18653986,18654190,204,CDS
58638,18657755,18661204,3449,gene
58639,18657755,18657950,195,mRNA
58640,18658023,18659392,1369,mRNA
58641,18659452,18660026,574,mRNA
58642,18660095,18661204,1109,mRNA
58643,18657840,18657950,110,CDS
58644,18658023,18659392,1369,CDS
58645,18659452,18660026,574,CDS
58646,18660095,18660456,361,CDS
58647,18660472,18662153,1681,gene
58648,18661965,18662153,188,mRNA
58649,18661729,18661902,173,mRNA
58650,18661239,18661675,436,mRNA
58651,18660472,18660668,196,mRNA
58652,18661965,18662148,183,CDS
58653,18661729,18661902,173,CDS
58654,18661239,18661675,436,CDS
58655,18660489,18660668,179,CDS
58656,18666067,18666717,650,gene
58657,18666067,18666717,650,ncRNA
58658,18676168,18676761,593,gene
58659,18676168,18676761,593,ncRNA
58660,18682143,18683303,1160,gene
58661,18682740,18683303,563,ncRNA
58662,18682143,18682674,531,ncRNA
58663,18685766,18688433,2667,gene
58664,18685766,18686343,577,mRNA
58665,18686430,18686578,148,mRNA
58666,18686958,18688433,1475,mRNA
58667,18685766,18686343,577,mRNA
58668,18686430,18686578,148,mRNA
58669,18686958,18688227,1269,mRNA
58670,18685962,18686343,381,CDS
58671,18686430,18686578,148,CDS
58672,18686958,18688151,1193,CDS
58673,18685962,18686343,381,CDS
58674,18686430,18686578,148,CDS
58675,18686958,18688151,1193,CDS
58676,18688538,18693042,4504,gene
58677,18691828,18693042,1214,mRNA
58678,18690866,18690987,121,mRNA
58679,18690359,18690788,429,mRNA
58680,18689991,18690255,264,mRNA
58681,18688538,18689554,1016,mRNA
58682,18691828,18692744,916,mRNA
58683,18690866,18690987,121,mRNA
58684,18690359,18690788,429,mRNA
58685,18689991,18690255,264,mRNA
58686,18689090,18689554,464,mRNA
58687,18691828,18692218,390,CDS
58688,18690866,18690987,121,CDS
58689,18690359,18690788,429,CDS
58690,18689991,18690255,264,CDS
58691,18689146,18689554,408,CDS
58692,18691828,18692218,390,CDS
58693,18690866,18690987,121,CDS
58694,18690359,18690788,429,CDS
58695,18689991,18690255,264,CDS
58696,18689146,18689554,408,CDS
58697,18707494,18726572,19078,gene
58698,18726556,18726572,16,mRNA
58699,18725737,18726485,748,mRNA
58700,18713750,18713950,200,mRNA
58701,18713357,18713695,338,mRNA
58702,18709161,18709458,297,mRNA
58703,18707494,18709081,1587,mRNA
58704,18726556,18726572,16,CDS
58705,18725737,18726485,748,CDS
58706,18713750,18713950,200,CDS
58707,18713357,18713695,338,CDS
58708,18709161,18709458,297,CDS
58709,18708664,18709081,417,CDS
58710,18709865,18711638,1773,gene
58711,18709865,18710073,208,mRNA
58712,18710134,18710667,533,mRNA
58713,18710725,18711195,470,mRNA
58714,18711257,18711638,381,mRNA
58715,18709895,18710073,178,CDS
58716,18710134,18710667,533,CDS
58717,18710725,18711195,470,CDS
58718,18711257,18711545,288,CDS
58719,18724914,18725672,758,gene
58720,18724914,18725672,758,mRNA
58721,18725232,18725597,365,CDS
58722,18730421,18731243,822,gene
58723,18731170,18731243,73,ncRNA
58724,18730421,18730849,428,ncRNA
58725,18732813,18733673,860,gene
58726,18732813,18733673,860,ncRNA
58727,18739216,18739895,679,gene
58728,18739216,18739895,679,mRNA
58729,18739278,18739724,446,CDS
58730,18746367,18748306,1939,gene
58731,18746932,18748306,1374,mRNA
58732,18746367,18746874,507,mRNA
58733,18747291,18748265,974,CDS
58734,18754392,18757999,3607,mobile_element
58735,18764483,18774027,9544,gene
58736,18773212,18774027,815,mRNA
58737,18766232,18766432,200,mRNA
58738,18765888,18766169,281,mRNA
58739,18765307,18765493,186,mRNA
58740,18764483,18765226,743,mRNA
58741,18773212,18773785,573,CDS
58742,18766232,18766432,200,CDS
58743,18765888,18766169,281,CDS
58744,18765307,18765493,186,CDS
58745,18764716,18765226,510,CDS
58746,18775228,18781345,6117,gene
58747,18775228,18775629,401,mRNA
58748,18780681,18781004,323,mRNA
58749,18781078,18781345,267,mRNA
58750,18775579,18775629,50,CDS
58751,18780681,18781004,323,CDS
58752,18781078,18781194,116,CDS
58753,18776498,18776855,357,mRNA
58754,18780681,18781004,323,mRNA
58755,18781078,18781345,267,mRNA
58756,18779633,18779845,212,mRNA
58757,18780681,18781004,323,mRNA
58758,18781078,18781345,267,mRNA
58759,18780681,18781004,323,CDS
58760,18781078,18781194,116,CDS
58761,18780681,18781004,323,CDS
58762,18781078,18781194,116,CDS
58763,18781265,18783494,2229,gene
58764,18783296,18783494,198,mRNA
58765,18782713,18783233,520,mRNA
58766,18781914,18782655,741,mRNA
58767,18781265,18781857,592,mRNA
58768,18783296,18783375,79,CDS
58769,18782713,18783233,520,CDS
58770,18781914,18782655,741,CDS
58771,18781776,18781857,81,CDS
58772,18783882,18785788,1906,mobile_element
58773,18785805,18786210,405,gene
58774,18785805,18785927,122,exon
58775,18786001,18786210,209,exon
58776,18786142,18788210,2068,gene
58777,18787981,18788210,229,mRNA
58778,18787398,18787918,520,mRNA
58779,18786599,18787340,741,mRNA
58780,18786142,18786542,400,mRNA
58781,18787981,18788060,79,CDS
58782,18787398,18787918,520,CDS
58783,18786599,18787340,741,CDS
58784,18786461,18786542,81,CDS
58785,18788464,18806057,17593,gene
58786,18788464,18789089,625,mRNA
58787,18790506,18790615,109,mRNA
58788,18790677,18790893,216,mRNA
58789,18790958,18791081,123,mRNA
58790,18791146,18791244,98,mRNA
58791,18791301,18791459,158,mRNA
58792,18793759,18793847,88,mRNA
58793,18805294,18805581,287,mRNA
58794,18805641,18806057,416,mRNA
58795,18788464,18789089,625,mRNA
58796,18790512,18790615,103,mRNA
58797,18790677,18790893,216,mRNA
58798,18790958,18791081,123,mRNA
58799,18791146,18791244,98,mRNA
58800,18791301,18791459,158,mRNA
58801,18793759,18793847,88,mRNA
58802,18805294,18805581,287,mRNA
58803,18805641,18806057,416,mRNA
58804,18788832,18789089,257,CDS
58805,18790506,18790615,109,CDS
58806,18790677,18790893,216,CDS
58807,18790958,18791081,123,CDS
58808,18791146,18791244,98,CDS
58809,18791301,18791459,158,CDS
58810,18793759,18793847,88,CDS
58811,18805294,18805581,287,CDS
58812,18805641,18805748,107,CDS
58813,18788832,18789089,257,CDS
58814,18790512,18790615,103,CDS
58815,18790677,18790893,216,CDS
58816,18790958,18791081,123,CDS
58817,18791146,18791244,98,CDS
58818,18791301,18791459,158,CDS
58819,18793759,18793847,88,CDS
58820,18805294,18805581,287,CDS
58821,18805641,18805748,107,CDS
58822,18790162,18790309,147,mRNA
58823,18790506,18790615,109,mRNA
58824,18790677,18790893,216,mRNA
58825,18790958,18791081,123,mRNA
58826,18791146,18791244,98,mRNA
58827,18791301,18791459,158,mRNA
58828,18793759,18793847,88,mRNA
58829,18805294,18805581,287,mRNA
58830,18805641,18806057,416,mRNA
58831,18791435,18791459,24,CDS
58832,18793759,18793847,88,CDS
58833,18805294,18805581,287,CDS
58834,18805641,18805748,107,CDS
58835,18791668,18793517,1849,gene
58836,18791668,18793517,1849,mRNA
58837,18791898,18792554,656,CDS
58838,18794246,18797687,3441,gene
58839,18797331,18797687,356,mRNA
58840,18794246,18796294,2048,mRNA
58841,18797655,18797687,32,mRNA
58842,18797331,18797469,138,mRNA
58843,18794520,18796294,1774,mRNA
58844,18794520,18796614,2094,mRNA
58845,18796503,18796580,77,mRNA
58846,18794520,18796294,1774,mRNA
58847,18794965,18796293,1328,CDS
58848,18794965,18796293,1328,CDS
58849,18794965,18796293,1328,CDS
58850,18794965,18796293,1328,CDS
58851,18804840,18806363,1523,gene
58852,18804840,18806363,1523,ncRNA
58853,18806694,18812002,5308,gene
58854,18806694,18807027,333,mRNA
58855,18807104,18807153,49,mRNA
58856,18807205,18807400,195,mRNA
58857,18807474,18808473,999,mRNA
58858,18808536,18808670,134,mRNA
58859,18808729,18808940,211,mRNA
58860,18809002,18809073,71,mRNA
58861,18809137,18809414,277,mRNA
58862,18809473,18809653,180,mRNA
58863,18809716,18809964,248,mRNA
58864,18810028,18810477,449,mRNA
58865,18810539,18810715,176,mRNA
58866,18810789,18812002,1213,mRNA
58867,18806992,18807027,35,CDS
58868,18807104,18807153,49,CDS
58869,18807205,18807400,195,CDS
58870,18807474,18808473,999,CDS
58871,18808536,18808670,134,CDS
58872,18808729,18808940,211,CDS
58873,18809002,18809073,71,CDS
58874,18809137,18809414,277,CDS
58875,18809473,18809653,180,CDS
58876,18809716,18809964,248,CDS
58877,18810028,18810477,449,CDS
58878,18810539,18810715,176,CDS
58879,18810789,18810941,152,CDS
58880,18812477,18812875,398,mobile_element
58881,18813297,18830406,17109,gene
58882,18813297,18813798,501,mRNA
58883,18819776,18820042,266,mRNA
58884,18820334,18821312,978,mRNA
58885,18821379,18821475,96,mRNA
58886,18821592,18822507,915,mRNA
58887,18822582,18823085,503,mRNA
58888,18823508,18823615,107,mRNA
58889,18824650,18824934,284,mRNA
58890,18825000,18825152,152,mRNA
58891,18825217,18826287,1070,mRNA
58892,18826393,18830406,4013,mRNA
58893,18813297,18813798,501,mRNA
58894,18819776,18820042,266,mRNA
58895,18820334,18821312,978,mRNA
58896,18821379,18821475,96,mRNA
58897,18821592,18822507,915,mRNA
58898,18822582,18823085,503,mRNA
58899,18824650,18824934,284,mRNA
58900,18825000,18825152,152,mRNA
58901,18825217,18826287,1070,mRNA
58902,18826393,18826703,310,mRNA
58903,18820665,18821312,647,CDS
58904,18821379,18821475,96,CDS
58905,18821592,18822507,915,CDS
58906,18822582,18823085,503,CDS
58907,18823508,18823615,107,CDS
58908,18824650,18824934,284,CDS
58909,18825000,18825152,152,CDS
58910,18825217,18826287,1070,CDS
58911,18826393,18826453,60,CDS
58912,18820665,18821312,647,CDS
58913,18821379,18821475,96,CDS
58914,18821592,18822507,915,CDS
58915,18822582,18823085,503,CDS
58916,18824650,18824934,284,CDS
58917,18825000,18825152,152,CDS
58918,18825217,18826287,1070,CDS
58919,18826393,18826453,60,CDS
58920,18830591,18832123,1532,gene
58921,18830591,18831143,552,mRNA
58922,18831223,18832123,900,mRNA
58923,18830663,18831143,480,CDS
58924,18831223,18831800,577,CDS
58925,18832682,18842901,10219,gene
58926,18832682,18832946,264,mRNA
58927,18837993,18838342,349,mRNA
58928,18840382,18840460,78,mRNA
58929,18840532,18840558,26,mRNA
58930,18840630,18842007,1377,mRNA
58931,18842218,18842901,683,mRNA
58932,18832682,18832946,264,mRNA
58933,18837993,18838342,349,mRNA
58934,18840382,18840460,78,mRNA
58935,18840532,18840558,26,mRNA
58936,18840630,18841120,490,mRNA
58937,18842218,18842901,683,mRNA
58938,18832682,18832946,264,mRNA
58939,18838085,18838342,257,mRNA
58940,18840382,18840460,78,mRNA
58941,18840532,18840558,26,mRNA
58942,18840630,18841120,490,mRNA
58943,18842218,18842901,683,mRNA
58944,18838055,18838342,287,CDS
58945,18840382,18840460,78,CDS
58946,18840532,18840558,26,CDS
58947,18840630,18841120,490,CDS
58948,18842218,18842310,92,CDS
58949,18838055,18838342,287,CDS
58950,18840382,18840460,78,CDS
58951,18840532,18840558,26,CDS
58952,18840630,18841138,508,CDS
58953,18838088,18838342,254,CDS
58954,18840382,18840460,78,CDS
58955,18840532,18840558,26,CDS
58956,18840630,18841120,490,CDS
58957,18842218,18842310,92,CDS
58958,18843033,18843086,53,mobile_element
58959,18843663,18855858,12195,gene
58960,18843663,18844037,374,mRNA
58961,18844496,18846359,1863,mRNA
58962,18849880,18855051,5171,mRNA
58963,18855127,18855354,227,mRNA
58964,18855419,18855858,439,mRNA
58965,18844032,18844037,5,CDS
58966,18844496,18846359,1863,CDS
58967,18849880,18855051,5171,CDS
58968,18855127,18855354,227,CDS
58969,18855419,18855609,190,CDS
58970,18846389,18848566,2177,gene
58971,18847382,18848566,1184,mRNA
58972,18846389,18847318,929,mRNA
58973,18847382,18848288,906,CDS
58974,18846504,18847318,814,CDS
58975,18849014,18849157,143,mRNA
58976,18849880,18855051,5171,mRNA
58977,18855127,18855354,227,mRNA
58978,18855419,18855858,439,mRNA
58979,18849154,18849157,3,CDS
58980,18849880,18855051,5171,CDS
58981,18855127,18855354,227,CDS
58982,18855419,18855609,190,CDS
58983,18855873,18857757,1884,gene
58984,18857069,18857441,372,mRNA
58985,18855873,18856433,560,mRNA
58986,18857069,18857757,688,mRNA
58987,18855940,18856433,493,mRNA
58988,18857069,18857451,382,mRNA
58989,18855940,18856433,493,mRNA
58990,18857069,18857376,307,CDS
58991,18856013,18856433,420,CDS
58992,18857069,18857376,307,CDS
58993,18856013,18856433,420,CDS
58994,18857069,18857376,307,CDS
58995,18856013,18856433,420,CDS
58996,18858203,18860072,1869,gene
58997,18858203,18858316,113,mRNA
58998,18858379,18858432,53,mRNA
58999,18858489,18859641,1152,mRNA
59000,18859699,18860072,373,mRNA
59001,18858295,18858316,21,CDS
59002,18858379,18858432,53,CDS
59003,18858489,18859641,1152,CDS
59004,18859699,18859954,255,CDS
59005,18860284,18861964,1680,gene
59006,18860284,18860469,185,mRNA
59007,18860521,18861964,1443,mRNA
59008,18860284,18860469,185,mRNA
59009,18860521,18860942,421,mRNA
59010,18861046,18861964,918,mRNA
59011,18860314,18860469,155,CDS
59012,18860521,18860925,404,CDS
59013,18860314,18860469,155,CDS
59014,18860521,18860925,404,CDS
59015,18861197,18863776,2579,gene
59016,18861197,18863776,2579,mRNA
59017,18861560,18863776,2216,mRNA
59018,18862234,18863682,1448,CDS
59019,18862234,18863682,1448,CDS
59020,18863950,18884075,20125,gene
59021,18863950,18865719,1769,mRNA
59022,18871634,18871873,239,mRNA
59023,18871938,18872101,163,mRNA
59024,18872216,18872526,310,mRNA
59025,18872594,18877351,4757,mRNA
59026,18877435,18877773,338,mRNA
59027,18877843,18877992,149,mRNA
59028,18878055,18884075,6020,mRNA
59029,18863950,18865719,1769,mRNA
59030,18871631,18871873,242,mRNA
59031,18871938,18872101,163,mRNA
59032,18872216,18872526,310,mRNA
59033,18872594,18877351,4757,mRNA
59034,18877435,18877773,338,mRNA
59035,18877843,18877992,149,mRNA
59036,18878055,18880636,2581,mRNA
59037,18863950,18865719,1769,mRNA
59038,18871631,18871873,242,mRNA
59039,18871938,18872101,163,mRNA
59040,18872216,18872526,310,mRNA
59041,18872594,18877351,4757,mRNA
59042,18877435,18877773,338,mRNA
59043,18877843,18877992,149,mRNA
59044,18878055,18880636,2581,mRNA
59045,18865440,18865719,279,CDS
59046,18871631,18871873,242,CDS
59047,18871938,18872101,163,CDS
59048,18872216,18872526,310,CDS
59049,18872594,18877351,4757,CDS
59050,18877435,18877773,338,CDS
59051,18877843,18877992,149,CDS
59052,18878055,18878925,870,CDS
59053,18865440,18865719,279,CDS
59054,18871631,18871873,242,CDS
59055,18871938,18872101,163,CDS
59056,18872216,18872526,310,CDS
59057,18872594,18877351,4757,CDS
59058,18877435,18877773,338,CDS
59059,18877843,18877992,149,CDS
59060,18878055,18878121,66,CDS
59061,18865440,18865719,279,CDS
59062,18871634,18871873,239,CDS
59063,18871938,18872101,163,CDS
59064,18872216,18872526,310,CDS
59065,18872594,18877351,4757,CDS
59066,18877435,18877773,338,CDS
59067,18877843,18877992,149,CDS
59068,18878055,18878121,66,CDS
59069,18884513,18888860,4347,gene
59070,18884513,18885174,661,mRNA
59071,18885829,18885962,133,mRNA
59072,18886020,18886743,723,mRNA
59073,18886836,18886995,159,mRNA
59074,18887053,18887212,159,mRNA
59075,18887300,18888860,1560,mRNA
59076,18884513,18885174,661,mRNA
59077,18885829,18885962,133,mRNA
59078,18886020,18886743,723,mRNA
59079,18886836,18886995,159,mRNA
59080,18887053,18887212,159,mRNA
59081,18887300,18887605,305,mRNA
59082,18884817,18885174,357,CDS
59083,18885829,18885962,133,CDS
59084,18886020,18886743,723,CDS
59085,18886836,18886995,159,CDS
59086,18887053,18887212,159,CDS
59087,18887300,18887446,146,CDS
59088,18884817,18885174,357,CDS
59089,18885829,18885962,133,CDS
59090,18886020,18886743,723,CDS
59091,18886836,18886995,159,CDS
59092,18887053,18887212,159,CDS
59093,18887300,18887446,146,CDS
59094,18888978,18893636,4658,gene
59095,18892759,18893636,877,mRNA
59096,18892043,18892685,642,mRNA
59097,18890741,18891860,1119,mRNA
59098,18890067,18890448,381,mRNA
59099,18888978,18889873,895,mRNA
59100,18892759,18893636,877,mRNA
59101,18892043,18892685,642,mRNA
59102,18890741,18891860,1119,mRNA
59103,18890067,18890481,414,mRNA
59104,18888978,18889873,895,mRNA
59105,18892759,18893636,877,mRNA
59106,18892043,18892685,642,mRNA
59107,18890546,18891860,1314,mRNA
59108,18890067,18890481,414,mRNA
59109,18888978,18889873,895,mRNA
59110,18892759,18893452,693,CDS
59111,18892043,18892685,642,CDS
59112,18890741,18891860,1119,CDS
59113,18890067,18890448,381,CDS
59114,18889293,18889873,580,CDS
59115,18892759,18893452,693,CDS
59116,18892043,18892685,642,CDS
59117,18890741,18891860,1119,CDS
59118,18890067,18890481,414,CDS
59119,18889293,18889873,580,CDS
59120,18892759,18893452,693,CDS
59121,18892043,18892685,642,CDS
59122,18890669,18891860,1191,CDS
59123,18894224,18894345,121,mobile_element
59124,18894446,18896581,2135,gene
59125,18894446,18894893,447,mRNA
59126,18895025,18895898,873,mRNA
59127,18895955,18896581,626,mRNA
59128,18894507,18894893,386,mRNA
59129,18895025,18895898,873,mRNA
59130,18895955,18896581,626,mRNA
59131,18894662,18894893,231,CDS
59132,18895025,18895898,873,CDS
59133,18895955,18896162,207,CDS
59134,18894662,18894893,231,CDS
59135,18895025,18895898,873,CDS
59136,18895955,18896162,207,CDS
59137,18900410,18911843,11433,gene
59138,18900410,18900567,157,mRNA
59139,18900731,18900960,229,mRNA
59140,18906075,18906134,59,mRNA
59141,18907499,18907668,169,mRNA
59142,18907731,18907859,128,mRNA
59143,18908250,18908374,124,mRNA
59144,18908884,18911843,2959,mRNA
59145,18900410,18900567,157,mRNA
59146,18900731,18900960,229,mRNA
59147,18906075,18906134,59,mRNA
59148,18907499,18907668,169,mRNA
59149,18907731,18907859,128,mRNA
59150,18908277,18908374,97,mRNA
59151,18908884,18910058,1174,mRNA
59152,18900410,18900567,157,mRNA
59153,18900731,18900960,229,mRNA
59154,18907499,18907668,169,mRNA
59155,18907731,18907859,128,mRNA
59156,18908277,18908374,97,mRNA
59157,18908884,18909287,403,mRNA
59158,18900943,18900960,17,CDS
59159,18906075,18906134,59,CDS
59160,18907499,18907668,169,CDS
59161,18907731,18907859,128,CDS
59162,18908250,18908374,124,CDS
59163,18908884,18909089,205,CDS
59164,18900943,18900960,17,CDS
59165,18906075,18906134,59,CDS
59166,18907499,18907668,169,CDS
59167,18907731,18907859,128,CDS
59168,18908277,18908374,97,CDS
59169,18908884,18909089,205,CDS
59170,18900943,18900960,17,CDS
59171,18907499,18907668,169,CDS
59172,18907731,18907859,128,CDS
59173,18908277,18908374,97,CDS
59174,18908884,18909089,205,CDS
59175,18912352,18912752,400,gene
59176,18912352,18912500,148,ncRNA
59177,18912585,18912752,167,ncRNA
59178,18930335,19028629,98294,gene
59179,18930335,18931000,665,mRNA
59180,18936607,18936769,162,mRNA
59181,18987176,18987257,81,mRNA
59182,19004587,19004642,55,mRNA
59183,19010974,19011684,710,mRNA
59184,19011753,19013399,1646,mRNA
59185,19025615,19028629,3014,mRNA
59186,18930335,18931000,665,mRNA
59187,18936607,18936769,162,mRNA
59188,18987176,18987257,81,mRNA
59189,19004587,19004642,55,mRNA
59190,19010974,19011684,710,mRNA
59191,19011753,19013399,1646,mRNA
59192,19025615,19026872,1257,mRNA
59193,18930335,18931000,665,mRNA
59194,18936607,18936769,162,mRNA
59195,18987176,18987257,81,mRNA
59196,19004587,19004642,55,mRNA
59197,19010974,19011684,710,mRNA
59198,19011753,19013399,1646,mRNA
59199,19025615,19026872,1257,mRNA
59200,18930359,18931000,641,mRNA
59201,18987176,18987257,81,mRNA
59202,19004587,19004642,55,mRNA
59203,19010974,19011684,710,mRNA
59204,19011753,19013399,1646,mRNA
59205,19025615,19026872,1257,mRNA
59206,18957125,18965729,8604,mobile_element
59207,19011073,19011684,611,CDS
59208,19011753,19013399,1646,CDS
59209,19025615,19026058,443,CDS
59210,19011073,19011684,611,CDS
59211,19011753,19013348,1595,CDS
59212,19011073,19011684,611,CDS
59213,19011753,19013348,1595,CDS
59214,19011073,19011684,611,CDS
59215,19011753,19013348,1595,CDS
59216,19050442,19053160,2718,gene
59217,19050442,19053160,2718,mRNA
59218,19050442,19050975,533,mRNA
59219,19050473,19050838,365,CDS
59220,19050473,19050838,365,CDS
59221,19056911,19067792,10881,gene
59222,19056911,19057004,93,mRNA
59223,19065398,19067792,2394,mRNA
59224,19060469,19065186,4717,mobile_element
59225,19065414,19067420,2006,CDS
59226,19068275,19068973,698,gene
59227,19068275,19068973,698,mRNA
59228,19068275,19068892,617,mRNA
59229,19068621,19068767,146,CDS
59230,19068621,19068767,146,CDS
59231,19077720,19078592,872,gene
59232,19077720,19077811,91,mRNA
59233,19077873,19078592,719,mRNA
59234,19077806,19077811,5,CDS
59235,19077873,19078373,500,CDS
59236,19081665,19082566,901,gene
59237,19081665,19081749,84,mRNA
59238,19081865,19082566,701,mRNA
59239,19081744,19081749,5,CDS
59240,19081865,19082440,575,CDS
59241,19082609,19083290,681,gene
59242,19082609,19083290,681,mRNA
59243,19082805,19083179,374,CDS
59244,19083739,19084017,278,gene
59245,19083739,19084017,278,ncRNA
59246,19107818,19108987,1169,mobile_element
59247,19121956,19122405,449,mobile_element
59248,19123755,19124388,633,gene
59249,19123755,19124388,633,mRNA
59250,19123800,19124276,476,CDS
59251,19125003,19127316,2313,gene
59252,19126760,19127316,556,mRNA
59253,19126355,19126463,108,mRNA
59254,19126006,19126287,281,mRNA
59255,19125003,19125644,641,mRNA
59256,19126760,19127316,556,mRNA
59257,19126355,19126463,108,mRNA
59258,19126006,19126287,281,mRNA
59259,19125274,19125644,370,mRNA
59260,19126760,19127304,544,CDS
59261,19126355,19126463,108,CDS
59262,19126006,19126287,281,CDS
59263,19125459,19125644,185,CDS
59264,19126760,19127304,544,CDS
59265,19126355,19126463,108,CDS
59266,19126006,19126287,281,CDS
59267,19125459,19125644,185,CDS
59268,19132927,19133563,636,gene
59269,19132927,19133563,636,ncRNA
59270,19135081,19135868,787,gene
59271,19135793,19135868,75,mRNA
59272,19135081,19135738,657,mRNA
59273,19135793,19135843,50,CDS
59274,19135403,19135738,335,CDS
59275,19136107,19167082,30975,gene
59276,19158120,19158201,81,mRNA
59277,19153028,19155001,1973,mRNA
59278,19150811,19151959,1148,mRNA
59279,19145968,19146142,174,mRNA
59280,19144564,19144591,27,mRNA
59281,19144005,19144496,491,mRNA
59282,19143473,19143768,295,mRNA
59283,19136107,19136605,498,mRNA
59284,19136607,19143468,6861,mobile_element
59285,19153028,19153458,430,mRNA
59286,19150811,19151959,1148,mRNA
59287,19145968,19146142,174,mRNA
59288,19144564,19144591,27,mRNA
59289,19144005,19144496,491,mRNA
59290,19142113,19143768,1655,mRNA
59291,19166857,19167082,225,mRNA
59292,19164151,19164700,549,mRNA
59293,19145968,19146142,174,mRNA
59294,19144564,19144591,27,mRNA
59295,19144005,19144496,491,mRNA
59296,19143453,19143768,315,mRNA
59297,19165220,19165347,127,mRNA
59298,19164151,19164700,549,mRNA
59299,19145968,19146142,174,mRNA
59300,19144564,19144591,27,mRNA
59301,19144005,19144496,491,mRNA
59302,19143453,19143768,315,mRNA
59303,19164151,19165347,1196,mRNA
59304,19145968,19146142,174,mRNA
59305,19144564,19144591,27,mRNA
59306,19144005,19144496,491,mRNA
59307,19143453,19143768,315,mRNA
59308,19164151,19164678,527,CDS
59309,19145968,19146142,174,CDS
59310,19144564,19144591,27,CDS
59311,19144005,19144496,491,CDS
59312,19143585,19143768,183,CDS
59313,19164151,19164678,527,CDS
59314,19145968,19146142,174,CDS
59315,19144564,19144591,27,CDS
59316,19144005,19144496,491,CDS
59317,19143585,19143768,183,CDS
59318,19164151,19164678,527,CDS
59319,19145968,19146142,174,CDS
59320,19144564,19144591,27,CDS
59321,19144005,19144496,491,CDS
59322,19143585,19143768,183,CDS
59323,19153028,19154953,1925,CDS
59324,19150811,19151959,1148,CDS
59325,19145968,19146142,174,CDS
59326,19144564,19144591,27,CDS
59327,19144005,19144496,491,CDS
59328,19143585,19143768,183,CDS
59329,19153028,19153258,230,CDS
59330,19150811,19151959,1148,CDS
59331,19145968,19146142,174,CDS
59332,19144564,19144591,27,CDS
59333,19144005,19144496,491,CDS
59334,19143585,19143768,183,CDS
59335,19168777,19170883,2106,gene
59336,19169810,19170883,1073,mRNA
59337,19168777,19169516,739,mRNA
59338,19169810,19170544,734,CDS
59339,19168992,19169516,524,CDS
59340,19169131,19169248,117,gene
59341,19169131,19169248,117,precursor_RNA
59342,19169201,19169222,21,ncRNA
59343,19171077,19174900,3823,gene
59344,19174559,19174900,341,mRNA
59345,19171077,19171287,210,mRNA
59346,19174559,19174603,44,CDS
59347,19171252,19171287,35,CDS
59348,19176109,19179830,3721,gene
59349,19179000,19179830,830,mRNA
59350,19178040,19178247,207,mRNA
59351,19176109,19177962,1853,mRNA
59352,19179000,19179830,830,mRNA
59353,19178040,19178247,207,mRNA
59354,19176997,19177962,965,mRNA
59355,19179000,19179679,679,CDS
59356,19178040,19178247,207,CDS
59357,19177282,19177962,680,CDS
59358,19179000,19179679,679,CDS
59359,19178040,19178247,207,CDS
59360,19177282,19177962,680,CDS
59361,19180173,19182024,1851,gene
59362,19180173,19182024,1851,mRNA
59363,19180279,19181193,914,CDS
59364,19183421,19187278,3857,gene
59365,19183421,19183725,304,mRNA
59366,19185690,19186206,516,mRNA
59367,19186278,19186443,165,mRNA
59368,19186534,19187278,744,mRNA
59369,19183421,19183725,304,mRNA
59370,19185690,19186206,516,mRNA
59371,19186278,19186443,165,mRNA
59372,19186534,19187278,744,mRNA
59373,19183545,19183725,180,CDS
59374,19185690,19186206,516,CDS
59375,19186278,19186443,165,CDS
59376,19186534,19186914,380,CDS
59377,19183545,19183725,180,CDS
59378,19185690,19186206,516,CDS
59379,19186278,19186443,165,CDS
59380,19186534,19186773,239,CDS
59381,19184466,19185447,981,mRNA
59382,19185690,19186206,516,mRNA
59383,19186278,19186443,165,mRNA
59384,19186534,19187278,744,mRNA
59385,19185704,19186206,502,CDS
59386,19186278,19186443,165,CDS
59387,19186534,19186773,239,CDS
59388,19188035,19190193,2158,gene
59389,19188035,19188283,248,mRNA
59390,19189034,19189547,513,mRNA
59391,19189640,19189805,165,mRNA
59392,19189885,19190193,308,mRNA
59393,19188115,19188283,168,CDS
59394,19189034,19189547,513,CDS
59395,19189640,19189805,165,CDS
59396,19189885,19190088,203,CDS
59397,19190214,19191029,815,gene
59398,19190214,19191029,815,mRNA
59399,19190276,19190815,539,CDS
59400,19191727,19191843,116,mobile_element
59401,19192171,19192362,191,mobile_element
59402,19192219,19193448,1229,gene
59403,19192219,19193448,1229,mRNA
59404,19192501,19193448,947,CDS
59405,19193555,19196037,2482,gene
59406,19193555,19193869,314,mRNA
59407,19193948,19194018,70,mRNA
59408,19194424,19194998,574,mRNA
59409,19195059,19196037,978,mRNA
59410,19193555,19193869,314,mRNA
59411,19193948,19194018,70,mRNA
59412,19194496,19194998,502,mRNA
59413,19195059,19196037,978,mRNA
59414,19193832,19193869,37,CDS
59415,19193948,19194018,70,CDS
59416,19194424,19194998,574,CDS
59417,19195059,19195451,392,CDS
59418,19193832,19193869,37,CDS
59419,19193948,19194018,70,CDS
59420,19194496,19194998,502,CDS
59421,19195059,19195451,392,CDS
59422,19196058,19201979,5921,gene
59423,19201464,19201780,316,mRNA
59424,19199273,19199464,191,mRNA
59425,19198517,19198781,264,mRNA
59426,19198231,19198449,218,mRNA
59427,19196058,19198143,2085,mRNA
59428,19201464,19201780,316,mRNA
59429,19199827,19199885,58,mRNA
59430,19199273,19199464,191,mRNA
59431,19198517,19198781,264,mRNA
59432,19198231,19198449,218,mRNA
59433,19196058,19198143,2085,mRNA
59434,19201464,19201604,140,CDS
59435,19199273,19199464,191,CDS
59436,19198517,19198781,264,CDS
59437,19198231,19198449,218,CDS
59438,19197983,19198143,160,CDS
59439,19201464,19201979,515,mRNA
59440,19199027,19199464,437,mRNA
59441,19201464,19201604,140,CDS
59442,19199210,19199464,254,CDS
59443,19201464,19201604,140,CDS
59444,19199862,19199885,23,CDS
59445,19202103,19208187,6084,gene
59446,19208034,19208187,153,mRNA
59447,19205073,19207792,2719,mRNA
59448,19204064,19204936,872,mRNA
59449,19203827,19203991,164,mRNA
59450,19203566,19203767,201,mRNA
59451,19202103,19203486,1383,mRNA
59452,19205073,19207759,2686,CDS
59453,19204064,19204936,872,CDS
59454,19203827,19203991,164,CDS
59455,19203566,19203767,201,CDS
59456,19202872,19203486,614,CDS
59457,19208694,19212082,3388,gene
59458,19211203,19212082,879,mRNA
59459,19210839,19211148,309,mRNA
59460,19209619,19210340,721,mRNA
59461,19209198,19209546,348,mRNA
59462,19208694,19209128,434,mRNA
59463,19211203,19211509,306,mRNA
59464,19210839,19211148,309,mRNA
59465,19209619,19210340,721,mRNA
59466,19209198,19209546,348,mRNA
59467,19208694,19209128,434,mRNA
59468,19211203,19211358,155,CDS
59469,19210839,19211148,309,CDS
59470,19209619,19210340,721,CDS
59471,19209198,19209546,348,CDS
59472,19208821,19209128,307,CDS
59473,19211203,19211358,155,CDS
59474,19210839,19211148,309,CDS
59475,19209619,19210340,721,CDS
59476,19209198,19209546,348,CDS
59477,19208821,19209128,307,CDS
59478,19213254,19214938,1684,gene
59479,19213254,19213406,152,mRNA
59480,19213477,19214938,1461,mRNA
59481,19213293,19213406,113,CDS
59482,19213477,19214808,1331,CDS
59483,19215515,19216660,1145,gene
59484,19215515,19216660,1145,mRNA
59485,19215515,19216582,1067,mRNA
59486,19215563,19216489,926,CDS
59487,19215563,19216489,926,CDS
59488,19220622,19235910,15288,gene
59489,19220622,19221068,446,mRNA
59490,19232269,19234870,2601,mRNA
59491,19235000,19235910,910,mRNA
59492,19220622,19221068,446,mRNA
59493,19232269,19234870,2601,mRNA
59494,19235003,19235133,130,mRNA
59495,19235314,19235910,596,mRNA
59496,19221030,19221068,38,CDS
59497,19232269,19234870,2601,CDS
59498,19235003,19235133,130,CDS
59499,19235314,19235400,86,CDS
59500,19221030,19221068,38,CDS
59501,19232269,19234870,2601,CDS
59502,19235000,19235166,166,CDS
59503,19236059,19241840,5781,gene
59504,19241313,19241840,527,mRNA
59505,19238309,19238473,164,mRNA
59506,19237899,19238169,270,mRNA
59507,19236505,19237740,1235,mRNA
59508,19236059,19236313,254,mRNA
59509,19238309,19238467,158,CDS
59510,19237899,19238169,270,CDS
59511,19236505,19237740,1235,CDS
59512,19236177,19236313,136,CDS
59513,19243357,19243478,121,mobile_element
59514,19243631,19245224,1593,gene
59515,19243631,19243811,180,mRNA
59516,19243877,19244657,780,mRNA
59517,19244719,19245224,505,mRNA
59518,19243740,19243811,71,CDS
59519,19243877,19244657,780,CDS
59520,19244719,19244825,106,CDS
59521,19245158,19247250,2092,gene
59522,19247054,19247250,196,mRNA
59523,19246737,19246994,257,mRNA
59524,19245158,19246395,1237,mRNA
59525,19247054,19247114,60,CDS
59526,19246737,19246994,257,CDS
59527,19245272,19246395,1123,CDS
59528,19248639,19252045,3406,gene
59529,19248639,19249323,684,mRNA
59530,19249739,19250202,463,mRNA
59531,19250754,19251274,520,mRNA
59532,19251451,19252045,594,mRNA
59533,19248988,19249323,335,mRNA
59534,19249739,19250202,463,mRNA
59535,19250754,19252045,1291,mRNA
59536,19249141,19249323,182,CDS
59537,19249739,19250202,463,CDS
59538,19250754,19251261,507,CDS
59539,19249141,19249323,182,CDS
59540,19249739,19250202,463,CDS
59541,19250754,19251261,507,CDS
59542,19252111,19261240,9129,gene
59543,19260987,19261240,253,mRNA
59544,19259436,19259646,210,mRNA
59545,19258827,19259372,545,mRNA
59546,19258213,19258366,153,mRNA
59547,19257419,19258154,735,mRNA
59548,19257291,19257358,67,mRNA
59549,19257047,19257223,176,mRNA
59550,19256775,19256983,208,mRNA
59551,19255818,19256606,788,mRNA
59552,19255591,19255715,124,mRNA
59553,19254603,19255521,918,mRNA
59554,19253802,19254531,729,mRNA
59555,19252111,19253744,1633,mRNA
59556,19260987,19261240,253,mRNA
59557,19259436,19259646,210,mRNA
59558,19258827,19259372,545,mRNA
59559,19258213,19258366,153,mRNA
59560,19257291,19258154,863,mRNA
59561,19257047,19257223,176,mRNA
59562,19256775,19256983,208,mRNA
59563,19255818,19256606,788,mRNA
59564,19255591,19255715,124,mRNA
59565,19254603,19255521,918,mRNA
59566,19253802,19254531,729,mRNA
59567,19252111,19253744,1633,mRNA
59568,19259717,19259843,126,mRNA
59569,19259436,19259646,210,mRNA
59570,19258827,19259372,545,mRNA
59571,19258213,19258366,153,mRNA
59572,19257291,19258154,863,mRNA
59573,19257047,19257223,176,mRNA
59574,19256775,19256983,208,mRNA
59575,19255818,19256606,788,mRNA
59576,19255591,19255715,124,mRNA
59577,19254603,19255521,918,mRNA
59578,19253802,19254531,729,mRNA
59579,19252111,19253744,1633,mRNA
59580,19260987,19261050,63,CDS
59581,19259436,19259646,210,CDS
59582,19258827,19259372,545,CDS
59583,19258213,19258366,153,CDS
59584,19257419,19258154,735,CDS
59585,19257291,19257358,67,CDS
59586,19257047,19257223,176,CDS
59587,19256775,19256983,208,CDS
59588,19255818,19256606,788,CDS
59589,19255591,19255715,124,CDS
59590,19254603,19255521,918,CDS
59591,19253802,19254531,729,CDS
59592,19252722,19253744,1022,CDS
59593,19260987,19261050,63,CDS
59594,19259436,19259646,210,CDS
59595,19258827,19259372,545,CDS
59596,19258213,19258366,153,CDS
59597,19257291,19258154,863,CDS
59598,19257047,19257223,176,CDS
59599,19256775,19256983,208,CDS
59600,19255818,19256606,788,CDS
59601,19255591,19255715,124,CDS
59602,19254603,19255521,918,CDS
59603,19253802,19254531,729,CDS
59604,19252722,19253744,1022,CDS
59605,19259717,19259744,27,CDS
59606,19259436,19259646,210,CDS
59607,19258827,19259372,545,CDS
59608,19258213,19258366,153,CDS
59609,19257291,19258154,863,CDS
59610,19257047,19257223,176,CDS
59611,19256775,19256983,208,CDS
59612,19255818,19256606,788,CDS
59613,19255591,19255715,124,CDS
59614,19254603,19255521,918,CDS
59615,19253802,19254531,729,CDS
59616,19252722,19253744,1022,CDS
59617,19261820,19273280,11460,gene
59618,19261820,19262593,773,mRNA
59619,19263133,19263314,181,mRNA
59620,19263881,19263955,74,mRNA
59621,19269257,19269365,108,mRNA
59622,19269484,19269651,167,mRNA
59623,19269721,19270550,829,mRNA
59624,19270622,19270999,377,mRNA
59625,19271073,19271225,152,mRNA
59626,19271283,19271454,171,mRNA
59627,19271519,19273280,1761,mRNA
59628,19261820,19262593,773,mRNA
59629,19263133,19263314,181,mRNA
59630,19263881,19263955,74,mRNA
59631,19264685,19265308,623,mRNA
59632,19269257,19269365,108,mRNA
59633,19269484,19269651,167,mRNA
59634,19269721,19270550,829,mRNA
59635,19270622,19270999,377,mRNA
59636,19271073,19271225,152,mRNA
59637,19271283,19271454,171,mRNA
59638,19271519,19272089,570,mRNA
59639,19261820,19262593,773,mRNA
59640,19263133,19263314,181,mRNA
59641,19263881,19263955,74,mRNA
59642,19264685,19265306,621,mRNA
59643,19269484,19269651,167,mRNA
59644,19269721,19270550,829,mRNA
59645,19270622,19270999,377,mRNA
59646,19271073,19271225,152,mRNA
59647,19271283,19271454,171,mRNA
59648,19271519,19272089,570,mRNA
59649,19261820,19262593,773,mRNA
59650,19263133,19263314,181,mRNA
59651,19263881,19263955,74,mRNA
59652,19269257,19269365,108,mRNA
59653,19269484,19269651,167,mRNA
59654,19269721,19270550,829,mRNA
59655,19270622,19270999,377,mRNA
59656,19271073,19271225,152,mRNA
59657,19271283,19271454,171,mRNA
59658,19271519,19272089,570,mRNA
59659,19262339,19262593,254,CDS
59660,19263133,19263314,181,CDS
59661,19263881,19263955,74,CDS
59662,19264685,19265308,623,CDS
59663,19269257,19269365,108,CDS
59664,19269484,19269651,167,CDS
59665,19269721,19270550,829,CDS
59666,19270622,19270999,377,CDS
59667,19271073,19271225,152,CDS
59668,19271283,19271454,171,CDS
59669,19271519,19271578,59,CDS
59670,19262339,19262593,254,CDS
59671,19263133,19263314,181,CDS
59672,19263881,19263955,74,CDS
59673,19264685,19265306,621,CDS
59674,19269484,19269651,167,CDS
59675,19269721,19270550,829,CDS
59676,19270622,19270999,377,CDS
59677,19271073,19271225,152,CDS
59678,19271283,19271454,171,CDS
59679,19271519,19271578,59,CDS
59680,19262339,19262593,254,CDS
59681,19263133,19263314,181,CDS
59682,19263881,19263955,74,CDS
59683,19269257,19269365,108,CDS
59684,19269484,19269651,167,CDS
59685,19269721,19270550,829,CDS
59686,19270622,19270999,377,CDS
59687,19271073,19271225,152,CDS
59688,19271283,19271454,171,CDS
59689,19271519,19271578,59,CDS
59690,19262339,19262593,254,CDS
59691,19263133,19263314,181,CDS
59692,19263881,19263955,74,CDS
59693,19269257,19269365,108,CDS
59694,19269484,19269651,167,CDS
59695,19269721,19270550,829,CDS
59696,19270622,19270999,377,CDS
59697,19271073,19271225,152,CDS
59698,19271283,19271454,171,CDS
59699,19271519,19271578,59,CDS
59700,19266656,19268896,2240,gene
59701,19268677,19268896,219,mRNA
59702,19268505,19268598,93,mRNA
59703,19267318,19268040,722,mRNA
59704,19266656,19267251,595,mRNA
59705,19268677,19268716,39,CDS
59706,19268505,19268598,93,CDS
59707,19267318,19268040,722,CDS
59708,19266957,19267251,294,CDS
59709,19273349,19276539,3190,gene
59710,19276218,19276539,321,mRNA
59711,19275400,19275528,128,mRNA
59712,19273349,19275339,1990,mRNA
59713,19273349,19275165,1816,mRNA
59714,19273785,19274828,1043,CDS
59715,19273785,19274828,1043,CDS
59716,19275004,19276898,1894,gene
59717,19276477,19276898,421,mRNA
59718,19275400,19275528,128,mRNA
59719,19275004,19275339,335,mRNA
59720,19276477,19276824,347,CDS
59721,19275400,19275528,128,CDS
59722,19275157,19275339,182,CDS
59723,19277176,19280349,3173,gene
59724,19280173,19280349,176,mRNA
59725,19278974,19279987,1013,mRNA
59726,19277833,19277977,144,mRNA
59727,19277644,19277764,120,mRNA
59728,19277176,19277564,388,mRNA
59729,19278974,19280349,1375,mRNA
59730,19277833,19277977,144,mRNA
59731,19277644,19277764,120,mRNA
59732,19277260,19277564,304,mRNA
59733,19280173,19280322,149,CDS
59734,19278974,19279987,1013,CDS
59735,19277833,19277977,144,CDS
59736,19277644,19277764,120,CDS
59737,19277303,19277564,261,CDS
59738,19278974,19279906,932,CDS
59739,19277833,19277977,144,CDS
59740,19277644,19277764,120,CDS
59741,19277303,19277564,261,CDS
59742,19281232,19298162,16930,gene
59743,19297116,19298162,1046,mRNA
59744,19283357,19284818,1461,mRNA
59745,19283002,19283193,191,mRNA
59746,19281232,19282935,1703,mRNA
59747,19283357,19284801,1444,mRNA
59748,19283002,19283193,191,mRNA
59749,19282520,19282935,415,mRNA
59750,19297116,19297196,80,CDS
59751,19283357,19284818,1461,CDS
59752,19283002,19283193,191,CDS
59753,19282727,19282935,208,CDS
59754,19283357,19284704,1347,CDS
59755,19283002,19283193,191,CDS
59756,19282727,19282935,208,CDS
59757,19300522,19300593,71,mobile_element
59758,19300594,19300771,177,mobile_element
59759,19301330,19307925,6595,gene
59760,19307639,19307925,286,mRNA
59761,19303637,19304094,457,mRNA
59762,19303413,19303539,126,mRNA
59763,19301800,19303092,1292,mRNA
59764,19301330,19301723,393,mRNA
59765,19305294,19305299,5,mRNA
59766,19303637,19304094,457,mRNA
59767,19303413,19303539,126,mRNA
59768,19301800,19303092,1292,mRNA
59769,19301330,19301723,393,mRNA
59770,19303637,19303924,287,CDS
59771,19303413,19303539,126,CDS
59772,19301800,19303092,1292,CDS
59773,19301581,19301723,142,CDS
59774,19303637,19303924,287,CDS
59775,19303413,19303539,126,CDS
59776,19301800,19303092,1292,CDS
59777,19301581,19301723,142,CDS
59778,19301703,19301873,170,gene
59779,19301800,19301873,73,ncRNA
59780,19301703,19301723,20,ncRNA
59781,19310513,19322106,11593,gene
59782,19321656,19322106,450,mRNA
59783,19313525,19313706,181,mRNA
59784,19313312,19313438,126,mRNA
59785,19311694,19313229,1535,mRNA
59786,19310513,19311630,1117,mRNA
59787,19321656,19322106,450,mRNA
59788,19313525,19313706,181,mRNA
59789,19313312,19313438,126,mRNA
59790,19311694,19313229,1535,mRNA
59791,19311025,19311630,605,mRNA
59792,19313525,19313689,164,CDS
59793,19313312,19313438,126,CDS
59794,19311694,19313229,1535,CDS
59795,19311491,19311630,139,CDS
59796,19313525,19313689,164,CDS
59797,19313312,19313438,126,CDS
59798,19311694,19313229,1535,CDS
59799,19311491,19311630,139,CDS
59800,19326519,19326630,111,mobile_element
59801,19327075,19348447,21372,gene
59802,19347836,19348447,611,mRNA
59803,19347638,19347733,95,mRNA
59804,19343497,19344150,653,mRNA
59805,19343118,19343257,139,mRNA
59806,19342900,19342944,44,mRNA
59807,19342728,19342837,109,mRNA
59808,19342419,19342599,180,mRNA
59809,19342282,19342357,75,mRNA
59810,19341846,19342040,194,mRNA
59811,19340503,19340589,86,mRNA
59812,19334415,19334524,109,mRNA
59813,19331488,19331642,154,mRNA
59814,19331252,19331368,116,mRNA
59815,19330101,19330254,153,mRNA
59816,19329790,19329933,143,mRNA
59817,19327075,19329720,2645,mRNA
59818,19347836,19348447,611,mRNA
59819,19347638,19347733,95,mRNA
59820,19344905,19344989,84,mRNA
59821,19343497,19344150,653,mRNA
59822,19343118,19343257,139,mRNA
59823,19342900,19342944,44,mRNA
59824,19342728,19342837,109,mRNA
59825,19342419,19342599,180,mRNA
59826,19342282,19342357,75,mRNA
59827,19341846,19342040,194,mRNA
59828,19340503,19340589,86,mRNA
59829,19334415,19334524,109,mRNA
59830,19331488,19331642,154,mRNA
59831,19331252,19331368,116,mRNA
59832,19330101,19330254,153,mRNA
59833,19329790,19329933,143,mRNA
59834,19327075,19329720,2645,mRNA
59835,19347638,19348447,809,mRNA
59836,19343497,19344150,653,mRNA
59837,19343118,19343257,139,mRNA
59838,19342900,19342944,44,mRNA
59839,19342728,19342837,109,mRNA
59840,19342419,19342599,180,mRNA
59841,19342282,19342357,75,mRNA
59842,19341846,19342040,194,mRNA
59843,19340503,19340589,86,mRNA
59844,19334415,19334524,109,mRNA
59845,19331488,19331642,154,mRNA
59846,19331252,19331368,116,mRNA
59847,19330101,19330254,153,mRNA
59848,19329790,19329933,143,mRNA
59849,19328554,19329720,1166,mRNA
59850,19347638,19348447,809,mRNA
59851,19343497,19344150,653,mRNA
59852,19343118,19343257,139,mRNA
59853,19342900,19342944,44,mRNA
59854,19342728,19342837,109,mRNA
59855,19342419,19342599,180,mRNA
59856,19342282,19342357,75,mRNA
59857,19341846,19342040,194,mRNA
59858,19340503,19340589,86,mRNA
59859,19334415,19334524,109,mRNA
59860,19331488,19331642,154,mRNA
59861,19331252,19331368,116,mRNA
59862,19330101,19330254,153,mRNA
59863,19328554,19329933,1379,mRNA
59864,19343497,19343656,159,CDS
59865,19343118,19343257,139,CDS
59866,19342900,19342944,44,CDS
59867,19342728,19342837,109,CDS
59868,19342419,19342599,180,CDS
59869,19342282,19342357,75,CDS
59870,19341846,19342040,194,CDS
59871,19340503,19340589,86,CDS
59872,19334415,19334524,109,CDS
59873,19331488,19331642,154,CDS
59874,19331252,19331368,116,CDS
59875,19330101,19330254,153,CDS
59876,19329790,19329933,143,CDS
59877,19329712,19329720,8,CDS
59878,19343497,19343656,159,CDS
59879,19343118,19343257,139,CDS
59880,19342900,19342944,44,CDS
59881,19342728,19342837,109,CDS
59882,19342419,19342599,180,CDS
59883,19342282,19342357,75,CDS
59884,19341846,19342040,194,CDS
59885,19340503,19340589,86,CDS
59886,19334415,19334524,109,CDS
59887,19331488,19331642,154,CDS
59888,19331252,19331368,116,CDS
59889,19330101,19330254,153,CDS
59890,19329790,19329933,143,CDS
59891,19329712,19329720,8,CDS
59892,19343497,19343656,159,CDS
59893,19343118,19343257,139,CDS
59894,19342900,19342944,44,CDS
59895,19342728,19342837,109,CDS
59896,19342419,19342599,180,CDS
59897,19342282,19342357,75,CDS
59898,19341846,19342040,194,CDS
59899,19340503,19340589,86,CDS
59900,19334415,19334524,109,CDS
59901,19331488,19331642,154,CDS
59902,19331252,19331368,116,CDS
59903,19330101,19330254,153,CDS
59904,19329790,19329933,143,CDS
59905,19329712,19329720,8,CDS
59906,19343497,19343656,159,CDS
59907,19343118,19343257,139,CDS
59908,19342900,19342944,44,CDS
59909,19342728,19342837,109,CDS
59910,19342419,19342599,180,CDS
59911,19342282,19342357,75,CDS
59912,19341846,19342040,194,CDS
59913,19340503,19340589,86,CDS
59914,19334415,19334524,109,CDS
59915,19331488,19331642,154,CDS
59916,19331252,19331368,116,CDS
59917,19330101,19330254,153,CDS
59918,19329769,19329933,164,CDS
59919,19330629,19330843,214,mobile_element
59920,19353181,19471914,118733,gene
59921,19353181,19353653,472,mRNA
59922,19362967,19363021,54,mRNA
59923,19433154,19433272,118,mRNA
59924,19464193,19466221,2028,mRNA
59925,19468307,19471914,3607,mRNA
59926,19353181,19353653,472,mRNA
59927,19362967,19363021,54,mRNA
59928,19379213,19379280,67,mRNA
59929,19398503,19398534,31,mRNA
59930,19433154,19433272,118,mRNA
59931,19446273,19446305,32,mRNA
59932,19464193,19466221,2028,mRNA
59933,19468307,19470041,1734,mRNA
59934,19353181,19353653,472,mRNA
59935,19362967,19363021,54,mRNA
59936,19433154,19433272,118,mRNA
59937,19446273,19446305,32,mRNA
59938,19464193,19466221,2028,mRNA
59939,19468307,19470041,1734,mRNA
59940,19353181,19353583,402,mRNA
59941,19362967,19363021,54,mRNA
59942,19433154,19433272,118,mRNA
59943,19446273,19446305,32,mRNA
59944,19464193,19466221,2028,mRNA
59945,19468307,19470041,1734,mRNA
59946,19357045,19358423,1378,mobile_element
59947,19357521,19357664,143,mobile_element
59948,19371557,19371817,260,mobile_element
59949,19380210,19380395,185,mobile_element
59950,19398883,19398919,36,mobile_element
59951,19437325,19444785,7460,mobile_element
59952,19464670,19466221,1551,CDS
59953,19468307,19469550,1243,CDS
59954,19464670,19466221,1551,CDS
59955,19468307,19469550,1243,CDS
59956,19464670,19466221,1551,CDS
59957,19468307,19469550,1243,CDS
59958,19464670,19466221,1551,CDS
59959,19468307,19469550,1243,CDS
59960,19472185,19472686,501,mobile_element
59961,19474156,19479411,5255,gene
59962,19478684,19479411,727,mRNA
59963,19478093,19478623,530,mRNA
59964,19477668,19478038,370,mRNA
59965,19477408,19477605,197,mRNA
59966,19476411,19477339,928,mRNA
59967,19476110,19476342,232,mRNA
59968,19474156,19474765,609,mRNA
59969,19478684,19479319,635,mRNA
59970,19478093,19478623,530,mRNA
59971,19477668,19478038,370,mRNA
59972,19477408,19477605,197,mRNA
59973,19476411,19477339,928,mRNA
59974,19476110,19476342,232,mRNA
59975,19474156,19474765,609,mRNA
59976,19478684,19479257,573,CDS
59977,19478093,19478623,530,CDS
59978,19477668,19478038,370,CDS
59979,19477408,19477605,197,CDS
59980,19476411,19477339,928,CDS
59981,19476110,19476342,232,CDS
59982,19474182,19474765,583,CDS
59983,19478684,19479257,573,CDS
59984,19478093,19478623,530,CDS
59985,19477668,19478038,370,CDS
59986,19477408,19477605,197,CDS
59987,19476411,19477339,928,CDS
59988,19476110,19476342,232,CDS
59989,19474182,19474765,583,CDS
59990,19475063,19476055,992,gene
59991,19475063,19476055,992,mRNA
59992,19475167,19475802,635,CDS
59993,19479382,19480238,856,gene
59994,19479814,19480238,424,mRNA
59995,19479382,19479753,371,mRNA
59996,19479814,19479917,103,mRNA
59997,19479382,19479753,371,mRNA
59998,19479814,19479876,62,CDS
59999,19479430,19479753,323,CDS
60000,19479814,19479876,62,CDS
60001,19479430,19479753,323,CDS
60002,19479984,19484643,4659,gene
60003,19479984,19480678,694,mRNA
60004,19481018,19481506,488,mRNA
60005,19481598,19482385,787,mRNA
60006,19482452,19482879,427,mRNA
60007,19482952,19483604,652,mRNA
60008,19483684,19484643,959,mRNA
60009,19480259,19480678,419,mRNA
60010,19481018,19481506,488,mRNA
60011,19481598,19482385,787,mRNA
60012,19482452,19482879,427,mRNA
60013,19482952,19483604,652,mRNA
60014,19483684,19484643,959,mRNA
60015,19480622,19480678,56,CDS
60016,19481018,19481506,488,CDS
60017,19481598,19482385,787,CDS
60018,19482452,19482879,427,CDS
60019,19482952,19483604,652,CDS
60020,19483684,19483941,257,CDS
60021,19480622,19480678,56,CDS
60022,19481018,19481506,488,CDS
60023,19481598,19482385,787,CDS
60024,19482452,19482879,427,CDS
60025,19482952,19483604,652,CDS
60026,19483684,19483941,257,CDS
60027,19484858,19485423,565,gene
60028,19485353,19485423,70,ncRNA
60029,19484858,19485293,435,ncRNA
60030,19485759,19492011,6252,gene
60031,19491739,19492011,272,mRNA
60032,19490585,19491679,1094,mRNA
60033,19490207,19490515,308,mRNA
60034,19489485,19489949,464,mRNA
60035,19489142,19489410,268,mRNA
60036,19488739,19489058,319,mRNA
60037,19487792,19488685,893,mRNA
60038,19487132,19487712,580,mRNA
60039,19486405,19487067,662,mRNA
60040,19486261,19486341,80,mRNA
60041,19485759,19486192,433,mRNA
60042,19491739,19492011,272,mRNA
60043,19490585,19491679,1094,mRNA
60044,19490207,19490515,308,mRNA
60045,19489485,19489949,464,mRNA
60046,19489142,19489410,268,mRNA
60047,19488739,19489058,319,mRNA
60048,19487792,19488685,893,mRNA
60049,19487132,19487712,580,mRNA
60050,19486405,19487067,662,mRNA
60051,19486261,19486338,77,mRNA
60052,19485880,19486192,312,mRNA
60053,19491739,19491813,74,CDS
60054,19490585,19491679,1094,CDS
60055,19490207,19490515,308,CDS
60056,19489485,19489949,464,CDS
60057,19489142,19489410,268,CDS
60058,19488739,19489058,319,CDS
60059,19487792,19488685,893,CDS
60060,19487132,19487712,580,CDS
60061,19486405,19487067,662,CDS
60062,19486261,19486338,77,CDS
60063,19486103,19486192,89,CDS
60064,19491739,19491813,74,CDS
60065,19490585,19491679,1094,CDS
60066,19490207,19490515,308,CDS
60067,19489485,19489949,464,CDS
60068,19489142,19489410,268,CDS
60069,19488739,19489058,319,CDS
60070,19487792,19488685,893,CDS
60071,19487132,19487712,580,CDS
60072,19486405,19487067,662,CDS
60073,19486261,19486341,80,CDS
60074,19486103,19486192,89,CDS
60075,19492421,19493337,916,gene
60076,19492421,19492586,165,mRNA
60077,19492677,19492997,320,mRNA
60078,19493057,19493337,280,mRNA
60079,19492537,19492586,49,CDS
60080,19492677,19492997,320,CDS
60081,19493057,19493237,180,CDS
60082,19493292,19494401,1109,gene
60083,19493292,19494401,1109,mRNA
60084,19493408,19494379,971,CDS
60085,19494420,19494992,572,gene
60086,19494900,19494992,92,mRNA
60087,19494727,19494836,109,mRNA
60088,19494420,19494651,231,mRNA
60089,19494900,19494902,2,CDS
60090,19494727,19494836,109,CDS
60091,19494546,19494651,105,CDS
60092,19495284,19495896,612,gene
60093,19495284,19495896,612,ncRNA
60094,19495505,19518402,22897,gene
60095,19495505,19496183,678,mRNA
60096,19509818,19510130,312,mRNA
60097,19510202,19510278,76,mRNA
60098,19511113,19515644,4531,mRNA
60099,19515913,19518402,2489,mRNA
60100,19495505,19509350,13845,gene
60101,19495505,19495551,46,mRNA
60102,19506486,19509350,2864,mRNA
60103,19496675,19496787,112,mRNA
60104,19505767,19505846,79,mRNA
60105,19506483,19509350,2867,mRNA
60106,19496675,19496787,112,mRNA
60107,19506483,19509350,2867,mRNA
60108,19496675,19496787,112,mRNA
60109,19506486,19509350,2864,mRNA
60110,19498373,19498880,507,mRNA
60111,19506483,19509350,2867,mRNA
60112,19498373,19498880,507,mRNA
60113,19506486,19509350,2864,mRNA
60114,19498373,19498880,507,mRNA
60115,19506483,19508902,2419,mRNA
60116,19498775,19498880,105,CDS
60117,19506483,19508527,2044,CDS
60118,19498775,19498880,105,CDS
60119,19506483,19508527,2044,CDS
60120,19498775,19498880,105,CDS
60121,19506486,19508527,2041,CDS
60122,19502475,19502972,497,mobile_element
60123,19504423,19504537,114,mRNA
60124,19506483,19509350,2867,mRNA
60125,19504423,19504537,114,mRNA
60126,19506486,19509350,2864,mRNA
60127,19505913,19506241,328,mRNA
60128,19506483,19509350,2867,mRNA
60129,19505913,19506237,324,mRNA
60130,19506293,19509350,3057,mRNA
60131,19505913,19506237,324,mRNA
60132,19506483,19509350,2867,mRNA
60133,19505913,19506078,165,mRNA
60134,19506486,19509350,2864,mRNA
60135,19506917,19508527,1610,CDS
60136,19506917,19508527,1610,CDS
60137,19506917,19508527,1610,CDS
60138,19506917,19508527,1610,CDS
60139,19506917,19508527,1610,CDS
60140,19506917,19508527,1610,CDS
60141,19506917,19508527,1610,CDS
60142,19506917,19508527,1610,CDS
60143,19506917,19508527,1610,CDS
60144,19506917,19508527,1610,CDS
60145,19509768,19510130,362,mRNA
60146,19510202,19510278,76,mRNA
60147,19511113,19511345,232,mRNA
60148,19511397,19515644,4247,mRNA
60149,19515913,19518402,2489,mRNA
60150,19509768,19510130,362,mRNA
60151,19510202,19510278,76,mRNA
60152,19511113,19511345,232,mRNA
60153,19511400,19515644,4244,mRNA
60154,19515913,19518402,2489,mRNA
60155,19509946,19510130,184,CDS
60156,19510202,19510278,76,CDS
60157,19511113,19515644,4531,CDS
60158,19515913,19517232,1319,CDS
60159,19509946,19510130,184,CDS
60160,19510202,19510278,76,CDS
60161,19511113,19511345,232,CDS
60162,19511397,19515644,4247,CDS
60163,19515913,19517232,1319,CDS
60164,19509946,19510130,184,CDS
60165,19510202,19510278,76,CDS
60166,19511113,19511345,232,CDS
60167,19511400,19515644,4244,CDS
60168,19515913,19517232,1319,CDS
60169,19510349,19510433,84,mobile_element
60170,19518428,19521810,3382,gene
60171,19521673,19521804,131,mRNA
60172,19520660,19520827,167,mRNA
60173,19519904,19520298,394,mRNA
60174,19519696,19519831,135,mRNA
60175,19518428,19519625,1197,mRNA
60176,19521673,19521810,137,mRNA
60177,19520660,19520827,167,mRNA
60178,19519904,19520298,394,mRNA
60179,19519696,19519831,135,mRNA
60180,19519131,19519625,494,mRNA
60181,19521673,19521804,131,mRNA
60182,19521328,19521396,68,mRNA
60183,19520660,19520827,167,mRNA
60184,19519904,19520298,394,mRNA
60185,19519696,19519831,135,mRNA
60186,19519131,19519625,494,mRNA
60187,19521673,19521699,26,CDS
60188,19520660,19520827,167,CDS
60189,19519904,19520298,394,CDS
60190,19519696,19519831,135,CDS
60191,19519287,19519625,338,CDS
60192,19521673,19521699,26,CDS
60193,19520660,19520827,167,CDS
60194,19519904,19520298,394,CDS
60195,19519696,19519831,135,CDS
60196,19519287,19519625,338,CDS
60197,19521673,19521699,26,CDS
60198,19521328,19521396,68,CDS
60199,19520660,19520827,167,CDS
60200,19519904,19520298,394,CDS
60201,19519696,19519831,135,CDS
60202,19519287,19519625,338,CDS
60203,19521929,19530896,8967,gene
60204,19521929,19521958,29,mRNA
60205,19522168,19522389,221,mRNA
60206,19523003,19523315,312,mRNA
60207,19523387,19523434,47,mRNA
60208,19523495,19523629,134,mRNA
60209,19523715,19523929,214,mRNA
60210,19523990,19524163,173,mRNA
60211,19525179,19525841,662,mRNA
60212,19522027,19522397,370,mRNA
60213,19523003,19523315,312,mRNA
60214,19523387,19523434,47,mRNA
60215,19523495,19523629,134,mRNA
60216,19523715,19523929,214,mRNA
60217,19523990,19524163,173,mRNA
60218,19526841,19527328,487,mRNA
60219,19527621,19527834,213,mRNA
60220,19528635,19528823,188,mRNA
60221,19528894,19529601,707,mRNA
60222,19529674,19529973,299,mRNA
60223,19522099,19522389,290,mRNA
60224,19523003,19523315,312,mRNA
60225,19523387,19523434,47,mRNA
60226,19523495,19523629,134,mRNA
60227,19523715,19523929,214,mRNA
60228,19523990,19524163,173,mRNA
60229,19526841,19527328,487,mRNA
60230,19527621,19527834,213,mRNA
60231,19528635,19528823,188,mRNA
60232,19528894,19529601,707,mRNA
60233,19529674,19530896,1222,mRNA
60234,19522099,19522389,290,mRNA
60235,19523003,19523315,312,mRNA
60236,19523387,19523434,47,mRNA
60237,19523495,19523629,134,mRNA
60238,19523715,19523929,214,mRNA
60239,19523990,19524163,173,mRNA
60240,19528635,19528823,188,mRNA
60241,19528894,19529601,707,mRNA
60242,19529674,19530896,1222,mRNA
60243,19522099,19522389,290,mRNA
60244,19523003,19523315,312,mRNA
60245,19523387,19523434,47,mRNA
60246,19523495,19523629,134,mRNA
60247,19523715,19523929,214,mRNA
60248,19523990,19524163,173,mRNA
60249,19528641,19528823,182,mRNA
60250,19528894,19529601,707,mRNA
60251,19529674,19530896,1222,mRNA
60252,19522099,19522569,470,mRNA
60253,19523003,19523315,312,mRNA
60254,19523387,19523434,47,mRNA
60255,19523495,19523629,134,mRNA
60256,19523715,19523929,214,mRNA
60257,19523990,19524163,173,mRNA
60258,19526841,19527328,487,mRNA
60259,19527621,19527834,213,mRNA
60260,19528635,19528823,188,mRNA
60261,19528894,19529601,707,mRNA
60262,19529674,19529973,299,mRNA
60263,19522099,19522635,536,mRNA
60264,19523003,19523315,312,mRNA
60265,19523387,19523434,47,mRNA
60266,19523495,19523629,134,mRNA
60267,19523715,19523929,214,mRNA
60268,19523990,19524163,173,mRNA
60269,19525179,19525841,662,mRNA
60270,19522099,19522389,290,mRNA
60271,19523003,19523315,312,mRNA
60272,19523387,19523434,47,mRNA
60273,19523495,19523629,134,mRNA
60274,19523715,19523929,214,mRNA
60275,19523990,19524163,173,mRNA
60276,19525179,19525841,662,mRNA
60277,19522099,19522397,298,mRNA
60278,19523003,19523315,312,mRNA
60279,19523387,19523434,47,mRNA
60280,19523495,19523629,134,mRNA
60281,19523715,19523929,214,mRNA
60282,19523990,19524813,823,mRNA
60283,19523096,19523315,219,CDS
60284,19523387,19523434,47,CDS
60285,19523495,19523629,134,CDS
60286,19523715,19523929,214,CDS
60287,19523990,19524163,173,CDS
60288,19526841,19527328,487,CDS
60289,19527621,19527834,213,CDS
60290,19528635,19528823,188,CDS
60291,19528894,19529601,707,CDS
60292,19529674,19529757,83,CDS
60293,19523096,19523315,219,CDS
60294,19523387,19523434,47,CDS
60295,19523495,19523629,134,CDS
60296,19523715,19523929,214,CDS
60297,19523990,19524163,173,CDS
60298,19526841,19527328,487,CDS
60299,19527621,19527834,213,CDS
60300,19528635,19528823,188,CDS
60301,19528894,19529601,707,CDS
60302,19529674,19529757,83,CDS
60303,19523096,19523315,219,CDS
60304,19523387,19523434,47,CDS
60305,19523495,19523629,134,CDS
60306,19523715,19523929,214,CDS
60307,19523990,19524163,173,CDS
60308,19526841,19527328,487,CDS
60309,19527621,19527834,213,CDS
60310,19528635,19528823,188,CDS
60311,19528894,19529601,707,CDS
60312,19529674,19529757,83,CDS
60313,19523096,19523315,219,CDS
60314,19523387,19523434,47,CDS
60315,19523495,19523629,134,CDS
60316,19523715,19523929,214,CDS
60317,19523990,19524163,173,CDS
60318,19528635,19528823,188,CDS
60319,19528894,19529601,707,CDS
60320,19529674,19529757,83,CDS
60321,19523096,19523315,219,CDS
60322,19523387,19523434,47,CDS
60323,19523495,19523629,134,CDS
60324,19523715,19523929,214,CDS
60325,19523990,19524163,173,CDS
60326,19528641,19528823,182,CDS
60327,19528894,19529601,707,CDS
60328,19529674,19529757,83,CDS
60329,19523096,19523315,219,CDS
60330,19523387,19523434,47,CDS
60331,19523495,19523629,134,CDS
60332,19523715,19523929,214,CDS
60333,19523990,19524163,173,CDS
60334,19525179,19525208,29,CDS
60335,19523096,19523315,219,CDS
60336,19523387,19523434,47,CDS
60337,19523495,19523629,134,CDS
60338,19523715,19523929,214,CDS
60339,19523990,19524163,173,CDS
60340,19525179,19525208,29,CDS
60341,19523096,19523315,219,CDS
60342,19523387,19523434,47,CDS
60343,19523495,19523629,134,CDS
60344,19523715,19523929,214,CDS
60345,19523990,19524163,173,CDS
60346,19525179,19525208,29,CDS
60347,19523096,19523315,219,CDS
60348,19523387,19523434,47,CDS
60349,19523495,19523629,134,CDS
60350,19523715,19523929,214,CDS
60351,19523990,19524178,188,CDS
60352,19528362,19528444,82,mRNA
60353,19528635,19528823,188,mRNA
60354,19528894,19529601,707,mRNA
60355,19529674,19530896,1222,mRNA
60356,19528415,19528444,29,CDS
60357,19528635,19528823,188,CDS
60358,19528894,19529601,707,CDS
60359,19529674,19529757,83,CDS
60360,19531032,19531742,710,gene
60361,19531032,19531742,710,mRNA
60362,19531070,19531621,551,CDS
60363,19531851,19547482,15631,gene
60364,19547224,19547482,258,mRNA
60365,19543729,19546156,2427,mRNA
60366,19539923,19540101,178,mRNA
60367,19538692,19538799,107,mRNA
60368,19534180,19534356,176,mRNA
60369,19533991,19534096,105,mRNA
60370,19531851,19533270,1419,mRNA
60371,19547224,19547482,258,mRNA
60372,19545347,19546156,809,mRNA
60373,19543729,19545096,1367,mRNA
60374,19539923,19540101,178,mRNA
60375,19538692,19538799,107,mRNA
60376,19534180,19534356,176,mRNA
60377,19533979,19534096,117,mRNA
60378,19532012,19533270,1258,mRNA
60379,19547224,19547482,258,mRNA
60380,19543729,19546156,2427,mRNA
60381,19539923,19540101,178,mRNA
60382,19538692,19538799,107,mRNA
60383,19534180,19534356,176,mRNA
60384,19533979,19534096,117,mRNA
60385,19532012,19533270,1258,mRNA
60386,19545347,19545356,9,CDS
60387,19543729,19545096,1367,CDS
60388,19539923,19540101,178,CDS
60389,19538692,19538799,107,CDS
60390,19534180,19534356,176,CDS
60391,19533979,19534096,117,CDS
60392,19533164,19533270,106,CDS
60393,19543729,19544116,387,CDS
60394,19539923,19540101,178,CDS
60395,19538692,19538799,107,CDS
60396,19534180,19534356,176,CDS
60397,19533991,19534096,105,CDS
60398,19533164,19533270,106,CDS
60399,19543729,19544116,387,CDS
60400,19539923,19540101,178,CDS
60401,19538692,19538799,107,CDS
60402,19534180,19534356,176,CDS
60403,19533979,19534096,117,CDS
60404,19533164,19533270,106,CDS
60405,19551152,19551242,90,gene
60406,19551152,19551242,90,precursor_RNA
60407,19551171,19551191,20,ncRNA
60408,19551206,19551227,21,ncRNA
60409,19551318,19551379,61,gene
60410,19551318,19551379,61,precursor_RNA
60411,19551318,19551340,22,ncRNA
60412,19551357,19551376,19,ncRNA
60413,19551528,19551628,100,gene
60414,19551528,19551628,100,precursor_RNA
60415,19551546,19551570,24,ncRNA
60416,19551592,19551613,21,ncRNA
60417,19551678,19551778,100,gene
60418,19551678,19551778,100,precursor_RNA
60419,19551702,19551723,21,ncRNA
60420,19551742,19551763,21,ncRNA
60421,19557008,19557103,95,gene
60422,19557008,19557103,95,precursor_RNA
60423,19557029,19557052,23,ncRNA
60424,19557067,19557090,23,ncRNA
60425,19558370,19558496,126,gene
60426,19558370,19558496,126,precursor_RNA
60427,19558402,19558423,21,ncRNA
60428,19558430,19558451,21,ncRNA
60429,19558607,19558693,86,gene
60430,19558607,19558693,86,precursor_RNA
60431,19558631,19558652,21,ncRNA
60432,19558659,19558680,21,ncRNA
60433,19558753,19558843,90,gene
60434,19558753,19558843,90,precursor_RNA
60435,19558768,19558790,22,ncRNA
60436,19558807,19558828,21,ncRNA
60437,19558895,19558991,96,gene
60438,19558895,19558991,96,precursor_RNA
60439,19558917,19558938,21,ncRNA
60440,19558954,19558975,21,ncRNA
60441,19559022,19559120,98,gene
60442,19559022,19559120,98,precursor_RNA
60443,19559046,19559067,21,ncRNA
60444,19559087,19559107,20,ncRNA
60445,19559431,19565764,6333,gene
60446,19564773,19565598,825,mRNA
60447,19564186,19564692,506,mRNA
60448,19563076,19564118,1042,mRNA
60449,19562692,19563013,321,mRNA
60450,19559431,19561795,2364,mRNA
60451,19561236,19561327,91,gene
60452,19561236,19561327,91,precursor_RNA
60453,19561251,19561274,23,ncRNA
60454,19561291,19561312,21,ncRNA
60455,19565414,19565764,350,mRNA
60456,19564773,19565307,534,mRNA
60457,19564186,19564692,506,mRNA
60458,19563076,19564118,1042,mRNA
60459,19562692,19563013,321,mRNA
60460,19561340,19561795,455,mRNA
60461,19565414,19565764,350,mRNA
60462,19564773,19565307,534,mRNA
60463,19564186,19564692,506,mRNA
60464,19563076,19564118,1042,mRNA
60465,19562692,19563013,321,mRNA
60466,19562411,19562509,98,mRNA
60467,19561340,19561795,455,mRNA
60468,19565414,19565764,350,mRNA
60469,19564773,19565307,534,mRNA
60470,19564186,19564692,506,mRNA
60471,19563076,19564118,1042,mRNA
60472,19561340,19563013,1673,mRNA
60473,19564773,19565598,825,mRNA
60474,19564186,19564692,506,mRNA
60475,19563076,19564118,1042,mRNA
60476,19562692,19563013,321,mRNA
60477,19561340,19561795,455,mRNA
60478,19564773,19565598,825,mRNA
60479,19564186,19564692,506,mRNA
60480,19563076,19564118,1042,mRNA
60481,19562692,19563013,321,mRNA
60482,19562411,19562509,98,mRNA
60483,19561340,19561795,455,mRNA
60484,19565414,19565469,55,CDS
60485,19564773,19565307,534,CDS
60486,19564186,19564692,506,CDS
60487,19563076,19564118,1042,CDS
60488,19562692,19563013,321,CDS
60489,19561577,19561795,218,CDS
60490,19565414,19565469,55,CDS
60491,19564773,19565307,534,CDS
60492,19564186,19564692,506,CDS
60493,19563076,19564118,1042,CDS
60494,19562692,19563013,321,CDS
60495,19562411,19562509,98,CDS
60496,19561577,19561795,218,CDS
60497,19564773,19565141,368,CDS
60498,19564186,19564692,506,CDS
60499,19563076,19564118,1042,CDS
60500,19562692,19563013,321,CDS
60501,19561577,19561795,218,CDS
60502,19564773,19565141,368,CDS
60503,19564186,19564692,506,CDS
60504,19563076,19564118,1042,CDS
60505,19562692,19563013,321,CDS
60506,19561577,19561795,218,CDS
60507,19564773,19565141,368,CDS
60508,19564186,19564692,506,CDS
60509,19563076,19564118,1042,CDS
60510,19562692,19563013,321,CDS
60511,19562411,19562509,98,CDS
60512,19561577,19561795,218,CDS
60513,19561837,19561931,94,gene
60514,19561837,19561931,94,precursor_RNA
60515,19561859,19561881,22,ncRNA
60516,19561896,19561916,20,ncRNA
60517,19565414,19565469,55,CDS
60518,19564773,19565307,534,CDS
60519,19564186,19564692,506,CDS
60520,19563076,19564118,1042,CDS
60521,19562653,19563013,360,CDS
60522,19566019,19569401,3382,gene
60523,19566019,19566126,107,mRNA
60524,19566215,19567784,1569,mRNA
60525,19567907,19569401,1494,mRNA
60526,19566019,19566126,107,mRNA
60527,19566215,19567784,1569,mRNA
60528,19567907,19569401,1494,mRNA
60529,19566183,19567784,1601,mRNA
60530,19567907,19569401,1494,mRNA
60531,19566342,19567784,1442,CDS
60532,19567907,19568383,476,CDS
60533,19566342,19567784,1442,CDS
60534,19567907,19568317,410,CDS
60535,19566342,19567784,1442,CDS
60536,19567907,19568317,410,CDS
60537,19569721,19579800,10079,gene
60538,19579398,19579800,402,mRNA
60539,19577265,19577594,329,mRNA
60540,19576695,19577199,504,mRNA
60541,19576039,19576395,356,mRNA
60542,19575358,19575969,611,mRNA
60543,19573291,19573464,173,mRNA
60544,19572866,19573228,362,mRNA
60545,19572678,19572800,122,mRNA
60546,19572497,19572613,116,mRNA
60547,19572252,19572425,173,mRNA
60548,19571966,19572187,221,mRNA
60549,19571775,19571893,118,mRNA
60550,19569721,19571704,1983,mRNA
60551,19573604,19573874,270,mRNA
60552,19573291,19573464,173,mRNA
60553,19572866,19573228,362,mRNA
60554,19572678,19572800,122,mRNA
60555,19572497,19572613,116,mRNA
60556,19572252,19572425,173,mRNA
60557,19571966,19572187,221,mRNA
60558,19571775,19571893,118,mRNA
60559,19570647,19571704,1057,mRNA
60560,19579748,19579800,52,mRNA
60561,19577265,19577594,329,mRNA
60562,19576695,19577199,504,mRNA
60563,19576039,19576395,356,mRNA
60564,19575358,19575969,611,mRNA
60565,19573291,19573464,173,mRNA
60566,19572866,19573228,362,mRNA
60567,19572678,19572800,122,mRNA
60568,19572497,19572613,116,mRNA
60569,19572252,19572425,173,mRNA
60570,19571966,19572187,221,mRNA
60571,19571775,19571893,118,mRNA
60572,19571169,19571704,535,mRNA
60573,19579398,19579800,402,mRNA
60574,19577265,19577594,329,mRNA
60575,19576695,19577199,504,mRNA
60576,19576039,19576395,356,mRNA
60577,19575358,19575969,611,mRNA
60578,19573291,19573464,173,mRNA
60579,19572866,19573228,362,mRNA
60580,19572678,19572800,122,mRNA
60581,19572497,19572613,116,mRNA
60582,19572252,19572425,173,mRNA
60583,19571966,19572187,221,mRNA
60584,19571775,19571893,118,mRNA
60585,19571169,19571704,535,mRNA
60586,19577902,19578502,600,mRNA
60587,19577265,19577594,329,mRNA
60588,19576695,19577199,504,mRNA
60589,19576039,19576392,353,mRNA
60590,19575358,19575969,611,mRNA
60591,19573291,19573464,173,mRNA
60592,19572866,19573228,362,mRNA
60593,19572678,19572800,122,mRNA
60594,19572497,19572613,116,mRNA
60595,19572252,19572425,173,mRNA
60596,19571966,19572187,221,mRNA
60597,19571775,19571893,118,mRNA
60598,19571169,19571704,535,mRNA
60599,19573604,19573874,270,mRNA
60600,19573291,19573464,173,mRNA
60601,19572866,19573228,362,mRNA
60602,19572678,19572800,122,mRNA
60603,19572497,19572613,116,mRNA
60604,19572252,19572425,173,mRNA
60605,19571966,19572187,221,mRNA
60606,19571775,19571893,118,mRNA
60607,19571169,19571704,535,mRNA
60608,19573291,19573874,583,mRNA
60609,19572866,19573228,362,mRNA
60610,19572678,19572800,122,mRNA
60611,19572497,19572613,116,mRNA
60612,19572252,19572425,173,mRNA
60613,19571966,19572187,221,mRNA
60614,19571775,19571893,118,mRNA
60615,19571169,19571704,535,mRNA
60616,19577265,19577494,229,CDS
60617,19576695,19577199,504,CDS
60618,19576039,19576392,353,CDS
60619,19575358,19575969,611,CDS
60620,19573291,19573464,173,CDS
60621,19572866,19573228,362,CDS
60622,19572678,19572800,122,CDS
60623,19572497,19572613,116,CDS
60624,19572252,19572425,173,CDS
60625,19571966,19572187,221,CDS
60626,19571775,19571893,118,CDS
60627,19571581,19571704,123,CDS
60628,19577265,19577494,229,CDS
60629,19576695,19577199,504,CDS
60630,19576039,19576395,356,CDS
60631,19575358,19575969,611,CDS
60632,19573291,19573464,173,CDS
60633,19572866,19573228,362,CDS
60634,19572678,19572800,122,CDS
60635,19572497,19572613,116,CDS
60636,19572252,19572425,173,CDS
60637,19571966,19572187,221,CDS
60638,19571775,19571893,118,CDS
60639,19571581,19571704,123,CDS
60640,19577265,19577494,229,CDS
60641,19576695,19577199,504,CDS
60642,19576039,19576395,356,CDS
60643,19575358,19575969,611,CDS
60644,19573291,19573464,173,CDS
60645,19572866,19573228,362,CDS
60646,19572678,19572800,122,CDS
60647,19572497,19572613,116,CDS
60648,19572252,19572425,173,CDS
60649,19571966,19572187,221,CDS
60650,19571775,19571893,118,CDS
60651,19571581,19571704,123,CDS
60652,19577265,19577494,229,CDS
60653,19576695,19577199,504,CDS
60654,19576039,19576395,356,CDS
60655,19575358,19575969,611,CDS
60656,19573291,19573464,173,CDS
60657,19572866,19573228,362,CDS
60658,19572678,19572800,122,CDS
60659,19572497,19572613,116,CDS
60660,19572252,19572425,173,CDS
60661,19571966,19572187,221,CDS
60662,19571775,19571893,118,CDS
60663,19571581,19571704,123,CDS
60664,19573604,19573666,62,CDS
60665,19573291,19573464,173,CDS
60666,19572866,19573228,362,CDS
60667,19572678,19572800,122,CDS
60668,19572497,19572613,116,CDS
60669,19572252,19572425,173,CDS
60670,19571966,19572187,221,CDS
60671,19571775,19571893,118,CDS
60672,19571581,19571704,123,CDS
60673,19573604,19573666,62,CDS
60674,19573291,19573464,173,CDS
60675,19572866,19573228,362,CDS
60676,19572678,19572800,122,CDS
60677,19572497,19572613,116,CDS
60678,19572252,19572425,173,CDS
60679,19571966,19572187,221,CDS
60680,19571775,19571893,118,CDS
60681,19571581,19571704,123,CDS
60682,19573291,19573458,167,CDS
60683,19572866,19573228,362,CDS
60684,19572678,19572800,122,CDS
60685,19572497,19572613,116,CDS
60686,19572252,19572425,173,CDS
60687,19571966,19572187,221,CDS
60688,19571775,19571893,118,CDS
60689,19571581,19571704,123,CDS
60690,19579398,19579800,402,mRNA
60691,19577265,19577594,329,mRNA
60692,19576695,19577199,504,mRNA
60693,19576039,19576395,356,mRNA
60694,19575358,19575969,611,mRNA
60695,19574438,19574974,536,mRNA
60696,19579398,19579740,342,mRNA
60697,19577265,19577594,329,mRNA
60698,19576695,19577199,504,mRNA
60699,19576039,19576395,356,mRNA
60700,19574785,19575969,1184,mRNA
60701,19577265,19577494,229,CDS
60702,19576695,19577199,504,CDS
60703,19576039,19576395,356,CDS
60704,19575358,19575969,611,CDS
60705,19574831,19574974,143,CDS
60706,19577265,19577494,229,CDS
60707,19576695,19577199,504,CDS
60708,19576039,19576395,356,CDS
60709,19575226,19575969,743,CDS
60710,19580350,19581981,1631,gene
60711,19581013,19581981,968,mRNA
60712,19580350,19580934,584,mRNA
60713,19580996,19581981,985,mRNA
60714,19580350,19580934,584,mRNA
60715,19580996,19581659,663,CDS
60716,19580546,19580934,388,CDS
60717,19581013,19581659,646,CDS
60718,19580922,19580934,12,CDS
60719,19583617,19587057,3440,gene
60720,19583617,19583939,322,mRNA
60721,19583999,19584371,372,mRNA
60722,19584430,19584503,73,mRNA
60723,19584577,19584892,315,mRNA
60724,19584957,19585173,216,mRNA
60725,19585465,19585646,181,mRNA
60726,19585705,19586176,471,mRNA
60727,19586247,19587057,810,mRNA
60728,19583617,19583939,322,mRNA
60729,19583999,19584371,372,mRNA
60730,19584430,19584503,73,mRNA
60731,19584577,19584892,315,mRNA
60732,19584957,19585173,216,mRNA
60733,19585465,19585646,181,mRNA
60734,19585705,19586176,471,mRNA
60735,19586247,19586590,343,mRNA
60736,19583642,19583939,297,CDS
60737,19583999,19584371,372,CDS
60738,19584430,19584503,73,CDS
60739,19584577,19584892,315,CDS
60740,19584957,19585173,216,CDS
60741,19585465,19585646,181,CDS
60742,19585705,19586176,471,CDS
60743,19586247,19586546,299,CDS
60744,19583642,19583939,297,CDS
60745,19583999,19584371,372,CDS
60746,19584430,19584503,73,CDS
60747,19584577,19584892,315,CDS
60748,19584957,19585173,216,CDS
60749,19585465,19585646,181,CDS
60750,19585705,19586176,471,CDS
60751,19586247,19586546,299,CDS
60752,19587242,19587299,57,mobile_element
60753,19587348,19590170,2822,gene
60754,19589753,19590170,417,mRNA
60755,19589331,19589685,354,mRNA
60756,19589180,19589253,73,mRNA
60757,19588922,19589124,202,mRNA
60758,19588751,19588863,112,mRNA
60759,19588455,19588671,216,mRNA
60760,19588223,19588395,172,mRNA
60761,19587712,19588162,450,mRNA
60762,19587348,19587651,303,mRNA
60763,19589753,19590071,318,CDS
60764,19589331,19589685,354,CDS
60765,19589180,19589253,73,CDS
60766,19588922,19589124,202,CDS
60767,19588751,19588863,112,CDS
60768,19588455,19588671,216,CDS
60769,19588223,19588395,172,CDS
60770,19587712,19588162,450,CDS
60771,19587382,19587651,269,CDS
60772,19592609,19595548,2939,gene
60773,19592609,19592968,359,mRNA
60774,19593040,19593394,354,mRNA
60775,19593465,19593538,73,mRNA
60776,19593603,19593805,202,mRNA
60777,19593877,19593989,112,mRNA
60778,19594081,19594297,216,mRNA
60779,19594365,19594537,172,mRNA
60780,19594641,19595106,465,mRNA
60781,19595172,19595548,376,mRNA
60782,19592647,19592968,321,CDS
60783,19593040,19593394,354,CDS
60784,19593465,19593538,73,CDS
60785,19593603,19593805,202,CDS
60786,19593877,19593989,112,CDS
60787,19594081,19594297,216,CDS
60788,19594365,19594537,172,CDS
60789,19594641,19595106,465,CDS
60790,19595172,19595390,218,CDS
60791,19596132,19596669,537,mobile_element
60792,19598031,19599806,1775,gene
60793,19598031,19598073,42,mRNA
60794,19598149,19598205,56,mRNA
60795,19598433,19599075,642,mRNA
60796,19598040,19598077,37,mRNA
60797,19598149,19598205,56,mRNA
60798,19598433,19599806,1373,mRNA
60799,19598040,19598205,165,mRNA
60800,19598433,19599075,642,mRNA
60801,19598425,19599075,650,mRNA
60802,19598434,19598916,482,CDS
60803,19598434,19598916,482,CDS
60804,19598434,19598916,482,CDS
60805,19598434,19598916,482,CDS
60806,19599803,19601851,2048,gene
60807,19601612,19601851,239,mRNA
60808,19601404,19601512,108,mRNA
60809,19600636,19601344,708,mRNA
60810,19599803,19600561,758,mRNA
60811,19601612,19601851,239,mRNA
60812,19601404,19601512,108,mRNA
60813,19600636,19601344,708,mRNA
60814,19600308,19600561,253,mRNA
60815,19601612,19601690,78,CDS
60816,19601404,19601512,108,CDS
60817,19600636,19601344,708,CDS
60818,19600475,19600561,86,CDS
60819,19601612,19601690,78,CDS
60820,19601404,19601512,108,CDS
60821,19600636,19601344,708,CDS
60822,19600475,19600561,86,CDS
60823,19605199,19611413,6214,gene
60824,19605199,19605682,483,mRNA
60825,19610381,19610462,81,mRNA
60826,19610528,19610623,95,mRNA
60827,19610696,19611413,717,mRNA
60828,19605199,19605682,483,mRNA
60829,19609463,19609489,26,mRNA
60830,19610381,19610462,81,mRNA
60831,19610528,19610623,95,mRNA
60832,19610696,19611273,577,mRNA
60833,19605199,19605682,483,mRNA
60834,19610381,19610462,81,mRNA
60835,19610528,19610623,95,mRNA
60836,19610696,19611273,577,mRNA
60837,19605504,19605682,178,CDS
60838,19609463,19609489,26,CDS
60839,19610381,19610462,81,CDS
60840,19610528,19610623,95,CDS
60841,19610696,19610890,194,CDS
60842,19605504,19605682,178,CDS
60843,19610381,19610462,81,CDS
60844,19610528,19610623,95,CDS
60845,19610696,19610890,194,CDS
60846,19605504,19605682,178,CDS
60847,19610381,19610462,81,CDS
60848,19610528,19610623,95,CDS
60849,19610696,19610890,194,CDS
60850,19610138,19610254,116,mRNA
60851,19610381,19610462,81,mRNA
60852,19610528,19610623,95,mRNA
60853,19610696,19611153,457,mRNA
60854,19610163,19610254,91,CDS
60855,19610381,19610462,81,CDS
60856,19610528,19610623,95,CDS
60857,19610696,19610890,194,CDS
60858,19611526,19615617,4091,gene
60859,19611526,19615617,4091,gene
60860,19611526,19611943,417,mRNA
60861,19612012,19612199,187,mRNA
60862,19612288,19612885,597,mRNA
60863,19612965,19613307,342,mRNA
60864,19613632,19614143,511,mRNA
60865,19614213,19614382,169,mRNA
60866,19614442,19614951,509,mRNA
60867,19615024,19615105,81,mRNA
60868,19615184,19615617,433,mRNA
60869,19611526,19611943,417,mRNA
60870,19612012,19612199,187,mRNA
60871,19612288,19612885,597,mRNA
60872,19612965,19613307,342,mRNA
60873,19613632,19614143,511,mRNA
60874,19614213,19614382,169,mRNA
60875,19614442,19614951,509,mRNA
60876,19615024,19615105,81,mRNA
60877,19615184,19615617,433,mRNA
60878,19611526,19611943,417,mRNA
60879,19612012,19612199,187,mRNA
60880,19612288,19612875,587,mRNA
60881,19612965,19613307,342,mRNA
60882,19613913,19614143,230,mRNA
60883,19614213,19614382,169,mRNA
60884,19614442,19614951,509,mRNA
60885,19615024,19615105,81,mRNA
60886,19615184,19615617,433,mRNA
60887,19611526,19611943,417,mRNA
60888,19612012,19612199,187,mRNA
60889,19612288,19612875,587,mRNA
60890,19612965,19613307,342,mRNA
60891,19613913,19614143,230,mRNA
60892,19614213,19614382,169,mRNA
60893,19614442,19614951,509,mRNA
60894,19615024,19615105,81,mRNA
60895,19615184,19615617,433,mRNA
60896,19611526,19611943,417,mRNA
60897,19612012,19612199,187,mRNA
60898,19612288,19613307,1019,mRNA
60899,19613913,19614143,230,mRNA
60900,19614213,19614382,169,mRNA
60901,19614442,19614951,509,mRNA
60902,19615024,19615105,81,mRNA
60903,19615184,19615596,412,mRNA
60904,19611526,19611943,417,mRNA
60905,19612012,19612199,187,mRNA
60906,19612288,19613307,1019,mRNA
60907,19613913,19614143,230,mRNA
60908,19614213,19614382,169,mRNA
60909,19614442,19614951,509,mRNA
60910,19615024,19615105,81,mRNA
60911,19615184,19615596,412,mRNA
60912,19611757,19611943,186,CDS
60913,19612012,19612199,187,CDS
60914,19612288,19612875,587,CDS
60915,19612965,19613307,342,CDS
60916,19613913,19613932,19,CDS
60917,19611757,19611943,186,CDS
60918,19612012,19612199,187,CDS
60919,19612288,19612885,597,CDS
60920,19612965,19612993,28,CDS
60921,19611757,19611943,186,CDS
60922,19612012,19612199,187,CDS
60923,19612288,19612920,632,CDS
60924,19613722,19614143,421,mRNA
60925,19614213,19614382,169,mRNA
60926,19614442,19614951,509,mRNA
60927,19615024,19615105,81,mRNA
60928,19615184,19615617,433,mRNA
60929,19613975,19614143,168,CDS
60930,19614213,19614382,169,CDS
60931,19614442,19614951,509,CDS
60932,19615024,19615105,81,CDS
60933,19615184,19615416,232,CDS
60934,19613975,19614143,168,CDS
60935,19614213,19614382,169,CDS
60936,19614442,19614951,509,CDS
60937,19615024,19615105,81,CDS
60938,19615184,19615416,232,CDS
60939,19613975,19614143,168,CDS
60940,19614213,19614382,169,CDS
60941,19614442,19614951,509,CDS
60942,19615024,19615105,81,CDS
60943,19615184,19615416,232,CDS
60944,19613975,19614143,168,CDS
60945,19614213,19614382,169,CDS
60946,19614442,19614951,509,CDS
60947,19615024,19615105,81,CDS
60948,19615184,19615416,232,CDS
60949,19616196,19616825,629,gene
60950,19616196,19616406,210,mRNA
60951,19616470,19616825,355,mRNA
60952,19616196,19616406,210,mRNA
60953,19616470,19616817,347,mRNA
60954,19616276,19616406,130,CDS
60955,19616470,19616761,291,CDS
60956,19616276,19616406,130,CDS
60957,19616470,19616761,291,CDS
60958,19616663,19618537,1874,gene
60959,19616663,19618537,1874,gene
60960,19618405,19618537,132,mRNA
60961,19618250,19618295,45,mRNA
60962,19616663,19618187,1524,mRNA
60963,19618405,19618537,132,mRNA
60964,19618250,19618345,95,mRNA
60965,19616663,19618187,1524,mRNA
60966,19618405,19618537,132,mRNA
60967,19618250,19618345,95,mRNA
60968,19616663,19618187,1524,mRNA
60969,19618405,19618537,132,mRNA
60970,19618250,19618345,95,mRNA
60971,19616831,19618187,1356,mRNA
60972,19618405,19618537,132,mRNA
60973,19618250,19618345,95,mRNA
60974,19616831,19618187,1356,mRNA
60975,19616910,19617788,878,CDS
60976,19616910,19617788,878,CDS
60977,19616910,19617788,878,CDS
60978,19618405,19618425,20,CDS
60979,19618250,19618345,95,CDS
60980,19617951,19618187,236,CDS
60981,19618405,19618425,20,CDS
60982,19618250,19618345,95,CDS
60983,19617951,19618187,236,CDS
60984,19618819,19621245,2426,gene
60985,19621028,19621245,217,mRNA
60986,19620854,19620957,103,mRNA
60987,19620712,19620783,71,mRNA
60988,19619994,19620633,639,mRNA
60989,19619475,19619925,450,mRNA
60990,19619184,19619391,207,mRNA
60991,19618819,19619123,304,mRNA
60992,19620854,19621118,264,mRNA
60993,19620712,19620783,71,mRNA
60994,19619994,19620633,639,mRNA
60995,19619475,19619925,450,mRNA
60996,19619184,19619391,207,mRNA
60997,19618819,19619123,304,mRNA
60998,19621028,19621118,90,CDS
60999,19620854,19620957,103,CDS
61000,19620712,19620783,71,CDS
61001,19619994,19620633,639,CDS
61002,19619475,19619925,450,CDS
61003,19619184,19619391,207,CDS
61004,19618929,19619123,194,CDS
61005,19620854,19620916,62,CDS
61006,19620712,19620783,71,CDS
61007,19619994,19620633,639,CDS
61008,19619475,19619925,450,CDS
61009,19619184,19619391,207,CDS
61010,19618929,19619123,194,CDS
61011,19621451,19623074,1623,gene
61012,19622913,19623074,161,mRNA
61013,19622729,19622844,115,mRNA
61014,19622537,19622666,129,mRNA
61015,19622335,19622471,136,mRNA
61016,19622203,19622264,61,mRNA
61017,19621451,19621650,199,mRNA
61018,19622913,19623074,161,mRNA
61019,19622729,19622844,115,mRNA
61020,19622537,19622666,129,mRNA
61021,19622335,19622471,136,mRNA
61022,19621777,19622264,487,mRNA
61023,19621451,19621650,199,mRNA
61024,19622913,19623074,161,mRNA
61025,19622729,19622844,115,mRNA
61026,19622537,19622666,129,mRNA
61027,19622335,19622471,136,mRNA
61028,19621777,19622264,487,mRNA
61029,19621451,19621664,213,mRNA
61030,19622913,19623074,161,mRNA
61031,19622729,19622844,115,mRNA
61032,19622537,19622666,129,mRNA
61033,19622335,19622471,136,mRNA
61034,19621768,19622264,496,mRNA
61035,19621451,19621650,199,mRNA
61036,19622913,19622965,52,CDS
61037,19622729,19622844,115,CDS
61038,19622537,19622666,129,CDS
61039,19622335,19622471,136,CDS
61040,19622203,19622264,61,CDS
61041,19621606,19621650,44,CDS
61042,19622913,19622965,52,CDS
61043,19622729,19622844,115,CDS
61044,19622537,19622666,129,CDS
61045,19622335,19622471,136,CDS
61046,19622173,19622264,91,CDS
61047,19622913,19622965,52,CDS
61048,19622729,19622844,115,CDS
61049,19622537,19622666,129,CDS
61050,19622335,19622471,136,CDS
61051,19622173,19622264,91,CDS
61052,19622913,19622965,52,CDS
61053,19622729,19622844,115,CDS
61054,19622537,19622666,129,CDS
61055,19622335,19622471,136,CDS
61056,19622173,19622264,91,CDS
61057,19623114,19625729,2615,gene
61058,19623114,19623354,240,mRNA
61059,19623417,19623548,131,mRNA
61060,19623615,19623714,99,mRNA
61061,19623780,19624462,682,mRNA
61062,19624528,19625729,1201,mRNA
61063,19623127,19623354,227,mRNA
61064,19623417,19623548,131,mRNA
61065,19623615,19623714,99,mRNA
61066,19623780,19624462,682,mRNA
61067,19624528,19625199,671,mRNA
61068,19623210,19623354,144,CDS
61069,19623417,19623548,131,CDS
61070,19623615,19623714,99,CDS
61071,19623780,19624462,682,CDS
61072,19624528,19624631,103,CDS
61073,19623210,19623354,144,CDS
61074,19623417,19623548,131,CDS
61075,19623615,19623714,99,CDS
61076,19623780,19624462,682,CDS
61077,19624528,19624631,103,CDS
61078,19625705,19626601,896,gene
61079,19625705,19626601,896,mRNA
61080,19625738,19626526,788,CDS
61081,19626548,19638369,11821,gene
61082,19638190,19638369,179,mRNA
61083,19634134,19636469,2335,mRNA
61084,19632970,19634071,1101,mRNA
61085,19632637,19632905,268,mRNA
61086,19630966,19631066,100,mRNA
61087,19630745,19630900,155,mRNA
61088,19630237,19630686,449,mRNA
61089,19629874,19630149,275,mRNA
61090,19629516,19629813,297,mRNA
61091,19629150,19629360,210,mRNA
61092,19628903,19629091,188,mRNA
61093,19626548,19628763,2215,mRNA
61094,19638190,19638369,179,mRNA
61095,19637618,19637813,195,mRNA
61096,19634134,19636439,2305,mRNA
61097,19632970,19634071,1101,mRNA
61098,19632637,19632905,268,mRNA
61099,19630966,19631066,100,mRNA
61100,19630745,19630900,155,mRNA
61101,19630237,19630686,449,mRNA
61102,19629874,19630149,275,mRNA
61103,19629516,19629813,297,mRNA
61104,19629150,19629360,210,mRNA
61105,19628903,19629091,188,mRNA
61106,19627967,19628763,796,mRNA
61107,19637618,19638369,751,mRNA
61108,19634134,19636469,2335,mRNA
61109,19632970,19634071,1101,mRNA
61110,19632637,19632905,268,mRNA
61111,19630966,19631066,100,mRNA
61112,19630745,19630900,155,mRNA
61113,19630237,19630686,449,mRNA
61114,19629874,19630149,275,mRNA
61115,19629516,19629813,297,mRNA
61116,19629150,19629360,210,mRNA
61117,19628903,19629091,188,mRNA
61118,19627967,19628763,796,mRNA
61119,19637373,19638369,996,mRNA
61120,19634134,19636469,2335,mRNA
61121,19632970,19634071,1101,mRNA
61122,19632637,19632923,286,mRNA
61123,19630966,19631066,100,mRNA
61124,19630745,19630900,155,mRNA
61125,19630237,19630686,449,mRNA
61126,19629874,19630149,275,mRNA
61127,19629516,19629813,297,mRNA
61128,19629150,19629360,210,mRNA
61129,19628903,19629091,188,mRNA
61130,19627967,19628763,796,mRNA
61131,19636852,19638369,1517,mRNA
61132,19634134,19636469,2335,mRNA
61133,19632970,19634086,1116,mRNA
61134,19632637,19632905,268,mRNA
61135,19630966,19631066,100,mRNA
61136,19630745,19630900,155,mRNA
61137,19630237,19630686,449,mRNA
61138,19629874,19630149,275,mRNA
61139,19629516,19629813,297,mRNA
61140,19629150,19629360,210,mRNA
61141,19628903,19629091,188,mRNA
61142,19627967,19628763,796,mRNA
61143,19634134,19636437,2303,CDS
61144,19632970,19634071,1101,CDS
61145,19632637,19632905,268,CDS
61146,19630966,19631066,100,CDS
61147,19630745,19630900,155,CDS
61148,19630237,19630686,449,CDS
61149,19629874,19630149,275,CDS
61150,19629516,19629813,297,CDS
61151,19629150,19629360,210,CDS
61152,19628903,19629091,188,CDS
61153,19628099,19628763,664,CDS
61154,19634134,19636437,2303,CDS
61155,19632970,19634071,1101,CDS
61156,19632637,19632905,268,CDS
61157,19630966,19631066,100,CDS
61158,19630745,19630900,155,CDS
61159,19630237,19630686,449,CDS
61160,19629874,19630149,275,CDS
61161,19629516,19629813,297,CDS
61162,19629150,19629360,210,CDS
61163,19628903,19629091,188,CDS
61164,19628099,19628763,664,CDS
61165,19634134,19636437,2303,CDS
61166,19632970,19634071,1101,CDS
61167,19632637,19632905,268,CDS
61168,19630966,19631066,100,CDS
61169,19630745,19630900,155,CDS
61170,19630237,19630686,449,CDS
61171,19629874,19630149,275,CDS
61172,19629516,19629813,297,CDS
61173,19629150,19629360,210,CDS
61174,19628903,19629091,188,CDS
61175,19628099,19628763,664,CDS
61176,19634134,19636437,2303,CDS
61177,19632970,19634071,1101,CDS
61178,19632637,19632923,286,CDS
61179,19630966,19631066,100,CDS
61180,19630745,19630900,155,CDS
61181,19630237,19630686,449,CDS
61182,19629874,19630149,275,CDS
61183,19629516,19629813,297,CDS
61184,19629150,19629360,210,CDS
61185,19628903,19629091,188,CDS
61186,19628099,19628763,664,CDS
61187,19634134,19636437,2303,CDS
61188,19632970,19634086,1116,CDS
61189,19632637,19632905,268,CDS
61190,19630966,19631066,100,CDS
61191,19630745,19630900,155,CDS
61192,19630237,19630686,449,CDS
61193,19629874,19630149,275,CDS
61194,19629516,19629813,297,CDS
61195,19629150,19629360,210,CDS
61196,19628903,19629091,188,CDS
61197,19628099,19628763,664,CDS
61198,19638767,19640746,1979,gene
61199,19638767,19639393,626,mRNA
61200,19639455,19639820,365,mRNA
61201,19639896,19640090,194,mRNA
61202,19640148,19640239,91,mRNA
61203,19640302,19640746,444,mRNA
61204,19638889,19639393,504,mRNA
61205,19639446,19639820,374,mRNA
61206,19639896,19640090,194,mRNA
61207,19640148,19640239,91,mRNA
61208,19640302,19640746,444,mRNA
61209,19638889,19639076,187,mRNA
61210,19639145,19639393,248,mRNA
61211,19639446,19639820,374,mRNA
61212,19639896,19640090,194,mRNA
61213,19640148,19640239,91,mRNA
61214,19640302,19640746,444,mRNA
61215,19639310,19639393,83,CDS
61216,19639446,19639820,374,CDS
61217,19639896,19640090,194,CDS
61218,19640148,19640239,91,CDS
61219,19640302,19640470,168,CDS
61220,19639310,19639393,83,CDS
61221,19639446,19639820,374,CDS
61222,19639896,19640090,194,CDS
61223,19640148,19640239,91,CDS
61224,19640302,19640470,168,CDS
61225,19639310,19639393,83,CDS
61226,19639455,19639820,365,CDS
61227,19639896,19640090,194,CDS
61228,19640148,19640239,91,CDS
61229,19640302,19640470,168,CDS
61230,19641191,19642869,1678,gene
61231,19641191,19642869,1678,mRNA
61232,19641777,19642697,920,CDS
61233,19643327,19644518,1191,gene
61234,19643327,19643464,137,mRNA
61235,19643865,19644518,653,mRNA
61236,19643327,19643464,137,mRNA
61237,19643865,19644395,530,mRNA
61238,19643859,19644395,536,mRNA
61239,19643887,19644093,206,CDS
61240,19643887,19644093,206,CDS
61241,19643887,19644093,206,CDS
61242,19644531,19646176,1645,gene
61243,19645846,19646176,330,mRNA
61244,19645633,19645785,152,mRNA
61245,19644531,19645582,1051,mRNA
61246,19645846,19646014,168,mRNA
61247,19645633,19645785,152,mRNA
61248,19644531,19645582,1051,mRNA
61249,19645846,19645916,70,CDS
61250,19645633,19645785,152,CDS
61251,19644670,19645582,912,CDS
61252,19645846,19645916,70,CDS
61253,19645633,19645785,152,CDS
61254,19644670,19645582,912,CDS
61255,19646306,19652269,5963,gene
61256,19651403,19652269,866,mRNA
61257,19646306,19651317,5011,mRNA
61258,19651403,19651863,460,mRNA
61259,19646589,19651317,4728,mRNA
61260,19647575,19651300,3725,CDS
61261,19647575,19651300,3725,CDS
61262,19652305,19659407,7102,gene
61263,19652305,19652558,253,mRNA
61264,19652627,19653262,635,mRNA
61265,19653322,19653638,316,mRNA
61266,19653693,19654056,363,mRNA
61267,19654126,19654316,190,mRNA
61268,19654452,19655228,776,mRNA
61269,19655298,19659407,4109,mRNA
61270,19652440,19652558,118,mRNA
61271,19652627,19653262,635,mRNA
61272,19653322,19653638,316,mRNA
61273,19653693,19654056,363,mRNA
61274,19654126,19654316,190,mRNA
61275,19654452,19655228,776,mRNA
61276,19655298,19659407,4109,mRNA
61277,19652456,19652558,102,CDS
61278,19652627,19653262,635,CDS
61279,19653322,19653638,316,CDS
61280,19653693,19654056,363,CDS
61281,19654126,19654316,190,CDS
61282,19654452,19655228,776,CDS
61283,19655298,19659245,3947,CDS
61284,19652456,19652558,102,CDS
61285,19652627,19653262,635,CDS
61286,19653322,19653638,316,CDS
61287,19653693,19654056,363,CDS
61288,19654126,19654316,190,CDS
61289,19654452,19655228,776,CDS
61290,19655298,19659245,3947,CDS
61291,19659442,19663971,4529,gene
61292,19663619,19663971,352,mRNA
61293,19660664,19661608,944,mRNA
61294,19659442,19660598,1156,mRNA
61295,19662669,19663367,698,mRNA
61296,19660664,19661608,944,mRNA
61297,19659442,19660598,1156,mRNA
61298,19662004,19662293,289,mRNA
61299,19660664,19661608,944,mRNA
61300,19659442,19660598,1156,mRNA
61301,19660664,19661522,858,CDS
61302,19659712,19660598,886,CDS
61303,19660664,19661522,858,CDS
61304,19659712,19660598,886,CDS
61305,19660664,19661522,858,CDS
61306,19659712,19660598,886,CDS
61307,19664561,19666866,2305,gene
61308,19664561,19664872,311,mRNA
61309,19664935,19665193,258,mRNA
61310,19665252,19666866,1614,mRNA
61311,19664561,19664869,308,mRNA
61312,19664935,19665193,258,mRNA
61313,19665252,19666866,1614,mRNA
61314,19664561,19664872,311,mRNA
61315,19664935,19665193,258,mRNA
61316,19665252,19666048,796,mRNA
61317,19664646,19664872,226,CDS
61318,19664935,19665193,258,CDS
61319,19665252,19665353,101,CDS
61320,19664646,19664872,226,CDS
61321,19664935,19665193,258,CDS
61322,19665252,19665353,101,CDS
61323,19664646,19664869,223,CDS
61324,19664935,19665193,258,CDS
61325,19665252,19665353,101,CDS
61326,19666231,19666846,615,mobile_element
61327,19667018,19667746,728,gene
61328,19667018,19667746,728,ncRNA
61329,19667252,19672353,5101,gene
61330,19667252,19667620,368,mRNA
61331,19670484,19670743,259,mRNA
61332,19670806,19671023,217,mRNA
61333,19671109,19672353,1244,mRNA
61334,19667602,19667620,18,CDS
61335,19670484,19670743,259,CDS
61336,19670806,19671023,217,CDS
61337,19671109,19672186,1077,CDS
61338,19669722,19670067,345,mRNA
61339,19670484,19670743,259,mRNA
61340,19670806,19671023,217,mRNA
61341,19671109,19672353,1244,mRNA
61342,19670340,19670413,73,mRNA
61343,19670484,19670743,259,mRNA
61344,19670806,19671023,217,mRNA
61345,19671109,19672353,1244,mRNA
61346,19670531,19670743,212,CDS
61347,19670806,19671023,217,CDS
61348,19671109,19672186,1077,CDS
61349,19670531,19670743,212,CDS
61350,19670806,19671023,217,CDS
61351,19671109,19672186,1077,CDS
61352,19672312,19675891,3579,gene
61353,19675847,19675891,44,mRNA
61354,19674505,19675668,1163,mRNA
61355,19672312,19673470,1158,mRNA
61356,19675804,19675891,87,mRNA
61357,19674511,19675668,1157,mRNA
61358,19672312,19673470,1158,mRNA
61359,19674511,19675607,1096,CDS
61360,19672636,19673470,834,CDS
61361,19674505,19675607,1102,CDS
61362,19672636,19673470,834,CDS
61363,19673713,19674072,359,mobile_element
61364,19676061,19683518,7457,gene
61365,19681832,19683518,1686,mRNA
61366,19678264,19679330,1066,mRNA
61367,19676061,19678181,2120,mRNA
61368,19681832,19682970,1138,CDS
61369,19678264,19679330,1066,CDS
61370,19676539,19678181,1642,CDS
61371,19683808,19687658,3850,gene
61372,19683808,19684096,288,mRNA
61373,19684440,19685910,1470,mRNA
61374,19685990,19687658,1668,mRNA
61375,19683808,19684096,288,mRNA
61376,19684440,19685910,1470,mRNA
61377,19685990,19687240,1250,mRNA
61378,19684001,19684096,95,CDS
61379,19684440,19685910,1470,CDS
61380,19685990,19686066,76,CDS
61381,19684001,19684096,95,CDS
61382,19684440,19685910,1470,CDS
61383,19685990,19686066,76,CDS
61384,19687791,19688948,1157,gene
61385,19688694,19688948,254,mRNA
61386,19688583,19688625,42,mRNA
61387,19688332,19688516,184,mRNA
61388,19687791,19688263,472,mRNA
61389,19688694,19688925,231,CDS
61390,19688583,19688625,42,CDS
61391,19688332,19688516,184,CDS
61392,19687863,19688263,400,CDS
61393,19689697,19693500,3803,gene
61394,19693436,19693500,64,mRNA
61395,19692301,19693249,948,mRNA
61396,19692032,19692241,209,mRNA
61397,19691698,19691934,236,mRNA
61398,19689697,19691635,1938,mRNA
61399,19693436,19693500,64,mRNA
61400,19692301,19693249,948,mRNA
61401,19692032,19692241,209,mRNA
61402,19691698,19691934,236,mRNA
61403,19690594,19691635,1041,mRNA
61404,19692301,19692957,656,CDS
61405,19692032,19692241,209,CDS
61406,19691698,19691934,236,CDS
61407,19690832,19691635,803,CDS
61408,19692301,19692957,656,CDS
61409,19692032,19692241,209,CDS
61410,19691698,19691934,236,CDS
61411,19690832,19691635,803,CDS
61412,19693977,19695250,1273,gene
61413,19694929,19695058,129,mRNA
61414,19693977,19694864,887,mRNA
61415,19694929,19695250,321,mRNA
61416,19694198,19694864,666,mRNA
61417,19694929,19695058,129,mRNA
61418,19694198,19694864,666,mRNA
61419,19694929,19694951,22,CDS
61420,19694567,19694864,297,CDS
61421,19694929,19694951,22,CDS
61422,19694567,19694864,297,CDS
61423,19694929,19694951,22,CDS
61424,19694567,19694864,297,CDS
61425,19695320,19696943,1623,mobile_element
61426,19697091,19699938,2847,gene
61427,19697091,19697225,134,mRNA
61428,19697935,19698245,310,mRNA
61429,19698307,19699938,1631,mRNA
61430,19697091,19697152,61,mRNA
61431,19697935,19698245,310,mRNA
61432,19698307,19699938,1631,mRNA
61433,19697091,19697225,134,mRNA
61434,19697935,19698245,310,mRNA
61435,19698307,19699252,945,mRNA
61436,19697958,19698245,287,CDS
61437,19698307,19698594,287,CDS
61438,19697958,19698245,287,CDS
61439,19698307,19698594,287,CDS
61440,19697958,19698245,287,CDS
61441,19698307,19698594,287,CDS
61442,19699820,19701755,1935,gene
61443,19701544,19701755,211,mRNA
61444,19699820,19701488,1668,mRNA
61445,19701544,19701755,211,mRNA
61446,19700073,19701488,1415,mRNA
61447,19701544,19701728,184,CDS
61448,19700444,19701488,1044,CDS
61449,19701544,19701728,184,CDS
61450,19700444,19701488,1044,CDS
61451,19701927,19704259,2332,gene
61452,19703889,19704153,264,mRNA
61453,19703403,19703830,427,mRNA
61454,19702733,19703197,464,mRNA
61455,19701927,19702673,746,mRNA
61456,19704139,19704259,120,mRNA
61457,19703889,19704062,173,mRNA
61458,19703403,19703830,427,mRNA
61459,19702733,19703197,464,mRNA
61460,19701988,19702673,685,mRNA
61461,19703889,19704018,129,CDS
61462,19703403,19703830,427,CDS
61463,19702733,19703197,464,CDS
61464,19702254,19702673,419,CDS
61465,19703889,19704018,129,CDS
61466,19703403,19703830,427,CDS
61467,19702733,19703197,464,CDS
61468,19702254,19702673,419,CDS
61469,19704176,19706417,2241,gene
61470,19704176,19704588,412,mRNA
61471,19704650,19704939,289,mRNA
61472,19705006,19706113,1107,mRNA
61473,19706176,19706417,241,mRNA
61474,19704411,19704588,177,CDS
61475,19704650,19704939,289,CDS
61476,19705006,19706113,1107,CDS
61477,19706176,19706342,166,CDS
61478,19706418,19713045,6627,gene
61479,19712962,19713045,83,mRNA
61480,19711945,19712267,322,mRNA
61481,19708152,19709149,997,mRNA
61482,19707536,19707604,68,mRNA
61483,19706418,19707464,1046,mRNA
61484,19712962,19713045,83,mRNA
61485,19712474,19712540,66,mRNA
61486,19711945,19712267,322,mRNA
61487,19708152,19709149,997,mRNA
61488,19707536,19707604,68,mRNA
61489,19706418,19707464,1046,mRNA
61490,19712864,19713045,181,mRNA
61491,19711945,19712267,322,mRNA
61492,19708152,19709149,997,mRNA
61493,19707536,19707604,68,mRNA
61494,19706418,19707464,1046,mRNA
61495,19712387,19713045,658,mRNA
61496,19711945,19712267,322,mRNA
61497,19708152,19709149,997,mRNA
61498,19707536,19707604,68,mRNA
61499,19706418,19707464,1046,mRNA
61500,19711945,19711947,2,CDS
61501,19708152,19709149,997,CDS
61502,19707536,19707604,68,CDS
61503,19706873,19707464,591,CDS
61504,19711945,19711947,2,CDS
61505,19708152,19709149,997,CDS
61506,19707536,19707604,68,CDS
61507,19706873,19707464,591,CDS
61508,19711945,19711947,2,CDS
61509,19708152,19709149,997,CDS
61510,19707536,19707604,68,CDS
61511,19706873,19707464,591,CDS
61512,19711945,19711947,2,CDS
61513,19708152,19709149,997,CDS
61514,19707536,19707604,68,CDS
61515,19706873,19707464,591,CDS
61516,19710126,19711856,1730,mobile_element
61517,19712934,19713821,887,gene
61518,19712934,19713296,362,ncRNA
61519,19713353,19713821,468,ncRNA
61520,19718923,19730199,11276,gene
61521,19718923,19719770,847,mRNA
61522,19722712,19722837,125,mRNA
61523,19722903,19723056,153,mRNA
61524,19723283,19723414,131,mRNA
61525,19723484,19723582,98,mRNA
61526,19723656,19723864,208,mRNA
61527,19723968,19724139,171,mRNA
61528,19724418,19724601,183,mRNA
61529,19724673,19725265,592,mRNA
61530,19725470,19725635,165,mRNA
61531,19725714,19725924,210,mRNA
61532,19726004,19726100,96,mRNA
61533,19726427,19730199,3772,mRNA
61534,19718923,19719770,847,mRNA
61535,19722712,19722837,125,mRNA
61536,19722903,19723056,153,mRNA
61537,19723283,19723414,131,mRNA
61538,19723484,19723582,98,mRNA
61539,19723656,19723864,208,mRNA
61540,19723968,19724139,171,mRNA
61541,19724418,19724601,183,mRNA
61542,19724673,19725265,592,mRNA
61543,19725470,19725635,165,mRNA
61544,19725714,19725924,210,mRNA
61545,19726004,19726100,96,mRNA
61546,19726430,19730199,3769,mRNA
61547,19719735,19719770,35,CDS
61548,19722712,19722837,125,CDS
61549,19722903,19723056,153,CDS
61550,19723283,19723414,131,CDS
61551,19723484,19723582,98,CDS
61552,19723656,19723864,208,CDS
61553,19723968,19724139,171,CDS
61554,19724418,19724601,183,CDS
61555,19724673,19725265,592,CDS
61556,19725470,19725635,165,CDS
61557,19725714,19725924,210,CDS
61558,19726004,19726100,96,CDS
61559,19726427,19726686,259,CDS
61560,19719735,19719770,35,CDS
61561,19722712,19722837,125,CDS
61562,19722903,19723056,153,CDS
61563,19723283,19723414,131,CDS
61564,19723484,19723582,98,CDS
61565,19723656,19723864,208,CDS
61566,19723968,19724139,171,CDS
61567,19724418,19724601,183,CDS
61568,19724673,19725265,592,CDS
61569,19725470,19725635,165,CDS
61570,19725714,19725924,210,CDS
61571,19726004,19726100,96,CDS
61572,19726430,19726686,256,CDS
61573,19731004,19734581,3577,gene
61574,19731004,19731089,85,mRNA
61575,19731375,19732824,1449,mRNA
61576,19732890,19734581,1691,mRNA
61577,19731400,19732824,1424,CDS
61578,19732890,19734230,1340,CDS
61579,19735570,19740456,4886,gene
61580,19735570,19736075,505,mRNA
61581,19736996,19737361,365,mRNA
61582,19737424,19737588,164,mRNA
61583,19737702,19738043,341,mRNA
61584,19738198,19740456,2258,mRNA
61585,19735570,19736075,505,mRNA
61586,19736996,19737361,365,mRNA
61587,19737424,19737588,164,mRNA
61588,19737702,19738043,341,mRNA
61589,19738198,19740456,2258,mRNA
61590,19735570,19736075,505,mRNA
61591,19736996,19737361,365,mRNA
61592,19737424,19737588,164,mRNA
61593,19737702,19738043,341,mRNA
61594,19738198,19740456,2258,mRNA
61595,19735989,19736075,86,CDS
61596,19736996,19737361,365,CDS
61597,19737424,19737588,164,CDS
61598,19737702,19738043,341,CDS
61599,19738198,19738419,221,CDS
61600,19735989,19736075,86,CDS
61601,19736996,19737361,365,CDS
61602,19737424,19737588,164,CDS
61603,19737702,19738043,341,CDS
61604,19738198,19738407,209,CDS
61605,19735989,19736075,86,CDS
61606,19736996,19737361,365,CDS
61607,19737424,19737588,164,CDS
61608,19737702,19738043,341,CDS
61609,19738198,19738383,185,CDS
61610,19740537,19744335,3798,gene
61611,19744262,19744335,73,mRNA
61612,19740537,19741168,631,mRNA
61613,19744262,19744335,73,mRNA
61614,19740537,19741202,665,mRNA
61615,19744000,19744048,48,mRNA
61616,19740537,19741165,628,mRNA
61617,19744262,19744335,73,mRNA
61618,19740686,19741165,479,mRNA
61619,19740907,19741197,290,CDS
61620,19740907,19741140,233,CDS
61621,19740907,19741140,233,CDS
61622,19740907,19741140,233,CDS
61623,19741224,19744335,3111,gene
61624,19744262,19744335,73,mRNA
61625,19743444,19743706,262,mRNA
61626,19741224,19742892,1668,mRNA
61627,19744262,19744335,73,mRNA
61628,19743444,19743706,262,mRNA
61629,19741224,19742905,1681,mRNA
61630,19744262,19744335,73,mRNA
61631,19741224,19743706,2482,mRNA
61632,19742955,19743068,113,mRNA
61633,19741224,19742892,1668,mRNA
61634,19741780,19742868,1088,CDS
61635,19741780,19742868,1088,CDS
61636,19741780,19742868,1088,CDS
61637,19741780,19742868,1088,CDS
61638,19744431,19745898,1467,gene
61639,19744431,19745898,1467,gene
61640,19744431,19744681,250,mRNA
61641,19744755,19745898,1143,mRNA
61642,19744431,19744681,250,mRNA
61643,19744755,19745898,1143,mRNA
61644,19744431,19744681,250,mRNA
61645,19744755,19745747,992,mRNA
61646,19744431,19744681,250,mRNA
61647,19744755,19745747,992,mRNA
61648,19744529,19744681,152,CDS
61649,19744755,19745105,350,CDS
61650,19744529,19744681,152,CDS
61651,19744755,19745105,350,CDS
61652,19745107,19745553,446,CDS
61653,19745107,19745553,446,CDS
61654,19745936,19746487,551,gene
61655,19745936,19746487,551,ncRNA
61656,19746041,19748458,2417,gene
61657,19746041,19746309,268,mRNA
61658,19746642,19746731,89,mRNA
61659,19746811,19747082,271,mRNA
61660,19747250,19748458,1208,mRNA
61661,19746080,19746309,229,mRNA
61662,19746642,19746731,89,mRNA
61663,19746811,19747082,271,mRNA
61664,19747250,19748458,1208,mRNA
61665,19746189,19746309,120,CDS
61666,19746642,19746731,89,CDS
61667,19746811,19747082,271,CDS
61668,19747250,19747870,620,CDS
61669,19746189,19746309,120,CDS
61670,19746642,19746731,89,CDS
61671,19746811,19747082,271,CDS
61672,19747250,19747870,620,CDS
61673,19748314,19750167,1853,gene
61674,19748314,19748549,235,mRNA
61675,19748904,19749308,404,mRNA
61676,19749388,19749629,241,mRNA
61677,19749689,19750167,478,mRNA
61678,19748913,19749308,395,CDS
61679,19749388,19749629,241,CDS
61680,19749689,19749851,162,CDS
61681,19748923,19749308,385,mRNA
61682,19749388,19749629,241,mRNA
61683,19749689,19750167,478,mRNA
61684,19748928,19749308,380,CDS
61685,19749388,19749629,241,CDS
61686,19749689,19749851,162,CDS
61687,19750770,19759280,8510,gene
61688,19750770,19751546,776,mRNA
61689,19756430,19756542,112,mRNA
61690,19756612,19756802,190,mRNA
61691,19756871,19756968,97,mRNA
61692,19757034,19757497,463,mRNA
61693,19757568,19757997,429,mRNA
61694,19758102,19758276,174,mRNA
61695,19758344,19759280,936,mRNA
61696,19750770,19751137,367,mRNA
61697,19751348,19751546,198,mRNA
61698,19756430,19756542,112,mRNA
61699,19756612,19756802,190,mRNA
61700,19756871,19756968,97,mRNA
61701,19757034,19757497,463,mRNA
61702,19757568,19757997,429,mRNA
61703,19758102,19758276,174,mRNA
61704,19758344,19759280,936,mRNA
61705,19750770,19750890,120,mRNA
61706,19751348,19751546,198,mRNA
61707,19756430,19756542,112,mRNA
61708,19756612,19756802,190,mRNA
61709,19756871,19756968,97,mRNA
61710,19757034,19757497,463,mRNA
61711,19757568,19757997,429,mRNA
61712,19758102,19758276,174,mRNA
61713,19758344,19759280,936,mRNA
61714,19751434,19751546,112,CDS
61715,19756430,19756542,112,CDS
61716,19756612,19756802,190,CDS
61717,19756871,19756968,97,CDS
61718,19757034,19757497,463,CDS
61719,19757568,19757997,429,CDS
61720,19758102,19758276,174,CDS
61721,19758344,19758757,413,CDS
61722,19751434,19751546,112,CDS
61723,19756430,19756542,112,CDS
61724,19756612,19756802,190,CDS
61725,19756871,19756968,97,CDS
61726,19757034,19757497,463,CDS
61727,19757568,19757997,429,CDS
61728,19758102,19758276,174,CDS
61729,19758344,19758757,413,CDS
61730,19751434,19751546,112,CDS
61731,19756430,19756542,112,CDS
61732,19756612,19756802,190,CDS
61733,19756871,19756968,97,CDS
61734,19757034,19757497,463,CDS
61735,19757568,19757997,429,CDS
61736,19758102,19758276,174,CDS
61737,19758344,19758757,413,CDS
61738,19754871,19755344,473,mRNA
61739,19756430,19756542,112,mRNA
61740,19756612,19756802,190,mRNA
61741,19756871,19756968,97,mRNA
61742,19757034,19757497,463,mRNA
61743,19757568,19757997,429,mRNA
61744,19758102,19758276,174,mRNA
61745,19758344,19759280,936,mRNA
61746,19755304,19755344,40,CDS
61747,19756430,19756542,112,CDS
61748,19756612,19756802,190,CDS
61749,19756871,19756968,97,CDS
61750,19757034,19757497,463,CDS
61751,19757568,19757997,429,CDS
61752,19758102,19758276,174,CDS
61753,19758344,19758757,413,CDS
61754,19759173,19764874,5701,gene
61755,19764711,19764874,163,mRNA
61756,19761256,19762719,1463,mRNA
61757,19760488,19761198,710,mRNA
61758,19760035,19760429,394,mRNA
61759,19759732,19759966,234,mRNA
61760,19759173,19759664,491,mRNA
61761,19762785,19762840,55,mRNA
61762,19761256,19762719,1463,mRNA
61763,19760488,19761198,710,mRNA
61764,19760035,19760429,394,mRNA
61765,19759732,19759966,234,mRNA
61766,19759173,19759664,491,mRNA
61767,19761256,19762318,1062,mRNA
61768,19760488,19761198,710,mRNA
61769,19760035,19760429,394,mRNA
61770,19759732,19759966,234,mRNA
61771,19759173,19759664,491,mRNA
61772,19761256,19762233,977,CDS
61773,19760488,19761198,710,CDS
61774,19760035,19760429,394,CDS
61775,19759732,19759966,234,CDS
61776,19759371,19759664,293,CDS
61777,19761256,19762233,977,CDS
61778,19760488,19761198,710,CDS
61779,19760035,19760429,394,CDS
61780,19759732,19759966,234,CDS
61781,19759371,19759664,293,CDS
61782,19761256,19762233,977,CDS
61783,19760488,19761198,710,CDS
61784,19760035,19760429,394,CDS
61785,19759732,19759966,234,CDS
61786,19759371,19759664,293,CDS
61787,19766465,19783548,17083,gene
61788,19782854,19783548,694,mRNA
61789,19778236,19782508,4272,mRNA
61790,19766465,19769507,3042,mRNA
61791,19778236,19782286,4050,CDS
61792,19769437,19769507,70,CDS
61793,19782854,19783548,694,mRNA
61794,19778236,19782508,4272,mRNA
61795,19775987,19776937,950,mRNA
61796,19782854,19783548,694,mRNA
61797,19775987,19782508,6521,mRNA
61798,19775987,19783548,7561,mRNA
61799,19775987,19783143,7156,mRNA
61800,19778236,19782286,4050,CDS
61801,19776885,19776937,52,CDS
61802,19777496,19782286,4790,CDS
61803,19777496,19782286,4790,CDS
61804,19777496,19782286,4790,CDS
61805,19786730,19788156,1426,gene
61806,19788042,19788156,114,ncRNA
61807,19787206,19787295,89,ncRNA
61808,19786730,19787143,413,ncRNA
61809,19797403,19804658,7255,mobile_element
61810,19809909,19810254,345,mobile_element
61811,19812729,19813384,655,gene
61812,19812729,19813384,655,mRNA
61813,19812801,19813277,476,CDS
61814,19813719,19814102,383,mobile_element
61815,19814509,19814775,266,mobile_element
61816,19816072,19816700,628,gene
61817,19816072,19816700,628,mRNA
61818,19816138,19816614,476,CDS
61819,19820246,19820347,101,mobile_element
61820,19820648,19820774,126,mobile_element
61821,19823368,19824080,712,gene
61822,19823368,19824080,712,mRNA
61823,19823496,19823999,503,CDS
61824,19830215,19852059,21844,gene
61825,19848067,19848478,411,mRNA
61826,19835644,19836754,1110,mRNA
61827,19833321,19835566,2245,mRNA
61828,19830215,19833235,3020,mRNA
61829,19850863,19852059,1196,mRNA
61830,19835644,19836754,1110,mRNA
61831,19833321,19835566,2245,mRNA
61832,19831607,19833235,1628,mRNA
61833,19849942,19850050,108,mRNA
61834,19835644,19836754,1110,mRNA
61835,19833321,19835566,2245,mRNA
61836,19831607,19833235,1628,mRNA
61837,19845539,19845687,148,mRNA
61838,19835644,19836754,1110,mRNA
61839,19833321,19835566,2245,mRNA
61840,19831607,19833235,1628,mRNA
61841,19850863,19851012,149,CDS
61842,19835644,19836754,1110,CDS
61843,19833339,19835566,2227,CDS
61844,19849942,19849944,2,CDS
61845,19835644,19836754,1110,CDS
61846,19833339,19835566,2227,CDS
61847,19835644,19836520,876,CDS
61848,19833339,19835566,2227,CDS
61849,19835644,19836520,876,CDS
61850,19833339,19835566,2227,CDS
61851,19852214,19859379,7165,gene
61852,19852214,19852569,355,mRNA
61853,19852649,19852972,323,mRNA
61854,19853060,19853161,101,mRNA
61855,19853252,19853814,562,mRNA
61856,19853879,19854379,500,mRNA
61857,19854436,19855987,1551,mRNA
61858,19856088,19857472,1384,mRNA
61859,19857536,19858588,1052,mRNA
61860,19858663,19858820,157,mRNA
61861,19858904,19859379,475,mRNA
61862,19852214,19852354,140,mRNA
61863,19852424,19852569,145,mRNA
61864,19852649,19852972,323,mRNA
61865,19853060,19853161,101,mRNA
61866,19853252,19853814,562,mRNA
61867,19853879,19854379,500,mRNA
61868,19854436,19855987,1551,mRNA
61869,19856088,19857472,1384,mRNA
61870,19857536,19858588,1052,mRNA
61871,19858663,19858820,157,mRNA
61872,19858904,19859379,475,mRNA
61873,19852348,19852569,221,CDS
61874,19852649,19852972,323,CDS
61875,19853060,19853161,101,CDS
61876,19853252,19853814,562,CDS
61877,19853879,19854379,500,CDS
61878,19854436,19855987,1551,CDS
61879,19856088,19857472,1384,CDS
61880,19857536,19858588,1052,CDS
61881,19858663,19858820,157,CDS
61882,19858904,19859316,412,CDS
61883,19852348,19852354,6,CDS
61884,19852424,19852569,145,CDS
61885,19852649,19852972,323,CDS
61886,19853060,19853161,101,CDS
61887,19853252,19853814,562,CDS
61888,19853879,19854379,500,CDS
61889,19854436,19855987,1551,CDS
61890,19856088,19857472,1384,CDS
61891,19857536,19858588,1052,CDS
61892,19858663,19858820,157,CDS
61893,19858904,19859316,412,CDS
61894,19859743,19865524,5781,gene
61895,19865350,19865524,174,mRNA
61896,19865085,19865262,177,mRNA
61897,19864728,19865009,281,mRNA
61898,19863826,19864658,832,mRNA
61899,19861507,19863758,2251,mRNA
61900,19861272,19861436,164,mRNA
61901,19859743,19861209,1466,mRNA
61902,19865350,19865524,174,mRNA
61903,19865080,19865262,182,mRNA
61904,19864728,19865009,281,mRNA
61905,19863826,19864662,836,mRNA
61906,19861507,19863758,2251,mRNA
61907,19861272,19861436,164,mRNA
61908,19859743,19861209,1466,mRNA
61909,19865350,19865458,108,CDS
61910,19865085,19865262,177,CDS
61911,19864728,19865009,281,CDS
61912,19863826,19864658,832,CDS
61913,19861507,19863758,2251,CDS
61914,19861272,19861436,164,CDS
61915,19859788,19861209,1421,CDS
61916,19865350,19865458,108,CDS
61917,19865080,19865262,182,CDS
61918,19864888,19865009,121,CDS
61919,19866146,19908108,41962,gene
61920,19866146,19866242,96,mRNA
61921,19866793,19867166,373,mRNA
61922,19868401,19871593,3192,mRNA
61923,19871812,19872444,632,mRNA
61924,19900616,19901488,872,mRNA
61925,19901868,19904218,2350,mRNA
61926,19904286,19904445,159,mRNA
61927,19904509,19904677,168,mRNA
61928,19904739,19908108,3369,mRNA
61929,19866146,19866269,123,mRNA
61930,19866793,19867166,373,mRNA
61931,19868401,19871593,3192,mRNA
61932,19871812,19872444,632,mRNA
61933,19900616,19901488,872,mRNA
61934,19901868,19904218,2350,mRNA
61935,19904286,19904445,159,mRNA
61936,19904509,19904677,168,mRNA
61937,19904739,19906687,1948,mRNA
61938,19866194,19866387,193,mRNA
61939,19866793,19867166,373,mRNA
61940,19868401,19871593,3192,mRNA
61941,19871812,19872444,632,mRNA
61942,19900616,19901488,872,mRNA
61943,19901868,19904218,2350,mRNA
61944,19904286,19904445,159,mRNA
61945,19904509,19904677,168,mRNA
61946,19904739,19906687,1948,mRNA
61947,19868410,19871593,3183,CDS
61948,19871812,19872444,632,CDS
61949,19900616,19901488,872,CDS
61950,19901868,19904218,2350,CDS
61951,19904286,19904445,159,CDS
61952,19904509,19904677,168,CDS
61953,19904739,19904958,219,CDS
61954,19868410,19871593,3183,CDS
61955,19871812,19872444,632,CDS
61956,19900616,19901488,872,CDS
61957,19901868,19904218,2350,CDS
61958,19904286,19904445,159,CDS
61959,19904509,19904677,168,CDS
61960,19904739,19904958,219,CDS
61961,19868410,19871593,3183,CDS
61962,19871812,19872444,632,CDS
61963,19900616,19901488,872,CDS
61964,19901868,19904218,2350,CDS
61965,19904286,19904445,159,CDS
61966,19904509,19904677,168,CDS
61967,19904739,19904958,219,CDS
61968,19872682,19873069,387,mobile_element
61969,19875749,19875888,139,mRNA
61970,19899012,19899972,960,mRNA
61971,19900616,19901488,872,mRNA
61972,19901868,19904218,2350,mRNA
61973,19904286,19904445,159,mRNA
61974,19904509,19904677,168,mRNA
61975,19904739,19906687,1948,mRNA
61976,19886108,19890060,3952,gene
61977,19886108,19890060,3952,mRNA
61978,19886950,19887492,542,CDS
61979,19887353,19887492,139,mRNA
61980,19899012,19899972,960,mRNA
61981,19900616,19901488,872,mRNA
61982,19901868,19904218,2350,mRNA
61983,19904286,19904445,159,mRNA
61984,19904509,19904677,168,mRNA
61985,19904739,19908108,3369,mRNA
61986,19887353,19887413,60,mRNA
61987,19899012,19899972,960,mRNA
61988,19900616,19901488,872,mRNA
61989,19901868,19904218,2350,mRNA
61990,19904286,19904445,159,mRNA
61991,19904509,19904677,168,mRNA
61992,19904739,19906687,1948,mRNA
61993,19892142,19892513,371,mRNA
61994,19900616,19901488,872,mRNA
61995,19901868,19904218,2350,mRNA
61996,19904286,19904445,159,mRNA
61997,19904509,19904677,168,mRNA
61998,19904739,19906687,1948,mRNA
61999,19892444,19892513,69,CDS
62000,19900616,19901488,872,CDS
62001,19901868,19904218,2350,CDS
62002,19904286,19904445,159,CDS
62003,19904509,19904677,168,CDS
62004,19904739,19904958,219,CDS
62005,19893829,19893957,128,mRNA
62006,19900616,19901488,872,mRNA
62007,19901868,19904218,2350,mRNA
62008,19904286,19904445,159,mRNA
62009,19904509,19904677,168,mRNA
62010,19904739,19906687,1948,mRNA
62011,19899375,19899972,597,CDS
62012,19900616,19901488,872,CDS
62013,19901868,19904218,2350,CDS
62014,19904286,19904445,159,CDS
62015,19904509,19904677,168,CDS
62016,19904739,19904958,219,CDS
62017,19899375,19899972,597,CDS
62018,19900616,19901488,872,CDS
62019,19901868,19904218,2350,CDS
62020,19904286,19904445,159,CDS
62021,19904509,19904677,168,CDS
62022,19904739,19904958,219,CDS
62023,19899375,19899972,597,CDS
62024,19900616,19901488,872,CDS
62025,19901868,19904218,2350,CDS
62026,19904286,19904445,159,CDS
62027,19904509,19904677,168,CDS
62028,19904739,19904958,219,CDS
62029,19900969,19901488,519,CDS
62030,19901868,19904218,2350,CDS
62031,19904286,19904445,159,CDS
62032,19904509,19904677,168,CDS
62033,19904739,19904958,219,CDS
62034,19909318,19910117,799,gene
62035,19909736,19910117,381,mRNA
62036,19909608,19909639,31,mRNA
62037,19909318,19909549,231,mRNA
62038,19909736,19909991,255,CDS
62039,19909623,19909639,16,CDS
62040,19910168,19910521,353,gene
62041,19910168,19910521,353,exon
62042,19910571,19911361,790,mobile_element
62043,19911386,19912560,1174,mobile_element
62044,19912655,19913283,628,gene
62045,19912655,19913283,628,exon
62046,19914482,19915281,799,gene
62047,19914900,19915281,381,mRNA
62048,19914772,19914803,31,mRNA
62049,19914482,19914713,231,mRNA
62050,19914900,19915155,255,CDS
62051,19914787,19914803,16,CDS
62052,19915332,19915685,353,gene
62053,19915332,19915685,353,exon
62054,19915735,19916525,790,mobile_element
62055,19916550,19917724,1174,mobile_element
62056,19917819,19918447,628,gene
62057,19917819,19918447,628,exon
62058,19919641,19920435,794,gene
62059,19920063,19920435,372,mRNA
62060,19919935,19919966,31,mRNA
62061,19919641,19919876,235,mRNA
62062,19920063,19920318,255,CDS
62063,19919950,19919966,16,CDS
62064,19920486,19920708,222,gene
62065,19920486,19920708,222,exon
62066,19921045,19921332,287,mobile_element
62067,19921471,19921572,101,mobile_element
62068,19921573,19925613,4040,mobile_element
62069,19925655,19925986,331,mobile_element
62070,19926021,19926984,963,mobile_element
62071,19926064,19926304,240,mobile_element
62072,19928416,19929178,762,gene
62073,19928797,19929178,381,mRNA
62074,19928663,19928700,37,mRNA
62075,19928416,19928604,188,mRNA
62076,19928797,19929052,255,CDS
62077,19928678,19928700,22,CDS
62078,19929229,19929580,351,gene
62079,19929229,19929580,351,exon
62080,19929630,19930420,790,mobile_element
62081,19930445,19931619,1174,mobile_element
62082,19931714,19932342,628,gene
62083,19931714,19932342,628,exon
62084,19933541,19934294,753,gene
62085,19933922,19934294,372,mRNA
62086,19933788,19933825,37,mRNA
62087,19933541,19933729,188,mRNA
62088,19933922,19934177,255,CDS
62089,19933803,19933825,22,CDS
62090,19934345,19934565,220,gene
62091,19934345,19934565,220,exon
62092,19934902,19935189,287,mobile_element
62093,19935332,19936119,787,mobile_element
62094,19936292,19936800,508,mobile_element
62095,19938232,19938994,762,gene
62096,19938613,19938994,381,mRNA
62097,19938479,19938516,37,mRNA
62098,19938232,19938420,188,mRNA
62099,19938613,19938868,255,CDS
62100,19938494,19938516,22,CDS
62101,19939045,19939396,351,gene
62102,19939045,19939396,351,exon
62103,19939446,19940236,790,mobile_element
62104,19940261,19941435,1174,mobile_element
62105,19941530,19942158,628,gene
62106,19941530,19942158,628,exon
62107,19943357,19944147,790,gene
62108,19943775,19944147,372,mRNA
62109,19943647,19943678,31,mRNA
62110,19943357,19943588,231,mRNA
62111,19943775,19944030,255,CDS
62112,19943662,19943678,16,CDS
62113,19944198,19944417,219,gene
62114,19944198,19944417,219,exon
62115,19944754,19945041,287,mobile_element
62116,19945178,19946655,1477,mobile_element
62117,19948079,19948873,794,gene
62118,19948501,19948873,372,mRNA
62119,19948373,19948404,31,mRNA
62120,19948079,19948314,235,mRNA
62121,19948501,19948756,255,CDS
62122,19948388,19948404,16,CDS
62123,19948924,19949147,223,gene
62124,19948924,19949147,223,exon
62125,19949484,19949771,287,mobile_element
62126,19949850,19951388,1538,mobile_element
62127,19952814,19953608,794,gene
62128,19953236,19953608,372,mRNA
62129,19953108,19953139,31,mRNA
62130,19952814,19953049,235,mRNA
62131,19953236,19953491,255,CDS
62132,19953123,19953139,16,CDS
62133,19953659,19953882,223,gene
62134,19953659,19953882,223,exon
62135,19954219,19954506,287,mobile_element
62136,19954585,19956123,1538,mobile_element
62137,19957548,19958342,794,gene
62138,19957970,19958342,372,mRNA
62139,19957842,19957873,31,mRNA
62140,19957548,19957783,235,mRNA
62141,19957970,19958225,255,CDS
62142,19957857,19957873,16,CDS
62143,19958393,19959403,1010,gene
62144,19959301,19959403,102,mRNA
62145,19958393,19958900,507,mRNA
62146,19959301,19959367,66,CDS
62147,19958500,19958900,400,CDS
62148,19960762,19960945,183,mobile_element
62149,19961297,19969323,8026,gene
62150,19961297,19961600,303,mRNA
62151,19963955,19964071,116,mRNA
62152,19964782,19964944,162,mRNA
62153,19965006,19965126,120,mRNA
62154,19965197,19965511,314,mRNA
62155,19965577,19966071,494,mRNA
62156,19966183,19967012,829,mRNA
62157,19967081,19967223,142,mRNA
62158,19967284,19969323,2039,mRNA
62159,19961689,19961845,156,mRNA
62160,19963955,19964071,116,mRNA
62161,19964782,19964944,162,mRNA
62162,19965006,19965126,120,mRNA
62163,19965197,19965511,314,mRNA
62164,19965577,19966071,494,mRNA
62165,19966183,19967012,829,mRNA
62166,19967081,19967223,142,mRNA
62167,19967284,19968479,1195,mRNA
62168,19963176,19963341,165,mRNA
62169,19963955,19964071,116,mRNA
62170,19964782,19964944,162,mRNA
62171,19965006,19965126,120,mRNA
62172,19965197,19965511,314,mRNA
62173,19965577,19966071,494,mRNA
62174,19966183,19967012,829,mRNA
62175,19967081,19967223,142,mRNA
62176,19967284,19968479,1195,mRNA
62177,19963955,19964071,116,CDS
62178,19964782,19964944,162,CDS
62179,19965006,19965126,120,CDS
62180,19965197,19965511,314,CDS
62181,19965577,19966071,494,CDS
62182,19966183,19967012,829,CDS
62183,19967081,19967223,142,CDS
62184,19967284,19967460,176,CDS
62185,19963955,19964071,116,CDS
62186,19964782,19964944,162,CDS
62187,19965006,19965126,120,CDS
62188,19965197,19965511,314,CDS
62189,19965577,19966071,494,CDS
62190,19966183,19967012,829,CDS
62191,19967081,19967223,142,CDS
62192,19967284,19967460,176,CDS
62193,19963955,19964071,116,CDS
62194,19964782,19964944,162,CDS
62195,19965006,19965126,120,CDS
62196,19965197,19965511,314,CDS
62197,19965577,19966071,494,CDS
62198,19966183,19967012,829,CDS
62199,19967081,19967223,142,CDS
62200,19967284,19967460,176,CDS
62201,19998799,19999083,284,mobile_element
62202,20000968,20002096,1128,gene
62203,20000968,20002096,1128,mRNA
62204,20001103,20001966,863,CDS
62205,20004680,20062706,58026,gene
62206,20062055,20062706,651,mRNA
62207,20027751,20028938,1187,mRNA
62208,20026705,20026895,190,mRNA
62209,20011455,20011564,109,mRNA
62210,20011130,20011382,252,mRNA
62211,20010325,20010623,298,mRNA
62212,20008854,20009129,275,mRNA
62213,20007630,20007764,134,mRNA
62214,20007341,20007441,100,mRNA
62215,20004680,20007230,2550,mRNA
62216,20062055,20062706,651,mRNA
62217,20044907,20045022,115,mRNA
62218,20027751,20028938,1187,mRNA
62219,20026705,20026895,190,mRNA
62220,20011455,20011564,109,mRNA
62221,20011130,20011382,252,mRNA
62222,20010325,20010623,298,mRNA
62223,20007341,20007441,100,mRNA
62224,20004680,20007230,2550,mRNA
62225,20062055,20062706,651,mRNA
62226,20044907,20045022,115,mRNA
62227,20027751,20028938,1187,mRNA
62228,20026705,20026895,190,mRNA
62229,20011455,20011564,109,mRNA
62230,20011130,20011382,252,mRNA
62231,20010325,20010623,298,mRNA
62232,20007630,20007764,134,mRNA
62233,20007341,20007441,100,mRNA
62234,20004680,20007230,2550,mRNA
62235,20062055,20062706,651,mRNA
62236,20044907,20045022,115,mRNA
62237,20027751,20028938,1187,mRNA
62238,20026705,20026895,190,mRNA
62239,20011455,20011564,109,mRNA
62240,20011130,20011382,252,mRNA
62241,20010325,20010623,298,mRNA
62242,20008830,20009126,296,mRNA
62243,20007630,20007764,134,mRNA
62244,20007341,20007441,100,mRNA
62245,20004680,20007230,2550,mRNA
62246,20062055,20062706,651,mRNA
62247,20044907,20045022,115,mRNA
62248,20027751,20028938,1187,mRNA
62249,20026705,20026895,190,mRNA
62250,20011455,20011564,109,mRNA
62251,20011130,20011382,252,mRNA
62252,20010325,20010623,298,mRNA
62253,20008830,20009129,299,mRNA
62254,20007630,20007764,134,mRNA
62255,20007341,20007441,100,mRNA
62256,20004680,20007230,2550,mRNA
62257,20013717,20013794,77,mRNA
62258,20013102,20013657,555,mRNA
62259,20011455,20011564,109,mRNA
62260,20011130,20011382,252,mRNA
62261,20010325,20010623,298,mRNA
62262,20008854,20009129,275,mRNA
62263,20007630,20007764,134,mRNA
62264,20007341,20007441,100,mRNA
62265,20004680,20007230,2550,mRNA
62266,20027751,20028867,1116,CDS
62267,20026705,20026895,190,CDS
62268,20011455,20011564,109,CDS
62269,20011130,20011382,252,CDS
62270,20010325,20010623,298,CDS
62271,20007341,20007441,100,CDS
62272,20007019,20007230,211,CDS
62273,20027751,20028867,1116,CDS
62274,20026705,20026895,190,CDS
62275,20011455,20011564,109,CDS
62276,20011130,20011382,252,CDS
62277,20010325,20010623,298,CDS
62278,20007630,20007764,134,CDS
62279,20007341,20007441,100,CDS
62280,20007019,20007230,211,CDS
62281,20027751,20028867,1116,CDS
62282,20026705,20026895,190,CDS
62283,20011455,20011564,109,CDS
62284,20011130,20011382,252,CDS
62285,20010325,20010623,298,CDS
62286,20008830,20009126,296,CDS
62287,20007630,20007764,134,CDS
62288,20007341,20007441,100,CDS
62289,20007019,20007230,211,CDS
62290,20027751,20028867,1116,CDS
62291,20026705,20026895,190,CDS
62292,20011455,20011564,109,CDS
62293,20011130,20011382,252,CDS
62294,20010325,20010623,298,CDS
62295,20008854,20009129,275,CDS
62296,20007630,20007764,134,CDS
62297,20007341,20007441,100,CDS
62298,20007019,20007230,211,CDS
62299,20027751,20028867,1116,CDS
62300,20026705,20026895,190,CDS
62301,20011455,20011564,109,CDS
62302,20011130,20011382,252,CDS
62303,20010325,20010623,298,CDS
62304,20008830,20009129,299,CDS
62305,20007630,20007764,134,CDS
62306,20007341,20007441,100,CDS
62307,20007019,20007230,211,CDS
62308,20013102,20013116,14,CDS
62309,20011455,20011564,109,CDS
62310,20011130,20011382,252,CDS
62311,20010325,20010623,298,CDS
62312,20008854,20009129,275,CDS
62313,20007630,20007764,134,CDS
62314,20007341,20007441,100,CDS
62315,20007019,20007230,211,CDS
62316,20025099,20025170,71,gene
62317,20025099,20025170,71,tRNA
62318,20033371,20036933,3562,mobile_element
62319,20051294,20052519,1225,gene
62320,20051294,20052519,1225,mRNA
62321,20051456,20052088,632,CDS
62322,20060725,20060775,50,mobile_element
62323,20090654,20090858,204,gene
62324,20090654,20090858,204,ncRNA
62325,20091428,20092408,980,gene
62326,20091428,20092408,980,mRNA
62327,20091603,20092385,782,CDS
62328,20093463,20093893,430,mobile_element
62329,20094398,20095767,1369,gene
62330,20094398,20095134,736,mRNA
62331,20095288,20095648,360,mRNA
62332,20095702,20095767,65,mRNA
62333,20094398,20095134,736,CDS
62334,20095288,20095648,360,CDS
62335,20095702,20095767,65,CDS
62336,20096162,20096474,312,gene
62337,20096363,20096474,111,mRNA
62338,20096162,20096307,145,mRNA
62339,20096363,20096474,111,CDS
62340,20096162,20096307,145,CDS
62341,20096576,20096756,180,mobile_element
62342,20099988,20102992,3004,mobile_element
62343,20110110,20110575,465,gene
62344,20110110,20110575,465,mRNA
62345,20110183,20110476,293,CDS
62346,20111041,20111500,459,mobile_element
62347,20112111,20112157,46,mobile_element
62348,20122453,20125271,2818,gene
62349,20122453,20122675,222,mRNA
62350,20124896,20125271,375,mRNA
62351,20122453,20123061,608,mRNA
62352,20122484,20122675,191,CDS
62353,20124896,20125108,212,CDS
62354,20122484,20122819,335,CDS
62355,20133579,20138878,5299,gene
62356,20133579,20134013,434,mRNA
62357,20135014,20135233,219,mRNA
62358,20135847,20136004,157,mRNA
62359,20136109,20137021,912,mRNA
62360,20137465,20138878,1413,mRNA
62361,20133790,20134013,223,mRNA
62362,20135014,20135233,219,mRNA
62363,20135847,20136004,157,mRNA
62364,20136109,20137021,912,mRNA
62365,20137465,20138878,1413,mRNA
62366,20133990,20134013,23,CDS
62367,20135014,20135233,219,CDS
62368,20135847,20136004,157,CDS
62369,20136109,20137021,912,CDS
62370,20137465,20138372,907,CDS
62371,20133990,20134013,23,CDS
62372,20135014,20135233,219,CDS
62373,20135847,20136004,157,CDS
62374,20136109,20137021,912,CDS
62375,20137465,20138372,907,CDS
62376,20139793,20140170,377,gene
62377,20139793,20140170,377,mRNA
62378,20139853,20140170,317,CDS
62379,20140387,20140658,271,mobile_element
62380,20141010,20141476,466,gene
62381,20141010,20141223,213,mRNA
62382,20141279,20141476,197,mRNA
62383,20141106,20141223,117,CDS
62384,20141279,20141424,145,CDS
62385,20141819,20143188,1369,gene
62386,20142452,20143188,736,mRNA
62387,20141938,20142298,360,mRNA
62388,20141819,20141884,65,mRNA
62389,20142452,20143188,736,CDS
62390,20141938,20142298,360,CDS
62391,20141819,20141884,65,CDS
62392,20143695,20144137,442,mobile_element
62393,20144154,20144204,50,mobile_element
62394,20145468,20145500,32,mobile_element
62395,20148124,20155514,7390,gene
62396,20148124,20148261,137,mRNA
62397,20150062,20150236,174,mRNA
62398,20150598,20150836,238,mRNA
62399,20150945,20151026,81,mRNA
62400,20154198,20154814,616,mRNA
62401,20155099,20155514,415,mRNA
62402,20148124,20148261,137,mRNA
62403,20150062,20150125,63,mRNA
62404,20150598,20150836,238,mRNA
62405,20150945,20151026,81,mRNA
62406,20154198,20154814,616,mRNA
62407,20155099,20155514,415,mRNA
62408,20148124,20148261,137,mRNA
62409,20150065,20150236,171,mRNA
62410,20150598,20150836,238,mRNA
62411,20150945,20151026,81,mRNA
62412,20154198,20154814,616,mRNA
62413,20155099,20155514,415,mRNA
62414,20148259,20148261,2,CDS
62415,20150062,20150236,174,CDS
62416,20150598,20150836,238,CDS
62417,20150945,20151026,81,CDS
62418,20154198,20154814,616,CDS
62419,20155099,20155308,209,CDS
62420,20148259,20148261,2,CDS
62421,20150062,20150125,63,CDS
62422,20150598,20150836,238,CDS
62423,20150945,20151026,81,CDS
62424,20154198,20154814,616,CDS
62425,20155099,20155308,209,CDS
62426,20148259,20148261,2,CDS
62427,20150065,20150236,171,CDS
62428,20150598,20150836,238,CDS
62429,20150945,20151026,81,CDS
62430,20154198,20154814,616,CDS
62431,20155099,20155308,209,CDS
62432,20155766,20159872,4106,gene
62433,20158896,20159872,976,mRNA
62434,20157970,20158269,299,mRNA
62435,20155766,20157836,2070,mRNA
62436,20158896,20159872,976,mRNA
62437,20157970,20158269,299,mRNA
62438,20156479,20157836,1357,mRNA
62439,20158896,20159872,976,mRNA
62440,20157970,20158269,299,mRNA
62441,20157090,20157836,746,mRNA
62442,20158896,20159872,976,mRNA
62443,20158339,20158528,189,mRNA
62444,20157970,20158269,299,mRNA
62445,20157145,20157836,691,mRNA
62446,20158896,20158947,51,CDS
62447,20157970,20158269,299,CDS
62448,20157583,20157836,253,CDS
62449,20158896,20158947,51,CDS
62450,20157970,20158269,299,CDS
62451,20157583,20157836,253,CDS
62452,20158896,20158947,51,CDS
62453,20157970,20158269,299,CDS
62454,20157583,20157836,253,CDS
62455,20158339,20158357,18,CDS
62456,20157970,20158269,299,CDS
62457,20157583,20157836,253,CDS
62458,20160355,20165830,5475,gene
62459,20165657,20165830,173,mRNA
62460,20162535,20162841,306,mRNA
62461,20161940,20162442,502,mRNA
62462,20160355,20161875,1520,mRNA
62463,20162535,20162731,196,mRNA
62464,20161940,20162442,502,mRNA
62465,20160355,20161875,1520,mRNA
62466,20165657,20165830,173,mRNA
62467,20162535,20162836,301,mRNA
62468,20161940,20162442,502,mRNA
62469,20160644,20161875,1231,mRNA
62470,20162535,20162636,101,CDS
62471,20161940,20162442,502,CDS
62472,20160918,20161875,957,CDS
62473,20162535,20162636,101,CDS
62474,20161940,20162442,502,CDS
62475,20160918,20161875,957,CDS
62476,20162535,20162636,101,CDS
62477,20161940,20162442,502,CDS
62478,20160918,20161875,957,CDS
62479,20166673,20168080,1407,gene
62480,20166673,20166816,143,mRNA
62481,20166957,20167119,162,mRNA
62482,20167191,20167815,624,mRNA
62483,20167882,20168080,198,mRNA
62484,20166765,20166816,51,CDS
62485,20166957,20167119,162,CDS
62486,20167191,20167815,624,CDS
62487,20167882,20167980,98,CDS
62488,20168042,20169981,1939,gene
62489,20169474,20169981,507,mRNA
62490,20168042,20169416,1374,mRNA
62491,20169474,20169845,371,CDS
62492,20168151,20169416,1265,CDS
62493,20170222,20171526,1304,gene
62494,20170222,20170363,141,mRNA
62495,20170424,20170758,334,mRNA
62496,20170846,20171065,219,mRNA
62497,20171130,20171526,396,mRNA
62498,20170349,20170363,14,CDS
62499,20170424,20170758,334,CDS
62500,20170846,20171065,219,CDS
62501,20171130,20171378,248,CDS
62502,20171445,20173514,2069,gene
62503,20173369,20173514,145,mRNA
62504,20172305,20173016,711,mRNA
62505,20172041,20172222,181,mRNA
62506,20171445,20171648,203,mRNA
62507,20173369,20173514,145,mRNA
62508,20172305,20173016,711,mRNA
62509,20172041,20172222,181,mRNA
62510,20171929,20171931,2,mRNA
62511,20171445,20171648,203,mRNA
62512,20173369,20173380,11,CDS
62513,20172305,20173016,711,CDS
62514,20172041,20172222,181,CDS
62515,20171592,20171648,56,CDS
62516,20173369,20173380,11,CDS
62517,20172305,20173016,711,CDS
62518,20172041,20172222,181,CDS
62519,20171929,20171931,2,CDS
62520,20171592,20171648,56,CDS
62521,20174217,20178638,4421,gene
62522,20178466,20178638,172,mRNA
62523,20178270,20178397,127,mRNA
62524,20176238,20176414,176,mRNA
62525,20174932,20175854,922,mRNA
62526,20174217,20174864,647,mRNA
62527,20178466,20178638,172,mRNA
62528,20178270,20178397,127,mRNA
62529,20177819,20177851,32,mRNA
62530,20176238,20176390,152,mRNA
62531,20174932,20175854,922,mRNA
62532,20174396,20174764,368,mRNA
62533,20178466,20178515,49,CDS
62534,20178270,20178397,127,CDS
62535,20176238,20176414,176,CDS
62536,20174932,20175854,922,CDS
62537,20174589,20174864,275,CDS
62538,20178466,20178515,49,CDS
62539,20178270,20178397,127,CDS
62540,20177819,20177851,32,CDS
62541,20176238,20176390,152,CDS
62542,20174932,20175854,922,CDS
62543,20174609,20174764,155,CDS
62544,20178755,20179597,842,gene
62545,20178755,20178811,56,exon
62546,20179204,20179385,181,exon
62547,20179468,20179597,129,exon
62548,20179750,20181475,1725,mobile_element
62549,20181590,20186487,4897,gene
62550,20186341,20186487,146,mRNA
62551,20186145,20186272,127,mRNA
62552,20184060,20184236,176,mRNA
62553,20182759,20183681,922,mRNA
62554,20181590,20182691,1101,mRNA
62555,20186341,20186487,146,mRNA
62556,20186145,20186272,127,mRNA
62557,20184060,20184212,152,mRNA
62558,20182759,20183681,922,mRNA
62559,20181743,20182691,948,mRNA
62560,20186341,20186487,146,mRNA
62561,20186145,20186272,127,mRNA
62562,20184060,20184236,176,mRNA
62563,20182759,20183681,922,mRNA
62564,20182038,20182691,653,mRNA
62565,20186341,20186390,49,CDS
62566,20186145,20186272,127,CDS
62567,20184060,20184212,152,CDS
62568,20182759,20183681,922,CDS
62569,20182338,20182691,353,CDS
62570,20186341,20186390,49,CDS
62571,20186145,20186272,127,CDS
62572,20184060,20184236,176,CDS
62573,20182759,20183681,922,CDS
62574,20182338,20182691,353,CDS
62575,20186341,20186390,49,CDS
62576,20186145,20186272,127,CDS
62577,20184060,20184236,176,CDS
62578,20182759,20183681,922,CDS
62579,20182338,20182691,353,CDS
62580,20186630,20187472,842,gene
62581,20186630,20186686,56,exon
62582,20187079,20187260,181,exon
62583,20187343,20187472,129,exon
62584,20187625,20189335,1710,mobile_element
62585,20189440,20194227,4787,gene
62586,20194071,20194227,156,mRNA
62587,20193875,20194002,127,mRNA
62588,20191789,20191965,176,mRNA
62589,20190483,20191405,922,mRNA
62590,20189440,20190415,975,mRNA
62591,20194071,20194227,156,mRNA
62592,20193875,20194002,127,mRNA
62593,20191789,20191965,176,mRNA
62594,20190483,20191405,922,mRNA
62595,20189601,20190415,814,mRNA
62596,20194071,20194227,156,mRNA
62597,20193875,20194002,127,mRNA
62598,20191789,20191965,176,mRNA
62599,20190483,20191405,922,mRNA
62600,20189837,20190415,578,mRNA
62601,20194071,20194120,49,CDS
62602,20193875,20194002,127,CDS
62603,20191789,20191965,176,CDS
62604,20190483,20191405,922,CDS
62605,20190092,20190415,323,CDS
62606,20194071,20194120,49,CDS
62607,20193875,20194002,127,CDS
62608,20191789,20191965,176,CDS
62609,20190483,20191405,922,CDS
62610,20190092,20190415,323,CDS
62611,20194071,20194120,49,CDS
62612,20193875,20194002,127,CDS
62613,20191789,20191965,176,CDS
62614,20190483,20191405,922,CDS
62615,20190092,20190415,323,CDS
62616,20194360,20195206,846,gene
62617,20194360,20194416,56,exon
62618,20194809,20194990,181,exon
62619,20195077,20195206,129,exon
62620,20195359,20197051,1692,mobile_element
62621,20197319,20201933,4614,gene
62622,20201787,20201933,146,mRNA
62623,20201591,20201718,127,mRNA
62624,20199505,20199681,176,mRNA
62625,20198199,20199121,922,mRNA
62626,20197319,20198131,812,mRNA
62627,20201787,20201836,49,CDS
62628,20201591,20201718,127,CDS
62629,20199505,20199681,176,CDS
62630,20198199,20199121,922,CDS
62631,20197808,20198131,323,CDS
62632,20202076,20202922,846,gene
62633,20202076,20202132,56,exon
62634,20202525,20202706,181,exon
62635,20202793,20202922,129,exon
62636,20205043,20209603,4560,gene
62637,20209457,20209603,146,mRNA
62638,20209261,20209388,127,mRNA
62639,20207229,20207405,176,mRNA
62640,20205923,20206845,922,mRNA
62641,20205043,20205855,812,mRNA
62642,20209457,20209506,49,CDS
62643,20209261,20209388,127,CDS
62644,20207229,20207405,176,CDS
62645,20205923,20206845,922,CDS
62646,20205532,20205855,323,CDS
62647,20209746,20210592,846,gene
62648,20209746,20209802,56,exon
62649,20210195,20210376,181,exon
62650,20210463,20210592,129,exon
62651,20212738,20217259,4521,gene
62652,20217113,20217259,146,mRNA
62653,20216917,20217044,127,mRNA
62654,20214885,20215061,176,mRNA
62655,20212738,20214506,1768,mRNA
62656,20217113,20217162,49,CDS
62657,20216917,20217044,127,CDS
62658,20214885,20215061,176,CDS
62659,20213227,20214506,1279,CDS
62660,20217402,20218244,842,gene
62661,20217402,20217458,56,exon
62662,20217851,20218032,181,exon
62663,20218115,20218244,129,exon
62664,20220666,20225020,4354,gene
62665,20224848,20225020,172,mRNA
62666,20224652,20224779,127,mRNA
62667,20224201,20224233,32,mRNA
62668,20222567,20222719,152,mRNA
62669,20221251,20222188,937,mRNA
62670,20220666,20221060,394,mRNA
62671,20224848,20224897,49,CDS
62672,20224652,20224779,127,CDS
62673,20224201,20224233,32,CDS
62674,20222567,20222719,152,CDS
62675,20221251,20222188,937,CDS
62676,20220899,20221060,161,CDS
62677,20225137,20225979,842,gene
62678,20225137,20225193,56,exon
62679,20225586,20225767,181,exon
62680,20225850,20225979,129,exon
62681,20226132,20227857,1725,mobile_element
62682,20227961,20236382,8421,gene
62683,20236083,20236382,299,mRNA
62684,20235509,20235746,237,mRNA
62685,20235288,20235434,146,mRNA
62686,20234775,20234902,127,mRNA
62687,20233423,20233443,20,mRNA
62688,20232117,20232164,47,mRNA
62689,20230441,20230593,152,mRNA
62690,20229140,20230062,922,mRNA
62691,20227961,20229072,1111,mRNA
62692,20236083,20236198,115,mRNA
62693,20235509,20235746,237,mRNA
62694,20235288,20235434,146,mRNA
62695,20234775,20234902,127,mRNA
62696,20232117,20232164,47,mRNA
62697,20230441,20230596,155,mRNA
62698,20229140,20230062,922,mRNA
62699,20227961,20229072,1111,mRNA
62700,20236083,20236198,115,mRNA
62701,20235509,20235746,237,mRNA
62702,20235288,20235434,146,mRNA
62703,20234775,20234902,127,mRNA
62704,20232117,20232164,47,mRNA
62705,20230441,20230617,176,mRNA
62706,20229140,20230062,922,mRNA
62707,20227961,20229072,1111,mRNA
62708,20236083,20236198,115,mRNA
62709,20235509,20235746,237,mRNA
62710,20235288,20235434,146,mRNA
62711,20234775,20234902,127,mRNA
62712,20233423,20233443,20,mRNA
62713,20230441,20230593,152,mRNA
62714,20229140,20230062,922,mRNA
62715,20227961,20229072,1111,mRNA
62716,20236083,20236198,115,mRNA
62717,20235509,20235746,237,mRNA
62718,20235288,20235434,146,mRNA
62719,20234775,20234902,127,mRNA
62720,20233423,20233443,20,mRNA
62721,20230441,20230596,155,mRNA
62722,20229140,20230062,922,mRNA
62723,20227961,20229072,1111,mRNA
62724,20236083,20236198,115,mRNA
62725,20235509,20235746,237,mRNA
62726,20235288,20235434,146,mRNA
62727,20234775,20234902,127,mRNA
62728,20233423,20233443,20,mRNA
62729,20230441,20230617,176,mRNA
62730,20229140,20230062,922,mRNA
62731,20227961,20229072,1111,mRNA
62732,20236083,20236198,115,mRNA
62733,20235509,20235746,237,mRNA
62734,20235288,20235434,146,mRNA
62735,20234775,20234902,127,mRNA
62736,20233423,20233443,20,mRNA
62737,20232117,20232164,47,mRNA
62738,20230441,20230596,155,mRNA
62739,20229140,20230062,922,mRNA
62740,20227961,20229072,1111,mRNA
62741,20236083,20236198,115,mRNA
62742,20235509,20235746,237,mRNA
62743,20235288,20235434,146,mRNA
62744,20234775,20234902,127,mRNA
62745,20233423,20233443,20,mRNA
62746,20232117,20232164,47,mRNA
62747,20230441,20230617,176,mRNA
62748,20229140,20230062,922,mRNA
62749,20227961,20229072,1111,mRNA
62750,20236083,20236198,115,mRNA
62751,20235808,20235950,142,mRNA
62752,20235509,20235746,237,mRNA
62753,20235288,20235434,146,mRNA
62754,20234775,20234902,127,mRNA
62755,20233423,20233443,20,mRNA
62756,20232117,20232164,47,mRNA
62757,20230441,20230596,155,mRNA
62758,20229140,20230062,922,mRNA
62759,20227961,20229072,1111,mRNA
62760,20236083,20236198,115,mRNA
62761,20235509,20235746,237,mRNA
62762,20235288,20235434,146,mRNA
62763,20234775,20234902,127,mRNA
62764,20230441,20230617,176,mRNA
62765,20229140,20230062,922,mRNA
62766,20228124,20229072,948,mRNA
62767,20236083,20236198,115,mRNA
62768,20235509,20235746,237,mRNA
62769,20235288,20235434,146,mRNA
62770,20234775,20234902,127,mRNA
62771,20232117,20232164,47,mRNA
62772,20230441,20230593,152,mRNA
62773,20229140,20230062,922,mRNA
62774,20228124,20229072,948,mRNA
62775,20236083,20236198,115,mRNA
62776,20235509,20235746,237,mRNA
62777,20235288,20235434,146,mRNA
62778,20234775,20234902,127,mRNA
62779,20233423,20233443,20,mRNA
62780,20230441,20230617,176,mRNA
62781,20229140,20230062,922,mRNA
62782,20228124,20229072,948,mRNA
62783,20236083,20236198,115,mRNA
62784,20235509,20235746,237,mRNA
62785,20235288,20235434,146,mRNA
62786,20234775,20234902,127,mRNA
62787,20234328,20234360,32,mRNA
62788,20233423,20233443,20,mRNA
62789,20232117,20232164,47,mRNA
62790,20230441,20230593,152,mRNA
62791,20229140,20230062,922,mRNA
62792,20228124,20229072,948,mRNA
62793,20236083,20236198,115,mRNA
62794,20235509,20235746,237,mRNA
62795,20235288,20235434,146,mRNA
62796,20234775,20234902,127,mRNA
62797,20234328,20234390,62,mRNA
62798,20233423,20233443,20,mRNA
62799,20232117,20232164,47,mRNA
62800,20230441,20230593,152,mRNA
62801,20229140,20230062,922,mRNA
62802,20228124,20229072,948,mRNA
62803,20236083,20236198,115,mRNA
62804,20235804,20235950,146,mRNA
62805,20235509,20235746,237,mRNA
62806,20235288,20235434,146,mRNA
62807,20234775,20234902,127,mRNA
62808,20233423,20233443,20,mRNA
62809,20232117,20232164,47,mRNA
62810,20230441,20230596,155,mRNA
62811,20229140,20230062,922,mRNA
62812,20228124,20229072,948,mRNA
62813,20235509,20235663,154,CDS
62814,20235288,20235434,146,CDS
62815,20234775,20234902,127,CDS
62816,20230441,20230617,176,CDS
62817,20229140,20230062,922,CDS
62818,20228719,20229072,353,CDS
62819,20235509,20235663,154,CDS
62820,20235288,20235434,146,CDS
62821,20234775,20234902,127,CDS
62822,20232117,20232164,47,CDS
62823,20230441,20230593,152,CDS
62824,20229140,20230062,922,CDS
62825,20228719,20229072,353,CDS
62826,20235509,20235663,154,CDS
62827,20235288,20235434,146,CDS
62828,20234775,20234902,127,CDS
62829,20232117,20232164,47,CDS
62830,20230441,20230596,155,CDS
62831,20229140,20230062,922,CDS
62832,20228719,20229072,353,CDS
62833,20235509,20235663,154,CDS
62834,20235288,20235434,146,CDS
62835,20234775,20234902,127,CDS
62836,20232117,20232164,47,CDS
62837,20230441,20230617,176,CDS
62838,20229140,20230062,922,CDS
62839,20228719,20229072,353,CDS
62840,20235509,20235663,154,CDS
62841,20235288,20235434,146,CDS
62842,20234775,20234902,127,CDS
62843,20233423,20233443,20,CDS
62844,20230441,20230593,152,CDS
62845,20229140,20230062,922,CDS
62846,20228719,20229072,353,CDS
62847,20235509,20235663,154,CDS
62848,20235288,20235434,146,CDS
62849,20234775,20234902,127,CDS
62850,20233423,20233443,20,CDS
62851,20230441,20230596,155,CDS
62852,20229140,20230062,922,CDS
62853,20228719,20229072,353,CDS
62854,20235509,20235663,154,CDS
62855,20235288,20235434,146,CDS
62856,20234775,20234902,127,CDS
62857,20233423,20233443,20,CDS
62858,20230441,20230617,176,CDS
62859,20229140,20230062,922,CDS
62860,20228719,20229072,353,CDS
62861,20235509,20235663,154,CDS
62862,20235288,20235434,146,CDS
62863,20234775,20234902,127,CDS
62864,20233423,20233443,20,CDS
62865,20230441,20230617,176,CDS
62866,20229140,20230062,922,CDS
62867,20228719,20229072,353,CDS
62868,20235509,20235663,154,CDS
62869,20235288,20235434,146,CDS
62870,20234775,20234902,127,CDS
62871,20233423,20233443,20,CDS
62872,20232117,20232164,47,CDS
62873,20230441,20230593,152,CDS
62874,20229140,20230062,922,CDS
62875,20228719,20229072,353,CDS
62876,20235509,20235663,154,CDS
62877,20235288,20235434,146,CDS
62878,20234775,20234902,127,CDS
62879,20233423,20233443,20,CDS
62880,20232117,20232164,47,CDS
62881,20230441,20230596,155,CDS
62882,20229140,20230062,922,CDS
62883,20228719,20229072,353,CDS
62884,20235509,20235663,154,CDS
62885,20235288,20235434,146,CDS
62886,20234775,20234902,127,CDS
62887,20233423,20233443,20,CDS
62888,20232117,20232164,47,CDS
62889,20230441,20230596,155,CDS
62890,20229140,20230062,922,CDS
62891,20228719,20229072,353,CDS
62892,20235509,20235663,154,CDS
62893,20235288,20235434,146,CDS
62894,20234775,20234902,127,CDS
62895,20233423,20233443,20,CDS
62896,20232117,20232164,47,CDS
62897,20230441,20230596,155,CDS
62898,20229140,20230062,922,CDS
62899,20228719,20229072,353,CDS
62900,20235509,20235663,154,CDS
62901,20235288,20235434,146,CDS
62902,20234775,20234902,127,CDS
62903,20233423,20233443,20,CDS
62904,20232117,20232164,47,CDS
62905,20230441,20230617,176,CDS
62906,20229140,20230062,922,CDS
62907,20228719,20229072,353,CDS
62908,20235509,20235663,154,CDS
62909,20235288,20235434,146,CDS
62910,20234775,20234902,127,CDS
62911,20234328,20234360,32,CDS
62912,20233423,20233443,20,CDS
62913,20232117,20232164,47,CDS
62914,20230441,20230593,152,CDS
62915,20229140,20230062,922,CDS
62916,20228719,20229072,353,CDS
62917,20235509,20235663,154,CDS
62918,20235288,20235434,146,CDS
62919,20234775,20234902,127,CDS
62920,20234328,20234390,62,CDS
62921,20233423,20233443,20,CDS
62922,20232117,20232164,47,CDS
62923,20230441,20230593,152,CDS
62924,20229140,20230062,922,CDS
62925,20228719,20229072,353,CDS
62926,20238383,20239117,734,gene
62927,20238383,20238912,529,ncRNA
62928,20238577,20239117,540,ncRNA
62929,20239855,20243209,3354,gene
62930,20239855,20240026,171,mRNA
62931,20241062,20241265,203,mRNA
62932,20241611,20241814,203,mRNA
62933,20241885,20243209,1324,mRNA
62934,20239855,20240026,171,mRNA
62935,20241062,20241265,203,mRNA
62936,20241611,20241814,203,mRNA
62937,20241885,20242539,654,mRNA
62938,20239978,20240026,48,CDS
62939,20241062,20241265,203,CDS
62940,20241611,20241814,203,CDS
62941,20241885,20242141,256,CDS
62942,20239978,20240026,48,CDS
62943,20241062,20241265,203,CDS
62944,20241611,20241814,203,CDS
62945,20241885,20242141,256,CDS
62946,20244647,20248203,3556,gene
62947,20244647,20244763,116,mRNA
62948,20244874,20244934,60,mRNA
62949,20246905,20247120,215,mRNA
62950,20247192,20248203,1011,mRNA
62951,20244647,20244934,287,mRNA
62952,20246905,20247120,215,mRNA
62953,20247192,20247386,194,mRNA
62954,20247549,20248197,648,mRNA
62955,20244647,20244763,116,mRNA
62956,20244874,20244934,60,mRNA
62957,20246905,20247120,215,mRNA
62958,20247192,20247386,194,mRNA
62959,20247549,20248197,648,mRNA
62960,20244883,20244934,51,CDS
62961,20246905,20247120,215,CDS
62962,20247192,20247386,194,CDS
62963,20247549,20247778,229,CDS
62964,20244883,20244934,51,CDS
62965,20246905,20247120,215,CDS
62966,20247192,20247386,194,CDS
62967,20247549,20247778,229,CDS
62968,20244883,20244934,51,CDS
62969,20246905,20247120,215,CDS
62970,20247192,20247397,205,CDS
62971,20248309,20251093,2784,gene
62972,20248309,20251093,2784,mRNA
62973,20248869,20250953,2084,CDS
62974,20251338,20254691,3353,gene
62975,20251338,20251757,419,mRNA
62976,20252238,20252437,199,mRNA
62977,20252508,20252597,89,mRNA
62978,20253066,20254691,1625,mRNA
62979,20251631,20251757,126,CDS
62980,20252238,20252437,199,CDS
62981,20252508,20252597,89,CDS
62982,20253066,20253263,197,CDS
62983,20254692,20257199,2507,gene
62984,20256776,20257199,423,mRNA
62985,20255764,20256032,268,mRNA
62986,20255132,20255672,540,mRNA
62987,20254692,20255081,389,mRNA
62988,20256776,20257131,355,mRNA
62989,20255764,20256032,268,mRNA
62990,20255132,20255672,540,mRNA
62991,20254692,20255081,389,mRNA
62992,20256776,20257131,355,mRNA
62993,20255764,20256032,268,mRNA
62994,20255132,20255714,582,mRNA
62995,20254692,20255081,389,mRNA
62996,20256776,20257037,261,CDS
62997,20255764,20256032,268,CDS
62998,20255132,20255672,540,CDS
62999,20254900,20255081,181,CDS
63000,20256776,20257037,261,CDS
63001,20255764,20256032,268,CDS
63002,20255132,20255672,540,CDS
63003,20254900,20255081,181,CDS
63004,20256776,20257037,261,CDS
63005,20255764,20256032,268,CDS
63006,20255132,20255714,582,CDS
63007,20254900,20255081,181,CDS
63008,20258695,20259090,395,mobile_element
63009,20259239,20259656,417,gene
63010,20259239,20259656,417,mRNA
63011,20259317,20259595,278,CDS
63012,20266257,20266357,100,mobile_element
63013,20267821,20269769,1948,gene
63014,20268820,20269769,949,mRNA
63015,20267821,20268745,924,mRNA
63016,20268820,20269500,680,CDS
63017,20267981,20268745,764,CDS
63018,20276764,20276816,52,mobile_element
63019,20292047,20293407,1360,gene
63020,20292047,20293407,1360,ncRNA
63021,20293601,20294288,687,gene
63022,20293601,20294288,687,ncRNA
63023,20295303,20295341,38,mobile_element
63024,20302015,20330372,28357,gene
63025,20330118,20330372,254,mRNA
63026,20315310,20315949,639,mRNA
63027,20310278,20311463,1185,mRNA
63028,20302015,20304188,2173,mRNA
63029,20330118,20330372,254,mRNA
63030,20329163,20329542,379,mRNA
63031,20315310,20315949,639,mRNA
63032,20310278,20311463,1185,mRNA
63033,20302015,20304188,2173,mRNA
63034,20330118,20330372,254,mRNA
63035,20329163,20329275,112,mRNA
63036,20315310,20315949,639,mRNA
63037,20310278,20311463,1185,mRNA
63038,20303853,20304188,335,mRNA
63039,20315310,20315707,397,mRNA
63040,20310278,20311463,1185,mRNA
63041,20303853,20304188,335,mRNA
63042,20305210,20305248,38,mobile_element
63043,20315310,20315432,122,CDS
63044,20310309,20311463,1154,CDS
63045,20315310,20315432,122,CDS
63046,20310309,20311463,1154,CDS
63047,20315310,20315432,122,CDS
63048,20310309,20311463,1154,CDS
63049,20315310,20315432,122,CDS
63050,20310309,20311463,1154,CDS
63051,20327444,20328680,1236,gene
63052,20327444,20327718,274,mRNA
63053,20327778,20328680,902,mRNA
63054,20327604,20327718,114,CDS
63055,20327778,20328214,436,CDS
63056,20344109,20344373,264,mobile_element
63057,20349522,20349668,146,mobile_element
63058,20349793,20349943,150,mobile_element
63059,20350174,20350215,41,mobile_element
63060,20359488,20359558,70,mobile_element
63061,20359752,20360046,294,gene
63062,20359752,20360046,294,exon
63063,20365038,20365384,346,mobile_element
63064,20367937,20368180,243,mobile_element
63065,20375764,20376522,758,gene
63066,20375764,20376522,758,mRNA
63067,20375820,20376392,572,CDS
63068,20377373,20378778,1405,mobile_element
63069,20381434,20381689,255,mobile_element
63070,20381814,20383213,1399,mobile_element
63071,20383584,20384062,478,gene
63072,20383584,20383710,126,exon
63073,20383767,20384062,295,exon
63074,20385654,20385715,61,mobile_element
63075,20390096,20390806,710,gene
63076,20390440,20390806,366,mRNA
63077,20390255,20390383,128,mRNA
63078,20390096,20390190,94,mRNA
63079,20390440,20390768,328,CDS
63080,20390255,20390383,128,CDS
63081,20390190,20390190,0,CDS
63082,20391447,20392401,954,gene
63083,20391447,20392401,954,mRNA
63084,20391536,20392258,722,CDS
63085,20392334,20393751,1417,gene
63086,20393562,20393751,189,mRNA
63087,20393354,20393487,133,mRNA
63088,20392334,20393291,957,mRNA
63089,20393562,20393642,80,CDS
63090,20393354,20393487,133,CDS
63091,20392448,20393291,843,CDS
63092,20394395,20412247,17852,gene
63093,20394395,20396782,2387,mRNA
63094,20398123,20398691,568,mRNA
63095,20398756,20399304,548,mRNA
63096,20399373,20400310,937,mRNA
63097,20400381,20400537,156,mRNA
63098,20400598,20402360,1762,mRNA
63099,20402420,20402793,373,mRNA
63100,20402864,20410535,7671,mRNA
63101,20410605,20411088,483,mRNA
63102,20411158,20411334,176,mRNA
63103,20411402,20412247,845,mRNA
63104,20394880,20396782,1902,CDS
63105,20398123,20398691,568,CDS
63106,20398756,20399304,548,CDS
63107,20399373,20400310,937,CDS
63108,20400381,20400537,156,CDS
63109,20400598,20402360,1762,CDS
63110,20402420,20402793,373,CDS
63111,20402864,20410535,7671,CDS
63112,20410605,20411088,483,CDS
63113,20411158,20411334,176,CDS
63114,20411402,20411554,152,CDS
63115,20396937,20398041,1104,mobile_element
63116,20412341,20413581,1240,gene
63117,20413441,20413581,140,mRNA
63118,20412341,20413271,930,mRNA
63119,20413441,20413497,56,CDS
63120,20412420,20413271,851,CDS
63121,20413652,20414199,547,gene
63122,20414025,20414199,174,mRNA
63123,20413652,20413962,310,mRNA
63124,20414025,20414087,62,CDS
63125,20413834,20413962,128,CDS
63126,20414528,20414578,50,mobile_element
63127,20415744,20416521,777,gene
63128,20415744,20415837,93,mRNA
63129,20415898,20416065,167,mRNA
63130,20416141,20416521,380,mRNA
63131,20415769,20415837,68,CDS
63132,20415898,20416065,167,CDS
63133,20416141,20416344,203,CDS
63134,20416733,20417812,1079,gene
63135,20416733,20416928,195,mRNA
63136,20416994,20417216,222,mRNA
63137,20417587,20417812,225,mRNA
63138,20416745,20416928,183,CDS
63139,20416994,20417216,222,CDS
63140,20417587,20417671,84,CDS
63141,20417921,20418964,1043,gene
63142,20418451,20418964,513,mRNA
63143,20417921,20418384,463,mRNA
63144,20418451,20418775,324,mRNA
63145,20417921,20418384,463,mRNA
63146,20418451,20418765,314,CDS
63147,20418172,20418384,212,CDS
63148,20418451,20418765,314,CDS
63149,20418172,20418384,212,CDS
63150,20419613,20420979,1366,gene
63151,20419613,20420285,672,mRNA
63152,20420416,20420504,88,mRNA
63153,20420577,20420713,136,mRNA
63154,20420778,20420979,201,mRNA
63155,20420090,20420285,195,mRNA
63156,20420416,20420504,88,mRNA
63157,20420577,20420713,136,mRNA
63158,20420778,20420979,201,mRNA
63159,20420138,20420285,147,CDS
63160,20420416,20420504,88,CDS
63161,20420577,20420713,136,CDS
63162,20420778,20420856,78,CDS
63163,20420138,20420285,147,CDS
63164,20420416,20420504,88,CDS
63165,20420577,20420713,136,CDS
63166,20420778,20420856,78,CDS
63167,20421087,20424002,2915,gene
63168,20423646,20424002,356,mRNA
63169,20422059,20422952,893,mRNA
63170,20421087,20421994,907,mRNA
63171,20423646,20423796,150,mRNA
63172,20422059,20422952,893,mRNA
63173,20421087,20421994,907,mRNA
63174,20423646,20423796,150,mRNA
63175,20422059,20422976,917,mRNA
63176,20421087,20421994,907,mRNA
63177,20423646,20423796,150,mRNA
63178,20422059,20423000,941,mRNA
63179,20421087,20421994,907,mRNA
63180,20422059,20423006,947,mRNA
63181,20421087,20421994,907,mRNA
63182,20422059,20422852,793,CDS
63183,20421865,20421994,129,CDS
63184,20422059,20422852,793,CDS
63185,20421865,20421994,129,CDS
63186,20422059,20422852,793,CDS
63187,20421865,20421994,129,CDS
63188,20422059,20422852,793,CDS
63189,20421865,20421994,129,CDS
63190,20422059,20422852,793,CDS
63191,20421865,20421994,129,CDS
63192,20424069,20426402,2333,gene
63193,20424069,20426402,2333,mRNA
63194,20424154,20426316,2162,CDS
63195,20426431,20427042,611,gene
63196,20426965,20427042,77,mRNA
63197,20426555,20426907,352,mRNA
63198,20426431,20426499,68,mRNA
63199,20426965,20427042,77,mRNA
63200,20426509,20426907,398,mRNA
63201,20426965,20426990,25,CDS
63202,20426646,20426907,261,CDS
63203,20426965,20426990,25,CDS
63204,20426646,20426907,261,CDS
63205,20427411,20429673,2262,gene
63206,20429503,20429673,170,mRNA
63207,20428819,20429437,618,mRNA
63208,20428233,20428699,466,mRNA
63209,20428051,20428172,121,mRNA
63210,20427800,20427994,194,mRNA
63211,20427411,20427739,328,mRNA
63212,20429503,20429673,170,mRNA
63213,20428819,20429437,618,mRNA
63214,20428233,20428699,466,mRNA
63215,20428064,20428172,108,mRNA
63216,20427800,20427994,194,mRNA
63217,20427535,20427739,204,mRNA
63218,20429503,20429673,170,mRNA
63219,20428819,20429437,618,mRNA
63220,20428233,20428699,466,mRNA
63221,20428051,20428172,121,mRNA
63222,20427800,20427994,194,mRNA
63223,20427535,20427739,204,mRNA
63224,20429503,20429570,67,CDS
63225,20428819,20429437,618,CDS
63226,20428233,20428699,466,CDS
63227,20428051,20428172,121,CDS
63228,20427800,20427994,194,CDS
63229,20427669,20427739,70,CDS
63230,20429503,20429570,67,CDS
63231,20428819,20429437,618,CDS
63232,20428233,20428699,466,CDS
63233,20428051,20428172,121,CDS
63234,20427800,20427994,194,CDS
63235,20427669,20427739,70,CDS
63236,20429503,20429570,67,CDS
63237,20428819,20429437,618,CDS
63238,20428233,20428699,466,CDS
63239,20428064,20428172,108,CDS
63240,20427947,20427994,47,CDS
63241,20429675,20433210,3535,gene
63242,20429675,20430326,651,mRNA
63243,20430398,20430548,150,mRNA
63244,20430744,20431526,782,mRNA
63245,20431588,20433210,1622,mRNA
63246,20430135,20430326,191,mRNA
63247,20430398,20430548,150,mRNA
63248,20430744,20431526,782,mRNA
63249,20431588,20433210,1622,mRNA
63250,20430254,20430326,72,CDS
63251,20430398,20430548,150,CDS
63252,20430744,20431526,782,CDS
63253,20431588,20432926,1338,CDS
63254,20430254,20430326,72,CDS
63255,20430398,20430548,150,CDS
63256,20430744,20431526,782,CDS
63257,20431588,20432926,1338,CDS
63258,20433950,20445599,11649,gene
63259,20433950,20434559,609,mRNA
63260,20439341,20440014,673,mRNA
63261,20440203,20440926,723,mRNA
63262,20440994,20441290,296,mRNA
63263,20441402,20442845,1443,mRNA
63264,20442901,20443178,277,mRNA
63265,20443389,20445599,2210,mRNA
63266,20434487,20434559,72,CDS
63267,20439341,20440014,673,CDS
63268,20440203,20440926,723,CDS
63269,20440994,20441290,296,CDS
63270,20441402,20442845,1443,CDS
63271,20442901,20443178,277,CDS
63272,20443389,20443477,88,CDS
63273,20445902,20446190,288,mobile_element
63274,20446371,20446703,332,gene
63275,20446371,20446703,332,mRNA
63276,20446403,20446681,278,CDS
63277,20449331,20467065,17734,gene
63278,20449331,20449963,632,mRNA
63279,20461146,20461596,450,mRNA
63280,20461651,20461870,219,mRNA
63281,20462004,20462727,723,mRNA
63282,20462802,20463131,329,mRNA
63283,20463187,20464238,1051,mRNA
63284,20464794,20465098,304,mRNA
63285,20465154,20465431,277,mRNA
63286,20465500,20467065,1565,mRNA
63287,20449331,20449963,632,mRNA
63288,20461146,20461596,450,mRNA
63289,20461651,20461870,219,mRNA
63290,20462004,20462727,723,mRNA
63291,20462802,20463131,329,mRNA
63292,20463187,20464238,1051,mRNA
63293,20464794,20465098,304,mRNA
63294,20465154,20465431,277,mRNA
63295,20465500,20466220,720,mRNA
63296,20449945,20449963,18,CDS
63297,20461146,20461596,450,CDS
63298,20461651,20461870,219,CDS
63299,20462004,20462727,723,CDS
63300,20462802,20463131,329,CDS
63301,20463187,20464238,1051,CDS
63302,20464794,20465098,304,CDS
63303,20465154,20465431,277,CDS
63304,20465500,20465588,88,CDS
63305,20449945,20449963,18,CDS
63306,20461146,20461596,450,CDS
63307,20461651,20461870,219,CDS
63308,20462004,20462727,723,CDS
63309,20462802,20463131,329,CDS
63310,20463187,20464238,1051,CDS
63311,20464794,20465098,304,CDS
63312,20465154,20465431,277,CDS
63313,20465500,20465588,88,CDS
63314,20453792,20453846,54,mobile_element
63315,20460640,20460894,254,mobile_element
63316,20460895,20461000,105,mobile_element
63317,20464357,20464427,70,mobile_element
63318,20467455,20469796,2341,gene
63319,20467455,20467770,315,mRNA
63320,20468207,20468412,205,mRNA
63321,20468547,20468693,146,mRNA
63322,20469036,20469458,422,mRNA
63323,20469520,20469796,276,mRNA
63324,20467640,20467770,130,mRNA
63325,20468547,20468693,146,mRNA
63326,20469036,20469458,422,mRNA
63327,20469520,20469796,276,mRNA
63328,20467680,20467770,90,CDS
63329,20468547,20468693,146,CDS
63330,20469036,20469458,422,CDS
63331,20469520,20469665,145,CDS
63332,20468385,20468412,27,mRNA
63333,20468547,20468693,146,mRNA
63334,20469036,20469458,422,mRNA
63335,20469520,20469796,276,mRNA
63336,20468576,20468693,117,CDS
63337,20469036,20469458,422,CDS
63338,20469520,20469665,145,CDS
63339,20468576,20468693,117,CDS
63340,20469036,20469458,422,CDS
63341,20469520,20469665,145,CDS
63342,20469955,20510694,40739,gene
63343,20510519,20510694,175,mRNA
63344,20509366,20509467,101,mRNA
63345,20490547,20491394,847,mRNA
63346,20488330,20488647,317,mRNA
63347,20487008,20487522,514,mRNA
63348,20477639,20478340,701,mRNA
63349,20477266,20477567,301,mRNA
63350,20476328,20476808,480,mRNA
63351,20476165,20476264,99,mRNA
63352,20476002,20476100,98,mRNA
63353,20475581,20475931,350,mRNA
63354,20474553,20475518,965,mRNA
63355,20474222,20474482,260,mRNA
63356,20473567,20474008,441,mRNA
63357,20469955,20473502,3547,mRNA
63358,20510519,20510694,175,mRNA
63359,20509366,20509467,101,mRNA
63360,20490547,20491394,847,mRNA
63361,20488330,20488647,317,mRNA
63362,20487008,20487522,514,mRNA
63363,20477639,20478340,701,mRNA
63364,20477266,20477567,301,mRNA
63365,20477113,20477187,74,mRNA
63366,20476328,20476811,483,mRNA
63367,20476165,20476264,99,mRNA
63368,20476002,20476100,98,mRNA
63369,20475581,20475931,350,mRNA
63370,20474553,20475518,965,mRNA
63371,20474222,20474482,260,mRNA
63372,20473567,20474008,441,mRNA
63373,20469955,20473502,3547,mRNA
63374,20510519,20510694,175,mRNA
63375,20509366,20509467,101,mRNA
63376,20490547,20491394,847,mRNA
63377,20488330,20488647,317,mRNA
63378,20487008,20487522,514,mRNA
63379,20477639,20478340,701,mRNA
63380,20477266,20477567,301,mRNA
63381,20477113,20477187,74,mRNA
63382,20476328,20476811,483,mRNA
63383,20476165,20476264,99,mRNA
63384,20476002,20476100,98,mRNA
63385,20475581,20475931,350,mRNA
63386,20474553,20475518,965,mRNA
63387,20473567,20474482,915,mRNA
63388,20469955,20473502,3547,mRNA
63389,20490547,20491187,640,mRNA
63390,20488330,20488647,317,mRNA
63391,20487008,20487522,514,mRNA
63392,20477639,20478340,701,mRNA
63393,20477266,20477567,301,mRNA
63394,20477113,20477187,74,mRNA
63395,20476328,20476811,483,mRNA
63396,20476165,20476264,99,mRNA
63397,20476002,20476100,98,mRNA
63398,20475581,20475931,350,mRNA
63399,20474553,20475518,965,mRNA
63400,20474222,20474482,260,mRNA
63401,20473567,20474008,441,mRNA
63402,20469955,20473502,3547,mRNA
63403,20510519,20510694,175,mRNA
63404,20509366,20509467,101,mRNA
63405,20490547,20491394,847,mRNA
63406,20488330,20488647,317,mRNA
63407,20487008,20487522,514,mRNA
63408,20477639,20478340,701,mRNA
63409,20477266,20477567,301,mRNA
63410,20476328,20476811,483,mRNA
63411,20476165,20476264,99,mRNA
63412,20476002,20476100,98,mRNA
63413,20475581,20475931,350,mRNA
63414,20474553,20475518,965,mRNA
63415,20473567,20474482,915,mRNA
63416,20471647,20473502,1855,mRNA
63417,20490547,20490870,323,CDS
63418,20488330,20488647,317,CDS
63419,20487008,20487522,514,CDS
63420,20477639,20478340,701,CDS
63421,20477266,20477567,301,CDS
63422,20476328,20476808,480,CDS
63423,20476165,20476264,99,CDS
63424,20476002,20476100,98,CDS
63425,20475581,20475931,350,CDS
63426,20474553,20475518,965,CDS
63427,20474222,20474482,260,CDS
63428,20473567,20474008,441,CDS
63429,20472034,20473502,1468,CDS
63430,20490547,20490870,323,CDS
63431,20488330,20488647,317,CDS
63432,20487008,20487522,514,CDS
63433,20477639,20478340,701,CDS
63434,20477266,20477567,301,CDS
63435,20476328,20476811,483,CDS
63436,20476165,20476264,99,CDS
63437,20476002,20476100,98,CDS
63438,20475581,20475931,350,CDS
63439,20474553,20475518,965,CDS
63440,20473567,20474482,915,CDS
63441,20472034,20473502,1468,CDS
63442,20490547,20490870,323,CDS
63443,20488330,20488647,317,CDS
63444,20487008,20487522,514,CDS
63445,20477639,20478340,701,CDS
63446,20477266,20477567,301,CDS
63447,20477113,20477187,74,CDS
63448,20476328,20476811,483,CDS
63449,20476165,20476264,99,CDS
63450,20476002,20476100,98,CDS
63451,20475581,20475931,350,CDS
63452,20474553,20475518,965,CDS
63453,20474222,20474482,260,CDS
63454,20473567,20474008,441,CDS
63455,20472034,20473502,1468,CDS
63456,20490547,20490870,323,CDS
63457,20488330,20488647,317,CDS
63458,20487008,20487522,514,CDS
63459,20477639,20478340,701,CDS
63460,20477266,20477567,301,CDS
63461,20477113,20477187,74,CDS
63462,20476328,20476811,483,CDS
63463,20476165,20476264,99,CDS
63464,20476002,20476100,98,CDS
63465,20475581,20475931,350,CDS
63466,20474553,20475518,965,CDS
63467,20474222,20474482,260,CDS
63468,20473567,20474008,441,CDS
63469,20472034,20473502,1468,CDS
63470,20490547,20490870,323,CDS
63471,20488330,20488647,317,CDS
63472,20487008,20487522,514,CDS
63473,20477639,20478340,701,CDS
63474,20477266,20477567,301,CDS
63475,20477113,20477187,74,CDS
63476,20476328,20476811,483,CDS
63477,20476165,20476264,99,CDS
63478,20476002,20476100,98,CDS
63479,20475581,20475931,350,CDS
63480,20474553,20475518,965,CDS
63481,20473567,20474482,915,CDS
63482,20472034,20473502,1468,CDS
63483,20480940,20481247,307,mobile_element
63484,20486180,20486588,408,gene
63485,20486180,20486272,92,mRNA
63486,20486350,20486588,238,mRNA
63487,20486362,20486538,176,CDS
63488,20504180,20505642,1462,mobile_element
63489,20511544,20515828,4284,gene
63490,20511544,20512087,543,mRNA
63491,20512902,20513751,849,mRNA
63492,20513831,20514190,359,mRNA
63493,20514354,20515828,1474,mRNA
63494,20511908,20512087,179,CDS
63495,20512902,20513751,849,CDS
63496,20513831,20514190,359,CDS
63497,20514354,20514814,460,CDS
63498,20515908,20524928,9020,gene
63499,20523899,20524928,1029,mRNA
63500,20523059,20523358,299,mRNA
63501,20522505,20522820,315,mRNA
63502,20522264,20522445,181,mRNA
63503,20521628,20522041,413,mRNA
63504,20521224,20521272,48,mRNA
63505,20516659,20517122,463,mRNA
63506,20515908,20516543,635,mRNA
63507,20517699,20518248,549,mRNA
63508,20516659,20517122,463,mRNA
63509,20515908,20516543,635,mRNA
63510,20523899,20523967,68,CDS
63511,20523059,20523358,299,CDS
63512,20522505,20522820,315,CDS
63513,20522264,20522445,181,CDS
63514,20521628,20522041,413,CDS
63515,20521224,20521272,48,CDS
63516,20516659,20517122,463,CDS
63517,20516301,20516543,242,CDS
63518,20517699,20517768,69,CDS
63519,20516659,20517122,463,CDS
63520,20516301,20516543,242,CDS
63521,20525900,20526076,176,mobile_element
63522,20526962,20527437,475,mobile_element
63523,20527631,20528043,412,gene
63524,20527631,20528043,412,mRNA
63525,20527665,20527964,299,CDS
63526,20528159,20528239,80,mobile_element
63527,20538497,20567097,28600,gene
63528,20538497,20538599,102,mRNA
63529,20540705,20541270,565,mRNA
63530,20541828,20542044,216,mRNA
63531,20553570,20553770,200,mRNA
63532,20564748,20564909,161,mRNA
63533,20564992,20567097,2105,mRNA
63534,20540881,20541270,389,CDS
63535,20541828,20542044,216,CDS
63536,20553570,20553770,200,CDS
63537,20564748,20564909,161,CDS
63538,20564992,20566013,1021,CDS
63539,20568280,20568350,70,mobile_element
63540,20572843,20572899,56,mobile_element
63541,20574282,20574693,411,gene
63542,20574282,20574693,411,mRNA
63543,20574324,20574623,299,CDS
63544,20576048,20576528,480,mobile_element
63545,20590252,20623773,33521,gene
63546,20623073,20623773,700,mRNA
63547,20604098,20604899,801,mRNA
63548,20598647,20598760,113,mRNA
63549,20597076,20597177,101,mRNA
63550,20593387,20593584,197,mRNA
63551,20590252,20593150,2898,mRNA
63552,20623073,20623773,700,mRNA
63553,20604098,20604899,801,mRNA
63554,20598647,20598760,113,mRNA
63555,20597076,20597192,116,mRNA
63556,20593387,20593584,197,mRNA
63557,20590252,20593150,2898,mRNA
63558,20623073,20623773,700,mRNA
63559,20604098,20604899,801,mRNA
63560,20598647,20598760,113,mRNA
63561,20597076,20597192,116,mRNA
63562,20593387,20593584,197,mRNA
63563,20590252,20593150,2898,mRNA
63564,20604098,20604635,537,CDS
63565,20598647,20598760,113,CDS
63566,20597076,20597192,116,CDS
63567,20593387,20593584,197,CDS
63568,20592126,20593150,1024,CDS
63569,20604098,20604635,537,CDS
63570,20598647,20598760,113,CDS
63571,20597076,20597177,101,CDS
63572,20593387,20593584,197,CDS
63573,20592162,20593150,988,CDS
63574,20604098,20604635,537,CDS
63575,20598647,20598760,113,CDS
63576,20597076,20597192,116,CDS
63577,20593387,20593584,197,CDS
63578,20592162,20593150,988,CDS
63579,20614832,20615191,359,mobile_element
63580,20632887,20633139,252,mobile_element
63581,20656891,20657678,787,gene
63582,20656891,20657678,787,ncRNA
63583,20657122,20661425,4303,gene
63584,20657122,20657302,180,mRNA
63585,20657529,20658880,1351,mRNA
63586,20659825,20660643,818,mRNA
63587,20660978,20661425,447,mRNA
63588,20657122,20658880,1758,mRNA
63589,20659825,20660643,818,mRNA
63590,20660978,20661392,414,mRNA
63591,20657140,20657548,408,ncRNA
63592,20657587,20658880,1293,mRNA
63593,20659825,20660643,818,mRNA
63594,20660978,20661392,414,mRNA
63595,20658413,20658880,467,CDS
63596,20659825,20660643,818,CDS
63597,20660978,20661253,275,CDS
63598,20658413,20658880,467,CDS
63599,20659825,20660643,818,CDS
63600,20660978,20661253,275,CDS
63601,20658413,20658880,467,CDS
63602,20659825,20660643,818,CDS
63603,20660978,20661253,275,CDS
63604,20661917,20669669,7752,gene
63605,20661917,20661988,71,mRNA
63606,20669107,20669430,323,mRNA
63607,20669495,20669669,174,mRNA
63608,20668328,20668491,163,mRNA
63609,20669107,20669430,323,mRNA
63610,20669495,20669669,174,mRNA
63611,20668431,20668491,60,CDS
63612,20669107,20669430,323,CDS
63613,20669495,20669568,73,CDS
63614,20669142,20669430,288,CDS
63615,20669495,20669568,73,CDS
63616,20670832,20677063,6231,gene
63617,20676818,20677063,245,mRNA
63618,20672120,20672376,256,mRNA
63619,20671669,20672046,377,mRNA
63620,20670832,20671548,716,mRNA
63621,20676240,20676363,123,mRNA
63622,20672120,20672376,256,mRNA
63623,20671669,20672046,377,mRNA
63624,20670832,20671548,716,mRNA
63625,20675662,20675783,121,mRNA
63626,20672120,20672376,256,mRNA
63627,20671669,20672046,377,mRNA
63628,20670832,20671548,716,mRNA
63629,20675135,20675241,106,mRNA
63630,20672120,20672376,256,mRNA
63631,20671669,20672046,377,mRNA
63632,20670832,20671548,716,mRNA
63633,20674731,20674853,122,mRNA
63634,20672120,20672376,256,mRNA
63635,20671669,20672046,377,mRNA
63636,20670832,20671548,716,mRNA
63637,20673938,20674043,105,mRNA
63638,20672120,20672376,256,mRNA
63639,20671669,20672046,377,mRNA
63640,20670832,20671548,716,mRNA
63641,20673411,20673523,112,mRNA
63642,20672120,20672376,256,mRNA
63643,20671669,20672046,377,mRNA
63644,20670832,20671548,716,mRNA
63645,20672884,20672971,87,mRNA
63646,20672120,20672376,256,mRNA
63647,20671669,20672046,377,mRNA
63648,20670832,20671548,716,mRNA
63649,20676818,20676845,27,CDS
63650,20672120,20672376,256,CDS
63651,20671669,20672046,377,CDS
63652,20671303,20671548,245,CDS
63653,20676240,20676267,27,CDS
63654,20672120,20672376,256,CDS
63655,20671669,20672046,377,CDS
63656,20671303,20671548,245,CDS
63657,20675662,20675689,27,CDS
63658,20672120,20672376,256,CDS
63659,20671669,20672046,377,CDS
63660,20671303,20671548,245,CDS
63661,20675135,20675162,27,CDS
63662,20672120,20672376,256,CDS
63663,20671669,20672046,377,CDS
63664,20671303,20671548,245,CDS
63665,20674731,20674758,27,CDS
63666,20672120,20672376,256,CDS
63667,20671669,20672046,377,CDS
63668,20671303,20671548,245,CDS
63669,20673938,20673965,27,CDS
63670,20672120,20672376,256,CDS
63671,20671669,20672046,377,CDS
63672,20671303,20671548,245,CDS
63673,20673411,20673438,27,CDS
63674,20672120,20672376,256,CDS
63675,20671669,20672046,377,CDS
63676,20671303,20671548,245,CDS
63677,20672884,20672911,27,CDS
63678,20672120,20672376,256,CDS
63679,20671669,20672046,377,CDS
63680,20671303,20671548,245,CDS
63681,20673200,20673394,194,mobile_element
63682,20673727,20673921,194,mobile_element
63683,20674168,20674714,546,mobile_element
63684,20674954,20675118,164,mobile_element
63685,20675451,20675645,194,mobile_element
63686,20675931,20676223,292,mobile_element
63687,20676509,20676801,292,mobile_element
63688,20686819,20687653,834,gene
63689,20686819,20686900,81,ncRNA
63690,20686992,20687038,46,ncRNA
63691,20687116,20687653,537,ncRNA
63692,20690320,20690633,313,gene
63693,20690320,20690633,313,ncRNA
63694,20690670,20697321,6651,gene
63695,20690670,20691012,342,mRNA
63696,20694111,20695401,1290,mRNA
63697,20695811,20697321,1510,mRNA
63698,20694439,20695401,962,mRNA
63699,20695811,20697321,1510,mRNA
63700,20694439,20695392,953,mRNA
63701,20695811,20697027,1216,mRNA
63702,20694693,20695401,708,CDS
63703,20695811,20696634,823,CDS
63704,20694693,20695401,708,CDS
63705,20695811,20696634,823,CDS
63706,20694693,20695392,699,CDS
63707,20695811,20696634,823,CDS
63708,20734455,20735960,1505,gene
63709,20735794,20735960,166,mRNA
63710,20734455,20735730,1275,mRNA
63711,20735794,20735960,166,mRNA
63712,20734744,20735730,986,mRNA
63713,20734821,20735699,878,CDS
63714,20734821,20735699,878,CDS
63715,20739538,20740308,770,gene
63716,20739538,20740308,770,ncRNA
63717,20744965,20745965,1000,gene
63718,20745681,20745965,284,mRNA
63719,20744965,20745420,455,mRNA
63720,20745681,20745747,66,CDS
63721,20745140,20745420,280,CDS
63722,20758489,20759626,1137,gene
63723,20758489,20759034,545,ncRNA
63724,20759111,20759626,515,ncRNA
63725,20759736,20760953,1217,gene
63726,20760374,20760953,579,ncRNA
63727,20759736,20760149,413,ncRNA
63728,20761071,20927050,165979,gene
63729,20924978,20925092,114,mRNA
63730,20923298,20923613,315,mRNA
63731,20916835,20917473,638,mRNA
63732,20828435,20829297,862,mRNA
63733,20805827,20805983,156,mRNA
63734,20792605,20792738,133,mRNA
63735,20792355,20792544,189,mRNA
63736,20776094,20776248,154,mRNA
63737,20775498,20775562,64,mRNA
63738,20773391,20773557,166,mRNA
63739,20773152,20773330,178,mRNA
63740,20761071,20772773,11702,mRNA
63741,20923298,20923969,671,mRNA
63742,20916835,20917473,638,mRNA
63743,20828435,20829297,862,mRNA
63744,20805827,20805983,156,mRNA
63745,20792605,20792738,133,mRNA
63746,20792355,20792544,189,mRNA
63747,20776094,20776248,154,mRNA
63748,20775498,20775562,64,mRNA
63749,20773391,20773557,166,mRNA
63750,20773152,20773330,178,mRNA
63751,20761071,20772773,11702,mRNA
63752,20926962,20927050,88,mRNA
63753,20916835,20916951,116,mRNA
63754,20828435,20829297,862,mRNA
63755,20805827,20805983,156,mRNA
63756,20792605,20792738,133,mRNA
63757,20792355,20792544,189,mRNA
63758,20776094,20776248,154,mRNA
63759,20775498,20775562,64,mRNA
63760,20773391,20773557,166,mRNA
63761,20773152,20773330,178,mRNA
63762,20765591,20772773,7182,mRNA
63763,20825988,20826456,468,mRNA
63764,20805827,20805983,156,mRNA
63765,20803313,20804208,895,mRNA
63766,20792605,20792738,133,mRNA
63767,20792355,20792544,189,mRNA
63768,20776094,20776248,154,mRNA
63769,20775498,20775562,64,mRNA
63770,20773391,20773557,166,mRNA
63771,20773152,20773330,178,mRNA
63772,20767628,20772773,5145,mRNA
63773,20825988,20826456,468,mRNA
63774,20805827,20805983,156,mRNA
63775,20792605,20792738,133,mRNA
63776,20792355,20792544,189,mRNA
63777,20776094,20776248,154,mRNA
63778,20775498,20775562,64,mRNA
63779,20773391,20773557,166,mRNA
63780,20773152,20773330,178,mRNA
63781,20771265,20772773,1508,mRNA
63782,20792605,20792853,248,mRNA
63783,20792355,20792544,189,mRNA
63784,20776094,20776248,154,mRNA
63785,20775498,20775562,64,mRNA
63786,20773391,20773557,166,mRNA
63787,20773152,20773330,178,mRNA
63788,20771265,20772773,1508,mRNA
63789,20787773,20788147,374,mRNA
63790,20784268,20785090,822,mRNA
63791,20776094,20776248,154,mRNA
63792,20775498,20775562,64,mRNA
63793,20773391,20773557,166,mRNA
63794,20773152,20773330,178,mRNA
63795,20771265,20772773,1508,mRNA
63796,20787773,20788145,372,mRNA
63797,20784268,20785090,822,mRNA
63798,20777070,20777571,501,mRNA
63799,20776094,20776248,154,mRNA
63800,20775498,20775562,64,mRNA
63801,20773391,20773557,166,mRNA
63802,20773152,20773330,178,mRNA
63803,20771265,20772773,1508,mRNA
63804,20825988,20826346,358,CDS
63805,20805827,20805983,156,CDS
63806,20792605,20792738,133,CDS
63807,20792355,20792544,189,CDS
63808,20776094,20776248,154,CDS
63809,20775498,20775562,64,CDS
63810,20773391,20773557,166,CDS
63811,20773152,20773330,178,CDS
63812,20772581,20772773,192,CDS
63813,20805827,20805877,50,CDS
63814,20792605,20792738,133,CDS
63815,20792355,20792544,189,CDS
63816,20776094,20776248,154,CDS
63817,20775498,20775562,64,CDS
63818,20773391,20773557,166,CDS
63819,20773152,20773330,178,CDS
63820,20772581,20772773,192,CDS
63821,20805827,20805877,50,CDS
63822,20792605,20792738,133,CDS
63823,20792355,20792544,189,CDS
63824,20776094,20776248,154,CDS
63825,20775498,20775562,64,CDS
63826,20773391,20773557,166,CDS
63827,20773152,20773330,178,CDS
63828,20772581,20772773,192,CDS
63829,20805827,20805877,50,CDS
63830,20792605,20792738,133,CDS
63831,20792355,20792544,189,CDS
63832,20776094,20776248,154,CDS
63833,20775498,20775562,64,CDS
63834,20773391,20773557,166,CDS
63835,20773152,20773330,178,CDS
63836,20772581,20772773,192,CDS
63837,20803313,20803315,2,CDS
63838,20792605,20792738,133,CDS
63839,20792355,20792544,189,CDS
63840,20776094,20776248,154,CDS
63841,20775498,20775562,64,CDS
63842,20773391,20773557,166,CDS
63843,20773152,20773330,178,CDS
63844,20772581,20772773,192,CDS
63845,20792355,20792474,119,CDS
63846,20776094,20776248,154,CDS
63847,20775498,20775562,64,CDS
63848,20773391,20773557,166,CDS
63849,20773152,20773330,178,CDS
63850,20772581,20772773,192,CDS
63851,20784268,20784627,359,CDS
63852,20776094,20776248,154,CDS
63853,20775498,20775562,64,CDS
63854,20773391,20773557,166,CDS
63855,20773152,20773330,178,CDS
63856,20772581,20772773,192,CDS
63857,20777070,20777261,191,CDS
63858,20776094,20776248,154,CDS
63859,20775498,20775562,64,CDS
63860,20773391,20773557,166,CDS
63861,20773152,20773330,178,CDS
63862,20772581,20772773,192,CDS
63863,20777766,20777807,41,mobile_element
63864,20780150,20781220,1070,gene
63865,20780335,20781220,885,mRNA
63866,20780150,20780269,119,mRNA
63867,20780572,20781153,581,CDS
63868,20781541,20782021,480,mobile_element
63869,20782766,20783281,515,mobile_element
63870,20806130,20806472,342,mobile_element
63871,20821636,20821778,142,mobile_element
63872,20822146,20825641,3495,gene
63873,20822146,20822283,137,mRNA
63874,20824290,20825641,1351,mRNA
63875,20824292,20825515,1223,CDS
63876,20836781,20844325,7544,mobile_element
63877,20856882,20857088,206,mobile_element
63878,20859728,20859803,75,mobile_element
63879,20864813,20865731,918,gene
63880,20864813,20865331,518,ncRNA
63881,20865386,20865731,345,ncRNA
63882,20867989,20869397,1408,gene
63883,20867989,20869397,1408,mRNA
63884,20868203,20869339,1136,CDS
63885,20874941,20875303,362,gene
63886,20874941,20875303,362,exon
63887,20880125,20880618,493,mobile_element
63888,20881814,20882626,812,gene
63889,20881814,20882626,812,mRNA
63890,20881894,20882541,647,CDS
63891,20890717,20890782,65,mobile_element
63892,20894781,20895045,264,mobile_element
63893,20928970,20929762,792,mobile_element
63894,20930499,20930855,356,mobile_element
63895,20930972,20933559,2587,gene
63896,20933354,20933559,205,mRNA
63897,20932857,20933263,406,mRNA
63898,20930972,20932774,1802,mRNA
63899,20933354,20933559,205,mRNA
63900,20930972,20933263,2291,mRNA
63901,20933321,20933559,238,mRNA
63902,20930972,20933263,2291,mRNA
63903,20933354,20933483,129,CDS
63904,20931132,20933263,2131,CDS
63905,20933321,20933483,162,CDS
63906,20931132,20933263,2131,CDS
63907,20933354,20933483,129,CDS
63908,20932857,20933263,406,CDS
63909,20932760,20932774,14,CDS
63910,20934869,20939503,4634,gene
63911,20934869,20936128,1259,mRNA
63912,20936283,20936584,301,mRNA
63913,20936716,20937672,956,mRNA
63914,20937733,20938142,409,mRNA
63915,20938273,20938427,154,mRNA
63916,20938617,20939503,886,mRNA
63917,20934953,20936128,1175,CDS
63918,20936283,20936584,301,CDS
63919,20936716,20937672,956,CDS
63920,20937733,20938142,409,CDS
63921,20938273,20938427,154,CDS
63922,20938617,20939381,764,CDS
63923,20940778,20942183,1405,mobile_element
63924,20956462,20956806,344,mobile_element
63925,20957045,20962415,5370,mobile_element
63926,20962605,20963505,900,gene
63927,20962605,20963505,900,mRNA
63928,20962708,20963487,779,CDS
63929,20964022,20964089,67,mobile_element
63930,20964527,20965419,892,gene
63931,20964527,20965419,892,mRNA
63932,20964621,20965403,782,CDS
63933,20978286,20978868,582,gene
63934,20978286,20978868,582,mRNA
63935,20978378,20978647,269,CDS
63936,20984686,20985246,560,gene
63937,20984686,20985246,560,mRNA
63938,20984721,20985011,290,CDS
63939,20996518,20996601,83,mobile_element
63940,21002452,21002932,480,mobile_element
63941,21004457,21004934,477,mobile_element
63942,21005982,21006332,350,mobile_element
63943,21023390,21025888,2498,gene
63944,21024789,21025888,1099,mRNA
63945,21024400,21024698,298,mRNA
63946,21023390,21024130,740,mRNA
63947,21024789,21025790,1001,CDS
63948,21024400,21024698,298,CDS
63949,21023647,21024130,483,CDS
63950,21026125,21028361,2236,gene
63951,21028180,21028361,181,mRNA
63952,21027903,21027952,49,mRNA
63953,21027738,21027844,106,mRNA
63954,21026125,21027021,896,mRNA
63955,21028180,21028361,181,mRNA
63956,21027903,21027952,49,mRNA
63957,21027738,21027844,106,mRNA
63958,21026288,21027021,733,mRNA
63959,21028180,21028275,95,CDS
63960,21027903,21027952,49,CDS
63961,21027738,21027844,106,CDS
63962,21026408,21027021,613,CDS
63963,21028180,21028275,95,CDS
63964,21027903,21027952,49,CDS
63965,21027738,21027844,106,CDS
63966,21026408,21027021,613,CDS
63967,21028652,21031950,3298,gene
63968,21031587,21031950,363,mRNA
63969,21028652,21031522,2870,mRNA
63970,21031587,21031950,363,mRNA
63971,21028652,21031533,2881,mRNA
63972,21029362,21029515,153,mobile_element
63973,21031587,21031950,363,mRNA
63974,21030072,21031522,1450,mRNA
63975,21031587,21031859,272,CDS
63976,21030257,21031522,1265,CDS
63977,21031587,21031859,272,CDS
63978,21030257,21031522,1265,CDS
63979,21030257,21031144,887,CDS
63980,21032880,21033357,477,mobile_element
63981,21033358,21033641,283,mobile_element
63982,21033642,21033774,132,mobile_element
63983,21033804,21034498,694,mobile_element
63984,21034555,21034629,74,mobile_element
63985,21035469,21041467,5998,gene
63986,21035469,21035721,252,mRNA
63987,21036399,21036470,71,mRNA
63988,21036539,21036637,98,mRNA
63989,21038746,21039946,1200,mRNA
63990,21040015,21041467,1452,mRNA
63991,21035469,21035721,252,mRNA
63992,21035831,21036090,259,mRNA
63993,21036399,21036470,71,mRNA
63994,21036539,21036637,98,mRNA
63995,21038746,21039543,797,mRNA
63996,21035469,21035721,252,mRNA
63997,21036399,21036470,71,mRNA
63998,21036539,21036637,98,mRNA
63999,21037610,21037994,384,mRNA
64000,21038746,21039543,797,mRNA
64001,21035469,21035721,252,mRNA
64002,21036399,21036470,71,mRNA
64003,21036539,21036637,98,mRNA
64004,21038746,21039076,330,mRNA
64005,21035614,21035721,107,CDS
64006,21036399,21036470,71,CDS
64007,21036539,21036637,98,CDS
64008,21038746,21038859,113,CDS
64009,21035614,21035721,107,CDS
64010,21036399,21036470,71,CDS
64011,21036539,21036637,98,CDS
64012,21038746,21038859,113,CDS
64013,21035614,21035721,107,CDS
64014,21036399,21036470,71,CDS
64015,21036539,21036637,98,CDS
64016,21037610,21037720,110,CDS
64017,21036414,21036470,56,CDS
64018,21036539,21036637,98,CDS
64019,21038746,21038859,113,CDS
64020,21036959,21037289,330,mobile_element
64021,21039514,21040605,1091,gene
64022,21040385,21040605,220,mRNA
64023,21040036,21040159,123,mRNA
64024,21039514,21039933,419,mRNA
64025,21040385,21040438,53,CDS
64026,21040036,21040159,123,CDS
64027,21039716,21039933,217,CDS
64028,21042125,21044107,1982,gene
64029,21042125,21042647,522,mRNA
64030,21043680,21044107,427,mRNA
64031,21042485,21042647,162,mRNA
64032,21043680,21044107,427,mRNA
64033,21042519,21042647,128,CDS
64034,21043680,21044006,326,CDS
64035,21042519,21042647,128,CDS
64036,21043680,21044006,326,CDS
64037,21043070,21043301,231,mRNA
64038,21043680,21044107,427,mRNA
64039,21043170,21043301,131,CDS
64040,21043680,21044006,326,CDS
64041,21043550,21044024,474,gene
64042,21043550,21044024,474,ncRNA
64043,21045138,21049096,3958,gene
64044,21045138,21045349,211,mRNA
64045,21047188,21047412,224,mRNA
64046,21047557,21048598,1041,mRNA
64047,21048665,21049096,431,mRNA
64048,21045261,21045349,88,mRNA
64049,21047188,21047412,224,mRNA
64050,21047557,21048598,1041,mRNA
64051,21048665,21049096,431,mRNA
64052,21046564,21046854,290,mRNA
64053,21047188,21047412,224,mRNA
64054,21047557,21048598,1041,mRNA
64055,21048665,21049096,431,mRNA
64056,21047190,21047412,222,CDS
64057,21047557,21048598,1041,CDS
64058,21048665,21048968,303,CDS
64059,21047190,21047412,222,CDS
64060,21047557,21048598,1041,CDS
64061,21048665,21048968,303,CDS
64062,21047190,21047412,222,CDS
64063,21047557,21048598,1041,CDS
64064,21048665,21048968,303,CDS
64065,21049885,21053937,4052,gene
64066,21053611,21053937,326,mRNA
64067,21052898,21053226,328,mRNA
64068,21052410,21052799,389,mRNA
64069,21051916,21052203,287,mRNA
64070,21051126,21051605,479,mRNA
64071,21049885,21050825,940,mRNA
64072,21053611,21053937,326,mRNA
64073,21052898,21053226,328,mRNA
64074,21052410,21052799,389,mRNA
64075,21051916,21052203,287,mRNA
64076,21051126,21051605,479,mRNA
64077,21049964,21050825,861,mRNA
64078,21053611,21053710,99,CDS
64079,21052898,21053226,328,CDS
64080,21052410,21052799,389,CDS
64081,21051916,21052203,287,CDS
64082,21051126,21051605,479,CDS
64083,21050271,21050825,554,CDS
64084,21053611,21053710,99,CDS
64085,21052898,21053226,328,CDS
64086,21052410,21052799,389,CDS
64087,21051916,21052203,287,CDS
64088,21051126,21051605,479,CDS
64089,21050271,21050825,554,CDS
64090,21050898,21050978,80,gene
64091,21050898,21050978,80,ncRNA
64092,21051686,21051734,48,gene
64093,21051686,21051734,48,ncRNA
64094,21052283,21052361,78,gene
64095,21052283,21052361,78,ncRNA
64096,21053963,21082391,28428,gene
64097,21053963,21054322,359,mRNA
64098,21060492,21061557,1065,mRNA
64099,21075365,21075522,157,mRNA
64100,21075592,21075694,102,mRNA
64101,21075773,21075922,149,mRNA
64102,21076041,21076182,141,mRNA
64103,21076965,21078937,1972,mRNA
64104,21054546,21054742,196,mRNA
64105,21060492,21061557,1065,mRNA
64106,21075365,21075522,157,mRNA
64107,21075592,21075694,102,mRNA
64108,21075773,21075922,149,mRNA
64109,21076041,21076182,141,mRNA
64110,21080047,21080079,32,mRNA
64111,21080780,21082391,1611,mRNA
64112,21054546,21054742,196,mRNA
64113,21060492,21061557,1065,mRNA
64114,21075365,21075522,157,mRNA
64115,21075592,21075694,102,mRNA
64116,21075773,21075922,149,mRNA
64117,21076041,21076182,141,mRNA
64118,21080780,21082391,1611,mRNA
64119,21054546,21054742,196,mRNA
64120,21060492,21061557,1065,mRNA
64121,21075365,21075522,157,mRNA
64122,21075592,21075694,102,mRNA
64123,21075773,21075922,149,mRNA
64124,21076041,21076182,141,mRNA
64125,21076965,21078937,1972,mRNA
64126,21061009,21061557,548,CDS
64127,21075365,21075522,157,CDS
64128,21075592,21075694,102,CDS
64129,21075773,21075922,149,CDS
64130,21076041,21076182,141,CDS
64131,21080047,21080079,32,CDS
64132,21080780,21080844,64,CDS
64133,21061009,21061557,548,CDS
64134,21075365,21075522,157,CDS
64135,21075592,21075694,102,CDS
64136,21075773,21075922,149,CDS
64137,21076041,21076182,141,CDS
64138,21080780,21080844,64,CDS
64139,21061009,21061557,548,CDS
64140,21075365,21075522,157,CDS
64141,21075592,21075694,102,CDS
64142,21075773,21075922,149,CDS
64143,21076041,21076182,141,CDS
64144,21076965,21077107,142,CDS
64145,21061009,21061557,548,CDS
64146,21075365,21075522,157,CDS
64147,21075592,21075694,102,CDS
64148,21075773,21075922,149,CDS
64149,21076041,21076182,141,CDS
64150,21076965,21077107,142,CDS
64151,21061919,21062346,427,mobile_element
64152,21062277,21067540,5263,gene
64153,21066600,21067540,940,mRNA
64154,21063802,21064043,241,mRNA
64155,21062277,21063415,1138,mRNA
64156,21066600,21067540,940,mRNA
64157,21063802,21064043,241,mRNA
64158,21062384,21063415,1031,mRNA
64159,21064451,21064588,137,mRNA
64160,21063802,21064043,241,mRNA
64161,21062384,21063415,1031,mRNA
64162,21064144,21064190,46,mRNA
64163,21063802,21064043,241,mRNA
64164,21062422,21063415,993,mRNA
64165,21066600,21067219,619,CDS
64166,21063802,21064043,241,CDS
64167,21062967,21063415,448,CDS
64168,21066600,21067219,619,CDS
64169,21063802,21064043,241,CDS
64170,21062967,21063415,448,CDS
64171,21064451,21064461,10,CDS
64172,21063802,21064043,241,CDS
64173,21062967,21063415,448,CDS
64174,21063802,21063979,177,CDS
64175,21062967,21063415,448,CDS
64176,21086202,21087156,954,mobile_element
64177,21088374,21088480,106,mobile_element
64178,21093844,21111417,17573,gene
64179,21093844,21111417,17573,gene
64180,21093844,21094685,841,mRNA
64181,21103930,21104105,175,mRNA
64182,21106634,21106729,95,mRNA
64183,21108097,21108237,140,mRNA
64184,21108307,21109270,963,mRNA
64185,21109723,21110351,628,mRNA
64186,21110468,21111417,949,mRNA
64187,21093844,21094685,841,mRNA
64188,21103930,21104105,175,mRNA
64189,21106634,21106729,95,mRNA
64190,21108097,21108237,140,mRNA
64191,21108307,21109270,963,mRNA
64192,21109723,21110351,628,mRNA
64193,21110468,21111417,949,mRNA
64194,21093985,21094685,700,CDS
64195,21103930,21104105,175,CDS
64196,21106634,21106729,95,CDS
64197,21108097,21108237,140,CDS
64198,21108307,21108536,229,CDS
64199,21095680,21102206,6526,gene
64200,21102023,21102206,183,mRNA
64201,21101070,21101928,858,mRNA
64202,21095680,21095900,220,mRNA
64203,21102023,21102077,54,CDS
64204,21101070,21101928,858,CDS
64205,21095702,21095900,198,CDS
64206,21096195,21096861,666,mobile_element
64207,21097045,21097323,278,mobile_element
64208,21102131,21102206,75,mRNA
64209,21102023,21102051,28,mRNA
64210,21101070,21101928,858,mRNA
64211,21099351,21099612,261,mRNA
64212,21102023,21102206,183,mRNA
64213,21101070,21101928,858,mRNA
64214,21099351,21099612,261,mRNA
64215,21102023,21102086,63,CDS
64216,21101070,21101928,858,CDS
64217,21099414,21099612,198,CDS
64218,21101070,21101818,748,CDS
64219,21099414,21099612,198,CDS
64220,21099849,21100262,413,mobile_element
64221,21104695,21106369,1674,gene
64222,21105620,21106369,749,mRNA
64223,21104695,21105349,654,mRNA
64224,21105620,21106369,749,mRNA
64225,21104863,21105349,486,mRNA
64226,21105620,21106152,532,CDS
64227,21104959,21105349,390,CDS
64228,21105620,21106152,532,CDS
64229,21104959,21105349,390,CDS
64230,21108783,21109270,487,CDS
64231,21109723,21110351,628,CDS
64232,21110468,21111123,655,CDS
64233,21109334,21109417,83,mobile_element
64234,21111414,21116914,5500,gene
64235,21116716,21116914,198,mRNA
64236,21116034,21116629,595,mRNA
64237,21115456,21115740,284,mRNA
64238,21113776,21115340,1564,mRNA
64239,21113031,21113668,637,mRNA
64240,21112671,21112967,296,mRNA
64241,21111414,21112608,1194,mRNA
64242,21116034,21116507,473,mRNA
64243,21115456,21115740,284,mRNA
64244,21113776,21115340,1564,mRNA
64245,21113031,21113668,637,mRNA
64246,21112671,21112967,296,mRNA
64247,21111414,21112608,1194,mRNA
64248,21116034,21116343,309,CDS
64249,21115456,21115740,284,CDS
64250,21113776,21115340,1564,CDS
64251,21113031,21113668,637,CDS
64252,21112671,21112967,296,CDS
64253,21111543,21112608,1065,CDS
64254,21116034,21116343,309,CDS
64255,21115456,21115740,284,CDS
64256,21113776,21115340,1564,CDS
64257,21113031,21113668,637,CDS
64258,21112671,21112967,296,CDS
64259,21111543,21112608,1065,CDS
64260,21117159,21120444,3285,gene
64261,21117159,21117615,456,mRNA
64262,21118316,21118771,455,mRNA
64263,21118862,21119662,800,mRNA
64264,21119779,21120333,554,mRNA
64265,21117159,21117404,245,mRNA
64266,21117459,21117615,156,mRNA
64267,21118316,21118771,455,mRNA
64268,21118862,21119662,800,mRNA
64269,21119779,21120333,554,mRNA
64270,21117161,21117404,243,mRNA
64271,21117463,21117615,152,mRNA
64272,21118316,21118771,455,mRNA
64273,21118862,21119662,800,mRNA
64274,21119779,21120444,665,mRNA
64275,21117161,21117411,250,mRNA
64276,21117459,21117615,156,mRNA
64277,21118316,21118771,455,mRNA
64278,21118862,21119662,800,mRNA
64279,21119779,21120333,554,mRNA
64280,21117161,21117411,250,mRNA
64281,21117463,21117615,152,mRNA
64282,21118316,21118771,455,mRNA
64283,21118862,21119662,800,mRNA
64284,21119779,21120333,554,mRNA
64285,21117496,21117615,119,CDS
64286,21118316,21118771,455,CDS
64287,21118862,21119662,800,CDS
64288,21119779,21120258,479,CDS
64289,21117496,21117615,119,CDS
64290,21118316,21118771,455,CDS
64291,21118862,21119662,800,CDS
64292,21119779,21120258,479,CDS
64293,21117496,21117615,119,CDS
64294,21118316,21118771,455,CDS
64295,21118862,21119662,800,CDS
64296,21119779,21120258,479,CDS
64297,21117496,21117615,119,CDS
64298,21118316,21118771,455,CDS
64299,21118862,21119662,800,CDS
64300,21119779,21120258,479,CDS
64301,21117496,21117615,119,CDS
64302,21118316,21118771,455,CDS
64303,21118862,21119662,800,CDS
64304,21119779,21120258,479,CDS
64305,21119529,21120176,647,gene
64306,21119814,21120176,362,ncRNA
64307,21119529,21119747,218,ncRNA
64308,21123634,21140951,17317,gene
64309,21123634,21124119,485,mRNA
64310,21132370,21132752,382,mRNA
64311,21132805,21132947,142,mRNA
64312,21133187,21133270,83,mRNA
64313,21133328,21133468,140,mRNA
64314,21133548,21133595,47,mRNA
64315,21133814,21133953,139,mRNA
64316,21134021,21135027,1006,mRNA
64317,21135090,21135210,120,mRNA
64318,21135375,21135565,190,mRNA
64319,21135626,21135963,337,mRNA
64320,21136021,21136676,655,mRNA
64321,21136859,21138117,1258,mRNA
64322,21138192,21138897,705,mRNA
64323,21139267,21140951,1684,mRNA
64324,21123634,21124119,485,mRNA
64325,21132370,21132752,382,mRNA
64326,21132805,21132947,142,mRNA
64327,21133187,21133270,83,mRNA
64328,21133328,21133468,140,mRNA
64329,21133548,21133595,47,mRNA
64330,21133814,21133953,139,mRNA
64331,21134021,21135027,1006,mRNA
64332,21135090,21135210,120,mRNA
64333,21135375,21135565,190,mRNA
64334,21135626,21135963,337,mRNA
64335,21136024,21136676,652,mRNA
64336,21136859,21138117,1258,mRNA
64337,21138192,21138897,705,mRNA
64338,21139267,21140254,987,mRNA
64339,21123634,21124119,485,mRNA
64340,21132370,21132752,382,mRNA
64341,21132805,21132947,142,mRNA
64342,21133187,21133270,83,mRNA
64343,21133328,21133468,140,mRNA
64344,21133814,21133953,139,mRNA
64345,21134021,21135027,1006,mRNA
64346,21135090,21135210,120,mRNA
64347,21135375,21135565,190,mRNA
64348,21135626,21135963,337,mRNA
64349,21136024,21136676,652,mRNA
64350,21136859,21138117,1258,mRNA
64351,21138192,21138897,705,mRNA
64352,21139267,21140254,987,mRNA
64353,21125511,21125869,358,mobile_element
64354,21129124,21129327,203,mobile_element
64355,21130319,21130694,375,mobile_element
64356,21132255,21132752,497,mRNA
64357,21132805,21132947,142,mRNA
64358,21133187,21133270,83,mRNA
64359,21133328,21133468,140,mRNA
64360,21133548,21133661,113,mRNA
64361,21132451,21132752,301,CDS
64362,21132805,21132947,142,CDS
64363,21133187,21133270,83,CDS
64364,21133328,21133468,140,CDS
64365,21133548,21133595,47,CDS
64366,21133814,21133953,139,CDS
64367,21134021,21135027,1006,CDS
64368,21135090,21135210,120,CDS
64369,21135375,21135565,190,CDS
64370,21135626,21135963,337,CDS
64371,21136021,21136676,655,CDS
64372,21136859,21138117,1258,CDS
64373,21138192,21138897,705,CDS
64374,21139267,21140127,860,CDS
64375,21132451,21132752,301,CDS
64376,21132805,21132947,142,CDS
64377,21133187,21133270,83,CDS
64378,21133328,21133468,140,CDS
64379,21133548,21133595,47,CDS
64380,21133814,21133953,139,CDS
64381,21134021,21135027,1006,CDS
64382,21135090,21135210,120,CDS
64383,21135375,21135565,190,CDS
64384,21135626,21135963,337,CDS
64385,21136024,21136676,652,CDS
64386,21136859,21138117,1258,CDS
64387,21138192,21138897,705,CDS
64388,21139267,21140127,860,CDS
64389,21132451,21132752,301,CDS
64390,21132805,21132947,142,CDS
64391,21133187,21133270,83,CDS
64392,21133328,21133468,140,CDS
64393,21133814,21133953,139,CDS
64394,21134021,21135027,1006,CDS
64395,21135090,21135210,120,CDS
64396,21135375,21135565,190,CDS
64397,21135626,21135963,337,CDS
64398,21136024,21136676,652,CDS
64399,21136859,21138117,1258,CDS
64400,21138192,21138897,705,CDS
64401,21139267,21140127,860,CDS
64402,21132451,21132752,301,CDS
64403,21132805,21132947,142,CDS
64404,21133187,21133270,83,CDS
64405,21133328,21133468,140,CDS
64406,21133548,21133627,79,CDS
64407,21132964,21133122,158,mobile_element
64408,21146281,21147041,760,gene
64409,21146700,21147041,341,mRNA
64410,21146575,21146603,28,mRNA
64411,21146281,21146516,235,mRNA
64412,21146700,21146955,255,CDS
64413,21146590,21146603,13,CDS
64414,21147091,21147448,357,mobile_element
64415,21147467,21149113,1646,mobile_element
64416,21149114,21149852,738,mobile_element
64417,21151432,21152970,1538,mobile_element
64418,21153842,21154736,894,mobile_element
64419,21154737,21154865,128,mobile_element
64420,21155432,21156173,741,gene
64421,21155432,21155667,235,exon
64422,21155726,21155754,28,exon
64423,21155851,21156173,322,exon
64424,21156259,21156621,362,gene
64425,21156259,21156621,362,exon
64426,21156816,21156968,152,mobile_element
64427,21156969,21157091,122,mobile_element
64428,21157555,21157927,372,mobile_element
64429,21157931,21158667,736,mobile_element
64430,21158686,21160332,1646,mobile_element
64431,21160333,21161071,738,mobile_element
64432,21162608,21164146,1538,mobile_element
64433,21164988,21165882,894,mobile_element
64434,21165883,21166011,128,mobile_element
64435,21170977,21171447,470,mobile_element
64436,21171513,21174790,3277,mobile_element
64437,21172862,21173923,1061,mobile_element
64438,21174813,21175100,287,mobile_element
64439,21175138,21175271,133,mobile_element
64440,21175301,21175366,65,mobile_element
64441,21175757,21176002,245,mobile_element
64442,21177354,21178010,656,mobile_element
64443,21180877,21181335,458,mobile_element
64444,21187979,21188759,780,gene
64445,21187979,21188759,780,ncRNA
64446,21191265,21191806,541,mobile_element
64447,21193253,21194521,1268,gene
64448,21193253,21193956,703,mRNA
64449,21194070,21194521,451,mRNA
64450,21193383,21193956,573,CDS
64451,21194070,21194287,217,CDS
64452,21202499,21203341,842,gene
64453,21202499,21203341,842,mRNA
64454,21202655,21203212,557,CDS
64455,21205310,21281171,75861,gene
64456,21281046,21281171,125,mRNA
64457,21279182,21279186,4,mRNA
64458,21211687,21211799,112,mRNA
64459,21211080,21211274,194,mRNA
64460,21205310,21206584,1274,mRNA
64461,21281046,21281171,125,mRNA
64462,21279182,21279186,4,mRNA
64463,21223580,21223647,67,mRNA
64464,21211687,21211799,112,mRNA
64465,21211080,21211274,194,mRNA
64466,21205310,21206584,1274,mRNA
64467,21281046,21281153,107,mRNA
64468,21211687,21211799,112,mRNA
64469,21205310,21206584,1274,mRNA
64470,21281046,21281153,107,mRNA
64471,21211687,21211799,112,mRNA
64472,21211080,21211274,194,mRNA
64473,21205310,21206584,1274,mRNA
64474,21281046,21281153,107,mRNA
64475,21279182,21279186,4,mRNA
64476,21223580,21223647,67,mRNA
64477,21211687,21211799,112,mRNA
64478,21211080,21211274,194,mRNA
64479,21205310,21206110,800,mRNA
64480,21211687,21211756,69,CDS
64481,21205683,21206584,901,CDS
64482,21211687,21211756,69,CDS
64483,21211080,21211274,194,CDS
64484,21205683,21206110,427,CDS
64485,21211687,21211756,69,CDS
64486,21211080,21211274,194,CDS
64487,21205683,21206584,901,CDS
64488,21211687,21211756,69,CDS
64489,21211080,21211274,194,CDS
64490,21205683,21206584,901,CDS
64491,21211687,21211756,69,CDS
64492,21211080,21211274,194,CDS
64493,21205683,21206584,901,CDS
64494,21281046,21281153,107,mRNA
64495,21211687,21211799,112,mRNA
64496,21207106,21209878,2772,mRNA
64497,21281046,21281171,125,mRNA
64498,21211687,21211799,112,mRNA
64499,21211080,21211274,194,mRNA
64500,21207675,21209533,1858,mRNA
64501,21281046,21281171,125,mRNA
64502,21223580,21223647,67,mRNA
64503,21211687,21211799,112,mRNA
64504,21211080,21211274,194,mRNA
64505,21207675,21209878,2203,mRNA
64506,21281046,21281171,125,mRNA
64507,21279182,21279186,4,mRNA
64508,21211687,21211799,112,mRNA
64509,21211080,21211274,194,mRNA
64510,21207675,21209878,2203,mRNA
64511,21211687,21211756,69,CDS
64512,21209097,21209878,781,CDS
64513,21211687,21211756,69,CDS
64514,21211080,21211274,194,CDS
64515,21209097,21209533,436,CDS
64516,21211687,21211756,69,CDS
64517,21211080,21211274,194,CDS
64518,21209097,21209878,781,CDS
64519,21211687,21211756,69,CDS
64520,21211080,21211274,194,CDS
64521,21209097,21209878,781,CDS
64522,21216041,21216501,460,mobile_element
64523,21217878,21218835,957,gene
64524,21217878,21218157,279,mRNA
64525,21218225,21218835,610,mRNA
64526,21217904,21218157,253,CDS
64527,21218225,21218759,534,CDS
64528,21231325,21231399,74,gene
64529,21231325,21231399,74,tRNA
64530,21232091,21232163,72,gene
64531,21232091,21232163,72,tRNA
64532,21249976,21251148,1172,gene
64533,21249976,21251148,1172,mRNA
64534,21250183,21251025,842,CDS
64535,21254758,21255285,527,mobile_element
64536,21272173,21272333,160,mobile_element
64537,21283438,21283711,273,mobile_element
64538,21285167,21285235,68,mobile_element
64539,21285301,21292458,7157,gene
64540,21285301,21286229,928,mRNA
64541,21286295,21286438,143,mRNA
64542,21286761,21288053,1292,mRNA
64543,21288121,21288500,379,mRNA
64544,21288723,21289175,452,mRNA
64545,21289403,21289743,340,mRNA
64546,21289896,21290219,323,mRNA
64547,21290285,21290633,348,mRNA
64548,21291132,21291881,749,mRNA
64549,21291953,21292458,505,mRNA
64550,21285301,21286229,928,mRNA
64551,21286295,21286438,143,mRNA
64552,21286761,21288053,1292,mRNA
64553,21288121,21288500,379,mRNA
64554,21288723,21289175,452,mRNA
64555,21289403,21289743,340,mRNA
64556,21289896,21290219,323,mRNA
64557,21290285,21290633,348,mRNA
64558,21291132,21291881,749,mRNA
64559,21291953,21292192,239,mRNA
64560,21285357,21286229,872,CDS
64561,21286295,21286438,143,CDS
64562,21286761,21288053,1292,CDS
64563,21288121,21288500,379,CDS
64564,21288723,21289175,452,CDS
64565,21289403,21289743,340,CDS
64566,21289896,21290219,323,CDS
64567,21290285,21290633,348,CDS
64568,21291132,21291881,749,CDS
64569,21291953,21292133,180,CDS
64570,21285357,21286229,872,CDS
64571,21286295,21286438,143,CDS
64572,21286761,21288053,1292,CDS
64573,21288121,21288500,379,CDS
64574,21288723,21289175,452,CDS
64575,21289403,21289743,340,CDS
64576,21289896,21290219,323,CDS
64577,21290285,21290633,348,CDS
64578,21291132,21291881,749,CDS
64579,21291953,21292133,180,CDS
64580,21290702,21290790,88,mobile_element
64581,21290817,21290885,68,mobile_element
64582,21292308,21306665,14357,gene
64583,21306335,21306665,330,mRNA
64584,21305530,21305743,213,mRNA
64585,21300151,21300435,284,mRNA
64586,21299544,21299609,65,mRNA
64587,21298346,21298934,588,mRNA
64588,21296850,21298274,1424,mRNA
64589,21296450,21296786,336,mRNA
64590,21296017,21296384,367,mRNA
64591,21295100,21295952,852,mRNA
64592,21294745,21294895,150,mRNA
64593,21294511,21294687,176,mRNA
64594,21293593,21294366,773,mRNA
64595,21292308,21293530,1222,mRNA
64596,21306095,21306665,570,mRNA
64597,21305530,21305743,213,mRNA
64598,21300151,21300435,284,mRNA
64599,21298346,21298934,588,mRNA
64600,21296850,21298274,1424,mRNA
64601,21296450,21296786,336,mRNA
64602,21296017,21296384,367,mRNA
64603,21295100,21295952,852,mRNA
64604,21294745,21294895,150,mRNA
64605,21294511,21294687,176,mRNA
64606,21293593,21294366,773,mRNA
64607,21293156,21293530,374,mRNA
64608,21292714,21292930,216,mRNA
64609,21302627,21302803,176,mRNA
64610,21300151,21300435,284,mRNA
64611,21298346,21298934,588,mRNA
64612,21296850,21298274,1424,mRNA
64613,21296450,21296786,336,mRNA
64614,21296017,21296384,367,mRNA
64615,21295100,21295952,852,mRNA
64616,21294745,21294895,150,mRNA
64617,21294511,21294687,176,mRNA
64618,21293593,21294366,773,mRNA
64619,21293342,21293530,188,mRNA
64620,21292714,21292930,216,mRNA
64621,21300151,21300362,211,CDS
64622,21298346,21298934,588,CDS
64623,21296850,21298274,1424,CDS
64624,21296450,21296786,336,CDS
64625,21296017,21296384,367,CDS
64626,21295100,21295952,852,CDS
64627,21294745,21294895,150,CDS
64628,21294511,21294687,176,CDS
64629,21293593,21294366,773,CDS
64630,21293342,21293530,188,CDS
64631,21292876,21292930,54,CDS
64632,21300151,21300362,211,CDS
64633,21298346,21298934,588,CDS
64634,21296850,21298274,1424,CDS
64635,21296450,21296786,336,CDS
64636,21296017,21296384,367,CDS
64637,21295100,21295952,852,CDS
64638,21294745,21294895,150,CDS
64639,21294511,21294687,176,CDS
64640,21293593,21294366,773,CDS
64641,21293338,21293530,192,CDS
64642,21300151,21300362,211,CDS
64643,21299544,21299609,65,CDS
64644,21298346,21298934,588,CDS
64645,21296850,21298274,1424,CDS
64646,21296450,21296786,336,CDS
64647,21296017,21296384,367,CDS
64648,21295100,21295952,852,CDS
64649,21294745,21294895,150,CDS
64650,21294511,21294687,176,CDS
64651,21293593,21294366,773,CDS
64652,21293338,21293530,192,CDS
64653,21296385,21296449,64,gene
64654,21296385,21296449,64,precursor_RNA
64655,21296386,21296407,21,ncRNA
64656,21296423,21296445,22,ncRNA
64657,21298275,21298345,70,gene
64658,21298275,21298345,70,precursor_RNA
64659,21298279,21298300,21,ncRNA
64660,21300516,21300764,248,mobile_element
64661,21304441,21304535,94,gene
64662,21304499,21304535,36,tRNA
64663,21304441,21304476,35,tRNA
64664,21304713,21304820,107,gene
64665,21304713,21304749,36,tRNA
64666,21304785,21304820,35,tRNA
64667,21307586,21317522,9936,gene
64668,21317341,21317522,181,mRNA
64669,21314838,21315111,273,mRNA
64670,21314151,21314736,585,mRNA
64671,21313940,21314083,143,mRNA
64672,21313128,21313884,756,mRNA
64673,21312327,21312811,484,mRNA
64674,21311957,21312236,279,mRNA
64675,21311069,21311579,510,mRNA
64676,21310161,21310846,685,mRNA
64677,21309331,21309469,138,mRNA
64678,21309090,21309272,182,mRNA
64679,21308226,21308885,659,mRNA
64680,21308087,21308152,65,mRNA
64681,21307586,21307935,349,mRNA
64682,21314838,21315055,217,CDS
64683,21314151,21314736,585,CDS
64684,21313940,21314083,143,CDS
64685,21313128,21313884,756,CDS
64686,21312327,21312811,484,CDS
64687,21311957,21312236,279,CDS
64688,21311069,21311579,510,CDS
64689,21310161,21310846,685,CDS
64690,21309331,21309469,138,CDS
64691,21309090,21309272,182,CDS
64692,21308226,21308885,659,CDS
64693,21308087,21308152,65,CDS
64694,21307683,21307935,252,CDS
64695,21309523,21309984,461,mobile_element
64696,21315457,21315869,412,mobile_element
64697,21316052,21317663,1611,gene
64698,21316052,21316195,143,mRNA
64699,21316259,21316403,144,mRNA
64700,21316549,21317663,1114,mRNA
64701,21316178,21316195,17,CDS
64702,21316259,21316403,144,CDS
64703,21316549,21317603,1054,CDS
64704,21317936,21319296,1360,gene
64705,21317936,21319296,1360,gene
64706,21319223,21319296,73,mRNA
64707,21317936,21319140,1204,mRNA
64708,21319223,21319296,73,mRNA
64709,21317936,21319140,1204,mRNA
64710,21317936,21319213,1277,mRNA
64711,21317936,21319213,1277,mRNA
64712,21318064,21318795,731,CDS
64713,21318064,21318795,731,CDS
64714,21318855,21319127,272,CDS
64715,21318855,21319127,272,CDS
64716,21319791,21324009,4218,gene
64717,21323131,21324009,878,mRNA
64718,21321905,21322153,248,mRNA
64719,21321637,21321819,182,mRNA
64720,21319791,21321513,1722,mRNA
64721,21323131,21324009,878,mRNA
64722,21321905,21322162,257,mRNA
64723,21319791,21321513,1722,mRNA
64724,21323131,21324009,878,mRNA
64725,21321905,21322162,257,mRNA
64726,21321637,21321819,182,mRNA
64727,21319791,21321513,1722,mRNA
64728,21323131,21323229,98,CDS
64729,21321905,21322153,248,CDS
64730,21321637,21321819,182,CDS
64731,21321322,21321513,191,CDS
64732,21323131,21323229,98,CDS
64733,21321905,21322162,257,CDS
64734,21321322,21321513,191,CDS
64735,21323131,21323229,98,CDS
64736,21321905,21322162,257,CDS
64737,21321637,21321819,182,CDS
64738,21321322,21321513,191,CDS
64739,21324046,21328150,4104,gene
64740,21324046,21324147,101,mRNA
64741,21324235,21324571,336,mRNA
64742,21324710,21325822,1112,mRNA
64743,21325889,21326170,281,mRNA
64744,21326228,21326743,515,mRNA
64745,21326803,21326996,193,mRNA
64746,21327061,21328150,1089,mRNA
64747,21324067,21324571,504,mRNA
64748,21324710,21325822,1112,mRNA
64749,21325889,21326170,281,mRNA
64750,21326228,21326743,515,mRNA
64751,21326803,21326996,193,mRNA
64752,21327061,21328150,1089,mRNA
64753,21324461,21324571,110,CDS
64754,21324710,21325822,1112,CDS
64755,21325889,21326170,281,CDS
64756,21326228,21326743,515,CDS
64757,21326803,21326996,193,CDS
64758,21327061,21327403,342,CDS
64759,21324461,21324571,110,CDS
64760,21324710,21325822,1112,CDS
64761,21325889,21326170,281,CDS
64762,21326228,21326743,515,CDS
64763,21326803,21326996,193,CDS
64764,21327061,21327403,342,CDS
64765,21328613,21339676,11063,gene
64766,21338772,21339020,248,mRNA
64767,21336775,21337057,282,mRNA
64768,21335995,21336480,485,mRNA
64769,21335167,21335930,763,mRNA
64770,21334872,21335041,169,mRNA
64771,21333021,21333957,936,mRNA
64772,21328613,21332365,3752,mRNA
64773,21338174,21339020,846,mRNA
64774,21336775,21337059,284,mRNA
64775,21335995,21336480,485,mRNA
64776,21335167,21335930,763,mRNA
64777,21334872,21335041,169,mRNA
64778,21334039,21334050,11,mRNA
64779,21333021,21333957,936,mRNA
64780,21328668,21332365,3697,mRNA
64781,21339490,21339676,186,mRNA
64782,21336775,21337059,284,mRNA
64783,21335995,21336480,485,mRNA
64784,21335167,21335930,763,mRNA
64785,21334872,21335041,169,mRNA
64786,21333021,21333957,936,mRNA
64787,21331342,21332365,1023,mRNA
64788,21338933,21339020,87,mRNA
64789,21336775,21337059,284,mRNA
64790,21335995,21336480,485,mRNA
64791,21335167,21335930,763,mRNA
64792,21334872,21335032,160,mRNA
64793,21334039,21334050,11,mRNA
64794,21333021,21333957,936,mRNA
64795,21331342,21332365,1023,mRNA
64796,21338772,21339020,248,mRNA
64797,21336775,21337059,284,mRNA
64798,21335995,21336480,485,mRNA
64799,21335167,21335930,763,mRNA
64800,21334872,21335041,169,mRNA
64801,21334039,21334050,11,mRNA
64802,21333021,21333957,936,mRNA
64803,21331342,21332365,1023,mRNA
64804,21336775,21336912,137,CDS
64805,21335995,21336480,485,CDS
64806,21335167,21335930,763,CDS
64807,21334872,21335032,160,CDS
64808,21334039,21334050,11,CDS
64809,21333021,21333957,936,CDS
64810,21331960,21332365,405,CDS
64811,21336775,21336912,137,CDS
64812,21335995,21336480,485,CDS
64813,21335167,21335930,763,CDS
64814,21334872,21335041,169,CDS
64815,21333021,21333957,936,CDS
64816,21331960,21332365,405,CDS
64817,21336775,21336912,137,CDS
64818,21335995,21336480,485,CDS
64819,21335167,21335930,763,CDS
64820,21334872,21335041,169,CDS
64821,21333021,21333957,936,CDS
64822,21331960,21332365,405,CDS
64823,21336775,21336912,137,CDS
64824,21335995,21336480,485,CDS
64825,21335167,21335930,763,CDS
64826,21334872,21335041,169,CDS
64827,21334039,21334050,11,CDS
64828,21333021,21333957,936,CDS
64829,21331960,21332365,405,CDS
64830,21336775,21336912,137,CDS
64831,21335995,21336480,485,CDS
64832,21335167,21335930,763,CDS
64833,21334872,21335041,169,CDS
64834,21334039,21334050,11,CDS
64835,21333021,21333957,936,CDS
64836,21331960,21332365,405,CDS
64837,21332478,21332551,73,mobile_element
64838,21338772,21339020,248,mRNA
64839,21336775,21337059,284,mRNA
64840,21335995,21336480,485,mRNA
64841,21335167,21335930,763,mRNA
64842,21334872,21335041,169,mRNA
64843,21332927,21334050,1123,mRNA
64844,21336775,21336912,137,CDS
64845,21335995,21336480,485,CDS
64846,21335167,21335930,763,CDS
64847,21334872,21335041,169,CDS
64848,21333980,21334050,70,CDS
64849,21339741,21345088,5347,gene
64850,21339741,21339947,206,mRNA
64851,21340111,21343265,3154,mRNA
64852,21343501,21343651,150,mRNA
64853,21343775,21345088,1313,mRNA
64854,21339894,21339947,53,CDS
64855,21340111,21343265,3154,CDS
64856,21343501,21343651,150,CDS
64857,21343775,21344185,410,CDS
64858,21345358,21346858,1500,gene
64859,21345358,21345508,150,mRNA
64860,21345620,21345952,332,mRNA
64861,21346322,21346858,536,mRNA
64862,21345451,21345508,57,CDS
64863,21345620,21345952,332,CDS
64864,21346322,21346431,109,CDS
64865,21346503,21349843,3340,gene
64866,21349306,21349843,537,mRNA
64867,21348002,21348704,702,mRNA
64868,21347531,21347933,402,mRNA
64869,21346957,21347432,475,mRNA
64870,21346503,21346749,246,mRNA
64871,21349306,21349751,445,CDS
64872,21348002,21348704,702,CDS
64873,21347531,21347933,402,CDS
64874,21346957,21347432,475,CDS
64875,21346564,21346749,185,CDS
64876,21350280,21357912,7632,gene
64877,21350280,21350850,570,mRNA
64878,21351860,21352485,625,mRNA
64879,21352753,21353665,912,mRNA
64880,21354094,21354413,319,mRNA
64881,21354480,21356068,1588,mRNA
64882,21356141,21356647,506,mRNA
64883,21356707,21356973,266,mRNA
64884,21357045,21357187,142,mRNA
64885,21357257,21357912,655,mRNA
64886,21350280,21350850,570,mRNA
64887,21351860,21352485,625,mRNA
64888,21352753,21353665,912,mRNA
64889,21354094,21354413,319,mRNA
64890,21354483,21356068,1585,mRNA
64891,21356141,21356647,506,mRNA
64892,21356707,21356973,266,mRNA
64893,21357045,21357187,142,mRNA
64894,21357257,21357912,655,mRNA
64895,21350280,21350850,570,mRNA
64896,21351860,21352485,625,mRNA
64897,21352753,21353063,310,mRNA
64898,21354094,21354413,319,mRNA
64899,21354480,21356068,1588,mRNA
64900,21356141,21356647,506,mRNA
64901,21356707,21356973,266,mRNA
64902,21357045,21357187,142,mRNA
64903,21357257,21357912,655,mRNA
64904,21350609,21350850,241,CDS
64905,21351860,21352485,625,CDS
64906,21352753,21353665,912,CDS
64907,21354094,21354413,319,CDS
64908,21354480,21356068,1588,CDS
64909,21356141,21356647,506,CDS
64910,21356707,21356973,266,CDS
64911,21357045,21357187,142,CDS
64912,21357257,21357434,177,CDS
64913,21350609,21350850,241,CDS
64914,21351860,21352485,625,CDS
64915,21352753,21353665,912,CDS
64916,21354094,21354413,319,CDS
64917,21354483,21356068,1585,CDS
64918,21356141,21356647,506,CDS
64919,21356707,21356973,266,CDS
64920,21357045,21357187,142,CDS
64921,21357257,21357434,177,CDS
64922,21350609,21350850,241,CDS
64923,21351860,21352485,625,CDS
64924,21352753,21353063,310,CDS
64925,21354094,21354102,8,CDS
64926,21351635,21351766,131,mRNA
64927,21351860,21352485,625,mRNA
64928,21352753,21353665,912,mRNA
64929,21354094,21354413,319,mRNA
64930,21354480,21356068,1588,mRNA
64931,21356141,21356647,506,mRNA
64932,21356707,21356973,266,mRNA
64933,21357045,21357187,142,mRNA
64934,21357257,21357912,655,mRNA
64935,21351762,21351766,4,CDS
64936,21351860,21352485,625,CDS
64937,21352753,21353665,912,CDS
64938,21354094,21354413,319,CDS
64939,21354480,21356068,1588,CDS
64940,21356141,21356647,506,CDS
64941,21356707,21356973,266,CDS
64942,21357045,21357187,142,CDS
64943,21357257,21357434,177,CDS
64944,21358286,21361688,3402,gene
64945,21358286,21358393,107,mRNA
64946,21359512,21359704,192,mRNA
64947,21359771,21360029,258,mRNA
64948,21360156,21360521,365,mRNA
64949,21360589,21361688,1099,mRNA
64950,21358376,21358393,17,CDS
64951,21359512,21359704,192,CDS
64952,21359771,21360029,258,CDS
64953,21360156,21360521,365,CDS
64954,21360589,21360838,249,CDS
64955,21361814,21361870,56,mobile_element
64956,21363028,21373145,10117,gene
64957,21363028,21373145,10117,gene
64958,21363028,21363601,573,mRNA
64959,21363660,21365259,1599,mRNA
64960,21369692,21370722,1030,mRNA
64961,21370793,21370874,81,mRNA
64962,21370983,21373145,2162,mRNA
64963,21363028,21363601,573,mRNA
64964,21363660,21365259,1599,mRNA
64965,21369692,21370722,1030,mRNA
64966,21370793,21370874,81,mRNA
64967,21370983,21373145,2162,mRNA
64968,21363059,21363601,542,CDS
64969,21363660,21365207,1547,CDS
64970,21368039,21368125,86,mRNA
64971,21369692,21370722,1030,mRNA
64972,21370793,21370874,81,mRNA
64973,21370983,21373145,2162,mRNA
64974,21368614,21368953,339,mRNA
64975,21369692,21370722,1030,mRNA
64976,21370793,21370874,81,mRNA
64977,21370983,21373145,2162,mRNA
64978,21369634,21370722,1088,mRNA
64979,21370793,21370874,81,mRNA
64980,21370983,21373145,2162,mRNA
64981,21369749,21370722,973,CDS
64982,21370793,21370874,81,CDS
64983,21370983,21372236,1253,CDS
64984,21369749,21370722,973,CDS
64985,21370793,21370874,81,CDS
64986,21370983,21372236,1253,CDS
64987,21369749,21370722,973,CDS
64988,21370793,21370874,81,CDS
64989,21370983,21372236,1253,CDS
64990,21369749,21370722,973,CDS
64991,21370793,21370874,81,CDS
64992,21370983,21372236,1253,CDS
64993,21372593,21373553,960,gene
64994,21373352,21373553,201,ncRNA
64995,21372593,21372783,190,ncRNA
64996,21373635,21374417,782,gene
64997,21373635,21374417,782,ncRNA
64998,21374002,21385159,11157,gene
64999,21374002,21374124,122,mRNA
65000,21376120,21376666,546,mRNA
65001,21379588,21379709,121,mRNA
65002,21380651,21380737,86,mRNA
65003,21380882,21381063,181,mRNA
65004,21382180,21382244,64,mRNA
65005,21382549,21382727,178,mRNA
65006,21382794,21382968,174,mRNA
65007,21383030,21383383,353,mRNA
65008,21383450,21383627,177,mRNA
65009,21383700,21385159,1459,mRNA
65010,21374312,21374821,509,mRNA
65011,21376120,21376666,546,mRNA
65012,21379588,21379709,121,mRNA
65013,21380651,21380737,86,mRNA
65014,21380882,21381063,181,mRNA
65015,21382180,21382244,64,mRNA
65016,21382549,21382727,178,mRNA
65017,21382794,21382968,174,mRNA
65018,21383030,21383383,353,mRNA
65019,21383450,21383627,177,mRNA
65020,21383700,21385159,1459,mRNA
65021,21374312,21374740,428,mRNA
65022,21376120,21376666,546,mRNA
65023,21379588,21379709,121,mRNA
65024,21380651,21380737,86,mRNA
65025,21380882,21381063,181,mRNA
65026,21381734,21381769,35,mRNA
65027,21382180,21382244,64,mRNA
65028,21382549,21382727,178,mRNA
65029,21382794,21382968,174,mRNA
65030,21383030,21383383,353,mRNA
65031,21383450,21383627,177,mRNA
65032,21383700,21385159,1459,mRNA
65033,21374312,21374740,428,mRNA
65034,21376120,21376666,546,mRNA
65035,21379973,21380094,121,mRNA
65036,21380651,21380737,86,mRNA
65037,21380882,21381063,181,mRNA
65038,21381734,21381769,35,mRNA
65039,21382180,21382244,64,mRNA
65040,21382549,21382727,178,mRNA
65041,21382794,21382968,174,mRNA
65042,21383030,21383383,353,mRNA
65043,21383450,21383627,177,mRNA
65044,21383700,21385159,1459,mRNA
65045,21374312,21374740,428,mRNA
65046,21376120,21376666,546,mRNA
65047,21379973,21380094,121,mRNA
65048,21380651,21380737,86,mRNA
65049,21380882,21381063,181,mRNA
65050,21382180,21382244,64,mRNA
65051,21382549,21382727,178,mRNA
65052,21382794,21382968,174,mRNA
65053,21383030,21383383,353,mRNA
65054,21383450,21383627,177,mRNA
65055,21383700,21385159,1459,mRNA
65056,21374312,21374459,147,mRNA
65057,21374658,21374740,82,mRNA
65058,21376120,21376666,546,mRNA
65059,21379973,21380094,121,mRNA
65060,21380651,21380737,86,mRNA
65061,21380882,21381063,181,mRNA
65062,21382180,21382244,64,mRNA
65063,21382549,21382727,178,mRNA
65064,21382794,21382968,174,mRNA
65065,21383030,21383383,353,mRNA
65066,21383450,21383627,177,mRNA
65067,21383700,21385159,1459,mRNA
65068,21374312,21374459,147,mRNA
65069,21376120,21376666,546,mRNA
65070,21379588,21379709,121,mRNA
65071,21380651,21380737,86,mRNA
65072,21380882,21381063,181,mRNA
65073,21382180,21382244,64,mRNA
65074,21382549,21382727,178,mRNA
65075,21382794,21382968,174,mRNA
65076,21383030,21383383,353,mRNA
65077,21383450,21383627,177,mRNA
65078,21383700,21385159,1459,mRNA
65079,21374312,21374740,428,mRNA
65080,21376120,21376666,546,mRNA
65081,21379588,21379709,121,mRNA
65082,21380651,21380737,86,mRNA
65083,21380882,21381063,181,mRNA
65084,21382180,21382244,64,mRNA
65085,21382549,21382727,178,mRNA
65086,21382794,21382968,174,mRNA
65087,21383030,21383383,353,mRNA
65088,21383450,21383627,177,mRNA
65089,21383700,21384289,589,mRNA
65090,21374767,21374821,54,mRNA
65091,21376120,21376666,546,mRNA
65092,21379588,21379709,121,mRNA
65093,21380651,21380737,86,mRNA
65094,21380882,21381063,181,mRNA
65095,21382180,21382244,64,mRNA
65096,21382549,21382727,178,mRNA
65097,21382794,21382968,174,mRNA
65098,21383030,21383383,353,mRNA
65099,21383450,21383627,177,mRNA
65100,21383700,21385159,1459,mRNA
65101,21375422,21375493,71,mRNA
65102,21376120,21376666,546,mRNA
65103,21379588,21379709,121,mRNA
65104,21380651,21380737,86,mRNA
65105,21380882,21381063,181,mRNA
65106,21381734,21381769,35,mRNA
65107,21382180,21382244,64,mRNA
65108,21382549,21382727,178,mRNA
65109,21382794,21382968,174,mRNA
65110,21383030,21383383,353,mRNA
65111,21383450,21383627,177,mRNA
65112,21383700,21385159,1459,mRNA
65113,21375422,21375493,71,mRNA
65114,21376120,21376666,546,mRNA
65115,21379588,21379709,121,mRNA
65116,21380651,21380737,86,mRNA
65117,21380882,21381063,181,mRNA
65118,21382180,21382244,64,mRNA
65119,21382549,21382727,178,mRNA
65120,21382794,21382968,174,mRNA
65121,21383030,21383383,353,mRNA
65122,21383450,21383627,177,mRNA
65123,21383700,21385159,1459,mRNA
65124,21375422,21375493,71,mRNA
65125,21376120,21376666,546,mRNA
65126,21379973,21380094,121,mRNA
65127,21380651,21380737,86,mRNA
65128,21380882,21381063,181,mRNA
65129,21382180,21382244,64,mRNA
65130,21382549,21382727,178,mRNA
65131,21382794,21382968,174,mRNA
65132,21383030,21383383,353,mRNA
65133,21383450,21383627,177,mRNA
65134,21383700,21384289,589,mRNA
65135,21376110,21376666,556,mRNA
65136,21379588,21379709,121,mRNA
65137,21380651,21380737,86,mRNA
65138,21380882,21381063,181,mRNA
65139,21382180,21382244,64,mRNA
65140,21382549,21382727,178,mRNA
65141,21382794,21382968,174,mRNA
65142,21383030,21383383,353,mRNA
65143,21383450,21383627,177,mRNA
65144,21383700,21385159,1459,mRNA
65145,21376205,21376666,461,CDS
65146,21379588,21379709,121,CDS
65147,21380651,21380737,86,CDS
65148,21380882,21381063,181,CDS
65149,21381734,21381769,35,CDS
65150,21382180,21382244,64,CDS
65151,21382549,21382727,178,CDS
65152,21382794,21382968,174,CDS
65153,21383030,21383383,353,CDS
65154,21383450,21383627,177,CDS
65155,21383700,21383905,205,CDS
65156,21376205,21376666,461,CDS
65157,21379588,21379709,121,CDS
65158,21380651,21380737,86,CDS
65159,21380882,21381063,181,CDS
65160,21381734,21381769,35,CDS
65161,21382180,21382244,64,CDS
65162,21382549,21382727,178,CDS
65163,21382794,21382968,174,CDS
65164,21383030,21383383,353,CDS
65165,21383450,21383627,177,CDS
65166,21383700,21383905,205,CDS
65167,21376205,21376666,461,CDS
65168,21379588,21379709,121,CDS
65169,21380651,21380737,86,CDS
65170,21380882,21381063,181,CDS
65171,21382180,21382244,64,CDS
65172,21382549,21382727,178,CDS
65173,21382794,21382968,174,CDS
65174,21383030,21383383,353,CDS
65175,21383450,21383627,177,CDS
65176,21383700,21383905,205,CDS
65177,21376205,21376666,461,CDS
65178,21379588,21379709,121,CDS
65179,21380651,21380737,86,CDS
65180,21380882,21381063,181,CDS
65181,21382180,21382244,64,CDS
65182,21382549,21382727,178,CDS
65183,21382794,21382968,174,CDS
65184,21383030,21383383,353,CDS
65185,21383450,21383627,177,CDS
65186,21383700,21383905,205,CDS
65187,21376205,21376666,461,CDS
65188,21379588,21379709,121,CDS
65189,21380651,21380737,86,CDS
65190,21380882,21381063,181,CDS
65191,21382180,21382244,64,CDS
65192,21382549,21382727,178,CDS
65193,21382794,21382968,174,CDS
65194,21383030,21383383,353,CDS
65195,21383450,21383627,177,CDS
65196,21383700,21383905,205,CDS
65197,21376205,21376666,461,CDS
65198,21379588,21379709,121,CDS
65199,21380651,21380737,86,CDS
65200,21380882,21381063,181,CDS
65201,21382180,21382244,64,CDS
65202,21382549,21382727,178,CDS
65203,21382794,21382968,174,CDS
65204,21383030,21383383,353,CDS
65205,21383450,21383627,177,CDS
65206,21383700,21383905,205,CDS
65207,21376205,21376666,461,CDS
65208,21379588,21379709,121,CDS
65209,21380651,21380737,86,CDS
65210,21380882,21381063,181,CDS
65211,21382180,21382244,64,CDS
65212,21382549,21382727,178,CDS
65213,21382794,21382968,174,CDS
65214,21383030,21383383,353,CDS
65215,21383450,21383627,177,CDS
65216,21383700,21383905,205,CDS
65217,21376205,21376666,461,CDS
65218,21379588,21379709,121,CDS
65219,21380651,21380737,86,CDS
65220,21380882,21381063,181,CDS
65221,21382180,21382244,64,CDS
65222,21382549,21382727,178,CDS
65223,21382794,21382968,174,CDS
65224,21383030,21383383,353,CDS
65225,21383450,21383627,177,CDS
65226,21383700,21383905,205,CDS
65227,21376205,21376666,461,CDS
65228,21379588,21379709,121,CDS
65229,21380651,21380737,86,CDS
65230,21380882,21381063,181,CDS
65231,21382180,21382244,64,CDS
65232,21382549,21382727,178,CDS
65233,21382794,21382968,174,CDS
65234,21383030,21383383,353,CDS
65235,21383450,21383627,177,CDS
65236,21383700,21383905,205,CDS
65237,21376205,21376666,461,CDS
65238,21379973,21380094,121,CDS
65239,21380651,21380737,86,CDS
65240,21380882,21381063,181,CDS
65241,21381734,21381769,35,CDS
65242,21382180,21382244,64,CDS
65243,21382549,21382727,178,CDS
65244,21382794,21382968,174,CDS
65245,21383030,21383383,353,CDS
65246,21383450,21383627,177,CDS
65247,21383700,21383905,205,CDS
65248,21376205,21376666,461,CDS
65249,21379973,21380094,121,CDS
65250,21380651,21380737,86,CDS
65251,21380882,21381063,181,CDS
65252,21382180,21382244,64,CDS
65253,21382549,21382727,178,CDS
65254,21382794,21382968,174,CDS
65255,21383030,21383383,353,CDS
65256,21383450,21383627,177,CDS
65257,21383700,21383905,205,CDS
65258,21376205,21376666,461,CDS
65259,21379973,21380094,121,CDS
65260,21380651,21380737,86,CDS
65261,21380882,21381063,181,CDS
65262,21382180,21382244,64,CDS
65263,21382549,21382727,178,CDS
65264,21382794,21382968,174,CDS
65265,21383030,21383383,353,CDS
65266,21383450,21383627,177,CDS
65267,21383700,21383905,205,CDS
65268,21376205,21376666,461,CDS
65269,21379973,21380094,121,CDS
65270,21380651,21380737,86,CDS
65271,21380882,21381063,181,CDS
65272,21382180,21382244,64,CDS
65273,21382549,21382727,178,CDS
65274,21382794,21382968,174,CDS
65275,21383030,21383383,353,CDS
65276,21383450,21383627,177,CDS
65277,21383700,21383905,205,CDS
65278,21382097,21382244,147,mRNA
65279,21382549,21382727,178,mRNA
65280,21382794,21382968,174,mRNA
65281,21383030,21383383,353,mRNA
65282,21383450,21383627,177,mRNA
65283,21383700,21385159,1459,mRNA
65284,21382570,21382727,157,CDS
65285,21382794,21382968,174,CDS
65286,21383030,21383383,353,CDS
65287,21383450,21383627,177,CDS
65288,21383700,21383905,205,CDS
65289,21385518,21387946,2428,gene
65290,21387786,21387946,160,mRNA
65291,21386974,21387725,751,mRNA
65292,21386350,21386778,428,mRNA
65293,21385518,21386291,773,mRNA
65294,21387786,21387946,160,mRNA
65295,21386974,21387725,751,mRNA
65296,21386350,21386778,428,mRNA
65297,21385671,21386291,620,mRNA
65298,21387786,21387851,65,CDS
65299,21386974,21387725,751,CDS
65300,21386350,21386778,428,CDS
65301,21385856,21386291,435,CDS
65302,21387786,21387851,65,CDS
65303,21386974,21387725,751,CDS
65304,21386350,21386778,428,CDS
65305,21385856,21386291,435,CDS
65306,21386845,21386935,90,gene
65307,21386845,21386935,90,ncRNA
65308,21388066,21388198,132,mobile_element
65309,21388977,21391533,2556,gene
65310,21388977,21389092,115,mRNA
65311,21389148,21389877,729,mRNA
65312,21389937,21391533,1596,mRNA
65313,21388977,21389092,115,mRNA
65314,21389148,21389877,729,mRNA
65315,21389937,21390983,1046,mRNA
65316,21389012,21389092,80,CDS
65317,21389148,21389877,729,CDS
65318,21389937,21390850,913,CDS
65319,21389012,21389092,80,CDS
65320,21389148,21389877,729,CDS
65321,21389937,21390850,913,CDS
65322,21395658,21395769,111,mobile_element
65323,21396727,21397316,589,gene
65324,21396727,21397316,589,mRNA
65325,21396843,21397280,437,CDS
65326,21398535,21398565,30,mobile_element
65327,21400011,21400837,826,gene
65328,21400011,21400837,826,ncRNA
65329,21402339,21402772,433,gene
65330,21402339,21402772,433,mRNA
65331,21402381,21402772,391,mRNA
65332,21402460,21402717,257,CDS
65333,21402460,21402717,257,CDS
65334,21409402,21410546,1144,gene
65335,21410450,21410546,96,ncRNA
65336,21409402,21409930,528,ncRNA
65337,21413151,21413186,35,mobile_element
65338,21421362,21421863,501,mobile_element
65339,21422115,21457738,35623,gene
65340,21457551,21457738,187,mRNA
65341,21442422,21442725,303,mRNA
65342,21441585,21441754,169,mRNA
65343,21435403,21435588,185,mRNA
65344,21431961,21432153,192,mRNA
65345,21431598,21431726,128,mRNA
65346,21426584,21426703,119,mRNA
65347,21425485,21425655,170,mRNA
65348,21425129,21425184,55,mRNA
65349,21422115,21424983,2868,mRNA
65350,21457466,21457738,272,mRNA
65351,21442422,21442725,303,mRNA
65352,21441618,21441724,106,mRNA
65353,21435403,21435588,185,mRNA
65354,21431961,21432153,192,mRNA
65355,21431598,21431726,128,mRNA
65356,21426584,21426703,119,mRNA
65357,21425485,21425655,170,mRNA
65358,21425129,21425184,55,mRNA
65359,21422115,21424983,2868,mRNA
65360,21457466,21457738,272,mRNA
65361,21442422,21442725,303,mRNA
65362,21441585,21441754,169,mRNA
65363,21435403,21435588,185,mRNA
65364,21431961,21432153,192,mRNA
65365,21431598,21431726,128,mRNA
65366,21426584,21426703,119,mRNA
65367,21425485,21425655,170,mRNA
65368,21425129,21425184,55,mRNA
65369,21422115,21424983,2868,mRNA
65370,21442422,21442668,246,CDS
65371,21441618,21441724,106,CDS
65372,21435403,21435588,185,CDS
65373,21431961,21432153,192,CDS
65374,21431598,21431726,128,CDS
65375,21426584,21426703,119,CDS
65376,21425485,21425655,170,CDS
65377,21425129,21425184,55,CDS
65378,21424588,21424983,395,CDS
65379,21442422,21442668,246,CDS
65380,21441585,21441754,169,CDS
65381,21435403,21435588,185,CDS
65382,21431961,21432153,192,CDS
65383,21431598,21431726,128,CDS
65384,21426584,21426703,119,CDS
65385,21425485,21425655,170,CDS
65386,21425129,21425184,55,CDS
65387,21424588,21424983,395,CDS
65388,21442422,21442668,246,CDS
65389,21441585,21441754,169,CDS
65390,21435403,21435588,185,CDS
65391,21431961,21432153,192,CDS
65392,21431598,21431726,128,CDS
65393,21426584,21426703,119,CDS
65394,21425485,21425655,170,CDS
65395,21425129,21425184,55,CDS
65396,21424588,21424983,395,CDS
65397,21428614,21429256,642,gene
65398,21428614,21429256,642,mRNA
65399,21428692,21429243,551,CDS
65400,21429920,21429958,38,mobile_element
65401,21434215,21434462,247,mobile_element
65402,21457551,21457738,187,mRNA
65403,21442422,21442725,303,mRNA
65404,21440775,21441754,979,mRNA
65405,21457466,21457738,272,mRNA
65406,21442422,21442725,303,mRNA
65407,21440775,21441754,979,mRNA
65408,21442422,21442668,246,CDS
65409,21441429,21441754,325,CDS
65410,21442422,21442668,246,CDS
65411,21441429,21441754,325,CDS
65412,21452169,21452596,427,mobile_element
65413,21458755,21464124,5369,mobile_element
65414,21467128,21467601,473,gene
65415,21467128,21467601,473,ncRNA
65416,21467983,21468479,496,gene
65417,21467983,21468479,496,ncRNA
65418,21468753,21468963,210,mobile_element
65419,21474457,21474767,310,mobile_element
65420,21477254,21478945,1691,gene
65421,21477254,21478945,1691,mRNA
65422,21477254,21478945,1691,CDS
65423,21479654,21479949,295,gene
65424,21479654,21479949,295,ncRNA
65425,21480757,21481124,367,gene
65426,21480757,21481124,367,ncRNA
65427,21481908,21482030,122,mobile_element
65428,21483082,21483519,437,gene
65429,21483082,21483519,437,ncRNA
65430,21486979,21487045,66,mobile_element
65431,21495753,21495875,122,mobile_element
65432,21496526,21520017,23491,gene
65433,21519852,21520017,165,ncRNA
65434,21496526,21497121,595,ncRNA
65435,21505922,21506555,633,mobile_element
65436,21517434,21519218,1784,gene
65437,21517434,21519218,1784,mRNA
65438,21517549,21519138,1589,CDS
65439,21520106,21521878,1772,mobile_element
65440,21521879,21523176,1297,mobile_element
65441,21523177,21556097,32920,mobile_element
65442,21523759,21553766,30007,mobile_element
65443,21526756,21526994,238,mobile_element
65444,21527605,21527758,153,mobile_element
65445,21528267,21528403,136,mobile_element
65446,21530037,21530061,24,mobile_element
65447,21530415,21531220,805,mobile_element
65448,21531221,21531251,30,mobile_element
65449,21532621,21533632,1011,mobile_element
65450,21534506,21535834,1328,mobile_element
65451,21535843,21552942,17099,mobile_element
65452,21536593,21544007,7414,mobile_element
65453,21558208,21558273,65,mobile_element
65454,21565148,21565242,94,mobile_element
65455,21583802,21584575,773,gene
65456,21583802,21584575,773,ncRNA
65457,21583802,21584050,248,ncRNA
65458,21584122,21584466,344,ncRNA
65459,21585144,21585204,60,mobile_element
65460,21585301,21585858,557,mobile_element
65461,21587417,21587677,260,mobile_element
65462,21595285,21595491,206,mobile_element
65463,21595636,21598644,3008,mobile_element
65464,21600502,21605264,4762,gene
65465,21605152,21605264,112,mRNA
65466,21604463,21604592,129,mRNA
65467,21602981,21603730,749,mRNA
65468,21601344,21602829,1485,mRNA
65469,21600502,21601274,772,mRNA
65470,21605174,21605264,90,mRNA
65471,21604463,21604592,129,mRNA
65472,21602981,21603730,749,mRNA
65473,21601344,21602829,1485,mRNA
65474,21600600,21601274,674,mRNA
65475,21605078,21605264,186,mRNA
65476,21604463,21604592,129,mRNA
65477,21602981,21603730,749,mRNA
65478,21601344,21602829,1485,mRNA
65479,21600600,21601274,674,mRNA
65480,21604714,21604936,222,mRNA
65481,21604463,21604592,129,mRNA
65482,21602981,21603730,749,mRNA
65483,21601344,21602829,1485,mRNA
65484,21600600,21601274,674,mRNA
65485,21604463,21604680,217,mRNA
65486,21602981,21603730,749,mRNA
65487,21601344,21602829,1485,mRNA
65488,21600600,21601274,674,mRNA
65489,21604463,21604569,106,CDS
65490,21602981,21603730,749,CDS
65491,21601344,21602829,1485,CDS
65492,21600843,21601274,431,CDS
65493,21604463,21604569,106,CDS
65494,21602981,21603730,749,CDS
65495,21601344,21602829,1485,CDS
65496,21600843,21601274,431,CDS
65497,21604463,21604569,106,CDS
65498,21602981,21603730,749,CDS
65499,21601344,21602829,1485,CDS
65500,21600843,21601274,431,CDS
65501,21604463,21604569,106,CDS
65502,21602981,21603730,749,CDS
65503,21601344,21602829,1485,CDS
65504,21600843,21601274,431,CDS
65505,21604463,21604569,106,CDS
65506,21602981,21603730,749,CDS
65507,21601344,21602829,1485,CDS
65508,21600843,21601274,431,CDS
65509,21604032,21604380,348,mobile_element
65510,21605652,21605725,73,mobile_element
65511,21605884,21608920,3036,gene
65512,21607507,21608091,584,mRNA
65513,21606796,21607383,587,mRNA
65514,21605884,21606632,748,mRNA
65515,21608532,21608920,388,mRNA
65516,21607507,21607859,352,mRNA
65517,21606796,21607383,587,mRNA
65518,21605968,21606632,664,mRNA
65519,21607507,21608091,584,mRNA
65520,21606796,21607383,587,mRNA
65521,21605968,21606632,664,mRNA
65522,21608532,21608858,326,CDS
65523,21607507,21607859,352,CDS
65524,21606796,21607383,587,CDS
65525,21606095,21606632,537,CDS
65526,21607507,21607943,436,CDS
65527,21606796,21607383,587,CDS
65528,21606095,21606632,537,CDS
65529,21607507,21607943,436,CDS
65530,21606796,21607383,587,CDS
65531,21606095,21606632,537,CDS
65532,21609357,21611526,2169,gene
65533,21611402,21611526,124,mRNA
65534,21611086,21611342,256,mRNA
65535,21609357,21610034,677,mRNA
65536,21611402,21611469,67,CDS
65537,21611086,21611342,256,CDS
65538,21609508,21610034,526,CDS
65539,21611797,21615239,3442,gene
65540,21614624,21615239,615,mRNA
65541,21613599,21613951,352,mRNA
65542,21612888,21613475,587,mRNA
65543,21612004,21612727,723,mRNA
65544,21611797,21611933,136,mRNA
65545,21613599,21614183,584,mRNA
65546,21612888,21613475,587,mRNA
65547,21612004,21612727,723,mRNA
65548,21611797,21611933,136,mRNA
65549,21614624,21614950,326,CDS
65550,21613599,21613951,352,CDS
65551,21612888,21613475,587,CDS
65552,21612190,21612727,537,CDS
65553,21613599,21614035,436,CDS
65554,21612888,21613475,587,CDS
65555,21612190,21612727,537,CDS
65556,21615449,21617617,2168,gene
65557,21617494,21617617,123,mRNA
65558,21617178,21617434,256,mRNA
65559,21615449,21616126,677,mRNA
65560,21617494,21617561,67,CDS
65561,21617178,21617434,256,CDS
65562,21615600,21616126,526,CDS
65563,21617889,21621104,3215,gene
65564,21620716,21621104,388,mRNA
65565,21619691,21620043,352,mRNA
65566,21618980,21619567,587,mRNA
65567,21618096,21618819,723,mRNA
65568,21617889,21618025,136,mRNA
65569,21619691,21620275,584,mRNA
65570,21618980,21619567,587,mRNA
65571,21618096,21618819,723,mRNA
65572,21617889,21618025,136,mRNA
65573,21620716,21621042,326,CDS
65574,21619691,21620043,352,CDS
65575,21618980,21619567,587,CDS
65576,21618282,21618819,537,CDS
65577,21619691,21620127,436,CDS
65578,21618980,21619567,587,CDS
65579,21618282,21618819,537,CDS
65580,21621541,21623750,2209,gene
65581,21623602,21623750,148,mRNA
65582,21623286,21623542,256,mRNA
65583,21621541,21622218,677,mRNA
65584,21623602,21623669,67,CDS
65585,21623286,21623542,256,CDS
65586,21621692,21622218,526,CDS
65587,21623866,21624608,742,mobile_element
65588,21624796,21630148,5352,gene
65589,21630067,21630148,81,mRNA
65590,21628361,21628709,348,mRNA
65591,21626313,21626890,577,mRNA
65592,21624796,21626252,1456,mRNA
65593,21629974,21630148,174,mRNA
65594,21628361,21628709,348,mRNA
65595,21626313,21626890,577,mRNA
65596,21624796,21626252,1456,mRNA
65597,21629974,21630148,174,mRNA
65598,21628361,21628754,393,mRNA
65599,21626313,21626890,577,mRNA
65600,21624796,21626252,1456,mRNA
65601,21629974,21630148,174,mRNA
65602,21628920,21629792,872,mRNA
65603,21628361,21628754,393,mRNA
65604,21626313,21626890,577,mRNA
65605,21624796,21626252,1456,mRNA
65606,21629974,21630148,174,mRNA
65607,21628844,21629792,948,mRNA
65608,21628361,21628709,348,mRNA
65609,21626313,21626890,577,mRNA
65610,21624796,21626252,1456,mRNA
65611,21629974,21630148,174,mRNA
65612,21628844,21629792,948,mRNA
65613,21628361,21628754,393,mRNA
65614,21626313,21626890,577,mRNA
65615,21624796,21626252,1456,mRNA
65616,21628361,21630148,1787,mRNA
65617,21626313,21626890,577,mRNA
65618,21624796,21626252,1456,mRNA
65619,21629974,21630148,174,mRNA
65620,21628848,21629792,944,mRNA
65621,21628361,21628754,393,mRNA
65622,21626313,21626890,577,mRNA
65623,21625150,21626252,1102,mRNA
65624,21629974,21630036,62,CDS
65625,21628361,21628709,348,CDS
65626,21626313,21626890,577,CDS
65627,21626055,21626252,197,CDS
65628,21629974,21630036,62,CDS
65629,21628361,21628754,393,CDS
65630,21626313,21626890,577,CDS
65631,21626055,21626252,197,CDS
65632,21628844,21628903,59,CDS
65633,21628361,21628709,348,CDS
65634,21626313,21626890,577,CDS
65635,21626055,21626252,197,CDS
65636,21628844,21628903,59,CDS
65637,21628361,21628754,393,CDS
65638,21626313,21626890,577,CDS
65639,21626055,21626252,197,CDS
65640,21628361,21628721,360,CDS
65641,21626313,21626890,577,CDS
65642,21626055,21626252,197,CDS
65643,21628361,21628721,360,CDS
65644,21626313,21626890,577,CDS
65645,21626055,21626252,197,CDS
65646,21628361,21628721,360,CDS
65647,21626313,21626890,577,CDS
65648,21626055,21626252,197,CDS
65649,21628361,21628514,153,CDS
65650,21626313,21626890,577,CDS
65651,21626055,21626252,197,CDS
65652,21626952,21628249,1297,mobile_element
65653,21630936,21631433,497,gene
65654,21630936,21631051,115,ncRNA
65655,21631137,21631433,296,ncRNA
65656,21631891,21790731,158840,gene
65657,21631891,21632472,581,ncRNA
65658,21790632,21790731,99,ncRNA
65659,21631891,21632322,431,ncRNA
65660,21633959,21634106,147,ncRNA
65661,21723533,21723625,92,ncRNA
65662,21631891,21632322,431,ncRNA
65663,21633959,21634106,147,ncRNA
65664,21669663,21669693,30,ncRNA
65665,21631891,21632322,431,ncRNA
65666,21633959,21634066,107,ncRNA
65667,21669663,21669693,30,ncRNA
65668,21631891,21632322,431,ncRNA
65669,21633959,21634106,147,ncRNA
65670,21637825,21638161,336,ncRNA
65671,21631891,21632322,431,ncRNA
65672,21633038,21633080,42,ncRNA
65673,21633959,21633999,40,ncRNA
65674,21635748,21635801,53,ncRNA
65675,21636089,21636842,753,ncRNA
65676,21631891,21632322,431,ncRNA
65677,21636089,21636842,753,ncRNA
65678,21631891,21632322,431,ncRNA
65679,21633959,21634106,147,ncRNA
65680,21636089,21636443,354,ncRNA
65681,21631891,21632322,431,ncRNA
65682,21633959,21634615,656,ncRNA
65683,21631891,21632638,747,ncRNA
65684,21632661,21636022,3361,mobile_element
65685,21633014,21633991,977,mobile_element
65686,21634034,21634436,402,mobile_element
65687,21636322,21636539,217,mobile_element
65688,21636540,21636663,123,mobile_element
65689,21637141,21637715,574,mobile_element
65690,21637749,21637854,105,mobile_element
65691,21639736,21639985,249,mobile_element
65692,21640019,21655539,15520,mobile_element
65693,21641243,21648779,7536,mobile_element
65694,21655544,21656067,523,mobile_element
65695,21656380,21656672,292,mobile_element
65696,21656779,21656880,101,mobile_element
65697,21657207,21657758,551,mobile_element
65698,21657888,21658133,245,mobile_element
65699,21658134,21667897,9763,mobile_element
65700,21662245,21666948,4703,mobile_element
65701,21668988,21669244,256,mobile_element
65702,21669671,21669969,298,mobile_element
65703,21670031,21672392,2361,mobile_element
65704,21672402,21678772,6370,mobile_element
65705,21672490,21676734,4244,mobile_element
65706,21678773,21680584,1811,mobile_element
65707,21680585,21687341,6756,mobile_element
65708,21687354,21687593,239,mobile_element
65709,21687594,21687765,171,mobile_element
65710,21687766,21689242,1476,mobile_element
65711,21689243,21704638,15395,mobile_element
65712,21689685,21696754,7069,mobile_element
65713,21701193,21701632,439,mobile_element
65714,21704639,21707241,2602,mobile_element
65715,21705120,21706917,1797,mobile_element
65716,21707260,21709386,2126,mobile_element
65717,21709387,21716795,7408,mobile_element
65718,21711343,21715777,4434,mobile_element
65719,21716913,21731788,14875,mobile_element
65720,21723964,21731592,7628,mobile_element
65721,21731789,21732652,863,mobile_element
65722,21732516,21732615,99,mobile_element
65723,21732840,21733027,187,mobile_element
65724,21733229,21739733,6504,mobile_element
65725,21739929,21740613,684,mobile_element
65726,21740625,21744041,3416,mobile_element
65727,21741460,21741704,244,mobile_element
65728,21744042,21744884,842,mobile_element
65729,21744885,21747236,2351,mobile_element
65730,22143102,22143816,714,gene
65731,22143102,22143417,315,mRNA
65732,22143491,22143816,325,mRNA
65733,22143102,22143417,315,CDS
65734,22143491,22143816,325,CDS
65735,22251626,22252340,714,gene
65736,22251626,22251941,315,mRNA
65737,22252015,22252340,325,mRNA
65738,22251626,22251941,315,CDS
65739,22252015,22252340,325,CDS
65740,22261196,22262543,1347,mobile_element
65741,22262603,22263448,845,mobile_element
65742,22362814,22362843,29,mobile_element
65743,22362852,22362996,144,mobile_element
65744,22363737,22364142,405,mobile_element
65745,22364417,22364763,346,mobile_element
65746,22364767,22369596,4829,mobile_element
65747,22370448,22370477,29,mobile_element
65748,22370486,22370630,144,mobile_element
65749,22371371,22371775,404,mobile_element
65750,22371949,22373681,1732,mobile_element
65751,22373707,22373827,120,mobile_element
65752,22373988,22375455,1467,mobile_element
65753,22374231,22374256,25,mobile_element
65754,22375667,22378065,2398,mobile_element
65755,22378847,22381245,2398,mobile_element
65756,22382112,22382233,121,mobile_element
65757,22382298,22382658,360,mobile_element
65758,22383582,22386747,3165,mobile_element
65759,22386054,22386429,375,mobile_element
65760,22388512,22388697,185,mobile_element
65761,22388781,22390163,1382,mobile_element
65762,22389035,22390124,1089,mobile_element
65763,22390170,22391379,1209,mobile_element
65764,22391381,22391847,466,mobile_element
65765,22391848,22392372,524,mobile_element
65766,22393808,22393993,185,mobile_element
65767,22394077,22395459,1382,mobile_element
65768,22394331,22395420,1089,mobile_element
65769,22395466,22396675,1209,mobile_element
65770,22396677,22397140,463,mobile_element
65771,22397141,22398521,1380,mobile_element
65772,22398813,22399292,479,mobile_element
65773,22399670,22399775,105,mobile_element
65774,22399791,22403917,4126,mobile_element
65775,22403918,22404227,309,mobile_element
65776,22404884,22405098,214,mobile_element
65777,22406729,22413355,6626,mobile_element
65778,22408553,22408923,370,mobile_element
65779,22408942,22413264,4322,mobile_element
65780,22415029,22415088,59,mobile_element
65781,22415178,22415458,280,mobile_element
65782,22415459,22415606,147,mobile_element
65783,22415946,22423876,7930,mobile_element
65784,22417089,22422470,5381,mobile_element
65785,22423986,22425736,1750,mobile_element
65786,22427099,22429821,2722,mobile_element
65787,22429862,22429999,137,mobile_element
65788,22430064,22435354,5290,mobile_element
65789,22434205,22434549,344,mobile_element
65790,22435355,22435485,130,mobile_element
65791,22435523,22435700,177,mobile_element
65792,22435712,22436087,375,mobile_element
65793,22437338,22437373,35,mobile_element
65794,22437589,22442616,5027,mobile_element
65795,22437681,22441909,4228,mobile_element
65796,22438878,22441364,2486,mobile_element
65797,22439892,22441322,1430,mobile_element
65798,22442032,22442373,341,mobile_element
65799,22444227,22447808,3581,gene
65800,22444227,22445308,1081,mRNA
65801,22445775,22445983,208,mRNA
65802,22446049,22446174,125,mRNA
65803,22446531,22447181,650,mRNA
65804,22444661,22444756,95,mRNA
65805,22444818,22445308,490,mRNA
65806,22445775,22445983,208,mRNA
65807,22446049,22446174,125,mRNA
65808,22446531,22447808,1277,mRNA
65809,22444749,22445308,559,mRNA
65810,22445775,22445983,208,mRNA
65811,22446049,22446174,125,mRNA
65812,22446531,22447181,650,mRNA
65813,22444749,22445042,293,mRNA
65814,22445128,22445308,180,mRNA
65815,22445775,22445983,208,mRNA
65816,22446049,22446174,125,mRNA
65817,22446531,22447181,650,mRNA
65818,22444981,22445308,327,CDS
65819,22445775,22445983,208,CDS
65820,22446049,22446174,125,CDS
65821,22446531,22446989,458,CDS
65822,22444981,22445308,327,CDS
65823,22445775,22445983,208,CDS
65824,22446049,22446174,125,CDS
65825,22446531,22446989,458,CDS
65826,22444981,22445308,327,CDS
65827,22445775,22445983,208,CDS
65828,22446049,22446174,125,CDS
65829,22446531,22446989,458,CDS
65830,22445786,22445983,197,CDS
65831,22446049,22446174,125,CDS
65832,22446531,22446989,458,CDS
65833,22447183,22449491,2308,gene
65834,22448532,22449403,871,mRNA
65835,22447183,22448136,953,mRNA
65836,22448532,22449491,959,mRNA
65837,22447741,22448136,395,mRNA
65838,22448532,22449235,703,CDS
65839,22447926,22448136,210,CDS
65840,22448532,22449235,703,CDS
65841,22447926,22448136,210,CDS
65842,22449737,22451463,1726,gene
65843,22449737,22449773,36,mRNA
65844,22449848,22449954,106,mRNA
65845,22450017,22450863,846,mRNA
65846,22451036,22451248,212,mRNA
65847,22451310,22451463,153,mRNA
65848,22449945,22449954,9,CDS
65849,22450017,22450863,846,CDS
65850,22451036,22451248,212,CDS
65851,22451310,22451427,117,CDS
65852,22451445,22455422,3977,gene
65853,22455274,22455422,148,mRNA
65854,22454662,22455059,397,mRNA
65855,22454394,22454586,192,mRNA
65856,22453731,22454190,459,mRNA
65857,22453491,22453672,181,mRNA
65858,22451445,22453428,1983,mRNA
65859,22455274,22455422,148,mRNA
65860,22454662,22455087,425,mRNA
65861,22454394,22454586,192,mRNA
65862,22453731,22454190,459,mRNA
65863,22453491,22453672,181,mRNA
65864,22451762,22453428,1666,mRNA
65865,22454662,22455422,760,mRNA
65866,22454394,22454586,192,mRNA
65867,22453731,22454190,459,mRNA
65868,22453491,22453672,181,mRNA
65869,22452000,22453428,1428,mRNA
65870,22455274,22455422,148,mRNA
65871,22454662,22455204,542,mRNA
65872,22454394,22454586,192,mRNA
65873,22453731,22454190,459,mRNA
65874,22453491,22453672,181,mRNA
65875,22452268,22453428,1160,mRNA
65876,22454394,22454584,190,CDS
65877,22453731,22454190,459,CDS
65878,22453491,22453672,181,CDS
65879,22453230,22453428,198,CDS
65880,22454394,22454584,190,CDS
65881,22453731,22454190,459,CDS
65882,22453491,22453672,181,CDS
65883,22453230,22453428,198,CDS
65884,22454394,22454584,190,CDS
65885,22453731,22454190,459,CDS
65886,22453491,22453672,181,CDS
65887,22453230,22453428,198,CDS
65888,22454394,22454584,190,CDS
65889,22453731,22454190,459,CDS
65890,22453491,22453672,181,CDS
65891,22453230,22453428,198,CDS
65892,22455803,22470146,14343,gene
65893,22455803,22455863,60,mRNA
65894,22457427,22457551,124,mRNA
65895,22457614,22458260,646,mRNA
65896,22466165,22466375,210,mRNA
65897,22466812,22466958,146,mRNA
65898,22467019,22467232,213,mRNA
65899,22467296,22467618,322,mRNA
65900,22467716,22467865,149,mRNA
65901,22467922,22468000,78,mRNA
65902,22468112,22470146,2034,mRNA
65903,22455803,22455863,60,mRNA
65904,22457427,22457551,124,mRNA
65905,22457614,22458260,646,mRNA
65906,22462400,22463272,872,mRNA
65907,22463539,22465522,1983,mRNA
65908,22466165,22466375,210,mRNA
65909,22466812,22466958,146,mRNA
65910,22467019,22467232,213,mRNA
65911,22467296,22467618,322,mRNA
65912,22467716,22467865,149,mRNA
65913,22467922,22468000,78,mRNA
65914,22468112,22468475,363,mRNA
65915,22455803,22455863,60,mRNA
65916,22457427,22457551,124,mRNA
65917,22457614,22458260,646,mRNA
65918,22462400,22463272,872,mRNA
65919,22466165,22466375,210,mRNA
65920,22466812,22466958,146,mRNA
65921,22467019,22467232,213,mRNA
65922,22467296,22467618,322,mRNA
65923,22467716,22467865,149,mRNA
65924,22467922,22468000,78,mRNA
65925,22468112,22468475,363,mRNA
65926,22455803,22455863,60,mRNA
65927,22457427,22457551,124,mRNA
65928,22457614,22458260,646,mRNA
65929,22462714,22463272,558,mRNA
65930,22463692,22465522,1830,mRNA
65931,22466165,22466375,210,mRNA
65932,22466812,22466958,146,mRNA
65933,22467019,22467232,213,mRNA
65934,22467296,22467618,322,mRNA
65935,22467716,22467865,149,mRNA
65936,22467922,22468000,78,mRNA
65937,22468112,22468475,363,mRNA
65938,22455803,22455863,60,mRNA
65939,22457427,22457551,124,mRNA
65940,22457614,22458260,646,mRNA
65941,22463539,22465558,2019,mRNA
65942,22466165,22466375,210,mRNA
65943,22466812,22466958,146,mRNA
65944,22467019,22467232,213,mRNA
65945,22467296,22467618,322,mRNA
65946,22467716,22467865,149,mRNA
65947,22467922,22468000,78,mRNA
65948,22468112,22468475,363,mRNA
65949,22455803,22455863,60,mRNA
65950,22457427,22457551,124,mRNA
65951,22457614,22458260,646,mRNA
65952,22463539,22465522,1983,mRNA
65953,22466165,22466375,210,mRNA
65954,22466812,22466958,146,mRNA
65955,22467019,22467232,213,mRNA
65956,22467296,22467618,322,mRNA
65957,22467716,22467865,149,mRNA
65958,22467922,22468000,78,mRNA
65959,22468112,22468475,363,mRNA
65960,22456446,22456559,113,mRNA
65961,22457427,22457551,124,mRNA
65962,22457614,22458260,646,mRNA
65963,22462400,22463272,872,mRNA
65964,22466165,22466375,210,mRNA
65965,22466812,22466958,146,mRNA
65966,22467019,22467232,213,mRNA
65967,22467296,22467618,322,mRNA
65968,22467716,22467865,149,mRNA
65969,22467922,22468000,78,mRNA
65970,22468112,22468475,363,mRNA
65971,22456891,22457191,300,mRNA
65972,22457427,22457551,124,mRNA
65973,22457614,22458260,646,mRNA
65974,22462400,22463272,872,mRNA
65975,22466165,22466375,210,mRNA
65976,22466812,22466958,146,mRNA
65977,22467019,22467232,213,mRNA
65978,22467296,22467618,322,mRNA
65979,22467716,22467865,149,mRNA
65980,22467922,22468000,78,mRNA
65981,22468112,22468475,363,mRNA
65982,22457760,22458260,500,CDS
65983,22462400,22463272,872,CDS
65984,22466165,22466375,210,CDS
65985,22466812,22466958,146,CDS
65986,22467019,22467232,213,CDS
65987,22467296,22467618,322,CDS
65988,22467716,22467865,149,CDS
65989,22467922,22468000,78,CDS
65990,22468112,22468184,72,CDS
65991,22457760,22458260,500,CDS
65992,22462400,22463272,872,CDS
65993,22466165,22466375,210,CDS
65994,22466812,22466958,146,CDS
65995,22467019,22467232,213,CDS
65996,22467296,22467618,322,CDS
65997,22467716,22467865,149,CDS
65998,22467922,22468000,78,CDS
65999,22468112,22468184,72,CDS
66000,22457760,22458260,500,CDS
66001,22462400,22463272,872,CDS
66002,22466165,22466375,210,CDS
66003,22466812,22466958,146,CDS
66004,22467019,22467232,213,CDS
66005,22467296,22467618,322,CDS
66006,22467716,22467865,149,CDS
66007,22467922,22468000,78,CDS
66008,22468112,22468184,72,CDS
66009,22457760,22458260,500,CDS
66010,22466165,22466375,210,CDS
66011,22466812,22466958,146,CDS
66012,22467019,22467232,213,CDS
66013,22467296,22467618,322,CDS
66014,22467716,22467865,149,CDS
66015,22467922,22468000,78,CDS
66016,22468112,22468184,72,CDS
66017,22458695,22460157,1462,mobile_element
66018,22463903,22465558,1655,CDS
66019,22466165,22466375,210,CDS
66020,22466812,22466958,146,CDS
66021,22467019,22467232,213,CDS
66022,22467296,22467618,322,CDS
66023,22467716,22467865,149,CDS
66024,22467922,22468000,78,CDS
66025,22468112,22468184,72,CDS
66026,22463903,22465522,1619,CDS
66027,22466165,22466375,210,CDS
66028,22466812,22466958,146,CDS
66029,22467019,22467232,213,CDS
66030,22467296,22467618,322,CDS
66031,22467716,22467865,149,CDS
66032,22467922,22468000,78,CDS
66033,22468112,22468184,72,CDS
66034,22463903,22465522,1619,CDS
66035,22466165,22466375,210,CDS
66036,22466812,22466958,146,CDS
66037,22467019,22467232,213,CDS
66038,22467296,22467618,322,CDS
66039,22467716,22467865,149,CDS
66040,22467922,22468000,78,CDS
66041,22468112,22468184,72,CDS
66042,22463903,22465522,1619,CDS
66043,22466165,22466375,210,CDS
66044,22466812,22466958,146,CDS
66045,22467019,22467232,213,CDS
66046,22467296,22467618,322,CDS
66047,22467716,22467865,149,CDS
66048,22467922,22468000,78,CDS
66049,22468112,22468184,72,CDS
66050,22466556,22466744,188,mRNA
66051,22466812,22466958,146,mRNA
66052,22467019,22467232,213,mRNA
66053,22467296,22467618,322,mRNA
66054,22467716,22467865,149,mRNA
66055,22467922,22468000,78,mRNA
66056,22468112,22468429,317,mRNA
66057,22466850,22466958,108,CDS
66058,22467019,22467232,213,CDS
66059,22467296,22467618,322,CDS
66060,22467716,22467865,149,CDS
66061,22467922,22468000,78,CDS
66062,22468112,22468184,72,CDS
66063,22469981,22472021,2040,gene
66064,22471349,22472021,672,mRNA
66065,22471142,22471287,145,mRNA
66066,22470514,22470978,464,mRNA
66067,22469981,22470451,470,mRNA
66068,22471349,22472021,672,mRNA
66069,22471142,22471287,145,mRNA
66070,22470259,22470978,719,mRNA
66071,22471349,22471776,427,CDS
66072,22471142,22471287,145,CDS
66073,22470827,22470978,151,CDS
66074,22471349,22471776,427,CDS
66075,22471142,22471287,145,CDS
66076,22470827,22470978,151,CDS
66077,22472336,22472426,90,mobile_element
66078,22472856,22473486,630,mobile_element
66079,22473698,22474998,1300,gene
66080,22473698,22474545,847,mRNA
66081,22474637,22474998,361,mRNA
66082,22473810,22474545,735,CDS
66083,22474637,22474860,223,CDS
66084,22474851,22482357,7506,gene
66085,22482105,22482357,252,mRNA
66086,22480512,22480898,386,mRNA
66087,22477179,22477483,304,mRNA
66088,22474851,22476452,1601,mRNA
66089,22481915,22482027,112,mRNA
66090,22480512,22480895,383,mRNA
66091,22477179,22477483,304,mRNA
66092,22474851,22476452,1601,mRNA
66093,22481915,22482027,112,mRNA
66094,22480512,22480898,386,mRNA
66095,22477179,22477483,304,mRNA
66096,22474851,22476452,1601,mRNA
66097,22477179,22477596,417,mRNA
66098,22474851,22476452,1601,mRNA
66099,22480512,22480594,82,CDS
66100,22477179,22477483,304,CDS
66101,22475731,22476452,721,CDS
66102,22480512,22480594,82,CDS
66103,22477179,22477483,304,CDS
66104,22475731,22476452,721,CDS
66105,22480512,22480594,82,CDS
66106,22477179,22477483,304,CDS
66107,22475731,22476452,721,CDS
66108,22477179,22477329,150,CDS
66109,22475731,22476452,721,CDS
66110,22476649,22477168,519,mobile_element
66111,22482082,22487458,5376,gene
66112,22482082,22482396,314,mRNA
66113,22482450,22482750,300,mRNA
66114,22482842,22483022,180,mRNA
66115,22483087,22484526,1439,mRNA
66116,22485402,22485635,233,mRNA
66117,22485943,22486120,177,mRNA
66118,22482082,22482396,314,mRNA
66119,22482476,22482540,64,mRNA
66120,22482665,22482750,85,mRNA
66121,22482842,22483022,180,mRNA
66122,22483087,22484526,1439,mRNA
66123,22485237,22485635,398,mRNA
66124,22485957,22486120,163,mRNA
66125,22482395,22482750,355,mRNA
66126,22482842,22483022,180,mRNA
66127,22483087,22484526,1439,mRNA
66128,22485237,22485635,398,mRNA
66129,22485943,22486084,141,mRNA
66130,22487058,22487458,400,mRNA
66131,22482395,22482750,355,mRNA
66132,22482842,22483022,180,mRNA
66133,22483087,22484526,1439,mRNA
66134,22485237,22485635,398,mRNA
66135,22487058,22487458,400,mRNA
66136,22482395,22482540,145,mRNA
66137,22482665,22482750,85,mRNA
66138,22482842,22483022,180,mRNA
66139,22483087,22484526,1439,mRNA
66140,22485402,22485635,233,mRNA
66141,22485943,22486084,141,mRNA
66142,22487058,22487458,400,mRNA
66143,22482395,22482487,92,mRNA
66144,22482557,22482750,193,mRNA
66145,22482842,22483022,180,mRNA
66146,22483087,22484526,1439,mRNA
66147,22485402,22485635,233,mRNA
66148,22485943,22486120,177,mRNA
66149,22482395,22482750,355,mRNA
66150,22482842,22483022,180,mRNA
66151,22483087,22484526,1439,mRNA
66152,22485237,22485746,509,mRNA
66153,22482593,22482750,157,mRNA
66154,22482839,22483022,183,mRNA
66155,22483087,22484526,1439,mRNA
66156,22485237,22485746,509,mRNA
66157,22482737,22482750,13,CDS
66158,22482842,22483022,180,CDS
66159,22483087,22484526,1439,CDS
66160,22485402,22485635,233,CDS
66161,22485943,22486074,131,CDS
66162,22482737,22482750,13,CDS
66163,22482842,22483022,180,CDS
66164,22483087,22484526,1439,CDS
66165,22485402,22485635,233,CDS
66166,22485943,22486074,131,CDS
66167,22482737,22482750,13,CDS
66168,22482842,22483022,180,CDS
66169,22483087,22484526,1439,CDS
66170,22485402,22485635,233,CDS
66171,22485943,22486074,131,CDS
66172,22482737,22482750,13,CDS
66173,22482839,22483022,183,CDS
66174,22483087,22484526,1439,CDS
66175,22485237,22485251,14,CDS
66176,22482737,22482750,13,CDS
66177,22482842,22483022,180,CDS
66178,22483087,22484526,1439,CDS
66179,22485237,22485251,14,CDS
66180,22482737,22482750,13,CDS
66181,22482842,22483022,180,CDS
66182,22483087,22484526,1439,CDS
66183,22485237,22485251,14,CDS
66184,22482737,22482750,13,CDS
66185,22482842,22483022,180,CDS
66186,22483087,22484526,1439,CDS
66187,22485237,22485251,14,CDS
66188,22482737,22482750,13,CDS
66189,22482842,22483022,180,CDS
66190,22483087,22484526,1439,CDS
66191,22485237,22485251,14,CDS
66192,22484705,22485067,362,mobile_element
66193,22486238,22486730,492,mobile_element
66194,22487180,22508129,20949,gene
66195,22487180,22487789,609,mRNA
66196,22493481,22493913,432,mRNA
66197,22494033,22494275,242,mRNA
66198,22495479,22495977,498,mRNA
66199,22496042,22496313,271,mRNA
66200,22496368,22496548,180,mRNA
66201,22496664,22496861,197,mRNA
66202,22497227,22498247,1020,mRNA
66203,22498307,22498619,312,mRNA
66204,22502636,22502869,233,mRNA
66205,22503369,22503740,371,mRNA
66206,22505034,22505106,72,mRNA
66207,22505157,22505376,219,mRNA
66208,22505605,22506181,576,mRNA
66209,22507108,22508129,1021,mRNA
66210,22487180,22487789,609,mRNA
66211,22493481,22493913,432,mRNA
66212,22494033,22494275,242,mRNA
66213,22495491,22495977,486,mRNA
66214,22496042,22496313,271,mRNA
66215,22496368,22496548,180,mRNA
66216,22496664,22496861,197,mRNA
66217,22497227,22498247,1020,mRNA
66218,22498307,22498619,312,mRNA
66219,22502636,22502869,233,mRNA
66220,22503369,22503740,371,mRNA
66221,22505034,22505106,72,mRNA
66222,22505157,22505376,219,mRNA
66223,22505605,22506181,576,mRNA
66224,22507108,22507666,558,mRNA
66225,22487180,22487789,609,mRNA
66226,22493481,22493913,432,mRNA
66227,22494033,22494275,242,mRNA
66228,22495491,22495977,486,mRNA
66229,22496042,22496313,271,mRNA
66230,22496368,22496548,180,mRNA
66231,22496664,22496861,197,mRNA
66232,22497227,22498247,1020,mRNA
66233,22498307,22498619,312,mRNA
66234,22500995,22501521,526,mRNA
66235,22501672,22502305,633,mRNA
66236,22502636,22502869,233,mRNA
66237,22503369,22503740,371,mRNA
66238,22504229,22504426,197,mRNA
66239,22487180,22487789,609,mRNA
66240,22493481,22493913,432,mRNA
66241,22494033,22494275,242,mRNA
66242,22495491,22495977,486,mRNA
66243,22496042,22496313,271,mRNA
66244,22496368,22496548,180,mRNA
66245,22496664,22496861,197,mRNA
66246,22497227,22498247,1020,mRNA
66247,22498307,22498619,312,mRNA
66248,22500998,22502869,1871,mRNA
66249,22503369,22503740,371,mRNA
66250,22504229,22504426,197,mRNA
66251,22487180,22487789,609,mRNA
66252,22493481,22493913,432,mRNA
66253,22494033,22494275,242,mRNA
66254,22495491,22495977,486,mRNA
66255,22496042,22496313,271,mRNA
66256,22496368,22496548,180,mRNA
66257,22496664,22496861,197,mRNA
66258,22497227,22498247,1020,mRNA
66259,22498307,22498619,312,mRNA
66260,22502195,22502869,674,mRNA
66261,22503369,22503740,371,mRNA
66262,22504229,22504426,197,mRNA
66263,22487180,22487789,609,mRNA
66264,22493481,22493913,432,mRNA
66265,22494033,22494275,242,mRNA
66266,22495491,22495977,486,mRNA
66267,22496042,22496313,271,mRNA
66268,22496368,22496548,180,mRNA
66269,22496664,22496861,197,mRNA
66270,22497227,22498247,1020,mRNA
66271,22498307,22498619,312,mRNA
66272,22502636,22502869,233,mRNA
66273,22503369,22503740,371,mRNA
66274,22504229,22504426,197,mRNA
66275,22487180,22487789,609,mRNA
66276,22493481,22493913,432,mRNA
66277,22494033,22494275,242,mRNA
66278,22495491,22495977,486,mRNA
66279,22496042,22496313,271,mRNA
66280,22496368,22496548,180,mRNA
66281,22496664,22496861,197,mRNA
66282,22497227,22498247,1020,mRNA
66283,22498307,22498619,312,mRNA
66284,22498733,22499081,348,mRNA
66285,22487667,22487789,122,CDS
66286,22493481,22493913,432,CDS
66287,22494033,22494275,242,CDS
66288,22495479,22495977,498,CDS
66289,22496042,22496313,271,CDS
66290,22496368,22496548,180,CDS
66291,22496664,22496861,197,CDS
66292,22497227,22498247,1020,CDS
66293,22498307,22498619,312,CDS
66294,22502636,22502869,233,CDS
66295,22503369,22503740,371,CDS
66296,22505034,22505106,72,CDS
66297,22505157,22505376,219,CDS
66298,22505605,22506181,576,CDS
66299,22507108,22507451,343,CDS
66300,22487667,22487789,122,CDS
66301,22493481,22493913,432,CDS
66302,22494033,22494275,242,CDS
66303,22495491,22495977,486,CDS
66304,22496042,22496313,271,CDS
66305,22496368,22496548,180,CDS
66306,22496664,22496861,197,CDS
66307,22497227,22498247,1020,CDS
66308,22498307,22498619,312,CDS
66309,22502636,22502869,233,CDS
66310,22503369,22503740,371,CDS
66311,22505034,22505106,72,CDS
66312,22505157,22505376,219,CDS
66313,22505605,22506181,576,CDS
66314,22507108,22507451,343,CDS
66315,22487667,22487789,122,CDS
66316,22493481,22493913,432,CDS
66317,22494033,22494275,242,CDS
66318,22495491,22495977,486,CDS
66319,22496042,22496313,271,CDS
66320,22496368,22496548,180,CDS
66321,22496664,22496861,197,CDS
66322,22497227,22498247,1020,CDS
66323,22498307,22498619,312,CDS
66324,22500995,22501521,526,CDS
66325,22501672,22502305,633,CDS
66326,22502636,22502869,233,CDS
66327,22503369,22503740,371,CDS
66328,22504229,22504254,25,CDS
66329,22487667,22487789,122,CDS
66330,22493481,22493913,432,CDS
66331,22494033,22494275,242,CDS
66332,22495491,22495977,486,CDS
66333,22496042,22496313,271,CDS
66334,22496368,22496548,180,CDS
66335,22496664,22496861,197,CDS
66336,22497227,22498247,1020,CDS
66337,22498307,22498619,312,CDS
66338,22500998,22502869,1871,CDS
66339,22503369,22503740,371,CDS
66340,22504229,22504254,25,CDS
66341,22487667,22487789,122,CDS
66342,22493481,22493913,432,CDS
66343,22494033,22494275,242,CDS
66344,22495491,22495977,486,CDS
66345,22496042,22496313,271,CDS
66346,22496368,22496548,180,CDS
66347,22496664,22496861,197,CDS
66348,22497227,22498247,1020,CDS
66349,22498307,22498619,312,CDS
66350,22502195,22502869,674,CDS
66351,22503369,22503740,371,CDS
66352,22504229,22504254,25,CDS
66353,22487667,22487789,122,CDS
66354,22493481,22493913,432,CDS
66355,22494033,22494275,242,CDS
66356,22495491,22495977,486,CDS
66357,22496042,22496313,271,CDS
66358,22496368,22496548,180,CDS
66359,22496664,22496861,197,CDS
66360,22497227,22498247,1020,CDS
66361,22498307,22498619,312,CDS
66362,22502636,22502869,233,CDS
66363,22503369,22503740,371,CDS
66364,22504229,22504254,25,CDS
66365,22487667,22487789,122,CDS
66366,22493481,22493913,432,CDS
66367,22494033,22494275,242,CDS
66368,22495491,22495977,486,CDS
66369,22496042,22496313,271,CDS
66370,22496368,22496548,180,CDS
66371,22496664,22496861,197,CDS
66372,22497227,22498247,1020,CDS
66373,22498307,22498619,312,CDS
66374,22498733,22498902,169,CDS
66375,22487854,22490872,3018,gene
66376,22490720,22490872,152,ncRNA
66377,22487854,22489788,1934,ncRNA
66378,22488564,22489055,491,mobile_element
66379,22490092,22490360,268,mobile_element
66380,22491595,22492421,826,mRNA
66381,22493481,22493913,432,mRNA
66382,22494033,22494275,242,mRNA
66383,22495479,22495977,498,mRNA
66384,22496042,22496313,271,mRNA
66385,22496368,22496548,180,mRNA
66386,22496664,22496861,197,mRNA
66387,22497227,22498247,1020,mRNA
66388,22498307,22498619,312,mRNA
66389,22502636,22502869,233,mRNA
66390,22503369,22503933,564,mRNA
66391,22491595,22492421,826,mRNA
66392,22493481,22493913,432,mRNA
66393,22494033,22494275,242,mRNA
66394,22495479,22495977,498,mRNA
66395,22496042,22496313,271,mRNA
66396,22496377,22496548,171,mRNA
66397,22496664,22496861,197,mRNA
66398,22497227,22498247,1020,mRNA
66399,22498307,22498619,312,mRNA
66400,22502636,22502869,233,mRNA
66401,22503369,22503933,564,mRNA
66402,22491595,22492421,826,mRNA
66403,22493481,22493913,432,mRNA
66404,22494033,22494275,242,mRNA
66405,22495479,22495977,498,mRNA
66406,22496042,22496313,271,mRNA
66407,22496380,22496548,168,mRNA
66408,22496664,22496861,197,mRNA
66409,22497227,22498247,1020,mRNA
66410,22498307,22498619,312,mRNA
66411,22503369,22503933,564,mRNA
66412,22491978,22492421,443,CDS
66413,22493481,22493913,432,CDS
66414,22494033,22494275,242,CDS
66415,22495479,22495977,498,CDS
66416,22496042,22496313,271,CDS
66417,22496368,22496548,180,CDS
66418,22496664,22496861,197,CDS
66419,22497227,22498247,1020,CDS
66420,22498307,22498619,312,CDS
66421,22502636,22502869,233,CDS
66422,22503369,22503781,412,CDS
66423,22491978,22492421,443,CDS
66424,22493481,22493913,432,CDS
66425,22494033,22494275,242,CDS
66426,22495479,22495977,498,CDS
66427,22496042,22496313,271,CDS
66428,22496377,22496548,171,CDS
66429,22496664,22496861,197,CDS
66430,22497227,22498247,1020,CDS
66431,22498307,22498619,312,CDS
66432,22502636,22502869,233,CDS
66433,22503369,22503781,412,CDS
66434,22491978,22492421,443,CDS
66435,22493481,22493913,432,CDS
66436,22494033,22494275,242,CDS
66437,22495479,22495977,498,CDS
66438,22496042,22496313,271,CDS
66439,22496380,22496548,168,CDS
66440,22496664,22496861,197,CDS
66441,22497227,22498247,1020,CDS
66442,22498307,22498619,312,CDS
66443,22503369,22503781,412,CDS
66444,22492861,22493007,146,mobile_element
66445,22494434,22494999,565,mobile_element
66446,22497148,22497183,35,mobile_element
66447,22506428,22506956,528,mobile_element
66448,22508263,22508679,416,mobile_element
66449,22509813,22510261,448,mobile_element
66450,22510262,22510765,503,mobile_element
66451,22510907,22511325,418,mobile_element
66452,22513323,22513608,285,mobile_element
66453,22514453,22514891,438,gene
66454,22514812,22514891,79,ncRNA
66455,22514453,22514681,228,ncRNA
66456,22514812,22514891,79,ncRNA
66457,22514522,22514681,159,ncRNA
66458,22515197,22542024,26827,gene
66459,22515197,22515593,396,mRNA
66460,22528029,22528581,552,mRNA
66461,22528742,22529212,470,mRNA
66462,22529270,22529391,121,mRNA
66463,22540760,22540877,117,mRNA
66464,22540940,22541068,128,mRNA
66465,22541345,22542024,679,mRNA
66466,22515197,22515288,91,mRNA
66467,22515370,22515593,223,mRNA
66468,22528029,22528581,552,mRNA
66469,22528742,22529212,470,mRNA
66470,22529270,22529391,121,mRNA
66471,22540760,22540886,126,mRNA
66472,22540940,22541068,128,mRNA
66473,22541345,22542024,679,mRNA
66474,22516607,22517542,935,mobile_element
66475,22516731,22517475,744,mobile_element
66476,22519068,22519210,142,mobile_element
66477,22521824,22522053,229,mobile_element
66478,22522683,22525440,2757,mobile_element
66479,22523565,22523685,120,mobile_element
66480,22528093,22528581,488,CDS
66481,22528742,22529212,470,CDS
66482,22529270,22529391,121,CDS
66483,22540760,22540886,126,CDS
66484,22540940,22541068,128,CDS
66485,22541345,22541818,473,CDS
66486,22528093,22528581,488,CDS
66487,22528742,22529212,470,CDS
66488,22529270,22529391,121,CDS
66489,22540760,22540877,117,CDS
66490,22540940,22541068,128,CDS
66491,22541345,22541818,473,CDS
66492,22529964,22536371,6407,gene
66493,22529964,22532502,2538,mRNA
66494,22532856,22536371,3515,mRNA
66495,22529964,22532502,2538,mRNA
66496,22532856,22534093,1237,mRNA
66497,22530351,22532502,2151,CDS
66498,22532856,22533439,583,CDS
66499,22530351,22532502,2151,CDS
66500,22532856,22533439,583,CDS
66501,22534831,22540383,5552,gene
66502,22539742,22540383,641,mRNA
66503,22537256,22538721,1465,mRNA
66504,22534831,22536994,2163,mRNA
66505,22539742,22540383,641,mRNA
66506,22537256,22538721,1465,mRNA
66507,22536441,22536994,553,mRNA
66508,22539742,22540097,355,CDS
66509,22537256,22538721,1465,CDS
66510,22536861,22536994,133,CDS
66511,22539742,22540097,355,CDS
66512,22537256,22538721,1465,CDS
66513,22536861,22536994,133,CDS
66514,22540443,22540584,141,mRNA
66515,22540760,22540877,117,mRNA
66516,22540940,22541068,128,mRNA
66517,22541345,22542024,679,mRNA
66518,22540443,22540488,45,mRNA
66519,22540760,22540877,117,mRNA
66520,22540940,22541068,128,mRNA
66521,22541345,22542024,679,mRNA
66522,22540854,22540877,23,CDS
66523,22540940,22541068,128,CDS
66524,22541345,22541818,473,CDS
66525,22540854,22540877,23,CDS
66526,22540940,22541068,128,CDS
66527,22541345,22541818,473,CDS
66528,22542386,22544322,1936,gene
66529,22544202,22544322,120,mRNA
66530,22542969,22544135,1166,mRNA
66531,22542618,22542911,293,mRNA
66532,22542386,22542559,173,mRNA
66533,22544202,22544223,21,CDS
66534,22542969,22544135,1166,CDS
66535,22542618,22542911,293,CDS
66536,22542450,22542559,109,CDS
66537,22545339,22545780,441,mobile_element
66538,22545862,22545911,49,mobile_element
66539,22547097,22548056,959,gene
66540,22547097,22548056,959,mRNA
66541,22547130,22547792,662,CDS
66542,22551339,22556221,4882,mobile_element
66543,22551840,22556074,4234,mobile_element
66544,22556672,22557753,1081,mobile_element
66545,22557904,22558009,105,mobile_element
66546,22558010,22559863,1853,mobile_element
66547,22560112,22560474,362,mobile_element
66548,22560647,22562376,1729,mobile_element
66549,22565059,22570081,5022,mobile_element
66550,22573473,22574665,1192,mobile_element
66551,22576080,22576274,194,mobile_element
66552,22576667,22576972,305,mobile_element
66553,22583634,22632710,49076,gene
66554,22632513,22632710,197,mRNA
66555,22619823,22619914,91,mRNA
66556,22619624,22619735,111,mRNA
66557,22610802,22610929,127,mRNA
66558,22605246,22605388,142,mRNA
66559,22590663,22590882,219,mRNA
66560,22588465,22588850,385,mRNA
66561,22583634,22584288,654,mRNA
66562,22632513,22632564,51,CDS
66563,22619823,22619914,91,CDS
66564,22619624,22619735,111,CDS
66565,22610802,22610929,127,CDS
66566,22605246,22605388,142,CDS
66567,22590663,22590882,219,CDS
66568,22588465,22588850,385,CDS
66569,22583961,22584288,327,CDS
66570,22586164,22586349,185,mobile_element
66571,22588170,22588252,82,mobile_element
66572,22592167,22592613,446,mobile_element
66573,22596387,22596811,424,mobile_element
66574,22599973,22600216,243,mobile_element
66575,22601988,22602512,524,mobile_element
66576,22617436,22617609,173,mobile_element
66577,22620542,22626752,6210,mobile_element
66578,22629155,22629538,383,mobile_element
66579,22633288,22633746,458,mobile_element
66580,22635589,22636383,794,mobile_element
66581,22638021,22638515,494,mobile_element
66582,22639552,22641618,2066,mobile_element
66583,22640798,22641253,455,mobile_element
66584,22641283,22641414,131,mobile_element
66585,22641419,22641567,148,mobile_element
66586,22642075,22642420,345,mobile_element
66587,22645826,22645977,151,mobile_element
66588,22646672,22646843,171,mobile_element
66589,22647097,22647442,345,mobile_element
66590,22651509,22651637,128,mobile_element
66591,22653797,22653961,164,mobile_element
66592,22655788,22656148,360,mobile_element
66593,22657324,22797682,140358,gene
66594,22657324,22657659,335,ncRNA
66595,22692941,22692999,58,ncRNA
66596,22740542,22740620,78,ncRNA
66597,22797279,22797682,403,ncRNA
66598,22671363,22671414,51,mobile_element
66599,22672250,22672395,145,mobile_element
66600,22680329,22680539,210,mobile_element
66601,22681537,22688942,7405,mobile_element
66602,22689083,22689107,24,mobile_element
66603,22689108,22689178,70,mobile_element
66604,22693906,22694266,360,mobile_element
66605,22697553,22701782,4229,mobile_element
66606,22702054,22705746,3692,mobile_element
66607,22705888,22705949,61,mobile_element
66608,22708828,22711601,2773,mobile_element
66609,22711864,22712739,875,mobile_element
66610,22713279,22713767,488,mobile_element
66611,22714487,22714984,497,mobile_element
66612,22719152,22720584,1432,mobile_element
66613,22720587,22721079,492,mobile_element
66614,22721080,22721572,492,mobile_element
66615,22722350,22724656,2306,mobile_element
66616,22726125,22726307,182,mobile_element
66617,22726308,22727474,1166,mobile_element
66618,22728162,22728496,334,mobile_element
66619,22729169,22730455,1286,mobile_element
66620,22730466,22731205,739,mobile_element
66621,22738599,22739048,449,mobile_element
66622,22741696,22742292,596,mobile_element
66623,22744033,22744744,711,mobile_element
66624,22753379,22755322,1943,mobile_element
66625,22755869,22756171,302,mobile_element
66626,22757644,22757903,259,mobile_element
66627,22764525,22766663,2138,gene
66628,22765825,22766663,838,ncRNA
66629,22764753,22764879,126,ncRNA
66630,22764525,22764698,173,ncRNA
66631,22765067,22765183,116,mobile_element
66632,22765852,22765981,129,mobile_element
66633,22765998,22766107,109,mobile_element
66634,22770910,22771333,423,mobile_element
66635,22771561,22774794,3233,mobile_element
66636,22776091,22776298,207,mobile_element
66637,22780323,22780723,400,mobile_element
66638,22783773,22784042,269,mobile_element
66639,22784306,22785355,1049,mobile_element
66640,22784575,22785106,531,mobile_element
66641,22788683,22789248,565,mobile_element
66642,22794470,22795088,618,mobile_element
66643,22806335,22806439,104,mobile_element
66644,22806501,22807399,898,gene
66645,22806501,22807399,898,ncRNA
66646,22809292,22811935,2643,gene
66647,22809292,22811935,2643,mRNA
66648,22809673,22811802,2129,CDS
66649,22812065,22816758,4693,mobile_element
66650,22819159,22819295,136,mobile_element
66651,22821838,22824160,2322,mobile_element
66652,22823264,22823365,101,mobile_element
66653,22824317,22855194,30877,gene
66654,22855043,22855194,151,mRNA
66655,22844759,22844901,142,mRNA
66656,22824317,22829277,4960,mRNA
66657,22855155,22855194,39,mRNA
66658,22853807,22854332,525,mRNA
66659,22844759,22844901,142,mRNA
66660,22826162,22829277,3115,mRNA
66661,22855043,22855194,151,mRNA
66662,22853807,22854332,525,mRNA
66663,22844759,22844901,142,mRNA
66664,22826162,22829277,3115,mRNA
66665,22853807,22855194,1387,mRNA
66666,22826162,22829277,3115,mRNA
66667,22853807,22855194,1387,mRNA
66668,22844759,22844901,142,mRNA
66669,22826162,22829277,3115,mRNA
66670,22836188,22836259,71,mRNA
66671,22826162,22829277,3115,mRNA
66672,22827047,22829239,2192,CDS
66673,22827047,22829239,2192,CDS
66674,22827047,22829239,2192,CDS
66675,22827047,22829239,2192,CDS
66676,22827047,22829239,2192,CDS
66677,22827047,22829239,2192,CDS
66678,22832399,22885541,53142,gene
66679,22832399,22832438,39,mRNA
66680,22866051,22866942,891,mRNA
66681,22867739,22868001,262,mRNA
66682,22876804,22879726,2922,mRNA
66683,22880050,22880555,505,mRNA
66684,22881010,22885541,4531,mRNA
66685,22832399,22832438,39,mRNA
66686,22866051,22866942,891,mRNA
66687,22867739,22868001,262,mRNA
66688,22876804,22879726,2922,mRNA
66689,22880050,22880555,505,mRNA
66690,22881010,22884234,3224,mRNA
66691,22833067,22833408,341,mobile_element
66692,22833440,22833583,143,gene
66693,22833440,22833583,143,precursor_RNA
66694,22833472,22833489,17,ncRNA
66695,22833545,22833566,21,ncRNA
66696,22835099,22835198,99,mobile_element
66697,22838038,22838552,514,mobile_element
66698,22838603,22838652,49,mobile_element
66699,22841928,22843500,1572,mobile_element
66700,22844314,22844466,152,mobile_element
66701,22849281,22849807,526,mobile_element
66702,22855478,22856122,644,mobile_element
66703,22866189,22866942,753,CDS
66704,22867739,22868001,262,CDS
66705,22876804,22879726,2922,CDS
66706,22880050,22880555,505,CDS
66707,22881010,22882017,1007,CDS
66708,22866189,22866942,753,CDS
66709,22867739,22868001,262,CDS
66710,22876804,22879726,2922,CDS
66711,22880050,22880555,505,CDS
66712,22881010,22882017,1007,CDS
66713,22870267,22872158,1891,gene
66714,22872018,22872158,140,ncRNA
66715,22871649,22871933,284,ncRNA
66716,22871202,22871277,75,ncRNA
66717,22870267,22871144,877,ncRNA
66718,22870440,22870628,188,mobile_element
66719,22872018,22872158,140,ncRNA
66720,22871649,22871933,284,ncRNA
66721,22871202,22871277,75,ncRNA
66722,22870902,22871144,242,ncRNA
66723,22872401,22872454,53,mobile_element
66724,22872812,22875367,2555,gene
66725,22872812,22875367,2555,mRNA
66726,22873016,22875142,2126,CDS
66727,22875600,22875928,328,mobile_element
66728,22882039,22883543,1504,mobile_element
66729,22886114,22886513,399,mobile_element
66730,22886575,22889415,2840,mobile_element
66731,22888440,22888738,298,mobile_element
66732,22889442,22889547,105,mobile_element
66733,22895151,22895252,101,mobile_element
66734,22896296,22898613,2317,mobile_element
66735,22896673,22896785,112,mobile_element
66736,22899349,22899497,148,mobile_element
66737,22899570,22900305,735,mobile_element
66738,22901713,22901982,269,mobile_element
66739,22901986,22902016,30,mobile_element
66740,22902641,22902965,324,mobile_element
66741,22903259,22903295,36,mobile_element
66742,22903799,22903932,133,mobile_element
66743,22904100,22904202,102,mobile_element
66744,22905370,22905904,534,mobile_element
66745,22906500,22906553,53,mobile_element
66746,22906844,22908574,1730,mobile_element
66747,22908718,22908985,267,mobile_element
66748,22909018,22913185,4167,mobile_element
66749,22914253,22914390,137,mobile_element
66750,22916889,22917085,196,mobile_element
66751,22917105,22917498,393,gene
66752,22917105,22917498,393,ncRNA
66753,22917783,22918100,317,mobile_element
66754,22919610,22919737,127,mobile_element
66755,22923785,22924220,435,mobile_element
66756,22924232,22924451,219,mobile_element
66757,22924452,22924584,132,mobile_element
66758,22924774,22926048,1274,mobile_element
66759,22926057,22926188,131,mobile_element
66760,22928090,22928202,112,mobile_element
66761,22930049,22930212,163,mobile_element
66762,22930820,22931055,235,mobile_element
66763,22931086,22931181,95,mobile_element
66764,22931225,22932773,1548,mobile_element
66765,22931642,22931895,253,mobile_element
66766,22932864,22933689,825,mobile_element
66767,22935060,22936100,1040,mobile_element
66768,22936337,22936460,123,mobile_element
66769,22936461,22936515,54,mobile_element
66770,22937996,22938394,398,mobile_element
66771,22938558,22938678,120,mobile_element
66772,22938886,22943309,4423,mobile_element
66773,22940963,22941261,298,mobile_element
66774,22944640,22944724,84,mobile_element
66775,22944878,22944944,66,mobile_element
66776,22944956,22945102,146,mobile_element
66777,22945321,22946339,1018,gene
66778,22945321,22946008,687,mRNA
66779,22946071,22946339,268,mRNA
66780,22945485,22945856,371,CDS
66781,22946291,22946845,554,mobile_element
66782,22946847,22956528,9681,mobile_element
66783,22949878,22954336,4458,mobile_element
66784,22951922,22952244,322,mobile_element
66785,22957771,22957834,63,mobile_element
66786,22958033,22958100,67,mobile_element
66787,22958076,22958827,751,gene
66788,22958076,22958827,751,ncRNA
66789,22958856,22960091,1235,gene
66790,22959390,22960091,701,mRNA
66791,22958856,22959113,257,mRNA
66792,22959390,22960091,701,mRNA
66793,22958876,22959113,237,mRNA
66794,22959390,22959965,575,CDS
66795,22958946,22959113,167,CDS
66796,22959390,22959965,575,CDS
66797,22958946,22959113,167,CDS
66798,22959290,22959359,69,mobile_element
66799,22960609,22962360,1751,gene
66800,22961764,22962360,596,mRNA
66801,22960609,22961460,851,mRNA
66802,22961764,22962360,596,mRNA
66803,22961169,22961460,291,mRNA
66804,22961169,22962360,1191,mRNA
66805,22961764,22962339,575,CDS
66806,22961293,22961460,167,CDS
66807,22961764,22962339,575,CDS
66808,22961293,22961460,167,CDS
66809,22961644,22962339,695,CDS
66810,22965996,22966326,330,mobile_element
66811,22968804,22969375,571,mobile_element
66812,22969657,22979266,9609,mobile_element
66813,22971793,22974601,2808,mobile_element
66814,22974602,22977631,3029,mobile_element
66815,22975215,22975539,324,mobile_element
66816,22979279,22979769,490,mobile_element
66817,22980722,23004648,23926,gene
66818,22980722,23004648,23926,gene
66819,23004612,23004648,36,mRNA
66820,22994484,22995788,1304,mRNA
66821,22992563,22994003,1440,mRNA
66822,22990168,22991790,1622,mRNA
66823,22985305,22986568,1263,mRNA
66824,22984837,22985088,251,mRNA
66825,22984596,22984777,181,mRNA
66826,22982621,22982831,210,mRNA
66827,22980722,22982550,1828,mRNA
66828,23004612,23004648,36,mRNA
66829,22994484,22995788,1304,mRNA
66830,22992563,22994003,1440,mRNA
66831,22990168,22991790,1622,mRNA
66832,22985305,22986568,1263,mRNA
66833,22984837,22985088,251,mRNA
66834,22984596,22984777,181,mRNA
66835,22982621,22982831,210,mRNA
66836,22980722,22982550,1828,mRNA
66837,23004612,23004648,36,mRNA
66838,22994484,22995914,1430,mRNA
66839,22992563,22994003,1440,mRNA
66840,22990838,22991790,952,mRNA
66841,22990168,22990774,606,mRNA
66842,22985305,22986568,1263,mRNA
66843,22984837,22985088,251,mRNA
66844,22984596,22984777,181,mRNA
66845,22982621,22982831,210,mRNA
66846,22980722,22982550,1828,mRNA
66847,23004612,23004648,36,mRNA
66848,22994484,22995914,1430,mRNA
66849,22992563,22994003,1440,mRNA
66850,22990838,22991790,952,mRNA
66851,22990168,22990774,606,mRNA
66852,22985305,22986568,1263,mRNA
66853,22984837,22985088,251,mRNA
66854,22984596,22984777,181,mRNA
66855,22982621,22982831,210,mRNA
66856,22980722,22982550,1828,mRNA
66857,23004612,23004648,36,mRNA
66858,22994484,22995914,1430,mRNA
66859,22992563,22994003,1440,mRNA
66860,22990168,22991790,1622,mRNA
66861,22985305,22986568,1263,mRNA
66862,22984837,22985088,251,mRNA
66863,22984596,22984777,181,mRNA
66864,22982621,22982831,210,mRNA
66865,22980722,22982550,1828,mRNA
66866,23004612,23004648,36,mRNA
66867,22994484,22995914,1430,mRNA
66868,22992563,22994003,1440,mRNA
66869,22990168,22991790,1622,mRNA
66870,22985305,22986568,1263,mRNA
66871,22984837,22985088,251,mRNA
66872,22984596,22984777,181,mRNA
66873,22982621,22982831,210,mRNA
66874,22980722,22982550,1828,mRNA
66875,23004550,23004648,98,mRNA
66876,22994484,22995914,1430,mRNA
66877,22992563,22994003,1440,mRNA
66878,22990168,22991790,1622,mRNA
66879,22985305,22986568,1263,mRNA
66880,22984837,22985088,251,mRNA
66881,22984596,22984777,181,mRNA
66882,22982621,22982831,210,mRNA
66883,22980722,22982550,1828,mRNA
66884,23004550,23004648,98,mRNA
66885,22994484,22995914,1430,mRNA
66886,22992563,22994003,1440,mRNA
66887,22990168,22991790,1622,mRNA
66888,22985305,22986568,1263,mRNA
66889,22984837,22985088,251,mRNA
66890,22984596,22984777,181,mRNA
66891,22982621,22982831,210,mRNA
66892,22980722,22982550,1828,mRNA
66893,22992563,22992674,111,CDS
66894,22990838,22991790,952,CDS
66895,22990168,22990774,606,CDS
66896,22985305,22986568,1263,CDS
66897,22984837,22985088,251,CDS
66898,22984596,22984777,181,CDS
66899,22982621,22982831,210,CDS
66900,22982406,22982550,144,CDS
66901,22992563,22992674,111,CDS
66902,22990168,22991790,1622,CDS
66903,22985305,22986568,1263,CDS
66904,22984837,22985088,251,CDS
66905,22984596,22984777,181,CDS
66906,22982621,22982831,210,CDS
66907,22982406,22982550,144,CDS
66908,22992563,22992674,111,CDS
66909,22990168,22991790,1622,CDS
66910,22985305,22986568,1263,CDS
66911,22984837,22985088,251,CDS
66912,22984596,22984777,181,CDS
66913,22982621,22982831,210,CDS
66914,22982406,22982550,144,CDS
66915,22992563,22992674,111,CDS
66916,22990168,22991790,1622,CDS
66917,22985305,22986568,1263,CDS
66918,22984837,22985088,251,CDS
66919,22984596,22984777,181,CDS
66920,22982621,22982831,210,CDS
66921,22982406,22982550,144,CDS
66922,22983677,22983800,123,mobile_element
66923,22983905,22984008,103,mobile_element
66924,22984041,22984297,256,mobile_element
66925,22986644,22986985,341,mobile_element
66926,22987158,22989759,2601,mobile_element
66927,22994484,22995759,1275,CDS
66928,22992727,22994003,1276,CDS
66929,22994484,22995759,1275,CDS
66930,22992727,22994003,1276,CDS
66931,22994484,22995759,1275,CDS
66932,22992727,22994003,1276,CDS
66933,22994484,22995759,1275,CDS
66934,22992727,22994003,1276,CDS
66935,22994067,22994189,122,mobile_element
66936,22996363,23003538,7175,mobile_element
66937,23004885,23005019,134,mobile_element
66938,23005502,23006933,1431,mobile_element
66939,23007672,23009452,1780,gene
66940,23007672,23007798,126,ncRNA
66941,23008921,23009452,531,ncRNA
66942,23008766,23011303,2537,gene
66943,23009895,23011303,1408,mRNA
66944,23008766,23009357,591,mRNA
66945,23009895,23010734,839,CDS
66946,23008922,23009357,435,CDS
66947,23010972,23011293,321,gene
66948,23010972,23011293,321,ncRNA
66949,23011320,23011686,366,mobile_element
66950,23012140,23013409,1269,gene
66951,23013295,23013409,114,mRNA
66952,23013043,23013135,92,mRNA
66953,23012140,23012981,841,mRNA
66954,23013043,23013264,221,mRNA
66955,23012140,23012981,841,mRNA
66956,23012140,23013216,1076,mRNA
66957,23013043,23013106,63,CDS
66958,23012377,23012981,604,CDS
66959,23013043,23013106,63,CDS
66960,23012377,23012981,604,CDS
66961,23012377,23012946,569,CDS
66962,23013495,23016586,3091,gene
66963,23013495,23013681,186,mRNA
66964,23013819,23014108,289,mRNA
66965,23014453,23016586,2133,mRNA
66966,23013495,23013681,186,mRNA
66967,23013819,23014108,289,mRNA
66968,23014453,23015169,716,mRNA
66969,23013495,23013681,186,mRNA
66970,23013819,23014266,447,mRNA
66971,23013582,23013681,99,CDS
66972,23013819,23014108,289,CDS
66973,23014453,23014863,410,CDS
66974,23013582,23013681,99,CDS
66975,23013819,23014108,289,CDS
66976,23014453,23014863,410,CDS
66977,23013582,23013681,99,CDS
66978,23013819,23014159,340,CDS
66979,23016751,23018414,1663,mobile_element
66980,23018628,23018985,357,mobile_element
66981,23022898,23035550,12652,gene
66982,23022898,23023800,902,mRNA
66983,23030190,23030363,173,mRNA
66984,23030422,23030609,187,mRNA
66985,23030667,23030853,186,mRNA
66986,23032520,23032600,80,mRNA
66987,23032746,23033249,503,mRNA
66988,23033543,23033644,101,mRNA
66989,23033702,23034356,654,mRNA
66990,23023317,23023431,114,mRNA
66991,23030190,23030363,173,mRNA
66992,23030422,23030609,187,mRNA
66993,23030667,23030853,186,mRNA
66994,23032520,23032600,80,mRNA
66995,23032746,23033249,503,mRNA
66996,23033543,23033644,101,mRNA
66997,23033702,23034356,654,mRNA
66998,23023398,23023431,33,CDS
66999,23030190,23030363,173,CDS
67000,23030422,23030609,187,CDS
67001,23030667,23030853,186,CDS
67002,23032520,23032600,80,CDS
67003,23032746,23033249,503,CDS
67004,23033543,23033644,101,CDS
67005,23033702,23034039,337,CDS
67006,23025367,23025448,81,mRNA
67007,23030190,23030363,173,mRNA
67008,23030422,23030609,187,mRNA
67009,23030667,23030853,186,mRNA
67010,23032520,23032600,80,mRNA
67011,23032746,23033249,503,mRNA
67012,23033543,23033644,101,mRNA
67013,23033702,23034477,775,mRNA
67014,23025394,23025448,54,CDS
67015,23030190,23030363,173,CDS
67016,23030422,23030609,187,CDS
67017,23030667,23030853,186,CDS
67018,23032520,23032600,80,CDS
67019,23032746,23033249,503,CDS
67020,23033543,23033644,101,CDS
67021,23033702,23034039,337,CDS
67022,23028438,23028597,159,mRNA
67023,23030190,23030363,173,mRNA
67024,23030422,23030609,187,mRNA
67025,23030667,23030853,186,mRNA
67026,23032746,23033249,503,mRNA
67027,23033543,23033644,101,mRNA
67028,23033702,23035550,1848,mRNA
67029,23028438,23028610,172,mRNA
67030,23030190,23030363,173,mRNA
67031,23030422,23030609,187,mRNA
67032,23030667,23030853,186,mRNA
67033,23032520,23032600,80,mRNA
67034,23032746,23033249,503,mRNA
67035,23033543,23033644,101,mRNA
67036,23033702,23034752,1050,mRNA
67037,23028438,23028597,159,mRNA
67038,23029024,23029192,168,mRNA
67039,23030190,23030363,173,mRNA
67040,23030422,23030609,187,mRNA
67041,23030667,23030853,186,mRNA
67042,23032520,23032600,80,mRNA
67043,23032746,23033249,503,mRNA
67044,23033543,23033644,101,mRNA
67045,23033702,23034477,775,mRNA
67046,23028438,23028597,159,mRNA
67047,23030190,23030363,173,mRNA
67048,23030422,23030609,187,mRNA
67049,23030667,23030853,186,mRNA
67050,23032520,23032600,80,mRNA
67051,23032746,23033249,503,mRNA
67052,23033543,23033644,101,mRNA
67053,23033702,23034477,775,mRNA
67054,23028591,23028597,6,CDS
67055,23030190,23030363,173,CDS
67056,23030422,23030609,187,CDS
67057,23030667,23030853,186,CDS
67058,23032520,23032600,80,CDS
67059,23032746,23033249,503,CDS
67060,23033543,23033644,101,CDS
67061,23033702,23034039,337,CDS
67062,23028591,23028597,6,CDS
67063,23030190,23030363,173,CDS
67064,23030422,23030609,187,CDS
67065,23030667,23030853,186,CDS
67066,23032746,23033249,503,CDS
67067,23033543,23033644,101,CDS
67068,23033702,23034039,337,CDS
67069,23030430,23030609,179,CDS
67070,23030667,23030853,186,CDS
67071,23032520,23032600,80,CDS
67072,23032746,23033249,503,CDS
67073,23033543,23033644,101,CDS
67074,23033702,23034039,337,CDS
67075,23030430,23030609,179,CDS
67076,23030667,23030853,186,CDS
67077,23032520,23032600,80,CDS
67078,23032746,23033249,503,CDS
67079,23033543,23033644,101,CDS
67080,23033702,23034039,337,CDS
67081,23030430,23030609,179,CDS
67082,23030667,23030853,186,CDS
67083,23032520,23032600,80,CDS
67084,23032746,23033249,503,CDS
67085,23033543,23033644,101,CDS
67086,23033702,23034039,337,CDS
67087,23036066,23047678,11612,gene
67088,23036066,23036190,124,mRNA
67089,23041208,23041426,218,mRNA
67090,23044001,23044188,187,mRNA
67091,23044262,23044445,183,mRNA
67092,23046173,23046544,371,mRNA
67093,23047296,23047678,382,mRNA
67094,23036066,23036190,124,mRNA
67095,23044001,23044188,187,mRNA
67096,23044262,23044445,183,mRNA
67097,23046173,23046544,371,mRNA
67098,23047296,23047678,382,mRNA
67099,23036145,23036190,45,CDS
67100,23041208,23041426,218,CDS
67101,23044001,23044188,187,CDS
67102,23044262,23044445,183,CDS
67103,23046173,23046544,371,CDS
67104,23047296,23047612,316,CDS
67105,23036145,23036190,45,CDS
67106,23044001,23044188,187,CDS
67107,23044262,23044445,183,CDS
67108,23046173,23046544,371,CDS
67109,23047296,23047612,316,CDS
67110,23068301,23081144,12843,gene
67111,23068301,23068676,375,mRNA
67112,23073104,23073247,143,mRNA
67113,23074763,23075070,307,mRNA
67114,23077858,23078089,231,mRNA
67115,23078160,23078306,146,mRNA
67116,23079806,23081144,1338,mRNA
67117,23068301,23068676,375,mRNA
67118,23073104,23073247,143,mRNA
67119,23074763,23075070,307,mRNA
67120,23077858,23078089,231,mRNA
67121,23078160,23078306,146,mRNA
67122,23078770,23079108,338,mRNA
67123,23079806,23080765,959,mRNA
67124,23068301,23068676,375,mRNA
67125,23073107,23073247,140,mRNA
67126,23074763,23075070,307,mRNA
67127,23077858,23078089,231,mRNA
67128,23078160,23078306,146,mRNA
67129,23078770,23079108,338,mRNA
67130,23079806,23080765,959,mRNA
67131,23068598,23068676,78,CDS
67132,23073104,23073247,143,CDS
67133,23074763,23075070,307,CDS
67134,23077858,23078089,231,CDS
67135,23078160,23078306,146,CDS
67136,23078770,23079108,338,CDS
67137,23079806,23080125,319,CDS
67138,23068598,23068676,78,CDS
67139,23073104,23073247,143,CDS
67140,23074763,23075070,307,CDS
67141,23077858,23078089,231,CDS
67142,23078160,23078306,146,CDS
67143,23079806,23080125,319,CDS
67144,23068598,23068676,78,CDS
67145,23073107,23073247,140,CDS
67146,23074763,23075070,307,CDS
67147,23077858,23078089,231,CDS
67148,23078160,23078306,146,CDS
67149,23078770,23079108,338,CDS
67150,23079806,23080125,319,CDS
67151,23071683,23071770,87,mRNA
67152,23073104,23073247,143,mRNA
67153,23074763,23075070,307,mRNA
67154,23077858,23078089,231,mRNA
67155,23078160,23078306,146,mRNA
67156,23078770,23079108,338,mRNA
67157,23079806,23081144,1338,mRNA
67158,23071758,23071770,12,CDS
67159,23073104,23073247,143,CDS
67160,23074763,23075070,307,CDS
67161,23077858,23078089,231,CDS
67162,23078160,23078306,146,CDS
67163,23078770,23079108,338,CDS
67164,23079806,23080125,319,CDS
67165,23080759,23082709,1950,gene
67166,23082070,23082335,265,mRNA
67167,23081916,23082002,86,mRNA
67168,23080759,23081856,1097,mRNA
67169,23082070,23082709,639,mRNA
67170,23081916,23082002,86,mRNA
67171,23080871,23081859,988,mRNA
67172,23082070,23082129,59,CDS
67173,23081916,23082002,86,CDS
67174,23081632,23081856,224,CDS
67175,23082070,23082129,59,CDS
67176,23081916,23082002,86,CDS
67177,23081632,23081859,227,CDS
67178,23082738,23084576,1838,gene
67179,23082738,23083403,665,mRNA
67180,23083727,23084576,849,mRNA
67181,23082844,23083403,559,CDS
67182,23083727,23084432,705,CDS
67183,23084672,23085536,864,gene
67184,23084672,23084925,253,mRNA
67185,23085259,23085536,277,mRNA
67186,23084689,23084925,236,CDS
67187,23085259,23085366,107,CDS
67188,23084960,23096735,11775,gene
67189,23084960,23092631,7671,gene
67190,23092215,23092631,416,mRNA
67191,23088715,23090413,1698,mRNA
67192,23087304,23087506,202,mRNA
67193,23084960,23087230,2270,mRNA
67194,23092215,23092631,416,mRNA
67195,23088715,23090413,1698,mRNA
67196,23087304,23087506,202,mRNA
67197,23084960,23087230,2270,mRNA
67198,23096707,23096735,28,mRNA
67199,23088715,23090413,1698,mRNA
67200,23087304,23087506,202,mRNA
67201,23085731,23087230,1499,mRNA
67202,23096613,23096734,121,mRNA
67203,23088715,23090413,1698,mRNA
67204,23087304,23087506,202,mRNA
67205,23085731,23087230,1499,mRNA
67206,23096462,23096734,272,mRNA
67207,23088715,23090413,1698,mRNA
67208,23087304,23087506,202,mRNA
67209,23085731,23087230,1499,mRNA
67210,23096433,23096734,301,mRNA
67211,23088715,23090413,1698,mRNA
67212,23087304,23087506,202,mRNA
67213,23085731,23087230,1499,mRNA
67214,23096433,23096734,301,mRNA
67215,23088715,23090413,1698,mRNA
67216,23087304,23087506,202,mRNA
67217,23085731,23087233,1502,mRNA
67218,23092215,23092631,416,mRNA
67219,23088715,23090413,1698,mRNA
67220,23087304,23087506,202,mRNA
67221,23085731,23087230,1499,mRNA
67222,23092215,23092631,416,mRNA
67223,23088715,23090413,1698,mRNA
67224,23087304,23087506,202,mRNA
67225,23085731,23087230,1499,mRNA
67226,23088715,23089210,495,CDS
67227,23087304,23087506,202,CDS
67228,23087108,23087230,122,CDS
67229,23088715,23089210,495,CDS
67230,23087304,23087506,202,CDS
67231,23087108,23087230,122,CDS
67232,23088715,23089210,495,CDS
67233,23087304,23087506,202,CDS
67234,23087108,23087230,122,CDS
67235,23088715,23089210,495,CDS
67236,23087304,23087506,202,CDS
67237,23087108,23087230,122,CDS
67238,23088715,23089210,495,CDS
67239,23087304,23087506,202,CDS
67240,23087108,23087230,122,CDS
67241,23088715,23089210,495,CDS
67242,23087304,23087506,202,CDS
67243,23087108,23087230,122,CDS
67244,23088715,23089210,495,CDS
67245,23087304,23087506,202,CDS
67246,23087108,23087233,125,CDS
67247,23092215,23092522,307,CDS
67248,23089411,23090413,1002,CDS
67249,23092215,23092522,307,CDS
67250,23089411,23090413,1002,CDS
67251,23090324,23093609,3285,gene
67252,23090324,23090487,163,ncRNA
67253,23091221,23091637,416,ncRNA
67254,23091689,23091820,131,ncRNA
67255,23091934,23092384,450,ncRNA
67256,23092484,23093609,1125,ncRNA
67257,23090324,23090487,163,ncRNA
67258,23091221,23091637,416,ncRNA
67259,23091689,23091820,131,ncRNA
67260,23091934,23092384,450,ncRNA
67261,23092484,23092732,248,ncRNA
67262,23096771,23101431,4660,gene
67263,23096771,23096875,104,mRNA
67264,23097420,23097731,311,mRNA
67265,23097793,23098115,322,mRNA
67266,23098280,23098555,275,mRNA
67267,23098614,23098917,303,mRNA
67268,23099218,23099409,191,mRNA
67269,23099475,23099888,413,mRNA
67270,23099945,23100052,107,mRNA
67271,23100502,23100802,300,mRNA
67272,23100860,23101192,332,mRNA
67273,23097409,23097731,322,mRNA
67274,23097793,23098115,322,mRNA
67275,23098280,23098555,275,mRNA
67276,23098614,23099013,399,mRNA
67277,23099218,23099409,191,mRNA
67278,23099475,23099888,413,mRNA
67279,23099945,23100052,107,mRNA
67280,23100502,23100802,300,mRNA
67281,23100860,23101431,571,mRNA
67282,23097409,23097731,322,mRNA
67283,23097793,23098115,322,mRNA
67284,23098280,23098555,275,mRNA
67285,23098614,23098917,303,mRNA
67286,23099218,23099409,191,mRNA
67287,23099475,23099888,413,mRNA
67288,23099945,23100052,107,mRNA
67289,23100502,23100802,300,mRNA
67290,23100860,23101192,332,mRNA
67291,23097696,23097731,35,CDS
67292,23097793,23098115,322,CDS
67293,23098280,23098555,275,CDS
67294,23098614,23099013,399,CDS
67295,23099218,23099409,191,CDS
67296,23099475,23099888,413,CDS
67297,23099945,23100052,107,CDS
67298,23100502,23100802,300,CDS
67299,23100860,23101107,247,CDS
67300,23097696,23097731,35,CDS
67301,23097793,23098115,322,CDS
67302,23098280,23098555,275,CDS
67303,23098614,23098917,303,CDS
67304,23099218,23099409,191,CDS
67305,23099475,23099888,413,CDS
67306,23099945,23100052,107,CDS
67307,23100502,23100802,300,CDS
67308,23100860,23101107,247,CDS
67309,23097696,23097731,35,CDS
67310,23097793,23098115,322,CDS
67311,23098280,23098555,275,CDS
67312,23098614,23098917,303,CDS
67313,23099218,23099409,191,CDS
67314,23099475,23099888,413,CDS
67315,23099945,23100052,107,CDS
67316,23100502,23100802,300,CDS
67317,23100860,23101107,247,CDS
67318,23106003,23108331,2328,gene
67319,23106003,23106283,280,mRNA
67320,23106344,23108331,1987,mRNA
67321,23106104,23106283,179,CDS
67322,23106344,23107330,986,CDS
67323,23200802,23201056,254,gene
67324,23200802,23201056,254,rRNA
67325,23205159,23205227,68,gene
67326,23205159,23205227,68,precursor_RNA
67327,23205166,23205187,21,ncRNA
67328,23205199,23205220,21,ncRNA
67329,23205258,23205380,122,gene
67330,23205258,23205380,122,rRNA
67331,23205409,23205438,29,gene
67332,23205409,23205438,29,rRNA
67333,23205822,23206525,703,gene
67334,23205822,23206525,703,rRNA
67335,23211192,23213166,1974,gene
67336,23211192,23213166,1974,rRNA
67337,23213889,23214011,122,gene
67338,23213889,23214011,122,rRNA
67339,23214040,23214069,29,gene
67340,23214040,23214069,29,rRNA
67341,23214452,23217140,2688,gene
67342,23214452,23217140,2688,rRNA
67343,23239718,23240975,1257,gene
67344,23239718,23240975,1257,rRNA
67345,23261772,23262666,894,gene
67346,23261772,23262666,894,rRNA
67347,23270802,23271158,356,gene
67348,23270802,23271158,356,rRNA
67349,23278007,23283731,5724,gene
67350,23278007,23283731,5724,precursor_RNA
67351,23278007,23280010,2003,gene
67352,23278007,23280010,2003,rRNA
67353,23280155,23280277,122,gene
67354,23280155,23280277,122,rRNA
67355,23280998,23282931,1933,gene
67356,23280998,23282931,1933,rRNA
67357,23291450,23291518,68,gene
67358,23291450,23291518,68,precursor_RNA
67359,23291457,23291478,21,ncRNA
67360,23291490,23291511,21,ncRNA
67361,23291549,23291671,122,gene
67362,23291549,23291671,122,rRNA
67363,23291700,23291729,29,gene
67364,23291700,23291729,29,rRNA
67365,23538215,23538283,68,gene
67366,23538215,23538283,68,precursor_RNA
67367,23538222,23538243,21,ncRNA
67368,23538255,23538276,21,ncRNA
