,start,end,lenght,feature
0,326768,705848,379080,gene
1,326768,326939,171,mRNA
2,348382,348500,118,mRNA
3,432220,432460,240,mRNA
4,438894,439012,118,mRNA
5,495144,495329,185,mRNA
6,495604,495799,195,mRNA
7,547232,547363,131,mRNA
8,578872,578991,119,mRNA
9,579044,579217,173,mRNA
10,642100,642363,263,mRNA
11,673574,673836,262,mRNA
12,705374,705848,474,mRNA
13,432340,432460,120,CDS
14,438894,439012,118,CDS
15,495144,495329,185,CDS
16,495604,495799,195,CDS
17,547232,547363,131,CDS
18,578872,578991,119,CDS
19,579044,579217,173,CDS
20,642100,642363,263,CDS
21,673574,673836,262,CDS
22,705374,705445,71,CDS
23,854814,855571,757,gene
24,854814,854916,102,mRNA
25,854968,855571,603,mRNA
26,854872,854916,44,CDS
27,854968,855438,470,CDS
28,924636,951252,26616,gene
29,951127,951252,125,mRNA
30,949871,949946,75,mRNA
31,946776,946843,67,mRNA
32,929051,929292,241,mRNA
33,927356,927570,214,mRNA
34,927186,927297,111,mRNA
35,926972,927127,155,mRNA
36,926735,926902,167,mRNA
37,924636,926682,2046,mRNA
38,951127,951252,125,mRNA
39,929051,929292,241,mRNA
40,927356,927570,214,mRNA
41,927186,927297,111,mRNA
42,926972,927127,155,mRNA
43,926735,926902,167,mRNA
44,926097,926682,585,mRNA
45,951127,951252,125,mRNA
46,949871,949946,75,mRNA
47,927356,927570,214,mRNA
48,927186,927297,111,mRNA
49,926972,927127,155,mRNA
50,926735,926902,167,mRNA
51,926097,926682,585,mRNA
52,951127,951252,125,mRNA
53,949871,949946,75,mRNA
54,929051,929292,241,mRNA
55,927356,927570,214,mRNA
56,927186,927297,111,mRNA
57,926972,927127,155,mRNA
58,926735,926902,167,mRNA
59,926097,926682,585,mRNA
60,927781,927986,205,mRNA
61,927356,927570,214,mRNA
62,927186,927297,111,mRNA
63,926972,927127,155,mRNA
64,926735,926902,167,mRNA
65,926097,926682,585,mRNA
66,927356,927562,206,CDS
67,927186,927297,111,CDS
68,926972,927127,155,CDS
69,926735,926902,167,CDS
70,926519,926682,163,CDS
71,927356,927562,206,CDS
72,927186,927297,111,CDS
73,926972,927127,155,CDS
74,926735,926902,167,CDS
75,926519,926682,163,CDS
76,927356,927562,206,CDS
77,927186,927297,111,CDS
78,926972,927127,155,CDS
79,926735,926902,167,CDS
80,926519,926682,163,CDS
81,927356,927562,206,CDS
82,927186,927297,111,CDS
83,926972,927127,155,CDS
84,926735,926902,167,CDS
85,926519,926682,163,CDS
86,927356,927562,206,CDS
87,927186,927297,111,CDS
88,926972,927127,155,CDS
89,926735,926902,167,CDS
90,926519,926682,163,CDS
91,1070657,1071319,662,gene
92,1071247,1071319,72,ncRNA
93,1070657,1071044,387,ncRNA
94,1071462,1125927,54465,gene
95,1071462,1071573,111,mRNA
96,1072268,1072439,171,mRNA
97,1076635,1076761,126,mRNA
98,1080331,1080441,110,mRNA
99,1105847,1105981,134,mRNA
100,1113198,1113482,284,mRNA
101,1113537,1113725,188,mRNA
102,1120625,1121107,482,mRNA
103,1071975,1072045,70,mRNA
104,1072251,1072439,188,mRNA
105,1076635,1076761,126,mRNA
106,1076816,1076877,61,mRNA
107,1080331,1080441,110,mRNA
108,1105847,1105981,134,mRNA
109,1113198,1113482,284,mRNA
110,1113537,1113725,188,mRNA
111,1120625,1125927,5302,mRNA
112,1071975,1072045,70,mRNA
113,1072251,1072439,188,mRNA
114,1076635,1076761,126,mRNA
115,1080331,1080441,110,mRNA
116,1105847,1105981,134,mRNA
117,1113198,1113482,284,mRNA
118,1113537,1113725,188,mRNA
119,1124963,1125927,964,mRNA
120,1071975,1072045,70,mRNA
121,1072251,1072439,188,mRNA
122,1074272,1074364,92,mRNA
123,1076635,1076761,126,mRNA
124,1080331,1080441,110,mRNA
125,1105847,1105981,134,mRNA
126,1113198,1113482,284,mRNA
127,1113537,1113725,188,mRNA
128,1120625,1121771,1146,mRNA
129,1071975,1072439,464,mRNA
130,1076635,1076761,126,mRNA
131,1080331,1080441,110,mRNA
132,1105847,1105981,134,mRNA
133,1113198,1113482,284,mRNA
134,1113537,1113725,188,mRNA
135,1120625,1121107,482,mRNA
136,1071975,1072045,70,mRNA
137,1072268,1072439,171,mRNA
138,1076635,1076761,126,mRNA
139,1080331,1080441,110,mRNA
140,1105847,1105981,134,mRNA
141,1113198,1113482,284,mRNA
142,1113537,1113725,188,mRNA
143,1120625,1121107,482,mRNA
144,1071975,1072439,464,mRNA
145,1076635,1076761,126,mRNA
146,1080331,1081150,819,mRNA
147,1072282,1072439,157,CDS
148,1076635,1076761,126,CDS
149,1080331,1080441,110,CDS
150,1105847,1105981,134,CDS
151,1113198,1113482,284,CDS
152,1113537,1113725,188,CDS
153,1124963,1125088,125,CDS
154,1072282,1072439,157,CDS
155,1076635,1076761,126,CDS
156,1080331,1080441,110,CDS
157,1105847,1105981,134,CDS
158,1113198,1113482,284,CDS
159,1113537,1113725,188,CDS
160,1120625,1120750,125,CDS
161,1072282,1072439,157,CDS
162,1076635,1076761,126,CDS
163,1080331,1080441,110,CDS
164,1105847,1105981,134,CDS
165,1113198,1113482,284,CDS
166,1113537,1113725,188,CDS
167,1120625,1120750,125,CDS
168,1072282,1072439,157,CDS
169,1076635,1076761,126,CDS
170,1080331,1080441,110,CDS
171,1105847,1105981,134,CDS
172,1113198,1113482,284,CDS
173,1113537,1113725,188,CDS
174,1120625,1120750,125,CDS
175,1072282,1072439,157,CDS
176,1076635,1076761,126,CDS
177,1080331,1080618,287,CDS
178,1074342,1074364,22,CDS
179,1076635,1076761,126,CDS
180,1080331,1080441,110,CDS
181,1105847,1105981,134,CDS
182,1113198,1113482,284,CDS
183,1113537,1113725,188,CDS
184,1120625,1120750,125,CDS
185,1080376,1080441,65,CDS
186,1105847,1105981,134,CDS
187,1113198,1113482,284,CDS
188,1113537,1113725,188,CDS
189,1120625,1120750,125,CDS
190,1207416,1209312,1896,gene
191,1207416,1207613,197,exon
192,1207919,1208149,230,exon
193,1208259,1208447,188,exon
194,1208565,1209312,747,exon
195,1211067,1213666,2599,gene
196,1211067,1211267,200,exon
197,1212216,1212491,275,exon
198,1212556,1212744,188,exon
199,1212836,1213666,830,exon
200,1264140,1267747,3607,gene
201,1264140,1264370,230,mRNA
202,1264444,1264493,49,mRNA
203,1264548,1264841,293,mRNA
204,1265171,1265293,122,mRNA
205,1265343,1266162,819,mRNA
206,1264393,1264493,100,mRNA
207,1264548,1264841,293,mRNA
208,1265171,1265293,122,mRNA
209,1265343,1267747,2404,mRNA
210,1264393,1264841,448,mRNA
211,1265171,1265293,122,mRNA
212,1265343,1266349,1006,mRNA
213,1264393,1264493,100,mRNA
214,1264548,1264841,293,mRNA
215,1265171,1265293,122,mRNA
216,1265343,1266052,709,mRNA
217,1266192,1266349,157,mRNA
218,1264458,1264841,383,CDS
219,1265171,1265293,122,CDS
220,1265343,1266026,683,CDS
221,1264458,1264493,35,CDS
222,1264548,1264841,293,CDS
223,1265171,1265293,122,CDS
224,1265343,1266026,683,CDS
225,1264458,1264493,35,CDS
226,1264548,1264841,293,CDS
227,1265171,1265293,122,CDS
228,1265343,1266026,683,CDS
229,1264458,1264493,35,CDS
230,1264548,1264841,293,CDS
231,1265171,1265293,122,CDS
232,1265343,1266026,683,CDS
233,1265038,1265110,72,mRNA
234,1265171,1265293,122,mRNA
235,1265343,1266349,1006,mRNA
236,1265171,1265293,122,CDS
237,1265343,1266026,683,CDS
238,1343403,1345119,1716,gene
239,1344451,1345119,668,mRNA
240,1344058,1344381,323,mRNA
241,1343403,1343985,582,mRNA
242,1344451,1345119,668,mRNA
243,1344152,1344381,229,mRNA
244,1344451,1345085,634,CDS
245,1344291,1344381,90,CDS
246,1344451,1345085,634,CDS
247,1344291,1344381,90,CDS
248,1348167,1349167,1000,gene
249,1348167,1349167,1000,ncRNA
250,1349392,1443935,94543,gene
251,1349392,1349498,106,mRNA
252,1367500,1368399,899,mRNA
253,1368467,1368609,142,mRNA
254,1437834,1438393,559,mRNA
255,1439013,1439157,144,mRNA
256,1442769,1442977,208,mRNA
257,1443029,1443935,906,mRNA
258,1367512,1367713,201,mRNA
259,1367772,1368399,627,mRNA
260,1368467,1368609,142,mRNA
261,1437834,1438393,559,mRNA
262,1439013,1439157,144,mRNA
263,1442769,1442977,208,mRNA
264,1443029,1443935,906,mRNA
265,1367588,1368399,811,CDS
266,1368467,1368609,142,CDS
267,1437834,1438393,559,CDS
268,1439013,1439157,144,CDS
269,1442769,1442977,208,CDS
270,1443029,1443832,803,CDS
271,1367837,1368399,562,CDS
272,1368467,1368609,142,CDS
273,1437834,1438393,559,CDS
274,1439013,1439157,144,CDS
275,1442769,1442977,208,CDS
276,1443029,1443832,803,CDS
277,1368921,1371468,2547,gene
278,1369151,1371468,2317,ncRNA
279,1368921,1369083,162,ncRNA
280,1512810,1527095,14285,gene
281,1526741,1526943,202,mRNA
282,1521332,1521559,227,mRNA
283,1516520,1516661,141,mRNA
284,1516222,1516468,246,mRNA
285,1515890,1516167,277,mRNA
286,1512810,1515836,3026,mRNA
287,1521332,1521780,448,mRNA
288,1516520,1516661,141,mRNA
289,1516222,1516468,246,mRNA
290,1515890,1516167,277,mRNA
291,1515595,1515836,241,mRNA
292,1516520,1516830,310,mRNA
293,1516222,1516468,246,mRNA
294,1515890,1516167,277,mRNA
295,1515595,1515836,241,mRNA
296,1527005,1527095,90,mRNA
297,1521332,1521506,174,mRNA
298,1516520,1516661,141,mRNA
299,1516222,1516468,246,mRNA
300,1515890,1516167,277,mRNA
301,1515668,1515836,168,mRNA
302,1527005,1527095,90,mRNA
303,1521332,1521559,227,mRNA
304,1516520,1516661,141,mRNA
305,1516222,1516468,246,mRNA
306,1515890,1516167,277,mRNA
307,1515668,1515836,168,mRNA
308,1516520,1516620,100,CDS
309,1516222,1516468,246,CDS
310,1515890,1516167,277,CDS
311,1515782,1515836,54,CDS
312,1516520,1516620,100,CDS
313,1516222,1516468,246,CDS
314,1515890,1516167,277,CDS
315,1515782,1515836,54,CDS
316,1516520,1516620,100,CDS
317,1516222,1516468,246,CDS
318,1515890,1516167,277,CDS
319,1515782,1515836,54,CDS
320,1516520,1516620,100,CDS
321,1516222,1516468,246,CDS
322,1515890,1516167,277,CDS
323,1515782,1515836,54,CDS
324,1516520,1516620,100,CDS
325,1516222,1516468,246,CDS
326,1515890,1516167,277,CDS
327,1515782,1515836,54,CDS
328,1590484,1596457,5973,gene
329,1590484,1590586,102,mRNA
330,1590650,1590883,233,mRNA
331,1590940,1591017,77,mRNA
332,1594946,1595192,246,mRNA
333,1595766,1595984,218,mRNA
334,1596036,1596128,92,mRNA
335,1596188,1596457,269,mRNA
336,1590570,1590883,313,mRNA
337,1590940,1591017,77,mRNA
338,1594946,1595192,246,mRNA
339,1595766,1595984,218,mRNA
340,1596036,1596128,92,mRNA
341,1596188,1596457,269,mRNA
342,1590570,1590883,313,mRNA
343,1590940,1591104,164,mRNA
344,1590654,1590883,229,CDS
345,1590940,1591017,77,CDS
346,1594946,1595192,246,CDS
347,1595766,1595984,218,CDS
348,1596036,1596128,92,CDS
349,1596188,1596415,227,CDS
350,1590654,1590883,229,CDS
351,1590940,1591017,77,CDS
352,1594946,1595192,246,CDS
353,1595766,1595984,218,CDS
354,1596036,1596128,92,CDS
355,1596188,1596415,227,CDS
356,1590654,1590883,229,CDS
357,1590940,1591030,90,CDS
358,1618172,1618585,413,gene
359,1618172,1618585,413,exon
360,1649061,1778937,129876,gene
361,1649061,1649245,184,mRNA
362,1726644,1727618,974,mRNA
363,1727672,1727978,306,mRNA
364,1761924,1762055,131,mRNA
365,1762108,1762295,187,mRNA
366,1772028,1772214,186,mRNA
367,1778587,1778937,350,mRNA
368,1649616,1650149,533,mRNA
369,1726644,1727618,974,mRNA
370,1727672,1727978,306,mRNA
371,1761924,1762059,135,mRNA
372,1762160,1762295,135,mRNA
373,1772028,1772214,186,mRNA
374,1778587,1778937,350,mRNA
375,1649616,1650149,533,mRNA
376,1726644,1727618,974,mRNA
377,1727672,1727978,306,mRNA
378,1761924,1762055,131,mRNA
379,1762108,1762295,187,mRNA
380,1772028,1772214,186,mRNA
381,1778587,1778937,350,mRNA
382,1649616,1650149,533,mRNA
383,1726644,1727618,974,mRNA
384,1727672,1727978,306,mRNA
385,1731185,1731395,210,mRNA
386,1649893,1650149,256,CDS
387,1726644,1727618,974,CDS
388,1727672,1727978,306,CDS
389,1761924,1762059,135,CDS
390,1762160,1762295,135,CDS
391,1772028,1772214,186,CDS
392,1778587,1778778,191,CDS
393,1649893,1650149,256,CDS
394,1726644,1727618,974,CDS
395,1727672,1727978,306,CDS
396,1761924,1762055,131,CDS
397,1762108,1762295,187,CDS
398,1772028,1772214,186,CDS
399,1778587,1778778,191,CDS
400,1649893,1650149,256,CDS
401,1726644,1727618,974,CDS
402,1727672,1727978,306,CDS
403,1731185,1731190,5,CDS
404,1726741,1727618,877,CDS
405,1727672,1727978,306,CDS
406,1761924,1762055,131,CDS
407,1762108,1762295,187,CDS
408,1772028,1772214,186,CDS
409,1778587,1778778,191,CDS
410,1806864,1807342,478,gene
411,1806864,1807342,478,exon
412,1866080,2262115,396035,gene
413,2261829,2262115,286,mRNA
414,2245972,2246006,34,mRNA
415,2118977,2119244,267,mRNA
416,2053345,2053618,273,mRNA
417,2053024,2053291,267,mRNA
418,1995612,1995906,294,mRNA
419,1995419,1995551,132,mRNA
420,1995173,1995361,188,mRNA
421,1926739,1926863,124,mRNA
422,1926295,1926681,386,mRNA
423,1866865,1867050,185,mRNA
424,1866652,1866809,157,mRNA
425,1866363,1866562,199,mRNA
426,1866080,1866303,223,mRNA
427,2118977,2119185,208,CDS
428,2053345,2053618,273,CDS
429,2053024,2053291,267,CDS
430,1995612,1995906,294,CDS
431,1995419,1995551,132,CDS
432,1995173,1995361,188,CDS
433,1926739,1926863,124,CDS
434,1926295,1926681,386,CDS
435,1866865,1867050,185,CDS
436,1866652,1866809,157,CDS
437,1866363,1866562,199,CDS
438,1866160,1866303,143,CDS
439,2261829,2262115,286,mRNA
440,2118977,2119244,267,mRNA
441,2053345,2053618,273,mRNA
442,2053024,2053291,267,mRNA
443,1995612,1995906,294,mRNA
444,1995419,1995551,132,mRNA
445,1995173,1995361,188,mRNA
446,1994530,1994898,368,mRNA
447,2118977,2119185,208,CDS
448,2053345,2053618,273,CDS
449,2053024,2053291,267,CDS
450,1995612,1995906,294,CDS
451,1995419,1995551,132,CDS
452,1995173,1995361,188,CDS
453,1994815,1994898,83,CDS
454,2374631,2375134,503,gene
455,2374631,2374882,251,exon
456,2374937,2375055,118,exon
457,2375112,2375134,22,exon
458,2494742,2565385,70643,gene
459,2565119,2565385,266,mRNA
460,2553783,2553877,94,mRNA
461,2522573,2522730,157,mRNA
462,2522393,2522511,118,mRNA
463,2494742,2495023,281,mRNA
464,2565119,2565385,266,mRNA
465,2553783,2553877,94,mRNA
466,2522573,2522730,157,mRNA
467,2521441,2522511,1070,mRNA
468,2494742,2495023,281,mRNA
469,2565119,2565385,266,mRNA
470,2553783,2553877,94,mRNA
471,2522573,2522730,157,mRNA
472,2521441,2522511,1070,mRNA
473,2515643,2515908,265,mRNA
474,2494742,2495023,281,mRNA
475,2565119,2565385,266,mRNA
476,2562627,2562805,178,mRNA
477,2553783,2553877,94,mRNA
478,2522573,2522730,157,mRNA
479,2521441,2522511,1070,mRNA
480,2494742,2495023,281,mRNA
481,2565119,2565385,266,mRNA
482,2564444,2564669,225,mRNA
483,2553783,2553877,94,mRNA
484,2522573,2522730,157,mRNA
485,2520579,2522511,1932,mRNA
486,2494742,2495023,281,mRNA
487,2553783,2553873,90,CDS
488,2522573,2522730,157,CDS
489,2521441,2522511,1070,CDS
490,2494826,2495023,197,CDS
491,2553783,2553873,90,CDS
492,2522573,2522730,157,CDS
493,2521441,2522511,1070,CDS
494,2494826,2495023,197,CDS
495,2553783,2553873,90,CDS
496,2522573,2522730,157,CDS
497,2522393,2522511,118,CDS
498,2494966,2495023,57,CDS
499,2553783,2553873,90,CDS
500,2522573,2522730,157,CDS
501,2521441,2522511,1070,CDS
502,2515855,2515908,53,CDS
503,2553783,2553873,90,CDS
504,2522573,2522730,157,CDS
505,2521423,2522511,1088,CDS
506,2552170,2552282,112,gene
507,2552170,2552282,112,precursor_RNA
508,2552195,2552216,21,ncRNA
509,2552231,2552252,21,ncRNA
510,2770380,2846708,76328,gene
511,2846508,2846661,153,mRNA
512,2830866,2831043,177,mRNA
513,2830708,2830781,73,mRNA
514,2770380,2770710,330,mRNA
515,2846671,2846708,37,mRNA
516,2830708,2831043,335,mRNA
517,2770419,2770710,291,mRNA
518,2846604,2846661,57,mRNA
519,2830708,2831043,335,mRNA
520,2770419,2770710,291,mRNA
521,2846508,2846661,153,mRNA
522,2830708,2831043,335,mRNA
523,2770419,2770710,291,mRNA
524,2846671,2846706,35,CDS
525,2830708,2831043,335,CDS
526,2770465,2770710,245,CDS
527,2846604,2846612,8,CDS
528,2830708,2831043,335,CDS
529,2770465,2770710,245,CDS
530,2846508,2846612,104,CDS
531,2830866,2831043,177,CDS
532,2830708,2830781,73,CDS
533,2770465,2770710,245,CDS
534,2846508,2846612,104,CDS
535,2830708,2831043,335,CDS
536,2770465,2770710,245,CDS
537,2932595,2968052,35457,gene
538,2967984,2968052,68,mRNA
539,2967095,2967191,96,mRNA
540,2963056,2963222,166,mRNA
541,2954997,2955077,80,mRNA
542,2937671,2937823,152,mRNA
543,2932786,2933284,498,mRNA
544,2932595,2932726,131,mRNA
545,2967317,2967344,27,mRNA
546,2967095,2967191,96,mRNA
547,2963056,2963222,166,mRNA
548,2954997,2955077,80,mRNA
549,2937671,2937823,152,mRNA
550,2932827,2933284,457,mRNA
551,2967095,2967146,51,CDS
552,2963056,2963222,166,CDS
553,2954997,2955077,80,CDS
554,2937671,2937823,152,CDS
555,2933168,2933284,116,CDS
556,2967095,2967146,51,CDS
557,2963056,2963222,166,CDS
558,2954997,2955077,80,CDS
559,2937671,2937823,152,CDS
560,2933168,2933284,116,CDS
561,3066499,3191011,124512,gene
562,3066499,3066626,127,mRNA
563,3066677,3066882,205,mRNA
564,3078966,3079082,116,mRNA
565,3121991,3122084,93,mRNA
566,3182392,3182519,127,mRNA
567,3190636,3190804,168,mRNA
568,3190861,3191011,150,mRNA
569,3066587,3066626,39,CDS
570,3066677,3066882,205,CDS
571,3078966,3079082,116,CDS
572,3121991,3122084,93,CDS
573,3182392,3182519,127,CDS
574,3190636,3190804,168,CDS
575,3190861,3190955,94,CDS
576,3334854,3336160,1306,gene
577,3334854,3336160,1306,exon
578,3363857,3364402,545,gene
579,3364330,3364402,72,mRNA
580,3363857,3364266,409,mRNA
581,3364330,3364402,72,CDS
582,3363857,3364266,409,CDS
583,3468952,3470223,1271,gene
584,3468952,3470223,1271,exon
585,3524536,3526047,1511,gene
586,3524536,3526047,1511,exon
587,3590030,3590420,390,gene
588,3590030,3590420,390,exon
589,3647346,3647765,419,gene
590,3647346,3647765,419,mRNA
591,3647397,3647726,329,CDS
592,3691219,3692506,1287,mobile_element
593,3900285,3949425,49140,gene
594,3949346,3949425,79,mRNA
595,3943429,3944011,582,mRNA
596,3942934,3943335,401,mRNA
597,3938552,3938885,333,mRNA
598,3933275,3933463,188,mRNA
599,3933011,3933226,215,mRNA
600,3919185,3919358,173,mRNA
601,3918475,3919120,645,mRNA
602,3918151,3918417,266,mRNA
603,3900285,3901330,1045,mRNA
604,3949346,3949425,79,mRNA
605,3947600,3948182,582,mRNA
606,3943196,3943335,139,mRNA
607,3942934,3943141,207,mRNA
608,3938552,3938885,333,mRNA
609,3933275,3933463,188,mRNA
610,3933011,3933226,215,mRNA
611,3919185,3919358,173,mRNA
612,3918475,3919120,645,mRNA
613,3918151,3918417,266,mRNA
614,3900751,3901330,579,mRNA
615,3947600,3947715,115,mRNA
616,3943196,3943335,139,mRNA
617,3942934,3943138,204,mRNA
618,3938552,3938885,333,mRNA
619,3933275,3933463,188,mRNA
620,3933011,3933226,215,mRNA
621,3919185,3919358,173,mRNA
622,3918475,3919120,645,mRNA
623,3918151,3918417,266,mRNA
624,3900751,3901330,579,mRNA
625,3943429,3943544,115,mRNA
626,3943196,3943335,139,mRNA
627,3942934,3943138,204,mRNA
628,3938552,3938885,333,mRNA
629,3933275,3933463,188,mRNA
630,3933011,3933226,215,mRNA
631,3919185,3919358,173,mRNA
632,3918475,3919120,645,mRNA
633,3918151,3918417,266,mRNA
634,3900751,3901330,579,mRNA
635,3942934,3943067,133,CDS
636,3938552,3938885,333,CDS
637,3933275,3933463,188,CDS
638,3933011,3933226,215,CDS
639,3919185,3919358,173,CDS
640,3918475,3919120,645,CDS
641,3918151,3918417,266,CDS
642,3900786,3901330,544,CDS
643,3942934,3943067,133,CDS
644,3938552,3938885,333,CDS
645,3933275,3933463,188,CDS
646,3933011,3933226,215,CDS
647,3919185,3919358,173,CDS
648,3918475,3919120,645,CDS
649,3918151,3918417,266,CDS
650,3900786,3901330,544,CDS
651,3942934,3943067,133,CDS
652,3938552,3938885,333,CDS
653,3933275,3933463,188,CDS
654,3933011,3933226,215,CDS
655,3919185,3919358,173,CDS
656,3918475,3919120,645,CDS
657,3918151,3918417,266,CDS
658,3900786,3901330,544,CDS
659,3942934,3943067,133,CDS
660,3938552,3938885,333,CDS
661,3933275,3933463,188,CDS
662,3933011,3933226,215,CDS
663,3919185,3919358,173,CDS
664,3918475,3919120,645,CDS
665,3918151,3918417,266,CDS
666,3900786,3901330,544,CDS
667,3943429,3949757,6328,gene
668,3943429,3943610,181,ncRNA
669,3943674,3943882,208,ncRNA
670,3943963,3944050,87,ncRNA
671,3949322,3949757,435,ncRNA
672,3943713,3943882,169,ncRNA
673,3948848,3949757,909,ncRNA
674,3943713,3943882,169,ncRNA
675,3949322,3949757,435,ncRNA
676,3947600,3947781,181,ncRNA
677,3947845,3948053,208,ncRNA
678,3948134,3948221,87,ncRNA
679,3949322,3949757,435,ncRNA
680,3947884,3948053,169,ncRNA
681,3948848,3949757,909,ncRNA
682,3947884,3948053,169,ncRNA
683,3949322,3949757,435,ncRNA
684,4014111,4049342,35231,gene
685,4014111,4014250,139,mRNA
686,4014305,4015214,909,mRNA
687,4029741,4029944,203,mRNA
688,4030002,4030297,295,mRNA
689,4049078,4049342,264,mRNA
690,4014165,4014250,85,CDS
691,4014305,4015214,909,CDS
692,4029741,4029944,203,CDS
693,4030002,4030297,295,CDS
694,4049078,4049282,204,CDS
695,4130974,4133484,2510,gene
696,4130974,4131124,150,mRNA
697,4131176,4131979,803,mRNA
698,4132037,4133484,1447,mRNA
699,4130974,4131268,294,mRNA
700,4131347,4131979,632,mRNA
701,4132037,4132931,894,mRNA
702,4130974,4131124,150,mRNA
703,4131188,4131268,80,mRNA
704,4131322,4131979,657,mRNA
705,4132037,4132931,894,mRNA
706,4130974,4131124,150,mRNA
707,4131176,4131268,92,mRNA
708,4131322,4131979,657,mRNA
709,4132037,4132830,793,mRNA
710,4131062,4131124,62,CDS
711,4131176,4131268,92,CDS
712,4131322,4131979,657,CDS
713,4132037,4132656,619,CDS
714,4131062,4131124,62,CDS
715,4131188,4131268,80,CDS
716,4131322,4131979,657,CDS
717,4132037,4132656,619,CDS
718,4131307,4131979,672,CDS
719,4132037,4132656,619,CDS
720,4131709,4131979,270,CDS
721,4132037,4132656,619,CDS
722,4186835,4188127,1292,gene
723,4187946,4188127,181,mRNA
724,4187760,4187879,119,mRNA
725,4186835,4187692,857,mRNA
726,4187946,4188127,181,mRNA
727,4187760,4187879,119,mRNA
728,4187490,4187692,202,mRNA
729,4187946,4188014,68,CDS
730,4187760,4187879,119,CDS
731,4187594,4187692,98,CDS
732,4187946,4188014,68,CDS
733,4187760,4187879,119,CDS
734,4187594,4187692,98,CDS
735,4235779,4242934,7155,gene
736,4242761,4242934,173,mRNA
737,4242089,4242699,610,mRNA
738,4238523,4239156,633,mRNA
739,4238273,4238462,189,mRNA
740,4238019,4238209,190,mRNA
741,4236914,4237723,809,mRNA
742,4236699,4236856,157,mRNA
743,4236413,4236557,144,mRNA
744,4236237,4236362,125,mRNA
745,4235995,4236177,182,mRNA
746,4235779,4235938,159,mRNA
747,4242761,4242847,86,CDS
748,4242089,4242699,610,CDS
749,4238523,4239156,633,CDS
750,4238273,4238462,189,CDS
751,4238019,4238209,190,CDS
752,4236914,4237723,809,CDS
753,4236699,4236856,157,CDS
754,4236413,4236557,144,CDS
755,4236237,4236362,125,CDS
756,4235995,4236177,182,CDS
757,4235867,4235938,71,CDS
758,4322295,4471060,148765,gene
759,4470770,4471060,290,mRNA
760,4458441,4458517,76,mRNA
761,4458307,4458380,73,mRNA
762,4458154,4458255,101,mRNA
763,4458023,4458097,74,mRNA
764,4427936,4427997,61,mRNA
765,4407981,4408032,51,mRNA
766,4378964,4379155,191,mRNA
767,4378749,4378904,155,mRNA
768,4378369,4378695,326,mRNA
769,4351118,4351218,100,mRNA
770,4350549,4350767,218,mRNA
771,4336377,4336583,206,mRNA
772,4322776,4322938,162,mRNA
773,4322295,4322715,420,mRNA
774,4471039,4471060,21,mRNA
775,4470770,4470953,183,mRNA
776,4458441,4458517,76,mRNA
777,4458307,4458380,73,mRNA
778,4458154,4458255,101,mRNA
779,4458023,4458097,74,mRNA
780,4427936,4427997,61,mRNA
781,4407981,4408032,51,mRNA
782,4378964,4379155,191,mRNA
783,4378749,4378904,155,mRNA
784,4378369,4378695,326,mRNA
785,4351118,4351218,100,mRNA
786,4350549,4350767,218,mRNA
787,4336377,4336583,206,mRNA
788,4322776,4322938,162,mRNA
789,4322437,4322715,278,mRNA
790,4470770,4471060,290,mRNA
791,4458441,4458517,76,mRNA
792,4458307,4458380,73,mRNA
793,4458154,4458255,101,mRNA
794,4458023,4458097,74,mRNA
795,4427936,4427997,61,mRNA
796,4407981,4408032,51,mRNA
797,4378964,4379155,191,mRNA
798,4378749,4378904,155,mRNA
799,4378369,4378695,326,mRNA
800,4351118,4351218,100,mRNA
801,4350549,4350767,218,mRNA
802,4336377,4336583,206,mRNA
803,4322776,4322938,162,mRNA
804,4322437,4322715,278,mRNA
805,4470770,4470882,112,CDS
806,4458441,4458517,76,CDS
807,4458307,4458380,73,CDS
808,4458154,4458255,101,CDS
809,4458023,4458097,74,CDS
810,4427936,4427997,61,CDS
811,4407981,4408032,51,CDS
812,4378964,4379155,191,CDS
813,4378749,4378904,155,CDS
814,4378369,4378695,326,CDS
815,4351118,4351218,100,CDS
816,4350549,4350767,218,CDS
817,4336377,4336583,206,CDS
818,4322776,4322938,162,CDS
819,4322533,4322715,182,CDS
820,4470770,4470882,112,CDS
821,4458441,4458517,76,CDS
822,4458307,4458380,73,CDS
823,4458154,4458255,101,CDS
824,4458023,4458097,74,CDS
825,4427936,4427997,61,CDS
826,4407981,4408032,51,CDS
827,4378964,4379155,191,CDS
828,4378749,4378904,155,CDS
829,4378369,4378695,326,CDS
830,4351118,4351218,100,CDS
831,4350549,4350767,218,CDS
832,4336377,4336583,206,CDS
833,4322776,4322938,162,CDS
834,4322533,4322715,182,CDS
835,4470770,4470882,112,CDS
836,4458441,4458517,76,CDS
837,4458307,4458380,73,CDS
838,4458154,4458255,101,CDS
839,4458023,4458097,74,CDS
840,4427936,4427997,61,CDS
841,4407981,4408032,51,CDS
842,4378964,4379155,191,CDS
843,4378749,4378904,155,CDS
844,4378369,4378695,326,CDS
845,4351118,4351218,100,CDS
846,4350549,4350767,218,CDS
847,4336377,4336583,206,CDS
848,4322776,4322938,162,CDS
849,4322533,4322715,182,CDS
850,4488871,4490316,1445,mobile_element
851,4490392,4490434,42,mobile_element
852,4492996,4493319,323,mobile_element
853,4495947,4496310,363,mobile_element
854,4497687,4498010,323,mobile_element
855,4498257,4499698,1441,mobile_element
856,4499774,4499816,42,mobile_element
857,4501010,4501368,358,mobile_element
858,4503079,4503377,298,mobile_element
859,4503915,4506216,2301,mobile_element
860,4506281,4507489,1208,mobile_element
861,4507490,4507706,216,mobile_element
862,4507995,4508445,450,gene
863,4507995,4508089,94,ncRNA
864,4508209,4508445,236,ncRNA
865,4508616,4511279,2663,mobile_element
866,4509471,4511157,1686,mobile_element
867,4512066,4514702,2636,mobile_element
868,4515217,4515373,156,mobile_element
869,4515388,4516458,1070,gene
870,4516378,4516458,80,mRNA
871,4515388,4516319,931,mRNA
872,4516378,4516458,80,mRNA
873,4516000,4516319,319,mRNA
874,4516107,4516319,212,CDS
875,4516107,4516319,212,CDS
876,4518364,4518661,297,mobile_element
877,4520524,4520661,137,mobile_element
878,4520705,4520885,180,mobile_element
879,4521812,4521920,108,mobile_element
880,4522519,4525694,3175,mobile_element
881,4526025,4533935,7910,mobile_element
882,4526317,4533756,7439,mobile_element
883,4527663,4532082,4419,mobile_element
884,4534067,4534884,817,mobile_element
885,4534885,4535022,137,mobile_element
886,4535115,4535458,343,mobile_element
887,4535478,4535794,316,mobile_element
888,4535809,4536151,342,mobile_element
889,4536285,4537426,1141,mobile_element
890,4537891,4538123,232,mobile_element
891,4538124,4538250,126,mobile_element
892,4538598,4539118,520,mobile_element
893,4539178,4540984,1806,mobile_element
894,4540413,4540793,380,mobile_element
895,4540989,4541792,803,mobile_element
896,4541795,4543096,1301,mobile_element
897,4543121,4543202,81,mobile_element
898,4543203,4543271,68,mobile_element
899,4543280,4543938,658,mobile_element
900,4546691,4565281,18590,gene
901,4546691,4547054,363,mRNA
902,4560361,4560789,428,mRNA
903,4562845,4563081,236,mRNA
904,4564434,4565281,847,mRNA
905,4546691,4547054,363,mRNA
906,4560361,4560789,428,mRNA
907,4562845,4563081,236,mRNA
908,4564434,4564987,553,mRNA
909,4546748,4547054,306,CDS
910,4560361,4560789,428,CDS
911,4562845,4563081,236,CDS
912,4564434,4564501,67,CDS
913,4546748,4547054,306,CDS
914,4560361,4560789,428,CDS
915,4562845,4563081,236,CDS
916,4564434,4564501,67,CDS
917,4547834,4549659,1825,mobile_element
918,4549714,4550518,804,mobile_element
919,4551004,4551432,428,mobile_element
920,4552144,4552291,147,mobile_element
921,4552292,4552479,187,mobile_element
922,4552596,4557314,4718,mobile_element
923,4557359,4557397,38,mobile_element
924,4558234,4558381,147,mobile_element
925,4558467,4558946,479,mobile_element
926,4559643,4560084,441,mobile_element
927,4560085,4560284,199,mobile_element
928,4561980,4562391,411,mobile_element
929,4562456,4562749,293,mobile_element
930,4563281,4563395,114,mobile_element
931,4563646,4563719,73,mobile_element
932,4563961,4564201,240,mobile_element
933,4564261,4564359,98,mobile_element
934,4565420,4565550,130,mobile_element
935,4565807,4567806,1999,mobile_element
936,4567822,4568539,717,mobile_element
937,4568128,4568390,262,mobile_element
938,4568562,4570965,2403,mobile_element
939,4571049,4571205,156,mobile_element
940,4571304,4571354,50,mobile_element
941,4571720,4576076,4356,mobile_element
942,4571846,4575770,3924,mobile_element
943,4582076,4582159,83,mobile_element
944,4582460,4582901,441,mobile_element
945,4582913,4584402,1489,mobile_element
946,4584771,4585469,698,mobile_element
947,4585702,4594064,8362,mobile_element
948,4586731,4586906,175,mobile_element
949,4587216,4588040,824,mobile_element
950,4588073,4588441,368,mobile_element
951,4589032,4589253,221,mobile_element
952,4589254,4590005,751,mobile_element
953,4590160,4590235,75,mobile_element
954,4590236,4591808,1572,mobile_element
955,4591961,4592954,993,mobile_element
956,4592955,4593051,96,mobile_element
957,4594156,4594540,384,mobile_element
958,4595288,4609492,14204,gene
959,4595288,4595462,174,mRNA
960,4599269,4600087,818,mRNA
961,4606764,4607320,556,mRNA
962,4608359,4609492,1133,mRNA
963,4595428,4595462,34,CDS
964,4599269,4600087,818,CDS
965,4606764,4607320,556,CDS
966,4608359,4609293,934,CDS
967,4596504,4597774,1270,mobile_element
968,4596613,4596862,249,mobile_element
969,4597083,4597626,543,mobile_element
970,4598166,4599121,955,mobile_element
971,4601398,4601504,106,mobile_element
972,4601758,4601891,133,mobile_element
973,4601997,4602173,176,mobile_element
974,4602193,4602470,277,mobile_element
975,4603662,4604420,758,mobile_element
976,4605020,4605787,767,mobile_element
977,4607434,4608150,716,mobile_element
978,4610325,4611254,929,mobile_element
979,4611256,4611311,55,mobile_element
980,4611644,4612121,477,mobile_element
981,4614858,4615146,288,mobile_element
982,4615507,4616563,1056,mobile_element
983,4616791,4617637,846,mobile_element
984,4618416,4618452,36,mobile_element
985,4618531,4618883,352,mobile_element
986,4619030,4620833,1803,gene
987,4619030,4620833,1803,mRNA
988,4619066,4620760,1694,CDS
989,4621118,4622481,1363,gene
990,4622107,4622481,374,ncRNA
991,4621118,4622048,930,ncRNA
992,4621118,4622481,1363,ncRNA
993,4622446,4622804,358,mobile_element
994,4623010,4624108,1098,mobile_element
995,4628441,4632807,4366,mobile_element
996,4630096,4632471,2375,mobile_element
997,4632857,4633174,317,mobile_element
998,4633349,4633715,366,mobile_element
999,4635258,4635901,643,mobile_element
1000,4635965,4638173,2208,mobile_element
1001,4638868,4639927,1059,mobile_element
1002,4640201,4640249,48,mobile_element
1003,4640285,4640896,611,mobile_element
1004,4641116,4641664,548,mobile_element
1005,4641708,4650039,8331,mobile_element
1006,4642001,4649375,7374,mobile_element
1007,4650396,4651430,1034,mobile_element
1008,4651583,4653171,1588,mobile_element
1009,4653175,4653249,74,mobile_element
1010,4653285,4654380,1095,mobile_element
1011,4653404,4654156,752,mobile_element
1012,4654976,4655351,375,mobile_element
1013,4655679,4656347,668,mobile_element
1014,4656348,4656591,243,mobile_element
1015,4659127,4659337,210,mobile_element
1016,4659402,4663290,3888,mobile_element
1017,4663952,4664051,99,mobile_element
1018,4664303,4664366,63,mobile_element
1019,4664370,4664446,76,mobile_element
1020,4664622,4664673,51,mobile_element
1021,4666089,4666408,319,mobile_element
1022,4666409,4666504,95,mobile_element
1023,4666600,4668032,1432,mobile_element
1024,4668298,4668445,147,mobile_element
1025,4668680,4670322,1642,mobile_element
1026,4670721,4670996,275,mobile_element
1027,4671853,4673639,1786,gene
1028,4671853,4672219,366,mRNA
1029,4672278,4673227,949,mRNA
1030,4673277,4673639,362,mRNA
1031,4671853,4672219,366,mRNA
1032,4672278,4673062,784,mRNA
1033,4673114,4673223,109,mRNA
1034,4673277,4673639,362,mRNA
1035,4671853,4672219,366,mRNA
1036,4672278,4673059,781,mRNA
1037,4673114,4673223,109,mRNA
1038,4673280,4673639,359,mRNA
1039,4671853,4672219,366,mRNA
1040,4672278,4673041,763,mRNA
1041,4673114,4673223,109,mRNA
1042,4673277,4673639,362,mRNA
1043,4672180,4672219,39,CDS
1044,4672278,4673062,784,CDS
1045,4673114,4673223,109,CDS
1046,4673277,4673478,201,CDS
1047,4672180,4672219,39,CDS
1048,4672278,4673059,781,CDS
1049,4673114,4673223,109,CDS
1050,4673280,4673478,198,CDS
1051,4672180,4672219,39,CDS
1052,4672278,4673041,763,CDS
1053,4673114,4673223,109,CDS
1054,4673277,4673478,201,CDS
1055,4672180,4672219,39,CDS
1056,4672278,4673086,808,CDS
1057,4675641,4676197,556,mobile_element
1058,4676750,4677033,283,mobile_element
1059,4677215,4677351,136,mobile_element
1060,4677649,4678559,910,mobile_element
1061,4678061,4678483,422,mobile_element
1062,4678691,4678782,91,mobile_element
1063,4681107,4681234,127,mobile_element
1064,4682788,4684878,2090,mobile_element
1065,4683278,4683460,182,mobile_element
1066,4683529,4683942,413,mobile_element
1067,4687528,4687650,122,mobile_element
1068,4687972,4688056,84,mobile_element
1069,4688468,4689407,939,mobile_element
1070,4689408,4690356,948,mobile_element
1071,4690816,4691025,209,mobile_element
1072,4691672,4729017,37345,gene
1073,4728814,4729017,203,mRNA
1074,4728433,4728551,118,mRNA
1075,4728180,4728351,171,mRNA
1076,4728009,4728124,115,mRNA
1077,4727794,4727953,159,mRNA
1078,4727158,4727734,576,mRNA
1079,4726848,4727085,237,mRNA
1080,4726624,4726788,164,mRNA
1081,4722147,4722325,178,mRNA
1082,4719770,4720210,440,mRNA
1083,4712101,4712775,674,mRNA
1084,4711814,4712045,231,mRNA
1085,4700940,4701261,321,mRNA
1086,4700644,4700872,228,mRNA
1087,4700389,4700583,194,mRNA
1088,4699059,4699151,92,mRNA
1089,4698503,4698996,493,mRNA
1090,4695462,4695610,148,mRNA
1091,4695119,4695406,287,mRNA
1092,4693248,4693483,235,mRNA
1093,4693011,4693168,157,mRNA
1094,4692296,4692950,654,mRNA
1095,4692079,4692246,167,mRNA
1096,4691672,4692010,338,mRNA
1097,4728807,4729017,210,mRNA
1098,4728433,4728551,118,mRNA
1099,4728180,4728351,171,mRNA
1100,4728009,4728124,115,mRNA
1101,4727794,4727953,159,mRNA
1102,4727158,4727734,576,mRNA
1103,4726848,4727085,237,mRNA
1104,4726624,4726788,164,mRNA
1105,4722147,4722325,178,mRNA
1106,4719770,4720210,440,mRNA
1107,4712101,4712775,674,mRNA
1108,4711814,4712045,231,mRNA
1109,4700940,4701261,321,mRNA
1110,4700644,4700872,228,mRNA
1111,4700389,4700583,194,mRNA
1112,4699059,4699151,92,mRNA
1113,4698503,4698996,493,mRNA
1114,4695462,4695610,148,mRNA
1115,4695119,4695406,287,mRNA
1116,4693248,4693483,235,mRNA
1117,4693011,4693168,157,mRNA
1118,4692296,4692950,654,mRNA
1119,4692079,4692246,167,mRNA
1120,4691672,4692010,338,mRNA
1121,4728807,4729017,210,mRNA
1122,4728433,4728551,118,mRNA
1123,4728180,4728351,171,mRNA
1124,4728009,4728124,115,mRNA
1125,4727794,4727953,159,mRNA
1126,4726848,4727734,886,mRNA
1127,4726624,4726788,164,mRNA
1128,4722147,4722325,178,mRNA
1129,4719770,4720210,440,mRNA
1130,4712101,4712775,674,mRNA
1131,4711814,4712045,231,mRNA
1132,4700940,4701261,321,mRNA
1133,4700644,4700872,228,mRNA
1134,4700389,4700583,194,mRNA
1135,4699059,4699151,92,mRNA
1136,4698503,4698996,493,mRNA
1137,4695462,4695610,148,mRNA
1138,4695119,4695406,287,mRNA
1139,4693248,4693483,235,mRNA
1140,4693011,4693168,157,mRNA
1141,4692296,4692950,654,mRNA
1142,4692079,4692246,167,mRNA
1143,4691672,4692010,338,mRNA
1144,4728779,4729017,238,mRNA
1145,4728433,4728551,118,mRNA
1146,4728180,4728351,171,mRNA
1147,4728009,4728124,115,mRNA
1148,4727794,4727953,159,mRNA
1149,4727158,4727734,576,mRNA
1150,4726848,4727085,237,mRNA
1151,4726624,4726788,164,mRNA
1152,4722147,4722325,178,mRNA
1153,4719770,4720210,440,mRNA
1154,4712101,4712775,674,mRNA
1155,4711814,4712045,231,mRNA
1156,4700940,4701261,321,mRNA
1157,4700644,4700872,228,mRNA
1158,4700389,4700583,194,mRNA
1159,4699059,4699151,92,mRNA
1160,4698503,4698996,493,mRNA
1161,4695462,4695610,148,mRNA
1162,4695119,4695406,287,mRNA
1163,4693248,4693483,235,mRNA
1164,4693011,4693168,157,mRNA
1165,4692296,4692950,654,mRNA
1166,4692079,4692246,167,mRNA
1167,4691672,4692010,338,mRNA
1168,4728779,4729017,238,mRNA
1169,4728433,4728551,118,mRNA
1170,4728180,4728351,171,mRNA
1171,4728009,4728124,115,mRNA
1172,4727794,4727953,159,mRNA
1173,4726848,4727734,886,mRNA
1174,4726624,4726788,164,mRNA
1175,4722147,4722325,178,mRNA
1176,4719770,4720210,440,mRNA
1177,4712101,4712775,674,mRNA
1178,4711814,4712045,231,mRNA
1179,4700940,4701261,321,mRNA
1180,4700644,4700872,228,mRNA
1181,4700389,4700583,194,mRNA
1182,4699059,4699151,92,mRNA
1183,4698503,4698996,493,mRNA
1184,4695462,4695610,148,mRNA
1185,4695119,4695406,287,mRNA
1186,4693248,4693483,235,mRNA
1187,4693011,4693168,157,mRNA
1188,4692296,4692950,654,mRNA
1189,4692079,4692246,167,mRNA
1190,4691672,4692010,338,mRNA
1191,4728779,4729017,238,mRNA
1192,4728433,4728551,118,mRNA
1193,4727794,4727953,159,mRNA
1194,4727158,4727734,576,mRNA
1195,4726848,4727085,237,mRNA
1196,4726624,4726788,164,mRNA
1197,4722147,4722325,178,mRNA
1198,4719770,4720210,440,mRNA
1199,4712101,4712775,674,mRNA
1200,4711814,4712045,231,mRNA
1201,4700940,4701261,321,mRNA
1202,4700644,4700872,228,mRNA
1203,4700389,4700583,194,mRNA
1204,4699059,4699151,92,mRNA
1205,4698503,4698996,493,mRNA
1206,4695462,4695610,148,mRNA
1207,4695119,4695406,287,mRNA
1208,4693248,4693483,235,mRNA
1209,4693011,4693168,157,mRNA
1210,4692296,4692950,654,mRNA
1211,4692079,4692246,167,mRNA
1212,4691750,4692010,260,mRNA
1213,4728433,4728499,66,CDS
1214,4727794,4727953,159,CDS
1215,4727158,4727734,576,CDS
1216,4726848,4727085,237,CDS
1217,4726624,4726788,164,CDS
1218,4722147,4722325,178,CDS
1219,4719770,4720210,440,CDS
1220,4712101,4712775,674,CDS
1221,4711814,4712045,231,CDS
1222,4700940,4701261,321,CDS
1223,4700644,4700872,228,CDS
1224,4700389,4700583,194,CDS
1225,4699059,4699151,92,CDS
1226,4698503,4698996,493,CDS
1227,4695462,4695610,148,CDS
1228,4695119,4695406,287,CDS
1229,4693248,4693483,235,CDS
1230,4693011,4693168,157,CDS
1231,4692296,4692950,654,CDS
1232,4692079,4692246,167,CDS
1233,4691858,4692010,152,CDS
1234,4728433,4728499,66,CDS
1235,4728180,4728351,171,CDS
1236,4728009,4728124,115,CDS
1237,4727794,4727953,159,CDS
1238,4727158,4727734,576,CDS
1239,4726848,4727085,237,CDS
1240,4726624,4726788,164,CDS
1241,4722147,4722325,178,CDS
1242,4719770,4720210,440,CDS
1243,4712101,4712775,674,CDS
1244,4711814,4712045,231,CDS
1245,4700940,4701261,321,CDS
1246,4700644,4700872,228,CDS
1247,4700389,4700583,194,CDS
1248,4699059,4699151,92,CDS
1249,4698503,4698996,493,CDS
1250,4695462,4695610,148,CDS
1251,4695119,4695406,287,CDS
1252,4693248,4693483,235,CDS
1253,4693011,4693168,157,CDS
1254,4692296,4692950,654,CDS
1255,4692079,4692246,167,CDS
1256,4691858,4692010,152,CDS
1257,4728433,4728499,66,CDS
1258,4728180,4728351,171,CDS
1259,4728009,4728124,115,CDS
1260,4727794,4727953,159,CDS
1261,4727158,4727734,576,CDS
1262,4726848,4727085,237,CDS
1263,4726624,4726788,164,CDS
1264,4722147,4722325,178,CDS
1265,4719770,4720210,440,CDS
1266,4712101,4712775,674,CDS
1267,4711814,4712045,231,CDS
1268,4700940,4701261,321,CDS
1269,4700644,4700872,228,CDS
1270,4700389,4700583,194,CDS
1271,4699059,4699151,92,CDS
1272,4698503,4698996,493,CDS
1273,4695462,4695610,148,CDS
1274,4695119,4695406,287,CDS
1275,4693248,4693483,235,CDS
1276,4693011,4693168,157,CDS
1277,4692296,4692950,654,CDS
1278,4692079,4692246,167,CDS
1279,4691858,4692010,152,CDS
1280,4728433,4728499,66,CDS
1281,4728180,4728351,171,CDS
1282,4728009,4728124,115,CDS
1283,4727794,4727953,159,CDS
1284,4727158,4727734,576,CDS
1285,4726848,4727085,237,CDS
1286,4726624,4726788,164,CDS
1287,4722147,4722325,178,CDS
1288,4719770,4720210,440,CDS
1289,4712101,4712775,674,CDS
1290,4711814,4712045,231,CDS
1291,4700940,4701261,321,CDS
1292,4700644,4700872,228,CDS
1293,4700389,4700583,194,CDS
1294,4699059,4699151,92,CDS
1295,4698503,4698996,493,CDS
1296,4695462,4695610,148,CDS
1297,4695119,4695406,287,CDS
1298,4693248,4693483,235,CDS
1299,4693011,4693168,157,CDS
1300,4692296,4692950,654,CDS
1301,4692079,4692246,167,CDS
1302,4691858,4692010,152,CDS
1303,4728433,4728499,66,CDS
1304,4728180,4728351,171,CDS
1305,4728009,4728124,115,CDS
1306,4727794,4727953,159,CDS
1307,4726848,4727734,886,CDS
1308,4726624,4726788,164,CDS
1309,4722147,4722325,178,CDS
1310,4719770,4720210,440,CDS
1311,4712101,4712775,674,CDS
1312,4711814,4712045,231,CDS
1313,4700940,4701261,321,CDS
1314,4700644,4700872,228,CDS
1315,4700389,4700583,194,CDS
1316,4699059,4699151,92,CDS
1317,4698503,4698996,493,CDS
1318,4695462,4695610,148,CDS
1319,4695119,4695406,287,CDS
1320,4693248,4693483,235,CDS
1321,4693011,4693168,157,CDS
1322,4692296,4692950,654,CDS
1323,4692079,4692246,167,CDS
1324,4691858,4692010,152,CDS
1325,4728433,4728499,66,CDS
1326,4728180,4728351,171,CDS
1327,4728009,4728124,115,CDS
1328,4727794,4727953,159,CDS
1329,4726848,4727734,886,CDS
1330,4726624,4726788,164,CDS
1331,4722147,4722325,178,CDS
1332,4719770,4720210,440,CDS
1333,4712101,4712775,674,CDS
1334,4711814,4712045,231,CDS
1335,4700940,4701261,321,CDS
1336,4700644,4700872,228,CDS
1337,4700389,4700583,194,CDS
1338,4699059,4699151,92,CDS
1339,4698503,4698996,493,CDS
1340,4695462,4695610,148,CDS
1341,4695119,4695406,287,CDS
1342,4693248,4693483,235,CDS
1343,4693011,4693168,157,CDS
1344,4692296,4692950,654,CDS
1345,4692079,4692246,167,CDS
1346,4691858,4692010,152,CDS
1347,4693650,4694037,387,mobile_element
1348,4695967,4696512,545,mobile_element
1349,4696531,4697592,1061,mobile_element
1350,4699427,4700015,588,mobile_element
1351,4700199,4700337,138,mobile_element
1352,4701316,4701839,523,mobile_element
1353,4703617,4703707,90,mobile_element
1354,4703718,4703794,76,mobile_element
1355,4705391,4706065,674,mobile_element
1356,4706331,4706810,479,mobile_element
1357,4706849,4706916,67,mobile_element
1358,4707174,4707228,54,mobile_element
1359,4707694,4708587,893,mobile_element
1360,4707992,4708339,347,mobile_element
1361,4708665,4709105,440,mobile_element
1362,4709106,4709293,187,mobile_element
1363,4709618,4709655,37,mobile_element
1364,4709656,4709793,137,mobile_element
1365,4709972,4710876,904,mobile_element
1366,4710173,4710713,540,mobile_element
1367,4710886,4711237,351,mobile_element
1368,4712838,4714923,2085,mobile_element
1369,4713040,4714574,1534,mobile_element
1370,4714277,4714350,73,mobile_element
1371,4714934,4714982,48,mobile_element
1372,4715040,4716226,1186,mobile_element
1373,4715225,4715382,157,mobile_element
1374,4715383,4715516,133,mobile_element
1375,4715539,4715769,230,mobile_element
1376,4716784,4719325,2541,mobile_element
1377,4716903,4718980,2077,mobile_element
1378,4716965,4718551,1586,mobile_element
1379,4719433,4719501,68,mobile_element
1380,4719608,4719661,53,mobile_element
1381,4720355,4720472,117,mobile_element
1382,4721633,4721764,131,mobile_element
1383,4722716,4725982,3266,mobile_element
1384,4722925,4723076,151,mobile_element
1385,4723087,4723547,460,mobile_element
1386,4726063,4726166,103,mobile_element
1387,4726295,4726494,199,mobile_element
1388,4730439,4731241,802,gene
1389,4730439,4731241,802,exon
1390,4730481,4731395,914,gene
1391,4730481,4730745,264,ncRNA
1392,4730797,4731395,598,ncRNA
1393,4731514,4732343,829,gene
1394,4731514,4731912,398,exon
1395,4732212,4732343,131,exon
1396,4732651,4732912,261,mobile_element
1397,4732913,4735934,3021,mobile_element
1398,4736014,4736277,263,mobile_element
1399,4737258,4738249,991,mobile_element
1400,4738250,4738452,202,mobile_element
1401,4739623,4739870,247,mobile_element
1402,4739901,4743282,3381,mobile_element
1403,4743752,4743798,46,mobile_element
1404,4744348,4758048,13700,gene
1405,4744348,4744401,53,mRNA
1406,4749222,4749386,164,mRNA
1407,4749446,4749513,67,mRNA
1408,4754500,4754670,170,mRNA
1409,4756171,4756259,88,mRNA
1410,4756316,4756588,272,mRNA
1411,4756655,4757165,510,mRNA
1412,4757236,4757748,512,mRNA
1413,4757802,4758048,246,mRNA
1414,4744405,4744465,60,mRNA
1415,4749222,4749386,164,mRNA
1416,4749446,4749513,67,mRNA
1417,4754500,4754670,170,mRNA
1418,4756171,4756259,88,mRNA
1419,4756316,4756588,272,mRNA
1420,4756655,4757165,510,mRNA
1421,4757236,4757748,512,mRNA
1422,4757802,4758048,246,mRNA
1423,4744465,4744637,172,mRNA
1424,4749222,4749386,164,mRNA
1425,4749446,4749513,67,mRNA
1426,4754500,4754670,170,mRNA
1427,4756171,4756259,88,mRNA
1428,4756316,4756588,272,mRNA
1429,4756655,4757165,510,mRNA
1430,4757236,4757748,512,mRNA
1431,4757802,4758048,246,mRNA
1432,4744656,4744894,238,mRNA
1433,4749222,4749386,164,mRNA
1434,4749446,4749513,67,mRNA
1435,4754500,4754670,170,mRNA
1436,4756171,4756259,88,mRNA
1437,4756316,4756588,272,mRNA
1438,4756655,4757165,510,mRNA
1439,4757236,4757748,512,mRNA
1440,4757802,4758048,246,mRNA
1441,4744862,4744990,128,mobile_element
1442,4747502,4747568,66,mobile_element
1443,4748502,4748577,75,mobile_element
1444,4749189,4749386,197,mRNA
1445,4749446,4749513,67,mRNA
1446,4754500,4754670,170,mRNA
1447,4756171,4756259,88,mRNA
1448,4756316,4756588,272,mRNA
1449,4756655,4757165,510,mRNA
1450,4757236,4757748,512,mRNA
1451,4757802,4758048,246,mRNA
1452,4749272,4749386,114,CDS
1453,4749446,4749513,67,CDS
1454,4754500,4754670,170,CDS
1455,4756171,4756259,88,CDS
1456,4756316,4756588,272,CDS
1457,4756655,4757165,510,CDS
1458,4757236,4757748,512,CDS
1459,4757802,4757951,149,CDS
1460,4749272,4749386,114,CDS
1461,4749446,4749513,67,CDS
1462,4754500,4754670,170,CDS
1463,4756171,4756259,88,CDS
1464,4756316,4756588,272,CDS
1465,4756655,4757165,510,CDS
1466,4757236,4757748,512,CDS
1467,4757802,4757951,149,CDS
1468,4749272,4749386,114,CDS
1469,4749446,4749513,67,CDS
1470,4754500,4754670,170,CDS
1471,4756171,4756259,88,CDS
1472,4756316,4756588,272,CDS
1473,4756655,4757165,510,CDS
1474,4757236,4757748,512,CDS
1475,4757802,4757951,149,CDS
1476,4749272,4749386,114,CDS
1477,4749446,4749513,67,CDS
1478,4754500,4754670,170,CDS
1479,4756171,4756259,88,CDS
1480,4756316,4756588,272,CDS
1481,4756655,4757165,510,CDS
1482,4757236,4757748,512,CDS
1483,4757802,4757951,149,CDS
1484,4749272,4749386,114,CDS
1485,4749446,4749513,67,CDS
1486,4754500,4754670,170,CDS
1487,4756171,4756259,88,CDS
1488,4756316,4756588,272,CDS
1489,4756655,4757165,510,CDS
1490,4757236,4757748,512,CDS
1491,4757802,4757951,149,CDS
1492,4749826,4750047,221,mobile_element
1493,4750399,4751495,1096,mobile_element
1494,4751587,4751642,55,mobile_element
1495,4751913,4752035,122,mobile_element
1496,4752406,4753474,1068,mobile_element
1497,4754933,4755362,429,mobile_element
1498,4755363,4755465,102,mobile_element
1499,4755696,4755751,55,mobile_element
1500,4758111,4758181,70,mobile_element
1501,4758266,4759540,1274,mobile_element
1502,4759541,4761101,1560,mobile_element
1503,4761351,4761913,562,mobile_element
1504,4761959,4763778,1819,mobile_element
1505,4762000,4763490,1490,mobile_element
1506,4763977,4764114,137,mobile_element
1507,4764604,4764697,93,mobile_element
1508,4764734,4764801,67,mobile_element
1509,4765122,4769404,4282,mobile_element
1510,4769509,4774730,5221,mobile_element
1511,4774849,4775407,558,mobile_element
1512,4775501,4780267,4766,mobile_element
1513,4776968,4777289,321,mobile_element
1514,4779029,4779564,535,mobile_element
1515,4779575,4780106,531,mobile_element
1516,4780311,4783646,3335,gene
1517,4780311,4780840,529,exon
1518,4782890,4785362,2472,gene
1519,4782890,4785362,2472,ncRNA
1520,4782912,4783646,734,exon
1521,4783984,4784049,65,mobile_element
1522,4784383,4784466,83,mobile_element
1523,4785738,4786187,449,mobile_element
1524,4785855,4788965,3110,gene
1525,4788400,4788642,242,mRNA
1526,4787138,4788345,1207,mRNA
1527,4785855,4787075,1220,mRNA
1528,4788761,4788965,204,mRNA
1529,4788400,4788534,134,mRNA
1530,4787138,4788345,1207,mRNA
1531,4786302,4787075,773,mRNA
1532,4788400,4788642,242,mRNA
1533,4787138,4788345,1207,mRNA
1534,4786302,4787075,773,mRNA
1535,4788400,4788586,186,CDS
1536,4787138,4788345,1207,CDS
1537,4786317,4787075,758,CDS
1538,4788400,4788586,186,CDS
1539,4787138,4788345,1207,CDS
1540,4786317,4787075,758,CDS
1541,4787138,4788247,1109,CDS
1542,4786317,4787075,758,CDS
1543,4788876,4792217,3341,mobile_element
1544,4792224,4794506,2282,mobile_element
1545,4794513,4794588,75,mobile_element
1546,4794928,4796963,2035,mobile_element
1547,4796686,4796774,88,mobile_element
1548,4796976,4797530,554,mobile_element
1549,4797531,4797684,153,mobile_element
1550,4797719,4798687,968,mobile_element
1551,4798723,4799207,484,mobile_element
1552,4799231,4800226,995,mobile_element
1553,4800227,4801382,1155,mobile_element
1554,4801414,4801649,235,mobile_element
1555,4801701,4802544,843,mobile_element
1556,4801882,4802022,140,mobile_element
1557,4802023,4802059,36,mobile_element
1558,4802545,4802879,334,mobile_element
1559,4805204,4809865,4661,mobile_element
1560,4809970,4814287,4317,mobile_element
1561,4814335,4814898,563,mobile_element
1562,4815148,4815353,205,mobile_element
1563,4815426,4824319,8893,gene
1564,4823905,4824319,414,mRNA
1565,4819288,4819936,648,mRNA
1566,4818209,4819229,1020,mRNA
1567,4817998,4818143,145,mRNA
1568,4817785,4817934,149,mRNA
1569,4815426,4817730,2304,mRNA
1570,4824111,4824319,208,mRNA
1571,4819288,4819936,648,mRNA
1572,4818209,4819229,1020,mRNA
1573,4817998,4818143,145,mRNA
1574,4817785,4817934,149,mRNA
1575,4817261,4817730,469,mRNA
1576,4819288,4819935,647,CDS
1577,4818209,4819229,1020,CDS
1578,4817998,4818143,145,CDS
1579,4817785,4817934,149,CDS
1580,4817449,4817730,281,CDS
1581,4819288,4819935,647,CDS
1582,4818209,4819229,1020,CDS
1583,4817998,4818143,145,CDS
1584,4817785,4817934,149,CDS
1585,4817449,4817730,281,CDS
1586,4820010,4820121,111,mobile_element
1587,4820129,4820642,513,mobile_element
1588,4821702,4822097,395,mobile_element
1589,4822404,4822526,122,mobile_element
1590,4822558,4822835,277,mobile_element
1591,4822848,4822959,111,mobile_element
1592,4823042,4823083,41,mobile_element
1593,4823201,4823458,257,mobile_element
1594,4826167,4826701,534,mobile_element
1595,4826777,4828044,1267,mobile_element
1596,4827211,4827349,138,mobile_element
1597,4827764,4827823,59,mobile_element
1598,4827824,4827937,113,mobile_element
1599,4828322,4828778,456,mobile_element
1600,4829246,4830587,1341,gene
1601,4829246,4829493,247,mRNA
1602,4829547,4830587,1040,mRNA
1603,4829246,4829493,247,mRNA
1604,4829547,4829935,388,mRNA
1605,4829307,4829493,186,CDS
1606,4829547,4829710,163,CDS
1607,4829307,4829493,186,CDS
1608,4829547,4829710,163,CDS
1609,4830167,4830293,126,mobile_element
1610,4830361,4831949,1588,mobile_element
1611,4831950,4833155,1205,mobile_element
1612,4833219,4837307,4088,mobile_element
1613,4833571,4836717,3146,mobile_element
1614,4836845,4837025,180,mobile_element
1615,4837569,4838076,507,mobile_element
1616,4838928,4840392,1464,mobile_element
1617,4841108,4841469,361,mobile_element
1618,4841470,4848583,7113,mobile_element
1619,4848481,4853027,4546,mobile_element
1620,4855027,4855129,102,mobile_element
1621,4855816,4869276,13460,mobile_element
1622,4860255,4862290,2035,mobile_element
1623,4863543,4868897,5354,mobile_element
1624,4869309,4869361,52,mobile_element
1625,4869362,4869519,157,mobile_element
1626,4869898,4870126,228,mobile_element
1627,4870765,4871253,488,mobile_element
1628,4871711,4876644,4933,mobile_element
1629,4879190,4879363,173,mobile_element
1630,4880105,4880382,277,mobile_element
1631,4880431,4881197,766,mobile_element
1632,4881253,4885982,4729,mobile_element
1633,4886250,4886320,70,mobile_element
1634,4886325,4886425,100,mobile_element
1635,4887897,4888277,380,mobile_element
1636,4888728,4889085,357,mobile_element
1637,4889097,4895686,6589,mobile_element
1638,4895730,4907685,11955,gene
1639,4907614,4907685,71,mRNA
1640,4907168,4907555,387,mRNA
1641,4902102,4902223,121,mRNA
1642,4901846,4901974,128,mRNA
1643,4895730,4895881,151,mRNA
1644,4907614,4907685,71,mRNA
1645,4907168,4907555,387,mRNA
1646,4902031,4902223,192,mRNA
1647,4901846,4901974,128,mRNA
1648,4895730,4895881,151,mRNA
1649,4907614,4907656,42,CDS
1650,4907168,4907555,387,CDS
1651,4902031,4902223,192,CDS
1652,4901846,4901974,128,CDS
1653,4895753,4895881,128,CDS
1654,4896131,4901413,5282,mobile_element
1655,4896537,4897261,724,mobile_element
1656,4897269,4897325,56,mobile_element
1657,4897461,4897698,237,mobile_element
1658,4897984,4898160,176,mobile_element
1659,4900146,4900217,71,mobile_element
1660,4901040,4901160,120,mobile_element
1661,4901444,4901546,102,mobile_element
1662,4907614,4907656,42,CDS
1663,4907168,4907555,387,CDS
1664,4902102,4902223,121,CDS
1665,4901937,4901974,37,CDS
1666,4902389,4904941,2552,mobile_element
1667,4903202,4904439,1237,mobile_element
1668,4905159,4905302,143,mobile_element
1669,4905936,4906045,109,mobile_element
1670,4906483,4906934,451,mobile_element
1671,4907847,4908466,619,mobile_element
1672,4909630,4909767,137,mobile_element
1673,4910257,4914074,3817,mobile_element
1674,4910387,4913006,2619,mobile_element
1675,4910775,4912851,2076,mobile_element
1676,4913083,4913622,539,mobile_element
1677,4913317,4913412,95,mobile_element
1678,4914242,4914893,651,mobile_element
1679,4916601,4916692,91,mobile_element
1680,4917519,5021955,104436,gene
1681,4917519,4917561,42,mRNA
1682,4917619,4917860,241,mRNA
1683,4917929,4918079,150,mRNA
1684,4949677,4949924,247,mRNA
1685,4975731,4975866,135,mRNA
1686,5020318,5020937,619,mRNA
1687,5020997,5021111,114,mRNA
1688,5021166,5021955,789,mRNA
1689,4917519,4917561,42,CDS
1690,4917619,4917860,241,CDS
1691,4917929,4918079,150,CDS
1692,4949677,4949924,247,CDS
1693,4975731,4975866,135,CDS
1694,5020318,5020937,619,CDS
1695,5020997,5021111,114,CDS
1696,5021166,5021557,391,CDS
1697,4918250,4918631,381,mobile_element
1698,4918632,4923588,4956,mobile_element
1699,4924184,4924237,53,mobile_element
1700,4924644,4929315,4671,mobile_element
1701,4924963,4929263,4300,mobile_element
1702,4930151,4930297,146,mobile_element
1703,4930675,4930757,82,mobile_element
1704,4930773,4931964,1191,mobile_element
1705,4932114,4932156,42,mobile_element
1706,4932897,4933345,448,mobile_element
1707,4934465,4937866,3401,mobile_element
1708,4935131,4937283,2152,mobile_element
1709,4937284,4937536,252,mobile_element
1710,4937882,4937998,116,mobile_element
1711,4941346,4941421,75,mobile_element
1712,4941604,4941866,262,mobile_element
1713,4945067,4947356,2289,mobile_element
1714,4946105,4946137,32,mobile_element
1715,4949114,4949258,144,mobile_element
1716,4950593,4953726,3133,mobile_element
1717,4953727,4954504,777,mobile_element
1718,4957229,4959340,2111,mobile_element
1719,4959342,4960367,1025,mobile_element
1720,4959566,4959860,294,mobile_element
1721,4960382,4969304,8922,mobile_element
1722,4961160,4963766,2606,mobile_element
1723,4964679,4965055,376,mobile_element
1724,4965508,4965579,71,mobile_element
1725,4969432,4969569,137,mobile_element
1726,4970876,4970982,106,mobile_element
1727,4970999,4971197,198,mobile_element
1728,4971726,4972551,825,mobile_element
1729,4973309,4973581,272,mobile_element
1730,4975303,4975622,319,mobile_element
1731,4976258,4977088,830,mobile_element
1732,4977135,4978375,1240,mobile_element
1733,4978836,4980793,1957,mobile_element
1734,4981065,4981151,86,mobile_element
1735,4981076,4983502,2426,mobile_element
1736,4982495,4983496,1001,mobile_element
1737,4983507,4985245,1738,mobile_element
1738,4985272,4986315,1043,mobile_element
1739,4986316,4986348,32,mobile_element
1740,4986613,4986675,62,mobile_element
1741,4987398,4995013,7615,mobile_element
1742,4990511,4993565,3054,mobile_element
1743,4995169,4995731,562,mobile_element
1744,4995734,4996043,309,mobile_element
1745,4996174,4996310,136,mobile_element
1746,4997335,4998500,1165,mobile_element
1747,4998741,4999425,684,mobile_element
1748,4999453,4999717,264,mobile_element
1749,4999758,4999974,216,mobile_element
1750,4999975,5001673,1698,mobile_element
1751,5002265,5002311,46,mobile_element
1752,5003233,5005102,1869,mobile_element
1753,5005199,5005384,185,mobile_element
1754,5005393,5006078,685,mobile_element
1755,5006079,5007602,1523,mobile_element
1756,5007640,5008689,1049,mobile_element
1757,5010186,5013402,3216,mobile_element
1758,5014663,5016299,1636,mobile_element
1759,5014786,5015890,1104,mobile_element
1760,5017457,5017601,144,mobile_element
1761,5017712,5018083,371,mobile_element
1762,5018084,5018434,350,mobile_element
1763,5018839,5019217,378,mobile_element
1764,5019840,5020210,370,mobile_element
1765,5022425,5023856,1431,mobile_element
1766,5024722,5026277,1555,mobile_element
1767,5026418,5026766,348,mobile_element
1768,5026792,5027534,742,mobile_element
1769,5027553,5027881,328,mobile_element
1770,5028242,5028488,246,mobile_element
1771,5028781,5028941,160,mobile_element
1772,5031995,5032795,800,gene
1773,5031995,5032795,800,ncRNA
1774,5033927,5036433,2506,mobile_element
1775,5034395,5035682,1287,mobile_element
1776,5035684,5036312,628,mobile_element
1777,5036434,5036675,241,mobile_element
1778,5036790,5036858,68,mobile_element
1779,5039723,5040732,1009,mobile_element
1780,5041915,5042805,890,mobile_element
1781,5043552,5043594,42,mobile_element
1782,5043910,5044642,732,mobile_element
1783,5044082,5044502,420,mobile_element
1784,5044706,5045064,358,mobile_element
1785,5045162,5045591,429,mobile_element
1786,5045826,5046001,175,mobile_element
1787,5046069,5061584,15515,mobile_element
1788,5048677,5060606,11929,mobile_element
1789,5049217,5056682,7465,mobile_element
1790,5062025,5062113,88,mobile_element
1791,5062208,5062270,62,mobile_element
1792,5063229,5063483,254,mobile_element
1793,5065237,5070210,4973,gene
1794,5069982,5070210,228,mRNA
1795,5066977,5067004,27,mRNA
1796,5066528,5066923,395,mRNA
1797,5065237,5066463,1226,mRNA
1798,5069982,5070210,228,mRNA
1799,5066977,5067004,27,mRNA
1800,5066528,5066923,395,mRNA
1801,5066296,5066463,167,mRNA
1802,5069982,5069987,5,CDS
1803,5066977,5067004,27,CDS
1804,5066528,5066923,395,CDS
1805,5066429,5066463,34,CDS
1806,5069982,5069987,5,CDS
1807,5066977,5067004,27,CDS
1808,5066528,5066923,395,CDS
1809,5066429,5066463,34,CDS
1810,5067841,5068189,348,mobile_element
1811,5068386,5068660,274,mobile_element
1812,5068933,5069076,143,mobile_element
1813,5069166,5069483,317,mobile_element
1814,5070732,5070762,30,mobile_element
1815,5071167,5071587,420,mobile_element
1816,5073865,5073961,96,mobile_element
1817,5076483,5078623,2140,mobile_element
1818,5077062,5078085,1023,mobile_element
1819,5079150,5079224,74,mobile_element
1820,5079635,5079737,102,mobile_element
1821,5080209,5080488,279,mobile_element
1822,5081199,5081482,283,mobile_element
1823,5081483,5081854,371,mobile_element
1824,5081884,5082431,547,gene
1825,5081884,5082431,547,exon
1826,5083063,5083115,52,mobile_element
1827,5084906,5085277,371,mobile_element
1828,5085283,5085316,33,mobile_element
1829,5085346,5085702,356,mobile_element
1830,5087508,5087799,291,mobile_element
1831,5088309,5088935,626,mobile_element
1832,5090005,5090101,96,mobile_element
1833,5090581,5095090,4509,gene
1834,5090581,5090742,161,mRNA
1835,5091872,5092476,604,mRNA
1836,5092527,5095090,2563,mRNA
1837,5090581,5090641,60,mRNA
1838,5091872,5092476,604,mRNA
1839,5092527,5095090,2563,mRNA
1840,5090963,5091086,123,mobile_element
1841,5091004,5091800,796,mRNA
1842,5091872,5092476,604,mRNA
1843,5092527,5095090,2563,mRNA
1844,5091885,5092476,591,mRNA
1845,5092527,5095090,2563,mRNA
1846,5091899,5092476,577,CDS
1847,5092527,5095053,2526,CDS
1848,5091899,5092476,577,CDS
1849,5092527,5095053,2526,CDS
1850,5091899,5092476,577,CDS
1851,5092527,5095053,2526,CDS
1852,5091899,5092476,577,CDS
1853,5092527,5095053,2526,CDS
1854,5095773,5098592,2819,mobile_element
1855,5097373,5097730,357,mobile_element
1856,5098065,5098311,246,mobile_element
1857,5098996,5106837,7841,mobile_element
1858,5100578,5102418,1840,mobile_element
1859,5103266,5106195,2929,mobile_element
1860,5107004,5108157,1153,mobile_element
1861,5108647,5108703,56,mobile_element
1862,5111864,5112086,222,mobile_element
1863,5112552,5112807,255,mobile_element
1864,5112956,5113340,384,mobile_element
1865,5113343,5113609,266,mobile_element
1866,5113793,5114356,563,mobile_element
1867,5114924,5115147,223,mobile_element
1868,5115281,5115978,697,mobile_element
1869,5116041,5116599,558,mobile_element
1870,5116990,5128321,11331,gene
1871,5121983,5122247,264,mRNA
1872,5121769,5121840,71,mRNA
1873,5120763,5121652,889,mRNA
1874,5116990,5117802,812,mRNA
1875,5121983,5122247,264,mRNA
1876,5120763,5121652,889,mRNA
1877,5117213,5117802,589,mRNA
1878,5121983,5122247,264,mRNA
1879,5121773,5121840,67,mRNA
1880,5120763,5121652,889,mRNA
1881,5117213,5117802,589,mRNA
1882,5121983,5122247,264,mRNA
1883,5120763,5121840,1077,mRNA
1884,5117213,5117802,589,mRNA
1885,5128226,5128321,95,mRNA
1886,5121773,5121840,67,mRNA
1887,5120763,5121652,889,mRNA
1888,5117332,5117802,470,mRNA
1889,5121983,5122247,264,mRNA
1890,5121737,5121840,103,mRNA
1891,5120763,5121652,889,mRNA
1892,5117332,5117802,470,mRNA
1893,5128226,5128321,95,mRNA
1894,5120763,5121652,889,mRNA
1895,5117394,5117802,408,mRNA
1896,5120763,5121462,699,CDS
1897,5117663,5117802,139,CDS
1898,5120763,5121462,699,CDS
1899,5117663,5117802,139,CDS
1900,5120763,5121462,699,CDS
1901,5117663,5117802,139,CDS
1902,5120763,5121462,699,CDS
1903,5117663,5117802,139,CDS
1904,5120763,5121462,699,CDS
1905,5117663,5117802,139,CDS
1906,5120763,5121462,699,CDS
1907,5117663,5117802,139,CDS
1908,5120763,5121462,699,CDS
1909,5117663,5117802,139,CDS
1910,5117941,5118216,275,mobile_element
1911,5118503,5118823,320,mobile_element
1912,5119303,5119554,251,mobile_element
1913,5119974,5120120,146,mobile_element
1914,5123515,5123650,135,mobile_element
1915,5124032,5124458,426,mobile_element
1916,5124882,5124998,116,mobile_element
1917,5125750,5126720,970,mobile_element
1918,5126323,5126499,176,mobile_element
1919,5126750,5127918,1168,mobile_element
1920,5127249,5129296,2047,gene
1921,5127249,5127342,93,ncRNA
1922,5127403,5127523,120,ncRNA
1923,5128973,5129296,323,ncRNA
1924,5128467,5128513,46,ncRNA
1925,5128973,5129296,323,ncRNA
1926,5129603,5129874,271,mobile_element
1927,5130390,5130442,52,mobile_element
1928,5130545,5131076,531,mobile_element
1929,5131114,5131547,433,mobile_element
1930,5131610,5132318,708,mobile_element
1931,5132416,5132472,56,mobile_element
1932,5132474,5133582,1108,mobile_element
1933,5134309,5135558,1249,mobile_element
1934,5134604,5134768,164,mobile_element
1935,5135657,5135789,132,mobile_element
1936,5136107,5136491,384,mobile_element
1937,5136163,5136426,263,mobile_element
1938,5136522,5137994,1472,mobile_element
1939,5141660,5141898,238,mobile_element
1940,5141899,5142387,488,mobile_element
1941,5142388,5143473,1085,mobile_element
1942,5143524,5144516,992,mobile_element
1943,5144733,5154756,10023,gene
1944,5144733,5144858,125,mRNA
1945,5148175,5149156,981,mRNA
1946,5152789,5154756,1967,mRNA
1947,5144733,5144858,125,mRNA
1948,5148201,5149156,955,mRNA
1949,5152789,5154194,1405,mRNA
1950,5144831,5144858,27,CDS
1951,5148201,5149156,955,CDS
1952,5152789,5154030,1241,CDS
1953,5145794,5147972,2178,mobile_element
1954,5146252,5147651,1399,mobile_element
1955,5147166,5149156,1990,mRNA
1956,5152789,5154756,1967,mRNA
1957,5148076,5148127,51,mobile_element
1958,5148179,5149156,977,CDS
1959,5152789,5154030,1241,CDS
1960,5148179,5149156,977,CDS
1961,5152789,5154030,1241,CDS
1962,5150040,5150239,199,mobile_element
1963,5151525,5151586,61,mobile_element
1964,5151683,5151950,267,mobile_element
1965,5151980,5152474,494,mobile_element
1966,5154148,5154543,395,mobile_element
1967,5155326,5155374,48,mobile_element
1968,5155506,5156350,844,mobile_element
1969,5156357,5156615,258,mobile_element
1970,5156711,5156741,30,mobile_element
1971,5156742,5162229,5487,mobile_element
1972,5162230,5169879,7649,mobile_element
1973,5169880,5170054,174,mobile_element
1974,5170091,5171517,1426,mobile_element
1975,5171523,5171683,160,mobile_element
1976,5171936,5171990,54,mobile_element
1977,5172575,5173015,440,mobile_element
1978,5173600,5174015,415,mobile_element
1979,5174033,5174811,778,mobile_element
1980,5174893,5175763,870,mobile_element
1981,5176058,5177460,1402,mobile_element
1982,5177711,5177806,95,mobile_element
1983,5177965,5251022,73057,gene
1984,5250729,5251022,293,mRNA
1985,5245952,5246137,185,mRNA
1986,5242385,5242582,197,mRNA
1987,5241896,5242062,166,mRNA
1988,5217345,5217435,90,mRNA
1989,5212329,5212467,138,mRNA
1990,5210502,5210874,372,mRNA
1991,5204194,5204278,84,mRNA
1992,5204005,5204139,134,mRNA
1993,5203752,5203955,203,mRNA
1994,5201446,5202063,617,mRNA
1995,5198468,5199860,1392,mRNA
1996,5197811,5198106,295,mRNA
1997,5195251,5196837,1586,mRNA
1998,5194912,5195194,282,mRNA
1999,5193557,5193707,150,mRNA
2000,5185575,5188356,2781,mRNA
2001,5184124,5184660,536,mRNA
2002,5183507,5183626,119,mRNA
2003,5180550,5181767,1217,mRNA
2004,5177965,5178622,657,mRNA
2005,5250729,5251022,293,mRNA
2006,5245952,5246137,185,mRNA
2007,5242385,5242582,197,mRNA
2008,5241896,5242062,166,mRNA
2009,5217345,5217435,90,mRNA
2010,5212329,5212467,138,mRNA
2011,5210502,5210874,372,mRNA
2012,5204194,5204278,84,mRNA
2013,5204005,5204139,134,mRNA
2014,5203752,5203955,203,mRNA
2015,5201446,5202063,617,mRNA
2016,5198468,5199860,1392,mRNA
2017,5197811,5198106,295,mRNA
2018,5195251,5196837,1586,mRNA
2019,5194908,5195194,286,mRNA
2020,5185575,5188356,2781,mRNA
2021,5184124,5184660,536,mRNA
2022,5183507,5183626,119,mRNA
2023,5180550,5181767,1217,mRNA
2024,5177965,5178622,657,mRNA
2025,5250729,5250965,236,CDS
2026,5245952,5246137,185,CDS
2027,5242385,5242582,197,CDS
2028,5241896,5242062,166,CDS
2029,5217345,5217435,90,CDS
2030,5212329,5212467,138,CDS
2031,5210502,5210874,372,CDS
2032,5204194,5204278,84,CDS
2033,5204005,5204139,134,CDS
2034,5203752,5203955,203,CDS
2035,5201446,5202063,617,CDS
2036,5198468,5199860,1392,CDS
2037,5197811,5198106,295,CDS
2038,5195251,5196837,1586,CDS
2039,5194912,5195194,282,CDS
2040,5193557,5193707,150,CDS
2041,5185575,5188356,2781,CDS
2042,5184124,5184660,536,CDS
2043,5183507,5183626,119,CDS
2044,5180550,5181767,1217,CDS
2045,5178050,5178622,572,CDS
2046,5250729,5250965,236,CDS
2047,5245952,5246137,185,CDS
2048,5242385,5242582,197,CDS
2049,5241896,5242062,166,CDS
2050,5217345,5217435,90,CDS
2051,5212329,5212467,138,CDS
2052,5210502,5210874,372,CDS
2053,5204194,5204278,84,CDS
2054,5204005,5204139,134,CDS
2055,5203752,5203955,203,CDS
2056,5201446,5202063,617,CDS
2057,5198468,5199860,1392,CDS
2058,5197811,5198106,295,CDS
2059,5195251,5196837,1586,CDS
2060,5194908,5195194,286,CDS
2061,5185575,5188356,2781,CDS
2062,5184124,5184660,536,CDS
2063,5183507,5183626,119,CDS
2064,5180550,5181767,1217,CDS
2065,5178050,5178622,572,CDS
2066,5179049,5179383,334,mobile_element
2067,5180196,5180234,38,mobile_element
2068,5181952,5181983,31,mobile_element
2069,5182038,5182816,778,mobile_element
2070,5182818,5182953,135,mobile_element
2071,5184992,5185456,464,mobile_element
2072,5188439,5188530,91,mobile_element
2073,5189046,5189386,340,mobile_element
2074,5190175,5190595,420,mobile_element
2075,5190725,5191081,356,mobile_element
2076,5191149,5191358,209,mobile_element
2077,5191387,5192239,852,mobile_element
2078,5193970,5194612,642,mobile_element
2079,5194732,5194850,118,mobile_element
2080,5196924,5197219,295,mobile_element
2081,5198212,5198423,211,mobile_element
2082,5199969,5200030,61,mobile_element
2083,5200075,5200293,218,mobile_element
2084,5202275,5202328,53,mobile_element
2085,5202416,5202736,320,mobile_element
2086,5202782,5202942,160,mobile_element
2087,5202979,5203299,320,mobile_element
2088,5203345,5203654,309,mobile_element
2089,5204405,5204730,325,mobile_element
2090,5206454,5206526,72,mobile_element
2091,5206527,5206879,352,mobile_element
2092,5206966,5208450,1484,mobile_element
2093,5208463,5209085,622,mobile_element
2094,5210160,5210262,102,mobile_element
2095,5211123,5211468,345,mobile_element
2096,5211713,5211816,103,mobile_element
2097,5211918,5211989,71,mobile_element
2098,5213070,5213646,576,mobile_element
2099,5215040,5216658,1618,mobile_element
2100,5217151,5217299,148,mobile_element
2101,5217753,5222897,5144,mobile_element
2102,5222898,5223226,328,mobile_element
2103,5224002,5225486,1484,mobile_element
2104,5224252,5225337,1085,mobile_element
2105,5226658,5237086,10428,mobile_element
2106,5227783,5232857,5074,mobile_element
2107,5237074,5238895,1821,mobile_element
2108,5238677,5240150,1473,mobile_element
2109,5240591,5240813,222,mobile_element
2110,5242125,5242237,112,mobile_element
2111,5242260,5242338,78,mobile_element
2112,5243319,5248321,5002,mobile_element
2113,5243700,5243971,271,mobile_element
2114,5243998,5244160,162,mobile_element
2115,5245037,5245541,504,mobile_element
2116,5245546,5245694,148,mobile_element
2117,5246698,5246737,39,mobile_element
2118,5246772,5247165,393,mobile_element
2119,5247169,5247614,445,mobile_element
2120,5248574,5249437,863,mobile_element
2121,5253945,5255295,1350,gene
2122,5253945,5255295,1350,ncRNA
2123,5253945,5254465,520,ncRNA
2124,5254521,5255295,774,ncRNA
2125,5253945,5254465,520,ncRNA
2126,5254529,5255295,766,ncRNA
2127,5255871,5255945,74,mobile_element
2128,5258004,5258111,107,mobile_element
2129,5258218,5258295,77,mobile_element
2130,5258296,5258483,187,mobile_element
2131,5258697,5258886,189,mobile_element
2132,5258918,5258967,49,mobile_element
2133,5259004,5295965,36961,gene
2134,5259004,5259224,220,mRNA
2135,5259799,5260171,372,mRNA
2136,5263948,5263995,47,mRNA
2137,5294622,5294712,90,mRNA
2138,5294797,5295063,266,mRNA
2139,5295116,5295965,849,mRNA
2140,5259068,5259406,338,mobile_element
2141,5260169,5260518,349,mobile_element
2142,5260864,5262237,1373,mobile_element
2143,5260896,5261101,205,mobile_element
2144,5262940,5264917,1977,mobile_element
2145,5264978,5265068,90,mobile_element
2146,5265687,5265985,298,mobile_element
2147,5268178,5268320,142,mobile_element
2148,5269539,5271268,1729,mobile_element
2149,5275704,5275779,75,mobile_element
2150,5275781,5277117,1336,mobile_element
2151,5277195,5282574,5379,mobile_element
2152,5277520,5282296,4776,mobile_element
2153,5283685,5284144,459,mobile_element
2154,5284688,5291359,6671,mobile_element
2155,5285265,5285486,221,mobile_element
2156,5291385,5291442,57,mobile_element
2157,5291457,5291743,286,mobile_element
2158,5292990,5293305,315,mobile_element
2159,5294063,5294712,649,mRNA
2160,5294797,5295063,266,mRNA
2161,5295116,5295965,849,mRNA
2162,5294063,5294712,649,mRNA
2163,5294797,5295060,263,mRNA
2164,5295116,5295965,849,mRNA
2165,5294063,5294712,649,mRNA
2166,5294797,5295057,260,mRNA
2167,5295116,5295965,849,mRNA
2168,5294265,5294712,447,CDS
2169,5294797,5295063,266,CDS
2170,5295116,5295894,778,CDS
2171,5294265,5294712,447,CDS
2172,5294797,5295060,263,CDS
2173,5295116,5295894,778,CDS
2174,5294265,5294712,447,CDS
2175,5294797,5295057,260,CDS
2176,5295116,5295894,778,CDS
2177,5294823,5295063,240,CDS
2178,5295116,5295894,778,CDS
2179,5296268,5297401,1133,mobile_element
2180,5297602,5298876,1274,mobile_element
2181,5299454,5299778,324,mobile_element
2182,5300396,5301010,614,mobile_element
2183,5301323,5301476,153,mobile_element
2184,5302308,5303107,799,mobile_element
2185,5304534,5304861,327,mobile_element
2186,5304883,5305235,352,mobile_element
2187,5306233,5306472,239,mobile_element
2188,5306479,5306706,227,mobile_element
2189,5306754,5307169,415,mobile_element
2190,5307288,5329555,22267,gene
2191,5307288,5307652,364,mRNA
2192,5316269,5316479,210,mRNA
2193,5320008,5320191,183,mRNA
2194,5320248,5320316,68,mRNA
2195,5320419,5320615,196,mRNA
2196,5325804,5325999,195,mRNA
2197,5326063,5327791,1728,mRNA
2198,5327848,5328028,180,mRNA
2199,5329010,5329555,545,mRNA
2200,5307288,5307352,64,mRNA
2201,5307414,5307652,238,mRNA
2202,5316269,5316479,210,mRNA
2203,5320008,5320191,183,mRNA
2204,5320248,5320316,68,mRNA
2205,5320419,5320615,196,mRNA
2206,5325804,5325999,195,mRNA
2207,5326063,5327791,1728,mRNA
2208,5327848,5328028,180,mRNA
2209,5329010,5329495,485,mRNA
2210,5307288,5307352,64,mRNA
2211,5307473,5307652,179,mRNA
2212,5316269,5316479,210,mRNA
2213,5320008,5320191,183,mRNA
2214,5320248,5320316,68,mRNA
2215,5320419,5320615,196,mRNA
2216,5325804,5325999,195,mRNA
2217,5326063,5327791,1728,mRNA
2218,5327848,5328028,180,mRNA
2219,5329010,5329495,485,mRNA
2220,5307499,5307652,153,CDS
2221,5316269,5316479,210,CDS
2222,5320008,5320191,183,CDS
2223,5320248,5320316,68,CDS
2224,5320419,5320615,196,CDS
2225,5325804,5325999,195,CDS
2226,5326063,5327791,1728,CDS
2227,5327848,5328028,180,CDS
2228,5329010,5329268,258,CDS
2229,5307499,5307652,153,CDS
2230,5316269,5316479,210,CDS
2231,5320008,5320191,183,CDS
2232,5320248,5320316,68,CDS
2233,5320419,5320615,196,CDS
2234,5325804,5325999,195,CDS
2235,5326063,5327791,1728,CDS
2236,5327848,5328028,180,CDS
2237,5329010,5329268,258,CDS
2238,5307499,5307652,153,CDS
2239,5316269,5316479,210,CDS
2240,5320008,5320191,183,CDS
2241,5320248,5320316,68,CDS
2242,5320419,5320615,196,CDS
2243,5325804,5325999,195,CDS
2244,5326063,5327791,1728,CDS
2245,5327848,5328028,180,CDS
2246,5329010,5329268,258,CDS
2247,5309114,5311497,2383,mobile_element
2248,5309166,5310613,1447,mobile_element
2249,5311605,5311882,277,mobile_element
2250,5313143,5315274,2131,mobile_element
2251,5315424,5315718,294,mobile_element
2252,5315741,5316103,362,mobile_element
2253,5316853,5317036,183,mobile_element
2254,5317037,5317093,56,mobile_element
2255,5317104,5319306,2202,mobile_element
2256,5318933,5319101,168,mobile_element
2257,5319716,5319832,116,mobile_element
2258,5319880,5319955,75,mobile_element
2259,5320913,5321012,99,mobile_element
2260,5321034,5321102,68,mobile_element
2261,5322624,5322718,94,mobile_element
2262,5323463,5323518,55,mobile_element
2263,5323628,5323755,127,mobile_element
2264,5323910,5324185,275,mobile_element
2265,5324219,5324324,105,mobile_element
2266,5324392,5324569,177,mobile_element
2267,5324653,5324799,146,mobile_element
2268,5328095,5328420,325,mobile_element
2269,5329640,5329941,301,mobile_element
2270,5329942,5330272,330,mobile_element
2271,5330296,5330361,65,mobile_element
2272,5330409,5330769,360,mobile_element
2273,5331155,5332620,1465,mobile_element
2274,5332717,5335800,3083,mobile_element
2275,5335803,5336645,842,mobile_element
2276,5336648,5338046,1398,mobile_element
2277,5338133,5338565,432,mobile_element
2278,5339706,5340995,1289,gene
2279,5340562,5340995,433,mRNA
2280,5339706,5340512,806,mRNA
2281,5340562,5340742,180,CDS
2282,5339788,5340512,724,CDS
2283,5343404,5344712,1308,mobile_element
2284,5345191,5348400,3209,mobile_element
2285,5348484,5348600,116,mobile_element
2286,5348601,5348974,373,mobile_element
2287,5348975,5350184,1209,mobile_element
2288,5350477,5351972,1495,gene
2289,5350477,5350821,344,mRNA
2290,5350880,5351972,1092,mRNA
2291,5350740,5350821,81,mRNA
2292,5350880,5351972,1092,mRNA
2293,5350809,5350821,12,CDS
2294,5350880,5351712,832,CDS
2295,5350809,5350821,12,CDS
2296,5350880,5351712,832,CDS
2297,5351717,5352122,405,gene
2298,5351717,5352122,405,mRNA
2299,5351721,5352116,395,CDS
2300,5352305,5352814,509,mobile_element
2301,5352904,5353236,332,mobile_element
2302,5353453,5353749,296,mobile_element
2303,5353994,5354723,729,gene
2304,5353994,5354108,114,mRNA
2305,5354167,5354723,556,mRNA
2306,5353994,5354045,51,mRNA
2307,5354109,5354723,614,mRNA
2308,5354125,5354655,530,CDS
2309,5354167,5354655,488,CDS
2310,5355463,5355731,268,mobile_element
2311,5356776,5357093,317,mobile_element
2312,5357548,5358179,631,mobile_element
2313,5358955,5359127,172,mobile_element
2314,5359142,5359530,388,mobile_element
2315,5359768,5359852,84,mobile_element
2316,5360331,5363104,2773,gene
2317,5363063,5363104,41,mRNA
2318,5362830,5362885,55,mRNA
2319,5362628,5362755,127,mRNA
2320,5361599,5362567,968,mRNA
2321,5361019,5361549,530,mRNA
2322,5360331,5360965,634,mRNA
2323,5362830,5363104,274,mRNA
2324,5362628,5362755,127,mRNA
2325,5361599,5362567,968,mRNA
2326,5361019,5361549,530,mRNA
2327,5360331,5360965,634,mRNA
2328,5362628,5362738,110,CDS
2329,5361599,5362567,968,CDS
2330,5361019,5361549,530,CDS
2331,5360588,5360965,377,CDS
2332,5362628,5362738,110,CDS
2333,5361599,5362567,968,CDS
2334,5361019,5361549,530,CDS
2335,5360588,5360965,377,CDS
2336,5363253,5367357,4104,gene
2337,5363253,5363495,242,ncRNA
2338,5364210,5364375,165,ncRNA
2339,5364455,5364576,121,ncRNA
2340,5364651,5365205,554,ncRNA
2341,5365291,5365560,269,ncRNA
2342,5365620,5366092,472,ncRNA
2343,5366469,5366737,268,ncRNA
2344,5366804,5367357,553,ncRNA
2345,5363253,5363495,242,ncRNA
2346,5364271,5364375,104,ncRNA
2347,5364455,5364576,121,ncRNA
2348,5364651,5365205,554,ncRNA
2349,5365291,5365560,269,ncRNA
2350,5365620,5366092,472,ncRNA
2351,5366469,5366737,268,ncRNA
2352,5366804,5367357,553,ncRNA
2353,5363703,5363782,79,mobile_element
2354,5363914,5364092,178,mobile_element
2355,5367081,5367310,229,mobile_element
2356,5367335,5367432,97,mobile_element
2357,5367488,5372634,5146,mobile_element
2358,5368443,5368727,284,mobile_element
2359,5372852,5374305,1453,mobile_element
2360,5374815,5394949,20134,mobile_element
2361,5377467,5394459,16992,mobile_element
2362,5378999,5394281,15282,mobile_element
2363,5380057,5387664,7607,mobile_element
2364,5387665,5394281,6616,mobile_element
2365,5397569,5397697,128,mobile_element
2366,5401722,5402920,1198,mobile_element
2367,5403001,5403159,158,mobile_element
2368,5403160,5403250,90,mobile_element
2369,5404090,5404198,108,mobile_element
2370,5404228,5404716,488,mobile_element
2371,5404717,5408999,4282,mobile_element
2372,5411076,5412729,1653,mobile_element
2373,5413744,5456095,42351,gene
2374,5413744,5414081,337,mRNA
2375,5423750,5424239,489,mRNA
2376,5435652,5436412,760,mRNA
2377,5439570,5439754,184,mRNA
2378,5440610,5440805,195,mRNA
2379,5454421,5456095,1674,mRNA
2380,5413744,5414081,337,mRNA
2381,5423750,5424239,489,mRNA
2382,5435652,5436412,760,mRNA
2383,5439570,5439754,184,mRNA
2384,5453281,5453476,195,mRNA
2385,5454421,5456095,1674,mRNA
2386,5413744,5414081,337,mRNA
2387,5423750,5424239,489,mRNA
2388,5435652,5436412,760,mRNA
2389,5439570,5439754,184,mRNA
2390,5453281,5453476,195,mRNA
2391,5453559,5454294,735,mRNA
2392,5413744,5414081,337,mRNA
2393,5423750,5424239,489,mRNA
2394,5435652,5436412,760,mRNA
2395,5439570,5439754,184,mRNA
2396,5440610,5440805,195,mRNA
2397,5440858,5441070,212,mRNA
2398,5446535,5446765,230,mRNA
2399,5446828,5447974,1146,mRNA
2400,5413952,5414081,129,CDS
2401,5423750,5424239,489,CDS
2402,5435652,5436412,760,CDS
2403,5439570,5439754,184,CDS
2404,5440610,5440805,195,CDS
2405,5454421,5455013,592,CDS
2406,5413952,5414081,129,CDS
2407,5423750,5424239,489,CDS
2408,5435652,5436412,760,CDS
2409,5439570,5439754,184,CDS
2410,5453281,5453476,195,CDS
2411,5454421,5455013,592,CDS
2412,5413952,5414081,129,CDS
2413,5423750,5424239,489,CDS
2414,5435652,5436412,760,CDS
2415,5439570,5439754,184,CDS
2416,5453281,5453476,195,CDS
2417,5453559,5454151,592,CDS
2418,5413952,5414081,129,CDS
2419,5423750,5424239,489,CDS
2420,5435652,5436412,760,CDS
2421,5439570,5439754,184,CDS
2422,5440610,5440805,195,CDS
2423,5440858,5441070,212,CDS
2424,5446535,5446765,230,CDS
2425,5446828,5446976,148,CDS
2426,5416096,5416417,321,mRNA
2427,5423750,5424239,489,mRNA
2428,5435652,5436412,760,mRNA
2429,5439570,5439754,184,mRNA
2430,5440610,5440805,195,mRNA
2431,5440858,5441070,212,mRNA
2432,5446535,5446765,230,mRNA
2433,5446828,5447298,470,mRNA
2434,5416393,5416417,24,CDS
2435,5423750,5424239,489,CDS
2436,5435652,5436412,760,CDS
2437,5439570,5439754,184,CDS
2438,5440610,5440805,195,CDS
2439,5440858,5441070,212,CDS
2440,5446535,5446765,230,CDS
2441,5446828,5446976,148,CDS
2442,5417206,5417246,40,mobile_element
2443,5418049,5420623,2574,mobile_element
2444,5421131,5421458,327,mobile_element
2445,5423274,5423659,385,mobile_element
2446,5424322,5424849,527,mobile_element
2447,5424947,5424997,50,mobile_element
2448,5425411,5426479,1068,mobile_element
2449,5426917,5426952,35,mobile_element
2450,5427871,5431452,3581,mobile_element
2451,5431668,5431903,235,mobile_element
2452,5432327,5433426,1099,mobile_element
2453,5433449,5433947,498,mobile_element
2454,5435080,5435129,49,mobile_element
2455,5437165,5437604,439,mobile_element
2456,5438373,5438471,98,mobile_element
2457,5438666,5439216,550,mobile_element
2458,5441673,5441799,126,mobile_element
2459,5442384,5442526,142,mobile_element
2460,5442603,5444659,2056,mobile_element
2461,5444806,5446285,1479,mobile_element
2462,5445114,5445364,250,mobile_element
2463,5445384,5445502,118,mobile_element
2464,5448411,5449467,1056,mobile_element
2465,5450138,5450988,850,mobile_element
2466,5451556,5451888,332,mobile_element
2467,5453071,5453132,61,mobile_element
2468,5456182,5456592,410,mobile_element
2469,5456657,5458264,1607,mobile_element
2470,5458778,5460383,1605,mobile_element
2471,5461448,5462838,1390,mobile_element
2472,5464041,5464197,156,mobile_element
2473,5464256,5465801,1545,mobile_element
2474,5465840,5466223,383,mobile_element
2475,5466702,5466876,174,mobile_element
2476,5468319,5495861,27542,gene
2477,5493891,5495861,1970,mRNA
2478,5492000,5492113,113,mRNA
2479,5485871,5485966,95,mRNA
2480,5484477,5484653,176,mRNA
2481,5484108,5484425,317,mRNA
2482,5483843,5484040,197,mRNA
2483,5474665,5475108,443,mRNA
2484,5468319,5468443,124,mRNA
2485,5493891,5495606,1715,CDS
2486,5492000,5492113,113,CDS
2487,5485871,5485966,95,CDS
2488,5484477,5484653,176,CDS
2489,5484108,5484425,317,CDS
2490,5483843,5484040,197,CDS
2491,5474665,5475108,443,CDS
2492,5468333,5468443,110,CDS
2493,5469138,5470697,1559,mobile_element
2494,5470801,5471802,1001,mobile_element
2495,5472703,5472870,167,mobile_element
2496,5473209,5473296,87,mobile_element
2497,5473822,5474186,364,mobile_element
2498,5474263,5474421,158,mobile_element
2499,5474432,5474556,124,mobile_element
2500,5475953,5477393,1440,mobile_element
2501,5478662,5478861,199,mobile_element
2502,5478930,5480476,1546,mobile_element
2503,5479100,5479226,126,mobile_element
2504,5480644,5482708,2064,mobile_element
2505,5481308,5481412,104,mobile_element
2506,5482712,5483424,712,mobile_element
2507,5485653,5485805,152,mobile_element
2508,5486200,5487297,1097,mobile_element
2509,5488075,5489973,1898,mobile_element
2510,5490311,5490812,501,mobile_element
2511,5492497,5492869,372,mobile_element
2512,5496674,5549543,52869,gene
2513,5496674,5496973,299,mRNA
2514,5527293,5527375,82,mRNA
2515,5528756,5528813,57,mRNA
2516,5539246,5539429,183,mRNA
2517,5547628,5547924,296,mRNA
2518,5547988,5548775,787,mRNA
2519,5548828,5549543,715,mRNA
2520,5496674,5496973,299,mRNA
2521,5527293,5527375,82,mRNA
2522,5539246,5539429,183,mRNA
2523,5547628,5547924,296,mRNA
2524,5547988,5548775,787,mRNA
2525,5548828,5549168,340,mRNA
2526,5497841,5498439,598,mobile_element
2527,5500259,5503384,3125,mobile_element
2528,5501411,5502906,1495,mobile_element
2529,5503437,5507866,4429,gene
2530,5507845,5507866,21,mRNA
2531,5507684,5507741,57,mRNA
2532,5506761,5506794,33,mRNA
2533,5506313,5506711,398,mRNA
2534,5506238,5506258,20,mRNA
2535,5503437,5503648,211,mRNA
2536,5507684,5507866,182,mRNA
2537,5506761,5506794,33,mRNA
2538,5506313,5506711,398,mRNA
2539,5506238,5506258,20,mRNA
2540,5503437,5503648,211,mRNA
2541,5507684,5507686,2,CDS
2542,5506761,5506794,33,CDS
2543,5506313,5506711,398,CDS
2544,5506238,5506258,20,CDS
2545,5503644,5503648,4,CDS
2546,5507684,5507686,2,CDS
2547,5506761,5506794,33,CDS
2548,5506313,5506711,398,CDS
2549,5506238,5506258,20,CDS
2550,5503644,5503648,4,CDS
2551,5503736,5504119,383,mobile_element
2552,5504404,5504452,48,mobile_element
2553,5504509,5504555,46,mobile_element
2554,5507100,5507237,137,mobile_element
2555,5508596,5508725,129,mobile_element
2556,5509072,5509152,80,mobile_element
2557,5509424,5509685,261,mobile_element
2558,5510441,5510995,554,mobile_element
2559,5510996,5514782,3786,mobile_element
2560,5511673,5513982,2309,mobile_element
2561,5516434,5516521,87,mobile_element
2562,5516565,5516846,281,mobile_element
2563,5516942,5518716,1774,mobile_element
2564,5518054,5518114,60,mobile_element
2565,5519081,5519686,605,mRNA
2566,5527293,5527375,82,mRNA
2567,5528756,5528813,57,mRNA
2568,5539246,5539429,183,mRNA
2569,5547628,5547924,296,mRNA
2570,5547988,5548775,787,mRNA
2571,5548828,5549543,715,mRNA
2572,5520057,5520382,325,mobile_element
2573,5520389,5520618,229,mobile_element
2574,5521172,5521613,441,mobile_element
2575,5521650,5521724,74,mobile_element
2576,5521818,5523683,1865,mobile_element
2577,5524239,5524510,271,mobile_element
2578,5524877,5525060,183,mRNA
2579,5527293,5527375,82,mRNA
2580,5528756,5528813,57,mRNA
2581,5539246,5539429,183,mRNA
2582,5547628,5547924,296,mRNA
2583,5547988,5548775,787,mRNA
2584,5548828,5549543,715,mRNA
2585,5525234,5525339,105,mobile_element
2586,5527193,5527375,182,mRNA
2587,5528756,5528813,57,mRNA
2588,5539246,5539429,183,mRNA
2589,5547628,5547924,296,mRNA
2590,5547988,5548775,787,mRNA
2591,5548828,5549543,715,mRNA
2592,5527297,5527375,78,CDS
2593,5528756,5528813,57,CDS
2594,5539246,5539429,183,CDS
2595,5547628,5547924,296,CDS
2596,5547988,5548775,787,CDS
2597,5548828,5548996,168,CDS
2598,5527297,5527375,78,CDS
2599,5528756,5528813,57,CDS
2600,5539246,5539429,183,CDS
2601,5547628,5547924,296,CDS
2602,5547988,5548775,787,CDS
2603,5548828,5548996,168,CDS
2604,5527297,5527375,78,CDS
2605,5528756,5528813,57,CDS
2606,5539246,5539429,183,CDS
2607,5547628,5547924,296,CDS
2608,5547988,5548775,787,CDS
2609,5548828,5548996,168,CDS
2610,5527297,5527375,78,CDS
2611,5528756,5528813,57,CDS
2612,5539246,5539429,183,CDS
2613,5547628,5547924,296,CDS
2614,5547988,5548775,787,CDS
2615,5548828,5548996,168,CDS
2616,5528042,5528632,590,mobile_element
2617,5529323,5529350,27,mobile_element
2618,5529497,5529584,87,mobile_element
2619,5529611,5529959,348,mobile_element
2620,5530033,5531163,1130,mobile_element
2621,5531450,5531503,53,mobile_element
2622,5532444,5536059,3615,mobile_element
2623,5533960,5534579,619,mobile_element
2624,5535242,5535482,240,mobile_element
2625,5536175,5536245,70,mobile_element
2626,5537700,5538418,718,mobile_element
2627,5539376,5539429,53,CDS
2628,5547628,5547924,296,CDS
2629,5547988,5548775,787,CDS
2630,5548828,5548996,168,CDS
2631,5540832,5541001,169,mobile_element
2632,5543245,5547271,4026,mobile_element
2633,5550963,5552621,1658,mobile_element
2634,5552622,5555266,2644,mobile_element
2635,5553706,5554146,440,mobile_element
2636,5556325,5556441,116,mobile_element
2637,5556821,5557192,371,mobile_element
2638,5557329,5558235,906,mobile_element
2639,5558580,5560330,1750,mobile_element
2640,5560338,5560416,78,mobile_element
2641,5560796,5561167,371,mobile_element
2642,5561304,5562210,906,mobile_element
2643,5562555,5562909,354,mobile_element
2644,5562921,5564305,1384,mobile_element
2645,5564313,5564391,78,mobile_element
2646,5564771,5565142,371,mobile_element
2647,5565279,5566185,906,mobile_element
2648,5566530,5569024,2494,mobile_element
2649,5569409,5571550,2141,mobile_element
2650,5571935,5574444,2509,mobile_element
2651,5574829,5578281,3452,mobile_element
2652,5578889,5578965,76,mobile_element
2653,5579957,5580073,116,mobile_element
2654,5582206,5597190,14984,mobile_element
2655,5583562,5597080,13518,mobile_element
2656,5592400,5592536,136,mobile_element
2657,5592815,5595109,2294,mobile_element
2658,5597247,5598148,901,mobile_element
2659,5598153,5600365,2212,mobile_element
2660,5600514,5600885,371,mobile_element
2661,5601254,5601603,349,mobile_element
2662,5603587,5604834,1247,gene
2663,5604710,5604834,124,mRNA
2664,5604468,5604516,48,mRNA
2665,5604244,5604411,167,mRNA
2666,5603900,5604012,112,mRNA
2667,5603587,5603761,174,mRNA
2668,5604710,5604834,124,mRNA
2669,5604583,5604650,67,mRNA
2670,5604468,5604516,48,mRNA
2671,5604244,5604411,167,mRNA
2672,5603900,5604012,112,mRNA
2673,5603587,5603761,174,mRNA
2674,5604517,5604617,100,mRNA
2675,5604244,5604411,167,mRNA
2676,5603900,5604012,112,mRNA
2677,5603587,5603761,174,mRNA
2678,5604710,5604754,44,CDS
2679,5604583,5604650,67,CDS
2680,5604468,5604516,48,CDS
2681,5604244,5604411,167,CDS
2682,5603900,5604012,112,CDS
2683,5603740,5603761,21,CDS
2684,5604244,5604405,161,CDS
2685,5603900,5604012,112,CDS
2686,5603740,5603761,21,CDS
2687,5604244,5604405,161,CDS
2688,5603900,5604012,112,CDS
2689,5603740,5603761,21,CDS
2690,5604710,5604834,124,mRNA
2691,5604468,5604516,48,mRNA
2692,5604244,5604411,167,mRNA
2693,5603795,5604012,217,mRNA
2694,5604710,5604834,124,mRNA
2695,5604583,5604650,67,mRNA
2696,5604468,5604516,48,mRNA
2697,5604244,5604411,167,mRNA
2698,5603795,5604012,217,mRNA
2699,5604517,5604834,317,mRNA
2700,5604244,5604411,167,mRNA
2701,5603795,5604012,217,mRNA
2702,5604710,5604754,44,CDS
2703,5604583,5604650,67,CDS
2704,5604468,5604516,48,CDS
2705,5604244,5604411,167,CDS
2706,5603896,5604012,116,CDS
2707,5604244,5604405,161,CDS
2708,5603896,5604012,116,CDS
2709,5604244,5604405,161,CDS
2710,5603896,5604012,116,CDS
2711,5608635,5611586,2951,gene
2712,5608635,5608797,162,mRNA
2713,5609013,5609489,476,mRNA
2714,5610064,5610256,192,mRNA
2715,5611192,5611586,394,mRNA
2716,5608635,5608797,162,mRNA
2717,5609013,5609994,981,mRNA
2718,5608716,5608797,81,CDS
2719,5609013,5609489,476,CDS
2720,5610064,5610256,192,CDS
2721,5611192,5611405,213,CDS
2722,5608716,5608797,81,CDS
2723,5609013,5609515,502,CDS
2724,5610430,5610683,253,mobile_element
2725,5612538,5614340,1802,mobile_element
2726,5614344,5614654,310,mobile_element
2727,5614795,5615687,892,mobile_element
2728,5615775,5616444,669,mobile_element
2729,5617672,5617755,83,mobile_element
2730,5617756,5617960,204,mobile_element
2731,5617971,5618786,815,mobile_element
2732,5619144,5619636,492,mobile_element
2733,5619637,5620606,969,mobile_element
2734,5622121,5627594,5473,mobile_element
2735,5627749,5629243,1494,mobile_element
2736,5629244,5632964,3720,mobile_element
2737,5629952,5630335,383,mobile_element
2738,5630711,5631151,440,mobile_element
2739,5633062,5633317,255,mobile_element
2740,5633446,5633746,300,mobile_element
2741,5634185,5636210,2025,mobile_element
2742,5636549,5637636,1087,mobile_element
2743,5638021,5638563,542,mobile_element
2744,5638626,5639514,888,mobile_element
2745,5640915,5652815,11900,gene
2746,5652499,5652815,316,mRNA
2747,5647722,5647824,102,mRNA
2748,5643817,5644041,224,mRNA
2749,5643592,5643718,126,mRNA
2750,5640915,5643535,2620,mRNA
2751,5652499,5652815,316,mRNA
2752,5647722,5647824,102,mRNA
2753,5643817,5644041,224,mRNA
2754,5643592,5643718,126,mRNA
2755,5641673,5643535,1862,mRNA
2756,5647722,5647821,99,CDS
2757,5643817,5644041,224,CDS
2758,5643592,5643718,126,CDS
2759,5642011,5643535,1524,CDS
2760,5647722,5647821,99,CDS
2761,5643817,5644041,224,CDS
2762,5643592,5643718,126,CDS
2763,5642011,5643535,1524,CDS
2764,5644489,5644537,48,mobile_element
2765,5645046,5645255,209,mobile_element
2766,5645414,5645958,544,mobile_element
2767,5645963,5646031,68,mobile_element
2768,5646156,5646356,200,mobile_element
2769,5647014,5647167,153,mobile_element
2770,5648155,5648401,246,mobile_element
2771,5648401,5648524,123,mobile_element
2772,5649440,5649513,73,mobile_element
2773,5649558,5649611,53,mobile_element
2774,5649632,5649719,87,mobile_element
2775,5650112,5650444,332,mobile_element
2776,5650446,5650571,125,mobile_element
2777,5650594,5651176,582,mobile_element
2778,5651361,5651765,404,mobile_element
2779,5653676,5656778,3102,gene
2780,5653676,5653916,240,mRNA
2781,5653969,5656778,2809,mRNA
2782,5653676,5653916,240,mRNA
2783,5653969,5655929,1960,mRNA
2784,5653707,5653916,209,CDS
2785,5653969,5655810,1841,CDS
2786,5653707,5653916,209,CDS
2787,5653969,5655810,1841,CDS
2788,5656406,5663222,6816,gene
2789,5662619,5663222,603,mRNA
2790,5662456,5662553,97,mRNA
2791,5662227,5662376,149,mRNA
2792,5661359,5662168,809,mRNA
2793,5661219,5661288,69,mRNA
2794,5660807,5661157,350,mRNA
2795,5660601,5660747,146,mRNA
2796,5657643,5658217,574,mRNA
2797,5657372,5657581,209,mRNA
2798,5656406,5657309,903,mRNA
2799,5662619,5663222,603,mRNA
2800,5662456,5662553,97,mRNA
2801,5662227,5662376,149,mRNA
2802,5661359,5662168,809,mRNA
2803,5661219,5661288,69,mRNA
2804,5660807,5661157,350,mRNA
2805,5660601,5660747,146,mRNA
2806,5657643,5658217,574,mRNA
2807,5657372,5657581,209,mRNA
2808,5656919,5657309,390,mRNA
2809,5662619,5662643,24,CDS
2810,5662456,5662553,97,CDS
2811,5662227,5662376,149,CDS
2812,5661359,5662168,809,CDS
2813,5661219,5661288,69,CDS
2814,5660807,5661157,350,CDS
2815,5660601,5660747,146,CDS
2816,5657643,5658217,574,CDS
2817,5657372,5657581,209,CDS
2818,5657211,5657309,98,CDS
2819,5662619,5662643,24,CDS
2820,5662456,5662553,97,CDS
2821,5662227,5662376,149,CDS
2822,5661359,5662168,809,CDS
2823,5661219,5661288,69,CDS
2824,5660807,5661157,350,CDS
2825,5660601,5660747,146,CDS
2826,5657643,5658217,574,CDS
2827,5657372,5657581,209,CDS
2828,5657211,5657309,98,CDS
2829,5658519,5659634,1115,mobile_element
2830,5663909,5664615,706,gene
2831,5663909,5664615,706,ncRNA
2832,5665192,5665626,434,mobile_element
2833,5665928,5665976,48,mobile_element
2834,5666236,5666442,206,mobile_element
2835,5667103,5667244,141,mobile_element
2836,5668383,5669986,1603,gene
2837,5668383,5668508,125,mRNA
2838,5668676,5668998,322,mRNA
2839,5669059,5669419,360,mRNA
2840,5669481,5669986,505,mRNA
2841,5668694,5668998,304,CDS
2842,5669059,5669419,360,CDS
2843,5669481,5669846,365,CDS
2844,5670551,5670608,57,mobile_element
2845,5671741,5672800,1059,gene
2846,5671741,5672800,1059,mRNA
2847,5671835,5672629,794,CDS
2848,5675005,5675074,69,mobile_element
2849,5676536,5676584,48,mobile_element
2850,5676750,5691723,14973,gene
2851,5691652,5691723,71,mRNA
2852,5687676,5688038,362,mRNA
2853,5684804,5684977,173,mRNA
2854,5679766,5680517,751,mRNA
2855,5679558,5679710,152,mRNA
2856,5679227,5679495,268,mRNA
2857,5676750,5678009,1259,mRNA
2858,5690788,5691206,418,mRNA
2859,5687676,5688038,362,mRNA
2860,5684804,5684977,173,mRNA
2861,5679766,5680517,751,mRNA
2862,5679558,5679710,152,mRNA
2863,5679227,5679495,268,mRNA
2864,5676750,5678009,1259,mRNA
2865,5687676,5688002,326,CDS
2866,5684804,5684977,173,CDS
2867,5679766,5680517,751,CDS
2868,5679558,5679710,152,CDS
2869,5679227,5679495,268,CDS
2870,5677717,5678009,292,CDS
2871,5687676,5688002,326,CDS
2872,5684804,5684977,173,CDS
2873,5679766,5680517,751,CDS
2874,5679558,5679710,152,CDS
2875,5679227,5679495,268,CDS
2876,5677717,5678009,292,CDS
2877,5678146,5678202,56,mobile_element
2878,5678594,5679027,433,mobile_element
2879,5692653,5693038,385,mobile_element
2880,5694729,5694888,159,mobile_element
2881,5696200,5696349,149,mobile_element
2882,5696350,5696814,464,mobile_element
2883,5697872,5700212,2340,gene
2884,5697872,5698008,136,mRNA
2885,5698456,5699224,768,mRNA
2886,5699286,5699353,67,mRNA
2887,5699415,5699679,264,mRNA
2888,5699737,5699988,251,mRNA
2889,5700043,5700212,169,mRNA
2890,5697971,5698008,37,CDS
2891,5698456,5699224,768,CDS
2892,5699286,5699353,67,CDS
2893,5699415,5699679,264,CDS
2894,5699737,5699988,251,CDS
2895,5700043,5700087,44,CDS
2896,5698458,5699224,766,mRNA
2897,5699286,5699353,67,mRNA
2898,5699415,5699679,264,mRNA
2899,5699737,5699988,251,mRNA
2900,5700043,5700212,169,mRNA
2901,5698559,5699224,665,CDS
2902,5699286,5699353,67,CDS
2903,5699415,5699679,264,CDS
2904,5699737,5699988,251,CDS
2905,5700043,5700087,44,CDS
2906,5700522,5700950,428,mobile_element
2907,5701050,5701340,290,mobile_element
2908,5702112,5705439,3327,gene
2909,5702112,5702388,276,mRNA
2910,5702867,5702947,80,mRNA
2911,5703051,5704216,1165,mRNA
2912,5704286,5704382,96,mRNA
2913,5704435,5705439,1004,mRNA
2914,5702112,5702293,181,mRNA
2915,5702867,5702947,80,mRNA
2916,5703051,5704216,1165,mRNA
2917,5704286,5704382,96,mRNA
2918,5704435,5705439,1004,mRNA
2919,5702112,5702216,104,mRNA
2920,5702867,5702947,80,mRNA
2921,5703051,5704216,1165,mRNA
2922,5704286,5704382,96,mRNA
2923,5704435,5705439,1004,mRNA
2924,5702112,5702216,104,mRNA
2925,5702867,5702947,80,mRNA
2926,5703051,5703404,353,mRNA
2927,5703471,5704216,745,mRNA
2928,5704286,5704382,96,mRNA
2929,5704435,5705439,1004,mRNA
2930,5702112,5702187,75,mRNA
2931,5702867,5702947,80,mRNA
2932,5703051,5704216,1165,mRNA
2933,5704286,5704382,96,mRNA
2934,5704435,5705439,1004,mRNA
2935,5702112,5702131,19,mRNA
2936,5702867,5702947,80,mRNA
2937,5703051,5704216,1165,mRNA
2938,5704286,5704382,96,mRNA
2939,5704435,5705439,1004,mRNA
2940,5702675,5702947,272,mRNA
2941,5703051,5704216,1165,mRNA
2942,5704286,5704382,96,mRNA
2943,5704435,5705439,1004,mRNA
2944,5702675,5702812,137,mRNA
2945,5702867,5702947,80,mRNA
2946,5703051,5704216,1165,mRNA
2947,5704286,5704382,96,mRNA
2948,5704435,5705439,1004,mRNA
2949,5702878,5702947,69,CDS
2950,5703051,5704216,1165,CDS
2951,5704286,5704382,96,CDS
2952,5704435,5704919,484,CDS
2953,5702878,5702947,69,CDS
2954,5703051,5704216,1165,CDS
2955,5704286,5704382,96,CDS
2956,5704435,5704919,484,CDS
2957,5702878,5702947,69,CDS
2958,5703051,5704216,1165,CDS
2959,5704286,5704382,96,CDS
2960,5704435,5704919,484,CDS
2961,5702878,5702947,69,CDS
2962,5703051,5704216,1165,CDS
2963,5704286,5704382,96,CDS
2964,5704435,5704919,484,CDS
2965,5702878,5702947,69,CDS
2966,5703051,5704216,1165,CDS
2967,5704286,5704382,96,CDS
2968,5704435,5704919,484,CDS
2969,5702878,5702947,69,CDS
2970,5703051,5704216,1165,CDS
2971,5704286,5704382,96,CDS
2972,5704435,5704919,484,CDS
2973,5702878,5702947,69,CDS
2974,5703051,5704216,1165,CDS
2975,5704286,5704382,96,CDS
2976,5704435,5704919,484,CDS
2977,5702878,5702947,69,CDS
2978,5703051,5703404,353,CDS
2979,5703471,5704216,745,CDS
2980,5704286,5704382,96,CDS
2981,5704435,5704919,484,CDS
2982,5705653,5705757,104,mobile_element
2983,5706202,5727525,21323,gene
2984,5725821,5726832,1011,mRNA
2985,5717555,5717766,211,mRNA
2986,5717282,5717498,216,mRNA
2987,5716649,5716788,139,mRNA
2988,5708926,5709099,173,mRNA
2989,5708611,5708867,256,mRNA
2990,5708183,5708379,196,mRNA
2991,5706202,5708106,1904,mRNA
2992,5709159,5709292,133,mRNA
2993,5708926,5709099,173,mRNA
2994,5708611,5708867,256,mRNA
2995,5708183,5708379,196,mRNA
2996,5706202,5708106,1904,mRNA
2997,5727454,5727525,71,mRNA
2998,5717555,5717763,208,mRNA
2999,5717282,5717498,216,mRNA
3000,5716649,5716788,139,mRNA
3001,5708926,5709099,173,mRNA
3002,5708611,5708867,256,mRNA
3003,5708183,5708379,196,mRNA
3004,5707224,5708106,882,mRNA
3005,5725821,5726832,1011,mRNA
3006,5717555,5717763,208,mRNA
3007,5717282,5717498,216,mRNA
3008,5716649,5716788,139,mRNA
3009,5708926,5709099,173,mRNA
3010,5708611,5708867,256,mRNA
3011,5708183,5708379,196,mRNA
3012,5707224,5708106,882,mRNA
3013,5725821,5725859,38,CDS
3014,5717555,5717763,208,CDS
3015,5717282,5717498,216,CDS
3016,5716649,5716788,139,CDS
3017,5708926,5709099,173,CDS
3018,5708611,5708867,256,CDS
3019,5708183,5708379,196,CDS
3020,5707933,5708106,173,CDS
3021,5725821,5725859,38,CDS
3022,5717555,5717766,211,CDS
3023,5717282,5717498,216,CDS
3024,5716649,5716788,139,CDS
3025,5708926,5709099,173,CDS
3026,5708611,5708867,256,CDS
3027,5708183,5708379,196,CDS
3028,5707933,5708106,173,CDS
3029,5708926,5709038,112,CDS
3030,5708611,5708867,256,CDS
3031,5708183,5708379,196,CDS
3032,5707933,5708106,173,CDS
3033,5708926,5709038,112,CDS
3034,5708611,5708867,256,CDS
3035,5708183,5708379,196,CDS
3036,5707933,5708106,173,CDS
3037,5714176,5714220,44,mobile_element
3038,5717954,5718025,71,mobile_element
3039,5719754,5720291,537,mobile_element
3040,5720733,5720821,88,mobile_element
3041,5720905,5721459,554,mobile_element
3042,5722250,5722513,263,mobile_element
3043,5723935,5724797,862,mobile_element
3044,5724254,5724374,120,mobile_element
3045,5728775,5728815,40,mobile_element
3046,5729829,5730234,405,mobile_element
3047,5730631,5730957,326,mobile_element
3048,5732876,5732924,48,mobile_element
3049,5733089,5733190,101,mobile_element
3050,5733232,5733315,83,mobile_element
3051,5733316,5733384,68,mobile_element
3052,5733449,5733883,434,mobile_element
3053,5737759,5737826,67,mobile_element
3054,5738199,5738249,50,mobile_element
3055,5738262,5738537,275,mobile_element
3056,5738548,5738915,367,mobile_element
3057,5739095,5740000,905,mobile_element
3058,5740168,5741174,1006,mobile_element
3059,5743246,5743338,92,mobile_element
3060,5743378,5743563,185,mobile_element
3061,5744307,5744618,311,mobile_element
3062,5746902,5747160,258,mobile_element
3063,5747169,5747335,166,mobile_element
3064,5754517,5756327,1810,gene
3065,5754517,5756327,1810,mRNA
3066,5754517,5756052,1535,mRNA
3067,5754616,5755986,1370,CDS
3068,5754616,5755986,1370,CDS
3069,5756582,5757287,705,mobile_element
3070,5757662,5758067,405,gene
3071,5757662,5757825,163,mRNA
3072,5757911,5758067,156,mRNA
3073,5757764,5757825,61,CDS
3074,5757911,5758007,96,CDS
3075,5758065,5760407,2342,gene
3076,5760178,5760407,229,mRNA
3077,5759584,5760113,529,mRNA
3078,5758065,5759530,1465,mRNA
3079,5760178,5760312,134,CDS
3080,5759584,5760113,529,CDS
3081,5758096,5759530,1434,CDS
3082,5760862,5774324,13462,gene
3083,5760862,5761062,200,mRNA
3084,5761134,5762193,1059,mRNA
3085,5762594,5763961,1367,mRNA
3086,5764021,5764771,750,mRNA
3087,5764831,5765148,317,mRNA
3088,5765488,5765619,131,mRNA
3089,5765680,5765879,199,mRNA
3090,5765940,5766203,263,mRNA
3091,5766453,5766578,125,mRNA
3092,5766691,5766796,105,mRNA
3093,5767285,5767406,121,mRNA
3094,5767463,5767561,98,mRNA
3095,5767620,5767853,233,mRNA
3096,5767914,5768060,146,mRNA
3097,5769343,5769495,152,mRNA
3098,5770470,5770605,135,mRNA
3099,5770806,5770856,50,mRNA
3100,5771916,5771990,74,mRNA
3101,5772067,5774324,2257,mRNA
3102,5760862,5761062,200,mRNA
3103,5761134,5762193,1059,mRNA
3104,5762594,5763961,1367,mRNA
3105,5764021,5764771,750,mRNA
3106,5764831,5765148,317,mRNA
3107,5765488,5765619,131,mRNA
3108,5765680,5765879,199,mRNA
3109,5765940,5766203,263,mRNA
3110,5766453,5766578,125,mRNA
3111,5766691,5766796,105,mRNA
3112,5767285,5767406,121,mRNA
3113,5767463,5767561,98,mRNA
3114,5767620,5767853,233,mRNA
3115,5767914,5768060,146,mRNA
3116,5769343,5769495,152,mRNA
3117,5770470,5770605,135,mRNA
3118,5770806,5770856,50,mRNA
3119,5771916,5771990,74,mRNA
3120,5772067,5772492,425,mRNA
3121,5760908,5761062,154,CDS
3122,5761134,5762193,1059,CDS
3123,5762594,5763961,1367,CDS
3124,5764021,5764771,750,CDS
3125,5764831,5765148,317,CDS
3126,5765488,5765619,131,CDS
3127,5765680,5765879,199,CDS
3128,5765940,5766203,263,CDS
3129,5766453,5766578,125,CDS
3130,5766691,5766796,105,CDS
3131,5767285,5767406,121,CDS
3132,5767463,5767561,98,CDS
3133,5767620,5767853,233,CDS
3134,5767914,5768060,146,CDS
3135,5769343,5769495,152,CDS
3136,5770470,5770605,135,CDS
3137,5770806,5770856,50,CDS
3138,5771916,5771990,74,CDS
3139,5772067,5772200,133,CDS
3140,5760908,5761062,154,CDS
3141,5761134,5762193,1059,CDS
3142,5762594,5763961,1367,CDS
3143,5764021,5764771,750,CDS
3144,5764831,5765148,317,CDS
3145,5765488,5765619,131,CDS
3146,5765680,5765879,199,CDS
3147,5765940,5766203,263,CDS
3148,5766453,5766578,125,CDS
3149,5766691,5766796,105,CDS
3150,5767285,5767406,121,CDS
3151,5767463,5767561,98,CDS
3152,5767620,5767853,233,CDS
3153,5767914,5768060,146,CDS
3154,5769343,5769495,152,CDS
3155,5770470,5770605,135,CDS
3156,5770806,5770856,50,CDS
3157,5771916,5771990,74,CDS
3158,5772067,5772200,133,CDS
3159,5762348,5762424,76,mobile_element
3160,5765180,5765319,139,gene
3161,5765180,5765319,139,ncRNA
3162,5765342,5765390,48,mobile_element
3163,5767085,5767136,51,mobile_element
3164,5768498,5768851,353,mobile_element
3165,5771090,5771448,358,mobile_element
3166,5773609,5773811,202,mobile_element
3167,5774776,5782858,8082,gene
3168,5782777,5782858,81,mRNA
3169,5778201,5778713,512,mRNA
3170,5777989,5778126,137,mRNA
3171,5777712,5777874,162,mRNA
3172,5777364,5777517,153,mRNA
3173,5776322,5776591,269,mRNA
3174,5775730,5775856,126,mRNA
3175,5775260,5775429,169,mRNA
3176,5775126,5775196,70,mRNA
3177,5774776,5775070,294,mRNA
3178,5782715,5782858,143,mRNA
3179,5778201,5778627,426,mRNA
3180,5777989,5778126,137,mRNA
3181,5777712,5777874,162,mRNA
3182,5777364,5777517,153,mRNA
3183,5776322,5776591,269,mRNA
3184,5775730,5775856,126,mRNA
3185,5775260,5775429,169,mRNA
3186,5775126,5775196,70,mRNA
3187,5774776,5775070,294,mRNA
3188,5782299,5782858,559,mRNA
3189,5778201,5778713,512,mRNA
3190,5777989,5778126,137,mRNA
3191,5777712,5777874,162,mRNA
3192,5777364,5777517,153,mRNA
3193,5776322,5776591,269,mRNA
3194,5775730,5775856,126,mRNA
3195,5775260,5775429,169,mRNA
3196,5775126,5775196,70,mRNA
3197,5774776,5775070,294,mRNA
3198,5782715,5782855,140,mRNA
3199,5778201,5778713,512,mRNA
3200,5777989,5778126,137,mRNA
3201,5777712,5777874,162,mRNA
3202,5777364,5777517,153,mRNA
3203,5776322,5776591,269,mRNA
3204,5775730,5775856,126,mRNA
3205,5775260,5775429,169,mRNA
3206,5775126,5775196,70,mRNA
3207,5774776,5775070,294,mRNA
3208,5778201,5778494,293,CDS
3209,5777989,5778126,137,CDS
3210,5777712,5777874,162,CDS
3211,5777364,5777517,153,CDS
3212,5776322,5776591,269,CDS
3213,5775730,5775856,126,CDS
3214,5775260,5775429,169,CDS
3215,5775126,5775196,70,CDS
3216,5774961,5775070,109,CDS
3217,5778201,5778494,293,CDS
3218,5777989,5778126,137,CDS
3219,5777712,5777874,162,CDS
3220,5777364,5777517,153,CDS
3221,5776322,5776591,269,CDS
3222,5775730,5775856,126,CDS
3223,5775260,5775429,169,CDS
3224,5775126,5775196,70,CDS
3225,5774961,5775070,109,CDS
3226,5778201,5778494,293,CDS
3227,5777989,5778126,137,CDS
3228,5777712,5777874,162,CDS
3229,5777364,5777517,153,CDS
3230,5776322,5776591,269,CDS
3231,5775730,5775856,126,CDS
3232,5775260,5775429,169,CDS
3233,5775126,5775196,70,CDS
3234,5774961,5775070,109,CDS
3235,5778201,5778494,293,CDS
3236,5777989,5778126,137,CDS
3237,5777712,5777874,162,CDS
3238,5777364,5777517,153,CDS
3239,5776322,5776591,269,CDS
3240,5775730,5775856,126,CDS
3241,5775260,5775429,169,CDS
3242,5775126,5775196,70,CDS
3243,5774961,5775070,109,CDS
3244,5776656,5776711,55,mobile_element
3245,5778803,5778967,164,mobile_element
3246,5778968,5779020,52,mobile_element
3247,5779798,5779844,46,mobile_element
3248,5780198,5780584,386,mobile_element
3249,5781260,5781383,123,mobile_element
3250,5783086,5783334,248,mobile_element
3251,5784616,5785717,1101,mobile_element
3252,5785937,5786536,599,mobile_element
3253,5789101,5789415,314,mobile_element
3254,5790684,5791109,425,mobile_element
3255,5791441,5792967,1526,gene
3256,5792188,5792967,779,mRNA
3257,5791645,5792002,357,mRNA
3258,5791441,5791582,141,mRNA
3259,5792188,5792963,775,CDS
3260,5791645,5792002,357,CDS
3261,5791496,5791582,86,CDS
3262,5793512,5793955,443,mobile_element
3263,5793957,5794939,982,mobile_element
3264,5795413,5796710,1297,gene
3265,5795413,5796326,913,mRNA
3266,5796385,5796448,63,mRNA
3267,5796510,5796710,200,mRNA
3268,5795413,5796348,935,mRNA
3269,5795473,5796186,713,CDS
3270,5795473,5796186,713,CDS
3271,5796582,5796825,243,mobile_element
3272,5797195,5798512,1317,gene
3273,5797746,5798512,766,mRNA
3274,5797334,5797691,357,mRNA
3275,5797195,5797269,74,mRNA
3276,5797746,5798512,766,CDS
3277,5797334,5797691,357,CDS
3278,5797195,5797269,74,CDS
3279,5804712,5860831,56119,gene
3280,5804712,5805454,742,mRNA
3281,5846593,5847470,877,mRNA
3282,5852946,5853070,124,mRNA
3283,5855515,5855682,167,mRNA
3284,5857171,5857305,134,mRNA
3285,5857368,5857581,213,mRNA
3286,5858447,5858558,111,mRNA
3287,5858624,5860831,2207,mRNA
3288,5804712,5805454,742,mRNA
3289,5832347,5832377,30,mRNA
3290,5846593,5847470,877,mRNA
3291,5852946,5853070,124,mRNA
3292,5853712,5853801,89,mRNA
3293,5855515,5855682,167,mRNA
3294,5857171,5857305,134,mRNA
3295,5857368,5857581,213,mRNA
3296,5858447,5858558,111,mRNA
3297,5858624,5860189,1565,mRNA
3298,5804712,5805454,742,mRNA
3299,5846593,5847470,877,mRNA
3300,5852946,5853070,124,mRNA
3301,5853712,5853786,74,mRNA
3302,5855515,5855682,167,mRNA
3303,5857171,5857305,134,mRNA
3304,5857368,5857581,213,mRNA
3305,5858447,5858558,111,mRNA
3306,5858624,5860189,1565,mRNA
3307,5810069,5810462,393,mobile_element
3308,5810229,5810265,36,mobile_element
3309,5847353,5847470,117,CDS
3310,5852946,5853070,124,CDS
3311,5853712,5853801,89,CDS
3312,5855515,5855682,167,CDS
3313,5857171,5857305,134,CDS
3314,5857368,5857581,213,CDS
3315,5858447,5858558,111,CDS
3316,5858624,5858642,18,CDS
3317,5847353,5847470,117,CDS
3318,5852946,5853070,124,CDS
3319,5853712,5853786,74,CDS
3320,5855515,5855682,167,CDS
3321,5857171,5857305,134,CDS
3322,5857368,5857581,213,CDS
3323,5858447,5858558,111,CDS
3324,5858624,5858642,18,CDS
3325,5847353,5847470,117,CDS
3326,5852946,5853070,124,CDS
3327,5855515,5855682,167,CDS
3328,5857171,5857305,134,CDS
3329,5857368,5857581,213,CDS
3330,5858447,5858558,111,CDS
3331,5858624,5858642,18,CDS
3332,5862745,5863206,461,mobile_element
3333,5863912,5864028,116,mobile_element
3334,5865669,5865826,157,mobile_element
3335,5869331,5874349,5018,mobile_element
3336,5878512,5878566,54,mobile_element
3337,5878650,5878856,206,mobile_element
3338,5879196,5880395,1199,gene
3339,5879980,5880395,415,mRNA
3340,5879196,5879854,658,mRNA
3341,5879481,5879648,167,CDS
3342,5883643,5883815,172,mobile_element
3343,5884894,5886495,1601,gene
3344,5884894,5886495,1601,ncRNA
3345,5889079,5889298,219,mobile_element
3346,5889624,5889683,59,mobile_element
3347,5893895,5931363,37468,gene
3348,5893895,5894381,486,mRNA
3349,5902057,5902120,63,mRNA
3350,5920771,5921243,472,mRNA
3351,5924676,5931363,6687,mRNA
3352,5902213,5909714,7501,mobile_element
3353,5920933,5921243,310,CDS
3354,5924676,5930787,6111,CDS
3355,5923172,5923564,392,mobile_element
3356,5923565,5924639,1074,mobile_element
3357,5931655,5932113,458,mobile_element
3358,5932114,5932186,72,mobile_element
3359,5937400,5938994,1594,gene
3360,5937400,5937879,479,ncRNA
3361,5938626,5938994,368,ncRNA
3362,5940052,5940087,35,mobile_element
3363,5940178,5940478,300,mobile_element
3364,5940525,5940838,313,mobile_element
3365,5942798,5942871,73,mobile_element
3366,5944796,5945334,538,mobile_element
3367,5948140,5948303,163,mobile_element
3368,5949658,5949864,206,mobile_element
3369,5951015,5951158,143,mobile_element
3370,5951388,5952373,985,mobile_element
3371,5951529,5952020,491,mobile_element
3372,5954730,5954870,140,mobile_element
3373,5956174,5956459,285,mobile_element
3374,5957588,5959299,1711,gene
3375,5957588,5959299,1711,ncRNA
3376,5957621,5960183,2562,gene
3377,5957621,5957962,341,mRNA
3378,5958019,5958129,110,mRNA
3379,5958185,5958943,758,mRNA
3380,5959006,5959218,212,mRNA
3381,5959277,5959379,102,mRNA
3382,5959446,5960183,737,mRNA
3383,5957719,5957962,243,mRNA
3384,5958019,5958129,110,mRNA
3385,5958185,5958943,758,mRNA
3386,5959006,5959218,212,mRNA
3387,5959277,5959379,102,mRNA
3388,5959446,5959817,371,mRNA
3389,5957873,5957962,89,CDS
3390,5958019,5958129,110,CDS
3391,5958185,5958943,758,CDS
3392,5959006,5959218,212,CDS
3393,5959277,5959379,102,CDS
3394,5959446,5959720,274,CDS
3395,5957873,5957962,89,CDS
3396,5958019,5958129,110,CDS
3397,5958185,5958943,758,CDS
3398,5959006,5959218,212,CDS
3399,5959277,5959379,102,CDS
3400,5959446,5959720,274,CDS
3401,5960275,5966856,6581,gene
3402,5966691,5966856,165,mRNA
3403,5963094,5963230,136,mRNA
3404,5961958,5963031,1073,mRNA
3405,5960275,5961704,1429,mRNA
3406,5966691,5966856,165,mRNA
3407,5963094,5963230,136,mRNA
3408,5961958,5963031,1073,mRNA
3409,5960998,5961704,706,mRNA
3410,5966691,5966709,18,CDS
3411,5963094,5963230,136,CDS
3412,5961958,5963031,1073,CDS
3413,5961486,5961704,218,CDS
3414,5966691,5966709,18,CDS
3415,5963094,5963230,136,CDS
3416,5961958,5963031,1073,CDS
3417,5961486,5961704,218,CDS
3418,5964917,5964949,32,mobile_element
3419,5965897,5966391,494,mobile_element
3420,5967397,5967746,349,gene
3421,5967679,5967746,67,ncRNA
3422,5967397,5967559,162,ncRNA
3423,5967397,5967746,349,ncRNA
3424,5967977,5968340,363,mobile_element
3425,5968068,5968271,203,mobile_element
3426,5968919,5969017,98,mobile_element
3427,5969099,5974385,5286,gene
3428,5973957,5974385,428,mRNA
3429,5973498,5973893,395,mRNA
3430,5970158,5973121,2963,mRNA
3431,5969748,5969995,247,mRNA
3432,5969099,5969687,588,mRNA
3433,5973957,5974283,326,CDS
3434,5973498,5973893,395,CDS
3435,5970158,5973121,2963,CDS
3436,5969748,5969995,247,CDS
3437,5969240,5969687,447,CDS
3438,5974857,5980778,5921,gene
3439,5979701,5980101,400,mRNA
3440,5979319,5979637,318,mRNA
3441,5977987,5978677,690,mRNA
3442,5974857,5977468,2611,mRNA
3443,5980619,5980778,159,mRNA
3444,5980043,5980559,516,mRNA
3445,5979319,5979637,318,mRNA
3446,5977987,5978677,690,mRNA
3447,5975094,5977468,2374,mRNA
3448,5980619,5980694,75,CDS
3449,5980043,5980559,516,CDS
3450,5979319,5979637,318,CDS
3451,5977987,5978677,690,CDS
3452,5975190,5977468,2278,CDS
3453,5977987,5978518,531,CDS
3454,5975190,5977468,2278,CDS
3455,5981844,6012795,30951,gene
3456,5981844,5982708,864,mRNA
3457,5986572,5986666,94,mRNA
3458,6009063,6009184,121,mRNA
3459,6009271,6009355,84,mRNA
3460,6009423,6009501,78,mRNA
3461,6010379,6010547,168,mRNA
3462,6010610,6010768,158,mRNA
3463,6010932,6011109,177,mRNA
3464,6011171,6011337,166,mRNA
3465,6011403,6012500,1097,mRNA
3466,5982418,5982708,290,CDS
3467,5986572,5986666,94,CDS
3468,6009063,6009184,121,CDS
3469,6009271,6009355,84,CDS
3470,6009423,6009501,78,CDS
3471,6010379,6010547,168,CDS
3472,6010610,6010768,158,CDS
3473,6010932,6011109,177,CDS
3474,6011171,6011337,166,CDS
3475,6011403,6011611,208,CDS
3476,5986150,5986239,89,mobile_element
3477,5987277,5987651,374,mobile_element
3478,5989459,5989810,351,mobile_element
3479,5992992,5993377,385,mRNA
3480,5997764,6001423,3659,mRNA
3481,6009063,6009184,121,mRNA
3482,6009271,6009355,84,mRNA
3483,6009423,6009501,78,mRNA
3484,6010379,6010547,168,mRNA
3485,6010610,6010768,158,mRNA
3486,6010932,6011109,177,mRNA
3487,6011171,6011337,166,mRNA
3488,6011403,6012795,1392,mRNA
3489,5997798,6001423,3625,CDS
3490,6009063,6009184,121,CDS
3491,6009271,6009355,84,CDS
3492,6009423,6009501,78,CDS
3493,6010379,6010547,168,CDS
3494,6010610,6010768,158,CDS
3495,6010932,6011109,177,CDS
3496,6011171,6011337,166,CDS
3497,6011403,6011611,208,CDS
3498,6013910,6015689,1779,gene
3499,6015577,6015689,112,mRNA
3500,6013910,6015422,1512,mRNA
3501,6014270,6015400,1130,CDS
3502,6016544,6016596,52,mobile_element
3503,6017739,6020695,2956,gene
3504,6017739,6018208,469,mRNA
3505,6018264,6018355,91,mRNA
3506,6018418,6019253,835,mRNA
3507,6019309,6019393,84,mRNA
3508,6019453,6019549,96,mRNA
3509,6019606,6020695,1089,mRNA
3510,6017739,6018208,469,mRNA
3511,6018264,6018355,91,mRNA
3512,6018418,6019253,835,mRNA
3513,6019309,6019393,84,mRNA
3514,6019453,6019549,96,mRNA
3515,6019606,6020155,549,mRNA
3516,6017833,6018208,375,CDS
3517,6018264,6018355,91,CDS
3518,6018418,6019253,835,CDS
3519,6019309,6019393,84,CDS
3520,6019453,6019549,96,CDS
3521,6019606,6020015,409,CDS
3522,6017833,6018208,375,CDS
3523,6018264,6018355,91,CDS
3524,6018418,6019253,835,CDS
3525,6019309,6019393,84,CDS
3526,6019453,6019549,96,CDS
3527,6019606,6020015,409,CDS
3528,6020311,6023144,2833,gene
3529,6021938,6023144,1206,mRNA
3530,6021471,6021882,411,mRNA
3531,6020311,6021411,1100,mRNA
3532,6020439,6020488,49,mobile_element
3533,6021938,6023144,1206,mRNA
3534,6021471,6021882,411,mRNA
3535,6020868,6021411,543,mRNA
3536,6021938,6023042,1104,CDS
3537,6021471,6021882,411,CDS
3538,6021345,6021411,66,CDS
3539,6021938,6023042,1104,CDS
3540,6021471,6021882,411,CDS
3541,6021345,6021411,66,CDS
3542,6023947,6023997,50,mobile_element
3543,6024077,6024159,82,mobile_element
3544,6026273,6036388,10115,gene
3545,6035241,6036388,1147,mRNA
3546,6032347,6032721,374,mRNA
3547,6032098,6032281,183,mRNA
3548,6027591,6029859,2268,mRNA
3549,6027326,6027528,202,mRNA
3550,6026915,6027269,354,mRNA
3551,6026273,6026848,575,mRNA
3552,6035241,6035506,265,CDS
3553,6032347,6032721,374,CDS
3554,6032098,6032281,183,CDS
3555,6027591,6029859,2268,CDS
3556,6027326,6027528,202,CDS
3557,6026915,6027269,354,CDS
3558,6026670,6026848,178,CDS
3559,6030250,6030851,601,mobile_element
3560,6031342,6031708,366,mobile_element
3561,6034268,6034362,94,mobile_element
3562,6034393,6034977,584,mobile_element
3563,6036557,6040647,4090,gene
3564,6040526,6040647,121,mRNA
3565,6038071,6038446,375,mRNA
3566,6037818,6038010,192,mRNA
3567,6037661,6037761,100,mRNA
3568,6036557,6037404,847,mRNA
3569,6040226,6040334,108,mRNA
3570,6038071,6038446,375,mRNA
3571,6037818,6038010,192,mRNA
3572,6037661,6037761,100,mRNA
3573,6036557,6037404,847,mRNA
3574,6040082,6040334,252,mRNA
3575,6038071,6038407,336,mRNA
3576,6037818,6038010,192,mRNA
3577,6037661,6037761,100,mRNA
3578,6036557,6037404,847,mRNA
3579,6040082,6040334,252,mRNA
3580,6038071,6038446,375,mRNA
3581,6037818,6038010,192,mRNA
3582,6037661,6037761,100,mRNA
3583,6036557,6037404,847,mRNA
3584,6038071,6038400,329,CDS
3585,6037818,6038010,192,CDS
3586,6037661,6037761,100,CDS
3587,6037030,6037404,374,CDS
3588,6038071,6038400,329,CDS
3589,6037818,6038010,192,CDS
3590,6037661,6037761,100,CDS
3591,6037030,6037404,374,CDS
3592,6038071,6038400,329,CDS
3593,6037818,6038010,192,CDS
3594,6037661,6037761,100,CDS
3595,6037030,6037404,374,CDS
3596,6038071,6038400,329,CDS
3597,6037818,6038010,192,CDS
3598,6037661,6037761,100,CDS
3599,6037030,6037404,374,CDS
3600,6038994,6039174,180,mobile_element
3601,6040990,6041321,331,mobile_element
3602,6041335,6041393,58,mobile_element
3603,6042532,6044964,2432,gene
3604,6042532,6042649,117,mRNA
3605,6042709,6043023,314,mRNA
3606,6043093,6043565,472,mRNA
3607,6043615,6044038,423,mRNA
3608,6044096,6044378,282,mRNA
3609,6044434,6044964,530,mRNA
3610,6042655,6043023,368,mRNA
3611,6043093,6043565,472,mRNA
3612,6043615,6044038,423,mRNA
3613,6044096,6044378,282,mRNA
3614,6044434,6044964,530,mRNA
3615,6042928,6043023,95,CDS
3616,6043093,6043565,472,CDS
3617,6043615,6044038,423,CDS
3618,6044096,6044378,282,CDS
3619,6044434,6044729,295,CDS
3620,6042928,6043023,95,CDS
3621,6043093,6043565,472,CDS
3622,6043615,6044038,423,CDS
3623,6044096,6044378,282,CDS
3624,6044434,6044729,295,CDS
3625,6045725,6045780,55,mobile_element
3626,6046293,6046399,106,mobile_element
3627,6047170,6047738,568,gene
3628,6047170,6047738,568,ncRNA
3629,6047195,6047392,197,gene
3630,6047195,6047392,197,mRNA
3631,6047220,6047372,152,CDS
3632,6049874,6050286,412,gene
3633,6050275,6050286,11,mRNA
3634,6049874,6050219,345,mRNA
3635,6049874,6050147,273,mRNA
3636,6049976,6050122,146,CDS
3637,6049976,6050122,146,CDS
3638,6050949,6068680,17731,gene
3639,6050949,6051363,414,mRNA
3640,6062580,6063197,617,mRNA
3641,6064624,6064843,219,mRNA
3642,6064904,6065070,166,mRNA
3643,6065875,6066068,193,mRNA
3644,6066174,6066294,120,mRNA
3645,6067300,6067710,410,mRNA
3646,6068507,6068680,173,mRNA
3647,6050949,6051363,414,mRNA
3648,6062580,6063197,617,mRNA
3649,6064624,6064843,219,mRNA
3650,6064904,6065070,166,mRNA
3651,6065875,6066068,193,mRNA
3652,6066174,6066294,120,mRNA
3653,6067300,6068325,1025,mRNA
3654,6050949,6051363,414,mRNA
3655,6062580,6063197,617,mRNA
3656,6064624,6064843,219,mRNA
3657,6064904,6065070,166,mRNA
3658,6065875,6066068,193,mRNA
3659,6066174,6066294,120,mRNA
3660,6067300,6068325,1025,mRNA
3661,6057357,6059558,2201,gene
3662,6057357,6059558,2201,mRNA
3663,6057384,6059435,2051,CDS
3664,6061284,6061423,139,mobile_element
3665,6062881,6063197,316,CDS
3666,6064624,6064843,219,CDS
3667,6064904,6065070,166,CDS
3668,6065875,6066068,193,CDS
3669,6066174,6066294,120,CDS
3670,6067300,6067710,410,CDS
3671,6068507,6068546,39,CDS
3672,6062881,6063197,316,CDS
3673,6064624,6064843,219,CDS
3674,6064904,6065070,166,CDS
3675,6065875,6066068,193,CDS
3676,6066174,6066294,120,CDS
3677,6067300,6067786,486,CDS
3678,6062881,6063197,316,CDS
3679,6064624,6064843,219,CDS
3680,6064904,6065070,166,CDS
3681,6065875,6066068,193,CDS
3682,6066174,6066294,120,CDS
3683,6067300,6067714,414,CDS
3684,6068795,6069795,1000,gene
3685,6068795,6069795,1000,ncRNA
3686,6074471,6076367,1896,gene
3687,6076171,6076367,196,mRNA
3688,6075064,6076114,1050,mRNA
3689,6074471,6075000,529,mRNA
3690,6076171,6076367,196,mRNA
3691,6075064,6076114,1050,mRNA
3692,6074835,6075000,165,mRNA
3693,6076171,6076258,87,CDS
3694,6075064,6076114,1050,CDS
3695,6074880,6075000,120,CDS
3696,6076171,6076258,87,CDS
3697,6075064,6076114,1050,CDS
3698,6074880,6075000,120,CDS
3699,6076910,6078088,1178,gene
3700,6076910,6077105,195,mRNA
3701,6077161,6077373,212,mRNA
3702,6077423,6078088,665,mRNA
3703,6076976,6077105,129,CDS
3704,6077161,6077373,212,CDS
3705,6077423,6078033,610,CDS
3706,6078641,6080572,1931,gene
3707,6080232,6080572,340,mRNA
3708,6078641,6080176,1535,mRNA
3709,6080232,6080566,334,CDS
3710,6078850,6080176,1326,CDS
3711,6080828,6085625,4797,gene
3712,6085550,6085625,75,mRNA
3713,6085086,6085230,144,mRNA
3714,6084847,6085019,172,mRNA
3715,6084508,6084787,279,mRNA
3716,6083941,6084007,66,mRNA
3717,6081912,6083884,1972,mRNA
3718,6081736,6081840,104,mRNA
3719,6080828,6081034,206,mRNA
3720,6085550,6085625,75,mRNA
3721,6085086,6085230,144,mRNA
3722,6084847,6085019,172,mRNA
3723,6084508,6084787,279,mRNA
3724,6084169,6084390,221,mRNA
3725,6083941,6084007,66,mRNA
3726,6081912,6083884,1972,mRNA
3727,6081736,6081840,104,mRNA
3728,6080828,6081034,206,mRNA
3729,6085550,6085625,75,mRNA
3730,6085086,6085230,144,mRNA
3731,6084847,6085031,184,mRNA
3732,6084508,6084787,279,mRNA
3733,6083941,6084007,66,mRNA
3734,6081912,6083884,1972,mRNA
3735,6081736,6081840,104,mRNA
3736,6080828,6081034,206,mRNA
3737,6085550,6085625,75,mRNA
3738,6085086,6085230,144,mRNA
3739,6084847,6085031,184,mRNA
3740,6084508,6084787,279,mRNA
3741,6083941,6084007,66,mRNA
3742,6081912,6083884,1972,mRNA
3743,6081736,6081840,104,mRNA
3744,6080828,6081415,587,mRNA
3745,6085086,6085436,350,mRNA
3746,6084847,6085031,184,mRNA
3747,6084508,6084787,279,mRNA
3748,6083941,6084007,66,mRNA
3749,6081912,6083884,1972,mRNA
3750,6081736,6081840,104,mRNA
3751,6080828,6081415,587,mRNA
3752,6085086,6085225,139,CDS
3753,6084847,6085019,172,CDS
3754,6084508,6084787,279,CDS
3755,6083941,6084007,66,CDS
3756,6081912,6083884,1972,CDS
3757,6081736,6081840,104,CDS
3758,6080965,6081034,69,CDS
3759,6085086,6085225,139,CDS
3760,6084847,6085031,184,CDS
3761,6084508,6084787,279,CDS
3762,6083941,6084007,66,CDS
3763,6081912,6083884,1972,CDS
3764,6081736,6081840,104,CDS
3765,6080965,6081034,69,CDS
3766,6085282,6085436,154,mRNA
3767,6085086,6085230,144,mRNA
3768,6084847,6085031,184,mRNA
3769,6084508,6084787,279,mRNA
3770,6083941,6084007,66,mRNA
3771,6081912,6083884,1972,mRNA
3772,6081736,6081840,104,mRNA
3773,6081128,6081415,287,mRNA
3774,6085086,6085225,139,CDS
3775,6084847,6085031,184,CDS
3776,6084508,6084787,279,CDS
3777,6083941,6084007,66,CDS
3778,6081912,6083884,1972,CDS
3779,6081736,6081840,104,CDS
3780,6081334,6081415,81,CDS
3781,6085086,6085225,139,CDS
3782,6084847,6085031,184,CDS
3783,6084508,6084787,279,CDS
3784,6083941,6084007,66,CDS
3785,6081912,6083884,1972,CDS
3786,6081736,6081840,104,CDS
3787,6081334,6081415,81,CDS
3788,6085086,6085225,139,CDS
3789,6084847,6085031,184,CDS
3790,6084508,6084787,279,CDS
3791,6083941,6084007,66,CDS
3792,6081912,6083884,1972,CDS
3793,6081736,6081840,104,CDS
3794,6081334,6081415,81,CDS
3795,6085086,6085225,139,CDS
3796,6084847,6085019,172,CDS
3797,6084508,6084787,279,CDS
3798,6084357,6084390,33,CDS
3799,6087873,6169087,81214,gene
3800,6131066,6131841,775,mRNA
3801,6122882,6123847,965,mRNA
3802,6094557,6095071,514,mRNA
3803,6094010,6094153,143,mRNA
3804,6093797,6093949,152,mRNA
3805,6087873,6093733,5860,mRNA
3806,6168756,6169087,331,mRNA
3807,6152069,6152550,481,mRNA
3808,6151830,6151996,166,mRNA
3809,6094557,6095071,514,mRNA
3810,6094010,6094153,143,mRNA
3811,6093797,6093949,152,mRNA
3812,6090419,6093733,3314,mRNA
3813,6156930,6157129,199,mRNA
3814,6156158,6156414,256,mRNA
3815,6152069,6152550,481,mRNA
3816,6151830,6151996,166,mRNA
3817,6094557,6095071,514,mRNA
3818,6094010,6094153,143,mRNA
3819,6093797,6093949,152,mRNA
3820,6090419,6093733,3314,mRNA
3821,6131066,6131922,856,mRNA
3822,6094557,6095071,514,mRNA
3823,6094010,6094153,143,mRNA
3824,6093797,6093949,152,mRNA
3825,6090419,6093733,3314,mRNA
3826,6156930,6157129,199,mRNA
3827,6156158,6156368,210,mRNA
3828,6152069,6152550,481,mRNA
3829,6151830,6151996,166,mRNA
3830,6094557,6095071,514,mRNA
3831,6094010,6094153,143,mRNA
3832,6093797,6093949,152,mRNA
3833,6091866,6093733,1867,mRNA
3834,6131066,6131922,856,mRNA
3835,6122882,6123847,965,mRNA
3836,6094557,6095071,514,mRNA
3837,6094010,6094153,143,mRNA
3838,6093797,6093949,152,mRNA
3839,6092277,6093733,1456,mRNA
3840,6152069,6152493,424,CDS
3841,6151830,6151996,166,CDS
3842,6094557,6095071,514,CDS
3843,6094010,6094153,143,CDS
3844,6093797,6093949,152,CDS
3845,6092588,6093733,1145,CDS
3846,6152069,6152493,424,CDS
3847,6151830,6151996,166,CDS
3848,6094557,6095071,514,CDS
3849,6094010,6094153,143,CDS
3850,6093797,6093949,152,CDS
3851,6092588,6093733,1145,CDS
3852,6152069,6152493,424,CDS
3853,6151830,6151996,166,CDS
3854,6094557,6095071,514,CDS
3855,6094010,6094153,143,CDS
3856,6093797,6093949,152,CDS
3857,6092588,6093733,1145,CDS
3858,6131066,6131117,51,CDS
3859,6094557,6095071,514,CDS
3860,6094010,6094153,143,CDS
3861,6093797,6093949,152,CDS
3862,6092588,6093733,1145,CDS
3863,6122882,6123560,678,CDS
3864,6094557,6095071,514,CDS
3865,6094010,6094153,143,CDS
3866,6093797,6093949,152,CDS
3867,6092588,6093733,1145,CDS
3868,6122882,6123560,678,CDS
3869,6094557,6095071,514,CDS
3870,6094010,6094153,143,CDS
3871,6093797,6093949,152,CDS
3872,6092588,6093733,1145,CDS
3873,6096784,6101911,5127,mobile_element
3874,6137303,6138411,1108,gene
3875,6137303,6137813,510,mRNA
3876,6137989,6138265,276,mRNA
3877,6138318,6138411,93,mRNA
3878,6137303,6137813,510,mRNA
3879,6137989,6138260,271,mRNA
3880,6138318,6138411,93,mRNA
3881,6137303,6137699,396,mRNA
3882,6137989,6138265,276,mRNA
3883,6138318,6138411,93,mRNA
3884,6137427,6137813,386,CDS
3885,6137989,6138260,271,CDS
3886,6138318,6138408,90,CDS
3887,6137427,6137813,386,CDS
3888,6137989,6138265,276,CDS
3889,6138318,6138328,10,CDS
3890,6137427,6137699,272,CDS
3891,6137989,6138265,276,CDS
3892,6138318,6138328,10,CDS
3893,6142165,6142237,72,gene
3894,6142165,6142237,72,tRNA
3895,6142372,6142444,72,gene
3896,6142372,6142444,72,tRNA
3897,6152603,6152676,73,gene
3898,6152603,6152676,73,tRNA
3899,6153186,6153259,73,gene
3900,6153186,6153259,73,tRNA
3901,6153506,6153579,73,gene
3902,6153506,6153579,73,tRNA
3903,6155649,6155690,41,mobile_element
3904,6158597,6159635,1038,gene
3905,6158597,6159023,426,ncRNA
3906,6159120,6159635,515,ncRNA
3907,6159321,6159410,89,mobile_element
3908,6160638,6160802,164,mobile_element
3909,6160989,6161192,203,mobile_element
3910,6161535,6161607,72,gene
3911,6161535,6161607,72,tRNA
3912,6161620,6161969,349,mobile_element
3913,6162023,6162096,73,gene
3914,6162023,6162096,73,tRNA
3915,6162197,6162270,73,gene
3916,6162197,6162270,73,tRNA
3917,6162519,6162592,73,gene
3918,6162519,6162592,73,tRNA
3919,6162681,6162753,72,gene
3920,6162681,6162753,72,tRNA
3921,6162768,6162926,158,mobile_element
3922,6163223,6164596,1373,mobile_element
3923,6164800,6164830,30,mobile_element
3924,6164876,6164948,72,gene
3925,6164876,6164948,72,tRNA
3926,6165984,6166056,72,gene
3927,6165984,6166056,72,tRNA
3928,6166151,6166224,73,gene
3929,6166151,6166224,73,tRNA
3930,6166405,6166506,101,mobile_element
3931,6169607,6169679,72,gene
3932,6169607,6169679,72,tRNA
3933,6169881,6169911,30,mobile_element
3934,6171496,6171568,72,gene
3935,6171496,6171568,72,tRNA
3936,6171687,6171759,72,gene
3937,6171687,6171759,72,tRNA
3938,6172381,6172522,141,mobile_element
3939,6173684,6176195,2511,gene
3940,6173684,6174171,487,mRNA
3941,6174292,6176195,1903,mRNA
3942,6173684,6174171,487,mRNA
3943,6174292,6175431,1139,mRNA
3944,6173716,6174171,455,CDS
3945,6174292,6175380,1088,CDS
3946,6173716,6174171,455,CDS
3947,6174292,6175380,1088,CDS
3948,6177284,6177412,128,mobile_element
3949,6178584,6178656,72,gene
3950,6178584,6178656,72,tRNA
3951,6179726,6180356,630,gene
3952,6179726,6180356,630,mRNA
3953,6179738,6180286,548,CDS
3954,6180926,6181626,700,gene
3955,6181473,6181626,153,mRNA
3956,6181307,6181415,108,mRNA
3957,6180926,6181255,329,mRNA
3958,6181473,6181619,146,CDS
3959,6181307,6181415,108,CDS
3960,6180981,6181255,274,CDS
3961,6181748,6196320,14572,gene
3962,6195652,6196320,668,mRNA
3963,6189291,6189421,130,mRNA
3964,6189085,6189230,145,mRNA
3965,6186475,6186689,214,mRNA
3966,6186155,6186336,181,mRNA
3967,6185907,6186086,179,mRNA
3968,6185684,6185847,163,mRNA
3969,6185280,6185618,338,mRNA
3970,6184409,6184722,313,mRNA
3971,6181748,6184348,2600,mRNA
3972,6195652,6196264,612,mRNA
3973,6189291,6189421,130,mRNA
3974,6189085,6189230,145,mRNA
3975,6186475,6186689,214,mRNA
3976,6186155,6186336,181,mRNA
3977,6185907,6186086,179,mRNA
3978,6185684,6185847,163,mRNA
3979,6185280,6185618,338,mRNA
3980,6184409,6184722,313,mRNA
3981,6181748,6184348,2600,mRNA
3982,6195652,6196009,357,mRNA
3983,6189291,6189421,130,mRNA
3984,6189085,6189230,145,mRNA
3985,6186475,6186689,214,mRNA
3986,6186155,6186336,181,mRNA
3987,6185907,6186086,179,mRNA
3988,6185684,6185847,163,mRNA
3989,6185280,6185618,338,mRNA
3990,6184409,6184722,313,mRNA
3991,6181748,6184348,2600,mRNA
3992,6189291,6189421,130,CDS
3993,6189085,6189230,145,CDS
3994,6186475,6186689,214,CDS
3995,6186155,6186336,181,CDS
3996,6185907,6186086,179,CDS
3997,6185684,6185847,163,CDS
3998,6185280,6185618,338,CDS
3999,6184409,6184722,313,CDS
4000,6182510,6184348,1838,CDS
4001,6189291,6189421,130,CDS
4002,6189085,6189230,145,CDS
4003,6186475,6186689,214,CDS
4004,6186155,6186336,181,CDS
4005,6185907,6186086,179,CDS
4006,6185684,6185847,163,CDS
4007,6185280,6185618,338,CDS
4008,6184409,6184722,313,CDS
4009,6182510,6184348,1838,CDS
4010,6189291,6189421,130,CDS
4011,6189085,6189230,145,CDS
4012,6186475,6186689,214,CDS
4013,6186155,6186336,181,CDS
4014,6185907,6186086,179,CDS
4015,6185684,6185847,163,CDS
4016,6185280,6185618,338,CDS
4017,6184409,6184722,313,CDS
4018,6182510,6184348,1838,CDS
4019,6195652,6196009,357,mRNA
4020,6189291,6189421,130,mRNA
4021,6189085,6189230,145,mRNA
4022,6188070,6188819,749,mRNA
4023,6195652,6196009,357,mRNA
4024,6189291,6189421,130,mRNA
4025,6188070,6189230,1160,mRNA
4026,6189291,6189421,130,CDS
4027,6189085,6189230,145,CDS
4028,6188812,6188819,7,CDS
4029,6189291,6189421,130,CDS
4030,6189077,6189230,153,CDS
4031,6190129,6190202,73,gene
4032,6190129,6190202,73,tRNA
4033,6190372,6190445,73,gene
4034,6190372,6190445,73,tRNA
4035,6197387,6198266,879,gene
4036,6197387,6198266,879,mRNA
4037,6197818,6198219,401,CDS
4038,6198423,6198649,226,mobile_element
4039,6198655,6198735,80,mobile_element
4040,6200853,6201956,1103,gene
4041,6200853,6201021,168,mRNA
4042,6201078,6201956,878,mRNA
4043,6200917,6201021,104,CDS
4044,6201078,6201833,755,CDS
4045,6202725,6205224,2499,gene
4046,6202725,6203367,642,mRNA
4047,6204019,6205224,1205,mRNA
4048,6202947,6203367,420,CDS
4049,6204019,6204854,835,CDS
4050,6207219,6209468,2249,gene
4051,6208808,6209468,660,mRNA
4052,6207219,6208319,1100,mRNA
4053,6208808,6209308,500,CDS
4054,6207306,6208319,1013,CDS
4055,6209782,6214122,4340,gene
4056,6213812,6214122,310,mRNA
4057,6213469,6213751,282,mRNA
4058,6213216,6213327,111,mRNA
4059,6212219,6213158,939,mRNA
4060,6211596,6212144,548,mRNA
4061,6210728,6210825,97,mRNA
4062,6210547,6210660,113,mRNA
4063,6210287,6210483,196,mRNA
4064,6209782,6210226,444,mRNA
4065,6213812,6214122,310,mRNA
4066,6213469,6213751,282,mRNA
4067,6213216,6213327,111,mRNA
4068,6212219,6213158,939,mRNA
4069,6211596,6212144,548,mRNA
4070,6210728,6210855,127,mRNA
4071,6210547,6210660,113,mRNA
4072,6210287,6210483,196,mRNA
4073,6209782,6210226,444,mRNA
4074,6213812,6213941,129,CDS
4075,6213469,6213751,282,CDS
4076,6213216,6213327,111,CDS
4077,6212219,6213158,939,CDS
4078,6211596,6212144,548,CDS
4079,6210728,6210825,97,CDS
4080,6210547,6210660,113,CDS
4081,6210287,6210483,196,CDS
4082,6210094,6210226,132,CDS
4083,6213812,6213941,129,CDS
4084,6213469,6213751,282,CDS
4085,6213216,6213327,111,CDS
4086,6212219,6213158,939,CDS
4087,6211596,6212144,548,CDS
4088,6210728,6210855,127,CDS
4089,6210547,6210660,113,CDS
4090,6210287,6210483,196,CDS
4091,6210094,6210226,132,CDS
4092,6214568,6240602,26034,gene
4093,6214568,6214751,183,mRNA
4094,6233266,6234307,1041,mRNA
4095,6234769,6236059,1290,mRNA
4096,6237343,6237541,198,mRNA
4097,6237603,6238672,1069,mRNA
4098,6238764,6238910,146,mRNA
4099,6238983,6239809,826,mRNA
4100,6216197,6218619,2422,gene
4101,6218440,6218619,179,ncRNA
4102,6216197,6216603,406,ncRNA
4103,6216825,6216894,69,ncRNA
4104,6216686,6216737,51,ncRNA
4105,6216197,6216603,406,ncRNA
4106,6217539,6217773,234,mobile_element
4107,6221040,6221276,236,mRNA
4108,6233256,6234307,1051,mRNA
4109,6234769,6236059,1290,mRNA
4110,6237343,6237541,198,mRNA
4111,6237603,6238672,1069,mRNA
4112,6238764,6238910,146,mRNA
4113,6238983,6240602,1619,mRNA
4114,6221040,6221276,236,mRNA
4115,6233266,6234307,1041,mRNA
4116,6234769,6236059,1290,mRNA
4117,6237343,6237541,198,mRNA
4118,6237603,6238672,1069,mRNA
4119,6238764,6238910,146,mRNA
4120,6238983,6240602,1619,mRNA
4121,6223335,6223391,56,mobile_element
4122,6225634,6226884,1250,gene
4123,6225634,6226884,1250,mRNA
4124,6225725,6226747,1022,CDS
4125,6229516,6229657,141,mRNA
4126,6233266,6234307,1041,mRNA
4127,6234769,6236059,1290,mRNA
4128,6237343,6237541,198,mRNA
4129,6237603,6238672,1069,mRNA
4130,6238764,6238910,146,mRNA
4131,6238983,6239809,826,mRNA
4132,6233691,6234307,616,CDS
4133,6234769,6236059,1290,CDS
4134,6237343,6237541,198,CDS
4135,6237603,6238672,1069,CDS
4136,6238764,6238910,146,CDS
4137,6238983,6239762,779,CDS
4138,6233691,6234307,616,CDS
4139,6234769,6236059,1290,CDS
4140,6237343,6237541,198,CDS
4141,6237603,6238672,1069,CDS
4142,6238764,6238910,146,CDS
4143,6238983,6239762,779,CDS
4144,6233691,6234307,616,CDS
4145,6234769,6236059,1290,CDS
4146,6237343,6237541,198,CDS
4147,6237603,6238672,1069,CDS
4148,6238764,6238910,146,CDS
4149,6238983,6239762,779,CDS
4150,6233691,6234307,616,CDS
4151,6234769,6236059,1290,CDS
4152,6237343,6237541,198,CDS
4153,6237603,6238672,1069,CDS
4154,6238764,6238910,146,CDS
4155,6238983,6239762,779,CDS
4156,6234498,6234554,56,mobile_element
4157,6236757,6236982,225,mobile_element
4158,6241049,6241473,424,mobile_element
4159,6242004,6255266,13262,gene
4160,6242004,6242719,715,mRNA
4161,6249412,6250018,606,mRNA
4162,6250339,6250852,513,mRNA
4163,6251076,6251852,776,mRNA
4164,6251938,6253172,1234,mRNA
4165,6253230,6253355,125,mRNA
4166,6253608,6253945,337,mRNA
4167,6254010,6254254,244,mRNA
4168,6254845,6255266,421,mRNA
4169,6242004,6242100,96,mRNA
4170,6242622,6242752,130,mRNA
4171,6249412,6250018,606,mRNA
4172,6250339,6250852,513,mRNA
4173,6251076,6251852,776,mRNA
4174,6251938,6253172,1234,mRNA
4175,6253230,6253355,125,mRNA
4176,6253608,6253945,337,mRNA
4177,6254010,6254254,244,mRNA
4178,6254845,6255266,421,mRNA
4179,6242280,6242719,439,mRNA
4180,6249412,6250018,606,mRNA
4181,6250339,6250852,513,mRNA
4182,6251076,6251852,776,mRNA
4183,6251938,6253172,1234,mRNA
4184,6253230,6253355,125,mRNA
4185,6253608,6253945,337,mRNA
4186,6254010,6254254,244,mRNA
4187,6254845,6255266,421,mRNA
4188,6243270,6243442,172,mobile_element
4189,6243716,6243986,270,mobile_element
4190,6244020,6244266,246,mobile_element
4191,6245512,6245577,65,mRNA
4192,6246264,6246584,320,mRNA
4193,6249412,6250018,606,mRNA
4194,6250339,6250852,513,mRNA
4195,6251076,6251852,776,mRNA
4196,6251938,6253172,1234,mRNA
4197,6253230,6253355,125,mRNA
4198,6253608,6253945,337,mRNA
4199,6254010,6254254,244,mRNA
4200,6254845,6255266,421,mRNA
4201,6245512,6245577,65,mRNA
4202,6249412,6250018,606,mRNA
4203,6250339,6250852,513,mRNA
4204,6251076,6251852,776,mRNA
4205,6251938,6253172,1234,mRNA
4206,6253230,6253355,125,mRNA
4207,6253608,6253945,337,mRNA
4208,6254010,6254254,244,mRNA
4209,6254845,6255266,421,mRNA
4210,6245512,6245577,65,mRNA
4211,6249412,6250018,606,mRNA
4212,6250339,6250852,513,mRNA
4213,6251130,6251852,722,mRNA
4214,6251938,6253172,1234,mRNA
4215,6253230,6253355,125,mRNA
4216,6253608,6253945,337,mRNA
4217,6254010,6254254,244,mRNA
4218,6254845,6255266,421,mRNA
4219,6246434,6246584,150,CDS
4220,6249412,6250018,606,CDS
4221,6250339,6250852,513,CDS
4222,6251076,6251852,776,CDS
4223,6251938,6253172,1234,CDS
4224,6253230,6253355,125,CDS
4225,6253608,6253945,337,CDS
4226,6254010,6254254,244,CDS
4227,6254845,6254946,101,CDS
4228,6249519,6250018,499,CDS
4229,6250339,6250852,513,CDS
4230,6251076,6251852,776,CDS
4231,6251938,6253172,1234,CDS
4232,6253230,6253355,125,CDS
4233,6253608,6253945,337,CDS
4234,6254010,6254254,244,CDS
4235,6254845,6254946,101,CDS
4236,6249519,6250018,499,CDS
4237,6250339,6250852,513,CDS
4238,6251076,6251852,776,CDS
4239,6251938,6253172,1234,CDS
4240,6253230,6253355,125,CDS
4241,6253608,6253945,337,CDS
4242,6254010,6254254,244,CDS
4243,6254845,6254946,101,CDS
4244,6249519,6250018,499,CDS
4245,6250339,6250852,513,CDS
4246,6251076,6251852,776,CDS
4247,6251938,6253172,1234,CDS
4248,6253230,6253355,125,CDS
4249,6253608,6253945,337,CDS
4250,6254010,6254254,244,CDS
4251,6254845,6254946,101,CDS
4252,6249519,6250018,499,CDS
4253,6250339,6250852,513,CDS
4254,6251076,6251852,776,CDS
4255,6251938,6253172,1234,CDS
4256,6253230,6253355,125,CDS
4257,6253608,6253945,337,CDS
4258,6254010,6254254,244,CDS
4259,6254845,6254946,101,CDS
4260,6249519,6250018,499,CDS
4261,6250339,6250852,513,CDS
4262,6251130,6251852,722,CDS
4263,6251938,6253172,1234,CDS
4264,6253230,6253355,125,CDS
4265,6253608,6253945,337,CDS
4266,6254010,6254254,244,CDS
4267,6254845,6254946,101,CDS
4268,6254493,6256168,1675,mobile_element
4269,6255432,6255663,231,mobile_element
4270,6255911,6255996,85,mobile_element
4271,6256173,6322173,66000,mobile_element
4272,6256218,6256432,214,mobile_element
4273,6256438,6258986,2548,mobile_element
4274,6258987,6260082,1095,mobile_element
4275,6260106,6261025,919,mobile_element
4276,6261269,6269234,7965,mobile_element
4277,6261996,6266449,4453,mobile_element
4278,6267305,6268207,902,mobile_element
4279,6268742,6269077,335,mobile_element
4280,6269305,6269868,563,mobile_element
4281,6269892,6287593,17701,mobile_element
4282,6270674,6280050,9376,mobile_element
4283,6271414,6271821,407,mobile_element
4284,6280621,6282441,1820,mobile_element
4285,6286204,6286765,561,mobile_element
4286,6287611,6287671,60,mobile_element
4287,6287766,6288353,587,mobile_element
4288,6288354,6288401,47,mobile_element
4289,6288402,6290407,2005,mobile_element
4290,6290553,6291572,1019,mobile_element
4291,6292533,6293077,544,mobile_element
4292,6294165,6320928,26763,mobile_element
4293,6296669,6306669,10000,mobile_element
4294,6307146,6312166,5020,mobile_element
4295,6312185,6319143,6958,mobile_element
4296,6312480,6317178,4698,mobile_element
4297,6313028,6317719,4691,mobile_element
4298,6317185,6317387,202,mobile_element
4299,6317835,6320607,2772,mobile_element
4300,6322190,6323290,1100,mobile_element
4301,6323404,6324012,608,mobile_element
4302,6324013,6324060,47,mobile_element
4303,6324061,6340522,16461,mobile_element
4304,6327017,6339834,12817,mobile_element
4305,6341353,6341526,173,mobile_element
4306,6341778,6342193,415,mobile_element
4307,6344735,6344839,104,mobile_element
4308,6346949,6351596,4647,mobile_element
4309,6360178,6361893,1715,mobile_element
4310,6363000,6363112,112,mobile_element
4311,6367022,6367145,123,mobile_element
4312,6367244,6368511,1267,mobile_element
4313,6369611,6369723,112,mobile_element
4314,6374040,6374163,123,mobile_element
4315,6374262,6375529,1267,mobile_element
4316,6376629,6376741,112,mobile_element
4317,6382327,6383236,909,mobile_element
4318,6384156,6392884,8728,mobile_element
4319,6386769,6391460,4691,mobile_element
4320,6398094,6402626,4532,mobile_element
4321,6398866,6400207,1341,mobile_element
4322,6400842,6402330,1488,mobile_element
4323,6411090,6415325,4235,mobile_element
4324,6419005,6419819,814,mobile_element
4325,6422772,6427630,4858,mobile_element
4326,6427946,6433358,5412,mobile_element
4327,6433379,6433428,49,mobile_element
4328,6433548,6434308,760,mobile_element
4329,6434515,6434567,52,mobile_element
4330,6434741,6435741,1000,mobile_element
4331,6436143,6436523,380,mobile_element
4332,6438900,6439036,136,mobile_element
4333,6439253,6447087,7834,mobile_element
4334,6445573,6446109,536,mobile_element
4335,6449002,6449255,253,mobile_element
4336,6449307,6450544,1237,mobile_element
4337,6450920,6455958,5038,mobile_element
4338,6456092,6456304,212,mobile_element
4339,6456305,6459924,3619,mobile_element
4340,6460153,6460315,162,mobile_element
4341,6460316,6460395,79,mobile_element
4342,6460918,6462630,1712,mobile_element
4343,6462842,6462951,109,mobile_element
4344,6463072,6469273,6201,mobile_element
4345,6463858,6469062,5204,mobile_element
4346,6465096,6466949,1853,mobile_element
4347,6469276,6481256,11980,mobile_element
4348,6469740,6480240,10500,mobile_element
4349,6470819,6476295,5476,mobile_element
4350,6481861,6481897,36,mobile_element
4351,6482051,6482219,168,mobile_element
4352,6482220,6482451,231,mobile_element
4353,6483307,6486740,3433,mobile_element
4354,6484504,6486676,2172,mobile_element
4355,6488634,6488733,99,mobile_element
4356,6488849,6490886,2037,mobile_element
4357,6491281,6492460,1179,mobile_element
4358,6494585,6499291,4706,mobile_element
4359,6501032,6501772,740,gene
4360,6501673,6501772,99,ncRNA
4361,6501032,6501595,563,ncRNA
4362,6502006,6621792,119786,gene
4363,6502006,6503688,1682,mRNA
4364,6614105,6615741,1636,mRNA
4365,6615937,6617545,1608,mRNA
4366,6617611,6618172,561,mRNA
4367,6618241,6618388,147,mRNA
4368,6618564,6618741,177,mRNA
4369,6618803,6619382,579,mRNA
4370,6503039,6503688,649,CDS
4371,6614105,6615741,1636,CDS
4372,6615937,6617545,1608,CDS
4373,6617611,6618172,561,CDS
4374,6618241,6618388,147,CDS
4375,6618564,6618741,177,CDS
4376,6618803,6619253,450,CDS
4377,6508895,6510295,1400,gene
4378,6509692,6510295,603,ncRNA
4379,6508895,6509467,572,ncRNA
4380,6526307,6526541,234,mobile_element
4381,6532595,6533595,1000,gene
4382,6532595,6533595,1000,ncRNA
4383,6539006,6539110,104,mobile_element
4384,6550236,6550293,57,mobile_element
4385,6570445,6570634,189,mobile_element
4386,6579469,6579515,46,mobile_element
4387,6579687,6579719,32,mobile_element
4388,6579828,6584856,5028,mobile_element
4389,6600044,6600978,934,gene
4390,6600927,6600978,51,mRNA
4391,6600684,6600872,188,mRNA
4392,6600044,6600624,580,mRNA
4393,6600927,6600978,51,CDS
4394,6600684,6600872,188,CDS
4395,6600365,6600624,259,CDS
4396,6609050,6609619,569,mobile_element
4397,6610487,6610898,411,mRNA
4398,6614105,6615741,1636,mRNA
4399,6615937,6617545,1608,mRNA
4400,6617611,6618172,561,mRNA
4401,6618241,6618343,102,mRNA
4402,6618564,6618741,177,mRNA
4403,6618803,6621792,2989,mRNA
4404,6610487,6610898,411,mRNA
4405,6614105,6615741,1636,mRNA
4406,6615937,6617545,1608,mRNA
4407,6617611,6618172,561,mRNA
4408,6618241,6618388,147,mRNA
4409,6618564,6618741,177,mRNA
4410,6618803,6619382,579,mRNA
4411,6613768,6613870,102,mRNA
4412,6614105,6615741,1636,mRNA
4413,6615937,6617545,1608,mRNA
4414,6617611,6618172,561,mRNA
4415,6618241,6618388,147,mRNA
4416,6618564,6618741,177,mRNA
4417,6618803,6619382,579,mRNA
4418,6614229,6615741,1512,CDS
4419,6615937,6617545,1608,CDS
4420,6617611,6618172,561,CDS
4421,6618241,6618388,147,CDS
4422,6618564,6618741,177,CDS
4423,6618803,6619253,450,CDS
4424,6614229,6615741,1512,CDS
4425,6615937,6617545,1608,CDS
4426,6617611,6618172,561,CDS
4427,6618241,6618388,147,CDS
4428,6618564,6618741,177,CDS
4429,6618803,6619253,450,CDS
4430,6614229,6615741,1512,CDS
4431,6615937,6617545,1608,CDS
4432,6617611,6618172,561,CDS
4433,6618241,6618343,102,CDS
4434,6618564,6618741,177,CDS
4435,6618803,6619253,450,CDS
4436,6615752,6615923,171,gene
4437,6615752,6615923,171,ncRNA
4438,6622200,6622615,415,mobile_element
4439,6623832,6624577,745,gene
4440,6624527,6624577,50,mRNA
4441,6624319,6624474,155,mRNA
4442,6624089,6624262,173,mRNA
4443,6623832,6624026,194,mRNA
4444,6624527,6624577,50,CDS
4445,6624319,6624474,155,CDS
4446,6624089,6624262,173,CDS
4447,6623832,6624026,194,CDS
4448,6625242,6633090,7848,gene
4449,6632995,6633090,95,mRNA
4450,6632027,6632140,113,mRNA
4451,6627732,6627921,189,mRNA
4452,6625242,6627674,2432,mRNA
4453,6632324,6632384,60,mRNA
4454,6632027,6632140,113,mRNA
4455,6627732,6627921,189,mRNA
4456,6625242,6627674,2432,mRNA
4457,6632306,6632384,78,mRNA
4458,6632027,6632140,113,mRNA
4459,6627732,6627921,189,mRNA
4460,6625242,6627674,2432,mRNA
4461,6632027,6632384,357,mRNA
4462,6627732,6627921,189,mRNA
4463,6625242,6627674,2432,mRNA
4464,6632027,6632111,84,CDS
4465,6627732,6627921,189,CDS
4466,6627470,6627674,204,CDS
4467,6632027,6632111,84,CDS
4468,6627732,6627921,189,CDS
4469,6627470,6627674,204,CDS
4470,6632027,6632111,84,CDS
4471,6627732,6627921,189,CDS
4472,6627470,6627674,204,CDS
4473,6632027,6632111,84,CDS
4474,6627732,6627921,189,CDS
4475,6627470,6627674,204,CDS
4476,6633647,6636262,2615,gene
4477,6635855,6636262,407,mRNA
4478,6634011,6635778,1767,mRNA
4479,6633647,6633948,301,mRNA
4480,6635855,6636087,232,mRNA
4481,6634011,6635778,1767,mRNA
4482,6633647,6633948,301,mRNA
4483,6635855,6635987,132,CDS
4484,6634011,6635778,1767,CDS
4485,6633774,6633948,174,CDS
4486,6635855,6635987,132,CDS
4487,6634011,6635778,1767,CDS
4488,6633774,6633948,174,CDS
4489,6636512,6642358,5846,gene
4490,6636512,6636930,418,mRNA
4491,6636995,6638010,1015,mRNA
4492,6638181,6640987,2806,mRNA
4493,6641285,6642358,1073,mRNA
4494,6636689,6636930,241,CDS
4495,6636995,6638010,1015,CDS
4496,6638181,6640987,2806,CDS
4497,6641285,6642286,1001,CDS
4498,6642418,6645098,2680,gene
4499,6644966,6645098,132,mRNA
4500,6644742,6644904,162,mRNA
4501,6644494,6644683,189,mRNA
4502,6644212,6644383,171,mRNA
4503,6643003,6643541,538,mRNA
4504,6642418,6642883,465,mRNA
4505,6644966,6645011,45,CDS
4506,6644742,6644904,162,CDS
4507,6644494,6644683,189,CDS
4508,6644212,6644383,171,CDS
4509,6643003,6643541,538,CDS
4510,6642704,6642883,179,CDS
4511,6646653,6646701,48,mobile_element
4512,6648654,6652842,4188,gene
4513,6648654,6649578,924,mRNA
4514,6651989,6652132,143,mRNA
4515,6652188,6652842,654,mRNA
4516,6649279,6649578,299,CDS
4517,6651989,6652132,143,CDS
4518,6652188,6652646,458,CDS
4519,6653217,6655267,2050,gene
4520,6653217,6653321,104,mRNA
4521,6653373,6654060,687,mRNA
4522,6654117,6654509,392,mRNA
4523,6654564,6655110,546,mRNA
4524,6655172,6655267,95,mRNA
4525,6653315,6653321,6,CDS
4526,6653373,6654060,687,CDS
4527,6654117,6654509,392,CDS
4528,6654564,6655110,546,CDS
4529,6655172,6655225,53,CDS
4530,6655463,6656594,1131,gene
4531,6656526,6656594,68,mRNA
4532,6655463,6656454,991,mRNA
4533,6655463,6656401,938,mRNA
4534,6655651,6656229,578,CDS
4535,6655651,6656229,578,CDS
4536,6657326,6660624,3298,gene
4537,6657326,6660624,3298,mRNA
4538,6657326,6660326,3000,mRNA
4539,6657512,6659980,2468,CDS
4540,6657512,6659980,2468,CDS
4541,6660645,6662118,1473,gene
4542,6661299,6662118,819,mRNA
4543,6660645,6661241,596,mRNA
4544,6661299,6661985,686,mRNA
4545,6660645,6661241,596,mRNA
4546,6661299,6661928,629,CDS
4547,6660681,6661241,560,CDS
4548,6661299,6661928,629,CDS
4549,6660681,6661241,560,CDS
4550,6662265,6668085,5820,gene
4551,6662265,6662436,171,mRNA
4552,6662569,6662757,188,mRNA
4553,6666720,6667013,293,mRNA
4554,6667073,6668085,1012,mRNA
4555,6662265,6662436,171,mRNA
4556,6662569,6662757,188,mRNA
4557,6666720,6667013,293,mRNA
4558,6667073,6668085,1012,mRNA
4559,6662270,6662757,487,mRNA
4560,6666720,6667013,293,mRNA
4561,6667073,6668085,1012,mRNA
4562,6662270,6662448,178,mRNA
4563,6662569,6662757,188,mRNA
4564,6666720,6667013,293,mRNA
4565,6667073,6668085,1012,mRNA
4566,6662448,6662448,0,CDS
4567,6662569,6662757,188,CDS
4568,6666720,6667013,293,CDS
4569,6667073,6667377,304,CDS
4570,6662595,6662757,162,CDS
4571,6666720,6667013,293,CDS
4572,6667073,6667440,367,CDS
4573,6662595,6662757,162,CDS
4574,6666720,6667013,293,CDS
4575,6667073,6667377,304,CDS
4576,6662595,6662757,162,CDS
4577,6666720,6667013,293,CDS
4578,6667073,6667377,304,CDS
4579,6663395,6664195,800,gene
4580,6664150,6664195,45,ncRNA
4581,6663395,6664056,661,ncRNA
4582,6664234,6665968,1734,mobile_element
4583,6668150,6668738,588,gene
4584,6668150,6668256,106,mRNA
4585,6668309,6668738,429,mRNA
4586,6668185,6668256,71,CDS
4587,6668309,6668707,398,CDS
4588,6669024,6670076,1052,gene
4589,6669024,6669224,200,mRNA
4590,6669330,6669434,104,mRNA
4591,6669492,6670076,584,mRNA
4592,6669090,6669434,344,mRNA
4593,6669492,6670076,584,mRNA
4594,6669090,6669232,142,mRNA
4595,6669330,6669434,104,mRNA
4596,6669492,6670076,584,mRNA
4597,6669160,6669434,274,CDS
4598,6669492,6669945,453,CDS
4599,6669160,6669224,64,CDS
4600,6669330,6669434,104,CDS
4601,6669492,6669945,453,CDS
4602,6669160,6669232,72,CDS
4603,6669330,6669379,49,CDS
4604,6670154,6673372,3218,gene
4605,6672949,6673372,423,mRNA
4606,6671508,6672886,1378,mRNA
4607,6670154,6671398,1244,mRNA
4608,6672943,6673372,429,mRNA
4609,6671508,6672886,1378,mRNA
4610,6670154,6671398,1244,mRNA
4611,6672949,6673041,92,CDS
4612,6671508,6672886,1378,CDS
4613,6671032,6671398,366,CDS
4614,6672943,6673041,98,CDS
4615,6671508,6672886,1378,CDS
4616,6671032,6671398,366,CDS
4617,6673604,6675061,1457,gene
4618,6673604,6673817,213,mRNA
4619,6673874,6674190,316,mRNA
4620,6674261,6675061,800,mRNA
4621,6673604,6673817,213,mRNA
4622,6673874,6674190,316,mRNA
4623,6674261,6674727,466,mRNA
4624,6674781,6675061,280,mRNA
4625,6673682,6673817,135,CDS
4626,6673874,6674190,316,CDS
4627,6674261,6674727,466,CDS
4628,6674781,6674853,72,CDS
4629,6673682,6673817,135,CDS
4630,6673874,6674190,316,CDS
4631,6674261,6674788,527,CDS
4632,6675028,6676001,973,gene
4633,6675607,6676001,394,mRNA
4634,6675028,6675540,512,mRNA
4635,6675607,6675805,198,mRNA
4636,6675028,6675540,512,mRNA
4637,6675607,6675690,83,CDS
4638,6675073,6675540,467,CDS
4639,6675607,6675690,83,CDS
4640,6675073,6675540,467,CDS
4641,6675822,6693162,17340,gene
4642,6675822,6675912,90,mRNA
4643,6691698,6691825,127,mRNA
4644,6691882,6692063,181,mRNA
4645,6692120,6692236,116,mRNA
4646,6692293,6693162,869,mRNA
4647,6675822,6675912,90,mRNA
4648,6691698,6691825,127,mRNA
4649,6691882,6692063,181,mRNA
4650,6692120,6692236,116,mRNA
4651,6692293,6692590,297,mRNA
4652,6677001,6680391,3390,gene
4653,6680050,6680391,341,mRNA
4654,6677957,6679061,1104,mRNA
4655,6677001,6677834,833,mRNA
4656,6680050,6680179,129,CDS
4657,6677957,6679061,1104,CDS
4658,6677306,6677834,528,CDS
4659,6680146,6680730,584,mRNA
4660,6691698,6691825,127,mRNA
4661,6691882,6692063,181,mRNA
4662,6692120,6692236,116,mRNA
4663,6692293,6692590,297,mRNA
4664,6681796,6682394,598,gene
4665,6681796,6682394,598,ncRNA
4666,6682521,6683749,1228,gene
4667,6682521,6683749,1228,ncRNA
4668,6683186,6684710,1524,gene
4669,6683186,6683255,69,mRNA
4670,6683316,6684710,1394,mRNA
4671,6683239,6683255,16,CDS
4672,6683316,6684357,1041,CDS
4673,6684745,6689974,5229,gene
4674,6689886,6689974,88,mRNA
4675,6688373,6688575,202,mRNA
4676,6688003,6688310,307,mRNA
4677,6687408,6687842,434,mRNA
4678,6687139,6687353,214,mRNA
4679,6686660,6686786,126,mRNA
4680,6685271,6685779,508,mRNA
4681,6684745,6685161,416,mRNA
4682,6688373,6688502,129,CDS
4683,6688003,6688310,307,CDS
4684,6687408,6687842,434,CDS
4685,6687139,6687353,214,CDS
4686,6686660,6686786,126,CDS
4687,6685271,6685779,508,CDS
4688,6684972,6685161,189,CDS
4689,6691718,6691825,107,CDS
4690,6691882,6692063,181,CDS
4691,6692120,6692236,116,CDS
4692,6692293,6692506,213,CDS
4693,6691718,6691825,107,CDS
4694,6691882,6692063,181,CDS
4695,6692120,6692236,116,CDS
4696,6692293,6692506,213,CDS
4697,6691718,6691825,107,CDS
4698,6691882,6692063,181,CDS
4699,6692120,6692236,116,CDS
4700,6692293,6692506,213,CDS
4701,6693430,6695187,1757,gene
4702,6693430,6693652,222,mRNA
4703,6693962,6695187,1225,mRNA
4704,6693440,6693652,212,CDS
4705,6693962,6695071,1109,CDS
4706,6695114,6696661,1547,gene
4707,6696340,6696661,321,mRNA
4708,6695892,6696265,373,mRNA
4709,6695114,6695831,717,mRNA
4710,6696340,6696661,321,mRNA
4711,6695892,6696265,373,mRNA
4712,6695114,6695843,729,mRNA
4713,6696340,6696399,59,CDS
4714,6695892,6696265,373,CDS
4715,6695594,6695831,237,CDS
4716,6696340,6696399,59,CDS
4717,6695892,6696265,373,CDS
4718,6695594,6695843,249,CDS
4719,6696739,6699469,2730,gene
4720,6696739,6696929,190,mRNA
4721,6697416,6697575,159,mRNA
4722,6698049,6698385,336,mRNA
4723,6698446,6699469,1023,mRNA
4724,6696739,6696929,190,mRNA
4725,6697416,6697575,159,mRNA
4726,6698049,6698385,336,mRNA
4727,6698446,6698844,398,mRNA
4728,6696884,6696929,45,CDS
4729,6697416,6697575,159,CDS
4730,6698049,6698385,336,CDS
4731,6698446,6698544,98,CDS
4732,6696884,6696929,45,CDS
4733,6697416,6697575,159,CDS
4734,6698049,6698385,336,CDS
4735,6698446,6698544,98,CDS
4736,6699695,6715892,16197,gene
4737,6699695,6715892,16197,gene
4738,6707645,6707976,331,mRNA
4739,6705235,6706198,963,mRNA
4740,6702387,6704586,2199,mRNA
4741,6701813,6701922,109,mRNA
4742,6701190,6701371,181,mRNA
4743,6700882,6701122,240,mRNA
4744,6699695,6700817,1122,mRNA
4745,6707645,6707976,331,mRNA
4746,6705235,6706198,963,mRNA
4747,6702387,6704586,2199,mRNA
4748,6701813,6701922,109,mRNA
4749,6701190,6701371,181,mRNA
4750,6700882,6701122,240,mRNA
4751,6699695,6700817,1122,mRNA
4752,6715104,6715892,788,mRNA
4753,6705235,6706198,963,mRNA
4754,6702387,6704586,2199,mRNA
4755,6701813,6701922,109,mRNA
4756,6701190,6701371,181,mRNA
4757,6700882,6701122,240,mRNA
4758,6700221,6700817,596,mRNA
4759,6715104,6715892,788,mRNA
4760,6705235,6706198,963,mRNA
4761,6702387,6704586,2199,mRNA
4762,6701813,6701922,109,mRNA
4763,6701190,6701371,181,mRNA
4764,6700882,6701122,240,mRNA
4765,6700221,6700817,596,mRNA
4766,6712083,6712284,201,mRNA
4767,6705235,6706198,963,mRNA
4768,6702387,6704586,2199,mRNA
4769,6701813,6701922,109,mRNA
4770,6701190,6701371,181,mRNA
4771,6700882,6701122,240,mRNA
4772,6700221,6700817,596,mRNA
4773,6712083,6712284,201,mRNA
4774,6705235,6706198,963,mRNA
4775,6702387,6704586,2199,mRNA
4776,6701813,6701922,109,mRNA
4777,6701190,6701371,181,mRNA
4778,6700882,6701122,240,mRNA
4779,6700221,6700817,596,mRNA
4780,6702387,6704393,2006,CDS
4781,6701813,6701922,109,CDS
4782,6701190,6701371,181,CDS
4783,6700882,6701122,240,CDS
4784,6700673,6700817,144,CDS
4785,6702387,6704393,2006,CDS
4786,6701813,6701922,109,CDS
4787,6701190,6701371,181,CDS
4788,6700882,6701122,240,CDS
4789,6700673,6700817,144,CDS
4790,6702387,6704393,2006,CDS
4791,6701813,6701922,109,CDS
4792,6701190,6701371,181,CDS
4793,6700882,6701122,240,CDS
4794,6700673,6700817,144,CDS
4795,6705334,6705831,497,CDS
4796,6705334,6705831,497,CDS
4797,6705334,6705831,497,CDS
4798,6707163,6707273,110,gene
4799,6707163,6707273,110,precursor_RNA
4800,6707227,6707247,20,ncRNA
4801,6707306,6708960,1654,gene
4802,6707306,6707375,69,ncRNA
4803,6708549,6708634,85,ncRNA
4804,6708719,6708960,241,ncRNA
4805,6708445,6708488,43,ncRNA
4806,6708549,6708634,85,ncRNA
4807,6708719,6708960,241,ncRNA
4808,6709698,6710017,319,mobile_element
4809,6716342,6717707,1365,gene
4810,6716659,6717707,1048,mRNA
4811,6716342,6716582,240,mRNA
4812,6716659,6717676,1017,CDS
4813,6716542,6716582,40,CDS
4814,6718196,6719533,1337,gene
4815,6718642,6719533,891,mRNA
4816,6718196,6718581,385,mRNA
4817,6718642,6719533,891,CDS
4818,6718541,6718581,40,CDS
4819,6720680,6720923,243,mobile_element
4820,6721101,6740672,19571,gene
4821,6740039,6740672,633,mRNA
4822,6738199,6738355,156,mRNA
4823,6737961,6738127,166,mRNA
4824,6725704,6726027,323,mRNA
4825,6725451,6725639,188,mRNA
4826,6725255,6725392,137,mRNA
4827,6723840,6724022,182,mRNA
4828,6723656,6723787,131,mRNA
4829,6722752,6722908,156,mRNA
4830,6722528,6722694,166,mRNA
4831,6722308,6722464,156,mRNA
4832,6722088,6722254,166,mRNA
4833,6721845,6722027,182,mRNA
4834,6721101,6721778,677,mRNA
4835,6740039,6740672,633,mRNA
4836,6738199,6738355,156,mRNA
4837,6737961,6738127,166,mRNA
4838,6732943,6733257,314,mRNA
4839,6732238,6732882,644,mRNA
4840,6732002,6732184,182,mRNA
4841,6731797,6731934,137,mRNA
4842,6731551,6731733,182,mRNA
4843,6726257,6726388,131,mRNA
4844,6725704,6726027,323,mRNA
4845,6725451,6725639,188,mRNA
4846,6725255,6725392,137,mRNA
4847,6723840,6724022,182,mRNA
4848,6723656,6723787,131,mRNA
4849,6722752,6722908,156,mRNA
4850,6722528,6722694,166,mRNA
4851,6722308,6722464,156,mRNA
4852,6722088,6722254,166,mRNA
4853,6721845,6722027,182,mRNA
4854,6721101,6721778,677,mRNA
4855,6740039,6740672,633,mRNA
4856,6738199,6738355,156,mRNA
4857,6737961,6738127,166,mRNA
4858,6734729,6734911,182,mRNA
4859,6734455,6734598,143,mRNA
4860,6734259,6734392,133,mRNA
4861,6734014,6734194,180,mRNA
4862,6733628,6733942,314,mRNA
4863,6732943,6733257,314,mRNA
4864,6732238,6732882,644,mRNA
4865,6732002,6732184,182,mRNA
4866,6731797,6731934,137,mRNA
4867,6731551,6731733,182,mRNA
4868,6726257,6726388,131,mRNA
4869,6725704,6726027,323,mRNA
4870,6725451,6725639,188,mRNA
4871,6725255,6725392,137,mRNA
4872,6723840,6724022,182,mRNA
4873,6723656,6723787,131,mRNA
4874,6723295,6723459,164,mRNA
4875,6722752,6722908,156,mRNA
4876,6722528,6722694,166,mRNA
4877,6722308,6722464,156,mRNA
4878,6722088,6722254,166,mRNA
4879,6721845,6722027,182,mRNA
4880,6721101,6721778,677,mRNA
4881,6740039,6740672,633,mRNA
4882,6738199,6738355,156,mRNA
4883,6737961,6738127,166,mRNA
4884,6737494,6737529,35,mRNA
4885,6734729,6734911,182,mRNA
4886,6734455,6734598,143,mRNA
4887,6734259,6734392,133,mRNA
4888,6734014,6734194,180,mRNA
4889,6733628,6733942,314,mRNA
4890,6732943,6733257,314,mRNA
4891,6732238,6732882,644,mRNA
4892,6732002,6732184,182,mRNA
4893,6731797,6731934,137,mRNA
4894,6731551,6731733,182,mRNA
4895,6726257,6726388,131,mRNA
4896,6725704,6726027,323,mRNA
4897,6725451,6725639,188,mRNA
4898,6725255,6725392,137,mRNA
4899,6723840,6724022,182,mRNA
4900,6723656,6723787,131,mRNA
4901,6722752,6722908,156,mRNA
4902,6722528,6722694,166,mRNA
4903,6722308,6722464,156,mRNA
4904,6722088,6722254,166,mRNA
4905,6721845,6722027,182,mRNA
4906,6721101,6721778,677,mRNA
4907,6740039,6740672,633,mRNA
4908,6738199,6738355,156,mRNA
4909,6737961,6738127,166,mRNA
4910,6737494,6737529,35,mRNA
4911,6734729,6734911,182,mRNA
4912,6734455,6734598,143,mRNA
4913,6734259,6734392,133,mRNA
4914,6734014,6734194,180,mRNA
4915,6733628,6733942,314,mRNA
4916,6732943,6733257,314,mRNA
4917,6732238,6732882,644,mRNA
4918,6732002,6732184,182,mRNA
4919,6731797,6731934,137,mRNA
4920,6731551,6731733,182,mRNA
4921,6726257,6726388,131,mRNA
4922,6725704,6726027,323,mRNA
4923,6725451,6725639,188,mRNA
4924,6725255,6725392,137,mRNA
4925,6724568,6724816,248,mRNA
4926,6723840,6724022,182,mRNA
4927,6723656,6723787,131,mRNA
4928,6722752,6722908,156,mRNA
4929,6722528,6722694,166,mRNA
4930,6722308,6722464,156,mRNA
4931,6722088,6722254,166,mRNA
4932,6721845,6722027,182,mRNA
4933,6721101,6721778,677,mRNA
4934,6740039,6740252,213,CDS
4935,6738199,6738355,156,CDS
4936,6737961,6738127,166,CDS
4937,6725704,6726027,323,CDS
4938,6725451,6725639,188,CDS
4939,6725255,6725392,137,CDS
4940,6723840,6724022,182,CDS
4941,6723656,6723787,131,CDS
4942,6722752,6722908,156,CDS
4943,6722528,6722694,166,CDS
4944,6722308,6722464,156,CDS
4945,6722088,6722254,166,CDS
4946,6721845,6722027,182,CDS
4947,6721591,6721778,187,CDS
4948,6740039,6740252,213,CDS
4949,6738199,6738355,156,CDS
4950,6737961,6738127,166,CDS
4951,6732943,6733257,314,CDS
4952,6732238,6732882,644,CDS
4953,6732002,6732184,182,CDS
4954,6731797,6731934,137,CDS
4955,6731551,6731733,182,CDS
4956,6726257,6726388,131,CDS
4957,6725704,6726027,323,CDS
4958,6725451,6725639,188,CDS
4959,6725255,6725392,137,CDS
4960,6723840,6724022,182,CDS
4961,6723656,6723787,131,CDS
4962,6722752,6722908,156,CDS
4963,6722528,6722694,166,CDS
4964,6722308,6722464,156,CDS
4965,6722088,6722254,166,CDS
4966,6721845,6722027,182,CDS
4967,6721591,6721778,187,CDS
4968,6740039,6740252,213,CDS
4969,6738199,6738355,156,CDS
4970,6737961,6738127,166,CDS
4971,6734729,6734911,182,CDS
4972,6734455,6734598,143,CDS
4973,6734259,6734392,133,CDS
4974,6734014,6734194,180,CDS
4975,6733628,6733942,314,CDS
4976,6732943,6733257,314,CDS
4977,6732238,6732882,644,CDS
4978,6732002,6732184,182,CDS
4979,6731797,6731934,137,CDS
4980,6731551,6731733,182,CDS
4981,6726257,6726388,131,CDS
4982,6725704,6726027,323,CDS
4983,6725451,6725639,188,CDS
4984,6725255,6725392,137,CDS
4985,6723840,6724022,182,CDS
4986,6723656,6723787,131,CDS
4987,6723295,6723459,164,CDS
4988,6722752,6722908,156,CDS
4989,6722528,6722694,166,CDS
4990,6722308,6722464,156,CDS
4991,6722088,6722254,166,CDS
4992,6721845,6722027,182,CDS
4993,6721591,6721778,187,CDS
4994,6740039,6740252,213,CDS
4995,6738199,6738355,156,CDS
4996,6737961,6738127,166,CDS
4997,6737494,6737529,35,CDS
4998,6734729,6734911,182,CDS
4999,6734455,6734598,143,CDS
5000,6734259,6734392,133,CDS
5001,6734014,6734194,180,CDS
5002,6733628,6733942,314,CDS
5003,6732943,6733257,314,CDS
5004,6732238,6732882,644,CDS
5005,6732002,6732184,182,CDS
5006,6731797,6731934,137,CDS
5007,6731551,6731733,182,CDS
5008,6726257,6726388,131,CDS
5009,6725704,6726027,323,CDS
5010,6725451,6725639,188,CDS
5011,6725255,6725392,137,CDS
5012,6723840,6724022,182,CDS
5013,6723656,6723787,131,CDS
5014,6722752,6722908,156,CDS
5015,6722528,6722694,166,CDS
5016,6722308,6722464,156,CDS
5017,6722088,6722254,166,CDS
5018,6721845,6722027,182,CDS
5019,6721591,6721778,187,CDS
5020,6740039,6740252,213,CDS
5021,6738199,6738355,156,CDS
5022,6737961,6738127,166,CDS
5023,6737494,6737529,35,CDS
5024,6734729,6734911,182,CDS
5025,6734455,6734598,143,CDS
5026,6734259,6734392,133,CDS
5027,6734014,6734194,180,CDS
5028,6733628,6733942,314,CDS
5029,6732943,6733257,314,CDS
5030,6732238,6732882,644,CDS
5031,6732002,6732184,182,CDS
5032,6731797,6731934,137,CDS
5033,6731551,6731733,182,CDS
5034,6726257,6726388,131,CDS
5035,6725704,6726027,323,CDS
5036,6725451,6725639,188,CDS
5037,6725255,6725392,137,CDS
5038,6724568,6724816,248,CDS
5039,6723840,6724022,182,CDS
5040,6723656,6723787,131,CDS
5041,6722752,6722908,156,CDS
5042,6722528,6722694,166,CDS
5043,6722308,6722464,156,CDS
5044,6722088,6722254,166,CDS
5045,6721845,6722027,182,CDS
5046,6721591,6721778,187,CDS
5047,6740039,6740672,633,mRNA
5048,6738199,6738355,156,mRNA
5049,6737961,6738127,166,mRNA
5050,6732943,6733257,314,mRNA
5051,6732238,6732882,644,mRNA
5052,6732002,6732184,182,mRNA
5053,6731797,6731934,137,mRNA
5054,6731551,6731733,182,mRNA
5055,6731440,6731490,50,mRNA
5056,6728591,6729073,482,mRNA
5057,6726837,6728320,1483,mRNA
5058,6740039,6740672,633,mRNA
5059,6738199,6738355,156,mRNA
5060,6737961,6738127,166,mRNA
5061,6732943,6733257,314,mRNA
5062,6732238,6732882,644,mRNA
5063,6732002,6732184,182,mRNA
5064,6731797,6731934,137,mRNA
5065,6731551,6731733,182,mRNA
5066,6731440,6731490,50,mRNA
5067,6730073,6730114,41,mRNA
5068,6728591,6729073,482,mRNA
5069,6726837,6728320,1483,mRNA
5070,6740039,6740672,633,mRNA
5071,6738199,6738355,156,mRNA
5072,6737961,6738127,166,mRNA
5073,6732943,6733257,314,mRNA
5074,6732238,6732882,644,mRNA
5075,6732002,6732184,182,mRNA
5076,6731797,6731934,137,mRNA
5077,6731551,6731733,182,mRNA
5078,6731440,6731490,50,mRNA
5079,6730301,6731266,965,mRNA
5080,6728591,6729073,482,mRNA
5081,6726837,6728373,1536,mRNA
5082,6740039,6740672,633,mRNA
5083,6738199,6738355,156,mRNA
5084,6737961,6738127,166,mRNA
5085,6732943,6733257,314,mRNA
5086,6732238,6732882,644,mRNA
5087,6732002,6732184,182,mRNA
5088,6731797,6731934,137,mRNA
5089,6731551,6731733,182,mRNA
5090,6731440,6731490,50,mRNA
5091,6730301,6731266,965,mRNA
5092,6730073,6730114,41,mRNA
5093,6728591,6729073,482,mRNA
5094,6726837,6728320,1483,mRNA
5095,6740039,6740252,213,CDS
5096,6738199,6738355,156,CDS
5097,6737961,6738127,166,CDS
5098,6732943,6733257,314,CDS
5099,6732238,6732882,644,CDS
5100,6732002,6732184,182,CDS
5101,6731797,6731934,137,CDS
5102,6731551,6731733,182,CDS
5103,6731440,6731490,50,CDS
5104,6728591,6729073,482,CDS
5105,6728283,6728320,37,CDS
5106,6740039,6740252,213,CDS
5107,6738199,6738355,156,CDS
5108,6737961,6738127,166,CDS
5109,6732943,6733257,314,CDS
5110,6732238,6732882,644,CDS
5111,6732002,6732184,182,CDS
5112,6731797,6731934,137,CDS
5113,6731551,6731733,182,CDS
5114,6731440,6731490,50,CDS
5115,6730073,6730114,41,CDS
5116,6728591,6729073,482,CDS
5117,6728283,6728320,37,CDS
5118,6740039,6740252,213,CDS
5119,6738199,6738355,156,CDS
5120,6737961,6738127,166,CDS
5121,6732943,6733257,314,CDS
5122,6732238,6732882,644,CDS
5123,6732002,6732184,182,CDS
5124,6731797,6731934,137,CDS
5125,6731551,6731733,182,CDS
5126,6731440,6731490,50,CDS
5127,6730301,6731266,965,CDS
5128,6730073,6730114,41,CDS
5129,6728591,6729073,482,CDS
5130,6728283,6728320,37,CDS
5131,6740039,6740252,213,CDS
5132,6738199,6738355,156,CDS
5133,6737961,6738127,166,CDS
5134,6732943,6733257,314,CDS
5135,6732238,6732882,644,CDS
5136,6732002,6732184,182,CDS
5137,6731797,6731934,137,CDS
5138,6731551,6731733,182,CDS
5139,6731440,6731490,50,CDS
5140,6730301,6731266,965,CDS
5141,6728591,6729073,482,CDS
5142,6728300,6728373,73,CDS
5143,6741103,6741234,131,mobile_element
5144,6741899,6746141,4242,gene
5145,6741899,6742149,250,mRNA
5146,6742705,6742769,64,mRNA
5147,6742841,6742980,139,mRNA
5148,6743037,6743544,507,mRNA
5149,6743593,6744539,946,mRNA
5150,6744599,6744777,178,mRNA
5151,6744838,6745194,356,mRNA
5152,6745253,6746141,888,mRNA
5153,6742744,6742769,25,CDS
5154,6742841,6742980,139,CDS
5155,6743037,6743544,507,CDS
5156,6743593,6744539,946,CDS
5157,6744599,6744777,178,CDS
5158,6744838,6745194,356,CDS
5159,6745253,6745738,485,CDS
5160,6746381,6748954,2573,gene
5161,6746381,6746610,229,mRNA
5162,6746670,6746923,253,mRNA
5163,6747243,6748123,880,mRNA
5164,6748179,6748954,775,mRNA
5165,6746485,6746610,125,CDS
5166,6746670,6746923,253,CDS
5167,6747243,6748123,880,CDS
5168,6748179,6748654,475,CDS
5169,6747064,6747143,79,mobile_element
5170,6749227,6756300,7073,gene
5171,6749227,6749389,162,mRNA
5172,6752632,6752784,152,mRNA
5173,6752843,6752988,145,mRNA
5174,6753227,6753503,276,mRNA
5175,6754702,6754844,142,mRNA
5176,6754899,6754981,82,mRNA
5177,6755045,6755117,72,mRNA
5178,6755185,6756037,852,mRNA
5179,6749227,6749389,162,mRNA
5180,6752632,6752784,152,mRNA
5181,6752843,6752988,145,mRNA
5182,6754180,6754438,258,mRNA
5183,6754702,6754844,142,mRNA
5184,6754899,6754981,82,mRNA
5185,6755045,6755117,72,mRNA
5186,6755185,6756037,852,mRNA
5187,6749227,6749389,162,mRNA
5188,6752632,6752784,152,mRNA
5189,6752843,6752988,145,mRNA
5190,6754180,6754438,258,mRNA
5191,6754705,6754844,139,mRNA
5192,6754899,6754981,82,mRNA
5193,6755045,6755117,72,mRNA
5194,6755185,6756037,852,mRNA
5195,6749516,6749584,68,mRNA
5196,6752632,6752784,152,mRNA
5197,6752843,6752988,145,mRNA
5198,6754180,6754438,258,mRNA
5199,6754702,6754844,142,mRNA
5200,6754899,6754981,82,mRNA
5201,6755045,6755117,72,mRNA
5202,6755185,6756037,852,mRNA
5203,6751644,6751713,69,mRNA
5204,6752632,6752784,152,mRNA
5205,6752843,6752988,145,mRNA
5206,6754180,6754438,258,mRNA
5207,6754702,6754844,142,mRNA
5208,6754899,6754981,82,mRNA
5209,6755045,6755117,72,mRNA
5210,6755185,6756300,1115,mRNA
5211,6752069,6752231,162,mRNA
5212,6752632,6752784,152,mRNA
5213,6752843,6752988,145,mRNA
5214,6754180,6754438,258,mRNA
5215,6754702,6754844,142,mRNA
5216,6754899,6754981,82,mRNA
5217,6755045,6755117,72,mRNA
5218,6755185,6756037,852,mRNA
5219,6752664,6752784,120,CDS
5220,6752843,6752988,145,CDS
5221,6753227,6753503,276,CDS
5222,6754702,6754844,142,CDS
5223,6754899,6754981,82,CDS
5224,6755045,6755117,72,CDS
5225,6755185,6755235,50,CDS
5226,6752664,6752784,120,CDS
5227,6752843,6752988,145,CDS
5228,6754180,6754438,258,CDS
5229,6754702,6754844,142,CDS
5230,6754899,6754981,82,CDS
5231,6755045,6755117,72,CDS
5232,6755185,6755235,50,CDS
5233,6752664,6752784,120,CDS
5234,6752843,6752988,145,CDS
5235,6754180,6754438,258,CDS
5236,6754702,6754844,142,CDS
5237,6754899,6754981,82,CDS
5238,6755045,6755117,72,CDS
5239,6755185,6755235,50,CDS
5240,6752664,6752784,120,CDS
5241,6752843,6752988,145,CDS
5242,6754180,6754438,258,CDS
5243,6754702,6754844,142,CDS
5244,6754899,6754981,82,CDS
5245,6755045,6755117,72,CDS
5246,6755185,6755235,50,CDS
5247,6752664,6752784,120,CDS
5248,6752843,6752988,145,CDS
5249,6754180,6754438,258,CDS
5250,6754702,6754844,142,CDS
5251,6754899,6754981,82,CDS
5252,6755045,6755117,72,CDS
5253,6755185,6755235,50,CDS
5254,6752664,6752784,120,CDS
5255,6752843,6752988,145,CDS
5256,6754180,6754438,258,CDS
5257,6754705,6754844,139,CDS
5258,6754899,6754981,82,CDS
5259,6755045,6755117,72,CDS
5260,6755185,6755235,50,CDS
5261,6756296,6757209,913,gene
5262,6756920,6757209,289,mRNA
5263,6756713,6756857,144,mRNA
5264,6756543,6756636,93,mRNA
5265,6756296,6756481,185,mRNA
5266,6756920,6757039,119,mRNA
5267,6756713,6756857,144,mRNA
5268,6756543,6756636,93,mRNA
5269,6756296,6756481,185,mRNA
5270,6756920,6756967,47,CDS
5271,6756713,6756857,144,CDS
5272,6756543,6756636,93,CDS
5273,6756358,6756481,123,CDS
5274,6756920,6756967,47,CDS
5275,6756713,6756857,144,CDS
5276,6756543,6756636,93,CDS
5277,6756358,6756481,123,CDS
5278,6757601,6758903,1302,gene
5279,6757601,6758903,1302,mRNA
5280,6757836,6758771,935,CDS
5281,6759715,6798941,39226,gene
5282,6798770,6798941,171,mRNA
5283,6796906,6797412,506,mRNA
5284,6792479,6792621,142,mRNA
5285,6792316,6792410,94,mRNA
5286,6773640,6773786,146,mRNA
5287,6769308,6769359,51,mRNA
5288,6768926,6769023,97,mRNA
5289,6768579,6768665,86,mRNA
5290,6768369,6768510,141,mRNA
5291,6768122,6768314,192,mRNA
5292,6767415,6767560,145,mRNA
5293,6767051,6767195,144,mRNA
5294,6765935,6766111,176,mRNA
5295,6765536,6765697,161,mRNA
5296,6764375,6764736,361,mRNA
5297,6764051,6764304,253,mRNA
5298,6763821,6763991,170,mRNA
5299,6763467,6763600,133,mRNA
5300,6762834,6763183,349,mRNA
5301,6759715,6762774,3059,mRNA
5302,6788462,6789023,561,mRNA
5303,6773640,6773786,146,mRNA
5304,6769308,6769359,51,mRNA
5305,6768926,6769023,97,mRNA
5306,6768579,6768665,86,mRNA
5307,6768369,6768510,141,mRNA
5308,6768122,6768314,192,mRNA
5309,6767415,6767560,145,mRNA
5310,6767051,6767195,144,mRNA
5311,6765935,6766111,176,mRNA
5312,6765536,6765697,161,mRNA
5313,6764375,6764736,361,mRNA
5314,6764051,6764304,253,mRNA
5315,6763821,6763991,170,mRNA
5316,6763467,6763600,133,mRNA
5317,6762834,6763183,349,mRNA
5318,6761913,6762774,861,mRNA
5319,6776350,6776910,560,mRNA
5320,6773640,6773786,146,mRNA
5321,6769308,6769359,51,mRNA
5322,6768926,6769023,97,mRNA
5323,6768579,6768665,86,mRNA
5324,6768369,6768510,141,mRNA
5325,6768122,6768314,192,mRNA
5326,6767415,6767560,145,mRNA
5327,6767051,6767195,144,mRNA
5328,6765935,6766111,176,mRNA
5329,6765536,6765697,161,mRNA
5330,6764375,6764736,361,mRNA
5331,6764051,6764304,253,mRNA
5332,6763821,6763991,170,mRNA
5333,6763467,6763600,133,mRNA
5334,6762834,6763183,349,mRNA
5335,6761913,6762774,861,mRNA
5336,6769432,6769758,326,mRNA
5337,6769308,6769359,51,mRNA
5338,6768926,6769023,97,mRNA
5339,6768579,6768665,86,mRNA
5340,6768369,6768510,141,mRNA
5341,6768122,6768314,192,mRNA
5342,6767415,6767560,145,mRNA
5343,6767051,6767195,144,mRNA
5344,6765935,6766111,176,mRNA
5345,6765536,6765697,161,mRNA
5346,6764375,6764736,361,mRNA
5347,6764051,6764304,253,mRNA
5348,6763821,6763991,170,mRNA
5349,6763467,6763600,133,mRNA
5350,6762834,6763183,349,mRNA
5351,6761913,6762774,861,mRNA
5352,6796906,6796940,34,CDS
5353,6792479,6792621,142,CDS
5354,6792316,6792410,94,CDS
5355,6773640,6773786,146,CDS
5356,6769308,6769359,51,CDS
5357,6768926,6769023,97,CDS
5358,6768579,6768665,86,CDS
5359,6768369,6768510,141,CDS
5360,6768122,6768314,192,CDS
5361,6767415,6767560,145,CDS
5362,6767051,6767195,144,CDS
5363,6765935,6766111,176,CDS
5364,6765536,6765697,161,CDS
5365,6764375,6764736,361,CDS
5366,6764051,6764304,253,CDS
5367,6763821,6763991,170,CDS
5368,6763467,6763600,133,CDS
5369,6762834,6763183,349,CDS
5370,6762647,6762774,127,CDS
5371,6776350,6776409,59,CDS
5372,6773640,6773786,146,CDS
5373,6769308,6769359,51,CDS
5374,6768926,6769023,97,CDS
5375,6768579,6768665,86,CDS
5376,6768369,6768510,141,CDS
5377,6768122,6768314,192,CDS
5378,6767415,6767560,145,CDS
5379,6767051,6767195,144,CDS
5380,6765935,6766111,176,CDS
5381,6765536,6765697,161,CDS
5382,6764375,6764736,361,CDS
5383,6764051,6764304,253,CDS
5384,6763821,6763991,170,CDS
5385,6763467,6763600,133,CDS
5386,6762834,6763183,349,CDS
5387,6762647,6762774,127,CDS
5388,6769308,6769344,36,CDS
5389,6768926,6769023,97,CDS
5390,6768579,6768665,86,CDS
5391,6768369,6768510,141,CDS
5392,6768122,6768314,192,CDS
5393,6767415,6767560,145,CDS
5394,6767051,6767195,144,CDS
5395,6765935,6766111,176,CDS
5396,6765536,6765697,161,CDS
5397,6764375,6764736,361,CDS
5398,6764051,6764304,253,CDS
5399,6763821,6763991,170,CDS
5400,6763467,6763600,133,CDS
5401,6762834,6763183,349,CDS
5402,6762647,6762774,127,CDS
5403,6769308,6769344,36,CDS
5404,6768926,6769023,97,CDS
5405,6768579,6768665,86,CDS
5406,6768369,6768510,141,CDS
5407,6768122,6768314,192,CDS
5408,6767415,6767560,145,CDS
5409,6767051,6767195,144,CDS
5410,6765935,6766111,176,CDS
5411,6765536,6765697,161,CDS
5412,6764375,6764736,361,CDS
5413,6764051,6764304,253,CDS
5414,6763821,6763991,170,CDS
5415,6763467,6763600,133,CDS
5416,6762834,6763183,349,CDS
5417,6762647,6762774,127,CDS
5418,6779749,6781491,1742,gene
5419,6780331,6781491,1160,mRNA
5420,6779749,6780261,512,mRNA
5421,6780331,6781432,1101,CDS
5422,6779843,6780261,418,CDS
5423,6799594,6799720,126,mobile_element
5424,6807010,6807064,54,mobile_element
5425,6807626,6809172,1546,gene
5426,6807626,6807817,191,mRNA
5427,6808090,6808526,436,mRNA
5428,6808583,6809172,589,mRNA
5429,6807755,6807817,62,CDS
5430,6808090,6808526,436,CDS
5431,6808583,6808976,393,CDS
5432,6809044,6809766,722,gene
5433,6809570,6809766,196,mRNA
5434,6809424,6809511,87,mRNA
5435,6809044,6809356,312,mRNA
5436,6809570,6809698,128,CDS
5437,6809424,6809511,87,CDS
5438,6809217,6809356,139,CDS
5439,6810011,6810530,519,gene
5440,6810399,6810530,131,mRNA
5441,6810201,6810339,138,mRNA
5442,6810011,6810135,124,mRNA
5443,6810399,6810437,38,CDS
5444,6810201,6810339,138,CDS
5445,6810092,6810135,43,CDS
5446,6811019,6818199,7180,gene
5447,6811019,6811175,156,mRNA
5448,6811902,6812083,181,mRNA
5449,6812781,6813116,335,mRNA
5450,6813173,6813753,580,mRNA
5451,6815060,6816559,1499,mRNA
5452,6816617,6816729,112,mRNA
5453,6816793,6818199,1406,mRNA
5454,6811021,6811175,154,mRNA
5455,6811902,6812083,181,mRNA
5456,6812781,6813116,335,mRNA
5457,6813173,6813753,580,mRNA
5458,6814037,6814812,775,mRNA
5459,6811788,6812083,295,mRNA
5460,6812781,6813116,335,mRNA
5461,6813173,6813753,580,mRNA
5462,6815060,6816559,1499,mRNA
5463,6816617,6816729,112,mRNA
5464,6816793,6818199,1406,mRNA
5465,6811788,6812083,295,mRNA
5466,6812781,6813116,335,mRNA
5467,6813173,6813753,580,mRNA
5468,6814037,6814812,775,mRNA
5469,6811929,6812083,154,CDS
5470,6812781,6813116,335,CDS
5471,6813173,6813753,580,CDS
5472,6815060,6816559,1499,CDS
5473,6816617,6816729,112,CDS
5474,6816793,6817005,212,CDS
5475,6811929,6812083,154,CDS
5476,6812781,6813116,335,CDS
5477,6813173,6813753,580,CDS
5478,6815060,6816559,1499,CDS
5479,6816617,6816729,112,CDS
5480,6816793,6817005,212,CDS
5481,6811929,6812083,154,CDS
5482,6812781,6813116,335,CDS
5483,6813173,6813753,580,CDS
5484,6814037,6814314,277,CDS
5485,6811929,6812083,154,CDS
5486,6812781,6813116,335,CDS
5487,6813173,6813753,580,CDS
5488,6814037,6814314,277,CDS
5489,6812532,6812694,162,mRNA
5490,6812781,6813116,335,mRNA
5491,6813173,6813753,580,mRNA
5492,6815060,6816559,1499,mRNA
5493,6816617,6816729,112,mRNA
5494,6816793,6818199,1406,mRNA
5495,6812532,6812694,162,mRNA
5496,6812781,6813116,335,mRNA
5497,6813173,6813753,580,mRNA
5498,6814037,6814812,775,mRNA
5499,6812878,6813116,238,CDS
5500,6813173,6813753,580,CDS
5501,6815060,6816559,1499,CDS
5502,6816617,6816729,112,CDS
5503,6816793,6817005,212,CDS
5504,6812878,6813116,238,CDS
5505,6813173,6813753,580,CDS
5506,6814037,6814314,277,CDS
5507,6820560,6822596,2036,gene
5508,6821965,6822596,631,ncRNA
5509,6821207,6821292,85,ncRNA
5510,6820560,6821146,586,ncRNA
5511,6824192,6824244,52,mobile_element
5512,6828356,6838360,10004,gene
5513,6828356,6828667,311,mRNA
5514,6829502,6830048,546,mRNA
5515,6832630,6832931,301,mRNA
5516,6833615,6833687,72,mRNA
5517,6833755,6834926,1171,mRNA
5518,6835493,6836069,576,mRNA
5519,6836527,6838360,1833,mRNA
5520,6828356,6828667,311,mRNA
5521,6829561,6830048,487,mRNA
5522,6832630,6832931,301,mRNA
5523,6833615,6833687,72,mRNA
5524,6833755,6834926,1171,mRNA
5525,6835493,6836069,576,mRNA
5526,6836527,6838360,1833,mRNA
5527,6829916,6830048,132,CDS
5528,6832630,6832931,301,CDS
5529,6833615,6833687,72,CDS
5530,6833755,6834926,1171,CDS
5531,6835493,6836069,576,CDS
5532,6836527,6836693,166,CDS
5533,6829916,6830048,132,CDS
5534,6832630,6832931,301,CDS
5535,6833615,6833687,72,CDS
5536,6833755,6834926,1171,CDS
5537,6835493,6836069,576,CDS
5538,6836527,6836693,166,CDS
5539,6831296,6831793,497,gene
5540,6831551,6831793,242,mRNA
5541,6831296,6831496,200,mRNA
5542,6831551,6831762,211,CDS
5543,6831394,6831496,102,CDS
5544,6835533,6835635,102,gene
5545,6835533,6835635,102,precursor_RNA
5546,6835553,6835572,19,ncRNA
5547,6835593,6835614,21,ncRNA
5548,6838074,6839055,981,gene
5549,6838074,6839055,981,mRNA
5550,6838502,6838944,442,mRNA
5551,6838590,6838802,212,CDS
5552,6838590,6838802,212,CDS
5553,6841545,6842094,549,gene
5554,6841545,6842094,549,ncRNA
5555,6862001,6872718,10717,gene
5556,6872534,6872718,184,mRNA
5557,6866687,6866941,254,mRNA
5558,6865108,6865374,266,mRNA
5559,6864636,6865049,413,mRNA
5560,6864278,6864571,293,mRNA
5561,6863348,6863533,185,mRNA
5562,6862001,6863289,1288,mRNA
5563,6867482,6867524,42,mRNA
5564,6866687,6866941,254,mRNA
5565,6865108,6865374,266,mRNA
5566,6864636,6865049,413,mRNA
5567,6864278,6864571,293,mRNA
5568,6863348,6863554,206,mRNA
5569,6862001,6863289,1288,mRNA
5570,6867073,6867140,67,mRNA
5571,6866687,6866941,254,mRNA
5572,6865108,6865374,266,mRNA
5573,6864636,6865049,413,mRNA
5574,6864278,6864571,293,mRNA
5575,6863348,6863554,206,mRNA
5576,6862001,6863289,1288,mRNA
5577,6866997,6867081,84,mRNA
5578,6866687,6866941,254,mRNA
5579,6865108,6865374,266,mRNA
5580,6864636,6865049,413,mRNA
5581,6864278,6864571,293,mRNA
5582,6863348,6863533,185,mRNA
5583,6862001,6863289,1288,mRNA
5584,6872555,6872718,163,mRNA
5585,6866687,6866941,254,mRNA
5586,6865108,6865374,266,mRNA
5587,6864636,6865049,413,mRNA
5588,6864278,6864571,293,mRNA
5589,6863348,6863533,185,mRNA
5590,6862260,6863289,1029,mRNA
5591,6872534,6872718,184,mRNA
5592,6866687,6866941,254,mRNA
5593,6865867,6865884,17,mRNA
5594,6865108,6865374,266,mRNA
5595,6864636,6865049,413,mRNA
5596,6864278,6864571,293,mRNA
5597,6863348,6863533,185,mRNA
5598,6862260,6863289,1029,mRNA
5599,6867567,6867795,228,mRNA
5600,6866687,6866941,254,mRNA
5601,6865108,6865374,266,mRNA
5602,6864636,6865049,413,mRNA
5603,6864278,6864571,293,mRNA
5604,6863348,6863554,206,mRNA
5605,6862260,6863289,1029,mRNA
5606,6866687,6866884,197,CDS
5607,6865108,6865374,266,CDS
5608,6864636,6865049,413,CDS
5609,6864278,6864571,293,CDS
5610,6863348,6863533,185,CDS
5611,6863062,6863289,227,CDS
5612,6866687,6866884,197,CDS
5613,6865108,6865374,266,CDS
5614,6864636,6865049,413,CDS
5615,6864278,6864571,293,CDS
5616,6863348,6863533,185,CDS
5617,6863062,6863289,227,CDS
5618,6866687,6866884,197,CDS
5619,6865108,6865374,266,CDS
5620,6864636,6865049,413,CDS
5621,6864278,6864571,293,CDS
5622,6863348,6863533,185,CDS
5623,6863062,6863289,227,CDS
5624,6866687,6866884,197,CDS
5625,6865108,6865374,266,CDS
5626,6864636,6865049,413,CDS
5627,6864278,6864571,293,CDS
5628,6863348,6863554,206,CDS
5629,6863062,6863289,227,CDS
5630,6866687,6866884,197,CDS
5631,6865108,6865374,266,CDS
5632,6864636,6865049,413,CDS
5633,6864278,6864571,293,CDS
5634,6863348,6863554,206,CDS
5635,6863062,6863289,227,CDS
5636,6866687,6866884,197,CDS
5637,6865108,6865374,266,CDS
5638,6864636,6865049,413,CDS
5639,6864278,6864571,293,CDS
5640,6863348,6863554,206,CDS
5641,6863062,6863289,227,CDS
5642,6866687,6866884,197,CDS
5643,6865867,6865884,17,CDS
5644,6865108,6865374,266,CDS
5645,6864636,6865049,413,CDS
5646,6864278,6864571,293,CDS
5647,6863348,6863533,185,CDS
5648,6863062,6863289,227,CDS
5649,6872996,6875819,2823,gene
5650,6875689,6875819,130,mRNA
5651,6875175,6875630,455,mRNA
5652,6874905,6875045,140,mRNA
5653,6874303,6874844,541,mRNA
5654,6874140,6874219,79,mRNA
5655,6873974,6874087,113,mRNA
5656,6873576,6873916,340,mRNA
5657,6873380,6873522,142,mRNA
5658,6873183,6873297,114,mRNA
5659,6872996,6873130,134,mRNA
5660,6875175,6875613,438,CDS
5661,6874905,6875045,140,CDS
5662,6874303,6874844,541,CDS
5663,6874140,6874219,79,CDS
5664,6873974,6874087,113,CDS
5665,6873576,6873916,340,CDS
5666,6873380,6873522,142,CDS
5667,6873183,6873297,114,CDS
5668,6873075,6873130,55,CDS
5669,6873149,6880088,6939,gene
5670,6873149,6873265,116,ncRNA
5671,6875982,6876197,215,ncRNA
5672,6876273,6876371,98,ncRNA
5673,6879658,6879807,149,ncRNA
5674,6879859,6880088,229,ncRNA
5675,6875438,6875550,112,ncRNA
5676,6875982,6876197,215,ncRNA
5677,6876273,6876371,98,ncRNA
5678,6879658,6879807,149,ncRNA
5679,6879859,6880088,229,ncRNA
5680,6875906,6878927,3021,gene
5681,6878845,6878927,82,mRNA
5682,6877427,6878358,931,mRNA
5683,6877221,6877362,141,mRNA
5684,6875906,6876118,212,mRNA
5685,6878439,6878641,202,mRNA
5686,6877427,6878358,931,mRNA
5687,6877221,6877362,141,mRNA
5688,6875906,6876118,212,mRNA
5689,6878845,6878869,24,CDS
5690,6877427,6878358,931,CDS
5691,6877221,6877362,141,CDS
5692,6875997,6876118,121,CDS
5693,6877427,6878287,860,CDS
5694,6877221,6877362,141,CDS
5695,6875997,6876118,121,CDS
5696,6878845,6878927,82,mRNA
5697,6877427,6878358,931,mRNA
5698,6877221,6877362,141,mRNA
5699,6876153,6876526,373,mRNA
5700,6878845,6878927,82,mRNA
5701,6877427,6878358,931,mRNA
5702,6877221,6877362,141,mRNA
5703,6876596,6876733,137,mRNA
5704,6876153,6876526,373,mRNA
5705,6878845,6878927,82,mRNA
5706,6877427,6878358,931,mRNA
5707,6877221,6877362,141,mRNA
5708,6876527,6876733,206,mRNA
5709,6876153,6876431,278,mRNA
5710,6877427,6878927,1500,mRNA
5711,6877221,6877362,141,mRNA
5712,6876596,6876733,137,mRNA
5713,6876153,6876526,373,mRNA
5714,6878439,6878641,202,mRNA
5715,6877427,6878358,931,mRNA
5716,6877221,6877362,141,mRNA
5717,6876153,6876526,373,mRNA
5718,6878439,6878641,202,mRNA
5719,6877427,6878358,931,mRNA
5720,6877221,6877362,141,mRNA
5721,6876596,6876733,137,mRNA
5722,6876153,6876526,373,mRNA
5723,6878439,6878641,202,mRNA
5724,6877427,6878358,931,mRNA
5725,6877221,6877362,141,mRNA
5726,6876527,6876733,206,mRNA
5727,6876153,6876431,278,mRNA
5728,6878845,6878869,24,CDS
5729,6877427,6878358,931,CDS
5730,6877221,6877362,141,CDS
5731,6876390,6876526,136,CDS
5732,6877427,6878287,860,CDS
5733,6877221,6877362,141,CDS
5734,6876390,6876526,136,CDS
5735,6878845,6878869,24,CDS
5736,6877427,6878358,931,CDS
5737,6877221,6877362,141,CDS
5738,6876597,6876733,136,CDS
5739,6878845,6878869,24,CDS
5740,6877427,6878358,931,CDS
5741,6877221,6877362,141,CDS
5742,6876597,6876733,136,CDS
5743,6877427,6878287,860,CDS
5744,6877221,6877362,141,CDS
5745,6876597,6876733,136,CDS
5746,6877427,6878287,860,CDS
5747,6877221,6877362,141,CDS
5748,6876597,6876733,136,CDS
5749,6877427,6878287,860,CDS
5750,6877221,6877362,141,CDS
5751,6876597,6876733,136,CDS
5752,6878845,6878927,82,mRNA
5753,6877427,6878358,931,mRNA
5754,6877221,6877362,141,mRNA
5755,6876895,6877122,227,mRNA
5756,6878439,6878641,202,mRNA
5757,6877427,6878358,931,mRNA
5758,6877221,6877362,141,mRNA
5759,6876895,6877122,227,mRNA
5760,6878845,6878869,24,CDS
5761,6877427,6878358,931,CDS
5762,6877221,6877362,141,CDS
5763,6876947,6877122,175,CDS
5764,6877427,6878287,860,CDS
5765,6877221,6877362,141,CDS
5766,6876947,6877122,175,CDS
5767,6879285,6880770,1485,gene
5768,6879864,6880770,906,mRNA
5769,6879664,6879805,141,mRNA
5770,6879285,6879490,205,mRNA
5771,6879285,6880770,1485,mRNA
5772,6879864,6880715,851,CDS
5773,6879664,6879805,141,CDS
5774,6879318,6879490,172,CDS
5775,6879855,6880715,860,CDS
5776,6880995,6883407,2412,gene
5777,6880995,6881077,82,mRNA
5778,6881757,6882638,881,mRNA
5779,6882709,6882850,141,mRNA
5780,6882920,6883407,487,mRNA
5781,6881648,6882638,990,mRNA
5782,6882709,6882850,141,mRNA
5783,6882920,6883407,487,mRNA
5784,6881763,6882638,875,CDS
5785,6882709,6882850,141,CDS
5786,6882920,6883113,193,CDS
5787,6881763,6882638,875,CDS
5788,6882709,6882850,141,CDS
5789,6882920,6883113,193,CDS
5790,6883280,6884873,1593,gene
5791,6883280,6883342,62,mRNA
5792,6883614,6884458,844,mRNA
5793,6884517,6884658,141,mRNA
5794,6884729,6884873,144,mRNA
5795,6883330,6883342,12,CDS
5796,6883614,6884458,844,CDS
5797,6884517,6884658,141,CDS
5798,6884729,6884847,118,CDS
5799,6885552,6888262,2710,gene
5800,6885552,6885659,107,mRNA
5801,6886514,6887448,934,mRNA
5802,6887855,6887996,141,mRNA
5803,6888061,6888262,201,mRNA
5804,6886393,6886424,31,mRNA
5805,6886514,6887448,934,mRNA
5806,6887855,6887996,141,mRNA
5807,6888061,6888262,201,mRNA
5808,6886418,6886424,6,CDS
5809,6886514,6887448,934,CDS
5810,6887855,6887996,141,CDS
5811,6888061,6888191,130,CDS
5812,6886561,6887448,887,CDS
5813,6887855,6887996,141,CDS
5814,6888061,6888191,130,CDS
5815,6891760,6922613,30853,gene
5816,6891760,6891923,163,mRNA
5817,6891980,6892026,46,mRNA
5818,6905863,6906360,497,mRNA
5819,6909933,6910100,167,mRNA
5820,6910752,6910861,109,mRNA
5821,6914633,6914823,190,mRNA
5822,6920035,6920167,132,mRNA
5823,6920268,6922613,2345,mRNA
5824,6906196,6906360,164,CDS
5825,6909933,6910100,167,CDS
5826,6910752,6910861,109,CDS
5827,6914633,6914823,190,CDS
5828,6920035,6920167,132,CDS
5829,6920268,6920343,75,CDS
5830,6915191,6915501,310,mobile_element
5831,6923366,6924929,1563,gene
5832,6923366,6923417,51,mRNA
5833,6923480,6923659,179,mRNA
5834,6923880,6924486,606,mRNA
5835,6924553,6924929,376,mRNA
5836,6923366,6923417,51,mRNA
5837,6923480,6923659,179,mRNA
5838,6923880,6924486,606,mRNA
5839,6924553,6924681,128,mRNA
5840,6923446,6923659,213,mRNA
5841,6923880,6924486,606,mRNA
5842,6924553,6924681,128,mRNA
5843,6923506,6923659,153,CDS
5844,6923880,6924486,606,CDS
5845,6924553,6924667,114,CDS
5846,6923506,6923659,153,CDS
5847,6923880,6924486,606,CDS
5848,6924553,6924667,114,CDS
5849,6923506,6923659,153,CDS
5850,6923880,6924486,606,CDS
5851,6924553,6924667,114,CDS
5852,6924687,6971637,46950,gene
5853,6970893,6971637,744,mRNA
5854,6962880,6963095,215,mRNA
5855,6939282,6939343,61,mRNA
5856,6938385,6938458,73,mRNA
5857,6935741,6936195,454,mRNA
5858,6935423,6935680,257,mRNA
5859,6935215,6935295,80,mRNA
5860,6934806,6935108,302,mRNA
5861,6934066,6934180,114,mRNA
5862,6933124,6933441,317,mRNA
5863,6931063,6932697,1634,mRNA
5864,6930249,6930370,121,mRNA
5865,6929850,6930098,248,mRNA
5866,6929073,6929273,200,mRNA
5867,6928509,6928836,327,mRNA
5868,6927390,6928262,872,mRNA
5869,6926670,6926821,151,mRNA
5870,6926473,6926591,118,mRNA
5871,6924687,6926298,1611,mRNA
5872,6970893,6971637,744,mRNA
5873,6962880,6963095,215,mRNA
5874,6939282,6939343,61,mRNA
5875,6938385,6938458,73,mRNA
5876,6935741,6936195,454,mRNA
5877,6935423,6935680,257,mRNA
5878,6934806,6935108,302,mRNA
5879,6934066,6934180,114,mRNA
5880,6933124,6933927,803,mRNA
5881,6931063,6932643,1580,mRNA
5882,6930249,6930370,121,mRNA
5883,6929823,6930098,275,mRNA
5884,6929073,6929273,200,mRNA
5885,6927390,6928836,1446,mRNA
5886,6926670,6926821,151,mRNA
5887,6925702,6926298,596,mRNA
5888,6970893,6971637,744,mRNA
5889,6962880,6963095,215,mRNA
5890,6939282,6939343,61,mRNA
5891,6938385,6938458,73,mRNA
5892,6935741,6936195,454,mRNA
5893,6935423,6935680,257,mRNA
5894,6934806,6935108,302,mRNA
5895,6934066,6934180,114,mRNA
5896,6933124,6933927,803,mRNA
5897,6931063,6932697,1634,mRNA
5898,6930249,6930370,121,mRNA
5899,6929823,6930098,275,mRNA
5900,6929073,6929273,200,mRNA
5901,6927390,6928836,1446,mRNA
5902,6926670,6926821,151,mRNA
5903,6925702,6926298,596,mRNA
5904,6970893,6971637,744,mRNA
5905,6962880,6963095,215,mRNA
5906,6939282,6939343,61,mRNA
5907,6938385,6938458,73,mRNA
5908,6935741,6936195,454,mRNA
5909,6935423,6935680,257,mRNA
5910,6934806,6935108,302,mRNA
5911,6934066,6934180,114,mRNA
5912,6933124,6933927,803,mRNA
5913,6930249,6930370,121,mRNA
5914,6928509,6928836,327,mRNA
5915,6926670,6926821,151,mRNA
5916,6926019,6926298,279,mRNA
5917,6970893,6971637,744,mRNA
5918,6962880,6963095,215,mRNA
5919,6939282,6939343,61,mRNA
5920,6938385,6938458,73,mRNA
5921,6935741,6936195,454,mRNA
5922,6935423,6935680,257,mRNA
5923,6934806,6935108,302,mRNA
5924,6934066,6934180,114,mRNA
5925,6933124,6933927,803,mRNA
5926,6931063,6932697,1634,mRNA
5927,6930249,6930370,121,mRNA
5928,6929823,6930098,275,mRNA
5929,6929073,6929273,200,mRNA
5930,6928509,6928836,327,mRNA
5931,6926670,6926821,151,mRNA
5932,6926019,6926298,279,mRNA
5933,6970893,6971637,744,mRNA
5934,6962880,6963095,215,mRNA
5935,6939282,6939343,61,mRNA
5936,6938385,6938458,73,mRNA
5937,6935741,6936195,454,mRNA
5938,6935423,6935680,257,mRNA
5939,6934806,6935108,302,mRNA
5940,6934066,6934180,114,mRNA
5941,6933124,6933927,803,mRNA
5942,6931063,6932697,1634,mRNA
5943,6930249,6930370,121,mRNA
5944,6929823,6930098,275,mRNA
5945,6929073,6929273,200,mRNA
5946,6927390,6928836,1446,mRNA
5947,6926670,6926821,151,mRNA
5948,6926473,6926591,118,mRNA
5949,6926019,6926298,279,mRNA
5950,6970893,6971637,744,mRNA
5951,6962880,6963095,215,mRNA
5952,6939282,6939343,61,mRNA
5953,6938385,6938458,73,mRNA
5954,6935741,6936195,454,mRNA
5955,6935423,6935680,257,mRNA
5956,6935215,6935295,80,mRNA
5957,6934806,6935108,302,mRNA
5958,6934066,6934180,114,mRNA
5959,6930249,6930370,121,mRNA
5960,6929823,6930098,275,mRNA
5961,6929073,6929273,200,mRNA
5962,6928509,6928836,327,mRNA
5963,6926019,6926298,279,mRNA
5964,6970893,6971637,744,mRNA
5965,6962880,6963095,215,mRNA
5966,6939282,6939343,61,mRNA
5967,6938385,6938458,73,mRNA
5968,6935741,6936195,454,mRNA
5969,6935423,6935680,257,mRNA
5970,6935215,6935295,80,mRNA
5971,6934806,6935108,302,mRNA
5972,6934066,6934180,114,mRNA
5973,6931843,6932697,854,mRNA
5974,6930249,6930370,121,mRNA
5975,6929955,6930098,143,mRNA
5976,6929073,6929273,200,mRNA
5977,6928509,6928836,327,mRNA
5978,6927390,6928151,761,mRNA
5979,6926019,6926298,279,mRNA
5980,6970893,6971637,744,mRNA
5981,6962880,6963095,215,mRNA
5982,6939282,6939343,61,mRNA
5983,6938385,6938458,73,mRNA
5984,6935741,6936195,454,mRNA
5985,6935423,6935680,257,mRNA
5986,6935215,6935295,80,mRNA
5987,6934806,6935108,302,mRNA
5988,6934066,6934180,114,mRNA
5989,6933124,6933927,803,mRNA
5990,6930249,6930370,121,mRNA
5991,6928509,6928836,327,mRNA
5992,6926670,6926821,151,mRNA
5993,6926019,6926298,279,mRNA
5994,6970893,6971637,744,mRNA
5995,6962880,6963095,215,mRNA
5996,6939282,6939343,61,mRNA
5997,6938385,6938458,73,mRNA
5998,6935741,6936195,454,mRNA
5999,6935423,6935680,257,mRNA
6000,6935215,6935295,80,mRNA
6001,6934806,6935108,302,mRNA
6002,6934066,6934180,114,mRNA
6003,6933124,6933927,803,mRNA
6004,6930249,6930370,121,mRNA
6005,6929823,6930098,275,mRNA
6006,6929073,6929273,200,mRNA
6007,6928509,6928836,327,mRNA
6008,6926670,6926821,151,mRNA
6009,6926019,6926298,279,mRNA
6010,6970893,6971637,744,mRNA
6011,6962880,6963095,215,mRNA
6012,6939282,6939343,61,mRNA
6013,6938385,6938458,73,mRNA
6014,6935741,6936195,454,mRNA
6015,6935423,6935680,257,mRNA
6016,6935215,6935295,80,mRNA
6017,6934806,6935108,302,mRNA
6018,6934066,6934180,114,mRNA
6019,6933124,6933927,803,mRNA
6020,6931063,6932697,1634,mRNA
6021,6930249,6930370,121,mRNA
6022,6926019,6926298,279,mRNA
6023,6970893,6971637,744,mRNA
6024,6962880,6963095,215,mRNA
6025,6939282,6939343,61,mRNA
6026,6938385,6938458,73,mRNA
6027,6935741,6936195,454,mRNA
6028,6935423,6935680,257,mRNA
6029,6935215,6935295,80,mRNA
6030,6934806,6935108,302,mRNA
6031,6934066,6934180,114,mRNA
6032,6933124,6933927,803,mRNA
6033,6931063,6932697,1634,mRNA
6034,6930249,6930370,121,mRNA
6035,6929823,6930098,275,mRNA
6036,6928509,6928836,327,mRNA
6037,6927390,6928148,758,mRNA
6038,6926670,6926821,151,mRNA
6039,6926473,6926591,118,mRNA
6040,6926019,6926298,279,mRNA
6041,6970893,6971637,744,mRNA
6042,6962880,6963095,215,mRNA
6043,6939282,6939343,61,mRNA
6044,6938385,6938458,73,mRNA
6045,6935741,6936195,454,mRNA
6046,6935423,6935680,257,mRNA
6047,6935215,6935295,80,mRNA
6048,6934806,6935108,302,mRNA
6049,6934066,6934180,114,mRNA
6050,6933124,6933927,803,mRNA
6051,6931063,6932697,1634,mRNA
6052,6930249,6930370,121,mRNA
6053,6929823,6930098,275,mRNA
6054,6929073,6929273,200,mRNA
6055,6928509,6928836,327,mRNA
6056,6927390,6928148,758,mRNA
6057,6926670,6926821,151,mRNA
6058,6926019,6926298,279,mRNA
6059,6962880,6962951,71,CDS
6060,6939282,6939343,61,CDS
6061,6938385,6938458,73,CDS
6062,6935741,6936195,454,CDS
6063,6935423,6935680,257,CDS
6064,6934806,6935108,302,CDS
6065,6934066,6934180,114,CDS
6066,6933124,6933927,803,CDS
6067,6930249,6930370,121,CDS
6068,6928509,6928836,327,CDS
6069,6926670,6926821,151,CDS
6070,6926191,6926298,107,CDS
6071,6962880,6962951,71,CDS
6072,6939282,6939343,61,CDS
6073,6938385,6938458,73,CDS
6074,6935741,6936195,454,CDS
6075,6935423,6935680,257,CDS
6076,6934806,6935108,302,CDS
6077,6934066,6934180,114,CDS
6078,6933124,6933927,803,CDS
6079,6931063,6932643,1580,CDS
6080,6930249,6930370,121,CDS
6081,6929823,6930098,275,CDS
6082,6929073,6929273,200,CDS
6083,6927390,6928836,1446,CDS
6084,6926670,6926821,151,CDS
6085,6926191,6926298,107,CDS
6086,6962880,6962951,71,CDS
6087,6939282,6939343,61,CDS
6088,6938385,6938458,73,CDS
6089,6935741,6936195,454,CDS
6090,6935423,6935680,257,CDS
6091,6934806,6935108,302,CDS
6092,6934066,6934180,114,CDS
6093,6933124,6933927,803,CDS
6094,6931063,6932697,1634,CDS
6095,6930249,6930370,121,CDS
6096,6929823,6930098,275,CDS
6097,6929073,6929273,200,CDS
6098,6928509,6928836,327,CDS
6099,6926670,6926821,151,CDS
6100,6926191,6926298,107,CDS
6101,6962880,6962951,71,CDS
6102,6939282,6939343,61,CDS
6103,6938385,6938458,73,CDS
6104,6935741,6936195,454,CDS
6105,6935423,6935680,257,CDS
6106,6934806,6935108,302,CDS
6107,6934066,6934180,114,CDS
6108,6933124,6933927,803,CDS
6109,6931063,6932697,1634,CDS
6110,6930249,6930370,121,CDS
6111,6929823,6930098,275,CDS
6112,6929073,6929273,200,CDS
6113,6927390,6928836,1446,CDS
6114,6926670,6926821,151,CDS
6115,6926191,6926298,107,CDS
6116,6962880,6962951,71,CDS
6117,6939282,6939343,61,CDS
6118,6938385,6938458,73,CDS
6119,6935741,6936195,454,CDS
6120,6935423,6935680,257,CDS
6121,6935215,6935295,80,CDS
6122,6934806,6935108,302,CDS
6123,6934066,6934180,114,CDS
6124,6933124,6933927,803,CDS
6125,6930249,6930370,121,CDS
6126,6928509,6928836,327,CDS
6127,6926670,6926821,151,CDS
6128,6926191,6926298,107,CDS
6129,6962880,6962951,71,CDS
6130,6939282,6939343,61,CDS
6131,6938385,6938458,73,CDS
6132,6935741,6936195,454,CDS
6133,6935423,6935680,257,CDS
6134,6935215,6935295,80,CDS
6135,6934806,6935108,302,CDS
6136,6934066,6934180,114,CDS
6137,6933124,6933927,803,CDS
6138,6930249,6930370,121,CDS
6139,6929823,6930098,275,CDS
6140,6929073,6929273,200,CDS
6141,6928509,6928836,327,CDS
6142,6926670,6926821,151,CDS
6143,6926191,6926298,107,CDS
6144,6962880,6962951,71,CDS
6145,6939282,6939343,61,CDS
6146,6938385,6938458,73,CDS
6147,6935741,6936195,454,CDS
6148,6935423,6935680,257,CDS
6149,6935215,6935295,80,CDS
6150,6934806,6935108,302,CDS
6151,6934066,6934180,114,CDS
6152,6933124,6933927,803,CDS
6153,6931063,6932697,1634,CDS
6154,6930249,6930370,121,CDS
6155,6926191,6926298,107,CDS
6156,6962880,6962951,71,CDS
6157,6939282,6939343,61,CDS
6158,6938385,6938458,73,CDS
6159,6935741,6936195,454,CDS
6160,6935423,6935680,257,CDS
6161,6935215,6935295,80,CDS
6162,6934806,6935108,302,CDS
6163,6934066,6934180,114,CDS
6164,6933124,6933927,803,CDS
6165,6931063,6932697,1634,CDS
6166,6930249,6930370,121,CDS
6167,6929823,6930098,275,CDS
6168,6929073,6929273,200,CDS
6169,6928509,6928836,327,CDS
6170,6927390,6928148,758,CDS
6171,6926670,6926821,151,CDS
6172,6926191,6926298,107,CDS
6173,6962880,6962951,71,CDS
6174,6939282,6939343,61,CDS
6175,6938385,6938458,73,CDS
6176,6935741,6936195,454,CDS
6177,6935423,6935680,257,CDS
6178,6935215,6935295,80,CDS
6179,6934806,6935108,302,CDS
6180,6934066,6934180,114,CDS
6181,6930249,6930370,121,CDS
6182,6929823,6930098,275,CDS
6183,6929073,6929273,200,CDS
6184,6928509,6928836,327,CDS
6185,6926231,6926298,67,CDS
6186,6962880,6962951,71,CDS
6187,6939282,6939343,61,CDS
6188,6938385,6938458,73,CDS
6189,6935741,6936195,454,CDS
6190,6935423,6935680,257,CDS
6191,6935215,6935295,80,CDS
6192,6934806,6935108,302,CDS
6193,6934066,6934180,114,CDS
6194,6931843,6932697,854,CDS
6195,6930249,6930370,121,CDS
6196,6929955,6930098,143,CDS
6197,6929073,6929273,200,CDS
6198,6928509,6928836,327,CDS
6199,6927390,6928151,761,CDS
6200,6926231,6926298,67,CDS
6201,6962880,6962951,71,CDS
6202,6939282,6939343,61,CDS
6203,6938385,6938458,73,CDS
6204,6935741,6936195,454,CDS
6205,6935423,6935680,257,CDS
6206,6934806,6935108,302,CDS
6207,6934066,6934180,114,CDS
6208,6933124,6933927,803,CDS
6209,6931063,6932697,1634,CDS
6210,6930249,6930370,121,CDS
6211,6929823,6930098,275,CDS
6212,6929073,6929273,200,CDS
6213,6927390,6928836,1446,CDS
6214,6926670,6926821,151,CDS
6215,6926481,6926591,110,CDS
6216,6962880,6962951,71,CDS
6217,6939282,6939343,61,CDS
6218,6938385,6938458,73,CDS
6219,6935741,6936195,454,CDS
6220,6935423,6935680,257,CDS
6221,6935215,6935295,80,CDS
6222,6934806,6935108,302,CDS
6223,6934066,6934180,114,CDS
6224,6933124,6933441,317,CDS
6225,6931063,6932697,1634,CDS
6226,6930249,6930370,121,CDS
6227,6929850,6930098,248,CDS
6228,6929073,6929273,200,CDS
6229,6928509,6928836,327,CDS
6230,6927390,6928262,872,CDS
6231,6926670,6926821,151,CDS
6232,6926481,6926591,110,CDS
6233,6962880,6962951,71,CDS
6234,6939282,6939343,61,CDS
6235,6938385,6938458,73,CDS
6236,6935741,6936195,454,CDS
6237,6935423,6935680,257,CDS
6238,6935215,6935295,80,CDS
6239,6934806,6935108,302,CDS
6240,6934066,6934180,114,CDS
6241,6933124,6933927,803,CDS
6242,6931063,6932697,1634,CDS
6243,6930249,6930370,121,CDS
6244,6929823,6930098,275,CDS
6245,6928509,6928836,327,CDS
6246,6927390,6928148,758,CDS
6247,6926670,6926821,151,CDS
6248,6926481,6926591,110,CDS
6249,6943096,6943995,899,gene
6250,6943750,6943995,245,mRNA
6251,6943507,6943683,176,mRNA
6252,6943096,6943346,250,mRNA
6253,6943750,6943986,236,CDS
6254,6943507,6943683,176,CDS
6255,6943170,6943346,176,CDS
6256,6944614,6971637,27023,gene
6257,6970893,6971637,744,mRNA
6258,6962880,6963095,215,mRNA
6259,6945174,6945427,253,mRNA
6260,6944941,6945117,176,mRNA
6261,6944614,6944870,256,mRNA
6262,6945174,6945410,236,CDS
6263,6944941,6945117,176,CDS
6264,6944694,6944870,176,CDS
6265,6946808,6946880,72,gene
6266,6946808,6946880,72,tRNA
6267,6947121,6947314,193,mobile_element
6268,6947738,6947810,72,gene
6269,6947738,6947810,72,tRNA
6270,6948284,6948356,72,gene
6271,6948284,6948356,72,tRNA
6272,6948454,6948972,518,mobile_element
6273,6949133,6949205,72,gene
6274,6949133,6949205,72,tRNA
6275,6949482,6950284,802,gene
6276,6949482,6949753,271,mRNA
6277,6949804,6949980,176,mRNA
6278,6950041,6950284,243,mRNA
6279,6949505,6949753,248,CDS
6280,6949804,6949980,176,CDS
6281,6950041,6950211,170,CDS
6282,6950385,6952158,1773,gene
6283,6950385,6950704,319,mRNA
6284,6950764,6951045,281,mRNA
6285,6951212,6951311,99,mRNA
6286,6951371,6951562,191,mRNA
6287,6951626,6951850,224,mRNA
6288,6951916,6952158,242,mRNA
6289,6950391,6950704,313,CDS
6290,6950764,6951045,281,CDS
6291,6951212,6951311,99,CDS
6292,6951371,6951562,191,CDS
6293,6951626,6951850,224,CDS
6294,6951916,6952158,242,CDS
6295,6952219,6959743,7524,mobile_element
6296,6971996,6975026,3030,gene
6297,6974947,6975026,79,mRNA
6298,6972788,6974000,1212,mRNA
6299,6971996,6972729,733,mRNA
6300,6974947,6975026,79,mRNA
6301,6972788,6974000,1212,mRNA
6302,6972112,6972729,617,mRNA
6303,6972788,6973929,1141,mRNA
6304,6972112,6972729,617,mRNA
6305,6972788,6973829,1041,CDS
6306,6972305,6972729,424,CDS
6307,6972788,6973829,1041,CDS
6308,6972305,6972729,424,CDS
6309,6972788,6973829,1041,CDS
6310,6972305,6972729,424,CDS
6311,6974038,6975133,1095,gene
6312,6974291,6975133,842,mRNA
6313,6974038,6974228,190,mRNA
6314,6974291,6975026,735,mRNA
6315,6974038,6974228,190,mRNA
6316,6974291,6974869,578,CDS
6317,6974103,6974228,125,CDS
6318,6974291,6974869,578,CDS
6319,6974103,6974228,125,CDS
6320,6975285,6985712,10427,gene
6321,6985412,6985712,300,mRNA
6322,6977692,6978597,905,mRNA
6323,6977216,6977602,386,mRNA
6324,6975285,6977157,1872,mRNA
6325,6985412,6985712,300,mRNA
6326,6977692,6978600,908,mRNA
6327,6977216,6977602,386,mRNA
6328,6975285,6977157,1872,mRNA
6329,6985412,6985418,6,CDS
6330,6977692,6978597,905,CDS
6331,6977216,6977602,386,CDS
6332,6976553,6977157,604,CDS
6333,6985412,6985418,6,CDS
6334,6977692,6978600,908,CDS
6335,6977216,6977602,386,CDS
6336,6976553,6977157,604,CDS
6337,6979496,6980195,699,gene
6338,6979496,6980195,699,ncRNA
6339,6980395,6981195,800,gene
6340,6980395,6981195,800,ncRNA
6341,6981446,6985712,4266,gene
6342,6985412,6985712,300,mRNA
6343,6981969,6982749,780,mRNA
6344,6981743,6981909,166,mRNA
6345,6981446,6981685,239,mRNA
6346,6981969,6982986,1017,mRNA
6347,6981743,6981909,166,mRNA
6348,6981446,6981685,239,mRNA
6349,6981969,6982708,739,CDS
6350,6981743,6981909,166,CDS
6351,6981516,6981685,169,CDS
6352,6981969,6982708,739,CDS
6353,6981743,6981909,166,CDS
6354,6981516,6981685,169,CDS
6355,6986043,6988922,2879,gene
6356,6986043,6986776,733,mRNA
6357,6986834,6986933,99,mRNA
6358,6987638,6987688,50,mRNA
6359,6987781,6988265,484,mRNA
6360,6988571,6988922,351,mRNA
6361,6986043,6986776,733,mRNA
6362,6986834,6986933,99,mRNA
6363,6987638,6987688,50,mRNA
6364,6987781,6988265,484,mRNA
6365,6988583,6988922,339,mRNA
6366,6986043,6986776,733,mRNA
6367,6986834,6986933,99,mRNA
6368,6987781,6988265,484,mRNA
6369,6988571,6988922,351,mRNA
6370,6986345,6986776,431,CDS
6371,6986834,6986933,99,CDS
6372,6987638,6987688,50,CDS
6373,6987781,6988265,484,CDS
6374,6988571,6988768,197,CDS
6375,6986345,6986776,431,CDS
6376,6986834,6986933,99,CDS
6377,6987638,6987688,50,CDS
6378,6987781,6988265,484,CDS
6379,6988583,6988768,185,CDS
6380,6986345,6986776,431,CDS
6381,6986834,6986933,99,CDS
6382,6987781,6988265,484,CDS
6383,6988571,6988768,197,CDS
6384,6989128,6990760,1632,mobile_element
6385,6992676,7004259,11583,gene
6386,6992676,6992777,101,mRNA
6387,6994373,6994484,111,mRNA
6388,7002965,7003156,191,mRNA
6389,7003220,7003381,161,mRNA
6390,7003448,7003642,194,mRNA
6391,7003905,7004259,354,mRNA
6392,6992681,6992777,96,mRNA
6393,6994373,6994484,111,mRNA
6394,6996676,6996867,191,mRNA
6395,6996931,6997092,161,mRNA
6396,6997159,6997353,194,mRNA
6397,6997617,6997971,354,mRNA
6398,6992681,6992777,96,mRNA
6399,6994379,6994484,105,mRNA
6400,6996676,6996867,191,mRNA
6401,6996931,6997092,161,mRNA
6402,6997159,6997353,194,mRNA
6403,6997617,6997971,354,mRNA
6404,6992681,6994306,1625,gene
6405,6992681,6993060,379,mRNA
6406,6993121,6994306,1185,mRNA
6407,6992681,6993055,374,mRNA
6408,6993121,6994306,1185,mRNA
6409,6992920,6993055,135,mRNA
6410,6993121,6994306,1185,mRNA
6411,6993128,6993847,719,CDS
6412,6993128,6993847,719,CDS
6413,6993128,6993847,719,CDS
6414,6994425,6994484,59,CDS
6415,7002965,7003156,191,CDS
6416,7003220,7003381,161,CDS
6417,7003448,7003642,194,CDS
6418,7003905,7003976,71,CDS
6419,6994425,6994484,59,CDS
6420,6996676,6996867,191,CDS
6421,6996931,6997092,161,CDS
6422,6997159,6997353,194,CDS
6423,6997617,6997688,71,CDS
6424,6994425,6994484,59,CDS
6425,6996676,6996867,191,CDS
6426,6996931,6997092,161,CDS
6427,6997159,6997353,194,CDS
6428,6997617,6997688,71,CDS
6429,6998848,6999848,1000,gene
6430,6998848,6999181,333,mRNA
6431,6999246,6999410,164,mRNA
6432,6999483,6999848,365,mRNA
6433,6998930,6999181,251,CDS
6434,6999246,6999410,164,CDS
6435,6999483,6999734,251,CDS
6436,7000154,7001696,1542,gene
6437,7000154,7000344,190,exon
6438,7001438,7001696,258,exon
6439,7005157,7006136,979,gene
6440,7005157,7005469,312,mRNA
6441,7005534,7005698,164,mRNA
6442,7005771,7006136,365,mRNA
6443,7005218,7005469,251,CDS
6444,7005534,7005698,164,CDS
6445,7005771,7006022,251,CDS
6446,7006442,7008622,2180,gene
6447,7006442,7006632,190,mRNA
6448,7007726,7007917,191,mRNA
6449,7007981,7008622,641,mRNA
6450,7006573,7006632,59,CDS
6451,7007726,7007917,191,CDS
6452,7007981,7008427,446,CDS
6453,7009498,7011739,2241,gene
6454,7011592,7011739,147,mRNA
6455,7010663,7010854,191,mRNA
6456,7010432,7010593,161,mRNA
6457,7010103,7010300,197,mRNA
6458,7009498,7010045,547,mRNA
6459,7011592,7011739,147,mRNA
6460,7010663,7010854,191,mRNA
6461,7010432,7010593,161,mRNA
6462,7010103,7010300,197,mRNA
6463,7009860,7010045,185,mRNA
6464,7011592,7011651,59,CDS
6465,7010663,7010854,191,CDS
6466,7010432,7010593,161,CDS
6467,7010103,7010300,197,CDS
6468,7009974,7010045,71,CDS
6469,7011592,7011651,59,CDS
6470,7010663,7010854,191,CDS
6471,7010432,7010593,161,CDS
6472,7010103,7010300,197,CDS
6473,7009974,7010045,71,CDS
6474,7012254,7018362,6108,gene
6475,7012254,7012335,81,mRNA
6476,7013033,7013116,83,mRNA
6477,7017013,7017375,362,mRNA
6478,7017435,7017626,191,mRNA
6479,7017690,7018362,672,mRNA
6480,7012485,7012553,68,mRNA
6481,7013033,7013116,83,mRNA
6482,7017013,7017375,362,mRNA
6483,7017435,7017626,191,mRNA
6484,7017690,7018362,672,mRNA
6485,7013057,7013116,59,CDS
6486,7017013,7017375,362,CDS
6487,7017435,7017626,191,CDS
6488,7017690,7017761,71,CDS
6489,7013057,7013116,59,CDS
6490,7017013,7017375,362,CDS
6491,7017435,7017626,191,CDS
6492,7017690,7017761,71,CDS
6493,7018760,7019390,630,gene
6494,7018760,7018828,68,mRNA
6495,7018893,7019030,137,mRNA
6496,7019095,7019233,138,mRNA
6497,7019293,7019390,97,mRNA
6498,7018760,7018828,68,CDS
6499,7018893,7019030,137,CDS
6500,7019095,7019233,138,CDS
6501,7019293,7019390,97,CDS
6502,7019854,7019971,117,mobile_element
6503,7020133,7020746,613,gene
6504,7020133,7020235,102,mRNA
6505,7020296,7020396,100,mRNA
6506,7020457,7020583,126,mRNA
6507,7020637,7020746,109,mRNA
6508,7020133,7020235,102,CDS
6509,7020296,7020396,100,CDS
6510,7020457,7020583,126,CDS
6511,7020637,7020746,109,CDS
6512,7021303,7021340,37,mobile_element
6513,7022715,7023119,404,mobile_element
6514,7023396,7024096,700,gene
6515,7023396,7024096,700,ncRNA
6516,7025010,7028082,3072,gene
6517,7025010,7025441,431,mRNA
6518,7026984,7027157,173,mRNA
6519,7027219,7027380,161,mRNA
6520,7027444,7027641,197,mRNA
6521,7027702,7028082,380,mRNA
6522,7025385,7025441,56,CDS
6523,7026984,7027157,173,CDS
6524,7027219,7027380,161,CDS
6525,7027444,7027641,197,CDS
6526,7027702,7027773,71,CDS
6527,7028911,7033233,4322,gene
6528,7028911,7029158,247,mRNA
6529,7031748,7031912,164,mRNA
6530,7032327,7032503,176,mRNA
6531,7032572,7032745,173,mRNA
6532,7032810,7033233,423,mRNA
6533,7029099,7029158,59,CDS
6534,7031748,7031912,164,CDS
6535,7032327,7032503,176,CDS
6536,7032572,7032745,173,CDS
6537,7032810,7032890,80,CDS
6538,7033562,7034920,1358,gene
6539,7033562,7033718,156,mRNA
6540,7033779,7033973,194,mRNA
6541,7034042,7034206,164,mRNA
6542,7034269,7034466,197,mRNA
6543,7034626,7034920,294,mRNA
6544,7033659,7033718,59,CDS
6545,7033779,7033973,194,CDS
6546,7034042,7034206,164,CDS
6547,7034269,7034466,197,CDS
6548,7034626,7034703,77,CDS
6549,7035125,7036949,1824,gene
6550,7035125,7035395,270,mRNA
6551,7035470,7035652,182,mRNA
6552,7036043,7036408,365,mRNA
6553,7036466,7036949,483,mRNA
6554,7035125,7035395,270,mRNA
6555,7035470,7035652,182,mRNA
6556,7036043,7036408,365,mRNA
6557,7036466,7036785,319,mRNA
6558,7035336,7035395,59,CDS
6559,7035470,7035652,182,CDS
6560,7036043,7036408,365,CDS
6561,7036466,7036546,80,CDS
6562,7035336,7035395,59,CDS
6563,7035470,7035652,182,CDS
6564,7036043,7036408,365,CDS
6565,7036466,7036546,80,CDS
6566,7036768,7039050,2282,gene
6567,7037604,7039050,1446,mRNA
6568,7037393,7037545,152,mRNA
6569,7037158,7037343,185,mRNA
6570,7036768,7037096,328,mRNA
6571,7037604,7037896,292,mRNA
6572,7037393,7037545,152,mRNA
6573,7037158,7037343,185,mRNA
6574,7036768,7037096,328,mRNA
6575,7037604,7037669,65,CDS
6576,7037393,7037545,152,CDS
6577,7037158,7037343,185,CDS
6578,7036932,7037096,164,CDS
6579,7037604,7037669,65,CDS
6580,7037393,7037545,152,CDS
6581,7037158,7037343,185,CDS
6582,7036932,7037096,164,CDS
6583,7039130,7039813,683,gene
6584,7039130,7039258,128,exon
6585,7039317,7039813,496,exon
6586,7040136,7042762,2626,gene
6587,7040136,7040543,407,mRNA
6588,7041569,7041730,161,mRNA
6589,7041785,7042147,362,mRNA
6590,7042580,7042762,182,mRNA
6591,7040478,7040543,65,CDS
6592,7041569,7041730,161,CDS
6593,7041785,7042147,362,CDS
6594,7042580,7042672,92,CDS
6595,7042656,7044710,2054,gene
6596,7042656,7043091,435,mRNA
6597,7043718,7043876,158,mRNA
6598,7043946,7044107,161,mRNA
6599,7044209,7044403,194,mRNA
6600,7044460,7044710,250,mRNA
6601,7042910,7043091,181,mRNA
6602,7043718,7043876,158,mRNA
6603,7043946,7044107,161,mRNA
6604,7044209,7044403,194,mRNA
6605,7044460,7044710,250,mRNA
6606,7043032,7043091,59,CDS
6607,7043718,7043876,158,CDS
6608,7043946,7044107,161,CDS
6609,7044209,7044403,194,CDS
6610,7044460,7044531,71,CDS
6611,7043032,7043091,59,CDS
6612,7043718,7043876,158,CDS
6613,7043946,7044107,161,CDS
6614,7044209,7044403,194,CDS
6615,7044460,7044531,71,CDS
6616,7045769,7048538,2769,gene
6617,7045769,7046013,244,mRNA
6618,7047277,7047435,158,mRNA
6619,7047501,7047656,155,mRNA
6620,7047973,7048179,206,mRNA
6621,7048244,7048538,294,mRNA
6622,7045954,7046013,59,CDS
6623,7047277,7047435,158,CDS
6624,7047501,7047656,155,CDS
6625,7047973,7048179,206,CDS
6626,7048244,7048315,71,CDS
6627,7046804,7047106,302,mobile_element
6628,7049238,7051964,2726,gene
6629,7049238,7049306,68,mRNA
6630,7050034,7050103,69,mRNA
6631,7051063,7051221,158,mRNA
6632,7051278,7051613,335,mRNA
6633,7051676,7051964,288,mRNA
6634,7049791,7049965,174,mRNA
6635,7050034,7050103,69,mRNA
6636,7051063,7051221,158,mRNA
6637,7051278,7051613,335,mRNA
6638,7051676,7051964,288,mRNA
6639,7050044,7050103,59,CDS
6640,7051063,7051221,158,CDS
6641,7051278,7051613,335,CDS
6642,7051676,7051747,71,CDS
6643,7050044,7050103,59,CDS
6644,7051063,7051221,158,CDS
6645,7051278,7051613,335,CDS
6646,7051676,7051747,71,CDS
6647,7052747,7054399,1652,gene
6648,7052747,7052995,248,mRNA
6649,7053063,7053236,173,mRNA
6650,7053301,7053456,155,mRNA
6651,7053527,7053721,194,mRNA
6652,7053848,7054399,551,mRNA
6653,7052747,7052995,248,mRNA
6654,7053063,7053236,173,mRNA
6655,7053301,7053456,155,mRNA
6656,7053527,7053721,194,mRNA
6657,7053848,7054043,195,mRNA
6658,7052936,7052995,59,CDS
6659,7053063,7053236,173,CDS
6660,7053301,7053456,155,CDS
6661,7053527,7053721,194,CDS
6662,7053848,7053919,71,CDS
6663,7052936,7052995,59,CDS
6664,7053063,7053236,173,CDS
6665,7053301,7053456,155,CDS
6666,7053527,7053721,194,CDS
6667,7053848,7053919,71,CDS
6668,7054405,7057548,3143,gene
6669,7057476,7057548,72,mRNA
6670,7057243,7057416,173,mRNA
6671,7056814,7057173,359,mRNA
6672,7056337,7056746,409,mRNA
6673,7054405,7056279,1874,mRNA
6674,7054717,7056576,1859,gene
6675,7054717,7054936,219,mRNA
6676,7055602,7055775,173,mRNA
6677,7055837,7055992,155,mRNA
6678,7056055,7056252,197,mRNA
6679,7056436,7056576,140,mRNA
6680,7054877,7054936,59,CDS
6681,7055602,7055775,173,CDS
6682,7055837,7055992,155,CDS
6683,7056055,7056252,197,CDS
6684,7056436,7056507,71,CDS
6685,7057476,7057548,72,mRNA
6686,7057243,7057416,173,mRNA
6687,7056814,7057173,359,mRNA
6688,7056403,7056746,343,mRNA
6689,7057476,7057535,59,CDS
6690,7057243,7057416,173,CDS
6691,7056814,7057173,359,CDS
6692,7056588,7056746,158,CDS
6693,7057476,7057535,59,CDS
6694,7057243,7057416,173,CDS
6695,7056814,7057173,359,CDS
6696,7056588,7056746,158,CDS
6697,7057654,7061732,4078,gene
6698,7061223,7061732,509,mRNA
6699,7060816,7060916,100,mRNA
6700,7060283,7060463,180,mRNA
6701,7060057,7060223,166,mRNA
6702,7058377,7059635,1258,mRNA
6703,7057654,7058319,665,mRNA
6704,7061223,7061356,133,CDS
6705,7060816,7060916,100,CDS
6706,7060283,7060463,180,CDS
6707,7060057,7060223,166,CDS
6708,7058377,7059635,1258,CDS
6709,7058158,7058319,161,CDS
6710,7062108,7063569,1461,gene
6711,7063439,7063569,130,mRNA
6712,7063195,7063368,173,mRNA
6713,7062965,7063117,152,mRNA
6714,7062584,7062781,197,mRNA
6715,7062108,7062528,420,mRNA
6716,7063439,7063498,59,CDS
6717,7063195,7063368,173,CDS
6718,7062965,7063117,152,CDS
6719,7062584,7062781,197,CDS
6720,7062454,7062528,74,CDS
6721,7064399,7066113,1714,gene
6722,7064399,7064552,153,mRNA
6723,7065132,7065299,167,mRNA
6724,7065360,7065512,152,mRNA
6725,7065684,7065866,182,mRNA
6726,7065924,7066113,189,mRNA
6727,7064493,7064552,59,CDS
6728,7065132,7065299,167,CDS
6729,7065360,7065512,152,CDS
6730,7065684,7065866,182,CDS
6731,7065924,7065995,71,CDS
6732,7068572,7069896,1324,gene
6733,7068572,7068700,128,mRNA
6734,7069251,7069580,329,mRNA
6735,7069652,7069896,244,mRNA
6736,7068672,7068700,28,CDS
6737,7069251,7069580,329,CDS
6738,7069652,7069817,165,CDS
6739,7069970,7070043,73,gene
6740,7069970,7070043,73,tRNA
6741,7070495,7074152,3657,gene
6742,7073201,7074152,951,mRNA
6743,7070495,7073143,2648,mRNA
6744,7070760,7070833,73,gene
6745,7070760,7070833,73,tRNA
6746,7073201,7074152,951,mRNA
6747,7073045,7073143,98,mRNA
6748,7073201,7073895,694,CDS
6749,7073059,7073143,84,CDS
6750,7073201,7073895,694,CDS
6751,7073059,7073143,84,CDS
6752,7086316,7127868,41552,gene
6753,7086316,7087080,764,mRNA
6754,7105548,7105611,63,mRNA
6755,7118417,7118975,558,mRNA
6756,7119806,7119919,113,mRNA
6757,7120524,7120652,128,mRNA
6758,7124988,7125191,203,mRNA
6759,7125412,7127868,2456,mRNA
6760,7098558,7099012,454,mRNA
6761,7105548,7105611,63,mRNA
6762,7118417,7118975,558,mRNA
6763,7119806,7119919,113,mRNA
6764,7120524,7120652,128,mRNA
6765,7124988,7125191,203,mRNA
6766,7125412,7127868,2456,mRNA
6767,7098558,7099012,454,mRNA
6768,7105548,7105611,63,mRNA
6769,7118417,7118975,558,mRNA
6770,7119806,7119919,113,mRNA
6771,7120524,7120652,128,mRNA
6772,7124988,7125191,203,mRNA
6773,7125412,7127868,2456,mRNA
6774,7106680,7107924,1244,mRNA
6775,7118417,7118975,558,mRNA
6776,7119806,7119919,113,mRNA
6777,7120524,7120652,128,mRNA
6778,7124988,7125191,203,mRNA
6779,7125412,7127868,2456,mRNA
6780,7106942,7107924,982,CDS
6781,7118417,7118975,558,CDS
6782,7119806,7119919,113,CDS
6783,7120524,7120652,128,CDS
6784,7124988,7125191,203,CDS
6785,7125412,7126827,1415,CDS
6786,7118481,7118975,494,CDS
6787,7119806,7119919,113,CDS
6788,7120524,7120652,128,CDS
6789,7124988,7125191,203,CDS
6790,7125412,7127025,1613,CDS
6791,7118481,7118975,494,CDS
6792,7119806,7119919,113,CDS
6793,7120524,7120652,128,CDS
6794,7124988,7125191,203,CDS
6795,7125412,7126827,1415,CDS
6796,7118481,7118975,494,CDS
6797,7119806,7119919,113,CDS
6798,7120524,7120652,128,CDS
6799,7124988,7125191,203,CDS
6800,7125412,7126827,1415,CDS
6801,7127838,7129808,1970,gene
6802,7129572,7129808,236,mRNA
6803,7129003,7129510,507,mRNA
6804,7128304,7128940,636,mRNA
6805,7127838,7128207,369,mRNA
6806,7127941,7127996,55,mobile_element
6807,7129572,7129777,205,CDS
6808,7129003,7129510,507,CDS
6809,7128304,7128940,636,CDS
6810,7128041,7128207,166,CDS
6811,7130277,7132139,1862,gene
6812,7131884,7132139,255,mRNA
6813,7131312,7131819,507,mRNA
6814,7130603,7131239,636,mRNA
6815,7130277,7130542,265,mRNA
6816,7131884,7132089,205,CDS
6817,7131312,7131819,507,CDS
6818,7130603,7131239,636,CDS
6819,7130376,7130542,166,CDS
6820,7134495,7135095,600,gene
6821,7134495,7135095,600,ncRNA
6822,7139978,7141411,1433,mobile_element
6823,7147692,7149289,1597,gene
6824,7147692,7147746,54,mRNA
6825,7147811,7148694,883,mRNA
6826,7148875,7149019,144,mRNA
6827,7149080,7149289,209,mRNA
6828,7147728,7147746,18,CDS
6829,7147811,7148694,883,CDS
6830,7148875,7149019,144,CDS
6831,7149080,7149204,124,CDS
6832,7149174,7149677,503,gene
6833,7149415,7149677,262,mRNA
6834,7149174,7149358,184,mRNA
6835,7149415,7149637,222,CDS
6836,7149288,7149358,70,CDS
6837,7149795,7150094,299,gene
6838,7149795,7150094,299,ncRNA
6839,7150703,7223378,72675,gene
6840,7150703,7151530,827,mRNA
6841,7208980,7209568,588,mRNA
6842,7219055,7219168,113,mRNA
6843,7220454,7220582,128,mRNA
6844,7220674,7220877,203,mRNA
6845,7221002,7223378,2376,mRNA
6846,7151493,7151530,37,CDS
6847,7208980,7209568,588,CDS
6848,7219055,7219168,113,CDS
6849,7220454,7220582,128,CDS
6850,7220674,7220877,203,CDS
6851,7221002,7222819,1817,CDS
6852,7151662,7153642,1980,gene
6853,7153537,7153642,105,mRNA
6854,7152258,7153144,886,mRNA
6855,7151919,7152063,144,mRNA
6856,7151662,7151852,190,mRNA
6857,7153537,7153564,27,CDS
6858,7152258,7153144,886,CDS
6859,7151919,7152063,144,CDS
6860,7151731,7151852,121,CDS
6861,7153738,7155424,1686,gene
6862,7154399,7155424,1025,mRNA
6863,7154050,7154200,150,mRNA
6864,7153738,7153992,254,mRNA
6865,7154399,7155358,959,CDS
6866,7154050,7154200,150,CDS
6867,7153880,7153992,112,CDS
6868,7156477,7158241,1764,gene
6869,7158132,7158241,109,mRNA
6870,7156791,7158065,1274,mRNA
6871,7156477,7156724,247,mRNA
6872,7158132,7158147,15,CDS
6873,7156791,7158065,1274,CDS
6874,7156585,7156724,139,CDS
6875,7163850,7163972,122,mobile_element
6876,7172173,7172868,695,mRNA
6877,7208980,7209568,588,mRNA
6878,7219055,7219168,113,mRNA
6879,7220454,7220582,128,mRNA
6880,7220674,7220877,203,mRNA
6881,7221002,7223378,2376,mRNA
6882,7172633,7172868,235,CDS
6883,7208980,7209568,588,CDS
6884,7219055,7219168,113,CDS
6885,7220454,7220582,128,CDS
6886,7220674,7220877,203,CDS
6887,7221002,7222819,1817,CDS
6888,7175886,7178290,2404,gene
6889,7175886,7177102,1216,mRNA
6890,7177196,7178290,1094,mRNA
6891,7175996,7177102,1106,CDS
6892,7177196,7178209,1013,CDS
6893,7178390,7180730,2340,gene
6894,7178390,7180730,2340,mRNA
6895,7178498,7180660,2162,CDS
6896,7181326,7183020,1694,gene
6897,7181326,7183020,1694,mRNA
6898,7181360,7182970,1610,CDS
6899,7182997,7185298,2301,gene
6900,7182997,7185298,2301,mRNA
6901,7183058,7185184,2126,CDS
6902,7187233,7187613,380,mRNA
6903,7192603,7194032,1429,mRNA
6904,7208980,7209568,588,mRNA
6905,7219055,7219168,113,mRNA
6906,7220454,7220582,128,mRNA
6907,7220674,7220877,203,mRNA
6908,7221002,7223378,2376,mRNA
6909,7192987,7194032,1045,CDS
6910,7208980,7209568,588,CDS
6911,7219055,7219168,113,CDS
6912,7220454,7220582,128,CDS
6913,7220674,7220877,203,CDS
6914,7221002,7222819,1817,CDS
6915,7196627,7201336,4709,mobile_element
6916,7209778,7209843,65,mobile_element
6917,7209896,7217585,7689,mobile_element
6918,7232840,7234913,2073,gene
6919,7234448,7234913,465,mRNA
6920,7234002,7234272,270,mRNA
6921,7233839,7233938,99,mRNA
6922,7233593,7233694,101,mRNA
6923,7233419,7233526,107,mRNA
6924,7232840,7233323,483,mRNA
6925,7234448,7234892,444,CDS
6926,7234002,7234272,270,CDS
6927,7233839,7233938,99,CDS
6928,7233593,7233694,101,CDS
6929,7233419,7233526,107,CDS
6930,7233219,7233323,104,CDS
6931,7235875,7240888,5013,mobile_element
6932,7243024,7245776,2752,gene
6933,7245222,7245776,554,mRNA
6934,7244988,7245143,155,mRNA
6935,7243024,7244515,1491,mRNA
6936,7245222,7245301,79,CDS
6937,7244988,7245143,155,CDS
6938,7243651,7244515,864,CDS
6939,7249161,7250655,1494,gene
6940,7249161,7250655,1494,mRNA
6941,7249421,7249912,491,CDS
6942,7254602,7256696,2094,gene
6943,7254602,7256696,2094,ncRNA
6944,7258867,7261269,2402,gene
6945,7258867,7261269,2402,mRNA
6946,7259093,7261138,2045,CDS
6947,7262242,7269237,6995,mobile_element
6948,7272275,7278101,5826,gene
6949,7276739,7278101,1362,mRNA
6950,7275414,7276672,1258,mRNA
6951,7275086,7275357,271,mRNA
6952,7272275,7274889,2614,mRNA
6953,7276739,7278101,1362,mRNA
6954,7275414,7276672,1258,mRNA
6955,7275086,7275357,271,mRNA
6956,7272533,7274889,2356,mRNA
6957,7276739,7277882,1143,CDS
6958,7275414,7276672,1258,CDS
6959,7275086,7275357,271,CDS
6960,7273272,7274889,1617,CDS
6961,7276739,7277882,1143,CDS
6962,7275414,7276672,1258,CDS
6963,7275086,7275357,271,CDS
6964,7273272,7274889,1617,CDS
6965,7278467,7281795,3328,gene
6966,7278467,7278797,330,mRNA
6967,7278861,7279041,180,mRNA
6968,7279107,7280166,1059,mRNA
6969,7280230,7280326,96,mRNA
6970,7280474,7281137,663,mRNA
6971,7281294,7281555,261,mRNA
6972,7278606,7278797,191,mRNA
6973,7278861,7279041,180,mRNA
6974,7279107,7280166,1059,mRNA
6975,7280230,7280326,96,mRNA
6976,7280471,7281137,666,mRNA
6977,7281294,7281795,501,mRNA
6978,7278606,7278797,191,mRNA
6979,7278861,7279041,180,mRNA
6980,7279107,7280166,1059,mRNA
6981,7280230,7280326,96,mRNA
6982,7280471,7281137,666,mRNA
6983,7281294,7281555,261,mRNA
6984,7278729,7278797,68,CDS
6985,7278861,7279041,180,CDS
6986,7279107,7280166,1059,CDS
6987,7280230,7280326,96,CDS
6988,7280471,7281137,666,CDS
6989,7281294,7281487,193,CDS
6990,7278729,7278797,68,CDS
6991,7278861,7279041,180,CDS
6992,7279107,7280166,1059,CDS
6993,7280230,7280326,96,CDS
6994,7280471,7281137,666,CDS
6995,7281294,7281487,193,CDS
6996,7278729,7278797,68,CDS
6997,7278861,7279041,180,CDS
6998,7279107,7280166,1059,CDS
6999,7280230,7280326,96,CDS
7000,7280474,7281137,663,CDS
7001,7281294,7281487,193,CDS
7002,7282572,7300806,18234,gene
7003,7282572,7283727,1155,mRNA
7004,7285669,7286028,359,mRNA
7005,7295851,7298283,2432,mRNA
7006,7298351,7298514,163,mRNA
7007,7298635,7298757,122,mRNA
7008,7298817,7299485,668,mRNA
7009,7299688,7299842,154,mRNA
7010,7299910,7300048,138,mRNA
7011,7300202,7300806,604,mRNA
7012,7282572,7282772,200,mRNA
7013,7283564,7283727,163,mRNA
7014,7285669,7286028,359,mRNA
7015,7295851,7297785,1934,mRNA
7016,7297852,7298283,431,mRNA
7017,7298351,7298514,163,mRNA
7018,7298635,7298757,122,mRNA
7019,7298817,7299485,668,mRNA
7020,7299685,7299842,157,mRNA
7021,7299907,7300048,141,mRNA
7022,7300202,7300806,604,mRNA
7023,7285821,7286028,207,CDS
7024,7295851,7298283,2432,CDS
7025,7298351,7298514,163,CDS
7026,7298635,7298757,122,CDS
7027,7298817,7299485,668,CDS
7028,7299688,7299842,154,CDS
7029,7299910,7300048,138,CDS
7030,7300202,7300402,200,CDS
7031,7285821,7286028,207,CDS
7032,7295851,7297785,1934,CDS
7033,7297852,7298283,431,CDS
7034,7298351,7298514,163,CDS
7035,7298635,7298757,122,CDS
7036,7298817,7299485,668,CDS
7037,7299685,7299842,157,CDS
7038,7299907,7300048,141,CDS
7039,7300202,7300402,200,CDS
7040,7301246,7301336,90,mobile_element
7041,7306020,7306128,108,mobile_element
7042,7311395,7313495,2100,gene
7043,7311395,7311503,108,mRNA
7044,7311932,7312111,179,mRNA
7045,7312176,7312451,275,mRNA
7046,7312507,7313495,988,mRNA
7047,7311395,7311503,108,mRNA
7048,7311932,7312111,179,mRNA
7049,7312176,7312451,275,mRNA
7050,7312507,7313345,838,mRNA
7051,7311483,7311503,20,CDS
7052,7311932,7312111,179,CDS
7053,7312176,7312451,275,CDS
7054,7312507,7313019,512,CDS
7055,7311483,7311503,20,CDS
7056,7311932,7312111,179,CDS
7057,7312176,7312451,275,CDS
7058,7312507,7313019,512,CDS
7059,7316088,7316123,35,mobile_element
7060,7317828,7317878,50,mobile_element
7061,7317924,7381899,63975,gene
7062,7381471,7381899,428,mRNA
7063,7377534,7377714,180,mRNA
7064,7368388,7368732,344,mRNA
7065,7366466,7366627,161,mRNA
7066,7361718,7361867,149,mRNA
7067,7359667,7359790,123,mRNA
7068,7348131,7348975,844,mRNA
7069,7347849,7348010,161,mRNA
7070,7335716,7336003,287,mRNA
7071,7332261,7332380,119,mRNA
7072,7330976,7332202,1226,mRNA
7073,7330659,7330814,155,mRNA
7074,7329917,7330600,683,mRNA
7075,7329743,7329851,108,mRNA
7076,7329513,7329689,176,mRNA
7077,7329289,7329455,166,mRNA
7078,7326617,7326784,167,mRNA
7079,7324570,7324728,158,mRNA
7080,7323022,7323332,310,mRNA
7081,7322776,7322956,180,mRNA
7082,7322560,7322718,158,mRNA
7083,7317924,7320764,2840,mRNA
7084,7381471,7381869,398,mRNA
7085,7377534,7377714,180,mRNA
7086,7368388,7368732,344,mRNA
7087,7363024,7363194,170,mRNA
7088,7361718,7361867,149,mRNA
7089,7351461,7351584,123,mRNA
7090,7348131,7348975,844,mRNA
7091,7347849,7348010,161,mRNA
7092,7336117,7336410,293,mRNA
7093,7332261,7332380,119,mRNA
7094,7330976,7332202,1226,mRNA
7095,7330659,7330814,155,mRNA
7096,7329917,7330600,683,mRNA
7097,7329743,7329851,108,mRNA
7098,7329513,7329689,176,mRNA
7099,7329289,7329455,166,mRNA
7100,7326152,7326364,212,mRNA
7101,7324582,7324737,155,mRNA
7102,7323819,7323968,149,mRNA
7103,7323022,7323332,310,mRNA
7104,7322776,7322956,180,mRNA
7105,7322560,7322718,158,mRNA
7106,7321583,7321649,66,mRNA
7107,7319554,7320764,1210,mRNA
7108,7381471,7381869,398,mRNA
7109,7377534,7377714,180,mRNA
7110,7368388,7368732,344,mRNA
7111,7363024,7363194,170,mRNA
7112,7361718,7361867,149,mRNA
7113,7355087,7355210,123,mRNA
7114,7348131,7348975,844,mRNA
7115,7347849,7348010,161,mRNA
7116,7336117,7336410,293,mRNA
7117,7332261,7332380,119,mRNA
7118,7330976,7332202,1226,mRNA
7119,7330659,7330814,155,mRNA
7120,7329917,7330600,683,mRNA
7121,7329743,7329851,108,mRNA
7122,7329513,7329689,176,mRNA
7123,7329289,7329455,166,mRNA
7124,7326152,7326364,212,mRNA
7125,7324582,7324737,155,mRNA
7126,7323819,7323968,149,mRNA
7127,7323022,7323332,310,mRNA
7128,7322776,7322956,180,mRNA
7129,7322560,7322718,158,mRNA
7130,7321583,7321649,66,mRNA
7131,7319554,7320764,1210,mRNA
7132,7381471,7381869,398,mRNA
7133,7377534,7377714,180,mRNA
7134,7368388,7368732,344,mRNA
7135,7363024,7363194,170,mRNA
7136,7361718,7361867,149,mRNA
7137,7356107,7356230,123,mRNA
7138,7348131,7348975,844,mRNA
7139,7347849,7348010,161,mRNA
7140,7345485,7345775,290,mRNA
7141,7332261,7332380,119,mRNA
7142,7330976,7332202,1226,mRNA
7143,7330659,7330814,155,mRNA
7144,7329917,7330600,683,mRNA
7145,7329743,7329851,108,mRNA
7146,7329513,7329689,176,mRNA
7147,7329289,7329455,166,mRNA
7148,7326152,7326364,212,mRNA
7149,7324582,7324737,155,mRNA
7150,7323819,7323968,149,mRNA
7151,7323022,7323332,310,mRNA
7152,7322776,7322956,180,mRNA
7153,7322560,7322718,158,mRNA
7154,7321583,7321649,66,mRNA
7155,7319554,7320764,1210,mRNA
7156,7381471,7381869,398,mRNA
7157,7377534,7377714,180,mRNA
7158,7368388,7368732,344,mRNA
7159,7363024,7363194,170,mRNA
7160,7361718,7361867,149,mRNA
7161,7356973,7357096,123,mRNA
7162,7348131,7348975,844,mRNA
7163,7347849,7348010,161,mRNA
7164,7344279,7344569,290,mRNA
7165,7332261,7332380,119,mRNA
7166,7330976,7332202,1226,mRNA
7167,7330659,7330814,155,mRNA
7168,7329917,7330600,683,mRNA
7169,7329743,7329851,108,mRNA
7170,7329513,7329689,176,mRNA
7171,7329289,7329455,166,mRNA
7172,7326617,7326784,167,mRNA
7173,7324582,7324737,155,mRNA
7174,7323819,7323968,149,mRNA
7175,7323022,7323332,310,mRNA
7176,7322776,7322956,180,mRNA
7177,7322560,7322718,158,mRNA
7178,7321583,7321649,66,mRNA
7179,7319554,7320764,1210,mRNA
7180,7381471,7381869,398,mRNA
7181,7377534,7377714,180,mRNA
7182,7368388,7368732,344,mRNA
7183,7363024,7363194,170,mRNA
7184,7361718,7361867,149,mRNA
7185,7357591,7357714,123,mRNA
7186,7348131,7348975,844,mRNA
7187,7347849,7348010,161,mRNA
7188,7341328,7341618,290,mRNA
7189,7332261,7332380,119,mRNA
7190,7330976,7332202,1226,mRNA
7191,7330659,7330814,155,mRNA
7192,7329917,7330600,683,mRNA
7193,7329743,7329851,108,mRNA
7194,7329513,7329689,176,mRNA
7195,7329289,7329455,166,mRNA
7196,7326152,7326364,212,mRNA
7197,7324582,7324737,155,mRNA
7198,7323819,7323968,149,mRNA
7199,7323022,7323332,310,mRNA
7200,7322776,7322956,180,mRNA
7201,7322560,7322718,158,mRNA
7202,7321583,7321649,66,mRNA
7203,7319554,7320764,1210,mRNA
7204,7381471,7381869,398,mRNA
7205,7377534,7377714,180,mRNA
7206,7368388,7368732,344,mRNA
7207,7363024,7363194,170,mRNA
7208,7361718,7361867,149,mRNA
7209,7359222,7359345,123,mRNA
7210,7348131,7348975,844,mRNA
7211,7347849,7348010,161,mRNA
7212,7341328,7341618,290,mRNA
7213,7332261,7332380,119,mRNA
7214,7330976,7332202,1226,mRNA
7215,7330659,7330814,155,mRNA
7216,7329917,7330600,683,mRNA
7217,7329743,7329851,108,mRNA
7218,7329513,7329689,176,mRNA
7219,7329289,7329455,166,mRNA
7220,7326152,7326364,212,mRNA
7221,7324582,7324737,155,mRNA
7222,7323819,7323968,149,mRNA
7223,7323022,7323332,310,mRNA
7224,7322776,7322956,180,mRNA
7225,7322560,7322718,158,mRNA
7226,7321583,7321649,66,mRNA
7227,7319554,7320764,1210,mRNA
7228,7381471,7381869,398,mRNA
7229,7377534,7377714,180,mRNA
7230,7368388,7368732,344,mRNA
7231,7363332,7363490,158,mRNA
7232,7361718,7361867,149,mRNA
7233,7354057,7354177,120,mRNA
7234,7348131,7348975,844,mRNA
7235,7347849,7348010,161,mRNA
7236,7334934,7335218,284,mRNA
7237,7332261,7332380,119,mRNA
7238,7330976,7332202,1226,mRNA
7239,7330659,7330814,155,mRNA
7240,7329917,7330600,683,mRNA
7241,7329743,7329851,108,mRNA
7242,7329513,7329689,176,mRNA
7243,7329289,7329455,166,mRNA
7244,7326152,7326364,212,mRNA
7245,7324582,7324737,155,mRNA
7246,7323819,7323968,149,mRNA
7247,7323022,7323332,310,mRNA
7248,7322776,7322956,180,mRNA
7249,7322560,7322718,158,mRNA
7250,7321583,7321649,66,mRNA
7251,7319554,7320764,1210,mRNA
7252,7381471,7381869,398,mRNA
7253,7377534,7377714,180,mRNA
7254,7368388,7368732,344,mRNA
7255,7363332,7363490,158,mRNA
7256,7361718,7361867,149,mRNA
7257,7357789,7357915,126,mRNA
7258,7348131,7348975,844,mRNA
7259,7347849,7348010,161,mRNA
7260,7334934,7335218,284,mRNA
7261,7332261,7332380,119,mRNA
7262,7330976,7332202,1226,mRNA
7263,7330659,7330814,155,mRNA
7264,7329917,7330600,683,mRNA
7265,7329743,7329851,108,mRNA
7266,7329513,7329689,176,mRNA
7267,7329289,7329455,166,mRNA
7268,7326152,7326364,212,mRNA
7269,7324582,7324737,155,mRNA
7270,7323819,7323968,149,mRNA
7271,7323022,7323332,310,mRNA
7272,7322776,7322956,180,mRNA
7273,7322560,7322718,158,mRNA
7274,7321583,7321649,66,mRNA
7275,7319554,7320764,1210,mRNA
7276,7381471,7381869,398,mRNA
7277,7377534,7377714,180,mRNA
7278,7368388,7368732,344,mRNA
7279,7363595,7363765,170,mRNA
7280,7361718,7361867,149,mRNA
7281,7349393,7349513,120,mRNA
7282,7348131,7348975,844,mRNA
7283,7347849,7348010,161,mRNA
7284,7337494,7337781,287,mRNA
7285,7332261,7332380,119,mRNA
7286,7330976,7332202,1226,mRNA
7287,7330659,7330814,155,mRNA
7288,7329917,7330600,683,mRNA
7289,7329743,7329851,108,mRNA
7290,7329513,7329689,176,mRNA
7291,7329289,7329455,166,mRNA
7292,7326617,7326784,167,mRNA
7293,7324582,7324737,155,mRNA
7294,7323819,7323968,149,mRNA
7295,7323022,7323332,310,mRNA
7296,7322776,7322956,180,mRNA
7297,7322560,7322718,158,mRNA
7298,7321583,7321649,66,mRNA
7299,7319554,7320764,1210,mRNA
7300,7381471,7381869,398,mRNA
7301,7377534,7377714,180,mRNA
7302,7368388,7368732,344,mRNA
7303,7363595,7363765,170,mRNA
7304,7361718,7361867,149,mRNA
7305,7350581,7350704,123,mRNA
7306,7348131,7348975,844,mRNA
7307,7347849,7348010,161,mRNA
7308,7337872,7338159,287,mRNA
7309,7332261,7332380,119,mRNA
7310,7330976,7332202,1226,mRNA
7311,7330659,7330814,155,mRNA
7312,7329917,7330600,683,mRNA
7313,7329743,7329851,108,mRNA
7314,7329513,7329689,176,mRNA
7315,7329289,7329455,166,mRNA
7316,7326617,7326784,167,mRNA
7317,7324582,7324737,155,mRNA
7318,7323819,7323968,149,mRNA
7319,7323022,7323332,310,mRNA
7320,7322776,7322956,180,mRNA
7321,7322560,7322718,158,mRNA
7322,7321583,7321649,66,mRNA
7323,7319554,7320764,1210,mRNA
7324,7381471,7381869,398,mRNA
7325,7377534,7377714,180,mRNA
7326,7368388,7368732,344,mRNA
7327,7363595,7363765,170,mRNA
7328,7361718,7361867,149,mRNA
7329,7351699,7351822,123,mRNA
7330,7348131,7348975,844,mRNA
7331,7347849,7348010,161,mRNA
7332,7342104,7342391,287,mRNA
7333,7332261,7332380,119,mRNA
7334,7330976,7332202,1226,mRNA
7335,7330659,7330814,155,mRNA
7336,7329917,7330600,683,mRNA
7337,7329743,7329851,108,mRNA
7338,7329513,7329689,176,mRNA
7339,7329289,7329455,166,mRNA
7340,7326152,7326364,212,mRNA
7341,7324582,7324737,155,mRNA
7342,7323819,7323968,149,mRNA
7343,7323022,7323332,310,mRNA
7344,7322776,7322956,180,mRNA
7345,7322560,7322718,158,mRNA
7346,7321583,7321649,66,mRNA
7347,7319554,7320764,1210,mRNA
7348,7381471,7381869,398,mRNA
7349,7377534,7377714,180,mRNA
7350,7368388,7368732,344,mRNA
7351,7363595,7363765,170,mRNA
7352,7361718,7361867,149,mRNA
7353,7354477,7354600,123,mRNA
7354,7348131,7348975,844,mRNA
7355,7347849,7348010,161,mRNA
7356,7336531,7336818,287,mRNA
7357,7332261,7332380,119,mRNA
7358,7330976,7332202,1226,mRNA
7359,7330659,7330814,155,mRNA
7360,7329917,7330600,683,mRNA
7361,7329743,7329851,108,mRNA
7362,7329513,7329689,176,mRNA
7363,7329289,7329455,166,mRNA
7364,7326617,7326784,167,mRNA
7365,7324582,7324737,155,mRNA
7366,7323819,7323968,149,mRNA
7367,7323022,7323332,310,mRNA
7368,7322776,7322956,180,mRNA
7369,7322560,7322718,158,mRNA
7370,7321583,7321649,66,mRNA
7371,7319554,7320764,1210,mRNA
7372,7381471,7381869,398,mRNA
7373,7377534,7377714,180,mRNA
7374,7368388,7368732,344,mRNA
7375,7363595,7363765,170,mRNA
7376,7361718,7361867,149,mRNA
7377,7357400,7357523,123,mRNA
7378,7348131,7348975,844,mRNA
7379,7347849,7348010,161,mRNA
7380,7347007,7347294,287,mRNA
7381,7332261,7332380,119,mRNA
7382,7330976,7332202,1226,mRNA
7383,7330659,7330814,155,mRNA
7384,7329917,7330600,683,mRNA
7385,7329743,7329851,108,mRNA
7386,7329513,7329689,176,mRNA
7387,7329289,7329455,166,mRNA
7388,7326152,7326364,212,mRNA
7389,7324582,7324737,155,mRNA
7390,7323819,7323968,149,mRNA
7391,7323022,7323332,310,mRNA
7392,7322776,7322956,180,mRNA
7393,7322560,7322718,158,mRNA
7394,7321583,7321649,66,mRNA
7395,7319554,7320764,1210,mRNA
7396,7381471,7381869,398,mRNA
7397,7377534,7377714,180,mRNA
7398,7368388,7368732,344,mRNA
7399,7363881,7364048,167,mRNA
7400,7361718,7361867,149,mRNA
7401,7350782,7350905,123,mRNA
7402,7348131,7348975,844,mRNA
7403,7347849,7348010,161,mRNA
7404,7343332,7343622,290,mRNA
7405,7332261,7332380,119,mRNA
7406,7330976,7332202,1226,mRNA
7407,7330659,7330814,155,mRNA
7408,7329917,7330600,683,mRNA
7409,7329743,7329851,108,mRNA
7410,7329513,7329689,176,mRNA
7411,7329289,7329455,166,mRNA
7412,7326617,7326784,167,mRNA
7413,7324582,7324737,155,mRNA
7414,7323819,7323968,149,mRNA
7415,7323022,7323332,310,mRNA
7416,7322776,7322956,180,mRNA
7417,7322560,7322718,158,mRNA
7418,7321583,7321649,66,mRNA
7419,7319554,7320764,1210,mRNA
7420,7381471,7381869,398,mRNA
7421,7377534,7377714,180,mRNA
7422,7368388,7368732,344,mRNA
7423,7363881,7364048,167,mRNA
7424,7361718,7361867,149,mRNA
7425,7352899,7353022,123,mRNA
7426,7348131,7348975,844,mRNA
7427,7347849,7348010,161,mRNA
7428,7346642,7346929,287,mRNA
7429,7332261,7332380,119,mRNA
7430,7330976,7332202,1226,mRNA
7431,7330659,7330814,155,mRNA
7432,7329917,7330600,683,mRNA
7433,7329743,7329851,108,mRNA
7434,7329513,7329689,176,mRNA
7435,7329289,7329455,166,mRNA
7436,7326617,7326784,167,mRNA
7437,7324582,7324737,155,mRNA
7438,7323819,7323968,149,mRNA
7439,7323022,7323332,310,mRNA
7440,7322776,7322956,180,mRNA
7441,7322560,7322718,158,mRNA
7442,7321583,7321649,66,mRNA
7443,7319554,7320764,1210,mRNA
7444,7381471,7381869,398,mRNA
7445,7377534,7377714,180,mRNA
7446,7368388,7368732,344,mRNA
7447,7364178,7364348,170,mRNA
7448,7361718,7361867,149,mRNA
7449,7349393,7349513,120,mRNA
7450,7348131,7348975,844,mRNA
7451,7347849,7348010,161,mRNA
7452,7338250,7338537,287,mRNA
7453,7332261,7332380,119,mRNA
7454,7330976,7332202,1226,mRNA
7455,7330659,7330814,155,mRNA
7456,7329917,7330600,683,mRNA
7457,7329743,7329851,108,mRNA
7458,7329513,7329689,176,mRNA
7459,7329289,7329455,166,mRNA
7460,7326617,7326784,167,mRNA
7461,7324582,7324737,155,mRNA
7462,7323819,7323968,149,mRNA
7463,7323022,7323332,310,mRNA
7464,7322776,7322956,180,mRNA
7465,7322560,7322718,158,mRNA
7466,7321583,7321649,66,mRNA
7467,7319554,7320764,1210,mRNA
7468,7381471,7381869,398,mRNA
7469,7377534,7377714,180,mRNA
7470,7368388,7368732,344,mRNA
7471,7364178,7364348,170,mRNA
7472,7361718,7361867,149,mRNA
7473,7350958,7351081,123,mRNA
7474,7348131,7348975,844,mRNA
7475,7347849,7348010,161,mRNA
7476,7338641,7338928,287,mRNA
7477,7332261,7332380,119,mRNA
7478,7330976,7332202,1226,mRNA
7479,7330659,7330814,155,mRNA
7480,7329917,7330600,683,mRNA
7481,7329743,7329851,108,mRNA
7482,7329513,7329689,176,mRNA
7483,7329289,7329455,166,mRNA
7484,7326617,7326784,167,mRNA
7485,7324582,7324737,155,mRNA
7486,7323819,7323968,149,mRNA
7487,7323022,7323332,310,mRNA
7488,7322776,7322956,180,mRNA
7489,7322560,7322718,158,mRNA
7490,7321583,7321649,66,mRNA
7491,7319554,7320764,1210,mRNA
7492,7381471,7381869,398,mRNA
7493,7377534,7377714,180,mRNA
7494,7368388,7368732,344,mRNA
7495,7364178,7364348,170,mRNA
7496,7361718,7361867,149,mRNA
7497,7353816,7353936,120,mRNA
7498,7348131,7348975,844,mRNA
7499,7347849,7348010,161,mRNA
7500,7344279,7344569,290,mRNA
7501,7332261,7332380,119,mRNA
7502,7330976,7332202,1226,mRNA
7503,7330659,7330814,155,mRNA
7504,7329917,7330600,683,mRNA
7505,7329743,7329851,108,mRNA
7506,7329513,7329689,176,mRNA
7507,7329289,7329455,166,mRNA
7508,7326617,7326784,167,mRNA
7509,7324582,7324737,155,mRNA
7510,7323819,7323968,149,mRNA
7511,7323022,7323332,310,mRNA
7512,7322776,7322956,180,mRNA
7513,7322560,7322718,158,mRNA
7514,7321583,7321649,66,mRNA
7515,7319554,7320764,1210,mRNA
7516,7381471,7381869,398,mRNA
7517,7377534,7377714,180,mRNA
7518,7368388,7368732,344,mRNA
7519,7364178,7364348,170,mRNA
7520,7361718,7361867,149,mRNA
7521,7354277,7354400,123,mRNA
7522,7348131,7348975,844,mRNA
7523,7347849,7348010,161,mRNA
7524,7337872,7338159,287,mRNA
7525,7332261,7332380,119,mRNA
7526,7330976,7332202,1226,mRNA
7527,7330659,7330814,155,mRNA
7528,7329917,7330600,683,mRNA
7529,7329743,7329851,108,mRNA
7530,7329513,7329689,176,mRNA
7531,7329289,7329455,166,mRNA
7532,7326152,7326364,212,mRNA
7533,7324582,7324737,155,mRNA
7534,7323819,7323968,149,mRNA
7535,7323022,7323332,310,mRNA
7536,7322776,7322956,180,mRNA
7537,7322560,7322718,158,mRNA
7538,7321583,7321649,66,mRNA
7539,7319554,7320764,1210,mRNA
7540,7381471,7381869,398,mRNA
7541,7377534,7377714,180,mRNA
7542,7368388,7368732,344,mRNA
7543,7364178,7364348,170,mRNA
7544,7361718,7361867,149,mRNA
7545,7356745,7356868,123,mRNA
7546,7348131,7348975,844,mRNA
7547,7347849,7348010,161,mRNA
7548,7341708,7341995,287,mRNA
7549,7332261,7332380,119,mRNA
7550,7330976,7332202,1226,mRNA
7551,7330659,7330814,155,mRNA
7552,7329917,7330600,683,mRNA
7553,7329743,7329851,108,mRNA
7554,7329513,7329689,176,mRNA
7555,7329289,7329455,166,mRNA
7556,7326152,7326364,212,mRNA
7557,7324582,7324737,155,mRNA
7558,7323819,7323968,149,mRNA
7559,7323022,7323332,310,mRNA
7560,7322776,7322956,180,mRNA
7561,7322560,7322718,158,mRNA
7562,7321583,7321649,66,mRNA
7563,7319554,7320764,1210,mRNA
7564,7381471,7381869,398,mRNA
7565,7377534,7377714,180,mRNA
7566,7368388,7368732,344,mRNA
7567,7364178,7364348,170,mRNA
7568,7361718,7361867,149,mRNA
7569,7359442,7359565,123,mRNA
7570,7348131,7348975,844,mRNA
7571,7347849,7348010,161,mRNA
7572,7341328,7341618,290,mRNA
7573,7332261,7332380,119,mRNA
7574,7330976,7332202,1226,mRNA
7575,7330659,7330814,155,mRNA
7576,7329917,7330600,683,mRNA
7577,7329743,7329851,108,mRNA
7578,7329513,7329689,176,mRNA
7579,7329289,7329455,166,mRNA
7580,7326617,7326784,167,mRNA
7581,7324582,7324737,155,mRNA
7582,7323819,7323968,149,mRNA
7583,7323022,7323332,310,mRNA
7584,7322776,7322956,180,mRNA
7585,7322560,7322718,158,mRNA
7586,7321583,7321649,66,mRNA
7587,7319554,7320764,1210,mRNA
7588,7381471,7381869,398,mRNA
7589,7377534,7377714,180,mRNA
7590,7368388,7368732,344,mRNA
7591,7364178,7364348,170,mRNA
7592,7361718,7361867,149,mRNA
7593,7359875,7360007,132,mRNA
7594,7348131,7348975,844,mRNA
7595,7347849,7348010,161,mRNA
7596,7337494,7337781,287,mRNA
7597,7332261,7332380,119,mRNA
7598,7330976,7332202,1226,mRNA
7599,7330659,7330814,155,mRNA
7600,7329917,7330600,683,mRNA
7601,7329743,7329851,108,mRNA
7602,7329513,7329689,176,mRNA
7603,7329289,7329455,166,mRNA
7604,7326617,7326784,167,mRNA
7605,7324582,7324737,155,mRNA
7606,7323819,7323968,149,mRNA
7607,7323022,7323332,310,mRNA
7608,7322776,7322956,180,mRNA
7609,7322560,7322718,158,mRNA
7610,7321583,7321649,66,mRNA
7611,7319554,7320764,1210,mRNA
7612,7381471,7381869,398,mRNA
7613,7377534,7377714,180,mRNA
7614,7368388,7368732,344,mRNA
7615,7364178,7364348,170,mRNA
7616,7361718,7361867,149,mRNA
7617,7360291,7360414,123,mRNA
7618,7348131,7348975,844,mRNA
7619,7347849,7348010,161,mRNA
7620,7337089,7337376,287,mRNA
7621,7332261,7332380,119,mRNA
7622,7330976,7332202,1226,mRNA
7623,7330659,7330814,155,mRNA
7624,7329917,7330600,683,mRNA
7625,7329743,7329851,108,mRNA
7626,7329513,7329689,176,mRNA
7627,7329289,7329455,166,mRNA
7628,7326152,7326364,212,mRNA
7629,7324582,7324737,155,mRNA
7630,7323819,7323968,149,mRNA
7631,7323022,7323332,310,mRNA
7632,7322776,7322956,180,mRNA
7633,7322560,7322718,158,mRNA
7634,7321583,7321649,66,mRNA
7635,7319554,7320764,1210,mRNA
7636,7381471,7381869,398,mRNA
7637,7377534,7377714,180,mRNA
7638,7368388,7368732,344,mRNA
7639,7364456,7364617,161,mRNA
7640,7361718,7361867,149,mRNA
7641,7350581,7350704,123,mRNA
7642,7348131,7348975,844,mRNA
7643,7347849,7348010,161,mRNA
7644,7344664,7344954,290,mRNA
7645,7332261,7332380,119,mRNA
7646,7330976,7332202,1226,mRNA
7647,7330659,7330814,155,mRNA
7648,7329917,7330600,683,mRNA
7649,7329743,7329851,108,mRNA
7650,7329513,7329689,176,mRNA
7651,7329289,7329455,166,mRNA
7652,7326152,7326364,212,mRNA
7653,7324582,7324737,155,mRNA
7654,7323819,7323968,149,mRNA
7655,7323022,7323332,310,mRNA
7656,7322776,7322956,180,mRNA
7657,7322560,7322718,158,mRNA
7658,7321583,7321649,66,mRNA
7659,7319554,7320764,1210,mRNA
7660,7381471,7381869,398,mRNA
7661,7377534,7377714,180,mRNA
7662,7368388,7368732,344,mRNA
7663,7364456,7364617,161,mRNA
7664,7361718,7361867,149,mRNA
7665,7355686,7355809,123,mRNA
7666,7348131,7348975,844,mRNA
7667,7347849,7348010,161,mRNA
7668,7347392,7347697,305,mRNA
7669,7332261,7332380,119,mRNA
7670,7330976,7332202,1226,mRNA
7671,7330659,7330814,155,mRNA
7672,7329917,7330600,683,mRNA
7673,7329743,7329851,108,mRNA
7674,7329513,7329689,176,mRNA
7675,7329289,7329455,166,mRNA
7676,7326152,7326364,212,mRNA
7677,7324582,7324737,155,mRNA
7678,7323819,7323968,149,mRNA
7679,7323022,7323332,310,mRNA
7680,7322776,7322956,180,mRNA
7681,7322560,7322718,158,mRNA
7682,7321583,7321649,66,mRNA
7683,7319554,7320764,1210,mRNA
7684,7381471,7381869,398,mRNA
7685,7377534,7377714,180,mRNA
7686,7368388,7368732,344,mRNA
7687,7364456,7364617,161,mRNA
7688,7361718,7361867,149,mRNA
7689,7356527,7356650,123,mRNA
7690,7348131,7348975,844,mRNA
7691,7347849,7348010,161,mRNA
7692,7344279,7344569,290,mRNA
7693,7332261,7332380,119,mRNA
7694,7330976,7332202,1226,mRNA
7695,7330659,7330814,155,mRNA
7696,7329917,7330600,683,mRNA
7697,7329743,7329851,108,mRNA
7698,7329513,7329689,176,mRNA
7699,7329289,7329455,166,mRNA
7700,7326617,7326784,167,mRNA
7701,7324582,7324737,155,mRNA
7702,7323819,7323968,149,mRNA
7703,7323022,7323332,310,mRNA
7704,7322776,7322956,180,mRNA
7705,7322560,7322718,158,mRNA
7706,7321583,7321649,66,mRNA
7707,7319554,7320764,1210,mRNA
7708,7381471,7381869,398,mRNA
7709,7377534,7377714,180,mRNA
7710,7368388,7368732,344,mRNA
7711,7364456,7364617,161,mRNA
7712,7361718,7361867,149,mRNA
7713,7356745,7356868,123,mRNA
7714,7348131,7348975,844,mRNA
7715,7347849,7348010,161,mRNA
7716,7339403,7339690,287,mRNA
7717,7332261,7332380,119,mRNA
7718,7330976,7332202,1226,mRNA
7719,7330659,7330814,155,mRNA
7720,7329917,7330600,683,mRNA
7721,7329743,7329851,108,mRNA
7722,7329513,7329689,176,mRNA
7723,7329289,7329455,166,mRNA
7724,7326617,7326784,167,mRNA
7725,7324582,7324737,155,mRNA
7726,7323819,7323968,149,mRNA
7727,7323022,7323332,310,mRNA
7728,7322776,7322956,180,mRNA
7729,7322560,7322718,158,mRNA
7730,7321583,7321649,66,mRNA
7731,7319554,7320764,1210,mRNA
7732,7381471,7381869,398,mRNA
7733,7377534,7377714,180,mRNA
7734,7368388,7368732,344,mRNA
7735,7364456,7364617,161,mRNA
7736,7361718,7361867,149,mRNA
7737,7356973,7357096,123,mRNA
7738,7348131,7348975,844,mRNA
7739,7347849,7348010,161,mRNA
7740,7345876,7346166,290,mRNA
7741,7332261,7332380,119,mRNA
7742,7330976,7332202,1226,mRNA
7743,7330659,7330814,155,mRNA
7744,7329917,7330600,683,mRNA
7745,7329743,7329851,108,mRNA
7746,7329513,7329689,176,mRNA
7747,7329289,7329455,166,mRNA
7748,7326152,7326364,212,mRNA
7749,7324582,7324737,155,mRNA
7750,7323819,7323968,149,mRNA
7751,7323022,7323332,310,mRNA
7752,7322776,7322956,180,mRNA
7753,7322560,7322718,158,mRNA
7754,7321583,7321649,66,mRNA
7755,7319554,7320764,1210,mRNA
7756,7381471,7381869,398,mRNA
7757,7377534,7377714,180,mRNA
7758,7368388,7368732,344,mRNA
7759,7364456,7364617,161,mRNA
7760,7361718,7361867,149,mRNA
7761,7358807,7358930,123,mRNA
7762,7348131,7348975,844,mRNA
7763,7347849,7348010,161,mRNA
7764,7335716,7336003,287,mRNA
7765,7332261,7332380,119,mRNA
7766,7330976,7332202,1226,mRNA
7767,7330659,7330814,155,mRNA
7768,7329917,7330600,683,mRNA
7769,7329743,7329851,108,mRNA
7770,7329513,7329689,176,mRNA
7771,7329289,7329455,166,mRNA
7772,7326152,7326364,212,mRNA
7773,7324582,7324737,155,mRNA
7774,7323819,7323968,149,mRNA
7775,7323022,7323332,310,mRNA
7776,7322776,7322956,180,mRNA
7777,7322560,7322718,158,mRNA
7778,7321583,7321649,66,mRNA
7779,7319554,7320764,1210,mRNA
7780,7381471,7381869,398,mRNA
7781,7377534,7377714,180,mRNA
7782,7368388,7368732,344,mRNA
7783,7364456,7364617,161,mRNA
7784,7361718,7361867,149,mRNA
7785,7359222,7359345,123,mRNA
7786,7348131,7348975,844,mRNA
7787,7347849,7348010,161,mRNA
7788,7342964,7343248,284,mRNA
7789,7332261,7332380,119,mRNA
7790,7330976,7332202,1226,mRNA
7791,7330659,7330814,155,mRNA
7792,7329917,7330600,683,mRNA
7793,7329743,7329851,108,mRNA
7794,7329513,7329689,176,mRNA
7795,7329289,7329455,166,mRNA
7796,7326152,7326364,212,mRNA
7797,7324582,7324737,155,mRNA
7798,7323819,7323968,149,mRNA
7799,7323022,7323332,310,mRNA
7800,7322776,7322956,180,mRNA
7801,7322560,7322718,158,mRNA
7802,7321583,7321649,66,mRNA
7803,7319554,7320764,1210,mRNA
7804,7381471,7381869,398,mRNA
7805,7377534,7377714,180,mRNA
7806,7368388,7368732,344,mRNA
7807,7364456,7364617,161,mRNA
7808,7361718,7361867,149,mRNA
7809,7359442,7359565,123,mRNA
7810,7348131,7348975,844,mRNA
7811,7347849,7348010,161,mRNA
7812,7345876,7346166,290,mRNA
7813,7332261,7332380,119,mRNA
7814,7330976,7332202,1226,mRNA
7815,7330659,7330814,155,mRNA
7816,7329917,7330600,683,mRNA
7817,7329743,7329851,108,mRNA
7818,7329513,7329689,176,mRNA
7819,7329289,7329455,166,mRNA
7820,7326617,7326784,167,mRNA
7821,7324582,7324737,155,mRNA
7822,7323819,7323968,149,mRNA
7823,7323022,7323332,310,mRNA
7824,7322776,7322956,180,mRNA
7825,7322560,7322718,158,mRNA
7826,7321583,7321649,66,mRNA
7827,7319554,7320764,1210,mRNA
7828,7381471,7381869,398,mRNA
7829,7377534,7377714,180,mRNA
7830,7368388,7368732,344,mRNA
7831,7364456,7364617,161,mRNA
7832,7361718,7361867,149,mRNA
7833,7360526,7360649,123,mRNA
7834,7348131,7348975,844,mRNA
7835,7347849,7348010,161,mRNA
7836,7334934,7335218,284,mRNA
7837,7332261,7332380,119,mRNA
7838,7330976,7332202,1226,mRNA
7839,7330659,7330814,155,mRNA
7840,7329917,7330600,683,mRNA
7841,7329743,7329851,108,mRNA
7842,7329513,7329689,176,mRNA
7843,7329289,7329455,166,mRNA
7844,7326152,7326364,212,mRNA
7845,7324582,7324737,155,mRNA
7846,7323819,7323968,149,mRNA
7847,7323022,7323332,310,mRNA
7848,7322776,7322956,180,mRNA
7849,7322560,7322718,158,mRNA
7850,7321583,7321649,66,mRNA
7851,7319554,7320764,1210,mRNA
7852,7381471,7381869,398,mRNA
7853,7377534,7377714,180,mRNA
7854,7368388,7368732,344,mRNA
7855,7364732,7364893,161,mRNA
7856,7361718,7361867,149,mRNA
7857,7351699,7351822,123,mRNA
7858,7348131,7348975,844,mRNA
7859,7347849,7348010,161,mRNA
7860,7338641,7338928,287,mRNA
7861,7332261,7332380,119,mRNA
7862,7330976,7332202,1226,mRNA
7863,7330659,7330814,155,mRNA
7864,7329917,7330600,683,mRNA
7865,7329743,7329851,108,mRNA
7866,7329513,7329689,176,mRNA
7867,7329289,7329455,166,mRNA
7868,7326617,7326784,167,mRNA
7869,7324582,7324737,155,mRNA
7870,7323819,7323968,149,mRNA
7871,7323022,7323332,310,mRNA
7872,7322776,7322956,180,mRNA
7873,7322560,7322718,158,mRNA
7874,7321583,7321649,66,mRNA
7875,7319554,7320764,1210,mRNA
7876,7381471,7381869,398,mRNA
7877,7377534,7377714,180,mRNA
7878,7368388,7368732,344,mRNA
7879,7364732,7364893,161,mRNA
7880,7361718,7361867,149,mRNA
7881,7351916,7352039,123,mRNA
7882,7348131,7348975,844,mRNA
7883,7347849,7348010,161,mRNA
7884,7341328,7341618,290,mRNA
7885,7332261,7332380,119,mRNA
7886,7330976,7332202,1226,mRNA
7887,7330659,7330814,155,mRNA
7888,7329917,7330600,683,mRNA
7889,7329743,7329851,108,mRNA
7890,7329513,7329689,176,mRNA
7891,7329289,7329455,166,mRNA
7892,7326152,7326364,212,mRNA
7893,7324582,7324737,155,mRNA
7894,7323819,7323968,149,mRNA
7895,7323022,7323332,310,mRNA
7896,7322776,7322956,180,mRNA
7897,7322560,7322718,158,mRNA
7898,7321583,7321649,66,mRNA
7899,7319554,7320764,1210,mRNA
7900,7381471,7381869,398,mRNA
7901,7377534,7377714,180,mRNA
7902,7368388,7368732,344,mRNA
7903,7364732,7364893,161,mRNA
7904,7361718,7361867,149,mRNA
7905,7353245,7353365,120,mRNA
7906,7348131,7348975,844,mRNA
7907,7347849,7348010,161,mRNA
7908,7345061,7345351,290,mRNA
7909,7332261,7332380,119,mRNA
7910,7330976,7332202,1226,mRNA
7911,7330659,7330814,155,mRNA
7912,7329917,7330600,683,mRNA
7913,7329743,7329851,108,mRNA
7914,7329513,7329689,176,mRNA
7915,7329289,7329455,166,mRNA
7916,7326152,7326364,212,mRNA
7917,7324582,7324737,155,mRNA
7918,7323819,7323968,149,mRNA
7919,7323022,7323332,310,mRNA
7920,7322776,7322956,180,mRNA
7921,7322560,7322718,158,mRNA
7922,7321583,7321649,66,mRNA
7923,7319554,7320764,1210,mRNA
7924,7381471,7381869,398,mRNA
7925,7377534,7377714,180,mRNA
7926,7368388,7368732,344,mRNA
7927,7364732,7364893,161,mRNA
7928,7361718,7361867,149,mRNA
7929,7354277,7354400,123,mRNA
7930,7348131,7348975,844,mRNA
7931,7347849,7348010,161,mRNA
7932,7340945,7341232,287,mRNA
7933,7332261,7332380,119,mRNA
7934,7330976,7332202,1226,mRNA
7935,7330659,7330814,155,mRNA
7936,7329917,7330600,683,mRNA
7937,7329743,7329851,108,mRNA
7938,7329513,7329689,176,mRNA
7939,7329289,7329455,166,mRNA
7940,7326617,7326784,167,mRNA
7941,7324582,7324737,155,mRNA
7942,7323819,7323968,149,mRNA
7943,7323022,7323332,310,mRNA
7944,7322776,7322956,180,mRNA
7945,7322560,7322718,158,mRNA
7946,7321583,7321649,66,mRNA
7947,7319554,7320764,1210,mRNA
7948,7381471,7381869,398,mRNA
7949,7377534,7377714,180,mRNA
7950,7368388,7368732,344,mRNA
7951,7364732,7364893,161,mRNA
7952,7361718,7361867,149,mRNA
7953,7354882,7355005,123,mRNA
7954,7348131,7348975,844,mRNA
7955,7347849,7348010,161,mRNA
7956,7341328,7341618,290,mRNA
7957,7332261,7332380,119,mRNA
7958,7330976,7332202,1226,mRNA
7959,7330659,7330814,155,mRNA
7960,7329917,7330600,683,mRNA
7961,7329743,7329851,108,mRNA
7962,7329513,7329689,176,mRNA
7963,7329289,7329455,166,mRNA
7964,7326617,7326784,167,mRNA
7965,7324582,7324737,155,mRNA
7966,7323819,7323968,149,mRNA
7967,7323022,7323332,310,mRNA
7968,7322776,7322956,180,mRNA
7969,7322560,7322718,158,mRNA
7970,7321583,7321649,66,mRNA
7971,7319554,7320764,1210,mRNA
7972,7381471,7381869,398,mRNA
7973,7377534,7377714,180,mRNA
7974,7368388,7368732,344,mRNA
7975,7364732,7364893,161,mRNA
7976,7361718,7361867,149,mRNA
7977,7356745,7356868,123,mRNA
7978,7348131,7348975,844,mRNA
7979,7347849,7348010,161,mRNA
7980,7340545,7340832,287,mRNA
7981,7332261,7332380,119,mRNA
7982,7330976,7332202,1226,mRNA
7983,7330659,7330814,155,mRNA
7984,7329917,7330600,683,mRNA
7985,7329743,7329851,108,mRNA
7986,7329513,7329689,176,mRNA
7987,7329289,7329455,166,mRNA
7988,7326152,7326364,212,mRNA
7989,7324582,7324737,155,mRNA
7990,7323819,7323968,149,mRNA
7991,7323022,7323332,310,mRNA
7992,7322776,7322956,180,mRNA
7993,7322560,7322718,158,mRNA
7994,7321583,7321649,66,mRNA
7995,7319554,7320764,1210,mRNA
7996,7381471,7381869,398,mRNA
7997,7377534,7377714,180,mRNA
7998,7368388,7368732,344,mRNA
7999,7365018,7365179,161,mRNA
8000,7361718,7361867,149,mRNA
8001,7355087,7355210,123,mRNA
8002,7348131,7348975,844,mRNA
8003,7347849,7348010,161,mRNA
8004,7340155,7340442,287,mRNA
8005,7332261,7332380,119,mRNA
8006,7330976,7332202,1226,mRNA
8007,7330659,7330814,155,mRNA
8008,7329917,7330600,683,mRNA
8009,7329743,7329851,108,mRNA
8010,7329513,7329689,176,mRNA
8011,7329289,7329455,166,mRNA
8012,7326152,7326364,212,mRNA
8013,7324582,7324737,155,mRNA
8014,7323819,7323968,149,mRNA
8015,7323022,7323332,310,mRNA
8016,7322776,7322956,180,mRNA
8017,7322560,7322718,158,mRNA
8018,7321583,7321649,66,mRNA
8019,7319554,7320764,1210,mRNA
8020,7381471,7381869,398,mRNA
8021,7377534,7377714,180,mRNA
8022,7368388,7368732,344,mRNA
8023,7365018,7365179,161,mRNA
8024,7361718,7361867,149,mRNA
8025,7356317,7356440,123,mRNA
8026,7348131,7348975,844,mRNA
8027,7347849,7348010,161,mRNA
8028,7347007,7347294,287,mRNA
8029,7332261,7332380,119,mRNA
8030,7330976,7332202,1226,mRNA
8031,7330659,7330814,155,mRNA
8032,7329917,7330600,683,mRNA
8033,7329743,7329851,108,mRNA
8034,7329513,7329689,176,mRNA
8035,7329289,7329455,166,mRNA
8036,7326617,7326784,167,mRNA
8037,7324582,7324737,155,mRNA
8038,7323819,7323968,149,mRNA
8039,7323022,7323332,310,mRNA
8040,7322776,7322956,180,mRNA
8041,7322560,7322718,158,mRNA
8042,7321583,7321649,66,mRNA
8043,7319554,7320764,1210,mRNA
8044,7381471,7381869,398,mRNA
8045,7377534,7377714,180,mRNA
8046,7368388,7368732,344,mRNA
8047,7365018,7365179,161,mRNA
8048,7361718,7361867,149,mRNA
8049,7357183,7357306,123,mRNA
8050,7348131,7348975,844,mRNA
8051,7347849,7348010,161,mRNA
8052,7333687,7333980,293,mRNA
8053,7332261,7332380,119,mRNA
8054,7330976,7332202,1226,mRNA
8055,7330659,7330814,155,mRNA
8056,7329917,7330600,683,mRNA
8057,7329743,7329851,108,mRNA
8058,7329513,7329689,176,mRNA
8059,7329289,7329455,166,mRNA
8060,7326152,7326364,212,mRNA
8061,7324582,7324737,155,mRNA
8062,7323819,7323968,149,mRNA
8063,7323022,7323332,310,mRNA
8064,7322776,7322956,180,mRNA
8065,7322560,7322718,158,mRNA
8066,7321583,7321649,66,mRNA
8067,7319554,7320764,1210,mRNA
8068,7381471,7381869,398,mRNA
8069,7377534,7377714,180,mRNA
8070,7368388,7368732,344,mRNA
8071,7365018,7365179,161,mRNA
8072,7361718,7361867,149,mRNA
8073,7358216,7358339,123,mRNA
8074,7348131,7348975,844,mRNA
8075,7347849,7348010,161,mRNA
8076,7346642,7346929,287,mRNA
8077,7332261,7332380,119,mRNA
8078,7330976,7332202,1226,mRNA
8079,7330659,7330814,155,mRNA
8080,7329917,7330600,683,mRNA
8081,7329743,7329851,108,mRNA
8082,7329513,7329689,176,mRNA
8083,7329289,7329455,166,mRNA
8084,7326152,7326364,212,mRNA
8085,7324582,7324737,155,mRNA
8086,7323819,7323968,149,mRNA
8087,7323022,7323332,310,mRNA
8088,7322776,7322956,180,mRNA
8089,7322560,7322718,158,mRNA
8090,7321583,7321649,66,mRNA
8091,7319554,7320764,1210,mRNA
8092,7381471,7381869,398,mRNA
8093,7377534,7377714,180,mRNA
8094,7368388,7368732,344,mRNA
8095,7365018,7365179,161,mRNA
8096,7361718,7361867,149,mRNA
8097,7359442,7359565,123,mRNA
8098,7348131,7348975,844,mRNA
8099,7347849,7348010,161,mRNA
8100,7344664,7344954,290,mRNA
8101,7332261,7332380,119,mRNA
8102,7330976,7332202,1226,mRNA
8103,7330659,7330814,155,mRNA
8104,7329917,7330600,683,mRNA
8105,7329743,7329851,108,mRNA
8106,7329513,7329689,176,mRNA
8107,7329289,7329455,166,mRNA
8108,7326617,7326784,167,mRNA
8109,7324582,7324737,155,mRNA
8110,7323819,7323968,149,mRNA
8111,7323022,7323332,310,mRNA
8112,7322776,7322956,180,mRNA
8113,7322560,7322718,158,mRNA
8114,7321583,7321649,66,mRNA
8115,7319554,7320764,1210,mRNA
8116,7381471,7381869,398,mRNA
8117,7377534,7377714,180,mRNA
8118,7368388,7368732,344,mRNA
8119,7365312,7365482,170,mRNA
8120,7361718,7361867,149,mRNA
8121,7349788,7349911,123,mRNA
8122,7348131,7348975,844,mRNA
8123,7347849,7348010,161,mRNA
8124,7344664,7344954,290,mRNA
8125,7332261,7332380,119,mRNA
8126,7330976,7332202,1226,mRNA
8127,7330659,7330814,155,mRNA
8128,7329917,7330600,683,mRNA
8129,7329743,7329851,108,mRNA
8130,7329513,7329689,176,mRNA
8131,7329289,7329455,166,mRNA
8132,7326152,7326364,212,mRNA
8133,7324582,7324737,155,mRNA
8134,7323819,7323968,149,mRNA
8135,7323022,7323332,310,mRNA
8136,7322776,7322956,180,mRNA
8137,7322560,7322718,158,mRNA
8138,7321583,7321649,66,mRNA
8139,7319554,7320764,1210,mRNA
8140,7381471,7381869,398,mRNA
8141,7377534,7377714,180,mRNA
8142,7368388,7368732,344,mRNA
8143,7365312,7365482,170,mRNA
8144,7361718,7361867,149,mRNA
8145,7350581,7350704,123,mRNA
8146,7348131,7348975,844,mRNA
8147,7347849,7348010,161,mRNA
8148,7334388,7334666,278,mRNA
8149,7332261,7332380,119,mRNA
8150,7330976,7332202,1226,mRNA
8151,7330659,7330814,155,mRNA
8152,7329917,7330600,683,mRNA
8153,7329743,7329851,108,mRNA
8154,7329513,7329689,176,mRNA
8155,7329289,7329455,166,mRNA
8156,7326152,7326364,212,mRNA
8157,7324582,7324737,155,mRNA
8158,7323819,7323968,149,mRNA
8159,7323022,7323332,310,mRNA
8160,7322776,7322956,180,mRNA
8161,7322560,7322718,158,mRNA
8162,7321583,7321649,66,mRNA
8163,7319554,7320764,1210,mRNA
8164,7381471,7381869,398,mRNA
8165,7377534,7377714,180,mRNA
8166,7368388,7368732,344,mRNA
8167,7365312,7365482,170,mRNA
8168,7361718,7361867,149,mRNA
8169,7354277,7354400,123,mRNA
8170,7348131,7348975,844,mRNA
8171,7347849,7348010,161,mRNA
8172,7346269,7346556,287,mRNA
8173,7332261,7332380,119,mRNA
8174,7330976,7332202,1226,mRNA
8175,7330659,7330814,155,mRNA
8176,7329917,7330600,683,mRNA
8177,7329743,7329851,108,mRNA
8178,7329513,7329689,176,mRNA
8179,7329289,7329455,166,mRNA
8180,7326617,7326784,167,mRNA
8181,7324582,7324737,155,mRNA
8182,7323819,7323968,149,mRNA
8183,7323022,7323332,310,mRNA
8184,7322776,7322956,180,mRNA
8185,7322560,7322718,158,mRNA
8186,7321583,7321649,66,mRNA
8187,7319554,7320764,1210,mRNA
8188,7381471,7381869,398,mRNA
8189,7377534,7377714,180,mRNA
8190,7368388,7368732,344,mRNA
8191,7365312,7365482,170,mRNA
8192,7361718,7361867,149,mRNA
8193,7358003,7358129,126,mRNA
8194,7348131,7348975,844,mRNA
8195,7347849,7348010,161,mRNA
8196,7335716,7336003,287,mRNA
8197,7332261,7332380,119,mRNA
8198,7330976,7332202,1226,mRNA
8199,7330659,7330814,155,mRNA
8200,7329917,7330600,683,mRNA
8201,7329743,7329851,108,mRNA
8202,7329513,7329689,176,mRNA
8203,7329289,7329455,166,mRNA
8204,7326152,7326364,212,mRNA
8205,7324582,7324737,155,mRNA
8206,7323819,7323968,149,mRNA
8207,7323022,7323332,310,mRNA
8208,7322776,7322956,180,mRNA
8209,7322560,7322718,158,mRNA
8210,7321583,7321649,66,mRNA
8211,7319554,7320764,1210,mRNA
8212,7381471,7381869,398,mRNA
8213,7377534,7377714,180,mRNA
8214,7368388,7368732,344,mRNA
8215,7365943,7366104,161,mRNA
8216,7361718,7361867,149,mRNA
8217,7349985,7350108,123,mRNA
8218,7348131,7348975,844,mRNA
8219,7347849,7348010,161,mRNA
8220,7345061,7345351,290,mRNA
8221,7332261,7332380,119,mRNA
8222,7330976,7332202,1226,mRNA
8223,7330659,7330814,155,mRNA
8224,7329917,7330600,683,mRNA
8225,7329743,7329851,108,mRNA
8226,7329513,7329689,176,mRNA
8227,7329289,7329455,166,mRNA
8228,7326152,7326364,212,mRNA
8229,7324582,7324737,155,mRNA
8230,7323819,7323968,149,mRNA
8231,7323022,7323332,310,mRNA
8232,7322776,7322956,180,mRNA
8233,7322560,7322718,158,mRNA
8234,7321583,7321649,66,mRNA
8235,7319554,7320764,1210,mRNA
8236,7381471,7381869,398,mRNA
8237,7377534,7377714,180,mRNA
8238,7368388,7368732,344,mRNA
8239,7365943,7366104,161,mRNA
8240,7361718,7361867,149,mRNA
8241,7351174,7351297,123,mRNA
8242,7348131,7348975,844,mRNA
8243,7347849,7348010,161,mRNA
8244,7347392,7347697,305,mRNA
8245,7332261,7332380,119,mRNA
8246,7330976,7332202,1226,mRNA
8247,7330659,7330814,155,mRNA
8248,7329917,7330600,683,mRNA
8249,7329743,7329851,108,mRNA
8250,7329513,7329689,176,mRNA
8251,7329289,7329455,166,mRNA
8252,7326617,7326784,167,mRNA
8253,7324582,7324737,155,mRNA
8254,7323819,7323968,149,mRNA
8255,7323022,7323332,310,mRNA
8256,7322776,7322956,180,mRNA
8257,7322560,7322718,158,mRNA
8258,7321583,7321649,66,mRNA
8259,7319554,7320764,1210,mRNA
8260,7381471,7381869,398,mRNA
8261,7377534,7377714,180,mRNA
8262,7368388,7368732,344,mRNA
8263,7365943,7366104,161,mRNA
8264,7361718,7361867,149,mRNA
8265,7351699,7351822,123,mRNA
8266,7348131,7348975,844,mRNA
8267,7347849,7348010,161,mRNA
8268,7340155,7340442,287,mRNA
8269,7332261,7332380,119,mRNA
8270,7330976,7332202,1226,mRNA
8271,7330659,7330814,155,mRNA
8272,7329917,7330600,683,mRNA
8273,7329743,7329851,108,mRNA
8274,7329513,7329689,176,mRNA
8275,7329289,7329455,166,mRNA
8276,7326617,7326784,167,mRNA
8277,7324582,7324737,155,mRNA
8278,7323819,7323968,149,mRNA
8279,7323022,7323332,310,mRNA
8280,7322776,7322956,180,mRNA
8281,7322560,7322718,158,mRNA
8282,7321583,7321649,66,mRNA
8283,7319554,7320764,1210,mRNA
8284,7381471,7381869,398,mRNA
8285,7377534,7377714,180,mRNA
8286,7368388,7368732,344,mRNA
8287,7365943,7366104,161,mRNA
8288,7361718,7361867,149,mRNA
8289,7355686,7355809,123,mRNA
8290,7348131,7348975,844,mRNA
8291,7347849,7348010,161,mRNA
8292,7342583,7342881,298,mRNA
8293,7332261,7332380,119,mRNA
8294,7330976,7332202,1226,mRNA
8295,7330659,7330814,155,mRNA
8296,7329917,7330600,683,mRNA
8297,7329743,7329851,108,mRNA
8298,7329513,7329689,176,mRNA
8299,7329289,7329455,166,mRNA
8300,7326152,7326364,212,mRNA
8301,7324582,7324737,155,mRNA
8302,7323819,7323968,149,mRNA
8303,7323022,7323332,310,mRNA
8304,7322776,7322956,180,mRNA
8305,7322560,7322718,158,mRNA
8306,7321583,7321649,66,mRNA
8307,7319554,7320764,1210,mRNA
8308,7381471,7381869,398,mRNA
8309,7377534,7377714,180,mRNA
8310,7368388,7368732,344,mRNA
8311,7365943,7366104,161,mRNA
8312,7361718,7361867,149,mRNA
8313,7355901,7356024,123,mRNA
8314,7348131,7348975,844,mRNA
8315,7347849,7348010,161,mRNA
8316,7345061,7345351,290,mRNA
8317,7332261,7332380,119,mRNA
8318,7330976,7332202,1226,mRNA
8319,7330659,7330814,155,mRNA
8320,7329917,7330600,683,mRNA
8321,7329743,7329851,108,mRNA
8322,7329513,7329689,176,mRNA
8323,7329289,7329455,166,mRNA
8324,7326152,7326364,212,mRNA
8325,7324582,7324737,155,mRNA
8326,7323819,7323968,149,mRNA
8327,7323022,7323332,310,mRNA
8328,7322776,7322956,180,mRNA
8329,7322560,7322718,158,mRNA
8330,7321583,7321649,66,mRNA
8331,7319554,7320764,1210,mRNA
8332,7381471,7381869,398,mRNA
8333,7377534,7377714,180,mRNA
8334,7368388,7368732,344,mRNA
8335,7365943,7366104,161,mRNA
8336,7361718,7361867,149,mRNA
8337,7357591,7357714,123,mRNA
8338,7348131,7348975,844,mRNA
8339,7347849,7348010,161,mRNA
8340,7342583,7342881,298,mRNA
8341,7332261,7332380,119,mRNA
8342,7330976,7332202,1226,mRNA
8343,7330659,7330814,155,mRNA
8344,7329917,7330600,683,mRNA
8345,7329743,7329851,108,mRNA
8346,7329513,7329689,176,mRNA
8347,7329289,7329455,166,mRNA
8348,7326617,7326784,167,mRNA
8349,7324582,7324737,155,mRNA
8350,7323819,7323968,149,mRNA
8351,7323022,7323332,310,mRNA
8352,7322776,7322956,180,mRNA
8353,7322560,7322718,158,mRNA
8354,7321583,7321649,66,mRNA
8355,7319554,7320764,1210,mRNA
8356,7381471,7381869,398,mRNA
8357,7377534,7377714,180,mRNA
8358,7368388,7368732,344,mRNA
8359,7365943,7366104,161,mRNA
8360,7361718,7361867,149,mRNA
8361,7360082,7360205,123,mRNA
8362,7348131,7348975,844,mRNA
8363,7347849,7348010,161,mRNA
8364,7334388,7334666,278,mRNA
8365,7332261,7332380,119,mRNA
8366,7330976,7332202,1226,mRNA
8367,7330659,7330814,155,mRNA
8368,7329917,7330600,683,mRNA
8369,7329743,7329851,108,mRNA
8370,7329513,7329689,176,mRNA
8371,7329289,7329455,166,mRNA
8372,7326617,7326784,167,mRNA
8373,7324582,7324737,155,mRNA
8374,7323819,7323968,149,mRNA
8375,7323022,7323332,310,mRNA
8376,7322776,7322956,180,mRNA
8377,7322560,7322718,158,mRNA
8378,7321583,7321649,66,mRNA
8379,7319554,7320764,1210,mRNA
8380,7381471,7381869,398,mRNA
8381,7377534,7377714,180,mRNA
8382,7368388,7368732,344,mRNA
8383,7365943,7366104,161,mRNA
8384,7361718,7361867,149,mRNA
8385,7360082,7360205,123,mRNA
8386,7348131,7348975,844,mRNA
8387,7347849,7348010,161,mRNA
8388,7342583,7342881,298,mRNA
8389,7332261,7332380,119,mRNA
8390,7330976,7332202,1226,mRNA
8391,7330659,7330814,155,mRNA
8392,7329917,7330600,683,mRNA
8393,7329743,7329851,108,mRNA
8394,7329513,7329689,176,mRNA
8395,7329289,7329455,166,mRNA
8396,7326152,7326364,212,mRNA
8397,7324582,7324737,155,mRNA
8398,7323819,7323968,149,mRNA
8399,7323022,7323332,310,mRNA
8400,7322776,7322956,180,mRNA
8401,7322560,7322718,158,mRNA
8402,7321583,7321649,66,mRNA
8403,7319554,7320764,1210,mRNA
8404,7381471,7381869,398,mRNA
8405,7377534,7377714,180,mRNA
8406,7368388,7368732,344,mRNA
8407,7366466,7366627,161,mRNA
8408,7361718,7361867,149,mRNA
8409,7349601,7349721,120,mRNA
8410,7348131,7348975,844,mRNA
8411,7347849,7348010,161,mRNA
8412,7344664,7344954,290,mRNA
8413,7332261,7332380,119,mRNA
8414,7330976,7332202,1226,mRNA
8415,7330659,7330814,155,mRNA
8416,7329917,7330600,683,mRNA
8417,7329743,7329851,108,mRNA
8418,7329513,7329689,176,mRNA
8419,7329289,7329455,166,mRNA
8420,7326617,7326784,167,mRNA
8421,7324582,7324737,155,mRNA
8422,7323819,7323968,149,mRNA
8423,7323022,7323332,310,mRNA
8424,7322776,7322956,180,mRNA
8425,7322560,7322718,158,mRNA
8426,7321583,7321649,66,mRNA
8427,7319554,7320764,1210,mRNA
8428,7381471,7381869,398,mRNA
8429,7377534,7377714,180,mRNA
8430,7368388,7368732,344,mRNA
8431,7366466,7366627,161,mRNA
8432,7361718,7361867,149,mRNA
8433,7350158,7350281,123,mRNA
8434,7348131,7348975,844,mRNA
8435,7347849,7348010,161,mRNA
8436,7347392,7347697,305,mRNA
8437,7332261,7332380,119,mRNA
8438,7330976,7332202,1226,mRNA
8439,7330659,7330814,155,mRNA
8440,7329917,7330600,683,mRNA
8441,7329743,7329851,108,mRNA
8442,7329513,7329689,176,mRNA
8443,7329289,7329455,166,mRNA
8444,7326152,7326364,212,mRNA
8445,7324582,7324737,155,mRNA
8446,7323819,7323968,149,mRNA
8447,7323022,7323332,310,mRNA
8448,7322776,7322956,180,mRNA
8449,7322560,7322718,158,mRNA
8450,7321583,7321649,66,mRNA
8451,7319554,7320764,1210,mRNA
8452,7381471,7381869,398,mRNA
8453,7377534,7377714,180,mRNA
8454,7368388,7368732,344,mRNA
8455,7366466,7366627,161,mRNA
8456,7361718,7361867,149,mRNA
8457,7351174,7351297,123,mRNA
8458,7348131,7348975,844,mRNA
8459,7347849,7348010,161,mRNA
8460,7342583,7342881,298,mRNA
8461,7332261,7332380,119,mRNA
8462,7330976,7332202,1226,mRNA
8463,7330659,7330814,155,mRNA
8464,7329917,7330600,683,mRNA
8465,7329743,7329851,108,mRNA
8466,7329513,7329689,176,mRNA
8467,7329289,7329455,166,mRNA
8468,7326152,7326364,212,mRNA
8469,7324582,7324737,155,mRNA
8470,7323819,7323968,149,mRNA
8471,7323022,7323332,310,mRNA
8472,7322776,7322956,180,mRNA
8473,7322560,7322718,158,mRNA
8474,7321583,7321649,66,mRNA
8475,7319554,7320764,1210,mRNA
8476,7381471,7381869,398,mRNA
8477,7377534,7377714,180,mRNA
8478,7368388,7368732,344,mRNA
8479,7366466,7366627,161,mRNA
8480,7361718,7361867,149,mRNA
8481,7351699,7351822,123,mRNA
8482,7348131,7348975,844,mRNA
8483,7347849,7348010,161,mRNA
8484,7335716,7336003,287,mRNA
8485,7332261,7332380,119,mRNA
8486,7330976,7332202,1226,mRNA
8487,7330659,7330814,155,mRNA
8488,7329917,7330600,683,mRNA
8489,7329743,7329851,108,mRNA
8490,7329513,7329689,176,mRNA
8491,7329289,7329455,166,mRNA
8492,7326152,7326364,212,mRNA
8493,7324582,7324737,155,mRNA
8494,7323819,7323968,149,mRNA
8495,7323022,7323332,310,mRNA
8496,7322776,7322956,180,mRNA
8497,7322560,7322718,158,mRNA
8498,7321583,7321649,66,mRNA
8499,7319554,7320764,1210,mRNA
8500,7381471,7381869,398,mRNA
8501,7377534,7377714,180,mRNA
8502,7368388,7368732,344,mRNA
8503,7366466,7366627,161,mRNA
8504,7361718,7361867,149,mRNA
8505,7353816,7353936,120,mRNA
8506,7348131,7348975,844,mRNA
8507,7347849,7348010,161,mRNA
8508,7344279,7344569,290,mRNA
8509,7332261,7332380,119,mRNA
8510,7330976,7332202,1226,mRNA
8511,7330659,7330814,155,mRNA
8512,7329917,7330600,683,mRNA
8513,7329743,7329851,108,mRNA
8514,7329513,7329689,176,mRNA
8515,7329289,7329455,166,mRNA
8516,7326617,7326784,167,mRNA
8517,7324582,7324737,155,mRNA
8518,7323819,7323968,149,mRNA
8519,7323022,7323332,310,mRNA
8520,7322776,7322956,180,mRNA
8521,7322560,7322718,158,mRNA
8522,7321583,7321649,66,mRNA
8523,7319554,7320764,1210,mRNA
8524,7381471,7381869,398,mRNA
8525,7377534,7377714,180,mRNA
8526,7368388,7368732,344,mRNA
8527,7366466,7366627,161,mRNA
8528,7361718,7361867,149,mRNA
8529,7354686,7354809,123,mRNA
8530,7348131,7348975,844,mRNA
8531,7347849,7348010,161,mRNA
8532,7342583,7342881,298,mRNA
8533,7332261,7332380,119,mRNA
8534,7330976,7332202,1226,mRNA
8535,7330659,7330814,155,mRNA
8536,7329917,7330600,683,mRNA
8537,7329743,7329851,108,mRNA
8538,7329513,7329689,176,mRNA
8539,7329289,7329455,166,mRNA
8540,7326617,7326784,167,mRNA
8541,7324582,7324737,155,mRNA
8542,7323819,7323968,149,mRNA
8543,7323022,7323332,310,mRNA
8544,7322776,7322956,180,mRNA
8545,7322560,7322718,158,mRNA
8546,7321583,7321649,66,mRNA
8547,7319554,7320764,1210,mRNA
8548,7381471,7381869,398,mRNA
8549,7377534,7377714,180,mRNA
8550,7368388,7368732,344,mRNA
8551,7366466,7366627,161,mRNA
8552,7361718,7361867,149,mRNA
8553,7355291,7355414,123,mRNA
8554,7348131,7348975,844,mRNA
8555,7347849,7348010,161,mRNA
8556,7344664,7344954,290,mRNA
8557,7332261,7332380,119,mRNA
8558,7330976,7332202,1226,mRNA
8559,7330659,7330814,155,mRNA
8560,7329917,7330600,683,mRNA
8561,7329743,7329851,108,mRNA
8562,7329513,7329689,176,mRNA
8563,7329289,7329455,166,mRNA
8564,7326617,7326784,167,mRNA
8565,7324582,7324737,155,mRNA
8566,7323819,7323968,149,mRNA
8567,7323022,7323332,310,mRNA
8568,7322776,7322956,180,mRNA
8569,7322560,7322718,158,mRNA
8570,7321583,7321649,66,mRNA
8571,7319554,7320764,1210,mRNA
8572,7381471,7381869,398,mRNA
8573,7377534,7377714,180,mRNA
8574,7368388,7368732,344,mRNA
8575,7366466,7366627,161,mRNA
8576,7361718,7361867,149,mRNA
8577,7356973,7357096,123,mRNA
8578,7348131,7348975,844,mRNA
8579,7347849,7348010,161,mRNA
8580,7335716,7336003,287,mRNA
8581,7332261,7332380,119,mRNA
8582,7330976,7332202,1226,mRNA
8583,7330659,7330814,155,mRNA
8584,7329917,7330600,683,mRNA
8585,7329743,7329851,108,mRNA
8586,7329513,7329689,176,mRNA
8587,7329289,7329455,166,mRNA
8588,7326152,7326364,212,mRNA
8589,7324582,7324737,155,mRNA
8590,7323819,7323968,149,mRNA
8591,7323022,7323332,310,mRNA
8592,7322776,7322956,180,mRNA
8593,7322560,7322718,158,mRNA
8594,7321583,7321649,66,mRNA
8595,7319554,7320764,1210,mRNA
8596,7381471,7381869,398,mRNA
8597,7377534,7377714,180,mRNA
8598,7368388,7368732,344,mRNA
8599,7366466,7366627,161,mRNA
8600,7361718,7361867,149,mRNA
8601,7358429,7358546,117,mRNA
8602,7348131,7348975,844,mRNA
8603,7347849,7348010,161,mRNA
8604,7343718,7344008,290,mRNA
8605,7332261,7332380,119,mRNA
8606,7330976,7332202,1226,mRNA
8607,7330659,7330814,155,mRNA
8608,7329917,7330600,683,mRNA
8609,7329743,7329851,108,mRNA
8610,7329513,7329689,176,mRNA
8611,7329289,7329455,166,mRNA
8612,7326152,7326364,212,mRNA
8613,7324582,7324737,155,mRNA
8614,7323819,7323968,149,mRNA
8615,7323022,7323332,310,mRNA
8616,7322776,7322956,180,mRNA
8617,7322560,7322718,158,mRNA
8618,7321583,7321649,66,mRNA
8619,7319554,7320764,1210,mRNA
8620,7381471,7381869,398,mRNA
8621,7377534,7377714,180,mRNA
8622,7368388,7368732,344,mRNA
8623,7366466,7366627,161,mRNA
8624,7361718,7361867,149,mRNA
8625,7359222,7359345,123,mRNA
8626,7348131,7348975,844,mRNA
8627,7347849,7348010,161,mRNA
8628,7339028,7339315,287,mRNA
8629,7332261,7332380,119,mRNA
8630,7330976,7332202,1226,mRNA
8631,7330659,7330814,155,mRNA
8632,7329917,7330600,683,mRNA
8633,7329743,7329851,108,mRNA
8634,7329513,7329689,176,mRNA
8635,7329289,7329455,166,mRNA
8636,7326617,7326784,167,mRNA
8637,7324582,7324737,155,mRNA
8638,7323819,7323968,149,mRNA
8639,7323022,7323332,310,mRNA
8640,7322776,7322956,180,mRNA
8641,7322560,7322718,158,mRNA
8642,7321583,7321649,66,mRNA
8643,7319554,7320764,1210,mRNA
8644,7381471,7381869,398,mRNA
8645,7377534,7377714,180,mRNA
8646,7368388,7368732,344,mRNA
8647,7366466,7366627,161,mRNA
8648,7361718,7361867,149,mRNA
8649,7359667,7359790,123,mRNA
8650,7348131,7348975,844,mRNA
8651,7347849,7348010,161,mRNA
8652,7335716,7336003,287,mRNA
8653,7332261,7332380,119,mRNA
8654,7330976,7332202,1226,mRNA
8655,7330659,7330814,155,mRNA
8656,7329917,7330600,683,mRNA
8657,7329743,7329851,108,mRNA
8658,7329513,7329689,176,mRNA
8659,7329289,7329455,166,mRNA
8660,7326617,7326784,167,mRNA
8661,7324582,7324737,155,mRNA
8662,7323819,7323968,149,mRNA
8663,7323022,7323332,310,mRNA
8664,7322776,7322956,180,mRNA
8665,7322560,7322718,158,mRNA
8666,7321583,7321649,66,mRNA
8667,7319554,7320764,1210,mRNA
8668,7381471,7381869,398,mRNA
8669,7377534,7377714,180,mRNA
8670,7368388,7368732,344,mRNA
8671,7366466,7366627,161,mRNA
8672,7361718,7361867,149,mRNA
8673,7359875,7360007,132,mRNA
8674,7348131,7348975,844,mRNA
8675,7347849,7348010,161,mRNA
8676,7342583,7342881,298,mRNA
8677,7332261,7332380,119,mRNA
8678,7330976,7332202,1226,mRNA
8679,7330659,7330814,155,mRNA
8680,7329917,7330600,683,mRNA
8681,7329743,7329851,108,mRNA
8682,7329513,7329689,176,mRNA
8683,7329289,7329455,166,mRNA
8684,7326152,7326364,212,mRNA
8685,7324582,7324737,155,mRNA
8686,7323819,7323968,149,mRNA
8687,7323022,7323332,310,mRNA
8688,7322776,7322956,180,mRNA
8689,7322560,7322718,158,mRNA
8690,7321583,7321649,66,mRNA
8691,7319554,7320764,1210,mRNA
8692,7381471,7381869,398,mRNA
8693,7377534,7377714,180,mRNA
8694,7368388,7368732,344,mRNA
8695,7366805,7366966,161,mRNA
8696,7361718,7361867,149,mRNA
8697,7350374,7350497,123,mRNA
8698,7348131,7348975,844,mRNA
8699,7347849,7348010,161,mRNA
8700,7339783,7340070,287,mRNA
8701,7332261,7332380,119,mRNA
8702,7330976,7332202,1226,mRNA
8703,7330659,7330814,155,mRNA
8704,7329917,7330600,683,mRNA
8705,7329743,7329851,108,mRNA
8706,7329513,7329689,176,mRNA
8707,7329289,7329455,166,mRNA
8708,7326617,7326784,167,mRNA
8709,7324582,7324737,155,mRNA
8710,7323819,7323968,149,mRNA
8711,7323022,7323332,310,mRNA
8712,7322776,7322956,180,mRNA
8713,7322560,7322718,158,mRNA
8714,7321583,7321649,66,mRNA
8715,7319554,7320764,1210,mRNA
8716,7381471,7381869,398,mRNA
8717,7377534,7377714,180,mRNA
8718,7368388,7368732,344,mRNA
8719,7366805,7366966,161,mRNA
8720,7361718,7361867,149,mRNA
8721,7353566,7353692,126,mRNA
8722,7348131,7348975,844,mRNA
8723,7347849,7348010,161,mRNA
8724,7339783,7340070,287,mRNA
8725,7332261,7332380,119,mRNA
8726,7330976,7332202,1226,mRNA
8727,7330659,7330814,155,mRNA
8728,7329917,7330600,683,mRNA
8729,7329743,7329851,108,mRNA
8730,7329513,7329689,176,mRNA
8731,7329289,7329455,166,mRNA
8732,7326617,7326784,167,mRNA
8733,7324582,7324737,155,mRNA
8734,7323819,7323968,149,mRNA
8735,7323022,7323332,310,mRNA
8736,7322776,7322956,180,mRNA
8737,7322560,7322718,158,mRNA
8738,7321583,7321649,66,mRNA
8739,7319554,7320764,1210,mRNA
8740,7381471,7381869,398,mRNA
8741,7377534,7377714,180,mRNA
8742,7368388,7368732,344,mRNA
8743,7366805,7366966,161,mRNA
8744,7361718,7361867,149,mRNA
8745,7353816,7353936,120,mRNA
8746,7348131,7348975,844,mRNA
8747,7347849,7348010,161,mRNA
8748,7344279,7344569,290,mRNA
8749,7332261,7332380,119,mRNA
8750,7330976,7332202,1226,mRNA
8751,7330659,7330814,155,mRNA
8752,7329917,7330600,683,mRNA
8753,7329743,7329851,108,mRNA
8754,7329513,7329689,176,mRNA
8755,7329289,7329455,166,mRNA
8756,7326617,7326784,167,mRNA
8757,7324582,7324737,155,mRNA
8758,7323819,7323968,149,mRNA
8759,7323022,7323332,310,mRNA
8760,7322776,7322956,180,mRNA
8761,7322560,7322718,158,mRNA
8762,7321583,7321649,66,mRNA
8763,7319554,7320764,1210,mRNA
8764,7381471,7381869,398,mRNA
8765,7377534,7377714,180,mRNA
8766,7368388,7368732,344,mRNA
8767,7366805,7366966,161,mRNA
8768,7361718,7361867,149,mRNA
8769,7358604,7358727,123,mRNA
8770,7348131,7348975,844,mRNA
8771,7347849,7348010,161,mRNA
8772,7346642,7346929,287,mRNA
8773,7332261,7332380,119,mRNA
8774,7330976,7332202,1226,mRNA
8775,7330659,7330814,155,mRNA
8776,7329917,7330600,683,mRNA
8777,7329743,7329851,108,mRNA
8778,7329513,7329689,176,mRNA
8779,7329289,7329455,166,mRNA
8780,7326152,7326364,212,mRNA
8781,7324582,7324737,155,mRNA
8782,7323819,7323968,149,mRNA
8783,7323022,7323332,310,mRNA
8784,7322776,7322956,180,mRNA
8785,7322560,7322718,158,mRNA
8786,7321583,7321649,66,mRNA
8787,7319554,7320764,1210,mRNA
8788,7381471,7381869,398,mRNA
8789,7377534,7377714,180,mRNA
8790,7368388,7368732,344,mRNA
8791,7366805,7366966,161,mRNA
8792,7361718,7361867,149,mRNA
8793,7359016,7359139,123,mRNA
8794,7348131,7348975,844,mRNA
8795,7347849,7348010,161,mRNA
8796,7343332,7343622,290,mRNA
8797,7332261,7332380,119,mRNA
8798,7330976,7332202,1226,mRNA
8799,7330659,7330814,155,mRNA
8800,7329917,7330600,683,mRNA
8801,7329743,7329851,108,mRNA
8802,7329513,7329689,176,mRNA
8803,7329289,7329455,166,mRNA
8804,7326617,7326784,167,mRNA
8805,7324582,7324737,155,mRNA
8806,7323819,7323968,149,mRNA
8807,7323022,7323332,310,mRNA
8808,7322776,7322956,180,mRNA
8809,7322560,7322718,158,mRNA
8810,7321583,7321649,66,mRNA
8811,7319554,7320764,1210,mRNA
8812,7381471,7381869,398,mRNA
8813,7377534,7377714,180,mRNA
8814,7368388,7368732,344,mRNA
8815,7366805,7366966,161,mRNA
8816,7361718,7361867,149,mRNA
8817,7359667,7359790,123,mRNA
8818,7348131,7348975,844,mRNA
8819,7347849,7348010,161,mRNA
8820,7345876,7346166,290,mRNA
8821,7332261,7332380,119,mRNA
8822,7330976,7332202,1226,mRNA
8823,7330659,7330814,155,mRNA
8824,7329917,7330600,683,mRNA
8825,7329743,7329851,108,mRNA
8826,7329513,7329689,176,mRNA
8827,7329289,7329455,166,mRNA
8828,7326152,7326364,212,mRNA
8829,7324582,7324737,155,mRNA
8830,7323819,7323968,149,mRNA
8831,7323022,7323332,310,mRNA
8832,7322776,7322956,180,mRNA
8833,7322560,7322718,158,mRNA
8834,7321583,7321649,66,mRNA
8835,7319554,7320764,1210,mRNA
8836,7381471,7381869,398,mRNA
8837,7377534,7377714,180,mRNA
8838,7368388,7368732,344,mRNA
8839,7366805,7366966,161,mRNA
8840,7361718,7361867,149,mRNA
8841,7360291,7360414,123,mRNA
8842,7348131,7348975,844,mRNA
8843,7347849,7348010,161,mRNA
8844,7342104,7342391,287,mRNA
8845,7332261,7332380,119,mRNA
8846,7330976,7332202,1226,mRNA
8847,7330659,7330814,155,mRNA
8848,7329917,7330600,683,mRNA
8849,7329743,7329851,108,mRNA
8850,7329513,7329689,176,mRNA
8851,7329289,7329455,166,mRNA
8852,7326152,7326364,212,mRNA
8853,7324582,7324737,155,mRNA
8854,7323819,7323968,149,mRNA
8855,7323022,7323332,310,mRNA
8856,7322776,7322956,180,mRNA
8857,7322560,7322718,158,mRNA
8858,7321583,7321649,66,mRNA
8859,7319554,7320764,1210,mRNA
8860,7377534,7377594,60,CDS
8861,7368388,7368732,344,CDS
8862,7366466,7366627,161,CDS
8863,7361718,7361867,149,CDS
8864,7359667,7359790,123,CDS
8865,7348131,7348975,844,CDS
8866,7347849,7348010,161,CDS
8867,7335716,7336003,287,CDS
8868,7332261,7332380,119,CDS
8869,7330976,7332202,1226,CDS
8870,7330659,7330814,155,CDS
8871,7329917,7330600,683,CDS
8872,7329743,7329851,108,CDS
8873,7329513,7329689,176,CDS
8874,7329289,7329455,166,CDS
8875,7326617,7326784,167,CDS
8876,7324570,7324728,158,CDS
8877,7323022,7323332,310,CDS
8878,7322776,7322956,180,CDS
8879,7322560,7322718,158,CDS
8880,7320676,7320764,88,CDS
8881,7377534,7377594,60,CDS
8882,7368388,7368732,344,CDS
8883,7363024,7363194,170,CDS
8884,7361718,7361867,149,CDS
8885,7351461,7351584,123,CDS
8886,7348131,7348975,844,CDS
8887,7347849,7348010,161,CDS
8888,7336117,7336410,293,CDS
8889,7332261,7332380,119,CDS
8890,7330976,7332202,1226,CDS
8891,7330659,7330814,155,CDS
8892,7329917,7330600,683,CDS
8893,7329743,7329851,108,CDS
8894,7329513,7329689,176,CDS
8895,7329289,7329455,166,CDS
8896,7326152,7326364,212,CDS
8897,7324582,7324737,155,CDS
8898,7323819,7323968,149,CDS
8899,7323022,7323332,310,CDS
8900,7322776,7322956,180,CDS
8901,7322560,7322718,158,CDS
8902,7321583,7321649,66,CDS
8903,7320683,7320764,81,CDS
8904,7377534,7377594,60,CDS
8905,7368388,7368732,344,CDS
8906,7363024,7363194,170,CDS
8907,7361718,7361867,149,CDS
8908,7355087,7355210,123,CDS
8909,7348131,7348975,844,CDS
8910,7347849,7348010,161,CDS
8911,7336117,7336410,293,CDS
8912,7332261,7332380,119,CDS
8913,7330976,7332202,1226,CDS
8914,7330659,7330814,155,CDS
8915,7329917,7330600,683,CDS
8916,7329743,7329851,108,CDS
8917,7329513,7329689,176,CDS
8918,7329289,7329455,166,CDS
8919,7326152,7326364,212,CDS
8920,7324582,7324737,155,CDS
8921,7323819,7323968,149,CDS
8922,7323022,7323332,310,CDS
8923,7322776,7322956,180,CDS
8924,7322560,7322718,158,CDS
8925,7321583,7321649,66,CDS
8926,7320683,7320764,81,CDS
8927,7377534,7377594,60,CDS
8928,7368388,7368732,344,CDS
8929,7363024,7363194,170,CDS
8930,7361718,7361867,149,CDS
8931,7356107,7356230,123,CDS
8932,7348131,7348975,844,CDS
8933,7347849,7348010,161,CDS
8934,7345485,7345775,290,CDS
8935,7332261,7332380,119,CDS
8936,7330976,7332202,1226,CDS
8937,7330659,7330814,155,CDS
8938,7329917,7330600,683,CDS
8939,7329743,7329851,108,CDS
8940,7329513,7329689,176,CDS
8941,7329289,7329455,166,CDS
8942,7326152,7326364,212,CDS
8943,7324582,7324737,155,CDS
8944,7323819,7323968,149,CDS
8945,7323022,7323332,310,CDS
8946,7322776,7322956,180,CDS
8947,7322560,7322718,158,CDS
8948,7321583,7321649,66,CDS
8949,7320683,7320764,81,CDS
8950,7377534,7377594,60,CDS
8951,7368388,7368732,344,CDS
8952,7363024,7363194,170,CDS
8953,7361718,7361867,149,CDS
8954,7356973,7357096,123,CDS
8955,7348131,7348975,844,CDS
8956,7347849,7348010,161,CDS
8957,7344279,7344569,290,CDS
8958,7332261,7332380,119,CDS
8959,7330976,7332202,1226,CDS
8960,7330659,7330814,155,CDS
8961,7329917,7330600,683,CDS
8962,7329743,7329851,108,CDS
8963,7329513,7329689,176,CDS
8964,7329289,7329455,166,CDS
8965,7326617,7326784,167,CDS
8966,7324582,7324737,155,CDS
8967,7323819,7323968,149,CDS
8968,7323022,7323332,310,CDS
8969,7322776,7322956,180,CDS
8970,7322560,7322718,158,CDS
8971,7321583,7321649,66,CDS
8972,7320683,7320764,81,CDS
8973,7377534,7377594,60,CDS
8974,7368388,7368732,344,CDS
8975,7363024,7363194,170,CDS
8976,7361718,7361867,149,CDS
8977,7357591,7357714,123,CDS
8978,7348131,7348975,844,CDS
8979,7347849,7348010,161,CDS
8980,7341328,7341618,290,CDS
8981,7332261,7332380,119,CDS
8982,7330976,7332202,1226,CDS
8983,7330659,7330814,155,CDS
8984,7329917,7330600,683,CDS
8985,7329743,7329851,108,CDS
8986,7329513,7329689,176,CDS
8987,7329289,7329455,166,CDS
8988,7326152,7326364,212,CDS
8989,7324582,7324737,155,CDS
8990,7323819,7323968,149,CDS
8991,7323022,7323332,310,CDS
8992,7322776,7322956,180,CDS
8993,7322560,7322718,158,CDS
8994,7321583,7321649,66,CDS
8995,7320683,7320764,81,CDS
8996,7377534,7377594,60,CDS
8997,7368388,7368732,344,CDS
8998,7363024,7363194,170,CDS
8999,7361718,7361867,149,CDS
9000,7359222,7359345,123,CDS
9001,7348131,7348975,844,CDS
9002,7347849,7348010,161,CDS
9003,7341328,7341618,290,CDS
9004,7332261,7332380,119,CDS
9005,7330976,7332202,1226,CDS
9006,7330659,7330814,155,CDS
9007,7329917,7330600,683,CDS
9008,7329743,7329851,108,CDS
9009,7329513,7329689,176,CDS
9010,7329289,7329455,166,CDS
9011,7326152,7326364,212,CDS
9012,7324582,7324737,155,CDS
9013,7323819,7323968,149,CDS
9014,7323022,7323332,310,CDS
9015,7322776,7322956,180,CDS
9016,7322560,7322718,158,CDS
9017,7321583,7321649,66,CDS
9018,7320683,7320764,81,CDS
9019,7377534,7377594,60,CDS
9020,7368388,7368732,344,CDS
9021,7363332,7363490,158,CDS
9022,7361718,7361867,149,CDS
9023,7354057,7354177,120,CDS
9024,7348131,7348975,844,CDS
9025,7347849,7348010,161,CDS
9026,7334934,7335218,284,CDS
9027,7332261,7332380,119,CDS
9028,7330976,7332202,1226,CDS
9029,7330659,7330814,155,CDS
9030,7329917,7330600,683,CDS
9031,7329743,7329851,108,CDS
9032,7329513,7329689,176,CDS
9033,7329289,7329455,166,CDS
9034,7326152,7326364,212,CDS
9035,7324582,7324737,155,CDS
9036,7323819,7323968,149,CDS
9037,7323022,7323332,310,CDS
9038,7322776,7322956,180,CDS
9039,7322560,7322718,158,CDS
9040,7321583,7321649,66,CDS
9041,7320683,7320764,81,CDS
9042,7377534,7377594,60,CDS
9043,7368388,7368732,344,CDS
9044,7363332,7363490,158,CDS
9045,7361718,7361867,149,CDS
9046,7357789,7357915,126,CDS
9047,7348131,7348975,844,CDS
9048,7347849,7348010,161,CDS
9049,7334934,7335218,284,CDS
9050,7332261,7332380,119,CDS
9051,7330976,7332202,1226,CDS
9052,7330659,7330814,155,CDS
9053,7329917,7330600,683,CDS
9054,7329743,7329851,108,CDS
9055,7329513,7329689,176,CDS
9056,7329289,7329455,166,CDS
9057,7326152,7326364,212,CDS
9058,7324582,7324737,155,CDS
9059,7323819,7323968,149,CDS
9060,7323022,7323332,310,CDS
9061,7322776,7322956,180,CDS
9062,7322560,7322718,158,CDS
9063,7321583,7321649,66,CDS
9064,7320683,7320764,81,CDS
9065,7377534,7377594,60,CDS
9066,7368388,7368732,344,CDS
9067,7363595,7363765,170,CDS
9068,7361718,7361867,149,CDS
9069,7349393,7349513,120,CDS
9070,7348131,7348975,844,CDS
9071,7347849,7348010,161,CDS
9072,7337494,7337781,287,CDS
9073,7332261,7332380,119,CDS
9074,7330976,7332202,1226,CDS
9075,7330659,7330814,155,CDS
9076,7329917,7330600,683,CDS
9077,7329743,7329851,108,CDS
9078,7329513,7329689,176,CDS
9079,7329289,7329455,166,CDS
9080,7326617,7326784,167,CDS
9081,7324582,7324737,155,CDS
9082,7323819,7323968,149,CDS
9083,7323022,7323332,310,CDS
9084,7322776,7322956,180,CDS
9085,7322560,7322718,158,CDS
9086,7321583,7321649,66,CDS
9087,7320683,7320764,81,CDS
9088,7377534,7377594,60,CDS
9089,7368388,7368732,344,CDS
9090,7363595,7363765,170,CDS
9091,7361718,7361867,149,CDS
9092,7350581,7350704,123,CDS
9093,7348131,7348975,844,CDS
9094,7347849,7348010,161,CDS
9095,7337872,7338159,287,CDS
9096,7332261,7332380,119,CDS
9097,7330976,7332202,1226,CDS
9098,7330659,7330814,155,CDS
9099,7329917,7330600,683,CDS
9100,7329743,7329851,108,CDS
9101,7329513,7329689,176,CDS
9102,7329289,7329455,166,CDS
9103,7326617,7326784,167,CDS
9104,7324582,7324737,155,CDS
9105,7323819,7323968,149,CDS
9106,7323022,7323332,310,CDS
9107,7322776,7322956,180,CDS
9108,7322560,7322718,158,CDS
9109,7321583,7321649,66,CDS
9110,7320683,7320764,81,CDS
9111,7377534,7377594,60,CDS
9112,7368388,7368732,344,CDS
9113,7363595,7363765,170,CDS
9114,7361718,7361867,149,CDS
9115,7351699,7351822,123,CDS
9116,7348131,7348975,844,CDS
9117,7347849,7348010,161,CDS
9118,7342104,7342391,287,CDS
9119,7332261,7332380,119,CDS
9120,7330976,7332202,1226,CDS
9121,7330659,7330814,155,CDS
9122,7329917,7330600,683,CDS
9123,7329743,7329851,108,CDS
9124,7329513,7329689,176,CDS
9125,7329289,7329455,166,CDS
9126,7326152,7326364,212,CDS
9127,7324582,7324737,155,CDS
9128,7323819,7323968,149,CDS
9129,7323022,7323332,310,CDS
9130,7322776,7322956,180,CDS
9131,7322560,7322718,158,CDS
9132,7321583,7321649,66,CDS
9133,7320683,7320764,81,CDS
9134,7377534,7377594,60,CDS
9135,7368388,7368732,344,CDS
9136,7363595,7363765,170,CDS
9137,7361718,7361867,149,CDS
9138,7354477,7354600,123,CDS
9139,7348131,7348975,844,CDS
9140,7347849,7348010,161,CDS
9141,7336531,7336818,287,CDS
9142,7332261,7332380,119,CDS
9143,7330976,7332202,1226,CDS
9144,7330659,7330814,155,CDS
9145,7329917,7330600,683,CDS
9146,7329743,7329851,108,CDS
9147,7329513,7329689,176,CDS
9148,7329289,7329455,166,CDS
9149,7326617,7326784,167,CDS
9150,7324582,7324737,155,CDS
9151,7323819,7323968,149,CDS
9152,7323022,7323332,310,CDS
9153,7322776,7322956,180,CDS
9154,7322560,7322718,158,CDS
9155,7321583,7321649,66,CDS
9156,7320683,7320764,81,CDS
9157,7377534,7377594,60,CDS
9158,7368388,7368732,344,CDS
9159,7363595,7363765,170,CDS
9160,7361718,7361867,149,CDS
9161,7357400,7357523,123,CDS
9162,7348131,7348975,844,CDS
9163,7347849,7348010,161,CDS
9164,7347007,7347294,287,CDS
9165,7332261,7332380,119,CDS
9166,7330976,7332202,1226,CDS
9167,7330659,7330814,155,CDS
9168,7329917,7330600,683,CDS
9169,7329743,7329851,108,CDS
9170,7329513,7329689,176,CDS
9171,7329289,7329455,166,CDS
9172,7326152,7326364,212,CDS
9173,7324582,7324737,155,CDS
9174,7323819,7323968,149,CDS
9175,7323022,7323332,310,CDS
9176,7322776,7322956,180,CDS
9177,7322560,7322718,158,CDS
9178,7321583,7321649,66,CDS
9179,7320683,7320764,81,CDS
9180,7377534,7377594,60,CDS
9181,7368388,7368732,344,CDS
9182,7363881,7364048,167,CDS
9183,7361718,7361867,149,CDS
9184,7350782,7350905,123,CDS
9185,7348131,7348975,844,CDS
9186,7347849,7348010,161,CDS
9187,7343332,7343622,290,CDS
9188,7332261,7332380,119,CDS
9189,7330976,7332202,1226,CDS
9190,7330659,7330814,155,CDS
9191,7329917,7330600,683,CDS
9192,7329743,7329851,108,CDS
9193,7329513,7329689,176,CDS
9194,7329289,7329455,166,CDS
9195,7326617,7326784,167,CDS
9196,7324582,7324737,155,CDS
9197,7323819,7323968,149,CDS
9198,7323022,7323332,310,CDS
9199,7322776,7322956,180,CDS
9200,7322560,7322718,158,CDS
9201,7321583,7321649,66,CDS
9202,7320683,7320764,81,CDS
9203,7377534,7377594,60,CDS
9204,7368388,7368732,344,CDS
9205,7363881,7364048,167,CDS
9206,7361718,7361867,149,CDS
9207,7352899,7353022,123,CDS
9208,7348131,7348975,844,CDS
9209,7347849,7348010,161,CDS
9210,7346642,7346929,287,CDS
9211,7332261,7332380,119,CDS
9212,7330976,7332202,1226,CDS
9213,7330659,7330814,155,CDS
9214,7329917,7330600,683,CDS
9215,7329743,7329851,108,CDS
9216,7329513,7329689,176,CDS
9217,7329289,7329455,166,CDS
9218,7326617,7326784,167,CDS
9219,7324582,7324737,155,CDS
9220,7323819,7323968,149,CDS
9221,7323022,7323332,310,CDS
9222,7322776,7322956,180,CDS
9223,7322560,7322718,158,CDS
9224,7321583,7321649,66,CDS
9225,7320683,7320764,81,CDS
9226,7377534,7377594,60,CDS
9227,7368388,7368732,344,CDS
9228,7364178,7364348,170,CDS
9229,7361718,7361867,149,CDS
9230,7349393,7349513,120,CDS
9231,7348131,7348975,844,CDS
9232,7347849,7348010,161,CDS
9233,7338250,7338537,287,CDS
9234,7332261,7332380,119,CDS
9235,7330976,7332202,1226,CDS
9236,7330659,7330814,155,CDS
9237,7329917,7330600,683,CDS
9238,7329743,7329851,108,CDS
9239,7329513,7329689,176,CDS
9240,7329289,7329455,166,CDS
9241,7326617,7326784,167,CDS
9242,7324582,7324737,155,CDS
9243,7323819,7323968,149,CDS
9244,7323022,7323332,310,CDS
9245,7322776,7322956,180,CDS
9246,7322560,7322718,158,CDS
9247,7321583,7321649,66,CDS
9248,7320683,7320764,81,CDS
9249,7377534,7377594,60,CDS
9250,7368388,7368732,344,CDS
9251,7364178,7364348,170,CDS
9252,7361718,7361867,149,CDS
9253,7350958,7351081,123,CDS
9254,7348131,7348975,844,CDS
9255,7347849,7348010,161,CDS
9256,7338641,7338928,287,CDS
9257,7332261,7332380,119,CDS
9258,7330976,7332202,1226,CDS
9259,7330659,7330814,155,CDS
9260,7329917,7330600,683,CDS
9261,7329743,7329851,108,CDS
9262,7329513,7329689,176,CDS
9263,7329289,7329455,166,CDS
9264,7326617,7326784,167,CDS
9265,7324582,7324737,155,CDS
9266,7323819,7323968,149,CDS
9267,7323022,7323332,310,CDS
9268,7322776,7322956,180,CDS
9269,7322560,7322718,158,CDS
9270,7321583,7321649,66,CDS
9271,7320683,7320764,81,CDS
9272,7377534,7377594,60,CDS
9273,7368388,7368732,344,CDS
9274,7364178,7364348,170,CDS
9275,7361718,7361867,149,CDS
9276,7353816,7353936,120,CDS
9277,7348131,7348975,844,CDS
9278,7347849,7348010,161,CDS
9279,7344279,7344569,290,CDS
9280,7332261,7332380,119,CDS
9281,7330976,7332202,1226,CDS
9282,7330659,7330814,155,CDS
9283,7329917,7330600,683,CDS
9284,7329743,7329851,108,CDS
9285,7329513,7329689,176,CDS
9286,7329289,7329455,166,CDS
9287,7326617,7326784,167,CDS
9288,7324582,7324737,155,CDS
9289,7323819,7323968,149,CDS
9290,7323022,7323332,310,CDS
9291,7322776,7322956,180,CDS
9292,7322560,7322718,158,CDS
9293,7321583,7321649,66,CDS
9294,7320683,7320764,81,CDS
9295,7377534,7377594,60,CDS
9296,7368388,7368732,344,CDS
9297,7364178,7364348,170,CDS
9298,7361718,7361867,149,CDS
9299,7354277,7354400,123,CDS
9300,7348131,7348975,844,CDS
9301,7347849,7348010,161,CDS
9302,7337872,7338159,287,CDS
9303,7332261,7332380,119,CDS
9304,7330976,7332202,1226,CDS
9305,7330659,7330814,155,CDS
9306,7329917,7330600,683,CDS
9307,7329743,7329851,108,CDS
9308,7329513,7329689,176,CDS
9309,7329289,7329455,166,CDS
9310,7326152,7326364,212,CDS
9311,7324582,7324737,155,CDS
9312,7323819,7323968,149,CDS
9313,7323022,7323332,310,CDS
9314,7322776,7322956,180,CDS
9315,7322560,7322718,158,CDS
9316,7321583,7321649,66,CDS
9317,7320683,7320764,81,CDS
9318,7377534,7377594,60,CDS
9319,7368388,7368732,344,CDS
9320,7364178,7364348,170,CDS
9321,7361718,7361867,149,CDS
9322,7356745,7356868,123,CDS
9323,7348131,7348975,844,CDS
9324,7347849,7348010,161,CDS
9325,7341708,7341995,287,CDS
9326,7332261,7332380,119,CDS
9327,7330976,7332202,1226,CDS
9328,7330659,7330814,155,CDS
9329,7329917,7330600,683,CDS
9330,7329743,7329851,108,CDS
9331,7329513,7329689,176,CDS
9332,7329289,7329455,166,CDS
9333,7326152,7326364,212,CDS
9334,7324582,7324737,155,CDS
9335,7323819,7323968,149,CDS
9336,7323022,7323332,310,CDS
9337,7322776,7322956,180,CDS
9338,7322560,7322718,158,CDS
9339,7321583,7321649,66,CDS
9340,7320683,7320764,81,CDS
9341,7377534,7377594,60,CDS
9342,7368388,7368732,344,CDS
9343,7364178,7364348,170,CDS
9344,7361718,7361867,149,CDS
9345,7359442,7359565,123,CDS
9346,7348131,7348975,844,CDS
9347,7347849,7348010,161,CDS
9348,7341328,7341618,290,CDS
9349,7332261,7332380,119,CDS
9350,7330976,7332202,1226,CDS
9351,7330659,7330814,155,CDS
9352,7329917,7330600,683,CDS
9353,7329743,7329851,108,CDS
9354,7329513,7329689,176,CDS
9355,7329289,7329455,166,CDS
9356,7326617,7326784,167,CDS
9357,7324582,7324737,155,CDS
9358,7323819,7323968,149,CDS
9359,7323022,7323332,310,CDS
9360,7322776,7322956,180,CDS
9361,7322560,7322718,158,CDS
9362,7321583,7321649,66,CDS
9363,7320683,7320764,81,CDS
9364,7377534,7377594,60,CDS
9365,7368388,7368732,344,CDS
9366,7364178,7364348,170,CDS
9367,7361718,7361867,149,CDS
9368,7359875,7360007,132,CDS
9369,7348131,7348975,844,CDS
9370,7347849,7348010,161,CDS
9371,7337494,7337781,287,CDS
9372,7332261,7332380,119,CDS
9373,7330976,7332202,1226,CDS
9374,7330659,7330814,155,CDS
9375,7329917,7330600,683,CDS
9376,7329743,7329851,108,CDS
9377,7329513,7329689,176,CDS
9378,7329289,7329455,166,CDS
9379,7326617,7326784,167,CDS
9380,7324582,7324737,155,CDS
9381,7323819,7323968,149,CDS
9382,7323022,7323332,310,CDS
9383,7322776,7322956,180,CDS
9384,7322560,7322718,158,CDS
9385,7321583,7321649,66,CDS
9386,7320683,7320764,81,CDS
9387,7377534,7377594,60,CDS
9388,7368388,7368732,344,CDS
9389,7364178,7364348,170,CDS
9390,7361718,7361867,149,CDS
9391,7360291,7360414,123,CDS
9392,7348131,7348975,844,CDS
9393,7347849,7348010,161,CDS
9394,7337089,7337376,287,CDS
9395,7332261,7332380,119,CDS
9396,7330976,7332202,1226,CDS
9397,7330659,7330814,155,CDS
9398,7329917,7330600,683,CDS
9399,7329743,7329851,108,CDS
9400,7329513,7329689,176,CDS
9401,7329289,7329455,166,CDS
9402,7326152,7326364,212,CDS
9403,7324582,7324737,155,CDS
9404,7323819,7323968,149,CDS
9405,7323022,7323332,310,CDS
9406,7322776,7322956,180,CDS
9407,7322560,7322718,158,CDS
9408,7321583,7321649,66,CDS
9409,7320683,7320764,81,CDS
9410,7377534,7377594,60,CDS
9411,7368388,7368732,344,CDS
9412,7364456,7364617,161,CDS
9413,7361718,7361867,149,CDS
9414,7350581,7350704,123,CDS
9415,7348131,7348975,844,CDS
9416,7347849,7348010,161,CDS
9417,7344664,7344954,290,CDS
9418,7332261,7332380,119,CDS
9419,7330976,7332202,1226,CDS
9420,7330659,7330814,155,CDS
9421,7329917,7330600,683,CDS
9422,7329743,7329851,108,CDS
9423,7329513,7329689,176,CDS
9424,7329289,7329455,166,CDS
9425,7326152,7326364,212,CDS
9426,7324582,7324737,155,CDS
9427,7323819,7323968,149,CDS
9428,7323022,7323332,310,CDS
9429,7322776,7322956,180,CDS
9430,7322560,7322718,158,CDS
9431,7321583,7321649,66,CDS
9432,7320683,7320764,81,CDS
9433,7377534,7377594,60,CDS
9434,7368388,7368732,344,CDS
9435,7364456,7364617,161,CDS
9436,7361718,7361867,149,CDS
9437,7355686,7355809,123,CDS
9438,7348131,7348975,844,CDS
9439,7347849,7348010,161,CDS
9440,7347392,7347697,305,CDS
9441,7332261,7332380,119,CDS
9442,7330976,7332202,1226,CDS
9443,7330659,7330814,155,CDS
9444,7329917,7330600,683,CDS
9445,7329743,7329851,108,CDS
9446,7329513,7329689,176,CDS
9447,7329289,7329455,166,CDS
9448,7326152,7326364,212,CDS
9449,7324582,7324737,155,CDS
9450,7323819,7323968,149,CDS
9451,7323022,7323332,310,CDS
9452,7322776,7322956,180,CDS
9453,7322560,7322718,158,CDS
9454,7321583,7321649,66,CDS
9455,7320683,7320764,81,CDS
9456,7377534,7377594,60,CDS
9457,7368388,7368732,344,CDS
9458,7364456,7364617,161,CDS
9459,7361718,7361867,149,CDS
9460,7356527,7356650,123,CDS
9461,7348131,7348975,844,CDS
9462,7347849,7348010,161,CDS
9463,7344279,7344569,290,CDS
9464,7332261,7332380,119,CDS
9465,7330976,7332202,1226,CDS
9466,7330659,7330814,155,CDS
9467,7329917,7330600,683,CDS
9468,7329743,7329851,108,CDS
9469,7329513,7329689,176,CDS
9470,7329289,7329455,166,CDS
9471,7326617,7326784,167,CDS
9472,7324582,7324737,155,CDS
9473,7323819,7323968,149,CDS
9474,7323022,7323332,310,CDS
9475,7322776,7322956,180,CDS
9476,7322560,7322718,158,CDS
9477,7321583,7321649,66,CDS
9478,7320683,7320764,81,CDS
9479,7377534,7377594,60,CDS
9480,7368388,7368732,344,CDS
9481,7364456,7364617,161,CDS
9482,7361718,7361867,149,CDS
9483,7356745,7356868,123,CDS
9484,7348131,7348975,844,CDS
9485,7347849,7348010,161,CDS
9486,7339403,7339690,287,CDS
9487,7332261,7332380,119,CDS
9488,7330976,7332202,1226,CDS
9489,7330659,7330814,155,CDS
9490,7329917,7330600,683,CDS
9491,7329743,7329851,108,CDS
9492,7329513,7329689,176,CDS
9493,7329289,7329455,166,CDS
9494,7326617,7326784,167,CDS
9495,7324582,7324737,155,CDS
9496,7323819,7323968,149,CDS
9497,7323022,7323332,310,CDS
9498,7322776,7322956,180,CDS
9499,7322560,7322718,158,CDS
9500,7321583,7321649,66,CDS
9501,7320683,7320764,81,CDS
9502,7377534,7377594,60,CDS
9503,7368388,7368732,344,CDS
9504,7364456,7364617,161,CDS
9505,7361718,7361867,149,CDS
9506,7356973,7357096,123,CDS
9507,7348131,7348975,844,CDS
9508,7347849,7348010,161,CDS
9509,7345876,7346166,290,CDS
9510,7332261,7332380,119,CDS
9511,7330976,7332202,1226,CDS
9512,7330659,7330814,155,CDS
9513,7329917,7330600,683,CDS
9514,7329743,7329851,108,CDS
9515,7329513,7329689,176,CDS
9516,7329289,7329455,166,CDS
9517,7326152,7326364,212,CDS
9518,7324582,7324737,155,CDS
9519,7323819,7323968,149,CDS
9520,7323022,7323332,310,CDS
9521,7322776,7322956,180,CDS
9522,7322560,7322718,158,CDS
9523,7321583,7321649,66,CDS
9524,7320683,7320764,81,CDS
9525,7377534,7377594,60,CDS
9526,7368388,7368732,344,CDS
9527,7364456,7364617,161,CDS
9528,7361718,7361867,149,CDS
9529,7358807,7358930,123,CDS
9530,7348131,7348975,844,CDS
9531,7347849,7348010,161,CDS
9532,7335716,7336003,287,CDS
9533,7332261,7332380,119,CDS
9534,7330976,7332202,1226,CDS
9535,7330659,7330814,155,CDS
9536,7329917,7330600,683,CDS
9537,7329743,7329851,108,CDS
9538,7329513,7329689,176,CDS
9539,7329289,7329455,166,CDS
9540,7326152,7326364,212,CDS
9541,7324582,7324737,155,CDS
9542,7323819,7323968,149,CDS
9543,7323022,7323332,310,CDS
9544,7322776,7322956,180,CDS
9545,7322560,7322718,158,CDS
9546,7321583,7321649,66,CDS
9547,7320683,7320764,81,CDS
9548,7377534,7377594,60,CDS
9549,7368388,7368732,344,CDS
9550,7364456,7364617,161,CDS
9551,7361718,7361867,149,CDS
9552,7359222,7359345,123,CDS
9553,7348131,7348975,844,CDS
9554,7347849,7348010,161,CDS
9555,7342964,7343248,284,CDS
9556,7332261,7332380,119,CDS
9557,7330976,7332202,1226,CDS
9558,7330659,7330814,155,CDS
9559,7329917,7330600,683,CDS
9560,7329743,7329851,108,CDS
9561,7329513,7329689,176,CDS
9562,7329289,7329455,166,CDS
9563,7326152,7326364,212,CDS
9564,7324582,7324737,155,CDS
9565,7323819,7323968,149,CDS
9566,7323022,7323332,310,CDS
9567,7322776,7322956,180,CDS
9568,7322560,7322718,158,CDS
9569,7321583,7321649,66,CDS
9570,7320683,7320764,81,CDS
9571,7377534,7377594,60,CDS
9572,7368388,7368732,344,CDS
9573,7364456,7364617,161,CDS
9574,7361718,7361867,149,CDS
9575,7359442,7359565,123,CDS
9576,7348131,7348975,844,CDS
9577,7347849,7348010,161,CDS
9578,7345876,7346166,290,CDS
9579,7332261,7332380,119,CDS
9580,7330976,7332202,1226,CDS
9581,7330659,7330814,155,CDS
9582,7329917,7330600,683,CDS
9583,7329743,7329851,108,CDS
9584,7329513,7329689,176,CDS
9585,7329289,7329455,166,CDS
9586,7326617,7326784,167,CDS
9587,7324582,7324737,155,CDS
9588,7323819,7323968,149,CDS
9589,7323022,7323332,310,CDS
9590,7322776,7322956,180,CDS
9591,7322560,7322718,158,CDS
9592,7321583,7321649,66,CDS
9593,7320683,7320764,81,CDS
9594,7377534,7377594,60,CDS
9595,7368388,7368732,344,CDS
9596,7364456,7364617,161,CDS
9597,7361718,7361867,149,CDS
9598,7360526,7360649,123,CDS
9599,7348131,7348975,844,CDS
9600,7347849,7348010,161,CDS
9601,7334934,7335218,284,CDS
9602,7332261,7332380,119,CDS
9603,7330976,7332202,1226,CDS
9604,7330659,7330814,155,CDS
9605,7329917,7330600,683,CDS
9606,7329743,7329851,108,CDS
9607,7329513,7329689,176,CDS
9608,7329289,7329455,166,CDS
9609,7326152,7326364,212,CDS
9610,7324582,7324737,155,CDS
9611,7323819,7323968,149,CDS
9612,7323022,7323332,310,CDS
9613,7322776,7322956,180,CDS
9614,7322560,7322718,158,CDS
9615,7321583,7321649,66,CDS
9616,7320683,7320764,81,CDS
9617,7377534,7377594,60,CDS
9618,7368388,7368732,344,CDS
9619,7364732,7364893,161,CDS
9620,7361718,7361867,149,CDS
9621,7351699,7351822,123,CDS
9622,7348131,7348975,844,CDS
9623,7347849,7348010,161,CDS
9624,7338641,7338928,287,CDS
9625,7332261,7332380,119,CDS
9626,7330976,7332202,1226,CDS
9627,7330659,7330814,155,CDS
9628,7329917,7330600,683,CDS
9629,7329743,7329851,108,CDS
9630,7329513,7329689,176,CDS
9631,7329289,7329455,166,CDS
9632,7326617,7326784,167,CDS
9633,7324582,7324737,155,CDS
9634,7323819,7323968,149,CDS
9635,7323022,7323332,310,CDS
9636,7322776,7322956,180,CDS
9637,7322560,7322718,158,CDS
9638,7321583,7321649,66,CDS
9639,7320683,7320764,81,CDS
9640,7377534,7377594,60,CDS
9641,7368388,7368732,344,CDS
9642,7364732,7364893,161,CDS
9643,7361718,7361867,149,CDS
9644,7351916,7352039,123,CDS
9645,7348131,7348975,844,CDS
9646,7347849,7348010,161,CDS
9647,7341328,7341618,290,CDS
9648,7332261,7332380,119,CDS
9649,7330976,7332202,1226,CDS
9650,7330659,7330814,155,CDS
9651,7329917,7330600,683,CDS
9652,7329743,7329851,108,CDS
9653,7329513,7329689,176,CDS
9654,7329289,7329455,166,CDS
9655,7326152,7326364,212,CDS
9656,7324582,7324737,155,CDS
9657,7323819,7323968,149,CDS
9658,7323022,7323332,310,CDS
9659,7322776,7322956,180,CDS
9660,7322560,7322718,158,CDS
9661,7321583,7321649,66,CDS
9662,7320683,7320764,81,CDS
9663,7377534,7377594,60,CDS
9664,7368388,7368732,344,CDS
9665,7364732,7364893,161,CDS
9666,7361718,7361867,149,CDS
9667,7353245,7353365,120,CDS
9668,7348131,7348975,844,CDS
9669,7347849,7348010,161,CDS
9670,7345061,7345351,290,CDS
9671,7332261,7332380,119,CDS
9672,7330976,7332202,1226,CDS
9673,7330659,7330814,155,CDS
9674,7329917,7330600,683,CDS
9675,7329743,7329851,108,CDS
9676,7329513,7329689,176,CDS
9677,7329289,7329455,166,CDS
9678,7326152,7326364,212,CDS
9679,7324582,7324737,155,CDS
9680,7323819,7323968,149,CDS
9681,7323022,7323332,310,CDS
9682,7322776,7322956,180,CDS
9683,7322560,7322718,158,CDS
9684,7321583,7321649,66,CDS
9685,7320683,7320764,81,CDS
9686,7377534,7377594,60,CDS
9687,7368388,7368732,344,CDS
9688,7364732,7364893,161,CDS
9689,7361718,7361867,149,CDS
9690,7354277,7354400,123,CDS
9691,7348131,7348975,844,CDS
9692,7347849,7348010,161,CDS
9693,7340945,7341232,287,CDS
9694,7332261,7332380,119,CDS
9695,7330976,7332202,1226,CDS
9696,7330659,7330814,155,CDS
9697,7329917,7330600,683,CDS
9698,7329743,7329851,108,CDS
9699,7329513,7329689,176,CDS
9700,7329289,7329455,166,CDS
9701,7326617,7326784,167,CDS
9702,7324582,7324737,155,CDS
9703,7323819,7323968,149,CDS
9704,7323022,7323332,310,CDS
9705,7322776,7322956,180,CDS
9706,7322560,7322718,158,CDS
9707,7321583,7321649,66,CDS
9708,7320683,7320764,81,CDS
9709,7377534,7377594,60,CDS
9710,7368388,7368732,344,CDS
9711,7364732,7364893,161,CDS
9712,7361718,7361867,149,CDS
9713,7354882,7355005,123,CDS
9714,7348131,7348975,844,CDS
9715,7347849,7348010,161,CDS
9716,7341328,7341618,290,CDS
9717,7332261,7332380,119,CDS
9718,7330976,7332202,1226,CDS
9719,7330659,7330814,155,CDS
9720,7329917,7330600,683,CDS
9721,7329743,7329851,108,CDS
9722,7329513,7329689,176,CDS
9723,7329289,7329455,166,CDS
9724,7326617,7326784,167,CDS
9725,7324582,7324737,155,CDS
9726,7323819,7323968,149,CDS
9727,7323022,7323332,310,CDS
9728,7322776,7322956,180,CDS
9729,7322560,7322718,158,CDS
9730,7321583,7321649,66,CDS
9731,7320683,7320764,81,CDS
9732,7377534,7377594,60,CDS
9733,7368388,7368732,344,CDS
9734,7364732,7364893,161,CDS
9735,7361718,7361867,149,CDS
9736,7356745,7356868,123,CDS
9737,7348131,7348975,844,CDS
9738,7347849,7348010,161,CDS
9739,7340545,7340832,287,CDS
9740,7332261,7332380,119,CDS
9741,7330976,7332202,1226,CDS
9742,7330659,7330814,155,CDS
9743,7329917,7330600,683,CDS
9744,7329743,7329851,108,CDS
9745,7329513,7329689,176,CDS
9746,7329289,7329455,166,CDS
9747,7326152,7326364,212,CDS
9748,7324582,7324737,155,CDS
9749,7323819,7323968,149,CDS
9750,7323022,7323332,310,CDS
9751,7322776,7322956,180,CDS
9752,7322560,7322718,158,CDS
9753,7321583,7321649,66,CDS
9754,7320683,7320764,81,CDS
9755,7377534,7377594,60,CDS
9756,7368388,7368732,344,CDS
9757,7365018,7365179,161,CDS
9758,7361718,7361867,149,CDS
9759,7355087,7355210,123,CDS
9760,7348131,7348975,844,CDS
9761,7347849,7348010,161,CDS
9762,7340155,7340442,287,CDS
9763,7332261,7332380,119,CDS
9764,7330976,7332202,1226,CDS
9765,7330659,7330814,155,CDS
9766,7329917,7330600,683,CDS
9767,7329743,7329851,108,CDS
9768,7329513,7329689,176,CDS
9769,7329289,7329455,166,CDS
9770,7326152,7326364,212,CDS
9771,7324582,7324737,155,CDS
9772,7323819,7323968,149,CDS
9773,7323022,7323332,310,CDS
9774,7322776,7322956,180,CDS
9775,7322560,7322718,158,CDS
9776,7321583,7321649,66,CDS
9777,7320683,7320764,81,CDS
9778,7377534,7377594,60,CDS
9779,7368388,7368732,344,CDS
9780,7365018,7365179,161,CDS
9781,7361718,7361867,149,CDS
9782,7356317,7356440,123,CDS
9783,7348131,7348975,844,CDS
9784,7347849,7348010,161,CDS
9785,7347007,7347294,287,CDS
9786,7332261,7332380,119,CDS
9787,7330976,7332202,1226,CDS
9788,7330659,7330814,155,CDS
9789,7329917,7330600,683,CDS
9790,7329743,7329851,108,CDS
9791,7329513,7329689,176,CDS
9792,7329289,7329455,166,CDS
9793,7326617,7326784,167,CDS
9794,7324582,7324737,155,CDS
9795,7323819,7323968,149,CDS
9796,7323022,7323332,310,CDS
9797,7322776,7322956,180,CDS
9798,7322560,7322718,158,CDS
9799,7321583,7321649,66,CDS
9800,7320683,7320764,81,CDS
9801,7377534,7377594,60,CDS
9802,7368388,7368732,344,CDS
9803,7365018,7365179,161,CDS
9804,7361718,7361867,149,CDS
9805,7357183,7357306,123,CDS
9806,7348131,7348975,844,CDS
9807,7347849,7348010,161,CDS
9808,7333687,7333980,293,CDS
9809,7332261,7332380,119,CDS
9810,7330976,7332202,1226,CDS
9811,7330659,7330814,155,CDS
9812,7329917,7330600,683,CDS
9813,7329743,7329851,108,CDS
9814,7329513,7329689,176,CDS
9815,7329289,7329455,166,CDS
9816,7326152,7326364,212,CDS
9817,7324582,7324737,155,CDS
9818,7323819,7323968,149,CDS
9819,7323022,7323332,310,CDS
9820,7322776,7322956,180,CDS
9821,7322560,7322718,158,CDS
9822,7321583,7321649,66,CDS
9823,7320683,7320764,81,CDS
9824,7377534,7377594,60,CDS
9825,7368388,7368732,344,CDS
9826,7365018,7365179,161,CDS
9827,7361718,7361867,149,CDS
9828,7358216,7358339,123,CDS
9829,7348131,7348975,844,CDS
9830,7347849,7348010,161,CDS
9831,7346642,7346929,287,CDS
9832,7332261,7332380,119,CDS
9833,7330976,7332202,1226,CDS
9834,7330659,7330814,155,CDS
9835,7329917,7330600,683,CDS
9836,7329743,7329851,108,CDS
9837,7329513,7329689,176,CDS
9838,7329289,7329455,166,CDS
9839,7326152,7326364,212,CDS
9840,7324582,7324737,155,CDS
9841,7323819,7323968,149,CDS
9842,7323022,7323332,310,CDS
9843,7322776,7322956,180,CDS
9844,7322560,7322718,158,CDS
9845,7321583,7321649,66,CDS
9846,7320683,7320764,81,CDS
9847,7377534,7377594,60,CDS
9848,7368388,7368732,344,CDS
9849,7365018,7365179,161,CDS
9850,7361718,7361867,149,CDS
9851,7359442,7359565,123,CDS
9852,7348131,7348975,844,CDS
9853,7347849,7348010,161,CDS
9854,7344664,7344954,290,CDS
9855,7332261,7332380,119,CDS
9856,7330976,7332202,1226,CDS
9857,7330659,7330814,155,CDS
9858,7329917,7330600,683,CDS
9859,7329743,7329851,108,CDS
9860,7329513,7329689,176,CDS
9861,7329289,7329455,166,CDS
9862,7326617,7326784,167,CDS
9863,7324582,7324737,155,CDS
9864,7323819,7323968,149,CDS
9865,7323022,7323332,310,CDS
9866,7322776,7322956,180,CDS
9867,7322560,7322718,158,CDS
9868,7321583,7321649,66,CDS
9869,7320683,7320764,81,CDS
9870,7377534,7377594,60,CDS
9871,7368388,7368732,344,CDS
9872,7365312,7365482,170,CDS
9873,7361718,7361867,149,CDS
9874,7349788,7349911,123,CDS
9875,7348131,7348975,844,CDS
9876,7347849,7348010,161,CDS
9877,7344664,7344954,290,CDS
9878,7332261,7332380,119,CDS
9879,7330976,7332202,1226,CDS
9880,7330659,7330814,155,CDS
9881,7329917,7330600,683,CDS
9882,7329743,7329851,108,CDS
9883,7329513,7329689,176,CDS
9884,7329289,7329455,166,CDS
9885,7326152,7326364,212,CDS
9886,7324582,7324737,155,CDS
9887,7323819,7323968,149,CDS
9888,7323022,7323332,310,CDS
9889,7322776,7322956,180,CDS
9890,7322560,7322718,158,CDS
9891,7321583,7321649,66,CDS
9892,7320683,7320764,81,CDS
9893,7377534,7377594,60,CDS
9894,7368388,7368732,344,CDS
9895,7365312,7365482,170,CDS
9896,7361718,7361867,149,CDS
9897,7350581,7350704,123,CDS
9898,7348131,7348975,844,CDS
9899,7347849,7348010,161,CDS
9900,7334388,7334666,278,CDS
9901,7332261,7332380,119,CDS
9902,7330976,7332202,1226,CDS
9903,7330659,7330814,155,CDS
9904,7329917,7330600,683,CDS
9905,7329743,7329851,108,CDS
9906,7329513,7329689,176,CDS
9907,7329289,7329455,166,CDS
9908,7326152,7326364,212,CDS
9909,7324582,7324737,155,CDS
9910,7323819,7323968,149,CDS
9911,7323022,7323332,310,CDS
9912,7322776,7322956,180,CDS
9913,7322560,7322718,158,CDS
9914,7321583,7321649,66,CDS
9915,7320683,7320764,81,CDS
9916,7377534,7377594,60,CDS
9917,7368388,7368732,344,CDS
9918,7365312,7365482,170,CDS
9919,7361718,7361867,149,CDS
9920,7354277,7354400,123,CDS
9921,7348131,7348975,844,CDS
9922,7347849,7348010,161,CDS
9923,7346269,7346556,287,CDS
9924,7332261,7332380,119,CDS
9925,7330976,7332202,1226,CDS
9926,7330659,7330814,155,CDS
9927,7329917,7330600,683,CDS
9928,7329743,7329851,108,CDS
9929,7329513,7329689,176,CDS
9930,7329289,7329455,166,CDS
9931,7326617,7326784,167,CDS
9932,7324582,7324737,155,CDS
9933,7323819,7323968,149,CDS
9934,7323022,7323332,310,CDS
9935,7322776,7322956,180,CDS
9936,7322560,7322718,158,CDS
9937,7321583,7321649,66,CDS
9938,7320683,7320764,81,CDS
9939,7377534,7377594,60,CDS
9940,7368388,7368732,344,CDS
9941,7365312,7365482,170,CDS
9942,7361718,7361867,149,CDS
9943,7358003,7358129,126,CDS
9944,7348131,7348975,844,CDS
9945,7347849,7348010,161,CDS
9946,7335716,7336003,287,CDS
9947,7332261,7332380,119,CDS
9948,7330976,7332202,1226,CDS
9949,7330659,7330814,155,CDS
9950,7329917,7330600,683,CDS
9951,7329743,7329851,108,CDS
9952,7329513,7329689,176,CDS
9953,7329289,7329455,166,CDS
9954,7326152,7326364,212,CDS
9955,7324582,7324737,155,CDS
9956,7323819,7323968,149,CDS
9957,7323022,7323332,310,CDS
9958,7322776,7322956,180,CDS
9959,7322560,7322718,158,CDS
9960,7321583,7321649,66,CDS
9961,7320683,7320764,81,CDS
9962,7377534,7377594,60,CDS
9963,7368388,7368732,344,CDS
9964,7365943,7366104,161,CDS
9965,7361718,7361867,149,CDS
9966,7349985,7350108,123,CDS
9967,7348131,7348975,844,CDS
9968,7347849,7348010,161,CDS
9969,7345061,7345351,290,CDS
9970,7332261,7332380,119,CDS
9971,7330976,7332202,1226,CDS
9972,7330659,7330814,155,CDS
9973,7329917,7330600,683,CDS
9974,7329743,7329851,108,CDS
9975,7329513,7329689,176,CDS
9976,7329289,7329455,166,CDS
9977,7326152,7326364,212,CDS
9978,7324582,7324737,155,CDS
9979,7323819,7323968,149,CDS
9980,7323022,7323332,310,CDS
9981,7322776,7322956,180,CDS
9982,7322560,7322718,158,CDS
9983,7321583,7321649,66,CDS
9984,7320683,7320764,81,CDS
9985,7377534,7377594,60,CDS
9986,7368388,7368732,344,CDS
9987,7365943,7366104,161,CDS
9988,7361718,7361867,149,CDS
9989,7351174,7351297,123,CDS
9990,7348131,7348975,844,CDS
9991,7347849,7348010,161,CDS
9992,7347392,7347697,305,CDS
9993,7332261,7332380,119,CDS
9994,7330976,7332202,1226,CDS
9995,7330659,7330814,155,CDS
9996,7329917,7330600,683,CDS
9997,7329743,7329851,108,CDS
9998,7329513,7329689,176,CDS
9999,7329289,7329455,166,CDS
10000,7326617,7326784,167,CDS
10001,7324582,7324737,155,CDS
10002,7323819,7323968,149,CDS
10003,7323022,7323332,310,CDS
10004,7322776,7322956,180,CDS
10005,7322560,7322718,158,CDS
10006,7321583,7321649,66,CDS
10007,7320683,7320764,81,CDS
10008,7377534,7377594,60,CDS
10009,7368388,7368732,344,CDS
10010,7365943,7366104,161,CDS
10011,7361718,7361867,149,CDS
10012,7351699,7351822,123,CDS
10013,7348131,7348975,844,CDS
10014,7347849,7348010,161,CDS
10015,7340155,7340442,287,CDS
10016,7332261,7332380,119,CDS
10017,7330976,7332202,1226,CDS
10018,7330659,7330814,155,CDS
10019,7329917,7330600,683,CDS
10020,7329743,7329851,108,CDS
10021,7329513,7329689,176,CDS
10022,7329289,7329455,166,CDS
10023,7326617,7326784,167,CDS
10024,7324582,7324737,155,CDS
10025,7323819,7323968,149,CDS
10026,7323022,7323332,310,CDS
10027,7322776,7322956,180,CDS
10028,7322560,7322718,158,CDS
10029,7321583,7321649,66,CDS
10030,7320683,7320764,81,CDS
10031,7377534,7377594,60,CDS
10032,7368388,7368732,344,CDS
10033,7365943,7366104,161,CDS
10034,7361718,7361867,149,CDS
10035,7355686,7355809,123,CDS
10036,7348131,7348975,844,CDS
10037,7347849,7348010,161,CDS
10038,7342583,7342881,298,CDS
10039,7332261,7332380,119,CDS
10040,7330976,7332202,1226,CDS
10041,7330659,7330814,155,CDS
10042,7329917,7330600,683,CDS
10043,7329743,7329851,108,CDS
10044,7329513,7329689,176,CDS
10045,7329289,7329455,166,CDS
10046,7326152,7326364,212,CDS
10047,7324582,7324737,155,CDS
10048,7323819,7323968,149,CDS
10049,7323022,7323332,310,CDS
10050,7322776,7322956,180,CDS
10051,7322560,7322718,158,CDS
10052,7321583,7321649,66,CDS
10053,7320683,7320764,81,CDS
10054,7377534,7377594,60,CDS
10055,7368388,7368732,344,CDS
10056,7365943,7366104,161,CDS
10057,7361718,7361867,149,CDS
10058,7355901,7356024,123,CDS
10059,7348131,7348975,844,CDS
10060,7347849,7348010,161,CDS
10061,7345061,7345351,290,CDS
10062,7332261,7332380,119,CDS
10063,7330976,7332202,1226,CDS
10064,7330659,7330814,155,CDS
10065,7329917,7330600,683,CDS
10066,7329743,7329851,108,CDS
10067,7329513,7329689,176,CDS
10068,7329289,7329455,166,CDS
10069,7326152,7326364,212,CDS
10070,7324582,7324737,155,CDS
10071,7323819,7323968,149,CDS
10072,7323022,7323332,310,CDS
10073,7322776,7322956,180,CDS
10074,7322560,7322718,158,CDS
10075,7321583,7321649,66,CDS
10076,7320683,7320764,81,CDS
10077,7377534,7377594,60,CDS
10078,7368388,7368732,344,CDS
10079,7365943,7366104,161,CDS
10080,7361718,7361867,149,CDS
10081,7357591,7357714,123,CDS
10082,7348131,7348975,844,CDS
10083,7347849,7348010,161,CDS
10084,7342583,7342881,298,CDS
10085,7332261,7332380,119,CDS
10086,7330976,7332202,1226,CDS
10087,7330659,7330814,155,CDS
10088,7329917,7330600,683,CDS
10089,7329743,7329851,108,CDS
10090,7329513,7329689,176,CDS
10091,7329289,7329455,166,CDS
10092,7326617,7326784,167,CDS
10093,7324582,7324737,155,CDS
10094,7323819,7323968,149,CDS
10095,7323022,7323332,310,CDS
10096,7322776,7322956,180,CDS
10097,7322560,7322718,158,CDS
10098,7321583,7321649,66,CDS
10099,7320683,7320764,81,CDS
10100,7377534,7377594,60,CDS
10101,7368388,7368732,344,CDS
10102,7365943,7366104,161,CDS
10103,7361718,7361867,149,CDS
10104,7360082,7360205,123,CDS
10105,7348131,7348975,844,CDS
10106,7347849,7348010,161,CDS
10107,7334388,7334666,278,CDS
10108,7332261,7332380,119,CDS
10109,7330976,7332202,1226,CDS
10110,7330659,7330814,155,CDS
10111,7329917,7330600,683,CDS
10112,7329743,7329851,108,CDS
10113,7329513,7329689,176,CDS
10114,7329289,7329455,166,CDS
10115,7326617,7326784,167,CDS
10116,7324582,7324737,155,CDS
10117,7323819,7323968,149,CDS
10118,7323022,7323332,310,CDS
10119,7322776,7322956,180,CDS
10120,7322560,7322718,158,CDS
10121,7321583,7321649,66,CDS
10122,7320683,7320764,81,CDS
10123,7377534,7377594,60,CDS
10124,7368388,7368732,344,CDS
10125,7365943,7366104,161,CDS
10126,7361718,7361867,149,CDS
10127,7360082,7360205,123,CDS
10128,7348131,7348975,844,CDS
10129,7347849,7348010,161,CDS
10130,7342583,7342881,298,CDS
10131,7332261,7332380,119,CDS
10132,7330976,7332202,1226,CDS
10133,7330659,7330814,155,CDS
10134,7329917,7330600,683,CDS
10135,7329743,7329851,108,CDS
10136,7329513,7329689,176,CDS
10137,7329289,7329455,166,CDS
10138,7326152,7326364,212,CDS
10139,7324582,7324737,155,CDS
10140,7323819,7323968,149,CDS
10141,7323022,7323332,310,CDS
10142,7322776,7322956,180,CDS
10143,7322560,7322718,158,CDS
10144,7321583,7321649,66,CDS
10145,7320683,7320764,81,CDS
10146,7377534,7377594,60,CDS
10147,7368388,7368732,344,CDS
10148,7366466,7366627,161,CDS
10149,7361718,7361867,149,CDS
10150,7349601,7349721,120,CDS
10151,7348131,7348975,844,CDS
10152,7347849,7348010,161,CDS
10153,7344664,7344954,290,CDS
10154,7332261,7332380,119,CDS
10155,7330976,7332202,1226,CDS
10156,7330659,7330814,155,CDS
10157,7329917,7330600,683,CDS
10158,7329743,7329851,108,CDS
10159,7329513,7329689,176,CDS
10160,7329289,7329455,166,CDS
10161,7326617,7326784,167,CDS
10162,7324582,7324737,155,CDS
10163,7323819,7323968,149,CDS
10164,7323022,7323332,310,CDS
10165,7322776,7322956,180,CDS
10166,7322560,7322718,158,CDS
10167,7321583,7321649,66,CDS
10168,7320683,7320764,81,CDS
10169,7377534,7377594,60,CDS
10170,7368388,7368732,344,CDS
10171,7366466,7366627,161,CDS
10172,7361718,7361867,149,CDS
10173,7350158,7350281,123,CDS
10174,7348131,7348975,844,CDS
10175,7347849,7348010,161,CDS
10176,7347392,7347697,305,CDS
10177,7332261,7332380,119,CDS
10178,7330976,7332202,1226,CDS
10179,7330659,7330814,155,CDS
10180,7329917,7330600,683,CDS
10181,7329743,7329851,108,CDS
10182,7329513,7329689,176,CDS
10183,7329289,7329455,166,CDS
10184,7326152,7326364,212,CDS
10185,7324582,7324737,155,CDS
10186,7323819,7323968,149,CDS
10187,7323022,7323332,310,CDS
10188,7322776,7322956,180,CDS
10189,7322560,7322718,158,CDS
10190,7321583,7321649,66,CDS
10191,7320683,7320764,81,CDS
10192,7377534,7377594,60,CDS
10193,7368388,7368732,344,CDS
10194,7366466,7366627,161,CDS
10195,7361718,7361867,149,CDS
10196,7351174,7351297,123,CDS
10197,7348131,7348975,844,CDS
10198,7347849,7348010,161,CDS
10199,7342583,7342881,298,CDS
10200,7332261,7332380,119,CDS
10201,7330976,7332202,1226,CDS
10202,7330659,7330814,155,CDS
10203,7329917,7330600,683,CDS
10204,7329743,7329851,108,CDS
10205,7329513,7329689,176,CDS
10206,7329289,7329455,166,CDS
10207,7326152,7326364,212,CDS
10208,7324582,7324737,155,CDS
10209,7323819,7323968,149,CDS
10210,7323022,7323332,310,CDS
10211,7322776,7322956,180,CDS
10212,7322560,7322718,158,CDS
10213,7321583,7321649,66,CDS
10214,7320683,7320764,81,CDS
10215,7377534,7377594,60,CDS
10216,7368388,7368732,344,CDS
10217,7366466,7366627,161,CDS
10218,7361718,7361867,149,CDS
10219,7351699,7351822,123,CDS
10220,7348131,7348975,844,CDS
10221,7347849,7348010,161,CDS
10222,7335716,7336003,287,CDS
10223,7332261,7332380,119,CDS
10224,7330976,7332202,1226,CDS
10225,7330659,7330814,155,CDS
10226,7329917,7330600,683,CDS
10227,7329743,7329851,108,CDS
10228,7329513,7329689,176,CDS
10229,7329289,7329455,166,CDS
10230,7326152,7326364,212,CDS
10231,7324582,7324737,155,CDS
10232,7323819,7323968,149,CDS
10233,7323022,7323332,310,CDS
10234,7322776,7322956,180,CDS
10235,7322560,7322718,158,CDS
10236,7321583,7321649,66,CDS
10237,7320683,7320764,81,CDS
10238,7377534,7377594,60,CDS
10239,7368388,7368732,344,CDS
10240,7366466,7366627,161,CDS
10241,7361718,7361867,149,CDS
10242,7353816,7353936,120,CDS
10243,7348131,7348975,844,CDS
10244,7347849,7348010,161,CDS
10245,7344279,7344569,290,CDS
10246,7332261,7332380,119,CDS
10247,7330976,7332202,1226,CDS
10248,7330659,7330814,155,CDS
10249,7329917,7330600,683,CDS
10250,7329743,7329851,108,CDS
10251,7329513,7329689,176,CDS
10252,7329289,7329455,166,CDS
10253,7326617,7326784,167,CDS
10254,7324582,7324737,155,CDS
10255,7323819,7323968,149,CDS
10256,7323022,7323332,310,CDS
10257,7322776,7322956,180,CDS
10258,7322560,7322718,158,CDS
10259,7321583,7321649,66,CDS
10260,7320683,7320764,81,CDS
10261,7377534,7377594,60,CDS
10262,7368388,7368732,344,CDS
10263,7366466,7366627,161,CDS
10264,7361718,7361867,149,CDS
10265,7354686,7354809,123,CDS
10266,7348131,7348975,844,CDS
10267,7347849,7348010,161,CDS
10268,7342583,7342881,298,CDS
10269,7332261,7332380,119,CDS
10270,7330976,7332202,1226,CDS
10271,7330659,7330814,155,CDS
10272,7329917,7330600,683,CDS
10273,7329743,7329851,108,CDS
10274,7329513,7329689,176,CDS
10275,7329289,7329455,166,CDS
10276,7326617,7326784,167,CDS
10277,7324582,7324737,155,CDS
10278,7323819,7323968,149,CDS
10279,7323022,7323332,310,CDS
10280,7322776,7322956,180,CDS
10281,7322560,7322718,158,CDS
10282,7321583,7321649,66,CDS
10283,7320683,7320764,81,CDS
10284,7377534,7377594,60,CDS
10285,7368388,7368732,344,CDS
10286,7366466,7366627,161,CDS
10287,7361718,7361867,149,CDS
10288,7355291,7355414,123,CDS
10289,7348131,7348975,844,CDS
10290,7347849,7348010,161,CDS
10291,7344664,7344954,290,CDS
10292,7332261,7332380,119,CDS
10293,7330976,7332202,1226,CDS
10294,7330659,7330814,155,CDS
10295,7329917,7330600,683,CDS
10296,7329743,7329851,108,CDS
10297,7329513,7329689,176,CDS
10298,7329289,7329455,166,CDS
10299,7326617,7326784,167,CDS
10300,7324582,7324737,155,CDS
10301,7323819,7323968,149,CDS
10302,7323022,7323332,310,CDS
10303,7322776,7322956,180,CDS
10304,7322560,7322718,158,CDS
10305,7321583,7321649,66,CDS
10306,7320683,7320764,81,CDS
10307,7377534,7377594,60,CDS
10308,7368388,7368732,344,CDS
10309,7366466,7366627,161,CDS
10310,7361718,7361867,149,CDS
10311,7356973,7357096,123,CDS
10312,7348131,7348975,844,CDS
10313,7347849,7348010,161,CDS
10314,7335716,7336003,287,CDS
10315,7332261,7332380,119,CDS
10316,7330976,7332202,1226,CDS
10317,7330659,7330814,155,CDS
10318,7329917,7330600,683,CDS
10319,7329743,7329851,108,CDS
10320,7329513,7329689,176,CDS
10321,7329289,7329455,166,CDS
10322,7326152,7326364,212,CDS
10323,7324582,7324737,155,CDS
10324,7323819,7323968,149,CDS
10325,7323022,7323332,310,CDS
10326,7322776,7322956,180,CDS
10327,7322560,7322718,158,CDS
10328,7321583,7321649,66,CDS
10329,7320683,7320764,81,CDS
10330,7377534,7377594,60,CDS
10331,7368388,7368732,344,CDS
10332,7366466,7366627,161,CDS
10333,7361718,7361867,149,CDS
10334,7358429,7358546,117,CDS
10335,7348131,7348975,844,CDS
10336,7347849,7348010,161,CDS
10337,7343718,7344008,290,CDS
10338,7332261,7332380,119,CDS
10339,7330976,7332202,1226,CDS
10340,7330659,7330814,155,CDS
10341,7329917,7330600,683,CDS
10342,7329743,7329851,108,CDS
10343,7329513,7329689,176,CDS
10344,7329289,7329455,166,CDS
10345,7326152,7326364,212,CDS
10346,7324582,7324737,155,CDS
10347,7323819,7323968,149,CDS
10348,7323022,7323332,310,CDS
10349,7322776,7322956,180,CDS
10350,7322560,7322718,158,CDS
10351,7321583,7321649,66,CDS
10352,7320683,7320764,81,CDS
10353,7377534,7377594,60,CDS
10354,7368388,7368732,344,CDS
10355,7366466,7366627,161,CDS
10356,7361718,7361867,149,CDS
10357,7359222,7359345,123,CDS
10358,7348131,7348975,844,CDS
10359,7347849,7348010,161,CDS
10360,7339028,7339315,287,CDS
10361,7332261,7332380,119,CDS
10362,7330976,7332202,1226,CDS
10363,7330659,7330814,155,CDS
10364,7329917,7330600,683,CDS
10365,7329743,7329851,108,CDS
10366,7329513,7329689,176,CDS
10367,7329289,7329455,166,CDS
10368,7326617,7326784,167,CDS
10369,7324582,7324737,155,CDS
10370,7323819,7323968,149,CDS
10371,7323022,7323332,310,CDS
10372,7322776,7322956,180,CDS
10373,7322560,7322718,158,CDS
10374,7321583,7321649,66,CDS
10375,7320683,7320764,81,CDS
10376,7377534,7377594,60,CDS
10377,7368388,7368732,344,CDS
10378,7366466,7366627,161,CDS
10379,7361718,7361867,149,CDS
10380,7359667,7359790,123,CDS
10381,7348131,7348975,844,CDS
10382,7347849,7348010,161,CDS
10383,7335716,7336003,287,CDS
10384,7332261,7332380,119,CDS
10385,7330976,7332202,1226,CDS
10386,7330659,7330814,155,CDS
10387,7329917,7330600,683,CDS
10388,7329743,7329851,108,CDS
10389,7329513,7329689,176,CDS
10390,7329289,7329455,166,CDS
10391,7326617,7326784,167,CDS
10392,7324582,7324737,155,CDS
10393,7323819,7323968,149,CDS
10394,7323022,7323332,310,CDS
10395,7322776,7322956,180,CDS
10396,7322560,7322718,158,CDS
10397,7321583,7321649,66,CDS
10398,7320683,7320764,81,CDS
10399,7377534,7377594,60,CDS
10400,7368388,7368732,344,CDS
10401,7366466,7366627,161,CDS
10402,7361718,7361867,149,CDS
10403,7359875,7360007,132,CDS
10404,7348131,7348975,844,CDS
10405,7347849,7348010,161,CDS
10406,7342583,7342881,298,CDS
10407,7332261,7332380,119,CDS
10408,7330976,7332202,1226,CDS
10409,7330659,7330814,155,CDS
10410,7329917,7330600,683,CDS
10411,7329743,7329851,108,CDS
10412,7329513,7329689,176,CDS
10413,7329289,7329455,166,CDS
10414,7326152,7326364,212,CDS
10415,7324582,7324737,155,CDS
10416,7323819,7323968,149,CDS
10417,7323022,7323332,310,CDS
10418,7322776,7322956,180,CDS
10419,7322560,7322718,158,CDS
10420,7321583,7321649,66,CDS
10421,7320683,7320764,81,CDS
10422,7377534,7377594,60,CDS
10423,7368388,7368732,344,CDS
10424,7366805,7366966,161,CDS
10425,7361718,7361867,149,CDS
10426,7350374,7350497,123,CDS
10427,7348131,7348975,844,CDS
10428,7347849,7348010,161,CDS
10429,7339783,7340070,287,CDS
10430,7332261,7332380,119,CDS
10431,7330976,7332202,1226,CDS
10432,7330659,7330814,155,CDS
10433,7329917,7330600,683,CDS
10434,7329743,7329851,108,CDS
10435,7329513,7329689,176,CDS
10436,7329289,7329455,166,CDS
10437,7326617,7326784,167,CDS
10438,7324582,7324737,155,CDS
10439,7323819,7323968,149,CDS
10440,7323022,7323332,310,CDS
10441,7322776,7322956,180,CDS
10442,7322560,7322718,158,CDS
10443,7321583,7321649,66,CDS
10444,7320683,7320764,81,CDS
10445,7377534,7377594,60,CDS
10446,7368388,7368732,344,CDS
10447,7366805,7366966,161,CDS
10448,7361718,7361867,149,CDS
10449,7353566,7353692,126,CDS
10450,7348131,7348975,844,CDS
10451,7347849,7348010,161,CDS
10452,7339783,7340070,287,CDS
10453,7332261,7332380,119,CDS
10454,7330976,7332202,1226,CDS
10455,7330659,7330814,155,CDS
10456,7329917,7330600,683,CDS
10457,7329743,7329851,108,CDS
10458,7329513,7329689,176,CDS
10459,7329289,7329455,166,CDS
10460,7326617,7326784,167,CDS
10461,7324582,7324737,155,CDS
10462,7323819,7323968,149,CDS
10463,7323022,7323332,310,CDS
10464,7322776,7322956,180,CDS
10465,7322560,7322718,158,CDS
10466,7321583,7321649,66,CDS
10467,7320683,7320764,81,CDS
10468,7377534,7377594,60,CDS
10469,7368388,7368732,344,CDS
10470,7366805,7366966,161,CDS
10471,7361718,7361867,149,CDS
10472,7353816,7353936,120,CDS
10473,7348131,7348975,844,CDS
10474,7347849,7348010,161,CDS
10475,7344279,7344569,290,CDS
10476,7332261,7332380,119,CDS
10477,7330976,7332202,1226,CDS
10478,7330659,7330814,155,CDS
10479,7329917,7330600,683,CDS
10480,7329743,7329851,108,CDS
10481,7329513,7329689,176,CDS
10482,7329289,7329455,166,CDS
10483,7326617,7326784,167,CDS
10484,7324582,7324737,155,CDS
10485,7323819,7323968,149,CDS
10486,7323022,7323332,310,CDS
10487,7322776,7322956,180,CDS
10488,7322560,7322718,158,CDS
10489,7321583,7321649,66,CDS
10490,7320683,7320764,81,CDS
10491,7377534,7377594,60,CDS
10492,7368388,7368732,344,CDS
10493,7366805,7366966,161,CDS
10494,7361718,7361867,149,CDS
10495,7358604,7358727,123,CDS
10496,7348131,7348975,844,CDS
10497,7347849,7348010,161,CDS
10498,7346642,7346929,287,CDS
10499,7332261,7332380,119,CDS
10500,7330976,7332202,1226,CDS
10501,7330659,7330814,155,CDS
10502,7329917,7330600,683,CDS
10503,7329743,7329851,108,CDS
10504,7329513,7329689,176,CDS
10505,7329289,7329455,166,CDS
10506,7326152,7326364,212,CDS
10507,7324582,7324737,155,CDS
10508,7323819,7323968,149,CDS
10509,7323022,7323332,310,CDS
10510,7322776,7322956,180,CDS
10511,7322560,7322718,158,CDS
10512,7321583,7321649,66,CDS
10513,7320683,7320764,81,CDS
10514,7377534,7377594,60,CDS
10515,7368388,7368732,344,CDS
10516,7366805,7366966,161,CDS
10517,7361718,7361867,149,CDS
10518,7359016,7359139,123,CDS
10519,7348131,7348975,844,CDS
10520,7347849,7348010,161,CDS
10521,7343332,7343622,290,CDS
10522,7332261,7332380,119,CDS
10523,7330976,7332202,1226,CDS
10524,7330659,7330814,155,CDS
10525,7329917,7330600,683,CDS
10526,7329743,7329851,108,CDS
10527,7329513,7329689,176,CDS
10528,7329289,7329455,166,CDS
10529,7326617,7326784,167,CDS
10530,7324582,7324737,155,CDS
10531,7323819,7323968,149,CDS
10532,7323022,7323332,310,CDS
10533,7322776,7322956,180,CDS
10534,7322560,7322718,158,CDS
10535,7321583,7321649,66,CDS
10536,7320683,7320764,81,CDS
10537,7377534,7377594,60,CDS
10538,7368388,7368732,344,CDS
10539,7366805,7366966,161,CDS
10540,7361718,7361867,149,CDS
10541,7359667,7359790,123,CDS
10542,7348131,7348975,844,CDS
10543,7347849,7348010,161,CDS
10544,7345876,7346166,290,CDS
10545,7332261,7332380,119,CDS
10546,7330976,7332202,1226,CDS
10547,7330659,7330814,155,CDS
10548,7329917,7330600,683,CDS
10549,7329743,7329851,108,CDS
10550,7329513,7329689,176,CDS
10551,7329289,7329455,166,CDS
10552,7326152,7326364,212,CDS
10553,7324582,7324737,155,CDS
10554,7323819,7323968,149,CDS
10555,7323022,7323332,310,CDS
10556,7322776,7322956,180,CDS
10557,7322560,7322718,158,CDS
10558,7321583,7321649,66,CDS
10559,7320683,7320764,81,CDS
10560,7377534,7377594,60,CDS
10561,7368388,7368732,344,CDS
10562,7366805,7366966,161,CDS
10563,7361718,7361867,149,CDS
10564,7360291,7360414,123,CDS
10565,7348131,7348975,844,CDS
10566,7347849,7348010,161,CDS
10567,7342104,7342391,287,CDS
10568,7332261,7332380,119,CDS
10569,7330976,7332202,1226,CDS
10570,7330659,7330814,155,CDS
10571,7329917,7330600,683,CDS
10572,7329743,7329851,108,CDS
10573,7329513,7329689,176,CDS
10574,7329289,7329455,166,CDS
10575,7326152,7326364,212,CDS
10576,7324582,7324737,155,CDS
10577,7323819,7323968,149,CDS
10578,7323022,7323332,310,CDS
10579,7322776,7322956,180,CDS
10580,7322560,7322718,158,CDS
10581,7321583,7321649,66,CDS
10582,7320683,7320764,81,CDS
10583,7325896,7335195,9299,gene
10584,7325896,7326076,180,ncRNA
10585,7333522,7333639,117,ncRNA
10586,7333696,7333910,214,ncRNA
10587,7334401,7334783,382,ncRNA
10588,7334869,7335195,326,ncRNA
10589,7325896,7326076,180,ncRNA
10590,7333696,7333910,214,ncRNA
10591,7334401,7334783,382,ncRNA
10592,7334869,7335195,326,ncRNA
10593,7343345,7343695,350,gene
10594,7343345,7343695,350,ncRNA
10595,7377346,7377390,44,mobile_element
10596,7382176,7387115,4939,gene
10597,7386328,7387115,787,mRNA
10598,7385558,7386269,711,mRNA
10599,7385083,7385501,418,mRNA
10600,7382176,7385019,2843,mRNA
10601,7386328,7387115,787,mRNA
10602,7385558,7386269,711,mRNA
10603,7385083,7385501,418,mRNA
10604,7382523,7385019,2496,mRNA
10605,7386328,7386979,651,CDS
10606,7385558,7386269,711,CDS
10607,7385083,7385501,418,CDS
10608,7383197,7385019,1822,CDS
10609,7386328,7386979,651,CDS
10610,7385558,7386269,711,CDS
10611,7385083,7385501,418,CDS
10612,7383197,7385019,1822,CDS
10613,7387187,7391023,3836,gene
10614,7387187,7387580,393,mRNA
10615,7387635,7388428,793,mRNA
10616,7388708,7389181,473,mRNA
10617,7389247,7389510,263,mRNA
10618,7390078,7390200,122,mRNA
10619,7390268,7390621,353,mRNA
10620,7390680,7391023,343,mRNA
10621,7387324,7387580,256,mRNA
10622,7387635,7388428,793,mRNA
10623,7388708,7389181,473,mRNA
10624,7389247,7389510,263,mRNA
10625,7390078,7390200,122,mRNA
10626,7390268,7390621,353,mRNA
10627,7390680,7391023,343,mRNA
10628,7387528,7387580,52,CDS
10629,7387635,7388428,793,CDS
10630,7388708,7389181,473,CDS
10631,7389247,7389510,263,CDS
10632,7390078,7390200,122,CDS
10633,7390268,7390621,353,CDS
10634,7390680,7390807,127,CDS
10635,7387528,7387580,52,CDS
10636,7387635,7388428,793,CDS
10637,7388708,7389181,473,CDS
10638,7389247,7389510,263,CDS
10639,7390078,7390200,122,CDS
10640,7390268,7390621,353,CDS
10641,7390680,7390807,127,CDS
10642,7390869,7393161,2292,gene
10643,7392996,7393161,165,mRNA
10644,7392878,7392932,54,mRNA
10645,7392372,7392504,132,mRNA
10646,7392142,7392304,162,mRNA
10647,7391896,7392039,143,mRNA
10648,7391700,7391840,140,mRNA
10649,7391555,7391633,78,mRNA
10650,7391147,7391498,351,mRNA
10651,7390869,7391084,215,mRNA
10652,7392996,7393161,165,mRNA
10653,7392878,7392932,54,mRNA
10654,7392372,7392504,132,mRNA
10655,7392142,7392304,162,mRNA
10656,7391896,7392039,143,mRNA
10657,7391555,7391840,285,mRNA
10658,7391147,7391498,351,mRNA
10659,7390869,7391084,215,mRNA
10660,7392996,7393161,165,mRNA
10661,7392878,7392932,54,mRNA
10662,7392372,7392516,144,mRNA
10663,7392142,7392304,162,mRNA
10664,7391896,7392039,143,mRNA
10665,7391555,7391840,285,mRNA
10666,7391147,7391498,351,mRNA
10667,7390869,7391084,215,mRNA
10668,7392996,7393149,153,CDS
10669,7392878,7392932,54,CDS
10670,7392372,7392504,132,CDS
10671,7392142,7392304,162,CDS
10672,7391896,7392039,143,CDS
10673,7391700,7391840,140,CDS
10674,7391555,7391633,78,CDS
10675,7391147,7391498,351,CDS
10676,7391022,7391084,62,CDS
10677,7392996,7393149,153,CDS
10678,7392878,7392932,54,CDS
10679,7392372,7392504,132,CDS
10680,7392142,7392304,162,CDS
10681,7391896,7392039,143,CDS
10682,7391555,7391840,285,CDS
10683,7391147,7391498,351,CDS
10684,7391022,7391084,62,CDS
10685,7392996,7393149,153,CDS
10686,7392878,7392932,54,CDS
10687,7392372,7392516,144,CDS
10688,7392142,7392304,162,CDS
10689,7391896,7392039,143,CDS
10690,7391555,7391840,285,CDS
10691,7391147,7391498,351,CDS
10692,7391022,7391084,62,CDS
10693,7393546,7395932,2386,gene
10694,7395795,7395932,137,mRNA
10695,7395590,7395726,136,mRNA
10696,7395431,7395517,86,mRNA
10697,7393848,7393961,113,mRNA
10698,7393546,7393789,243,mRNA
10699,7395795,7395866,71,CDS
10700,7395590,7395726,136,CDS
10701,7395431,7395517,86,CDS
10702,7393848,7393961,113,CDS
10703,7393669,7393789,120,CDS
10704,7394148,7395130,982,mobile_element
10705,7394996,7396194,1198,gene
10706,7394996,7396194,1198,ncRNA
10707,7396290,7396691,401,mobile_element
10708,7396850,7407819,10969,gene
10709,7407740,7407819,79,mRNA
10710,7406206,7407060,854,mRNA
10711,7406038,7406130,92,mRNA
10712,7399874,7400012,138,mRNA
10713,7399616,7399815,199,mRNA
10714,7399379,7399466,87,mRNA
10715,7398871,7399324,453,mRNA
10716,7396850,7398809,1959,mRNA
10717,7407740,7407819,79,mRNA
10718,7406647,7407060,413,mRNA
10719,7406038,7406119,81,mRNA
10720,7399874,7400012,138,mRNA
10721,7399616,7399815,199,mRNA
10722,7399379,7399466,87,mRNA
10723,7398871,7399324,453,mRNA
10724,7398226,7398809,583,mRNA
10725,7407138,7407819,681,mRNA
10726,7406206,7407060,854,mRNA
10727,7406038,7406130,92,mRNA
10728,7399874,7400012,138,mRNA
10729,7399616,7399815,199,mRNA
10730,7399379,7399466,87,mRNA
10731,7398871,7399324,453,mRNA
10732,7398226,7398809,583,mRNA
10733,7406206,7407819,1613,mRNA
10734,7406038,7406130,92,mRNA
10735,7399874,7400012,138,mRNA
10736,7399616,7399815,199,mRNA
10737,7399379,7399466,87,mRNA
10738,7398871,7399324,453,mRNA
10739,7398226,7398809,583,mRNA
10740,7406206,7406332,126,CDS
10741,7406038,7406130,92,CDS
10742,7399874,7400012,138,CDS
10743,7399616,7399815,199,CDS
10744,7399379,7399466,87,CDS
10745,7398871,7399324,453,CDS
10746,7398396,7398809,413,CDS
10747,7406206,7406332,126,CDS
10748,7406038,7406130,92,CDS
10749,7399874,7400012,138,CDS
10750,7399616,7399815,199,CDS
10751,7399379,7399466,87,CDS
10752,7398871,7399324,453,CDS
10753,7398396,7398809,413,CDS
10754,7406206,7406332,126,CDS
10755,7406038,7406130,92,CDS
10756,7399874,7400012,138,CDS
10757,7399616,7399815,199,CDS
10758,7399379,7399466,87,CDS
10759,7398871,7399324,453,CDS
10760,7398396,7398809,413,CDS
10761,7406038,7406095,57,CDS
10762,7399874,7400012,138,CDS
10763,7399616,7399815,199,CDS
10764,7399379,7399466,87,CDS
10765,7398871,7399324,453,CDS
10766,7398396,7398809,413,CDS
10767,7400743,7401482,739,gene
10768,7400743,7400811,68,mRNA
10769,7400876,7401482,606,mRNA
10770,7400787,7400811,24,CDS
10771,7400876,7401444,568,CDS
10772,7401859,7402364,505,gene
10773,7401859,7401892,33,mRNA
10774,7401946,7402364,418,mRNA
10775,7401868,7401892,24,CDS
10776,7401946,7402337,391,CDS
10777,7402757,7403870,1113,gene
10778,7402757,7402816,59,mRNA
10779,7402942,7403870,928,mRNA
10780,7402780,7402816,36,CDS
10781,7402942,7403753,811,CDS
10782,7404035,7404441,406,gene
10783,7404035,7404082,47,mRNA
10784,7404132,7404441,309,mRNA
10785,7404058,7404082,24,CDS
10786,7404132,7404355,223,CDS
10787,7406733,7406837,104,gene
10788,7406733,7406837,104,precursor_RNA
10789,7406757,7406779,22,ncRNA
10790,7406794,7406814,20,ncRNA
10791,7408371,7409385,1014,gene
10792,7409336,7409385,49,mRNA
10793,7408371,7409272,901,mRNA
10794,7408438,7408532,94,mobile_element
10795,7409336,7409385,49,mRNA
10796,7408870,7409272,402,mRNA
10797,7409336,7409360,24,CDS
10798,7408893,7409272,379,CDS
10799,7409336,7409360,24,CDS
10800,7408893,7409272,379,CDS
10801,7419350,7434872,15522,gene
10802,7419350,7419998,648,mRNA
10803,7424185,7424669,484,mRNA
10804,7424805,7425015,210,mRNA
10805,7425153,7425280,127,mRNA
10806,7425876,7425980,104,mRNA
10807,7426184,7426239,55,mRNA
10808,7433721,7434872,1151,mRNA
10809,7422496,7422994,498,gene
10810,7422899,7422994,95,ncRNA
10811,7422496,7422831,335,ncRNA
10812,7424331,7424669,338,CDS
10813,7424805,7425015,210,CDS
10814,7425153,7425280,127,CDS
10815,7425876,7425980,104,CDS
10816,7426184,7426239,55,CDS
10817,7433721,7434132,411,CDS
10818,7427905,7428593,688,gene
10819,7428512,7428593,81,mRNA
10820,7428151,7428455,304,mRNA
10821,7427905,7428091,186,mRNA
10822,7428512,7428553,41,CDS
10823,7428151,7428455,304,CDS
10824,7427989,7428091,102,CDS
10825,7429496,7429995,499,gene
10826,7429496,7429995,499,ncRNA
10827,7431696,7432496,800,gene
10828,7431696,7432496,800,ncRNA
10829,7434948,7439183,4235,mobile_element
10830,7440706,7442885,2179,gene
10831,7440706,7440968,262,mRNA
10832,7441027,7442885,1858,mRNA
10833,7440779,7440968,189,CDS
10834,7441027,7442834,1807,CDS
10835,7442864,7443827,963,gene
10836,7442864,7443375,511,mRNA
10837,7443443,7443827,384,mRNA
10838,7443043,7443382,339,mRNA
10839,7443443,7443827,384,mRNA
10840,7443043,7443375,332,mRNA
10841,7443443,7443827,384,mRNA
10842,7443074,7443375,301,CDS
10843,7443443,7443701,258,CDS
10844,7443074,7443375,301,CDS
10845,7443443,7443701,258,CDS
10846,7443074,7443379,305,CDS
10847,7443824,7445792,1968,gene
10848,7443824,7445792,1968,gene
10849,7445582,7445792,210,mRNA
10850,7444349,7445517,1168,mRNA
10851,7443824,7444285,461,mRNA
10852,7445582,7445792,210,mRNA
10853,7444349,7445517,1168,mRNA
10854,7443824,7444285,461,mRNA
10855,7445582,7445792,210,mRNA
10856,7443824,7445517,1693,mRNA
10857,7444349,7444627,278,mRNA
10858,7443824,7444285,461,mRNA
10859,7444349,7444596,247,CDS
10860,7444012,7444285,273,CDS
10861,7444349,7444596,247,CDS
10862,7444012,7444285,273,CDS
10863,7445582,7445792,210,mRNA
10864,7444796,7445517,721,mRNA
10865,7445582,7445695,113,CDS
10866,7445026,7445517,491,CDS
10867,7445582,7445695,113,CDS
10868,7445026,7445517,491,CDS
10869,7445582,7445695,113,CDS
10870,7445026,7445517,491,CDS
10871,7446189,7451553,5364,gene
10872,7451446,7451553,107,mRNA
10873,7449418,7449779,361,mRNA
10874,7446954,7447181,227,mRNA
10875,7446189,7446889,700,mRNA
10876,7449418,7449768,350,CDS
10877,7446954,7447181,227,CDS
10878,7446401,7446889,488,CDS
10879,7447473,7449995,2522,gene
10880,7447473,7447711,238,mRNA
10881,7447787,7448255,468,mRNA
10882,7448312,7448619,307,mRNA
10883,7448783,7448941,158,mRNA
10884,7448994,7449995,1001,mRNA
10885,7447473,7447711,238,mRNA
10886,7447787,7448255,468,mRNA
10887,7448312,7448619,307,mRNA
10888,7448783,7448941,158,mRNA
10889,7448994,7449415,421,mRNA
10890,7447654,7447711,57,CDS
10891,7447787,7448255,468,CDS
10892,7448312,7448619,307,CDS
10893,7448783,7448941,158,CDS
10894,7448994,7449166,172,CDS
10895,7447654,7447711,57,CDS
10896,7447787,7448255,468,CDS
10897,7448312,7448619,307,CDS
10898,7448783,7448941,158,CDS
10899,7448994,7449166,172,CDS
10900,7451670,7452365,695,gene
10901,7451670,7452365,695,ncRNA
10902,7453605,7453703,98,mobile_element
10903,7453829,7453909,80,mobile_element
10904,7454922,7458874,3952,gene
10905,7458609,7458874,265,mRNA
10906,7456149,7456847,698,mRNA
10907,7455834,7456076,242,mRNA
10908,7455302,7455769,467,mRNA
10909,7454922,7455231,309,mRNA
10910,7458609,7458737,128,CDS
10911,7456149,7456847,698,CDS
10912,7455834,7456076,242,CDS
10913,7455302,7455769,467,CDS
10914,7455073,7455231,158,CDS
10915,7459446,7459731,285,mobile_element
10916,7459685,7463395,3710,gene
10917,7462786,7463139,353,mRNA
10918,7462412,7462696,284,mRNA
10919,7461256,7462343,1087,mRNA
10920,7459685,7461200,1515,mRNA
10921,7462786,7463395,609,mRNA
10922,7462412,7462696,284,mRNA
10923,7461256,7462343,1087,mRNA
10924,7460431,7461200,769,mRNA
10925,7462786,7463139,353,mRNA
10926,7462412,7462696,284,mRNA
10927,7461256,7462343,1087,mRNA
10928,7460431,7461200,769,mRNA
10929,7462786,7463004,218,CDS
10930,7462412,7462696,284,CDS
10931,7461256,7462343,1087,CDS
10932,7460660,7461200,540,CDS
10933,7462786,7463004,218,CDS
10934,7462412,7462696,284,CDS
10935,7461256,7462343,1087,CDS
10936,7460660,7461200,540,CDS
10937,7462786,7463004,218,CDS
10938,7462412,7462696,284,CDS
10939,7461256,7462343,1087,CDS
10940,7460660,7461200,540,CDS
10941,7463504,7464987,1483,gene
10942,7463504,7464987,1483,mRNA
10943,7463590,7464939,1349,CDS
10944,7465018,7466759,1741,gene
10945,7466569,7466759,190,mRNA
10946,7466263,7466477,214,mRNA
10947,7465779,7466207,428,mRNA
10948,7465331,7465675,344,mRNA
10949,7465018,7465269,251,mRNA
10950,7466569,7466670,101,CDS
10951,7466263,7466477,214,CDS
10952,7465779,7466207,428,CDS
10953,7465331,7465675,344,CDS
10954,7465137,7465269,132,CDS
10955,7466879,7477162,10283,gene
10956,7476889,7477162,273,mRNA
10957,7475440,7475559,119,mRNA
10958,7475342,7475377,35,mRNA
10959,7473722,7473843,121,mRNA
10960,7473288,7473346,58,mRNA
10961,7470702,7470882,180,mRNA
10962,7470394,7470615,221,mRNA
10963,7469909,7470072,163,mRNA
10964,7469615,7469845,230,mRNA
10965,7469360,7469557,197,mRNA
10966,7468422,7468537,115,mRNA
10967,7467691,7467826,135,mRNA
10968,7467483,7467633,150,mRNA
10969,7466879,7467316,437,mRNA
10970,7476247,7477162,915,mRNA
10971,7475440,7475559,119,mRNA
10972,7475342,7475380,38,mRNA
10973,7473722,7473843,121,mRNA
10974,7473288,7473346,58,mRNA
10975,7470702,7470882,180,mRNA
10976,7470394,7470615,221,mRNA
10977,7469909,7470072,163,mRNA
10978,7469615,7469845,230,mRNA
10979,7469360,7469557,197,mRNA
10980,7468422,7468537,115,mRNA
10981,7467691,7467826,135,mRNA
10982,7467483,7467633,150,mRNA
10983,7467221,7467316,95,mRNA
10984,7466879,7467050,171,mRNA
10985,7476464,7476641,177,mRNA
10986,7475440,7475559,119,mRNA
10987,7475342,7475377,35,mRNA
10988,7473722,7473843,121,mRNA
10989,7473288,7473346,58,mRNA
10990,7470702,7470882,180,mRNA
10991,7470394,7470615,221,mRNA
10992,7469909,7470072,163,mRNA
10993,7469615,7469845,230,mRNA
10994,7469360,7469557,197,mRNA
10995,7469110,7469225,115,mRNA
10996,7467691,7467826,135,mRNA
10997,7467483,7467633,150,mRNA
10998,7466879,7467316,437,mRNA
10999,7476247,7476641,394,mRNA
11000,7475440,7475559,119,mRNA
11001,7475342,7475380,38,mRNA
11002,7473722,7473843,121,mRNA
11003,7473288,7473346,58,mRNA
11004,7470702,7470882,180,mRNA
11005,7470394,7470615,221,mRNA
11006,7469909,7470072,163,mRNA
11007,7469615,7469845,230,mRNA
11008,7469360,7469557,197,mRNA
11009,7469110,7469225,115,mRNA
11010,7467691,7467826,135,mRNA
11011,7467483,7467633,150,mRNA
11012,7466879,7467050,171,mRNA
11013,7474626,7474659,33,mRNA
11014,7473722,7473843,121,mRNA
11015,7473288,7473346,58,mRNA
11016,7470702,7470882,180,mRNA
11017,7470394,7470615,221,mRNA
11018,7469909,7470072,163,mRNA
11019,7469615,7469845,230,mRNA
11020,7469360,7469557,197,mRNA
11021,7469110,7469225,115,mRNA
11022,7467691,7467826,135,mRNA
11023,7467483,7467633,150,mRNA
11024,7466879,7467316,437,mRNA
11025,7474572,7474659,87,mRNA
11026,7473722,7473843,121,mRNA
11027,7473288,7473346,58,mRNA
11028,7470702,7470882,180,mRNA
11029,7470394,7470615,221,mRNA
11030,7469909,7470072,163,mRNA
11031,7469615,7469845,230,mRNA
11032,7469360,7469557,197,mRNA
11033,7468422,7468537,115,mRNA
11034,7467691,7467826,135,mRNA
11035,7467483,7467633,150,mRNA
11036,7466879,7467050,171,mRNA
11037,7474572,7474659,87,mRNA
11038,7473722,7473843,121,mRNA
11039,7473288,7473346,58,mRNA
11040,7470702,7470882,180,mRNA
11041,7470394,7470615,221,mRNA
11042,7469909,7470072,163,mRNA
11043,7469615,7469845,230,mRNA
11044,7469360,7469557,197,mRNA
11045,7468422,7468537,115,mRNA
11046,7467691,7467826,135,mRNA
11047,7467474,7467633,159,mRNA
11048,7466879,7467316,437,mRNA
11049,7474572,7474659,87,mRNA
11050,7473722,7473843,121,mRNA
11051,7473288,7473346,58,mRNA
11052,7470702,7470882,180,mRNA
11053,7470394,7470615,221,mRNA
11054,7469909,7470072,163,mRNA
11055,7469615,7469845,230,mRNA
11056,7469360,7469557,197,mRNA
11057,7469110,7469225,115,mRNA
11058,7467691,7467826,135,mRNA
11059,7467483,7467633,150,mRNA
11060,7466879,7467050,171,mRNA
11061,7474005,7474130,125,mRNA
11062,7473722,7473843,121,mRNA
11063,7473288,7473346,58,mRNA
11064,7470702,7470882,180,mRNA
11065,7470394,7470615,221,mRNA
11066,7469909,7470072,163,mRNA
11067,7469615,7469845,230,mRNA
11068,7469360,7469557,197,mRNA
11069,7469110,7469225,115,mRNA
11070,7467691,7467826,135,mRNA
11071,7467483,7467633,150,mRNA
11072,7466879,7467316,437,mRNA
11073,7473916,7474130,214,mRNA
11074,7473722,7473843,121,mRNA
11075,7473288,7473346,58,mRNA
11076,7470702,7470882,180,mRNA
11077,7470394,7470615,221,mRNA
11078,7469909,7470072,163,mRNA
11079,7469615,7469845,230,mRNA
11080,7469360,7469557,197,mRNA
11081,7468422,7468537,115,mRNA
11082,7467691,7467826,135,mRNA
11083,7467483,7467633,150,mRNA
11084,7466879,7467316,437,mRNA
11085,7473916,7474130,214,mRNA
11086,7473722,7473843,121,mRNA
11087,7473288,7473346,58,mRNA
11088,7470702,7470882,180,mRNA
11089,7470394,7470615,221,mRNA
11090,7469909,7470072,163,mRNA
11091,7469615,7469845,230,mRNA
11092,7469360,7469557,197,mRNA
11093,7469110,7469225,115,mRNA
11094,7467691,7467826,135,mRNA
11095,7467483,7467633,150,mRNA
11096,7466879,7467316,437,mRNA
11097,7473722,7474130,408,mRNA
11098,7473288,7473346,58,mRNA
11099,7470702,7470882,180,mRNA
11100,7470394,7470615,221,mRNA
11101,7469909,7470072,163,mRNA
11102,7469615,7469845,230,mRNA
11103,7469360,7469557,197,mRNA
11104,7469110,7469225,115,mRNA
11105,7467691,7467826,135,mRNA
11106,7467483,7467633,150,mRNA
11107,7466879,7467316,437,mRNA
11108,7475440,7475494,54,CDS
11109,7475342,7475380,38,CDS
11110,7473722,7473843,121,CDS
11111,7473288,7473346,58,CDS
11112,7470702,7470882,180,CDS
11113,7470394,7470615,221,CDS
11114,7469909,7470072,163,CDS
11115,7469615,7469845,230,CDS
11116,7469360,7469557,197,CDS
11117,7469110,7469225,115,CDS
11118,7467691,7467826,135,CDS
11119,7467483,7467633,150,CDS
11120,7467033,7467050,17,CDS
11121,7473722,7473739,17,CDS
11122,7473288,7473346,58,CDS
11123,7470702,7470882,180,CDS
11124,7470394,7470615,221,CDS
11125,7469909,7470072,163,CDS
11126,7469615,7469845,230,CDS
11127,7469360,7469557,197,CDS
11128,7468422,7468537,115,CDS
11129,7467691,7467826,135,CDS
11130,7467483,7467633,150,CDS
11131,7467033,7467050,17,CDS
11132,7473722,7473739,17,CDS
11133,7473288,7473346,58,CDS
11134,7470702,7470882,180,CDS
11135,7470394,7470615,221,CDS
11136,7469909,7470072,163,CDS
11137,7469615,7469845,230,CDS
11138,7469360,7469557,197,CDS
11139,7469110,7469225,115,CDS
11140,7467691,7467826,135,CDS
11141,7467483,7467633,150,CDS
11142,7467033,7467050,17,CDS
11143,7475440,7475494,54,CDS
11144,7475342,7475377,35,CDS
11145,7473722,7473843,121,CDS
11146,7473288,7473346,58,CDS
11147,7470702,7470882,180,CDS
11148,7470394,7470615,221,CDS
11149,7469909,7470072,163,CDS
11150,7469615,7469845,230,CDS
11151,7469360,7469557,197,CDS
11152,7468422,7468537,115,CDS
11153,7467691,7467826,135,CDS
11154,7467483,7467633,150,CDS
11155,7467296,7467316,20,CDS
11156,7475440,7475494,54,CDS
11157,7475342,7475377,35,CDS
11158,7473722,7473843,121,CDS
11159,7473288,7473346,58,CDS
11160,7470702,7470882,180,CDS
11161,7470394,7470615,221,CDS
11162,7469909,7470072,163,CDS
11163,7469615,7469845,230,CDS
11164,7469360,7469557,197,CDS
11165,7469110,7469225,115,CDS
11166,7467691,7467826,135,CDS
11167,7467483,7467633,150,CDS
11168,7467296,7467316,20,CDS
11169,7475440,7475494,54,CDS
11170,7475342,7475380,38,CDS
11171,7473722,7473843,121,CDS
11172,7473288,7473346,58,CDS
11173,7470702,7470882,180,CDS
11174,7470394,7470615,221,CDS
11175,7469909,7470072,163,CDS
11176,7469615,7469845,230,CDS
11177,7469360,7469557,197,CDS
11178,7468422,7468537,115,CDS
11179,7467691,7467826,135,CDS
11180,7467483,7467633,150,CDS
11181,7467296,7467316,20,CDS
11182,7473722,7473739,17,CDS
11183,7473288,7473346,58,CDS
11184,7470702,7470882,180,CDS
11185,7470394,7470615,221,CDS
11186,7469909,7470072,163,CDS
11187,7469615,7469845,230,CDS
11188,7469360,7469557,197,CDS
11189,7468422,7468537,115,CDS
11190,7467691,7467826,135,CDS
11191,7467483,7467633,150,CDS
11192,7467296,7467316,20,CDS
11193,7473722,7473739,17,CDS
11194,7473288,7473346,58,CDS
11195,7470702,7470882,180,CDS
11196,7470394,7470615,221,CDS
11197,7469909,7470072,163,CDS
11198,7469615,7469845,230,CDS
11199,7469360,7469557,197,CDS
11200,7468422,7468537,115,CDS
11201,7467691,7467826,135,CDS
11202,7467474,7467633,159,CDS
11203,7467296,7467316,20,CDS
11204,7473722,7473739,17,CDS
11205,7473288,7473346,58,CDS
11206,7470702,7470882,180,CDS
11207,7470394,7470615,221,CDS
11208,7469909,7470072,163,CDS
11209,7469615,7469845,230,CDS
11210,7469360,7469557,197,CDS
11211,7469110,7469225,115,CDS
11212,7467691,7467826,135,CDS
11213,7467483,7467633,150,CDS
11214,7467296,7467316,20,CDS
11215,7473722,7473739,17,CDS
11216,7473288,7473346,58,CDS
11217,7470702,7470882,180,CDS
11218,7470394,7470615,221,CDS
11219,7469909,7470072,163,CDS
11220,7469615,7469845,230,CDS
11221,7469360,7469557,197,CDS
11222,7469110,7469225,115,CDS
11223,7467691,7467826,135,CDS
11224,7467483,7467633,150,CDS
11225,7467296,7467316,20,CDS
11226,7473722,7473739,17,CDS
11227,7473288,7473346,58,CDS
11228,7470702,7470882,180,CDS
11229,7470394,7470615,221,CDS
11230,7469909,7470072,163,CDS
11231,7469615,7469845,230,CDS
11232,7469360,7469557,197,CDS
11233,7469110,7469225,115,CDS
11234,7467691,7467826,135,CDS
11235,7467483,7467633,150,CDS
11236,7467296,7467316,20,CDS
11237,7473722,7473739,17,CDS
11238,7473288,7473346,58,CDS
11239,7470702,7470882,180,CDS
11240,7470394,7470615,221,CDS
11241,7469909,7470072,163,CDS
11242,7469615,7469845,230,CDS
11243,7469360,7469557,197,CDS
11244,7469110,7469225,115,CDS
11245,7467691,7467826,135,CDS
11246,7467483,7467633,150,CDS
11247,7467296,7467316,20,CDS
11248,7478853,7489823,10970,gene
11249,7489333,7489823,490,mRNA
11250,7485885,7486167,282,mRNA
11251,7483862,7485815,1953,mRNA
11252,7483647,7483799,152,mRNA
11253,7478853,7483564,4711,mRNA
11254,7485885,7486328,443,mRNA
11255,7483862,7485815,1953,mRNA
11256,7483647,7483799,152,mRNA
11257,7480095,7483564,3469,mRNA
11258,7489646,7489823,177,mRNA
11259,7489333,7489570,237,mRNA
11260,7485885,7486167,282,mRNA
11261,7483862,7485815,1953,mRNA
11262,7483647,7483799,152,mRNA
11263,7481876,7483564,1688,mRNA
11264,7488456,7488692,236,mRNA
11265,7485885,7486167,282,mRNA
11266,7483862,7485815,1953,mRNA
11267,7483647,7483799,152,mRNA
11268,7481876,7483564,1688,mRNA
11269,7489333,7489823,490,mRNA
11270,7485885,7486167,282,mRNA
11271,7483862,7485815,1953,mRNA
11272,7483647,7483799,152,mRNA
11273,7483156,7483564,408,mRNA
11274,7485885,7486105,220,CDS
11275,7483862,7485815,1953,CDS
11276,7483647,7483799,152,CDS
11277,7483394,7483564,170,CDS
11278,7485885,7486105,220,CDS
11279,7483862,7485815,1953,CDS
11280,7483647,7483799,152,CDS
11281,7483394,7483564,170,CDS
11282,7485885,7486105,220,CDS
11283,7483862,7485815,1953,CDS
11284,7483647,7483799,152,CDS
11285,7483394,7483564,170,CDS
11286,7485885,7486105,220,CDS
11287,7483862,7485815,1953,CDS
11288,7483647,7483799,152,CDS
11289,7483394,7483564,170,CDS
11290,7485885,7486105,220,CDS
11291,7483862,7485815,1953,CDS
11292,7483647,7483799,152,CDS
11293,7483394,7483564,170,CDS
11294,7490836,7492589,1753,gene
11295,7491946,7492589,643,mRNA
11296,7490836,7491881,1045,mRNA
11297,7491946,7492312,366,mRNA
11298,7490836,7491881,1045,mRNA
11299,7491946,7492189,243,CDS
11300,7491049,7491881,832,CDS
11301,7491946,7492189,243,CDS
11302,7491049,7491881,832,CDS
11303,7492364,7493497,1133,gene
11304,7492364,7493497,1133,ncRNA
11305,7492364,7492792,428,ncRNA
11306,7493355,7493497,142,ncRNA
11307,7493806,7496466,2660,gene
11308,7495526,7496466,940,mRNA
11309,7494866,7495461,595,mRNA
11310,7493806,7494797,991,mRNA
11311,7495526,7496347,821,mRNA
11312,7494866,7495461,595,mRNA
11313,7494012,7494797,785,mRNA
11314,7495526,7496347,821,mRNA
11315,7494012,7495461,1449,mRNA
11316,7495526,7496261,735,CDS
11317,7494866,7495461,595,CDS
11318,7494369,7494797,428,CDS
11319,7495526,7496261,735,CDS
11320,7494866,7495461,595,CDS
11321,7494369,7494797,428,CDS
11322,7495526,7496261,735,CDS
11323,7494824,7495461,637,CDS
11324,7496702,7500145,3443,gene
11325,7499702,7500145,443,mRNA
11326,7499327,7499637,310,mRNA
11327,7498339,7499267,928,mRNA
11328,7497907,7498278,371,mRNA
11329,7497479,7497845,366,mRNA
11330,7496957,7497409,452,mRNA
11331,7496702,7496896,194,mRNA
11332,7499702,7499877,175,mRNA
11333,7499327,7499637,310,mRNA
11334,7498339,7499267,928,mRNA
11335,7497907,7498278,371,mRNA
11336,7497479,7497845,366,mRNA
11337,7496957,7497409,452,mRNA
11338,7496702,7496896,194,mRNA
11339,7499702,7499774,72,CDS
11340,7499327,7499637,310,CDS
11341,7498339,7499267,928,CDS
11342,7497907,7498278,371,CDS
11343,7497479,7497845,366,CDS
11344,7496957,7497409,452,CDS
11345,7496801,7496896,95,CDS
11346,7499702,7499774,72,CDS
11347,7499327,7499637,310,CDS
11348,7498339,7499267,928,CDS
11349,7497907,7498278,371,CDS
11350,7497479,7497845,366,CDS
11351,7496957,7497409,452,CDS
11352,7496801,7496896,95,CDS
11353,7500147,7508625,8478,gene
11354,7500147,7500508,361,mRNA
11355,7500911,7501724,813,mRNA
11356,7501790,7502028,238,mRNA
11357,7502102,7502590,488,mRNA
11358,7502644,7502737,93,mRNA
11359,7502802,7503028,226,mRNA
11360,7503649,7503762,113,mRNA
11361,7503829,7504715,886,mRNA
11362,7504775,7505301,526,mRNA
11363,7505364,7505499,135,mRNA
11364,7505649,7505746,97,mRNA
11365,7505839,7506019,180,mRNA
11366,7506077,7506589,512,mRNA
11367,7506655,7506786,131,mRNA
11368,7506849,7507377,528,mRNA
11369,7507436,7507660,224,mRNA
11370,7507715,7508625,910,mRNA
11371,7500147,7500508,361,mRNA
11372,7500911,7501724,813,mRNA
11373,7501790,7502028,238,mRNA
11374,7502102,7502590,488,mRNA
11375,7502644,7502737,93,mRNA
11376,7502802,7503028,226,mRNA
11377,7503172,7503195,23,mRNA
11378,7503649,7503762,113,mRNA
11379,7503829,7504715,886,mRNA
11380,7504775,7505301,526,mRNA
11381,7505364,7505499,135,mRNA
11382,7505649,7505746,97,mRNA
11383,7505839,7506019,180,mRNA
11384,7506077,7506589,512,mRNA
11385,7506655,7506786,131,mRNA
11386,7506849,7507377,528,mRNA
11387,7507436,7507660,224,mRNA
11388,7507715,7508237,522,mRNA
11389,7500147,7500508,361,mRNA
11390,7500911,7501724,813,mRNA
11391,7501790,7502028,238,mRNA
11392,7502102,7502590,488,mRNA
11393,7502644,7502737,93,mRNA
11394,7502802,7503028,226,mRNA
11395,7503649,7503762,113,mRNA
11396,7503829,7504715,886,mRNA
11397,7504775,7505301,526,mRNA
11398,7505364,7505499,135,mRNA
11399,7505839,7506019,180,mRNA
11400,7506077,7506589,512,mRNA
11401,7506655,7506786,131,mRNA
11402,7506849,7507377,528,mRNA
11403,7507436,7507660,224,mRNA
11404,7507715,7508237,522,mRNA
11405,7500479,7500508,29,CDS
11406,7500911,7501724,813,CDS
11407,7501790,7502028,238,CDS
11408,7502102,7502590,488,CDS
11409,7502644,7502737,93,CDS
11410,7502802,7503028,226,CDS
11411,7503172,7503195,23,CDS
11412,7503649,7503762,113,CDS
11413,7503829,7504715,886,CDS
11414,7504775,7505301,526,CDS
11415,7505364,7505499,135,CDS
11416,7505649,7505746,97,CDS
11417,7505839,7506019,180,CDS
11418,7506077,7506589,512,CDS
11419,7506655,7506786,131,CDS
11420,7506849,7507377,528,CDS
11421,7507436,7507660,224,CDS
11422,7507715,7507858,143,CDS
11423,7500479,7500508,29,CDS
11424,7500911,7501724,813,CDS
11425,7501790,7502028,238,CDS
11426,7502102,7502590,488,CDS
11427,7502644,7502737,93,CDS
11428,7502802,7503028,226,CDS
11429,7503649,7503762,113,CDS
11430,7503829,7504715,886,CDS
11431,7504775,7505301,526,CDS
11432,7505364,7505499,135,CDS
11433,7505649,7505746,97,CDS
11434,7505839,7506019,180,CDS
11435,7506077,7506589,512,CDS
11436,7506655,7506786,131,CDS
11437,7506849,7507377,528,CDS
11438,7507436,7507660,224,CDS
11439,7507715,7507858,143,CDS
11440,7500479,7500508,29,CDS
11441,7500911,7501724,813,CDS
11442,7501790,7502028,238,CDS
11443,7502102,7502590,488,CDS
11444,7502644,7502737,93,CDS
11445,7502802,7503028,226,CDS
11446,7503649,7503762,113,CDS
11447,7503829,7504715,886,CDS
11448,7504775,7505301,526,CDS
11449,7505364,7505499,135,CDS
11450,7505839,7505872,33,CDS
11451,7508527,7510357,1830,gene
11452,7509707,7510357,650,mRNA
11453,7508875,7509640,765,mRNA
11454,7508527,7508820,293,mRNA
11455,7509707,7510111,404,CDS
11456,7508875,7509640,765,CDS
11457,7508621,7508820,199,CDS
11458,7510622,7512749,2127,gene
11459,7512270,7512749,479,mRNA
11460,7511841,7512203,362,mRNA
11461,7510622,7511784,1162,mRNA
11462,7512270,7512695,425,CDS
11463,7511841,7512203,362,CDS
11464,7510792,7511784,992,CDS
11465,7513097,7513218,121,mobile_element
11466,7513239,7514000,761,mobile_element
11467,7513846,7516390,2544,gene
11468,7515968,7516390,422,mRNA
11469,7515643,7515906,263,mRNA
11470,7515220,7515582,362,mRNA
11471,7513846,7515163,1317,mRNA
11472,7515968,7516390,422,mRNA
11473,7515643,7515906,263,mRNA
11474,7515220,7515582,362,mRNA
11475,7514084,7515163,1079,mRNA
11476,7515968,7516264,296,CDS
11477,7515643,7515906,263,CDS
11478,7515220,7515582,362,CDS
11479,7514327,7515163,836,CDS
11480,7515968,7516264,296,CDS
11481,7515643,7515906,263,CDS
11482,7515220,7515582,362,CDS
11483,7514327,7515163,836,CDS
11484,7516643,7516749,106,mobile_element
11485,7516923,7518936,2013,gene
11486,7518435,7518936,501,mRNA
11487,7518025,7518378,353,mRNA
11488,7516923,7517967,1044,mRNA
11489,7518435,7518860,425,CDS
11490,7518025,7518378,353,CDS
11491,7517014,7517967,953,CDS
11492,7519280,7522541,3261,gene
11493,7519280,7519537,257,mRNA
11494,7519601,7520159,558,mRNA
11495,7520221,7520351,130,mRNA
11496,7520411,7520625,214,mRNA
11497,7520684,7520898,214,mRNA
11498,7520951,7521681,730,mRNA
11499,7521742,7522541,799,mRNA
11500,7519374,7519537,163,CDS
11501,7519601,7520159,558,CDS
11502,7520221,7520351,130,CDS
11503,7520411,7520625,214,CDS
11504,7520684,7520898,214,CDS
11505,7520951,7521681,730,CDS
11506,7521742,7522510,768,CDS
11507,7522437,7525716,3279,gene
11508,7524281,7525716,1435,mRNA
11509,7523337,7524215,878,mRNA
11510,7522437,7523273,836,mRNA
11511,7524281,7525586,1305,CDS
11512,7523337,7524215,878,CDS
11513,7522684,7523273,589,CDS
11514,7526118,7532981,6863,gene
11515,7532753,7532981,228,mRNA
11516,7527140,7527976,836,mRNA
11517,7526118,7527072,954,mRNA
11518,7530586,7530895,309,mRNA
11519,7527140,7527976,836,mRNA
11520,7526118,7527072,954,mRNA
11521,7529191,7529290,99,mRNA
11522,7527140,7527976,836,mRNA
11523,7526118,7527072,954,mRNA
11524,7529028,7529290,262,mRNA
11525,7527140,7527976,836,mRNA
11526,7526235,7527072,837,mRNA
11527,7529028,7529077,49,CDS
11528,7527140,7527976,836,CDS
11529,7526655,7527072,417,CDS
11530,7527140,7527867,727,CDS
11531,7526655,7527072,417,CDS
11532,7527140,7527867,727,CDS
11533,7526655,7527072,417,CDS
11534,7527140,7527867,727,CDS
11535,7526655,7527072,417,CDS
11536,7533190,7533497,307,gene
11537,7533408,7533497,89,ncRNA
11538,7533190,7533335,145,ncRNA
11539,7533506,7535936,2430,gene
11540,7533506,7533730,224,mRNA
11541,7535332,7535936,604,mRNA
11542,7533611,7533730,119,CDS
11543,7535332,7535616,284,CDS
11544,7535009,7535095,86,mRNA
11545,7535332,7535936,604,mRNA
11546,7535009,7535095,86,CDS
11547,7535332,7535616,284,CDS
11548,7535919,7538297,2378,gene
11549,7535919,7538297,2378,mRNA
11550,7536042,7538183,2141,CDS
11551,7538232,7539696,1464,gene
11552,7539478,7539696,218,mRNA
11553,7539297,7539414,117,mRNA
11554,7538772,7539212,440,mRNA
11555,7538232,7538712,480,mRNA
11556,7539478,7539590,112,CDS
11557,7539297,7539414,117,CDS
11558,7538772,7539212,440,CDS
11559,7538374,7538712,338,CDS
11560,7540111,7564435,24324,gene
11561,7540111,7540524,413,mRNA
11562,7554843,7554964,121,mRNA
11563,7555022,7555265,243,mRNA
11564,7556788,7558390,1602,mRNA
11565,7558452,7558621,169,mRNA
11566,7558687,7559016,329,mRNA
11567,7559074,7559171,97,mRNA
11568,7559230,7559630,400,mRNA
11569,7559691,7560017,326,mRNA
11570,7560081,7560264,183,mRNA
11571,7560325,7560484,159,mRNA
11572,7560545,7560671,126,mRNA
11573,7560734,7560879,145,mRNA
11574,7560943,7564435,3492,mRNA
11575,7542850,7542893,43,mobile_element
11576,7545153,7546259,1106,mRNA
11577,7554843,7554964,121,mRNA
11578,7555022,7555265,243,mRNA
11579,7556788,7558390,1602,mRNA
11580,7558452,7558621,169,mRNA
11581,7558687,7559016,329,mRNA
11582,7559074,7559171,97,mRNA
11583,7559230,7559630,400,mRNA
11584,7559691,7560017,326,mRNA
11585,7560081,7560264,183,mRNA
11586,7560325,7560484,159,mRNA
11587,7560545,7560671,126,mRNA
11588,7560734,7560879,145,mRNA
11589,7560943,7564435,3492,mRNA
11590,7554873,7554964,91,CDS
11591,7555022,7555265,243,CDS
11592,7556788,7558390,1602,CDS
11593,7558452,7558621,169,CDS
11594,7558687,7559016,329,CDS
11595,7559074,7559171,97,CDS
11596,7559230,7559630,400,CDS
11597,7559691,7560017,326,CDS
11598,7560081,7560264,183,CDS
11599,7560325,7560484,159,CDS
11600,7560545,7560671,126,CDS
11601,7560734,7560879,145,CDS
11602,7560943,7561254,311,CDS
11603,7554873,7554964,91,CDS
11604,7555022,7555265,243,CDS
11605,7556788,7558390,1602,CDS
11606,7558452,7558621,169,CDS
11607,7558687,7559016,329,CDS
11608,7559074,7559171,97,CDS
11609,7559230,7559630,400,CDS
11610,7559691,7560017,326,CDS
11611,7560081,7560264,183,CDS
11612,7560325,7560484,159,CDS
11613,7560545,7560671,126,CDS
11614,7560734,7560879,145,CDS
11615,7560943,7561254,311,CDS
11616,7564434,7565751,1317,gene
11617,7565299,7565751,452,mRNA
11618,7565058,7565240,182,mRNA
11619,7564434,7564857,423,mRNA
11620,7565299,7565582,283,mRNA
11621,7565058,7565240,182,mRNA
11622,7564434,7564857,423,mRNA
11623,7565299,7565484,185,CDS
11624,7565058,7565240,182,CDS
11625,7564561,7564857,296,CDS
11626,7565299,7565484,185,CDS
11627,7565058,7565240,182,CDS
11628,7564561,7564857,296,CDS
11629,7565873,7566738,865,gene
11630,7566513,7566738,225,mRNA
11631,7565873,7566350,477,mRNA
11632,7566513,7566662,149,CDS
11633,7565958,7566350,392,CDS
11634,7566809,7580675,13866,gene
11635,7566809,7566999,190,mRNA
11636,7567146,7567364,218,mRNA
11637,7568879,7568965,86,mRNA
11638,7569032,7569229,197,mRNA
11639,7569300,7569653,353,mRNA
11640,7569710,7569931,221,mRNA
11641,7570002,7570138,136,mRNA
11642,7570200,7570431,231,mRNA
11643,7570484,7571999,1515,mRNA
11644,7572061,7572691,630,mRNA
11645,7572747,7572902,155,mRNA
11646,7572964,7573306,342,mRNA
11647,7573373,7573518,145,mRNA
11648,7573582,7573828,246,mRNA
11649,7573886,7574158,272,mRNA
11650,7574227,7574439,212,mRNA
11651,7574499,7574608,109,mRNA
11652,7574675,7575274,599,mRNA
11653,7575365,7575925,560,mRNA
11654,7575987,7576145,158,mRNA
11655,7576207,7576815,608,mRNA
11656,7576877,7577004,127,mRNA
11657,7577062,7577904,842,mRNA
11658,7577978,7578350,372,mRNA
11659,7578426,7579247,821,mRNA
11660,7579310,7579410,100,mRNA
11661,7579476,7579614,138,mRNA
11662,7579676,7579959,283,mRNA
11663,7580031,7580169,138,mRNA
11664,7580229,7580675,446,mRNA
11665,7566809,7566883,74,mRNA
11666,7567146,7567364,218,mRNA
11667,7568879,7568965,86,mRNA
11668,7569032,7569229,197,mRNA
11669,7569300,7569653,353,mRNA
11670,7569710,7569931,221,mRNA
11671,7570002,7570138,136,mRNA
11672,7570200,7570431,231,mRNA
11673,7570484,7571999,1515,mRNA
11674,7572061,7572691,630,mRNA
11675,7572747,7572902,155,mRNA
11676,7572964,7573306,342,mRNA
11677,7573373,7573518,145,mRNA
11678,7573582,7573828,246,mRNA
11679,7573886,7574158,272,mRNA
11680,7574227,7574439,212,mRNA
11681,7574499,7574608,109,mRNA
11682,7574675,7575274,599,mRNA
11683,7575365,7575925,560,mRNA
11684,7575987,7576145,158,mRNA
11685,7576207,7576815,608,mRNA
11686,7576877,7577004,127,mRNA
11687,7577062,7577904,842,mRNA
11688,7577978,7578350,372,mRNA
11689,7578426,7579247,821,mRNA
11690,7579310,7579410,100,mRNA
11691,7579476,7579614,138,mRNA
11692,7579676,7579959,283,mRNA
11693,7580031,7580169,138,mRNA
11694,7580229,7580675,446,mRNA
11695,7567265,7567364,99,CDS
11696,7568879,7568965,86,CDS
11697,7569032,7569229,197,CDS
11698,7569300,7569653,353,CDS
11699,7569710,7569931,221,CDS
11700,7570002,7570138,136,CDS
11701,7570200,7570431,231,CDS
11702,7570484,7571999,1515,CDS
11703,7572061,7572691,630,CDS
11704,7572747,7572902,155,CDS
11705,7572964,7573306,342,CDS
11706,7573373,7573518,145,CDS
11707,7573582,7573828,246,CDS
11708,7573886,7574158,272,CDS
11709,7574227,7574439,212,CDS
11710,7574499,7574608,109,CDS
11711,7574675,7575274,599,CDS
11712,7575365,7575925,560,CDS
11713,7575987,7576145,158,CDS
11714,7576207,7576815,608,CDS
11715,7576877,7577004,127,CDS
11716,7577062,7577904,842,CDS
11717,7577978,7578350,372,CDS
11718,7578426,7579247,821,CDS
11719,7579310,7579410,100,CDS
11720,7579476,7579614,138,CDS
11721,7579676,7579959,283,CDS
11722,7580031,7580169,138,CDS
11723,7580229,7580471,242,CDS
11724,7567265,7567364,99,CDS
11725,7568879,7568965,86,CDS
11726,7569032,7569229,197,CDS
11727,7569300,7569653,353,CDS
11728,7569710,7569931,221,CDS
11729,7570002,7570138,136,CDS
11730,7570200,7570431,231,CDS
11731,7570484,7571999,1515,CDS
11732,7572061,7572691,630,CDS
11733,7572747,7572902,155,CDS
11734,7572964,7573306,342,CDS
11735,7573373,7573518,145,CDS
11736,7573582,7573828,246,CDS
11737,7573886,7574158,272,CDS
11738,7574227,7574439,212,CDS
11739,7574499,7574608,109,CDS
11740,7574675,7575274,599,CDS
11741,7575365,7575925,560,CDS
11742,7575987,7576145,158,CDS
11743,7576207,7576815,608,CDS
11744,7576877,7577004,127,CDS
11745,7577062,7577904,842,CDS
11746,7577978,7578350,372,CDS
11747,7578426,7579247,821,CDS
11748,7579310,7579410,100,CDS
11749,7579476,7579614,138,CDS
11750,7579676,7579959,283,CDS
11751,7580031,7580169,138,CDS
11752,7580229,7580471,242,CDS
11753,7578665,7579929,1264,gene
11754,7579287,7579929,642,ncRNA
11755,7578665,7579231,566,ncRNA
11756,7580488,7587079,6591,gene
11757,7586932,7587079,147,mRNA
11758,7585056,7585357,301,mRNA
11759,7582614,7582928,314,mRNA
11760,7580488,7582354,1866,mRNA
11761,7585056,7585485,429,mRNA
11762,7582614,7582928,314,mRNA
11763,7580488,7582354,1866,mRNA
11764,7584135,7584222,87,mRNA
11765,7582614,7582928,314,mRNA
11766,7580488,7582354,1866,mRNA
11767,7585056,7585110,54,CDS
11768,7582614,7582928,314,CDS
11769,7580790,7582354,1564,CDS
11770,7585056,7585110,54,CDS
11771,7582614,7582928,314,CDS
11772,7580790,7582354,1564,CDS
11773,7584135,7584168,33,CDS
11774,7582614,7582928,314,CDS
11775,7580790,7582354,1564,CDS
11776,7587773,7590109,2336,gene
11777,7589934,7590109,175,mRNA
11778,7589595,7589708,113,mRNA
11779,7589267,7589534,267,mRNA
11780,7587773,7588971,1198,mRNA
11781,7589595,7589689,94,CDS
11782,7589267,7589534,267,CDS
11783,7588504,7588971,467,CDS
11784,7590119,7595242,5123,gene
11785,7590119,7590461,342,mRNA
11786,7590568,7590882,314,mRNA
11787,7590946,7591873,927,mRNA
11788,7591938,7592303,365,mRNA
11789,7592362,7592533,171,mRNA
11790,7592695,7592833,138,mRNA
11791,7592901,7593077,176,mRNA
11792,7593139,7593360,221,mRNA
11793,7593418,7593781,363,mRNA
11794,7593895,7594193,298,mRNA
11795,7594257,7595242,985,mRNA
11796,7590119,7590461,342,mRNA
11797,7590568,7590882,314,mRNA
11798,7590946,7591873,927,mRNA
11799,7591938,7592303,365,mRNA
11800,7592362,7592669,307,mRNA
11801,7590202,7590461,259,mRNA
11802,7590568,7590882,314,mRNA
11803,7590946,7591425,479,mRNA
11804,7591507,7591873,366,mRNA
11805,7591938,7592303,365,mRNA
11806,7592362,7592533,171,mRNA
11807,7592695,7592833,138,mRNA
11808,7592901,7593077,176,mRNA
11809,7593139,7593360,221,mRNA
11810,7593418,7593781,363,mRNA
11811,7593895,7594193,298,mRNA
11812,7594257,7595242,985,mRNA
11813,7590444,7590461,17,CDS
11814,7590568,7590882,314,CDS
11815,7590946,7591873,927,CDS
11816,7591938,7592303,365,CDS
11817,7592362,7592533,171,CDS
11818,7592695,7592833,138,CDS
11819,7592901,7593077,176,CDS
11820,7593139,7593360,221,CDS
11821,7593418,7593781,363,CDS
11822,7593895,7594193,298,CDS
11823,7594257,7594976,719,CDS
11824,7590444,7590461,17,CDS
11825,7590568,7590882,314,CDS
11826,7590946,7591425,479,CDS
11827,7591507,7591873,366,CDS
11828,7591938,7592303,365,CDS
11829,7592362,7592533,171,CDS
11830,7592695,7592833,138,CDS
11831,7592901,7593077,176,CDS
11832,7593139,7593360,221,CDS
11833,7593418,7593781,363,CDS
11834,7593895,7594193,298,CDS
11835,7594257,7594976,719,CDS
11836,7590444,7590461,17,CDS
11837,7590568,7590882,314,CDS
11838,7590946,7591873,927,CDS
11839,7591938,7592303,365,CDS
11840,7592362,7592585,223,CDS
11841,7595265,7620711,25446,gene
11842,7620605,7620711,106,mRNA
11843,7620333,7620439,106,mRNA
11844,7605944,7606244,300,mRNA
11845,7603408,7603519,111,mRNA
11846,7603122,7603224,102,mRNA
11847,7602432,7602656,224,mRNA
11848,7598216,7598357,141,mRNA
11849,7597469,7597665,196,mRNA
11850,7597265,7597389,124,mRNA
11851,7596950,7597060,110,mRNA
11852,7595265,7596828,1563,mRNA
11853,7614461,7614535,74,mRNA
11854,7605944,7606244,300,mRNA
11855,7603408,7603519,111,mRNA
11856,7603122,7603224,102,mRNA
11857,7602432,7602656,224,mRNA
11858,7598216,7598357,141,mRNA
11859,7597469,7597665,196,mRNA
11860,7597265,7597389,124,mRNA
11861,7596950,7597060,110,mRNA
11862,7595735,7596828,1093,mRNA
11863,7613609,7614535,926,mRNA
11864,7608422,7608458,36,mRNA
11865,7605944,7606244,300,mRNA
11866,7603408,7603519,111,mRNA
11867,7603122,7603224,102,mRNA
11868,7602432,7602656,224,mRNA
11869,7598216,7598357,141,mRNA
11870,7597469,7597665,196,mRNA
11871,7597265,7597389,124,mRNA
11872,7596950,7597060,110,mRNA
11873,7595735,7596828,1093,mRNA
11874,7613934,7614222,288,mRNA
11875,7605944,7606244,300,mRNA
11876,7603408,7603519,111,mRNA
11877,7603122,7603224,102,mRNA
11878,7602432,7602656,224,mRNA
11879,7598216,7598357,141,mRNA
11880,7597469,7597665,196,mRNA
11881,7597265,7597389,124,mRNA
11882,7596950,7597060,110,mRNA
11883,7595735,7596828,1093,mRNA
11884,7605944,7606088,144,CDS
11885,7603408,7603519,111,CDS
11886,7603122,7603224,102,CDS
11887,7602432,7602656,224,CDS
11888,7598216,7598357,141,CDS
11889,7597469,7597665,196,CDS
11890,7597265,7597389,124,CDS
11891,7596950,7597060,110,CDS
11892,7596540,7596828,288,CDS
11893,7605944,7606088,144,CDS
11894,7603408,7603519,111,CDS
11895,7603122,7603224,102,CDS
11896,7602432,7602656,224,CDS
11897,7598216,7598357,141,CDS
11898,7597469,7597665,196,CDS
11899,7597265,7597389,124,CDS
11900,7596950,7597060,110,CDS
11901,7596540,7596828,288,CDS
11902,7605944,7606088,144,CDS
11903,7603408,7603519,111,CDS
11904,7603122,7603224,102,CDS
11905,7602432,7602656,224,CDS
11906,7598216,7598357,141,CDS
11907,7597469,7597665,196,CDS
11908,7597265,7597389,124,CDS
11909,7596950,7597060,110,CDS
11910,7596540,7596828,288,CDS
11911,7605944,7606088,144,CDS
11912,7603408,7603519,111,CDS
11913,7603122,7603224,102,CDS
11914,7602432,7602656,224,CDS
11915,7598216,7598357,141,CDS
11916,7597469,7597665,196,CDS
11917,7597265,7597389,124,CDS
11918,7596950,7597060,110,CDS
11919,7596540,7596828,288,CDS
11920,7608472,7613604,5132,mobile_element
11921,7621887,7622695,808,gene
11922,7621887,7622695,808,ncRNA
11923,7623242,7651787,28545,gene
11924,7623242,7623322,80,mRNA
11925,7626491,7627172,681,mRNA
11926,7634216,7634314,98,mRNA
11927,7634759,7635000,241,mRNA
11928,7635054,7635200,146,mRNA
11929,7638598,7638905,307,mRNA
11930,7639704,7639871,167,mRNA
11931,7639931,7640051,120,mRNA
11932,7640117,7640617,500,mRNA
11933,7648297,7648510,213,mRNA
11934,7648583,7648697,114,mRNA
11935,7650311,7650808,497,mRNA
11936,7650862,7651002,140,mRNA
11937,7651069,7651208,139,mRNA
11938,7651269,7651787,518,mRNA
11939,7623242,7623293,51,mRNA
11940,7626491,7627172,681,mRNA
11941,7634216,7634314,98,mRNA
11942,7634759,7635000,241,mRNA
11943,7635054,7635200,146,mRNA
11944,7638598,7638905,307,mRNA
11945,7639704,7639871,167,mRNA
11946,7639931,7640051,120,mRNA
11947,7640117,7640617,500,mRNA
11948,7648297,7648510,213,mRNA
11949,7648583,7648697,114,mRNA
11950,7650311,7650808,497,mRNA
11951,7650862,7651002,140,mRNA
11952,7651069,7651208,139,mRNA
11953,7651269,7651787,518,mRNA
11954,7623242,7623293,51,mRNA
11955,7626491,7627172,681,mRNA
11956,7634216,7634314,98,mRNA
11957,7634759,7635000,241,mRNA
11958,7635054,7635200,146,mRNA
11959,7635516,7635605,89,mRNA
11960,7638598,7638905,307,mRNA
11961,7639704,7639871,167,mRNA
11962,7639931,7640051,120,mRNA
11963,7640117,7640617,500,mRNA
11964,7648297,7648510,213,mRNA
11965,7648583,7649899,1316,mRNA
11966,7623242,7623293,51,mRNA
11967,7626491,7627172,681,mRNA
11968,7634216,7634314,98,mRNA
11969,7634759,7635000,241,mRNA
11970,7635054,7635200,146,mRNA
11971,7638598,7638905,307,mRNA
11972,7639704,7639871,167,mRNA
11973,7639931,7640051,120,mRNA
11974,7640117,7640617,500,mRNA
11975,7648297,7648510,213,mRNA
11976,7648583,7649899,1316,mRNA
11977,7626925,7627172,247,CDS
11978,7634216,7634314,98,CDS
11979,7634759,7635000,241,CDS
11980,7635054,7635200,146,CDS
11981,7638598,7638905,307,CDS
11982,7639704,7639871,167,CDS
11983,7639931,7640051,120,CDS
11984,7640117,7640617,500,CDS
11985,7648297,7648510,213,CDS
11986,7648583,7648697,114,CDS
11987,7650311,7650808,497,CDS
11988,7650862,7651002,140,CDS
11989,7651069,7651208,139,CDS
11990,7651269,7651389,120,CDS
11991,7626925,7627172,247,CDS
11992,7634216,7634314,98,CDS
11993,7634759,7635000,241,CDS
11994,7635054,7635200,146,CDS
11995,7638598,7638905,307,CDS
11996,7639704,7639871,167,CDS
11997,7639931,7640051,120,CDS
11998,7640117,7640617,500,CDS
11999,7648297,7648510,213,CDS
12000,7648583,7648697,114,CDS
12001,7650311,7650808,497,CDS
12002,7650862,7651002,140,CDS
12003,7651069,7651208,139,CDS
12004,7651269,7651389,120,CDS
12005,7626925,7627172,247,CDS
12006,7634216,7634314,98,CDS
12007,7634759,7635000,241,CDS
12008,7635054,7635200,146,CDS
12009,7635516,7635605,89,CDS
12010,7638598,7638905,307,CDS
12011,7639704,7639871,167,CDS
12012,7639931,7640051,120,CDS
12013,7640117,7640617,500,CDS
12014,7648297,7648510,213,CDS
12015,7648583,7649351,768,CDS
12016,7626925,7627172,247,CDS
12017,7634216,7634314,98,CDS
12018,7634759,7635000,241,CDS
12019,7635054,7635200,146,CDS
12020,7638598,7638905,307,CDS
12021,7639704,7639871,167,CDS
12022,7639931,7640051,120,CDS
12023,7640117,7640617,500,CDS
12024,7648297,7648510,213,CDS
12025,7648583,7649351,768,CDS
12026,7628797,7629112,315,mRNA
12027,7630177,7630328,151,mRNA
12028,7634216,7634314,98,mRNA
12029,7634759,7635000,241,mRNA
12030,7635054,7635200,146,mRNA
12031,7638598,7638905,307,mRNA
12032,7639704,7639871,167,mRNA
12033,7639931,7640051,120,mRNA
12034,7640117,7640617,500,mRNA
12035,7648297,7648510,213,mRNA
12036,7648583,7648697,114,mRNA
12037,7650311,7650808,497,mRNA
12038,7650862,7651002,140,mRNA
12039,7651069,7651208,139,mRNA
12040,7651269,7651787,518,mRNA
12041,7628797,7628975,178,mRNA
12042,7630177,7630328,151,mRNA
12043,7634216,7634314,98,mRNA
12044,7634759,7635000,241,mRNA
12045,7635054,7635200,146,mRNA
12046,7638598,7638905,307,mRNA
12047,7639704,7639871,167,mRNA
12048,7639931,7640051,120,mRNA
12049,7640117,7640617,500,mRNA
12050,7648297,7648510,213,mRNA
12051,7648583,7648697,114,mRNA
12052,7650311,7650808,497,mRNA
12053,7650862,7651002,140,mRNA
12054,7651069,7651208,139,mRNA
12055,7651269,7651787,518,mRNA
12056,7628797,7629112,315,mRNA
12057,7630177,7630328,151,mRNA
12058,7634216,7634314,98,mRNA
12059,7634759,7635000,241,mRNA
12060,7635054,7635200,146,mRNA
12061,7638598,7638905,307,mRNA
12062,7639704,7639871,167,mRNA
12063,7639931,7640051,120,mRNA
12064,7640117,7640617,500,mRNA
12065,7648297,7648510,213,mRNA
12066,7648583,7649899,1316,mRNA
12067,7628801,7629112,311,mRNA
12068,7630177,7630328,151,mRNA
12069,7634216,7634314,98,mRNA
12070,7634759,7635000,241,mRNA
12071,7635054,7635200,146,mRNA
12072,7635516,7635605,89,mRNA
12073,7638598,7638905,307,mRNA
12074,7639704,7639871,167,mRNA
12075,7639931,7640051,120,mRNA
12076,7640117,7640617,500,mRNA
12077,7640832,7647677,6845,mRNA
12078,7648297,7648510,213,mRNA
12079,7648583,7649899,1316,mRNA
12080,7628801,7629112,311,mRNA
12081,7630177,7630328,151,mRNA
12082,7634216,7634314,98,mRNA
12083,7634759,7635000,241,mRNA
12084,7635054,7635200,146,mRNA
12085,7635516,7635605,89,mRNA
12086,7638598,7638905,307,mRNA
12087,7639704,7639871,167,mRNA
12088,7639931,7640051,120,mRNA
12089,7640117,7640617,500,mRNA
12090,7640832,7646426,5594,mRNA
12091,7648297,7648510,213,mRNA
12092,7648583,7649899,1316,mRNA
12093,7628801,7629112,311,mRNA
12094,7630177,7630328,151,mRNA
12095,7634216,7634314,98,mRNA
12096,7634759,7635000,241,mRNA
12097,7635054,7635200,146,mRNA
12098,7635516,7635605,89,mRNA
12099,7638598,7638905,307,mRNA
12100,7639704,7639871,167,mRNA
12101,7639931,7640051,120,mRNA
12102,7640117,7640617,500,mRNA
12103,7640832,7648115,7283,mRNA
12104,7630192,7630328,136,CDS
12105,7634216,7634314,98,CDS
12106,7634759,7635000,241,CDS
12107,7635054,7635200,146,CDS
12108,7638598,7638905,307,CDS
12109,7639704,7639871,167,CDS
12110,7639931,7640051,120,CDS
12111,7640117,7640617,500,CDS
12112,7648297,7648510,213,CDS
12113,7648583,7648697,114,CDS
12114,7650311,7650808,497,CDS
12115,7650862,7651002,140,CDS
12116,7651069,7651208,139,CDS
12117,7651269,7651389,120,CDS
12118,7630192,7630328,136,CDS
12119,7634216,7634314,98,CDS
12120,7634759,7635000,241,CDS
12121,7635054,7635200,146,CDS
12122,7638598,7638905,307,CDS
12123,7639704,7639871,167,CDS
12124,7639931,7640051,120,CDS
12125,7640117,7640617,500,CDS
12126,7648297,7648510,213,CDS
12127,7648583,7648697,114,CDS
12128,7650311,7650808,497,CDS
12129,7650862,7651002,140,CDS
12130,7651069,7651208,139,CDS
12131,7651269,7651389,120,CDS
12132,7630192,7630328,136,CDS
12133,7634216,7634314,98,CDS
12134,7634759,7635000,241,CDS
12135,7635054,7635200,146,CDS
12136,7635516,7635605,89,CDS
12137,7638598,7638905,307,CDS
12138,7639704,7639871,167,CDS
12139,7639931,7640051,120,CDS
12140,7640117,7640617,500,CDS
12141,7640832,7647677,6845,CDS
12142,7648297,7648510,213,CDS
12143,7648583,7649351,768,CDS
12144,7630192,7630328,136,CDS
12145,7634216,7634314,98,CDS
12146,7634759,7635000,241,CDS
12147,7635054,7635200,146,CDS
12148,7635516,7635605,89,CDS
12149,7638598,7638905,307,CDS
12150,7639704,7639871,167,CDS
12151,7639931,7640051,120,CDS
12152,7640117,7640617,500,CDS
12153,7640832,7646426,5594,CDS
12154,7648297,7648510,213,CDS
12155,7648583,7649351,768,CDS
12156,7630192,7630328,136,CDS
12157,7634216,7634314,98,CDS
12158,7634759,7635000,241,CDS
12159,7635054,7635200,146,CDS
12160,7638598,7638905,307,CDS
12161,7639704,7639871,167,CDS
12162,7639931,7640051,120,CDS
12163,7640117,7640617,500,CDS
12164,7648297,7648510,213,CDS
12165,7648583,7649351,768,CDS
12166,7630192,7630328,136,CDS
12167,7634216,7634314,98,CDS
12168,7634759,7635000,241,CDS
12169,7635054,7635200,146,CDS
12170,7635516,7635605,89,CDS
12171,7638598,7638905,307,CDS
12172,7639704,7639871,167,CDS
12173,7639931,7640051,120,CDS
12174,7640117,7640617,500,CDS
12175,7640832,7647700,6868,CDS
12176,7631495,7635219,3724,gene
12177,7634353,7635219,866,ncRNA
12178,7631495,7634297,2802,ncRNA
12179,7632841,7633880,1039,gene
12180,7632841,7633880,1039,mRNA
12181,7633101,7633412,311,CDS
12182,7636895,7637193,298,mRNA
12183,7638053,7638372,319,mRNA
12184,7638598,7638905,307,mRNA
12185,7639704,7639871,167,mRNA
12186,7639931,7640051,120,mRNA
12187,7640117,7640617,500,mRNA
12188,7648297,7648510,213,mRNA
12189,7648583,7649899,1316,mRNA
12190,7636895,7637193,298,mRNA
12191,7638120,7638372,252,mRNA
12192,7638598,7638905,307,mRNA
12193,7639704,7639871,167,mRNA
12194,7639931,7640051,120,mRNA
12195,7640117,7640617,500,mRNA
12196,7648297,7648510,213,mRNA
12197,7648583,7649899,1316,mRNA
12198,7637471,7637533,62,mRNA
12199,7638053,7638372,319,mRNA
12200,7638598,7638905,307,mRNA
12201,7639704,7639871,167,mRNA
12202,7639931,7640051,120,mRNA
12203,7640117,7640617,500,mRNA
12204,7647306,7647677,371,mRNA
12205,7648297,7648510,213,mRNA
12206,7648583,7649899,1316,mRNA
12207,7637471,7637533,62,mRNA
12208,7638053,7638372,319,mRNA
12209,7638598,7638905,307,mRNA
12210,7639704,7639871,167,mRNA
12211,7639931,7640051,120,mRNA
12212,7640117,7640617,500,mRNA
12213,7648297,7648510,213,mRNA
12214,7648583,7649899,1316,mRNA
12215,7638282,7638372,90,CDS
12216,7638598,7638905,307,CDS
12217,7639704,7639871,167,CDS
12218,7639931,7640051,120,CDS
12219,7640117,7640617,500,CDS
12220,7647306,7647677,371,CDS
12221,7648297,7648510,213,CDS
12222,7648583,7649351,768,CDS
12223,7638282,7638372,90,CDS
12224,7638598,7638905,307,CDS
12225,7639704,7639871,167,CDS
12226,7639931,7640051,120,CDS
12227,7640117,7640617,500,CDS
12228,7648297,7648510,213,CDS
12229,7648583,7649351,768,CDS
12230,7638282,7638372,90,CDS
12231,7638598,7638905,307,CDS
12232,7639704,7639871,167,CDS
12233,7639931,7640051,120,CDS
12234,7640117,7640617,500,CDS
12235,7648297,7648510,213,CDS
12236,7648583,7649351,768,CDS
12237,7638282,7638372,90,CDS
12238,7638598,7638905,307,CDS
12239,7639704,7639871,167,CDS
12240,7639931,7640051,120,CDS
12241,7640117,7640617,500,CDS
12242,7648297,7648510,213,CDS
12243,7648583,7649351,768,CDS
12244,7639117,7639268,151,mRNA
12245,7639704,7639871,167,mRNA
12246,7639931,7640051,120,mRNA
12247,7640117,7640617,500,mRNA
12248,7640832,7646426,5594,mRNA
12249,7648297,7648510,213,mRNA
12250,7648583,7648697,114,mRNA
12251,7650311,7650808,497,mRNA
12252,7650862,7651002,140,mRNA
12253,7651069,7651208,139,mRNA
12254,7651269,7651787,518,mRNA
12255,7639248,7639268,20,CDS
12256,7639704,7639871,167,CDS
12257,7639931,7640051,120,CDS
12258,7640117,7640617,500,CDS
12259,7640832,7646426,5594,CDS
12260,7648297,7648510,213,CDS
12261,7648583,7648697,114,CDS
12262,7650311,7650808,497,CDS
12263,7650862,7651002,140,CDS
12264,7651069,7651208,139,CDS
12265,7651269,7651389,120,CDS
12266,7651625,7655302,3677,gene
12267,7655113,7655302,189,mRNA
12268,7654478,7655037,559,mRNA
12269,7651625,7652353,728,mRNA
12270,7655113,7655126,13,CDS
12271,7654478,7655037,559,CDS
12272,7652112,7652353,241,CDS
12273,7652440,7653954,1514,gene
12274,7652440,7653954,1514,mRNA
12275,7652536,7653837,1301,CDS
12276,7655072,7656770,1698,gene
12277,7655072,7655505,433,mRNA
12278,7655571,7655736,165,mRNA
12279,7655794,7655891,97,mRNA
12280,7655944,7656100,156,mRNA
12281,7656156,7656415,259,mRNA
12282,7656472,7656770,298,mRNA
12283,7655398,7655505,107,mRNA
12284,7655571,7655736,165,mRNA
12285,7655794,7655891,97,mRNA
12286,7655944,7656100,156,mRNA
12287,7656156,7656415,259,mRNA
12288,7656472,7656770,298,mRNA
12289,7655420,7655505,85,CDS
12290,7655571,7655736,165,CDS
12291,7655794,7655891,97,CDS
12292,7655944,7656100,156,CDS
12293,7656156,7656415,259,CDS
12294,7656472,7656700,228,CDS
12295,7655420,7655505,85,CDS
12296,7655571,7655736,165,CDS
12297,7655794,7655891,97,CDS
12298,7655944,7656100,156,CDS
12299,7656156,7656415,259,CDS
12300,7656472,7656700,228,CDS
12301,7656895,7659061,2166,gene
12302,7656895,7657298,403,mRNA
12303,7657412,7657675,263,mRNA
12304,7657734,7658162,428,mRNA
12305,7658220,7659061,841,mRNA
12306,7657170,7657298,128,mRNA
12307,7657412,7657675,263,mRNA
12308,7657734,7658150,416,mRNA
12309,7658220,7658764,544,mRNA
12310,7657213,7657298,85,CDS
12311,7657412,7657675,263,CDS
12312,7657734,7658162,428,CDS
12313,7658220,7658436,216,CDS
12314,7657213,7657298,85,CDS
12315,7657412,7657675,263,CDS
12316,7657734,7658150,416,CDS
12317,7658220,7658436,216,CDS
12318,7659104,7660588,1484,gene
12319,7659509,7660588,1079,mRNA
12320,7659104,7659438,334,mRNA
12321,7659509,7660588,1079,CDS
12322,7659256,7659438,182,CDS
12323,7661855,7663408,1553,gene
12324,7661855,7662116,261,mRNA
12325,7662166,7662429,263,mRNA
12326,7662499,7662915,416,mRNA
12327,7662971,7663408,437,mRNA
12328,7661982,7662116,134,mRNA
12329,7662166,7662429,263,mRNA
12330,7662499,7662915,416,mRNA
12331,7662971,7663259,288,mRNA
12332,7662037,7662116,79,CDS
12333,7662166,7662429,263,CDS
12334,7662499,7662915,416,CDS
12335,7662971,7663187,216,CDS
12336,7662037,7662116,79,CDS
12337,7662166,7662429,263,CDS
12338,7662499,7662915,416,CDS
12339,7662971,7663187,216,CDS
12340,7663786,7665269,1483,gene
12341,7663786,7663963,177,mRNA
12342,7664033,7664296,263,mRNA
12343,7664353,7664509,156,mRNA
12344,7664575,7664834,259,mRNA
12345,7664896,7665269,373,mRNA
12346,7663786,7663934,148,mRNA
12347,7664033,7664296,263,mRNA
12348,7664353,7664509,156,mRNA
12349,7664575,7664834,259,mRNA
12350,7664896,7665269,373,mRNA
12351,7664040,7664296,256,CDS
12352,7664353,7664509,156,CDS
12353,7664575,7664834,259,CDS
12354,7664896,7665124,228,CDS
12355,7664040,7664296,256,CDS
12356,7664353,7664509,156,CDS
12357,7664575,7664834,259,CDS
12358,7664896,7665124,228,CDS
12359,7665489,7665573,84,mobile_element
12360,7665828,7667343,1515,gene
12361,7665828,7666016,188,mRNA
12362,7666146,7666409,263,mRNA
12363,7666474,7666630,156,mRNA
12364,7666687,7666946,259,mRNA
12365,7667004,7667343,339,mRNA
12366,7665937,7666016,79,CDS
12367,7666146,7666409,263,CDS
12368,7666474,7666630,156,CDS
12369,7666687,7666946,259,CDS
12370,7667004,7667235,231,CDS
12371,7667248,7669029,1781,gene
12372,7667248,7669029,1781,mRNA
12373,7667401,7668945,1544,CDS
12374,7670327,7671103,776,gene
12375,7670991,7671103,112,mRNA
12376,7670327,7670930,603,mRNA
12377,7670991,7671002,11,CDS
12378,7670550,7670930,380,CDS
12379,7673721,7674400,679,gene
12380,7674255,7674400,145,mRNA
12381,7674044,7674192,148,mRNA
12382,7673721,7673983,262,mRNA
12383,7674255,7674303,48,CDS
12384,7674044,7674192,148,CDS
12385,7673801,7673983,182,CDS
12386,7674450,7675362,912,gene
12387,7674450,7674659,209,mRNA
12388,7674721,7674824,103,mRNA
12389,7674895,7675362,467,mRNA
12390,7674552,7674659,107,CDS
12391,7674721,7674824,103,CDS
12392,7674895,7675090,195,CDS
12393,7675362,7676362,1000,gene
12394,7675362,7676362,1000,mRNA
12395,7675438,7676235,797,CDS
12396,7676540,7698902,22362,gene
12397,7698110,7698902,792,mRNA
12398,7688196,7688293,97,mRNA
12399,7686904,7686954,50,mRNA
12400,7686687,7686836,149,mRNA
12401,7686544,7686627,83,mRNA
12402,7685363,7685589,226,mRNA
12403,7685133,7685294,161,mRNA
12404,7684974,7685071,97,mRNA
12405,7684722,7684763,41,mRNA
12406,7684113,7684300,187,mRNA
12407,7683968,7684045,77,mRNA
12408,7683573,7683906,333,mRNA
12409,7682526,7683513,987,mRNA
12410,7681308,7681470,162,mRNA
12411,7680925,7680999,74,mRNA
12412,7680292,7680312,20,mRNA
12413,7679342,7679930,588,mRNA
12414,7678868,7679272,404,mRNA
12415,7678693,7678806,113,mRNA
12416,7678570,7678626,56,mRNA
12417,7677998,7678404,406,mRNA
12418,7676540,7677734,1194,mRNA
12419,7680925,7681050,125,mRNA
12420,7679342,7679930,588,mRNA
12421,7678868,7679272,404,mRNA
12422,7678693,7678806,113,mRNA
12423,7678570,7678626,56,mRNA
12424,7677998,7678404,406,mRNA
12425,7676540,7677734,1194,mRNA
12426,7698110,7698902,792,mRNA
12427,7688196,7688293,97,mRNA
12428,7686904,7686954,50,mRNA
12429,7686708,7686836,128,mRNA
12430,7686544,7686627,83,mRNA
12431,7685363,7685589,226,mRNA
12432,7685133,7685294,161,mRNA
12433,7684974,7685071,97,mRNA
12434,7684113,7684300,187,mRNA
12435,7683968,7684045,77,mRNA
12436,7683573,7683906,333,mRNA
12437,7682526,7683513,987,mRNA
12438,7681308,7681470,162,mRNA
12439,7680925,7680999,74,mRNA
12440,7679342,7679930,588,mRNA
12441,7678868,7679272,404,mRNA
12442,7678693,7678806,113,mRNA
12443,7678570,7678626,56,mRNA
12444,7677070,7677734,664,mRNA
12445,7698110,7698902,792,mRNA
12446,7688196,7688293,97,mRNA
12447,7686904,7686954,50,mRNA
12448,7686708,7686836,128,mRNA
12449,7686544,7686627,83,mRNA
12450,7685363,7685589,226,mRNA
12451,7685133,7685294,161,mRNA
12452,7684974,7685071,97,mRNA
12453,7684113,7684300,187,mRNA
12454,7683968,7684045,77,mRNA
12455,7683573,7683906,333,mRNA
12456,7682526,7683513,987,mRNA
12457,7681308,7681470,162,mRNA
12458,7680925,7680999,74,mRNA
12459,7679342,7679930,588,mRNA
12460,7678868,7679272,404,mRNA
12461,7678693,7678806,113,mRNA
12462,7678570,7678626,56,mRNA
12463,7677070,7678404,1334,mRNA
12464,7695089,7695381,292,mRNA
12465,7688196,7688293,97,mRNA
12466,7686904,7686954,50,mRNA
12467,7686708,7686836,128,mRNA
12468,7686544,7686627,83,mRNA
12469,7685363,7685589,226,mRNA
12470,7685133,7685294,161,mRNA
12471,7684974,7685071,97,mRNA
12472,7684113,7684300,187,mRNA
12473,7683968,7684045,77,mRNA
12474,7683573,7683906,333,mRNA
12475,7682526,7683513,987,mRNA
12476,7681308,7681470,162,mRNA
12477,7680925,7680999,74,mRNA
12478,7679342,7679930,588,mRNA
12479,7678868,7679272,404,mRNA
12480,7678693,7678806,113,mRNA
12481,7678570,7678626,56,mRNA
12482,7677070,7678404,1334,mRNA
12483,7681541,7681836,295,mRNA
12484,7681308,7681470,162,mRNA
12485,7680925,7680999,74,mRNA
12486,7679342,7679930,588,mRNA
12487,7678868,7679272,404,mRNA
12488,7678693,7678806,113,mRNA
12489,7678570,7678626,56,mRNA
12490,7677070,7678404,1334,mRNA
12491,7698110,7698146,36,CDS
12492,7688196,7688293,97,CDS
12493,7686904,7686954,50,CDS
12494,7686687,7686836,149,CDS
12495,7686544,7686627,83,CDS
12496,7685363,7685589,226,CDS
12497,7685133,7685294,161,CDS
12498,7684974,7685071,97,CDS
12499,7684722,7684763,41,CDS
12500,7684113,7684300,187,CDS
12501,7683968,7684045,77,CDS
12502,7683573,7683906,333,CDS
12503,7682526,7683513,987,CDS
12504,7681308,7681470,162,CDS
12505,7680925,7680999,74,CDS
12506,7680292,7680312,20,CDS
12507,7679342,7679930,588,CDS
12508,7678868,7679272,404,CDS
12509,7678693,7678806,113,CDS
12510,7678570,7678626,56,CDS
12511,7677998,7678404,406,CDS
12512,7677642,7677734,92,CDS
12513,7679342,7679744,402,CDS
12514,7678868,7679272,404,CDS
12515,7678693,7678806,113,CDS
12516,7678570,7678626,56,CDS
12517,7677998,7678404,406,CDS
12518,7677642,7677734,92,CDS
12519,7698110,7698146,36,CDS
12520,7688196,7688293,97,CDS
12521,7686904,7686954,50,CDS
12522,7686708,7686836,128,CDS
12523,7686544,7686627,83,CDS
12524,7685363,7685589,226,CDS
12525,7685133,7685294,161,CDS
12526,7684974,7685071,97,CDS
12527,7684113,7684300,187,CDS
12528,7683968,7684045,77,CDS
12529,7683573,7683906,333,CDS
12530,7682526,7683513,987,CDS
12531,7681308,7681470,162,CDS
12532,7680925,7680999,74,CDS
12533,7679342,7679930,588,CDS
12534,7678868,7679272,404,CDS
12535,7678693,7678806,113,CDS
12536,7678570,7678626,56,CDS
12537,7677721,7677734,13,CDS
12538,7698110,7698146,36,CDS
12539,7688196,7688293,97,CDS
12540,7686904,7686954,50,CDS
12541,7686708,7686836,128,CDS
12542,7686544,7686627,83,CDS
12543,7685363,7685589,226,CDS
12544,7685133,7685294,161,CDS
12545,7684974,7685071,97,CDS
12546,7684113,7684300,187,CDS
12547,7683968,7684045,77,CDS
12548,7683573,7683906,333,CDS
12549,7682526,7683513,987,CDS
12550,7681308,7681470,162,CDS
12551,7680925,7680999,74,CDS
12552,7679342,7679930,588,CDS
12553,7678868,7679272,404,CDS
12554,7678693,7678806,113,CDS
12555,7678570,7678626,56,CDS
12556,7677992,7678404,412,CDS
12557,7695089,7695194,105,CDS
12558,7688196,7688293,97,CDS
12559,7686904,7686954,50,CDS
12560,7686708,7686836,128,CDS
12561,7686544,7686627,83,CDS
12562,7685363,7685589,226,CDS
12563,7685133,7685294,161,CDS
12564,7684974,7685071,97,CDS
12565,7684113,7684300,187,CDS
12566,7683968,7684045,77,CDS
12567,7683573,7683906,333,CDS
12568,7682526,7683513,987,CDS
12569,7681308,7681470,162,CDS
12570,7680925,7680999,74,CDS
12571,7679342,7679930,588,CDS
12572,7678868,7679272,404,CDS
12573,7678693,7678806,113,CDS
12574,7678570,7678626,56,CDS
12575,7677992,7678404,412,CDS
12576,7681541,7681692,151,CDS
12577,7681308,7681470,162,CDS
12578,7680925,7680999,74,CDS
12579,7679342,7679930,588,CDS
12580,7678868,7679272,404,CDS
12581,7678693,7678806,113,CDS
12582,7678570,7678626,56,CDS
12583,7677992,7678404,412,CDS
12584,7699253,7703501,4248,gene
12585,7699253,7699387,134,mRNA
12586,7701944,7702614,670,mRNA
12587,7702674,7702883,209,mRNA
12588,7702941,7703501,560,mRNA
12589,7699327,7699387,60,CDS
12590,7701944,7702614,670,CDS
12591,7702674,7702883,209,CDS
12592,7702941,7702979,38,CDS
12593,7699500,7701878,2378,gene
12594,7699500,7701878,2378,mRNA
12595,7699642,7701549,1907,CDS
12596,7703506,7705095,1589,gene
12597,7703506,7705095,1589,mRNA
12598,7703927,7704937,1010,CDS
12599,7705183,7709184,4001,gene
12600,7708793,7709184,391,mRNA
12601,7708495,7708725,230,mRNA
12602,7708105,7708342,237,mRNA
12603,7707962,7708044,82,mRNA
12604,7707737,7707905,168,mRNA
12605,7707378,7707668,290,mRNA
12606,7706971,7707306,335,mRNA
12607,7706742,7706913,171,mRNA
12608,7706182,7706680,498,mRNA
12609,7706020,7706114,94,mRNA
12610,7705844,7705966,122,mRNA
12611,7705646,7705783,137,mRNA
12612,7705416,7705589,173,mRNA
12613,7705183,7705357,174,mRNA
12614,7708793,7709184,391,mRNA
12615,7708495,7708725,230,mRNA
12616,7708105,7708342,237,mRNA
12617,7707962,7708044,82,mRNA
12618,7707737,7707905,168,mRNA
12619,7707363,7707668,305,mRNA
12620,7706971,7707306,335,mRNA
12621,7706742,7706913,171,mRNA
12622,7706182,7706680,498,mRNA
12623,7706020,7706114,94,mRNA
12624,7705844,7705966,122,mRNA
12625,7705646,7705783,137,mRNA
12626,7705416,7705589,173,mRNA
12627,7705183,7705357,174,mRNA
12628,7708793,7708945,152,CDS
12629,7708495,7708725,230,CDS
12630,7708105,7708342,237,CDS
12631,7707962,7708044,82,CDS
12632,7707737,7707905,168,CDS
12633,7707378,7707668,290,CDS
12634,7706971,7707306,335,CDS
12635,7706742,7706913,171,CDS
12636,7706182,7706680,498,CDS
12637,7706020,7706114,94,CDS
12638,7705844,7705966,122,CDS
12639,7705646,7705783,137,CDS
12640,7705416,7705589,173,CDS
12641,7705303,7705357,54,CDS
12642,7708793,7708945,152,CDS
12643,7708495,7708725,230,CDS
12644,7708105,7708342,237,CDS
12645,7707962,7708044,82,CDS
12646,7707737,7707905,168,CDS
12647,7707363,7707668,305,CDS
12648,7706971,7707306,335,CDS
12649,7706742,7706913,171,CDS
12650,7706182,7706680,498,CDS
12651,7706020,7706114,94,CDS
12652,7705844,7705966,122,CDS
12653,7705646,7705783,137,CDS
12654,7705416,7705589,173,CDS
12655,7705303,7705357,54,CDS
12656,7709873,7711981,2108,gene
12657,7709873,7710351,478,mRNA
12658,7710457,7710644,187,mRNA
12659,7710696,7710793,97,mRNA
12660,7710849,7710980,131,mRNA
12661,7711075,7711416,341,mRNA
12662,7711477,7711676,199,mRNA
12663,7711743,7711981,238,mRNA
12664,7709873,7710063,190,mRNA
12665,7710457,7710644,187,mRNA
12666,7710696,7710793,97,mRNA
12667,7710849,7710980,131,mRNA
12668,7711075,7711416,341,mRNA
12669,7711477,7711676,199,mRNA
12670,7711743,7711981,238,mRNA
12671,7709873,7709935,62,mRNA
12672,7710457,7710644,187,mRNA
12673,7710696,7710793,97,mRNA
12674,7710849,7710980,131,mRNA
12675,7711075,7711416,341,mRNA
12676,7711477,7711676,199,mRNA
12677,7711743,7711981,238,mRNA
12678,7710453,7710644,191,mRNA
12679,7710696,7710793,97,mRNA
12680,7710849,7710980,131,mRNA
12681,7711075,7711416,341,mRNA
12682,7711477,7711676,199,mRNA
12683,7711743,7711981,238,mRNA
12684,7710516,7710644,128,CDS
12685,7710696,7710793,97,CDS
12686,7710849,7710980,131,CDS
12687,7711075,7711416,341,CDS
12688,7711477,7711676,199,CDS
12689,7711743,7711900,157,CDS
12690,7710516,7710644,128,CDS
12691,7710696,7710793,97,CDS
12692,7710849,7710980,131,CDS
12693,7711075,7711416,341,CDS
12694,7711477,7711676,199,CDS
12695,7711743,7711900,157,CDS
12696,7710516,7710644,128,CDS
12697,7710696,7710793,97,CDS
12698,7710849,7710980,131,CDS
12699,7711075,7711416,341,CDS
12700,7711477,7711676,199,CDS
12701,7711743,7711900,157,CDS
12702,7710516,7710644,128,CDS
12703,7710696,7710793,97,CDS
12704,7710849,7710980,131,CDS
12705,7711075,7711416,341,CDS
12706,7711477,7711676,199,CDS
12707,7711743,7711900,157,CDS
12708,7711417,7711476,59,gene
12709,7711417,7711476,59,precursor_RNA
12710,7711454,7711476,22,ncRNA
12711,7712578,7714182,1604,gene
12712,7712578,7712890,312,mRNA
12713,7712951,7713048,97,mRNA
12714,7713107,7713238,131,mRNA
12715,7713305,7713646,341,mRNA
12716,7713704,7713903,199,mRNA
12717,7713963,7714182,219,mRNA
12718,7712762,7712890,128,CDS
12719,7712951,7713048,97,CDS
12720,7713107,7713238,131,CDS
12721,7713305,7713646,341,CDS
12722,7713704,7713903,199,CDS
12723,7713963,7714120,157,CDS
12724,7714923,7716781,1858,gene
12725,7714923,7715111,188,mRNA
12726,7715532,7715629,97,mRNA
12727,7715701,7715823,122,mRNA
12728,7715879,7716220,341,mRNA
12729,7716279,7716478,199,mRNA
12730,7716545,7716781,236,mRNA
12731,7714983,7715111,128,CDS
12732,7715532,7715629,97,CDS
12733,7715701,7715823,122,CDS
12734,7715879,7716220,341,CDS
12735,7716279,7716478,199,CDS
12736,7716545,7716702,157,CDS
12737,7716807,7735622,18815,gene
12738,7727371,7727510,139,mRNA
12739,7725868,7725995,127,mRNA
12740,7725689,7725789,100,mRNA
12741,7719843,7719996,153,mRNA
12742,7719641,7719780,139,mRNA
12743,7719376,7719574,198,mRNA
12744,7716807,7719306,2499,mRNA
12745,7722034,7722655,621,mRNA
12746,7719843,7719996,153,mRNA
12747,7719641,7719780,139,mRNA
12748,7719376,7719574,198,mRNA
12749,7718279,7719306,1027,mRNA
12750,7722034,7722655,621,mRNA
12751,7719843,7719996,153,mRNA
12752,7719641,7719780,139,mRNA
12753,7719376,7719574,198,mRNA
12754,7718279,7719306,1027,mRNA
12755,7735377,7735622,245,mRNA
12756,7729642,7729708,66,mRNA
12757,7729430,7729581,151,mRNA
12758,7729016,7729158,142,mRNA
12759,7728825,7728957,132,mRNA
12760,7728269,7728378,109,mRNA
12761,7727942,7728196,254,mRNA
12762,7725868,7725995,127,mRNA
12763,7725689,7725789,100,mRNA
12764,7719843,7719996,153,mRNA
12765,7719641,7719780,139,mRNA
12766,7719376,7719574,198,mRNA
12767,7718446,7719306,860,mRNA
12768,7735154,7735622,468,mRNA
12769,7729642,7729708,66,mRNA
12770,7729430,7729581,151,mRNA
12771,7729016,7729158,142,mRNA
12772,7728825,7728957,132,mRNA
12773,7728269,7728378,109,mRNA
12774,7727942,7728196,254,mRNA
12775,7725868,7725995,127,mRNA
12776,7725689,7725771,82,mRNA
12777,7719843,7719996,153,mRNA
12778,7719641,7719780,139,mRNA
12779,7719376,7719574,198,mRNA
12780,7718446,7719306,860,mRNA
12781,7726295,7726430,135,mRNA
12782,7725868,7725995,127,mRNA
12783,7725689,7725789,100,mRNA
12784,7719843,7719996,153,mRNA
12785,7719641,7719780,139,mRNA
12786,7719376,7719574,198,mRNA
12787,7718446,7719306,860,mRNA
12788,7722034,7722149,115,CDS
12789,7719843,7719996,153,CDS
12790,7719641,7719780,139,CDS
12791,7719376,7719574,198,CDS
12792,7719238,7719306,68,CDS
12793,7729642,7729704,62,CDS
12794,7729430,7729581,151,CDS
12795,7729016,7729158,142,CDS
12796,7728825,7728957,132,CDS
12797,7728269,7728378,109,CDS
12798,7727942,7728196,254,CDS
12799,7725868,7725995,127,CDS
12800,7725689,7725771,82,CDS
12801,7719843,7719996,153,CDS
12802,7719641,7719780,139,CDS
12803,7719376,7719574,198,CDS
12804,7719262,7719306,44,CDS
12805,7729642,7729704,62,CDS
12806,7729430,7729581,151,CDS
12807,7729016,7729158,142,CDS
12808,7728825,7728957,132,CDS
12809,7728269,7728378,109,CDS
12810,7727942,7728196,254,CDS
12811,7725868,7725995,127,CDS
12812,7725689,7725789,100,CDS
12813,7719843,7719996,153,CDS
12814,7719641,7719780,139,CDS
12815,7719376,7719574,198,CDS
12816,7719262,7719306,44,CDS
12817,7726295,7726322,27,CDS
12818,7725868,7725995,127,CDS
12819,7725689,7725789,100,CDS
12820,7719843,7719996,153,CDS
12821,7719641,7719780,139,CDS
12822,7719376,7719574,198,CDS
12823,7719262,7719306,44,CDS
12824,7725868,7725963,95,CDS
12825,7725689,7725789,100,CDS
12826,7719843,7719996,153,CDS
12827,7719641,7719780,139,CDS
12828,7719376,7719574,198,CDS
12829,7719262,7719306,44,CDS
12830,7722034,7722149,115,CDS
12831,7719843,7719996,153,CDS
12832,7719641,7719780,139,CDS
12833,7719376,7719574,198,CDS
12834,7719262,7719306,44,CDS
12835,7737019,7782637,45618,gene
12836,7744880,7745297,417,mRNA
12837,7737019,7741920,4901,mRNA
12838,7758035,7758877,842,mRNA
12839,7737768,7741920,4152,mRNA
12840,7758035,7758877,842,mRNA
12841,7737768,7741920,4152,mRNA
12842,7781727,7782637,910,mRNA
12843,7778475,7779885,1410,mRNA
12844,7739114,7741920,2806,mRNA
12845,7781727,7782637,910,mRNA
12846,7778475,7779885,1410,mRNA
12847,7739114,7741920,2806,mRNA
12848,7742008,7742178,170,mRNA
12849,7739114,7741920,2806,mRNA
12850,7778475,7779464,989,CDS
12851,7739587,7741920,2333,CDS
12852,7758035,7758073,38,CDS
12853,7739587,7741920,2333,CDS
12854,7778475,7779464,989,CDS
12855,7740277,7741920,1643,CDS
12856,7758035,7758073,38,CDS
12857,7740277,7741920,1643,CDS
12858,7740277,7741866,1589,CDS
12859,7740277,7741866,1589,CDS
12860,7779465,7779880,415,mobile_element
12861,7782797,7785067,2270,gene
12862,7784916,7785067,151,mRNA
12863,7783459,7784502,1043,mRNA
12864,7782797,7783390,593,mRNA
12865,7784916,7785029,113,CDS
12866,7783459,7784502,1043,CDS
12867,7783205,7783390,185,CDS
12868,7783334,7785585,2251,gene
12869,7783334,7783397,63,ncRNA
12870,7783483,7785585,2102,ncRNA
12871,7783334,7783381,47,ncRNA
12872,7783483,7785585,2102,ncRNA
12873,7785306,7785456,150,mobile_element
12874,7786010,7789053,3043,gene
12875,7786010,7786268,258,mRNA
12876,7786500,7786539,39,mRNA
12877,7787234,7787532,298,mRNA
12878,7787591,7789053,1462,mRNA
12879,7786010,7786268,258,mRNA
12880,7786500,7786539,39,mRNA
12881,7787234,7787532,298,mRNA
12882,7787591,7788135,544,mRNA
12883,7786266,7786268,2,CDS
12884,7786500,7786539,39,CDS
12885,7787234,7787532,298,CDS
12886,7787591,7787761,170,CDS
12887,7786266,7786268,2,CDS
12888,7786500,7786539,39,CDS
12889,7787234,7787532,298,CDS
12890,7787591,7787761,170,CDS
12891,7786322,7786443,121,gene
12892,7786322,7786443,121,precursor_RNA
12893,7786393,7786415,22,ncRNA
12894,7789206,7789988,782,gene
12895,7789206,7789358,152,mRNA
12896,7789421,7789500,79,mRNA
12897,7789577,7789712,135,mRNA
12898,7789773,7789988,215,mRNA
12899,7789256,7789358,102,CDS
12900,7789421,7789500,79,CDS
12901,7789577,7789712,135,CDS
12902,7789773,7789888,115,CDS
12903,7790368,7791170,802,gene
12904,7790368,7790498,130,mRNA
12905,7790557,7790825,268,mRNA
12906,7790879,7791170,291,mRNA
12907,7790368,7790498,130,mRNA
12908,7790557,7790636,79,mRNA
12909,7790693,7790825,132,mRNA
12910,7790879,7791109,230,mRNA
12911,7790402,7790498,96,CDS
12912,7790557,7790636,79,CDS
12913,7790693,7790825,132,CDS
12914,7790879,7790997,118,CDS
12915,7790402,7790498,96,CDS
12916,7790557,7790723,166,CDS
12917,7791901,7793380,1479,gene
12918,7791901,7793380,1479,mRNA
12919,7791901,7793230,1329,mRNA
12920,7792122,7793120,998,CDS
12921,7792122,7793120,998,CDS
12922,7793625,7801044,7419,gene
12923,7793625,7793827,202,mRNA
12924,7793886,7794115,229,mRNA
12925,7794173,7794417,244,mRNA
12926,7794475,7794722,247,mRNA
12927,7794781,7795225,444,mRNA
12928,7795295,7795411,116,mRNA
12929,7795474,7795878,404,mRNA
12930,7795936,7796020,84,mRNA
12931,7796086,7796172,86,mRNA
12932,7796231,7798918,2687,mRNA
12933,7798984,7800078,1094,mRNA
12934,7800143,7801044,901,mRNA
12935,7793696,7793827,131,CDS
12936,7793886,7794115,229,CDS
12937,7794173,7794417,244,CDS
12938,7794475,7794722,247,CDS
12939,7794781,7795225,444,CDS
12940,7795295,7795411,116,CDS
12941,7795474,7795878,404,CDS
12942,7795936,7796020,84,CDS
12943,7796086,7796172,86,CDS
12944,7796231,7798918,2687,CDS
12945,7798984,7800078,1094,CDS
12946,7800143,7800758,615,CDS
12947,7800785,7806385,5600,gene
12948,7806226,7806385,159,mRNA
12949,7803512,7804938,1426,mRNA
12950,7802181,7803201,1020,mRNA
12951,7801986,7802118,132,mRNA
12952,7800785,7801568,783,mRNA
12953,7805422,7805566,144,mRNA
12954,7803512,7804938,1426,mRNA
12955,7802181,7803201,1020,mRNA
12956,7801986,7802118,132,mRNA
12957,7800785,7801568,783,mRNA
12958,7805101,7805566,465,mRNA
12959,7803512,7804938,1426,mRNA
12960,7802181,7803201,1020,mRNA
12961,7801986,7802118,132,mRNA
12962,7800785,7801568,783,mRNA
12963,7803512,7804736,1224,CDS
12964,7802181,7803201,1020,CDS
12965,7801986,7802118,132,CDS
12966,7801443,7801568,125,CDS
12967,7803512,7804736,1224,CDS
12968,7802181,7803201,1020,CDS
12969,7801986,7802118,132,CDS
12970,7801443,7801568,125,CDS
12971,7803512,7804736,1224,CDS
12972,7802181,7803201,1020,CDS
12973,7801986,7802118,132,CDS
12974,7801443,7801568,125,CDS
12975,7806484,7810067,3583,gene
12976,7806484,7806598,114,mRNA
12977,7807072,7807201,129,mRNA
12978,7807316,7807351,35,mRNA
12979,7807569,7807644,75,mRNA
12980,7807708,7808366,658,mRNA
12981,7808510,7808920,410,mRNA
12982,7808982,7809207,225,mRNA
12983,7809270,7810067,797,mRNA
12984,7806484,7806598,114,mRNA
12985,7807072,7807201,129,mRNA
12986,7807569,7807644,75,mRNA
12987,7807708,7808366,658,mRNA
12988,7808510,7808920,410,mRNA
12989,7808982,7809207,225,mRNA
12990,7809270,7810067,797,mRNA
12991,7806538,7806598,60,CDS
12992,7807072,7807201,129,CDS
12993,7807316,7807351,35,CDS
12994,7807569,7807644,75,CDS
12995,7807708,7808366,658,CDS
12996,7808510,7808920,410,CDS
12997,7808982,7809207,225,CDS
12998,7809270,7809419,149,CDS
12999,7806538,7806598,60,CDS
13000,7807072,7807201,129,CDS
13001,7807569,7807644,75,CDS
13002,7807708,7808366,658,CDS
13003,7808510,7808920,410,CDS
13004,7808982,7809207,225,CDS
13005,7809270,7809419,149,CDS
13006,7806597,7807012,415,mRNA
13007,7807072,7807201,129,mRNA
13008,7807569,7807644,75,mRNA
13009,7807708,7808366,658,mRNA
13010,7808510,7808920,410,mRNA
13011,7808982,7809207,225,mRNA
13012,7809270,7810067,797,mRNA
13013,7807116,7807201,85,CDS
13014,7807569,7807644,75,CDS
13015,7807708,7808366,658,CDS
13016,7808510,7808920,410,CDS
13017,7808982,7809207,225,CDS
13018,7809270,7809419,149,CDS
13019,7810068,7812028,1960,gene
13020,7810068,7812028,1960,mRNA
13021,7810106,7811986,1880,CDS
13022,7812504,7815486,2982,gene
13023,7812504,7812992,488,mRNA
13024,7813281,7815486,2205,mRNA
13025,7812504,7812992,488,mRNA
13026,7813281,7814745,1464,mRNA
13027,7812504,7812732,228,mRNA
13028,7813281,7814745,1464,mRNA
13029,7812504,7812691,187,mRNA
13030,7813281,7814745,1464,mRNA
13031,7812702,7812992,290,mRNA
13032,7813281,7814745,1464,mRNA
13033,7812858,7812992,134,CDS
13034,7813281,7814510,1229,CDS
13035,7812858,7812992,134,CDS
13036,7813281,7814510,1229,CDS
13037,7812858,7812992,134,CDS
13038,7813281,7814510,1229,CDS
13039,7813078,7814745,1667,mRNA
13040,7813078,7813197,119,mRNA
13041,7813281,7814618,1337,mRNA
13042,7813347,7814510,1163,CDS
13043,7813347,7814510,1163,CDS
13044,7813347,7814510,1163,CDS
13045,7813347,7814510,1163,CDS
13046,7815339,7823569,8230,gene
13047,7822549,7823569,1020,mRNA
13048,7822111,7822485,374,mRNA
13049,7815339,7815726,387,mRNA
13050,7822549,7823569,1020,mRNA
13051,7822111,7822485,374,mRNA
13052,7815711,7815726,15,mRNA
13053,7815727,7822138,6411,mobile_element
13054,7822549,7823569,1020,mRNA
13055,7822111,7822485,374,mRNA
13056,7822549,7823466,917,CDS
13057,7822225,7822485,260,CDS
13058,7822549,7823466,917,CDS
13059,7822225,7822485,260,CDS
13060,7822549,7823466,917,CDS
13061,7822225,7822485,260,CDS
13062,7823943,7825141,1198,gene
13063,7824692,7825141,449,mRNA
13064,7823943,7824458,515,mRNA
13065,7824692,7825123,431,CDS
13066,7824126,7824458,332,CDS
13067,7825289,7827319,2030,gene
13068,7825289,7825545,256,mRNA
13069,7825600,7826871,1271,mRNA
13070,7826934,7827319,385,mRNA
13071,7825504,7825545,41,CDS
13072,7825600,7826871,1271,CDS
13073,7826934,7827287,353,CDS
13074,7825521,7826871,1350,mRNA
13075,7826934,7827319,385,mRNA
13076,7825618,7826871,1253,CDS
13077,7826934,7827287,353,CDS
13078,7827303,7828678,1375,gene
13079,7828634,7828678,44,mRNA
13080,7828410,7828509,99,mRNA
13081,7828171,7828347,176,mRNA
13082,7827303,7827882,579,mRNA
13083,7828567,7828678,111,mRNA
13084,7828410,7828509,99,mRNA
13085,7828171,7828347,176,mRNA
13086,7827303,7827882,579,mRNA
13087,7828410,7828485,75,CDS
13088,7828171,7828347,176,CDS
13089,7827401,7827882,481,CDS
13090,7828410,7828485,75,CDS
13091,7828171,7828347,176,CDS
13092,7827401,7827882,481,CDS
13093,7829062,7830429,1367,gene
13094,7829062,7829255,193,mRNA
13095,7829346,7829532,186,mRNA
13096,7829592,7829981,389,mRNA
13097,7830044,7830429,385,mRNA
13098,7829194,7829255,61,CDS
13099,7829346,7829532,186,CDS
13100,7829592,7829981,389,CDS
13101,7830044,7830397,353,CDS
13102,7830413,7831771,1358,gene
13103,7831744,7831771,27,mRNA
13104,7831520,7831619,99,mRNA
13105,7831281,7831457,176,mRNA
13106,7830413,7830992,579,mRNA
13107,7831677,7831771,94,mRNA
13108,7831520,7831619,99,mRNA
13109,7831281,7831457,176,mRNA
13110,7830413,7830992,579,mRNA
13111,7831520,7831595,75,CDS
13112,7831281,7831457,176,CDS
13113,7830511,7830992,481,CDS
13114,7831520,7831595,75,CDS
13115,7831281,7831457,176,CDS
13116,7830511,7830992,481,CDS
13117,7832171,7835518,3347,gene
13118,7832171,7832223,52,mRNA
13119,7833934,7834033,99,mRNA
13120,7834099,7834255,156,mRNA
13121,7834313,7835518,1205,mRNA
13122,7832171,7832223,52,mRNA
13123,7833934,7834033,99,mRNA
13124,7834099,7834255,156,mRNA
13125,7834313,7834627,314,mRNA
13126,7834685,7835259,574,mRNA
13127,7832171,7833841,1670,gene
13128,7832171,7832365,194,mRNA
13129,7832456,7832642,186,mRNA
13130,7832702,7833841,1139,mRNA
13131,7832171,7832365,194,mRNA
13132,7832456,7832642,186,mRNA
13133,7832702,7833176,474,mRNA
13134,7833231,7833841,610,mRNA
13135,7832304,7832365,61,CDS
13136,7832456,7832642,186,CDS
13137,7832702,7833691,989,CDS
13138,7832304,7832365,61,CDS
13139,7832456,7832642,186,CDS
13140,7832702,7833176,474,CDS
13141,7833231,7833691,460,CDS
13142,7833938,7834033,95,CDS
13143,7834099,7834255,156,CDS
13144,7834313,7834578,265,CDS
13145,7833938,7834033,95,CDS
13146,7834099,7834255,156,CDS
13147,7834313,7834578,265,CDS
13148,7834812,7885982,51170,gene
13149,7885520,7885982,462,mRNA
13150,7881811,7881920,109,mRNA
13151,7860992,7861075,83,mRNA
13152,7859163,7859245,82,mRNA
13153,7854522,7854720,198,mRNA
13154,7854160,7854363,203,mRNA
13155,7853406,7853591,185,mRNA
13156,7852266,7852346,80,mRNA
13157,7850927,7851052,125,mRNA
13158,7850719,7850843,124,mRNA
13159,7848890,7848998,108,mRNA
13160,7848273,7848404,131,mRNA
13161,7847432,7847643,211,mRNA
13162,7845739,7845870,131,mRNA
13163,7845034,7845199,165,mRNA
13164,7844886,7844972,86,mRNA
13165,7844545,7844756,211,mRNA
13166,7843013,7843915,902,mRNA
13167,7837588,7837743,155,mRNA
13168,7837246,7837474,228,mRNA
13169,7836981,7837162,181,mRNA
13170,7834812,7836912,2100,mRNA
13171,7885520,7885982,462,mRNA
13172,7881811,7881920,109,mRNA
13173,7860992,7861075,83,mRNA
13174,7859163,7859245,82,mRNA
13175,7854522,7854720,198,mRNA
13176,7852266,7852346,80,mRNA
13177,7850927,7851052,125,mRNA
13178,7850719,7850843,124,mRNA
13179,7848890,7848998,108,mRNA
13180,7848273,7848404,131,mRNA
13181,7847432,7847643,211,mRNA
13182,7845739,7845870,131,mRNA
13183,7845034,7845199,165,mRNA
13184,7844886,7844972,86,mRNA
13185,7844545,7844756,211,mRNA
13186,7843013,7843915,902,mRNA
13187,7837588,7837743,155,mRNA
13188,7837246,7837474,228,mRNA
13189,7836981,7837162,181,mRNA
13190,7836490,7836912,422,mRNA
13191,7885520,7885982,462,mRNA
13192,7881811,7881920,109,mRNA
13193,7860992,7861075,83,mRNA
13194,7859163,7859245,82,mRNA
13195,7854522,7854720,198,mRNA
13196,7852266,7852346,80,mRNA
13197,7850927,7851052,125,mRNA
13198,7850719,7850843,124,mRNA
13199,7848890,7848998,108,mRNA
13200,7848273,7848404,131,mRNA
13201,7847432,7847643,211,mRNA
13202,7845739,7845870,131,mRNA
13203,7845034,7845199,165,mRNA
13204,7844886,7844972,86,mRNA
13205,7844545,7844756,211,mRNA
13206,7843013,7843915,902,mRNA
13207,7837588,7837743,155,mRNA
13208,7837246,7837474,228,mRNA
13209,7836981,7837162,181,mRNA
13210,7836490,7836912,422,mRNA
13211,7885520,7885982,462,mRNA
13212,7881811,7881920,109,mRNA
13213,7860992,7861075,83,mRNA
13214,7859163,7859245,82,mRNA
13215,7854522,7854720,198,mRNA
13216,7852266,7852346,80,mRNA
13217,7850927,7851052,125,mRNA
13218,7850719,7850843,124,mRNA
13219,7848890,7848998,108,mRNA
13220,7848273,7848404,131,mRNA
13221,7847432,7847643,211,mRNA
13222,7845739,7845870,131,mRNA
13223,7845034,7845223,189,mRNA
13224,7844886,7844972,86,mRNA
13225,7844545,7844756,211,mRNA
13226,7843013,7843915,902,mRNA
13227,7837588,7837743,155,mRNA
13228,7837246,7837474,228,mRNA
13229,7836981,7837162,181,mRNA
13230,7836490,7836912,422,mRNA
13231,7846756,7847417,661,mRNA
13232,7845739,7845870,131,mRNA
13233,7845034,7845199,165,mRNA
13234,7844886,7844972,86,mRNA
13235,7844545,7844756,211,mRNA
13236,7843013,7843915,902,mRNA
13237,7837588,7837743,155,mRNA
13238,7837246,7837474,228,mRNA
13239,7836981,7837162,181,mRNA
13240,7836490,7836912,422,mRNA
13241,7885520,7885982,462,mRNA
13242,7881811,7881920,109,mRNA
13243,7860992,7861075,83,mRNA
13244,7859163,7859245,82,mRNA
13245,7854522,7854720,198,mRNA
13246,7854160,7854363,203,mRNA
13247,7853406,7853591,185,mRNA
13248,7850927,7851052,125,mRNA
13249,7850719,7850843,124,mRNA
13250,7848890,7848998,108,mRNA
13251,7848273,7848404,131,mRNA
13252,7847432,7847643,211,mRNA
13253,7845739,7845870,131,mRNA
13254,7845034,7845223,189,mRNA
13255,7844886,7844972,86,mRNA
13256,7844545,7844756,211,mRNA
13257,7843013,7843915,902,mRNA
13258,7837588,7837743,155,mRNA
13259,7837246,7837474,228,mRNA
13260,7836981,7837162,181,mRNA
13261,7836587,7836912,325,mRNA
13262,7846756,7847417,661,mRNA
13263,7845034,7845199,165,mRNA
13264,7844886,7844972,86,mRNA
13265,7844545,7844756,211,mRNA
13266,7843013,7843915,902,mRNA
13267,7837588,7837743,155,mRNA
13268,7837246,7837474,228,mRNA
13269,7836981,7837162,181,mRNA
13270,7836587,7836912,325,mRNA
13271,7860992,7861070,78,CDS
13272,7859163,7859245,82,CDS
13273,7854522,7854720,198,CDS
13274,7852266,7852346,80,CDS
13275,7850927,7851052,125,CDS
13276,7850719,7850843,124,CDS
13277,7848890,7848998,108,CDS
13278,7848273,7848404,131,CDS
13279,7847432,7847643,211,CDS
13280,7845739,7845870,131,CDS
13281,7845034,7845199,165,CDS
13282,7844886,7844972,86,CDS
13283,7844545,7844756,211,CDS
13284,7843013,7843915,902,CDS
13285,7837588,7837743,155,CDS
13286,7837246,7837474,228,CDS
13287,7836981,7837162,181,CDS
13288,7836706,7836912,206,CDS
13289,7860992,7861070,78,CDS
13290,7859163,7859245,82,CDS
13291,7854522,7854720,198,CDS
13292,7852266,7852346,80,CDS
13293,7850927,7851052,125,CDS
13294,7850719,7850843,124,CDS
13295,7848890,7848998,108,CDS
13296,7848273,7848404,131,CDS
13297,7847432,7847643,211,CDS
13298,7845739,7845870,131,CDS
13299,7845034,7845199,165,CDS
13300,7844886,7844972,86,CDS
13301,7844545,7844756,211,CDS
13302,7843013,7843915,902,CDS
13303,7837588,7837743,155,CDS
13304,7837246,7837474,228,CDS
13305,7836981,7837162,181,CDS
13306,7836823,7836912,89,CDS
13307,7860992,7861070,78,CDS
13308,7859163,7859245,82,CDS
13309,7854522,7854720,198,CDS
13310,7852266,7852346,80,CDS
13311,7850927,7851052,125,CDS
13312,7850719,7850843,124,CDS
13313,7848890,7848998,108,CDS
13314,7848273,7848404,131,CDS
13315,7847432,7847643,211,CDS
13316,7845739,7845870,131,CDS
13317,7845034,7845223,189,CDS
13318,7844886,7844972,86,CDS
13319,7844545,7844756,211,CDS
13320,7843013,7843915,902,CDS
13321,7837588,7837743,155,CDS
13322,7837246,7837474,228,CDS
13323,7836981,7837162,181,CDS
13324,7836823,7836912,89,CDS
13325,7860992,7861070,78,CDS
13326,7859163,7859245,82,CDS
13327,7854522,7854720,198,CDS
13328,7854160,7854363,203,CDS
13329,7853406,7853591,185,CDS
13330,7850927,7851052,125,CDS
13331,7850719,7850843,124,CDS
13332,7848890,7848998,108,CDS
13333,7848273,7848404,131,CDS
13334,7847432,7847643,211,CDS
13335,7845739,7845870,131,CDS
13336,7845034,7845223,189,CDS
13337,7844886,7844972,86,CDS
13338,7844545,7844756,211,CDS
13339,7843013,7843915,902,CDS
13340,7837588,7837743,155,CDS
13341,7837246,7837474,228,CDS
13342,7836981,7837162,181,CDS
13343,7836823,7836912,89,CDS
13344,7860992,7861070,78,CDS
13345,7859163,7859245,82,CDS
13346,7854522,7854720,198,CDS
13347,7854160,7854363,203,CDS
13348,7853406,7853591,185,CDS
13349,7852266,7852346,80,CDS
13350,7850927,7851052,125,CDS
13351,7850719,7850843,124,CDS
13352,7848890,7848998,108,CDS
13353,7848273,7848404,131,CDS
13354,7847432,7847643,211,CDS
13355,7845739,7845870,131,CDS
13356,7845034,7845199,165,CDS
13357,7844886,7844972,86,CDS
13358,7844545,7844756,211,CDS
13359,7843013,7843915,902,CDS
13360,7837588,7837743,155,CDS
13361,7837246,7837474,228,CDS
13362,7836981,7837162,181,CDS
13363,7836823,7836912,89,CDS
13364,7846756,7846974,218,CDS
13365,7845034,7845199,165,CDS
13366,7844886,7844972,86,CDS
13367,7844545,7844756,211,CDS
13368,7843013,7843915,902,CDS
13369,7837588,7837743,155,CDS
13370,7837246,7837474,228,CDS
13371,7836981,7837162,181,CDS
13372,7836823,7836912,89,CDS
13373,7846756,7846974,218,CDS
13374,7845739,7845870,131,CDS
13375,7845034,7845199,165,CDS
13376,7844886,7844972,86,CDS
13377,7844545,7844756,211,CDS
13378,7843013,7843915,902,CDS
13379,7837588,7837743,155,CDS
13380,7837246,7837474,228,CDS
13381,7836981,7837162,181,CDS
13382,7836823,7836912,89,CDS
13383,7862316,7867344,5028,mobile_element
13384,7869244,7873962,4718,mobile_element
13385,7890025,7915032,25007,gene
13386,7890025,7890930,905,mRNA
13387,7900947,7901440,493,mRNA
13388,7905443,7907444,2001,mRNA
13389,7914357,7915032,675,mRNA
13390,7890025,7890158,133,mRNA
13391,7890823,7890930,107,mRNA
13392,7900947,7901440,493,mRNA
13393,7905443,7907444,2001,mRNA
13394,7914357,7915032,675,mRNA
13395,7900953,7901440,487,CDS
13396,7905443,7907444,2001,CDS
13397,7914357,7914560,203,CDS
13398,7900953,7901440,487,CDS
13399,7905443,7907444,2001,CDS
13400,7914357,7914560,203,CDS
13401,7915027,7916478,1451,gene
13402,7915901,7916478,577,mRNA
13403,7915395,7915521,126,mRNA
13404,7915027,7915182,155,mRNA
13405,7915901,7916352,451,CDS
13406,7915395,7915521,126,CDS
13407,7915168,7915182,14,CDS
13408,7915901,7916478,577,mRNA
13409,7915211,7915521,310,mRNA
13410,7915901,7916352,451,CDS
13411,7915365,7915521,156,CDS
13412,7916856,7921579,4723,gene
13413,7916856,7917002,146,mRNA
13414,7917081,7917108,27,mRNA
13415,7917732,7918839,1107,mRNA
13416,7918901,7919947,1046,mRNA
13417,7920004,7920898,894,mRNA
13418,7916954,7917108,154,mRNA
13419,7917732,7918839,1107,mRNA
13420,7918901,7919947,1046,mRNA
13421,7920004,7921579,1575,mRNA
13422,7917178,7917334,156,mRNA
13423,7917732,7918839,1107,mRNA
13424,7918901,7919947,1046,mRNA
13425,7920004,7920898,894,mRNA
13426,7917178,7917311,133,mRNA
13427,7917732,7918839,1107,mRNA
13428,7918901,7919947,1046,mRNA
13429,7920004,7920898,894,mRNA
13430,7917964,7918839,875,CDS
13431,7918901,7919947,1046,CDS
13432,7920004,7920405,401,CDS
13433,7917964,7918839,875,CDS
13434,7918901,7919947,1046,CDS
13435,7920004,7920405,401,CDS
13436,7917964,7918839,875,CDS
13437,7918901,7919947,1046,CDS
13438,7920004,7920405,401,CDS
13439,7917964,7918839,875,CDS
13440,7918901,7919947,1046,CDS
13441,7920004,7920405,401,CDS
13442,7920835,7922604,1769,gene
13443,7921768,7922604,836,mRNA
13444,7921115,7921472,357,mRNA
13445,7920835,7921051,216,mRNA
13446,7921768,7922543,775,CDS
13447,7921115,7921472,357,CDS
13448,7920974,7921051,77,CDS
13449,7922775,7924988,2213,gene
13450,7924761,7924988,227,mRNA
13451,7924598,7924689,91,mRNA
13452,7923687,7924532,845,mRNA
13453,7922775,7923612,837,mRNA
13454,7924761,7924988,227,mRNA
13455,7924598,7924689,91,mRNA
13456,7923669,7924532,863,mRNA
13457,7922775,7923612,837,mRNA
13458,7924761,7924916,155,CDS
13459,7924598,7924689,91,CDS
13460,7923687,7924532,845,CDS
13461,7923237,7923612,375,CDS
13462,7924761,7924916,155,CDS
13463,7924598,7924689,91,CDS
13464,7923669,7924532,863,CDS
13465,7923237,7923612,375,CDS
13466,7925449,7925592,143,mobile_element
13467,7926653,7929922,3269,gene
13468,7926653,7926780,127,mRNA
13469,7928086,7928295,209,mRNA
13470,7928359,7928813,454,mRNA
13471,7928876,7929922,1046,mRNA
13472,7926747,7926780,33,CDS
13473,7928086,7928295,209,CDS
13474,7928359,7928813,454,CDS
13475,7928876,7929610,734,CDS
13476,7927506,7928295,789,mRNA
13477,7928359,7928813,454,mRNA
13478,7928876,7929922,1046,mRNA
13479,7927929,7928027,98,mRNA
13480,7928086,7928295,209,mRNA
13481,7928359,7928813,454,mRNA
13482,7928876,7929922,1046,mRNA
13483,7928136,7928295,159,CDS
13484,7928359,7928813,454,CDS
13485,7928876,7929610,734,CDS
13486,7928136,7928295,159,CDS
13487,7928359,7928813,454,CDS
13488,7928876,7929610,734,CDS
13489,7929658,7931016,1358,gene
13490,7930854,7931016,162,mRNA
13491,7930660,7930792,132,mRNA
13492,7930452,7930600,148,mRNA
13493,7929658,7930389,731,mRNA
13494,7930854,7931016,162,mRNA
13495,7930660,7930810,150,mRNA
13496,7930452,7930600,148,mRNA
13497,7929658,7930389,731,mRNA
13498,7930854,7930876,22,CDS
13499,7930660,7930792,132,CDS
13500,7930452,7930600,148,CDS
13501,7929981,7930389,408,CDS
13502,7930854,7930876,22,CDS
13503,7930660,7930810,150,CDS
13504,7930452,7930600,148,CDS
13505,7929981,7930389,408,CDS
13506,7931054,7932380,1326,gene
13507,7932008,7932380,372,mRNA
13508,7931611,7931846,235,mRNA
13509,7931285,7931555,270,mRNA
13510,7931054,7931224,170,mRNA
13511,7932008,7932380,372,mRNA
13512,7931899,7931955,56,mRNA
13513,7931611,7931846,235,mRNA
13514,7931285,7931555,270,mRNA
13515,7931054,7931224,170,mRNA
13516,7932008,7932349,341,CDS
13517,7931611,7931846,235,CDS
13518,7931285,7931555,270,CDS
13519,7931129,7931224,95,CDS
13520,7932008,7932349,341,CDS
13521,7931899,7931955,56,CDS
13522,7931611,7931846,235,CDS
13523,7931285,7931555,270,CDS
13524,7931129,7931224,95,CDS
13525,7932429,7936840,4411,gene
13526,7932429,7934037,1608,mRNA
13527,7934096,7936420,2324,mRNA
13528,7936485,7936840,355,mRNA
13529,7932516,7934037,1521,CDS
13530,7934096,7936420,2324,CDS
13531,7936485,7936621,136,CDS
13532,7936866,7939114,2248,gene
13533,7938900,7939114,214,mRNA
13534,7938437,7938815,378,mRNA
13535,7937959,7938375,416,mRNA
13536,7937762,7937902,140,mRNA
13537,7937204,7937708,504,mRNA
13538,7936866,7937143,277,mRNA
13539,7938900,7938955,55,CDS
13540,7938437,7938815,378,CDS
13541,7937959,7938375,416,CDS
13542,7937762,7937902,140,CDS
13543,7937204,7937708,504,CDS
13544,7936971,7937143,172,CDS
13545,7939201,7939659,458,gene
13546,7939201,7939659,458,mRNA
13547,7939253,7939558,305,CDS
13548,7939956,7941870,1914,gene
13549,7939956,7940007,51,mRNA
13550,7940984,7941213,229,mRNA
13551,7941265,7941870,605,mRNA
13552,7939956,7940007,51,CDS
13553,7940984,7941213,229,CDS
13554,7941265,7941870,605,CDS
13555,7942043,7955882,13839,gene
13556,7955313,7955882,569,mRNA
13557,7953902,7954311,409,mRNA
13558,7947605,7948520,915,mRNA
13559,7942043,7942888,845,mRNA
13560,7954378,7954477,99,mRNA
13561,7953902,7954311,409,mRNA
13562,7947605,7948520,915,mRNA
13563,7942043,7942888,845,mRNA
13564,7953902,7954045,143,CDS
13565,7947605,7948520,915,CDS
13566,7942635,7942888,253,CDS
13567,7953902,7954045,143,CDS
13568,7947605,7948520,915,CDS
13569,7942635,7942888,253,CDS
13570,7943442,7944475,1033,gene
13571,7943442,7943603,161,mRNA
13572,7943664,7943897,233,mRNA
13573,7944077,7944475,398,mRNA
13574,7943442,7943603,161,CDS
13575,7943664,7943897,233,CDS
13576,7944077,7944475,398,CDS
13577,7944526,7947076,2550,gene
13578,7944526,7947076,2550,mRNA
13579,7944838,7946982,2144,CDS
13580,7949839,7950465,626,gene
13581,7949839,7950465,626,mRNA
13582,7949889,7950335,446,CDS
13583,7950339,7951492,1153,gene
13584,7950339,7951492,1153,mRNA
13585,7950503,7950949,446,CDS
13586,7955313,7955882,569,mRNA
13587,7953902,7954311,409,mRNA
13588,7951729,7952041,312,mRNA
13589,7953902,7954045,143,CDS
13590,7951883,7952041,158,CDS
13591,7956150,7958254,2104,gene
13592,7956150,7956289,139,mRNA
13593,7956636,7956840,204,mRNA
13594,7956898,7957715,817,mRNA
13595,7957769,7957959,190,mRNA
13596,7958018,7958254,236,mRNA
13597,7956150,7956289,139,mRNA
13598,7956636,7956836,200,mRNA
13599,7956898,7957715,817,mRNA
13600,7957769,7957959,190,mRNA
13601,7958018,7958254,236,mRNA
13602,7956209,7956289,80,CDS
13603,7956636,7956836,200,CDS
13604,7956898,7957715,817,CDS
13605,7957769,7957959,190,CDS
13606,7958018,7958097,79,CDS
13607,7956835,7956840,5,CDS
13608,7956898,7957715,817,CDS
13609,7957769,7957959,190,CDS
13610,7958018,7958097,79,CDS
13611,7958207,7960015,1808,gene
13612,7959976,7960015,39,mRNA
13613,7959342,7959836,494,mRNA
13614,7958207,7959282,1075,mRNA
13615,7959342,7960015,673,mRNA
13616,7958207,7959282,1075,mRNA
13617,7959342,7959710,368,CDS
13618,7958290,7959282,992,CDS
13619,7959342,7959710,368,CDS
13620,7958290,7959282,992,CDS
13621,7960133,7961921,1788,gene
13622,7961843,7961921,78,mRNA
13623,7960133,7961782,1649,mRNA
13624,7960218,7961921,1703,mRNA
13625,7960381,7961649,1268,CDS
13626,7960381,7961649,1268,CDS
13627,7962463,7969805,7342,gene
13628,7962463,7962603,140,mRNA
13629,7962769,7963393,624,mRNA
13630,7963452,7965326,1874,mRNA
13631,7969251,7969508,257,mRNA
13632,7969590,7969805,215,mRNA
13633,7962463,7962603,140,mRNA
13634,7962769,7963393,624,mRNA
13635,7963452,7966686,3234,mRNA
13636,7962463,7962603,140,mRNA
13637,7962769,7963393,624,mRNA
13638,7963452,7965769,2317,mRNA
13639,7962843,7963393,550,CDS
13640,7963452,7965282,1830,CDS
13641,7962843,7963393,550,CDS
13642,7963452,7965282,1830,CDS
13643,7962843,7963393,550,CDS
13644,7963452,7965282,1830,CDS
13645,7966029,7968024,1995,gene
13646,7967886,7968024,138,mRNA
13647,7967319,7967399,80,mRNA
13648,7967059,7967258,199,mRNA
13649,7966804,7967004,200,mRNA
13650,7966029,7966313,284,mRNA
13651,7967886,7968024,138,mRNA
13652,7967319,7967399,80,mRNA
13653,7967059,7967258,199,mRNA
13654,7966804,7967004,200,mRNA
13655,7966672,7966740,68,mRNA
13656,7967886,7968024,138,mRNA
13657,7967319,7967399,80,mRNA
13658,7967059,7967258,199,mRNA
13659,7966778,7967004,226,mRNA
13660,7967886,7968008,122,CDS
13661,7967319,7967399,80,CDS
13662,7967059,7967258,199,CDS
13663,7966839,7967004,165,CDS
13664,7967886,7968008,122,CDS
13665,7967319,7967399,80,CDS
13666,7967059,7967258,199,CDS
13667,7966839,7967004,165,CDS
13668,7967886,7968008,122,CDS
13669,7967319,7967399,80,CDS
13670,7967059,7967258,199,CDS
13671,7966839,7967004,165,CDS
13672,7968129,7972003,3874,gene
13673,7971637,7972003,366,mRNA
13674,7971244,7971529,285,mRNA
13675,7970774,7971182,408,mRNA
13676,7970532,7970713,181,mRNA
13677,7970235,7970474,239,mRNA
13678,7969869,7970176,307,mRNA
13679,7969574,7969769,195,mRNA
13680,7968129,7969476,1347,mRNA
13681,7971637,7972003,366,mRNA
13682,7971244,7971564,320,mRNA
13683,7970774,7971182,408,mRNA
13684,7970532,7970713,181,mRNA
13685,7970235,7970474,239,mRNA
13686,7969869,7970176,307,mRNA
13687,7969574,7969769,195,mRNA
13688,7968129,7969476,1347,mRNA
13689,7971637,7972003,366,mRNA
13690,7971244,7971564,320,mRNA
13691,7970774,7971182,408,mRNA
13692,7970532,7970713,181,mRNA
13693,7970235,7970474,239,mRNA
13694,7969574,7970176,602,mRNA
13695,7968129,7969476,1347,mRNA
13696,7971637,7971738,101,CDS
13697,7971244,7971529,285,CDS
13698,7970774,7971182,408,CDS
13699,7970532,7970713,181,CDS
13700,7970235,7970474,239,CDS
13701,7969869,7970176,307,CDS
13702,7969574,7969769,195,CDS
13703,7969259,7969476,217,CDS
13704,7971244,7971382,138,CDS
13705,7970774,7971182,408,CDS
13706,7970532,7970713,181,CDS
13707,7970235,7970474,239,CDS
13708,7969869,7970176,307,CDS
13709,7969574,7969769,195,CDS
13710,7969259,7969476,217,CDS
13711,7971244,7971382,138,CDS
13712,7970774,7971182,408,CDS
13713,7970532,7970713,181,CDS
13714,7970235,7970474,239,CDS
13715,7969824,7970176,352,CDS
13716,7972175,7974099,1924,gene
13717,7972175,7972250,75,mRNA
13718,7972338,7972421,83,mRNA
13719,7972498,7973188,690,mRNA
13720,7973248,7974099,851,mRNA
13721,7972575,7973188,613,mRNA
13722,7973248,7974099,851,mRNA
13723,7972616,7973188,572,CDS
13724,7973248,7973898,650,CDS
13725,7972616,7973188,572,CDS
13726,7973248,7973898,650,CDS
13727,7974115,7991862,17747,gene
13728,7991710,7991862,152,mRNA
13729,7985066,7985451,385,mRNA
13730,7984881,7985002,121,mRNA
13731,7982641,7983007,366,mRNA
13732,7981184,7981472,288,mRNA
13733,7977389,7981122,3733,mRNA
13734,7977022,7977324,302,mRNA
13735,7976786,7976956,170,mRNA
13736,7976295,7976723,428,mRNA
13737,7975304,7976173,869,mRNA
13738,7974886,7975233,347,mRNA
13739,7974690,7974824,134,mRNA
13740,7974115,7974621,506,mRNA
13741,7989516,7989714,198,mRNA
13742,7985066,7985451,385,mRNA
13743,7984881,7985002,121,mRNA
13744,7982641,7983007,366,mRNA
13745,7981184,7981472,288,mRNA
13746,7977389,7981122,3733,mRNA
13747,7977022,7977324,302,mRNA
13748,7976786,7976956,170,mRNA
13749,7976295,7976723,428,mRNA
13750,7975304,7976173,869,mRNA
13751,7974886,7975233,347,mRNA
13752,7974690,7974824,134,mRNA
13753,7974115,7974621,506,mRNA
13754,7987066,7987237,171,mRNA
13755,7985066,7985451,385,mRNA
13756,7984881,7985002,121,mRNA
13757,7982641,7983007,366,mRNA
13758,7981184,7981472,288,mRNA
13759,7977389,7981122,3733,mRNA
13760,7977022,7977324,302,mRNA
13761,7976786,7976956,170,mRNA
13762,7976295,7976723,428,mRNA
13763,7975304,7976173,869,mRNA
13764,7974886,7975233,347,mRNA
13765,7974690,7974824,134,mRNA
13766,7974115,7974621,506,mRNA
13767,7987066,7987237,171,mRNA
13768,7985602,7985778,176,mRNA
13769,7985066,7985451,385,mRNA
13770,7984881,7985002,121,mRNA
13771,7982641,7983007,366,mRNA
13772,7981184,7981472,288,mRNA
13773,7977389,7981122,3733,mRNA
13774,7977022,7977324,302,mRNA
13775,7976786,7976956,170,mRNA
13776,7976295,7976723,428,mRNA
13777,7975304,7976173,869,mRNA
13778,7974886,7975233,347,mRNA
13779,7974690,7974824,134,mRNA
13780,7974115,7974621,506,mRNA
13781,7986949,7987237,288,mRNA
13782,7985066,7985451,385,mRNA
13783,7984881,7985002,121,mRNA
13784,7982641,7983007,366,mRNA
13785,7981184,7981472,288,mRNA
13786,7977389,7981122,3733,mRNA
13787,7977022,7977324,302,mRNA
13788,7976786,7976956,170,mRNA
13789,7976295,7976723,428,mRNA
13790,7975304,7976173,869,mRNA
13791,7974886,7975233,347,mRNA
13792,7974690,7974824,134,mRNA
13793,7974115,7974621,506,mRNA
13794,7983476,7984063,587,mRNA
13795,7982641,7983007,366,mRNA
13796,7981184,7981472,288,mRNA
13797,7977389,7981122,3733,mRNA
13798,7977022,7977324,302,mRNA
13799,7976786,7976956,170,mRNA
13800,7976295,7976723,428,mRNA
13801,7975304,7976173,869,mRNA
13802,7974886,7975233,347,mRNA
13803,7974690,7974824,134,mRNA
13804,7974115,7974621,506,mRNA
13805,7985602,7985761,159,CDS
13806,7985066,7985451,385,CDS
13807,7984881,7985002,121,CDS
13808,7982641,7983007,366,CDS
13809,7981184,7981472,288,CDS
13810,7977389,7981122,3733,CDS
13811,7977022,7977324,302,CDS
13812,7976786,7976956,170,CDS
13813,7976295,7976723,428,CDS
13814,7975304,7976173,869,CDS
13815,7974886,7975233,347,CDS
13816,7974690,7974824,134,CDS
13817,7974487,7974621,134,CDS
13818,7985066,7985134,68,CDS
13819,7984881,7985002,121,CDS
13820,7982641,7983007,366,CDS
13821,7981184,7981472,288,CDS
13822,7977389,7981122,3733,CDS
13823,7977022,7977324,302,CDS
13824,7976786,7976956,170,CDS
13825,7976295,7976723,428,CDS
13826,7975304,7976173,869,CDS
13827,7974886,7975233,347,CDS
13828,7974690,7974824,134,CDS
13829,7974487,7974621,134,CDS
13830,7985066,7985134,68,CDS
13831,7984881,7985002,121,CDS
13832,7982641,7983007,366,CDS
13833,7981184,7981472,288,CDS
13834,7977389,7981122,3733,CDS
13835,7977022,7977324,302,CDS
13836,7976786,7976956,170,CDS
13837,7976295,7976723,428,CDS
13838,7975304,7976173,869,CDS
13839,7974886,7975233,347,CDS
13840,7974690,7974824,134,CDS
13841,7974487,7974621,134,CDS
13842,7985066,7985134,68,CDS
13843,7984881,7985002,121,CDS
13844,7982641,7983007,366,CDS
13845,7981184,7981472,288,CDS
13846,7977389,7981122,3733,CDS
13847,7977022,7977324,302,CDS
13848,7976786,7976956,170,CDS
13849,7976295,7976723,428,CDS
13850,7975304,7976173,869,CDS
13851,7974886,7975233,347,CDS
13852,7974690,7974824,134,CDS
13853,7974487,7974621,134,CDS
13854,7985066,7985134,68,CDS
13855,7984881,7985002,121,CDS
13856,7982641,7983007,366,CDS
13857,7981184,7981472,288,CDS
13858,7977389,7981122,3733,CDS
13859,7977022,7977324,302,CDS
13860,7976786,7976956,170,CDS
13861,7976295,7976723,428,CDS
13862,7975304,7976173,869,CDS
13863,7974886,7975233,347,CDS
13864,7974690,7974824,134,CDS
13865,7974487,7974621,134,CDS
13866,7983476,7983741,265,CDS
13867,7982641,7983007,366,CDS
13868,7981184,7981472,288,CDS
13869,7977389,7981122,3733,CDS
13870,7977022,7977324,302,CDS
13871,7976786,7976956,170,CDS
13872,7976295,7976723,428,CDS
13873,7975304,7976173,869,CDS
13874,7974886,7975233,347,CDS
13875,7974690,7974824,134,CDS
13876,7974487,7974621,134,CDS
13877,7988462,7991283,2821,gene
13878,7988462,7988509,47,mRNA
13879,7989832,7990063,231,mRNA
13880,7990125,7990562,437,mRNA
13881,7990659,7990867,208,mRNA
13882,7990928,7991283,355,mRNA
13883,7988532,7988627,95,mRNA
13884,7989832,7990063,231,mRNA
13885,7990125,7990562,437,mRNA
13886,7990659,7990867,208,mRNA
13887,7990928,7991283,355,mRNA
13888,7989859,7990063,204,mRNA
13889,7990125,7990562,437,mRNA
13890,7990659,7990867,208,mRNA
13891,7990928,7991283,355,mRNA
13892,7989953,7990063,110,CDS
13893,7990125,7990562,437,CDS
13894,7990659,7990867,208,CDS
13895,7990928,7991234,306,CDS
13896,7989953,7990063,110,CDS
13897,7990125,7990562,437,CDS
13898,7990659,7990867,208,CDS
13899,7990928,7991234,306,CDS
13900,7989953,7990063,110,CDS
13901,7990125,7990562,437,CDS
13902,7990659,7990867,208,CDS
13903,7990928,7991234,306,CDS
13904,7992196,7992567,371,gene
13905,7992196,7992567,371,ncRNA
13906,7993798,7994968,1170,gene
13907,7994519,7994968,449,mRNA
13908,7993798,7994344,546,mRNA
13909,7994515,7994968,453,mRNA
13910,7993798,7994344,546,mRNA
13911,7994515,7994927,412,CDS
13912,7993894,7994344,450,CDS
13913,7994519,7994927,408,CDS
13914,7994241,7994344,103,CDS
13915,7995273,7995391,118,mobile_element
13916,7995438,7998278,2840,gene
13917,7997833,7998278,445,mRNA
13918,7997205,7997419,214,mRNA
13919,7995438,7996463,1025,mRNA
13920,7997833,7998092,259,CDS
13921,7997205,7997419,214,CDS
13922,7995661,7996463,802,CDS
13923,7999289,7999450,161,mobile_element
13924,8000490,8002120,1630,gene
13925,8001923,8002120,197,mRNA
13926,8000490,8001750,1260,mRNA
13927,8001923,8002120,197,mRNA
13928,8000649,8001750,1101,mRNA
13929,8001923,8001964,41,CDS
13930,8000881,8001750,869,CDS
13931,8001923,8001964,41,CDS
13932,8000881,8001750,869,CDS
13933,8004824,8006672,1848,gene
13934,8004824,8005120,296,mRNA
13935,8005416,8005573,157,mRNA
13936,8005629,8005926,297,mRNA
13937,8005984,8006232,248,mRNA
13938,8006363,8006431,68,mRNA
13939,8006491,8006672,181,mRNA
13940,8004851,8005120,269,CDS
13941,8005416,8005573,157,CDS
13942,8005629,8005926,297,CDS
13943,8005984,8006232,248,CDS
13944,8006363,8006431,68,CDS
13945,8006491,8006631,140,CDS
13946,8007246,8009062,1816,gene
13947,8007246,8007533,287,mRNA
13948,8007788,8007945,157,mRNA
13949,8007998,8008295,297,mRNA
13950,8008354,8008602,248,mRNA
13951,8008733,8008801,68,mRNA
13952,8008857,8009062,205,mRNA
13953,8007264,8007533,269,CDS
13954,8007788,8007945,157,CDS
13955,8007998,8008295,297,CDS
13956,8008354,8008602,248,CDS
13957,8008733,8008801,68,CDS
13958,8008857,8008994,137,CDS
13959,8009119,8013755,4636,gene
13960,8013072,8013755,683,mRNA
13961,8012347,8012880,533,mRNA
13962,8012060,8012282,222,mRNA
13963,8011866,8012002,136,mRNA
13964,8011643,8011795,152,mRNA
13965,8011401,8011581,180,mRNA
13966,8011172,8011311,139,mRNA
13967,8010914,8011092,178,mRNA
13968,8009119,8010545,1426,mRNA
13969,8013072,8013755,683,mRNA
13970,8012347,8012880,533,mRNA
13971,8012060,8012282,222,mRNA
13972,8011866,8012002,136,mRNA
13973,8011643,8011795,152,mRNA
13974,8011401,8011581,180,mRNA
13975,8011172,8011311,139,mRNA
13976,8010771,8011092,321,mRNA
13977,8009119,8010545,1426,mRNA
13978,8012347,8012728,381,CDS
13979,8012060,8012282,222,CDS
13980,8011866,8012002,136,CDS
13981,8011643,8011795,152,CDS
13982,8011401,8011581,180,CDS
13983,8011172,8011311,139,CDS
13984,8010914,8011092,178,CDS
13985,8010528,8010545,17,CDS
13986,8012347,8012728,381,CDS
13987,8012060,8012282,222,CDS
13988,8011866,8012002,136,CDS
13989,8011643,8011795,152,CDS
13990,8011401,8011581,180,CDS
13991,8011172,8011311,139,CDS
13992,8010812,8011092,280,CDS
13993,8015249,8015343,94,gene
13994,8015249,8015343,94,precursor_RNA
13995,8015305,8015325,20,ncRNA
13996,8015706,8017666,1960,mobile_element
13997,8019176,8026595,7419,gene
13998,8019176,8026595,7419,ncRNA
13999,8028929,8029935,1006,gene
14000,8029362,8029935,573,ncRNA
14001,8028929,8029307,378,ncRNA
14002,8029362,8029433,71,ncRNA
14003,8028929,8029307,378,ncRNA
14004,8031283,8042529,11246,gene
14005,8031283,8032244,961,mRNA
14006,8033305,8033423,118,mRNA
14007,8034291,8034540,249,mRNA
14008,8041193,8042529,1336,mRNA
14009,8031593,8032244,651,mRNA
14010,8033305,8033423,118,mRNA
14011,8034291,8034540,249,mRNA
14012,8041193,8042529,1336,mRNA
14013,8031958,8032244,286,CDS
14014,8033305,8033423,118,CDS
14015,8034291,8034540,249,CDS
14016,8041193,8042015,822,CDS
14017,8031958,8032244,286,CDS
14018,8033305,8033423,118,CDS
14019,8034291,8034540,249,CDS
14020,8041193,8042000,807,CDS
14021,8040984,8041116,132,mRNA
14022,8041193,8042529,1336,mRNA
14023,8041221,8042000,779,CDS
14024,8048660,8048747,87,mobile_element
14025,8052080,8065554,13474,gene
14026,8065240,8065554,314,mRNA
14027,8056162,8057331,1169,mRNA
14028,8055732,8056061,329,mRNA
14029,8054905,8055033,128,mRNA
14030,8052080,8054842,2762,mRNA
14031,8065240,8065554,314,mRNA
14032,8056162,8057331,1169,mRNA
14033,8055732,8056094,362,mRNA
14034,8054905,8055033,128,mRNA
14035,8052080,8054842,2762,mRNA
14036,8056162,8058551,2389,mRNA
14037,8055732,8056061,329,mRNA
14038,8054905,8055033,128,mRNA
14039,8053829,8054842,1013,mRNA
14040,8056162,8057343,1181,CDS
14041,8055732,8056061,329,CDS
14042,8054905,8055033,128,CDS
14043,8054363,8054842,479,CDS
14044,8056162,8057331,1169,CDS
14045,8055732,8056061,329,CDS
14046,8054905,8055033,128,CDS
14047,8054363,8054842,479,CDS
14048,8056162,8057331,1169,CDS
14049,8055732,8056094,362,CDS
14050,8054905,8055033,128,CDS
14051,8054363,8054842,479,CDS
14052,8066274,8067655,1381,gene
14053,8067343,8067655,312,mRNA
14054,8067126,8067293,167,mRNA
14055,8066274,8066758,484,mRNA
14056,8067343,8067444,101,CDS
14057,8067126,8067293,167,CDS
14058,8066750,8066758,8,CDS
14059,8067977,8078815,10838,gene
14060,8067977,8068366,389,mRNA
14061,8069871,8070279,408,mRNA
14062,8070335,8070512,177,mRNA
14063,8070821,8072238,1417,mRNA
14064,8072363,8072778,415,mRNA
14065,8073127,8073234,107,mRNA
14066,8073367,8073471,104,mRNA
14067,8073600,8073700,100,mRNA
14068,8073974,8074500,526,mRNA
14069,8075473,8075607,134,mRNA
14070,8075665,8075790,125,mRNA
14071,8075860,8076108,248,mRNA
14072,8076293,8076448,155,mRNA
14073,8077260,8077292,32,mRNA
14074,8077731,8078815,1084,mRNA
14075,8067977,8068080,103,mRNA
14076,8069871,8070279,408,mRNA
14077,8070335,8070512,177,mRNA
14078,8070821,8072238,1417,mRNA
14079,8072363,8072778,415,mRNA
14080,8073127,8073234,107,mRNA
14081,8073367,8073471,104,mRNA
14082,8073600,8073700,100,mRNA
14083,8073974,8074500,526,mRNA
14084,8075473,8075607,134,mRNA
14085,8075665,8075790,125,mRNA
14086,8075860,8076108,248,mRNA
14087,8076293,8076448,155,mRNA
14088,8077731,8078815,1084,mRNA
14089,8067977,8068011,34,mRNA
14090,8069747,8069812,65,mRNA
14091,8069871,8070279,408,mRNA
14092,8070335,8070512,177,mRNA
14093,8070821,8072238,1417,mRNA
14094,8072363,8072778,415,mRNA
14095,8073127,8073234,107,mRNA
14096,8073367,8073471,104,mRNA
14097,8073600,8073700,100,mRNA
14098,8073974,8074500,526,mRNA
14099,8075473,8075607,134,mRNA
14100,8075665,8075790,125,mRNA
14101,8075860,8076108,248,mRNA
14102,8076293,8076448,155,mRNA
14103,8077731,8078815,1084,mRNA
14104,8067977,8068011,34,mRNA
14105,8069871,8070279,408,mRNA
14106,8070335,8070512,177,mRNA
14107,8070821,8072238,1417,mRNA
14108,8072363,8072778,415,mRNA
14109,8073127,8073234,107,mRNA
14110,8073367,8073471,104,mRNA
14111,8073600,8073700,100,mRNA
14112,8073974,8074500,526,mRNA
14113,8075473,8075607,134,mRNA
14114,8075665,8075790,125,mRNA
14115,8075860,8076108,248,mRNA
14116,8076293,8076448,155,mRNA
14117,8077260,8077292,32,mRNA
14118,8077731,8078815,1084,mRNA
14119,8067977,8068011,34,mRNA
14120,8069871,8070279,408,mRNA
14121,8070335,8070512,177,mRNA
14122,8070821,8072238,1417,mRNA
14123,8072363,8072778,415,mRNA
14124,8073127,8073234,107,mRNA
14125,8073367,8073471,104,mRNA
14126,8073600,8073700,100,mRNA
14127,8073974,8074500,526,mRNA
14128,8075473,8075607,134,mRNA
14129,8075665,8075790,125,mRNA
14130,8075860,8076108,248,mRNA
14131,8076293,8076448,155,mRNA
14132,8077731,8078815,1084,mRNA
14133,8067977,8068011,34,mRNA
14134,8069871,8070279,408,mRNA
14135,8070335,8070512,177,mRNA
14136,8070821,8072238,1417,mRNA
14137,8072363,8072778,415,mRNA
14138,8073127,8073234,107,mRNA
14139,8073367,8073471,104,mRNA
14140,8073600,8073700,100,mRNA
14141,8073974,8074500,526,mRNA
14142,8075473,8075607,134,mRNA
14143,8075665,8075790,125,mRNA
14144,8075860,8076102,242,mRNA
14145,8076293,8076448,155,mRNA
14146,8077731,8078815,1084,mRNA
14147,8067977,8068011,34,mRNA
14148,8069871,8070279,408,mRNA
14149,8070335,8070512,177,mRNA
14150,8070821,8072238,1417,mRNA
14151,8072363,8072778,415,mRNA
14152,8073127,8073234,107,mRNA
14153,8073367,8073471,104,mRNA
14154,8073600,8073700,100,mRNA
14155,8073974,8074404,430,mRNA
14156,8075473,8075607,134,mRNA
14157,8075665,8075790,125,mRNA
14158,8075860,8076108,248,mRNA
14159,8076293,8076448,155,mRNA
14160,8077731,8078815,1084,mRNA
14161,8067977,8068011,34,mRNA
14162,8069871,8070279,408,mRNA
14163,8070335,8070512,177,mRNA
14164,8070821,8072238,1417,mRNA
14165,8072363,8072778,415,mRNA
14166,8073600,8073700,100,mRNA
14167,8073974,8074500,526,mRNA
14168,8075473,8075607,134,mRNA
14169,8075665,8075790,125,mRNA
14170,8075860,8076108,248,mRNA
14171,8076293,8076448,155,mRNA
14172,8077731,8078815,1084,mRNA
14173,8067977,8068011,34,mRNA
14174,8069871,8070279,408,mRNA
14175,8070335,8070512,177,mRNA
14176,8070821,8072238,1417,mRNA
14177,8072363,8072778,415,mRNA
14178,8073600,8073700,100,mRNA
14179,8073974,8074500,526,mRNA
14180,8075473,8075607,134,mRNA
14181,8075665,8075790,125,mRNA
14182,8075860,8076108,248,mRNA
14183,8076293,8076448,155,mRNA
14184,8077731,8078815,1084,mRNA
14185,8068776,8068834,58,mRNA
14186,8069871,8070279,408,mRNA
14187,8070335,8070512,177,mRNA
14188,8070821,8072238,1417,mRNA
14189,8072363,8072778,415,mRNA
14190,8073127,8073234,107,mRNA
14191,8073367,8073471,104,mRNA
14192,8073600,8073700,100,mRNA
14193,8073974,8074500,526,mRNA
14194,8075473,8075607,134,mRNA
14195,8075665,8075790,125,mRNA
14196,8075860,8076108,248,mRNA
14197,8076293,8076448,155,mRNA
14198,8077731,8078815,1084,mRNA
14199,8069829,8070279,450,mRNA
14200,8070335,8070512,177,mRNA
14201,8070821,8072238,1417,mRNA
14202,8072363,8072778,415,mRNA
14203,8073127,8073234,107,mRNA
14204,8073367,8073471,104,mRNA
14205,8073600,8073700,100,mRNA
14206,8073974,8074500,526,mRNA
14207,8075412,8075607,195,mRNA
14208,8075665,8075790,125,mRNA
14209,8075860,8076108,248,mRNA
14210,8076293,8076448,155,mRNA
14211,8077731,8078815,1084,mRNA
14212,8069829,8070279,450,mRNA
14213,8070335,8070512,177,mRNA
14214,8070821,8072238,1417,mRNA
14215,8072363,8072778,415,mRNA
14216,8073127,8073234,107,mRNA
14217,8073367,8073471,104,mRNA
14218,8073600,8073700,100,mRNA
14219,8073974,8074500,526,mRNA
14220,8075473,8075607,134,mRNA
14221,8075665,8075790,125,mRNA
14222,8075860,8076108,248,mRNA
14223,8076293,8077042,749,mRNA
14224,8069899,8070279,380,CDS
14225,8070335,8070512,177,CDS
14226,8070821,8072238,1417,CDS
14227,8072363,8072778,415,CDS
14228,8073600,8073700,100,CDS
14229,8073974,8074500,526,CDS
14230,8075473,8075607,134,CDS
14231,8075665,8075790,125,CDS
14232,8075860,8076108,248,CDS
14233,8076293,8076448,155,CDS
14234,8077731,8078297,566,CDS
14235,8069899,8070279,380,CDS
14236,8070335,8070512,177,CDS
14237,8070821,8072238,1417,CDS
14238,8072363,8072778,415,CDS
14239,8073127,8073234,107,CDS
14240,8073367,8073471,104,CDS
14241,8073600,8073700,100,CDS
14242,8073974,8074500,526,CDS
14243,8075473,8075607,134,CDS
14244,8075665,8075790,125,CDS
14245,8075860,8076108,248,CDS
14246,8076293,8076448,155,CDS
14247,8077260,8077292,32,CDS
14248,8077731,8077829,98,CDS
14249,8069899,8070279,380,CDS
14250,8070335,8070512,177,CDS
14251,8070821,8072238,1417,CDS
14252,8072363,8072778,415,CDS
14253,8073127,8073234,107,CDS
14254,8073367,8073471,104,CDS
14255,8073600,8073700,100,CDS
14256,8073974,8074500,526,CDS
14257,8075473,8075607,134,CDS
14258,8075665,8075790,125,CDS
14259,8075860,8076108,248,CDS
14260,8076293,8076448,155,CDS
14261,8077260,8077292,32,CDS
14262,8077731,8077829,98,CDS
14263,8069899,8070279,380,CDS
14264,8070335,8070512,177,CDS
14265,8070821,8072238,1417,CDS
14266,8072363,8072778,415,CDS
14267,8073127,8073234,107,CDS
14268,8073367,8073471,104,CDS
14269,8073600,8073700,100,CDS
14270,8073974,8074500,526,CDS
14271,8075473,8075607,134,CDS
14272,8075665,8075790,125,CDS
14273,8075860,8076108,248,CDS
14274,8076293,8076448,155,CDS
14275,8077731,8077829,98,CDS
14276,8069899,8070279,380,CDS
14277,8070335,8070512,177,CDS
14278,8070821,8072238,1417,CDS
14279,8072363,8072778,415,CDS
14280,8073127,8073234,107,CDS
14281,8073367,8073471,104,CDS
14282,8073600,8073700,100,CDS
14283,8073974,8074500,526,CDS
14284,8075473,8075607,134,CDS
14285,8075665,8075790,125,CDS
14286,8075860,8076108,248,CDS
14287,8076293,8076448,155,CDS
14288,8077731,8077829,98,CDS
14289,8069899,8070279,380,CDS
14290,8070335,8070512,177,CDS
14291,8070821,8072238,1417,CDS
14292,8072363,8072778,415,CDS
14293,8073127,8073234,107,CDS
14294,8073367,8073471,104,CDS
14295,8073600,8073700,100,CDS
14296,8073974,8074500,526,CDS
14297,8075473,8075607,134,CDS
14298,8075665,8075790,125,CDS
14299,8075860,8076108,248,CDS
14300,8076293,8076448,155,CDS
14301,8077731,8077829,98,CDS
14302,8069899,8070279,380,CDS
14303,8070335,8070512,177,CDS
14304,8070821,8072238,1417,CDS
14305,8072363,8072778,415,CDS
14306,8073127,8073234,107,CDS
14307,8073367,8073471,104,CDS
14308,8073600,8073700,100,CDS
14309,8073974,8074500,526,CDS
14310,8075473,8075607,134,CDS
14311,8075665,8075790,125,CDS
14312,8075860,8076108,248,CDS
14313,8076293,8076448,155,CDS
14314,8077731,8077829,98,CDS
14315,8069899,8070279,380,CDS
14316,8070335,8070512,177,CDS
14317,8070821,8072238,1417,CDS
14318,8072363,8072778,415,CDS
14319,8073127,8073234,107,CDS
14320,8073367,8073471,104,CDS
14321,8073600,8073700,100,CDS
14322,8073974,8074500,526,CDS
14323,8075473,8075607,134,CDS
14324,8075665,8075790,125,CDS
14325,8075860,8076102,242,CDS
14326,8076293,8076448,155,CDS
14327,8077731,8077829,98,CDS
14328,8069899,8070279,380,CDS
14329,8070335,8070512,177,CDS
14330,8070821,8072238,1417,CDS
14331,8072363,8072778,415,CDS
14332,8073127,8073234,107,CDS
14333,8073367,8073471,104,CDS
14334,8073600,8073700,100,CDS
14335,8073974,8074404,430,CDS
14336,8075473,8075607,134,CDS
14337,8075665,8075790,125,CDS
14338,8075860,8076108,248,CDS
14339,8076293,8076448,155,CDS
14340,8077731,8077829,98,CDS
14341,8069899,8070279,380,CDS
14342,8070335,8070512,177,CDS
14343,8070821,8072238,1417,CDS
14344,8072363,8072778,415,CDS
14345,8073600,8073700,100,CDS
14346,8073974,8074500,526,CDS
14347,8075473,8075607,134,CDS
14348,8075665,8075790,125,CDS
14349,8075860,8076108,248,CDS
14350,8076293,8076448,155,CDS
14351,8077731,8077829,98,CDS
14352,8069899,8070279,380,CDS
14353,8070335,8070512,177,CDS
14354,8070821,8072238,1417,CDS
14355,8072363,8072778,415,CDS
14356,8073127,8073234,107,CDS
14357,8073367,8073471,104,CDS
14358,8073600,8073700,100,CDS
14359,8073974,8074500,526,CDS
14360,8075473,8075607,134,CDS
14361,8075665,8075790,125,CDS
14362,8075860,8076108,248,CDS
14363,8076293,8076676,383,CDS
14364,8069899,8070279,380,CDS
14365,8070335,8070512,177,CDS
14366,8070821,8072238,1417,CDS
14367,8072363,8072778,415,CDS
14368,8073127,8073234,107,CDS
14369,8073367,8073471,104,CDS
14370,8073600,8073700,100,CDS
14371,8073974,8074500,526,CDS
14372,8075412,8075417,5,CDS
14373,8078869,8080041,1172,gene
14374,8078869,8080041,1172,mRNA
14375,8079237,8080041,804,mRNA
14376,8079318,8079950,632,CDS
14377,8079318,8079950,632,CDS
14378,8080559,8083357,2798,gene
14379,8083275,8083357,82,mRNA
14380,8082015,8082293,278,mRNA
14381,8081862,8081939,77,mRNA
14382,8081274,8081503,229,mRNA
14383,8081031,8081206,175,mRNA
14384,8080559,8080959,400,mRNA
14385,8082859,8083075,216,mRNA
14386,8082015,8082293,278,mRNA
14387,8081862,8081939,77,mRNA
14388,8081274,8081503,229,mRNA
14389,8081031,8081206,175,mRNA
14390,8080559,8080959,400,mRNA
14391,8082015,8082220,205,mRNA
14392,8081862,8081939,77,mRNA
14393,8081274,8081503,229,mRNA
14394,8081031,8081206,175,mRNA
14395,8080559,8080959,400,mRNA
14396,8082015,8082091,76,CDS
14397,8081862,8081939,77,CDS
14398,8081274,8081503,229,CDS
14399,8081031,8081206,175,CDS
14400,8080840,8080959,119,CDS
14401,8082015,8082091,76,CDS
14402,8081862,8081939,77,CDS
14403,8081274,8081503,229,CDS
14404,8081031,8081206,175,CDS
14405,8080840,8080959,119,CDS
14406,8082015,8082091,76,CDS
14407,8081862,8081939,77,CDS
14408,8081274,8081503,229,CDS
14409,8081031,8081206,175,CDS
14410,8080840,8080959,119,CDS
14411,8082976,8087151,4175,gene
14412,8082976,8083385,409,mRNA
14413,8084531,8084635,104,mRNA
14414,8084692,8084852,160,mRNA
14415,8085047,8085641,594,mRNA
14416,8085700,8085912,212,mRNA
14417,8085982,8086084,102,mRNA
14418,8086327,8087151,824,mRNA
14419,8083293,8083385,92,CDS
14420,8084531,8084635,104,CDS
14421,8084692,8084852,160,CDS
14422,8085047,8085641,594,CDS
14423,8085700,8085912,212,CDS
14424,8085982,8086084,102,CDS
14425,8086327,8086580,253,CDS
14426,8087396,8089297,1901,gene
14427,8087396,8087454,58,mRNA
14428,8087575,8087858,283,mRNA
14429,8087915,8088515,600,mRNA
14430,8088575,8088896,321,mRNA
14431,8088956,8089297,341,mRNA
14432,8087440,8087454,14,CDS
14433,8087575,8087858,283,CDS
14434,8087915,8088515,600,CDS
14435,8088575,8088896,321,CDS
14436,8088956,8089209,253,CDS
14437,8089482,8091297,1815,gene
14438,8089482,8089651,169,mRNA
14439,8089705,8090448,743,mRNA
14440,8090505,8090717,212,mRNA
14441,8090780,8090882,102,mRNA
14442,8090936,8091297,361,mRNA
14443,8089482,8089651,169,mRNA
14444,8089713,8090448,735,mRNA
14445,8090505,8090717,212,mRNA
14446,8090780,8090882,102,mRNA
14447,8090936,8091297,361,mRNA
14448,8089535,8089651,116,CDS
14449,8089705,8090448,743,CDS
14450,8090505,8090717,212,CDS
14451,8090780,8090882,102,CDS
14452,8090936,8091189,253,CDS
14453,8089638,8089651,13,CDS
14454,8089713,8090448,735,CDS
14455,8090505,8090717,212,CDS
14456,8090780,8090882,102,CDS
14457,8090936,8091189,253,CDS
14458,8091696,8096948,5252,gene
14459,8091696,8092165,469,mRNA
14460,8095079,8095518,439,mRNA
14461,8095596,8095947,351,mRNA
14462,8096014,8096243,229,mRNA
14463,8096304,8096430,126,mRNA
14464,8096535,8096636,101,mRNA
14465,8096692,8096948,256,mRNA
14466,8095214,8095518,304,CDS
14467,8095596,8095947,351,CDS
14468,8096014,8096243,229,CDS
14469,8096304,8096430,126,CDS
14470,8096535,8096636,101,CDS
14471,8096692,8096763,71,CDS
14472,8096792,8098484,1692,gene
14473,8096792,8098484,1692,mRNA
14474,8098415,8098484,69,mRNA
14475,8096937,8098355,1418,mRNA
14476,8097067,8098320,1253,CDS
14477,8097067,8098320,1253,CDS
14478,8098684,8102306,3622,gene
14479,8098684,8098853,169,mRNA
14480,8099556,8100475,919,mRNA
14481,8100534,8102306,1772,mRNA
14482,8099564,8100475,911,CDS
14483,8100534,8101904,1370,CDS
14484,8102260,8106318,4058,gene
14485,8106017,8106318,301,mRNA
14486,8105525,8105939,414,mRNA
14487,8105213,8105457,244,mRNA
14488,8104691,8105151,460,mRNA
14489,8104453,8104639,186,mRNA
14490,8104162,8104354,192,mRNA
14491,8103967,8104103,136,mRNA
14492,8103523,8103912,389,mRNA
14493,8103183,8103461,278,mRNA
14494,8102970,8103122,152,mRNA
14495,8102608,8102906,298,mRNA
14496,8102260,8102544,284,mRNA
14497,8106017,8106314,297,mRNA
14498,8105525,8105939,414,mRNA
14499,8105213,8105457,244,mRNA
14500,8104691,8105151,460,mRNA
14501,8104453,8104639,186,mRNA
14502,8104162,8104354,192,mRNA
14503,8103967,8104103,136,mRNA
14504,8103523,8103912,389,mRNA
14505,8103183,8103461,278,mRNA
14506,8102970,8103122,152,mRNA
14507,8102260,8102906,646,mRNA
14508,8105525,8105849,324,CDS
14509,8105213,8105457,244,CDS
14510,8104691,8105151,460,CDS
14511,8104453,8104639,186,CDS
14512,8104162,8104354,192,CDS
14513,8103967,8104103,136,CDS
14514,8103523,8103912,389,CDS
14515,8103183,8103461,278,CDS
14516,8102970,8103122,152,CDS
14517,8102811,8102906,95,CDS
14518,8105525,8105849,324,CDS
14519,8105213,8105457,244,CDS
14520,8104691,8105151,460,CDS
14521,8104453,8104639,186,CDS
14522,8104162,8104354,192,CDS
14523,8103967,8104103,136,CDS
14524,8103523,8103912,389,CDS
14525,8103183,8103461,278,CDS
14526,8102970,8103122,152,CDS
14527,8102811,8102906,95,CDS
14528,8106385,8113949,7564,gene
14529,8106385,8107045,660,mRNA
14530,8113587,8113949,362,mRNA
14531,8106385,8107373,988,mRNA
14532,8106456,8106935,479,CDS
14533,8106456,8106935,479,CDS
14534,8107045,8113567,6522,mobile_element
14535,8113576,8113980,404,mobile_element
14536,8114286,8123001,8715,gene
14537,8122257,8123001,744,mRNA
14538,8119548,8119620,72,mRNA
14539,8119323,8119468,145,mRNA
14540,8118914,8119254,340,mRNA
14541,8118409,8118851,442,mRNA
14542,8117888,8118323,435,mRNA
14543,8117345,8117825,480,mRNA
14544,8117165,8117284,119,mRNA
14545,8116267,8117020,753,mRNA
14546,8116132,8116208,76,mRNA
14547,8115530,8115715,185,mRNA
14548,8114286,8115463,1177,mRNA
14549,8122257,8123001,744,mRNA
14550,8119548,8119620,72,mRNA
14551,8119323,8119468,145,mRNA
14552,8118914,8119254,340,mRNA
14553,8118409,8118851,442,mRNA
14554,8117888,8118323,435,mRNA
14555,8117345,8117825,480,mRNA
14556,8117165,8117284,119,mRNA
14557,8116267,8117020,753,mRNA
14558,8116132,8116208,76,mRNA
14559,8115978,8116025,47,mRNA
14560,8115530,8115715,185,mRNA
14561,8114286,8115463,1177,mRNA
14562,8122257,8123001,744,mRNA
14563,8119548,8119620,72,mRNA
14564,8119323,8119468,145,mRNA
14565,8118914,8119254,340,mRNA
14566,8118409,8118851,442,mRNA
14567,8117888,8118323,435,mRNA
14568,8117345,8117825,480,mRNA
14569,8117165,8117284,119,mRNA
14570,8116267,8117104,837,mRNA
14571,8116132,8116208,76,mRNA
14572,8115530,8115715,185,mRNA
14573,8115140,8115463,323,mRNA
14574,8122257,8122385,128,CDS
14575,8119548,8119620,72,CDS
14576,8119323,8119468,145,CDS
14577,8118914,8119254,340,CDS
14578,8118409,8118851,442,CDS
14579,8117888,8118323,435,CDS
14580,8117345,8117825,480,CDS
14581,8117165,8117284,119,CDS
14582,8116267,8117020,753,CDS
14583,8116132,8116208,76,CDS
14584,8115530,8115715,185,CDS
14585,8115266,8115463,197,CDS
14586,8122257,8122385,128,CDS
14587,8119548,8119620,72,CDS
14588,8119323,8119468,145,CDS
14589,8118914,8119254,340,CDS
14590,8118409,8118851,442,CDS
14591,8117888,8118323,435,CDS
14592,8117345,8117825,480,CDS
14593,8117165,8117284,119,CDS
14594,8116267,8117020,753,CDS
14595,8116132,8116208,76,CDS
14596,8115978,8116025,47,CDS
14597,8115530,8115715,185,CDS
14598,8115266,8115463,197,CDS
14599,8122257,8122385,128,CDS
14600,8119548,8119620,72,CDS
14601,8119323,8119468,145,CDS
14602,8118914,8119254,340,CDS
14603,8118409,8118851,442,CDS
14604,8117888,8118323,435,CDS
14605,8117345,8117825,480,CDS
14606,8117165,8117284,119,CDS
14607,8116267,8117104,837,CDS
14608,8116132,8116208,76,CDS
14609,8115530,8115715,185,CDS
14610,8115266,8115463,197,CDS
14611,8123036,8125058,2022,gene
14612,8123036,8123363,327,mRNA
14613,8123420,8124549,1129,mRNA
14614,8124610,8125058,448,mRNA
14615,8123138,8123363,225,CDS
14616,8123420,8124549,1129,CDS
14617,8124610,8124948,338,CDS
14618,8124981,8127242,2261,gene
14619,8127065,8127242,177,mRNA
14620,8126924,8127009,85,mRNA
14621,8125533,8126869,1336,mRNA
14622,8125267,8125470,203,mRNA
14623,8124981,8125209,228,mRNA
14624,8127065,8127242,177,mRNA
14625,8126924,8127009,85,mRNA
14626,8125533,8126869,1336,mRNA
14627,8125267,8125473,206,mRNA
14628,8124981,8125209,228,mRNA
14629,8127065,8127242,177,mRNA
14630,8125533,8127009,1476,mRNA
14631,8125267,8125473,206,mRNA
14632,8124981,8125209,228,mRNA
14633,8127065,8127199,134,CDS
14634,8126924,8127009,85,CDS
14635,8125533,8126869,1336,CDS
14636,8125267,8125470,203,CDS
14637,8125070,8125209,139,CDS
14638,8127065,8127199,134,CDS
14639,8126924,8127009,85,CDS
14640,8125533,8126869,1336,CDS
14641,8125267,8125473,206,CDS
14642,8125070,8125209,139,CDS
14643,8125533,8126652,1119,CDS
14644,8125267,8125473,206,CDS
14645,8125070,8125209,139,CDS
14646,8127575,8129476,1901,gene
14647,8127575,8128261,686,mRNA
14648,8128324,8129476,1152,mRNA
14649,8127705,8128261,556,CDS
14650,8128324,8128795,471,CDS
14651,8129354,8131323,1969,gene
14652,8129354,8131323,1969,gene
14653,8131256,8131323,67,mRNA
14654,8129354,8131172,1818,mRNA
14655,8131256,8131323,67,mRNA
14656,8129354,8131172,1818,mRNA
14657,8130331,8131323,992,mRNA
14658,8129354,8130273,919,mRNA
14659,8130331,8131323,992,mRNA
14660,8129354,8130273,919,mRNA
14661,8129795,8131323,1528,mRNA
14662,8129354,8129711,357,mRNA
14663,8129354,8131323,1969,mRNA
14664,8130331,8130628,297,CDS
14665,8129495,8130273,778,CDS
14666,8129495,8130628,1133,CDS
14667,8129495,8130628,1133,CDS
14668,8130692,8131144,452,CDS
14669,8130692,8131144,452,CDS
14670,8130692,8131144,452,CDS
14671,8131431,8134374,2943,gene
14672,8131431,8131723,292,mRNA
14673,8131921,8132132,211,mRNA
14674,8132390,8132791,401,mRNA
14675,8132942,8133075,133,mRNA
14676,8133141,8133208,67,mRNA
14677,8133615,8134374,759,mRNA
14678,8131431,8131723,292,mRNA
14679,8131921,8132132,211,mRNA
14680,8132390,8132791,401,mRNA
14681,8132942,8133075,133,mRNA
14682,8133141,8133477,336,mRNA
14683,8132034,8132132,98,CDS
14684,8132390,8132791,401,CDS
14685,8132942,8133075,133,CDS
14686,8133141,8133180,39,CDS
14687,8132034,8132132,98,CDS
14688,8132390,8132791,401,CDS
14689,8132942,8133075,133,CDS
14690,8133141,8133180,39,CDS
14691,8134170,8135315,1145,gene
14692,8134967,8135315,348,mRNA
14693,8134170,8134896,726,mRNA
14694,8134967,8135087,120,mRNA
14695,8134370,8134896,526,mRNA
14696,8134967,8135011,44,CDS
14697,8134510,8134896,386,CDS
14698,8134967,8135011,44,CDS
14699,8134510,8134896,386,CDS
14700,8136986,8156654,19668,gene
14701,8156055,8156654,599,mRNA
14702,8142643,8143074,431,mRNA
14703,8142099,8142307,208,mRNA
14704,8141891,8142028,137,mRNA
14705,8140681,8141820,1139,mRNA
14706,8140514,8140616,102,mRNA
14707,8140243,8140371,128,mRNA
14708,8139954,8140149,195,mRNA
14709,8139679,8139890,211,mRNA
14710,8139122,8139622,500,mRNA
14711,8138938,8139041,103,mRNA
14712,8136986,8137682,696,mRNA
14713,8145755,8145981,226,mRNA
14714,8142643,8143074,431,mRNA
14715,8142099,8142307,208,mRNA
14716,8141891,8142028,137,mRNA
14717,8140681,8141820,1139,mRNA
14718,8140514,8140613,99,mRNA
14719,8140243,8140371,128,mRNA
14720,8139954,8140149,195,mRNA
14721,8139679,8139890,211,mRNA
14722,8139122,8139622,500,mRNA
14723,8138938,8139041,103,mRNA
14724,8136986,8137682,696,mRNA
14725,8145755,8145981,226,mRNA
14726,8142643,8143074,431,mRNA
14727,8142099,8142307,208,mRNA
14728,8141891,8142028,137,mRNA
14729,8140681,8141820,1139,mRNA
14730,8140514,8140616,102,mRNA
14731,8139954,8140149,195,mRNA
14732,8139679,8139890,211,mRNA
14733,8139122,8139622,500,mRNA
14734,8138938,8139041,103,mRNA
14735,8136986,8137682,696,mRNA
14736,8145755,8145981,226,mRNA
14737,8142643,8143074,431,mRNA
14738,8142099,8142307,208,mRNA
14739,8141891,8142028,137,mRNA
14740,8140681,8141820,1139,mRNA
14741,8140514,8140616,102,mRNA
14742,8140243,8140371,128,mRNA
14743,8139954,8140149,195,mRNA
14744,8139679,8139890,211,mRNA
14745,8139122,8139622,500,mRNA
14746,8138938,8139041,103,mRNA
14747,8136986,8137682,696,mRNA
14748,8142099,8142398,299,mRNA
14749,8141891,8142028,137,mRNA
14750,8140681,8141820,1139,mRNA
14751,8140514,8140616,102,mRNA
14752,8140243,8140371,128,mRNA
14753,8139954,8140149,195,mRNA
14754,8139679,8139890,211,mRNA
14755,8139122,8139622,500,mRNA
14756,8138938,8139041,103,mRNA
14757,8137319,8137682,363,mRNA
14758,8142643,8142822,179,CDS
14759,8142099,8142307,208,CDS
14760,8141891,8142028,137,CDS
14761,8140681,8141820,1139,CDS
14762,8140514,8140613,99,CDS
14763,8140243,8140371,128,CDS
14764,8139954,8140149,195,CDS
14765,8139679,8139890,211,CDS
14766,8139122,8139622,500,CDS
14767,8138938,8139041,103,CDS
14768,8137487,8137682,195,CDS
14769,8142643,8142822,179,CDS
14770,8142099,8142307,208,CDS
14771,8141891,8142028,137,CDS
14772,8140681,8141820,1139,CDS
14773,8140514,8140616,102,CDS
14774,8139954,8140149,195,CDS
14775,8139679,8139890,211,CDS
14776,8139122,8139622,500,CDS
14777,8138938,8139041,103,CDS
14778,8137487,8137682,195,CDS
14779,8142643,8142822,179,CDS
14780,8142099,8142307,208,CDS
14781,8141891,8142028,137,CDS
14782,8140681,8141820,1139,CDS
14783,8140514,8140616,102,CDS
14784,8140243,8140371,128,CDS
14785,8139954,8140149,195,CDS
14786,8139679,8139890,211,CDS
14787,8139122,8139622,500,CDS
14788,8138938,8139041,103,CDS
14789,8137487,8137682,195,CDS
14790,8142643,8142822,179,CDS
14791,8142099,8142307,208,CDS
14792,8141891,8142028,137,CDS
14793,8140681,8141820,1139,CDS
14794,8140514,8140616,102,CDS
14795,8140243,8140371,128,CDS
14796,8139954,8140149,195,CDS
14797,8139679,8139890,211,CDS
14798,8139122,8139622,500,CDS
14799,8138938,8139041,103,CDS
14800,8137487,8137682,195,CDS
14801,8142099,8142268,169,CDS
14802,8141891,8142028,137,CDS
14803,8140681,8141820,1139,CDS
14804,8140514,8140616,102,CDS
14805,8140243,8140371,128,CDS
14806,8139954,8140149,195,CDS
14807,8139679,8139890,211,CDS
14808,8139122,8139622,500,CDS
14809,8138938,8139041,103,CDS
14810,8137487,8137682,195,CDS
14811,8156055,8156654,599,mRNA
14812,8142643,8143074,431,mRNA
14813,8142099,8142307,208,mRNA
14814,8141891,8142028,137,mRNA
14815,8140681,8141820,1139,mRNA
14816,8140514,8140616,102,mRNA
14817,8140243,8140371,128,mRNA
14818,8139954,8140149,195,mRNA
14819,8139679,8139890,211,mRNA
14820,8139122,8139622,500,mRNA
14821,8138938,8139041,103,mRNA
14822,8137988,8138592,604,mRNA
14823,8145755,8145981,226,mRNA
14824,8142643,8143074,431,mRNA
14825,8142099,8142307,208,mRNA
14826,8140681,8141820,1139,mRNA
14827,8140514,8140616,102,mRNA
14828,8140243,8140371,128,mRNA
14829,8139954,8140149,195,mRNA
14830,8139679,8139890,211,mRNA
14831,8139122,8139622,500,mRNA
14832,8138938,8139041,103,mRNA
14833,8137988,8138592,604,mRNA
14834,8145755,8145981,226,mRNA
14835,8142643,8143074,431,mRNA
14836,8142099,8142307,208,mRNA
14837,8141891,8142028,137,mRNA
14838,8140681,8141820,1139,mRNA
14839,8140514,8140616,102,mRNA
14840,8140243,8140371,128,mRNA
14841,8139954,8140149,195,mRNA
14842,8139679,8139890,211,mRNA
14843,8139122,8139622,500,mRNA
14844,8138938,8139041,103,mRNA
14845,8137988,8138592,604,mRNA
14846,8145752,8145981,229,mRNA
14847,8142643,8143074,431,mRNA
14848,8142099,8142307,208,mRNA
14849,8141891,8142028,137,mRNA
14850,8140681,8141820,1139,mRNA
14851,8140514,8140613,99,mRNA
14852,8139954,8140149,195,mRNA
14853,8139679,8139890,211,mRNA
14854,8139122,8139622,500,mRNA
14855,8138938,8139041,103,mRNA
14856,8137988,8138592,604,mRNA
14857,8145642,8145981,339,mRNA
14858,8142643,8143074,431,mRNA
14859,8142099,8142307,208,mRNA
14860,8141891,8142028,137,mRNA
14861,8140681,8141820,1139,mRNA
14862,8140514,8140613,99,mRNA
14863,8140243,8140371,128,mRNA
14864,8139954,8140149,195,mRNA
14865,8139679,8139890,211,mRNA
14866,8139122,8139622,500,mRNA
14867,8138938,8139041,103,mRNA
14868,8137988,8138592,604,mRNA
14869,8142442,8142455,13,mRNA
14870,8142099,8142307,208,mRNA
14871,8141891,8142028,137,mRNA
14872,8140681,8141820,1139,mRNA
14873,8140514,8140616,102,mRNA
14874,8140243,8140371,128,mRNA
14875,8139954,8140149,195,mRNA
14876,8139679,8139890,211,mRNA
14877,8139122,8139622,500,mRNA
14878,8138938,8139041,103,mRNA
14879,8137988,8138592,604,mRNA
14880,8142643,8142822,179,CDS
14881,8142099,8142307,208,CDS
14882,8140681,8141820,1139,CDS
14883,8140514,8140616,102,CDS
14884,8140243,8140371,128,CDS
14885,8139954,8140149,195,CDS
14886,8139679,8139890,211,CDS
14887,8139122,8139622,500,CDS
14888,8138938,8139041,103,CDS
14889,8138235,8138592,357,CDS
14890,8142643,8142822,179,CDS
14891,8142099,8142307,208,CDS
14892,8141891,8142028,137,CDS
14893,8140681,8141820,1139,CDS
14894,8140514,8140613,99,CDS
14895,8139954,8140149,195,CDS
14896,8139679,8139890,211,CDS
14897,8139122,8139622,500,CDS
14898,8138938,8139041,103,CDS
14899,8138235,8138592,357,CDS
14900,8142643,8142822,179,CDS
14901,8142099,8142307,208,CDS
14902,8141891,8142028,137,CDS
14903,8140681,8141820,1139,CDS
14904,8140514,8140613,99,CDS
14905,8140243,8140371,128,CDS
14906,8139954,8140149,195,CDS
14907,8139679,8139890,211,CDS
14908,8139122,8139622,500,CDS
14909,8138938,8139041,103,CDS
14910,8138235,8138592,357,CDS
14911,8142643,8142822,179,CDS
14912,8142099,8142307,208,CDS
14913,8141891,8142028,137,CDS
14914,8140681,8141820,1139,CDS
14915,8140514,8140616,102,CDS
14916,8140243,8140371,128,CDS
14917,8139954,8140149,195,CDS
14918,8139679,8139890,211,CDS
14919,8139122,8139622,500,CDS
14920,8138938,8139041,103,CDS
14921,8138235,8138592,357,CDS
14922,8142643,8142822,179,CDS
14923,8142099,8142307,208,CDS
14924,8141891,8142028,137,CDS
14925,8140681,8141820,1139,CDS
14926,8140514,8140616,102,CDS
14927,8140243,8140371,128,CDS
14928,8139954,8140149,195,CDS
14929,8139679,8139890,211,CDS
14930,8139122,8139622,500,CDS
14931,8138938,8139041,103,CDS
14932,8138235,8138592,357,CDS
14933,8142099,8142268,169,CDS
14934,8141891,8142028,137,CDS
14935,8140681,8141820,1139,CDS
14936,8140514,8140616,102,CDS
14937,8140243,8140371,128,CDS
14938,8139954,8140149,195,CDS
14939,8139679,8139890,211,CDS
14940,8139122,8139622,500,CDS
14941,8138938,8139041,103,CDS
14942,8138235,8138592,357,CDS
14943,8146918,8156654,9736,gene
14944,8156414,8156654,240,mRNA
14945,8146918,8148395,1477,mRNA
14946,8156055,8156654,599,mRNA
14947,8146918,8148395,1477,mRNA
14948,8149308,8149435,127,mRNA
14949,8146918,8148395,1477,mRNA
14950,8148928,8149171,243,mRNA
14951,8146918,8148395,1477,mRNA
14952,8146918,8148578,1660,mRNA
14953,8147273,8148283,1010,CDS
14954,8147273,8148283,1010,CDS
14955,8147273,8148283,1010,CDS
14956,8147273,8148283,1010,CDS
14957,8147273,8148283,1010,CDS
14958,8157161,8158260,1099,gene
14959,8157161,8157229,68,ncRNA
14960,8157285,8157717,432,ncRNA
14961,8157760,8158260,500,ncRNA
14962,8157161,8157229,68,ncRNA
14963,8157285,8157717,432,ncRNA
14964,8157767,8158260,493,ncRNA
14965,8157257,8157914,657,gene
14966,8157257,8157772,515,exon
14967,8157783,8157827,44,exon
14968,8157876,8157914,38,exon
14969,8158455,8158528,73,gene
14970,8158455,8158528,73,tRNA
14971,8159406,8161565,2159,gene
14972,8161411,8161565,154,mRNA
14973,8160055,8160929,874,mRNA
14974,8159406,8160001,595,mRNA
14975,8161411,8161565,154,mRNA
14976,8161033,8161268,235,mRNA
14977,8160055,8160929,874,mRNA
14978,8159406,8160001,595,mRNA
14979,8161033,8161235,202,mRNA
14980,8160055,8160929,874,mRNA
14981,8159406,8160001,595,mRNA
14982,8161411,8161435,24,CDS
14983,8160055,8160929,874,CDS
14984,8159567,8160001,434,CDS
14985,8161033,8161075,42,CDS
14986,8160055,8160929,874,CDS
14987,8159567,8160001,434,CDS
14988,8161033,8161075,42,CDS
14989,8160055,8160929,874,CDS
14990,8159567,8160001,434,CDS
14991,8161679,8163500,1821,gene
14992,8163322,8163500,178,mRNA
14993,8162770,8163240,470,mRNA
14994,8162488,8162706,218,mRNA
14995,8162286,8162428,142,mRNA
14996,8161679,8162224,545,mRNA
14997,8163322,8163324,2,CDS
14998,8162770,8163240,470,CDS
14999,8162488,8162706,218,CDS
15000,8162286,8162428,142,CDS
15001,8161903,8162224,321,CDS
15002,8163564,8167769,4205,gene
15003,8163564,8163767,203,mRNA
15004,8164941,8165048,107,mRNA
15005,8165107,8165931,824,mRNA
15006,8166116,8166848,732,mRNA
15007,8166909,8167452,543,mRNA
15008,8167514,8167769,255,mRNA
15009,8164000,8164869,869,gene
15010,8164797,8164869,72,mRNA
15011,8164568,8164707,139,mRNA
15012,8164000,8164506,506,mRNA
15013,8164568,8164670,102,mRNA
15014,8164000,8164506,506,mRNA
15015,8164568,8164602,34,CDS
15016,8164065,8164506,441,CDS
15017,8164568,8164602,34,CDS
15018,8164065,8164506,441,CDS
15019,8164880,8165048,168,mRNA
15020,8165107,8165931,824,mRNA
15021,8166116,8166848,732,mRNA
15022,8166909,8167452,543,mRNA
15023,8167514,8167769,255,mRNA
15024,8164956,8165048,92,CDS
15025,8165107,8165931,824,CDS
15026,8166116,8166848,732,CDS
15027,8166909,8167452,543,CDS
15028,8167514,8167667,153,CDS
15029,8164956,8165048,92,CDS
15030,8165107,8165931,824,CDS
15031,8166116,8166848,732,CDS
15032,8166909,8167452,543,CDS
15033,8167514,8167667,153,CDS
15034,8165950,8166048,98,gene
15035,8165950,8166048,98,ncRNA
15036,8167948,8170089,2141,gene
15037,8167948,8168126,178,mRNA
15038,8168190,8169073,883,mRNA
15039,8169129,8169191,62,mRNA
15040,8169245,8169440,195,mRNA
15041,8169504,8170089,585,mRNA
15042,8168043,8168126,83,CDS
15043,8168190,8169073,883,CDS
15044,8169129,8169191,62,CDS
15045,8169245,8169440,195,CDS
15046,8169504,8169662,158,CDS
15047,8170274,8172401,2127,gene
15048,8170274,8171113,839,mRNA
15049,8171174,8172401,1227,mRNA
15050,8170274,8171109,835,mRNA
15051,8171167,8172401,1234,mRNA
15052,8170293,8171113,820,CDS
15053,8171174,8172344,1170,CDS
15054,8170293,8171109,816,CDS
15055,8171167,8172344,1177,CDS
15056,8172364,8173613,1249,gene
15057,8173480,8173613,133,mRNA
15058,8173173,8173369,196,mRNA
15059,8172364,8172771,407,mRNA
15060,8173480,8173497,17,CDS
15061,8173173,8173369,196,CDS
15062,8172495,8172771,276,CDS
15063,8174165,8226438,52273,gene
15064,8174165,8174831,666,mRNA
15065,8186905,8186982,77,mRNA
15066,8206627,8206740,113,mRNA
15067,8209506,8209625,119,mRNA
15068,8209714,8209836,122,mRNA
15069,8210085,8210336,251,mRNA
15070,8210401,8210724,323,mRNA
15071,8210975,8211351,376,mRNA
15072,8211527,8212272,745,mRNA
15073,8212331,8213398,1067,mRNA
15074,8213466,8215224,1758,mRNA
15075,8215285,8215580,295,mRNA
15076,8215646,8216001,355,mRNA
15077,8216060,8216328,268,mRNA
15078,8216384,8218498,2114,mRNA
15079,8218778,8219447,669,mRNA
15080,8219519,8221556,2037,mRNA
15081,8221646,8222032,386,mRNA
15082,8222094,8222907,813,mRNA
15083,8222979,8223543,564,mRNA
15084,8223611,8224943,1332,mRNA
15085,8225001,8225127,126,mRNA
15086,8225263,8226438,1175,mRNA
15087,8174165,8174831,666,mRNA
15088,8206627,8206740,113,mRNA
15089,8209506,8209625,119,mRNA
15090,8209714,8209836,122,mRNA
15091,8210085,8210336,251,mRNA
15092,8210401,8210724,323,mRNA
15093,8210975,8211351,376,mRNA
15094,8211527,8212272,745,mRNA
15095,8212331,8213398,1067,mRNA
15096,8213466,8215224,1758,mRNA
15097,8215285,8215580,295,mRNA
15098,8215646,8216001,355,mRNA
15099,8216060,8216328,268,mRNA
15100,8216384,8218498,2114,mRNA
15101,8218778,8219447,669,mRNA
15102,8219519,8221556,2037,mRNA
15103,8221646,8222032,386,mRNA
15104,8222094,8222907,813,mRNA
15105,8222979,8223543,564,mRNA
15106,8223611,8224943,1332,mRNA
15107,8225001,8225127,126,mRNA
15108,8225251,8226438,1187,mRNA
15109,8174657,8174831,174,CDS
15110,8186905,8186982,77,CDS
15111,8206627,8206740,113,CDS
15112,8209506,8209625,119,CDS
15113,8209714,8209836,122,CDS
15114,8210085,8210336,251,CDS
15115,8210401,8210724,323,CDS
15116,8210975,8211351,376,CDS
15117,8211527,8212272,745,CDS
15118,8212331,8213398,1067,CDS
15119,8213466,8215224,1758,CDS
15120,8215285,8215580,295,CDS
15121,8215646,8216001,355,CDS
15122,8216060,8216328,268,CDS
15123,8216384,8218498,2114,CDS
15124,8218778,8219447,669,CDS
15125,8219519,8221556,2037,CDS
15126,8221646,8222032,386,CDS
15127,8222094,8222907,813,CDS
15128,8222979,8223543,564,CDS
15129,8223611,8224943,1332,CDS
15130,8225001,8225127,126,CDS
15131,8225263,8225415,152,CDS
15132,8174657,8174831,174,CDS
15133,8206627,8206740,113,CDS
15134,8209506,8209625,119,CDS
15135,8209714,8209836,122,CDS
15136,8210085,8210336,251,CDS
15137,8210401,8210724,323,CDS
15138,8210975,8211351,376,CDS
15139,8211527,8212272,745,CDS
15140,8212331,8213398,1067,CDS
15141,8213466,8215224,1758,CDS
15142,8215285,8215580,295,CDS
15143,8215646,8216001,355,CDS
15144,8216060,8216328,268,CDS
15145,8216384,8218498,2114,CDS
15146,8218778,8219447,669,CDS
15147,8219519,8221556,2037,CDS
15148,8221646,8222032,386,CDS
15149,8222094,8222907,813,CDS
15150,8222979,8223543,564,CDS
15151,8223611,8224943,1332,CDS
15152,8225001,8225127,126,CDS
15153,8225251,8225415,164,CDS
15154,8201346,8201425,79,mobile_element
15155,8204888,8205706,818,gene
15156,8204888,8205706,818,mRNA
15157,8204973,8205683,710,CDS
15158,8227990,8228727,737,gene
15159,8227990,8228727,737,mRNA
15160,8228199,8228615,416,CDS
15161,8228971,8232330,3359,gene
15162,8231923,8232330,407,mRNA
15163,8231599,8231694,95,mRNA
15164,8228971,8230502,1531,mRNA
15165,8229296,8230796,1500,gene
15166,8229296,8230796,1500,ncRNA
15167,8231923,8232048,125,CDS
15168,8231599,8231694,95,CDS
15169,8229417,8230502,1085,CDS
15170,8230532,8231065,533,gene
15171,8230532,8231065,533,ncRNA
15172,8231104,8231588,484,gene
15173,8231104,8231588,484,ncRNA
15174,8237271,8240297,3026,gene
15175,8237271,8240297,3026,mRNA
15176,8237853,8240297,2444,mRNA
15177,8238057,8239676,1619,CDS
15178,8238057,8239676,1619,CDS
15179,8241596,8242017,421,gene
15180,8241596,8242017,421,ncRNA
15181,8242396,8243500,1104,gene
15182,8242396,8243500,1104,ncRNA
15183,8245795,8246295,500,gene
15184,8245795,8246295,500,ncRNA
15185,8249096,8249595,499,gene
15186,8249096,8249595,499,mRNA
15187,8249198,8249332,134,CDS
15188,8254223,8256931,2708,gene
15189,8254223,8254477,254,mRNA
15190,8254902,8255604,702,mRNA
15191,8256072,8256931,859,mRNA
15192,8254256,8254477,221,CDS
15193,8254902,8255604,702,CDS
15194,8256072,8256736,664,CDS
15195,8259286,8259784,498,gene
15196,8259286,8259784,498,mRNA
15197,8259407,8259670,263,CDS
15198,8259841,8260483,642,gene
15199,8259841,8260483,642,mRNA
15200,8259841,8259909,68,mRNA
15201,8259996,8260483,487,mRNA
15202,8260036,8260416,380,CDS
15203,8260036,8260416,380,CDS
15204,8260607,8261463,856,gene
15205,8261255,8261463,208,mRNA
15206,8260607,8261190,583,mRNA
15207,8260647,8261463,816,mRNA
15208,8260865,8261200,335,CDS
15209,8260865,8261125,260,CDS
15210,8262674,8263278,604,gene
15211,8262674,8263278,604,mRNA
15212,8262870,8263199,329,CDS
15213,8263486,8264426,940,gene
15214,8263486,8264426,940,mRNA
15215,8263613,8264293,680,CDS
15216,8265693,8267295,1602,gene
15217,8267064,8267295,231,mRNA
15218,8266541,8266973,432,mRNA
15219,8266315,8266483,168,mRNA
15220,8265693,8266257,564,mRNA
15221,8267064,8267282,218,CDS
15222,8266541,8266973,432,CDS
15223,8266315,8266483,168,CDS
15224,8265882,8266257,375,CDS
15225,8267643,8269334,1691,gene
15226,8269087,8269334,247,mRNA
15227,8268693,8269017,324,mRNA
15228,8268373,8268471,98,mRNA
15229,8268120,8268285,165,mRNA
15230,8267643,8268062,419,mRNA
15231,8269087,8269308,221,CDS
15232,8268693,8269017,324,CDS
15233,8268373,8268471,98,CDS
15234,8268120,8268285,165,CDS
15235,8267675,8268062,387,CDS
15236,8277345,8277995,650,gene
15237,8277345,8277995,650,ncRNA
15238,8298106,8298200,94,gene
15239,8298106,8298200,94,precursor_RNA
15240,8298115,8298141,26,ncRNA
15241,8304495,8305095,600,gene
15242,8304495,8305095,600,ncRNA
15243,8309495,8310245,750,gene
15244,8309495,8310245,750,ncRNA
15245,8310521,8311234,713,gene
15246,8310521,8311234,713,ncRNA
15247,8311645,8311945,300,gene
15248,8311645,8311945,300,ncRNA
15249,8327490,8396280,68790,gene
15250,8327490,8328007,517,mRNA
15251,8347501,8348294,793,mRNA
15252,8387756,8388221,465,mRNA
15253,8388949,8389506,557,mRNA
15254,8390180,8391446,1266,mRNA
15255,8391501,8391736,235,mRNA
15256,8393557,8393737,180,mRNA
15257,8394563,8394619,56,mRNA
15258,8395031,8395114,83,mRNA
15259,8395211,8395359,148,mRNA
15260,8395435,8396280,845,mRNA
15261,8327490,8328007,517,mRNA
15262,8347501,8348294,793,mRNA
15263,8387756,8388221,465,mRNA
15264,8388949,8389506,557,mRNA
15265,8390180,8391446,1266,mRNA
15266,8391501,8391736,235,mRNA
15267,8393557,8393737,180,mRNA
15268,8394566,8394619,53,mRNA
15269,8395031,8395114,83,mRNA
15270,8395211,8395359,148,mRNA
15271,8395435,8396280,845,mRNA
15272,8327490,8328007,517,mRNA
15273,8347501,8348294,793,mRNA
15274,8387756,8388221,465,mRNA
15275,8388949,8389506,557,mRNA
15276,8390180,8391446,1266,mRNA
15277,8391501,8391736,235,mRNA
15278,8393557,8393737,180,mRNA
15279,8395031,8395114,83,mRNA
15280,8395211,8395359,148,mRNA
15281,8395435,8396280,845,mRNA
15282,8330917,8331345,428,mobile_element
15283,8347539,8348294,755,CDS
15284,8387756,8388221,465,CDS
15285,8388949,8389506,557,CDS
15286,8390180,8391446,1266,CDS
15287,8391501,8391736,235,CDS
15288,8393557,8393737,180,CDS
15289,8394563,8394619,56,CDS
15290,8395031,8395114,83,CDS
15291,8395211,8395359,148,CDS
15292,8395435,8395559,124,CDS
15293,8347539,8348294,755,CDS
15294,8387756,8388221,465,CDS
15295,8388949,8389506,557,CDS
15296,8390180,8391446,1266,CDS
15297,8391501,8391736,235,CDS
15298,8393557,8393737,180,CDS
15299,8394566,8394619,53,CDS
15300,8395031,8395114,83,CDS
15301,8395211,8395359,148,CDS
15302,8395435,8395559,124,CDS
15303,8347539,8348294,755,CDS
15304,8387756,8388221,465,CDS
15305,8388949,8389506,557,CDS
15306,8390180,8391446,1266,CDS
15307,8391501,8391736,235,CDS
15308,8393557,8393737,180,CDS
15309,8395031,8395114,83,CDS
15310,8395211,8395359,148,CDS
15311,8395435,8395559,124,CDS
15312,8358538,8359472,934,gene
15313,8358538,8359472,934,mRNA
15314,8358607,8359467,860,CDS
15315,8359466,8362156,2690,gene
15316,8359466,8362156,2690,gene
15317,8359466,8362156,2690,mRNA
15318,8359466,8362156,2690,mRNA
15319,8359466,8361017,1551,mRNA
15320,8359513,8360922,1409,CDS
15321,8359513,8360922,1409,CDS
15322,8361096,8362156,1060,mRNA
15323,8361224,8362099,875,CDS
15324,8361224,8362099,875,CDS
15325,8362359,8363218,859,gene
15326,8362359,8363218,859,mRNA
15327,8362513,8363013,500,CDS
15328,8363272,8365345,2073,gene
15329,8363272,8365345,2073,gene
15330,8363272,8365345,2073,mRNA
15331,8363272,8365345,2073,mRNA
15332,8363374,8364388,1014,mRNA
15333,8363491,8364345,854,CDS
15334,8363491,8364345,854,CDS
15335,8364510,8365289,779,CDS
15336,8365550,8366688,1138,gene
15337,8365550,8366688,1138,mRNA
15338,8365618,8366385,767,CDS
15339,8366822,8367021,199,mobile_element
15340,8367163,8367927,764,gene
15341,8367163,8367927,764,mRNA
15342,8367329,8367808,479,CDS
15343,8368344,8370038,1694,gene
15344,8369936,8370038,102,mRNA
15345,8368344,8369880,1536,mRNA
15346,8368344,8370038,1694,mRNA
15347,8369003,8369920,917,CDS
15348,8369003,8369872,869,CDS
15349,8370590,8370783,193,mobile_element
15350,8371073,8372142,1069,gene
15351,8371073,8372142,1069,mRNA
15352,8371252,8371992,740,CDS
15353,8387370,8387594,224,mRNA
15354,8387756,8388221,465,mRNA
15355,8388949,8389506,557,mRNA
15356,8390180,8391446,1266,mRNA
15357,8391501,8391736,235,mRNA
15358,8393557,8393737,180,mRNA
15359,8394566,8394619,53,mRNA
15360,8395031,8395114,83,mRNA
15361,8395211,8395359,148,mRNA
15362,8395435,8396280,845,mRNA
15363,8387891,8388221,330,CDS
15364,8388949,8389506,557,CDS
15365,8390180,8391446,1266,CDS
15366,8391501,8391736,235,CDS
15367,8393557,8393737,180,CDS
15368,8394566,8394619,53,CDS
15369,8395031,8395114,83,CDS
15370,8395211,8395359,148,CDS
15371,8395435,8395559,124,CDS
15372,8396397,8411767,15370,gene
15373,8411571,8411767,196,mRNA
15374,8403891,8404285,394,mRNA
15375,8397614,8398159,545,mRNA
15376,8396928,8397355,427,mRNA
15377,8396703,8396865,162,mRNA
15378,8396397,8396640,243,mRNA
15379,8411097,8411230,133,mRNA
15380,8403891,8404285,394,mRNA
15381,8397614,8398159,545,mRNA
15382,8396928,8397355,427,mRNA
15383,8396703,8396865,162,mRNA
15384,8396397,8396640,243,mRNA
15385,8411571,8411582,11,CDS
15386,8403891,8404285,394,CDS
15387,8397614,8398159,545,CDS
15388,8396928,8397355,427,CDS
15389,8396703,8396865,162,CDS
15390,8396574,8396640,66,CDS
15391,8403891,8404255,364,CDS
15392,8397614,8398159,545,CDS
15393,8396928,8397355,427,CDS
15394,8396703,8396865,162,CDS
15395,8396574,8396640,66,CDS
15396,8398268,8402985,4717,mobile_element
15397,8416496,8417045,549,mobile_element
15398,8417176,8417706,530,gene
15399,8417624,8417706,82,mRNA
15400,8417176,8417537,361,mRNA
15401,8417624,8417706,82,CDS
15402,8417273,8417537,264,CDS
15403,8421033,8428577,7544,gene
15404,8421033,8421296,263,mRNA
15405,8421357,8421609,252,mRNA
15406,8427579,8427799,220,mRNA
15407,8427993,8428146,153,mRNA
15408,8428284,8428577,293,mRNA
15409,8421111,8421296,185,CDS
15410,8421357,8421609,252,CDS
15411,8427579,8427799,220,CDS
15412,8427993,8428146,153,CDS
15413,8428284,8428306,22,CDS
15414,8430115,8431243,1128,gene
15415,8431190,8431243,53,mRNA
15416,8430115,8431125,1010,mRNA
15417,8431190,8431243,53,mRNA
15418,8430637,8431125,488,mRNA
15419,8431190,8431201,11,CDS
15420,8430745,8431125,380,CDS
15421,8431190,8431201,11,CDS
15422,8430745,8431125,380,CDS
15423,8432506,8432624,118,mobile_element
15424,8432886,8433384,498,gene
15425,8432886,8433309,423,exon
15426,8433353,8433384,31,exon
15427,8433797,8434785,988,gene
15428,8434522,8434785,263,mRNA
15429,8433797,8434459,662,mRNA
15430,8434522,8434575,53,mRNA
15431,8433974,8434459,485,mRNA
15432,8434522,8434533,11,CDS
15433,8434091,8434459,368,CDS
15434,8434522,8434533,11,CDS
15435,8434091,8434459,368,CDS
15436,8435310,8436095,785,gene
15437,8435310,8435500,190,mRNA
15438,8435557,8436095,538,mRNA
15439,8435443,8435500,57,mRNA
15440,8435557,8436011,454,mRNA
15441,8435489,8435500,11,CDS
15442,8435557,8435883,326,CDS
15443,8435489,8435500,11,CDS
15444,8435557,8435883,326,CDS
15445,8436900,8437119,219,mobile_element
15446,8437647,8438495,848,gene
15447,8437647,8437707,60,mRNA
15448,8437765,8438495,730,mRNA
15449,8437647,8437707,60,mRNA
15450,8437765,8438230,465,mRNA
15451,8437696,8437707,11,CDS
15452,8437765,8438091,326,CDS
15453,8437696,8437707,11,CDS
15454,8437765,8438091,326,CDS
15455,8439395,8442806,3411,gene
15456,8442587,8442806,219,mRNA
15457,8441715,8441824,109,mRNA
15458,8441382,8441661,279,mRNA
15459,8440755,8440824,69,mRNA
15460,8440571,8440697,126,mRNA
15461,8440350,8440511,161,mRNA
15462,8439992,8440232,240,mRNA
15463,8439755,8439937,182,mRNA
15464,8439395,8439699,304,mRNA
15465,8440917,8441121,204,mRNA
15466,8440755,8440824,69,mRNA
15467,8440571,8440697,126,mRNA
15468,8440350,8440511,161,mRNA
15469,8439992,8440232,240,mRNA
15470,8439755,8439937,182,mRNA
15471,8439461,8439699,238,mRNA
15472,8442587,8442752,165,CDS
15473,8441715,8441824,109,CDS
15474,8441382,8441661,279,CDS
15475,8440755,8440824,69,CDS
15476,8440571,8440697,126,CDS
15477,8440350,8440511,161,CDS
15478,8439992,8440232,240,CDS
15479,8439755,8439937,182,CDS
15480,8439488,8439699,211,CDS
15481,8440571,8440618,47,CDS
15482,8440350,8440511,161,CDS
15483,8439992,8440232,240,CDS
15484,8439755,8439937,182,CDS
15485,8439488,8439699,211,CDS
15486,8444560,8447164,2604,gene
15487,8444560,8444673,113,mRNA
15488,8444728,8444930,202,mRNA
15489,8445358,8445467,109,mRNA
15490,8445534,8445883,349,mRNA
15491,8445942,8446311,369,mRNA
15492,8446372,8446546,174,mRNA
15493,8446607,8447164,557,mRNA
15494,8444711,8444930,219,mRNA
15495,8445358,8445467,109,mRNA
15496,8445534,8445883,349,mRNA
15497,8445942,8446311,369,mRNA
15498,8446372,8446546,174,mRNA
15499,8446607,8447164,557,mRNA
15500,8444771,8444930,159,CDS
15501,8445358,8445467,109,CDS
15502,8445534,8445883,349,CDS
15503,8445942,8446311,369,CDS
15504,8446372,8446546,174,CDS
15505,8446607,8447022,415,CDS
15506,8444771,8444930,159,CDS
15507,8445358,8445467,109,CDS
15508,8445534,8445883,349,CDS
15509,8445942,8446311,369,CDS
15510,8446372,8446546,174,CDS
15511,8446607,8447022,415,CDS
15512,8444982,8445081,99,gene
15513,8444982,8445081,99,precursor_RNA
15514,8445000,8445021,21,ncRNA
15515,8445046,8445067,21,ncRNA
15516,8447451,8449745,2294,gene
15517,8447451,8447662,211,mRNA
15518,8447933,8448042,109,mRNA
15519,8448103,8448452,349,mRNA
15520,8448527,8448896,369,mRNA
15521,8448962,8449136,174,mRNA
15522,8449191,8449745,554,mRNA
15523,8447503,8447662,159,CDS
15524,8447933,8448042,109,CDS
15525,8448103,8448452,349,CDS
15526,8448527,8448896,369,CDS
15527,8448962,8449136,174,CDS
15528,8449191,8449621,430,CDS
15529,8449664,8451904,2240,gene
15530,8450555,8451904,1349,mRNA
15531,8450006,8450201,195,mRNA
15532,8449664,8449943,279,mRNA
15533,8450555,8451884,1329,CDS
15534,8450006,8450201,195,CDS
15535,8449736,8449943,207,CDS
15536,8453627,8455782,2155,gene
15537,8453627,8455150,1523,mRNA
15538,8455212,8455340,128,mRNA
15539,8455400,8455782,382,mRNA
15540,8453649,8455150,1501,CDS
15541,8455212,8455340,128,CDS
15542,8455400,8455472,72,CDS
15543,8455909,8457892,1983,gene
15544,8457709,8457892,183,mRNA
15545,8456281,8457646,1365,mRNA
15546,8456072,8456215,143,mRNA
15547,8455909,8456009,100,mRNA
15548,8457709,8457856,147,CDS
15549,8456281,8457646,1365,CDS
15550,8456072,8456215,143,CDS
15551,8455943,8456009,66,CDS
15552,8458815,8460884,2069,gene
15553,8458815,8459635,820,mRNA
15554,8459697,8459753,56,mRNA
15555,8459810,8460008,198,mRNA
15556,8460095,8460546,451,mRNA
15557,8460628,8460884,256,mRNA
15558,8458824,8459635,811,CDS
15559,8459697,8459753,56,CDS
15560,8459810,8460008,198,CDS
15561,8460095,8460546,451,CDS
15562,8460628,8460847,219,CDS
15563,8461042,8461854,812,mobile_element
15564,8461860,8462102,242,mobile_element
15565,8462753,8465092,2339,gene
15566,8462753,8463573,820,mRNA
15567,8463631,8464083,452,mRNA
15568,8464145,8464599,454,mRNA
15569,8464653,8464796,143,mRNA
15570,8464864,8465092,228,mRNA
15571,8462753,8463055,302,mRNA
15572,8463113,8463573,460,mRNA
15573,8463631,8464083,452,mRNA
15574,8464145,8464599,454,mRNA
15575,8464653,8464796,143,mRNA
15576,8464864,8465092,228,mRNA
15577,8462753,8463055,302,mRNA
15578,8463113,8463573,460,mRNA
15579,8463631,8464083,452,mRNA
15580,8464145,8464453,308,mRNA
15581,8464511,8464599,88,mRNA
15582,8464653,8464796,143,mRNA
15583,8464864,8465092,228,mRNA
15584,8462845,8463055,210,CDS
15585,8463113,8463573,460,CDS
15586,8463631,8464083,452,CDS
15587,8464145,8464599,454,CDS
15588,8464653,8464796,143,CDS
15589,8464864,8465032,168,CDS
15590,8462845,8463055,210,CDS
15591,8463113,8463573,460,CDS
15592,8463631,8464083,452,CDS
15593,8464145,8464453,308,CDS
15594,8464511,8464599,88,CDS
15595,8464653,8464796,143,CDS
15596,8464864,8465032,168,CDS
15597,8463190,8463573,383,CDS
15598,8463631,8464083,452,CDS
15599,8464145,8464599,454,CDS
15600,8464653,8464796,143,CDS
15601,8464864,8465032,168,CDS
15602,8465158,8467595,2437,gene
15603,8465158,8466312,1154,mRNA
15604,8466391,8466986,595,mRNA
15605,8467056,8467595,539,mRNA
15606,8465158,8466312,1154,mRNA
15607,8466391,8466986,595,mRNA
15608,8467056,8467196,140,mRNA
15609,8465170,8466312,1142,CDS
15610,8466391,8466986,595,CDS
15611,8467056,8467122,66,CDS
15612,8465170,8466312,1142,CDS
15613,8466391,8466986,595,CDS
15614,8467056,8467122,66,CDS
15615,8468646,8471663,3017,gene
15616,8470079,8471663,1584,mRNA
15617,8469711,8469854,143,mRNA
15618,8468646,8469633,987,mRNA
15619,8470079,8471663,1584,mRNA
15620,8469711,8469854,143,mRNA
15621,8469438,8469633,195,mRNA
15622,8470079,8471649,1570,CDS
15623,8469711,8469854,143,CDS
15624,8469549,8469633,84,CDS
15625,8470079,8471649,1570,CDS
15626,8469711,8469854,143,CDS
15627,8469549,8469633,84,CDS
15628,8471954,8473961,2007,gene
15629,8471954,8473083,1129,mRNA
15630,8473141,8473595,454,mRNA
15631,8473656,8473799,143,mRNA
15632,8473877,8473961,84,mRNA
15633,8471983,8473083,1100,CDS
15634,8473141,8473595,454,CDS
15635,8473656,8473799,143,CDS
15636,8473877,8473943,66,CDS
15637,8473956,8532294,58338,gene
15638,8531844,8532294,450,mRNA
15639,8521114,8522728,1614,mRNA
15640,8489217,8489359,142,mRNA
15641,8486818,8486988,170,mRNA
15642,8486158,8486302,144,mRNA
15643,8483603,8483745,142,mRNA
15644,8483132,8483240,108,mRNA
15645,8482856,8483027,171,mRNA
15646,8482606,8482712,106,mRNA
15647,8481948,8482097,149,mRNA
15648,8481644,8481777,133,mRNA
15649,8481217,8481407,190,mRNA
15650,8480425,8480559,134,mRNA
15651,8480181,8480343,162,mRNA
15652,8479853,8480066,213,mRNA
15653,8479324,8479475,151,mRNA
15654,8476476,8476659,183,mRNA
15655,8473956,8475944,1988,mRNA
15656,8531844,8532294,450,mRNA
15657,8521114,8522728,1614,mRNA
15658,8493221,8494180,959,mRNA
15659,8489217,8489359,142,mRNA
15660,8486818,8486988,170,mRNA
15661,8486158,8486302,144,mRNA
15662,8483603,8483745,142,mRNA
15663,8483132,8483240,108,mRNA
15664,8482856,8483027,171,mRNA
15665,8482606,8482712,106,mRNA
15666,8481948,8482097,149,mRNA
15667,8481644,8481777,133,mRNA
15668,8481217,8481407,190,mRNA
15669,8480425,8480559,134,mRNA
15670,8480181,8480343,162,mRNA
15671,8479853,8480066,213,mRNA
15672,8479324,8479475,151,mRNA
15673,8476476,8476659,183,mRNA
15674,8473956,8475944,1988,mRNA
15675,8531844,8532294,450,mRNA
15676,8521114,8522728,1614,mRNA
15677,8493221,8494180,959,mRNA
15678,8489217,8489359,142,mRNA
15679,8486818,8486988,170,mRNA
15680,8486158,8486302,144,mRNA
15681,8483603,8483745,142,mRNA
15682,8483132,8483240,108,mRNA
15683,8482856,8483027,171,mRNA
15684,8482606,8482712,106,mRNA
15685,8481948,8482097,149,mRNA
15686,8481644,8481777,133,mRNA
15687,8481217,8481407,190,mRNA
15688,8480425,8480559,134,mRNA
15689,8480181,8480343,162,mRNA
15690,8479853,8480066,213,mRNA
15691,8479324,8479475,151,mRNA
15692,8476476,8476659,183,mRNA
15693,8473956,8475944,1988,mRNA
15694,8493221,8494340,1119,mRNA
15695,8489217,8489359,142,mRNA
15696,8486818,8486988,170,mRNA
15697,8486158,8486302,144,mRNA
15698,8483603,8483745,142,mRNA
15699,8483132,8483240,108,mRNA
15700,8482856,8483027,171,mRNA
15701,8482606,8482712,106,mRNA
15702,8481948,8482097,149,mRNA
15703,8481644,8481777,133,mRNA
15704,8481217,8481407,190,mRNA
15705,8480425,8480559,134,mRNA
15706,8480181,8480343,162,mRNA
15707,8479853,8480066,213,mRNA
15708,8479324,8479475,151,mRNA
15709,8476476,8476659,183,mRNA
15710,8473956,8475944,1988,mRNA
15711,8483603,8483796,193,mRNA
15712,8483132,8483240,108,mRNA
15713,8482856,8483027,171,mRNA
15714,8482606,8482712,106,mRNA
15715,8481948,8482097,149,mRNA
15716,8481644,8481777,133,mRNA
15717,8481217,8481407,190,mRNA
15718,8480425,8480559,134,mRNA
15719,8480181,8480343,162,mRNA
15720,8479853,8480066,213,mRNA
15721,8479324,8479475,151,mRNA
15722,8476476,8476659,183,mRNA
15723,8473956,8475944,1988,mRNA
15724,8521114,8521558,444,CDS
15725,8493221,8494180,959,CDS
15726,8489217,8489359,142,CDS
15727,8486818,8486988,170,CDS
15728,8486158,8486302,144,CDS
15729,8483603,8483745,142,CDS
15730,8483132,8483240,108,CDS
15731,8482856,8483027,171,CDS
15732,8482606,8482712,106,CDS
15733,8481948,8482097,149,CDS
15734,8481644,8481777,133,CDS
15735,8481217,8481407,190,CDS
15736,8480425,8480559,134,CDS
15737,8480181,8480343,162,CDS
15738,8479853,8480066,213,CDS
15739,8479324,8479475,151,CDS
15740,8476476,8476659,183,CDS
15741,8475244,8475944,700,CDS
15742,8521114,8521558,444,CDS
15743,8489217,8489359,142,CDS
15744,8486818,8486988,170,CDS
15745,8486158,8486302,144,CDS
15746,8483603,8483745,142,CDS
15747,8483132,8483240,108,CDS
15748,8482856,8483027,171,CDS
15749,8482606,8482712,106,CDS
15750,8481948,8482097,149,CDS
15751,8481644,8481777,133,CDS
15752,8481217,8481407,190,CDS
15753,8480425,8480559,134,CDS
15754,8480181,8480343,162,CDS
15755,8479853,8480066,213,CDS
15756,8479324,8479475,151,CDS
15757,8476476,8476659,183,CDS
15758,8475415,8475944,529,CDS
15759,8521114,8521558,444,CDS
15760,8493221,8494180,959,CDS
15761,8489217,8489359,142,CDS
15762,8486818,8486988,170,CDS
15763,8486158,8486302,144,CDS
15764,8483603,8483745,142,CDS
15765,8483132,8483240,108,CDS
15766,8482856,8483027,171,CDS
15767,8482606,8482712,106,CDS
15768,8481948,8482097,149,CDS
15769,8481644,8481777,133,CDS
15770,8481217,8481407,190,CDS
15771,8480425,8480559,134,CDS
15772,8480181,8480343,162,CDS
15773,8479853,8480066,213,CDS
15774,8479324,8479475,151,CDS
15775,8476476,8476659,183,CDS
15776,8475415,8475944,529,CDS
15777,8493221,8494124,903,CDS
15778,8489217,8489359,142,CDS
15779,8486818,8486988,170,CDS
15780,8486158,8486302,144,CDS
15781,8483603,8483745,142,CDS
15782,8483132,8483240,108,CDS
15783,8482856,8483027,171,CDS
15784,8482606,8482712,106,CDS
15785,8481948,8482097,149,CDS
15786,8481644,8481777,133,CDS
15787,8481217,8481407,190,CDS
15788,8480425,8480559,134,CDS
15789,8480181,8480343,162,CDS
15790,8479853,8480066,213,CDS
15791,8479324,8479475,151,CDS
15792,8476476,8476659,183,CDS
15793,8475415,8475944,529,CDS
15794,8483603,8483704,101,CDS
15795,8483132,8483240,108,CDS
15796,8482856,8483027,171,CDS
15797,8482606,8482712,106,CDS
15798,8481948,8482097,149,CDS
15799,8481644,8481777,133,CDS
15800,8481217,8481407,190,CDS
15801,8480425,8480559,134,CDS
15802,8480181,8480343,162,CDS
15803,8479853,8480066,213,CDS
15804,8479324,8479475,151,CDS
15805,8476476,8476659,183,CDS
15806,8475415,8475944,529,CDS
15807,8477110,8477350,240,mobile_element
15808,8490623,8492278,1655,mobile_element
15809,8529573,8529627,54,mobile_element
15810,8542796,8543542,746,gene
15811,8542796,8543542,746,ncRNA
15812,8544031,8544059,28,mobile_element
15813,8551859,8552290,431,gene
15814,8551859,8552290,431,mRNA
15815,8551951,8552253,302,CDS
15816,8558415,8558924,509,gene
15817,8558415,8558924,509,ncRNA
15818,8564187,8567202,3015,gene
15819,8564826,8567202,2376,mRNA
15820,8564187,8564768,581,mRNA
15821,8564826,8565978,1152,mRNA
15822,8564296,8564768,472,mRNA
15823,8564826,8565937,1111,CDS
15824,8564353,8564768,415,CDS
15825,8564826,8565937,1111,CDS
15826,8564353,8564768,415,CDS
15827,8566089,8566980,891,mobile_element
15828,8569137,8570306,1169,gene
15829,8569137,8569636,499,exon
15830,8569978,8570306,328,exon
15831,8570499,8572147,1648,gene
15832,8570499,8572147,1648,mRNA
15833,8570531,8572012,1481,CDS
15834,8573368,8584779,11411,gene
15835,8584593,8584779,186,mRNA
15836,8584166,8584310,144,mRNA
15837,8583495,8584098,603,mRNA
15838,8582184,8582319,135,mRNA
15839,8581023,8582086,1063,mRNA
15840,8580836,8580910,74,mRNA
15841,8576185,8577387,1202,mRNA
15842,8575475,8575816,341,mRNA
15843,8575068,8575385,317,mRNA
15844,8574857,8575004,147,mRNA
15845,8574589,8574794,205,mRNA
15846,8574077,8574260,183,mRNA
15847,8573368,8573999,631,mRNA
15848,8578125,8578491,366,mRNA
15849,8576185,8577387,1202,mRNA
15850,8575475,8575816,341,mRNA
15851,8575068,8575385,317,mRNA
15852,8574857,8575004,147,mRNA
15853,8574589,8574794,205,mRNA
15854,8574077,8574260,183,mRNA
15855,8573368,8573999,631,mRNA
15856,8583495,8583624,129,CDS
15857,8582184,8582319,135,CDS
15858,8581023,8582086,1063,CDS
15859,8580836,8580910,74,CDS
15860,8576185,8577387,1202,CDS
15861,8575475,8575816,341,CDS
15862,8575068,8575385,317,CDS
15863,8574857,8575004,147,CDS
15864,8574589,8574794,205,CDS
15865,8574077,8574260,183,CDS
15866,8573675,8573999,324,CDS
15867,8578125,8578257,132,CDS
15868,8576185,8577387,1202,CDS
15869,8575475,8575816,341,CDS
15870,8575068,8575385,317,CDS
15871,8574857,8575004,147,CDS
15872,8574589,8574794,205,CDS
15873,8574077,8574260,183,CDS
15874,8573675,8573999,324,CDS
15875,8586794,8586894,100,mobile_element
15876,8590497,8591948,1451,gene
15877,8590497,8590590,93,mRNA
15878,8591023,8591084,61,mRNA
15879,8591565,8591948,383,mRNA
15880,8590570,8590590,20,CDS
15881,8591023,8591084,61,CDS
15882,8591565,8591820,255,CDS
15883,8592195,8592969,774,gene
15884,8592195,8592444,249,mRNA
15885,8592496,8592584,88,mRNA
15886,8592642,8592774,132,mRNA
15887,8592834,8592969,135,mRNA
15888,8592321,8592444,123,CDS
15889,8592496,8592584,88,CDS
15890,8592642,8592774,132,CDS
15891,8592834,8592904,70,CDS
15892,8594031,8595001,970,gene
15893,8594849,8595001,152,mRNA
15894,8594031,8594641,610,mRNA
15895,8594849,8594863,14,CDS
15896,8594165,8594641,476,CDS
15897,8596972,8599962,2990,gene
15898,8599919,8599962,43,mRNA
15899,8599811,8599858,47,mRNA
15900,8599472,8599701,229,mRNA
15901,8599271,8599403,132,mRNA
15902,8598572,8599007,435,mRNA
15903,8598113,8598289,176,mRNA
15904,8596972,8597847,875,mRNA
15905,8599811,8599962,151,mRNA
15906,8599472,8599701,229,mRNA
15907,8599271,8599403,132,mRNA
15908,8598572,8599007,435,mRNA
15909,8598113,8598289,176,mRNA
15910,8597528,8597847,319,mRNA
15911,8599811,8599837,26,CDS
15912,8599472,8599701,229,CDS
15913,8599271,8599403,132,CDS
15914,8598572,8599007,435,CDS
15915,8598113,8598289,176,CDS
15916,8597687,8597847,160,CDS
15917,8599811,8599837,26,CDS
15918,8599472,8599701,229,CDS
15919,8599271,8599403,132,CDS
15920,8598572,8599007,435,CDS
15921,8598113,8598289,176,CDS
15922,8597687,8597847,160,CDS
15923,8600415,8612295,11880,gene
15924,8600415,8601229,814,mRNA
15925,8608157,8608255,98,mRNA
15926,8608312,8608521,209,mRNA
15927,8609050,8609394,344,mRNA
15928,8609455,8609847,392,mRNA
15929,8609914,8612295,2381,mRNA
15930,8600415,8601229,814,mRNA
15931,8608312,8608521,209,mRNA
15932,8609050,8609394,344,mRNA
15933,8609455,8609847,392,mRNA
15934,8609914,8611238,1324,mRNA
15935,8600582,8601229,647,CDS
15936,8608157,8608255,98,CDS
15937,8608312,8608521,209,CDS
15938,8609050,8609394,344,CDS
15939,8609455,8609847,392,CDS
15940,8609914,8610888,974,CDS
15941,8600582,8601229,647,CDS
15942,8608312,8608521,209,CDS
15943,8609050,8609394,344,CDS
15944,8609455,8609847,392,CDS
15945,8609914,8610888,974,CDS
15946,8611379,8614155,2776,gene
15947,8613034,8614155,1121,mRNA
15948,8611379,8612059,680,mRNA
15949,8613034,8614155,1121,CDS
15950,8611894,8612059,165,CDS
15951,8614722,8625203,10481,gene
15952,8614722,8615263,541,mRNA
15953,8615407,8615476,69,mRNA
15954,8615903,8616078,175,mRNA
15955,8616327,8616516,189,mRNA
15956,8616700,8618171,1471,mRNA
15957,8618234,8618461,227,mRNA
15958,8618519,8618729,210,mRNA
15959,8618788,8619028,240,mRNA
15960,8620510,8620675,165,mRNA
15961,8620731,8620960,229,mRNA
15962,8621030,8621127,97,mRNA
15963,8621193,8622977,1784,mRNA
15964,8623042,8625203,2161,mRNA
15965,8614722,8615249,527,mRNA
15966,8615407,8615476,69,mRNA
15967,8615903,8616516,613,mRNA
15968,8616700,8618171,1471,mRNA
15969,8618234,8618461,227,mRNA
15970,8618519,8618729,210,mRNA
15971,8618788,8619028,240,mRNA
15972,8620510,8620675,165,mRNA
15973,8620731,8620960,229,mRNA
15974,8621030,8621127,97,mRNA
15975,8621193,8622977,1784,mRNA
15976,8623042,8625203,2161,mRNA
15977,8614722,8615245,523,mRNA
15978,8615407,8615476,69,mRNA
15979,8615903,8616156,253,mRNA
15980,8616327,8616516,189,mRNA
15981,8616700,8618171,1471,mRNA
15982,8618234,8618461,227,mRNA
15983,8618519,8618729,210,mRNA
15984,8618788,8619028,240,mRNA
15985,8620510,8620675,165,mRNA
15986,8620731,8620960,229,mRNA
15987,8621030,8621127,97,mRNA
15988,8621193,8622977,1784,mRNA
15989,8623042,8625203,2161,mRNA
15990,8614722,8615263,541,mRNA
15991,8615407,8615476,69,mRNA
15992,8615903,8616003,100,mRNA
15993,8616327,8616516,189,mRNA
15994,8616700,8618171,1471,mRNA
15995,8618234,8618461,227,mRNA
15996,8618531,8618729,198,mRNA
15997,8618788,8620151,1363,mRNA
15998,8614722,8615249,527,mRNA
15999,8615407,8615476,69,mRNA
16000,8615903,8616156,253,mRNA
16001,8616327,8616516,189,mRNA
16002,8616700,8618171,1471,mRNA
16003,8618234,8618461,227,mRNA
16004,8618531,8618729,198,mRNA
16005,8618788,8620151,1363,mRNA
16006,8616078,8616078,0,CDS
16007,8616327,8616516,189,CDS
16008,8616700,8618171,1471,CDS
16009,8618234,8618461,227,CDS
16010,8618519,8618729,210,CDS
16011,8618788,8619028,240,CDS
16012,8620510,8620675,165,CDS
16013,8620731,8620960,229,CDS
16014,8621030,8621127,97,CDS
16015,8621193,8622977,1784,CDS
16016,8623042,8623507,465,CDS
16017,8616108,8616156,48,CDS
16018,8616327,8616516,189,CDS
16019,8616700,8618171,1471,CDS
16020,8618234,8618461,227,CDS
16021,8618519,8618729,210,CDS
16022,8618788,8619028,240,CDS
16023,8620510,8620675,165,CDS
16024,8620731,8620960,229,CDS
16025,8621030,8621127,97,CDS
16026,8621193,8622977,1784,CDS
16027,8623042,8623507,465,CDS
16028,8616108,8616156,48,CDS
16029,8616327,8616516,189,CDS
16030,8616700,8618171,1471,CDS
16031,8618234,8618461,227,CDS
16032,8618531,8618729,198,CDS
16033,8618788,8619652,864,CDS
16034,8616170,8616516,346,mRNA
16035,8616700,8618171,1471,mRNA
16036,8618234,8618461,227,mRNA
16037,8618519,8618729,210,mRNA
16038,8618788,8619028,240,mRNA
16039,8620510,8620675,165,mRNA
16040,8620731,8620960,229,mRNA
16041,8621030,8621127,97,mRNA
16042,8621193,8622977,1784,mRNA
16043,8623042,8625203,2161,mRNA
16044,8616170,8616516,346,mRNA
16045,8616700,8618171,1471,mRNA
16046,8618234,8618461,227,mRNA
16047,8618531,8618729,198,mRNA
16048,8618788,8619028,240,mRNA
16049,8620510,8620675,165,mRNA
16050,8620731,8620960,229,mRNA
16051,8621030,8621127,97,mRNA
16052,8621193,8622977,1784,mRNA
16053,8623042,8624135,1093,mRNA
16054,8616170,8616516,346,mRNA
16055,8616700,8618171,1471,mRNA
16056,8618234,8618461,227,mRNA
16057,8618531,8618729,198,mRNA
16058,8618788,8620151,1363,mRNA
16059,8616482,8616516,34,CDS
16060,8616700,8618171,1471,CDS
16061,8618234,8618461,227,CDS
16062,8618519,8618729,210,CDS
16063,8618788,8619028,240,CDS
16064,8620510,8620675,165,CDS
16065,8620731,8620960,229,CDS
16066,8621030,8621127,97,CDS
16067,8621193,8622977,1784,CDS
16068,8623042,8623507,465,CDS
16069,8616482,8616516,34,CDS
16070,8616700,8618171,1471,CDS
16071,8618234,8618461,227,CDS
16072,8618519,8618729,210,CDS
16073,8618788,8619028,240,CDS
16074,8620510,8620675,165,CDS
16075,8620731,8620960,229,CDS
16076,8621030,8621127,97,CDS
16077,8621193,8622977,1784,CDS
16078,8623042,8623507,465,CDS
16079,8616482,8616516,34,CDS
16080,8616700,8618171,1471,CDS
16081,8618234,8618461,227,CDS
16082,8618531,8618729,198,CDS
16083,8618788,8619028,240,CDS
16084,8620510,8620675,165,CDS
16085,8620731,8620960,229,CDS
16086,8621030,8621127,97,CDS
16087,8621193,8622977,1784,CDS
16088,8623042,8623507,465,CDS
16089,8616482,8616516,34,CDS
16090,8616700,8618171,1471,CDS
16091,8618234,8618461,227,CDS
16092,8618531,8618729,198,CDS
16093,8618788,8619652,864,CDS
16094,8616482,8616516,34,CDS
16095,8616700,8618171,1471,CDS
16096,8618234,8618461,227,CDS
16097,8618531,8618729,198,CDS
16098,8618788,8619652,864,CDS
16099,8625451,8626180,729,gene
16100,8625451,8625575,124,mRNA
16101,8625628,8626180,552,mRNA
16102,8625526,8625575,49,CDS
16103,8625628,8626102,474,CDS
16104,8626181,8627611,1430,gene
16105,8626181,8627611,1430,mRNA
16106,8626436,8627584,1148,CDS
16107,8627900,8630186,2286,gene
16108,8627900,8630186,2286,mRNA
16109,8628042,8630075,2033,CDS
16110,8630207,8631962,1755,gene
16111,8631633,8631962,329,mRNA
16112,8631072,8631506,434,mRNA
16113,8630207,8631013,806,mRNA
16114,8631633,8631837,204,mRNA
16115,8631072,8631506,434,mRNA
16116,8630207,8631013,806,mRNA
16117,8631633,8631704,71,CDS
16118,8631072,8631506,434,CDS
16119,8630306,8631013,707,CDS
16120,8631633,8631704,71,CDS
16121,8631072,8631506,434,CDS
16122,8630306,8631013,707,CDS
16123,8649649,8665223,15574,gene
16124,8649649,8650550,901,mRNA
16125,8659952,8660505,553,mRNA
16126,8660843,8662769,1926,mRNA
16127,8662908,8663115,207,mRNA
16128,8663179,8663450,271,mRNA
16129,8663566,8665223,1657,mRNA
16130,8650422,8650550,128,CDS
16131,8659952,8660505,553,CDS
16132,8660843,8662769,1926,CDS
16133,8662908,8663115,207,CDS
16134,8663179,8663450,271,CDS
16135,8663566,8664336,770,CDS
16136,8650697,8651496,799,gene
16137,8651251,8651496,245,ncRNA
16138,8650697,8651053,356,ncRNA
16139,8665813,8683022,17209,gene
16140,8665813,8665870,57,mRNA
16141,8666768,8666794,26,mRNA
16142,8674647,8674871,224,mRNA
16143,8676472,8676607,135,mRNA
16144,8678430,8678868,438,mRNA
16145,8678928,8679134,206,mRNA
16146,8680012,8680486,474,mRNA
16147,8680549,8680721,172,mRNA
16148,8680785,8681048,263,mRNA
16149,8681110,8681385,275,mRNA
16150,8681451,8683022,1571,mRNA
16151,8666171,8666311,140,mRNA
16152,8666768,8666794,26,mRNA
16153,8674647,8674871,224,mRNA
16154,8676472,8676607,135,mRNA
16155,8678430,8678868,438,mRNA
16156,8678928,8679134,206,mRNA
16157,8680012,8680486,474,mRNA
16158,8680549,8680721,172,mRNA
16159,8680785,8681048,263,mRNA
16160,8681110,8681385,275,mRNA
16161,8681451,8682791,1340,mRNA
16162,8666171,8666311,140,mRNA
16163,8674647,8674871,224,mRNA
16164,8676472,8676607,135,mRNA
16165,8678430,8678868,438,mRNA
16166,8678928,8679134,206,mRNA
16167,8680012,8680486,474,mRNA
16168,8680549,8680721,172,mRNA
16169,8680785,8681048,263,mRNA
16170,8681110,8681385,275,mRNA
16171,8681451,8682791,1340,mRNA
16172,8666171,8666311,140,mRNA
16173,8676472,8676607,135,mRNA
16174,8678430,8678868,438,mRNA
16175,8678928,8679134,206,mRNA
16176,8680012,8680486,474,mRNA
16177,8680549,8680721,172,mRNA
16178,8680785,8681048,263,mRNA
16179,8681110,8681385,275,mRNA
16180,8681451,8682791,1340,mRNA
16181,8666283,8666311,28,CDS
16182,8676472,8676607,135,CDS
16183,8678430,8678868,438,CDS
16184,8678928,8679134,206,CDS
16185,8680012,8680486,474,CDS
16186,8680549,8680721,172,CDS
16187,8680785,8681048,263,CDS
16188,8681110,8681385,275,CDS
16189,8681451,8681605,154,CDS
16190,8670723,8670820,97,mRNA
16191,8676472,8676607,135,mRNA
16192,8678430,8678868,438,mRNA
16193,8678928,8679134,206,mRNA
16194,8680012,8680486,474,mRNA
16195,8680549,8680721,172,mRNA
16196,8680785,8681048,263,mRNA
16197,8681110,8681385,275,mRNA
16198,8681451,8682791,1340,mRNA
16199,8672056,8672406,350,mRNA
16200,8674647,8674871,224,mRNA
16201,8676472,8676607,135,mRNA
16202,8678430,8678868,438,mRNA
16203,8678928,8679134,206,mRNA
16204,8680012,8680486,474,mRNA
16205,8680549,8680721,172,mRNA
16206,8680785,8681048,263,mRNA
16207,8681110,8681385,275,mRNA
16208,8681451,8682791,1340,mRNA
16209,8672056,8672278,222,mRNA
16210,8676472,8676607,135,mRNA
16211,8678430,8678868,438,mRNA
16212,8678928,8679134,206,mRNA
16213,8680012,8680486,474,mRNA
16214,8680549,8680721,172,mRNA
16215,8680785,8681048,263,mRNA
16216,8681110,8681385,275,mRNA
16217,8681451,8682791,1340,mRNA
16218,8674849,8674871,22,CDS
16219,8676472,8676607,135,CDS
16220,8678430,8678868,438,CDS
16221,8678928,8679134,206,CDS
16222,8680012,8680486,474,CDS
16223,8680549,8680721,172,CDS
16224,8680785,8681048,263,CDS
16225,8681110,8681385,275,CDS
16226,8681451,8681605,154,CDS
16227,8674849,8674871,22,CDS
16228,8676472,8676607,135,CDS
16229,8678430,8678868,438,CDS
16230,8678928,8679134,206,CDS
16231,8680012,8680486,474,CDS
16232,8680549,8680721,172,CDS
16233,8680785,8681048,263,CDS
16234,8681110,8681385,275,CDS
16235,8681451,8681605,154,CDS
16236,8674849,8674871,22,CDS
16237,8676472,8676607,135,CDS
16238,8678430,8678868,438,CDS
16239,8678928,8679134,206,CDS
16240,8680012,8680486,474,CDS
16241,8680549,8680721,172,CDS
16242,8680785,8681048,263,CDS
16243,8681110,8681385,275,CDS
16244,8681451,8681605,154,CDS
16245,8674849,8674871,22,CDS
16246,8676472,8676607,135,CDS
16247,8678430,8678868,438,CDS
16248,8678928,8679134,206,CDS
16249,8680012,8680486,474,CDS
16250,8680549,8680721,172,CDS
16251,8680785,8681048,263,CDS
16252,8681110,8681385,275,CDS
16253,8681451,8681605,154,CDS
16254,8675570,8675708,138,mRNA
16255,8676472,8676607,135,mRNA
16256,8677966,8678028,62,mRNA
16257,8678430,8678868,438,mRNA
16258,8678928,8679134,206,mRNA
16259,8680012,8680486,474,mRNA
16260,8680549,8680721,172,mRNA
16261,8680785,8681048,263,mRNA
16262,8681110,8681385,275,mRNA
16263,8681451,8682339,888,mRNA
16264,8676077,8676334,257,mRNA
16265,8676472,8676607,135,mRNA
16266,8678430,8678868,438,mRNA
16267,8678928,8679134,206,mRNA
16268,8680012,8680486,474,mRNA
16269,8680549,8680721,172,mRNA
16270,8680785,8681048,263,mRNA
16271,8681110,8681385,275,mRNA
16272,8681451,8682339,888,mRNA
16273,8676293,8676334,41,mRNA
16274,8676472,8676607,135,mRNA
16275,8678430,8678868,438,mRNA
16276,8678928,8679134,206,mRNA
16277,8680012,8680486,474,mRNA
16278,8680549,8680721,172,mRNA
16279,8680785,8681048,263,mRNA
16280,8681110,8681385,275,mRNA
16281,8681451,8682791,1340,mRNA
16282,8676473,8676607,134,CDS
16283,8677966,8678028,62,CDS
16284,8678430,8678868,438,CDS
16285,8678928,8679134,206,CDS
16286,8680012,8680486,474,CDS
16287,8680549,8680721,172,CDS
16288,8680785,8681048,263,CDS
16289,8681110,8681385,275,CDS
16290,8681451,8681605,154,CDS
16291,8676473,8676607,134,CDS
16292,8678430,8678868,438,CDS
16293,8678928,8679134,206,CDS
16294,8680012,8680486,474,CDS
16295,8680549,8680721,172,CDS
16296,8680785,8681048,263,CDS
16297,8681110,8681385,275,CDS
16298,8681451,8681605,154,CDS
16299,8676473,8676607,134,CDS
16300,8678430,8678868,438,CDS
16301,8678928,8679134,206,CDS
16302,8680012,8680486,474,CDS
16303,8680549,8680721,172,CDS
16304,8680785,8681048,263,CDS
16305,8681110,8681385,275,CDS
16306,8681451,8681605,154,CDS
16307,8676473,8676607,134,CDS
16308,8678430,8678868,438,CDS
16309,8678928,8679134,206,CDS
16310,8680012,8680486,474,CDS
16311,8680549,8680721,172,CDS
16312,8680785,8681048,263,CDS
16313,8681110,8681385,275,CDS
16314,8681451,8681605,154,CDS
16315,8676473,8676607,134,CDS
16316,8678430,8678868,438,CDS
16317,8678928,8679134,206,CDS
16318,8680012,8680486,474,CDS
16319,8680549,8680721,172,CDS
16320,8680785,8681048,263,CDS
16321,8681110,8681385,275,CDS
16322,8681451,8681605,154,CDS
16323,8677219,8677661,442,gene
16324,8677219,8677661,442,mRNA
16325,8677219,8677270,51,mRNA
16326,8677327,8677661,334,mRNA
16327,8677335,8677595,260,CDS
16328,8677335,8677595,260,CDS
16329,8679146,8679953,807,gene
16330,8679494,8679953,459,mRNA
16331,8679146,8679436,290,mRNA
16332,8679494,8679828,334,CDS
16333,8679211,8679436,225,CDS
16334,8683215,8683297,82,gene
16335,8683215,8683297,82,tRNA
16336,8691448,8692844,1396,gene
16337,8691448,8692844,1396,mRNA
16338,8691448,8692347,899,mRNA
16339,8691469,8692284,815,CDS
16340,8691469,8692284,815,CDS
16341,8692796,8696245,3449,gene
16342,8695715,8695797,82,mRNA
16343,8694780,8695251,471,mRNA
16344,8692796,8694713,1917,mRNA
16345,8696068,8696245,177,mRNA
16346,8694780,8695251,471,mRNA
16347,8693739,8694713,974,mRNA
16348,8695715,8695797,82,mRNA
16349,8694780,8695251,471,mRNA
16350,8693739,8694713,974,mRNA
16351,8694780,8695235,455,CDS
16352,8693835,8694713,878,CDS
16353,8694780,8695235,455,CDS
16354,8693835,8694713,878,CDS
16355,8694780,8695235,455,CDS
16356,8693835,8694713,878,CDS
16357,8696428,8698583,2155,gene
16358,8696428,8697122,694,mRNA
16359,8697650,8698583,933,mRNA
16360,8696619,8697122,503,CDS
16361,8697650,8698525,875,CDS
16362,8700692,8701794,1102,gene
16363,8700692,8701794,1102,mRNA
16364,8700747,8701628,881,CDS
16365,8701835,8704502,2667,gene
16366,8701835,8702201,366,mRNA
16367,8702535,8702860,325,mRNA
16368,8702924,8702998,74,mRNA
16369,8703052,8703537,485,mRNA
16370,8703607,8703755,148,mRNA
16371,8703814,8704048,234,mRNA
16372,8704102,8704502,400,mRNA
16373,8701915,8702201,286,CDS
16374,8702535,8702860,325,CDS
16375,8702924,8702998,74,CDS
16376,8703052,8703537,485,CDS
16377,8703607,8703755,148,CDS
16378,8703814,8704048,234,CDS
16379,8704102,8704397,295,CDS
16380,8702334,8702353,19,mRNA
16381,8702535,8702860,325,mRNA
16382,8702924,8702998,74,mRNA
16383,8703052,8703537,485,mRNA
16384,8703607,8703755,148,mRNA
16385,8703814,8704048,234,mRNA
16386,8704102,8704502,400,mRNA
16387,8702575,8702860,285,CDS
16388,8702924,8702998,74,CDS
16389,8703052,8703537,485,CDS
16390,8703607,8703755,148,CDS
16391,8703814,8704048,234,CDS
16392,8704102,8704397,295,CDS
16393,8706388,8709486,3098,gene
16394,8709294,8709486,192,mRNA
16395,8709012,8709232,220,mRNA
16396,8708627,8708952,325,mRNA
16397,8708496,8708570,74,mRNA
16398,8707920,8708426,506,mRNA
16399,8707721,8707860,139,mRNA
16400,8707417,8707625,208,mRNA
16401,8706388,8707361,973,mRNA
16402,8709294,8709486,192,mRNA
16403,8709012,8709232,220,mRNA
16404,8708627,8708952,325,mRNA
16405,8708496,8708570,74,mRNA
16406,8707920,8708426,506,mRNA
16407,8707721,8707860,139,mRNA
16408,8707417,8707651,234,mRNA
16409,8706388,8707361,973,mRNA
16410,8709294,8709486,192,mRNA
16411,8709012,8709232,220,mRNA
16412,8708627,8708952,325,mRNA
16413,8708496,8708570,74,mRNA
16414,8707916,8708426,510,mRNA
16415,8707721,8707860,139,mRNA
16416,8707417,8707651,234,mRNA
16417,8706388,8707361,973,mRNA
16418,8709294,8709368,74,CDS
16419,8709012,8709232,220,CDS
16420,8708627,8708952,325,CDS
16421,8708496,8708570,74,CDS
16422,8707920,8708426,506,CDS
16423,8707721,8707860,139,CDS
16424,8707417,8707651,234,CDS
16425,8707078,8707361,283,CDS
16426,8709294,8709368,74,CDS
16427,8709012,8709232,220,CDS
16428,8708627,8708952,325,CDS
16429,8708496,8708570,74,CDS
16430,8707920,8708426,506,CDS
16431,8707721,8707860,139,CDS
16432,8707521,8707625,104,CDS
16433,8709294,8709368,74,CDS
16434,8709012,8709232,220,CDS
16435,8708627,8708952,325,CDS
16436,8708496,8708570,74,CDS
16437,8707916,8708426,510,CDS
16438,8707721,8707860,139,CDS
16439,8707521,8707651,130,CDS
16440,8709733,8710320,587,gene
16441,8709733,8710320,587,mRNA
16442,8709763,8710320,557,CDS
16443,8710398,8712913,2515,gene
16444,8712877,8712913,36,mRNA
16445,8712790,8712821,31,mRNA
16446,8712515,8712735,220,mRNA
16447,8712133,8712458,325,mRNA
16448,8711997,8712071,74,mRNA
16449,8711452,8711937,485,mRNA
16450,8711155,8711294,139,mRNA
16451,8710868,8711102,234,mRNA
16452,8710398,8710681,283,mRNA
16453,8712877,8712913,36,CDS
16454,8712790,8712821,31,CDS
16455,8712515,8712735,220,CDS
16456,8712133,8712458,325,CDS
16457,8711997,8712071,74,CDS
16458,8711452,8711937,485,CDS
16459,8711155,8711294,139,CDS
16460,8710868,8711102,234,CDS
16461,8710398,8710681,283,CDS
16462,8713446,8715094,1648,gene
16463,8713446,8715094,1648,mRNA
16464,8713446,8714071,625,mRNA
16465,8713476,8714033,557,CDS
16466,8713476,8714033,557,CDS
16467,8716277,8716343,66,mobile_element
16468,8716950,8717695,745,gene
16469,8716950,8717695,745,mRNA
16470,8716967,8717521,554,CDS
16471,8718017,8723839,5822,gene
16472,8723706,8723839,133,mRNA
16473,8723257,8723452,195,mRNA
16474,8719855,8720032,177,mRNA
16475,8719646,8719784,138,mRNA
16476,8718017,8719489,1472,mRNA
16477,8723706,8723839,133,mRNA
16478,8723257,8723452,195,mRNA
16479,8719843,8720032,189,mRNA
16480,8719646,8719784,138,mRNA
16481,8718017,8719489,1472,mRNA
16482,8723257,8723497,240,mRNA
16483,8719843,8720032,189,mRNA
16484,8719646,8719784,138,mRNA
16485,8718017,8719489,1472,mRNA
16486,8723257,8723430,173,CDS
16487,8719855,8720032,177,CDS
16488,8719646,8719784,138,CDS
16489,8718694,8719489,795,CDS
16490,8723257,8723430,173,CDS
16491,8719843,8720032,189,CDS
16492,8719646,8719784,138,CDS
16493,8718694,8719489,795,CDS
16494,8723257,8723430,173,CDS
16495,8719843,8720032,189,CDS
16496,8719646,8719784,138,CDS
16497,8718694,8719489,795,CDS
16498,8720100,8721624,1524,gene
16499,8720100,8721624,1524,mRNA
16500,8720153,8721508,1355,CDS
16501,8722817,8723002,185,mobile_element
16502,8724258,8728999,4741,gene
16503,8724258,8724464,206,mRNA
16504,8724641,8724685,44,mRNA
16505,8726615,8726771,156,mRNA
16506,8726830,8727777,947,mRNA
16507,8727851,8728999,1148,mRNA
16508,8724258,8724464,206,mRNA
16509,8726615,8726771,156,mRNA
16510,8726830,8727777,947,mRNA
16511,8727848,8728999,1151,mRNA
16512,8724905,8725065,160,gene
16513,8724905,8725065,160,ncRNA
16514,8726638,8726771,133,CDS
16515,8726830,8727777,947,CDS
16516,8727848,8728475,627,CDS
16517,8726638,8726771,133,CDS
16518,8726830,8727777,947,CDS
16519,8727851,8728475,624,CDS
16520,8728964,8729501,537,gene
16521,8728964,8729501,537,mRNA
16522,8729016,8729465,449,CDS
16523,8729502,8734304,4802,gene
16524,8733792,8734304,512,mRNA
16525,8732676,8732880,204,mRNA
16526,8732465,8732618,153,mRNA
16527,8732160,8732405,245,mRNA
16528,8731681,8731811,130,mRNA
16529,8730749,8731612,863,mRNA
16530,8730064,8730688,624,mRNA
16531,8729502,8729879,377,mRNA
16532,8733792,8734304,512,mRNA
16533,8732676,8732880,204,mRNA
16534,8732465,8732618,153,mRNA
16535,8732160,8732405,245,mRNA
16536,8731922,8731963,41,mRNA
16537,8731681,8731811,130,mRNA
16538,8730749,8731612,863,mRNA
16539,8730064,8730688,624,mRNA
16540,8729502,8729879,377,mRNA
16541,8733302,8733436,134,mRNA
16542,8732676,8732880,204,mRNA
16543,8732465,8732618,153,mRNA
16544,8732160,8732405,245,mRNA
16545,8731681,8731811,130,mRNA
16546,8730749,8731612,863,mRNA
16547,8730064,8730688,624,mRNA
16548,8729502,8729879,377,mRNA
16549,8733302,8733436,134,mRNA
16550,8732676,8732880,204,mRNA
16551,8732465,8732618,153,mRNA
16552,8732160,8732405,245,mRNA
16553,8731922,8731963,41,mRNA
16554,8731681,8731811,130,mRNA
16555,8730749,8731612,863,mRNA
16556,8730064,8730688,624,mRNA
16557,8729502,8729879,377,mRNA
16558,8733792,8733876,84,CDS
16559,8732676,8732880,204,CDS
16560,8732465,8732618,153,CDS
16561,8732160,8732405,245,CDS
16562,8731681,8731811,130,CDS
16563,8730749,8731612,863,CDS
16564,8730064,8730688,624,CDS
16565,8729727,8729879,152,CDS
16566,8733792,8733876,84,CDS
16567,8732676,8732880,204,CDS
16568,8732465,8732618,153,CDS
16569,8732160,8732405,245,CDS
16570,8731922,8731963,41,CDS
16571,8731681,8731811,130,CDS
16572,8730749,8731612,863,CDS
16573,8730064,8730688,624,CDS
16574,8729727,8729879,152,CDS
16575,8733302,8733308,6,CDS
16576,8732676,8732880,204,CDS
16577,8732465,8732618,153,CDS
16578,8732160,8732405,245,CDS
16579,8731681,8731811,130,CDS
16580,8730749,8731612,863,CDS
16581,8730064,8730688,624,CDS
16582,8729727,8729879,152,CDS
16583,8733302,8733308,6,CDS
16584,8732676,8732880,204,CDS
16585,8732465,8732618,153,CDS
16586,8732160,8732405,245,CDS
16587,8731922,8731963,41,CDS
16588,8731681,8731811,130,CDS
16589,8730749,8731612,863,CDS
16590,8730064,8730688,624,CDS
16591,8729727,8729879,152,CDS
16592,8735810,8759590,23780,gene
16593,8735810,8736408,598,mRNA
16594,8745821,8746145,324,mRNA
16595,8752409,8754251,1842,mRNA
16596,8754357,8754933,576,mRNA
16597,8757336,8757521,185,mRNA
16598,8757579,8757736,157,mRNA
16599,8757799,8758248,449,mRNA
16600,8758314,8758614,300,mRNA
16601,8759112,8759590,478,mRNA
16602,8735810,8736408,598,mRNA
16603,8745821,8746109,288,mRNA
16604,8752409,8754251,1842,mRNA
16605,8754357,8754933,576,mRNA
16606,8757336,8757521,185,mRNA
16607,8757579,8757736,157,mRNA
16608,8757799,8758248,449,mRNA
16609,8758314,8758614,300,mRNA
16610,8759112,8759590,478,mRNA
16611,8735810,8736408,598,mRNA
16612,8748110,8748124,14,mRNA
16613,8752409,8754251,1842,mRNA
16614,8754357,8754933,576,mRNA
16615,8757336,8757521,185,mRNA
16616,8757579,8757736,157,mRNA
16617,8757799,8758248,449,mRNA
16618,8758314,8758614,300,mRNA
16619,8759112,8759590,478,mRNA
16620,8735810,8736408,598,mRNA
16621,8752409,8754251,1842,mRNA
16622,8754357,8754933,576,mRNA
16623,8757336,8757521,185,mRNA
16624,8757579,8757736,157,mRNA
16625,8757799,8758248,449,mRNA
16626,8758314,8758614,300,mRNA
16627,8759112,8759590,478,mRNA
16628,8737370,8737790,420,gene
16629,8737370,8737790,420,mRNA
16630,8737427,8737630,203,CDS
16631,8744045,8744376,331,gene
16632,8744045,8744376,331,ncRNA
16633,8746040,8746145,105,CDS
16634,8752409,8754251,1842,CDS
16635,8754357,8754933,576,CDS
16636,8757336,8757521,185,CDS
16637,8757579,8757736,157,CDS
16638,8757799,8758248,449,CDS
16639,8758314,8758614,300,CDS
16640,8759112,8759300,188,CDS
16641,8746040,8746109,69,CDS
16642,8752409,8754251,1842,CDS
16643,8754357,8754933,576,CDS
16644,8757336,8757521,185,CDS
16645,8757579,8757736,157,CDS
16646,8757799,8758248,449,CDS
16647,8758314,8758614,300,CDS
16648,8759112,8759300,188,CDS
16649,8748987,8749128,141,mRNA
16650,8752409,8754251,1842,mRNA
16651,8754357,8754933,576,mRNA
16652,8757336,8757521,185,mRNA
16653,8757579,8757736,157,mRNA
16654,8757799,8758248,449,mRNA
16655,8758314,8758614,300,mRNA
16656,8759112,8759590,478,mRNA
16657,8753155,8754251,1096,CDS
16658,8754357,8754933,576,CDS
16659,8757336,8757521,185,CDS
16660,8757579,8757736,157,CDS
16661,8757799,8758248,449,CDS
16662,8758314,8758614,300,CDS
16663,8759112,8759300,188,CDS
16664,8753155,8754251,1096,CDS
16665,8754357,8754933,576,CDS
16666,8757336,8757521,185,CDS
16667,8757579,8757736,157,CDS
16668,8757799,8758248,449,CDS
16669,8758314,8758614,300,CDS
16670,8759112,8759300,188,CDS
16671,8753155,8754251,1096,CDS
16672,8754357,8754933,576,CDS
16673,8757336,8757521,185,CDS
16674,8757579,8757736,157,CDS
16675,8757799,8758248,449,CDS
16676,8758314,8758614,300,CDS
16677,8759112,8759300,188,CDS
16678,8768296,8768795,499,gene
16679,8768555,8768795,240,ncRNA
16680,8768296,8768490,194,ncRNA
16681,8777967,8784099,6132,mobile_element
16682,8792633,8793773,1140,gene
16683,8792633,8793773,1140,mRNA
16684,8792750,8793739,989,CDS
16685,8798489,8856091,57602,gene
16686,8798489,8799230,741,mRNA
16687,8812759,8813106,347,mRNA
16688,8819581,8819733,152,mRNA
16689,8821759,8821932,173,mRNA
16690,8823669,8823822,153,mRNA
16691,8823940,8824076,136,mRNA
16692,8825907,8826074,167,mRNA
16693,8826143,8826274,131,mRNA
16694,8828928,8829064,136,mRNA
16695,8829790,8829943,153,mRNA
16696,8830440,8830577,137,mRNA
16697,8830873,8831037,164,mRNA
16698,8831327,8831605,278,mRNA
16699,8831666,8831947,281,mRNA
16700,8832033,8832456,423,mRNA
16701,8832704,8832870,166,mRNA
16702,8833793,8833981,188,mRNA
16703,8834952,8835101,149,mRNA
16704,8841357,8841511,154,mRNA
16705,8843084,8843195,111,mRNA
16706,8846767,8846948,181,mRNA
16707,8851940,8856091,4151,mRNA
16708,8798489,8799230,741,mRNA
16709,8812759,8813106,347,mRNA
16710,8819581,8819733,152,mRNA
16711,8821759,8821932,173,mRNA
16712,8823669,8823822,153,mRNA
16713,8823940,8824076,136,mRNA
16714,8825907,8826074,167,mRNA
16715,8826143,8826274,131,mRNA
16716,8828928,8829064,136,mRNA
16717,8829790,8829943,153,mRNA
16718,8830440,8830577,137,mRNA
16719,8830873,8831037,164,mRNA
16720,8831327,8831605,278,mRNA
16721,8831666,8831947,281,mRNA
16722,8832033,8832456,423,mRNA
16723,8832704,8832870,166,mRNA
16724,8833793,8833981,188,mRNA
16725,8841357,8841511,154,mRNA
16726,8843084,8843195,111,mRNA
16727,8846767,8846948,181,mRNA
16728,8851940,8856091,4151,mRNA
16729,8798489,8799230,741,mRNA
16730,8812759,8813106,347,mRNA
16731,8819581,8819733,152,mRNA
16732,8821759,8821932,173,mRNA
16733,8823669,8823822,153,mRNA
16734,8823940,8824076,136,mRNA
16735,8825907,8826074,167,mRNA
16736,8826143,8826274,131,mRNA
16737,8828928,8829064,136,mRNA
16738,8829790,8829943,153,mRNA
16739,8830440,8830577,137,mRNA
16740,8830873,8831037,164,mRNA
16741,8831327,8831605,278,mRNA
16742,8831666,8831947,281,mRNA
16743,8832033,8832456,423,mRNA
16744,8832704,8832870,166,mRNA
16745,8834952,8835101,149,mRNA
16746,8841357,8841511,154,mRNA
16747,8843084,8843195,111,mRNA
16748,8846767,8846948,181,mRNA
16749,8851940,8856091,4151,mRNA
16750,8799065,8799230,165,CDS
16751,8812759,8813106,347,CDS
16752,8819581,8819733,152,CDS
16753,8821759,8821932,173,CDS
16754,8823669,8823822,153,CDS
16755,8823940,8824076,136,CDS
16756,8825907,8826074,167,CDS
16757,8826143,8826274,131,CDS
16758,8828928,8829064,136,CDS
16759,8829790,8829943,153,CDS
16760,8830440,8830577,137,CDS
16761,8830873,8831037,164,CDS
16762,8831327,8831605,278,CDS
16763,8831666,8831947,281,CDS
16764,8832033,8832456,423,CDS
16765,8832704,8832870,166,CDS
16766,8833793,8833981,188,CDS
16767,8834952,8835101,149,CDS
16768,8841357,8841511,154,CDS
16769,8843084,8843195,111,CDS
16770,8846767,8846948,181,CDS
16771,8851940,8852602,662,CDS
16772,8799065,8799230,165,CDS
16773,8812759,8813106,347,CDS
16774,8819581,8819733,152,CDS
16775,8821759,8821932,173,CDS
16776,8823669,8823822,153,CDS
16777,8823940,8824076,136,CDS
16778,8825907,8826074,167,CDS
16779,8826143,8826274,131,CDS
16780,8828928,8829064,136,CDS
16781,8829790,8829943,153,CDS
16782,8830440,8830577,137,CDS
16783,8830873,8831037,164,CDS
16784,8831327,8831605,278,CDS
16785,8831666,8831947,281,CDS
16786,8832033,8832456,423,CDS
16787,8832704,8832870,166,CDS
16788,8833793,8833981,188,CDS
16789,8841357,8841511,154,CDS
16790,8843084,8843195,111,CDS
16791,8846767,8846948,181,CDS
16792,8851940,8852602,662,CDS
16793,8799065,8799230,165,CDS
16794,8812759,8813106,347,CDS
16795,8819581,8819733,152,CDS
16796,8821759,8821932,173,CDS
16797,8823669,8823822,153,CDS
16798,8823940,8824076,136,CDS
16799,8825907,8826074,167,CDS
16800,8826143,8826274,131,CDS
16801,8828928,8829064,136,CDS
16802,8829790,8829943,153,CDS
16803,8830440,8830577,137,CDS
16804,8830873,8831037,164,CDS
16805,8831327,8831605,278,CDS
16806,8831666,8831947,281,CDS
16807,8832033,8832456,423,CDS
16808,8832704,8832870,166,CDS
16809,8834952,8835101,149,CDS
16810,8841357,8841511,154,CDS
16811,8843084,8843195,111,CDS
16812,8846767,8846948,181,CDS
16813,8851940,8852602,662,CDS
16814,8826391,8827755,1364,gene
16815,8826391,8827755,1364,mRNA
16816,8826512,8827621,1109,CDS
16817,8860364,8888097,27733,gene
16818,8860364,8860651,287,mRNA
16819,8862843,8863010,167,mRNA
16820,8865856,8866059,203,mRNA
16821,8867004,8867081,77,mRNA
16822,8867145,8867533,388,mRNA
16823,8867598,8868122,524,mRNA
16824,8868182,8868306,124,mRNA
16825,8868366,8869788,1422,mRNA
16826,8869844,8870447,603,mRNA
16827,8870583,8870682,99,mRNA
16828,8872220,8872424,204,mRNA
16829,8872479,8873235,756,mRNA
16830,8873295,8874454,1159,mRNA
16831,8874668,8874862,194,mRNA
16832,8874935,8875050,115,mRNA
16833,8875357,8877629,2272,mRNA
16834,8878138,8878617,479,mRNA
16835,8879218,8879355,137,mRNA
16836,8879521,8879795,274,mRNA
16837,8879857,8881954,2097,mRNA
16838,8882304,8882416,112,mRNA
16839,8883054,8883399,345,mRNA
16840,8883622,8883922,300,mRNA
16841,8884215,8884325,110,mRNA
16842,8884383,8884802,419,mRNA
16843,8884871,8885072,201,mRNA
16844,8885136,8888097,2961,mRNA
16845,8860364,8860430,66,mRNA
16846,8862843,8863010,167,mRNA
16847,8865856,8866059,203,mRNA
16848,8867004,8867081,77,mRNA
16849,8867145,8867533,388,mRNA
16850,8867598,8868122,524,mRNA
16851,8868182,8868306,124,mRNA
16852,8868366,8869788,1422,mRNA
16853,8869844,8870447,603,mRNA
16854,8870583,8870682,99,mRNA
16855,8872220,8872424,204,mRNA
16856,8872479,8873235,756,mRNA
16857,8873295,8874454,1159,mRNA
16858,8874710,8874862,152,mRNA
16859,8874935,8875050,115,mRNA
16860,8875357,8877629,2272,mRNA
16861,8878138,8878617,479,mRNA
16862,8879218,8879355,137,mRNA
16863,8879521,8879795,274,mRNA
16864,8879857,8881954,2097,mRNA
16865,8882729,8882838,109,mRNA
16866,8883054,8883399,345,mRNA
16867,8883472,8883492,20,mRNA
16868,8883622,8883922,300,mRNA
16869,8884215,8884325,110,mRNA
16870,8884383,8884802,419,mRNA
16871,8884871,8885072,201,mRNA
16872,8885136,8888097,2961,mRNA
16873,8860364,8860430,66,mRNA
16874,8862843,8863010,167,mRNA
16875,8865856,8866059,203,mRNA
16876,8867004,8867081,77,mRNA
16877,8867145,8867533,388,mRNA
16878,8867598,8868122,524,mRNA
16879,8868182,8868306,124,mRNA
16880,8868366,8869788,1422,mRNA
16881,8869844,8870447,603,mRNA
16882,8870924,8871023,99,mRNA
16883,8872220,8872424,204,mRNA
16884,8872479,8873235,756,mRNA
16885,8873295,8874454,1159,mRNA
16886,8874668,8874862,194,mRNA
16887,8874935,8875050,115,mRNA
16888,8875357,8877629,2272,mRNA
16889,8878138,8878617,479,mRNA
16890,8879218,8879355,137,mRNA
16891,8879509,8879795,286,mRNA
16892,8879857,8881954,2097,mRNA
16893,8882304,8882416,112,mRNA
16894,8883054,8883399,345,mRNA
16895,8883622,8883922,300,mRNA
16896,8884215,8884325,110,mRNA
16897,8884383,8884802,419,mRNA
16898,8884871,8885072,201,mRNA
16899,8885136,8888097,2961,mRNA
16900,8860399,8860651,252,mRNA
16901,8862843,8863010,167,mRNA
16902,8865856,8866059,203,mRNA
16903,8866346,8866357,11,mRNA
16904,8867004,8867081,77,mRNA
16905,8867145,8867533,388,mRNA
16906,8867598,8868122,524,mRNA
16907,8868182,8868306,124,mRNA
16908,8868366,8869788,1422,mRNA
16909,8869844,8870447,603,mRNA
16910,8870583,8870682,99,mRNA
16911,8872220,8872424,204,mRNA
16912,8872479,8873235,756,mRNA
16913,8873295,8874454,1159,mRNA
16914,8874668,8874862,194,mRNA
16915,8874935,8875050,115,mRNA
16916,8875357,8877629,2272,mRNA
16917,8878138,8878617,479,mRNA
16918,8879218,8879355,137,mRNA
16919,8879509,8879795,286,mRNA
16920,8879857,8881954,2097,mRNA
16921,8882729,8882838,109,mRNA
16922,8883054,8883399,345,mRNA
16923,8883622,8883922,300,mRNA
16924,8884215,8884325,110,mRNA
16925,8884383,8884802,419,mRNA
16926,8884871,8885072,201,mRNA
16927,8885136,8888097,2961,mRNA
16928,8860399,8860651,252,mRNA
16929,8862843,8863010,167,mRNA
16930,8865856,8866059,203,mRNA
16931,8866346,8866357,11,mRNA
16932,8867004,8867081,77,mRNA
16933,8867145,8867533,388,mRNA
16934,8867598,8868122,524,mRNA
16935,8868182,8868306,124,mRNA
16936,8868366,8869788,1422,mRNA
16937,8869844,8870447,603,mRNA
16938,8870924,8871023,99,mRNA
16939,8872220,8872424,204,mRNA
16940,8872479,8873235,756,mRNA
16941,8873295,8874454,1159,mRNA
16942,8874710,8874862,152,mRNA
16943,8874935,8875050,115,mRNA
16944,8875357,8877629,2272,mRNA
16945,8878138,8878617,479,mRNA
16946,8879218,8879355,137,mRNA
16947,8879509,8879795,286,mRNA
16948,8879857,8881954,2097,mRNA
16949,8882304,8882416,112,mRNA
16950,8883054,8883399,345,mRNA
16951,8883622,8883922,300,mRNA
16952,8884215,8884325,110,mRNA
16953,8884383,8884802,419,mRNA
16954,8884871,8885072,201,mRNA
16955,8885136,8888097,2961,mRNA
16956,8860399,8860430,31,mRNA
16957,8862843,8863010,167,mRNA
16958,8865856,8866059,203,mRNA
16959,8867004,8867081,77,mRNA
16960,8867145,8867533,388,mRNA
16961,8867598,8868122,524,mRNA
16962,8868182,8868306,124,mRNA
16963,8868366,8869788,1422,mRNA
16964,8869844,8870447,603,mRNA
16965,8870583,8870682,99,mRNA
16966,8872220,8872424,204,mRNA
16967,8872479,8873235,756,mRNA
16968,8873295,8874454,1159,mRNA
16969,8874668,8874862,194,mRNA
16970,8874935,8875050,115,mRNA
16971,8875357,8877629,2272,mRNA
16972,8878138,8878617,479,mRNA
16973,8879218,8879355,137,mRNA
16974,8879509,8879795,286,mRNA
16975,8879857,8881954,2097,mRNA
16976,8882304,8882416,112,mRNA
16977,8883054,8883399,345,mRNA
16978,8883622,8883922,300,mRNA
16979,8884215,8884325,110,mRNA
16980,8884383,8884802,419,mRNA
16981,8884871,8885072,201,mRNA
16982,8885136,8888097,2961,mRNA
16983,8860399,8860430,31,mRNA
16984,8862843,8863010,167,mRNA
16985,8865856,8866059,203,mRNA
16986,8867004,8867081,77,mRNA
16987,8867145,8867533,388,mRNA
16988,8867598,8868122,524,mRNA
16989,8868182,8868306,124,mRNA
16990,8868366,8869788,1422,mRNA
16991,8869844,8870447,603,mRNA
16992,8870583,8870682,99,mRNA
16993,8872220,8872424,204,mRNA
16994,8872479,8873235,756,mRNA
16995,8873295,8874454,1159,mRNA
16996,8874692,8874862,170,mRNA
16997,8874935,8875050,115,mRNA
16998,8875357,8877629,2272,mRNA
16999,8878138,8878617,479,mRNA
17000,8879218,8879355,137,mRNA
17001,8879509,8879795,286,mRNA
17002,8879857,8881954,2097,mRNA
17003,8882304,8882416,112,mRNA
17004,8883054,8883399,345,mRNA
17005,8883622,8883922,300,mRNA
17006,8884215,8884325,110,mRNA
17007,8884383,8884802,419,mRNA
17008,8884871,8885072,201,mRNA
17009,8885136,8888097,2961,mRNA
17010,8860399,8860430,31,mRNA
17011,8862843,8863010,167,mRNA
17012,8865856,8866059,203,mRNA
17013,8867004,8867081,77,mRNA
17014,8867145,8867533,388,mRNA
17015,8867598,8868122,524,mRNA
17016,8868182,8868306,124,mRNA
17017,8868366,8869788,1422,mRNA
17018,8869844,8870447,603,mRNA
17019,8870583,8870682,99,mRNA
17020,8872220,8872424,204,mRNA
17021,8872479,8873235,756,mRNA
17022,8873295,8874454,1159,mRNA
17023,8874710,8874862,152,mRNA
17024,8874935,8875050,115,mRNA
17025,8875357,8877629,2272,mRNA
17026,8878138,8878617,479,mRNA
17027,8879218,8879355,137,mRNA
17028,8879509,8879795,286,mRNA
17029,8879857,8881954,2097,mRNA
17030,8882304,8882416,112,mRNA
17031,8883054,8883399,345,mRNA
17032,8883622,8883922,300,mRNA
17033,8884215,8884325,110,mRNA
17034,8884383,8884802,419,mRNA
17035,8884871,8885072,201,mRNA
17036,8885136,8888097,2961,mRNA
17037,8860399,8860430,31,mRNA
17038,8862843,8863010,167,mRNA
17039,8865856,8866059,203,mRNA
17040,8867004,8867081,77,mRNA
17041,8867145,8867533,388,mRNA
17042,8867598,8868122,524,mRNA
17043,8868182,8868306,124,mRNA
17044,8868366,8869788,1422,mRNA
17045,8869844,8870447,603,mRNA
17046,8870924,8871023,99,mRNA
17047,8872220,8872424,204,mRNA
17048,8872479,8873235,756,mRNA
17049,8873295,8874454,1159,mRNA
17050,8874710,8874862,152,mRNA
17051,8874935,8875050,115,mRNA
17052,8875357,8877629,2272,mRNA
17053,8878138,8878617,479,mRNA
17054,8879218,8879355,137,mRNA
17055,8879509,8879795,286,mRNA
17056,8879857,8881954,2097,mRNA
17057,8882304,8882416,112,mRNA
17058,8883054,8883399,345,mRNA
17059,8883622,8883922,300,mRNA
17060,8884215,8884325,110,mRNA
17061,8884383,8884802,419,mRNA
17062,8884871,8885072,201,mRNA
17063,8885136,8888097,2961,mRNA
17064,8862773,8863010,237,mRNA
17065,8865856,8866059,203,mRNA
17066,8867004,8867081,77,mRNA
17067,8867145,8867533,388,mRNA
17068,8867598,8868122,524,mRNA
17069,8868182,8868306,124,mRNA
17070,8868366,8869788,1422,mRNA
17071,8869844,8870447,603,mRNA
17072,8870924,8871023,99,mRNA
17073,8872220,8872424,204,mRNA
17074,8872479,8873235,756,mRNA
17075,8873295,8874454,1159,mRNA
17076,8874668,8874862,194,mRNA
17077,8874935,8875050,115,mRNA
17078,8875357,8877629,2272,mRNA
17079,8878138,8878617,479,mRNA
17080,8879218,8879355,137,mRNA
17081,8879509,8879795,286,mRNA
17082,8879857,8881954,2097,mRNA
17083,8882729,8882838,109,mRNA
17084,8883054,8883399,345,mRNA
17085,8883622,8883922,300,mRNA
17086,8884191,8884325,134,mRNA
17087,8884383,8884802,419,mRNA
17088,8884871,8885072,201,mRNA
17089,8885136,8888097,2961,mRNA
17090,8862957,8863010,53,CDS
17091,8865856,8866059,203,CDS
17092,8866346,8866357,11,CDS
17093,8867004,8867081,77,CDS
17094,8867145,8867533,388,CDS
17095,8867598,8868122,524,CDS
17096,8868182,8868306,124,CDS
17097,8868366,8869788,1422,CDS
17098,8869844,8870447,603,CDS
17099,8870583,8870682,99,CDS
17100,8872220,8872424,204,CDS
17101,8872479,8873235,756,CDS
17102,8873295,8874454,1159,CDS
17103,8874668,8874862,194,CDS
17104,8874935,8875050,115,CDS
17105,8875357,8877629,2272,CDS
17106,8878138,8878617,479,CDS
17107,8879218,8879355,137,CDS
17108,8879509,8879795,286,CDS
17109,8879857,8881954,2097,CDS
17110,8882729,8882838,109,CDS
17111,8883054,8883399,345,CDS
17112,8883622,8883922,300,CDS
17113,8884215,8884325,110,CDS
17114,8884383,8884802,419,CDS
17115,8884871,8885072,201,CDS
17116,8885136,8887815,2679,CDS
17117,8862957,8863010,53,CDS
17118,8865856,8866059,203,CDS
17119,8866346,8866357,11,CDS
17120,8867004,8867081,77,CDS
17121,8867145,8867533,388,CDS
17122,8867598,8868122,524,CDS
17123,8868182,8868306,124,CDS
17124,8868366,8869788,1422,CDS
17125,8869844,8870447,603,CDS
17126,8870924,8871023,99,CDS
17127,8872220,8872424,204,CDS
17128,8872479,8873235,756,CDS
17129,8873295,8874454,1159,CDS
17130,8874710,8874862,152,CDS
17131,8874935,8875050,115,CDS
17132,8875357,8877629,2272,CDS
17133,8878138,8878617,479,CDS
17134,8879218,8879355,137,CDS
17135,8879509,8879795,286,CDS
17136,8879857,8881954,2097,CDS
17137,8882304,8882416,112,CDS
17138,8883054,8883399,345,CDS
17139,8883622,8883922,300,CDS
17140,8884215,8884325,110,CDS
17141,8884383,8884802,419,CDS
17142,8884871,8885072,201,CDS
17143,8885136,8887815,2679,CDS
17144,8862957,8863010,53,CDS
17145,8865856,8866059,203,CDS
17146,8867004,8867081,77,CDS
17147,8867145,8867533,388,CDS
17148,8867598,8868122,524,CDS
17149,8868182,8868306,124,CDS
17150,8868366,8869788,1422,CDS
17151,8869844,8870447,603,CDS
17152,8870583,8870682,99,CDS
17153,8872220,8872424,204,CDS
17154,8872479,8873235,756,CDS
17155,8873295,8874454,1159,CDS
17156,8874668,8874862,194,CDS
17157,8874935,8875050,115,CDS
17158,8875357,8877629,2272,CDS
17159,8878138,8878617,479,CDS
17160,8879218,8879355,137,CDS
17161,8879509,8879795,286,CDS
17162,8879857,8881954,2097,CDS
17163,8882304,8882416,112,CDS
17164,8883054,8883399,345,CDS
17165,8883622,8883922,300,CDS
17166,8884215,8884325,110,CDS
17167,8884383,8884802,419,CDS
17168,8884871,8885072,201,CDS
17169,8885136,8887815,2679,CDS
17170,8862957,8863010,53,CDS
17171,8865856,8866059,203,CDS
17172,8867004,8867081,77,CDS
17173,8867145,8867533,388,CDS
17174,8867598,8868122,524,CDS
17175,8868182,8868306,124,CDS
17176,8868366,8869788,1422,CDS
17177,8869844,8870447,603,CDS
17178,8870583,8870682,99,CDS
17179,8872220,8872424,204,CDS
17180,8872479,8873235,756,CDS
17181,8873295,8874454,1159,CDS
17182,8874668,8874862,194,CDS
17183,8874935,8875050,115,CDS
17184,8875357,8877629,2272,CDS
17185,8878138,8878617,479,CDS
17186,8879218,8879355,137,CDS
17187,8879521,8879795,274,CDS
17188,8879857,8881954,2097,CDS
17189,8882304,8882416,112,CDS
17190,8883054,8883399,345,CDS
17191,8883622,8883922,300,CDS
17192,8884215,8884325,110,CDS
17193,8884383,8884802,419,CDS
17194,8884871,8885072,201,CDS
17195,8885136,8887815,2679,CDS
17196,8862957,8863010,53,CDS
17197,8865856,8866059,203,CDS
17198,8867004,8867081,77,CDS
17199,8867145,8867533,388,CDS
17200,8867598,8868122,524,CDS
17201,8868182,8868306,124,CDS
17202,8868366,8869788,1422,CDS
17203,8869844,8870447,603,CDS
17204,8870583,8870682,99,CDS
17205,8872220,8872424,204,CDS
17206,8872479,8873235,756,CDS
17207,8873295,8874454,1159,CDS
17208,8874692,8874862,170,CDS
17209,8874935,8875050,115,CDS
17210,8875357,8877629,2272,CDS
17211,8878138,8878617,479,CDS
17212,8879218,8879355,137,CDS
17213,8879509,8879795,286,CDS
17214,8879857,8881954,2097,CDS
17215,8882304,8882416,112,CDS
17216,8883054,8883399,345,CDS
17217,8883622,8883922,300,CDS
17218,8884215,8884325,110,CDS
17219,8884383,8884802,419,CDS
17220,8884871,8885072,201,CDS
17221,8885136,8887815,2679,CDS
17222,8862957,8863010,53,CDS
17223,8865856,8866059,203,CDS
17224,8867004,8867081,77,CDS
17225,8867145,8867533,388,CDS
17226,8867598,8868122,524,CDS
17227,8868182,8868306,124,CDS
17228,8868366,8869788,1422,CDS
17229,8869844,8870447,603,CDS
17230,8870583,8870682,99,CDS
17231,8872220,8872424,204,CDS
17232,8872479,8873235,756,CDS
17233,8873295,8874454,1159,CDS
17234,8874710,8874862,152,CDS
17235,8874935,8875050,115,CDS
17236,8875357,8877629,2272,CDS
17237,8878138,8878617,479,CDS
17238,8879218,8879355,137,CDS
17239,8879509,8879795,286,CDS
17240,8879857,8881954,2097,CDS
17241,8882304,8882416,112,CDS
17242,8883054,8883399,345,CDS
17243,8883622,8883922,300,CDS
17244,8884215,8884325,110,CDS
17245,8884383,8884802,419,CDS
17246,8884871,8885072,201,CDS
17247,8885136,8887815,2679,CDS
17248,8862957,8863010,53,CDS
17249,8865856,8866059,203,CDS
17250,8867004,8867081,77,CDS
17251,8867145,8867533,388,CDS
17252,8867598,8868122,524,CDS
17253,8868182,8868306,124,CDS
17254,8868366,8869788,1422,CDS
17255,8869844,8870447,603,CDS
17256,8870583,8870682,99,CDS
17257,8872220,8872424,204,CDS
17258,8872479,8873235,756,CDS
17259,8873295,8874454,1159,CDS
17260,8874710,8874862,152,CDS
17261,8874935,8875050,115,CDS
17262,8875357,8877629,2272,CDS
17263,8878138,8878617,479,CDS
17264,8879218,8879355,137,CDS
17265,8879521,8879795,274,CDS
17266,8879857,8881954,2097,CDS
17267,8882729,8882838,109,CDS
17268,8883054,8883399,345,CDS
17269,8883472,8883492,20,CDS
17270,8883622,8883922,300,CDS
17271,8884215,8884325,110,CDS
17272,8884383,8884802,419,CDS
17273,8884871,8885072,201,CDS
17274,8885136,8887815,2679,CDS
17275,8862957,8863010,53,CDS
17276,8865856,8866059,203,CDS
17277,8867004,8867081,77,CDS
17278,8867145,8867533,388,CDS
17279,8867598,8868122,524,CDS
17280,8868182,8868306,124,CDS
17281,8868366,8869788,1422,CDS
17282,8869844,8870447,603,CDS
17283,8870924,8871023,99,CDS
17284,8872220,8872424,204,CDS
17285,8872479,8873235,756,CDS
17286,8873295,8874454,1159,CDS
17287,8874668,8874862,194,CDS
17288,8874935,8875050,115,CDS
17289,8875357,8877629,2272,CDS
17290,8878138,8878617,479,CDS
17291,8879218,8879355,137,CDS
17292,8879509,8879795,286,CDS
17293,8879857,8881954,2097,CDS
17294,8882304,8882416,112,CDS
17295,8883054,8883399,345,CDS
17296,8883622,8883922,300,CDS
17297,8884215,8884325,110,CDS
17298,8884383,8884802,419,CDS
17299,8884871,8885072,201,CDS
17300,8885136,8887815,2679,CDS
17301,8862957,8863010,53,CDS
17302,8865856,8866059,203,CDS
17303,8867004,8867081,77,CDS
17304,8867145,8867533,388,CDS
17305,8867598,8868122,524,CDS
17306,8868182,8868306,124,CDS
17307,8868366,8869788,1422,CDS
17308,8869844,8870447,603,CDS
17309,8870924,8871023,99,CDS
17310,8872220,8872424,204,CDS
17311,8872479,8873235,756,CDS
17312,8873295,8874454,1159,CDS
17313,8874668,8874862,194,CDS
17314,8874935,8875050,115,CDS
17315,8875357,8877629,2272,CDS
17316,8878138,8878617,479,CDS
17317,8879218,8879355,137,CDS
17318,8879509,8879795,286,CDS
17319,8879857,8881954,2097,CDS
17320,8882729,8882838,109,CDS
17321,8883054,8883399,345,CDS
17322,8883622,8883922,300,CDS
17323,8884191,8884325,134,CDS
17324,8884383,8884802,419,CDS
17325,8884871,8885072,201,CDS
17326,8885136,8887815,2679,CDS
17327,8862957,8863010,53,CDS
17328,8865856,8866059,203,CDS
17329,8867004,8867081,77,CDS
17330,8867145,8867533,388,CDS
17331,8867598,8868122,524,CDS
17332,8868182,8868306,124,CDS
17333,8868366,8869788,1422,CDS
17334,8869844,8870447,603,CDS
17335,8870924,8871023,99,CDS
17336,8872220,8872424,204,CDS
17337,8872479,8873235,756,CDS
17338,8873295,8874454,1159,CDS
17339,8874710,8874862,152,CDS
17340,8874935,8875050,115,CDS
17341,8875357,8877629,2272,CDS
17342,8878138,8878617,479,CDS
17343,8879218,8879355,137,CDS
17344,8879509,8879795,286,CDS
17345,8879857,8881954,2097,CDS
17346,8882304,8882416,112,CDS
17347,8883054,8883399,345,CDS
17348,8883622,8883922,300,CDS
17349,8884215,8884325,110,CDS
17350,8884383,8884802,419,CDS
17351,8884871,8885072,201,CDS
17352,8885136,8887815,2679,CDS
17353,8888404,8891401,2997,gene
17354,8891250,8891401,151,mRNA
17355,8889859,8891118,1259,mRNA
17356,8888404,8889795,1391,mRNA
17357,8891250,8891401,151,mRNA
17358,8889859,8891118,1259,mRNA
17359,8888404,8889795,1391,mRNA
17360,8891250,8891300,50,CDS
17361,8889859,8891118,1259,CDS
17362,8888974,8889795,821,CDS
17363,8891250,8891300,50,CDS
17364,8889859,8891118,1259,CDS
17365,8889037,8889795,758,CDS
17366,8891832,8893339,1507,gene
17367,8891832,8891989,157,mRNA
17368,8892074,8892995,921,mRNA
17369,8893062,8893339,277,mRNA
17370,8891954,8891989,35,CDS
17371,8892074,8892995,921,CDS
17372,8893062,8893246,184,CDS
17373,8893613,8898798,5185,gene
17374,8893613,8893737,124,mRNA
17375,8893926,8894141,215,mRNA
17376,8894204,8895167,963,mRNA
17377,8895230,8895473,243,mRNA
17378,8895532,8895644,112,mRNA
17379,8895787,8895843,56,mRNA
17380,8895951,8896053,102,mRNA
17381,8896204,8897630,1426,mRNA
17382,8897695,8897802,107,mRNA
17383,8897865,8898173,308,mRNA
17384,8898251,8898322,71,mRNA
17385,8898389,8898798,409,mRNA
17386,8893613,8893737,124,mRNA
17387,8893926,8894141,215,mRNA
17388,8894204,8895167,963,mRNA
17389,8895230,8895473,243,mRNA
17390,8895532,8895644,112,mRNA
17391,8895787,8895843,56,mRNA
17392,8895954,8896053,99,mRNA
17393,8896204,8897630,1426,mRNA
17394,8897695,8897802,107,mRNA
17395,8897865,8898173,308,mRNA
17396,8898251,8898322,71,mRNA
17397,8898389,8898798,409,mRNA
17398,8893613,8893737,124,mRNA
17399,8893926,8894141,215,mRNA
17400,8894204,8895167,963,mRNA
17401,8895230,8895473,243,mRNA
17402,8895532,8895644,112,mRNA
17403,8895951,8896053,102,mRNA
17404,8896204,8897630,1426,mRNA
17405,8897695,8897802,107,mRNA
17406,8897865,8898173,308,mRNA
17407,8898251,8898322,71,mRNA
17408,8898389,8898798,409,mRNA
17409,8893613,8893737,124,mRNA
17410,8893926,8894141,215,mRNA
17411,8894204,8895167,963,mRNA
17412,8895230,8895473,243,mRNA
17413,8895532,8895644,112,mRNA
17414,8895954,8896053,99,mRNA
17415,8896204,8897630,1426,mRNA
17416,8897695,8897802,107,mRNA
17417,8897865,8898173,308,mRNA
17418,8898251,8898322,71,mRNA
17419,8898389,8898798,409,mRNA
17420,8893945,8894141,196,CDS
17421,8894204,8895167,963,CDS
17422,8895230,8895473,243,CDS
17423,8895532,8895644,112,CDS
17424,8895787,8895843,56,CDS
17425,8895951,8896053,102,CDS
17426,8896204,8897630,1426,CDS
17427,8897695,8897802,107,CDS
17428,8897865,8898173,308,CDS
17429,8898251,8898322,71,CDS
17430,8898389,8898577,188,CDS
17431,8893945,8894141,196,CDS
17432,8894204,8895167,963,CDS
17433,8895230,8895473,243,CDS
17434,8895532,8895644,112,CDS
17435,8895787,8895843,56,CDS
17436,8895954,8896053,99,CDS
17437,8896204,8897630,1426,CDS
17438,8897695,8897802,107,CDS
17439,8897865,8898173,308,CDS
17440,8898251,8898322,71,CDS
17441,8898389,8898577,188,CDS
17442,8893945,8894141,196,CDS
17443,8894204,8895167,963,CDS
17444,8895230,8895473,243,CDS
17445,8895532,8895644,112,CDS
17446,8895951,8896053,102,CDS
17447,8896204,8897630,1426,CDS
17448,8897695,8897802,107,CDS
17449,8897865,8898173,308,CDS
17450,8898251,8898322,71,CDS
17451,8898389,8898577,188,CDS
17452,8893945,8894141,196,CDS
17453,8894204,8895167,963,CDS
17454,8895230,8895473,243,CDS
17455,8895532,8895644,112,CDS
17456,8895954,8896053,99,CDS
17457,8896204,8897630,1426,CDS
17458,8897695,8897802,107,CDS
17459,8897865,8898173,308,CDS
17460,8898251,8898322,71,CDS
17461,8898389,8898577,188,CDS
17462,8897820,8898275,455,gene
17463,8898221,8898275,54,ncRNA
17464,8897820,8898152,332,ncRNA
17465,8898729,8900211,1482,gene
17466,8899367,8900211,844,mRNA
17467,8898729,8899312,583,mRNA
17468,8899367,8900211,844,mRNA
17469,8898729,8899315,586,mRNA
17470,8899367,8900120,753,CDS
17471,8898807,8899312,505,CDS
17472,8899367,8900120,753,CDS
17473,8898807,8899315,508,CDS
17474,8900241,8900617,376,gene
17475,8900241,8900617,376,mRNA
17476,8900342,8900575,233,CDS
17477,8900566,8901375,809,gene
17478,8900893,8901375,482,mRNA
17479,8900566,8900840,274,mRNA
17480,8900893,8901307,414,CDS
17481,8900650,8900840,190,CDS
17482,8901404,8904791,3387,gene
17483,8901404,8901431,27,mRNA
17484,8902328,8903130,802,mRNA
17485,8901433,8901522,89,mRNA
17486,8902328,8904791,2463,mRNA
17487,8901433,8901522,89,mRNA
17488,8902137,8903130,993,mRNA
17489,8902348,8902560,212,CDS
17490,8902348,8902560,212,CDS
17491,8902348,8902560,212,CDS
17492,8904844,8906990,2146,gene
17493,8906853,8906990,137,mRNA
17494,8905643,8906673,1030,mRNA
17495,8904844,8905578,734,mRNA
17496,8906853,8906912,59,CDS
17497,8905643,8906673,1030,CDS
17498,8905029,8905578,549,CDS
17499,8907518,8910885,3367,gene
17500,8907518,8907896,378,mRNA
17501,8907950,8908479,529,mRNA
17502,8908535,8909020,485,mRNA
17503,8909077,8909205,128,mRNA
17504,8909262,8909411,149,mRNA
17505,8910487,8910584,97,mRNA
17506,8910644,8910885,241,mRNA
17507,8907591,8907896,305,CDS
17508,8907950,8908479,529,CDS
17509,8908535,8909020,485,CDS
17510,8909077,8909205,128,CDS
17511,8909262,8909411,149,CDS
17512,8910487,8910584,97,CDS
17513,8910644,8910807,163,CDS
17514,8909432,8910349,917,gene
17515,8909432,8910349,917,mRNA
17516,8909471,8910349,878,CDS
17517,8910900,8914069,3169,gene
17518,8913710,8914069,359,mRNA
17519,8913433,8913570,137,mRNA
17520,8912605,8913187,582,mRNA
17521,8912017,8912256,239,mRNA
17522,8911426,8911954,528,mRNA
17523,8910900,8911370,470,mRNA
17524,8913433,8914069,636,mRNA
17525,8912605,8913187,582,mRNA
17526,8912017,8912256,239,mRNA
17527,8911426,8911954,528,mRNA
17528,8910900,8911370,470,mRNA
17529,8913433,8913886,453,mRNA
17530,8912605,8913187,582,mRNA
17531,8912017,8912256,239,mRNA
17532,8911426,8911954,528,mRNA
17533,8910900,8911370,470,mRNA
17534,8913433,8913566,133,CDS
17535,8912605,8913187,582,CDS
17536,8912017,8912256,239,CDS
17537,8911426,8911954,528,CDS
17538,8911180,8911370,190,CDS
17539,8913433,8913566,133,CDS
17540,8912605,8913187,582,CDS
17541,8912017,8912256,239,CDS
17542,8911426,8911954,528,CDS
17543,8911180,8911370,190,CDS
17544,8913433,8913566,133,CDS
17545,8912605,8913187,582,CDS
17546,8912017,8912256,239,CDS
17547,8911426,8911954,528,CDS
17548,8911180,8911370,190,CDS
17549,8914524,8918234,3710,gene
17550,8914524,8915007,483,mRNA
17551,8915065,8918234,3169,mRNA
17552,8915101,8917677,2576,CDS
17553,8917708,8918877,1169,gene
17554,8918592,8918877,285,mRNA
17555,8917708,8918532,824,mRNA
17556,8918592,8918877,285,mRNA
17557,8918176,8918532,356,mRNA
17558,8918592,8918814,222,CDS
17559,8918336,8918532,196,CDS
17560,8918592,8918814,222,CDS
17561,8918336,8918532,196,CDS
17562,8918940,8920368,1428,gene
17563,8919524,8920368,844,mRNA
17564,8918940,8919463,523,mRNA
17565,8919524,8920368,844,mRNA
17566,8918940,8919466,526,mRNA
17567,8919524,8920090,566,CDS
17568,8919350,8919463,113,CDS
17569,8919524,8920090,566,CDS
17570,8919350,8919466,116,CDS
17571,8920270,8922755,2485,gene
17572,8922569,8922755,186,mRNA
17573,8922339,8922506,167,mRNA
17574,8921953,8922279,326,mRNA
17575,8921572,8921896,324,mRNA
17576,8920785,8921507,722,mRNA
17577,8920620,8920721,101,mRNA
17578,8920270,8920556,286,mRNA
17579,8922569,8922649,80,CDS
17580,8922339,8922506,167,CDS
17581,8921953,8922279,326,CDS
17582,8921572,8921896,324,CDS
17583,8920785,8921507,722,CDS
17584,8920620,8920721,101,CDS
17585,8920507,8920556,49,CDS
17586,8922785,8925346,2561,gene
17587,8922785,8923115,330,mRNA
17588,8923268,8925346,2078,mRNA
17589,8922998,8923115,117,CDS
17590,8923268,8924703,1435,CDS
17591,8925671,8926890,1219,gene
17592,8925671,8926890,1219,mRNA
17593,8925762,8926739,977,CDS
17594,8927014,8928105,1091,gene
17595,8927941,8928105,164,mRNA
17596,8927014,8927884,870,mRNA
17597,8927941,8928099,158,CDS
17598,8927072,8927884,812,CDS
17599,8928169,8933103,4934,gene
17600,8928169,8928354,185,mRNA
17601,8928458,8928648,190,mRNA
17602,8928709,8928878,169,mRNA
17603,8928936,8930197,1261,mRNA
17604,8930259,8930380,121,mRNA
17605,8930434,8930533,99,mRNA
17606,8930591,8930650,59,mRNA
17607,8930710,8931005,295,mRNA
17608,8931070,8931266,196,mRNA
17609,8931331,8931693,362,mRNA
17610,8931755,8931953,198,mRNA
17611,8932015,8932226,211,mRNA
17612,8932291,8932512,221,mRNA
17613,8932571,8932680,109,mRNA
17614,8932743,8933103,360,mRNA
17615,8928169,8928354,185,mRNA
17616,8928458,8928648,190,mRNA
17617,8928709,8928878,169,mRNA
17618,8928936,8930197,1261,mRNA
17619,8930259,8930380,121,mRNA
17620,8930434,8930533,99,mRNA
17621,8930591,8930647,56,mRNA
17622,8930710,8931005,295,mRNA
17623,8931070,8931266,196,mRNA
17624,8931331,8931693,362,mRNA
17625,8931755,8931953,198,mRNA
17626,8932015,8932226,211,mRNA
17627,8932291,8932512,221,mRNA
17628,8932571,8932680,109,mRNA
17629,8932743,8933103,360,mRNA
17630,8928300,8928354,54,CDS
17631,8928458,8928648,190,CDS
17632,8928709,8928878,169,CDS
17633,8928936,8930197,1261,CDS
17634,8930259,8930380,121,CDS
17635,8930434,8930533,99,CDS
17636,8930591,8930650,59,CDS
17637,8930710,8931005,295,CDS
17638,8931070,8931266,196,CDS
17639,8931331,8931693,362,CDS
17640,8931755,8931953,198,CDS
17641,8932015,8932226,211,CDS
17642,8932291,8932512,221,CDS
17643,8932571,8932680,109,CDS
17644,8932743,8932909,166,CDS
17645,8928300,8928354,54,CDS
17646,8928458,8928648,190,CDS
17647,8928709,8928878,169,CDS
17648,8928936,8930197,1261,CDS
17649,8930259,8930380,121,CDS
17650,8930434,8930533,99,CDS
17651,8930591,8930647,56,CDS
17652,8930710,8931005,295,CDS
17653,8931070,8931266,196,CDS
17654,8931331,8931693,362,CDS
17655,8931755,8931953,198,CDS
17656,8932015,8932226,211,CDS
17657,8932291,8932512,221,CDS
17658,8932571,8932680,109,CDS
17659,8932743,8932909,166,CDS
17660,8933423,8934445,1022,gene
17661,8933423,8933759,336,mRNA
17662,8933819,8934293,474,mRNA
17663,8934361,8934445,84,mRNA
17664,8933498,8933759,261,CDS
17665,8933819,8934108,289,CDS
17666,8934576,8939789,5213,gene
17667,8939682,8939789,107,mRNA
17668,8939169,8939623,454,mRNA
17669,8938873,8939108,235,mRNA
17670,8938704,8938813,109,mRNA
17671,8938198,8938648,450,mRNA
17672,8938053,8938141,88,mRNA
17673,8937882,8937994,112,mRNA
17674,8937554,8937819,265,mRNA
17675,8937158,8937501,343,mRNA
17676,8936763,8937103,340,mRNA
17677,8936370,8936701,331,mRNA
17678,8935541,8936312,771,mRNA
17679,8934576,8935481,905,mRNA
17680,8939682,8939753,71,CDS
17681,8939169,8939623,454,CDS
17682,8938873,8939108,235,CDS
17683,8938704,8938813,109,CDS
17684,8938198,8938648,450,CDS
17685,8938053,8938141,88,CDS
17686,8937882,8937994,112,CDS
17687,8937554,8937819,265,CDS
17688,8937158,8937501,343,CDS
17689,8936763,8937103,340,CDS
17690,8936370,8936701,331,CDS
17691,8935541,8936312,771,CDS
17692,8934617,8935481,864,CDS
17693,8940415,8941136,721,gene
17694,8940415,8941136,721,mRNA
17695,8940469,8940810,341,CDS
17696,8941595,8942495,900,gene
17697,8941595,8942495,900,ncRNA
17698,8943495,8944295,800,gene
17699,8943495,8944295,800,ncRNA
17700,8944298,8947344,3046,gene
17701,8947129,8947344,215,mRNA
17702,8945864,8947049,1185,mRNA
17703,8945310,8945807,497,mRNA
17704,8945128,8945250,122,mRNA
17705,8944298,8945055,757,mRNA
17706,8947129,8947271,142,CDS
17707,8945864,8947049,1185,CDS
17708,8945310,8945807,497,CDS
17709,8945128,8945250,122,CDS
17710,8944906,8945055,149,CDS
17711,8947681,8951086,3405,gene
17712,8950911,8951086,175,mRNA
17713,8950706,8950791,85,mRNA
17714,8947681,8948941,1260,mRNA
17715,8948113,8951086,2973,gene
17716,8950911,8951086,175,mRNA
17717,8950706,8950791,85,mRNA
17718,8948113,8948941,828,mRNA
17719,8950911,8951086,175,mRNA
17720,8949846,8950791,945,mRNA
17721,8948113,8948941,828,mRNA
17722,8950706,8950756,50,CDS
17723,8948753,8948941,188,CDS
17724,8950706,8950756,50,CDS
17725,8948753,8948941,188,CDS
17726,8949846,8950587,741,CDS
17727,8948802,8948941,139,CDS
17728,8950911,8951086,175,mRNA
17729,8949509,8950791,1282,mRNA
17730,8949580,8950587,1007,CDS
17731,8951595,8952242,647,gene
17732,8951595,8951892,297,mRNA
17733,8952002,8952242,240,mRNA
17734,8951717,8951892,175,mRNA
17735,8952002,8952180,178,mRNA
17736,8951793,8951892,99,CDS
17737,8952002,8952066,64,CDS
17738,8951793,8951892,99,CDS
17739,8952002,8952066,64,CDS
17740,8952339,8962796,10457,gene
17741,8952339,8953029,690,mRNA
17742,8953103,8953417,314,mRNA
17743,8954734,8954851,117,mRNA
17744,8954959,8955167,208,mRNA
17745,8959107,8959334,227,mRNA
17746,8959400,8959633,233,mRNA
17747,8959690,8960213,523,mRNA
17748,8960277,8962796,2519,mRNA
17749,8952339,8953029,690,mRNA
17750,8953103,8953417,314,mRNA
17751,8954734,8954851,117,mRNA
17752,8955713,8955858,145,mRNA
17753,8959107,8959334,227,mRNA
17754,8959400,8959633,233,mRNA
17755,8959690,8960213,523,mRNA
17756,8960277,8962796,2519,mRNA
17757,8952339,8953029,690,mRNA
17758,8953103,8953417,314,mRNA
17759,8954734,8954851,117,mRNA
17760,8957029,8957156,127,mRNA
17761,8959107,8959334,227,mRNA
17762,8959400,8959633,233,mRNA
17763,8959690,8960213,523,mRNA
17764,8960277,8962796,2519,mRNA
17765,8952972,8953029,57,CDS
17766,8953103,8953417,314,CDS
17767,8954734,8954851,117,CDS
17768,8954959,8955167,208,CDS
17769,8959107,8959334,227,CDS
17770,8959400,8959633,233,CDS
17771,8959690,8960213,523,CDS
17772,8960277,8960459,182,CDS
17773,8952972,8953029,57,CDS
17774,8953103,8953417,314,CDS
17775,8954734,8954851,117,CDS
17776,8955713,8955858,145,CDS
17777,8959107,8959334,227,CDS
17778,8959400,8959633,233,CDS
17779,8959690,8960213,523,CDS
17780,8960277,8960459,182,CDS
17781,8952972,8953029,57,CDS
17782,8953103,8953417,314,CDS
17783,8954734,8954851,117,CDS
17784,8957029,8957156,127,CDS
17785,8959107,8959334,227,CDS
17786,8959400,8959633,233,CDS
17787,8959690,8960213,523,CDS
17788,8960277,8960459,182,CDS
17789,8963164,8968184,5020,gene
17790,8968155,8968184,29,mRNA
17791,8965216,8965534,318,mRNA
17792,8964359,8964485,126,mRNA
17793,8963777,8964005,228,mRNA
17794,8963615,8963720,105,mRNA
17795,8963164,8963555,391,mRNA
17796,8965216,8965476,260,CDS
17797,8964359,8964485,126,CDS
17798,8963777,8964005,228,CDS
17799,8963615,8963720,105,CDS
17800,8963541,8963555,14,CDS
17801,8969346,8985900,16554,gene
17802,8984927,8985900,973,mRNA
17803,8971425,8975444,4019,mRNA
17804,8970865,8971051,186,mRNA
17805,8970612,8970796,184,mRNA
17806,8970428,8970543,115,mRNA
17807,8970244,8970363,119,mRNA
17808,8969346,8970182,836,mRNA
17809,8984927,8985900,973,mRNA
17810,8971425,8975444,4019,mRNA
17811,8970865,8971249,384,mRNA
17812,8970612,8970796,184,mRNA
17813,8970428,8970543,115,mRNA
17814,8970244,8970363,119,mRNA
17815,8969346,8970182,836,mRNA
17816,8984927,8985575,648,mRNA
17817,8971425,8975444,4019,mRNA
17818,8970865,8971108,243,mRNA
17819,8970612,8970796,184,mRNA
17820,8970428,8970543,115,mRNA
17821,8970244,8970363,119,mRNA
17822,8969346,8970182,836,mRNA
17823,8984927,8985158,231,CDS
17824,8971425,8975444,4019,CDS
17825,8970865,8971051,186,CDS
17826,8970612,8970796,184,CDS
17827,8970428,8970543,115,CDS
17828,8970244,8970363,119,CDS
17829,8970018,8970182,164,CDS
17830,8984927,8985158,231,CDS
17831,8971425,8975444,4019,CDS
17832,8970865,8971108,243,CDS
17833,8970612,8970796,184,CDS
17834,8970428,8970543,115,CDS
17835,8970244,8970363,119,CDS
17836,8970018,8970182,164,CDS
17837,8984927,8985158,231,CDS
17838,8971425,8975444,4019,CDS
17839,8971209,8971249,40,CDS
17840,8992945,9006587,13642,gene
17841,9006489,9006587,98,mRNA
17842,9001384,9001606,222,mRNA
17843,8997771,8997928,157,mRNA
17844,8996138,8997707,1569,mRNA
17845,8995546,8995953,407,mRNA
17846,8994312,8994489,177,mRNA
17847,8994104,8994256,152,mRNA
17848,8993767,8994038,271,mRNA
17849,8992945,8993705,760,mRNA
17850,9005004,9005376,372,mRNA
17851,9001384,9001606,222,mRNA
17852,8997771,8997928,157,mRNA
17853,8996138,8997707,1569,mRNA
17854,8995546,8995953,407,mRNA
17855,8994312,8994489,177,mRNA
17856,8994104,8994256,152,mRNA
17857,8993767,8994038,271,mRNA
17858,8992945,8993705,760,mRNA
17859,9001384,9001606,222,CDS
17860,8997771,8997928,157,CDS
17861,8996138,8997707,1569,CDS
17862,8995546,8995953,407,CDS
17863,8994312,8994489,177,CDS
17864,8994104,8994256,152,CDS
17865,8993767,8994038,271,CDS
17866,8993542,8993705,163,CDS
17867,9001384,9001606,222,CDS
17868,8997771,8997928,157,CDS
17869,8996138,8997707,1569,CDS
17870,8995546,8995953,407,CDS
17871,8994312,8994489,177,CDS
17872,8994104,8994256,152,CDS
17873,8993767,8994038,271,CDS
17874,8993542,8993705,163,CDS
17875,9007234,9013526,6292,gene
17876,9013019,9013526,507,mRNA
17877,9011237,9011416,179,mRNA
17878,9008318,9008495,177,mRNA
17879,9007871,9008249,378,mRNA
17880,9007234,9007786,552,mRNA
17881,9013019,9013526,507,mRNA
17882,9011237,9011416,179,mRNA
17883,9008703,9009224,521,mRNA
17884,9008318,9008495,177,mRNA
17885,9007871,9008249,378,mRNA
17886,9007234,9007786,552,mRNA
17887,9011513,9012064,551,mRNA
17888,9011237,9011416,179,mRNA
17889,9008703,9009224,521,mRNA
17890,9008318,9008495,177,mRNA
17891,9007871,9008249,378,mRNA
17892,9007234,9007786,552,mRNA
17893,9008703,9009498,795,mRNA
17894,9008318,9008495,177,mRNA
17895,9007871,9008249,378,mRNA
17896,9007234,9007786,552,mRNA
17897,9013019,9013181,162,CDS
17898,9011237,9011416,179,CDS
17899,9008318,9008495,177,CDS
17900,9007871,9008249,378,CDS
17901,9007571,9007786,215,CDS
17902,9013019,9013181,162,CDS
17903,9011237,9011416,179,CDS
17904,9008703,9009224,521,CDS
17905,9008318,9008495,177,CDS
17906,9007871,9008249,378,CDS
17907,9007571,9007786,215,CDS
17908,9011513,9011723,210,CDS
17909,9011237,9011416,179,CDS
17910,9008703,9009224,521,CDS
17911,9008318,9008495,177,CDS
17912,9007871,9008249,378,CDS
17913,9007571,9007786,215,CDS
17914,9007871,9008233,362,CDS
17915,9007571,9007786,215,CDS
17916,9014368,9017195,2827,gene
17917,9016610,9017195,585,mRNA
17918,9016247,9016551,304,mRNA
17919,9015476,9015995,519,mRNA
17920,9015310,9015417,107,mRNA
17921,9014634,9014732,98,mRNA
17922,9014368,9014573,205,mRNA
17923,9016610,9016679,69,CDS
17924,9016247,9016551,304,CDS
17925,9015476,9015995,519,CDS
17926,9015310,9015417,107,CDS
17927,9014634,9014732,98,CDS
17928,9014506,9014573,67,CDS
17929,9017815,9019032,1217,gene
17930,9017815,9018225,410,mRNA
17931,9018290,9018375,85,mRNA
17932,9018498,9018648,150,mRNA
17933,9018702,9019032,330,mRNA
17934,9017967,9018225,258,CDS
17935,9018290,9018375,85,CDS
17936,9018498,9018648,150,CDS
17937,9018702,9018874,172,CDS
17938,9019032,9031045,12013,gene
17939,9030892,9031045,153,mRNA
17940,9030233,9030319,86,mRNA
17941,9021963,9024069,2106,mRNA
17942,9021728,9021858,130,mRNA
17943,9021256,9021486,230,mRNA
17944,9020354,9020465,111,mRNA
17945,9020034,9020287,253,mRNA
17946,9019606,9019899,293,mRNA
17947,9019032,9019548,516,mRNA
17948,9030876,9031045,169,mRNA
17949,9030233,9030319,86,mRNA
17950,9021963,9024069,2106,mRNA
17951,9021728,9021858,130,mRNA
17952,9020354,9020465,111,mRNA
17953,9020034,9020287,253,mRNA
17954,9019606,9019899,293,mRNA
17955,9019032,9019548,516,mRNA
17956,9021963,9023392,1429,CDS
17957,9021728,9021858,130,CDS
17958,9020354,9020465,111,CDS
17959,9020034,9020287,253,CDS
17960,9019606,9019899,293,CDS
17961,9019433,9019548,115,CDS
17962,9021963,9023392,1429,CDS
17963,9021728,9021858,130,CDS
17964,9021256,9021486,230,CDS
17965,9020354,9020465,111,CDS
17966,9020034,9020287,253,CDS
17967,9019606,9019899,293,CDS
17968,9019433,9019548,115,CDS
17969,9039728,9042142,2414,gene
17970,9042046,9042142,96,mRNA
17971,9040555,9041811,1256,mRNA
17972,9040273,9040490,217,mRNA
17973,9040096,9040218,122,mRNA
17974,9039859,9040037,178,mRNA
17975,9039728,9039801,73,mRNA
17976,9042046,9042142,96,mRNA
17977,9041872,9041931,59,mRNA
17978,9040555,9041811,1256,mRNA
17979,9040273,9040490,217,mRNA
17980,9040096,9040218,122,mRNA
17981,9039859,9040037,178,mRNA
17982,9039728,9039801,73,mRNA
17983,9042046,9042087,41,CDS
17984,9040555,9041811,1256,CDS
17985,9040273,9040490,217,CDS
17986,9040096,9040218,122,CDS
17987,9039859,9040037,178,CDS
17988,9039791,9039801,10,CDS
17989,9040555,9041568,1013,CDS
17990,9040273,9040490,217,CDS
17991,9040096,9040218,122,CDS
17992,9039859,9040037,178,CDS
17993,9039791,9039801,10,CDS
17994,9042261,9044709,2448,gene
17995,9043637,9044709,1072,mRNA
17996,9043486,9043581,95,mRNA
17997,9042666,9043427,761,mRNA
17998,9042261,9042609,348,mRNA
17999,9043637,9044620,983,CDS
18000,9043486,9043581,95,CDS
18001,9042666,9043427,761,CDS
18002,9042397,9042609,212,CDS
18003,9044850,9060608,15758,gene
18004,9060589,9060608,19,mRNA
18005,9059255,9059548,293,mRNA
18006,9050843,9051151,308,mRNA
18007,9050515,9050629,114,mRNA
18008,9049880,9050132,252,mRNA
18009,9047914,9048026,112,mRNA
18010,9047658,9047849,191,mRNA
18011,9044850,9046748,1898,mRNA
18012,9059853,9059907,54,mRNA
18013,9059255,9059548,293,mRNA
18014,9050843,9051151,308,mRNA
18015,9050515,9050629,114,mRNA
18016,9049880,9050132,252,mRNA
18017,9048467,9048537,70,mRNA
18018,9048176,9048337,161,mRNA
18019,9047914,9048026,112,mRNA
18020,9047658,9047849,191,mRNA
18021,9044850,9046748,1898,mRNA
18022,9059853,9059907,54,mRNA
18023,9059255,9059548,293,mRNA
18024,9056573,9056632,59,mRNA
18025,9050843,9051151,308,mRNA
18026,9050515,9050629,114,mRNA
18027,9049880,9050132,252,mRNA
18028,9048467,9048537,70,mRNA
18029,9048176,9048337,161,mRNA
18030,9047914,9048026,112,mRNA
18031,9047658,9047849,191,mRNA
18032,9044850,9046748,1898,mRNA
18033,9059255,9059323,68,CDS
18034,9050843,9051151,308,CDS
18035,9050515,9050629,114,CDS
18036,9049880,9050132,252,CDS
18037,9048467,9048537,70,CDS
18038,9048176,9048337,161,CDS
18039,9047914,9048026,112,CDS
18040,9047658,9047849,191,CDS
18041,9046506,9046748,242,CDS
18042,9059255,9059323,68,CDS
18043,9056573,9056632,59,CDS
18044,9050843,9051151,308,CDS
18045,9050515,9050629,114,CDS
18046,9049880,9050132,252,CDS
18047,9048467,9048537,70,CDS
18048,9048176,9048337,161,CDS
18049,9047914,9048026,112,CDS
18050,9047658,9047849,191,CDS
18051,9046506,9046748,242,CDS
18052,9059255,9059323,68,CDS
18053,9050843,9051151,308,CDS
18054,9050515,9050629,114,CDS
18055,9049880,9050132,252,CDS
18056,9047996,9048026,30,CDS
18057,9060461,9061924,1463,gene
18058,9061440,9061924,484,mRNA
18059,9060461,9061365,904,mRNA
18060,9061440,9061924,484,mRNA
18061,9060563,9061365,802,mRNA
18062,9061440,9061860,420,CDS
18063,9060623,9061365,742,CDS
18064,9061440,9061860,420,CDS
18065,9060623,9061365,742,CDS
18066,9062295,9077554,15259,gene
18067,9062295,9062479,184,mRNA
18068,9074071,9074450,379,mRNA
18069,9074840,9075088,248,mRNA
18070,9075873,9075945,72,mRNA
18071,9076370,9077554,1184,mRNA
18072,9062436,9062479,43,CDS
18073,9074071,9074450,379,CDS
18074,9074840,9075088,248,CDS
18075,9075873,9075945,72,CDS
18076,9076370,9076796,426,CDS
18077,9069097,9069626,529,mRNA
18078,9074071,9074459,388,mRNA
18079,9074840,9075088,248,mRNA
18080,9075873,9075945,72,mRNA
18081,9076370,9077554,1184,mRNA
18082,9069097,9069626,529,mRNA
18083,9074071,9074450,379,mRNA
18084,9074840,9075088,248,mRNA
18085,9075873,9075945,72,mRNA
18086,9076370,9077554,1184,mRNA
18087,9069331,9069626,295,CDS
18088,9074071,9074459,388,CDS
18089,9074840,9075088,248,CDS
18090,9075873,9075945,72,CDS
18091,9076370,9076796,426,CDS
18092,9069331,9069626,295,CDS
18093,9074071,9074450,379,CDS
18094,9074840,9075088,248,CDS
18095,9075873,9075945,72,CDS
18096,9076370,9076796,426,CDS
18097,9075158,9075951,793,gene
18098,9075158,9075951,793,ncRNA
18099,9078721,9082374,3653,gene
18100,9078721,9078941,220,mRNA
18101,9080116,9080169,53,mRNA
18102,9080228,9080423,195,mRNA
18103,9080477,9080678,201,mRNA
18104,9080741,9081505,764,mRNA
18105,9081570,9081897,327,mRNA
18106,9081965,9082145,180,mRNA
18107,9082207,9082374,167,mRNA
18108,9078721,9078911,190,mRNA
18109,9080116,9080169,53,mRNA
18110,9080228,9080423,195,mRNA
18111,9080477,9080678,201,mRNA
18112,9080741,9081505,764,mRNA
18113,9081570,9081897,327,mRNA
18114,9081965,9082145,180,mRNA
18115,9082207,9082374,167,mRNA
18116,9078721,9078911,190,mRNA
18117,9080116,9080169,53,mRNA
18118,9080231,9080423,192,mRNA
18119,9080477,9080678,201,mRNA
18120,9080741,9081505,764,mRNA
18121,9081570,9081897,327,mRNA
18122,9081965,9082145,180,mRNA
18123,9082207,9082374,167,mRNA
18124,9080116,9080169,53,CDS
18125,9080228,9080423,195,CDS
18126,9080477,9080678,201,CDS
18127,9080741,9081505,764,CDS
18128,9081570,9081897,327,CDS
18129,9081965,9082145,180,CDS
18130,9082207,9082292,85,CDS
18131,9080116,9080169,53,CDS
18132,9080228,9080423,195,CDS
18133,9080477,9080678,201,CDS
18134,9080741,9081505,764,CDS
18135,9081570,9081897,327,CDS
18136,9081965,9082145,180,CDS
18137,9082207,9082292,85,CDS
18138,9080116,9080169,53,CDS
18139,9080231,9080423,192,CDS
18140,9080477,9080678,201,CDS
18141,9080741,9081505,764,CDS
18142,9081570,9081897,327,CDS
18143,9081965,9082145,180,CDS
18144,9082207,9082292,85,CDS
18145,9082395,9085717,3322,gene
18146,9082395,9082618,223,mRNA
18147,9082670,9082985,315,mRNA
18148,9083212,9083976,764,mRNA
18149,9084033,9084360,327,mRNA
18150,9084421,9084601,180,mRNA
18151,9084662,9085322,660,mRNA
18152,9085374,9085717,343,mRNA
18153,9082474,9082618,144,CDS
18154,9082670,9082985,315,CDS
18155,9083212,9083976,764,CDS
18156,9084033,9084360,327,CDS
18157,9084421,9084601,180,CDS
18158,9084662,9084699,37,CDS
18159,9084598,9087808,3210,gene
18160,9087631,9087808,177,mRNA
18161,9087306,9087570,264,mRNA
18162,9087087,9087250,163,mRNA
18163,9086914,9087020,106,mRNA
18164,9086593,9086813,220,mRNA
18165,9086378,9086532,154,mRNA
18166,9086215,9086326,111,mRNA
18167,9085945,9086092,147,mRNA
18168,9085721,9085853,132,mRNA
18169,9085364,9085664,300,mRNA
18170,9084598,9085301,703,mRNA
18171,9087631,9087632,1,mRNA
18172,9087306,9087570,264,mRNA
18173,9087087,9087250,163,mRNA
18174,9086914,9087020,106,mRNA
18175,9086593,9086813,220,mRNA
18176,9086390,9086532,142,mRNA
18177,9086215,9086326,111,mRNA
18178,9085945,9086092,147,mRNA
18179,9085721,9085892,171,mRNA
18180,9085364,9085664,300,mRNA
18181,9084598,9085301,703,mRNA
18182,9087631,9087632,1,mRNA
18183,9087306,9087570,264,mRNA
18184,9087087,9087250,163,mRNA
18185,9086914,9087020,106,mRNA
18186,9086593,9086813,220,mRNA
18187,9086378,9086532,154,mRNA
18188,9086215,9086326,111,mRNA
18189,9085945,9086092,147,mRNA
18190,9085721,9085820,99,mRNA
18191,9085364,9085664,300,mRNA
18192,9084598,9085301,703,mRNA
18193,9087631,9087632,1,mRNA
18194,9087306,9087570,264,mRNA
18195,9087087,9087250,163,mRNA
18196,9086914,9087020,106,mRNA
18197,9086593,9086813,220,mRNA
18198,9086378,9086532,154,mRNA
18199,9086215,9086326,111,mRNA
18200,9085945,9086092,147,mRNA
18201,9085721,9085892,171,mRNA
18202,9085364,9085664,300,mRNA
18203,9084598,9085301,703,mRNA
18204,9087306,9087557,251,CDS
18205,9087087,9087250,163,CDS
18206,9086914,9087020,106,CDS
18207,9086593,9086813,220,CDS
18208,9086390,9086532,142,CDS
18209,9086215,9086326,111,CDS
18210,9085945,9086092,147,CDS
18211,9085721,9085892,171,CDS
18212,9085364,9085664,300,CDS
18213,9084744,9085301,557,CDS
18214,9087306,9087557,251,CDS
18215,9087087,9087250,163,CDS
18216,9086914,9087020,106,CDS
18217,9086593,9086813,220,CDS
18218,9086378,9086532,154,CDS
18219,9086215,9086326,111,CDS
18220,9085945,9086092,147,CDS
18221,9085721,9085820,99,CDS
18222,9085364,9085664,300,CDS
18223,9084744,9085301,557,CDS
18224,9087306,9087557,251,CDS
18225,9087087,9087250,163,CDS
18226,9086914,9087020,106,CDS
18227,9086593,9086813,220,CDS
18228,9086378,9086532,154,CDS
18229,9086215,9086326,111,CDS
18230,9085945,9086092,147,CDS
18231,9085721,9085853,132,CDS
18232,9085364,9085664,300,CDS
18233,9084744,9085301,557,CDS
18234,9087306,9087557,251,CDS
18235,9087087,9087250,163,CDS
18236,9086914,9087020,106,CDS
18237,9086593,9086813,220,CDS
18238,9086378,9086532,154,CDS
18239,9086215,9086326,111,CDS
18240,9085945,9086092,147,CDS
18241,9085721,9085892,171,CDS
18242,9085364,9085664,300,CDS
18243,9084744,9085301,557,CDS
18244,9087834,9089802,1968,gene
18245,9087834,9087986,152,mRNA
18246,9088042,9088583,541,mRNA
18247,9088642,9088808,166,mRNA
18248,9088866,9089224,358,mRNA
18249,9089291,9089444,153,mRNA
18250,9089508,9089802,294,mRNA
18251,9087911,9087986,75,CDS
18252,9088042,9088583,541,CDS
18253,9088642,9088808,166,CDS
18254,9088866,9089224,358,CDS
18255,9089291,9089444,153,CDS
18256,9089508,9089775,267,CDS
18257,9089774,9092893,3119,gene
18258,9092432,9092893,461,mRNA
18259,9091407,9091653,246,mRNA
18260,9090811,9091036,225,mRNA
18261,9090543,9090749,206,mRNA
18262,9090083,9090485,402,mRNA
18263,9089774,9090021,247,mRNA
18264,9092432,9092893,461,mRNA
18265,9091407,9091653,246,mRNA
18266,9090811,9091051,240,mRNA
18267,9090543,9090749,206,mRNA
18268,9090083,9090485,402,mRNA
18269,9089774,9090021,247,mRNA
18270,9092432,9092805,373,mRNA
18271,9091407,9091653,246,mRNA
18272,9090811,9091039,228,mRNA
18273,9090543,9090749,206,mRNA
18274,9090083,9090485,402,mRNA
18275,9089774,9090021,247,mRNA
18276,9092432,9092805,373,mRNA
18277,9091730,9091770,40,mRNA
18278,9091407,9091653,246,mRNA
18279,9090811,9091039,228,mRNA
18280,9090543,9090749,206,mRNA
18281,9090083,9090485,402,mRNA
18282,9089774,9090021,247,mRNA
18283,9091730,9091785,55,mRNA
18284,9091407,9091653,246,mRNA
18285,9090811,9091051,240,mRNA
18286,9090543,9090749,206,mRNA
18287,9090083,9090485,402,mRNA
18288,9089774,9090021,247,mRNA
18289,9092432,9092471,39,CDS
18290,9091407,9091653,246,CDS
18291,9090811,9091036,225,CDS
18292,9090543,9090749,206,CDS
18293,9090083,9090485,402,CDS
18294,9089918,9090021,103,CDS
18295,9092432,9092471,39,CDS
18296,9091407,9091653,246,CDS
18297,9090811,9091039,228,CDS
18298,9090543,9090749,206,CDS
18299,9090083,9090485,402,CDS
18300,9089918,9090021,103,CDS
18301,9092432,9092471,39,CDS
18302,9091407,9091653,246,CDS
18303,9090811,9091051,240,CDS
18304,9090543,9090749,206,CDS
18305,9090083,9090485,402,CDS
18306,9089918,9090021,103,CDS
18307,9091730,9091769,39,CDS
18308,9091407,9091653,246,CDS
18309,9090811,9091039,228,CDS
18310,9090543,9090749,206,CDS
18311,9090083,9090485,402,CDS
18312,9089918,9090021,103,CDS
18313,9091730,9091769,39,CDS
18314,9091407,9091653,246,CDS
18315,9090811,9091051,240,CDS
18316,9090543,9090749,206,CDS
18317,9090083,9090485,402,CDS
18318,9089918,9090021,103,CDS
18319,9092506,9094658,2152,gene
18320,9094492,9094658,166,mRNA
18321,9093460,9094427,967,mRNA
18322,9092506,9093303,797,mRNA
18323,9094492,9094531,39,CDS
18324,9093460,9094427,967,CDS
18325,9093208,9093303,95,CDS
18326,9094737,9094938,201,mobile_element
18327,9095273,9097312,2039,gene
18328,9095273,9095339,66,ncRNA
18329,9095578,9095629,51,ncRNA
18330,9095898,9095958,60,ncRNA
18331,9096150,9096202,52,ncRNA
18332,9096383,9096438,55,ncRNA
18333,9096671,9096735,64,ncRNA
18334,9096926,9096991,65,ncRNA
18335,9097242,9097312,70,ncRNA
18336,9095372,9095526,154,gene
18337,9095372,9095526,154,ncRNA
18338,9095685,9095832,147,gene
18339,9095685,9095832,147,ncRNA
18340,9095996,9096080,84,gene
18341,9095996,9096080,84,ncRNA
18342,9096237,9096313,76,gene
18343,9096237,9096313,76,ncRNA
18344,9096506,9096582,76,gene
18345,9096506,9096582,76,ncRNA
18346,9096763,9096844,81,gene
18347,9096763,9096844,81,ncRNA
18348,9096931,9098525,1594,gene
18349,9098403,9098525,122,mRNA
18350,9098189,9098346,157,mRNA
18351,9096931,9098136,1205,mRNA
18352,9097030,9097169,139,gene
18353,9097030,9097169,139,ncRNA
18354,9098403,9098450,47,CDS
18355,9098189,9098346,157,CDS
18356,9097311,9098136,825,CDS
18357,9098539,9103153,4614,gene
18358,9098539,9098686,147,mRNA
18359,9098742,9098953,211,mRNA
18360,9099061,9099253,192,mRNA
18361,9099391,9099986,595,mRNA
18362,9100052,9100129,77,mRNA
18363,9100189,9100603,414,mRNA
18364,9100654,9100836,182,mRNA
18365,9100893,9101077,184,mRNA
18366,9101137,9101925,788,mRNA
18367,9101984,9102415,431,mRNA
18368,9102476,9102650,174,mRNA
18369,9102710,9102897,187,mRNA
18370,9102957,9103153,196,mRNA
18371,9098594,9098686,92,CDS
18372,9098742,9098953,211,CDS
18373,9099061,9099253,192,CDS
18374,9099391,9099986,595,CDS
18375,9100052,9100129,77,CDS
18376,9100189,9100603,414,CDS
18377,9100654,9100836,182,CDS
18378,9100893,9101077,184,CDS
18379,9101137,9101925,788,CDS
18380,9101984,9102415,431,CDS
18381,9102476,9102650,174,CDS
18382,9102710,9102897,187,CDS
18383,9102957,9103119,162,CDS
18384,9103238,9106796,3558,gene
18385,9103238,9103816,578,mRNA
18386,9103884,9106796,2912,mRNA
18387,9103238,9103816,578,mRNA
18388,9103884,9106796,2912,mRNA
18389,9103576,9103816,240,CDS
18390,9103884,9105469,1585,CDS
18391,9103576,9103816,240,CDS
18392,9103884,9105388,1504,CDS
18393,9107151,9109718,2567,gene
18394,9109234,9109718,484,mRNA
18395,9109071,9109172,101,mRNA
18396,9107151,9109006,1855,mRNA
18397,9109234,9109394,160,CDS
18398,9109071,9109172,101,CDS
18399,9107398,9109006,1608,CDS
18400,9110799,9111578,779,gene
18401,9110799,9110956,157,mRNA
18402,9111046,9111578,532,mRNA
18403,9110896,9110956,60,CDS
18404,9111046,9111482,436,CDS
18405,9111505,9113951,2446,gene
18406,9113395,9113951,556,mRNA
18407,9111505,9113332,1827,mRNA
18408,9113395,9113871,476,CDS
18409,9111671,9113332,1661,CDS
18410,9114274,9116030,1756,gene
18411,9114274,9115183,909,mRNA
18412,9115239,9115330,91,mRNA
18413,9115384,9115660,276,mRNA
18414,9115719,9116030,311,mRNA
18415,9114274,9114392,118,mRNA
18416,9114451,9115183,732,mRNA
18417,9115239,9115330,91,mRNA
18418,9115384,9115660,276,mRNA
18419,9115719,9116030,311,mRNA
18420,9114348,9114392,44,CDS
18421,9114451,9115183,732,CDS
18422,9115239,9115330,91,CDS
18423,9115384,9115660,276,CDS
18424,9115719,9115933,214,CDS
18425,9114694,9115183,489,CDS
18426,9115239,9115330,91,CDS
18427,9115384,9115660,276,CDS
18428,9115719,9115933,214,CDS
18429,9116122,9122000,5878,gene
18430,9116122,9116451,329,mRNA
18431,9117178,9117852,674,mRNA
18432,9117917,9118157,240,mRNA
18433,9118215,9118449,234,mRNA
18434,9118506,9118672,166,mRNA
18435,9118739,9118827,88,mRNA
18436,9118900,9119047,147,mRNA
18437,9121736,9122000,264,mRNA
18438,9116122,9116451,329,mRNA
18439,9117178,9117852,674,mRNA
18440,9117917,9118157,240,mRNA
18441,9118215,9118449,234,mRNA
18442,9118506,9118672,166,mRNA
18443,9118739,9118827,88,mRNA
18444,9118888,9119047,159,mRNA
18445,9121094,9121610,516,mRNA
18446,9116122,9116451,329,mRNA
18447,9117178,9117852,674,mRNA
18448,9117917,9118157,240,mRNA
18449,9118215,9118449,234,mRNA
18450,9118506,9118672,166,mRNA
18451,9118739,9118827,88,mRNA
18452,9118900,9119047,147,mRNA
18453,9120778,9121041,263,mRNA
18454,9116122,9116451,329,mRNA
18455,9117178,9117852,674,mRNA
18456,9117917,9118157,240,mRNA
18457,9118215,9118449,234,mRNA
18458,9118506,9118672,166,mRNA
18459,9118739,9118827,88,mRNA
18460,9118900,9119047,147,mRNA
18461,9120300,9120816,516,mRNA
18462,9116122,9116451,329,mRNA
18463,9117178,9117852,674,mRNA
18464,9117917,9118157,240,mRNA
18465,9118215,9118449,234,mRNA
18466,9118506,9118672,166,mRNA
18467,9118739,9118827,88,mRNA
18468,9118900,9120105,1205,mRNA
18469,9116122,9116451,329,mRNA
18470,9117178,9117852,674,mRNA
18471,9117917,9118157,240,mRNA
18472,9118215,9118449,234,mRNA
18473,9118506,9118672,166,mRNA
18474,9118739,9118827,88,mRNA
18475,9118900,9119047,147,mRNA
18476,9119753,9119831,78,mRNA
18477,9119911,9120105,194,mRNA
18478,9116323,9116451,128,CDS
18479,9117178,9117852,674,CDS
18480,9117917,9118157,240,CDS
18481,9118215,9118449,234,CDS
18482,9118506,9118672,166,CDS
18483,9118739,9118827,88,CDS
18484,9118900,9119047,147,CDS
18485,9121736,9121806,70,CDS
18486,9116323,9116451,128,CDS
18487,9117178,9117852,674,CDS
18488,9117917,9118157,240,CDS
18489,9118215,9118449,234,CDS
18490,9118506,9118672,166,CDS
18491,9118739,9118827,88,CDS
18492,9118888,9119047,159,CDS
18493,9121094,9121131,37,CDS
18494,9116323,9116451,128,CDS
18495,9117178,9117852,674,CDS
18496,9117917,9118157,240,CDS
18497,9118215,9118449,234,CDS
18498,9118506,9118672,166,CDS
18499,9118739,9118827,88,CDS
18500,9118900,9119047,147,CDS
18501,9120778,9120806,28,CDS
18502,9116323,9116451,128,CDS
18503,9117178,9117852,674,CDS
18504,9117917,9118157,240,CDS
18505,9118215,9118449,234,CDS
18506,9118506,9118672,166,CDS
18507,9118739,9118827,88,CDS
18508,9118900,9119047,147,CDS
18509,9120300,9120538,238,CDS
18510,9116323,9116451,128,CDS
18511,9117178,9117852,674,CDS
18512,9117917,9118157,240,CDS
18513,9118215,9118449,234,CDS
18514,9118506,9118672,166,CDS
18515,9118739,9118827,88,CDS
18516,9118900,9119047,147,CDS
18517,9119753,9119831,78,CDS
18518,9119911,9119953,42,CDS
18519,9116323,9116451,128,CDS
18520,9117178,9117852,674,CDS
18521,9117917,9118157,240,CDS
18522,9118215,9118449,234,CDS
18523,9118506,9118672,166,CDS
18524,9118739,9118827,88,CDS
18525,9118900,9119073,173,CDS
18526,9116618,9116851,233,mRNA
18527,9117178,9117852,674,mRNA
18528,9117917,9118157,240,mRNA
18529,9118215,9118449,234,mRNA
18530,9118506,9118672,166,mRNA
18531,9118739,9118827,88,mRNA
18532,9118900,9119047,147,mRNA
18533,9121736,9122000,264,mRNA
18534,9116618,9117852,1234,mRNA
18535,9117917,9118157,240,mRNA
18536,9118215,9118449,234,mRNA
18537,9118506,9118672,166,mRNA
18538,9118739,9118827,88,mRNA
18539,9118900,9119047,147,mRNA
18540,9121094,9121610,516,mRNA
18541,9116618,9117852,1234,mRNA
18542,9117917,9118157,240,mRNA
18543,9118215,9118449,234,mRNA
18544,9118506,9118672,166,mRNA
18545,9118739,9118827,88,mRNA
18546,9118900,9119047,147,mRNA
18547,9120300,9120816,516,mRNA
18548,9116618,9116851,233,mRNA
18549,9117178,9117852,674,mRNA
18550,9117917,9118157,240,mRNA
18551,9118215,9118449,234,mRNA
18552,9118506,9118672,166,mRNA
18553,9118739,9118827,88,mRNA
18554,9118900,9119047,147,mRNA
18555,9120300,9120816,516,mRNA
18556,9116618,9117852,1234,mRNA
18557,9117917,9118157,240,mRNA
18558,9118215,9118449,234,mRNA
18559,9118506,9118672,166,mRNA
18560,9118739,9118827,88,mRNA
18561,9118900,9119047,147,mRNA
18562,9119753,9119831,78,mRNA
18563,9119911,9120105,194,mRNA
18564,9116618,9116851,233,mRNA
18565,9117178,9117852,674,mRNA
18566,9117917,9118157,240,mRNA
18567,9118215,9118449,234,mRNA
18568,9118506,9118672,166,mRNA
18569,9118739,9118827,88,mRNA
18570,9118900,9120105,1205,mRNA
18571,9116618,9116851,233,mRNA
18572,9117178,9117852,674,mRNA
18573,9117917,9118157,240,mRNA
18574,9118215,9118449,234,mRNA
18575,9118506,9118672,166,mRNA
18576,9118739,9118827,88,mRNA
18577,9118900,9119047,147,mRNA
18578,9119753,9119831,78,mRNA
18579,9119911,9120105,194,mRNA
18580,9116618,9117852,1234,mRNA
18581,9117917,9118157,240,mRNA
18582,9118215,9118449,234,mRNA
18583,9118506,9118672,166,mRNA
18584,9118739,9118827,88,mRNA
18585,9118900,9119480,580,mRNA
18586,9117157,9117852,695,CDS
18587,9117917,9118157,240,CDS
18588,9118215,9118449,234,CDS
18589,9118506,9118672,166,CDS
18590,9118739,9118827,88,CDS
18591,9118900,9119047,147,CDS
18592,9121094,9121131,37,CDS
18593,9117157,9117852,695,CDS
18594,9117917,9118157,240,CDS
18595,9118215,9118449,234,CDS
18596,9118506,9118672,166,CDS
18597,9118739,9118827,88,CDS
18598,9118900,9119047,147,CDS
18599,9120300,9120538,238,CDS
18600,9117157,9117852,695,CDS
18601,9117917,9118157,240,CDS
18602,9118215,9118449,234,CDS
18603,9118506,9118672,166,CDS
18604,9118739,9118827,88,CDS
18605,9118900,9119047,147,CDS
18606,9119753,9119831,78,CDS
18607,9119911,9119953,42,CDS
18608,9117157,9117852,695,CDS
18609,9117917,9118157,240,CDS
18610,9118215,9118449,234,CDS
18611,9118506,9118672,166,CDS
18612,9118739,9118827,88,CDS
18613,9118900,9119073,173,CDS
18614,9117190,9117852,662,CDS
18615,9117917,9118157,240,CDS
18616,9118215,9118449,234,CDS
18617,9118506,9118672,166,CDS
18618,9118739,9118827,88,CDS
18619,9118900,9119047,147,CDS
18620,9121736,9121806,70,CDS
18621,9117190,9117852,662,CDS
18622,9117917,9118157,240,CDS
18623,9118215,9118449,234,CDS
18624,9118506,9118672,166,CDS
18625,9118739,9118827,88,CDS
18626,9118900,9119047,147,CDS
18627,9120300,9120538,238,CDS
18628,9117190,9117852,662,CDS
18629,9117917,9118157,240,CDS
18630,9118215,9118449,234,CDS
18631,9118506,9118672,166,CDS
18632,9118739,9118827,88,CDS
18633,9118900,9119047,147,CDS
18634,9119753,9119831,78,CDS
18635,9119911,9119953,42,CDS
18636,9117190,9117852,662,CDS
18637,9117917,9118157,240,CDS
18638,9118215,9118449,234,CDS
18639,9118506,9118672,166,CDS
18640,9118739,9118827,88,CDS
18641,9118900,9119073,173,CDS
18642,9122125,9123309,1184,gene
18643,9122125,9122448,323,mRNA
18644,9122519,9122567,48,mRNA
18645,9122622,9123309,687,mRNA
18646,9122324,9122448,124,mRNA
18647,9122519,9122567,48,mRNA
18648,9122622,9123309,687,mRNA
18649,9122354,9122448,94,CDS
18650,9122519,9122567,48,CDS
18651,9122622,9123158,536,CDS
18652,9122354,9122448,94,CDS
18653,9122519,9122567,48,CDS
18654,9122622,9123158,536,CDS
18655,9123304,9132030,8726,gene
18656,9131483,9132030,547,mRNA
18657,9131164,9131358,194,mRNA
18658,9128371,9128641,270,mRNA
18659,9128257,9128310,53,mRNA
18660,9127937,9128197,260,mRNA
18661,9127419,9127877,458,mRNA
18662,9127027,9127162,135,mRNA
18663,9125551,9126066,515,mRNA
18664,9124744,9125220,476,mRNA
18665,9123304,9124145,841,mRNA
18666,9131483,9131893,410,mRNA
18667,9131164,9131358,194,mRNA
18668,9128371,9128641,270,mRNA
18669,9128257,9128310,53,mRNA
18670,9127937,9128197,260,mRNA
18671,9127419,9127877,458,mRNA
18672,9125551,9126066,515,mRNA
18673,9124744,9125220,476,mRNA
18674,9123304,9124145,841,mRNA
18675,9131483,9131893,410,mRNA
18676,9131164,9131358,194,mRNA
18677,9128371,9128641,270,mRNA
18678,9128257,9128310,53,mRNA
18679,9127937,9128197,260,mRNA
18680,9127419,9127877,458,mRNA
18681,9124744,9126066,1322,mRNA
18682,9123304,9124145,841,mRNA
18683,9131483,9131893,410,mRNA
18684,9131164,9131358,194,mRNA
18685,9128371,9128641,270,mRNA
18686,9128257,9128310,53,mRNA
18687,9127937,9128197,260,mRNA
18688,9127419,9127877,458,mRNA
18689,9126181,9126213,32,mRNA
18690,9125551,9126066,515,mRNA
18691,9123304,9124145,841,mRNA
18692,9131483,9131893,410,mRNA
18693,9131164,9131358,194,mRNA
18694,9128371,9128641,270,mRNA
18695,9128257,9128310,53,mRNA
18696,9127937,9128197,260,mRNA
18697,9127419,9127877,458,mRNA
18698,9126181,9126213,32,mRNA
18699,9125551,9126066,515,mRNA
18700,9124744,9125220,476,mRNA
18701,9123304,9124139,835,mRNA
18702,9131483,9131893,410,mRNA
18703,9131164,9131358,194,mRNA
18704,9128371,9128641,270,mRNA
18705,9128257,9128310,53,mRNA
18706,9127937,9128197,260,mRNA
18707,9127419,9127877,458,mRNA
18708,9126181,9126213,32,mRNA
18709,9125551,9126066,515,mRNA
18710,9124744,9125220,476,mRNA
18711,9123304,9124145,841,mRNA
18712,9131483,9131893,410,mRNA
18713,9131164,9131358,194,mRNA
18714,9128371,9128641,270,mRNA
18715,9128257,9128310,53,mRNA
18716,9127937,9128197,260,mRNA
18717,9127419,9127877,458,mRNA
18718,9127027,9127162,135,mRNA
18719,9126181,9126213,32,mRNA
18720,9125551,9126066,515,mRNA
18721,9124744,9125220,476,mRNA
18722,9123304,9124145,841,mRNA
18723,9131483,9131499,16,CDS
18724,9131164,9131358,194,CDS
18725,9128371,9128641,270,CDS
18726,9128257,9128310,53,CDS
18727,9127937,9128197,260,CDS
18728,9127419,9127877,458,CDS
18729,9125551,9126066,515,CDS
18730,9124744,9125220,476,CDS
18731,9123702,9124145,443,CDS
18732,9131483,9131499,16,CDS
18733,9131164,9131358,194,CDS
18734,9128371,9128641,270,CDS
18735,9128257,9128310,53,CDS
18736,9127937,9128197,260,CDS
18737,9127419,9127877,458,CDS
18738,9126181,9126213,32,CDS
18739,9125551,9126066,515,CDS
18740,9123702,9124145,443,CDS
18741,9131483,9131499,16,CDS
18742,9131164,9131358,194,CDS
18743,9128371,9128641,270,CDS
18744,9128257,9128310,53,CDS
18745,9127937,9128197,260,CDS
18746,9127419,9127877,458,CDS
18747,9126181,9126213,32,CDS
18748,9125551,9126066,515,CDS
18749,9124744,9125220,476,CDS
18750,9123702,9124139,437,CDS
18751,9131483,9131499,16,CDS
18752,9131164,9131358,194,CDS
18753,9128371,9128641,270,CDS
18754,9128257,9128310,53,CDS
18755,9127937,9128197,260,CDS
18756,9127419,9127877,458,CDS
18757,9126181,9126213,32,CDS
18758,9125551,9126066,515,CDS
18759,9124744,9125220,476,CDS
18760,9123702,9124145,443,CDS
18761,9131483,9131499,16,CDS
18762,9131164,9131358,194,CDS
18763,9128371,9128641,270,CDS
18764,9128257,9128310,53,CDS
18765,9127937,9128197,260,CDS
18766,9127419,9127877,458,CDS
18767,9125500,9126066,566,CDS
18768,9131483,9131499,16,CDS
18769,9131164,9131358,194,CDS
18770,9128371,9128641,270,CDS
18771,9128257,9128310,53,CDS
18772,9127937,9128197,260,CDS
18773,9127419,9127877,458,CDS
18774,9127112,9127162,50,CDS
18775,9131483,9131499,16,CDS
18776,9131164,9131358,194,CDS
18777,9128371,9128641,270,CDS
18778,9128257,9128310,53,CDS
18779,9127937,9128197,260,CDS
18780,9127419,9127877,458,CDS
18781,9127112,9127162,50,CDS
18782,9132480,9135453,2973,gene
18783,9132480,9133046,566,mRNA
18784,9133599,9133770,171,mRNA
18785,9133842,9135453,1611,mRNA
18786,9132480,9132767,287,mRNA
18787,9133047,9133347,300,mRNA
18788,9133599,9133770,171,mRNA
18789,9133842,9135453,1611,mRNA
18790,9132480,9132767,287,mRNA
18791,9133599,9133770,171,mRNA
18792,9133842,9135453,1611,mRNA
18793,9132480,9132589,109,mRNA
18794,9133047,9133347,300,mRNA
18795,9133599,9133770,171,mRNA
18796,9133842,9135453,1611,mRNA
18797,9133154,9133347,193,CDS
18798,9133599,9133770,171,CDS
18799,9133842,9135053,1211,CDS
18800,9133154,9133347,193,CDS
18801,9133599,9133770,171,CDS
18802,9133842,9135053,1211,CDS
18803,9133509,9133770,261,mRNA
18804,9133842,9135453,1611,mRNA
18805,9133666,9133770,104,CDS
18806,9133842,9135053,1211,CDS
18807,9133666,9133770,104,CDS
18808,9133842,9135053,1211,CDS
18809,9133666,9133770,104,CDS
18810,9133842,9135053,1211,CDS
18811,9135375,9137933,2558,gene
18812,9136952,9137933,981,mRNA
18813,9135765,9135995,230,mRNA
18814,9135375,9135705,330,mRNA
18815,9136952,9137370,418,mRNA
18816,9135765,9135995,230,mRNA
18817,9135375,9135705,330,mRNA
18818,9136952,9137599,647,CDS
18819,9135765,9135995,230,CDS
18820,9135559,9135705,146,CDS
18821,9136952,9137236,284,CDS
18822,9135765,9135995,230,CDS
18823,9135559,9135705,146,CDS
18824,9138486,9141981,3495,gene
18825,9138486,9141981,3495,gene
18826,9138486,9138570,84,mRNA
18827,9138938,9139268,330,mRNA
18828,9139980,9140298,318,mRNA
18829,9141438,9141981,543,mRNA
18830,9138486,9138570,84,mRNA
18831,9138938,9139268,330,mRNA
18832,9139980,9140298,318,mRNA
18833,9141438,9141981,543,mRNA
18834,9139082,9139268,186,mRNA
18835,9139354,9140298,944,mRNA
18836,9141438,9141981,543,mRNA
18837,9139082,9139268,186,mRNA
18838,9139354,9140298,944,mRNA
18839,9141438,9141981,543,mRNA
18840,9140069,9140298,229,CDS
18841,9141438,9141450,12,CDS
18842,9140069,9140298,229,CDS
18843,9141438,9141450,12,CDS
18844,9140696,9141121,425,mRNA
18845,9141438,9141981,543,mRNA
18846,9141222,9141361,139,mRNA
18847,9141438,9141981,543,mRNA
18848,9141714,9141851,137,CDS
18849,9141714,9141851,137,CDS
18850,9141714,9141851,137,CDS
18851,9141714,9141851,137,CDS
18852,9142146,9143914,1768,gene
18853,9143620,9143914,294,mRNA
18854,9143059,9143236,177,mRNA
18855,9142717,9143000,283,mRNA
18856,9142146,9142655,509,mRNA
18857,9143620,9143797,177,CDS
18858,9143059,9143236,177,CDS
18859,9142717,9143000,283,CDS
18860,9142615,9142655,40,CDS
18861,9143956,9145151,1195,gene
18862,9143956,9145151,1195,mRNA
18863,9144128,9145120,992,CDS
18864,9145260,9148512,3252,gene
18865,9145260,9145791,531,mRNA
18866,9145860,9145972,112,mRNA
18867,9146646,9146796,150,mRNA
18868,9146863,9147046,183,mRNA
18869,9147115,9147301,186,mRNA
18870,9147363,9147498,135,mRNA
18871,9147550,9147876,326,mRNA
18872,9147939,9148095,156,mRNA
18873,9148153,9148512,359,mRNA
18874,9145587,9145791,204,CDS
18875,9145860,9145972,112,CDS
18876,9146646,9146796,150,CDS
18877,9146863,9147046,183,CDS
18878,9147115,9147301,186,CDS
18879,9147363,9147498,135,CDS
18880,9147550,9147876,326,CDS
18881,9147939,9148095,156,CDS
18882,9148153,9148216,63,CDS
18883,9148689,9151892,3203,gene
18884,9148689,9148998,309,mRNA
18885,9149066,9149178,112,mRNA
18886,9149687,9149837,150,mRNA
18887,9149904,9150087,183,mRNA
18888,9150189,9150375,186,mRNA
18889,9150436,9150571,135,mRNA
18890,9150635,9150961,326,mRNA
18891,9151021,9151177,156,mRNA
18892,9151241,9151892,651,mRNA
18893,9148827,9148998,171,CDS
18894,9149066,9149178,112,CDS
18895,9149687,9149837,150,CDS
18896,9149904,9150087,183,CDS
18897,9150189,9150375,186,CDS
18898,9150436,9150571,135,CDS
18899,9150635,9150961,326,CDS
18900,9151021,9151177,156,CDS
18901,9151241,9151304,63,CDS
18902,9151357,9157769,6412,mobile_element
18903,9157907,9161436,3529,gene
18904,9161036,9161436,400,mRNA
18905,9160841,9160950,109,mRNA
18906,9160622,9160772,150,mRNA
18907,9159533,9160303,770,mRNA
18908,9159336,9159472,136,mRNA
18909,9159078,9159267,189,mRNA
18910,9158947,9158994,47,mRNA
18911,9158774,9158882,108,mRNA
18912,9157907,9158669,762,mRNA
18913,9161036,9161436,400,mRNA
18914,9160622,9160950,328,mRNA
18915,9159533,9160303,770,mRNA
18916,9159336,9159472,136,mRNA
18917,9159078,9159267,189,mRNA
18918,9158947,9158994,47,mRNA
18919,9158774,9158882,108,mRNA
18920,9157907,9158669,762,mRNA
18921,9161036,9161162,126,CDS
18922,9160841,9160950,109,CDS
18923,9160622,9160772,150,CDS
18924,9159533,9160303,770,CDS
18925,9159336,9159472,136,CDS
18926,9159078,9159267,189,CDS
18927,9158947,9158994,47,CDS
18928,9158774,9158882,108,CDS
18929,9158612,9158669,57,CDS
18930,9160622,9160628,6,CDS
18931,9159533,9160303,770,CDS
18932,9159336,9159472,136,CDS
18933,9159078,9159267,189,CDS
18934,9158947,9158994,47,CDS
18935,9158774,9158882,108,CDS
18936,9158612,9158669,57,CDS
18937,9161484,9161998,514,gene
18938,9161484,9161998,514,ncRNA
18939,9162037,9164967,2930,gene
18940,9164716,9164967,251,mRNA
18941,9164329,9164647,318,mRNA
18942,9164083,9164272,189,mRNA
18943,9163703,9164025,322,mRNA
18944,9163329,9163474,145,mRNA
18945,9163071,9163260,189,mRNA
18946,9162847,9163003,156,mRNA
18947,9162037,9162784,747,mRNA
18948,9164716,9164967,251,mRNA
18949,9164538,9164647,109,mRNA
18950,9164329,9164479,150,mRNA
18951,9164083,9164272,189,mRNA
18952,9163703,9164025,322,mRNA
18953,9163329,9163474,145,mRNA
18954,9163071,9163260,189,mRNA
18955,9162847,9163003,156,mRNA
18956,9162426,9162784,358,mRNA
18957,9164716,9164950,234,CDS
18958,9164538,9164647,109,CDS
18959,9164329,9164479,150,CDS
18960,9164083,9164272,189,CDS
18961,9163703,9164025,322,CDS
18962,9163329,9163474,145,CDS
18963,9163071,9163260,189,CDS
18964,9162847,9163003,156,CDS
18965,9162727,9162784,57,CDS
18966,9164329,9164431,102,CDS
18967,9164083,9164272,189,CDS
18968,9163703,9164025,322,CDS
18969,9163329,9163474,145,CDS
18970,9163071,9163260,189,CDS
18971,9162847,9163003,156,CDS
18972,9162727,9162784,57,CDS
18973,9165632,9167670,2038,gene
18974,9165632,9165985,353,mRNA
18975,9166045,9166559,514,mRNA
18976,9166622,9167670,1048,mRNA
18977,9165735,9165985,250,CDS
18978,9166045,9166559,514,CDS
18979,9166622,9166866,244,CDS
18980,9166566,9167508,942,gene
18981,9167378,9167508,130,mRNA
18982,9166566,9167319,753,mRNA
18983,9167378,9167463,85,CDS
18984,9166863,9167319,456,CDS
18985,9167763,9177261,9498,gene
18986,9177142,9177261,119,mRNA
18987,9176588,9176832,244,mRNA
18988,9176393,9176533,140,mRNA
18989,9176091,9176235,144,mRNA
18990,9175733,9175931,198,mRNA
18991,9175167,9175671,504,mRNA
18992,9174931,9175109,178,mRNA
18993,9174668,9174875,207,mRNA
18994,9174200,9174610,410,mRNA
18995,9173800,9174141,341,mRNA
18996,9173532,9173740,208,mRNA
18997,9173306,9173474,168,mRNA
18998,9172478,9173245,767,mRNA
18999,9171833,9172411,578,mRNA
19000,9171664,9171775,111,mRNA
19001,9170428,9171601,1173,mRNA
19002,9169843,9170365,522,mRNA
19003,9169293,9169786,493,mRNA
19004,9168856,9169231,375,mRNA
19005,9168673,9168795,122,mRNA
19006,9168310,9168568,258,mRNA
19007,9167763,9168249,486,mRNA
19008,9177142,9177261,119,mRNA
19009,9176588,9176832,244,mRNA
19010,9176393,9176533,140,mRNA
19011,9176091,9176235,144,mRNA
19012,9175733,9175934,201,mRNA
19013,9175167,9175671,504,mRNA
19014,9174931,9175109,178,mRNA
19015,9174668,9174875,207,mRNA
19016,9174200,9174610,410,mRNA
19017,9173800,9174141,341,mRNA
19018,9173532,9173740,208,mRNA
19019,9173306,9173474,168,mRNA
19020,9172478,9173245,767,mRNA
19021,9171833,9172411,578,mRNA
19022,9171664,9171775,111,mRNA
19023,9170428,9171601,1173,mRNA
19024,9169843,9170365,522,mRNA
19025,9169293,9169786,493,mRNA
19026,9168856,9169231,375,mRNA
19027,9168673,9168795,122,mRNA
19028,9168310,9168568,258,mRNA
19029,9167763,9168249,486,mRNA
19030,9176588,9176779,191,CDS
19031,9176393,9176533,140,CDS
19032,9176091,9176235,144,CDS
19033,9175733,9175931,198,CDS
19034,9175167,9175671,504,CDS
19035,9174931,9175109,178,CDS
19036,9174668,9174875,207,CDS
19037,9174200,9174610,410,CDS
19038,9173800,9174141,341,CDS
19039,9173532,9173740,208,CDS
19040,9173306,9173474,168,CDS
19041,9172478,9173245,767,CDS
19042,9171833,9172411,578,CDS
19043,9171664,9171775,111,CDS
19044,9170428,9171601,1173,CDS
19045,9169843,9170365,522,CDS
19046,9169293,9169786,493,CDS
19047,9168856,9169231,375,CDS
19048,9168673,9168795,122,CDS
19049,9168310,9168568,258,CDS
19050,9168134,9168249,115,CDS
19051,9176588,9176779,191,CDS
19052,9176393,9176533,140,CDS
19053,9176091,9176235,144,CDS
19054,9175733,9175934,201,CDS
19055,9175167,9175671,504,CDS
19056,9174931,9175109,178,CDS
19057,9174668,9174875,207,CDS
19058,9174200,9174610,410,CDS
19059,9173800,9174141,341,CDS
19060,9173532,9173740,208,CDS
19061,9173306,9173474,168,CDS
19062,9172478,9173245,767,CDS
19063,9171833,9172411,578,CDS
19064,9171664,9171775,111,CDS
19065,9170428,9171601,1173,CDS
19066,9169843,9170365,522,CDS
19067,9169293,9169786,493,CDS
19068,9168856,9169231,375,CDS
19069,9168673,9168795,122,CDS
19070,9168310,9168568,258,CDS
19071,9168134,9168249,115,CDS
19072,9177864,9186342,8478,gene
19073,9186116,9186342,226,mRNA
19074,9178830,9179225,395,mRNA
19075,9178606,9178749,143,mRNA
19076,9177864,9178544,680,mRNA
19077,9186116,9186342,226,mRNA
19078,9185217,9185924,707,mRNA
19079,9178830,9179225,395,mRNA
19080,9178606,9178749,143,mRNA
19081,9177864,9178544,680,mRNA
19082,9185217,9186342,1125,mRNA
19083,9178830,9179225,395,mRNA
19084,9178606,9178749,143,mRNA
19085,9177864,9178544,680,mRNA
19086,9181437,9181499,62,mRNA
19087,9178830,9179225,395,mRNA
19088,9178606,9178749,143,mRNA
19089,9177864,9178544,680,mRNA
19090,9179749,9181298,1549,mRNA
19091,9178830,9179225,395,mRNA
19092,9178606,9178749,143,mRNA
19093,9177864,9178544,680,mRNA
19094,9179749,9180338,589,mRNA
19095,9178830,9179225,395,mRNA
19096,9178606,9178749,143,mRNA
19097,9177864,9178544,680,mRNA
19098,9178830,9179346,516,mRNA
19099,9178606,9178749,143,mRNA
19100,9177864,9178544,680,mRNA
19101,9186116,9186133,17,CDS
19102,9178830,9179225,395,CDS
19103,9178606,9178749,143,CDS
19104,9178434,9178544,110,CDS
19105,9185217,9185732,515,CDS
19106,9178830,9179225,395,CDS
19107,9178606,9178749,143,CDS
19108,9178434,9178544,110,CDS
19109,9185217,9185732,515,CDS
19110,9178830,9179225,395,CDS
19111,9178606,9178749,143,CDS
19112,9178434,9178544,110,CDS
19113,9179749,9181158,1409,CDS
19114,9178830,9179225,395,CDS
19115,9178606,9178749,143,CDS
19116,9178434,9178544,110,CDS
19117,9179749,9180267,518,CDS
19118,9178830,9179225,395,CDS
19119,9178606,9178749,143,CDS
19120,9178434,9178544,110,CDS
19121,9178830,9179219,389,CDS
19122,9178606,9178749,143,CDS
19123,9178434,9178544,110,CDS
19124,9178830,9179219,389,CDS
19125,9178606,9178749,143,CDS
19126,9178434,9178544,110,CDS
19127,9183395,9184495,1100,gene
19128,9183395,9184495,1100,ncRNA
19129,9186670,9192096,5426,gene
19130,9186670,9192096,5426,gene
19131,9191276,9192096,820,mRNA
19132,9189067,9189220,153,mRNA
19133,9188654,9189008,354,mRNA
19134,9188120,9188265,145,mRNA
19135,9186670,9187134,464,mRNA
19136,9191276,9192096,820,mRNA
19137,9189067,9189220,153,mRNA
19138,9188654,9189008,354,mRNA
19139,9188120,9188265,145,mRNA
19140,9186670,9187134,464,mRNA
19141,9191276,9192096,820,mRNA
19142,9189067,9189220,153,mRNA
19143,9188654,9189008,354,mRNA
19144,9186670,9188265,1595,mRNA
19145,9191276,9192096,820,mRNA
19146,9189067,9189220,153,mRNA
19147,9188654,9189008,354,mRNA
19148,9186670,9188265,1595,mRNA
19149,9191276,9191429,153,CDS
19150,9189067,9189220,153,CDS
19151,9188654,9189008,354,CDS
19152,9188120,9188265,145,CDS
19153,9186975,9187134,159,CDS
19154,9190270,9190346,76,mRNA
19155,9189067,9189220,153,mRNA
19156,9188654,9189008,354,mRNA
19157,9187363,9188265,902,mRNA
19158,9191276,9191429,153,CDS
19159,9189067,9189220,153,CDS
19160,9188654,9189008,354,CDS
19161,9188014,9188265,251,CDS
19162,9189067,9189071,4,CDS
19163,9188654,9189008,354,CDS
19164,9188014,9188265,251,CDS
19165,9191602,9191748,146,CDS
19166,9191602,9191748,146,CDS
19167,9195205,9199870,4665,gene
19168,9195205,9196168,963,mRNA
19169,9199083,9199333,250,mRNA
19170,9199396,9199870,474,mRNA
19171,9195334,9196168,834,CDS
19172,9199083,9199333,250,CDS
19173,9199396,9199767,371,CDS
19174,9198212,9198507,295,mobile_element
19175,9204410,9207124,2714,gene
19176,9206934,9207124,190,mRNA
19177,9205452,9206872,1420,mRNA
19178,9204410,9205394,984,mRNA
19179,9206934,9207024,90,CDS
19180,9205452,9206872,1420,CDS
19181,9204906,9205394,488,CDS
19182,9207561,9209774,2213,gene
19183,9207561,9207659,98,mRNA
19184,9207748,9207850,102,mRNA
19185,9207914,9208016,102,mRNA
19186,9208083,9208344,261,mRNA
19187,9208417,9209774,1357,mRNA
19188,9207561,9207850,289,mRNA
19189,9207914,9208016,102,mRNA
19190,9208083,9208344,261,mRNA
19191,9208417,9209655,1238,mRNA
19192,9207765,9207850,85,CDS
19193,9207914,9208016,102,CDS
19194,9208083,9208344,261,CDS
19195,9208417,9209105,688,CDS
19196,9207765,9207850,85,CDS
19197,9207914,9208016,102,CDS
19198,9208083,9208344,261,CDS
19199,9208417,9209105,688,CDS
19200,9212749,9213176,427,mobile_element
19201,9213125,9213744,619,gene
19202,9213125,9213744,619,ncRNA
19203,9214095,9215145,1050,gene
19204,9214095,9215145,1050,ncRNA
19205,9222623,9222685,62,mobile_element
19206,9227785,9247249,19464,gene
19207,9246765,9247249,484,mRNA
19208,9234445,9235575,1130,mRNA
19209,9232508,9232732,224,mRNA
19210,9231748,9231845,97,mRNA
19211,9230312,9230648,336,mRNA
19212,9229598,9230086,488,mRNA
19213,9229094,9229276,182,mRNA
19214,9227785,9228787,1002,mRNA
19215,9246765,9247249,484,mRNA
19216,9234445,9235575,1130,mRNA
19217,9232508,9232732,224,mRNA
19218,9231748,9231845,97,mRNA
19219,9230312,9230648,336,mRNA
19220,9229598,9230086,488,mRNA
19221,9227785,9229276,1491,mRNA
19222,9246765,9247249,484,mRNA
19223,9234445,9235575,1130,mRNA
19224,9232508,9232732,224,mRNA
19225,9231748,9231845,97,mRNA
19226,9231106,9231180,74,mRNA
19227,9230312,9230648,336,mRNA
19228,9229598,9230086,488,mRNA
19229,9229094,9229276,182,mRNA
19230,9227785,9228787,1002,mRNA
19231,9246765,9247249,484,mRNA
19232,9234445,9235575,1130,mRNA
19233,9232508,9232732,224,mRNA
19234,9231748,9231845,97,mRNA
19235,9231106,9231180,74,mRNA
19236,9230312,9230648,336,mRNA
19237,9229598,9230086,488,mRNA
19238,9227785,9229276,1491,mRNA
19239,9246765,9246894,129,CDS
19240,9234445,9235575,1130,CDS
19241,9232508,9232732,224,CDS
19242,9231748,9231845,97,CDS
19243,9230312,9230648,336,CDS
19244,9229598,9230086,488,CDS
19245,9229094,9229276,182,CDS
19246,9228579,9228787,208,CDS
19247,9246765,9246894,129,CDS
19248,9234445,9235575,1130,CDS
19249,9232508,9232732,224,CDS
19250,9231748,9231845,97,CDS
19251,9231106,9231180,74,CDS
19252,9230312,9230648,336,CDS
19253,9229598,9230086,488,CDS
19254,9229094,9229276,182,CDS
19255,9228579,9228787,208,CDS
19256,9246765,9246894,129,CDS
19257,9234445,9235575,1130,CDS
19258,9232508,9232732,224,CDS
19259,9231748,9231845,97,CDS
19260,9230312,9230648,336,CDS
19261,9229598,9230086,488,CDS
19262,9229086,9229276,190,CDS
19263,9246765,9246894,129,CDS
19264,9234445,9235575,1130,CDS
19265,9232508,9232732,224,CDS
19266,9231748,9231845,97,CDS
19267,9231106,9231180,74,CDS
19268,9230312,9230648,336,CDS
19269,9229598,9230086,488,CDS
19270,9229086,9229276,190,CDS
19271,9237044,9237124,80,mobile_element
19272,9237512,9239831,2319,gene
19273,9237512,9237756,244,mRNA
19274,9237837,9238037,200,mRNA
19275,9238092,9238173,81,mRNA
19276,9238331,9238431,100,mRNA
19277,9238490,9238760,270,mRNA
19278,9238819,9239039,220,mRNA
19279,9239104,9239418,314,mRNA
19280,9239491,9239831,340,mRNA
19281,9237552,9237756,204,CDS
19282,9237837,9238037,200,CDS
19283,9238092,9238173,81,CDS
19284,9238331,9238431,100,CDS
19285,9238490,9238760,270,CDS
19286,9238819,9239039,220,CDS
19287,9239104,9239418,314,CDS
19288,9239491,9239657,166,CDS
19289,9240041,9242139,2098,gene
19290,9240041,9240280,239,mRNA
19291,9240340,9240540,200,mRNA
19292,9240604,9240685,81,mRNA
19293,9240742,9240842,100,mRNA
19294,9240909,9241173,264,mRNA
19295,9241233,9241450,217,mRNA
19296,9241505,9241819,314,mRNA
19297,9241882,9242139,257,mRNA
19298,9240082,9240280,198,CDS
19299,9240340,9240540,200,CDS
19300,9240604,9240685,81,CDS
19301,9240742,9240842,100,CDS
19302,9240909,9241173,264,CDS
19303,9241233,9241450,217,CDS
19304,9241505,9241819,314,CDS
19305,9241882,9242042,160,CDS
19306,9242320,9244410,2090,gene
19307,9242320,9242558,238,mRNA
19308,9242641,9242841,200,mRNA
19309,9242898,9242979,81,mRNA
19310,9243039,9243139,100,mRNA
19311,9243199,9243469,270,mRNA
19312,9243522,9243739,217,mRNA
19313,9243797,9244111,314,mRNA
19314,9244171,9244410,239,mRNA
19315,9242360,9242558,198,CDS
19316,9242641,9242841,200,CDS
19317,9242898,9242979,81,CDS
19318,9243039,9243139,100,CDS
19319,9243199,9243469,270,CDS
19320,9243522,9243739,217,CDS
19321,9243797,9244111,314,CDS
19322,9244171,9244331,160,CDS
19323,9252021,9253255,1234,gene
19324,9252021,9253255,1234,mRNA
19325,9252021,9252165,144,mRNA
19326,9252226,9252310,84,mRNA
19327,9252362,9252512,150,mRNA
19328,9252573,9253255,682,mRNA
19329,9252163,9252675,512,CDS
19330,9252163,9252165,2,CDS
19331,9252226,9252310,84,CDS
19332,9252362,9252512,150,CDS
19333,9252573,9252675,102,CDS
19334,9252310,9285097,32787,gene
19335,9284959,9285097,138,mRNA
19336,9283828,9284129,301,mRNA
19337,9267655,9267976,321,mRNA
19338,9265490,9266028,538,mRNA
19339,9258840,9260144,1304,mRNA
19340,9255089,9255709,620,mRNA
19341,9254651,9255022,371,mRNA
19342,9254481,9254588,107,mRNA
19343,9254275,9254415,140,mRNA
19344,9252310,9254207,1897,mRNA
19345,9272300,9272672,372,mRNA
19346,9271985,9272174,189,mRNA
19347,9267655,9267976,321,mRNA
19348,9265490,9266028,538,mRNA
19349,9258840,9260144,1304,mRNA
19350,9255089,9255709,620,mRNA
19351,9254651,9255022,371,mRNA
19352,9254481,9254588,107,mRNA
19353,9254275,9254415,140,mRNA
19354,9252310,9254207,1897,mRNA
19355,9272300,9272672,372,mRNA
19356,9271985,9272174,189,mRNA
19357,9267655,9267976,321,mRNA
19358,9265490,9266028,538,mRNA
19359,9258840,9260144,1304,mRNA
19360,9257410,9258060,650,mRNA
19361,9255089,9255709,620,mRNA
19362,9254651,9255022,371,mRNA
19363,9254481,9254588,107,mRNA
19364,9254275,9254415,140,mRNA
19365,9252310,9254207,1897,mRNA
19366,9268369,9268963,594,mRNA
19367,9267655,9267976,321,mRNA
19368,9265490,9266028,538,mRNA
19369,9258840,9260144,1304,mRNA
19370,9255089,9255709,620,mRNA
19371,9254651,9255022,371,mRNA
19372,9254481,9254588,107,mRNA
19373,9254275,9254415,140,mRNA
19374,9252310,9254207,1897,mRNA
19375,9268369,9268963,594,mRNA
19376,9267655,9267976,321,mRNA
19377,9265490,9266028,538,mRNA
19378,9258840,9260144,1304,mRNA
19379,9255829,9256038,209,mRNA
19380,9255089,9255709,620,mRNA
19381,9254651,9255022,371,mRNA
19382,9254481,9254588,107,mRNA
19383,9254275,9254415,140,mRNA
19384,9252310,9254207,1897,mRNA
19385,9268369,9268963,594,mRNA
19386,9267655,9267976,321,mRNA
19387,9265490,9266028,538,mRNA
19388,9258840,9260144,1304,mRNA
19389,9257410,9258060,650,mRNA
19390,9255089,9255709,620,mRNA
19391,9254651,9255022,371,mRNA
19392,9254481,9254588,107,mRNA
19393,9254275,9254415,140,mRNA
19394,9252310,9254207,1897,mRNA
19395,9256111,9256377,266,mRNA
19396,9255829,9256038,209,mRNA
19397,9255089,9255709,620,mRNA
19398,9254651,9255022,371,mRNA
19399,9254481,9254588,107,mRNA
19400,9254275,9254415,140,mRNA
19401,9252310,9254207,1897,mRNA
19402,9284959,9285097,138,mRNA
19403,9283828,9284129,301,mRNA
19404,9267655,9267976,321,mRNA
19405,9265490,9266028,538,mRNA
19406,9258840,9260144,1304,mRNA
19407,9255513,9255709,196,mRNA
19408,9255089,9255443,354,mRNA
19409,9254651,9255022,371,mRNA
19410,9254481,9254588,107,mRNA
19411,9254275,9254415,140,mRNA
19412,9253836,9254207,371,mRNA
19413,9284959,9285097,138,mRNA
19414,9283828,9284129,301,mRNA
19415,9267655,9267976,321,mRNA
19416,9265490,9266028,538,mRNA
19417,9258840,9260144,1304,mRNA
19418,9255829,9256038,209,mRNA
19419,9255089,9255709,620,mRNA
19420,9254651,9255022,371,mRNA
19421,9254481,9254588,107,mRNA
19422,9254275,9254415,140,mRNA
19423,9253836,9254207,371,mRNA
19424,9284959,9285097,138,mRNA
19425,9283828,9284129,301,mRNA
19426,9267655,9267976,321,mRNA
19427,9265490,9266028,538,mRNA
19428,9258840,9260144,1304,mRNA
19429,9257410,9257673,263,mRNA
19430,9255089,9255709,620,mRNA
19431,9254651,9255022,371,mRNA
19432,9254481,9254588,107,mRNA
19433,9254275,9254415,140,mRNA
19434,9253836,9254207,371,mRNA
19435,9284959,9285097,138,mRNA
19436,9283828,9284129,301,mRNA
19437,9267655,9267976,321,mRNA
19438,9265490,9266028,538,mRNA
19439,9258840,9260144,1304,mRNA
19440,9257410,9257679,269,mRNA
19441,9255089,9255709,620,mRNA
19442,9254651,9255022,371,mRNA
19443,9254481,9254588,107,mRNA
19444,9254275,9254415,140,mRNA
19445,9253836,9254207,371,mRNA
19446,9284959,9285097,138,mRNA
19447,9283828,9284129,301,mRNA
19448,9267655,9267976,321,mRNA
19449,9265490,9266028,538,mRNA
19450,9258840,9260144,1304,mRNA
19451,9257410,9258060,650,mRNA
19452,9255089,9255709,620,mRNA
19453,9254651,9255022,371,mRNA
19454,9254481,9254588,107,mRNA
19455,9254275,9254415,140,mRNA
19456,9253836,9254207,371,mRNA
19457,9284959,9285097,138,mRNA
19458,9283828,9284129,301,mRNA
19459,9267655,9267976,321,mRNA
19460,9265490,9266028,538,mRNA
19461,9258840,9260144,1304,mRNA
19462,9257410,9258060,650,mRNA
19463,9255829,9256038,209,mRNA
19464,9255089,9255709,620,mRNA
19465,9254651,9255022,371,mRNA
19466,9254481,9254588,107,mRNA
19467,9254275,9254415,140,mRNA
19468,9253836,9254207,371,mRNA
19469,9274649,9275030,381,mRNA
19470,9271985,9272174,189,mRNA
19471,9267655,9267976,321,mRNA
19472,9265490,9266028,538,mRNA
19473,9258840,9260144,1304,mRNA
19474,9255829,9256038,209,mRNA
19475,9255089,9255709,620,mRNA
19476,9254651,9255022,371,mRNA
19477,9254481,9254588,107,mRNA
19478,9254275,9254415,140,mRNA
19479,9253836,9254207,371,mRNA
19480,9274649,9275030,381,mRNA
19481,9272300,9272707,407,mRNA
19482,9271985,9272174,189,mRNA
19483,9267655,9267976,321,mRNA
19484,9265490,9266028,538,mRNA
19485,9258840,9260144,1304,mRNA
19486,9255829,9256038,209,mRNA
19487,9255089,9255709,620,mRNA
19488,9254651,9255022,371,mRNA
19489,9254481,9254588,107,mRNA
19490,9254275,9254415,140,mRNA
19491,9253836,9254207,371,mRNA
19492,9270235,9270324,89,mRNA
19493,9268369,9268778,409,mRNA
19494,9267655,9267976,321,mRNA
19495,9265490,9266028,538,mRNA
19496,9258840,9260144,1304,mRNA
19497,9255829,9256038,209,mRNA
19498,9255089,9255709,620,mRNA
19499,9254651,9255022,371,mRNA
19500,9254481,9254588,107,mRNA
19501,9254275,9254415,140,mRNA
19502,9253836,9254207,371,mRNA
19503,9283828,9283848,20,CDS
19504,9267655,9267976,321,CDS
19505,9265490,9266028,538,CDS
19506,9258840,9260144,1304,CDS
19507,9255513,9255709,196,CDS
19508,9255089,9255443,354,CDS
19509,9254651,9255022,371,CDS
19510,9254481,9254588,107,CDS
19511,9254275,9254415,140,CDS
19512,9254064,9254207,143,CDS
19513,9283828,9283848,20,CDS
19514,9267655,9267976,321,CDS
19515,9265490,9266028,538,CDS
19516,9258840,9260144,1304,CDS
19517,9255089,9255709,620,CDS
19518,9254651,9255022,371,CDS
19519,9254481,9254588,107,CDS
19520,9254275,9254415,140,CDS
19521,9254064,9254207,143,CDS
19522,9283828,9283848,20,CDS
19523,9267655,9267976,321,CDS
19524,9265490,9266028,538,CDS
19525,9258840,9260144,1304,CDS
19526,9255829,9256038,209,CDS
19527,9255089,9255709,620,CDS
19528,9254651,9255022,371,CDS
19529,9254481,9254588,107,CDS
19530,9254275,9254415,140,CDS
19531,9254064,9254207,143,CDS
19532,9283828,9283848,20,CDS
19533,9267655,9267976,321,CDS
19534,9265490,9266028,538,CDS
19535,9258840,9260144,1304,CDS
19536,9257410,9257673,263,CDS
19537,9255089,9255709,620,CDS
19538,9254651,9255022,371,CDS
19539,9254481,9254588,107,CDS
19540,9254275,9254415,140,CDS
19541,9254064,9254207,143,CDS
19542,9283828,9283848,20,CDS
19543,9267655,9267976,321,CDS
19544,9265490,9266028,538,CDS
19545,9258840,9260144,1304,CDS
19546,9257410,9257679,269,CDS
19547,9255089,9255709,620,CDS
19548,9254651,9255022,371,CDS
19549,9254481,9254588,107,CDS
19550,9254275,9254415,140,CDS
19551,9254064,9254207,143,CDS
19552,9283828,9283848,20,CDS
19553,9267655,9267976,321,CDS
19554,9265490,9266028,538,CDS
19555,9258840,9260144,1304,CDS
19556,9257410,9258060,650,CDS
19557,9255089,9255709,620,CDS
19558,9254651,9255022,371,CDS
19559,9254481,9254588,107,CDS
19560,9254275,9254415,140,CDS
19561,9254064,9254207,143,CDS
19562,9283828,9283848,20,CDS
19563,9267655,9267976,321,CDS
19564,9265490,9266028,538,CDS
19565,9258840,9260144,1304,CDS
19566,9257410,9258060,650,CDS
19567,9255829,9256038,209,CDS
19568,9255089,9255709,620,CDS
19569,9254651,9255022,371,CDS
19570,9254481,9254588,107,CDS
19571,9254275,9254415,140,CDS
19572,9254064,9254207,143,CDS
19573,9271985,9272050,65,CDS
19574,9267655,9267976,321,CDS
19575,9265490,9266028,538,CDS
19576,9258840,9260144,1304,CDS
19577,9255089,9255709,620,CDS
19578,9254651,9255022,371,CDS
19579,9254481,9254588,107,CDS
19580,9254275,9254415,140,CDS
19581,9254064,9254207,143,CDS
19582,9271985,9272050,65,CDS
19583,9267655,9267976,321,CDS
19584,9265490,9266028,538,CDS
19585,9258840,9260144,1304,CDS
19586,9255829,9256038,209,CDS
19587,9255089,9255709,620,CDS
19588,9254651,9255022,371,CDS
19589,9254481,9254588,107,CDS
19590,9254275,9254415,140,CDS
19591,9254064,9254207,143,CDS
19592,9271985,9272050,65,CDS
19593,9267655,9267976,321,CDS
19594,9265490,9266028,538,CDS
19595,9258840,9260144,1304,CDS
19596,9255829,9256038,209,CDS
19597,9255089,9255709,620,CDS
19598,9254651,9255022,371,CDS
19599,9254481,9254588,107,CDS
19600,9254275,9254415,140,CDS
19601,9254064,9254207,143,CDS
19602,9271985,9272050,65,CDS
19603,9267655,9267976,321,CDS
19604,9265490,9266028,538,CDS
19605,9258840,9260144,1304,CDS
19606,9257410,9258060,650,CDS
19607,9255089,9255709,620,CDS
19608,9254651,9255022,371,CDS
19609,9254481,9254588,107,CDS
19610,9254275,9254415,140,CDS
19611,9254064,9254207,143,CDS
19612,9268369,9268671,302,CDS
19613,9267655,9267976,321,CDS
19614,9265490,9266028,538,CDS
19615,9258840,9260144,1304,CDS
19616,9255089,9255709,620,CDS
19617,9254651,9255022,371,CDS
19618,9254481,9254588,107,CDS
19619,9254275,9254415,140,CDS
19620,9254064,9254207,143,CDS
19621,9268369,9268671,302,CDS
19622,9267655,9267976,321,CDS
19623,9265490,9266028,538,CDS
19624,9258840,9260144,1304,CDS
19625,9255829,9256038,209,CDS
19626,9255089,9255709,620,CDS
19627,9254651,9255022,371,CDS
19628,9254481,9254588,107,CDS
19629,9254275,9254415,140,CDS
19630,9254064,9254207,143,CDS
19631,9268369,9268671,302,CDS
19632,9267655,9267976,321,CDS
19633,9265490,9266028,538,CDS
19634,9258840,9260144,1304,CDS
19635,9255829,9256038,209,CDS
19636,9255089,9255709,620,CDS
19637,9254651,9255022,371,CDS
19638,9254481,9254588,107,CDS
19639,9254275,9254415,140,CDS
19640,9254064,9254207,143,CDS
19641,9268369,9268671,302,CDS
19642,9267655,9267976,321,CDS
19643,9265490,9266028,538,CDS
19644,9258840,9260144,1304,CDS
19645,9257410,9258060,650,CDS
19646,9255089,9255709,620,CDS
19647,9254651,9255022,371,CDS
19648,9254481,9254588,107,CDS
19649,9254275,9254415,140,CDS
19650,9254064,9254207,143,CDS
19651,9256111,9256287,176,CDS
19652,9255829,9256038,209,CDS
19653,9255089,9255709,620,CDS
19654,9254651,9255022,371,CDS
19655,9254481,9254588,107,CDS
19656,9254275,9254415,140,CDS
19657,9254064,9254207,143,CDS
19658,9260278,9263971,3693,gene
19659,9263781,9263971,190,mRNA
19660,9262657,9263034,377,mRNA
19661,9262170,9262598,428,mRNA
19662,9260278,9262113,1835,mRNA
19663,9263781,9263971,190,mRNA
19664,9262653,9263034,381,mRNA
19665,9262170,9262594,424,mRNA
19666,9260278,9262113,1835,mRNA
19667,9263781,9263971,190,mRNA
19668,9262657,9263130,473,mRNA
19669,9262170,9262598,428,mRNA
19670,9260278,9262113,1835,mRNA
19671,9262657,9263096,439,mRNA
19672,9262170,9262598,428,mRNA
19673,9260278,9262113,1835,mRNA
19674,9262657,9262881,224,CDS
19675,9262170,9262598,428,CDS
19676,9260500,9262113,1613,CDS
19677,9262657,9262881,224,CDS
19678,9262170,9262598,428,CDS
19679,9260500,9262113,1613,CDS
19680,9262657,9262881,224,CDS
19681,9262170,9262598,428,CDS
19682,9260500,9262113,1613,CDS
19683,9262653,9262881,228,CDS
19684,9262170,9262594,424,CDS
19685,9260500,9262113,1613,CDS
19686,9284845,9285594,749,gene
19687,9284845,9285195,350,ncRNA
19688,9285424,9285594,170,ncRNA
19689,9285310,9286634,1324,gene
19690,9286415,9286634,219,mRNA
19691,9285603,9286348,745,mRNA
19692,9285310,9285538,228,mRNA
19693,9286415,9286507,92,CDS
19694,9285603,9286348,745,CDS
19695,9285400,9285538,138,CDS
19696,9286827,9289026,2199,gene
19697,9286827,9286937,110,mRNA
19698,9286996,9287627,631,mRNA
19699,9287683,9289026,1343,mRNA
19700,9286827,9286937,110,mRNA
19701,9286996,9287627,631,mRNA
19702,9287683,9287903,220,mRNA
19703,9287963,9289026,1063,mRNA
19704,9286848,9286937,89,CDS
19705,9286996,9287627,631,CDS
19706,9287683,9287903,220,CDS
19707,9287963,9288912,949,CDS
19708,9286848,9286937,89,CDS
19709,9286996,9287627,631,CDS
19710,9287683,9287962,279,CDS
19711,9288957,9291565,2608,gene
19712,9291337,9291565,228,mRNA
19713,9290226,9291280,1054,mRNA
19714,9289361,9290172,811,mRNA
19715,9288957,9289299,342,mRNA
19716,9291337,9291457,120,CDS
19717,9290226,9291280,1054,CDS
19718,9289361,9290172,811,CDS
19719,9289095,9289299,204,CDS
19720,9291856,9302821,10965,gene
19721,9291856,9292869,1013,mRNA
19722,9297266,9297536,270,mRNA
19723,9298267,9302210,3943,mRNA
19724,9291857,9292869,1012,mRNA
19725,9297266,9297536,270,mRNA
19726,9298267,9302821,4554,mRNA
19727,9292858,9292869,11,CDS
19728,9297266,9297536,270,CDS
19729,9298267,9299432,1165,CDS
19730,9292858,9292869,11,CDS
19731,9297266,9297536,270,CDS
19732,9298267,9299432,1165,CDS
19733,9293609,9293682,73,mRNA
19734,9297266,9297536,270,mRNA
19735,9298267,9299748,1481,mRNA
19736,9293626,9293682,56,CDS
19737,9297266,9297536,270,CDS
19738,9298267,9299432,1165,CDS
19739,9294795,9295782,987,mRNA
19740,9297266,9297536,270,mRNA
19741,9298267,9302210,3943,mRNA
19742,9295570,9295782,212,CDS
19743,9297266,9297536,270,CDS
19744,9298267,9299432,1165,CDS
19745,9302823,9308722,5899,gene
19746,9307269,9308722,1453,mRNA
19747,9305467,9305756,289,mRNA
19748,9305234,9305402,168,mRNA
19749,9304974,9305160,186,mRNA
19750,9302823,9304335,1512,mRNA
19751,9307269,9308722,1453,mRNA
19752,9305467,9305756,289,mRNA
19753,9305234,9305402,168,mRNA
19754,9304974,9305160,186,mRNA
19755,9303678,9304335,657,mRNA
19756,9307269,9308388,1119,mRNA
19757,9305467,9305756,289,mRNA
19758,9305234,9305402,168,mRNA
19759,9304974,9305160,186,mRNA
19760,9303678,9304335,657,mRNA
19761,9307269,9307794,525,CDS
19762,9305467,9305756,289,CDS
19763,9305234,9305402,168,CDS
19764,9304974,9305160,186,CDS
19765,9303894,9304335,441,CDS
19766,9307269,9307794,525,CDS
19767,9305467,9305756,289,CDS
19768,9305234,9305402,168,CDS
19769,9304974,9305160,186,CDS
19770,9303894,9304335,441,CDS
19771,9307269,9307794,525,CDS
19772,9305467,9305756,289,CDS
19773,9305234,9305402,168,CDS
19774,9304974,9305160,186,CDS
19775,9303894,9304335,441,CDS
19776,9309296,9389467,80171,gene
19777,9387782,9389467,1685,mRNA
19778,9373178,9374597,1419,mRNA
19779,9372379,9373063,684,mRNA
19780,9372202,9372307,105,mRNA
19781,9371565,9371711,146,mRNA
19782,9370442,9370517,75,mRNA
19783,9370249,9370378,129,mRNA
19784,9309296,9312745,3449,mRNA
19785,9387782,9388254,472,mRNA
19786,9373178,9374597,1419,mRNA
19787,9372379,9373063,684,mRNA
19788,9372202,9372307,105,mRNA
19789,9371565,9371711,146,mRNA
19790,9370442,9370517,75,mRNA
19791,9370249,9370378,129,mRNA
19792,9309296,9312745,3449,mRNA
19793,9309296,9351655,42359,gene
19794,9351409,9351655,246,mRNA
19795,9350672,9351173,501,mRNA
19796,9317293,9321210,3917,mRNA
19797,9309296,9312745,3449,mRNA
19798,9310329,9313237,2908,gene
19799,9310329,9313237,2908,ncRNA
19800,9373178,9374236,1058,CDS
19801,9372379,9373063,684,CDS
19802,9372202,9372307,105,CDS
19803,9371565,9371711,146,CDS
19804,9370442,9370517,75,CDS
19805,9370249,9370378,129,CDS
19806,9312621,9312745,124,CDS
19807,9373178,9374236,1058,CDS
19808,9372379,9373063,684,CDS
19809,9372202,9372307,105,CDS
19810,9371565,9371711,146,CDS
19811,9370442,9370517,75,CDS
19812,9370249,9370378,129,CDS
19813,9312621,9312745,124,CDS
19814,9313023,9313116,93,gene
19815,9313023,9313116,93,precursor_RNA
19816,9313039,9313058,19,ncRNA
19817,9313079,9313102,23,ncRNA
19818,9317541,9320168,2627,CDS
19819,9345349,9348863,3514,gene
19820,9345349,9346504,1155,mRNA
19821,9346559,9348863,2304,mRNA
19822,9345422,9346504,1082,CDS
19823,9346559,9346612,53,CDS
19824,9352280,9361370,9090,mobile_element
19825,9362574,9362906,332,gene
19826,9362836,9362906,70,mRNA
19827,9362574,9362781,207,mRNA
19828,9362836,9362889,53,CDS
19829,9362650,9362781,131,CDS
19830,9390165,9395281,5116,gene
19831,9390165,9390704,539,mRNA
19832,9390844,9390904,60,mRNA
19833,9390966,9391051,85,mRNA
19834,9391112,9391420,308,mRNA
19835,9391477,9391685,208,mRNA
19836,9391746,9393283,1537,mRNA
19837,9393344,9393804,460,mRNA
19838,9393863,9394128,265,mRNA
19839,9394189,9395118,929,mRNA
19840,9395183,9395281,98,mRNA
19841,9390165,9390409,244,mRNA
19842,9390498,9390704,206,mRNA
19843,9390844,9390904,60,mRNA
19844,9390966,9391051,85,mRNA
19845,9391112,9391420,308,mRNA
19846,9391477,9391685,208,mRNA
19847,9391746,9393283,1537,mRNA
19848,9393344,9393804,460,mRNA
19849,9393863,9394128,265,mRNA
19850,9394189,9395118,929,mRNA
19851,9395183,9395281,98,mRNA
19852,9390370,9390409,39,CDS
19853,9390498,9390704,206,CDS
19854,9390844,9390904,60,CDS
19855,9390966,9391051,85,CDS
19856,9391112,9391420,308,CDS
19857,9391477,9391685,208,CDS
19858,9391746,9393283,1537,CDS
19859,9393344,9393804,460,CDS
19860,9393863,9394128,265,CDS
19861,9394189,9395118,929,CDS
19862,9395183,9395200,17,CDS
19863,9390458,9390704,246,CDS
19864,9390844,9390904,60,CDS
19865,9390966,9391051,85,CDS
19866,9391112,9391420,308,CDS
19867,9391477,9391685,208,CDS
19868,9391746,9393283,1537,CDS
19869,9393344,9393804,460,CDS
19870,9393863,9394128,265,CDS
19871,9394189,9395118,929,CDS
19872,9395183,9395200,17,CDS
19873,9395330,9396206,876,gene
19874,9395929,9396206,277,mRNA
19875,9395753,9395864,111,mRNA
19876,9395330,9395698,368,mRNA
19877,9395929,9396080,151,CDS
19878,9395753,9395864,111,CDS
19879,9395396,9395698,302,CDS
19880,9396265,9398734,2469,gene
19881,9398584,9398734,150,mRNA
19882,9398184,9398458,274,mRNA
19883,9396265,9398114,1849,mRNA
19884,9398584,9398734,150,mRNA
19885,9398184,9398458,274,mRNA
19886,9396360,9398114,1754,mRNA
19887,9398584,9398631,47,CDS
19888,9398184,9398458,274,CDS
19889,9396479,9398114,1635,CDS
19890,9398584,9398631,47,CDS
19891,9398184,9398458,274,CDS
19892,9396479,9398114,1635,CDS
19893,9399080,9399899,819,gene
19894,9399080,9399899,819,mRNA
19895,9399089,9399754,665,CDS
19896,9399753,9400329,576,gene
19897,9400257,9400329,72,mRNA
19898,9399948,9400068,120,mRNA
19899,9399753,9399868,115,mRNA
19900,9399948,9400048,100,CDS
19901,9399847,9399868,21,CDS
19902,9400531,9413463,12932,gene
19903,9413225,9413463,238,mRNA
19904,9409213,9409653,440,mRNA
19905,9404307,9404458,151,mRNA
19906,9403707,9403925,218,mRNA
19907,9402656,9402835,179,mRNA
19908,9402409,9402585,176,mRNA
19909,9400531,9401148,617,mRNA
19910,9409213,9409492,279,mRNA
19911,9404307,9404458,151,mRNA
19912,9403707,9403925,218,mRNA
19913,9402656,9402835,179,mRNA
19914,9402409,9402585,176,mRNA
19915,9400531,9401148,617,mRNA
19916,9409213,9409510,297,CDS
19917,9404307,9404458,151,CDS
19918,9403707,9403925,218,CDS
19919,9402656,9402835,179,CDS
19920,9402409,9402585,176,CDS
19921,9401035,9401148,113,CDS
19922,9409213,9409273,60,CDS
19923,9404307,9404458,151,CDS
19924,9403707,9403925,218,CDS
19925,9402656,9402835,179,CDS
19926,9402409,9402585,176,CDS
19927,9401035,9401148,113,CDS
19928,9401362,9401450,88,mobile_element
19929,9413225,9413463,238,mRNA
19930,9409213,9409653,440,mRNA
19931,9404307,9404458,151,mRNA
19932,9403707,9403925,218,mRNA
19933,9402656,9402835,179,mRNA
19934,9402409,9402585,176,mRNA
19935,9402080,9402234,154,mRNA
19936,9409213,9409510,297,CDS
19937,9404307,9404458,151,CDS
19938,9403707,9403925,218,CDS
19939,9402656,9402835,179,CDS
19940,9402409,9402585,176,CDS
19941,9402166,9402234,68,CDS
19942,9414342,9417846,3504,gene
19943,9414342,9415361,1019,mRNA
19944,9416402,9416796,394,mRNA
19945,9416858,9417082,224,mRNA
19946,9417156,9417335,179,mRNA
19947,9417395,9417571,176,mRNA
19948,9417633,9417846,213,mRNA
19949,9414342,9415361,1019,mRNA
19950,9416645,9416796,151,mRNA
19951,9416858,9417082,224,mRNA
19952,9417156,9417335,179,mRNA
19953,9417395,9417571,176,mRNA
19954,9417633,9417846,213,mRNA
19955,9415061,9415361,300,CDS
19956,9416645,9416796,151,CDS
19957,9416858,9417082,224,CDS
19958,9417156,9417335,179,CDS
19959,9417395,9417571,176,CDS
19960,9417633,9417650,17,CDS
19961,9416656,9416796,140,CDS
19962,9416858,9417082,224,CDS
19963,9417156,9417335,179,CDS
19964,9417395,9417571,176,CDS
19965,9417633,9417650,17,CDS
19966,9420877,9420946,69,mobile_element
19967,9421972,9423688,1716,gene
19968,9423327,9423688,361,mRNA
19969,9422966,9423268,302,mRNA
19970,9422656,9422878,222,mRNA
19971,9421972,9422576,604,mRNA
19972,9423327,9423622,295,CDS
19973,9422966,9423268,302,CDS
19974,9422656,9422878,222,CDS
19975,9422418,9422576,158,CDS
19976,9424087,9426107,2020,gene
19977,9424087,9424266,179,mRNA
19978,9424329,9424460,131,mRNA
19979,9424539,9424915,376,mRNA
19980,9425247,9426107,860,mRNA
19981,9424087,9424266,179,mRNA
19982,9424332,9424460,128,mRNA
19983,9424539,9424915,376,mRNA
19984,9425247,9426107,860,mRNA
19985,9424601,9424915,314,CDS
19986,9425247,9425642,395,CDS
19987,9424601,9424915,314,CDS
19988,9425247,9425642,395,CDS
19989,9426439,9434638,8199,gene
19990,9426439,9427373,934,mRNA
19991,9431971,9432178,207,mRNA
19992,9432235,9432425,190,mRNA
19993,9432490,9433064,574,mRNA
19994,9433130,9433228,98,mRNA
19995,9434207,9434638,431,mRNA
19996,9426439,9427373,934,mRNA
19997,9431971,9432178,207,mRNA
19998,9432235,9432425,190,mRNA
19999,9432490,9433064,574,mRNA
20000,9433130,9433228,98,mRNA
20001,9434354,9434638,284,mRNA
20002,9426439,9427373,934,mRNA
20003,9431971,9432178,207,mRNA
20004,9432235,9432425,190,mRNA
20005,9432490,9433064,574,mRNA
20006,9433130,9433952,822,mRNA
20007,9426439,9427373,934,mRNA
20008,9431971,9432178,207,mRNA
20009,9432235,9432425,190,mRNA
20010,9432490,9433064,574,mRNA
20011,9433130,9433300,170,mRNA
20012,9427250,9427373,123,CDS
20013,9431971,9432178,207,CDS
20014,9432235,9432425,190,CDS
20015,9432490,9433064,574,CDS
20016,9433130,9433228,98,CDS
20017,9434354,9434425,71,CDS
20018,9427250,9427373,123,CDS
20019,9431971,9432178,207,CDS
20020,9432235,9432425,190,CDS
20021,9432490,9433064,574,CDS
20022,9433130,9433228,98,CDS
20023,9434207,9434257,50,CDS
20024,9427250,9427373,123,CDS
20025,9431971,9432178,207,CDS
20026,9432235,9432425,190,CDS
20027,9432490,9433064,574,CDS
20028,9433130,9433273,143,CDS
20029,9427250,9427373,123,CDS
20030,9431971,9432178,207,CDS
20031,9432235,9432425,190,CDS
20032,9432490,9433064,574,CDS
20033,9433130,9433273,143,CDS
20034,9434669,9444937,10268,gene
20035,9444673,9444937,264,mRNA
20036,9437420,9437732,312,mRNA
20037,9436362,9436798,436,mRNA
20038,9436051,9436292,241,mRNA
20039,9435586,9435993,407,mRNA
20040,9435394,9435524,130,mRNA
20041,9434669,9435334,665,mRNA
20042,9441507,9441566,59,mRNA
20043,9437420,9437732,312,mRNA
20044,9436362,9436798,436,mRNA
20045,9436051,9436292,241,mRNA
20046,9435586,9435993,407,mRNA
20047,9435394,9435524,130,mRNA
20048,9434669,9435334,665,mRNA
20049,9441192,9441566,374,mRNA
20050,9437420,9437732,312,mRNA
20051,9436362,9436798,436,mRNA
20052,9436051,9436292,241,mRNA
20053,9435586,9435993,407,mRNA
20054,9435394,9435524,130,mRNA
20055,9434669,9435325,656,mRNA
20056,9441192,9441566,374,mRNA
20057,9437420,9437732,312,mRNA
20058,9436362,9436798,436,mRNA
20059,9436051,9436292,241,mRNA
20060,9435586,9435993,407,mRNA
20061,9435394,9435524,130,mRNA
20062,9434669,9435334,665,mRNA
20063,9440702,9440886,184,mRNA
20064,9437420,9437732,312,mRNA
20065,9436362,9436798,436,mRNA
20066,9436051,9436292,241,mRNA
20067,9435586,9435993,407,mRNA
20068,9435394,9435524,130,mRNA
20069,9434669,9435334,665,mRNA
20070,9444673,9444683,10,CDS
20071,9437420,9437732,312,CDS
20072,9436362,9436798,436,CDS
20073,9436051,9436292,241,CDS
20074,9435586,9435993,407,CDS
20075,9435394,9435524,130,CDS
20076,9435275,9435334,59,CDS
20077,9437420,9437695,275,CDS
20078,9436362,9436798,436,CDS
20079,9436051,9436292,241,CDS
20080,9435586,9435993,407,CDS
20081,9435394,9435524,130,CDS
20082,9435275,9435325,50,CDS
20083,9437420,9437695,275,CDS
20084,9436362,9436798,436,CDS
20085,9436051,9436292,241,CDS
20086,9435586,9435993,407,CDS
20087,9435394,9435524,130,CDS
20088,9435275,9435334,59,CDS
20089,9437420,9437695,275,CDS
20090,9436362,9436798,436,CDS
20091,9436051,9436292,241,CDS
20092,9435586,9435993,407,CDS
20093,9435394,9435524,130,CDS
20094,9435275,9435334,59,CDS
20095,9437420,9437695,275,CDS
20096,9436362,9436798,436,CDS
20097,9436051,9436292,241,CDS
20098,9435586,9435993,407,CDS
20099,9435394,9435524,130,CDS
20100,9435275,9435334,59,CDS
20101,9445444,9445794,350,gene
20102,9445444,9445794,350,ncRNA
20103,9446046,9480076,34030,gene
20104,9446046,9446511,465,mRNA
20105,9449086,9449684,598,mRNA
20106,9449746,9450274,528,mRNA
20107,9466872,9466963,91,mRNA
20108,9469847,9469914,67,mRNA
20109,9470029,9470164,135,mRNA
20110,9471276,9471347,71,mRNA
20111,9471421,9471565,144,mRNA
20112,9471701,9471756,55,mRNA
20113,9471819,9473165,1346,mRNA
20114,9473235,9474200,965,mRNA
20115,9474262,9474860,598,mRNA
20116,9474924,9475037,113,mRNA
20117,9475095,9475204,109,mRNA
20118,9475309,9475425,116,mRNA
20119,9476101,9476168,67,mRNA
20120,9476226,9476998,772,mRNA
20121,9477063,9477137,74,mRNA
20122,9477374,9477487,113,mRNA
20123,9477543,9478090,547,mRNA
20124,9446046,9446511,465,mRNA
20125,9449086,9449684,598,mRNA
20126,9449746,9450274,528,mRNA
20127,9466872,9466963,91,mRNA
20128,9469847,9469914,67,mRNA
20129,9470029,9470164,135,mRNA
20130,9471276,9471347,71,mRNA
20131,9471421,9471565,144,mRNA
20132,9471701,9471756,55,mRNA
20133,9471819,9473165,1346,mRNA
20134,9473235,9474200,965,mRNA
20135,9474262,9474860,598,mRNA
20136,9474924,9475037,113,mRNA
20137,9475095,9475204,109,mRNA
20138,9476101,9476168,67,mRNA
20139,9476226,9476998,772,mRNA
20140,9477063,9477137,74,mRNA
20141,9477374,9477487,113,mRNA
20142,9477543,9478090,547,mRNA
20143,9446046,9446511,465,mRNA
20144,9449086,9449684,598,mRNA
20145,9449746,9450274,528,mRNA
20146,9466872,9466963,91,mRNA
20147,9469847,9469914,67,mRNA
20148,9470029,9470164,135,mRNA
20149,9471276,9471347,71,mRNA
20150,9471421,9471565,144,mRNA
20151,9471701,9471756,55,mRNA
20152,9471819,9473165,1346,mRNA
20153,9473238,9474200,962,mRNA
20154,9474262,9474860,598,mRNA
20155,9474924,9475037,113,mRNA
20156,9475095,9475204,109,mRNA
20157,9476101,9476168,67,mRNA
20158,9476226,9476998,772,mRNA
20159,9477063,9477137,74,mRNA
20160,9477219,9477246,27,mRNA
20161,9477374,9477487,113,mRNA
20162,9477543,9478090,547,mRNA
20163,9446046,9446511,465,mRNA
20164,9449086,9449684,598,mRNA
20165,9449746,9450274,528,mRNA
20166,9466872,9466963,91,mRNA
20167,9469847,9469914,67,mRNA
20168,9470029,9470164,135,mRNA
20169,9471276,9471347,71,mRNA
20170,9471421,9471565,144,mRNA
20171,9471701,9471756,55,mRNA
20172,9471819,9473165,1346,mRNA
20173,9473238,9474200,962,mRNA
20174,9474262,9474860,598,mRNA
20175,9474924,9475037,113,mRNA
20176,9475095,9475204,109,mRNA
20177,9476101,9476168,67,mRNA
20178,9476226,9476998,772,mRNA
20179,9477063,9477137,74,mRNA
20180,9477374,9477487,113,mRNA
20181,9477543,9478090,547,mRNA
20182,9446433,9446511,78,CDS
20183,9449086,9449684,598,CDS
20184,9449746,9450274,528,CDS
20185,9466872,9466963,91,CDS
20186,9469847,9469914,67,CDS
20187,9470029,9470164,135,CDS
20188,9471276,9471347,71,CDS
20189,9471421,9471565,144,CDS
20190,9471701,9471756,55,CDS
20191,9471819,9473165,1346,CDS
20192,9473235,9474200,965,CDS
20193,9474262,9474860,598,CDS
20194,9474924,9475037,113,CDS
20195,9475095,9475204,109,CDS
20196,9475309,9475425,116,CDS
20197,9476101,9476168,67,CDS
20198,9476226,9476998,772,CDS
20199,9477063,9477137,74,CDS
20200,9477374,9477487,113,CDS
20201,9477543,9477618,75,CDS
20202,9446433,9446511,78,CDS
20203,9449086,9449684,598,CDS
20204,9449746,9450274,528,CDS
20205,9466872,9466963,91,CDS
20206,9469847,9469914,67,CDS
20207,9470029,9470164,135,CDS
20208,9471276,9471347,71,CDS
20209,9471421,9471565,144,CDS
20210,9471701,9471756,55,CDS
20211,9471819,9473165,1346,CDS
20212,9473235,9474200,965,CDS
20213,9474262,9474860,598,CDS
20214,9474924,9475037,113,CDS
20215,9475095,9475204,109,CDS
20216,9476101,9476168,67,CDS
20217,9476226,9476998,772,CDS
20218,9477063,9477137,74,CDS
20219,9477374,9477487,113,CDS
20220,9477543,9477618,75,CDS
20221,9446433,9446511,78,CDS
20222,9449086,9449684,598,CDS
20223,9449746,9450274,528,CDS
20224,9466872,9466963,91,CDS
20225,9469847,9469914,67,CDS
20226,9470029,9470164,135,CDS
20227,9471276,9471347,71,CDS
20228,9471421,9471565,144,CDS
20229,9471701,9471756,55,CDS
20230,9471819,9473165,1346,CDS
20231,9473238,9474200,962,CDS
20232,9474262,9474860,598,CDS
20233,9474924,9475037,113,CDS
20234,9475095,9475204,109,CDS
20235,9476101,9476168,67,CDS
20236,9476226,9476998,772,CDS
20237,9477063,9477137,74,CDS
20238,9477374,9477487,113,CDS
20239,9477543,9477618,75,CDS
20240,9446433,9446511,78,CDS
20241,9449086,9449684,598,CDS
20242,9449746,9450274,528,CDS
20243,9466872,9466963,91,CDS
20244,9469847,9469914,67,CDS
20245,9470029,9470164,135,CDS
20246,9471276,9471347,71,CDS
20247,9471421,9471565,144,CDS
20248,9471701,9471756,55,CDS
20249,9471819,9473165,1346,CDS
20250,9473238,9474200,962,CDS
20251,9474262,9474860,598,CDS
20252,9474924,9475037,113,CDS
20253,9475095,9475204,109,CDS
20254,9476101,9476168,67,CDS
20255,9476226,9476998,772,CDS
20256,9477063,9477137,74,CDS
20257,9477219,9477246,27,CDS
20258,9477374,9477487,113,CDS
20259,9452861,9452904,43,mobile_element
20260,9453409,9454055,646,gene
20261,9453861,9454055,194,mRNA
20262,9453631,9453801,170,mRNA
20263,9453409,9453579,170,mRNA
20264,9453861,9454055,194,CDS
20265,9453631,9453801,170,CDS
20266,9453409,9453579,170,CDS
20267,9454297,9454948,651,gene
20268,9454751,9454948,197,mRNA
20269,9454521,9454688,167,mRNA
20270,9454297,9454467,170,mRNA
20271,9454751,9454948,197,CDS
20272,9454521,9454688,167,CDS
20273,9454297,9454467,170,CDS
20274,9457885,9458757,872,mRNA
20275,9466872,9466963,91,mRNA
20276,9469847,9469914,67,mRNA
20277,9470029,9470164,135,mRNA
20278,9471276,9471347,71,mRNA
20279,9471421,9471565,144,mRNA
20280,9471701,9471756,55,mRNA
20281,9471819,9473165,1346,mRNA
20282,9473235,9474200,965,mRNA
20283,9474262,9474860,598,mRNA
20284,9474924,9475037,113,mRNA
20285,9475095,9475204,109,mRNA
20286,9475309,9475425,116,mRNA
20287,9476101,9476168,67,mRNA
20288,9476226,9476998,772,mRNA
20289,9477063,9477137,74,mRNA
20290,9477374,9477487,113,mRNA
20291,9477543,9478090,547,mRNA
20292,9457885,9458757,872,mRNA
20293,9466872,9466963,91,mRNA
20294,9469847,9469914,67,mRNA
20295,9470029,9470164,135,mRNA
20296,9471276,9471347,71,mRNA
20297,9471421,9471565,144,mRNA
20298,9471701,9471756,55,mRNA
20299,9471819,9473165,1346,mRNA
20300,9473235,9474200,965,mRNA
20301,9474262,9474860,598,mRNA
20302,9474924,9475037,113,mRNA
20303,9475095,9475204,109,mRNA
20304,9476101,9476168,67,mRNA
20305,9476226,9476998,772,mRNA
20306,9477063,9477137,74,mRNA
20307,9477374,9477487,113,mRNA
20308,9477543,9478090,547,mRNA
20309,9458040,9458757,717,CDS
20310,9466872,9466963,91,CDS
20311,9469847,9469914,67,CDS
20312,9470029,9470164,135,CDS
20313,9471276,9471347,71,CDS
20314,9471421,9471565,144,CDS
20315,9471701,9471756,55,CDS
20316,9471819,9473165,1346,CDS
20317,9473235,9474200,965,CDS
20318,9474262,9474860,598,CDS
20319,9474924,9475037,113,CDS
20320,9475095,9475204,109,CDS
20321,9475309,9475425,116,CDS
20322,9476101,9476168,67,CDS
20323,9476226,9476998,772,CDS
20324,9477063,9477137,74,CDS
20325,9477374,9477487,113,CDS
20326,9477543,9477618,75,CDS
20327,9458040,9458757,717,CDS
20328,9466872,9466963,91,CDS
20329,9469847,9469914,67,CDS
20330,9470029,9470164,135,CDS
20331,9471276,9471347,71,CDS
20332,9471421,9471565,144,CDS
20333,9471701,9471756,55,CDS
20334,9471819,9473165,1346,CDS
20335,9473235,9474200,965,CDS
20336,9474262,9474860,598,CDS
20337,9474924,9475037,113,CDS
20338,9475095,9475204,109,CDS
20339,9476101,9476168,67,CDS
20340,9476226,9476998,772,CDS
20341,9477063,9477137,74,CDS
20342,9477374,9477487,113,CDS
20343,9477543,9477618,75,CDS
20344,9464228,9464432,204,mRNA
20345,9466872,9466963,91,mRNA
20346,9469847,9469914,67,mRNA
20347,9470029,9470164,135,mRNA
20348,9471276,9471347,71,mRNA
20349,9471421,9471565,144,mRNA
20350,9471701,9471756,55,mRNA
20351,9471819,9473165,1346,mRNA
20352,9473238,9474200,962,mRNA
20353,9474262,9474860,598,mRNA
20354,9474924,9475037,113,mRNA
20355,9475095,9475204,109,mRNA
20356,9475309,9475425,116,mRNA
20357,9476101,9476168,67,mRNA
20358,9476226,9476998,772,mRNA
20359,9477063,9477137,74,mRNA
20360,9477374,9477487,113,mRNA
20361,9477543,9480076,2533,mRNA
20362,9464330,9464432,102,CDS
20363,9466872,9466963,91,CDS
20364,9469847,9469914,67,CDS
20365,9470029,9470164,135,CDS
20366,9471276,9471347,71,CDS
20367,9471421,9471565,144,CDS
20368,9471701,9471756,55,CDS
20369,9471819,9473165,1346,CDS
20370,9473238,9474200,962,CDS
20371,9474262,9474860,598,CDS
20372,9474924,9475037,113,CDS
20373,9475095,9475204,109,CDS
20374,9475309,9475425,116,CDS
20375,9476101,9476168,67,CDS
20376,9476226,9476998,772,CDS
20377,9477063,9477137,74,CDS
20378,9477374,9477487,113,CDS
20379,9477543,9477618,75,CDS
20380,9480132,9490604,10472,mobile_element
20381,9481758,9483162,1404,mobile_element
20382,9494166,9503188,9022,gene
20383,9494166,9495253,1087,mRNA
20384,9501371,9501588,217,mRNA
20385,9501973,9502256,283,mRNA
20386,9502322,9502509,187,mRNA
20387,9502727,9503188,461,mRNA
20388,9494166,9495253,1087,mRNA
20389,9501376,9501588,212,mRNA
20390,9501973,9502256,283,mRNA
20391,9502322,9502509,187,mRNA
20392,9502727,9503188,461,mRNA
20393,9495198,9495253,55,CDS
20394,9501371,9501588,217,CDS
20395,9501973,9502256,283,CDS
20396,9502322,9502509,187,CDS
20397,9502727,9503039,312,CDS
20398,9501396,9501588,192,CDS
20399,9501973,9502256,283,CDS
20400,9502322,9502509,187,CDS
20401,9502727,9503039,312,CDS
20402,9503765,9541565,37800,gene
20403,9503765,9503845,80,mRNA
20404,9505004,9505468,464,mRNA
20405,9507863,9508253,390,mRNA
20406,9509888,9510004,116,mRNA
20407,9510221,9510654,433,mRNA
20408,9510832,9511078,246,mRNA
20409,9511144,9511199,55,mRNA
20410,9522938,9524293,1355,mRNA
20411,9527288,9527377,89,mRNA
20412,9527437,9527682,245,mRNA
20413,9528139,9528627,488,mRNA
20414,9529678,9529716,38,mRNA
20415,9530090,9530206,116,mRNA
20416,9532346,9532528,182,mRNA
20417,9532664,9532984,320,mRNA
20418,9533346,9533534,188,mRNA
20419,9533802,9535568,1766,mRNA
20420,9535841,9536092,251,mRNA
20421,9536152,9536594,442,mRNA
20422,9536805,9536939,134,mRNA
20423,9537013,9537076,63,mRNA
20424,9537139,9541565,4426,mRNA
20425,9503765,9503845,80,mRNA
20426,9505004,9505468,464,mRNA
20427,9509888,9510004,116,mRNA
20428,9510221,9510654,433,mRNA
20429,9510832,9511078,246,mRNA
20430,9511144,9511199,55,mRNA
20431,9527288,9527377,89,mRNA
20432,9527437,9527682,245,mRNA
20433,9528139,9528633,494,mRNA
20434,9530090,9530206,116,mRNA
20435,9533802,9535568,1766,mRNA
20436,9535841,9536092,251,mRNA
20437,9536152,9536594,442,mRNA
20438,9536805,9536939,134,mRNA
20439,9537013,9537076,63,mRNA
20440,9537139,9541565,4426,mRNA
20441,9503765,9503845,80,mRNA
20442,9505004,9505468,464,mRNA
20443,9507863,9508253,390,mRNA
20444,9508927,9509170,243,mRNA
20445,9509888,9510004,116,mRNA
20446,9510221,9510654,433,mRNA
20447,9510832,9511078,246,mRNA
20448,9511144,9511199,55,mRNA
20449,9527288,9527377,89,mRNA
20450,9527437,9527682,245,mRNA
20451,9528139,9528627,488,mRNA
20452,9529678,9529716,38,mRNA
20453,9530090,9530206,116,mRNA
20454,9532346,9532528,182,mRNA
20455,9532664,9532984,320,mRNA
20456,9533346,9533534,188,mRNA
20457,9533802,9535568,1766,mRNA
20458,9535841,9536092,251,mRNA
20459,9536152,9536594,442,mRNA
20460,9536805,9536939,134,mRNA
20461,9537013,9537076,63,mRNA
20462,9537139,9540447,3308,mRNA
20463,9503765,9503845,80,mRNA
20464,9505004,9505468,464,mRNA
20465,9507863,9508253,390,mRNA
20466,9509888,9510004,116,mRNA
20467,9510221,9510654,433,mRNA
20468,9510832,9511078,246,mRNA
20469,9511144,9511199,55,mRNA
20470,9527288,9527377,89,mRNA
20471,9527437,9527682,245,mRNA
20472,9528139,9528627,488,mRNA
20473,9529678,9529716,38,mRNA
20474,9530090,9530206,116,mRNA
20475,9532346,9532528,182,mRNA
20476,9532664,9532984,320,mRNA
20477,9533346,9533534,188,mRNA
20478,9533802,9535568,1766,mRNA
20479,9535841,9536092,251,mRNA
20480,9536152,9536594,442,mRNA
20481,9536805,9536939,134,mRNA
20482,9537013,9537076,63,mRNA
20483,9537139,9540447,3308,mRNA
20484,9503765,9503845,80,mRNA
20485,9505004,9505468,464,mRNA
20486,9507863,9508253,390,mRNA
20487,9509888,9510004,116,mRNA
20488,9510221,9510654,433,mRNA
20489,9510832,9511078,246,mRNA
20490,9511144,9511199,55,mRNA
20491,9527288,9527377,89,mRNA
20492,9527446,9527682,236,mRNA
20493,9528139,9528627,488,mRNA
20494,9528971,9529003,32,mRNA
20495,9530090,9530206,116,mRNA
20496,9532346,9532528,182,mRNA
20497,9532664,9532984,320,mRNA
20498,9533346,9533534,188,mRNA
20499,9533802,9535568,1766,mRNA
20500,9535841,9536092,251,mRNA
20501,9536152,9536594,442,mRNA
20502,9536805,9536939,134,mRNA
20503,9537013,9537076,63,mRNA
20504,9537139,9537475,336,mRNA
20505,9503765,9503845,80,mRNA
20506,9505004,9505468,464,mRNA
20507,9507863,9508253,390,mRNA
20508,9509888,9510004,116,mRNA
20509,9510221,9510654,433,mRNA
20510,9510832,9511078,246,mRNA
20511,9511144,9511199,55,mRNA
20512,9527288,9527377,89,mRNA
20513,9527446,9527682,236,mRNA
20514,9528139,9528627,488,mRNA
20515,9530090,9530206,116,mRNA
20516,9532346,9532528,182,mRNA
20517,9532664,9532984,320,mRNA
20518,9533802,9535568,1766,mRNA
20519,9535841,9536092,251,mRNA
20520,9536152,9536594,442,mRNA
20521,9536805,9536939,134,mRNA
20522,9537013,9537076,63,mRNA
20523,9537139,9537475,336,mRNA
20524,9503765,9503845,80,mRNA
20525,9505004,9505468,464,mRNA
20526,9509888,9510004,116,mRNA
20527,9510221,9510654,433,mRNA
20528,9510832,9511078,246,mRNA
20529,9511144,9511199,55,mRNA
20530,9527288,9527377,89,mRNA
20531,9527437,9527682,245,mRNA
20532,9528139,9528627,488,mRNA
20533,9529678,9529716,38,mRNA
20534,9530090,9530206,116,mRNA
20535,9532346,9532528,182,mRNA
20536,9532664,9532984,320,mRNA
20537,9533346,9533534,188,mRNA
20538,9533802,9535568,1766,mRNA
20539,9535841,9536092,251,mRNA
20540,9536152,9536594,442,mRNA
20541,9536805,9536939,134,mRNA
20542,9537013,9537076,63,mRNA
20543,9537139,9537475,336,mRNA
20544,9508118,9508253,135,CDS
20545,9509888,9510004,116,CDS
20546,9510221,9510654,433,CDS
20547,9510832,9511078,246,CDS
20548,9511144,9511199,55,CDS
20549,9522938,9524293,1355,CDS
20550,9527288,9527377,89,CDS
20551,9527437,9527682,245,CDS
20552,9528139,9528627,488,CDS
20553,9529678,9529716,38,CDS
20554,9530090,9530206,116,CDS
20555,9532346,9532528,182,CDS
20556,9532664,9532984,320,CDS
20557,9533346,9533534,188,CDS
20558,9533802,9535568,1766,CDS
20559,9535841,9536092,251,CDS
20560,9536152,9536594,442,CDS
20561,9536805,9536939,134,CDS
20562,9537013,9537076,63,CDS
20563,9537139,9537174,35,CDS
20564,9508118,9508253,135,CDS
20565,9509888,9510004,116,CDS
20566,9510221,9510654,433,CDS
20567,9510832,9511078,246,CDS
20568,9511144,9511199,55,CDS
20569,9527288,9527377,89,CDS
20570,9527437,9527682,245,CDS
20571,9528139,9528627,488,CDS
20572,9529678,9529716,38,CDS
20573,9530090,9530206,116,CDS
20574,9532346,9532528,182,CDS
20575,9532664,9532984,320,CDS
20576,9533346,9533534,188,CDS
20577,9533802,9535568,1766,CDS
20578,9535841,9536092,251,CDS
20579,9536152,9536594,442,CDS
20580,9536805,9536939,134,CDS
20581,9537013,9537076,63,CDS
20582,9537139,9537174,35,CDS
20583,9508118,9508253,135,CDS
20584,9509888,9510004,116,CDS
20585,9510221,9510654,433,CDS
20586,9510832,9511078,246,CDS
20587,9511144,9511199,55,CDS
20588,9527288,9527377,89,CDS
20589,9527446,9527682,236,CDS
20590,9528139,9528627,488,CDS
20591,9528971,9529003,32,CDS
20592,9530090,9530206,116,CDS
20593,9532346,9532528,182,CDS
20594,9532664,9532984,320,CDS
20595,9533346,9533534,188,CDS
20596,9533802,9535568,1766,CDS
20597,9535841,9536092,251,CDS
20598,9536152,9536594,442,CDS
20599,9536805,9536939,134,CDS
20600,9537013,9537076,63,CDS
20601,9537139,9537174,35,CDS
20602,9508118,9508253,135,CDS
20603,9509888,9510004,116,CDS
20604,9510221,9510654,433,CDS
20605,9510832,9511078,246,CDS
20606,9511144,9511199,55,CDS
20607,9527288,9527377,89,CDS
20608,9527446,9527682,236,CDS
20609,9528139,9528627,488,CDS
20610,9530090,9530206,116,CDS
20611,9532346,9532528,182,CDS
20612,9532664,9532984,320,CDS
20613,9533802,9535568,1766,CDS
20614,9535841,9536092,251,CDS
20615,9536152,9536594,442,CDS
20616,9536805,9536939,134,CDS
20617,9537013,9537076,63,CDS
20618,9537139,9537174,35,CDS
20619,9509852,9510004,152,mRNA
20620,9510221,9510654,433,mRNA
20621,9510832,9511078,246,mRNA
20622,9511144,9511199,55,mRNA
20623,9527288,9527377,89,mRNA
20624,9527437,9527682,245,mRNA
20625,9528139,9528627,488,mRNA
20626,9529678,9529716,38,mRNA
20627,9530090,9530206,116,mRNA
20628,9532346,9532528,182,mRNA
20629,9532664,9532984,320,mRNA
20630,9533346,9533534,188,mRNA
20631,9533802,9535568,1766,mRNA
20632,9535841,9536092,251,mRNA
20633,9536152,9536594,442,mRNA
20634,9536805,9536939,134,mRNA
20635,9537013,9537076,63,mRNA
20636,9537139,9537475,336,mRNA
20637,9509890,9510004,114,CDS
20638,9510221,9510654,433,CDS
20639,9510832,9511078,246,CDS
20640,9511144,9511199,55,CDS
20641,9527288,9527377,89,CDS
20642,9527437,9527682,245,CDS
20643,9528139,9528633,494,CDS
20644,9530090,9530206,116,CDS
20645,9533802,9535568,1766,CDS
20646,9535841,9536092,251,CDS
20647,9536152,9536594,442,CDS
20648,9536805,9536939,134,CDS
20649,9537013,9537076,63,CDS
20650,9537139,9537174,35,CDS
20651,9509890,9510004,114,CDS
20652,9510221,9510654,433,CDS
20653,9510832,9511078,246,CDS
20654,9511144,9511199,55,CDS
20655,9527288,9527377,89,CDS
20656,9527437,9527682,245,CDS
20657,9528139,9528627,488,CDS
20658,9529678,9529716,38,CDS
20659,9530090,9530206,116,CDS
20660,9532346,9532528,182,CDS
20661,9532664,9532984,320,CDS
20662,9533346,9533534,188,CDS
20663,9533802,9535568,1766,CDS
20664,9535841,9536092,251,CDS
20665,9536152,9536594,442,CDS
20666,9536805,9536939,134,CDS
20667,9537013,9537076,63,CDS
20668,9537139,9537174,35,CDS
20669,9509890,9510004,114,CDS
20670,9510221,9510654,433,CDS
20671,9510832,9511078,246,CDS
20672,9511144,9511199,55,CDS
20673,9527288,9527377,89,CDS
20674,9527437,9527682,245,CDS
20675,9528139,9528627,488,CDS
20676,9529678,9529716,38,CDS
20677,9530090,9530206,116,CDS
20678,9532346,9532528,182,CDS
20679,9532664,9532984,320,CDS
20680,9533346,9533534,188,CDS
20681,9533802,9535568,1766,CDS
20682,9535841,9536092,251,CDS
20683,9536152,9536594,442,CDS
20684,9536805,9536939,134,CDS
20685,9537013,9537076,63,CDS
20686,9537139,9537174,35,CDS
20687,9509890,9510004,114,CDS
20688,9510221,9510654,433,CDS
20689,9510832,9511078,246,CDS
20690,9511144,9511199,55,CDS
20691,9527288,9527377,89,CDS
20692,9527437,9527682,245,CDS
20693,9528139,9528627,488,CDS
20694,9529678,9529716,38,CDS
20695,9530090,9530206,116,CDS
20696,9532346,9532528,182,CDS
20697,9532664,9532984,320,CDS
20698,9533346,9533534,188,CDS
20699,9533802,9535568,1766,CDS
20700,9535841,9536092,251,CDS
20701,9536152,9536594,442,CDS
20702,9536805,9536939,134,CDS
20703,9537013,9537076,63,CDS
20704,9537139,9537174,35,CDS
20705,9516451,9517572,1121,mRNA
20706,9527288,9527377,89,mRNA
20707,9527446,9527682,236,mRNA
20708,9528139,9528627,488,mRNA
20709,9528971,9529003,32,mRNA
20710,9530090,9530206,116,mRNA
20711,9532346,9532528,182,mRNA
20712,9532664,9532984,320,mRNA
20713,9533802,9535568,1766,mRNA
20714,9535841,9536092,251,mRNA
20715,9536152,9536594,442,mRNA
20716,9536805,9536939,134,mRNA
20717,9537013,9537076,63,mRNA
20718,9537139,9537475,336,mRNA
20719,9517546,9517572,26,CDS
20720,9527288,9527377,89,CDS
20721,9527446,9527682,236,CDS
20722,9528139,9528627,488,CDS
20723,9528971,9529003,32,CDS
20724,9530090,9530206,116,CDS
20725,9532346,9532528,182,CDS
20726,9532664,9532984,320,CDS
20727,9533802,9535568,1766,CDS
20728,9535841,9536092,251,CDS
20729,9536152,9536594,442,CDS
20730,9536805,9536939,134,CDS
20731,9537013,9537076,63,CDS
20732,9537139,9537174,35,CDS
20733,9541947,9548135,6188,gene
20734,9546726,9546958,232,mRNA
20735,9544049,9546296,2247,mRNA
20736,9541947,9543992,2045,mRNA
20737,9547788,9548135,347,mRNA
20738,9547019,9547718,699,mRNA
20739,9546726,9546952,226,mRNA
20740,9545172,9546296,1124,mRNA
20741,9546726,9548135,1409,mRNA
20742,9545172,9546296,1124,mRNA
20743,9546726,9546958,232,mRNA
20744,9545172,9546296,1124,mRNA
20745,9546726,9546903,177,CDS
20746,9545356,9546296,940,CDS
20747,9546726,9546903,177,CDS
20748,9545356,9546296,940,CDS
20749,9546726,9546903,177,CDS
20750,9545356,9546296,940,CDS
20751,9546726,9546903,177,CDS
20752,9545356,9546296,940,CDS
20753,9552844,9553940,1096,gene
20754,9552844,9553940,1096,ncRNA
20755,9552844,9553764,920,ncRNA
20756,9553762,9553824,62,gene
20757,9553762,9553824,62,precursor_RNA
20758,9553765,9553786,21,ncRNA
20759,9553802,9553823,21,ncRNA
20760,9559255,9565190,5935,gene
20761,9559255,9565190,5935,ncRNA
20762,9559255,9565046,5791,ncRNA
20763,9559598,9561068,1470,gene
20764,9559598,9560121,523,mRNA
20765,9560180,9560367,187,mRNA
20766,9560427,9560602,175,mRNA
20767,9560660,9560758,98,mRNA
20768,9560809,9560961,152,mRNA
20769,9561018,9561068,50,mRNA
20770,9559598,9560121,523,CDS
20771,9560180,9560367,187,CDS
20772,9560427,9560602,175,CDS
20773,9560660,9560758,98,CDS
20774,9560809,9560961,152,CDS
20775,9561018,9561068,50,CDS
20776,9561638,9563871,2233,gene
20777,9561638,9561768,130,mRNA
20778,9562249,9563405,1156,mRNA
20779,9563474,9563871,397,mRNA
20780,9561699,9561768,69,CDS
20781,9562249,9563405,1156,CDS
20782,9563474,9563794,320,CDS
20783,9566146,9579007,12861,gene
20784,9578185,9579007,822,mRNA
20785,9576178,9576384,206,mRNA
20786,9575588,9576115,527,mRNA
20787,9575070,9575532,462,mRNA
20788,9573787,9575007,1220,mRNA
20789,9572918,9573700,782,mRNA
20790,9570214,9572783,2569,mRNA
20791,9568985,9570156,1171,mRNA
20792,9568563,9568922,359,mRNA
20793,9566146,9568086,1940,mRNA
20794,9578185,9579007,822,mRNA
20795,9576178,9576384,206,mRNA
20796,9575588,9576115,527,mRNA
20797,9575070,9575532,462,mRNA
20798,9573787,9575007,1220,mRNA
20799,9572918,9573700,782,mRNA
20800,9570220,9572783,2563,mRNA
20801,9568985,9570156,1171,mRNA
20802,9568563,9568922,359,mRNA
20803,9567514,9568086,572,mRNA
20804,9578185,9579007,822,mRNA
20805,9576178,9576384,206,mRNA
20806,9575588,9576115,527,mRNA
20807,9575070,9575532,462,mRNA
20808,9573787,9575007,1220,mRNA
20809,9572918,9573700,782,mRNA
20810,9570214,9572783,2569,mRNA
20811,9568985,9570156,1171,mRNA
20812,9568563,9568922,359,mRNA
20813,9567514,9568086,572,mRNA
20814,9577690,9578010,320,mRNA
20815,9576178,9576384,206,mRNA
20816,9575588,9576118,530,mRNA
20817,9575070,9575532,462,mRNA
20818,9573787,9575007,1220,mRNA
20819,9572918,9573700,782,mRNA
20820,9570214,9572783,2569,mRNA
20821,9568985,9570156,1171,mRNA
20822,9568563,9568922,359,mRNA
20823,9567514,9568086,572,mRNA
20824,9576178,9576695,517,mRNA
20825,9575588,9576118,530,mRNA
20826,9575070,9575532,462,mRNA
20827,9573787,9575007,1220,mRNA
20828,9572918,9573700,782,mRNA
20829,9570214,9572783,2569,mRNA
20830,9568985,9570156,1171,mRNA
20831,9568563,9568922,359,mRNA
20832,9567514,9568086,572,mRNA
20833,9578185,9578289,104,CDS
20834,9576178,9576384,206,CDS
20835,9575588,9576115,527,CDS
20836,9575070,9575532,462,CDS
20837,9573787,9575007,1220,CDS
20838,9572918,9573700,782,CDS
20839,9570220,9572783,2563,CDS
20840,9568985,9570156,1171,CDS
20841,9568563,9568922,359,CDS
20842,9567978,9568086,108,CDS
20843,9578185,9578289,104,CDS
20844,9576178,9576384,206,CDS
20845,9575588,9576115,527,CDS
20846,9575070,9575532,462,CDS
20847,9573787,9575007,1220,CDS
20848,9572918,9573700,782,CDS
20849,9570214,9572783,2569,CDS
20850,9568985,9570156,1171,CDS
20851,9568563,9568922,359,CDS
20852,9567978,9568086,108,CDS
20853,9578185,9578289,104,CDS
20854,9576178,9576384,206,CDS
20855,9575588,9576115,527,CDS
20856,9575070,9575532,462,CDS
20857,9573787,9575007,1220,CDS
20858,9572918,9573700,782,CDS
20859,9570214,9572783,2569,CDS
20860,9568985,9570156,1171,CDS
20861,9568563,9568922,359,CDS
20862,9567978,9568086,108,CDS
20863,9576178,9576504,326,CDS
20864,9575588,9576118,530,CDS
20865,9575070,9575532,462,CDS
20866,9573787,9575007,1220,CDS
20867,9572918,9573700,782,CDS
20868,9570214,9572783,2569,CDS
20869,9568985,9570156,1171,CDS
20870,9568563,9568922,359,CDS
20871,9567978,9568086,108,CDS
20872,9575070,9575517,447,CDS
20873,9573787,9575007,1220,CDS
20874,9572918,9573700,782,CDS
20875,9570214,9572783,2569,CDS
20876,9568985,9570156,1171,CDS
20877,9568563,9568922,359,CDS
20878,9567978,9568086,108,CDS
20879,9578185,9579007,822,mRNA
20880,9576178,9576384,206,mRNA
20881,9575588,9576115,527,mRNA
20882,9575070,9575532,462,mRNA
20883,9573787,9575007,1220,mRNA
20884,9572918,9573700,782,mRNA
20885,9570214,9572783,2569,mRNA
20886,9568985,9570156,1171,mRNA
20887,9568563,9568922,359,mRNA
20888,9568163,9568375,212,mRNA
20889,9578185,9578289,104,CDS
20890,9576178,9576384,206,CDS
20891,9575588,9576115,527,CDS
20892,9575070,9575532,462,CDS
20893,9573787,9575007,1220,CDS
20894,9572918,9573700,782,CDS
20895,9570214,9572783,2569,CDS
20896,9568985,9570156,1171,CDS
20897,9568563,9568922,359,CDS
20898,9568306,9568375,69,CDS
20899,9577427,9581847,4420,gene
20900,9577427,9577557,130,mRNA
20901,9579963,9580366,403,mRNA
20902,9580452,9580747,295,mRNA
20903,9580818,9581004,186,mRNA
20904,9581066,9581206,140,mRNA
20905,9581266,9581417,151,mRNA
20906,9581486,9581847,361,mRNA
20907,9577554,9577557,3,CDS
20908,9579963,9580366,403,CDS
20909,9580452,9580747,295,CDS
20910,9580818,9581004,186,CDS
20911,9581066,9581206,140,CDS
20912,9581266,9581417,151,CDS
20913,9581486,9581690,204,CDS
20914,9578905,9579271,366,gene
20915,9578905,9579271,366,ncRNA
20916,9579450,9579836,386,mRNA
20917,9579963,9580366,403,mRNA
20918,9580452,9580747,295,mRNA
20919,9580818,9581004,186,mRNA
20920,9581066,9581206,140,mRNA
20921,9581266,9581417,151,mRNA
20922,9581486,9581847,361,mRNA
20923,9579450,9579787,337,mRNA
20924,9579963,9580366,403,mRNA
20925,9580452,9580747,295,mRNA
20926,9580818,9581004,186,mRNA
20927,9581066,9581206,140,mRNA
20928,9581266,9581417,151,mRNA
20929,9581486,9581847,361,mRNA
20930,9579575,9579836,261,CDS
20931,9579963,9580366,403,CDS
20932,9580452,9580747,295,CDS
20933,9580818,9581004,186,CDS
20934,9581066,9581206,140,CDS
20935,9581266,9581417,151,CDS
20936,9581486,9581690,204,CDS
20937,9580118,9580366,248,CDS
20938,9580452,9580747,295,CDS
20939,9580818,9581004,186,CDS
20940,9581066,9581206,140,CDS
20941,9581266,9581417,151,CDS
20942,9581486,9581690,204,CDS
20943,9581761,9584545,2784,gene
20944,9584465,9584545,80,mRNA
20945,9583581,9584242,661,mRNA
20946,9582505,9583525,1020,mRNA
20947,9582129,9582450,321,mRNA
20948,9581761,9582073,312,mRNA
20949,9583581,9584282,701,mRNA
20950,9582505,9583525,1020,mRNA
20951,9582129,9582450,321,mRNA
20952,9581761,9582073,312,mRNA
20953,9583581,9584233,652,CDS
20954,9582505,9583525,1020,CDS
20955,9582129,9582450,321,CDS
20956,9581814,9582073,259,CDS
20957,9583581,9584233,652,CDS
20958,9582505,9583525,1020,CDS
20959,9582129,9582450,321,CDS
20960,9581814,9582073,259,CDS
20961,9584643,9586126,1483,gene
20962,9584643,9584801,158,mRNA
20963,9584928,9585671,743,mRNA
20964,9585731,9586126,395,mRNA
20965,9584787,9584801,14,CDS
20966,9584928,9585671,743,CDS
20967,9585731,9586042,311,CDS
20968,9586110,9586714,604,gene
20969,9586650,9586714,64,mRNA
20970,9586290,9586595,305,mRNA
20971,9586110,9586231,121,mRNA
20972,9586650,9586714,64,mRNA
20973,9586110,9586595,485,mRNA
20974,9586650,9586665,15,CDS
20975,9586290,9586595,305,CDS
20976,9586125,9586231,106,CDS
20977,9586650,9586665,15,CDS
20978,9586273,9586595,322,CDS
20979,9587193,9587989,796,gene
20980,9587193,9587228,35,mRNA
20981,9587447,9587706,259,mRNA
20982,9587777,9587989,212,mRNA
20983,9587235,9587338,103,mRNA
20984,9587447,9587706,259,mRNA
20985,9587777,9587989,212,mRNA
20986,9587235,9587283,48,mRNA
20987,9587447,9587706,259,mRNA
20988,9587777,9587989,212,mRNA
20989,9587483,9587706,223,CDS
20990,9587777,9587927,150,CDS
20991,9587483,9587706,223,CDS
20992,9587777,9587927,150,CDS
20993,9587483,9587706,223,CDS
20994,9587777,9587927,150,CDS
20995,9587953,9599732,11779,gene
20996,9599510,9599732,222,mRNA
20997,9597572,9598425,853,mRNA
20998,9597345,9597519,174,mRNA
20999,9597125,9597291,166,mRNA
21000,9597002,9597067,65,mRNA
21001,9596214,9596948,734,mRNA
21002,9595068,9596157,1089,mRNA
21003,9594630,9595012,382,mRNA
21004,9594389,9594570,181,mRNA
21005,9592990,9593762,772,mRNA
21006,9592747,9592926,179,mRNA
21007,9588391,9588805,414,mRNA
21008,9587953,9588330,377,mRNA
21009,9599510,9599675,165,CDS
21010,9597572,9598425,853,CDS
21011,9597345,9597519,174,CDS
21012,9597125,9597291,166,CDS
21013,9597002,9597067,65,CDS
21014,9596214,9596948,734,CDS
21015,9595068,9596157,1089,CDS
21016,9594630,9595012,382,CDS
21017,9594389,9594570,181,CDS
21018,9592990,9593762,772,CDS
21019,9592747,9592926,179,CDS
21020,9588391,9588805,414,CDS
21021,9588006,9588330,324,CDS
21022,9589050,9590443,1393,gene
21023,9589050,9589262,212,mRNA
21024,9589316,9590443,1127,mRNA
21025,9589150,9589262,112,CDS
21026,9589316,9590384,1068,CDS
21027,9590867,9592744,1877,gene
21028,9590867,9591300,433,mRNA
21029,9591365,9592744,1379,mRNA
21030,9591029,9591300,271,CDS
21031,9591365,9592415,1050,CDS
21032,9594045,9605624,11579,gene
21033,9594045,9594159,114,mRNA
21034,9603869,9604180,311,mRNA
21035,9604245,9604611,366,mRNA
21036,9604670,9605624,954,mRNA
21037,9594045,9599505,5460,gene
21038,9594045,9594159,114,mRNA
21039,9598582,9599505,923,mRNA
21040,9598584,9599450,866,CDS
21041,9599909,9601252,1343,gene
21042,9601185,9601252,67,mRNA
21043,9600502,9601131,629,mRNA
21044,9599909,9600442,533,mRNA
21045,9601185,9601211,26,CDS
21046,9600502,9601131,629,CDS
21047,9599909,9600442,533,CDS
21048,9601431,9602901,1470,gene
21049,9602562,9602901,339,mRNA
21050,9602127,9602499,372,mRNA
21051,9601431,9601740,309,mRNA
21052,9602562,9602860,298,CDS
21053,9602127,9602499,372,CDS
21054,9601486,9601740,254,CDS
21055,9603721,9604180,459,mRNA
21056,9604245,9604611,366,mRNA
21057,9604670,9605624,954,mRNA
21058,9603882,9604180,298,CDS
21059,9604245,9604611,366,CDS
21060,9604670,9604942,272,CDS
21061,9603882,9604180,298,CDS
21062,9604245,9604611,366,CDS
21063,9604670,9604942,272,CDS
21064,9605639,9605870,231,gene
21065,9605639,9605870,231,ncRNA
21066,9605988,9607184,1196,gene
21067,9605988,9606204,216,mRNA
21068,9606280,9606382,102,mRNA
21069,9606447,9606763,316,mRNA
21070,9606825,9607184,359,mRNA
21071,9606087,9606204,117,CDS
21072,9606280,9606382,102,CDS
21073,9606447,9606763,316,CDS
21074,9606825,9606973,148,CDS
21075,9607292,9608350,1058,gene
21076,9607292,9607484,192,mRNA
21077,9607536,9607638,102,mRNA
21078,9607701,9608017,316,mRNA
21079,9608077,9608350,273,mRNA
21080,9607367,9607484,117,CDS
21081,9607536,9607638,102,CDS
21082,9607701,9608017,316,CDS
21083,9608077,9608225,148,CDS
21084,9608128,9610290,2162,gene
21085,9610140,9610290,150,mRNA
21086,9609096,9609442,346,mRNA
21087,9608665,9609037,372,mRNA
21088,9608128,9608603,475,mRNA
21089,9609096,9609409,313,CDS
21090,9608665,9609037,372,CDS
21091,9608349,9608603,254,CDS
21092,9610464,9615617,5153,gene
21093,9610464,9610755,291,ncRNA
21094,9610867,9611004,137,ncRNA
21095,9614697,9615617,920,ncRNA
21096,9611139,9683858,72719,gene
21097,9682783,9683858,1075,mRNA
21098,9667673,9667774,101,mRNA
21099,9667365,9667567,202,mRNA
21100,9615363,9615503,140,mRNA
21101,9614827,9614972,145,mRNA
21102,9612894,9613759,865,mRNA
21103,9612688,9612829,141,mRNA
21104,9611139,9612618,1479,mRNA
21105,9657594,9658230,636,mRNA
21106,9615363,9615503,140,mRNA
21107,9614827,9614972,145,mRNA
21108,9612894,9613759,865,mRNA
21109,9612688,9612829,141,mRNA
21110,9611139,9612618,1479,mRNA
21111,9657594,9658230,636,mRNA
21112,9643205,9643476,271,mRNA
21113,9615363,9615503,140,mRNA
21114,9614827,9614972,145,mRNA
21115,9612894,9613759,865,mRNA
21116,9612688,9612829,141,mRNA
21117,9611139,9612618,1479,mRNA
21118,9682783,9682932,149,CDS
21119,9667673,9667774,101,CDS
21120,9667365,9667567,202,CDS
21121,9615363,9615503,140,CDS
21122,9614827,9614972,145,CDS
21123,9612894,9613759,865,CDS
21124,9612688,9612829,141,CDS
21125,9612092,9612618,526,CDS
21126,9643205,9643335,130,CDS
21127,9615363,9615503,140,CDS
21128,9614827,9614972,145,CDS
21129,9612894,9613759,865,CDS
21130,9612688,9612829,141,CDS
21131,9612092,9612618,526,CDS
21132,9615363,9615502,139,CDS
21133,9614827,9614972,145,CDS
21134,9612894,9613759,865,CDS
21135,9612688,9612829,141,CDS
21136,9612092,9612618,526,CDS
21137,9621234,9621353,119,gene
21138,9621234,9621353,119,precursor_RNA
21139,9621251,9621338,87,gene
21140,9621251,9621338,87,precursor_RNA
21141,9621261,9621283,22,ncRNA
21142,9621265,9621286,21,ncRNA
21143,9621305,9621326,21,ncRNA
21144,9621306,9621326,20,ncRNA
21145,9636996,9637673,677,gene
21146,9637574,9637673,99,ncRNA
21147,9636996,9637513,517,ncRNA
21148,9661225,9661296,71,gene
21149,9661225,9661296,71,tRNA
21150,9682729,9682773,44,mobile_element
21151,9688289,9693328,5039,gene
21152,9692282,9693328,1046,mRNA
21153,9689982,9691703,1721,mRNA
21154,9689611,9689919,308,mRNA
21155,9688289,9689553,1264,mRNA
21156,9692282,9693328,1046,mRNA
21157,9689982,9691703,1721,mRNA
21158,9689611,9689919,308,mRNA
21159,9688289,9689553,1264,mRNA
21160,9692282,9693040,758,CDS
21161,9689982,9691703,1721,CDS
21162,9689611,9689919,308,CDS
21163,9688768,9689553,785,CDS
21164,9692282,9692491,209,CDS
21165,9689982,9691703,1721,CDS
21166,9689611,9689919,308,CDS
21167,9688768,9689553,785,CDS
21168,9704384,9706147,1763,gene
21169,9704384,9704698,314,mRNA
21170,9704755,9704806,51,mRNA
21171,9704871,9705064,193,mRNA
21172,9705137,9706147,1010,mRNA
21173,9704407,9704698,291,CDS
21174,9704755,9704806,51,CDS
21175,9704871,9705064,193,CDS
21176,9705137,9705534,397,CDS
21177,9705867,9706113,246,mobile_element
21178,9706267,9707580,1313,gene
21179,9706267,9706583,316,mRNA
21180,9706640,9706691,51,mRNA
21181,9706755,9706948,193,mRNA
21182,9707021,9707580,559,mRNA
21183,9706292,9706583,291,CDS
21184,9706640,9706691,51,CDS
21185,9706755,9706948,193,CDS
21186,9707021,9707436,415,CDS
21187,9707536,9708722,1186,gene
21188,9707536,9708722,1186,mRNA
21189,9707571,9708539,968,CDS
21190,9708696,9710496,1800,gene
21191,9709931,9710496,565,ncRNA
21192,9708696,9709616,920,ncRNA
21193,9712321,9716256,3935,gene
21194,9712321,9713103,782,mRNA
21195,9713163,9713563,400,mRNA
21196,9714911,9716256,1345,mRNA
21197,9712940,9713103,163,CDS
21198,9713163,9713563,400,CDS
21199,9714911,9715083,172,CDS
21200,9716348,9748121,31773,gene
21201,9744864,9748121,3257,mRNA
21202,9723829,9723919,90,mRNA
21203,9723540,9723743,203,mRNA
21204,9721020,9721257,237,mRNA
21205,9720662,9720765,103,mRNA
21206,9719819,9719971,152,mRNA
21207,9719466,9719748,282,mRNA
21208,9719053,9719230,177,mRNA
21209,9716348,9717900,1552,mRNA
21210,9744864,9745273,409,mRNA
21211,9723829,9723919,90,mRNA
21212,9723540,9723743,203,mRNA
21213,9721020,9721257,237,mRNA
21214,9720662,9720765,103,mRNA
21215,9719819,9719971,152,mRNA
21216,9719466,9719748,282,mRNA
21217,9719053,9719230,177,mRNA
21218,9716348,9717900,1552,mRNA
21219,9744864,9744897,33,CDS
21220,9723829,9723919,90,CDS
21221,9723540,9723743,203,CDS
21222,9721020,9721257,237,CDS
21223,9720662,9720765,103,CDS
21224,9719819,9719971,152,CDS
21225,9719466,9719748,282,CDS
21226,9719053,9719230,177,CDS
21227,9716519,9717900,1381,CDS
21228,9744864,9744897,33,CDS
21229,9723829,9723919,90,CDS
21230,9723540,9723743,203,CDS
21231,9721020,9721257,237,CDS
21232,9720662,9720765,103,CDS
21233,9719819,9719971,152,CDS
21234,9719466,9719748,282,CDS
21235,9719053,9719230,177,CDS
21236,9716519,9717900,1381,CDS
21237,9744864,9745273,409,mRNA
21238,9723829,9723919,90,mRNA
21239,9723540,9723743,203,mRNA
21240,9721020,9721257,237,mRNA
21241,9720662,9720765,103,mRNA
21242,9719819,9719971,152,mRNA
21243,9719466,9719748,282,mRNA
21244,9718657,9719230,573,mRNA
21245,9744864,9744897,33,CDS
21246,9723829,9723919,90,CDS
21247,9723540,9723743,203,CDS
21248,9721020,9721257,237,CDS
21249,9720662,9720765,103,CDS
21250,9719819,9719971,152,CDS
21251,9719466,9719748,282,CDS
21252,9718997,9719230,233,CDS
21253,9726669,9734162,7493,mobile_element
21254,9748800,9749389,589,gene
21255,9748800,9748850,50,mRNA
21256,9748907,9749389,482,mRNA
21257,9748800,9748850,50,CDS
21258,9748907,9749389,482,CDS
21259,9753697,9765518,11821,gene
21260,9753697,9753977,280,mRNA
21261,9755614,9755759,145,mRNA
21262,9756038,9756183,145,mRNA
21263,9759777,9760014,237,mRNA
21264,9761412,9761554,142,mRNA
21265,9761616,9761988,372,mRNA
21266,9762042,9762276,234,mRNA
21267,9762723,9762996,273,mRNA
21268,9763058,9763450,392,mRNA
21269,9763530,9763725,195,mRNA
21270,9763789,9763953,164,mRNA
21271,9764102,9764321,219,mRNA
21272,9764377,9764713,336,mRNA
21273,9764773,9765518,745,mRNA
21274,9753697,9753852,155,mRNA
21275,9755614,9755759,145,mRNA
21276,9756038,9756183,145,mRNA
21277,9759777,9760014,237,mRNA
21278,9761412,9761554,142,mRNA
21279,9761616,9761988,372,mRNA
21280,9762042,9762276,234,mRNA
21281,9762723,9762996,273,mRNA
21282,9763058,9763450,392,mRNA
21283,9763530,9763725,195,mRNA
21284,9763789,9763953,164,mRNA
21285,9764102,9764321,219,mRNA
21286,9764377,9764713,336,mRNA
21287,9764773,9765518,745,mRNA
21288,9753697,9753839,142,mRNA
21289,9755614,9755759,145,mRNA
21290,9756038,9756183,145,mRNA
21291,9759777,9760014,237,mRNA
21292,9761412,9761554,142,mRNA
21293,9761616,9761988,372,mRNA
21294,9762042,9762276,234,mRNA
21295,9762723,9762996,273,mRNA
21296,9763058,9763450,392,mRNA
21297,9763530,9763725,195,mRNA
21298,9763789,9763953,164,mRNA
21299,9764102,9764321,219,mRNA
21300,9764377,9764713,336,mRNA
21301,9764773,9765518,745,mRNA
21302,9755730,9755759,29,CDS
21303,9756038,9756183,145,CDS
21304,9759777,9760014,237,CDS
21305,9761412,9761554,142,CDS
21306,9761616,9761988,372,CDS
21307,9762042,9762276,234,CDS
21308,9762723,9762996,273,CDS
21309,9763058,9763450,392,CDS
21310,9763530,9763725,195,CDS
21311,9763789,9763953,164,CDS
21312,9764102,9764321,219,CDS
21313,9764377,9764713,336,CDS
21314,9764773,9765397,624,CDS
21315,9755730,9755759,29,CDS
21316,9756038,9756183,145,CDS
21317,9759777,9760014,237,CDS
21318,9761412,9761554,142,CDS
21319,9761616,9761988,372,CDS
21320,9762042,9762276,234,CDS
21321,9762723,9762996,273,CDS
21322,9763058,9763450,392,CDS
21323,9763530,9763725,195,CDS
21324,9763789,9763953,164,CDS
21325,9764102,9764321,219,CDS
21326,9764377,9764713,336,CDS
21327,9764773,9765397,624,CDS
21328,9755730,9755759,29,CDS
21329,9756038,9756183,145,CDS
21330,9759777,9760014,237,CDS
21331,9761412,9761554,142,CDS
21332,9761616,9761988,372,CDS
21333,9762042,9762276,234,CDS
21334,9762723,9762996,273,CDS
21335,9763058,9763450,392,CDS
21336,9763530,9763725,195,CDS
21337,9763789,9763953,164,CDS
21338,9764102,9764321,219,CDS
21339,9764377,9764713,336,CDS
21340,9764773,9765397,624,CDS
21341,9756293,9758068,1775,gene
21342,9757815,9758068,253,mRNA
21343,9756293,9757746,1453,mRNA
21344,9757815,9758068,253,mRNA
21345,9756928,9757746,818,mRNA
21346,9757815,9757869,54,CDS
21347,9757403,9757746,343,CDS
21348,9757815,9757869,54,CDS
21349,9757403,9757746,343,CDS
21350,9766348,9767514,1166,gene
21351,9766348,9767514,1166,ncRNA
21352,9766364,9806875,40511,gene
21353,9806459,9806875,416,mRNA
21354,9793183,9793405,222,mRNA
21355,9779366,9780256,890,mRNA
21356,9776958,9777206,248,mRNA
21357,9775739,9776010,271,mRNA
21358,9772541,9772649,108,mRNA
21359,9771820,9772431,611,mRNA
21360,9769009,9769489,480,mRNA
21361,9766364,9767225,861,mRNA
21362,9779366,9779738,372,CDS
21363,9776958,9777206,248,CDS
21364,9775739,9776010,271,CDS
21365,9772541,9772649,108,CDS
21366,9771820,9772431,611,CDS
21367,9769009,9769489,480,CDS
21368,9766565,9767225,660,CDS
21369,9775110,9776370,1260,gene
21370,9775110,9775337,227,ncRNA
21371,9775395,9776370,975,ncRNA
21372,9775110,9775333,223,ncRNA
21373,9775395,9776370,975,ncRNA
21374,9788539,9791295,2756,gene
21375,9788539,9788605,66,ncRNA
21376,9788668,9791295,2627,ncRNA
21377,9788539,9788605,66,ncRNA
21378,9788668,9789095,427,ncRNA
21379,9793326,9798006,4680,gene
21380,9793326,9795894,2568,mRNA
21381,9796298,9796529,231,mRNA
21382,9796585,9796959,374,mRNA
21383,9797012,9797655,643,mRNA
21384,9797721,9798006,285,mRNA
21385,9793326,9793567,241,mRNA
21386,9795428,9795894,466,mRNA
21387,9796298,9796529,231,mRNA
21388,9796585,9796959,374,mRNA
21389,9797012,9797655,643,mRNA
21390,9797721,9798006,285,mRNA
21391,9795435,9795894,459,CDS
21392,9796298,9796529,231,CDS
21393,9796585,9796959,374,CDS
21394,9797012,9797655,643,CDS
21395,9797721,9797974,253,CDS
21396,9795435,9795894,459,CDS
21397,9796298,9796529,231,CDS
21398,9796585,9796959,374,CDS
21399,9797012,9797655,643,CDS
21400,9797721,9797974,253,CDS
21401,9810974,9820053,9079,gene
21402,9819840,9820053,213,mRNA
21403,9812482,9812664,182,mRNA
21404,9810974,9811968,994,mRNA
21405,9819840,9820053,213,mRNA
21406,9812482,9812664,182,mRNA
21407,9811319,9811968,649,mRNA
21408,9812724,9812774,50,mRNA
21409,9812482,9812664,182,mRNA
21410,9811319,9811968,649,mRNA
21411,9819840,9819858,18,CDS
21412,9812482,9812664,182,CDS
21413,9811478,9811968,490,CDS
21414,9819840,9819858,18,CDS
21415,9812482,9812664,182,CDS
21416,9811478,9811968,490,CDS
21417,9812724,9812748,24,CDS
21418,9812482,9812664,182,CDS
21419,9811478,9811968,490,CDS
21420,9815510,9816600,1090,gene
21421,9815510,9815652,142,mRNA
21422,9815705,9816600,895,mRNA
21423,9815515,9815652,137,CDS
21424,9815705,9816535,830,CDS
21425,9817300,9818535,1235,gene
21426,9817300,9817472,172,mRNA
21427,9817604,9818535,931,mRNA
21428,9817320,9817472,152,CDS
21429,9817604,9818437,833,CDS
21430,9820563,9821186,623,gene
21431,9820563,9820679,116,mRNA
21432,9820738,9821186,448,mRNA
21433,9820569,9820679,110,CDS
21434,9820738,9821133,395,CDS
21435,9821168,9822955,1787,gene
21436,9822816,9822955,139,mRNA
21437,9822664,9822756,92,mRNA
21438,9822505,9822614,109,mRNA
21439,9822347,9822441,94,mRNA
21440,9822155,9822283,128,mRNA
21441,9821947,9822098,151,mRNA
21442,9821746,9821890,144,mRNA
21443,9821437,9821687,250,mRNA
21444,9821168,9821379,211,mRNA
21445,9822816,9822881,65,CDS
21446,9822664,9822756,92,CDS
21447,9822505,9822614,109,CDS
21448,9822347,9822441,94,CDS
21449,9822155,9822283,128,CDS
21450,9821947,9822098,151,CDS
21451,9821746,9821890,144,CDS
21452,9821437,9821687,250,CDS
21453,9821260,9821379,119,CDS
21454,9823082,9827206,4124,gene
21455,9827099,9827206,107,mRNA
21456,9826814,9827035,221,mRNA
21457,9826584,9826760,176,mRNA
21458,9825365,9826523,1158,mRNA
21459,9825189,9825306,117,mRNA
21460,9824989,9825126,137,mRNA
21461,9824505,9824925,420,mRNA
21462,9823648,9824303,655,mRNA
21463,9823082,9823591,509,mRNA
21464,9827099,9827206,107,mRNA
21465,9826814,9827035,221,mRNA
21466,9825365,9826760,1395,mRNA
21467,9825189,9825306,117,mRNA
21468,9824989,9825126,137,mRNA
21469,9824505,9824925,420,mRNA
21470,9823648,9824303,655,mRNA
21471,9823082,9823591,509,mRNA
21472,9826814,9827206,392,mRNA
21473,9825365,9826760,1395,mRNA
21474,9825189,9825306,117,mRNA
21475,9824989,9825126,137,mRNA
21476,9824505,9824925,420,mRNA
21477,9823648,9824303,655,mRNA
21478,9823082,9823591,509,mRNA
21479,9827099,9827125,26,CDS
21480,9826814,9827035,221,CDS
21481,9826584,9826760,176,CDS
21482,9825365,9826523,1158,CDS
21483,9825189,9825306,117,CDS
21484,9824989,9825126,137,CDS
21485,9824505,9824925,420,CDS
21486,9823648,9824303,655,CDS
21487,9823165,9823591,426,CDS
21488,9827099,9827125,26,CDS
21489,9826814,9827035,221,CDS
21490,9825365,9826760,1395,CDS
21491,9825189,9825306,117,CDS
21492,9824989,9825126,137,CDS
21493,9824505,9824925,420,CDS
21494,9823648,9824303,655,CDS
21495,9823165,9823591,426,CDS
21496,9826814,9827125,311,CDS
21497,9825365,9826760,1395,CDS
21498,9825189,9825306,117,CDS
21499,9824989,9825126,137,CDS
21500,9824505,9824925,420,CDS
21501,9823648,9824303,655,CDS
21502,9823165,9823591,426,CDS
21503,9828104,9836642,8538,gene
21504,9836443,9836642,199,mRNA
21505,9828104,9829859,1755,mRNA
21506,9833509,9833572,63,mRNA
21507,9828104,9829859,1755,mRNA
21508,9833479,9833572,93,mRNA
21509,9828104,9829859,1755,mRNA
21510,9831288,9831356,68,mRNA
21511,9828104,9829859,1755,mRNA
21512,9828427,9829797,1370,CDS
21513,9828427,9829797,1370,CDS
21514,9828427,9829797,1370,CDS
21515,9828427,9829797,1370,CDS
21516,9836985,9838481,1496,gene
21517,9836985,9837431,446,mRNA
21518,9837490,9838481,991,mRNA
21519,9837189,9837431,242,CDS
21520,9837490,9838410,920,CDS
21521,9838434,9839500,1066,gene
21522,9838434,9839500,1066,mRNA
21523,9838643,9839413,770,CDS
21524,9839776,9841163,1387,gene
21525,9839776,9839834,58,mRNA
21526,9839893,9840515,622,mRNA
21527,9840584,9840870,286,mRNA
21528,9840944,9841163,219,mRNA
21529,9839828,9839834,6,CDS
21530,9839893,9840515,622,CDS
21531,9840584,9840870,286,CDS
21532,9840944,9841049,105,CDS
21533,9841080,9842502,1422,gene
21534,9842301,9842502,201,mRNA
21535,9841847,9842167,320,mRNA
21536,9841540,9841768,228,mRNA
21537,9841408,9841475,67,mRNA
21538,9841080,9841349,269,mRNA
21539,9842301,9842502,201,mRNA
21540,9841847,9842225,378,mRNA
21541,9841540,9841768,228,mRNA
21542,9841408,9841475,67,mRNA
21543,9841080,9841349,269,mRNA
21544,9841847,9842050,203,CDS
21545,9841540,9841768,228,CDS
21546,9841408,9841475,67,CDS
21547,9841194,9841349,155,CDS
21548,9841847,9842050,203,CDS
21549,9841540,9841768,228,CDS
21550,9841408,9841475,67,CDS
21551,9841194,9841349,155,CDS
21552,9842686,9845512,2826,gene
21553,9842686,9842840,154,mRNA
21554,9843737,9843903,166,mRNA
21555,9843960,9844408,448,mRNA
21556,9844461,9844565,104,mRNA
21557,9844622,9844904,282,mRNA
21558,9844990,9845221,231,mRNA
21559,9845328,9845512,184,mRNA
21560,9843218,9843301,83,mobile_element
21561,9843797,9843903,106,mRNA
21562,9843960,9844408,448,mRNA
21563,9844461,9844565,104,mRNA
21564,9844622,9844904,282,mRNA
21565,9844990,9845221,231,mRNA
21566,9845328,9845512,184,mRNA
21567,9843804,9843903,99,CDS
21568,9843960,9844408,448,CDS
21569,9844461,9844565,104,CDS
21570,9844622,9844904,282,CDS
21571,9844990,9845084,94,CDS
21572,9843804,9843903,99,CDS
21573,9843960,9844408,448,CDS
21574,9844461,9844565,104,CDS
21575,9844622,9844904,282,CDS
21576,9844990,9845084,94,CDS
21577,9845458,9846485,1027,gene
21578,9846330,9846485,155,mRNA
21579,9845458,9846273,815,mRNA
21580,9846330,9846394,64,CDS
21581,9845565,9846273,708,CDS
21582,9846636,9847836,1200,gene
21583,9847697,9847836,139,mRNA
21584,9847073,9847638,565,mRNA
21585,9846636,9846905,269,mRNA
21586,9847697,9847717,20,CDS
21587,9847073,9847638,565,CDS
21588,9846731,9846905,174,CDS
21589,9848061,9850642,2581,gene
21590,9848061,9848150,89,mRNA
21591,9848210,9850642,2432,mRNA
21592,9848125,9848150,25,CDS
21593,9848210,9850547,2337,CDS
21594,9850703,9861543,10840,gene
21595,9861451,9861543,92,mRNA
21596,9856084,9856210,126,mRNA
21597,9854511,9856020,1509,mRNA
21598,9852548,9853205,657,mRNA
21599,9851454,9852483,1029,mRNA
21600,9850703,9851385,682,mRNA
21601,9861451,9861543,92,mRNA
21602,9856084,9856210,126,mRNA
21603,9854511,9856020,1509,mRNA
21604,9853683,9853730,47,mRNA
21605,9852548,9853205,657,mRNA
21606,9851454,9852483,1029,mRNA
21607,9850703,9851385,682,mRNA
21608,9860575,9860759,184,mRNA
21609,9860370,9860452,82,mRNA
21610,9856084,9856210,126,mRNA
21611,9854511,9856020,1509,mRNA
21612,9852548,9853205,657,mRNA
21613,9851454,9852483,1029,mRNA
21614,9850703,9851385,682,mRNA
21615,9860525,9860759,234,mRNA
21616,9860370,9860452,82,mRNA
21617,9856084,9856210,126,mRNA
21618,9854511,9856020,1509,mRNA
21619,9853683,9853730,47,mRNA
21620,9852548,9853205,657,mRNA
21621,9851454,9852483,1029,mRNA
21622,9850703,9851385,682,mRNA
21623,9860370,9860759,389,mRNA
21624,9856084,9856210,126,mRNA
21625,9854511,9856020,1509,mRNA
21626,9852548,9853205,657,mRNA
21627,9851454,9852483,1029,mRNA
21628,9850703,9851385,682,mRNA
21629,9860370,9860759,389,mRNA
21630,9856084,9856210,126,mRNA
21631,9854511,9856020,1509,mRNA
21632,9853683,9853730,47,mRNA
21633,9852548,9853205,657,mRNA
21634,9851454,9852483,1029,mRNA
21635,9850703,9851385,682,mRNA
21636,9856276,9856410,134,mRNA
21637,9856084,9856210,126,mRNA
21638,9854511,9856020,1509,mRNA
21639,9852548,9853205,657,mRNA
21640,9851454,9852483,1029,mRNA
21641,9850703,9851385,682,mRNA
21642,9856276,9856410,134,mRNA
21643,9856084,9856210,126,mRNA
21644,9854511,9856020,1509,mRNA
21645,9853683,9853730,47,mRNA
21646,9852548,9853205,657,mRNA
21647,9851454,9852483,1029,mRNA
21648,9850703,9851385,682,mRNA
21649,9856084,9856410,326,mRNA
21650,9854511,9856020,1509,mRNA
21651,9852548,9853205,657,mRNA
21652,9851454,9852483,1029,mRNA
21653,9850703,9851385,682,mRNA
21654,9856084,9856410,326,mRNA
21655,9854511,9856020,1509,mRNA
21656,9853683,9853730,47,mRNA
21657,9852548,9853205,657,mRNA
21658,9851454,9852483,1029,mRNA
21659,9850703,9851385,682,mRNA
21660,9856084,9856182,98,CDS
21661,9854511,9856020,1509,CDS
21662,9852548,9853205,657,CDS
21663,9851454,9852483,1029,CDS
21664,9851137,9851385,248,CDS
21665,9856084,9856182,98,CDS
21666,9854511,9856020,1509,CDS
21667,9852548,9853205,657,CDS
21668,9851454,9852483,1029,CDS
21669,9851137,9851385,248,CDS
21670,9856084,9856182,98,CDS
21671,9854511,9856020,1509,CDS
21672,9852548,9853205,657,CDS
21673,9851454,9852483,1029,CDS
21674,9851137,9851385,248,CDS
21675,9856084,9856182,98,CDS
21676,9854511,9856020,1509,CDS
21677,9852548,9853205,657,CDS
21678,9851454,9852483,1029,CDS
21679,9851137,9851385,248,CDS
21680,9856084,9856182,98,CDS
21681,9854511,9856020,1509,CDS
21682,9852548,9853205,657,CDS
21683,9851454,9852483,1029,CDS
21684,9851137,9851385,248,CDS
21685,9856084,9856182,98,CDS
21686,9854511,9856020,1509,CDS
21687,9853683,9853730,47,CDS
21688,9852548,9853205,657,CDS
21689,9851454,9852483,1029,CDS
21690,9851137,9851385,248,CDS
21691,9856084,9856182,98,CDS
21692,9854511,9856020,1509,CDS
21693,9853683,9853730,47,CDS
21694,9852548,9853205,657,CDS
21695,9851454,9852483,1029,CDS
21696,9851137,9851385,248,CDS
21697,9856084,9856182,98,CDS
21698,9854511,9856020,1509,CDS
21699,9853683,9853730,47,CDS
21700,9852548,9853205,657,CDS
21701,9851454,9852483,1029,CDS
21702,9851137,9851385,248,CDS
21703,9856084,9856182,98,CDS
21704,9854511,9856020,1509,CDS
21705,9853683,9853730,47,CDS
21706,9852548,9853205,657,CDS
21707,9851454,9852483,1029,CDS
21708,9851137,9851385,248,CDS
21709,9856084,9856182,98,CDS
21710,9854511,9856020,1509,CDS
21711,9853683,9853730,47,CDS
21712,9852548,9853205,657,CDS
21713,9851454,9852483,1029,CDS
21714,9851137,9851385,248,CDS
21715,9861145,9861545,400,gene
21716,9861145,9861545,400,ncRNA
21717,9863564,9864576,1012,gene
21718,9863564,9863963,399,mRNA
21719,9864017,9864576,559,mRNA
21720,9863766,9863963,197,mRNA
21721,9864017,9864576,559,mRNA
21722,9863961,9863963,2,CDS
21723,9864017,9864517,500,CDS
21724,9863961,9863963,2,CDS
21725,9864017,9864517,500,CDS
21726,9864510,9875072,10562,gene
21727,9874821,9875072,251,mRNA
21728,9865424,9865478,54,mRNA
21729,9865290,9865354,64,mRNA
21730,9865124,9865227,103,mRNA
21731,9864510,9865069,559,mRNA
21732,9870297,9870367,70,mRNA
21733,9865424,9865482,58,mRNA
21734,9865290,9865354,64,mRNA
21735,9865124,9865227,103,mRNA
21736,9864896,9865051,155,mRNA
21737,9864510,9864820,310,mRNA
21738,9865424,9865602,178,mRNA
21739,9865290,9865354,64,mRNA
21740,9865124,9865227,103,mRNA
21741,9864510,9865069,559,mRNA
21742,9865424,9865509,85,CDS
21743,9865290,9865354,64,CDS
21744,9865124,9865227,103,CDS
21745,9864590,9865069,479,CDS
21746,9865290,9865350,60,CDS
21747,9865124,9865227,103,CDS
21748,9864896,9865051,155,CDS
21749,9864590,9864820,230,CDS
21750,9865290,9865350,60,CDS
21751,9865124,9865227,103,CDS
21752,9864590,9865069,479,CDS
21753,9865632,9867051,1419,gene
21754,9865632,9867051,1419,mRNA
21755,9865632,9866684,1052,mRNA
21756,9865704,9866534,830,CDS
21757,9865704,9866534,830,CDS
21758,9867900,9868272,372,mobile_element
21759,9868219,9869159,940,gene
21760,9868219,9868515,296,ncRNA
21761,9868579,9868815,236,ncRNA
21762,9868878,9868934,56,ncRNA
21763,9869015,9869159,144,ncRNA
21764,9868219,9868515,296,ncRNA
21765,9868614,9868815,201,ncRNA
21766,9868878,9868934,56,ncRNA
21767,9869015,9869159,144,ncRNA
21768,9868282,9868379,97,mobile_element
21769,9869163,9869298,135,mobile_element
21770,9870102,9870307,205,mobile_element
21771,9870308,9870658,350,mobile_element
21772,9871090,9871523,433,mobile_element
21773,9871470,9873646,2176,gene
21774,9871470,9873179,1709,mRNA
21775,9873242,9873646,404,mRNA
21776,9871750,9873179,1429,CDS
21777,9873242,9873275,33,CDS
21778,9874431,9874665,234,mobile_element
21779,9874889,9876242,1353,gene
21780,9874889,9875404,515,mRNA
21781,9875472,9875959,487,mRNA
21782,9876016,9876242,226,mRNA
21783,9875281,9875959,678,mRNA
21784,9876016,9876242,226,mRNA
21785,9875514,9875959,445,CDS
21786,9876016,9876052,36,CDS
21787,9875514,9875959,445,CDS
21788,9876016,9876052,36,CDS
21789,9876232,9882357,6125,gene
21790,9882183,9882357,174,mRNA
21791,9880991,9881216,225,mRNA
21792,9879696,9880924,1228,mRNA
21793,9879508,9879634,126,mRNA
21794,9878944,9879443,499,mRNA
21795,9878659,9878884,225,mRNA
21796,9877932,9878554,622,mRNA
21797,9877644,9877876,232,mRNA
21798,9877493,9877590,97,mRNA
21799,9877301,9877439,138,mRNA
21800,9876232,9877237,1005,mRNA
21801,9882183,9882357,174,mRNA
21802,9879696,9881216,1520,mRNA
21803,9879508,9879634,126,mRNA
21804,9878944,9879443,499,mRNA
21805,9878659,9878884,225,mRNA
21806,9877932,9878554,622,mRNA
21807,9877644,9877876,232,mRNA
21808,9877493,9877590,97,mRNA
21809,9877301,9877439,138,mRNA
21810,9876232,9877237,1005,mRNA
21811,9881880,9882357,477,mRNA
21812,9879696,9881216,1520,mRNA
21813,9879508,9879634,126,mRNA
21814,9878944,9879443,499,mRNA
21815,9878659,9878884,225,mRNA
21816,9877932,9878554,622,mRNA
21817,9877644,9877876,232,mRNA
21818,9877493,9877590,97,mRNA
21819,9877301,9877439,138,mRNA
21820,9876232,9877237,1005,mRNA
21821,9880991,9881192,201,CDS
21822,9879696,9880924,1228,CDS
21823,9879508,9879634,126,CDS
21824,9878944,9879443,499,CDS
21825,9878659,9878884,225,CDS
21826,9877932,9878554,622,CDS
21827,9877644,9877876,232,CDS
21828,9877493,9877590,97,CDS
21829,9877301,9877439,138,CDS
21830,9877126,9877237,111,CDS
21831,9879696,9881192,1496,CDS
21832,9879508,9879634,126,CDS
21833,9878944,9879443,499,CDS
21834,9878659,9878884,225,CDS
21835,9877932,9878554,622,CDS
21836,9877644,9877876,232,CDS
21837,9877493,9877590,97,CDS
21838,9877301,9877439,138,CDS
21839,9877126,9877237,111,CDS
21840,9879696,9881192,1496,CDS
21841,9879508,9879634,126,CDS
21842,9878944,9879443,499,CDS
21843,9878659,9878884,225,CDS
21844,9877932,9878554,622,CDS
21845,9877644,9877876,232,CDS
21846,9877493,9877590,97,CDS
21847,9877301,9877439,138,CDS
21848,9877126,9877237,111,CDS
21849,9881396,9882605,1209,gene
21850,9881396,9882605,1209,ncRNA
21851,9882572,9891689,9117,gene
21852,9891235,9891689,454,mRNA
21853,9889607,9889735,128,mRNA
21854,9888888,9889124,236,mRNA
21855,9888737,9888814,77,mRNA
21856,9887166,9887409,243,mRNA
21857,9886931,9887054,123,mRNA
21858,9885573,9885980,407,mRNA
21859,9885361,9885512,151,mRNA
21860,9885200,9885301,101,mRNA
21861,9884963,9885137,174,mRNA
21862,9884766,9884901,135,mRNA
21863,9884622,9884708,86,mRNA
21864,9884085,9884206,121,mRNA
21865,9883897,9884002,105,mRNA
21866,9882572,9883843,1271,mRNA
21867,9886200,9886468,268,mRNA
21868,9885573,9885980,407,mRNA
21869,9885361,9885512,151,mRNA
21870,9885200,9885301,101,mRNA
21871,9884963,9885137,174,mRNA
21872,9884766,9884901,135,mRNA
21873,9884622,9884708,86,mRNA
21874,9884085,9884206,121,mRNA
21875,9883897,9884002,105,mRNA
21876,9882572,9883843,1271,mRNA
21877,9886200,9886468,268,mRNA
21878,9885573,9885980,407,mRNA
21879,9885361,9885512,151,mRNA
21880,9885200,9885301,101,mRNA
21881,9884963,9885137,174,mRNA
21882,9884766,9884901,135,mRNA
21883,9884622,9884708,86,mRNA
21884,9883897,9884206,309,mRNA
21885,9882572,9883843,1271,mRNA
21886,9891235,9891402,167,CDS
21887,9889607,9889735,128,CDS
21888,9888888,9889124,236,CDS
21889,9888737,9888814,77,CDS
21890,9887166,9887409,243,CDS
21891,9886931,9887054,123,CDS
21892,9885573,9885980,407,CDS
21893,9885361,9885512,151,CDS
21894,9885200,9885301,101,CDS
21895,9884963,9885137,174,CDS
21896,9884766,9884901,135,CDS
21897,9884622,9884708,86,CDS
21898,9884085,9884206,121,CDS
21899,9883897,9884002,105,CDS
21900,9883757,9883843,86,CDS
21901,9886200,9886234,34,CDS
21902,9885573,9885980,407,CDS
21903,9885361,9885512,151,CDS
21904,9885200,9885301,101,CDS
21905,9884963,9885137,174,CDS
21906,9884766,9884901,135,CDS
21907,9884622,9884708,86,CDS
21908,9884085,9884206,121,CDS
21909,9883897,9884002,105,CDS
21910,9883757,9883843,86,CDS
21911,9886200,9886234,34,CDS
21912,9885573,9885980,407,CDS
21913,9885361,9885512,151,CDS
21914,9885200,9885301,101,CDS
21915,9884963,9885137,174,CDS
21916,9884766,9884901,135,CDS
21917,9884622,9884708,86,CDS
21918,9884081,9884206,125,CDS
21919,9887648,9889485,1837,gene
21920,9887648,9889485,1837,mRNA
21921,9887648,9888881,1233,mRNA
21922,9887750,9888721,971,CDS
21923,9887750,9888721,971,CDS
21924,9889878,9891141,1263,gene
21925,9889878,9889995,117,mRNA
21926,9890052,9890160,108,mRNA
21927,9890287,9890380,93,mRNA
21928,9890440,9890686,246,mRNA
21929,9890745,9891141,396,mRNA
21930,9889980,9889995,15,CDS
21931,9890052,9890160,108,CDS
21932,9890287,9890380,93,CDS
21933,9890440,9890686,246,CDS
21934,9890745,9891079,334,CDS
21935,9891955,9898513,6558,gene
21936,9891955,9892047,92,mRNA
21937,9892102,9892533,431,mRNA
21938,9892588,9892902,314,mRNA
21939,9892956,9893789,833,mRNA
21940,9893842,9893880,38,mRNA
21941,9893948,9894691,743,mRNA
21942,9894747,9895196,449,mRNA
21943,9895255,9895485,230,mRNA
21944,9895546,9896104,558,mRNA
21945,9896168,9896693,525,mRNA
21946,9896756,9897690,934,mRNA
21947,9898375,9898513,138,mRNA
21948,9891955,9892047,92,mRNA
21949,9892102,9892533,431,mRNA
21950,9892588,9892902,314,mRNA
21951,9892956,9893789,833,mRNA
21952,9893842,9893880,38,mRNA
21953,9893948,9894691,743,mRNA
21954,9894750,9895196,446,mRNA
21955,9895258,9895485,227,mRNA
21956,9895546,9896104,558,mRNA
21957,9896168,9896693,525,mRNA
21958,9896756,9897690,934,mRNA
21959,9898375,9898513,138,mRNA
21960,9891955,9892047,92,mRNA
21961,9892102,9892533,431,mRNA
21962,9892588,9892902,314,mRNA
21963,9892956,9893789,833,mRNA
21964,9893842,9893880,38,mRNA
21965,9893948,9894691,743,mRNA
21966,9894747,9895196,449,mRNA
21967,9895255,9895485,230,mRNA
21968,9895546,9896104,558,mRNA
21969,9896168,9896693,525,mRNA
21970,9896756,9898344,1588,mRNA
21971,9891955,9892047,92,mRNA
21972,9892102,9892533,431,mRNA
21973,9892588,9892902,314,mRNA
21974,9892956,9893789,833,mRNA
21975,9893842,9893880,38,mRNA
21976,9893948,9894691,743,mRNA
21977,9894750,9895196,446,mRNA
21978,9895258,9895485,227,mRNA
21979,9895546,9896104,558,mRNA
21980,9896168,9896693,525,mRNA
21981,9896756,9898344,1588,mRNA
21982,9892109,9892533,424,CDS
21983,9892588,9892902,314,CDS
21984,9892956,9893789,833,CDS
21985,9893842,9893880,38,CDS
21986,9893948,9894691,743,CDS
21987,9894747,9895196,449,CDS
21988,9895255,9895485,230,CDS
21989,9895546,9896104,558,CDS
21990,9896168,9896693,525,CDS
21991,9896756,9897690,934,CDS
21992,9898375,9898398,23,CDS
21993,9892109,9892533,424,CDS
21994,9892588,9892902,314,CDS
21995,9892956,9893789,833,CDS
21996,9893842,9893880,38,CDS
21997,9893948,9894691,743,CDS
21998,9894750,9895196,446,CDS
21999,9895258,9895485,227,CDS
22000,9895546,9896104,558,CDS
22001,9896168,9896693,525,CDS
22002,9896756,9897690,934,CDS
22003,9898375,9898398,23,CDS
22004,9892109,9892533,424,CDS
22005,9892588,9892902,314,CDS
22006,9892956,9893789,833,CDS
22007,9893842,9893880,38,CDS
22008,9893948,9894691,743,CDS
22009,9894747,9895196,449,CDS
22010,9895255,9895485,230,CDS
22011,9895546,9896104,558,CDS
22012,9896168,9896693,525,CDS
22013,9896756,9898269,1513,CDS
22014,9892109,9892533,424,CDS
22015,9892588,9892902,314,CDS
22016,9892956,9893789,833,CDS
22017,9893842,9893880,38,CDS
22018,9893948,9894691,743,CDS
22019,9894750,9895196,446,CDS
22020,9895258,9895485,227,CDS
22021,9895546,9896104,558,CDS
22022,9896168,9896693,525,CDS
22023,9896756,9898269,1513,CDS
22024,9898801,9898921,120,mobile_element
22025,9899018,9903287,4269,gene
22026,9903165,9903287,122,mRNA
22027,9900976,9901151,175,mRNA
22028,9900776,9900869,93,mRNA
22029,9900513,9900676,163,mRNA
22030,9899350,9900393,1043,mRNA
22031,9899018,9899279,261,mRNA
22032,9903165,9903287,122,mRNA
22033,9900976,9901154,178,mRNA
22034,9900776,9900869,93,mRNA
22035,9900513,9900676,163,mRNA
22036,9899350,9900393,1043,mRNA
22037,9899018,9899279,261,mRNA
22038,9900976,9901142,166,CDS
22039,9900776,9900869,93,CDS
22040,9900513,9900676,163,CDS
22041,9899350,9900393,1043,CDS
22042,9899195,9899279,84,CDS
22043,9900976,9901142,166,CDS
22044,9900776,9900869,93,CDS
22045,9900513,9900676,163,CDS
22046,9899350,9900393,1043,CDS
22047,9899195,9899279,84,CDS
22048,9906294,9910457,4163,gene
22049,9906294,9906401,107,mRNA
22050,9909139,9910457,1318,mRNA
22051,9909139,9910182,1043,CDS
22052,9910893,9913488,2595,gene
22053,9910893,9911282,389,mRNA
22054,9911394,9911620,226,mRNA
22055,9911677,9912248,571,mRNA
22056,9912314,9912763,449,mRNA
22057,9912828,9913488,660,mRNA
22058,9910893,9910914,21,mRNA
22059,9910972,9911282,310,mRNA
22060,9911394,9911620,226,mRNA
22061,9911677,9912248,571,mRNA
22062,9912314,9912763,449,mRNA
22063,9912828,9913488,660,mRNA
22064,9911255,9911282,27,CDS
22065,9911394,9911620,226,CDS
22066,9911677,9912248,571,CDS
22067,9912314,9912763,449,CDS
22068,9912828,9913365,537,CDS
22069,9911255,9911282,27,CDS
22070,9911394,9911620,226,CDS
22071,9911677,9912248,571,CDS
22072,9912314,9912763,449,CDS
22073,9912828,9913365,537,CDS
22074,9913496,9958858,45362,gene
22075,9958124,9958858,734,mRNA
22076,9940745,9940953,208,mRNA
22077,9921610,9922003,393,mRNA
22078,9920519,9920722,203,mRNA
22079,9919447,9919747,300,mRNA
22080,9918712,9918848,136,mRNA
22081,9918469,9918641,172,mRNA
22082,9917938,9918353,415,mRNA
22083,9917457,9917531,74,mRNA
22084,9913496,9916891,3395,mRNA
22085,9928900,9929615,715,mRNA
22086,9921610,9922003,393,mRNA
22087,9920519,9920722,203,mRNA
22088,9919429,9919747,318,mRNA
22089,9918964,9919062,98,mRNA
22090,9918712,9918848,136,mRNA
22091,9918469,9918641,172,mRNA
22092,9917938,9918353,415,mRNA
22093,9913496,9916891,3395,mRNA
22094,9958124,9958858,734,mRNA
22095,9934319,9934377,58,mRNA
22096,9921610,9922003,393,mRNA
22097,9920519,9920722,203,mRNA
22098,9919447,9919747,300,mRNA
22099,9918964,9919062,98,mRNA
22100,9918712,9918848,136,mRNA
22101,9918469,9918641,172,mRNA
22102,9917938,9918353,415,mRNA
22103,9915502,9916891,1389,mRNA
22104,9942913,9944764,1851,mRNA
22105,9940745,9940953,208,mRNA
22106,9934319,9934377,58,mRNA
22107,9921610,9922003,393,mRNA
22108,9920519,9920722,203,mRNA
22109,9919429,9919747,318,mRNA
22110,9918712,9918848,136,mRNA
22111,9918469,9918632,163,mRNA
22112,9917938,9918353,415,mRNA
22113,9917457,9917531,74,mRNA
22114,9915502,9916912,1410,mRNA
22115,9928900,9929615,715,mRNA
22116,9921610,9922003,393,mRNA
22117,9920519,9920722,203,mRNA
22118,9919447,9919747,300,mRNA
22119,9918964,9919062,98,mRNA
22120,9918712,9918848,136,mRNA
22121,9918469,9918641,172,mRNA
22122,9917938,9918353,415,mRNA
22123,9916118,9916891,773,mRNA
22124,9928900,9929615,715,mRNA
22125,9921610,9922003,393,mRNA
22126,9920519,9920722,203,mRNA
22127,9919447,9919747,300,mRNA
22128,9918964,9919062,98,mRNA
22129,9918712,9918848,136,mRNA
22130,9918469,9918641,172,mRNA
22131,9917938,9918353,415,mRNA
22132,9916118,9916912,794,mRNA
22133,9928900,9929615,715,mRNA
22134,9926487,9926869,382,mRNA
22135,9921610,9922003,393,mRNA
22136,9920519,9920722,203,mRNA
22137,9919429,9919747,318,mRNA
22138,9918964,9919062,98,mRNA
22139,9918712,9918848,136,mRNA
22140,9918469,9918641,172,mRNA
22141,9917938,9918353,415,mRNA
22142,9917457,9917531,74,mRNA
22143,9916118,9916891,773,mRNA
22144,9921610,9921663,53,CDS
22145,9920519,9920722,203,CDS
22146,9919447,9919747,300,CDS
22147,9918964,9919062,98,CDS
22148,9918712,9918848,136,CDS
22149,9918469,9918641,172,CDS
22150,9917938,9918353,415,CDS
22151,9916455,9916891,436,CDS
22152,9921610,9921663,53,CDS
22153,9920519,9920722,203,CDS
22154,9919447,9919747,300,CDS
22155,9918712,9918848,136,CDS
22156,9918469,9918641,172,CDS
22157,9917938,9918353,415,CDS
22158,9917457,9917531,74,CDS
22159,9916746,9916891,145,CDS
22160,9921610,9921663,53,CDS
22161,9920519,9920722,203,CDS
22162,9919447,9919747,300,CDS
22163,9918964,9919062,98,CDS
22164,9918712,9918848,136,CDS
22165,9918469,9918641,172,CDS
22166,9917938,9918353,415,CDS
22167,9916746,9916891,145,CDS
22168,9921610,9921663,53,CDS
22169,9920519,9920722,203,CDS
22170,9919447,9919747,300,CDS
22171,9918964,9919062,98,CDS
22172,9918712,9918848,136,CDS
22173,9918469,9918641,172,CDS
22174,9917938,9918353,415,CDS
22175,9916746,9916912,166,CDS
22176,9921610,9921663,53,CDS
22177,9920519,9920722,203,CDS
22178,9919429,9919747,318,CDS
22179,9918712,9918848,136,CDS
22180,9918469,9918632,163,CDS
22181,9917938,9918353,415,CDS
22182,9917457,9917531,74,CDS
22183,9916746,9916912,166,CDS
22184,9921610,9921663,53,CDS
22185,9920519,9920722,203,CDS
22186,9919429,9919747,318,CDS
22187,9918964,9919062,98,CDS
22188,9918712,9918848,136,CDS
22189,9918469,9918641,172,CDS
22190,9917938,9918353,415,CDS
22191,9916746,9916891,145,CDS
22192,9921610,9921663,53,CDS
22193,9920519,9920722,203,CDS
22194,9919429,9919747,318,CDS
22195,9918964,9919062,98,CDS
22196,9918712,9918848,136,CDS
22197,9918469,9918641,172,CDS
22198,9917938,9918353,415,CDS
22199,9917457,9917531,74,CDS
22200,9916746,9916891,145,CDS
22201,9945496,9945626,130,mobile_element
22202,9959119,9959732,613,gene
22203,9959444,9959732,288,mRNA
22204,9959119,9959391,272,mRNA
22205,9959444,9959675,231,CDS
22206,9959225,9959391,166,CDS
22207,9959549,9963853,4304,gene
22208,9959549,9959634,85,mRNA
22209,9959702,9959872,170,mRNA
22210,9959949,9960302,353,mRNA
22211,9960526,9960703,177,mRNA
22212,9960763,9961003,240,mRNA
22213,9961563,9962062,499,mRNA
22214,9962226,9962660,434,mRNA
22215,9963198,9963853,655,mRNA
22216,9960078,9960302,224,mRNA
22217,9960526,9960703,177,mRNA
22218,9960763,9961003,240,mRNA
22219,9961563,9962062,499,mRNA
22220,9962226,9962660,434,mRNA
22221,9963198,9963853,655,mRNA
22222,9960078,9960302,224,mRNA
22223,9960526,9960703,177,mRNA
22224,9960763,9961003,240,mRNA
22225,9961563,9962062,499,mRNA
22226,9962226,9963031,805,mRNA
22227,9960201,9960302,101,CDS
22228,9960526,9960703,177,CDS
22229,9960763,9961003,240,CDS
22230,9961563,9962062,499,CDS
22231,9962226,9962660,434,CDS
22232,9963198,9963367,169,CDS
22233,9960201,9960302,101,CDS
22234,9960526,9960703,177,CDS
22235,9960763,9961003,240,CDS
22236,9961563,9962062,499,CDS
22237,9962226,9962660,434,CDS
22238,9963198,9963367,169,CDS
22239,9960201,9960302,101,CDS
22240,9960526,9960703,177,CDS
22241,9960763,9961003,240,CDS
22242,9961563,9962062,499,CDS
22243,9962226,9962740,514,CDS
22244,9963835,9965067,1232,gene
22245,9964634,9965067,433,mRNA
22246,9964375,9964581,206,mRNA
22247,9963835,9964321,486,mRNA
22248,9964634,9964716,82,CDS
22249,9964375,9964581,206,CDS
22250,9964030,9964321,291,CDS
22251,9965655,9965719,64,mobile_element
22252,9967231,9968388,1157,gene
22253,9967231,9967812,581,mRNA
22254,9967877,9968388,511,mRNA
22255,9967265,9967812,547,CDS
22256,9967877,9968351,474,CDS
22257,9968929,9970897,1968,gene
22258,9968929,9969235,306,mRNA
22259,9969461,9969552,91,mRNA
22260,9969741,9969854,113,mRNA
22261,9969919,9970207,288,mRNA
22262,9970272,9970408,136,mRNA
22263,9970474,9970897,423,mRNA
22264,9969064,9969235,171,mRNA
22265,9969461,9969552,91,mRNA
22266,9969741,9969854,113,mRNA
22267,9969919,9970207,288,mRNA
22268,9970272,9970408,136,mRNA
22269,9970474,9970897,423,mRNA
22270,9969220,9969235,15,CDS
22271,9969461,9969552,91,CDS
22272,9969741,9969854,113,CDS
22273,9969919,9970207,288,CDS
22274,9970272,9970408,136,CDS
22275,9970474,9970536,62,CDS
22276,9969220,9969235,15,CDS
22277,9969461,9969552,91,CDS
22278,9969741,9969854,113,CDS
22279,9969919,9970207,288,CDS
22280,9970272,9970408,136,CDS
22281,9970474,9970536,62,CDS
22282,9971143,9972780,1637,gene
22283,9971143,9972443,1300,mRNA
22284,9972501,9972780,279,mRNA
22285,9971143,9971421,278,mRNA
22286,9971477,9972443,966,mRNA
22287,9972501,9972780,279,mRNA
22288,9971394,9971421,27,CDS
22289,9971477,9972443,966,CDS
22290,9972501,9972741,240,CDS
22291,9971659,9972443,784,CDS
22292,9972501,9972741,240,CDS
22293,9976996,9979584,2588,gene
22294,9976996,9979584,2588,ncRNA
22295,9979319,9980795,1476,gene
22296,9979319,9979553,234,mRNA
22297,9979625,9980795,1170,mRNA
22298,9979415,9979553,138,CDS
22299,9979625,9980616,991,CDS
22300,9988125,9989285,1160,gene
22301,9988125,9989285,1160,ncRNA
22302,9989159,9993559,4400,gene
22303,9989159,9989303,144,mRNA
22304,9990471,9990573,102,mRNA
22305,9990660,9992696,2036,mRNA
22306,9992763,9992917,154,mRNA
22307,9992984,9993559,575,mRNA
22308,9989287,9989303,16,CDS
22309,9990471,9990573,102,CDS
22310,9990660,9992696,2036,CDS
22311,9992763,9992917,154,CDS
22312,9992984,9993077,93,CDS
22313,9989316,9989569,253,mRNA
22314,9990471,9990573,102,mRNA
22315,9990660,9992696,2036,mRNA
22316,9992763,9992917,154,mRNA
22317,9992984,9993559,575,mRNA
22318,9990203,9990389,186,mRNA
22319,9990471,9990573,102,mRNA
22320,9990660,9992696,2036,mRNA
22321,9992763,9992917,154,mRNA
22322,9992984,9993559,575,mRNA
22323,9990203,9990389,186,mRNA
22324,9990471,9990573,102,mRNA
22325,9990660,9992696,2036,mRNA
22326,9992766,9992917,151,mRNA
22327,9992984,9993559,575,mRNA
22328,9990298,9990389,91,CDS
22329,9990471,9990573,102,CDS
22330,9990660,9992696,2036,CDS
22331,9992763,9992917,154,CDS
22332,9992984,9993077,93,CDS
22333,9990298,9990389,91,CDS
22334,9990471,9990573,102,CDS
22335,9990660,9992696,2036,CDS
22336,9992766,9992917,151,CDS
22337,9992984,9993077,93,CDS
22338,9990666,9992696,2030,CDS
22339,9992763,9992917,154,CDS
22340,9992984,9993077,93,CDS
22341,9993890,10026042,32152,gene
22342,10025829,10026042,213,mRNA
22343,10024051,10024202,151,mRNA
22344,10005157,10005377,220,mRNA
22345,9999734,9999915,181,mRNA
22346,9999425,9999525,100,mRNA
22347,9998707,9998802,95,mRNA
22348,9998415,9998562,147,mRNA
22349,9998271,9998346,75,mRNA
22350,9997704,9997889,185,mRNA
22351,9993890,9996621,2731,mRNA
22352,10025850,10026042,192,mRNA
22353,10024051,10024202,151,mRNA
22354,10005157,10005377,220,mRNA
22355,9999734,9999915,181,mRNA
22356,9999425,9999525,100,mRNA
22357,9998707,9998802,95,mRNA
22358,9998415,9998562,147,mRNA
22359,9998271,9998346,75,mRNA
22360,9997704,9997889,185,mRNA
22361,9995820,9996621,801,mRNA
22362,10005157,10005370,213,CDS
22363,9999734,9999915,181,CDS
22364,9999425,9999525,100,CDS
22365,9998707,9998802,95,CDS
22366,9998415,9998562,147,CDS
22367,9998271,9998346,75,CDS
22368,9997704,9997889,185,CDS
22369,9996491,9996621,130,CDS
22370,10005157,10005370,213,CDS
22371,9999734,9999915,181,CDS
22372,9999425,9999525,100,CDS
22373,9998707,9998802,95,CDS
22374,9998415,9998562,147,CDS
22375,9998271,9998346,75,CDS
22376,9997704,9997889,185,CDS
22377,9996491,9996621,130,CDS
22378,10025850,10026042,192,mRNA
22379,10024051,10024202,151,mRNA
22380,10005157,10005377,220,mRNA
22381,9999734,9999915,181,mRNA
22382,9999425,9999525,100,mRNA
22383,9998707,9998802,95,mRNA
22384,9998415,9998562,147,mRNA
22385,9998271,9998346,75,mRNA
22386,9997704,9997889,185,mRNA
22387,9996962,9997220,258,mRNA
22388,10025850,10026042,192,mRNA
22389,10024051,10024359,308,mRNA
22390,10005157,10005377,220,mRNA
22391,9999734,9999915,181,mRNA
22392,9999425,9999525,100,mRNA
22393,9998707,9998802,95,mRNA
22394,9998415,9998562,147,mRNA
22395,9998271,9998346,75,mRNA
22396,9997704,9997889,185,mRNA
22397,9996962,9997551,589,mRNA
22398,10005157,10005370,213,CDS
22399,9999734,9999915,181,CDS
22400,9999425,9999525,100,CDS
22401,9998707,9998802,95,CDS
22402,9998415,9998562,147,CDS
22403,9998271,9998346,75,CDS
22404,9997704,9997889,185,CDS
22405,9997102,9997220,118,CDS
22406,10005157,10005370,213,CDS
22407,9999734,9999915,181,CDS
22408,9999425,9999525,100,CDS
22409,9998707,9998802,95,CDS
22410,9998415,9998562,147,CDS
22411,9998271,9998346,75,CDS
22412,9997704,9997889,185,CDS
22413,9997424,9997551,127,CDS
22414,10005906,10007010,1104,mobile_element
22415,10012093,10012199,106,gene
22416,10012093,10012199,106,precursor_RNA
22417,10012115,10012136,21,ncRNA
22418,10012155,10012174,19,ncRNA
22419,10012172,10012242,70,mobile_element
22420,10022578,10022989,411,mobile_element
22421,10026356,10026758,402,gene
22422,10026356,10026758,402,ncRNA
22423,10026839,10030668,3829,gene
22424,10026839,10026875,36,mRNA
22425,10026951,10027643,692,mRNA
22426,10027708,10030668,2960,mRNA
22427,10026839,10027643,804,mRNA
22428,10027708,10028498,790,mRNA
22429,10026923,10027643,720,CDS
22430,10027708,10028444,736,CDS
22431,10027628,10027643,15,CDS
22432,10027708,10028444,736,CDS
22433,10028443,10032893,4450,gene
22434,10032394,10032893,499,mRNA
22435,10032214,10032335,121,mRNA
22436,10032019,10032125,106,mRNA
22437,10031580,10031826,246,mRNA
22438,10031284,10031419,135,mRNA
22439,10031085,10031214,129,mRNA
22440,10028443,10029057,614,mRNA
22441,10032394,10032893,499,mRNA
22442,10032214,10032335,121,mRNA
22443,10032019,10032125,106,mRNA
22444,10031580,10031826,246,mRNA
22445,10031284,10031419,135,mRNA
22446,10031085,10031214,129,mRNA
22447,10028443,10029057,614,mRNA
22448,10032394,10032529,135,CDS
22449,10032214,10032335,121,CDS
22450,10032019,10032125,106,CDS
22451,10031580,10031826,246,CDS
22452,10031284,10031419,135,CDS
22453,10031085,10031214,129,CDS
22454,10028877,10029057,180,CDS
22455,10032394,10032529,135,CDS
22456,10032214,10032335,121,CDS
22457,10032019,10032125,106,CDS
22458,10031580,10031826,246,CDS
22459,10031284,10031419,135,CDS
22460,10031085,10031214,129,CDS
22461,10028919,10029057,138,CDS
22462,10032394,10032893,499,mRNA
22463,10032214,10032335,121,mRNA
22464,10032019,10032125,106,mRNA
22465,10031589,10031826,237,mRNA
22466,10031284,10031419,135,mRNA
22467,10031085,10031214,129,mRNA
22468,10029263,10030258,995,mRNA
22469,10032394,10032893,499,mRNA
22470,10032214,10032335,121,mRNA
22471,10032019,10032125,106,mRNA
22472,10031589,10031826,237,mRNA
22473,10031284,10031446,162,mRNA
22474,10031085,10031214,129,mRNA
22475,10029263,10030258,995,mRNA
22476,10032394,10032893,499,mRNA
22477,10032214,10032335,121,mRNA
22478,10032019,10032125,106,mRNA
22479,10031580,10031826,246,mRNA
22480,10031284,10031419,135,mRNA
22481,10031085,10031214,129,mRNA
22482,10029263,10030258,995,mRNA
22483,10032394,10032893,499,mRNA
22484,10032214,10032335,121,mRNA
22485,10032019,10032125,106,mRNA
22486,10031580,10031826,246,mRNA
22487,10031284,10031446,162,mRNA
22488,10031085,10031214,129,mRNA
22489,10029263,10030258,995,mRNA
22490,10032394,10032893,499,mRNA
22491,10032214,10032335,121,mRNA
22492,10032019,10032125,106,mRNA
22493,10031284,10031826,542,mRNA
22494,10031085,10031214,129,mRNA
22495,10029715,10030258,543,mRNA
22496,10032394,10032529,135,CDS
22497,10032214,10032335,121,CDS
22498,10032019,10032125,106,CDS
22499,10031589,10031826,237,CDS
22500,10031284,10031419,135,CDS
22501,10031085,10031214,129,CDS
22502,10029805,10030258,453,CDS
22503,10032394,10032529,135,CDS
22504,10032214,10032335,121,CDS
22505,10032019,10032125,106,CDS
22506,10031589,10031826,237,CDS
22507,10031284,10031446,162,CDS
22508,10031085,10031214,129,CDS
22509,10029805,10030258,453,CDS
22510,10032394,10032529,135,CDS
22511,10032214,10032335,121,CDS
22512,10032019,10032125,106,CDS
22513,10031580,10031826,246,CDS
22514,10031284,10031419,135,CDS
22515,10031085,10031214,129,CDS
22516,10029805,10030258,453,CDS
22517,10032394,10032529,135,CDS
22518,10032214,10032335,121,CDS
22519,10032019,10032125,106,CDS
22520,10031580,10031826,246,CDS
22521,10031284,10031446,162,CDS
22522,10031085,10031214,129,CDS
22523,10029805,10030258,453,CDS
22524,10032394,10032529,135,CDS
22525,10032214,10032335,121,CDS
22526,10032019,10032125,106,CDS
22527,10031508,10031826,318,CDS
22528,10033304,10034698,1394,gene
22529,10033304,10033551,247,mRNA
22530,10033604,10033703,99,mRNA
22531,10033757,10034021,264,mRNA
22532,10034073,10034698,625,mRNA
22533,10033401,10033551,150,CDS
22534,10033604,10033703,99,CDS
22535,10033757,10034021,264,CDS
22536,10034073,10034615,542,CDS
22537,10034595,10048619,14024,gene
22538,10048251,10048619,368,mRNA
22539,10039626,10039849,223,mRNA
22540,10039404,10039572,168,mRNA
22541,10039173,10039343,170,mRNA
22542,10038581,10038928,347,mRNA
22543,10038180,10038512,332,mRNA
22544,10034595,10037771,3176,mRNA
22545,10048251,10048619,368,mRNA
22546,10039626,10039849,223,mRNA
22547,10039404,10039572,168,mRNA
22548,10039173,10039343,170,mRNA
22549,10038581,10038928,347,mRNA
22550,10038180,10038512,332,mRNA
22551,10035536,10037771,2235,mRNA
22552,10039968,10040042,74,mRNA
22553,10039626,10039849,223,mRNA
22554,10039404,10039572,168,mRNA
22555,10039173,10039343,170,mRNA
22556,10038581,10038928,347,mRNA
22557,10038180,10038512,332,mRNA
22558,10035536,10037771,2235,mRNA
22559,10048251,10048619,368,mRNA
22560,10039626,10039849,223,mRNA
22561,10039404,10039572,168,mRNA
22562,10039173,10039343,170,mRNA
22563,10038581,10038928,347,mRNA
22564,10038180,10038512,332,mRNA
22565,10035773,10037771,1998,mRNA
22566,10048251,10048346,95,CDS
22567,10039626,10039849,223,CDS
22568,10039404,10039572,168,CDS
22569,10039173,10039343,170,CDS
22570,10038581,10038928,347,CDS
22571,10038180,10038512,332,CDS
22572,10036944,10037771,827,CDS
22573,10048251,10048346,95,CDS
22574,10039626,10039849,223,CDS
22575,10039404,10039572,168,CDS
22576,10039173,10039343,170,CDS
22577,10038581,10038928,347,CDS
22578,10038180,10038512,332,CDS
22579,10036944,10037771,827,CDS
22580,10048251,10048346,95,CDS
22581,10039626,10039849,223,CDS
22582,10039404,10039572,168,CDS
22583,10039173,10039343,170,CDS
22584,10038581,10038928,347,CDS
22585,10038180,10038512,332,CDS
22586,10036944,10037771,827,CDS
22587,10039968,10040003,35,CDS
22588,10039626,10039849,223,CDS
22589,10039404,10039572,168,CDS
22590,10039173,10039343,170,CDS
22591,10038581,10038928,347,CDS
22592,10038180,10038512,332,CDS
22593,10036944,10037771,827,CDS
22594,10041065,10043507,2442,gene
22595,10043423,10043507,84,mRNA
22596,10041065,10043366,2301,mRNA
22597,10043423,10043432,9,CDS
22598,10041196,10043366,2170,CDS
22599,10044035,10045196,1161,gene
22600,10044035,10044466,431,ncRNA
22601,10044526,10045196,670,ncRNA
22602,10048353,10050066,1713,gene
22603,10048353,10048486,133,mRNA
22604,10048999,10049221,222,mRNA
22605,10049408,10049644,236,mRNA
22606,10049753,10049904,151,mRNA
22607,10049960,10050066,106,mRNA
22608,10048353,10048486,133,mRNA
22609,10049408,10049644,236,mRNA
22610,10049753,10049899,146,mRNA
22611,10049960,10050066,106,mRNA
22612,10049481,10049644,163,mRNA
22613,10049753,10049904,151,mRNA
22614,10049960,10050066,106,mRNA
22615,10049481,10049644,163,mRNA
22616,10049753,10049899,146,mRNA
22617,10049960,10050066,106,mRNA
22618,10049561,10049644,83,CDS
22619,10049753,10049869,116,CDS
22620,10049561,10049644,83,CDS
22621,10049753,10049869,116,CDS
22622,10049561,10049644,83,CDS
22623,10049753,10049869,116,CDS
22624,10049561,10049644,83,CDS
22625,10049753,10049869,116,CDS
22626,10050348,10050874,526,gene
22627,10050348,10050560,212,mRNA
22628,10050622,10050749,127,mRNA
22629,10050806,10050874,68,mRNA
22630,10050471,10050560,89,CDS
22631,10050622,10050749,127,CDS
22632,10050806,10050818,12,CDS
22633,10050862,10052167,1305,gene
22634,10051802,10052167,365,mRNA
22635,10051534,10051701,167,mRNA
22636,10050862,10051339,477,mRNA
22637,10051802,10051886,84,CDS
22638,10051534,10051701,167,CDS
22639,10051023,10051339,316,CDS
22640,10052541,10063712,11171,gene
22641,10052541,10052919,378,mRNA
22642,10057049,10057343,294,mRNA
22643,10060223,10060382,159,mRNA
22644,10060687,10061189,502,mRNA
22645,10061250,10061364,114,mRNA
22646,10061618,10061896,278,mRNA
22647,10062100,10062191,91,mRNA
22648,10062250,10062530,280,mRNA
22649,10062706,10062840,134,mRNA
22650,10062900,10063039,139,mRNA
22651,10063098,10063712,614,mRNA
22652,10052541,10052919,378,mRNA
22653,10057049,10057343,294,mRNA
22654,10060223,10060382,159,mRNA
22655,10060687,10061189,502,mRNA
22656,10061250,10061364,114,mRNA
22657,10062100,10062191,91,mRNA
22658,10062250,10062530,280,mRNA
22659,10062706,10062840,134,mRNA
22660,10062900,10063039,139,mRNA
22661,10063098,10063712,614,mRNA
22662,10052541,10052635,94,mRNA
22663,10057049,10057343,294,mRNA
22664,10060223,10060382,159,mRNA
22665,10060687,10061189,502,mRNA
22666,10061250,10061364,114,mRNA
22667,10061618,10061896,278,mRNA
22668,10062100,10062191,91,mRNA
22669,10062250,10062530,280,mRNA
22670,10062706,10062840,134,mRNA
22671,10062900,10063039,139,mRNA
22672,10063098,10063712,614,mRNA
22673,10052643,10052995,352,gene
22674,10052643,10052995,352,ncRNA
22675,10053095,10053393,298,gene
22676,10053095,10053393,298,ncRNA
22677,10054178,10054576,398,gene
22678,10054178,10054576,398,mRNA
22679,10054289,10054567,278,CDS
22680,10056826,10057343,517,mRNA
22681,10060223,10060382,159,mRNA
22682,10060687,10061189,502,mRNA
22683,10061250,10061364,114,mRNA
22684,10061618,10061896,278,mRNA
22685,10062100,10062191,91,mRNA
22686,10062250,10062530,280,mRNA
22687,10062706,10062840,134,mRNA
22688,10062900,10063039,139,mRNA
22689,10063098,10063712,614,mRNA
22690,10057269,10057343,74,CDS
22691,10060223,10060382,159,CDS
22692,10060687,10061189,502,CDS
22693,10061250,10061364,114,CDS
22694,10061618,10061896,278,CDS
22695,10062100,10062191,91,CDS
22696,10062250,10062530,280,CDS
22697,10062706,10062840,134,CDS
22698,10062900,10063039,139,CDS
22699,10063098,10063159,61,CDS
22700,10057269,10057343,74,CDS
22701,10060223,10060382,159,CDS
22702,10060687,10061189,502,CDS
22703,10061250,10061364,114,CDS
22704,10061618,10061896,278,CDS
22705,10062100,10062191,91,CDS
22706,10062250,10062530,280,CDS
22707,10062706,10062840,134,CDS
22708,10062900,10063039,139,CDS
22709,10063098,10063159,61,CDS
22710,10057269,10057343,74,CDS
22711,10060223,10060382,159,CDS
22712,10060687,10061189,502,CDS
22713,10061250,10061364,114,CDS
22714,10061618,10061896,278,CDS
22715,10062100,10062191,91,CDS
22716,10062250,10062530,280,CDS
22717,10062706,10062840,134,CDS
22718,10062900,10063039,139,CDS
22719,10063098,10063159,61,CDS
22720,10057269,10057343,74,CDS
22721,10060223,10060382,159,CDS
22722,10060687,10061189,502,CDS
22723,10061250,10061364,114,CDS
22724,10062100,10062191,91,CDS
22725,10062250,10062530,280,CDS
22726,10062706,10062840,134,CDS
22727,10062900,10063039,139,CDS
22728,10063098,10063159,61,CDS
22729,10063385,10066514,3129,gene
22730,10065703,10066514,811,mRNA
22731,10063385,10065644,2259,mRNA
22732,10065703,10066486,783,CDS
22733,10063744,10065644,1900,CDS
22734,10066650,10067242,592,gene
22735,10066650,10067242,592,mRNA
22736,10066783,10067242,459,mRNA
22737,10066814,10067188,374,CDS
22738,10066814,10067188,374,CDS
22739,10067217,10068702,1485,gene
22740,10068506,10068702,196,mRNA
22741,10068372,10068444,72,mRNA
22742,10067938,10068315,377,mRNA
22743,10067438,10067884,446,mRNA
22744,10067217,10067372,155,mRNA
22745,10068506,10068634,128,CDS
22746,10068372,10068444,72,CDS
22747,10067938,10068315,377,CDS
22748,10067438,10067884,446,CDS
22749,10067236,10067372,136,CDS
22750,10069106,10071067,1961,gene
22751,10069106,10069385,279,mRNA
22752,10069920,10070067,147,mRNA
22753,10070129,10070479,350,mRNA
22754,10070540,10071067,527,mRNA
22755,10069190,10069385,195,CDS
22756,10069920,10070067,147,CDS
22757,10070129,10070479,350,CDS
22758,10070540,10070963,423,CDS
22759,10070981,10075645,4664,gene
22760,10075463,10075645,182,mRNA
22761,10074796,10075342,546,mRNA
22762,10073760,10074645,885,mRNA
22763,10073181,10073359,178,mRNA
22764,10072154,10073118,964,mRNA
22765,10070981,10072090,1109,mRNA
22766,10075463,10075605,142,CDS
22767,10074796,10075342,546,CDS
22768,10073760,10074645,885,CDS
22769,10073181,10073359,178,CDS
22770,10072154,10073118,964,CDS
22771,10071211,10072090,879,CDS
22772,10078366,10084210,5844,gene
22773,10078366,10079182,816,mRNA
22774,10081507,10081632,125,mRNA
22775,10082642,10082967,325,mRNA
22776,10083030,10083134,104,mRNA
22777,10083262,10083326,64,mRNA
22778,10083404,10083493,89,mRNA
22779,10083574,10084210,636,mRNA
22780,10078366,10079182,816,mRNA
22781,10081507,10081632,125,mRNA
22782,10082642,10082967,325,mRNA
22783,10083030,10083134,104,mRNA
22784,10083262,10083326,64,mRNA
22785,10083422,10083493,71,mRNA
22786,10083574,10084210,636,mRNA
22787,10079012,10079182,170,CDS
22788,10081507,10081632,125,CDS
22789,10082642,10082967,325,CDS
22790,10083030,10083134,104,CDS
22791,10083262,10083326,64,CDS
22792,10083404,10083493,89,CDS
22793,10083574,10083938,364,CDS
22794,10079012,10079182,170,CDS
22795,10081507,10081632,125,CDS
22796,10082642,10082967,325,CDS
22797,10083030,10083134,104,CDS
22798,10083262,10083326,64,CDS
22799,10083422,10083493,71,CDS
22800,10083574,10083938,364,CDS
22801,10080613,10080694,81,gene
22802,10080613,10080694,81,ncRNA
22803,10080788,10080924,136,gene
22804,10080788,10080924,136,ncRNA
22805,10081188,10081325,137,gene
22806,10081188,10081325,137,ncRNA
22807,10082253,10082322,69,gene
22808,10082253,10082322,69,ncRNA
22809,10085169,10096416,11247,gene
22810,10085169,10085422,253,mRNA
22811,10090543,10090799,256,mRNA
22812,10091757,10091996,239,mRNA
22813,10093144,10094143,999,mRNA
22814,10094203,10094634,431,mRNA
22815,10094696,10094978,282,mRNA
22816,10095049,10096416,1367,mRNA
22817,10085442,10087127,1685,gene
22818,10085442,10087127,1685,mRNA
22819,10085629,10086963,1334,CDS
22820,10087566,10087768,202,mRNA
22821,10090543,10090799,256,mRNA
22822,10091757,10091996,239,mRNA
22823,10093144,10094143,999,mRNA
22824,10094203,10094634,431,mRNA
22825,10094696,10094978,282,mRNA
22826,10095049,10096416,1367,mRNA
22827,10087566,10087768,202,mRNA
22828,10090543,10090799,256,mRNA
22829,10093144,10094143,999,mRNA
22830,10094203,10094634,431,mRNA
22831,10094696,10094978,282,mRNA
22832,10095049,10096416,1367,mRNA
22833,10087566,10087604,38,mRNA
22834,10090543,10090799,256,mRNA
22835,10093144,10094143,999,mRNA
22836,10094203,10094634,431,mRNA
22837,10094696,10094978,282,mRNA
22838,10095049,10096416,1367,mRNA
22839,10090598,10090799,201,CDS
22840,10091757,10091996,239,CDS
22841,10093144,10094143,999,CDS
22842,10094203,10094634,431,CDS
22843,10094696,10094978,282,CDS
22844,10095049,10095243,194,CDS
22845,10090598,10090799,201,CDS
22846,10091757,10091996,239,CDS
22847,10093144,10094143,999,CDS
22848,10094203,10094634,431,CDS
22849,10094696,10094978,282,CDS
22850,10095049,10095243,194,CDS
22851,10090598,10090799,201,CDS
22852,10093144,10094143,999,CDS
22853,10094203,10094634,431,CDS
22854,10094696,10094978,282,CDS
22855,10095049,10095243,194,CDS
22856,10090598,10090799,201,CDS
22857,10093144,10094143,999,CDS
22858,10094203,10094634,431,CDS
22859,10094696,10094978,282,CDS
22860,10095049,10095243,194,CDS
22861,10096480,10098556,2076,gene
22862,10096480,10096596,116,mRNA
22863,10097005,10097138,133,mRNA
22864,10097243,10098556,1313,mRNA
22865,10096928,10097138,210,mRNA
22866,10097243,10098556,1313,mRNA
22867,10096928,10097138,210,mRNA
22868,10097243,10098556,1313,mRNA
22869,10097267,10098385,1118,CDS
22870,10097267,10098136,869,CDS
22871,10097267,10098136,869,CDS
22872,10098518,10099590,1072,gene
22873,10099459,10099590,131,mRNA
22874,10099146,10099393,247,mRNA
22875,10098518,10099085,567,mRNA
22876,10099459,10099486,27,CDS
22877,10099146,10099393,247,CDS
22878,10098591,10099085,494,CDS
22879,10099677,10109687,10010,gene
22880,10099677,10099850,173,mRNA
22881,10104256,10104409,153,mRNA
22882,10104717,10104830,113,mRNA
22883,10104941,10105067,126,mRNA
22884,10105702,10105825,123,mRNA
22885,10105941,10106104,163,mRNA
22886,10107467,10109687,2220,mRNA
22887,10099677,10099850,173,mRNA
22888,10104256,10104409,153,mRNA
22889,10104717,10104830,113,mRNA
22890,10104941,10105067,126,mRNA
22891,10105702,10105825,123,mRNA
22892,10106289,10106452,163,mRNA
22893,10107467,10109687,2220,mRNA
22894,10099677,10099738,61,mRNA
22895,10104256,10104409,153,mRNA
22896,10104717,10104830,113,mRNA
22897,10104941,10105067,126,mRNA
22898,10105702,10105825,123,mRNA
22899,10106289,10106452,163,mRNA
22900,10107467,10109687,2220,mRNA
22901,10099677,10099738,61,mRNA
22902,10104256,10104409,153,mRNA
22903,10104717,10104830,113,mRNA
22904,10104941,10105067,126,mRNA
22905,10105702,10105825,123,mRNA
22906,10106634,10106797,163,mRNA
22907,10107467,10108474,1007,mRNA
22908,10101036,10101177,141,mRNA
22909,10104256,10104409,153,mRNA
22910,10104717,10104830,113,mRNA
22911,10104941,10105067,126,mRNA
22912,10105702,10105825,123,mRNA
22913,10106289,10106452,163,mRNA
22914,10107467,10109687,2220,mRNA
22915,10101036,10101097,61,mRNA
22916,10104256,10104409,153,mRNA
22917,10104717,10104830,113,mRNA
22918,10104941,10105067,126,mRNA
22919,10105702,10105825,123,mRNA
22920,10105941,10106104,163,mRNA
22921,10107467,10109687,2220,mRNA
22922,10101036,10101097,61,mRNA
22923,10104256,10104409,153,mRNA
22924,10104717,10104830,113,mRNA
22925,10104941,10105067,126,mRNA
22926,10105702,10105825,123,mRNA
22927,10106634,10106797,163,mRNA
22928,10107467,10109687,2220,mRNA
22929,10101036,10101097,61,mRNA
22930,10104256,10104409,153,mRNA
22931,10104717,10104830,113,mRNA
22932,10104941,10105067,126,mRNA
22933,10105702,10105825,123,mRNA
22934,10105941,10106104,163,mRNA
22935,10107467,10108474,1007,mRNA
22936,10101036,10101097,61,mRNA
22937,10104256,10104409,153,mRNA
22938,10104717,10104830,113,mRNA
22939,10104941,10105067,126,mRNA
22940,10105702,10105825,123,mRNA
22941,10106289,10106452,163,mRNA
22942,10107467,10108474,1007,mRNA
22943,10101036,10101097,61,mRNA
22944,10104256,10104409,153,mRNA
22945,10104717,10104830,113,mRNA
22946,10104941,10105067,126,mRNA
22947,10105702,10105825,123,mRNA
22948,10106289,10106452,163,mRNA
22949,10107467,10107695,228,mRNA
22950,10103122,10103141,19,mRNA
22951,10104256,10104409,153,mRNA
22952,10104717,10104830,113,mRNA
22953,10104941,10105067,126,mRNA
22954,10105702,10105825,123,mRNA
22955,10105941,10106104,163,mRNA
22956,10107467,10109687,2220,mRNA
22957,10104115,10104183,68,mRNA
22958,10104256,10104409,153,mRNA
22959,10104717,10104830,113,mRNA
22960,10104941,10105067,126,mRNA
22961,10105702,10105825,123,mRNA
22962,10105941,10106104,163,mRNA
22963,10107467,10108474,1007,mRNA
22964,10104348,10104409,61,CDS
22965,10104717,10104830,113,CDS
22966,10104941,10105067,126,CDS
22967,10105702,10105825,123,CDS
22968,10105941,10106104,163,CDS
22969,10107467,10107622,155,CDS
22970,10104348,10104409,61,CDS
22971,10104717,10104830,113,CDS
22972,10104941,10105067,126,CDS
22973,10105702,10105825,123,CDS
22974,10105941,10106104,163,CDS
22975,10107467,10107622,155,CDS
22976,10104348,10104409,61,CDS
22977,10104717,10104830,113,CDS
22978,10104941,10105067,126,CDS
22979,10105702,10105825,123,CDS
22980,10105941,10106104,163,CDS
22981,10107467,10107622,155,CDS
22982,10104348,10104409,61,CDS
22983,10104717,10104830,113,CDS
22984,10104941,10105067,126,CDS
22985,10105702,10105825,123,CDS
22986,10105941,10106104,163,CDS
22987,10107467,10107622,155,CDS
22988,10104348,10104409,61,CDS
22989,10104717,10104830,113,CDS
22990,10104941,10105067,126,CDS
22991,10105702,10105825,123,CDS
22992,10105941,10106104,163,CDS
22993,10107467,10107622,155,CDS
22994,10104348,10104409,61,CDS
22995,10104717,10104830,113,CDS
22996,10104941,10105067,126,CDS
22997,10105702,10105825,123,CDS
22998,10106289,10106452,163,CDS
22999,10107467,10107622,155,CDS
23000,10104348,10104409,61,CDS
23001,10104717,10104830,113,CDS
23002,10104941,10105067,126,CDS
23003,10105702,10105825,123,CDS
23004,10106289,10106452,163,CDS
23005,10107467,10107622,155,CDS
23006,10104348,10104409,61,CDS
23007,10104717,10104830,113,CDS
23008,10104941,10105067,126,CDS
23009,10105702,10105825,123,CDS
23010,10106289,10106452,163,CDS
23011,10107467,10107622,155,CDS
23012,10104348,10104409,61,CDS
23013,10104717,10104830,113,CDS
23014,10104941,10105067,126,CDS
23015,10105702,10105825,123,CDS
23016,10106289,10106452,163,CDS
23017,10107467,10107622,155,CDS
23018,10104348,10104409,61,CDS
23019,10104717,10104830,113,CDS
23020,10104941,10105067,126,CDS
23021,10105702,10105825,123,CDS
23022,10106289,10106452,163,CDS
23023,10107467,10107622,155,CDS
23024,10104348,10104409,61,CDS
23025,10104717,10104830,113,CDS
23026,10104941,10105067,126,CDS
23027,10105702,10105825,123,CDS
23028,10106634,10106797,163,CDS
23029,10107467,10107622,155,CDS
23030,10104348,10104409,61,CDS
23031,10104717,10104830,113,CDS
23032,10104941,10105067,126,CDS
23033,10105702,10105825,123,CDS
23034,10106634,10106797,163,CDS
23035,10107467,10107622,155,CDS
23036,10109740,10117457,7717,gene
23037,10109740,10109885,145,mRNA
23038,10109933,10110053,120,mRNA
23039,10110106,10110173,67,mRNA
23040,10110232,10110547,315,mRNA
23041,10112617,10112958,341,mRNA
23042,10113016,10113170,154,mRNA
23043,10113285,10113393,108,mRNA
23044,10114917,10115105,188,mRNA
23045,10115315,10115757,442,mRNA
23046,10115815,10116657,842,mRNA
23047,10116737,10117137,400,mRNA
23048,10109740,10109885,145,mRNA
23049,10109951,10110053,102,mRNA
23050,10110106,10110173,67,mRNA
23051,10110232,10110547,315,mRNA
23052,10111474,10111575,101,mRNA
23053,10112617,10112958,341,mRNA
23054,10113016,10113170,154,mRNA
23055,10113285,10113393,108,mRNA
23056,10114917,10115105,188,mRNA
23057,10115315,10115757,442,mRNA
23058,10115815,10116657,842,mRNA
23059,10116737,10117137,400,mRNA
23060,10109740,10109885,145,mRNA
23061,10109951,10110053,102,mRNA
23062,10110106,10110173,67,mRNA
23063,10110232,10110547,315,mRNA
23064,10111474,10111575,101,mRNA
23065,10112617,10112958,341,mRNA
23066,10113016,10113170,154,mRNA
23067,10113543,10113651,108,mRNA
23068,10114917,10115105,188,mRNA
23069,10115315,10115757,442,mRNA
23070,10115815,10116657,842,mRNA
23071,10116737,10117137,400,mRNA
23072,10109842,10109885,43,CDS
23073,10109933,10110053,120,CDS
23074,10110106,10110173,67,CDS
23075,10110232,10110547,315,CDS
23076,10112617,10112958,341,CDS
23077,10113016,10113170,154,CDS
23078,10113285,10113393,108,CDS
23079,10114917,10115105,188,CDS
23080,10115315,10115757,442,CDS
23081,10115815,10116657,842,CDS
23082,10116737,10116875,138,CDS
23083,10109842,10109885,43,CDS
23084,10109951,10110053,102,CDS
23085,10110106,10110173,67,CDS
23086,10110232,10110547,315,CDS
23087,10111474,10111575,101,CDS
23088,10112617,10112958,341,CDS
23089,10113016,10113170,154,CDS
23090,10113285,10113393,108,CDS
23091,10114917,10115105,188,CDS
23092,10115315,10115757,442,CDS
23093,10115815,10116657,842,CDS
23094,10116737,10116875,138,CDS
23095,10109842,10109885,43,CDS
23096,10109951,10110053,102,CDS
23097,10110106,10110173,67,CDS
23098,10110232,10110547,315,CDS
23099,10111474,10111575,101,CDS
23100,10112617,10112958,341,CDS
23101,10113016,10113170,154,CDS
23102,10113543,10113651,108,CDS
23103,10114917,10115105,188,CDS
23104,10115315,10115757,442,CDS
23105,10115815,10116657,842,CDS
23106,10116737,10116875,138,CDS
23107,10110870,10111575,705,mRNA
23108,10112617,10112958,341,mRNA
23109,10113016,10113170,154,mRNA
23110,10113543,10113651,108,mRNA
23111,10114917,10115105,188,mRNA
23112,10115315,10115757,442,mRNA
23113,10115815,10116657,842,mRNA
23114,10116737,10117457,720,mRNA
23115,10110870,10111575,705,mRNA
23116,10112617,10112958,341,mRNA
23117,10113016,10113170,154,mRNA
23118,10114126,10114234,108,mRNA
23119,10114917,10115105,188,mRNA
23120,10115315,10115757,442,mRNA
23121,10115815,10116657,842,mRNA
23122,10116737,10117137,400,mRNA
23123,10111429,10111575,146,CDS
23124,10112617,10112958,341,CDS
23125,10113016,10113170,154,CDS
23126,10113543,10113651,108,CDS
23127,10114917,10115105,188,CDS
23128,10115315,10115757,442,CDS
23129,10115815,10116657,842,CDS
23130,10116737,10116875,138,CDS
23131,10111429,10111575,146,CDS
23132,10112617,10112958,341,CDS
23133,10113016,10113170,154,CDS
23134,10114126,10114234,108,CDS
23135,10114917,10115105,188,CDS
23136,10115315,10115757,442,CDS
23137,10115815,10116657,842,CDS
23138,10116737,10116875,138,CDS
23139,10117694,10121451,3757,gene
23140,10117694,10117899,205,mRNA
23141,10118032,10118542,510,mRNA
23142,10119479,10119727,248,mRNA
23143,10119792,10119990,198,mRNA
23144,10120051,10120358,307,mRNA
23145,10120412,10121451,1039,mRNA
23146,10117694,10117868,174,mRNA
23147,10118032,10118542,510,mRNA
23148,10119479,10119727,248,mRNA
23149,10119792,10119990,198,mRNA
23150,10120051,10120358,307,mRNA
23151,10120412,10121451,1039,mRNA
23152,10118102,10118542,440,CDS
23153,10119479,10119727,248,CDS
23154,10119792,10119990,198,CDS
23155,10120051,10120358,307,CDS
23156,10120412,10121026,614,CDS
23157,10118102,10118542,440,CDS
23158,10119479,10119727,248,CDS
23159,10119792,10119990,198,CDS
23160,10120051,10120358,307,CDS
23161,10120412,10121026,614,CDS
23162,10121486,10122574,1088,gene
23163,10122510,10122574,64,mRNA
23164,10121815,10122440,625,mRNA
23165,10121486,10121753,267,mRNA
23166,10122510,10122574,64,mRNA
23167,10121815,10122458,643,mRNA
23168,10121573,10121753,180,mRNA
23169,10122510,10122524,14,CDS
23170,10121815,10122440,625,CDS
23171,10121618,10121753,135,CDS
23172,10122510,10122524,14,CDS
23173,10121815,10122458,643,CDS
23174,10121618,10121753,135,CDS
23175,10124293,10137472,13179,gene
23176,10124293,10137472,13179,gene
23177,10124293,10127577,3284,mRNA
23178,10128581,10128692,111,mRNA
23179,10128784,10129029,245,mRNA
23180,10131622,10131694,72,mRNA
23181,10131774,10132160,386,mRNA
23182,10132305,10132449,144,mRNA
23183,10132750,10133223,473,mRNA
23184,10133842,10134017,175,mRNA
23185,10135468,10135672,204,mRNA
23186,10135742,10135857,115,mRNA
23187,10136461,10136535,74,mRNA
23188,10136595,10137472,877,mRNA
23189,10124293,10127577,3284,mRNA
23190,10128581,10128692,111,mRNA
23191,10128784,10129029,245,mRNA
23192,10131622,10131694,72,mRNA
23193,10131774,10132160,386,mRNA
23194,10132305,10132449,144,mRNA
23195,10132750,10133223,473,mRNA
23196,10133842,10134017,175,mRNA
23197,10135468,10135672,204,mRNA
23198,10135742,10135857,115,mRNA
23199,10136461,10136535,74,mRNA
23200,10136595,10137472,877,mRNA
23201,10125496,10127577,2081,mRNA
23202,10128581,10128692,111,mRNA
23203,10128823,10129029,206,mRNA
23204,10131622,10131694,72,mRNA
23205,10131774,10132160,386,mRNA
23206,10132305,10132449,144,mRNA
23207,10132750,10133223,473,mRNA
23208,10133842,10134017,175,mRNA
23209,10135468,10135672,204,mRNA
23210,10135742,10135857,115,mRNA
23211,10136461,10136535,74,mRNA
23212,10136595,10137472,877,mRNA
23213,10125496,10127577,2081,mRNA
23214,10128581,10128692,111,mRNA
23215,10128823,10129029,206,mRNA
23216,10131622,10131694,72,mRNA
23217,10131774,10132160,386,mRNA
23218,10132305,10132449,144,mRNA
23219,10132750,10133223,473,mRNA
23220,10133842,10134017,175,mRNA
23221,10135468,10135672,204,mRNA
23222,10135742,10135857,115,mRNA
23223,10136461,10136535,74,mRNA
23224,10136595,10137472,877,mRNA
23225,10125912,10127577,1665,mRNA
23226,10128581,10128692,111,mRNA
23227,10128823,10129029,206,mRNA
23228,10131622,10131694,72,mRNA
23229,10131774,10132160,386,mRNA
23230,10132305,10132449,144,mRNA
23231,10132750,10133223,473,mRNA
23232,10133842,10134017,175,mRNA
23233,10135468,10135672,204,mRNA
23234,10135742,10135857,115,mRNA
23235,10136461,10136535,74,mRNA
23236,10136595,10137472,877,mRNA
23237,10125912,10127577,1665,mRNA
23238,10128581,10128692,111,mRNA
23239,10128823,10129029,206,mRNA
23240,10131622,10131694,72,mRNA
23241,10131774,10132160,386,mRNA
23242,10132305,10132449,144,mRNA
23243,10132750,10133223,473,mRNA
23244,10133842,10134017,175,mRNA
23245,10135468,10135672,204,mRNA
23246,10135742,10135857,115,mRNA
23247,10136461,10136535,74,mRNA
23248,10136595,10137472,877,mRNA
23249,10126440,10126619,179,CDS
23250,10126440,10126619,179,CDS
23251,10126440,10126619,179,CDS
23252,10127206,10127577,371,CDS
23253,10128581,10128692,111,CDS
23254,10128784,10129029,245,CDS
23255,10131622,10131694,72,CDS
23256,10131774,10132160,386,CDS
23257,10132305,10132449,144,CDS
23258,10132750,10133223,473,CDS
23259,10133842,10134017,175,CDS
23260,10135468,10135672,204,CDS
23261,10135742,10135857,115,CDS
23262,10136461,10136535,74,CDS
23263,10136595,10137012,417,CDS
23264,10127206,10127577,371,CDS
23265,10128581,10128692,111,CDS
23266,10128823,10129029,206,CDS
23267,10131622,10131694,72,CDS
23268,10131774,10132160,386,CDS
23269,10132305,10132449,144,CDS
23270,10132750,10133223,473,CDS
23271,10133842,10134017,175,CDS
23272,10135468,10135672,204,CDS
23273,10135742,10135857,115,CDS
23274,10136461,10136535,74,CDS
23275,10136595,10137012,417,CDS
23276,10127206,10127577,371,CDS
23277,10128581,10128692,111,CDS
23278,10128823,10129029,206,CDS
23279,10131622,10131694,72,CDS
23280,10131774,10132160,386,CDS
23281,10132305,10132449,144,CDS
23282,10132750,10133223,473,CDS
23283,10133842,10134017,175,CDS
23284,10135468,10135672,204,CDS
23285,10135742,10135857,115,CDS
23286,10136461,10136535,74,CDS
23287,10136595,10137012,417,CDS
23288,10135321,10135399,78,mRNA
23289,10135468,10135672,204,mRNA
23290,10135742,10135857,115,mRNA
23291,10136461,10136535,74,mRNA
23292,10136595,10137472,877,mRNA
23293,10135469,10135672,203,CDS
23294,10135742,10135857,115,CDS
23295,10136461,10136535,74,CDS
23296,10136595,10137012,417,CDS
23297,10137656,10139267,1611,gene
23298,10137656,10137876,220,mRNA
23299,10137941,10138333,392,mRNA
23300,10138392,10139267,875,mRNA
23301,10137807,10137876,69,CDS
23302,10137941,10138333,392,CDS
23303,10138392,10138999,607,CDS
23304,10139262,10142074,2812,gene
23305,10139262,10142074,2812,ncRNA
23306,10139262,10140654,1392,ncRNA
23307,10139264,10142074,2810,gene
23308,10139264,10140254,990,mRNA
23309,10140347,10140435,88,mRNA
23310,10140492,10140666,174,mRNA
23311,10141981,10142074,93,mRNA
23312,10139427,10140254,827,CDS
23313,10140347,10140435,88,CDS
23314,10140492,10140666,174,CDS
23315,10141981,10142034,53,CDS
23316,10140819,10141919,1100,mRNA
23317,10141981,10142074,93,mRNA
23318,10140819,10141919,1100,CDS
23319,10141981,10142034,53,CDS
23320,10142338,10146206,3868,gene
23321,10142338,10143138,800,mRNA
23322,10143193,10143348,155,mRNA
23323,10143409,10143670,261,mRNA
23324,10143730,10143882,152,mRNA
23325,10143945,10144088,143,mRNA
23326,10144142,10144277,135,mRNA
23327,10144354,10144809,455,mRNA
23328,10144872,10145058,186,mRNA
23329,10145117,10145349,232,mRNA
23330,10145406,10146206,800,mRNA
23331,10142385,10143138,753,CDS
23332,10143193,10143348,155,CDS
23333,10143409,10143670,261,CDS
23334,10143730,10143882,152,CDS
23335,10143945,10144088,143,CDS
23336,10144142,10144277,135,CDS
23337,10144354,10144809,455,CDS
23338,10144872,10145058,186,CDS
23339,10145117,10145349,232,CDS
23340,10145406,10145882,476,CDS
23341,10145897,10192394,46497,gene
23342,10191978,10192394,416,mRNA
23343,10154449,10154634,185,mRNA
23344,10154042,10154259,217,mRNA
23345,10153808,10153983,175,mRNA
23346,10153476,10153601,125,mRNA
23347,10153307,10153417,110,mRNA
23348,10152904,10153091,187,mRNA
23349,10150856,10151052,196,mRNA
23350,10148082,10148152,70,mRNA
23351,10147920,10148004,84,mRNA
23352,10147646,10147688,42,mRNA
23353,10147485,10147581,96,mRNA
23354,10147059,10147412,353,mRNA
23355,10146891,10146994,103,mRNA
23356,10146708,10146823,115,mRNA
23357,10146229,10146443,214,mRNA
23358,10145897,10146161,264,mRNA
23359,10154731,10154877,146,mRNA
23360,10154449,10154634,185,mRNA
23361,10154042,10154259,217,mRNA
23362,10153808,10153983,175,mRNA
23363,10153476,10153601,125,mRNA
23364,10153307,10153417,110,mRNA
23365,10152904,10153091,187,mRNA
23366,10150856,10151052,196,mRNA
23367,10148082,10148152,70,mRNA
23368,10147920,10148004,84,mRNA
23369,10147646,10147688,42,mRNA
23370,10147485,10147581,96,mRNA
23371,10147059,10147412,353,mRNA
23372,10146891,10146994,103,mRNA
23373,10146708,10146823,115,mRNA
23374,10146229,10146443,214,mRNA
23375,10145897,10146161,264,mRNA
23376,10154722,10154877,155,mRNA
23377,10154449,10154634,185,mRNA
23378,10154042,10154259,217,mRNA
23379,10153808,10153983,175,mRNA
23380,10153476,10153601,125,mRNA
23381,10153307,10153417,110,mRNA
23382,10152904,10153091,187,mRNA
23383,10150856,10151052,196,mRNA
23384,10148082,10148152,70,mRNA
23385,10147920,10148004,84,mRNA
23386,10147646,10147688,42,mRNA
23387,10147485,10147581,96,mRNA
23388,10147059,10147412,353,mRNA
23389,10146708,10146846,138,mRNA
23390,10146229,10146443,214,mRNA
23391,10145897,10146161,264,mRNA
23392,10154722,10154877,155,mRNA
23393,10154449,10154634,185,mRNA
23394,10154042,10154259,217,mRNA
23395,10153808,10153983,175,mRNA
23396,10153476,10153601,125,mRNA
23397,10153307,10153417,110,mRNA
23398,10152904,10153091,187,mRNA
23399,10150856,10151052,196,mRNA
23400,10148082,10148152,70,mRNA
23401,10147920,10148004,84,mRNA
23402,10147646,10147688,42,mRNA
23403,10147485,10147581,96,mRNA
23404,10147059,10147412,353,mRNA
23405,10146891,10146994,103,mRNA
23406,10146708,10146823,115,mRNA
23407,10146229,10146443,214,mRNA
23408,10145897,10146161,264,mRNA
23409,10154722,10154877,155,mRNA
23410,10154449,10154634,185,mRNA
23411,10154042,10154259,217,mRNA
23412,10153808,10153983,175,mRNA
23413,10153476,10153601,125,mRNA
23414,10153307,10153417,110,mRNA
23415,10152904,10153091,187,mRNA
23416,10150856,10151052,196,mRNA
23417,10148082,10148209,127,mRNA
23418,10147920,10148004,84,mRNA
23419,10147646,10147688,42,mRNA
23420,10147485,10147581,96,mRNA
23421,10147059,10147412,353,mRNA
23422,10146891,10146994,103,mRNA
23423,10146708,10146823,115,mRNA
23424,10146229,10146443,214,mRNA
23425,10145897,10146161,264,mRNA
23426,10154722,10154877,155,mRNA
23427,10154449,10154634,185,mRNA
23428,10154042,10154259,217,mRNA
23429,10153808,10153983,175,mRNA
23430,10153476,10153601,125,mRNA
23431,10153307,10153417,110,mRNA
23432,10152904,10153091,187,mRNA
23433,10150856,10151052,196,mRNA
23434,10149348,10149440,92,mRNA
23435,10148082,10148152,70,mRNA
23436,10147920,10148004,84,mRNA
23437,10147646,10147688,42,mRNA
23438,10147485,10147581,96,mRNA
23439,10147059,10147412,353,mRNA
23440,10146891,10146994,103,mRNA
23441,10146708,10146823,115,mRNA
23442,10146229,10146443,214,mRNA
23443,10145897,10146161,264,mRNA
23444,10154722,10154877,155,mRNA
23445,10154449,10154634,185,mRNA
23446,10154042,10154259,217,mRNA
23447,10153808,10153983,175,mRNA
23448,10153476,10153601,125,mRNA
23449,10153307,10153417,110,mRNA
23450,10152904,10153091,187,mRNA
23451,10150856,10151052,196,mRNA
23452,10149348,10149440,92,mRNA
23453,10148633,10149094,461,mRNA
23454,10148082,10148152,70,mRNA
23455,10147920,10148004,84,mRNA
23456,10147646,10147688,42,mRNA
23457,10147485,10147581,96,mRNA
23458,10147059,10147412,353,mRNA
23459,10146891,10146994,103,mRNA
23460,10146708,10146823,115,mRNA
23461,10146229,10146443,214,mRNA
23462,10145897,10146161,264,mRNA
23463,10154722,10154877,155,mRNA
23464,10154449,10154634,185,mRNA
23465,10154042,10154259,217,mRNA
23466,10153808,10153983,175,mRNA
23467,10153476,10153601,125,mRNA
23468,10153307,10153417,110,mRNA
23469,10152904,10153091,187,mRNA
23470,10152378,10152422,44,mRNA
23471,10150856,10151052,196,mRNA
23472,10148082,10148152,70,mRNA
23473,10147920,10148004,84,mRNA
23474,10147646,10147688,42,mRNA
23475,10147485,10147581,96,mRNA
23476,10147059,10147412,353,mRNA
23477,10146891,10146994,103,mRNA
23478,10146708,10146823,115,mRNA
23479,10146229,10146443,214,mRNA
23480,10145897,10146161,264,mRNA
23481,10154731,10154774,43,CDS
23482,10154449,10154634,185,CDS
23483,10154042,10154259,217,CDS
23484,10153808,10153983,175,CDS
23485,10153476,10153601,125,CDS
23486,10153307,10153417,110,CDS
23487,10152904,10153091,187,CDS
23488,10150856,10151052,196,CDS
23489,10148082,10148152,70,CDS
23490,10147920,10148004,84,CDS
23491,10147646,10147688,42,CDS
23492,10147485,10147581,96,CDS
23493,10147059,10147412,353,CDS
23494,10146891,10146994,103,CDS
23495,10146708,10146823,115,CDS
23496,10146229,10146443,214,CDS
23497,10146075,10146161,86,CDS
23498,10154722,10154774,52,CDS
23499,10154449,10154634,185,CDS
23500,10154042,10154259,217,CDS
23501,10153808,10153983,175,CDS
23502,10153476,10153601,125,CDS
23503,10153307,10153417,110,CDS
23504,10152904,10153091,187,CDS
23505,10150856,10151052,196,CDS
23506,10148082,10148152,70,CDS
23507,10147920,10148004,84,CDS
23508,10147646,10147688,42,CDS
23509,10147485,10147581,96,CDS
23510,10147059,10147412,353,CDS
23511,10146708,10146846,138,CDS
23512,10146229,10146443,214,CDS
23513,10146075,10146161,86,CDS
23514,10154722,10154774,52,CDS
23515,10154449,10154634,185,CDS
23516,10154042,10154259,217,CDS
23517,10153808,10153983,175,CDS
23518,10153476,10153601,125,CDS
23519,10153307,10153417,110,CDS
23520,10152904,10153091,187,CDS
23521,10150856,10151052,196,CDS
23522,10148082,10148152,70,CDS
23523,10147920,10148004,84,CDS
23524,10147646,10147688,42,CDS
23525,10147485,10147581,96,CDS
23526,10147059,10147412,353,CDS
23527,10146891,10146994,103,CDS
23528,10146708,10146823,115,CDS
23529,10146229,10146443,214,CDS
23530,10146075,10146161,86,CDS
23531,10154722,10154774,52,CDS
23532,10154449,10154634,185,CDS
23533,10154042,10154259,217,CDS
23534,10153808,10153983,175,CDS
23535,10153476,10153601,125,CDS
23536,10153307,10153417,110,CDS
23537,10152904,10153091,187,CDS
23538,10150856,10151052,196,CDS
23539,10148082,10148209,127,CDS
23540,10147920,10148004,84,CDS
23541,10147646,10147688,42,CDS
23542,10147485,10147581,96,CDS
23543,10147059,10147412,353,CDS
23544,10146891,10146994,103,CDS
23545,10146708,10146823,115,CDS
23546,10146229,10146443,214,CDS
23547,10146075,10146161,86,CDS
23548,10154722,10154774,52,CDS
23549,10154449,10154634,185,CDS
23550,10154042,10154259,217,CDS
23551,10153808,10153983,175,CDS
23552,10153476,10153601,125,CDS
23553,10153307,10153417,110,CDS
23554,10152904,10153091,187,CDS
23555,10150856,10151052,196,CDS
23556,10149348,10149440,92,CDS
23557,10148082,10148152,70,CDS
23558,10147920,10148004,84,CDS
23559,10147646,10147688,42,CDS
23560,10147485,10147581,96,CDS
23561,10147059,10147412,353,CDS
23562,10146891,10146994,103,CDS
23563,10146708,10146823,115,CDS
23564,10146229,10146443,214,CDS
23565,10146075,10146161,86,CDS
23566,10154722,10154774,52,CDS
23567,10154449,10154634,185,CDS
23568,10154042,10154259,217,CDS
23569,10153808,10153983,175,CDS
23570,10153476,10153601,125,CDS
23571,10153307,10153417,110,CDS
23572,10152904,10153091,187,CDS
23573,10150856,10151052,196,CDS
23574,10149348,10149440,92,CDS
23575,10148633,10149094,461,CDS
23576,10148082,10148152,70,CDS
23577,10147920,10148004,84,CDS
23578,10147646,10147688,42,CDS
23579,10147485,10147581,96,CDS
23580,10147059,10147412,353,CDS
23581,10146891,10146994,103,CDS
23582,10146708,10146823,115,CDS
23583,10146229,10146443,214,CDS
23584,10146075,10146161,86,CDS
23585,10154722,10154774,52,CDS
23586,10154449,10154634,185,CDS
23587,10154042,10154259,217,CDS
23588,10153808,10153983,175,CDS
23589,10153476,10153601,125,CDS
23590,10153307,10153417,110,CDS
23591,10152904,10153091,187,CDS
23592,10152378,10152422,44,CDS
23593,10150856,10151052,196,CDS
23594,10148082,10148152,70,CDS
23595,10147920,10148004,84,CDS
23596,10147646,10147688,42,CDS
23597,10147485,10147581,96,CDS
23598,10147059,10147412,353,CDS
23599,10146891,10146994,103,CDS
23600,10146708,10146823,115,CDS
23601,10146229,10146443,214,CDS
23602,10146075,10146161,86,CDS
23603,10154449,10154585,136,CDS
23604,10154042,10154259,217,CDS
23605,10153808,10153983,175,CDS
23606,10153476,10153601,125,CDS
23607,10153307,10153417,110,CDS
23608,10152904,10153091,187,CDS
23609,10150856,10151052,196,CDS
23610,10148082,10148152,70,CDS
23611,10147920,10148004,84,CDS
23612,10147646,10147688,42,CDS
23613,10147485,10147581,96,CDS
23614,10147059,10147412,353,CDS
23615,10146891,10146994,103,CDS
23616,10146708,10146823,115,CDS
23617,10146229,10146443,214,CDS
23618,10146075,10146161,86,CDS
23619,10154722,10154877,155,mRNA
23620,10154449,10154634,185,mRNA
23621,10154042,10154259,217,mRNA
23622,10153808,10153983,175,mRNA
23623,10153476,10153601,125,mRNA
23624,10153307,10153417,110,mRNA
23625,10152904,10153091,187,mRNA
23626,10150856,10151052,196,mRNA
23627,10148082,10148152,70,mRNA
23628,10147920,10148004,84,mRNA
23629,10147646,10147688,42,mRNA
23630,10147485,10147581,96,mRNA
23631,10147059,10147412,353,mRNA
23632,10146638,10146846,208,mRNA
23633,10154722,10154774,52,CDS
23634,10154449,10154634,185,CDS
23635,10154042,10154259,217,CDS
23636,10153808,10153983,175,CDS
23637,10153476,10153601,125,CDS
23638,10153307,10153417,110,CDS
23639,10152904,10153091,187,CDS
23640,10150856,10151052,196,CDS
23641,10148082,10148152,70,CDS
23642,10147920,10148004,84,CDS
23643,10147646,10147688,42,CDS
23644,10147485,10147581,96,CDS
23645,10147059,10147412,353,CDS
23646,10146700,10146846,146,CDS
23647,10152717,10154345,1628,gene
23648,10152717,10152773,56,ncRNA
23649,10152876,10153106,230,ncRNA
23650,10153299,10153973,674,ncRNA
23651,10154053,10154345,292,ncRNA
23652,10153810,10153973,163,ncRNA
23653,10154053,10154345,292,ncRNA
23654,10155916,10158931,3015,gene
23655,10155916,10158584,2668,mRNA
23656,10156390,10158931,2541,mRNA
23657,10156390,10158584,2194,mRNA
23658,10156670,10158049,1379,CDS
23659,10156670,10158049,1379,CDS
23660,10156670,10158049,1379,CDS
23661,10176935,10186043,9108,mobile_element
23662,10197136,10199711,2575,gene
23663,10199566,10199711,145,mRNA
23664,10198373,10198446,73,mRNA
23665,10197136,10198080,944,mRNA
23666,10199566,10199711,145,mRNA
23667,10198373,10198446,73,mRNA
23668,10197549,10198080,531,mRNA
23669,10199566,10199583,17,CDS
23670,10198373,10198446,73,CDS
23671,10197843,10198080,237,CDS
23672,10199566,10199583,17,CDS
23673,10198373,10198446,73,CDS
23674,10197843,10198080,237,CDS
23675,10203995,10237348,33353,gene
23676,10232024,10234607,2583,mRNA
23677,10209880,10210107,227,mRNA
23678,10209440,10209608,168,mRNA
23679,10209101,10209264,163,mRNA
23680,10208921,10209024,103,mRNA
23681,10208706,10208852,146,mRNA
23682,10208401,10208644,243,mRNA
23683,10208191,10208341,150,mRNA
23684,10203995,10208128,4133,mRNA
23685,10227329,10227957,628,mRNA
23686,10222477,10224024,1547,mRNA
23687,10209880,10210107,227,mRNA
23688,10209440,10209608,168,mRNA
23689,10209101,10209270,169,mRNA
23690,10208921,10209024,103,mRNA
23691,10208706,10208852,146,mRNA
23692,10208401,10208644,243,mRNA
23693,10208191,10208341,150,mRNA
23694,10203995,10208128,4133,mRNA
23695,10236998,10237348,350,mRNA
23696,10209880,10210107,227,mRNA
23697,10209440,10209608,168,mRNA
23698,10209101,10209264,163,mRNA
23699,10208921,10209024,103,mRNA
23700,10208706,10208852,146,mRNA
23701,10208401,10208644,243,mRNA
23702,10208191,10208341,150,mRNA
23703,10205454,10208128,2674,mRNA
23704,10205454,10234607,29153,gene
23705,10232024,10234607,2583,mRNA
23706,10209880,10210107,227,mRNA
23707,10209440,10209608,168,mRNA
23708,10209101,10209264,163,mRNA
23709,10208921,10209024,103,mRNA
23710,10208706,10208852,146,mRNA
23711,10208401,10208644,243,mRNA
23712,10208191,10208341,150,mRNA
23713,10205454,10208128,2674,mRNA
23714,10232024,10234607,2583,mRNA
23715,10209880,10210107,227,mRNA
23716,10209440,10209608,168,mRNA
23717,10209101,10209264,163,mRNA
23718,10208921,10209024,103,mRNA
23719,10208706,10208852,146,mRNA
23720,10208401,10208644,243,mRNA
23721,10208191,10208341,150,mRNA
23722,10205454,10208128,2674,mRNA
23723,10205454,10227957,22503,gene
23724,10227323,10227957,634,mRNA
23725,10222477,10224024,1547,mRNA
23726,10209880,10210107,227,mRNA
23727,10209440,10209608,168,mRNA
23728,10209101,10209270,169,mRNA
23729,10208921,10209024,103,mRNA
23730,10208706,10208852,146,mRNA
23731,10208401,10208644,243,mRNA
23732,10208191,10208341,150,mRNA
23733,10205454,10208128,2674,mRNA
23734,10227323,10227957,634,mRNA
23735,10222477,10224024,1547,mRNA
23736,10209880,10210107,227,mRNA
23737,10209440,10209608,168,mRNA
23738,10209101,10209270,169,mRNA
23739,10208921,10209024,103,mRNA
23740,10208706,10208852,146,mRNA
23741,10208401,10208644,243,mRNA
23742,10208191,10208341,150,mRNA
23743,10205454,10208128,2674,mRNA
23744,10227323,10227957,634,mRNA
23745,10222477,10224024,1547,mRNA
23746,10209880,10210107,227,mRNA
23747,10209440,10209608,168,mRNA
23748,10209101,10209270,169,mRNA
23749,10208921,10209024,103,mRNA
23750,10208706,10208852,146,mRNA
23751,10208401,10208644,243,mRNA
23752,10208191,10208341,150,mRNA
23753,10205454,10208128,2674,mRNA
23754,10222477,10222606,129,CDS
23755,10209880,10210107,227,CDS
23756,10209440,10209608,168,CDS
23757,10209101,10209270,169,CDS
23758,10208921,10209024,103,CDS
23759,10208706,10208852,146,CDS
23760,10208401,10208644,243,CDS
23761,10208191,10208341,150,CDS
23762,10207882,10208128,246,CDS
23763,10236998,10237040,42,CDS
23764,10209880,10210107,227,CDS
23765,10209440,10209608,168,CDS
23766,10209101,10209264,163,CDS
23767,10208921,10209024,103,CDS
23768,10208706,10208852,146,CDS
23769,10208401,10208644,243,CDS
23770,10208191,10208341,150,CDS
23771,10208008,10208128,120,CDS
23772,10232024,10233311,1287,CDS
23773,10209880,10210107,227,CDS
23774,10209440,10209608,168,CDS
23775,10209101,10209264,163,CDS
23776,10208921,10209024,103,CDS
23777,10208706,10208852,146,CDS
23778,10208401,10208644,243,CDS
23779,10208191,10208341,150,CDS
23780,10208008,10208128,120,CDS
23781,10232024,10232780,756,CDS
23782,10209880,10210107,227,CDS
23783,10209440,10209608,168,CDS
23784,10209101,10209264,163,CDS
23785,10208921,10209024,103,CDS
23786,10208706,10208852,146,CDS
23787,10208401,10208644,243,CDS
23788,10208191,10208341,150,CDS
23789,10208008,10208128,120,CDS
23790,10222477,10222606,129,CDS
23791,10209880,10210107,227,CDS
23792,10209440,10209608,168,CDS
23793,10209101,10209270,169,CDS
23794,10208921,10209024,103,CDS
23795,10208706,10208852,146,CDS
23796,10208401,10208644,243,CDS
23797,10208191,10208341,150,CDS
23798,10208008,10208128,120,CDS
23799,10222477,10222606,129,CDS
23800,10209880,10210107,227,CDS
23801,10209440,10209608,168,CDS
23802,10209101,10209270,169,CDS
23803,10208921,10209024,103,CDS
23804,10208706,10208852,146,CDS
23805,10208401,10208644,243,CDS
23806,10208191,10208341,150,CDS
23807,10208008,10208128,120,CDS
23808,10209724,10211347,1623,gene
23809,10211066,10211347,281,ncRNA
23810,10209724,10210107,383,ncRNA
23811,10227323,10227957,634,mRNA
23812,10223007,10224024,1017,mRNA
23813,10223454,10223819,365,CDS
23814,10223454,10223819,365,CDS
23815,10233466,10234607,1141,mRNA
23816,10233874,10234212,338,CDS
23817,10233874,10234212,338,CDS
23818,10237744,10238145,401,gene
23819,10237744,10238145,401,ncRNA
23820,10237988,10246077,8089,gene
23821,10237988,10238475,487,mRNA
23822,10240894,10241124,230,mRNA
23823,10241671,10242249,578,mRNA
23824,10242471,10242580,109,mRNA
23825,10242743,10242796,53,mRNA
23826,10243154,10243847,693,mRNA
23827,10244163,10244308,145,mRNA
23828,10244363,10244591,228,mRNA
23829,10244876,10246077,1201,mRNA
23830,10239832,10239886,54,mRNA
23831,10240894,10241124,230,mRNA
23832,10241671,10242249,578,mRNA
23833,10242471,10242580,109,mRNA
23834,10242743,10242796,53,mRNA
23835,10243154,10243847,693,mRNA
23836,10244163,10244308,145,mRNA
23837,10244363,10244604,241,mRNA
23838,10244876,10246077,1201,mRNA
23839,10239832,10239886,54,mRNA
23840,10240894,10241124,230,mRNA
23841,10241671,10242249,578,mRNA
23842,10242471,10242580,109,mRNA
23843,10242743,10242796,53,mRNA
23844,10243154,10243847,693,mRNA
23845,10244163,10244308,145,mRNA
23846,10244363,10244591,228,mRNA
23847,10244876,10246077,1201,mRNA
23848,10240869,10241124,255,mRNA
23849,10241671,10242249,578,mRNA
23850,10242471,10242580,109,mRNA
23851,10242743,10242796,53,mRNA
23852,10243154,10243847,693,mRNA
23853,10244163,10244308,145,mRNA
23854,10244363,10244591,228,mRNA
23855,10244876,10246077,1201,mRNA
23856,10241097,10241124,27,CDS
23857,10241671,10242249,578,CDS
23858,10242471,10242580,109,CDS
23859,10242743,10242796,53,CDS
23860,10243154,10243847,693,CDS
23861,10244163,10244308,145,CDS
23862,10244363,10244591,228,CDS
23863,10244876,10245579,703,CDS
23864,10241097,10241124,27,CDS
23865,10241671,10242249,578,CDS
23866,10242471,10242580,109,CDS
23867,10242743,10242796,53,CDS
23868,10243154,10243847,693,CDS
23869,10244163,10244308,145,CDS
23870,10244363,10244591,228,CDS
23871,10244876,10245579,703,CDS
23872,10241097,10241124,27,CDS
23873,10241671,10242249,578,CDS
23874,10242471,10242580,109,CDS
23875,10242743,10242796,53,CDS
23876,10243154,10243847,693,CDS
23877,10244163,10244308,145,CDS
23878,10244363,10244591,228,CDS
23879,10244876,10245579,703,CDS
23880,10241097,10241124,27,CDS
23881,10241671,10242249,578,CDS
23882,10242471,10242580,109,CDS
23883,10242743,10242796,53,CDS
23884,10243154,10243847,693,CDS
23885,10244163,10244308,145,CDS
23886,10244363,10244604,241,CDS
23887,10244876,10244882,6,CDS
23888,10246071,10247560,1489,gene
23889,10247287,10247560,273,mRNA
23890,10247086,10247230,144,mRNA
23891,10246904,10247029,125,mRNA
23892,10246703,10246852,149,mRNA
23893,10246071,10246643,572,mRNA
23894,10247287,10247414,127,CDS
23895,10247086,10247230,144,CDS
23896,10246904,10247029,125,CDS
23897,10246703,10246852,149,CDS
23898,10246335,10246643,308,CDS
23899,10247814,10249404,1590,gene
23900,10247814,10247972,158,mRNA
23901,10248050,10248244,194,mRNA
23902,10248312,10248462,150,mRNA
23903,10248525,10248671,146,mRNA
23904,10248721,10248858,137,mRNA
23905,10248942,10249404,462,mRNA
23906,10247814,10247972,158,mRNA
23907,10248050,10248244,194,mRNA
23908,10248312,10248462,150,mRNA
23909,10248525,10248671,146,mRNA
23910,10248736,10248858,122,mRNA
23911,10248942,10249404,462,mRNA
23912,10247814,10247972,158,mRNA
23913,10248075,10248244,169,mRNA
23914,10248312,10248462,150,mRNA
23915,10248525,10248671,146,mRNA
23916,10248721,10248858,137,mRNA
23917,10248919,10249404,485,mRNA
23918,10248132,10248244,112,CDS
23919,10248312,10248462,150,CDS
23920,10248525,10248671,146,CDS
23921,10248721,10248858,137,CDS
23922,10248942,10249160,218,CDS
23923,10248132,10248244,112,CDS
23924,10248312,10248462,150,CDS
23925,10248525,10248671,146,CDS
23926,10248736,10248858,122,CDS
23927,10248942,10249160,218,CDS
23928,10248132,10248244,112,CDS
23929,10248312,10248462,150,CDS
23930,10248525,10248671,146,CDS
23931,10248721,10248858,137,CDS
23932,10248919,10248951,32,CDS
23933,10249220,10255495,6275,gene
23934,10249220,10249439,219,mRNA
23935,10252958,10254025,1067,mRNA
23936,10254140,10254276,136,mRNA
23937,10254337,10254639,302,mRNA
23938,10254701,10255495,794,mRNA
23939,10249220,10249439,219,mRNA
23940,10252958,10254025,1067,mRNA
23941,10254140,10254276,136,mRNA
23942,10254337,10254639,302,mRNA
23943,10254701,10254974,273,mRNA
23944,10249435,10252417,2982,gene
23945,10252282,10252417,135,mRNA
23946,10251928,10251984,56,mRNA
23947,10250879,10251144,265,mRNA
23948,10249435,10249827,392,mRNA
23949,10252282,10252417,135,mRNA
23950,10251928,10251984,56,mRNA
23951,10250879,10251144,265,mRNA
23952,10250369,10250586,217,mRNA
23953,10249435,10249827,392,mRNA
23954,10252282,10252417,135,mRNA
23955,10251928,10251984,56,mRNA
23956,10250879,10251213,334,mRNA
23957,10249435,10249827,392,mRNA
23958,10252282,10252417,135,mRNA
23959,10251928,10251984,56,mRNA
23960,10250879,10251213,334,mRNA
23961,10250369,10250586,217,mRNA
23962,10249435,10249827,392,mRNA
23963,10252075,10252172,97,mRNA
23964,10251928,10251984,56,mRNA
23965,10250879,10251144,265,mRNA
23966,10249435,10249827,392,mRNA
23967,10251928,10251974,46,CDS
23968,10250879,10251144,265,CDS
23969,10249751,10249827,76,CDS
23970,10251928,10251974,46,CDS
23971,10250879,10251144,265,CDS
23972,10249751,10249827,76,CDS
23973,10251928,10251974,46,CDS
23974,10250879,10251213,334,CDS
23975,10249751,10249827,76,CDS
23976,10251928,10251974,46,CDS
23977,10250879,10251144,265,CDS
23978,10250570,10250586,16,CDS
23979,10251928,10251974,46,CDS
23980,10250879,10251213,334,CDS
23981,10250570,10250586,16,CDS
23982,10252987,10254025,1038,CDS
23983,10254140,10254276,136,CDS
23984,10254337,10254639,302,CDS
23985,10254701,10254844,143,CDS
23986,10252987,10254025,1038,CDS
23987,10254140,10254276,136,CDS
23988,10254337,10254639,302,CDS
23989,10254701,10254844,143,CDS
23990,10256686,10261276,4590,gene
23991,10256686,10256874,188,mRNA
23992,10258971,10259451,480,mRNA
23993,10259516,10259627,111,mRNA
23994,10260013,10260429,416,mRNA
23995,10260837,10261276,439,mRNA
23996,10256686,10256874,188,mRNA
23997,10258971,10259451,480,mRNA
23998,10259516,10259627,111,mRNA
23999,10260013,10260429,416,mRNA
24000,10260863,10261276,413,mRNA
24001,10256686,10256874,188,mRNA
24002,10258971,10259451,480,mRNA
24003,10259516,10259627,111,mRNA
24004,10260863,10261276,413,mRNA
24005,10256686,10256874,188,mRNA
24006,10258971,10259451,480,mRNA
24007,10259516,10259585,69,mRNA
24008,10260013,10260429,416,mRNA
24009,10260837,10261276,439,mRNA
24010,10256686,10256874,188,mRNA
24011,10258971,10259451,480,mRNA
24012,10259516,10259585,69,mRNA
24013,10260013,10260429,416,mRNA
24014,10260863,10261276,413,mRNA
24015,10256686,10256874,188,mRNA
24016,10258971,10259451,480,mRNA
24017,10259516,10259585,69,mRNA
24018,10260863,10261276,413,mRNA
24019,10256857,10256874,17,CDS
24020,10258971,10259451,480,CDS
24021,10259516,10259627,111,CDS
24022,10260013,10260429,416,CDS
24023,10260863,10261067,204,CDS
24024,10256857,10256874,17,CDS
24025,10258971,10259451,480,CDS
24026,10259516,10259627,111,CDS
24027,10260863,10261067,204,CDS
24028,10256857,10256874,17,CDS
24029,10258971,10259451,480,CDS
24030,10259516,10259585,69,CDS
24031,10260013,10260429,416,CDS
24032,10260863,10261067,204,CDS
24033,10256857,10256874,17,CDS
24034,10258971,10259451,480,CDS
24035,10259516,10259585,69,CDS
24036,10260863,10261067,204,CDS
24037,10256857,10256874,17,CDS
24038,10258971,10259451,480,CDS
24039,10259516,10259627,111,CDS
24040,10260013,10260429,416,CDS
24041,10260837,10260894,57,CDS
24042,10256857,10256874,17,CDS
24043,10258971,10259451,480,CDS
24044,10259516,10259585,69,CDS
24045,10260013,10260429,416,CDS
24046,10260837,10260894,57,CDS
24047,10261315,10263827,2512,gene
24048,10263681,10263827,146,ncRNA
24049,10261315,10263617,2302,ncRNA
24050,10263681,10263827,146,ncRNA
24051,10262599,10263617,1018,ncRNA
24052,10265057,10269205,4148,gene
24053,10265057,10265231,174,mRNA
24054,10267100,10267262,162,mRNA
24055,10267736,10268042,306,mRNA
24056,10268146,10269205,1059,mRNA
24057,10265130,10265231,101,CDS
24058,10267100,10267262,162,CDS
24059,10267736,10268042,306,CDS
24060,10268146,10268968,822,CDS
24061,10266071,10267027,956,mRNA
24062,10267100,10267262,162,mRNA
24063,10267736,10268042,306,mRNA
24064,10268146,10269205,1059,mRNA
24065,10266856,10267027,171,mRNA
24066,10267100,10267262,162,mRNA
24067,10267736,10268042,306,mRNA
24068,10268146,10269205,1059,mRNA
24069,10266920,10267027,107,CDS
24070,10267100,10267262,162,CDS
24071,10267736,10268042,306,CDS
24072,10268146,10268968,822,CDS
24073,10266920,10267027,107,CDS
24074,10267100,10267262,162,CDS
24075,10267736,10268042,306,CDS
24076,10268146,10268968,822,CDS
24077,10269016,10307024,38008,gene
24078,10269016,10269116,100,mRNA
24079,10269262,10269362,100,mRNA
24080,10269422,10269501,79,mRNA
24081,10294612,10294765,153,mRNA
24082,10294846,10294966,120,mRNA
24083,10295291,10295323,32,mRNA
24084,10295742,10295794,52,mRNA
24085,10295869,10296047,178,mRNA
24086,10300490,10300588,98,mRNA
24087,10304624,10304930,306,mRNA
24088,10304988,10305102,114,mRNA
24089,10305472,10305678,206,mRNA
24090,10305738,10305970,232,mRNA
24091,10306145,10307024,879,mRNA
24092,10269048,10269116,68,CDS
24093,10269262,10269362,100,CDS
24094,10269422,10269501,79,CDS
24095,10294612,10294765,153,CDS
24096,10294846,10294966,120,CDS
24097,10295291,10295323,32,CDS
24098,10295742,10295794,52,CDS
24099,10295869,10296047,178,CDS
24100,10300490,10300588,98,CDS
24101,10304624,10304930,306,CDS
24102,10304988,10305102,114,CDS
24103,10305472,10305678,206,CDS
24104,10305738,10305970,232,CDS
24105,10306145,10306313,168,CDS
24106,10271884,10272080,196,mRNA
24107,10292495,10292872,377,mRNA
24108,10293341,10293439,98,mRNA
24109,10293622,10293761,139,mRNA
24110,10293861,10293933,72,mRNA
24111,10294150,10294182,32,mRNA
24112,10294612,10294765,153,mRNA
24113,10294846,10294966,120,mRNA
24114,10295291,10295323,32,mRNA
24115,10295742,10295794,52,mRNA
24116,10295869,10296047,178,mRNA
24117,10300490,10300588,98,mRNA
24118,10304624,10304930,306,mRNA
24119,10304988,10305102,114,mRNA
24120,10305472,10305678,206,mRNA
24121,10305738,10305970,232,mRNA
24122,10306145,10307024,879,mRNA
24123,10271884,10272080,196,mRNA
24124,10293622,10293761,139,mRNA
24125,10293861,10293933,72,mRNA
24126,10294150,10294182,32,mRNA
24127,10294612,10294765,153,mRNA
24128,10294846,10294966,120,mRNA
24129,10295291,10295323,32,mRNA
24130,10295742,10295794,52,mRNA
24131,10295869,10296047,178,mRNA
24132,10300490,10300588,98,mRNA
24133,10304624,10304930,306,mRNA
24134,10304988,10305102,114,mRNA
24135,10305472,10305678,206,mRNA
24136,10305738,10305970,232,mRNA
24137,10306145,10307024,879,mRNA
24138,10271884,10272080,196,mRNA
24139,10294394,10294517,123,mRNA
24140,10294612,10294765,153,mRNA
24141,10294846,10294966,120,mRNA
24142,10295291,10295323,32,mRNA
24143,10295742,10295794,52,mRNA
24144,10295869,10296047,178,mRNA
24145,10300490,10300588,98,mRNA
24146,10304624,10304930,306,mRNA
24147,10304988,10305102,114,mRNA
24148,10305472,10305678,206,mRNA
24149,10305738,10305970,232,mRNA
24150,10306145,10307024,879,mRNA
24151,10271884,10272080,196,mRNA
24152,10294612,10294765,153,mRNA
24153,10294846,10294966,120,mRNA
24154,10295291,10295323,32,mRNA
24155,10295742,10295794,52,mRNA
24156,10295869,10296047,178,mRNA
24157,10300490,10300588,98,mRNA
24158,10304624,10304930,306,mRNA
24159,10304988,10305102,114,mRNA
24160,10305472,10305678,206,mRNA
24161,10305738,10305970,232,mRNA
24162,10306145,10307024,879,mRNA
24163,10271884,10272080,196,mRNA
24164,10294394,10294517,123,mRNA
24165,10294612,10294765,153,mRNA
24166,10294846,10294966,120,mRNA
24167,10295742,10295794,52,mRNA
24168,10295869,10296047,178,mRNA
24169,10300490,10300588,98,mRNA
24170,10304624,10304930,306,mRNA
24171,10304988,10305102,114,mRNA
24172,10305472,10305678,206,mRNA
24173,10305738,10305970,232,mRNA
24174,10306145,10306739,594,mRNA
24175,10275665,10276804,1139,mRNA
24176,10294612,10294765,153,mRNA
24177,10294846,10294966,120,mRNA
24178,10295291,10295323,32,mRNA
24179,10295742,10295794,52,mRNA
24180,10295869,10296047,178,mRNA
24181,10300490,10300588,98,mRNA
24182,10304624,10304930,306,mRNA
24183,10304988,10305102,114,mRNA
24184,10305472,10305678,206,mRNA
24185,10305738,10305970,232,mRNA
24186,10306145,10307024,879,mRNA
24187,10278736,10284801,6065,mRNA
24188,10287074,10287280,206,mRNA
24189,10293622,10293761,139,mRNA
24190,10293861,10293933,72,mRNA
24191,10294612,10294765,153,mRNA
24192,10294846,10294966,120,mRNA
24193,10295742,10295794,52,mRNA
24194,10295869,10296047,178,mRNA
24195,10300490,10300588,98,mRNA
24196,10304624,10304930,306,mRNA
24197,10304988,10305102,114,mRNA
24198,10305472,10305678,206,mRNA
24199,10305738,10305970,232,mRNA
24200,10306145,10307024,879,mRNA
24201,10278736,10284801,6065,mRNA
24202,10287074,10287280,206,mRNA
24203,10294612,10294765,153,mRNA
24204,10294846,10294966,120,mRNA
24205,10295291,10295323,32,mRNA
24206,10295742,10295794,52,mRNA
24207,10295869,10296047,178,mRNA
24208,10304624,10304930,306,mRNA
24209,10304988,10305102,114,mRNA
24210,10305472,10305678,206,mRNA
24211,10305738,10305970,232,mRNA
24212,10306145,10307024,879,mRNA
24213,10278736,10284801,6065,mRNA
24214,10293341,10293439,98,mRNA
24215,10294612,10294765,153,mRNA
24216,10294846,10294966,120,mRNA
24217,10295291,10295323,32,mRNA
24218,10295742,10295794,52,mRNA
24219,10295869,10296047,178,mRNA
24220,10300490,10300588,98,mRNA
24221,10304624,10304930,306,mRNA
24222,10304988,10305102,114,mRNA
24223,10305472,10305678,206,mRNA
24224,10305738,10305970,232,mRNA
24225,10306145,10307024,879,mRNA
24226,10278736,10284801,6065,mRNA
24227,10293622,10293761,139,mRNA
24228,10293861,10293933,72,mRNA
24229,10294150,10294182,32,mRNA
24230,10294612,10294765,153,mRNA
24231,10294846,10294966,120,mRNA
24232,10295291,10295323,32,mRNA
24233,10295742,10295794,52,mRNA
24234,10295869,10296047,178,mRNA
24235,10300490,10300588,98,mRNA
24236,10304624,10304930,306,mRNA
24237,10304988,10305102,114,mRNA
24238,10305472,10305678,206,mRNA
24239,10305738,10305970,232,mRNA
24240,10306145,10307024,879,mRNA
24241,10278736,10284801,6065,mRNA
24242,10294612,10294765,153,mRNA
24243,10294846,10294966,120,mRNA
24244,10295291,10295323,32,mRNA
24245,10295742,10295794,52,mRNA
24246,10295869,10296047,178,mRNA
24247,10300490,10300588,98,mRNA
24248,10304624,10304930,306,mRNA
24249,10304988,10305102,114,mRNA
24250,10305472,10305678,206,mRNA
24251,10305738,10305970,232,mRNA
24252,10306145,10307024,879,mRNA
24253,10278736,10284801,6065,mRNA
24254,10294612,10294765,153,mRNA
24255,10294846,10294966,120,mRNA
24256,10295742,10295794,52,mRNA
24257,10295869,10296047,178,mRNA
24258,10300490,10300588,98,mRNA
24259,10304624,10304930,306,mRNA
24260,10304988,10305102,114,mRNA
24261,10305472,10305678,206,mRNA
24262,10305738,10305970,232,mRNA
24263,10306145,10307024,879,mRNA
24264,10278736,10284801,6065,mRNA
24265,10285410,10285874,464,mRNA
24266,10279341,10284801,5460,CDS
24267,10287074,10287280,206,CDS
24268,10293622,10293761,139,CDS
24269,10293861,10293933,72,CDS
24270,10294612,10294765,153,CDS
24271,10294846,10294966,120,CDS
24272,10295742,10295794,52,CDS
24273,10295869,10296047,178,CDS
24274,10300490,10300588,98,CDS
24275,10304624,10304930,306,CDS
24276,10304988,10305102,114,CDS
24277,10305472,10305678,206,CDS
24278,10305738,10305970,232,CDS
24279,10306145,10306313,168,CDS
24280,10279341,10284801,5460,CDS
24281,10287074,10287280,206,CDS
24282,10294612,10294765,153,CDS
24283,10294846,10294966,120,CDS
24284,10295291,10295323,32,CDS
24285,10295742,10295794,52,CDS
24286,10295869,10296047,178,CDS
24287,10304624,10304930,306,CDS
24288,10304988,10305102,114,CDS
24289,10305472,10305678,206,CDS
24290,10305738,10305970,232,CDS
24291,10306145,10306313,168,CDS
24292,10279341,10284801,5460,CDS
24293,10293341,10293439,98,CDS
24294,10294612,10294765,153,CDS
24295,10294846,10294966,120,CDS
24296,10295291,10295323,32,CDS
24297,10295742,10295794,52,CDS
24298,10295869,10296047,178,CDS
24299,10300490,10300588,98,CDS
24300,10304624,10304930,306,CDS
24301,10304988,10305102,114,CDS
24302,10305472,10305678,206,CDS
24303,10305738,10305970,232,CDS
24304,10306145,10306313,168,CDS
24305,10279341,10284801,5460,CDS
24306,10293622,10293761,139,CDS
24307,10293861,10293933,72,CDS
24308,10294150,10294182,32,CDS
24309,10294612,10294765,153,CDS
24310,10294846,10294966,120,CDS
24311,10295291,10295323,32,CDS
24312,10295742,10295794,52,CDS
24313,10295869,10296047,178,CDS
24314,10300490,10300588,98,CDS
24315,10304624,10304930,306,CDS
24316,10304988,10305102,114,CDS
24317,10305472,10305678,206,CDS
24318,10305738,10305970,232,CDS
24319,10306145,10306313,168,CDS
24320,10279341,10284801,5460,CDS
24321,10294612,10294765,153,CDS
24322,10294846,10294966,120,CDS
24323,10295291,10295323,32,CDS
24324,10295742,10295794,52,CDS
24325,10295869,10296047,178,CDS
24326,10300490,10300588,98,CDS
24327,10304624,10304930,306,CDS
24328,10304988,10305102,114,CDS
24329,10305472,10305678,206,CDS
24330,10305738,10305970,232,CDS
24331,10306145,10306313,168,CDS
24332,10279341,10284801,5460,CDS
24333,10294612,10294765,153,CDS
24334,10294846,10294966,120,CDS
24335,10295742,10295794,52,CDS
24336,10295869,10296047,178,CDS
24337,10300490,10300588,98,CDS
24338,10304624,10304930,306,CDS
24339,10304988,10305102,114,CDS
24340,10305472,10305678,206,CDS
24341,10305738,10305970,232,CDS
24342,10306145,10306313,168,CDS
24343,10279341,10284801,5460,CDS
24344,10285410,10285600,190,CDS
24345,10281622,10284801,3179,mRNA
24346,10294612,10294765,153,mRNA
24347,10294846,10294966,120,mRNA
24348,10295742,10295794,52,mRNA
24349,10295869,10296047,178,mRNA
24350,10300490,10300588,98,mRNA
24351,10304624,10304930,306,mRNA
24352,10304988,10305102,114,mRNA
24353,10305472,10305678,206,mRNA
24354,10305738,10305970,232,mRNA
24355,10306145,10307024,879,mRNA
24356,10281678,10284801,3123,CDS
24357,10294612,10294765,153,CDS
24358,10294846,10294966,120,CDS
24359,10295742,10295794,52,CDS
24360,10295869,10296047,178,CDS
24361,10300490,10300588,98,CDS
24362,10304624,10304930,306,CDS
24363,10304988,10305102,114,CDS
24364,10305472,10305678,206,CDS
24365,10305738,10305970,232,CDS
24366,10306145,10306313,168,CDS
24367,10287866,10288271,405,mRNA
24368,10292495,10292872,377,mRNA
24369,10293341,10293439,98,mRNA
24370,10293622,10293761,139,mRNA
24371,10293861,10293933,72,mRNA
24372,10294150,10294182,32,mRNA
24373,10294612,10294765,153,mRNA
24374,10294846,10294966,120,mRNA
24375,10295291,10295323,32,mRNA
24376,10295742,10295794,52,mRNA
24377,10295869,10296047,178,mRNA
24378,10300490,10300588,98,mRNA
24379,10304624,10304930,306,mRNA
24380,10304988,10305102,114,mRNA
24381,10305472,10305678,206,mRNA
24382,10305738,10305970,232,mRNA
24383,10306145,10307024,879,mRNA
24384,10287866,10288011,145,mRNA
24385,10288200,10288271,71,mRNA
24386,10292495,10292872,377,mRNA
24387,10293341,10293439,98,mRNA
24388,10293622,10293761,139,mRNA
24389,10293861,10293933,72,mRNA
24390,10294150,10294182,32,mRNA
24391,10294612,10294765,153,mRNA
24392,10294846,10294966,120,mRNA
24393,10295291,10295323,32,mRNA
24394,10295742,10295794,52,mRNA
24395,10295869,10296047,178,mRNA
24396,10300490,10300588,98,mRNA
24397,10304624,10304930,306,mRNA
24398,10304988,10305102,114,mRNA
24399,10305472,10305678,206,mRNA
24400,10305738,10305970,232,mRNA
24401,10306145,10307024,879,mRNA
24402,10287866,10288011,145,mRNA
24403,10293341,10293439,98,mRNA
24404,10293622,10293761,139,mRNA
24405,10293861,10293933,72,mRNA
24406,10294150,10294182,32,mRNA
24407,10294612,10294765,153,mRNA
24408,10294846,10294966,120,mRNA
24409,10295291,10295323,32,mRNA
24410,10295742,10295794,52,mRNA
24411,10295869,10296047,178,mRNA
24412,10300490,10300588,98,mRNA
24413,10304624,10304930,306,mRNA
24414,10304988,10305102,114,mRNA
24415,10305472,10305678,206,mRNA
24416,10305738,10305970,232,mRNA
24417,10306145,10307024,879,mRNA
24418,10288002,10288011,9,CDS
24419,10288200,10288271,71,CDS
24420,10292495,10292872,377,CDS
24421,10293341,10293439,98,CDS
24422,10293622,10293761,139,CDS
24423,10293861,10293933,72,CDS
24424,10294150,10294182,32,CDS
24425,10294612,10294765,153,CDS
24426,10294846,10294966,120,CDS
24427,10295291,10295323,32,CDS
24428,10295742,10295794,52,CDS
24429,10295869,10296047,178,CDS
24430,10300490,10300588,98,CDS
24431,10304624,10304930,306,CDS
24432,10304988,10305102,114,CDS
24433,10305472,10305678,206,CDS
24434,10305738,10305970,232,CDS
24435,10306145,10306313,168,CDS
24436,10288002,10288011,9,CDS
24437,10293341,10293439,98,CDS
24438,10293622,10293761,139,CDS
24439,10293861,10293933,72,CDS
24440,10294150,10294182,32,CDS
24441,10294612,10294765,153,CDS
24442,10294846,10294966,120,CDS
24443,10295291,10295323,32,CDS
24444,10295742,10295794,52,CDS
24445,10295869,10296047,178,CDS
24446,10300490,10300588,98,CDS
24447,10304624,10304930,306,CDS
24448,10304988,10305102,114,CDS
24449,10305472,10305678,206,CDS
24450,10305738,10305970,232,CDS
24451,10306145,10306313,168,CDS
24452,10288229,10288271,42,CDS
24453,10292495,10292872,377,CDS
24454,10293341,10293439,98,CDS
24455,10293622,10293761,139,CDS
24456,10293861,10293933,72,CDS
24457,10294150,10294182,32,CDS
24458,10294612,10294765,153,CDS
24459,10294846,10294966,120,CDS
24460,10295291,10295323,32,CDS
24461,10295742,10295794,52,CDS
24462,10295869,10296047,178,CDS
24463,10300490,10300588,98,CDS
24464,10304624,10304930,306,CDS
24465,10304988,10305102,114,CDS
24466,10305472,10305678,206,CDS
24467,10305738,10305970,232,CDS
24468,10306145,10306313,168,CDS
24469,10291016,10291137,121,mRNA
24470,10294612,10294765,153,mRNA
24471,10294846,10294966,120,mRNA
24472,10295742,10295794,52,mRNA
24473,10295869,10296047,178,mRNA
24474,10296435,10300268,3833,mRNA
24475,10304597,10304930,333,mRNA
24476,10304988,10305102,114,mRNA
24477,10305472,10305678,206,mRNA
24478,10305738,10305970,232,mRNA
24479,10306145,10307024,879,mRNA
24480,10291016,10291137,121,mRNA
24481,10294612,10294765,153,mRNA
24482,10294846,10294966,120,mRNA
24483,10295742,10295794,52,mRNA
24484,10295869,10296047,178,mRNA
24485,10296435,10300268,3833,mRNA
24486,10304624,10304930,306,mRNA
24487,10304988,10305102,114,mRNA
24488,10305472,10305678,206,mRNA
24489,10305738,10305970,232,mRNA
24490,10306145,10307024,879,mRNA
24491,10293645,10293761,116,CDS
24492,10293861,10293933,72,CDS
24493,10294150,10294182,32,CDS
24494,10294612,10294765,153,CDS
24495,10294846,10294966,120,CDS
24496,10295291,10295323,32,CDS
24497,10295742,10295794,52,CDS
24498,10295869,10296047,178,CDS
24499,10300490,10300588,98,CDS
24500,10304624,10304930,306,CDS
24501,10304988,10305102,114,CDS
24502,10305472,10305678,206,CDS
24503,10305738,10305970,232,CDS
24504,10306145,10306313,168,CDS
24505,10293645,10293761,116,CDS
24506,10293861,10293933,72,CDS
24507,10294150,10294182,32,CDS
24508,10294612,10294765,153,CDS
24509,10294846,10294966,120,CDS
24510,10295291,10295323,32,CDS
24511,10295742,10295794,52,CDS
24512,10295869,10296047,178,CDS
24513,10300490,10300588,98,CDS
24514,10304624,10304930,306,CDS
24515,10304988,10305102,114,CDS
24516,10305472,10305678,206,CDS
24517,10305738,10305970,232,CDS
24518,10306145,10306313,168,CDS
24519,10294490,10294517,27,CDS
24520,10294612,10294765,153,CDS
24521,10294846,10294966,120,CDS
24522,10295291,10295323,32,CDS
24523,10295742,10295794,52,CDS
24524,10295869,10296047,178,CDS
24525,10300490,10300588,98,CDS
24526,10304624,10304930,306,CDS
24527,10304988,10305102,114,CDS
24528,10305472,10305678,206,CDS
24529,10305738,10305970,232,CDS
24530,10306145,10306313,168,CDS
24531,10294490,10294517,27,CDS
24532,10294612,10294765,153,CDS
24533,10294846,10294966,120,CDS
24534,10295742,10295794,52,CDS
24535,10295869,10296047,178,CDS
24536,10300490,10300588,98,CDS
24537,10304624,10304930,306,CDS
24538,10304988,10305102,114,CDS
24539,10305472,10305678,206,CDS
24540,10305738,10305970,232,CDS
24541,10306145,10306313,168,CDS
24542,10294859,10294966,107,CDS
24543,10295291,10295323,32,CDS
24544,10295742,10295794,52,CDS
24545,10295869,10296047,178,CDS
24546,10300490,10300588,98,CDS
24547,10304624,10304930,306,CDS
24548,10304988,10305102,114,CDS
24549,10305472,10305678,206,CDS
24550,10305738,10305970,232,CDS
24551,10306145,10306313,168,CDS
24552,10294859,10294966,107,CDS
24553,10295291,10295323,32,CDS
24554,10295742,10295794,52,CDS
24555,10295869,10296047,178,CDS
24556,10300490,10300588,98,CDS
24557,10304624,10304930,306,CDS
24558,10304988,10305102,114,CDS
24559,10305472,10305678,206,CDS
24560,10305738,10305970,232,CDS
24561,10306145,10306313,168,CDS
24562,10294859,10294966,107,CDS
24563,10295742,10295794,52,CDS
24564,10295869,10296047,178,CDS
24565,10296435,10300268,3833,CDS
24566,10304597,10304930,333,CDS
24567,10304988,10305102,114,CDS
24568,10305472,10305678,206,CDS
24569,10305738,10305970,232,CDS
24570,10306145,10306313,168,CDS
24571,10294859,10294966,107,CDS
24572,10295742,10295794,52,CDS
24573,10295869,10296047,178,CDS
24574,10296435,10300268,3833,CDS
24575,10304624,10304930,306,CDS
24576,10304988,10305102,114,CDS
24577,10305472,10305678,206,CDS
24578,10305738,10305970,232,CDS
24579,10306145,10306313,168,CDS
24580,10301387,10302020,633,mRNA
24581,10304624,10304930,306,mRNA
24582,10304988,10305102,114,mRNA
24583,10305472,10305678,206,mRNA
24584,10305738,10305970,232,mRNA
24585,10306145,10307024,879,mRNA
24586,10301468,10302020,552,CDS
24587,10304624,10304930,306,CDS
24588,10304988,10305102,114,CDS
24589,10305472,10305678,206,CDS
24590,10305738,10305970,232,CDS
24591,10306145,10306313,168,CDS
24592,10303001,10303046,45,mRNA
24593,10304624,10304930,306,mRNA
24594,10304988,10305102,114,mRNA
24595,10305472,10305678,206,mRNA
24596,10305738,10305970,232,mRNA
24597,10306145,10307024,879,mRNA
24598,10303209,10304930,1721,mRNA
24599,10304988,10305102,114,mRNA
24600,10305472,10305678,206,mRNA
24601,10305738,10305970,232,mRNA
24602,10306145,10307024,879,mRNA
24603,10304713,10304930,217,CDS
24604,10304988,10305102,114,CDS
24605,10305472,10305678,206,CDS
24606,10305738,10305970,232,CDS
24607,10306145,10306313,168,CDS
24608,10304713,10304930,217,CDS
24609,10304988,10305102,114,CDS
24610,10305472,10305678,206,CDS
24611,10305738,10305970,232,CDS
24612,10306145,10306313,168,CDS
24613,10307030,10309794,2764,gene
24614,10308439,10309794,1355,mRNA
24615,10307030,10308380,1350,mRNA
24616,10308439,10309663,1224,CDS
24617,10307305,10308380,1075,CDS
24618,10310113,10311143,1030,gene
24619,10310113,10311143,1030,mRNA
24620,10310235,10311080,845,CDS
24621,10311172,10312023,851,gene
24622,10311910,10312023,113,mRNA
24623,10311650,10311763,113,mRNA
24624,10311442,10311598,156,mRNA
24625,10311172,10311383,211,mRNA
24626,10311910,10312023,113,CDS
24627,10311650,10311763,113,CDS
24628,10311442,10311598,156,CDS
24629,10311172,10311383,211,CDS
24630,10313891,10322104,8213,gene
24631,10313891,10314504,613,mRNA
24632,10316401,10316880,479,mRNA
24633,10316976,10317737,761,mRNA
24634,10317844,10318467,623,mRNA
24635,10318728,10318998,270,mRNA
24636,10319062,10319207,145,mRNA
24637,10319268,10319677,409,mRNA
24638,10319871,10320028,157,mRNA
24639,10320573,10320827,254,mRNA
24640,10320884,10321058,174,mRNA
24641,10321121,10321405,284,mRNA
24642,10321469,10322104,635,mRNA
24643,10313891,10314504,613,mRNA
24644,10316401,10316880,479,mRNA
24645,10316976,10317737,761,mRNA
24646,10317844,10318467,623,mRNA
24647,10318728,10318998,270,mRNA
24648,10319062,10319207,145,mRNA
24649,10319268,10319677,409,mRNA
24650,10319871,10320028,157,mRNA
24651,10320573,10320827,254,mRNA
24652,10320884,10321058,174,mRNA
24653,10321121,10321405,284,mRNA
24654,10321469,10321900,431,mRNA
24655,10314274,10314504,230,CDS
24656,10316401,10316880,479,CDS
24657,10316976,10317737,761,CDS
24658,10317844,10318467,623,CDS
24659,10318728,10318998,270,CDS
24660,10319062,10319207,145,CDS
24661,10319268,10319677,409,CDS
24662,10319871,10320028,157,CDS
24663,10320573,10320827,254,CDS
24664,10320884,10321058,174,CDS
24665,10321121,10321405,284,CDS
24666,10321469,10321724,255,CDS
24667,10314274,10314504,230,CDS
24668,10316401,10316880,479,CDS
24669,10316976,10317737,761,CDS
24670,10317844,10318467,623,CDS
24671,10318728,10318998,270,CDS
24672,10319062,10319207,145,CDS
24673,10319268,10319677,409,CDS
24674,10319871,10320028,157,CDS
24675,10320573,10320827,254,CDS
24676,10320884,10321058,174,CDS
24677,10321121,10321405,284,CDS
24678,10321469,10321724,255,CDS
24679,10319844,10320500,656,gene
24680,10320446,10320500,54,mRNA
24681,10319844,10320372,528,mRNA
24682,10320065,10320370,305,CDS
24683,10322195,10416996,94801,gene
24684,10364740,10365187,447,mRNA
24685,10357515,10357745,230,mRNA
24686,10340123,10340202,79,mRNA
24687,10339566,10339665,99,mRNA
24688,10339303,10339501,198,mRNA
24689,10339166,10339240,74,mRNA
24690,10339026,10339109,83,mRNA
24691,10338870,10338964,94,mRNA
24692,10338622,10338805,183,mRNA
24693,10336856,10337119,263,mRNA
24694,10336607,10336785,178,mRNA
24695,10336328,10336468,140,mRNA
24696,10335264,10335413,149,mRNA
24697,10334896,10335161,265,mRNA
24698,10332056,10332367,311,mRNA
24699,10331674,10331824,150,mRNA
24700,10330701,10331255,554,mRNA
24701,10329969,10330074,105,mRNA
24702,10329687,10329902,215,mRNA
24703,10329470,10329633,163,mRNA
24704,10329302,10329413,111,mRNA
24705,10329044,10329229,185,mRNA
24706,10328858,10328989,131,mRNA
24707,10326362,10326538,176,mRNA
24708,10325689,10325894,205,mRNA
24709,10325190,10325547,357,mRNA
24710,10324130,10324318,188,mRNA
24711,10322195,10324068,1873,mRNA
24712,10343960,10344149,189,mRNA
24713,10340123,10340202,79,mRNA
24714,10339566,10339665,99,mRNA
24715,10339303,10339501,198,mRNA
24716,10339166,10339240,74,mRNA
24717,10339026,10339109,83,mRNA
24718,10338870,10338964,94,mRNA
24719,10338622,10338805,183,mRNA
24720,10336856,10337119,263,mRNA
24721,10336607,10336785,178,mRNA
24722,10336328,10336468,140,mRNA
24723,10335264,10335413,149,mRNA
24724,10334896,10335161,265,mRNA
24725,10332056,10332367,311,mRNA
24726,10331674,10331824,150,mRNA
24727,10330701,10331255,554,mRNA
24728,10329969,10330074,105,mRNA
24729,10329687,10329902,215,mRNA
24730,10329470,10329633,163,mRNA
24731,10329302,10329413,111,mRNA
24732,10329044,10329220,176,mRNA
24733,10328858,10328989,131,mRNA
24734,10325689,10325894,205,mRNA
24735,10325190,10325547,357,mRNA
24736,10324130,10324318,188,mRNA
24737,10322195,10324068,1873,mRNA
24738,10416458,10416996,538,mRNA
24739,10412236,10412896,660,mRNA
24740,10340123,10340202,79,mRNA
24741,10339566,10339665,99,mRNA
24742,10339303,10339501,198,mRNA
24743,10339166,10339240,74,mRNA
24744,10339026,10339109,83,mRNA
24745,10338870,10338964,94,mRNA
24746,10338622,10338805,183,mRNA
24747,10336856,10337119,263,mRNA
24748,10336607,10336785,178,mRNA
24749,10336328,10336468,140,mRNA
24750,10335264,10335413,149,mRNA
24751,10334896,10335161,265,mRNA
24752,10332056,10332367,311,mRNA
24753,10331674,10331824,150,mRNA
24754,10329969,10330074,105,mRNA
24755,10329687,10329902,215,mRNA
24756,10329470,10329633,163,mRNA
24757,10329302,10329413,111,mRNA
24758,10329044,10329229,185,mRNA
24759,10328783,10328989,206,mRNA
24760,10325689,10325894,205,mRNA
24761,10325311,10325547,236,mRNA
24762,10325190,10325235,45,mRNA
24763,10324130,10324318,188,mRNA
24764,10322904,10324068,1164,mRNA
24765,10416458,10416996,538,mRNA
24766,10412236,10412896,660,mRNA
24767,10340123,10340202,79,mRNA
24768,10339566,10339665,99,mRNA
24769,10339303,10339501,198,mRNA
24770,10339166,10339240,74,mRNA
24771,10339026,10339109,83,mRNA
24772,10338870,10338964,94,mRNA
24773,10338622,10338805,183,mRNA
24774,10336856,10337119,263,mRNA
24775,10336607,10336785,178,mRNA
24776,10336328,10336468,140,mRNA
24777,10335264,10335413,149,mRNA
24778,10334896,10335161,265,mRNA
24779,10332056,10332367,311,mRNA
24780,10331674,10331824,150,mRNA
24781,10330701,10331255,554,mRNA
24782,10329969,10330074,105,mRNA
24783,10329687,10329902,215,mRNA
24784,10329470,10329633,163,mRNA
24785,10329302,10329413,111,mRNA
24786,10329044,10329229,185,mRNA
24787,10328783,10328989,206,mRNA
24788,10326362,10326538,176,mRNA
24789,10325689,10325894,205,mRNA
24790,10325190,10325547,357,mRNA
24791,10324130,10324318,188,mRNA
24792,10322904,10324068,1164,mRNA
24793,10416458,10416996,538,mRNA
24794,10412236,10412896,660,mRNA
24795,10340123,10340202,79,mRNA
24796,10339566,10339665,99,mRNA
24797,10339303,10339501,198,mRNA
24798,10339166,10339240,74,mRNA
24799,10339026,10339109,83,mRNA
24800,10338870,10338964,94,mRNA
24801,10338622,10338805,183,mRNA
24802,10336856,10337119,263,mRNA
24803,10336607,10336785,178,mRNA
24804,10336328,10336468,140,mRNA
24805,10335264,10335413,149,mRNA
24806,10334896,10335161,265,mRNA
24807,10332056,10332367,311,mRNA
24808,10331674,10331824,150,mRNA
24809,10330701,10331255,554,mRNA
24810,10329969,10330074,105,mRNA
24811,10329687,10329902,215,mRNA
24812,10329470,10329633,163,mRNA
24813,10329302,10329413,111,mRNA
24814,10329044,10329229,185,mRNA
24815,10328783,10328989,206,mRNA
24816,10326362,10326538,176,mRNA
24817,10325689,10325894,205,mRNA
24818,10325190,10325547,357,mRNA
24819,10324130,10324318,188,mRNA
24820,10322904,10324068,1164,mRNA
24821,10416458,10416996,538,mRNA
24822,10412236,10412896,660,mRNA
24823,10340123,10340202,79,mRNA
24824,10339566,10339665,99,mRNA
24825,10339303,10339501,198,mRNA
24826,10339166,10339240,74,mRNA
24827,10339026,10339109,83,mRNA
24828,10338870,10338964,94,mRNA
24829,10338622,10338805,183,mRNA
24830,10336856,10337119,263,mRNA
24831,10336607,10336785,178,mRNA
24832,10336328,10336468,140,mRNA
24833,10335264,10335413,149,mRNA
24834,10334896,10335161,265,mRNA
24835,10332056,10332367,311,mRNA
24836,10331674,10331824,150,mRNA
24837,10330701,10331255,554,mRNA
24838,10329969,10330074,105,mRNA
24839,10329687,10329902,215,mRNA
24840,10329470,10329633,163,mRNA
24841,10329302,10329413,111,mRNA
24842,10329044,10329229,185,mRNA
24843,10328783,10328989,206,mRNA
24844,10326362,10326538,176,mRNA
24845,10325689,10325894,205,mRNA
24846,10325190,10325547,357,mRNA
24847,10324130,10324318,188,mRNA
24848,10322904,10324068,1164,mRNA
24849,10395103,10395187,84,mRNA
24850,10388134,10388735,601,mRNA
24851,10340123,10340202,79,mRNA
24852,10339566,10339665,99,mRNA
24853,10339303,10339501,198,mRNA
24854,10339166,10339240,74,mRNA
24855,10339026,10339109,83,mRNA
24856,10338870,10338964,94,mRNA
24857,10338622,10338805,183,mRNA
24858,10336856,10337119,263,mRNA
24859,10336607,10336785,178,mRNA
24860,10336328,10336468,140,mRNA
24861,10335264,10335413,149,mRNA
24862,10334896,10335161,265,mRNA
24863,10332056,10332367,311,mRNA
24864,10331674,10331824,150,mRNA
24865,10330701,10331255,554,mRNA
24866,10329969,10330074,105,mRNA
24867,10329687,10329902,215,mRNA
24868,10329470,10329633,163,mRNA
24869,10329302,10329413,111,mRNA
24870,10329044,10329229,185,mRNA
24871,10328783,10328989,206,mRNA
24872,10326362,10326538,176,mRNA
24873,10325689,10325894,205,mRNA
24874,10325190,10325547,357,mRNA
24875,10324130,10324318,188,mRNA
24876,10322904,10324068,1164,mRNA
24877,10395103,10395187,84,mRNA
24878,10388134,10388735,601,mRNA
24879,10340123,10340202,79,mRNA
24880,10339566,10339665,99,mRNA
24881,10339303,10339501,198,mRNA
24882,10339166,10339240,74,mRNA
24883,10339026,10339109,83,mRNA
24884,10338870,10338964,94,mRNA
24885,10338622,10338805,183,mRNA
24886,10336856,10337119,263,mRNA
24887,10336607,10336785,178,mRNA
24888,10336328,10336468,140,mRNA
24889,10335264,10335413,149,mRNA
24890,10334896,10335161,265,mRNA
24891,10333633,10333944,311,mRNA
24892,10332056,10332367,311,mRNA
24893,10331674,10331824,150,mRNA
24894,10330701,10331255,554,mRNA
24895,10329969,10330074,105,mRNA
24896,10329687,10329902,215,mRNA
24897,10329470,10329633,163,mRNA
24898,10329302,10329413,111,mRNA
24899,10329044,10329229,185,mRNA
24900,10328783,10328989,206,mRNA
24901,10326362,10326538,176,mRNA
24902,10325689,10325894,205,mRNA
24903,10325190,10325547,357,mRNA
24904,10324130,10324318,188,mRNA
24905,10322904,10324068,1164,mRNA
24906,10364399,10365187,788,mRNA
24907,10357515,10357708,193,mRNA
24908,10340123,10340202,79,mRNA
24909,10339566,10339665,99,mRNA
24910,10339303,10339501,198,mRNA
24911,10339166,10339240,74,mRNA
24912,10339026,10339109,83,mRNA
24913,10338870,10338964,94,mRNA
24914,10338622,10338805,183,mRNA
24915,10336856,10337119,263,mRNA
24916,10336607,10336785,178,mRNA
24917,10336328,10336468,140,mRNA
24918,10335264,10335413,149,mRNA
24919,10334896,10335161,265,mRNA
24920,10332056,10332367,311,mRNA
24921,10331674,10331824,150,mRNA
24922,10330701,10331255,554,mRNA
24923,10329969,10330074,105,mRNA
24924,10329687,10329902,215,mRNA
24925,10329470,10329633,163,mRNA
24926,10329302,10329413,111,mRNA
24927,10329044,10329229,185,mRNA
24928,10328783,10328989,206,mRNA
24929,10326362,10326538,176,mRNA
24930,10325689,10325894,205,mRNA
24931,10325190,10325547,357,mRNA
24932,10324130,10324318,188,mRNA
24933,10322904,10324068,1164,mRNA
24934,10412236,10412315,79,CDS
24935,10340123,10340202,79,CDS
24936,10339566,10339665,99,CDS
24937,10339303,10339501,198,CDS
24938,10339166,10339240,74,CDS
24939,10339026,10339109,83,CDS
24940,10338870,10338964,94,CDS
24941,10338622,10338805,183,CDS
24942,10336856,10337119,263,CDS
24943,10336607,10336785,178,CDS
24944,10336328,10336468,140,CDS
24945,10335264,10335413,149,CDS
24946,10334896,10335161,265,CDS
24947,10332056,10332367,311,CDS
24948,10331674,10331824,150,CDS
24949,10330701,10331255,554,CDS
24950,10329969,10330074,105,CDS
24951,10329687,10329902,215,CDS
24952,10329470,10329633,163,CDS
24953,10329302,10329413,111,CDS
24954,10329044,10329229,185,CDS
24955,10328783,10328989,206,CDS
24956,10326362,10326538,176,CDS
24957,10325689,10325894,205,CDS
24958,10325190,10325547,357,CDS
24959,10324130,10324318,188,CDS
24960,10323676,10324068,392,CDS
24961,10412236,10412315,79,CDS
24962,10340123,10340202,79,CDS
24963,10339566,10339665,99,CDS
24964,10339303,10339501,198,CDS
24965,10339166,10339240,74,CDS
24966,10339026,10339109,83,CDS
24967,10338870,10338964,94,CDS
24968,10338622,10338805,183,CDS
24969,10336856,10337119,263,CDS
24970,10336607,10336785,178,CDS
24971,10336328,10336468,140,CDS
24972,10335264,10335413,149,CDS
24973,10334896,10335161,265,CDS
24974,10332056,10332367,311,CDS
24975,10331674,10331824,150,CDS
24976,10330701,10331255,554,CDS
24977,10329969,10330074,105,CDS
24978,10329687,10329902,215,CDS
24979,10329470,10329633,163,CDS
24980,10329302,10329413,111,CDS
24981,10329044,10329229,185,CDS
24982,10328783,10328989,206,CDS
24983,10326362,10326538,176,CDS
24984,10325689,10325894,205,CDS
24985,10325190,10325547,357,CDS
24986,10324130,10324318,188,CDS
24987,10323721,10324068,347,CDS
24988,10412236,10412315,79,CDS
24989,10340123,10340202,79,CDS
24990,10339566,10339665,99,CDS
24991,10339303,10339501,198,CDS
24992,10339166,10339240,74,CDS
24993,10339026,10339109,83,CDS
24994,10338870,10338964,94,CDS
24995,10338622,10338805,183,CDS
24996,10336856,10337119,263,CDS
24997,10336607,10336785,178,CDS
24998,10336328,10336468,140,CDS
24999,10335264,10335413,149,CDS
25000,10334896,10335161,265,CDS
25001,10332056,10332367,311,CDS
25002,10331674,10331824,150,CDS
25003,10329969,10330074,105,CDS
25004,10329687,10329902,215,CDS
25005,10329470,10329633,163,CDS
25006,10329302,10329413,111,CDS
25007,10329044,10329229,185,CDS
25008,10328783,10328989,206,CDS
25009,10325689,10325894,205,CDS
25010,10325311,10325547,236,CDS
25011,10325190,10325235,45,CDS
25012,10324130,10324318,188,CDS
25013,10323781,10324068,287,CDS
25014,10412236,10412315,79,CDS
25015,10340123,10340202,79,CDS
25016,10339566,10339665,99,CDS
25017,10339303,10339501,198,CDS
25018,10339166,10339240,74,CDS
25019,10339026,10339109,83,CDS
25020,10338870,10338964,94,CDS
25021,10338622,10338805,183,CDS
25022,10336856,10337119,263,CDS
25023,10336607,10336785,178,CDS
25024,10336328,10336468,140,CDS
25025,10335264,10335413,149,CDS
25026,10334896,10335161,265,CDS
25027,10332056,10332367,311,CDS
25028,10331674,10331824,150,CDS
25029,10330701,10331255,554,CDS
25030,10329969,10330074,105,CDS
25031,10329687,10329902,215,CDS
25032,10329470,10329633,163,CDS
25033,10329302,10329413,111,CDS
25034,10329044,10329229,185,CDS
25035,10328783,10328989,206,CDS
25036,10326362,10326538,176,CDS
25037,10325689,10325894,205,CDS
25038,10325190,10325547,357,CDS
25039,10324130,10324318,188,CDS
25040,10323781,10324068,287,CDS
25041,10388134,10388414,280,CDS
25042,10340123,10340202,79,CDS
25043,10339566,10339665,99,CDS
25044,10339303,10339501,198,CDS
25045,10339166,10339240,74,CDS
25046,10339026,10339109,83,CDS
25047,10338870,10338964,94,CDS
25048,10338622,10338805,183,CDS
25049,10336856,10337119,263,CDS
25050,10336607,10336785,178,CDS
25051,10336328,10336468,140,CDS
25052,10335264,10335413,149,CDS
25053,10334896,10335161,265,CDS
25054,10332056,10332367,311,CDS
25055,10331674,10331824,150,CDS
25056,10330701,10331255,554,CDS
25057,10329969,10330074,105,CDS
25058,10329687,10329902,215,CDS
25059,10329470,10329633,163,CDS
25060,10329302,10329413,111,CDS
25061,10329044,10329229,185,CDS
25062,10328783,10328989,206,CDS
25063,10326362,10326538,176,CDS
25064,10325689,10325894,205,CDS
25065,10325190,10325547,357,CDS
25066,10324130,10324318,188,CDS
25067,10323781,10324068,287,CDS
25068,10388134,10388414,280,CDS
25069,10340123,10340202,79,CDS
25070,10339566,10339665,99,CDS
25071,10339303,10339501,198,CDS
25072,10339166,10339240,74,CDS
25073,10339026,10339109,83,CDS
25074,10338870,10338964,94,CDS
25075,10338622,10338805,183,CDS
25076,10336856,10337119,263,CDS
25077,10336607,10336785,178,CDS
25078,10336328,10336468,140,CDS
25079,10335264,10335413,149,CDS
25080,10334896,10335161,265,CDS
25081,10333633,10333944,311,CDS
25082,10332056,10332367,311,CDS
25083,10331674,10331824,150,CDS
25084,10330701,10331255,554,CDS
25085,10329969,10330074,105,CDS
25086,10329687,10329902,215,CDS
25087,10329470,10329633,163,CDS
25088,10329302,10329413,111,CDS
25089,10329044,10329229,185,CDS
25090,10328783,10328989,206,CDS
25091,10326362,10326538,176,CDS
25092,10325689,10325894,205,CDS
25093,10325190,10325547,357,CDS
25094,10324130,10324318,188,CDS
25095,10323781,10324068,287,CDS
25096,10364399,10364527,128,CDS
25097,10357515,10357708,193,CDS
25098,10340123,10340202,79,CDS
25099,10339566,10339665,99,CDS
25100,10339303,10339501,198,CDS
25101,10339166,10339240,74,CDS
25102,10339026,10339109,83,CDS
25103,10338870,10338964,94,CDS
25104,10338622,10338805,183,CDS
25105,10336856,10337119,263,CDS
25106,10336607,10336785,178,CDS
25107,10336328,10336468,140,CDS
25108,10335264,10335413,149,CDS
25109,10334896,10335161,265,CDS
25110,10332056,10332367,311,CDS
25111,10331674,10331824,150,CDS
25112,10330701,10331255,554,CDS
25113,10329969,10330074,105,CDS
25114,10329687,10329902,215,CDS
25115,10329470,10329633,163,CDS
25116,10329302,10329413,111,CDS
25117,10329044,10329229,185,CDS
25118,10328783,10328989,206,CDS
25119,10326362,10326538,176,CDS
25120,10325689,10325894,205,CDS
25121,10325190,10325547,357,CDS
25122,10324130,10324318,188,CDS
25123,10323781,10324068,287,CDS
25124,10357515,10357744,229,CDS
25125,10340123,10340202,79,CDS
25126,10339566,10339665,99,CDS
25127,10339303,10339501,198,CDS
25128,10339166,10339240,74,CDS
25129,10339026,10339109,83,CDS
25130,10338870,10338964,94,CDS
25131,10338622,10338805,183,CDS
25132,10336856,10337119,263,CDS
25133,10336607,10336785,178,CDS
25134,10336328,10336468,140,CDS
25135,10335264,10335413,149,CDS
25136,10334896,10335161,265,CDS
25137,10332056,10332367,311,CDS
25138,10331674,10331824,150,CDS
25139,10330701,10331255,554,CDS
25140,10329969,10330074,105,CDS
25141,10329687,10329902,215,CDS
25142,10329470,10329633,163,CDS
25143,10329302,10329413,111,CDS
25144,10329044,10329229,185,CDS
25145,10328858,10328989,131,CDS
25146,10326362,10326538,176,CDS
25147,10325689,10325894,205,CDS
25148,10325190,10325547,357,CDS
25149,10324130,10324318,188,CDS
25150,10323781,10324068,287,CDS
25151,10343960,10344051,91,CDS
25152,10340123,10340202,79,CDS
25153,10339566,10339665,99,CDS
25154,10339303,10339501,198,CDS
25155,10339166,10339240,74,CDS
25156,10339026,10339109,83,CDS
25157,10338870,10338964,94,CDS
25158,10338622,10338805,183,CDS
25159,10336856,10337119,263,CDS
25160,10336607,10336785,178,CDS
25161,10336328,10336468,140,CDS
25162,10335264,10335413,149,CDS
25163,10334896,10335161,265,CDS
25164,10332056,10332367,311,CDS
25165,10331674,10331824,150,CDS
25166,10330701,10331255,554,CDS
25167,10329969,10330074,105,CDS
25168,10329687,10329902,215,CDS
25169,10329470,10329633,163,CDS
25170,10329302,10329413,111,CDS
25171,10329044,10329220,176,CDS
25172,10328858,10328989,131,CDS
25173,10325689,10325894,205,CDS
25174,10325190,10325547,357,CDS
25175,10324130,10324318,188,CDS
25176,10323781,10324068,287,CDS
25177,10351533,10352161,628,gene
25178,10351533,10352161,628,gene
25179,10351533,10352161,628,gene
25180,10352028,10352161,133,mRNA
25181,10351793,10351941,148,mRNA
25182,10351533,10351736,203,mRNA
25183,10352028,10352161,133,mRNA
25184,10351793,10351941,148,mRNA
25185,10351533,10351736,203,mRNA
25186,10352028,10352161,133,mRNA
25187,10351793,10351941,148,mRNA
25188,10351533,10351736,203,mRNA
25189,10351793,10351990,197,mRNA
25190,10351533,10351736,203,mRNA
25191,10351793,10351990,197,mRNA
25192,10351533,10351736,203,mRNA
25193,10351654,10351725,71,CDS
25194,10351654,10351725,71,CDS
25195,10351793,10351858,65,CDS
25196,10351734,10351736,2,CDS
25197,10351793,10351858,65,CDS
25198,10351734,10351736,2,CDS
25199,10352066,10352131,65,CDS
25200,10352456,10353114,658,gene
25201,10352456,10353114,658,gene
25202,10352456,10353114,658,gene
25203,10352929,10353114,185,mRNA
25204,10352456,10352866,410,mRNA
25205,10352929,10353114,185,mRNA
25206,10352456,10352866,410,mRNA
25207,10352929,10353114,185,mRNA
25208,10352456,10352866,410,mRNA
25209,10352929,10353114,185,mRNA
25210,10352456,10352876,420,mRNA
25211,10352929,10353114,185,mRNA
25212,10352456,10352876,420,mRNA
25213,10352929,10353114,185,mRNA
25214,10352456,10352876,420,mRNA
25215,10352456,10352888,432,mRNA
25216,10352456,10352888,432,mRNA
25217,10352533,10352598,65,CDS
25218,10352533,10352598,65,CDS
25219,10352533,10352598,65,CDS
25220,10352756,10352827,71,CDS
25221,10352756,10352827,71,CDS
25222,10352756,10352827,71,CDS
25223,10352935,10353006,71,CDS
25224,10352935,10353006,71,CDS
25225,10353368,10354389,1021,gene
25226,10353368,10354389,1021,mRNA
25227,10353368,10354036,668,mRNA
25228,10354106,10354389,283,mRNA
25229,10353516,10353905,389,CDS
25230,10353516,10353905,389,CDS
25231,10354724,10355831,1107,gene
25232,10354724,10355831,1107,gene
25233,10355501,10355831,330,mRNA
25234,10354724,10355288,564,mRNA
25235,10355501,10355831,330,mRNA
25236,10354724,10355288,564,mRNA
25237,10355501,10355831,330,mRNA
25238,10354724,10355439,715,mRNA
25239,10355501,10355831,330,mRNA
25240,10354724,10355439,715,mRNA
25241,10354724,10355387,663,mRNA
25242,10355038,10355232,194,CDS
25243,10355038,10355232,194,CDS
25244,10355038,10355232,194,CDS
25245,10355550,10355672,122,CDS
25246,10355550,10355672,122,CDS
25247,10356171,10356800,629,gene
25248,10356488,10356800,312,mRNA
25249,10356171,10356376,205,mRNA
25250,10356414,10356800,386,mRNA
25251,10356171,10356354,183,mRNA
25252,10356171,10356800,629,mRNA
25253,10356488,10356698,210,CDS
25254,10356294,10356376,82,CDS
25255,10356477,10356698,221,CDS
25256,10356477,10356698,221,CDS
25257,10360213,10360840,627,gene
25258,10360213,10360285,72,mRNA
25259,10360339,10360840,501,mRNA
25260,10360213,10360285,72,CDS
25261,10360339,10360727,388,CDS
25262,10362185,10363584,1399,gene
25263,10362185,10363231,1046,mRNA
25264,10363426,10363584,158,mRNA
25265,10362305,10363231,926,CDS
25266,10363426,10363584,158,CDS
25267,10376238,10377540,1302,gene
25268,10376238,10377540,1302,exon
25269,10377128,10380109,2981,gene
25270,10377128,10380109,2981,mRNA
25271,10377957,10379738,1781,CDS
25272,10406975,10407445,470,gene
25273,10406975,10407445,470,mRNA
25274,10406975,10407445,470,CDS
25275,10408556,10408774,218,gene
25276,10408556,10408774,218,exon
25277,10409155,10409751,596,gene
25278,10409155,10409751,596,mRNA
25279,10409155,10409751,596,CDS
25280,10409985,10410570,585,gene
25281,10410530,10410570,40,mRNA
25282,10409985,10410441,456,mRNA
25283,10410530,10410570,40,CDS
25284,10409985,10410441,456,CDS
25285,10410770,10411213,443,gene
25286,10410770,10411213,443,mRNA
25287,10410770,10411213,443,CDS
25288,10418718,10419761,1043,gene
25289,10418718,10418887,169,mRNA
25290,10418950,10419324,374,mRNA
25291,10419388,10419463,75,mRNA
25292,10419527,10419761,234,mRNA
25293,10418805,10418887,82,CDS
25294,10418950,10419324,374,CDS
25295,10419388,10419463,75,CDS
25296,10419527,10419655,128,CDS
25297,10420277,10420352,75,mobile_element
25298,10420414,10423650,3236,gene
25299,10423598,10423650,52,mRNA
25300,10421103,10421691,588,mRNA
25301,10420631,10421047,416,mRNA
25302,10420414,10420572,158,mRNA
25303,10421858,10421908,50,mRNA
25304,10421173,10421691,518,mRNA
25305,10420631,10420969,338,mRNA
25306,10420414,10420572,158,mRNA
25307,10420631,10421069,438,mRNA
25308,10420414,10420572,158,mRNA
25309,10421103,10421166,63,CDS
25310,10420701,10421047,346,CDS
25311,10420701,10421003,302,CDS
25312,10420701,10420919,218,CDS
25313,10421706,10422989,1283,gene
25314,10421706,10422989,1283,mRNA
25315,10422192,10422989,797,mRNA
25316,10422233,10422838,605,CDS
25317,10422233,10422838,605,CDS
25318,10424436,10425471,1035,gene
25319,10424436,10424614,178,mRNA
25320,10424677,10425051,374,mRNA
25321,10425115,10425190,75,mRNA
25322,10425254,10425471,217,mRNA
25323,10424532,10424614,82,CDS
25324,10424677,10425051,374,CDS
25325,10425115,10425190,75,CDS
25326,10425254,10425382,128,CDS
25327,10425990,10426465,475,mobile_element
25328,10426173,10426300,127,mobile_element
25329,10426626,10426735,109,mobile_element
25330,10426880,10427915,1035,gene
25331,10427737,10427915,178,mRNA
25332,10427300,10427674,374,mRNA
25333,10427161,10427236,75,mRNA
25334,10426880,10427097,217,mRNA
25335,10427737,10427819,82,CDS
25336,10427300,10427674,374,CDS
25337,10427161,10427236,75,CDS
25338,10426969,10427097,128,CDS
25339,10429708,10436581,6873,gene
25340,10429708,10429783,75,mRNA
25341,10430534,10431915,1381,mRNA
25342,10433039,10433203,164,mRNA
25343,10433275,10433465,190,mRNA
25344,10433542,10433723,181,mRNA
25345,10433787,10433899,112,mRNA
25346,10433961,10434112,151,mRNA
25347,10434171,10434373,202,mRNA
25348,10434427,10434590,163,mRNA
25349,10434652,10434785,133,mRNA
25350,10434918,10435029,111,mRNA
25351,10435086,10436581,1495,mRNA
25352,10429708,10429783,75,mRNA
25353,10430534,10431915,1381,mRNA
25354,10433039,10433203,164,mRNA
25355,10433275,10433465,190,mRNA
25356,10433542,10433723,181,mRNA
25357,10433787,10433899,112,mRNA
25358,10433961,10434112,151,mRNA
25359,10434171,10434373,202,mRNA
25360,10434427,10434590,163,mRNA
25361,10434652,10434785,133,mRNA
25362,10434918,10435029,111,mRNA
25363,10435086,10436581,1495,mRNA
25364,10429712,10429783,71,mRNA
25365,10430534,10431915,1381,mRNA
25366,10433039,10433203,164,mRNA
25367,10433272,10433465,193,mRNA
25368,10433542,10433723,181,mRNA
25369,10433787,10433899,112,mRNA
25370,10433961,10434112,151,mRNA
25371,10434171,10434373,202,mRNA
25372,10434427,10434590,163,mRNA
25373,10434652,10434785,133,mRNA
25374,10434918,10435029,111,mRNA
25375,10435086,10436581,1495,mRNA
25376,10429712,10429783,71,mRNA
25377,10430534,10431915,1381,mRNA
25378,10433039,10433203,164,mRNA
25379,10433275,10433465,190,mRNA
25380,10433542,10433723,181,mRNA
25381,10433787,10433899,112,mRNA
25382,10433961,10434112,151,mRNA
25383,10434171,10434373,202,mRNA
25384,10434427,10434590,163,mRNA
25385,10434646,10434785,139,mRNA
25386,10434918,10435029,111,mRNA
25387,10435086,10436581,1495,mRNA
25388,10429712,10429783,71,mRNA
25389,10430880,10431915,1035,mRNA
25390,10433039,10433203,164,mRNA
25391,10433275,10433465,190,mRNA
25392,10433542,10433723,181,mRNA
25393,10433787,10433899,112,mRNA
25394,10433961,10434112,151,mRNA
25395,10434171,10434373,202,mRNA
25396,10434427,10434590,163,mRNA
25397,10434652,10434785,133,mRNA
25398,10434918,10435029,111,mRNA
25399,10435086,10436416,1330,mRNA
25400,10430005,10430073,68,mRNA
25401,10430880,10431915,1035,mRNA
25402,10433039,10433203,164,mRNA
25403,10433275,10433465,190,mRNA
25404,10433542,10433723,181,mRNA
25405,10433787,10433899,112,mRNA
25406,10433961,10434112,151,mRNA
25407,10434171,10434373,202,mRNA
25408,10434427,10434590,163,mRNA
25409,10434637,10434785,148,mRNA
25410,10434918,10435029,111,mRNA
25411,10435086,10436166,1080,mRNA
25412,10430586,10431915,1329,CDS
25413,10433039,10433203,164,CDS
25414,10433275,10433465,190,CDS
25415,10433542,10433723,181,CDS
25416,10433787,10433899,112,CDS
25417,10433961,10434112,151,CDS
25418,10434171,10434373,202,CDS
25419,10434427,10434590,163,CDS
25420,10434652,10434785,133,CDS
25421,10434918,10435029,111,CDS
25422,10435086,10435723,637,CDS
25423,10430586,10431915,1329,CDS
25424,10433039,10433203,164,CDS
25425,10433272,10433465,193,CDS
25426,10433542,10433723,181,CDS
25427,10433787,10433899,112,CDS
25428,10433961,10434112,151,CDS
25429,10434171,10434373,202,CDS
25430,10434427,10434590,163,CDS
25431,10434652,10434785,133,CDS
25432,10434918,10435029,111,CDS
25433,10435086,10435222,136,CDS
25434,10430586,10431915,1329,CDS
25435,10433039,10433203,164,CDS
25436,10433275,10433465,190,CDS
25437,10433542,10433723,181,CDS
25438,10433787,10433899,112,CDS
25439,10433961,10434112,151,CDS
25440,10434171,10434373,202,CDS
25441,10434427,10434590,163,CDS
25442,10434646,10434785,139,CDS
25443,10434918,10435029,111,CDS
25444,10435086,10435222,136,CDS
25445,10430586,10431915,1329,CDS
25446,10433039,10433203,164,CDS
25447,10433275,10433465,190,CDS
25448,10433542,10433723,181,CDS
25449,10433787,10433899,112,CDS
25450,10433961,10434112,151,CDS
25451,10434171,10434373,202,CDS
25452,10434427,10434590,163,CDS
25453,10434652,10434785,133,CDS
25454,10434918,10435029,111,CDS
25455,10435086,10435222,136,CDS
25456,10431672,10431915,243,CDS
25457,10433039,10433203,164,CDS
25458,10433275,10433465,190,CDS
25459,10433542,10433723,181,CDS
25460,10433787,10433899,112,CDS
25461,10433961,10434112,151,CDS
25462,10434171,10434373,202,CDS
25463,10434427,10434590,163,CDS
25464,10434637,10434785,148,CDS
25465,10434918,10435029,111,CDS
25466,10435086,10435723,637,CDS
25467,10431672,10431915,243,CDS
25468,10433039,10433203,164,CDS
25469,10433275,10433465,190,CDS
25470,10433542,10433723,181,CDS
25471,10433787,10433899,112,CDS
25472,10433961,10434112,151,CDS
25473,10434171,10434373,202,CDS
25474,10434427,10434590,163,CDS
25475,10434652,10434785,133,CDS
25476,10434918,10435029,111,CDS
25477,10435086,10435222,136,CDS
25478,10436598,10437382,784,gene
25479,10437320,10437382,62,mRNA
25480,10437082,10437263,181,mRNA
25481,10436598,10437019,421,mRNA
25482,10437320,10437382,62,mRNA
25483,10437082,10437263,181,mRNA
25484,10436672,10437019,347,mRNA
25485,10437320,10437337,17,CDS
25486,10437082,10437263,181,CDS
25487,10436749,10437019,270,CDS
25488,10437320,10437337,17,CDS
25489,10437082,10437263,181,CDS
25490,10436749,10437019,270,CDS
25491,10437985,10465701,27716,gene
25492,10437985,10438106,121,mRNA
25493,10439375,10439631,256,mRNA
25494,10448199,10448383,184,mRNA
25495,10448472,10448632,160,mRNA
25496,10460903,10461031,128,mRNA
25497,10461096,10461225,129,mRNA
25498,10461290,10461443,153,mRNA
25499,10461513,10462686,1173,mRNA
25500,10437985,10438106,121,mRNA
25501,10439375,10439445,70,mRNA
25502,10445384,10445624,240,mRNA
25503,10448199,10448383,184,mRNA
25504,10448472,10448632,160,mRNA
25505,10460903,10461031,128,mRNA
25506,10461096,10461225,129,mRNA
25507,10461290,10461443,153,mRNA
25508,10461513,10462686,1173,mRNA
25509,10438248,10438351,103,mRNA
25510,10439375,10439631,256,mRNA
25511,10448199,10448383,184,mRNA
25512,10448472,10448632,160,mRNA
25513,10460903,10461031,128,mRNA
25514,10461096,10461225,129,mRNA
25515,10461290,10461443,153,mRNA
25516,10461513,10462686,1173,mRNA
25517,10438248,10438296,48,mRNA
25518,10439375,10439631,256,mRNA
25519,10448199,10448383,184,mRNA
25520,10448472,10448632,160,mRNA
25521,10460903,10461031,128,mRNA
25522,10461096,10461225,129,mRNA
25523,10461290,10461443,153,mRNA
25524,10461513,10462686,1173,mRNA
25525,10438471,10438492,21,mRNA
25526,10439375,10439631,256,mRNA
25527,10448199,10448383,184,mRNA
25528,10448472,10448632,160,mRNA
25529,10460903,10461031,128,mRNA
25530,10461096,10461225,129,mRNA
25531,10461290,10461443,153,mRNA
25532,10461513,10462686,1173,mRNA
25533,10438606,10438737,131,mRNA
25534,10439375,10439631,256,mRNA
25535,10448199,10448383,184,mRNA
25536,10448472,10448632,160,mRNA
25537,10460903,10461031,128,mRNA
25538,10461096,10461225,129,mRNA
25539,10461290,10461443,153,mRNA
25540,10461513,10462686,1173,mRNA
25541,10439371,10439631,260,mRNA
25542,10448199,10448383,184,mRNA
25543,10448472,10448632,160,mRNA
25544,10460903,10461031,128,mRNA
25545,10461096,10461225,129,mRNA
25546,10461290,10461443,153,mRNA
25547,10461513,10462686,1173,mRNA
25548,10439514,10439631,117,CDS
25549,10448199,10448383,184,CDS
25550,10448472,10448632,160,CDS
25551,10460903,10461031,128,CDS
25552,10461096,10461225,129,CDS
25553,10461290,10461443,153,CDS
25554,10461513,10461700,187,CDS
25555,10439514,10439631,117,CDS
25556,10448199,10448383,184,CDS
25557,10448472,10448632,160,CDS
25558,10460903,10461031,128,CDS
25559,10461096,10461225,129,CDS
25560,10461290,10461443,153,CDS
25561,10461513,10461700,187,CDS
25562,10439514,10439631,117,CDS
25563,10448199,10448383,184,CDS
25564,10448472,10448632,160,CDS
25565,10460903,10461031,128,CDS
25566,10461096,10461225,129,CDS
25567,10461290,10461443,153,CDS
25568,10461513,10461700,187,CDS
25569,10439514,10439631,117,CDS
25570,10448199,10448383,184,CDS
25571,10448472,10448632,160,CDS
25572,10460903,10461031,128,CDS
25573,10461096,10461225,129,CDS
25574,10461290,10461443,153,CDS
25575,10461513,10461700,187,CDS
25576,10439514,10439631,117,CDS
25577,10448199,10448383,184,CDS
25578,10448472,10448632,160,CDS
25579,10460903,10461031,128,CDS
25580,10461096,10461225,129,CDS
25581,10461290,10461443,153,CDS
25582,10461513,10461700,187,CDS
25583,10439514,10439631,117,CDS
25584,10448199,10448383,184,CDS
25585,10448472,10448632,160,CDS
25586,10460903,10461031,128,CDS
25587,10461096,10461225,129,CDS
25588,10461290,10461443,153,CDS
25589,10461513,10461700,187,CDS
25590,10444344,10444462,118,mRNA
25591,10445247,10445624,377,mRNA
25592,10448199,10448383,184,mRNA
25593,10448472,10448632,160,mRNA
25594,10460903,10461031,128,mRNA
25595,10461096,10461225,129,mRNA
25596,10461290,10461443,153,mRNA
25597,10461513,10463718,2205,mRNA
25598,10445116,10445624,508,mRNA
25599,10448199,10448383,184,mRNA
25600,10448472,10448632,160,mRNA
25601,10460903,10461031,128,mRNA
25602,10461096,10461225,129,mRNA
25603,10461290,10461443,153,mRNA
25604,10461513,10465701,4188,mRNA
25605,10445507,10445624,117,CDS
25606,10448199,10448383,184,CDS
25607,10448472,10448632,160,CDS
25608,10460903,10461031,128,CDS
25609,10461096,10461225,129,CDS
25610,10461290,10461443,153,CDS
25611,10461513,10461700,187,CDS
25612,10445507,10445624,117,CDS
25613,10448199,10448383,184,CDS
25614,10448472,10448632,160,CDS
25615,10460903,10461031,128,CDS
25616,10461096,10461225,129,CDS
25617,10461290,10461443,153,CDS
25618,10461513,10461700,187,CDS
25619,10445507,10445624,117,CDS
25620,10448199,10448383,184,CDS
25621,10448472,10448632,160,CDS
25622,10460903,10461031,128,CDS
25623,10461096,10461225,129,CDS
25624,10461290,10461443,153,CDS
25625,10461513,10461700,187,CDS
25626,10449350,10458892,9542,gene
25627,10458679,10458892,213,mRNA
25628,10455925,10456157,232,mRNA
25629,10455523,10455686,163,mRNA
25630,10455284,10455449,165,mRNA
25631,10452298,10452378,80,mRNA
25632,10452088,10452204,116,mRNA
25633,10451923,10451999,76,mRNA
25634,10451223,10451418,195,mRNA
25635,10450979,10451153,174,mRNA
25636,10450745,10450914,169,mRNA
25637,10450592,10450670,78,mRNA
25638,10450421,10450526,105,mRNA
25639,10449880,10450001,121,mRNA
25640,10449350,10449800,450,mRNA
25641,10458439,10458892,453,mRNA
25642,10455925,10456157,232,mRNA
25643,10455523,10455686,163,mRNA
25644,10455284,10455449,165,mRNA
25645,10452298,10452378,80,mRNA
25646,10452088,10452204,116,mRNA
25647,10451923,10451999,76,mRNA
25648,10451223,10451418,195,mRNA
25649,10450979,10451153,174,mRNA
25650,10450745,10450914,169,mRNA
25651,10450592,10450670,78,mRNA
25652,10450421,10450526,105,mRNA
25653,10449880,10450001,121,mRNA
25654,10449350,10449800,450,mRNA
25655,10458073,10458232,159,mRNA
25656,10455925,10456157,232,mRNA
25657,10455523,10455686,163,mRNA
25658,10455284,10455449,165,mRNA
25659,10452298,10452378,80,mRNA
25660,10452088,10452204,116,mRNA
25661,10451923,10451999,76,mRNA
25662,10451223,10451418,195,mRNA
25663,10450979,10451153,174,mRNA
25664,10450745,10450914,169,mRNA
25665,10450592,10450670,78,mRNA
25666,10450421,10450526,105,mRNA
25667,10449880,10450001,121,mRNA
25668,10449350,10449800,450,mRNA
25669,10452298,10452460,162,mRNA
25670,10452088,10452204,116,mRNA
25671,10451923,10451999,76,mRNA
25672,10451223,10451418,195,mRNA
25673,10450979,10451153,174,mRNA
25674,10450745,10450914,169,mRNA
25675,10450592,10450670,78,mRNA
25676,10450421,10450526,105,mRNA
25677,10449880,10450001,121,mRNA
25678,10449350,10449800,450,mRNA
25679,10455925,10456127,202,CDS
25680,10455523,10455686,163,CDS
25681,10455284,10455449,165,CDS
25682,10452298,10452378,80,CDS
25683,10452088,10452204,116,CDS
25684,10451923,10451999,76,CDS
25685,10451223,10451418,195,CDS
25686,10450979,10451153,174,CDS
25687,10450745,10450914,169,CDS
25688,10450592,10450670,78,CDS
25689,10450421,10450526,105,CDS
25690,10449880,10450001,121,CDS
25691,10449687,10449800,113,CDS
25692,10455925,10456127,202,CDS
25693,10455523,10455686,163,CDS
25694,10455284,10455449,165,CDS
25695,10452298,10452378,80,CDS
25696,10452088,10452204,116,CDS
25697,10451923,10451999,76,CDS
25698,10451223,10451418,195,CDS
25699,10450979,10451153,174,CDS
25700,10450745,10450914,169,CDS
25701,10450592,10450670,78,CDS
25702,10450421,10450526,105,CDS
25703,10449880,10450001,121,CDS
25704,10449687,10449800,113,CDS
25705,10455925,10456127,202,CDS
25706,10455523,10455686,163,CDS
25707,10455284,10455449,165,CDS
25708,10452298,10452378,80,CDS
25709,10452088,10452204,116,CDS
25710,10451923,10451999,76,CDS
25711,10451223,10451418,195,CDS
25712,10450979,10451153,174,CDS
25713,10450745,10450914,169,CDS
25714,10450592,10450670,78,CDS
25715,10450421,10450526,105,CDS
25716,10449880,10450001,121,CDS
25717,10449687,10449800,113,CDS
25718,10452298,10452389,91,CDS
25719,10452088,10452204,116,CDS
25720,10451923,10451999,76,CDS
25721,10451223,10451418,195,CDS
25722,10450979,10451153,174,CDS
25723,10450745,10450914,169,CDS
25724,10450592,10450670,78,CDS
25725,10450421,10450526,105,CDS
25726,10449880,10450001,121,CDS
25727,10449687,10449800,113,CDS
25728,10459163,10459360,197,mRNA
25729,10460903,10461031,128,mRNA
25730,10461096,10461225,129,mRNA
25731,10461290,10461443,153,mRNA
25732,10461513,10462686,1173,mRNA
25733,10461184,10461225,41,CDS
25734,10461290,10461443,153,CDS
25735,10461513,10461700,187,CDS
25736,10466001,10468540,2539,gene
25737,10467856,10468540,684,mRNA
25738,10466001,10467796,1795,mRNA
25739,10467856,10468445,589,CDS
25740,10466143,10467796,1653,CDS
25741,10468616,10469643,1027,gene
25742,10468616,10468636,20,mRNA
25743,10468701,10468937,236,mRNA
25744,10469201,10469643,442,mRNA
25745,10468634,10468636,2,CDS
25746,10468701,10468937,236,CDS
25747,10469201,10469446,245,CDS
25748,10469473,10478567,9094,gene
25749,10478360,10478567,207,mRNA
25750,10473269,10473450,181,mRNA
25751,10472475,10473212,737,mRNA
25752,10472016,10472215,199,mRNA
25753,10471618,10471956,338,mRNA
25754,10471214,10471273,59,mRNA
25755,10470368,10470749,381,mRNA
25756,10469946,10470305,359,mRNA
25757,10469473,10469885,412,mRNA
25758,10478360,10478567,207,mRNA
25759,10473269,10473450,181,mRNA
25760,10472475,10473212,737,mRNA
25761,10472016,10472215,199,mRNA
25762,10471618,10471956,338,mRNA
25763,10471440,10471505,65,mRNA
25764,10470368,10470749,381,mRNA
25765,10469946,10470305,359,mRNA
25766,10469473,10469885,412,mRNA
25767,10475255,10475481,226,mRNA
25768,10473269,10473450,181,mRNA
25769,10472475,10473212,737,mRNA
25770,10472016,10472215,199,mRNA
25771,10471618,10471956,338,mRNA
25772,10471214,10471273,59,mRNA
25773,10470368,10470749,381,mRNA
25774,10469946,10470305,359,mRNA
25775,10469473,10469885,412,mRNA
25776,10475255,10475481,226,mRNA
25777,10473269,10473450,181,mRNA
25778,10472475,10473212,737,mRNA
25779,10472016,10472215,199,mRNA
25780,10471618,10471956,338,mRNA
25781,10471440,10471505,65,mRNA
25782,10470368,10470749,381,mRNA
25783,10469946,10470305,359,mRNA
25784,10469473,10469885,412,mRNA
25785,10473269,10473409,140,CDS
25786,10472475,10473212,737,CDS
25787,10472016,10472215,199,CDS
25788,10471618,10471956,338,CDS
25789,10471214,10471273,59,CDS
25790,10470368,10470749,381,CDS
25791,10469946,10470305,359,CDS
25792,10469763,10469885,122,CDS
25793,10473269,10473409,140,CDS
25794,10472475,10473212,737,CDS
25795,10472016,10472215,199,CDS
25796,10471618,10471956,338,CDS
25797,10471214,10471273,59,CDS
25798,10470368,10470749,381,CDS
25799,10469946,10470305,359,CDS
25800,10469763,10469885,122,CDS
25801,10473269,10473409,140,CDS
25802,10472475,10473212,737,CDS
25803,10472016,10472215,199,CDS
25804,10471618,10471956,338,CDS
25805,10471440,10471505,65,CDS
25806,10470368,10470749,381,CDS
25807,10469946,10470305,359,CDS
25808,10469763,10469885,122,CDS
25809,10473269,10473409,140,CDS
25810,10472475,10473212,737,CDS
25811,10472016,10472215,199,CDS
25812,10471618,10471956,338,CDS
25813,10471440,10471505,65,CDS
25814,10470368,10470749,381,CDS
25815,10469946,10470305,359,CDS
25816,10469763,10469885,122,CDS
25817,10478043,10478795,752,gene
25818,10478043,10478305,262,ncRNA
25819,10478386,10478795,409,ncRNA
25820,10478043,10478305,262,ncRNA
25821,10478412,10478795,383,ncRNA
25822,10479011,10480111,1100,gene
25823,10479964,10480111,147,mRNA
25824,10479823,10479910,87,mRNA
25825,10479660,10479756,96,mRNA
25826,10479482,10479597,115,mRNA
25827,10479011,10479425,414,mRNA
25828,10479964,10480038,74,CDS
25829,10479823,10479910,87,CDS
25830,10479660,10479756,96,CDS
25831,10479482,10479597,115,CDS
25832,10479094,10479425,331,CDS
25833,10480163,10481886,1723,gene
25834,10480163,10480263,100,mRNA
25835,10480323,10480542,219,mRNA
25836,10481090,10481169,79,mRNA
25837,10481227,10481290,63,mRNA
25838,10481363,10481886,523,mRNA
25839,10480255,10480263,8,CDS
25840,10480323,10480542,219,CDS
25841,10481090,10481169,79,CDS
25842,10481227,10481290,63,CDS
25843,10481363,10481589,226,CDS
25844,10481894,10543291,61397,gene
25845,10541345,10541670,325,mRNA
25846,10533576,10533968,392,mRNA
25847,10533118,10533511,393,mRNA
25848,10532181,10532894,713,mRNA
25849,10532039,10532119,80,mRNA
25850,10481894,10484252,2358,mRNA
25851,10481894,10485252,3358,gene
25852,10485217,10485252,35,mRNA
25853,10481894,10484824,2930,mRNA
25854,10481894,10485252,3358,mRNA
25855,10542905,10543291,386,mRNA
25856,10533576,10533968,392,mRNA
25857,10533118,10533511,393,mRNA
25858,10532181,10532894,713,mRNA
25859,10532039,10532119,80,mRNA
25860,10482207,10484252,2045,mRNA
25861,10533576,10533749,173,CDS
25862,10533118,10533511,393,CDS
25863,10532181,10532894,713,CDS
25864,10532039,10532119,80,CDS
25865,10482940,10484252,1312,CDS
25866,10533576,10533749,173,CDS
25867,10533118,10533511,393,CDS
25868,10532181,10532894,713,CDS
25869,10532039,10532119,80,CDS
25870,10482940,10484252,1312,CDS
25871,10482940,10484250,1310,CDS
25872,10482940,10484250,1310,CDS
25873,10541345,10541670,325,mRNA
25874,10533576,10533968,392,mRNA
25875,10533118,10533511,393,mRNA
25876,10532181,10532894,713,mRNA
25877,10532039,10532119,80,mRNA
25878,10487397,10488426,1029,mRNA
25879,10533576,10533749,173,CDS
25880,10533118,10533511,393,CDS
25881,10532181,10532894,713,CDS
25882,10532039,10532119,80,CDS
25883,10487981,10488426,445,CDS
25884,10541345,10541670,325,mRNA
25885,10533576,10533968,392,mRNA
25886,10533118,10533511,393,mRNA
25887,10532181,10532894,713,mRNA
25888,10532039,10532119,80,mRNA
25889,10488655,10489143,488,mRNA
25890,10533576,10533749,173,CDS
25891,10533118,10533511,393,CDS
25892,10532181,10532894,713,CDS
25893,10532039,10532119,80,CDS
25894,10488773,10489143,370,CDS
25895,10541345,10541670,325,mRNA
25896,10533576,10533968,392,mRNA
25897,10533118,10533511,393,mRNA
25898,10532181,10532894,713,mRNA
25899,10532039,10532119,80,mRNA
25900,10489514,10491051,1537,mRNA
25901,10533576,10533749,173,CDS
25902,10533118,10533511,393,CDS
25903,10532181,10532894,713,CDS
25904,10532039,10532119,80,CDS
25905,10490099,10491051,952,CDS
25906,10541345,10541670,325,mRNA
25907,10533576,10533968,392,mRNA
25908,10533118,10533511,393,mRNA
25909,10532181,10532894,713,mRNA
25910,10532039,10532119,80,mRNA
25911,10491260,10492585,1325,mRNA
25912,10533576,10533749,173,CDS
25913,10533118,10533511,393,CDS
25914,10532181,10532894,713,CDS
25915,10532039,10532119,80,CDS
25916,10491942,10492585,643,CDS
25917,10541345,10541670,325,mRNA
25918,10533576,10533968,392,mRNA
25919,10533118,10533511,393,mRNA
25920,10532181,10532894,713,mRNA
25921,10532039,10532119,80,mRNA
25922,10496295,10498089,1794,mRNA
25923,10533576,10533749,173,CDS
25924,10533118,10533511,393,CDS
25925,10532181,10532894,713,CDS
25926,10532039,10532119,80,CDS
25927,10497179,10498089,910,CDS
25928,10541345,10541670,325,mRNA
25929,10533576,10533968,392,mRNA
25930,10533118,10533511,393,mRNA
25931,10532181,10532894,713,mRNA
25932,10532039,10532119,80,mRNA
25933,10502358,10502462,104,mRNA
25934,10500198,10502059,1861,mRNA
25935,10533576,10533749,173,CDS
25936,10533118,10533511,393,CDS
25937,10532181,10532894,713,CDS
25938,10532039,10532119,80,CDS
25939,10502358,10502462,104,CDS
25940,10500636,10502059,1423,CDS
25941,10541345,10541670,325,mRNA
25942,10533576,10533968,392,mRNA
25943,10533118,10533511,393,mRNA
25944,10532181,10532894,713,mRNA
25945,10532039,10532119,80,mRNA
25946,10502358,10502462,104,mRNA
25947,10502097,10502229,132,mRNA
25948,10533576,10533749,173,CDS
25949,10533118,10533511,393,CDS
25950,10532181,10532894,713,CDS
25951,10532039,10532119,80,CDS
25952,10502358,10502462,104,CDS
25953,10502141,10502229,88,CDS
25954,10541345,10541670,325,mRNA
25955,10533576,10533968,392,mRNA
25956,10533118,10533511,393,mRNA
25957,10532181,10532894,713,mRNA
25958,10532039,10532119,80,mRNA
25959,10504859,10506073,1214,mRNA
25960,10534178,10534354,176,mRNA
25961,10533576,10533968,392,mRNA
25962,10533118,10533511,393,mRNA
25963,10532181,10532894,713,mRNA
25964,10532039,10532119,80,mRNA
25965,10504859,10506073,1214,mRNA
25966,10533576,10533749,173,CDS
25967,10533118,10533511,393,CDS
25968,10532181,10532894,713,CDS
25969,10532039,10532119,80,CDS
25970,10505073,10506073,1000,CDS
25971,10533576,10533749,173,CDS
25972,10533118,10533511,393,CDS
25973,10532181,10532894,713,CDS
25974,10532039,10532119,80,CDS
25975,10505073,10506073,1000,CDS
25976,10542905,10543291,386,mRNA
25977,10533576,10533968,392,mRNA
25978,10533118,10533511,393,mRNA
25979,10532181,10532894,713,mRNA
25980,10532039,10532119,80,mRNA
25981,10509795,10510136,341,mRNA
25982,10507243,10509554,2311,mRNA
25983,10534850,10535032,182,mRNA
25984,10533576,10533968,392,mRNA
25985,10533118,10533511,393,mRNA
25986,10532181,10532894,713,mRNA
25987,10532039,10532119,80,mRNA
25988,10509795,10510136,341,mRNA
25989,10507423,10509554,2131,mRNA
25990,10533576,10533749,173,CDS
25991,10533118,10533511,393,CDS
25992,10532181,10532894,713,CDS
25993,10532039,10532119,80,CDS
25994,10509795,10510136,341,CDS
25995,10508347,10509554,1207,CDS
25996,10533576,10533749,173,CDS
25997,10533118,10533511,393,CDS
25998,10532181,10532894,713,CDS
25999,10532039,10532119,80,CDS
26000,10509795,10510136,341,CDS
26001,10508347,10509554,1207,CDS
26002,10534850,10535032,182,mRNA
26003,10533576,10533968,392,mRNA
26004,10533118,10533511,393,mRNA
26005,10532181,10532894,713,mRNA
26006,10532039,10532119,80,mRNA
26007,10510525,10511004,479,mRNA
26008,10534178,10534354,176,mRNA
26009,10533576,10533968,392,mRNA
26010,10533118,10533511,393,mRNA
26011,10532181,10532894,713,mRNA
26012,10532039,10532119,80,mRNA
26013,10510525,10511004,479,mRNA
26014,10533576,10533749,173,CDS
26015,10533118,10533511,393,CDS
26016,10532181,10532894,713,CDS
26017,10532039,10532119,80,CDS
26018,10510640,10511004,364,CDS
26019,10533576,10533749,173,CDS
26020,10533118,10533511,393,CDS
26021,10532181,10532894,713,CDS
26022,10532039,10532119,80,CDS
26023,10510640,10511004,364,CDS
26024,10534850,10535032,182,mRNA
26025,10533576,10533968,392,mRNA
26026,10533118,10533511,393,mRNA
26027,10532181,10532894,713,mRNA
26028,10532039,10532119,80,mRNA
26029,10515835,10516051,216,mRNA
26030,10515014,10515658,644,mRNA
26031,10533576,10533749,173,CDS
26032,10533118,10533511,393,CDS
26033,10532181,10532894,713,CDS
26034,10532039,10532119,80,CDS
26035,10515835,10516051,216,CDS
26036,10515541,10515658,117,CDS
26037,10534850,10535032,182,mRNA
26038,10533576,10533968,392,mRNA
26039,10533118,10533511,393,mRNA
26040,10532181,10532894,713,mRNA
26041,10532039,10532119,80,mRNA
26042,10517913,10518202,289,mRNA
26043,10533576,10533749,173,CDS
26044,10533118,10533511,393,CDS
26045,10532181,10532894,713,CDS
26046,10532039,10532119,80,CDS
26047,10517925,10518202,277,CDS
26048,10534850,10535032,182,mRNA
26049,10533576,10533968,392,mRNA
26050,10533118,10533511,393,mRNA
26051,10532181,10532894,713,mRNA
26052,10532039,10532119,80,mRNA
26053,10518703,10519375,672,mRNA
26054,10533576,10533749,173,CDS
26055,10533118,10533511,393,CDS
26056,10532181,10532894,713,CDS
26057,10532039,10532119,80,CDS
26058,10519089,10519375,286,CDS
26059,10534850,10535032,182,mRNA
26060,10533576,10533968,392,mRNA
26061,10533118,10533511,393,mRNA
26062,10532181,10532894,713,mRNA
26063,10532039,10532119,80,mRNA
26064,10519620,10521277,1657,mRNA
26065,10534178,10534354,176,mRNA
26066,10533576,10533968,392,mRNA
26067,10533118,10533511,393,mRNA
26068,10532181,10532894,713,mRNA
26069,10532039,10532119,80,mRNA
26070,10519620,10521277,1657,mRNA
26071,10533576,10533749,173,CDS
26072,10533118,10533511,393,CDS
26073,10532181,10532894,713,CDS
26074,10532039,10532119,80,CDS
26075,10520394,10521277,883,CDS
26076,10533576,10533749,173,CDS
26077,10533118,10533511,393,CDS
26078,10532181,10532894,713,CDS
26079,10532039,10532119,80,CDS
26080,10520394,10521277,883,CDS
26081,10534850,10535032,182,mRNA
26082,10533576,10533968,392,mRNA
26083,10533118,10533511,393,mRNA
26084,10532181,10532894,713,mRNA
26085,10532039,10532119,80,mRNA
26086,10522028,10522969,941,mRNA
26087,10533576,10533749,173,CDS
26088,10533118,10533511,393,CDS
26089,10532181,10532894,713,CDS
26090,10532039,10532119,80,CDS
26091,10522335,10522969,634,CDS
26092,10534850,10535032,182,mRNA
26093,10533576,10533968,392,mRNA
26094,10533118,10533511,393,mRNA
26095,10532181,10532894,713,mRNA
26096,10532039,10532119,80,mRNA
26097,10523497,10524633,1136,mRNA
26098,10533576,10533749,173,CDS
26099,10533118,10533511,393,CDS
26100,10532181,10532894,713,CDS
26101,10532039,10532119,80,CDS
26102,10523876,10524633,757,CDS
26103,10534850,10535032,182,mRNA
26104,10533576,10533968,392,mRNA
26105,10533118,10533511,393,mRNA
26106,10532181,10532894,713,mRNA
26107,10532039,10532119,80,mRNA
26108,10524805,10525862,1057,mRNA
26109,10533576,10533749,173,CDS
26110,10533118,10533511,393,CDS
26111,10532181,10532894,713,CDS
26112,10532039,10532119,80,CDS
26113,10525399,10525862,463,CDS
26114,10534850,10535032,182,mRNA
26115,10533576,10533968,392,mRNA
26116,10533118,10533511,393,mRNA
26117,10532181,10532894,713,mRNA
26118,10532039,10532119,80,mRNA
26119,10527066,10527219,153,mRNA
26120,10526567,10526974,407,mRNA
26121,10533576,10533749,173,CDS
26122,10533118,10533511,393,CDS
26123,10532181,10532894,713,CDS
26124,10532039,10532119,80,CDS
26125,10527066,10527219,153,CDS
26126,10526680,10526974,294,CDS
26127,10534850,10535032,182,mRNA
26128,10533576,10533968,392,mRNA
26129,10533118,10533511,393,mRNA
26130,10532181,10532894,713,mRNA
26131,10531654,10532119,465,mRNA
26132,10533576,10533749,173,CDS
26133,10533118,10533511,393,CDS
26134,10532181,10532894,713,CDS
26135,10532004,10532119,115,CDS
26136,10536495,10536660,165,gene
26137,10536495,10536660,165,ncRNA
26138,10536745,10536905,160,gene
26139,10536745,10536905,160,ncRNA
26140,10536950,10537120,170,gene
26141,10536950,10537120,170,ncRNA
26142,10537135,10537270,135,gene
26143,10537135,10537270,135,ncRNA
26144,10541595,10541995,400,gene
26145,10541595,10541773,178,ncRNA
26146,10541841,10541995,154,ncRNA
26147,10544925,10547260,2335,gene
26148,10544925,10547260,2335,ncRNA
26149,10552739,10552804,65,mobile_element
26150,10557888,10617280,59392,gene
26151,10557888,10558533,645,mRNA
26152,10561686,10561954,268,mRNA
26153,10562026,10562190,164,mRNA
26154,10610550,10611515,965,mRNA
26155,10611680,10611818,138,mRNA
26156,10611915,10612454,539,mRNA
26157,10612737,10612931,194,mRNA
26158,10612980,10613375,395,mRNA
26159,10613768,10613870,102,mRNA
26160,10613943,10614126,183,mRNA
26161,10614548,10617280,2732,mRNA
26162,10557888,10558533,645,mRNA
26163,10561686,10561954,268,mRNA
26164,10562026,10562190,164,mRNA
26165,10610550,10611515,965,mRNA
26166,10611680,10611818,138,mRNA
26167,10611915,10612454,539,mRNA
26168,10612737,10612931,194,mRNA
26169,10612980,10613375,395,mRNA
26170,10613768,10613870,102,mRNA
26171,10613943,10614126,183,mRNA
26172,10614548,10617280,2732,mRNA
26173,10557888,10558533,645,mRNA
26174,10561686,10561954,268,mRNA
26175,10562026,10562190,164,mRNA
26176,10610550,10611515,965,mRNA
26177,10611680,10611818,138,mRNA
26178,10611915,10612454,539,mRNA
26179,10612737,10613375,638,mRNA
26180,10613768,10613870,102,mRNA
26181,10613943,10614126,183,mRNA
26182,10614533,10616248,1715,mRNA
26183,10557888,10558533,645,mRNA
26184,10561686,10561954,268,mRNA
26185,10562026,10562190,164,mRNA
26186,10610550,10611515,965,mRNA
26187,10611680,10611818,138,mRNA
26188,10611915,10612454,539,mRNA
26189,10612737,10612931,194,mRNA
26190,10612986,10613375,389,mRNA
26191,10613768,10613870,102,mRNA
26192,10613943,10614126,183,mRNA
26193,10614533,10616248,1715,mRNA
26194,10557888,10558376,488,mRNA
26195,10561686,10561954,268,mRNA
26196,10562026,10562190,164,mRNA
26197,10610550,10611515,965,mRNA
26198,10611680,10611818,138,mRNA
26199,10611915,10612454,539,mRNA
26200,10612737,10613375,638,mRNA
26201,10613768,10613870,102,mRNA
26202,10613943,10614126,183,mRNA
26203,10614533,10616248,1715,mRNA
26204,10561805,10561954,149,CDS
26205,10562026,10562190,164,CDS
26206,10610550,10611515,965,CDS
26207,10611680,10611818,138,CDS
26208,10611915,10612454,539,CDS
26209,10612737,10612931,194,CDS
26210,10612980,10613375,395,CDS
26211,10613768,10613870,102,CDS
26212,10613943,10614126,183,CDS
26213,10614548,10615081,533,CDS
26214,10561805,10561954,149,CDS
26215,10562026,10562190,164,CDS
26216,10610550,10611515,965,CDS
26217,10611680,10611818,138,CDS
26218,10611915,10612454,539,CDS
26219,10612737,10613375,638,CDS
26220,10613768,10613870,102,CDS
26221,10613943,10614126,183,CDS
26222,10614533,10614841,308,CDS
26223,10561805,10561954,149,CDS
26224,10562026,10562190,164,CDS
26225,10610550,10611515,965,CDS
26226,10611680,10611818,138,CDS
26227,10611915,10612454,539,CDS
26228,10612737,10613375,638,CDS
26229,10613768,10613870,102,CDS
26230,10613943,10614126,183,CDS
26231,10614533,10614841,308,CDS
26232,10561805,10561954,149,CDS
26233,10562026,10562190,164,CDS
26234,10610550,10611515,965,CDS
26235,10611680,10611818,138,CDS
26236,10611915,10612454,539,CDS
26237,10612737,10612931,194,CDS
26238,10612980,10613375,395,CDS
26239,10613768,10613870,102,CDS
26240,10613943,10614126,183,CDS
26241,10614548,10614841,293,CDS
26242,10561805,10561954,149,CDS
26243,10562026,10562190,164,CDS
26244,10610550,10611515,965,CDS
26245,10611680,10611818,138,CDS
26246,10611915,10612454,539,CDS
26247,10612737,10612931,194,CDS
26248,10612986,10613375,389,CDS
26249,10613768,10613870,102,CDS
26250,10613943,10614126,183,CDS
26251,10614533,10614841,308,CDS
26252,10568942,10569049,107,mRNA
26253,10570074,10570142,68,mRNA
26254,10610550,10611515,965,mRNA
26255,10611680,10611818,138,mRNA
26256,10611915,10612454,539,mRNA
26257,10612737,10613375,638,mRNA
26258,10613768,10613870,102,mRNA
26259,10613943,10614126,183,mRNA
26260,10614533,10616248,1715,mRNA
26261,10569222,10569378,156,mRNA
26262,10569807,10570142,335,mRNA
26263,10610550,10611515,965,mRNA
26264,10611680,10611818,138,mRNA
26265,10611915,10612454,539,mRNA
26266,10612737,10613375,638,mRNA
26267,10613768,10613870,102,mRNA
26268,10613943,10614126,183,mRNA
26269,10614533,10616248,1715,mRNA
26270,10569222,10569378,156,mRNA
26271,10570074,10570142,68,mRNA
26272,10610550,10611515,965,mRNA
26273,10611680,10611818,138,mRNA
26274,10611915,10612454,539,mRNA
26275,10612737,10613375,638,mRNA
26276,10613768,10613870,102,mRNA
26277,10613943,10614126,183,mRNA
26278,10614533,10616248,1715,mRNA
26279,10569954,10570142,188,mRNA
26280,10610550,10611818,1268,mRNA
26281,10611915,10612454,539,mRNA
26282,10612737,10613375,638,mRNA
26283,10613768,10613870,102,mRNA
26284,10613943,10614126,183,mRNA
26285,10614533,10616248,1715,mRNA
26286,10583686,10584123,437,mRNA
26287,10610550,10611818,1268,mRNA
26288,10611915,10612454,539,mRNA
26289,10612737,10613375,638,mRNA
26290,10613768,10613870,102,mRNA
26291,10613943,10614126,183,mRNA
26292,10614533,10616248,1715,mRNA
26293,10583686,10584123,437,mRNA
26294,10610550,10611515,965,mRNA
26295,10611680,10611818,138,mRNA
26296,10611915,10612454,539,mRNA
26297,10612737,10613375,638,mRNA
26298,10613768,10613870,102,mRNA
26299,10613943,10614126,183,mRNA
26300,10614533,10616248,1715,mRNA
26301,10583686,10583948,262,mRNA
26302,10610550,10611515,965,mRNA
26303,10611680,10611818,138,mRNA
26304,10611915,10612454,539,mRNA
26305,10612737,10613375,638,mRNA
26306,10613768,10613870,102,mRNA
26307,10613943,10614126,183,mRNA
26308,10614533,10616248,1715,mRNA
26309,10585613,10594139,8526,mobile_element
26310,10611492,10611515,23,CDS
26311,10611680,10611818,138,CDS
26312,10611915,10612454,539,CDS
26313,10612737,10613375,638,CDS
26314,10613768,10613870,102,CDS
26315,10613943,10614126,183,CDS
26316,10614533,10614841,308,CDS
26317,10611492,10611515,23,CDS
26318,10611680,10611818,138,CDS
26319,10611915,10612454,539,CDS
26320,10612737,10613375,638,CDS
26321,10613768,10613870,102,CDS
26322,10613943,10614126,183,CDS
26323,10614533,10614841,308,CDS
26324,10611492,10611515,23,CDS
26325,10611680,10611818,138,CDS
26326,10611915,10612454,539,CDS
26327,10612737,10613375,638,CDS
26328,10613768,10613870,102,CDS
26329,10613943,10614126,183,CDS
26330,10614533,10614841,308,CDS
26331,10611492,10611515,23,CDS
26332,10611680,10611818,138,CDS
26333,10611915,10612454,539,CDS
26334,10612737,10613375,638,CDS
26335,10613768,10613870,102,CDS
26336,10613943,10614126,183,CDS
26337,10614533,10614841,308,CDS
26338,10611492,10611515,23,CDS
26339,10611680,10611818,138,CDS
26340,10611915,10612454,539,CDS
26341,10612737,10613375,638,CDS
26342,10613768,10613870,102,CDS
26343,10613943,10614126,183,CDS
26344,10614533,10614841,308,CDS
26345,10611674,10611818,144,CDS
26346,10611915,10612454,539,CDS
26347,10612737,10613375,638,CDS
26348,10613768,10613870,102,CDS
26349,10613943,10614126,183,CDS
26350,10614533,10614841,308,CDS
26351,10611674,10611818,144,CDS
26352,10611915,10612454,539,CDS
26353,10612737,10613375,638,CDS
26354,10613768,10613870,102,CDS
26355,10613943,10614126,183,CDS
26356,10614533,10614841,308,CDS
26357,10617662,10641807,24145,gene
26358,10617662,10617836,174,mRNA
26359,10619891,10619999,108,mRNA
26360,10637521,10637728,207,mRNA
26361,10637956,10638562,606,mRNA
26362,10638626,10638712,86,mRNA
26363,10638766,10639329,563,mRNA
26364,10639468,10639982,514,mRNA
26365,10640046,10640285,239,mRNA
26366,10640354,10640449,95,mRNA
26367,10640514,10641807,1293,mRNA
26368,10617662,10617836,174,mRNA
26369,10619891,10619999,108,mRNA
26370,10637956,10638562,606,mRNA
26371,10638626,10638712,86,mRNA
26372,10638766,10639329,563,mRNA
26373,10639468,10639982,514,mRNA
26374,10640046,10640285,239,mRNA
26375,10640354,10640449,95,mRNA
26376,10640514,10640990,476,mRNA
26377,10617662,10617836,174,mRNA
26378,10619891,10619999,108,mRNA
26379,10637956,10638562,606,mRNA
26380,10638626,10638712,86,mRNA
26381,10638766,10639329,563,mRNA
26382,10639468,10639982,514,mRNA
26383,10640046,10640285,239,mRNA
26384,10640354,10640449,95,mRNA
26385,10640514,10640584,70,mRNA
26386,10640666,10640990,324,mRNA
26387,10622203,10622277,74,mRNA
26388,10637524,10637728,204,mRNA
26389,10637956,10638562,606,mRNA
26390,10638626,10638712,86,mRNA
26391,10638766,10639329,563,mRNA
26392,10639468,10639982,514,mRNA
26393,10640046,10640285,239,mRNA
26394,10640354,10640449,95,mRNA
26395,10640514,10640990,476,mRNA
26396,10622399,10637115,14716,mobile_element
26397,10627198,10629771,2573,mobile_element
26398,10637534,10637728,194,CDS
26399,10637956,10638562,606,CDS
26400,10638626,10638712,86,CDS
26401,10638766,10639329,563,CDS
26402,10639468,10639982,514,CDS
26403,10640046,10640285,239,CDS
26404,10640354,10640449,95,CDS
26405,10640514,10640588,74,CDS
26406,10637534,10637728,194,CDS
26407,10637956,10638562,606,CDS
26408,10638626,10638712,86,CDS
26409,10638766,10639329,563,CDS
26410,10639468,10639982,514,CDS
26411,10640046,10640285,239,CDS
26412,10640354,10640449,95,CDS
26413,10640514,10640588,74,CDS
26414,10637998,10638562,564,CDS
26415,10638626,10638712,86,CDS
26416,10638766,10639329,563,CDS
26417,10639468,10639982,514,CDS
26418,10640046,10640285,239,CDS
26419,10640354,10640449,95,CDS
26420,10640514,10640584,70,CDS
26421,10640666,10640726,60,CDS
26422,10637998,10638562,564,CDS
26423,10638626,10638712,86,CDS
26424,10638766,10639329,563,CDS
26425,10639468,10639982,514,CDS
26426,10640046,10640285,239,CDS
26427,10640354,10640449,95,CDS
26428,10640514,10640588,74,CDS
26429,10641818,10645427,3609,gene
26430,10645338,10645427,89,mRNA
26431,10644255,10645154,899,mRNA
26432,10643806,10643962,156,mRNA
26433,10643657,10643742,85,mRNA
26434,10643310,10643594,284,mRNA
26435,10642746,10642936,190,mRNA
26436,10642277,10642673,396,mRNA
26437,10641818,10642214,396,mRNA
26438,10644255,10645130,875,CDS
26439,10643806,10643962,156,CDS
26440,10643657,10643742,85,CDS
26441,10643310,10643594,284,CDS
26442,10642746,10642936,190,CDS
26443,10642277,10642673,396,CDS
26444,10642011,10642214,203,CDS
26445,10645735,10648634,2899,gene
26446,10645735,10645971,236,mRNA
26447,10646023,10646806,783,mRNA
26448,10646862,10647419,557,mRNA
26449,10647480,10647786,306,mRNA
26450,10647925,10648422,497,mRNA
26451,10648481,10648634,153,mRNA
26452,10645849,10645971,122,CDS
26453,10646023,10646806,783,CDS
26454,10646862,10647419,557,CDS
26455,10647480,10647786,306,CDS
26456,10647925,10648422,497,CDS
26457,10648481,10648595,114,CDS
26458,10648888,10649830,942,gene
26459,10648888,10649830,942,mRNA
26460,10648888,10649745,857,mRNA
26461,10648912,10649625,713,CDS
26462,10648912,10649625,713,CDS
26463,10656695,10657545,850,gene
26464,10657082,10657545,463,ncRNA
26465,10656695,10656951,256,ncRNA
26466,10659252,10666654,7402,mobile_element
26467,10671648,10672622,974,gene
26468,10672468,10672622,154,ncRNA
26469,10671648,10672374,726,ncRNA
26470,10673345,10721138,47793,gene
26471,10673345,10673969,624,mRNA
26472,10691365,10691393,28,mRNA
26473,10706308,10708021,1713,mRNA
26474,10708122,10715448,7326,mRNA
26475,10715545,10717401,1856,mRNA
26476,10718309,10718315,6,mRNA
26477,10718836,10718900,64,mRNA
26478,10719800,10721138,1338,mRNA
26479,10673345,10673969,624,mRNA
26480,10691365,10691393,28,mRNA
26481,10706308,10708021,1713,mRNA
26482,10708122,10715448,7326,mRNA
26483,10715545,10717401,1856,mRNA
26484,10718309,10718315,6,mRNA
26485,10719800,10721138,1338,mRNA
26486,10673345,10673969,624,mRNA
26487,10691365,10691393,28,mRNA
26488,10706308,10708021,1713,mRNA
26489,10708122,10715448,7326,mRNA
26490,10715545,10717401,1856,mRNA
26491,10719800,10721138,1338,mRNA
26492,10673345,10673969,624,mRNA
26493,10691365,10691393,28,mRNA
26494,10706308,10708021,1713,mRNA
26495,10708122,10715448,7326,mRNA
26496,10715545,10717401,1856,mRNA
26497,10719800,10721138,1338,mRNA
26498,10673345,10673969,624,mRNA
26499,10691365,10691393,28,mRNA
26500,10706308,10708021,1713,mRNA
26501,10708122,10715448,7326,mRNA
26502,10715545,10717401,1856,mRNA
26503,10717965,10718134,169,mRNA
26504,10705906,10708021,2115,mRNA
26505,10708122,10715448,7326,mRNA
26506,10715545,10717401,1856,mRNA
26507,10718309,10718315,6,mRNA
26508,10719800,10721138,1338,mRNA
26509,10705906,10708021,2115,mRNA
26510,10708122,10715448,7326,mRNA
26511,10715545,10717401,1856,mRNA
26512,10719800,10721138,1338,mRNA
26513,10706500,10708021,1521,CDS
26514,10708122,10715448,7326,CDS
26515,10715545,10717401,1856,CDS
26516,10719800,10720040,240,CDS
26517,10706500,10708021,1521,CDS
26518,10708122,10715448,7326,CDS
26519,10715545,10717401,1856,CDS
26520,10718309,10718315,6,CDS
26521,10718836,10718900,64,CDS
26522,10719800,10719833,33,CDS
26523,10706500,10708021,1521,CDS
26524,10708122,10715448,7326,CDS
26525,10715545,10717401,1856,CDS
26526,10719800,10719833,33,CDS
26527,10706500,10708021,1521,CDS
26528,10708122,10715448,7326,CDS
26529,10715545,10717401,1856,CDS
26530,10719800,10719833,33,CDS
26531,10706500,10708021,1521,CDS
26532,10708122,10715448,7326,CDS
26533,10715545,10717401,1856,CDS
26534,10718309,10718315,6,CDS
26535,10719800,10719811,11,CDS
26536,10706500,10708021,1521,CDS
26537,10708122,10715448,7326,CDS
26538,10715545,10717401,1856,CDS
26539,10718309,10718315,6,CDS
26540,10719800,10719811,11,CDS
26541,10706500,10708021,1521,CDS
26542,10708122,10715448,7326,CDS
26543,10715545,10717401,1856,CDS
26544,10717965,10717995,30,CDS
26545,10721335,10729203,7868,gene
26546,10728605,10729203,598,mRNA
26547,10724806,10725050,244,mRNA
26548,10724249,10724367,118,mRNA
26549,10724014,10724185,171,mRNA
26550,10721335,10723956,2621,mRNA
26551,10728605,10729203,598,mRNA
26552,10724806,10725050,244,mRNA
26553,10724249,10724367,118,mRNA
26554,10724014,10724185,171,mRNA
26555,10722968,10723956,988,mRNA
26556,10724806,10725030,224,CDS
26557,10724249,10724367,118,CDS
26558,10724014,10724185,171,CDS
26559,10723810,10723956,146,CDS
26560,10724806,10725030,224,CDS
26561,10724249,10724367,118,CDS
26562,10724014,10724185,171,CDS
26563,10723810,10723956,146,CDS
26564,10725270,10727272,2002,gene
26565,10725270,10727272,2002,mRNA
26566,10725476,10727059,1583,CDS
26567,10729578,10731528,1950,gene
26568,10731473,10731528,55,mRNA
26569,10730674,10731093,419,mRNA
26570,10730485,10730608,123,mRNA
26571,10730258,10730403,145,mRNA
26572,10729578,10730188,610,mRNA
26573,10730674,10730918,244,mRNA
26574,10730485,10730608,123,mRNA
26575,10730258,10730403,145,mRNA
26576,10729578,10730188,610,mRNA
26577,10730674,10730861,187,CDS
26578,10730485,10730608,123,CDS
26579,10730258,10730403,145,CDS
26580,10729639,10730188,549,CDS
26581,10730674,10730861,187,CDS
26582,10730485,10730608,123,CDS
26583,10730258,10730403,145,CDS
26584,10729639,10730188,549,CDS
26585,10731335,10738370,7035,gene
26586,10731335,10731526,191,mRNA
26587,10731659,10731796,137,mRNA
26588,10736657,10736748,91,mRNA
26589,10736893,10736995,102,mRNA
26590,10737060,10737291,231,mRNA
26591,10737357,10738370,1013,mRNA
26592,10731390,10731552,162,mRNA
26593,10731659,10731796,137,mRNA
26594,10736657,10736748,91,mRNA
26595,10736893,10736995,102,mRNA
26596,10737060,10737291,231,mRNA
26597,10737357,10738370,1013,mRNA
26598,10731566,10731796,230,mRNA
26599,10736657,10736748,91,mRNA
26600,10736893,10736995,102,mRNA
26601,10737060,10737291,231,mRNA
26602,10737357,10738370,1013,mRNA
26603,10731773,10731796,23,CDS
26604,10736657,10736748,91,CDS
26605,10736893,10736995,102,CDS
26606,10737060,10737291,231,CDS
26607,10737357,10737370,13,CDS
26608,10731773,10731796,23,CDS
26609,10736657,10736748,91,CDS
26610,10736893,10736995,102,CDS
26611,10737060,10737291,231,CDS
26612,10737357,10737370,13,CDS
26613,10731773,10731796,23,CDS
26614,10736657,10736748,91,CDS
26615,10736893,10736995,102,CDS
26616,10737060,10737291,231,CDS
26617,10737357,10737370,13,CDS
26618,10732699,10732796,97,mRNA
26619,10735820,10736055,235,mRNA
26620,10736657,10736748,91,mRNA
26621,10736893,10736995,102,mRNA
26622,10737060,10737291,231,mRNA
26623,10737357,10737425,68,mRNA
26624,10735381,10736055,674,mRNA
26625,10736657,10736748,91,mRNA
26626,10736893,10736995,102,mRNA
26627,10737060,10737291,231,mRNA
26628,10737357,10738370,1013,mRNA
26629,10735675,10736055,380,mRNA
26630,10736657,10736748,91,mRNA
26631,10736893,10736995,102,mRNA
26632,10737060,10737291,231,mRNA
26633,10737357,10737425,68,mRNA
26634,10735924,10736055,131,CDS
26635,10736657,10736748,91,CDS
26636,10736893,10736995,102,CDS
26637,10737060,10737291,231,CDS
26638,10737357,10737370,13,CDS
26639,10735924,10736055,131,CDS
26640,10736657,10736748,91,CDS
26641,10736893,10736995,102,CDS
26642,10737060,10737291,231,CDS
26643,10737357,10737370,13,CDS
26644,10735924,10736055,131,CDS
26645,10736657,10736748,91,CDS
26646,10736893,10736995,102,CDS
26647,10737060,10737291,231,CDS
26648,10737357,10737370,13,CDS
26649,10738617,10739829,1212,gene
26650,10738617,10739829,1212,mRNA
26651,10738758,10739720,962,CDS
26652,10740054,10798709,58655,gene
26653,10798340,10798709,369,mRNA
26654,10794125,10794484,359,mRNA
26655,10759863,10759915,52,mRNA
26656,10756530,10757544,1014,mRNA
26657,10754909,10756402,1493,mRNA
26658,10741911,10742073,162,mRNA
26659,10741581,10741849,268,mRNA
26660,10741244,10741447,203,mRNA
26661,10740054,10741186,1132,mRNA
26662,10782320,10782869,549,mRNA
26663,10759863,10759915,52,mRNA
26664,10756530,10757544,1014,mRNA
26665,10754909,10756402,1493,mRNA
26666,10741911,10742073,162,mRNA
26667,10741581,10741849,268,mRNA
26668,10741244,10741447,203,mRNA
26669,10740396,10741186,790,mRNA
26670,10756530,10757450,920,CDS
26671,10754909,10756402,1493,CDS
26672,10741911,10742073,162,CDS
26673,10741581,10741849,268,CDS
26674,10741244,10741447,203,CDS
26675,10740929,10741186,257,CDS
26676,10756530,10757450,920,CDS
26677,10754909,10756402,1493,CDS
26678,10741911,10742073,162,CDS
26679,10741581,10741849,268,CDS
26680,10741244,10741447,203,CDS
26681,10740929,10741186,257,CDS
26682,10760778,10761668,890,gene
26683,10760778,10761097,319,ncRNA
26684,10761177,10761668,491,ncRNA
26685,10782895,10785597,2702,gene
26686,10782895,10783149,254,ncRNA
26687,10784330,10785597,1267,ncRNA
26688,10785714,10786026,312,gene
26689,10785714,10786026,312,ncRNA
26690,10786195,10786493,298,gene
26691,10786195,10786493,298,ncRNA
26692,10791459,10793109,1650,gene
26693,10791459,10791818,359,mRNA
26694,10791877,10792027,150,mRNA
26695,10792090,10792266,176,mRNA
26696,10792347,10792598,251,mRNA
26697,10792665,10792848,183,mRNA
26698,10792911,10793109,198,mRNA
26699,10791459,10791818,359,CDS
26700,10791877,10792027,150,CDS
26701,10792090,10792266,176,CDS
26702,10792347,10792598,251,CDS
26703,10792665,10792848,183,CDS
26704,10792911,10793109,198,CDS
26705,10795312,10795444,132,mobile_element
26706,10800420,10808938,8518,gene
26707,10808740,10808938,198,mRNA
26708,10805575,10805727,152,mRNA
26709,10802237,10805513,3276,mRNA
26710,10801234,10801658,424,mRNA
26711,10800420,10801171,751,mRNA
26712,10806488,10806537,49,mRNA
26713,10805575,10805727,152,mRNA
26714,10802237,10805513,3276,mRNA
26715,10801234,10801658,424,mRNA
26716,10800420,10801171,751,mRNA
26717,10805575,10805686,111,CDS
26718,10802237,10805513,3276,CDS
26719,10801234,10801658,424,CDS
26720,10800723,10801171,448,CDS
26721,10805575,10805686,111,CDS
26722,10802237,10805513,3276,CDS
26723,10801234,10801658,424,CDS
26724,10800723,10801171,448,CDS
26725,10801962,10802093,131,mobile_element
26726,10809397,10810655,1258,gene
26727,10809397,10810191,794,mRNA
26728,10810251,10810655,404,mRNA
26729,10809679,10810191,512,mRNA
26730,10810251,10810655,404,mRNA
26731,10809789,10810191,402,CDS
26732,10810251,10810543,292,CDS
26733,10809789,10810191,402,CDS
26734,10810251,10810543,292,CDS
26735,10810556,10810936,380,gene
26736,10810823,10810936,113,mRNA
26737,10810556,10810757,201,mRNA
26738,10810823,10810876,53,CDS
26739,10810617,10810757,140,CDS
26740,10811078,10812215,1137,gene
26741,10811078,10812215,1137,mRNA
26742,10811125,10812054,929,CDS
26743,10812157,10813310,1153,gene
26744,10812951,10813310,359,mRNA
26745,10812157,10812896,739,mRNA
26746,10812363,10812749,386,CDS
26747,10813405,10815781,2376,gene
26748,10813405,10813464,59,mRNA
26749,10814031,10814214,183,mRNA
26750,10814283,10814591,308,mRNA
26751,10814874,10814962,88,mRNA
26752,10815029,10815781,752,mRNA
26753,10813549,10813736,187,mRNA
26754,10814031,10814214,183,mRNA
26755,10814283,10814591,308,mRNA
26756,10814874,10814962,88,mRNA
26757,10815029,10815781,752,mRNA
26758,10814077,10814214,137,CDS
26759,10814283,10814591,308,CDS
26760,10814874,10814962,88,CDS
26761,10815029,10815110,81,CDS
26762,10814077,10814214,137,CDS
26763,10814283,10814591,308,CDS
26764,10814874,10814962,88,CDS
26765,10815029,10815110,81,CDS
26766,10816037,10819884,3847,gene
26767,10819689,10819884,195,mRNA
26768,10819041,10819103,62,mRNA
26769,10818549,10818974,425,mRNA
26770,10816037,10818493,2456,mRNA
26771,10819292,10819884,592,mRNA
26772,10819041,10819103,62,mRNA
26773,10818549,10818974,425,mRNA
26774,10816037,10818493,2456,mRNA
26775,10819041,10819100,59,CDS
26776,10818549,10818974,425,CDS
26777,10816196,10818493,2297,CDS
26778,10819041,10819100,59,CDS
26779,10818549,10818974,425,CDS
26780,10816196,10818493,2297,CDS
26781,10819978,10821178,1200,gene
26782,10819978,10820219,241,mRNA
26783,10820282,10821178,896,mRNA
26784,10819978,10819998,20,mRNA
26785,10820062,10820219,157,mRNA
26786,10820282,10821178,896,mRNA
26787,10820073,10820219,146,CDS
26788,10820282,10820983,701,CDS
26789,10820073,10820219,146,CDS
26790,10820282,10820983,701,CDS
26791,10821098,10821640,542,gene
26792,10821098,10821640,542,mRNA
26793,10821185,10821610,425,CDS
26794,10821676,10822399,723,gene
26795,10821676,10822399,723,mRNA
26796,10821813,10822205,392,CDS
26797,10822400,10823372,972,gene
26798,10822400,10823372,972,mRNA
26799,10822583,10823263,680,CDS
26800,10823405,10827644,4239,gene
26801,10823405,10823717,312,mRNA
26802,10823771,10823883,112,mRNA
26803,10823939,10825204,1265,mRNA
26804,10825263,10825602,339,mRNA
26805,10825668,10825813,145,mRNA
26806,10825871,10826018,147,mRNA
26807,10826080,10826314,234,mRNA
26808,10826379,10826540,161,mRNA
26809,10826898,10827114,216,mRNA
26810,10827175,10827644,469,mRNA
26811,10823595,10823717,122,mRNA
26812,10823771,10823883,112,mRNA
26813,10823939,10825204,1265,mRNA
26814,10825263,10825602,339,mRNA
26815,10825668,10825813,145,mRNA
26816,10825871,10826018,147,mRNA
26817,10826080,10826314,234,mRNA
26818,10826379,10826540,161,mRNA
26819,10826898,10827114,216,mRNA
26820,10827175,10827644,469,mRNA
26821,10823700,10823717,17,CDS
26822,10823771,10823883,112,CDS
26823,10823939,10825204,1265,CDS
26824,10825263,10825602,339,CDS
26825,10825668,10825813,145,CDS
26826,10825871,10826018,147,CDS
26827,10826080,10826314,234,CDS
26828,10826379,10826540,161,CDS
26829,10826898,10827114,216,CDS
26830,10827175,10827379,204,CDS
26831,10823700,10823717,17,CDS
26832,10823771,10823883,112,CDS
26833,10823939,10825204,1265,CDS
26834,10825263,10825602,339,CDS
26835,10825668,10825813,145,CDS
26836,10825871,10826018,147,CDS
26837,10826080,10826314,234,CDS
26838,10826379,10826540,161,CDS
26839,10826898,10827114,216,CDS
26840,10827175,10827379,204,CDS
26841,10827430,10835709,8279,gene
26842,10835648,10835709,61,mRNA
26843,10833808,10833962,154,mRNA
26844,10833125,10833201,76,mRNA
26845,10831614,10831713,99,mRNA
26846,10831378,10831532,154,mRNA
26847,10829805,10829960,155,mRNA
26848,10829382,10829746,364,mRNA
26849,10829150,10829266,116,mRNA
26850,10828955,10829059,104,mRNA
26851,10827430,10828856,1426,mRNA
26852,10835648,10835709,61,mRNA
26853,10833808,10833962,154,mRNA
26854,10833125,10833201,76,mRNA
26855,10831614,10831713,99,mRNA
26856,10831378,10831532,154,mRNA
26857,10829805,10829960,155,mRNA
26858,10829382,10829746,364,mRNA
26859,10829138,10829266,128,mRNA
26860,10828955,10829059,104,mRNA
26861,10827430,10828856,1426,mRNA
26862,10834063,10834236,173,mRNA
26863,10833808,10833962,154,mRNA
26864,10833125,10833201,76,mRNA
26865,10831614,10831713,99,mRNA
26866,10831378,10831532,154,mRNA
26867,10829805,10829960,155,mRNA
26868,10829382,10829746,364,mRNA
26869,10829150,10829266,116,mRNA
26870,10828955,10829059,104,mRNA
26871,10827430,10828856,1426,mRNA
26872,10834063,10834236,173,mRNA
26873,10833808,10833962,154,mRNA
26874,10833125,10833201,76,mRNA
26875,10831614,10831713,99,mRNA
26876,10831378,10831532,154,mRNA
26877,10829805,10829960,155,mRNA
26878,10829382,10829746,364,mRNA
26879,10829138,10829266,128,mRNA
26880,10828955,10829059,104,mRNA
26881,10827430,10828856,1426,mRNA
26882,10833808,10833869,61,CDS
26883,10833125,10833201,76,CDS
26884,10831614,10831713,99,CDS
26885,10831378,10831532,154,CDS
26886,10829805,10829960,155,CDS
26887,10829382,10829746,364,CDS
26888,10829150,10829266,116,CDS
26889,10828955,10829059,104,CDS
26890,10828656,10828856,200,CDS
26891,10833808,10833869,61,CDS
26892,10833125,10833201,76,CDS
26893,10831614,10831713,99,CDS
26894,10831378,10831532,154,CDS
26895,10829805,10829960,155,CDS
26896,10829382,10829746,364,CDS
26897,10829150,10829266,116,CDS
26898,10828955,10829059,104,CDS
26899,10828656,10828856,200,CDS
26900,10833808,10833869,61,CDS
26901,10833125,10833201,76,CDS
26902,10831614,10831713,99,CDS
26903,10831378,10831532,154,CDS
26904,10829805,10829960,155,CDS
26905,10829382,10829746,364,CDS
26906,10829138,10829266,128,CDS
26907,10828955,10829059,104,CDS
26908,10828656,10828856,200,CDS
26909,10833808,10833869,61,CDS
26910,10833125,10833201,76,CDS
26911,10831614,10831713,99,CDS
26912,10831378,10831532,154,CDS
26913,10829805,10829960,155,CDS
26914,10829382,10829746,364,CDS
26915,10829138,10829266,128,CDS
26916,10828955,10829059,104,CDS
26917,10828656,10828856,200,CDS
26918,10836570,10838727,2157,gene
26919,10838647,10838727,80,mRNA
26920,10836570,10838587,2017,mRNA
26921,10838647,10838727,80,mRNA
26922,10837009,10838587,1578,mRNA
26923,10838647,10838649,2,CDS
26924,10837109,10838587,1478,CDS
26925,10838647,10838649,2,CDS
26926,10837109,10838587,1478,CDS
26927,10839102,10874771,35669,gene
26928,10874571,10874771,200,mRNA
26929,10862823,10862955,132,mRNA
26930,10856124,10856308,184,mRNA
26931,10848594,10849260,666,mRNA
26932,10848453,10848540,87,mRNA
26933,10843074,10843511,437,mRNA
26934,10842918,10842981,63,mRNA
26935,10839102,10842850,3748,mRNA
26936,10874571,10874771,200,mRNA
26937,10873854,10874149,295,mRNA
26938,10862823,10862955,132,mRNA
26939,10856124,10856308,184,mRNA
26940,10848594,10849260,666,mRNA
26941,10848453,10848540,87,mRNA
26942,10843595,10843738,143,mRNA
26943,10843074,10843511,437,mRNA
26944,10842918,10842981,63,mRNA
26945,10839102,10842850,3748,mRNA
26946,10873854,10874771,917,mRNA
26947,10862823,10862955,132,mRNA
26948,10856124,10856308,184,mRNA
26949,10848594,10849260,666,mRNA
26950,10848453,10848540,87,mRNA
26951,10843074,10843511,437,mRNA
26952,10842918,10842981,63,mRNA
26953,10839102,10842850,3748,mRNA
26954,10873854,10874771,917,mRNA
26955,10862823,10862955,132,mRNA
26956,10856124,10856308,184,mRNA
26957,10848594,10849260,666,mRNA
26958,10848453,10848540,87,mRNA
26959,10843595,10843738,143,mRNA
26960,10843074,10843511,437,mRNA
26961,10842918,10842981,63,mRNA
26962,10839102,10842850,3748,mRNA
26963,10861210,10861381,171,mRNA
26964,10856124,10856308,184,mRNA
26965,10848594,10849260,666,mRNA
26966,10848453,10848540,87,mRNA
26967,10843074,10843511,437,mRNA
26968,10842918,10842981,63,mRNA
26969,10839102,10842850,3748,mRNA
26970,10853399,10854150,751,mRNA
26971,10848594,10849260,666,mRNA
26972,10848453,10848540,87,mRNA
26973,10843074,10843511,437,mRNA
26974,10842918,10842981,63,mRNA
26975,10839102,10842850,3748,mRNA
26976,10843847,10844027,180,mRNA
26977,10843074,10843511,437,mRNA
26978,10842918,10842981,63,mRNA
26979,10839102,10842850,3748,mRNA
26980,10861210,10861247,37,CDS
26981,10856124,10856308,184,CDS
26982,10848594,10849260,666,CDS
26983,10848453,10848540,87,CDS
26984,10843074,10843511,437,CDS
26985,10842918,10842981,63,CDS
26986,10839903,10842850,2947,CDS
26987,10856124,10856307,183,CDS
26988,10848594,10849260,666,CDS
26989,10848453,10848540,87,CDS
26990,10843074,10843511,437,CDS
26991,10842918,10842981,63,CDS
26992,10839903,10842850,2947,CDS
26993,10856124,10856307,183,CDS
26994,10848594,10849260,666,CDS
26995,10848453,10848540,87,CDS
26996,10843074,10843511,437,CDS
26997,10842918,10842981,63,CDS
26998,10839903,10842850,2947,CDS
26999,10856124,10856307,183,CDS
27000,10848594,10849260,666,CDS
27001,10848453,10848540,87,CDS
27002,10843595,10843738,143,CDS
27003,10843074,10843511,437,CDS
27004,10842918,10842981,63,CDS
27005,10839903,10842850,2947,CDS
27006,10856124,10856307,183,CDS
27007,10848594,10849260,666,CDS
27008,10848453,10848540,87,CDS
27009,10843595,10843738,143,CDS
27010,10843074,10843511,437,CDS
27011,10842918,10842981,63,CDS
27012,10839903,10842850,2947,CDS
27013,10848594,10848847,253,CDS
27014,10848453,10848540,87,CDS
27015,10843074,10843511,437,CDS
27016,10842918,10842981,63,CDS
27017,10839903,10842850,2947,CDS
27018,10843847,10843909,62,CDS
27019,10843074,10843511,437,CDS
27020,10842918,10842981,63,CDS
27021,10839903,10842850,2947,CDS
27022,10853546,10854495,949,gene
27023,10853546,10853633,87,ncRNA
27024,10853696,10854495,799,ncRNA
27025,10859695,10860191,496,gene
27026,10859695,10860191,496,ncRNA
27027,10874892,10875392,500,gene
27028,10875339,10875392,53,mRNA
27029,10874892,10875283,391,mRNA
27030,10875339,10875371,32,CDS
27031,10874975,10875283,308,CDS
27032,10875686,10875723,37,mobile_element
27033,10875748,10877296,1548,gene
27034,10875748,10877296,1548,mRNA
27035,10875837,10877216,1379,CDS
27036,10877312,10879673,2361,gene
27037,10877312,10879673,2361,mRNA
27038,10877491,10879605,2114,CDS
27039,10879974,10883202,3228,gene
27040,10879974,10880033,59,mRNA
27041,10880137,10880269,132,mRNA
27042,10880328,10880840,512,mRNA
27043,10880904,10881659,755,mRNA
27044,10881712,10883202,1490,mRNA
27045,10879974,10880033,59,mRNA
27046,10880328,10880840,512,mRNA
27047,10880904,10881659,755,mRNA
27048,10881712,10883202,1490,mRNA
27049,10880007,10880033,26,CDS
27050,10880328,10880840,512,CDS
27051,10880904,10881659,755,CDS
27052,10881712,10883115,1403,CDS
27053,10880249,10880269,20,CDS
27054,10880328,10880840,512,CDS
27055,10880904,10881659,755,CDS
27056,10881712,10883115,1403,CDS
27057,10883547,10884936,1389,gene
27058,10883547,10884035,488,mRNA
27059,10884104,10884936,832,mRNA
27060,10883632,10884035,403,CDS
27061,10884104,10884800,696,CDS
27062,10885019,10886375,1356,gene
27063,10885019,10885247,228,mRNA
27064,10885322,10885532,210,mRNA
27065,10885590,10886152,562,mRNA
27066,10886211,10886375,164,mRNA
27067,10885217,10885532,315,mRNA
27068,10885590,10886152,562,mRNA
27069,10886211,10886375,164,mRNA
27070,10885217,10885532,315,mRNA
27071,10885608,10886152,544,mRNA
27072,10886211,10886375,164,mRNA
27073,10885243,10885247,4,CDS
27074,10885322,10885532,210,CDS
27075,10885590,10886152,562,CDS
27076,10886211,10886307,96,CDS
27077,10885299,10885532,233,CDS
27078,10885590,10886152,562,CDS
27079,10886211,10886307,96,CDS
27080,10885299,10885532,233,CDS
27081,10885608,10886152,544,CDS
27082,10886211,10886307,96,CDS
27083,10885533,10885589,56,gene
27084,10885533,10885589,56,precursor_RNA
27085,10885533,10885553,20,ncRNA
27086,10885568,10885588,20,ncRNA
27087,10886810,10893191,6381,gene
27088,10886810,10887366,556,mRNA
27089,10887436,10887535,99,mRNA
27090,10887598,10888014,416,mRNA
27091,10888076,10888225,149,mRNA
27092,10888283,10888396,113,mRNA
27093,10888471,10888821,350,mRNA
27094,10889611,10890342,731,mRNA
27095,10890413,10890592,179,mRNA
27096,10890653,10890748,95,mRNA
27097,10890863,10890898,35,mRNA
27098,10890987,10891259,272,mRNA
27099,10891408,10892317,909,mRNA
27100,10892378,10893191,813,mRNA
27101,10886810,10887366,556,mRNA
27102,10887436,10887535,99,mRNA
27103,10887598,10888014,416,mRNA
27104,10888076,10888225,149,mRNA
27105,10888471,10888821,350,mRNA
27106,10889611,10890342,731,mRNA
27107,10890413,10890592,179,mRNA
27108,10890653,10890748,95,mRNA
27109,10890863,10890898,35,mRNA
27110,10890987,10891259,272,mRNA
27111,10891411,10892317,906,mRNA
27112,10892378,10892787,409,mRNA
27113,10886977,10887366,389,CDS
27114,10887436,10887535,99,CDS
27115,10887598,10888014,416,CDS
27116,10888076,10888225,149,CDS
27117,10888283,10888396,113,CDS
27118,10888471,10888821,350,CDS
27119,10889611,10890342,731,CDS
27120,10890413,10890592,179,CDS
27121,10890653,10890748,95,CDS
27122,10890863,10890898,35,CDS
27123,10890987,10891259,272,CDS
27124,10891408,10892317,909,CDS
27125,10892378,10892558,180,CDS
27126,10886977,10887366,389,CDS
27127,10887436,10887535,99,CDS
27128,10887598,10888014,416,CDS
27129,10888076,10888225,149,CDS
27130,10888471,10888821,350,CDS
27131,10889611,10890342,731,CDS
27132,10890413,10890592,179,CDS
27133,10890653,10890748,95,CDS
27134,10890863,10890898,35,CDS
27135,10890987,10891259,272,CDS
27136,10891411,10892317,906,CDS
27137,10892378,10892558,180,CDS
27138,10893034,10894414,1380,gene
27139,10893857,10894414,557,mRNA
27140,10893034,10893799,765,mRNA
27141,10893857,10894115,258,mRNA
27142,10893034,10893799,765,mRNA
27143,10893857,10893969,112,CDS
27144,10893235,10893799,564,CDS
27145,10893857,10893969,112,CDS
27146,10893235,10893799,564,CDS
27147,10894459,10897222,2763,gene
27148,10894459,10895128,669,mRNA
27149,10895193,10895498,305,mRNA
27150,10895552,10895743,191,mRNA
27151,10895801,10895902,101,mRNA
27152,10895958,10896636,678,mRNA
27153,10896691,10897222,531,mRNA
27154,10894603,10895128,525,CDS
27155,10895193,10895498,305,CDS
27156,10895552,10895743,191,CDS
27157,10895801,10895902,101,CDS
27158,10895958,10896636,678,CDS
27159,10896691,10896946,255,CDS
27160,10897144,10897885,741,gene
27161,10897664,10897885,221,mRNA
27162,10897472,10897587,115,mRNA
27163,10897144,10897417,273,mRNA
27164,10897664,10897885,221,mRNA
27165,10897472,10897587,115,mRNA
27166,10897214,10897417,203,mRNA
27167,10897664,10897793,129,CDS
27168,10897472,10897587,115,CDS
27169,10897289,10897417,128,CDS
27170,10897664,10897793,129,CDS
27171,10897472,10897587,115,CDS
27172,10897289,10897417,128,CDS
27173,10898031,10899060,1029,gene
27174,10898031,10899060,1029,mRNA
27175,10898245,10899060,815,mRNA
27176,10898332,10898964,632,CDS
27177,10898332,10898964,632,CDS
27178,10903570,10905563,1993,gene
27179,10903570,10903734,164,mRNA
27180,10903794,10903859,65,mRNA
27181,10903945,10904099,154,mRNA
27182,10904158,10904637,479,mRNA
27183,10904698,10904876,178,mRNA
27184,10905046,10905170,124,mRNA
27185,10905232,10905563,331,mRNA
27186,10903570,10903734,164,mRNA
27187,10903794,10903859,65,mRNA
27188,10903945,10904095,150,mRNA
27189,10904158,10904637,479,mRNA
27190,10904698,10904876,178,mRNA
27191,10904998,10905170,172,mRNA
27192,10905232,10905563,331,mRNA
27193,10903661,10903734,73,CDS
27194,10903794,10903859,65,CDS
27195,10903945,10904095,150,CDS
27196,10904158,10904637,479,CDS
27197,10904698,10904876,178,CDS
27198,10904998,10905170,172,CDS
27199,10905232,10905491,259,CDS
27200,10903661,10903734,73,CDS
27201,10903794,10903859,65,CDS
27202,10903945,10904099,154,CDS
27203,10904158,10904165,7,CDS
27204,10906311,10906344,33,mobile_element
27205,10909923,10910485,562,gene
27206,10909923,10909976,53,mRNA
27207,10910042,10910485,443,mRNA
27208,10909923,10909976,53,mRNA
27209,10910057,10910485,428,mRNA
27210,10909923,10909976,53,CDS
27211,10910042,10910485,443,CDS
27212,10909923,10909976,53,CDS
27213,10910057,10910485,428,CDS
27214,10938425,10941738,3313,gene
27215,10941689,10941738,49,mRNA
27216,10940710,10941614,904,mRNA
27217,10940507,10940651,144,mRNA
27218,10938425,10940438,2013,mRNA
27219,10940136,10940197,61,mobile_element
27220,10941689,10941738,49,mRNA
27221,10940710,10941614,904,mRNA
27222,10940507,10940651,144,mRNA
27223,10940188,10940438,250,mRNA
27224,10940710,10941669,959,mRNA
27225,10940507,10940651,144,mRNA
27226,10940188,10940438,250,mRNA
27227,10940710,10941588,878,CDS
27228,10940507,10940651,144,CDS
27229,10940314,10940438,124,CDS
27230,10940710,10941588,878,CDS
27231,10940507,10940651,144,CDS
27232,10940314,10940438,124,CDS
27233,10940710,10941588,878,CDS
27234,10940507,10940651,144,CDS
27235,10940314,10940438,124,CDS
27236,10946309,10947095,786,gene
27237,10946309,10947095,786,ncRNA
27238,10948083,10955576,7493,mobile_element
27239,10977956,11116378,138422,gene
27240,11105907,11106816,909,mRNA
27241,11099532,11100114,582,mRNA
27242,10989837,10991124,1287,mRNA
27243,10989628,10989774,146,mRNA
27244,10977956,10983473,5517,mRNA
27245,10979709,10980121,412,mobile_element
27246,11116040,11116378,338,mRNA
27247,11099532,11100114,582,mRNA
27248,10989837,10991124,1287,mRNA
27249,10989628,10989774,146,mRNA
27250,10982794,10983473,679,mRNA
27251,11105907,11106816,909,mRNA
27252,11099532,11100114,582,mRNA
27253,10989837,10991124,1287,mRNA
27254,10989628,10989774,146,mRNA
27255,10982794,10983473,679,mRNA
27256,11099532,11099633,101,CDS
27257,10989837,10991124,1287,CDS
27258,10989628,10989774,146,CDS
27259,10983298,10983473,175,CDS
27260,11099532,11099633,101,CDS
27261,10989837,10991124,1287,CDS
27262,10989628,10989774,146,CDS
27263,10983298,10983473,175,CDS
27264,11099532,11099633,101,CDS
27265,10989837,10991124,1287,CDS
27266,10989628,10989774,146,CDS
27267,10983298,10983473,175,CDS
27268,11009870,11018985,9115,mobile_element
27269,11019954,11024938,4984,mobile_element
27270,11085586,11088300,2714,gene
27271,11085586,11085957,371,mRNA
27272,11087878,11088300,422,mRNA
27273,11085638,11085772,134,CDS
27274,11086245,11086845,600,gene
27275,11086245,11086845,600,mRNA
27276,11086463,11086639,176,CDS
27277,11117225,11121884,4659,gene
27278,11121747,11121884,137,mRNA
27279,11121361,11121686,325,mRNA
27280,11121190,11121306,116,mRNA
27281,11117225,11121125,3900,mRNA
27282,11121747,11121884,137,mRNA
27283,11121361,11121686,325,mRNA
27284,11121190,11121306,116,mRNA
27285,11119966,11121125,1159,mRNA
27286,11121747,11121848,101,CDS
27287,11121361,11121686,325,CDS
27288,11121190,11121306,116,CDS
27289,11120105,11121125,1020,CDS
27290,11121747,11121848,101,CDS
27291,11121361,11121686,325,CDS
27292,11121190,11121306,116,CDS
27293,11120105,11121125,1020,CDS
27294,11123658,11125647,1989,gene
27295,11125513,11125647,134,mRNA
27296,11125127,11125452,325,mRNA
27297,11124956,11125072,116,mRNA
27298,11123658,11124891,1233,mRNA
27299,11125513,11125614,101,CDS
27300,11125127,11125452,325,CDS
27301,11124956,11125072,116,CDS
27302,11123871,11124891,1020,CDS
27303,11134165,11134350,185,mobile_element
27304,11135923,11139315,3392,gene
27305,11135923,11136006,83,mRNA
27306,11136080,11136219,139,mRNA
27307,11136304,11136416,112,mRNA
27308,11136822,11137112,290,mRNA
27309,11137177,11137333,156,mRNA
27310,11137415,11137537,122,mRNA
27311,11137601,11137685,84,mRNA
27312,11138412,11138498,86,mRNA
27313,11138710,11138921,211,mRNA
27314,11139088,11139315,227,mRNA
27315,11135923,11136006,83,mRNA
27316,11136080,11136219,139,mRNA
27317,11136304,11136416,112,mRNA
27318,11136822,11137112,290,mRNA
27319,11137177,11137333,156,mRNA
27320,11137415,11137537,122,mRNA
27321,11137601,11137685,84,mRNA
27322,11138710,11138921,211,mRNA
27323,11139088,11139315,227,mRNA
27324,11135928,11136006,78,CDS
27325,11136080,11136219,139,CDS
27326,11136304,11136416,112,CDS
27327,11136822,11137112,290,CDS
27328,11137177,11137333,156,CDS
27329,11137415,11137537,122,CDS
27330,11137601,11137685,84,CDS
27331,11138412,11138498,86,CDS
27332,11138710,11138921,211,CDS
27333,11139088,11139261,173,CDS
27334,11135928,11136006,78,CDS
27335,11136080,11136219,139,CDS
27336,11136304,11136416,112,CDS
27337,11136822,11137112,290,CDS
27338,11137177,11137333,156,CDS
27339,11137415,11137537,122,CDS
27340,11137601,11137685,84,CDS
27341,11138710,11138921,211,CDS
27342,11139088,11139261,173,CDS
27343,11139304,11172206,32902,gene
27344,11171955,11172206,251,mRNA
27345,11159764,11159852,88,mRNA
27346,11142684,11142978,294,mRNA
27347,11141679,11141850,171,mRNA
27348,11141210,11141336,126,mRNA
27349,11140800,11140994,194,mRNA
27350,11140531,11140713,182,mRNA
27351,11139304,11140351,1047,mRNA
27352,11171955,11172206,251,mRNA
27353,11160151,11160298,147,mRNA
27354,11159764,11159852,88,mRNA
27355,11142684,11142978,294,mRNA
27356,11141679,11141850,171,mRNA
27357,11141210,11141336,126,mRNA
27358,11140800,11140994,194,mRNA
27359,11140531,11140713,182,mRNA
27360,11139304,11140351,1047,mRNA
27361,11143570,11143671,101,mRNA
27362,11142684,11142978,294,mRNA
27363,11141679,11141850,171,mRNA
27364,11141210,11141336,126,mRNA
27365,11140800,11140994,194,mRNA
27366,11140531,11140713,182,mRNA
27367,11139869,11140351,482,mRNA
27368,11142684,11142929,245,CDS
27369,11141679,11141850,171,CDS
27370,11141210,11141336,126,CDS
27371,11140800,11140994,194,CDS
27372,11140531,11140713,182,CDS
27373,11140030,11140351,321,CDS
27374,11142684,11142929,245,CDS
27375,11141679,11141850,171,CDS
27376,11141210,11141336,126,CDS
27377,11140800,11140994,194,CDS
27378,11140531,11140713,182,CDS
27379,11140030,11140351,321,CDS
27380,11142684,11142929,245,CDS
27381,11141679,11141850,171,CDS
27382,11141210,11141336,126,CDS
27383,11140800,11140994,194,CDS
27384,11140531,11140713,182,CDS
27385,11140030,11140351,321,CDS
27386,11141416,11141467,51,mobile_element
27387,11146289,11147128,839,gene
27388,11146289,11146379,90,mRNA
27389,11146513,11147128,615,mRNA
27390,11146368,11146379,11,CDS
27391,11146513,11146803,290,CDS
27392,11147602,11150068,2466,gene
27393,11149601,11150068,467,mRNA
27394,11147602,11149511,1909,mRNA
27395,11149601,11149777,176,CDS
27396,11147925,11149511,1586,CDS
27397,11154896,11155293,397,gene
27398,11154896,11155054,158,mRNA
27399,11155135,11155293,158,mRNA
27400,11154928,11155054,126,CDS
27401,11155135,11155226,91,CDS
27402,11156124,11156180,56,mobile_element
27403,11157914,11158053,139,mobile_element
27404,11158695,11158764,69,mobile_element
27405,11159086,11217394,58308,gene
27406,11159086,11159213,127,mRNA
27407,11190340,11190396,56,mRNA
27408,11208245,11209857,1612,mRNA
27409,11209919,11210629,710,mRNA
27410,11210698,11210805,107,mRNA
27411,11210873,11213907,3034,mRNA
27412,11213973,11214199,226,mRNA
27413,11214263,11217394,3131,mRNA
27414,11165900,11165939,39,mobile_element
27415,11173803,11174805,1002,mRNA
27416,11190340,11190396,56,mRNA
27417,11208245,11209857,1612,mRNA
27418,11209919,11210629,710,mRNA
27419,11210698,11210805,107,mRNA
27420,11210873,11213907,3034,mRNA
27421,11213973,11214199,226,mRNA
27422,11214263,11217394,3131,mRNA
27423,11173803,11174805,1002,mRNA
27424,11190340,11190396,56,mRNA
27425,11208245,11209857,1612,mRNA
27426,11209919,11210629,710,mRNA
27427,11210698,11210805,107,mRNA
27428,11210873,11213907,3034,mRNA
27429,11213973,11214199,226,mRNA
27430,11214263,11217394,3131,mRNA
27431,11174775,11174805,30,CDS
27432,11190340,11190396,56,CDS
27433,11208245,11209857,1612,CDS
27434,11209919,11210629,710,CDS
27435,11210698,11210805,107,CDS
27436,11210873,11213907,3034,CDS
27437,11213973,11214199,226,CDS
27438,11214263,11216244,1981,CDS
27439,11174775,11174805,30,CDS
27440,11190340,11190396,56,CDS
27441,11208245,11209857,1612,CDS
27442,11209919,11210629,710,CDS
27443,11210698,11210805,107,CDS
27444,11210873,11213907,3034,CDS
27445,11213973,11214199,226,CDS
27446,11214263,11216214,1951,CDS
27447,11183224,11183280,56,mRNA
27448,11190340,11190396,56,mRNA
27449,11208245,11209857,1612,mRNA
27450,11209919,11210629,710,mRNA
27451,11210698,11210805,107,mRNA
27452,11210873,11213907,3034,mRNA
27453,11213973,11214199,226,mRNA
27454,11214263,11217394,3131,mRNA
27455,11198276,11199001,725,mRNA
27456,11208245,11209857,1612,mRNA
27457,11209919,11210629,710,mRNA
27458,11210698,11210805,107,mRNA
27459,11210873,11213907,3034,mRNA
27460,11213973,11214199,226,mRNA
27461,11214263,11217394,3131,mRNA
27462,11204629,11204828,199,mRNA
27463,11208245,11209857,1612,mRNA
27464,11209919,11210629,710,mRNA
27465,11210698,11210805,107,mRNA
27466,11210873,11213907,3034,mRNA
27467,11213973,11214199,226,mRNA
27468,11214263,11217394,3131,mRNA
27469,11207876,11208004,128,mobile_element
27470,11208292,11209857,1565,CDS
27471,11209919,11210629,710,CDS
27472,11210698,11210805,107,CDS
27473,11210873,11213907,3034,CDS
27474,11213973,11214199,226,CDS
27475,11214263,11216214,1951,CDS
27476,11208292,11209857,1565,CDS
27477,11209919,11210629,710,CDS
27478,11210698,11210805,107,CDS
27479,11210873,11213907,3034,CDS
27480,11213973,11214199,226,CDS
27481,11214263,11216214,1951,CDS
27482,11208292,11209857,1565,CDS
27483,11209919,11210629,710,CDS
27484,11210698,11210805,107,CDS
27485,11210873,11213907,3034,CDS
27486,11213973,11214199,226,CDS
27487,11214263,11216214,1951,CDS
27488,11208292,11209857,1565,CDS
27489,11209919,11210629,710,CDS
27490,11210698,11210805,107,CDS
27491,11210873,11213907,3034,CDS
27492,11213973,11214199,226,CDS
27493,11214263,11216214,1951,CDS
27494,11217416,11219771,2355,gene
27495,11219610,11219771,161,mRNA
27496,11218206,11218382,176,mRNA
27497,11217754,11218145,391,mRNA
27498,11217547,11217690,143,mRNA
27499,11217416,11217480,64,mRNA
27500,11219083,11219241,158,mRNA
27501,11218206,11218382,176,mRNA
27502,11217754,11218145,391,mRNA
27503,11217547,11217690,143,mRNA
27504,11217416,11217480,64,mRNA
27505,11219083,11219241,158,mRNA
27506,11218206,11218382,176,mRNA
27507,11217754,11218163,409,mRNA
27508,11217547,11217690,143,mRNA
27509,11217416,11217480,64,mRNA
27510,11218767,11219241,474,mRNA
27511,11218206,11218382,176,mRNA
27512,11217754,11218145,391,mRNA
27513,11217547,11217690,143,mRNA
27514,11217416,11217480,64,mRNA
27515,11219083,11219167,84,CDS
27516,11218206,11218382,176,CDS
27517,11217754,11218145,391,CDS
27518,11217547,11217690,143,CDS
27519,11217451,11217480,29,CDS
27520,11219083,11219167,84,CDS
27521,11218206,11218382,176,CDS
27522,11217754,11218163,409,CDS
27523,11217547,11217690,143,CDS
27524,11217451,11217480,29,CDS
27525,11217754,11218017,263,CDS
27526,11217547,11217690,143,CDS
27527,11217451,11217480,29,CDS
27528,11217754,11218017,263,CDS
27529,11217547,11217690,143,CDS
27530,11217451,11217480,29,CDS
27531,11219539,11222480,2941,gene
27532,11219539,11219712,173,mRNA
27533,11220464,11220621,157,mRNA
27534,11220928,11221629,701,mRNA
27535,11221784,11222110,326,mRNA
27536,11219934,11220358,424,mRNA
27537,11220464,11220621,157,mRNA
27538,11220928,11221629,701,mRNA
27539,11221784,11222480,696,mRNA
27540,11219934,11220621,687,mRNA
27541,11220928,11221629,701,mRNA
27542,11221784,11222338,554,mRNA
27543,11220324,11220358,34,CDS
27544,11220464,11220621,157,CDS
27545,11220928,11221629,701,CDS
27546,11221784,11221860,76,CDS
27547,11220381,11220621,240,CDS
27548,11220928,11221629,701,CDS
27549,11221784,11221860,76,CDS
27550,11221026,11221629,603,CDS
27551,11221784,11221860,76,CDS
27552,11222871,11226746,3875,gene
27553,11222871,11223010,139,mRNA
27554,11224570,11226746,2176,mRNA
27555,11223445,11223683,238,mRNA
27556,11224570,11226746,2176,mRNA
27557,11223599,11223683,84,CDS
27558,11224570,11226116,1546,CDS
27559,11224587,11226116,1529,CDS
27560,11226458,11232516,6058,gene
27561,11232154,11232516,362,mRNA
27562,11229940,11230048,108,mRNA
27563,11229599,11229876,277,mRNA
27564,11229411,11229542,131,mRNA
27565,11228509,11228676,167,mRNA
27566,11228116,11228437,321,mRNA
27567,11227663,11227839,176,mRNA
27568,11226458,11227543,1085,mRNA
27569,11232154,11232516,362,mRNA
27570,11229940,11230048,108,mRNA
27571,11229599,11229876,277,mRNA
27572,11229411,11229542,131,mRNA
27573,11228509,11228676,167,mRNA
27574,11228116,11228437,321,mRNA
27575,11227663,11227956,293,mRNA
27576,11226458,11227543,1085,mRNA
27577,11232154,11232516,362,mRNA
27578,11229940,11230048,108,mRNA
27579,11229599,11229876,277,mRNA
27580,11229411,11229542,131,mRNA
27581,11229004,11229033,29,mRNA
27582,11228509,11228676,167,mRNA
27583,11228116,11228437,321,mRNA
27584,11227663,11227839,176,mRNA
27585,11226458,11227543,1085,mRNA
27586,11232154,11232516,362,mRNA
27587,11229940,11230048,108,mRNA
27588,11229599,11229876,277,mRNA
27589,11229411,11229542,131,mRNA
27590,11229004,11229033,29,mRNA
27591,11228509,11228676,167,mRNA
27592,11228116,11228437,321,mRNA
27593,11227663,11227956,293,mRNA
27594,11226458,11227543,1085,mRNA
27595,11229940,11229982,42,CDS
27596,11229599,11229876,277,CDS
27597,11229411,11229542,131,CDS
27598,11228509,11228676,167,CDS
27599,11228116,11228437,321,CDS
27600,11227663,11227839,176,CDS
27601,11227023,11227543,520,CDS
27602,11229940,11229982,42,CDS
27603,11229599,11229876,277,CDS
27604,11229411,11229542,131,CDS
27605,11228509,11228676,167,CDS
27606,11228116,11228437,321,CDS
27607,11227663,11227956,293,CDS
27608,11227023,11227543,520,CDS
27609,11229940,11229982,42,CDS
27610,11229599,11229876,277,CDS
27611,11229411,11229542,131,CDS
27612,11229004,11229033,29,CDS
27613,11228509,11228676,167,CDS
27614,11228116,11228437,321,CDS
27615,11227663,11227839,176,CDS
27616,11227023,11227543,520,CDS
27617,11229940,11229982,42,CDS
27618,11229599,11229876,277,CDS
27619,11229411,11229542,131,CDS
27620,11229004,11229033,29,CDS
27621,11228509,11228676,167,CDS
27622,11228116,11228437,321,CDS
27623,11227663,11227956,293,CDS
27624,11227023,11227543,520,CDS
27625,11233192,11233714,522,gene
27626,11233192,11233714,522,mRNA
27627,11233264,11233704,440,CDS
27628,11233995,11234465,470,gene
27629,11233995,11234465,470,mRNA
27630,11234003,11234410,407,CDS
27631,11235252,11235755,503,gene
27632,11235252,11235755,503,mRNA
27633,11235290,11235652,362,CDS
27634,11235860,11236204,344,gene
27635,11235860,11235956,96,mRNA
27636,11236017,11236204,187,mRNA
27637,11235860,11235956,96,CDS
27638,11236017,11236204,187,CDS
27639,11236203,11236686,483,gene
27640,11236203,11236686,483,mRNA
27641,11236267,11236608,341,CDS
27642,11237172,11237644,472,gene
27643,11237172,11237644,472,mRNA
27644,11237260,11237616,356,CDS
27645,11238108,11238995,887,gene
27646,11238108,11238995,887,mRNA
27647,11238187,11238963,776,CDS
27648,11239494,11240114,620,gene
27649,11239494,11240114,620,mRNA
27650,11239668,11240018,350,CDS
27651,11241745,11242194,449,gene
27652,11241745,11242194,449,mRNA
27653,11241801,11242166,365,CDS
27654,11244247,11245199,952,gene
27655,11244247,11245199,952,mRNA
27656,11244290,11245003,713,CDS
27657,11245406,11245995,589,gene
27658,11245406,11245995,589,mRNA
27659,11245444,11245758,314,CDS
27660,11246105,11246654,549,gene
27661,11246105,11246654,549,exon
27662,11247194,11247422,228,mobile_element
27663,11248126,11248610,484,gene
27664,11248126,11248610,484,mRNA
27665,11248188,11248502,314,CDS
27666,11249594,11249933,339,gene
27667,11249594,11249933,339,mRNA
27668,11249648,11249836,188,CDS
27669,11250368,11251913,1545,gene
27670,11250368,11250678,310,mRNA
27671,11250735,11250924,189,mRNA
27672,11250985,11251600,615,mRNA
27673,11251672,11251913,241,mRNA
27674,11250378,11250678,300,CDS
27675,11250735,11250924,189,CDS
27676,11250985,11251600,615,CDS
27677,11251672,11251722,50,CDS
27678,11251751,11253398,1647,gene
27679,11253357,11253398,41,mRNA
27680,11252716,11252894,178,mRNA
27681,11252369,11252444,75,mRNA
27682,11251751,11252282,531,mRNA
27683,11252716,11252891,175,CDS
27684,11252369,11252444,75,CDS
27685,11252127,11252282,155,CDS
27686,11255167,11255983,816,gene
27687,11255167,11255983,816,mRNA
27688,11255245,11255889,644,CDS
27689,11256507,11258767,2260,gene
27690,11256507,11256809,302,mRNA
27691,11256871,11257274,403,mRNA
27692,11257325,11257678,353,mRNA
27693,11257734,11257852,118,mRNA
27694,11258063,11258297,234,mRNA
27695,11258355,11258422,67,mRNA
27696,11258482,11258767,285,mRNA
27697,11256601,11256809,208,CDS
27698,11256871,11257274,403,CDS
27699,11257325,11257678,353,CDS
27700,11257734,11257852,118,CDS
27701,11258063,11258297,234,CDS
27702,11258355,11258422,67,CDS
27703,11258482,11258676,194,CDS
27704,11259106,11259976,870,gene
27705,11259828,11259976,148,mRNA
27706,11259106,11259700,594,mRNA
27707,11259828,11259839,11,CDS
27708,11259317,11259700,383,CDS
27709,11261079,11261806,727,gene
27710,11261779,11261806,27,mRNA
27711,11261079,11261684,605,mRNA
27712,11261779,11261790,11,CDS
27713,11261313,11261684,371,CDS
27714,11265126,11266856,1730,gene
27715,11265126,11265765,639,mRNA
27716,11266111,11266856,745,mRNA
27717,11265316,11265765,449,CDS
27718,11266111,11266770,659,CDS
27719,11266915,11272575,5660,gene
27720,11272377,11272575,198,mRNA
27721,11269550,11270270,720,mRNA
27722,11269360,11269485,125,mRNA
27723,11269242,11269280,38,mRNA
27724,11269121,11269153,32,mRNA
27725,11269000,11269065,65,mRNA
27726,11268803,11268907,104,mRNA
27727,11268708,11268740,32,mRNA
27728,11268596,11268652,56,mRNA
27729,11268399,11268539,140,mRNA
27730,11268285,11268341,56,mRNA
27731,11268079,11268135,56,mRNA
27732,11267987,11268019,32,mRNA
27733,11267798,11267863,65,mRNA
27734,11267668,11267712,44,mRNA
27735,11266915,11267301,386,mRNA
27736,11272377,11272575,198,mRNA
27737,11269550,11270270,720,mRNA
27738,11269360,11269485,125,mRNA
27739,11269242,11269280,38,mRNA
27740,11269121,11269153,32,mRNA
27741,11269000,11269065,65,mRNA
27742,11268803,11268907,104,mRNA
27743,11268708,11268740,32,mRNA
27744,11268596,11268652,56,mRNA
27745,11268399,11268539,140,mRNA
27746,11268285,11268341,56,mRNA
27747,11268196,11268228,32,mRNA
27748,11268079,11268135,56,mRNA
27749,11267987,11268019,32,mRNA
27750,11267798,11267863,65,mRNA
27751,11267668,11267712,44,mRNA
27752,11266915,11267301,386,mRNA
27753,11272377,11272391,14,CDS
27754,11269550,11270270,720,CDS
27755,11269360,11269485,125,CDS
27756,11269242,11269280,38,CDS
27757,11269121,11269153,32,CDS
27758,11269000,11269065,65,CDS
27759,11268803,11268907,104,CDS
27760,11268708,11268740,32,CDS
27761,11268596,11268652,56,CDS
27762,11268399,11268539,140,CDS
27763,11268285,11268341,56,CDS
27764,11268079,11268135,56,CDS
27765,11267987,11268019,32,CDS
27766,11267798,11267863,65,CDS
27767,11267668,11267712,44,CDS
27768,11267090,11267301,211,CDS
27769,11272377,11272391,14,CDS
27770,11269550,11270270,720,CDS
27771,11269360,11269485,125,CDS
27772,11269242,11269280,38,CDS
27773,11269121,11269153,32,CDS
27774,11269000,11269065,65,CDS
27775,11268803,11268907,104,CDS
27776,11268708,11268740,32,CDS
27777,11268596,11268652,56,CDS
27778,11268399,11268539,140,CDS
27779,11268285,11268341,56,CDS
27780,11268196,11268228,32,CDS
27781,11268079,11268135,56,CDS
27782,11267987,11268019,32,CDS
27783,11267798,11267863,65,CDS
27784,11267668,11267712,44,CDS
27785,11267090,11267301,211,CDS
27786,11273845,11275286,1441,gene
27787,11275221,11275286,65,mRNA
27788,11274890,11275064,174,mRNA
27789,11274580,11274831,251,mRNA
27790,11273845,11274142,297,mRNA
27791,11275221,11275286,65,mRNA
27792,11274890,11275064,174,mRNA
27793,11274580,11274831,251,mRNA
27794,11274035,11274142,107,mRNA
27795,11275221,11275232,11,CDS
27796,11274890,11275064,174,CDS
27797,11274580,11274831,251,CDS
27798,11274114,11274142,28,CDS
27799,11275221,11275232,11,CDS
27800,11274890,11275064,174,CDS
27801,11274580,11274831,251,CDS
27802,11274114,11274142,28,CDS
27803,11277957,11278445,488,gene
27804,11278395,11278445,50,mRNA
27805,11277957,11278326,369,mRNA
27806,11278395,11278406,11,CDS
27807,11277985,11278326,341,CDS
27808,11278893,11279683,790,gene
27809,11279563,11279683,120,mRNA
27810,11279339,11279508,169,mRNA
27811,11279191,11279278,87,mRNA
27812,11279046,11279125,79,mRNA
27813,11278893,11278981,88,mRNA
27814,11279563,11279595,32,CDS
27815,11279339,11279508,169,CDS
27816,11279191,11279278,87,CDS
27817,11279046,11279125,79,CDS
27818,11278936,11278981,45,CDS
27819,11279725,11281033,1308,gene
27820,11279725,11281033,1308,mRNA
27821,11279725,11280670,945,mRNA
27822,11279878,11280414,536,CDS
27823,11279878,11280414,536,CDS
27824,11280484,11283971,3487,gene
27825,11283914,11283971,57,mRNA
27826,11283684,11283850,166,mRNA
27827,11283386,11283605,219,mRNA
27828,11282329,11283323,994,mRNA
27829,11282164,11282268,104,mRNA
27830,11281960,11282099,139,mRNA
27831,11281695,11281890,195,mRNA
27832,11281438,11281632,194,mRNA
27833,11281274,11281379,105,mRNA
27834,11280484,11281150,666,mRNA
27835,11283684,11283971,287,mRNA
27836,11283386,11283605,219,mRNA
27837,11282329,11283323,994,mRNA
27838,11282164,11282268,104,mRNA
27839,11281960,11282099,139,mRNA
27840,11281695,11281890,195,mRNA
27841,11281438,11281632,194,mRNA
27842,11280484,11281379,895,mRNA
27843,11283684,11283725,41,CDS
27844,11283386,11283605,219,CDS
27845,11282329,11283323,994,CDS
27846,11282164,11282268,104,CDS
27847,11281960,11282099,139,CDS
27848,11281695,11281890,195,CDS
27849,11281438,11281632,194,CDS
27850,11281274,11281379,105,CDS
27851,11281107,11281150,43,CDS
27852,11283684,11283725,41,CDS
27853,11283386,11283605,219,CDS
27854,11282329,11283323,994,CDS
27855,11282164,11282268,104,CDS
27856,11281960,11282099,139,CDS
27857,11281695,11281890,195,CDS
27858,11281438,11281632,194,CDS
27859,11281266,11281379,113,CDS
27860,11284283,11285098,815,gene
27861,11284283,11285098,815,mRNA
27862,11284414,11285098,684,mRNA
27863,11284498,11284959,461,CDS
27864,11284498,11284959,461,CDS
27865,11285148,11289772,4624,gene
27866,11289670,11289772,102,mRNA
27867,11287645,11288560,915,mRNA
27868,11287376,11287586,210,mRNA
27869,11287148,11287317,169,mRNA
27870,11286951,11287091,140,mRNA
27871,11286719,11286886,167,mRNA
27872,11286433,11286665,232,mRNA
27873,11286238,11286372,134,mRNA
27874,11285148,11286168,1020,mRNA
27875,11289393,11289772,379,mRNA
27876,11287645,11288560,915,mRNA
27877,11287376,11287586,210,mRNA
27878,11287148,11287317,169,mRNA
27879,11286951,11287091,140,mRNA
27880,11286719,11286886,167,mRNA
27881,11286433,11286665,232,mRNA
27882,11286238,11286372,134,mRNA
27883,11285148,11286168,1020,mRNA
27884,11289068,11289772,704,mRNA
27885,11287645,11288560,915,mRNA
27886,11287376,11287586,210,mRNA
27887,11287148,11287317,169,mRNA
27888,11286951,11287091,140,mRNA
27889,11286719,11286886,167,mRNA
27890,11286433,11286665,232,mRNA
27891,11286238,11286372,134,mRNA
27892,11285148,11286168,1020,mRNA
27893,11287645,11288544,899,CDS
27894,11287376,11287586,210,CDS
27895,11287148,11287317,169,CDS
27896,11286951,11287091,140,CDS
27897,11286719,11286886,167,CDS
27898,11286433,11286665,232,CDS
27899,11286238,11286372,134,CDS
27900,11285964,11286168,204,CDS
27901,11287645,11288544,899,CDS
27902,11287376,11287586,210,CDS
27903,11287148,11287317,169,CDS
27904,11286951,11287091,140,CDS
27905,11286719,11286886,167,CDS
27906,11286433,11286665,232,CDS
27907,11286238,11286372,134,CDS
27908,11285964,11286168,204,CDS
27909,11287645,11288544,899,CDS
27910,11287376,11287586,210,CDS
27911,11287148,11287317,169,CDS
27912,11286951,11287091,140,CDS
27913,11286719,11286886,167,CDS
27914,11286433,11286665,232,CDS
27915,11286238,11286372,134,CDS
27916,11285964,11286168,204,CDS
27917,11289688,11291096,1408,gene
27918,11290892,11291096,204,mRNA
27919,11289688,11290828,1140,mRNA
27920,11290892,11290932,40,CDS
27921,11289898,11290828,930,CDS
27922,11290994,11293174,2180,gene
27923,11292806,11293174,368,mRNA
27924,11292046,11292418,372,mRNA
27925,11291818,11291989,171,mRNA
27926,11290994,11291760,766,mRNA
27927,11292806,11293017,211,CDS
27928,11292046,11292418,372,CDS
27929,11291818,11291989,171,CDS
27930,11291117,11291760,643,CDS
27931,11292531,11293591,1060,gene
27932,11292531,11292650,119,mRNA
27933,11292710,11293591,881,mRNA
27934,11292531,11292650,119,mRNA
27935,11292710,11293161,451,mRNA
27936,11292548,11292650,102,CDS
27937,11292710,11292789,79,CDS
27938,11292548,11292650,102,CDS
27939,11292710,11292789,79,CDS
27940,11293776,11294586,810,gene
27941,11294250,11294586,336,mRNA
27942,11293776,11294188,412,mRNA
27943,11294250,11294319,69,mRNA
27944,11293776,11294188,412,mRNA
27945,11294250,11294265,15,CDS
27946,11293920,11294188,268,CDS
27947,11294250,11294265,15,CDS
27948,11293920,11294188,268,CDS
27949,11294536,11297520,2984,gene
27950,11297262,11297520,258,mRNA
27951,11294536,11294785,249,mRNA
27952,11297262,11297520,258,mRNA
27953,11295494,11295885,391,mRNA
27954,11294536,11294785,249,mRNA
27955,11296172,11296215,43,mRNA
27956,11295494,11295885,391,mRNA
27957,11294536,11294785,249,mRNA
27958,11294858,11295354,496,mRNA
27959,11294536,11294785,249,mRNA
27960,11294536,11295242,706,mRNA
27961,11297262,11297355,93,CDS
27962,11294682,11294785,103,CDS
27963,11295494,11295812,318,CDS
27964,11294682,11294785,103,CDS
27965,11295494,11295812,318,CDS
27966,11294682,11294785,103,CDS
27967,11294858,11295170,312,CDS
27968,11294682,11294785,103,CDS
27969,11294682,11295170,488,CDS
27970,11297673,11301936,4263,mobile_element
27971,11301916,11305607,3691,gene
27972,11301916,11302028,112,mRNA
27973,11302097,11302988,891,mRNA
27974,11303050,11303532,482,mRNA
27975,11303596,11303762,166,mRNA
27976,11303820,11304151,331,mRNA
27977,11304208,11304525,317,mRNA
27978,11304584,11304692,108,mRNA
27979,11304751,11305079,328,mRNA
27980,11305138,11305295,157,mRNA
27981,11305351,11305607,256,mRNA
27982,11302247,11302987,740,gene
27983,11302872,11302987,115,mRNA
27984,11302682,11302804,122,mRNA
27985,11302247,11302618,371,mRNA
27986,11302872,11302976,104,CDS
27987,11302682,11302804,122,CDS
27988,11302247,11302618,371,CDS
27989,11303450,11303532,82,CDS
27990,11303596,11303762,166,CDS
27991,11303820,11304151,331,CDS
27992,11304208,11304525,317,CDS
27993,11304584,11304692,108,CDS
27994,11304751,11305079,328,CDS
27995,11305138,11305295,157,CDS
27996,11305351,11305492,141,CDS
27997,11303495,11303532,37,mRNA
27998,11303596,11303762,166,mRNA
27999,11303820,11304151,331,mRNA
28000,11304208,11304525,317,mRNA
28001,11304584,11304692,108,mRNA
28002,11304751,11305079,328,mRNA
28003,11305138,11305295,157,mRNA
28004,11305351,11305607,256,mRNA
28005,11303495,11303532,37,mRNA
28006,11303601,11303762,161,mRNA
28007,11303820,11304151,331,mRNA
28008,11304208,11304525,317,mRNA
28009,11304584,11304692,108,mRNA
28010,11304751,11305079,328,mRNA
28011,11305138,11305295,157,mRNA
28012,11305351,11305607,256,mRNA
28013,11303513,11303532,19,CDS
28014,11303596,11303762,166,CDS
28015,11303820,11304151,331,CDS
28016,11304208,11304525,317,CDS
28017,11304584,11304692,108,CDS
28018,11304751,11305079,328,CDS
28019,11305138,11305295,157,CDS
28020,11305351,11305492,141,CDS
28021,11304134,11304151,17,CDS
28022,11304208,11304525,317,CDS
28023,11304584,11304692,108,CDS
28024,11304751,11305079,328,CDS
28025,11305138,11305295,157,CDS
28026,11305351,11305492,141,CDS
28027,11305511,11307528,2017,gene
28028,11307261,11307528,267,mRNA
28029,11306865,11306959,94,mRNA
28030,11306580,11306791,211,mRNA
28031,11306159,11306520,361,mRNA
28032,11305872,11306098,226,mRNA
28033,11305511,11305811,300,mRNA
28034,11307261,11307442,181,CDS
28035,11306865,11306959,94,CDS
28036,11306580,11306791,211,CDS
28037,11306159,11306520,361,CDS
28038,11305872,11306098,226,CDS
28039,11305630,11305811,181,CDS
28040,11307879,11309829,1950,gene
28041,11307879,11308097,218,mRNA
28042,11308156,11309829,1673,mRNA
28043,11307947,11308097,150,CDS
28044,11308156,11309525,1369,CDS
28045,11310335,11318676,8341,gene
28046,11318560,11318676,116,mRNA
28047,11317421,11317621,200,mRNA
28048,11316848,11317195,347,mRNA
28049,11316509,11316790,281,mRNA
28050,11316319,11316451,132,mRNA
28051,11316107,11316249,142,mRNA
28052,11315751,11315937,186,mRNA
28053,11315355,11315467,112,mRNA
28054,11315023,11315283,260,mRNA
28055,11314839,11314967,128,mRNA
28056,11313405,11313864,459,mRNA
28057,11313136,11313317,181,mRNA
28058,11312883,11313061,178,mRNA
28059,11312667,11312806,139,mRNA
28060,11311959,11312610,651,mRNA
28061,11311732,11311901,169,mRNA
28062,11311416,11311679,263,mRNA
28063,11311159,11311346,187,mRNA
28064,11310335,11310667,332,mRNA
28065,11318560,11318676,116,mRNA
28066,11317421,11317621,200,mRNA
28067,11316848,11317195,347,mRNA
28068,11316509,11316790,281,mRNA
28069,11316319,11316451,132,mRNA
28070,11316107,11316249,142,mRNA
28071,11315751,11315937,186,mRNA
28072,11315355,11315467,112,mRNA
28073,11315023,11315283,260,mRNA
28074,11314839,11314967,128,mRNA
28075,11313973,11314725,752,mRNA
28076,11313405,11313864,459,mRNA
28077,11313136,11313317,181,mRNA
28078,11312883,11313061,178,mRNA
28079,11312667,11312806,139,mRNA
28080,11311959,11312610,651,mRNA
28081,11311732,11311901,169,mRNA
28082,11311416,11311679,263,mRNA
28083,11311221,11311346,125,mRNA
28084,11310335,11310667,332,mRNA
28085,11318560,11318676,116,mRNA
28086,11317421,11317621,200,mRNA
28087,11316848,11317195,347,mRNA
28088,11316509,11316790,281,mRNA
28089,11316319,11316451,132,mRNA
28090,11316107,11316249,142,mRNA
28091,11315751,11315937,186,mRNA
28092,11315355,11315467,112,mRNA
28093,11315023,11315283,260,mRNA
28094,11314839,11314967,128,mRNA
28095,11313973,11314725,752,mRNA
28096,11313405,11313864,459,mRNA
28097,11313136,11313317,181,mRNA
28098,11312883,11313061,178,mRNA
28099,11312667,11312806,139,mRNA
28100,11311959,11312610,651,mRNA
28101,11311732,11311901,169,mRNA
28102,11311416,11311679,263,mRNA
28103,11311159,11311346,187,mRNA
28104,11310335,11310667,332,mRNA
28105,11317421,11317609,188,mRNA
28106,11316848,11317195,347,mRNA
28107,11316509,11316790,281,mRNA
28108,11316319,11316451,132,mRNA
28109,11316107,11316249,142,mRNA
28110,11315751,11315937,186,mRNA
28111,11315355,11315467,112,mRNA
28112,11315023,11315283,260,mRNA
28113,11314839,11314967,128,mRNA
28114,11313973,11314725,752,mRNA
28115,11313405,11313864,459,mRNA
28116,11313136,11313317,181,mRNA
28117,11312883,11313061,178,mRNA
28118,11312667,11312806,139,mRNA
28119,11311959,11312610,651,mRNA
28120,11311732,11311901,169,mRNA
28121,11311416,11311679,263,mRNA
28122,11311221,11311346,125,mRNA
28123,11310335,11310667,332,mRNA
28124,11317421,11317609,188,mRNA
28125,11316848,11317195,347,mRNA
28126,11316509,11316790,281,mRNA
28127,11316319,11316451,132,mRNA
28128,11316107,11316249,142,mRNA
28129,11315751,11315937,186,mRNA
28130,11315355,11315467,112,mRNA
28131,11315023,11315283,260,mRNA
28132,11314839,11314967,128,mRNA
28133,11313973,11314725,752,mRNA
28134,11313405,11313864,459,mRNA
28135,11313136,11313317,181,mRNA
28136,11312883,11313061,178,mRNA
28137,11312667,11312806,139,mRNA
28138,11311959,11312610,651,mRNA
28139,11311732,11311901,169,mRNA
28140,11311416,11311679,263,mRNA
28141,11311159,11311346,187,mRNA
28142,11310335,11310667,332,mRNA
28143,11317421,11317493,72,CDS
28144,11316848,11317195,347,CDS
28145,11316509,11316790,281,CDS
28146,11316319,11316451,132,CDS
28147,11316107,11316249,142,CDS
28148,11315751,11315937,186,CDS
28149,11315355,11315467,112,CDS
28150,11315023,11315283,260,CDS
28151,11314839,11314967,128,CDS
28152,11313973,11314725,752,CDS
28153,11313405,11313864,459,CDS
28154,11313136,11313317,181,CDS
28155,11312883,11313061,178,CDS
28156,11312667,11312806,139,CDS
28157,11311959,11312610,651,CDS
28158,11311732,11311901,169,CDS
28159,11311416,11311679,263,CDS
28160,11311221,11311346,125,CDS
28161,11310613,11310667,54,CDS
28162,11317421,11317493,72,CDS
28163,11316848,11317195,347,CDS
28164,11316509,11316790,281,CDS
28165,11316319,11316451,132,CDS
28166,11316107,11316249,142,CDS
28167,11315751,11315937,186,CDS
28168,11315355,11315467,112,CDS
28169,11315023,11315283,260,CDS
28170,11314839,11314967,128,CDS
28171,11313973,11314725,752,CDS
28172,11313405,11313864,459,CDS
28173,11313136,11313317,181,CDS
28174,11312883,11313061,178,CDS
28175,11312667,11312806,139,CDS
28176,11311959,11312610,651,CDS
28177,11311732,11311901,169,CDS
28178,11311416,11311679,263,CDS
28179,11311221,11311346,125,CDS
28180,11310613,11310667,54,CDS
28181,11317421,11317493,72,CDS
28182,11316848,11317195,347,CDS
28183,11316509,11316790,281,CDS
28184,11316319,11316451,132,CDS
28185,11316107,11316249,142,CDS
28186,11315751,11315937,186,CDS
28187,11315355,11315467,112,CDS
28188,11315023,11315283,260,CDS
28189,11314839,11314967,128,CDS
28190,11313405,11313864,459,CDS
28191,11313136,11313317,181,CDS
28192,11312883,11313061,178,CDS
28193,11312667,11312806,139,CDS
28194,11311959,11312610,651,CDS
28195,11311732,11311901,169,CDS
28196,11311416,11311679,263,CDS
28197,11311159,11311346,187,CDS
28198,11310651,11310667,16,CDS
28199,11317421,11317493,72,CDS
28200,11316848,11317195,347,CDS
28201,11316509,11316790,281,CDS
28202,11316319,11316451,132,CDS
28203,11316107,11316249,142,CDS
28204,11315751,11315937,186,CDS
28205,11315355,11315467,112,CDS
28206,11315023,11315283,260,CDS
28207,11314839,11314967,128,CDS
28208,11313973,11314725,752,CDS
28209,11313405,11313864,459,CDS
28210,11313136,11313317,181,CDS
28211,11312883,11313061,178,CDS
28212,11312667,11312806,139,CDS
28213,11311959,11312610,651,CDS
28214,11311732,11311901,169,CDS
28215,11311416,11311679,263,CDS
28216,11311159,11311346,187,CDS
28217,11310651,11310667,16,CDS
28218,11317421,11317493,72,CDS
28219,11316848,11317195,347,CDS
28220,11316509,11316790,281,CDS
28221,11316319,11316451,132,CDS
28222,11316107,11316249,142,CDS
28223,11315751,11315937,186,CDS
28224,11315355,11315467,112,CDS
28225,11315023,11315283,260,CDS
28226,11314839,11314967,128,CDS
28227,11313973,11314725,752,CDS
28228,11313405,11313864,459,CDS
28229,11313136,11313317,181,CDS
28230,11312883,11313061,178,CDS
28231,11312667,11312806,139,CDS
28232,11311959,11312610,651,CDS
28233,11311732,11311901,169,CDS
28234,11311416,11311679,263,CDS
28235,11311159,11311346,187,CDS
28236,11310651,11310667,16,CDS
28237,11310831,11311165,334,gene
28238,11310831,11310916,85,mRNA
28239,11310974,11311165,191,mRNA
28240,11310831,11310916,85,mRNA
28241,11310980,11311165,185,mRNA
28242,11310856,11310916,60,CDS
28243,11310974,11311107,133,CDS
28244,11310856,11310916,60,CDS
28245,11310980,11311107,127,CDS
28246,11319710,11321312,1602,gene
28247,11321179,11321312,133,mRNA
28248,11320944,11321112,168,mRNA
28249,11320364,11320881,517,mRNA
28250,11320107,11320314,207,mRNA
28251,11319819,11319977,158,mRNA
28252,11319710,11319760,50,mRNA
28253,11321179,11321312,133,CDS
28254,11320944,11321112,168,CDS
28255,11320364,11320881,517,CDS
28256,11320107,11320314,207,CDS
28257,11319819,11319977,158,CDS
28258,11319710,11319760,50,CDS
28259,11324314,11336463,12149,gene
28260,11324314,11324410,96,mRNA
28261,11324472,11324573,101,mRNA
28262,11325790,11326256,466,mRNA
28263,11329203,11329502,299,mRNA
28264,11330093,11330191,98,mRNA
28265,11330238,11330453,215,mRNA
28266,11331113,11331223,110,mRNA
28267,11331517,11331843,326,mRNA
28268,11331909,11332384,475,mRNA
28269,11332439,11332681,242,mRNA
28270,11332789,11336463,3674,mRNA
28271,11325788,11326256,468,mRNA
28272,11329203,11329502,299,mRNA
28273,11330093,11330191,98,mRNA
28274,11330259,11330453,194,mRNA
28275,11331113,11331223,110,mRNA
28276,11331517,11331843,326,mRNA
28277,11331909,11332384,475,mRNA
28278,11332439,11332681,242,mRNA
28279,11332789,11336463,3674,mRNA
28280,11325788,11326256,468,mRNA
28281,11329203,11329502,299,mRNA
28282,11330093,11330191,98,mRNA
28283,11330259,11330453,194,mRNA
28284,11331113,11331223,110,mRNA
28285,11331517,11331843,326,mRNA
28286,11331909,11332384,475,mRNA
28287,11332463,11332681,218,mRNA
28288,11332789,11336463,3674,mRNA
28289,11329262,11329502,240,CDS
28290,11330093,11330191,98,CDS
28291,11330238,11330453,215,CDS
28292,11331113,11331223,110,CDS
28293,11331517,11331843,326,CDS
28294,11331909,11332384,475,CDS
28295,11332439,11332681,242,CDS
28296,11332789,11335977,3188,CDS
28297,11329262,11329502,240,CDS
28298,11330093,11330191,98,CDS
28299,11330259,11330453,194,CDS
28300,11331113,11331223,110,CDS
28301,11331517,11331843,326,CDS
28302,11331909,11332384,475,CDS
28303,11332439,11332681,242,CDS
28304,11332789,11335977,3188,CDS
28305,11329262,11329502,240,CDS
28306,11330093,11330191,98,CDS
28307,11330259,11330453,194,CDS
28308,11331113,11331223,110,CDS
28309,11331517,11331843,326,CDS
28310,11331909,11332384,475,CDS
28311,11332463,11332681,218,CDS
28312,11332789,11335977,3188,CDS
28313,11336840,11337791,951,gene
28314,11336840,11337791,951,mRNA
28315,11336860,11337678,818,CDS
28316,11337797,11338733,936,gene
28317,11337797,11338733,936,mRNA
28318,11337893,11338684,791,CDS
28319,11339186,11340132,946,gene
28320,11339186,11340132,946,mRNA
28321,11339257,11340099,842,CDS
28322,11340513,11341423,910,gene
28323,11340513,11341423,910,mRNA
28324,11340635,11341423,788,CDS
28325,11341714,11342760,1046,gene
28326,11341714,11342760,1046,mRNA
28327,11341954,11342742,788,CDS
28328,11344260,11345119,859,gene
28329,11344260,11345119,859,mRNA
28330,11344322,11345092,770,CDS
28331,11345237,11346066,829,gene
28332,11345237,11346066,829,mRNA
28333,11345277,11346047,770,CDS
28334,11346325,11347395,1070,gene
28335,11346325,11347395,1070,mRNA
28336,11346325,11347137,812,mRNA
28337,11346342,11347103,761,CDS
28338,11346342,11347103,761,CDS
28339,11347588,11348812,1224,mobile_element
28340,11349061,11349870,809,gene
28341,11349061,11349870,809,mRNA
28342,11349094,11349855,761,CDS
28343,11350811,11351621,810,gene
28344,11350811,11351621,810,mRNA
28345,11350827,11351588,761,CDS
28346,11351870,11353113,1243,mobile_element
28347,11353564,11354373,809,gene
28348,11353564,11354373,809,mRNA
28349,11353598,11354359,761,CDS
28350,11355319,11356128,809,gene
28351,11355319,11356128,809,mRNA
28352,11355333,11356094,761,CDS
28353,11356114,11356600,486,gene
28354,11356327,11356600,273,mRNA
28355,11356114,11356265,151,mRNA
28356,11356327,11356472,145,CDS
28357,11356166,11356265,99,CDS
28358,11356720,11357537,817,gene
28359,11356720,11357537,817,mRNA
28360,11356743,11357501,758,CDS
28361,11357564,11357650,86,gene
28362,11357564,11357650,86,tRNA
28363,11357902,11359176,1274,gene
28364,11359088,11359176,88,mRNA
28365,11358958,11359021,63,mRNA
28366,11358336,11358424,88,mRNA
28367,11357902,11358271,369,mRNA
28368,11358958,11359003,45,CDS
28369,11358336,11358424,88,CDS
28370,11358116,11358271,155,CDS
28371,11359437,11360163,726,gene
28372,11359437,11360163,726,mRNA
28373,11359519,11360085,566,CDS
28374,11360706,11361871,1165,gene
28375,11360706,11360832,126,mRNA
28376,11360959,11361282,323,mRNA
28377,11361515,11361871,356,mRNA
28378,11360825,11360832,7,CDS
28379,11360959,11361282,323,CDS
28380,11361515,11361737,222,CDS
28381,11361900,11363405,1505,gene
28382,11361900,11362841,941,mRNA
28383,11362905,11363066,161,mRNA
28384,11363129,11363405,276,mRNA
28385,11361900,11362841,941,CDS
28386,11362905,11363066,161,CDS
28387,11363129,11363269,140,CDS
28388,11366710,11370287,3577,gene
28389,11366710,11367101,391,mRNA
28390,11368548,11368698,150,mRNA
28391,11368757,11370287,1530,mRNA
28392,11366915,11367101,186,CDS
28393,11368548,11368698,150,CDS
28394,11368757,11370236,1479,CDS
28395,11368286,11368400,114,mRNA
28396,11368548,11368698,150,mRNA
28397,11368757,11370287,1530,mRNA
28398,11368664,11368698,34,CDS
28399,11368757,11370236,1479,CDS
28400,11370300,11371335,1035,gene
28401,11370773,11371335,562,mRNA
28402,11370300,11370713,413,mRNA
28403,11370773,11371163,390,mRNA
28404,11370300,11370713,413,mRNA
28405,11370773,11371012,239,CDS
28406,11370453,11370713,260,CDS
28407,11370773,11371012,239,CDS
28408,11370453,11370713,260,CDS
28409,11373607,11377109,3502,gene
28410,11373607,11374400,793,mRNA
28411,11375308,11375918,610,mRNA
28412,11376229,11377109,880,mRNA
28413,11373979,11374400,421,CDS
28414,11375308,11375918,610,CDS
28415,11376229,11376821,592,CDS
28416,11375183,11375918,735,mRNA
28417,11376229,11377109,880,mRNA
28418,11375534,11375918,384,CDS
28419,11376229,11376821,592,CDS
28420,11377193,11379177,1984,gene
28421,11378965,11379177,212,mRNA
28422,11378058,11378246,188,mRNA
28423,11377193,11377998,805,mRNA
28424,11378965,11379027,62,CDS
28425,11378058,11378246,188,CDS
28426,11377531,11377998,467,CDS
28427,11380347,11384114,3767,gene
28428,11384015,11384114,99,mRNA
28429,11382249,11382317,68,mRNA
28430,11381955,11382182,227,mRNA
28431,11381663,11381891,228,mRNA
28432,11381573,11381594,21,mRNA
28433,11380347,11380793,446,mRNA
28434,11384015,11384114,99,mRNA
28435,11382249,11382317,68,mRNA
28436,11381955,11382182,227,mRNA
28437,11381663,11381891,228,mRNA
28438,11381573,11381594,21,mRNA
28439,11380449,11381028,579,mRNA
28440,11384015,11384114,99,mRNA
28441,11382249,11382317,68,mRNA
28442,11381955,11382182,227,mRNA
28443,11381663,11381891,228,mRNA
28444,11380449,11381594,1145,mRNA
28445,11382249,11382311,62,CDS
28446,11381955,11382182,227,CDS
28447,11381663,11381891,228,CDS
28448,11381573,11381594,21,CDS
28449,11380682,11380793,111,CDS
28450,11382249,11382311,62,CDS
28451,11381955,11382182,227,CDS
28452,11381663,11381891,228,CDS
28453,11381573,11381594,21,CDS
28454,11380839,11381028,189,CDS
28455,11384015,11384114,99,mRNA
28456,11382249,11382317,68,mRNA
28457,11381955,11382182,227,mRNA
28458,11381663,11381891,228,mRNA
28459,11381325,11381594,269,mRNA
28460,11384015,11384114,99,mRNA
28461,11382932,11383075,143,mRNA
28462,11382249,11382317,68,mRNA
28463,11381955,11382182,227,mRNA
28464,11381663,11381891,228,mRNA
28465,11381325,11381594,269,mRNA
28466,11382249,11382311,62,CDS
28467,11381955,11382182,227,CDS
28468,11381663,11381891,228,CDS
28469,11381569,11381594,25,CDS
28470,11382249,11382311,62,CDS
28471,11381955,11382182,227,CDS
28472,11381663,11381891,228,CDS
28473,11381569,11381594,25,CDS
28474,11382249,11382311,62,CDS
28475,11381955,11382182,227,CDS
28476,11381663,11381891,228,CDS
28477,11381569,11381594,25,CDS
28478,11384743,11397432,12689,gene
28479,11396894,11397432,538,mRNA
28480,11391071,11391181,110,mRNA
28481,11386663,11387066,403,mRNA
28482,11385556,11386596,1040,mRNA
28483,11384743,11385442,699,mRNA
28484,11391071,11391148,77,CDS
28485,11386663,11387066,403,CDS
28486,11385556,11386596,1040,CDS
28487,11385061,11385442,381,CDS
28488,11387160,11388779,1619,gene
28489,11388208,11388779,571,mRNA
28490,11388000,11388144,144,mRNA
28491,11387545,11387908,363,mRNA
28492,11387372,11387490,118,mRNA
28493,11387160,11387315,155,mRNA
28494,11388208,11388363,155,CDS
28495,11388000,11388144,144,CDS
28496,11387545,11387908,363,CDS
28497,11387372,11387490,118,CDS
28498,11387260,11387315,55,CDS
28499,11394353,11394424,71,gene
28500,11394353,11394424,71,tRNA
28501,11399770,11399841,71,gene
28502,11399770,11399841,71,tRNA
28503,11404699,11404770,71,gene
28504,11404699,11404770,71,tRNA
28505,11405232,11405303,71,gene
28506,11405232,11405303,71,tRNA
28507,11405597,11408079,2482,gene
28508,11405597,11406010,413,mRNA
28509,11406076,11406139,63,mRNA
28510,11406213,11406344,131,mRNA
28511,11406401,11406748,347,mRNA
28512,11406804,11407046,242,mRNA
28513,11407107,11408079,972,mRNA
28514,11405686,11406010,324,CDS
28515,11406076,11406139,63,CDS
28516,11406213,11406344,131,CDS
28517,11406401,11406748,347,CDS
28518,11406804,11407046,242,CDS
28519,11407107,11407977,870,CDS
28520,11408576,11409449,873,gene
28521,11408866,11409449,583,mRNA
28522,11408576,11408812,236,mRNA
28523,11408866,11409406,540,CDS
28524,11408667,11408812,145,CDS
28525,11409810,11410438,628,gene
28526,11410090,11410438,348,mRNA
28527,11409810,11410005,195,mRNA
28528,11410090,11410423,333,CDS
28529,11409854,11410005,151,CDS
28530,11411203,11429645,18442,gene
28531,11429053,11429645,592,mRNA
28532,11421258,11421436,178,mRNA
28533,11412632,11412985,353,mRNA
28534,11412428,11412574,146,mRNA
28535,11411203,11411280,77,mRNA
28536,11429053,11429645,592,mRNA
28537,11421258,11421436,178,mRNA
28538,11412632,11412985,353,mRNA
28539,11412428,11412574,146,mRNA
28540,11411358,11411535,177,mRNA
28541,11411203,11411280,77,mRNA
28542,11429053,11429068,15,CDS
28543,11421258,11421436,178,CDS
28544,11412632,11412985,353,CDS
28545,11412428,11412574,146,CDS
28546,11411275,11411280,5,CDS
28547,11429053,11429068,15,CDS
28548,11421258,11421436,178,CDS
28549,11412632,11412985,353,CDS
28550,11412428,11412574,146,CDS
28551,11411395,11411535,140,CDS
28552,11429520,11429645,125,mRNA
28553,11429053,11429218,165,mRNA
28554,11421258,11421436,178,mRNA
28555,11412632,11412985,353,mRNA
28556,11411956,11412574,618,mRNA
28557,11429053,11429645,592,mRNA
28558,11421258,11421436,178,mRNA
28559,11412632,11412985,353,mRNA
28560,11411956,11412574,618,mRNA
28561,11427776,11427803,27,mRNA
28562,11421258,11421436,178,mRNA
28563,11412632,11412985,353,mRNA
28564,11411956,11412574,618,mRNA
28565,11427442,11427803,361,mRNA
28566,11421258,11421436,178,mRNA
28567,11412632,11412985,353,mRNA
28568,11411956,11412574,618,mRNA
28569,11424535,11424670,135,mRNA
28570,11421258,11421436,178,mRNA
28571,11412632,11412985,353,mRNA
28572,11411956,11412574,618,mRNA
28573,11429053,11429068,15,CDS
28574,11421258,11421436,178,CDS
28575,11412632,11412985,353,CDS
28576,11412386,11412574,188,CDS
28577,11429053,11429068,15,CDS
28578,11421258,11421436,178,CDS
28579,11412632,11412985,353,CDS
28580,11412386,11412574,188,CDS
28581,11427442,11427451,9,CDS
28582,11421258,11421436,178,CDS
28583,11412632,11412985,353,CDS
28584,11412386,11412574,188,CDS
28585,11424535,11424541,6,CDS
28586,11421258,11421436,178,CDS
28587,11412632,11412985,353,CDS
28588,11412386,11412574,188,CDS
28589,11421258,11421434,176,CDS
28590,11412632,11412985,353,CDS
28591,11412386,11412574,188,CDS
28592,11414510,11415462,952,gene
28593,11414510,11414624,114,mRNA
28594,11414686,11415462,776,mRNA
28595,11414510,11414624,114,mRNA
28596,11414686,11415337,651,mRNA
28597,11414556,11414624,68,CDS
28598,11414686,11415315,629,CDS
28599,11414556,11414624,68,CDS
28600,11414686,11415315,629,CDS
28601,11415571,11418664,3093,mobile_element
28602,11432650,11433298,648,gene
28603,11432650,11433298,648,ncRNA
28604,11436243,11442216,5973,gene
28605,11436243,11436422,179,mRNA
28606,11439798,11439868,70,mRNA
28607,11439970,11440125,155,mRNA
28608,11440187,11440330,143,mRNA
28609,11441068,11441620,552,mRNA
28610,11441935,11442216,281,mRNA
28611,11436243,11436422,179,mRNA
28612,11439798,11439868,70,mRNA
28613,11439970,11440125,155,mRNA
28614,11440187,11440330,143,mRNA
28615,11441068,11441490,422,mRNA
28616,11441650,11441872,222,mRNA
28617,11441935,11442216,281,mRNA
28618,11436243,11436422,179,mRNA
28619,11439798,11439868,70,mRNA
28620,11439970,11440125,155,mRNA
28621,11440187,11440330,143,mRNA
28622,11441068,11441490,422,mRNA
28623,11441741,11441872,131,mRNA
28624,11441935,11442216,281,mRNA
28625,11436243,11436422,179,mRNA
28626,11439798,11439868,70,mRNA
28627,11439970,11440125,155,mRNA
28628,11440187,11440330,143,mRNA
28629,11441068,11441490,422,mRNA
28630,11441935,11442216,281,mRNA
28631,11439833,11439868,35,CDS
28632,11439970,11440125,155,CDS
28633,11440187,11440330,143,CDS
28634,11441068,11441490,422,CDS
28635,11441935,11441970,35,CDS
28636,11439833,11439868,35,CDS
28637,11439970,11440125,155,CDS
28638,11440187,11440330,143,CDS
28639,11441068,11441490,422,CDS
28640,11441741,11441761,20,CDS
28641,11439833,11439868,35,CDS
28642,11439970,11440125,155,CDS
28643,11440187,11440330,143,CDS
28644,11441068,11441490,422,CDS
28645,11441650,11441703,53,CDS
28646,11439833,11439868,35,CDS
28647,11439970,11440125,155,CDS
28648,11440187,11440330,143,CDS
28649,11441068,11441538,470,CDS
28650,11442505,11451604,9099,gene
28651,11442505,11443112,607,mRNA
28652,11444540,11444627,87,mRNA
28653,11444684,11444760,76,mRNA
28654,11445368,11445415,47,mRNA
28655,11447156,11447208,52,mRNA
28656,11447270,11447363,93,mRNA
28657,11447527,11451604,4077,mRNA
28658,11442505,11443112,607,mRNA
28659,11444540,11444627,87,mRNA
28660,11444684,11444760,76,mRNA
28661,11446133,11446189,56,mRNA
28662,11447156,11447208,52,mRNA
28663,11447270,11447363,93,mRNA
28664,11447527,11451604,4077,mRNA
28665,11444712,11444760,48,CDS
28666,11445368,11445415,47,CDS
28667,11447156,11447208,52,CDS
28668,11447270,11447363,93,CDS
28669,11447527,11447750,223,CDS
28670,11444712,11444760,48,CDS
28671,11446133,11446189,56,CDS
28672,11447156,11447208,52,CDS
28673,11447270,11447363,93,CDS
28674,11447527,11447750,223,CDS
28675,11452043,11465270,13227,gene
28676,11452043,11452383,340,mRNA
28677,11453393,11454469,1076,mRNA
28678,11454534,11454669,135,mRNA
28679,11454825,11455063,238,mRNA
28680,11455133,11455287,154,mRNA
28681,11455588,11455755,167,mRNA
28682,11455820,11456001,181,mRNA
28683,11456367,11456734,367,mRNA
28684,11456805,11456920,115,mRNA
28685,11456988,11460319,3331,mRNA
28686,11460591,11465270,4679,mRNA
28687,11452043,11452383,340,mRNA
28688,11453393,11454469,1076,mRNA
28689,11454534,11454669,135,mRNA
28690,11454825,11455063,238,mRNA
28691,11455133,11455287,154,mRNA
28692,11455588,11455755,167,mRNA
28693,11455820,11456001,181,mRNA
28694,11456367,11456734,367,mRNA
28695,11456805,11456920,115,mRNA
28696,11456988,11460319,3331,mRNA
28697,11460591,11464030,3439,mRNA
28698,11452189,11452383,194,mRNA
28699,11453393,11454469,1076,mRNA
28700,11454534,11454669,135,mRNA
28701,11454825,11455063,238,mRNA
28702,11455133,11455287,154,mRNA
28703,11455588,11455755,167,mRNA
28704,11455820,11456001,181,mRNA
28705,11456367,11456734,367,mRNA
28706,11456805,11456920,115,mRNA
28707,11456988,11460319,3331,mRNA
28708,11460591,11464030,3439,mRNA
28709,11452769,11452885,116,mRNA
28710,11453393,11454469,1076,mRNA
28711,11454534,11454669,135,mRNA
28712,11454825,11455063,238,mRNA
28713,11455133,11455287,154,mRNA
28714,11455588,11455790,202,mRNA
28715,11456367,11456734,367,mRNA
28716,11456805,11456920,115,mRNA
28717,11456988,11460319,3331,mRNA
28718,11460591,11465270,4679,mRNA
28719,11452769,11452880,111,mRNA
28720,11453393,11454469,1076,mRNA
28721,11454534,11454669,135,mRNA
28722,11454825,11455063,238,mRNA
28723,11455133,11455287,154,mRNA
28724,11455588,11455755,167,mRNA
28725,11455820,11456001,181,mRNA
28726,11456367,11456734,367,mRNA
28727,11456805,11456920,115,mRNA
28728,11456988,11460319,3331,mRNA
28729,11460591,11464030,3439,mRNA
28730,11454317,11454469,152,CDS
28731,11454534,11454669,135,CDS
28732,11454825,11455063,238,CDS
28733,11455133,11455287,154,CDS
28734,11455588,11455755,167,CDS
28735,11455820,11456001,181,CDS
28736,11456367,11456734,367,CDS
28737,11456805,11456920,115,CDS
28738,11456988,11460319,3331,CDS
28739,11460591,11462035,1444,CDS
28740,11454317,11454469,152,CDS
28741,11454534,11454669,135,CDS
28742,11454825,11455063,238,CDS
28743,11455133,11455287,154,CDS
28744,11455588,11455755,167,CDS
28745,11455820,11456001,181,CDS
28746,11456367,11456734,367,CDS
28747,11456805,11456920,115,CDS
28748,11456988,11460319,3331,CDS
28749,11460591,11461843,1252,CDS
28750,11454317,11454469,152,CDS
28751,11454534,11454669,135,CDS
28752,11454825,11455063,238,CDS
28753,11455133,11455287,154,CDS
28754,11455588,11455790,202,CDS
28755,11456367,11456734,367,CDS
28756,11456805,11456920,115,CDS
28757,11456988,11460319,3331,CDS
28758,11460591,11461813,1222,CDS
28759,11454317,11454469,152,CDS
28760,11454534,11454669,135,CDS
28761,11454825,11455063,238,CDS
28762,11455133,11455287,154,CDS
28763,11455588,11455755,167,CDS
28764,11455820,11456001,181,CDS
28765,11456367,11456734,367,CDS
28766,11456805,11456920,115,CDS
28767,11456988,11460319,3331,CDS
28768,11460591,11461813,1222,CDS
28769,11454317,11454469,152,CDS
28770,11454534,11454669,135,CDS
28771,11454825,11455063,238,CDS
28772,11455133,11455287,154,CDS
28773,11455588,11455755,167,CDS
28774,11455820,11456001,181,CDS
28775,11456367,11456734,367,CDS
28776,11456805,11456920,115,CDS
28777,11456988,11460319,3331,CDS
28778,11460591,11461813,1222,CDS
28779,11472702,11473843,1141,mobile_element
28780,11474465,11509695,35230,gene
28781,11474465,11474709,244,mRNA
28782,11474810,11477269,2459,mRNA
28783,11504929,11504934,5,mRNA
28784,11506069,11506229,160,mRNA
28785,11506649,11507180,531,mRNA
28786,11475708,11477269,1561,mRNA
28787,11504929,11504934,5,mRNA
28788,11506069,11506229,160,mRNA
28789,11506649,11509695,3046,mRNA
28790,11475708,11477269,1561,mRNA
28791,11504929,11504934,5,mRNA
28792,11506069,11506229,160,mRNA
28793,11506649,11507180,531,mRNA
28794,11475976,11477269,1293,CDS
28795,11504929,11504934,5,CDS
28796,11506069,11506229,160,CDS
28797,11506649,11506918,269,CDS
28798,11475976,11477269,1293,CDS
28799,11504929,11504934,5,CDS
28800,11506069,11506229,160,CDS
28801,11506649,11506918,269,CDS
28802,11475976,11477269,1293,CDS
28803,11504929,11504934,5,CDS
28804,11506069,11506229,160,CDS
28805,11506649,11506918,269,CDS
28806,11524006,11528210,4204,gene
28807,11526359,11528210,1851,mRNA
28808,11525128,11525225,97,mRNA
28809,11524006,11524847,841,mRNA
28810,11526359,11527883,1524,mRNA
28811,11525128,11525225,97,mRNA
28812,11524006,11524847,841,mRNA
28813,11526359,11527670,1311,CDS
28814,11525128,11525225,97,CDS
28815,11524599,11524847,248,CDS
28816,11526359,11527670,1311,CDS
28817,11525128,11525225,97,CDS
28818,11524599,11524847,248,CDS
28819,11577485,11616045,38560,gene
28820,11592959,11593126,167,mRNA
28821,11591993,11592175,182,mRNA
28822,11591685,11591930,245,mRNA
28823,11590687,11591174,487,mRNA
28824,11590003,11590625,622,mRNA
28825,11589843,11589940,97,mRNA
28826,11588698,11589668,970,mRNA
28827,11588363,11588635,272,mRNA
28828,11587771,11588127,356,mRNA
28829,11587646,11587711,65,mRNA
28830,11587097,11587138,41,mRNA
28831,11583015,11587025,4010,mRNA
28832,11581628,11582145,517,mRNA
28833,11580949,11581398,449,mRNA
28834,11580235,11580862,627,mRNA
28835,11580049,11580170,121,mRNA
28836,11577485,11579983,2498,mRNA
28837,11615579,11616045,466,mRNA
28838,11591993,11592175,182,mRNA
28839,11591685,11591930,245,mRNA
28840,11590687,11591174,487,mRNA
28841,11590003,11590625,622,mRNA
28842,11588698,11589940,1242,mRNA
28843,11588363,11588635,272,mRNA
28844,11587771,11588127,356,mRNA
28845,11587646,11587711,65,mRNA
28846,11587538,11587582,44,mRNA
28847,11587097,11587138,41,mRNA
28848,11583015,11587025,4010,mRNA
28849,11581628,11581749,121,mRNA
28850,11580949,11581398,449,mRNA
28851,11580235,11580862,627,mRNA
28852,11580049,11580170,121,mRNA
28853,11578880,11579983,1103,mRNA
28854,11615579,11616045,466,mRNA
28855,11591993,11592175,182,mRNA
28856,11591685,11591930,245,mRNA
28857,11590687,11591174,487,mRNA
28858,11590003,11590625,622,mRNA
28859,11588698,11589940,1242,mRNA
28860,11588363,11588635,272,mRNA
28861,11587771,11588127,356,mRNA
28862,11587646,11587711,65,mRNA
28863,11587538,11587582,44,mRNA
28864,11587097,11587138,41,mRNA
28865,11583015,11587025,4010,mRNA
28866,11581628,11582145,517,mRNA
28867,11580949,11581398,449,mRNA
28868,11580235,11580862,627,mRNA
28869,11580049,11580170,121,mRNA
28870,11578880,11579983,1103,mRNA
28871,11604769,11604936,167,mRNA
28872,11599376,11599640,264,mRNA
28873,11591993,11592175,182,mRNA
28874,11591685,11591930,245,mRNA
28875,11590687,11591174,487,mRNA
28876,11590003,11590625,622,mRNA
28877,11588698,11589940,1242,mRNA
28878,11588363,11588635,272,mRNA
28879,11587771,11588127,356,mRNA
28880,11587097,11587138,41,mRNA
28881,11583015,11587025,4010,mRNA
28882,11581628,11582145,517,mRNA
28883,11580949,11581398,449,mRNA
28884,11580235,11580862,627,mRNA
28885,11580049,11580170,121,mRNA
28886,11578880,11579983,1103,mRNA
28887,11582616,11582635,19,mRNA
28888,11581628,11582145,517,mRNA
28889,11580235,11581398,1163,mRNA
28890,11580049,11580170,121,mRNA
28891,11579517,11579983,466,mRNA
28892,11591993,11592119,126,CDS
28893,11591685,11591930,245,CDS
28894,11590687,11591174,487,CDS
28895,11590003,11590625,622,CDS
28896,11589843,11589940,97,CDS
28897,11588698,11589668,970,CDS
28898,11588363,11588635,272,CDS
28899,11587771,11588127,356,CDS
28900,11587646,11587711,65,CDS
28901,11587097,11587138,41,CDS
28902,11583015,11587025,4010,CDS
28903,11581628,11582145,517,CDS
28904,11580949,11581398,449,CDS
28905,11580235,11580862,627,CDS
28906,11580049,11580170,121,CDS
28907,11579827,11579983,156,CDS
28908,11591993,11592119,126,CDS
28909,11591685,11591930,245,CDS
28910,11590687,11591174,487,CDS
28911,11590003,11590625,622,CDS
28912,11588698,11589940,1242,CDS
28913,11588363,11588635,272,CDS
28914,11587771,11588127,356,CDS
28915,11587097,11587138,41,CDS
28916,11583015,11587025,4010,CDS
28917,11581628,11582145,517,CDS
28918,11580949,11581398,449,CDS
28919,11580235,11580862,627,CDS
28920,11580049,11580170,121,CDS
28921,11579827,11579983,156,CDS
28922,11591993,11592119,126,CDS
28923,11591685,11591930,245,CDS
28924,11590687,11591174,487,CDS
28925,11590003,11590625,622,CDS
28926,11588698,11589940,1242,CDS
28927,11588363,11588635,272,CDS
28928,11587771,11588127,356,CDS
28929,11587646,11587711,65,CDS
28930,11587538,11587582,44,CDS
28931,11587097,11587138,41,CDS
28932,11583015,11587025,4010,CDS
28933,11581628,11581749,121,CDS
28934,11580949,11581398,449,CDS
28935,11580235,11580862,627,CDS
28936,11580049,11580170,121,CDS
28937,11579827,11579983,156,CDS
28938,11591993,11592119,126,CDS
28939,11591685,11591930,245,CDS
28940,11590687,11591174,487,CDS
28941,11590003,11590625,622,CDS
28942,11588698,11589940,1242,CDS
28943,11588363,11588635,272,CDS
28944,11587771,11588127,356,CDS
28945,11587646,11587711,65,CDS
28946,11587538,11587582,44,CDS
28947,11587097,11587138,41,CDS
28948,11583015,11587025,4010,CDS
28949,11581628,11582145,517,CDS
28950,11580949,11581398,449,CDS
28951,11580235,11580862,627,CDS
28952,11580049,11580170,121,CDS
28953,11579827,11579983,156,CDS
28954,11580235,11580705,470,CDS
28955,11580049,11580170,121,CDS
28956,11579827,11579983,156,CDS
28957,11588183,11588331,148,gene
28958,11588183,11588331,148,ncRNA
28959,11591341,11591485,144,gene
28960,11591341,11591485,144,ncRNA
28961,11616195,11616694,499,gene
28962,11616195,11616694,499,ncRNA
28963,11616869,11619023,2154,gene
28964,11617902,11619023,1121,mRNA
28965,11617516,11617840,324,mRNA
28966,11616869,11617454,585,mRNA
28967,11617902,11618971,1069,CDS
28968,11617516,11617840,324,CDS
28969,11616930,11617454,524,CDS
28970,11619479,11640941,21462,gene
28971,11631941,11632515,574,mRNA
28972,11629391,11629434,43,mRNA
28973,11624161,11625295,1134,mRNA
28974,11623964,11624100,136,mRNA
28975,11622531,11623902,1371,mRNA
28976,11621617,11622471,854,mRNA
28977,11621116,11621417,301,mRNA
28978,11619479,11621040,1561,mRNA
28979,11640146,11640941,795,mRNA
28980,11629391,11629434,43,mRNA
28981,11624161,11625295,1134,mRNA
28982,11623964,11624100,136,mRNA
28983,11622531,11623902,1371,mRNA
28984,11621617,11622471,854,mRNA
28985,11621116,11621417,301,mRNA
28986,11619850,11621040,1190,mRNA
28987,11631941,11632515,574,mRNA
28988,11629391,11629434,43,mRNA
28989,11624161,11625295,1134,mRNA
28990,11623964,11624100,136,mRNA
28991,11622531,11623902,1371,mRNA
28992,11621617,11622471,854,mRNA
28993,11621116,11621417,301,mRNA
28994,11620188,11621040,852,mRNA
28995,11624161,11625192,1031,CDS
28996,11623964,11624100,136,CDS
28997,11622531,11623902,1371,CDS
28998,11621617,11622471,854,CDS
28999,11621116,11621417,301,CDS
29000,11620845,11621040,195,CDS
29001,11624161,11625192,1031,CDS
29002,11623964,11624100,136,CDS
29003,11622531,11623902,1371,CDS
29004,11621617,11622471,854,CDS
29005,11621116,11621417,301,CDS
29006,11620845,11621040,195,CDS
29007,11624161,11625192,1031,CDS
29008,11623964,11624100,136,CDS
29009,11622531,11623902,1371,CDS
29010,11621617,11622471,854,CDS
29011,11621116,11621417,301,CDS
29012,11620845,11621040,195,CDS
29013,11641477,11651616,10139,gene
29014,11651324,11651616,292,mRNA
29015,11650815,11651224,409,mRNA
29016,11644848,11644964,116,mRNA
29017,11644681,11644764,83,mRNA
29018,11644485,11644579,94,mRNA
29019,11644239,11644416,177,mRNA
29020,11643991,11644179,188,mRNA
29021,11643633,11643926,293,mRNA
29022,11643360,11643572,212,mRNA
29023,11641477,11643296,1819,mRNA
29024,11645410,11646229,819,mRNA
29025,11644848,11644964,116,mRNA
29026,11644681,11644764,83,mRNA
29027,11644485,11644579,94,mRNA
29028,11644239,11644416,177,mRNA
29029,11643991,11644179,188,mRNA
29030,11643633,11643926,293,mRNA
29031,11643360,11643572,212,mRNA
29032,11641477,11643296,1819,mRNA
29033,11651324,11651616,292,mRNA
29034,11650815,11651207,392,mRNA
29035,11644848,11644964,116,mRNA
29036,11644681,11644764,83,mRNA
29037,11644485,11644579,94,mRNA
29038,11644239,11644416,177,mRNA
29039,11643991,11644179,188,mRNA
29040,11643633,11643926,293,mRNA
29041,11643360,11643572,212,mRNA
29042,11642268,11643296,1028,mRNA
29043,11651324,11651616,292,mRNA
29044,11650815,11651207,392,mRNA
29045,11644848,11644964,116,mRNA
29046,11644681,11644764,83,mRNA
29047,11644485,11644579,94,mRNA
29048,11644239,11644416,177,mRNA
29049,11643991,11644179,188,mRNA
29050,11643633,11643926,293,mRNA
29051,11643360,11643572,212,mRNA
29052,11642268,11643296,1028,mRNA
29053,11651324,11651616,292,mRNA
29054,11650815,11651224,409,mRNA
29055,11644848,11644964,116,mRNA
29056,11644681,11644764,83,mRNA
29057,11644485,11644579,94,mRNA
29058,11644239,11644416,177,mRNA
29059,11643991,11644179,188,mRNA
29060,11643633,11643926,293,mRNA
29061,11643360,11643572,212,mRNA
29062,11642268,11643296,1028,mRNA
29063,11648346,11648514,168,mRNA
29064,11644848,11644964,116,mRNA
29065,11644681,11644764,83,mRNA
29066,11644485,11644579,94,mRNA
29067,11644239,11644416,177,mRNA
29068,11643991,11644179,188,mRNA
29069,11643633,11643926,293,mRNA
29070,11643360,11643572,212,mRNA
29071,11642268,11643296,1028,mRNA
29072,11645410,11645913,503,mRNA
29073,11644848,11644964,116,mRNA
29074,11644681,11644764,83,mRNA
29075,11644485,11644579,94,mRNA
29076,11644239,11644416,177,mRNA
29077,11643991,11644179,188,mRNA
29078,11643633,11643926,293,mRNA
29079,11643360,11643572,212,mRNA
29080,11642268,11643296,1028,mRNA
29081,11650815,11650850,35,CDS
29082,11644848,11644964,116,CDS
29083,11644681,11644764,83,CDS
29084,11644485,11644579,94,CDS
29085,11644239,11644416,177,CDS
29086,11643991,11644179,188,CDS
29087,11643633,11643926,293,CDS
29088,11643360,11643572,212,CDS
29089,11643009,11643296,287,CDS
29090,11650815,11650850,35,CDS
29091,11644848,11644964,116,CDS
29092,11644681,11644764,83,CDS
29093,11644485,11644579,94,CDS
29094,11644239,11644416,177,CDS
29095,11643991,11644179,188,CDS
29096,11643633,11643926,293,CDS
29097,11643360,11643572,212,CDS
29098,11643135,11643296,161,CDS
29099,11650815,11650850,35,CDS
29100,11644848,11644964,116,CDS
29101,11644681,11644764,83,CDS
29102,11644485,11644579,94,CDS
29103,11644239,11644416,177,CDS
29104,11643991,11644179,188,CDS
29105,11643633,11643926,293,CDS
29106,11643360,11643572,212,CDS
29107,11643189,11643296,107,CDS
29108,11650815,11650850,35,CDS
29109,11644848,11644964,116,CDS
29110,11644681,11644764,83,CDS
29111,11644485,11644579,94,CDS
29112,11644239,11644416,177,CDS
29113,11643991,11644179,188,CDS
29114,11643633,11643926,293,CDS
29115,11643360,11643572,212,CDS
29116,11643189,11643296,107,CDS
29117,11648346,11648348,2,CDS
29118,11644848,11644964,116,CDS
29119,11644681,11644764,83,CDS
29120,11644485,11644579,94,CDS
29121,11644239,11644416,177,CDS
29122,11643991,11644179,188,CDS
29123,11643633,11643926,293,CDS
29124,11643360,11643572,212,CDS
29125,11643189,11643296,107,CDS
29126,11645410,11646087,677,CDS
29127,11644848,11644964,116,CDS
29128,11644681,11644764,83,CDS
29129,11644485,11644579,94,CDS
29130,11644239,11644416,177,CDS
29131,11643991,11644179,188,CDS
29132,11643633,11643926,293,CDS
29133,11643360,11643572,212,CDS
29134,11643189,11643296,107,CDS
29135,11645410,11645526,116,CDS
29136,11644848,11644964,116,CDS
29137,11644681,11644764,83,CDS
29138,11644485,11644579,94,CDS
29139,11644239,11644416,177,CDS
29140,11643991,11644179,188,CDS
29141,11643633,11643926,293,CDS
29142,11643360,11643572,212,CDS
29143,11643189,11643296,107,CDS
29144,11651857,11652339,482,gene
29145,11651857,11652071,214,mRNA
29146,11652140,11652339,199,mRNA
29147,11651942,11652071,129,CDS
29148,11652140,11652276,136,CDS
29149,11652367,11652439,72,gene
29150,11652367,11652439,72,tRNA
29151,11652649,11652721,72,gene
29152,11652649,11652721,72,tRNA
29153,11652756,11679354,26598,gene
29154,11679270,11679354,84,mRNA
29155,11678798,11678893,95,mRNA
29156,11678206,11678454,248,mRNA
29157,11652756,11653083,327,mRNA
29158,11679270,11679354,84,mRNA
29159,11678206,11678454,248,mRNA
29160,11652834,11653083,249,mRNA
29161,11678206,11678365,159,CDS
29162,11652902,11653083,181,CDS
29163,11678206,11678365,159,CDS
29164,11652902,11653083,181,CDS
29165,11654898,11655762,864,gene
29166,11654898,11654957,59,mRNA
29167,11655016,11655351,335,mRNA
29168,11655616,11655762,146,mRNA
29169,11654898,11654957,59,CDS
29170,11655016,11655351,335,CDS
29171,11655616,11655762,146,CDS
29172,11660563,11660635,72,gene
29173,11660563,11660635,72,tRNA
29174,11665768,11674782,9014,gene
29175,11665768,11665817,49,mRNA
29176,11668422,11668680,258,mRNA
29177,11669267,11670201,934,mRNA
29178,11671030,11671180,150,mRNA
29179,11672717,11672842,125,mRNA
29180,11673045,11673830,785,mRNA
29181,11673890,11674175,285,mRNA
29182,11674244,11674782,538,mRNA
29183,11668579,11668680,101,CDS
29184,11669267,11670201,934,CDS
29185,11671030,11671180,150,CDS
29186,11672717,11672842,125,CDS
29187,11673045,11673830,785,CDS
29188,11673890,11674175,285,CDS
29189,11674244,11674431,187,CDS
29190,11672056,11672298,242,mRNA
29191,11672717,11672842,125,mRNA
29192,11673045,11673830,785,mRNA
29193,11673890,11674175,285,mRNA
29194,11674244,11674782,538,mRNA
29195,11672215,11672298,83,CDS
29196,11672717,11672842,125,CDS
29197,11673045,11673830,785,CDS
29198,11673890,11674175,285,CDS
29199,11674244,11674431,187,CDS
29200,11672328,11672589,261,mobile_element
29201,11675935,11678014,2079,gene
29202,11675935,11676130,195,mRNA
29203,11676212,11676337,125,mRNA
29204,11676526,11677311,785,mRNA
29205,11677368,11677653,285,mRNA
29206,11677714,11678014,300,mRNA
29207,11676047,11676130,83,CDS
29208,11676212,11676337,125,CDS
29209,11676526,11677311,785,CDS
29210,11677368,11677653,285,CDS
29211,11677714,11677898,184,CDS
29212,11678928,11678977,49,mobile_element
29213,11679492,11688557,9065,gene
29214,11679492,11679586,94,mRNA
29215,11687418,11687736,318,mRNA
29216,11687813,11687959,146,mRNA
29217,11688020,11688328,308,mRNA
29218,11688390,11688557,167,mRNA
29219,11684165,11686434,2269,gene
29220,11686059,11686434,375,mRNA
29221,11685340,11685942,602,mRNA
29222,11685107,11685279,172,mRNA
29223,11684165,11685045,880,mRNA
29224,11686059,11686414,355,CDS
29225,11685340,11685942,602,CDS
29226,11685107,11685279,172,CDS
29227,11684510,11685045,535,CDS
29228,11687461,11687736,275,CDS
29229,11687813,11687959,146,CDS
29230,11688020,11688328,308,CDS
29231,11688390,11688557,167,CDS
29232,11688569,11690863,2294,gene
29233,11690813,11690863,50,mRNA
29234,11690678,11690744,66,mRNA
29235,11690446,11690586,140,mRNA
29236,11688569,11689888,1319,mRNA
29237,11690813,11690863,50,mRNA
29238,11690678,11690744,66,mRNA
29239,11690446,11690586,140,mRNA
29240,11688936,11689888,952,mRNA
29241,11690678,11690719,41,CDS
29242,11690446,11690586,140,CDS
29243,11689079,11689888,809,CDS
29244,11690678,11690719,41,CDS
29245,11690446,11690586,140,CDS
29246,11689079,11689888,809,CDS
29247,11691285,11697785,6500,gene
29248,11691285,11691412,127,mRNA
29249,11691500,11691575,75,mRNA
29250,11691968,11692167,199,mRNA
29251,11692499,11692545,46,mRNA
29252,11694474,11694581,107,mRNA
29253,11694655,11694840,185,mRNA
29254,11694918,11697785,2867,mRNA
29255,11691285,11691412,127,mRNA
29256,11691500,11691575,75,mRNA
29257,11691968,11692167,199,mRNA
29258,11692499,11692545,46,mRNA
29259,11694474,11694581,107,mRNA
29260,11694655,11694840,185,mRNA
29261,11694918,11695446,528,mRNA
29262,11691390,11691412,22,CDS
29263,11691500,11691575,75,CDS
29264,11691968,11692167,199,CDS
29265,11692499,11692545,46,CDS
29266,11694474,11694581,107,CDS
29267,11694655,11694840,185,CDS
29268,11694918,11695309,391,CDS
29269,11691390,11691412,22,CDS
29270,11691500,11691575,75,CDS
29271,11691968,11692167,199,CDS
29272,11692499,11692545,46,CDS
29273,11694474,11694581,107,CDS
29274,11694655,11694840,185,CDS
29275,11694918,11695309,391,CDS
29276,11699092,11700317,1225,gene
29277,11699092,11700317,1225,exon
29278,11700647,11702449,1802,gene
29279,11700647,11702449,1802,mRNA
29280,11700647,11702449,1802,CDS
29281,11704755,11706222,1467,gene
29282,11706036,11706222,186,ncRNA
29283,11704755,11705721,966,ncRNA
29284,11712263,11726345,14082,gene
29285,11712263,11713130,867,mRNA
29286,11721023,11721068,45,mRNA
29287,11722642,11722774,132,mRNA
29288,11723912,11724027,115,mRNA
29289,11724297,11726345,2048,mRNA
29290,11713129,11713130,1,CDS
29291,11721023,11721068,45,CDS
29292,11722642,11722774,132,CDS
29293,11723912,11724027,115,CDS
29294,11724297,11726300,2003,CDS
29295,11756817,11814424,57607,gene
29296,11756817,11759501,2684,mRNA
29297,11770537,11770582,45,mRNA
29298,11793228,11793351,123,mRNA
29299,11807945,11808063,118,mRNA
29300,11809901,11814424,4523,mRNA
29301,11768453,11769561,1108,gene
29302,11768453,11768546,93,mRNA
29303,11769027,11769340,313,mRNA
29304,11769400,11769561,161,mRNA
29305,11768453,11768546,93,CDS
29306,11769027,11769340,313,CDS
29307,11769400,11769561,161,CDS
29308,11770580,11770582,2,CDS
29309,11793228,11793351,123,CDS
29310,11807945,11808063,118,CDS
29311,11809901,11811868,1967,CDS
29312,11778526,11779235,709,gene
29313,11778526,11778840,314,mRNA
29314,11778905,11779007,102,mRNA
29315,11779064,11779235,171,mRNA
29316,11778592,11778840,248,CDS
29317,11778905,11779007,102,CDS
29318,11779064,11779176,112,CDS
29319,11787808,11789493,1685,gene
29320,11787808,11789493,1685,mRNA
29321,11787808,11789493,1685,CDS
29322,11790366,11790934,568,mRNA
29323,11793228,11793351,123,mRNA
29324,11807945,11808063,118,mRNA
29325,11809901,11812015,2114,mRNA
29326,11790899,11790934,35,CDS
29327,11793228,11793351,123,CDS
29328,11807945,11808063,118,CDS
29329,11809901,11811868,1967,CDS
29330,11825345,11827097,1752,gene
29331,11825345,11825553,208,mRNA
29332,11825901,11826414,513,mRNA
29333,11826478,11827097,619,mRNA
29334,11825416,11825553,137,CDS
29335,11825901,11826414,513,CDS
29336,11826478,11826797,319,CDS
29337,11827170,11839825,12655,gene
29338,11839272,11839825,553,mRNA
29339,11837896,11838038,142,mRNA
29340,11829968,11830436,468,mRNA
29341,11827170,11829107,1937,mRNA
29342,11839272,11839544,272,mRNA
29343,11837896,11838038,142,mRNA
29344,11829968,11830436,468,mRNA
29345,11827170,11829107,1937,mRNA
29346,11839272,11839353,81,CDS
29347,11837896,11838038,142,CDS
29348,11829968,11830436,468,CDS
29349,11827360,11829107,1747,CDS
29350,11839272,11839353,81,CDS
29351,11837896,11838038,142,CDS
29352,11829968,11830436,468,CDS
29353,11827360,11829107,1747,CDS
29354,11841608,11842164,556,gene
29355,11841608,11841762,154,mRNA
29356,11841846,11842164,318,mRNA
29357,11841724,11841762,38,CDS
29358,11841846,11842079,233,CDS
29359,11842103,11844240,2137,gene
29360,11843879,11844240,361,mRNA
29361,11843390,11843827,437,mRNA
29362,11842103,11843322,1219,mRNA
29363,11843879,11843953,74,CDS
29364,11843390,11843827,437,CDS
29365,11842309,11843322,1013,CDS
29366,11844378,11845099,721,gene
29367,11844378,11845099,721,gene
29368,11844378,11844666,288,mRNA
29369,11844725,11845099,374,mRNA
29370,11844819,11845099,280,ncRNA
29371,11844378,11844672,294,ncRNA
29372,11844514,11844666,152,CDS
29373,11844725,11844916,191,CDS
29374,11845324,11852324,7000,gene
29375,11845324,11846110,786,mRNA
29376,11848897,11849863,966,mRNA
29377,11849965,11850417,452,mRNA
29378,11850477,11851082,605,mRNA
29379,11851159,11851285,126,mRNA
29380,11851347,11852324,977,mRNA
29381,11846078,11846110,32,CDS
29382,11848897,11849863,966,CDS
29383,11849965,11850417,452,CDS
29384,11850477,11851082,605,CDS
29385,11851159,11851285,126,CDS
29386,11851347,11851728,381,CDS
29387,11852617,11861202,8585,gene
29388,11852617,11852906,289,mRNA
29389,11853348,11859483,6135,mRNA
29390,11859540,11859871,331,mRNA
29391,11859930,11860063,133,mRNA
29392,11860315,11861202,887,mRNA
29393,11852617,11852906,289,mRNA
29394,11853348,11859483,6135,mRNA
29395,11859540,11859871,331,mRNA
29396,11859930,11860063,133,mRNA
29397,11860315,11860853,538,mRNA
29398,11852756,11852906,150,CDS
29399,11853348,11859483,6135,CDS
29400,11859540,11859871,331,CDS
29401,11859930,11860063,133,CDS
29402,11860315,11860602,287,CDS
29403,11852756,11852906,150,CDS
29404,11853348,11859483,6135,CDS
29405,11859540,11859871,331,CDS
29406,11859930,11860063,133,CDS
29407,11860315,11860602,287,CDS
29408,11861310,11862015,705,gene
29409,11861310,11861465,155,mRNA
29410,11861516,11861601,85,mRNA
29411,11861656,11861788,132,mRNA
29412,11861845,11862015,170,mRNA
29413,11861357,11861465,108,CDS
29414,11861516,11861601,85,CDS
29415,11861656,11861788,132,CDS
29416,11861845,11861906,61,CDS
29417,11862537,11863252,715,gene
29418,11862537,11863252,715,mRNA
29419,11862619,11863215,596,CDS
29420,11864112,11866383,2271,gene
29421,11866322,11866383,61,mRNA
29422,11866214,11866255,41,mRNA
29423,11865956,11866163,207,mRNA
29424,11865500,11865905,405,mRNA
29425,11864112,11865421,1309,mRNA
29426,11864161,11864941,780,gene
29427,11864161,11864306,145,mRNA
29428,11864372,11864454,82,mRNA
29429,11864519,11864657,138,mRNA
29430,11864710,11864941,231,mRNA
29431,11864161,11864306,145,mRNA
29432,11864372,11864454,82,mRNA
29433,11864557,11864657,100,mRNA
29434,11864710,11864941,231,mRNA
29435,11864204,11864306,102,CDS
29436,11864372,11864454,82,CDS
29437,11864519,11864657,138,CDS
29438,11864710,11864789,79,CDS
29439,11864204,11864306,102,CDS
29440,11864372,11864454,82,CDS
29441,11864557,11864607,50,CDS
29442,11866322,11866383,61,mRNA
29443,11866214,11866255,41,mRNA
29444,11865956,11866163,207,mRNA
29445,11865500,11865905,405,mRNA
29446,11865176,11865421,245,mRNA
29447,11866322,11866354,32,CDS
29448,11866214,11866255,41,CDS
29449,11865956,11866163,207,CDS
29450,11865500,11865905,405,CDS
29451,11865343,11865421,78,CDS
29452,11866322,11866354,32,CDS
29453,11866214,11866255,41,CDS
29454,11865956,11866163,207,CDS
29455,11865500,11865905,405,CDS
29456,11865343,11865421,78,CDS
29457,11866943,11867579,636,gene
29458,11866943,11867186,243,exon
29459,11867240,11867383,143,exon
29460,11867459,11867579,120,exon
29461,11867876,11885585,17709,gene
29462,11885330,11885585,255,mRNA
29463,11885053,11885273,220,mRNA
29464,11884028,11884994,966,mRNA
29465,11883793,11883956,163,mRNA
29466,11878557,11883735,5178,mRNA
29467,11878335,11878494,159,mRNA
29468,11876464,11878280,1816,mRNA
29469,11870009,11876398,6389,mRNA
29470,11869819,11869945,126,mRNA
29471,11869286,11869757,471,mRNA
29472,11869118,11869223,105,mRNA
29473,11868376,11869059,683,mRNA
29474,11867876,11868320,444,mRNA
29475,11885330,11885446,116,CDS
29476,11885053,11885273,220,CDS
29477,11884028,11884994,966,CDS
29478,11883793,11883956,163,CDS
29479,11878557,11883735,5178,CDS
29480,11878335,11878494,159,CDS
29481,11876464,11878280,1816,CDS
29482,11870009,11876398,6389,CDS
29483,11869819,11869945,126,CDS
29484,11869286,11869757,471,CDS
29485,11869118,11869223,105,CDS
29486,11868376,11869059,683,CDS
29487,11868144,11868320,176,CDS
29488,11886067,11887603,1536,gene
29489,11886067,11886648,581,mRNA
29490,11886712,11886850,138,mRNA
29491,11886920,11887133,213,mRNA
29492,11887244,11887603,359,mRNA
29493,11886111,11886648,537,CDS
29494,11886712,11886850,138,CDS
29495,11886920,11887133,213,CDS
29496,11887244,11887507,263,CDS
29497,11887568,11890979,3411,gene
29498,11890671,11890979,308,mRNA
29499,11888949,11889389,440,mRNA
29500,11888575,11888688,113,mRNA
29501,11887568,11888510,942,mRNA
29502,11890671,11890819,148,CDS
29503,11888949,11889389,440,CDS
29504,11888575,11888688,113,CDS
29505,11887745,11888510,765,CDS
29506,11891135,11895762,4627,gene
29507,11891135,11891244,109,mRNA
29508,11893555,11895520,1965,mRNA
29509,11891396,11891465,69,mRNA
29510,11893555,11895762,2207,mRNA
29511,11892122,11892184,62,mRNA
29512,11893555,11895520,1965,mRNA
29513,11893123,11893195,72,gene
29514,11893123,11893195,72,ncRNA
29515,11893542,11895520,1978,mRNA
29516,11893575,11894966,1391,CDS
29517,11893575,11894966,1391,CDS
29518,11893575,11894966,1391,CDS
29519,11893575,11894966,1391,CDS
29520,11895997,11903918,7921,gene
29521,11903581,11903918,337,mRNA
29522,11903165,11903411,246,mRNA
29523,11902619,11902840,221,mRNA
29524,11902358,11902550,192,mRNA
29525,11898919,11899062,143,mRNA
29526,11898547,11898638,91,mRNA
29527,11897109,11898477,1368,mRNA
29528,11896596,11896814,218,mRNA
29529,11895997,11896532,535,mRNA
29530,11903165,11903538,373,mRNA
29531,11902619,11902840,221,mRNA
29532,11902358,11902550,192,mRNA
29533,11898919,11899062,143,mRNA
29534,11898547,11898638,91,mRNA
29535,11897109,11898477,1368,mRNA
29536,11896596,11896814,218,mRNA
29537,11895997,11896532,535,mRNA
29538,11903581,11903773,192,CDS
29539,11903165,11903411,246,CDS
29540,11902619,11902840,221,CDS
29541,11902358,11902550,192,CDS
29542,11898919,11899062,143,CDS
29543,11898547,11898638,91,CDS
29544,11897109,11898477,1368,CDS
29545,11896596,11896814,218,CDS
29546,11896125,11896532,407,CDS
29547,11903165,11903463,298,CDS
29548,11902619,11902840,221,CDS
29549,11902358,11902550,192,CDS
29550,11898919,11899062,143,CDS
29551,11898547,11898638,91,CDS
29552,11897109,11898477,1368,CDS
29553,11896596,11896814,218,CDS
29554,11896125,11896532,407,CDS
29555,11903581,11903918,337,mRNA
29556,11903165,11903411,246,mRNA
29557,11902619,11902840,221,mRNA
29558,11902358,11902550,192,mRNA
29559,11898919,11899062,143,mRNA
29560,11898547,11898638,91,mRNA
29561,11896842,11898477,1635,mRNA
29562,11903165,11903538,373,mRNA
29563,11902619,11902840,221,mRNA
29564,11902358,11902550,192,mRNA
29565,11898919,11899062,143,mRNA
29566,11898547,11898638,91,mRNA
29567,11896842,11898477,1635,mRNA
29568,11903581,11903773,192,CDS
29569,11903165,11903411,246,CDS
29570,11902619,11902840,221,CDS
29571,11902358,11902550,192,CDS
29572,11898919,11899062,143,CDS
29573,11898547,11898638,91,CDS
29574,11897088,11898477,1389,CDS
29575,11903165,11903463,298,CDS
29576,11902619,11902840,221,CDS
29577,11902358,11902550,192,CDS
29578,11898919,11899062,143,CDS
29579,11898547,11898638,91,CDS
29580,11897088,11898477,1389,CDS
29581,11899517,11901394,1877,gene
29582,11899517,11901394,1877,mRNA
29583,11899962,11900987,1025,CDS
29584,11904323,11912779,8456,gene
29585,11912413,11912779,366,mRNA
29586,11906340,11906478,138,mRNA
29587,11906109,11906266,157,mRNA
29588,11905395,11906046,651,mRNA
29589,11904906,11905278,372,mRNA
29590,11904323,11904844,521,mRNA
29591,11906340,11906447,107,CDS
29592,11906109,11906266,157,CDS
29593,11905395,11906046,651,CDS
29594,11904906,11905278,372,CDS
29595,11904840,11904844,4,CDS
29596,11917875,11919096,1221,gene
29597,11917875,11919096,1221,ncRNA
29598,11929244,11929796,552,gene
29599,11929244,11929796,552,ncRNA
29600,11939557,11967435,27878,gene
29601,11939557,11940234,677,mRNA
29602,11950045,11950189,144,mRNA
29603,11955585,11955742,157,mRNA
29604,11961683,11961755,72,mRNA
29605,11962103,11962270,167,mRNA
29606,11962377,11962575,198,mRNA
29607,11962674,11962981,307,mRNA
29608,11964002,11964086,84,mRNA
29609,11964232,11966245,2013,mRNA
29610,11966732,11967435,703,mRNA
29611,11939557,11940234,677,mRNA
29612,11950045,11950189,144,mRNA
29613,11955585,11955742,157,mRNA
29614,11961683,11961755,72,mRNA
29615,11962103,11962270,167,mRNA
29616,11962377,11962575,198,mRNA
29617,11962674,11962981,307,mRNA
29618,11964002,11964086,84,mRNA
29619,11964232,11964555,323,mRNA
29620,11966732,11967435,703,mRNA
29621,11950073,11950189,116,CDS
29622,11955585,11955742,157,CDS
29623,11961683,11961755,72,CDS
29624,11962103,11962270,167,CDS
29625,11962377,11962575,198,CDS
29626,11962674,11962981,307,CDS
29627,11964002,11964086,84,CDS
29628,11964232,11964555,323,CDS
29629,11966732,11966841,109,CDS
29630,11950073,11950189,116,CDS
29631,11955585,11955742,157,CDS
29632,11961683,11961755,72,CDS
29633,11962103,11962270,167,CDS
29634,11962377,11962575,198,CDS
29635,11962674,11962981,307,CDS
29636,11964002,11964086,84,CDS
29637,11964232,11966201,1969,CDS
29638,11967343,11970115,2772,gene
29639,11970026,11970115,89,mRNA
29640,11968284,11968479,195,mRNA
29641,11967837,11968231,394,mRNA
29642,11967343,11967779,436,mRNA
29643,11968740,11968850,110,mRNA
29644,11968284,11968479,195,mRNA
29645,11967837,11968231,394,mRNA
29646,11967343,11967779,436,mRNA
29647,11968740,11968850,110,mRNA
29648,11968284,11968512,228,mRNA
29649,11967837,11968231,394,mRNA
29650,11967343,11967779,436,mRNA
29651,11968547,11968654,107,mRNA
29652,11968284,11968479,195,mRNA
29653,11967837,11968231,394,mRNA
29654,11967343,11967779,436,mRNA
29655,11968284,11968654,370,mRNA
29656,11967837,11968231,394,mRNA
29657,11967343,11967779,436,mRNA
29658,11968284,11968451,167,CDS
29659,11967837,11968231,394,CDS
29660,11967530,11967779,249,CDS
29661,11968284,11968451,167,CDS
29662,11967837,11968231,394,CDS
29663,11967530,11967779,249,CDS
29664,11968284,11968451,167,CDS
29665,11967837,11968231,394,CDS
29666,11967530,11967779,249,CDS
29667,11968284,11968451,167,CDS
29668,11967837,11968231,394,CDS
29669,11967530,11967779,249,CDS
29670,11968284,11968451,167,CDS
29671,11967837,11968231,394,CDS
29672,11967530,11967779,249,CDS
29673,11970686,11977721,7035,gene
29674,11970686,11971075,389,mRNA
29675,11971138,11971606,468,mRNA
29676,11971725,11973040,1315,mRNA
29677,11975356,11977721,2365,mRNA
29678,11970686,11971075,389,mRNA
29679,11971138,11971606,468,mRNA
29680,11971725,11973040,1315,mRNA
29681,11973558,11974508,950,mRNA
29682,11974591,11975268,677,mRNA
29683,11970686,11971075,389,mRNA
29684,11971138,11971606,468,mRNA
29685,11971725,11972148,423,mRNA
29686,11972587,11973040,453,mRNA
29687,11973558,11974508,950,mRNA
29688,11974591,11975268,677,mRNA
29689,11970982,11971075,93,CDS
29690,11971138,11971606,468,CDS
29691,11971725,11973040,1315,CDS
29692,11975356,11977076,1720,CDS
29693,11970982,11971075,93,CDS
29694,11971138,11971606,468,CDS
29695,11971725,11973040,1315,CDS
29696,11973558,11974508,950,CDS
29697,11974591,11975138,547,CDS
29698,11970982,11971075,93,CDS
29699,11971138,11971606,468,CDS
29700,11971725,11972148,423,CDS
29701,11972587,11973040,453,CDS
29702,11973558,11974508,950,CDS
29703,11974591,11975138,547,CDS
29704,11977536,11979018,1482,gene
29705,11978886,11979018,132,mRNA
29706,11977536,11978830,1294,mRNA
29707,11978886,11978949,63,CDS
29708,11977728,11978830,1102,CDS
29709,11979094,11980538,1444,gene
29710,11980332,11980538,206,mRNA
29711,11979094,11980273,1179,mRNA
29712,11980332,11980485,153,CDS
29713,11979165,11980273,1108,CDS
29714,11980577,11982956,2379,gene
29715,11982436,11982956,520,mRNA
29716,11981824,11982371,547,mRNA
29717,11980577,11981756,1179,mRNA
29718,11982436,11982956,520,mRNA
29719,11980577,11982371,1794,mRNA
29720,11982436,11982724,288,CDS
29721,11981260,11982371,1111,CDS
29722,11982436,11982724,288,CDS
29723,11981824,11982371,547,CDS
29724,11981730,11981756,26,CDS
29725,11983145,11985393,2248,gene
29726,11985216,11985393,177,mRNA
29727,11984819,11985067,248,mRNA
29728,11983145,11984310,1165,mRNA
29729,11985216,11985266,50,CDS
29730,11984819,11985067,248,CDS
29731,11983429,11984310,881,CDS
29732,11986008,11987653,1645,gene
29733,11986008,11986163,155,mRNA
29734,11986263,11986407,144,mRNA
29735,11986461,11987653,1192,mRNA
29736,11986071,11986163,92,CDS
29737,11986263,11986407,144,CDS
29738,11986461,11986714,253,CDS
29739,11986513,11988787,2274,gene
29740,11988623,11988787,164,mRNA
29741,11988362,11988563,201,mRNA
29742,11988002,11988296,294,mRNA
29743,11987281,11987501,220,mRNA
29744,11987027,11987226,199,mRNA
29745,11986513,11986962,449,mRNA
29746,11988623,11988787,164,mRNA
29747,11988362,11988563,201,mRNA
29748,11988002,11988296,294,mRNA
29749,11987281,11987501,220,mRNA
29750,11987027,11987226,199,mRNA
29751,11986718,11986962,244,mRNA
29752,11988623,11988669,46,CDS
29753,11988362,11988563,201,CDS
29754,11988002,11988296,294,CDS
29755,11987281,11987501,220,CDS
29756,11987027,11987226,199,CDS
29757,11986872,11986962,90,CDS
29758,11988623,11988669,46,CDS
29759,11988362,11988563,201,CDS
29760,11988002,11988296,294,CDS
29761,11987281,11987501,220,CDS
29762,11987027,11987226,199,CDS
29763,11986872,11986962,90,CDS
29764,11989131,11992350,3219,gene
29765,11989131,11989327,196,mRNA
29766,11989382,11989510,128,mRNA
29767,11989567,11990932,1365,mRNA
29768,11991065,11992350,1285,mRNA
29769,11989131,11989327,196,mRNA
29770,11989382,11989510,128,mRNA
29771,11989567,11990932,1365,mRNA
29772,11991065,11991441,376,mRNA
29773,11989250,11989327,77,CDS
29774,11989382,11989510,128,CDS
29775,11989567,11990932,1365,CDS
29776,11991065,11991282,217,CDS
29777,11989250,11989327,77,CDS
29778,11989382,11989510,128,CDS
29779,11989567,11990932,1365,CDS
29780,11991065,11991282,217,CDS
29781,11992565,11996095,3530,gene
29782,11992565,11996095,3530,ncRNA
29783,11994636,11994728,92,mobile_element
29784,11994995,11996194,1199,gene
29785,11994995,11996194,1199,ncRNA
29786,11994995,11996095,1100,ncRNA
29787,12001473,12019846,18373,gene
29788,12018878,12019846,968,mRNA
29789,12013990,12014124,134,mRNA
29790,12013759,12013920,161,mRNA
29791,12005189,12006078,889,mRNA
29792,12002785,12004217,1432,mRNA
29793,12002387,12002723,336,mRNA
29794,12001473,12002217,744,mRNA
29795,12018878,12019846,968,mRNA
29796,12013990,12014124,134,mRNA
29797,12013759,12013920,161,mRNA
29798,12005189,12006078,889,mRNA
29799,12002785,12004217,1432,mRNA
29800,12002387,12002723,336,mRNA
29801,12001473,12002315,842,mRNA
29802,12018878,12018929,51,CDS
29803,12013990,12014124,134,CDS
29804,12013759,12013920,161,CDS
29805,12005189,12006078,889,CDS
29806,12002785,12004217,1432,CDS
29807,12002387,12002723,336,CDS
29808,12002125,12002217,92,CDS
29809,12018878,12018929,51,CDS
29810,12013990,12014124,134,CDS
29811,12013759,12013920,161,CDS
29812,12005189,12006078,889,CDS
29813,12002785,12004217,1432,CDS
29814,12002387,12002723,336,CDS
29815,12002265,12002315,50,CDS
29816,12015095,12015895,800,gene
29817,12015095,12015895,800,ncRNA
29818,12023146,12025272,2126,gene
29819,12024816,12025272,456,mRNA
29820,12024251,12024744,493,mRNA
29821,12023146,12024162,1016,mRNA
29822,12024816,12024888,72,CDS
29823,12024251,12024744,493,CDS
29824,12023428,12024162,734,CDS
29825,12025614,12027707,2093,gene
29826,12027223,12027707,484,mRNA
29827,12027042,12027151,109,mRNA
29828,12026723,12026985,262,mRNA
29829,12026092,12026572,480,mRNA
29830,12025614,12026031,417,mRNA
29831,12027223,12027707,484,mRNA
29832,12027042,12027151,109,mRNA
29833,12026723,12026985,262,mRNA
29834,12026092,12026599,507,mRNA
29835,12025614,12026031,417,mRNA
29836,12027223,12027707,484,mRNA
29837,12027042,12027157,115,mRNA
29838,12026723,12026985,262,mRNA
29839,12026092,12026572,480,mRNA
29840,12025614,12026031,417,mRNA
29841,12027223,12027707,484,mRNA
29842,12027042,12027157,115,mRNA
29843,12026723,12026985,262,mRNA
29844,12026092,12026599,507,mRNA
29845,12025614,12026031,417,mRNA
29846,12027223,12027248,25,CDS
29847,12027042,12027151,109,CDS
29848,12026723,12026985,262,CDS
29849,12026092,12026572,480,CDS
29850,12025844,12026031,187,CDS
29851,12027223,12027248,25,CDS
29852,12027042,12027151,109,CDS
29853,12026723,12026985,262,CDS
29854,12026092,12026599,507,CDS
29855,12025844,12026031,187,CDS
29856,12027223,12027248,25,CDS
29857,12027042,12027157,115,CDS
29858,12026723,12026985,262,CDS
29859,12026092,12026572,480,CDS
29860,12025844,12026031,187,CDS
29861,12027223,12027248,25,CDS
29862,12027042,12027157,115,CDS
29863,12026723,12026985,262,CDS
29864,12026092,12026599,507,CDS
29865,12025844,12026031,187,CDS
29866,12027985,12033725,5740,gene
29867,12027985,12028232,247,mRNA
29868,12028295,12028655,360,mRNA
29869,12028717,12029102,385,mRNA
29870,12029166,12029373,207,mRNA
29871,12029432,12029600,168,mRNA
29872,12029664,12030405,741,mRNA
29873,12030470,12030733,263,mRNA
29874,12030791,12030884,93,mRNA
29875,12030947,12031792,845,mRNA
29876,12031858,12031994,136,mRNA
29877,12032056,12032135,79,mRNA
29878,12032197,12032462,265,mRNA
29879,12032535,12032825,290,mRNA
29880,12032889,12033725,836,mRNA
29881,12027985,12028232,247,mRNA
29882,12028553,12028655,102,mRNA
29883,12028717,12029102,385,mRNA
29884,12029166,12029373,207,mRNA
29885,12029432,12029600,168,mRNA
29886,12029664,12030405,741,mRNA
29887,12030470,12030733,263,mRNA
29888,12030791,12030884,93,mRNA
29889,12030947,12031792,845,mRNA
29890,12031858,12031994,136,mRNA
29891,12032056,12032135,79,mRNA
29892,12032197,12032462,265,mRNA
29893,12032535,12032825,290,mRNA
29894,12032889,12033725,836,mRNA
29895,12028575,12028655,80,CDS
29896,12028717,12029102,385,CDS
29897,12029166,12029373,207,CDS
29898,12029432,12029600,168,CDS
29899,12029664,12030405,741,CDS
29900,12030470,12030733,263,CDS
29901,12030791,12030884,93,CDS
29902,12030947,12031792,845,CDS
29903,12031858,12031994,136,CDS
29904,12032056,12032135,79,CDS
29905,12032197,12032462,265,CDS
29906,12032535,12032825,290,CDS
29907,12032889,12032981,92,CDS
29908,12028575,12028655,80,CDS
29909,12028717,12029102,385,CDS
29910,12029166,12029373,207,CDS
29911,12029432,12029600,168,CDS
29912,12029664,12030405,741,CDS
29913,12030470,12030733,263,CDS
29914,12030791,12030884,93,CDS
29915,12030947,12031792,845,CDS
29916,12031858,12031994,136,CDS
29917,12032056,12032135,79,CDS
29918,12032197,12032462,265,CDS
29919,12032535,12032825,290,CDS
29920,12032889,12032981,92,CDS
29921,12033946,12036260,2314,gene
29922,12033946,12034432,486,mRNA
29923,12035488,12035710,222,mRNA
29924,12035776,12036260,484,mRNA
29925,12034135,12034432,297,CDS
29926,12035488,12035710,222,CDS
29927,12035776,12035878,102,CDS
29928,12034211,12034432,221,mRNA
29929,12035488,12035710,222,mRNA
29930,12035776,12036260,484,mRNA
29931,12034432,12034432,0,CDS
29932,12035488,12035710,222,CDS
29933,12035776,12035878,102,CDS
29934,12035921,12037165,1244,gene
29935,12037153,12037165,12,mRNA
29936,12036677,12037087,410,mRNA
29937,12036439,12036567,128,mRNA
29938,12035921,12036383,462,mRNA
29939,12037153,12037165,12,CDS
29940,12036677,12037087,410,CDS
29941,12036439,12036567,128,CDS
29942,12036229,12036383,154,CDS
29943,12037298,12038851,1553,gene
29944,12037298,12037464,166,mRNA
29945,12037597,12037717,120,mRNA
29946,12037771,12038611,840,mRNA
29947,12038677,12038851,174,mRNA
29948,12037423,12037464,41,CDS
29949,12037597,12037717,120,CDS
29950,12037771,12038611,840,CDS
29951,12038677,12038779,102,CDS
29952,12039041,12042623,3582,gene
29953,12039041,12040001,960,mRNA
29954,12040053,12042623,2570,mRNA
29955,12039119,12040001,882,CDS
29956,12040053,12042583,2530,CDS
29957,12044612,12050172,5560,gene
29958,12044612,12044908,296,mRNA
29959,12047976,12048191,215,mRNA
29960,12048475,12048746,271,mRNA
29961,12048805,12050172,1367,mRNA
29962,12044612,12044908,296,mRNA
29963,12047976,12048191,215,mRNA
29964,12048475,12048746,271,mRNA
29965,12048805,12050172,1367,mRNA
29966,12044864,12044908,44,CDS
29967,12047976,12048191,215,CDS
29968,12048475,12048746,271,CDS
29969,12048805,12049192,387,CDS
29970,12044864,12044908,44,CDS
29971,12047976,12048191,215,CDS
29972,12048475,12048746,271,CDS
29973,12048805,12049165,360,CDS
29974,12050977,12051755,778,gene
29975,12051607,12051755,148,mRNA
29976,12050977,12051554,577,mRNA
29977,12051607,12051627,20,CDS
29978,12051132,12051554,422,CDS
29979,12052944,12056547,3603,gene
29980,12052944,12053343,399,mRNA
29981,12055969,12056547,578,mRNA
29982,12052944,12053343,399,mRNA
29983,12055974,12056547,573,mRNA
29984,12052944,12053343,399,mRNA
29985,12053573,12054596,1023,mRNA
29986,12052976,12053269,293,CDS
29987,12052976,12053269,293,CDS
29988,12052976,12053269,293,CDS
29989,12055089,12062866,7777,gene
29990,12055089,12055218,129,mRNA
29991,12055974,12056386,412,mRNA
29992,12061508,12061717,209,mRNA
29993,12061821,12062866,1045,mRNA
29994,12055089,12055218,129,mRNA
29995,12055969,12056386,417,mRNA
29996,12061508,12061717,209,mRNA
29997,12061821,12062620,799,mRNA
29998,12056021,12056386,365,CDS
29999,12061508,12061717,209,CDS
30000,12061821,12062045,224,CDS
30001,12056021,12056386,365,CDS
30002,12061508,12061717,209,CDS
30003,12061821,12062045,224,CDS
30004,12064565,12079543,14978,gene
30005,12079295,12079543,248,mRNA
30006,12077053,12077298,245,mRNA
30007,12066494,12066700,206,mRNA
30008,12066008,12066161,153,mRNA
30009,12065690,12065946,256,mRNA
30010,12065129,12065230,101,mRNA
30011,12064565,12065057,492,mRNA
30012,12079295,12079318,23,CDS
30013,12077053,12077298,245,CDS
30014,12066494,12066700,206,CDS
30015,12066008,12066161,153,CDS
30016,12065690,12065946,256,CDS
30017,12065129,12065230,101,CDS
30018,12064881,12065057,176,CDS
30019,12081276,12082057,781,gene
30020,12081276,12082057,781,mRNA
30021,12081318,12081749,431,CDS
30022,12085194,12119340,34146,gene
30023,12116599,12119340,2741,mRNA
30024,12092747,12092907,160,mRNA
30025,12085194,12092668,7474,mRNA
30026,12116599,12118853,2254,mRNA
30027,12092747,12092907,160,mRNA
30028,12090630,12092668,2038,mRNA
30029,12116599,12118060,1461,CDS
30030,12092747,12092907,160,CDS
30031,12092609,12092668,59,CDS
30032,12116599,12118060,1461,CDS
30033,12092747,12092907,160,CDS
30034,12092609,12092668,59,CDS
30035,12128266,12128312,46,mobile_element
30036,12138490,12138652,162,mobile_element
30037,12138695,12139324,629,gene
30038,12138695,12139324,629,mRNA
30039,12138787,12139235,448,mRNA
30040,12138858,12139157,299,CDS
30041,12138858,12139157,299,CDS
30042,12139295,12140229,934,gene
30043,12139985,12140229,244,mRNA
30044,12139295,12139926,631,mRNA
30045,12139439,12139924,485,CDS
30046,12140631,12143272,2641,gene
30047,12140631,12141214,583,mRNA
30048,12141271,12142394,1123,mRNA
30049,12142507,12143272,765,mRNA
30050,12140951,12141214,263,CDS
30051,12141271,12142394,1123,CDS
30052,12142507,12142840,333,CDS
30053,12143191,12144552,1361,gene
30054,12144371,12144552,181,mRNA
30055,12143191,12144194,1003,mRNA
30056,12144371,12144434,63,CDS
30057,12143350,12144194,844,CDS
30058,12145710,12152752,7042,gene
30059,12145710,12145981,271,mRNA
30060,12151363,12151532,169,mRNA
30061,12151622,12152752,1130,mRNA
30062,12145760,12145981,221,CDS
30063,12151363,12151532,169,CDS
30064,12151622,12152405,783,CDS
30065,12146024,12151057,5033,gene
30066,12150911,12151057,146,mRNA
30067,12149590,12150136,546,mRNA
30068,12149373,12149528,155,mRNA
30069,12147335,12149310,1975,mRNA
30070,12146024,12147196,1172,mRNA
30071,12150911,12151057,146,mRNA
30072,12149590,12150139,549,mRNA
30073,12149373,12149528,155,mRNA
30074,12147335,12149310,1975,mRNA
30075,12146024,12147196,1172,mRNA
30076,12150530,12150606,76,mRNA
30077,12149590,12150139,549,mRNA
30078,12149373,12149528,155,mRNA
30079,12147335,12149310,1975,mRNA
30080,12146581,12147196,615,mRNA
30081,12149590,12149977,387,CDS
30082,12149373,12149528,155,CDS
30083,12147335,12149310,1975,CDS
30084,12146702,12147196,494,CDS
30085,12149590,12149977,387,CDS
30086,12149373,12149528,155,CDS
30087,12147335,12149310,1975,CDS
30088,12146702,12147196,494,CDS
30089,12149590,12149977,387,CDS
30090,12149373,12149528,155,CDS
30091,12147335,12149310,1975,CDS
30092,12146702,12147196,494,CDS
30093,12153071,12154263,1192,gene
30094,12153071,12153221,150,mRNA
30095,12153444,12153578,134,mRNA
30096,12153645,12153728,83,mRNA
30097,12153906,12154263,357,mRNA
30098,12153409,12153578,169,mRNA
30099,12153645,12153728,83,mRNA
30100,12153906,12154263,357,mRNA
30101,12153513,12153578,65,CDS
30102,12153645,12153728,83,CDS
30103,12153906,12154070,164,CDS
30104,12153513,12153578,65,CDS
30105,12153645,12153728,83,CDS
30106,12153906,12154070,164,CDS
30107,12154258,12162998,8740,gene
30108,12162885,12162998,113,mRNA
30109,12162080,12162711,631,mRNA
30110,12161808,12162023,215,mRNA
30111,12161535,12161747,212,mRNA
30112,12161347,12161472,125,mRNA
30113,12160647,12161066,419,mRNA
30114,12160371,12160588,217,mRNA
30115,12159262,12160313,1051,mRNA
30116,12159007,12159199,192,mRNA
30117,12158210,12158783,573,mRNA
30118,12157993,12158143,150,mRNA
30119,12157755,12157931,176,mRNA
30120,12157385,12157676,291,mRNA
30121,12154258,12157321,3063,mRNA
30122,12162080,12162693,613,CDS
30123,12161808,12162023,215,CDS
30124,12161535,12161747,212,CDS
30125,12161347,12161472,125,CDS
30126,12160647,12161066,419,CDS
30127,12160371,12160588,217,CDS
30128,12159262,12160313,1051,CDS
30129,12159007,12159199,192,CDS
30130,12158210,12158783,573,CDS
30131,12157993,12158143,150,CDS
30132,12157755,12157931,176,CDS
30133,12157385,12157676,291,CDS
30134,12154377,12157321,2944,CDS
30135,12158872,12158970,98,gene
30136,12158872,12158970,98,precursor_RNA
30137,12158888,12158909,21,ncRNA
30138,12158924,12158945,21,ncRNA
30139,12161126,12161303,177,gene
30140,12161126,12161303,177,ncRNA
30141,12161126,12161288,162,ncRNA
30142,12163675,12164896,1221,gene
30143,12163675,12163800,125,mRNA
30144,12163862,12163921,59,mRNA
30145,12163984,12164896,912,mRNA
30146,12163675,12163800,125,mRNA
30147,12163862,12163921,59,mRNA
30148,12163984,12164436,452,mRNA
30149,12163792,12163800,8,CDS
30150,12163862,12163921,59,CDS
30151,12163984,12164187,203,CDS
30152,12163792,12163800,8,CDS
30153,12163862,12163921,59,CDS
30154,12163984,12164187,203,CDS
30155,12164909,12165812,903,gene
30156,12165623,12165812,189,mRNA
30157,12164909,12165493,584,mRNA
30158,12165623,12165739,116,mRNA
30159,12164909,12165493,584,mRNA
30160,12164909,12165739,830,mRNA
30161,12165623,12165634,11,CDS
30162,12165122,12165493,371,CDS
30163,12165623,12165634,11,CDS
30164,12165122,12165493,371,CDS
30165,12165122,12165511,389,CDS
30166,12166295,12174264,7969,gene
30167,12168423,12168488,65,mRNA
30168,12167994,12168203,209,mRNA
30169,12166295,12167927,1632,mRNA
30170,12174091,12174264,173,mRNA
30171,12167994,12168203,209,mRNA
30172,12166576,12167927,1351,mRNA
30173,12170924,12171285,361,mRNA
30174,12167994,12168203,209,mRNA
30175,12167029,12167927,898,mRNA
30176,12174091,12174116,25,CDS
30177,12168047,12168203,156,CDS
30178,12167994,12168045,51,CDS
30179,12167398,12167927,529,CDS
30180,12170924,12170997,73,CDS
30181,12168047,12168203,156,CDS
30182,12167994,12168045,51,CDS
30183,12167398,12167927,529,CDS
30184,12168423,12168430,7,CDS
30185,12168047,12168203,156,CDS
30186,12167994,12168045,51,CDS
30187,12167398,12167927,529,CDS
30188,12168731,12170003,1272,gene
30189,12168731,12169195,464,mRNA
30190,12169725,12170003,278,mRNA
30191,12168877,12169195,318,CDS
30192,12169725,12169861,136,CDS
30193,12169558,12171706,2148,gene
30194,12169558,12171706,2148,ncRNA
30195,12169558,12171312,1754,ncRNA
30196,12170153,12170244,91,gene
30197,12170153,12170244,91,precursor_RNA
30198,12170163,12170185,22,ncRNA
30199,12170209,12170230,21,ncRNA
30200,12170373,12170462,89,gene
30201,12170373,12170462,89,precursor_RNA
30202,12170383,12170405,22,ncRNA
30203,12170427,12170449,22,ncRNA
30204,12174802,12177516,2714,gene
30205,12174802,12175028,226,mRNA
30206,12175737,12176718,981,mRNA
30207,12176778,12177516,738,mRNA
30208,12174921,12175028,107,CDS
30209,12175737,12176718,981,CDS
30210,12176778,12177316,538,CDS
30211,12175096,12175128,32,mRNA
30212,12175737,12176718,981,mRNA
30213,12176778,12177516,738,mRNA
30214,12175111,12175128,17,CDS
30215,12175737,12176718,981,CDS
30216,12176778,12177316,538,CDS
30217,12177430,12178553,1123,gene
30218,12177430,12178553,1123,mRNA
30219,12177541,12178473,932,CDS
30220,12179014,12179745,731,gene
30221,12179014,12179745,731,ncRNA
30222,12179483,12179902,419,gene
30223,12179483,12179902,419,mRNA
30224,12179587,12179793,206,CDS
30225,12180493,12182373,1880,gene
30226,12180493,12180540,47,mRNA
30227,12180626,12182373,1747,mRNA
30228,12180623,12182373,1750,mRNA
30229,12180701,12182200,1499,CDS
30230,12180701,12182200,1499,CDS
30231,12182639,12185506,2867,gene
30232,12182639,12185506,2867,gene
30233,12182639,12183577,938,mRNA
30234,12183639,12183830,191,mRNA
30235,12184393,12185506,1113,mRNA
30236,12182639,12183577,938,mRNA
30237,12183639,12183830,191,mRNA
30238,12184393,12185506,1113,mRNA
30239,12182796,12183221,425,CDS
30240,12183234,12183577,343,CDS
30241,12183639,12183830,191,CDS
30242,12184393,12185307,914,CDS
30243,12183844,12184310,466,gene
30244,12183844,12184310,466,mRNA
30245,12183923,12184189,266,CDS
30246,12185667,12188431,2764,gene
30247,12185667,12185825,158,mRNA
30248,12186392,12186902,510,mRNA
30249,12186968,12187768,800,mRNA
30250,12187829,12188431,602,mRNA
30251,12185667,12185825,158,mRNA
30252,12186405,12186902,497,mRNA
30253,12186968,12187768,800,mRNA
30254,12187829,12188431,602,mRNA
30255,12186438,12186902,464,CDS
30256,12186968,12187768,800,CDS
30257,12187829,12188137,308,CDS
30258,12186438,12186902,464,CDS
30259,12186968,12187768,800,CDS
30260,12187829,12188137,308,CDS
30261,12188338,12190377,2039,gene
30262,12189091,12190377,1286,mRNA
30263,12188338,12189039,701,mRNA
30264,12189091,12190362,1271,CDS
30265,12188752,12189039,287,CDS
30266,12190682,12192436,1754,gene
30267,12190682,12191910,1228,mRNA
30268,12191972,12192436,464,mRNA
30269,12190687,12191910,1223,CDS
30270,12191972,12192253,281,CDS
30271,12192374,12198854,6480,gene
30272,12198803,12198854,51,mRNA
30273,12198547,12198677,130,mRNA
30274,12197560,12198440,880,mRNA
30275,12197019,12197504,485,mRNA
30276,12196490,12196956,466,mRNA
30277,12196074,12196436,362,mRNA
30278,12195370,12196008,638,mRNA
30279,12194073,12195304,1231,mRNA
30280,12192374,12194018,1644,mRNA
30281,12198803,12198830,27,CDS
30282,12198547,12198677,130,CDS
30283,12197560,12198440,880,CDS
30284,12197019,12197504,485,CDS
30285,12196490,12196956,466,CDS
30286,12196074,12196436,362,CDS
30287,12195370,12196008,638,CDS
30288,12194073,12195304,1231,CDS
30289,12192573,12194018,1445,CDS
30290,12199024,12200815,1791,gene
30291,12200775,12200815,40,mRNA
30292,12200116,12200241,125,mRNA
30293,12199834,12200039,205,mRNA
30294,12199313,12199589,276,mRNA
30295,12199024,12199111,87,mRNA
30296,12199183,12199273,90,gene
30297,12199183,12199273,90,ncRNA
30298,12200775,12200815,40,mRNA
30299,12200428,12200550,122,mRNA
30300,12199834,12200039,205,mRNA
30301,12199391,12199589,198,mRNA
30302,12200775,12200786,11,CDS
30303,12200116,12200241,125,CDS
30304,12199834,12200039,205,CDS
30305,12199466,12199589,123,CDS
30306,12200775,12200786,11,CDS
30307,12200428,12200550,122,CDS
30308,12199834,12200039,205,CDS
30309,12199466,12199589,123,CDS
30310,12199662,12199752,90,gene
30311,12199662,12199752,90,ncRNA
30312,12206092,12207196,1104,gene
30313,12206092,12207196,1104,ncRNA
30314,12208893,12212155,3262,gene
30315,12211876,12212155,279,mRNA
30316,12210924,12211289,365,mRNA
30317,12210260,12210797,537,mRNA
30318,12209463,12210148,685,mRNA
30319,12208893,12209391,498,mRNA
30320,12210924,12211243,319,mRNA
30321,12210260,12210797,537,mRNA
30322,12209463,12210148,685,mRNA
30323,12208893,12209391,498,mRNA
30324,12210924,12211143,219,CDS
30325,12210260,12210797,537,CDS
30326,12209463,12210148,685,CDS
30327,12209036,12209391,355,CDS
30328,12210924,12211143,219,CDS
30329,12210260,12210797,537,CDS
30330,12209463,12210148,685,CDS
30331,12209036,12209391,355,CDS
30332,12214010,12214395,385,gene
30333,12214010,12214395,385,mRNA
30334,12214030,12214350,320,CDS
30335,12224461,12229310,4849,gene
30336,12229108,12229310,202,mRNA
30337,12225704,12226344,640,mRNA
30338,12224461,12225244,783,mRNA
30339,12225704,12226846,1142,mRNA
30340,12224461,12225244,783,mRNA
30341,12225704,12226343,639,CDS
30342,12224706,12225244,538,CDS
30343,12225704,12226343,639,CDS
30344,12224706,12225244,538,CDS
30345,12233995,12234595,600,gene
30346,12233995,12234595,600,ncRNA
30347,12240399,12240813,414,gene
30348,12240399,12240813,414,mRNA
30349,12240409,12240762,353,CDS
30350,12241218,12241872,654,gene
30351,12241218,12241330,112,mRNA
30352,12241385,12241524,139,mRNA
30353,12241589,12241872,283,mRNA
30354,12241218,12241524,306,mRNA
30355,12241589,12241833,244,mRNA
30356,12241242,12241524,282,CDS
30357,12241589,12241668,79,CDS
30358,12241242,12241330,88,CDS
30359,12241385,12241524,139,CDS
30360,12241589,12241668,79,CDS
30361,12242546,12243273,727,gene
30362,12242546,12242924,378,mRNA
30363,12243077,12243273,196,mRNA
30364,12242546,12242924,378,CDS
30365,12243077,12243273,196,CDS
30366,12243999,12244701,702,gene
30367,12244428,12244701,273,mRNA
30368,12243999,12244159,160,mRNA
30369,12244428,12244662,234,CDS
30370,12244071,12244159,88,CDS
30371,12246695,12246995,300,gene
30372,12246695,12246995,300,ncRNA
30373,12247701,12247919,218,mobile_element
30374,12253992,12255701,1709,gene
30375,12253992,12254364,372,mRNA
30376,12254421,12255015,594,mRNA
30377,12255072,12255221,149,mRNA
30378,12255274,12255701,427,mRNA
30379,12253992,12254364,372,mRNA
30380,12254421,12255015,594,mRNA
30381,12255072,12255221,149,mRNA
30382,12255299,12255701,402,mRNA
30383,12253992,12254354,362,mRNA
30384,12254421,12255015,594,mRNA
30385,12255072,12255221,149,mRNA
30386,12255274,12255701,427,mRNA
30387,12254361,12254364,3,CDS
30388,12254421,12255015,594,CDS
30389,12255072,12255221,149,CDS
30390,12255274,12255607,333,CDS
30391,12254361,12254364,3,CDS
30392,12254421,12255015,594,CDS
30393,12255072,12255221,149,CDS
30394,12255299,12255503,204,CDS
30395,12254474,12255015,541,CDS
30396,12255072,12255221,149,CDS
30397,12255274,12255607,333,CDS
30398,12257282,12258652,1370,gene
30399,12257282,12257879,597,mRNA
30400,12257955,12258652,697,mRNA
30401,12257355,12257879,524,CDS
30402,12257955,12258551,596,CDS
30403,12259398,12278809,19411,gene
30404,12259398,12259458,60,mRNA
30405,12260040,12260188,148,mRNA
30406,12264743,12264917,174,mRNA
30407,12269193,12269435,242,mRNA
30408,12273766,12278809,5043,mRNA
30409,12259398,12259458,60,mRNA
30410,12260040,12260188,148,mRNA
30411,12264743,12264917,174,mRNA
30412,12269193,12269435,242,mRNA
30413,12273766,12274625,859,mRNA
30414,12259409,12260813,1404,gene
30415,12259409,12259458,49,ncRNA
30416,12260040,12260188,148,ncRNA
30417,12260276,12260813,537,ncRNA
30418,12260032,12260188,156,mRNA
30419,12264743,12264917,174,mRNA
30420,12269193,12269435,242,mRNA
30421,12273766,12274625,859,mRNA
30422,12260186,12260188,2,CDS
30423,12264743,12264917,174,CDS
30424,12269193,12269435,242,CDS
30425,12273766,12273794,28,CDS
30426,12260186,12260188,2,CDS
30427,12264743,12264917,174,CDS
30428,12269193,12269435,242,CDS
30429,12273766,12273794,28,CDS
30430,12260186,12260188,2,CDS
30431,12264743,12264917,174,CDS
30432,12269193,12269435,242,CDS
30433,12273766,12273794,28,CDS
30434,12264544,12264675,131,mRNA
30435,12264743,12264917,174,mRNA
30436,12269193,12269435,242,mRNA
30437,12273766,12276621,2855,mRNA
30438,12264544,12264675,131,mRNA
30439,12264743,12264917,174,mRNA
30440,12269193,12269435,242,mRNA
30441,12273766,12273910,144,mRNA
30442,12264673,12264675,2,CDS
30443,12264743,12264917,174,CDS
30444,12269193,12269435,242,CDS
30445,12273766,12273794,28,CDS
30446,12264673,12264675,2,CDS
30447,12264743,12264917,174,CDS
30448,12269193,12269435,242,CDS
30449,12273766,12273794,28,CDS
30450,12279771,12300795,21024,gene
30451,12279771,12280498,727,mRNA
30452,12296338,12296465,127,mRNA
30453,12296563,12296806,243,mRNA
30454,12296871,12296985,114,mRNA
30455,12297056,12297197,141,mRNA
30456,12297266,12297339,73,mRNA
30457,12297515,12300795,3280,mRNA
30458,12279771,12280498,727,mRNA
30459,12296338,12296465,127,mRNA
30460,12296563,12296806,243,mRNA
30461,12296871,12296985,114,mRNA
30462,12297056,12297197,141,mRNA
30463,12297266,12297339,73,mRNA
30464,12297515,12298894,1379,mRNA
30465,12279771,12280498,727,mRNA
30466,12295253,12295669,416,mRNA
30467,12296338,12296465,127,mRNA
30468,12296563,12296806,243,mRNA
30469,12296871,12296985,114,mRNA
30470,12297056,12297197,141,mRNA
30471,12297266,12297339,73,mRNA
30472,12297515,12298247,732,mRNA
30473,12279771,12280498,727,mRNA
30474,12296338,12296465,127,mRNA
30475,12296563,12296806,243,mRNA
30476,12296871,12296985,114,mRNA
30477,12297056,12297197,141,mRNA
30478,12297266,12297339,73,mRNA
30479,12297515,12298247,732,mRNA
30480,12280288,12280498,210,CDS
30481,12295253,12295669,416,CDS
30482,12296338,12296465,127,CDS
30483,12296563,12296806,243,CDS
30484,12296871,12296985,114,CDS
30485,12297056,12297197,141,CDS
30486,12297266,12297339,73,CDS
30487,12297515,12297713,198,CDS
30488,12280288,12280498,210,CDS
30489,12296338,12296465,127,CDS
30490,12296563,12296806,243,CDS
30491,12296871,12296985,114,CDS
30492,12297056,12297197,141,CDS
30493,12297266,12297339,73,CDS
30494,12297515,12297713,198,CDS
30495,12280288,12280498,210,CDS
30496,12296338,12296465,127,CDS
30497,12296563,12296806,243,CDS
30498,12296871,12296985,114,CDS
30499,12297056,12297197,141,CDS
30500,12297266,12297339,73,CDS
30501,12297515,12297713,198,CDS
30502,12280288,12280498,210,CDS
30503,12296338,12296465,127,CDS
30504,12296563,12296806,243,CDS
30505,12296871,12296985,114,CDS
30506,12297056,12297197,141,CDS
30507,12297266,12297339,73,CDS
30508,12297515,12297713,198,CDS
30509,12286051,12286283,232,mRNA
30510,12296338,12296465,127,mRNA
30511,12296563,12296806,243,mRNA
30512,12296871,12296985,114,mRNA
30513,12297056,12297197,141,mRNA
30514,12297266,12297339,73,mRNA
30515,12297515,12298247,732,mRNA
30516,12286100,12286283,183,CDS
30517,12296338,12296465,127,CDS
30518,12296563,12296806,243,CDS
30519,12296871,12296985,114,CDS
30520,12297056,12297197,141,CDS
30521,12297266,12297339,73,CDS
30522,12297515,12297713,198,CDS
30523,12290789,12290879,90,mRNA
30524,12292983,12293600,617,mRNA
30525,12295253,12295669,416,mRNA
30526,12296338,12296465,127,mRNA
30527,12296563,12296806,243,mRNA
30528,12296871,12296985,114,mRNA
30529,12297056,12297197,141,mRNA
30530,12297266,12297339,73,mRNA
30531,12297515,12298247,732,mRNA
30532,12290789,12290879,90,mRNA
30533,12293114,12293600,486,mRNA
30534,12295253,12295414,161,mRNA
30535,12296338,12296465,127,mRNA
30536,12296563,12296806,243,mRNA
30537,12296871,12296985,114,mRNA
30538,12297056,12297197,141,mRNA
30539,12297266,12297339,73,mRNA
30540,12297515,12298247,732,mRNA
30541,12290789,12290879,90,mRNA
30542,12293114,12293600,486,mRNA
30543,12296338,12296465,127,mRNA
30544,12296563,12296806,243,mRNA
30545,12296871,12296985,114,mRNA
30546,12297056,12297197,141,mRNA
30547,12297266,12297339,73,mRNA
30548,12297515,12298247,732,mRNA
30549,12293408,12293600,192,CDS
30550,12296338,12296465,127,CDS
30551,12296563,12296806,243,CDS
30552,12296871,12296985,114,CDS
30553,12297056,12297197,141,CDS
30554,12297266,12297339,73,CDS
30555,12297515,12297713,198,CDS
30556,12293417,12293600,183,CDS
30557,12295253,12295669,416,CDS
30558,12296338,12296465,127,CDS
30559,12296563,12296806,243,CDS
30560,12296871,12296985,114,CDS
30561,12297056,12297197,141,CDS
30562,12297266,12297339,73,CDS
30563,12297515,12297713,198,CDS
30564,12293417,12293600,183,CDS
30565,12295253,12295414,161,CDS
30566,12296338,12296465,127,CDS
30567,12296563,12296806,243,CDS
30568,12296871,12296985,114,CDS
30569,12297056,12297197,141,CDS
30570,12297266,12297339,73,CDS
30571,12297515,12297713,198,CDS
30572,12296495,12297805,1310,gene
30573,12297415,12297805,390,ncRNA
30574,12296897,12297362,465,ncRNA
30575,12296495,12296835,340,ncRNA
30576,12298747,12302240,3493,gene
30577,12302167,12302240,73,mRNA
30578,12300998,12301234,236,mRNA
30579,12300654,12300936,282,mRNA
30580,12300375,12300594,219,mRNA
30581,12299933,12300310,377,mRNA
30582,12299138,12299876,738,mRNA
30583,12298747,12299075,328,mRNA
30584,12302167,12302240,73,mRNA
30585,12300998,12301107,109,mRNA
30586,12300654,12300936,282,mRNA
30587,12300375,12300594,219,mRNA
30588,12299933,12300310,377,mRNA
30589,12299138,12299876,738,mRNA
30590,12298794,12299075,281,mRNA
30591,12300998,12301123,125,CDS
30592,12300654,12300936,282,CDS
30593,12300375,12300594,219,CDS
30594,12299933,12300310,377,CDS
30595,12299138,12299876,738,CDS
30596,12298932,12299075,143,CDS
30597,12300998,12301084,86,CDS
30598,12300654,12300936,282,CDS
30599,12300375,12300594,219,CDS
30600,12299933,12300310,377,CDS
30601,12299138,12299876,738,CDS
30602,12298932,12299075,143,CDS
30603,12302544,12306269,3725,gene
30604,12306062,12306269,207,mRNA
30605,12305931,12305998,67,mRNA
30606,12305529,12305871,342,mRNA
30607,12305220,12305471,251,mRNA
30608,12304965,12305125,160,mRNA
30609,12304522,12304901,379,mRNA
30610,12304128,12304457,329,mRNA
30611,12303863,12304057,194,mRNA
30612,12303562,12303764,202,mRNA
30613,12302544,12303313,769,mRNA
30614,12306062,12306269,207,mRNA
30615,12305931,12305998,67,mRNA
30616,12305529,12305871,342,mRNA
30617,12305220,12305471,251,mRNA
30618,12304965,12305125,160,mRNA
30619,12304522,12304901,379,mRNA
30620,12304128,12304457,329,mRNA
30621,12303863,12304057,194,mRNA
30622,12303562,12303764,202,mRNA
30623,12303403,12303494,91,mRNA
30624,12302544,12303336,792,mRNA
30625,12306062,12306269,207,mRNA
30626,12305931,12305998,67,mRNA
30627,12305529,12305871,342,mRNA
30628,12305220,12305471,251,mRNA
30629,12304965,12305125,160,mRNA
30630,12304522,12304901,379,mRNA
30631,12304128,12304457,329,mRNA
30632,12303823,12304057,234,mRNA
30633,12303562,12303764,202,mRNA
30634,12302544,12303336,792,mRNA
30635,12306062,12306269,207,mRNA
30636,12305931,12305998,67,mRNA
30637,12305529,12305871,342,mRNA
30638,12305220,12305471,251,mRNA
30639,12304965,12305125,160,mRNA
30640,12304522,12304901,379,mRNA
30641,12304128,12304457,329,mRNA
30642,12303823,12304057,234,mRNA
30643,12303562,12303764,202,mRNA
30644,12303403,12303494,91,mRNA
30645,12302544,12303336,792,mRNA
30646,12306062,12306098,36,CDS
30647,12305931,12305998,67,CDS
30648,12305529,12305871,342,CDS
30649,12305220,12305471,251,CDS
30650,12304965,12305125,160,CDS
30651,12304522,12304901,379,CDS
30652,12304128,12304457,329,CDS
30653,12303823,12304057,234,CDS
30654,12303562,12303764,202,CDS
30655,12302847,12303336,489,CDS
30656,12306062,12306098,36,CDS
30657,12305931,12305998,67,CDS
30658,12305529,12305871,342,CDS
30659,12305220,12305471,251,CDS
30660,12304965,12305125,160,CDS
30661,12304522,12304901,379,CDS
30662,12304128,12304457,329,CDS
30663,12303823,12304057,234,CDS
30664,12303562,12303764,202,CDS
30665,12303458,12303494,36,CDS
30666,12306062,12306098,36,CDS
30667,12305931,12305998,67,CDS
30668,12305529,12305871,342,CDS
30669,12305220,12305471,251,CDS
30670,12304965,12305125,160,CDS
30671,12304522,12304901,379,CDS
30672,12304128,12304457,329,CDS
30673,12303863,12304057,194,CDS
30674,12303761,12303764,3,CDS
30675,12306062,12306098,36,CDS
30676,12305931,12305998,67,CDS
30677,12305529,12305871,342,CDS
30678,12305220,12305471,251,CDS
30679,12304965,12305125,160,CDS
30680,12304522,12304901,379,CDS
30681,12304128,12304457,329,CDS
30682,12303863,12304057,194,CDS
30683,12303761,12303764,3,CDS
30684,12306528,12310412,3884,gene
30685,12306528,12306553,25,mRNA
30686,12307279,12307465,186,mRNA
30687,12307559,12307947,388,mRNA
30688,12308001,12308462,461,mRNA
30689,12308519,12308690,171,mRNA
30690,12308755,12308876,121,mRNA
30691,12308941,12310412,1471,mRNA
30692,12307288,12307465,177,CDS
30693,12307559,12307947,388,CDS
30694,12308001,12308462,461,CDS
30695,12308519,12308690,171,CDS
30696,12308755,12308876,121,CDS
30697,12308941,12310239,1298,CDS
30698,12310689,12313834,3145,gene
30699,12310689,12310890,201,mRNA
30700,12310946,12311337,391,mRNA
30701,12311396,12311608,212,mRNA
30702,12311663,12311920,257,mRNA
30703,12311968,12312133,165,mRNA
30704,12312189,12313834,1645,mRNA
30705,12310725,12310890,165,CDS
30706,12310946,12311337,391,CDS
30707,12311396,12311608,212,CDS
30708,12311663,12311920,257,CDS
30709,12311968,12312133,165,CDS
30710,12312189,12313768,1579,CDS
30711,12314117,12317573,3456,gene
30712,12314117,12314380,263,mRNA
30713,12314622,12315019,397,mRNA
30714,12315079,12315291,212,mRNA
30715,12315353,12315607,254,mRNA
30716,12315666,12315837,171,mRNA
30717,12315890,12317573,1683,mRNA
30718,12314117,12314380,263,mRNA
30719,12314622,12315019,397,mRNA
30720,12315079,12315291,212,mRNA
30721,12315353,12315607,254,mRNA
30722,12315666,12315837,171,mRNA
30723,12315890,12317219,1329,mRNA
30724,12314188,12314380,192,CDS
30725,12314622,12315019,397,CDS
30726,12315079,12315291,212,CDS
30727,12315353,12315607,254,CDS
30728,12315666,12315837,171,CDS
30729,12315890,12317178,1288,CDS
30730,12314188,12314380,192,CDS
30731,12314622,12315019,397,CDS
30732,12315079,12315291,212,CDS
30733,12315353,12315607,254,CDS
30734,12315666,12315837,171,CDS
30735,12315890,12317178,1288,CDS
30736,12317899,12319449,1550,mobile_element
30737,12320594,12320912,318,gene
30738,12320879,12320912,33,ncRNA
30739,12320594,12320821,227,ncRNA
30740,12321238,12322797,1559,gene
30741,12321238,12321650,412,mRNA
30742,12321712,12322797,1085,mRNA
30743,12321238,12321650,412,mRNA
30744,12321712,12322521,809,mRNA
30745,12321238,12321650,412,mRNA
30746,12321712,12322521,809,mRNA
30747,12321343,12321650,307,CDS
30748,12321712,12322429,717,CDS
30749,12321343,12321650,307,CDS
30750,12321712,12322102,390,CDS
30751,12321343,12321650,307,CDS
30752,12321712,12322102,390,CDS
30753,12322507,12326258,3751,gene
30754,12326146,12326258,112,mRNA
30755,12324658,12325993,1335,mRNA
30756,12322507,12324587,2080,mRNA
30757,12326073,12326115,42,mRNA
30758,12324658,12325993,1335,mRNA
30759,12322507,12324587,2080,mRNA
30760,12324658,12326115,1457,mRNA
30761,12322507,12324587,2080,mRNA
30762,12324658,12325900,1242,CDS
30763,12323317,12324587,1270,CDS
30764,12324658,12325900,1242,CDS
30765,12323317,12324587,1270,CDS
30766,12324658,12325900,1242,CDS
30767,12323317,12324587,1270,CDS
30768,12326360,12333860,7500,gene
30769,12326360,12326775,415,mRNA
30770,12326839,12327037,198,mRNA
30771,12327093,12328078,985,mRNA
30772,12328140,12329120,980,mRNA
30773,12329191,12329399,208,mRNA
30774,12329464,12329690,226,mRNA
30775,12329750,12330980,1230,mRNA
30776,12331038,12332098,1060,mRNA
30777,12332473,12332726,253,mRNA
30778,12332795,12333860,1065,mRNA
30779,12326360,12326775,415,mRNA
30780,12326839,12327037,198,mRNA
30781,12327093,12328078,985,mRNA
30782,12328140,12329120,980,mRNA
30783,12329191,12329399,208,mRNA
30784,12329464,12329690,226,mRNA
30785,12329750,12330980,1230,mRNA
30786,12331038,12332098,1060,mRNA
30787,12332147,12332470,323,mRNA
30788,12326360,12326775,415,mRNA
30789,12326839,12327037,198,mRNA
30790,12327093,12328078,985,mRNA
30791,12328140,12329120,980,mRNA
30792,12329191,12329399,208,mRNA
30793,12329464,12329690,226,mRNA
30794,12329750,12330980,1230,mRNA
30795,12331038,12332098,1060,mRNA
30796,12332150,12332470,320,mRNA
30797,12326674,12326775,101,CDS
30798,12326839,12327037,198,CDS
30799,12327093,12328078,985,CDS
30800,12328140,12329120,980,CDS
30801,12329191,12329399,208,CDS
30802,12329464,12329690,226,CDS
30803,12329750,12330980,1230,CDS
30804,12331038,12332098,1060,CDS
30805,12332473,12332726,253,CDS
30806,12332795,12333496,701,CDS
30807,12326674,12326775,101,CDS
30808,12326839,12327037,198,CDS
30809,12327093,12328078,985,CDS
30810,12328140,12329120,980,CDS
30811,12329191,12329399,208,CDS
30812,12329464,12329690,226,CDS
30813,12329750,12330980,1230,CDS
30814,12331038,12332098,1060,CDS
30815,12332147,12332376,229,CDS
30816,12326674,12326775,101,CDS
30817,12326839,12327037,198,CDS
30818,12327093,12328078,985,CDS
30819,12328140,12329120,980,CDS
30820,12329191,12329399,208,CDS
30821,12329464,12329690,226,CDS
30822,12329750,12330980,1230,CDS
30823,12331038,12332098,1060,CDS
30824,12332150,12332376,226,CDS
30825,12333926,12333997,71,gene
30826,12333926,12333997,71,tRNA
30827,12334234,12334305,71,gene
30828,12334234,12334305,71,tRNA
30829,12334995,12335066,71,gene
30830,12334995,12335066,71,tRNA
30831,12335316,12336205,889,gene
30832,12335316,12335376,60,mRNA
30833,12335432,12336205,773,mRNA
30834,12335316,12335376,60,mRNA
30835,12335441,12336205,764,mRNA
30836,12335486,12336121,635,CDS
30837,12335486,12336121,635,CDS
30838,12336418,12336489,71,gene
30839,12336418,12336489,71,tRNA
30840,12336733,12336804,71,gene
30841,12336733,12336804,71,tRNA
30842,12336890,12337718,828,gene
30843,12336890,12337268,378,mRNA
30844,12337338,12337718,380,mRNA
30845,12336987,12337268,281,CDS
30846,12337338,12337541,203,CDS
30847,12337797,12339544,1747,gene
30848,12337797,12338041,244,mRNA
30849,12338533,12339544,1011,mRNA
30850,12338300,12338448,148,mRNA
30851,12338533,12339544,1011,mRNA
30852,12338420,12338448,28,CDS
30853,12338533,12339253,720,CDS
30854,12338606,12339253,647,CDS
30855,12339610,12344617,5007,gene
30856,12344521,12344617,96,mRNA
30857,12341488,12341782,294,mRNA
30858,12341210,12341429,219,mRNA
30859,12340566,12341140,574,mRNA
30860,12339610,12340504,894,mRNA
30861,12344460,12344617,157,mRNA
30862,12341488,12341782,294,mRNA
30863,12341210,12341429,219,mRNA
30864,12340566,12341140,574,mRNA
30865,12339610,12340504,894,mRNA
30866,12341984,12342096,112,mRNA
30867,12341488,12341782,294,mRNA
30868,12341210,12341429,219,mRNA
30869,12340566,12341140,574,mRNA
30870,12339610,12340504,894,mRNA
30871,12341845,12341930,85,mRNA
30872,12341488,12341782,294,mRNA
30873,12341210,12341429,219,mRNA
30874,12340566,12341140,574,mRNA
30875,12339610,12340504,894,mRNA
30876,12341488,12341670,182,CDS
30877,12341210,12341429,219,CDS
30878,12340566,12341140,574,CDS
30879,12339893,12340504,611,CDS
30880,12341488,12341670,182,CDS
30881,12341210,12341429,219,CDS
30882,12340566,12341140,574,CDS
30883,12339893,12340504,611,CDS
30884,12341488,12341670,182,CDS
30885,12341210,12341429,219,CDS
30886,12340566,12341140,574,CDS
30887,12339893,12340504,611,CDS
30888,12341488,12341670,182,CDS
30889,12341210,12341429,219,CDS
30890,12340566,12341140,574,CDS
30891,12339893,12340504,611,CDS
30892,12344983,12351325,6342,gene
30893,12344983,12348523,3540,mRNA
30894,12348583,12351325,2742,mRNA
30895,12345086,12348523,3437,CDS
30896,12348583,12351078,2495,CDS
30897,12351793,12355413,3620,gene
30898,12351793,12351861,68,mRNA
30899,12351920,12352439,519,mRNA
30900,12352497,12352671,174,mRNA
30901,12352734,12352818,84,mRNA
30902,12353042,12353162,120,mRNA
30903,12353222,12353376,154,mRNA
30904,12353441,12353824,383,mRNA
30905,12353884,12354064,180,mRNA
30906,12354122,12354306,184,mRNA
30907,12354361,12354504,143,mRNA
30908,12354566,12355066,500,mRNA
30909,12355125,12355413,288,mRNA
30910,12351841,12351861,20,CDS
30911,12351920,12352439,519,CDS
30912,12352497,12352671,174,CDS
30913,12352734,12352818,84,CDS
30914,12353042,12353162,120,CDS
30915,12353222,12353376,154,CDS
30916,12353441,12353824,383,CDS
30917,12353884,12354064,180,CDS
30918,12354122,12354306,184,CDS
30919,12354361,12354504,143,CDS
30920,12354566,12355066,500,CDS
30921,12355125,12355292,167,CDS
30922,12355671,12359087,3416,gene
30923,12355671,12355741,70,mRNA
30924,12355801,12356311,510,mRNA
30925,12356370,12356544,174,mRNA
30926,12356594,12356678,84,mRNA
30927,12356733,12356853,120,mRNA
30928,12356909,12357063,154,mRNA
30929,12357121,12357504,383,mRNA
30930,12357566,12357746,180,mRNA
30931,12357814,12357998,184,mRNA
30932,12358051,12358194,143,mRNA
30933,12358248,12358748,500,mRNA
30934,12358805,12359087,282,mRNA
30935,12355715,12355741,26,CDS
30936,12355801,12356311,510,CDS
30937,12356370,12356544,174,CDS
30938,12356594,12356678,84,CDS
30939,12356733,12356853,120,CDS
30940,12356909,12357063,154,CDS
30941,12357121,12357504,383,CDS
30942,12357566,12357746,180,CDS
30943,12357814,12357998,184,CDS
30944,12358051,12358194,143,CDS
30945,12358248,12358748,500,CDS
30946,12358805,12358972,167,CDS
30947,12359436,12363165,3729,gene
30948,12359436,12359520,84,mRNA
30949,12359584,12360100,516,mRNA
30950,12360155,12360329,174,mRNA
30951,12360384,12360468,84,mRNA
30952,12360598,12360718,120,mRNA
30953,12360779,12360933,154,mRNA
30954,12360989,12361372,383,mRNA
30955,12361436,12361616,180,mRNA
30956,12361675,12361859,184,mRNA
30957,12361918,12362061,143,mRNA
30958,12362116,12363165,1049,mRNA
30959,12359500,12359520,20,CDS
30960,12359584,12360100,516,CDS
30961,12360155,12360329,174,CDS
30962,12360384,12360468,84,CDS
30963,12360598,12360718,120,CDS
30964,12360779,12360933,154,CDS
30965,12360989,12361372,383,CDS
30966,12361436,12361616,180,CDS
30967,12361675,12361859,184,CDS
30968,12361918,12362061,143,CDS
30969,12362116,12362784,668,CDS
30970,12363320,12366579,3259,gene
30971,12363320,12363392,72,exon
30972,12363449,12363929,480,exon
30973,12363985,12364159,174,exon
30974,12364216,12364300,84,exon
30975,12364372,12364492,120,exon
30976,12364547,12364701,154,exon
30977,12364753,12365139,386,exon
30978,12365198,12365378,180,exon
30979,12365439,12365625,186,exon
30980,12365682,12365825,143,exon
30981,12365882,12366363,481,exon
30982,12366415,12366579,164,exon
30983,12367353,12370886,3533,gene
30984,12367353,12368043,690,mRNA
30985,12368099,12368273,174,mRNA
30986,12368330,12368414,84,mRNA
30987,12368557,12368677,120,mRNA
30988,12368748,12368902,154,mRNA
30989,12368956,12369339,383,mRNA
30990,12369399,12369579,180,mRNA
30991,12369634,12369818,184,mRNA
30992,12369877,12370020,143,mRNA
30993,12370086,12370592,506,mRNA
30994,12370666,12370886,220,mRNA
30995,12367410,12368043,633,CDS
30996,12368099,12368273,174,CDS
30997,12368330,12368414,84,CDS
30998,12368557,12368677,120,CDS
30999,12368748,12368902,154,CDS
31000,12368956,12369339,383,CDS
31001,12369399,12369579,180,CDS
31002,12369634,12369818,184,CDS
31003,12369877,12370020,143,CDS
31004,12370086,12370592,506,CDS
31005,12370666,12370833,167,CDS
31006,12371594,12375081,3487,gene
31007,12371594,12371685,91,mRNA
31008,12371763,12372276,513,mRNA
31009,12372333,12372507,174,mRNA
31010,12372564,12372648,84,mRNA
31011,12372810,12372930,120,mRNA
31012,12372996,12373150,154,mRNA
31013,12373207,12373590,383,mRNA
31014,12373648,12373828,180,mRNA
31015,12373885,12374069,184,mRNA
31016,12374123,12374266,143,mRNA
31017,12374330,12374821,491,mRNA
31018,12374874,12375081,207,mRNA
31019,12371594,12371685,91,mRNA
31020,12371766,12372276,510,mRNA
31021,12372333,12372507,174,mRNA
31022,12372564,12372648,84,mRNA
31023,12372810,12372930,120,mRNA
31024,12372996,12373150,154,mRNA
31025,12373207,12373590,383,mRNA
31026,12373648,12373828,180,mRNA
31027,12373885,12374069,184,mRNA
31028,12374123,12374266,143,mRNA
31029,12374330,12374821,491,mRNA
31030,12374874,12375081,207,mRNA
31031,12371662,12371685,23,CDS
31032,12371763,12372276,513,CDS
31033,12372333,12372507,174,CDS
31034,12372564,12372648,84,CDS
31035,12372810,12372930,120,CDS
31036,12372996,12373150,154,CDS
31037,12373207,12373590,383,CDS
31038,12373648,12373828,180,CDS
31039,12373885,12374069,184,CDS
31040,12374123,12374266,143,CDS
31041,12374330,12374821,491,CDS
31042,12374874,12375041,167,CDS
31043,12371662,12371685,23,CDS
31044,12371766,12372276,510,CDS
31045,12372333,12372507,174,CDS
31046,12372564,12372648,84,CDS
31047,12372810,12372930,120,CDS
31048,12372996,12373150,154,CDS
31049,12373207,12373590,383,CDS
31050,12373648,12373828,180,CDS
31051,12373885,12374069,184,CDS
31052,12374123,12374266,143,CDS
31053,12374330,12374821,491,CDS
31054,12374874,12375041,167,CDS
31055,12375286,12375678,392,gene
31056,12375286,12375678,392,mRNA
31057,12375369,12375599,230,CDS
31058,12376626,12377378,752,gene
31059,12376626,12376709,83,mRNA
31060,12376772,12376981,209,mRNA
31061,12377089,12377378,289,mRNA
31062,12376698,12376709,11,CDS
31063,12376772,12376981,209,CDS
31064,12377089,12377301,212,CDS
31065,12378440,12379396,956,gene
31066,12378440,12378474,34,mRNA
31067,12378528,12379036,508,mRNA
31068,12379089,12379396,307,mRNA
31069,12378457,12378474,17,CDS
31070,12378528,12379036,508,CDS
31071,12379089,12379341,252,CDS
31072,12379614,12380426,812,gene
31073,12379798,12380426,628,mRNA
31074,12379614,12379735,121,mRNA
31075,12379798,12380421,623,CDS
31076,12379649,12379735,86,CDS
31077,12383045,12384520,1475,gene
31078,12383045,12383204,159,mRNA
31079,12383604,12384520,916,mRNA
31080,12383892,12384520,628,mRNA
31081,12383910,12384368,458,CDS
31082,12383910,12384368,458,CDS
31083,12386666,12390057,3391,gene
31084,12386666,12387095,429,mRNA
31085,12387382,12387517,135,mRNA
31086,12388300,12388450,150,mRNA
31087,12388518,12388533,15,mRNA
31088,12388923,12389086,163,mRNA
31089,12389254,12390057,803,mRNA
31090,12386960,12387095,135,mRNA
31091,12387382,12387517,135,mRNA
31092,12387913,12387939,26,mRNA
31093,12388300,12388450,150,mRNA
31094,12388518,12388533,15,mRNA
31095,12388923,12389086,163,mRNA
31096,12389254,12390057,803,mRNA
31097,12386960,12387095,135,mRNA
31098,12387382,12387517,135,mRNA
31099,12388300,12388450,150,mRNA
31100,12388518,12388533,15,mRNA
31101,12388923,12389086,163,mRNA
31102,12389254,12390057,803,mRNA
31103,12386960,12387095,135,mRNA
31104,12387382,12387427,45,mRNA
31105,12387913,12387939,26,mRNA
31106,12388300,12388450,150,mRNA
31107,12388518,12389086,568,mRNA
31108,12389254,12390057,803,mRNA
31109,12386960,12387095,135,mRNA
31110,12387382,12387427,45,mRNA
31111,12387913,12387939,26,mRNA
31112,12388300,12388450,150,mRNA
31113,12388518,12388533,15,mRNA
31114,12388923,12389086,163,mRNA
31115,12389254,12390057,803,mRNA
31116,12386960,12387095,135,mRNA
31117,12387382,12387427,45,mRNA
31118,12388300,12388450,150,mRNA
31119,12388518,12388533,15,mRNA
31120,12388923,12389086,163,mRNA
31121,12389254,12390057,803,mRNA
31122,12387057,12387095,38,CDS
31123,12387382,12387517,135,CDS
31124,12387913,12387939,26,CDS
31125,12388300,12388450,150,CDS
31126,12388518,12388533,15,CDS
31127,12388923,12389086,163,CDS
31128,12389254,12389695,441,CDS
31129,12387057,12387095,38,CDS
31130,12387382,12387517,135,CDS
31131,12388300,12388450,150,CDS
31132,12388518,12388533,15,CDS
31133,12388923,12389086,163,CDS
31134,12389254,12389695,441,CDS
31135,12387057,12387095,38,CDS
31136,12387382,12387517,135,CDS
31137,12388300,12388450,150,CDS
31138,12388518,12388533,15,CDS
31139,12388923,12389086,163,CDS
31140,12389254,12389695,441,CDS
31141,12387057,12387095,38,CDS
31142,12387382,12387427,45,CDS
31143,12387913,12387939,26,CDS
31144,12388300,12388450,150,CDS
31145,12388518,12388533,15,CDS
31146,12388923,12389086,163,CDS
31147,12389254,12389695,441,CDS
31148,12387057,12387095,38,CDS
31149,12387382,12387427,45,CDS
31150,12388300,12388450,150,CDS
31151,12388518,12388533,15,CDS
31152,12388923,12389086,163,CDS
31153,12389254,12389695,441,CDS
31154,12387057,12387095,38,CDS
31155,12387382,12387427,45,CDS
31156,12387913,12387939,26,CDS
31157,12388300,12388450,150,CDS
31158,12388518,12388626,108,CDS
31159,12390704,12390762,58,mobile_element
31160,12390896,12391699,803,gene
31161,12391640,12391699,59,mRNA
31162,12391164,12391578,414,mRNA
31163,12390896,12391103,207,mRNA
31164,12391640,12391654,14,CDS
31165,12391164,12391578,414,CDS
31166,12391033,12391103,70,CDS
31167,12393483,12394842,1359,gene
31168,12393483,12394258,775,mRNA
31169,12394316,12394517,201,mRNA
31170,12394572,12394727,155,mRNA
31171,12394786,12394842,56,mRNA
31172,12393483,12394258,775,CDS
31173,12394316,12394517,201,CDS
31174,12394572,12394727,155,CDS
31175,12394786,12394842,56,CDS
31176,12394907,12399142,4235,gene
31177,12394907,12395569,662,mRNA
31178,12395620,12395974,354,mRNA
31179,12396033,12399142,3109,mRNA
31180,12394907,12395569,662,mRNA
31181,12395625,12395979,354,mRNA
31182,12396033,12399142,3109,mRNA
31183,12395676,12395979,303,CDS
31184,12396033,12399106,3073,CDS
31185,12396137,12399106,2969,CDS
31186,12402216,12405108,2892,gene
31187,12402216,12402330,114,mRNA
31188,12403381,12403508,127,mRNA
31189,12404166,12405108,942,mRNA
31190,12402322,12402330,8,CDS
31191,12403381,12403508,127,CDS
31192,12404166,12404433,267,CDS
31193,12405932,12407045,1113,gene
31194,12405932,12406117,185,mRNA
31195,12406176,12407045,869,mRNA
31196,12405932,12406117,185,mRNA
31197,12406176,12406522,346,mRNA
31198,12406005,12406117,112,CDS
31199,12406176,12406443,267,CDS
31200,12406005,12406117,112,CDS
31201,12406176,12406443,267,CDS
31202,12407793,12408523,730,gene
31203,12407793,12408030,237,mRNA
31204,12408112,12408523,411,mRNA
31205,12407864,12408030,166,CDS
31206,12408112,12408349,237,CDS
31207,12408954,12409735,781,gene
31208,12408954,12409038,84,mRNA
31209,12409101,12409424,323,mRNA
31210,12409475,12409735,260,mRNA
31211,12408964,12409038,74,CDS
31212,12409101,12409424,323,CDS
31213,12409475,12409654,179,CDS
31214,12410079,12410696,617,gene
31215,12410079,12410123,44,mRNA
31216,12410186,12410500,314,mRNA
31217,12410553,12410696,143,mRNA
31218,12410079,12410123,44,CDS
31219,12410186,12410500,314,CDS
31220,12410553,12410696,143,CDS
31221,12411011,12411678,667,gene
31222,12411011,12411073,62,mRNA
31223,12411142,12411459,317,mRNA
31224,12411508,12411678,170,mRNA
31225,12411011,12411073,62,CDS
31226,12411142,12411459,317,CDS
31227,12411508,12411678,170,CDS
31228,12413962,12415170,1208,gene
31229,12413962,12414073,111,mRNA
31230,12414293,12415170,877,mRNA
31231,12414062,12414073,11,CDS
31232,12414293,12414853,560,CDS
31233,12416044,12418231,2187,gene
31234,12416044,12416872,828,mRNA
31235,12417157,12418231,1074,mRNA
31236,12416455,12416872,417,CDS
31237,12417157,12418142,985,CDS
31238,12418797,12419395,598,gene
31239,12418797,12419395,598,mRNA
31240,12419114,12419395,281,mRNA
31241,12419154,12419294,140,CDS
31242,12419154,12419294,140,CDS
31243,12419668,12419716,48,mobile_element
31244,12419702,12420291,589,gene
31245,12419702,12420291,589,exon
31246,12420475,12422535,2060,gene
31247,12422343,12422535,192,mRNA
31248,12422080,12422287,207,mRNA
31249,12421837,12422023,186,mRNA
31250,12421660,12421776,116,mRNA
31251,12420475,12421601,1126,mRNA
31252,12422343,12422483,140,CDS
31253,12422080,12422287,207,CDS
31254,12421837,12422023,186,CDS
31255,12421660,12421776,116,CDS
31256,12420647,12421601,954,CDS
31257,12422931,12425459,2528,gene
31258,12422931,12423228,297,mRNA
31259,12423459,12424108,649,mRNA
31260,12424166,12424768,602,mRNA
31261,12424823,12425074,251,mRNA
31262,12425129,12425459,330,mRNA
31263,12423561,12424108,547,mRNA
31264,12424166,12424768,602,mRNA
31265,12424823,12425074,251,mRNA
31266,12425129,12425459,330,mRNA
31267,12423710,12424108,398,CDS
31268,12424166,12424768,602,CDS
31269,12424823,12425074,251,CDS
31270,12425129,12425251,122,CDS
31271,12423710,12424108,398,CDS
31272,12424166,12424768,602,CDS
31273,12424823,12425074,251,CDS
31274,12425129,12425251,122,CDS
31275,12425483,12426975,1492,gene
31276,12425483,12425762,279,mRNA
31277,12425816,12426399,583,mRNA
31278,12426462,12426975,513,mRNA
31279,12425592,12425762,170,mRNA
31280,12425816,12426399,583,mRNA
31281,12426462,12426975,513,mRNA
31282,12425711,12425762,51,CDS
31283,12425816,12426399,583,CDS
31284,12426462,12426869,407,CDS
31285,12425711,12425762,51,CDS
31286,12425816,12426399,583,CDS
31287,12426462,12426869,407,CDS
31288,12426883,12427861,978,gene
31289,12427744,12427861,117,mRNA
31290,12426883,12427682,799,mRNA
31291,12427744,12427779,35,CDS
31292,12426978,12427682,704,CDS
31293,12428449,12431099,2650,gene
31294,12430882,12431099,217,mRNA
31295,12429954,12430460,506,mRNA
31296,12429528,12429894,366,mRNA
31297,12428910,12429471,561,mRNA
31298,12428449,12428842,393,mRNA
31299,12430882,12430936,54,CDS
31300,12429954,12430460,506,CDS
31301,12429528,12429894,366,CDS
31302,12428910,12429471,561,CDS
31303,12428501,12428842,341,CDS
31304,12430595,12431296,701,gene
31305,12430595,12430689,94,mRNA
31306,12430751,12431296,545,mRNA
31307,12430613,12430689,76,CDS
31308,12430751,12430859,108,CDS
31309,12431447,12436577,5130,gene
31310,12436470,12436577,107,mRNA
31311,12434472,12435742,1270,mRNA
31312,12434075,12434406,331,mRNA
31313,12432979,12433816,837,mRNA
31314,12431447,12432921,1474,mRNA
31315,12434472,12435836,1364,mRNA
31316,12434075,12434406,331,mRNA
31317,12432979,12433816,837,mRNA
31318,12431927,12432921,994,mRNA
31319,12434472,12435281,809,CDS
31320,12434075,12434406,331,CDS
31321,12432979,12433816,837,CDS
31322,12432343,12432921,578,CDS
31323,12434472,12435281,809,CDS
31324,12434075,12434406,331,CDS
31325,12432979,12433816,837,CDS
31326,12432343,12432921,578,CDS
31327,12436120,12436990,870,gene
31328,12436120,12436256,136,mRNA
31329,12436321,12436438,117,mRNA
31330,12436514,12436662,148,mRNA
31331,12436719,12436990,271,mRNA
31332,12436197,12436256,59,CDS
31333,12436321,12436438,117,CDS
31334,12436514,12436662,148,CDS
31335,12436719,12436847,128,CDS
31336,12437345,12452916,15571,gene
31337,12437345,12437890,545,mRNA
31338,12447759,12448100,341,mRNA
31339,12448163,12448248,85,mRNA
31340,12448312,12449138,826,mRNA
31341,12449200,12449782,582,mRNA
31342,12451669,12451712,43,mRNA
31343,12451975,12452916,941,mRNA
31344,12437345,12437890,545,mRNA
31345,12447759,12448100,341,mRNA
31346,12448163,12448248,85,mRNA
31347,12448312,12449138,826,mRNA
31348,12449200,12449782,582,mRNA
31349,12451975,12452916,941,mRNA
31350,12437345,12437571,226,mRNA
31351,12447759,12448100,341,mRNA
31352,12448163,12448248,85,mRNA
31353,12448312,12449138,826,mRNA
31354,12449200,12449782,582,mRNA
31355,12450069,12450236,167,mRNA
31356,12451669,12451712,43,mRNA
31357,12451975,12452916,941,mRNA
31358,12437345,12437409,64,mRNA
31359,12447759,12448100,341,mRNA
31360,12448163,12448248,85,mRNA
31361,12448312,12449138,826,mRNA
31362,12449200,12449782,582,mRNA
31363,12451669,12451712,43,mRNA
31364,12451975,12452916,941,mRNA
31365,12437345,12437409,64,mRNA
31366,12447759,12448100,341,mRNA
31367,12448163,12448248,85,mRNA
31368,12448312,12449138,826,mRNA
31369,12449200,12449782,582,mRNA
31370,12451975,12452916,941,mRNA
31371,12437345,12437890,545,mRNA
31372,12447759,12448100,341,mRNA
31373,12448163,12448248,85,mRNA
31374,12448312,12449138,826,mRNA
31375,12449200,12449782,582,mRNA
31376,12450069,12450236,167,mRNA
31377,12450521,12450595,74,mRNA
31378,12450914,12451290,376,mRNA
31379,12437345,12437890,545,mRNA
31380,12447759,12448100,341,mRNA
31381,12448163,12448248,85,mRNA
31382,12448312,12449138,826,mRNA
31383,12449200,12449782,582,mRNA
31384,12450914,12451290,376,mRNA
31385,12437390,12437409,19,CDS
31386,12447759,12448100,341,CDS
31387,12448163,12448248,85,CDS
31388,12448312,12449138,826,CDS
31389,12449200,12449782,582,CDS
31390,12451669,12451712,43,CDS
31391,12451975,12452040,65,CDS
31392,12437390,12437409,19,CDS
31393,12447759,12448100,341,CDS
31394,12448163,12448248,85,CDS
31395,12448312,12449138,826,CDS
31396,12449200,12449782,582,CDS
31397,12451975,12451988,13,CDS
31398,12440633,12441320,687,gene
31399,12441188,12441320,132,mRNA
31400,12440633,12441120,487,mRNA
31401,12441188,12441320,132,mRNA
31402,12440633,12441137,504,mRNA
31403,12441188,12441189,1,CDS
31404,12440736,12441120,384,CDS
31405,12440736,12441128,392,CDS
31406,12446465,12446517,52,mobile_element
31407,12447766,12448100,334,CDS
31408,12448163,12448248,85,CDS
31409,12448312,12449138,826,CDS
31410,12449200,12449782,582,CDS
31411,12450069,12450236,167,CDS
31412,12451669,12451712,43,CDS
31413,12451975,12452040,65,CDS
31414,12447766,12448100,334,CDS
31415,12448163,12448248,85,CDS
31416,12448312,12449138,826,CDS
31417,12449200,12449782,582,CDS
31418,12451669,12451712,43,CDS
31419,12451975,12452040,65,CDS
31420,12447766,12448100,334,CDS
31421,12448163,12448248,85,CDS
31422,12448312,12449138,826,CDS
31423,12449200,12449782,582,CDS
31424,12451975,12451988,13,CDS
31425,12447766,12448100,334,CDS
31426,12448163,12448248,85,CDS
31427,12448312,12449138,826,CDS
31428,12449200,12449782,582,CDS
31429,12450069,12450236,167,CDS
31430,12450521,12450595,74,CDS
31431,12450914,12451290,376,CDS
31432,12447766,12448100,334,CDS
31433,12448163,12448248,85,CDS
31434,12448312,12449138,826,CDS
31435,12449200,12449782,582,CDS
31436,12450914,12451290,376,CDS
31437,12453190,12465630,12440,gene
31438,12453190,12454054,864,mRNA
31439,12464340,12465630,1290,mRNA
31440,12453517,12454054,537,CDS
31441,12464340,12464881,541,CDS
31442,12465678,12471775,6097,gene
31443,12471729,12471775,46,mRNA
31444,12467978,12468192,214,mRNA
31445,12467633,12467910,277,mRNA
31446,12466345,12467569,1224,mRNA
31447,12466091,12466278,187,mRNA
31448,12465678,12466024,346,mRNA
31449,12467978,12468152,174,mRNA
31450,12467633,12467910,277,mRNA
31451,12466345,12467569,1224,mRNA
31452,12466091,12466278,187,mRNA
31453,12465678,12466024,346,mRNA
31454,12467978,12468072,94,CDS
31455,12467633,12467910,277,CDS
31456,12466345,12467569,1224,CDS
31457,12466091,12466278,187,CDS
31458,12465753,12466024,271,CDS
31459,12467978,12468072,94,CDS
31460,12467633,12467910,277,CDS
31461,12466345,12467569,1224,CDS
31462,12466091,12466278,187,CDS
31463,12465753,12466024,271,CDS
31464,12468651,12471722,3071,gene
31465,12468651,12468849,198,mRNA
31466,12468912,12469882,970,mRNA
31467,12469944,12471722,1778,mRNA
31468,12468753,12468849,96,CDS
31469,12468912,12469882,970,CDS
31470,12469944,12471551,1607,CDS
31471,12471915,12474021,2106,gene
31472,12471915,12474021,2106,mRNA
31473,12471915,12473816,1901,CDS
31474,12474424,12487986,13562,gene
31475,12474424,12474821,397,mRNA
31476,12480775,12481173,398,mRNA
31477,12484539,12484656,117,mRNA
31478,12484709,12484910,201,mRNA
31479,12484966,12485062,96,mRNA
31480,12485117,12485210,93,mRNA
31481,12485269,12485429,160,mRNA
31482,12485491,12485601,110,mRNA
31483,12485668,12485853,185,mRNA
31484,12485914,12486038,124,mRNA
31485,12486809,12487986,1177,mRNA
31486,12474424,12474821,397,mRNA
31487,12480775,12481173,398,mRNA
31488,12484539,12484656,117,mRNA
31489,12484709,12484910,201,mRNA
31490,12484966,12485062,96,mRNA
31491,12485117,12485210,93,mRNA
31492,12485269,12485429,160,mRNA
31493,12485491,12485601,110,mRNA
31494,12485668,12485853,185,mRNA
31495,12485914,12486038,124,mRNA
31496,12486260,12486310,50,mRNA
31497,12486586,12486743,157,mRNA
31498,12480934,12481173,239,CDS
31499,12484539,12484656,117,CDS
31500,12484709,12484910,201,CDS
31501,12484966,12485062,96,CDS
31502,12485117,12485210,93,CDS
31503,12485269,12485429,160,CDS
31504,12485491,12485601,110,CDS
31505,12485668,12485853,185,CDS
31506,12485914,12486038,124,CDS
31507,12486809,12486905,96,CDS
31508,12480934,12481173,239,CDS
31509,12484539,12484656,117,CDS
31510,12484709,12484910,201,CDS
31511,12484966,12485062,96,CDS
31512,12485117,12485210,93,CDS
31513,12485269,12485429,160,CDS
31514,12485491,12485601,110,CDS
31515,12485668,12485853,185,CDS
31516,12485914,12486038,124,CDS
31517,12486260,12486310,50,CDS
31518,12486586,12486628,42,CDS
31519,12481192,12482937,1745,mobile_element
31520,12486719,12487391,672,gene
31521,12487323,12487391,68,mRNA
31522,12486719,12487265,546,mRNA
31523,12487323,12487367,44,CDS
31524,12486936,12487265,329,CDS
31525,12487451,12507333,19882,gene
31526,12506811,12507333,522,mRNA
31527,12490523,12490705,182,mRNA
31528,12489946,12490454,508,mRNA
31529,12489146,12489881,735,mRNA
31530,12488762,12489080,318,mRNA
31531,12487451,12488694,1243,mRNA
31532,12504552,12504708,156,mRNA
31533,12490523,12490705,182,mRNA
31534,12489946,12490454,508,mRNA
31535,12489146,12489881,735,mRNA
31536,12488762,12489080,318,mRNA
31537,12487745,12488694,949,mRNA
31538,12506811,12507333,522,mRNA
31539,12490523,12490705,182,mRNA
31540,12489946,12490454,508,mRNA
31541,12489146,12489881,735,mRNA
31542,12488762,12489080,318,mRNA
31543,12487903,12488694,791,mRNA
31544,12506811,12507333,522,mRNA
31545,12490523,12490705,182,mRNA
31546,12489946,12490454,508,mRNA
31547,12489146,12489881,735,mRNA
31548,12488762,12489080,318,mRNA
31549,12487903,12488694,791,mRNA
31550,12491327,12491379,52,mRNA
31551,12490523,12490705,182,mRNA
31552,12489946,12490454,508,mRNA
31553,12489146,12489881,735,mRNA
31554,12488762,12489080,318,mRNA
31555,12488401,12488694,293,mRNA
31556,12490523,12490686,163,CDS
31557,12489946,12490454,508,CDS
31558,12489146,12489881,735,CDS
31559,12488762,12489080,318,CDS
31560,12488428,12488694,266,CDS
31561,12504552,12504568,16,CDS
31562,12490523,12490705,182,CDS
31563,12489946,12490454,508,CDS
31564,12489146,12489881,735,CDS
31565,12488762,12489080,318,CDS
31566,12488440,12488694,254,CDS
31567,12491327,12491346,19,CDS
31568,12490523,12490705,182,CDS
31569,12489946,12490454,508,CDS
31570,12489146,12489881,735,CDS
31571,12488762,12489080,318,CDS
31572,12488440,12488694,254,CDS
31573,12490523,12490686,163,CDS
31574,12489946,12490454,508,CDS
31575,12489146,12489881,735,CDS
31576,12488762,12489080,318,CDS
31577,12488440,12488694,254,CDS
31578,12490523,12490686,163,CDS
31579,12489946,12490454,508,CDS
31580,12489146,12489881,735,CDS
31581,12488762,12489080,318,CDS
31582,12488440,12488694,254,CDS
31583,12495672,12501459,5787,gene
31584,12495672,12496199,527,mRNA
31585,12498278,12498428,150,mRNA
31586,12499955,12501459,1504,mRNA
31587,12495838,12496199,361,CDS
31588,12498278,12498428,150,CDS
31589,12499955,12501052,1097,CDS
31590,12501751,12503829,2078,mobile_element
31591,12507896,12510615,2719,gene
31592,12510540,12510615,75,mRNA
31593,12510325,12510456,131,mRNA
31594,12509779,12510266,487,mRNA
31595,12509571,12509719,148,mRNA
31596,12508893,12508994,101,mRNA
31597,12508712,12508833,121,mRNA
31598,12508466,12508645,179,mRNA
31599,12507896,12508387,491,mRNA
31600,12510325,12510615,290,mRNA
31601,12509866,12510266,400,mRNA
31602,12509571,12509719,148,mRNA
31603,12509084,12509470,386,mRNA
31604,12508893,12508994,101,mRNA
31605,12508712,12508833,121,mRNA
31606,12508466,12508645,179,mRNA
31607,12507896,12508387,491,mRNA
31608,12510325,12510439,114,CDS
31609,12509866,12510266,400,CDS
31610,12509571,12509719,148,CDS
31611,12509084,12509470,386,CDS
31612,12508893,12508994,101,CDS
31613,12508712,12508833,121,CDS
31614,12508466,12508645,179,CDS
31615,12508269,12508387,118,CDS
31616,12510325,12510439,114,CDS
31617,12509779,12510266,487,CDS
31618,12509571,12509719,148,CDS
31619,12508893,12508994,101,CDS
31620,12508712,12508833,121,CDS
31621,12508466,12508645,179,CDS
31622,12508269,12508387,118,CDS
31623,12511296,12511388,92,mobile_element
31624,12511534,12515062,3528,gene
31625,12514776,12515062,286,mRNA
31626,12514130,12514261,131,mRNA
31627,12513568,12514061,493,mRNA
31628,12513360,12513508,148,mRNA
31629,12512682,12512783,101,mRNA
31630,12512501,12512622,121,mRNA
31631,12512255,12512434,179,mRNA
31632,12511534,12512189,655,mRNA
31633,12514776,12515062,286,mRNA
31634,12514130,12514261,131,mRNA
31635,12513568,12514061,493,mRNA
31636,12513360,12513508,148,mRNA
31637,12512873,12513259,386,mRNA
31638,12512682,12512783,101,mRNA
31639,12512501,12512622,121,mRNA
31640,12512255,12512434,179,mRNA
31641,12511534,12512189,655,mRNA
31642,12514344,12514398,54,mRNA
31643,12514130,12514261,131,mRNA
31644,12513568,12514061,493,mRNA
31645,12513360,12513508,148,mRNA
31646,12512873,12513259,386,mRNA
31647,12512682,12512783,101,mRNA
31648,12512501,12512622,121,mRNA
31649,12512255,12512434,179,mRNA
31650,12511534,12512189,655,mRNA
31651,12514130,12514244,114,CDS
31652,12513568,12514061,493,CDS
31653,12513360,12513508,148,CDS
31654,12512682,12512783,101,CDS
31655,12512501,12512622,121,CDS
31656,12512255,12512434,179,CDS
31657,12512071,12512189,118,CDS
31658,12514130,12514244,114,CDS
31659,12513568,12514061,493,CDS
31660,12513360,12513508,148,CDS
31661,12512873,12513259,386,CDS
31662,12512682,12512783,101,CDS
31663,12512501,12512622,121,CDS
31664,12512255,12512434,179,CDS
31665,12512071,12512189,118,CDS
31666,12514130,12514244,114,CDS
31667,12513568,12514061,493,CDS
31668,12513360,12513508,148,CDS
31669,12512873,12513259,386,CDS
31670,12512682,12512783,101,CDS
31671,12512501,12512622,121,CDS
31672,12512255,12512434,179,CDS
31673,12512071,12512189,118,CDS
31674,12515375,12517284,1909,gene
31675,12515375,12517284,1909,mRNA
31676,12515444,12517258,1814,CDS
31677,12517264,12518912,1648,gene
31678,12517837,12518912,1075,mRNA
31679,12517641,12517774,133,mRNA
31680,12517264,12517588,324,mRNA
31681,12517837,12518807,970,CDS
31682,12517641,12517774,133,CDS
31683,12517404,12517588,184,CDS
31684,12519166,12521624,2458,gene
31685,12519166,12519347,181,mRNA
31686,12519413,12520470,1057,mRNA
31687,12520531,12521624,1093,mRNA
31688,12519233,12519347,114,CDS
31689,12519413,12520470,1057,CDS
31690,12520531,12521184,653,CDS
31691,12522023,12522731,708,gene
31692,12522023,12522085,62,mRNA
31693,12522135,12522290,155,mRNA
31694,12522356,12522523,167,mRNA
31695,12522576,12522731,155,mRNA
31696,12522023,12522085,62,CDS
31697,12522135,12522290,155,CDS
31698,12522356,12522523,167,CDS
31699,12522576,12522731,155,CDS
31700,12522879,12523136,257,mobile_element
31701,12526790,12526863,73,mobile_element
31702,12529053,12564184,35131,gene
31703,12529053,12529826,773,mRNA
31704,12556573,12557775,1202,mRNA
31705,12558418,12559078,660,mRNA
31706,12559544,12559826,282,mRNA
31707,12559892,12560101,209,mRNA
31708,12560159,12561489,1330,mRNA
31709,12561548,12561795,247,mRNA
31710,12561856,12562036,180,mRNA
31711,12562684,12562817,133,mRNA
31712,12562890,12564184,1294,mRNA
31713,12529053,12529826,773,mRNA
31714,12556573,12557775,1202,mRNA
31715,12558445,12559078,633,mRNA
31716,12559544,12559826,282,mRNA
31717,12559892,12560101,209,mRNA
31718,12560159,12561489,1330,mRNA
31719,12561548,12561795,247,mRNA
31720,12561856,12562036,180,mRNA
31721,12562684,12562817,133,mRNA
31722,12562890,12564184,1294,mRNA
31723,12529053,12529826,773,mRNA
31724,12556573,12557775,1202,mRNA
31725,12558871,12559078,207,mRNA
31726,12559544,12559826,282,mRNA
31727,12559892,12560101,209,mRNA
31728,12560159,12561489,1330,mRNA
31729,12561548,12561795,247,mRNA
31730,12561856,12562036,180,mRNA
31731,12562684,12562817,133,mRNA
31732,12562890,12564184,1294,mRNA
31733,12529727,12529826,99,CDS
31734,12556573,12557775,1202,CDS
31735,12558418,12559078,660,CDS
31736,12559544,12559826,282,CDS
31737,12559892,12560101,209,CDS
31738,12560159,12561489,1330,CDS
31739,12561548,12561795,247,CDS
31740,12561856,12562036,180,CDS
31741,12562684,12562817,133,CDS
31742,12562890,12563119,229,CDS
31743,12529727,12529826,99,CDS
31744,12556573,12557775,1202,CDS
31745,12558445,12559078,633,CDS
31746,12559544,12559826,282,CDS
31747,12559892,12560101,209,CDS
31748,12560159,12561489,1330,CDS
31749,12561548,12561795,247,CDS
31750,12561856,12562036,180,CDS
31751,12562684,12562817,133,CDS
31752,12562890,12563119,229,CDS
31753,12529727,12529826,99,CDS
31754,12556573,12557775,1202,CDS
31755,12558871,12559078,207,CDS
31756,12559544,12559826,282,CDS
31757,12559892,12560101,209,CDS
31758,12560159,12561489,1330,CDS
31759,12561548,12561795,247,CDS
31760,12561856,12562036,180,CDS
31761,12562684,12562817,133,CDS
31762,12562890,12563119,229,CDS
31763,12545689,12546301,612,gene
31764,12545689,12546084,395,mRNA
31765,12546140,12546301,161,mRNA
31766,12545689,12546084,395,CDS
31767,12546140,12546301,161,CDS
31768,12562060,12562655,595,gene
31769,12562060,12562655,595,mRNA
31770,12562180,12562593,413,CDS
31771,12564224,12564901,677,gene
31772,12564671,12564901,230,mRNA
31773,12564432,12564599,167,mRNA
31774,12564224,12564373,149,mRNA
31775,12564671,12564901,230,CDS
31776,12564432,12564599,167,CDS
31777,12564224,12564373,149,CDS
31778,12566185,12569061,2876,gene
31779,12566185,12566623,438,mRNA
31780,12567186,12567336,150,mRNA
31781,12567484,12567596,112,mRNA
31782,12567651,12567844,193,mRNA
31783,12567905,12568106,201,mRNA
31784,12568164,12568329,165,mRNA
31785,12568387,12569061,674,mRNA
31786,12566358,12566623,265,CDS
31787,12567186,12567336,150,CDS
31788,12567484,12567596,112,CDS
31789,12567651,12567844,193,CDS
31790,12567905,12568106,201,CDS
31791,12568164,12568329,165,CDS
31792,12568387,12568956,569,CDS
31793,12569014,12569847,833,gene
31794,12569681,12569847,166,mRNA
31795,12569461,12569612,151,mRNA
31796,12569014,12569405,391,mRNA
31797,12569681,12569726,45,CDS
31798,12569461,12569612,151,CDS
31799,12569076,12569405,329,CDS
31800,12570367,12571883,1516,gene
31801,12570367,12570643,276,mRNA
31802,12570720,12570992,272,mRNA
31803,12571145,12571216,71,mRNA
31804,12571335,12571883,548,mRNA
31805,12570449,12570643,194,CDS
31806,12570720,12570992,272,CDS
31807,12571145,12571216,71,CDS
31808,12571335,12571760,425,CDS
31809,12572068,12575299,3231,gene
31810,12572068,12572377,309,mRNA
31811,12572501,12572605,104,mRNA
31812,12572690,12572891,201,mRNA
31813,12572982,12573953,971,mRNA
31814,12574013,12574182,169,mRNA
31815,12574234,12574620,386,mRNA
31816,12574679,12574837,158,mRNA
31817,12574894,12574977,83,mRNA
31818,12575042,12575299,257,mRNA
31819,12572138,12572377,239,CDS
31820,12572501,12572605,104,CDS
31821,12572690,12572891,201,CDS
31822,12572982,12573953,971,CDS
31823,12574013,12574182,169,CDS
31824,12574234,12574620,386,CDS
31825,12574679,12574837,158,CDS
31826,12574894,12574977,83,CDS
31827,12575042,12575164,122,CDS
31828,12575240,12592917,17677,gene
31829,12592729,12592917,188,mRNA
31830,12585255,12586072,817,mRNA
31831,12583901,12585183,1282,mRNA
31832,12582289,12583829,1540,mRNA
31833,12581639,12581939,300,mRNA
31834,12581202,12581577,375,mRNA
31835,12580116,12580630,514,mRNA
31836,12579724,12580053,329,mRNA
31837,12579415,12579621,206,mRNA
31838,12579129,12579356,227,mRNA
31839,12576568,12576993,425,mRNA
31840,12575240,12576499,1259,mRNA
31841,12592729,12592917,188,mRNA
31842,12592329,12592445,116,mRNA
31843,12585255,12586072,817,mRNA
31844,12583901,12585183,1282,mRNA
31845,12582289,12583829,1540,mRNA
31846,12581639,12581939,300,mRNA
31847,12581202,12581577,375,mRNA
31848,12580116,12580630,514,mRNA
31849,12579724,12580053,329,mRNA
31850,12579415,12579621,206,mRNA
31851,12579129,12579356,227,mRNA
31852,12577454,12577653,199,mRNA
31853,12576568,12576993,425,mRNA
31854,12575240,12576499,1259,mRNA
31855,12592329,12592917,588,mRNA
31856,12585255,12586072,817,mRNA
31857,12583901,12585183,1282,mRNA
31858,12582289,12583829,1540,mRNA
31859,12581639,12581939,300,mRNA
31860,12581202,12581577,375,mRNA
31861,12580116,12580630,514,mRNA
31862,12579724,12580053,329,mRNA
31863,12579415,12579621,206,mRNA
31864,12579129,12579356,227,mRNA
31865,12576568,12576993,425,mRNA
31866,12575240,12576499,1259,mRNA
31867,12592329,12592917,588,mRNA
31868,12585255,12586072,817,mRNA
31869,12583901,12585183,1282,mRNA
31870,12582289,12583829,1540,mRNA
31871,12581639,12581939,300,mRNA
31872,12581202,12581577,375,mRNA
31873,12580116,12580630,514,mRNA
31874,12579724,12580053,329,mRNA
31875,12579415,12579621,206,mRNA
31876,12579129,12579356,227,mRNA
31877,12577454,12577653,199,mRNA
31878,12576568,12576993,425,mRNA
31879,12575240,12576499,1259,mRNA
31880,12592329,12592917,588,mRNA
31881,12585255,12586072,817,mRNA
31882,12583901,12585183,1282,mRNA
31883,12582289,12583829,1540,mRNA
31884,12581639,12581939,300,mRNA
31885,12581202,12581577,375,mRNA
31886,12580116,12580630,514,mRNA
31887,12579724,12580053,329,mRNA
31888,12579415,12579621,206,mRNA
31889,12579129,12579356,227,mRNA
31890,12577454,12577709,255,mRNA
31891,12576568,12576993,425,mRNA
31892,12575240,12576499,1259,mRNA
31893,12592329,12592917,588,mRNA
31894,12585255,12586072,817,mRNA
31895,12583901,12585183,1282,mRNA
31896,12582289,12583829,1540,mRNA
31897,12581639,12581939,300,mRNA
31898,12581202,12581577,375,mRNA
31899,12580116,12580630,514,mRNA
31900,12579724,12580053,329,mRNA
31901,12579415,12579621,206,mRNA
31902,12579129,12579356,227,mRNA
31903,12577454,12578285,831,mRNA
31904,12576568,12576993,425,mRNA
31905,12575240,12576499,1259,mRNA
31906,12592329,12592917,588,mRNA
31907,12585255,12586072,817,mRNA
31908,12583901,12585183,1282,mRNA
31909,12582289,12583829,1540,mRNA
31910,12581639,12581939,300,mRNA
31911,12581202,12581577,375,mRNA
31912,12580116,12580630,514,mRNA
31913,12579724,12580053,329,mRNA
31914,12579415,12579621,206,mRNA
31915,12579129,12579356,227,mRNA
31916,12577454,12578551,1097,mRNA
31917,12576568,12576993,425,mRNA
31918,12575240,12576499,1259,mRNA
31919,12592329,12592917,588,mRNA
31920,12585255,12586072,817,mRNA
31921,12583901,12585183,1282,mRNA
31922,12582289,12583829,1540,mRNA
31923,12581639,12581951,312,mRNA
31924,12581202,12581577,375,mRNA
31925,12580116,12580612,496,mRNA
31926,12579724,12580053,329,mRNA
31927,12579415,12579621,206,mRNA
31928,12579129,12579356,227,mRNA
31929,12576568,12576993,425,mRNA
31930,12575240,12576499,1259,mRNA
31931,12588716,12589152,436,mRNA
31932,12585255,12586072,817,mRNA
31933,12583901,12585183,1282,mRNA
31934,12582289,12583829,1540,mRNA
31935,12581639,12581939,300,mRNA
31936,12581202,12581577,375,mRNA
31937,12580116,12580630,514,mRNA
31938,12579724,12580053,329,mRNA
31939,12579415,12579621,206,mRNA
31940,12579129,12579356,227,mRNA
31941,12576568,12576993,425,mRNA
31942,12575240,12576499,1259,mRNA
31943,12588716,12589152,436,mRNA
31944,12585255,12586072,817,mRNA
31945,12583901,12585183,1282,mRNA
31946,12582289,12583829,1540,mRNA
31947,12581639,12581951,312,mRNA
31948,12581202,12581577,375,mRNA
31949,12580116,12580630,514,mRNA
31950,12579724,12580053,329,mRNA
31951,12579415,12579621,206,mRNA
31952,12579129,12579356,227,mRNA
31953,12576568,12576993,425,mRNA
31954,12575240,12576499,1259,mRNA
31955,12585255,12585711,456,CDS
31956,12583901,12585183,1282,CDS
31957,12582289,12583829,1540,CDS
31958,12581639,12581939,300,CDS
31959,12581202,12581577,375,CDS
31960,12580116,12580630,514,CDS
31961,12579724,12580053,329,CDS
31962,12579415,12579621,206,CDS
31963,12579129,12579356,227,CDS
31964,12576568,12576993,425,CDS
31965,12575975,12576499,524,CDS
31966,12585255,12585711,456,CDS
31967,12583901,12585183,1282,CDS
31968,12582289,12583829,1540,CDS
31969,12581639,12581939,300,CDS
31970,12581202,12581577,375,CDS
31971,12580116,12580630,514,CDS
31972,12579724,12580053,329,CDS
31973,12579415,12579621,206,CDS
31974,12579129,12579356,227,CDS
31975,12576568,12576993,425,CDS
31976,12575975,12576499,524,CDS
31977,12585255,12585711,456,CDS
31978,12583901,12585183,1282,CDS
31979,12582289,12583829,1540,CDS
31980,12581639,12581939,300,CDS
31981,12581202,12581577,375,CDS
31982,12580116,12580630,514,CDS
31983,12579724,12580053,329,CDS
31984,12579415,12579621,206,CDS
31985,12579129,12579356,227,CDS
31986,12576568,12576993,425,CDS
31987,12575975,12576499,524,CDS
31988,12585255,12585711,456,CDS
31989,12583901,12585183,1282,CDS
31990,12582289,12583829,1540,CDS
31991,12581639,12581951,312,CDS
31992,12581202,12581577,375,CDS
31993,12580116,12580612,496,CDS
31994,12579724,12580053,329,CDS
31995,12579415,12579621,206,CDS
31996,12579129,12579356,227,CDS
31997,12576568,12576993,425,CDS
31998,12575975,12576499,524,CDS
31999,12585255,12585711,456,CDS
32000,12583901,12585183,1282,CDS
32001,12582289,12583829,1540,CDS
32002,12581639,12581951,312,CDS
32003,12581202,12581577,375,CDS
32004,12580116,12580630,514,CDS
32005,12579724,12580053,329,CDS
32006,12579415,12579621,206,CDS
32007,12579129,12579356,227,CDS
32008,12576568,12576993,425,CDS
32009,12575975,12576499,524,CDS
32010,12585255,12585711,456,CDS
32011,12583901,12585183,1282,CDS
32012,12582289,12583829,1540,CDS
32013,12581639,12581939,300,CDS
32014,12581202,12581577,375,CDS
32015,12580116,12580630,514,CDS
32016,12579724,12580053,329,CDS
32017,12579415,12579621,206,CDS
32018,12579129,12579356,227,CDS
32019,12577561,12577653,92,CDS
32020,12585255,12585711,456,CDS
32021,12583901,12585183,1282,CDS
32022,12582289,12583829,1540,CDS
32023,12581639,12581939,300,CDS
32024,12581202,12581577,375,CDS
32025,12580116,12580630,514,CDS
32026,12579724,12580053,329,CDS
32027,12579415,12579621,206,CDS
32028,12579129,12579356,227,CDS
32029,12577561,12577653,92,CDS
32030,12585255,12585711,456,CDS
32031,12583901,12585183,1282,CDS
32032,12582289,12583829,1540,CDS
32033,12581639,12581939,300,CDS
32034,12581202,12581577,375,CDS
32035,12580116,12580630,514,CDS
32036,12579724,12580053,329,CDS
32037,12579415,12579621,206,CDS
32038,12579129,12579356,227,CDS
32039,12577704,12577709,5,CDS
32040,12585255,12585711,456,CDS
32041,12583901,12585183,1282,CDS
32042,12582289,12583829,1540,CDS
32043,12581639,12581939,300,CDS
32044,12581202,12581577,375,CDS
32045,12580116,12580630,514,CDS
32046,12579724,12580053,329,CDS
32047,12579415,12579621,206,CDS
32048,12579129,12579356,227,CDS
32049,12578163,12578285,122,CDS
32050,12585255,12585711,456,CDS
32051,12583901,12585183,1282,CDS
32052,12582289,12583829,1540,CDS
32053,12581639,12581939,300,CDS
32054,12581202,12581577,375,CDS
32055,12580116,12580630,514,CDS
32056,12579724,12580053,329,CDS
32057,12579415,12579621,206,CDS
32058,12579129,12579356,227,CDS
32059,12578534,12578551,17,CDS
32060,12589239,12591395,2156,gene
32061,12589239,12590339,1100,ncRNA
32062,12590439,12591395,956,ncRNA
32063,12589239,12590339,1100,ncRNA
32064,12590439,12590705,266,ncRNA
32065,12589767,12590339,572,ncRNA
32066,12590439,12590705,266,ncRNA
32067,12593195,12593827,632,gene
32068,12593195,12593827,632,ncRNA
32069,12593604,12612068,18464,gene
32070,12593604,12594068,464,mRNA
32071,12606915,12607050,135,mRNA
32072,12607124,12607314,190,mRNA
32073,12607378,12607482,104,mRNA
32074,12607544,12607714,170,mRNA
32075,12607916,12607997,81,mRNA
32076,12608056,12608178,122,mRNA
32077,12609169,12609876,707,mRNA
32078,12610579,12610721,142,mRNA
32079,12611009,12612068,1059,mRNA
32080,12593604,12594068,464,mRNA
32081,12606915,12607050,135,mRNA
32082,12607124,12607314,190,mRNA
32083,12607378,12607482,104,mRNA
32084,12607544,12607714,170,mRNA
32085,12607916,12607997,81,mRNA
32086,12608056,12608178,122,mRNA
32087,12609229,12609636,407,mRNA
32088,12610579,12610721,142,mRNA
32089,12611009,12612068,1059,mRNA
32090,12593604,12594068,464,mRNA
32091,12606915,12607050,135,mRNA
32092,12607124,12607314,190,mRNA
32093,12607378,12607482,104,mRNA
32094,12607544,12607714,170,mRNA
32095,12607916,12607997,81,mRNA
32096,12608056,12608178,122,mRNA
32097,12610579,12610721,142,mRNA
32098,12610988,12612068,1080,mRNA
32099,12594000,12594068,68,CDS
32100,12606915,12607050,135,CDS
32101,12607124,12607314,190,CDS
32102,12607378,12607482,104,CDS
32103,12607544,12607714,170,CDS
32104,12607916,12607997,81,CDS
32105,12608056,12608178,122,CDS
32106,12609169,12609876,707,CDS
32107,12610579,12610721,142,CDS
32108,12611009,12611089,80,CDS
32109,12594000,12594068,68,CDS
32110,12606915,12607050,135,CDS
32111,12607124,12607314,190,CDS
32112,12607378,12607482,104,CDS
32113,12607544,12607714,170,CDS
32114,12607916,12607997,81,CDS
32115,12608056,12608178,122,CDS
32116,12609229,12609636,407,CDS
32117,12610579,12610721,142,CDS
32118,12611009,12611089,80,CDS
32119,12594000,12594068,68,CDS
32120,12606915,12607050,135,CDS
32121,12607124,12607314,190,CDS
32122,12607378,12607482,104,CDS
32123,12607544,12607714,170,CDS
32124,12607916,12607997,81,CDS
32125,12608056,12608178,122,CDS
32126,12610579,12610721,142,CDS
32127,12610988,12611089,101,CDS
32128,12594392,12595649,1257,gene
32129,12594392,12595649,1257,ncRNA
32130,12612740,12623197,10457,gene
32131,12612740,12612884,144,mRNA
32132,12615907,12616414,507,mRNA
32133,12616540,12616724,184,mRNA
32134,12616787,12616941,154,mRNA
32135,12617072,12617200,128,mRNA
32136,12617795,12617924,129,mRNA
32137,12617987,12618140,153,mRNA
32138,12618443,12618550,107,mRNA
32139,12619064,12623197,4133,mRNA
32140,12612740,12612851,111,mRNA
32141,12615907,12616414,507,mRNA
32142,12616540,12616724,184,mRNA
32143,12616787,12616941,154,mRNA
32144,12617072,12617200,128,mRNA
32145,12617795,12617924,129,mRNA
32146,12617987,12618140,153,mRNA
32147,12618443,12618550,107,mRNA
32148,12619064,12621242,2178,mRNA
32149,12612740,12619820,7080,gene
32150,12612740,12612884,144,mRNA
32151,12613567,12614345,778,mRNA
32152,12615907,12616414,507,mRNA
32153,12616540,12616724,184,mRNA
32154,12616787,12616941,154,mRNA
32155,12617072,12617200,128,mRNA
32156,12617795,12617924,129,mRNA
32157,12617987,12618140,153,mRNA
32158,12618443,12618550,107,mRNA
32159,12619064,12619820,756,mRNA
32160,12612740,12612884,144,mRNA
32161,12613567,12614345,778,mRNA
32162,12615907,12616414,507,mRNA
32163,12616540,12616724,184,mRNA
32164,12616787,12616941,154,mRNA
32165,12617072,12617200,128,mRNA
32166,12617795,12617924,129,mRNA
32167,12617987,12618140,153,mRNA
32168,12618443,12618550,107,mRNA
32169,12619064,12619820,756,mRNA
32170,12612740,12612851,111,mRNA
32171,12613567,12614345,778,mRNA
32172,12615907,12616414,507,mRNA
32173,12616540,12616724,184,mRNA
32174,12616787,12616941,154,mRNA
32175,12617072,12617200,128,mRNA
32176,12617795,12617924,129,mRNA
32177,12617987,12618140,153,mRNA
32178,12618443,12618550,107,mRNA
32179,12619064,12619820,756,mRNA
32180,12612740,12612851,111,mRNA
32181,12613567,12614345,778,mRNA
32182,12615907,12616414,507,mRNA
32183,12616540,12616724,184,mRNA
32184,12616787,12616941,154,mRNA
32185,12617072,12617200,128,mRNA
32186,12617795,12617924,129,mRNA
32187,12617987,12618140,153,mRNA
32188,12618443,12618550,107,mRNA
32189,12619064,12619820,756,mRNA
32190,12612740,12612851,111,mRNA
32191,12615907,12616414,507,mRNA
32192,12616540,12616724,184,mRNA
32193,12616787,12616941,154,mRNA
32194,12617072,12617200,128,mRNA
32195,12617456,12617584,128,mRNA
32196,12617795,12617924,129,mRNA
32197,12617987,12618140,153,mRNA
32198,12618443,12618550,107,mRNA
32199,12618781,12618983,202,mRNA
32200,12612847,12612851,4,CDS
32201,12613567,12613657,90,CDS
32202,12612880,12612884,4,CDS
32203,12613567,12613657,90,CDS
32204,12615787,12615829,42,mRNA
32205,12615907,12616414,507,mRNA
32206,12616540,12616724,184,mRNA
32207,12616787,12616941,154,mRNA
32208,12617456,12617584,128,mRNA
32209,12617795,12617924,129,mRNA
32210,12617987,12618140,153,mRNA
32211,12618204,12618311,107,mRNA
32212,12618781,12618983,202,mRNA
32213,12615788,12615829,41,mRNA
32214,12615907,12616081,174,mRNA
32215,12616163,12616414,251,mRNA
32216,12616540,12616724,184,mRNA
32217,12616787,12616941,154,mRNA
32218,12617072,12617200,128,mRNA
32219,12617795,12617924,129,mRNA
32220,12617987,12618140,153,mRNA
32221,12618443,12618550,107,mRNA
32222,12619064,12621242,2178,mRNA
32223,12616297,12616414,117,CDS
32224,12616540,12616724,184,CDS
32225,12616787,12616941,154,CDS
32226,12617072,12617200,128,CDS
32227,12617795,12617924,129,CDS
32228,12617987,12618140,153,CDS
32229,12618443,12618550,107,CDS
32230,12619064,12619146,82,CDS
32231,12616297,12616414,117,CDS
32232,12616540,12616724,184,CDS
32233,12616787,12616941,154,CDS
32234,12617072,12617200,128,CDS
32235,12617795,12617924,129,CDS
32236,12617987,12618140,153,CDS
32237,12618443,12618550,107,CDS
32238,12619064,12619146,82,CDS
32239,12616297,12616414,117,CDS
32240,12616540,12616724,184,CDS
32241,12616787,12616941,154,CDS
32242,12617072,12617200,128,CDS
32243,12617795,12617924,129,CDS
32244,12617987,12618140,153,CDS
32245,12618443,12618550,107,CDS
32246,12619064,12619146,82,CDS
32247,12616297,12616414,117,CDS
32248,12616540,12616724,184,CDS
32249,12616787,12616941,154,CDS
32250,12617072,12617200,128,CDS
32251,12617795,12617924,129,CDS
32252,12617987,12618140,153,CDS
32253,12618443,12618550,107,CDS
32254,12619064,12619146,82,CDS
32255,12616297,12616414,117,CDS
32256,12616540,12616724,184,CDS
32257,12616787,12616941,154,CDS
32258,12617072,12617200,128,CDS
32259,12617795,12617924,129,CDS
32260,12617987,12618140,153,CDS
32261,12618443,12618550,107,CDS
32262,12619064,12619146,82,CDS
32263,12616297,12616414,117,CDS
32264,12616540,12616724,184,CDS
32265,12616787,12616941,154,CDS
32266,12617072,12617200,128,CDS
32267,12617456,12617584,128,CDS
32268,12617795,12617924,129,CDS
32269,12617987,12618140,153,CDS
32270,12618443,12618550,107,CDS
32271,12618781,12618863,82,CDS
32272,12616297,12616414,117,CDS
32273,12616540,12616724,184,CDS
32274,12616787,12616941,154,CDS
32275,12617456,12617584,128,CDS
32276,12617795,12617924,129,CDS
32277,12617987,12618140,153,CDS
32278,12618204,12618311,107,CDS
32279,12618781,12618863,82,CDS
32280,12623726,12625352,1626,gene
32281,12623726,12623843,117,mRNA
32282,12623902,12624086,184,mRNA
32283,12624149,12624303,154,mRNA
32284,12624364,12624492,128,mRNA
32285,12624563,12624692,129,mRNA
32286,12624754,12624907,153,mRNA
32287,12624984,12625091,107,mRNA
32288,12625270,12625352,82,mRNA
32289,12623726,12623843,117,CDS
32290,12623902,12624086,184,CDS
32291,12624149,12624303,154,CDS
32292,12624364,12624492,128,CDS
32293,12624563,12624692,129,CDS
32294,12624754,12624907,153,CDS
32295,12624984,12625091,107,CDS
32296,12625270,12625352,82,CDS
32297,12623779,12624086,307,mRNA
32298,12624149,12624303,154,mRNA
32299,12624364,12624492,128,mRNA
32300,12624563,12624692,129,mRNA
32301,12624754,12624907,153,mRNA
32302,12624984,12625091,107,mRNA
32303,12625270,12625352,82,mRNA
32304,12623868,12624086,218,CDS
32305,12624149,12624303,154,CDS
32306,12624364,12624492,128,CDS
32307,12624563,12624692,129,CDS
32308,12624754,12624907,153,CDS
32309,12624984,12625091,107,CDS
32310,12625270,12625352,82,CDS
32311,12625808,12628619,2811,gene
32312,12625808,12626136,328,mRNA
32313,12626753,12626916,163,mRNA
32314,12626984,12627168,184,mRNA
32315,12627237,12627391,154,mRNA
32316,12627598,12627726,128,mRNA
32317,12627787,12627916,129,mRNA
32318,12627971,12628124,153,mRNA
32319,12628194,12628301,107,mRNA
32320,12628439,12628619,180,mRNA
32321,12626799,12626916,117,CDS
32322,12626984,12627168,184,CDS
32323,12627237,12627391,154,CDS
32324,12627598,12627726,128,CDS
32325,12627787,12627916,129,CDS
32326,12627971,12628124,153,CDS
32327,12628194,12628301,107,CDS
32328,12628439,12628521,82,CDS
32329,12628697,12632378,3681,gene
32330,12631963,12632281,318,mRNA
32331,12631668,12631880,212,mRNA
32332,12631263,12631605,342,mRNA
32333,12631042,12631180,138,mRNA
32334,12630844,12630985,141,mRNA
32335,12630384,12630780,396,mRNA
32336,12630102,12630320,218,mRNA
32337,12629729,12630048,319,mRNA
32338,12629520,12629676,156,mRNA
32339,12629328,12629457,129,mRNA
32340,12628697,12629272,575,mRNA
32341,12631963,12632281,318,mRNA
32342,12631668,12631880,212,mRNA
32343,12631263,12631605,342,mRNA
32344,12631042,12631180,138,mRNA
32345,12630384,12630985,601,mRNA
32346,12630102,12630320,218,mRNA
32347,12629729,12630048,319,mRNA
32348,12629520,12629676,156,mRNA
32349,12629328,12629457,129,mRNA
32350,12628697,12629272,575,mRNA
32351,12632242,12632378,136,mRNA
32352,12631963,12632178,215,mRNA
32353,12631668,12631880,212,mRNA
32354,12631263,12631605,342,mRNA
32355,12631042,12631180,138,mRNA
32356,12630384,12630985,601,mRNA
32357,12630102,12630320,218,mRNA
32358,12629729,12630048,319,mRNA
32359,12629520,12629676,156,mRNA
32360,12629328,12629457,129,mRNA
32361,12628967,12629272,305,mRNA
32362,12631963,12632156,193,CDS
32363,12631668,12631880,212,CDS
32364,12631263,12631605,342,CDS
32365,12631042,12631180,138,CDS
32366,12630844,12630985,141,CDS
32367,12630384,12630780,396,CDS
32368,12630102,12630320,218,CDS
32369,12629729,12630048,319,CDS
32370,12629520,12629676,156,CDS
32371,12629328,12629457,129,CDS
32372,12629028,12629272,244,CDS
32373,12631963,12632156,193,CDS
32374,12631668,12631880,212,CDS
32375,12631263,12631605,342,CDS
32376,12631042,12631180,138,CDS
32377,12630384,12630985,601,CDS
32378,12630102,12630320,218,CDS
32379,12629729,12630048,319,CDS
32380,12629520,12629676,156,CDS
32381,12629328,12629457,129,CDS
32382,12629028,12629272,244,CDS
32383,12631963,12632156,193,CDS
32384,12631668,12631880,212,CDS
32385,12631263,12631605,342,CDS
32386,12631042,12631180,138,CDS
32387,12630384,12630985,601,CDS
32388,12630102,12630320,218,CDS
32389,12629729,12630048,319,CDS
32390,12629520,12629676,156,CDS
32391,12629328,12629457,129,CDS
32392,12629028,12629272,244,CDS
32393,12632674,12633454,780,gene
32394,12632674,12632742,68,mRNA
32395,12632796,12632954,158,mRNA
32396,12633005,12633454,449,mRNA
32397,12632674,12632742,68,CDS
32398,12632796,12632954,158,CDS
32399,12633005,12633454,449,CDS
32400,12633589,12634172,583,gene
32401,12633589,12633745,156,mRNA
32402,12633807,12633969,162,mRNA
32403,12634036,12634172,136,mRNA
32404,12633677,12633745,68,CDS
32405,12633807,12633969,162,CDS
32406,12634036,12634154,118,CDS
32407,12634166,12636141,1975,gene
32408,12634166,12636141,1975,gene
32409,12634166,12636141,1975,mRNA
32410,12634166,12636141,1975,mRNA
32411,12634166,12635682,1516,mRNA
32412,12634254,12635426,1172,CDS
32413,12634254,12635426,1172,CDS
32414,12635824,12636084,260,CDS
32415,12636671,12640628,3957,gene
32416,12636671,12636990,319,mRNA
32417,12637054,12637271,217,mRNA
32418,12637339,12637593,254,mRNA
32419,12637655,12639770,2115,mRNA
32420,12639830,12639990,160,mRNA
32421,12640052,12640628,576,mRNA
32422,12636671,12636781,110,mRNA
32423,12636844,12636990,146,mRNA
32424,12637054,12637271,217,mRNA
32425,12637339,12637593,254,mRNA
32426,12637655,12639770,2115,mRNA
32427,12639830,12639990,160,mRNA
32428,12640052,12640628,576,mRNA
32429,12636671,12636737,66,mRNA
32430,12636844,12636990,146,mRNA
32431,12637054,12637271,217,mRNA
32432,12637339,12637593,254,mRNA
32433,12637655,12639770,2115,mRNA
32434,12639830,12639990,160,mRNA
32435,12640052,12640628,576,mRNA
32436,12636943,12636990,47,CDS
32437,12637054,12637271,217,CDS
32438,12637339,12637593,254,CDS
32439,12637655,12639770,2115,CDS
32440,12639830,12639990,160,CDS
32441,12640052,12640337,285,CDS
32442,12636943,12636990,47,CDS
32443,12637054,12637271,217,CDS
32444,12637339,12637593,254,CDS
32445,12637655,12639770,2115,CDS
32446,12639830,12639990,160,CDS
32447,12640052,12640337,285,CDS
32448,12636943,12636990,47,CDS
32449,12637054,12637271,217,CDS
32450,12637339,12637593,254,CDS
32451,12637655,12639770,2115,CDS
32452,12639830,12639990,160,CDS
32453,12640052,12640337,285,CDS
32454,12640690,12648224,7534,gene
32455,12647876,12648224,348,mRNA
32456,12643877,12643986,109,mRNA
32457,12643153,12643384,231,mRNA
32458,12642040,12642161,121,mRNA
32459,12640690,12641983,1293,mRNA
32460,12645060,12645141,81,mRNA
32461,12643877,12643986,109,mRNA
32462,12643153,12643384,231,mRNA
32463,12642040,12642161,121,mRNA
32464,12640690,12641983,1293,mRNA
32465,12643877,12643986,109,CDS
32466,12643153,12643384,231,CDS
32467,12642040,12642161,121,CDS
32468,12641023,12641983,960,CDS
32469,12643877,12643986,109,CDS
32470,12643153,12643384,231,CDS
32471,12642040,12642161,121,CDS
32472,12641023,12641983,960,CDS
32473,12651301,12652487,1186,gene
32474,12652084,12652487,403,mRNA
32475,12651301,12652020,719,mRNA
32476,12652084,12652405,321,CDS
32477,12651443,12652020,577,CDS
32478,12652805,12655743,2938,gene
32479,12652805,12653127,322,mRNA
32480,12653182,12654058,876,mRNA
32481,12654111,12654252,141,mRNA
32482,12654310,12654716,406,mRNA
32483,12654768,12655096,328,mRNA
32484,12655149,12655223,74,mRNA
32485,12655284,12655397,113,mRNA
32486,12655462,12655743,281,mRNA
32487,12652805,12653127,322,mRNA
32488,12653182,12654058,876,mRNA
32489,12654126,12654252,126,mRNA
32490,12654310,12654716,406,mRNA
32491,12654768,12655096,328,mRNA
32492,12655149,12655223,74,mRNA
32493,12655284,12655397,113,mRNA
32494,12655462,12655743,281,mRNA
32495,12653188,12654058,870,CDS
32496,12654111,12654252,141,CDS
32497,12654310,12654716,406,CDS
32498,12654768,12655096,328,CDS
32499,12655149,12655223,74,CDS
32500,12655284,12655397,113,CDS
32501,12655462,12655506,44,CDS
32502,12653188,12654058,870,CDS
32503,12654126,12654252,126,CDS
32504,12654310,12654716,406,CDS
32505,12654768,12655096,328,CDS
32506,12655149,12655223,74,CDS
32507,12655284,12655397,113,CDS
32508,12655462,12655506,44,CDS
32509,12655954,12659341,3387,gene
32510,12655954,12655990,36,mRNA
32511,12657269,12657391,122,mRNA
32512,12657459,12657618,159,mRNA
32513,12657675,12657762,87,mRNA
32514,12657816,12658207,391,mRNA
32515,12658321,12659065,744,mRNA
32516,12659124,12659341,217,mRNA
32517,12657284,12657391,107,CDS
32518,12657459,12657618,159,CDS
32519,12657675,12657762,87,CDS
32520,12657816,12658207,391,CDS
32521,12658321,12659065,744,CDS
32522,12659124,12659319,195,CDS
32523,12659497,12670219,10722,gene
32524,12669887,12670219,332,mRNA
32525,12667835,12667994,159,mRNA
32526,12660973,12661196,223,mRNA
32527,12660678,12660900,222,mRNA
32528,12660457,12660621,164,mRNA
32529,12659497,12660385,888,mRNA
32530,12665745,12665799,54,mRNA
32531,12664985,12665232,247,mRNA
32532,12660973,12661196,223,mRNA
32533,12660678,12660900,222,mRNA
32534,12660457,12660621,164,mRNA
32535,12659497,12660385,888,mRNA
32536,12665700,12665799,99,mRNA
32537,12660973,12661196,223,mRNA
32538,12660678,12660900,222,mRNA
32539,12660457,12660621,164,mRNA
32540,12659497,12660385,888,mRNA
32541,12665700,12665799,99,mRNA
32542,12664985,12665232,247,mRNA
32543,12660973,12661196,223,mRNA
32544,12660678,12660900,222,mRNA
32545,12660457,12660621,164,mRNA
32546,12659497,12660385,888,mRNA
32547,12664985,12665799,814,mRNA
32548,12660973,12661196,223,mRNA
32549,12660678,12660900,222,mRNA
32550,12660457,12660621,164,mRNA
32551,12659497,12660382,885,mRNA
32552,12662287,12662584,297,mRNA
32553,12660973,12661196,223,mRNA
32554,12660678,12660900,222,mRNA
32555,12660457,12660621,164,mRNA
32556,12659497,12660382,885,mRNA
32557,12661261,12661750,489,mRNA
32558,12660973,12661196,223,mRNA
32559,12660678,12660900,222,mRNA
32560,12660457,12660621,164,mRNA
32561,12659497,12660382,885,mRNA
32562,12664985,12665799,814,mRNA
32563,12660973,12661196,223,mRNA
32564,12660678,12660900,222,mRNA
32565,12660457,12660621,164,mRNA
32566,12659589,12660385,796,mRNA
32567,12667835,12667953,118,CDS
32568,12660973,12661196,223,CDS
32569,12660678,12660900,222,CDS
32570,12660457,12660621,164,CDS
32571,12660244,12660385,141,CDS
32572,12664985,12665034,49,CDS
32573,12660973,12661196,223,CDS
32574,12660678,12660900,222,CDS
32575,12660457,12660621,164,CDS
32576,12660244,12660382,138,CDS
32577,12664985,12665034,49,CDS
32578,12660973,12661196,223,CDS
32579,12660678,12660900,222,CDS
32580,12660457,12660621,164,CDS
32581,12660244,12660385,141,CDS
32582,12664985,12665034,49,CDS
32583,12660973,12661196,223,CDS
32584,12660678,12660900,222,CDS
32585,12660457,12660621,164,CDS
32586,12660244,12660385,141,CDS
32587,12664985,12665034,49,CDS
32588,12660973,12661196,223,CDS
32589,12660678,12660900,222,CDS
32590,12660457,12660621,164,CDS
32591,12660244,12660385,141,CDS
32592,12661261,12661280,19,CDS
32593,12660973,12661196,223,CDS
32594,12660678,12660900,222,CDS
32595,12660457,12660621,164,CDS
32596,12660244,12660382,138,CDS
32597,12660973,12661075,102,CDS
32598,12660678,12660900,222,CDS
32599,12660457,12660621,164,CDS
32600,12660244,12660382,138,CDS
32601,12660973,12661075,102,CDS
32602,12660678,12660900,222,CDS
32603,12660457,12660621,164,CDS
32604,12660244,12660385,141,CDS
32605,12670483,12679593,9110,gene
32606,12679208,12679593,385,mRNA
32607,12676125,12676231,106,mRNA
32608,12673100,12673339,239,mRNA
32609,12672664,12673037,373,mRNA
32610,12671557,12672587,1030,mRNA
32611,12670483,12671349,866,mRNA
32612,12676503,12676594,91,mRNA
32613,12676125,12676231,106,mRNA
32614,12673100,12673339,239,mRNA
32615,12672664,12673037,373,mRNA
32616,12671557,12672587,1030,mRNA
32617,12670483,12671349,866,mRNA
32618,12676503,12676594,91,mRNA
32619,12676125,12676231,106,mRNA
32620,12673899,12673928,29,mRNA
32621,12673100,12673339,239,mRNA
32622,12672664,12673037,373,mRNA
32623,12671557,12672587,1030,mRNA
32624,12670483,12671349,866,mRNA
32625,12674991,12675418,427,mRNA
32626,12673100,12673339,239,mRNA
32627,12672664,12673037,373,mRNA
32628,12671557,12672587,1030,mRNA
32629,12670483,12671349,866,mRNA
32630,12674991,12675418,427,mRNA
32631,12673899,12673928,29,mRNA
32632,12673100,12673339,239,mRNA
32633,12672664,12673037,373,mRNA
32634,12671557,12672587,1030,mRNA
32635,12670483,12671349,866,mRNA
32636,12679208,12679593,385,mRNA
32637,12676125,12676231,106,mRNA
32638,12673899,12673928,29,mRNA
32639,12673100,12673339,239,mRNA
32640,12672664,12673037,373,mRNA
32641,12671557,12672587,1030,mRNA
32642,12670606,12671349,743,mRNA
32643,12674206,12674523,317,mRNA
32644,12673100,12673339,239,mRNA
32645,12672664,12673037,373,mRNA
32646,12671557,12672587,1030,mRNA
32647,12670606,12671349,743,mRNA
32648,12679208,12679593,385,mRNA
32649,12676125,12676231,106,mRNA
32650,12673100,12673339,239,mRNA
32651,12672664,12673037,373,mRNA
32652,12671075,12672587,1512,mRNA
32653,12676503,12676594,91,mRNA
32654,12676125,12676231,106,mRNA
32655,12673100,12673339,239,mRNA
32656,12672664,12673037,373,mRNA
32657,12671535,12672587,1052,mRNA
32658,12671075,12671486,411,mRNA
32659,12676344,12676412,68,mRNA
32660,12676125,12676231,106,mRNA
32661,12673100,12673339,239,mRNA
32662,12672664,12673037,373,mRNA
32663,12671075,12672587,1512,mRNA
32664,12679208,12679402,194,CDS
32665,12676125,12676231,106,CDS
32666,12673100,12673339,239,CDS
32667,12672664,12673037,373,CDS
32668,12671557,12672587,1030,CDS
32669,12671176,12671349,173,CDS
32670,12679208,12679402,194,CDS
32671,12676125,12676231,106,CDS
32672,12673100,12673339,239,CDS
32673,12672664,12673037,373,CDS
32674,12671176,12672587,1411,CDS
32675,12679208,12679402,194,CDS
32676,12676125,12676231,106,CDS
32677,12673899,12673928,29,CDS
32678,12673100,12673339,239,CDS
32679,12672664,12673037,373,CDS
32680,12671557,12672587,1030,CDS
32681,12671176,12671349,173,CDS
32682,12676503,12676523,20,CDS
32683,12676125,12676231,106,CDS
32684,12673100,12673339,239,CDS
32685,12672664,12673037,373,CDS
32686,12671557,12672587,1030,CDS
32687,12671176,12671349,173,CDS
32688,12676503,12676523,20,CDS
32689,12676125,12676231,106,CDS
32690,12673100,12673339,239,CDS
32691,12672664,12673037,373,CDS
32692,12671535,12672587,1052,CDS
32693,12671176,12671486,310,CDS
32694,12676503,12676523,20,CDS
32695,12676125,12676231,106,CDS
32696,12673899,12673928,29,CDS
32697,12673100,12673339,239,CDS
32698,12672664,12673037,373,CDS
32699,12671557,12672587,1030,CDS
32700,12671176,12671349,173,CDS
32701,12676344,12676349,5,CDS
32702,12676125,12676231,106,CDS
32703,12673100,12673339,239,CDS
32704,12672664,12673037,373,CDS
32705,12671176,12672587,1411,CDS
32706,12674991,12675355,364,CDS
32707,12673100,12673339,239,CDS
32708,12672664,12673037,373,CDS
32709,12671557,12672587,1030,CDS
32710,12671176,12671349,173,CDS
32711,12674991,12675355,364,CDS
32712,12673899,12673928,29,CDS
32713,12673100,12673339,239,CDS
32714,12672664,12673037,373,CDS
32715,12671557,12672587,1030,CDS
32716,12671176,12671349,173,CDS
32717,12674206,12674402,196,CDS
32718,12673100,12673339,239,CDS
32719,12672664,12673037,373,CDS
32720,12671557,12672587,1030,CDS
32721,12671176,12671349,173,CDS
32722,12679967,12686179,6212,gene
32723,12686047,12686179,132,mRNA
32724,12684747,12685984,1237,mRNA
32725,12684565,12684674,109,mRNA
32726,12683541,12684505,964,mRNA
32727,12682791,12683484,693,mRNA
32728,12681414,12682709,1295,mRNA
32729,12681198,12681352,154,mRNA
32730,12680927,12681140,213,mRNA
32731,12679967,12680866,899,mRNA
32732,12686047,12686179,132,mRNA
32733,12684747,12685984,1237,mRNA
32734,12684565,12684674,109,mRNA
32735,12683541,12684505,964,mRNA
32736,12681414,12683484,2070,mRNA
32737,12681198,12681352,154,mRNA
32738,12680927,12681140,213,mRNA
32739,12679967,12680866,899,mRNA
32740,12686047,12686072,25,CDS
32741,12684747,12685984,1237,CDS
32742,12684565,12684674,109,CDS
32743,12683541,12684505,964,CDS
32744,12682791,12683484,693,CDS
32745,12681414,12682709,1295,CDS
32746,12681198,12681352,154,CDS
32747,12680927,12681140,213,CDS
32748,12680045,12680866,821,CDS
32749,12686047,12686072,25,CDS
32750,12684747,12685984,1237,CDS
32751,12684565,12684674,109,CDS
32752,12683541,12684505,964,CDS
32753,12681414,12683484,2070,CDS
32754,12681198,12681352,154,CDS
32755,12680927,12681140,213,CDS
32756,12680045,12680866,821,CDS
32757,12686249,12688786,2537,gene
32758,12686249,12686317,68,mRNA
32759,12686787,12687079,292,mRNA
32760,12687597,12687780,183,mRNA
32761,12687839,12688786,947,mRNA
32762,12686609,12687079,470,mRNA
32763,12687597,12687780,183,mRNA
32764,12687839,12688786,947,mRNA
32765,12686609,12686911,302,mRNA
32766,12686970,12687079,109,mRNA
32767,12687597,12687780,183,mRNA
32768,12687839,12688786,947,mRNA
32769,12686909,12687079,170,mRNA
32770,12687597,12687780,183,mRNA
32771,12687839,12688786,947,mRNA
32772,12687007,12687079,72,CDS
32773,12687597,12687780,183,CDS
32774,12687839,12688694,855,CDS
32775,12687007,12687079,72,CDS
32776,12687597,12687780,183,CDS
32777,12687839,12688694,855,CDS
32778,12687007,12687079,72,CDS
32779,12687597,12687780,183,CDS
32780,12687839,12688694,855,CDS
32781,12687007,12687079,72,CDS
32782,12687597,12687780,183,CDS
32783,12687839,12688694,855,CDS
32784,12688733,12689876,1143,gene
32785,12689495,12689876,381,mRNA
32786,12688733,12689438,705,mRNA
32787,12689495,12689858,363,CDS
32788,12688795,12689438,643,CDS
32789,12690059,12690955,896,gene
32790,12690873,12690955,82,mRNA
32791,12690610,12690816,206,mRNA
32792,12690059,12690548,489,mRNA
32793,12690873,12690920,47,CDS
32794,12690610,12690816,206,CDS
32795,12690165,12690548,383,CDS
32796,12691308,12692690,1382,gene
32797,12692583,12692690,107,mRNA
32798,12692081,12692523,442,mRNA
32799,12691792,12692022,230,mRNA
32800,12691308,12691735,427,mRNA
32801,12692583,12692619,36,CDS
32802,12692081,12692523,442,CDS
32803,12691792,12692022,230,CDS
32804,12691538,12691735,197,CDS
32805,12700081,12700851,770,gene
32806,12700081,12700562,481,mRNA
32807,12700619,12700851,232,mRNA
32808,12700081,12700212,131,mRNA
32809,12700297,12700562,265,mRNA
32810,12700619,12700851,232,mRNA
32811,12700304,12700562,258,CDS
32812,12700619,12700770,151,CDS
32813,12700304,12700562,258,CDS
32814,12700619,12700770,151,CDS
32815,12705172,12751545,46373,gene
32816,12705172,12705636,464,mRNA
32817,12722305,12723006,701,mRNA
32818,12734921,12735119,198,mRNA
32819,12738436,12738504,68,mRNA
32820,12746609,12746661,52,mRNA
32821,12747678,12747747,69,mRNA
32822,12748913,12749461,548,mRNA
32823,12749523,12750275,752,mRNA
32824,12750338,12751545,1207,mRNA
32825,12705172,12705636,464,mRNA
32826,12722305,12723006,701,mRNA
32827,12734921,12735119,198,mRNA
32828,12738436,12738504,68,mRNA
32829,12746609,12746661,52,mRNA
32830,12747678,12747747,69,mRNA
32831,12748913,12749461,548,mRNA
32832,12749523,12750275,752,mRNA
32833,12750341,12751545,1204,mRNA
32834,12705172,12705636,464,mRNA
32835,12722305,12723006,701,mRNA
32836,12734921,12735119,198,mRNA
32837,12746609,12746661,52,mRNA
32838,12747678,12747747,69,mRNA
32839,12748913,12749461,548,mRNA
32840,12749523,12750275,752,mRNA
32841,12750338,12751545,1207,mRNA
32842,12707571,12715878,8307,mobile_element
32843,12722972,12723006,34,CDS
32844,12734921,12735119,198,CDS
32845,12738436,12738504,68,CDS
32846,12746609,12746661,52,CDS
32847,12747678,12747747,69,CDS
32848,12748913,12749461,548,CDS
32849,12749523,12750275,752,CDS
32850,12750338,12750598,260,CDS
32851,12722972,12723006,34,CDS
32852,12734921,12735119,198,CDS
32853,12738436,12738504,68,CDS
32854,12746609,12746661,52,CDS
32855,12747678,12747747,69,CDS
32856,12748913,12749461,548,CDS
32857,12749523,12750275,752,CDS
32858,12750341,12750598,257,CDS
32859,12722972,12723006,34,CDS
32860,12734921,12735119,198,CDS
32861,12746609,12746661,52,CDS
32862,12747678,12747747,69,CDS
32863,12748913,12749461,548,CDS
32864,12749523,12750275,752,CDS
32865,12750338,12750598,260,CDS
32866,12751483,12752936,1453,gene
32867,12752776,12752936,160,mRNA
32868,12752507,12752720,213,mRNA
32869,12751483,12752447,964,mRNA
32870,12752776,12752902,126,CDS
32871,12752507,12752720,213,CDS
32872,12751694,12752447,753,CDS
32873,12753026,12756414,3388,gene
32874,12755936,12756414,478,mRNA
32875,12754408,12754750,342,mRNA
32876,12753891,12754127,236,mRNA
32877,12753428,12753816,388,mRNA
32878,12753026,12753353,327,mRNA
32879,12755076,12755403,327,mRNA
32880,12754408,12754750,342,mRNA
32881,12753891,12754127,236,mRNA
32882,12753428,12753816,388,mRNA
32883,12753026,12753353,327,mRNA
32884,12755076,12755177,101,mRNA
32885,12754408,12754750,342,mRNA
32886,12753891,12754127,236,mRNA
32887,12753428,12753816,388,mRNA
32888,12753102,12753353,251,mRNA
32889,12754826,12754895,69,mRNA
32890,12754408,12754750,342,mRNA
32891,12753891,12754127,236,mRNA
32892,12753428,12753816,388,mRNA
32893,12753219,12753353,134,mRNA
32894,12755936,12756058,122,CDS
32895,12754408,12754750,342,CDS
32896,12753891,12754127,236,CDS
32897,12753428,12753816,388,CDS
32898,12753309,12753353,44,CDS
32899,12754826,12754828,2,CDS
32900,12754408,12754750,342,CDS
32901,12753891,12754127,236,CDS
32902,12753428,12753816,388,CDS
32903,12753309,12753353,44,CDS
32904,12754408,12754573,165,CDS
32905,12753891,12754127,236,CDS
32906,12753428,12753816,388,CDS
32907,12753309,12753353,44,CDS
32908,12754408,12754573,165,CDS
32909,12753891,12754127,236,CDS
32910,12753428,12753816,388,CDS
32911,12753309,12753353,44,CDS
32912,12756434,12757173,739,gene
32913,12756434,12757173,739,mRNA
32914,12756554,12757114,560,CDS
32915,12757133,12757529,396,gene
32916,12757298,12757529,231,mRNA
32917,12757133,12757231,98,mRNA
32918,12757298,12757429,131,CDS
32919,12757196,12757231,35,CDS
32920,12757546,12759724,2178,gene
32921,12757546,12757903,357,mRNA
32922,12757962,12758969,1007,mRNA
32923,12759026,12759343,317,mRNA
32924,12759399,12759724,325,mRNA
32925,12757630,12757903,273,mRNA
32926,12757962,12758969,1007,mRNA
32927,12759026,12759343,317,mRNA
32928,12759399,12759724,325,mRNA
32929,12757745,12757903,158,CDS
32930,12757962,12758969,1007,CDS
32931,12759026,12759343,317,CDS
32932,12759399,12759518,119,CDS
32933,12757745,12757903,158,CDS
32934,12757962,12758969,1007,CDS
32935,12759026,12759343,317,CDS
32936,12759399,12759518,119,CDS
32937,12759693,12760999,1306,gene
32938,12760805,12760999,194,mRNA
32939,12759693,12760521,828,mRNA
32940,12760801,12760836,35,mRNA
32941,12759693,12760521,828,mRNA
32942,12760727,12760792,65,mRNA
32943,12759693,12760521,828,mRNA
32944,12759693,12760524,831,mRNA
32945,12759862,12760515,653,CDS
32946,12759862,12760515,653,CDS
32947,12759862,12760515,653,CDS
32948,12759862,12760515,653,CDS
32949,12762113,12763825,1712,gene
32950,12762113,12762314,201,mRNA
32951,12762386,12762522,136,mRNA
32952,12762585,12763060,475,mRNA
32953,12763118,12763414,296,mRNA
32954,12763474,12763825,351,mRNA
32955,12762153,12762314,161,CDS
32956,12762386,12762522,136,CDS
32957,12762585,12763060,475,CDS
32958,12763118,12763414,296,CDS
32959,12763474,12763670,196,CDS
32960,12777324,12778995,1671,gene
32961,12777324,12778995,1671,ncRNA
32962,12780541,12802010,21469,gene
32963,12780541,12781392,851,mRNA
32964,12784349,12784742,393,mRNA
32965,12799260,12799790,530,mRNA
32966,12799992,12802010,2018,mRNA
32967,12780541,12781392,851,mRNA
32968,12784349,12784742,393,mRNA
32969,12799260,12799790,530,mRNA
32970,12799992,12801090,1098,mRNA
32971,12780863,12781392,529,CDS
32972,12784349,12784742,393,CDS
32973,12799260,12799790,530,CDS
32974,12799992,12800936,944,CDS
32975,12780863,12781392,529,CDS
32976,12784349,12784742,393,CDS
32977,12799260,12799790,530,CDS
32978,12799992,12800936,944,CDS
32979,12783611,12799259,15648,gene
32980,12797655,12799259,1604,ncRNA
32981,12788961,12789349,388,ncRNA
32982,12785400,12788906,3506,ncRNA
32983,12784878,12785340,462,ncRNA
32984,12784301,12784819,518,ncRNA
32985,12783611,12784242,631,ncRNA
32986,12789350,12797654,8304,mobile_element
32987,12806614,12807811,1197,gene
32988,12806614,12807034,420,mRNA
32989,12807090,12807229,139,mRNA
32990,12807287,12807811,524,mRNA
32991,12806698,12806919,221,CDS
32992,12819501,12824510,5009,mobile_element
32993,12839233,12839850,617,gene
32994,12839437,12839850,413,ncRNA
32995,12839233,12839374,141,ncRNA
32996,12840813,12842558,1745,gene
32997,12841802,12842558,756,mRNA
32998,12840813,12841672,859,mRNA
32999,12841802,12842521,719,CDS
33000,12840836,12841672,836,CDS
33001,12842665,12844704,2039,gene
33002,12842665,12843571,906,mRNA
33003,12843676,12844058,382,mRNA
33004,12844121,12844330,209,mRNA
33005,12844466,12844704,238,mRNA
33006,12843139,12843571,432,CDS
33007,12843676,12844058,382,CDS
33008,12844121,12844330,209,CDS
33009,12844466,12844567,101,CDS
33010,12845544,12846596,1052,gene
33011,12846465,12846596,131,mRNA
33012,12845956,12846410,454,mRNA
33013,12845544,12845892,348,mRNA
33014,12846465,12846596,131,mRNA
33015,12845956,12846410,454,mRNA
33016,12845544,12845913,369,mRNA
33017,12846465,12846596,131,CDS
33018,12845956,12846410,454,CDS
33019,12845604,12845892,288,CDS
33020,12846465,12846596,131,CDS
33021,12845956,12846410,454,CDS
33022,12845604,12845913,309,CDS
33023,12846848,12848004,1156,gene
33024,12847890,12848004,114,mRNA
33025,12847428,12847816,388,mRNA
33026,12846848,12847239,391,mRNA
33027,12847869,12848004,135,mRNA
33028,12847428,12847816,388,mRNA
33029,12846848,12847239,391,mRNA
33030,12847890,12847997,107,CDS
33031,12847428,12847816,388,CDS
33032,12846939,12847239,300,CDS
33033,12847869,12847997,128,CDS
33034,12847428,12847816,388,CDS
33035,12846939,12847239,300,CDS
33036,12848034,12848993,959,gene
33037,12848843,12848993,150,mRNA
33038,12848398,12848792,394,mRNA
33039,12848034,12848346,312,mRNA
33040,12848843,12848965,122,CDS
33041,12848398,12848792,394,CDS
33042,12848073,12848346,273,CDS
33043,12848139,12849295,1156,gene
33044,12848139,12849295,1156,ncRNA
33045,12849358,12869423,20065,gene
33046,12869150,12869423,273,mRNA
33047,12868943,12869083,140,mRNA
33048,12850099,12850228,129,mRNA
33049,12849961,12850038,77,mRNA
33050,12849358,12849896,538,mRNA
33051,12869150,12869423,273,mRNA
33052,12868943,12869083,140,mRNA
33053,12850099,12850228,129,mRNA
33054,12849961,12850041,80,mRNA
33055,12849358,12849896,538,mRNA
33056,12861750,12861998,248,mRNA
33057,12850099,12850228,129,mRNA
33058,12849961,12850038,77,mRNA
33059,12849358,12849896,538,mRNA
33060,12857823,12857989,166,mRNA
33061,12850099,12850228,129,mRNA
33062,12849961,12850038,77,mRNA
33063,12849358,12849896,538,mRNA
33064,12856655,12856748,93,mRNA
33065,12850099,12850228,129,mRNA
33066,12849961,12850038,77,mRNA
33067,12849358,12849896,538,mRNA
33068,12855083,12855361,278,mRNA
33069,12850099,12850228,129,mRNA
33070,12849961,12850038,77,mRNA
33071,12849358,12849896,538,mRNA
33072,12853323,12853540,217,mRNA
33073,12850099,12850228,129,mRNA
33074,12849961,12850038,77,mRNA
33075,12849358,12849896,538,mRNA
33076,12851448,12851582,134,mRNA
33077,12850099,12850228,129,mRNA
33078,12849961,12850038,77,mRNA
33079,12849358,12849896,538,mRNA
33080,12850775,12850948,173,mRNA
33081,12850099,12850228,129,mRNA
33082,12849961,12850038,77,mRNA
33083,12849358,12849896,538,mRNA
33084,12868943,12869045,102,CDS
33085,12850099,12850228,129,CDS
33086,12849961,12850038,77,CDS
33087,12849737,12849896,159,CDS
33088,12868943,12869045,102,CDS
33089,12850099,12850228,129,CDS
33090,12849961,12850041,80,CDS
33091,12849737,12849896,159,CDS
33092,12861750,12861906,156,CDS
33093,12850099,12850228,129,CDS
33094,12849961,12850038,77,CDS
33095,12849737,12849896,159,CDS
33096,12857823,12857928,105,CDS
33097,12850099,12850228,129,CDS
33098,12849961,12850038,77,CDS
33099,12849737,12849896,159,CDS
33100,12856655,12856748,93,CDS
33101,12850099,12850228,129,CDS
33102,12849961,12850038,77,CDS
33103,12849737,12849896,159,CDS
33104,12855083,12855239,156,CDS
33105,12850099,12850228,129,CDS
33106,12849961,12850038,77,CDS
33107,12849737,12849896,159,CDS
33108,12853323,12853482,159,CDS
33109,12850099,12850228,129,CDS
33110,12849961,12850038,77,CDS
33111,12849737,12849896,159,CDS
33112,12851448,12851568,120,CDS
33113,12850099,12850228,129,CDS
33114,12849961,12850038,77,CDS
33115,12849737,12849896,159,CDS
33116,12850775,12850901,126,CDS
33117,12850099,12850228,129,CDS
33118,12849961,12850038,77,CDS
33119,12849737,12849896,159,CDS
33120,12862330,12867554,5224,mobile_element
33121,12867609,12869783,2174,gene
33122,12867609,12867748,139,ncRNA
33123,12868397,12868606,209,ncRNA
33124,12868935,12869007,72,ncRNA
33125,12869224,12869783,559,ncRNA
33126,12868136,12868606,470,ncRNA
33127,12868935,12869007,72,ncRNA
33128,12869224,12869783,559,ncRNA
33129,12868136,12868307,171,ncRNA
33130,12868935,12869007,72,ncRNA
33131,12869224,12869783,559,ncRNA
33132,12870249,12871794,1545,gene
33133,12870249,12870330,81,mRNA
33134,12870403,12871794,1391,mRNA
33135,12870249,12871240,991,mRNA
33136,12870403,12870912,509,CDS
33137,12870403,12870912,509,CDS
33138,12872756,12875087,2331,gene
33139,12872756,12873188,432,ncRNA
33140,12873248,12874720,1472,ncRNA
33141,12874795,12875087,292,ncRNA
33142,12872756,12873176,420,ncRNA
33143,12873248,12874720,1472,ncRNA
33144,12874795,12875087,292,ncRNA
33145,12872787,12875012,2225,gene
33146,12874818,12875012,194,mRNA
33147,12874339,12874654,315,mRNA
33148,12873219,12874280,1061,mRNA
33149,12872787,12873160,373,mRNA
33150,12874818,12874930,112,CDS
33151,12874339,12874654,315,CDS
33152,12873219,12874280,1061,CDS
33153,12872837,12873160,323,CDS
33154,12875164,12877280,2116,gene
33155,12875164,12876024,860,ncRNA
33156,12876082,12877280,1198,ncRNA
33157,12875164,12876966,1802,gene
33158,12876772,12876966,194,mRNA
33159,12876101,12876207,106,mRNA
33160,12875842,12875943,101,mRNA
33161,12875164,12875779,615,mRNA
33162,12876772,12876832,60,mRNA
33163,12876262,12876472,210,mRNA
33164,12876101,12876183,82,mRNA
33165,12875842,12875943,101,mRNA
33166,12875164,12875779,615,mRNA
33167,12876262,12876393,131,mRNA
33168,12876101,12876183,82,mRNA
33169,12875842,12875943,101,mRNA
33170,12875164,12875779,615,mRNA
33171,12876101,12876393,292,mRNA
33172,12875842,12875943,101,mRNA
33173,12875164,12875779,615,mRNA
33174,12876772,12876790,18,CDS
33175,12876101,12876207,106,CDS
33176,12875842,12875943,101,CDS
33177,12875273,12875779,506,CDS
33178,12876262,12876289,27,CDS
33179,12876101,12876183,82,CDS
33180,12875842,12875943,101,CDS
33181,12875273,12875779,506,CDS
33182,12876262,12876289,27,CDS
33183,12876101,12876183,82,CDS
33184,12875842,12875943,101,CDS
33185,12875273,12875779,506,CDS
33186,12876101,12876103,2,CDS
33187,12875842,12875943,101,CDS
33188,12875273,12875779,506,CDS
33189,12877004,12883168,6164,gene
33190,12877004,12877157,153,mRNA
33191,12880168,12880380,212,mRNA
33192,12880770,12880870,100,mRNA
33193,12880950,12881275,325,mRNA
33194,12881508,12882532,1024,mRNA
33195,12882742,12883168,426,mRNA
33196,12877094,12880230,3136,gene
33197,12880119,12880230,111,mRNA
33198,12879197,12879222,25,mRNA
33199,12878385,12878710,325,mRNA
33200,12878073,12878321,248,mRNA
33201,12877094,12878014,920,mRNA
33202,12879689,12879798,109,mRNA
33203,12879052,12879146,94,mRNA
33204,12878385,12878710,325,mRNA
33205,12878073,12878321,248,mRNA
33206,12877094,12878014,920,mRNA
33207,12879689,12879798,109,mRNA
33208,12879197,12879222,25,mRNA
33209,12878385,12878710,325,mRNA
33210,12878073,12878321,248,mRNA
33211,12877094,12878014,920,mRNA
33212,12879689,12879798,109,mRNA
33213,12878385,12879222,837,mRNA
33214,12878073,12878321,248,mRNA
33215,12877094,12878014,920,mRNA
33216,12879452,12879656,204,mRNA
33217,12879197,12879222,25,mRNA
33218,12878385,12878710,325,mRNA
33219,12878073,12878321,248,mRNA
33220,12877094,12878014,920,mRNA
33221,12879448,12879656,208,mRNA
33222,12879052,12879146,94,mRNA
33223,12878385,12878710,325,mRNA
33224,12878073,12878321,248,mRNA
33225,12877094,12878014,920,mRNA
33226,12879448,12879656,208,mRNA
33227,12879197,12879222,25,mRNA
33228,12878385,12878710,325,mRNA
33229,12878073,12878321,248,mRNA
33230,12877094,12878014,920,mRNA
33231,12879223,12879373,150,mRNA
33232,12879052,12879146,94,mRNA
33233,12878385,12878710,325,mRNA
33234,12878073,12878321,248,mRNA
33235,12877094,12878014,920,mRNA
33236,12878385,12878806,421,mRNA
33237,12878073,12878321,248,mRNA
33238,12877094,12878014,920,mRNA
33239,12879197,12879203,6,CDS
33240,12878385,12878710,325,CDS
33241,12878073,12878321,248,CDS
33242,12877655,12878014,359,CDS
33243,12879197,12879203,6,CDS
33244,12878385,12878710,325,CDS
33245,12878073,12878321,248,CDS
33246,12877655,12878014,359,CDS
33247,12879197,12879203,6,CDS
33248,12878385,12878710,325,CDS
33249,12878073,12878321,248,CDS
33250,12877655,12878014,359,CDS
33251,12879197,12879203,6,CDS
33252,12878385,12878710,325,CDS
33253,12878073,12878321,248,CDS
33254,12877655,12878014,359,CDS
33255,12879052,12879091,39,CDS
33256,12878385,12878710,325,CDS
33257,12878073,12878321,248,CDS
33258,12877655,12878014,359,CDS
33259,12879052,12879091,39,CDS
33260,12878385,12878710,325,CDS
33261,12878073,12878321,248,CDS
33262,12877655,12878014,359,CDS
33263,12879052,12879091,39,CDS
33264,12878385,12878710,325,CDS
33265,12878073,12878321,248,CDS
33266,12877655,12878014,359,CDS
33267,12878385,12878726,341,CDS
33268,12878073,12878321,248,CDS
33269,12877655,12878014,359,CDS
33270,12878385,12878726,341,CDS
33271,12878073,12878321,248,CDS
33272,12877655,12878014,359,CDS
33273,12880284,12880380,96,mRNA
33274,12880770,12880870,100,mRNA
33275,12880950,12881275,325,mRNA
33276,12881508,12882532,1024,mRNA
33277,12882742,12883168,426,mRNA
33278,12880432,12880451,19,mRNA
33279,12880770,12880870,100,mRNA
33280,12880950,12881275,325,mRNA
33281,12881508,12882532,1024,mRNA
33282,12882742,12883168,426,mRNA
33283,12880790,12880870,80,CDS
33284,12880950,12881275,325,CDS
33285,12881508,12882532,1024,CDS
33286,12882742,12882905,163,CDS
33287,12880790,12880870,80,CDS
33288,12880950,12881275,325,CDS
33289,12881508,12882532,1024,CDS
33290,12882742,12882905,163,CDS
33291,12880790,12880870,80,CDS
33292,12880950,12881275,325,CDS
33293,12881508,12882532,1024,CDS
33294,12882742,12882905,163,CDS
33295,12881445,12883253,1808,gene
33296,12882746,12883253,507,ncRNA
33297,12881445,12882609,1164,ncRNA
33298,12884632,12899385,14753,gene
33299,12884632,12885311,679,mRNA
33300,12886369,12887240,871,mRNA
33301,12891467,12891947,480,mRNA
33302,12892674,12893051,377,mRNA
33303,12897726,12897817,91,mRNA
33304,12898002,12898195,193,mRNA
33305,12898268,12898329,61,mRNA
33306,12898682,12899385,703,mRNA
33307,12887145,12887240,95,CDS
33308,12891467,12891947,480,CDS
33309,12892674,12893051,377,CDS
33310,12897726,12897817,91,CDS
33311,12898002,12898195,193,CDS
33312,12898268,12898329,61,CDS
33313,12898682,12898740,58,CDS
33314,12900881,12901613,732,gene
33315,12900881,12901613,732,ncRNA
33316,12902249,12902312,63,mobile_element
33317,12903794,12906236,2442,gene
33318,12903794,12905463,1669,ncRNA
33319,12903950,12905018,1068,ncRNA
33320,12904545,12906237,1692,gene
33321,12904545,12905738,1193,ncRNA
33322,12904776,12905573,797,ncRNA
33323,12904887,12905573,686,ncRNA
33324,12904998,12906236,1238,ncRNA
33325,12905442,12906237,795,ncRNA
33326,12906395,12907295,900,gene
33327,12906395,12906855,460,ncRNA
33328,12906926,12907295,369,ncRNA
33329,12910491,12910544,53,mobile_element
33330,12915994,12923734,7740,gene
33331,12915994,12916064,70,mRNA
33332,12917995,12920859,2864,mRNA
33333,12920985,12922810,1825,mRNA
33334,12922879,12923734,855,mRNA
33335,12915994,12916064,70,mRNA
33336,12917995,12920859,2864,mRNA
33337,12920985,12922810,1825,mRNA
33338,12922879,12923734,855,mRNA
33339,12917858,12917904,46,mRNA
33340,12917995,12920859,2864,mRNA
33341,12920985,12922810,1825,mRNA
33342,12922879,12923734,855,mRNA
33343,12918398,12920859,2461,CDS
33344,12920985,12922810,1825,CDS
33345,12922879,12923057,178,CDS
33346,12920108,12920859,751,CDS
33347,12920985,12922810,1825,CDS
33348,12922879,12923057,178,CDS
33349,12920108,12920859,751,CDS
33350,12920985,12922810,1825,CDS
33351,12922879,12923057,178,CDS
33352,12923904,12924664,760,gene
33353,12923904,12924351,447,mRNA
33354,12924422,12924664,242,mRNA
33355,12923904,12924347,443,mRNA
33356,12924422,12924664,242,mRNA
33357,12923949,12924347,398,CDS
33358,12923949,12924347,398,CDS
33359,12924567,12930644,6077,gene
33360,12924567,12924795,228,mRNA
33361,12928964,12929341,377,mRNA
33362,12929784,12930644,860,mRNA
33363,12928860,12929341,481,mRNA
33364,12929784,12930644,860,mRNA
33365,12928932,12929341,409,CDS
33366,12929784,12930528,744,CDS
33367,12929118,12929341,223,CDS
33368,12929784,12930528,744,CDS
33369,12930912,12934045,3133,gene
33370,12933671,12934045,374,mRNA
33371,12933441,12933598,157,mRNA
33372,12931802,12933362,1560,mRNA
33373,12931602,12931741,139,mRNA
33374,12930912,12931542,630,mRNA
33375,12933671,12934045,374,mRNA
33376,12933441,12933598,157,mRNA
33377,12931802,12933362,1560,mRNA
33378,12931602,12931741,139,mRNA
33379,12931082,12931542,460,mRNA
33380,12933671,12933738,67,CDS
33381,12933441,12933598,157,CDS
33382,12931802,12933362,1560,CDS
33383,12931602,12931741,139,CDS
33384,12931367,12931542,175,CDS
33385,12933671,12933738,67,CDS
33386,12933441,12933598,157,CDS
33387,12931802,12933362,1560,CDS
33388,12931602,12931741,139,CDS
33389,12931367,12931542,175,CDS
33390,12934234,12936535,2301,gene
33391,12936325,12936535,210,mRNA
33392,12935779,12936260,481,mRNA
33393,12935563,12935700,137,mRNA
33394,12935166,12935499,333,mRNA
33395,12934234,12935109,875,mRNA
33396,12936313,12936535,222,mRNA
33397,12935779,12936260,481,mRNA
33398,12935563,12935700,137,mRNA
33399,12935166,12935499,333,mRNA
33400,12934234,12935109,875,mRNA
33401,12935779,12936535,756,mRNA
33402,12935563,12935700,137,mRNA
33403,12935166,12935499,333,mRNA
33404,12934234,12935109,875,mRNA
33405,12935779,12935953,174,CDS
33406,12935563,12935700,137,CDS
33407,12935166,12935499,333,CDS
33408,12934752,12935109,357,CDS
33409,12935779,12935953,174,CDS
33410,12935563,12935700,137,CDS
33411,12935166,12935499,333,CDS
33412,12934752,12935109,357,CDS
33413,12935779,12935953,174,CDS
33414,12935563,12935700,137,CDS
33415,12935166,12935499,333,CDS
33416,12934752,12935109,357,CDS
33417,12936891,12940412,3521,gene
33418,12936891,12937096,205,mRNA
33419,12938400,12938475,75,mRNA
33420,12938568,12938711,143,mRNA
33421,12938775,12938996,221,mRNA
33422,12939087,12940082,995,mRNA
33423,12940152,12940412,260,mRNA
33424,12936891,12937089,198,mRNA
33425,12938400,12938475,75,mRNA
33426,12938568,12938711,143,mRNA
33427,12938775,12938996,221,mRNA
33428,12939087,12940082,995,mRNA
33429,12940152,12940412,260,mRNA
33430,12937616,12938343,727,gene
33431,12937616,12938343,727,mRNA
33432,12937674,12938270,596,CDS
33433,12938453,12938475,22,CDS
33434,12938568,12938711,143,CDS
33435,12938775,12938996,221,CDS
33436,12939087,12940082,995,CDS
33437,12940152,12940317,165,CDS
33438,12938453,12938475,22,CDS
33439,12938568,12938711,143,CDS
33440,12938775,12938996,221,CDS
33441,12939087,12940082,995,CDS
33442,12940152,12940317,165,CDS
33443,12940323,12946347,6024,gene
33444,12946176,12946347,171,mRNA
33445,12945086,12945245,159,mRNA
33446,12944827,12945020,193,mRNA
33447,12944522,12944767,245,mRNA
33448,12942577,12944138,1561,mRNA
33449,12941956,12942401,445,mRNA
33450,12941244,12941852,608,mRNA
33451,12940323,12941173,850,mRNA
33452,12944233,12944388,155,mRNA
33453,12942577,12944138,1561,mRNA
33454,12941956,12942401,445,mRNA
33455,12941244,12941852,608,mRNA
33456,12940323,12941173,850,mRNA
33457,12945086,12945187,101,CDS
33458,12944827,12945020,193,CDS
33459,12944522,12944767,245,CDS
33460,12942577,12944138,1561,CDS
33461,12941956,12942401,445,CDS
33462,12941244,12941852,608,CDS
33463,12940424,12941173,749,CDS
33464,12942577,12944077,1500,CDS
33465,12941956,12942401,445,CDS
33466,12941244,12941852,608,CDS
33467,12940424,12941173,749,CDS
33468,12948348,12952293,3945,gene
33469,12952173,12952293,120,mRNA
33470,12948348,12950086,1738,mRNA
33471,12950153,12950209,56,mRNA
33472,12948348,12950086,1738,mRNA
33473,12952173,12952176,3,CDS
33474,12948654,12950086,1432,CDS
33475,12948654,12950006,1352,CDS
33476,12950404,12952293,1889,gene
33477,12952173,12952293,120,mRNA
33478,12950404,12951349,945,mRNA
33479,12952173,12952293,120,mRNA
33480,12951846,12951878,32,mRNA
33481,12950404,12951349,945,mRNA
33482,12952173,12952176,3,CDS
33483,12950493,12951349,856,CDS
33484,12952173,12952176,3,CDS
33485,12951846,12951878,32,CDS
33486,12950493,12951349,856,CDS
33487,12953112,12955712,2600,gene
33488,12953112,12953663,551,mRNA
33489,12953958,12954349,391,mRNA
33490,12954501,12954662,161,mRNA
33491,12954776,12955712,936,mRNA
33492,12953553,12953663,110,mRNA
33493,12953958,12954349,391,mRNA
33494,12954501,12954662,161,mRNA
33495,12954776,12955170,394,mRNA
33496,12953657,12953663,6,CDS
33497,12953958,12954349,391,CDS
33498,12954501,12954662,161,CDS
33499,12954776,12955075,299,CDS
33500,12953657,12953663,6,CDS
33501,12953958,12954349,391,CDS
33502,12954501,12954662,161,CDS
33503,12954776,12955075,299,CDS
33504,12965997,12980994,14997,gene
33505,12980048,12980994,946,mRNA
33506,12977317,12978221,904,mRNA
33507,12974504,12974594,90,mRNA
33508,12970322,12970525,203,mRNA
33509,12965997,12970181,4184,mRNA
33510,12980048,12980994,946,mRNA
33511,12977317,12978221,904,mRNA
33512,12974504,12974594,90,mRNA
33513,12970322,12970525,203,mRNA
33514,12966322,12970181,3859,mRNA
33515,12980048,12980658,610,mRNA
33516,12977317,12978221,904,mRNA
33517,12974504,12974594,90,mRNA
33518,12970322,12970525,203,mRNA
33519,12966322,12970181,3859,mRNA
33520,12977317,12978163,846,CDS
33521,12974504,12974594,90,CDS
33522,12970322,12970525,203,CDS
33523,12966518,12970181,3663,CDS
33524,12977317,12978163,846,CDS
33525,12974504,12974594,90,CDS
33526,12970322,12970525,203,CDS
33527,12966518,12970181,3663,CDS
33528,12977317,12978163,846,CDS
33529,12974504,12974594,90,CDS
33530,12970322,12970525,203,CDS
33531,12966518,12970181,3663,CDS
33532,12985367,12985995,628,gene
33533,12985367,12985995,628,ncRNA
33534,12993897,12994622,725,gene
33535,12993897,12993944,47,mRNA
33536,12994005,12994160,155,mRNA
33537,12994219,12994386,167,mRNA
33538,12994458,12994622,164,mRNA
33539,12993897,12993944,47,CDS
33540,12994005,12994160,155,CDS
33541,12994219,12994386,167,CDS
33542,12994458,12994622,164,CDS
33543,12996501,13007911,11410,gene
33544,12996501,12996811,310,mRNA
33545,12999277,12999498,221,mRNA
33546,12999799,13000051,252,mRNA
33547,13000144,13000384,240,mRNA
33548,13000927,13004383,3456,mRNA
33549,13005765,13007911,2146,mRNA
33550,12996501,12996811,310,mRNA
33551,12999277,12999498,221,mRNA
33552,12999799,13000051,252,mRNA
33553,13000144,13000384,240,mRNA
33554,13000927,13004383,3456,mRNA
33555,13005765,13007802,2037,mRNA
33556,12997123,12997212,89,mRNA
33557,12999277,12999498,221,mRNA
33558,12999799,13000051,252,mRNA
33559,13000144,13000384,240,mRNA
33560,13000927,13004383,3456,mRNA
33561,13005765,13007802,2037,mRNA
33562,12999336,12999498,162,CDS
33563,12999799,13000051,252,CDS
33564,13000144,13000384,240,CDS
33565,13000927,13004383,3456,CDS
33566,13005765,13005841,76,CDS
33567,12999336,12999498,162,CDS
33568,12999799,13000051,252,CDS
33569,13000144,13000384,240,CDS
33570,13000927,13004376,3449,CDS
33571,12999336,12999498,162,CDS
33572,12999799,13000051,252,CDS
33573,13000144,13000384,240,CDS
33574,13000927,13004376,3449,CDS
33575,13041111,13041371,260,mobile_element
33576,13044695,13047256,2561,gene
33577,13044695,13047256,2561,mRNA
33578,13046736,13047256,520,mRNA
33579,13046878,13047216,338,CDS
33580,13046878,13047216,338,CDS
33581,13049146,13049656,510,gene
33582,13049146,13049656,510,mRNA
33583,13049280,13049618,338,CDS
33584,13055246,13079539,24293,gene
33585,13079084,13079539,455,mRNA
33586,13072578,13073451,873,mRNA
33587,13068109,13068236,127,mRNA
33588,13067810,13068047,237,mRNA
33589,13067573,13067741,168,mRNA
33590,13067354,13067511,157,mRNA
33591,13067132,13067277,145,mRNA
33592,13058975,13059411,436,mRNA
33593,13058731,13058871,140,mRNA
33594,13058317,13058613,296,mRNA
33595,13055246,13058221,2975,mRNA
33596,13079084,13079539,455,mRNA
33597,13072578,13073451,873,mRNA
33598,13068109,13068236,127,mRNA
33599,13067810,13068047,237,mRNA
33600,13067573,13067741,168,mRNA
33601,13067354,13067511,157,mRNA
33602,13067132,13067277,145,mRNA
33603,13058975,13059411,436,mRNA
33604,13058731,13058871,140,mRNA
33605,13058317,13058613,296,mRNA
33606,13056578,13058221,1643,mRNA
33607,13072578,13072698,120,CDS
33608,13068109,13068236,127,CDS
33609,13067810,13068047,237,CDS
33610,13067573,13067741,168,CDS
33611,13067354,13067511,157,CDS
33612,13067132,13067277,145,CDS
33613,13058975,13059411,436,CDS
33614,13058731,13058871,140,CDS
33615,13058317,13058613,296,CDS
33616,13058110,13058221,111,CDS
33617,13072578,13072698,120,CDS
33618,13068109,13068236,127,CDS
33619,13067810,13068047,237,CDS
33620,13067573,13067741,168,CDS
33621,13067354,13067511,157,CDS
33622,13067132,13067277,145,CDS
33623,13058975,13059411,436,CDS
33624,13058731,13058871,140,CDS
33625,13058317,13058613,296,CDS
33626,13058110,13058221,111,CDS
33627,13103895,13104895,1000,gene
33628,13103895,13104194,299,mRNA
33629,13104250,13104895,645,mRNA
33630,13104146,13104194,48,CDS
33631,13104250,13104845,595,CDS
33632,13110769,13126014,15245,gene
33633,13110769,13111642,873,mRNA
33634,13122242,13122712,470,mRNA
33635,13123054,13123431,377,mRNA
33636,13123495,13123858,363,mRNA
33637,13123910,13123983,73,mRNA
33638,13124043,13124245,202,mRNA
33639,13124302,13124414,112,mRNA
33640,13124470,13124680,210,mRNA
33641,13124747,13124928,181,mRNA
33642,13124987,13125452,465,mRNA
33643,13125507,13125780,273,mRNA
33644,13116305,13116500,195,mRNA
33645,13122242,13122712,470,mRNA
33646,13123054,13123431,377,mRNA
33647,13123495,13123858,363,mRNA
33648,13123910,13123983,73,mRNA
33649,13124043,13124245,202,mRNA
33650,13124302,13124414,112,mRNA
33651,13124470,13124680,210,mRNA
33652,13124747,13124928,181,mRNA
33653,13124987,13125452,465,mRNA
33654,13125507,13125780,273,mRNA
33655,13123138,13123431,293,mRNA
33656,13123495,13123858,363,mRNA
33657,13123910,13123983,73,mRNA
33658,13124043,13124245,202,mRNA
33659,13124302,13124414,112,mRNA
33660,13124470,13124680,210,mRNA
33661,13124747,13124928,181,mRNA
33662,13124987,13125452,465,mRNA
33663,13125507,13126014,507,mRNA
33664,13123138,13123431,293,mRNA
33665,13123495,13123858,363,mRNA
33666,13123910,13123983,73,mRNA
33667,13124043,13124245,202,mRNA
33668,13124302,13124414,112,mRNA
33669,13124470,13124680,210,mRNA
33670,13124747,13124928,181,mRNA
33671,13124987,13125452,465,mRNA
33672,13125507,13125780,273,mRNA
33673,13123161,13123431,270,CDS
33674,13123495,13123858,363,CDS
33675,13123910,13123983,73,CDS
33676,13124043,13124245,202,CDS
33677,13124302,13124414,112,CDS
33678,13124470,13124680,210,CDS
33679,13124747,13124928,181,CDS
33680,13124987,13125452,465,CDS
33681,13125507,13125716,209,CDS
33682,13123161,13123431,270,CDS
33683,13123495,13123858,363,CDS
33684,13123910,13123983,73,CDS
33685,13124043,13124245,202,CDS
33686,13124302,13124414,112,CDS
33687,13124470,13124680,210,CDS
33688,13124747,13124928,181,CDS
33689,13124987,13125452,465,CDS
33690,13125507,13125716,209,CDS
33691,13123161,13123431,270,CDS
33692,13123495,13123858,363,CDS
33693,13123910,13123983,73,CDS
33694,13124043,13124245,202,CDS
33695,13124302,13124414,112,CDS
33696,13124470,13124680,210,CDS
33697,13124747,13124928,181,CDS
33698,13124987,13125452,465,CDS
33699,13125507,13125716,209,CDS
33700,13123161,13123431,270,CDS
33701,13123495,13123858,363,CDS
33702,13123910,13123983,73,CDS
33703,13124043,13124245,202,CDS
33704,13124302,13124414,112,CDS
33705,13124470,13124680,210,CDS
33706,13124747,13124928,181,CDS
33707,13124987,13125452,465,CDS
33708,13125507,13125716,209,CDS
33709,13127915,13129052,1137,gene
33710,13128860,13129052,192,mRNA
33711,13128579,13128787,208,mRNA
33712,13127915,13128509,594,mRNA
33713,13128860,13128938,78,CDS
33714,13128579,13128787,208,CDS
33715,13128192,13128509,317,CDS
33716,13129511,13132455,2944,gene
33717,13130909,13132455,1546,mRNA
33718,13130621,13130853,232,mRNA
33719,13130167,13130563,396,mRNA
33720,13129511,13130111,600,mRNA
33721,13130909,13132372,1463,CDS
33722,13130621,13130853,232,CDS
33723,13130167,13130563,396,CDS
33724,13129602,13130111,509,CDS
33725,13133142,13142820,9678,gene
33726,13133142,13133559,417,mRNA
33727,13133630,13133806,176,mRNA
33728,13133883,13134697,814,mRNA
33729,13134757,13136857,2100,mRNA
33730,13141662,13141817,155,mRNA
33731,13142101,13142820,719,mRNA
33732,13133142,13133559,417,mRNA
33733,13133630,13133806,176,mRNA
33734,13133883,13134697,814,mRNA
33735,13134757,13136857,2100,mRNA
33736,13142101,13142820,719,mRNA
33737,13133314,13133559,245,CDS
33738,13133630,13133806,176,CDS
33739,13133883,13134697,814,CDS
33740,13134757,13136857,2100,CDS
33741,13141662,13141817,155,CDS
33742,13142101,13142661,560,CDS
33743,13133314,13133559,245,CDS
33744,13133630,13133806,176,CDS
33745,13133883,13134697,814,CDS
33746,13134757,13136857,2100,CDS
33747,13142101,13142661,560,CDS
33748,13136897,13141622,4725,mobile_element
33749,13142834,13152677,9843,gene
33750,13152619,13152677,58,mRNA
33751,13151367,13151436,69,mRNA
33752,13150889,13151288,399,mRNA
33753,13149750,13150832,1082,mRNA
33754,13148953,13149683,730,mRNA
33755,13148671,13148890,219,mRNA
33756,13143375,13144688,1313,mRNA
33757,13142834,13143317,483,mRNA
33758,13152619,13152677,58,mRNA
33759,13151367,13151436,69,mRNA
33760,13150889,13151288,399,mRNA
33761,13149750,13150832,1082,mRNA
33762,13148953,13149683,730,mRNA
33763,13148671,13148890,219,mRNA
33764,13143375,13144691,1316,mRNA
33765,13142834,13143317,483,mRNA
33766,13152619,13152622,3,CDS
33767,13151367,13151436,69,CDS
33768,13150889,13151288,399,CDS
33769,13149750,13150832,1082,CDS
33770,13148953,13149683,730,CDS
33771,13148671,13148890,219,CDS
33772,13143375,13144688,1313,CDS
33773,13143126,13143317,191,CDS
33774,13152619,13152622,3,CDS
33775,13151367,13151436,69,CDS
33776,13150889,13151288,399,CDS
33777,13149750,13150832,1082,CDS
33778,13148953,13149683,730,CDS
33779,13148671,13148890,219,CDS
33780,13143375,13144691,1316,CDS
33781,13143126,13143317,191,CDS
33782,13152619,13152677,58,mRNA
33783,13151367,13151436,69,mRNA
33784,13150889,13151288,399,mRNA
33785,13149750,13150832,1082,mRNA
33786,13148953,13149683,730,mRNA
33787,13148671,13148890,219,mRNA
33788,13145062,13148454,3392,mRNA
33789,13152619,13152677,58,mRNA
33790,13151367,13151436,69,mRNA
33791,13150889,13151288,399,mRNA
33792,13149750,13150832,1082,mRNA
33793,13148953,13149683,730,mRNA
33794,13148671,13148890,219,mRNA
33795,13146213,13148454,2241,mRNA
33796,13152619,13152622,3,CDS
33797,13151367,13151436,69,CDS
33798,13150889,13151288,399,CDS
33799,13149750,13150832,1082,CDS
33800,13148953,13149683,730,CDS
33801,13148671,13148890,219,CDS
33802,13146475,13148454,1979,CDS
33803,13152619,13152622,3,CDS
33804,13151367,13151436,69,CDS
33805,13150889,13151288,399,CDS
33806,13149750,13150832,1082,CDS
33807,13148953,13149683,730,CDS
33808,13148671,13148890,219,CDS
33809,13146535,13148454,1919,CDS
33810,13152885,13159141,6256,gene
33811,13158767,13159141,374,mRNA
33812,13158020,13158276,256,mRNA
33813,13157496,13157832,336,mRNA
33814,13156887,13157436,549,mRNA
33815,13156076,13156630,554,mRNA
33816,13155748,13155869,121,mRNA
33817,13155537,13155693,156,mRNA
33818,13155269,13155474,205,mRNA
33819,13155047,13155210,163,mRNA
33820,13154870,13154981,111,mRNA
33821,13153814,13154809,995,mRNA
33822,13153425,13153752,327,mRNA
33823,13152885,13153366,481,mRNA
33824,13158373,13158445,72,mRNA
33825,13158020,13158312,292,mRNA
33826,13157496,13157832,336,mRNA
33827,13156887,13157436,549,mRNA
33828,13156076,13156630,554,mRNA
33829,13155748,13155869,121,mRNA
33830,13155537,13155693,156,mRNA
33831,13155269,13155474,205,mRNA
33832,13155047,13155210,163,mRNA
33833,13154870,13154981,111,mRNA
33834,13153814,13154809,995,mRNA
33835,13153425,13153752,327,mRNA
33836,13152885,13153366,481,mRNA
33837,13158020,13158297,277,mRNA
33838,13157496,13157832,336,mRNA
33839,13156887,13157436,549,mRNA
33840,13156076,13156630,554,mRNA
33841,13155748,13155869,121,mRNA
33842,13155537,13155693,156,mRNA
33843,13155269,13155474,205,mRNA
33844,13155047,13155210,163,mRNA
33845,13154870,13154981,111,mRNA
33846,13153814,13154809,995,mRNA
33847,13153425,13153752,327,mRNA
33848,13152885,13153366,481,mRNA
33849,13158020,13158297,277,mRNA
33850,13157496,13157832,336,mRNA
33851,13156887,13157436,549,mRNA
33852,13156768,13156830,62,mRNA
33853,13156076,13156630,554,mRNA
33854,13155748,13155869,121,mRNA
33855,13155537,13155693,156,mRNA
33856,13155269,13155474,205,mRNA
33857,13155047,13155210,163,mRNA
33858,13154870,13154981,111,mRNA
33859,13153814,13154809,995,mRNA
33860,13153425,13153752,327,mRNA
33861,13152885,13153366,481,mRNA
33862,13158767,13158935,168,CDS
33863,13158020,13158276,256,CDS
33864,13157496,13157832,336,CDS
33865,13156887,13157436,549,CDS
33866,13156076,13156630,554,CDS
33867,13155748,13155869,121,CDS
33868,13155537,13155693,156,CDS
33869,13155269,13155474,205,CDS
33870,13155047,13155210,163,CDS
33871,13154870,13154981,111,CDS
33872,13153814,13154809,995,CDS
33873,13153425,13153752,327,CDS
33874,13152994,13153366,372,CDS
33875,13158020,13158184,164,CDS
33876,13157496,13157832,336,CDS
33877,13156887,13157436,549,CDS
33878,13156076,13156630,554,CDS
33879,13155748,13155869,121,CDS
33880,13155537,13155693,156,CDS
33881,13155269,13155474,205,CDS
33882,13155047,13155210,163,CDS
33883,13154870,13154981,111,CDS
33884,13153814,13154809,995,CDS
33885,13153425,13153752,327,CDS
33886,13152994,13153366,372,CDS
33887,13158020,13158184,164,CDS
33888,13157496,13157832,336,CDS
33889,13156887,13157436,549,CDS
33890,13156076,13156630,554,CDS
33891,13155748,13155869,121,CDS
33892,13155537,13155693,156,CDS
33893,13155269,13155474,205,CDS
33894,13155047,13155210,163,CDS
33895,13154870,13154981,111,CDS
33896,13153814,13154809,995,CDS
33897,13153425,13153752,327,CDS
33898,13152994,13153366,372,CDS
33899,13158020,13158184,164,CDS
33900,13157496,13157832,336,CDS
33901,13156887,13157436,549,CDS
33902,13156768,13156830,62,CDS
33903,13156076,13156630,554,CDS
33904,13155748,13155869,121,CDS
33905,13155537,13155693,156,CDS
33906,13155269,13155474,205,CDS
33907,13155047,13155210,163,CDS
33908,13154870,13154981,111,CDS
33909,13153814,13154809,995,CDS
33910,13153425,13153752,327,CDS
33911,13152994,13153366,372,CDS
33912,13155983,13156015,32,mobile_element
33913,13158666,13160190,1524,gene
33914,13158666,13158846,180,mRNA
33915,13159017,13159103,86,mRNA
33916,13159731,13160190,459,mRNA
33917,13158666,13158846,180,mRNA
33918,13159017,13159103,86,mRNA
33919,13159534,13159649,115,mRNA
33920,13158748,13158846,98,CDS
33921,13159017,13159103,86,CDS
33922,13159731,13159916,185,CDS
33923,13158748,13158846,98,CDS
33924,13159017,13159103,86,CDS
33925,13159534,13159569,35,CDS
33926,13160063,13163484,3421,gene
33927,13160063,13160657,594,mRNA
33928,13160720,13160999,279,mRNA
33929,13161066,13161308,242,mRNA
33930,13161368,13163484,2116,mRNA
33931,13160289,13160657,368,CDS
33932,13160720,13160999,279,CDS
33933,13161066,13161308,242,CDS
33934,13161368,13162650,1282,CDS
33935,13163363,13163948,585,gene
33936,13163363,13163948,585,mRNA
33937,13163472,13163843,371,CDS
33938,13163959,13168032,4073,gene
33939,13167903,13168032,129,mRNA
33940,13166424,13166635,211,mRNA
33941,13164677,13164831,154,mRNA
33942,13164546,13164618,72,mRNA
33943,13163959,13164489,530,mRNA
33944,13167903,13168032,129,mRNA
33945,13166424,13166630,206,mRNA
33946,13164677,13164831,154,mRNA
33947,13164546,13164618,72,mRNA
33948,13164054,13164489,435,mRNA
33949,13167886,13168032,146,mRNA
33950,13166424,13166630,206,mRNA
33951,13164677,13164831,154,mRNA
33952,13164546,13164618,72,mRNA
33953,13164054,13164489,435,mRNA
33954,13167886,13168032,146,mRNA
33955,13166424,13166635,211,mRNA
33956,13164677,13164831,154,mRNA
33957,13164546,13164618,72,mRNA
33958,13164054,13164489,435,mRNA
33959,13167825,13168032,207,mRNA
33960,13166424,13166635,211,mRNA
33961,13164677,13164831,154,mRNA
33962,13164546,13164618,72,mRNA
33963,13164054,13164489,435,mRNA
33964,13167789,13168032,243,mRNA
33965,13166424,13166635,211,mRNA
33966,13164677,13164831,154,mRNA
33967,13164546,13164618,72,mRNA
33968,13164054,13164489,435,mRNA
33969,13166424,13166561,137,CDS
33970,13164677,13164831,154,CDS
33971,13164546,13164618,72,CDS
33972,13164217,13164489,272,CDS
33973,13166424,13166561,137,CDS
33974,13164677,13164831,154,CDS
33975,13164546,13164618,72,CDS
33976,13164217,13164489,272,CDS
33977,13166424,13166561,137,CDS
33978,13164677,13164831,154,CDS
33979,13164546,13164618,72,CDS
33980,13164217,13164489,272,CDS
33981,13166424,13166561,137,CDS
33982,13164677,13164831,154,CDS
33983,13164546,13164618,72,CDS
33984,13164217,13164489,272,CDS
33985,13166424,13166561,137,CDS
33986,13164677,13164831,154,CDS
33987,13164546,13164618,72,CDS
33988,13164217,13164489,272,CDS
33989,13166424,13166561,137,CDS
33990,13164677,13164831,154,CDS
33991,13164546,13164618,72,CDS
33992,13164217,13164489,272,CDS
33993,13168498,13170744,2246,gene
33994,13168498,13168600,102,mRNA
33995,13168815,13168888,73,mRNA
33996,13168951,13169450,499,mRNA
33997,13169507,13169834,327,mRNA
33998,13169890,13170255,365,mRNA
33999,13170317,13170744,427,mRNA
34000,13168498,13168570,72,mRNA
34001,13168815,13168888,73,mRNA
34002,13168951,13169450,499,mRNA
34003,13169507,13169834,327,mRNA
34004,13169890,13170255,365,mRNA
34005,13170317,13170744,427,mRNA
34006,13168500,13170745,2245,gene
34007,13170308,13170745,437,ncRNA
34008,13168500,13170247,1747,ncRNA
34009,13168784,13168888,104,mRNA
34010,13168951,13169450,499,mRNA
34011,13169507,13169834,327,mRNA
34012,13169890,13170255,365,mRNA
34013,13170317,13170744,427,mRNA
34014,13168841,13168888,47,CDS
34015,13168951,13169450,499,CDS
34016,13169507,13169834,327,CDS
34017,13169890,13170255,365,CDS
34018,13170317,13170481,164,CDS
34019,13168841,13168888,47,CDS
34020,13168951,13169450,499,CDS
34021,13169507,13169834,327,CDS
34022,13169890,13170255,365,CDS
34023,13170317,13170481,164,CDS
34024,13168841,13168888,47,CDS
34025,13168951,13169450,499,CDS
34026,13169507,13169834,327,CDS
34027,13169890,13170255,365,CDS
34028,13170317,13170481,164,CDS
34029,13171401,13174796,3395,gene
34030,13171401,13171599,198,mRNA
34031,13172551,13172720,169,mRNA
34032,13172782,13173722,940,mRNA
34033,13173785,13174796,1011,mRNA
34034,13171520,13171599,79,CDS
34035,13172551,13172720,169,CDS
34036,13172782,13173722,940,CDS
34037,13173785,13174651,866,CDS
34038,13175395,13176075,680,gene
34039,13175395,13175612,217,mRNA
34040,13175671,13176075,404,mRNA
34041,13175436,13175612,176,CDS
34042,13175671,13176075,404,CDS
34043,13176094,13190086,13992,gene
34044,13184777,13185112,335,mRNA
34045,13176094,13179013,2919,mRNA
34046,13184777,13185112,335,mRNA
34047,13179588,13180110,522,mRNA
34048,13176094,13179013,2919,mRNA
34049,13176553,13198337,21784,gene
34050,13176553,13190086,13533,gene
34051,13189561,13190086,525,mRNA
34052,13184777,13185175,398,mRNA
34053,13180990,13183234,2244,mRNA
34054,13176553,13179013,2460,mRNA
34055,13189561,13190086,525,mRNA
34056,13184777,13185175,398,mRNA
34057,13180990,13183234,2244,mRNA
34058,13176553,13179013,2460,mRNA
34059,13189561,13190086,525,mRNA
34060,13187394,13187908,514,mRNA
34061,13186981,13187319,338,mRNA
34062,13186600,13186922,322,mRNA
34063,13186273,13186532,259,mRNA
34064,13185784,13186155,371,mRNA
34065,13184777,13185175,398,mRNA
34066,13179588,13180110,522,mRNA
34067,13176553,13179013,2460,mRNA
34068,13189561,13190086,525,mRNA
34069,13187394,13187908,514,mRNA
34070,13186981,13187319,338,mRNA
34071,13186600,13186922,322,mRNA
34072,13186273,13186532,259,mRNA
34073,13185784,13186155,371,mRNA
34074,13184777,13185175,398,mRNA
34075,13179588,13180110,522,mRNA
34076,13176553,13179013,2460,mRNA
34077,13185784,13185812,28,mRNA
34078,13184777,13185175,398,mRNA
34079,13179588,13180110,522,mRNA
34080,13176553,13179013,2460,mRNA
34081,13177353,13178981,1628,CDS
34082,13177425,13178981,1556,CDS
34083,13177425,13178981,1556,CDS
34084,13177425,13178981,1556,CDS
34085,13177425,13178981,1556,CDS
34086,13184777,13185143,366,CDS
34087,13180990,13183234,2244,CDS
34088,13179004,13179013,9,CDS
34089,13189561,13190086,525,mRNA
34090,13184777,13185175,398,mRNA
34091,13180990,13183234,2244,mRNA
34092,13179682,13180110,428,mRNA
34093,13184777,13185143,366,CDS
34094,13180990,13183234,2244,CDS
34095,13180074,13180110,36,CDS
34096,13187394,13187825,431,CDS
34097,13186981,13187319,338,CDS
34098,13186600,13186922,322,CDS
34099,13186273,13186532,259,CDS
34100,13185784,13186155,371,CDS
34101,13184777,13185175,398,CDS
34102,13180082,13180110,28,CDS
34103,13198213,13198337,124,mRNA
34104,13187394,13187908,514,mRNA
34105,13186981,13187319,338,mRNA
34106,13186600,13186922,322,mRNA
34107,13186273,13186532,259,mRNA
34108,13185534,13186155,621,mRNA
34109,13198213,13198337,124,mRNA
34110,13197677,13198159,482,mRNA
34111,13187394,13187908,514,mRNA
34112,13186981,13187319,338,mRNA
34113,13186600,13186922,322,mRNA
34114,13186273,13186532,259,mRNA
34115,13185534,13186155,621,mRNA
34116,13189561,13190086,525,mRNA
34117,13187394,13187908,514,mRNA
34118,13186981,13187319,338,mRNA
34119,13186600,13186922,322,mRNA
34120,13186273,13186532,259,mRNA
34121,13185534,13186155,621,mRNA
34122,13189088,13189253,165,mRNA
34123,13187394,13187908,514,mRNA
34124,13186981,13187319,338,mRNA
34125,13186600,13186922,322,mRNA
34126,13186273,13186532,259,mRNA
34127,13185534,13186155,621,mRNA
34128,13187394,13187825,431,CDS
34129,13186981,13187319,338,CDS
34130,13186600,13186922,322,CDS
34131,13186273,13186532,259,CDS
34132,13185737,13186155,418,CDS
34133,13187394,13187825,431,CDS
34134,13186981,13187319,338,CDS
34135,13186600,13186922,322,CDS
34136,13186273,13186532,259,CDS
34137,13185737,13186155,418,CDS
34138,13187394,13187825,431,CDS
34139,13186981,13187319,338,CDS
34140,13186600,13186922,322,CDS
34141,13186273,13186532,259,CDS
34142,13185737,13186155,418,CDS
34143,13187394,13187825,431,CDS
34144,13186981,13187319,338,CDS
34145,13186600,13186922,322,CDS
34146,13186273,13186532,259,CDS
34147,13185737,13186155,418,CDS
34148,13198850,13202709,3859,gene
34149,13198850,13198919,69,mRNA
34150,13198961,13199184,223,mRNA
34151,13199336,13199503,167,mRNA
34152,13199562,13200824,1262,mRNA
34153,13200889,13200906,17,mRNA
34154,13200998,13202027,1029,mRNA
34155,13202092,13202709,617,mRNA
34156,13198850,13198919,69,mRNA
34157,13198974,13199184,210,mRNA
34158,13199336,13199503,167,mRNA
34159,13199562,13200824,1262,mRNA
34160,13200998,13202027,1029,mRNA
34161,13202092,13202709,617,mRNA
34162,13198940,13199184,244,mRNA
34163,13199336,13199503,167,mRNA
34164,13199562,13200824,1262,mRNA
34165,13200998,13202027,1029,mRNA
34166,13202092,13202709,617,mRNA
34167,13198999,13199184,185,CDS
34168,13199336,13199503,167,CDS
34169,13199562,13200824,1262,CDS
34170,13200889,13200906,17,CDS
34171,13200998,13202027,1029,CDS
34172,13202092,13202594,502,CDS
34173,13198999,13199184,185,CDS
34174,13199336,13199503,167,CDS
34175,13199562,13200824,1262,CDS
34176,13200998,13202027,1029,CDS
34177,13202092,13202594,502,CDS
34178,13198999,13199184,185,CDS
34179,13199336,13199503,167,CDS
34180,13199562,13200824,1262,CDS
34181,13200998,13202027,1029,CDS
34182,13202092,13202594,502,CDS
34183,13202728,13206547,3819,gene
34184,13202728,13206547,3819,gene
34185,13206381,13206547,166,mRNA
34186,13206180,13206324,144,mRNA
34187,13205998,13206123,125,mRNA
34188,13205776,13205925,149,mRNA
34189,13205476,13205716,240,mRNA
34190,13205182,13205400,218,mRNA
34191,13204315,13205118,803,mRNA
34192,13203018,13204255,1237,mRNA
34193,13202728,13202952,224,mRNA
34194,13206381,13206547,166,mRNA
34195,13206180,13206324,144,mRNA
34196,13205998,13206123,125,mRNA
34197,13205776,13205925,149,mRNA
34198,13205476,13205716,240,mRNA
34199,13205182,13205400,218,mRNA
34200,13204315,13205118,803,mRNA
34201,13203018,13204255,1237,mRNA
34202,13202728,13202952,224,mRNA
34203,13205182,13205337,155,mRNA
34204,13204315,13205118,803,mRNA
34205,13203018,13204255,1237,mRNA
34206,13202728,13202952,224,mRNA
34207,13205182,13205208,26,CDS
34208,13204315,13205118,803,CDS
34209,13203018,13204255,1237,CDS
34210,13202856,13202952,96,CDS
34211,13205182,13205208,26,CDS
34212,13204315,13205118,803,CDS
34213,13203018,13204255,1237,CDS
34214,13202856,13202952,96,CDS
34215,13206381,13206508,127,CDS
34216,13206180,13206324,144,CDS
34217,13205998,13206123,125,CDS
34218,13205776,13205925,149,CDS
34219,13205476,13205716,240,CDS
34220,13205390,13205400,10,CDS
34221,13206745,13210469,3724,gene
34222,13206745,13206991,246,mRNA
34223,13207062,13207349,287,mRNA
34224,13207406,13207596,190,mRNA
34225,13207651,13208193,542,mRNA
34226,13208253,13210469,2216,mRNA
34227,13206745,13206991,246,mRNA
34228,13207067,13207349,282,mRNA
34229,13207406,13207596,190,mRNA
34230,13207651,13208193,542,mRNA
34231,13208253,13209818,1565,mRNA
34232,13207092,13207349,257,CDS
34233,13207406,13207596,190,CDS
34234,13207651,13208193,542,CDS
34235,13208253,13209795,1542,CDS
34236,13207092,13207349,257,CDS
34237,13207406,13207596,190,CDS
34238,13207651,13208193,542,CDS
34239,13208253,13209795,1542,CDS
34240,13209809,13212237,2428,gene
34241,13209809,13212237,2428,gene
34242,13209809,13212237,2428,gene
34243,13212067,13212237,170,mRNA
34244,13211794,13212011,217,mRNA
34245,13211594,13211729,135,mRNA
34246,13211207,13211517,310,mRNA
34247,13211035,13211141,106,mRNA
34248,13210841,13210979,138,mRNA
34249,13210459,13210699,240,mRNA
34250,13210256,13210407,151,mRNA
34251,13210062,13210197,135,mRNA
34252,13209809,13209958,149,mRNA
34253,13212067,13212237,170,mRNA
34254,13211794,13212011,217,mRNA
34255,13211594,13211729,135,mRNA
34256,13211207,13211517,310,mRNA
34257,13211035,13211141,106,mRNA
34258,13210841,13210979,138,mRNA
34259,13210459,13210699,240,mRNA
34260,13210256,13210407,151,mRNA
34261,13210062,13210197,135,mRNA
34262,13209809,13209958,149,mRNA
34263,13212067,13212237,170,mRNA
34264,13211794,13212011,217,mRNA
34265,13211594,13211729,135,mRNA
34266,13211207,13211517,310,mRNA
34267,13211035,13211141,106,mRNA
34268,13210841,13210979,138,mRNA
34269,13210459,13210699,240,mRNA
34270,13210256,13210407,151,mRNA
34271,13210062,13210197,135,mRNA
34272,13209809,13209958,149,mRNA
34273,13211207,13211396,189,mRNA
34274,13211035,13211141,106,mRNA
34275,13210841,13210979,138,mRNA
34276,13210459,13210699,240,mRNA
34277,13210256,13210407,151,mRNA
34278,13210062,13210197,135,mRNA
34279,13209809,13209958,149,mRNA
34280,13211207,13211396,189,mRNA
34281,13211035,13211141,106,mRNA
34282,13210841,13210979,138,mRNA
34283,13210459,13210699,240,mRNA
34284,13210256,13210407,151,mRNA
34285,13210062,13210197,135,mRNA
34286,13209809,13209958,149,mRNA
34287,13210750,13210815,65,mRNA
34288,13210459,13210699,240,mRNA
34289,13210256,13210407,151,mRNA
34290,13210062,13210197,135,mRNA
34291,13209809,13209958,149,mRNA
34292,13210459,13210567,108,CDS
34293,13210256,13210407,151,CDS
34294,13210062,13210197,135,CDS
34295,13209885,13209958,73,CDS
34296,13210459,13210567,108,CDS
34297,13210256,13210407,151,CDS
34298,13210062,13210197,135,CDS
34299,13209885,13209958,73,CDS
34300,13210459,13210567,108,CDS
34301,13210256,13210407,151,CDS
34302,13210062,13210197,135,CDS
34303,13209885,13209958,73,CDS
34304,13211207,13211318,111,CDS
34305,13211035,13211141,106,CDS
34306,13210841,13210979,138,CDS
34307,13210629,13210699,70,CDS
34308,13211207,13211318,111,CDS
34309,13211035,13211141,106,CDS
34310,13210841,13210979,138,CDS
34311,13210629,13210699,70,CDS
34312,13212067,13212175,108,CDS
34313,13211794,13212011,217,CDS
34314,13211594,13211729,135,CDS
34315,13211456,13211517,61,CDS
34316,13212405,13214496,2091,gene
34317,13214419,13214496,77,mRNA
34318,13213751,13213931,180,mRNA
34319,13213023,13213436,413,mRNA
34320,13212405,13212932,527,mRNA
34321,13214071,13214111,40,mRNA
34322,13213751,13213931,180,mRNA
34323,13213023,13213436,413,mRNA
34324,13212405,13212962,557,mRNA
34325,13213751,13213928,177,CDS
34326,13213023,13213436,413,CDS
34327,13212724,13212932,208,CDS
34328,13213751,13213928,177,CDS
34329,13213023,13213436,413,CDS
34330,13212724,13212962,238,CDS
34331,13214706,13215760,1054,gene
34332,13214706,13214901,195,mRNA
34333,13214969,13215760,791,mRNA
34334,13214901,13214901,0,CDS
34335,13214969,13215582,613,CDS
34336,13215659,13219247,3588,gene
34337,13219088,13219247,159,mRNA
34338,13217589,13218199,610,mRNA
34339,13216761,13217478,717,mRNA
34340,13216604,13216697,93,mRNA
34341,13216348,13216404,56,mRNA
34342,13216159,13216259,100,mRNA
34343,13216023,13216103,80,mRNA
34344,13215856,13215966,110,mRNA
34345,13215659,13215799,140,mRNA
34346,13219088,13219247,159,mRNA
34347,13217589,13218303,714,mRNA
34348,13216761,13217478,717,mRNA
34349,13216604,13216697,93,mRNA
34350,13216159,13216259,100,mRNA
34351,13216023,13216103,80,mRNA
34352,13215856,13215966,110,mRNA
34353,13215659,13215799,140,mRNA
34354,13217589,13218145,556,CDS
34355,13216761,13217478,717,CDS
34356,13216604,13216697,93,CDS
34357,13216159,13216259,100,CDS
34358,13216023,13216103,80,CDS
34359,13215856,13215966,110,CDS
34360,13215770,13215799,29,CDS
34361,13217589,13218145,556,CDS
34362,13216761,13217478,717,CDS
34363,13216604,13216697,93,CDS
34364,13216348,13216404,56,CDS
34365,13216159,13216259,100,CDS
34366,13216023,13216103,80,CDS
34367,13215856,13215966,110,CDS
34368,13215770,13215799,29,CDS
34369,13219396,13220251,855,gene
34370,13219944,13220251,307,mRNA
34371,13219396,13219884,488,mRNA
34372,13219944,13220251,307,mRNA
34373,13219494,13219884,390,mRNA
34374,13219944,13220196,252,CDS
34375,13219646,13219884,238,CDS
34376,13219944,13220196,252,CDS
34377,13219646,13219884,238,CDS
34378,13220283,13221015,732,gene
34379,13220283,13220455,172,mRNA
34380,13220766,13221015,249,mRNA
34381,13220378,13220455,77,CDS
34382,13220766,13220903,137,CDS
34383,13220939,13222459,1520,gene
34384,13222344,13222459,115,mRNA
34385,13221862,13222229,367,mRNA
34386,13221440,13221804,364,mRNA
34387,13220939,13221376,437,mRNA
34388,13221862,13222338,476,mRNA
34389,13221440,13221804,364,mRNA
34390,13220939,13221376,437,mRNA
34391,13221862,13222169,307,CDS
34392,13221440,13221804,364,CDS
34393,13221282,13221376,94,CDS
34394,13221862,13222169,307,CDS
34395,13221440,13221804,364,CDS
34396,13221282,13221376,94,CDS
34397,13222433,13228202,5769,gene
34398,13222433,13223112,679,mRNA
34399,13225467,13225624,157,mRNA
34400,13225691,13225751,60,mRNA
34401,13225809,13225938,129,mRNA
34402,13226002,13226335,333,mRNA
34403,13226404,13226639,235,mRNA
34404,13226700,13226782,82,mRNA
34405,13226846,13226929,83,mRNA
34406,13226986,13227745,759,mRNA
34407,13223046,13223112,66,CDS
34408,13225467,13225624,157,CDS
34409,13225691,13225751,60,CDS
34410,13225809,13225938,129,CDS
34411,13226002,13226335,333,CDS
34412,13226404,13226639,235,CDS
34413,13226700,13226782,82,CDS
34414,13226846,13226929,83,CDS
34415,13226986,13227170,184,CDS
34416,13223591,13223660,69,mRNA
34417,13225467,13225624,157,mRNA
34418,13225691,13225751,60,mRNA
34419,13225812,13225938,126,mRNA
34420,13226002,13226335,333,mRNA
34421,13226404,13226639,235,mRNA
34422,13226700,13226782,82,mRNA
34423,13226846,13226929,83,mRNA
34424,13226986,13227745,759,mRNA
34425,13224175,13224462,287,gene
34426,13224175,13224462,287,ncRNA
34427,13225322,13225624,302,mRNA
34428,13225691,13225751,60,mRNA
34429,13225809,13225938,129,mRNA
34430,13226002,13226335,333,mRNA
34431,13226404,13226639,235,mRNA
34432,13226700,13226782,82,mRNA
34433,13226846,13226929,83,mRNA
34434,13226986,13228202,1216,mRNA
34435,13225412,13225624,212,CDS
34436,13225691,13225751,60,CDS
34437,13225809,13225938,129,CDS
34438,13226002,13226335,333,CDS
34439,13226404,13226639,235,CDS
34440,13226700,13226782,82,CDS
34441,13226846,13226929,83,CDS
34442,13226986,13227170,184,CDS
34443,13225481,13225624,143,CDS
34444,13225691,13225751,60,CDS
34445,13225812,13225938,126,CDS
34446,13226002,13226335,333,CDS
34447,13226404,13226639,235,CDS
34448,13226700,13226782,82,CDS
34449,13226846,13226929,83,CDS
34450,13226986,13227170,184,CDS
34451,13228276,13230234,1958,gene
34452,13229288,13230234,946,mRNA
34453,13229003,13229232,229,mRNA
34454,13228276,13228866,590,mRNA
34455,13229288,13229958,670,CDS
34456,13229003,13229232,229,CDS
34457,13228445,13228866,421,CDS
34458,13230583,13231663,1080,gene
34459,13230583,13230716,133,mRNA
34460,13230778,13231663,885,mRNA
34461,13230650,13230716,66,CDS
34462,13230778,13231649,871,CDS
34463,13231758,13235296,3538,gene
34464,13233470,13235296,1826,mRNA
34465,13231758,13232550,792,mRNA
34466,13233470,13235046,1576,mRNA
34467,13231758,13232550,792,mRNA
34468,13233470,13234897,1427,CDS
34469,13232065,13232550,485,CDS
34470,13233470,13234897,1427,CDS
34471,13232065,13232550,485,CDS
34472,13232743,13232823,80,mobile_element
34473,13235980,13237055,1075,gene
34474,13235980,13236255,275,mRNA
34475,13236308,13237055,747,mRNA
34476,13236015,13236255,240,CDS
34477,13236308,13236921,613,CDS
34478,13237256,13239468,2212,gene
34479,13239000,13239468,468,mRNA
34480,13237256,13238945,1689,mRNA
34481,13239000,13239326,326,CDS
34482,13237314,13238945,1631,CDS
34483,13239729,13241013,1284,gene
34484,13239729,13239937,208,mRNA
34485,13240065,13240265,200,mRNA
34486,13240324,13240446,122,mRNA
34487,13240539,13241013,474,mRNA
34488,13239788,13239937,149,CDS
34489,13240065,13240265,200,CDS
34490,13240324,13240446,122,CDS
34491,13240539,13240763,224,CDS
34492,13243996,13245045,1049,gene
34493,13243996,13245045,1049,ncRNA
34494,13246670,13248880,2210,gene
34495,13246670,13246772,102,mRNA
34496,13246917,13247249,332,mRNA
34497,13247317,13247504,187,mRNA
34498,13248812,13248880,68,mRNA
34499,13246670,13246772,102,mRNA
34500,13246917,13247249,332,mRNA
34501,13247317,13247759,442,mRNA
34502,13246743,13246772,29,CDS
34503,13246917,13247249,332,CDS
34504,13247317,13247504,187,CDS
34505,13248812,13248830,18,CDS
34506,13246743,13246772,29,CDS
34507,13246917,13247249,332,CDS
34508,13247317,13247508,191,CDS
34509,13248894,13251724,2830,gene
34510,13251428,13251724,296,mRNA
34511,13250009,13251362,1353,mRNA
34512,13249401,13249497,96,mRNA
34513,13248894,13249331,437,mRNA
34514,13250009,13251724,1715,mRNA
34515,13249401,13249497,96,mRNA
34516,13248894,13249331,437,mRNA
34517,13250009,13251547,1538,CDS
34518,13249401,13249497,96,CDS
34519,13248943,13249331,388,CDS
34520,13251428,13251531,103,CDS
34521,13250009,13251362,1353,CDS
34522,13249401,13249497,96,CDS
34523,13248943,13249331,388,CDS
34524,13251852,13254337,2485,gene
34525,13252498,13254337,1839,mRNA
34526,13252327,13252423,96,mRNA
34527,13251852,13252269,417,mRNA
34528,13252498,13254225,1727,CDS
34529,13252327,13252423,96,CDS
34530,13251896,13252269,373,CDS
34531,13254495,13255496,1001,gene
34532,13254495,13255496,1001,ncRNA
34533,13256587,13257446,859,gene
34534,13256587,13257446,859,mRNA
34535,13256587,13257378,791,mRNA
34536,13256587,13257042,455,mRNA
34537,13257123,13257299,176,mRNA
34538,13256683,13257354,671,CDS
34539,13256683,13257354,671,CDS
34540,13256683,13257042,359,CDS
34541,13257123,13257131,8,CDS
34542,13257886,13258477,591,gene
34543,13257886,13258477,591,mRNA
34544,13257951,13258451,500,CDS
34545,13259499,13259672,173,mobile_element
34546,13260101,13266336,6235,gene
34547,13260101,13260417,316,mRNA
34548,13260478,13260894,416,mRNA
34549,13262643,13262794,151,mRNA
34550,13262906,13262997,91,mRNA
34551,13264370,13265121,751,mRNA
34552,13265321,13265388,67,mRNA
34553,13265453,13266336,883,mRNA
34554,13260101,13260417,316,mRNA
34555,13260478,13260894,416,mRNA
34556,13262643,13262794,151,mRNA
34557,13262906,13262997,91,mRNA
34558,13263493,13263665,172,mRNA
34559,13263800,13264114,314,mRNA
34560,13260688,13260894,206,CDS
34561,13262643,13262794,151,CDS
34562,13262906,13262997,91,CDS
34563,13264370,13265121,751,CDS
34564,13265321,13265388,67,CDS
34565,13265453,13265540,87,CDS
34566,13260688,13260894,206,CDS
34567,13262643,13262794,151,CDS
34568,13262906,13262997,91,CDS
34569,13263493,13263665,172,CDS
34570,13263800,13263931,131,CDS
34571,13262485,13262582,97,mRNA
34572,13262643,13262794,151,mRNA
34573,13262906,13262997,91,mRNA
34574,13264370,13265121,751,mRNA
34575,13265321,13265388,67,mRNA
34576,13265453,13266336,883,mRNA
34577,13262485,13262582,97,mRNA
34578,13262643,13262794,151,mRNA
34579,13262906,13262997,91,mRNA
34580,13263493,13263665,172,mRNA
34581,13263800,13264327,527,mRNA
34582,13262485,13262507,22,mRNA
34583,13262643,13262794,151,mRNA
34584,13262906,13262997,91,mRNA
34585,13263493,13263665,172,mRNA
34586,13263800,13264327,527,mRNA
34587,13262485,13262794,309,mRNA
34588,13262906,13262997,91,mRNA
34589,13263493,13263665,172,mRNA
34590,13263800,13264114,314,mRNA
34591,13262907,13262997,90,CDS
34592,13264370,13265121,751,CDS
34593,13265321,13265388,67,CDS
34594,13265453,13265540,87,CDS
34595,13262907,13262997,90,CDS
34596,13263493,13263665,172,CDS
34597,13263800,13263931,131,CDS
34598,13262907,13262997,90,CDS
34599,13263493,13263665,172,CDS
34600,13263800,13263931,131,CDS
34601,13262907,13262997,90,CDS
34602,13263493,13263665,172,CDS
34603,13263800,13263931,131,CDS
34604,13267798,13295927,28129,gene
34605,13295272,13295927,655,mRNA
34606,13277975,13278170,195,mRNA
34607,13277444,13277581,137,mRNA
34608,13275290,13275396,106,mRNA
34609,13275125,13275216,91,mRNA
34610,13273853,13273979,126,mRNA
34611,13273540,13273766,226,mRNA
34612,13273085,13273261,176,mRNA
34613,13272653,13272776,123,mRNA
34614,13269392,13269520,128,mRNA
34615,13267798,13269093,1295,mRNA
34616,13295272,13295927,655,mRNA
34617,13277975,13278170,195,mRNA
34618,13277444,13277581,137,mRNA
34619,13275290,13275396,106,mRNA
34620,13275125,13275216,91,mRNA
34621,13273853,13273979,126,mRNA
34622,13273540,13273766,226,mRNA
34623,13273085,13273261,176,mRNA
34624,13272653,13272776,123,mRNA
34625,13269392,13269520,128,mRNA
34626,13267798,13269093,1295,mRNA
34627,13295272,13295927,655,mRNA
34628,13277975,13278170,195,mRNA
34629,13277444,13277581,137,mRNA
34630,13275290,13275396,106,mRNA
34631,13275125,13275216,91,mRNA
34632,13273853,13273979,126,mRNA
34633,13273540,13273766,226,mRNA
34634,13273085,13273261,176,mRNA
34635,13272653,13272776,123,mRNA
34636,13269392,13269520,128,mRNA
34637,13267798,13269108,1310,mRNA
34638,13277975,13278140,165,CDS
34639,13277444,13277581,137,CDS
34640,13275290,13275396,106,CDS
34641,13275125,13275216,91,CDS
34642,13273853,13273979,126,CDS
34643,13273540,13273766,226,CDS
34644,13273085,13273261,176,CDS
34645,13272653,13272776,123,CDS
34646,13269392,13269520,128,CDS
34647,13268566,13269093,527,CDS
34648,13277975,13278140,165,CDS
34649,13277444,13277581,137,CDS
34650,13275290,13275396,106,CDS
34651,13275125,13275216,91,CDS
34652,13273853,13273979,126,CDS
34653,13273540,13273766,226,CDS
34654,13273085,13273261,176,CDS
34655,13272653,13272776,123,CDS
34656,13269392,13269520,128,CDS
34657,13269049,13269093,44,CDS
34658,13277975,13278140,165,CDS
34659,13277444,13277581,137,CDS
34660,13275290,13275396,106,CDS
34661,13275125,13275216,91,CDS
34662,13273853,13273979,126,CDS
34663,13273540,13273766,226,CDS
34664,13273085,13273261,176,CDS
34665,13272653,13272776,123,CDS
34666,13269392,13269520,128,CDS
34667,13269100,13269108,8,CDS
34668,13297202,13298467,1265,gene
34669,13297782,13298467,685,mRNA
34670,13297518,13297714,196,mRNA
34671,13297202,13297329,127,mRNA
34672,13297782,13298467,685,CDS
34673,13297518,13297714,196,CDS
34674,13297235,13297329,94,CDS
34675,13298995,13301547,2552,gene
34676,13298995,13299913,918,mRNA
34677,13300201,13300819,618,mRNA
34678,13301100,13301293,193,mRNA
34679,13301366,13301547,181,mRNA
34680,13299599,13299913,314,mRNA
34681,13300201,13300819,618,mRNA
34682,13301100,13301293,193,mRNA
34683,13301366,13301547,181,mRNA
34684,13299655,13299913,258,CDS
34685,13300201,13300819,618,CDS
34686,13301100,13301293,193,CDS
34687,13301366,13301472,106,CDS
34688,13299655,13299913,258,CDS
34689,13300201,13300819,618,CDS
34690,13301100,13301293,193,CDS
34691,13301366,13301472,106,CDS
34692,13329352,13344808,15456,gene
34693,13344501,13344808,307,ncRNA
34694,13336952,13337348,396,ncRNA
34695,13329352,13330954,1602,ncRNA
34696,13336952,13337335,383,ncRNA
34697,13329352,13330954,1602,ncRNA
34698,13329402,13329501,99,gene
34699,13329402,13329501,99,precursor_RNA
34700,13329420,13329441,21,ncRNA
34701,13329460,13329480,20,ncRNA
34702,13353638,13354499,861,gene
34703,13354043,13354499,456,mRNA
34704,13353638,13353892,254,mRNA
34705,13354043,13354499,456,mRNA
34706,13353758,13353892,134,mRNA
34707,13354043,13354333,290,CDS
34708,13353809,13353892,83,CDS
34709,13354043,13354333,290,CDS
34710,13353809,13353892,83,CDS
34711,13361825,13362835,1010,gene
34712,13361825,13362835,1010,ncRNA
34713,13375975,13377731,1756,gene
34714,13376796,13377731,935,mRNA
34715,13375975,13376496,521,mRNA
34716,13376796,13377688,892,CDS
34717,13376181,13376496,315,CDS
34718,13389495,13393361,3866,gene
34719,13390525,13393361,2836,mRNA
34720,13389495,13390449,954,mRNA
34721,13390525,13393361,2836,mRNA
34722,13389673,13390449,776,mRNA
34723,13390525,13393218,2693,CDS
34724,13389853,13390449,596,CDS
34725,13390525,13393218,2693,CDS
34726,13389853,13390449,596,CDS
34727,13393705,13394667,962,gene
34728,13393705,13394086,381,mRNA
34729,13394150,13394667,517,mRNA
34730,13393769,13394086,317,CDS
34731,13394150,13394549,399,CDS
34732,13394615,13399368,4753,gene
34733,13395588,13399368,3780,mRNA
34734,13394615,13395514,899,mRNA
34735,13395588,13399327,3739,CDS
34736,13394743,13395514,771,CDS
34737,13407011,13408358,1347,gene
34738,13407011,13407094,83,mRNA
34739,13407168,13407380,212,mRNA
34740,13407440,13407942,502,mRNA
34741,13407999,13408358,359,mRNA
34742,13407011,13407094,83,mRNA
34743,13407168,13407380,212,mRNA
34744,13407440,13407942,502,mRNA
34745,13407999,13408103,104,mRNA
34746,13407043,13407094,51,CDS
34747,13407168,13407380,212,CDS
34748,13407440,13407942,502,CDS
34749,13407999,13408004,5,CDS
34750,13407043,13407094,51,CDS
34751,13407168,13407380,212,CDS
34752,13407440,13407942,502,CDS
34753,13407999,13408004,5,CDS
34754,13408042,13409887,1845,gene
34755,13409815,13409887,72,mRNA
34756,13409068,13409761,693,mRNA
34757,13408373,13409010,637,mRNA
34758,13408042,13408313,271,mRNA
34759,13409815,13409817,2,CDS
34760,13409068,13409761,693,CDS
34761,13408373,13409010,637,CDS
34762,13408170,13408313,143,CDS
34763,13410269,13410591,322,gene
34764,13410269,13410591,322,exon
34765,13411739,13413085,1346,gene
34766,13411739,13411821,82,mRNA
34767,13411895,13412107,212,mRNA
34768,13412167,13412669,502,mRNA
34769,13412726,13413085,359,mRNA
34770,13411739,13411821,82,mRNA
34771,13411895,13412107,212,mRNA
34772,13412167,13412669,502,mRNA
34773,13412726,13412830,104,mRNA
34774,13411770,13411821,51,CDS
34775,13411895,13412107,212,CDS
34776,13412167,13412669,502,CDS
34777,13412726,13412731,5,CDS
34778,13411770,13411821,51,CDS
34779,13411895,13412107,212,CDS
34780,13412167,13412669,502,CDS
34781,13412726,13412731,5,CDS
34782,13412769,13414620,1851,gene
34783,13414542,13414620,78,mRNA
34784,13413795,13414488,693,mRNA
34785,13413100,13413737,637,mRNA
34786,13412769,13413040,271,mRNA
34787,13414542,13414544,2,CDS
34788,13413795,13414488,693,CDS
34789,13413100,13413737,637,CDS
34790,13412897,13413040,143,CDS
34791,13414978,13439051,24073,gene
34792,13438928,13439051,123,mRNA
34793,13438607,13438823,216,mRNA
34794,13422602,13422725,123,mRNA
34795,13422320,13422503,183,mRNA
34796,13422099,13422259,160,mRNA
34797,13421839,13422036,197,mRNA
34798,13420336,13421707,1371,mRNA
34799,13419464,13420270,806,mRNA
34800,13419147,13419400,253,mRNA
34801,13418987,13419085,98,mRNA
34802,13415875,13415957,82,mRNA
34803,13414978,13415615,637,mRNA
34804,13438607,13439051,444,mRNA
34805,13422602,13422725,123,mRNA
34806,13422320,13422503,183,mRNA
34807,13422099,13422259,160,mRNA
34808,13421839,13422036,197,mRNA
34809,13420336,13421707,1371,mRNA
34810,13419464,13420270,806,mRNA
34811,13419147,13419400,253,mRNA
34812,13418987,13419085,98,mRNA
34813,13415875,13415957,82,mRNA
34814,13414978,13415615,637,mRNA
34815,13438607,13439051,444,mRNA
34816,13422602,13422725,123,mRNA
34817,13422320,13422503,183,mRNA
34818,13422099,13422259,160,mRNA
34819,13421839,13422036,197,mRNA
34820,13420336,13421707,1371,mRNA
34821,13419464,13420270,806,mRNA
34822,13419147,13419400,253,mRNA
34823,13418987,13419085,98,mRNA
34824,13416575,13416947,372,mRNA
34825,13414978,13415615,637,mRNA
34826,13438607,13439051,444,mRNA
34827,13422602,13422725,123,mRNA
34828,13422320,13422503,183,mRNA
34829,13422099,13422259,160,mRNA
34830,13421839,13422036,197,mRNA
34831,13420336,13421707,1371,mRNA
34832,13419464,13420270,806,mRNA
34833,13419147,13419400,253,mRNA
34834,13418987,13419085,98,mRNA
34835,13417536,13417828,292,mRNA
34836,13415875,13415957,82,mRNA
34837,13414978,13415615,637,mRNA
34838,13436203,13437555,1352,mRNA
34839,13422602,13422725,123,mRNA
34840,13422320,13422503,183,mRNA
34841,13422099,13422259,160,mRNA
34842,13421839,13422036,197,mRNA
34843,13420336,13421707,1371,mRNA
34844,13419464,13420270,806,mRNA
34845,13419147,13419400,253,mRNA
34846,13418987,13419085,98,mRNA
34847,13415875,13415957,82,mRNA
34848,13414978,13415615,637,mRNA
34849,13436203,13437555,1352,mRNA
34850,13422602,13422725,123,mRNA
34851,13422320,13422503,183,mRNA
34852,13422099,13422259,160,mRNA
34853,13421839,13422036,197,mRNA
34854,13420336,13421707,1371,mRNA
34855,13419464,13420270,806,mRNA
34856,13419147,13419400,253,mRNA
34857,13418987,13419085,98,mRNA
34858,13417536,13417828,292,mRNA
34859,13415875,13415957,82,mRNA
34860,13414978,13415615,637,mRNA
34861,13429789,13429895,106,mRNA
34862,13425513,13426038,525,mRNA
34863,13422602,13422725,123,mRNA
34864,13422320,13422503,183,mRNA
34865,13422099,13422259,160,mRNA
34866,13421839,13422036,197,mRNA
34867,13420336,13421707,1371,mRNA
34868,13419464,13420270,806,mRNA
34869,13419147,13419400,253,mRNA
34870,13418987,13419085,98,mRNA
34871,13415875,13415957,82,mRNA
34872,13414978,13415615,637,mRNA
34873,13429756,13429895,139,mRNA
34874,13425513,13426239,726,mRNA
34875,13422602,13422725,123,mRNA
34876,13422320,13422503,183,mRNA
34877,13422099,13422259,160,mRNA
34878,13421839,13422036,197,mRNA
34879,13420336,13421707,1371,mRNA
34880,13419464,13420270,806,mRNA
34881,13419147,13419400,253,mRNA
34882,13418987,13419085,98,mRNA
34883,13415875,13415957,82,mRNA
34884,13414978,13415615,637,mRNA
34885,13429756,13429895,139,mRNA
34886,13425513,13426239,726,mRNA
34887,13422602,13422725,123,mRNA
34888,13422320,13422503,183,mRNA
34889,13422099,13422259,160,mRNA
34890,13421839,13422036,197,mRNA
34891,13420336,13421707,1371,mRNA
34892,13419464,13420270,806,mRNA
34893,13419147,13419400,253,mRNA
34894,13418987,13419085,98,mRNA
34895,13417536,13417828,292,mRNA
34896,13415875,13415957,82,mRNA
34897,13414978,13415615,637,mRNA
34898,13428712,13428822,110,mRNA
34899,13422602,13422725,123,mRNA
34900,13422320,13422503,183,mRNA
34901,13422099,13422259,160,mRNA
34902,13421839,13422036,197,mRNA
34903,13420336,13421707,1371,mRNA
34904,13419464,13420270,806,mRNA
34905,13419147,13419400,253,mRNA
34906,13418987,13419085,98,mRNA
34907,13416575,13416606,31,mRNA
34908,13414978,13415615,637,mRNA
34909,13438607,13438679,72,CDS
34910,13422602,13422725,123,CDS
34911,13422320,13422503,183,CDS
34912,13422099,13422259,160,CDS
34913,13421839,13422036,197,CDS
34914,13420336,13421707,1371,CDS
34915,13419464,13420270,806,CDS
34916,13419147,13419400,253,CDS
34917,13418987,13419085,98,CDS
34918,13415875,13415957,82,CDS
34919,13415518,13415615,97,CDS
34920,13438607,13438679,72,CDS
34921,13422602,13422725,123,CDS
34922,13422320,13422503,183,CDS
34923,13422099,13422259,160,CDS
34924,13421839,13422036,197,CDS
34925,13420336,13421707,1371,CDS
34926,13419464,13420270,806,CDS
34927,13419147,13419400,253,CDS
34928,13418987,13419085,98,CDS
34929,13415875,13415957,82,CDS
34930,13415518,13415615,97,CDS
34931,13436203,13436797,594,CDS
34932,13422602,13422725,123,CDS
34933,13422320,13422503,183,CDS
34934,13422099,13422259,160,CDS
34935,13421839,13422036,197,CDS
34936,13420336,13421707,1371,CDS
34937,13419464,13420270,806,CDS
34938,13419147,13419400,253,CDS
34939,13418987,13419085,98,CDS
34940,13415875,13415957,82,CDS
34941,13415518,13415615,97,CDS
34942,13428712,13428766,54,CDS
34943,13422602,13422725,123,CDS
34944,13422320,13422503,183,CDS
34945,13422099,13422259,160,CDS
34946,13421839,13422036,197,CDS
34947,13420336,13421707,1371,CDS
34948,13419464,13420270,806,CDS
34949,13419147,13419400,253,CDS
34950,13418987,13419085,98,CDS
34951,13416575,13416606,31,CDS
34952,13415518,13415615,97,CDS
34953,13425513,13425960,447,CDS
34954,13422602,13422725,123,CDS
34955,13422320,13422503,183,CDS
34956,13422099,13422259,160,CDS
34957,13421839,13422036,197,CDS
34958,13420336,13421707,1371,CDS
34959,13419464,13420270,806,CDS
34960,13419147,13419400,253,CDS
34961,13418987,13419085,98,CDS
34962,13415875,13415957,82,CDS
34963,13415518,13415615,97,CDS
34964,13425513,13425960,447,CDS
34965,13422602,13422725,123,CDS
34966,13422320,13422503,183,CDS
34967,13422099,13422259,160,CDS
34968,13421839,13422036,197,CDS
34969,13420336,13421707,1371,CDS
34970,13419464,13420270,806,CDS
34971,13419147,13419400,253,CDS
34972,13418987,13419085,98,CDS
34973,13415875,13415957,82,CDS
34974,13415518,13415615,97,CDS
34975,13438607,13438679,72,CDS
34976,13422602,13422725,123,CDS
34977,13422320,13422503,183,CDS
34978,13422099,13422259,160,CDS
34979,13421839,13422036,197,CDS
34980,13420336,13421707,1371,CDS
34981,13419464,13420270,806,CDS
34982,13419147,13419400,253,CDS
34983,13418987,13419085,98,CDS
34984,13416932,13416947,15,CDS
34985,13438607,13438679,72,CDS
34986,13422602,13422725,123,CDS
34987,13422320,13422503,183,CDS
34988,13422099,13422259,160,CDS
34989,13421839,13422036,197,CDS
34990,13420336,13421707,1371,CDS
34991,13419464,13420270,806,CDS
34992,13419147,13419400,253,CDS
34993,13418987,13419085,98,CDS
34994,13417570,13417828,258,CDS
34995,13436203,13436797,594,CDS
34996,13422602,13422725,123,CDS
34997,13422320,13422503,183,CDS
34998,13422099,13422259,160,CDS
34999,13421839,13422036,197,CDS
35000,13420336,13421707,1371,CDS
35001,13419464,13420270,806,CDS
35002,13419147,13419400,253,CDS
35003,13418987,13419085,98,CDS
35004,13417570,13417828,258,CDS
35005,13425513,13425960,447,CDS
35006,13422602,13422725,123,CDS
35007,13422320,13422503,183,CDS
35008,13422099,13422259,160,CDS
35009,13421839,13422036,197,CDS
35010,13420336,13421707,1371,CDS
35011,13419464,13420270,806,CDS
35012,13419147,13419400,253,CDS
35013,13418987,13419085,98,CDS
35014,13417570,13417828,258,CDS
35015,13438607,13439051,444,mRNA
35016,13422602,13422725,123,mRNA
35017,13422320,13422503,183,mRNA
35018,13422099,13422259,160,mRNA
35019,13421839,13422036,197,mRNA
35020,13420336,13421707,1371,mRNA
35021,13419464,13420270,806,mRNA
35022,13419147,13419400,253,mRNA
35023,13418079,13419085,1006,mRNA
35024,13436203,13437555,1352,mRNA
35025,13422602,13422725,123,mRNA
35026,13422320,13422503,183,mRNA
35027,13422099,13422259,160,mRNA
35028,13421839,13422036,197,mRNA
35029,13420336,13421707,1371,mRNA
35030,13419464,13420270,806,mRNA
35031,13419147,13419400,253,mRNA
35032,13418079,13419085,1006,mRNA
35033,13429756,13429895,139,mRNA
35034,13425513,13426239,726,mRNA
35035,13422602,13422725,123,mRNA
35036,13422320,13422503,183,mRNA
35037,13422099,13422259,160,mRNA
35038,13421839,13422036,197,mRNA
35039,13420336,13421707,1371,mRNA
35040,13419464,13420270,806,mRNA
35041,13419147,13419400,253,mRNA
35042,13418079,13419085,1006,mRNA
35043,13423914,13424736,822,mRNA
35044,13422602,13422725,123,mRNA
35045,13422320,13422503,183,mRNA
35046,13422099,13422259,160,mRNA
35047,13421839,13422036,197,mRNA
35048,13420336,13421707,1371,mRNA
35049,13419464,13420270,806,mRNA
35050,13419147,13419400,253,mRNA
35051,13418079,13419085,1006,mRNA
35052,13438607,13438679,72,CDS
35053,13422602,13422725,123,CDS
35054,13422320,13422503,183,CDS
35055,13422099,13422259,160,CDS
35056,13421839,13422036,197,CDS
35057,13420336,13421707,1371,CDS
35058,13419464,13420270,806,CDS
35059,13419147,13419400,253,CDS
35060,13418983,13419085,102,CDS
35061,13436203,13436797,594,CDS
35062,13422602,13422725,123,CDS
35063,13422320,13422503,183,CDS
35064,13422099,13422259,160,CDS
35065,13421839,13422036,197,CDS
35066,13420336,13421707,1371,CDS
35067,13419464,13420270,806,CDS
35068,13419147,13419400,253,CDS
35069,13418983,13419085,102,CDS
35070,13425513,13425960,447,CDS
35071,13422602,13422725,123,CDS
35072,13422320,13422503,183,CDS
35073,13422099,13422259,160,CDS
35074,13421839,13422036,197,CDS
35075,13420336,13421707,1371,CDS
35076,13419464,13420270,806,CDS
35077,13419147,13419400,253,CDS
35078,13418983,13419085,102,CDS
35079,13423914,13423959,45,CDS
35080,13422602,13422725,123,CDS
35081,13422320,13422503,183,CDS
35082,13422099,13422259,160,CDS
35083,13421839,13422036,197,CDS
35084,13420336,13421707,1371,CDS
35085,13419464,13420270,806,CDS
35086,13419147,13419400,253,CDS
35087,13418983,13419085,102,CDS
35088,13422978,13423647,669,gene
35089,13422978,13423647,669,mRNA
35090,13422995,13423603,608,CDS
35091,13430282,13430355,73,gene
35092,13430282,13430355,73,tRNA
35093,13430695,13430815,120,gene
35094,13430778,13430815,37,tRNA
35095,13430695,13430739,44,tRNA
35096,13430984,13431057,73,gene
35097,13430984,13431057,73,tRNA
35098,13431285,13431358,73,gene
35099,13431285,13431358,73,tRNA
35100,13431777,13431850,73,gene
35101,13431777,13431850,73,tRNA
35102,13432093,13432166,73,gene
35103,13432093,13432166,73,tRNA
35104,13432668,13432794,126,gene
35105,13432668,13432705,37,tRNA
35106,13432750,13432794,44,tRNA
35107,13433028,13433760,732,gene
35108,13433028,13433340,312,mRNA
35109,13433401,13433760,359,mRNA
35110,13433137,13433340,203,CDS
35111,13433401,13433448,47,CDS
35112,13434207,13435045,838,gene
35113,13434207,13435045,838,mRNA
35114,13434212,13434994,782,CDS
35115,13437866,13437939,73,gene
35116,13437866,13437939,73,tRNA
35117,13438343,13438521,178,mobile_element
35118,13439314,13450475,11161,gene
35119,13450174,13450475,301,mRNA
35120,13445547,13445590,43,mRNA
35121,13444765,13445138,373,mRNA
35122,13444428,13444694,266,mRNA
35123,13442934,13443128,194,mRNA
35124,13440392,13442516,2124,mRNA
35125,13439314,13440328,1014,mRNA
35126,13450174,13450475,301,mRNA
35127,13445547,13445590,43,mRNA
35128,13444765,13445138,373,mRNA
35129,13444428,13444694,266,mRNA
35130,13444175,13444342,167,mRNA
35131,13443888,13444106,218,mRNA
35132,13443753,13443816,63,mRNA
35133,13443454,13443692,238,mRNA
35134,13442934,13443128,194,mRNA
35135,13440392,13442516,2124,mRNA
35136,13439314,13440328,1014,mRNA
35137,13449308,13449400,92,mRNA
35138,13447132,13447328,196,mRNA
35139,13445547,13445590,43,mRNA
35140,13444765,13445138,373,mRNA
35141,13444428,13444694,266,mRNA
35142,13442934,13443128,194,mRNA
35143,13440392,13442516,2124,mRNA
35144,13439314,13440328,1014,mRNA
35145,13449219,13449400,181,mRNA
35146,13447132,13447328,196,mRNA
35147,13445547,13445590,43,mRNA
35148,13444765,13445138,373,mRNA
35149,13444428,13444694,266,mRNA
35150,13442934,13443128,194,mRNA
35151,13440392,13442516,2124,mRNA
35152,13439314,13440328,1014,mRNA
35153,13448997,13449400,403,mRNA
35154,13447132,13447328,196,mRNA
35155,13445547,13445590,43,mRNA
35156,13444765,13445138,373,mRNA
35157,13444428,13444694,266,mRNA
35158,13442934,13443128,194,mRNA
35159,13440392,13442516,2124,mRNA
35160,13439314,13440328,1014,mRNA
35161,13448997,13449400,403,mRNA
35162,13447132,13447328,196,mRNA
35163,13445547,13445590,43,mRNA
35164,13444765,13445138,373,mRNA
35165,13444428,13444694,266,mRNA
35166,13442934,13443158,224,mRNA
35167,13440392,13442516,2124,mRNA
35168,13439314,13440328,1014,mRNA
35169,13445211,13445374,163,mRNA
35170,13444765,13445138,373,mRNA
35171,13444428,13444694,266,mRNA
35172,13442934,13443128,194,mRNA
35173,13440392,13442516,2124,mRNA
35174,13439314,13440328,1014,mRNA
35175,13445211,13445374,163,mRNA
35176,13444765,13445138,373,mRNA
35177,13444428,13444694,266,mRNA
35178,13444175,13444342,167,mRNA
35179,13443888,13444106,218,mRNA
35180,13443753,13443816,63,mRNA
35181,13443454,13443692,238,mRNA
35182,13442934,13443128,194,mRNA
35183,13440392,13442516,2124,mRNA
35184,13439314,13440328,1014,mRNA
35185,13450174,13450358,184,CDS
35186,13445547,13445590,43,CDS
35187,13444765,13445138,373,CDS
35188,13444428,13444694,266,CDS
35189,13442934,13443128,194,CDS
35190,13440392,13442516,2124,CDS
35191,13440072,13440328,256,CDS
35192,13450174,13450358,184,CDS
35193,13445547,13445590,43,CDS
35194,13444765,13445138,373,CDS
35195,13444428,13444694,266,CDS
35196,13444175,13444342,167,CDS
35197,13443888,13444106,218,CDS
35198,13443753,13443816,63,CDS
35199,13443454,13443692,238,CDS
35200,13442934,13443128,194,CDS
35201,13440392,13442516,2124,CDS
35202,13440072,13440328,256,CDS
35203,13447132,13447232,100,CDS
35204,13445547,13445590,43,CDS
35205,13444765,13445138,373,CDS
35206,13444428,13444694,266,CDS
35207,13442934,13443128,194,CDS
35208,13440392,13442516,2124,CDS
35209,13440072,13440328,256,CDS
35210,13447132,13447232,100,CDS
35211,13445547,13445590,43,CDS
35212,13444765,13445138,373,CDS
35213,13444428,13444694,266,CDS
35214,13442934,13443128,194,CDS
35215,13440392,13442516,2124,CDS
35216,13440072,13440328,256,CDS
35217,13447132,13447232,100,CDS
35218,13445547,13445590,43,CDS
35219,13444765,13445138,373,CDS
35220,13444428,13444694,266,CDS
35221,13442934,13443128,194,CDS
35222,13440392,13442516,2124,CDS
35223,13440072,13440328,256,CDS
35224,13447132,13447232,100,CDS
35225,13445547,13445590,43,CDS
35226,13444765,13445138,373,CDS
35227,13444428,13444694,266,CDS
35228,13442934,13443158,224,CDS
35229,13440392,13442516,2124,CDS
35230,13440072,13440328,256,CDS
35231,13445211,13445265,54,CDS
35232,13444765,13445138,373,CDS
35233,13444428,13444694,266,CDS
35234,13442934,13443128,194,CDS
35235,13440392,13442516,2124,CDS
35236,13440072,13440328,256,CDS
35237,13445211,13445265,54,CDS
35238,13444765,13445138,373,CDS
35239,13444428,13444694,266,CDS
35240,13444175,13444342,167,CDS
35241,13443888,13444106,218,CDS
35242,13443753,13443816,63,CDS
35243,13443454,13443692,238,CDS
35244,13442934,13443128,194,CDS
35245,13440392,13442516,2124,CDS
35246,13440072,13440328,256,CDS
35247,13450174,13450475,301,mRNA
35248,13445547,13445590,43,mRNA
35249,13444765,13445138,373,mRNA
35250,13444428,13444694,266,mRNA
35251,13444175,13444342,167,mRNA
35252,13443753,13444106,353,mRNA
35253,13443196,13443692,496,mRNA
35254,13445211,13445374,163,mRNA
35255,13444765,13445138,373,mRNA
35256,13444428,13444694,266,mRNA
35257,13444175,13444342,167,mRNA
35258,13443753,13444106,353,mRNA
35259,13443196,13443692,496,mRNA
35260,13445211,13445374,163,mRNA
35261,13444765,13445138,373,mRNA
35262,13444428,13444694,266,mRNA
35263,13444175,13444342,167,mRNA
35264,13443888,13444106,218,mRNA
35265,13443753,13443816,63,mRNA
35266,13443240,13443692,452,mRNA
35267,13445211,13445374,163,mRNA
35268,13444765,13445138,373,mRNA
35269,13444428,13444694,266,mRNA
35270,13444175,13444342,167,mRNA
35271,13443888,13444106,218,mRNA
35272,13443240,13443816,576,mRNA
35273,13445211,13445265,54,CDS
35274,13444765,13445138,373,CDS
35275,13444428,13444694,266,CDS
35276,13444175,13444342,167,CDS
35277,13443888,13444106,218,CDS
35278,13443753,13443816,63,CDS
35279,13443397,13443692,295,CDS
35280,13445211,13445265,54,CDS
35281,13444765,13445138,373,CDS
35282,13444428,13444694,266,CDS
35283,13444175,13444342,167,CDS
35284,13443888,13444106,218,CDS
35285,13443397,13443816,419,CDS
35286,13450174,13450358,184,CDS
35287,13445547,13445590,43,CDS
35288,13444765,13445138,373,CDS
35289,13444428,13444694,266,CDS
35290,13444175,13444342,167,CDS
35291,13443753,13444106,353,CDS
35292,13443522,13443692,170,CDS
35293,13445211,13445265,54,CDS
35294,13444765,13445138,373,CDS
35295,13444428,13444694,266,CDS
35296,13444175,13444342,167,CDS
35297,13443753,13444106,353,CDS
35298,13443522,13443692,170,CDS
35299,13445700,13446309,609,gene
35300,13445700,13446309,609,mRNA
35301,13445778,13446293,515,CDS
35302,13450586,13453393,2807,gene
35303,13450586,13450998,412,mRNA
35304,13451090,13451875,785,mRNA
35305,13451928,13452026,98,mRNA
35306,13452322,13452735,413,mRNA
35307,13452791,13453030,239,mRNA
35308,13453089,13453393,304,mRNA
35309,13450586,13450998,412,mRNA
35310,13451090,13451875,785,mRNA
35311,13451928,13452026,98,mRNA
35312,13452322,13452735,413,mRNA
35313,13452791,13453006,215,mRNA
35314,13453089,13453393,304,mRNA
35315,13450586,13450998,412,mRNA
35316,13451090,13451875,785,mRNA
35317,13451928,13452026,98,mRNA
35318,13452322,13452735,413,mRNA
35319,13452791,13453000,209,mRNA
35320,13453089,13453393,304,mRNA
35321,13450825,13450998,173,CDS
35322,13451090,13451875,785,CDS
35323,13451928,13452026,98,CDS
35324,13452322,13452735,413,CDS
35325,13452791,13453030,239,CDS
35326,13453089,13453211,122,CDS
35327,13450825,13450998,173,CDS
35328,13451090,13451875,785,CDS
35329,13451928,13452026,98,CDS
35330,13452322,13452735,413,CDS
35331,13452791,13453006,215,CDS
35332,13453089,13453211,122,CDS
35333,13450825,13450998,173,CDS
35334,13451090,13451875,785,CDS
35335,13451928,13452026,98,CDS
35336,13452322,13452735,413,CDS
35337,13452791,13453000,209,CDS
35338,13453089,13453211,122,CDS
35339,13453640,13483229,29589,gene
35340,13483155,13483229,74,mRNA
35341,13481776,13482084,308,mRNA
35342,13456536,13459525,2989,mRNA
35343,13456316,13456473,157,mRNA
35344,13455983,13456252,269,mRNA
35345,13455296,13455920,624,mRNA
35346,13453640,13455236,1596,mRNA
35347,13481776,13481968,192,CDS
35348,13456536,13459525,2989,CDS
35349,13456316,13456473,157,CDS
35350,13455983,13456252,269,CDS
35351,13455296,13455920,624,CDS
35352,13454436,13455236,800,CDS
35353,13477342,13478079,737,gene
35354,13477342,13477494,152,mRNA
35355,13477549,13477691,142,mRNA
35356,13477748,13477880,132,mRNA
35357,13477940,13478079,139,mRNA
35358,13477359,13477494,135,CDS
35359,13477549,13477691,142,CDS
35360,13477748,13477880,132,CDS
35361,13477940,13478040,100,CDS
35362,13483512,13485391,1879,gene
35363,13485192,13485391,199,mRNA
35364,13484571,13485123,552,mRNA
35365,13483973,13484480,507,mRNA
35366,13483512,13483904,392,mRNA
35367,13485192,13485284,92,CDS
35368,13484571,13485123,552,CDS
35369,13483973,13484480,507,CDS
35370,13483787,13483904,117,CDS
35371,13485617,13486631,1014,gene
35372,13485617,13486631,1014,mRNA
35373,13485691,13486368,677,CDS
35374,13486634,13494862,8228,gene
35375,13494251,13494862,611,mRNA
35376,13491655,13491895,240,mRNA
35377,13491435,13491593,158,mRNA
35378,13488917,13489048,131,mRNA
35379,13487974,13488132,158,mRNA
35380,13486634,13487909,1275,mRNA
35381,13494251,13494862,611,mRNA
35382,13491655,13491895,240,mRNA
35383,13491435,13491593,158,mRNA
35384,13490740,13490871,131,mRNA
35385,13487974,13488132,158,mRNA
35386,13486634,13487909,1275,mRNA
35387,13494251,13494862,611,mRNA
35388,13491655,13491895,240,mRNA
35389,13491435,13491593,158,mRNA
35390,13487974,13488132,158,mRNA
35391,13487182,13487909,727,mRNA
35392,13494251,13494862,611,mRNA
35393,13491655,13491895,240,mRNA
35394,13491435,13491593,158,mRNA
35395,13489742,13489873,131,mRNA
35396,13487974,13488132,158,mRNA
35397,13487182,13487909,727,mRNA
35398,13494251,13494471,220,CDS
35399,13491655,13491895,240,CDS
35400,13491435,13491593,158,CDS
35401,13487974,13488132,158,CDS
35402,13487568,13487909,341,CDS
35403,13494251,13494471,220,CDS
35404,13491655,13491895,240,CDS
35405,13491435,13491593,158,CDS
35406,13488917,13489048,131,CDS
35407,13487974,13488132,158,CDS
35408,13487568,13487909,341,CDS
35409,13494251,13494471,220,CDS
35410,13491655,13491895,240,CDS
35411,13491435,13491593,158,CDS
35412,13489742,13489873,131,CDS
35413,13487974,13488132,158,CDS
35414,13487568,13487909,341,CDS
35415,13494251,13494471,220,CDS
35416,13491655,13491895,240,CDS
35417,13491435,13491593,158,CDS
35418,13490740,13490871,131,CDS
35419,13487974,13488132,158,CDS
35420,13487568,13487909,341,CDS
35421,13495222,13502841,7619,gene
35422,13502691,13502841,150,mRNA
35423,13501813,13501924,111,mRNA
35424,13497792,13497889,97,mRNA
35425,13497613,13497732,119,mRNA
35426,13497368,13497533,165,mRNA
35427,13495222,13497151,1929,mRNA
35428,13502691,13502841,150,mRNA
35429,13501813,13502091,278,mRNA
35430,13497792,13497889,97,mRNA
35431,13497613,13497732,119,mRNA
35432,13497368,13497533,165,mRNA
35433,13495222,13497151,1929,mRNA
35434,13501813,13502293,480,mRNA
35435,13497792,13497889,97,mRNA
35436,13497613,13497732,119,mRNA
35437,13497368,13497533,165,mRNA
35438,13495222,13497151,1929,mRNA
35439,13502760,13502841,81,mRNA
35440,13501813,13502091,278,mRNA
35441,13497792,13497889,97,mRNA
35442,13497613,13497732,119,mRNA
35443,13497368,13497533,165,mRNA
35444,13496441,13497151,710,mRNA
35445,13502789,13502841,52,mRNA
35446,13501813,13502091,278,mRNA
35447,13497792,13497889,97,mRNA
35448,13497613,13497732,119,mRNA
35449,13497368,13497533,165,mRNA
35450,13496766,13497151,385,mRNA
35451,13501813,13501890,77,CDS
35452,13497792,13497889,97,CDS
35453,13497613,13497732,119,CDS
35454,13497368,13497533,165,CDS
35455,13496978,13497151,173,CDS
35456,13501813,13501890,77,CDS
35457,13497792,13497889,97,CDS
35458,13497613,13497732,119,CDS
35459,13497368,13497533,165,CDS
35460,13496978,13497151,173,CDS
35461,13501813,13501890,77,CDS
35462,13497792,13497889,97,CDS
35463,13497613,13497732,119,CDS
35464,13497368,13497533,165,CDS
35465,13496978,13497151,173,CDS
35466,13501813,13501890,77,CDS
35467,13497792,13497889,97,CDS
35468,13497613,13497732,119,CDS
35469,13497368,13497533,165,CDS
35470,13496978,13497151,173,CDS
35471,13501813,13501890,77,CDS
35472,13497792,13497889,97,CDS
35473,13497613,13497732,119,CDS
35474,13497368,13497533,165,CDS
35475,13496978,13497151,173,CDS
35476,13500621,13506011,5390,gene
35477,13500621,13501008,387,mRNA
35478,13501474,13502398,924,mRNA
35479,13502803,13504542,1739,mRNA
35480,13504600,13506011,1411,mRNA
35481,13500621,13501008,387,mRNA
35482,13502803,13504542,1739,mRNA
35483,13504600,13506011,1411,mRNA
35484,13502076,13502748,672,mRNA
35485,13502803,13504542,1739,mRNA
35486,13504600,13506011,1411,mRNA
35487,13502929,13504542,1613,mRNA
35488,13504600,13506011,1411,mRNA
35489,13503036,13504542,1506,CDS
35490,13504600,13505858,1258,CDS
35491,13503036,13504542,1506,CDS
35492,13504600,13505858,1258,CDS
35493,13503036,13504542,1506,CDS
35494,13504600,13505858,1258,CDS
35495,13503036,13504542,1506,CDS
35496,13504600,13505858,1258,CDS
35497,13506430,13513112,6682,gene
35498,13506430,13506793,363,mRNA
35499,13509789,13511236,1447,mRNA
35500,13511295,13512208,913,mRNA
35501,13512297,13512436,139,mRNA
35502,13512504,13513112,608,mRNA
35503,13506769,13506793,24,CDS
35504,13509789,13511236,1447,CDS
35505,13511295,13512208,913,CDS
35506,13512297,13512436,139,CDS
35507,13512504,13512829,325,CDS
35508,13507557,13509332,1775,gene
35509,13507557,13509332,1775,mRNA
35510,13507557,13507658,101,mRNA
35511,13507715,13509332,1617,mRNA
35512,13507744,13509213,1469,CDS
35513,13507744,13509213,1469,CDS
35514,13509618,13509727,109,mRNA
35515,13509789,13511236,1447,mRNA
35516,13511295,13512208,913,mRNA
35517,13512297,13512436,139,mRNA
35518,13512504,13513112,608,mRNA
35519,13509697,13509727,30,CDS
35520,13509789,13511236,1447,CDS
35521,13511295,13512208,913,CDS
35522,13512297,13512436,139,CDS
35523,13512504,13512829,325,CDS
35524,13513132,13534251,21119,gene
35525,13534107,13534251,144,mRNA
35526,13531414,13531619,205,mRNA
35527,13527888,13528386,498,mRNA
35528,13520028,13520198,170,mRNA
35529,13519825,13519963,138,mRNA
35530,13519632,13519690,58,mRNA
35531,13518977,13519572,595,mRNA
35532,13518538,13518855,317,mRNA
35533,13513132,13518139,5007,mRNA
35534,13532661,13532989,328,mRNA
35535,13531414,13531619,205,mRNA
35536,13527888,13528386,498,mRNA
35537,13520028,13520198,170,mRNA
35538,13519825,13519963,138,mRNA
35539,13519632,13519690,58,mRNA
35540,13518977,13519572,595,mRNA
35541,13518538,13518855,317,mRNA
35542,13513132,13518139,5007,mRNA
35543,13515259,13517452,2193,gene
35544,13515259,13515351,92,mRNA
35545,13515417,13517452,2035,mRNA
35546,13515336,13515351,15,CDS
35547,13515417,13517236,1819,CDS
35548,13532661,13532989,328,mRNA
35549,13531414,13531619,205,mRNA
35550,13527888,13528386,498,mRNA
35551,13520028,13520198,170,mRNA
35552,13519825,13519963,138,mRNA
35553,13519632,13519690,58,mRNA
35554,13518977,13519572,595,mRNA
35555,13518538,13518855,317,mRNA
35556,13517987,13518139,152,mRNA
35557,13527888,13528365,477,CDS
35558,13520028,13520198,170,CDS
35559,13519825,13519963,138,CDS
35560,13519632,13519690,58,CDS
35561,13518977,13519572,595,CDS
35562,13518538,13518855,317,CDS
35563,13518068,13518139,71,CDS
35564,13527888,13528365,477,CDS
35565,13520028,13520198,170,CDS
35566,13519825,13519963,138,CDS
35567,13519632,13519690,58,CDS
35568,13518977,13519572,595,CDS
35569,13518538,13518855,317,CDS
35570,13518068,13518139,71,CDS
35571,13527888,13528365,477,CDS
35572,13520028,13520198,170,CDS
35573,13519825,13519963,138,CDS
35574,13519632,13519690,58,CDS
35575,13518977,13519572,595,CDS
35576,13518538,13518855,317,CDS
35577,13518068,13518139,71,CDS
35578,13529511,13529875,364,mRNA
35579,13527888,13528386,498,mRNA
35580,13520028,13520198,170,mRNA
35581,13519825,13519963,138,mRNA
35582,13519632,13519690,58,mRNA
35583,13518977,13519572,595,mRNA
35584,13518239,13518855,616,mRNA
35585,13527888,13528365,477,CDS
35586,13520028,13520198,170,CDS
35587,13519825,13519963,138,CDS
35588,13519632,13519690,58,CDS
35589,13518977,13519572,595,CDS
35590,13518358,13518855,497,CDS
35591,13521769,13523375,1606,gene
35592,13521769,13522120,351,mRNA
35593,13522316,13523375,1059,mRNA
35594,13521979,13522120,141,CDS
35595,13522316,13523301,985,CDS
35596,13525377,13526448,1071,gene
35597,13525377,13526448,1071,mRNA
35598,13525479,13525904,425,CDS
35599,13536045,13536117,72,gene
35600,13536045,13536117,72,tRNA
35601,13537371,13547577,10206,gene
35602,13547450,13547577,127,mRNA
35603,13538972,13539349,377,mRNA
35604,13538198,13538855,657,mRNA
35605,13537371,13538049,678,mRNA
35606,13546515,13547012,497,mRNA
35607,13538972,13539349,377,mRNA
35608,13538198,13538855,657,mRNA
35609,13537371,13538049,678,mRNA
35610,13545308,13545449,141,mRNA
35611,13542161,13542563,402,mRNA
35612,13538972,13539349,377,mRNA
35613,13538198,13538855,657,mRNA
35614,13537371,13538049,678,mRNA
35615,13540687,13540797,110,mRNA
35616,13538972,13539349,377,mRNA
35617,13538198,13538855,657,mRNA
35618,13537371,13538049,678,mRNA
35619,13539395,13539668,273,mRNA
35620,13538972,13539349,377,mRNA
35621,13538198,13538855,657,mRNA
35622,13537371,13538049,678,mRNA
35623,13547450,13547577,127,CDS
35624,13538972,13539349,377,CDS
35625,13538198,13538855,657,CDS
35626,13537762,13538049,287,CDS
35627,13546515,13546753,238,CDS
35628,13538972,13539349,377,CDS
35629,13538198,13538855,657,CDS
35630,13537762,13538049,287,CDS
35631,13542161,13542483,322,CDS
35632,13538972,13539349,377,CDS
35633,13538198,13538855,657,CDS
35634,13537762,13538049,287,CDS
35635,13539395,13539525,130,CDS
35636,13538972,13539349,377,CDS
35637,13538198,13538855,657,CDS
35638,13537762,13538049,287,CDS
35639,13538972,13539288,316,CDS
35640,13538198,13538855,657,CDS
35641,13537762,13538049,287,CDS
35642,13548244,13553240,4996,gene
35643,13552998,13553240,242,mRNA
35644,13549599,13549916,317,mRNA
35645,13548954,13549536,582,mRNA
35646,13548244,13548894,650,mRNA
35647,13552108,13552429,321,mRNA
35648,13549599,13549916,317,mRNA
35649,13548954,13549536,582,mRNA
35650,13548244,13548894,650,mRNA
35651,13551952,13552429,477,mRNA
35652,13549599,13549916,317,mRNA
35653,13548954,13549536,582,mRNA
35654,13548244,13548894,650,mRNA
35655,13550673,13551450,777,mRNA
35656,13549599,13549916,317,mRNA
35657,13548954,13549536,582,mRNA
35658,13548244,13548894,650,mRNA
35659,13549987,13550258,271,mRNA
35660,13549599,13549916,317,mRNA
35661,13548954,13549536,582,mRNA
35662,13548244,13548894,650,mRNA
35663,13552998,13553161,163,CDS
35664,13549599,13549916,317,CDS
35665,13548954,13549536,582,CDS
35666,13548607,13548894,287,CDS
35667,13552108,13552283,175,CDS
35668,13549599,13549916,317,CDS
35669,13548954,13549536,582,CDS
35670,13548607,13548894,287,CDS
35671,13550673,13550956,283,CDS
35672,13549599,13549916,317,CDS
35673,13548954,13549536,582,CDS
35674,13548607,13548894,287,CDS
35675,13549987,13550159,172,CDS
35676,13549599,13549916,317,CDS
35677,13548954,13549536,582,CDS
35678,13548607,13548894,287,CDS
35679,13549599,13549855,256,CDS
35680,13548954,13549536,582,CDS
35681,13548607,13548894,287,CDS
35682,13554077,13555606,1529,gene
35683,13554077,13554266,189,mRNA
35684,13554387,13554681,294,mRNA
35685,13555027,13555606,579,mRNA
35686,13554181,13554266,85,CDS
35687,13554387,13554681,294,CDS
35688,13555027,13555287,260,CDS
35689,13555949,13557342,1393,gene
35690,13555949,13557342,1393,mRNA
35691,13555988,13557157,1169,CDS
35692,13557539,13557686,147,gene
35693,13557539,13557686,147,ncRNA
35694,13557700,13557850,150,gene
35695,13557700,13557850,150,ncRNA
35696,13557905,13558055,150,gene
35697,13557905,13558055,150,ncRNA
35698,13558545,13560768,2223,gene
35699,13558545,13560768,2223,mRNA
35700,13558545,13560105,1560,mRNA
35701,13558567,13559652,1085,CDS
35702,13558567,13559652,1085,CDS
35703,13565260,13565328,68,mobile_element
35704,13570595,13572759,2164,gene
35705,13572030,13572759,729,mRNA
35706,13570595,13571965,1370,mRNA
35707,13572030,13572544,514,mRNA
35708,13571524,13571965,441,mRNA
35709,13572030,13572530,500,CDS
35710,13571630,13571965,335,CDS
35711,13572030,13572530,500,CDS
35712,13571630,13571965,335,CDS
35713,13573618,13574257,639,gene
35714,13573618,13574257,639,mRNA
35715,13573775,13574182,407,CDS
35716,13574913,13577545,2632,gene
35717,13574913,13577545,2632,ncRNA
35718,13578036,13579626,1590,gene
35719,13578036,13579626,1590,ncRNA
35720,13580313,13593339,13026,gene
35721,13592894,13593339,445,mRNA
35722,13590600,13591878,1278,mRNA
35723,13583199,13583582,383,mRNA
35724,13583007,13583133,126,mRNA
35725,13582799,13582947,148,mRNA
35726,13582162,13582194,32,mRNA
35727,13581749,13581866,117,mRNA
35728,13581494,13581678,184,mRNA
35729,13580313,13581336,1023,mRNA
35730,13580578,13580842,264,mobile_element
35731,13580586,13593339,12753,gene
35732,13592894,13593339,445,mRNA
35733,13590600,13591878,1278,mRNA
35734,13583199,13583582,383,mRNA
35735,13583007,13583133,126,mRNA
35736,13582799,13582947,148,mRNA
35737,13581749,13581866,117,mRNA
35738,13581494,13581678,184,mRNA
35739,13580586,13581336,750,mRNA
35740,13592894,13593339,445,mRNA
35741,13590600,13591878,1278,mRNA
35742,13583199,13583582,383,mRNA
35743,13583007,13583133,126,mRNA
35744,13582799,13582947,148,mRNA
35745,13581749,13581866,117,mRNA
35746,13581494,13581678,184,mRNA
35747,13580586,13581336,750,mRNA
35748,13592894,13593339,445,mRNA
35749,13590600,13591878,1278,mRNA
35750,13583199,13583582,383,mRNA
35751,13583007,13583133,126,mRNA
35752,13582799,13582947,148,mRNA
35753,13581749,13581866,117,mRNA
35754,13581494,13581678,184,mRNA
35755,13580586,13581336,750,mRNA
35756,13590600,13591444,844,CDS
35757,13583199,13583582,383,CDS
35758,13583007,13583133,126,CDS
35759,13582799,13582947,148,CDS
35760,13581749,13581866,117,CDS
35761,13581494,13581678,184,CDS
35762,13580904,13581336,432,CDS
35763,13590600,13591444,844,CDS
35764,13583199,13583582,383,CDS
35765,13583007,13583133,126,CDS
35766,13582799,13582947,148,CDS
35767,13581749,13581866,117,CDS
35768,13581494,13581678,184,CDS
35769,13580991,13581336,345,CDS
35770,13590600,13591444,844,CDS
35771,13583199,13583582,383,CDS
35772,13583007,13583133,126,CDS
35773,13582799,13582947,148,CDS
35774,13582162,13582194,32,CDS
35775,13581749,13581866,117,CDS
35776,13581494,13581678,184,CDS
35777,13580991,13581336,345,CDS
35778,13591707,13591772,65,CDS
35779,13593644,13596557,2913,gene
35780,13593644,13593770,126,mRNA
35781,13593829,13595859,2030,mRNA
35782,13595923,13596557,634,mRNA
35783,13593726,13593770,44,CDS
35784,13593829,13595859,2030,CDS
35785,13595923,13596498,575,CDS
35786,13596677,13598750,2073,gene
35787,13596677,13598750,2073,mRNA
35788,13596822,13598471,1649,CDS
35789,13600645,13601099,454,gene
35790,13600645,13601099,454,mRNA
35791,13600710,13601012,302,CDS
35792,13604495,13605655,1160,gene
35793,13605268,13605655,387,mRNA
35794,13605063,13605191,128,mRNA
35795,13604864,13604989,125,mRNA
35796,13604495,13604796,301,mRNA
35797,13605268,13605435,167,mRNA
35798,13605063,13605191,128,mRNA
35799,13604864,13604989,125,mRNA
35800,13604574,13604796,222,mRNA
35801,13605268,13605334,66,CDS
35802,13605063,13605191,128,CDS
35803,13604864,13604989,125,CDS
35804,13604579,13604796,217,CDS
35805,13605268,13605334,66,CDS
35806,13605063,13605191,128,CDS
35807,13604864,13604989,125,CDS
35808,13604579,13604796,217,CDS
35809,13608673,13609178,505,gene
35810,13608673,13609178,505,mRNA
35811,13608748,13609125,377,CDS
35812,13623044,13749367,126323,gene
35813,13623044,13623684,640,mRNA
35814,13643722,13643820,98,mRNA
35815,13654284,13654454,170,mRNA
35816,13706435,13707198,763,mRNA
35817,13713129,13713306,177,mRNA
35818,13713763,13713989,226,mRNA
35819,13714717,13714873,156,mRNA
35820,13718378,13718517,139,mRNA
35821,13719086,13719215,129,mRNA
35822,13725546,13725674,128,mRNA
35823,13726078,13726278,200,mRNA
35824,13746163,13746341,178,mRNA
35825,13746406,13749367,2961,mRNA
35826,13623044,13623684,640,mRNA
35827,13654284,13654454,170,mRNA
35828,13706435,13707198,763,mRNA
35829,13713129,13713306,177,mRNA
35830,13713763,13713989,226,mRNA
35831,13714717,13714873,156,mRNA
35832,13718378,13718517,139,mRNA
35833,13719086,13719215,129,mRNA
35834,13725546,13725674,128,mRNA
35835,13726078,13726278,200,mRNA
35836,13746163,13746341,178,mRNA
35837,13746406,13749367,2961,mRNA
35838,13654397,13654454,57,CDS
35839,13706435,13707198,763,CDS
35840,13713129,13713306,177,CDS
35841,13713763,13713989,226,CDS
35842,13714717,13714873,156,CDS
35843,13718378,13718517,139,CDS
35844,13719086,13719215,129,CDS
35845,13725546,13725674,128,CDS
35846,13726078,13726278,200,CDS
35847,13746163,13746341,178,CDS
35848,13746406,13746711,305,CDS
35849,13654397,13654454,57,CDS
35850,13706435,13707198,763,CDS
35851,13713129,13713306,177,CDS
35852,13713763,13713989,226,CDS
35853,13714717,13714873,156,CDS
35854,13718378,13718517,139,CDS
35855,13719086,13719215,129,CDS
35856,13725546,13725674,128,CDS
35857,13726078,13726278,200,CDS
35858,13746163,13746341,178,CDS
35859,13746406,13746711,305,CDS
35860,13661495,13663598,2103,gene
35861,13661495,13663598,2103,mRNA
35862,13661675,13663498,1823,CDS
35863,13665114,13667756,2642,gene
35864,13665114,13667756,2642,mRNA
35865,13665114,13667306,2192,mRNA
35866,13665207,13667249,2042,CDS
35867,13665207,13667249,2042,CDS
35868,13667736,13671594,3858,gene
35869,13667736,13671594,3858,mRNA
35870,13667855,13671319,3464,CDS
35871,13671649,13671964,315,gene
35872,13671649,13671964,315,ncRNA
35873,13673970,13674633,663,gene
35874,13673970,13674633,663,ncRNA
35875,13676360,13676504,144,mobile_element
35876,13691707,13693369,1662,gene
35877,13692538,13693369,831,mRNA
35878,13691707,13692301,594,mRNA
35879,13692538,13693275,737,CDS
35880,13691960,13692301,341,CDS
35881,13728187,13735788,7601,mobile_element
35882,13751463,13751528,65,mobile_element
35883,13753964,13758971,5007,gene
35884,13753964,13754269,305,mRNA
35885,13755340,13755568,228,mRNA
35886,13755624,13755775,151,mRNA
35887,13755897,13756734,837,mRNA
35888,13756791,13758971,2180,mRNA
35889,13755344,13755568,224,CDS
35890,13755624,13755775,151,CDS
35891,13755897,13756734,837,CDS
35892,13756791,13758857,2066,CDS
35893,13769915,13787802,17887,gene
35894,13769915,13769973,58,mRNA
35895,13770766,13771016,250,mRNA
35896,13774188,13774277,89,mRNA
35897,13774340,13776436,2096,mRNA
35898,13786873,13787802,929,mRNA
35899,13770975,13771016,41,CDS
35900,13774188,13774277,89,CDS
35901,13774340,13776436,2096,CDS
35902,13786873,13787091,218,CDS
35903,13778124,13780245,2121,gene
35904,13778124,13780245,2121,mRNA
35905,13778216,13780245,2029,mRNA
35906,13778359,13779942,1583,CDS
35907,13778359,13779942,1583,CDS
35908,13783995,13784496,501,gene
35909,13783995,13784211,216,ncRNA
35910,13784266,13784496,230,ncRNA
35911,13791946,13792587,641,gene
35912,13791946,13792225,279,ncRNA
35913,13792282,13792587,305,ncRNA
35914,13794777,13805231,10454,gene
35915,13794777,13794938,161,mRNA
35916,13795105,13795205,100,mRNA
35917,13803625,13803741,116,mRNA
35918,13804363,13804455,92,mRNA
35919,13804838,13805231,393,mRNA
35920,13795176,13795205,29,CDS
35921,13803625,13803741,116,CDS
35922,13804363,13804455,92,CDS
35923,13804838,13805134,296,CDS
35924,13805794,13819571,13777,gene
35925,13805794,13806718,924,mRNA
35926,13806797,13806878,81,mRNA
35927,13807732,13807836,104,mRNA
35928,13807899,13808175,276,mRNA
35929,13809275,13809669,394,mRNA
35930,13809914,13810363,449,mRNA
35931,13810479,13810619,140,mRNA
35932,13810753,13810836,83,mRNA
35933,13813800,13813880,80,mRNA
35934,13813941,13814015,74,mRNA
35935,13814077,13814184,107,mRNA
35936,13814243,13814314,71,mRNA
35937,13814379,13814581,202,mRNA
35938,13814644,13814786,142,mRNA
35939,13815555,13815648,93,mRNA
35940,13816203,13816313,110,mRNA
35941,13816386,13816504,118,mRNA
35942,13816562,13816701,139,mRNA
35943,13816755,13816979,224,mRNA
35944,13817067,13817609,542,mRNA
35945,13817888,13819571,1683,mRNA
35946,13805794,13806718,924,mRNA
35947,13806797,13806878,81,mRNA
35948,13807732,13807836,104,mRNA
35949,13807899,13808175,276,mRNA
35950,13809275,13809669,394,mRNA
35951,13809914,13810363,449,mRNA
35952,13810479,13810619,140,mRNA
35953,13810753,13810836,83,mRNA
35954,13811198,13811254,56,mRNA
35955,13813800,13813880,80,mRNA
35956,13813941,13814015,74,mRNA
35957,13814077,13814184,107,mRNA
35958,13814243,13814314,71,mRNA
35959,13814379,13814581,202,mRNA
35960,13814644,13814786,142,mRNA
35961,13815555,13815648,93,mRNA
35962,13816203,13816313,110,mRNA
35963,13816386,13816504,118,mRNA
35964,13816562,13816701,139,mRNA
35965,13816755,13816979,224,mRNA
35966,13817067,13817609,542,mRNA
35967,13817888,13818323,435,mRNA
35968,13806185,13806718,533,mRNA
35969,13806797,13806878,81,mRNA
35970,13807732,13807836,104,mRNA
35971,13807899,13808175,276,mRNA
35972,13809275,13809669,394,mRNA
35973,13809914,13810363,449,mRNA
35974,13810479,13810619,140,mRNA
35975,13810753,13810836,83,mRNA
35976,13812438,13812491,53,mRNA
35977,13813800,13813880,80,mRNA
35978,13813941,13814015,74,mRNA
35979,13814077,13814184,107,mRNA
35980,13814243,13814314,71,mRNA
35981,13814379,13814581,202,mRNA
35982,13814644,13814786,142,mRNA
35983,13814968,13815024,56,mRNA
35984,13815555,13815648,93,mRNA
35985,13816036,13816083,47,mRNA
35986,13816203,13816313,110,mRNA
35987,13816386,13816504,118,mRNA
35988,13816562,13816701,139,mRNA
35989,13816755,13816979,224,mRNA
35990,13817067,13817609,542,mRNA
35991,13817888,13819571,1683,mRNA
35992,13806603,13806718,115,CDS
35993,13806797,13806878,81,CDS
35994,13807732,13807836,104,CDS
35995,13807899,13808175,276,CDS
35996,13809275,13809669,394,CDS
35997,13809914,13810363,449,CDS
35998,13810479,13810619,140,CDS
35999,13810753,13810836,83,CDS
36000,13811198,13811254,56,CDS
36001,13813800,13813880,80,CDS
36002,13813941,13814015,74,CDS
36003,13814077,13814184,107,CDS
36004,13814243,13814314,71,CDS
36005,13814379,13814581,202,CDS
36006,13814644,13814786,142,CDS
36007,13815555,13815648,93,CDS
36008,13816203,13816313,110,CDS
36009,13816386,13816504,118,CDS
36010,13816562,13816701,139,CDS
36011,13816755,13816979,224,CDS
36012,13817067,13817609,542,CDS
36013,13817888,13817980,92,CDS
36014,13806603,13806718,115,CDS
36015,13806797,13806878,81,CDS
36016,13807732,13807836,104,CDS
36017,13807899,13808175,276,CDS
36018,13809275,13809669,394,CDS
36019,13809914,13810363,449,CDS
36020,13810479,13810619,140,CDS
36021,13810753,13810836,83,CDS
36022,13812438,13812491,53,CDS
36023,13813800,13813880,80,CDS
36024,13813941,13814015,74,CDS
36025,13814077,13814184,107,CDS
36026,13814243,13814314,71,CDS
36027,13814379,13814581,202,CDS
36028,13814644,13814786,142,CDS
36029,13814968,13815024,56,CDS
36030,13815555,13815648,93,CDS
36031,13816036,13816083,47,CDS
36032,13816203,13816313,110,CDS
36033,13816386,13816504,118,CDS
36034,13816562,13816701,139,CDS
36035,13816755,13816979,224,CDS
36036,13817067,13817609,542,CDS
36037,13817888,13817980,92,CDS
36038,13806603,13806718,115,CDS
36039,13806797,13806878,81,CDS
36040,13807732,13807836,104,CDS
36041,13807899,13808175,276,CDS
36042,13809275,13809669,394,CDS
36043,13809914,13810363,449,CDS
36044,13810479,13810619,140,CDS
36045,13810753,13810836,83,CDS
36046,13813800,13813880,80,CDS
36047,13813941,13814015,74,CDS
36048,13814077,13814184,107,CDS
36049,13814243,13814314,71,CDS
36050,13814379,13814581,202,CDS
36051,13814644,13814786,142,CDS
36052,13815555,13815648,93,CDS
36053,13816203,13816313,110,CDS
36054,13816386,13816504,118,CDS
36055,13816562,13816701,139,CDS
36056,13816755,13816979,224,CDS
36057,13817067,13817609,542,CDS
36058,13817888,13817980,92,CDS
36059,13819624,13824553,4929,gene
36060,13824471,13824553,82,mRNA
36061,13821766,13822125,359,mRNA
36062,13821433,13821557,124,mRNA
36063,13821036,13821369,333,mRNA
36064,13819624,13820969,1345,mRNA
36065,13824284,13824553,269,mRNA
36066,13821766,13822125,359,mRNA
36067,13821433,13821557,124,mRNA
36068,13821036,13821369,333,mRNA
36069,13819624,13820969,1345,mRNA
36070,13824284,13824553,269,mRNA
36071,13821766,13822175,409,mRNA
36072,13821433,13821557,124,mRNA
36073,13821036,13821369,333,mRNA
36074,13819624,13820969,1345,mRNA
36075,13823792,13824553,761,mRNA
36076,13821433,13821557,124,mRNA
36077,13821036,13821369,333,mRNA
36078,13819624,13820969,1345,mRNA
36079,13823792,13824128,336,CDS
36080,13821433,13821557,124,CDS
36081,13821036,13821369,333,CDS
36082,13820155,13820969,814,CDS
36083,13821433,13821522,89,CDS
36084,13821036,13821369,333,CDS
36085,13820155,13820969,814,CDS
36086,13821433,13821522,89,CDS
36087,13821036,13821369,333,CDS
36088,13820155,13820969,814,CDS
36089,13821433,13821522,89,CDS
36090,13821036,13821369,333,CDS
36091,13820155,13820969,814,CDS
36092,13824858,13825572,714,gene
36093,13824858,13825157,299,mRNA
36094,13825211,13825572,361,mRNA
36095,13824920,13825157,237,CDS
36096,13825211,13825431,220,CDS
36097,13826371,13833503,7132,gene
36098,13826371,13826585,214,mRNA
36099,13829640,13829865,225,mRNA
36100,13830551,13830718,167,mRNA
36101,13830778,13833503,2725,mRNA
36102,13826371,13826481,110,mRNA
36103,13829640,13829865,225,mRNA
36104,13830551,13830718,167,mRNA
36105,13830778,13832914,2136,mRNA
36106,13826371,13826517,146,mRNA
36107,13829640,13829865,225,mRNA
36108,13830551,13830718,167,mRNA
36109,13830778,13831359,581,mRNA
36110,13826953,13827409,456,mRNA
36111,13829640,13829865,225,mRNA
36112,13830551,13830718,167,mRNA
36113,13830778,13831359,581,mRNA
36114,13826953,13827037,84,mRNA
36115,13829640,13829865,225,mRNA
36116,13830551,13830718,167,mRNA
36117,13830778,13831359,581,mRNA
36118,13829448,13829579,131,mRNA
36119,13829640,13829865,225,mRNA
36120,13830551,13830718,167,mRNA
36121,13830778,13831359,581,mRNA
36122,13829808,13829865,57,CDS
36123,13830551,13830718,167,CDS
36124,13830778,13831019,241,CDS
36125,13829808,13829865,57,CDS
36126,13830551,13830718,167,CDS
36127,13830778,13831019,241,CDS
36128,13829808,13829865,57,CDS
36129,13830551,13830718,167,CDS
36130,13830778,13831019,241,CDS
36131,13829808,13829865,57,CDS
36132,13830551,13830718,167,CDS
36133,13830778,13831019,241,CDS
36134,13829808,13829865,57,CDS
36135,13830551,13830718,167,CDS
36136,13830778,13831019,241,CDS
36137,13829808,13829865,57,CDS
36138,13830551,13830718,167,CDS
36139,13830778,13831019,241,CDS
36140,13833575,13835096,1521,gene
36141,13834967,13835096,129,mRNA
36142,13833575,13834846,1271,mRNA
36143,13834967,13835096,129,mRNA
36144,13833860,13834846,986,mRNA
36145,13834967,13835062,95,CDS
36146,13833920,13834846,926,CDS
36147,13834967,13835062,95,CDS
36148,13833920,13834846,926,CDS
36149,13836419,13839363,2944,gene
36150,13836419,13836526,107,mRNA
36151,13837719,13838047,328,mRNA
36152,13838489,13839363,874,mRNA
36153,13837719,13838047,328,CDS
36154,13838489,13839218,729,CDS
36155,13840053,13841743,1690,gene
36156,13840053,13840305,252,mRNA
36157,13840375,13840644,269,mRNA
36158,13840705,13840974,269,mRNA
36159,13841033,13841317,284,mRNA
36160,13841381,13841743,362,mRNA
36161,13840078,13840305,227,CDS
36162,13840375,13840644,269,CDS
36163,13840705,13840974,269,CDS
36164,13841033,13841317,284,CDS
36165,13841381,13841647,266,CDS
36166,13841761,13846255,4494,gene
36167,13845666,13846255,589,mRNA
36168,13843985,13844216,231,mRNA
36169,13843774,13843913,139,mRNA
36170,13843540,13843711,171,mRNA
36171,13841761,13843336,1575,mRNA
36172,13845666,13845794,128,CDS
36173,13843985,13844216,231,CDS
36174,13843774,13843913,139,CDS
36175,13843540,13843711,171,CDS
36176,13843284,13843336,52,CDS
36177,13846393,13849832,3439,gene
36178,13846393,13846578,185,mRNA
36179,13846691,13849457,2766,mRNA
36180,13849512,13849832,320,mRNA
36181,13846853,13849457,2604,CDS
36182,13849512,13849645,133,CDS
36183,13849882,13852983,3101,gene
36184,13849882,13852983,3101,mRNA
36185,13849891,13852818,2927,CDS
36186,13852845,13852901,56,gene
36187,13852845,13852901,56,precursor_RNA
36188,13852846,13852865,19,ncRNA
36189,13852881,13852901,20,ncRNA
36190,13852947,13854331,1384,gene
36191,13854298,13854331,33,mRNA
36192,13854102,13854224,122,mRNA
36193,13853181,13853905,724,mRNA
36194,13852947,13853115,168,mRNA
36195,13854102,13854331,229,mRNA
36196,13853181,13853905,724,mRNA
36197,13852947,13853115,168,mRNA
36198,13854102,13854198,96,CDS
36199,13853181,13853905,724,CDS
36200,13853050,13853115,65,CDS
36201,13854102,13854198,96,CDS
36202,13853181,13853905,724,CDS
36203,13853050,13853115,65,CDS
36204,13854578,13855778,1200,gene
36205,13854975,13855778,803,mRNA
36206,13854578,13854918,340,mRNA
36207,13854659,13855894,1235,gene
36208,13854659,13854924,265,ncRNA
36209,13854983,13855894,911,ncRNA
36210,13854975,13855752,777,CDS
36211,13854737,13854918,181,CDS
36212,13856150,13858689,2539,gene
36213,13858407,13858689,282,mRNA
36214,13857410,13858343,933,mRNA
36215,13856553,13857340,787,mRNA
36216,13856150,13856497,347,mRNA
36217,13858407,13858485,78,CDS
36218,13857410,13858343,933,CDS
36219,13856553,13857340,787,CDS
36220,13856421,13856497,76,CDS
36221,13858952,13860432,1480,gene
36222,13858952,13860432,1480,mRNA
36223,13858998,13860350,1352,CDS
36224,13860349,13862002,1653,gene
36225,13861629,13862002,373,mRNA
36226,13860349,13861290,941,mRNA
36227,13861629,13861930,301,mRNA
36228,13860349,13861290,941,mRNA
36229,13861629,13861842,213,CDS
36230,13860431,13861290,859,CDS
36231,13861629,13861842,213,CDS
36232,13860431,13861290,859,CDS
36233,13861997,13864156,2159,gene
36234,13861997,13862104,107,mRNA
36235,13862167,13862235,68,mRNA
36236,13862298,13864156,1858,mRNA
36237,13861997,13862104,107,mRNA
36238,13862167,13862235,68,mRNA
36239,13862298,13863579,1281,mRNA
36240,13862097,13862104,7,CDS
36241,13862167,13862235,68,CDS
36242,13862298,13863345,1047,CDS
36243,13862097,13862104,7,CDS
36244,13862167,13862235,68,CDS
36245,13862298,13863345,1047,CDS
36246,13864237,13942110,77873,gene
36247,13942066,13942110,44,mRNA
36248,13933630,13934182,552,mRNA
36249,13917849,13917910,61,mRNA
36250,13917118,13917207,89,mRNA
36251,13916854,13917024,170,mRNA
36252,13905222,13905501,279,mRNA
36253,13904248,13905161,913,mRNA
36254,13903814,13904182,368,mRNA
36255,13902654,13903572,918,mRNA
36256,13901687,13902317,630,mRNA
36257,13901437,13901572,135,mRNA
36258,13900366,13900449,83,mRNA
36259,13899450,13899671,221,mRNA
36260,13894839,13894969,130,mRNA
36261,13894130,13894592,462,mRNA
36262,13882401,13882547,146,mRNA
36263,13874859,13882336,7477,mRNA
36264,13874234,13874459,225,mRNA
36265,13872209,13874168,1959,mRNA
36266,13871979,13872153,174,mRNA
36267,13870840,13870911,71,mRNA
36268,13870522,13870696,174,mRNA
36269,13870338,13870455,117,mRNA
36270,13870043,13870272,229,mRNA
36271,13869860,13869977,117,mRNA
36272,13867125,13867303,178,mRNA
36273,13866702,13866975,273,mRNA
36274,13866449,13866632,183,mRNA
36275,13866061,13866126,65,mRNA
36276,13864237,13865495,1258,mRNA
36277,13942066,13942110,44,mRNA
36278,13933630,13934182,552,mRNA
36279,13917849,13917910,61,mRNA
36280,13917118,13917207,89,mRNA
36281,13916854,13917024,170,mRNA
36282,13905222,13905501,279,mRNA
36283,13904248,13905161,913,mRNA
36284,13903814,13904182,368,mRNA
36285,13902654,13903572,918,mRNA
36286,13901687,13902317,630,mRNA
36287,13901437,13901572,135,mRNA
36288,13900366,13900449,83,mRNA
36289,13899450,13899671,221,mRNA
36290,13894839,13894969,130,mRNA
36291,13894130,13894592,462,mRNA
36292,13882401,13882547,146,mRNA
36293,13874859,13882336,7477,mRNA
36294,13874234,13874459,225,mRNA
36295,13872209,13874168,1959,mRNA
36296,13871979,13872153,174,mRNA
36297,13870840,13870911,71,mRNA
36298,13870522,13870696,174,mRNA
36299,13870338,13870455,117,mRNA
36300,13870043,13870272,229,mRNA
36301,13869860,13869977,117,mRNA
36302,13868156,13868349,193,mRNA
36303,13866702,13866975,273,mRNA
36304,13866449,13866632,183,mRNA
36305,13866061,13866126,65,mRNA
36306,13864237,13865495,1258,mRNA
36307,13942066,13942110,44,mRNA
36308,13933630,13934182,552,mRNA
36309,13917849,13917910,61,mRNA
36310,13917118,13917207,89,mRNA
36311,13916854,13917024,170,mRNA
36312,13905222,13905501,279,mRNA
36313,13904248,13905161,913,mRNA
36314,13903814,13904182,368,mRNA
36315,13902654,13903572,918,mRNA
36316,13901687,13902317,630,mRNA
36317,13901437,13901572,135,mRNA
36318,13900366,13900449,83,mRNA
36319,13899450,13899671,221,mRNA
36320,13894839,13894969,130,mRNA
36321,13894130,13894592,462,mRNA
36322,13882401,13882547,146,mRNA
36323,13874859,13882336,7477,mRNA
36324,13874234,13874459,225,mRNA
36325,13872209,13874168,1959,mRNA
36326,13871979,13872153,174,mRNA
36327,13871294,13871338,44,mRNA
36328,13870840,13870911,71,mRNA
36329,13870522,13870696,174,mRNA
36330,13870338,13870455,117,mRNA
36331,13870043,13870272,229,mRNA
36332,13869860,13869977,117,mRNA
36333,13867125,13867303,178,mRNA
36334,13866702,13866975,273,mRNA
36335,13866449,13866632,183,mRNA
36336,13866061,13866126,65,mRNA
36337,13864237,13865495,1258,mRNA
36338,13942066,13942110,44,mRNA
36339,13933630,13934182,552,mRNA
36340,13917849,13917910,61,mRNA
36341,13917118,13917207,89,mRNA
36342,13916854,13917024,170,mRNA
36343,13905222,13905501,279,mRNA
36344,13904248,13905161,913,mRNA
36345,13903814,13904182,368,mRNA
36346,13902654,13903572,918,mRNA
36347,13901687,13902317,630,mRNA
36348,13901437,13901572,135,mRNA
36349,13900366,13900449,83,mRNA
36350,13899450,13899671,221,mRNA
36351,13894839,13894969,130,mRNA
36352,13894130,13894592,462,mRNA
36353,13882401,13882547,146,mRNA
36354,13874859,13882336,7477,mRNA
36355,13874234,13874459,225,mRNA
36356,13872209,13874168,1959,mRNA
36357,13871979,13872153,174,mRNA
36358,13871294,13871338,44,mRNA
36359,13870840,13870911,71,mRNA
36360,13870522,13870696,174,mRNA
36361,13870338,13870455,117,mRNA
36362,13870043,13870272,229,mRNA
36363,13869860,13869977,117,mRNA
36364,13868156,13868349,193,mRNA
36365,13866702,13866975,273,mRNA
36366,13866449,13866632,183,mRNA
36367,13864237,13865495,1258,mRNA
36368,13942066,13942110,44,mRNA
36369,13933630,13934182,552,mRNA
36370,13917849,13917910,61,mRNA
36371,13917118,13917207,89,mRNA
36372,13916854,13917024,170,mRNA
36373,13905222,13905501,279,mRNA
36374,13904248,13905161,913,mRNA
36375,13903814,13904182,368,mRNA
36376,13902654,13903572,918,mRNA
36377,13901687,13902317,630,mRNA
36378,13901437,13901572,135,mRNA
36379,13900366,13900449,83,mRNA
36380,13899450,13899671,221,mRNA
36381,13894839,13894969,130,mRNA
36382,13894130,13894592,462,mRNA
36383,13882401,13882547,146,mRNA
36384,13874859,13882336,7477,mRNA
36385,13874234,13874459,225,mRNA
36386,13872209,13874168,1959,mRNA
36387,13871979,13872153,174,mRNA
36388,13871294,13871338,44,mRNA
36389,13870840,13870911,71,mRNA
36390,13870522,13870696,174,mRNA
36391,13870338,13870455,117,mRNA
36392,13870043,13870272,229,mRNA
36393,13869860,13869977,117,mRNA
36394,13868156,13868349,193,mRNA
36395,13866702,13866975,273,mRNA
36396,13866449,13866632,183,mRNA
36397,13866061,13866126,65,mRNA
36398,13864237,13865495,1258,mRNA
36399,13942066,13942110,44,mRNA
36400,13933630,13934182,552,mRNA
36401,13917849,13917910,61,mRNA
36402,13917118,13917207,89,mRNA
36403,13916854,13917024,170,mRNA
36404,13905222,13905501,279,mRNA
36405,13904248,13905161,913,mRNA
36406,13903814,13904182,368,mRNA
36407,13902654,13903572,918,mRNA
36408,13901687,13902317,630,mRNA
36409,13901437,13901572,135,mRNA
36410,13900366,13900449,83,mRNA
36411,13899450,13899671,221,mRNA
36412,13894839,13894969,130,mRNA
36413,13894130,13894592,462,mRNA
36414,13882401,13882547,146,mRNA
36415,13874859,13882336,7477,mRNA
36416,13874234,13874459,225,mRNA
36417,13872209,13874168,1959,mRNA
36418,13871979,13872153,174,mRNA
36419,13871666,13871725,59,mRNA
36420,13871294,13871338,44,mRNA
36421,13870840,13870911,71,mRNA
36422,13870522,13870696,174,mRNA
36423,13870338,13870455,117,mRNA
36424,13870043,13870272,229,mRNA
36425,13869860,13869977,117,mRNA
36426,13868156,13868349,193,mRNA
36427,13866702,13866975,273,mRNA
36428,13866449,13866632,183,mRNA
36429,13864237,13865495,1258,mRNA
36430,13942066,13942110,44,mRNA
36431,13933630,13934182,552,mRNA
36432,13917849,13917910,61,mRNA
36433,13917566,13917625,59,mRNA
36434,13917118,13917207,89,mRNA
36435,13916854,13917024,170,mRNA
36436,13905222,13905501,279,mRNA
36437,13904248,13905161,913,mRNA
36438,13903814,13904182,368,mRNA
36439,13902654,13903572,918,mRNA
36440,13901687,13902317,630,mRNA
36441,13901437,13901572,135,mRNA
36442,13900366,13900449,83,mRNA
36443,13899450,13899671,221,mRNA
36444,13894839,13894969,130,mRNA
36445,13894130,13894592,462,mRNA
36446,13882401,13882547,146,mRNA
36447,13874859,13882336,7477,mRNA
36448,13874234,13874459,225,mRNA
36449,13872209,13874168,1959,mRNA
36450,13871979,13872153,174,mRNA
36451,13871666,13871725,59,mRNA
36452,13871294,13871338,44,mRNA
36453,13870840,13870911,71,mRNA
36454,13870522,13870696,174,mRNA
36455,13870338,13870455,117,mRNA
36456,13870043,13870272,229,mRNA
36457,13869860,13869977,117,mRNA
36458,13868156,13868349,193,mRNA
36459,13866702,13866975,273,mRNA
36460,13866449,13866632,183,mRNA
36461,13864237,13865495,1258,mRNA
36462,13942066,13942110,44,mRNA
36463,13933630,13934182,552,mRNA
36464,13917849,13917910,61,mRNA
36465,13917709,13917726,17,mRNA
36466,13917118,13917207,89,mRNA
36467,13916854,13917024,170,mRNA
36468,13905222,13905501,279,mRNA
36469,13904248,13905161,913,mRNA
36470,13903814,13904182,368,mRNA
36471,13902654,13903572,918,mRNA
36472,13901687,13902317,630,mRNA
36473,13901437,13901572,135,mRNA
36474,13900366,13900449,83,mRNA
36475,13899450,13899671,221,mRNA
36476,13894839,13894969,130,mRNA
36477,13894130,13894592,462,mRNA
36478,13882401,13882547,146,mRNA
36479,13874859,13882336,7477,mRNA
36480,13874234,13874459,225,mRNA
36481,13872209,13874168,1959,mRNA
36482,13871979,13872153,174,mRNA
36483,13871666,13871725,59,mRNA
36484,13871294,13871338,44,mRNA
36485,13870840,13870911,71,mRNA
36486,13870522,13870696,174,mRNA
36487,13870338,13870455,117,mRNA
36488,13870043,13870272,229,mRNA
36489,13869860,13869977,117,mRNA
36490,13868156,13868349,193,mRNA
36491,13866702,13866975,273,mRNA
36492,13866449,13866632,183,mRNA
36493,13864237,13865495,1258,mRNA
36494,13925310,13925503,193,mRNA
36495,13921547,13922173,626,mRNA
36496,13917849,13917910,61,mRNA
36497,13917118,13917207,89,mRNA
36498,13916854,13917024,170,mRNA
36499,13905222,13905501,279,mRNA
36500,13904248,13905161,913,mRNA
36501,13903814,13904182,368,mRNA
36502,13902654,13903572,918,mRNA
36503,13901687,13902317,630,mRNA
36504,13901437,13901572,135,mRNA
36505,13882401,13882547,146,mRNA
36506,13874859,13882336,7477,mRNA
36507,13874234,13874459,225,mRNA
36508,13872209,13874168,1959,mRNA
36509,13871979,13872153,174,mRNA
36510,13871294,13871338,44,mRNA
36511,13870840,13870911,71,mRNA
36512,13870522,13870696,174,mRNA
36513,13870338,13870455,117,mRNA
36514,13870043,13870272,229,mRNA
36515,13869860,13869977,117,mRNA
36516,13868156,13868349,193,mRNA
36517,13866702,13866975,273,mRNA
36518,13866449,13866632,183,mRNA
36519,13866061,13866126,65,mRNA
36520,13864237,13865495,1258,mRNA
36521,13925310,13925503,193,mRNA
36522,13921547,13922173,626,mRNA
36523,13917849,13917910,61,mRNA
36524,13917118,13917207,89,mRNA
36525,13916854,13917024,170,mRNA
36526,13905222,13905501,279,mRNA
36527,13904248,13905161,913,mRNA
36528,13903814,13904182,368,mRNA
36529,13902654,13903572,918,mRNA
36530,13901687,13902317,630,mRNA
36531,13901437,13901572,135,mRNA
36532,13900366,13900449,83,mRNA
36533,13899450,13899671,221,mRNA
36534,13894839,13894969,130,mRNA
36535,13894130,13894592,462,mRNA
36536,13882401,13882547,146,mRNA
36537,13874859,13882336,7477,mRNA
36538,13874234,13874459,225,mRNA
36539,13872209,13874168,1959,mRNA
36540,13871979,13872153,174,mRNA
36541,13870840,13870911,71,mRNA
36542,13870522,13870696,174,mRNA
36543,13870338,13870455,117,mRNA
36544,13870043,13870272,229,mRNA
36545,13869860,13869977,117,mRNA
36546,13868156,13868349,193,mRNA
36547,13866702,13866975,273,mRNA
36548,13866449,13866632,183,mRNA
36549,13866061,13866126,65,mRNA
36550,13864237,13865495,1258,mRNA
36551,13925310,13925503,193,mRNA
36552,13921547,13922173,626,mRNA
36553,13917849,13917910,61,mRNA
36554,13917118,13917207,89,mRNA
36555,13916854,13917024,170,mRNA
36556,13905222,13905501,279,mRNA
36557,13904248,13905161,913,mRNA
36558,13903814,13904182,368,mRNA
36559,13902654,13903572,918,mRNA
36560,13901687,13902317,630,mRNA
36561,13901437,13901572,135,mRNA
36562,13900366,13900449,83,mRNA
36563,13899450,13899671,221,mRNA
36564,13894839,13894969,130,mRNA
36565,13894130,13894592,462,mRNA
36566,13882401,13882547,146,mRNA
36567,13874859,13882336,7477,mRNA
36568,13874234,13874459,225,mRNA
36569,13872209,13874168,1959,mRNA
36570,13871979,13872153,174,mRNA
36571,13871294,13871338,44,mRNA
36572,13870840,13870911,71,mRNA
36573,13870522,13870696,174,mRNA
36574,13870338,13870455,117,mRNA
36575,13870043,13870272,229,mRNA
36576,13869860,13869977,117,mRNA
36577,13868156,13868349,193,mRNA
36578,13866702,13866975,273,mRNA
36579,13866449,13866632,183,mRNA
36580,13864237,13865495,1258,mRNA
36581,13925310,13925503,193,mRNA
36582,13921547,13922173,626,mRNA
36583,13917849,13917910,61,mRNA
36584,13917118,13917207,89,mRNA
36585,13916854,13917024,170,mRNA
36586,13905222,13905501,279,mRNA
36587,13904248,13905161,913,mRNA
36588,13903814,13904182,368,mRNA
36589,13902654,13903572,918,mRNA
36590,13901687,13902317,630,mRNA
36591,13901437,13901572,135,mRNA
36592,13900366,13900449,83,mRNA
36593,13899450,13899671,221,mRNA
36594,13894839,13894969,130,mRNA
36595,13894130,13894592,462,mRNA
36596,13882401,13882547,146,mRNA
36597,13874859,13882336,7477,mRNA
36598,13874234,13874459,225,mRNA
36599,13872209,13874168,1959,mRNA
36600,13871979,13872153,174,mRNA
36601,13871294,13871338,44,mRNA
36602,13870840,13870911,71,mRNA
36603,13870522,13870696,174,mRNA
36604,13870338,13870455,117,mRNA
36605,13870043,13870272,229,mRNA
36606,13869860,13869977,117,mRNA
36607,13868156,13868349,193,mRNA
36608,13866702,13866975,273,mRNA
36609,13866449,13866632,183,mRNA
36610,13866061,13866126,65,mRNA
36611,13864237,13865495,1258,mRNA
36612,13925310,13925503,193,mRNA
36613,13921547,13922173,626,mRNA
36614,13917849,13917910,61,mRNA
36615,13917118,13917207,89,mRNA
36616,13916854,13917024,170,mRNA
36617,13905222,13905501,279,mRNA
36618,13904248,13905161,913,mRNA
36619,13903814,13904182,368,mRNA
36620,13902654,13903572,918,mRNA
36621,13901687,13902317,630,mRNA
36622,13901437,13901572,135,mRNA
36623,13900366,13900449,83,mRNA
36624,13899450,13899671,221,mRNA
36625,13894839,13894969,130,mRNA
36626,13894130,13894592,462,mRNA
36627,13882401,13882547,146,mRNA
36628,13874859,13882336,7477,mRNA
36629,13874234,13874459,225,mRNA
36630,13872209,13874168,1959,mRNA
36631,13871979,13872153,174,mRNA
36632,13871666,13871725,59,mRNA
36633,13871294,13871338,44,mRNA
36634,13870840,13870911,71,mRNA
36635,13870522,13870696,174,mRNA
36636,13870338,13870455,117,mRNA
36637,13870043,13870272,229,mRNA
36638,13869860,13869977,117,mRNA
36639,13868156,13868349,193,mRNA
36640,13866702,13866975,273,mRNA
36641,13866449,13866632,183,mRNA
36642,13864237,13865495,1258,mRNA
36643,13910773,13910946,173,mRNA
36644,13907589,13908351,762,mRNA
36645,13905222,13905501,279,mRNA
36646,13904248,13905161,913,mRNA
36647,13903814,13904182,368,mRNA
36648,13902654,13903572,918,mRNA
36649,13901687,13902317,630,mRNA
36650,13901437,13901572,135,mRNA
36651,13882401,13882547,146,mRNA
36652,13874859,13882336,7477,mRNA
36653,13874234,13874459,225,mRNA
36654,13872209,13874168,1959,mRNA
36655,13871979,13872153,174,mRNA
36656,13871294,13871338,44,mRNA
36657,13870840,13870911,71,mRNA
36658,13870522,13870696,174,mRNA
36659,13870338,13870455,117,mRNA
36660,13870043,13870272,229,mRNA
36661,13869860,13869977,117,mRNA
36662,13867125,13867303,178,mRNA
36663,13866702,13866975,273,mRNA
36664,13866449,13866632,183,mRNA
36665,13866061,13866126,65,mRNA
36666,13864237,13865495,1258,mRNA
36667,13910773,13910946,173,mRNA
36668,13907589,13908351,762,mRNA
36669,13905222,13905501,279,mRNA
36670,13904248,13905161,913,mRNA
36671,13903814,13904182,368,mRNA
36672,13902654,13903572,918,mRNA
36673,13901687,13902317,630,mRNA
36674,13901437,13901572,135,mRNA
36675,13882401,13882547,146,mRNA
36676,13874859,13882336,7477,mRNA
36677,13874234,13874459,225,mRNA
36678,13872209,13874168,1959,mRNA
36679,13871979,13872153,174,mRNA
36680,13871294,13871338,44,mRNA
36681,13870840,13870911,71,mRNA
36682,13870522,13870696,174,mRNA
36683,13870338,13870455,117,mRNA
36684,13870043,13870272,229,mRNA
36685,13869860,13869977,117,mRNA
36686,13868156,13868349,193,mRNA
36687,13866702,13866975,273,mRNA
36688,13866449,13866632,183,mRNA
36689,13866061,13866126,65,mRNA
36690,13864237,13865495,1258,mRNA
36691,13910773,13910946,173,mRNA
36692,13907589,13908351,762,mRNA
36693,13905222,13905501,279,mRNA
36694,13904248,13905161,913,mRNA
36695,13903814,13904182,368,mRNA
36696,13902654,13903572,918,mRNA
36697,13901687,13902317,630,mRNA
36698,13901437,13901572,135,mRNA
36699,13900366,13900449,83,mRNA
36700,13899450,13899671,221,mRNA
36701,13894839,13894969,130,mRNA
36702,13894130,13894592,462,mRNA
36703,13882401,13882547,146,mRNA
36704,13874859,13882336,7477,mRNA
36705,13874234,13874459,225,mRNA
36706,13872209,13874168,1959,mRNA
36707,13871979,13872153,174,mRNA
36708,13871666,13871725,59,mRNA
36709,13871294,13871338,44,mRNA
36710,13870522,13870696,174,mRNA
36711,13870338,13870455,117,mRNA
36712,13870043,13870272,229,mRNA
36713,13869860,13869977,117,mRNA
36714,13868156,13868349,193,mRNA
36715,13866702,13866975,273,mRNA
36716,13866449,13866632,183,mRNA
36717,13864237,13865495,1258,mRNA
36718,13910773,13910946,173,mRNA
36719,13907589,13908351,762,mRNA
36720,13905222,13905501,279,mRNA
36721,13904248,13905161,913,mRNA
36722,13903814,13904182,368,mRNA
36723,13902654,13903572,918,mRNA
36724,13901687,13902317,630,mRNA
36725,13901437,13901572,135,mRNA
36726,13900366,13900449,83,mRNA
36727,13899450,13899671,221,mRNA
36728,13894839,13894969,130,mRNA
36729,13894130,13894592,462,mRNA
36730,13882401,13882547,146,mRNA
36731,13874859,13882336,7477,mRNA
36732,13874234,13874459,225,mRNA
36733,13872209,13874168,1959,mRNA
36734,13871979,13872153,174,mRNA
36735,13871666,13871725,59,mRNA
36736,13871294,13871338,44,mRNA
36737,13870840,13870911,71,mRNA
36738,13870522,13870696,174,mRNA
36739,13870338,13870455,117,mRNA
36740,13870043,13870272,229,mRNA
36741,13869860,13869977,117,mRNA
36742,13868156,13868349,193,mRNA
36743,13866702,13866975,273,mRNA
36744,13866449,13866632,183,mRNA
36745,13864237,13865495,1258,mRNA
36746,13910773,13910946,173,mRNA
36747,13907589,13908351,762,mRNA
36748,13905222,13905501,279,mRNA
36749,13904248,13905161,913,mRNA
36750,13903814,13904182,368,mRNA
36751,13902654,13903572,918,mRNA
36752,13901687,13902317,630,mRNA
36753,13901437,13901572,135,mRNA
36754,13900366,13900449,83,mRNA
36755,13899450,13899671,221,mRNA
36756,13894839,13894969,130,mRNA
36757,13894130,13894592,462,mRNA
36758,13882401,13882547,146,mRNA
36759,13874859,13882336,7477,mRNA
36760,13874234,13874459,225,mRNA
36761,13872209,13874168,1959,mRNA
36762,13871979,13872153,174,mRNA
36763,13871666,13871725,59,mRNA
36764,13871294,13871338,44,mRNA
36765,13870840,13870911,71,mRNA
36766,13870522,13870696,174,mRNA
36767,13870338,13870455,117,mRNA
36768,13870043,13870272,229,mRNA
36769,13869860,13869977,117,mRNA
36770,13868156,13868349,193,mRNA
36771,13866702,13866975,273,mRNA
36772,13866449,13866632,183,mRNA
36773,13866061,13866126,65,mRNA
36774,13865757,13865905,148,mRNA
36775,13864237,13865495,1258,mRNA
36776,13910773,13910946,173,mRNA
36777,13907589,13908351,762,mRNA
36778,13905222,13905501,279,mRNA
36779,13904248,13905161,913,mRNA
36780,13903814,13904182,368,mRNA
36781,13902654,13903572,918,mRNA
36782,13901687,13902317,630,mRNA
36783,13901437,13901572,135,mRNA
36784,13900366,13900449,83,mRNA
36785,13899450,13899671,221,mRNA
36786,13894839,13894969,130,mRNA
36787,13894130,13894592,462,mRNA
36788,13882401,13882547,146,mRNA
36789,13874859,13882336,7477,mRNA
36790,13874732,13874743,11,mRNA
36791,13874234,13874459,225,mRNA
36792,13872209,13874168,1959,mRNA
36793,13871979,13872153,174,mRNA
36794,13871666,13871725,59,mRNA
36795,13871294,13871338,44,mRNA
36796,13870840,13870911,71,mRNA
36797,13870522,13870696,174,mRNA
36798,13870338,13870455,117,mRNA
36799,13870043,13870272,229,mRNA
36800,13869860,13869977,117,mRNA
36801,13868156,13868349,193,mRNA
36802,13866702,13866975,273,mRNA
36803,13866449,13866632,183,mRNA
36804,13864237,13865495,1258,mRNA
36805,13910773,13910946,173,mRNA
36806,13907589,13908351,762,mRNA
36807,13905222,13905501,279,mRNA
36808,13904248,13905161,913,mRNA
36809,13903814,13904182,368,mRNA
36810,13902654,13903572,918,mRNA
36811,13901687,13902317,630,mRNA
36812,13901437,13901572,135,mRNA
36813,13900366,13900449,83,mRNA
36814,13899450,13899671,221,mRNA
36815,13894839,13894969,130,mRNA
36816,13884095,13894592,10497,mRNA
36817,13882401,13882547,146,mRNA
36818,13874859,13882336,7477,mRNA
36819,13874234,13874459,225,mRNA
36820,13872209,13874168,1959,mRNA
36821,13871979,13872153,174,mRNA
36822,13871294,13871338,44,mRNA
36823,13870840,13870911,71,mRNA
36824,13870522,13870696,174,mRNA
36825,13870338,13870455,117,mRNA
36826,13870043,13870272,229,mRNA
36827,13869860,13869977,117,mRNA
36828,13868156,13868349,193,mRNA
36829,13866702,13866975,273,mRNA
36830,13866449,13866632,183,mRNA
36831,13866061,13866126,65,mRNA
36832,13864237,13865495,1258,mRNA
36833,13897548,13897701,153,mRNA
36834,13895110,13895307,197,mRNA
36835,13894839,13894969,130,mRNA
36836,13894130,13894592,462,mRNA
36837,13882401,13882547,146,mRNA
36838,13874859,13882336,7477,mRNA
36839,13874234,13874459,225,mRNA
36840,13872209,13874168,1959,mRNA
36841,13871979,13872153,174,mRNA
36842,13871666,13871725,59,mRNA
36843,13871294,13871338,44,mRNA
36844,13870840,13870911,71,mRNA
36845,13870522,13870696,174,mRNA
36846,13870338,13870455,117,mRNA
36847,13870043,13870272,229,mRNA
36848,13869860,13869977,117,mRNA
36849,13868156,13868349,193,mRNA
36850,13866702,13866975,273,mRNA
36851,13866449,13866632,183,mRNA
36852,13864237,13865495,1258,mRNA
36853,13910773,13910946,173,mRNA
36854,13907589,13908351,762,mRNA
36855,13905222,13905501,279,mRNA
36856,13904248,13905161,913,mRNA
36857,13903814,13904182,368,mRNA
36858,13902654,13903572,918,mRNA
36859,13901687,13902317,630,mRNA
36860,13901437,13901572,135,mRNA
36861,13900366,13900449,83,mRNA
36862,13899450,13899671,221,mRNA
36863,13894839,13894969,130,mRNA
36864,13894130,13894592,462,mRNA
36865,13882401,13882547,146,mRNA
36866,13874859,13882336,7477,mRNA
36867,13874234,13874459,225,mRNA
36868,13872209,13874168,1959,mRNA
36869,13871979,13872153,174,mRNA
36870,13871666,13871725,59,mRNA
36871,13871294,13871338,44,mRNA
36872,13870522,13870696,174,mRNA
36873,13870338,13870455,117,mRNA
36874,13870043,13870272,229,mRNA
36875,13869860,13869977,117,mRNA
36876,13868156,13868349,193,mRNA
36877,13866702,13866975,273,mRNA
36878,13866449,13866632,183,mRNA
36879,13864818,13865495,677,mRNA
36880,13933630,13933726,96,CDS
36881,13917849,13917910,61,CDS
36882,13917118,13917207,89,CDS
36883,13916854,13917024,170,CDS
36884,13905222,13905501,279,CDS
36885,13904248,13905161,913,CDS
36886,13903814,13904182,368,CDS
36887,13902654,13903572,918,CDS
36888,13901687,13902317,630,CDS
36889,13901437,13901572,135,CDS
36890,13900366,13900449,83,CDS
36891,13899450,13899671,221,CDS
36892,13894839,13894969,130,CDS
36893,13894130,13894592,462,CDS
36894,13882401,13882547,146,CDS
36895,13874859,13882336,7477,CDS
36896,13874234,13874459,225,CDS
36897,13872209,13874168,1959,CDS
36898,13871979,13872153,174,CDS
36899,13870840,13870911,71,CDS
36900,13870522,13870696,174,CDS
36901,13870338,13870455,117,CDS
36902,13870043,13870272,229,CDS
36903,13869860,13869977,117,CDS
36904,13867125,13867303,178,CDS
36905,13866702,13866975,273,CDS
36906,13866449,13866632,183,CDS
36907,13866061,13866126,65,CDS
36908,13865354,13865495,141,CDS
36909,13933630,13933726,96,CDS
36910,13917849,13917910,61,CDS
36911,13917118,13917207,89,CDS
36912,13916854,13917024,170,CDS
36913,13905222,13905501,279,CDS
36914,13904248,13905161,913,CDS
36915,13903814,13904182,368,CDS
36916,13902654,13903572,918,CDS
36917,13901687,13902317,630,CDS
36918,13901437,13901572,135,CDS
36919,13900366,13900449,83,CDS
36920,13899450,13899671,221,CDS
36921,13894839,13894969,130,CDS
36922,13894130,13894592,462,CDS
36923,13882401,13882547,146,CDS
36924,13874859,13882336,7477,CDS
36925,13874234,13874459,225,CDS
36926,13872209,13874168,1959,CDS
36927,13871979,13872153,174,CDS
36928,13870840,13870911,71,CDS
36929,13870522,13870696,174,CDS
36930,13870338,13870455,117,CDS
36931,13870043,13870272,229,CDS
36932,13869860,13869977,117,CDS
36933,13868156,13868349,193,CDS
36934,13866702,13866975,273,CDS
36935,13866449,13866632,183,CDS
36936,13866061,13866126,65,CDS
36937,13865354,13865495,141,CDS
36938,13933630,13933726,96,CDS
36939,13917849,13917910,61,CDS
36940,13917118,13917207,89,CDS
36941,13916854,13917024,170,CDS
36942,13905222,13905501,279,CDS
36943,13904248,13905161,913,CDS
36944,13903814,13904182,368,CDS
36945,13902654,13903572,918,CDS
36946,13901687,13902317,630,CDS
36947,13901437,13901572,135,CDS
36948,13900366,13900449,83,CDS
36949,13899450,13899671,221,CDS
36950,13894839,13894969,130,CDS
36951,13894130,13894592,462,CDS
36952,13882401,13882547,146,CDS
36953,13874859,13882336,7477,CDS
36954,13874234,13874459,225,CDS
36955,13872209,13874168,1959,CDS
36956,13871979,13872153,174,CDS
36957,13871294,13871338,44,CDS
36958,13870840,13870911,71,CDS
36959,13870522,13870696,174,CDS
36960,13870338,13870455,117,CDS
36961,13870043,13870272,229,CDS
36962,13869860,13869977,117,CDS
36963,13867125,13867303,178,CDS
36964,13866702,13866975,273,CDS
36965,13866449,13866632,183,CDS
36966,13866061,13866126,65,CDS
36967,13865354,13865495,141,CDS
36968,13933630,13933726,96,CDS
36969,13917849,13917910,61,CDS
36970,13917118,13917207,89,CDS
36971,13916854,13917024,170,CDS
36972,13905222,13905501,279,CDS
36973,13904248,13905161,913,CDS
36974,13903814,13904182,368,CDS
36975,13902654,13903572,918,CDS
36976,13901687,13902317,630,CDS
36977,13901437,13901572,135,CDS
36978,13900366,13900449,83,CDS
36979,13899450,13899671,221,CDS
36980,13894839,13894969,130,CDS
36981,13894130,13894592,462,CDS
36982,13882401,13882547,146,CDS
36983,13874859,13882336,7477,CDS
36984,13874234,13874459,225,CDS
36985,13872209,13874168,1959,CDS
36986,13871979,13872153,174,CDS
36987,13871294,13871338,44,CDS
36988,13870840,13870911,71,CDS
36989,13870522,13870696,174,CDS
36990,13870338,13870455,117,CDS
36991,13870043,13870272,229,CDS
36992,13869860,13869977,117,CDS
36993,13868156,13868349,193,CDS
36994,13866702,13866975,273,CDS
36995,13866449,13866632,183,CDS
36996,13865354,13865495,141,CDS
36997,13933630,13933726,96,CDS
36998,13917849,13917910,61,CDS
36999,13917118,13917207,89,CDS
37000,13916854,13917024,170,CDS
37001,13905222,13905501,279,CDS
37002,13904248,13905161,913,CDS
37003,13903814,13904182,368,CDS
37004,13902654,13903572,918,CDS
37005,13901687,13902317,630,CDS
37006,13901437,13901572,135,CDS
37007,13900366,13900449,83,CDS
37008,13899450,13899671,221,CDS
37009,13894839,13894969,130,CDS
37010,13894130,13894592,462,CDS
37011,13882401,13882547,146,CDS
37012,13874859,13882336,7477,CDS
37013,13874234,13874459,225,CDS
37014,13872209,13874168,1959,CDS
37015,13871979,13872153,174,CDS
37016,13871294,13871338,44,CDS
37017,13870840,13870911,71,CDS
37018,13870522,13870696,174,CDS
37019,13870338,13870455,117,CDS
37020,13870043,13870272,229,CDS
37021,13869860,13869977,117,CDS
37022,13868156,13868349,193,CDS
37023,13866702,13866975,273,CDS
37024,13866449,13866632,183,CDS
37025,13866061,13866126,65,CDS
37026,13865354,13865495,141,CDS
37027,13933630,13933726,96,CDS
37028,13917849,13917910,61,CDS
37029,13917118,13917207,89,CDS
37030,13916854,13917024,170,CDS
37031,13905222,13905501,279,CDS
37032,13904248,13905161,913,CDS
37033,13903814,13904182,368,CDS
37034,13902654,13903572,918,CDS
37035,13901687,13902317,630,CDS
37036,13901437,13901572,135,CDS
37037,13900366,13900449,83,CDS
37038,13899450,13899671,221,CDS
37039,13894839,13894969,130,CDS
37040,13894130,13894592,462,CDS
37041,13882401,13882547,146,CDS
37042,13874859,13882336,7477,CDS
37043,13874234,13874459,225,CDS
37044,13872209,13874168,1959,CDS
37045,13871979,13872153,174,CDS
37046,13871666,13871725,59,CDS
37047,13871294,13871338,44,CDS
37048,13870840,13870911,71,CDS
37049,13870522,13870696,174,CDS
37050,13870338,13870455,117,CDS
37051,13870043,13870272,229,CDS
37052,13869860,13869977,117,CDS
37053,13868156,13868349,193,CDS
37054,13866702,13866975,273,CDS
37055,13866449,13866632,183,CDS
37056,13865354,13865495,141,CDS
37057,13933630,13933726,96,CDS
37058,13917849,13917910,61,CDS
37059,13917566,13917625,59,CDS
37060,13917118,13917207,89,CDS
37061,13916854,13917024,170,CDS
37062,13905222,13905501,279,CDS
37063,13904248,13905161,913,CDS
37064,13903814,13904182,368,CDS
37065,13902654,13903572,918,CDS
37066,13901687,13902317,630,CDS
37067,13901437,13901572,135,CDS
37068,13900366,13900449,83,CDS
37069,13899450,13899671,221,CDS
37070,13894839,13894969,130,CDS
37071,13894130,13894592,462,CDS
37072,13882401,13882547,146,CDS
37073,13874859,13882336,7477,CDS
37074,13874234,13874459,225,CDS
37075,13872209,13874168,1959,CDS
37076,13871979,13872153,174,CDS
37077,13871666,13871725,59,CDS
37078,13871294,13871338,44,CDS
37079,13870840,13870911,71,CDS
37080,13870522,13870696,174,CDS
37081,13870338,13870455,117,CDS
37082,13870043,13870272,229,CDS
37083,13869860,13869977,117,CDS
37084,13868156,13868349,193,CDS
37085,13866702,13866975,273,CDS
37086,13866449,13866632,183,CDS
37087,13865354,13865495,141,CDS
37088,13933630,13933726,96,CDS
37089,13917849,13917910,61,CDS
37090,13917709,13917726,17,CDS
37091,13917118,13917207,89,CDS
37092,13916854,13917024,170,CDS
37093,13905222,13905501,279,CDS
37094,13904248,13905161,913,CDS
37095,13903814,13904182,368,CDS
37096,13902654,13903572,918,CDS
37097,13901687,13902317,630,CDS
37098,13901437,13901572,135,CDS
37099,13900366,13900449,83,CDS
37100,13899450,13899671,221,CDS
37101,13894839,13894969,130,CDS
37102,13894130,13894592,462,CDS
37103,13882401,13882547,146,CDS
37104,13874859,13882336,7477,CDS
37105,13874234,13874459,225,CDS
37106,13872209,13874168,1959,CDS
37107,13871979,13872153,174,CDS
37108,13871666,13871725,59,CDS
37109,13871294,13871338,44,CDS
37110,13870840,13870911,71,CDS
37111,13870522,13870696,174,CDS
37112,13870338,13870455,117,CDS
37113,13870043,13870272,229,CDS
37114,13869860,13869977,117,CDS
37115,13868156,13868349,193,CDS
37116,13866702,13866975,273,CDS
37117,13866449,13866632,183,CDS
37118,13865354,13865495,141,CDS
37119,13921547,13921976,429,CDS
37120,13917849,13917910,61,CDS
37121,13917118,13917207,89,CDS
37122,13916854,13917024,170,CDS
37123,13905222,13905501,279,CDS
37124,13904248,13905161,913,CDS
37125,13903814,13904182,368,CDS
37126,13902654,13903572,918,CDS
37127,13901687,13902317,630,CDS
37128,13901437,13901572,135,CDS
37129,13882401,13882547,146,CDS
37130,13874859,13882336,7477,CDS
37131,13874234,13874459,225,CDS
37132,13872209,13874168,1959,CDS
37133,13871979,13872153,174,CDS
37134,13871294,13871338,44,CDS
37135,13870840,13870911,71,CDS
37136,13870522,13870696,174,CDS
37137,13870338,13870455,117,CDS
37138,13870043,13870272,229,CDS
37139,13869860,13869977,117,CDS
37140,13868156,13868349,193,CDS
37141,13866702,13866975,273,CDS
37142,13866449,13866632,183,CDS
37143,13866061,13866126,65,CDS
37144,13865354,13865495,141,CDS
37145,13921547,13921976,429,CDS
37146,13917849,13917910,61,CDS
37147,13917118,13917207,89,CDS
37148,13916854,13917024,170,CDS
37149,13905222,13905501,279,CDS
37150,13904248,13905161,913,CDS
37151,13903814,13904182,368,CDS
37152,13902654,13903572,918,CDS
37153,13901687,13902317,630,CDS
37154,13901437,13901572,135,CDS
37155,13900366,13900449,83,CDS
37156,13899450,13899671,221,CDS
37157,13894839,13894969,130,CDS
37158,13894130,13894592,462,CDS
37159,13882401,13882547,146,CDS
37160,13874859,13882336,7477,CDS
37161,13874234,13874459,225,CDS
37162,13872209,13874168,1959,CDS
37163,13871979,13872153,174,CDS
37164,13870840,13870911,71,CDS
37165,13870522,13870696,174,CDS
37166,13870338,13870455,117,CDS
37167,13870043,13870272,229,CDS
37168,13869860,13869977,117,CDS
37169,13868156,13868349,193,CDS
37170,13866702,13866975,273,CDS
37171,13866449,13866632,183,CDS
37172,13866061,13866126,65,CDS
37173,13865354,13865495,141,CDS
37174,13921547,13921976,429,CDS
37175,13917849,13917910,61,CDS
37176,13917118,13917207,89,CDS
37177,13916854,13917024,170,CDS
37178,13905222,13905501,279,CDS
37179,13904248,13905161,913,CDS
37180,13903814,13904182,368,CDS
37181,13902654,13903572,918,CDS
37182,13901687,13902317,630,CDS
37183,13901437,13901572,135,CDS
37184,13900366,13900449,83,CDS
37185,13899450,13899671,221,CDS
37186,13894839,13894969,130,CDS
37187,13894130,13894592,462,CDS
37188,13882401,13882547,146,CDS
37189,13874859,13882336,7477,CDS
37190,13874234,13874459,225,CDS
37191,13872209,13874168,1959,CDS
37192,13871979,13872153,174,CDS
37193,13871294,13871338,44,CDS
37194,13870840,13870911,71,CDS
37195,13870522,13870696,174,CDS
37196,13870338,13870455,117,CDS
37197,13870043,13870272,229,CDS
37198,13869860,13869977,117,CDS
37199,13868156,13868349,193,CDS
37200,13866702,13866975,273,CDS
37201,13866449,13866632,183,CDS
37202,13865354,13865495,141,CDS
37203,13921547,13921976,429,CDS
37204,13917849,13917910,61,CDS
37205,13917118,13917207,89,CDS
37206,13916854,13917024,170,CDS
37207,13905222,13905501,279,CDS
37208,13904248,13905161,913,CDS
37209,13903814,13904182,368,CDS
37210,13902654,13903572,918,CDS
37211,13901687,13902317,630,CDS
37212,13901437,13901572,135,CDS
37213,13900366,13900449,83,CDS
37214,13899450,13899671,221,CDS
37215,13894839,13894969,130,CDS
37216,13894130,13894592,462,CDS
37217,13882401,13882547,146,CDS
37218,13874859,13882336,7477,CDS
37219,13874234,13874459,225,CDS
37220,13872209,13874168,1959,CDS
37221,13871979,13872153,174,CDS
37222,13871294,13871338,44,CDS
37223,13870840,13870911,71,CDS
37224,13870522,13870696,174,CDS
37225,13870338,13870455,117,CDS
37226,13870043,13870272,229,CDS
37227,13869860,13869977,117,CDS
37228,13868156,13868349,193,CDS
37229,13866702,13866975,273,CDS
37230,13866449,13866632,183,CDS
37231,13866061,13866126,65,CDS
37232,13865354,13865495,141,CDS
37233,13921547,13921976,429,CDS
37234,13917849,13917910,61,CDS
37235,13917118,13917207,89,CDS
37236,13916854,13917024,170,CDS
37237,13905222,13905501,279,CDS
37238,13904248,13905161,913,CDS
37239,13903814,13904182,368,CDS
37240,13902654,13903572,918,CDS
37241,13901687,13902317,630,CDS
37242,13901437,13901572,135,CDS
37243,13900366,13900449,83,CDS
37244,13899450,13899671,221,CDS
37245,13894839,13894969,130,CDS
37246,13894130,13894592,462,CDS
37247,13882401,13882547,146,CDS
37248,13874859,13882336,7477,CDS
37249,13874234,13874459,225,CDS
37250,13872209,13874168,1959,CDS
37251,13871979,13872153,174,CDS
37252,13871666,13871725,59,CDS
37253,13871294,13871338,44,CDS
37254,13870840,13870911,71,CDS
37255,13870522,13870696,174,CDS
37256,13870338,13870455,117,CDS
37257,13870043,13870272,229,CDS
37258,13869860,13869977,117,CDS
37259,13868156,13868349,193,CDS
37260,13866702,13866975,273,CDS
37261,13866449,13866632,183,CDS
37262,13865354,13865495,141,CDS
37263,13907589,13908218,629,CDS
37264,13905222,13905501,279,CDS
37265,13904248,13905161,913,CDS
37266,13903814,13904182,368,CDS
37267,13902654,13903572,918,CDS
37268,13901687,13902317,630,CDS
37269,13901437,13901572,135,CDS
37270,13882401,13882547,146,CDS
37271,13874859,13882336,7477,CDS
37272,13874234,13874459,225,CDS
37273,13872209,13874168,1959,CDS
37274,13871979,13872153,174,CDS
37275,13871294,13871338,44,CDS
37276,13870840,13870911,71,CDS
37277,13870522,13870696,174,CDS
37278,13870338,13870455,117,CDS
37279,13870043,13870272,229,CDS
37280,13869860,13869977,117,CDS
37281,13867125,13867303,178,CDS
37282,13866702,13866975,273,CDS
37283,13866449,13866632,183,CDS
37284,13866061,13866126,65,CDS
37285,13865354,13865495,141,CDS
37286,13907589,13908218,629,CDS
37287,13905222,13905501,279,CDS
37288,13904248,13905161,913,CDS
37289,13903814,13904182,368,CDS
37290,13902654,13903572,918,CDS
37291,13901687,13902317,630,CDS
37292,13901437,13901572,135,CDS
37293,13882401,13882547,146,CDS
37294,13874859,13882336,7477,CDS
37295,13874234,13874459,225,CDS
37296,13872209,13874168,1959,CDS
37297,13871979,13872153,174,CDS
37298,13871294,13871338,44,CDS
37299,13870840,13870911,71,CDS
37300,13870522,13870696,174,CDS
37301,13870338,13870455,117,CDS
37302,13870043,13870272,229,CDS
37303,13869860,13869977,117,CDS
37304,13868156,13868349,193,CDS
37305,13866702,13866975,273,CDS
37306,13866449,13866632,183,CDS
37307,13866061,13866126,65,CDS
37308,13865354,13865495,141,CDS
37309,13907589,13908218,629,CDS
37310,13905222,13905501,279,CDS
37311,13904248,13905161,913,CDS
37312,13903814,13904182,368,CDS
37313,13902654,13903572,918,CDS
37314,13901687,13902317,630,CDS
37315,13901437,13901572,135,CDS
37316,13900366,13900449,83,CDS
37317,13899450,13899671,221,CDS
37318,13894839,13894969,130,CDS
37319,13894130,13894592,462,CDS
37320,13882401,13882547,146,CDS
37321,13874859,13882336,7477,CDS
37322,13874234,13874459,225,CDS
37323,13872209,13874168,1959,CDS
37324,13871979,13872153,174,CDS
37325,13871666,13871725,59,CDS
37326,13871294,13871338,44,CDS
37327,13870522,13870696,174,CDS
37328,13870338,13870455,117,CDS
37329,13870043,13870272,229,CDS
37330,13869860,13869977,117,CDS
37331,13868156,13868349,193,CDS
37332,13866702,13866975,273,CDS
37333,13866449,13866632,183,CDS
37334,13865354,13865495,141,CDS
37335,13907589,13908218,629,CDS
37336,13905222,13905501,279,CDS
37337,13904248,13905161,913,CDS
37338,13903814,13904182,368,CDS
37339,13902654,13903572,918,CDS
37340,13901687,13902317,630,CDS
37341,13901437,13901572,135,CDS
37342,13900366,13900449,83,CDS
37343,13899450,13899671,221,CDS
37344,13894839,13894969,130,CDS
37345,13894130,13894592,462,CDS
37346,13882401,13882547,146,CDS
37347,13874859,13882336,7477,CDS
37348,13874234,13874459,225,CDS
37349,13872209,13874168,1959,CDS
37350,13871979,13872153,174,CDS
37351,13871666,13871725,59,CDS
37352,13871294,13871338,44,CDS
37353,13870522,13870696,174,CDS
37354,13870338,13870455,117,CDS
37355,13870043,13870272,229,CDS
37356,13869860,13869977,117,CDS
37357,13868156,13868349,193,CDS
37358,13866702,13866975,273,CDS
37359,13866449,13866632,183,CDS
37360,13865354,13865495,141,CDS
37361,13907589,13908218,629,CDS
37362,13905222,13905501,279,CDS
37363,13904248,13905161,913,CDS
37364,13903814,13904182,368,CDS
37365,13902654,13903572,918,CDS
37366,13901687,13902317,630,CDS
37367,13901437,13901572,135,CDS
37368,13900366,13900449,83,CDS
37369,13899450,13899671,221,CDS
37370,13894839,13894969,130,CDS
37371,13894130,13894592,462,CDS
37372,13882401,13882547,146,CDS
37373,13874859,13882336,7477,CDS
37374,13874234,13874459,225,CDS
37375,13872209,13874168,1959,CDS
37376,13871979,13872153,174,CDS
37377,13871666,13871725,59,CDS
37378,13871294,13871338,44,CDS
37379,13870840,13870911,71,CDS
37380,13870522,13870696,174,CDS
37381,13870338,13870455,117,CDS
37382,13870043,13870272,229,CDS
37383,13869860,13869977,117,CDS
37384,13868156,13868349,193,CDS
37385,13866702,13866975,273,CDS
37386,13866449,13866632,183,CDS
37387,13865354,13865495,141,CDS
37388,13907589,13908218,629,CDS
37389,13905222,13905501,279,CDS
37390,13904248,13905161,913,CDS
37391,13903814,13904182,368,CDS
37392,13902654,13903572,918,CDS
37393,13901687,13902317,630,CDS
37394,13901437,13901572,135,CDS
37395,13900366,13900449,83,CDS
37396,13899450,13899671,221,CDS
37397,13894839,13894969,130,CDS
37398,13894130,13894592,462,CDS
37399,13882401,13882547,146,CDS
37400,13874859,13882336,7477,CDS
37401,13874732,13874743,11,CDS
37402,13874234,13874459,225,CDS
37403,13872209,13874168,1959,CDS
37404,13871979,13872153,174,CDS
37405,13871666,13871725,59,CDS
37406,13871294,13871338,44,CDS
37407,13870840,13870911,71,CDS
37408,13870522,13870696,174,CDS
37409,13870338,13870455,117,CDS
37410,13870043,13870272,229,CDS
37411,13869860,13869977,117,CDS
37412,13868156,13868349,193,CDS
37413,13866702,13866975,273,CDS
37414,13866449,13866632,183,CDS
37415,13865354,13865495,141,CDS
37416,13907589,13908218,629,CDS
37417,13905222,13905501,279,CDS
37418,13904248,13905161,913,CDS
37419,13903814,13904182,368,CDS
37420,13902654,13903572,918,CDS
37421,13901687,13902317,630,CDS
37422,13901437,13901572,135,CDS
37423,13900366,13900449,83,CDS
37424,13899450,13899671,221,CDS
37425,13894839,13894969,130,CDS
37426,13884095,13894592,10497,CDS
37427,13882401,13882547,146,CDS
37428,13874859,13882336,7477,CDS
37429,13874234,13874459,225,CDS
37430,13872209,13874168,1959,CDS
37431,13871979,13872153,174,CDS
37432,13871294,13871338,44,CDS
37433,13870840,13870911,71,CDS
37434,13870522,13870696,174,CDS
37435,13870338,13870455,117,CDS
37436,13870043,13870272,229,CDS
37437,13869860,13869977,117,CDS
37438,13868156,13868349,193,CDS
37439,13866702,13866975,273,CDS
37440,13866449,13866632,183,CDS
37441,13866061,13866126,65,CDS
37442,13865354,13865495,141,CDS
37443,13895110,13895220,110,CDS
37444,13894839,13894969,130,CDS
37445,13894130,13894592,462,CDS
37446,13882401,13882547,146,CDS
37447,13874859,13882336,7477,CDS
37448,13874234,13874459,225,CDS
37449,13872209,13874168,1959,CDS
37450,13871979,13872153,174,CDS
37451,13871666,13871725,59,CDS
37452,13871294,13871338,44,CDS
37453,13870840,13870911,71,CDS
37454,13870522,13870696,174,CDS
37455,13870338,13870455,117,CDS
37456,13870043,13870272,229,CDS
37457,13869860,13869977,117,CDS
37458,13868156,13868349,193,CDS
37459,13866702,13866975,273,CDS
37460,13866449,13866632,183,CDS
37461,13865354,13865495,141,CDS
37462,13907589,13908218,629,CDS
37463,13905222,13905501,279,CDS
37464,13904248,13905161,913,CDS
37465,13903814,13904182,368,CDS
37466,13902654,13903572,918,CDS
37467,13901687,13902317,630,CDS
37468,13901437,13901572,135,CDS
37469,13900366,13900449,83,CDS
37470,13899450,13899671,221,CDS
37471,13894839,13894969,130,CDS
37472,13894130,13894592,462,CDS
37473,13882401,13882547,146,CDS
37474,13874859,13882336,7477,CDS
37475,13874234,13874459,225,CDS
37476,13872209,13874168,1959,CDS
37477,13871979,13872153,174,CDS
37478,13871666,13871725,59,CDS
37479,13871294,13871338,44,CDS
37480,13870840,13870911,71,CDS
37481,13870522,13870696,174,CDS
37482,13870338,13870455,117,CDS
37483,13870043,13870272,229,CDS
37484,13869860,13869977,117,CDS
37485,13868156,13868349,193,CDS
37486,13866702,13866975,273,CDS
37487,13866449,13866632,183,CDS
37488,13866061,13866126,65,CDS
37489,13865815,13865905,90,CDS
37490,13905660,13907571,1911,mobile_element
37491,13942534,13943377,843,gene
37492,13943183,13943377,194,mRNA
37493,13942807,13943129,322,mRNA
37494,13942534,13942750,216,mRNA
37495,13943183,13943353,170,CDS
37496,13942807,13943129,322,CDS
37497,13942591,13942750,159,CDS
37498,13943387,13958089,14702,gene
37499,13957962,13958089,127,mRNA
37500,13957173,13957350,177,mRNA
37501,13954687,13954849,162,mRNA
37502,13951614,13951688,74,mRNA
37503,13950132,13950917,785,mRNA
37504,13949850,13950072,222,mRNA
37505,13948177,13949787,1610,mRNA
37506,13943387,13948110,4723,mRNA
37507,13957962,13958089,127,mRNA
37508,13957173,13957350,177,mRNA
37509,13954687,13954849,162,mRNA
37510,13951614,13951688,74,mRNA
37511,13950132,13950917,785,mRNA
37512,13949850,13950072,222,mRNA
37513,13948177,13949787,1610,mRNA
37514,13943747,13948110,4363,mRNA
37515,13953912,13954025,113,mRNA
37516,13953049,13953275,226,mRNA
37517,13951614,13951688,74,mRNA
37518,13950132,13950917,785,mRNA
37519,13949850,13950072,222,mRNA
37520,13948177,13949787,1610,mRNA
37521,13945409,13948110,2701,mRNA
37522,13955632,13955680,48,mRNA
37523,13954687,13954849,162,mRNA
37524,13951614,13951688,74,mRNA
37525,13950132,13950917,785,mRNA
37526,13949850,13950072,222,mRNA
37527,13948177,13949787,1610,mRNA
37528,13947537,13948110,573,mRNA
37529,13954687,13954807,120,CDS
37530,13951614,13951688,74,CDS
37531,13950132,13950917,785,CDS
37532,13949850,13950072,222,CDS
37533,13948177,13949787,1610,CDS
37534,13947972,13948110,138,CDS
37535,13954687,13954807,120,CDS
37536,13951614,13951688,74,CDS
37537,13950132,13950917,785,CDS
37538,13949850,13950072,222,CDS
37539,13948177,13949787,1610,CDS
37540,13947972,13948110,138,CDS
37541,13954687,13954807,120,CDS
37542,13951614,13951688,74,CDS
37543,13950132,13950917,785,CDS
37544,13949850,13950072,222,CDS
37545,13948177,13949787,1610,CDS
37546,13947972,13948110,138,CDS
37547,13953049,13953067,18,CDS
37548,13951614,13951688,74,CDS
37549,13950132,13950917,785,CDS
37550,13949850,13950072,222,CDS
37551,13948177,13949787,1610,CDS
37552,13947972,13948110,138,CDS
37553,13954195,13955664,1469,gene
37554,13954195,13955664,1469,gene
37555,13954195,13954445,250,mRNA
37556,13954917,13955044,127,mRNA
37557,13955215,13955664,449,mRNA
37558,13954195,13954445,250,mRNA
37559,13954917,13955044,127,mRNA
37560,13955215,13955664,449,mRNA
37561,13954300,13954445,145,CDS
37562,13954917,13955044,127,CDS
37563,13955215,13955408,193,CDS
37564,13954498,13954861,363,mRNA
37565,13954917,13955044,127,mRNA
37566,13955215,13955664,449,mRNA
37567,13954498,13954644,146,mRNA
37568,13954917,13955044,127,mRNA
37569,13955215,13955664,449,mRNA
37570,13955417,13955599,182,CDS
37571,13955417,13955599,182,CDS
37572,13955417,13955599,182,CDS
37573,13958545,13960404,1859,gene
37574,13960319,13960404,85,mRNA
37575,13959568,13960109,541,mRNA
37576,13959205,13959398,193,mRNA
37577,13958545,13959099,554,mRNA
37578,13960319,13960404,85,mRNA
37579,13959568,13960109,541,mRNA
37580,13958545,13959398,853,mRNA
37581,13960228,13960326,98,mRNA
37582,13959568,13960109,541,mRNA
37583,13959205,13959398,193,mRNA
37584,13958545,13959099,554,mRNA
37585,13960228,13960326,98,mRNA
37586,13959568,13960109,541,mRNA
37587,13958545,13959398,853,mRNA
37588,13959568,13960208,640,mRNA
37589,13959205,13959398,193,mRNA
37590,13958545,13959099,554,mRNA
37591,13959568,13960208,640,mRNA
37592,13958545,13959398,853,mRNA
37593,13959568,13960088,520,CDS
37594,13959205,13959398,193,CDS
37595,13958645,13959099,454,CDS
37596,13959568,13960088,520,CDS
37597,13959205,13959398,193,CDS
37598,13958645,13959099,454,CDS
37599,13959568,13960088,520,CDS
37600,13959205,13959398,193,CDS
37601,13958645,13959099,454,CDS
37602,13959568,13960088,520,CDS
37603,13958645,13959398,753,CDS
37604,13959568,13960088,520,CDS
37605,13958645,13959398,753,CDS
37606,13959568,13960088,520,CDS
37607,13958645,13959398,753,CDS
37608,13960675,13967981,7306,gene
37609,13960675,13960876,201,mRNA
37610,13962220,13962336,116,mRNA
37611,13966755,13966969,214,mRNA
37612,13967030,13967981,951,mRNA
37613,13961181,13961265,84,mRNA
37614,13962220,13962336,116,mRNA
37615,13966755,13966969,214,mRNA
37616,13967030,13967981,951,mRNA
37617,13961194,13961265,71,CDS
37618,13962220,13962336,116,CDS
37619,13966755,13966969,214,CDS
37620,13967030,13967741,711,CDS
37621,13962238,13962336,98,CDS
37622,13966755,13966969,214,CDS
37623,13967030,13967741,711,CDS
37624,13964653,13965455,802,gene
37625,13964653,13965455,802,mRNA
37626,13964919,13965185,266,CDS
37627,13965173,13965486,313,mRNA
37628,13965605,13965785,180,mRNA
37629,13966755,13966969,214,mRNA
37630,13967030,13967981,951,mRNA
37631,13965173,13965486,313,mRNA
37632,13966755,13966969,214,mRNA
37633,13967030,13967981,951,mRNA
37634,13965696,13965785,89,CDS
37635,13966755,13966969,214,CDS
37636,13967030,13967741,711,CDS
37637,13966932,13966969,37,CDS
37638,13967030,13967741,711,CDS
37639,13968308,13969902,1594,gene
37640,13968308,13969602,1294,mRNA
37641,13969672,13969902,230,mRNA
37642,13968409,13969602,1193,CDS
37643,13969672,13969839,167,CDS
37644,13969910,13971263,1353,gene
37645,13971043,13971263,220,mRNA
37646,13970741,13970975,234,mRNA
37647,13970354,13970685,331,mRNA
37648,13969910,13970304,394,mRNA
37649,13971043,13971161,118,mRNA
37650,13970741,13970975,234,mRNA
37651,13970354,13970685,331,mRNA
37652,13969910,13970304,394,mRNA
37653,13971043,13971127,84,CDS
37654,13970741,13970975,234,CDS
37655,13970354,13970685,331,CDS
37656,13969916,13970304,388,CDS
37657,13971043,13971127,84,CDS
37658,13970741,13970975,234,CDS
37659,13970354,13970685,331,CDS
37660,13969916,13970304,388,CDS
37661,13971325,13972834,1509,gene
37662,13971325,13972834,1509,mRNA
37663,13971601,13972834,1233,mRNA
37664,13971673,13972677,1004,CDS
37665,13971673,13972677,1004,CDS
37666,13972984,13980165,7181,gene
37667,13980028,13980165,137,mRNA
37668,13979184,13979418,234,mRNA
37669,13978942,13979117,175,mRNA
37670,13977645,13977849,204,mRNA
37671,13977376,13977580,204,mRNA
37672,13975434,13977304,1870,mRNA
37673,13975269,13975374,105,mRNA
37674,13974927,13975203,276,mRNA
37675,13974591,13974837,246,mRNA
37676,13972984,13974410,1426,mRNA
37677,13980028,13980165,137,mRNA
37678,13979477,13979943,466,mRNA
37679,13979184,13979418,234,mRNA
37680,13978942,13979117,175,mRNA
37681,13977645,13977849,204,mRNA
37682,13977376,13977580,204,mRNA
37683,13975434,13977304,1870,mRNA
37684,13975269,13975374,105,mRNA
37685,13974927,13975203,276,mRNA
37686,13974591,13974837,246,mRNA
37687,13972984,13974410,1426,mRNA
37688,13979477,13979810,333,mRNA
37689,13979184,13979418,234,mRNA
37690,13978942,13979117,175,mRNA
37691,13977645,13977849,204,mRNA
37692,13977376,13977580,204,mRNA
37693,13975434,13977304,1870,mRNA
37694,13975269,13975374,105,mRNA
37695,13974927,13975203,276,mRNA
37696,13974591,13974837,246,mRNA
37697,13972984,13974410,1426,mRNA
37698,13979184,13979603,419,mRNA
37699,13978942,13979117,175,mRNA
37700,13977645,13977849,204,mRNA
37701,13977376,13977580,204,mRNA
37702,13975434,13977304,1870,mRNA
37703,13975269,13975374,105,mRNA
37704,13974927,13975203,276,mRNA
37705,13974591,13974837,246,mRNA
37706,13972984,13974410,1426,mRNA
37707,13979184,13979340,156,CDS
37708,13978942,13979117,175,CDS
37709,13977645,13977849,204,CDS
37710,13977376,13977580,204,CDS
37711,13975434,13977304,1870,CDS
37712,13975269,13975374,105,CDS
37713,13974927,13975203,276,CDS
37714,13974591,13974837,246,CDS
37715,13973653,13974410,757,CDS
37716,13979184,13979340,156,CDS
37717,13978942,13979117,175,CDS
37718,13977645,13977849,204,CDS
37719,13977376,13977580,204,CDS
37720,13975434,13977304,1870,CDS
37721,13975269,13975374,105,CDS
37722,13974927,13975203,276,CDS
37723,13974591,13974837,246,CDS
37724,13973653,13974410,757,CDS
37725,13979184,13979340,156,CDS
37726,13978942,13979117,175,CDS
37727,13977645,13977849,204,CDS
37728,13977376,13977580,204,CDS
37729,13975434,13977304,1870,CDS
37730,13975269,13975374,105,CDS
37731,13974927,13975203,276,CDS
37732,13974591,13974837,246,CDS
37733,13973653,13974410,757,CDS
37734,13979184,13979340,156,CDS
37735,13978942,13979117,175,CDS
37736,13977645,13977849,204,CDS
37737,13977376,13977580,204,CDS
37738,13975434,13977304,1870,CDS
37739,13975269,13975374,105,CDS
37740,13974927,13975203,276,CDS
37741,13974591,13974837,246,CDS
37742,13973653,13974410,757,CDS
37743,13980362,13983317,2955,gene
37744,13980362,13983317,2955,mRNA
37745,13980548,13983235,2687,CDS
37746,13983395,13984893,1498,gene
37747,13983395,13983584,189,mRNA
37748,13983645,13983823,178,mRNA
37749,13983885,13984140,255,mRNA
37750,13984198,13984893,695,mRNA
37751,13983630,13983823,193,mRNA
37752,13983885,13984140,255,mRNA
37753,13984198,13984893,695,mRNA
37754,13983687,13983823,136,CDS
37755,13983885,13984140,255,CDS
37756,13984198,13984806,608,CDS
37757,13983687,13983823,136,CDS
37758,13983885,13984140,255,CDS
37759,13984198,13984806,608,CDS
37760,13984815,13990707,5892,gene
37761,13990566,13990707,141,mRNA
37762,13989685,13989986,301,mRNA
37763,13988943,13989624,681,mRNA
37764,13988498,13988883,385,mRNA
37765,13988373,13988437,64,mRNA
37766,13985990,13986095,105,mRNA
37767,13984815,13985846,1031,mRNA
37768,13990566,13990707,141,mRNA
37769,13989685,13989986,301,mRNA
37770,13988943,13989624,681,mRNA
37771,13988498,13988883,385,mRNA
37772,13988373,13988437,64,mRNA
37773,13985990,13986095,105,mRNA
37774,13984815,13985846,1031,mRNA
37775,13990394,13990400,6,mRNA
37776,13989685,13989986,301,mRNA
37777,13988943,13989624,681,mRNA
37778,13988498,13988883,385,mRNA
37779,13988373,13988437,64,mRNA
37780,13985990,13986044,54,mRNA
37781,13984815,13985846,1031,mRNA
37782,13989685,13989836,151,CDS
37783,13988943,13989624,681,CDS
37784,13988498,13988883,385,CDS
37785,13988373,13988437,64,CDS
37786,13985990,13986095,105,CDS
37787,13985597,13985846,249,CDS
37788,13989685,13989836,151,CDS
37789,13988943,13989624,681,CDS
37790,13988498,13988883,385,CDS
37791,13988373,13988437,64,CDS
37792,13985990,13986044,54,CDS
37793,13985780,13985846,66,CDS
37794,13989685,13989836,151,CDS
37795,13988943,13989624,681,CDS
37796,13988498,13988883,385,CDS
37797,13988373,13988437,64,CDS
37798,13985990,13986095,105,CDS
37799,13985780,13985846,66,CDS
37800,13990566,13990707,141,mRNA
37801,13989685,13989986,301,mRNA
37802,13988943,13989624,681,mRNA
37803,13988498,13988883,385,mRNA
37804,13988373,13988437,64,mRNA
37805,13986426,13987471,1045,mRNA
37806,13989685,13989836,151,CDS
37807,13988943,13989624,681,CDS
37808,13988498,13988883,385,CDS
37809,13988373,13988437,64,CDS
37810,13987041,13987471,430,CDS
37811,13989685,13990707,1022,mRNA
37812,13988943,13989624,681,mRNA
37813,13988498,13988883,385,mRNA
37814,13987549,13988437,888,mRNA
37815,13989685,13989836,151,CDS
37816,13988943,13989624,681,CDS
37817,13988498,13988883,385,CDS
37818,13988284,13988437,153,CDS
37819,13991203,14060356,69153,gene
37820,13991203,13991492,289,mRNA
37821,13991978,13992104,126,mRNA
37822,14010163,14011181,1018,mRNA
37823,14038710,14040779,2069,mRNA
37824,14055763,14056048,285,mRNA
37825,14056117,14057196,1079,mRNA
37826,14057262,14058697,1435,mRNA
37827,14005860,14006006,146,gene
37828,14005860,14006006,146,precursor_RNA
37829,14005961,14005981,20,ncRNA
37830,14009199,14009532,333,mRNA
37831,14010163,14011181,1018,mRNA
37832,14038710,14040779,2069,mRNA
37833,14055763,14056048,285,mRNA
37834,14056117,14057196,1079,mRNA
37835,14057262,14060356,3094,mRNA
37836,14009199,14009238,39,mRNA
37837,14010163,14011181,1018,mRNA
37838,14038710,14040779,2069,mRNA
37839,14055763,14056048,285,mRNA
37840,14056117,14057196,1079,mRNA
37841,14057262,14060356,3094,mRNA
37842,14010486,14011181,695,CDS
37843,14038710,14040779,2069,CDS
37844,14055763,14056048,285,CDS
37845,14056117,14057196,1079,CDS
37846,14057262,14057914,652,CDS
37847,14010486,14011181,695,CDS
37848,14038710,14040779,2069,CDS
37849,14055763,14056048,285,CDS
37850,14056117,14057196,1079,CDS
37851,14057262,14057914,652,CDS
37852,14010486,14011181,695,CDS
37853,14038710,14040779,2069,CDS
37854,14055763,14056048,285,CDS
37855,14056117,14057196,1079,CDS
37856,14057262,14057914,652,CDS
37857,14028620,14029096,476,gene
37858,14028620,14029096,476,mRNA
37859,14028734,14029066,332,CDS
37860,14031663,14031839,176,mRNA
37861,14038033,14038423,390,mRNA
37862,14038710,14039968,1258,mRNA
37863,14058769,14058882,113,mRNA
37864,14038412,14038423,11,CDS
37865,14038710,14039968,1258,CDS
37866,14058769,14058799,30,CDS
37867,14060456,14140902,80446,gene
37868,14139789,14140902,1113,mRNA
37869,14114216,14114296,80,mRNA
37870,14091993,14092501,508,mRNA
37871,14070352,14070477,125,mRNA
37872,14069948,14070279,331,mRNA
37873,14069715,14069883,168,mRNA
37874,14068845,14068911,66,mRNA
37875,14067247,14067684,437,mRNA
37876,14065968,14066574,606,mRNA
37877,14063978,14065903,1925,mRNA
37878,14060456,14063913,3457,mRNA
37879,14139789,14140902,1113,mRNA
37880,14114216,14114296,80,mRNA
37881,14091993,14092501,508,mRNA
37882,14070352,14070477,125,mRNA
37883,14069948,14070279,331,mRNA
37884,14069715,14069883,168,mRNA
37885,14068845,14068911,66,mRNA
37886,14065968,14066574,606,mRNA
37887,14063978,14065903,1925,mRNA
37888,14061499,14063913,2414,mRNA
37889,14139789,14140902,1113,mRNA
37890,14114216,14114296,80,mRNA
37891,14091993,14092501,508,mRNA
37892,14070352,14070477,125,mRNA
37893,14069948,14070279,331,mRNA
37894,14069715,14069883,168,mRNA
37895,14069217,14069411,194,mRNA
37896,14068845,14068911,66,mRNA
37897,14065968,14066574,606,mRNA
37898,14063978,14065903,1925,mRNA
37899,14061499,14063913,2414,mRNA
37900,14139789,14140902,1113,mRNA
37901,14114216,14114296,80,mRNA
37902,14091993,14092501,508,mRNA
37903,14070352,14070477,125,mRNA
37904,14069948,14070279,331,mRNA
37905,14069715,14069883,168,mRNA
37906,14069217,14069411,194,mRNA
37907,14068845,14068911,66,mRNA
37908,14067247,14067684,437,mRNA
37909,14065968,14066574,606,mRNA
37910,14063978,14065903,1925,mRNA
37911,14061499,14063913,2414,mRNA
37912,14091993,14092160,167,CDS
37913,14070352,14070477,125,CDS
37914,14069948,14070279,331,CDS
37915,14069715,14069883,168,CDS
37916,14068845,14068911,66,CDS
37917,14065968,14066574,606,CDS
37918,14063978,14065903,1925,CDS
37919,14062326,14063913,1587,CDS
37920,14091993,14092160,167,CDS
37921,14070352,14070477,125,CDS
37922,14069948,14070279,331,CDS
37923,14069715,14069883,168,CDS
37924,14068845,14068911,66,CDS
37925,14067247,14067684,437,CDS
37926,14065968,14066574,606,CDS
37927,14063978,14065903,1925,CDS
37928,14062326,14063913,1587,CDS
37929,14091993,14092160,167,CDS
37930,14070352,14070477,125,CDS
37931,14069948,14070279,331,CDS
37932,14069715,14069883,168,CDS
37933,14069217,14069411,194,CDS
37934,14068845,14068911,66,CDS
37935,14065968,14066574,606,CDS
37936,14063978,14065903,1925,CDS
37937,14062326,14063913,1587,CDS
37938,14091993,14092160,167,CDS
37939,14070352,14070477,125,CDS
37940,14069948,14070279,331,CDS
37941,14069715,14069883,168,CDS
37942,14069217,14069411,194,CDS
37943,14068845,14068911,66,CDS
37944,14067247,14067684,437,CDS
37945,14065968,14066574,606,CDS
37946,14063978,14065903,1925,CDS
37947,14062326,14063913,1587,CDS
37948,14090325,14090972,647,gene
37949,14090325,14090597,272,mRNA
37950,14090657,14090792,135,mRNA
37951,14090856,14090972,116,mRNA
37952,14090376,14090597,221,CDS
37953,14090657,14090792,135,CDS
37954,14090856,14090935,79,CDS
37955,14091031,14091814,783,gene
37956,14091031,14091375,344,mRNA
37957,14091448,14091571,123,mRNA
37958,14091636,14091814,178,mRNA
37959,14091031,14091375,344,mRNA
37960,14091448,14091571,123,mRNA
37961,14091645,14091814,169,mRNA
37962,14091109,14091375,266,CDS
37963,14091448,14091571,123,CDS
37964,14091636,14091727,91,CDS
37965,14091109,14091375,266,CDS
37966,14091448,14091571,123,CDS
37967,14091645,14091727,82,CDS
37968,14093490,14109582,16092,mobile_element
37969,14101790,14108782,6992,mobile_element
37970,14145351,14145524,173,gene
37971,14145351,14145524,173,precursor_RNA
37972,14145366,14145386,20,ncRNA
37973,14145486,14145508,22,ncRNA
37974,14148263,14153123,4860,gene
37975,14152846,14153123,277,mRNA
37976,14151607,14151926,319,mRNA
37977,14151020,14151546,526,mRNA
37978,14150517,14150962,445,mRNA
37979,14150226,14150454,228,mRNA
37980,14149234,14149818,584,mRNA
37981,14148263,14149179,916,mRNA
37982,14152846,14153123,277,mRNA
37983,14151607,14151926,319,mRNA
37984,14151020,14151546,526,mRNA
37985,14150517,14150962,445,mRNA
37986,14150226,14150454,228,mRNA
37987,14149234,14149953,719,mRNA
37988,14148263,14149179,916,mRNA
37989,14152846,14153123,277,mRNA
37990,14151607,14151926,319,mRNA
37991,14151020,14151546,526,mRNA
37992,14150517,14150962,445,mRNA
37993,14150226,14150454,228,mRNA
37994,14150036,14150095,59,mRNA
37995,14149234,14149953,719,mRNA
37996,14148263,14149179,916,mRNA
37997,14152594,14152708,114,mRNA
37998,14151607,14151926,319,mRNA
37999,14151020,14151546,526,mRNA
38000,14150517,14150962,445,mRNA
38001,14150226,14150454,228,mRNA
38002,14149234,14149818,584,mRNA
38003,14148263,14149179,916,mRNA
38004,14152064,14152708,644,mRNA
38005,14151607,14151926,319,mRNA
38006,14151020,14151546,526,mRNA
38007,14150517,14150962,445,mRNA
38008,14150226,14150454,228,mRNA
38009,14149234,14149818,584,mRNA
38010,14148263,14149179,916,mRNA
38011,14152064,14152708,644,mRNA
38012,14151607,14151926,319,mRNA
38013,14151020,14151546,526,mRNA
38014,14150517,14150962,445,mRNA
38015,14150226,14150454,228,mRNA
38016,14149234,14149953,719,mRNA
38017,14148263,14149179,916,mRNA
38018,14152064,14152708,644,mRNA
38019,14151607,14151926,319,mRNA
38020,14151020,14151546,526,mRNA
38021,14150517,14150962,445,mRNA
38022,14150226,14150454,228,mRNA
38023,14150036,14150095,59,mRNA
38024,14149888,14149953,65,mRNA
38025,14149234,14149818,584,mRNA
38026,14148263,14149179,916,mRNA
38027,14152064,14152708,644,mRNA
38028,14151607,14151926,319,mRNA
38029,14151020,14151546,526,mRNA
38030,14150517,14150962,445,mRNA
38031,14150226,14150454,228,mRNA
38032,14150036,14150095,59,mRNA
38033,14149234,14149953,719,mRNA
38034,14148263,14149179,916,mRNA
38035,14152846,14153001,155,CDS
38036,14151607,14151926,319,CDS
38037,14151020,14151546,526,CDS
38038,14150517,14150962,445,CDS
38039,14150226,14150454,228,CDS
38040,14149234,14149818,584,CDS
38041,14148437,14149179,742,CDS
38042,14152846,14153001,155,CDS
38043,14151607,14151926,319,CDS
38044,14151020,14151546,526,CDS
38045,14150517,14150962,445,CDS
38046,14150226,14150454,228,CDS
38047,14149234,14149953,719,CDS
38048,14148437,14149179,742,CDS
38049,14152846,14153001,155,CDS
38050,14151607,14151926,319,CDS
38051,14151020,14151546,526,CDS
38052,14150517,14150962,445,CDS
38053,14150226,14150454,228,CDS
38054,14150036,14150095,59,CDS
38055,14149234,14149953,719,CDS
38056,14148437,14149179,742,CDS
38057,14152064,14152414,350,CDS
38058,14151607,14151926,319,CDS
38059,14151020,14151546,526,CDS
38060,14150517,14150962,445,CDS
38061,14150226,14150454,228,CDS
38062,14149234,14149818,584,CDS
38063,14148437,14149179,742,CDS
38064,14152064,14152414,350,CDS
38065,14151607,14151926,319,CDS
38066,14151020,14151546,526,CDS
38067,14150517,14150962,445,CDS
38068,14150226,14150454,228,CDS
38069,14149234,14149953,719,CDS
38070,14148437,14149179,742,CDS
38071,14152064,14152414,350,CDS
38072,14151607,14151926,319,CDS
38073,14151020,14151546,526,CDS
38074,14150517,14150962,445,CDS
38075,14150226,14150454,228,CDS
38076,14150036,14150095,59,CDS
38077,14149888,14149953,65,CDS
38078,14149234,14149818,584,CDS
38079,14148437,14149179,742,CDS
38080,14152064,14152414,350,CDS
38081,14151607,14151926,319,CDS
38082,14151020,14151546,526,CDS
38083,14150517,14150962,445,CDS
38084,14150226,14150454,228,CDS
38085,14150036,14150095,59,CDS
38086,14149234,14149953,719,CDS
38087,14148437,14149179,742,CDS
38088,14151607,14151881,274,CDS
38089,14151020,14151546,526,CDS
38090,14150517,14150962,445,CDS
38091,14150226,14150454,228,CDS
38092,14149234,14149818,584,CDS
38093,14148437,14149179,742,CDS
38094,14153153,14157106,3953,gene
38095,14153153,14156429,3276,mRNA
38096,14156486,14157106,620,mRNA
38097,14153249,14156429,3180,CDS
38098,14156486,14157033,547,CDS
38099,14157050,14157488,438,gene
38100,14157207,14157488,281,mRNA
38101,14157050,14157146,96,mRNA
38102,14157207,14157404,197,CDS
38103,14157105,14157146,41,CDS
38104,14157762,14159434,1672,gene
38105,14157762,14158136,374,mRNA
38106,14158205,14158440,235,mRNA
38107,14158495,14159056,561,mRNA
38108,14159133,14159434,301,mRNA
38109,14157867,14158136,269,CDS
38110,14158205,14158440,235,CDS
38111,14158495,14159056,561,CDS
38112,14159133,14159396,263,CDS
38113,14159096,14161262,2166,gene
38114,14161151,14161262,111,mRNA
38115,14159096,14161091,1995,mRNA
38116,14161151,14161262,111,mRNA
38117,14159391,14161091,1700,mRNA
38118,14161151,14161161,10,CDS
38119,14159426,14161091,1665,CDS
38120,14161151,14161161,10,CDS
38121,14159426,14161091,1665,CDS
38122,14161430,14163054,1624,gene
38123,14161430,14161580,150,mRNA
38124,14161636,14163054,1418,mRNA
38125,14161430,14161580,150,mRNA
38126,14161636,14162821,1185,mRNA
38127,14161463,14161580,117,CDS
38128,14161636,14162726,1090,CDS
38129,14161463,14161580,117,CDS
38130,14161636,14162726,1090,CDS
38131,14163066,14164825,1759,gene
38132,14164487,14164825,338,mRNA
38133,14164191,14164370,179,mRNA
38134,14163066,14164136,1070,mRNA
38135,14164487,14164621,134,mRNA
38136,14164191,14164370,179,mRNA
38137,14163066,14164136,1070,mRNA
38138,14164487,14164531,44,CDS
38139,14164191,14164370,179,CDS
38140,14163198,14164136,938,CDS
38141,14164487,14164531,44,CDS
38142,14164191,14164370,179,CDS
38143,14163198,14164136,938,CDS
38144,14165051,14166991,1940,gene
38145,14165051,14165525,474,mRNA
38146,14165589,14165724,135,mRNA
38147,14166143,14166991,848,mRNA
38148,14165278,14165525,247,CDS
38149,14165589,14165724,135,CDS
38150,14166143,14166670,527,CDS
38151,14166982,14168233,1251,gene
38152,14166982,14167339,357,mRNA
38153,14167419,14167554,135,mRNA
38154,14167664,14168233,569,mRNA
38155,14167048,14167339,291,mRNA
38156,14167419,14167554,135,mRNA
38157,14167664,14168233,569,mRNA
38158,14167092,14167339,247,CDS
38159,14167419,14167554,135,CDS
38160,14167664,14168194,530,CDS
38161,14167092,14167339,247,CDS
38162,14167419,14167554,135,CDS
38163,14167664,14168194,530,CDS
38164,14168786,14170233,1447,gene
38165,14168786,14169522,736,mRNA
38166,14169570,14170233,663,mRNA
38167,14168786,14169103,317,mRNA
38168,14169387,14169522,135,mRNA
38169,14169570,14170233,663,mRNA
38170,14168844,14170917,2073,gene
38171,14170704,14170917,213,ncRNA
38172,14168844,14170187,1343,ncRNA
38173,14170249,14170298,49,ncRNA
38174,14168844,14170187,1343,ncRNA
38175,14168856,14169103,247,CDS
38176,14169387,14169522,135,CDS
38177,14169570,14170109,539,CDS
38178,14169463,14169522,59,CDS
38179,14169570,14170109,539,CDS
38180,14170462,14172998,2536,gene
38181,14170462,14170722,260,mRNA
38182,14172290,14172522,232,mRNA
38183,14172584,14172683,99,mRNA
38184,14172747,14172998,251,mRNA
38185,14170462,14170722,260,mRNA
38186,14172290,14172522,232,mRNA
38187,14172584,14172683,99,mRNA
38188,14172747,14172923,176,mRNA
38189,14170581,14170722,141,CDS
38190,14172290,14172522,232,CDS
38191,14172584,14172683,99,CDS
38192,14172747,14172808,61,CDS
38193,14170581,14170722,141,CDS
38194,14172290,14172522,232,CDS
38195,14172584,14172683,99,CDS
38196,14172747,14172808,61,CDS
38197,14171160,14171451,291,mRNA
38198,14172290,14172522,232,mRNA
38199,14172584,14172683,99,mRNA
38200,14172747,14172998,251,mRNA
38201,14171364,14171451,87,CDS
38202,14172290,14172522,232,CDS
38203,14172584,14172683,99,CDS
38204,14172747,14172808,61,CDS
38205,14171789,14172226,437,mRNA
38206,14172290,14172522,232,mRNA
38207,14172584,14172683,99,mRNA
38208,14172747,14172998,251,mRNA
38209,14172160,14172226,66,CDS
38210,14172290,14172522,232,CDS
38211,14172584,14172683,99,CDS
38212,14172747,14172808,61,CDS
38213,14172986,14173596,610,gene
38214,14173369,14173596,227,mRNA
38215,14172986,14173303,317,mRNA
38216,14173369,14173485,116,CDS
38217,14173031,14173303,272,CDS
38218,14173693,14182838,9145,gene
38219,14173693,14174572,879,mRNA
38220,14176406,14176542,136,mRNA
38221,14176612,14176691,79,mRNA
38222,14177175,14177477,302,mRNA
38223,14177825,14178021,196,mRNA
38224,14178098,14178200,102,mRNA
38225,14178272,14178596,324,mRNA
38226,14178665,14178829,164,mRNA
38227,14178894,14179041,147,mRNA
38228,14179112,14179254,142,mRNA
38229,14179313,14179931,618,mRNA
38230,14181211,14182838,1627,mRNA
38231,14173693,14174572,879,mRNA
38232,14176406,14176542,136,mRNA
38233,14176612,14176691,79,mRNA
38234,14177175,14177477,302,mRNA
38235,14177861,14178021,160,mRNA
38236,14178098,14178200,102,mRNA
38237,14178272,14178596,324,mRNA
38238,14178665,14178829,164,mRNA
38239,14178894,14179041,147,mRNA
38240,14179112,14179254,142,mRNA
38241,14179313,14179931,618,mRNA
38242,14181211,14182838,1627,mRNA
38243,14173693,14174572,879,mRNA
38244,14176406,14176542,136,mRNA
38245,14176612,14176691,79,mRNA
38246,14177175,14177477,302,mRNA
38247,14177885,14178021,136,mRNA
38248,14178098,14178200,102,mRNA
38249,14178272,14178596,324,mRNA
38250,14178665,14178829,164,mRNA
38251,14178894,14179041,147,mRNA
38252,14179112,14179254,142,mRNA
38253,14179313,14179931,618,mRNA
38254,14180422,14180819,397,mRNA
38255,14181211,14182838,1627,mRNA
38256,14173693,14174572,879,mRNA
38257,14176406,14176542,136,mRNA
38258,14176612,14176691,79,mRNA
38259,14177840,14178021,181,mRNA
38260,14178098,14178203,105,mRNA
38261,14178272,14178596,324,mRNA
38262,14178665,14178829,164,mRNA
38263,14178894,14179041,147,mRNA
38264,14179109,14179254,145,mRNA
38265,14179313,14179931,618,mRNA
38266,14180422,14180819,397,mRNA
38267,14181211,14182838,1627,mRNA
38268,14173693,14174572,879,mRNA
38269,14176406,14176542,136,mRNA
38270,14176612,14176691,79,mRNA
38271,14177175,14177477,302,mRNA
38272,14177840,14178021,181,mRNA
38273,14178098,14178200,102,mRNA
38274,14178272,14178596,324,mRNA
38275,14178665,14178829,164,mRNA
38276,14178894,14179041,147,mRNA
38277,14179109,14179254,145,mRNA
38278,14179313,14180228,915,mRNA
38279,14173693,14174572,879,mRNA
38280,14176406,14176542,136,mRNA
38281,14176612,14176691,79,mRNA
38282,14177175,14177477,302,mRNA
38283,14177861,14178021,160,mRNA
38284,14178098,14178200,102,mRNA
38285,14178272,14178596,324,mRNA
38286,14178665,14178829,164,mRNA
38287,14178894,14179041,147,mRNA
38288,14179109,14179254,145,mRNA
38289,14179313,14180228,915,mRNA
38290,14173693,14174572,879,mRNA
38291,14176406,14176542,136,mRNA
38292,14176612,14176691,79,mRNA
38293,14177175,14177477,302,mRNA
38294,14177861,14178021,160,mRNA
38295,14178098,14178200,102,mRNA
38296,14178272,14178596,324,mRNA
38297,14178665,14178829,164,mRNA
38298,14178894,14179041,147,mRNA
38299,14179112,14179254,142,mRNA
38300,14179313,14180228,915,mRNA
38301,14173693,14174572,879,mRNA
38302,14176406,14176542,136,mRNA
38303,14176612,14176691,79,mRNA
38304,14177861,14178021,160,mRNA
38305,14178098,14178200,102,mRNA
38306,14178272,14178596,324,mRNA
38307,14178665,14178829,164,mRNA
38308,14178894,14179041,147,mRNA
38309,14179112,14179254,142,mRNA
38310,14179313,14180228,915,mRNA
38311,14173693,14174572,879,mRNA
38312,14176406,14176542,136,mRNA
38313,14176612,14176691,79,mRNA
38314,14177885,14178021,136,mRNA
38315,14178098,14178203,105,mRNA
38316,14178272,14178596,324,mRNA
38317,14178665,14178829,164,mRNA
38318,14178894,14179041,147,mRNA
38319,14179109,14179254,145,mRNA
38320,14179313,14180228,915,mRNA
38321,14173693,14174269,576,mRNA
38322,14174462,14174572,110,mRNA
38323,14176406,14176542,136,mRNA
38324,14176612,14176691,79,mRNA
38325,14177861,14178021,160,mRNA
38326,14178098,14178200,102,mRNA
38327,14178272,14178596,324,mRNA
38328,14178665,14178829,164,mRNA
38329,14178894,14179041,147,mRNA
38330,14179112,14179254,142,mRNA
38331,14179313,14180228,915,mRNA
38332,14173693,14173922,229,mRNA
38333,14174100,14174572,472,mRNA
38334,14176406,14176542,136,mRNA
38335,14176612,14176691,79,mRNA
38336,14177861,14178021,160,mRNA
38337,14178098,14178200,102,mRNA
38338,14178272,14178596,324,mRNA
38339,14178665,14178829,164,mRNA
38340,14178894,14179041,147,mRNA
38341,14179112,14179254,142,mRNA
38342,14179313,14180228,915,mRNA
38343,14174447,14174572,125,CDS
38344,14176406,14176542,136,CDS
38345,14176612,14176691,79,CDS
38346,14177175,14177477,302,CDS
38347,14177825,14178021,196,CDS
38348,14178098,14178200,102,CDS
38349,14178272,14178596,324,CDS
38350,14178665,14178829,164,CDS
38351,14178894,14179041,147,CDS
38352,14179112,14179254,142,CDS
38353,14179313,14179931,618,CDS
38354,14181211,14181378,167,CDS
38355,14174447,14174572,125,CDS
38356,14176406,14176542,136,CDS
38357,14176612,14176691,79,CDS
38358,14177175,14177477,302,CDS
38359,14177861,14178021,160,CDS
38360,14178098,14178200,102,CDS
38361,14178272,14178596,324,CDS
38362,14178665,14178829,164,CDS
38363,14178894,14179041,147,CDS
38364,14179112,14179254,142,CDS
38365,14179313,14179931,618,CDS
38366,14181211,14181378,167,CDS
38367,14174447,14174572,125,CDS
38368,14176406,14176542,136,CDS
38369,14176612,14176691,79,CDS
38370,14177175,14177477,302,CDS
38371,14177885,14178021,136,CDS
38372,14178098,14178200,102,CDS
38373,14178272,14178596,324,CDS
38374,14178665,14178829,164,CDS
38375,14178894,14179041,147,CDS
38376,14179112,14179254,142,CDS
38377,14179313,14179931,618,CDS
38378,14180422,14180448,26,CDS
38379,14174447,14174572,125,CDS
38380,14176406,14176542,136,CDS
38381,14176612,14176691,79,CDS
38382,14177840,14178021,181,CDS
38383,14178098,14178203,105,CDS
38384,14178272,14178596,324,CDS
38385,14178665,14178829,164,CDS
38386,14178894,14179041,147,CDS
38387,14179109,14179254,145,CDS
38388,14179313,14179931,618,CDS
38389,14180422,14180448,26,CDS
38390,14174447,14174572,125,CDS
38391,14176406,14176542,136,CDS
38392,14176612,14176691,79,CDS
38393,14177175,14177477,302,CDS
38394,14177840,14178021,181,CDS
38395,14178098,14178200,102,CDS
38396,14178272,14178596,324,CDS
38397,14178665,14178829,164,CDS
38398,14178894,14179041,147,CDS
38399,14179109,14179254,145,CDS
38400,14179313,14179940,627,CDS
38401,14174447,14174572,125,CDS
38402,14176406,14176542,136,CDS
38403,14176612,14176691,79,CDS
38404,14177175,14177477,302,CDS
38405,14177861,14178021,160,CDS
38406,14178098,14178200,102,CDS
38407,14178272,14178596,324,CDS
38408,14178665,14178829,164,CDS
38409,14178894,14179041,147,CDS
38410,14179109,14179254,145,CDS
38411,14179313,14179940,627,CDS
38412,14174447,14174572,125,CDS
38413,14176406,14176542,136,CDS
38414,14176612,14176691,79,CDS
38415,14177175,14177477,302,CDS
38416,14177861,14178021,160,CDS
38417,14178098,14178200,102,CDS
38418,14178272,14178596,324,CDS
38419,14178665,14178829,164,CDS
38420,14178894,14179041,147,CDS
38421,14179112,14179254,142,CDS
38422,14179313,14179940,627,CDS
38423,14174447,14174572,125,CDS
38424,14176406,14176542,136,CDS
38425,14176612,14176691,79,CDS
38426,14177861,14178021,160,CDS
38427,14178098,14178200,102,CDS
38428,14178272,14178596,324,CDS
38429,14178665,14178829,164,CDS
38430,14178894,14179041,147,CDS
38431,14179112,14179254,142,CDS
38432,14179313,14179940,627,CDS
38433,14174447,14174572,125,CDS
38434,14176406,14176542,136,CDS
38435,14176612,14176691,79,CDS
38436,14177861,14178021,160,CDS
38437,14178098,14178200,102,CDS
38438,14178272,14178596,324,CDS
38439,14178665,14178829,164,CDS
38440,14178894,14179041,147,CDS
38441,14179112,14179254,142,CDS
38442,14179313,14179940,627,CDS
38443,14174447,14174572,125,CDS
38444,14176406,14176542,136,CDS
38445,14176612,14176691,79,CDS
38446,14177885,14178021,136,CDS
38447,14178098,14178203,105,CDS
38448,14178272,14178596,324,CDS
38449,14178665,14178829,164,CDS
38450,14178894,14179041,147,CDS
38451,14179109,14179254,145,CDS
38452,14179313,14179940,627,CDS
38453,14176406,14176542,136,CDS
38454,14176612,14176691,79,CDS
38455,14177861,14178021,160,CDS
38456,14178098,14178200,102,CDS
38457,14178272,14178596,324,CDS
38458,14178665,14178829,164,CDS
38459,14178894,14179041,147,CDS
38460,14179112,14179254,142,CDS
38461,14179313,14179940,627,CDS
38462,14185204,14198368,13164,gene
38463,14185204,14187351,2147,mRNA
38464,14187478,14187744,266,mRNA
38465,14187863,14187930,67,mRNA
38466,14187987,14188048,61,mRNA
38467,14188106,14198368,10262,mRNA
38468,14185819,14187351,1532,CDS
38469,14187478,14187744,266,CDS
38470,14187863,14187930,67,CDS
38471,14187987,14188048,61,CDS
38472,14188106,14198214,10108,CDS
38473,14198478,14201249,2771,gene
38474,14200369,14201249,880,mRNA
38475,14198478,14200296,1818,mRNA
38476,14200369,14200721,352,CDS
38477,14199000,14200296,1296,CDS
38478,14201390,14212413,11023,gene
38479,14211288,14212413,1125,mRNA
38480,14203358,14204052,694,mRNA
38481,14201390,14203219,1829,mRNA
38482,14211288,14211340,52,CDS
38483,14203358,14204052,694,CDS
38484,14201613,14203219,1606,CDS
38485,14215096,14216627,1531,gene
38486,14216530,14216627,97,mRNA
38487,14215951,14216110,159,mRNA
38488,14215096,14215702,606,mRNA
38489,14216530,14216578,48,mRNA
38490,14215951,14216110,159,mRNA
38491,14215359,14215702,343,mRNA
38492,14216530,14216533,3,CDS
38493,14215951,14216110,159,CDS
38494,14215435,14215702,267,CDS
38495,14216530,14216533,3,CDS
38496,14215951,14216110,159,CDS
38497,14215435,14215702,267,CDS
38498,14215802,14215864,62,gene
38499,14215802,14215864,62,precursor_RNA
38500,14215802,14215823,21,ncRNA
38501,14215841,14215862,21,ncRNA
38502,14217981,14218722,741,mobile_element
38503,14219898,14230620,10722,gene
38504,14219898,14220765,867,mRNA
38505,14227411,14229295,1884,mRNA
38506,14229413,14230620,1207,mRNA
38507,14219898,14220042,144,mRNA
38508,14220587,14220765,178,mRNA
38509,14227411,14229295,1884,mRNA
38510,14229413,14230620,1207,mRNA
38511,14219898,14220042,144,mRNA
38512,14220608,14220765,157,mRNA
38513,14227411,14229295,1884,mRNA
38514,14229413,14230620,1207,mRNA
38515,14227414,14229295,1881,CDS
38516,14229413,14229567,154,CDS
38517,14227414,14229295,1881,CDS
38518,14229413,14229567,154,CDS
38519,14227414,14229295,1881,CDS
38520,14229413,14229567,154,CDS
38521,14230611,14235449,4838,gene
38522,14235286,14235449,163,mRNA
38523,14234890,14235187,297,mRNA
38524,14234693,14234828,135,mRNA
38525,14234268,14234342,74,mRNA
38526,14233617,14234206,589,mRNA
38527,14233188,14233561,373,mRNA
38528,14232965,14233129,164,mRNA
38529,14232725,14232903,178,mRNA
38530,14231492,14231964,472,mRNA
38531,14231308,14231426,118,mRNA
38532,14231160,14231244,84,mRNA
38533,14230895,14231099,204,mRNA
38534,14230611,14230838,227,mRNA
38535,14235286,14235449,163,mRNA
38536,14234890,14235187,297,mRNA
38537,14234693,14234828,135,mRNA
38538,14234268,14234342,74,mRNA
38539,14233617,14234206,589,mRNA
38540,14233188,14233561,373,mRNA
38541,14232965,14233129,164,mRNA
38542,14232716,14232903,187,mRNA
38543,14231492,14231964,472,mRNA
38544,14231308,14231426,118,mRNA
38545,14231160,14231244,84,mRNA
38546,14230895,14231099,204,mRNA
38547,14230611,14230838,227,mRNA
38548,14235286,14235449,163,mRNA
38549,14234890,14235187,297,mRNA
38550,14234693,14234828,135,mRNA
38551,14234268,14234342,74,mRNA
38552,14233617,14234206,589,mRNA
38553,14233188,14233561,373,mRNA
38554,14232965,14233129,164,mRNA
38555,14231492,14232903,1411,mRNA
38556,14231308,14231426,118,mRNA
38557,14231160,14231244,84,mRNA
38558,14230895,14231099,204,mRNA
38559,14230611,14230838,227,mRNA
38560,14235286,14235449,163,mRNA
38561,14234890,14235187,297,mRNA
38562,14234693,14234828,135,mRNA
38563,14234443,14234559,116,mRNA
38564,14234268,14234342,74,mRNA
38565,14233617,14234206,589,mRNA
38566,14233188,14233561,373,mRNA
38567,14232965,14233129,164,mRNA
38568,14232725,14232903,178,mRNA
38569,14231492,14231964,472,mRNA
38570,14231308,14231426,118,mRNA
38571,14231160,14231244,84,mRNA
38572,14230895,14231099,204,mRNA
38573,14230611,14230838,227,mRNA
38574,14235286,14235449,163,mRNA
38575,14234890,14235187,297,mRNA
38576,14234693,14234828,135,mRNA
38577,14234443,14234559,116,mRNA
38578,14234268,14234342,74,mRNA
38579,14233617,14234206,589,mRNA
38580,14233188,14233561,373,mRNA
38581,14232965,14233129,164,mRNA
38582,14232716,14232903,187,mRNA
38583,14231492,14231964,472,mRNA
38584,14231308,14231426,118,mRNA
38585,14231160,14231244,84,mRNA
38586,14230895,14231099,204,mRNA
38587,14230611,14230838,227,mRNA
38588,14235286,14235314,28,CDS
38589,14234890,14235187,297,CDS
38590,14234693,14234828,135,CDS
38591,14234268,14234342,74,CDS
38592,14233617,14234206,589,CDS
38593,14233188,14233561,373,CDS
38594,14232965,14233129,164,CDS
38595,14232725,14232903,178,CDS
38596,14231492,14231964,472,CDS
38597,14231308,14231426,118,CDS
38598,14231160,14231244,84,CDS
38599,14230895,14231099,204,CDS
38600,14230774,14230838,64,CDS
38601,14235286,14235314,28,CDS
38602,14234890,14235187,297,CDS
38603,14234693,14234828,135,CDS
38604,14234268,14234342,74,CDS
38605,14233617,14234206,589,CDS
38606,14233188,14233561,373,CDS
38607,14232965,14233129,164,CDS
38608,14232716,14232903,187,CDS
38609,14231492,14231964,472,CDS
38610,14231308,14231426,118,CDS
38611,14231160,14231244,84,CDS
38612,14230895,14231099,204,CDS
38613,14230774,14230838,64,CDS
38614,14235286,14235314,28,CDS
38615,14234890,14235187,297,CDS
38616,14234693,14234828,135,CDS
38617,14234443,14234559,116,CDS
38618,14234268,14234342,74,CDS
38619,14233617,14234206,589,CDS
38620,14233188,14233561,373,CDS
38621,14232965,14233129,164,CDS
38622,14232725,14232903,178,CDS
38623,14231492,14231964,472,CDS
38624,14231308,14231426,118,CDS
38625,14231160,14231244,84,CDS
38626,14230895,14231099,204,CDS
38627,14230774,14230838,64,CDS
38628,14235286,14235314,28,CDS
38629,14234890,14235187,297,CDS
38630,14234693,14234828,135,CDS
38631,14234443,14234559,116,CDS
38632,14234268,14234342,74,CDS
38633,14233617,14234206,589,CDS
38634,14233188,14233561,373,CDS
38635,14232965,14233129,164,CDS
38636,14232716,14232903,187,CDS
38637,14231492,14231964,472,CDS
38638,14231308,14231426,118,CDS
38639,14231160,14231244,84,CDS
38640,14230895,14231099,204,CDS
38641,14230774,14230838,64,CDS
38642,14235286,14235314,28,CDS
38643,14234890,14235187,297,CDS
38644,14234693,14234828,135,CDS
38645,14234268,14234342,74,CDS
38646,14233617,14234206,589,CDS
38647,14233188,14233561,373,CDS
38648,14232965,14233129,164,CDS
38649,14232702,14232903,201,CDS
38650,14233130,14233187,57,gene
38651,14233130,14233187,57,precursor_RNA
38652,14233130,14233150,20,ncRNA
38653,14233167,14233186,19,ncRNA
38654,14235787,14239703,3916,gene
38655,14239451,14239703,252,mRNA
38656,14238916,14239190,274,mRNA
38657,14238630,14238848,218,mRNA
38658,14238376,14238551,175,mRNA
38659,14237948,14238314,366,mRNA
38660,14237757,14237882,125,mRNA
38661,14237575,14237701,126,mRNA
38662,14236839,14237504,665,mRNA
38663,14235787,14236775,988,mRNA
38664,14239376,14239420,44,mRNA
38665,14238916,14239190,274,mRNA
38666,14238630,14238848,218,mRNA
38667,14238376,14238551,175,mRNA
38668,14237948,14238314,366,mRNA
38669,14237757,14237882,125,mRNA
38670,14237575,14237701,126,mRNA
38671,14236839,14237504,665,mRNA
38672,14235787,14236775,988,mRNA
38673,14238916,14239420,504,mRNA
38674,14238630,14238848,218,mRNA
38675,14238376,14238551,175,mRNA
38676,14237948,14238314,366,mRNA
38677,14237757,14237882,125,mRNA
38678,14237575,14237701,126,mRNA
38679,14236839,14237504,665,mRNA
38680,14235787,14236775,988,mRNA
38681,14238916,14239121,205,CDS
38682,14238630,14238848,218,CDS
38683,14238376,14238551,175,CDS
38684,14237948,14238314,366,CDS
38685,14237757,14237882,125,CDS
38686,14237575,14237701,126,CDS
38687,14236839,14237504,665,CDS
38688,14236080,14236775,695,CDS
38689,14238916,14239121,205,CDS
38690,14238630,14238848,218,CDS
38691,14238376,14238551,175,CDS
38692,14237948,14238314,366,CDS
38693,14237757,14237882,125,CDS
38694,14237575,14237701,126,CDS
38695,14236839,14237504,665,CDS
38696,14236080,14236775,695,CDS
38697,14238916,14239121,205,CDS
38698,14238630,14238848,218,CDS
38699,14238376,14238551,175,CDS
38700,14237948,14238314,366,CDS
38701,14237757,14237882,125,CDS
38702,14237575,14237701,126,CDS
38703,14236839,14237504,665,CDS
38704,14236080,14236775,695,CDS
38705,14239932,14243655,3723,gene
38706,14239932,14240113,181,mRNA
38707,14240211,14240577,366,mRNA
38708,14240635,14241427,792,mRNA
38709,14241487,14242877,1390,mRNA
38710,14242966,14243655,689,mRNA
38711,14240030,14240113,83,CDS
38712,14240211,14240577,366,CDS
38713,14240635,14241427,792,CDS
38714,14241487,14242877,1390,CDS
38715,14242966,14243258,292,CDS
38716,14243778,14246066,2288,gene
38717,14243778,14244069,291,mRNA
38718,14244128,14244579,451,mRNA
38719,14244842,14245270,428,mRNA
38720,14245336,14245443,107,mRNA
38721,14245500,14245684,184,mRNA
38722,14245759,14246066,307,mRNA
38723,14243938,14244069,131,CDS
38724,14244128,14244579,451,CDS
38725,14244842,14245270,428,CDS
38726,14245336,14245443,107,CDS
38727,14245500,14245684,184,CDS
38728,14245759,14245994,235,CDS
38729,14246966,14252597,5631,gene
38730,14246966,14247185,219,mRNA
38731,14248000,14248225,225,mRNA
38732,14248295,14248578,283,mRNA
38733,14248756,14250715,1959,mRNA
38734,14250775,14251080,305,mRNA
38735,14251145,14251284,139,mRNA
38736,14251354,14251915,561,mRNA
38737,14251978,14252124,146,mRNA
38738,14252187,14252597,410,mRNA
38739,14247070,14247185,115,CDS
38740,14248000,14248225,225,CDS
38741,14248295,14248578,283,CDS
38742,14248756,14250715,1959,CDS
38743,14250775,14251080,305,CDS
38744,14251145,14251284,139,CDS
38745,14251354,14251915,561,CDS
38746,14251978,14252124,146,CDS
38747,14252187,14252387,200,CDS
38748,14252598,14256192,3594,gene
38749,14255834,14256192,358,mRNA
38750,14255669,14255715,46,mRNA
38751,14254829,14255407,578,mRNA
38752,14253553,14254657,1104,mRNA
38753,14253352,14253492,140,mRNA
38754,14252598,14253288,690,mRNA
38755,14255834,14256061,227,mRNA
38756,14255669,14255715,46,mRNA
38757,14254829,14255407,578,mRNA
38758,14253553,14254657,1104,mRNA
38759,14253352,14253492,140,mRNA
38760,14252598,14253288,690,mRNA
38761,14255834,14255923,89,CDS
38762,14255669,14255715,46,CDS
38763,14254829,14255407,578,CDS
38764,14253553,14254657,1104,CDS
38765,14253352,14253492,140,CDS
38766,14253190,14253288,98,CDS
38767,14255834,14255923,89,CDS
38768,14255669,14255715,46,CDS
38769,14254829,14255407,578,CDS
38770,14253553,14254657,1104,CDS
38771,14253352,14253492,140,CDS
38772,14253190,14253288,98,CDS
38773,14256493,14258787,2294,gene
38774,14256493,14256721,228,mRNA
38775,14256787,14257363,576,mRNA
38776,14257421,14257718,297,mRNA
38777,14257772,14257888,116,mRNA
38778,14257946,14258369,423,mRNA
38779,14258432,14258787,355,mRNA
38780,14256647,14256721,74,CDS
38781,14256787,14257363,576,CDS
38782,14257421,14257718,297,CDS
38783,14257772,14257888,116,CDS
38784,14257946,14258369,423,CDS
38785,14258432,14258578,146,CDS
38786,14259030,14261150,2120,gene
38787,14259030,14259288,258,mRNA
38788,14259357,14259658,301,mRNA
38789,14259716,14260139,423,mRNA
38790,14260197,14260415,218,mRNA
38791,14260488,14261150,662,mRNA
38792,14259164,14259288,124,CDS
38793,14259357,14259658,301,CDS
38794,14259716,14260139,423,CDS
38795,14260197,14260415,218,CDS
38796,14260488,14260629,141,CDS
38797,14261206,14267919,6713,gene
38798,14267735,14267919,184,mRNA
38799,14264129,14264215,86,mRNA
38800,14263864,14264063,199,mRNA
38801,14263590,14263795,205,mRNA
38802,14262475,14263529,1054,mRNA
38803,14261980,14262171,191,mRNA
38804,14261206,14261920,714,mRNA
38805,14267699,14267919,220,mRNA
38806,14264129,14264215,86,mRNA
38807,14263864,14264063,199,mRNA
38808,14263590,14263795,205,mRNA
38809,14262475,14263529,1054,mRNA
38810,14261980,14262171,191,mRNA
38811,14261206,14261920,714,mRNA
38812,14267339,14267497,158,mRNA
38813,14264129,14264215,86,mRNA
38814,14263864,14264063,199,mRNA
38815,14263590,14263795,205,mRNA
38816,14262475,14263529,1054,mRNA
38817,14261980,14262171,191,mRNA
38818,14261206,14261920,714,mRNA
38819,14264129,14264197,68,CDS
38820,14263864,14264063,199,CDS
38821,14263590,14263795,205,CDS
38822,14262475,14263529,1054,CDS
38823,14261980,14262171,191,CDS
38824,14261786,14261920,134,CDS
38825,14264129,14264197,68,CDS
38826,14263864,14264063,199,CDS
38827,14263590,14263795,205,CDS
38828,14262475,14263529,1054,CDS
38829,14261980,14262171,191,CDS
38830,14261786,14261920,134,CDS
38831,14264129,14264197,68,CDS
38832,14263864,14264063,199,CDS
38833,14263590,14263795,205,CDS
38834,14262475,14263529,1054,CDS
38835,14261980,14262171,191,CDS
38836,14261786,14261920,134,CDS
38837,14268772,14270658,1886,gene
38838,14270541,14270658,117,mRNA
38839,14268772,14270174,1402,mRNA
38840,14268772,14270658,1886,mRNA
38841,14268966,14270162,1196,CDS
38842,14268966,14270162,1196,CDS
38843,14270729,14275495,4766,gene
38844,14270729,14271270,541,mRNA
38845,14271338,14271498,160,mRNA
38846,14271559,14271728,169,mRNA
38847,14271788,14272390,602,mRNA
38848,14272443,14273309,866,mRNA
38849,14273365,14273459,94,mRNA
38850,14273529,14274416,887,mRNA
38851,14274479,14275495,1016,mRNA
38852,14270970,14271270,300,mRNA
38853,14271338,14271498,160,mRNA
38854,14271559,14271728,169,mRNA
38855,14271788,14272390,602,mRNA
38856,14272443,14273309,866,mRNA
38857,14273365,14273459,94,mRNA
38858,14273529,14274416,887,mRNA
38859,14274479,14275038,559,mRNA
38860,14271170,14271270,100,CDS
38861,14271338,14271498,160,CDS
38862,14271559,14271728,169,CDS
38863,14271788,14272390,602,CDS
38864,14272443,14273309,866,CDS
38865,14273365,14273459,94,CDS
38866,14273529,14274416,887,CDS
38867,14274479,14274872,393,CDS
38868,14271170,14271270,100,CDS
38869,14271338,14271498,160,CDS
38870,14271559,14271728,169,CDS
38871,14271788,14272390,602,CDS
38872,14272443,14273309,866,CDS
38873,14273365,14273459,94,CDS
38874,14273529,14274416,887,CDS
38875,14274479,14274872,393,CDS
38876,14276130,14300095,23965,gene
38877,14276130,14279642,3512,mRNA
38878,14285702,14287483,1781,mRNA
38879,14291107,14291272,165,mRNA
38880,14291434,14291672,238,mRNA
38881,14291752,14291915,163,mRNA
38882,14292046,14292182,136,mRNA
38883,14292244,14292381,137,mRNA
38884,14296701,14296850,149,mRNA
38885,14296916,14296992,76,mRNA
38886,14297139,14297450,311,mRNA
38887,14297594,14297688,94,mRNA
38888,14297747,14297835,88,mRNA
38889,14297897,14298213,316,mRNA
38890,14298375,14300095,1720,mRNA
38891,14276130,14276526,396,mRNA
38892,14277281,14279642,2361,mRNA
38893,14285702,14287483,1781,mRNA
38894,14291107,14291272,165,mRNA
38895,14291434,14291672,238,mRNA
38896,14291752,14291915,163,mRNA
38897,14292046,14292182,136,mRNA
38898,14292229,14292381,152,mRNA
38899,14294093,14294188,95,mRNA
38900,14296701,14296850,149,mRNA
38901,14296916,14296992,76,mRNA
38902,14297139,14297450,311,mRNA
38903,14297594,14297688,94,mRNA
38904,14297747,14297835,88,mRNA
38905,14297897,14298213,316,mRNA
38906,14298375,14300095,1720,mRNA
38907,14276130,14276526,396,mRNA
38908,14277281,14279642,2361,mRNA
38909,14285702,14287483,1781,mRNA
38910,14291107,14291272,165,mRNA
38911,14291434,14291672,238,mRNA
38912,14291752,14291915,163,mRNA
38913,14292046,14292182,136,mRNA
38914,14292229,14292381,152,mRNA
38915,14296701,14296850,149,mRNA
38916,14296916,14296992,76,mRNA
38917,14297139,14297450,311,mRNA
38918,14297594,14297688,94,mRNA
38919,14297747,14297835,88,mRNA
38920,14297897,14298213,316,mRNA
38921,14298375,14298895,520,mRNA
38922,14276130,14276526,396,mRNA
38923,14277281,14279642,2361,mRNA
38924,14285702,14287483,1781,mRNA
38925,14291107,14291272,165,mRNA
38926,14291434,14291672,238,mRNA
38927,14291752,14291915,163,mRNA
38928,14292046,14292182,136,mRNA
38929,14292244,14292381,137,mRNA
38930,14294093,14294188,95,mRNA
38931,14296701,14296850,149,mRNA
38932,14296916,14296992,76,mRNA
38933,14297139,14297450,311,mRNA
38934,14297594,14297688,94,mRNA
38935,14297747,14297835,88,mRNA
38936,14297897,14298213,316,mRNA
38937,14298375,14298895,520,mRNA
38938,14276130,14276406,276,mRNA
38939,14277281,14279642,2361,mRNA
38940,14281395,14281556,161,mRNA
38941,14285702,14287483,1781,mRNA
38942,14291107,14291272,165,mRNA
38943,14291434,14291672,238,mRNA
38944,14291752,14291915,163,mRNA
38945,14292046,14292182,136,mRNA
38946,14292244,14292381,137,mRNA
38947,14296701,14296850,149,mRNA
38948,14296916,14296992,76,mRNA
38949,14297139,14297450,311,mRNA
38950,14297594,14297688,94,mRNA
38951,14297747,14297835,88,mRNA
38952,14297897,14298213,316,mRNA
38953,14298375,14298895,520,mRNA
38954,14276130,14276526,396,mRNA
38955,14277281,14279642,2361,mRNA
38956,14285702,14287483,1781,mRNA
38957,14291107,14291272,165,mRNA
38958,14291434,14291672,238,mRNA
38959,14291752,14291915,163,mRNA
38960,14292046,14292182,136,mRNA
38961,14292229,14293019,790,mRNA
38962,14279572,14279642,70,CDS
38963,14285702,14287483,1781,CDS
38964,14291107,14291272,165,CDS
38965,14291434,14291672,238,CDS
38966,14291752,14291915,163,CDS
38967,14292046,14292182,136,CDS
38968,14292229,14292381,152,CDS
38969,14294093,14294188,95,CDS
38970,14296701,14296850,149,CDS
38971,14296916,14296992,76,CDS
38972,14297139,14297450,311,CDS
38973,14297594,14297688,94,CDS
38974,14297747,14297835,88,CDS
38975,14297897,14298213,316,CDS
38976,14298375,14298510,135,CDS
38977,14279572,14279642,70,CDS
38978,14285702,14287483,1781,CDS
38979,14291107,14291272,165,CDS
38980,14291434,14291672,238,CDS
38981,14291752,14291915,163,CDS
38982,14292046,14292182,136,CDS
38983,14292229,14292381,152,CDS
38984,14296701,14296850,149,CDS
38985,14296916,14296992,76,CDS
38986,14297139,14297450,311,CDS
38987,14297594,14297688,94,CDS
38988,14297747,14297835,88,CDS
38989,14297897,14298213,316,CDS
38990,14298375,14298510,135,CDS
38991,14279572,14279642,70,CDS
38992,14285702,14287483,1781,CDS
38993,14291107,14291272,165,CDS
38994,14291434,14291672,238,CDS
38995,14291752,14291915,163,CDS
38996,14292046,14292182,136,CDS
38997,14292244,14292381,137,CDS
38998,14294093,14294188,95,CDS
38999,14296701,14296850,149,CDS
39000,14296916,14296992,76,CDS
39001,14297139,14297450,311,CDS
39002,14297594,14297688,94,CDS
39003,14297747,14297835,88,CDS
39004,14297897,14298213,316,CDS
39005,14298375,14298510,135,CDS
39006,14279572,14279642,70,CDS
39007,14285702,14287483,1781,CDS
39008,14291107,14291272,165,CDS
39009,14291434,14291672,238,CDS
39010,14291752,14291915,163,CDS
39011,14292046,14292182,136,CDS
39012,14292244,14292381,137,CDS
39013,14296701,14296850,149,CDS
39014,14296916,14296992,76,CDS
39015,14297139,14297450,311,CDS
39016,14297594,14297688,94,CDS
39017,14297747,14297835,88,CDS
39018,14297897,14298213,316,CDS
39019,14298375,14298510,135,CDS
39020,14279572,14279642,70,CDS
39021,14285702,14287483,1781,CDS
39022,14291107,14291272,165,CDS
39023,14291434,14291672,238,CDS
39024,14291752,14291915,163,CDS
39025,14292046,14292182,136,CDS
39026,14292229,14292423,194,CDS
39027,14288137,14288255,118,mRNA
39028,14291107,14291272,165,mRNA
39029,14291434,14291672,238,mRNA
39030,14291752,14291915,163,mRNA
39031,14292046,14292182,136,mRNA
39032,14292244,14292381,137,mRNA
39033,14296701,14296850,149,mRNA
39034,14296916,14296992,76,mRNA
39035,14297139,14297450,311,mRNA
39036,14297594,14297688,94,mRNA
39037,14297747,14297835,88,mRNA
39038,14297897,14298213,316,mRNA
39039,14298375,14298895,520,mRNA
39040,14288137,14288255,118,mRNA
39041,14291107,14291272,165,mRNA
39042,14291434,14291672,238,mRNA
39043,14291752,14291915,163,mRNA
39044,14292046,14292182,136,mRNA
39045,14292229,14295555,3326,mRNA
39046,14289194,14289273,79,mRNA
39047,14291107,14291272,165,mRNA
39048,14291434,14291672,238,mRNA
39049,14291752,14291915,163,mRNA
39050,14292046,14292182,136,mRNA
39051,14292244,14292381,137,mRNA
39052,14296701,14296850,149,mRNA
39053,14296916,14296992,76,mRNA
39054,14297139,14297450,311,mRNA
39055,14297594,14297688,94,mRNA
39056,14297747,14297835,88,mRNA
39057,14297897,14298213,316,mRNA
39058,14298375,14298895,520,mRNA
39059,14289539,14289659,120,mRNA
39060,14291107,14291272,165,mRNA
39061,14291434,14291672,238,mRNA
39062,14291752,14291915,163,mRNA
39063,14292046,14292182,136,mRNA
39064,14292244,14292381,137,mRNA
39065,14296701,14296850,149,mRNA
39066,14296916,14296992,76,mRNA
39067,14297139,14297450,311,mRNA
39068,14297594,14297688,94,mRNA
39069,14297747,14297835,88,mRNA
39070,14297897,14298213,316,mRNA
39071,14298375,14298895,520,mRNA
39072,14291270,14291272,2,CDS
39073,14291434,14291672,238,CDS
39074,14291752,14291915,163,CDS
39075,14292046,14292182,136,CDS
39076,14292244,14292381,137,CDS
39077,14296701,14296850,149,CDS
39078,14296916,14296992,76,CDS
39079,14297139,14297450,311,CDS
39080,14297594,14297688,94,CDS
39081,14297747,14297835,88,CDS
39082,14297897,14298213,316,CDS
39083,14298375,14298510,135,CDS
39084,14291270,14291272,2,CDS
39085,14291434,14291672,238,CDS
39086,14291752,14291915,163,CDS
39087,14292046,14292182,136,CDS
39088,14292244,14292381,137,CDS
39089,14296701,14296850,149,CDS
39090,14296916,14296992,76,CDS
39091,14297139,14297450,311,CDS
39092,14297594,14297688,94,CDS
39093,14297747,14297835,88,CDS
39094,14297897,14298213,316,CDS
39095,14298375,14298510,135,CDS
39096,14291270,14291272,2,CDS
39097,14291434,14291672,238,CDS
39098,14291752,14291915,163,CDS
39099,14292046,14292182,136,CDS
39100,14292244,14292381,137,CDS
39101,14296701,14296850,149,CDS
39102,14296916,14296992,76,CDS
39103,14297139,14297450,311,CDS
39104,14297594,14297688,94,CDS
39105,14297747,14297835,88,CDS
39106,14297897,14298213,316,CDS
39107,14298375,14298510,135,CDS
39108,14291270,14291272,2,CDS
39109,14291434,14291672,238,CDS
39110,14291752,14291915,163,CDS
39111,14292046,14292182,136,CDS
39112,14292244,14292381,137,CDS
39113,14296701,14296850,149,CDS
39114,14296916,14296992,76,CDS
39115,14297139,14297450,311,CDS
39116,14297594,14297688,94,CDS
39117,14297747,14297835,88,CDS
39118,14297897,14298213,316,CDS
39119,14298375,14298510,135,CDS
39120,14291270,14291272,2,CDS
39121,14291434,14291672,238,CDS
39122,14291752,14291915,163,CDS
39123,14292046,14292182,136,CDS
39124,14292229,14292423,194,CDS
39125,14291290,14291672,382,mRNA
39126,14291752,14291915,163,mRNA
39127,14292046,14292182,136,mRNA
39128,14292244,14292381,137,mRNA
39129,14296701,14296850,149,mRNA
39130,14296916,14296992,76,mRNA
39131,14297139,14297450,311,mRNA
39132,14297594,14297688,94,mRNA
39133,14297747,14297835,88,mRNA
39134,14297897,14298213,316,mRNA
39135,14298375,14298895,520,mRNA
39136,14291482,14291672,190,CDS
39137,14291752,14291915,163,CDS
39138,14292046,14292182,136,CDS
39139,14292244,14292381,137,CDS
39140,14296701,14296850,149,CDS
39141,14296916,14296992,76,CDS
39142,14297139,14297450,311,CDS
39143,14297594,14297688,94,CDS
39144,14297747,14297835,88,CDS
39145,14297897,14298213,316,CDS
39146,14298375,14298510,135,CDS
39147,14300103,14302353,2250,gene
39148,14302054,14302353,299,mRNA
39149,14301675,14301995,320,mRNA
39150,14301120,14301605,485,mRNA
39151,14300857,14301059,202,mRNA
39152,14300425,14300791,366,mRNA
39153,14300103,14300367,264,mRNA
39154,14302054,14302245,191,CDS
39155,14301675,14301995,320,CDS
39156,14301120,14301605,485,CDS
39157,14300857,14301059,202,CDS
39158,14300425,14300791,366,CDS
39159,14300257,14300367,110,CDS
39160,14308142,14351802,43660,gene
39161,14308142,14308293,151,mRNA
39162,14315034,14315533,499,mRNA
39163,14325850,14326085,235,mRNA
39164,14326808,14327172,364,mRNA
39165,14327717,14328479,762,mRNA
39166,14328552,14329548,996,mRNA
39167,14329633,14329814,181,mRNA
39168,14349392,14350847,1455,mRNA
39169,14350911,14351168,257,mRNA
39170,14351237,14351802,565,mRNA
39171,14308142,14308293,151,mRNA
39172,14315237,14315533,296,mRNA
39173,14325850,14326085,235,mRNA
39174,14326808,14327172,364,mRNA
39175,14327717,14328479,762,mRNA
39176,14328552,14329548,996,mRNA
39177,14329633,14329814,181,mRNA
39178,14349392,14350847,1455,mRNA
39179,14350911,14351168,257,mRNA
39180,14351237,14351802,565,mRNA
39181,14315324,14315533,209,CDS
39182,14325850,14326085,235,CDS
39183,14326808,14327172,364,CDS
39184,14327717,14328479,762,CDS
39185,14328552,14329548,996,CDS
39186,14329633,14329814,181,CDS
39187,14349392,14350847,1455,CDS
39188,14350911,14351168,257,CDS
39189,14351237,14351500,263,CDS
39190,14315324,14315533,209,CDS
39191,14325850,14326085,235,CDS
39192,14326808,14327172,364,CDS
39193,14327717,14328479,762,CDS
39194,14328552,14329548,996,CDS
39195,14329633,14329814,181,CDS
39196,14349392,14350847,1455,CDS
39197,14350911,14351168,257,CDS
39198,14351237,14351500,263,CDS
39199,14332384,14332920,536,mRNA
39200,14349392,14350847,1455,mRNA
39201,14350911,14351168,257,mRNA
39202,14351237,14351802,565,mRNA
39203,14332889,14332920,31,CDS
39204,14349392,14350847,1455,CDS
39205,14350911,14351168,257,CDS
39206,14351237,14351500,263,CDS
39207,14342062,14342256,194,mRNA
39208,14349392,14350847,1455,mRNA
39209,14350911,14351168,257,mRNA
39210,14351237,14351802,565,mRNA
39211,14342225,14342256,31,CDS
39212,14349392,14350847,1455,CDS
39213,14350911,14351168,257,CDS
39214,14351237,14351500,263,CDS
39215,14352231,14355674,3443,gene
39216,14352231,14352533,302,mRNA
39217,14352595,14352732,137,mRNA
39218,14353012,14354478,1466,mRNA
39219,14354536,14354741,205,mRNA
39220,14354805,14355674,869,mRNA
39221,14352382,14352533,151,CDS
39222,14352595,14352732,137,CDS
39223,14353012,14354478,1466,CDS
39224,14354536,14354741,205,CDS
39225,14354805,14355268,463,CDS
39226,14355769,14357281,1512,gene
39227,14357136,14357281,145,mRNA
39228,14355769,14356950,1181,mRNA
39229,14357136,14357198,62,CDS
39230,14356171,14356950,779,CDS
39231,14357927,14360297,2370,gene
39232,14357927,14360297,2370,mRNA
39233,14359436,14360200,764,CDS
39234,14360433,14361780,1347,gene
39235,14360433,14361780,1347,exon
39236,14361924,14362825,901,gene
39237,14361924,14362825,901,mRNA
39238,14362040,14362621,581,CDS
39239,14363048,14365473,2425,gene
39240,14363048,14363078,30,mRNA
39241,14363245,14363513,268,mRNA
39242,14363576,14363914,338,mRNA
39243,14363973,14364935,962,mRNA
39244,14364996,14365171,175,mRNA
39245,14365227,14365473,246,mRNA
39246,14363048,14363078,30,mRNA
39247,14363252,14363513,261,mRNA
39248,14363576,14363914,338,mRNA
39249,14363973,14364935,962,mRNA
39250,14364996,14365171,175,mRNA
39251,14365227,14365473,246,mRNA
39252,14363094,14363513,419,mRNA
39253,14363576,14363914,338,mRNA
39254,14363973,14364935,962,mRNA
39255,14364996,14365171,175,mRNA
39256,14365227,14365473,246,mRNA
39257,14363094,14363121,27,mRNA
39258,14363245,14363513,268,mRNA
39259,14363576,14363914,338,mRNA
39260,14363973,14364935,962,mRNA
39261,14364996,14365171,175,mRNA
39262,14365227,14365473,246,mRNA
39263,14363360,14363513,153,CDS
39264,14363576,14363914,338,CDS
39265,14363973,14364935,962,CDS
39266,14364996,14365171,175,CDS
39267,14365227,14365352,125,CDS
39268,14363360,14363513,153,CDS
39269,14363576,14363914,338,CDS
39270,14363973,14364935,962,CDS
39271,14364996,14365171,175,CDS
39272,14365227,14365352,125,CDS
39273,14363360,14363513,153,CDS
39274,14363576,14363914,338,CDS
39275,14363973,14364935,962,CDS
39276,14364996,14365171,175,CDS
39277,14365227,14365352,125,CDS
39278,14363360,14363513,153,CDS
39279,14363576,14363914,338,CDS
39280,14363973,14364935,962,CDS
39281,14364996,14365171,175,CDS
39282,14365227,14365352,125,CDS
39283,14365656,14366658,1002,gene
39284,14365656,14365785,129,mRNA
39285,14365845,14365961,116,mRNA
39286,14366016,14366188,172,mRNA
39287,14366242,14366352,110,mRNA
39288,14366475,14366658,183,mRNA
39289,14365696,14365785,89,CDS
39290,14365845,14365961,116,CDS
39291,14366016,14366188,172,CDS
39292,14366242,14366352,110,CDS
39293,14366475,14366658,183,CDS
39294,14366798,14367874,1076,gene
39295,14366798,14366980,182,mRNA
39296,14367041,14367157,116,mRNA
39297,14367226,14367446,220,mRNA
39298,14367502,14367612,110,mRNA
39299,14367676,14367874,198,mRNA
39300,14366873,14366980,107,CDS
39301,14367041,14367157,116,CDS
39302,14367226,14367446,220,CDS
39303,14367502,14367612,110,CDS
39304,14367676,14367856,180,CDS
39305,14367979,14369067,1088,gene
39306,14367979,14368132,153,mRNA
39307,14368190,14368303,113,mRNA
39308,14368440,14368660,220,mRNA
39309,14368714,14368824,110,mRNA
39310,14368878,14369067,189,mRNA
39311,14368031,14368132,101,CDS
39312,14368190,14368303,113,CDS
39313,14368440,14368660,220,CDS
39314,14368714,14368824,110,CDS
39315,14368878,14369049,171,CDS
39316,14369217,14370326,1109,gene
39317,14369217,14369337,120,mRNA
39318,14369404,14369520,116,mRNA
39319,14369585,14369988,403,mRNA
39320,14370049,14370326,277,mRNA
39321,14369242,14369337,95,CDS
39322,14369404,14369520,116,CDS
39323,14369585,14369988,403,CDS
39324,14370049,14370319,270,CDS
39325,14370331,14371116,785,gene
39326,14370929,14371116,187,mRNA
39327,14370787,14370870,83,mRNA
39328,14370331,14370729,398,mRNA
39329,14370929,14371116,187,mRNA
39330,14370331,14370870,539,mRNA
39331,14370929,14371024,95,CDS
39332,14370787,14370870,83,CDS
39333,14370364,14370729,365,CDS
39334,14370929,14371024,95,CDS
39335,14370364,14370870,506,CDS
39336,14371186,14373006,1820,gene
39337,14371186,14373006,1820,gene
39338,14371186,14371449,263,mRNA
39339,14371504,14372393,889,mRNA
39340,14372457,14372555,98,mRNA
39341,14372612,14373006,394,mRNA
39342,14371186,14371449,263,mRNA
39343,14371504,14372393,889,mRNA
39344,14372457,14372555,98,mRNA
39345,14372612,14373006,394,mRNA
39346,14371249,14371449,200,CDS
39347,14371504,14372019,515,CDS
39348,14372298,14372393,95,CDS
39349,14372457,14372555,98,CDS
39350,14372612,14372974,362,CDS
39351,14373108,14373808,700,gene
39352,14373108,14373210,102,mRNA
39353,14373266,14373361,95,mRNA
39354,14373421,14373808,387,mRNA
39355,14373124,14373210,86,CDS
39356,14373266,14373361,95,CDS
39357,14373421,14373759,338,CDS
39358,14373829,14374395,566,gene
39359,14374250,14374395,145,mRNA
39360,14374014,14374191,177,mRNA
39361,14373829,14373954,125,mRNA
39362,14374250,14374333,83,CDS
39363,14374014,14374191,177,CDS
39364,14373836,14373954,118,CDS
39365,14374462,14375385,923,gene
39366,14375233,14375385,152,mRNA
39367,14375060,14375179,119,mRNA
39368,14374844,14375000,156,mRNA
39369,14374462,14374786,324,mRNA
39370,14375233,14375331,98,CDS
39371,14375060,14375179,119,CDS
39372,14374844,14375000,156,CDS
39373,14374572,14374786,214,CDS
39374,14375921,14376677,756,gene
39375,14375921,14375944,23,mRNA
39376,14375999,14376677,678,mRNA
39377,14376019,14376606,587,CDS
39378,14378097,14385359,7262,gene
39379,14378097,14378665,568,mRNA
39380,14382173,14382470,297,mRNA
39381,14382695,14382893,198,mRNA
39382,14383010,14383103,93,mRNA
39383,14383249,14383423,174,mRNA
39384,14383482,14383555,73,mRNA
39385,14383623,14383733,110,mRNA
39386,14383962,14384150,188,mRNA
39387,14384218,14384333,115,mRNA
39388,14384582,14384638,56,mRNA
39389,14384702,14384909,207,mRNA
39390,14384975,14385359,384,mRNA
39391,14382206,14382470,264,CDS
39392,14382695,14382893,198,CDS
39393,14383010,14383103,93,CDS
39394,14383249,14383423,174,CDS
39395,14383482,14383555,73,CDS
39396,14383623,14383733,110,CDS
39397,14383962,14384150,188,CDS
39398,14384218,14384333,115,CDS
39399,14384582,14384638,56,CDS
39400,14384702,14384909,207,CDS
39401,14384975,14385001,26,CDS
39402,14390696,14392209,1513,gene
39403,14390696,14392209,1513,mRNA
39404,14390800,14392014,1214,CDS
39405,14392308,14392356,48,mobile_element
39406,14394287,14399007,4720,mobile_element
39407,14408453,14408960,507,gene
39408,14408453,14408960,507,ncRNA
39409,14409295,14411572,2277,gene
39410,14411343,14411572,229,mRNA
39411,14410725,14411284,559,mRNA
39412,14409801,14410418,617,mRNA
39413,14409295,14409739,444,mRNA
39414,14411343,14411572,229,mRNA
39415,14410725,14411284,559,mRNA
39416,14410017,14410418,401,mRNA
39417,14411343,14411411,68,CDS
39418,14410725,14411284,559,CDS
39419,14410211,14410418,207,CDS
39420,14411343,14411411,68,CDS
39421,14410725,14411284,559,CDS
39422,14410211,14410418,207,CDS
39423,14411825,14413851,2026,gene
39424,14411825,14413851,2026,mRNA
39425,14411907,14413616,1709,CDS
39426,14420324,14424764,4440,gene
39427,14420324,14424764,4440,mRNA
39428,14420324,14424594,4270,mRNA
39429,14421039,14423642,2603,CDS
39430,14421039,14423642,2603,CDS
39431,14427336,14432337,5001,gene
39432,14431908,14432337,429,mRNA
39433,14427336,14428744,1408,mRNA
39434,14431908,14432093,185,CDS
39435,14427728,14428744,1016,CDS
39436,14433430,14433895,465,gene
39437,14433430,14433895,465,ncRNA
39438,14435899,14465881,29982,gene
39439,14435899,14436160,261,mRNA
39440,14442258,14442593,335,mRNA
39441,14449403,14449531,128,mRNA
39442,14460044,14460471,427,mRNA
39443,14461964,14462106,142,mRNA
39444,14462183,14465881,3698,mRNA
39445,14436118,14436160,42,CDS
39446,14442258,14442593,335,CDS
39447,14449403,14449531,128,CDS
39448,14460044,14460471,427,CDS
39449,14461964,14462106,142,CDS
39450,14462183,14465204,3021,CDS
39451,14458483,14458829,346,mRNA
39452,14460044,14460471,427,mRNA
39453,14461964,14462106,142,mRNA
39454,14462183,14465881,3698,mRNA
39455,14458736,14458829,93,CDS
39456,14460044,14460471,427,CDS
39457,14461964,14462106,142,CDS
39458,14462183,14465204,3021,CDS
39459,14467349,14476442,9093,mobile_element
39460,14476391,14477895,1504,gene
39461,14476391,14476744,353,ncRNA
39462,14477630,14477895,265,ncRNA
39463,14481187,14497312,16125,gene
39464,14481187,14481790,603,mRNA
39465,14495152,14496340,1188,mRNA
39466,14496407,14496579,172,mRNA
39467,14496647,14497312,665,mRNA
39468,14481581,14481790,209,CDS
39469,14495152,14496340,1188,CDS
39470,14496407,14496579,172,CDS
39471,14496647,14496763,116,CDS
39472,14497347,14503488,6141,gene
39473,14502531,14503488,957,mRNA
39474,14501898,14502461,563,mRNA
39475,14501354,14501839,485,mRNA
39476,14498558,14501296,2738,mRNA
39477,14497347,14497444,97,mRNA
39478,14497444,14498549,1105,mobile_element
39479,14502636,14503488,852,mRNA
39480,14501898,14502461,563,mRNA
39481,14501354,14501839,485,mRNA
39482,14498696,14501296,2600,mRNA
39483,14502636,14503364,728,CDS
39484,14501898,14502461,563,CDS
39485,14501354,14501839,485,CDS
39486,14498813,14501296,2483,CDS
39487,14502531,14503364,833,CDS
39488,14501898,14502461,563,CDS
39489,14501354,14501839,485,CDS
39490,14498813,14501296,2483,CDS
39491,14503958,14512493,8535,gene
39492,14503958,14504570,612,mRNA
39493,14505168,14505482,314,mRNA
39494,14505551,14506481,930,mRNA
39495,14506542,14507145,603,mRNA
39496,14507257,14507349,92,mRNA
39497,14507540,14508312,772,mRNA
39498,14508386,14509783,1397,mRNA
39499,14509840,14510160,320,mRNA
39500,14510223,14510494,271,mRNA
39501,14511005,14512493,1488,mRNA
39502,14503958,14504369,411,mRNA
39503,14505168,14505482,314,mRNA
39504,14505551,14506481,930,mRNA
39505,14506542,14507145,603,mRNA
39506,14507257,14507349,92,mRNA
39507,14507416,14507481,65,mRNA
39508,14507540,14508312,772,mRNA
39509,14508386,14509783,1397,mRNA
39510,14509840,14510160,320,mRNA
39511,14510223,14510463,240,mRNA
39512,14511005,14512493,1488,mRNA
39513,14504227,14504369,142,mRNA
39514,14505168,14505482,314,mRNA
39515,14505551,14506481,930,mRNA
39516,14506542,14507145,603,mRNA
39517,14507257,14507349,92,mRNA
39518,14507413,14507481,68,mRNA
39519,14507540,14508312,772,mRNA
39520,14508386,14509783,1397,mRNA
39521,14509840,14510160,320,mRNA
39522,14510223,14510463,240,mRNA
39523,14511005,14512493,1488,mRNA
39524,14505085,14505482,397,mRNA
39525,14505551,14506481,930,mRNA
39526,14506542,14507145,603,mRNA
39527,14507257,14507349,92,mRNA
39528,14507416,14507481,65,mRNA
39529,14507540,14508312,772,mRNA
39530,14508386,14509783,1397,mRNA
39531,14509840,14510160,320,mRNA
39532,14510223,14510700,477,mRNA
39533,14505247,14505482,235,CDS
39534,14505551,14506481,930,CDS
39535,14506542,14507145,603,CDS
39536,14507257,14507349,92,CDS
39537,14507413,14507481,68,CDS
39538,14507540,14508312,772,CDS
39539,14508386,14509783,1397,CDS
39540,14509840,14510160,320,CDS
39541,14510223,14510463,240,CDS
39542,14511005,14511351,346,CDS
39543,14505247,14505482,235,CDS
39544,14505551,14506481,930,CDS
39545,14506542,14507145,603,CDS
39546,14507257,14507349,92,CDS
39547,14507416,14507481,65,CDS
39548,14507540,14508312,772,CDS
39549,14508386,14509783,1397,CDS
39550,14509840,14510160,320,CDS
39551,14510223,14510463,240,CDS
39552,14511005,14511351,346,CDS
39553,14505247,14505482,235,CDS
39554,14505551,14506481,930,CDS
39555,14506542,14507145,603,CDS
39556,14507257,14507349,92,CDS
39557,14507416,14507481,65,CDS
39558,14507540,14508312,772,CDS
39559,14508386,14509783,1397,CDS
39560,14509840,14510160,320,CDS
39561,14510223,14510483,260,CDS
39562,14505247,14505482,235,CDS
39563,14505551,14506481,930,CDS
39564,14506542,14507145,603,CDS
39565,14507257,14507349,92,CDS
39566,14507540,14508312,772,CDS
39567,14508386,14509783,1397,CDS
39568,14509840,14510160,320,CDS
39569,14510223,14510483,260,CDS
39570,14512559,14515211,2652,gene
39571,14515069,14515211,142,mRNA
39572,14512559,14513066,507,mRNA
39573,14515069,14515128,59,CDS
39574,14512692,14513066,374,CDS
39575,14514030,14514992,962,gene
39576,14514030,14514084,54,mRNA
39577,14514153,14514215,62,mRNA
39578,14514283,14514456,173,mRNA
39579,14514804,14514992,188,mRNA
39580,14514081,14514084,3,CDS
39581,14514153,14514215,62,CDS
39582,14514283,14514456,173,CDS
39583,14514804,14514904,100,CDS
39584,14526267,14587917,61650,gene
39585,14526267,14527991,1724,mRNA
39586,14552912,14553064,152,mRNA
39587,14563011,14563085,74,mRNA
39588,14563259,14563385,126,mRNA
39589,14564954,14565073,119,mRNA
39590,14582920,14583023,103,mRNA
39591,14583096,14583246,150,mRNA
39592,14583305,14583631,326,mRNA
39593,14583694,14584010,316,mRNA
39594,14584118,14587917,3799,mRNA
39595,14526576,14527991,1415,mRNA
39596,14552912,14553064,152,mRNA
39597,14563011,14563085,74,mRNA
39598,14563259,14563385,126,mRNA
39599,14564954,14565073,119,mRNA
39600,14582920,14583023,103,mRNA
39601,14583096,14583246,150,mRNA
39602,14583305,14583631,326,mRNA
39603,14583694,14584010,316,mRNA
39604,14584118,14585321,1203,mRNA
39605,14526576,14527991,1415,mRNA
39606,14552912,14553064,152,mRNA
39607,14563011,14563085,74,mRNA
39608,14563259,14563385,126,mRNA
39609,14564954,14565073,119,mRNA
39610,14582920,14583023,103,mRNA
39611,14583096,14583246,150,mRNA
39612,14583305,14583631,326,mRNA
39613,14583694,14584010,316,mRNA
39614,14584118,14585321,1203,mRNA
39615,14527192,14527991,799,CDS
39616,14552912,14553064,152,CDS
39617,14563011,14563085,74,CDS
39618,14563259,14563385,126,CDS
39619,14564954,14565073,119,CDS
39620,14582920,14583023,103,CDS
39621,14583096,14583246,150,CDS
39622,14583305,14583631,326,CDS
39623,14583694,14584010,316,CDS
39624,14584118,14584262,144,CDS
39625,14527192,14527991,799,CDS
39626,14552912,14553064,152,CDS
39627,14563011,14563085,74,CDS
39628,14563259,14563385,126,CDS
39629,14564954,14565073,119,CDS
39630,14582920,14583023,103,CDS
39631,14583096,14583246,150,CDS
39632,14583305,14583631,326,CDS
39633,14583694,14584010,316,CDS
39634,14584118,14584226,108,CDS
39635,14527192,14527991,799,CDS
39636,14552912,14553064,152,CDS
39637,14563011,14563085,74,CDS
39638,14563259,14563385,126,CDS
39639,14564954,14565073,119,CDS
39640,14582920,14583023,103,CDS
39641,14583096,14583246,150,CDS
39642,14583305,14583631,326,CDS
39643,14583694,14584010,316,CDS
39644,14584118,14584226,108,CDS
39645,14537144,14537202,58,mobile_element
39646,14544150,14546372,2222,gene
39647,14546244,14546372,128,mRNA
39648,14546063,14546136,73,mRNA
39649,14544150,14545775,1625,mRNA
39650,14544437,14545759,1322,CDS
39651,14553765,14554309,544,gene
39652,14554045,14554309,264,mRNA
39653,14553765,14553973,208,mRNA
39654,14554045,14554309,264,CDS
39655,14553765,14553973,208,CDS
39656,14563881,14564008,127,mRNA
39657,14564954,14565073,119,mRNA
39658,14582920,14583023,103,mRNA
39659,14583096,14583246,150,mRNA
39660,14583305,14583631,326,mRNA
39661,14583694,14584010,316,mRNA
39662,14584118,14585321,1203,mRNA
39663,14570810,14575771,4961,gene
39664,14575225,14575771,546,mRNA
39665,14572253,14572847,594,mRNA
39666,14571460,14572182,722,mRNA
39667,14570810,14571311,501,mRNA
39668,14575225,14575771,546,mRNA
39669,14572253,14572847,594,mRNA
39670,14571377,14572182,805,mRNA
39671,14570810,14571311,501,mRNA
39672,14575225,14575625,400,CDS
39673,14572253,14572847,594,CDS
39674,14571460,14572182,722,CDS
39675,14571165,14571311,146,CDS
39676,14575225,14575625,400,CDS
39677,14572253,14572847,594,CDS
39678,14571377,14572182,805,CDS
39679,14571191,14571311,120,CDS
39680,14583100,14583246,146,CDS
39681,14583305,14583631,326,CDS
39682,14583694,14584010,316,CDS
39683,14584118,14584226,108,CDS
39684,14591203,14595617,4414,gene
39685,14591203,14591229,26,mRNA
39686,14592549,14592881,332,mRNA
39687,14592951,14593043,92,mRNA
39688,14593214,14595617,2403,mRNA
39689,14592002,14592077,75,mRNA
39690,14592143,14592881,738,mRNA
39691,14592951,14593043,92,mRNA
39692,14593214,14595617,2403,mRNA
39693,14592545,14592881,336,mRNA
39694,14592951,14593043,92,mRNA
39695,14593214,14595617,2403,mRNA
39696,14592762,14592881,119,CDS
39697,14592951,14593043,92,CDS
39698,14593214,14595058,1844,CDS
39699,14592762,14592881,119,CDS
39700,14592951,14593043,92,CDS
39701,14593214,14595058,1844,CDS
39702,14592762,14592881,119,CDS
39703,14592951,14593043,92,CDS
39704,14593214,14595058,1844,CDS
39705,14595611,14601216,5605,gene
39706,14600776,14601216,440,mRNA
39707,14600355,14600718,363,mRNA
39708,14598933,14600298,1365,mRNA
39709,14598380,14598873,493,mRNA
39710,14598039,14598324,285,mRNA
39711,14597045,14597972,927,mRNA
39712,14596782,14596986,204,mRNA
39713,14596604,14596721,117,mRNA
39714,14596444,14596543,99,mRNA
39715,14595611,14596386,775,mRNA
39716,14600776,14601118,342,CDS
39717,14600355,14600718,363,CDS
39718,14598933,14600298,1365,CDS
39719,14598380,14598873,493,CDS
39720,14598039,14598324,285,CDS
39721,14597045,14597972,927,CDS
39722,14596782,14596986,204,CDS
39723,14596604,14596721,117,CDS
39724,14596444,14596543,99,CDS
39725,14595662,14596386,724,CDS
39726,14601278,14602010,732,gene
39727,14601278,14601403,125,mRNA
39728,14601462,14602010,548,mRNA
39729,14601343,14601403,60,CDS
39730,14601462,14601844,382,CDS
39731,14602004,14604337,2333,gene
39732,14604197,14604337,140,mRNA
39733,14603984,14604123,139,mRNA
39734,14603348,14603501,153,mRNA
39735,14603161,14603289,128,mRNA
39736,14602504,14602876,372,mRNA
39737,14602004,14602442,438,mRNA
39738,14604197,14604337,140,mRNA
39739,14603984,14604123,139,mRNA
39740,14603348,14603501,153,mRNA
39741,14603161,14603289,128,mRNA
39742,14602504,14602905,401,mRNA
39743,14602004,14602442,438,mRNA
39744,14604197,14604337,140,mRNA
39745,14603984,14604123,139,mRNA
39746,14603734,14603925,191,mRNA
39747,14603348,14603501,153,mRNA
39748,14603161,14603289,128,mRNA
39749,14602504,14602876,372,mRNA
39750,14602004,14602442,438,mRNA
39751,14604197,14604337,140,mRNA
39752,14603984,14604128,144,mRNA
39753,14603348,14603501,153,mRNA
39754,14603161,14603289,128,mRNA
39755,14602504,14602876,372,mRNA
39756,14602004,14602442,438,mRNA
39757,14604197,14604337,140,mRNA
39758,14603984,14604138,154,mRNA
39759,14603348,14603501,153,mRNA
39760,14603161,14603289,128,mRNA
39761,14602504,14602876,372,mRNA
39762,14602004,14602442,438,mRNA
39763,14603734,14603866,132,mRNA
39764,14603348,14603501,153,mRNA
39765,14603161,14603289,128,mRNA
39766,14602504,14602876,372,mRNA
39767,14602004,14602442,438,mRNA
39768,14603348,14603866,518,mRNA
39769,14603161,14603289,128,mRNA
39770,14602504,14602876,372,mRNA
39771,14602004,14602442,438,mRNA
39772,14603984,14604099,115,CDS
39773,14603348,14603501,153,CDS
39774,14603161,14603289,128,CDS
39775,14602504,14602876,372,CDS
39776,14602420,14602442,22,CDS
39777,14603984,14604099,115,CDS
39778,14603348,14603501,153,CDS
39779,14603161,14603289,128,CDS
39780,14602504,14602876,372,CDS
39781,14602420,14602442,22,CDS
39782,14603984,14604099,115,CDS
39783,14603348,14603501,153,CDS
39784,14603161,14603289,128,CDS
39785,14602504,14602876,372,CDS
39786,14602420,14602442,22,CDS
39787,14603734,14603735,1,CDS
39788,14603348,14603501,153,CDS
39789,14603161,14603289,128,CDS
39790,14602504,14602876,372,CDS
39791,14602420,14602442,22,CDS
39792,14603734,14603735,1,CDS
39793,14603348,14603501,153,CDS
39794,14603161,14603289,128,CDS
39795,14602504,14602876,372,CDS
39796,14602420,14602442,22,CDS
39797,14603348,14603362,14,CDS
39798,14603161,14603289,128,CDS
39799,14602504,14602876,372,CDS
39800,14602420,14602442,22,CDS
39801,14603984,14604099,115,CDS
39802,14603348,14603501,153,CDS
39803,14603161,14603289,128,CDS
39804,14602894,14602905,11,CDS
39805,14602986,14603124,138,gene
39806,14602986,14603124,138,ncRNA
39807,14604549,14605297,748,gene
39808,14605167,14605297,130,mRNA
39809,14604549,14605105,556,mRNA
39810,14605167,14605200,33,CDS
39811,14604636,14605105,469,CDS
39812,14605652,14606302,650,gene
39813,14606244,14606302,58,mRNA
39814,14605652,14606192,540,mRNA
39815,14605652,14606302,650,mRNA
39816,14605693,14606175,482,CDS
39817,14605693,14606175,482,CDS
39818,14606307,14606980,673,gene
39819,14606929,14606980,51,mRNA
39820,14606307,14606861,554,mRNA
39821,14606929,14606959,30,CDS
39822,14606374,14606861,487,CDS
39823,14607154,14618118,10964,gene
39824,14617818,14618118,300,mRNA
39825,14617428,14617745,317,mRNA
39826,14617046,14617360,314,mRNA
39827,14616843,14616986,143,mRNA
39828,14611620,14611691,71,mRNA
39829,14607898,14611484,3586,mRNA
39830,14607154,14607833,679,mRNA
39831,14617818,14618118,300,mRNA
39832,14617428,14617745,317,mRNA
39833,14617046,14617360,314,mRNA
39834,14616843,14616986,143,mRNA
39835,14616510,14616761,251,mRNA
39836,14611781,14616400,4619,mRNA
39837,14611620,14611691,71,mRNA
39838,14607898,14611484,3586,mRNA
39839,14607154,14607833,679,mRNA
39840,14617818,14617866,48,CDS
39841,14617428,14617745,317,CDS
39842,14617046,14617360,314,CDS
39843,14616843,14616986,143,CDS
39844,14611620,14611691,71,CDS
39845,14607898,14611484,3586,CDS
39846,14607417,14607833,416,CDS
39847,14617818,14617866,48,CDS
39848,14617428,14617745,317,CDS
39849,14617046,14617360,314,CDS
39850,14616843,14616986,143,CDS
39851,14616510,14616761,251,CDS
39852,14611781,14616400,4619,CDS
39853,14611620,14611691,71,CDS
39854,14607898,14611484,3586,CDS
39855,14607417,14607833,416,CDS
39856,14618771,14619681,910,gene
39857,14618771,14618902,131,mRNA
39858,14618959,14619170,211,mRNA
39859,14619234,14619681,447,mRNA
39860,14618900,14618902,2,CDS
39861,14618959,14619170,211,CDS
39862,14619234,14619321,87,CDS
39863,14619798,14621320,1522,gene
39864,14620858,14621320,462,mRNA
39865,14620618,14620806,188,mRNA
39866,14619798,14620562,764,mRNA
39867,14620858,14621252,394,CDS
39868,14620618,14620806,188,CDS
39869,14619833,14620562,729,CDS
39870,14621601,14624498,2897,gene
39871,14621601,14621750,149,ncRNA
39872,14621960,14622020,60,ncRNA
39873,14622240,14622294,54,ncRNA
39874,14622478,14622531,53,ncRNA
39875,14622713,14622766,53,ncRNA
39876,14622945,14623004,59,ncRNA
39877,14623189,14623245,56,ncRNA
39878,14623417,14623469,52,ncRNA
39879,14623687,14623731,44,ncRNA
39880,14623920,14623978,58,ncRNA
39881,14624157,14624220,63,ncRNA
39882,14624403,14624498,95,ncRNA
39883,14621601,14621750,149,ncRNA
39884,14621960,14622020,60,ncRNA
39885,14622240,14622294,54,ncRNA
39886,14622713,14622766,53,ncRNA
39887,14622945,14623004,59,ncRNA
39888,14623189,14623245,56,ncRNA
39889,14623417,14623469,52,ncRNA
39890,14623687,14623731,44,ncRNA
39891,14623920,14623978,58,ncRNA
39892,14624157,14624220,63,ncRNA
39893,14624403,14624498,95,ncRNA
39894,14621782,14621881,99,gene
39895,14621782,14621881,99,ncRNA
39896,14622088,14622167,79,gene
39897,14622088,14622167,79,ncRNA
39898,14622330,14622409,79,gene
39899,14622330,14622409,79,ncRNA
39900,14622570,14622649,79,gene
39901,14622570,14622649,79,ncRNA
39902,14622802,14622877,75,gene
39903,14622802,14622877,75,ncRNA
39904,14623042,14623117,75,gene
39905,14623042,14623117,75,ncRNA
39906,14623276,14623346,70,gene
39907,14623276,14623346,70,ncRNA
39908,14623517,14623607,90,gene
39909,14623517,14623607,90,ncRNA
39910,14623764,14623850,86,gene
39911,14623764,14623850,86,ncRNA
39912,14624007,14624091,84,gene
39913,14624007,14624091,84,ncRNA
39914,14624253,14624330,77,gene
39915,14624253,14624330,77,ncRNA
39916,14629910,14631023,1113,gene
39917,14629910,14630331,421,mRNA
39918,14630388,14631023,635,mRNA
39919,14629921,14630331,410,CDS
39920,14630388,14630924,536,CDS
39921,14638538,14638935,397,gene
39922,14638538,14638935,397,mRNA
39923,14638538,14638775,237,mRNA
39924,14638558,14638710,152,CDS
39925,14638558,14638710,152,CDS
39926,14639361,14639762,401,gene
39927,14639361,14639430,69,ncRNA
39928,14639496,14639762,266,ncRNA
39929,14640214,14640626,412,gene
39930,14640544,14640626,82,mRNA
39931,14640214,14640454,240,mRNA
39932,14640544,14640626,82,CDS
39933,14640214,14640454,240,CDS
39934,14645270,14646344,1074,gene
39935,14645270,14645309,39,mRNA
39936,14645374,14645556,182,mRNA
39937,14645614,14646344,730,mRNA
39938,14645270,14645556,286,mRNA
39939,14645614,14646151,537,mRNA
39940,14645356,14645556,200,CDS
39941,14645614,14646087,473,CDS
39942,14645398,14645556,158,CDS
39943,14645614,14646087,473,CDS
39944,14656798,14658755,1957,gene
39945,14657667,14658755,1088,mRNA
39946,14656798,14657499,701,mRNA
39947,14657667,14658665,998,CDS
39948,14656879,14657499,620,CDS
39949,14664246,14665356,1110,gene
39950,14664246,14665356,1110,mRNA
39951,14664529,14665248,719,CDS
39952,14665474,14665506,32,mobile_element
39953,14665641,14666817,1176,gene
39954,14665641,14666817,1176,mRNA
39955,14665741,14666691,950,CDS
39956,14668391,14671675,3284,gene
39957,14668391,14668438,47,mRNA
39958,14668499,14669100,601,mRNA
39959,14669268,14669522,254,mRNA
39960,14669587,14669923,336,mRNA
39961,14669983,14670590,607,mRNA
39962,14670652,14671144,492,mRNA
39963,14671209,14671675,466,mRNA
39964,14668391,14668438,47,mRNA
39965,14668499,14669100,601,mRNA
39966,14669268,14669518,250,mRNA
39967,14669587,14669923,336,mRNA
39968,14669974,14670590,616,mRNA
39969,14670652,14671144,492,mRNA
39970,14671209,14671675,466,mRNA
39971,14668391,14668438,47,mRNA
39972,14668499,14669100,601,mRNA
39973,14669268,14669518,250,mRNA
39974,14669587,14669923,336,mRNA
39975,14669983,14670590,607,mRNA
39976,14670652,14671144,492,mRNA
39977,14671209,14671675,466,mRNA
39978,14668416,14668438,22,CDS
39979,14668499,14669100,601,CDS
39980,14669268,14669518,250,CDS
39981,14669587,14669923,336,CDS
39982,14669974,14670590,616,CDS
39983,14670652,14671144,492,CDS
39984,14671209,14671465,256,CDS
39985,14668416,14668438,22,CDS
39986,14668499,14669100,601,CDS
39987,14669268,14669518,250,CDS
39988,14669587,14669923,336,CDS
39989,14669983,14670590,607,CDS
39990,14670652,14671144,492,CDS
39991,14671209,14671465,256,CDS
39992,14668416,14668438,22,CDS
39993,14668499,14669100,601,CDS
39994,14669268,14669522,254,CDS
39995,14669587,14669780,193,CDS
39996,14668448,14669100,652,mRNA
39997,14669268,14669518,250,mRNA
39998,14669587,14669923,336,mRNA
39999,14669983,14670590,607,mRNA
40000,14670652,14671144,492,mRNA
40001,14671209,14671675,466,mRNA
40002,14668644,14669100,456,CDS
40003,14669268,14669518,250,CDS
40004,14669587,14669923,336,CDS
40005,14669983,14670590,607,CDS
40006,14670652,14671144,492,CDS
40007,14671209,14671465,256,CDS
40008,14671396,14713622,42226,gene
40009,14712812,14713622,810,mRNA
40010,14684153,14684607,454,mRNA
40011,14683549,14683770,221,mRNA
40012,14679943,14680172,229,mRNA
40013,14672654,14673076,422,mRNA
40014,14671396,14672385,989,mRNA
40015,14712812,14713622,810,mRNA
40016,14684153,14684607,454,mRNA
40017,14683549,14683770,221,mRNA
40018,14679943,14680172,229,mRNA
40019,14672654,14673076,422,mRNA
40020,14671953,14672385,432,mRNA
40021,14712812,14713268,456,CDS
40022,14684153,14684607,454,CDS
40023,14683549,14683770,221,CDS
40024,14679943,14680172,229,CDS
40025,14672654,14673076,422,CDS
40026,14672367,14672385,18,CDS
40027,14712812,14713268,456,CDS
40028,14684153,14684607,454,CDS
40029,14683549,14683770,221,CDS
40030,14679943,14680172,229,CDS
40031,14672654,14673076,422,CDS
40032,14672367,14672385,18,CDS
40033,14674465,14678136,3671,gene
40034,14674465,14675062,597,mRNA
40035,14674606,14678136,3530,gene
40036,14675300,14678136,2836,mRNA
40037,14674606,14675228,622,mRNA
40038,14675300,14678136,2836,mRNA
40039,14674606,14675228,622,mRNA
40040,14674705,14675028,323,CDS
40041,14674705,14675028,323,CDS
40042,14675171,14678136,2965,mRNA
40043,14675326,14678088,2762,CDS
40044,14675326,14678088,2762,CDS
40045,14737578,14739242,1664,gene
40046,14737578,14739242,1664,ncRNA
40047,14739359,14745335,5976,gene
40048,14745198,14745335,137,mRNA
40049,14743771,14744192,421,mRNA
40050,14743054,14743708,654,mRNA
40051,14741467,14742669,1202,mRNA
40052,14739359,14741362,2003,mRNA
40053,14745198,14745335,137,mRNA
40054,14743771,14744192,421,mRNA
40055,14743054,14743708,654,mRNA
40056,14741467,14742669,1202,mRNA
40057,14740366,14741362,996,mRNA
40058,14743771,14744018,247,CDS
40059,14743054,14743708,654,CDS
40060,14741467,14742669,1202,CDS
40061,14741180,14741362,182,CDS
40062,14743771,14744018,247,CDS
40063,14743054,14743708,654,CDS
40064,14741467,14742669,1202,CDS
40065,14741180,14741362,182,CDS
40066,14745961,14746714,753,gene
40067,14745961,14746714,753,mRNA
40068,14745961,14746315,354,mRNA
40069,14745990,14746184,194,CDS
40070,14745990,14746184,194,CDS
40071,14747362,14748215,853,gene
40072,14747362,14747653,291,mRNA
40073,14747718,14748215,497,mRNA
40074,14747391,14747653,262,CDS
40075,14747718,14748120,402,CDS
40076,14749223,14750165,942,gene
40077,14749223,14749508,285,mRNA
40078,14749573,14750165,592,mRNA
40079,14749223,14749508,285,mRNA
40080,14749573,14750074,501,mRNA
40081,14749255,14749508,253,CDS
40082,14749573,14749975,402,CDS
40083,14749255,14749508,253,CDS
40084,14749573,14749975,402,CDS
40085,14750166,14752910,2744,gene
40086,14752206,14752271,65,mRNA
40087,14751716,14752040,324,mRNA
40088,14751145,14751651,506,mRNA
40089,14750783,14750995,212,mRNA
40090,14750166,14750716,550,mRNA
40091,14751716,14752271,555,mRNA
40092,14751145,14751651,506,mRNA
40093,14750783,14750995,212,mRNA
40094,14750166,14750716,550,mRNA
40095,14752793,14752910,117,mRNA
40096,14751716,14752040,324,mRNA
40097,14751145,14751651,506,mRNA
40098,14750783,14750995,212,mRNA
40099,14750268,14750716,448,mRNA
40100,14752793,14752836,43,CDS
40101,14751716,14752040,324,CDS
40102,14751145,14751651,506,CDS
40103,14750783,14750995,212,CDS
40104,14750486,14750716,230,CDS
40105,14751716,14752033,317,CDS
40106,14751145,14751651,506,CDS
40107,14750783,14750995,212,CDS
40108,14750486,14750716,230,CDS
40109,14751716,14752033,317,CDS
40110,14751145,14751651,506,CDS
40111,14750783,14750995,212,CDS
40112,14750486,14750716,230,CDS
40113,14752521,14753269,748,gene
40114,14752521,14752742,221,mRNA
40115,14752946,14753269,323,mRNA
40116,14752590,14752742,152,CDS
40117,14752946,14753113,167,CDS
40118,14753337,14756288,2951,gene
40119,14756235,14756288,53,mRNA
40120,14753987,14755590,1603,mRNA
40121,14753337,14753890,553,mRNA
40122,14755902,14756096,194,mRNA
40123,14753987,14755590,1603,mRNA
40124,14753337,14753890,553,mRNA
40125,14755902,14756096,194,mRNA
40126,14753951,14755590,1639,mRNA
40127,14753337,14753890,553,mRNA
40128,14753987,14755655,1668,mRNA
40129,14753337,14753890,553,mRNA
40130,14753987,14755574,1587,CDS
40131,14753472,14753890,418,CDS
40132,14753987,14755574,1587,CDS
40133,14753472,14753890,418,CDS
40134,14753987,14755574,1587,CDS
40135,14753472,14753890,418,CDS
40136,14753951,14755574,1623,CDS
40137,14753472,14753890,418,CDS
40138,14756516,14757072,556,gene
40139,14756516,14756713,197,mRNA
40140,14756794,14757072,278,mRNA
40141,14756585,14756713,128,CDS
40142,14756794,14757006,212,CDS
40143,14757064,14757846,782,gene
40144,14757606,14757846,240,mRNA
40145,14757241,14757550,309,mRNA
40146,14757064,14757178,114,mRNA
40147,14757606,14757781,175,CDS
40148,14757241,14757550,309,CDS
40149,14757080,14757178,98,CDS
40150,14757907,14759602,1695,gene
40151,14759483,14759602,119,mRNA
40152,14758675,14759425,750,mRNA
40153,14757907,14758606,699,mRNA
40154,14759483,14759602,119,mRNA
40155,14758675,14759425,750,mRNA
40156,14757907,14758619,712,mRNA
40157,14759483,14759556,73,CDS
40158,14758675,14759425,750,CDS
40159,14758122,14758619,497,CDS
40160,14759483,14759556,73,CDS
40161,14758675,14759425,750,CDS
40162,14758550,14758606,56,CDS
40163,14759646,14769423,9777,gene
40164,14769278,14769423,145,mRNA
40165,14768004,14768370,366,mRNA
40166,14764060,14764237,177,mRNA
40167,14763831,14763999,168,mRNA
40168,14762919,14763074,155,mRNA
40169,14759646,14762796,3150,mRNA
40170,14769344,14769423,79,mRNA
40171,14768004,14768370,366,mRNA
40172,14764060,14764237,177,mRNA
40173,14763831,14763999,168,mRNA
40174,14762919,14763008,89,mRNA
40175,14761156,14762796,1640,mRNA
40176,14769278,14769423,145,mRNA
40177,14768004,14768370,366,mRNA
40178,14764060,14764237,177,mRNA
40179,14763831,14763999,168,mRNA
40180,14762919,14763074,155,mRNA
40181,14761156,14762796,1640,mRNA
40182,14768004,14768023,19,CDS
40183,14764060,14764237,177,CDS
40184,14763831,14763999,168,CDS
40185,14762919,14763074,155,CDS
40186,14761760,14762796,1036,CDS
40187,14768004,14768023,19,CDS
40188,14764060,14764237,177,CDS
40189,14763831,14763999,168,CDS
40190,14762919,14763008,89,CDS
40191,14762039,14762796,757,CDS
40192,14768004,14768023,19,CDS
40193,14764060,14764237,177,CDS
40194,14763831,14763999,168,CDS
40195,14762919,14763074,155,CDS
40196,14762039,14762796,757,CDS
40197,14769599,14771295,1696,gene
40198,14771238,14771295,57,ncRNA
40199,14770385,14770973,588,ncRNA
40200,14769599,14770323,724,ncRNA
40201,14770385,14770890,505,ncRNA
40202,14769599,14770323,724,ncRNA
40203,14769599,14770270,671,ncRNA
40204,14770469,14772630,2161,gene
40205,14770469,14770829,360,mRNA
40206,14771800,14772630,830,mRNA
40207,14770586,14770829,243,CDS
40208,14771800,14772407,607,CDS
40209,14770916,14771642,726,mRNA
40210,14771800,14772630,830,mRNA
40211,14771301,14771642,341,mRNA
40212,14771800,14772630,830,mRNA
40213,14771402,14771642,240,CDS
40214,14771800,14772407,607,CDS
40215,14771402,14771642,240,CDS
40216,14771800,14772407,607,CDS
40217,14772650,14807061,34411,gene
40218,14806850,14807061,211,mRNA
40219,14798255,14798623,368,mRNA
40220,14793623,14793840,217,mRNA
40221,14793502,14793557,55,mRNA
40222,14787447,14787520,73,mRNA
40223,14785842,14785910,68,mRNA
40224,14776253,14776334,81,mRNA
40225,14776006,14776186,180,mRNA
40226,14775539,14775820,281,mRNA
40227,14775323,14775470,147,mRNA
40228,14774969,14775258,289,mRNA
40229,14772650,14774007,1357,mRNA
40230,14798255,14798956,701,mRNA
40231,14793623,14793840,217,mRNA
40232,14793502,14793557,55,mRNA
40233,14787447,14787520,73,mRNA
40234,14785842,14785910,68,mRNA
40235,14776253,14776334,81,mRNA
40236,14776006,14776186,180,mRNA
40237,14775539,14775820,281,mRNA
40238,14775323,14775467,144,mRNA
40239,14774969,14775258,289,mRNA
40240,14772650,14774007,1357,mRNA
40241,14798255,14798956,701,mRNA
40242,14793623,14793840,217,mRNA
40243,14793502,14793557,55,mRNA
40244,14787447,14787520,73,mRNA
40245,14785842,14785910,68,mRNA
40246,14776253,14776334,81,mRNA
40247,14776006,14776186,180,mRNA
40248,14775539,14775820,281,mRNA
40249,14775323,14775470,147,mRNA
40250,14774969,14775258,289,mRNA
40251,14772650,14774007,1357,mRNA
40252,14798255,14798956,701,mRNA
40253,14793623,14793840,217,mRNA
40254,14793502,14793557,55,mRNA
40255,14787447,14787520,73,mRNA
40256,14785842,14785910,68,mRNA
40257,14776253,14776334,81,mRNA
40258,14776006,14776186,180,mRNA
40259,14775539,14775820,281,mRNA
40260,14775323,14775470,147,mRNA
40261,14774969,14775258,289,mRNA
40262,14774180,14774645,465,mRNA
40263,14772650,14774007,1357,mRNA
40264,14796778,14797027,249,mRNA
40265,14793623,14793840,217,mRNA
40266,14793502,14793557,55,mRNA
40267,14787447,14787520,73,mRNA
40268,14785842,14785910,68,mRNA
40269,14776253,14776334,81,mRNA
40270,14776069,14776168,99,mRNA
40271,14775539,14775820,281,mRNA
40272,14775323,14775467,144,mRNA
40273,14774969,14775261,292,mRNA
40274,14772650,14774007,1357,mRNA
40275,14806850,14807061,211,CDS
40276,14798255,14798623,368,CDS
40277,14793623,14793840,217,CDS
40278,14793502,14793557,55,CDS
40279,14787447,14787520,73,CDS
40280,14785842,14785910,68,CDS
40281,14776253,14776334,81,CDS
40282,14776006,14776186,180,CDS
40283,14775539,14775820,281,CDS
40284,14775323,14775470,147,CDS
40285,14774969,14775258,289,CDS
40286,14773919,14774007,88,CDS
40287,14798255,14798439,184,CDS
40288,14793623,14793840,217,CDS
40289,14793502,14793557,55,CDS
40290,14787447,14787520,73,CDS
40291,14785842,14785910,68,CDS
40292,14776253,14776334,81,CDS
40293,14776006,14776186,180,CDS
40294,14775539,14775820,281,CDS
40295,14775323,14775467,144,CDS
40296,14774969,14775258,289,CDS
40297,14773919,14774007,88,CDS
40298,14798255,14798439,184,CDS
40299,14793623,14793840,217,CDS
40300,14793502,14793557,55,CDS
40301,14787447,14787520,73,CDS
40302,14785842,14785910,68,CDS
40303,14776253,14776334,81,CDS
40304,14776006,14776186,180,CDS
40305,14775539,14775820,281,CDS
40306,14775323,14775470,147,CDS
40307,14774969,14775258,289,CDS
40308,14773919,14774007,88,CDS
40309,14796778,14796944,166,CDS
40310,14793623,14793840,217,CDS
40311,14793502,14793557,55,CDS
40312,14787447,14787520,73,CDS
40313,14785842,14785910,68,CDS
40314,14776253,14776334,81,CDS
40315,14776069,14776168,99,CDS
40316,14775539,14775820,281,CDS
40317,14775323,14775467,144,CDS
40318,14774969,14775261,292,CDS
40319,14773919,14774007,88,CDS
40320,14798255,14798439,184,CDS
40321,14793623,14793840,217,CDS
40322,14793502,14793557,55,CDS
40323,14787447,14787520,73,CDS
40324,14785842,14785910,68,CDS
40325,14776253,14776334,81,CDS
40326,14776006,14776186,180,CDS
40327,14775539,14775820,281,CDS
40328,14775323,14775470,147,CDS
40329,14774969,14775258,289,CDS
40330,14774503,14774645,142,CDS
40331,14808419,14809931,1512,gene
40332,14808419,14808643,224,mRNA
40333,14809274,14809523,249,mRNA
40334,14809586,14809931,345,mRNA
40335,14808419,14808478,59,mRNA
40336,14808566,14808643,77,mRNA
40337,14809274,14809523,249,mRNA
40338,14809586,14809931,345,mRNA
40339,14808583,14808643,60,CDS
40340,14809274,14809523,249,CDS
40341,14809586,14809883,297,CDS
40342,14808583,14808643,60,CDS
40343,14809274,14809523,249,CDS
40344,14809586,14809883,297,CDS
40345,14817857,14819987,2130,gene
40346,14818988,14819987,999,mRNA
40347,14817857,14818915,1058,mRNA
40348,14818988,14819915,927,CDS
40349,14817957,14818915,958,CDS
40350,14823545,14824365,820,gene
40351,14823545,14824365,820,ncRNA
40352,14832832,14833951,1119,gene
40353,14832832,14832955,123,mRNA
40354,14833172,14833951,779,mRNA
40355,14832832,14832955,123,mRNA
40356,14833172,14833478,306,mRNA
40357,14833535,14833951,416,mRNA
40358,14832932,14832955,23,CDS
40359,14833172,14833822,650,CDS
40360,14832932,14832955,23,CDS
40361,14833172,14833478,306,CDS
40362,14833535,14833572,37,CDS
40363,14842720,14845874,3154,gene
40364,14845428,14845874,446,mRNA
40365,14845082,14845296,214,mRNA
40366,14844720,14844965,245,mRNA
40367,14844213,14844665,452,mRNA
40368,14844021,14844153,132,mRNA
40369,14843708,14843949,241,mRNA
40370,14842720,14843643,923,mRNA
40371,14845428,14845540,112,mRNA
40372,14845082,14845296,214,mRNA
40373,14844720,14844965,245,mRNA
40374,14844213,14844665,452,mRNA
40375,14844021,14844153,132,mRNA
40376,14843708,14843949,241,mRNA
40377,14843128,14843643,515,mRNA
40378,14845428,14845437,9,CDS
40379,14845082,14845296,214,CDS
40380,14844720,14844965,245,CDS
40381,14844213,14844665,452,CDS
40382,14844021,14844153,132,CDS
40383,14843708,14843949,241,CDS
40384,14843368,14843643,275,CDS
40385,14845428,14845437,9,CDS
40386,14845082,14845296,214,CDS
40387,14844720,14844965,245,CDS
40388,14844213,14844665,452,CDS
40389,14844021,14844153,132,CDS
40390,14843708,14843949,241,CDS
40391,14843368,14843643,275,CDS
40392,14846064,14848366,2302,gene
40393,14848200,14848366,166,mRNA
40394,14847816,14847971,155,mRNA
40395,14846064,14847764,1700,mRNA
40396,14848200,14848366,166,mRNA
40397,14847816,14847971,155,mRNA
40398,14846064,14847764,1700,mRNA
40399,14848200,14848202,2,CDS
40400,14847816,14847971,155,CDS
40401,14846331,14847764,1433,CDS
40402,14848200,14848202,2,CDS
40403,14847816,14847971,155,CDS
40404,14846418,14847764,1346,CDS
40405,14848621,14852653,4032,gene
40406,14852387,14852653,266,mRNA
40407,14852016,14852327,311,mRNA
40408,14851224,14851953,729,mRNA
40409,14850740,14851167,427,mRNA
40410,14850413,14850682,269,mRNA
40411,14850163,14850356,193,mRNA
40412,14848621,14850109,1488,mRNA
40413,14852387,14852554,167,CDS
40414,14852016,14852327,311,CDS
40415,14851224,14851953,729,CDS
40416,14850740,14851167,427,CDS
40417,14850413,14850682,269,CDS
40418,14850163,14850356,193,CDS
40419,14848672,14850109,1437,CDS
40420,14852941,14853948,1007,gene
40421,14852941,14853555,614,mRNA
40422,14853614,14853948,334,mRNA
40423,14852965,14853555,590,CDS
40424,14853614,14853802,188,CDS
40425,14853863,14855048,1185,gene
40426,14853863,14855048,1185,mRNA
40427,14853952,14854959,1007,CDS
40428,14855429,14857502,2073,gene
40429,14855429,14857502,2073,mRNA
40430,14855512,14857302,1790,CDS
40431,14857447,14858640,1193,gene
40432,14858424,14858640,216,mRNA
40433,14857908,14858364,456,mRNA
40434,14857447,14857845,398,mRNA
40435,14858424,14858596,172,CDS
40436,14857908,14858364,456,CDS
40437,14857513,14857845,332,CDS
40438,14858845,14860758,1913,gene
40439,14860586,14860758,172,mRNA
40440,14859709,14860535,826,mRNA
40441,14859450,14859647,197,mRNA
40442,14859256,14859392,136,mRNA
40443,14858845,14859199,354,mRNA
40444,14860586,14860639,53,CDS
40445,14859709,14860535,826,CDS
40446,14859450,14859647,197,CDS
40447,14859256,14859392,136,CDS
40448,14858961,14859199,238,CDS
40449,14860936,14871071,10135,gene
40450,14870920,14871071,151,mRNA
40451,14870049,14870312,263,mRNA
40452,14868907,14869032,125,mRNA
40453,14868628,14868843,215,mRNA
40454,14868233,14868562,329,mRNA
40455,14867484,14868171,687,mRNA
40456,14865508,14865733,225,mRNA
40457,14865342,14865447,105,mRNA
40458,14865172,14865274,102,mRNA
40459,14862731,14865058,2327,mRNA
40460,14862195,14862668,473,mRNA
40461,14860936,14862121,1185,mRNA
40462,14870920,14871071,151,mRNA
40463,14870049,14870312,263,mRNA
40464,14868907,14869032,125,mRNA
40465,14868628,14868843,215,mRNA
40466,14868233,14868562,329,mRNA
40467,14867484,14868171,687,mRNA
40468,14865508,14865733,225,mRNA
40469,14865342,14865447,105,mRNA
40470,14865172,14865274,102,mRNA
40471,14862731,14865058,2327,mRNA
40472,14862195,14862668,473,mRNA
40473,14861156,14862121,965,mRNA
40474,14870920,14871071,151,mRNA
40475,14870049,14870312,263,mRNA
40476,14868907,14869032,125,mRNA
40477,14868628,14868843,215,mRNA
40478,14868233,14868562,329,mRNA
40479,14867484,14868171,687,mRNA
40480,14865508,14865766,258,mRNA
40481,14865342,14865447,105,mRNA
40482,14865172,14865274,102,mRNA
40483,14862731,14865058,2327,mRNA
40484,14862195,14862668,473,mRNA
40485,14861156,14862121,965,mRNA
40486,14870920,14871071,151,mRNA
40487,14870049,14870312,263,mRNA
40488,14868907,14869032,125,mRNA
40489,14868628,14868843,215,mRNA
40490,14868233,14868562,329,mRNA
40491,14867484,14868171,687,mRNA
40492,14865508,14866051,543,mRNA
40493,14865342,14865447,105,mRNA
40494,14865172,14865274,102,mRNA
40495,14862731,14865058,2327,mRNA
40496,14862195,14862668,473,mRNA
40497,14861156,14862121,965,mRNA
40498,14870920,14871071,151,mRNA
40499,14870049,14870312,263,mRNA
40500,14868907,14869032,125,mRNA
40501,14868628,14868843,215,mRNA
40502,14868233,14868562,329,mRNA
40503,14867484,14868171,687,mRNA
40504,14865508,14866075,567,mRNA
40505,14865342,14865447,105,mRNA
40506,14865172,14865274,102,mRNA
40507,14862731,14865058,2327,mRNA
40508,14862195,14862668,473,mRNA
40509,14861156,14862121,965,mRNA
40510,14870049,14870231,182,CDS
40511,14868907,14869032,125,CDS
40512,14868628,14868843,215,CDS
40513,14868233,14868562,329,CDS
40514,14867484,14868171,687,CDS
40515,14865508,14865733,225,CDS
40516,14865342,14865447,105,CDS
40517,14865172,14865274,102,CDS
40518,14862731,14865058,2327,CDS
40519,14862195,14862668,473,CDS
40520,14861382,14862121,739,CDS
40521,14870049,14870231,182,CDS
40522,14868907,14869032,125,CDS
40523,14868628,14868843,215,CDS
40524,14868233,14868562,329,CDS
40525,14867484,14868171,687,CDS
40526,14865508,14865733,225,CDS
40527,14865342,14865447,105,CDS
40528,14865172,14865274,102,CDS
40529,14862731,14865058,2327,CDS
40530,14862195,14862668,473,CDS
40531,14861382,14862121,739,CDS
40532,14870049,14870231,182,CDS
40533,14868907,14869032,125,CDS
40534,14868628,14868843,215,CDS
40535,14868233,14868562,329,CDS
40536,14867484,14868171,687,CDS
40537,14865508,14865766,258,CDS
40538,14865342,14865447,105,CDS
40539,14865172,14865274,102,CDS
40540,14862731,14865058,2327,CDS
40541,14862195,14862668,473,CDS
40542,14861382,14862121,739,CDS
40543,14870049,14870231,182,CDS
40544,14868907,14869032,125,CDS
40545,14868628,14868843,215,CDS
40546,14868233,14868562,329,CDS
40547,14867484,14868171,687,CDS
40548,14865508,14866051,543,CDS
40549,14865342,14865447,105,CDS
40550,14865172,14865274,102,CDS
40551,14862731,14865058,2327,CDS
40552,14862195,14862668,473,CDS
40553,14861382,14862121,739,CDS
40554,14870049,14870231,182,CDS
40555,14868907,14869032,125,CDS
40556,14868628,14868843,215,CDS
40557,14868233,14868562,329,CDS
40558,14867484,14868171,687,CDS
40559,14865508,14866075,567,CDS
40560,14865342,14865447,105,CDS
40561,14865172,14865274,102,CDS
40562,14862731,14865058,2327,CDS
40563,14862195,14862668,473,CDS
40564,14861382,14862121,739,CDS
40565,14870920,14871071,151,mRNA
40566,14870049,14870312,263,mRNA
40567,14868907,14869032,125,mRNA
40568,14868628,14868843,215,mRNA
40569,14868233,14868562,329,mRNA
40570,14866613,14868171,1558,mRNA
40571,14870049,14870231,182,CDS
40572,14868907,14869032,125,CDS
40573,14868628,14868843,215,CDS
40574,14868233,14868562,329,CDS
40575,14867305,14868171,866,CDS
40576,14870920,14871071,151,mRNA
40577,14869646,14870312,666,mRNA
40578,14869971,14870231,260,CDS
40579,14871366,14873705,2339,gene
40580,14871366,14871529,163,mRNA
40581,14871638,14872868,1230,mRNA
40582,14872936,14873465,529,mRNA
40583,14871387,14871435,48,mobile_element
40584,14871688,14872868,1180,mRNA
40585,14872936,14873705,769,mRNA
40586,14871688,14872868,1180,mRNA
40587,14872936,14873465,529,mRNA
40588,14871803,14872868,1065,CDS
40589,14872936,14873369,433,CDS
40590,14871803,14872868,1065,CDS
40591,14872936,14873369,433,CDS
40592,14871803,14872868,1065,CDS
40593,14872936,14873369,433,CDS
40594,14873953,14875739,1786,gene
40595,14873953,14875063,1110,mRNA
40596,14875124,14875739,615,mRNA
40597,14873953,14875063,1110,mRNA
40598,14875124,14875558,434,mRNA
40599,14873980,14875063,1083,CDS
40600,14875124,14875545,421,CDS
40601,14873980,14875063,1083,CDS
40602,14875124,14875545,421,CDS
40603,14875829,14877654,1825,gene
40604,14875829,14876947,1118,mRNA
40605,14877013,14877654,641,mRNA
40606,14875861,14876947,1086,CDS
40607,14877013,14877434,421,CDS
40608,14877786,14879752,1966,gene
40609,14877786,14878886,1100,mRNA
40610,14878951,14879752,801,mRNA
40611,14877786,14878886,1100,mRNA
40612,14878941,14879533,592,mRNA
40613,14877800,14878886,1086,CDS
40614,14878941,14879365,424,CDS
40615,14877800,14878886,1086,CDS
40616,14878951,14878967,16,CDS
40617,14879356,14881372,2016,gene
40618,14880231,14881372,1141,mRNA
40619,14879356,14880177,821,mRNA
40620,14880231,14881326,1095,CDS
40621,14879759,14880177,418,CDS
40622,14882118,14884046,1928,gene
40623,14882118,14883217,1099,mRNA
40624,14883346,14884046,700,mRNA
40625,14882132,14883217,1085,CDS
40626,14883346,14883764,418,CDS
40627,14885264,14886947,1683,gene
40628,14885770,14886947,1177,mRNA
40629,14885264,14885716,452,mRNA
40630,14885770,14886865,1095,CDS
40631,14885298,14885716,418,CDS
40632,14887171,14889010,1839,gene
40633,14887879,14889010,1131,mRNA
40634,14887171,14887819,648,mRNA
40635,14887879,14888980,1101,CDS
40636,14887401,14887819,418,CDS
40637,14889264,14897813,8549,mobile_element
40638,14898312,14903095,4783,gene
40639,14898312,14898478,166,mRNA
40640,14899185,14901095,1910,mRNA
40641,14899192,14903095,3903,mRNA
40642,14899192,14901095,1903,mRNA
40643,14899495,14901051,1556,CDS
40644,14899495,14901051,1556,CDS
40645,14899495,14901051,1556,CDS
40646,14901475,14928425,26950,gene
40647,14927928,14928425,497,mRNA
40648,14926322,14926782,460,mRNA
40649,14914848,14914891,43,mRNA
40650,14911104,14911372,268,mRNA
40651,14910224,14910716,492,mRNA
40652,14905514,14905953,439,mRNA
40653,14904073,14905451,1378,mRNA
40654,14903136,14903564,428,mRNA
40655,14902785,14903031,246,mRNA
40656,14902511,14902723,212,mRNA
40657,14902203,14902403,200,mRNA
40658,14901475,14902140,665,mRNA
40659,14916874,14917372,498,mRNA
40660,14914848,14914891,43,mRNA
40661,14911104,14911372,268,mRNA
40662,14910224,14910716,492,mRNA
40663,14905514,14905953,439,mRNA
40664,14904073,14905451,1378,mRNA
40665,14903136,14903564,428,mRNA
40666,14902785,14903031,246,mRNA
40667,14902511,14902723,212,mRNA
40668,14902203,14902403,200,mRNA
40669,14901475,14902140,665,mRNA
40670,14912006,14912219,213,mRNA
40671,14911104,14911372,268,mRNA
40672,14910224,14910716,492,mRNA
40673,14905514,14905953,439,mRNA
40674,14904073,14905451,1378,mRNA
40675,14903136,14903564,428,mRNA
40676,14902785,14903031,246,mRNA
40677,14902511,14902723,212,mRNA
40678,14902203,14902403,200,mRNA
40679,14901475,14902140,665,mRNA
40680,14910224,14910869,645,mRNA
40681,14905514,14905953,439,mRNA
40682,14904073,14905451,1378,mRNA
40683,14903136,14903564,428,mRNA
40684,14902785,14903031,246,mRNA
40685,14902511,14902723,212,mRNA
40686,14902203,14902403,200,mRNA
40687,14901475,14902140,665,mRNA
40688,14907488,14907971,483,mRNA
40689,14905514,14905953,439,mRNA
40690,14904073,14905451,1378,mRNA
40691,14903136,14903564,428,mRNA
40692,14902785,14903031,246,mRNA
40693,14902511,14902723,212,mRNA
40694,14902203,14902403,200,mRNA
40695,14901475,14902140,665,mRNA
40696,14907025,14907971,946,mRNA
40697,14905514,14905953,439,mRNA
40698,14904073,14905451,1378,mRNA
40699,14903136,14903564,428,mRNA
40700,14902785,14903031,246,mRNA
40701,14902511,14902723,212,mRNA
40702,14902203,14902403,200,mRNA
40703,14901475,14902140,665,mRNA
40704,14906018,14906090,72,mRNA
40705,14905514,14905953,439,mRNA
40706,14904073,14905451,1378,mRNA
40707,14903136,14903564,428,mRNA
40708,14902785,14903031,246,mRNA
40709,14902511,14902723,212,mRNA
40710,14902203,14902403,200,mRNA
40711,14901475,14902140,665,mRNA
40712,14906018,14906090,72,mRNA
40713,14905514,14905953,439,mRNA
40714,14904073,14905451,1378,mRNA
40715,14903136,14903564,428,mRNA
40716,14902785,14903031,246,mRNA
40717,14902507,14902723,216,mRNA
40718,14902203,14902403,200,mRNA
40719,14901475,14902140,665,mRNA
40720,14903631,14903816,185,mRNA
40721,14903136,14903564,428,mRNA
40722,14902785,14903031,246,mRNA
40723,14902511,14902723,212,mRNA
40724,14902203,14902403,200,mRNA
40725,14901475,14902140,665,mRNA
40726,14926322,14926323,1,CDS
40727,14914848,14914891,43,CDS
40728,14911104,14911372,268,CDS
40729,14910224,14910716,492,CDS
40730,14905514,14905953,439,CDS
40731,14904073,14905451,1378,CDS
40732,14903136,14903564,428,CDS
40733,14902785,14903031,246,CDS
40734,14902511,14902723,212,CDS
40735,14902203,14902403,200,CDS
40736,14901973,14902140,167,CDS
40737,14916874,14917010,136,CDS
40738,14914848,14914891,43,CDS
40739,14911104,14911372,268,CDS
40740,14910224,14910716,492,CDS
40741,14905514,14905953,439,CDS
40742,14904073,14905451,1378,CDS
40743,14903136,14903564,428,CDS
40744,14902785,14903031,246,CDS
40745,14902511,14902723,212,CDS
40746,14902203,14902403,200,CDS
40747,14901973,14902140,167,CDS
40748,14912006,14912072,66,CDS
40749,14911104,14911372,268,CDS
40750,14910224,14910716,492,CDS
40751,14905514,14905953,439,CDS
40752,14904073,14905451,1378,CDS
40753,14903136,14903564,428,CDS
40754,14902785,14903031,246,CDS
40755,14902511,14902723,212,CDS
40756,14902203,14902403,200,CDS
40757,14901973,14902140,167,CDS
40758,14910224,14910821,597,CDS
40759,14905514,14905953,439,CDS
40760,14904073,14905451,1378,CDS
40761,14903136,14903564,428,CDS
40762,14902785,14903031,246,CDS
40763,14902511,14902723,212,CDS
40764,14902203,14902403,200,CDS
40765,14901973,14902140,167,CDS
40766,14907488,14907530,42,CDS
40767,14905514,14905953,439,CDS
40768,14904073,14905451,1378,CDS
40769,14903136,14903564,428,CDS
40770,14902785,14903031,246,CDS
40771,14902511,14902723,212,CDS
40772,14902203,14902403,200,CDS
40773,14901973,14902140,167,CDS
40774,14907025,14907139,114,CDS
40775,14905514,14905953,439,CDS
40776,14904073,14905451,1378,CDS
40777,14903136,14903564,428,CDS
40778,14902785,14903031,246,CDS
40779,14902511,14902723,212,CDS
40780,14902203,14902403,200,CDS
40781,14901973,14902140,167,CDS
40782,14906018,14906069,51,CDS
40783,14905514,14905953,439,CDS
40784,14904073,14905451,1378,CDS
40785,14903136,14903564,428,CDS
40786,14902785,14903031,246,CDS
40787,14902511,14902723,212,CDS
40788,14902203,14902403,200,CDS
40789,14901973,14902140,167,CDS
40790,14903631,14903713,82,CDS
40791,14903136,14903564,428,CDS
40792,14902785,14903031,246,CDS
40793,14902511,14902723,212,CDS
40794,14902203,14902403,200,CDS
40795,14901973,14902140,167,CDS
40796,14906018,14906069,51,CDS
40797,14905514,14905953,439,CDS
40798,14904073,14905451,1378,CDS
40799,14903136,14903564,428,CDS
40800,14902785,14903031,246,CDS
40801,14902507,14902723,216,CDS
40802,14902363,14902403,40,CDS
40803,14929703,14934861,5158,gene
40804,14933231,14933304,73,mRNA
40805,14932855,14933118,263,mRNA
40806,14932402,14932488,86,mRNA
40807,14931152,14932340,1188,mRNA
40808,14930687,14930791,104,mRNA
40809,14929703,14930627,924,mRNA
40810,14934801,14934861,60,mRNA
40811,14932855,14933003,148,mRNA
40812,14932402,14932488,86,mRNA
40813,14931152,14932340,1188,mRNA
40814,14930687,14930791,104,mRNA
40815,14930083,14930627,544,mRNA
40816,14934801,14934861,60,mRNA
40817,14932855,14933325,470,mRNA
40818,14932402,14932488,86,mRNA
40819,14931152,14932340,1188,mRNA
40820,14930687,14930791,104,mRNA
40821,14930083,14930627,544,mRNA
40822,14932855,14933304,449,mRNA
40823,14932402,14932488,86,mRNA
40824,14931152,14932340,1188,mRNA
40825,14930687,14930791,104,mRNA
40826,14930083,14930627,544,mRNA
40827,14932855,14932979,124,CDS
40828,14932402,14932488,86,CDS
40829,14931152,14932340,1188,CDS
40830,14930687,14930791,104,CDS
40831,14930238,14930627,389,CDS
40832,14932855,14932979,124,CDS
40833,14932402,14932488,86,CDS
40834,14931152,14932340,1188,CDS
40835,14930687,14930791,104,CDS
40836,14930238,14930627,389,CDS
40837,14932855,14932979,124,CDS
40838,14932402,14932488,86,CDS
40839,14931152,14932340,1188,CDS
40840,14930687,14930791,104,CDS
40841,14930238,14930627,389,CDS
40842,14932855,14932979,124,CDS
40843,14932402,14932488,86,CDS
40844,14931152,14932340,1188,CDS
40845,14930687,14930791,104,CDS
40846,14930238,14930627,389,CDS
40847,14933515,14933913,398,gene
40848,14933515,14933596,81,mRNA
40849,14933667,14933913,246,mRNA
40850,14933668,14933832,164,CDS
40851,14935660,14940722,5062,gene
40852,14935660,14936018,358,mRNA
40853,14936092,14936298,206,mRNA
40854,14936355,14936490,135,mRNA
40855,14936547,14936836,289,mRNA
40856,14937050,14938843,1793,mRNA
40857,14938905,14939959,1054,mRNA
40858,14935677,14936018,341,mRNA
40859,14936092,14936298,206,mRNA
40860,14936355,14936490,135,mRNA
40861,14936547,14936836,289,mRNA
40862,14937050,14938843,1793,mRNA
40863,14938905,14940722,1817,mRNA
40864,14936146,14936298,152,CDS
40865,14936355,14936490,135,CDS
40866,14936547,14936836,289,CDS
40867,14937050,14938843,1793,CDS
40868,14938905,14939081,176,CDS
40869,14936146,14936298,152,CDS
40870,14936355,14936490,135,CDS
40871,14936547,14936836,289,CDS
40872,14937050,14938843,1793,CDS
40873,14938905,14939081,176,CDS
40874,14942398,14944469,2071,gene
40875,14942398,14943089,691,mRNA
40876,14943199,14943264,65,mRNA
40877,14943771,14944058,287,mRNA
40878,14944139,14944469,330,mRNA
40879,14942952,14943089,137,CDS
40880,14943199,14943264,65,CDS
40881,14943771,14944058,287,CDS
40882,14944139,14944333,194,CDS
40883,14944458,14962969,18511,gene
40884,14962695,14962969,274,mRNA
40885,14961568,14961841,273,mRNA
40886,14961386,14961506,120,mRNA
40887,14949374,14949424,50,mRNA
40888,14948917,14949002,85,mRNA
40889,14947894,14948850,956,mRNA
40890,14947642,14947836,194,mRNA
40891,14946704,14946819,115,mRNA
40892,14946477,14946603,126,mRNA
40893,14946150,14946417,267,mRNA
40894,14944458,14945227,769,mRNA
40895,14962887,14962969,82,mRNA
40896,14961568,14961841,273,mRNA
40897,14961386,14961506,120,mRNA
40898,14949374,14949424,50,mRNA
40899,14948917,14949002,85,mRNA
40900,14947894,14948850,956,mRNA
40901,14947642,14947836,194,mRNA
40902,14947179,14947300,121,mRNA
40903,14946477,14946603,126,mRNA
40904,14945114,14946417,1303,mRNA
40905,14958244,14958456,212,mRNA
40906,14953087,14953655,568,mRNA
40907,14951635,14952589,954,mRNA
40908,14949374,14949424,50,mRNA
40909,14948917,14949002,85,mRNA
40910,14947894,14948850,956,mRNA
40911,14947642,14947836,194,mRNA
40912,14946704,14946819,115,mRNA
40913,14946477,14946603,126,mRNA
40914,14945114,14946417,1303,mRNA
40915,14949660,14949745,85,mRNA
40916,14949374,14949424,50,mRNA
40917,14948917,14949002,85,mRNA
40918,14947894,14948850,956,mRNA
40919,14947642,14947836,194,mRNA
40920,14946704,14946819,115,mRNA
40921,14946477,14946603,126,mRNA
40922,14946150,14946417,267,mRNA
40923,14945114,14946090,976,mRNA
40924,14949559,14949745,186,mRNA
40925,14949374,14949424,50,mRNA
40926,14948917,14949002,85,mRNA
40927,14947894,14948850,956,mRNA
40928,14947642,14947836,194,mRNA
40929,14946704,14946819,115,mRNA
40930,14946477,14946603,126,mRNA
40931,14946150,14946417,267,mRNA
40932,14945114,14946090,976,mRNA
40933,14949559,14949745,186,mRNA
40934,14949374,14949424,50,mRNA
40935,14948917,14949002,85,mRNA
40936,14947894,14948850,956,mRNA
40937,14947642,14947836,194,mRNA
40938,14946704,14946819,115,mRNA
40939,14946477,14946603,126,mRNA
40940,14945114,14946417,1303,mRNA
40941,14949559,14949745,186,mRNA
40942,14949374,14949424,50,mRNA
40943,14948917,14949002,85,mRNA
40944,14947894,14948850,956,mRNA
40945,14947642,14947836,194,mRNA
40946,14946704,14946819,115,mRNA
40947,14946477,14946603,126,mRNA
40948,14945114,14946417,1303,mRNA
40949,14949559,14949577,18,CDS
40950,14949374,14949424,50,CDS
40951,14948917,14949002,85,CDS
40952,14947894,14948850,956,CDS
40953,14947642,14947836,194,CDS
40954,14946704,14946819,115,CDS
40955,14946477,14946603,126,CDS
40956,14946150,14946417,267,CDS
40957,14946047,14946090,43,CDS
40958,14949559,14949577,18,CDS
40959,14949374,14949424,50,CDS
40960,14948917,14949002,85,CDS
40961,14947894,14948850,956,CDS
40962,14947642,14947836,194,CDS
40963,14946704,14946819,115,CDS
40964,14946477,14946603,126,CDS
40965,14946064,14946417,353,CDS
40966,14962817,14962969,152,mRNA
40967,14961568,14961841,273,mRNA
40968,14961386,14961506,120,mRNA
40969,14949374,14949424,50,mRNA
40970,14948917,14949002,85,mRNA
40971,14947894,14948850,956,mRNA
40972,14947642,14947836,194,mRNA
40973,14946704,14946819,115,mRNA
40974,14946477,14946603,126,mRNA
40975,14946106,14946417,311,mRNA
40976,14958244,14958456,212,mRNA
40977,14953087,14953655,568,mRNA
40978,14951635,14952568,933,mRNA
40979,14949374,14949424,50,mRNA
40980,14948917,14949002,85,mRNA
40981,14947894,14948850,956,mRNA
40982,14947642,14947836,194,mRNA
40983,14946704,14946819,115,mRNA
40984,14946477,14946603,126,mRNA
40985,14946106,14946417,311,mRNA
40986,14950687,14950911,224,mRNA
40987,14949374,14949424,50,mRNA
40988,14948917,14949002,85,mRNA
40989,14947894,14948850,956,mRNA
40990,14947642,14947836,194,mRNA
40991,14946704,14946819,115,mRNA
40992,14946477,14946603,126,mRNA
40993,14946106,14946417,311,mRNA
40994,14950687,14950911,224,mRNA
40995,14949374,14949424,50,mRNA
40996,14948917,14949002,85,mRNA
40997,14947894,14948850,956,mRNA
40998,14947642,14947836,194,mRNA
40999,14947179,14947300,121,mRNA
41000,14946477,14946603,126,mRNA
41001,14946106,14946417,311,mRNA
41002,14950687,14950911,224,mRNA
41003,14949374,14949424,50,mRNA
41004,14948917,14949002,85,mRNA
41005,14947894,14948850,956,mRNA
41006,14947642,14947836,194,mRNA
41007,14947179,14947300,121,mRNA
41008,14946704,14946819,115,mRNA
41009,14946477,14946603,126,mRNA
41010,14946106,14946417,311,mRNA
41011,14961568,14961774,206,CDS
41012,14961386,14961506,120,CDS
41013,14949374,14949424,50,CDS
41014,14948917,14949002,85,CDS
41015,14947894,14948850,956,CDS
41016,14947642,14947836,194,CDS
41017,14946704,14946819,115,CDS
41018,14946516,14946603,87,CDS
41019,14961568,14961774,206,CDS
41020,14961386,14961506,120,CDS
41021,14949374,14949424,50,CDS
41022,14948917,14949002,85,CDS
41023,14947894,14948850,956,CDS
41024,14947642,14947836,194,CDS
41025,14946704,14946819,115,CDS
41026,14946516,14946603,87,CDS
41027,14961568,14961774,206,CDS
41028,14961386,14961506,120,CDS
41029,14949374,14949424,50,CDS
41030,14948917,14949002,85,CDS
41031,14947894,14948850,956,CDS
41032,14947642,14947836,194,CDS
41033,14947179,14947300,121,CDS
41034,14946516,14946603,87,CDS
41035,14953087,14953515,428,CDS
41036,14951635,14952568,933,CDS
41037,14949374,14949424,50,CDS
41038,14948917,14949002,85,CDS
41039,14947894,14948850,956,CDS
41040,14947642,14947836,194,CDS
41041,14946704,14946819,115,CDS
41042,14946516,14946603,87,CDS
41043,14953087,14953515,428,CDS
41044,14951635,14952589,954,CDS
41045,14949374,14949424,50,CDS
41046,14948917,14949002,85,CDS
41047,14947894,14948850,956,CDS
41048,14947642,14947836,194,CDS
41049,14946704,14946819,115,CDS
41050,14946516,14946603,87,CDS
41051,14950687,14950768,81,CDS
41052,14949374,14949424,50,CDS
41053,14948917,14949002,85,CDS
41054,14947894,14948850,956,CDS
41055,14947642,14947836,194,CDS
41056,14946704,14946819,115,CDS
41057,14946516,14946603,87,CDS
41058,14950687,14950768,81,CDS
41059,14949374,14949424,50,CDS
41060,14948917,14949002,85,CDS
41061,14947894,14948850,956,CDS
41062,14947642,14947836,194,CDS
41063,14947179,14947300,121,CDS
41064,14946516,14946603,87,CDS
41065,14949660,14949726,66,CDS
41066,14949374,14949424,50,CDS
41067,14948917,14949002,85,CDS
41068,14947894,14948850,956,CDS
41069,14947642,14947836,194,CDS
41070,14946704,14946819,115,CDS
41071,14946516,14946603,87,CDS
41072,14949559,14949577,18,CDS
41073,14949374,14949424,50,CDS
41074,14948917,14949002,85,CDS
41075,14947894,14948850,956,CDS
41076,14947642,14947836,194,CDS
41077,14946704,14946819,115,CDS
41078,14946516,14946603,87,CDS
41079,14950687,14950768,81,CDS
41080,14949374,14949424,50,CDS
41081,14948917,14949002,85,CDS
41082,14947894,14948850,956,CDS
41083,14947642,14947836,194,CDS
41084,14947179,14947300,121,CDS
41085,14946777,14946819,42,CDS
41086,14963292,14980795,17503,gene
41087,14963292,14963925,633,mRNA
41088,14971730,14972756,1026,mRNA
41089,14977240,14977473,233,mRNA
41090,14977687,14977923,236,mRNA
41091,14978230,14978706,476,mRNA
41092,14978837,14980795,1958,mRNA
41093,14963292,14963925,633,mRNA
41094,14971730,14972756,1026,mRNA
41095,14977240,14977473,233,mRNA
41096,14977687,14977923,236,mRNA
41097,14978230,14978706,476,mRNA
41098,14978837,14980584,1747,mRNA
41099,14963292,14963925,633,mRNA
41100,14971730,14972756,1026,mRNA
41101,14977240,14977473,233,mRNA
41102,14978230,14978706,476,mRNA
41103,14978837,14980584,1747,mRNA
41104,14965684,14965999,315,mRNA
41105,14971730,14972756,1026,mRNA
41106,14977240,14977473,233,mRNA
41107,14977687,14977923,236,mRNA
41108,14978230,14978706,476,mRNA
41109,14978837,14980584,1747,mRNA
41110,14971779,14972756,977,CDS
41111,14977240,14977473,233,CDS
41112,14977687,14977923,236,CDS
41113,14978230,14978706,476,CDS
41114,14978837,14979685,848,CDS
41115,14971779,14972756,977,CDS
41116,14977240,14977473,233,CDS
41117,14977687,14977923,236,CDS
41118,14978230,14978706,476,CDS
41119,14978837,14979685,848,CDS
41120,14971779,14972756,977,CDS
41121,14977240,14977473,233,CDS
41122,14977687,14977923,236,CDS
41123,14978230,14978706,476,CDS
41124,14978837,14979685,848,CDS
41125,14971779,14972756,977,CDS
41126,14977240,14977473,233,CDS
41127,14978230,14978706,476,CDS
41128,14978837,14979685,848,CDS
41129,14975922,14976179,257,mRNA
41130,14977240,14977473,233,mRNA
41131,14977687,14977923,236,mRNA
41132,14978230,14978706,476,mRNA
41133,14978837,14980795,1958,mRNA
41134,14976048,14976179,131,CDS
41135,14977240,14977473,233,CDS
41136,14977687,14977923,236,CDS
41137,14978230,14978706,476,CDS
41138,14978837,14979685,848,CDS
41139,14981263,14991336,10073,gene
41140,14981263,14981823,560,mRNA
41141,14989553,14989615,62,mRNA
41142,14989682,14989859,177,mRNA
41143,14989923,14991336,1413,mRNA
41144,14981782,14981823,41,CDS
41145,14989553,14989615,62,CDS
41146,14989682,14989859,177,CDS
41147,14989923,14991073,1150,CDS
41148,14984327,14984408,81,gene
41149,14984327,14984408,81,tRNA
41150,14987660,14992230,4570,gene
41151,14992036,14992230,194,mRNA
41152,14988935,14989478,543,mRNA
41153,14988762,14988873,111,mRNA
41154,14988143,14988701,558,mRNA
41155,14987660,14988083,423,mRNA
41156,14988935,14989443,508,CDS
41157,14988762,14988873,111,CDS
41158,14988143,14988701,558,CDS
41159,14987932,14988083,151,CDS
41160,14992332,14993835,1503,gene
41161,14993512,14993835,323,mRNA
41162,14992955,14993428,473,mRNA
41163,14992332,14992901,569,mRNA
41164,14993512,14993835,323,mRNA
41165,14992523,14993428,905,mRNA
41166,14993512,14993751,239,CDS
41167,14992646,14993428,782,CDS
41168,14993512,14993751,239,CDS
41169,14992955,14993428,473,CDS
41170,14992893,14992901,8,CDS
41171,14994559,14995195,636,gene
41172,14994559,14994690,131,ncRNA
41173,14994788,14995195,407,ncRNA
41174,14994559,14994690,131,ncRNA
41175,14994805,14995195,390,ncRNA
41176,15004801,15005049,248,mobile_element
41177,15011396,15042134,30738,gene
41178,15011396,15011830,434,mRNA
41179,15035981,15036508,527,mRNA
41180,15036605,15036775,170,mRNA
41181,15036864,15037154,290,mRNA
41182,15037357,15037656,299,mRNA
41183,15037783,15038073,290,mRNA
41184,15038133,15038435,302,mRNA
41185,15038509,15038793,284,mRNA
41186,15038870,15039151,281,mRNA
41187,15039248,15040050,802,mRNA
41188,15040117,15040521,404,mRNA
41189,15040751,15042134,1383,mRNA
41190,15011396,15011830,434,mRNA
41191,15035981,15036508,527,mRNA
41192,15036605,15036775,170,mRNA
41193,15036864,15037154,290,mRNA
41194,15037357,15037656,299,mRNA
41195,15037783,15038073,290,mRNA
41196,15038133,15038435,302,mRNA
41197,15038509,15038793,284,mRNA
41198,15038870,15039151,281,mRNA
41199,15039248,15040050,802,mRNA
41200,15040117,15040521,404,mRNA
41201,15040751,15041378,627,mRNA
41202,15011396,15011830,434,mRNA
41203,15035981,15036508,527,mRNA
41204,15036605,15036775,170,mRNA
41205,15036864,15037154,290,mRNA
41206,15037357,15037656,299,mRNA
41207,15037783,15038073,290,mRNA
41208,15038133,15038435,302,mRNA
41209,15038509,15038793,284,mRNA
41210,15038870,15039151,281,mRNA
41211,15039248,15040050,802,mRNA
41212,15040138,15040521,383,mRNA
41213,15040751,15041378,627,mRNA
41214,15011791,15011830,39,CDS
41215,15035981,15036508,527,CDS
41216,15036605,15036775,170,CDS
41217,15036864,15037154,290,CDS
41218,15037357,15037656,299,CDS
41219,15037783,15038073,290,CDS
41220,15038133,15038435,302,CDS
41221,15038509,15038793,284,CDS
41222,15038870,15039151,281,CDS
41223,15039248,15040050,802,CDS
41224,15040117,15040521,404,CDS
41225,15040751,15040759,8,CDS
41226,15011791,15011830,39,CDS
41227,15035981,15036508,527,CDS
41228,15036605,15036775,170,CDS
41229,15036864,15037154,290,CDS
41230,15037357,15037656,299,CDS
41231,15037783,15038073,290,CDS
41232,15038133,15038435,302,CDS
41233,15038509,15038793,284,CDS
41234,15038870,15039151,281,CDS
41235,15039248,15040050,802,CDS
41236,15040117,15040521,404,CDS
41237,15040751,15040759,8,CDS
41238,15011791,15011830,39,CDS
41239,15035981,15036508,527,CDS
41240,15036605,15036775,170,CDS
41241,15036864,15037154,290,CDS
41242,15037357,15037656,299,CDS
41243,15037783,15038073,290,CDS
41244,15038133,15038435,302,CDS
41245,15038509,15038793,284,CDS
41246,15038870,15039151,281,CDS
41247,15039248,15040050,802,CDS
41248,15040138,15040521,383,CDS
41249,15040751,15040759,8,CDS
41250,15013047,15013522,475,gene
41251,15013434,15013522,88,mRNA
41252,15013047,15013362,315,mRNA
41253,15013434,15013499,65,CDS
41254,15013099,15013362,263,CDS
41255,15015512,15022878,7366,mobile_element
41256,15024375,15024839,464,gene
41257,15024777,15024839,62,mRNA
41258,15024375,15024709,334,mRNA
41259,15024777,15024839,62,CDS
41260,15024419,15024709,290,CDS
41261,15025104,15025665,561,gene
41262,15025104,15025665,561,ncRNA
41263,15049775,15050355,580,gene
41264,15049775,15050355,580,ncRNA
41265,15055503,15056241,738,gene
41266,15056191,15056241,50,mRNA
41267,15055977,15056132,155,mRNA
41268,15055750,15055920,170,mRNA
41269,15055503,15055685,182,mRNA
41270,15056191,15056241,50,mRNA
41271,15055977,15056132,155,mRNA
41272,15055750,15055920,170,mRNA
41273,15055503,15055691,188,mRNA
41274,15056191,15056241,50,CDS
41275,15055977,15056132,155,CDS
41276,15055750,15055920,170,CDS
41277,15055503,15055685,182,CDS
41278,15056191,15056241,50,CDS
41279,15055977,15056132,155,CDS
41280,15055750,15055920,170,CDS
41281,15055503,15055691,188,CDS
41282,15085034,15092025,6991,mobile_element
41283,15091945,15092445,500,gene
41284,15091945,15092133,188,ncRNA
41285,15092187,15092445,258,ncRNA
41286,15091945,15092128,183,ncRNA
41287,15092187,15092445,258,ncRNA
41288,15115236,15144783,29547,gene
41289,15115236,15115688,452,mRNA
41290,15138102,15138436,334,mRNA
41291,15138509,15138981,472,mRNA
41292,15139079,15140095,1016,mRNA
41293,15140983,15141300,317,mRNA
41294,15141837,15143633,1796,mRNA
41295,15115236,15115688,452,mRNA
41296,15138102,15138436,334,mRNA
41297,15138509,15138981,472,mRNA
41298,15139079,15140095,1016,mRNA
41299,15141837,15143633,1796,mRNA
41300,15115461,15115688,227,mRNA
41301,15138102,15138436,334,mRNA
41302,15138509,15138981,472,mRNA
41303,15139079,15140095,1016,mRNA
41304,15140471,15140677,206,mRNA
41305,15140974,15141300,326,mRNA
41306,15141837,15144783,2946,mRNA
41307,15115461,15115688,227,mRNA
41308,15138102,15138436,334,mRNA
41309,15138509,15138981,472,mRNA
41310,15139079,15140095,1016,mRNA
41311,15140378,15140677,299,mRNA
41312,15140983,15141300,317,mRNA
41313,15141837,15143633,1796,mRNA
41314,15115461,15115688,227,mRNA
41315,15138102,15138436,334,mRNA
41316,15138509,15138981,472,mRNA
41317,15139079,15140095,1016,mRNA
41318,15140471,15140721,250,mRNA
41319,15119372,15127796,8424,mobile_element
41320,15128826,15129185,359,mRNA
41321,15138102,15138436,334,mRNA
41322,15138509,15138981,472,mRNA
41323,15139079,15140095,1016,mRNA
41324,15140471,15140677,206,mRNA
41325,15140974,15141300,326,mRNA
41326,15141837,15144783,2946,mRNA
41327,15128826,15129185,359,mRNA
41328,15138102,15138436,334,mRNA
41329,15138509,15138981,472,mRNA
41330,15139079,15140095,1016,mRNA
41331,15140471,15140677,206,mRNA
41332,15140983,15141300,317,mRNA
41333,15141837,15144783,2946,mRNA
41334,15128826,15129185,359,mRNA
41335,15138102,15138436,334,mRNA
41336,15138509,15138981,472,mRNA
41337,15139079,15140095,1016,mRNA
41338,15140974,15141300,326,mRNA
41339,15141837,15144783,2946,mRNA
41340,15128826,15129185,359,mRNA
41341,15138102,15138436,334,mRNA
41342,15138509,15138981,472,mRNA
41343,15139079,15140095,1016,mRNA
41344,15141837,15144783,2946,mRNA
41345,15138215,15138436,221,CDS
41346,15138509,15138981,472,CDS
41347,15139079,15140095,1016,CDS
41348,15140471,15140677,206,CDS
41349,15140974,15141300,326,CDS
41350,15141837,15143451,1614,CDS
41351,15138215,15138436,221,CDS
41352,15138509,15138981,472,CDS
41353,15139079,15140095,1016,CDS
41354,15140471,15140677,206,CDS
41355,15140974,15141300,326,CDS
41356,15141837,15143451,1614,CDS
41357,15138215,15138436,221,CDS
41358,15138509,15138981,472,CDS
41359,15139079,15140095,1016,CDS
41360,15140471,15140677,206,CDS
41361,15140983,15141300,317,CDS
41362,15141837,15143451,1614,CDS
41363,15138215,15138436,221,CDS
41364,15138509,15138981,472,CDS
41365,15139079,15140095,1016,CDS
41366,15140974,15141300,326,CDS
41367,15141837,15143451,1614,CDS
41368,15138215,15138436,221,CDS
41369,15138509,15138981,472,CDS
41370,15139079,15140095,1016,CDS
41371,15140983,15141300,317,CDS
41372,15141837,15143451,1614,CDS
41373,15138215,15138436,221,CDS
41374,15138509,15138981,472,CDS
41375,15139079,15140095,1016,CDS
41376,15141837,15143451,1614,CDS
41377,15138215,15138436,221,CDS
41378,15138509,15138981,472,CDS
41379,15139079,15140095,1016,CDS
41380,15141837,15143451,1614,CDS
41381,15138215,15138436,221,CDS
41382,15138509,15138981,472,CDS
41383,15139079,15140095,1016,CDS
41384,15140471,15140681,210,CDS
41385,15138215,15138436,221,CDS
41386,15138509,15138981,472,CDS
41387,15139079,15140095,1016,CDS
41388,15140378,15140384,6,CDS
41389,15144968,15145519,551,gene
41390,15145383,15145519,136,mRNA
41391,15145179,15145271,92,mRNA
41392,15144968,15145090,122,mRNA
41393,15145383,15145440,57,CDS
41394,15145179,15145271,92,CDS
41395,15145068,15145090,22,CDS
41396,15145825,15147824,1999,gene
41397,15145825,15147824,1999,mRNA
41398,15145881,15147755,1874,CDS
41399,15147860,15149709,1849,gene
41400,15147860,15148088,228,mRNA
41401,15148150,15148360,210,mRNA
41402,15148412,15148823,411,mRNA
41403,15148884,15149077,193,mRNA
41404,15149164,15149709,545,mRNA
41405,15147860,15148088,228,mRNA
41406,15148150,15148360,210,mRNA
41407,15148412,15148823,411,mRNA
41408,15148884,15149077,193,mRNA
41409,15149171,15149709,538,mRNA
41410,15147966,15148088,122,CDS
41411,15148150,15148360,210,CDS
41412,15148412,15148823,411,CDS
41413,15148884,15149055,171,CDS
41414,15147966,15148088,122,CDS
41415,15148150,15148360,210,CDS
41416,15148412,15148823,411,CDS
41417,15148884,15149055,171,CDS
41418,15155437,15190292,34855,gene
41419,15155437,15156215,778,mRNA
41420,15163886,15164026,140,mRNA
41421,15164582,15164639,57,mRNA
41422,15180513,15180710,197,mRNA
41423,15188756,15190292,1536,mRNA
41424,15155437,15156215,778,mRNA
41425,15180513,15180710,197,mRNA
41426,15188756,15190292,1536,mRNA
41427,15155918,15156215,297,CDS
41428,15180513,15180710,197,CDS
41429,15188756,15188982,226,CDS
41430,15159196,15159545,349,gene
41431,15159196,15159545,349,ncRNA
41432,15164920,15165100,180,mRNA
41433,15180513,15180710,197,mRNA
41434,15188756,15190292,1536,mRNA
41435,15180569,15180710,141,CDS
41436,15188756,15188982,226,CDS
41437,15180569,15180710,141,CDS
41438,15188756,15188982,226,CDS
41439,15185158,15185952,794,gene
41440,15185158,15185952,794,mRNA
41441,15185277,15185903,626,CDS
41442,15192628,15193228,600,gene
41443,15193068,15193228,160,mRNA
41444,15192628,15193004,376,mRNA
41445,15193068,15193221,153,CDS
41446,15192739,15193004,265,CDS
41447,15193996,15194505,509,gene
41448,15194390,15194505,115,mRNA
41449,15193996,15194323,327,mRNA
41450,15194390,15194505,115,CDS
41451,15194221,15194323,102,CDS
41452,15199065,15201200,2135,gene
41453,15200989,15201200,211,mRNA
41454,15200657,15200927,270,mRNA
41455,15200371,15200596,225,mRNA
41456,15200119,15200303,184,mRNA
41457,15199878,15200059,181,mRNA
41458,15199635,15199820,185,mRNA
41459,15199065,15199582,517,mRNA
41460,15200989,15201030,41,CDS
41461,15200657,15200927,270,CDS
41462,15200371,15200596,225,CDS
41463,15200119,15200303,184,CDS
41464,15199878,15200059,181,CDS
41465,15199635,15199820,185,CDS
41466,15199307,15199582,275,CDS
41467,15201253,15204466,3213,gene
41468,15201253,15201373,120,mRNA
41469,15201467,15201831,364,mRNA
41470,15201894,15202127,233,mRNA
41471,15203022,15203901,879,mRNA
41472,15203961,15204466,505,mRNA
41473,15201253,15201319,66,mRNA
41474,15201467,15201831,364,mRNA
41475,15201894,15202127,233,mRNA
41476,15203022,15203901,879,mRNA
41477,15203961,15204175,214,mRNA
41478,15204235,15204466,231,mRNA
41479,15201507,15201831,324,mRNA
41480,15201894,15202127,233,mRNA
41481,15203022,15203901,879,mRNA
41482,15203961,15204466,505,mRNA
41483,15201616,15201831,215,CDS
41484,15201894,15202127,233,CDS
41485,15203022,15203901,879,CDS
41486,15203961,15204106,145,CDS
41487,15201616,15201831,215,CDS
41488,15201894,15202127,233,CDS
41489,15203022,15203901,879,CDS
41490,15203961,15204106,145,CDS
41491,15201616,15201831,215,CDS
41492,15201894,15202127,233,CDS
41493,15203022,15203901,879,CDS
41494,15203961,15204106,145,CDS
41495,15202193,15202987,794,gene
41496,15202193,15202987,794,mRNA
41497,15202193,15202954,761,CDS
41498,15204654,15206334,1680,gene
41499,15204654,15206334,1680,exon
41500,15206527,15213634,7107,gene
41501,15212607,15213634,1027,mRNA
41502,15211726,15212555,829,mRNA
41503,15211577,15211667,90,mRNA
41504,15210245,15211068,823,mRNA
41505,15209812,15210179,367,mRNA
41506,15206527,15207799,1272,mRNA
41507,15212607,15213634,1027,mRNA
41508,15211726,15212555,829,mRNA
41509,15211577,15211667,90,mRNA
41510,15210245,15211068,823,mRNA
41511,15209812,15210179,367,mRNA
41512,15206527,15207799,1272,mRNA
41513,15212607,15213489,882,CDS
41514,15211726,15212555,829,CDS
41515,15211577,15211667,90,CDS
41516,15210245,15211068,823,CDS
41517,15209812,15210179,367,CDS
41518,15206890,15207799,909,CDS
41519,15212607,15213489,882,CDS
41520,15211726,15212555,829,CDS
41521,15211577,15211667,90,CDS
41522,15210245,15211068,823,CDS
41523,15209812,15210179,367,CDS
41524,15206950,15207799,849,CDS
41525,15207993,15209786,1793,gene
41526,15207993,15209786,1793,mRNA
41527,15207993,15209786,1793,CDS
41528,15212607,15213634,1027,mRNA
41529,15211726,15212555,829,mRNA
41530,15211245,15211667,422,mRNA
41531,15212607,15213489,882,CDS
41532,15211726,15212555,829,CDS
41533,15211572,15211667,95,CDS
41534,15214060,15215686,1626,gene
41535,15215508,15215686,178,mRNA
41536,15214060,15215435,1375,mRNA
41537,15215508,15215686,178,mRNA
41538,15214281,15215435,1154,mRNA
41539,15215508,15215600,92,CDS
41540,15214332,15215435,1103,CDS
41541,15215508,15215600,92,CDS
41542,15214332,15215435,1103,CDS
41543,15216207,15217070,863,gene
41544,15216207,15216878,671,mRNA
41545,15216942,15217070,128,mRNA
41546,15216300,15216878,578,CDS
41547,15216942,15217022,80,CDS
41548,15217024,15217617,593,gene
41549,15217024,15217617,593,mRNA
41550,15217064,15217564,500,CDS
41551,15217995,15218195,200,gene
41552,15217995,15218195,200,ncRNA
41553,15218379,15224795,6416,gene
41554,15218379,15218655,276,mRNA
41555,15218713,15218836,123,mRNA
41556,15221429,15221565,136,mRNA
41557,15221728,15221823,95,mRNA
41558,15221899,15221980,81,mRNA
41559,15222497,15222982,485,mRNA
41560,15223042,15223159,117,mRNA
41561,15223221,15223326,105,mRNA
41562,15223384,15224795,1411,mRNA
41563,15218379,15218655,276,mRNA
41564,15218713,15218836,123,mRNA
41565,15221429,15221565,136,mRNA
41566,15221728,15221823,95,mRNA
41567,15221899,15222425,526,mRNA
41568,15222497,15222982,485,mRNA
41569,15223042,15223159,117,mRNA
41570,15223221,15223326,105,mRNA
41571,15223384,15223671,287,mRNA
41572,15218379,15218655,276,mRNA
41573,15218713,15218836,123,mRNA
41574,15221429,15221565,136,mRNA
41575,15221728,15221823,95,mRNA
41576,15221899,15221980,81,mRNA
41577,15222044,15222425,381,mRNA
41578,15222497,15222982,485,mRNA
41579,15223042,15223159,117,mRNA
41580,15223221,15223326,105,mRNA
41581,15223384,15223671,287,mRNA
41582,15218381,15218655,274,mRNA
41583,15218713,15218836,123,mRNA
41584,15221429,15221565,136,mRNA
41585,15221728,15221817,89,mRNA
41586,15222044,15222425,381,mRNA
41587,15222497,15222982,485,mRNA
41588,15223042,15223159,117,mRNA
41589,15223221,15223326,105,mRNA
41590,15223384,15223883,499,mRNA
41591,15218381,15218655,274,mRNA
41592,15218713,15218836,123,mRNA
41593,15221429,15221565,136,mRNA
41594,15221728,15221823,95,mRNA
41595,15222044,15222425,381,mRNA
41596,15222497,15222982,485,mRNA
41597,15223042,15223159,117,mRNA
41598,15223221,15223326,105,mRNA
41599,15223384,15223815,431,mRNA
41600,15218464,15218655,191,CDS
41601,15218713,15218836,123,CDS
41602,15221429,15221565,136,CDS
41603,15221728,15221823,95,CDS
41604,15221899,15221980,81,CDS
41605,15222497,15222982,485,CDS
41606,15223042,15223159,117,CDS
41607,15223221,15223326,105,CDS
41608,15223384,15223548,164,CDS
41609,15218464,15218655,191,CDS
41610,15218713,15218836,123,CDS
41611,15221429,15221565,136,CDS
41612,15221728,15221823,95,CDS
41613,15222044,15222425,381,CDS
41614,15222497,15222982,485,CDS
41615,15223042,15223159,117,CDS
41616,15223221,15223326,105,CDS
41617,15223384,15223548,164,CDS
41618,15218464,15218655,191,CDS
41619,15218713,15218836,123,CDS
41620,15221429,15221565,136,CDS
41621,15221728,15221817,89,CDS
41622,15222044,15222425,381,CDS
41623,15222497,15222982,485,CDS
41624,15223042,15223159,117,CDS
41625,15223221,15223326,105,CDS
41626,15223384,15223548,164,CDS
41627,15218464,15218655,191,CDS
41628,15218713,15218836,123,CDS
41629,15221429,15221565,136,CDS
41630,15221728,15221823,95,CDS
41631,15221899,15222102,203,CDS
41632,15218464,15218655,191,CDS
41633,15218713,15218836,123,CDS
41634,15221429,15221565,136,CDS
41635,15221728,15221823,95,CDS
41636,15221899,15221980,81,CDS
41637,15222044,15222102,58,CDS
41638,15218837,15220329,1492,gene
41639,15218837,15220329,1492,mRNA
41640,15218900,15220264,1364,CDS
41641,15223560,15241589,18029,gene
41642,15241197,15241589,392,mRNA
41643,15235861,15236505,644,mRNA
41644,15234858,15235043,185,mRNA
41645,15233918,15234792,874,mRNA
41646,15233690,15233810,120,mRNA
41647,15232311,15232559,248,mRNA
41648,15224322,15224446,124,mRNA
41649,15223560,15224255,695,mRNA
41650,15241197,15241589,392,mRNA
41651,15239569,15239799,230,mRNA
41652,15235861,15236542,681,mRNA
41653,15234858,15235043,185,mRNA
41654,15233918,15234792,874,mRNA
41655,15233690,15233813,123,mRNA
41656,15232311,15232559,248,mRNA
41657,15224322,15224446,124,mRNA
41658,15223560,15224255,695,mRNA
41659,15235861,15236491,630,CDS
41660,15234858,15235043,185,CDS
41661,15233918,15234792,874,CDS
41662,15233690,15233810,120,CDS
41663,15232311,15232559,248,CDS
41664,15224322,15224446,124,CDS
41665,15224142,15224255,113,CDS
41666,15235861,15236491,630,CDS
41667,15234858,15235043,185,CDS
41668,15233918,15234792,874,CDS
41669,15233690,15233813,123,CDS
41670,15232311,15232559,248,CDS
41671,15224322,15224446,124,CDS
41672,15224142,15224255,113,CDS
41673,15226938,15232665,5727,gene
41674,15226938,15227112,174,ncRNA
41675,15227168,15227338,170,ncRNA
41676,15227406,15229627,2221,ncRNA
41677,15229691,15230246,555,ncRNA
41678,15230308,15232665,2357,ncRNA
41679,15226938,15227112,174,ncRNA
41680,15227168,15227338,170,ncRNA
41681,15227413,15228465,1052,ncRNA
41682,15229628,15230224,596,ncRNA
41683,15230308,15231628,1320,ncRNA
41684,15231691,15232665,974,ncRNA
41685,15248784,15258498,9714,gene
41686,15248784,15249483,699,mRNA
41687,15254046,15255036,990,mRNA
41688,15255122,15255224,102,mRNA
41689,15255286,15255870,584,mRNA
41690,15255933,15256062,129,mRNA
41691,15256233,15256595,362,mRNA
41692,15256664,15257546,882,mRNA
41693,15257611,15258498,887,mRNA
41694,15249296,15249483,187,CDS
41695,15254046,15255036,990,CDS
41696,15255122,15255224,102,CDS
41697,15255286,15255870,584,CDS
41698,15255933,15256062,129,CDS
41699,15256233,15256595,362,CDS
41700,15256664,15257546,882,CDS
41701,15257611,15257715,104,CDS
41702,15252650,15253010,360,mRNA
41703,15254046,15255036,990,mRNA
41704,15255122,15255224,102,mRNA
41705,15255286,15255870,584,mRNA
41706,15255933,15256062,129,mRNA
41707,15256233,15256595,362,mRNA
41708,15256664,15257546,882,mRNA
41709,15257611,15258498,887,mRNA
41710,15252823,15253010,187,CDS
41711,15254046,15255036,990,CDS
41712,15255122,15255224,102,CDS
41713,15255286,15255870,584,CDS
41714,15255933,15256062,129,CDS
41715,15256233,15256595,362,CDS
41716,15256664,15257546,882,CDS
41717,15257611,15257715,104,CDS
41718,15258246,15258290,44,mobile_element
41719,15258761,15262873,4112,gene
41720,15258761,15258924,163,mRNA
41721,15259278,15260229,951,mRNA
41722,15260311,15260413,102,mRNA
41723,15260480,15261070,590,mRNA
41724,15261130,15261259,129,mRNA
41725,15261324,15261686,362,mRNA
41726,15261750,15262485,735,mRNA
41727,15262552,15262873,321,mRNA
41728,15258767,15258924,157,CDS
41729,15259278,15260229,951,CDS
41730,15260311,15260413,102,CDS
41731,15260480,15261070,590,CDS
41732,15261130,15261259,129,CDS
41733,15261324,15261686,362,CDS
41734,15261750,15262485,735,CDS
41735,15262552,15262728,176,CDS
41736,15262808,15309368,46560,gene
41737,15309196,15309368,172,mRNA
41738,15306878,15307154,276,mRNA
41739,15293427,15293561,134,mRNA
41740,15284884,15284966,82,mRNA
41741,15282851,15283013,162,mRNA
41742,15282641,15282781,140,mRNA
41743,15282406,15282478,72,mRNA
41744,15281219,15281378,159,mRNA
41745,15280907,15281043,136,mRNA
41746,15279768,15279924,156,mRNA
41747,15279247,15279394,147,mRNA
41748,15278130,15278316,186,mRNA
41749,15277887,15278043,156,mRNA
41750,15277676,15277777,101,mRNA
41751,15275294,15275486,192,mRNA
41752,15275041,15275230,189,mRNA
41753,15274756,15274967,211,mRNA
41754,15274539,15274691,152,mRNA
41755,15272552,15272608,56,mRNA
41756,15271390,15271539,149,mRNA
41757,15271011,15271168,157,mRNA
41758,15270631,15270821,190,mRNA
41759,15270298,15270443,145,mRNA
41760,15268285,15268384,99,mRNA
41761,15268083,15268204,121,mRNA
41762,15267842,15267965,123,mRNA
41763,15267230,15267462,232,mRNA
41764,15266692,15266970,278,mRNA
41765,15265945,15266329,384,mRNA
41766,15265631,15265837,206,mRNA
41767,15265223,15265360,137,mRNA
41768,15264819,15264976,157,mRNA
41769,15262808,15264757,1949,mRNA
41770,15309196,15309368,172,mRNA
41771,15306878,15307298,420,mRNA
41772,15293427,15293561,134,mRNA
41773,15292773,15292969,196,mRNA
41774,15287354,15287410,56,mRNA
41775,15284884,15284966,82,mRNA
41776,15282851,15283013,162,mRNA
41777,15282641,15282781,140,mRNA
41778,15282406,15282478,72,mRNA
41779,15281219,15281378,159,mRNA
41780,15280907,15281043,136,mRNA
41781,15279768,15279924,156,mRNA
41782,15279247,15279394,147,mRNA
41783,15278130,15278316,186,mRNA
41784,15277887,15278043,156,mRNA
41785,15277676,15277777,101,mRNA
41786,15275294,15275486,192,mRNA
41787,15275041,15275230,189,mRNA
41788,15274756,15274967,211,mRNA
41789,15274539,15274691,152,mRNA
41790,15273326,15273388,62,mRNA
41791,15272552,15272608,56,mRNA
41792,15271390,15271539,149,mRNA
41793,15271011,15271168,157,mRNA
41794,15270631,15270821,190,mRNA
41795,15270298,15270443,145,mRNA
41796,15268285,15268384,99,mRNA
41797,15268083,15268204,121,mRNA
41798,15267842,15267965,123,mRNA
41799,15267230,15267462,232,mRNA
41800,15266692,15266970,278,mRNA
41801,15265945,15266329,384,mRNA
41802,15265631,15265837,206,mRNA
41803,15265223,15265360,137,mRNA
41804,15264819,15264976,157,mRNA
41805,15262808,15264757,1949,mRNA
41806,15308842,15308997,155,mRNA
41807,15306878,15307154,276,mRNA
41808,15293427,15293561,134,mRNA
41809,15292773,15292969,196,mRNA
41810,15284884,15284966,82,mRNA
41811,15282851,15283013,162,mRNA
41812,15282641,15282781,140,mRNA
41813,15282406,15282478,72,mRNA
41814,15281219,15281378,159,mRNA
41815,15280907,15281043,136,mRNA
41816,15279768,15279924,156,mRNA
41817,15279247,15279394,147,mRNA
41818,15278130,15278316,186,mRNA
41819,15277887,15278043,156,mRNA
41820,15277676,15277777,101,mRNA
41821,15275294,15275486,192,mRNA
41822,15275041,15275230,189,mRNA
41823,15274756,15274967,211,mRNA
41824,15274539,15274691,152,mRNA
41825,15272552,15272608,56,mRNA
41826,15271390,15271539,149,mRNA
41827,15271011,15271168,157,mRNA
41828,15270631,15270821,190,mRNA
41829,15270298,15270443,145,mRNA
41830,15268285,15268384,99,mRNA
41831,15268083,15268204,121,mRNA
41832,15267842,15267965,123,mRNA
41833,15267230,15267462,232,mRNA
41834,15266692,15266970,278,mRNA
41835,15265945,15266329,384,mRNA
41836,15265631,15265837,206,mRNA
41837,15265223,15265360,137,mRNA
41838,15264819,15264976,157,mRNA
41839,15262808,15264757,1949,mRNA
41840,15308842,15308997,155,mRNA
41841,15306878,15307298,420,mRNA
41842,15293427,15293561,134,mRNA
41843,15292773,15292969,196,mRNA
41844,15284884,15284966,82,mRNA
41845,15282851,15283013,162,mRNA
41846,15282641,15282781,140,mRNA
41847,15282406,15282478,72,mRNA
41848,15281219,15281378,159,mRNA
41849,15280907,15281043,136,mRNA
41850,15279768,15279924,156,mRNA
41851,15279247,15279394,147,mRNA
41852,15278130,15278316,186,mRNA
41853,15277887,15278043,156,mRNA
41854,15277676,15277777,101,mRNA
41855,15275294,15275486,192,mRNA
41856,15275041,15275230,189,mRNA
41857,15274756,15274967,211,mRNA
41858,15274539,15274691,152,mRNA
41859,15274220,15274294,74,mRNA
41860,15272552,15272608,56,mRNA
41861,15271390,15271539,149,mRNA
41862,15271011,15271168,157,mRNA
41863,15270631,15270821,190,mRNA
41864,15270298,15270443,145,mRNA
41865,15268285,15268384,99,mRNA
41866,15268083,15268204,121,mRNA
41867,15267842,15267965,123,mRNA
41868,15267230,15267462,232,mRNA
41869,15266692,15266970,278,mRNA
41870,15265945,15266329,384,mRNA
41871,15265631,15265837,206,mRNA
41872,15265223,15265360,137,mRNA
41873,15264819,15264976,157,mRNA
41874,15262808,15264757,1949,mRNA
41875,15290929,15291302,373,mRNA
41876,15284884,15284966,82,mRNA
41877,15282851,15283013,162,mRNA
41878,15282641,15282781,140,mRNA
41879,15282406,15282478,72,mRNA
41880,15281219,15281378,159,mRNA
41881,15280907,15281043,136,mRNA
41882,15279768,15279924,156,mRNA
41883,15279247,15279394,147,mRNA
41884,15278130,15278316,186,mRNA
41885,15277887,15278043,156,mRNA
41886,15277676,15277777,101,mRNA
41887,15275294,15275486,192,mRNA
41888,15275041,15275230,189,mRNA
41889,15274756,15274967,211,mRNA
41890,15274539,15274691,152,mRNA
41891,15271390,15271539,149,mRNA
41892,15271011,15271168,157,mRNA
41893,15270631,15270821,190,mRNA
41894,15270298,15270443,145,mRNA
41895,15268285,15268384,99,mRNA
41896,15268083,15268204,121,mRNA
41897,15267842,15267965,123,mRNA
41898,15267230,15267462,232,mRNA
41899,15266692,15266970,278,mRNA
41900,15265945,15266329,384,mRNA
41901,15265631,15265837,206,mRNA
41902,15264819,15264976,157,mRNA
41903,15262808,15264757,1949,mRNA
41904,15290929,15291302,373,mRNA
41905,15284884,15284966,82,mRNA
41906,15282851,15283013,162,mRNA
41907,15282641,15282781,140,mRNA
41908,15282406,15282478,72,mRNA
41909,15281219,15281378,159,mRNA
41910,15280907,15281043,136,mRNA
41911,15279768,15279924,156,mRNA
41912,15279247,15279394,147,mRNA
41913,15278130,15278316,186,mRNA
41914,15277887,15278043,156,mRNA
41915,15277676,15277777,101,mRNA
41916,15275294,15275486,192,mRNA
41917,15275041,15275230,189,mRNA
41918,15274756,15274967,211,mRNA
41919,15274539,15274691,152,mRNA
41920,15272552,15272608,56,mRNA
41921,15271390,15271539,149,mRNA
41922,15271011,15271168,157,mRNA
41923,15270631,15270821,190,mRNA
41924,15270298,15270443,145,mRNA
41925,15268285,15268384,99,mRNA
41926,15268083,15268204,121,mRNA
41927,15267842,15267965,123,mRNA
41928,15267230,15267462,232,mRNA
41929,15266692,15266970,278,mRNA
41930,15265945,15266329,384,mRNA
41931,15265631,15265837,206,mRNA
41932,15265223,15265360,137,mRNA
41933,15264819,15264976,157,mRNA
41934,15262808,15264757,1949,mRNA
41935,15290929,15291302,373,mRNA
41936,15284884,15284966,82,mRNA
41937,15282851,15283013,162,mRNA
41938,15282641,15282781,140,mRNA
41939,15282406,15282478,72,mRNA
41940,15281219,15281378,159,mRNA
41941,15280907,15281043,136,mRNA
41942,15279768,15279924,156,mRNA
41943,15279247,15279394,147,mRNA
41944,15278130,15278316,186,mRNA
41945,15277887,15278043,156,mRNA
41946,15277676,15277777,101,mRNA
41947,15275294,15275486,192,mRNA
41948,15275041,15275230,189,mRNA
41949,15274756,15274967,211,mRNA
41950,15274539,15274691,152,mRNA
41951,15272552,15272608,56,mRNA
41952,15271390,15271539,149,mRNA
41953,15271011,15271168,157,mRNA
41954,15270631,15270821,190,mRNA
41955,15270298,15270443,145,mRNA
41956,15269533,15269757,224,mRNA
41957,15268285,15268384,99,mRNA
41958,15268083,15268204,121,mRNA
41959,15267842,15267965,123,mRNA
41960,15267230,15267462,232,mRNA
41961,15266692,15266970,278,mRNA
41962,15265945,15266329,384,mRNA
41963,15265631,15265837,206,mRNA
41964,15265223,15265360,137,mRNA
41965,15264819,15264976,157,mRNA
41966,15262808,15264757,1949,mRNA
41967,15286138,15286597,459,mRNA
41968,15284884,15284966,82,mRNA
41969,15282851,15283013,162,mRNA
41970,15282641,15282781,140,mRNA
41971,15282406,15282478,72,mRNA
41972,15281219,15281378,159,mRNA
41973,15280907,15281043,136,mRNA
41974,15279768,15279924,156,mRNA
41975,15279247,15279394,147,mRNA
41976,15278130,15278316,186,mRNA
41977,15277887,15278043,156,mRNA
41978,15277676,15277777,101,mRNA
41979,15275294,15275486,192,mRNA
41980,15275041,15275230,189,mRNA
41981,15274756,15274967,211,mRNA
41982,15274539,15274691,152,mRNA
41983,15272552,15272608,56,mRNA
41984,15271390,15271539,149,mRNA
41985,15271011,15271168,157,mRNA
41986,15270631,15270821,190,mRNA
41987,15270298,15270443,145,mRNA
41988,15268285,15268384,99,mRNA
41989,15268083,15268204,121,mRNA
41990,15267842,15267965,123,mRNA
41991,15267230,15267462,232,mRNA
41992,15266692,15266970,278,mRNA
41993,15265945,15266329,384,mRNA
41994,15265631,15265837,206,mRNA
41995,15265223,15265360,137,mRNA
41996,15264819,15264976,157,mRNA
41997,15262808,15264757,1949,mRNA
41998,15293427,15293507,80,CDS
41999,15284884,15284966,82,CDS
42000,15282851,15283013,162,CDS
42001,15282641,15282781,140,CDS
42002,15282406,15282478,72,CDS
42003,15281219,15281378,159,CDS
42004,15280907,15281043,136,CDS
42005,15279768,15279924,156,CDS
42006,15279247,15279394,147,CDS
42007,15278130,15278316,186,CDS
42008,15277887,15278043,156,CDS
42009,15277676,15277777,101,CDS
42010,15275294,15275486,192,CDS
42011,15275041,15275230,189,CDS
42012,15274756,15274967,211,CDS
42013,15274539,15274691,152,CDS
42014,15272552,15272608,56,CDS
42015,15271390,15271539,149,CDS
42016,15271011,15271168,157,CDS
42017,15270631,15270821,190,CDS
42018,15270298,15270443,145,CDS
42019,15268285,15268384,99,CDS
42020,15268083,15268204,121,CDS
42021,15267842,15267965,123,CDS
42022,15267230,15267462,232,CDS
42023,15266692,15266970,278,CDS
42024,15265945,15266329,384,CDS
42025,15265631,15265837,206,CDS
42026,15265223,15265360,137,CDS
42027,15264819,15264976,157,CDS
42028,15263723,15264757,1034,CDS
42029,15292773,15292820,47,CDS
42030,15284884,15284966,82,CDS
42031,15282851,15283013,162,CDS
42032,15282641,15282781,140,CDS
42033,15282406,15282478,72,CDS
42034,15281219,15281378,159,CDS
42035,15280907,15281043,136,CDS
42036,15279768,15279924,156,CDS
42037,15279247,15279394,147,CDS
42038,15278130,15278316,186,CDS
42039,15277887,15278043,156,CDS
42040,15277676,15277777,101,CDS
42041,15275294,15275486,192,CDS
42042,15275041,15275230,189,CDS
42043,15274756,15274967,211,CDS
42044,15274539,15274691,152,CDS
42045,15272552,15272608,56,CDS
42046,15271390,15271539,149,CDS
42047,15271011,15271168,157,CDS
42048,15270631,15270821,190,CDS
42049,15270298,15270443,145,CDS
42050,15268285,15268384,99,CDS
42051,15268083,15268204,121,CDS
42052,15267842,15267965,123,CDS
42053,15267230,15267462,232,CDS
42054,15266692,15266970,278,CDS
42055,15265945,15266329,384,CDS
42056,15265631,15265837,206,CDS
42057,15265223,15265360,137,CDS
42058,15264819,15264976,157,CDS
42059,15263723,15264757,1034,CDS
42060,15292773,15292820,47,CDS
42061,15284884,15284966,82,CDS
42062,15282851,15283013,162,CDS
42063,15282641,15282781,140,CDS
42064,15282406,15282478,72,CDS
42065,15281219,15281378,159,CDS
42066,15280907,15281043,136,CDS
42067,15279768,15279924,156,CDS
42068,15279247,15279394,147,CDS
42069,15278130,15278316,186,CDS
42070,15277887,15278043,156,CDS
42071,15277676,15277777,101,CDS
42072,15275294,15275486,192,CDS
42073,15275041,15275230,189,CDS
42074,15274756,15274967,211,CDS
42075,15274539,15274691,152,CDS
42076,15274220,15274294,74,CDS
42077,15272552,15272608,56,CDS
42078,15271390,15271539,149,CDS
42079,15271011,15271168,157,CDS
42080,15270631,15270821,190,CDS
42081,15270298,15270443,145,CDS
42082,15268285,15268384,99,CDS
42083,15268083,15268204,121,CDS
42084,15267842,15267965,123,CDS
42085,15267230,15267462,232,CDS
42086,15266692,15266970,278,CDS
42087,15265945,15266329,384,CDS
42088,15265631,15265837,206,CDS
42089,15265223,15265360,137,CDS
42090,15264819,15264976,157,CDS
42091,15263723,15264757,1034,CDS
42092,15292773,15292820,47,CDS
42093,15287354,15287410,56,CDS
42094,15284884,15284966,82,CDS
42095,15282851,15283013,162,CDS
42096,15282641,15282781,140,CDS
42097,15282406,15282478,72,CDS
42098,15281219,15281378,159,CDS
42099,15280907,15281043,136,CDS
42100,15279768,15279924,156,CDS
42101,15279247,15279394,147,CDS
42102,15278130,15278316,186,CDS
42103,15277887,15278043,156,CDS
42104,15277676,15277777,101,CDS
42105,15275294,15275486,192,CDS
42106,15275041,15275230,189,CDS
42107,15274756,15274967,211,CDS
42108,15274539,15274691,152,CDS
42109,15273326,15273388,62,CDS
42110,15272552,15272608,56,CDS
42111,15271390,15271539,149,CDS
42112,15271011,15271168,157,CDS
42113,15270631,15270821,190,CDS
42114,15270298,15270443,145,CDS
42115,15268285,15268384,99,CDS
42116,15268083,15268204,121,CDS
42117,15267842,15267965,123,CDS
42118,15267230,15267462,232,CDS
42119,15266692,15266970,278,CDS
42120,15265945,15266329,384,CDS
42121,15265631,15265837,206,CDS
42122,15265223,15265360,137,CDS
42123,15264819,15264976,157,CDS
42124,15263723,15264757,1034,CDS
42125,15290929,15290955,26,CDS
42126,15284884,15284966,82,CDS
42127,15282851,15283013,162,CDS
42128,15282641,15282781,140,CDS
42129,15282406,15282478,72,CDS
42130,15281219,15281378,159,CDS
42131,15280907,15281043,136,CDS
42132,15279768,15279924,156,CDS
42133,15279247,15279394,147,CDS
42134,15278130,15278316,186,CDS
42135,15277887,15278043,156,CDS
42136,15277676,15277777,101,CDS
42137,15275294,15275486,192,CDS
42138,15275041,15275230,189,CDS
42139,15274756,15274967,211,CDS
42140,15274539,15274691,152,CDS
42141,15271390,15271539,149,CDS
42142,15271011,15271168,157,CDS
42143,15270631,15270821,190,CDS
42144,15270298,15270443,145,CDS
42145,15268285,15268384,99,CDS
42146,15268083,15268204,121,CDS
42147,15267842,15267965,123,CDS
42148,15267230,15267462,232,CDS
42149,15266692,15266970,278,CDS
42150,15265945,15266329,384,CDS
42151,15265631,15265837,206,CDS
42152,15264819,15264976,157,CDS
42153,15263723,15264757,1034,CDS
42154,15290929,15290955,26,CDS
42155,15284884,15284966,82,CDS
42156,15282851,15283013,162,CDS
42157,15282641,15282781,140,CDS
42158,15282406,15282478,72,CDS
42159,15281219,15281378,159,CDS
42160,15280907,15281043,136,CDS
42161,15279768,15279924,156,CDS
42162,15279247,15279394,147,CDS
42163,15278130,15278316,186,CDS
42164,15277887,15278043,156,CDS
42165,15277676,15277777,101,CDS
42166,15275294,15275486,192,CDS
42167,15275041,15275230,189,CDS
42168,15274756,15274967,211,CDS
42169,15274539,15274691,152,CDS
42170,15272552,15272608,56,CDS
42171,15271390,15271539,149,CDS
42172,15271011,15271168,157,CDS
42173,15270631,15270821,190,CDS
42174,15270298,15270443,145,CDS
42175,15268285,15268384,99,CDS
42176,15268083,15268204,121,CDS
42177,15267842,15267965,123,CDS
42178,15267230,15267462,232,CDS
42179,15266692,15266970,278,CDS
42180,15265945,15266329,384,CDS
42181,15265631,15265837,206,CDS
42182,15265223,15265360,137,CDS
42183,15264819,15264976,157,CDS
42184,15263723,15264757,1034,CDS
42185,15290929,15290955,26,CDS
42186,15284884,15284966,82,CDS
42187,15282851,15283013,162,CDS
42188,15282641,15282781,140,CDS
42189,15282406,15282478,72,CDS
42190,15281219,15281378,159,CDS
42191,15280907,15281043,136,CDS
42192,15279768,15279924,156,CDS
42193,15279247,15279394,147,CDS
42194,15278130,15278316,186,CDS
42195,15277887,15278043,156,CDS
42196,15277676,15277777,101,CDS
42197,15275294,15275486,192,CDS
42198,15275041,15275230,189,CDS
42199,15274756,15274967,211,CDS
42200,15274539,15274691,152,CDS
42201,15272552,15272608,56,CDS
42202,15271390,15271539,149,CDS
42203,15271011,15271168,157,CDS
42204,15270631,15270821,190,CDS
42205,15270298,15270443,145,CDS
42206,15269533,15269757,224,CDS
42207,15268285,15268384,99,CDS
42208,15268083,15268204,121,CDS
42209,15267842,15267965,123,CDS
42210,15267230,15267462,232,CDS
42211,15266692,15266970,278,CDS
42212,15265945,15266329,384,CDS
42213,15265631,15265837,206,CDS
42214,15265223,15265360,137,CDS
42215,15264819,15264976,157,CDS
42216,15263723,15264757,1034,CDS
42217,15286138,15286470,332,CDS
42218,15284884,15284966,82,CDS
42219,15282851,15283013,162,CDS
42220,15282641,15282781,140,CDS
42221,15282406,15282478,72,CDS
42222,15281219,15281378,159,CDS
42223,15280907,15281043,136,CDS
42224,15279768,15279924,156,CDS
42225,15279247,15279394,147,CDS
42226,15278130,15278316,186,CDS
42227,15277887,15278043,156,CDS
42228,15277676,15277777,101,CDS
42229,15275294,15275486,192,CDS
42230,15275041,15275230,189,CDS
42231,15274756,15274967,211,CDS
42232,15274539,15274691,152,CDS
42233,15272552,15272608,56,CDS
42234,15271390,15271539,149,CDS
42235,15271011,15271168,157,CDS
42236,15270631,15270821,190,CDS
42237,15270298,15270443,145,CDS
42238,15268285,15268384,99,CDS
42239,15268083,15268204,121,CDS
42240,15267842,15267965,123,CDS
42241,15267230,15267462,232,CDS
42242,15266692,15266970,278,CDS
42243,15265945,15266329,384,CDS
42244,15265631,15265837,206,CDS
42245,15265223,15265360,137,CDS
42246,15264819,15264976,157,CDS
42247,15263723,15264757,1034,CDS
42248,15290929,15291302,373,mRNA
42249,15284884,15284966,82,mRNA
42250,15282851,15283013,162,mRNA
42251,15282641,15282781,140,mRNA
42252,15282406,15282478,72,mRNA
42253,15281219,15281378,159,mRNA
42254,15280907,15281043,136,mRNA
42255,15279768,15279924,156,mRNA
42256,15279247,15279394,147,mRNA
42257,15278130,15278316,186,mRNA
42258,15277887,15278043,156,mRNA
42259,15277676,15277777,101,mRNA
42260,15275294,15275486,192,mRNA
42261,15275041,15275230,189,mRNA
42262,15274756,15274967,211,mRNA
42263,15274539,15274691,152,mRNA
42264,15272552,15272608,56,mRNA
42265,15271390,15271539,149,mRNA
42266,15271011,15271168,157,mRNA
42267,15270631,15270821,190,mRNA
42268,15270298,15270443,145,mRNA
42269,15268285,15268384,99,mRNA
42270,15268083,15268204,121,mRNA
42271,15267230,15267965,735,mRNA
42272,15266381,15266970,589,mRNA
42273,15290929,15290955,26,CDS
42274,15284884,15284966,82,CDS
42275,15282851,15283013,162,CDS
42276,15282641,15282781,140,CDS
42277,15282406,15282478,72,CDS
42278,15281219,15281378,159,CDS
42279,15280907,15281043,136,CDS
42280,15279768,15279924,156,CDS
42281,15279247,15279394,147,CDS
42282,15278130,15278316,186,CDS
42283,15277887,15278043,156,CDS
42284,15277676,15277777,101,CDS
42285,15275294,15275486,192,CDS
42286,15275041,15275230,189,CDS
42287,15274756,15274967,211,CDS
42288,15274539,15274691,152,CDS
42289,15272552,15272608,56,CDS
42290,15271390,15271539,149,CDS
42291,15271011,15271168,157,CDS
42292,15270631,15270821,190,CDS
42293,15270298,15270443,145,CDS
42294,15268285,15268384,99,CDS
42295,15268083,15268204,121,CDS
42296,15267777,15267965,188,CDS
42297,15294595,15295088,493,gene
42298,15294595,15295088,493,ncRNA
42299,15296764,15298329,1565,gene
42300,15297977,15298329,352,mRNA
42301,15296764,15297919,1155,mRNA
42302,15296764,15298329,1565,mRNA
42303,15297977,15298282,305,CDS
42304,15296837,15297919,1082,CDS
42305,15296837,15298282,1445,CDS
42306,15309590,15309797,207,mobile_element
42307,15309931,15311134,1203,gene
42308,15309931,15311134,1203,mRNA
42309,15310040,15311050,1010,CDS
42310,15311510,15318239,6729,gene
42311,15311510,15311967,457,mRNA
42312,15312033,15312817,784,mRNA
42313,15314618,15316614,1996,mRNA
42314,15316680,15317147,467,mRNA
42315,15317209,15317377,168,mRNA
42316,15317434,15318239,805,mRNA
42317,15311510,15311967,457,mRNA
42318,15312036,15312817,781,mRNA
42319,15314618,15316614,1996,mRNA
42320,15316680,15317147,467,mRNA
42321,15317209,15317377,168,mRNA
42322,15317434,15317834,400,mRNA
42323,15311510,15311967,457,mRNA
42324,15312033,15312964,931,mRNA
42325,15311780,15311967,187,CDS
42326,15312033,15312817,784,CDS
42327,15314618,15316614,1996,CDS
42328,15316680,15317147,467,CDS
42329,15317209,15317377,168,CDS
42330,15317434,15317711,277,CDS
42331,15311780,15311967,187,CDS
42332,15312036,15312817,781,CDS
42333,15314618,15316614,1996,CDS
42334,15316680,15317147,467,CDS
42335,15317209,15317377,168,CDS
42336,15317434,15317711,277,CDS
42337,15311780,15311967,187,CDS
42338,15312033,15312837,804,CDS
42339,15317817,15322171,4354,gene
42340,15321976,15322171,195,mRNA
42341,15320566,15321888,1322,mRNA
42342,15317817,15320508,2691,mRNA
42343,15321976,15322020,44,CDS
42344,15320566,15321888,1322,CDS
42345,15318580,15320508,1928,CDS
42346,15322501,15325490,2989,gene
42347,15322501,15322712,211,mRNA
42348,15323124,15323141,17,mRNA
42349,15323449,15323565,116,mRNA
42350,15323845,15324147,302,mRNA
42351,15324202,15325490,1288,mRNA
42352,15322501,15322741,240,mRNA
42353,15323124,15323141,17,mRNA
42354,15323449,15323565,116,mRNA
42355,15323845,15324147,302,mRNA
42356,15324202,15324892,690,mRNA
42357,15322501,15322741,240,mRNA
42358,15323449,15323565,116,mRNA
42359,15323845,15324147,302,mRNA
42360,15324202,15324892,690,mRNA
42361,15322501,15322712,211,mRNA
42362,15323449,15323565,116,mRNA
42363,15323845,15324147,302,mRNA
42364,15324202,15324892,690,mRNA
42365,15322803,15323030,227,mRNA
42366,15323124,15323141,17,mRNA
42367,15323449,15323565,116,mRNA
42368,15323845,15324147,302,mRNA
42369,15324202,15324892,690,mRNA
42370,15323484,15323565,81,CDS
42371,15323845,15324147,302,CDS
42372,15324202,15324344,142,CDS
42373,15323484,15323565,81,CDS
42374,15323845,15324147,302,CDS
42375,15324202,15324344,142,CDS
42376,15323484,15323565,81,CDS
42377,15323845,15324147,302,CDS
42378,15324202,15324344,142,CDS
42379,15323484,15323565,81,CDS
42380,15323845,15324147,302,CDS
42381,15324202,15324344,142,CDS
42382,15323484,15323565,81,CDS
42383,15323845,15324147,302,CDS
42384,15324202,15324344,142,CDS
42385,15325503,15326386,883,gene
42386,15326351,15326386,35,mRNA
42387,15325503,15326290,787,mRNA
42388,15325697,15325758,61,mobile_element
42389,15326351,15326386,35,mRNA
42390,15325900,15326290,390,mRNA
42391,15326351,15326362,11,CDS
42392,15325961,15326290,329,CDS
42393,15326351,15326362,11,CDS
42394,15325961,15326290,329,CDS
42395,15327143,15328271,1128,gene
42396,15328233,15328271,38,mRNA
42397,15327143,15328175,1032,mRNA
42398,15328233,15328244,11,CDS
42399,15327549,15328175,626,CDS
42400,15330395,15331195,800,gene
42401,15330395,15331195,800,ncRNA
42402,15331325,15339384,8059,gene
42403,15331325,15331646,321,mRNA
42404,15333577,15333967,390,mRNA
42405,15336084,15336187,103,mRNA
42406,15337348,15337462,114,mRNA
42407,15337752,15337807,55,mRNA
42408,15337893,15338210,317,mRNA
42409,15338399,15338607,208,mRNA
42410,15338686,15338847,161,mRNA
42411,15338911,15339075,164,mRNA
42412,15339138,15339384,246,mRNA
42413,15331601,15331646,45,CDS
42414,15333577,15333967,390,CDS
42415,15336084,15336187,103,CDS
42416,15337348,15337462,114,CDS
42417,15337752,15337807,55,CDS
42418,15337893,15338210,317,CDS
42419,15338399,15338607,208,CDS
42420,15338686,15338847,161,CDS
42421,15338911,15339075,164,CDS
42422,15339138,15339320,182,CDS
42423,15340472,15368300,27828,gene
42424,15340472,15340603,131,mRNA
42425,15350063,15350594,531,mRNA
42426,15356821,15357712,891,mRNA
42427,15358009,15358290,281,mRNA
42428,15358579,15358749,170,mRNA
42429,15360415,15360468,53,mRNA
42430,15361983,15362300,317,mRNA
42431,15364513,15364641,128,mRNA
42432,15364746,15364938,192,mRNA
42433,15365711,15365784,73,mRNA
42434,15365843,15368300,2457,mRNA
42435,15340746,15349272,8526,mobile_element
42436,15350133,15350594,461,mRNA
42437,15356821,15357712,891,mRNA
42438,15358009,15358290,281,mRNA
42439,15358579,15358749,170,mRNA
42440,15360415,15360468,53,mRNA
42441,15361983,15362300,317,mRNA
42442,15364513,15364641,128,mRNA
42443,15364746,15364938,192,mRNA
42444,15365711,15365784,73,mRNA
42445,15365843,15368300,2457,mRNA
42446,15357028,15357712,684,CDS
42447,15358009,15358290,281,CDS
42448,15358579,15358749,170,CDS
42449,15360415,15360468,53,CDS
42450,15361983,15362300,317,CDS
42451,15364513,15364641,128,CDS
42452,15364746,15364938,192,CDS
42453,15365711,15365784,73,CDS
42454,15365843,15367155,1312,CDS
42455,15357028,15357712,684,CDS
42456,15358009,15358290,281,CDS
42457,15358579,15358749,170,CDS
42458,15360415,15360468,53,CDS
42459,15361983,15362300,317,CDS
42460,15364513,15364641,128,CDS
42461,15364746,15364938,192,CDS
42462,15365711,15365784,73,CDS
42463,15365843,15367155,1312,CDS
42464,15368074,15371520,3446,gene
42465,15371319,15371520,201,mRNA
42466,15371097,15371256,159,mRNA
42467,15370896,15371039,143,mRNA
42468,15370260,15370828,568,mRNA
42469,15369570,15370206,636,mRNA
42470,15368794,15369507,713,mRNA
42471,15368486,15368739,253,mRNA
42472,15368074,15368433,359,mRNA
42473,15371319,15371444,125,CDS
42474,15371097,15371256,159,CDS
42475,15370896,15371039,143,CDS
42476,15370260,15370828,568,CDS
42477,15369570,15370206,636,CDS
42478,15368794,15369507,713,CDS
42479,15368486,15368739,253,CDS
42480,15368338,15368433,95,CDS
42481,15371695,15372595,900,gene
42482,15371695,15372595,900,ncRNA
42483,15372045,15372345,300,gene
42484,15372323,15372345,22,ncRNA
42485,15372045,15372267,222,ncRNA
42486,15372542,15373237,695,mobile_element
42487,15373240,15373750,510,gene
42488,15373240,15373670,430,exon
42489,15373727,15373750,23,exon
42490,15373890,15374721,831,gene
42491,15373890,15374642,752,exon
42492,15374698,15374721,23,exon
42493,15374846,15375702,856,gene
42494,15374846,15375611,765,exon
42495,15375667,15375702,35,exon
42496,15375834,15376481,647,gene
42497,15375834,15376394,560,exon
42498,15376450,15376481,31,exon
42499,15376619,15380988,4369,gene
42500,15380319,15380988,669,mRNA
42501,15379557,15380221,664,mRNA
42502,15376619,15378421,1802,mRNA
42503,15380319,15380614,295,mRNA
42504,15379557,15380221,664,mRNA
42505,15376619,15378421,1802,mRNA
42506,15380319,15380399,80,CDS
42507,15379557,15380221,664,CDS
42508,15376936,15378421,1485,CDS
42509,15380319,15380399,80,CDS
42510,15379557,15380221,664,CDS
42511,15376936,15378421,1485,CDS
42512,15380724,15387851,7127,gene
42513,15380724,15380881,157,mRNA
42514,15381413,15381558,145,mRNA
42515,15381850,15382413,563,mRNA
42516,15383403,15384299,896,mRNA
42517,15384496,15386443,1947,mRNA
42518,15380724,15380881,157,mRNA
42519,15381413,15381558,145,mRNA
42520,15381850,15382413,563,mRNA
42521,15383403,15384299,896,mRNA
42522,15384496,15386443,1947,mRNA
42523,15381449,15381747,298,mRNA
42524,15381850,15382413,563,mRNA
42525,15383403,15384299,896,mRNA
42526,15384496,15387851,3355,mRNA
42527,15381912,15382413,501,CDS
42528,15383403,15384299,896,CDS
42529,15384496,15385916,1420,CDS
42530,15381912,15382413,501,CDS
42531,15383403,15384299,896,CDS
42532,15384496,15385391,895,CDS
42533,15381912,15382413,501,CDS
42534,15383403,15384299,896,CDS
42535,15384496,15385391,895,CDS
42536,15383070,15383299,229,mRNA
42537,15383403,15384299,896,mRNA
42538,15384496,15387851,3355,mRNA
42539,15383269,15383299,30,CDS
42540,15383403,15384299,896,CDS
42541,15384496,15385391,895,CDS
42542,15401096,15471884,70788,gene
42543,15401096,15402383,1287,mRNA
42544,15409566,15410542,976,mRNA
42545,15415125,15416838,1713,mRNA
42546,15419351,15419551,200,mRNA
42547,15420676,15420784,108,mRNA
42548,15420851,15420956,105,mRNA
42549,15421527,15421643,116,mRNA
42550,15421942,15422187,245,mRNA
42551,15422717,15422896,179,mRNA
42552,15422970,15423095,125,mRNA
42553,15424259,15424405,146,mRNA
42554,15452857,15453008,151,mRNA
42555,15453741,15453797,56,mRNA
42556,15456435,15456559,124,mRNA
42557,15456660,15456815,155,mRNA
42558,15458899,15459267,368,mRNA
42559,15464471,15464686,215,mRNA
42560,15465358,15465491,133,mRNA
42561,15465650,15465745,95,mRNA
42562,15466579,15466773,194,mRNA
42563,15466849,15471884,5035,mRNA
42564,15401096,15402383,1287,mRNA
42565,15409566,15410542,976,mRNA
42566,15415125,15416838,1713,mRNA
42567,15419351,15419551,200,mRNA
42568,15420676,15420784,108,mRNA
42569,15420851,15420956,105,mRNA
42570,15421527,15421643,116,mRNA
42571,15421942,15422187,245,mRNA
42572,15422717,15422896,179,mRNA
42573,15422970,15423095,125,mRNA
42574,15424259,15424405,146,mRNA
42575,15452857,15453008,151,mRNA
42576,15453741,15453797,56,mRNA
42577,15456435,15456559,124,mRNA
42578,15456660,15456815,155,mRNA
42579,15458899,15459267,368,mRNA
42580,15464471,15464686,215,mRNA
42581,15465358,15465491,133,mRNA
42582,15465650,15465745,95,mRNA
42583,15466579,15466773,194,mRNA
42584,15466849,15471091,4242,mRNA
42585,15401096,15402383,1287,mRNA
42586,15409566,15410542,976,mRNA
42587,15415125,15416838,1713,mRNA
42588,15419351,15419551,200,mRNA
42589,15420676,15420784,108,mRNA
42590,15420851,15420956,105,mRNA
42591,15421527,15421643,116,mRNA
42592,15421942,15422187,245,mRNA
42593,15422717,15422896,179,mRNA
42594,15422970,15423095,125,mRNA
42595,15424259,15424405,146,mRNA
42596,15452857,15453008,151,mRNA
42597,15453741,15453797,56,mRNA
42598,15456435,15456559,124,mRNA
42599,15456660,15456815,155,mRNA
42600,15458899,15459267,368,mRNA
42601,15464471,15464686,215,mRNA
42602,15465358,15465491,133,mRNA
42603,15465650,15465745,95,mRNA
42604,15466579,15466773,194,mRNA
42605,15466849,15471091,4242,mRNA
42606,15401096,15402383,1287,mRNA
42607,15409566,15410542,976,mRNA
42608,15415125,15416838,1713,mRNA
42609,15419351,15419551,200,mRNA
42610,15420676,15420784,108,mRNA
42611,15420851,15420956,105,mRNA
42612,15421527,15421643,116,mRNA
42613,15421942,15422187,245,mRNA
42614,15422717,15422896,179,mRNA
42615,15422970,15423095,125,mRNA
42616,15424259,15424405,146,mRNA
42617,15452857,15453008,151,mRNA
42618,15456435,15456559,124,mRNA
42619,15456660,15456815,155,mRNA
42620,15458899,15459267,368,mRNA
42621,15460873,15461226,353,mRNA
42622,15465358,15465506,148,mRNA
42623,15465650,15465745,95,mRNA
42624,15466579,15466773,194,mRNA
42625,15466849,15471091,4242,mRNA
42626,15401096,15402383,1287,mRNA
42627,15409566,15410542,976,mRNA
42628,15415125,15416838,1713,mRNA
42629,15419351,15419551,200,mRNA
42630,15420676,15420784,108,mRNA
42631,15420851,15420956,105,mRNA
42632,15421527,15421643,116,mRNA
42633,15421942,15422187,245,mRNA
42634,15422717,15422896,179,mRNA
42635,15422970,15423095,125,mRNA
42636,15424259,15424405,146,mRNA
42637,15452857,15453008,151,mRNA
42638,15456435,15456559,124,mRNA
42639,15456660,15456815,155,mRNA
42640,15458899,15459267,368,mRNA
42641,15464471,15464686,215,mRNA
42642,15465331,15465491,160,mRNA
42643,15465650,15465745,95,mRNA
42644,15466579,15466773,194,mRNA
42645,15466849,15471091,4242,mRNA
42646,15401096,15402383,1287,mRNA
42647,15409566,15410542,976,mRNA
42648,15415125,15416838,1713,mRNA
42649,15419351,15419551,200,mRNA
42650,15420676,15420784,108,mRNA
42651,15420851,15420956,105,mRNA
42652,15421527,15421643,116,mRNA
42653,15421942,15422187,245,mRNA
42654,15422717,15422896,179,mRNA
42655,15422970,15423095,125,mRNA
42656,15424259,15424405,146,mRNA
42657,15452857,15453008,151,mRNA
42658,15456435,15456559,124,mRNA
42659,15456660,15456815,155,mRNA
42660,15458899,15459267,368,mRNA
42661,15465331,15465506,175,mRNA
42662,15465650,15465745,95,mRNA
42663,15466579,15466773,194,mRNA
42664,15466849,15471091,4242,mRNA
42665,15401096,15402383,1287,mRNA
42666,15409566,15410542,976,mRNA
42667,15415125,15416838,1713,mRNA
42668,15419351,15419551,200,mRNA
42669,15420676,15420784,108,mRNA
42670,15420851,15420956,105,mRNA
42671,15421527,15421643,116,mRNA
42672,15421942,15422187,245,mRNA
42673,15422717,15422896,179,mRNA
42674,15422970,15423095,125,mRNA
42675,15424259,15424405,146,mRNA
42676,15452857,15453008,151,mRNA
42677,15456435,15456559,124,mRNA
42678,15456660,15456815,155,mRNA
42679,15457748,15457924,176,mRNA
42680,15458899,15459267,368,mRNA
42681,15463298,15463846,548,mRNA
42682,15401096,15402383,1287,mRNA
42683,15409566,15410542,976,mRNA
42684,15415125,15416838,1713,mRNA
42685,15419351,15419551,200,mRNA
42686,15420676,15420784,108,mRNA
42687,15420851,15420956,105,mRNA
42688,15421527,15421643,116,mRNA
42689,15421942,15422187,245,mRNA
42690,15422717,15422896,179,mRNA
42691,15422970,15423095,125,mRNA
42692,15424259,15424405,146,mRNA
42693,15452857,15453008,151,mRNA
42694,15456435,15456559,124,mRNA
42695,15456660,15456815,155,mRNA
42696,15457748,15457924,176,mRNA
42697,15463298,15463846,548,mRNA
42698,15401096,15402383,1287,mRNA
42699,15409566,15410542,976,mRNA
42700,15415125,15416838,1713,mRNA
42701,15419351,15419551,200,mRNA
42702,15420676,15420784,108,mRNA
42703,15420851,15420956,105,mRNA
42704,15421527,15421643,116,mRNA
42705,15421942,15422187,245,mRNA
42706,15422717,15422896,179,mRNA
42707,15422970,15423095,125,mRNA
42708,15424259,15424405,146,mRNA
42709,15452857,15453008,151,mRNA
42710,15456435,15456559,124,mRNA
42711,15456660,15456815,155,mRNA
42712,15458899,15459267,368,mRNA
42713,15460873,15461226,353,mRNA
42714,15463298,15463846,548,mRNA
42715,15401096,15402383,1287,mRNA
42716,15409566,15410542,976,mRNA
42717,15415125,15416838,1713,mRNA
42718,15419351,15419551,200,mRNA
42719,15420676,15420784,108,mRNA
42720,15420851,15420956,105,mRNA
42721,15421527,15421643,116,mRNA
42722,15421942,15422187,245,mRNA
42723,15422717,15422896,179,mRNA
42724,15422970,15423095,125,mRNA
42725,15424259,15424405,146,mRNA
42726,15452857,15453008,151,mRNA
42727,15456435,15456559,124,mRNA
42728,15456660,15456815,155,mRNA
42729,15458899,15459267,368,mRNA
42730,15463298,15463846,548,mRNA
42731,15401096,15402383,1287,mRNA
42732,15409566,15410542,976,mRNA
42733,15415125,15416838,1713,mRNA
42734,15419351,15419551,200,mRNA
42735,15420676,15420784,108,mRNA
42736,15420851,15420956,105,mRNA
42737,15421527,15421643,116,mRNA
42738,15421942,15422187,245,mRNA
42739,15422717,15422896,179,mRNA
42740,15422970,15423095,125,mRNA
42741,15424259,15424405,146,mRNA
42742,15452857,15453008,151,mRNA
42743,15456435,15456559,124,mRNA
42744,15456660,15456815,155,mRNA
42745,15460873,15461226,353,mRNA
42746,15463298,15463846,548,mRNA
42747,15401096,15402383,1287,mRNA
42748,15409566,15410542,976,mRNA
42749,15415125,15416838,1713,mRNA
42750,15419351,15419551,200,mRNA
42751,15420676,15420784,108,mRNA
42752,15420851,15420956,105,mRNA
42753,15421527,15421643,116,mRNA
42754,15421942,15422187,245,mRNA
42755,15422717,15422896,179,mRNA
42756,15422970,15423095,125,mRNA
42757,15424259,15424405,146,mRNA
42758,15452857,15453008,151,mRNA
42759,15456435,15456559,124,mRNA
42760,15456660,15456815,155,mRNA
42761,15463298,15463846,548,mRNA
42762,15401096,15402383,1287,mRNA
42763,15409566,15410542,976,mRNA
42764,15415125,15415229,104,mRNA
42765,15419351,15419551,200,mRNA
42766,15420676,15420784,108,mRNA
42767,15420851,15420956,105,mRNA
42768,15421527,15421643,116,mRNA
42769,15421942,15422187,245,mRNA
42770,15422717,15422896,179,mRNA
42771,15422970,15423095,125,mRNA
42772,15424259,15424405,146,mRNA
42773,15452857,15453008,151,mRNA
42774,15456435,15456559,124,mRNA
42775,15456660,15456815,155,mRNA
42776,15463298,15463846,548,mRNA
42777,15404696,15405095,399,gene
42778,15404696,15405095,399,ncRNA
42779,15408846,15409113,267,gene
42780,15408846,15409113,267,mRNA
42781,15408876,15409034,158,CDS
42782,15416160,15416838,678,CDS
42783,15419351,15419551,200,CDS
42784,15420676,15420784,108,CDS
42785,15420851,15420956,105,CDS
42786,15421527,15421643,116,CDS
42787,15421942,15422187,245,CDS
42788,15422717,15422896,179,CDS
42789,15422970,15423095,125,CDS
42790,15424259,15424405,146,CDS
42791,15452857,15453008,151,CDS
42792,15453741,15453797,56,CDS
42793,15456435,15456559,124,CDS
42794,15456660,15456815,155,CDS
42795,15458899,15459267,368,CDS
42796,15464471,15464686,215,CDS
42797,15465358,15465491,133,CDS
42798,15465650,15465745,95,CDS
42799,15466579,15466773,194,CDS
42800,15466849,15469350,2501,CDS
42801,15416160,15416838,678,CDS
42802,15419351,15419551,200,CDS
42803,15420676,15420784,108,CDS
42804,15420851,15420956,105,CDS
42805,15421527,15421643,116,CDS
42806,15421942,15422187,245,CDS
42807,15422717,15422896,179,CDS
42808,15422970,15423095,125,CDS
42809,15424259,15424405,146,CDS
42810,15452857,15453008,151,CDS
42811,15453741,15453797,56,CDS
42812,15456435,15456559,124,CDS
42813,15456660,15456815,155,CDS
42814,15458899,15459267,368,CDS
42815,15464471,15464686,215,CDS
42816,15465358,15465491,133,CDS
42817,15465650,15465745,95,CDS
42818,15466579,15466773,194,CDS
42819,15466849,15469293,2444,CDS
42820,15416160,15416838,678,CDS
42821,15419351,15419551,200,CDS
42822,15420676,15420784,108,CDS
42823,15420851,15420956,105,CDS
42824,15421527,15421643,116,CDS
42825,15421942,15422187,245,CDS
42826,15422717,15422896,179,CDS
42827,15422970,15423095,125,CDS
42828,15424259,15424405,146,CDS
42829,15452857,15453008,151,CDS
42830,15453741,15453797,56,CDS
42831,15456435,15456559,124,CDS
42832,15456660,15456815,155,CDS
42833,15458899,15459267,368,CDS
42834,15464471,15464686,215,CDS
42835,15465358,15465491,133,CDS
42836,15465650,15465745,95,CDS
42837,15466579,15466773,194,CDS
42838,15466849,15466938,89,CDS
42839,15416160,15416838,678,CDS
42840,15419351,15419551,200,CDS
42841,15420676,15420784,108,CDS
42842,15420851,15420956,105,CDS
42843,15421527,15421643,116,CDS
42844,15421942,15422187,245,CDS
42845,15422717,15422896,179,CDS
42846,15422970,15423095,125,CDS
42847,15424259,15424405,146,CDS
42848,15452857,15453008,151,CDS
42849,15456435,15456559,124,CDS
42850,15456660,15456815,155,CDS
42851,15458899,15459267,368,CDS
42852,15460873,15461226,353,CDS
42853,15465358,15465506,148,CDS
42854,15465650,15465745,95,CDS
42855,15466579,15466773,194,CDS
42856,15466849,15466938,89,CDS
42857,15416160,15416838,678,CDS
42858,15419351,15419551,200,CDS
42859,15420676,15420784,108,CDS
42860,15420851,15420956,105,CDS
42861,15421527,15421643,116,CDS
42862,15421942,15422187,245,CDS
42863,15422717,15422896,179,CDS
42864,15422970,15423095,125,CDS
42865,15424259,15424405,146,CDS
42866,15452857,15453008,151,CDS
42867,15456435,15456559,124,CDS
42868,15456660,15456815,155,CDS
42869,15458899,15459267,368,CDS
42870,15464471,15464686,215,CDS
42871,15465331,15465491,160,CDS
42872,15465650,15465745,95,CDS
42873,15466579,15466773,194,CDS
42874,15466849,15466938,89,CDS
42875,15416160,15416838,678,CDS
42876,15419351,15419551,200,CDS
42877,15420676,15420784,108,CDS
42878,15420851,15420956,105,CDS
42879,15421527,15421643,116,CDS
42880,15421942,15422187,245,CDS
42881,15422717,15422896,179,CDS
42882,15422970,15423095,125,CDS
42883,15424259,15424405,146,CDS
42884,15452857,15453008,151,CDS
42885,15456435,15456559,124,CDS
42886,15456660,15456815,155,CDS
42887,15458899,15459267,368,CDS
42888,15465331,15465506,175,CDS
42889,15465650,15465745,95,CDS
42890,15466579,15466773,194,CDS
42891,15466849,15466938,89,CDS
42892,15416160,15416838,678,CDS
42893,15419351,15419551,200,CDS
42894,15420676,15420784,108,CDS
42895,15420851,15420956,105,CDS
42896,15421527,15421643,116,CDS
42897,15421942,15422187,245,CDS
42898,15422717,15422896,179,CDS
42899,15422970,15423095,125,CDS
42900,15424259,15424405,146,CDS
42901,15452857,15453008,151,CDS
42902,15456435,15456559,124,CDS
42903,15456660,15456815,155,CDS
42904,15457748,15457924,176,CDS
42905,15458899,15459267,368,CDS
42906,15463298,15463410,112,CDS
42907,15416160,15416838,678,CDS
42908,15419351,15419551,200,CDS
42909,15420676,15420784,108,CDS
42910,15420851,15420956,105,CDS
42911,15421527,15421643,116,CDS
42912,15421942,15422187,245,CDS
42913,15422717,15422896,179,CDS
42914,15422970,15423095,125,CDS
42915,15424259,15424405,146,CDS
42916,15452857,15453008,151,CDS
42917,15456435,15456559,124,CDS
42918,15456660,15456815,155,CDS
42919,15457748,15457924,176,CDS
42920,15463298,15463410,112,CDS
42921,15416160,15416838,678,CDS
42922,15419351,15419551,200,CDS
42923,15420676,15420784,108,CDS
42924,15420851,15420956,105,CDS
42925,15421527,15421643,116,CDS
42926,15421942,15422187,245,CDS
42927,15422717,15422896,179,CDS
42928,15422970,15423095,125,CDS
42929,15424259,15424405,146,CDS
42930,15452857,15453008,151,CDS
42931,15456435,15456559,124,CDS
42932,15456660,15456815,155,CDS
42933,15458899,15459267,368,CDS
42934,15460873,15461226,353,CDS
42935,15463298,15463410,112,CDS
42936,15416160,15416838,678,CDS
42937,15419351,15419551,200,CDS
42938,15420676,15420784,108,CDS
42939,15420851,15420956,105,CDS
42940,15421527,15421643,116,CDS
42941,15421942,15422187,245,CDS
42942,15422717,15422896,179,CDS
42943,15422970,15423095,125,CDS
42944,15424259,15424405,146,CDS
42945,15452857,15453008,151,CDS
42946,15456435,15456559,124,CDS
42947,15456660,15456815,155,CDS
42948,15458899,15459267,368,CDS
42949,15463298,15463410,112,CDS
42950,15416160,15416838,678,CDS
42951,15419351,15419551,200,CDS
42952,15420676,15420784,108,CDS
42953,15420851,15420956,105,CDS
42954,15421527,15421643,116,CDS
42955,15421942,15422187,245,CDS
42956,15422717,15422896,179,CDS
42957,15422970,15423095,125,CDS
42958,15424259,15424405,146,CDS
42959,15452857,15453008,151,CDS
42960,15456435,15456559,124,CDS
42961,15456660,15456815,155,CDS
42962,15460873,15461226,353,CDS
42963,15463298,15463410,112,CDS
42964,15416160,15416838,678,CDS
42965,15419351,15419551,200,CDS
42966,15420676,15420784,108,CDS
42967,15420851,15420956,105,CDS
42968,15421527,15421643,116,CDS
42969,15421942,15422187,245,CDS
42970,15422717,15422896,179,CDS
42971,15422970,15423095,125,CDS
42972,15424259,15424405,146,CDS
42973,15452857,15453008,151,CDS
42974,15456435,15456559,124,CDS
42975,15456660,15456815,155,CDS
42976,15463298,15463410,112,CDS
42977,15419452,15419551,99,CDS
42978,15420676,15420784,108,CDS
42979,15420851,15420956,105,CDS
42980,15421527,15421643,116,CDS
42981,15421942,15422187,245,CDS
42982,15422717,15422896,179,CDS
42983,15422970,15423095,125,CDS
42984,15424259,15424405,146,CDS
42985,15452857,15453008,151,CDS
42986,15456435,15456559,124,CDS
42987,15456660,15456815,155,CDS
42988,15463298,15463410,112,CDS
42989,15423185,15424139,954,gene
42990,15423684,15424139,455,mRNA
42991,15423501,15423624,123,mRNA
42992,15423185,15423443,258,mRNA
42993,15423684,15424055,371,CDS
42994,15423501,15423624,123,CDS
42995,15423301,15423443,142,CDS
42996,15424807,15425666,859,mRNA
42997,15452857,15453008,151,mRNA
42998,15456435,15456559,124,mRNA
42999,15456660,15456815,155,mRNA
43000,15463298,15463846,548,mRNA
43001,15425228,15426627,1399,mRNA
43002,15452857,15453008,151,mRNA
43003,15456435,15456559,124,mRNA
43004,15456660,15456815,155,mRNA
43005,15458899,15459267,368,mRNA
43006,15464471,15464686,215,mRNA
43007,15465358,15465491,133,mRNA
43008,15465650,15465745,95,mRNA
43009,15466579,15466773,194,mRNA
43010,15466849,15471091,4242,mRNA
43011,15425228,15426627,1399,mRNA
43012,15452857,15453008,151,mRNA
43013,15456435,15456559,124,mRNA
43014,15456660,15456815,155,mRNA
43015,15463298,15463846,548,mRNA
43016,15426520,15426627,107,CDS
43017,15452857,15453008,151,CDS
43018,15456435,15456559,124,CDS
43019,15456660,15456815,155,CDS
43020,15458899,15459267,368,CDS
43021,15464471,15464686,215,CDS
43022,15465358,15465491,133,CDS
43023,15465650,15465745,95,CDS
43024,15466579,15466773,194,CDS
43025,15466849,15466938,89,CDS
43026,15426520,15426627,107,CDS
43027,15452857,15453008,151,CDS
43028,15456435,15456559,124,CDS
43029,15456660,15456815,155,CDS
43030,15463298,15463410,112,CDS
43031,15427091,15428023,932,gene
43032,15427600,15428023,423,mRNA
43033,15427423,15427546,123,mRNA
43034,15427091,15427348,257,mRNA
43035,15427600,15427974,374,CDS
43036,15427423,15427546,123,CDS
43037,15427233,15427348,115,CDS
43038,15452935,15453008,73,CDS
43039,15456435,15456559,124,CDS
43040,15456660,15456815,155,CDS
43041,15463298,15463410,112,CDS
43042,15472175,15482834,10659,gene
43043,15482234,15482834,600,mRNA
43044,15475941,15476353,412,mRNA
43045,15473885,15474105,220,mRNA
43046,15473177,15473745,568,mRNA
43047,15472175,15472933,758,mRNA
43048,15482234,15482834,600,mRNA
43049,15475941,15476353,412,mRNA
43050,15473885,15474105,220,mRNA
43051,15473177,15473745,568,mRNA
43052,15472465,15472933,468,mRNA
43053,15482234,15482834,600,mRNA
43054,15475941,15476353,412,mRNA
43055,15473885,15474105,220,mRNA
43056,15473177,15473745,568,mRNA
43057,15472465,15472984,519,mRNA
43058,15482234,15482417,183,CDS
43059,15475941,15476353,412,CDS
43060,15473885,15474105,220,CDS
43061,15473177,15473745,568,CDS
43062,15472587,15472933,346,CDS
43063,15482234,15482417,183,CDS
43064,15475941,15476353,412,CDS
43065,15473885,15474105,220,CDS
43066,15473177,15473745,568,CDS
43067,15472587,15472933,346,CDS
43068,15482234,15482417,183,CDS
43069,15475941,15476353,412,CDS
43070,15473885,15474105,220,CDS
43071,15473177,15473745,568,CDS
43072,15472587,15472984,397,CDS
43073,15485953,15497231,11278,gene
43074,15497119,15497231,112,mRNA
43075,15496967,15497033,66,mRNA
43076,15489547,15489898,351,mRNA
43077,15486529,15489349,2820,mRNA
43078,15485953,15486456,503,mRNA
43079,15496967,15497231,264,mRNA
43080,15489547,15489898,351,mRNA
43081,15486529,15489349,2820,mRNA
43082,15485953,15486456,503,mRNA
43083,15496967,15496987,20,CDS
43084,15489547,15489898,351,CDS
43085,15486529,15489349,2820,CDS
43086,15486261,15486456,195,CDS
43087,15496967,15496987,20,CDS
43088,15489547,15489898,351,CDS
43089,15486529,15489349,2820,CDS
43090,15486261,15486456,195,CDS
43091,15499632,15501431,1799,gene
43092,15499632,15501431,1799,mRNA
43093,15499632,15501431,1799,CDS
43094,15501820,15503610,1790,gene
43095,15501820,15503610,1790,mRNA
43096,15501820,15503610,1790,CDS
43097,15504201,15506000,1799,gene
43098,15504201,15506000,1799,mRNA
43099,15504201,15506000,1799,CDS
43100,15506582,15508366,1784,gene
43101,15506582,15508366,1784,mRNA
43102,15506582,15508366,1784,CDS
43103,15511710,15515597,3887,gene
43104,15511710,15511731,21,mRNA
43105,15511814,15512765,951,mRNA
43106,15513746,15514267,521,mRNA
43107,15514397,15515597,1200,mRNA
43108,15511812,15512765,953,mRNA
43109,15513746,15514267,521,mRNA
43110,15514397,15515597,1200,mRNA
43111,15512104,15512765,661,CDS
43112,15513746,15514267,521,CDS
43113,15514397,15515018,621,CDS
43114,15512104,15512765,661,CDS
43115,15513746,15514267,521,CDS
43116,15514397,15515018,621,CDS
43117,15513567,15513632,65,mRNA
43118,15513746,15514267,521,mRNA
43119,15514397,15515597,1200,mRNA
43120,15513622,15513632,10,CDS
43121,15513746,15514267,521,CDS
43122,15514397,15515018,621,CDS
43123,15515778,15532259,16481,gene
43124,15532122,15532259,137,mRNA
43125,15527630,15527717,87,mRNA
43126,15527299,15527462,163,mRNA
43127,15526716,15527232,516,mRNA
43128,15526019,15526595,576,mRNA
43129,15525390,15525962,572,mRNA
43130,15525015,15525329,314,mRNA
43131,15523075,15524737,1662,mRNA
43132,15522874,15523019,145,mRNA
43133,15522436,15522465,29,mRNA
43134,15522002,15522128,126,mRNA
43135,15521842,15521940,98,mRNA
43136,15520417,15520479,62,mRNA
43137,15519926,15520336,410,mRNA
43138,15519276,15519869,593,mRNA
43139,15518894,15519205,311,mRNA
43140,15515778,15518831,3053,mRNA
43141,15532122,15532259,137,mRNA
43142,15531135,15531395,260,mRNA
43143,15527630,15527717,87,mRNA
43144,15527299,15527462,163,mRNA
43145,15526716,15527232,516,mRNA
43146,15526019,15526595,576,mRNA
43147,15525390,15525962,572,mRNA
43148,15525015,15525329,314,mRNA
43149,15523075,15524737,1662,mRNA
43150,15522874,15523019,145,mRNA
43151,15522002,15522104,102,mRNA
43152,15521842,15521943,101,mRNA
43153,15519926,15520336,410,mRNA
43154,15519276,15519869,593,mRNA
43155,15518894,15519205,311,mRNA
43156,15517707,15518831,1124,mRNA
43157,15532122,15532259,137,mRNA
43158,15531135,15531395,260,mRNA
43159,15527630,15527717,87,mRNA
43160,15527299,15527462,163,mRNA
43161,15526716,15527232,516,mRNA
43162,15526019,15526595,576,mRNA
43163,15525390,15525962,572,mRNA
43164,15525015,15525329,314,mRNA
43165,15523075,15524737,1662,mRNA
43166,15522874,15523019,145,mRNA
43167,15522002,15522104,102,mRNA
43168,15521842,15521943,101,mRNA
43169,15519926,15520336,410,mRNA
43170,15519276,15519869,593,mRNA
43171,15518894,15519205,311,mRNA
43172,15517707,15518831,1124,mRNA
43173,15532122,15532259,137,mRNA
43174,15531135,15531395,260,mRNA
43175,15527630,15527717,87,mRNA
43176,15527299,15527462,163,mRNA
43177,15526716,15527232,516,mRNA
43178,15526019,15526595,576,mRNA
43179,15525390,15525962,572,mRNA
43180,15525015,15525329,314,mRNA
43181,15524860,15524901,41,mRNA
43182,15523075,15524737,1662,mRNA
43183,15522874,15523019,145,mRNA
43184,15522002,15522104,102,mRNA
43185,15521842,15521943,101,mRNA
43186,15519926,15520336,410,mRNA
43187,15519276,15519869,593,mRNA
43188,15518894,15519205,311,mRNA
43189,15517707,15518831,1124,mRNA
43190,15532122,15532259,137,mRNA
43191,15531135,15531395,260,mRNA
43192,15527630,15527717,87,mRNA
43193,15527299,15527462,163,mRNA
43194,15526716,15527232,516,mRNA
43195,15526019,15526595,576,mRNA
43196,15525390,15525962,572,mRNA
43197,15525015,15525329,314,mRNA
43198,15524860,15524901,41,mRNA
43199,15523075,15524737,1662,mRNA
43200,15522874,15523019,145,mRNA
43201,15522002,15522128,126,mRNA
43202,15521842,15521943,101,mRNA
43203,15519926,15520336,410,mRNA
43204,15519276,15519869,593,mRNA
43205,15518894,15519205,311,mRNA
43206,15517707,15518831,1124,mRNA
43207,15531135,15531189,54,CDS
43208,15527630,15527717,87,CDS
43209,15527299,15527462,163,CDS
43210,15526716,15527232,516,CDS
43211,15526019,15526595,576,CDS
43212,15525390,15525962,572,CDS
43213,15525015,15525329,314,CDS
43214,15523075,15524737,1662,CDS
43215,15522874,15523019,145,CDS
43216,15522002,15522104,102,CDS
43217,15521842,15521943,101,CDS
43218,15519926,15520336,410,CDS
43219,15519276,15519869,593,CDS
43220,15518894,15519205,311,CDS
43221,15518578,15518831,253,CDS
43222,15531135,15531189,54,CDS
43223,15527630,15527717,87,CDS
43224,15527299,15527462,163,CDS
43225,15526716,15527232,516,CDS
43226,15526019,15526595,576,CDS
43227,15525390,15525962,572,CDS
43228,15525015,15525329,314,CDS
43229,15523075,15524737,1662,CDS
43230,15522874,15523019,145,CDS
43231,15522002,15522104,102,CDS
43232,15521842,15521943,101,CDS
43233,15519926,15520336,410,CDS
43234,15519276,15519869,593,CDS
43235,15518894,15519205,311,CDS
43236,15518752,15518831,79,CDS
43237,15531135,15531189,54,CDS
43238,15527630,15527717,87,CDS
43239,15527299,15527462,163,CDS
43240,15526716,15527232,516,CDS
43241,15526019,15526595,576,CDS
43242,15525390,15525962,572,CDS
43243,15525015,15525329,314,CDS
43244,15524860,15524901,41,CDS
43245,15523075,15524737,1662,CDS
43246,15522874,15523019,145,CDS
43247,15522002,15522104,102,CDS
43248,15521842,15521943,101,CDS
43249,15519926,15520336,410,CDS
43250,15519276,15519869,593,CDS
43251,15518894,15519205,311,CDS
43252,15518752,15518831,79,CDS
43253,15531135,15531189,54,CDS
43254,15527630,15527717,87,CDS
43255,15527299,15527462,163,CDS
43256,15526716,15527232,516,CDS
43257,15526019,15526595,576,CDS
43258,15525390,15525962,572,CDS
43259,15525015,15525329,314,CDS
43260,15524860,15524901,41,CDS
43261,15523075,15524737,1662,CDS
43262,15522874,15523019,145,CDS
43263,15522002,15522128,126,CDS
43264,15521842,15521943,101,CDS
43265,15519926,15520336,410,CDS
43266,15519276,15519869,593,CDS
43267,15518894,15519205,311,CDS
43268,15518752,15518831,79,CDS
43269,15527630,15527685,55,CDS
43270,15527299,15527462,163,CDS
43271,15526716,15527232,516,CDS
43272,15526019,15526595,576,CDS
43273,15525390,15525962,572,CDS
43274,15525015,15525329,314,CDS
43275,15523075,15524737,1662,CDS
43276,15522874,15523019,145,CDS
43277,15522436,15522465,29,CDS
43278,15522002,15522128,126,CDS
43279,15521842,15521940,98,CDS
43280,15520417,15520479,62,CDS
43281,15519926,15520336,410,CDS
43282,15519276,15519869,593,CDS
43283,15518894,15519205,311,CDS
43284,15518752,15518831,79,CDS
43285,15533520,15537782,4262,gene
43286,15533520,15533587,67,mRNA
43287,15535168,15535525,357,mRNA
43288,15535591,15536428,837,mRNA
43289,15536495,15536860,365,mRNA
43290,15536922,15537468,546,mRNA
43291,15537525,15537782,257,mRNA
43292,15535195,15535525,330,CDS
43293,15535591,15536428,837,CDS
43294,15536495,15536860,365,CDS
43295,15536922,15537468,546,CDS
43296,15537525,15537650,125,CDS
43297,15538175,15540014,1839,gene
43298,15538175,15539519,1344,mRNA
43299,15539578,15540014,436,mRNA
43300,15538314,15539519,1205,CDS
43301,15539578,15539937,359,CDS
43302,15539554,15541363,1809,gene
43303,15540700,15541363,663,mRNA
43304,15540457,15540640,183,mRNA
43305,15539554,15540403,849,mRNA
43306,15540700,15541272,572,CDS
43307,15540457,15540640,183,CDS
43308,15540030,15540403,373,CDS
43309,15540887,15541300,413,gene
43310,15540887,15541300,413,ncRNA
43311,15541435,15542498,1063,gene
43312,15541435,15542498,1063,mRNA
43313,15541537,15542277,740,CDS
43314,15542661,15544409,1748,gene
43315,15542661,15542904,243,mRNA
43316,15542958,15543466,508,mRNA
43317,15543522,15543662,140,mRNA
43318,15543756,15544409,653,mRNA
43319,15542754,15542904,150,CDS
43320,15542958,15543466,508,CDS
43321,15543522,15543662,140,CDS
43322,15543756,15544322,566,CDS
43323,15544316,15549984,5668,gene
43324,15549756,15549984,228,mRNA
43325,15545453,15545905,452,mRNA
43326,15544316,15545388,1072,mRNA
43327,15549756,15549760,4,CDS
43328,15545453,15545905,452,CDS
43329,15544551,15545388,837,CDS
43330,15555446,15562436,6990,gene
43331,15555446,15555557,111,mRNA
43332,15555613,15555649,36,mRNA
43333,15561815,15562436,621,mRNA
43334,15555495,15555557,62,CDS
43335,15555613,15555649,36,CDS
43336,15561815,15562224,409,CDS
43337,15555757,15555857,100,mRNA
43338,15555924,15556014,90,mRNA
43339,15561815,15562436,621,mRNA
43340,15555798,15555857,59,CDS
43341,15555924,15556014,90,CDS
43342,15561815,15562224,409,CDS
43343,15556259,15556357,98,mRNA
43344,15556415,15556478,63,mRNA
43345,15561815,15562436,621,mRNA
43346,15556295,15556357,62,CDS
43347,15556415,15556478,63,CDS
43348,15561815,15562224,409,CDS
43349,15556584,15556656,72,mRNA
43350,15556715,15556814,99,mRNA
43351,15561815,15562436,621,mRNA
43352,15556594,15556656,62,CDS
43353,15556715,15556814,99,CDS
43354,15561815,15562224,409,CDS
43355,15556928,15557047,119,mRNA
43356,15557244,15557310,66,mRNA
43357,15561815,15562436,621,mRNA
43358,15556928,15557047,119,mRNA
43359,15557529,15557607,78,mRNA
43360,15561815,15562436,621,mRNA
43361,15556994,15557047,53,CDS
43362,15557244,15557310,66,CDS
43363,15561815,15562224,409,CDS
43364,15556994,15557047,53,CDS
43365,15557529,15557607,78,CDS
43366,15561815,15562224,409,CDS
43367,15557675,15557711,36,mRNA
43368,15557786,15557934,148,mRNA
43369,15558008,15558170,162,mRNA
43370,15561815,15562436,621,mRNA
43371,15557866,15557934,68,CDS
43372,15558008,15558170,162,CDS
43373,15561815,15562224,409,CDS
43374,15558270,15558406,136,mRNA
43375,15558474,15558588,114,mRNA
43376,15561815,15562436,621,mRNA
43377,15558329,15558406,77,CDS
43378,15558474,15558588,114,CDS
43379,15561815,15562224,409,CDS
43380,15559237,15559722,485,mRNA
43381,15561815,15562436,621,mRNA
43382,15559521,15559722,201,CDS
43383,15561815,15562224,409,CDS
43384,15559860,15559998,138,mRNA
43385,15560098,15560203,105,mRNA
43386,15561815,15562436,621,mRNA
43387,15559921,15559998,77,CDS
43388,15560098,15560203,105,CDS
43389,15561815,15562224,409,CDS
43390,15560432,15560522,90,mRNA
43391,15560593,15560656,63,mRNA
43392,15561815,15562436,621,mRNA
43393,15560457,15560522,65,CDS
43394,15560593,15560656,63,CDS
43395,15561815,15562224,409,CDS
43396,15560600,15561113,513,mRNA
43397,15561815,15562436,621,mRNA
43398,15560897,15561113,216,CDS
43399,15561815,15562224,409,CDS
43400,15561176,15561280,104,mRNA
43401,15561363,15561417,54,mRNA
43402,15561815,15562436,621,mRNA
43403,15561206,15561280,74,CDS
43404,15561363,15561417,54,CDS
43405,15561815,15562224,409,CDS
43406,15562697,15565801,3104,gene
43407,15565574,15565801,227,mRNA
43408,15564722,15565046,324,mRNA
43409,15564521,15564661,140,mRNA
43410,15564411,15564464,53,mRNA
43411,15563743,15564346,603,mRNA
43412,15563271,15563682,411,mRNA
43413,15562697,15563212,515,mRNA
43414,15564722,15564811,89,CDS
43415,15564521,15564661,140,CDS
43416,15564411,15564464,53,CDS
43417,15563743,15564346,603,CDS
43418,15563271,15563682,411,CDS
43419,15563164,15563212,48,CDS
43420,15566271,15569404,3133,gene
43421,15569119,15569404,285,mRNA
43422,15568751,15568826,75,mRNA
43423,15568152,15568506,354,mRNA
43424,15567243,15567713,470,mRNA
43425,15567029,15567172,143,mRNA
43426,15566803,15566967,164,mRNA
43427,15566271,15566591,320,mRNA
43428,15569119,15569404,285,mRNA
43429,15568751,15568826,75,mRNA
43430,15568152,15568506,354,mRNA
43431,15567829,15567840,11,mRNA
43432,15567243,15567713,470,mRNA
43433,15567029,15567172,143,mRNA
43434,15566803,15566967,164,mRNA
43435,15566271,15566591,320,mRNA
43436,15569119,15569170,51,CDS
43437,15568751,15568826,75,CDS
43438,15568152,15568506,354,CDS
43439,15567243,15567713,470,CDS
43440,15567029,15567172,143,CDS
43441,15566803,15566967,164,CDS
43442,15566574,15566591,17,CDS
43443,15569119,15569170,51,CDS
43444,15568751,15568826,75,CDS
43445,15568152,15568506,354,CDS
43446,15567829,15567840,11,CDS
43447,15567243,15567713,470,CDS
43448,15567029,15567172,143,CDS
43449,15566803,15566967,164,CDS
43450,15566574,15566591,17,CDS
43451,15568960,15573170,4210,gene
43452,15568960,15569538,578,mRNA
43453,15571678,15572757,1079,mRNA
43454,15572813,15573170,357,mRNA
43455,15569515,15569538,23,CDS
43456,15571678,15572757,1079,CDS
43457,15572813,15572926,113,CDS
43458,15569528,15571417,1889,gene
43459,15571135,15571417,282,mRNA
43460,15570883,15571070,187,mRNA
43461,15570358,15570722,364,mRNA
43462,15569528,15570295,767,mRNA
43463,15571135,15571302,167,CDS
43464,15570883,15571070,187,CDS
43465,15570358,15570722,364,CDS
43466,15570132,15570295,163,CDS
43467,15571468,15571608,140,mRNA
43468,15571678,15572757,1079,mRNA
43469,15572813,15573170,357,mRNA
43470,15571588,15571608,20,CDS
43471,15571678,15572757,1079,CDS
43472,15572813,15572926,113,CDS
43473,15573144,15573991,847,gene
43474,15573666,15573991,325,mRNA
43475,15573450,15573610,160,mRNA
43476,15573144,15573391,247,mRNA
43477,15573666,15573762,96,mRNA
43478,15573450,15573610,160,mRNA
43479,15573144,15573391,247,mRNA
43480,15573666,15573733,67,CDS
43481,15573450,15573610,160,CDS
43482,15573189,15573391,202,CDS
43483,15573666,15573733,67,CDS
43484,15573450,15573610,160,CDS
43485,15573189,15573391,202,CDS
43486,15613854,15657214,43360,gene
43487,15613854,15615300,1446,mRNA
43488,15630710,15630780,70,mRNA
43489,15637760,15637935,175,mRNA
43490,15650021,15650070,49,mRNA
43491,15656792,15657214,422,mRNA
43492,15613854,15615300,1446,mRNA
43493,15630710,15630780,70,mRNA
43494,15637760,15637935,175,mRNA
43495,15650021,15650310,289,mRNA
43496,15613854,15615300,1446,mRNA
43497,15630710,15630780,70,mRNA
43498,15637760,15637935,175,mRNA
43499,15650021,15650070,49,mRNA
43500,15650174,15650310,136,mRNA
43501,15615242,15615300,58,CDS
43502,15630710,15630780,70,CDS
43503,15637760,15637887,127,CDS
43504,15615242,15615300,58,CDS
43505,15630710,15630780,70,CDS
43506,15637760,15637887,127,CDS
43507,15615242,15615300,58,CDS
43508,15630710,15630780,70,CDS
43509,15637760,15637887,127,CDS
43510,15657066,15657163,97,gene
43511,15657066,15657163,97,precursor_RNA
43512,15657083,15657105,22,ncRNA
43513,15657122,15657143,21,ncRNA
43514,15657318,15676669,19351,gene
43515,15676489,15676669,180,mRNA
43516,15671992,15672285,293,mRNA
43517,15667611,15667865,254,mRNA
43518,15665711,15665987,276,mRNA
43519,15665425,15665514,89,mRNA
43520,15665313,15665367,54,mRNA
43521,15664324,15664434,110,mRNA
43522,15663919,15664189,270,mRNA
43523,15663232,15663798,566,mRNA
43524,15662924,15663170,246,mRNA
43525,15658610,15658848,238,mRNA
43526,15657318,15658401,1083,mRNA
43527,15675517,15675953,436,mRNA
43528,15671992,15672285,293,mRNA
43529,15667611,15667865,254,mRNA
43530,15665711,15665987,276,mRNA
43531,15665425,15665514,89,mRNA
43532,15665313,15665367,54,mRNA
43533,15664324,15664434,110,mRNA
43534,15663919,15664189,270,mRNA
43535,15663472,15663798,326,mRNA
43536,15663232,15663378,146,mRNA
43537,15662924,15663170,246,mRNA
43538,15658610,15658848,238,mRNA
43539,15657318,15658401,1083,mRNA
43540,15664891,15665094,203,mRNA
43541,15664324,15664434,110,mRNA
43542,15663919,15664189,270,mRNA
43543,15663472,15663798,326,mRNA
43544,15663232,15663378,146,mRNA
43545,15662924,15663170,246,mRNA
43546,15658610,15658848,238,mRNA
43547,15657318,15658401,1083,mRNA
43548,15664824,15665094,270,mRNA
43549,15664324,15664434,110,mRNA
43550,15663919,15664189,270,mRNA
43551,15663232,15663798,566,mRNA
43552,15662924,15663170,246,mRNA
43553,15658610,15658848,238,mRNA
43554,15657318,15658401,1083,mRNA
43555,15671992,15672120,128,CDS
43556,15667611,15667865,254,CDS
43557,15665711,15665987,276,CDS
43558,15665425,15665514,89,CDS
43559,15665313,15665367,54,CDS
43560,15664324,15664434,110,CDS
43561,15663919,15664189,270,CDS
43562,15663472,15663798,326,CDS
43563,15663232,15663378,146,CDS
43564,15662924,15663170,246,CDS
43565,15658610,15658848,238,CDS
43566,15657967,15658401,434,CDS
43567,15671992,15672120,128,CDS
43568,15667611,15667865,254,CDS
43569,15665711,15665987,276,CDS
43570,15665425,15665514,89,CDS
43571,15665313,15665367,54,CDS
43572,15664324,15664434,110,CDS
43573,15663919,15664189,270,CDS
43574,15663232,15663798,566,CDS
43575,15662924,15663170,246,CDS
43576,15658610,15658848,238,CDS
43577,15657967,15658401,434,CDS
43578,15663919,15664104,185,CDS
43579,15663472,15663798,326,CDS
43580,15663232,15663378,146,CDS
43581,15662924,15663170,246,CDS
43582,15658610,15658848,238,CDS
43583,15657967,15658401,434,CDS
43584,15663919,15664104,185,CDS
43585,15663232,15663798,566,CDS
43586,15662924,15663170,246,CDS
43587,15658610,15658848,238,CDS
43588,15657967,15658401,434,CDS
43589,15676502,15676669,167,mRNA
43590,15671992,15672285,293,mRNA
43591,15667611,15667865,254,mRNA
43592,15665711,15665987,276,mRNA
43593,15665425,15665514,89,mRNA
43594,15665313,15665367,54,mRNA
43595,15664324,15664434,110,mRNA
43596,15663919,15664189,270,mRNA
43597,15663232,15663798,566,mRNA
43598,15660016,15663170,3154,mRNA
43599,15676489,15676669,180,mRNA
43600,15671992,15672285,293,mRNA
43601,15667611,15667865,254,mRNA
43602,15665711,15665987,276,mRNA
43603,15665425,15665514,89,mRNA
43604,15665313,15665367,54,mRNA
43605,15664324,15664434,110,mRNA
43606,15663919,15664189,270,mRNA
43607,15663232,15663798,566,mRNA
43608,15660016,15663170,3154,mRNA
43609,15675517,15675953,436,mRNA
43610,15671992,15672285,293,mRNA
43611,15667611,15667865,254,mRNA
43612,15665711,15665987,276,mRNA
43613,15665425,15665514,89,mRNA
43614,15665313,15665367,54,mRNA
43615,15664324,15664434,110,mRNA
43616,15663919,15664189,270,mRNA
43617,15663232,15663798,566,mRNA
43618,15660016,15663170,3154,mRNA
43619,15664824,15665094,270,mRNA
43620,15664324,15664434,110,mRNA
43621,15663919,15664189,270,mRNA
43622,15663232,15663798,566,mRNA
43623,15660016,15663170,3154,mRNA
43624,15671992,15672120,128,CDS
43625,15667611,15667865,254,CDS
43626,15665711,15665987,276,CDS
43627,15665425,15665514,89,CDS
43628,15665313,15665367,54,CDS
43629,15664324,15664434,110,CDS
43630,15663919,15664189,270,CDS
43631,15663232,15663798,566,CDS
43632,15662022,15663170,1148,CDS
43633,15671992,15672120,128,CDS
43634,15667611,15667865,254,CDS
43635,15665711,15665987,276,CDS
43636,15665425,15665514,89,CDS
43637,15665313,15665367,54,CDS
43638,15664324,15664434,110,CDS
43639,15663919,15664189,270,CDS
43640,15663232,15663798,566,CDS
43641,15662022,15663170,1148,CDS
43642,15671992,15672120,128,CDS
43643,15667611,15667865,254,CDS
43644,15665711,15665987,276,CDS
43645,15665425,15665514,89,CDS
43646,15665313,15665367,54,CDS
43647,15664324,15664434,110,CDS
43648,15663919,15664189,270,CDS
43649,15663232,15663798,566,CDS
43650,15662022,15663170,1148,CDS
43651,15663919,15664104,185,CDS
43652,15663232,15663798,566,CDS
43653,15662022,15663170,1148,CDS
43654,15676441,15676845,404,gene
43655,15676441,15676544,103,ncRNA
43656,15676599,15676845,246,ncRNA
43657,15677218,15678956,1738,gene
43658,15678580,15678956,376,mRNA
43659,15677812,15678514,702,mRNA
43660,15677489,15677753,264,mRNA
43661,15677218,15677434,216,mRNA
43662,15678580,15678827,247,CDS
43663,15677812,15678514,702,CDS
43664,15677489,15677753,264,CDS
43665,15677334,15677434,100,CDS
43666,15679426,15680084,658,gene
43667,15679426,15680084,658,mRNA
43668,15679608,15679982,374,CDS
43669,15680545,15682477,1932,gene
43670,15680545,15680845,300,mRNA
43671,15680906,15681642,736,mRNA
43672,15681698,15681743,45,mRNA
43673,15681814,15681944,130,mRNA
43674,15682012,15682477,465,mRNA
43675,15680571,15680845,274,CDS
43676,15680906,15681642,736,CDS
43677,15681698,15681743,45,CDS
43678,15681814,15681944,130,CDS
43679,15682012,15682403,391,CDS
43680,15682569,15684933,2364,gene
43681,15684774,15684933,159,ncRNA
43682,15682569,15684709,2140,ncRNA
43683,15682719,15687415,4696,gene
43684,15682719,15684922,2203,mRNA
43685,15686225,15687415,1190,mRNA
43686,15682805,15684922,2117,CDS
43687,15686225,15687334,1109,CDS
43688,15685004,15686082,1078,gene
43689,15685866,15686082,216,mRNA
43690,15685761,15685806,45,mRNA
43691,15685520,15685701,181,mRNA
43692,15685004,15685401,397,mRNA
43693,15685866,15686082,216,CDS
43694,15685761,15685806,45,CDS
43695,15685520,15685701,181,CDS
43696,15685004,15685401,397,CDS
43697,15687388,15688985,1597,gene
43698,15688765,15688985,220,mRNA
43699,15688204,15688713,509,mRNA
43700,15687388,15688139,751,mRNA
43701,15688765,15688980,215,CDS
43702,15688204,15688713,509,CDS
43703,15687435,15688139,704,CDS
43704,15689826,15691014,1188,gene
43705,15689826,15690064,238,mRNA
43706,15690121,15690166,45,mRNA
43707,15690254,15690432,178,mRNA
43708,15690480,15691014,534,mRNA
43709,15689848,15690064,216,CDS
43710,15690121,15690166,45,CDS
43711,15690254,15690432,178,CDS
43712,15690480,15690913,433,CDS
43713,15691054,15693887,2833,gene
43714,15691463,15693887,2424,ncRNA
43715,15691054,15691402,348,ncRNA
43716,15691054,15693887,2833,ncRNA
43717,15691113,15692216,1103,gene
43718,15691113,15691383,270,mRNA
43719,15691440,15691479,39,mRNA
43720,15691541,15691716,175,mRNA
43721,15691778,15692216,438,mRNA
43722,15691152,15691383,231,CDS
43723,15691440,15691479,39,CDS
43724,15691541,15691716,175,CDS
43725,15691778,15692175,397,CDS
43726,15692448,15693751,1303,gene
43727,15692448,15692670,222,mRNA
43728,15692738,15692777,39,mRNA
43729,15692836,15693014,178,mRNA
43730,15693360,15693751,391,mRNA
43731,15692448,15692670,222,CDS
43732,15692738,15692777,39,CDS
43733,15692836,15693014,178,CDS
43734,15693360,15693751,391,CDS
43735,15693106,15693334,228,mobile_element
43736,15694092,15695232,1140,gene
43737,15694092,15694310,218,mRNA
43738,15694375,15694417,42,mRNA
43739,15694477,15694628,151,mRNA
43740,15694701,15695232,531,mRNA
43741,15694118,15694310,192,CDS
43742,15694375,15694417,42,CDS
43743,15694477,15694628,151,CDS
43744,15694701,15695140,439,CDS
43745,15695386,15696478,1092,gene
43746,15695386,15695608,222,mRNA
43747,15695719,15695764,45,mRNA
43748,15695822,15696000,178,mRNA
43749,15696063,15696478,415,mRNA
43750,15695386,15695608,222,CDS
43751,15695719,15695764,45,CDS
43752,15695822,15696000,178,CDS
43753,15696063,15696478,415,CDS
43754,15696794,15698010,1216,gene
43755,15696794,15697024,230,mRNA
43756,15697079,15697124,45,mRNA
43757,15697201,15697379,178,mRNA
43758,15697442,15698010,568,mRNA
43759,15696820,15697024,204,CDS
43760,15697079,15697124,45,CDS
43761,15697201,15697379,178,CDS
43762,15697442,15697914,472,CDS
43763,15698726,15701696,2970,gene
43764,15698726,15701696,2970,gene
43765,15701629,15701696,67,mRNA
43766,15701379,15701572,193,mRNA
43767,15701112,15701323,211,mRNA
43768,15699688,15700015,327,mRNA
43769,15698726,15699618,892,mRNA
43770,15701629,15701696,67,mRNA
43771,15701379,15701572,193,mRNA
43772,15701112,15701323,211,mRNA
43773,15699688,15700015,327,mRNA
43774,15698726,15699618,892,mRNA
43775,15701629,15701696,67,mRNA
43776,15701379,15701572,193,mRNA
43777,15699688,15701323,1635,mRNA
43778,15698726,15699618,892,mRNA
43779,15701629,15701696,67,mRNA
43780,15701379,15701572,193,mRNA
43781,15699688,15701323,1635,mRNA
43782,15698726,15699618,892,mRNA
43783,15699688,15699894,206,mRNA
43784,15698726,15699618,892,mRNA
43785,15698726,15699225,499,mRNA
43786,15699016,15699153,137,CDS
43787,15699016,15699153,137,CDS
43788,15699016,15699153,137,CDS
43789,15699016,15699153,137,CDS
43790,15701629,15701675,46,CDS
43791,15701379,15701572,193,CDS
43792,15701214,15701323,109,CDS
43793,15701629,15701675,46,CDS
43794,15701379,15701572,193,CDS
43795,15701214,15701323,109,CDS
43796,15711597,15712644,1047,gene
43797,15712429,15712644,215,mRNA
43798,15712324,15712369,45,mRNA
43799,15712127,15712263,136,mRNA
43800,15711597,15712065,468,mRNA
43801,15712429,15712642,213,CDS
43802,15712324,15712369,45,CDS
43803,15712127,15712263,136,CDS
43804,15711623,15712065,442,CDS
43805,15727381,15762044,34663,gene
43806,15727381,15727926,545,mRNA
43807,15732068,15732968,900,mRNA
43808,15735091,15737060,1969,mRNA
43809,15755948,15756132,184,mRNA
43810,15757698,15757926,228,mRNA
43811,15758542,15758634,92,mRNA
43812,15760765,15761536,771,mRNA
43813,15732144,15732968,824,CDS
43814,15735091,15737060,1969,CDS
43815,15755948,15756132,184,CDS
43816,15757698,15757926,228,CDS
43817,15758542,15758634,92,CDS
43818,15760765,15761254,489,CDS
43819,15735496,15737060,1564,mRNA
43820,15755948,15756132,184,mRNA
43821,15757698,15757926,228,mRNA
43822,15760765,15762044,1279,mRNA
43823,15735763,15737060,1297,CDS
43824,15755948,15756132,184,CDS
43825,15757698,15757926,228,CDS
43826,15760765,15761254,489,CDS
43827,15762565,15817004,54439,gene
43828,15816760,15817004,244,mRNA
43829,15803361,15803487,126,mRNA
43830,15783315,15783466,151,mRNA
43831,15783088,15783244,156,mRNA
43832,15781773,15781906,133,mRNA
43833,15780985,15781079,94,mRNA
43834,15780058,15780277,219,mRNA
43835,15778352,15778546,194,mRNA
43836,15777178,15777286,108,mRNA
43837,15774428,15775507,1079,mRNA
43838,15773816,15773966,150,mRNA
43839,15773041,15773253,212,mRNA
43840,15765123,15765252,129,mRNA
43841,15763646,15763829,183,mRNA
43842,15763350,15763589,239,mRNA
43843,15762565,15763270,705,mRNA
43844,15814729,15814917,188,mRNA
43845,15803361,15803487,126,mRNA
43846,15783315,15783466,151,mRNA
43847,15783088,15783244,156,mRNA
43848,15781773,15781906,133,mRNA
43849,15780985,15781079,94,mRNA
43850,15779265,15779658,393,mRNA
43851,15778352,15778546,194,mRNA
43852,15777178,15777286,108,mRNA
43853,15773816,15773966,150,mRNA
43854,15765123,15769551,4428,mRNA
43855,15763646,15763829,183,mRNA
43856,15763350,15763589,239,mRNA
43857,15762565,15763270,705,mRNA
43858,15814729,15814917,188,mRNA
43859,15803361,15803487,126,mRNA
43860,15783315,15783466,151,mRNA
43861,15783088,15783244,156,mRNA
43862,15781773,15781906,133,mRNA
43863,15780985,15781079,94,mRNA
43864,15779265,15779658,393,mRNA
43865,15778352,15778546,194,mRNA
43866,15777178,15777286,108,mRNA
43867,15773816,15773966,150,mRNA
43868,15773041,15773253,212,mRNA
43869,15765123,15765252,129,mRNA
43870,15763646,15763829,183,mRNA
43871,15763350,15763589,239,mRNA
43872,15762565,15763270,705,mRNA
43873,15814729,15814917,188,mRNA
43874,15803361,15803487,126,mRNA
43875,15783315,15783466,151,mRNA
43876,15783088,15783244,156,mRNA
43877,15781773,15781906,133,mRNA
43878,15780985,15781079,94,mRNA
43879,15779265,15779658,393,mRNA
43880,15778352,15778546,194,mRNA
43881,15777178,15777286,108,mRNA
43882,15773816,15773966,150,mRNA
43883,15773041,15773253,212,mRNA
43884,15765123,15766713,1590,mRNA
43885,15763646,15763829,183,mRNA
43886,15763350,15763589,239,mRNA
43887,15762565,15763270,705,mRNA
43888,15814729,15814917,188,mRNA
43889,15803361,15803487,126,mRNA
43890,15783315,15783466,151,mRNA
43891,15783088,15783244,156,mRNA
43892,15781773,15781906,133,mRNA
43893,15780985,15781079,94,mRNA
43894,15779265,15779658,393,mRNA
43895,15778352,15778546,194,mRNA
43896,15777178,15777286,108,mRNA
43897,15774428,15774757,329,mRNA
43898,15773816,15773966,150,mRNA
43899,15773041,15773253,212,mRNA
43900,15765123,15765252,129,mRNA
43901,15763646,15763829,183,mRNA
43902,15763350,15763589,239,mRNA
43903,15762565,15763270,705,mRNA
43904,15814729,15814917,188,mRNA
43905,15803361,15803487,126,mRNA
43906,15783315,15783466,151,mRNA
43907,15783088,15783244,156,mRNA
43908,15781773,15781906,133,mRNA
43909,15780985,15781079,94,mRNA
43910,15779265,15779658,393,mRNA
43911,15778352,15778546,194,mRNA
43912,15777178,15777286,108,mRNA
43913,15774428,15774757,329,mRNA
43914,15773816,15773966,150,mRNA
43915,15773041,15773253,212,mRNA
43916,15765123,15765447,324,mRNA
43917,15763646,15763829,183,mRNA
43918,15763350,15763589,239,mRNA
43919,15762565,15763270,705,mRNA
43920,15814729,15814917,188,mRNA
43921,15803361,15803487,126,mRNA
43922,15783315,15783466,151,mRNA
43923,15783088,15783244,156,mRNA
43924,15781773,15781906,133,mRNA
43925,15780985,15781079,94,mRNA
43926,15780058,15780277,219,mRNA
43927,15778352,15778546,194,mRNA
43928,15777178,15777286,108,mRNA
43929,15773816,15773966,150,mRNA
43930,15765123,15765252,129,mRNA
43931,15763646,15763829,183,mRNA
43932,15763350,15763589,239,mRNA
43933,15762565,15763270,705,mRNA
43934,15814729,15814917,188,mRNA
43935,15803361,15803487,126,mRNA
43936,15783315,15783466,151,mRNA
43937,15783088,15783244,156,mRNA
43938,15781773,15781906,133,mRNA
43939,15780985,15781079,94,mRNA
43940,15780058,15780277,219,mRNA
43941,15778352,15778546,194,mRNA
43942,15777178,15777286,108,mRNA
43943,15773816,15773966,150,mRNA
43944,15765123,15765447,324,mRNA
43945,15763646,15763829,183,mRNA
43946,15763350,15763589,239,mRNA
43947,15762565,15763270,705,mRNA
43948,15814729,15814917,188,mRNA
43949,15803361,15803487,126,mRNA
43950,15783315,15783466,151,mRNA
43951,15783088,15783244,156,mRNA
43952,15781773,15781906,133,mRNA
43953,15780985,15781079,94,mRNA
43954,15780058,15780277,219,mRNA
43955,15778352,15778546,194,mRNA
43956,15777178,15777286,108,mRNA
43957,15773816,15773966,150,mRNA
43958,15765123,15767253,2130,mRNA
43959,15763646,15763829,183,mRNA
43960,15763350,15763589,239,mRNA
43961,15762565,15763270,705,mRNA
43962,15814729,15814917,188,mRNA
43963,15803361,15803487,126,mRNA
43964,15783315,15783466,151,mRNA
43965,15783088,15783244,156,mRNA
43966,15781773,15781906,133,mRNA
43967,15780985,15781079,94,mRNA
43968,15780058,15780277,219,mRNA
43969,15778352,15778546,194,mRNA
43970,15777178,15777286,108,mRNA
43971,15773816,15773966,150,mRNA
43972,15765123,15769551,4428,mRNA
43973,15763646,15763829,183,mRNA
43974,15763350,15763589,239,mRNA
43975,15762565,15763270,705,mRNA
43976,15814729,15814917,188,mRNA
43977,15803361,15803487,126,mRNA
43978,15783315,15783466,151,mRNA
43979,15783088,15783244,156,mRNA
43980,15781773,15781906,133,mRNA
43981,15780985,15781079,94,mRNA
43982,15780058,15780277,219,mRNA
43983,15778352,15778546,194,mRNA
43984,15777178,15777286,108,mRNA
43985,15773816,15773966,150,mRNA
43986,15773041,15773253,212,mRNA
43987,15765123,15765252,129,mRNA
43988,15763646,15763829,183,mRNA
43989,15763350,15763589,239,mRNA
43990,15762565,15763270,705,mRNA
43991,15814729,15814917,188,mRNA
43992,15803361,15803487,126,mRNA
43993,15783315,15783466,151,mRNA
43994,15783088,15783244,156,mRNA
43995,15781773,15781906,133,mRNA
43996,15780985,15781079,94,mRNA
43997,15780058,15780277,219,mRNA
43998,15778352,15778546,194,mRNA
43999,15777178,15777286,108,mRNA
44000,15773816,15773966,150,mRNA
44001,15773041,15773253,212,mRNA
44002,15765123,15765447,324,mRNA
44003,15763646,15763829,183,mRNA
44004,15763350,15763589,239,mRNA
44005,15762565,15763270,705,mRNA
44006,15814729,15814917,188,mRNA
44007,15803361,15803487,126,mRNA
44008,15783315,15783466,151,mRNA
44009,15783088,15783244,156,mRNA
44010,15781773,15781906,133,mRNA
44011,15780985,15781079,94,mRNA
44012,15780058,15780277,219,mRNA
44013,15778352,15778546,194,mRNA
44014,15777178,15777286,108,mRNA
44015,15774428,15774757,329,mRNA
44016,15773816,15773966,150,mRNA
44017,15765123,15769551,4428,mRNA
44018,15763646,15763829,183,mRNA
44019,15763350,15763589,239,mRNA
44020,15762565,15763270,705,mRNA
44021,15814729,15814917,188,mRNA
44022,15803361,15803487,126,mRNA
44023,15783315,15783466,151,mRNA
44024,15783088,15783244,156,mRNA
44025,15781773,15781906,133,mRNA
44026,15780985,15781079,94,mRNA
44027,15780058,15780277,219,mRNA
44028,15778352,15778546,194,mRNA
44029,15777178,15777286,108,mRNA
44030,15774428,15774757,329,mRNA
44031,15773816,15773966,150,mRNA
44032,15773041,15773253,212,mRNA
44033,15765123,15765447,324,mRNA
44034,15763646,15763829,183,mRNA
44035,15763350,15763589,239,mRNA
44036,15762565,15763270,705,mRNA
44037,15814729,15814917,188,mRNA
44038,15803361,15803487,126,mRNA
44039,15783315,15783466,151,mRNA
44040,15783088,15783244,156,mRNA
44041,15781773,15781906,133,mRNA
44042,15780985,15781079,94,mRNA
44043,15780058,15780277,219,mRNA
44044,15778352,15778546,194,mRNA
44045,15777178,15777286,108,mRNA
44046,15774428,15775507,1079,mRNA
44047,15773816,15773966,150,mRNA
44048,15763926,15764835,909,mRNA
44049,15763646,15763829,183,mRNA
44050,15763350,15763589,239,mRNA
44051,15762565,15763270,705,mRNA
44052,15775776,15776062,286,mRNA
44053,15774428,15774757,329,mRNA
44054,15773816,15773966,150,mRNA
44055,15765123,15769551,4428,mRNA
44056,15763646,15763829,183,mRNA
44057,15763350,15763589,239,mRNA
44058,15762565,15763270,705,mRNA
44059,15775776,15776062,286,mRNA
44060,15774428,15774757,329,mRNA
44061,15773816,15773966,150,mRNA
44062,15773041,15773253,212,mRNA
44063,15765123,15765252,129,mRNA
44064,15763646,15763829,183,mRNA
44065,15763350,15763589,239,mRNA
44066,15762565,15763270,705,mRNA
44067,15803361,15803471,110,CDS
44068,15783315,15783466,151,CDS
44069,15783088,15783244,156,CDS
44070,15781773,15781906,133,CDS
44071,15780985,15781079,94,CDS
44072,15779265,15779658,393,CDS
44073,15778352,15778546,194,CDS
44074,15777178,15777286,108,CDS
44075,15773816,15773966,150,CDS
44076,15765123,15769551,4428,CDS
44077,15763646,15763829,183,CDS
44078,15763350,15763589,239,CDS
44079,15763193,15763270,77,CDS
44080,15803361,15803471,110,CDS
44081,15783315,15783466,151,CDS
44082,15783088,15783244,156,CDS
44083,15781773,15781906,133,CDS
44084,15780985,15781079,94,CDS
44085,15779265,15779658,393,CDS
44086,15778352,15778546,194,CDS
44087,15777178,15777286,108,CDS
44088,15773816,15773966,150,CDS
44089,15773041,15773253,212,CDS
44090,15765123,15765252,129,CDS
44091,15763646,15763829,183,CDS
44092,15763350,15763589,239,CDS
44093,15763193,15763270,77,CDS
44094,15803361,15803471,110,CDS
44095,15783315,15783466,151,CDS
44096,15783088,15783244,156,CDS
44097,15781773,15781906,133,CDS
44098,15780985,15781079,94,CDS
44099,15779265,15779658,393,CDS
44100,15778352,15778546,194,CDS
44101,15777178,15777286,108,CDS
44102,15773816,15773966,150,CDS
44103,15773041,15773253,212,CDS
44104,15765123,15766713,1590,CDS
44105,15763646,15763829,183,CDS
44106,15763350,15763589,239,CDS
44107,15763193,15763270,77,CDS
44108,15803361,15803471,110,CDS
44109,15783315,15783466,151,CDS
44110,15783088,15783244,156,CDS
44111,15781773,15781906,133,CDS
44112,15780985,15781079,94,CDS
44113,15779265,15779658,393,CDS
44114,15778352,15778546,194,CDS
44115,15777178,15777286,108,CDS
44116,15774428,15774757,329,CDS
44117,15773816,15773966,150,CDS
44118,15773041,15773253,212,CDS
44119,15765123,15765252,129,CDS
44120,15763646,15763829,183,CDS
44121,15763350,15763589,239,CDS
44122,15763193,15763270,77,CDS
44123,15803361,15803471,110,CDS
44124,15783315,15783466,151,CDS
44125,15783088,15783244,156,CDS
44126,15781773,15781906,133,CDS
44127,15780985,15781079,94,CDS
44128,15779265,15779658,393,CDS
44129,15778352,15778546,194,CDS
44130,15777178,15777286,108,CDS
44131,15774428,15774757,329,CDS
44132,15773816,15773966,150,CDS
44133,15773041,15773253,212,CDS
44134,15765123,15765447,324,CDS
44135,15763646,15763829,183,CDS
44136,15763350,15763589,239,CDS
44137,15763193,15763270,77,CDS
44138,15803361,15803471,110,CDS
44139,15783315,15783466,151,CDS
44140,15783088,15783244,156,CDS
44141,15781773,15781906,133,CDS
44142,15780985,15781079,94,CDS
44143,15780058,15780277,219,CDS
44144,15778352,15778546,194,CDS
44145,15777178,15777286,108,CDS
44146,15773816,15773966,150,CDS
44147,15765123,15765252,129,CDS
44148,15763646,15763829,183,CDS
44149,15763350,15763589,239,CDS
44150,15763193,15763270,77,CDS
44151,15803361,15803471,110,CDS
44152,15783315,15783466,151,CDS
44153,15783088,15783244,156,CDS
44154,15781773,15781906,133,CDS
44155,15780985,15781079,94,CDS
44156,15780058,15780277,219,CDS
44157,15778352,15778546,194,CDS
44158,15777178,15777286,108,CDS
44159,15773816,15773966,150,CDS
44160,15765123,15765447,324,CDS
44161,15763646,15763829,183,CDS
44162,15763350,15763589,239,CDS
44163,15763193,15763270,77,CDS
44164,15803361,15803471,110,CDS
44165,15783315,15783466,151,CDS
44166,15783088,15783244,156,CDS
44167,15781773,15781906,133,CDS
44168,15780985,15781079,94,CDS
44169,15780058,15780277,219,CDS
44170,15778352,15778546,194,CDS
44171,15777178,15777286,108,CDS
44172,15773816,15773966,150,CDS
44173,15765123,15767253,2130,CDS
44174,15763646,15763829,183,CDS
44175,15763350,15763589,239,CDS
44176,15763193,15763270,77,CDS
44177,15803361,15803471,110,CDS
44178,15783315,15783466,151,CDS
44179,15783088,15783244,156,CDS
44180,15781773,15781906,133,CDS
44181,15780985,15781079,94,CDS
44182,15780058,15780277,219,CDS
44183,15778352,15778546,194,CDS
44184,15777178,15777286,108,CDS
44185,15773816,15773966,150,CDS
44186,15765123,15769551,4428,CDS
44187,15763646,15763829,183,CDS
44188,15763350,15763589,239,CDS
44189,15763193,15763270,77,CDS
44190,15803361,15803471,110,CDS
44191,15783315,15783466,151,CDS
44192,15783088,15783244,156,CDS
44193,15781773,15781906,133,CDS
44194,15780985,15781079,94,CDS
44195,15780058,15780277,219,CDS
44196,15778352,15778546,194,CDS
44197,15777178,15777286,108,CDS
44198,15773816,15773966,150,CDS
44199,15773041,15773253,212,CDS
44200,15765123,15765252,129,CDS
44201,15763646,15763829,183,CDS
44202,15763350,15763589,239,CDS
44203,15763193,15763270,77,CDS
44204,15803361,15803471,110,CDS
44205,15783315,15783466,151,CDS
44206,15783088,15783244,156,CDS
44207,15781773,15781906,133,CDS
44208,15780985,15781079,94,CDS
44209,15780058,15780277,219,CDS
44210,15778352,15778546,194,CDS
44211,15777178,15777286,108,CDS
44212,15773816,15773966,150,CDS
44213,15773041,15773253,212,CDS
44214,15765123,15765447,324,CDS
44215,15763646,15763829,183,CDS
44216,15763350,15763589,239,CDS
44217,15763193,15763270,77,CDS
44218,15803361,15803471,110,CDS
44219,15783315,15783466,151,CDS
44220,15783088,15783244,156,CDS
44221,15781773,15781906,133,CDS
44222,15780985,15781079,94,CDS
44223,15780058,15780277,219,CDS
44224,15778352,15778546,194,CDS
44225,15777178,15777286,108,CDS
44226,15774428,15774757,329,CDS
44227,15773816,15773966,150,CDS
44228,15765123,15769551,4428,CDS
44229,15763646,15763829,183,CDS
44230,15763350,15763589,239,CDS
44231,15763193,15763270,77,CDS
44232,15803361,15803471,110,CDS
44233,15783315,15783466,151,CDS
44234,15783088,15783244,156,CDS
44235,15781773,15781906,133,CDS
44236,15780985,15781079,94,CDS
44237,15780058,15780277,219,CDS
44238,15778352,15778546,194,CDS
44239,15777178,15777286,108,CDS
44240,15774428,15774757,329,CDS
44241,15773816,15773966,150,CDS
44242,15773041,15773253,212,CDS
44243,15765123,15765447,324,CDS
44244,15763646,15763829,183,CDS
44245,15763350,15763589,239,CDS
44246,15763193,15763270,77,CDS
44247,15803361,15803471,110,CDS
44248,15783315,15783466,151,CDS
44249,15783088,15783244,156,CDS
44250,15781773,15781906,133,CDS
44251,15780985,15781079,94,CDS
44252,15780058,15780277,219,CDS
44253,15778352,15778546,194,CDS
44254,15777178,15777286,108,CDS
44255,15774428,15775507,1079,CDS
44256,15773816,15773966,150,CDS
44257,15763926,15764835,909,CDS
44258,15763646,15763829,183,CDS
44259,15763350,15763589,239,CDS
44260,15763193,15763270,77,CDS
44261,15803361,15803471,110,CDS
44262,15783315,15783466,151,CDS
44263,15783088,15783244,156,CDS
44264,15781773,15781906,133,CDS
44265,15780985,15781079,94,CDS
44266,15780058,15780277,219,CDS
44267,15778352,15778546,194,CDS
44268,15777178,15777286,108,CDS
44269,15774428,15775507,1079,CDS
44270,15773816,15773966,150,CDS
44271,15773041,15773253,212,CDS
44272,15765123,15765252,129,CDS
44273,15763646,15763829,183,CDS
44274,15763350,15763589,239,CDS
44275,15763193,15763270,77,CDS
44276,15774428,15774622,194,CDS
44277,15773816,15773966,150,CDS
44278,15765123,15769551,4428,CDS
44279,15763646,15763829,183,CDS
44280,15763350,15763589,239,CDS
44281,15763193,15763270,77,CDS
44282,15774428,15774622,194,CDS
44283,15773816,15773966,150,CDS
44284,15773041,15773253,212,CDS
44285,15765123,15765252,129,CDS
44286,15763646,15763829,183,CDS
44287,15763350,15763589,239,CDS
44288,15763193,15763270,77,CDS
44289,15816760,15817004,244,mRNA
44290,15803361,15803487,126,mRNA
44291,15783315,15783466,151,mRNA
44292,15783088,15783244,156,mRNA
44293,15781773,15781906,133,mRNA
44294,15780985,15781079,94,mRNA
44295,15780058,15780277,219,mRNA
44296,15778352,15778546,194,mRNA
44297,15777178,15777286,108,mRNA
44298,15773816,15773966,150,mRNA
44299,15770951,15771147,196,mRNA
44300,15814729,15814917,188,mRNA
44301,15803361,15803487,126,mRNA
44302,15783315,15783466,151,mRNA
44303,15783088,15783244,156,mRNA
44304,15781773,15781906,133,mRNA
44305,15780985,15781079,94,mRNA
44306,15780058,15780277,219,mRNA
44307,15778352,15778546,194,mRNA
44308,15777178,15777286,108,mRNA
44309,15773816,15773966,150,mRNA
44310,15770951,15771147,196,mRNA
44311,15803361,15803471,110,CDS
44312,15783315,15783466,151,CDS
44313,15783088,15783244,156,CDS
44314,15781773,15781906,133,CDS
44315,15780985,15781079,94,CDS
44316,15780058,15780277,219,CDS
44317,15778352,15778546,194,CDS
44318,15777178,15777286,108,CDS
44319,15773816,15773966,150,CDS
44320,15771122,15771147,25,CDS
44321,15803361,15803471,110,CDS
44322,15783315,15783466,151,CDS
44323,15783088,15783244,156,CDS
44324,15781773,15781906,133,CDS
44325,15780985,15781079,94,CDS
44326,15780058,15780277,219,CDS
44327,15778352,15778546,194,CDS
44328,15777178,15777286,108,CDS
44329,15773816,15773966,150,CDS
44330,15771122,15771147,25,CDS
44331,15814729,15814917,188,mRNA
44332,15803361,15803487,126,mRNA
44333,15783315,15783466,151,mRNA
44334,15783088,15783244,156,mRNA
44335,15781773,15781906,133,mRNA
44336,15780985,15781079,94,mRNA
44337,15779265,15779658,393,mRNA
44338,15778352,15778546,194,mRNA
44339,15777178,15777286,108,mRNA
44340,15773556,15773966,410,mRNA
44341,15803361,15803471,110,CDS
44342,15783315,15783466,151,CDS
44343,15783088,15783244,156,CDS
44344,15781773,15781906,133,CDS
44345,15780985,15781079,94,CDS
44346,15779265,15779658,393,CDS
44347,15778352,15778546,194,CDS
44348,15777178,15777286,108,CDS
44349,15773766,15773966,200,CDS
44350,15814729,15814917,188,mRNA
44351,15803361,15803487,126,mRNA
44352,15783315,15783466,151,mRNA
44353,15783088,15783244,156,mRNA
44354,15781773,15781906,133,mRNA
44355,15780985,15781079,94,mRNA
44356,15780639,15780735,96,mRNA
44357,15803361,15803471,110,CDS
44358,15783315,15783466,151,CDS
44359,15783088,15783244,156,CDS
44360,15781773,15781906,133,CDS
44361,15780985,15781079,94,CDS
44362,15780683,15780735,52,CDS
44363,15794000,15855645,61645,gene
44364,15794000,15794950,950,mRNA
44365,15848510,15849679,1169,mRNA
44366,15852388,15852541,153,mRNA
44367,15852671,15852819,148,mRNA
44368,15852882,15853006,124,mRNA
44369,15853065,15853589,524,mRNA
44370,15819114,15821114,2000,gene
44371,15820887,15821114,227,mRNA
44372,15820772,15820817,45,mRNA
44373,15820557,15820720,163,mRNA
44374,15819949,15820467,518,mRNA
44375,15819844,15819892,48,mRNA
44376,15819645,15819772,127,mRNA
44377,15819114,15819589,475,mRNA
44378,15820887,15821085,198,CDS
44379,15820772,15820817,45,CDS
44380,15820557,15820720,163,CDS
44381,15819949,15820467,518,CDS
44382,15819844,15819892,48,CDS
44383,15819645,15819772,127,CDS
44384,15819228,15819589,361,CDS
44385,15826693,15835055,8362,gene
44386,15834683,15835055,372,mRNA
44387,15831031,15831513,482,mRNA
44388,15830315,15830455,140,mRNA
44389,15830166,15830245,79,mRNA
44390,15826693,15828073,1380,mRNA
44391,15834683,15834917,234,mRNA
44392,15831031,15831513,482,mRNA
44393,15830315,15830455,140,mRNA
44394,15830166,15830245,79,mRNA
44395,15826693,15828073,1380,mRNA
44396,15831031,15831043,12,CDS
44397,15830315,15830455,140,CDS
44398,15830166,15830245,79,CDS
44399,15827030,15828073,1043,CDS
44400,15831031,15831043,12,CDS
44401,15830315,15830455,140,CDS
44402,15830166,15830245,79,CDS
44403,15827030,15828073,1043,CDS
44404,15842760,15847362,4602,gene
44405,15847140,15847362,222,mRNA
44406,15845684,15846182,498,mRNA
44407,15845304,15845612,308,mRNA
44408,15842760,15845011,2251,mRNA
44409,15847140,15847362,222,mRNA
44410,15845684,15846182,498,mRNA
44411,15845304,15845612,308,mRNA
44412,15844098,15845011,913,mRNA
44413,15847140,15847362,222,mRNA
44414,15846917,15847065,148,mRNA
44415,15845684,15846182,498,mRNA
44416,15845304,15845612,308,mRNA
44417,15844098,15845011,913,mRNA
44418,15845684,15846146,462,CDS
44419,15845304,15845612,308,CDS
44420,15844218,15845011,793,CDS
44421,15845684,15846146,462,CDS
44422,15845304,15845612,308,CDS
44423,15844218,15845011,793,CDS
44424,15845684,15846146,462,CDS
44425,15845304,15845612,308,CDS
44426,15844218,15845011,793,CDS
44427,15848579,15849679,1100,mRNA
44428,15852388,15852541,153,mRNA
44429,15852671,15852819,148,mRNA
44430,15852882,15853006,124,mRNA
44431,15853065,15855645,2580,mRNA
44432,15848579,15849679,1100,mRNA
44433,15852388,15852541,153,mRNA
44434,15852671,15852819,148,mRNA
44435,15852882,15853006,124,mRNA
44436,15853065,15854981,1916,mRNA
44437,15848579,15849679,1100,mRNA
44438,15852388,15852541,153,mRNA
44439,15852671,15852819,148,mRNA
44440,15852882,15853006,124,mRNA
44441,15853065,15853589,524,mRNA
44442,15849621,15849679,58,CDS
44443,15852388,15852541,153,CDS
44444,15852671,15852819,148,CDS
44445,15852882,15853006,124,CDS
44446,15853065,15853195,130,CDS
44447,15849621,15849679,58,CDS
44448,15852388,15852541,153,CDS
44449,15852671,15852819,148,CDS
44450,15852882,15853006,124,CDS
44451,15853065,15853195,130,CDS
44452,15849621,15849679,58,CDS
44453,15852388,15852541,153,CDS
44454,15852671,15852819,148,CDS
44455,15852882,15853006,124,CDS
44456,15853065,15853195,130,CDS
44457,15849621,15849679,58,CDS
44458,15852388,15852541,153,CDS
44459,15852671,15852819,148,CDS
44460,15852882,15853006,124,CDS
44461,15853065,15853195,130,CDS
44462,15855764,15855805,41,mobile_element
44463,15855961,15857522,1561,gene
44464,15855961,15856132,171,mRNA
44465,15856450,15856563,113,mRNA
44466,15856624,15857237,613,mRNA
44467,15857286,15857522,236,mRNA
44468,15855961,15856132,171,CDS
44469,15856450,15856563,113,CDS
44470,15856624,15857237,613,CDS
44471,15857286,15857522,236,CDS
44472,15857752,15862755,5003,gene
44473,15862683,15862755,72,mRNA
44474,15860601,15860753,152,mRNA
44475,15860377,15860530,153,mRNA
44476,15860195,15860304,109,mRNA
44477,15860007,15860119,112,mRNA
44478,15859080,15859939,859,mRNA
44479,15858190,15858893,703,mRNA
44480,15857752,15858010,258,mRNA
44481,15861882,15862020,138,mRNA
44482,15860601,15860753,152,mRNA
44483,15860377,15860530,153,mRNA
44484,15860195,15860304,109,mRNA
44485,15860007,15860119,112,mRNA
44486,15859080,15859939,859,mRNA
44487,15858190,15858893,703,mRNA
44488,15857752,15858010,258,mRNA
44489,15861639,15861718,79,mRNA
44490,15860601,15860753,152,mRNA
44491,15860377,15860530,153,mRNA
44492,15860195,15860304,109,mRNA
44493,15860007,15860119,112,mRNA
44494,15859080,15859939,859,mRNA
44495,15858190,15858893,703,mRNA
44496,15857752,15858010,258,mRNA
44497,15861061,15861344,283,mRNA
44498,15860601,15860753,152,mRNA
44499,15860377,15860530,153,mRNA
44500,15860195,15860304,109,mRNA
44501,15860007,15860119,112,mRNA
44502,15859080,15859939,859,mRNA
44503,15858190,15858893,703,mRNA
44504,15857752,15858010,258,mRNA
44505,15860601,15860702,101,CDS
44506,15860377,15860530,153,CDS
44507,15860195,15860304,109,CDS
44508,15860007,15860119,112,CDS
44509,15859080,15859939,859,CDS
44510,15858190,15858893,703,CDS
44511,15857879,15858010,131,CDS
44512,15860601,15860702,101,CDS
44513,15860377,15860530,153,CDS
44514,15860195,15860304,109,CDS
44515,15860007,15860119,112,CDS
44516,15859080,15859939,859,CDS
44517,15858190,15858893,703,CDS
44518,15857879,15858010,131,CDS
44519,15860601,15860702,101,CDS
44520,15860377,15860530,153,CDS
44521,15860195,15860304,109,CDS
44522,15860007,15860119,112,CDS
44523,15859080,15859939,859,CDS
44524,15858190,15858893,703,CDS
44525,15857879,15858010,131,CDS
44526,15860601,15860702,101,CDS
44527,15860377,15860530,153,CDS
44528,15860195,15860304,109,CDS
44529,15860007,15860119,112,CDS
44530,15859080,15859939,859,CDS
44531,15858190,15858893,703,CDS
44532,15857879,15858010,131,CDS
44533,15864309,15869147,4838,gene
44534,15868905,15869147,242,mRNA
44535,15866338,15868819,2481,mRNA
44536,15865990,15866276,286,mRNA
44537,15864309,15865901,1592,mRNA
44538,15868905,15869006,101,CDS
44539,15866338,15868819,2481,CDS
44540,15865990,15866276,286,CDS
44541,15864522,15865901,1379,CDS
44542,15869495,15922118,52623,gene
44543,15921639,15922118,479,mRNA
44544,15890290,15891280,990,mRNA
44545,15886244,15886315,71,mRNA
44546,15886099,15886170,71,mRNA
44547,15885345,15885488,143,mRNA
44548,15884335,15884570,235,mRNA
44549,15882794,15882935,141,mRNA
44550,15882569,15882712,143,mRNA
44551,15881367,15881582,215,mRNA
44552,15879922,15880079,157,mRNA
44553,15879699,15879852,153,mRNA
44554,15879396,15879614,218,mRNA
44555,15879061,15879132,71,mRNA
44556,15877172,15877540,368,mRNA
44557,15877031,15877102,71,mRNA
44558,15876101,15876244,143,mRNA
44559,15874512,15876036,1524,mRNA
44560,15874290,15874449,159,mRNA
44561,15873535,15873677,142,mRNA
44562,15869495,15873465,3970,mRNA
44563,15921639,15922118,479,mRNA
44564,15890290,15891280,990,mRNA
44565,15886244,15886315,71,mRNA
44566,15886099,15886170,71,mRNA
44567,15885345,15885488,143,mRNA
44568,15884335,15884570,235,mRNA
44569,15882794,15882935,141,mRNA
44570,15882569,15882712,143,mRNA
44571,15881367,15881582,215,mRNA
44572,15879922,15880079,157,mRNA
44573,15879699,15879852,153,mRNA
44574,15879396,15879614,218,mRNA
44575,15879061,15879132,71,mRNA
44576,15877172,15877540,368,mRNA
44577,15877031,15877102,71,mRNA
44578,15876101,15876244,143,mRNA
44579,15874512,15876036,1524,mRNA
44580,15874290,15874449,159,mRNA
44581,15873535,15873677,142,mRNA
44582,15870054,15873465,3411,mRNA
44583,15921639,15922118,479,mRNA
44584,15890290,15891280,990,mRNA
44585,15886244,15886315,71,mRNA
44586,15886099,15886170,71,mRNA
44587,15885585,15885656,71,mRNA
44588,15885345,15885488,143,mRNA
44589,15884335,15884570,235,mRNA
44590,15882794,15882935,141,mRNA
44591,15882569,15882712,143,mRNA
44592,15881367,15881582,215,mRNA
44593,15879922,15880079,157,mRNA
44594,15879699,15879852,153,mRNA
44595,15879396,15879614,218,mRNA
44596,15879061,15879132,71,mRNA
44597,15877172,15877540,368,mRNA
44598,15877031,15877102,71,mRNA
44599,15876101,15876244,143,mRNA
44600,15874512,15876036,1524,mRNA
44601,15874290,15874449,159,mRNA
44602,15873535,15873677,142,mRNA
44603,15870054,15873465,3411,mRNA
44604,15921639,15922118,479,mRNA
44605,15890290,15891280,990,mRNA
44606,15886244,15886315,71,mRNA
44607,15886099,15886170,71,mRNA
44608,15885585,15885656,71,mRNA
44609,15885345,15885488,143,mRNA
44610,15884335,15884570,235,mRNA
44611,15882794,15882935,141,mRNA
44612,15882569,15882712,143,mRNA
44613,15881367,15881582,215,mRNA
44614,15879922,15880079,157,mRNA
44615,15879699,15879852,153,mRNA
44616,15879396,15879614,218,mRNA
44617,15879061,15879132,71,mRNA
44618,15877172,15877540,368,mRNA
44619,15877031,15877102,71,mRNA
44620,15876101,15876244,143,mRNA
44621,15874512,15876036,1524,mRNA
44622,15874290,15874449,159,mRNA
44623,15873535,15873677,142,mRNA
44624,15870054,15873465,3411,mRNA
44625,15921639,15922118,479,mRNA
44626,15907172,15907233,61,mRNA
44627,15890290,15891280,990,mRNA
44628,15886244,15886315,71,mRNA
44629,15886099,15886170,71,mRNA
44630,15885345,15885488,143,mRNA
44631,15884335,15884570,235,mRNA
44632,15882794,15882935,141,mRNA
44633,15882569,15882712,143,mRNA
44634,15881367,15881582,215,mRNA
44635,15879922,15880079,157,mRNA
44636,15879699,15879852,153,mRNA
44637,15879396,15879614,218,mRNA
44638,15879061,15879132,71,mRNA
44639,15877172,15877540,368,mRNA
44640,15877031,15877102,71,mRNA
44641,15876101,15876244,143,mRNA
44642,15874512,15876036,1524,mRNA
44643,15874323,15874449,126,mRNA
44644,15873535,15873677,142,mRNA
44645,15870054,15873465,3411,mRNA
44646,15890290,15890917,627,mRNA
44647,15886244,15886315,71,mRNA
44648,15886099,15886170,71,mRNA
44649,15885585,15885656,71,mRNA
44650,15885345,15885488,143,mRNA
44651,15884335,15884570,235,mRNA
44652,15882794,15882935,141,mRNA
44653,15882569,15882712,143,mRNA
44654,15881367,15881582,215,mRNA
44655,15879922,15880079,157,mRNA
44656,15879699,15879852,153,mRNA
44657,15879396,15879614,218,mRNA
44658,15879061,15879132,71,mRNA
44659,15877172,15877540,368,mRNA
44660,15877031,15877102,71,mRNA
44661,15876101,15876244,143,mRNA
44662,15874512,15876036,1524,mRNA
44663,15874290,15874449,159,mRNA
44664,15873535,15873677,142,mRNA
44665,15870054,15873465,3411,mRNA
44666,15890290,15890603,313,CDS
44667,15886244,15886315,71,CDS
44668,15886099,15886170,71,CDS
44669,15885585,15885656,71,CDS
44670,15885345,15885488,143,CDS
44671,15884335,15884570,235,CDS
44672,15882794,15882935,141,CDS
44673,15882569,15882712,143,CDS
44674,15881367,15881582,215,CDS
44675,15879922,15880079,157,CDS
44676,15879699,15879852,153,CDS
44677,15879396,15879614,218,CDS
44678,15879061,15879132,71,CDS
44679,15877172,15877540,368,CDS
44680,15877031,15877102,71,CDS
44681,15876101,15876244,143,CDS
44682,15874512,15876036,1524,CDS
44683,15874290,15874449,159,CDS
44684,15873535,15873677,142,CDS
44685,15871420,15873465,2045,CDS
44686,15890290,15890603,313,CDS
44687,15886244,15886315,71,CDS
44688,15886099,15886170,71,CDS
44689,15885345,15885488,143,CDS
44690,15884335,15884570,235,CDS
44691,15882794,15882935,141,CDS
44692,15882569,15882712,143,CDS
44693,15881367,15881582,215,CDS
44694,15879922,15880079,157,CDS
44695,15879699,15879852,153,CDS
44696,15879396,15879614,218,CDS
44697,15879061,15879132,71,CDS
44698,15877172,15877540,368,CDS
44699,15877031,15877102,71,CDS
44700,15876101,15876244,143,CDS
44701,15874512,15876036,1524,CDS
44702,15874323,15874449,126,CDS
44703,15873535,15873677,142,CDS
44704,15873379,15873465,86,CDS
44705,15890290,15890603,313,CDS
44706,15886244,15886315,71,CDS
44707,15886099,15886170,71,CDS
44708,15885345,15885488,143,CDS
44709,15884335,15884570,235,CDS
44710,15882794,15882935,141,CDS
44711,15882569,15882712,143,CDS
44712,15881367,15881582,215,CDS
44713,15879922,15880079,157,CDS
44714,15879699,15879852,153,CDS
44715,15879396,15879614,218,CDS
44716,15879061,15879132,71,CDS
44717,15877172,15877540,368,CDS
44718,15877031,15877102,71,CDS
44719,15876101,15876244,143,CDS
44720,15874512,15876036,1524,CDS
44721,15874290,15874449,159,CDS
44722,15873535,15873677,142,CDS
44723,15873379,15873465,86,CDS
44724,15890290,15890603,313,CDS
44725,15886244,15886315,71,CDS
44726,15886099,15886170,71,CDS
44727,15885345,15885488,143,CDS
44728,15884335,15884570,235,CDS
44729,15882794,15882935,141,CDS
44730,15882569,15882712,143,CDS
44731,15881367,15881582,215,CDS
44732,15879922,15880079,157,CDS
44733,15879699,15879852,153,CDS
44734,15879396,15879614,218,CDS
44735,15879061,15879132,71,CDS
44736,15877172,15877540,368,CDS
44737,15877031,15877102,71,CDS
44738,15876101,15876244,143,CDS
44739,15874512,15876036,1524,CDS
44740,15874290,15874449,159,CDS
44741,15873535,15873677,142,CDS
44742,15873379,15873465,86,CDS
44743,15890290,15890603,313,CDS
44744,15886244,15886315,71,CDS
44745,15886099,15886170,71,CDS
44746,15885585,15885656,71,CDS
44747,15885345,15885488,143,CDS
44748,15884335,15884570,235,CDS
44749,15882794,15882935,141,CDS
44750,15882569,15882712,143,CDS
44751,15881367,15881582,215,CDS
44752,15879922,15880079,157,CDS
44753,15879699,15879852,153,CDS
44754,15879396,15879614,218,CDS
44755,15879061,15879132,71,CDS
44756,15877172,15877540,368,CDS
44757,15877031,15877102,71,CDS
44758,15876101,15876244,143,CDS
44759,15874512,15876036,1524,CDS
44760,15874290,15874449,159,CDS
44761,15873535,15873677,142,CDS
44762,15873379,15873465,86,CDS
44763,15890290,15890603,313,CDS
44764,15886244,15886315,71,CDS
44765,15886099,15886170,71,CDS
44766,15885585,15885656,71,CDS
44767,15885345,15885488,143,CDS
44768,15884335,15884570,235,CDS
44769,15882794,15882935,141,CDS
44770,15882569,15882712,143,CDS
44771,15881367,15881582,215,CDS
44772,15879922,15880079,157,CDS
44773,15879699,15879852,153,CDS
44774,15879396,15879614,218,CDS
44775,15879061,15879132,71,CDS
44776,15877172,15877540,368,CDS
44777,15877031,15877102,71,CDS
44778,15876101,15876244,143,CDS
44779,15874512,15876036,1524,CDS
44780,15874290,15874449,159,CDS
44781,15873535,15873677,142,CDS
44782,15873379,15873465,86,CDS
44783,15895829,15896427,598,gene
44784,15896281,15896427,146,mRNA
44785,15896062,15896229,167,mRNA
44786,15895829,15895987,158,mRNA
44787,15896281,15896427,146,CDS
44788,15896062,15896229,167,CDS
44789,15895829,15895987,158,CDS
44790,15915995,15916795,800,gene
44791,15915995,15916795,800,ncRNA
44792,15923040,15931935,8895,gene
44793,15931737,15931935,198,mRNA
44794,15926745,15927624,879,mRNA
44795,15925495,15926681,1186,mRNA
44796,15925264,15925428,164,mRNA
44797,15924922,15925201,279,mRNA
44798,15924079,15924863,784,mRNA
44799,15923774,15924009,235,mRNA
44800,15923040,15923711,671,mRNA
44801,15931737,15931935,198,mRNA
44802,15926745,15927624,879,mRNA
44803,15925495,15926681,1186,mRNA
44804,15925264,15925431,167,mRNA
44805,15924922,15925201,279,mRNA
44806,15924079,15924863,784,mRNA
44807,15923774,15924009,235,mRNA
44808,15923040,15923711,671,mRNA
44809,15931524,15931935,411,mRNA
44810,15926745,15927624,879,mRNA
44811,15925495,15926681,1186,mRNA
44812,15925264,15925431,167,mRNA
44813,15924922,15925201,279,mRNA
44814,15924079,15924863,784,mRNA
44815,15923774,15924009,235,mRNA
44816,15923040,15923711,671,mRNA
44817,15926745,15928330,1585,mRNA
44818,15925495,15926681,1186,mRNA
44819,15925264,15925431,167,mRNA
44820,15924922,15925201,279,mRNA
44821,15924079,15924863,784,mRNA
44822,15923774,15924009,235,mRNA
44823,15923040,15923711,671,mRNA
44824,15926745,15927555,810,CDS
44825,15925495,15926681,1186,CDS
44826,15925264,15925428,164,CDS
44827,15924922,15925201,279,CDS
44828,15924079,15924863,784,CDS
44829,15923774,15924009,235,CDS
44830,15923183,15923711,528,CDS
44831,15926745,15927555,810,CDS
44832,15925495,15926681,1186,CDS
44833,15925264,15925431,167,CDS
44834,15924922,15925201,279,CDS
44835,15924079,15924863,784,CDS
44836,15923774,15924009,235,CDS
44837,15923183,15923711,528,CDS
44838,15926745,15927555,810,CDS
44839,15925495,15926681,1186,CDS
44840,15925264,15925431,167,CDS
44841,15924922,15925201,279,CDS
44842,15924079,15924863,784,CDS
44843,15923774,15924009,235,CDS
44844,15923183,15923711,528,CDS
44845,15926745,15927555,810,CDS
44846,15925495,15926681,1186,CDS
44847,15925264,15925431,167,CDS
44848,15924922,15925201,279,CDS
44849,15924079,15924863,784,CDS
44850,15923774,15924009,235,CDS
44851,15923183,15923711,528,CDS
44852,15932170,15934825,2655,gene
44853,15934798,15934825,27,mRNA
44854,15934199,15934580,381,mRNA
44855,15932784,15933819,1035,mRNA
44856,15932170,15932720,550,mRNA
44857,15934199,15934717,518,mRNA
44858,15932784,15933819,1035,mRNA
44859,15932170,15932720,550,mRNA
44860,15934199,15934570,371,CDS
44861,15932784,15933819,1035,CDS
44862,15932632,15932720,88,CDS
44863,15934199,15934570,371,CDS
44864,15932784,15933819,1035,CDS
44865,15932632,15932720,88,CDS
44866,15934825,15935938,1113,gene
44867,15934825,15934923,98,mRNA
44868,15934981,15935938,957,mRNA
44869,15934896,15934923,27,CDS
44870,15934981,15935840,859,CDS
44871,15935893,15940073,4180,gene
44872,15939910,15940073,163,mRNA
44873,15939037,15939257,220,mRNA
44874,15938447,15938978,531,mRNA
44875,15937679,15937879,200,mRNA
44876,15935893,15936580,687,mRNA
44877,15939910,15940073,163,mRNA
44878,15939037,15939257,220,mRNA
44879,15938447,15938978,531,mRNA
44880,15937679,15937879,200,mRNA
44881,15937021,15937326,305,mRNA
44882,15935893,15936580,687,mRNA
44883,15939910,15940073,163,mRNA
44884,15939037,15939257,220,mRNA
44885,15938447,15938978,531,mRNA
44886,15938115,15938267,152,mRNA
44887,15935893,15936583,690,mRNA
44888,15939910,15940067,157,mRNA
44889,15939037,15939257,220,mRNA
44890,15938447,15938978,531,mRNA
44891,15935893,15936580,687,mRNA
44892,15939775,15939834,59,mRNA
44893,15939037,15939257,220,mRNA
44894,15938447,15938978,531,mRNA
44895,15935893,15936580,687,mRNA
44896,15939310,15939450,140,mRNA
44897,15939037,15939257,220,mRNA
44898,15938447,15938978,531,mRNA
44899,15937679,15937879,200,mRNA
44900,15935893,15936580,687,mRNA
44901,15939310,15939450,140,mRNA
44902,15939037,15939257,220,mRNA
44903,15938447,15938978,531,mRNA
44904,15936091,15936583,492,mRNA
44905,15939910,15939965,55,CDS
44906,15939037,15939257,220,CDS
44907,15938447,15938978,531,CDS
44908,15936460,15936580,120,CDS
44909,15939910,15939965,55,CDS
44910,15939037,15939257,220,CDS
44911,15938447,15938978,531,CDS
44912,15937679,15937879,200,CDS
44913,15936460,15936580,120,CDS
44914,15939310,15939359,49,CDS
44915,15939037,15939257,220,CDS
44916,15938447,15938978,531,CDS
44917,15936460,15936583,123,CDS
44918,15939310,15939359,49,CDS
44919,15939037,15939257,220,CDS
44920,15938447,15938978,531,CDS
44921,15937679,15937879,200,CDS
44922,15936460,15936580,120,CDS
44923,15939037,15939250,213,CDS
44924,15938447,15938978,531,CDS
44925,15936460,15936580,120,CDS
44926,15939910,15940067,157,mRNA
44927,15939037,15939257,220,mRNA
44928,15938447,15938978,531,mRNA
44929,15937679,15937879,200,mRNA
44930,15936694,15937326,632,mRNA
44931,15939910,15939965,55,CDS
44932,15939037,15939257,220,CDS
44933,15938447,15938978,531,CDS
44934,15937679,15937879,200,CDS
44935,15937287,15937326,39,CDS
44936,15939910,15939965,55,CDS
44937,15939037,15939257,220,CDS
44938,15938447,15938978,531,CDS
44939,15937679,15937879,200,CDS
44940,15937287,15937326,39,CDS
44941,15939910,15939965,55,CDS
44942,15939037,15939257,220,CDS
44943,15938447,15938978,531,CDS
44944,15938255,15938267,12,CDS
44945,15940610,15941483,873,gene
44946,15940610,15941483,873,mRNA
44947,15940701,15941483,782,CDS
44948,15942864,15947266,4402,gene
44949,15942864,15943083,219,mRNA
44950,15945252,15945435,183,mRNA
44951,15945503,15945886,383,mRNA
44952,15945947,15947266,1319,mRNA
44953,15943066,15943083,17,CDS
44954,15945252,15945435,183,CDS
44955,15945503,15945886,383,CDS
44956,15945947,15946893,946,CDS
44957,15944028,15944567,539,gene
44958,15944028,15944567,539,mRNA
44959,15944114,15944398,284,CDS
44960,15945887,15945946,59,gene
44961,15945887,15945946,59,precursor_RNA
44962,15945887,15945907,20,ncRNA
44963,15945926,15945946,20,ncRNA
44964,15946933,15989498,42565,gene
44965,15988894,15989498,604,mRNA
44966,15987570,15987747,177,mRNA
44967,15985474,15985765,291,mRNA
44968,15984883,15985367,484,mRNA
44969,15984654,15984745,91,mRNA
44970,15984074,15984286,212,mRNA
44971,15969076,15984006,14930,mRNA
44972,15962117,15962827,710,mRNA
44973,15961313,15962056,743,mRNA
44974,15960481,15961188,707,mRNA
44975,15960245,15960417,172,mRNA
44976,15959789,15959876,87,mRNA
44977,15957994,15959317,1323,mRNA
44978,15957809,15957941,132,mRNA
44979,15956639,15956807,168,mRNA
44980,15954833,15954878,45,mRNA
44981,15953902,15954773,871,mRNA
44982,15953426,15953837,411,mRNA
44983,15952836,15953220,384,mRNA
44984,15951158,15951466,308,mRNA
44985,15950191,15950465,274,mRNA
44986,15949606,15950124,518,mRNA
44987,15949204,15949545,341,mRNA
44988,15949041,15949142,101,mRNA
44989,15948808,15948985,177,mRNA
44990,15946933,15947606,673,mRNA
44991,15988894,15989498,604,mRNA
44992,15987570,15987747,177,mRNA
44993,15985474,15985765,291,mRNA
44994,15984883,15985367,484,mRNA
44995,15984654,15984745,91,mRNA
44996,15984074,15984286,212,mRNA
44997,15969076,15984006,14930,mRNA
44998,15962117,15962827,710,mRNA
44999,15961313,15962056,743,mRNA
45000,15960481,15961188,707,mRNA
45001,15960245,15960417,172,mRNA
45002,15959789,15959876,87,mRNA
45003,15957994,15959317,1323,mRNA
45004,15957809,15957941,132,mRNA
45005,15956639,15956807,168,mRNA
45006,15954833,15954878,45,mRNA
45007,15953902,15954773,871,mRNA
45008,15953426,15953837,411,mRNA
45009,15952836,15953220,384,mRNA
45010,15951158,15951466,308,mRNA
45011,15950191,15950465,274,mRNA
45012,15949606,15950124,518,mRNA
45013,15949204,15949545,341,mRNA
45014,15949041,15949142,101,mRNA
45015,15948808,15948985,177,mRNA
45016,15948005,15948710,705,mRNA
45017,15946933,15947606,673,mRNA
45018,15987133,15987262,129,mRNA
45019,15985862,15986146,284,mRNA
45020,15985474,15985765,291,mRNA
45021,15984883,15985367,484,mRNA
45022,15984654,15984745,91,mRNA
45023,15984074,15984286,212,mRNA
45024,15969076,15984006,14930,mRNA
45025,15962117,15962827,710,mRNA
45026,15961313,15962056,743,mRNA
45027,15960481,15961188,707,mRNA
45028,15960245,15960417,172,mRNA
45029,15959789,15959876,87,mRNA
45030,15957994,15959317,1323,mRNA
45031,15957809,15957941,132,mRNA
45032,15956639,15956807,168,mRNA
45033,15954833,15954878,45,mRNA
45034,15953902,15954773,871,mRNA
45035,15953426,15953837,411,mRNA
45036,15952836,15953220,384,mRNA
45037,15951158,15951466,308,mRNA
45038,15950191,15950465,274,mRNA
45039,15949606,15950124,518,mRNA
45040,15949204,15949545,341,mRNA
45041,15949041,15949142,101,mRNA
45042,15948808,15948985,177,mRNA
45043,15946933,15947606,673,mRNA
45044,15987133,15987262,129,mRNA
45045,15985862,15986146,284,mRNA
45046,15985474,15985765,291,mRNA
45047,15984883,15985367,484,mRNA
45048,15984654,15984745,91,mRNA
45049,15984074,15984286,212,mRNA
45050,15969076,15984006,14930,mRNA
45051,15962117,15962827,710,mRNA
45052,15961313,15962056,743,mRNA
45053,15960481,15961188,707,mRNA
45054,15960245,15960417,172,mRNA
45055,15959789,15959876,87,mRNA
45056,15957994,15959317,1323,mRNA
45057,15957809,15957941,132,mRNA
45058,15956639,15956807,168,mRNA
45059,15954833,15954878,45,mRNA
45060,15953902,15954773,871,mRNA
45061,15953426,15953837,411,mRNA
45062,15952836,15953220,384,mRNA
45063,15951158,15951466,308,mRNA
45064,15950191,15950465,274,mRNA
45065,15949606,15950124,518,mRNA
45066,15949204,15949545,341,mRNA
45067,15949041,15949142,101,mRNA
45068,15948808,15948985,177,mRNA
45069,15948005,15948710,705,mRNA
45070,15946933,15947606,673,mRNA
45071,15952348,15952518,170,mRNA
45072,15951158,15951466,308,mRNA
45073,15950191,15950465,274,mRNA
45074,15949606,15950124,518,mRNA
45075,15949204,15949545,341,mRNA
45076,15949041,15949142,101,mRNA
45077,15948808,15948985,177,mRNA
45078,15948005,15948710,705,mRNA
45079,15946933,15947606,673,mRNA
45080,15951907,15952088,181,mRNA
45081,15951158,15951466,308,mRNA
45082,15950191,15950465,274,mRNA
45083,15949606,15950124,518,mRNA
45084,15949204,15949545,341,mRNA
45085,15949041,15949142,101,mRNA
45086,15948808,15948985,177,mRNA
45087,15948005,15948710,705,mRNA
45088,15946933,15947606,673,mRNA
45089,15951872,15952088,216,mRNA
45090,15951158,15951466,308,mRNA
45091,15950191,15950465,274,mRNA
45092,15949606,15950124,518,mRNA
45093,15949204,15949545,341,mRNA
45094,15949041,15949142,101,mRNA
45095,15948808,15948985,177,mRNA
45096,15946933,15947606,673,mRNA
45097,15950608,15951148,540,mRNA
45098,15950191,15950465,274,mRNA
45099,15949606,15950124,518,mRNA
45100,15949204,15949545,341,mRNA
45101,15949041,15949142,101,mRNA
45102,15948808,15948985,177,mRNA
45103,15948164,15948710,546,mRNA
45104,15946933,15947606,673,mRNA
45105,15988894,15988924,30,CDS
45106,15987570,15987747,177,CDS
45107,15985474,15985765,291,CDS
45108,15984883,15985367,484,CDS
45109,15984654,15984745,91,CDS
45110,15984074,15984286,212,CDS
45111,15969076,15984006,14930,CDS
45112,15962117,15962827,710,CDS
45113,15961313,15962056,743,CDS
45114,15960481,15961188,707,CDS
45115,15960245,15960417,172,CDS
45116,15959789,15959876,87,CDS
45117,15957994,15959317,1323,CDS
45118,15957809,15957941,132,CDS
45119,15956639,15956807,168,CDS
45120,15954833,15954878,45,CDS
45121,15953902,15954773,871,CDS
45122,15953426,15953837,411,CDS
45123,15952836,15953220,384,CDS
45124,15951158,15951466,308,CDS
45125,15950191,15950465,274,CDS
45126,15949606,15950124,518,CDS
45127,15949204,15949545,341,CDS
45128,15949041,15949142,101,CDS
45129,15948808,15948985,177,CDS
45130,15948005,15948710,705,CDS
45131,15947257,15947606,349,CDS
45132,15985862,15985953,91,CDS
45133,15985474,15985765,291,CDS
45134,15984883,15985367,484,CDS
45135,15984654,15984745,91,CDS
45136,15984074,15984286,212,CDS
45137,15969076,15984006,14930,CDS
45138,15962117,15962827,710,CDS
45139,15961313,15962056,743,CDS
45140,15960481,15961188,707,CDS
45141,15960245,15960417,172,CDS
45142,15959789,15959876,87,CDS
45143,15957994,15959317,1323,CDS
45144,15957809,15957941,132,CDS
45145,15956639,15956807,168,CDS
45146,15954833,15954878,45,CDS
45147,15953902,15954773,871,CDS
45148,15953426,15953837,411,CDS
45149,15952836,15953220,384,CDS
45150,15951158,15951466,308,CDS
45151,15950191,15950465,274,CDS
45152,15949606,15950124,518,CDS
45153,15949204,15949545,341,CDS
45154,15949041,15949142,101,CDS
45155,15948808,15948985,177,CDS
45156,15948005,15948710,705,CDS
45157,15947257,15947606,349,CDS
45158,15952348,15952356,8,CDS
45159,15951158,15951466,308,CDS
45160,15950191,15950465,274,CDS
45161,15949606,15950124,518,CDS
45162,15949204,15949545,341,CDS
45163,15949041,15949142,101,CDS
45164,15948808,15948985,177,CDS
45165,15948005,15948710,705,CDS
45166,15947257,15947606,349,CDS
45167,15951158,15951427,269,CDS
45168,15950191,15950465,274,CDS
45169,15949606,15950124,518,CDS
45170,15949204,15949545,341,CDS
45171,15949041,15949142,101,CDS
45172,15948808,15948985,177,CDS
45173,15948005,15948710,705,CDS
45174,15947257,15947606,349,CDS
45175,15950191,15950351,160,CDS
45176,15949606,15950124,518,CDS
45177,15949204,15949545,341,CDS
45178,15949041,15949142,101,CDS
45179,15948808,15948985,177,CDS
45180,15948164,15948710,546,CDS
45181,15947257,15947606,349,CDS
45182,15988894,15988924,30,CDS
45183,15987570,15987747,177,CDS
45184,15985474,15985765,291,CDS
45185,15984883,15985367,484,CDS
45186,15984654,15984745,91,CDS
45187,15984074,15984286,212,CDS
45188,15969076,15984006,14930,CDS
45189,15962117,15962827,710,CDS
45190,15961313,15962056,743,CDS
45191,15960481,15961188,707,CDS
45192,15960245,15960417,172,CDS
45193,15959789,15959876,87,CDS
45194,15957994,15959317,1323,CDS
45195,15957809,15957941,132,CDS
45196,15956639,15956807,168,CDS
45197,15954833,15954878,45,CDS
45198,15953902,15954773,871,CDS
45199,15953426,15953837,411,CDS
45200,15952836,15953220,384,CDS
45201,15951158,15951466,308,CDS
45202,15950191,15950465,274,CDS
45203,15949606,15950124,518,CDS
45204,15949204,15949545,341,CDS
45205,15949041,15949142,101,CDS
45206,15948808,15948985,177,CDS
45207,15947484,15947606,122,CDS
45208,15985862,15985953,91,CDS
45209,15985474,15985765,291,CDS
45210,15984883,15985367,484,CDS
45211,15984654,15984745,91,CDS
45212,15984074,15984286,212,CDS
45213,15969076,15984006,14930,CDS
45214,15962117,15962827,710,CDS
45215,15961313,15962056,743,CDS
45216,15960481,15961188,707,CDS
45217,15960245,15960417,172,CDS
45218,15959789,15959876,87,CDS
45219,15957994,15959317,1323,CDS
45220,15957809,15957941,132,CDS
45221,15956639,15956807,168,CDS
45222,15954833,15954878,45,CDS
45223,15953902,15954773,871,CDS
45224,15953426,15953837,411,CDS
45225,15952836,15953220,384,CDS
45226,15951158,15951466,308,CDS
45227,15950191,15950465,274,CDS
45228,15949606,15950124,518,CDS
45229,15949204,15949545,341,CDS
45230,15949041,15949142,101,CDS
45231,15948808,15948985,177,CDS
45232,15947484,15947606,122,CDS
45233,15951158,15951427,269,CDS
45234,15950191,15950465,274,CDS
45235,15949606,15950124,518,CDS
45236,15949204,15949545,341,CDS
45237,15949041,15949142,101,CDS
45238,15948808,15948985,177,CDS
45239,15947484,15947606,122,CDS
45240,15956639,15956901,262,mRNA
45241,15954833,15954878,45,mRNA
45242,15953902,15954773,871,mRNA
45243,15953426,15953837,411,mRNA
45244,15952836,15953220,384,mRNA
45245,15951618,15951815,197,mRNA
45246,15954833,15954858,25,CDS
45247,15953902,15954773,871,CDS
45248,15953426,15953837,411,CDS
45249,15952836,15953220,384,CDS
45250,15951780,15951815,35,CDS
45251,15955040,15956636,1596,gene
45252,15955040,15955254,214,mRNA
45253,15955323,15955516,193,mRNA
45254,15955574,15956636,1062,mRNA
45255,15955118,15955254,136,CDS
45256,15955323,15955516,193,CDS
45257,15955574,15956610,1036,CDS
45258,15966594,15968467,1873,mRNA
45259,15965748,15966530,782,mRNA
45260,15964812,15965570,758,mRNA
45261,15963037,15964656,1619,mRNA
45262,15960481,15961188,707,mRNA
45263,15960245,15960417,172,mRNA
45264,15959789,15960079,290,mRNA
45265,15959411,15959637,226,mRNA
45266,15966594,15968277,1683,CDS
45267,15965748,15966530,782,CDS
45268,15964812,15965570,758,CDS
45269,15963037,15964656,1619,CDS
45270,15960481,15961188,707,CDS
45271,15960245,15960417,172,CDS
45272,15960050,15960079,29,CDS
45273,15987446,15988086,640,gene
45274,15987446,15987509,63,ncRNA
45275,15987585,15988086,501,ncRNA
45276,15987446,15987509,63,ncRNA
45277,15987590,15988086,496,ncRNA
45278,15989683,15991286,1603,gene
45279,15990859,15991286,427,mRNA
45280,15990452,15990673,221,mRNA
45281,15990170,15990382,212,mRNA
45282,15989683,15990099,416,mRNA
45283,15990859,15991146,287,CDS
45284,15990452,15990673,221,CDS
45285,15990170,15990382,212,CDS
45286,15989941,15990099,158,CDS
45287,15991367,15992375,1008,gene
45288,15992101,15992375,274,mRNA
45289,15991367,15992047,680,mRNA
45290,15992101,15992272,171,CDS
45291,15991494,15992047,553,CDS
45292,15992408,15993707,1299,gene
45293,15992408,15992445,37,mRNA
45294,15992584,15992712,128,mRNA
45295,15992778,15992933,155,mRNA
45296,15992993,15993129,136,mRNA
45297,15993187,15993707,520,mRNA
45298,15992707,15992712,5,CDS
45299,15992778,15992933,155,CDS
45300,15992993,15993129,136,CDS
45301,15993187,15993412,225,CDS
45302,15993531,16001290,7759,gene
45303,16001188,16001290,102,mRNA
45304,15999805,15999970,165,mRNA
45305,15998067,15998252,185,mRNA
45306,15997277,15998003,726,mRNA
45307,15996895,15997218,323,mRNA
45308,15996167,15996365,198,mRNA
45309,15994865,15996098,1233,mRNA
45310,15994462,15994802,340,mRNA
45311,15993531,15994396,865,mRNA
45312,16001188,16001290,102,mRNA
45313,15999805,15999970,165,mRNA
45314,15998067,15998252,185,mRNA
45315,15997277,15998003,726,mRNA
45316,15996895,15997218,323,mRNA
45317,15996167,15996365,198,mRNA
45318,15994865,15996098,1233,mRNA
45319,15994462,15994802,340,mRNA
45320,15993803,15994396,593,mRNA
45321,16000095,16000287,192,mRNA
45322,15999805,15999970,165,mRNA
45323,15998067,15998252,185,mRNA
45324,15997277,15998003,726,mRNA
45325,15996895,15997218,323,mRNA
45326,15996167,15996314,147,mRNA
45327,15994865,15996098,1233,mRNA
45328,15994462,15994802,340,mRNA
45329,15993803,15994396,593,mRNA
45330,16000095,16000287,192,mRNA
45331,15999805,15999970,165,mRNA
45332,15998067,15998252,185,mRNA
45333,15997277,15998003,726,mRNA
45334,15996895,15997218,323,mRNA
45335,15996167,15996317,150,mRNA
45336,15994865,15996098,1233,mRNA
45337,15994462,15994802,340,mRNA
45338,15993803,15994396,593,mRNA
45339,15999805,15999963,158,CDS
45340,15998067,15998252,185,CDS
45341,15997277,15998003,726,CDS
45342,15996895,15997218,323,CDS
45343,15996167,15996314,147,CDS
45344,15994865,15996098,1233,CDS
45345,15994462,15994802,340,CDS
45346,15994228,15994396,168,CDS
45347,15999805,15999963,158,CDS
45348,15998067,15998252,185,CDS
45349,15997277,15998003,726,CDS
45350,15996895,15997218,323,CDS
45351,15996167,15996317,150,CDS
45352,15994865,15996098,1233,CDS
45353,15994462,15994802,340,CDS
45354,15994228,15994396,168,CDS
45355,15999805,15999963,158,CDS
45356,15998067,15998252,185,CDS
45357,15997277,15998003,726,CDS
45358,15996895,15997218,323,CDS
45359,15996167,15996365,198,CDS
45360,15994865,15996098,1233,CDS
45361,15994462,15994802,340,CDS
45362,15994228,15994396,168,CDS
45363,15999805,15999963,158,CDS
45364,15998067,15998252,185,CDS
45365,15997277,15998003,726,CDS
45366,15996895,15997218,323,CDS
45367,15996167,15996365,198,CDS
45368,15994865,15996098,1233,CDS
45369,15994462,15994802,340,CDS
45370,15994228,15994396,168,CDS
45371,16001181,16006901,5720,gene
45372,16001181,16002498,1317,mRNA
45373,16002552,16006251,3699,mRNA
45374,16006310,16006901,591,mRNA
45375,16001761,16002498,737,mRNA
45376,16002552,16006251,3699,mRNA
45377,16006310,16006901,591,mRNA
45378,16001932,16002498,566,CDS
45379,16002552,16006251,3699,CDS
45380,16006310,16006746,436,CDS
45381,16001932,16002498,566,CDS
45382,16002552,16006251,3699,CDS
45383,16006310,16006746,436,CDS
45384,16006893,16007667,774,gene
45385,16007445,16007667,222,mRNA
45386,16007087,16007386,299,mRNA
45387,16006893,16007025,132,mRNA
45388,16007445,16007567,122,CDS
45389,16007087,16007386,299,CDS
45390,16006954,16007025,71,CDS
45391,16008339,16013815,5476,gene
45392,16008339,16008487,148,mRNA
45393,16011955,16012070,115,mRNA
45394,16012141,16012614,473,mRNA
45395,16012673,16013815,1142,mRNA
45396,16009401,16011438,2037,gene
45397,16011219,16011438,219,mRNA
45398,16010209,16011155,946,mRNA
45399,16009773,16010154,381,mRNA
45400,16009401,16009716,315,mRNA
45401,16011219,16011338,119,CDS
45402,16010209,16011155,946,CDS
45403,16009773,16010154,381,CDS
45404,16009447,16009716,269,CDS
45405,16011680,16011838,158,mRNA
45406,16011955,16012070,115,mRNA
45407,16012141,16012614,473,mRNA
45408,16012673,16013815,1142,mRNA
45409,16011993,16012070,77,CDS
45410,16012141,16012614,473,CDS
45411,16012673,16013536,863,CDS
45412,16011993,16012070,77,CDS
45413,16012141,16012614,473,CDS
45414,16012673,16013536,863,CDS
45415,16013805,16014787,982,gene
45416,16014652,16014787,135,mRNA
45417,16014114,16014588,474,mRNA
45418,16013805,16014045,240,mRNA
45419,16014652,16014696,44,CDS
45420,16014114,16014588,474,CDS
45421,16013891,16014045,154,CDS
45422,16014908,16016050,1142,gene
45423,16014908,16015034,126,mRNA
45424,16015092,16015288,196,mRNA
45425,16015340,16015505,165,mRNA
45426,16015560,16016050,490,mRNA
45427,16014978,16015034,56,CDS
45428,16015092,16015288,196,CDS
45429,16015340,16015505,165,CDS
45430,16015560,16016030,470,CDS
45431,16016042,16017154,1112,gene
45432,16016733,16017154,421,mRNA
45433,16016525,16016671,146,mRNA
45434,16016331,16016459,128,mRNA
45435,16016042,16016264,222,mRNA
45436,16016733,16017068,335,CDS
45437,16016525,16016671,146,CDS
45438,16016331,16016459,128,CDS
45439,16016139,16016264,125,CDS
45440,16017737,16024627,6890,gene
45441,16017737,16017857,120,mRNA
45442,16021889,16022376,487,mRNA
45443,16022444,16022778,334,mRNA
45444,16022838,16022989,151,mRNA
45445,16023066,16023687,621,mRNA
45446,16023747,16023859,112,mRNA
45447,16024059,16024214,155,mRNA
45448,16024273,16024627,354,mRNA
45449,16017737,16017857,120,mRNA
45450,16021889,16022376,487,mRNA
45451,16022444,16022778,334,mRNA
45452,16022838,16022989,151,mRNA
45453,16023066,16023687,621,mRNA
45454,16023747,16023859,112,mRNA
45455,16024086,16024214,128,mRNA
45456,16024273,16024627,354,mRNA
45457,16021904,16022376,472,CDS
45458,16022444,16022778,334,CDS
45459,16022838,16022989,151,CDS
45460,16023066,16023687,621,CDS
45461,16023747,16023859,112,CDS
45462,16024059,16024214,155,CDS
45463,16024273,16024392,119,CDS
45464,16021904,16022376,472,CDS
45465,16022444,16022778,334,CDS
45466,16022838,16022989,151,CDS
45467,16023066,16023687,621,CDS
45468,16023747,16023859,112,CDS
45469,16024086,16024214,128,CDS
45470,16024273,16024392,119,CDS
45471,16024628,16028161,3533,gene
45472,16028105,16028161,56,mRNA
45473,16027884,16027986,102,mRNA
45474,16027665,16027733,68,mRNA
45475,16027337,16027571,234,mRNA
45476,16027135,16027278,143,mRNA
45477,16026867,16027056,189,mRNA
45478,16026611,16026812,201,mRNA
45479,16026339,16026546,207,mRNA
45480,16026135,16026280,145,mRNA
45481,16025913,16026067,154,mRNA
45482,16025709,16025854,145,mRNA
45483,16025373,16025647,274,mRNA
45484,16025191,16025310,119,mRNA
45485,16024628,16025134,506,mRNA
45486,16027884,16028043,159,mRNA
45487,16027665,16027733,68,mRNA
45488,16027337,16027571,234,mRNA
45489,16027135,16027263,128,mRNA
45490,16026867,16027056,189,mRNA
45491,16026611,16026812,201,mRNA
45492,16026339,16026546,207,mRNA
45493,16026135,16026280,145,mRNA
45494,16025913,16026067,154,mRNA
45495,16025709,16025854,145,mRNA
45496,16025373,16025647,274,mRNA
45497,16025191,16025310,119,mRNA
45498,16024628,16025134,506,mRNA
45499,16027884,16028043,159,mRNA
45500,16027665,16027733,68,mRNA
45501,16027337,16027571,234,mRNA
45502,16027135,16027278,143,mRNA
45503,16026867,16027056,189,mRNA
45504,16026611,16026812,201,mRNA
45505,16026339,16026546,207,mRNA
45506,16026135,16026280,145,mRNA
45507,16025913,16026067,154,mRNA
45508,16025709,16025854,145,mRNA
45509,16025373,16025647,274,mRNA
45510,16025191,16025310,119,mRNA
45511,16024628,16025134,506,mRNA
45512,16027884,16027922,38,CDS
45513,16027665,16027733,68,CDS
45514,16027337,16027571,234,CDS
45515,16027135,16027263,128,CDS
45516,16026867,16027056,189,CDS
45517,16026611,16026812,201,CDS
45518,16026339,16026546,207,CDS
45519,16026135,16026280,145,CDS
45520,16025913,16026067,154,CDS
45521,16025709,16025854,145,CDS
45522,16025373,16025647,274,CDS
45523,16025191,16025310,119,CDS
45524,16024976,16025134,158,CDS
45525,16027884,16027922,38,CDS
45526,16027665,16027733,68,CDS
45527,16027337,16027571,234,CDS
45528,16027135,16027278,143,CDS
45529,16026867,16027056,189,CDS
45530,16026611,16026812,201,CDS
45531,16026339,16026546,207,CDS
45532,16026135,16026280,145,CDS
45533,16025913,16026067,154,CDS
45534,16025709,16025854,145,CDS
45535,16025373,16025647,274,CDS
45536,16025191,16025310,119,CDS
45537,16024976,16025134,158,CDS
45538,16027884,16027922,38,CDS
45539,16027665,16027733,68,CDS
45540,16027337,16027571,234,CDS
45541,16027135,16027278,143,CDS
45542,16026867,16027056,189,CDS
45543,16026611,16026812,201,CDS
45544,16026339,16026546,207,CDS
45545,16026135,16026280,145,CDS
45546,16025913,16026067,154,CDS
45547,16025709,16025854,145,CDS
45548,16025373,16025647,274,CDS
45549,16025191,16025310,119,CDS
45550,16024976,16025134,158,CDS
45551,16028603,16030091,1488,gene
45552,16028603,16028805,202,mRNA
45553,16028880,16029005,125,mRNA
45554,16029061,16029207,146,mRNA
45555,16029308,16029425,117,mRNA
45556,16029491,16029660,169,mRNA
45557,16029803,16030091,288,mRNA
45558,16028607,16028805,198,CDS
45559,16028880,16029005,125,CDS
45560,16029061,16029207,146,CDS
45561,16029308,16029425,117,CDS
45562,16029491,16029660,169,CDS
45563,16029803,16029987,184,CDS
45564,16031930,16047243,15313,gene
45565,16031930,16032176,246,mRNA
45566,16038052,16038457,405,mRNA
45567,16040143,16040259,116,mRNA
45568,16040892,16041711,819,mRNA
45569,16041919,16042037,118,mRNA
45570,16042105,16042451,346,mRNA
45571,16042509,16042698,189,mRNA
45572,16042755,16042891,136,mRNA
45573,16042953,16043170,217,mRNA
45574,16043246,16043321,75,mRNA
45575,16043382,16043534,152,mRNA
45576,16043599,16045013,1414,mRNA
45577,16045079,16045180,101,mRNA
45578,16045287,16045390,103,mRNA
45579,16045451,16047243,1792,mRNA
45580,16031930,16032434,504,mRNA
45581,16038052,16038457,405,mRNA
45582,16040143,16040259,116,mRNA
45583,16040892,16041711,819,mRNA
45584,16041919,16042037,118,mRNA
45585,16042105,16042451,346,mRNA
45586,16042509,16042698,189,mRNA
45587,16042755,16042891,136,mRNA
45588,16042953,16043170,217,mRNA
45589,16043246,16043321,75,mRNA
45590,16043382,16043534,152,mRNA
45591,16043599,16045013,1414,mRNA
45592,16045079,16045180,101,mRNA
45593,16045287,16045390,103,mRNA
45594,16045451,16046255,804,mRNA
45595,16038325,16038457,132,CDS
45596,16040143,16040259,116,CDS
45597,16040892,16041711,819,CDS
45598,16041919,16042037,118,CDS
45599,16042105,16042451,346,CDS
45600,16042509,16042698,189,CDS
45601,16042755,16042891,136,CDS
45602,16042953,16043170,217,CDS
45603,16043246,16043321,75,CDS
45604,16043382,16043534,152,CDS
45605,16043599,16045013,1414,CDS
45606,16045079,16045180,101,CDS
45607,16045287,16045390,103,CDS
45608,16045451,16045605,154,CDS
45609,16038325,16038457,132,CDS
45610,16040143,16040259,116,CDS
45611,16040892,16041711,819,CDS
45612,16041919,16042037,118,CDS
45613,16042105,16042451,346,CDS
45614,16042509,16042698,189,CDS
45615,16042755,16042891,136,CDS
45616,16042953,16043170,217,CDS
45617,16043246,16043321,75,CDS
45618,16043382,16043534,152,CDS
45619,16043599,16045013,1414,CDS
45620,16045079,16045180,101,CDS
45621,16045287,16045390,103,CDS
45622,16045451,16045605,154,CDS
45623,16047648,16060835,13187,gene
45624,16047648,16047922,274,mRNA
45625,16047984,16048066,82,mRNA
45626,16048132,16048278,146,mRNA
45627,16048337,16048429,92,mRNA
45628,16048493,16048695,202,mRNA
45629,16048754,16048919,165,mRNA
45630,16048984,16049146,162,mRNA
45631,16049204,16049261,57,mRNA
45632,16049326,16049409,83,mRNA
45633,16049487,16049619,132,mRNA
45634,16056526,16056625,99,mRNA
45635,16056926,16057577,651,mRNA
45636,16058455,16059745,1290,mRNA
45637,16059818,16060835,1017,mRNA
45638,16047648,16047922,274,mRNA
45639,16047984,16048066,82,mRNA
45640,16048132,16048278,146,mRNA
45641,16048337,16048429,92,mRNA
45642,16048493,16048695,202,mRNA
45643,16048754,16048919,165,mRNA
45644,16048984,16049146,162,mRNA
45645,16049204,16049261,57,mRNA
45646,16049326,16049409,83,mRNA
45647,16049487,16049619,132,mRNA
45648,16056526,16056625,99,mRNA
45649,16056926,16057577,651,mRNA
45650,16058455,16059466,1011,mRNA
45651,16047794,16047922,128,CDS
45652,16047984,16048066,82,CDS
45653,16048132,16048278,146,CDS
45654,16048337,16048429,92,CDS
45655,16048493,16048695,202,CDS
45656,16048754,16048919,165,CDS
45657,16048984,16049146,162,CDS
45658,16049204,16049261,57,CDS
45659,16049326,16049409,83,CDS
45660,16049487,16049619,132,CDS
45661,16056526,16056625,99,CDS
45662,16056926,16057577,651,CDS
45663,16058455,16059326,871,CDS
45664,16047794,16047922,128,CDS
45665,16047984,16048066,82,CDS
45666,16048132,16048278,146,CDS
45667,16048337,16048429,92,CDS
45668,16048493,16048695,202,CDS
45669,16048754,16048919,165,CDS
45670,16048984,16049146,162,CDS
45671,16049204,16049261,57,CDS
45672,16049326,16049409,83,CDS
45673,16049487,16049619,132,CDS
45674,16056526,16056625,99,CDS
45675,16056926,16057577,651,CDS
45676,16058455,16059326,871,CDS
45677,16061783,16064358,2575,mobile_element
45678,16065254,16065344,90,gene
45679,16065254,16065344,90,precursor_RNA
45680,16065270,16065291,21,ncRNA
45681,16065307,16065329,22,ncRNA
45682,16078195,16078819,624,gene
45683,16078715,16078819,104,ncRNA
45684,16078195,16078643,448,ncRNA
45685,16078664,16078819,155,ncRNA
45686,16078195,16078607,412,ncRNA
45687,16081176,16098564,17388,gene
45688,16098128,16098564,436,mRNA
45689,16089571,16089892,321,mRNA
45690,16089092,16089286,194,mRNA
45691,16088907,16089038,131,mRNA
45692,16088683,16088825,142,mRNA
45693,16088452,16088535,83,mRNA
45694,16088305,16088365,60,mRNA
45695,16086931,16087725,794,mRNA
45696,16086045,16086293,248,mRNA
45697,16085564,16085620,56,mRNA
45698,16085164,16085489,325,mRNA
45699,16083946,16085096,1150,mRNA
45700,16083683,16083883,200,mRNA
45701,16083450,16083611,161,mRNA
45702,16081176,16083393,2217,mRNA
45703,16098128,16098564,436,mRNA
45704,16089571,16089892,321,mRNA
45705,16089092,16089286,194,mRNA
45706,16088907,16089038,131,mRNA
45707,16088683,16088825,142,mRNA
45708,16088452,16088535,83,mRNA
45709,16088305,16088365,60,mRNA
45710,16085564,16085620,56,mRNA
45711,16085164,16085489,325,mRNA
45712,16083946,16085096,1150,mRNA
45713,16083683,16083883,200,mRNA
45714,16083450,16083611,161,mRNA
45715,16081667,16083393,1726,mRNA
45716,16098128,16098564,436,mRNA
45717,16089571,16089892,321,mRNA
45718,16089092,16089286,194,mRNA
45719,16088907,16089038,131,mRNA
45720,16088683,16088825,142,mRNA
45721,16088452,16088535,83,mRNA
45722,16088305,16088365,60,mRNA
45723,16086045,16086293,248,mRNA
45724,16085564,16085620,56,mRNA
45725,16085164,16085489,325,mRNA
45726,16083946,16085096,1150,mRNA
45727,16083683,16083883,200,mRNA
45728,16083450,16083611,161,mRNA
45729,16081667,16083393,1726,mRNA
45730,16098128,16098564,436,mRNA
45731,16089571,16089892,321,mRNA
45732,16089092,16089286,194,mRNA
45733,16088907,16089038,131,mRNA
45734,16088683,16088825,142,mRNA
45735,16088452,16088535,83,mRNA
45736,16088305,16088365,60,mRNA
45737,16086931,16087725,794,mRNA
45738,16085564,16085620,56,mRNA
45739,16085164,16085489,325,mRNA
45740,16083946,16085096,1150,mRNA
45741,16083683,16083883,200,mRNA
45742,16083450,16083611,161,mRNA
45743,16081667,16083393,1726,mRNA
45744,16089571,16089681,110,CDS
45745,16089092,16089286,194,CDS
45746,16088907,16089038,131,CDS
45747,16088683,16088825,142,CDS
45748,16088452,16088535,83,CDS
45749,16088305,16088365,60,CDS
45750,16085564,16085620,56,CDS
45751,16085164,16085489,325,CDS
45752,16083946,16085096,1150,CDS
45753,16083683,16083883,200,CDS
45754,16083450,16083611,161,CDS
45755,16083272,16083393,121,CDS
45756,16089571,16089681,110,CDS
45757,16089092,16089286,194,CDS
45758,16088907,16089038,131,CDS
45759,16088683,16088825,142,CDS
45760,16088452,16088535,83,CDS
45761,16088305,16088365,60,CDS
45762,16086045,16086293,248,CDS
45763,16085564,16085620,56,CDS
45764,16085164,16085489,325,CDS
45765,16083946,16085096,1150,CDS
45766,16083683,16083883,200,CDS
45767,16083450,16083611,161,CDS
45768,16083272,16083393,121,CDS
45769,16089571,16089681,110,CDS
45770,16089092,16089286,194,CDS
45771,16088907,16089038,131,CDS
45772,16088683,16088825,142,CDS
45773,16088452,16088535,83,CDS
45774,16088305,16088365,60,CDS
45775,16086931,16087725,794,CDS
45776,16085564,16085620,56,CDS
45777,16085164,16085489,325,CDS
45778,16083946,16085096,1150,CDS
45779,16083683,16083883,200,CDS
45780,16083450,16083611,161,CDS
45781,16083272,16083393,121,CDS
45782,16089571,16089681,110,CDS
45783,16089092,16089286,194,CDS
45784,16088907,16089038,131,CDS
45785,16088683,16088825,142,CDS
45786,16088452,16088535,83,CDS
45787,16088305,16088365,60,CDS
45788,16086931,16087725,794,CDS
45789,16086045,16086293,248,CDS
45790,16085564,16085620,56,CDS
45791,16085164,16085489,325,CDS
45792,16083946,16085096,1150,CDS
45793,16083683,16083883,200,CDS
45794,16083450,16083611,161,CDS
45795,16083272,16083393,121,CDS
45796,16098948,16099337,389,gene
45797,16098948,16099015,67,mRNA
45798,16099079,16099337,258,mRNA
45799,16098993,16099015,22,CDS
45800,16099079,16099301,222,CDS
45801,16099306,16102608,3302,gene
45802,16102110,16102608,498,mRNA
45803,16101835,16102050,215,mRNA
45804,16099694,16101781,2087,mRNA
45805,16099306,16099635,329,mRNA
45806,16102110,16102527,417,CDS
45807,16101835,16102050,215,CDS
45808,16099694,16101781,2087,CDS
45809,16099370,16099635,265,CDS
45810,16102687,16107229,4542,gene
45811,16102687,16102949,262,mRNA
45812,16103611,16103774,163,mRNA
45813,16105033,16105182,149,mRNA
45814,16105717,16105797,80,mRNA
45815,16105860,16107229,1369,mRNA
45816,16102687,16102892,205,mRNA
45817,16103611,16103774,163,mRNA
45818,16105033,16105182,149,mRNA
45819,16105717,16105797,80,mRNA
45820,16105860,16107229,1369,mRNA
45821,16102687,16102820,133,mRNA
45822,16103611,16103774,163,mRNA
45823,16105033,16105182,149,mRNA
45824,16105717,16105797,80,mRNA
45825,16105860,16107229,1369,mRNA
45826,16102687,16102949,262,mRNA
45827,16103611,16103774,163,mRNA
45828,16105033,16105182,149,mRNA
45829,16105717,16105797,80,mRNA
45830,16105860,16106489,629,mRNA
45831,16103097,16103308,211,mRNA
45832,16103611,16103774,163,mRNA
45833,16105033,16105182,149,mRNA
45834,16105717,16105797,80,mRNA
45835,16105860,16107229,1369,mRNA
45836,16103466,16103774,308,mRNA
45837,16105033,16105182,149,mRNA
45838,16105717,16105797,80,mRNA
45839,16105860,16106489,629,mRNA
45840,16103619,16103774,155,CDS
45841,16105033,16105182,149,CDS
45842,16105717,16105797,80,CDS
45843,16105860,16106051,191,CDS
45844,16103619,16103774,155,CDS
45845,16105033,16105182,149,CDS
45846,16105717,16105797,80,CDS
45847,16105860,16106051,191,CDS
45848,16103619,16103774,155,CDS
45849,16105033,16105182,149,CDS
45850,16105717,16105797,80,CDS
45851,16105860,16106051,191,CDS
45852,16103619,16103774,155,CDS
45853,16105033,16105182,149,CDS
45854,16105717,16105797,80,CDS
45855,16105860,16106051,191,CDS
45856,16103619,16103774,155,CDS
45857,16105033,16105182,149,CDS
45858,16105717,16105797,80,CDS
45859,16105860,16106051,191,CDS
45860,16103619,16103774,155,CDS
45861,16105033,16105182,149,CDS
45862,16105717,16105797,80,CDS
45863,16105860,16106051,191,CDS
45864,16107440,16110017,2577,gene
45865,16109627,16110017,390,mRNA
45866,16109372,16109428,56,mRNA
45867,16107440,16109274,1834,mRNA
45868,16109627,16110017,390,mRNA
45869,16109372,16109428,56,mRNA
45870,16107677,16109274,1597,mRNA
45871,16109627,16109846,219,CDS
45872,16109372,16109428,56,CDS
45873,16108757,16109274,517,CDS
45874,16109627,16109846,219,CDS
45875,16109372,16109428,56,CDS
45876,16108757,16109274,517,CDS
45877,16110331,16116996,6665,gene
45878,16110331,16110671,340,mRNA
45879,16111741,16111926,185,mRNA
45880,16111983,16112141,158,mRNA
45881,16112202,16112530,328,mRNA
45882,16112589,16112714,125,mRNA
45883,16112789,16112969,180,mRNA
45884,16113181,16113258,77,mRNA
45885,16113776,16113883,107,mRNA
45886,16114035,16114472,437,mRNA
45887,16114772,16114866,94,mRNA
45888,16115354,16115594,240,mRNA
45889,16115653,16115758,105,mRNA
45890,16115811,16116536,725,mRNA
45891,16116593,16116996,403,mRNA
45892,16110502,16110671,169,mRNA
45893,16111501,16111554,53,mRNA
45894,16111741,16111926,185,mRNA
45895,16111983,16112141,158,mRNA
45896,16112196,16112530,334,mRNA
45897,16112589,16112714,125,mRNA
45898,16112789,16112969,180,mRNA
45899,16113181,16113258,77,mRNA
45900,16113776,16113883,107,mRNA
45901,16114035,16114633,598,mRNA
45902,16114772,16114866,94,mRNA
45903,16114940,16115594,654,mRNA
45904,16115653,16115762,109,mRNA
45905,16115811,16116536,725,mRNA
45906,16116593,16116996,403,mRNA
45907,16110502,16110671,169,mRNA
45908,16111501,16111554,53,mRNA
45909,16111741,16111926,185,mRNA
45910,16111983,16112141,158,mRNA
45911,16112196,16112530,334,mRNA
45912,16112589,16112714,125,mRNA
45913,16112789,16112969,180,mRNA
45914,16114772,16114866,94,mRNA
45915,16114940,16115594,654,mRNA
45916,16115653,16115758,105,mRNA
45917,16115811,16116536,725,mRNA
45918,16116593,16116996,403,mRNA
45919,16110502,16110671,169,mRNA
45920,16111501,16111554,53,mRNA
45921,16111741,16111926,185,mRNA
45922,16111983,16112141,158,mRNA
45923,16112196,16112530,334,mRNA
45924,16112589,16112714,125,mRNA
45925,16112789,16112969,180,mRNA
45926,16114772,16114866,94,mRNA
45927,16115354,16115594,240,mRNA
45928,16115653,16115758,105,mRNA
45929,16115811,16116536,725,mRNA
45930,16116593,16116996,403,mRNA
45931,16110502,16110671,169,mRNA
45932,16111741,16111926,185,mRNA
45933,16111983,16112141,158,mRNA
45934,16112196,16112530,334,mRNA
45935,16112589,16112714,125,mRNA
45936,16112789,16112969,180,mRNA
45937,16113181,16113258,77,mRNA
45938,16113776,16113883,107,mRNA
45939,16114035,16114633,598,mRNA
45940,16114772,16114866,94,mRNA
45941,16114940,16115594,654,mRNA
45942,16115653,16115758,105,mRNA
45943,16115811,16116536,725,mRNA
45944,16116593,16116996,403,mRNA
45945,16110502,16110671,169,mRNA
45946,16111741,16111926,185,mRNA
45947,16111983,16112141,158,mRNA
45948,16112196,16112530,334,mRNA
45949,16112589,16112714,125,mRNA
45950,16112789,16112969,180,mRNA
45951,16114772,16114866,94,mRNA
45952,16114940,16115594,654,mRNA
45953,16115653,16115758,105,mRNA
45954,16115811,16116536,725,mRNA
45955,16116593,16116996,403,mRNA
45956,16110502,16110671,169,mRNA
45957,16111741,16111926,185,mRNA
45958,16111983,16112141,158,mRNA
45959,16112196,16112530,334,mRNA
45960,16112589,16112714,125,mRNA
45961,16112789,16112969,180,mRNA
45962,16114772,16114866,94,mRNA
45963,16115354,16115594,240,mRNA
45964,16115653,16115758,105,mRNA
45965,16115811,16116536,725,mRNA
45966,16116593,16116996,403,mRNA
45967,16110502,16110671,169,mRNA
45968,16111741,16111926,185,mRNA
45969,16111983,16112141,158,mRNA
45970,16112196,16112530,334,mRNA
45971,16112592,16112714,122,mRNA
45972,16112789,16112969,180,mRNA
45973,16113181,16113258,77,mRNA
45974,16113776,16113883,107,mRNA
45975,16114035,16114633,598,mRNA
45976,16114772,16114866,94,mRNA
45977,16114940,16115594,654,mRNA
45978,16115653,16115762,109,mRNA
45979,16115811,16116536,725,mRNA
45980,16116593,16116996,403,mRNA
45981,16110620,16110671,51,CDS
45982,16111501,16111554,53,CDS
45983,16111741,16111926,185,CDS
45984,16111983,16112141,158,CDS
45985,16112196,16112530,334,CDS
45986,16112589,16112714,125,CDS
45987,16112789,16112969,180,CDS
45988,16114772,16114866,94,CDS
45989,16115354,16115594,240,CDS
45990,16115653,16115758,105,CDS
45991,16115811,16116536,725,CDS
45992,16116593,16116743,150,CDS
45993,16110620,16110671,51,CDS
45994,16111741,16111926,185,CDS
45995,16111983,16112141,158,CDS
45996,16112196,16112530,334,CDS
45997,16112589,16112714,125,CDS
45998,16112789,16112969,180,CDS
45999,16114772,16114866,94,CDS
46000,16115354,16115594,240,CDS
46001,16115653,16115758,105,CDS
46002,16115811,16116536,725,CDS
46003,16116593,16116743,150,CDS
46004,16110620,16110671,51,CDS
46005,16111741,16111926,185,CDS
46006,16111983,16112141,158,CDS
46007,16112202,16112530,328,CDS
46008,16112589,16112714,125,CDS
46009,16112789,16112969,180,CDS
46010,16113181,16113258,77,CDS
46011,16113776,16113883,107,CDS
46012,16114035,16114472,437,CDS
46013,16114772,16114866,94,CDS
46014,16115354,16115594,240,CDS
46015,16115653,16115758,105,CDS
46016,16115811,16116536,725,CDS
46017,16116593,16116743,150,CDS
46018,16110620,16110671,51,CDS
46019,16111501,16111554,53,CDS
46020,16111741,16111926,185,CDS
46021,16111983,16112141,158,CDS
46022,16112196,16112530,334,CDS
46023,16112589,16112714,125,CDS
46024,16112789,16112969,180,CDS
46025,16114772,16114866,94,CDS
46026,16114940,16114954,14,CDS
46027,16110620,16110671,51,CDS
46028,16111741,16111926,185,CDS
46029,16111983,16112141,158,CDS
46030,16112196,16112530,334,CDS
46031,16112589,16112714,125,CDS
46032,16112789,16112969,180,CDS
46033,16114772,16114866,94,CDS
46034,16114940,16114954,14,CDS
46035,16110620,16110671,51,CDS
46036,16111501,16111554,53,CDS
46037,16111741,16111926,185,CDS
46038,16111983,16112141,158,CDS
46039,16112196,16112530,334,CDS
46040,16112589,16112714,125,CDS
46041,16112789,16112969,180,CDS
46042,16113181,16113258,77,CDS
46043,16113776,16113883,107,CDS
46044,16114035,16114483,448,CDS
46045,16110620,16110671,51,CDS
46046,16111741,16111926,185,CDS
46047,16111983,16112141,158,CDS
46048,16112196,16112530,334,CDS
46049,16112589,16112714,125,CDS
46050,16112789,16112969,180,CDS
46051,16113181,16113258,77,CDS
46052,16113776,16113883,107,CDS
46053,16114035,16114483,448,CDS
46054,16110620,16110671,51,CDS
46055,16111741,16111926,185,CDS
46056,16111983,16112141,158,CDS
46057,16112196,16112530,334,CDS
46058,16112592,16112714,122,CDS
46059,16112789,16112969,180,CDS
46060,16113181,16113258,77,CDS
46061,16113776,16113883,107,CDS
46062,16114035,16114483,448,CDS
46063,16117109,16119149,2040,gene
46064,16117109,16117296,187,mRNA
46065,16117355,16117498,143,mRNA
46066,16117555,16117708,153,mRNA
46067,16117769,16117954,185,mRNA
46068,16118012,16118861,849,mRNA
46069,16118914,16119149,235,mRNA
46070,16117111,16117296,185,CDS
46071,16117355,16117498,143,CDS
46072,16117555,16117708,153,CDS
46073,16117769,16117954,185,CDS
46074,16118012,16118861,849,CDS
46075,16118914,16119073,159,CDS
46076,16119793,16122773,2980,gene
46077,16119793,16119914,121,mRNA
46078,16120399,16120653,254,mRNA
46079,16120716,16120859,143,mRNA
46080,16120966,16121116,150,mRNA
46081,16121183,16121925,742,mRNA
46082,16122097,16122386,289,mRNA
46083,16122453,16122773,320,mRNA
46084,16120134,16120208,74,mRNA
46085,16120399,16120653,254,mRNA
46086,16120716,16120859,143,mRNA
46087,16120966,16121116,150,mRNA
46088,16121183,16121925,742,mRNA
46089,16122097,16122386,289,mRNA
46090,16122453,16122773,320,mRNA
46091,16120134,16120208,74,mRNA
46092,16120411,16120653,242,mRNA
46093,16120716,16120859,143,mRNA
46094,16120966,16121116,150,mRNA
46095,16121183,16121925,742,mRNA
46096,16122097,16122386,289,mRNA
46097,16122453,16122773,320,mRNA
46098,16120432,16120653,221,CDS
46099,16120716,16120859,143,CDS
46100,16120966,16121116,150,CDS
46101,16121183,16121925,742,CDS
46102,16122097,16122386,289,CDS
46103,16122453,16122642,189,CDS
46104,16120432,16120653,221,CDS
46105,16120716,16120859,143,CDS
46106,16120966,16121116,150,CDS
46107,16121183,16121925,742,CDS
46108,16122097,16122386,289,CDS
46109,16122453,16122642,189,CDS
46110,16120432,16120653,221,CDS
46111,16120716,16120859,143,CDS
46112,16120966,16121116,150,CDS
46113,16121183,16121925,742,CDS
46114,16122097,16122386,289,CDS
46115,16122453,16122642,189,CDS
46116,16123484,16124577,1093,gene
46117,16123484,16123697,213,mRNA
46118,16124085,16124252,167,mRNA
46119,16124315,16124577,262,mRNA
46120,16123484,16123697,213,CDS
46121,16124085,16124252,167,CDS
46122,16124315,16124577,262,CDS
46123,16124981,16138238,13257,gene
46124,16124981,16125782,801,mRNA
46125,16131542,16131899,357,mRNA
46126,16132309,16132635,326,mRNA
46127,16132829,16133090,261,mRNA
46128,16136027,16136125,98,mRNA
46129,16136187,16136360,173,mRNA
46130,16136425,16136566,141,mRNA
46131,16136834,16137029,195,mRNA
46132,16137205,16138238,1033,mRNA
46133,16124981,16125782,801,mRNA
46134,16131542,16131899,357,mRNA
46135,16132309,16132635,326,mRNA
46136,16132829,16133090,261,mRNA
46137,16136027,16136125,98,mRNA
46138,16136187,16136360,173,mRNA
46139,16136425,16136566,141,mRNA
46140,16137205,16138238,1033,mRNA
46141,16124981,16125782,801,mRNA
46142,16131542,16131899,357,mRNA
46143,16132309,16132635,326,mRNA
46144,16133422,16133683,261,mRNA
46145,16136027,16136125,98,mRNA
46146,16136187,16136360,173,mRNA
46147,16136425,16136566,141,mRNA
46148,16136834,16137029,195,mRNA
46149,16137205,16138238,1033,mRNA
46150,16124981,16125782,801,mRNA
46151,16131542,16131899,357,mRNA
46152,16132309,16132635,326,mRNA
46153,16136027,16136125,98,mRNA
46154,16136187,16136360,173,mRNA
46155,16136425,16136566,141,mRNA
46156,16136834,16137029,195,mRNA
46157,16137205,16138238,1033,mRNA
46158,16124981,16125782,801,mRNA
46159,16131542,16131899,357,mRNA
46160,16132309,16132635,326,mRNA
46161,16133422,16133683,261,mRNA
46162,16136027,16136125,98,mRNA
46163,16136187,16136360,173,mRNA
46164,16136425,16136566,141,mRNA
46165,16137205,16138047,842,mRNA
46166,16125377,16125782,405,CDS
46167,16131542,16131899,357,CDS
46168,16132309,16132635,326,CDS
46169,16132829,16133090,261,CDS
46170,16136027,16136125,98,CDS
46171,16136187,16136360,173,CDS
46172,16136425,16136566,141,CDS
46173,16137205,16137254,49,CDS
46174,16125377,16125782,405,CDS
46175,16131542,16131899,357,CDS
46176,16132309,16132635,326,CDS
46177,16133422,16133683,261,CDS
46178,16136027,16136125,98,CDS
46179,16136187,16136360,173,CDS
46180,16136425,16136566,141,CDS
46181,16137205,16137254,49,CDS
46182,16125377,16125782,405,CDS
46183,16131542,16131899,357,CDS
46184,16132309,16132635,326,CDS
46185,16132829,16133090,261,CDS
46186,16136027,16136125,98,CDS
46187,16136187,16136360,173,CDS
46188,16136425,16136566,141,CDS
46189,16136834,16136958,124,CDS
46190,16125377,16125782,405,CDS
46191,16131542,16131899,357,CDS
46192,16132309,16132635,326,CDS
46193,16133422,16133683,261,CDS
46194,16136027,16136125,98,CDS
46195,16136187,16136360,173,CDS
46196,16136425,16136566,141,CDS
46197,16136834,16136958,124,CDS
46198,16125377,16125782,405,CDS
46199,16131542,16131899,357,CDS
46200,16132309,16132635,326,CDS
46201,16136027,16136125,98,CDS
46202,16136187,16136205,18,CDS
46203,16138352,16141928,3576,gene
46204,16138352,16138438,86,mRNA
46205,16138767,16138884,117,mRNA
46206,16140330,16140437,107,mRNA
46207,16140500,16140573,73,mRNA
46208,16140634,16141928,1294,mRNA
46209,16138385,16138438,53,CDS
46210,16138767,16138884,117,CDS
46211,16140330,16140437,107,CDS
46212,16140500,16140573,73,CDS
46213,16140634,16141593,959,CDS
46214,16138679,16138884,205,mRNA
46215,16140330,16140437,107,mRNA
46216,16140500,16140573,73,mRNA
46217,16140634,16141928,1294,mRNA
46218,16138776,16138884,108,CDS
46219,16140330,16140437,107,CDS
46220,16140500,16140573,73,CDS
46221,16140634,16141593,959,CDS
46222,16142202,16142935,733,gene
46223,16142202,16142294,92,mRNA
46224,16142354,16142935,581,mRNA
46225,16142288,16142294,6,CDS
46226,16142354,16142832,478,CDS
46227,16143147,16145906,2759,gene
46228,16143147,16143414,267,mRNA
46229,16143482,16143971,489,mRNA
46230,16144027,16144713,686,mRNA
46231,16144773,16144917,144,mRNA
46232,16144980,16145578,598,mRNA
46233,16145643,16145906,263,mRNA
46234,16143236,16143414,178,CDS
46235,16143482,16143971,489,CDS
46236,16144027,16144713,686,CDS
46237,16144773,16144917,144,CDS
46238,16144980,16145578,598,CDS
46239,16145643,16145768,125,CDS
46240,16145904,16148719,2815,gene
46241,16147166,16148719,1553,mRNA
46242,16146942,16147101,159,mRNA
46243,16145904,16146883,979,mRNA
46244,16147166,16148657,1491,CDS
46245,16146942,16147101,159,CDS
46246,16146382,16146883,501,CDS
46247,16148812,16149795,983,gene
46248,16148812,16149795,983,mRNA
46249,16148812,16149639,827,mRNA
46250,16149003,16149614,611,CDS
46251,16149003,16149614,611,CDS
46252,16150123,16169519,19396,gene
46253,16150123,16151065,942,mRNA
46254,16164087,16165113,1026,mRNA
46255,16165613,16165684,71,mRNA
46256,16165749,16165958,209,mRNA
46257,16166015,16166158,143,mRNA
46258,16166223,16167046,823,mRNA
46259,16167109,16167465,356,mRNA
46260,16167528,16167809,281,mRNA
46261,16167873,16169519,1646,mRNA
46262,16152235,16152591,356,mobile_element
46263,16153263,16153811,548,gene
46264,16153263,16153811,548,ncRNA
46265,16153906,16154551,645,gene
46266,16153906,16154551,645,ncRNA
46267,16157267,16158794,1527,gene
46268,16158680,16158794,114,mRNA
46269,16157267,16158600,1333,mRNA
46270,16157457,16158563,1106,CDS
46271,16164227,16165113,886,CDS
46272,16165613,16165684,71,CDS
46273,16165749,16165958,209,CDS
46274,16166015,16166158,143,CDS
46275,16166223,16167046,823,CDS
46276,16167109,16167465,356,CDS
46277,16167528,16167809,281,CDS
46278,16167873,16168855,982,CDS
46279,16169600,16170861,1261,gene
46280,16170760,16170861,101,mRNA
46281,16170137,16170705,568,mRNA
46282,16169600,16170076,476,mRNA
46283,16170760,16170783,23,CDS
46284,16170137,16170705,568,CDS
46285,16169668,16170076,408,CDS
46286,16171112,16178307,7195,gene
46287,16178172,16178307,135,mRNA
46288,16176521,16176674,153,mRNA
46289,16176233,16176368,135,mRNA
46290,16176059,16176171,112,mRNA
46291,16175486,16175998,512,mRNA
46292,16175269,16175421,152,mRNA
46293,16174916,16175203,287,mRNA
46294,16174541,16174851,310,mRNA
46295,16174298,16174466,168,mRNA
46296,16174108,16174230,122,mRNA
46297,16173725,16174042,317,mRNA
46298,16173310,16173651,341,mRNA
46299,16172637,16173240,603,mRNA
46300,16172378,16172577,199,mRNA
46301,16172246,16172316,70,mRNA
46302,16172051,16172185,134,mRNA
46303,16171618,16171992,374,mRNA
46304,16171112,16171559,447,mRNA
46305,16176521,16176653,132,CDS
46306,16176233,16176368,135,CDS
46307,16176059,16176171,112,CDS
46308,16175486,16175998,512,CDS
46309,16175269,16175421,152,CDS
46310,16174916,16175203,287,CDS
46311,16174541,16174851,310,CDS
46312,16174298,16174466,168,CDS
46313,16174108,16174230,122,CDS
46314,16173725,16174042,317,CDS
46315,16173310,16173651,341,CDS
46316,16172637,16173240,603,CDS
46317,16172378,16172577,199,CDS
46318,16172246,16172316,70,CDS
46319,16172051,16172185,134,CDS
46320,16171618,16171992,374,CDS
46321,16171242,16171559,317,CDS
46322,16178826,16185103,6277,gene
46323,16178826,16178952,126,mRNA
46324,16181981,16182090,109,mRNA
46325,16182158,16182458,300,mRNA
46326,16182517,16182673,156,mRNA
46327,16182737,16182914,177,mRNA
46328,16182983,16183118,135,mRNA
46329,16183186,16183537,351,mRNA
46330,16183603,16185103,1500,mRNA
46331,16178826,16178877,51,mRNA
46332,16181981,16182090,109,mRNA
46333,16182158,16182458,300,mRNA
46334,16182517,16182673,156,mRNA
46335,16182737,16182914,177,mRNA
46336,16182983,16183118,135,mRNA
46337,16183186,16183537,351,mRNA
46338,16183603,16183991,388,mRNA
46339,16179333,16179372,39,mRNA
46340,16181981,16182090,109,mRNA
46341,16182158,16182458,300,mRNA
46342,16182517,16182673,156,mRNA
46343,16182737,16182914,177,mRNA
46344,16182983,16183118,135,mRNA
46345,16183186,16183537,351,mRNA
46346,16183603,16185103,1500,mRNA
46347,16181249,16181805,556,mRNA
46348,16181981,16182090,109,mRNA
46349,16182158,16182458,300,mRNA
46350,16182517,16182673,156,mRNA
46351,16182737,16182914,177,mRNA
46352,16182983,16183118,135,mRNA
46353,16183186,16183537,351,mRNA
46354,16183603,16185103,1500,mRNA
46355,16182053,16182090,37,CDS
46356,16182158,16182458,300,CDS
46357,16182517,16182673,156,CDS
46358,16182737,16182914,177,CDS
46359,16182983,16183118,135,CDS
46360,16183186,16183537,351,CDS
46361,16183603,16183676,73,CDS
46362,16182053,16182090,37,CDS
46363,16182158,16182458,300,CDS
46364,16182517,16182673,156,CDS
46365,16182737,16182914,177,CDS
46366,16182983,16183118,135,CDS
46367,16183186,16183537,351,CDS
46368,16183603,16183676,73,CDS
46369,16182053,16182090,37,CDS
46370,16182158,16182458,300,CDS
46371,16182517,16182673,156,CDS
46372,16182737,16182914,177,CDS
46373,16182983,16183118,135,CDS
46374,16183186,16183537,351,CDS
46375,16183603,16183676,73,CDS
46376,16182053,16182090,37,CDS
46377,16182158,16182458,300,CDS
46378,16182517,16182673,156,CDS
46379,16182737,16182914,177,CDS
46380,16182983,16183118,135,CDS
46381,16183186,16183537,351,CDS
46382,16183603,16183676,73,CDS
46383,16185122,16186506,1384,gene
46384,16186407,16186506,99,mRNA
46385,16185812,16186019,207,mRNA
46386,16185122,16185751,629,mRNA
46387,16185812,16186022,210,mRNA
46388,16185122,16185751,629,mRNA
46389,16185812,16185985,173,CDS
46390,16185164,16185751,587,CDS
46391,16185812,16185985,173,CDS
46392,16185164,16185751,587,CDS
46393,16186584,16194277,7693,gene
46394,16186584,16187136,552,mRNA
46395,16188578,16189664,1086,mRNA
46396,16189763,16192031,2268,mRNA
46397,16192100,16192225,125,mRNA
46398,16192288,16192503,215,mRNA
46399,16192565,16192776,211,mRNA
46400,16192845,16194277,1432,mRNA
46401,16186923,16187136,213,CDS
46402,16188578,16189664,1086,CDS
46403,16189763,16192031,2268,CDS
46404,16192100,16192225,125,CDS
46405,16192288,16192503,215,CDS
46406,16192565,16192776,211,CDS
46407,16192845,16193067,222,CDS
46408,16187889,16188154,265,mRNA
46409,16188578,16189664,1086,mRNA
46410,16189763,16192031,2268,mRNA
46411,16192100,16192225,125,mRNA
46412,16192288,16192503,215,mRNA
46413,16192565,16192776,211,mRNA
46414,16192845,16194277,1432,mRNA
46415,16188841,16189664,823,CDS
46416,16189763,16192031,2268,CDS
46417,16192100,16192225,125,CDS
46418,16192288,16192503,215,CDS
46419,16192565,16192776,211,CDS
46420,16192845,16193067,222,CDS
46421,16193899,16193962,63,mobile_element
46422,16194062,16196333,2271,gene
46423,16196067,16196333,266,mRNA
46424,16195717,16195970,253,mRNA
46425,16194062,16195657,1595,mRNA
46426,16196067,16196333,266,mRNA
46427,16195717,16196000,283,mRNA
46428,16194062,16195657,1595,mRNA
46429,16195717,16195909,192,CDS
46430,16194435,16195657,1222,CDS
46431,16195717,16195909,192,CDS
46432,16194435,16195657,1222,CDS
46433,16196384,16196928,544,gene
46434,16196384,16196602,218,mRNA
46435,16196692,16196928,236,mRNA
46436,16196384,16196572,188,mRNA
46437,16196692,16196928,236,mRNA
46438,16196471,16196602,131,CDS
46439,16196692,16196802,110,CDS
46440,16196471,16196572,101,CDS
46441,16196692,16196802,110,CDS
46442,16197042,16199555,2513,gene
46443,16197042,16199378,2336,gene
46444,16197042,16198338,1296,mRNA
46445,16198485,16198946,461,mRNA
46446,16199007,16199378,371,mRNA
46447,16197042,16198338,1296,mRNA
46448,16198485,16198946,461,mRNA
46449,16199007,16199378,371,mRNA
46450,16197328,16197516,188,CDS
46451,16197340,16198338,998,mRNA
46452,16198485,16198946,461,mRNA
46453,16199007,16199555,548,mRNA
46454,16197781,16198338,557,CDS
46455,16198485,16198946,461,CDS
46456,16199007,16199177,170,CDS
46457,16197781,16198338,557,CDS
46458,16198485,16198946,461,CDS
46459,16199007,16199177,170,CDS
46460,16199426,16202884,3458,gene
46461,16202749,16202884,135,mRNA
46462,16202144,16202640,496,mRNA
46463,16201560,16202081,521,mRNA
46464,16200278,16201505,1227,mRNA
46465,16199426,16200218,792,mRNA
46466,16202749,16202827,78,CDS
46467,16202144,16202640,496,CDS
46468,16201560,16202081,521,CDS
46469,16200278,16201505,1227,CDS
46470,16199725,16200218,493,CDS
46471,16203329,16221793,18464,gene
46472,16221670,16221793,123,mRNA
46473,16205901,16206079,178,mRNA
46474,16205710,16205819,109,mRNA
46475,16204825,16205031,206,mRNA
46476,16204442,16204754,312,mRNA
46477,16203329,16204381,1052,mRNA
46478,16221670,16221793,123,mRNA
46479,16221123,16221149,26,mRNA
46480,16205901,16206079,178,mRNA
46481,16205710,16205819,109,mRNA
46482,16205320,16205580,260,mRNA
46483,16204825,16205031,206,mRNA
46484,16204442,16204754,312,mRNA
46485,16203329,16204381,1052,mRNA
46486,16210190,16210397,207,mRNA
46487,16205901,16206079,178,mRNA
46488,16205710,16205819,109,mRNA
46489,16205320,16205580,260,mRNA
46490,16204825,16205031,206,mRNA
46491,16204442,16204754,312,mRNA
46492,16203329,16204381,1052,mRNA
46493,16210190,16210397,207,mRNA
46494,16206172,16206227,55,mRNA
46495,16205901,16206079,178,mRNA
46496,16205710,16205819,109,mRNA
46497,16204825,16205031,206,mRNA
46498,16204442,16204754,312,mRNA
46499,16203329,16204381,1052,mRNA
46500,16210022,16210397,375,mRNA
46501,16205901,16206079,178,mRNA
46502,16205710,16205819,109,mRNA
46503,16205320,16205580,260,mRNA
46504,16204825,16205031,206,mRNA
46505,16204442,16204754,312,mRNA
46506,16203329,16204381,1052,mRNA
46507,16209568,16209848,280,mRNA
46508,16205901,16206079,178,mRNA
46509,16205710,16205819,109,mRNA
46510,16204825,16205031,206,mRNA
46511,16204442,16204754,312,mRNA
46512,16203329,16204381,1052,mRNA
46513,16206172,16206238,66,mRNA
46514,16205901,16206079,178,mRNA
46515,16205710,16205819,109,mRNA
46516,16204825,16205031,206,mRNA
46517,16204442,16204754,312,mRNA
46518,16203329,16204381,1052,mRNA
46519,16206172,16206238,66,mRNA
46520,16205901,16206079,178,mRNA
46521,16205710,16205819,109,mRNA
46522,16204825,16205580,755,mRNA
46523,16204442,16204754,312,mRNA
46524,16203329,16204381,1052,mRNA
46525,16205901,16205965,64,CDS
46526,16205710,16205819,109,CDS
46527,16204825,16205031,206,CDS
46528,16204442,16204754,312,CDS
46529,16204297,16204381,84,CDS
46530,16205901,16205965,64,CDS
46531,16205710,16205819,109,CDS
46532,16204825,16205031,206,CDS
46533,16204442,16204754,312,CDS
46534,16204297,16204381,84,CDS
46535,16205901,16205965,64,CDS
46536,16205710,16205819,109,CDS
46537,16204825,16205031,206,CDS
46538,16204442,16204754,312,CDS
46539,16204297,16204381,84,CDS
46540,16205901,16205965,64,CDS
46541,16205710,16205819,109,CDS
46542,16204825,16205031,206,CDS
46543,16204442,16204754,312,CDS
46544,16204297,16204381,84,CDS
46545,16205901,16205965,64,CDS
46546,16205710,16205819,109,CDS
46547,16205320,16205580,260,CDS
46548,16204825,16205031,206,CDS
46549,16204442,16204754,312,CDS
46550,16204297,16204381,84,CDS
46551,16205901,16205965,64,CDS
46552,16205710,16205819,109,CDS
46553,16205320,16205580,260,CDS
46554,16204825,16205031,206,CDS
46555,16204442,16204754,312,CDS
46556,16204297,16204381,84,CDS
46557,16205901,16205965,64,CDS
46558,16205710,16205819,109,CDS
46559,16205320,16205580,260,CDS
46560,16204825,16205031,206,CDS
46561,16204442,16204754,312,CDS
46562,16204297,16204381,84,CDS
46563,16204825,16205053,228,CDS
46564,16204442,16204754,312,CDS
46565,16204297,16204381,84,CDS
46566,16207635,16207706,71,gene
46567,16207635,16207706,71,tRNA
46568,16219374,16219445,71,gene
46569,16219374,16219445,71,tRNA
46570,16219638,16219709,71,gene
46571,16219638,16219709,71,tRNA
46572,16220052,16220123,71,gene
46573,16220052,16220123,71,tRNA
46574,16221636,16223187,1551,gene
46575,16221636,16221889,253,ncRNA
46576,16222167,16223187,1020,ncRNA
46577,16222112,16222627,515,gene
46578,16222112,16222627,515,mRNA
46579,16222181,16222627,446,CDS
46580,16223218,16230680,7462,gene
46581,16230078,16230680,602,mRNA
46582,16225107,16225325,218,mRNA
46583,16224770,16224915,145,mRNA
46584,16223218,16224709,1491,mRNA
46585,16230078,16230680,602,mRNA
46586,16226657,16226774,117,mRNA
46587,16225107,16225325,218,mRNA
46588,16224770,16224915,145,mRNA
46589,16223218,16224709,1491,mRNA
46590,16230078,16230402,324,mRNA
46591,16226568,16226804,236,mRNA
46592,16225107,16225325,218,mRNA
46593,16224770,16224915,145,mRNA
46594,16223218,16224709,1491,mRNA
46595,16226059,16226252,193,mRNA
46596,16225107,16225325,218,mRNA
46597,16224770,16224915,145,mRNA
46598,16223218,16224709,1491,mRNA
46599,16225107,16225326,219,mRNA
46600,16224770,16224915,145,mRNA
46601,16223218,16224709,1491,mRNA
46602,16225107,16225167,60,CDS
46603,16224770,16224915,145,CDS
46604,16223297,16224709,1412,CDS
46605,16225107,16225167,60,CDS
46606,16224770,16224915,145,CDS
46607,16223297,16224709,1412,CDS
46608,16225107,16225167,60,CDS
46609,16224770,16224915,145,CDS
46610,16223297,16224709,1412,CDS
46611,16225107,16225167,60,CDS
46612,16224770,16224915,145,CDS
46613,16223297,16224709,1412,CDS
46614,16225107,16225167,60,CDS
46615,16224770,16224915,145,CDS
46616,16223297,16224709,1412,CDS
46617,16226501,16229869,3368,gene
46618,16226501,16226736,235,mRNA
46619,16227592,16227959,367,mRNA
46620,16228028,16228330,302,mRNA
46621,16228400,16229869,1469,mRNA
46622,16226643,16226736,93,CDS
46623,16227592,16227959,367,CDS
46624,16228028,16228330,302,CDS
46625,16228400,16229779,1379,CDS
46626,16230198,16234087,3889,gene
46627,16230198,16230343,145,mRNA
46628,16230778,16232877,2099,mRNA
46629,16232967,16234087,1120,mRNA
46630,16230308,16230343,35,CDS
46631,16230778,16232877,2099,CDS
46632,16232967,16233986,1019,CDS
46633,16234358,16234936,578,gene
46634,16234358,16234936,578,mRNA
46635,16234358,16234936,578,CDS
46636,16236715,16237479,764,gene
46637,16236715,16237031,316,mRNA
46638,16237089,16237479,390,mRNA
46639,16236856,16237031,175,CDS
46640,16237089,16237344,255,CDS
46641,16238103,16240722,2619,gene
46642,16239058,16240722,1664,mRNA
46643,16238103,16238986,883,mRNA
46644,16239058,16240645,1587,CDS
46645,16238334,16238986,652,CDS
46646,16240936,16241934,998,gene
46647,16241568,16241934,366,mRNA
46648,16240936,16241511,575,mRNA
46649,16241568,16241835,267,CDS
46650,16241027,16241511,484,CDS
46651,16243145,16259805,16660,gene
46652,16259237,16259805,568,mRNA
46653,16255216,16255431,215,mRNA
46654,16254422,16254920,498,mRNA
46655,16248227,16248478,251,mRNA
46656,16247747,16247909,162,mRNA
46657,16246373,16246912,539,mRNA
46658,16244495,16245160,665,mRNA
46659,16244149,16244299,150,mRNA
46660,16243145,16244082,937,mRNA
46661,16249531,16249795,264,mRNA
46662,16248227,16248478,251,mRNA
46663,16247747,16247909,162,mRNA
46664,16246373,16246912,539,mRNA
46665,16244495,16245160,665,mRNA
46666,16244149,16244299,150,mRNA
46667,16243145,16244082,937,mRNA
46668,16255216,16255316,100,CDS
46669,16254422,16254920,498,CDS
46670,16248227,16248478,251,CDS
46671,16247747,16247909,162,CDS
46672,16246373,16246912,539,CDS
46673,16244495,16245160,665,CDS
46674,16244149,16244299,150,CDS
46675,16243932,16244082,150,CDS
46676,16249531,16249605,74,CDS
46677,16248227,16248478,251,CDS
46678,16247747,16247909,162,CDS
46679,16246373,16246912,539,CDS
46680,16244495,16245160,665,CDS
46681,16244149,16244299,150,CDS
46682,16243932,16244082,150,CDS
46683,16262284,16264619,2335,gene
46684,16264417,16264619,202,mRNA
46685,16264153,16264361,208,mRNA
46686,16263962,16264091,129,mRNA
46687,16263603,16263905,302,mRNA
46688,16263178,16263536,358,mRNA
46689,16263008,16263121,113,mRNA
46690,16262284,16262942,658,mRNA
46691,16264417,16264500,83,CDS
46692,16264153,16264361,208,CDS
46693,16263962,16264091,129,CDS
46694,16263603,16263905,302,CDS
46695,16263178,16263536,358,CDS
46696,16263008,16263121,113,CDS
46697,16262354,16262942,588,CDS
46698,16264652,16266959,2307,gene
46699,16264652,16265122,470,mRNA
46700,16265167,16265626,459,mRNA
46701,16265688,16265853,165,mRNA
46702,16265914,16266076,162,mRNA
46703,16266142,16266653,511,mRNA
46704,16266719,16266959,240,mRNA
46705,16264652,16265122,470,mRNA
46706,16265182,16265626,444,mRNA
46707,16265688,16265853,165,mRNA
46708,16265914,16266076,162,mRNA
46709,16266142,16266653,511,mRNA
46710,16266719,16266959,240,mRNA
46711,16264747,16265122,375,CDS
46712,16265167,16265626,459,CDS
46713,16265688,16265853,165,CDS
46714,16265914,16266076,162,CDS
46715,16266142,16266653,511,CDS
46716,16266719,16266874,155,CDS
46717,16264747,16265122,375,CDS
46718,16265182,16265626,444,CDS
46719,16265688,16265853,165,CDS
46720,16265914,16266076,162,CDS
46721,16266142,16266653,511,CDS
46722,16266719,16266874,155,CDS
46723,16266960,16271971,5011,gene
46724,16271339,16271971,632,mRNA
46725,16269794,16270253,459,mRNA
46726,16267776,16269655,1879,mRNA
46727,16266960,16267704,744,mRNA
46728,16271339,16271485,146,CDS
46729,16269794,16270253,459,CDS
46730,16267776,16269655,1879,CDS
46731,16267264,16267704,440,CDS
46732,16272114,16277655,5541,gene
46733,16272114,16272641,527,mRNA
46734,16272705,16277655,4950,mRNA
46735,16272114,16272641,527,mRNA
46736,16272705,16277335,4630,mRNA
46737,16272114,16272641,527,mRNA
46738,16272705,16276536,3831,mRNA
46739,16276590,16277335,745,mRNA
46740,16272312,16272641,329,CDS
46741,16272705,16277267,4562,CDS
46742,16272312,16272641,329,CDS
46743,16272705,16277267,4562,CDS
46744,16272312,16272641,329,CDS
46745,16272705,16276536,3831,CDS
46746,16276590,16276594,4,CDS
46747,16277685,16278396,711,gene
46748,16277685,16278396,711,mRNA
46749,16277789,16278358,569,CDS
46750,16280015,16280470,455,gene
46751,16280015,16280470,455,mRNA
46752,16280193,16280348,155,CDS
46753,16280950,16281629,679,gene
46754,16280950,16281303,353,mRNA
46755,16281519,16281629,110,mRNA
46756,16281022,16281303,281,CDS
46757,16281519,16281551,32,CDS
46758,16281630,16282946,1316,gene
46759,16281630,16282946,1316,mRNA
46760,16281725,16282861,1136,CDS
46761,16283015,16283078,63,mobile_element
46762,16283435,16287450,4015,gene
46763,16283435,16283498,63,mRNA
46764,16283551,16284249,698,mRNA
46765,16284314,16284653,339,mRNA
46766,16284713,16286231,1518,mRNA
46767,16286296,16286977,681,mRNA
46768,16287071,16287450,379,mRNA
46769,16283435,16283498,63,CDS
46770,16283551,16284249,698,CDS
46771,16284314,16284653,339,CDS
46772,16284713,16286231,1518,CDS
46773,16286296,16286977,681,CDS
46774,16287071,16287450,379,CDS
46775,16285797,16286254,457,gene
46776,16285797,16286254,457,ncRNA
46777,16287497,16287561,64,mobile_element
46778,16287586,16288233,647,gene
46779,16287586,16288233,647,mRNA
46780,16287646,16288140,494,CDS
46781,16288208,16288969,761,gene
46782,16288208,16288969,761,mRNA
46783,16288271,16288924,653,CDS
46784,16288927,16291474,2547,gene
46785,16291302,16291474,172,ncRNA
46786,16291124,16291222,98,ncRNA
46787,16290916,16291055,139,ncRNA
46788,16289746,16290746,1000,ncRNA
46789,16288927,16288946,19,ncRNA
46790,16289320,16291333,2013,gene
46791,16289320,16289608,288,mRNA
46792,16289952,16290751,799,mRNA
46793,16290928,16291333,405,mRNA
46794,16289372,16289608,236,CDS
46795,16289952,16290751,799,CDS
46796,16290928,16291210,282,CDS
46797,16291453,16292269,816,gene
46798,16291453,16292269,816,gene
46799,16291453,16291718,265,mRNA
46800,16291774,16292269,495,mRNA
46801,16291453,16291718,265,mRNA
46802,16291774,16292269,495,mRNA
46803,16291518,16291718,200,mRNA
46804,16291774,16292269,495,mRNA
46805,16291518,16291718,200,mRNA
46806,16291774,16292269,495,mRNA
46807,16291551,16291718,167,CDS
46808,16291774,16291812,38,CDS
46809,16291551,16291718,167,CDS
46810,16291774,16291812,38,CDS
46811,16291815,16292255,440,CDS
46812,16291815,16292255,440,CDS
46813,16292264,16294130,1866,gene
46814,16294003,16294130,127,mRNA
46815,16292989,16293943,954,mRNA
46816,16292783,16292934,151,mRNA
46817,16292264,16292724,460,mRNA
46818,16294003,16294034,31,CDS
46819,16292989,16293943,954,CDS
46820,16292783,16292934,151,CDS
46821,16292310,16292724,414,CDS
46822,16294400,16297232,2832,gene
46823,16294400,16297232,2832,mRNA
46824,16294400,16297232,2832,mRNA
46825,16294521,16297079,2558,CDS
46826,16294521,16297058,2537,CDS
46827,16297449,16306695,9246,gene
46828,16297449,16306695,9246,ncRNA
46829,16300246,16306695,6449,ncRNA
46830,16307269,16316485,9216,gene
46831,16307269,16310217,2948,mRNA
46832,16311061,16311155,94,mRNA
46833,16312230,16312344,114,mRNA
46834,16312410,16312628,218,mRNA
46835,16312715,16312865,150,mRNA
46836,16312925,16313135,210,mRNA
46837,16313192,16313421,229,mRNA
46838,16313485,16314712,1227,mRNA
46839,16314768,16315104,336,mRNA
46840,16315169,16315342,173,mRNA
46841,16315433,16315543,110,mRNA
46842,16315599,16315804,205,mRNA
46843,16315861,16315957,96,mRNA
46844,16316023,16316485,462,mRNA
46845,16308942,16310217,1275,mRNA
46846,16311061,16311155,94,mRNA
46847,16312230,16312344,114,mRNA
46848,16312410,16312628,218,mRNA
46849,16312715,16312865,150,mRNA
46850,16312925,16313135,210,mRNA
46851,16313192,16313421,229,mRNA
46852,16313485,16314712,1227,mRNA
46853,16314768,16315104,336,mRNA
46854,16315169,16315342,173,mRNA
46855,16315433,16315543,110,mRNA
46856,16315599,16315804,205,mRNA
46857,16315861,16315957,96,mRNA
46858,16316023,16316485,462,mRNA
46859,16309045,16310217,1172,mRNA
46860,16311061,16311155,94,mRNA
46861,16312230,16312344,114,mRNA
46862,16312410,16312628,218,mRNA
46863,16312715,16312865,150,mRNA
46864,16312925,16313135,210,mRNA
46865,16313192,16313421,229,mRNA
46866,16313485,16314712,1227,mRNA
46867,16314768,16315104,336,mRNA
46868,16315433,16315543,110,mRNA
46869,16315599,16315804,205,mRNA
46870,16315861,16315957,96,mRNA
46871,16316023,16316485,462,mRNA
46872,16309149,16310217,1068,mRNA
46873,16311061,16311155,94,mRNA
46874,16312230,16312344,114,mRNA
46875,16312410,16312628,218,mRNA
46876,16312715,16312865,150,mRNA
46877,16312925,16313135,210,mRNA
46878,16313192,16313421,229,mRNA
46879,16313485,16314712,1227,mRNA
46880,16314768,16315104,336,mRNA
46881,16315169,16315342,173,mRNA
46882,16315433,16315543,110,mRNA
46883,16315599,16315804,205,mRNA
46884,16315861,16315957,96,mRNA
46885,16316023,16316485,462,mRNA
46886,16309567,16310217,650,CDS
46887,16311061,16311155,94,CDS
46888,16312230,16312344,114,CDS
46889,16312410,16312628,218,CDS
46890,16312715,16312865,150,CDS
46891,16312925,16313135,210,CDS
46892,16313192,16313421,229,CDS
46893,16313485,16314712,1227,CDS
46894,16314768,16315104,336,CDS
46895,16315169,16315342,173,CDS
46896,16315433,16315543,110,CDS
46897,16315599,16315804,205,CDS
46898,16315861,16315957,96,CDS
46899,16316023,16316220,197,CDS
46900,16309567,16310217,650,CDS
46901,16311061,16311155,94,CDS
46902,16312230,16312344,114,CDS
46903,16312410,16312628,218,CDS
46904,16312715,16312865,150,CDS
46905,16312925,16313135,210,CDS
46906,16313192,16313421,229,CDS
46907,16313485,16314712,1227,CDS
46908,16314768,16315104,336,CDS
46909,16315169,16315342,173,CDS
46910,16315433,16315543,110,CDS
46911,16315599,16315804,205,CDS
46912,16315861,16315957,96,CDS
46913,16316023,16316220,197,CDS
46914,16309567,16310217,650,CDS
46915,16311061,16311155,94,CDS
46916,16312230,16312344,114,CDS
46917,16312410,16312628,218,CDS
46918,16312715,16312865,150,CDS
46919,16312925,16313135,210,CDS
46920,16313192,16313421,229,CDS
46921,16313485,16314712,1227,CDS
46922,16314768,16315104,336,CDS
46923,16315169,16315342,173,CDS
46924,16315433,16315543,110,CDS
46925,16315599,16315804,205,CDS
46926,16315861,16315957,96,CDS
46927,16316023,16316220,197,CDS
46928,16309567,16310217,650,CDS
46929,16311061,16311155,94,CDS
46930,16312230,16312344,114,CDS
46931,16312410,16312628,218,CDS
46932,16312715,16312865,150,CDS
46933,16312925,16313135,210,CDS
46934,16313192,16313421,229,CDS
46935,16313485,16314712,1227,CDS
46936,16314768,16315104,336,CDS
46937,16315433,16315543,110,CDS
46938,16315599,16315804,205,CDS
46939,16315861,16315957,96,CDS
46940,16316023,16316220,197,CDS
46941,16316313,16320732,4419,gene
46942,16320490,16320732,242,mRNA
46943,16320158,16320423,265,mRNA
46944,16319525,16320098,573,mRNA
46945,16319350,16319477,127,mRNA
46946,16319153,16319296,143,mRNA
46947,16318498,16319096,598,mRNA
46948,16317626,16318434,808,mRNA
46949,16316313,16317566,1253,mRNA
46950,16320490,16320657,167,CDS
46951,16320158,16320423,265,CDS
46952,16319525,16320098,573,CDS
46953,16319350,16319477,127,CDS
46954,16319153,16319296,143,CDS
46955,16318498,16319096,598,CDS
46956,16317626,16318434,808,CDS
46957,16316685,16317566,881,CDS
46958,16320815,16322124,1309,gene
46959,16321984,16322124,140,mRNA
46960,16321873,16321913,40,mRNA
46961,16321570,16321818,248,mRNA
46962,16320815,16321513,698,mRNA
46963,16321873,16321896,23,CDS
46964,16321570,16321818,248,CDS
46965,16321127,16321513,386,CDS
46966,16322186,16324801,2615,gene
46967,16322186,16322335,149,mRNA
46968,16322435,16323791,1356,mRNA
46969,16323854,16324244,390,mRNA
46970,16324307,16324801,494,mRNA
46971,16322332,16322335,3,CDS
46972,16322435,16323791,1356,CDS
46973,16323854,16324244,390,CDS
46974,16324307,16324513,206,CDS
46975,16324813,16336637,11824,gene
46976,16336490,16336637,147,mRNA
46977,16333278,16333420,142,mRNA
46978,16333034,16333187,153,mRNA
46979,16329417,16330398,981,mRNA
46980,16328553,16328914,361,mRNA
46981,16326974,16327160,186,mRNA
46982,16326811,16326909,98,mRNA
46983,16326493,16326748,255,mRNA
46984,16326333,16326430,97,mRNA
46985,16326135,16326273,138,mRNA
46986,16324813,16326064,1251,mRNA
46987,16333780,16333982,202,mRNA
46988,16333278,16333420,142,mRNA
46989,16333034,16333187,153,mRNA
46990,16330237,16330398,161,mRNA
46991,16326974,16327160,186,mRNA
46992,16326811,16326909,98,mRNA
46993,16326493,16326748,255,mRNA
46994,16326333,16326430,97,mRNA
46995,16326135,16326273,138,mRNA
46996,16324813,16326064,1251,mRNA
46997,16333780,16333982,202,mRNA
46998,16333278,16333420,142,mRNA
46999,16333034,16333187,153,mRNA
47000,16329417,16330398,981,mRNA
47001,16328553,16328914,361,mRNA
47002,16326974,16327160,186,mRNA
47003,16326811,16326909,98,mRNA
47004,16326493,16326748,255,mRNA
47005,16326333,16326430,97,mRNA
47006,16326135,16326273,138,mRNA
47007,16324813,16326064,1251,mRNA
47008,16336490,16336637,147,mRNA
47009,16333278,16333420,142,mRNA
47010,16333034,16333187,153,mRNA
47011,16326974,16327160,186,mRNA
47012,16326811,16326909,98,mRNA
47013,16326493,16326748,255,mRNA
47014,16326333,16326430,97,mRNA
47015,16326135,16326273,138,mRNA
47016,16325819,16326064,245,mRNA
47017,16333780,16333982,202,mRNA
47018,16333278,16333420,142,mRNA
47019,16333034,16333187,153,mRNA
47020,16326974,16327160,186,mRNA
47021,16326811,16326909,98,mRNA
47022,16326493,16326748,255,mRNA
47023,16326333,16326430,97,mRNA
47024,16326135,16326273,138,mRNA
47025,16325913,16326064,151,mRNA
47026,16333278,16333412,134,CDS
47027,16333034,16333187,153,CDS
47028,16326974,16327160,186,CDS
47029,16326811,16326909,98,CDS
47030,16326493,16326748,255,CDS
47031,16326333,16326430,97,CDS
47032,16326135,16326273,138,CDS
47033,16325966,16326064,98,CDS
47034,16333278,16333412,134,CDS
47035,16333034,16333187,153,CDS
47036,16326974,16327160,186,CDS
47037,16326811,16326909,98,CDS
47038,16326493,16326748,255,CDS
47039,16326333,16326430,97,CDS
47040,16326135,16326273,138,CDS
47041,16325966,16326064,98,CDS
47042,16333278,16333412,134,CDS
47043,16333034,16333187,153,CDS
47044,16330237,16330398,161,CDS
47045,16326974,16327160,186,CDS
47046,16326811,16326909,98,CDS
47047,16326493,16326748,255,CDS
47048,16326333,16326430,97,CDS
47049,16326135,16326273,138,CDS
47050,16325966,16326064,98,CDS
47051,16333278,16333412,134,CDS
47052,16333034,16333187,153,CDS
47053,16329417,16330398,981,CDS
47054,16328553,16328914,361,CDS
47055,16326974,16327160,186,CDS
47056,16326811,16326909,98,CDS
47057,16326493,16326748,255,CDS
47058,16326333,16326430,97,CDS
47059,16326135,16326273,138,CDS
47060,16325966,16326064,98,CDS
47061,16333278,16333412,134,CDS
47062,16333034,16333187,153,CDS
47063,16329417,16330398,981,CDS
47064,16328553,16328914,361,CDS
47065,16326974,16327160,186,CDS
47066,16326811,16326909,98,CDS
47067,16326493,16326748,255,CDS
47068,16326333,16326430,97,CDS
47069,16326135,16326273,138,CDS
47070,16325966,16326064,98,CDS
47071,16336090,16341242,5152,gene
47072,16336090,16336863,773,mRNA
47073,16339447,16341242,1795,mRNA
47074,16336760,16336863,103,mRNA
47075,16339447,16341242,1795,mRNA
47076,16338302,16338436,134,mRNA
47077,16339447,16341242,1795,mRNA
47078,16338302,16338421,119,mRNA
47079,16339447,16341242,1795,mRNA
47080,16339115,16339197,82,mRNA
47081,16339447,16341242,1795,mRNA
47082,16339440,16341242,1802,mRNA
47083,16339480,16340877,1397,CDS
47084,16339480,16340877,1397,CDS
47085,16339480,16340877,1397,CDS
47086,16339480,16340877,1397,CDS
47087,16339480,16340877,1397,CDS
47088,16339480,16340877,1397,CDS
47089,16341251,16344182,2931,gene
47090,16344034,16344182,148,mRNA
47091,16343095,16343324,229,mRNA
47092,16343006,16343035,29,mRNA
47093,16342723,16342770,47,mRNA
47094,16342477,16342654,177,mRNA
47095,16341844,16342415,571,mRNA
47096,16341481,16341782,301,mRNA
47097,16341251,16341421,170,mRNA
47098,16343095,16343522,427,mRNA
47099,16343006,16343035,29,mRNA
47100,16342723,16342770,47,mRNA
47101,16342477,16342654,177,mRNA
47102,16341844,16342415,571,mRNA
47103,16341481,16341782,301,mRNA
47104,16341251,16341421,170,mRNA
47105,16343095,16343186,91,CDS
47106,16343006,16343035,29,CDS
47107,16342723,16342770,47,CDS
47108,16342477,16342654,177,CDS
47109,16341844,16342415,571,CDS
47110,16341481,16341782,301,CDS
47111,16341390,16341421,31,CDS
47112,16343095,16343186,91,CDS
47113,16343006,16343035,29,CDS
47114,16342723,16342770,47,CDS
47115,16342477,16342654,177,CDS
47116,16341844,16342415,571,CDS
47117,16341481,16341782,301,CDS
47118,16341390,16341421,31,CDS
47119,16344377,16345828,1451,gene
47120,16344377,16345828,1451,mRNA
47121,16344484,16345828,1344,mRNA
47122,16344581,16345765,1184,CDS
47123,16344581,16345765,1184,CDS
47124,16345838,16347500,1662,gene
47125,16345838,16347500,1662,mRNA
47126,16345875,16347395,1520,CDS
47127,16347614,16348527,913,gene
47128,16347614,16348527,913,mRNA
47129,16347669,16348466,797,CDS
47130,16354224,16355215,991,gene
47131,16355014,16355215,201,mRNA
47132,16354906,16354951,45,mRNA
47133,16354694,16354848,154,mRNA
47134,16354224,16354629,405,mRNA
47135,16355014,16355215,201,CDS
47136,16354906,16354951,45,CDS
47137,16354694,16354848,154,CDS
47138,16354238,16354629,391,CDS
47139,16357737,16358481,744,gene
47140,16357737,16358481,744,ncRNA
47141,16358796,16359495,699,gene
47142,16358796,16359495,699,ncRNA
47143,16359730,16363524,3794,gene
47144,16359730,16359902,172,mRNA
47145,16359971,16360154,183,mRNA
47146,16360224,16361523,1299,mRNA
47147,16361711,16363470,1759,mRNA
47148,16359730,16359902,172,mRNA
47149,16359971,16360154,183,mRNA
47150,16360243,16361523,1280,mRNA
47151,16361711,16363470,1759,mRNA
47152,16359853,16359902,49,CDS
47153,16359971,16360154,183,CDS
47154,16360243,16361523,1280,CDS
47155,16361711,16363324,1613,CDS
47156,16360534,16361523,989,CDS
47157,16361711,16363324,1613,CDS
47158,16361626,16363524,1898,mRNA
47159,16361924,16363324,1400,CDS
47160,16363551,16365895,2344,gene
47161,16363551,16365895,2344,mRNA
47162,16363551,16364307,756,mRNA
47163,16363644,16364204,560,CDS
47164,16363644,16364204,560,CDS
47165,16378815,16380135,1320,gene
47166,16378815,16380135,1320,ncRNA
47167,16379295,16380195,900,gene
47168,16379295,16380195,900,ncRNA
47169,16380516,16385765,5249,gene
47170,16380516,16380749,233,mRNA
47171,16380847,16380985,138,mRNA
47172,16381046,16385765,4719,mRNA
47173,16380516,16380749,233,mRNA
47174,16380847,16380985,138,mRNA
47175,16381046,16381895,849,mRNA
47176,16380558,16380749,191,CDS
47177,16380847,16380985,138,CDS
47178,16381046,16381152,106,CDS
47179,16380558,16380749,191,CDS
47180,16380847,16380985,138,CDS
47181,16381046,16381152,106,CDS
47182,16383201,16383298,97,mobile_element
47183,16386524,16431758,45234,gene
47184,16386524,16386750,226,mRNA
47185,16398829,16399421,592,mRNA
47186,16420281,16420368,87,mRNA
47187,16421681,16421732,51,mRNA
47188,16422680,16422748,68,mRNA
47189,16423017,16423124,107,mRNA
47190,16423451,16423588,137,mRNA
47191,16424038,16424170,132,mRNA
47192,16424295,16424651,356,mRNA
47193,16425741,16425969,228,mRNA
47194,16426495,16426998,503,mRNA
47195,16427758,16427910,152,mRNA
47196,16428424,16428532,108,mRNA
47197,16428729,16428822,93,mRNA
47198,16429579,16431758,2179,mRNA
47199,16386524,16386750,226,mRNA
47200,16398829,16399421,592,mRNA
47201,16420281,16420368,87,mRNA
47202,16421681,16421732,51,mRNA
47203,16422680,16422748,68,mRNA
47204,16423014,16423124,110,mRNA
47205,16423451,16423588,137,mRNA
47206,16424038,16424170,132,mRNA
47207,16424295,16424651,356,mRNA
47208,16425741,16425969,228,mRNA
47209,16426495,16426998,503,mRNA
47210,16427758,16427910,152,mRNA
47211,16428424,16428532,108,mRNA
47212,16428729,16428822,93,mRNA
47213,16429331,16429462,131,mRNA
47214,16429579,16430763,1184,mRNA
47215,16386524,16386750,226,mRNA
47216,16398829,16399421,592,mRNA
47217,16420281,16420368,87,mRNA
47218,16421681,16421732,51,mRNA
47219,16422680,16422748,68,mRNA
47220,16423014,16423124,110,mRNA
47221,16423451,16423588,137,mRNA
47222,16424038,16424170,132,mRNA
47223,16424295,16424651,356,mRNA
47224,16425741,16425969,228,mRNA
47225,16426495,16426998,503,mRNA
47226,16427758,16427910,152,mRNA
47227,16428424,16428532,108,mRNA
47228,16428729,16428822,93,mRNA
47229,16429331,16429462,131,mRNA
47230,16429579,16430763,1184,mRNA
47231,16398923,16399421,498,mRNA
47232,16420281,16420368,87,mRNA
47233,16421681,16421732,51,mRNA
47234,16422680,16422748,68,mRNA
47235,16423017,16423124,107,mRNA
47236,16423451,16423588,137,mRNA
47237,16424038,16424170,132,mRNA
47238,16424295,16424651,356,mRNA
47239,16425741,16425969,228,mRNA
47240,16426495,16426998,503,mRNA
47241,16427758,16427910,152,mRNA
47242,16428424,16428532,108,mRNA
47243,16428729,16428822,93,mRNA
47244,16429579,16430763,1184,mRNA
47245,16399094,16399421,327,CDS
47246,16420281,16420368,87,CDS
47247,16421681,16421732,51,CDS
47248,16422680,16422748,68,CDS
47249,16423014,16423124,110,CDS
47250,16423451,16423588,137,CDS
47251,16424038,16424170,132,CDS
47252,16424295,16424651,356,CDS
47253,16425741,16425969,228,CDS
47254,16426495,16426998,503,CDS
47255,16427758,16427910,152,CDS
47256,16428424,16428532,108,CDS
47257,16428729,16428822,93,CDS
47258,16429331,16429440,109,CDS
47259,16399094,16399421,327,CDS
47260,16420281,16420368,87,CDS
47261,16421681,16421732,51,CDS
47262,16422680,16422748,68,CDS
47263,16423014,16423124,110,CDS
47264,16423451,16423588,137,CDS
47265,16424038,16424170,132,CDS
47266,16424295,16424651,356,CDS
47267,16425741,16425969,228,CDS
47268,16426495,16426998,503,CDS
47269,16427758,16427910,152,CDS
47270,16428424,16428532,108,CDS
47271,16428729,16428815,86,CDS
47272,16399094,16399421,327,CDS
47273,16420281,16420368,87,CDS
47274,16421681,16421732,51,CDS
47275,16422680,16422748,68,CDS
47276,16423017,16423124,107,CDS
47277,16423451,16423588,137,CDS
47278,16424038,16424170,132,CDS
47279,16424295,16424651,356,CDS
47280,16425741,16425969,228,CDS
47281,16426495,16426998,503,CDS
47282,16427758,16427910,152,CDS
47283,16428424,16428532,108,CDS
47284,16428729,16428815,86,CDS
47285,16399094,16399421,327,CDS
47286,16420281,16420368,87,CDS
47287,16421681,16421732,51,CDS
47288,16422680,16422748,68,CDS
47289,16423017,16423124,107,CDS
47290,16423451,16423588,137,CDS
47291,16424038,16424170,132,CDS
47292,16424295,16424651,356,CDS
47293,16425741,16425969,228,CDS
47294,16426495,16426998,503,CDS
47295,16427758,16427910,152,CDS
47296,16428424,16428532,108,CDS
47297,16428729,16428815,86,CDS
47298,16414815,16419398,4583,gene
47299,16414815,16419398,4583,gene
47300,16419019,16419398,379,mRNA
47301,16417765,16418964,1199,mRNA
47302,16417410,16417704,294,mRNA
47303,16416950,16417350,400,mRNA
47304,16415690,16416886,1196,mRNA
47305,16415328,16415622,294,mRNA
47306,16414815,16415244,429,mRNA
47307,16419019,16419398,379,mRNA
47308,16417765,16418964,1199,mRNA
47309,16417410,16417704,294,mRNA
47310,16416950,16417350,400,mRNA
47311,16415690,16416886,1196,mRNA
47312,16415328,16415622,294,mRNA
47313,16414815,16415244,429,mRNA
47314,16416950,16417150,200,mRNA
47315,16415690,16416886,1196,mRNA
47316,16415328,16415622,294,mRNA
47317,16414815,16415244,429,mRNA
47318,16416946,16417150,204,mRNA
47319,16415690,16416886,1196,mRNA
47320,16415328,16415622,294,mRNA
47321,16414815,16415244,429,mRNA
47322,16416950,16417096,146,CDS
47323,16415690,16416886,1196,CDS
47324,16415328,16415622,294,CDS
47325,16415081,16415244,163,CDS
47326,16416950,16417096,146,CDS
47327,16415690,16416886,1196,CDS
47328,16415328,16415622,294,CDS
47329,16415081,16415244,163,CDS
47330,16416946,16416966,20,CDS
47331,16415690,16416886,1196,CDS
47332,16415328,16415622,294,CDS
47333,16415081,16415244,163,CDS
47334,16419019,16419189,170,CDS
47335,16417765,16418964,1199,CDS
47336,16417410,16417704,294,CDS
47337,16417184,16417350,166,CDS
47338,16432244,16433183,939,gene
47339,16432244,16432900,656,mRNA
47340,16433019,16433183,164,mRNA
47341,16432313,16432900,587,CDS
47342,16433019,16433132,113,CDS
47343,16433852,16435954,2102,gene
47344,16433852,16435954,2102,mRNA
47345,16433896,16435797,1901,CDS
47346,16443211,16444845,1634,gene
47347,16443211,16443757,546,mRNA
47348,16443908,16444122,214,mRNA
47349,16444669,16444845,176,mRNA
47350,16443250,16443757,507,CDS
47351,16443908,16444122,214,CDS
47352,16444669,16444776,107,CDS
47353,16445986,16447512,1526,gene
47354,16445986,16447512,1526,mRNA
47355,16446272,16447351,1079,CDS
47356,16456322,16456377,55,mobile_element
47357,16466709,16467522,813,gene
47358,16466709,16466945,236,mRNA
47359,16467023,16467199,176,mRNA
47360,16467256,16467522,266,mRNA
47361,16466709,16466945,236,CDS
47362,16467023,16467199,176,CDS
47363,16467256,16467522,266,CDS
47364,16468209,16468934,725,gene
47365,16468209,16468466,257,mRNA
47366,16468523,16468699,176,mRNA
47367,16468755,16468934,179,mRNA
47368,16468209,16468466,257,CDS
47369,16468523,16468699,176,CDS
47370,16468755,16468934,179,CDS
47371,16484841,16485552,711,gene
47372,16485010,16485552,542,mRNA
47373,16484841,16484954,113,mRNA
47374,16485010,16485540,530,CDS
47375,16484841,16484954,113,CDS
47376,16486674,16487801,1127,gene
47377,16486674,16486884,210,mRNA
47378,16487010,16487058,48,mRNA
47379,16487116,16487291,175,mRNA
47380,16487342,16487801,459,mRNA
47381,16486674,16486884,210,CDS
47382,16487010,16487058,48,CDS
47383,16487116,16487291,175,CDS
47384,16487342,16487751,409,CDS
47385,16488053,16489182,1129,gene
47386,16488053,16488274,221,mRNA
47387,16488355,16488403,48,mRNA
47388,16488470,16488639,169,mRNA
47389,16488710,16489182,472,mRNA
47390,16488064,16488274,210,CDS
47391,16488355,16488403,48,CDS
47392,16488470,16488639,169,CDS
47393,16488710,16489134,424,CDS
47394,16491100,16493233,2133,gene
47395,16491100,16491418,318,mRNA
47396,16491498,16493233,1735,mRNA
47397,16491317,16491418,101,CDS
47398,16491498,16493000,1502,CDS
47399,16496889,16499429,2540,gene
47400,16499186,16499429,243,mRNA
47401,16496889,16499019,2130,mRNA
47402,16499186,16499349,163,CDS
47403,16496979,16499019,2040,CDS
47404,16500178,16533459,33281,gene
47405,16500178,16500529,351,mRNA
47406,16503505,16503632,127,mRNA
47407,16525374,16525461,87,mRNA
47408,16525713,16525764,51,mRNA
47409,16527614,16527682,68,mRNA
47410,16528542,16528649,107,mRNA
47411,16528899,16529036,137,mRNA
47412,16529108,16529240,132,mRNA
47413,16529359,16529715,356,mRNA
47414,16530250,16530478,228,mRNA
47415,16530729,16531065,336,mRNA
47416,16531232,16531395,163,mRNA
47417,16531459,16531611,152,mRNA
47418,16531794,16531902,108,mRNA
47419,16532329,16533459,1130,mRNA
47420,16503548,16503632,84,CDS
47421,16525374,16525461,87,CDS
47422,16525713,16525764,51,CDS
47423,16527614,16527682,68,CDS
47424,16528542,16528649,107,CDS
47425,16528899,16529036,137,CDS
47426,16529108,16529240,132,CDS
47427,16529359,16529715,356,CDS
47428,16530250,16530478,228,CDS
47429,16530729,16531065,336,CDS
47430,16531232,16531395,163,CDS
47431,16531459,16531611,152,CDS
47432,16531794,16531902,108,CDS
47433,16532329,16532400,71,CDS
47434,16516150,16516270,120,mRNA
47435,16516920,16517341,421,mRNA
47436,16525374,16525461,87,mRNA
47437,16525713,16525764,51,mRNA
47438,16527614,16527682,68,mRNA
47439,16528542,16528649,107,mRNA
47440,16528899,16529036,137,mRNA
47441,16529108,16529240,132,mRNA
47442,16529359,16529715,356,mRNA
47443,16530250,16530478,228,mRNA
47444,16530729,16531065,336,mRNA
47445,16531232,16531395,163,mRNA
47446,16531459,16531611,152,mRNA
47447,16531794,16531902,108,mRNA
47448,16532329,16533428,1099,mRNA
47449,16516150,16516270,120,mRNA
47450,16517019,16517341,322,mRNA
47451,16525374,16525461,87,mRNA
47452,16525713,16525764,51,mRNA
47453,16527614,16527682,68,mRNA
47454,16528542,16528649,107,mRNA
47455,16528899,16529036,137,mRNA
47456,16529108,16529240,132,mRNA
47457,16529359,16529715,356,mRNA
47458,16530250,16530478,228,mRNA
47459,16530729,16531065,336,mRNA
47460,16531232,16531395,163,mRNA
47461,16531459,16531611,152,mRNA
47462,16531794,16531902,108,mRNA
47463,16532329,16533428,1099,mRNA
47464,16516454,16516533,79,mRNA
47465,16517019,16517341,322,mRNA
47466,16525374,16525461,87,mRNA
47467,16525713,16525764,51,mRNA
47468,16527614,16527682,68,mRNA
47469,16528542,16528649,107,mRNA
47470,16528899,16529036,137,mRNA
47471,16529108,16529240,132,mRNA
47472,16529359,16529715,356,mRNA
47473,16530250,16530478,228,mRNA
47474,16530729,16531065,336,mRNA
47475,16531232,16531395,163,mRNA
47476,16531459,16531611,152,mRNA
47477,16531794,16531902,108,mRNA
47478,16532329,16533428,1099,mRNA
47479,16517176,16517341,165,CDS
47480,16525374,16525461,87,CDS
47481,16525713,16525764,51,CDS
47482,16527614,16527682,68,CDS
47483,16528542,16528649,107,CDS
47484,16528899,16529036,137,CDS
47485,16529108,16529240,132,CDS
47486,16529359,16529715,356,CDS
47487,16530250,16530478,228,CDS
47488,16530729,16531065,336,CDS
47489,16531232,16531395,163,CDS
47490,16531459,16531611,152,CDS
47491,16531794,16531902,108,CDS
47492,16532329,16532400,71,CDS
47493,16517176,16517341,165,CDS
47494,16525374,16525461,87,CDS
47495,16525713,16525764,51,CDS
47496,16527614,16527682,68,CDS
47497,16528542,16528649,107,CDS
47498,16528899,16529036,137,CDS
47499,16529108,16529240,132,CDS
47500,16529359,16529715,356,CDS
47501,16530250,16530478,228,CDS
47502,16530729,16531065,336,CDS
47503,16531232,16531395,163,CDS
47504,16531459,16531611,152,CDS
47505,16531794,16531902,108,CDS
47506,16532329,16532400,71,CDS
47507,16517176,16517341,165,CDS
47508,16525374,16525461,87,CDS
47509,16525713,16525764,51,CDS
47510,16527614,16527682,68,CDS
47511,16528542,16528649,107,CDS
47512,16528899,16529036,137,CDS
47513,16529108,16529240,132,CDS
47514,16529359,16529715,356,CDS
47515,16530250,16530478,228,CDS
47516,16530729,16531065,336,CDS
47517,16531232,16531395,163,CDS
47518,16531459,16531611,152,CDS
47519,16531794,16531902,108,CDS
47520,16532329,16532400,71,CDS
47521,16534943,16537086,2143,gene
47522,16534943,16535129,186,mRNA
47523,16535196,16537086,1890,mRNA
47524,16534943,16536964,2021,mRNA
47525,16535197,16536777,1580,CDS
47526,16535197,16536777,1580,CDS
47527,16539693,16544843,5150,mobile_element
47528,16552258,16558486,6228,gene
47529,16552258,16552621,363,mRNA
47530,16554628,16554692,64,mRNA
47531,16554759,16554908,149,mRNA
47532,16554968,16555253,285,mRNA
47533,16555319,16555483,164,mRNA
47534,16555605,16555789,184,mRNA
47535,16555845,16556003,158,mRNA
47536,16556069,16556293,224,mRNA
47537,16556353,16556556,203,mRNA
47538,16556619,16558486,1867,mRNA
47539,16552258,16552425,167,mRNA
47540,16554628,16554692,64,mRNA
47541,16554759,16554908,149,mRNA
47542,16554968,16555253,285,mRNA
47543,16555319,16555483,164,mRNA
47544,16555605,16555789,184,mRNA
47545,16555845,16556003,158,mRNA
47546,16556069,16556293,224,mRNA
47547,16556353,16556556,203,mRNA
47548,16556619,16558486,1867,mRNA
47549,16554587,16554692,105,mRNA
47550,16554759,16554908,149,mRNA
47551,16554968,16555253,285,mRNA
47552,16555319,16555483,164,mRNA
47553,16555605,16555789,184,mRNA
47554,16555845,16556003,158,mRNA
47555,16556069,16556293,224,mRNA
47556,16556353,16556556,203,mRNA
47557,16556619,16557026,407,mRNA
47558,16554587,16554692,105,mRNA
47559,16554759,16554908,149,mRNA
47560,16554968,16555253,285,mRNA
47561,16555605,16555789,184,mRNA
47562,16555845,16556003,158,mRNA
47563,16556069,16556293,224,mRNA
47564,16556353,16556556,203,mRNA
47565,16556619,16557026,407,mRNA
47566,16554618,16554692,74,CDS
47567,16554759,16554908,149,CDS
47568,16554968,16555253,285,CDS
47569,16555319,16555483,164,CDS
47570,16555605,16555789,184,CDS
47571,16555845,16556003,158,CDS
47572,16556069,16556293,224,CDS
47573,16556353,16556556,203,CDS
47574,16556619,16556729,110,CDS
47575,16554633,16554692,59,CDS
47576,16554759,16554908,149,CDS
47577,16554968,16555253,285,CDS
47578,16555319,16555483,164,CDS
47579,16555605,16555789,184,CDS
47580,16555845,16556003,158,CDS
47581,16556069,16556293,224,CDS
47582,16556353,16556556,203,CDS
47583,16556619,16556729,110,CDS
47584,16554633,16554692,59,CDS
47585,16554759,16554908,149,CDS
47586,16554968,16555253,285,CDS
47587,16555319,16555483,164,CDS
47588,16555605,16555789,184,CDS
47589,16555845,16556003,158,CDS
47590,16556069,16556293,224,CDS
47591,16556353,16556556,203,CDS
47592,16556619,16556729,110,CDS
47593,16554633,16554692,59,CDS
47594,16554759,16554908,149,CDS
47595,16554968,16555253,285,CDS
47596,16555605,16555789,184,CDS
47597,16555845,16556003,158,CDS
47598,16556069,16556293,224,CDS
47599,16556353,16556556,203,CDS
47600,16556619,16556729,110,CDS
47601,16558567,16565238,6671,gene
47602,16564983,16565238,255,mRNA
47603,16563771,16564024,253,mRNA
47604,16561262,16561396,134,mRNA
47605,16561043,16561197,154,mRNA
47606,16560809,16560981,172,mRNA
47607,16560374,16560751,377,mRNA
47608,16560073,16560310,237,mRNA
47609,16558567,16560017,1450,mRNA
47610,16564983,16565238,255,mRNA
47611,16563771,16564024,253,mRNA
47612,16561262,16561396,134,mRNA
47613,16561043,16561197,154,mRNA
47614,16560809,16560981,172,mRNA
47615,16560374,16560751,377,mRNA
47616,16560073,16560310,237,mRNA
47617,16558567,16560017,1450,mRNA
47618,16563771,16563957,186,CDS
47619,16561262,16561396,134,CDS
47620,16561043,16561197,154,CDS
47621,16560809,16560981,172,CDS
47622,16560374,16560751,377,CDS
47623,16560073,16560310,237,CDS
47624,16559349,16560017,668,CDS
47625,16563771,16563957,186,CDS
47626,16561262,16561396,134,CDS
47627,16561043,16561197,154,CDS
47628,16560809,16560981,172,CDS
47629,16560374,16560751,377,CDS
47630,16560073,16560310,237,CDS
47631,16559388,16560017,629,CDS
47632,16566023,16570120,4097,gene
47633,16566023,16566277,254,mRNA
47634,16566769,16566992,223,mRNA
47635,16567785,16568046,261,mRNA
47636,16568109,16568208,99,mRNA
47637,16568310,16568492,182,mRNA
47638,16568558,16569044,486,mRNA
47639,16569159,16569528,369,mRNA
47640,16569856,16570120,264,mRNA
47641,16566023,16566262,239,mRNA
47642,16566605,16566992,387,mRNA
47643,16567785,16568046,261,mRNA
47644,16568109,16568208,99,mRNA
47645,16568310,16568492,182,mRNA
47646,16568558,16569044,486,mRNA
47647,16569159,16570120,961,mRNA
47648,16566023,16566262,239,mRNA
47649,16566769,16566992,223,mRNA
47650,16567785,16568046,261,mRNA
47651,16568109,16568208,99,mRNA
47652,16568310,16568492,182,mRNA
47653,16568558,16569044,486,mRNA
47654,16569159,16570120,961,mRNA
47655,16566023,16566262,239,mRNA
47656,16566853,16566992,139,mRNA
47657,16567785,16568046,261,mRNA
47658,16568109,16568208,99,mRNA
47659,16568310,16568492,182,mRNA
47660,16568558,16569044,486,mRNA
47661,16569159,16569528,369,mRNA
47662,16569910,16570120,210,mRNA
47663,16566936,16566992,56,CDS
47664,16567785,16568046,261,CDS
47665,16568109,16568208,99,CDS
47666,16568310,16568492,182,CDS
47667,16568558,16569044,486,CDS
47668,16569159,16569528,369,CDS
47669,16569856,16570052,196,CDS
47670,16566936,16566992,56,CDS
47671,16567785,16568046,261,CDS
47672,16568109,16568208,99,CDS
47673,16568310,16568492,182,CDS
47674,16568558,16569044,486,CDS
47675,16569159,16569528,369,CDS
47676,16569910,16570052,142,CDS
47677,16566936,16566992,56,CDS
47678,16567785,16568046,261,CDS
47679,16568109,16568208,99,CDS
47680,16568310,16568492,182,CDS
47681,16568558,16569044,486,CDS
47682,16569159,16569803,644,CDS
47683,16566936,16566992,56,CDS
47684,16567785,16568046,261,CDS
47685,16568109,16568208,99,CDS
47686,16568310,16568492,182,CDS
47687,16568558,16569044,486,CDS
47688,16569159,16569803,644,CDS
47689,16570112,16571230,1118,gene
47690,16571189,16571230,41,mRNA
47691,16570917,16571005,88,mRNA
47692,16570626,16570848,222,mRNA
47693,16570112,16570384,272,mRNA
47694,16570917,16571230,313,mRNA
47695,16570626,16570848,222,mRNA
47696,16570196,16570384,188,mRNA
47697,16571189,16571197,8,CDS
47698,16570917,16571005,88,CDS
47699,16570626,16570848,222,CDS
47700,16570259,16570384,125,CDS
47701,16570917,16571011,94,CDS
47702,16570626,16570848,222,CDS
47703,16570259,16570384,125,CDS
47704,16572082,16574154,2072,gene
47705,16572082,16572369,287,mRNA
47706,16572442,16572649,207,mRNA
47707,16573202,16574154,952,mRNA
47708,16572108,16572369,261,CDS
47709,16572442,16572649,207,CDS
47710,16573202,16573820,618,CDS
47711,16574579,16576586,2007,gene
47712,16576273,16576586,313,mRNA
47713,16574579,16575299,720,mRNA
47714,16576273,16576586,313,mRNA
47715,16574579,16575338,759,mRNA
47716,16574579,16576586,2007,mRNA
47717,16576273,16576293,20,CDS
47718,16574901,16575299,398,CDS
47719,16576273,16576293,20,CDS
47720,16574901,16575338,437,CDS
47721,16574901,16575263,362,CDS
47722,16579470,16585448,5978,gene
47723,16579470,16579533,63,mRNA
47724,16580842,16581015,173,mRNA
47725,16582871,16583036,165,mRNA
47726,16584152,16584287,135,mRNA
47727,16584350,16584678,328,mRNA
47728,16584744,16584879,135,mRNA
47729,16584952,16585448,496,mRNA
47730,16579564,16579926,362,mRNA
47731,16580842,16581015,173,mRNA
47732,16582871,16583036,165,mRNA
47733,16584152,16584287,135,mRNA
47734,16584350,16584678,328,mRNA
47735,16584744,16584879,135,mRNA
47736,16584952,16585448,496,mRNA
47737,16579765,16579926,161,mRNA
47738,16580842,16581015,173,mRNA
47739,16582871,16583036,165,mRNA
47740,16584152,16584287,135,mRNA
47741,16584350,16584678,328,mRNA
47742,16584744,16584879,135,mRNA
47743,16584952,16585448,496,mRNA
47744,16580106,16580693,587,mRNA
47745,16580842,16581015,173,mRNA
47746,16582871,16583036,165,mRNA
47747,16584152,16584287,135,mRNA
47748,16584350,16584678,328,mRNA
47749,16584744,16584879,135,mRNA
47750,16584952,16585448,496,mRNA
47751,16580833,16581015,182,mRNA
47752,16582871,16583036,165,mRNA
47753,16584152,16584287,135,mRNA
47754,16584350,16584678,328,mRNA
47755,16584744,16584879,135,mRNA
47756,16584952,16585448,496,mRNA
47757,16580913,16581015,102,CDS
47758,16582871,16583036,165,CDS
47759,16584152,16584287,135,CDS
47760,16584350,16584678,328,CDS
47761,16584744,16584879,135,CDS
47762,16584952,16585035,83,CDS
47763,16580913,16581015,102,CDS
47764,16582871,16583036,165,CDS
47765,16584152,16584287,135,CDS
47766,16584350,16584678,328,CDS
47767,16584744,16584879,135,CDS
47768,16584952,16585035,83,CDS
47769,16580913,16581015,102,CDS
47770,16582871,16583036,165,CDS
47771,16584152,16584287,135,CDS
47772,16584350,16584678,328,CDS
47773,16584744,16584879,135,CDS
47774,16584952,16585035,83,CDS
47775,16580913,16581015,102,CDS
47776,16582871,16583036,165,CDS
47777,16584152,16584287,135,CDS
47778,16584350,16584678,328,CDS
47779,16584744,16584879,135,CDS
47780,16584952,16585035,83,CDS
47781,16580913,16581015,102,CDS
47782,16582871,16583036,165,CDS
47783,16584152,16584287,135,CDS
47784,16584350,16584678,328,CDS
47785,16584744,16584879,135,CDS
47786,16584952,16585035,83,CDS
47787,16581996,16583369,1373,gene
47788,16581996,16583369,1373,ncRNA
47789,16586129,16586732,603,gene
47790,16586129,16586732,603,mRNA
47791,16586223,16586564,341,CDS
47792,16587045,16589184,2139,gene
47793,16588897,16589184,287,mRNA
47794,16588327,16588816,489,mRNA
47795,16587604,16588255,651,mRNA
47796,16587045,16587511,466,mRNA
47797,16588897,16589048,151,CDS
47798,16588327,16588816,489,CDS
47799,16587604,16588255,651,CDS
47800,16587294,16587511,217,CDS
47801,16589518,16594646,5128,gene
47802,16594083,16594646,563,mRNA
47803,16590826,16591410,584,mRNA
47804,16590653,16590762,109,mRNA
47805,16590138,16590588,450,mRNA
47806,16589817,16590074,257,mRNA
47807,16589518,16589760,242,mRNA
47808,16594083,16594090,7,CDS
47809,16590826,16591410,584,CDS
47810,16590653,16590762,109,CDS
47811,16590138,16590588,450,CDS
47812,16589817,16590074,257,CDS
47813,16589622,16589760,138,CDS
47814,16595028,16604373,9345,gene
47815,16604288,16604373,85,mRNA
47816,16597904,16598263,359,mRNA
47817,16596436,16596940,504,mRNA
47818,16595941,16596382,441,mRNA
47819,16595623,16595880,257,mRNA
47820,16595028,16595552,524,mRNA
47821,16604129,16604238,109,mRNA
47822,16597904,16598263,359,mRNA
47823,16596436,16596940,504,mRNA
47824,16595941,16596382,441,mRNA
47825,16595623,16595880,257,mRNA
47826,16595028,16595552,524,mRNA
47827,16597904,16598197,293,CDS
47828,16596436,16596940,504,CDS
47829,16595941,16596382,441,CDS
47830,16595623,16595880,257,CDS
47831,16595420,16595552,132,CDS
47832,16597904,16598197,293,CDS
47833,16596436,16596940,504,CDS
47834,16595941,16596382,441,CDS
47835,16595623,16595880,257,CDS
47836,16595420,16595552,132,CDS
47837,16598748,16600411,1663,gene
47838,16598748,16600411,1663,mRNA
47839,16598968,16600278,1310,CDS
47840,16607654,16624894,17240,gene
47841,16607654,16607959,305,mRNA
47842,16618804,16619689,885,mRNA
47843,16621325,16621441,116,mRNA
47844,16621506,16621610,104,mRNA
47845,16621673,16621816,143,mRNA
47846,16621885,16622019,134,mRNA
47847,16622085,16622205,120,mRNA
47848,16622275,16622574,299,mRNA
47849,16622658,16622790,132,mRNA
47850,16622874,16623131,257,mRNA
47851,16623215,16624894,1679,mRNA
47852,16608031,16608334,303,mRNA
47853,16618804,16619689,885,mRNA
47854,16621325,16621441,116,mRNA
47855,16621506,16621610,104,mRNA
47856,16621673,16621816,143,mRNA
47857,16621885,16622019,134,mRNA
47858,16622085,16622205,120,mRNA
47859,16622275,16622574,299,mRNA
47860,16622658,16622790,132,mRNA
47861,16622874,16623131,257,mRNA
47862,16623215,16623939,724,mRNA
47863,16609128,16609325,197,mRNA
47864,16618804,16619689,885,mRNA
47865,16621325,16621441,116,mRNA
47866,16621506,16621610,104,mRNA
47867,16621673,16621816,143,mRNA
47868,16621885,16622019,134,mRNA
47869,16622085,16622205,120,mRNA
47870,16622275,16622574,299,mRNA
47871,16622658,16622790,132,mRNA
47872,16622874,16623131,257,mRNA
47873,16623215,16623939,724,mRNA
47874,16611876,16612573,697,mRNA
47875,16618804,16619689,885,mRNA
47876,16621325,16621441,116,mRNA
47877,16621506,16621610,104,mRNA
47878,16621673,16621816,143,mRNA
47879,16621885,16622019,134,mRNA
47880,16622085,16622205,120,mRNA
47881,16622275,16622574,299,mRNA
47882,16622658,16622790,132,mRNA
47883,16622874,16623131,257,mRNA
47884,16623215,16624894,1679,mRNA
47885,16618036,16618143,107,mRNA
47886,16618804,16619689,885,mRNA
47887,16621325,16621441,116,mRNA
47888,16621506,16621610,104,mRNA
47889,16621673,16621816,143,mRNA
47890,16621885,16622019,134,mRNA
47891,16622085,16622205,120,mRNA
47892,16622275,16622574,299,mRNA
47893,16622658,16622790,132,mRNA
47894,16622874,16623131,257,mRNA
47895,16623215,16623939,724,mRNA
47896,16619273,16619689,416,CDS
47897,16621325,16621441,116,CDS
47898,16621506,16621610,104,CDS
47899,16621673,16621816,143,CDS
47900,16621885,16622019,134,CDS
47901,16622085,16622205,120,CDS
47902,16622275,16622574,299,CDS
47903,16622658,16622790,132,CDS
47904,16622874,16623131,257,CDS
47905,16623215,16623362,147,CDS
47906,16619273,16619689,416,CDS
47907,16621325,16621441,116,CDS
47908,16621506,16621610,104,CDS
47909,16621673,16621816,143,CDS
47910,16621885,16622019,134,CDS
47911,16622085,16622205,120,CDS
47912,16622275,16622574,299,CDS
47913,16622658,16622790,132,CDS
47914,16622874,16623131,257,CDS
47915,16623215,16623362,147,CDS
47916,16619273,16619689,416,CDS
47917,16621325,16621441,116,CDS
47918,16621506,16621610,104,CDS
47919,16621673,16621816,143,CDS
47920,16621885,16622019,134,CDS
47921,16622085,16622205,120,CDS
47922,16622275,16622574,299,CDS
47923,16622658,16622790,132,CDS
47924,16622874,16623131,257,CDS
47925,16623215,16623362,147,CDS
47926,16619273,16619689,416,CDS
47927,16621325,16621441,116,CDS
47928,16621506,16621610,104,CDS
47929,16621673,16621816,143,CDS
47930,16621885,16622019,134,CDS
47931,16622085,16622205,120,CDS
47932,16622275,16622574,299,CDS
47933,16622658,16622790,132,CDS
47934,16622874,16623131,257,CDS
47935,16623215,16623362,147,CDS
47936,16619273,16619689,416,CDS
47937,16621325,16621441,116,CDS
47938,16621506,16621610,104,CDS
47939,16621673,16621816,143,CDS
47940,16621885,16622019,134,CDS
47941,16622085,16622205,120,CDS
47942,16622275,16622574,299,CDS
47943,16622658,16622790,132,CDS
47944,16622874,16623131,257,CDS
47945,16623215,16623362,147,CDS
47946,16625293,16640011,14718,gene
47947,16639746,16640011,265,mRNA
47948,16633859,16634903,1044,mRNA
47949,16633081,16633774,693,mRNA
47950,16632518,16633010,492,mRNA
47951,16632263,16632450,187,mRNA
47952,16632019,16632196,177,mRNA
47953,16630919,16631952,1033,mRNA
47954,16630652,16630859,207,mRNA
47955,16625293,16630588,5295,mRNA
47956,16637648,16637975,327,mRNA
47957,16633859,16634903,1044,mRNA
47958,16633081,16633774,693,mRNA
47959,16632518,16633010,492,mRNA
47960,16632263,16632450,187,mRNA
47961,16632019,16632196,177,mRNA
47962,16630919,16631952,1033,mRNA
47963,16630652,16630859,207,mRNA
47964,16626102,16630588,4486,mRNA
47965,16633859,16634653,794,CDS
47966,16633081,16633774,693,CDS
47967,16632518,16633010,492,CDS
47968,16632263,16632450,187,CDS
47969,16632019,16632196,177,CDS
47970,16630919,16631952,1033,CDS
47971,16630652,16630859,207,CDS
47972,16629073,16630588,1515,CDS
47973,16633859,16634653,794,CDS
47974,16633081,16633774,693,CDS
47975,16632518,16633010,492,CDS
47976,16632263,16632450,187,CDS
47977,16632019,16632196,177,CDS
47978,16630919,16631952,1033,CDS
47979,16630652,16630859,207,CDS
47980,16629073,16630588,1515,CDS
47981,16641243,16651125,9882,gene
47982,16641243,16641692,449,mRNA
47983,16642052,16642196,144,mRNA
47984,16642943,16643122,179,mRNA
47985,16643498,16643656,158,mRNA
47986,16644746,16644863,117,mRNA
47987,16644922,16645253,331,mRNA
47988,16645317,16645457,140,mRNA
47989,16645661,16647105,1444,mRNA
47990,16650813,16651125,312,mRNA
47991,16641243,16641692,449,mRNA
47992,16642052,16642196,144,mRNA
47993,16642943,16643122,179,mRNA
47994,16643498,16643656,158,mRNA
47995,16644746,16644863,117,mRNA
47996,16644922,16645253,331,mRNA
47997,16645317,16645457,140,mRNA
47998,16645661,16645707,46,mRNA
47999,16645882,16647105,1223,mRNA
48000,16650813,16651125,312,mRNA
48001,16641243,16641692,449,mRNA
48002,16642943,16643122,179,mRNA
48003,16643498,16643656,158,mRNA
48004,16644746,16644863,117,mRNA
48005,16644922,16645253,331,mRNA
48006,16645317,16645457,140,mRNA
48007,16645657,16645707,50,mRNA
48008,16645882,16651125,5243,mRNA
48009,16641243,16641324,81,mRNA
48010,16642052,16642196,144,mRNA
48011,16642943,16643122,179,mRNA
48012,16643498,16643656,158,mRNA
48013,16644056,16644094,38,mRNA
48014,16644746,16644863,117,mRNA
48015,16644922,16645253,331,mRNA
48016,16645317,16645457,140,mRNA
48017,16645657,16645707,50,mRNA
48018,16645882,16651125,5243,mRNA
48019,16641243,16641324,81,mRNA
48020,16642052,16642196,144,mRNA
48021,16642943,16643122,179,mRNA
48022,16643498,16643656,158,mRNA
48023,16644746,16644863,117,mRNA
48024,16644922,16645253,331,mRNA
48025,16645317,16645457,140,mRNA
48026,16645657,16651125,5468,mRNA
48027,16641243,16641324,81,mRNA
48028,16642052,16642196,144,mRNA
48029,16642943,16643122,179,mRNA
48030,16643498,16643656,158,mRNA
48031,16644056,16644094,38,mRNA
48032,16644746,16644863,117,mRNA
48033,16644922,16645253,331,mRNA
48034,16645317,16645457,140,mRNA
48035,16645657,16648790,3133,mRNA
48036,16642952,16643122,170,CDS
48037,16643498,16643656,158,CDS
48038,16644056,16644094,38,CDS
48039,16644746,16644863,117,CDS
48040,16644922,16645253,331,CDS
48041,16645317,16645457,140,CDS
48042,16645657,16645707,50,CDS
48043,16645882,16648779,2897,CDS
48044,16642952,16643122,170,CDS
48045,16643498,16643656,158,CDS
48046,16644746,16644863,117,CDS
48047,16644922,16645253,331,CDS
48048,16645317,16645457,140,CDS
48049,16645657,16645707,50,CDS
48050,16645882,16648779,2897,CDS
48051,16642952,16643122,170,CDS
48052,16643498,16643656,158,CDS
48053,16644746,16644863,117,CDS
48054,16644922,16645253,331,CDS
48055,16645317,16645457,140,CDS
48056,16645661,16645707,46,CDS
48057,16645882,16646005,123,CDS
48058,16642952,16643122,170,CDS
48059,16643498,16643656,158,CDS
48060,16644056,16644094,38,CDS
48061,16644746,16644863,117,CDS
48062,16644922,16645253,331,CDS
48063,16645317,16645457,140,CDS
48064,16645657,16645839,182,CDS
48065,16642952,16643122,170,CDS
48066,16643498,16643656,158,CDS
48067,16644746,16644863,117,CDS
48068,16644922,16645253,331,CDS
48069,16645317,16645457,140,CDS
48070,16645657,16645839,182,CDS
48071,16642952,16643122,170,CDS
48072,16643498,16643656,158,CDS
48073,16644746,16644863,117,CDS
48074,16644922,16645253,331,CDS
48075,16645317,16645457,140,CDS
48076,16645661,16645711,50,CDS
48077,16651095,16652699,1604,gene
48078,16652044,16652699,655,mRNA
48079,16651095,16651987,892,mRNA
48080,16652044,16652697,653,CDS
48081,16651160,16651987,827,CDS
48082,16653205,16655046,1841,gene
48083,16654685,16655046,361,mRNA
48084,16654335,16654625,290,mRNA
48085,16653829,16654277,448,mRNA
48086,16653648,16653774,126,mRNA
48087,16653478,16653581,103,mRNA
48088,16653205,16653422,217,mRNA
48089,16654685,16655046,361,mRNA
48090,16653829,16654625,796,mRNA
48091,16653648,16653774,126,mRNA
48092,16653478,16653581,103,mRNA
48093,16653205,16653422,217,mRNA
48094,16654685,16655046,361,mRNA
48095,16653648,16654625,977,mRNA
48096,16653478,16653581,103,mRNA
48097,16653205,16653422,217,mRNA
48098,16654685,16655046,361,CDS
48099,16654335,16654625,290,CDS
48100,16653829,16654277,448,CDS
48101,16653648,16653774,126,CDS
48102,16653478,16653581,103,CDS
48103,16653205,16653422,217,CDS
48104,16654685,16655046,361,CDS
48105,16653829,16654625,796,CDS
48106,16653648,16653774,126,CDS
48107,16653478,16653581,103,CDS
48108,16653205,16653422,217,CDS
48109,16654685,16655046,361,CDS
48110,16653648,16654625,977,CDS
48111,16653478,16653581,103,CDS
48112,16653205,16653422,217,CDS
48113,16655323,16667675,12352,gene
48114,16667552,16667675,123,mRNA
48115,16663515,16664204,689,mRNA
48116,16657264,16657439,175,mRNA
48117,16656631,16657194,563,mRNA
48118,16656036,16656566,530,mRNA
48119,16655323,16655972,649,mRNA
48120,16667552,16667675,123,mRNA
48121,16667314,16667448,134,mRNA
48122,16663515,16664204,689,mRNA
48123,16657264,16657439,175,mRNA
48124,16656631,16657194,563,mRNA
48125,16656036,16656566,530,mRNA
48126,16655323,16655972,649,mRNA
48127,16663515,16663960,445,mRNA
48128,16657264,16657439,175,mRNA
48129,16656631,16657194,563,mRNA
48130,16656036,16656566,530,mRNA
48131,16655323,16655972,649,mRNA
48132,16658747,16659158,411,mRNA
48133,16657264,16657439,175,mRNA
48134,16656631,16657194,563,mRNA
48135,16656036,16656566,530,mRNA
48136,16655323,16655972,649,mRNA
48137,16663515,16663578,63,CDS
48138,16657264,16657439,175,CDS
48139,16656631,16657194,563,CDS
48140,16656036,16656566,530,CDS
48141,16655757,16655972,215,CDS
48142,16663515,16663578,63,CDS
48143,16657264,16657439,175,CDS
48144,16656631,16657194,563,CDS
48145,16656036,16656566,530,CDS
48146,16655757,16655972,215,CDS
48147,16663515,16663578,63,CDS
48148,16657264,16657439,175,CDS
48149,16656631,16657194,563,CDS
48150,16656036,16656566,530,CDS
48151,16655757,16655972,215,CDS
48152,16658747,16658849,102,CDS
48153,16657264,16657439,175,CDS
48154,16656631,16657194,563,CDS
48155,16656036,16656566,530,CDS
48156,16655757,16655972,215,CDS
48157,16670326,16671836,1510,gene
48158,16670326,16670580,254,mRNA
48159,16670640,16671155,515,mRNA
48160,16671214,16671318,104,mRNA
48161,16671374,16671836,462,mRNA
48162,16670398,16670580,182,mRNA
48163,16670640,16671155,515,mRNA
48164,16671214,16671318,104,mRNA
48165,16671374,16671836,462,mRNA
48166,16670485,16670580,95,CDS
48167,16670640,16671155,515,CDS
48168,16671214,16671318,104,CDS
48169,16671374,16671583,209,CDS
48170,16670485,16670580,95,CDS
48171,16670640,16671155,515,CDS
48172,16671214,16671318,104,CDS
48173,16671374,16671583,209,CDS
48174,16672033,16672889,856,gene
48175,16672033,16672889,856,mRNA
48176,16672052,16672825,773,CDS
48177,16673235,16732916,59681,gene
48178,16730899,16732916,2017,mRNA
48179,16716154,16716211,57,mRNA
48180,16705509,16706279,770,mRNA
48181,16699206,16699574,368,mRNA
48182,16698974,16699138,164,mRNA
48183,16697986,16698179,193,mRNA
48184,16680999,16681217,218,mRNA
48185,16679137,16679279,142,mRNA
48186,16678981,16679071,90,mRNA
48187,16678746,16678856,110,mRNA
48188,16675141,16675248,107,mRNA
48189,16673235,16674863,1628,mRNA
48190,16730899,16731384,485,mRNA
48191,16705509,16706279,770,mRNA
48192,16699206,16699574,368,mRNA
48193,16698974,16699138,164,mRNA
48194,16697986,16698179,193,mRNA
48195,16680999,16681217,218,mRNA
48196,16679137,16679279,142,mRNA
48197,16678981,16679071,90,mRNA
48198,16678411,16678512,101,mRNA
48199,16675141,16675248,107,mRNA
48200,16673461,16674863,1402,mRNA
48201,16730899,16731384,485,mRNA
48202,16705509,16706279,770,mRNA
48203,16699206,16699574,368,mRNA
48204,16698974,16699138,164,mRNA
48205,16697986,16698179,193,mRNA
48206,16680999,16681217,218,mRNA
48207,16679137,16679279,142,mRNA
48208,16678981,16679071,90,mRNA
48209,16678746,16678856,110,mRNA
48210,16675141,16675248,107,mRNA
48211,16673461,16674863,1402,mRNA
48212,16730899,16731384,485,mRNA
48213,16716154,16716211,57,mRNA
48214,16705509,16706279,770,mRNA
48215,16699206,16699574,368,mRNA
48216,16698974,16699138,164,mRNA
48217,16697986,16698179,193,mRNA
48218,16680999,16681217,218,mRNA
48219,16679137,16679279,142,mRNA
48220,16678981,16679071,90,mRNA
48221,16678411,16678512,101,mRNA
48222,16675141,16675248,107,mRNA
48223,16673461,16674863,1402,mRNA
48224,16683871,16683993,122,mRNA
48225,16680999,16681217,218,mRNA
48226,16679137,16679279,142,mRNA
48227,16678981,16679071,90,mRNA
48228,16678411,16678512,101,mRNA
48229,16675141,16675248,107,mRNA
48230,16674451,16674863,412,mRNA
48231,16705509,16705899,390,CDS
48232,16699206,16699574,368,CDS
48233,16698974,16699138,164,CDS
48234,16697986,16698179,193,CDS
48235,16680999,16681217,218,CDS
48236,16679137,16679279,142,CDS
48237,16678981,16679071,90,CDS
48238,16678411,16678512,101,CDS
48239,16675141,16675248,107,CDS
48240,16674702,16674863,161,CDS
48241,16705509,16705899,390,CDS
48242,16699206,16699574,368,CDS
48243,16698974,16699138,164,CDS
48244,16697986,16698179,193,CDS
48245,16680999,16681217,218,CDS
48246,16679137,16679279,142,CDS
48247,16678981,16679071,90,CDS
48248,16678411,16678512,101,CDS
48249,16675141,16675248,107,CDS
48250,16674702,16674863,161,CDS
48251,16705509,16705899,390,CDS
48252,16699206,16699574,368,CDS
48253,16698974,16699138,164,CDS
48254,16697986,16698179,193,CDS
48255,16680999,16681217,218,CDS
48256,16679137,16679279,142,CDS
48257,16678981,16679071,90,CDS
48258,16678746,16678856,110,CDS
48259,16675141,16675248,107,CDS
48260,16674702,16674863,161,CDS
48261,16705509,16705899,390,CDS
48262,16699206,16699574,368,CDS
48263,16698974,16699138,164,CDS
48264,16697986,16698179,193,CDS
48265,16680999,16681217,218,CDS
48266,16679137,16679279,142,CDS
48267,16678981,16679071,90,CDS
48268,16678746,16678856,110,CDS
48269,16675141,16675248,107,CDS
48270,16674702,16674863,161,CDS
48271,16680999,16681187,188,CDS
48272,16679137,16679279,142,CDS
48273,16678981,16679071,90,CDS
48274,16678411,16678512,101,CDS
48275,16675141,16675248,107,CDS
48276,16674702,16674863,161,CDS
48277,16688488,16688539,51,mobile_element
48278,16691022,16693751,2729,gene
48279,16691022,16691208,186,mRNA
48280,16691618,16691899,281,mRNA
48281,16692348,16692923,575,mRNA
48282,16692986,16693751,765,mRNA
48283,16691701,16691899,198,mRNA
48284,16692348,16692923,575,mRNA
48285,16692986,16693751,765,mRNA
48286,16691770,16691899,129,CDS
48287,16692348,16692923,575,CDS
48288,16692986,16693638,652,CDS
48289,16691770,16691899,129,CDS
48290,16692348,16692923,575,CDS
48291,16692986,16693638,652,CDS
48292,16736813,16737885,1072,gene
48293,16737717,16737885,168,ncRNA
48294,16736813,16737442,629,ncRNA
48295,16737492,16737885,393,ncRNA
48296,16736813,16737442,629,ncRNA
48297,16738038,16738345,307,gene
48298,16738038,16738345,307,ncRNA
48299,16744295,16745114,819,gene
48300,16744295,16745114,819,mRNA
48301,16744538,16745114,576,mRNA
48302,16744606,16745085,479,CDS
48303,16744606,16745085,479,CDS
48304,16745223,16746579,1356,gene
48305,16746149,16746579,430,mRNA
48306,16745223,16746089,866,mRNA
48307,16746149,16746483,334,CDS
48308,16745756,16746089,333,CDS
48309,16747834,16748590,756,gene
48310,16748506,16748590,84,mRNA
48311,16747834,16748453,619,mRNA
48312,16748506,16748590,84,mRNA
48313,16748060,16748453,393,mRNA
48314,16748506,16748547,41,CDS
48315,16748130,16748453,323,CDS
48316,16748506,16748547,41,CDS
48317,16748130,16748453,323,CDS
48318,16748815,16749460,645,gene
48319,16749380,16749460,80,mRNA
48320,16748815,16749323,508,mRNA
48321,16749380,16749460,80,mRNA
48322,16748906,16749323,417,mRNA
48323,16749380,16749421,41,CDS
48324,16748967,16749323,356,CDS
48325,16749380,16749421,41,CDS
48326,16748967,16749323,356,CDS
48327,16749803,16750335,532,gene
48328,16750242,16750335,93,mRNA
48329,16749803,16750176,373,mRNA
48330,16750242,16750283,41,CDS
48331,16749856,16750176,320,CDS
48332,16750776,16751495,719,gene
48333,16751450,16751495,45,mRNA
48334,16751193,16751297,104,mRNA
48335,16750776,16751135,359,mRNA
48336,16751450,16751495,45,mRNA
48337,16751193,16751350,157,mRNA
48338,16750776,16751135,359,mRNA
48339,16751193,16751234,41,CDS
48340,16750803,16751135,332,CDS
48341,16751193,16751234,41,CDS
48342,16750803,16751135,332,CDS
48343,16751503,16772671,21168,gene
48344,16772258,16772671,413,mRNA
48345,16763198,16763340,142,mRNA
48346,16763051,16763133,82,mRNA
48347,16762753,16762992,239,mRNA
48348,16762512,16762696,184,mRNA
48349,16762188,16762443,255,mRNA
48350,16761870,16762033,163,mRNA
48351,16761668,16761807,139,mRNA
48352,16760598,16760714,116,mRNA
48353,16759735,16760517,782,mRNA
48354,16759510,16759676,166,mRNA
48355,16759252,16759442,190,mRNA
48356,16757993,16758402,409,mRNA
48357,16757748,16757925,177,mRNA
48358,16757597,16757687,90,mRNA
48359,16757233,16757529,296,mRNA
48360,16756801,16757163,362,mRNA
48361,16756556,16756745,189,mRNA
48362,16756058,16756450,392,mRNA
48363,16755887,16755998,111,mRNA
48364,16754243,16754269,26,mRNA
48365,16753963,16754152,189,mRNA
48366,16753766,16753902,136,mRNA
48367,16753599,16753700,101,mRNA
48368,16751503,16753537,2034,mRNA
48369,16772254,16772500,246,mRNA
48370,16763198,16763340,142,mRNA
48371,16763051,16763133,82,mRNA
48372,16762753,16762992,239,mRNA
48373,16762512,16762696,184,mRNA
48374,16762188,16762443,255,mRNA
48375,16761870,16762033,163,mRNA
48376,16761668,16761807,139,mRNA
48377,16760598,16760714,116,mRNA
48378,16759735,16760517,782,mRNA
48379,16759510,16759676,166,mRNA
48380,16759252,16759442,190,mRNA
48381,16757993,16758402,409,mRNA
48382,16757748,16757925,177,mRNA
48383,16757597,16757687,90,mRNA
48384,16757233,16757529,296,mRNA
48385,16756801,16757163,362,mRNA
48386,16756556,16756745,189,mRNA
48387,16756058,16756450,392,mRNA
48388,16755887,16755998,111,mRNA
48389,16753963,16754152,189,mRNA
48390,16753766,16753902,136,mRNA
48391,16753599,16753700,101,mRNA
48392,16751503,16753537,2034,mRNA
48393,16772254,16772500,246,mRNA
48394,16763198,16763340,142,mRNA
48395,16763051,16763133,82,mRNA
48396,16762753,16762992,239,mRNA
48397,16762512,16762696,184,mRNA
48398,16762188,16762443,255,mRNA
48399,16761870,16762033,163,mRNA
48400,16761668,16761807,139,mRNA
48401,16760598,16760714,116,mRNA
48402,16759735,16760517,782,mRNA
48403,16759510,16759676,166,mRNA
48404,16759252,16759442,190,mRNA
48405,16757993,16758402,409,mRNA
48406,16757748,16757925,177,mRNA
48407,16757597,16757687,90,mRNA
48408,16757233,16757529,296,mRNA
48409,16756801,16757163,362,mRNA
48410,16756556,16756745,189,mRNA
48411,16756058,16756450,392,mRNA
48412,16755887,16755998,111,mRNA
48413,16753963,16754152,189,mRNA
48414,16753766,16753902,136,mRNA
48415,16753599,16753700,101,mRNA
48416,16751503,16753537,2034,mRNA
48417,16765833,16766000,167,mRNA
48418,16764138,16764374,236,mRNA
48419,16763198,16763340,142,mRNA
48420,16763051,16763133,82,mRNA
48421,16762753,16762992,239,mRNA
48422,16762512,16762696,184,mRNA
48423,16762188,16762443,255,mRNA
48424,16761870,16762033,163,mRNA
48425,16761668,16761807,139,mRNA
48426,16760598,16760714,116,mRNA
48427,16759735,16760517,782,mRNA
48428,16759510,16759676,166,mRNA
48429,16759252,16759442,190,mRNA
48430,16757993,16758402,409,mRNA
48431,16757748,16757925,177,mRNA
48432,16757597,16757687,90,mRNA
48433,16757233,16757529,296,mRNA
48434,16756801,16757163,362,mRNA
48435,16756556,16756745,189,mRNA
48436,16756058,16756450,392,mRNA
48437,16755887,16755998,111,mRNA
48438,16754243,16754269,26,mRNA
48439,16753963,16754152,189,mRNA
48440,16753766,16753902,136,mRNA
48441,16753599,16753700,101,mRNA
48442,16751503,16753537,2034,mRNA
48443,16765833,16766000,167,mRNA
48444,16764138,16764374,236,mRNA
48445,16763198,16763340,142,mRNA
48446,16763051,16763133,82,mRNA
48447,16762753,16762992,239,mRNA
48448,16762512,16762696,184,mRNA
48449,16762188,16762443,255,mRNA
48450,16761870,16762033,163,mRNA
48451,16761668,16761807,139,mRNA
48452,16760598,16760714,116,mRNA
48453,16759735,16760517,782,mRNA
48454,16759510,16759676,166,mRNA
48455,16759252,16759442,190,mRNA
48456,16758623,16758829,206,mRNA
48457,16757993,16758402,409,mRNA
48458,16757748,16757925,177,mRNA
48459,16757597,16757687,90,mRNA
48460,16757233,16757529,296,mRNA
48461,16756801,16757163,362,mRNA
48462,16756556,16756745,189,mRNA
48463,16756058,16756450,392,mRNA
48464,16755887,16755998,111,mRNA
48465,16754243,16754269,26,mRNA
48466,16753963,16754152,189,mRNA
48467,16753766,16753902,136,mRNA
48468,16753599,16753700,101,mRNA
48469,16751503,16753537,2034,mRNA
48470,16765833,16766000,167,mRNA
48471,16764138,16764374,236,mRNA
48472,16763198,16763340,142,mRNA
48473,16763051,16763133,82,mRNA
48474,16762753,16762992,239,mRNA
48475,16762512,16762696,184,mRNA
48476,16762188,16762443,255,mRNA
48477,16761870,16762033,163,mRNA
48478,16761668,16761807,139,mRNA
48479,16761406,16761447,41,mRNA
48480,16760598,16760714,116,mRNA
48481,16759735,16760517,782,mRNA
48482,16759510,16759676,166,mRNA
48483,16759252,16759442,190,mRNA
48484,16757993,16758402,409,mRNA
48485,16757748,16757925,177,mRNA
48486,16757597,16757687,90,mRNA
48487,16757233,16757529,296,mRNA
48488,16756801,16757163,362,mRNA
48489,16756565,16756745,180,mRNA
48490,16756058,16756450,392,mRNA
48491,16755887,16755998,111,mRNA
48492,16754243,16754269,26,mRNA
48493,16753963,16754152,189,mRNA
48494,16753766,16753902,136,mRNA
48495,16753599,16753700,101,mRNA
48496,16751503,16753537,2034,mRNA
48497,16765833,16766000,167,mRNA
48498,16764138,16764374,236,mRNA
48499,16763198,16763340,142,mRNA
48500,16763051,16763133,82,mRNA
48501,16762753,16762992,239,mRNA
48502,16762512,16762696,184,mRNA
48503,16762188,16762443,255,mRNA
48504,16761870,16762033,163,mRNA
48505,16761668,16761807,139,mRNA
48506,16761406,16761447,41,mRNA
48507,16760598,16760714,116,mRNA
48508,16759735,16760517,782,mRNA
48509,16759510,16759676,166,mRNA
48510,16759252,16759442,190,mRNA
48511,16757993,16758402,409,mRNA
48512,16757748,16757925,177,mRNA
48513,16757597,16757687,90,mRNA
48514,16757233,16757529,296,mRNA
48515,16756801,16757163,362,mRNA
48516,16756556,16756745,189,mRNA
48517,16756058,16756450,392,mRNA
48518,16755887,16755998,111,mRNA
48519,16753963,16754152,189,mRNA
48520,16753766,16753902,136,mRNA
48521,16753599,16753700,101,mRNA
48522,16751503,16753537,2034,mRNA
48523,16765833,16766000,167,mRNA
48524,16764138,16764374,236,mRNA
48525,16763198,16763340,142,mRNA
48526,16763051,16763133,82,mRNA
48527,16762753,16762992,239,mRNA
48528,16762512,16762696,184,mRNA
48529,16762188,16762443,255,mRNA
48530,16761870,16762033,163,mRNA
48531,16761668,16761807,139,mRNA
48532,16761406,16761447,41,mRNA
48533,16760598,16760714,116,mRNA
48534,16759735,16760517,782,mRNA
48535,16759510,16759676,166,mRNA
48536,16759252,16759442,190,mRNA
48537,16757993,16758402,409,mRNA
48538,16757748,16757925,177,mRNA
48539,16757597,16757687,90,mRNA
48540,16757233,16757529,296,mRNA
48541,16756801,16757163,362,mRNA
48542,16756556,16756745,189,mRNA
48543,16756058,16756450,392,mRNA
48544,16755887,16755998,111,mRNA
48545,16754243,16754269,26,mRNA
48546,16753963,16754152,189,mRNA
48547,16753766,16753902,136,mRNA
48548,16753599,16753700,101,mRNA
48549,16751503,16753537,2034,mRNA
48550,16763198,16763297,99,CDS
48551,16763051,16763133,82,CDS
48552,16762753,16762992,239,CDS
48553,16762512,16762696,184,CDS
48554,16762188,16762443,255,CDS
48555,16761870,16762033,163,CDS
48556,16761668,16761807,139,CDS
48557,16760598,16760714,116,CDS
48558,16759735,16760517,782,CDS
48559,16759510,16759676,166,CDS
48560,16759252,16759442,190,CDS
48561,16757993,16758402,409,CDS
48562,16757748,16757925,177,CDS
48563,16757597,16757687,90,CDS
48564,16757233,16757529,296,CDS
48565,16756801,16757163,362,CDS
48566,16756556,16756745,189,CDS
48567,16756058,16756450,392,CDS
48568,16755887,16755998,111,CDS
48569,16753963,16754152,189,CDS
48570,16753766,16753902,136,CDS
48571,16753599,16753700,101,CDS
48572,16753405,16753537,132,CDS
48573,16763198,16763297,99,CDS
48574,16763051,16763133,82,CDS
48575,16762753,16762992,239,CDS
48576,16762512,16762696,184,CDS
48577,16762188,16762443,255,CDS
48578,16761870,16762033,163,CDS
48579,16761668,16761807,139,CDS
48580,16760598,16760714,116,CDS
48581,16759735,16760517,782,CDS
48582,16759510,16759676,166,CDS
48583,16759252,16759442,190,CDS
48584,16757993,16758402,409,CDS
48585,16757748,16757925,177,CDS
48586,16757597,16757687,90,CDS
48587,16757233,16757529,296,CDS
48588,16756801,16757163,362,CDS
48589,16756556,16756745,189,CDS
48590,16756058,16756450,392,CDS
48591,16755887,16755998,111,CDS
48592,16753963,16754152,189,CDS
48593,16753766,16753902,136,CDS
48594,16753599,16753700,101,CDS
48595,16753441,16753537,96,CDS
48596,16763198,16763297,99,CDS
48597,16763051,16763133,82,CDS
48598,16762753,16762992,239,CDS
48599,16762512,16762696,184,CDS
48600,16762188,16762443,255,CDS
48601,16761870,16762033,163,CDS
48602,16761668,16761807,139,CDS
48603,16760598,16760714,116,CDS
48604,16759735,16760517,782,CDS
48605,16759510,16759676,166,CDS
48606,16759252,16759442,190,CDS
48607,16757993,16758402,409,CDS
48608,16757748,16757925,177,CDS
48609,16757597,16757687,90,CDS
48610,16757233,16757529,296,CDS
48611,16756801,16757163,362,CDS
48612,16756556,16756745,189,CDS
48613,16756058,16756450,392,CDS
48614,16755887,16755998,111,CDS
48615,16754243,16754269,26,CDS
48616,16753963,16754152,189,CDS
48617,16753766,16753902,136,CDS
48618,16753599,16753700,101,CDS
48619,16753441,16753537,96,CDS
48620,16763198,16763297,99,CDS
48621,16763051,16763133,82,CDS
48622,16762753,16762992,239,CDS
48623,16762512,16762696,184,CDS
48624,16762188,16762443,255,CDS
48625,16761870,16762033,163,CDS
48626,16761668,16761807,139,CDS
48627,16760598,16760714,116,CDS
48628,16759735,16760517,782,CDS
48629,16759510,16759676,166,CDS
48630,16759252,16759442,190,CDS
48631,16757993,16758402,409,CDS
48632,16757748,16757925,177,CDS
48633,16757597,16757687,90,CDS
48634,16757233,16757529,296,CDS
48635,16756801,16757163,362,CDS
48636,16756556,16756745,189,CDS
48637,16756058,16756450,392,CDS
48638,16755887,16755998,111,CDS
48639,16754243,16754269,26,CDS
48640,16753963,16754152,189,CDS
48641,16753766,16753902,136,CDS
48642,16753599,16753700,101,CDS
48643,16753441,16753537,96,CDS
48644,16763198,16763297,99,CDS
48645,16763051,16763133,82,CDS
48646,16762753,16762992,239,CDS
48647,16762512,16762696,184,CDS
48648,16762188,16762443,255,CDS
48649,16761870,16762033,163,CDS
48650,16761668,16761807,139,CDS
48651,16760598,16760714,116,CDS
48652,16759735,16760517,782,CDS
48653,16759510,16759676,166,CDS
48654,16759252,16759442,190,CDS
48655,16758623,16758829,206,CDS
48656,16757993,16758402,409,CDS
48657,16757748,16757925,177,CDS
48658,16757597,16757687,90,CDS
48659,16757233,16757529,296,CDS
48660,16756801,16757163,362,CDS
48661,16756556,16756745,189,CDS
48662,16756058,16756450,392,CDS
48663,16755887,16755998,111,CDS
48664,16754243,16754269,26,CDS
48665,16753963,16754152,189,CDS
48666,16753766,16753902,136,CDS
48667,16753599,16753700,101,CDS
48668,16753441,16753537,96,CDS
48669,16763198,16763297,99,CDS
48670,16763051,16763133,82,CDS
48671,16762753,16762992,239,CDS
48672,16762512,16762696,184,CDS
48673,16762188,16762443,255,CDS
48674,16761870,16762033,163,CDS
48675,16761668,16761807,139,CDS
48676,16761406,16761447,41,CDS
48677,16760598,16760714,116,CDS
48678,16759735,16760517,782,CDS
48679,16759510,16759676,166,CDS
48680,16759252,16759442,190,CDS
48681,16757993,16758402,409,CDS
48682,16757748,16757925,177,CDS
48683,16757597,16757687,90,CDS
48684,16757233,16757529,296,CDS
48685,16756801,16757163,362,CDS
48686,16756565,16756745,180,CDS
48687,16756058,16756450,392,CDS
48688,16755887,16755998,111,CDS
48689,16754243,16754269,26,CDS
48690,16753963,16754152,189,CDS
48691,16753766,16753902,136,CDS
48692,16753599,16753700,101,CDS
48693,16753441,16753537,96,CDS
48694,16763198,16763297,99,CDS
48695,16763051,16763133,82,CDS
48696,16762753,16762992,239,CDS
48697,16762512,16762696,184,CDS
48698,16762188,16762443,255,CDS
48699,16761870,16762033,163,CDS
48700,16761668,16761807,139,CDS
48701,16761406,16761447,41,CDS
48702,16760598,16760714,116,CDS
48703,16759735,16760517,782,CDS
48704,16759510,16759676,166,CDS
48705,16759252,16759442,190,CDS
48706,16757993,16758402,409,CDS
48707,16757748,16757925,177,CDS
48708,16757597,16757687,90,CDS
48709,16757233,16757529,296,CDS
48710,16756801,16757163,362,CDS
48711,16756556,16756745,189,CDS
48712,16756058,16756450,392,CDS
48713,16755887,16755998,111,CDS
48714,16753963,16754152,189,CDS
48715,16753766,16753902,136,CDS
48716,16753599,16753700,101,CDS
48717,16753441,16753537,96,CDS
48718,16763198,16763297,99,CDS
48719,16763051,16763133,82,CDS
48720,16762753,16762992,239,CDS
48721,16762512,16762696,184,CDS
48722,16762188,16762443,255,CDS
48723,16761870,16762033,163,CDS
48724,16761668,16761807,139,CDS
48725,16761406,16761447,41,CDS
48726,16760598,16760714,116,CDS
48727,16759735,16760517,782,CDS
48728,16759510,16759676,166,CDS
48729,16759252,16759442,190,CDS
48730,16757993,16758402,409,CDS
48731,16757748,16757925,177,CDS
48732,16757597,16757687,90,CDS
48733,16757233,16757529,296,CDS
48734,16756801,16757163,362,CDS
48735,16756556,16756745,189,CDS
48736,16756058,16756450,392,CDS
48737,16755887,16755998,111,CDS
48738,16754243,16754269,26,CDS
48739,16753963,16754152,189,CDS
48740,16753766,16753902,136,CDS
48741,16753599,16753700,101,CDS
48742,16753441,16753537,96,CDS
48743,16754444,16754925,481,gene
48744,16754444,16754925,481,mRNA
48745,16754507,16754875,368,CDS
48746,16755073,16755823,750,gene
48747,16755073,16755823,750,mRNA
48748,16755094,16755699,605,CDS
48749,16765361,16766000,639,gene
48750,16765361,16766000,639,mRNA
48751,16765390,16765614,224,CDS
48752,16766804,16769238,2434,gene
48753,16766804,16767179,375,mRNA
48754,16767237,16767715,478,mRNA
48755,16767776,16768258,482,mRNA
48756,16768331,16768479,148,mRNA
48757,16768542,16768776,234,mRNA
48758,16768835,16769238,403,mRNA
48759,16766804,16767179,375,mRNA
48760,16767237,16767571,334,mRNA
48761,16767641,16767715,74,mRNA
48762,16767776,16768258,482,mRNA
48763,16768331,16768479,148,mRNA
48764,16768542,16768776,234,mRNA
48765,16768835,16769238,403,mRNA
48766,16766869,16767179,310,CDS
48767,16767237,16767571,334,CDS
48768,16767641,16767715,74,CDS
48769,16767776,16768258,482,CDS
48770,16768331,16768479,148,CDS
48771,16768542,16768776,234,CDS
48772,16768835,16769124,289,CDS
48773,16766869,16767179,310,CDS
48774,16767237,16767633,396,CDS
48775,16772785,16773915,1130,gene
48776,16773755,16773915,160,mRNA
48777,16772785,16773638,853,mRNA
48778,16773755,16773915,160,mRNA
48779,16772916,16773638,722,mRNA
48780,16773755,16773789,34,CDS
48781,16773020,16773638,618,CDS
48782,16773755,16773789,34,CDS
48783,16773020,16773638,618,CDS
48784,16774246,16775676,1430,gene
48785,16774246,16774349,103,mRNA
48786,16774403,16775676,1273,mRNA
48787,16774262,16774349,87,CDS
48788,16774403,16775550,1147,CDS
48789,16778365,16778994,629,gene
48790,16778365,16778534,169,mRNA
48791,16778590,16778684,94,mRNA
48792,16778740,16778994,254,mRNA
48793,16778365,16778534,169,CDS
48794,16778590,16778684,94,CDS
48795,16778740,16778933,193,CDS
48796,16779905,16783171,3266,gene
48797,16779905,16781567,1662,mRNA
48798,16782169,16783171,1002,mRNA
48799,16780425,16781567,1142,mRNA
48800,16781907,16782041,134,mRNA
48801,16782169,16783171,1002,mRNA
48802,16780548,16781567,1019,CDS
48803,16781907,16782041,134,CDS
48804,16782169,16782876,707,CDS
48805,16780548,16781567,1019,CDS
48806,16782169,16782876,707,CDS
48807,16783671,16792472,8801,gene
48808,16783671,16783882,211,mRNA
48809,16784770,16784908,138,mRNA
48810,16788155,16788260,105,mRNA
48811,16788326,16788666,340,mRNA
48812,16788791,16789118,327,mRNA
48813,16789184,16789635,451,mRNA
48814,16789712,16789915,203,mRNA
48815,16790156,16790266,110,mRNA
48816,16790739,16792472,1733,mRNA
48817,16783671,16783882,211,mRNA
48818,16784770,16784908,138,mRNA
48819,16788155,16788260,105,mRNA
48820,16788326,16788666,340,mRNA
48821,16788791,16789118,327,mRNA
48822,16789184,16789635,451,mRNA
48823,16789712,16789915,203,mRNA
48824,16790739,16792472,1733,mRNA
48825,16783671,16783882,211,mRNA
48826,16788155,16788260,105,mRNA
48827,16788326,16788666,340,mRNA
48828,16788791,16789118,327,mRNA
48829,16789184,16789635,451,mRNA
48830,16789712,16789915,203,mRNA
48831,16790156,16790266,110,mRNA
48832,16790739,16792472,1733,mRNA
48833,16783671,16783882,211,mRNA
48834,16788155,16788260,105,mRNA
48835,16788326,16788666,340,mRNA
48836,16788791,16789118,327,mRNA
48837,16789184,16789635,451,mRNA
48838,16789712,16789915,203,mRNA
48839,16790739,16791453,714,mRNA
48840,16787175,16787487,312,mRNA
48841,16788155,16788260,105,mRNA
48842,16788326,16788666,340,mRNA
48843,16788791,16789118,327,mRNA
48844,16789184,16789635,451,mRNA
48845,16789712,16789915,203,mRNA
48846,16790156,16790266,110,mRNA
48847,16790739,16792472,1733,mRNA
48848,16787175,16787487,312,mRNA
48849,16788155,16788260,105,mRNA
48850,16788326,16788666,340,mRNA
48851,16788791,16789118,327,mRNA
48852,16789184,16789635,451,mRNA
48853,16789712,16789915,203,mRNA
48854,16790739,16792472,1733,mRNA
48855,16788201,16788260,59,CDS
48856,16788326,16788666,340,CDS
48857,16788791,16789118,327,CDS
48858,16789184,16789635,451,CDS
48859,16789712,16789915,203,CDS
48860,16790156,16790266,110,CDS
48861,16790739,16791351,612,CDS
48862,16788201,16788260,59,CDS
48863,16788326,16788666,340,CDS
48864,16788791,16789118,327,CDS
48865,16789184,16789635,451,CDS
48866,16789712,16789915,203,CDS
48867,16790156,16790266,110,CDS
48868,16790739,16791351,612,CDS
48869,16788201,16788260,59,CDS
48870,16788326,16788666,340,CDS
48871,16788791,16789118,327,CDS
48872,16789184,16789635,451,CDS
48873,16789712,16789915,203,CDS
48874,16790156,16790266,110,CDS
48875,16790739,16791351,612,CDS
48876,16788201,16788260,59,CDS
48877,16788326,16788666,340,CDS
48878,16788791,16789118,327,CDS
48879,16789184,16789635,451,CDS
48880,16789712,16789915,203,CDS
48881,16790739,16791351,612,CDS
48882,16788201,16788260,59,CDS
48883,16788326,16788666,340,CDS
48884,16788791,16789118,327,CDS
48885,16789184,16789635,451,CDS
48886,16789712,16789915,203,CDS
48887,16790739,16791351,612,CDS
48888,16788201,16788260,59,CDS
48889,16788326,16788666,340,CDS
48890,16788791,16789118,327,CDS
48891,16789184,16789635,451,CDS
48892,16789712,16789915,203,CDS
48893,16790739,16791351,612,CDS
48894,16792642,16793179,537,gene
48895,16792642,16792781,139,mRNA
48896,16792873,16793179,306,mRNA
48897,16792657,16792781,124,CDS
48898,16792873,16793080,207,CDS
48899,16793119,16796407,3288,gene
48900,16796236,16796407,171,mRNA
48901,16794395,16794700,305,mRNA
48902,16794244,16794315,71,mRNA
48903,16794093,16794182,89,mRNA
48904,16793954,16794031,77,mRNA
48905,16793745,16793888,143,mRNA
48906,16793119,16793685,566,mRNA
48907,16796236,16796259,23,CDS
48908,16794395,16794700,305,CDS
48909,16794244,16794315,71,CDS
48910,16794093,16794182,89,CDS
48911,16793954,16794031,77,CDS
48912,16793745,16793888,143,CDS
48913,16793308,16793685,377,CDS
48914,16799416,16799471,55,mobile_element
48915,16810595,16811095,500,gene
48916,16810595,16811095,500,ncRNA
48917,16812245,16812791,546,gene
48918,16812245,16812443,198,ncRNA
48919,16812521,16812791,270,ncRNA
48920,16812245,16812439,194,ncRNA
48921,16812521,16812791,270,ncRNA
48922,16814395,16815495,1100,gene
48923,16814395,16815495,1100,ncRNA
48924,16816589,16817577,988,gene
48925,16816589,16817221,632,mRNA
48926,16817273,16817577,304,mRNA
48927,16816589,16817221,632,mRNA
48928,16817285,16817577,292,mRNA
48929,16816614,16817221,607,CDS
48930,16817273,16817417,144,CDS
48931,16816614,16817221,607,CDS
48932,16817285,16817417,132,CDS
48933,16817519,16819240,1721,gene
48934,16818979,16819240,261,ncRNA
48935,16818590,16818694,104,ncRNA
48936,16817519,16818500,981,ncRNA
48937,16818979,16819240,261,ncRNA
48938,16818590,16818694,104,ncRNA
48939,16817519,16818531,1012,ncRNA
48940,16824664,16826648,1984,gene
48941,16824664,16824939,275,mRNA
48942,16825578,16825677,99,mRNA
48943,16825736,16826648,912,mRNA
48944,16825066,16825148,82,mRNA
48945,16825578,16825677,99,mRNA
48946,16825736,16826648,912,mRNA
48947,16825530,16825677,147,mRNA
48948,16825736,16826648,912,mRNA
48949,16825600,16825677,77,CDS
48950,16825736,16826575,839,CDS
48951,16825600,16825677,77,CDS
48952,16825736,16826575,839,CDS
48953,16825600,16825677,77,CDS
48954,16825736,16826575,839,CDS
48955,16826872,16827755,883,gene
48956,16826872,16826985,113,mRNA
48957,16827042,16827159,117,mRNA
48958,16827274,16827755,481,mRNA
48959,16826898,16826985,87,CDS
48960,16827042,16827159,117,CDS
48961,16827274,16827646,372,CDS
48962,16829095,16839494,10399,gene
48963,16829095,16839494,10399,ncRNA
48964,16830689,16839494,8805,ncRNA
48965,16831432,16831518,86,gene
48966,16831432,16831518,86,precursor_RNA
48967,16831447,16831468,21,ncRNA
48968,16831484,16831506,22,ncRNA
48969,16840452,16840489,37,mobile_element
48970,16843296,16845038,1742,gene
48971,16843296,16845038,1742,mRNA
48972,16843430,16844887,1457,CDS
48973,16845495,16845995,500,gene
48974,16845495,16845995,500,ncRNA
48975,16849095,16849895,800,gene
48976,16849095,16849271,176,ncRNA
48977,16849346,16849895,549,ncRNA
48978,16850437,16854104,3667,gene
48979,16850437,16850644,207,mRNA
48980,16850713,16851132,419,mRNA
48981,16851191,16851308,117,mRNA
48982,16851364,16852286,922,mRNA
48983,16852352,16853216,864,mRNA
48984,16853278,16853740,462,mRNA
48985,16853809,16854104,295,mRNA
48986,16850530,16850644,114,CDS
48987,16850713,16851132,419,CDS
48988,16851191,16851308,117,CDS
48989,16851364,16852286,922,CDS
48990,16852352,16853216,864,CDS
48991,16853278,16853740,462,CDS
48992,16853809,16853928,119,CDS
48993,16854025,16855464,1439,gene
48994,16855257,16855464,207,mRNA
48995,16854025,16855194,1169,mRNA
48996,16855257,16855338,81,CDS
48997,16854119,16855194,1075,CDS
48998,16856220,16861738,5518,gene
48999,16856220,16856303,83,mRNA
49000,16856806,16857052,246,mRNA
49001,16857633,16858114,481,mRNA
49002,16858181,16858601,420,mRNA
49003,16858664,16858764,100,mRNA
49004,16858827,16859000,173,mRNA
49005,16859061,16859249,188,mRNA
49006,16859313,16859397,84,mRNA
49007,16859453,16859574,121,mRNA
49008,16859633,16859785,152,mRNA
49009,16859850,16861738,1888,mRNA
49010,16856220,16856315,95,mRNA
49011,16856806,16857052,246,mRNA
49012,16857633,16858114,481,mRNA
49013,16858181,16858601,420,mRNA
49014,16858664,16858764,100,mRNA
49015,16858827,16859000,173,mRNA
49016,16859061,16859249,188,mRNA
49017,16859313,16859397,84,mRNA
49018,16859453,16859574,121,mRNA
49019,16859633,16859785,152,mRNA
49020,16859850,16860358,508,mRNA
49021,16856220,16856303,83,mRNA
49022,16856806,16857052,246,mRNA
49023,16857633,16858114,481,mRNA
49024,16858181,16858601,420,mRNA
49025,16858664,16858764,100,mRNA
49026,16858827,16859000,173,mRNA
49027,16859061,16859249,188,mRNA
49028,16859313,16859397,84,mRNA
49029,16859453,16859574,121,mRNA
49030,16859633,16859785,152,mRNA
49031,16859850,16860358,508,mRNA
49032,16856220,16856303,83,mRNA
49033,16856806,16857052,246,mRNA
49034,16857633,16858114,481,mRNA
49035,16858181,16858601,420,mRNA
49036,16858664,16858764,100,mRNA
49037,16858827,16859000,173,mRNA
49038,16859061,16859249,188,mRNA
49039,16859313,16859397,84,mRNA
49040,16859453,16859589,136,mRNA
49041,16856301,16856315,14,CDS
49042,16856806,16857052,246,CDS
49043,16857633,16858114,481,CDS
49044,16858181,16858601,420,CDS
49045,16858664,16858764,100,CDS
49046,16858827,16859000,173,CDS
49047,16859061,16859249,188,CDS
49048,16859313,16859397,84,CDS
49049,16859453,16859574,121,CDS
49050,16859633,16859785,152,CDS
49051,16859850,16859864,14,CDS
49052,16856301,16856303,2,CDS
49053,16856806,16857052,246,CDS
49054,16857633,16858114,481,CDS
49055,16858181,16858601,420,CDS
49056,16858664,16858764,100,CDS
49057,16858827,16859000,173,CDS
49058,16859061,16859249,188,CDS
49059,16859313,16859397,84,CDS
49060,16859453,16859574,121,CDS
49061,16859633,16859785,152,CDS
49062,16859850,16859864,14,CDS
49063,16856301,16856303,2,CDS
49064,16856806,16857052,246,CDS
49065,16857633,16858114,481,CDS
49066,16858181,16858601,420,CDS
49067,16858664,16858764,100,CDS
49068,16858827,16859000,173,CDS
49069,16859061,16859249,188,CDS
49070,16859313,16859397,84,CDS
49071,16859453,16859574,121,CDS
49072,16859633,16859785,152,CDS
49073,16859850,16859864,14,CDS
49074,16856301,16856303,2,CDS
49075,16856806,16857052,246,CDS
49076,16857633,16858114,481,CDS
49077,16858181,16858601,420,CDS
49078,16858664,16858764,100,CDS
49079,16858827,16859000,173,CDS
49080,16859061,16859249,188,CDS
49081,16859313,16859397,84,CDS
49082,16859453,16859589,136,CDS
49083,16856642,16857052,410,mRNA
49084,16857633,16858114,481,mRNA
49085,16858181,16858601,420,mRNA
49086,16858664,16858764,100,mRNA
49087,16858827,16859000,173,mRNA
49088,16859061,16859249,188,mRNA
49089,16859313,16859397,84,mRNA
49090,16859453,16859574,121,mRNA
49091,16859633,16859785,152,mRNA
49092,16859850,16860270,420,mRNA
49093,16856785,16857052,267,CDS
49094,16857633,16858114,481,CDS
49095,16858181,16858601,420,CDS
49096,16858664,16858764,100,CDS
49097,16858827,16859000,173,CDS
49098,16859061,16859249,188,CDS
49099,16859313,16859397,84,CDS
49100,16859453,16859574,121,CDS
49101,16859633,16859785,152,CDS
49102,16859850,16859864,14,CDS
49103,16857413,16857578,165,gene
49104,16857413,16857578,165,ncRNA
49105,16861321,16867714,6393,gene
49106,16866155,16867714,1559,mRNA
49107,16865944,16866096,152,mRNA
49108,16865394,16865881,487,mRNA
49109,16865092,16865329,237,mRNA
49110,16864569,16865033,464,mRNA
49111,16861321,16864103,2782,mRNA
49112,16862465,16862507,42,mobile_element
49113,16867326,16867714,388,mRNA
49114,16866155,16867246,1091,mRNA
49115,16865944,16866096,152,mRNA
49116,16865394,16865881,487,mRNA
49117,16865092,16865329,237,mRNA
49118,16864569,16865036,467,mRNA
49119,16863497,16864103,606,mRNA
49120,16867326,16867714,388,mRNA
49121,16866155,16867246,1091,mRNA
49122,16865944,16866096,152,mRNA
49123,16865394,16865881,487,mRNA
49124,16865092,16865329,237,mRNA
49125,16864569,16865033,464,mRNA
49126,16863702,16864103,401,mRNA
49127,16867326,16867397,71,CDS
49128,16866155,16867246,1091,CDS
49129,16865944,16866096,152,CDS
49130,16865394,16865881,487,CDS
49131,16865092,16865329,237,CDS
49132,16864686,16865033,347,CDS
49133,16867326,16867397,71,CDS
49134,16866155,16867246,1091,CDS
49135,16865944,16866096,152,CDS
49136,16865394,16865881,487,CDS
49137,16865092,16865329,237,CDS
49138,16864686,16865036,350,CDS
49139,16866155,16867078,923,CDS
49140,16865944,16866096,152,CDS
49141,16865394,16865881,487,CDS
49142,16865092,16865329,237,CDS
49143,16864686,16865033,347,CDS
49144,16868222,16869280,1058,gene
49145,16868222,16868391,169,mRNA
49146,16868491,16869280,789,mRNA
49147,16868222,16868391,169,mRNA
49148,16868491,16869129,638,mRNA
49149,16868312,16868391,79,CDS
49150,16868491,16869079,588,CDS
49151,16868312,16868391,79,CDS
49152,16868491,16869079,588,CDS
49153,16869402,16871851,2449,gene
49154,16869402,16869602,200,mRNA
49155,16871270,16871440,170,mRNA
49156,16871511,16871851,340,mRNA
49157,16869521,16869602,81,CDS
49158,16871270,16871440,170,CDS
49159,16871511,16871743,232,CDS
49160,16872250,16872906,656,gene
49161,16872250,16872375,125,mRNA
49162,16872433,16872906,473,mRNA
49163,16872306,16872375,69,CDS
49164,16872433,16872848,415,CDS
49165,16873015,16873755,740,gene
49166,16873015,16873319,304,mRNA
49167,16873389,16873755,366,mRNA
49168,16873076,16873319,243,CDS
49169,16873389,16873624,235,CDS
49170,16873772,16874977,1205,gene
49171,16873772,16873885,113,mRNA
49172,16874241,16874417,176,mRNA
49173,16874475,16874977,502,mRNA
49174,16873828,16873885,57,CDS
49175,16874241,16874417,176,CDS
49176,16874475,16874731,256,CDS
49177,16874724,16895652,20928,gene
49178,16895562,16895652,90,mRNA
49179,16894120,16894625,505,mRNA
49180,16877001,16878037,1036,mRNA
49181,16876510,16876931,421,mRNA
49182,16876342,16876433,91,mRNA
49183,16874724,16875981,1257,mRNA
49184,16894120,16894269,149,CDS
49185,16877001,16878037,1036,CDS
49186,16876510,16876931,421,CDS
49187,16876342,16876433,91,CDS
49188,16875856,16875981,125,CDS
49189,16880713,16884695,3982,gene
49190,16880713,16880996,283,mRNA
49191,16882975,16883074,99,mRNA
49192,16883157,16883311,154,mRNA
49193,16883401,16883871,470,mRNA
49194,16884052,16884208,156,mRNA
49195,16884266,16884695,429,mRNA
49196,16880945,16880996,51,CDS
49197,16882975,16883074,99,CDS
49198,16883157,16883311,154,CDS
49199,16883401,16883871,470,CDS
49200,16884052,16884208,156,CDS
49201,16884266,16884500,234,CDS
49202,16895223,16895308,85,gene
49203,16895223,16895308,85,precursor_RNA
49204,16895237,16895260,23,ncRNA
49205,16895275,16895295,20,ncRNA
49206,16898535,16901575,3040,gene
49207,16898535,16898922,387,mRNA
49208,16899084,16899115,31,mRNA
49209,16899170,16899364,194,mRNA
49210,16899425,16899553,128,mRNA
49211,16899615,16899771,156,mRNA
49212,16899832,16900060,228,mRNA
49213,16900115,16900512,397,mRNA
49214,16900576,16900777,201,mRNA
49215,16900837,16901025,188,mRNA
49216,16901083,16901223,140,mRNA
49217,16901285,16901575,290,mRNA
49218,16898645,16898922,277,CDS
49219,16899084,16899115,31,CDS
49220,16899170,16899364,194,CDS
49221,16899425,16899553,128,CDS
49222,16899615,16899771,156,CDS
49223,16899832,16900060,228,CDS
49224,16900115,16900512,397,CDS
49225,16900576,16900777,201,CDS
49226,16900837,16901025,188,CDS
49227,16901083,16901223,140,CDS
49228,16901285,16901437,152,CDS
49229,16924655,16945126,20471,gene
49230,16924655,16924790,135,mRNA
49231,16926346,16926807,461,mRNA
49232,16931112,16931143,31,mRNA
49233,16931199,16931278,79,mRNA
49234,16932464,16932578,114,mRNA
49235,16940093,16940221,128,mRNA
49236,16940901,16941057,156,mRNA
49237,16941144,16941492,348,mRNA
49238,16941574,16941747,173,mRNA
49239,16941805,16941896,91,mRNA
49240,16941953,16942154,201,mRNA
49241,16942223,16942411,188,mRNA
49242,16942475,16942615,140,mRNA
49243,16942674,16945126,2452,mRNA
49244,16924925,16925037,112,mRNA
49245,16926346,16926807,461,mRNA
49246,16928125,16928151,26,mRNA
49247,16931112,16931143,31,mRNA
49248,16931199,16931278,79,mRNA
49249,16932464,16932578,114,mRNA
49250,16940093,16940221,128,mRNA
49251,16940901,16941057,156,mRNA
49252,16941144,16941492,348,mRNA
49253,16941574,16941747,173,mRNA
49254,16941805,16941896,91,mRNA
49255,16941953,16942154,201,mRNA
49256,16942223,16942411,188,mRNA
49257,16942475,16942615,140,mRNA
49258,16942674,16943107,433,mRNA
49259,16924925,16925037,112,mRNA
49260,16926346,16926807,461,mRNA
49261,16928125,16928151,26,mRNA
49262,16931112,16931143,31,mRNA
49263,16931199,16931278,79,mRNA
49264,16936419,16936530,111,mRNA
49265,16940093,16940221,128,mRNA
49266,16940901,16941057,156,mRNA
49267,16941144,16941492,348,mRNA
49268,16941574,16941747,173,mRNA
49269,16941805,16941896,91,mRNA
49270,16941953,16942154,201,mRNA
49271,16942223,16942411,188,mRNA
49272,16942475,16942615,140,mRNA
49273,16942674,16943107,433,mRNA
49274,16924925,16924977,52,mRNA
49275,16926346,16926807,461,mRNA
49276,16928125,16928151,26,mRNA
49277,16931112,16931143,31,mRNA
49278,16931199,16931278,79,mRNA
49279,16936419,16936530,111,mRNA
49280,16940093,16940221,128,mRNA
49281,16940901,16941057,156,mRNA
49282,16941144,16941492,348,mRNA
49283,16941574,16941747,173,mRNA
49284,16941805,16941896,91,mRNA
49285,16941953,16942154,201,mRNA
49286,16942223,16942411,188,mRNA
49287,16942475,16942615,140,mRNA
49288,16942674,16943107,433,mRNA
49289,16925127,16925745,618,mRNA
49290,16926346,16926807,461,mRNA
49291,16931112,16931143,31,mRNA
49292,16931199,16931278,79,mRNA
49293,16932464,16932578,114,mRNA
49294,16940093,16940221,128,mRNA
49295,16940901,16941057,156,mRNA
49296,16941144,16941492,348,mRNA
49297,16941574,16941747,173,mRNA
49298,16941805,16941896,91,mRNA
49299,16941953,16942154,201,mRNA
49300,16942223,16942411,188,mRNA
49301,16942475,16942615,140,mRNA
49302,16942674,16943107,433,mRNA
49303,16926608,16926807,199,CDS
49304,16928125,16928151,26,CDS
49305,16931112,16931143,31,CDS
49306,16931199,16931278,79,CDS
49307,16932464,16932578,114,CDS
49308,16940093,16940221,128,CDS
49309,16940901,16941057,156,CDS
49310,16941144,16941492,348,CDS
49311,16941574,16941747,173,CDS
49312,16941805,16941896,91,CDS
49313,16941953,16942154,201,CDS
49314,16942223,16942411,188,CDS
49315,16942475,16942615,140,CDS
49316,16942674,16942826,152,CDS
49317,16926608,16926807,199,CDS
49318,16928125,16928151,26,CDS
49319,16931112,16931143,31,CDS
49320,16931199,16931278,79,CDS
49321,16936419,16936530,111,CDS
49322,16940093,16940221,128,CDS
49323,16940901,16941057,156,CDS
49324,16941144,16941492,348,CDS
49325,16941574,16941747,173,CDS
49326,16941805,16941896,91,CDS
49327,16941953,16942154,201,CDS
49328,16942223,16942411,188,CDS
49329,16942475,16942615,140,CDS
49330,16942674,16942826,152,CDS
49331,16926608,16926807,199,CDS
49332,16928125,16928151,26,CDS
49333,16931112,16931143,31,CDS
49334,16931199,16931278,79,CDS
49335,16936419,16936530,111,CDS
49336,16940093,16940221,128,CDS
49337,16940901,16941057,156,CDS
49338,16941144,16941492,348,CDS
49339,16941574,16941747,173,CDS
49340,16941805,16941896,91,CDS
49341,16941953,16942154,201,CDS
49342,16942223,16942411,188,CDS
49343,16942475,16942615,140,CDS
49344,16942674,16942826,152,CDS
49345,16926608,16926807,199,CDS
49346,16931112,16931143,31,CDS
49347,16931199,16931278,79,CDS
49348,16932464,16932578,114,CDS
49349,16940093,16940221,128,CDS
49350,16940901,16941057,156,CDS
49351,16941144,16941492,348,CDS
49352,16941574,16941747,173,CDS
49353,16941805,16941896,91,CDS
49354,16941953,16942154,201,CDS
49355,16942223,16942411,188,CDS
49356,16942475,16942615,140,CDS
49357,16942674,16942826,152,CDS
49358,16926608,16926807,199,CDS
49359,16931112,16931143,31,CDS
49360,16931199,16931278,79,CDS
49361,16932464,16932578,114,CDS
49362,16940093,16940221,128,CDS
49363,16940901,16941057,156,CDS
49364,16941144,16941492,348,CDS
49365,16941574,16941747,173,CDS
49366,16941805,16941896,91,CDS
49367,16941953,16942154,201,CDS
49368,16942223,16942411,188,CDS
49369,16942475,16942615,140,CDS
49370,16942674,16942826,152,CDS
49371,16937597,16938011,414,gene
49372,16937597,16937708,111,mRNA
49373,16937773,16938011,238,mRNA
49374,16937624,16937708,84,CDS
49375,16937773,16937876,103,CDS
49376,16938696,16938995,299,gene
49377,16938696,16938791,95,mRNA
49378,16938854,16938995,141,mRNA
49379,16938716,16938791,75,CDS
49380,16938854,16938960,106,CDS
49381,16939688,16939844,156,mRNA
49382,16940093,16940221,128,mRNA
49383,16940901,16941057,156,mRNA
49384,16941144,16941492,348,mRNA
49385,16941574,16941747,173,mRNA
49386,16941805,16941896,91,mRNA
49387,16941953,16942154,201,mRNA
49388,16942223,16942411,188,mRNA
49389,16942475,16942615,140,mRNA
49390,16942674,16943107,433,mRNA
49391,16940101,16940221,120,CDS
49392,16940901,16941057,156,CDS
49393,16941144,16941492,348,CDS
49394,16941574,16941747,173,CDS
49395,16941805,16941896,91,CDS
49396,16941953,16942154,201,CDS
49397,16942223,16942411,188,CDS
49398,16942475,16942615,140,CDS
49399,16942674,16942826,152,CDS
49400,16945555,16947231,1676,gene
49401,16945555,16946191,636,mRNA
49402,16946257,16946434,177,mRNA
49403,16946523,16947231,708,mRNA
49404,16945599,16946191,592,CDS
49405,16946257,16946434,177,CDS
49406,16946523,16947161,638,CDS
49407,16946455,16947554,1099,gene
49408,16946455,16947554,1099,mRNA
49409,16947205,16947513,308,CDS
49410,16947658,16948224,566,gene
49411,16947658,16948224,566,mRNA
49412,16947711,16948178,467,CDS
49413,16948296,16955266,6970,gene
49414,16954655,16955266,611,mRNA
49415,16954259,16954589,330,mRNA
49416,16953136,16954204,1068,mRNA
49417,16952604,16953075,471,mRNA
49418,16950742,16951750,1008,mRNA
49419,16950541,16950674,133,mRNA
49420,16950152,16950480,328,mRNA
49421,16948296,16950090,1794,mRNA
49422,16950742,16951823,1081,mRNA
49423,16950541,16950674,133,mRNA
49424,16950152,16950480,328,mRNA
49425,16948296,16950090,1794,mRNA
49426,16954655,16955155,500,CDS
49427,16954259,16954589,330,CDS
49428,16953136,16954204,1068,CDS
49429,16952604,16953075,471,CDS
49430,16950742,16951750,1008,CDS
49431,16950541,16950674,133,CDS
49432,16950152,16950480,328,CDS
49433,16948716,16950090,1374,CDS
49434,16950742,16950901,159,CDS
49435,16950541,16950674,133,CDS
49436,16950152,16950480,328,CDS
49437,16948716,16950090,1374,CDS
49438,16951837,16952581,744,gene
49439,16951837,16952053,216,mRNA
49440,16952152,16952581,429,mRNA
49441,16952005,16952053,48,mRNA
49442,16952152,16952581,429,mRNA
49443,16952238,16952501,263,CDS
49444,16952238,16952501,263,CDS
49445,16955458,16957308,1850,gene
49446,16955458,16957308,1850,mRNA
49447,16955458,16955677,219,mRNA
49448,16955738,16957308,1570,mRNA
49449,16955458,16955561,103,mRNA
49450,16955633,16957308,1675,mRNA
49451,16955753,16957102,1349,CDS
49452,16955753,16957102,1349,CDS
49453,16955753,16957102,1349,CDS
49454,16957465,16958927,1462,gene
49455,16957465,16958192,727,mRNA
49456,16958261,16958927,666,mRNA
49457,16957567,16958192,625,CDS
49458,16958261,16958684,423,CDS
49459,16958943,16960195,1252,gene
49460,16958943,16960195,1252,mRNA
49461,16959064,16960095,1031,CDS
49462,16964295,16964894,599,gene
49463,16964295,16964894,599,ncRNA
49464,16968008,16968078,70,gene
49465,16968008,16968078,70,tRNA
49466,16969395,16971695,2300,gene
49467,16969395,16971695,2300,ncRNA
49468,16973927,16996057,22130,gene
49469,16973927,16974124,197,mRNA
49470,16984266,16984490,224,mRNA
49471,16984699,16984784,85,mRNA
49472,16984842,16984931,89,mRNA
49473,16985919,16986005,86,mRNA
49474,16986071,16986211,140,mRNA
49475,16986581,16986636,55,mRNA
49476,16986705,16986750,45,mRNA
49477,16994160,16994216,56,mRNA
49478,16994282,16994353,71,mRNA
49479,16994411,16996057,1646,mRNA
49480,16973927,16974124,197,mRNA
49481,16979847,16979895,48,mRNA
49482,16984266,16984490,224,mRNA
49483,16984699,16984784,85,mRNA
49484,16984842,16984931,89,mRNA
49485,16985919,16986005,86,mRNA
49486,16986071,16986211,140,mRNA
49487,16986581,16986636,55,mRNA
49488,16986705,16986750,45,mRNA
49489,16994160,16994216,56,mRNA
49490,16994282,16994353,71,mRNA
49491,16994411,16994703,292,mRNA
49492,16984340,16984490,150,CDS
49493,16984699,16984784,85,CDS
49494,16984842,16984931,89,CDS
49495,16985919,16986005,86,CDS
49496,16986071,16986211,140,CDS
49497,16986581,16986636,55,CDS
49498,16986705,16986750,45,CDS
49499,16994160,16994216,56,CDS
49500,16994282,16994353,71,CDS
49501,16994411,16994557,146,CDS
49502,16984340,16984490,150,CDS
49503,16984699,16984784,85,CDS
49504,16984842,16984931,89,CDS
49505,16985919,16986005,86,CDS
49506,16986071,16986211,140,CDS
49507,16986581,16986636,55,CDS
49508,16986705,16986750,45,CDS
49509,16994160,16994216,56,CDS
49510,16994282,16994353,71,CDS
49511,16994411,16994557,146,CDS
49512,16995991,16998594,2603,gene
49513,16995991,16998594,2603,gene
49514,16998460,16998594,134,mRNA
49515,16996992,16998400,1408,mRNA
49516,16996356,16996728,372,mRNA
49517,16995991,16996301,310,mRNA
49518,16998460,16998594,134,mRNA
49519,16996992,16998400,1408,mRNA
49520,16996356,16996728,372,mRNA
49521,16995991,16996301,310,mRNA
49522,16998460,16998594,134,mRNA
49523,16996992,16998400,1408,mRNA
49524,16996356,16996751,395,mRNA
49525,16995991,16996301,310,mRNA
49526,16998460,16998594,134,mRNA
49527,16996992,16998400,1408,mRNA
49528,16996356,16996751,395,mRNA
49529,16995991,16996301,310,mRNA
49530,16996992,16997145,153,mRNA
49531,16996356,16996751,395,mRNA
49532,16995991,16996301,310,mRNA
49533,16996992,16997062,70,CDS
49534,16996356,16996751,395,CDS
49535,16996091,16996301,210,CDS
49536,16996992,16997062,70,CDS
49537,16996356,16996751,395,CDS
49538,16996091,16996301,210,CDS
49539,16996356,16996672,316,CDS
49540,16996091,16996301,210,CDS
49541,16998460,16998594,134,mRNA
49542,16996820,16998400,1580,mRNA
49543,16998460,16998570,110,CDS
49544,16997141,16998400,1259,CDS
49545,16998460,16998570,110,CDS
49546,16997141,16998400,1259,CDS
49547,16998460,16998570,110,CDS
49548,16997141,16998400,1259,CDS
49549,16998610,17000126,1516,gene
49550,16999998,17000126,128,mRNA
49551,16998610,16999944,1334,mRNA
49552,16999998,17000099,101,CDS
49553,16998703,16999944,1241,CDS
49554,17000244,17001941,1697,gene
49555,17001770,17001941,171,mRNA
49556,17000244,17001618,1374,mRNA
49557,17001770,17001862,92,CDS
49558,17000356,17001618,1262,CDS
49559,17001994,17003599,1605,gene
49560,17001994,17002121,127,mRNA
49561,17002183,17002390,207,mRNA
49562,17002454,17003599,1145,mRNA
49563,17002032,17002121,89,CDS
49564,17002183,17002390,207,CDS
49565,17002454,17003538,1084,CDS
49566,17003563,17005149,1586,gene
49567,17005030,17005149,119,mRNA
49568,17004753,17004967,214,mRNA
49569,17004483,17004697,214,mRNA
49570,17003851,17004421,570,mRNA
49571,17003563,17003790,227,mRNA
49572,17005030,17005058,28,CDS
49573,17004753,17004967,214,CDS
49574,17004483,17004697,214,CDS
49575,17003851,17004421,570,CDS
49576,17003669,17003790,121,CDS
49577,17005451,17007501,2050,gene
49578,17005451,17006507,1056,mRNA
49579,17006789,17007501,712,mRNA
49580,17005451,17006507,1056,mRNA
49581,17006789,17007058,269,mRNA
49582,17007133,17007501,368,mRNA
49583,17005761,17006507,746,CDS
49584,17006789,17007058,269,CDS
49585,17007133,17007162,29,CDS
49586,17005761,17006507,746,CDS
49587,17006789,17007115,326,CDS
49588,17007674,17015894,8220,gene
49589,17015659,17015894,235,mRNA
49590,17014949,17015202,253,mRNA
49591,17013789,17013996,207,mRNA
49592,17013546,17013727,181,mRNA
49593,17013285,17013481,196,mRNA
49594,17011952,17012774,822,mRNA
49595,17011614,17011816,202,mRNA
49596,17011154,17011548,394,mRNA
49597,17010887,17010976,89,mRNA
49598,17010263,17010535,272,mRNA
49599,17010053,17010194,141,mRNA
49600,17008846,17008942,96,mRNA
49601,17008597,17008785,188,mRNA
49602,17007674,17008536,862,mRNA
49603,17015694,17015894,200,mRNA
49604,17014949,17015202,253,mRNA
49605,17013789,17013996,207,mRNA
49606,17013546,17013727,181,mRNA
49607,17013285,17013481,196,mRNA
49608,17011952,17012774,822,mRNA
49609,17011614,17011816,202,mRNA
49610,17011154,17011548,394,mRNA
49611,17010887,17010976,89,mRNA
49612,17010263,17010535,272,mRNA
49613,17010053,17010173,120,mRNA
49614,17008846,17008942,96,mRNA
49615,17008597,17008785,188,mRNA
49616,17007906,17008536,630,mRNA
49617,17015663,17015894,231,mRNA
49618,17014949,17015202,253,mRNA
49619,17013789,17013996,207,mRNA
49620,17013546,17013727,181,mRNA
49621,17013285,17013481,196,mRNA
49622,17011952,17012708,756,mRNA
49623,17011614,17011816,202,mRNA
49624,17011154,17011548,394,mRNA
49625,17010887,17010976,89,mRNA
49626,17010263,17010535,272,mRNA
49627,17010053,17010173,120,mRNA
49628,17008846,17008942,96,mRNA
49629,17008597,17008785,188,mRNA
49630,17007906,17008536,630,mRNA
49631,17015659,17015894,235,mRNA
49632,17014949,17015202,253,mRNA
49633,17013789,17013996,207,mRNA
49634,17013546,17013727,181,mRNA
49635,17013285,17013481,196,mRNA
49636,17011952,17012774,822,mRNA
49637,17011614,17011816,202,mRNA
49638,17011154,17011548,394,mRNA
49639,17010263,17010535,272,mRNA
49640,17009501,17010173,672,mRNA
49641,17008846,17008942,96,mRNA
49642,17008597,17008785,188,mRNA
49643,17007906,17008536,630,mRNA
49644,17014949,17015052,103,CDS
49645,17013789,17013996,207,CDS
49646,17013546,17013727,181,CDS
49647,17013285,17013481,196,CDS
49648,17011952,17012708,756,CDS
49649,17011614,17011816,202,CDS
49650,17011154,17011548,394,CDS
49651,17010887,17010976,89,CDS
49652,17010263,17010535,272,CDS
49653,17010053,17010173,120,CDS
49654,17008846,17008942,96,CDS
49655,17008597,17008785,188,CDS
49656,17008455,17008536,81,CDS
49657,17014949,17015052,103,CDS
49658,17013789,17013996,207,CDS
49659,17013546,17013727,181,CDS
49660,17013285,17013481,196,CDS
49661,17011952,17012774,822,CDS
49662,17011614,17011816,202,CDS
49663,17011154,17011548,394,CDS
49664,17010263,17010535,272,CDS
49665,17009501,17010173,672,CDS
49666,17008846,17008942,96,CDS
49667,17008597,17008785,188,CDS
49668,17008455,17008536,81,CDS
49669,17014949,17015052,103,CDS
49670,17013789,17013996,207,CDS
49671,17013546,17013727,181,CDS
49672,17013285,17013481,196,CDS
49673,17011952,17012774,822,CDS
49674,17011614,17011816,202,CDS
49675,17011154,17011548,394,CDS
49676,17010887,17010976,89,CDS
49677,17010263,17010535,272,CDS
49678,17010053,17010173,120,CDS
49679,17008846,17008942,96,CDS
49680,17008597,17008785,188,CDS
49681,17008455,17008536,81,CDS
49682,17014949,17015052,103,CDS
49683,17013789,17013996,207,CDS
49684,17013546,17013727,181,CDS
49685,17013285,17013481,196,CDS
49686,17011952,17012774,822,CDS
49687,17011614,17011816,202,CDS
49688,17011154,17011548,394,CDS
49689,17010887,17010976,89,CDS
49690,17010263,17010535,272,CDS
49691,17010053,17010194,141,CDS
49692,17008846,17008942,96,CDS
49693,17008597,17008785,188,CDS
49694,17008455,17008536,81,CDS
49695,17016226,17019522,3296,gene
49696,17019207,17019522,315,mRNA
49697,17018063,17018925,862,mRNA
49698,17016226,17017799,1573,mRNA
49699,17019433,17019522,89,mRNA
49700,17019207,17019321,114,mRNA
49701,17018063,17018925,862,mRNA
49702,17016346,17017799,1453,mRNA
49703,17019433,17019522,89,mRNA
49704,17019207,17019349,142,mRNA
49705,17018063,17018925,862,mRNA
49706,17016346,17017799,1453,mRNA
49707,17019207,17019522,315,mRNA
49708,17018384,17018925,541,mRNA
49709,17018063,17018266,203,mRNA
49710,17016346,17017799,1453,mRNA
49711,17018384,17018908,524,CDS
49712,17018063,17018266,203,CDS
49713,17016966,17017799,833,CDS
49714,17018063,17018908,845,CDS
49715,17016966,17017799,833,CDS
49716,17018063,17018908,845,CDS
49717,17016966,17017799,833,CDS
49718,17018063,17018908,845,CDS
49719,17016966,17017799,833,CDS
49720,17020027,17026703,6676,gene
49721,17020027,17020241,214,mRNA
49722,17021390,17021790,400,mRNA
49723,17021912,17022549,637,mRNA
49724,17022603,17022726,123,mRNA
49725,17022790,17022980,190,mRNA
49726,17023085,17023578,493,mRNA
49727,17023698,17025291,1593,mRNA
49728,17025359,17025478,119,mRNA
49729,17025534,17025680,146,mRNA
49730,17025745,17026703,958,mRNA
49731,17020027,17020241,214,mRNA
49732,17021390,17021790,400,mRNA
49733,17021912,17022549,637,mRNA
49734,17022603,17022726,123,mRNA
49735,17022790,17022980,190,mRNA
49736,17023085,17023329,244,mRNA
49737,17023389,17023578,189,mRNA
49738,17023698,17025291,1593,mRNA
49739,17025359,17025478,119,mRNA
49740,17025534,17025680,146,mRNA
49741,17025745,17026703,958,mRNA
49742,17021017,17021296,279,mobile_element
49743,17021401,17021790,389,CDS
49744,17021912,17022549,637,CDS
49745,17022603,17022726,123,CDS
49746,17022790,17022980,190,CDS
49747,17023085,17023329,244,CDS
49748,17023389,17023578,189,CDS
49749,17023698,17025291,1593,CDS
49750,17025359,17025478,119,CDS
49751,17025534,17025680,146,CDS
49752,17025745,17026428,683,CDS
49753,17021401,17021790,389,CDS
49754,17021912,17022549,637,CDS
49755,17022603,17022726,123,CDS
49756,17022790,17022980,190,CDS
49757,17023085,17023337,252,CDS
49758,17023652,17026993,3341,gene
49759,17026534,17026993,459,ncRNA
49760,17025353,17026475,1122,ncRNA
49761,17023652,17025287,1635,ncRNA
49762,17026513,17026993,480,ncRNA
49763,17025353,17026444,1091,ncRNA
49764,17023652,17025287,1635,ncRNA
49765,17027190,17044653,17463,gene
49766,17027190,17027339,149,mRNA
49767,17028673,17029021,348,mRNA
49768,17031125,17031917,792,mRNA
49769,17032255,17032347,92,mRNA
49770,17032409,17032466,57,mRNA
49771,17034637,17034776,139,mRNA
49772,17034835,17035008,173,mRNA
49773,17035346,17036407,1061,mRNA
49774,17036817,17036901,84,mRNA
49775,17036971,17037790,819,mRNA
49776,17037846,17038029,183,mRNA
49777,17038096,17038207,111,mRNA
49778,17038273,17038422,149,mRNA
49779,17038479,17038529,50,mRNA
49780,17038595,17038904,309,mRNA
49781,17038963,17039100,137,mRNA
49782,17040388,17040824,436,mRNA
49783,17040896,17041487,591,mRNA
49784,17041555,17041732,177,mRNA
49785,17041800,17041993,193,mRNA
49786,17042055,17043627,1572,mRNA
49787,17043690,17043899,209,mRNA
49788,17043960,17044070,110,mRNA
49789,17044132,17044653,521,mRNA
49790,17027190,17027339,149,mRNA
49791,17028673,17029021,348,mRNA
49792,17031125,17031917,792,mRNA
49793,17032255,17032347,92,mRNA
49794,17032409,17032466,57,mRNA
49795,17034637,17034776,139,mRNA
49796,17034835,17035008,173,mRNA
49797,17035346,17036407,1061,mRNA
49798,17036817,17036901,84,mRNA
49799,17036971,17037790,819,mRNA
49800,17037846,17038029,183,mRNA
49801,17038096,17038207,111,mRNA
49802,17038273,17038422,149,mRNA
49803,17038479,17038529,50,mRNA
49804,17038595,17038904,309,mRNA
49805,17038969,17039100,131,mRNA
49806,17040388,17040824,436,mRNA
49807,17040896,17041487,591,mRNA
49808,17041555,17041732,177,mRNA
49809,17041800,17041993,193,mRNA
49810,17042055,17043627,1572,mRNA
49811,17043690,17043899,209,mRNA
49812,17043960,17044070,110,mRNA
49813,17044132,17044653,521,mRNA
49814,17027190,17027339,149,mRNA
49815,17028673,17029021,348,mRNA
49816,17031125,17031917,792,mRNA
49817,17032255,17032347,92,mRNA
49818,17032409,17032466,57,mRNA
49819,17034637,17034776,139,mRNA
49820,17034835,17035008,173,mRNA
49821,17036817,17036901,84,mRNA
49822,17036971,17037790,819,mRNA
49823,17037846,17038029,183,mRNA
49824,17038096,17038207,111,mRNA
49825,17038273,17038422,149,mRNA
49826,17038479,17038529,50,mRNA
49827,17038595,17038904,309,mRNA
49828,17038963,17039100,137,mRNA
49829,17040388,17040824,436,mRNA
49830,17040896,17041487,591,mRNA
49831,17041555,17041732,177,mRNA
49832,17041800,17041993,193,mRNA
49833,17042055,17043627,1572,mRNA
49834,17043690,17043899,209,mRNA
49835,17043960,17044070,110,mRNA
49836,17044132,17044653,521,mRNA
49837,17027190,17027328,138,mRNA
49838,17028673,17029021,348,mRNA
49839,17031125,17031917,792,mRNA
49840,17032255,17032347,92,mRNA
49841,17032409,17032466,57,mRNA
49842,17034637,17034776,139,mRNA
49843,17034835,17035008,173,mRNA
49844,17035346,17036407,1061,mRNA
49845,17036817,17036901,84,mRNA
49846,17036971,17037790,819,mRNA
49847,17037846,17038029,183,mRNA
49848,17038096,17038207,111,mRNA
49849,17038273,17038422,149,mRNA
49850,17038479,17038529,50,mRNA
49851,17038595,17038904,309,mRNA
49852,17038963,17039100,137,mRNA
49853,17040388,17040824,436,mRNA
49854,17040896,17041487,591,mRNA
49855,17041555,17041732,177,mRNA
49856,17041800,17041993,193,mRNA
49857,17042055,17043627,1572,mRNA
49858,17043690,17043899,209,mRNA
49859,17043960,17044070,110,mRNA
49860,17044132,17044653,521,mRNA
49861,17027190,17027328,138,mRNA
49862,17028673,17029021,348,mRNA
49863,17031125,17031917,792,mRNA
49864,17032255,17032347,92,mRNA
49865,17032409,17032466,57,mRNA
49866,17034637,17034776,139,mRNA
49867,17034835,17035008,173,mRNA
49868,17035655,17036407,752,mRNA
49869,17036817,17036901,84,mRNA
49870,17036971,17037790,819,mRNA
49871,17037846,17038029,183,mRNA
49872,17038096,17038207,111,mRNA
49873,17038273,17038422,149,mRNA
49874,17038479,17038529,50,mRNA
49875,17038595,17038904,309,mRNA
49876,17038963,17039100,137,mRNA
49877,17040388,17040824,436,mRNA
49878,17040896,17041487,591,mRNA
49879,17041555,17041732,177,mRNA
49880,17041800,17041993,193,mRNA
49881,17042055,17043627,1572,mRNA
49882,17043690,17043899,209,mRNA
49883,17043960,17044070,110,mRNA
49884,17044132,17044653,521,mRNA
49885,17028996,17029021,25,CDS
49886,17031125,17031917,792,CDS
49887,17032255,17032347,92,CDS
49888,17032409,17032466,57,CDS
49889,17034637,17034776,139,CDS
49890,17034835,17035008,173,CDS
49891,17035346,17036407,1061,CDS
49892,17036817,17036901,84,CDS
49893,17036971,17037790,819,CDS
49894,17037846,17038029,183,CDS
49895,17038096,17038207,111,CDS
49896,17038273,17038422,149,CDS
49897,17038479,17038529,50,CDS
49898,17038595,17038904,309,CDS
49899,17038963,17039100,137,CDS
49900,17040388,17040824,436,CDS
49901,17040896,17041487,591,CDS
49902,17041555,17041732,177,CDS
49903,17041800,17041993,193,CDS
49904,17042055,17043627,1572,CDS
49905,17043690,17043899,209,CDS
49906,17043960,17044070,110,CDS
49907,17044132,17044320,188,CDS
49908,17028996,17029021,25,CDS
49909,17031125,17031917,792,CDS
49910,17032255,17032347,92,CDS
49911,17032409,17032466,57,CDS
49912,17034637,17034776,139,CDS
49913,17034835,17035008,173,CDS
49914,17035346,17036407,1061,CDS
49915,17036817,17036901,84,CDS
49916,17036971,17037790,819,CDS
49917,17037846,17038029,183,CDS
49918,17038096,17038207,111,CDS
49919,17038273,17038422,149,CDS
49920,17038479,17038529,50,CDS
49921,17038595,17038904,309,CDS
49922,17038963,17039100,137,CDS
49923,17040388,17040824,436,CDS
49924,17040896,17041487,591,CDS
49925,17041555,17041732,177,CDS
49926,17041800,17041993,193,CDS
49927,17042055,17043627,1572,CDS
49928,17043690,17043899,209,CDS
49929,17043960,17044070,110,CDS
49930,17044132,17044320,188,CDS
49931,17028996,17029021,25,CDS
49932,17031125,17031917,792,CDS
49933,17032255,17032347,92,CDS
49934,17032409,17032466,57,CDS
49935,17034637,17034776,139,CDS
49936,17034835,17035008,173,CDS
49937,17035346,17036407,1061,CDS
49938,17036817,17036901,84,CDS
49939,17036971,17037790,819,CDS
49940,17037846,17038029,183,CDS
49941,17038096,17038207,111,CDS
49942,17038273,17038422,149,CDS
49943,17038479,17038529,50,CDS
49944,17038595,17038904,309,CDS
49945,17038969,17039100,131,CDS
49946,17040388,17040824,436,CDS
49947,17040896,17041487,591,CDS
49948,17041555,17041732,177,CDS
49949,17041800,17041993,193,CDS
49950,17042055,17043627,1572,CDS
49951,17043690,17043899,209,CDS
49952,17043960,17044070,110,CDS
49953,17044132,17044320,188,CDS
49954,17028996,17029021,25,CDS
49955,17031125,17031917,792,CDS
49956,17032255,17032347,92,CDS
49957,17032409,17032466,57,CDS
49958,17034637,17034776,139,CDS
49959,17034835,17035008,173,CDS
49960,17035655,17036407,752,CDS
49961,17036817,17036901,84,CDS
49962,17036971,17037790,819,CDS
49963,17037846,17038029,183,CDS
49964,17038096,17038207,111,CDS
49965,17038273,17038422,149,CDS
49966,17038479,17038529,50,CDS
49967,17038595,17038904,309,CDS
49968,17038963,17039100,137,CDS
49969,17040388,17040824,436,CDS
49970,17040896,17041487,591,CDS
49971,17041555,17041732,177,CDS
49972,17041800,17041993,193,CDS
49973,17042055,17043627,1572,CDS
49974,17043690,17043899,209,CDS
49975,17043960,17044070,110,CDS
49976,17044132,17044320,188,CDS
49977,17028996,17029021,25,CDS
49978,17031125,17031917,792,CDS
49979,17032255,17032347,92,CDS
49980,17032409,17032466,57,CDS
49981,17034637,17034776,139,CDS
49982,17034835,17035008,173,CDS
49983,17036817,17036901,84,CDS
49984,17036971,17037790,819,CDS
49985,17037846,17038029,183,CDS
49986,17038096,17038207,111,CDS
49987,17038273,17038422,149,CDS
49988,17038479,17038529,50,CDS
49989,17038595,17038904,309,CDS
49990,17038963,17039100,137,CDS
49991,17040388,17040824,436,CDS
49992,17040896,17041487,591,CDS
49993,17041555,17041732,177,CDS
49994,17041800,17041993,193,CDS
49995,17042055,17043627,1572,CDS
49996,17043690,17043899,209,CDS
49997,17043960,17044070,110,CDS
49998,17044132,17044320,188,CDS
49999,17032487,17034012,1525,gene
50000,17032487,17034012,1525,gene
50001,17032487,17034012,1525,mRNA
50002,17032487,17034012,1525,mRNA
50003,17032487,17033360,873,mRNA
50004,17032572,17033297,725,CDS
50005,17032572,17033297,725,CDS
50006,17033378,17033827,449,CDS
50007,17034045,17034609,564,gene
50008,17034045,17034609,564,mRNA
50009,17034111,17034512,401,CDS
50010,17036695,17037982,1287,gene
50011,17037838,17037982,144,ncRNA
50012,17036695,17037737,1042,ncRNA
50013,17040195,17043298,3103,gene
50014,17043224,17043298,74,ncRNA
50015,17040195,17041495,1300,ncRNA
50016,17044743,17046768,2025,gene
50017,17044743,17044897,154,mRNA
50018,17044962,17045030,68,mRNA
50019,17045082,17046345,1263,mRNA
50020,17046403,17046768,365,mRNA
50021,17044950,17045030,80,mRNA
50022,17045082,17046345,1263,mRNA
50023,17046403,17046768,365,mRNA
50024,17044978,17045030,52,CDS
50025,17045082,17046345,1263,CDS
50026,17046403,17046552,149,CDS
50027,17044978,17045030,52,CDS
50028,17045082,17046345,1263,CDS
50029,17046403,17046552,149,CDS
50030,17046839,17048794,1955,gene
50031,17046839,17046909,70,mRNA
50032,17046965,17047093,128,mRNA
50033,17047151,17048279,1128,mRNA
50034,17048334,17048794,460,mRNA
50035,17046845,17046909,64,CDS
50036,17046965,17047093,128,CDS
50037,17047151,17048279,1128,CDS
50038,17048334,17048507,173,CDS
50039,17048875,17053855,4980,gene
50040,17048875,17049427,552,mRNA
50041,17050009,17050175,166,mRNA
50042,17050233,17050655,422,mRNA
50043,17050717,17051164,447,mRNA
50044,17051822,17053144,1322,mRNA
50045,17053269,17053418,149,mRNA
50046,17053485,17053855,370,mRNA
50047,17049058,17049427,369,mRNA
50048,17050009,17050175,166,mRNA
50049,17050233,17050655,422,mRNA
50050,17050717,17051164,447,mRNA
50051,17053269,17053418,149,mRNA
50052,17053485,17053855,370,mRNA
50053,17049310,17049427,117,CDS
50054,17050009,17050175,166,CDS
50055,17050233,17050655,422,CDS
50056,17050717,17051164,447,CDS
50057,17051822,17053144,1322,CDS
50058,17053269,17053418,149,CDS
50059,17053485,17053525,40,CDS
50060,17049310,17049427,117,CDS
50061,17050009,17050175,166,CDS
50062,17050233,17050655,422,CDS
50063,17050717,17051164,447,CDS
50064,17053269,17053418,149,CDS
50065,17053485,17053525,40,CDS
50066,17054002,17059299,5297,gene
50067,17054002,17054285,283,mRNA
50068,17056934,17057328,394,mRNA
50069,17057389,17057850,461,mRNA
50070,17057913,17058138,225,mRNA
50071,17058192,17059299,1107,mRNA
50072,17054099,17054285,186,CDS
50073,17056934,17057328,394,CDS
50074,17057389,17057850,461,CDS
50075,17057913,17058138,225,CDS
50076,17058192,17059213,1021,CDS
50077,17054546,17056835,2289,gene
50078,17056363,17056835,472,mRNA
50079,17055235,17056298,1063,mRNA
50080,17054546,17055176,630,mRNA
50081,17056363,17056732,369,CDS
50082,17055235,17056298,1063,CDS
50083,17054661,17055176,515,CDS
50084,17059331,17062634,3303,gene
50085,17060858,17062634,1776,mRNA
50086,17059331,17060801,1470,mRNA
50087,17060858,17062634,1776,mRNA
50088,17059871,17060801,930,mRNA
50089,17060858,17062606,1748,CDS
50090,17059944,17060801,857,CDS
50091,17060858,17062606,1748,CDS
50092,17059944,17060801,857,CDS
50093,17062775,17066546,3771,gene
50094,17062775,17062906,131,mRNA
50095,17062964,17064015,1051,mRNA
50096,17064257,17066546,2289,mRNA
50097,17062775,17062906,131,mRNA
50098,17062964,17063106,142,mRNA
50099,17063171,17064015,844,mRNA
50100,17064257,17066546,2289,mRNA
50101,17063184,17064015,831,CDS
50102,17064257,17065719,1462,CDS
50103,17063184,17064015,831,CDS
50104,17064257,17065719,1462,CDS
50105,17065971,17087633,21662,gene
50106,17087223,17087633,410,mRNA
50107,17081113,17081849,736,mRNA
50108,17072530,17072912,382,mRNA
50109,17071972,17072381,409,mRNA
50110,17071727,17071855,128,mRNA
50111,17071120,17071505,385,mRNA
50112,17069899,17070676,777,mRNA
50113,17067526,17069757,2231,mRNA
50114,17065971,17067454,1483,mRNA
50115,17075649,17076149,500,mRNA
50116,17072530,17072912,382,mRNA
50117,17071972,17072381,409,mRNA
50118,17071727,17071855,128,mRNA
50119,17071120,17071505,385,mRNA
50120,17069899,17070676,777,mRNA
50121,17067526,17069757,2231,mRNA
50122,17065971,17067454,1483,mRNA
50123,17075442,17076149,707,mRNA
50124,17072530,17072912,382,mRNA
50125,17071972,17072381,409,mRNA
50126,17071727,17071855,128,mRNA
50127,17067526,17069757,2231,mRNA
50128,17065971,17067454,1483,mRNA
50129,17075442,17076149,707,mRNA
50130,17072530,17072912,382,mRNA
50131,17071972,17072381,409,mRNA
50132,17071727,17071855,128,mRNA
50133,17071120,17071505,385,mRNA
50134,17069899,17070676,777,mRNA
50135,17067526,17069757,2231,mRNA
50136,17065971,17067454,1483,mRNA
50137,17072530,17073052,522,mRNA
50138,17071972,17072381,409,mRNA
50139,17071727,17071855,128,mRNA
50140,17071120,17071505,385,mRNA
50141,17069899,17070676,777,mRNA
50142,17067526,17068215,689,mRNA
50143,17065971,17067454,1483,mRNA
50144,17072530,17073052,522,mRNA
50145,17071972,17072381,409,mRNA
50146,17071727,17071855,128,mRNA
50147,17071120,17071505,385,mRNA
50148,17069899,17070676,777,mRNA
50149,17067526,17069757,2231,mRNA
50150,17065971,17067454,1483,mRNA
50151,17071727,17071945,218,mRNA
50152,17071120,17071505,385,mRNA
50153,17069899,17070676,777,mRNA
50154,17067526,17069757,2231,mRNA
50155,17065971,17067454,1483,mRNA
50156,17072530,17073052,522,mRNA
50157,17071972,17072381,409,mRNA
50158,17071727,17071855,128,mRNA
50159,17067526,17069757,2231,mRNA
50160,17066381,17067454,1073,mRNA
50161,17071727,17071909,182,mRNA
50162,17071120,17071505,385,mRNA
50163,17069899,17070676,777,mRNA
50164,17067526,17068215,689,mRNA
50165,17066574,17067454,880,mRNA
50166,17081113,17081257,144,CDS
50167,17072530,17072912,382,CDS
50168,17071972,17072381,409,CDS
50169,17071727,17071855,128,CDS
50170,17071120,17071505,385,CDS
50171,17069899,17070676,777,CDS
50172,17067526,17069757,2231,CDS
50173,17066782,17067454,672,CDS
50174,17075649,17076057,408,CDS
50175,17072530,17072912,382,CDS
50176,17071972,17072381,409,CDS
50177,17071727,17071855,128,CDS
50178,17071120,17071505,385,CDS
50179,17069899,17070676,777,CDS
50180,17067526,17069757,2231,CDS
50181,17066782,17067454,672,CDS
50182,17075442,17076057,615,CDS
50183,17072530,17072912,382,CDS
50184,17071972,17072381,409,CDS
50185,17071727,17071855,128,CDS
50186,17067526,17069757,2231,CDS
50187,17066782,17067454,672,CDS
50188,17075442,17076057,615,CDS
50189,17072530,17072912,382,CDS
50190,17071972,17072381,409,CDS
50191,17071727,17071855,128,CDS
50192,17071120,17071505,385,CDS
50193,17069899,17070676,777,CDS
50194,17067526,17069757,2231,CDS
50195,17066782,17067454,672,CDS
50196,17071972,17072336,364,CDS
50197,17071727,17071855,128,CDS
50198,17067526,17069757,2231,CDS
50199,17066782,17067454,672,CDS
50200,17071972,17072336,364,CDS
50201,17071727,17071855,128,CDS
50202,17071120,17071505,385,CDS
50203,17069899,17070676,777,CDS
50204,17067526,17068215,689,CDS
50205,17066782,17067454,672,CDS
50206,17071972,17072336,364,CDS
50207,17071727,17071855,128,CDS
50208,17071120,17071505,385,CDS
50209,17069899,17070676,777,CDS
50210,17067526,17069757,2231,CDS
50211,17066782,17067454,672,CDS
50212,17071727,17071866,139,CDS
50213,17071120,17071505,385,CDS
50214,17069899,17070676,777,CDS
50215,17067526,17068215,689,CDS
50216,17066782,17067454,672,CDS
50217,17071727,17071866,139,CDS
50218,17071120,17071505,385,CDS
50219,17069899,17070676,777,CDS
50220,17067526,17069757,2231,CDS
50221,17066782,17067454,672,CDS
50222,17070586,17070688,102,gene
50223,17070586,17070688,102,ncRNA
50224,17088441,17091958,3517,gene
50225,17091810,17091958,148,mRNA
50226,17091359,17091523,164,mRNA
50227,17089714,17090375,661,mRNA
50228,17089210,17089658,448,mRNA
50229,17089005,17089151,146,mRNA
50230,17088441,17088945,504,mRNA
50231,17091359,17091609,250,mRNA
50232,17089714,17090375,661,mRNA
50233,17089210,17089658,448,mRNA
50234,17089005,17089151,146,mRNA
50235,17088441,17088945,504,mRNA
50236,17091359,17091512,153,CDS
50237,17089714,17090375,661,CDS
50238,17089210,17089658,448,CDS
50239,17089005,17089151,146,CDS
50240,17088720,17088945,225,CDS
50241,17091359,17091512,153,CDS
50242,17089714,17090375,661,CDS
50243,17089210,17089658,448,CDS
50244,17089005,17089151,146,CDS
50245,17088720,17088945,225,CDS
50246,17091984,17093070,1086,gene
50247,17091984,17092491,507,mRNA
50248,17092549,17093070,521,mRNA
50249,17092013,17092491,478,CDS
50250,17092549,17092927,378,CDS
50251,17093246,17099501,6255,gene
50252,17099492,17099501,9,mRNA
50253,17094765,17095060,295,mRNA
50254,17094517,17094696,179,mRNA
50255,17094316,17094449,133,mRNA
50256,17093246,17094228,982,mRNA
50257,17096804,17096977,173,mRNA
50258,17094765,17095060,295,mRNA
50259,17094529,17094696,167,mRNA
50260,17094316,17094458,142,mRNA
50261,17093246,17094228,982,mRNA
50262,17097228,17097436,208,mRNA
50263,17094765,17095060,295,mRNA
50264,17094529,17094696,167,mRNA
50265,17094316,17094458,142,mRNA
50266,17093643,17094228,585,mRNA
50267,17099492,17099501,9,mRNA
50268,17098126,17098306,180,mRNA
50269,17097228,17097535,307,mRNA
50270,17094765,17095060,295,mRNA
50271,17094529,17094696,167,mRNA
50272,17094316,17094458,142,mRNA
50273,17093874,17094228,354,mRNA
50274,17094765,17095035,270,CDS
50275,17094529,17094696,167,CDS
50276,17094316,17094458,142,CDS
50277,17094061,17094228,167,CDS
50278,17094765,17095035,270,CDS
50279,17094529,17094696,167,CDS
50280,17094316,17094458,142,CDS
50281,17094061,17094228,167,CDS
50282,17094765,17095035,270,CDS
50283,17094529,17094696,167,CDS
50284,17094316,17094458,142,CDS
50285,17094061,17094228,167,CDS
50286,17094765,17095035,270,CDS
50287,17094517,17094696,179,CDS
50288,17094316,17094449,133,CDS
50289,17094061,17094228,167,CDS
50290,17100241,17107542,7301,gene
50291,17100241,17100388,147,mRNA
50292,17102512,17103687,1175,mRNA
50293,17105598,17105696,98,mRNA
50294,17105760,17106057,297,mRNA
50295,17106117,17106203,86,mRNA
50296,17106266,17106370,104,mRNA
50297,17106432,17106566,134,mRNA
50298,17106633,17107542,909,mRNA
50299,17102867,17103687,820,CDS
50300,17105598,17105696,98,CDS
50301,17105760,17106057,297,CDS
50302,17106117,17106203,86,CDS
50303,17106266,17106370,104,CDS
50304,17106432,17106566,134,CDS
50305,17106633,17107136,503,CDS
50306,17102959,17103687,728,mRNA
50307,17105598,17105696,98,mRNA
50308,17105760,17106057,297,mRNA
50309,17106117,17106203,86,mRNA
50310,17106266,17106370,104,mRNA
50311,17106432,17106566,134,mRNA
50312,17106633,17107542,909,mRNA
50313,17103137,17103687,550,CDS
50314,17105598,17105696,98,CDS
50315,17105760,17106057,297,CDS
50316,17106117,17106203,86,CDS
50317,17106266,17106370,104,CDS
50318,17106432,17106566,134,CDS
50319,17106633,17107136,503,CDS
50320,17104455,17104661,206,mRNA
50321,17105764,17106057,293,mRNA
50322,17106117,17106203,86,mRNA
50323,17106266,17106370,104,mRNA
50324,17106432,17106566,134,mRNA
50325,17106633,17107542,909,mRNA
50326,17104455,17104661,206,CDS
50327,17105764,17106057,293,CDS
50328,17106117,17106203,86,CDS
50329,17106266,17106370,104,CDS
50330,17106432,17106566,134,CDS
50331,17106633,17107136,503,CDS
50332,17108844,17114360,5516,gene
50333,17108844,17109276,432,mRNA
50334,17109943,17110074,131,mRNA
50335,17110167,17110500,333,mRNA
50336,17113318,17113404,86,mRNA
50337,17113468,17113572,104,mRNA
50338,17113629,17113760,131,mRNA
50339,17113825,17114360,535,mRNA
50340,17108844,17109276,432,mRNA
50341,17110167,17110500,333,mRNA
50342,17113318,17113404,86,mRNA
50343,17113468,17113572,104,mRNA
50344,17113629,17113760,131,mRNA
50345,17113825,17114360,535,mRNA
50346,17108993,17109276,283,CDS
50347,17109943,17110074,131,CDS
50348,17110167,17110500,333,CDS
50349,17113318,17113404,86,CDS
50350,17113468,17113572,104,CDS
50351,17113629,17113760,131,CDS
50352,17113825,17114277,452,CDS
50353,17108993,17109276,283,CDS
50354,17110167,17110500,333,CDS
50355,17113318,17113404,86,CDS
50356,17113468,17113572,104,CDS
50357,17113629,17113760,131,CDS
50358,17113825,17114277,452,CDS
50359,17118636,17120303,1667,gene
50360,17118636,17120303,1667,mRNA
50361,17118709,17120303,1594,mRNA
50362,17118786,17120270,1484,CDS
50363,17118786,17120270,1484,CDS
50364,17121095,17124636,3541,gene
50365,17121095,17124636,3541,ncRNA
50366,17122898,17124237,1339,gene
50367,17123210,17124237,1027,mRNA
50368,17122898,17123148,250,mRNA
50369,17123210,17124227,1017,CDS
50370,17123027,17123148,121,CDS
50371,17124764,17126369,1605,gene
50372,17124764,17126369,1605,mRNA
50373,17124800,17126284,1484,CDS
50374,17126410,17127023,613,gene
50375,17126410,17127023,613,mRNA
50376,17126501,17126959,458,CDS
50377,17128480,17130334,1854,gene
50378,17128480,17129051,571,mRNA
50379,17129158,17129882,724,mRNA
50380,17129995,17130334,339,mRNA
50381,17128811,17129051,240,mRNA
50382,17129158,17129882,724,mRNA
50383,17129995,17130334,339,mRNA
50384,17128833,17129051,218,CDS
50385,17129158,17129882,724,CDS
50386,17129995,17130244,249,CDS
50387,17128833,17129051,218,CDS
50388,17129158,17129882,724,CDS
50389,17129995,17130244,249,CDS
50390,17131045,17131552,507,gene
50391,17131045,17131552,507,ncRNA
50392,17132635,17132706,71,mobile_element
50393,17133445,17133750,305,gene
50394,17133445,17133750,305,mRNA
50395,17133523,17133663,140,CDS
50396,17134129,17135345,1216,gene
50397,17134129,17135345,1216,mRNA
50398,17134129,17134852,723,mRNA
50399,17134208,17134804,596,CDS
50400,17134208,17134804,596,CDS
50401,17135185,17135264,79,mobile_element
50402,17135595,17136325,730,gene
50403,17135595,17136325,730,exon
50404,17136451,17136903,452,gene
50405,17136451,17136903,452,mRNA
50406,17136498,17136854,356,CDS
50407,17137240,17139595,2355,gene
50408,17137240,17137413,173,mRNA
50409,17137491,17139595,2104,mRNA
50410,17137240,17137413,173,mRNA
50411,17137491,17138831,1340,mRNA
50412,17137292,17137413,121,CDS
50413,17137491,17138739,1248,CDS
50414,17137292,17137413,121,CDS
50415,17137491,17138739,1248,CDS
50416,17139450,17139931,481,gene
50417,17139450,17139931,481,mRNA
50418,17139639,17139872,233,CDS
50419,17140495,17140865,370,gene
50420,17140495,17140865,370,mRNA
50421,17140579,17141194,615,gene
50422,17140579,17140869,290,ncRNA
50423,17140927,17141194,267,ncRNA
50424,17140630,17140821,191,CDS
50425,17143521,17143693,172,gene
50426,17143521,17143693,172,ncRNA
50427,17143965,17144046,81,gene
50428,17143965,17144046,81,tRNA
50429,17145300,17145381,81,gene
50430,17145300,17145381,81,tRNA
50431,17145654,17145826,172,gene
50432,17145654,17145826,172,ncRNA
50433,17146015,17146175,160,mobile_element
50434,17147305,17152263,4958,mobile_element
50435,17154589,17157125,2536,gene
50436,17154589,17154744,155,mRNA
50437,17154839,17157125,2286,mRNA
50438,17154697,17154744,47,mRNA
50439,17154839,17155230,391,mRNA
50440,17154742,17154744,2,CDS
50441,17154839,17155135,296,CDS
50442,17154742,17154744,2,CDS
50443,17154839,17155135,296,CDS
50444,17156534,17158316,1782,gene
50445,17156534,17158316,1782,mRNA
50446,17157174,17158190,1016,CDS
50447,17158325,17159038,713,gene
50448,17158980,17159038,58,mRNA
50449,17158325,17158879,554,mRNA
50450,17158980,17158982,2,CDS
50451,17158445,17158879,434,CDS
50452,17160122,17160829,707,gene
50453,17160783,17160829,46,mRNA
50454,17160122,17160720,598,mRNA
50455,17160783,17160785,2,CDS
50456,17160154,17160720,566,CDS
50457,17165084,17166643,1559,gene
50458,17166453,17166643,190,mRNA
50459,17165084,17166381,1297,mRNA
50460,17166453,17166505,52,mRNA
50461,17165461,17166381,920,mRNA
50462,17166453,17166455,2,CDS
50463,17165548,17166381,833,CDS
50464,17166453,17166455,2,CDS
50465,17165548,17166381,833,CDS
50466,17176410,17182541,6131,mobile_element
50467,17185096,17185595,499,gene
50468,17185096,17185595,499,ncRNA
50469,17187504,17187678,174,gene
50470,17187504,17187678,174,mRNA
50471,17187579,17187671,92,CDS
50472,17188796,17189095,299,gene
50473,17188796,17189095,299,ncRNA
50474,17189305,17189945,640,gene
50475,17189305,17189945,640,ncRNA
50476,17195203,17197159,1956,gene
50477,17195203,17195262,59,mRNA
50478,17195316,17197159,1843,mRNA
50479,17195373,17197133,1760,CDS
50480,17205208,17205743,535,gene
50481,17205208,17205254,46,mRNA
50482,17205309,17205743,434,mRNA
50483,17205335,17205577,242,CDS
50484,17216549,17379376,162827,gene
50485,17216549,17217075,526,mRNA
50486,17220055,17220103,48,mRNA
50487,17275410,17276063,653,mRNA
50488,17351094,17351264,170,mRNA
50489,17352129,17352305,176,mRNA
50490,17359306,17359557,251,mRNA
50491,17361980,17362097,117,mRNA
50492,17371095,17371153,58,mRNA
50493,17373077,17373161,84,mRNA
50494,17373818,17379376,5558,mRNA
50495,17236564,17241709,5145,mobile_element
50496,17245061,17245501,440,gene
50497,17245061,17245501,440,ncRNA
50498,17245769,17246277,508,gene
50499,17245769,17246277,508,mRNA
50500,17245883,17246269,386,CDS
50501,17246530,17247383,853,gene
50502,17247317,17247383,66,mRNA
50503,17246530,17247228,698,mRNA
50504,17246785,17247222,437,CDS
50505,17253156,17255104,1948,gene
50506,17254973,17255104,131,ncRNA
50507,17254528,17254616,88,ncRNA
50508,17253156,17254462,1306,ncRNA
50509,17255241,17255737,496,gene
50510,17255241,17255384,143,mRNA
50511,17255443,17255737,294,mRNA
50512,17255241,17255387,146,mRNA
50513,17255443,17255705,262,mRNA
50514,17255479,17255652,173,CDS
50515,17255479,17255652,173,CDS
50516,17257156,17257886,730,gene
50517,17257785,17257886,101,mRNA
50518,17257156,17257709,553,mRNA
50519,17257785,17257811,26,CDS
50520,17257335,17257709,374,CDS
50521,17262339,17262748,409,gene
50522,17262339,17262748,409,ncRNA
50523,17265518,17266211,693,mRNA
50524,17275410,17276063,653,mRNA
50525,17351094,17351264,170,mRNA
50526,17352129,17352305,176,mRNA
50527,17361113,17361154,41,mRNA
50528,17361980,17362097,117,mRNA
50529,17373077,17373161,84,mRNA
50530,17373818,17379376,5558,mRNA
50531,17265518,17266211,693,mRNA
50532,17275410,17276063,653,mRNA
50533,17351094,17351264,170,mRNA
50534,17352129,17352305,176,mRNA
50535,17361980,17362097,117,mRNA
50536,17371095,17371153,58,mRNA
50537,17373077,17373161,84,mRNA
50538,17373818,17379376,5558,mRNA
50539,17265518,17266211,693,mRNA
50540,17275410,17276063,653,mRNA
50541,17351094,17351264,170,mRNA
50542,17352129,17352305,176,mRNA
50543,17361980,17362097,117,mRNA
50544,17373818,17379376,5558,mRNA
50545,17265518,17266211,693,mRNA
50546,17275410,17276063,653,mRNA
50547,17351094,17351264,170,mRNA
50548,17352129,17352305,176,mRNA
50549,17354179,17354463,284,mRNA
50550,17361113,17361154,41,mRNA
50551,17361980,17365386,3406,mRNA
50552,17265518,17266211,693,mRNA
50553,17275410,17276063,653,mRNA
50554,17351094,17351264,170,mRNA
50555,17352129,17352305,176,mRNA
50556,17354179,17354412,233,mRNA
50557,17361113,17361154,41,mRNA
50558,17361980,17365386,3406,mRNA
50559,17265518,17266211,693,mRNA
50560,17275410,17276063,653,mRNA
50561,17351094,17351264,170,mRNA
50562,17352129,17352305,176,mRNA
50563,17354179,17354412,233,mRNA
50564,17361980,17365386,3406,mRNA
50565,17265518,17266211,693,mRNA
50566,17275410,17276063,653,mRNA
50567,17351094,17351264,170,mRNA
50568,17352129,17352305,176,mRNA
50569,17361113,17361154,41,mRNA
50570,17361980,17362097,117,mRNA
50571,17362272,17365386,3114,mRNA
50572,17265518,17266211,693,mRNA
50573,17275410,17276063,653,mRNA
50574,17351094,17351264,170,mRNA
50575,17352129,17352305,176,mRNA
50576,17361980,17362097,117,mRNA
50577,17362272,17365386,3114,mRNA
50578,17265518,17266053,535,mRNA
50579,17275410,17276063,653,mRNA
50580,17351094,17351264,170,mRNA
50581,17352129,17352305,176,mRNA
50582,17354179,17354412,233,mRNA
50583,17359306,17359557,251,mRNA
50584,17361980,17362097,117,mRNA
50585,17362272,17365386,3114,mRNA
50586,17265518,17266053,535,mRNA
50587,17275410,17276063,653,mRNA
50588,17351094,17351264,170,mRNA
50589,17352129,17352305,176,mRNA
50590,17359306,17359557,251,mRNA
50591,17361980,17362097,117,mRNA
50592,17362272,17365386,3114,mRNA
50593,17265518,17266211,693,mRNA
50594,17275410,17276063,653,mRNA
50595,17351094,17351264,170,mRNA
50596,17352129,17352305,176,mRNA
50597,17359306,17361486,2180,mRNA
50598,17265518,17266211,693,mRNA
50599,17275410,17276063,653,mRNA
50600,17351094,17351264,170,mRNA
50601,17352129,17353551,1422,mRNA
50602,17275875,17276063,188,CDS
50603,17351094,17351264,170,CDS
50604,17352129,17352305,176,CDS
50605,17359306,17359557,251,CDS
50606,17361980,17362097,117,CDS
50607,17371095,17371153,58,CDS
50608,17373077,17373161,84,CDS
50609,17373818,17374770,952,CDS
50610,17275875,17276063,188,CDS
50611,17351094,17351264,170,CDS
50612,17352129,17352305,176,CDS
50613,17361980,17362097,117,CDS
50614,17371095,17371153,58,CDS
50615,17373077,17373161,84,CDS
50616,17373818,17374770,952,CDS
50617,17275875,17276063,188,CDS
50618,17351094,17351264,170,CDS
50619,17352129,17352305,176,CDS
50620,17361980,17362097,117,CDS
50621,17373818,17374770,952,CDS
50622,17275875,17276063,188,CDS
50623,17351094,17351264,170,CDS
50624,17352129,17352305,176,CDS
50625,17361113,17361154,41,CDS
50626,17361980,17362097,117,CDS
50627,17373077,17373111,34,CDS
50628,17275875,17276063,188,CDS
50629,17351094,17351264,170,CDS
50630,17352129,17352305,176,CDS
50631,17354179,17354463,284,CDS
50632,17361113,17361154,41,CDS
50633,17361980,17363986,2006,CDS
50634,17275875,17276063,188,CDS
50635,17351094,17351264,170,CDS
50636,17352129,17352305,176,CDS
50637,17354179,17354412,233,CDS
50638,17359306,17359557,251,CDS
50639,17361980,17362097,117,CDS
50640,17362272,17363986,1714,CDS
50641,17275875,17276063,188,CDS
50642,17351094,17351264,170,CDS
50643,17352129,17352305,176,CDS
50644,17354179,17354412,233,CDS
50645,17361113,17361154,41,CDS
50646,17361980,17363986,2006,CDS
50647,17275875,17276063,188,CDS
50648,17351094,17351264,170,CDS
50649,17352129,17352305,176,CDS
50650,17354179,17354412,233,CDS
50651,17361980,17363986,2006,CDS
50652,17275875,17276063,188,CDS
50653,17351094,17351264,170,CDS
50654,17352129,17352305,176,CDS
50655,17359306,17359557,251,CDS
50656,17361980,17362097,117,CDS
50657,17362272,17363986,1714,CDS
50658,17275875,17276063,188,CDS
50659,17351094,17351264,170,CDS
50660,17352129,17352305,176,CDS
50661,17361113,17361154,41,CDS
50662,17361980,17362097,117,CDS
50663,17362272,17363986,1714,CDS
50664,17275875,17276063,188,CDS
50665,17351094,17351264,170,CDS
50666,17352129,17352305,176,CDS
50667,17361980,17362097,117,CDS
50668,17362272,17363986,1714,CDS
50669,17275875,17276063,188,CDS
50670,17351094,17351264,170,CDS
50671,17352129,17352305,176,CDS
50672,17359306,17359662,356,CDS
50673,17275875,17276063,188,CDS
50674,17351094,17351264,170,CDS
50675,17352129,17352380,251,CDS
50676,17277272,17277615,343,mobile_element
50677,17306759,17307302,543,gene
50678,17307132,17307302,170,ncRNA
50679,17306759,17307079,320,ncRNA
50680,17386841,17389081,2240,gene
50681,17388364,17389081,717,ncRNA
50682,17387579,17387993,414,ncRNA
50683,17387380,17387521,141,ncRNA
50684,17386841,17387133,292,ncRNA
50685,17391774,17391845,71,gene
50686,17391774,17391845,71,tRNA
50687,17392215,17392286,71,gene
50688,17392215,17392286,71,tRNA
50689,17394593,17405171,10578,gene
50690,17394593,17395026,433,mRNA
50691,17403889,17405171,1282,mRNA
50692,17403897,17404787,890,CDS
50693,17405304,17407427,2123,gene
50694,17407241,17407427,186,mRNA
50695,17406875,17407055,180,mRNA
50696,17406037,17406801,764,mRNA
50697,17405304,17405983,679,mRNA
50698,17406875,17407150,275,mRNA
50699,17406037,17406801,764,mRNA
50700,17405304,17405983,679,mRNA
50701,17407241,17407348,107,CDS
50702,17406875,17407055,180,CDS
50703,17406037,17406801,764,CDS
50704,17405481,17405983,502,CDS
50705,17406875,17406959,84,CDS
50706,17406037,17406801,764,CDS
50707,17405481,17405983,502,CDS
50708,17408258,17410204,1946,gene
50709,17410103,17410204,101,mRNA
50710,17409765,17409995,230,mRNA
50711,17409132,17409611,479,mRNA
50712,17408258,17408989,731,mRNA
50713,17410103,17410111,8,CDS
50714,17409765,17409995,230,CDS
50715,17409132,17409611,479,CDS
50716,17408723,17408989,266,CDS
50717,17412767,17413769,1002,gene
50718,17412767,17412843,76,mRNA
50719,17412905,17413043,138,mRNA
50720,17413102,17413769,667,mRNA
50721,17412839,17413043,204,mRNA
50722,17413102,17413769,667,mRNA
50723,17412911,17413043,132,CDS
50724,17413102,17413703,601,CDS
50725,17412911,17413043,132,CDS
50726,17413102,17413703,601,CDS
50727,17413970,17420007,6037,gene
50728,17419411,17420007,596,mRNA
50729,17419084,17419247,163,mRNA
50730,17413970,17419024,5054,mRNA
50731,17419411,17419588,177,mRNA
50732,17419084,17419247,163,mRNA
50733,17413970,17419024,5054,mRNA
50734,17419411,17419468,57,CDS
50735,17419084,17419247,163,CDS
50736,17414573,17419024,4451,CDS
50737,17419411,17419468,57,CDS
50738,17419084,17419247,163,CDS
50739,17414573,17419024,4451,CDS
50740,17420407,17425679,5272,gene
50741,17420407,17421946,1539,mRNA
50742,17423656,17423963,307,mRNA
50743,17424028,17424134,106,mRNA
50744,17424198,17424505,307,mRNA
50745,17424573,17424759,186,mRNA
50746,17424819,17425412,593,mRNA
50747,17425470,17425679,209,mRNA
50748,17420407,17420573,166,mRNA
50749,17421448,17421946,498,mRNA
50750,17423656,17423963,307,mRNA
50751,17424028,17424134,106,mRNA
50752,17424198,17424505,307,mRNA
50753,17424573,17424759,186,mRNA
50754,17424819,17425412,593,mRNA
50755,17425470,17425679,209,mRNA
50756,17420407,17420573,166,mRNA
50757,17423656,17423963,307,mRNA
50758,17424028,17424134,106,mRNA
50759,17424198,17424505,307,mRNA
50760,17424573,17424759,186,mRNA
50761,17424819,17425412,593,mRNA
50762,17425470,17425679,209,mRNA
50763,17420509,17420573,64,CDS
50764,17423656,17423963,307,CDS
50765,17424028,17424134,106,CDS
50766,17424198,17424505,307,CDS
50767,17424573,17424759,186,CDS
50768,17424819,17425412,593,CDS
50769,17425470,17425586,116,CDS
50770,17421377,17421946,569,mRNA
50771,17423656,17423963,307,mRNA
50772,17424028,17424134,106,mRNA
50773,17424198,17424505,307,mRNA
50774,17424573,17424759,186,mRNA
50775,17424819,17425412,593,mRNA
50776,17425470,17425679,209,mRNA
50777,17421687,17421946,259,CDS
50778,17423656,17423963,307,CDS
50779,17424028,17424134,106,CDS
50780,17424198,17424505,307,CDS
50781,17424573,17424759,186,CDS
50782,17424819,17425412,593,CDS
50783,17425470,17425586,116,CDS
50784,17421687,17421946,259,CDS
50785,17423656,17423963,307,CDS
50786,17424028,17424134,106,CDS
50787,17424198,17424505,307,CDS
50788,17424573,17424759,186,CDS
50789,17424819,17425412,593,CDS
50790,17425470,17425586,116,CDS
50791,17421687,17421946,259,CDS
50792,17423656,17423963,307,CDS
50793,17424028,17424134,106,CDS
50794,17424198,17424505,307,CDS
50795,17424573,17424759,186,CDS
50796,17424819,17425412,593,CDS
50797,17425470,17425586,116,CDS
50798,17425670,17427511,1841,gene
50799,17426432,17427511,1079,mRNA
50800,17425670,17426371,701,mRNA
50801,17426432,17427421,989,CDS
50802,17425703,17426371,668,CDS
50803,17427795,17429315,1520,gene
50804,17427795,17428093,298,mRNA
50805,17428164,17428943,779,mRNA
50806,17429003,17429315,312,mRNA
50807,17427953,17428093,140,mRNA
50808,17428164,17428943,779,mRNA
50809,17429003,17429315,312,mRNA
50810,17427953,17428093,140,mRNA
50811,17428164,17428943,779,mRNA
50812,17429003,17429315,312,mRNA
50813,17428043,17428093,50,CDS
50814,17428164,17428943,779,CDS
50815,17429003,17429254,251,CDS
50816,17428043,17428093,50,CDS
50817,17428164,17428943,779,CDS
50818,17429003,17429041,38,CDS
50819,17428043,17428093,50,CDS
50820,17428164,17428943,779,CDS
50821,17429003,17429041,38,CDS
50822,17429353,17430963,1610,gene
50823,17430642,17430963,321,mRNA
50824,17429720,17430562,842,mRNA
50825,17429353,17429660,307,mRNA
50826,17430642,17430840,198,CDS
50827,17429720,17430562,842,CDS
50828,17429425,17429660,235,CDS
50829,17431032,17432219,1187,gene
50830,17431032,17432219,1187,mRNA
50831,17431160,17432164,1004,CDS
50832,17432173,17444938,12765,gene
50833,17444336,17444938,602,mRNA
50834,17434125,17434975,850,mRNA
50835,17433420,17434058,638,mRNA
50836,17433191,17433334,143,mRNA
50837,17432774,17433130,356,mRNA
50838,17432173,17432708,535,mRNA
50839,17444336,17444938,602,mRNA
50840,17434125,17434975,850,mRNA
50841,17433420,17434058,638,mRNA
50842,17433191,17433355,164,mRNA
50843,17432774,17433130,356,mRNA
50844,17432173,17432708,535,mRNA
50845,17444336,17444452,116,CDS
50846,17434125,17434975,850,CDS
50847,17433420,17434058,638,CDS
50848,17433191,17433334,143,CDS
50849,17432774,17433130,356,CDS
50850,17432573,17432708,135,CDS
50851,17444336,17444452,116,CDS
50852,17434125,17434975,850,CDS
50853,17433420,17434058,638,CDS
50854,17433191,17433355,164,CDS
50855,17432774,17433130,356,CDS
50856,17432573,17432708,135,CDS
50857,17440297,17442483,2186,gene
50858,17440297,17440754,457,mRNA
50859,17440814,17440875,61,mRNA
50860,17441487,17441617,130,mRNA
50861,17441673,17442483,810,mRNA
50862,17441515,17441617,102,CDS
50863,17441673,17442283,610,CDS
50864,17445185,17447483,2298,gene
50865,17446737,17447483,746,mRNA
50866,17446527,17446677,150,mRNA
50867,17446294,17446470,176,mRNA
50868,17445977,17446231,254,mRNA
50869,17445751,17445919,168,mRNA
50870,17445490,17445684,194,mRNA
50871,17445185,17445420,235,mRNA
50872,17446737,17447228,491,CDS
50873,17446527,17446677,150,CDS
50874,17446294,17446470,176,CDS
50875,17445977,17446231,254,CDS
50876,17445751,17445919,168,CDS
50877,17445490,17445684,194,CDS
50878,17445306,17445420,114,CDS
50879,17448296,17448356,60,mobile_element
50880,17448533,17452598,4065,gene
50881,17452453,17452598,145,mRNA
50882,17450529,17451032,503,mRNA
50883,17450319,17450469,150,mRNA
50884,17450086,17450262,176,mRNA
50885,17449769,17450023,254,mRNA
50886,17449537,17449708,171,mRNA
50887,17449265,17449459,194,mRNA
50888,17449111,17449202,91,mRNA
50889,17448533,17448825,292,mRNA
50890,17452142,17452598,456,mRNA
50891,17450529,17451032,503,mRNA
50892,17450319,17450469,150,mRNA
50893,17450086,17450262,176,mRNA
50894,17449769,17450023,254,mRNA
50895,17449537,17449708,171,mRNA
50896,17449265,17449459,194,mRNA
50897,17449111,17449202,91,mRNA
50898,17448533,17448825,292,mRNA
50899,17451089,17451296,207,mRNA
50900,17450529,17451032,503,mRNA
50901,17450319,17450469,150,mRNA
50902,17450086,17450262,176,mRNA
50903,17449769,17450023,254,mRNA
50904,17449537,17449708,171,mRNA
50905,17449265,17449459,194,mRNA
50906,17449111,17449202,91,mRNA
50907,17448533,17448825,292,mRNA
50908,17450529,17451029,500,CDS
50909,17450319,17450469,150,CDS
50910,17450086,17450262,176,CDS
50911,17449769,17450023,254,CDS
50912,17449537,17449708,171,CDS
50913,17449265,17449459,194,CDS
50914,17449118,17449202,84,CDS
50915,17450529,17451029,500,CDS
50916,17450319,17450469,150,CDS
50917,17450086,17450262,176,CDS
50918,17449769,17450023,254,CDS
50919,17449537,17449708,171,CDS
50920,17449265,17449459,194,CDS
50921,17449118,17449202,84,CDS
50922,17450529,17451029,500,CDS
50923,17450319,17450469,150,CDS
50924,17450086,17450262,176,CDS
50925,17449769,17450023,254,CDS
50926,17449537,17449708,171,CDS
50927,17449265,17449459,194,CDS
50928,17449118,17449202,84,CDS
50929,17451544,17452021,477,mobile_element
50930,17453399,17455729,2330,gene
50931,17453399,17453632,233,mRNA
50932,17453896,17453941,45,mRNA
50933,17454029,17454174,145,mRNA
50934,17454227,17454832,605,mRNA
50935,17454909,17454957,48,mRNA
50936,17455053,17455189,136,mRNA
50937,17455248,17455729,481,mRNA
50938,17453422,17453632,210,CDS
50939,17453896,17453941,45,CDS
50940,17454029,17454174,145,CDS
50941,17454227,17454832,605,CDS
50942,17454909,17454957,48,CDS
50943,17455053,17455189,136,CDS
50944,17455248,17455624,376,CDS
50945,17455743,17456441,698,gene
50946,17456373,17456441,68,mRNA
50947,17456138,17456293,155,mRNA
50948,17455743,17456078,335,mRNA
50949,17456138,17456197,59,mRNA
50950,17455743,17456078,335,mRNA
50951,17456138,17456161,23,CDS
50952,17455764,17456078,314,CDS
50953,17456138,17456161,23,CDS
50954,17455764,17456078,314,CDS
50955,17456472,17457129,657,gene
50956,17456472,17456573,101,mRNA
50957,17456637,17456715,78,mRNA
50958,17456784,17457129,345,mRNA
50959,17456571,17456573,2,CDS
50960,17456637,17456715,78,CDS
50961,17456784,17456995,211,CDS
50962,17457663,17465795,8132,gene
50963,17457663,17457872,209,mRNA
50964,17461994,17465795,3801,mRNA
50965,17457663,17457872,209,mRNA
50966,17461994,17465580,3586,mRNA
50967,17458816,17459079,263,mRNA
50968,17461994,17465580,3586,mRNA
50969,17460598,17460666,68,mRNA
50970,17461994,17465580,3586,mRNA
50971,17462695,17464233,1538,CDS
50972,17462695,17464233,1538,CDS
50973,17462695,17464233,1538,CDS
50974,17462695,17464233,1538,CDS
50975,17463629,17463729,100,mobile_element
50976,17465879,17469177,3298,gene
50977,17468773,17469177,404,mRNA
50978,17468059,17468702,643,mRNA
50979,17467075,17467993,918,mRNA
50980,17465879,17467012,1133,mRNA
50981,17468773,17469067,294,CDS
50982,17468059,17468702,643,CDS
50983,17467075,17467993,918,CDS
50984,17466420,17467012,592,CDS
50985,17469624,17475129,5505,gene
50986,17469624,17469717,93,mRNA
50987,17470577,17470886,309,mRNA
50988,17470942,17471066,124,mRNA
50989,17471172,17471623,451,mRNA
50990,17471694,17471795,101,mRNA
50991,17471855,17472075,220,mRNA
50992,17472136,17472434,298,mRNA
50993,17472493,17472809,316,mRNA
50994,17473087,17475129,2042,mRNA
50995,17469624,17469717,93,mRNA
50996,17470577,17470886,309,mRNA
50997,17470942,17471066,124,mRNA
50998,17471172,17471623,451,mRNA
50999,17471694,17471795,101,mRNA
51000,17471855,17472075,220,mRNA
51001,17472136,17472434,298,mRNA
51002,17472493,17472809,316,mRNA
51003,17473087,17474648,1561,mRNA
51004,17469624,17469717,93,mRNA
51005,17470567,17470886,319,mRNA
51006,17470942,17471066,124,mRNA
51007,17471172,17471623,451,mRNA
51008,17471694,17471795,101,mRNA
51009,17471855,17472075,220,mRNA
51010,17472136,17472434,298,mRNA
51011,17472493,17472809,316,mRNA
51012,17473087,17473357,270,mRNA
51013,17469746,17470204,458,mRNA
51014,17470577,17470886,309,mRNA
51015,17470942,17471066,124,mRNA
51016,17471172,17471623,451,mRNA
51017,17471694,17471795,101,mRNA
51018,17471855,17472075,220,mRNA
51019,17472136,17472434,298,mRNA
51020,17472493,17472804,311,mRNA
51021,17473087,17473357,270,mRNA
51022,17470610,17470886,276,CDS
51023,17470942,17471066,124,CDS
51024,17471172,17471623,451,CDS
51025,17471694,17471795,101,CDS
51026,17471855,17472075,220,CDS
51027,17472136,17472434,298,CDS
51028,17472493,17472809,316,CDS
51029,17473087,17473147,60,CDS
51030,17470610,17470886,276,CDS
51031,17470942,17471066,124,CDS
51032,17471172,17471623,451,CDS
51033,17471694,17471795,101,CDS
51034,17471855,17472075,220,CDS
51035,17472136,17472245,109,CDS
51036,17470610,17470886,276,CDS
51037,17470942,17471066,124,CDS
51038,17471172,17471623,451,CDS
51039,17471694,17471795,101,CDS
51040,17471855,17472075,220,CDS
51041,17472136,17472245,109,CDS
51042,17470610,17470886,276,CDS
51043,17470942,17471066,124,CDS
51044,17471172,17471623,451,CDS
51045,17471694,17471795,101,CDS
51046,17471855,17472075,220,CDS
51047,17472136,17472245,109,CDS
51048,17475214,17476272,1058,gene
51049,17475214,17476272,1058,mRNA
51050,17475214,17476067,853,mRNA
51051,17475436,17475966,530,CDS
51052,17475436,17475966,530,CDS
51053,17477565,17486220,8655,gene
51054,17483822,17486220,2398,mRNA
51055,17483698,17483740,42,mRNA
51056,17483492,17483637,145,mRNA
51057,17482906,17483433,527,mRNA
51058,17482791,17482839,48,mRNA
51059,17482619,17482725,106,mRNA
51060,17477565,17482564,4999,mRNA
51061,17478158,17482118,3960,gene
51062,17478158,17478269,111,mRNA
51063,17478389,17478508,119,mRNA
51064,17479817,17480059,242,mRNA
51065,17480117,17480267,150,mRNA
51066,17480332,17480588,256,mRNA
51067,17480651,17480945,294,mRNA
51068,17481016,17481313,297,mRNA
51069,17481375,17482118,743,mRNA
51070,17479147,17479179,32,mRNA
51071,17479817,17480059,242,mRNA
51072,17480117,17480267,150,mRNA
51073,17480332,17480588,256,mRNA
51074,17480651,17480945,294,mRNA
51075,17481016,17481313,297,mRNA
51076,17481375,17482118,743,mRNA
51077,17479824,17480059,235,CDS
51078,17480117,17480267,150,CDS
51079,17480332,17480588,256,CDS
51080,17480651,17480945,294,CDS
51081,17481016,17481313,297,CDS
51082,17481375,17481937,562,CDS
51083,17479824,17480059,235,CDS
51084,17480117,17480267,150,CDS
51085,17480332,17480588,256,CDS
51086,17480651,17480945,294,CDS
51087,17481016,17481313,297,CDS
51088,17481375,17481937,562,CDS
51089,17483822,17484052,230,mRNA
51090,17483698,17483740,42,mRNA
51091,17483492,17483637,145,mRNA
51092,17482906,17483433,527,mRNA
51093,17482791,17482839,48,mRNA
51094,17482619,17482725,106,mRNA
51095,17481998,17482564,566,mRNA
51096,17483822,17484026,204,CDS
51097,17483698,17483740,42,CDS
51098,17483492,17483637,145,CDS
51099,17482906,17483433,527,CDS
51100,17482791,17482839,48,CDS
51101,17482619,17482725,106,CDS
51102,17482191,17482564,373,CDS
51103,17483822,17484026,204,CDS
51104,17483698,17483740,42,CDS
51105,17483492,17483637,145,CDS
51106,17482906,17483433,527,CDS
51107,17482791,17482839,48,CDS
51108,17482619,17482725,106,CDS
51109,17482191,17482564,373,CDS
51110,17485002,17493169,8167,gene
51111,17485002,17485131,129,mRNA
51112,17490937,17491163,226,mRNA
51113,17491215,17491365,150,mRNA
51114,17491425,17491681,256,mRNA
51115,17491739,17492015,276,mRNA
51116,17492089,17492389,300,mRNA
51117,17492451,17493169,718,mRNA
51118,17485002,17485029,27,mRNA
51119,17490937,17491163,226,mRNA
51120,17491215,17491365,150,mRNA
51121,17491425,17491681,256,mRNA
51122,17491739,17492015,276,mRNA
51123,17492089,17492389,300,mRNA
51124,17492451,17493169,718,mRNA
51125,17485978,17490671,4693,mobile_element
51126,17490940,17491163,223,CDS
51127,17491215,17491365,150,CDS
51128,17491425,17491681,256,CDS
51129,17491739,17492015,276,CDS
51130,17492089,17492389,300,CDS
51131,17492451,17492998,547,CDS
51132,17490940,17491163,223,CDS
51133,17491215,17491365,150,CDS
51134,17491425,17491681,256,CDS
51135,17491739,17492015,276,CDS
51136,17492089,17492389,300,CDS
51137,17492451,17492998,547,CDS
51138,17493695,17495998,2303,gene
51139,17493695,17493980,285,mRNA
51140,17494041,17494182,141,mRNA
51141,17494235,17494491,256,mRNA
51142,17494551,17494827,276,mRNA
51143,17494884,17495187,303,mRNA
51144,17495243,17495998,755,mRNA
51145,17493775,17493980,205,CDS
51146,17494041,17494182,141,CDS
51147,17494235,17494491,256,CDS
51148,17494551,17494827,276,CDS
51149,17494884,17495187,303,CDS
51150,17495243,17495811,568,CDS
51151,17502354,17508645,6291,gene
51152,17502354,17502960,606,mRNA
51153,17505636,17506011,375,mRNA
51154,17506158,17506310,152,mRNA
51155,17507444,17508645,1201,mRNA
51156,17502677,17502960,283,mRNA
51157,17505636,17506011,375,mRNA
51158,17506158,17506745,587,mRNA
51159,17507444,17508645,1201,mRNA
51160,17502677,17502960,283,mRNA
51161,17505636,17506011,375,mRNA
51162,17506161,17506745,584,mRNA
51163,17507444,17508645,1201,mRNA
51164,17502677,17502960,283,mRNA
51165,17505636,17506011,375,mRNA
51166,17506161,17506310,149,mRNA
51167,17507444,17508645,1201,mRNA
51168,17502677,17502960,283,mRNA
51169,17505636,17506011,375,mRNA
51170,17506158,17507459,1301,mRNA
51171,17502909,17502960,51,CDS
51172,17505636,17506011,375,CDS
51173,17506158,17506310,152,CDS
51174,17507444,17508338,894,CDS
51175,17502909,17502960,51,CDS
51176,17505636,17506011,375,CDS
51177,17506161,17506310,149,CDS
51178,17507444,17508338,894,CDS
51179,17502909,17502960,51,CDS
51180,17505636,17506011,375,CDS
51181,17506158,17506314,156,CDS
51182,17502909,17502960,51,CDS
51183,17505636,17506011,375,CDS
51184,17506158,17506314,156,CDS
51185,17502909,17502960,51,CDS
51186,17505636,17506011,375,CDS
51187,17506161,17506314,153,CDS
51188,17508995,17511394,2399,gene
51189,17508995,17510078,1083,mRNA
51190,17510146,17511394,1248,mRNA
51191,17509926,17510078,152,mRNA
51192,17510146,17510798,652,mRNA
51193,17509983,17510078,95,CDS
51194,17510146,17510283,137,CDS
51195,17509983,17510078,95,CDS
51196,17510146,17510283,137,CDS
51197,17511513,17513855,2342,gene
51198,17511513,17511544,31,mRNA
51199,17512452,17512715,263,mRNA
51200,17512776,17512984,208,mRNA
51201,17513050,17513855,805,mRNA
51202,17512230,17512715,485,mRNA
51203,17512776,17512984,208,mRNA
51204,17513050,17513855,805,mRNA
51205,17512230,17512263,33,mRNA
51206,17512452,17512715,263,mRNA
51207,17512776,17512984,208,mRNA
51208,17513050,17513855,805,mRNA
51209,17512230,17512263,33,mRNA
51210,17512457,17512715,258,mRNA
51211,17512776,17512984,208,mRNA
51212,17513050,17513855,805,mRNA
51213,17512368,17512715,347,CDS
51214,17512776,17512984,208,CDS
51215,17513050,17513755,705,CDS
51216,17512458,17512715,257,CDS
51217,17512776,17512984,208,CDS
51218,17513050,17513755,705,CDS
51219,17512458,17512715,257,CDS
51220,17512776,17512984,208,CDS
51221,17513050,17513755,705,CDS
51222,17512458,17512715,257,CDS
51223,17512776,17512984,208,CDS
51224,17513050,17513755,705,CDS
51225,17514217,17517445,3228,gene
51226,17514217,17515529,1312,mRNA
51227,17515585,17516322,737,mRNA
51228,17516385,17516528,143,mRNA
51229,17516585,17516790,205,mRNA
51230,17516855,17517445,590,mRNA
51231,17514217,17514416,199,mRNA
51232,17514580,17515529,949,mRNA
51233,17515585,17516322,737,mRNA
51234,17516385,17516528,143,mRNA
51235,17516585,17516790,205,mRNA
51236,17516855,17517445,590,mRNA
51237,17514217,17514416,199,mRNA
51238,17514580,17515529,949,mRNA
51239,17515600,17516322,722,mRNA
51240,17516385,17516528,143,mRNA
51241,17516585,17516790,205,mRNA
51242,17516855,17517445,590,mRNA
51243,17514738,17515529,791,CDS
51244,17515585,17516322,737,CDS
51245,17516385,17516528,143,CDS
51246,17516585,17516790,205,CDS
51247,17516855,17517104,249,CDS
51248,17514738,17515529,791,CDS
51249,17515585,17516322,737,CDS
51250,17516385,17516528,143,CDS
51251,17516585,17516790,205,CDS
51252,17516855,17517104,249,CDS
51253,17514738,17515529,791,CDS
51254,17515600,17516322,722,CDS
51255,17516385,17516528,143,CDS
51256,17516585,17516790,205,CDS
51257,17516855,17517104,249,CDS
51258,17517261,17518186,925,gene
51259,17517971,17518186,215,mRNA
51260,17517261,17517911,650,mRNA
51261,17517971,17518109,138,CDS
51262,17517463,17517911,448,CDS
51263,17518223,17519027,804,gene
51264,17518223,17518427,204,mRNA
51265,17518484,17518695,211,mRNA
51266,17518753,17519027,274,mRNA
51267,17518291,17518427,136,CDS
51268,17518484,17518695,211,CDS
51269,17518753,17518949,196,CDS
51270,17519024,17535866,16842,gene
51271,17535694,17535866,172,mRNA
51272,17534826,17535061,235,mRNA
51273,17531871,17532182,311,mRNA
51274,17531714,17531802,88,mRNA
51275,17531518,17531653,135,mRNA
51276,17531211,17531446,235,mRNA
51277,17531047,17531147,100,mRNA
51278,17527823,17528105,282,mRNA
51279,17527376,17527748,372,mRNA
51280,17527214,17527312,98,mRNA
51281,17524704,17526317,1613,mRNA
51282,17524348,17524584,236,mRNA
51283,17524084,17524282,198,mRNA
51284,17522853,17522960,107,mRNA
51285,17521832,17521906,74,mRNA
51286,17520646,17520928,282,mRNA
51287,17519024,17520579,1555,mRNA
51288,17535694,17535866,172,mRNA
51289,17534826,17535061,235,mRNA
51290,17531871,17532182,311,mRNA
51291,17531714,17531802,88,mRNA
51292,17531518,17531653,135,mRNA
51293,17531211,17531461,250,mRNA
51294,17531047,17531147,100,mRNA
51295,17529087,17529191,104,mRNA
51296,17528622,17528852,230,mRNA
51297,17527823,17528105,282,mRNA
51298,17527376,17527748,372,mRNA
51299,17527214,17527315,101,mRNA
51300,17526834,17526980,146,mRNA
51301,17524704,17526416,1712,mRNA
51302,17524348,17524584,236,mRNA
51303,17524084,17524282,198,mRNA
51304,17523824,17523898,74,mRNA
51305,17523500,17523571,71,mRNA
51306,17522853,17522960,107,mRNA
51307,17520646,17520928,282,mRNA
51308,17519024,17520579,1555,mRNA
51309,17535694,17535866,172,mRNA
51310,17534826,17535061,235,mRNA
51311,17531871,17532182,311,mRNA
51312,17531714,17531802,88,mRNA
51313,17531518,17531653,135,mRNA
51314,17531211,17531461,250,mRNA
51315,17531047,17531147,100,mRNA
51316,17528622,17528852,230,mRNA
51317,17528313,17528375,62,mRNA
51318,17527823,17528105,282,mRNA
51319,17527376,17527748,372,mRNA
51320,17527214,17527315,101,mRNA
51321,17524704,17526413,1709,mRNA
51322,17524348,17524584,236,mRNA
51323,17524084,17524282,198,mRNA
51324,17523500,17523571,71,mRNA
51325,17520646,17520928,282,mRNA
51326,17519689,17520579,890,mRNA
51327,17535694,17535866,172,mRNA
51328,17534826,17535061,235,mRNA
51329,17531871,17532182,311,mRNA
51330,17531714,17531802,88,mRNA
51331,17531518,17531653,135,mRNA
51332,17531211,17531461,250,mRNA
51333,17531047,17531147,100,mRNA
51334,17529087,17529191,104,mRNA
51335,17528622,17528852,230,mRNA
51336,17527823,17528105,282,mRNA
51337,17527376,17527748,372,mRNA
51338,17527214,17527315,101,mRNA
51339,17526834,17526980,146,mRNA
51340,17524704,17526317,1613,mRNA
51341,17524348,17524584,236,mRNA
51342,17524084,17524282,198,mRNA
51343,17523824,17523898,74,mRNA
51344,17523500,17523571,71,mRNA
51345,17522853,17522960,107,mRNA
51346,17520646,17520928,282,mRNA
51347,17519689,17520579,890,mRNA
51348,17535694,17535866,172,mRNA
51349,17534826,17535061,235,mRNA
51350,17531871,17532182,311,mRNA
51351,17531714,17531802,88,mRNA
51352,17531518,17531653,135,mRNA
51353,17531211,17531461,250,mRNA
51354,17531047,17531147,100,mRNA
51355,17529087,17529191,104,mRNA
51356,17528622,17528852,230,mRNA
51357,17528313,17528375,62,mRNA
51358,17527823,17528105,282,mRNA
51359,17527376,17527748,372,mRNA
51360,17527214,17527315,101,mRNA
51361,17526834,17526980,146,mRNA
51362,17524704,17526416,1712,mRNA
51363,17524348,17524584,236,mRNA
51364,17524084,17524282,198,mRNA
51365,17520646,17520928,282,mRNA
51366,17519689,17520579,890,mRNA
51367,17535694,17535866,172,mRNA
51368,17534826,17535061,235,mRNA
51369,17531871,17532182,311,mRNA
51370,17531714,17531802,88,mRNA
51371,17531518,17531653,135,mRNA
51372,17531211,17531461,250,mRNA
51373,17531047,17531147,100,mRNA
51374,17529087,17529191,104,mRNA
51375,17528622,17528852,230,mRNA
51376,17528313,17528375,62,mRNA
51377,17527823,17528105,282,mRNA
51378,17527376,17527748,372,mRNA
51379,17527214,17527315,101,mRNA
51380,17526834,17526980,146,mRNA
51381,17524704,17526416,1712,mRNA
51382,17524348,17524584,236,mRNA
51383,17524084,17524282,198,mRNA
51384,17523824,17523898,74,mRNA
51385,17521706,17521900,194,mRNA
51386,17520646,17520928,282,mRNA
51387,17519689,17520579,890,mRNA
51388,17535694,17535866,172,mRNA
51389,17534826,17535061,235,mRNA
51390,17531871,17532182,311,mRNA
51391,17531714,17531802,88,mRNA
51392,17531518,17531653,135,mRNA
51393,17531211,17531461,250,mRNA
51394,17531047,17531147,100,mRNA
51395,17529087,17529191,104,mRNA
51396,17528622,17528852,230,mRNA
51397,17528313,17528375,62,mRNA
51398,17527823,17528105,282,mRNA
51399,17527376,17527748,372,mRNA
51400,17527214,17527315,101,mRNA
51401,17526834,17526980,146,mRNA
51402,17524704,17526416,1712,mRNA
51403,17524348,17524584,236,mRNA
51404,17524084,17524282,198,mRNA
51405,17523824,17523898,74,mRNA
51406,17522853,17522960,107,mRNA
51407,17521832,17521900,68,mRNA
51408,17520646,17520928,282,mRNA
51409,17519689,17520579,890,mRNA
51410,17535694,17535866,172,mRNA
51411,17534826,17535061,235,mRNA
51412,17531871,17532182,311,mRNA
51413,17531714,17531802,88,mRNA
51414,17531518,17531653,135,mRNA
51415,17531211,17531461,250,mRNA
51416,17531047,17531147,100,mRNA
51417,17529087,17529191,104,mRNA
51418,17528622,17528852,230,mRNA
51419,17528313,17528375,62,mRNA
51420,17527823,17528105,282,mRNA
51421,17527376,17527748,372,mRNA
51422,17527214,17527315,101,mRNA
51423,17526834,17526980,146,mRNA
51424,17524704,17526416,1712,mRNA
51425,17524348,17524584,236,mRNA
51426,17524084,17524282,198,mRNA
51427,17523824,17523898,74,mRNA
51428,17523500,17523571,71,mRNA
51429,17521832,17521900,68,mRNA
51430,17520646,17520928,282,mRNA
51431,17519689,17520579,890,mRNA
51432,17535694,17535866,172,mRNA
51433,17534826,17535061,235,mRNA
51434,17531871,17532182,311,mRNA
51435,17531714,17531802,88,mRNA
51436,17531518,17531653,135,mRNA
51437,17531211,17531461,250,mRNA
51438,17531047,17531147,100,mRNA
51439,17529982,17530134,152,mRNA
51440,17527823,17528105,282,mRNA
51441,17527376,17527748,372,mRNA
51442,17527214,17527315,101,mRNA
51443,17524704,17526416,1712,mRNA
51444,17524348,17524584,236,mRNA
51445,17524084,17524282,198,mRNA
51446,17522853,17522960,107,mRNA
51447,17520646,17520928,282,mRNA
51448,17519689,17520579,890,mRNA
51449,17535694,17535866,172,mRNA
51450,17534826,17535061,235,mRNA
51451,17531871,17532182,311,mRNA
51452,17531714,17531802,88,mRNA
51453,17531518,17531653,135,mRNA
51454,17531211,17531461,250,mRNA
51455,17531047,17531147,100,mRNA
51456,17529982,17530134,152,mRNA
51457,17528622,17528852,230,mRNA
51458,17528313,17528375,62,mRNA
51459,17527823,17528105,282,mRNA
51460,17527376,17527748,372,mRNA
51461,17527214,17527315,101,mRNA
51462,17526834,17526980,146,mRNA
51463,17524704,17526416,1712,mRNA
51464,17524348,17524584,236,mRNA
51465,17524084,17524282,198,mRNA
51466,17521706,17521900,194,mRNA
51467,17520646,17520928,282,mRNA
51468,17519689,17520579,890,mRNA
51469,17535694,17535866,172,mRNA
51470,17534826,17535061,235,mRNA
51471,17531871,17532182,311,mRNA
51472,17531714,17531802,88,mRNA
51473,17531518,17531653,135,mRNA
51474,17531211,17531461,250,mRNA
51475,17531047,17531147,100,mRNA
51476,17529982,17530134,152,mRNA
51477,17529087,17529191,104,mRNA
51478,17528622,17528852,230,mRNA
51479,17528313,17528375,62,mRNA
51480,17527823,17528105,282,mRNA
51481,17527376,17527748,372,mRNA
51482,17527214,17527315,101,mRNA
51483,17526834,17526980,146,mRNA
51484,17524704,17526413,1709,mRNA
51485,17524348,17524584,236,mRNA
51486,17524084,17524282,198,mRNA
51487,17523824,17523898,74,mRNA
51488,17520646,17520928,282,mRNA
51489,17519689,17520579,890,mRNA
51490,17535694,17535866,172,mRNA
51491,17534826,17535061,235,mRNA
51492,17531871,17532182,311,mRNA
51493,17531714,17531802,88,mRNA
51494,17531518,17531653,135,mRNA
51495,17531211,17531461,250,mRNA
51496,17531047,17531147,100,mRNA
51497,17529087,17529191,104,mRNA
51498,17528622,17528852,230,mRNA
51499,17528313,17528375,62,mRNA
51500,17527823,17528105,282,mRNA
51501,17527376,17527748,372,mRNA
51502,17527214,17527315,101,mRNA
51503,17524704,17526317,1613,mRNA
51504,17524348,17524584,236,mRNA
51505,17524084,17524282,198,mRNA
51506,17521832,17521900,68,mRNA
51507,17520646,17520928,282,mRNA
51508,17520274,17520579,305,mRNA
51509,17534826,17535649,823,mRNA
51510,17531871,17532182,311,mRNA
51511,17531714,17531802,88,mRNA
51512,17531518,17531653,135,mRNA
51513,17531211,17531461,250,mRNA
51514,17531047,17531147,100,mRNA
51515,17529087,17529191,104,mRNA
51516,17528622,17528852,230,mRNA
51517,17528313,17528375,62,mRNA
51518,17527823,17528105,282,mRNA
51519,17527376,17527748,372,mRNA
51520,17527214,17527315,101,mRNA
51521,17524704,17526317,1613,mRNA
51522,17524348,17524584,236,mRNA
51523,17524084,17524282,198,mRNA
51524,17520646,17520928,282,mRNA
51525,17520276,17520579,303,mRNA
51526,17534826,17534855,29,CDS
51527,17531871,17532182,311,CDS
51528,17531714,17531802,88,CDS
51529,17531518,17531653,135,CDS
51530,17531211,17531446,235,CDS
51531,17531047,17531147,100,CDS
51532,17527823,17528105,282,CDS
51533,17527376,17527748,372,CDS
51534,17527214,17527312,98,CDS
51535,17524704,17526317,1613,CDS
51536,17524348,17524584,236,CDS
51537,17524084,17524282,198,CDS
51538,17522853,17522960,107,CDS
51539,17521832,17521906,74,CDS
51540,17520646,17520928,282,CDS
51541,17520435,17520579,144,CDS
51542,17534826,17534855,29,CDS
51543,17531871,17532182,311,CDS
51544,17531714,17531802,88,CDS
51545,17531518,17531653,135,CDS
51546,17531211,17531461,250,CDS
51547,17531047,17531147,100,CDS
51548,17528622,17528852,230,CDS
51549,17528313,17528375,62,CDS
51550,17527823,17528105,282,CDS
51551,17527376,17527748,372,CDS
51552,17527214,17527315,101,CDS
51553,17524704,17526413,1709,CDS
51554,17524348,17524584,236,CDS
51555,17524084,17524282,198,CDS
51556,17523500,17523571,71,CDS
51557,17520646,17520928,282,CDS
51558,17520435,17520579,144,CDS
51559,17534826,17534855,29,CDS
51560,17531871,17532182,311,CDS
51561,17531714,17531802,88,CDS
51562,17531518,17531653,135,CDS
51563,17531211,17531461,250,CDS
51564,17531047,17531147,100,CDS
51565,17529087,17529191,104,CDS
51566,17528622,17528852,230,CDS
51567,17527823,17528105,282,CDS
51568,17527376,17527748,372,CDS
51569,17527214,17527315,101,CDS
51570,17526834,17526980,146,CDS
51571,17524704,17526317,1613,CDS
51572,17524348,17524584,236,CDS
51573,17524084,17524282,198,CDS
51574,17523824,17523898,74,CDS
51575,17523500,17523571,71,CDS
51576,17522853,17522960,107,CDS
51577,17520646,17520928,282,CDS
51578,17520435,17520579,144,CDS
51579,17534826,17534855,29,CDS
51580,17531871,17532182,311,CDS
51581,17531714,17531802,88,CDS
51582,17531518,17531653,135,CDS
51583,17531211,17531461,250,CDS
51584,17531047,17531147,100,CDS
51585,17529087,17529191,104,CDS
51586,17528622,17528852,230,CDS
51587,17527823,17528105,282,CDS
51588,17527376,17527748,372,CDS
51589,17527214,17527315,101,CDS
51590,17526834,17526980,146,CDS
51591,17524704,17526416,1712,CDS
51592,17524348,17524584,236,CDS
51593,17524084,17524282,198,CDS
51594,17523824,17523898,74,CDS
51595,17523500,17523571,71,CDS
51596,17522853,17522960,107,CDS
51597,17520646,17520928,282,CDS
51598,17520435,17520579,144,CDS
51599,17534826,17534855,29,CDS
51600,17531871,17532182,311,CDS
51601,17531714,17531802,88,CDS
51602,17531518,17531653,135,CDS
51603,17531211,17531461,250,CDS
51604,17531047,17531147,100,CDS
51605,17529087,17529191,104,CDS
51606,17528622,17528852,230,CDS
51607,17528313,17528375,62,CDS
51608,17527823,17528105,282,CDS
51609,17527376,17527748,372,CDS
51610,17527214,17527315,101,CDS
51611,17524704,17526317,1613,CDS
51612,17524348,17524584,236,CDS
51613,17524084,17524282,198,CDS
51614,17520646,17520928,282,CDS
51615,17520435,17520579,144,CDS
51616,17534826,17534855,29,CDS
51617,17531871,17532182,311,CDS
51618,17531714,17531802,88,CDS
51619,17531518,17531653,135,CDS
51620,17531211,17531461,250,CDS
51621,17531047,17531147,100,CDS
51622,17529087,17529191,104,CDS
51623,17528622,17528852,230,CDS
51624,17528313,17528375,62,CDS
51625,17527823,17528105,282,CDS
51626,17527376,17527748,372,CDS
51627,17527214,17527315,101,CDS
51628,17524704,17526317,1613,CDS
51629,17524348,17524584,236,CDS
51630,17524084,17524282,198,CDS
51631,17521832,17521900,68,CDS
51632,17520646,17520928,282,CDS
51633,17520435,17520579,144,CDS
51634,17534826,17534855,29,CDS
51635,17531871,17532182,311,CDS
51636,17531714,17531802,88,CDS
51637,17531518,17531653,135,CDS
51638,17531211,17531461,250,CDS
51639,17531047,17531147,100,CDS
51640,17529087,17529191,104,CDS
51641,17528622,17528852,230,CDS
51642,17528313,17528375,62,CDS
51643,17527823,17528105,282,CDS
51644,17527376,17527748,372,CDS
51645,17527214,17527315,101,CDS
51646,17526834,17526980,146,CDS
51647,17524704,17526416,1712,CDS
51648,17524348,17524584,236,CDS
51649,17524084,17524282,198,CDS
51650,17520646,17520928,282,CDS
51651,17520435,17520579,144,CDS
51652,17534826,17534855,29,CDS
51653,17531871,17532182,311,CDS
51654,17531714,17531802,88,CDS
51655,17531518,17531653,135,CDS
51656,17531211,17531461,250,CDS
51657,17531047,17531147,100,CDS
51658,17529087,17529191,104,CDS
51659,17528622,17528852,230,CDS
51660,17528313,17528375,62,CDS
51661,17527823,17528105,282,CDS
51662,17527376,17527748,372,CDS
51663,17527214,17527315,101,CDS
51664,17526834,17526980,146,CDS
51665,17524704,17526416,1712,CDS
51666,17524348,17524584,236,CDS
51667,17524084,17524282,198,CDS
51668,17523824,17523898,74,CDS
51669,17521706,17521900,194,CDS
51670,17520646,17520928,282,CDS
51671,17520435,17520579,144,CDS
51672,17534826,17534855,29,CDS
51673,17531871,17532182,311,CDS
51674,17531714,17531802,88,CDS
51675,17531518,17531653,135,CDS
51676,17531211,17531461,250,CDS
51677,17531047,17531147,100,CDS
51678,17529087,17529191,104,CDS
51679,17528622,17528852,230,CDS
51680,17528313,17528375,62,CDS
51681,17527823,17528105,282,CDS
51682,17527376,17527748,372,CDS
51683,17527214,17527315,101,CDS
51684,17526834,17526980,146,CDS
51685,17524704,17526416,1712,CDS
51686,17524348,17524584,236,CDS
51687,17524084,17524282,198,CDS
51688,17523824,17523898,74,CDS
51689,17522853,17522960,107,CDS
51690,17521832,17521900,68,CDS
51691,17520646,17520928,282,CDS
51692,17520435,17520579,144,CDS
51693,17534826,17534855,29,CDS
51694,17531871,17532182,311,CDS
51695,17531714,17531802,88,CDS
51696,17531518,17531653,135,CDS
51697,17531211,17531461,250,CDS
51698,17531047,17531147,100,CDS
51699,17529087,17529191,104,CDS
51700,17528622,17528852,230,CDS
51701,17528313,17528375,62,CDS
51702,17527823,17528105,282,CDS
51703,17527376,17527748,372,CDS
51704,17527214,17527315,101,CDS
51705,17526834,17526980,146,CDS
51706,17524704,17526416,1712,CDS
51707,17524348,17524584,236,CDS
51708,17524084,17524282,198,CDS
51709,17523824,17523898,74,CDS
51710,17523500,17523571,71,CDS
51711,17521832,17521900,68,CDS
51712,17520646,17520928,282,CDS
51713,17520435,17520579,144,CDS
51714,17534826,17534855,29,CDS
51715,17531871,17532182,311,CDS
51716,17531714,17531802,88,CDS
51717,17531518,17531653,135,CDS
51718,17531211,17531461,250,CDS
51719,17531047,17531147,100,CDS
51720,17529982,17530134,152,CDS
51721,17527823,17528105,282,CDS
51722,17527376,17527748,372,CDS
51723,17527214,17527315,101,CDS
51724,17524704,17526416,1712,CDS
51725,17524348,17524584,236,CDS
51726,17524084,17524282,198,CDS
51727,17522853,17522960,107,CDS
51728,17520646,17520928,282,CDS
51729,17520435,17520579,144,CDS
51730,17534826,17534855,29,CDS
51731,17531871,17532182,311,CDS
51732,17531714,17531802,88,CDS
51733,17531518,17531653,135,CDS
51734,17531211,17531461,250,CDS
51735,17531047,17531147,100,CDS
51736,17529982,17530134,152,CDS
51737,17528622,17528852,230,CDS
51738,17528313,17528375,62,CDS
51739,17527823,17528105,282,CDS
51740,17527376,17527748,372,CDS
51741,17527214,17527315,101,CDS
51742,17526834,17526980,146,CDS
51743,17524704,17526416,1712,CDS
51744,17524348,17524584,236,CDS
51745,17524084,17524282,198,CDS
51746,17521706,17521900,194,CDS
51747,17520646,17520928,282,CDS
51748,17520435,17520579,144,CDS
51749,17534826,17534855,29,CDS
51750,17531871,17532182,311,CDS
51751,17531714,17531802,88,CDS
51752,17531518,17531653,135,CDS
51753,17531211,17531461,250,CDS
51754,17531047,17531147,100,CDS
51755,17529982,17530134,152,CDS
51756,17529087,17529191,104,CDS
51757,17528622,17528852,230,CDS
51758,17528313,17528375,62,CDS
51759,17527823,17528105,282,CDS
51760,17527376,17527748,372,CDS
51761,17527214,17527315,101,CDS
51762,17526834,17526980,146,CDS
51763,17524704,17526413,1709,CDS
51764,17524348,17524584,236,CDS
51765,17524084,17524282,198,CDS
51766,17523824,17523898,74,CDS
51767,17520646,17520928,282,CDS
51768,17520435,17520579,144,CDS
51769,17536213,17539142,2929,gene
51770,17536213,17536329,116,mRNA
51771,17536455,17536579,124,mRNA
51772,17536696,17537011,315,mRNA
51773,17537070,17538622,1552,mRNA
51774,17538694,17539063,369,mRNA
51775,17536333,17536579,246,mRNA
51776,17536696,17537011,315,mRNA
51777,17537070,17538622,1552,mRNA
51778,17538694,17539142,448,mRNA
51779,17536465,17536579,114,CDS
51780,17536696,17537011,315,CDS
51781,17537070,17538622,1552,CDS
51782,17538694,17538782,88,CDS
51783,17536465,17536579,114,CDS
51784,17536696,17537011,315,CDS
51785,17537070,17538622,1552,CDS
51786,17538694,17538782,88,CDS
51787,17539322,17544353,5031,gene
51788,17539322,17540821,1499,mRNA
51789,17540880,17541825,945,mRNA
51790,17541997,17542280,283,mRNA
51791,17542344,17543069,725,mRNA
51792,17543130,17543368,238,mRNA
51793,17543429,17543552,123,mRNA
51794,17543918,17544353,435,mRNA
51795,17539322,17540821,1499,CDS
51796,17540880,17541825,945,CDS
51797,17541997,17542280,283,CDS
51798,17542344,17543069,725,CDS
51799,17543130,17543368,238,CDS
51800,17543429,17543552,123,CDS
51801,17543918,17544109,191,CDS
51802,17544190,17545045,855,gene
51803,17544190,17544620,430,mRNA
51804,17544822,17545045,223,mRNA
51805,17544432,17544620,188,mRNA
51806,17544822,17545045,223,mRNA
51807,17544488,17544620,132,CDS
51808,17544822,17545003,181,CDS
51809,17544488,17544620,132,CDS
51810,17544822,17545003,181,CDS
51811,17545222,17546400,1178,gene
51812,17545222,17545489,267,mRNA
51813,17545554,17545937,383,mRNA
51814,17545994,17546166,172,mRNA
51815,17546240,17546400,160,mRNA
51816,17545289,17545489,200,CDS
51817,17545554,17545937,383,CDS
51818,17545994,17546166,172,CDS
51819,17546240,17546384,144,CDS
51820,17546406,17547462,1056,gene
51821,17547409,17547462,53,mRNA
51822,17546406,17546986,580,mRNA
51823,17547409,17547426,17,CDS
51824,17546471,17546986,515,CDS
51825,17547769,17556289,8520,gene
51826,17547769,17548534,765,mRNA
51827,17548886,17548962,76,mRNA
51828,17549069,17551391,2322,mRNA
51829,17551444,17556289,4845,mRNA
51830,17547769,17548534,765,mRNA
51831,17548886,17548962,76,mRNA
51832,17549069,17551391,2322,mRNA
51833,17551450,17556289,4839,mRNA
51834,17548292,17548534,242,mRNA
51835,17548886,17548962,76,mRNA
51836,17549069,17551391,2322,mRNA
51837,17551444,17556289,4845,mRNA
51838,17548292,17548534,242,mRNA
51839,17548886,17548962,76,mRNA
51840,17549069,17551064,1995,mRNA
51841,17551125,17551391,266,mRNA
51842,17551444,17556289,4845,mRNA
51843,17549087,17551391,2304,CDS
51844,17551444,17555654,4210,CDS
51845,17549087,17551391,2304,CDS
51846,17551444,17555654,4210,CDS
51847,17549087,17551391,2304,CDS
51848,17551450,17555654,4204,CDS
51849,17549087,17551064,1977,CDS
51850,17551125,17551391,266,CDS
51851,17551444,17555654,4210,CDS
51852,17557031,17563406,6375,gene
51853,17557031,17557534,503,mRNA
51854,17560497,17560671,174,mRNA
51855,17560727,17560954,227,mRNA
51856,17561019,17561159,140,mRNA
51857,17561478,17561619,141,mRNA
51858,17561698,17562538,840,mRNA
51859,17562958,17563281,323,mRNA
51860,17563341,17563406,65,mRNA
51861,17557031,17557534,503,mRNA
51862,17560497,17560671,174,mRNA
51863,17560727,17560954,227,mRNA
51864,17561019,17561159,140,mRNA
51865,17561478,17561619,141,mRNA
51866,17561698,17562538,840,mRNA
51867,17562958,17563281,323,mRNA
51868,17563341,17563406,65,mRNA
51869,17557031,17557534,503,mRNA
51870,17560497,17560671,174,mRNA
51871,17560727,17560954,227,mRNA
51872,17561019,17561159,140,mRNA
51873,17561478,17561619,141,mRNA
51874,17561698,17562538,840,mRNA
51875,17562958,17563285,327,mRNA
51876,17557031,17557534,503,mRNA
51877,17560497,17560671,174,mRNA
51878,17560727,17560954,227,mRNA
51879,17561019,17561159,140,mRNA
51880,17561478,17561619,141,mRNA
51881,17561698,17562538,840,mRNA
51882,17562620,17562866,246,mRNA
51883,17557031,17557534,503,mRNA
51884,17560497,17560671,174,mRNA
51885,17560727,17560954,227,mRNA
51886,17561019,17561159,140,mRNA
51887,17561478,17561619,141,mRNA
51888,17561698,17562538,840,mRNA
51889,17562660,17562866,206,mRNA
51890,17557116,17557534,418,CDS
51891,17560497,17560671,174,CDS
51892,17560727,17560954,227,CDS
51893,17561019,17561159,140,CDS
51894,17561478,17561619,141,CDS
51895,17561698,17562538,840,CDS
51896,17562958,17563281,323,CDS
51897,17563341,17563353,12,CDS
51898,17557215,17557534,319,CDS
51899,17560497,17560671,174,CDS
51900,17560727,17560954,227,CDS
51901,17561019,17561159,140,CDS
51902,17561478,17561619,141,CDS
51903,17561698,17562538,840,CDS
51904,17562958,17563281,323,CDS
51905,17563341,17563353,12,CDS
51906,17557215,17557534,319,CDS
51907,17560497,17560671,174,CDS
51908,17560727,17560954,227,CDS
51909,17561019,17561159,140,CDS
51910,17561478,17561619,141,CDS
51911,17561698,17562538,840,CDS
51912,17562958,17563285,327,CDS
51913,17557215,17557534,319,CDS
51914,17560497,17560671,174,CDS
51915,17560727,17560954,227,CDS
51916,17561019,17561159,140,CDS
51917,17561478,17561619,141,CDS
51918,17561698,17562538,840,CDS
51919,17562660,17562723,63,CDS
51920,17557215,17557534,319,CDS
51921,17560497,17560671,174,CDS
51922,17560727,17560954,227,CDS
51923,17561019,17561159,140,CDS
51924,17561478,17561619,141,CDS
51925,17561698,17562538,840,CDS
51926,17562620,17562659,39,CDS
51927,17563606,17564351,745,gene
51928,17563606,17564351,745,mRNA
51929,17563785,17563985,200,CDS
51930,17564340,17565852,1512,gene
51931,17564340,17564665,325,mRNA
51932,17564719,17565103,384,mRNA
51933,17565164,17565324,160,mRNA
51934,17565388,17565852,464,mRNA
51935,17564855,17565103,248,mRNA
51936,17565164,17565324,160,mRNA
51937,17565388,17565852,464,mRNA
51938,17564908,17565103,195,CDS
51939,17565164,17565324,160,CDS
51940,17565388,17565780,392,CDS
51941,17564908,17565103,195,CDS
51942,17565164,17565324,160,CDS
51943,17565388,17565780,392,CDS
51944,17565779,17568456,2677,gene
51945,17568119,17568456,337,mRNA
51946,17567053,17567731,678,mRNA
51947,17565779,17566994,1215,mRNA
51948,17568119,17568328,209,CDS
51949,17567053,17567731,678,CDS
51950,17565859,17566994,1135,CDS
51951,17568732,17572322,3590,gene
51952,17568732,17569177,445,mRNA
51953,17569246,17569354,108,mRNA
51954,17569522,17571166,1644,mRNA
51955,17571234,17571413,179,mRNA
51956,17571473,17571766,293,mRNA
51957,17571828,17572322,494,mRNA
51958,17569064,17569177,113,CDS
51959,17569246,17569354,108,CDS
51960,17569522,17571166,1644,CDS
51961,17571234,17571413,179,CDS
51962,17571473,17571766,293,CDS
51963,17571828,17572002,174,CDS
51964,17572096,17572784,688,gene
51965,17572652,17572784,132,mRNA
51966,17572096,17572523,427,mRNA
51967,17572652,17572784,132,mRNA
51968,17572333,17572523,190,mRNA
51969,17572652,17572704,52,CDS
51970,17572403,17572523,120,CDS
51971,17572652,17572704,52,CDS
51972,17572403,17572523,120,CDS
51973,17572829,17573330,501,gene
51974,17572829,17573033,204,mRNA
51975,17573103,17573330,227,mRNA
51976,17572923,17573033,110,CDS
51977,17573103,17573201,98,CDS
51978,17573462,17574979,1517,gene
51979,17573462,17573714,252,mRNA
51980,17573784,17573864,80,mRNA
51981,17573935,17574267,332,mRNA
51982,17574331,17574979,648,mRNA
51983,17573462,17573521,59,mRNA
51984,17573621,17573714,93,mRNA
51985,17573784,17573864,80,mRNA
51986,17573935,17574267,332,mRNA
51987,17574331,17574735,404,mRNA
51988,17573699,17573714,15,CDS
51989,17573784,17573864,80,CDS
51990,17573935,17574267,332,CDS
51991,17574331,17574542,211,CDS
51992,17573699,17573714,15,CDS
51993,17573784,17573864,80,CDS
51994,17573935,17574267,332,CDS
51995,17574331,17574542,211,CDS
51996,17574979,17581525,6546,gene
51997,17581406,17581525,119,mRNA
51998,17581215,17581345,130,mRNA
51999,17580916,17581093,177,mRNA
52000,17580169,17580476,307,mRNA
52001,17579416,17580112,696,mRNA
52002,17578795,17579352,557,mRNA
52003,17578557,17578728,171,mRNA
52004,17574979,17578495,3516,mRNA
52005,17581406,17581525,119,mRNA
52006,17581215,17581345,130,mRNA
52007,17580916,17581093,177,mRNA
52008,17580169,17580476,307,mRNA
52009,17579416,17580112,696,mRNA
52010,17578795,17579352,557,mRNA
52011,17578554,17578728,174,mRNA
52012,17574979,17578495,3516,mRNA
52013,17581406,17581426,20,CDS
52014,17581215,17581345,130,CDS
52015,17580916,17581093,177,CDS
52016,17580169,17580476,307,CDS
52017,17579416,17580112,696,CDS
52018,17578795,17579352,557,CDS
52019,17578557,17578728,171,CDS
52020,17575395,17578495,3100,CDS
52021,17581406,17581426,20,CDS
52022,17581215,17581345,130,CDS
52023,17580916,17581093,177,CDS
52024,17580169,17580476,307,CDS
52025,17579416,17580112,696,CDS
52026,17578795,17579352,557,CDS
52027,17578554,17578728,174,CDS
52028,17575395,17578495,3100,CDS
52029,17582007,17584012,2005,gene
52030,17583242,17584012,770,mRNA
52031,17582007,17582825,818,mRNA
52032,17583242,17583943,701,CDS
52033,17582130,17582825,695,CDS
52034,17584095,17584495,400,gene
52035,17584095,17584495,400,ncRNA
52036,17585195,17586294,1099,gene
52037,17585195,17586149,954,mRNA
52038,17586266,17586294,28,mRNA
52039,17585635,17586042,407,mRNA
52040,17585635,17586149,514,mRNA
52041,17585692,17586243,551,gene
52042,17585692,17586243,551,ncRNA
52043,17585790,17586038,248,CDS
52044,17585790,17586038,248,CDS
52045,17585790,17586038,248,CDS
52046,17586425,17590884,4459,gene
52047,17590206,17590884,678,mRNA
52048,17589908,17590140,232,mRNA
52049,17589054,17589854,800,mRNA
52050,17588620,17588786,166,mRNA
52051,17587533,17588531,998,mRNA
52052,17587092,17587399,307,mRNA
52053,17586425,17587028,603,mRNA
52054,17590206,17590688,482,mRNA
52055,17589908,17590140,232,mRNA
52056,17589054,17589854,800,mRNA
52057,17588620,17588786,166,mRNA
52058,17587533,17588531,998,mRNA
52059,17587092,17587399,307,mRNA
52060,17586425,17587028,603,mRNA
52061,17590206,17590354,148,CDS
52062,17589908,17590140,232,CDS
52063,17589054,17589854,800,CDS
52064,17588620,17588786,166,CDS
52065,17587533,17588531,998,CDS
52066,17587092,17587399,307,CDS
52067,17586671,17587028,357,CDS
52068,17590206,17590354,148,CDS
52069,17589908,17590140,232,CDS
52070,17589054,17589854,800,CDS
52071,17588620,17588786,166,CDS
52072,17587533,17588531,998,CDS
52073,17587092,17587399,307,CDS
52074,17586671,17587028,357,CDS
52075,17590964,17591881,917,gene
52076,17590964,17591151,187,mRNA
52077,17591238,17591881,643,mRNA
52078,17591033,17591151,118,CDS
52079,17591238,17591766,528,CDS
52080,17591804,17592509,705,gene
52081,17592028,17592509,481,mRNA
52082,17591804,17591963,159,mRNA
52083,17592028,17592417,389,CDS
52084,17591886,17591963,77,CDS
52085,17592791,17604461,11670,gene
52086,17592791,17593312,521,mRNA
52087,17593468,17593904,436,mRNA
52088,17593966,17594004,38,mRNA
52089,17599850,17600086,236,mRNA
52090,17600142,17602347,2205,mRNA
52091,17602404,17602603,199,mRNA
52092,17602663,17602826,163,mRNA
52093,17602902,17604461,1559,mRNA
52094,17592791,17593312,521,mRNA
52095,17593468,17593904,436,mRNA
52096,17593966,17594004,38,mRNA
52097,17599850,17600086,236,mRNA
52098,17600142,17602347,2205,mRNA
52099,17602404,17602603,199,mRNA
52100,17602663,17602826,163,mRNA
52101,17602902,17603981,1079,mRNA
52102,17593850,17593904,54,CDS
52103,17593966,17594004,38,CDS
52104,17599850,17600086,236,CDS
52105,17600142,17602347,2205,CDS
52106,17602404,17602603,199,CDS
52107,17602663,17602826,163,CDS
52108,17602902,17603186,284,CDS
52109,17593850,17593904,54,CDS
52110,17593966,17594004,38,CDS
52111,17599850,17600086,236,CDS
52112,17600142,17602347,2205,CDS
52113,17602404,17602603,199,CDS
52114,17602663,17602826,163,CDS
52115,17602902,17603186,284,CDS
52116,17595267,17597409,2142,gene
52117,17595267,17597409,2142,mRNA
52118,17595284,17597392,2108,CDS
52119,17598845,17599253,408,gene
52120,17598845,17599253,408,mRNA
52121,17598988,17599253,265,mRNA
52122,17599077,17599247,170,CDS
52123,17599077,17599247,170,CDS
52124,17599389,17599607,218,gene
52125,17599389,17599607,218,mRNA
52126,17599389,17599607,218,CDS
52127,17604535,17604607,72,gene
52128,17604535,17604607,72,tRNA
52129,17604771,17604843,72,gene
52130,17604771,17604843,72,tRNA
52131,17604951,17639138,34187,gene
52132,17639021,17639138,117,mRNA
52133,17637224,17637593,369,mRNA
52134,17614900,17615135,235,mRNA
52135,17611315,17611581,266,mRNA
52136,17606551,17609586,3035,mRNA
52137,17606165,17606480,315,mRNA
52138,17605975,17606105,130,mRNA
52139,17605745,17605912,167,mRNA
52140,17604951,17605685,734,mRNA
52141,17637224,17637311,87,CDS
52142,17614900,17615135,235,CDS
52143,17611315,17611581,266,CDS
52144,17606551,17609586,3035,CDS
52145,17606165,17606480,315,CDS
52146,17605975,17606105,130,CDS
52147,17605745,17605912,167,CDS
52148,17605353,17605685,332,CDS
52149,17616499,17617895,1396,gene
52150,17616499,17617895,1396,mRNA
52151,17616756,17616917,161,gene
52152,17616756,17616917,161,ncRNA
52153,17617270,17617713,443,CDS
52154,17628491,17633516,5025,gene
52155,17632484,17633516,1032,mRNA
52156,17631954,17632233,279,mRNA
52157,17628491,17628747,256,mRNA
52158,17632484,17633476,992,CDS
52159,17631970,17632233,263,CDS
52160,17633797,17634167,370,gene
52161,17633797,17634167,370,mRNA
52162,17633862,17634116,254,CDS
52163,17646848,17665068,18220,gene
52164,17664761,17665068,307,mRNA
52165,17653944,17654446,502,mRNA
52166,17651341,17651567,226,mRNA
52167,17651157,17651260,103,mRNA
52168,17650891,17651100,209,mRNA
52169,17649721,17649824,103,mRNA
52170,17649064,17649201,137,mRNA
52171,17647817,17647963,146,mRNA
52172,17646848,17647748,900,mRNA
52173,17653944,17654296,352,CDS
52174,17651341,17651567,226,CDS
52175,17651157,17651260,103,CDS
52176,17650891,17651100,209,CDS
52177,17649721,17649824,103,CDS
52178,17649064,17649201,137,CDS
52179,17647817,17647963,146,CDS
52180,17647532,17647748,216,CDS
52181,17658596,17658636,40,mobile_element
52182,17665678,17669275,3597,gene
52183,17665678,17665816,138,mRNA
52184,17666032,17666159,127,mRNA
52185,17666222,17668985,2763,mRNA
52186,17669032,17669275,243,mRNA
52187,17665759,17665816,57,mRNA
52188,17666032,17666159,127,mRNA
52189,17666222,17669178,2956,mRNA
52190,17666067,17666159,92,CDS
52191,17666222,17668861,2639,CDS
52192,17666067,17666159,92,CDS
52193,17666222,17668861,2639,CDS
52194,17669395,17670000,605,gene
52195,17669395,17669632,237,mRNA
52196,17669687,17670000,313,mRNA
52197,17669486,17669632,146,CDS
52198,17669687,17669806,119,CDS
52199,17670082,17670748,666,gene
52200,17670082,17670328,246,mRNA
52201,17670387,17670748,361,mRNA
52202,17670182,17670328,146,CDS
52203,17670387,17670506,119,CDS
52204,17671068,17671295,227,gene
52205,17671068,17671295,227,ncRNA
52206,17671309,17672640,1331,gene
52207,17672330,17672640,310,mRNA
52208,17671865,17672209,344,mRNA
52209,17671309,17671806,497,mRNA
52210,17672330,17672534,204,CDS
52211,17671865,17672209,344,CDS
52212,17671565,17671806,241,CDS
52213,17672839,17683499,10660,gene
52214,17683393,17683499,106,mRNA
52215,17678272,17678782,510,mRNA
52216,17677826,17677919,93,mRNA
52217,17675911,17676593,682,mRNA
52218,17674827,17675837,1010,mRNA
52219,17674572,17674764,192,mRNA
52220,17672839,17674508,1669,mRNA
52221,17682895,17682994,99,mRNA
52222,17678272,17678782,510,mRNA
52223,17677826,17677919,93,mRNA
52224,17675911,17676593,682,mRNA
52225,17674827,17675837,1010,mRNA
52226,17674572,17674764,192,mRNA
52227,17672839,17674508,1669,mRNA
52228,17679060,17679255,195,mRNA
52229,17678272,17678782,510,mRNA
52230,17677826,17677919,93,mRNA
52231,17675911,17676593,682,mRNA
52232,17674827,17675837,1010,mRNA
52233,17674572,17674764,192,mRNA
52234,17673287,17674508,1221,mRNA
52235,17678272,17678404,132,CDS
52236,17677826,17677919,93,CDS
52237,17675911,17676593,682,CDS
52238,17674827,17675837,1010,CDS
52239,17674572,17674764,192,CDS
52240,17674310,17674508,198,CDS
52241,17678272,17678404,132,CDS
52242,17677826,17677919,93,CDS
52243,17675911,17676593,682,CDS
52244,17674827,17675837,1010,CDS
52245,17674572,17674764,192,CDS
52246,17674310,17674508,198,CDS
52247,17678272,17678404,132,CDS
52248,17677826,17677919,93,CDS
52249,17675911,17676593,682,CDS
52250,17674827,17675837,1010,CDS
52251,17674572,17674764,192,CDS
52252,17674310,17674508,198,CDS
52253,17683574,17690822,7248,gene
52254,17683574,17683728,154,mRNA
52255,17687258,17687492,234,mRNA
52256,17687556,17687798,242,mRNA
52257,17687854,17687948,94,mRNA
52258,17688007,17689525,1518,mRNA
52259,17689583,17689815,232,mRNA
52260,17689874,17690822,948,mRNA
52261,17683718,17683728,10,CDS
52262,17687258,17687492,234,CDS
52263,17687556,17687798,242,CDS
52264,17687854,17687948,94,CDS
52265,17688007,17689525,1518,CDS
52266,17689583,17689815,232,CDS
52267,17689874,17690042,168,CDS
52268,17684855,17685548,693,gene
52269,17684855,17684904,49,mRNA
52270,17684974,17685095,121,mRNA
52271,17685155,17685548,393,mRNA
52272,17684884,17684904,20,CDS
52273,17684974,17685095,121,CDS
52274,17685155,17685398,243,CDS
52275,17685814,17686410,596,gene
52276,17685814,17685866,52,mRNA
52277,17685920,17686044,124,mRNA
52278,17686107,17686410,303,mRNA
52279,17685843,17685866,23,CDS
52280,17685920,17686044,124,CDS
52281,17686107,17686338,231,CDS
52282,17686691,17686938,247,mRNA
52283,17687258,17687492,234,mRNA
52284,17687556,17687798,242,mRNA
52285,17687854,17687948,94,mRNA
52286,17688007,17689525,1518,mRNA
52287,17689583,17689815,232,mRNA
52288,17689874,17690822,948,mRNA
52289,17686856,17686938,82,CDS
52290,17687258,17687492,234,CDS
52291,17687556,17687798,242,CDS
52292,17687854,17687948,94,CDS
52293,17688007,17689525,1518,CDS
52294,17689583,17689815,232,CDS
52295,17689874,17690042,168,CDS
52296,17690275,17695353,5078,gene
52297,17695011,17695353,342,mRNA
52298,17692579,17692791,212,mRNA
52299,17691943,17692426,483,mRNA
52300,17691704,17691883,179,mRNA
52301,17690275,17691636,1361,mRNA
52302,17695011,17695084,73,CDS
52303,17692579,17692791,212,CDS
52304,17691943,17692426,483,CDS
52305,17691704,17691883,179,CDS
52306,17691088,17691636,548,CDS
52307,17695776,17698362,2586,gene
52308,17698204,17698362,158,mRNA
52309,17697985,17698133,148,mRNA
52310,17697832,17697920,88,mRNA
52311,17696929,17696936,7,mRNA
52312,17696801,17696872,71,mRNA
52313,17696612,17696741,129,mRNA
52314,17695776,17696550,774,mRNA
52315,17698204,17698254,50,CDS
52316,17697985,17698133,148,CDS
52317,17697832,17697920,88,CDS
52318,17696929,17696936,7,CDS
52319,17696801,17696872,71,CDS
52320,17696612,17696741,129,CDS
52321,17696228,17696550,322,CDS
52322,17697532,17698796,1264,gene
52323,17697532,17697730,198,ncRNA
52324,17698167,17698796,629,ncRNA
52325,17699097,17703344,4247,gene
52326,17699097,17699168,71,ncRNA
52327,17699351,17699449,98,ncRNA
52328,17699858,17699897,39,ncRNA
52329,17700081,17700185,104,ncRNA
52330,17700382,17700433,51,ncRNA
52331,17700635,17700703,68,ncRNA
52332,17700901,17700942,41,ncRNA
52333,17701134,17701192,58,ncRNA
52334,17701369,17701414,45,ncRNA
52335,17701596,17701649,53,ncRNA
52336,17701834,17701894,60,ncRNA
52337,17702075,17702125,50,ncRNA
52338,17702315,17702369,54,ncRNA
52339,17702547,17702598,51,ncRNA
52340,17702779,17702841,62,ncRNA
52341,17703021,17703064,43,ncRNA
52342,17703244,17703344,100,ncRNA
52343,17699097,17699168,71,ncRNA
52344,17699351,17699444,93,ncRNA
52345,17699858,17699897,39,ncRNA
52346,17700081,17700185,104,ncRNA
52347,17700382,17700433,51,ncRNA
52348,17700635,17700703,68,ncRNA
52349,17700901,17700942,41,ncRNA
52350,17701134,17701192,58,ncRNA
52351,17701369,17701414,45,ncRNA
52352,17701596,17701649,53,ncRNA
52353,17701834,17701894,60,ncRNA
52354,17702075,17702125,50,ncRNA
52355,17702315,17702369,54,ncRNA
52356,17702547,17702598,51,ncRNA
52357,17702779,17702841,62,ncRNA
52358,17703021,17703064,43,ncRNA
52359,17703244,17703344,100,ncRNA
52360,17699208,17699276,68,gene
52361,17699208,17699276,68,ncRNA
52362,17699702,17699788,86,gene
52363,17699702,17699788,86,ncRNA
52364,17699932,17700004,72,gene
52365,17699932,17700004,72,ncRNA
52366,17700220,17700305,85,gene
52367,17700220,17700305,85,ncRNA
52368,17700472,17700559,87,gene
52369,17700472,17700559,87,ncRNA
52370,17700741,17700813,72,gene
52371,17700741,17700813,72,ncRNA
52372,17700976,17701062,86,gene
52373,17700976,17701062,86,ncRNA
52374,17701229,17701297,68,gene
52375,17701229,17701297,68,ncRNA
52376,17701447,17701523,76,gene
52377,17701447,17701523,76,ncRNA
52378,17701689,17701764,75,gene
52379,17701689,17701764,75,ncRNA
52380,17701936,17702002,66,gene
52381,17701936,17702002,66,ncRNA
52382,17702172,17702238,66,gene
52383,17702172,17702238,66,ncRNA
52384,17702411,17702477,66,gene
52385,17702411,17702477,66,ncRNA
52386,17702637,17702708,71,gene
52387,17702637,17702708,71,ncRNA
52388,17702873,17702949,76,gene
52389,17702873,17702949,76,ncRNA
52390,17703102,17703168,66,gene
52391,17703102,17703168,66,ncRNA
52392,17703335,17719346,16011,gene
52393,17703335,17719346,16011,gene
52394,17719174,17719346,172,mRNA
52395,17715706,17717749,2043,mRNA
52396,17706354,17708045,1691,mRNA
52397,17703335,17705190,1855,mRNA
52398,17719174,17719346,172,mRNA
52399,17715706,17717749,2043,mRNA
52400,17706354,17708045,1691,mRNA
52401,17703335,17705190,1855,mRNA
52402,17715706,17717270,1564,mRNA
52403,17706354,17708045,1691,mRNA
52404,17703335,17705190,1855,mRNA
52405,17715706,17717270,1564,mRNA
52406,17706354,17708045,1691,mRNA
52407,17703335,17705190,1855,mRNA
52408,17715706,17716493,787,mRNA
52409,17706354,17708045,1691,mRNA
52410,17703335,17705190,1855,mRNA
52411,17708609,17709087,478,mRNA
52412,17706354,17708045,1691,mRNA
52413,17703335,17705190,1855,mRNA
52414,17706354,17708039,1685,CDS
52415,17704480,17705190,710,CDS
52416,17706354,17708039,1685,CDS
52417,17704480,17705190,710,CDS
52418,17706354,17708039,1685,CDS
52419,17704480,17705190,710,CDS
52420,17706354,17708039,1685,CDS
52421,17704480,17705190,710,CDS
52422,17716682,17716729,47,CDS
52423,17716682,17716729,47,CDS
52424,17722339,17723381,1042,gene
52425,17722339,17723381,1042,mRNA
52426,17722418,17723002,584,CDS
52427,17723309,17725056,1747,gene
52428,17723309,17723485,176,mRNA
52429,17723772,17723895,123,mRNA
52430,17723956,17725056,1100,mRNA
52431,17723440,17723485,45,CDS
52432,17723772,17723895,123,CDS
52433,17723956,17724853,897,CDS
52434,17725030,17726847,1817,gene
52435,17725699,17726847,1148,mRNA
52436,17725502,17725638,136,mRNA
52437,17725030,17725442,412,mRNA
52438,17725699,17726724,1025,CDS
52439,17725502,17725638,136,CDS
52440,17725382,17725442,60,CDS
52441,17726914,17732987,6073,gene
52442,17726914,17732987,6073,gene
52443,17726914,17726949,35,mRNA
52444,17727004,17728084,1080,mRNA
52445,17728146,17728521,375,mRNA
52446,17731104,17731384,280,mRNA
52447,17731467,17732141,674,mRNA
52448,17732198,17732275,77,mRNA
52449,17732324,17732579,255,mRNA
52450,17732638,17732987,349,mRNA
52451,17726914,17726949,35,mRNA
52452,17727004,17728084,1080,mRNA
52453,17728146,17728521,375,mRNA
52454,17731104,17731384,280,mRNA
52455,17731467,17732141,674,mRNA
52456,17732198,17732275,77,mRNA
52457,17732345,17732579,234,mRNA
52458,17732638,17732987,349,mRNA
52459,17726914,17726949,35,mRNA
52460,17727004,17728084,1080,mRNA
52461,17728146,17728521,375,mRNA
52462,17731104,17731384,280,mRNA
52463,17731467,17732141,674,mRNA
52464,17732198,17732275,77,mRNA
52465,17732345,17732579,234,mRNA
52466,17732638,17732987,349,mRNA
52467,17726914,17726949,35,mRNA
52468,17727004,17728084,1080,mRNA
52469,17728146,17728631,485,mRNA
52470,17726938,17726949,11,CDS
52471,17727004,17728084,1080,CDS
52472,17728146,17728309,163,CDS
52473,17726938,17726949,11,CDS
52474,17727004,17728084,1080,CDS
52475,17728146,17728309,163,CDS
52476,17728963,17729312,349,mRNA
52477,17731104,17731384,280,mRNA
52478,17731467,17732141,674,mRNA
52479,17732198,17732275,77,mRNA
52480,17732324,17732579,255,mRNA
52481,17732638,17732987,349,mRNA
52482,17728963,17729312,349,mRNA
52483,17731104,17731384,280,mRNA
52484,17731467,17732141,674,mRNA
52485,17732198,17732275,77,mRNA
52486,17732345,17732579,234,mRNA
52487,17732638,17732987,349,mRNA
52488,17731204,17731384,180,CDS
52489,17731467,17732141,674,CDS
52490,17732198,17732275,77,CDS
52491,17732324,17732579,255,CDS
52492,17732638,17732791,153,CDS
52493,17731204,17731384,180,CDS
52494,17731467,17732141,674,CDS
52495,17732198,17732275,77,CDS
52496,17732324,17732579,255,CDS
52497,17732638,17732791,153,CDS
52498,17731204,17731384,180,CDS
52499,17731467,17732141,674,CDS
52500,17732198,17732275,77,CDS
52501,17732345,17732579,234,CDS
52502,17732638,17732791,153,CDS
52503,17731204,17731384,180,CDS
52504,17731467,17732141,674,CDS
52505,17732198,17732275,77,CDS
52506,17732345,17732579,234,CDS
52507,17732638,17732791,153,CDS
52508,17733238,17734483,1245,gene
52509,17733238,17733471,233,mRNA
52510,17733534,17734483,949,mRNA
52511,17733469,17733471,2,CDS
52512,17733534,17734382,848,CDS
52513,17734419,17737269,2850,gene
52514,17737096,17737269,173,mRNA
52515,17736332,17737033,701,mRNA
52516,17734419,17736276,1857,mRNA
52517,17737090,17737269,179,mRNA
52518,17736332,17737033,701,mRNA
52519,17734419,17736276,1857,mRNA
52520,17736332,17737005,673,CDS
52521,17735316,17736276,960,CDS
52522,17736332,17737005,673,CDS
52523,17735316,17736276,960,CDS
52524,17737622,17739685,2063,gene
52525,17739448,17739685,237,mRNA
52526,17739133,17739378,245,mRNA
52527,17738828,17739065,237,mRNA
52528,17737622,17738771,1149,mRNA
52529,17739448,17739685,237,mRNA
52530,17739133,17739378,245,mRNA
52531,17738828,17739065,237,mRNA
52532,17737852,17738771,919,mRNA
52533,17739448,17739549,101,CDS
52534,17739133,17739378,245,CDS
52535,17738828,17739065,237,CDS
52536,17737918,17738771,853,CDS
52537,17739448,17739549,101,CDS
52538,17739133,17739378,245,CDS
52539,17738828,17739065,237,CDS
52540,17737918,17738771,853,CDS
52541,17739901,17743969,4068,gene
52542,17739901,17740044,143,mRNA
52543,17740139,17740357,218,mRNA
52544,17740415,17740732,317,mRNA
52545,17740790,17741647,857,mRNA
52546,17741712,17742043,331,mRNA
52547,17742101,17742266,165,mRNA
52548,17742323,17742433,110,mRNA
52549,17742490,17742813,323,mRNA
52550,17742872,17742984,112,mRNA
52551,17743052,17743969,917,mRNA
52552,17739979,17740044,65,CDS
52553,17740139,17740357,218,CDS
52554,17740415,17740732,317,CDS
52555,17740790,17741647,857,CDS
52556,17741712,17742043,331,CDS
52557,17742101,17742266,165,CDS
52558,17742323,17742433,110,CDS
52559,17742490,17742813,323,CDS
52560,17742872,17742984,112,CDS
52561,17743052,17743445,393,CDS
52562,17744101,17746005,1904,gene
52563,17744101,17746005,1904,mRNA
52564,17744101,17745861,1760,CDS
52565,17745500,17748078,2578,gene
52566,17747438,17748078,640,mRNA
52567,17746178,17747376,1198,mRNA
52568,17745500,17746119,619,mRNA
52569,17747438,17748078,640,mRNA
52570,17746178,17747376,1198,mRNA
52571,17745837,17746119,282,mRNA
52572,17747438,17747978,540,CDS
52573,17746178,17747376,1198,CDS
52574,17745973,17746119,146,CDS
52575,17747438,17747978,540,CDS
52576,17746178,17747376,1198,CDS
52577,17745973,17746119,146,CDS
52578,17748935,17750136,1201,gene
52579,17748935,17750136,1201,mRNA
52580,17749018,17750055,1037,CDS
52581,17750293,17753214,2921,gene
52582,17750293,17750450,157,mRNA
52583,17750772,17751071,299,mRNA
52584,17751131,17751355,224,mRNA
52585,17751430,17751545,115,mRNA
52586,17751771,17752074,303,mRNA
52587,17752134,17752436,302,mRNA
52588,17752499,17752644,145,mRNA
52589,17752707,17752877,170,mRNA
52590,17752940,17753214,274,mRNA
52591,17750435,17750450,15,CDS
52592,17750772,17751071,299,CDS
52593,17751131,17751355,224,CDS
52594,17751430,17751545,115,CDS
52595,17751771,17752074,303,CDS
52596,17752134,17752436,302,CDS
52597,17752499,17752644,145,CDS
52598,17752707,17752877,170,CDS
52599,17752940,17753146,206,CDS
52600,17753555,17756422,2867,gene
52601,17754801,17756422,1621,mRNA
52602,17754605,17754747,142,mRNA
52603,17753555,17754539,984,mRNA
52604,17754801,17756378,1577,CDS
52605,17754605,17754747,142,CDS
52606,17753576,17754539,963,CDS
52607,17757405,17760517,3112,gene
52608,17757405,17757650,245,mRNA
52609,17758087,17758436,349,mRNA
52610,17760036,17760517,481,mRNA
52611,17757575,17757650,75,CDS
52612,17758087,17758436,349,CDS
52613,17760036,17760338,302,CDS
52614,17760940,17764541,3601,gene
52615,17760940,17761389,449,mRNA
52616,17762129,17762288,159,mRNA
52617,17762343,17762635,292,mRNA
52618,17762693,17762988,295,mRNA
52619,17763048,17763664,616,mRNA
52620,17763730,17763835,105,mRNA
52621,17763899,17764051,152,mRNA
52622,17764111,17764541,430,mRNA
52623,17761266,17761389,123,CDS
52624,17762129,17762288,159,CDS
52625,17762343,17762635,292,CDS
52626,17762693,17762988,295,CDS
52627,17763048,17763664,616,CDS
52628,17763730,17763835,105,CDS
52629,17763899,17764051,152,CDS
52630,17764111,17764371,260,CDS
52631,17764574,17767070,2496,gene
52632,17766869,17767070,201,mRNA
52633,17766461,17766699,238,mRNA
52634,17765111,17766392,1281,mRNA
52635,17764574,17765048,474,mRNA
52636,17766869,17767070,201,mRNA
52637,17766461,17766699,238,mRNA
52638,17765111,17766392,1281,mRNA
52639,17764574,17765051,477,mRNA
52640,17766869,17766881,12,CDS
52641,17766461,17766699,238,CDS
52642,17765111,17766392,1281,CDS
52643,17764681,17765048,367,CDS
52644,17766869,17766881,12,CDS
52645,17766461,17766699,238,CDS
52646,17765111,17766392,1281,CDS
52647,17764681,17765051,370,CDS
52648,17766393,17766460,67,gene
52649,17766393,17766460,67,precursor_RNA
52650,17766405,17766426,21,ncRNA
52651,17766439,17766460,21,ncRNA
52652,17766865,17767145,280,gene
52653,17766865,17767145,280,ncRNA
52654,17767165,17767786,621,gene
52655,17767619,17767786,167,mRNA
52656,17767165,17767565,400,mRNA
52657,17767619,17767724,105,CDS
52658,17767267,17767565,298,CDS
52659,17767808,17769989,2181,gene
52660,17769551,17769989,438,mRNA
52661,17769286,17769491,205,mRNA
52662,17767808,17769235,1427,mRNA
52663,17769551,17769906,355,CDS
52664,17769286,17769491,205,CDS
52665,17767848,17769235,1387,CDS
52666,17770405,17772552,2147,gene
52667,17772416,17772552,136,mRNA
52668,17771882,17772256,374,mRNA
52669,17770405,17771767,1362,mRNA
52670,17772416,17772552,136,CDS
52671,17771882,17772256,374,CDS
52672,17770405,17771767,1362,CDS
52673,17773964,17781930,7966,gene
52674,17773964,17781930,7966,gene
52675,17781770,17781930,160,mRNA
52676,17781341,17781487,146,mRNA
52677,17780601,17781279,678,mRNA
52678,17778213,17780469,2256,mRNA
52679,17776158,17778152,1994,mRNA
52680,17775934,17776096,162,mRNA
52681,17775717,17775874,157,mRNA
52682,17775493,17775654,161,mRNA
52683,17773964,17775435,1471,mRNA
52684,17781770,17781930,160,mRNA
52685,17781341,17781487,146,mRNA
52686,17780601,17781279,678,mRNA
52687,17778213,17780469,2256,mRNA
52688,17776158,17778152,1994,mRNA
52689,17775934,17776096,162,mRNA
52690,17775717,17775874,157,mRNA
52691,17775493,17775654,161,mRNA
52692,17773964,17775435,1471,mRNA
52693,17781770,17781930,160,mRNA
52694,17781341,17781487,146,mRNA
52695,17780601,17781279,678,mRNA
52696,17778213,17780469,2256,mRNA
52697,17776158,17778152,1994,mRNA
52698,17775934,17776096,162,mRNA
52699,17775717,17775874,157,mRNA
52700,17775493,17775654,161,mRNA
52701,17775123,17775435,312,mRNA
52702,17781770,17781930,160,mRNA
52703,17781341,17781487,146,mRNA
52704,17780601,17781279,678,mRNA
52705,17778213,17780469,2256,mRNA
52706,17776158,17778152,1994,mRNA
52707,17775934,17776096,162,mRNA
52708,17775717,17775874,157,mRNA
52709,17775493,17775654,161,mRNA
52710,17775123,17775435,312,mRNA
52711,17781770,17781930,160,mRNA
52712,17781341,17781487,146,mRNA
52713,17780601,17781279,678,mRNA
52714,17778213,17780469,2256,mRNA
52715,17776158,17778152,1994,mRNA
52716,17775934,17776096,162,mRNA
52717,17775717,17775874,157,mRNA
52718,17775493,17775654,161,mRNA
52719,17775123,17775435,312,mRNA
52720,17780601,17781107,506,CDS
52721,17778213,17780469,2256,CDS
52722,17776158,17778152,1994,CDS
52723,17775934,17776096,162,CDS
52724,17775717,17775874,157,CDS
52725,17775493,17775654,161,CDS
52726,17775248,17775435,187,CDS
52727,17780601,17781107,506,CDS
52728,17778213,17780469,2256,CDS
52729,17776158,17778152,1994,CDS
52730,17775934,17776096,162,CDS
52731,17775717,17775874,157,CDS
52732,17775493,17775654,161,CDS
52733,17775248,17775435,187,CDS
52734,17781770,17781781,11,CDS
52735,17781341,17781487,146,CDS
52736,17781100,17781279,179,CDS
52737,17781770,17781781,11,CDS
52738,17781341,17781487,146,CDS
52739,17781196,17781279,83,CDS
52740,17781770,17781781,11,CDS
52741,17781341,17781487,146,CDS
52742,17781196,17781279,83,CDS
52743,17782416,17783563,1147,mobile_element
52744,17783795,17783886,91,gene
52745,17783795,17783886,91,precursor_RNA
52746,17783806,17783827,21,ncRNA
52747,17783851,17783873,22,ncRNA
52748,17784079,17784264,185,mobile_element
52749,17786135,17788556,2421,gene
52750,17786135,17786244,109,mRNA
52751,17786300,17786740,440,mRNA
52752,17786794,17788556,1762,mRNA
52753,17786203,17786244,41,CDS
52754,17786300,17786740,440,CDS
52755,17786794,17788413,1619,CDS
52756,17788412,17789410,998,gene
52757,17788412,17789410,998,mRNA
52758,17788638,17789102,464,CDS
52759,17789679,17792448,2769,gene
52760,17789679,17789848,169,mRNA
52761,17789919,17791233,1314,mRNA
52762,17791297,17791784,487,mRNA
52763,17791845,17792140,295,mRNA
52764,17792204,17792448,244,mRNA
52765,17789747,17789848,101,CDS
52766,17789919,17791233,1314,CDS
52767,17791297,17791784,487,CDS
52768,17791845,17792140,295,CDS
52769,17792204,17792357,153,CDS
52770,17792870,17800677,7807,gene
52771,17792870,17794550,1680,mRNA
52772,17795119,17795428,309,mRNA
52773,17797054,17797131,77,mRNA
52774,17797202,17797263,61,mRNA
52775,17797328,17797616,288,mRNA
52776,17797685,17798287,602,mRNA
52777,17798939,17800677,1738,mRNA
52778,17792870,17794550,1680,mRNA
52779,17795119,17795428,309,mRNA
52780,17795596,17795604,8,mRNA
52781,17797054,17797131,77,mRNA
52782,17797202,17797263,61,mRNA
52783,17797328,17797616,288,mRNA
52784,17797685,17798128,443,mRNA
52785,17795127,17795428,301,CDS
52786,17795596,17795604,8,CDS
52787,17797054,17797131,77,CDS
52788,17797202,17797263,61,CDS
52789,17797328,17797616,288,CDS
52790,17797685,17797769,84,CDS
52791,17795127,17795428,301,CDS
52792,17797054,17797131,77,CDS
52793,17797202,17797263,61,CDS
52794,17797328,17797616,288,CDS
52795,17797685,17797769,84,CDS
52796,17798461,17798874,413,mobile_element
52797,17800685,17801707,1022,gene
52798,17800685,17801707,1022,ncRNA
52799,17800685,17801469,784,ncRNA
52800,17800685,17801061,376,ncRNA
52801,17801132,17842820,41688,gene
52802,17801132,17801211,79,mRNA
52803,17801485,17803391,1906,mRNA
52804,17808099,17809654,1555,mRNA
52805,17821000,17821411,411,mRNA
52806,17828331,17828554,223,mRNA
52807,17828743,17828905,162,mRNA
52808,17830997,17831108,111,mRNA
52809,17831671,17831765,94,mRNA
52810,17834615,17834671,56,mRNA
52811,17835751,17835849,98,mRNA
52812,17839042,17839439,397,mRNA
52813,17839594,17839789,195,mRNA
52814,17840435,17840499,64,mRNA
52815,17840748,17841613,865,mRNA
52816,17802246,17803391,1145,mRNA
52817,17808099,17809654,1555,mRNA
52818,17821000,17821411,411,mRNA
52819,17827134,17827328,194,mRNA
52820,17827395,17828009,614,mRNA
52821,17828331,17828554,223,mRNA
52822,17828743,17828905,162,mRNA
52823,17830997,17831108,111,mRNA
52824,17831671,17831765,94,mRNA
52825,17834615,17834671,56,mRNA
52826,17835751,17835849,98,mRNA
52827,17839042,17839439,397,mRNA
52828,17839594,17839789,195,mRNA
52829,17840435,17840499,64,mRNA
52830,17840748,17841613,865,mRNA
52831,17802867,17803391,524,mRNA
52832,17808099,17809654,1555,mRNA
52833,17821000,17821411,411,mRNA
52834,17827134,17827328,194,mRNA
52835,17827395,17828009,614,mRNA
52836,17828331,17828554,223,mRNA
52837,17828743,17828905,162,mRNA
52838,17830997,17831108,111,mRNA
52839,17831671,17831765,94,mRNA
52840,17834615,17834671,56,mRNA
52841,17835751,17835849,98,mRNA
52842,17839042,17839221,179,mRNA
52843,17839315,17839439,124,mRNA
52844,17839594,17839789,195,mRNA
52845,17840435,17840499,64,mRNA
52846,17840748,17842820,2072,mRNA
52847,17802867,17803391,524,mRNA
52848,17808099,17809654,1555,mRNA
52849,17821000,17821411,411,mRNA
52850,17828331,17828554,223,mRNA
52851,17828743,17828905,162,mRNA
52852,17830997,17831108,111,mRNA
52853,17831671,17831765,94,mRNA
52854,17834615,17834671,56,mRNA
52855,17835751,17835849,98,mRNA
52856,17839042,17839439,397,mRNA
52857,17839594,17839789,195,mRNA
52858,17840435,17840499,64,mRNA
52859,17840748,17841613,865,mRNA
52860,17802867,17803391,524,mRNA
52861,17808099,17809654,1555,mRNA
52862,17821000,17821411,411,mRNA
52863,17828331,17828554,223,mRNA
52864,17828743,17828905,162,mRNA
52865,17830997,17831108,111,mRNA
52866,17831671,17831765,94,mRNA
52867,17834615,17834671,56,mRNA
52868,17835751,17835849,98,mRNA
52869,17839042,17839221,179,mRNA
52870,17839315,17839439,124,mRNA
52871,17839594,17839789,195,mRNA
52872,17840435,17840499,64,mRNA
52873,17840748,17840910,162,mRNA
52874,17808411,17809654,1243,CDS
52875,17821000,17821411,411,CDS
52876,17827134,17827328,194,CDS
52877,17827395,17828009,614,CDS
52878,17828331,17828554,223,CDS
52879,17828743,17828905,162,CDS
52880,17830997,17831108,111,CDS
52881,17831671,17831765,94,CDS
52882,17834615,17834671,56,CDS
52883,17835751,17835849,98,CDS
52884,17839042,17839439,397,CDS
52885,17839594,17839789,195,CDS
52886,17840435,17840499,64,CDS
52887,17840748,17840874,126,CDS
52888,17808411,17809654,1243,CDS
52889,17821000,17821411,411,CDS
52890,17827134,17827328,194,CDS
52891,17827395,17828009,614,CDS
52892,17828331,17828554,223,CDS
52893,17828743,17828905,162,CDS
52894,17830997,17831108,111,CDS
52895,17831671,17831765,94,CDS
52896,17834615,17834671,56,CDS
52897,17835751,17835849,98,CDS
52898,17839042,17839221,179,CDS
52899,17839315,17839439,124,CDS
52900,17839594,17839789,195,CDS
52901,17840435,17840499,64,CDS
52902,17840748,17840874,126,CDS
52903,17808411,17809654,1243,CDS
52904,17821000,17821411,411,CDS
52905,17828331,17828554,223,CDS
52906,17828743,17828905,162,CDS
52907,17830997,17831108,111,CDS
52908,17831671,17831765,94,CDS
52909,17834615,17834671,56,CDS
52910,17835751,17835849,98,CDS
52911,17839042,17839439,397,CDS
52912,17839594,17839789,195,CDS
52913,17840435,17840499,64,CDS
52914,17840748,17840874,126,CDS
52915,17808411,17809654,1243,CDS
52916,17821000,17821411,411,CDS
52917,17828331,17828554,223,CDS
52918,17828743,17828905,162,CDS
52919,17830997,17831108,111,CDS
52920,17831671,17831765,94,CDS
52921,17834615,17834671,56,CDS
52922,17835751,17835849,98,CDS
52923,17839042,17839439,397,CDS
52924,17839594,17839789,195,CDS
52925,17840435,17840499,64,CDS
52926,17840748,17840874,126,CDS
52927,17808411,17809654,1243,CDS
52928,17821000,17821411,411,CDS
52929,17828331,17828554,223,CDS
52930,17828743,17828905,162,CDS
52931,17830997,17831108,111,CDS
52932,17831671,17831765,94,CDS
52933,17834615,17834671,56,CDS
52934,17835751,17835849,98,CDS
52935,17839042,17839221,179,CDS
52936,17839315,17839439,124,CDS
52937,17839594,17839789,195,CDS
52938,17840435,17840499,64,CDS
52939,17840748,17840874,126,CDS
52940,17814344,17814752,408,mRNA
52941,17817379,17817720,341,mRNA
52942,17821000,17821411,411,mRNA
52943,17828331,17828554,223,mRNA
52944,17828743,17828905,162,mRNA
52945,17830997,17831108,111,mRNA
52946,17831671,17831765,94,mRNA
52947,17834615,17834671,56,mRNA
52948,17835751,17835849,98,mRNA
52949,17839042,17839439,397,mRNA
52950,17839594,17839789,195,mRNA
52951,17840435,17840499,64,mRNA
52952,17840748,17841613,865,mRNA
52953,17814688,17814752,64,CDS
52954,17817379,17817720,341,CDS
52955,17821000,17821411,411,CDS
52956,17828331,17828554,223,CDS
52957,17828743,17828905,162,CDS
52958,17830997,17831108,111,CDS
52959,17831671,17831765,94,CDS
52960,17834615,17834671,56,CDS
52961,17835751,17835849,98,CDS
52962,17839042,17839439,397,CDS
52963,17839594,17839789,195,CDS
52964,17840435,17840499,64,CDS
52965,17840748,17840874,126,CDS
52966,17818916,17827837,8921,mobile_element
52967,17823565,17823751,186,mRNA
52968,17827134,17827328,194,mRNA
52969,17827395,17828009,614,mRNA
52970,17828331,17828554,223,mRNA
52971,17828743,17828905,162,mRNA
52972,17830997,17831108,111,mRNA
52973,17831671,17831765,94,mRNA
52974,17834615,17834671,56,mRNA
52975,17835751,17835849,98,mRNA
52976,17839042,17839221,179,mRNA
52977,17839315,17839439,124,mRNA
52978,17839594,17839789,195,mRNA
52979,17840435,17840499,64,mRNA
52980,17840748,17841528,780,mRNA
52981,17823565,17823745,180,mRNA
52982,17827134,17827328,194,mRNA
52983,17827395,17828009,614,mRNA
52984,17828331,17828554,223,mRNA
52985,17828743,17828905,162,mRNA
52986,17830997,17831108,111,mRNA
52987,17831671,17831765,94,mRNA
52988,17834615,17834671,56,mRNA
52989,17835751,17835849,98,mRNA
52990,17839042,17839439,397,mRNA
52991,17839594,17839789,195,mRNA
52992,17840435,17840499,64,mRNA
52993,17840748,17841528,780,mRNA
52994,17827290,17827328,38,CDS
52995,17827395,17828009,614,CDS
52996,17828331,17828554,223,CDS
52997,17828743,17828905,162,CDS
52998,17830997,17831108,111,CDS
52999,17831671,17831765,94,CDS
53000,17834615,17834671,56,CDS
53001,17835751,17835849,98,CDS
53002,17839042,17839439,397,CDS
53003,17839594,17839789,195,CDS
53004,17840435,17840499,64,CDS
53005,17840748,17840874,126,CDS
53006,17827290,17827328,38,CDS
53007,17827395,17828009,614,CDS
53008,17828331,17828554,223,CDS
53009,17828743,17828905,162,CDS
53010,17830997,17831108,111,CDS
53011,17831671,17831765,94,CDS
53012,17834615,17834671,56,CDS
53013,17835751,17835849,98,CDS
53014,17839042,17839221,179,CDS
53015,17839315,17839439,124,CDS
53016,17839594,17839789,195,CDS
53017,17840435,17840499,64,CDS
53018,17840748,17840874,126,CDS
53019,17843442,17860582,17140,gene
53020,17843442,17843964,522,mRNA
53021,17844191,17844415,224,mRNA
53022,17851058,17851460,402,mRNA
53023,17857642,17857797,155,mRNA
53024,17859258,17860582,1324,mRNA
53025,17843442,17843964,522,mRNA
53026,17851058,17851460,402,mRNA
53027,17857642,17857797,155,mRNA
53028,17859258,17860582,1324,mRNA
53029,17846699,17848444,1745,gene
53030,17846699,17848444,1745,mRNA
53031,17847432,17848196,764,CDS
53032,17850862,17851460,598,mRNA
53033,17855140,17857797,2657,mRNA
53034,17859258,17860582,1324,mRNA
53035,17850862,17851460,598,mRNA
53036,17857642,17857797,155,mRNA
53037,17859258,17860582,1324,mRNA
53038,17851098,17851460,362,CDS
53039,17857642,17857797,155,CDS
53040,17859258,17859794,536,CDS
53041,17851098,17851460,362,CDS
53042,17857642,17857797,155,CDS
53043,17859258,17859794,536,CDS
53044,17851098,17851460,362,CDS
53045,17857642,17857797,155,CDS
53046,17859258,17859794,536,CDS
53047,17853295,17854296,1001,gene
53048,17853295,17854296,1001,mRNA
53049,17853295,17853832,537,mRNA
53050,17853908,17854296,388,mRNA
53051,17853341,17854261,920,CDS
53052,17853341,17853832,491,CDS
53053,17853908,17854261,353,CDS
53054,17855244,17857797,2553,mRNA
53055,17859258,17860284,1026,mRNA
53056,17856811,17857797,986,CDS
53057,17859258,17859794,536,CDS
53058,17856811,17857797,986,CDS
53059,17859258,17859794,536,CDS
53060,17860760,17861591,831,gene
53061,17860760,17861207,447,mRNA
53062,17861329,17861591,262,mRNA
53063,17860799,17861207,408,CDS
53064,17861329,17861513,184,CDS
53065,17861273,17865963,4690,gene
53066,17865551,17865963,412,mRNA
53067,17864506,17865495,989,mRNA
53068,17861273,17864447,3174,mRNA
53069,17865551,17865963,412,mRNA
53070,17864506,17865495,989,mRNA
53071,17861493,17864447,2954,mRNA
53072,17865551,17865850,299,CDS
53073,17864506,17865495,989,CDS
53074,17861598,17864447,2849,CDS
53075,17865551,17865850,299,CDS
53076,17864506,17865495,989,CDS
53077,17861598,17864447,2849,CDS
53078,17866178,17872015,5837,gene
53079,17871905,17872015,110,mRNA
53080,17871565,17871661,96,mRNA
53081,17871329,17871495,166,mRNA
53082,17868432,17868808,376,mRNA
53083,17868287,17868369,82,mRNA
53084,17867326,17867559,233,mRNA
53085,17866178,17867253,1075,mRNA
53086,17871905,17872015,110,mRNA
53087,17871329,17871661,332,mRNA
53088,17868432,17868808,376,mRNA
53089,17868287,17868369,82,mRNA
53090,17867326,17867559,233,mRNA
53091,17866319,17867253,934,mRNA
53092,17871905,17872015,110,mRNA
53093,17871329,17871661,332,mRNA
53094,17868432,17868808,376,mRNA
53095,17868287,17868369,82,mRNA
53096,17867783,17868088,305,mRNA
53097,17867326,17867559,233,mRNA
53098,17866319,17867253,934,mRNA
53099,17871329,17871514,185,mRNA
53100,17868432,17868808,376,mRNA
53101,17868287,17868369,82,mRNA
53102,17867783,17868088,305,mRNA
53103,17867326,17867559,233,mRNA
53104,17867038,17867253,215,mRNA
53105,17871329,17871376,47,CDS
53106,17868432,17868808,376,CDS
53107,17868287,17868369,82,CDS
53108,17867326,17867559,233,CDS
53109,17867210,17867253,43,CDS
53110,17871329,17871376,47,CDS
53111,17868432,17868808,376,CDS
53112,17868287,17868369,82,CDS
53113,17867326,17867559,233,CDS
53114,17867210,17867253,43,CDS
53115,17871329,17871376,47,CDS
53116,17868432,17868808,376,CDS
53117,17868287,17868369,82,CDS
53118,17867783,17868088,305,CDS
53119,17867326,17867559,233,CDS
53120,17867210,17867253,43,CDS
53121,17871329,17871376,47,CDS
53122,17868432,17868808,376,CDS
53123,17868287,17868369,82,CDS
53124,17867783,17868088,305,CDS
53125,17867326,17867559,233,CDS
53126,17867210,17867253,43,CDS
53127,17869027,17869857,830,gene
53128,17869027,17869857,830,ncRNA
53129,17873939,17926695,52756,gene
53130,17873939,17873979,40,mRNA
53131,17874934,17875048,114,mRNA
53132,17898251,17898379,128,mRNA
53133,17901708,17901818,110,mRNA
53134,17901960,17902079,119,mRNA
53135,17903542,17903679,137,mRNA
53136,17907662,17907906,244,mRNA
53137,17908366,17908594,228,mRNA
53138,17909080,17909243,163,mRNA
53139,17912678,17912879,201,mRNA
53140,17914089,17914280,191,mRNA
53141,17914787,17914905,118,mRNA
53142,17915414,17915494,80,mRNA
53143,17918748,17918843,95,mRNA
53144,17921142,17921295,153,mRNA
53145,17921899,17922023,124,mRNA
53146,17923621,17926695,3074,mRNA
53147,17873939,17873979,40,mRNA
53148,17874934,17875048,114,mRNA
53149,17898251,17898379,128,mRNA
53150,17901708,17901818,110,mRNA
53151,17901960,17902079,119,mRNA
53152,17903542,17903679,137,mRNA
53153,17907647,17907906,259,mRNA
53154,17908366,17908594,228,mRNA
53155,17909080,17909243,163,mRNA
53156,17912678,17912879,201,mRNA
53157,17914101,17914280,179,mRNA
53158,17914787,17914905,118,mRNA
53159,17915414,17915494,80,mRNA
53160,17918748,17918843,95,mRNA
53161,17921142,17921295,153,mRNA
53162,17921899,17922023,124,mRNA
53163,17923621,17926540,2919,mRNA
53164,17877543,17880012,2469,gene
53165,17877543,17880012,2469,mRNA
53166,17877605,17879857,2252,CDS
53167,17880194,17882245,2051,gene
53168,17880194,17882245,2051,mRNA
53169,17880307,17882151,1844,CDS
53170,17887220,17889973,2753,gene
53171,17889545,17889973,428,mRNA
53172,17889352,17889487,135,mRNA
53173,17888788,17889282,494,mRNA
53174,17888080,17888713,633,mRNA
53175,17887670,17887922,252,mRNA
53176,17887220,17887610,390,mRNA
53177,17889545,17889900,355,CDS
53178,17889352,17889487,135,CDS
53179,17888788,17889282,494,CDS
53180,17888080,17888713,633,CDS
53181,17887670,17887922,252,CDS
53182,17887412,17887610,198,CDS
53183,17893682,17894342,660,gene
53184,17894256,17894342,86,mRNA
53185,17893682,17894194,512,mRNA
53186,17894256,17894342,86,CDS
53187,17893682,17894194,512,CDS
53188,17895078,17895578,500,gene
53189,17895078,17895578,500,mRNA
53190,17895078,17895578,500,CDS
53191,17898304,17898379,75,CDS
53192,17901708,17901818,110,CDS
53193,17901960,17902079,119,CDS
53194,17903542,17903679,137,CDS
53195,17907647,17907906,259,CDS
53196,17908366,17908594,228,CDS
53197,17909080,17909243,163,CDS
53198,17912678,17912879,201,CDS
53199,17914101,17914280,179,CDS
53200,17914787,17914905,118,CDS
53201,17915414,17915494,80,CDS
53202,17918748,17918843,95,CDS
53203,17921142,17921295,153,CDS
53204,17921899,17922023,124,CDS
53205,17923621,17925420,1799,CDS
53206,17898304,17898379,75,CDS
53207,17901708,17901818,110,CDS
53208,17901960,17902079,119,CDS
53209,17903542,17903679,137,CDS
53210,17907662,17907906,244,CDS
53211,17908366,17908594,228,CDS
53212,17909080,17909243,163,CDS
53213,17912678,17912879,201,CDS
53214,17914089,17914280,191,CDS
53215,17914787,17914905,118,CDS
53216,17915414,17915494,80,CDS
53217,17918748,17918843,95,CDS
53218,17921142,17921295,153,CDS
53219,17921899,17922023,124,CDS
53220,17923621,17925420,1799,CDS
53221,17954545,17955295,750,gene
53222,17954545,17955295,750,ncRNA
53223,17955396,17956570,1174,gene
53224,17955396,17956570,1174,mRNA
53225,17955489,17956570,1081,mRNA
53226,17955544,17956488,944,CDS
53227,17955544,17956488,944,CDS
53228,17969904,17969939,35,mobile_element
53229,17975122,18007902,32780,gene
53230,18007034,18007902,868,mRNA
53231,17989501,17990003,502,mRNA
53232,17979439,17979540,101,mRNA
53233,17978788,17978896,108,mRNA
53234,17977617,17977793,176,mRNA
53235,17977430,17977543,113,mRNA
53236,17975122,17976530,1408,mRNA
53237,18007034,18007741,707,mRNA
53238,17989501,17990003,502,mRNA
53239,17979439,17979540,101,mRNA
53240,17978788,17978896,108,mRNA
53241,17977617,17977790,173,mRNA
53242,17977430,17977543,113,mRNA
53243,17975122,17976530,1408,mRNA
53244,18007034,18007148,114,CDS
53245,17989501,17990003,502,CDS
53246,17979439,17979540,101,CDS
53247,17978788,17978896,108,CDS
53248,17977617,17977790,173,CDS
53249,17977430,17977543,113,CDS
53250,17976391,17976530,139,CDS
53251,18007034,18007148,114,CDS
53252,17989501,17990003,502,CDS
53253,17979439,17979540,101,CDS
53254,17978788,17978896,108,CDS
53255,17977617,17977793,176,CDS
53256,17977430,17977543,113,CDS
53257,17976391,17976530,139,CDS
53258,18005395,18005995,600,gene
53259,18005395,18005995,600,ncRNA
53260,18018665,18020211,1546,gene
53261,18018665,18018740,75,mRNA
53262,18019046,18019378,332,mRNA
53263,18019439,18020211,772,mRNA
53264,18018665,18018740,75,mRNA
53265,18019046,18019378,332,mRNA
53266,18019439,18019802,363,mRNA
53267,18018693,18018740,47,CDS
53268,18019046,18019378,332,CDS
53269,18019439,18019762,323,CDS
53270,18018693,18018740,47,CDS
53271,18019046,18019378,332,CDS
53272,18019439,18019762,323,CDS
53273,18020268,18022406,2138,gene
53274,18020268,18020348,80,mRNA
53275,18020429,18020761,332,mRNA
53276,18020830,18022406,1576,mRNA
53277,18020292,18020348,56,CDS
53278,18020429,18020761,332,CDS
53279,18020830,18022311,1481,CDS
53280,18032347,18032462,115,mobile_element
53281,18042296,18043744,1448,gene
53282,18043514,18043672,158,mRNA
53283,18042296,18043421,1125,mRNA
53284,18043514,18043744,230,mRNA
53285,18043067,18043421,354,mRNA
53286,18043514,18043672,158,mRNA
53287,18043067,18043421,354,mRNA
53288,18043514,18043588,74,CDS
53289,18043113,18043421,308,CDS
53290,18043514,18043588,74,CDS
53291,18043113,18043421,308,CDS
53292,18043514,18043588,74,CDS
53293,18043113,18043421,308,CDS
53294,18044046,18045073,1027,gene
53295,18044996,18045073,77,mRNA
53296,18044620,18044940,320,mRNA
53297,18044046,18044556,510,mRNA
53298,18044996,18045046,50,CDS
53299,18044620,18044940,320,CDS
53300,18044287,18044556,269,CDS
53301,18045728,18045999,271,mobile_element
53302,18046386,18047484,1098,gene
53303,18047392,18047484,92,mRNA
53304,18047001,18047327,326,mRNA
53305,18046386,18046819,433,mRNA
53306,18047392,18047442,50,CDS
53307,18047001,18047327,326,CDS
53308,18046436,18046819,383,CDS
53309,18048108,18048909,801,gene
53310,18048108,18048170,62,mRNA
53311,18048223,18048546,323,mRNA
53312,18048603,18048909,306,mRNA
53313,18048108,18048170,62,mRNA
53314,18048223,18048546,323,mRNA
53315,18048603,18048848,245,mRNA
53316,18048135,18048170,35,CDS
53317,18048223,18048546,323,CDS
53318,18048603,18048800,197,CDS
53319,18048135,18048170,35,CDS
53320,18048223,18048546,323,CDS
53321,18048603,18048800,197,CDS
53322,18048804,18049922,1118,gene
53323,18049329,18049725,396,mRNA
53324,18048804,18049244,440,mRNA
53325,18049329,18049922,593,mRNA
53326,18048907,18049244,337,mRNA
53327,18049329,18049706,377,CDS
53328,18049041,18049244,203,CDS
53329,18049329,18049706,377,CDS
53330,18049041,18049244,203,CDS
53331,18050019,18052107,2088,gene
53332,18051661,18052107,446,mRNA
53333,18050019,18051373,1354,mRNA
53334,18051661,18052107,446,mRNA
53335,18050226,18051373,1147,mRNA
53336,18051661,18052050,389,CDS
53337,18050306,18051373,1067,CDS
53338,18051661,18052050,389,CDS
53339,18050306,18051373,1067,CDS
53340,18052550,18054066,1516,gene
53341,18053629,18054066,437,mRNA
53342,18052550,18053332,782,mRNA
53343,18053629,18054006,377,CDS
53344,18052631,18053332,701,CDS
53345,18054969,18055346,377,gene
53346,18054969,18055346,377,ncRNA
53347,18056064,18057065,1001,gene
53348,18056652,18057065,413,mRNA
53349,18056064,18056559,495,mRNA
53350,18056652,18057029,377,CDS
53351,18056122,18056559,437,CDS
53352,18057915,18059075,1160,gene
53353,18057915,18059075,1160,ncRNA
53354,18062415,18093628,31213,gene
53355,18062415,18062939,524,mRNA
53356,18089962,18090665,703,mRNA
53357,18092552,18092798,246,mRNA
53358,18092863,18093066,203,mRNA
53359,18093129,18093628,499,mRNA
53360,18062704,18062939,235,mRNA
53361,18089962,18090665,703,mRNA
53362,18092552,18092798,246,mRNA
53363,18092863,18093066,203,mRNA
53364,18093129,18093628,499,mRNA
53365,18062922,18062939,17,CDS
53366,18089962,18090665,703,CDS
53367,18092552,18092798,246,CDS
53368,18092863,18093066,203,CDS
53369,18093129,18093467,338,CDS
53370,18062922,18062939,17,CDS
53371,18089962,18090665,703,CDS
53372,18092552,18092798,246,CDS
53373,18092863,18093066,203,CDS
53374,18093129,18093467,338,CDS
53375,18074172,18074489,317,gene
53376,18074172,18074260,88,ncRNA
53377,18074311,18074489,178,ncRNA
53378,18079397,18079602,205,mobile_element
53379,18079657,18080181,524,mobile_element
53380,18080942,18081860,918,mobile_element
53381,18093723,18094900,1177,gene
53382,18094791,18094900,109,mRNA
53383,18094584,18094721,137,mRNA
53384,18094165,18094531,366,mRNA
53385,18093723,18094099,376,mRNA
53386,18094584,18094736,152,mRNA
53387,18094165,18094531,366,mRNA
53388,18093723,18094099,376,mRNA
53389,18094584,18094665,81,CDS
53390,18094165,18094531,366,CDS
53391,18093913,18094099,186,CDS
53392,18094584,18094665,81,CDS
53393,18094165,18094531,366,CDS
53394,18093913,18094099,186,CDS
53395,18094940,18101031,6091,gene
53396,18094940,18095223,283,mRNA
53397,18096282,18096478,196,mRNA
53398,18096542,18096987,445,mRNA
53399,18097048,18099605,2557,mRNA
53400,18099675,18101031,1356,mRNA
53401,18095405,18095835,430,mRNA
53402,18095894,18096058,164,mRNA
53403,18096282,18096478,196,mRNA
53404,18096542,18096999,457,mRNA
53405,18097048,18099605,2557,mRNA
53406,18099675,18101031,1356,mRNA
53407,18095405,18095835,430,mRNA
53408,18095894,18096058,164,mRNA
53409,18096282,18096478,196,mRNA
53410,18096542,18096987,445,mRNA
53411,18097048,18099605,2557,mRNA
53412,18099675,18101031,1356,mRNA
53413,18095405,18095835,430,mRNA
53414,18095894,18096058,164,mRNA
53415,18096282,18096478,196,mRNA
53416,18096542,18096987,445,mRNA
53417,18097048,18099605,2557,mRNA
53418,18099675,18101031,1356,mRNA
53419,18095761,18095835,74,CDS
53420,18095894,18096058,164,CDS
53421,18096282,18096478,196,CDS
53422,18096542,18096987,445,CDS
53423,18097048,18099605,2557,CDS
53424,18099675,18100253,578,CDS
53425,18095761,18095835,74,CDS
53426,18095894,18096058,164,CDS
53427,18096282,18096478,196,CDS
53428,18096542,18096999,457,CDS
53429,18097048,18099605,2557,CDS
53430,18099675,18100208,533,CDS
53431,18095761,18095835,74,CDS
53432,18095894,18096058,164,CDS
53433,18096282,18096478,196,CDS
53434,18096542,18096987,445,CDS
53435,18097048,18099605,2557,CDS
53436,18099675,18100208,533,CDS
53437,18096300,18096478,178,CDS
53438,18096542,18096987,445,CDS
53439,18097048,18099605,2557,CDS
53440,18099675,18100208,533,CDS
53441,18101061,18108389,7328,gene
53442,18108144,18108389,245,mRNA
53443,18105084,18105310,226,mRNA
53444,18104001,18104938,937,mRNA
53445,18102237,18102372,135,mRNA
53446,18101061,18102179,1118,mRNA
53447,18108144,18108389,245,mRNA
53448,18105084,18105310,226,mRNA
53449,18104001,18104938,937,mRNA
53450,18102237,18103806,1569,mRNA
53451,18101061,18102179,1118,mRNA
53452,18105084,18105309,225,CDS
53453,18104001,18104938,937,CDS
53454,18102237,18102372,135,CDS
53455,18101251,18102179,928,CDS
53456,18105084,18105309,225,CDS
53457,18104001,18104938,937,CDS
53458,18102237,18103806,1569,CDS
53459,18101251,18102179,928,CDS
53460,18109985,18110494,509,gene
53461,18109985,18110494,509,mRNA
53462,18110000,18110239,239,CDS
53463,18111738,18115542,3804,mobile_element
53464,18117896,18125779,7883,gene
53465,18125555,18125779,224,mRNA
53466,18124694,18124927,233,mRNA
53467,18120728,18122862,2134,mRNA
53468,18120467,18120664,197,mRNA
53469,18120024,18120403,379,mRNA
53470,18117896,18119963,2067,mRNA
53471,18123745,18123873,128,mRNA
53472,18120728,18122862,2134,mRNA
53473,18120467,18120664,197,mRNA
53474,18120024,18120403,379,mRNA
53475,18117896,18119963,2067,mRNA
53476,18125555,18125779,224,mRNA
53477,18124694,18124927,233,mRNA
53478,18120728,18122862,2134,mRNA
53479,18120467,18120664,197,mRNA
53480,18120024,18120400,376,mRNA
53481,18119624,18119963,339,mRNA
53482,18124694,18124878,184,CDS
53483,18120728,18122862,2134,CDS
53484,18120467,18120664,197,CDS
53485,18120024,18120400,376,CDS
53486,18119781,18119963,182,CDS
53487,18124694,18124878,184,CDS
53488,18120728,18122862,2134,CDS
53489,18120467,18120664,197,CDS
53490,18120024,18120403,379,CDS
53491,18119781,18119963,182,CDS
53492,18120728,18122711,1983,CDS
53493,18120467,18120664,197,CDS
53494,18120024,18120403,379,CDS
53495,18119781,18119963,182,CDS
53496,18126347,18128210,1863,gene
53497,18126347,18127297,950,mRNA
53498,18127865,18128210,345,mRNA
53499,18126440,18127297,857,CDS
53500,18127865,18128131,266,CDS
53501,18128494,18130246,1752,gene
53502,18128494,18128770,276,mRNA
53503,18128976,18129101,125,mRNA
53504,18129179,18130246,1067,mRNA
53505,18128677,18128770,93,CDS
53506,18128976,18129101,125,CDS
53507,18129179,18130005,826,CDS
53508,18130303,18134634,4331,gene
53509,18134407,18134634,227,mRNA
53510,18133871,18134095,224,mRNA
53511,18133004,18133112,108,mRNA
53512,18131794,18132941,1147,mRNA
53513,18131460,18131734,274,mRNA
53514,18131282,18131387,105,mRNA
53515,18130970,18131045,75,mRNA
53516,18130303,18130906,603,mRNA
53517,18134407,18134634,227,mRNA
53518,18133871,18134095,224,mRNA
53519,18133004,18133112,108,mRNA
53520,18131794,18132941,1147,mRNA
53521,18131282,18131734,452,mRNA
53522,18130970,18131045,75,mRNA
53523,18130303,18130906,603,mRNA
53524,18134407,18134634,227,mRNA
53525,18133871,18134095,224,mRNA
53526,18133004,18133112,108,mRNA
53527,18131794,18132941,1147,mRNA
53528,18131282,18131734,452,mRNA
53529,18131136,18131189,53,mRNA
53530,18130970,18131045,75,mRNA
53531,18130303,18130906,603,mRNA
53532,18134407,18134634,227,mRNA
53533,18133871,18134108,237,mRNA
53534,18133004,18133112,108,mRNA
53535,18131794,18132941,1147,mRNA
53536,18131460,18131734,274,mRNA
53537,18131282,18131387,105,mRNA
53538,18131136,18131189,53,mRNA
53539,18130970,18131045,75,mRNA
53540,18130303,18130906,603,mRNA
53541,18133871,18134080,209,CDS
53542,18133004,18133112,108,CDS
53543,18131794,18132941,1147,CDS
53544,18131460,18131734,274,CDS
53545,18131282,18131387,105,CDS
53546,18130970,18131045,75,CDS
53547,18130755,18130906,151,CDS
53548,18133871,18134080,209,CDS
53549,18133004,18133112,108,CDS
53550,18131794,18132941,1147,CDS
53551,18131460,18131734,274,CDS
53552,18131282,18131387,105,CDS
53553,18131136,18131189,53,CDS
53554,18130970,18131045,75,CDS
53555,18130755,18130906,151,CDS
53556,18133871,18134080,209,CDS
53557,18133004,18133112,108,CDS
53558,18131794,18132941,1147,CDS
53559,18131282,18131734,452,CDS
53560,18130970,18131045,75,CDS
53561,18130755,18130906,151,CDS
53562,18133871,18134080,209,CDS
53563,18133004,18133112,108,CDS
53564,18131794,18132941,1147,CDS
53565,18131282,18131734,452,CDS
53566,18131136,18131189,53,CDS
53567,18130970,18131045,75,CDS
53568,18130755,18130906,151,CDS
53569,18135426,18139990,4564,gene
53570,18135426,18137411,1985,mRNA
53571,18137471,18137643,172,mRNA
53572,18137699,18138773,1074,mRNA
53573,18138841,18139990,1149,mRNA
53574,18135426,18137411,1985,mRNA
53575,18137471,18137643,172,mRNA
53576,18137699,18138773,1074,mRNA
53577,18138841,18139442,601,mRNA
53578,18135924,18137411,1487,CDS
53579,18137471,18137643,172,CDS
53580,18137699,18138773,1074,CDS
53581,18138841,18139236,395,CDS
53582,18135924,18137411,1487,CDS
53583,18137471,18137643,172,CDS
53584,18137699,18138773,1074,CDS
53585,18138841,18139236,395,CDS
53586,18140078,18147191,7113,gene
53587,18140078,18140332,254,mRNA
53588,18141488,18141672,184,mRNA
53589,18143413,18144897,1484,mRNA
53590,18144967,18145274,307,mRNA
53591,18145342,18146235,893,mRNA
53592,18140777,18140954,177,mRNA
53593,18141488,18141672,184,mRNA
53594,18143413,18144897,1484,mRNA
53595,18144967,18145274,307,mRNA
53596,18145342,18145618,276,mRNA
53597,18141375,18141416,41,mRNA
53598,18141488,18141672,184,mRNA
53599,18143413,18144897,1484,mRNA
53600,18144967,18145274,307,mRNA
53601,18145342,18147191,1849,mRNA
53602,18141507,18141672,165,CDS
53603,18143413,18144897,1484,CDS
53604,18144967,18145220,253,CDS
53605,18141507,18141672,165,CDS
53606,18143413,18144897,1484,CDS
53607,18144967,18145220,253,CDS
53608,18141507,18141672,165,CDS
53609,18143413,18144897,1484,CDS
53610,18144967,18145220,253,CDS
53611,18142802,18142938,136,gene
53612,18142802,18142938,136,ncRNA
53613,18143000,18143142,142,gene
53614,18143000,18143142,142,ncRNA
53615,18143179,18143324,145,gene
53616,18143179,18143324,145,ncRNA
53617,18147297,18147997,700,gene
53618,18147297,18147997,700,mRNA
53619,18147589,18147882,293,CDS
53620,18148096,18151410,3314,gene
53621,18149422,18151410,1988,mRNA
53622,18148096,18149166,1070,mRNA
53623,18148464,18151410,2946,mRNA
53624,18148464,18151410,2946,mRNA
53625,18149550,18151307,1757,CDS
53626,18149676,18151307,1631,CDS
53627,18149676,18151307,1631,CDS
53628,18151704,18154060,2356,gene
53629,18151704,18152641,937,mRNA
53630,18152708,18154060,1352,mRNA
53631,18151754,18152641,887,mRNA
53632,18152708,18154060,1352,mRNA
53633,18151894,18152641,747,CDS
53634,18152708,18153846,1138,CDS
53635,18151894,18152641,747,CDS
53636,18152708,18153846,1138,CDS
53637,18154095,18158192,4097,gene
53638,18157942,18158018,76,mRNA
53639,18155892,18156165,273,mRNA
53640,18155405,18155491,86,mRNA
53641,18154095,18155342,1247,mRNA
53642,18156268,18156379,111,mRNA
53643,18155892,18156165,273,mRNA
53644,18155405,18155491,86,mRNA
53645,18154432,18155342,910,mRNA
53646,18157973,18158192,219,mRNA
53647,18155892,18156165,273,mRNA
53648,18155405,18155491,86,mRNA
53649,18154845,18155342,497,mRNA
53650,18157846,18158018,172,mRNA
53651,18155892,18156165,273,mRNA
53652,18155405,18155491,86,mRNA
53653,18154845,18155342,497,mRNA
53654,18157760,18157858,98,mRNA
53655,18155892,18156165,273,mRNA
53656,18155405,18155491,86,mRNA
53657,18154845,18155342,497,mRNA
53658,18156756,18156892,136,mRNA
53659,18155892,18156165,273,mRNA
53660,18155405,18155491,86,mRNA
53661,18154845,18155342,497,mRNA
53662,18156747,18156892,145,mRNA
53663,18155892,18156165,273,mRNA
53664,18155405,18155491,86,mRNA
53665,18154845,18155342,497,mRNA
53666,18155892,18156379,487,mRNA
53667,18155405,18155491,86,mRNA
53668,18154845,18155342,497,mRNA
53669,18155892,18155993,101,CDS
53670,18155405,18155491,86,CDS
53671,18155148,18155342,194,CDS
53672,18155892,18155993,101,CDS
53673,18155405,18155491,86,CDS
53674,18155148,18155342,194,CDS
53675,18155892,18155993,101,CDS
53676,18155405,18155491,86,CDS
53677,18155148,18155342,194,CDS
53678,18155892,18155993,101,CDS
53679,18155405,18155491,86,CDS
53680,18155148,18155342,194,CDS
53681,18155892,18155993,101,CDS
53682,18155405,18155491,86,CDS
53683,18155148,18155342,194,CDS
53684,18155892,18155993,101,CDS
53685,18155405,18155491,86,CDS
53686,18155148,18155342,194,CDS
53687,18155892,18155993,101,CDS
53688,18155405,18155491,86,CDS
53689,18155148,18155342,194,CDS
53690,18155892,18155993,101,CDS
53691,18155405,18155491,86,CDS
53692,18155148,18155342,194,CDS
53693,18158257,18160310,2053,gene
53694,18158257,18160310,2053,mRNA
53695,18158296,18160170,1874,CDS
53696,18160720,18164746,4026,gene
53697,18160720,18161875,1155,mRNA
53698,18161952,18162138,186,mRNA
53699,18162207,18162328,121,mRNA
53700,18162852,18164746,1894,mRNA
53701,18160720,18161875,1155,mRNA
53702,18161952,18162138,186,mRNA
53703,18162207,18162328,121,mRNA
53704,18162852,18164209,1357,mRNA
53705,18161029,18161875,846,CDS
53706,18161952,18162138,186,CDS
53707,18162207,18162328,121,CDS
53708,18162852,18163525,673,CDS
53709,18161029,18161875,846,CDS
53710,18161952,18162138,186,CDS
53711,18162207,18162328,121,CDS
53712,18162852,18163525,673,CDS
53713,18164694,18167140,2446,gene
53714,18167045,18167140,95,mRNA
53715,18165825,18166987,1162,mRNA
53716,18165418,18165763,345,mRNA
53717,18165160,18165350,190,mRNA
53718,18164955,18165102,147,mRNA
53719,18164694,18164895,201,mRNA
53720,18167045,18167071,26,CDS
53721,18165825,18166987,1162,CDS
53722,18165418,18165763,345,CDS
53723,18165160,18165350,190,CDS
53724,18164955,18165102,147,CDS
53725,18164764,18164895,131,CDS
53726,18167227,18168380,1153,gene
53727,18167227,18167269,42,mRNA
53728,18167344,18167522,178,mRNA
53729,18167658,18167721,63,mRNA
53730,18167773,18168138,365,mRNA
53731,18168208,18168380,172,mRNA
53732,18167255,18168380,1125,gene
53733,18167255,18167522,267,mRNA
53734,18167658,18167721,63,mRNA
53735,18167773,18168138,365,mRNA
53736,18168208,18168380,172,mRNA
53737,18167255,18167522,267,mRNA
53738,18167658,18167721,63,mRNA
53739,18167773,18168138,365,mRNA
53740,18168208,18168380,172,mRNA
53741,18167317,18167522,205,CDS
53742,18167658,18167721,63,CDS
53743,18167773,18167937,164,CDS
53744,18167966,18168138,172,CDS
53745,18168208,18168292,84,CDS
53746,18167966,18168138,172,CDS
53747,18168208,18168292,84,CDS
53748,18168413,18172607,4194,gene
53749,18171393,18171470,77,mRNA
53750,18170968,18171319,351,mRNA
53751,18170718,18170898,180,mRNA
53752,18170315,18170657,342,mRNA
53753,18168413,18170257,1844,mRNA
53754,18172438,18172607,169,mRNA
53755,18170968,18171319,351,mRNA
53756,18170718,18170898,180,mRNA
53757,18170315,18170657,342,mRNA
53758,18168743,18170257,1514,mRNA
53759,18170968,18171220,252,CDS
53760,18170718,18170898,180,CDS
53761,18170315,18170657,342,CDS
53762,18169025,18170257,1232,CDS
53763,18170968,18171220,252,CDS
53764,18170718,18170898,180,CDS
53765,18170315,18170657,342,CDS
53766,18169025,18170257,1232,CDS
53767,18173049,18173554,505,gene
53768,18173049,18173554,505,exon
53769,18173669,18175725,2056,gene
53770,18173669,18175725,2056,mRNA
53771,18173669,18174683,1014,mRNA
53772,18173810,18174601,791,CDS
53773,18173810,18174601,791,CDS
53774,18175255,18180197,4942,gene
53775,18179471,18180197,726,mRNA
53776,18177580,18178533,953,mRNA
53777,18175255,18177064,1809,mRNA
53778,18179471,18179832,361,CDS
53779,18177580,18178533,953,CDS
53780,18176080,18177064,984,CDS
53781,18180151,18180205,54,gene
53782,18180151,18180205,54,precursor_RNA
53783,18180151,18180172,21,ncRNA
53784,18180496,18182519,2023,gene
53785,18180496,18180837,341,mRNA
53786,18180897,18181112,215,mRNA
53787,18181171,18181524,353,mRNA
53788,18181585,18181642,57,mRNA
53789,18181698,18181817,119,mRNA
53790,18181877,18182077,200,mRNA
53791,18182140,18182519,379,mRNA
53792,18180617,18180837,220,mRNA
53793,18180897,18181112,215,mRNA
53794,18181171,18181524,353,mRNA
53795,18181585,18181642,57,mRNA
53796,18181698,18181817,119,mRNA
53797,18181874,18182077,203,mRNA
53798,18182140,18182519,379,mRNA
53799,18180722,18180837,115,CDS
53800,18180897,18181112,215,CDS
53801,18181171,18181524,353,CDS
53802,18181585,18181642,57,CDS
53803,18181698,18181817,119,CDS
53804,18181874,18182077,203,CDS
53805,18182140,18182379,239,CDS
53806,18180722,18180837,115,CDS
53807,18180897,18181112,215,CDS
53808,18181171,18181524,353,CDS
53809,18181585,18181642,57,CDS
53810,18181698,18181817,119,CDS
53811,18181877,18182077,200,CDS
53812,18182140,18182379,239,CDS
53813,18182435,18184090,1655,gene
53814,18183874,18184090,216,mRNA
53815,18182435,18183818,1383,mRNA
53816,18183874,18183990,116,CDS
53817,18182541,18183818,1277,CDS
53818,18184382,18192851,8469,gene
53819,18192773,18192851,78,mRNA
53820,18191302,18191697,395,mRNA
53821,18190502,18190609,107,mRNA
53822,18187288,18187385,97,mRNA
53823,18186946,18187236,290,mRNA
53824,18186613,18186849,236,mRNA
53825,18186428,18186556,128,mRNA
53826,18186246,18186375,129,mRNA
53827,18186065,18186187,122,mRNA
53828,18185923,18186012,89,mRNA
53829,18185642,18185765,123,mRNA
53830,18185165,18185475,310,mRNA
53831,18184382,18184941,559,mRNA
53832,18191302,18191637,335,CDS
53833,18190502,18190609,107,CDS
53834,18187288,18187385,97,CDS
53835,18186946,18187236,290,CDS
53836,18186613,18186849,236,CDS
53837,18186428,18186556,128,CDS
53838,18186246,18186375,129,CDS
53839,18186065,18186187,122,CDS
53840,18185923,18186012,89,CDS
53841,18185642,18185765,123,CDS
53842,18185165,18185475,310,CDS
53843,18184786,18184941,155,CDS
53844,18187707,18188573,866,gene
53845,18187707,18188573,866,mRNA
53846,18187722,18188289,567,CDS
53847,18188978,18189654,676,gene
53848,18188978,18189654,676,mRNA
53849,18188990,18189562,572,CDS
53850,18207755,18208978,1223,gene
53851,18207755,18208978,1223,mRNA
53852,18207907,18208254,347,CDS
53853,18209520,18210805,1285,gene
53854,18209520,18209820,300,ncRNA
53855,18209942,18210805,863,ncRNA
53856,18226795,18228595,1800,gene
53857,18226795,18228595,1800,ncRNA
53858,18227495,18231228,3733,gene
53859,18227495,18231228,3733,ncRNA
53860,18231565,18232294,729,gene
53861,18231565,18231642,77,mRNA
53862,18231741,18232055,314,mRNA
53863,18232109,18232294,185,mRNA
53864,18231565,18231642,77,CDS
53865,18231741,18232055,314,CDS
53866,18232109,18232294,185,CDS
53867,18232761,18236311,3550,gene
53868,18232761,18236311,3550,mRNA
53869,18234110,18235861,1751,CDS
53870,18246127,18246763,636,gene
53871,18246127,18246763,636,ncRNA
53872,18257096,18257595,499,gene
53873,18257096,18257595,499,ncRNA
53874,18275607,18277177,1570,gene
53875,18275607,18277177,1570,mRNA
53876,18275805,18277079,1274,CDS
53877,18277439,18278762,1323,gene
53878,18277439,18277681,242,mRNA
53879,18277751,18277855,104,mRNA
53880,18277930,18278762,832,mRNA
53881,18277439,18277681,242,mRNA
53882,18277751,18277855,104,mRNA
53883,18277930,18278124,194,mRNA
53884,18277621,18277681,60,CDS
53885,18277751,18277855,104,CDS
53886,18277930,18278069,139,CDS
53887,18277621,18277681,60,CDS
53888,18277751,18277855,104,CDS
53889,18277930,18278069,139,CDS
53890,18278198,18357296,79098,gene
53891,18357138,18357296,158,mRNA
53892,18355500,18356055,555,mRNA
53893,18289535,18289850,315,mRNA
53894,18288127,18288388,261,mRNA
53895,18285237,18287739,2502,mRNA
53896,18284604,18284721,117,mRNA
53897,18283331,18284510,1179,mRNA
53898,18282245,18283244,999,mRNA
53899,18281965,18282178,213,mRNA
53900,18281629,18281897,268,mRNA
53901,18280246,18281513,1267,mRNA
53902,18278198,18280176,1978,mRNA
53903,18355500,18357296,1796,mRNA
53904,18306031,18306135,104,mRNA
53905,18289535,18289850,315,mRNA
53906,18288560,18288727,167,mRNA
53907,18288127,18288388,261,mRNA
53908,18285237,18287739,2502,mRNA
53909,18284604,18284721,117,mRNA
53910,18283331,18284510,1179,mRNA
53911,18282245,18283244,999,mRNA
53912,18281965,18282178,213,mRNA
53913,18281629,18281897,268,mRNA
53914,18280246,18281513,1267,mRNA
53915,18278980,18280176,1196,mRNA
53916,18355500,18357296,1796,mRNA
53917,18289535,18289850,315,mRNA
53918,18288127,18288388,261,mRNA
53919,18285237,18287739,2502,mRNA
53920,18284604,18284721,117,mRNA
53921,18283331,18284510,1179,mRNA
53922,18282245,18283244,999,mRNA
53923,18281965,18282178,213,mRNA
53924,18281629,18281897,268,mRNA
53925,18280246,18281513,1267,mRNA
53926,18279065,18280176,1111,mRNA
53927,18288560,18288761,201,mRNA
53928,18288127,18288388,261,mRNA
53929,18285237,18287739,2502,mRNA
53930,18284604,18284721,117,mRNA
53931,18283331,18284510,1179,mRNA
53932,18282245,18283244,999,mRNA
53933,18281965,18282178,213,mRNA
53934,18281629,18281897,268,mRNA
53935,18280246,18281513,1267,mRNA
53936,18279065,18280176,1111,mRNA
53937,18289535,18289585,50,CDS
53938,18288127,18288388,261,CDS
53939,18285237,18287739,2502,CDS
53940,18284604,18284721,117,CDS
53941,18283331,18284510,1179,CDS
53942,18282245,18283244,999,CDS
53943,18281965,18282178,213,CDS
53944,18281629,18281897,268,CDS
53945,18280246,18281513,1267,CDS
53946,18280049,18280176,127,CDS
53947,18289535,18289585,50,CDS
53948,18288127,18288388,261,CDS
53949,18285237,18287739,2502,CDS
53950,18284604,18284721,117,CDS
53951,18283331,18284510,1179,CDS
53952,18282245,18283244,999,CDS
53953,18281965,18282178,213,CDS
53954,18281629,18281897,268,CDS
53955,18280246,18281513,1267,CDS
53956,18280103,18280176,73,CDS
53957,18288560,18288580,20,CDS
53958,18288127,18288388,261,CDS
53959,18285237,18287739,2502,CDS
53960,18284604,18284721,117,CDS
53961,18283331,18284510,1179,CDS
53962,18282245,18283244,999,CDS
53963,18281965,18282178,213,CDS
53964,18281629,18281897,268,CDS
53965,18280246,18281513,1267,CDS
53966,18280103,18280176,73,CDS
53967,18288560,18288580,20,CDS
53968,18288127,18288388,261,CDS
53969,18285237,18287739,2502,CDS
53970,18284604,18284721,117,CDS
53971,18283331,18284510,1179,CDS
53972,18282245,18283244,999,CDS
53973,18281965,18282178,213,CDS
53974,18281629,18281897,268,CDS
53975,18280246,18281513,1267,CDS
53976,18280103,18280176,73,CDS
53977,18355500,18357296,1796,mRNA
53978,18289535,18289850,315,mRNA
53979,18288127,18288388,261,mRNA
53980,18285124,18287739,2615,mRNA
53981,18355500,18357296,1796,mRNA
53982,18289535,18289850,315,mRNA
53983,18288560,18288727,167,mRNA
53984,18288127,18288388,261,mRNA
53985,18285124,18287739,2615,mRNA
53986,18288560,18288761,201,mRNA
53987,18288127,18288388,261,mRNA
53988,18285124,18287739,2615,mRNA
53989,18289535,18289585,50,CDS
53990,18288127,18288388,261,CDS
53991,18285233,18287739,2506,CDS
53992,18288560,18288580,20,CDS
53993,18288127,18288388,261,CDS
53994,18285233,18287739,2506,CDS
53995,18288560,18288580,20,CDS
53996,18288127,18288388,261,CDS
53997,18285233,18287739,2506,CDS
53998,18288696,18294712,6016,gene
53999,18288696,18289214,518,mRNA
54000,18293807,18293949,142,mRNA
54001,18294012,18294164,152,mRNA
54002,18294259,18294712,453,mRNA
54003,18289220,18289274,54,mRNA
54004,18293827,18293949,122,mRNA
54005,18294012,18294164,152,mRNA
54006,18294259,18294712,453,mRNA
54007,18292333,18293949,1616,mRNA
54008,18294012,18294164,152,mRNA
54009,18294259,18294712,453,mRNA
54010,18293846,18293949,103,mRNA
54011,18294012,18294164,152,mRNA
54012,18294259,18294712,453,mRNA
54013,18293875,18293949,74,CDS
54014,18294012,18294164,152,CDS
54015,18294259,18294597,338,CDS
54016,18293875,18293949,74,CDS
54017,18294012,18294164,152,CDS
54018,18294259,18294597,338,CDS
54019,18293875,18293949,74,CDS
54020,18294012,18294164,152,CDS
54021,18294259,18294597,338,CDS
54022,18293875,18293949,74,CDS
54023,18294012,18294164,152,CDS
54024,18294259,18294597,338,CDS
54025,18294759,18295658,899,gene
54026,18294759,18294988,229,mRNA
54027,18295045,18295197,152,mRNA
54028,18295254,18295658,404,mRNA
54029,18294911,18294988,77,CDS
54030,18295045,18295197,152,CDS
54031,18295254,18295598,344,CDS
54032,18295928,18296656,728,gene
54033,18295928,18296013,85,mRNA
54034,18296073,18296225,152,mRNA
54035,18296289,18296656,367,mRNA
54036,18295945,18296013,68,CDS
54037,18296073,18296225,152,CDS
54038,18296289,18296633,344,CDS
54039,18297070,18297751,681,gene
54040,18297070,18297117,47,mRNA
54041,18297196,18297351,155,mRNA
54042,18297407,18297751,344,mRNA
54043,18297070,18297117,47,CDS
54044,18297196,18297351,155,CDS
54045,18297407,18297751,344,CDS
54046,18297795,18298903,1108,gene
54047,18297795,18297870,75,mRNA
54048,18298324,18298476,152,mRNA
54049,18298543,18298903,360,mRNA
54050,18298181,18298265,84,mRNA
54051,18298324,18298476,152,mRNA
54052,18298543,18298903,360,mRNA
54053,18298200,18298265,65,CDS
54054,18298324,18298476,152,CDS
54055,18298543,18298881,338,CDS
54056,18298435,18298476,41,CDS
54057,18298543,18298881,338,CDS
54058,18299317,18300072,755,gene
54059,18299317,18299407,90,mRNA
54060,18299476,18299628,152,mRNA
54061,18299690,18300072,382,mRNA
54062,18299333,18299407,74,CDS
54063,18299476,18299628,152,CDS
54064,18299690,18300034,344,CDS
54065,18302945,18303977,1032,gene
54066,18303592,18303977,385,mRNA
54067,18302945,18303514,569,mRNA
54068,18302945,18303977,1032,mRNA
54069,18303593,18303952,359,CDS
54070,18303593,18303952,359,CDS
54071,18311822,18311998,176,gene
54072,18311822,18311998,176,mRNA
54073,18311822,18311998,176,CDS
54074,18358464,18372590,14126,mobile_element
54075,18362138,18371249,9111,mobile_element
54076,18377487,18378196,709,gene
54077,18377487,18377644,157,ncRNA
54078,18377709,18377945,236,ncRNA
54079,18378050,18378196,146,ncRNA
54080,18381393,18381844,451,gene
54081,18381697,18381844,147,mRNA
54082,18381393,18381634,241,mRNA
54083,18381697,18381763,66,CDS
54084,18381510,18381634,124,CDS
54085,18382704,18383235,531,gene
54086,18383146,18383235,89,mRNA
54087,18382704,18383081,377,mRNA
54088,18383146,18383203,57,CDS
54089,18382786,18383081,295,CDS
54090,18383949,18384378,429,gene
54091,18383949,18384080,131,mRNA
54092,18384150,18384378,228,mRNA
54093,18384023,18384080,57,CDS
54094,18384150,18384229,79,CDS
54095,18384567,18384911,344,gene
54096,18384567,18384694,127,mRNA
54097,18384759,18384911,152,mRNA
54098,18384637,18384694,57,CDS
54099,18384759,18384838,79,CDS
54100,18384824,18385589,765,gene
54101,18385514,18385589,75,mRNA
54102,18384824,18385458,634,mRNA
54103,18385514,18385589,75,mRNA
54104,18385030,18385458,428,mRNA
54105,18385514,18385571,57,CDS
54106,18385052,18385458,406,CDS
54107,18385514,18385571,57,CDS
54108,18385052,18385458,406,CDS
54109,18386602,18387030,428,gene
54110,18386602,18386730,128,mRNA
54111,18386793,18387030,237,mRNA
54112,18386673,18386730,57,CDS
54113,18386793,18386872,79,CDS
54114,18387895,18388734,839,gene
54115,18387895,18388236,341,mRNA
54116,18388308,18388734,426,mRNA
54117,18388119,18388236,117,mRNA
54118,18388308,18388490,182,mRNA
54119,18388185,18388236,51,CDS
54120,18388308,18388375,67,CDS
54121,18388185,18388236,51,CDS
54122,18388308,18388375,67,CDS
54123,18388995,18389443,448,gene
54124,18388995,18389163,168,mRNA
54125,18389230,18389443,213,mRNA
54126,18389100,18389163,63,CDS
54127,18389230,18389396,166,CDS
54128,18389959,18390242,283,gene
54129,18389959,18390040,81,mRNA
54130,18390107,18390242,135,mRNA
54131,18389989,18390040,51,CDS
54132,18390107,18390177,70,CDS
54133,18390353,18390629,276,gene
54134,18390542,18390629,87,mRNA
54135,18390353,18390462,109,mRNA
54136,18390542,18390593,51,CDS
54137,18390392,18390462,70,CDS
54138,18393666,18395282,1616,gene
54139,18393666,18393837,171,mRNA
54140,18393894,18394454,560,mRNA
54141,18394521,18395282,761,mRNA
54142,18393708,18393837,129,CDS
54143,18393894,18394454,560,CDS
54144,18394521,18395164,643,CDS
54145,18396638,18398519,1881,gene
54146,18398500,18398519,19,mRNA
54147,18397619,18397801,182,mRNA
54148,18396638,18397568,930,mRNA
54149,18396638,18397526,888,mRNA
54150,18396743,18397465,722,CDS
54151,18396743,18397465,722,CDS
54152,18398393,18399223,830,gene
54153,18398393,18399223,830,mRNA
54154,18398432,18399106,674,CDS
54155,18399486,18400375,889,gene
54156,18399486,18400375,889,mRNA
54157,18399524,18400189,665,CDS
54158,18400713,18401467,754,gene
54159,18400713,18401467,754,mRNA
54160,18400757,18401419,662,CDS
54161,18401846,18402297,451,gene
54162,18401846,18402297,451,exon
54163,18402474,18402749,275,gene
54164,18402474,18402749,275,exon
54165,18403248,18404086,838,gene
54166,18403248,18404086,838,mRNA
54167,18403275,18403943,668,CDS
54168,18404605,18405338,733,gene
54169,18404605,18405338,733,mRNA
54170,18404634,18405302,668,CDS
54171,18406011,18406761,750,gene
54172,18406011,18406761,750,mRNA
54173,18406042,18406710,668,CDS
54174,18406924,18407688,764,gene
54175,18406924,18407688,764,mRNA
54176,18406955,18407626,671,CDS
54177,18407834,18408955,1121,gene
54178,18407834,18408955,1121,mRNA
54179,18407834,18408591,757,mRNA
54180,18407860,18408528,668,CDS
54181,18407860,18408528,668,CDS
54182,18409048,18409835,787,gene
54183,18409048,18409835,787,mRNA
54184,18409091,18409756,665,CDS
54185,18409796,18413599,3803,gene
54186,18413456,18413599,143,mRNA
54187,18410751,18411586,835,mRNA
54188,18409796,18410333,537,mRNA
54189,18410751,18411532,781,mRNA
54190,18409796,18410333,537,mRNA
54191,18410751,18411410,659,CDS
54192,18410172,18410333,161,CDS
54193,18410751,18411410,659,CDS
54194,18410172,18410333,161,CDS
54195,18412027,18421124,9097,gene
54196,18412027,18412056,29,mRNA
54197,18413002,18413077,75,mRNA
54198,18415199,18415286,87,mRNA
54199,18415345,18415595,250,mRNA
54200,18415663,18417516,1853,mRNA
54201,18417577,18418965,1388,mRNA
54202,18419051,18421124,2073,mRNA
54203,18412027,18412356,329,mRNA
54204,18413002,18413077,75,mRNA
54205,18415199,18415286,87,mRNA
54206,18415345,18415595,250,mRNA
54207,18415663,18417516,1853,mRNA
54208,18417577,18418965,1388,mRNA
54209,18419051,18420742,1691,mRNA
54210,18412027,18412056,29,mRNA
54211,18413005,18413077,72,mRNA
54212,18415199,18415286,87,mRNA
54213,18415345,18415595,250,mRNA
54214,18415663,18417516,1853,mRNA
54215,18417577,18418965,1388,mRNA
54216,18419051,18420742,1691,mRNA
54217,18412848,18413077,229,mRNA
54218,18413326,18413429,103,mRNA
54219,18415199,18415286,87,mRNA
54220,18415345,18415595,250,mRNA
54221,18415663,18417516,1853,mRNA
54222,18417577,18418965,1388,mRNA
54223,18419051,18420742,1691,mRNA
54224,18413004,18413077,73,mRNA
54225,18414829,18414933,104,mRNA
54226,18415199,18415286,87,mRNA
54227,18415345,18415595,250,mRNA
54228,18415663,18417516,1853,mRNA
54229,18417577,18418965,1388,mRNA
54230,18419051,18420742,1691,mRNA
54231,18414051,18414587,536,mRNA
54232,18415199,18415286,87,mRNA
54233,18415345,18415595,250,mRNA
54234,18415663,18417516,1853,mRNA
54235,18417577,18418965,1388,mRNA
54236,18419051,18420742,1691,mRNA
54237,18414406,18414587,181,mRNA
54238,18415199,18415286,87,mRNA
54239,18415345,18415595,250,mRNA
54240,18415663,18417516,1853,mRNA
54241,18417577,18418965,1388,mRNA
54242,18419051,18420742,1691,mRNA
54243,18415250,18415286,36,CDS
54244,18415345,18415595,250,CDS
54245,18415663,18417516,1853,CDS
54246,18417577,18418965,1388,CDS
54247,18419051,18419425,374,CDS
54248,18415250,18415286,36,CDS
54249,18415345,18415595,250,CDS
54250,18415663,18417516,1853,CDS
54251,18417577,18418965,1388,CDS
54252,18419051,18419425,374,CDS
54253,18415250,18415286,36,CDS
54254,18415345,18415595,250,CDS
54255,18415663,18417516,1853,CDS
54256,18417577,18418965,1388,CDS
54257,18419051,18419425,374,CDS
54258,18415250,18415286,36,CDS
54259,18415345,18415595,250,CDS
54260,18415663,18417516,1853,CDS
54261,18417577,18418965,1388,CDS
54262,18419051,18419425,374,CDS
54263,18415250,18415286,36,CDS
54264,18415345,18415595,250,CDS
54265,18415663,18417516,1853,CDS
54266,18417577,18418965,1388,CDS
54267,18419051,18419425,374,CDS
54268,18415250,18415286,36,CDS
54269,18415345,18415595,250,CDS
54270,18415663,18417516,1853,CDS
54271,18417577,18418965,1388,CDS
54272,18419051,18419425,374,CDS
54273,18415250,18415286,36,CDS
54274,18415345,18415595,250,CDS
54275,18415663,18417516,1853,CDS
54276,18417577,18418965,1388,CDS
54277,18419051,18419425,374,CDS
54278,18421413,18426221,4808,gene
54279,18421413,18421553,140,mRNA
54280,18423869,18423871,2,mRNA
54281,18423969,18424007,38,mRNA
54282,18424127,18424251,124,mRNA
54283,18424326,18424486,160,mRNA
54284,18424872,18425034,162,mRNA
54285,18425340,18426221,881,mRNA
54286,18421413,18421553,140,mRNA
54287,18424127,18424251,124,mRNA
54288,18424326,18424486,160,mRNA
54289,18424607,18424666,59,mRNA
54290,18424872,18425076,204,mRNA
54291,18425340,18426221,881,mRNA
54292,18421413,18421553,140,mRNA
54293,18424127,18424251,124,mRNA
54294,18424326,18424486,160,mRNA
54295,18424607,18424666,59,mRNA
54296,18424872,18425034,162,mRNA
54297,18425340,18426221,881,mRNA
54298,18421413,18421553,140,mRNA
54299,18424127,18424251,124,mRNA
54300,18424326,18424486,160,mRNA
54301,18424607,18424666,59,mRNA
54302,18424872,18425034,162,mRNA
54303,18425964,18426221,257,mRNA
54304,18421413,18421553,140,mRNA
54305,18424127,18424251,124,mRNA
54306,18424326,18424486,160,mRNA
54307,18424872,18425034,162,mRNA
54308,18425340,18426221,881,mRNA
54309,18421413,18421553,140,mRNA
54310,18424127,18424251,124,mRNA
54311,18424326,18424486,160,mRNA
54312,18424872,18425034,162,mRNA
54313,18425964,18426221,257,mRNA
54314,18421413,18421553,140,mRNA
54315,18423869,18423871,2,mRNA
54316,18424127,18424251,124,mRNA
54317,18424326,18424486,160,mRNA
54318,18424607,18424666,59,mRNA
54319,18424872,18425034,162,mRNA
54320,18425340,18425667,327,mRNA
54321,18421544,18421553,9,CDS
54322,18424127,18424251,124,CDS
54323,18424326,18424486,160,CDS
54324,18424607,18424666,59,CDS
54325,18424872,18425034,162,CDS
54326,18425964,18426005,41,CDS
54327,18421544,18421553,9,CDS
54328,18424127,18424251,124,CDS
54329,18424326,18424486,160,CDS
54330,18424872,18425034,162,CDS
54331,18425964,18426005,41,CDS
54332,18421544,18421553,9,CDS
54333,18423869,18423871,2,CDS
54334,18423969,18424007,38,CDS
54335,18424127,18424251,124,CDS
54336,18424326,18424486,160,CDS
54337,18424872,18425034,162,CDS
54338,18425340,18425447,107,CDS
54339,18421544,18421553,9,CDS
54340,18423869,18423871,2,CDS
54341,18424127,18424251,124,CDS
54342,18424326,18424486,160,CDS
54343,18424607,18424666,59,CDS
54344,18424872,18425034,162,CDS
54345,18425340,18425447,107,CDS
54346,18421544,18421553,9,CDS
54347,18424127,18424251,124,CDS
54348,18424326,18424486,160,CDS
54349,18424607,18424666,59,CDS
54350,18424872,18425076,204,CDS
54351,18425340,18425447,107,CDS
54352,18421544,18421553,9,CDS
54353,18424127,18424251,124,CDS
54354,18424326,18424486,160,CDS
54355,18424607,18424666,59,CDS
54356,18424872,18425034,162,CDS
54357,18425340,18425447,107,CDS
54358,18421544,18421553,9,CDS
54359,18424127,18424251,124,CDS
54360,18424326,18424486,160,CDS
54361,18424872,18425034,162,CDS
54362,18425340,18425447,107,CDS
54363,18422932,18423735,803,mRNA
54364,18424127,18424251,124,mRNA
54365,18424326,18424486,160,mRNA
54366,18424607,18424666,59,mRNA
54367,18424872,18425076,204,mRNA
54368,18425340,18426221,881,mRNA
54369,18422932,18423735,803,mRNA
54370,18424127,18424251,124,mRNA
54371,18424326,18424486,160,mRNA
54372,18424607,18424666,59,mRNA
54373,18424872,18425034,162,mRNA
54374,18425340,18426221,881,mRNA
54375,18422932,18423723,791,mRNA
54376,18424127,18424251,124,mRNA
54377,18424326,18424486,160,mRNA
54378,18424607,18424666,59,mRNA
54379,18424872,18425076,204,mRNA
54380,18425340,18426221,881,mRNA
54381,18423285,18423735,450,CDS
54382,18424127,18424251,124,CDS
54383,18424326,18424486,160,CDS
54384,18424607,18424666,59,CDS
54385,18424872,18425076,204,CDS
54386,18425340,18425447,107,CDS
54387,18423285,18423735,450,CDS
54388,18424127,18424251,124,CDS
54389,18424326,18424486,160,CDS
54390,18424607,18424666,59,CDS
54391,18424872,18425034,162,CDS
54392,18425340,18425447,107,CDS
54393,18423285,18423723,438,CDS
54394,18424127,18424251,124,CDS
54395,18424326,18424486,160,CDS
54396,18424607,18424666,59,CDS
54397,18424872,18425076,204,CDS
54398,18425340,18425447,107,CDS
54399,18426421,18430333,3912,gene
54400,18426421,18426875,454,mRNA
54401,18426934,18427577,643,mRNA
54402,18427635,18427818,183,mRNA
54403,18427888,18429496,1608,mRNA
54404,18429573,18430021,448,mRNA
54405,18430081,18430333,252,mRNA
54406,18426729,18426875,146,CDS
54407,18426934,18427577,643,CDS
54408,18427635,18427818,183,CDS
54409,18427888,18429496,1608,CDS
54410,18429573,18430021,448,CDS
54411,18430081,18430281,200,CDS
54412,18430315,18440475,10160,gene
54413,18439735,18440475,740,mRNA
54414,18438208,18438275,67,mRNA
54415,18437940,18437977,37,mRNA
54416,18437575,18437612,37,mRNA
54417,18436597,18436728,131,mRNA
54418,18432647,18432775,128,mRNA
54419,18432445,18432581,136,mRNA
54420,18431809,18432022,213,mRNA
54421,18431416,18431746,330,mRNA
54422,18431173,18431357,184,mRNA
54423,18430315,18430885,570,mRNA
54424,18439735,18440475,740,mRNA
54425,18438208,18438275,67,mRNA
54426,18437940,18437977,37,mRNA
54427,18437575,18437612,37,mRNA
54428,18432647,18432775,128,mRNA
54429,18432445,18432581,136,mRNA
54430,18431809,18432022,213,mRNA
54431,18431416,18431746,330,mRNA
54432,18431173,18431357,184,mRNA
54433,18430737,18430885,148,mRNA
54434,18439735,18440475,740,mRNA
54435,18438208,18438275,67,mRNA
54436,18437940,18437977,37,mRNA
54437,18437575,18437612,37,mRNA
54438,18432647,18432775,128,mRNA
54439,18432445,18432581,136,mRNA
54440,18431809,18432022,213,mRNA
54441,18431416,18431746,330,mRNA
54442,18430737,18431357,620,mRNA
54443,18439735,18439954,219,CDS
54444,18438208,18438275,67,CDS
54445,18437940,18437977,37,CDS
54446,18437575,18437612,37,CDS
54447,18432647,18432775,128,CDS
54448,18432445,18432581,136,CDS
54449,18431809,18432022,213,CDS
54450,18431416,18431746,330,CDS
54451,18431173,18431357,184,CDS
54452,18430830,18430885,55,CDS
54453,18439735,18439954,219,CDS
54454,18438208,18438275,67,CDS
54455,18437940,18437977,37,CDS
54456,18437575,18437612,37,CDS
54457,18436597,18436728,131,CDS
54458,18432647,18432775,128,CDS
54459,18432445,18432581,136,CDS
54460,18431809,18432022,213,CDS
54461,18431416,18431746,330,CDS
54462,18431173,18431357,184,CDS
54463,18430830,18430885,55,CDS
54464,18439735,18439954,219,CDS
54465,18438208,18438275,67,CDS
54466,18437940,18437977,37,CDS
54467,18437575,18437612,37,CDS
54468,18432647,18432775,128,CDS
54469,18432445,18432581,136,CDS
54470,18431809,18432022,213,CDS
54471,18431416,18431746,330,CDS
54472,18431105,18431357,252,CDS
54473,18440965,18445526,4561,gene
54474,18440965,18442313,1348,mRNA
54475,18443655,18444212,557,mRNA
54476,18444353,18445526,1173,mRNA
54477,18440965,18442313,1348,mRNA
54478,18443655,18444212,557,mRNA
54479,18444353,18444955,602,mRNA
54480,18441474,18442313,839,CDS
54481,18443655,18444212,557,CDS
54482,18444353,18444784,431,CDS
54483,18441474,18442313,839,CDS
54484,18443655,18444212,557,CDS
54485,18444353,18444784,431,CDS
54486,18446548,18449420,2872,gene
54487,18446548,18449420,2872,gene
54488,18446548,18446705,157,mRNA
54489,18446764,18446950,186,mRNA
54490,18447018,18447753,735,mRNA
54491,18447808,18447884,76,mRNA
54492,18447941,18448050,109,mRNA
54493,18448101,18448871,770,mRNA
54494,18448927,18449420,493,mRNA
54495,18446548,18446705,157,mRNA
54496,18446764,18446950,186,mRNA
54497,18447018,18447753,735,mRNA
54498,18447808,18447884,76,mRNA
54499,18447941,18448050,109,mRNA
54500,18448101,18448871,770,mRNA
54501,18448927,18449420,493,mRNA
54502,18446548,18446705,157,mRNA
54503,18446764,18446950,186,mRNA
54504,18447018,18447356,338,mRNA
54505,18446638,18446705,67,CDS
54506,18446764,18446950,186,CDS
54507,18447018,18447140,122,CDS
54508,18446638,18446705,67,CDS
54509,18446764,18446950,186,CDS
54510,18447018,18447140,122,CDS
54511,18447361,18451041,3680,gene
54512,18450890,18451041,151,mRNA
54513,18449472,18450825,1353,mRNA
54514,18447361,18447611,250,mRNA
54515,18450890,18450908,18,CDS
54516,18449472,18450825,1353,CDS
54517,18447467,18447611,144,CDS
54518,18447714,18447753,39,CDS
54519,18447808,18447884,76,CDS
54520,18447941,18448050,109,CDS
54521,18448101,18448871,770,CDS
54522,18448927,18449368,441,CDS
54523,18451284,18452736,1452,gene
54524,18451284,18452736,1452,mRNA
54525,18451376,18452716,1340,CDS
54526,18452737,18454462,1725,gene
54527,18452737,18454462,1725,mRNA
54528,18452777,18454399,1622,CDS
54529,18456602,18498026,41424,gene
54530,18497842,18498026,184,mRNA
54531,18496747,18496868,121,mRNA
54532,18476484,18477023,539,mRNA
54533,18476112,18476419,307,mRNA
54534,18475494,18475669,175,mRNA
54535,18475289,18475433,144,mRNA
54536,18474587,18474752,165,mRNA
54537,18470064,18470976,912,mRNA
54538,18469502,18469959,457,mRNA
54539,18467575,18468022,447,mRNA
54540,18467378,18467507,129,mRNA
54541,18466979,18467093,114,mRNA
54542,18464851,18465033,182,mRNA
54543,18462738,18462833,95,mRNA
54544,18461597,18462680,1083,mRNA
54545,18461295,18461537,242,mRNA
54546,18460912,18461228,316,mRNA
54547,18460566,18460644,78,mRNA
54548,18456602,18457598,996,mRNA
54549,18497756,18498026,270,mRNA
54550,18496747,18496905,158,mRNA
54551,18476484,18477023,539,mRNA
54552,18476112,18476419,307,mRNA
54553,18475494,18475669,175,mRNA
54554,18475289,18475433,144,mRNA
54555,18474587,18474752,165,mRNA
54556,18470064,18470976,912,mRNA
54557,18469502,18469959,457,mRNA
54558,18467575,18468022,447,mRNA
54559,18467378,18467507,129,mRNA
54560,18466979,18467093,114,mRNA
54561,18464851,18465033,182,mRNA
54562,18462738,18462833,95,mRNA
54563,18461597,18462680,1083,mRNA
54564,18461295,18461537,242,mRNA
54565,18460912,18461228,316,mRNA
54566,18460566,18460644,78,mRNA
54567,18456962,18457598,636,mRNA
54568,18476484,18476678,194,CDS
54569,18476112,18476419,307,CDS
54570,18475494,18475669,175,CDS
54571,18475289,18475433,144,CDS
54572,18474587,18474752,165,CDS
54573,18470064,18470976,912,CDS
54574,18469502,18469959,457,CDS
54575,18467575,18468022,447,CDS
54576,18467378,18467507,129,CDS
54577,18466979,18467093,114,CDS
54578,18464851,18465033,182,CDS
54579,18462738,18462833,95,CDS
54580,18461597,18462680,1083,CDS
54581,18461295,18461537,242,CDS
54582,18460912,18461228,316,CDS
54583,18460566,18460644,78,CDS
54584,18457558,18457598,40,CDS
54585,18476484,18476678,194,CDS
54586,18476112,18476419,307,CDS
54587,18475494,18475669,175,CDS
54588,18475289,18475433,144,CDS
54589,18474587,18474752,165,CDS
54590,18470064,18470976,912,CDS
54591,18469502,18469959,457,CDS
54592,18467575,18468022,447,CDS
54593,18467378,18467507,129,CDS
54594,18466979,18467093,114,CDS
54595,18464851,18465033,182,CDS
54596,18462738,18462833,95,CDS
54597,18461597,18462680,1083,CDS
54598,18461295,18461537,242,CDS
54599,18460912,18461228,316,CDS
54600,18460566,18460644,78,CDS
54601,18457558,18457598,40,CDS
54602,18497842,18498026,184,mRNA
54603,18496747,18496868,121,mRNA
54604,18476484,18477023,539,mRNA
54605,18476112,18476419,307,mRNA
54606,18475494,18475669,175,mRNA
54607,18475289,18475433,144,mRNA
54608,18474587,18474752,165,mRNA
54609,18470064,18470976,912,mRNA
54610,18469502,18469959,457,mRNA
54611,18467575,18468022,447,mRNA
54612,18467378,18467507,129,mRNA
54613,18466979,18467093,114,mRNA
54614,18464851,18465033,182,mRNA
54615,18462738,18462833,95,mRNA
54616,18461597,18462680,1083,mRNA
54617,18461295,18461537,242,mRNA
54618,18460912,18461228,316,mRNA
54619,18460566,18460644,78,mRNA
54620,18458084,18458470,386,mRNA
54621,18476484,18476678,194,CDS
54622,18476112,18476419,307,CDS
54623,18475494,18475669,175,CDS
54624,18475289,18475433,144,CDS
54625,18474587,18474752,165,CDS
54626,18470064,18470976,912,CDS
54627,18469502,18469959,457,CDS
54628,18467575,18468022,447,CDS
54629,18467378,18467507,129,CDS
54630,18466979,18467093,114,CDS
54631,18464851,18465033,182,CDS
54632,18462738,18462833,95,CDS
54633,18461597,18462680,1083,CDS
54634,18461295,18461537,242,CDS
54635,18460912,18461228,316,CDS
54636,18460566,18460644,78,CDS
54637,18458421,18458470,49,CDS
54638,18497756,18498026,270,mRNA
54639,18496747,18496905,158,mRNA
54640,18476484,18477023,539,mRNA
54641,18476112,18476419,307,mRNA
54642,18475494,18475669,175,mRNA
54643,18475289,18475433,144,mRNA
54644,18474587,18474752,165,mRNA
54645,18470064,18470976,912,mRNA
54646,18469502,18469959,457,mRNA
54647,18467575,18468022,447,mRNA
54648,18467378,18467507,129,mRNA
54649,18466979,18467093,114,mRNA
54650,18464851,18465033,182,mRNA
54651,18462738,18462833,95,mRNA
54652,18461597,18462680,1083,mRNA
54653,18461295,18461537,242,mRNA
54654,18460912,18461228,316,mRNA
54655,18459676,18460644,968,mRNA
54656,18476484,18476678,194,CDS
54657,18476112,18476419,307,CDS
54658,18475494,18475669,175,CDS
54659,18475289,18475433,144,CDS
54660,18474587,18474752,165,CDS
54661,18470064,18470976,912,CDS
54662,18469502,18469959,457,CDS
54663,18467575,18468022,447,CDS
54664,18467378,18467507,129,CDS
54665,18466979,18467093,114,CDS
54666,18464851,18465033,182,CDS
54667,18462738,18462833,95,CDS
54668,18461597,18462680,1083,CDS
54669,18461295,18461537,242,CDS
54670,18460912,18461228,316,CDS
54671,18459853,18460644,791,CDS
54672,18487253,18487288,35,mobile_element
54673,18487876,18495288,7412,mobile_element
54674,18503608,18505025,1417,gene
54675,18503608,18503661,53,mRNA
54676,18503741,18503849,108,mRNA
54677,18504246,18505025,779,mRNA
54678,18503608,18503661,53,mRNA
54679,18503741,18503849,108,mRNA
54680,18504246,18504844,598,mRNA
54681,18503752,18503849,97,CDS
54682,18504246,18504825,579,CDS
54683,18503752,18503849,97,CDS
54684,18504246,18504825,579,CDS
54685,18514574,18526439,11865,gene
54686,18514574,18514844,270,mRNA
54687,18519141,18519452,311,mRNA
54688,18520428,18520660,232,mRNA
54689,18520718,18521295,577,mRNA
54690,18521647,18521788,141,mRNA
54691,18521856,18522217,361,mRNA
54692,18522281,18522443,162,mRNA
54693,18522517,18522720,203,mRNA
54694,18524233,18526439,2206,mRNA
54695,18514574,18514844,270,mRNA
54696,18519141,18519452,311,mRNA
54697,18520428,18520660,232,mRNA
54698,18520718,18521295,577,mRNA
54699,18521647,18521788,141,mRNA
54700,18521856,18522217,361,mRNA
54701,18522281,18522443,162,mRNA
54702,18522517,18522720,203,mRNA
54703,18522973,18523041,68,mRNA
54704,18523194,18523707,513,mRNA
54705,18524233,18525417,1184,mRNA
54706,18519182,18519452,270,CDS
54707,18520428,18520660,232,CDS
54708,18520718,18521295,577,CDS
54709,18521647,18521788,141,CDS
54710,18521856,18522217,361,CDS
54711,18522281,18522443,162,CDS
54712,18522517,18522720,203,CDS
54713,18524233,18524445,212,CDS
54714,18519182,18519452,270,CDS
54715,18520428,18520660,232,CDS
54716,18520718,18521295,577,CDS
54717,18521647,18521788,141,CDS
54718,18521856,18522217,361,CDS
54719,18522281,18522443,162,CDS
54720,18522517,18522720,203,CDS
54721,18522973,18523041,68,CDS
54722,18523194,18523199,5,CDS
54723,18527430,18535749,8319,gene
54724,18527430,18527800,370,mRNA
54725,18532672,18535749,3077,mRNA
54726,18527766,18527800,34,CDS
54727,18532672,18534553,1881,CDS
54728,18532390,18532456,66,mRNA
54729,18532672,18534623,1951,mRNA
54730,18532862,18534553,1691,CDS
54731,18536767,18539416,2649,gene
54732,18536767,18539416,2649,gene
54733,18536767,18537069,302,mRNA
54734,18537234,18539416,2182,mRNA
54735,18536767,18537069,302,mRNA
54736,18537234,18539416,2182,mRNA
54737,18536793,18536876,83,CDS
54738,18537038,18537069,31,CDS
54739,18537234,18539145,1911,CDS
54740,18539585,18548969,9384,gene
54741,18539585,18540293,708,mRNA
54742,18543911,18544063,152,mRNA
54743,18544120,18545252,1132,mRNA
54744,18545323,18545724,401,mRNA
54745,18545897,18546181,284,mRNA
54746,18546257,18546357,100,mRNA
54747,18546850,18548969,2119,mRNA
54748,18539969,18540293,324,mRNA
54749,18543914,18544063,149,mRNA
54750,18544120,18545252,1132,mRNA
54751,18545323,18545724,401,mRNA
54752,18545891,18546181,290,mRNA
54753,18546257,18546357,100,mRNA
54754,18546850,18548969,2119,mRNA
54755,18541144,18542454,1310,gene
54756,18541144,18542454,1310,ncRNA
54757,18543921,18544063,142,CDS
54758,18544120,18545252,1132,CDS
54759,18545323,18545724,401,CDS
54760,18545891,18546181,290,CDS
54761,18546257,18546357,100,CDS
54762,18546850,18547008,158,CDS
54763,18543921,18544063,142,CDS
54764,18544120,18545252,1132,CDS
54765,18545323,18545724,401,CDS
54766,18545897,18546181,284,CDS
54767,18546257,18546357,100,CDS
54768,18546850,18547008,158,CDS
54769,18554119,18611777,57658,gene
54770,18610681,18611777,1096,mRNA
54771,18559524,18561168,1644,mRNA
54772,18559269,18559463,194,mRNA
54773,18558508,18558673,165,mRNA
54774,18558290,18558443,153,mRNA
54775,18558075,18558220,145,mRNA
54776,18557803,18558016,213,mRNA
54777,18554119,18556410,2291,mRNA
54778,18610681,18611777,1096,mRNA
54779,18559524,18561168,1644,mRNA
54780,18559269,18559463,194,mRNA
54781,18558508,18558673,165,mRNA
54782,18558290,18558443,153,mRNA
54783,18558075,18558220,145,mRNA
54784,18557803,18558016,213,mRNA
54785,18556724,18556984,260,mRNA
54786,18554119,18556410,2291,mRNA
54787,18582530,18583317,787,mRNA
54788,18559524,18561168,1644,mRNA
54789,18559269,18559463,194,mRNA
54790,18558508,18558673,165,mRNA
54791,18558290,18558443,153,mRNA
54792,18558075,18558220,145,mRNA
54793,18557803,18558016,213,mRNA
54794,18554119,18556410,2291,mRNA
54795,18610681,18610732,51,CDS
54796,18559524,18561168,1644,CDS
54797,18559269,18559463,194,CDS
54798,18558508,18558673,165,CDS
54799,18558290,18558443,153,CDS
54800,18558075,18558220,145,CDS
54801,18557803,18558016,213,CDS
54802,18554333,18556410,2077,CDS
54803,18559524,18560284,760,CDS
54804,18559269,18559463,194,CDS
54805,18558508,18558673,165,CDS
54806,18558290,18558443,153,CDS
54807,18558075,18558220,145,CDS
54808,18557803,18558016,213,CDS
54809,18554333,18556410,2077,CDS
54810,18610681,18610732,51,CDS
54811,18559524,18561168,1644,CDS
54812,18559269,18559463,194,CDS
54813,18558508,18558673,165,CDS
54814,18558290,18558443,153,CDS
54815,18558075,18558220,145,CDS
54816,18557803,18558016,213,CDS
54817,18556920,18556984,64,CDS
54818,18575853,18581982,6129,mobile_element
54819,18590923,18600016,9093,mobile_element
54820,18604766,18604813,47,mobile_element
54821,18611645,18612730,1085,gene
54822,18612483,18612730,247,mRNA
54823,18612291,18612426,135,mRNA
54824,18611645,18612078,433,mRNA
54825,18612483,18612695,212,CDS
54826,18612291,18612426,135,CDS
54827,18612008,18612078,70,CDS
54828,18613090,18614255,1165,gene
54829,18613090,18614255,1165,mRNA
54830,18613127,18614209,1082,CDS
54831,18614210,18615018,808,gene
54832,18614665,18615018,353,mRNA
54833,18614482,18614603,121,mRNA
54834,18614210,18614424,214,mRNA
54835,18614665,18614943,278,CDS
54836,18614482,18614603,121,CDS
54837,18614241,18614424,183,CDS
54838,18615060,18615999,939,gene
54839,18615060,18615247,187,mRNA
54840,18615308,18615472,164,mRNA
54841,18615570,18615999,429,mRNA
54842,18615161,18615247,86,CDS
54843,18615308,18615472,164,CDS
54844,18615570,18615758,188,CDS
54845,18615988,18618317,2329,gene
54846,18615988,18616137,149,mRNA
54847,18616197,18616361,164,mRNA
54848,18616441,18617154,713,mRNA
54849,18617211,18618317,1106,mRNA
54850,18616051,18616137,86,CDS
54851,18616197,18616361,164,CDS
54852,18616441,18616638,197,CDS
54853,18616692,18619328,2636,gene
54854,18619158,18619328,170,mRNA
54855,18617200,18617758,558,mRNA
54856,18616692,18617122,430,mRNA
54857,18617978,18618018,40,mRNA
54858,18617200,18617758,558,mRNA
54859,18616692,18617122,430,mRNA
54860,18617879,18618018,139,mRNA
54861,18617200,18617758,558,mRNA
54862,18616692,18617122,430,mRNA
54863,18617832,18618018,186,mRNA
54864,18617200,18617758,558,mRNA
54865,18616692,18617122,430,mRNA
54866,18617200,18617737,537,CDS
54867,18616944,18617122,178,CDS
54868,18617200,18617737,537,CDS
54869,18616944,18617122,178,CDS
54870,18617200,18617737,537,CDS
54871,18616944,18617122,178,CDS
54872,18617200,18617737,537,CDS
54873,18616944,18617122,178,CDS
54874,18620466,18625044,4578,gene
54875,18624763,18625044,281,mRNA
54876,18623915,18624127,212,mRNA
54877,18623639,18623783,144,mRNA
54878,18623230,18623577,347,mRNA
54879,18623005,18623169,164,mRNA
54880,18621039,18621332,293,mRNA
54881,18620839,18620955,116,mRNA
54882,18620466,18620774,308,mRNA
54883,18624763,18625044,281,mRNA
54884,18624185,18624706,521,mRNA
54885,18623915,18624127,212,mRNA
54886,18623639,18623783,144,mRNA
54887,18623230,18623577,347,mRNA
54888,18623005,18623169,164,mRNA
54889,18621039,18621332,293,mRNA
54890,18620839,18620955,116,mRNA
54891,18620466,18620774,308,mRNA
54892,18624763,18624959,196,CDS
54893,18623915,18624127,212,CDS
54894,18623639,18623783,144,CDS
54895,18623230,18623577,347,CDS
54896,18623005,18623169,164,CDS
54897,18621039,18621332,293,CDS
54898,18620839,18620955,116,CDS
54899,18620721,18620774,53,CDS
54900,18624763,18624959,196,CDS
54901,18624185,18624706,521,CDS
54902,18623915,18624127,212,CDS
54903,18623639,18623783,144,CDS
54904,18623230,18623577,347,CDS
54905,18623005,18623169,164,CDS
54906,18621039,18621332,293,CDS
54907,18620839,18620955,116,CDS
54908,18620721,18620774,53,CDS
54909,18621541,18622986,1445,gene
54910,18621541,18621883,342,mRNA
54911,18622001,18622588,587,mRNA
54912,18622645,18622986,341,mRNA
54913,18621792,18621883,91,CDS
54914,18622001,18622588,587,CDS
54915,18622645,18622930,285,CDS
54916,18625249,18627718,2469,gene
54917,18625249,18626314,1065,mRNA
54918,18626380,18627718,1338,mRNA
54919,18625343,18626314,971,CDS
54920,18626380,18627624,1244,CDS
54921,18627918,18629395,1477,gene
54922,18627918,18629395,1477,mRNA
54923,18627918,18629279,1361,mRNA
54924,18627995,18629176,1181,CDS
54925,18627995,18629176,1181,CDS
54926,18629594,18632045,2451,gene
54927,18631750,18631902,152,mRNA
54928,18631133,18631630,497,mRNA
54929,18630996,18631078,82,mRNA
54930,18630629,18630938,309,mRNA
54931,18630338,18630568,230,mRNA
54932,18629594,18630276,682,mRNA
54933,18631750,18632045,295,mRNA
54934,18631133,18631630,497,mRNA
54935,18630996,18631078,82,mRNA
54936,18630629,18630938,309,mRNA
54937,18630338,18630568,230,mRNA
54938,18629915,18630276,361,mRNA
54939,18631750,18631902,152,mRNA
54940,18631133,18631630,497,mRNA
54941,18630996,18631078,82,mRNA
54942,18630629,18630938,309,mRNA
54943,18630338,18630568,230,mRNA
54944,18629915,18630276,361,mRNA
54945,18631750,18631902,152,mRNA
54946,18631133,18631635,502,mRNA
54947,18630996,18631078,82,mRNA
54948,18630629,18630938,309,mRNA
54949,18630338,18630568,230,mRNA
54950,18629915,18630276,361,mRNA
54951,18631133,18631624,491,CDS
54952,18630996,18631078,82,CDS
54953,18630629,18630938,309,CDS
54954,18630338,18630568,230,CDS
54955,18630199,18630276,77,CDS
54956,18631133,18631624,491,CDS
54957,18630996,18631078,82,CDS
54958,18630629,18630938,309,CDS
54959,18630338,18630568,230,CDS
54960,18630199,18630276,77,CDS
54961,18631133,18631624,491,CDS
54962,18630996,18631078,82,CDS
54963,18630629,18630938,309,CDS
54964,18630338,18630568,230,CDS
54965,18630199,18630276,77,CDS
54966,18631133,18631624,491,CDS
54967,18630996,18631078,82,CDS
54968,18630629,18630938,309,CDS
54969,18630338,18630568,230,CDS
54970,18630199,18630276,77,CDS
54971,18632328,18639270,6942,gene
54972,18638819,18639270,451,mRNA
54973,18637847,18638617,770,mRNA
54974,18636888,18637739,851,mRNA
54975,18636340,18636821,481,mRNA
54976,18636143,18636271,128,mRNA
54977,18634770,18634941,171,mRNA
54978,18633426,18634285,859,mRNA
54979,18633192,18633363,171,mRNA
54980,18633054,18633124,70,mRNA
54981,18632328,18632986,658,mRNA
54982,18638819,18639270,451,mRNA
54983,18637847,18638617,770,mRNA
54984,18636888,18637739,851,mRNA
54985,18636340,18636821,481,mRNA
54986,18636143,18636271,128,mRNA
54987,18634770,18634941,171,mRNA
54988,18633426,18634285,859,mRNA
54989,18633192,18633363,171,mRNA
54990,18633054,18633127,73,mRNA
54991,18632328,18632983,655,mRNA
54992,18638819,18639270,451,mRNA
54993,18637847,18638617,770,mRNA
54994,18636888,18637739,851,mRNA
54995,18636340,18636821,481,mRNA
54996,18636143,18636271,128,mRNA
54997,18634770,18634941,171,mRNA
54998,18633426,18634285,859,mRNA
54999,18633192,18633363,171,mRNA
55000,18633054,18633127,73,mRNA
55001,18632328,18632986,658,mRNA
55002,18638819,18638960,141,CDS
55003,18637847,18638617,770,CDS
55004,18636888,18637739,851,CDS
55005,18636340,18636821,481,CDS
55006,18636143,18636271,128,CDS
55007,18634770,18634941,171,CDS
55008,18633426,18634285,859,CDS
55009,18633192,18633363,171,CDS
55010,18633054,18633124,70,CDS
55011,18632822,18632986,164,CDS
55012,18638819,18638960,141,CDS
55013,18637847,18638617,770,CDS
55014,18636888,18637739,851,CDS
55015,18636340,18636821,481,CDS
55016,18636143,18636271,128,CDS
55017,18634770,18634941,171,CDS
55018,18633426,18634285,859,CDS
55019,18633192,18633363,171,CDS
55020,18633054,18633127,73,CDS
55021,18632822,18632983,161,CDS
55022,18638819,18638960,141,CDS
55023,18637847,18638617,770,CDS
55024,18636888,18637739,851,CDS
55025,18636340,18636821,481,CDS
55026,18636143,18636271,128,CDS
55027,18634770,18634941,171,CDS
55028,18633426,18634285,859,CDS
55029,18633192,18633363,171,CDS
55030,18633054,18633127,73,CDS
55031,18632822,18632986,164,CDS
55032,18639557,18639628,71,gene
55033,18639557,18639628,71,tRNA
55034,18639726,18639796,70,gene
55035,18639726,18639796,70,tRNA
55036,18640194,18640802,608,gene
55037,18640194,18640247,53,mRNA
55038,18640314,18640802,488,mRNA
55039,18640194,18640247,53,CDS
55040,18640314,18640802,488,CDS
55041,18640862,18658222,17360,gene
55042,18658076,18658222,146,mRNA
55043,18642405,18642762,357,mRNA
55044,18642132,18642314,182,mRNA
55045,18641859,18642067,208,mRNA
55046,18641635,18641796,161,mRNA
55047,18640862,18641572,710,mRNA
55048,18652524,18652776,252,mRNA
55049,18642405,18642762,357,mRNA
55050,18642132,18642314,182,mRNA
55051,18641859,18642067,208,mRNA
55052,18641635,18641796,161,mRNA
55053,18640862,18641572,710,mRNA
55054,18658080,18658222,142,mRNA
55055,18642405,18642762,357,mRNA
55056,18642132,18642314,182,mRNA
55057,18641859,18642067,208,mRNA
55058,18641635,18641796,161,mRNA
55059,18641459,18641572,113,mRNA
55060,18641023,18641193,170,mRNA
55061,18652524,18652776,252,mRNA
55062,18642405,18642762,357,mRNA
55063,18642132,18642314,182,mRNA
55064,18641859,18642067,208,mRNA
55065,18641635,18641796,161,mRNA
55066,18641459,18641572,113,mRNA
55067,18641023,18641193,170,mRNA
55068,18642405,18642657,252,CDS
55069,18642132,18642314,182,CDS
55070,18641859,18642067,208,CDS
55071,18641635,18641796,161,CDS
55072,18641459,18641572,113,CDS
55073,18641182,18641193,11,CDS
55074,18642405,18642657,252,CDS
55075,18642132,18642314,182,CDS
55076,18641859,18642067,208,CDS
55077,18641635,18641796,161,CDS
55078,18641459,18641572,113,CDS
55079,18641182,18641193,11,CDS
55080,18642405,18642657,252,CDS
55081,18642132,18642314,182,CDS
55082,18641859,18642067,208,CDS
55083,18641635,18641796,161,CDS
55084,18641447,18641572,125,CDS
55085,18642405,18642657,252,CDS
55086,18642132,18642314,182,CDS
55087,18641859,18642067,208,CDS
55088,18641635,18641796,161,CDS
55089,18641447,18641572,125,CDS
55090,18658418,18661548,3130,gene
55091,18658418,18661548,3130,gene
55092,18661111,18661548,437,mRNA
55093,18660195,18660625,430,mRNA
55094,18659986,18660124,138,mRNA
55095,18658920,18659930,1010,mRNA
55096,18658708,18658856,148,mRNA
55097,18658418,18658648,230,mRNA
55098,18661111,18661548,437,mRNA
55099,18660195,18660625,430,mRNA
55100,18659986,18660124,138,mRNA
55101,18658920,18659930,1010,mRNA
55102,18658708,18658856,148,mRNA
55103,18658418,18658648,230,mRNA
55104,18660665,18660772,107,mRNA
55105,18660195,18660604,409,mRNA
55106,18659986,18660124,138,mRNA
55107,18658920,18659930,1010,mRNA
55108,18658708,18658856,148,mRNA
55109,18658418,18658648,230,mRNA
55110,18660665,18660772,107,mRNA
55111,18660195,18660604,409,mRNA
55112,18659986,18660124,138,mRNA
55113,18658920,18659930,1010,mRNA
55114,18658708,18658856,148,mRNA
55115,18658418,18658648,230,mRNA
55116,18660195,18660614,419,mRNA
55117,18659986,18660124,138,mRNA
55118,18658920,18659930,1010,mRNA
55119,18658708,18658856,148,mRNA
55120,18658418,18658648,230,mRNA
55121,18660195,18660614,419,mRNA
55122,18659986,18660124,138,mRNA
55123,18658920,18659930,1010,mRNA
55124,18658708,18658856,148,mRNA
55125,18658418,18658648,230,mRNA
55126,18659986,18660039,53,CDS
55127,18658920,18659930,1010,CDS
55128,18658708,18658856,148,CDS
55129,18658537,18658648,111,CDS
55130,18659986,18660039,53,CDS
55131,18658920,18659930,1010,CDS
55132,18658708,18658856,148,CDS
55133,18658537,18658648,111,CDS
55134,18659986,18660039,53,CDS
55135,18658920,18659930,1010,CDS
55136,18658708,18658856,148,CDS
55137,18658537,18658648,111,CDS
55138,18660195,18660480,285,CDS
55139,18660045,18660124,79,CDS
55140,18660195,18660480,285,CDS
55141,18660045,18660124,79,CDS
55142,18660195,18660480,285,CDS
55143,18660045,18660124,79,CDS
55144,18664449,18665792,1343,gene
55145,18665650,18665792,142,mRNA
55146,18665191,18665597,406,mRNA
55147,18664449,18665133,684,mRNA
55148,18665650,18665792,142,mRNA
55149,18665191,18665597,406,mRNA
55150,18664683,18665133,450,mRNA
55151,18665650,18665792,142,mRNA
55152,18665191,18665597,406,mRNA
55153,18664683,18665148,465,mRNA
55154,18665650,18665678,28,CDS
55155,18665191,18665597,406,CDS
55156,18665027,18665133,106,CDS
55157,18665650,18665678,28,CDS
55158,18665191,18665597,406,CDS
55159,18665027,18665133,106,CDS
55160,18665650,18665678,28,CDS
55161,18665191,18665597,406,CDS
55162,18665027,18665148,121,CDS
55163,18667527,18673536,6009,gene
55164,18672946,18673536,590,mRNA
55165,18667527,18668389,862,mRNA
55166,18667829,18668362,533,CDS
55167,18678680,18684198,5518,gene
55168,18678680,18684198,5518,gene
55169,18682410,18684198,1788,mRNA
55170,18682047,18682266,219,mRNA
55171,18680130,18681985,1855,mRNA
55172,18678680,18680073,1393,mRNA
55173,18682410,18684198,1788,mRNA
55174,18682047,18682266,219,mRNA
55175,18680130,18681985,1855,mRNA
55176,18678680,18680073,1393,mRNA
55177,18680130,18681170,1040,mRNA
55178,18678680,18680073,1393,mRNA
55179,18680130,18681096,966,CDS
55180,18678842,18680073,1231,CDS
55181,18680130,18681096,966,CDS
55182,18678842,18680073,1231,CDS
55183,18682410,18684065,1655,CDS
55184,18682047,18682266,219,CDS
55185,18681162,18681985,823,CDS
55186,18684230,18686775,2545,gene
55187,18684812,18686775,1963,mRNA
55188,18684230,18684756,526,mRNA
55189,18684812,18686616,1804,CDS
55190,18684396,18684756,360,CDS
55191,18687372,18688641,1269,gene
55192,18687372,18687712,340,mRNA
55193,18687976,18688009,33,mRNA
55194,18688072,18688641,569,mRNA
55195,18687449,18687679,230,CDS
55196,18688132,18705805,17673,gene
55197,18688132,18688550,418,mRNA
55198,18692041,18692862,821,mRNA
55199,18699305,18699640,335,mRNA
55200,18699704,18699959,255,mRNA
55201,18700019,18700611,592,mRNA
55202,18700670,18700952,282,mRNA
55203,18701018,18701261,243,mRNA
55204,18701319,18701485,166,mRNA
55205,18701921,18702187,266,mRNA
55206,18702519,18702683,164,mRNA
55207,18702777,18703879,1102,mRNA
55208,18703992,18705805,1813,mRNA
55209,18688132,18688368,236,mRNA
55210,18692041,18692862,821,mRNA
55211,18699305,18699640,335,mRNA
55212,18699704,18699959,255,mRNA
55213,18700019,18700611,592,mRNA
55214,18700670,18700952,282,mRNA
55215,18701018,18701261,243,mRNA
55216,18701319,18701485,166,mRNA
55217,18701921,18702187,266,mRNA
55218,18702528,18702683,155,mRNA
55219,18702777,18703879,1102,mRNA
55220,18703992,18705805,1813,mRNA
55221,18688132,18688368,236,mRNA
55222,18692041,18692862,821,mRNA
55223,18699305,18699640,335,mRNA
55224,18699704,18699959,255,mRNA
55225,18700019,18700611,592,mRNA
55226,18700670,18700952,282,mRNA
55227,18701018,18701261,243,mRNA
55228,18701319,18701485,166,mRNA
55229,18702519,18702683,164,mRNA
55230,18702777,18703879,1102,mRNA
55231,18703992,18705805,1813,mRNA
55232,18688132,18688368,236,mRNA
55233,18692041,18692862,821,mRNA
55234,18699305,18699640,335,mRNA
55235,18699704,18699959,255,mRNA
55236,18700019,18700611,592,mRNA
55237,18700670,18700952,282,mRNA
55238,18701018,18701261,243,mRNA
55239,18701319,18701485,166,mRNA
55240,18702528,18702683,155,mRNA
55241,18702777,18703879,1102,mRNA
55242,18703992,18705805,1813,mRNA
55243,18688526,18688567,41,mRNA
55244,18692496,18692862,366,mRNA
55245,18699305,18699640,335,mRNA
55246,18699704,18699959,255,mRNA
55247,18700019,18700611,592,mRNA
55248,18700670,18700952,282,mRNA
55249,18701018,18701261,243,mRNA
55250,18701319,18701485,166,mRNA
55251,18701921,18702187,266,mRNA
55252,18702519,18702683,164,mRNA
55253,18702777,18703879,1102,mRNA
55254,18703992,18705805,1813,mRNA
55255,18688622,18688648,26,mRNA
55256,18692041,18692862,821,mRNA
55257,18699305,18699640,335,mRNA
55258,18699704,18699959,255,mRNA
55259,18700019,18700611,592,mRNA
55260,18700670,18700952,282,mRNA
55261,18701018,18701261,243,mRNA
55262,18701319,18701740,421,mRNA
55263,18692665,18692862,197,CDS
55264,18699305,18699640,335,CDS
55265,18699704,18699959,255,CDS
55266,18700019,18700611,592,CDS
55267,18700670,18700952,282,CDS
55268,18701018,18701261,243,CDS
55269,18701319,18701485,166,CDS
55270,18701921,18702187,266,CDS
55271,18702519,18702683,164,CDS
55272,18702777,18703879,1102,CDS
55273,18703992,18704795,803,CDS
55274,18692665,18692862,197,CDS
55275,18699305,18699640,335,CDS
55276,18699704,18699959,255,CDS
55277,18700019,18700611,592,CDS
55278,18700670,18700952,282,CDS
55279,18701018,18701261,243,CDS
55280,18701319,18701485,166,CDS
55281,18701921,18702187,266,CDS
55282,18702519,18702683,164,CDS
55283,18702777,18703879,1102,CDS
55284,18703992,18704795,803,CDS
55285,18692665,18692862,197,CDS
55286,18699305,18699640,335,CDS
55287,18699704,18699959,255,CDS
55288,18700019,18700611,592,CDS
55289,18700670,18700952,282,CDS
55290,18701018,18701261,243,CDS
55291,18701319,18701485,166,CDS
55292,18701921,18702187,266,CDS
55293,18702528,18702683,155,CDS
55294,18702777,18703879,1102,CDS
55295,18703992,18704795,803,CDS
55296,18692665,18692862,197,CDS
55297,18699305,18699640,335,CDS
55298,18699704,18699959,255,CDS
55299,18700019,18700611,592,CDS
55300,18700670,18700952,282,CDS
55301,18701018,18701261,243,CDS
55302,18701319,18701485,166,CDS
55303,18702519,18702683,164,CDS
55304,18702777,18703879,1102,CDS
55305,18703992,18704795,803,CDS
55306,18692665,18692862,197,CDS
55307,18699305,18699640,335,CDS
55308,18699704,18699959,255,CDS
55309,18700019,18700611,592,CDS
55310,18700670,18700952,282,CDS
55311,18701018,18701261,243,CDS
55312,18701319,18701485,166,CDS
55313,18702528,18702683,155,CDS
55314,18702777,18703879,1102,CDS
55315,18703992,18704795,803,CDS
55316,18692665,18692862,197,CDS
55317,18699305,18699640,335,CDS
55318,18699704,18699959,255,CDS
55319,18700019,18700611,592,CDS
55320,18700670,18700952,282,CDS
55321,18701018,18701261,243,CDS
55322,18701319,18701517,198,CDS
55323,18696585,18697345,760,gene
55324,18696585,18697345,760,mRNA
55325,18696634,18697254,620,CDS
55326,18705977,18708226,2249,gene
55327,18705977,18706200,223,mRNA
55328,18706255,18707015,760,mRNA
55329,18707098,18707292,194,mRNA
55330,18707353,18708226,873,mRNA
55331,18705977,18706200,223,mRNA
55332,18706255,18706928,673,mRNA
55333,18707098,18707292,194,mRNA
55334,18707353,18708226,873,mRNA
55335,18706084,18706200,116,CDS
55336,18706255,18707015,760,CDS
55337,18707098,18707292,194,CDS
55338,18707353,18708022,669,CDS
55339,18706084,18706200,116,CDS
55340,18706255,18706928,673,CDS
55341,18707098,18707292,194,CDS
55342,18707353,18708022,669,CDS
55343,18708152,18710865,2713,gene
55344,18710695,18710865,170,mRNA
55345,18709867,18710618,751,mRNA
55346,18709170,18709806,636,mRNA
55347,18708587,18709117,530,mRNA
55348,18708422,18708534,112,mRNA
55349,18708152,18708365,213,mRNA
55350,18710695,18710775,80,CDS
55351,18709867,18710618,751,CDS
55352,18709170,18709806,636,CDS
55353,18708587,18709117,530,CDS
55354,18708422,18708534,112,CDS
55355,18708257,18708365,108,CDS
55356,18711391,18711951,560,gene
55357,18711391,18711485,94,ncRNA
55358,18711544,18711951,407,ncRNA
55359,18718114,18754675,36561,gene
55360,18718114,18718556,442,mRNA
55361,18718712,18718994,282,mRNA
55362,18732555,18732584,29,mRNA
55363,18745266,18746236,970,mRNA
55364,18748051,18748462,411,mRNA
55365,18748726,18748941,215,mRNA
55366,18750803,18751254,451,mRNA
55367,18751639,18751832,193,mRNA
55368,18751953,18754675,2722,mRNA
55369,18718114,18718556,442,mRNA
55370,18718712,18718994,282,mRNA
55371,18732555,18732584,29,mRNA
55372,18745266,18746236,970,mRNA
55373,18748051,18748462,411,mRNA
55374,18748726,18748941,215,mRNA
55375,18750803,18751254,451,mRNA
55376,18751639,18751832,193,mRNA
55377,18751953,18754521,2568,mRNA
55378,18720169,18720287,118,gene
55379,18720169,18720287,118,precursor_RNA
55380,18720198,18720218,20,ncRNA
55381,18720235,18720256,21,ncRNA
55382,18727817,18730281,2464,gene
55383,18729743,18730281,538,mRNA
55384,18729170,18729544,374,mRNA
55385,18728843,18729032,189,mRNA
55386,18728504,18728746,242,mRNA
55387,18728262,18728438,176,mRNA
55388,18728081,18728181,100,mRNA
55389,18727817,18728018,201,mRNA
55390,18729743,18730281,538,mRNA
55391,18729170,18729544,374,mRNA
55392,18728843,18729032,189,mRNA
55393,18728504,18728786,282,mRNA
55394,18728262,18728438,176,mRNA
55395,18728081,18728181,100,mRNA
55396,18727817,18728018,201,mRNA
55397,18729743,18730239,496,CDS
55398,18729170,18729544,374,CDS
55399,18728843,18729032,189,CDS
55400,18728504,18728786,282,CDS
55401,18728262,18728438,176,CDS
55402,18728081,18728181,100,CDS
55403,18727947,18728018,71,CDS
55404,18729743,18730239,496,CDS
55405,18729170,18729544,374,CDS
55406,18728843,18729032,189,CDS
55407,18728645,18728746,101,CDS
55408,18738492,18739143,651,gene
55409,18738492,18738689,197,mRNA
55410,18738753,18739143,390,mRNA
55411,18738501,18738689,188,CDS
55412,18738753,18738923,170,CDS
55413,18739131,18741658,2527,gene
55414,18741199,18741658,459,ncRNA
55415,18739131,18740969,1838,ncRNA
55416,18742517,18743626,1109,gene
55417,18743545,18743626,81,mRNA
55418,18743301,18743485,184,mRNA
55419,18742517,18743238,721,mRNA
55420,18743545,18743575,30,CDS
55421,18743301,18743485,184,CDS
55422,18742663,18743238,575,CDS
55423,18743806,18744996,1190,gene
55424,18744681,18744996,315,mRNA
55425,18744446,18744630,184,mRNA
55426,18743806,18744377,571,mRNA
55427,18744681,18744723,42,CDS
55428,18744446,18744630,184,CDS
55429,18743817,18744377,560,CDS
55430,18745917,18746236,319,CDS
55431,18748051,18748462,411,CDS
55432,18748726,18748941,215,CDS
55433,18750803,18751254,451,CDS
55434,18751639,18751832,193,CDS
55435,18751953,18752176,223,CDS
55436,18745917,18746236,319,CDS
55437,18748051,18748462,411,CDS
55438,18748726,18748941,215,CDS
55439,18750803,18751254,451,CDS
55440,18751639,18751832,193,CDS
55441,18751953,18752176,223,CDS
55442,18754995,18757083,2088,gene
55443,18754995,18755221,226,mRNA
55444,18755300,18755414,114,mRNA
55445,18755475,18755721,246,mRNA
55446,18755780,18755896,116,mRNA
55447,18755956,18756382,426,mRNA
55448,18756435,18757083,648,mRNA
55449,18755123,18755221,98,CDS
55450,18755300,18755414,114,CDS
55451,18755475,18755721,246,CDS
55452,18755780,18755896,116,CDS
55453,18755956,18756382,426,CDS
55454,18756435,18757037,602,CDS
55455,18757074,18761082,4008,gene
55456,18760865,18761082,217,mRNA
55457,18759387,18759622,235,mRNA
55458,18758944,18759293,349,mRNA
55459,18758641,18758880,239,mRNA
55460,18758451,18758583,132,mRNA
55461,18757448,18757522,74,mRNA
55462,18757074,18757388,314,mRNA
55463,18760865,18761082,217,mRNA
55464,18759387,18759622,235,mRNA
55465,18758944,18759293,349,mRNA
55466,18758641,18758880,239,mRNA
55467,18758451,18758583,132,mRNA
55468,18758031,18758126,95,mRNA
55469,18757448,18757522,74,mRNA
55470,18757074,18757388,314,mRNA
55471,18760865,18761082,217,mRNA
55472,18759387,18759622,235,mRNA
55473,18758944,18759293,349,mRNA
55474,18758641,18758880,239,mRNA
55475,18758451,18758583,132,mRNA
55476,18758031,18758126,95,mRNA
55477,18757444,18757522,78,mRNA
55478,18757074,18757388,314,mRNA
55479,18760865,18761082,217,mRNA
55480,18759387,18759622,235,mRNA
55481,18758944,18759293,349,mRNA
55482,18758641,18758880,239,mRNA
55483,18758451,18758583,132,mRNA
55484,18758225,18758284,59,mRNA
55485,18758031,18758126,95,mRNA
55486,18757623,18757928,305,mRNA
55487,18757448,18757522,74,mRNA
55488,18757074,18757388,314,mRNA
55489,18759908,18760096,188,mRNA
55490,18759387,18759616,229,mRNA
55491,18758944,18759293,349,mRNA
55492,18758641,18758880,239,mRNA
55493,18758451,18758574,123,mRNA
55494,18758031,18758126,95,mRNA
55495,18757623,18757928,305,mRNA
55496,18757448,18757522,74,mRNA
55497,18757074,18757388,314,mRNA
55498,18759908,18760096,188,mRNA
55499,18759387,18759616,229,mRNA
55500,18758944,18759293,349,mRNA
55501,18758641,18758880,239,mRNA
55502,18758451,18758583,132,mRNA
55503,18758031,18758126,95,mRNA
55504,18757448,18757522,74,mRNA
55505,18757074,18757388,314,mRNA
55506,18759387,18759612,225,CDS
55507,18758944,18759293,349,CDS
55508,18758641,18758880,239,CDS
55509,18758451,18758574,123,CDS
55510,18758031,18758126,95,CDS
55511,18757623,18757928,305,CDS
55512,18757448,18757522,74,CDS
55513,18757192,18757388,196,CDS
55514,18759387,18759612,225,CDS
55515,18758944,18759293,349,CDS
55516,18758641,18758880,239,CDS
55517,18758451,18758583,132,CDS
55518,18757448,18757522,74,CDS
55519,18757192,18757388,196,CDS
55520,18759387,18759612,225,CDS
55521,18758944,18759293,349,CDS
55522,18758641,18758880,239,CDS
55523,18758451,18758583,132,CDS
55524,18758031,18758126,95,CDS
55525,18757448,18757522,74,CDS
55526,18757192,18757388,196,CDS
55527,18759387,18759612,225,CDS
55528,18758944,18759293,349,CDS
55529,18758641,18758880,239,CDS
55530,18758451,18758583,132,CDS
55531,18758031,18758126,95,CDS
55532,18757448,18757522,74,CDS
55533,18757192,18757388,196,CDS
55534,18759387,18759612,225,CDS
55535,18758944,18759293,349,CDS
55536,18758641,18758880,239,CDS
55537,18758451,18758583,132,CDS
55538,18758225,18758284,59,CDS
55539,18758031,18758126,95,CDS
55540,18757623,18757928,305,CDS
55541,18757448,18757522,74,CDS
55542,18757192,18757388,196,CDS
55543,18759387,18759612,225,CDS
55544,18758944,18759293,349,CDS
55545,18758641,18758880,239,CDS
55546,18758451,18758583,132,CDS
55547,18758031,18758126,95,CDS
55548,18757444,18757522,78,CDS
55549,18757346,18757388,42,CDS
55550,18760865,18761082,217,mRNA
55551,18759387,18759622,235,mRNA
55552,18758944,18759293,349,mRNA
55553,18758641,18758880,239,mRNA
55554,18758451,18758583,132,mRNA
55555,18758031,18758126,95,mRNA
55556,18757629,18757977,348,mRNA
55557,18759387,18759612,225,CDS
55558,18758944,18759293,349,CDS
55559,18758641,18758880,239,CDS
55560,18758451,18758583,132,CDS
55561,18758031,18758126,95,CDS
55562,18757919,18757977,58,CDS
55563,18760865,18761082,217,mRNA
55564,18759387,18759622,235,mRNA
55565,18758944,18759293,349,mRNA
55566,18758641,18758880,239,mRNA
55567,18758305,18758583,278,mRNA
55568,18759387,18759612,225,CDS
55569,18758944,18759293,349,CDS
55570,18758641,18758880,239,CDS
55571,18758437,18758583,146,CDS
55572,18761758,18774824,13066,gene
55573,18761758,18762221,463,mRNA
55574,18768275,18768924,649,mRNA
55575,18769204,18769255,51,mRNA
55576,18769438,18769580,142,mRNA
55577,18770370,18770564,194,mRNA
55578,18771740,18771891,151,mRNA
55579,18771955,18772470,515,mRNA
55580,18772539,18772898,359,mRNA
55581,18772958,18773077,119,mRNA
55582,18773135,18773335,200,mRNA
55583,18773398,18773605,207,mRNA
55584,18773663,18774824,1161,mRNA
55585,18761758,18762221,463,mRNA
55586,18768275,18768924,649,mRNA
55587,18769147,18769255,108,mRNA
55588,18769438,18769580,142,mRNA
55589,18770370,18770564,194,mRNA
55590,18771740,18771891,151,mRNA
55591,18771955,18772470,515,mRNA
55592,18772539,18772898,359,mRNA
55593,18772958,18773077,119,mRNA
55594,18773135,18773335,200,mRNA
55595,18773398,18773605,207,mRNA
55596,18773663,18774667,1004,mRNA
55597,18761758,18762221,463,mRNA
55598,18768275,18768924,649,mRNA
55599,18769147,18769255,108,mRNA
55600,18769438,18769580,142,mRNA
55601,18770370,18770564,194,mRNA
55602,18771740,18771891,151,mRNA
55603,18771955,18772470,515,mRNA
55604,18772539,18772898,359,mRNA
55605,18772958,18773077,119,mRNA
55606,18773135,18773335,200,mRNA
55607,18773398,18773605,207,mRNA
55608,18773663,18774667,1004,mRNA
55609,18761758,18762221,463,mRNA
55610,18768275,18768924,649,mRNA
55611,18769204,18769255,51,mRNA
55612,18769438,18769580,142,mRNA
55613,18770370,18770564,194,mRNA
55614,18771740,18771891,151,mRNA
55615,18771955,18772470,515,mRNA
55616,18772539,18772898,359,mRNA
55617,18772958,18773077,119,mRNA
55618,18773135,18773335,200,mRNA
55619,18773398,18773605,207,mRNA
55620,18773663,18774667,1004,mRNA
55621,18762218,18762221,3,CDS
55622,18768275,18768924,649,CDS
55623,18769147,18769255,108,CDS
55624,18769438,18769580,142,CDS
55625,18770370,18770564,194,CDS
55626,18771740,18771891,151,CDS
55627,18771955,18772470,515,CDS
55628,18772539,18772898,359,CDS
55629,18772958,18773077,119,CDS
55630,18773135,18773335,200,CDS
55631,18773398,18773605,207,CDS
55632,18773663,18773953,290,CDS
55633,18762218,18762221,3,CDS
55634,18768275,18768924,649,CDS
55635,18769147,18769255,108,CDS
55636,18769438,18769580,142,CDS
55637,18770370,18770564,194,CDS
55638,18771740,18771891,151,CDS
55639,18771955,18772470,515,CDS
55640,18772539,18772898,359,CDS
55641,18772958,18773077,119,CDS
55642,18773135,18773335,200,CDS
55643,18773398,18773605,207,CDS
55644,18773663,18773743,80,CDS
55645,18762218,18762221,3,CDS
55646,18768275,18768924,649,CDS
55647,18769204,18769255,51,CDS
55648,18769438,18769580,142,CDS
55649,18770370,18770564,194,CDS
55650,18771740,18771891,151,CDS
55651,18771955,18772470,515,CDS
55652,18772539,18772898,359,CDS
55653,18772958,18773077,119,CDS
55654,18773135,18773335,200,CDS
55655,18773398,18773605,207,CDS
55656,18773663,18773743,80,CDS
55657,18762218,18762221,3,CDS
55658,18768275,18768924,649,CDS
55659,18769204,18769255,51,CDS
55660,18769438,18769580,142,CDS
55661,18770370,18770564,194,CDS
55662,18771740,18771891,151,CDS
55663,18771955,18772470,515,CDS
55664,18772539,18772898,359,CDS
55665,18772958,18773077,119,CDS
55666,18773135,18773335,200,CDS
55667,18773398,18773605,207,CDS
55668,18773663,18773743,80,CDS
55669,18767076,18767431,355,mRNA
55670,18768275,18768924,649,mRNA
55671,18769147,18769255,108,mRNA
55672,18769438,18769580,142,mRNA
55673,18770370,18770564,194,mRNA
55674,18771740,18771891,151,mRNA
55675,18771955,18772470,515,mRNA
55676,18772539,18772898,359,mRNA
55677,18772958,18773077,119,mRNA
55678,18773135,18773335,200,mRNA
55679,18773398,18773605,207,mRNA
55680,18773663,18774667,1004,mRNA
55681,18767302,18767431,129,CDS
55682,18768275,18768924,649,CDS
55683,18769147,18769255,108,CDS
55684,18769438,18769580,142,CDS
55685,18770370,18770564,194,CDS
55686,18771740,18771891,151,CDS
55687,18771955,18772470,515,CDS
55688,18772539,18772898,359,CDS
55689,18772958,18773077,119,CDS
55690,18773135,18773335,200,CDS
55691,18773398,18773605,207,CDS
55692,18773663,18773743,80,CDS
55693,18770131,18770212,81,gene
55694,18770131,18770212,81,tRNA
55695,18771478,18771891,413,mRNA
55696,18771955,18772470,515,mRNA
55697,18772539,18772898,359,mRNA
55698,18772958,18773077,119,mRNA
55699,18773135,18773335,200,mRNA
55700,18773398,18773605,207,mRNA
55701,18773663,18774667,1004,mRNA
55702,18771587,18771891,304,CDS
55703,18771955,18772470,515,CDS
55704,18772539,18772898,359,CDS
55705,18772958,18773077,119,CDS
55706,18773135,18773335,200,CDS
55707,18773398,18773605,207,CDS
55708,18773663,18773743,80,CDS
55709,18775411,18777166,1755,gene
55710,18775411,18775448,37,ncRNA
55711,18775538,18775706,168,ncRNA
55712,18775880,18777166,1286,ncRNA
55713,18775669,18776978,1309,gene
55714,18776894,18776978,84,mRNA
55715,18775669,18776826,1157,mRNA
55716,18776894,18776978,84,mRNA
55717,18775669,18776838,1169,mRNA
55718,18775669,18776978,1309,mRNA
55719,18775850,18776824,974,CDS
55720,18775850,18776824,974,CDS
55721,18775850,18776824,974,CDS
55722,18783299,18794594,11295,gene
55723,18783299,18783678,379,mRNA
55724,18787155,18787212,57,mRNA
55725,18789321,18792673,3352,mRNA
55726,18792731,18792916,185,mRNA
55727,18792974,18793254,280,mRNA
55728,18793307,18794594,1287,mRNA
55729,18789332,18792673,3341,CDS
55730,18792731,18792916,185,CDS
55731,18792974,18793254,280,CDS
55732,18793307,18794123,816,CDS
55733,18794618,18796678,2060,gene
55734,18796477,18796678,201,mRNA
55735,18796270,18796406,136,mRNA
55736,18795069,18796166,1097,mRNA
55737,18794618,18795006,388,mRNA
55738,18796270,18796678,408,mRNA
55739,18795069,18796166,1097,mRNA
55740,18794618,18795006,388,mRNA
55741,18796477,18796537,60,CDS
55742,18796270,18796406,136,CDS
55743,18795069,18796166,1097,CDS
55744,18794809,18795006,197,CDS
55745,18796270,18796305,35,CDS
55746,18795069,18796166,1097,CDS
55747,18794809,18795006,197,CDS
55748,18796975,18803727,6752,gene
55749,18802018,18802405,387,mRNA
55750,18799073,18799263,190,mRNA
55751,18797716,18798792,1076,mRNA
55752,18796975,18797655,680,mRNA
55753,18803655,18803727,72,mRNA
55754,18802018,18803283,1265,mRNA
55755,18799073,18799263,190,mRNA
55756,18797716,18798792,1076,mRNA
55757,18797264,18797655,391,mRNA
55758,18802018,18802405,387,mRNA
55759,18799073,18799263,190,mRNA
55760,18797716,18798792,1076,mRNA
55761,18797264,18797655,391,mRNA
55762,18802018,18802066,48,CDS
55763,18799073,18799263,190,CDS
55764,18797716,18798792,1076,CDS
55765,18797479,18797655,176,CDS
55766,18802018,18802066,48,CDS
55767,18799073,18799263,190,CDS
55768,18797716,18798792,1076,CDS
55769,18797479,18797655,176,CDS
55770,18802018,18802066,48,CDS
55771,18799073,18799263,190,CDS
55772,18797716,18798792,1076,CDS
55773,18797479,18797655,176,CDS
55774,18805595,18807195,1600,gene
55775,18805595,18807195,1600,ncRNA
55776,18805595,18805740,145,ncRNA
55777,18806927,18807195,268,ncRNA
55778,18808356,18815019,6663,gene
55779,18814604,18815019,415,mRNA
55780,18810042,18810178,136,mRNA
55781,18808890,18809975,1085,mRNA
55782,18808356,18808776,420,mRNA
55783,18811322,18811460,138,mRNA
55784,18810042,18810178,136,mRNA
55785,18808890,18809975,1085,mRNA
55786,18808356,18808776,420,mRNA
55787,18814604,18814691,87,CDS
55788,18810042,18810178,136,CDS
55789,18808890,18809975,1085,CDS
55790,18808612,18808776,164,CDS
55791,18811322,18811361,39,CDS
55792,18810042,18810178,136,CDS
55793,18808890,18809975,1085,CDS
55794,18808612,18808776,164,CDS
55795,18814938,18815641,703,gene
55796,18814938,18815641,703,ncRNA
55797,18815654,18816452,798,gene
55798,18816323,18816452,129,ncRNA
55799,18815654,18816238,584,ncRNA
55800,18816304,18816452,148,ncRNA
55801,18815654,18816238,584,ncRNA
55802,18819467,18822250,2783,gene
55803,18819467,18819524,57,mRNA
55804,18819621,18819765,144,mRNA
55805,18820196,18820542,346,mRNA
55806,18820605,18820838,233,mRNA
55807,18821041,18821118,77,mRNA
55808,18821184,18821283,99,mRNA
55809,18821976,18822250,274,mRNA
55810,18819467,18819765,298,mRNA
55811,18820196,18820542,346,mRNA
55812,18820605,18820838,233,mRNA
55813,18821041,18821118,77,mRNA
55814,18821184,18821839,655,mRNA
55815,18819467,18819765,298,mRNA
55816,18820196,18820542,346,mRNA
55817,18820605,18820838,233,mRNA
55818,18821041,18821118,77,mRNA
55819,18821184,18821637,453,mRNA
55820,18821698,18821839,141,mRNA
55821,18819467,18819524,57,mRNA
55822,18819621,18819765,144,mRNA
55823,18820196,18820542,346,mRNA
55824,18820605,18820838,233,mRNA
55825,18821041,18821118,77,mRNA
55826,18821184,18821839,655,mRNA
55827,18819467,18819524,57,mRNA
55828,18819621,18819765,144,mRNA
55829,18820196,18820542,346,mRNA
55830,18820605,18820838,233,mRNA
55831,18821041,18821118,77,mRNA
55832,18821184,18821283,99,mRNA
55833,18821490,18821839,349,mRNA
55834,18819467,18819501,34,mRNA
55835,18819621,18819765,144,mRNA
55836,18820196,18820542,346,mRNA
55837,18820605,18820838,233,mRNA
55838,18821041,18821118,77,mRNA
55839,18821184,18821839,655,mRNA
55840,18819633,18819765,132,CDS
55841,18820196,18820542,346,CDS
55842,18820605,18820838,233,CDS
55843,18821041,18821118,77,CDS
55844,18821184,18821283,99,CDS
55845,18821976,18822100,124,CDS
55846,18819633,18819765,132,CDS
55847,18820196,18820542,346,CDS
55848,18820605,18820838,233,CDS
55849,18821041,18821118,77,CDS
55850,18821184,18821283,99,CDS
55851,18821490,18821509,19,CDS
55852,18819633,18819765,132,CDS
55853,18820196,18820542,346,CDS
55854,18820605,18820838,233,CDS
55855,18821041,18821118,77,CDS
55856,18821184,18821291,107,CDS
55857,18819633,18819765,132,CDS
55858,18820196,18820542,346,CDS
55859,18820605,18820838,233,CDS
55860,18821041,18821118,77,CDS
55861,18821184,18821291,107,CDS
55862,18819633,18819765,132,CDS
55863,18820196,18820542,346,CDS
55864,18820605,18820838,233,CDS
55865,18821041,18821118,77,CDS
55866,18821184,18821291,107,CDS
55867,18819633,18819765,132,CDS
55868,18820196,18820542,346,CDS
55869,18820605,18820838,233,CDS
55870,18821041,18821118,77,CDS
55871,18821184,18821291,107,CDS
55872,18822188,18829699,7511,gene
55873,18829471,18829699,228,mRNA
55874,18826019,18826218,199,mRNA
55875,18825497,18825680,183,mRNA
55876,18824704,18824800,96,mRNA
55877,18823237,18824569,1332,mRNA
55878,18822188,18823173,985,mRNA
55879,18829471,18829699,228,mRNA
55880,18826019,18826218,199,mRNA
55881,18825497,18825680,183,mRNA
55882,18824704,18824800,96,mRNA
55883,18823237,18824569,1332,mRNA
55884,18822188,18823173,985,mRNA
55885,18829471,18829699,228,mRNA
55886,18826019,18826218,199,mRNA
55887,18825497,18825680,183,mRNA
55888,18824704,18824800,96,mRNA
55889,18823237,18824569,1332,mRNA
55890,18822188,18823173,985,mRNA
55891,18825497,18825738,241,mRNA
55892,18823237,18824800,1563,mRNA
55893,18822188,18823173,985,mRNA
55894,18826019,18826044,25,CDS
55895,18825497,18825680,183,CDS
55896,18824704,18824800,96,CDS
55897,18823237,18824569,1332,CDS
55898,18822582,18823173,591,CDS
55899,18826019,18826044,25,CDS
55900,18825497,18825680,183,CDS
55901,18824704,18824800,96,CDS
55902,18823237,18824569,1332,CDS
55903,18822609,18823173,564,CDS
55904,18826019,18826044,25,CDS
55905,18825497,18825680,183,CDS
55906,18824704,18824800,96,CDS
55907,18823237,18824569,1332,CDS
55908,18822960,18823173,213,CDS
55909,18823237,18824564,1327,CDS
55910,18822960,18823173,213,CDS
55911,18830331,18833241,2910,gene
55912,18830331,18831300,969,mRNA
55913,18832172,18832681,509,mRNA
55914,18832790,18833241,451,mRNA
55915,18831093,18831300,207,mRNA
55916,18832172,18832681,509,mRNA
55917,18832790,18833241,451,mRNA
55918,18831246,18831300,54,CDS
55919,18832172,18832681,509,CDS
55920,18832790,18833115,325,CDS
55921,18831246,18831300,54,CDS
55922,18832172,18832681,509,CDS
55923,18832790,18833115,325,CDS
55924,18833372,18834775,1403,gene
55925,18834476,18834775,299,mRNA
55926,18834311,18834396,85,mRNA
55927,18833965,18834118,153,mRNA
55928,18833372,18833784,412,mRNA
55929,18834476,18834662,186,CDS
55930,18834311,18834396,85,CDS
55931,18833965,18834118,153,CDS
55932,18833651,18833784,133,CDS
55933,18835263,18836842,1579,gene
55934,18835263,18835512,249,mRNA
55935,18836280,18836347,67,mRNA
55936,18836416,18836578,162,mRNA
55937,18836655,18836842,187,mRNA
55938,18835392,18835512,120,CDS
55939,18836280,18836347,67,CDS
55940,18836416,18836578,162,CDS
55941,18836655,18836755,100,CDS
55942,18836821,18846619,9798,gene
55943,18846573,18846619,46,mRNA
55944,18845711,18845959,248,mRNA
55945,18845394,18845572,178,mRNA
55946,18844103,18845335,1232,mRNA
55947,18843727,18844027,300,mRNA
55948,18842900,18843668,768,mRNA
55949,18842735,18842843,108,mRNA
55950,18838385,18842679,4294,mRNA
55951,18838033,18838228,195,mRNA
55952,18837634,18837976,342,mRNA
55953,18836821,18837568,747,mRNA
55954,18846498,18846619,121,mRNA
55955,18845711,18845959,248,mRNA
55956,18845394,18845572,178,mRNA
55957,18844103,18845335,1232,mRNA
55958,18843727,18844027,300,mRNA
55959,18842900,18843668,768,mRNA
55960,18842735,18842843,108,mRNA
55961,18838385,18842679,4294,mRNA
55962,18838033,18838228,195,mRNA
55963,18837634,18837976,342,mRNA
55964,18836821,18837568,747,mRNA
55965,18845711,18845863,152,CDS
55966,18845394,18845572,178,CDS
55967,18844103,18845335,1232,CDS
55968,18843727,18844027,300,CDS
55969,18842900,18843668,768,CDS
55970,18842735,18842843,108,CDS
55971,18838385,18842679,4294,CDS
55972,18838033,18838228,195,CDS
55973,18837634,18837976,342,CDS
55974,18837095,18837568,473,CDS
55975,18845711,18845863,152,CDS
55976,18845394,18845572,178,CDS
55977,18844103,18845335,1232,CDS
55978,18843727,18844027,300,CDS
55979,18842900,18843668,768,CDS
55980,18842735,18842843,108,CDS
55981,18838385,18842679,4294,CDS
55982,18838033,18838228,195,CDS
55983,18837634,18837976,342,CDS
55984,18837347,18837568,221,CDS
55985,18846858,18850599,3741,gene
55986,18850388,18850599,211,mRNA
55987,18850179,18850300,121,mRNA
55988,18849265,18850100,835,mRNA
55989,18849102,18849206,104,mRNA
55990,18847894,18849045,1151,mRNA
55991,18846858,18847833,975,mRNA
55992,18850388,18850490,102,CDS
55993,18850179,18850300,121,CDS
55994,18849265,18850100,835,CDS
55995,18849102,18849206,104,CDS
55996,18847894,18849045,1151,CDS
55997,18847083,18847833,750,CDS
55998,18850844,18851963,1119,gene
55999,18850844,18851963,1119,mRNA
56000,18850936,18851886,950,CDS
56001,18851907,18853043,1136,gene
56002,18852634,18853043,409,mRNA
56003,18851907,18852573,666,mRNA
56004,18852634,18852763,129,CDS
56005,18851957,18852573,616,CDS
56006,18853434,18855087,1653,gene
56007,18854844,18855087,243,mRNA
56008,18854588,18854787,199,mRNA
56009,18854323,18854533,210,mRNA
56010,18853434,18854264,830,mRNA
56011,18854844,18855053,209,CDS
56012,18854588,18854787,199,CDS
56013,18854323,18854533,210,CDS
56014,18853461,18854264,803,CDS
56015,18855767,18858245,2478,gene
56016,18857653,18858245,592,mRNA
56017,18857204,18857403,199,mRNA
56018,18856884,18857091,207,mRNA
56019,18855767,18856691,924,mRNA
56020,18857653,18857940,287,mRNA
56021,18857204,18857403,199,mRNA
56022,18856884,18857091,207,mRNA
56023,18855767,18856691,924,mRNA
56024,18857653,18857850,197,CDS
56025,18857204,18857403,199,CDS
56026,18856884,18857091,207,CDS
56027,18855906,18856691,785,CDS
56028,18857653,18857850,197,CDS
56029,18857204,18857403,199,CDS
56030,18856884,18857091,207,CDS
56031,18855906,18856691,785,CDS
56032,18858291,18860019,1728,mobile_element
56033,18860375,18862078,1703,gene
56034,18861526,18862078,552,mRNA
56035,18861261,18861465,204,mRNA
56036,18860375,18861192,817,mRNA
56037,18861526,18861926,400,CDS
56038,18861261,18861465,204,CDS
56039,18860392,18861192,800,CDS
56040,18862862,18863277,415,gene
56041,18862862,18863277,415,mRNA
56042,18862886,18863125,239,CDS
56043,18863896,18864558,662,gene
56044,18863896,18864094,198,mRNA
56045,18864143,18864288,145,mRNA
56046,18864343,18864424,81,mRNA
56047,18864484,18864558,74,mRNA
56048,18863896,18864094,198,mRNA
56049,18864166,18864288,122,mRNA
56050,18864343,18864424,81,mRNA
56051,18864484,18864558,74,mRNA
56052,18863992,18864094,102,CDS
56053,18864143,18864288,145,CDS
56054,18864343,18864424,81,CDS
56055,18864484,18864533,49,CDS
56056,18864092,18864094,2,CDS
56057,18864166,18864288,122,CDS
56058,18864343,18864424,81,CDS
56059,18864484,18864533,49,CDS
56060,18864621,18865218,597,gene
56061,18865140,18865218,78,mRNA
56062,18864621,18865055,434,mRNA
56063,18865140,18865218,78,mRNA
56064,18864819,18865055,236,mRNA
56065,18865140,18865193,53,CDS
56066,18864924,18865055,131,CDS
56067,18865140,18865193,53,CDS
56068,18864924,18865055,131,CDS
56069,18865765,18866260,495,gene
56070,18865765,18866260,495,mRNA
56071,18865809,18866129,320,CDS
56072,18867391,18867895,504,gene
56073,18867391,18867538,147,mRNA
56074,18867595,18867895,300,mRNA
56075,18867422,18867538,116,CDS
56076,18867595,18867840,245,CDS
56077,18867848,18868167,319,gene
56078,18868067,18868167,100,mRNA
56079,18867848,18868007,159,mRNA
56080,18868067,18868153,86,CDS
56081,18867921,18868007,86,CDS
56082,18878391,18959500,81109,gene
56083,18878391,18878640,249,mRNA
56084,18879826,18880128,302,mRNA
56085,18902866,18902912,46,mRNA
56086,18913443,18913494,51,mRNA
56087,18954978,18956126,1148,mRNA
56088,18956257,18957492,1235,mRNA
56089,18957720,18958435,715,mRNA
56090,18958593,18959500,907,mRNA
56091,18878391,18878640,249,mRNA
56092,18879826,18880128,302,mRNA
56093,18913443,18913494,51,mRNA
56094,18954978,18956126,1148,mRNA
56095,18956257,18957492,1235,mRNA
56096,18957720,18958435,715,mRNA
56097,18958593,18959500,907,mRNA
56098,18878391,18878640,249,mRNA
56099,18902866,18902912,46,mRNA
56100,18913443,18913494,51,mRNA
56101,18954978,18956126,1148,mRNA
56102,18956257,18957492,1235,mRNA
56103,18957720,18958435,715,mRNA
56104,18958593,18959500,907,mRNA
56105,18899429,18899537,108,gene
56106,18899429,18899537,108,ncRNA
56107,18908961,18911895,2934,gene
56108,18908961,18911895,2934,mRNA
56109,18909000,18911714,2714,CDS
56110,18947317,18947820,503,mRNA
56111,18954978,18956126,1148,mRNA
56112,18956257,18957492,1235,mRNA
56113,18957720,18958435,715,mRNA
56114,18958593,18959500,907,mRNA
56115,18947317,18947586,269,mRNA
56116,18954978,18956126,1148,mRNA
56117,18956257,18957492,1235,mRNA
56118,18957720,18958435,715,mRNA
56119,18958593,18959500,907,mRNA
56120,18947317,18947586,269,mRNA
56121,18954978,18956126,1148,mRNA
56122,18956257,18957492,1235,mRNA
56123,18957720,18958435,715,mRNA
56124,18958593,18959500,907,mRNA
56125,18955111,18956126,1015,CDS
56126,18956257,18957492,1235,CDS
56127,18957720,18958203,483,CDS
56128,18955510,18956126,616,CDS
56129,18956257,18957492,1235,CDS
56130,18957720,18958203,483,CDS
56131,18955510,18956126,616,CDS
56132,18956257,18957492,1235,CDS
56133,18957720,18958203,483,CDS
56134,18955510,18956126,616,CDS
56135,18956257,18957492,1235,CDS
56136,18957720,18958203,483,CDS
56137,18955510,18956126,616,CDS
56138,18956257,18957492,1235,CDS
56139,18957720,18958203,483,CDS
56140,18955510,18956126,616,CDS
56141,18956257,18957492,1235,CDS
56142,18957720,18958203,483,CDS
56143,18969404,18971133,1729,gene
56144,18970796,18971133,337,mRNA
56145,18970134,18970728,594,mRNA
56146,18969404,18970067,663,mRNA
56147,18970796,18971008,212,CDS
56148,18970134,18970728,594,CDS
56149,18969835,18970067,232,CDS
56150,18971309,18972537,1228,gene
56151,18972245,18972537,292,mRNA
56152,18971829,18972186,357,mRNA
56153,18971309,18971763,454,mRNA
56154,18972245,18972537,292,mRNA
56155,18971829,18972186,357,mRNA
56156,18971309,18971775,466,mRNA
56157,18972245,18972433,188,CDS
56158,18971829,18972186,357,CDS
56159,18971591,18971763,172,CDS
56160,18972245,18972433,188,CDS
56161,18971829,18972186,357,CDS
56162,18971591,18971775,184,CDS
56163,18972612,18977262,4650,gene
56164,18972612,18972938,326,mRNA
56165,18972998,18973722,724,mRNA
56166,18973783,18974243,460,mRNA
56167,18974311,18975725,1414,mRNA
56168,18975893,18977262,1369,mRNA
56169,18972927,18973722,795,mRNA
56170,18973783,18974243,460,mRNA
56171,18974311,18975725,1414,mRNA
56172,18975893,18977262,1369,mRNA
56173,18973327,18973722,395,CDS
56174,18973783,18974243,460,CDS
56175,18974311,18975725,1414,CDS
56176,18975893,18976737,844,CDS
56177,18973327,18973722,395,CDS
56178,18973783,18974243,460,CDS
56179,18974311,18975725,1414,CDS
56180,18975893,18976737,844,CDS
56181,18977514,18979279,1765,gene
56182,18977514,18977641,127,mRNA
56183,18977744,18977940,196,mRNA
56184,18978016,18979279,1263,mRNA
56185,18977828,18977940,112,CDS
56186,18978016,18979150,1134,CDS
56187,18987344,19008944,21600,gene
56188,18987344,18987691,347,mRNA
56189,18989384,18989688,304,mRNA
56190,18989776,18989866,90,mRNA
56191,18993919,18994059,140,mRNA
56192,18995011,18995146,135,mRNA
56193,18996892,18997034,142,mRNA
56194,18997128,18998387,1259,mRNA
56195,19001092,19001789,697,mRNA
56196,19005789,19006571,782,mRNA
56197,19007587,19007746,159,mRNA
56198,19008099,19008239,140,mRNA
56199,19008409,19008485,76,mRNA
56200,19008560,19008944,384,mRNA
56201,18987344,18987691,347,mRNA
56202,18989776,18989866,90,mRNA
56203,18993919,18994059,140,mRNA
56204,18995011,18995146,135,mRNA
56205,18996892,18997034,142,mRNA
56206,18997128,18998909,1781,mRNA
56207,19001092,19001789,697,mRNA
56208,19004605,19004889,284,mRNA
56209,19005789,19006571,782,mRNA
56210,19007587,19007746,159,mRNA
56211,19008099,19008239,140,mRNA
56212,19008409,19008485,76,mRNA
56213,19008560,19008944,384,mRNA
56214,18987344,18987691,347,mRNA
56215,18989776,18989866,90,mRNA
56216,18993919,18994059,140,mRNA
56217,18995011,18995146,135,mRNA
56218,18996892,18997034,142,mRNA
56219,18997128,18998423,1295,mRNA
56220,19001092,19001789,697,mRNA
56221,19004605,19004883,278,mRNA
56222,19005789,19006571,782,mRNA
56223,19007587,19007746,159,mRNA
56224,19008099,19008239,140,mRNA
56225,19008409,19008485,76,mRNA
56226,19008560,19008944,384,mRNA
56227,18987344,18987691,347,mRNA
56228,18989776,18989866,90,mRNA
56229,18993919,18994059,140,mRNA
56230,18995011,18995146,135,mRNA
56231,18996892,18997034,142,mRNA
56232,18997128,18998423,1295,mRNA
56233,19001092,19001789,697,mRNA
56234,19002697,19003025,328,mRNA
56235,18991037,18991333,296,mRNA
56236,18993919,18994059,140,mRNA
56237,18995011,18995146,135,mRNA
56238,18996892,18997034,142,mRNA
56239,18997128,18998423,1295,mRNA
56240,19001041,19001789,748,mRNA
56241,19005789,19006571,782,mRNA
56242,19007587,19007746,159,mRNA
56243,19008099,19008239,140,mRNA
56244,19008409,19008485,76,mRNA
56245,19008560,19008944,384,mRNA
56246,18991037,18991333,296,mRNA
56247,18993919,18994059,140,mRNA
56248,18995011,18995146,135,mRNA
56249,18996892,18997034,142,mRNA
56250,18997128,18998423,1295,mRNA
56251,19001092,19001789,697,mRNA
56252,19004605,19004883,278,mRNA
56253,19005789,19006571,782,mRNA
56254,19007587,19007746,159,mRNA
56255,19008099,19008239,140,mRNA
56256,19008409,19008485,76,mRNA
56257,19008560,19008944,384,mRNA
56258,18993925,18994059,134,CDS
56259,18995011,18995146,135,CDS
56260,18996892,18997034,142,CDS
56261,18997128,18998909,1781,CDS
56262,19001092,19001789,697,CDS
56263,19004605,19004889,284,CDS
56264,19005789,19006571,782,CDS
56265,19007587,19007746,159,CDS
56266,19008099,19008239,140,CDS
56267,19008409,19008485,76,CDS
56268,19008560,19008773,213,CDS
56269,18993925,18994059,134,CDS
56270,18995011,18995146,135,CDS
56271,18996892,18997034,142,CDS
56272,18997128,18998423,1295,CDS
56273,19001041,19001789,748,CDS
56274,19005789,19006571,782,CDS
56275,19007587,19007746,159,CDS
56276,19008099,19008239,140,CDS
56277,19008409,19008485,76,CDS
56278,19008560,19008773,213,CDS
56279,18993925,18994059,134,CDS
56280,18995011,18995146,135,CDS
56281,18996892,18997034,142,CDS
56282,18997128,18998423,1295,CDS
56283,19001092,19001789,697,CDS
56284,19004605,19004883,278,CDS
56285,19005789,19006571,782,CDS
56286,19007587,19007746,159,CDS
56287,19008099,19008239,140,CDS
56288,19008409,19008485,76,CDS
56289,19008560,19008773,213,CDS
56290,18993925,18994059,134,CDS
56291,18995011,18995146,135,CDS
56292,18996892,18997034,142,CDS
56293,18997128,18998423,1295,CDS
56294,19001092,19001789,697,CDS
56295,19004605,19004883,278,CDS
56296,19005789,19006571,782,CDS
56297,19007587,19007746,159,CDS
56298,19008099,19008239,140,CDS
56299,19008409,19008485,76,CDS
56300,19008560,19008773,213,CDS
56301,18993925,18994059,134,CDS
56302,18995011,18995146,135,CDS
56303,18996892,18997034,142,CDS
56304,18997128,18998387,1259,CDS
56305,19001092,19001789,697,CDS
56306,19005789,19006571,782,CDS
56307,19007587,19007746,159,CDS
56308,19008099,19008239,140,CDS
56309,19008409,19008485,76,CDS
56310,19008560,19008773,213,CDS
56311,18993925,18994059,134,CDS
56312,18995011,18995146,135,CDS
56313,18996892,18997034,142,CDS
56314,18997128,18998423,1295,CDS
56315,19001092,19001789,697,CDS
56316,19002697,19002772,75,CDS
56317,18994696,18994842,146,gene
56318,18994696,18994842,146,ncRNA
56319,19022325,19032642,10317,gene
56320,19032040,19032642,602,mRNA
56321,19028618,19029245,627,mRNA
56322,19027174,19027307,133,mRNA
56323,19026608,19026717,109,mRNA
56324,19026333,19026522,189,mRNA
56325,19025878,19026015,137,mRNA
56326,19024810,19024989,179,mRNA
56327,19023862,19024380,518,mRNA
56328,19022325,19023683,1358,mRNA
56329,19032040,19032642,602,mRNA
56330,19028618,19029245,627,mRNA
56331,19027174,19027307,133,mRNA
56332,19026608,19026717,109,mRNA
56333,19026333,19026522,189,mRNA
56334,19025878,19026015,137,mRNA
56335,19024645,19024989,344,mRNA
56336,19023862,19024380,518,mRNA
56337,19022325,19023683,1358,mRNA
56338,19032040,19032642,602,mRNA
56339,19028618,19029245,627,mRNA
56340,19027174,19027307,133,mRNA
56341,19026608,19026717,109,mRNA
56342,19026333,19026522,189,mRNA
56343,19025878,19026015,137,mRNA
56344,19024645,19024989,344,mRNA
56345,19023862,19024380,518,mRNA
56346,19023371,19023683,312,mRNA
56347,19028618,19028936,318,CDS
56348,19027174,19027307,133,CDS
56349,19026608,19026717,109,CDS
56350,19026333,19026522,189,CDS
56351,19025878,19026015,137,CDS
56352,19024645,19024989,344,CDS
56353,19023862,19024380,518,CDS
56354,19023549,19023683,134,CDS
56355,19028618,19028936,318,CDS
56356,19027174,19027307,133,CDS
56357,19026608,19026717,109,CDS
56358,19026333,19026522,189,CDS
56359,19025878,19026015,137,CDS
56360,19024810,19024989,179,CDS
56361,19023862,19024380,518,CDS
56362,19023585,19023683,98,CDS
56363,19028618,19028936,318,CDS
56364,19027174,19027307,133,CDS
56365,19026608,19026717,109,CDS
56366,19026333,19026522,189,CDS
56367,19025878,19026015,137,CDS
56368,19024645,19024989,344,CDS
56369,19023862,19024380,518,CDS
56370,19023585,19023683,98,CDS
56371,19030009,19030250,241,gene
56372,19030009,19030250,241,mRNA
56373,19030022,19030189,167,CDS
56374,19035492,19036387,895,gene
56375,19036243,19036387,144,mRNA
56376,19035969,19036190,221,mRNA
56377,19035492,19035901,409,mRNA
56378,19036243,19036387,144,CDS
56379,19035969,19036190,221,CDS
56380,19035492,19035901,409,CDS
56381,19055231,19055924,693,gene
56382,19055702,19055924,222,mRNA
56383,19055231,19055648,417,mRNA
56384,19055702,19055913,211,CDS
56385,19055279,19055648,369,CDS
56386,19059421,19061065,1644,gene
56387,19059421,19059486,65,mRNA
56388,19059596,19061065,1469,mRNA
56389,19059421,19059486,65,mRNA
56390,19059596,19059653,57,mRNA
56391,19059735,19061065,1330,mRNA
56392,19059421,19059486,65,mRNA
56393,19059596,19059643,47,mRNA
56394,19059735,19061065,1330,mRNA
56395,19059619,19059643,24,CDS
56396,19059735,19060879,1144,CDS
56397,19059743,19060879,1136,CDS
56398,19059743,19060879,1136,CDS
56399,19067155,19121958,54803,gene
56400,19067155,19067540,385,mRNA
56401,19089854,19090548,694,mRNA
56402,19090757,19091458,701,mRNA
56403,19094040,19094173,133,mRNA
56404,19096400,19096509,109,mRNA
56405,19108752,19108941,189,mRNA
56406,19109011,19109148,137,mRNA
56407,19113920,19114150,230,mRNA
56408,19118119,19118994,875,mRNA
56409,19119362,19119483,121,mRNA
56410,19120524,19121958,1434,mRNA
56411,19067155,19067540,385,mRNA
56412,19089854,19090548,694,mRNA
56413,19090757,19091458,701,mRNA
56414,19094040,19094173,133,mRNA
56415,19096400,19096509,109,mRNA
56416,19108752,19108941,189,mRNA
56417,19109011,19109148,137,mRNA
56418,19113920,19114150,230,mRNA
56419,19118119,19118994,875,mRNA
56420,19119362,19119483,121,mRNA
56421,19120524,19121958,1434,mRNA
56422,19090524,19090548,24,CDS
56423,19090757,19091458,701,CDS
56424,19094040,19094173,133,CDS
56425,19096400,19096509,109,CDS
56426,19108752,19108941,189,CDS
56427,19109011,19109148,137,CDS
56428,19113920,19114150,230,CDS
56429,19118119,19118994,875,CDS
56430,19119362,19119483,121,CDS
56431,19120524,19120536,12,CDS
56432,19090524,19090548,24,CDS
56433,19090757,19091458,701,CDS
56434,19094040,19094173,133,CDS
56435,19096400,19096509,109,CDS
56436,19108752,19108941,189,CDS
56437,19109011,19109148,137,CDS
56438,19113920,19114150,230,CDS
56439,19118119,19118994,875,CDS
56440,19119362,19119460,98,CDS
56441,19094267,19096174,1907,gene
56442,19095524,19096174,650,mRNA
56443,19094267,19095427,1160,mRNA
56444,19095524,19096174,650,CDS
56445,19094267,19095427,1160,CDS
56446,19122231,19129300,7069,gene
56447,19128997,19129300,303,mRNA
56448,19124537,19124940,403,mRNA
56449,19124105,19124417,312,mRNA
56450,19123499,19124036,537,mRNA
56451,19123295,19123438,143,mRNA
56452,19123148,19123232,84,mRNA
56453,19122910,19123086,176,mRNA
56454,19122672,19122810,138,mRNA
56455,19122231,19122613,382,mRNA
56456,19127470,19127624,154,mRNA
56457,19124537,19124940,403,mRNA
56458,19124105,19124417,312,mRNA
56459,19123499,19124036,537,mRNA
56460,19123295,19123438,143,mRNA
56461,19123148,19123232,84,mRNA
56462,19122910,19123086,176,mRNA
56463,19122672,19122810,138,mRNA
56464,19122231,19122613,382,mRNA
56465,19127192,19127219,27,mRNA
56466,19124537,19124940,403,mRNA
56467,19124105,19124417,312,mRNA
56468,19123499,19124036,537,mRNA
56469,19123295,19123438,143,mRNA
56470,19123148,19123232,84,mRNA
56471,19122910,19123086,176,mRNA
56472,19122672,19122810,138,mRNA
56473,19122231,19122613,382,mRNA
56474,19126208,19126269,61,mRNA
56475,19124537,19124886,349,mRNA
56476,19124105,19124417,312,mRNA
56477,19123499,19124036,537,mRNA
56478,19123295,19123438,143,mRNA
56479,19123148,19123232,84,mRNA
56480,19122910,19123086,176,mRNA
56481,19122672,19122810,138,mRNA
56482,19122231,19122613,382,mRNA
56483,19125746,19126269,523,mRNA
56484,19124537,19124940,403,mRNA
56485,19124105,19124417,312,mRNA
56486,19123499,19124036,537,mRNA
56487,19123295,19123438,143,mRNA
56488,19123148,19123232,84,mRNA
56489,19122910,19123086,176,mRNA
56490,19122672,19122810,138,mRNA
56491,19122231,19122613,382,mRNA
56492,19125022,19125218,196,mRNA
56493,19124537,19124940,403,mRNA
56494,19124105,19124417,312,mRNA
56495,19123499,19124036,537,mRNA
56496,19123295,19123438,143,mRNA
56497,19123148,19123232,84,mRNA
56498,19122910,19123086,176,mRNA
56499,19122672,19122810,138,mRNA
56500,19122231,19122613,382,mRNA
56501,19128997,19129000,3,CDS
56502,19124537,19124940,403,CDS
56503,19124105,19124417,312,CDS
56504,19123499,19124036,537,CDS
56505,19123295,19123438,143,CDS
56506,19123148,19123232,84,CDS
56507,19122910,19123086,176,CDS
56508,19122672,19122810,138,CDS
56509,19122447,19122613,166,CDS
56510,19127470,19127515,45,CDS
56511,19124537,19124940,403,CDS
56512,19124105,19124417,312,CDS
56513,19123499,19124036,537,CDS
56514,19123295,19123438,143,CDS
56515,19123148,19123232,84,CDS
56516,19122910,19123086,176,CDS
56517,19122672,19122810,138,CDS
56518,19122447,19122613,166,CDS
56519,19127192,19127195,3,CDS
56520,19124537,19124940,403,CDS
56521,19124105,19124417,312,CDS
56522,19123499,19124036,537,CDS
56523,19123295,19123438,143,CDS
56524,19123148,19123232,84,CDS
56525,19122910,19123086,176,CDS
56526,19122672,19122810,138,CDS
56527,19122447,19122613,166,CDS
56528,19126208,19126241,33,CDS
56529,19124537,19124886,349,CDS
56530,19124105,19124417,312,CDS
56531,19123499,19124036,537,CDS
56532,19123295,19123438,143,CDS
56533,19123148,19123232,84,CDS
56534,19122910,19123086,176,CDS
56535,19122672,19122810,138,CDS
56536,19122447,19122613,166,CDS
56537,19124537,19124845,308,CDS
56538,19124105,19124417,312,CDS
56539,19123499,19124036,537,CDS
56540,19123295,19123438,143,CDS
56541,19123148,19123232,84,CDS
56542,19122910,19123086,176,CDS
56543,19122672,19122810,138,CDS
56544,19122447,19122613,166,CDS
56545,19124537,19124845,308,CDS
56546,19124105,19124417,312,CDS
56547,19123499,19124036,537,CDS
56548,19123295,19123438,143,CDS
56549,19123148,19123232,84,CDS
56550,19122910,19123086,176,CDS
56551,19122672,19122810,138,CDS
56552,19122447,19122613,166,CDS
56553,19129589,19133706,4117,gene
56554,19129589,19129917,328,mRNA
56555,19130368,19130493,125,mRNA
56556,19130554,19133706,3152,mRNA
56557,19129690,19129917,227,CDS
56558,19130368,19130493,125,CDS
56559,19130554,19133118,2564,CDS
56560,19133727,19137169,3442,gene
56561,19137124,19137169,45,mRNA
56562,19136951,19137070,119,mRNA
56563,19136695,19136827,132,mRNA
56564,19136323,19136637,314,mRNA
56565,19135939,19136255,316,mRNA
56566,19135685,19135780,95,mRNA
56567,19134883,19135625,742,mRNA
56568,19133727,19134431,704,mRNA
56569,19136951,19137169,218,mRNA
56570,19136695,19136827,132,mRNA
56571,19136323,19136637,314,mRNA
56572,19135939,19136255,316,mRNA
56573,19135685,19135780,95,mRNA
56574,19134883,19135625,742,mRNA
56575,19133727,19134431,704,mRNA
56576,19136951,19137169,218,mRNA
56577,19136695,19136827,132,mRNA
56578,19136323,19136637,314,mRNA
56579,19135939,19136255,316,mRNA
56580,19135685,19135780,95,mRNA
56581,19134883,19135625,742,mRNA
56582,19133727,19134726,999,mRNA
56583,19136695,19136863,168,mRNA
56584,19136323,19136637,314,mRNA
56585,19135939,19136255,316,mRNA
56586,19135685,19135780,95,mRNA
56587,19134883,19135625,742,mRNA
56588,19133727,19134431,704,mRNA
56589,19136951,19137043,92,CDS
56590,19136695,19136827,132,CDS
56591,19136323,19136637,314,CDS
56592,19135939,19136255,316,CDS
56593,19135685,19135780,95,CDS
56594,19134883,19135625,742,CDS
56595,19134215,19134431,216,CDS
56596,19136951,19137043,92,CDS
56597,19136695,19136827,132,CDS
56598,19136323,19136637,314,CDS
56599,19135939,19136255,316,CDS
56600,19135685,19135780,95,CDS
56601,19134883,19135625,742,CDS
56602,19134215,19134431,216,CDS
56603,19136695,19136785,90,CDS
56604,19136323,19136637,314,CDS
56605,19135939,19136255,316,CDS
56606,19135685,19135780,95,CDS
56607,19134883,19135625,742,CDS
56608,19134215,19134431,216,CDS
56609,19136951,19137043,92,CDS
56610,19136695,19136827,132,CDS
56611,19136323,19136637,314,CDS
56612,19135939,19136255,316,CDS
56613,19135685,19135780,95,CDS
56614,19134883,19135625,742,CDS
56615,19134531,19134726,195,CDS
56616,19137372,19141034,3662,gene
56617,19137372,19137536,164,mRNA
56618,19137818,19137903,85,mRNA
56619,19138228,19138261,33,mRNA
56620,19139141,19139349,208,mRNA
56621,19139694,19139812,118,mRNA
56622,19139876,19141034,1158,mRNA
56623,19137372,19137536,164,mRNA
56624,19137818,19137903,85,mRNA
56625,19138228,19138261,33,mRNA
56626,19139694,19139812,118,mRNA
56627,19139876,19141034,1158,mRNA
56628,19138230,19138261,31,CDS
56629,19139694,19139812,118,CDS
56630,19139876,19140906,1030,CDS
56631,19139264,19139349,85,CDS
56632,19139694,19139812,118,CDS
56633,19139876,19140906,1030,CDS
56634,19141632,19163705,22073,gene
56635,19141632,19141770,138,mRNA
56636,19142207,19142354,147,mRNA
56637,19151905,19152027,122,mRNA
56638,19158734,19159055,321,mRNA
56639,19159120,19159352,232,mRNA
56640,19159783,19160035,252,mRNA
56641,19160249,19160902,653,mRNA
56642,19160974,19161132,158,mRNA
56643,19161194,19161415,221,mRNA
56644,19161476,19161593,117,mRNA
56645,19161660,19163705,2045,mRNA
56646,19141632,19142354,722,mRNA
56647,19151905,19152027,122,mRNA
56648,19158734,19159055,321,mRNA
56649,19159120,19159352,232,mRNA
56650,19159795,19160035,240,mRNA
56651,19160177,19160902,725,mRNA
56652,19160974,19161132,158,mRNA
56653,19161194,19161415,221,mRNA
56654,19161476,19161593,117,mRNA
56655,19161660,19162598,938,mRNA
56656,19141632,19141846,214,mRNA
56657,19142207,19142354,147,mRNA
56658,19151905,19152027,122,mRNA
56659,19158734,19159055,321,mRNA
56660,19159120,19159352,232,mRNA
56661,19159795,19160035,240,mRNA
56662,19160177,19160902,725,mRNA
56663,19160974,19161132,158,mRNA
56664,19161194,19161415,221,mRNA
56665,19161476,19161593,117,mRNA
56666,19161660,19162598,938,mRNA
56667,19141632,19141770,138,mRNA
56668,19142207,19142354,147,mRNA
56669,19151905,19152027,122,mRNA
56670,19158734,19159055,321,mRNA
56671,19159120,19159352,232,mRNA
56672,19159795,19160035,240,mRNA
56673,19160177,19160902,725,mRNA
56674,19160974,19161132,158,mRNA
56675,19161194,19161415,221,mRNA
56676,19161476,19161593,117,mRNA
56677,19161660,19162598,938,mRNA
56678,19141632,19141770,138,mRNA
56679,19142207,19142354,147,mRNA
56680,19151905,19152027,122,mRNA
56681,19158734,19159055,321,mRNA
56682,19159120,19159352,232,mRNA
56683,19159783,19160035,252,mRNA
56684,19160180,19160902,722,mRNA
56685,19160974,19161132,158,mRNA
56686,19161194,19161415,221,mRNA
56687,19161476,19161593,117,mRNA
56688,19161660,19162097,437,mRNA
56689,19144546,19145351,805,gene
56690,19144546,19144876,330,ncRNA
56691,19144943,19145351,408,ncRNA
56692,19152023,19152027,4,CDS
56693,19158734,19159055,321,CDS
56694,19159120,19159352,232,CDS
56695,19159783,19160035,252,CDS
56696,19160180,19160902,722,CDS
56697,19160974,19161132,158,CDS
56698,19161194,19161415,221,CDS
56699,19161476,19161593,117,CDS
56700,19161660,19161688,28,CDS
56701,19152023,19152027,4,CDS
56702,19158734,19159055,321,CDS
56703,19159120,19159352,232,CDS
56704,19159783,19160035,252,CDS
56705,19160249,19160902,653,CDS
56706,19160974,19161132,158,CDS
56707,19161194,19161415,221,CDS
56708,19161476,19161593,117,CDS
56709,19161660,19161688,28,CDS
56710,19152023,19152027,4,CDS
56711,19158734,19159055,321,CDS
56712,19159120,19159352,232,CDS
56713,19159795,19160035,240,CDS
56714,19160177,19160902,725,CDS
56715,19160974,19161132,158,CDS
56716,19161194,19161415,221,CDS
56717,19161476,19161593,117,CDS
56718,19161660,19161688,28,CDS
56719,19152023,19152027,4,CDS
56720,19158734,19159055,321,CDS
56721,19159120,19159352,232,CDS
56722,19159795,19160035,240,CDS
56723,19160177,19160902,725,CDS
56724,19160974,19161132,158,CDS
56725,19161194,19161415,221,CDS
56726,19161476,19161593,117,CDS
56727,19161660,19161688,28,CDS
56728,19152023,19152027,4,CDS
56729,19158734,19159055,321,CDS
56730,19159120,19159352,232,CDS
56731,19159795,19160035,240,CDS
56732,19160177,19160902,725,CDS
56733,19160974,19161132,158,CDS
56734,19161194,19161415,221,CDS
56735,19161476,19161593,117,CDS
56736,19161660,19161688,28,CDS
56737,19155221,19156367,1146,mRNA
56738,19158734,19159055,321,mRNA
56739,19159120,19159352,232,mRNA
56740,19159795,19160035,240,mRNA
56741,19160177,19160902,725,mRNA
56742,19160974,19161132,158,mRNA
56743,19161194,19161415,221,mRNA
56744,19161476,19161593,117,mRNA
56745,19161660,19162598,938,mRNA
56746,19155221,19155914,693,mRNA
56747,19158734,19159055,321,mRNA
56748,19159120,19159352,232,mRNA
56749,19159783,19160035,252,mRNA
56750,19160177,19160902,725,mRNA
56751,19160974,19161132,158,mRNA
56752,19161194,19161415,221,mRNA
56753,19161473,19161593,120,mRNA
56754,19161660,19162598,938,mRNA
56755,19155475,19156367,892,CDS
56756,19158734,19159055,321,CDS
56757,19159120,19159352,232,CDS
56758,19159795,19160035,240,CDS
56759,19160177,19160902,725,CDS
56760,19160974,19161132,158,CDS
56761,19161194,19161415,221,CDS
56762,19161476,19161593,117,CDS
56763,19161660,19161688,28,CDS
56764,19155475,19155914,439,CDS
56765,19158734,19159055,321,CDS
56766,19159120,19159352,232,CDS
56767,19159783,19160035,252,CDS
56768,19160177,19160902,725,CDS
56769,19160974,19161132,158,CDS
56770,19161194,19161415,221,CDS
56771,19161473,19161593,120,CDS
56772,19161660,19161688,28,CDS
56773,19164143,19178223,14080,gene
56774,19164143,19164175,32,mRNA
56775,19165164,19166059,895,mRNA
56776,19170618,19171161,543,mRNA
56777,19171253,19171375,122,mRNA
56778,19172179,19172280,101,mRNA
56779,19172345,19172524,179,mRNA
56780,19172712,19172888,176,mRNA
56781,19173432,19173643,211,mRNA
56782,19173704,19174121,417,mRNA
56783,19174339,19174365,26,mRNA
56784,19174577,19174783,206,mRNA
56785,19174882,19175086,204,mRNA
56786,19176188,19176347,159,mRNA
56787,19176416,19176523,107,mRNA
56788,19176588,19176743,155,mRNA
56789,19177819,19178223,404,mRNA
56790,19164143,19164175,32,mRNA
56791,19165164,19165528,364,mRNA
56792,19170686,19171161,475,mRNA
56793,19171253,19171375,122,mRNA
56794,19172179,19172280,101,mRNA
56795,19172345,19172524,179,mRNA
56796,19172712,19172888,176,mRNA
56797,19173432,19173643,211,mRNA
56798,19173704,19174121,417,mRNA
56799,19174339,19174365,26,mRNA
56800,19174577,19174783,206,mRNA
56801,19174882,19175248,366,mRNA
56802,19176188,19176347,159,mRNA
56803,19176416,19176523,107,mRNA
56804,19176588,19176743,155,mRNA
56805,19177819,19178223,404,mRNA
56806,19164143,19164175,32,mRNA
56807,19165164,19165528,364,mRNA
56808,19170686,19171161,475,mRNA
56809,19171253,19171375,122,mRNA
56810,19172179,19172280,101,mRNA
56811,19172345,19172524,179,mRNA
56812,19172712,19172888,176,mRNA
56813,19173432,19173643,211,mRNA
56814,19173704,19174121,417,mRNA
56815,19174339,19174365,26,mRNA
56816,19174577,19174783,206,mRNA
56817,19174882,19175248,366,mRNA
56818,19176188,19176347,159,mRNA
56819,19176416,19176523,107,mRNA
56820,19176588,19176743,155,mRNA
56821,19177303,19177395,92,mRNA
56822,19164143,19164175,32,mRNA
56823,19165164,19165528,364,mRNA
56824,19170618,19171161,543,mRNA
56825,19171253,19171375,122,mRNA
56826,19172179,19172280,101,mRNA
56827,19172345,19172524,179,mRNA
56828,19172712,19172888,176,mRNA
56829,19173432,19173643,211,mRNA
56830,19173704,19174121,417,mRNA
56831,19174339,19174365,26,mRNA
56832,19174577,19174783,206,mRNA
56833,19174882,19175086,204,mRNA
56834,19176188,19176347,159,mRNA
56835,19176416,19176523,107,mRNA
56836,19176588,19176743,155,mRNA
56837,19176941,19177082,141,mRNA
56838,19164143,19164175,32,mRNA
56839,19170618,19171161,543,mRNA
56840,19171253,19171375,122,mRNA
56841,19172179,19172280,101,mRNA
56842,19172345,19172524,179,mRNA
56843,19172712,19172921,209,mRNA
56844,19173432,19173643,211,mRNA
56845,19173704,19174121,417,mRNA
56846,19174339,19174365,26,mRNA
56847,19174577,19174783,206,mRNA
56848,19174882,19175308,426,mRNA
56849,19176188,19176347,159,mRNA
56850,19176416,19176523,107,mRNA
56851,19176588,19176743,155,mRNA
56852,19176941,19177082,141,mRNA
56853,19164143,19164175,32,mRNA
56854,19170618,19171161,543,mRNA
56855,19171253,19171375,122,mRNA
56856,19172179,19172280,101,mRNA
56857,19172345,19172524,179,mRNA
56858,19172712,19172888,176,mRNA
56859,19173432,19173643,211,mRNA
56860,19173704,19174121,417,mRNA
56861,19174339,19174365,26,mRNA
56862,19174577,19174783,206,mRNA
56863,19174882,19175308,426,mRNA
56864,19176188,19176347,159,mRNA
56865,19176416,19176523,107,mRNA
56866,19176588,19176743,155,mRNA
56867,19176941,19177082,141,mRNA
56868,19164143,19164175,32,mRNA
56869,19170686,19171161,475,mRNA
56870,19171253,19171375,122,mRNA
56871,19172179,19172280,101,mRNA
56872,19172345,19172524,179,mRNA
56873,19172712,19172921,209,mRNA
56874,19173432,19173643,211,mRNA
56875,19173704,19174121,417,mRNA
56876,19174339,19174365,26,mRNA
56877,19174577,19174783,206,mRNA
56878,19174882,19175308,426,mRNA
56879,19176188,19176347,159,mRNA
56880,19176416,19176523,107,mRNA
56881,19176588,19176743,155,mRNA
56882,19176941,19177082,141,mRNA
56883,19170223,19170406,183,mRNA
56884,19170618,19171161,543,mRNA
56885,19171253,19171375,122,mRNA
56886,19172179,19172280,101,mRNA
56887,19172345,19172524,179,mRNA
56888,19172712,19172921,209,mRNA
56889,19173432,19173643,211,mRNA
56890,19173704,19174121,417,mRNA
56891,19174577,19174783,206,mRNA
56892,19174882,19175086,204,mRNA
56893,19176248,19176347,99,mRNA
56894,19176416,19176523,107,mRNA
56895,19176588,19176743,155,mRNA
56896,19177819,19178223,404,mRNA
56897,19170223,19170406,183,mRNA
56898,19170618,19171161,543,mRNA
56899,19171253,19171375,122,mRNA
56900,19172179,19172280,101,mRNA
56901,19172345,19172524,179,mRNA
56902,19172712,19172921,209,mRNA
56903,19173432,19173643,211,mRNA
56904,19173704,19174121,417,mRNA
56905,19174882,19175248,366,mRNA
56906,19176248,19176347,99,mRNA
56907,19176416,19176523,107,mRNA
56908,19176588,19176743,155,mRNA
56909,19177819,19178223,404,mRNA
56910,19170223,19170406,183,mRNA
56911,19170618,19171161,543,mRNA
56912,19171253,19171375,122,mRNA
56913,19172179,19172280,101,mRNA
56914,19172345,19172524,179,mRNA
56915,19172712,19172888,176,mRNA
56916,19173432,19173643,211,mRNA
56917,19173704,19174121,417,mRNA
56918,19174339,19174365,26,mRNA
56919,19174577,19174783,206,mRNA
56920,19174882,19175308,426,mRNA
56921,19176188,19176347,159,mRNA
56922,19176416,19176523,107,mRNA
56923,19176588,19176743,155,mRNA
56924,19177819,19178223,404,mRNA
56925,19170223,19170406,183,mRNA
56926,19170618,19171161,543,mRNA
56927,19171253,19171375,122,mRNA
56928,19172179,19172280,101,mRNA
56929,19172345,19172524,179,mRNA
56930,19172712,19172888,176,mRNA
56931,19173432,19173643,211,mRNA
56932,19173704,19174121,417,mRNA
56933,19174577,19174783,206,mRNA
56934,19174882,19175248,366,mRNA
56935,19176266,19176347,81,mRNA
56936,19176416,19176523,107,mRNA
56937,19176588,19176743,155,mRNA
56938,19177303,19177573,270,mRNA
56939,19177819,19178223,404,mRNA
56940,19170223,19170406,183,mRNA
56941,19170618,19171161,543,mRNA
56942,19171253,19171375,122,mRNA
56943,19172179,19172280,101,mRNA
56944,19172345,19172524,179,mRNA
56945,19172712,19172921,209,mRNA
56946,19173432,19173643,211,mRNA
56947,19173704,19174121,417,mRNA
56948,19174339,19174365,26,mRNA
56949,19174882,19175086,204,mRNA
56950,19176188,19176347,159,mRNA
56951,19176416,19176523,107,mRNA
56952,19176588,19176743,155,mRNA
56953,19176941,19177082,141,mRNA
56954,19170223,19170406,183,mRNA
56955,19170618,19171161,543,mRNA
56956,19171253,19171375,122,mRNA
56957,19172179,19172280,101,mRNA
56958,19172345,19172524,179,mRNA
56959,19172712,19172888,176,mRNA
56960,19173432,19173643,211,mRNA
56961,19173704,19174121,417,mRNA
56962,19174339,19174365,26,mRNA
56963,19174577,19174783,206,mRNA
56964,19174882,19175308,426,mRNA
56965,19176188,19176347,159,mRNA
56966,19176416,19176523,107,mRNA
56967,19176588,19176743,155,mRNA
56968,19176941,19177082,141,mRNA
56969,19170223,19170406,183,mRNA
56970,19170618,19171161,543,mRNA
56971,19171253,19171375,122,mRNA
56972,19172179,19172280,101,mRNA
56973,19172345,19172524,179,mRNA
56974,19172712,19172888,176,mRNA
56975,19173432,19173643,211,mRNA
56976,19173704,19174121,417,mRNA
56977,19174339,19174365,26,mRNA
56978,19174577,19174783,206,mRNA
56979,19174882,19175248,366,mRNA
56980,19176188,19176347,159,mRNA
56981,19176416,19176523,107,mRNA
56982,19176588,19176743,155,mRNA
56983,19176941,19177082,141,mRNA
56984,19170673,19171161,488,CDS
56985,19171253,19171375,122,CDS
56986,19172179,19172280,101,CDS
56987,19172345,19172524,179,CDS
56988,19172712,19172921,209,CDS
56989,19173432,19173643,211,CDS
56990,19173704,19174121,417,CDS
56991,19174577,19174783,206,CDS
56992,19174882,19175086,204,CDS
56993,19176248,19176347,99,CDS
56994,19176416,19176523,107,CDS
56995,19176588,19176743,155,CDS
56996,19177819,19177867,48,CDS
56997,19170673,19171161,488,CDS
56998,19171253,19171375,122,CDS
56999,19172179,19172280,101,CDS
57000,19172345,19172524,179,CDS
57001,19172712,19172921,209,CDS
57002,19173432,19173643,211,CDS
57003,19173704,19174121,417,CDS
57004,19174882,19175248,366,CDS
57005,19176248,19176347,99,CDS
57006,19176416,19176523,107,CDS
57007,19176588,19176743,155,CDS
57008,19177819,19177867,48,CDS
57009,19170673,19171161,488,CDS
57010,19171253,19171375,122,CDS
57011,19172179,19172280,101,CDS
57012,19172345,19172524,179,CDS
57013,19172712,19172888,176,CDS
57014,19173432,19173643,211,CDS
57015,19173704,19174121,417,CDS
57016,19174339,19174365,26,CDS
57017,19174577,19174783,206,CDS
57018,19174882,19175308,426,CDS
57019,19176188,19176347,159,CDS
57020,19176416,19176523,107,CDS
57021,19176588,19176743,155,CDS
57022,19177819,19177867,48,CDS
57023,19170673,19171161,488,CDS
57024,19171253,19171375,122,CDS
57025,19172179,19172280,101,CDS
57026,19172345,19172524,179,CDS
57027,19172712,19172888,176,CDS
57028,19173432,19173643,211,CDS
57029,19173704,19174121,417,CDS
57030,19174339,19174365,26,CDS
57031,19174577,19174783,206,CDS
57032,19174882,19175086,204,CDS
57033,19176188,19176347,159,CDS
57034,19176416,19176523,107,CDS
57035,19176588,19176743,155,CDS
57036,19177819,19177867,48,CDS
57037,19170673,19171161,488,CDS
57038,19171253,19171375,122,CDS
57039,19172179,19172280,101,CDS
57040,19172345,19172524,179,CDS
57041,19172712,19172888,176,CDS
57042,19173432,19173643,211,CDS
57043,19173704,19174121,417,CDS
57044,19174577,19174783,206,CDS
57045,19174882,19175248,366,CDS
57046,19176266,19176347,81,CDS
57047,19176416,19176523,107,CDS
57048,19176588,19176743,155,CDS
57049,19177303,19177321,18,CDS
57050,19170673,19171161,488,CDS
57051,19171253,19171375,122,CDS
57052,19172179,19172280,101,CDS
57053,19172345,19172524,179,CDS
57054,19172712,19172921,209,CDS
57055,19173432,19173643,211,CDS
57056,19173704,19174121,417,CDS
57057,19174339,19174365,26,CDS
57058,19174577,19174783,206,CDS
57059,19174882,19175308,426,CDS
57060,19176188,19176347,159,CDS
57061,19176416,19176523,107,CDS
57062,19176588,19176743,155,CDS
57063,19176941,19176989,48,CDS
57064,19170673,19171161,488,CDS
57065,19171253,19171375,122,CDS
57066,19172179,19172280,101,CDS
57067,19172345,19172524,179,CDS
57068,19172712,19172921,209,CDS
57069,19173432,19173643,211,CDS
57070,19173704,19174121,417,CDS
57071,19174339,19174365,26,CDS
57072,19174882,19175086,204,CDS
57073,19176188,19176347,159,CDS
57074,19176416,19176523,107,CDS
57075,19176588,19176743,155,CDS
57076,19176941,19176989,48,CDS
57077,19170673,19171161,488,CDS
57078,19171253,19171375,122,CDS
57079,19172179,19172280,101,CDS
57080,19172345,19172524,179,CDS
57081,19172712,19172888,176,CDS
57082,19173432,19173643,211,CDS
57083,19173704,19174121,417,CDS
57084,19174339,19174365,26,CDS
57085,19174577,19174783,206,CDS
57086,19174882,19175308,426,CDS
57087,19176188,19176347,159,CDS
57088,19176416,19176523,107,CDS
57089,19176588,19176743,155,CDS
57090,19176941,19176989,48,CDS
57091,19170673,19171161,488,CDS
57092,19171253,19171375,122,CDS
57093,19172179,19172280,101,CDS
57094,19172345,19172524,179,CDS
57095,19172712,19172888,176,CDS
57096,19173432,19173643,211,CDS
57097,19173704,19174121,417,CDS
57098,19174339,19174365,26,CDS
57099,19174577,19174783,206,CDS
57100,19174882,19175308,426,CDS
57101,19176188,19176347,159,CDS
57102,19176416,19176523,107,CDS
57103,19176588,19176743,155,CDS
57104,19176941,19176989,48,CDS
57105,19170673,19171161,488,CDS
57106,19171253,19171375,122,CDS
57107,19172179,19172280,101,CDS
57108,19172345,19172524,179,CDS
57109,19172712,19172888,176,CDS
57110,19173432,19173643,211,CDS
57111,19173704,19174121,417,CDS
57112,19174339,19174365,26,CDS
57113,19174577,19174783,206,CDS
57114,19174882,19175248,366,CDS
57115,19176188,19176347,159,CDS
57116,19176416,19176523,107,CDS
57117,19176588,19176743,155,CDS
57118,19176941,19176989,48,CDS
57119,19170673,19171161,488,CDS
57120,19171253,19171375,122,CDS
57121,19172179,19172280,101,CDS
57122,19172345,19172524,179,CDS
57123,19172712,19172888,176,CDS
57124,19173432,19173643,211,CDS
57125,19173704,19174121,417,CDS
57126,19174339,19174365,26,CDS
57127,19174577,19174783,206,CDS
57128,19174882,19175086,204,CDS
57129,19176188,19176347,159,CDS
57130,19176416,19176523,107,CDS
57131,19176588,19176743,155,CDS
57132,19176941,19176989,48,CDS
57133,19170736,19171161,425,CDS
57134,19171253,19171375,122,CDS
57135,19172179,19172280,101,CDS
57136,19172345,19172524,179,CDS
57137,19172712,19172888,176,CDS
57138,19173432,19173643,211,CDS
57139,19173704,19174121,417,CDS
57140,19174339,19174365,26,CDS
57141,19174577,19174783,206,CDS
57142,19174882,19175248,366,CDS
57143,19176188,19176347,159,CDS
57144,19176416,19176523,107,CDS
57145,19176588,19176743,155,CDS
57146,19177819,19177867,48,CDS
57147,19170736,19171161,425,CDS
57148,19171253,19171375,122,CDS
57149,19172179,19172280,101,CDS
57150,19172345,19172524,179,CDS
57151,19172712,19172888,176,CDS
57152,19173432,19173643,211,CDS
57153,19173704,19174121,417,CDS
57154,19174339,19174365,26,CDS
57155,19174577,19174783,206,CDS
57156,19174882,19175248,366,CDS
57157,19176188,19176347,159,CDS
57158,19176416,19176523,107,CDS
57159,19176588,19176743,155,CDS
57160,19177303,19177321,18,CDS
57161,19170736,19171161,425,CDS
57162,19171253,19171375,122,CDS
57163,19172179,19172280,101,CDS
57164,19172345,19172524,179,CDS
57165,19172712,19172921,209,CDS
57166,19173432,19173643,211,CDS
57167,19173704,19174121,417,CDS
57168,19174339,19174365,26,CDS
57169,19174577,19174783,206,CDS
57170,19174882,19175308,426,CDS
57171,19176188,19176347,159,CDS
57172,19176416,19176523,107,CDS
57173,19176588,19176743,155,CDS
57174,19176941,19176989,48,CDS
57175,19178738,19227193,48455,gene
57176,19178738,19178872,134,mRNA
57177,19179499,19179858,359,mRNA
57178,19211856,19212276,420,mRNA
57179,19216421,19216519,98,mRNA
57180,19216743,19217041,298,mRNA
57181,19217757,19217844,87,mRNA
57182,19218131,19218194,63,mRNA
57183,19218576,19218638,62,mRNA
57184,19220744,19220782,38,mRNA
57185,19224053,19224386,333,mRNA
57186,19224450,19224576,126,mRNA
57187,19224641,19224994,353,mRNA
57188,19225060,19225503,443,mRNA
57189,19225565,19225786,221,mRNA
57190,19225847,19225973,126,mRNA
57191,19226040,19227193,1153,mRNA
57192,19178738,19178872,134,mRNA
57193,19179499,19179858,359,mRNA
57194,19211856,19212276,420,mRNA
57195,19216421,19216519,98,mRNA
57196,19216743,19217041,298,mRNA
57197,19217757,19217844,87,mRNA
57198,19218131,19218194,63,mRNA
57199,19220744,19220782,38,mRNA
57200,19223240,19224386,1146,mRNA
57201,19224450,19224576,126,mRNA
57202,19224641,19224994,353,mRNA
57203,19225060,19225503,443,mRNA
57204,19225565,19225786,221,mRNA
57205,19225847,19225973,126,mRNA
57206,19226040,19227193,1153,mRNA
57207,19178738,19178872,134,mRNA
57208,19179499,19179858,359,mRNA
57209,19211856,19212276,420,mRNA
57210,19216421,19216519,98,mRNA
57211,19216743,19217041,298,mRNA
57212,19217757,19217844,87,mRNA
57213,19218131,19218194,63,mRNA
57214,19220744,19220782,38,mRNA
57215,19224053,19224386,333,mRNA
57216,19224450,19224576,126,mRNA
57217,19224641,19224994,353,mRNA
57218,19225060,19225503,443,mRNA
57219,19225565,19225786,221,mRNA
57220,19225847,19225973,126,mRNA
57221,19226040,19227193,1153,mRNA
57222,19178738,19178872,134,mRNA
57223,19179499,19179858,359,mRNA
57224,19211856,19212276,420,mRNA
57225,19216421,19216519,98,mRNA
57226,19216743,19217041,298,mRNA
57227,19217757,19217844,87,mRNA
57228,19218131,19218194,63,mRNA
57229,19223240,19224386,1146,mRNA
57230,19224450,19224576,126,mRNA
57231,19224641,19224994,353,mRNA
57232,19225060,19225503,443,mRNA
57233,19225565,19225786,221,mRNA
57234,19225847,19225973,126,mRNA
57235,19226040,19227193,1153,mRNA
57236,19178738,19178872,134,mRNA
57237,19179499,19179858,359,mRNA
57238,19211856,19212276,420,mRNA
57239,19216421,19216519,98,mRNA
57240,19216743,19217041,298,mRNA
57241,19217757,19217844,87,mRNA
57242,19218131,19218194,63,mRNA
57243,19224053,19224386,333,mRNA
57244,19224450,19224576,126,mRNA
57245,19224641,19224994,353,mRNA
57246,19225060,19225503,443,mRNA
57247,19225565,19225786,221,mRNA
57248,19225847,19225973,126,mRNA
57249,19226040,19227193,1153,mRNA
57250,19179733,19179858,125,CDS
57251,19211856,19212276,420,CDS
57252,19216421,19216519,98,CDS
57253,19216743,19217041,298,CDS
57254,19217757,19217844,87,CDS
57255,19218131,19218194,63,CDS
57256,19218576,19218638,62,CDS
57257,19220744,19220782,38,CDS
57258,19224053,19224386,333,CDS
57259,19224450,19224576,126,CDS
57260,19224641,19224994,353,CDS
57261,19225060,19225503,443,CDS
57262,19225565,19225786,221,CDS
57263,19225847,19225973,126,CDS
57264,19226040,19226139,99,CDS
57265,19179733,19179858,125,CDS
57266,19211856,19212276,420,CDS
57267,19216421,19216519,98,CDS
57268,19216743,19217041,298,CDS
57269,19217757,19217844,87,CDS
57270,19218131,19218194,63,CDS
57271,19220744,19220782,38,CDS
57272,19223240,19224386,1146,CDS
57273,19224450,19224576,126,CDS
57274,19224641,19224994,353,CDS
57275,19225060,19225503,443,CDS
57276,19225565,19225786,221,CDS
57277,19225847,19225973,126,CDS
57278,19226040,19226139,99,CDS
57279,19179733,19179858,125,CDS
57280,19211856,19212276,420,CDS
57281,19216421,19216519,98,CDS
57282,19216743,19217041,298,CDS
57283,19217757,19217844,87,CDS
57284,19218131,19218194,63,CDS
57285,19220744,19220782,38,CDS
57286,19224053,19224386,333,CDS
57287,19224450,19224576,126,CDS
57288,19224641,19224994,353,CDS
57289,19225060,19225503,443,CDS
57290,19225565,19225786,221,CDS
57291,19225847,19225973,126,CDS
57292,19226040,19226139,99,CDS
57293,19179733,19179858,125,CDS
57294,19211856,19212276,420,CDS
57295,19216421,19216519,98,CDS
57296,19216743,19217041,298,CDS
57297,19217757,19217844,87,CDS
57298,19218131,19218194,63,CDS
57299,19223240,19224386,1146,CDS
57300,19224450,19224576,126,CDS
57301,19224641,19224994,353,CDS
57302,19225060,19225503,443,CDS
57303,19225565,19225786,221,CDS
57304,19225847,19225973,126,CDS
57305,19226040,19226139,99,CDS
57306,19179733,19179858,125,CDS
57307,19211856,19212276,420,CDS
57308,19216421,19216519,98,CDS
57309,19216743,19217041,298,CDS
57310,19217757,19217844,87,CDS
57311,19218131,19218194,63,CDS
57312,19224053,19224386,333,CDS
57313,19224450,19224576,126,CDS
57314,19224641,19224994,353,CDS
57315,19225060,19225503,443,CDS
57316,19225565,19225786,221,CDS
57317,19225847,19225973,126,CDS
57318,19226040,19226139,99,CDS
57319,19227344,19228613,1269,gene
57320,19227344,19228613,1269,mRNA
57321,19227406,19228482,1076,CDS
57322,19229063,19243751,14688,gene
57323,19229063,19229114,51,mRNA
57324,19229424,19229653,229,mRNA
57325,19235121,19235164,43,mRNA
57326,19235471,19235662,191,mRNA
57327,19235763,19236208,445,mRNA
57328,19236267,19236419,152,mRNA
57329,19236485,19236843,358,mRNA
57330,19236942,19237063,121,mRNA
57331,19237328,19237441,113,mRNA
57332,19238152,19238314,162,mRNA
57333,19238382,19238434,52,mRNA
57334,19242174,19242395,221,mRNA
57335,19242704,19242859,155,mRNA
57336,19243069,19243179,110,mRNA
57337,19243255,19243751,496,mRNA
57338,19229063,19229114,51,mRNA
57339,19229424,19229653,229,mRNA
57340,19235121,19235164,43,mRNA
57341,19235471,19235662,191,mRNA
57342,19235763,19236208,445,mRNA
57343,19236267,19236419,152,mRNA
57344,19236485,19236843,358,mRNA
57345,19236942,19237063,121,mRNA
57346,19237340,19237441,101,mRNA
57347,19238152,19238314,162,mRNA
57348,19238382,19238434,52,mRNA
57349,19241216,19241785,569,mRNA
57350,19242174,19242395,221,mRNA
57351,19242704,19242859,155,mRNA
57352,19243069,19243179,110,mRNA
57353,19243255,19243751,496,mRNA
57354,19229063,19229114,51,mRNA
57355,19229424,19229653,229,mRNA
57356,19235121,19235164,43,mRNA
57357,19235471,19235662,191,mRNA
57358,19235763,19236208,445,mRNA
57359,19236267,19236419,152,mRNA
57360,19236485,19236843,358,mRNA
57361,19236942,19237063,121,mRNA
57362,19237742,19237771,29,mRNA
57363,19238152,19238314,162,mRNA
57364,19238382,19238434,52,mRNA
57365,19238789,19241785,2996,mRNA
57366,19242704,19242859,155,mRNA
57367,19243069,19243179,110,mRNA
57368,19243255,19243751,496,mRNA
57369,19229063,19229114,51,mRNA
57370,19229424,19229653,229,mRNA
57371,19235121,19235164,43,mRNA
57372,19235471,19235662,191,mRNA
57373,19235763,19236208,445,mRNA
57374,19236267,19236419,152,mRNA
57375,19236485,19236843,358,mRNA
57376,19236942,19237063,121,mRNA
57377,19238152,19238314,162,mRNA
57378,19238382,19238434,52,mRNA
57379,19238789,19241785,2996,mRNA
57380,19242174,19242395,221,mRNA
57381,19242484,19242585,101,mRNA
57382,19242704,19242859,155,mRNA
57383,19243069,19243179,110,mRNA
57384,19243255,19243751,496,mRNA
57385,19229063,19229114,51,mRNA
57386,19229424,19229653,229,mRNA
57387,19235121,19235164,43,mRNA
57388,19235471,19235662,191,mRNA
57389,19235763,19236208,445,mRNA
57390,19236267,19236419,152,mRNA
57391,19236485,19236843,358,mRNA
57392,19236942,19237063,121,mRNA
57393,19238152,19238314,162,mRNA
57394,19238382,19238434,52,mRNA
57395,19238789,19241785,2996,mRNA
57396,19242174,19242395,221,mRNA
57397,19242490,19242585,95,mRNA
57398,19242704,19242859,155,mRNA
57399,19243069,19243179,110,mRNA
57400,19243255,19243751,496,mRNA
57401,19229063,19229114,51,mRNA
57402,19229424,19229653,229,mRNA
57403,19235121,19235164,43,mRNA
57404,19235471,19235662,191,mRNA
57405,19235763,19236208,445,mRNA
57406,19236267,19236419,152,mRNA
57407,19236485,19236843,358,mRNA
57408,19236942,19237063,121,mRNA
57409,19238152,19238314,162,mRNA
57410,19238382,19238434,52,mRNA
57411,19242174,19242395,221,mRNA
57412,19242484,19242585,101,mRNA
57413,19242704,19242859,155,mRNA
57414,19243069,19243179,110,mRNA
57415,19243255,19243751,496,mRNA
57416,19235516,19235662,146,CDS
57417,19235763,19236208,445,CDS
57418,19236267,19236419,152,CDS
57419,19236485,19236843,358,CDS
57420,19236942,19237063,121,CDS
57421,19237328,19237441,113,CDS
57422,19238152,19238314,162,CDS
57423,19238382,19238434,52,CDS
57424,19242174,19242395,221,CDS
57425,19242704,19242859,155,CDS
57426,19243069,19243179,110,CDS
57427,19243255,19243320,65,CDS
57428,19235516,19235662,146,CDS
57429,19235763,19236208,445,CDS
57430,19236267,19236419,152,CDS
57431,19236485,19236843,358,CDS
57432,19236942,19237063,121,CDS
57433,19237340,19237441,101,CDS
57434,19238152,19238314,162,CDS
57435,19238382,19238434,52,CDS
57436,19241216,19241785,569,CDS
57437,19242174,19242395,221,CDS
57438,19242704,19242859,155,CDS
57439,19243069,19243179,110,CDS
57440,19243255,19243320,65,CDS
57441,19235516,19235662,146,CDS
57442,19235763,19236208,445,CDS
57443,19236267,19236419,152,CDS
57444,19236485,19236843,358,CDS
57445,19236942,19237063,121,CDS
57446,19237742,19237771,29,CDS
57447,19238152,19238314,162,CDS
57448,19238382,19238434,52,CDS
57449,19238789,19241785,2996,CDS
57450,19242704,19242859,155,CDS
57451,19243069,19243179,110,CDS
57452,19243255,19243320,65,CDS
57453,19235516,19235662,146,CDS
57454,19235763,19236208,445,CDS
57455,19236267,19236419,152,CDS
57456,19236485,19236843,358,CDS
57457,19236942,19237063,121,CDS
57458,19238152,19238314,162,CDS
57459,19238382,19238434,52,CDS
57460,19238789,19241785,2996,CDS
57461,19242174,19242395,221,CDS
57462,19242484,19242585,101,CDS
57463,19242704,19242859,155,CDS
57464,19243069,19243179,110,CDS
57465,19243255,19243320,65,CDS
57466,19235516,19235662,146,CDS
57467,19235763,19236208,445,CDS
57468,19236267,19236419,152,CDS
57469,19236485,19236843,358,CDS
57470,19236942,19237063,121,CDS
57471,19238152,19238314,162,CDS
57472,19238382,19238434,52,CDS
57473,19238789,19241785,2996,CDS
57474,19242174,19242395,221,CDS
57475,19242490,19242585,95,CDS
57476,19242704,19242859,155,CDS
57477,19243069,19243179,110,CDS
57478,19243255,19243320,65,CDS
57479,19235516,19235662,146,CDS
57480,19235763,19236208,445,CDS
57481,19236267,19236419,152,CDS
57482,19236485,19236843,358,CDS
57483,19236942,19237063,121,CDS
57484,19238152,19238314,162,CDS
57485,19238382,19238434,52,CDS
57486,19242174,19242395,221,CDS
57487,19242484,19242585,101,CDS
57488,19242704,19242859,155,CDS
57489,19243069,19243179,110,CDS
57490,19243255,19243320,65,CDS
57491,19249395,19250917,1522,gene
57492,19249395,19250100,705,mRNA
57493,19250305,19250917,612,mRNA
57494,19249761,19250100,339,mRNA
57495,19250305,19250917,612,mRNA
57496,19249825,19250100,275,CDS
57497,19250305,19250802,497,CDS
57498,19249825,19250100,275,CDS
57499,19250305,19250802,497,CDS
57500,19251027,19251666,639,gene
57501,19251607,19251666,59,mRNA
57502,19251235,19251549,314,mRNA
57503,19251027,19251173,146,mRNA
57504,19251607,19251666,59,CDS
57505,19251235,19251549,314,CDS
57506,19251027,19251173,146,CDS
57507,19252501,19253228,727,gene
57508,19253126,19253228,102,mRNA
57509,19252753,19253070,317,mRNA
57510,19252501,19252691,190,mRNA
57511,19253120,19253228,108,mRNA
57512,19252756,19253070,314,mRNA
57513,19252501,19252691,190,mRNA
57514,19253126,19253185,59,CDS
57515,19252753,19253070,317,CDS
57516,19252545,19252691,146,CDS
57517,19253120,19253185,65,CDS
57518,19252756,19253070,314,CDS
57519,19252545,19252691,146,CDS
57520,19258895,19259745,850,gene
57521,19259313,19259745,432,ncRNA
57522,19258895,19259250,355,ncRNA
57523,19259909,19262294,2385,gene
57524,19259909,19260067,158,mRNA
57525,19260122,19262294,2172,mRNA
57526,19260065,19260067,2,CDS
57527,19260122,19262143,2021,CDS
57528,19270078,19281396,11318,gene
57529,19270078,19270786,708,mRNA
57530,19277862,19281396,3534,mRNA
57531,19275732,19276152,420,mRNA
57532,19277862,19281396,3534,mRNA
57533,19275732,19276152,420,mRNA
57534,19277862,19281396,3534,mRNA
57535,19278129,19280171,2042,CDS
57536,19278129,19280114,1985,CDS
57537,19278129,19280114,1985,CDS
57538,19281418,19283961,2543,gene
57539,19283552,19283961,409,mRNA
57540,19282772,19283479,707,mRNA
57541,19282369,19282711,342,mRNA
57542,19282130,19282307,177,mRNA
57543,19281418,19282067,649,mRNA
57544,19283552,19283782,230,CDS
57545,19282772,19283479,707,CDS
57546,19282369,19282711,342,CDS
57547,19282130,19282307,177,CDS
57548,19281623,19282067,444,CDS
57549,19284551,19285219,668,gene
57550,19284551,19285219,668,mRNA
57551,19284551,19285219,668,CDS
57552,19285395,19286730,1335,gene
57553,19286711,19286730,19,mRNA
57554,19285395,19286647,1252,mRNA
57555,19285573,19286598,1025,CDS
57556,19287983,19288995,1012,gene
57557,19287983,19288995,1012,mRNA
57558,19287983,19288651,668,CDS
57559,19289109,19289852,743,gene
57560,19289109,19289852,743,mRNA
57561,19289126,19289800,674,CDS
57562,19290109,19290962,853,gene
57563,19290109,19290225,116,mRNA
57564,19290386,19290456,70,mRNA
57565,19290518,19290962,444,mRNA
57566,19290189,19290225,36,CDS
57567,19290386,19290456,70,CDS
57568,19290518,19290736,218,CDS
57569,19291105,19292196,1091,gene
57570,19291105,19292196,1091,mRNA
57571,19291294,19292097,803,CDS
57572,19292529,19304508,11979,gene
57573,19292529,19292860,331,mRNA
57574,19299170,19300799,1629,mRNA
57575,19302675,19302878,203,mRNA
57576,19302942,19303517,575,mRNA
57577,19304112,19304165,53,mRNA
57578,19304224,19304508,284,mRNA
57579,19292529,19292860,331,mRNA
57580,19299170,19300799,1629,mRNA
57581,19302675,19302878,203,mRNA
57582,19302942,19304024,1082,mRNA
57583,19298243,19298630,387,mRNA
57584,19299170,19300799,1629,mRNA
57585,19302675,19302878,203,mRNA
57586,19302942,19304024,1082,mRNA
57587,19299200,19300799,1599,CDS
57588,19302675,19302878,203,CDS
57589,19302942,19303517,575,CDS
57590,19304112,19304165,53,CDS
57591,19304224,19304252,28,CDS
57592,19299200,19300799,1599,CDS
57593,19302675,19302878,203,CDS
57594,19302942,19303633,691,CDS
57595,19299200,19300799,1599,CDS
57596,19302675,19302878,203,CDS
57597,19302942,19303633,691,CDS
57598,19305172,19307445,2273,gene
57599,19305172,19307445,2273,mRNA
57600,19305172,19307184,2012,mRNA
57601,19305224,19307107,1883,CDS
57602,19305224,19307107,1883,CDS
57603,19307447,19310665,3218,gene
57604,19310475,19310665,190,mRNA
57605,19309816,19310313,497,mRNA
57606,19309393,19309583,190,mRNA
57607,19308573,19308813,240,mRNA
57608,19307447,19308515,1068,mRNA
57609,19310475,19310665,190,mRNA
57610,19309816,19310313,497,mRNA
57611,19309393,19309583,190,mRNA
57612,19309027,19309231,204,mRNA
57613,19307447,19308515,1068,mRNA
57614,19310475,19310665,190,mRNA
57615,19309816,19310313,497,mRNA
57616,19309663,19309698,35,mRNA
57617,19309393,19309583,190,mRNA
57618,19308573,19308813,240,mRNA
57619,19307447,19308515,1068,mRNA
57620,19310475,19310665,190,mRNA
57621,19309816,19310313,497,mRNA
57622,19309663,19309698,35,mRNA
57623,19309393,19309583,190,mRNA
57624,19309027,19309231,204,mRNA
57625,19307447,19308515,1068,mRNA
57626,19310475,19310552,77,CDS
57627,19309816,19310313,497,CDS
57628,19309393,19309583,190,CDS
57629,19308573,19308813,240,CDS
57630,19308387,19308515,128,CDS
57631,19310475,19310552,77,CDS
57632,19309816,19310313,497,CDS
57633,19309393,19309583,190,CDS
57634,19309027,19309231,204,CDS
57635,19308387,19308515,128,CDS
57636,19310475,19310552,77,CDS
57637,19309816,19310313,497,CDS
57638,19309663,19309698,35,CDS
57639,19309393,19309583,190,CDS
57640,19308573,19308813,240,CDS
57641,19308387,19308515,128,CDS
57642,19310475,19310552,77,CDS
57643,19309816,19310313,497,CDS
57644,19309663,19309698,35,CDS
57645,19309393,19309583,190,CDS
57646,19309027,19309231,204,CDS
57647,19308387,19308515,128,CDS
57648,19311148,19356525,45377,gene
57649,19325198,19325496,298,mRNA
57650,19319388,19319686,298,mRNA
57651,19318399,19318500,101,mRNA
57652,19318073,19318339,266,mRNA
57653,19317542,19317636,94,mRNA
57654,19316451,19316498,47,mRNA
57655,19315247,19315338,91,mRNA
57656,19314561,19314753,192,mRNA
57657,19312995,19313130,135,mRNA
57658,19312785,19312925,140,mRNA
57659,19311148,19312714,1566,mRNA
57660,19356208,19356525,317,mRNA
57661,19349253,19349911,658,mRNA
57662,19346053,19346219,166,mRNA
57663,19330498,19330711,213,mRNA
57664,19328533,19329161,628,mRNA
57665,19328186,19328318,132,mRNA
57666,19327851,19328059,208,mRNA
57667,19325939,19327405,1466,mRNA
57668,19319388,19319686,298,mRNA
57669,19318399,19318500,101,mRNA
57670,19318073,19318339,266,mRNA
57671,19317542,19317636,94,mRNA
57672,19315247,19315338,91,mRNA
57673,19314561,19314753,192,mRNA
57674,19312995,19313130,135,mRNA
57675,19312785,19312925,140,mRNA
57676,19312393,19312714,321,mRNA
57677,19325198,19325496,298,mRNA
57678,19319388,19319686,298,mRNA
57679,19318399,19318500,101,mRNA
57680,19318073,19318339,266,mRNA
57681,19317542,19317636,94,mRNA
57682,19315247,19315338,91,mRNA
57683,19314561,19314753,192,mRNA
57684,19312995,19313130,135,mRNA
57685,19312785,19312925,140,mRNA
57686,19312393,19312714,321,mRNA
57687,19346053,19346097,44,CDS
57688,19330498,19330711,213,CDS
57689,19328533,19329161,628,CDS
57690,19328186,19328318,132,CDS
57691,19327851,19328059,208,CDS
57692,19325939,19327405,1466,CDS
57693,19319388,19319686,298,CDS
57694,19318399,19318500,101,CDS
57695,19318073,19318339,266,CDS
57696,19317542,19317636,94,CDS
57697,19315247,19315338,91,CDS
57698,19314561,19314753,192,CDS
57699,19312995,19313130,135,CDS
57700,19312785,19312925,140,CDS
57701,19312597,19312714,117,CDS
57702,19325198,19325251,53,CDS
57703,19319388,19319686,298,CDS
57704,19318399,19318500,101,CDS
57705,19318073,19318339,266,CDS
57706,19317542,19317636,94,CDS
57707,19315247,19315338,91,CDS
57708,19314561,19314753,192,CDS
57709,19312995,19313130,135,CDS
57710,19312785,19312925,140,CDS
57711,19312597,19312714,117,CDS
57712,19325198,19325251,53,CDS
57713,19319388,19319686,298,CDS
57714,19318399,19318500,101,CDS
57715,19318073,19318339,266,CDS
57716,19317542,19317636,94,CDS
57717,19316451,19316498,47,CDS
57718,19315247,19315338,91,CDS
57719,19314561,19314753,192,CDS
57720,19312995,19313130,135,CDS
57721,19312785,19312925,140,CDS
57722,19312597,19312714,117,CDS
57723,19330889,19335188,4299,gene
57724,19330889,19331059,170,mRNA
57725,19332708,19332835,127,mRNA
57726,19334735,19334788,53,mRNA
57727,19334961,19335188,227,mRNA
57728,19330975,19331059,84,CDS
57729,19332708,19332835,127,CDS
57730,19334735,19334788,53,CDS
57731,19334961,19335188,227,CDS
57732,19341809,19345754,3945,gene
57733,19341809,19342371,562,mRNA
57734,19342568,19342951,383,mRNA
57735,19343013,19343191,178,mRNA
57736,19343254,19343430,176,mRNA
57737,19343565,19343711,146,mRNA
57738,19343782,19344045,263,mRNA
57739,19344224,19345754,1530,mRNA
57740,19341809,19342371,562,mRNA
57741,19342568,19342951,383,mRNA
57742,19343019,19343191,172,mRNA
57743,19343254,19343430,176,mRNA
57744,19343565,19343711,146,mRNA
57745,19343782,19344045,263,mRNA
57746,19344224,19344495,271,mRNA
57747,19342084,19342371,287,CDS
57748,19342568,19342951,383,CDS
57749,19343013,19343191,178,CDS
57750,19343254,19343430,176,CDS
57751,19343565,19343711,146,CDS
57752,19343782,19344045,263,CDS
57753,19344224,19344326,102,CDS
57754,19342084,19342371,287,CDS
57755,19342568,19342951,383,CDS
57756,19343019,19343191,172,CDS
57757,19343254,19343430,176,CDS
57758,19343565,19343711,146,CDS
57759,19343782,19344045,263,CDS
57760,19344224,19344326,102,CDS
57761,19357532,19363124,5592,gene
57762,19357532,19357838,306,mRNA
57763,19359186,19359844,658,mRNA
57764,19359909,19360269,360,mRNA
57765,19360329,19360712,383,mRNA
57766,19360767,19360947,180,mRNA
57767,19361011,19361339,328,mRNA
57768,19361397,19361496,99,mRNA
57769,19361556,19361658,102,mRNA
57770,19361721,19361913,192,mRNA
57771,19361970,19362062,92,mRNA
57772,19362124,19362373,249,mRNA
57773,19357806,19357838,32,CDS
57774,19359186,19359844,658,CDS
57775,19359909,19360269,360,CDS
57776,19360329,19360712,383,CDS
57777,19360767,19360947,180,CDS
57778,19361011,19361339,328,CDS
57779,19361397,19361496,99,CDS
57780,19361556,19361658,102,CDS
57781,19361721,19361913,192,CDS
57782,19361970,19362062,92,CDS
57783,19362124,19362291,167,CDS
57784,19358316,19358500,184,mRNA
57785,19359186,19359844,658,mRNA
57786,19359909,19360269,360,mRNA
57787,19360329,19360712,383,mRNA
57788,19360767,19360947,180,mRNA
57789,19361011,19361339,328,mRNA
57790,19361397,19361496,99,mRNA
57791,19361556,19361658,102,mRNA
57792,19361721,19361913,192,mRNA
57793,19361970,19362062,92,mRNA
57794,19362124,19363124,1000,mRNA
57795,19358316,19358500,184,mRNA
57796,19359186,19359844,658,mRNA
57797,19359909,19360269,360,mRNA
57798,19360329,19360712,383,mRNA
57799,19360767,19360947,180,mRNA
57800,19361011,19361339,328,mRNA
57801,19361397,19361496,99,mRNA
57802,19361556,19361658,102,mRNA
57803,19361721,19361913,192,mRNA
57804,19361970,19362062,92,mRNA
57805,19362124,19362373,249,mRNA
57806,19358396,19358500,104,CDS
57807,19359186,19359844,658,CDS
57808,19359909,19360269,360,CDS
57809,19360329,19360712,383,CDS
57810,19360767,19360947,180,CDS
57811,19361011,19361339,328,CDS
57812,19361397,19361496,99,CDS
57813,19361556,19361658,102,CDS
57814,19361721,19361913,192,CDS
57815,19361970,19362062,92,CDS
57816,19362124,19362291,167,CDS
57817,19358396,19358500,104,CDS
57818,19359186,19359844,658,CDS
57819,19359909,19360269,360,CDS
57820,19360329,19360712,383,CDS
57821,19360767,19360947,180,CDS
57822,19361011,19361339,328,CDS
57823,19361397,19361496,99,CDS
57824,19361556,19361658,102,CDS
57825,19361721,19361913,192,CDS
57826,19361970,19362062,92,CDS
57827,19362124,19362291,167,CDS
57828,19363641,19367294,3653,gene
57829,19363641,19363726,85,mRNA
57830,19364306,19364991,685,mRNA
57831,19365056,19365987,931,mRNA
57832,19366048,19366232,184,mRNA
57833,19366291,19366434,143,mRNA
57834,19366497,19366699,202,mRNA
57835,19366763,19367294,531,mRNA
57836,19364306,19364991,685,CDS
57837,19365056,19365987,931,CDS
57838,19366048,19366232,184,CDS
57839,19366291,19366434,143,CDS
57840,19366497,19366699,202,CDS
57841,19366763,19367213,450,CDS
57842,19367248,19373702,6454,gene
57843,19373590,19373702,112,mRNA
57844,19369944,19370620,676,mRNA
57845,19369798,19369882,84,mRNA
57846,19369616,19369736,120,mRNA
57847,19369404,19369558,154,mRNA
57848,19368955,19369338,383,mRNA
57849,19368711,19368891,180,mRNA
57850,19368322,19368647,325,mRNA
57851,19368048,19368259,211,mRNA
57852,19367708,19367990,282,mRNA
57853,19367248,19367646,398,mRNA
57854,19372991,19373243,252,mRNA
57855,19369944,19370620,676,mRNA
57856,19369798,19369882,84,mRNA
57857,19369616,19369736,120,mRNA
57858,19369404,19369558,154,mRNA
57859,19368955,19369338,383,mRNA
57860,19368711,19368891,180,mRNA
57861,19368322,19368647,325,mRNA
57862,19368048,19368259,211,mRNA
57863,19367708,19367990,282,mRNA
57864,19367248,19367646,398,mRNA
57865,19369944,19370614,670,CDS
57866,19369798,19369882,84,CDS
57867,19369616,19369736,120,CDS
57868,19369404,19369558,154,CDS
57869,19368955,19369338,383,CDS
57870,19368711,19368891,180,CDS
57871,19368322,19368647,325,CDS
57872,19368048,19368259,211,CDS
57873,19367708,19367990,282,CDS
57874,19367479,19367646,167,CDS
57875,19369944,19370614,670,CDS
57876,19369798,19369882,84,CDS
57877,19369616,19369736,120,CDS
57878,19369404,19369558,154,CDS
57879,19368955,19369338,383,CDS
57880,19368711,19368891,180,CDS
57881,19368322,19368647,325,CDS
57882,19368048,19368259,211,CDS
57883,19367708,19367990,282,CDS
57884,19367479,19367646,167,CDS
57885,19375313,19380174,4861,gene
57886,19375313,19375524,211,mRNA
57887,19375595,19375914,319,mRNA
57888,19377020,19377687,667,mRNA
57889,19377762,19378119,357,mRNA
57890,19378175,19378739,564,mRNA
57891,19378802,19378986,184,mRNA
57892,19379055,19379198,143,mRNA
57893,19379261,19379360,99,mRNA
57894,19379424,19379818,394,mRNA
57895,19379861,19380174,313,mRNA
57896,19375313,19375524,211,mRNA
57897,19375595,19375914,319,mRNA
57898,19377020,19377687,667,mRNA
57899,19377762,19378119,357,mRNA
57900,19378175,19378739,564,mRNA
57901,19378802,19378986,184,mRNA
57902,19379055,19379198,143,mRNA
57903,19379261,19379360,99,mRNA
57904,19379424,19379818,394,mRNA
57905,19379879,19380174,295,mRNA
57906,19375909,19375914,5,CDS
57907,19377020,19377687,667,CDS
57908,19377762,19378119,357,CDS
57909,19378175,19378739,564,CDS
57910,19378802,19378986,184,CDS
57911,19379055,19379198,143,CDS
57912,19379261,19379360,99,CDS
57913,19379424,19379818,394,CDS
57914,19379861,19380046,185,CDS
57915,19375909,19375914,5,CDS
57916,19377020,19377687,667,CDS
57917,19377762,19378119,357,CDS
57918,19378175,19378739,564,CDS
57919,19378802,19378986,184,CDS
57920,19379055,19379198,143,CDS
57921,19379261,19379360,99,CDS
57922,19379424,19379818,394,CDS
57923,19379879,19380046,167,CDS
57924,19376715,19376783,68,mRNA
57925,19377020,19377687,667,mRNA
57926,19377762,19378119,357,mRNA
57927,19378175,19378739,564,mRNA
57928,19378802,19378986,184,mRNA
57929,19379055,19379198,143,mRNA
57930,19379261,19379360,99,mRNA
57931,19379424,19379818,394,mRNA
57932,19379882,19380174,292,mRNA
57933,19377140,19377687,547,CDS
57934,19377762,19378119,357,CDS
57935,19378175,19378739,564,CDS
57936,19378802,19378986,184,CDS
57937,19379055,19379198,143,CDS
57938,19379261,19379360,99,CDS
57939,19379424,19379818,394,CDS
57940,19379882,19380046,164,CDS
57941,19380543,19384965,4422,gene
57942,19380543,19380615,72,mRNA
57943,19381756,19382450,694,mRNA
57944,19382511,19382595,84,mRNA
57945,19382654,19382774,120,mRNA
57946,19382840,19382994,154,mRNA
57947,19383046,19383429,383,mRNA
57948,19383489,19383784,295,mRNA
57949,19383843,19383912,69,mRNA
57950,19383979,19384125,146,mRNA
57951,19384183,19384668,485,mRNA
57952,19384731,19384965,234,mRNA
57953,19380571,19380615,44,CDS
57954,19381756,19382450,694,CDS
57955,19382511,19382595,84,CDS
57956,19382654,19382774,120,CDS
57957,19382840,19382994,154,CDS
57958,19383046,19383429,383,CDS
57959,19383489,19383784,295,CDS
57960,19383843,19383912,69,CDS
57961,19383979,19384125,146,CDS
57962,19384183,19384668,485,CDS
57963,19384731,19384892,161,CDS
57964,19381620,19381696,76,mRNA
57965,19381756,19382450,694,mRNA
57966,19382511,19382595,84,mRNA
57967,19382654,19382774,120,mRNA
57968,19382840,19382994,154,mRNA
57969,19383046,19383429,383,mRNA
57970,19383489,19383784,295,mRNA
57971,19383843,19383912,69,mRNA
57972,19383979,19384125,146,mRNA
57973,19384183,19384668,485,mRNA
57974,19384731,19384965,234,mRNA
57975,19381676,19381696,20,CDS
57976,19381756,19382450,694,CDS
57977,19382511,19382595,84,CDS
57978,19382654,19382774,120,CDS
57979,19382840,19382994,154,CDS
57980,19383046,19383429,383,CDS
57981,19383489,19383784,295,CDS
57982,19383843,19383912,69,CDS
57983,19383979,19384125,146,CDS
57984,19384183,19384668,485,CDS
57985,19384731,19384892,161,CDS
57986,19385923,19389318,3395,gene
57987,19385923,19385988,65,mRNA
57988,19386090,19386784,694,mRNA
57989,19386847,19386931,84,mRNA
57990,19386999,19387119,120,mRNA
57991,19387180,19387334,154,mRNA
57992,19387397,19387780,383,mRNA
57993,19387839,19388134,295,mRNA
57994,19388197,19388266,69,mRNA
57995,19388326,19388472,146,mRNA
57996,19388542,19389033,491,mRNA
57997,19389092,19389318,226,mRNA
57998,19385923,19385988,65,mRNA
57999,19386090,19386784,694,mRNA
58000,19386847,19386931,84,mRNA
58001,19386999,19387119,120,mRNA
58002,19387180,19387334,154,mRNA
58003,19387397,19387780,383,mRNA
58004,19387845,19388134,289,mRNA
58005,19388197,19388266,69,mRNA
58006,19388326,19388472,146,mRNA
58007,19388542,19389033,491,mRNA
58008,19389092,19389318,226,mRNA
58009,19385968,19385988,20,CDS
58010,19386090,19386784,694,CDS
58011,19386847,19386931,84,CDS
58012,19386999,19387119,120,CDS
58013,19387180,19387334,154,CDS
58014,19387397,19387780,383,CDS
58015,19387839,19388134,295,CDS
58016,19388197,19388266,69,CDS
58017,19388326,19388472,146,CDS
58018,19388542,19389033,491,CDS
58019,19389092,19389253,161,CDS
58020,19385968,19385988,20,CDS
58021,19386090,19386784,694,CDS
58022,19386847,19386931,84,CDS
58023,19386999,19387119,120,CDS
58024,19387180,19387334,154,CDS
58025,19387397,19387780,383,CDS
58026,19387845,19388134,289,CDS
58027,19388197,19388266,69,CDS
58028,19388326,19388472,146,CDS
58029,19388542,19389033,491,CDS
58030,19389092,19389253,161,CDS
58031,19390128,19391900,1772,gene
58032,19390128,19391490,1362,mRNA
58033,19391546,19391900,354,mRNA
58034,19390181,19391490,1309,CDS
58035,19391546,19391843,297,CDS
58036,19391863,19395971,4108,gene
58037,19395911,19395971,60,mRNA
58038,19395687,19395777,90,mRNA
58039,19392846,19394443,1597,mRNA
58040,19392639,19392789,150,mRNA
58041,19391863,19392578,715,mRNA
58042,19395865,19395971,106,mRNA
58043,19395687,19395777,90,mRNA
58044,19392846,19394443,1597,mRNA
58045,19392639,19392789,150,mRNA
58046,19391863,19392578,715,mRNA
58047,19395687,19395971,284,mRNA
58048,19392846,19394443,1597,mRNA
58049,19392639,19392789,150,mRNA
58050,19391863,19392578,715,mRNA
58051,19395687,19395743,56,CDS
58052,19392846,19394443,1597,CDS
58053,19392639,19392789,150,CDS
58054,19392399,19392578,179,CDS
58055,19395687,19395743,56,CDS
58056,19392846,19394443,1597,CDS
58057,19392639,19392789,150,CDS
58058,19392399,19392578,179,CDS
58059,19395687,19395743,56,CDS
58060,19392846,19394443,1597,CDS
58061,19392639,19392789,150,CDS
58062,19392399,19392578,179,CDS
58063,19396215,19396772,557,gene
58064,19396624,19396772,148,mRNA
58065,19396215,19396562,347,mRNA
58066,19396624,19396662,38,CDS
58067,19396362,19396562,200,CDS
58068,19396500,19396849,349,gene
58069,19396500,19396849,349,ncRNA
58070,19397032,19424903,27871,gene
58071,19424823,19424903,80,mRNA
58072,19411160,19411271,111,mRNA
58073,19410590,19411073,483,mRNA
58074,19409805,19410516,711,mRNA
58075,19409620,19409743,123,mRNA
58076,19408483,19408593,110,mRNA
58077,19408124,19408418,294,mRNA
58078,19407975,19408055,80,mRNA
58079,19407841,19407912,71,mRNA
58080,19406020,19406088,68,mRNA
58081,19399026,19399093,67,mRNA
58082,19397032,19398799,1767,mRNA
58083,19424823,19424903,80,mRNA
58084,19423594,19423797,203,mRNA
58085,19418557,19418605,48,mRNA
58086,19411160,19411271,111,mRNA
58087,19410590,19411073,483,mRNA
58088,19409805,19410516,711,mRNA
58089,19409620,19409743,123,mRNA
58090,19408483,19408593,110,mRNA
58091,19408124,19408418,294,mRNA
58092,19407975,19408055,80,mRNA
58093,19407841,19407912,71,mRNA
58094,19399026,19399093,67,mRNA
58095,19397032,19398799,1767,mRNA
58096,19411361,19411496,135,mRNA
58097,19411160,19411271,111,mRNA
58098,19410590,19411073,483,mRNA
58099,19409805,19410516,711,mRNA
58100,19409620,19409743,123,mRNA
58101,19408483,19408593,110,mRNA
58102,19408124,19408418,294,mRNA
58103,19407975,19408055,80,mRNA
58104,19407841,19407912,71,mRNA
58105,19399026,19399093,67,mRNA
58106,19397032,19398799,1767,mRNA
58107,19424823,19424903,80,mRNA
58108,19418557,19418605,48,mRNA
58109,19411160,19411271,111,mRNA
58110,19410590,19411073,483,mRNA
58111,19409805,19410516,711,mRNA
58112,19409620,19409743,123,mRNA
58113,19408483,19408593,110,mRNA
58114,19408124,19408418,294,mRNA
58115,19407975,19408055,80,mRNA
58116,19407841,19407912,71,mRNA
58117,19406020,19406088,68,mRNA
58118,19399026,19399093,67,mRNA
58119,19397335,19398799,1464,mRNA
58120,19424044,19424114,70,mRNA
58121,19423594,19423797,203,mRNA
58122,19418557,19418605,48,mRNA
58123,19411160,19411271,111,mRNA
58124,19410590,19411073,483,mRNA
58125,19409805,19410516,711,mRNA
58126,19409620,19409743,123,mRNA
58127,19408483,19408593,110,mRNA
58128,19408124,19408418,294,mRNA
58129,19407975,19408055,80,mRNA
58130,19407841,19407912,71,mRNA
58131,19399026,19399093,67,mRNA
58132,19397335,19398805,1470,mRNA
58133,19423594,19424114,520,mRNA
58134,19418557,19418605,48,mRNA
58135,19411160,19411271,111,mRNA
58136,19410590,19411073,483,mRNA
58137,19409805,19410516,711,mRNA
58138,19409620,19409743,123,mRNA
58139,19408483,19408593,110,mRNA
58140,19408124,19408418,294,mRNA
58141,19407975,19408055,80,mRNA
58142,19407841,19407912,71,mRNA
58143,19399026,19399093,67,mRNA
58144,19397335,19398805,1470,mRNA
58145,19424823,19424903,80,mRNA
58146,19423594,19423797,203,mRNA
58147,19418557,19418605,48,mRNA
58148,19411160,19411271,111,mRNA
58149,19410590,19411073,483,mRNA
58150,19409805,19410516,711,mRNA
58151,19409620,19409743,123,mRNA
58152,19408483,19408593,110,mRNA
58153,19408124,19408418,294,mRNA
58154,19407975,19408055,80,mRNA
58155,19407841,19407912,71,mRNA
58156,19399026,19399093,67,mRNA
58157,19398556,19398805,249,mRNA
58158,19411160,19411255,95,CDS
58159,19410590,19411073,483,CDS
58160,19409805,19410516,711,CDS
58161,19409620,19409743,123,CDS
58162,19408483,19408593,110,CDS
58163,19408124,19408418,294,CDS
58164,19407975,19408055,80,CDS
58165,19407841,19407912,71,CDS
58166,19399026,19399093,67,CDS
58167,19398692,19398799,107,CDS
58168,19411160,19411255,95,CDS
58169,19410590,19411073,483,CDS
58170,19409805,19410516,711,CDS
58171,19409620,19409743,123,CDS
58172,19408483,19408593,110,CDS
58173,19408124,19408418,294,CDS
58174,19407975,19408055,80,CDS
58175,19407841,19407912,71,CDS
58176,19399026,19399093,67,CDS
58177,19398692,19398799,107,CDS
58178,19411160,19411255,95,CDS
58179,19410590,19411073,483,CDS
58180,19409805,19410516,711,CDS
58181,19409620,19409743,123,CDS
58182,19408483,19408593,110,CDS
58183,19408124,19408418,294,CDS
58184,19407975,19408055,80,CDS
58185,19407841,19407912,71,CDS
58186,19399026,19399093,67,CDS
58187,19398692,19398805,113,CDS
58188,19411160,19411255,95,CDS
58189,19410590,19411073,483,CDS
58190,19409805,19410516,711,CDS
58191,19409620,19409743,123,CDS
58192,19408483,19408593,110,CDS
58193,19408124,19408418,294,CDS
58194,19407975,19408055,80,CDS
58195,19407841,19407912,71,CDS
58196,19399026,19399093,67,CDS
58197,19398692,19398805,113,CDS
58198,19411160,19411255,95,CDS
58199,19410590,19411073,483,CDS
58200,19409805,19410516,711,CDS
58201,19409620,19409743,123,CDS
58202,19408483,19408593,110,CDS
58203,19408124,19408418,294,CDS
58204,19407975,19408055,80,CDS
58205,19407841,19407912,71,CDS
58206,19399026,19399093,67,CDS
58207,19398692,19398805,113,CDS
58208,19411160,19411255,95,CDS
58209,19410590,19411073,483,CDS
58210,19409805,19410516,711,CDS
58211,19409620,19409743,123,CDS
58212,19408483,19408593,110,CDS
58213,19408124,19408418,294,CDS
58214,19407975,19408055,80,CDS
58215,19407841,19407912,71,CDS
58216,19406020,19406088,68,CDS
58217,19399026,19399093,67,CDS
58218,19398692,19398799,107,CDS
58219,19411160,19411255,95,CDS
58220,19410590,19411073,483,CDS
58221,19409805,19410516,711,CDS
58222,19409620,19409743,123,CDS
58223,19408483,19408593,110,CDS
58224,19408124,19408418,294,CDS
58225,19407975,19408055,80,CDS
58226,19407841,19407912,71,CDS
58227,19406020,19406088,68,CDS
58228,19399026,19399093,67,CDS
58229,19398692,19398799,107,CDS
58230,19424823,19424903,80,mRNA
58231,19423594,19423797,203,mRNA
58232,19418557,19418605,48,mRNA
58233,19411160,19411271,111,mRNA
58234,19410590,19411073,483,mRNA
58235,19409805,19410516,711,mRNA
58236,19409620,19409743,123,mRNA
58237,19408483,19408593,110,mRNA
58238,19408124,19408418,294,mRNA
58239,19407975,19408055,80,mRNA
58240,19407841,19407912,71,mRNA
58241,19399518,19401355,1837,mRNA
58242,19424044,19424114,70,mRNA
58243,19423594,19423797,203,mRNA
58244,19418557,19418605,48,mRNA
58245,19411160,19411271,111,mRNA
58246,19410590,19411073,483,mRNA
58247,19409805,19410516,711,mRNA
58248,19409620,19409743,123,mRNA
58249,19408483,19408593,110,mRNA
58250,19408124,19408418,294,mRNA
58251,19407975,19408055,80,mRNA
58252,19407841,19407912,71,mRNA
58253,19399518,19401355,1837,mRNA
58254,19423594,19424114,520,mRNA
58255,19418557,19418605,48,mRNA
58256,19411160,19411271,111,mRNA
58257,19410590,19411073,483,mRNA
58258,19409805,19410516,711,mRNA
58259,19409620,19409743,123,mRNA
58260,19408483,19408593,110,mRNA
58261,19408124,19408418,294,mRNA
58262,19407975,19408055,80,mRNA
58263,19407841,19407912,71,mRNA
58264,19399518,19401355,1837,mRNA
58265,19399769,19401335,1566,gene
58266,19399769,19401335,1566,ncRNA
58267,19411160,19411255,95,CDS
58268,19410590,19411073,483,CDS
58269,19409805,19410516,711,CDS
58270,19409620,19409743,123,CDS
58271,19408483,19408593,110,CDS
58272,19408124,19408418,294,CDS
58273,19407975,19408055,80,CDS
58274,19407841,19407912,71,CDS
58275,19399860,19401355,1495,CDS
58276,19411160,19411255,95,CDS
58277,19410590,19411073,483,CDS
58278,19409805,19410516,711,CDS
58279,19409620,19409743,123,CDS
58280,19408483,19408593,110,CDS
58281,19408124,19408418,294,CDS
58282,19407975,19408055,80,CDS
58283,19407841,19407912,71,CDS
58284,19399860,19401355,1495,CDS
58285,19411160,19411255,95,CDS
58286,19410590,19411073,483,CDS
58287,19409805,19410516,711,CDS
58288,19409620,19409743,123,CDS
58289,19408483,19408593,110,CDS
58290,19408124,19408418,294,CDS
58291,19407975,19408055,80,CDS
58292,19407841,19407912,71,CDS
58293,19399860,19401355,1495,CDS
58294,19424823,19424903,80,mRNA
58295,19423594,19423797,203,mRNA
58296,19418557,19418605,48,mRNA
58297,19411160,19411271,111,mRNA
58298,19410590,19411073,483,mRNA
58299,19409805,19410516,711,mRNA
58300,19409620,19409743,123,mRNA
58301,19408483,19408593,110,mRNA
58302,19408124,19408418,294,mRNA
58303,19407975,19408055,80,mRNA
58304,19407841,19407912,71,mRNA
58305,19401697,19405424,3727,mRNA
58306,19411160,19411255,95,CDS
58307,19410590,19411073,483,CDS
58308,19409805,19410516,711,CDS
58309,19409620,19409743,123,CDS
58310,19408483,19408593,110,CDS
58311,19408124,19408418,294,CDS
58312,19407975,19408055,80,CDS
58313,19407841,19407912,71,CDS
58314,19401898,19405424,3526,CDS
58315,19424823,19424903,80,mRNA
58316,19423594,19423797,203,mRNA
58317,19418557,19418605,48,mRNA
58318,19411160,19411271,111,mRNA
58319,19410590,19411073,483,mRNA
58320,19409805,19410516,711,mRNA
58321,19409620,19409743,123,mRNA
58322,19408483,19408593,110,mRNA
58323,19408124,19408418,294,mRNA
58324,19407975,19408055,80,mRNA
58325,19407841,19407912,71,mRNA
58326,19406900,19407156,256,mRNA
58327,19411160,19411255,95,CDS
58328,19410590,19411073,483,CDS
58329,19409805,19410516,711,CDS
58330,19409620,19409743,123,CDS
58331,19408483,19408593,110,CDS
58332,19408124,19408418,294,CDS
58333,19407975,19408055,80,CDS
58334,19407841,19407912,71,CDS
58335,19407125,19407156,31,CDS
58336,19424823,19424903,80,mRNA
58337,19423594,19423797,203,mRNA
58338,19418557,19418605,48,mRNA
58339,19411160,19411271,111,mRNA
58340,19410590,19411073,483,mRNA
58341,19409805,19410516,711,mRNA
58342,19408855,19409743,888,mRNA
58343,19411160,19411361,201,mRNA
58344,19410590,19411073,483,mRNA
58345,19409805,19410516,711,mRNA
58346,19408855,19409743,888,mRNA
58347,19424823,19424903,80,mRNA
58348,19418557,19418605,48,mRNA
58349,19411160,19411271,111,mRNA
58350,19410590,19411073,483,mRNA
58351,19409805,19410516,711,mRNA
58352,19409237,19409743,506,mRNA
58353,19411160,19411255,95,CDS
58354,19410590,19411073,483,CDS
58355,19409805,19410516,711,CDS
58356,19409548,19409743,195,CDS
58357,19411160,19411255,95,CDS
58358,19410590,19411073,483,CDS
58359,19409805,19410516,711,CDS
58360,19409548,19409743,195,CDS
58361,19411160,19411255,95,CDS
58362,19410590,19411073,483,CDS
58363,19409805,19410516,711,CDS
58364,19409548,19409743,195,CDS
58365,19414355,19414490,135,gene
58366,19414355,19414490,135,ncRNA
58367,19414598,19414679,81,gene
58368,19414598,19414679,81,tRNA
58369,19414845,19414917,72,gene
58370,19414845,19414917,72,tRNA
58371,19415271,19415343,72,gene
58372,19415271,19415343,72,tRNA
58373,19425113,19430564,5451,gene
58374,19425113,19425238,125,mRNA
58375,19426034,19426218,184,mRNA
58376,19426347,19426391,44,mRNA
58377,19426630,19426806,176,mRNA
58378,19426868,19426944,76,mRNA
58379,19427014,19427138,124,mRNA
58380,19427201,19427321,120,mRNA
58381,19427378,19427618,240,mRNA
58382,19427677,19427907,230,mRNA
58383,19427970,19428362,392,mRNA
58384,19428426,19428544,118,mRNA
58385,19429237,19429279,42,mRNA
58386,19429338,19429479,141,mRNA
58387,19429538,19429765,227,mRNA
58388,19429823,19430152,329,mRNA
58389,19430214,19430564,350,mRNA
58390,19425113,19425238,125,mRNA
58391,19426034,19426218,184,mRNA
58392,19426630,19426806,176,mRNA
58393,19426868,19426944,76,mRNA
58394,19427014,19427138,124,mRNA
58395,19427201,19427321,120,mRNA
58396,19427378,19427618,240,mRNA
58397,19427677,19427907,230,mRNA
58398,19427970,19428362,392,mRNA
58399,19428426,19428544,118,mRNA
58400,19429237,19429279,42,mRNA
58401,19429338,19429479,141,mRNA
58402,19429538,19429765,227,mRNA
58403,19429823,19430152,329,mRNA
58404,19430214,19430564,350,mRNA
58405,19425113,19425146,33,mRNA
58406,19426034,19426218,184,mRNA
58407,19426630,19426806,176,mRNA
58408,19426868,19426944,76,mRNA
58409,19427014,19427138,124,mRNA
58410,19427201,19427321,120,mRNA
58411,19427378,19427618,240,mRNA
58412,19427677,19427907,230,mRNA
58413,19427970,19428362,392,mRNA
58414,19428426,19428544,118,mRNA
58415,19429237,19429279,42,mRNA
58416,19429338,19429479,141,mRNA
58417,19429538,19429765,227,mRNA
58418,19429823,19430152,329,mRNA
58419,19430214,19430564,350,mRNA
58420,19425113,19425238,125,mRNA
58421,19426034,19426218,184,mRNA
58422,19426630,19426806,176,mRNA
58423,19426868,19426944,76,mRNA
58424,19427014,19427138,124,mRNA
58425,19427201,19427321,120,mRNA
58426,19427378,19427618,240,mRNA
58427,19427677,19427907,230,mRNA
58428,19427970,19428362,392,mRNA
58429,19428426,19429050,624,mRNA
58430,19426045,19426218,173,CDS
58431,19426347,19426391,44,CDS
58432,19426630,19426806,176,CDS
58433,19426868,19426944,76,CDS
58434,19427014,19427138,124,CDS
58435,19427201,19427321,120,CDS
58436,19427378,19427618,240,CDS
58437,19427677,19427907,230,CDS
58438,19427970,19428362,392,CDS
58439,19428426,19428544,118,CDS
58440,19429237,19429279,42,CDS
58441,19429338,19429479,141,CDS
58442,19429538,19429765,227,CDS
58443,19429823,19430152,329,CDS
58444,19430214,19430299,85,CDS
58445,19426045,19426218,173,CDS
58446,19426630,19426806,176,CDS
58447,19426868,19426944,76,CDS
58448,19427014,19427138,124,CDS
58449,19427201,19427321,120,CDS
58450,19427378,19427618,240,CDS
58451,19427677,19427907,230,CDS
58452,19427970,19428362,392,CDS
58453,19428426,19428544,118,CDS
58454,19429237,19429279,42,CDS
58455,19429338,19429479,141,CDS
58456,19429538,19429765,227,CDS
58457,19429823,19430152,329,CDS
58458,19430214,19430299,85,CDS
58459,19426045,19426218,173,CDS
58460,19426630,19426806,176,CDS
58461,19426868,19426944,76,CDS
58462,19427014,19427138,124,CDS
58463,19427201,19427321,120,CDS
58464,19427378,19427618,240,CDS
58465,19427677,19427907,230,CDS
58466,19427970,19428362,392,CDS
58467,19428426,19428544,118,CDS
58468,19429237,19429279,42,CDS
58469,19429338,19429479,141,CDS
58470,19429538,19429765,227,CDS
58471,19429823,19430152,329,CDS
58472,19430214,19430299,85,CDS
58473,19426045,19426218,173,CDS
58474,19426630,19426806,176,CDS
58475,19426868,19426944,76,CDS
58476,19427014,19427138,124,CDS
58477,19427201,19427321,120,CDS
58478,19427378,19427618,240,CDS
58479,19427677,19427907,230,CDS
58480,19427970,19428362,392,CDS
58481,19428426,19428584,158,CDS
58482,19430659,19437259,6600,gene
58483,19437215,19437259,44,mRNA
58484,19436548,19436643,95,mRNA
58485,19435777,19436479,702,mRNA
58486,19435608,19435717,109,mRNA
58487,19435314,19435549,235,mRNA
58488,19434755,19435250,495,mRNA
58489,19434560,19434692,132,mRNA
58490,19434370,19434502,132,mRNA
58491,19434164,19434308,144,mRNA
58492,19433904,19434108,204,mRNA
58493,19433703,19433842,139,mRNA
58494,19433502,19433641,139,mRNA
58495,19432303,19432392,89,mRNA
58496,19431792,19432246,454,mRNA
58497,19431627,19431737,110,mRNA
58498,19430659,19431562,903,mRNA
58499,19436858,19437259,401,mRNA
58500,19436548,19436643,95,mRNA
58501,19435777,19436479,702,mRNA
58502,19435608,19435717,109,mRNA
58503,19435314,19435549,235,mRNA
58504,19434755,19435250,495,mRNA
58505,19434560,19434692,132,mRNA
58506,19434370,19434502,132,mRNA
58507,19434164,19434308,144,mRNA
58508,19433904,19434108,204,mRNA
58509,19433703,19433842,139,mRNA
58510,19433502,19433641,139,mRNA
58511,19432303,19432392,89,mRNA
58512,19431792,19432246,454,mRNA
58513,19431627,19431737,110,mRNA
58514,19430659,19431562,903,mRNA
58515,19436548,19437259,711,mRNA
58516,19435777,19436479,702,mRNA
58517,19435608,19435717,109,mRNA
58518,19435314,19435549,235,mRNA
58519,19434755,19435250,495,mRNA
58520,19434560,19434692,132,mRNA
58521,19434370,19434502,132,mRNA
58522,19434164,19434308,144,mRNA
58523,19433904,19434108,204,mRNA
58524,19433703,19433842,139,mRNA
58525,19433502,19433641,139,mRNA
58526,19432303,19432392,89,mRNA
58527,19431792,19432240,448,mRNA
58528,19431627,19431737,110,mRNA
58529,19430659,19431562,903,mRNA
58530,19436548,19437259,711,mRNA
58531,19435777,19436479,702,mRNA
58532,19435608,19435717,109,mRNA
58533,19435314,19435549,235,mRNA
58534,19434755,19435250,495,mRNA
58535,19434560,19434692,132,mRNA
58536,19434370,19434502,132,mRNA
58537,19434164,19434308,144,mRNA
58538,19433904,19434108,204,mRNA
58539,19433703,19433842,139,mRNA
58540,19433502,19433641,139,mRNA
58541,19432303,19432392,89,mRNA
58542,19431792,19432246,454,mRNA
58543,19431627,19431737,110,mRNA
58544,19430659,19431562,903,mRNA
58545,19436548,19437259,711,mRNA
58546,19435777,19436479,702,mRNA
58547,19435608,19435717,109,mRNA
58548,19435314,19435549,235,mRNA
58549,19434755,19435250,495,mRNA
58550,19434560,19434692,132,mRNA
58551,19434370,19434502,132,mRNA
58552,19434164,19434308,144,mRNA
58553,19433904,19434108,204,mRNA
58554,19433703,19433842,139,mRNA
58555,19432596,19433641,1045,mRNA
58556,19432303,19432392,89,mRNA
58557,19431792,19432240,448,mRNA
58558,19431627,19431737,110,mRNA
58559,19430659,19431562,903,mRNA
58560,19437051,19437193,142,mRNA
58561,19436548,19436643,95,mRNA
58562,19435777,19436479,702,mRNA
58563,19435608,19435717,109,mRNA
58564,19435314,19435549,235,mRNA
58565,19434755,19435250,495,mRNA
58566,19434560,19434692,132,mRNA
58567,19434370,19434502,132,mRNA
58568,19434164,19434308,144,mRNA
58569,19433904,19434108,204,mRNA
58570,19433703,19433842,139,mRNA
58571,19433502,19433641,139,mRNA
58572,19432303,19432392,89,mRNA
58573,19431792,19432246,454,mRNA
58574,19431627,19431737,110,mRNA
58575,19430659,19431562,903,mRNA
58576,19436548,19436596,48,CDS
58577,19435777,19436479,702,CDS
58578,19435608,19435717,109,CDS
58579,19435314,19435549,235,CDS
58580,19434755,19435250,495,CDS
58581,19434560,19434692,132,CDS
58582,19434370,19434502,132,CDS
58583,19434164,19434308,144,CDS
58584,19433904,19434108,204,CDS
58585,19433703,19433842,139,CDS
58586,19433502,19433641,139,CDS
58587,19432303,19432392,89,CDS
58588,19431792,19432240,448,CDS
58589,19431627,19431737,110,CDS
58590,19431106,19431562,456,CDS
58591,19436548,19436596,48,CDS
58592,19435777,19436479,702,CDS
58593,19435608,19435717,109,CDS
58594,19435314,19435549,235,CDS
58595,19434755,19435250,495,CDS
58596,19434560,19434692,132,CDS
58597,19434370,19434502,132,CDS
58598,19434164,19434308,144,CDS
58599,19433904,19434108,204,CDS
58600,19433703,19433842,139,CDS
58601,19433502,19433641,139,CDS
58602,19432303,19432392,89,CDS
58603,19431792,19432246,454,CDS
58604,19431627,19431737,110,CDS
58605,19431106,19431562,456,CDS
58606,19436548,19436596,48,CDS
58607,19435777,19436479,702,CDS
58608,19435608,19435717,109,CDS
58609,19435314,19435549,235,CDS
58610,19434755,19435250,495,CDS
58611,19434560,19434692,132,CDS
58612,19434370,19434502,132,CDS
58613,19434164,19434308,144,CDS
58614,19433904,19434108,204,CDS
58615,19433703,19433842,139,CDS
58616,19433502,19433641,139,CDS
58617,19432303,19432392,89,CDS
58618,19431792,19432246,454,CDS
58619,19431627,19431737,110,CDS
58620,19431106,19431562,456,CDS
58621,19436548,19436596,48,CDS
58622,19435777,19436479,702,CDS
58623,19435608,19435717,109,CDS
58624,19435314,19435549,235,CDS
58625,19434755,19435250,495,CDS
58626,19434560,19434692,132,CDS
58627,19434370,19434502,132,CDS
58628,19434164,19434308,144,CDS
58629,19433904,19434108,204,CDS
58630,19433703,19433842,139,CDS
58631,19433502,19433641,139,CDS
58632,19432303,19432392,89,CDS
58633,19431792,19432246,454,CDS
58634,19431627,19431737,110,CDS
58635,19431106,19431562,456,CDS
58636,19436548,19436596,48,CDS
58637,19435777,19436479,702,CDS
58638,19435608,19435717,109,CDS
58639,19435314,19435549,235,CDS
58640,19434755,19435250,495,CDS
58641,19434560,19434692,132,CDS
58642,19434370,19434502,132,CDS
58643,19434164,19434308,144,CDS
58644,19433904,19434108,204,CDS
58645,19433703,19433842,139,CDS
58646,19433502,19433641,139,CDS
58647,19432303,19432392,89,CDS
58648,19431792,19432246,454,CDS
58649,19431627,19431737,110,CDS
58650,19431106,19431562,456,CDS
58651,19436548,19436596,48,CDS
58652,19435777,19436479,702,CDS
58653,19435608,19435717,109,CDS
58654,19435314,19435549,235,CDS
58655,19434755,19435250,495,CDS
58656,19434560,19434692,132,CDS
58657,19434370,19434502,132,CDS
58658,19434164,19434308,144,CDS
58659,19433904,19434108,204,CDS
58660,19433703,19433842,139,CDS
58661,19432596,19433641,1045,CDS
58662,19432303,19432392,89,CDS
58663,19431792,19432240,448,CDS
58664,19431627,19431737,110,CDS
58665,19431106,19431562,456,CDS
58666,19437483,19441898,4415,gene
58667,19437483,19437581,98,mRNA
58668,19437955,19438343,388,mRNA
58669,19438407,19438531,124,mRNA
58670,19438590,19438727,137,mRNA
58671,19438785,19439235,450,mRNA
58672,19439298,19439368,70,mRNA
58673,19439426,19439592,166,mRNA
58674,19439653,19439825,172,mRNA
58675,19439881,19440134,253,mRNA
58676,19440194,19440389,195,mRNA
58677,19440444,19441167,723,mRNA
58678,19441226,19441898,672,mRNA
58679,19437972,19438343,371,CDS
58680,19438407,19438531,124,CDS
58681,19438590,19438727,137,CDS
58682,19438785,19439235,450,CDS
58683,19439298,19439368,70,CDS
58684,19439426,19439592,166,CDS
58685,19439653,19439825,172,CDS
58686,19439881,19440134,253,CDS
58687,19440194,19440389,195,CDS
58688,19440444,19441167,723,CDS
58689,19441226,19441791,565,CDS
58690,19442342,19443825,1483,gene
58691,19442342,19442377,35,mRNA
58692,19442443,19442489,46,mRNA
58693,19442618,19442740,122,mRNA
58694,19442801,19443098,297,mRNA
58695,19443313,19443825,512,mRNA
58696,19442342,19442377,35,mRNA
58697,19442443,19442489,46,mRNA
58698,19442618,19442740,122,mRNA
58699,19442801,19443098,297,mRNA
58700,19443313,19443518,205,mRNA
58701,19442484,19442489,5,CDS
58702,19442618,19442740,122,CDS
58703,19442801,19443098,297,CDS
58704,19443313,19443440,127,CDS
58705,19442484,19442489,5,CDS
58706,19442618,19442740,122,CDS
58707,19442801,19443098,297,CDS
58708,19443313,19443440,127,CDS
58709,19443127,19443256,129,gene
58710,19443127,19443256,129,ncRNA
58711,19444179,19445058,879,gene
58712,19444179,19444394,215,mRNA
58713,19444444,19444578,134,mRNA
58714,19444634,19444762,128,mRNA
58715,19444830,19445058,228,mRNA
58716,19444179,19444394,215,mRNA
58717,19444447,19444578,131,mRNA
58718,19444634,19444762,128,mRNA
58719,19444830,19445058,228,mRNA
58720,19444217,19444394,177,CDS
58721,19444444,19444578,134,CDS
58722,19444634,19444762,128,CDS
58723,19444830,19444996,166,CDS
58724,19444217,19444394,177,CDS
58725,19444447,19444578,131,CDS
58726,19444634,19444762,128,CDS
58727,19444830,19444996,166,CDS
58728,19445085,19446286,1201,gene
58729,19446218,19446286,68,mRNA
58730,19445928,19446139,211,mRNA
58731,19445085,19445379,294,mRNA
58732,19445928,19446286,358,mRNA
58733,19445085,19445379,294,mRNA
58734,19445928,19446139,211,CDS
58735,19445238,19445379,141,CDS
58736,19445928,19446139,211,CDS
58737,19445238,19445379,141,CDS
58738,19447319,19451600,4281,gene
58739,19451433,19451600,167,mRNA
58740,19447319,19448746,1427,mRNA
58741,19449327,19449599,272,mRNA
58742,19447319,19448746,1427,mRNA
58743,19451433,19451489,56,CDS
58744,19447460,19448746,1286,CDS
58745,19449327,19449410,83,CDS
58746,19447460,19448746,1286,CDS
58747,19452504,19455527,3023,gene
58748,19452504,19452789,285,mRNA
58749,19452846,19453214,368,mRNA
58750,19453547,19454201,654,mRNA
58751,19454253,19455527,1274,mRNA
58752,19452689,19452789,100,CDS
58753,19452846,19453214,368,CDS
58754,19453547,19454201,654,CDS
58755,19454253,19455170,917,CDS
58756,19456170,19485686,29516,gene
58757,19456170,19456975,805,mRNA
58758,19459795,19460616,821,mRNA
58759,19470597,19470812,215,mRNA
58760,19470872,19471092,220,mRNA
58761,19471209,19471490,281,mRNA
58762,19471552,19471745,193,mRNA
58763,19472819,19472931,112,mRNA
58764,19472996,19473179,183,mRNA
58765,19473440,19473554,114,mRNA
58766,19473613,19473740,127,mRNA
58767,19473805,19473967,162,mRNA
58768,19474528,19474641,113,mRNA
58769,19478752,19478865,113,mRNA
58770,19482952,19483101,149,mRNA
58771,19483168,19483286,118,mRNA
58772,19483349,19485686,2337,mRNA
58773,19456170,19456975,805,mRNA
58774,19459795,19460616,821,mRNA
58775,19470597,19470812,215,mRNA
58776,19470872,19471092,220,mRNA
58777,19471209,19471490,281,mRNA
58778,19471552,19471736,184,mRNA
58779,19472819,19472931,112,mRNA
58780,19472996,19473164,168,mRNA
58781,19473440,19473554,114,mRNA
58782,19473613,19473740,127,mRNA
58783,19473805,19473967,162,mRNA
58784,19477616,19477704,88,mRNA
58785,19478742,19478865,123,mRNA
58786,19482952,19483101,149,mRNA
58787,19483168,19483286,118,mRNA
58788,19483349,19484473,1124,mRNA
58789,19456170,19456975,805,mRNA
58790,19459795,19460616,821,mRNA
58791,19470597,19470812,215,mRNA
58792,19470872,19471092,220,mRNA
58793,19471209,19471490,281,mRNA
58794,19471552,19471736,184,mRNA
58795,19472819,19472931,112,mRNA
58796,19472996,19473164,168,mRNA
58797,19473440,19473554,114,mRNA
58798,19473613,19473740,127,mRNA
58799,19473805,19473967,162,mRNA
58800,19477616,19477704,88,mRNA
58801,19478742,19478865,123,mRNA
58802,19482952,19483101,149,mRNA
58803,19483168,19483286,118,mRNA
58804,19483349,19484473,1124,mRNA
58805,19456170,19456975,805,mRNA
58806,19459795,19460616,821,mRNA
58807,19470597,19470812,215,mRNA
58808,19470872,19471092,220,mRNA
58809,19471209,19471490,281,mRNA
58810,19471552,19471736,184,mRNA
58811,19472819,19472931,112,mRNA
58812,19472996,19473164,168,mRNA
58813,19473440,19473554,114,mRNA
58814,19473613,19473740,127,mRNA
58815,19473805,19473967,162,mRNA
58816,19477616,19477704,88,mRNA
58817,19478742,19478865,123,mRNA
58818,19481151,19482575,1424,mRNA
58819,19456170,19456975,805,mRNA
58820,19459795,19460616,821,mRNA
58821,19470597,19470812,215,mRNA
58822,19470872,19471092,220,mRNA
58823,19471209,19471490,281,mRNA
58824,19471552,19471736,184,mRNA
58825,19472819,19472931,112,mRNA
58826,19472996,19473164,168,mRNA
58827,19473440,19473554,114,mRNA
58828,19473613,19473740,127,mRNA
58829,19473805,19473967,162,mRNA
58830,19477634,19477704,70,mRNA
58831,19478742,19478865,123,mRNA
58832,19481151,19482575,1424,mRNA
58833,19456170,19456975,805,mRNA
58834,19459795,19460616,821,mRNA
58835,19470597,19470812,215,mRNA
58836,19470872,19471092,220,mRNA
58837,19471209,19471490,281,mRNA
58838,19471552,19471736,184,mRNA
58839,19472819,19472931,112,mRNA
58840,19472996,19473179,183,mRNA
58841,19473440,19473554,114,mRNA
58842,19473613,19473740,127,mRNA
58843,19473805,19473967,162,mRNA
58844,19477634,19477704,70,mRNA
58845,19478742,19478865,123,mRNA
58846,19481151,19481583,432,mRNA
58847,19456170,19459523,3353,gene
58848,19456170,19456975,805,mRNA
58849,19457972,19458418,446,mRNA
58850,19458477,19459523,1046,mRNA
58851,19458052,19458418,366,CDS
58852,19458477,19459105,628,CDS
58853,19459933,19460616,683,CDS
58854,19470597,19470812,215,CDS
58855,19470872,19471092,220,CDS
58856,19471209,19471490,281,CDS
58857,19471552,19471736,184,CDS
58858,19472819,19472931,112,CDS
58859,19472996,19473164,168,CDS
58860,19473440,19473554,114,CDS
58861,19473613,19473740,127,CDS
58862,19473805,19473967,162,CDS
58863,19477616,19477704,88,CDS
58864,19478742,19478865,123,CDS
58865,19482952,19483101,149,CDS
58866,19483168,19483286,118,CDS
58867,19483349,19484103,754,CDS
58868,19459933,19460616,683,CDS
58869,19470597,19470812,215,CDS
58870,19470872,19471092,220,CDS
58871,19471209,19471490,281,CDS
58872,19471552,19471745,193,CDS
58873,19472819,19472931,112,CDS
58874,19472996,19473179,183,CDS
58875,19473440,19473554,114,CDS
58876,19473613,19473740,127,CDS
58877,19473805,19473967,162,CDS
58878,19474528,19474641,113,CDS
58879,19478752,19478865,113,CDS
58880,19482952,19483101,149,CDS
58881,19483168,19483286,118,CDS
58882,19483349,19483407,58,CDS
58883,19459933,19460616,683,CDS
58884,19470597,19470812,215,CDS
58885,19470872,19471092,220,CDS
58886,19471209,19471490,281,CDS
58887,19471552,19471736,184,CDS
58888,19472819,19472931,112,CDS
58889,19472996,19473164,168,CDS
58890,19473440,19473554,114,CDS
58891,19473613,19473740,127,CDS
58892,19473805,19473967,162,CDS
58893,19477616,19477704,88,CDS
58894,19478742,19478865,123,CDS
58895,19482952,19483101,149,CDS
58896,19483168,19483286,118,CDS
58897,19483349,19483407,58,CDS
58898,19459933,19460616,683,CDS
58899,19470597,19470812,215,CDS
58900,19470872,19471092,220,CDS
58901,19471209,19471490,281,CDS
58902,19471552,19471736,184,CDS
58903,19472819,19472931,112,CDS
58904,19472996,19473179,183,CDS
58905,19473440,19473554,114,CDS
58906,19473613,19473740,127,CDS
58907,19473805,19473967,162,CDS
58908,19477634,19477704,70,CDS
58909,19478742,19478865,123,CDS
58910,19481151,19481163,12,CDS
58911,19459933,19460616,683,CDS
58912,19470597,19470812,215,CDS
58913,19470872,19471092,220,CDS
58914,19471209,19471490,281,CDS
58915,19471552,19471736,184,CDS
58916,19472819,19472931,112,CDS
58917,19472996,19473164,168,CDS
58918,19473440,19473554,114,CDS
58919,19473613,19473740,127,CDS
58920,19473805,19473967,162,CDS
58921,19477616,19477704,88,CDS
58922,19478742,19478865,123,CDS
58923,19481151,19481163,12,CDS
58924,19459933,19460616,683,CDS
58925,19470597,19470812,215,CDS
58926,19470872,19471092,220,CDS
58927,19471209,19471490,281,CDS
58928,19471552,19471736,184,CDS
58929,19472819,19472931,112,CDS
58930,19472996,19473164,168,CDS
58931,19473440,19473554,114,CDS
58932,19473613,19473740,127,CDS
58933,19473805,19473967,162,CDS
58934,19477634,19477704,70,CDS
58935,19478742,19478865,123,CDS
58936,19481151,19481163,12,CDS
58937,19462502,19462643,141,mRNA
58938,19464310,19465694,1384,mRNA
58939,19470597,19470812,215,mRNA
58940,19470872,19471092,220,mRNA
58941,19471209,19471490,281,mRNA
58942,19471552,19471736,184,mRNA
58943,19472819,19472931,112,mRNA
58944,19472996,19473179,183,mRNA
58945,19473440,19473554,114,mRNA
58946,19473613,19473740,127,mRNA
58947,19473805,19473967,162,mRNA
58948,19474528,19474641,113,mRNA
58949,19477634,19477704,70,mRNA
58950,19478742,19478865,123,mRNA
58951,19481151,19482575,1424,mRNA
58952,19462502,19462779,277,mRNA
58953,19464310,19465694,1384,mRNA
58954,19466156,19467813,1657,mRNA
58955,19462880,19463099,219,mRNA
58956,19468790,19470338,1548,mRNA
58957,19470597,19470812,215,mRNA
58958,19470872,19471092,220,mRNA
58959,19471209,19471490,281,mRNA
58960,19471552,19471745,193,mRNA
58961,19472819,19472931,112,mRNA
58962,19472996,19473164,168,mRNA
58963,19473440,19473554,114,mRNA
58964,19473613,19473740,127,mRNA
58965,19473805,19473967,162,mRNA
58966,19477634,19477704,70,mRNA
58967,19478742,19478865,123,mRNA
58968,19481151,19482575,1424,mRNA
58969,19464642,19465694,1052,CDS
58970,19470597,19470812,215,CDS
58971,19470872,19471092,220,CDS
58972,19471209,19471490,281,CDS
58973,19471552,19471736,184,CDS
58974,19472819,19472931,112,CDS
58975,19472996,19473179,183,CDS
58976,19473440,19473554,114,CDS
58977,19473613,19473740,127,CDS
58978,19473805,19473967,162,CDS
58979,19474528,19474641,113,CDS
58980,19477634,19477704,70,CDS
58981,19478742,19478865,123,CDS
58982,19481151,19481163,12,CDS
58983,19464642,19465694,1052,CDS
58984,19466156,19466176,20,CDS
58985,19467466,19467641,175,mRNA
58986,19468790,19470338,1548,mRNA
58987,19470597,19470812,215,mRNA
58988,19470872,19471092,220,mRNA
58989,19471209,19471490,281,mRNA
58990,19471552,19471745,193,mRNA
58991,19472819,19472931,112,mRNA
58992,19472996,19473179,183,mRNA
58993,19473440,19473554,114,mRNA
58994,19473613,19473740,127,mRNA
58995,19473805,19473967,162,mRNA
58996,19478752,19478865,113,mRNA
58997,19482952,19483101,149,mRNA
58998,19483168,19483286,118,mRNA
58999,19483349,19484473,1124,mRNA
59000,19467466,19467641,175,mRNA
59001,19468790,19470338,1548,mRNA
59002,19470597,19470812,215,mRNA
59003,19470872,19471092,220,mRNA
59004,19471209,19471490,281,mRNA
59005,19471552,19471736,184,mRNA
59006,19472819,19472931,112,mRNA
59007,19472996,19473164,168,mRNA
59008,19473440,19473554,114,mRNA
59009,19473613,19473740,127,mRNA
59010,19473805,19473967,162,mRNA
59011,19477661,19477704,43,mRNA
59012,19478742,19478865,123,mRNA
59013,19481151,19481583,432,mRNA
59014,19468971,19470338,1367,CDS
59015,19470597,19470812,215,CDS
59016,19470872,19471092,220,CDS
59017,19471209,19471490,281,CDS
59018,19471552,19471745,193,CDS
59019,19472819,19472931,112,CDS
59020,19472996,19473179,183,CDS
59021,19473440,19473554,114,CDS
59022,19473613,19473740,127,CDS
59023,19473805,19473967,162,CDS
59024,19478752,19478865,113,CDS
59025,19482952,19483101,149,CDS
59026,19483168,19483286,118,CDS
59027,19483349,19483407,58,CDS
59028,19468971,19470338,1367,CDS
59029,19470597,19470812,215,CDS
59030,19470872,19471092,220,CDS
59031,19471209,19471490,281,CDS
59032,19471552,19471745,193,CDS
59033,19472819,19472931,112,CDS
59034,19472996,19473164,168,CDS
59035,19473440,19473554,114,CDS
59036,19473613,19473740,127,CDS
59037,19473805,19473967,162,CDS
59038,19477634,19477704,70,CDS
59039,19478742,19478865,123,CDS
59040,19481151,19481163,12,CDS
59041,19468971,19470338,1367,CDS
59042,19470597,19470812,215,CDS
59043,19470872,19471092,220,CDS
59044,19471209,19471490,281,CDS
59045,19471552,19471736,184,CDS
59046,19472819,19472931,112,CDS
59047,19472996,19473164,168,CDS
59048,19473440,19473554,114,CDS
59049,19473613,19473740,127,CDS
59050,19473805,19473967,162,CDS
59051,19477661,19477704,43,CDS
59052,19478742,19478865,123,CDS
59053,19481151,19481163,12,CDS
59054,19485494,19486837,1343,gene
59055,19486593,19486837,244,mRNA
59056,19486169,19486540,371,mRNA
59057,19485983,19486104,121,mRNA
59058,19485494,19485920,426,mRNA
59059,19486593,19486715,122,CDS
59060,19486169,19486540,371,CDS
59061,19485983,19486104,121,CDS
59062,19485803,19485920,117,CDS
59063,19487046,19491846,4800,gene
59064,19491576,19491846,270,mRNA
59065,19490787,19491512,725,mRNA
59066,19490100,19490712,612,mRNA
59067,19489465,19490041,576,mRNA
59068,19489127,19489409,282,mRNA
59069,19488889,19489069,180,mRNA
59070,19487745,19488828,1083,mRNA
59071,19487321,19487690,369,mRNA
59072,19487046,19487262,216,mRNA
59073,19491576,19491736,160,CDS
59074,19490787,19491512,725,CDS
59075,19490100,19490712,612,CDS
59076,19489465,19490041,576,CDS
59077,19489127,19489409,282,CDS
59078,19488889,19489069,180,CDS
59079,19487745,19488828,1083,CDS
59080,19487321,19487690,369,CDS
59081,19487157,19487262,105,CDS
59082,19492087,19494125,2038,gene
59083,19492087,19492272,185,mRNA
59084,19492332,19493417,1085,mRNA
59085,19493475,19494125,650,mRNA
59086,19492224,19492272,48,CDS
59087,19492332,19493417,1085,CDS
59088,19493475,19493875,400,CDS
59089,19493996,19496856,2860,gene
59090,19495461,19496856,1395,mRNA
59091,19493996,19495403,1407,mRNA
59092,19495461,19496856,1395,mRNA
59093,19494297,19495403,1106,mRNA
59094,19495461,19496748,1287,CDS
59095,19494682,19495403,721,CDS
59096,19495461,19496748,1287,CDS
59097,19494682,19495403,721,CDS
59098,19497752,19500372,2620,gene
59099,19497752,19498066,314,mRNA
59100,19498160,19498338,178,mRNA
59101,19499619,19499790,171,mRNA
59102,19499901,19500050,149,mRNA
59103,19500119,19500372,253,mRNA
59104,19497802,19498066,264,CDS
59105,19498160,19498338,178,CDS
59106,19499619,19499790,171,CDS
59107,19499901,19500050,149,CDS
59108,19500119,19500279,160,CDS
59109,19500295,19501418,1123,gene
59110,19500929,19501418,489,mRNA
59111,19500716,19500859,143,mRNA
59112,19500295,19500639,344,mRNA
59113,19500929,19501323,394,mRNA
59114,19500716,19500859,143,mRNA
59115,19500295,19500639,344,mRNA
59116,19500929,19501052,123,CDS
59117,19500716,19500859,143,CDS
59118,19500524,19500639,115,CDS
59119,19500929,19501052,123,CDS
59120,19500716,19500859,143,CDS
59121,19500524,19500639,115,CDS
59122,19503068,19504594,1526,gene
59123,19503068,19504594,1526,mRNA
59124,19503068,19504268,1200,mRNA
59125,19503188,19504003,815,CDS
59126,19503188,19504003,815,CDS
59127,19504775,19505462,687,gene
59128,19504775,19505462,687,ncRNA
59129,19505175,19505462,287,ncRNA
59130,19506339,19506410,71,gene
59131,19506339,19506410,71,tRNA
59132,19508167,19509653,1486,gene
59133,19508167,19508937,770,mRNA
59134,19508989,19509653,664,mRNA
59135,19508167,19508937,770,CDS
59136,19508989,19509444,455,CDS
59137,19509768,19511471,1703,gene
59138,19509768,19511471,1703,mRNA
59139,19509768,19511471,1703,CDS
59140,19511673,19513571,1898,gene
59141,19511673,19513571,1898,mRNA
59142,19511673,19513571,1898,CDS
59143,19517864,19631508,113644,gene
59144,19631037,19631508,471,mRNA
59145,19628481,19629070,589,mRNA
59146,19600882,19601004,122,mRNA
59147,19574144,19574326,182,mRNA
59148,19573988,19574066,78,mRNA
59149,19564462,19564512,50,mRNA
59150,19546012,19546059,47,mRNA
59151,19538030,19538211,181,mRNA
59152,19537776,19537868,92,mRNA
59153,19532436,19532711,275,mRNA
59154,19532170,19532374,204,mRNA
59155,19517864,19530700,12836,mRNA
59156,19631037,19631508,471,mRNA
59157,19628481,19629070,589,mRNA
59158,19600882,19601019,137,mRNA
59159,19574144,19574326,182,mRNA
59160,19573988,19574066,78,mRNA
59161,19564462,19564512,50,mRNA
59162,19538030,19538211,181,mRNA
59163,19537776,19537868,92,mRNA
59164,19532436,19532711,275,mRNA
59165,19532170,19532374,204,mRNA
59166,19517864,19530700,12836,mRNA
59167,19630853,19631508,655,mRNA
59168,19628481,19629070,589,mRNA
59169,19600882,19601004,122,mRNA
59170,19574144,19574326,182,mRNA
59171,19573988,19574066,78,mRNA
59172,19564441,19564512,71,mRNA
59173,19546012,19546059,47,mRNA
59174,19538030,19538211,181,mRNA
59175,19537776,19537868,92,mRNA
59176,19532436,19532711,275,mRNA
59177,19532170,19532374,204,mRNA
59178,19517864,19530700,12836,mRNA
59179,19630484,19630640,156,mRNA
59180,19628481,19629070,589,mRNA
59181,19600882,19601019,137,mRNA
59182,19574144,19574326,182,mRNA
59183,19574003,19574066,63,mRNA
59184,19567059,19567160,101,mRNA
59185,19538030,19538211,181,mRNA
59186,19537776,19537868,92,mRNA
59187,19532436,19532711,275,mRNA
59188,19532170,19532374,204,mRNA
59189,19517864,19530700,12836,mRNA
59190,19630203,19630397,194,mRNA
59191,19628481,19629070,589,mRNA
59192,19600882,19601019,137,mRNA
59193,19574144,19574326,182,mRNA
59194,19573988,19574066,78,mRNA
59195,19546012,19546059,47,mRNA
59196,19538030,19538211,181,mRNA
59197,19537776,19537868,92,mRNA
59198,19532436,19532711,275,mRNA
59199,19532176,19532374,198,mRNA
59200,19523752,19530700,6948,mRNA
59201,19546449,19547071,622,mRNA
59202,19538030,19538391,361,mRNA
59203,19537776,19537868,92,mRNA
59204,19532436,19532711,275,mRNA
59205,19532170,19532374,204,mRNA
59206,19529881,19530700,819,mRNA
59207,19631037,19631508,471,mRNA
59208,19628481,19629070,589,mRNA
59209,19574144,19574326,182,mRNA
59210,19573988,19574066,78,mRNA
59211,19538030,19538211,181,mRNA
59212,19537776,19537868,92,mRNA
59213,19532436,19532711,275,mRNA
59214,19532170,19532374,204,mRNA
59215,19529909,19530700,791,mRNA
59216,19631037,19631508,471,mRNA
59217,19628481,19629070,589,mRNA
59218,19600882,19601019,137,mRNA
59219,19574144,19574326,182,mRNA
59220,19574003,19574066,63,mRNA
59221,19538030,19538211,181,mRNA
59222,19537776,19537868,92,mRNA
59223,19532436,19532711,275,mRNA
59224,19532170,19532374,204,mRNA
59225,19529909,19530700,791,mRNA
59226,19631037,19631508,471,mRNA
59227,19628481,19629070,589,mRNA
59228,19600882,19601019,137,mRNA
59229,19574144,19574326,182,mRNA
59230,19574003,19574066,63,mRNA
59231,19538030,19538391,361,mRNA
59232,19537776,19537868,92,mRNA
59233,19532436,19532711,275,mRNA
59234,19532170,19532374,204,mRNA
59235,19529909,19530700,791,mRNA
59236,19631037,19631508,471,mRNA
59237,19628481,19629070,589,mRNA
59238,19600882,19601019,137,mRNA
59239,19574144,19574326,182,mRNA
59240,19574003,19574066,63,mRNA
59241,19564462,19564512,50,mRNA
59242,19538030,19538211,181,mRNA
59243,19537776,19537868,92,mRNA
59244,19532436,19532711,275,mRNA
59245,19532170,19532374,204,mRNA
59246,19529909,19530700,791,mRNA
59247,19631037,19631508,471,mRNA
59248,19628481,19629070,589,mRNA
59249,19600882,19601019,137,mRNA
59250,19574144,19574326,182,mRNA
59251,19574003,19574066,63,mRNA
59252,19564462,19564512,50,mRNA
59253,19538030,19538391,361,mRNA
59254,19537776,19537868,92,mRNA
59255,19532436,19532711,275,mRNA
59256,19532170,19532374,204,mRNA
59257,19529909,19530700,791,mRNA
59258,19631037,19631508,471,mRNA
59259,19628481,19629070,589,mRNA
59260,19600882,19601019,137,mRNA
59261,19574144,19574326,182,mRNA
59262,19573988,19574066,78,mRNA
59263,19538030,19538211,181,mRNA
59264,19537776,19537868,92,mRNA
59265,19532436,19532711,275,mRNA
59266,19532170,19532374,204,mRNA
59267,19529909,19530700,791,mRNA
59268,19631037,19631508,471,mRNA
59269,19628481,19629070,589,mRNA
59270,19600882,19601019,137,mRNA
59271,19574144,19574326,182,mRNA
59272,19573988,19574066,78,mRNA
59273,19538030,19538391,361,mRNA
59274,19537776,19537868,92,mRNA
59275,19532436,19532711,275,mRNA
59276,19532170,19532374,204,mRNA
59277,19529909,19530700,791,mRNA
59278,19630203,19630397,194,mRNA
59279,19628481,19629070,589,mRNA
59280,19600882,19601019,137,mRNA
59281,19574144,19574326,182,mRNA
59282,19574003,19574066,63,mRNA
59283,19538030,19538211,181,mRNA
59284,19537776,19537868,92,mRNA
59285,19532436,19532711,275,mRNA
59286,19532170,19532374,204,mRNA
59287,19530297,19530700,403,mRNA
59288,19630203,19630397,194,mRNA
59289,19628481,19629070,589,mRNA
59290,19600882,19601019,137,mRNA
59291,19574144,19574326,182,mRNA
59292,19574003,19574066,63,mRNA
59293,19546012,19546059,47,mRNA
59294,19538030,19538211,181,mRNA
59295,19537776,19537868,92,mRNA
59296,19532436,19532711,275,mRNA
59297,19532170,19532374,204,mRNA
59298,19530297,19530700,403,mRNA
59299,19566149,19566167,18,mRNA
59300,19538030,19538211,181,mRNA
59301,19537776,19537868,92,mRNA
59302,19532436,19532711,275,mRNA
59303,19532170,19532374,204,mRNA
59304,19530297,19530700,403,mRNA
59305,19566149,19566167,18,mRNA
59306,19564462,19564512,50,mRNA
59307,19538030,19538211,181,mRNA
59308,19537776,19537868,92,mRNA
59309,19532436,19532711,275,mRNA
59310,19532170,19532374,204,mRNA
59311,19530297,19530700,403,mRNA
59312,19566149,19566167,18,mRNA
59313,19564441,19564512,71,mRNA
59314,19538030,19538211,181,mRNA
59315,19537776,19537868,92,mRNA
59316,19532436,19532711,275,mRNA
59317,19532170,19532374,204,mRNA
59318,19530297,19530700,403,mRNA
59319,19566149,19566167,18,mRNA
59320,19564441,19564512,71,mRNA
59321,19546012,19546059,47,mRNA
59322,19538030,19538211,181,mRNA
59323,19537776,19537868,92,mRNA
59324,19532436,19532711,275,mRNA
59325,19532170,19532374,204,mRNA
59326,19530297,19530700,403,mRNA
59327,19546449,19547071,622,mRNA
59328,19538030,19538211,181,mRNA
59329,19537776,19537868,92,mRNA
59330,19532436,19532711,275,mRNA
59331,19532170,19532374,204,mRNA
59332,19530297,19530700,403,mRNA
59333,19546449,19547071,622,mRNA
59334,19546012,19546059,47,mRNA
59335,19538030,19538211,181,mRNA
59336,19537776,19537868,92,mRNA
59337,19532436,19532711,275,mRNA
59338,19532170,19532374,204,mRNA
59339,19530297,19530700,403,mRNA
59340,19628481,19628630,149,CDS
59341,19574144,19574326,182,CDS
59342,19573988,19574066,78,CDS
59343,19538030,19538211,181,CDS
59344,19537776,19537868,92,CDS
59345,19532436,19532711,275,CDS
59346,19532170,19532374,204,CDS
59347,19530564,19530700,136,CDS
59348,19628481,19628630,149,CDS
59349,19600882,19601004,122,CDS
59350,19574144,19574326,182,CDS
59351,19573988,19574066,78,CDS
59352,19564462,19564512,50,CDS
59353,19546012,19546059,47,CDS
59354,19538030,19538211,181,CDS
59355,19537776,19537868,92,CDS
59356,19532436,19532711,275,CDS
59357,19532170,19532374,204,CDS
59358,19530564,19530700,136,CDS
59359,19628481,19628630,149,CDS
59360,19600882,19601004,122,CDS
59361,19574144,19574326,182,CDS
59362,19573988,19574066,78,CDS
59363,19564441,19564512,71,CDS
59364,19546012,19546059,47,CDS
59365,19538030,19538211,181,CDS
59366,19537776,19537868,92,CDS
59367,19532436,19532711,275,CDS
59368,19532170,19532374,204,CDS
59369,19530564,19530700,136,CDS
59370,19628481,19628630,149,CDS
59371,19600882,19601019,137,CDS
59372,19574144,19574326,182,CDS
59373,19574003,19574066,63,CDS
59374,19538030,19538211,181,CDS
59375,19537776,19537868,92,CDS
59376,19532436,19532711,275,CDS
59377,19532170,19532374,204,CDS
59378,19530564,19530700,136,CDS
59379,19628481,19628630,149,CDS
59380,19600882,19601019,137,CDS
59381,19574144,19574326,182,CDS
59382,19574003,19574066,63,CDS
59383,19538030,19538211,181,CDS
59384,19537776,19537868,92,CDS
59385,19532436,19532711,275,CDS
59386,19532170,19532374,204,CDS
59387,19530564,19530700,136,CDS
59388,19628481,19628630,149,CDS
59389,19600882,19601019,137,CDS
59390,19574144,19574326,182,CDS
59391,19574003,19574066,63,CDS
59392,19538030,19538391,361,CDS
59393,19537776,19537868,92,CDS
59394,19532436,19532711,275,CDS
59395,19532170,19532374,204,CDS
59396,19530564,19530700,136,CDS
59397,19628481,19628630,149,CDS
59398,19600882,19601019,137,CDS
59399,19574144,19574326,182,CDS
59400,19574003,19574066,63,CDS
59401,19546012,19546059,47,CDS
59402,19538030,19538211,181,CDS
59403,19537776,19537868,92,CDS
59404,19532436,19532711,275,CDS
59405,19532170,19532374,204,CDS
59406,19530564,19530700,136,CDS
59407,19628481,19628630,149,CDS
59408,19600882,19601019,137,CDS
59409,19574144,19574326,182,CDS
59410,19574003,19574066,63,CDS
59411,19564462,19564512,50,CDS
59412,19538030,19538211,181,CDS
59413,19537776,19537868,92,CDS
59414,19532436,19532711,275,CDS
59415,19532170,19532374,204,CDS
59416,19530564,19530700,136,CDS
59417,19628481,19628630,149,CDS
59418,19600882,19601019,137,CDS
59419,19574144,19574326,182,CDS
59420,19574003,19574066,63,CDS
59421,19564462,19564512,50,CDS
59422,19538030,19538391,361,CDS
59423,19537776,19537868,92,CDS
59424,19532436,19532711,275,CDS
59425,19532170,19532374,204,CDS
59426,19530564,19530700,136,CDS
59427,19628481,19628630,149,CDS
59428,19600882,19601019,137,CDS
59429,19574144,19574326,182,CDS
59430,19574003,19574066,63,CDS
59431,19567059,19567160,101,CDS
59432,19538030,19538211,181,CDS
59433,19537776,19537868,92,CDS
59434,19532436,19532711,275,CDS
59435,19532170,19532374,204,CDS
59436,19530564,19530700,136,CDS
59437,19628481,19628630,149,CDS
59438,19600882,19601019,137,CDS
59439,19574144,19574326,182,CDS
59440,19573988,19574066,78,CDS
59441,19538030,19538211,181,CDS
59442,19537776,19537868,92,CDS
59443,19532436,19532711,275,CDS
59444,19532170,19532374,204,CDS
59445,19530564,19530700,136,CDS
59446,19628481,19628630,149,CDS
59447,19600882,19601019,137,CDS
59448,19574144,19574326,182,CDS
59449,19573988,19574066,78,CDS
59450,19538030,19538391,361,CDS
59451,19537776,19537868,92,CDS
59452,19532436,19532711,275,CDS
59453,19532170,19532374,204,CDS
59454,19530564,19530700,136,CDS
59455,19628481,19628630,149,CDS
59456,19600882,19601019,137,CDS
59457,19574144,19574326,182,CDS
59458,19573988,19574066,78,CDS
59459,19546012,19546059,47,CDS
59460,19538030,19538211,181,CDS
59461,19537776,19537868,92,CDS
59462,19532436,19532711,275,CDS
59463,19532176,19532374,198,CDS
59464,19530564,19530700,136,CDS
59465,19628481,19628630,149,CDS
59466,19600882,19601019,137,CDS
59467,19574144,19574326,182,CDS
59468,19573988,19574066,78,CDS
59469,19564462,19564512,50,CDS
59470,19538030,19538211,181,CDS
59471,19537776,19537868,92,CDS
59472,19532436,19532711,275,CDS
59473,19532170,19532374,204,CDS
59474,19530564,19530700,136,CDS
59475,19546449,19546770,321,CDS
59476,19538030,19538211,181,CDS
59477,19537776,19537868,92,CDS
59478,19532436,19532711,275,CDS
59479,19532170,19532374,204,CDS
59480,19530564,19530700,136,CDS
59481,19546449,19546770,321,CDS
59482,19538030,19538391,361,CDS
59483,19537776,19537868,92,CDS
59484,19532436,19532711,275,CDS
59485,19532170,19532374,204,CDS
59486,19530564,19530700,136,CDS
59487,19546449,19546770,321,CDS
59488,19546012,19546059,47,CDS
59489,19538030,19538211,181,CDS
59490,19537776,19537868,92,CDS
59491,19532436,19532711,275,CDS
59492,19532170,19532374,204,CDS
59493,19530564,19530700,136,CDS
59494,19546012,19546024,12,CDS
59495,19538030,19538211,181,CDS
59496,19537776,19537868,92,CDS
59497,19532436,19532711,275,CDS
59498,19532170,19532374,204,CDS
59499,19530564,19530700,136,CDS
59500,19538030,19538101,71,CDS
59501,19537776,19537868,92,CDS
59502,19532436,19532711,275,CDS
59503,19532170,19532374,204,CDS
59504,19530564,19530700,136,CDS
59505,19538030,19538101,71,CDS
59506,19537776,19537868,92,CDS
59507,19532436,19532711,275,CDS
59508,19532170,19532374,204,CDS
59509,19530564,19530700,136,CDS
59510,19538030,19538101,71,CDS
59511,19537776,19537868,92,CDS
59512,19532436,19532711,275,CDS
59513,19532170,19532374,204,CDS
59514,19530564,19530700,136,CDS
59515,19552071,19552672,601,gene
59516,19552071,19552113,42,mRNA
59517,19552163,19552672,509,mRNA
59518,19552111,19552113,2,CDS
59519,19552163,19552585,422,CDS
59520,19564873,19564944,71,gene
59521,19564873,19564944,71,tRNA
59522,19587301,19587763,462,gene
59523,19587301,19587391,90,mRNA
59524,19587444,19587763,319,mRNA
59525,19587316,19587391,75,CDS
59526,19587444,19587640,196,CDS
59527,19593790,19596866,3076,gene
59528,19593790,19594568,778,mRNA
59529,19594644,19594797,153,mRNA
59530,19594855,19595748,893,mRNA
59531,19595804,19596568,764,mRNA
59532,19596630,19596866,236,mRNA
59533,19593892,19594568,676,CDS
59534,19594644,19594797,153,CDS
59535,19594855,19595748,893,CDS
59536,19595804,19596568,764,CDS
59537,19596630,19596743,113,CDS
59538,19603295,19603895,600,gene
59539,19603295,19603895,600,ncRNA
59540,19604695,19605295,600,gene
59541,19604695,19605295,600,ncRNA
59542,19633195,19634595,1400,gene
59543,19633195,19634595,1400,ncRNA
59544,19635279,19635941,662,gene
59545,19635279,19635941,662,mRNA
59546,19635407,19635661,254,CDS
59547,19636660,19637400,740,gene
59548,19636660,19636872,212,mRNA
59549,19637230,19637400,170,mRNA
59550,19636660,19636872,212,CDS
59551,19637230,19637298,68,CDS
59552,19637414,19637521,107,gene
59553,19637414,19637521,107,precursor_RNA
59554,19637431,19637452,21,ncRNA
59555,19637481,19637502,21,ncRNA
59556,19637559,19638041,482,gene
59557,19637559,19637615,56,mRNA
59558,19637684,19638041,357,mRNA
59559,19637717,19637869,152,CDS
59560,19642947,19643698,751,gene
59561,19642947,19643698,751,mRNA
59562,19643038,19643613,575,CDS
59563,19646483,19647645,1162,gene
59564,19647368,19647645,277,mRNA
59565,19646753,19647279,526,mRNA
59566,19646483,19646661,178,mRNA
59567,19647368,19647645,277,mRNA
59568,19646753,19647279,526,mRNA
59569,19646483,19646664,181,mRNA
59570,19647368,19647568,200,CDS
59571,19646753,19647279,526,CDS
59572,19646589,19646664,75,CDS
59573,19647368,19647568,200,CDS
59574,19646753,19647279,526,CDS
59575,19646661,19646661,0,CDS
59576,19652295,19652826,531,gene
59577,19652295,19652398,103,exon
59578,19652495,19652995,500,gene
59579,19652495,19652995,500,ncRNA
59580,19652693,19652826,133,exon
59581,19653296,19653595,299,gene
59582,19653296,19653595,299,ncRNA
59583,19656295,19657840,1545,gene
59584,19656295,19657840,1545,ncRNA
59585,19657573,19659599,2026,gene
59586,19657573,19657876,303,mRNA
59587,19658661,19658821,160,mRNA
59588,19658911,19659083,172,mRNA
59589,19659167,19659599,432,mRNA
59590,19657870,19657876,6,CDS
59591,19658661,19658821,160,CDS
59592,19658911,19659083,172,CDS
59593,19659167,19659587,420,CDS
59594,19658481,19658599,118,mRNA
59595,19658661,19658821,160,mRNA
59596,19658911,19659083,172,mRNA
59597,19659167,19659599,432,mRNA
59598,19658506,19658599,93,CDS
59599,19658661,19658821,160,CDS
59600,19658911,19659083,172,CDS
59601,19659167,19659587,420,CDS
59602,19659645,19661847,2202,gene
59603,19659645,19661847,2202,ncRNA
59604,19660716,19660795,79,gene
59605,19660716,19660795,79,precursor_RNA
59606,19660722,19660743,21,ncRNA
59607,19660765,19660787,22,ncRNA
59608,19660869,19660942,73,gene
59609,19660869,19660942,73,precursor_RNA
59610,19660874,19660895,21,ncRNA
59611,19660913,19660935,22,ncRNA
59612,19661003,19661084,81,gene
59613,19661003,19661084,81,precursor_RNA
59614,19661012,19661033,21,ncRNA
59615,19661053,19661074,21,ncRNA
59616,19661158,19661226,68,gene
59617,19661158,19661226,68,precursor_RNA
59618,19661162,19661184,22,ncRNA
59619,19661200,19661222,22,ncRNA
59620,19661289,19661369,80,gene
59621,19661289,19661369,80,precursor_RNA
59622,19661301,19661321,20,ncRNA
59623,19661333,19661356,23,ncRNA
59624,19661422,19661521,99,gene
59625,19661422,19661521,99,precursor_RNA
59626,19661435,19661457,22,ncRNA
59627,19661488,19661509,21,ncRNA
59628,19661595,19661663,68,gene
59629,19661595,19661663,68,precursor_RNA
59630,19661600,19661621,21,ncRNA
59631,19661635,19661656,21,ncRNA
59632,19661706,19661774,68,gene
59633,19661706,19661774,68,precursor_RNA
59634,19661710,19661731,21,ncRNA
59635,19661747,19661768,21,ncRNA
59636,19662436,19663738,1302,gene
59637,19662436,19662596,160,mRNA
59638,19662650,19663738,1088,mRNA
59639,19662543,19662596,53,CDS
59640,19662650,19663549,899,CDS
59641,19663919,19669832,5913,gene
59642,19669247,19669832,585,mRNA
59643,19668354,19668478,124,mRNA
59644,19667528,19668286,758,mRNA
59645,19667268,19667464,196,mRNA
59646,19666628,19667209,581,mRNA
59647,19666295,19666567,272,mRNA
59648,19665525,19666230,705,mRNA
59649,19664547,19664666,119,mRNA
59650,19663919,19664484,565,mRNA
59651,19669118,19669832,714,mRNA
59652,19668354,19668478,124,mRNA
59653,19667528,19668286,758,mRNA
59654,19667268,19667464,196,mRNA
59655,19666628,19667209,581,mRNA
59656,19666295,19666567,272,mRNA
59657,19665525,19666230,705,mRNA
59658,19664547,19664666,119,mRNA
59659,19663919,19664484,565,mRNA
59660,19668790,19669068,278,mRNA
59661,19668354,19668478,124,mRNA
59662,19667528,19668286,758,mRNA
59663,19667268,19667464,196,mRNA
59664,19666628,19667209,581,mRNA
59665,19666295,19666567,272,mRNA
59666,19665525,19666230,705,mRNA
59667,19664547,19664666,119,mRNA
59668,19663919,19664484,565,mRNA
59669,19667528,19668248,720,CDS
59670,19667268,19667464,196,CDS
59671,19666628,19667209,581,CDS
59672,19666295,19666567,272,CDS
59673,19665525,19666230,705,CDS
59674,19664662,19664666,4,CDS
59675,19669247,19669832,585,mRNA
59676,19668354,19668478,124,mRNA
59677,19667528,19668286,758,mRNA
59678,19667268,19667464,196,mRNA
59679,19666628,19667209,581,mRNA
59680,19666295,19666567,272,mRNA
59681,19665260,19666230,970,mRNA
59682,19667528,19668248,720,CDS
59683,19667268,19667464,196,CDS
59684,19666628,19667209,581,CDS
59685,19666295,19666567,272,CDS
59686,19666024,19666230,206,CDS
59687,19667528,19668248,720,CDS
59688,19667268,19667464,196,CDS
59689,19666628,19667209,581,CDS
59690,19666295,19666567,272,CDS
59691,19666024,19666230,206,CDS
59692,19667528,19668248,720,CDS
59693,19667268,19667464,196,CDS
59694,19666628,19667209,581,CDS
59695,19666295,19666567,272,CDS
59696,19666024,19666230,206,CDS
59697,19670618,19673477,2859,gene
59698,19670618,19671149,531,mRNA
59699,19671284,19671295,11,mRNA
59700,19671361,19671850,489,mRNA
59701,19671906,19672241,335,mRNA
59702,19672294,19672597,303,mRNA
59703,19672661,19673477,816,mRNA
59704,19670618,19671149,531,mRNA
59705,19671361,19671850,489,mRNA
59706,19671906,19672241,335,mRNA
59707,19672294,19672597,303,mRNA
59708,19672661,19673477,816,mRNA
59709,19670755,19671149,394,CDS
59710,19671284,19671295,11,CDS
59711,19671361,19671850,489,CDS
59712,19671906,19672241,335,CDS
59713,19672294,19672597,303,CDS
59714,19672661,19672809,148,CDS
59715,19670755,19671149,394,CDS
59716,19671361,19671850,489,CDS
59717,19671906,19672241,335,CDS
59718,19672294,19672597,303,CDS
59719,19672661,19672809,148,CDS
59720,19671163,19671295,132,mRNA
59721,19671361,19671850,489,mRNA
59722,19671906,19672241,335,mRNA
59723,19672294,19672597,303,mRNA
59724,19672661,19673175,514,mRNA
59725,19671267,19671295,28,CDS
59726,19671361,19671850,489,CDS
59727,19671906,19672241,335,CDS
59728,19672294,19672597,303,CDS
59729,19672661,19672809,148,CDS
59730,19680768,19681391,623,gene
59731,19680768,19681391,623,mRNA
59732,19681019,19681276,257,CDS
59733,19682446,19682977,531,gene
59734,19682446,19682977,531,mRNA
59735,19682720,19682899,179,CDS
59736,19683495,19684195,700,gene
59737,19683882,19684195,313,ncRNA
59738,19683495,19683816,321,ncRNA
59739,19685614,19688078,2464,gene
59740,19687609,19688078,469,mRNA
59741,19687372,19687538,166,mRNA
59742,19686889,19687281,392,mRNA
59743,19686646,19686822,176,mRNA
59744,19686275,19686558,283,mRNA
59745,19686068,19686213,145,mRNA
59746,19685614,19685987,373,mRNA
59747,19687609,19687882,273,CDS
59748,19687372,19687538,166,CDS
59749,19686889,19687281,392,CDS
59750,19686646,19686822,176,CDS
59751,19686275,19686558,283,CDS
59752,19686068,19686213,145,CDS
59753,19685686,19685987,301,CDS
59754,19690798,19691078,280,gene
59755,19690798,19691078,280,mRNA
59756,19690845,19691006,161,CDS
59757,19692214,19697195,4981,gene
59758,19692214,19697195,4981,ncRNA
59759,19697723,19698508,785,gene
59760,19697723,19697829,106,mRNA
59761,19698069,19698508,439,mRNA
59762,19697770,19697829,59,CDS
59763,19698069,19698428,359,CDS
59764,19698714,19699346,632,gene
59765,19699258,19699346,88,mRNA
59766,19698714,19699195,481,mRNA
59767,19699258,19699317,59,CDS
59768,19698842,19699195,353,CDS
59769,19699995,19701124,1129,gene
59770,19701000,19701124,124,mRNA
59771,19699995,19700811,816,mRNA
59772,19700970,19701124,154,mRNA
59773,19699995,19700811,816,mRNA
59774,19701000,19701068,68,CDS
59775,19700173,19700811,638,CDS
59776,19700970,19701068,98,CDS
59777,19700173,19700811,638,CDS
59778,19702924,19703915,991,gene
59779,19703703,19703915,212,mRNA
59780,19702924,19703632,708,mRNA
59781,19703703,19703799,96,mRNA
59782,19703139,19703632,493,mRNA
59783,19703703,19703750,47,CDS
59784,19703285,19703632,347,CDS
59785,19703703,19703750,47,CDS
59786,19703285,19703632,347,CDS
59787,19712095,19712849,754,gene
59788,19712095,19712849,754,ncRNA
59789,19712345,19712932,587,gene
59790,19712345,19712453,108,mRNA
59791,19712510,19712932,422,mRNA
59792,19712345,19712450,105,mRNA
59793,19712510,19712932,422,mRNA
59794,19712397,19712453,56,CDS
59795,19712510,19712851,341,CDS
59796,19712397,19712450,53,CDS
59797,19712510,19712851,341,CDS
59798,19713395,19713976,581,gene
59799,19713395,19713478,83,mRNA
59800,19713533,19713976,443,mRNA
59801,19713419,19713478,59,CDS
59802,19713533,19713850,317,CDS
59803,19714076,19714868,792,gene
59804,19714076,19714346,270,mRNA
59805,19714408,19714868,460,mRNA
59806,19714174,19714346,172,CDS
59807,19714408,19714672,264,CDS
59808,19715565,19715638,73,gene
59809,19715565,19715638,73,tRNA
59810,19715910,19723321,7411,mobile_element
59811,19725620,19725691,71,gene
59812,19725620,19725691,71,tRNA
59813,19725905,19725976,71,gene
59814,19725905,19725976,71,tRNA
59815,19726142,19726213,71,gene
59816,19726142,19726213,71,tRNA
59817,19727098,19727152,54,gene
59818,19727098,19727152,54,ncRNA
59819,19727460,19727531,71,gene
59820,19727460,19727531,71,tRNA
59821,19727981,19728052,71,gene
59822,19727981,19728052,71,tRNA
59823,19728188,19728259,71,gene
59824,19728188,19728259,71,tRNA
59825,19728395,19728613,218,mobile_element
59826,19728887,19728958,71,gene
59827,19728887,19728958,71,tRNA
59828,19729282,19729353,71,gene
59829,19729282,19729353,71,tRNA
59830,19729562,19729696,134,gene
59831,19729562,19729696,134,rRNA
59832,19729921,19730055,134,gene
59833,19729921,19730055,134,rRNA
59834,19730304,19730438,134,gene
59835,19730304,19730438,134,rRNA
59836,19730670,19730804,134,gene
59837,19730670,19730804,134,rRNA
59838,19731043,19731177,134,gene
59839,19731043,19731177,134,rRNA
59840,19731409,19731543,134,gene
59841,19731409,19731543,134,rRNA
59842,19731768,19731902,134,gene
59843,19731768,19731902,134,rRNA
59844,19732170,19732304,134,gene
59845,19732170,19732304,134,rRNA
59846,19732550,19732684,134,gene
59847,19732550,19732684,134,rRNA
59848,19732926,19733060,134,gene
59849,19732926,19733060,134,rRNA
59850,19733288,19733422,134,gene
59851,19733288,19733422,134,rRNA
59852,19733671,19733805,134,gene
59853,19733671,19733805,134,rRNA
59854,19734037,19734171,134,gene
59855,19734037,19734171,134,rRNA
59856,19734396,19734530,134,gene
59857,19734396,19734530,134,rRNA
59858,19734772,19734906,134,gene
59859,19734772,19734906,134,rRNA
59860,19735141,19735275,134,gene
59861,19735141,19735275,134,rRNA
59862,19735510,19735644,134,gene
59863,19735510,19735644,134,rRNA
59864,19735879,19736013,134,gene
59865,19735879,19736013,134,rRNA
59866,19736248,19736382,134,gene
59867,19736248,19736382,134,rRNA
59868,19736617,19736751,134,gene
59869,19736617,19736751,134,rRNA
59870,19736986,19737120,134,gene
59871,19736986,19737120,134,rRNA
59872,19737355,19737489,134,gene
59873,19737355,19737489,134,rRNA
59874,19737724,19737858,134,gene
59875,19737724,19737858,134,rRNA
59876,19738086,19738220,134,gene
59877,19738086,19738220,134,rRNA
59878,19738452,19738586,134,gene
59879,19738452,19738586,134,rRNA
59880,19738818,19738952,134,gene
59881,19738818,19738952,134,rRNA
59882,19739194,19739328,134,gene
59883,19739194,19739328,134,rRNA
59884,19739570,19739704,134,gene
59885,19739570,19739704,134,rRNA
59886,19739936,19740070,134,gene
59887,19739936,19740070,134,rRNA
59888,19740305,19740439,134,gene
59889,19740305,19740439,134,rRNA
59890,19740664,19740798,134,gene
59891,19740664,19740798,134,rRNA
59892,19741040,19741174,134,gene
59893,19741040,19741174,134,rRNA
59894,19741406,19741540,134,gene
59895,19741406,19741540,134,rRNA
59896,19741768,19741902,134,gene
59897,19741768,19741902,134,rRNA
59898,19742137,19742271,134,gene
59899,19742137,19742271,134,rRNA
59900,19742503,19742637,134,gene
59901,19742503,19742637,134,rRNA
59902,19742876,19743018,142,gene
59903,19742876,19743018,142,rRNA
59904,19743253,19743387,134,gene
59905,19743253,19743387,134,rRNA
59906,19743629,19743763,134,gene
59907,19743629,19743763,134,rRNA
59908,19743995,19744129,134,gene
59909,19743995,19744129,134,rRNA
59910,19744361,19744495,134,gene
59911,19744361,19744495,134,rRNA
59912,19744720,19744854,134,gene
59913,19744720,19744854,134,rRNA
59914,19745096,19745230,134,gene
59915,19745096,19745230,134,rRNA
59916,19745462,19745596,134,gene
59917,19745462,19745596,134,rRNA
59918,19745828,19745962,134,gene
59919,19745828,19745962,134,rRNA
59920,19746201,19746335,134,gene
59921,19746201,19746335,134,rRNA
59922,19746574,19746708,134,gene
59923,19746574,19746708,134,rRNA
59924,19746943,19747076,133,gene
59925,19746943,19747076,133,rRNA
59926,19747318,19747452,134,gene
59927,19747318,19747452,134,rRNA
59928,19747677,19747811,134,gene
59929,19747677,19747811,134,rRNA
59930,19748043,19748177,134,gene
59931,19748043,19748177,134,rRNA
59932,19748405,19748539,134,gene
59933,19748405,19748539,134,rRNA
59934,19748774,19748908,134,gene
59935,19748774,19748908,134,rRNA
59936,19749143,19749277,134,gene
59937,19749143,19749277,134,rRNA
59938,19749512,19749646,134,gene
59939,19749512,19749646,134,rRNA
59940,19749878,19750012,134,gene
59941,19749878,19750012,134,rRNA
59942,19750251,19750385,134,gene
59943,19750251,19750385,134,rRNA
59944,19750620,19750754,134,gene
59945,19750620,19750754,134,rRNA
59946,19750989,19751123,134,gene
59947,19750989,19751123,134,rRNA
59948,19751358,19751492,134,gene
59949,19751358,19751492,134,rRNA
59950,19751727,19751861,134,gene
59951,19751727,19751861,134,rRNA
59952,19752096,19752229,133,gene
59953,19752096,19752229,133,rRNA
59954,19752457,19752591,134,gene
59955,19752457,19752591,134,rRNA
59956,19752816,19752950,134,gene
59957,19752816,19752950,134,rRNA
59958,19753189,19753323,134,gene
59959,19753189,19753323,134,rRNA
59960,19753558,19753692,134,gene
59961,19753558,19753692,134,rRNA
59962,19753927,19754061,134,gene
59963,19753927,19754061,134,rRNA
59964,19754296,19754430,134,gene
59965,19754296,19754430,134,rRNA
59966,19754665,19754799,134,gene
59967,19754665,19754799,134,rRNA
59968,19755034,19755168,134,gene
59969,19755034,19755168,134,rRNA
59970,19755403,19755537,134,gene
59971,19755403,19755537,134,rRNA
59972,19755772,19755906,134,gene
59973,19755772,19755906,134,rRNA
59974,19756141,19756275,134,gene
59975,19756141,19756275,134,rRNA
59976,19756510,19756644,134,gene
59977,19756510,19756644,134,rRNA
59978,19756879,19757013,134,gene
59979,19756879,19757013,134,rRNA
59980,19757255,19757389,134,gene
59981,19757255,19757389,134,rRNA
59982,19757624,19757758,134,gene
59983,19757624,19757758,134,rRNA
59984,19757993,19758127,134,gene
59985,19757993,19758127,134,rRNA
59986,19758362,19758496,134,gene
59987,19758362,19758496,134,rRNA
59988,19758735,19758869,134,gene
59989,19758735,19758869,134,rRNA
59990,19759101,19759235,134,gene
59991,19759101,19759235,134,rRNA
59992,19759474,19759610,136,gene
59993,19759474,19759610,136,rRNA
59994,19759842,19759976,134,gene
59995,19759842,19759976,134,rRNA
59996,19760215,19760349,134,gene
59997,19760215,19760349,134,rRNA
59998,19760591,19760725,134,gene
59999,19760591,19760725,134,rRNA
60000,19760967,19761101,134,gene
60001,19760967,19761101,134,rRNA
60002,19761343,19761477,134,gene
60003,19761343,19761477,134,rRNA
60004,19761702,19761836,134,gene
60005,19761702,19761836,134,rRNA
60006,19762068,19762202,134,gene
60007,19762068,19762202,134,rRNA
60008,19762427,19762570,143,gene
60009,19762427,19762570,143,rRNA
60010,19762802,19762936,134,gene
60011,19762802,19762936,134,rRNA
60012,19763175,19763309,134,gene
60013,19763175,19763309,134,rRNA
60014,19763544,19763678,134,gene
60015,19763544,19763678,134,rRNA
60016,19763913,19764047,134,gene
60017,19763913,19764047,134,rRNA
60018,19764289,19764423,134,gene
60019,19764289,19764423,134,rRNA
60020,19764648,19764782,134,gene
60021,19764648,19764782,134,rRNA
60022,19765021,19765163,142,gene
60023,19765021,19765163,142,rRNA
60024,19765409,19765543,134,gene
60025,19765409,19765543,134,rRNA
60026,19765775,19765909,134,gene
60027,19765775,19765909,134,rRNA
60028,19766144,19766278,134,gene
60029,19766144,19766278,134,rRNA
60030,19769461,19771233,1772,gene
60031,19770933,19771233,300,mRNA
60032,19770386,19770816,430,mRNA
60033,19770106,19770321,215,mRNA
60034,19769944,19770045,101,mRNA
60035,19769579,19769731,152,mRNA
60036,19769461,19769517,56,mRNA
60037,19770933,19771233,300,CDS
60038,19770386,19770816,430,CDS
60039,19770106,19770321,215,CDS
60040,19769944,19770045,101,CDS
60041,19769579,19769731,152,CDS
60042,19769461,19769517,56,CDS
60043,19776652,19779895,3243,mobile_element
60044,19783484,19784043,559,gene
60045,19783964,19784043,79,mRNA
60046,19783484,19783895,411,mRNA
60047,19783964,19784043,79,mRNA
60048,19783484,19783898,414,mRNA
60049,19783964,19784020,56,CDS
60050,19783557,19783895,338,CDS
60051,19783964,19784020,56,CDS
60052,19783557,19783898,341,CDS
60053,19784294,19789736,5442,gene
60054,19784294,19789736,5442,ncRNA
60055,19802591,19802663,72,gene
60056,19802591,19802663,72,tRNA
60057,19815554,19816204,650,gene
60058,19815554,19815630,76,mRNA
60059,19815689,19816204,515,mRNA
60060,19815554,19815630,76,mRNA
60061,19815689,19816106,417,mRNA
60062,19815577,19815630,53,CDS
60063,19815689,19816039,350,CDS
60064,19815577,19815630,53,CDS
60065,19815689,19816039,350,CDS
60066,19826578,19832973,6395,gene
60067,19826578,19832973,6395,mRNA
60068,19826905,19831245,4340,CDS
60069,19842495,19843668,1173,gene
60070,19842495,19843668,1173,mRNA
60071,19842947,19843195,248,CDS
60072,19859695,19860095,400,gene
60073,19859695,19860095,400,ncRNA
60074,19860195,19860695,500,gene
60075,19860195,19860374,179,ncRNA
60076,19860555,19860695,140,ncRNA
60077,19864717,19868714,3997,gene
60078,19864717,19865173,456,mRNA
60079,19868234,19868714,480,mRNA
60080,19865147,19865173,26,CDS
60081,19868234,19868596,362,CDS
60082,19868088,19868175,87,mRNA
60083,19868234,19868714,480,mRNA
60084,19868116,19868175,59,CDS
60085,19868234,19868596,362,CDS
60086,19868745,19869495,750,gene
60087,19868745,19868863,118,ncRNA
60088,19868925,19869495,570,ncRNA
60089,19878836,19880920,2084,gene
60090,19880479,19880920,441,mRNA
60091,19878836,19880403,1567,mRNA
60092,19880479,19880853,374,CDS
60093,19878937,19880403,1466,CDS
60094,19897495,19898695,1200,gene
60095,19897495,19898695,1200,ncRNA
60096,19909795,19911495,1700,gene
60097,19909795,19911495,1700,ncRNA
60098,19914900,19922254,7354,mobile_element
60099,19925495,19925845,350,gene
60100,19925495,19925845,350,ncRNA
60101,19934495,19934995,500,gene
60102,19934495,19934995,500,ncRNA
60103,19939882,19940544,662,gene
60104,19939882,19940544,662,ncRNA
60105,19944263,19945877,1614,gene
60106,19944263,19945877,1614,gene
60107,19945581,19945877,296,mRNA
60108,19945439,19945533,94,mRNA
60109,19945230,19945386,156,mRNA
60110,19944840,19945169,329,mRNA
60111,19944692,19944786,94,mRNA
60112,19944481,19944631,150,mRNA
60113,19944263,19944418,155,mRNA
60114,19945581,19945877,296,mRNA
60115,19945439,19945533,94,mRNA
60116,19945230,19945386,156,mRNA
60117,19944840,19945169,329,mRNA
60118,19944692,19944786,94,mRNA
60119,19944481,19944631,150,mRNA
60120,19944263,19944418,155,mRNA
60121,19944840,19945001,161,mRNA
60122,19944692,19944759,67,mRNA
60123,19944481,19944631,150,mRNA
60124,19944263,19944418,155,mRNA
60125,19944840,19944939,99,CDS
60126,19944692,19944759,67,CDS
60127,19944481,19944631,150,CDS
60128,19944348,19944418,70,CDS
60129,19944840,19944939,99,CDS
60130,19944692,19944786,94,CDS
60131,19944481,19944631,150,CDS
60132,19944348,19944418,70,CDS
60133,19945581,19945877,296,mRNA
60134,19945439,19945533,94,mRNA
60135,19945230,19945386,156,mRNA
60136,19944958,19945169,211,mRNA
60137,19945581,19945680,99,CDS
60138,19945439,19945533,94,CDS
60139,19945230,19945386,156,CDS
60140,19945108,19945169,61,CDS
60141,19945581,19945680,99,CDS
60142,19945439,19945533,94,CDS
60143,19945230,19945386,156,CDS
60144,19945108,19945169,61,CDS
60145,19945731,19946814,1083,gene
60146,19946572,19946814,242,mRNA
60147,19946430,19946524,94,mRNA
60148,19946222,19946378,156,mRNA
60149,19945731,19946163,432,mRNA
60150,19946572,19946814,242,mRNA
60151,19946430,19946524,94,mRNA
60152,19946222,19946287,65,mRNA
60153,19946061,19946163,102,mRNA
60154,19946572,19946671,99,CDS
60155,19946430,19946524,94,CDS
60156,19946222,19946378,156,CDS
60157,19946093,19946163,70,CDS
60158,19946572,19946671,99,CDS
60159,19946430,19946524,94,CDS
60160,19946234,19946287,53,CDS
60161,19946927,19947131,204,mobile_element
60162,19947196,19948080,884,gene
60163,19947196,19947250,54,mRNA
60164,19947328,19948080,752,mRNA
60165,19947196,19947250,54,mRNA
60166,19947331,19948080,749,mRNA
60167,19947223,19947250,27,mRNA
60168,19947324,19948080,756,mRNA
60169,19947333,19947857,524,CDS
60170,19947333,19947857,524,CDS
60171,19947333,19947857,524,CDS
60172,19951345,19951950,605,gene
60173,19951345,19951475,130,mRNA
60174,19951528,19951950,422,mRNA
60175,19951455,19951475,20,CDS
60176,19951528,19951851,323,CDS
60177,19953795,19954645,850,gene
60178,19953795,19953972,177,mRNA
60179,19954030,19954121,91,mRNA
60180,19954174,19954645,471,mRNA
60181,19953891,19953972,81,CDS
60182,19954030,19954121,91,CDS
60183,19954174,19954416,242,CDS
60184,19956195,19957004,809,gene
60185,19956195,19956381,186,mRNA
60186,19956446,19956537,91,mRNA
60187,19956593,19956746,153,mRNA
60188,19956809,19957004,195,mRNA
60189,19956276,19956381,105,CDS
60190,19956446,19956537,91,CDS
60191,19956593,19956746,153,CDS
60192,19956809,19956918,109,CDS
60193,19957486,19962629,5143,mobile_element
60194,19979242,19984895,5653,gene
60195,19979242,19979309,67,mRNA
60196,19982298,19982703,405,mRNA
60197,19982906,19983049,143,mRNA
60198,19983112,19984895,1783,mRNA
60199,19979242,19979309,67,mRNA
60200,19980540,19980821,281,mRNA
60201,19980877,19981275,398,mRNA
60202,19982298,19982703,405,mRNA
60203,19982906,19983049,143,mRNA
60204,19983112,19984750,1638,mRNA
60205,19981070,19981275,205,mRNA
60206,19982298,19982703,405,mRNA
60207,19982906,19983049,143,mRNA
60208,19983112,19984750,1638,mRNA
60209,19982110,19982204,94,mRNA
60210,19982298,19982703,405,mRNA
60211,19982906,19983049,143,mRNA
60212,19983112,19984750,1638,mRNA
60213,19982309,19982703,394,CDS
60214,19982906,19983049,143,CDS
60215,19983112,19984081,969,CDS
60216,19982309,19982703,394,CDS
60217,19982906,19983049,143,CDS
60218,19983112,19984081,969,CDS
60219,19982309,19982703,394,CDS
60220,19982906,19983049,143,CDS
60221,19983112,19984081,969,CDS
60222,19982309,19982703,394,CDS
60223,19982906,19983049,143,CDS
60224,19983112,19984081,969,CDS
60225,20000296,20000368,72,gene
60226,20000296,20000368,72,tRNA
60227,20000819,20000891,72,gene
60228,20000819,20000891,72,tRNA
60229,20003620,20005003,1383,gene
60230,20003947,20005003,1056,mRNA
60231,20003620,20003887,267,mRNA
60232,20003947,20004973,1026,CDS
60233,20003691,20003887,196,CDS
60234,20007095,20007645,550,gene
60235,20007095,20007645,550,ncRNA
60236,20014495,20014695,200,gene
60237,20014495,20014695,200,ncRNA
60238,20016495,20017095,600,gene
60239,20016495,20017095,600,ncRNA
60240,20058095,20058795,700,gene
60241,20058095,20058795,700,ncRNA
60242,20069299,20071871,2572,mobile_element
60243,20084960,20086695,1735,gene
60244,20084960,20085657,697,ncRNA
60245,20085845,20086695,850,ncRNA
60246,20088069,20088101,32,mobile_element
60247,20090795,20091295,500,gene
60248,20090795,20091295,500,ncRNA
60249,20111511,20116932,5421,gene
60250,20111511,20116932,5421,mRNA
60251,20111885,20116042,4157,CDS
60252,20136959,20137162,203,gene
60253,20136959,20137162,203,ncRNA
60254,20137398,20137616,218,gene
60255,20137398,20137616,218,ncRNA
60256,20137894,20138245,351,gene
60257,20137894,20138245,351,ncRNA
60258,20146118,20146824,706,gene
60259,20146118,20146159,41,mRNA
60260,20146214,20146445,231,mRNA
60261,20146501,20146711,210,mRNA
60262,20146773,20146824,51,mRNA
60263,20146147,20146159,12,CDS
60264,20146214,20146445,231,CDS
60265,20146501,20146711,210,CDS
60266,20146773,20146784,11,CDS
60267,20150683,20150945,262,gene
60268,20150683,20150945,262,ncRNA
60269,20211585,20212619,1034,gene
60270,20211585,20212619,1034,mRNA
60271,20211686,20212486,800,CDS
60272,20221395,20222157,762,gene
60273,20221761,20222157,396,ncRNA
60274,20221395,20221703,308,ncRNA
60275,20229481,20229551,70,gene
60276,20229481,20229551,70,tRNA
60277,20231829,20234927,3098,gene
60278,20231829,20232332,503,mRNA
60279,20232397,20232536,139,mRNA
60280,20233232,20233480,248,mRNA
60281,20233537,20233881,344,mRNA
60282,20233940,20234374,434,mRNA
60283,20234560,20234927,367,mRNA
60284,20232245,20232332,87,CDS
60285,20232397,20232536,139,CDS
60286,20233232,20233480,248,CDS
60287,20233537,20233881,344,CDS
60288,20233940,20234374,434,CDS
60289,20234560,20234838,278,CDS
60290,20232797,20232867,70,gene
60291,20232797,20232867,70,tRNA
60292,20234995,20235345,350,gene
60293,20234995,20235345,350,mRNA
60294,20235086,20235274,188,CDS
60295,20235545,20235945,400,gene
60296,20235545,20235945,400,mRNA
60297,20235614,20235856,242,CDS
60298,20236235,20239200,2965,gene
60299,20236235,20236968,733,mRNA
60300,20237027,20237209,182,mRNA
60301,20237289,20237436,147,mRNA
60302,20237693,20238004,311,mRNA
60303,20238259,20239200,941,mRNA
60304,20236381,20236968,587,mRNA
60305,20237027,20237209,182,mRNA
60306,20237289,20237436,147,mRNA
60307,20237693,20238004,311,mRNA
60308,20238259,20239200,941,mRNA
60309,20236638,20236968,330,CDS
60310,20237027,20237209,182,CDS
60311,20237289,20237436,147,CDS
60312,20237693,20238004,311,CDS
60313,20238259,20238421,162,CDS
60314,20236638,20236968,330,CDS
60315,20237027,20237209,182,CDS
60316,20237289,20237436,147,CDS
60317,20237693,20238004,311,CDS
60318,20238259,20238421,162,CDS
60319,20238495,20239429,934,gene
60320,20239389,20239429,40,mRNA
60321,20239197,20239323,126,mRNA
60322,20238778,20239133,355,mRNA
60323,20238495,20238723,228,mRNA
60324,20239389,20239399,10,CDS
60325,20239197,20239323,126,CDS
60326,20238778,20239133,355,CDS
60327,20238570,20238723,153,CDS
60328,20239936,20242873,2937,gene
60329,20239936,20240157,221,mRNA
60330,20240212,20240765,553,mRNA
60331,20240887,20241406,519,mRNA
60332,20241474,20241995,521,mRNA
60333,20242120,20242873,753,mRNA
60334,20240107,20240157,50,CDS
60335,20240212,20240765,553,CDS
60336,20240887,20241406,519,CDS
60337,20241474,20241995,521,CDS
60338,20242120,20242770,650,CDS
60339,20242752,20245388,2636,gene
60340,20245199,20245388,189,mRNA
60341,20244485,20244680,195,mRNA
60342,20243173,20244412,1239,mRNA
60343,20242752,20243109,357,mRNA
60344,20245199,20245249,50,CDS
60345,20244485,20244680,195,CDS
60346,20243173,20244412,1239,CDS
60347,20242890,20243109,219,CDS
60348,20245760,20247624,1864,gene
60349,20247116,20247624,508,mRNA
60350,20246322,20247058,736,mRNA
60351,20246128,20246245,117,mRNA
60352,20245964,20246073,109,mRNA
60353,20245760,20245910,150,mRNA
60354,20247116,20247507,391,CDS
60355,20246322,20247058,736,CDS
60356,20246128,20246245,117,CDS
60357,20245964,20246073,109,CDS
60358,20245771,20245910,139,CDS
60359,20248130,20254670,6540,gene
60360,20254556,20254670,114,mRNA
60361,20250208,20250272,64,mRNA
60362,20249747,20249901,154,mRNA
60363,20249114,20249656,542,mRNA
60364,20248774,20249053,279,mRNA
60365,20248468,20248709,241,mRNA
60366,20248130,20248402,272,mRNA
60367,20253886,20253965,79,mRNA
60368,20250208,20250272,64,mRNA
60369,20249747,20249901,154,mRNA
60370,20249114,20249656,542,mRNA
60371,20248774,20249053,279,mRNA
60372,20248468,20248709,241,mRNA
60373,20248130,20248402,272,mRNA
60374,20250208,20250226,18,CDS
60375,20249747,20249901,154,CDS
60376,20249114,20249656,542,CDS
60377,20248774,20249053,279,CDS
60378,20248468,20248709,241,CDS
60379,20248244,20248402,158,CDS
60380,20250208,20250226,18,CDS
60381,20249747,20249901,154,CDS
60382,20249114,20249656,542,CDS
60383,20248774,20249053,279,CDS
60384,20248468,20248709,241,CDS
60385,20248244,20248402,158,CDS
60386,20254966,20257390,2424,gene
60387,20257198,20257390,192,mRNA
60388,20256690,20257124,434,mRNA
60389,20256436,20256608,172,mRNA
60390,20255886,20256035,149,mRNA
60391,20255628,20255809,181,mRNA
60392,20255408,20255571,163,mRNA
60393,20255197,20255348,151,mRNA
60394,20254966,20255138,172,mRNA
60395,20257198,20257390,192,mRNA
60396,20256690,20257124,434,mRNA
60397,20256436,20256608,172,mRNA
60398,20256083,20256235,152,mRNA
60399,20255628,20255809,181,mRNA
60400,20255408,20255571,163,mRNA
60401,20255197,20255348,151,mRNA
60402,20254966,20255138,172,mRNA
60403,20257198,20257390,192,mRNA
60404,20256690,20257124,434,mRNA
60405,20256436,20256629,193,mRNA
60406,20255886,20256035,149,mRNA
60407,20255628,20255809,181,mRNA
60408,20255408,20255571,163,mRNA
60409,20255197,20255348,151,mRNA
60410,20254966,20255138,172,mRNA
60411,20257198,20257390,192,mRNA
60412,20256690,20257124,434,mRNA
60413,20256436,20256629,193,mRNA
60414,20256083,20256235,152,mRNA
60415,20255628,20255809,181,mRNA
60416,20255408,20255571,163,mRNA
60417,20255197,20255348,151,mRNA
60418,20254966,20255138,172,mRNA
60419,20257198,20257282,84,CDS
60420,20256690,20257124,434,CDS
60421,20256436,20256608,172,CDS
60422,20255886,20256035,149,CDS
60423,20255628,20255809,181,CDS
60424,20255408,20255571,163,CDS
60425,20255197,20255348,151,CDS
60426,20255046,20255138,92,CDS
60427,20257198,20257282,84,CDS
60428,20256690,20257124,434,CDS
60429,20256436,20256608,172,CDS
60430,20256083,20256235,152,CDS
60431,20255628,20255809,181,CDS
60432,20255408,20255571,163,CDS
60433,20255197,20255348,151,CDS
60434,20255046,20255138,92,CDS
60435,20257198,20257282,84,CDS
60436,20256690,20257124,434,CDS
60437,20256436,20256629,193,CDS
60438,20255886,20256035,149,CDS
60439,20255628,20255809,181,CDS
60440,20255408,20255571,163,CDS
60441,20255197,20255348,151,CDS
60442,20255046,20255138,92,CDS
60443,20257198,20257282,84,CDS
60444,20256690,20257124,434,CDS
60445,20256436,20256629,193,CDS
60446,20256083,20256235,152,CDS
60447,20255628,20255809,181,CDS
60448,20255408,20255571,163,CDS
60449,20255197,20255348,151,CDS
60450,20255046,20255138,92,CDS
60451,20257650,20261726,4076,gene
60452,20257650,20257752,102,mRNA
60453,20258187,20260559,2372,mRNA
60454,20260621,20260746,125,mRNA
60455,20260807,20261726,919,mRNA
60456,20257821,20257955,134,mRNA
60457,20258187,20260559,2372,mRNA
60458,20260621,20260746,125,mRNA
60459,20260807,20261726,919,mRNA
60460,20257993,20260559,2566,mRNA
60461,20260621,20260746,125,mRNA
60462,20260807,20261726,919,mRNA
60463,20258193,20260559,2366,CDS
60464,20260621,20260746,125,CDS
60465,20260807,20260959,152,CDS
60466,20258193,20260559,2366,CDS
60467,20260621,20260746,125,CDS
60468,20260807,20260959,152,CDS
60469,20258193,20260559,2366,CDS
60470,20260621,20260746,125,CDS
60471,20260807,20260959,152,CDS
60472,20261754,20262883,1129,gene
60473,20262614,20262883,269,mRNA
60474,20261754,20262553,799,mRNA
60475,20262614,20262810,196,mRNA
60476,20261754,20262553,799,mRNA
60477,20262614,20262721,107,CDS
60478,20261879,20262553,674,CDS
60479,20262614,20262721,107,CDS
60480,20261879,20262553,674,CDS
60481,20262958,20263684,726,gene
60482,20263646,20263684,38,mRNA
60483,20263184,20263588,404,mRNA
60484,20262958,20263129,171,mRNA
60485,20263646,20263661,15,CDS
60486,20263184,20263588,404,CDS
60487,20263026,20263129,103,CDS
60488,20263979,20264848,869,gene
60489,20263979,20264007,28,mRNA
60490,20264076,20264110,34,mRNA
60491,20264247,20264432,185,mRNA
60492,20264493,20264848,355,mRNA
60493,20264070,20264110,40,mRNA
60494,20264247,20264432,185,mRNA
60495,20264493,20264848,355,mRNA
60496,20264108,20264110,2,CDS
60497,20264247,20264432,185,CDS
60498,20264493,20264762,269,CDS
60499,20264108,20264110,2,CDS
60500,20264247,20264432,185,CDS
60501,20264493,20264762,269,CDS
60502,20264855,20265145,290,gene
60503,20264855,20265145,290,ncRNA
60504,20264920,20270994,6074,gene
60505,20264920,20265158,238,mRNA
60506,20265223,20265724,501,mRNA
60507,20265777,20266919,1142,mRNA
60508,20266969,20267521,552,mRNA
60509,20267580,20268536,956,mRNA
60510,20268594,20268822,228,mRNA
60511,20268883,20269068,185,mRNA
60512,20269120,20270022,902,mRNA
60513,20270605,20270994,389,mRNA
60514,20264932,20265158,226,CDS
60515,20265223,20265724,501,CDS
60516,20265777,20266919,1142,CDS
60517,20266969,20267521,552,CDS
60518,20267580,20268536,956,CDS
60519,20268594,20268822,228,CDS
60520,20268883,20269068,185,CDS
60521,20269120,20270022,902,CDS
60522,20270605,20270785,180,CDS
60523,20271653,20274499,2846,gene
60524,20273257,20274499,1242,mRNA
60525,20271653,20273199,1546,mRNA
60526,20273257,20274238,981,CDS
60527,20272418,20273199,781,CDS
60528,20274597,20276142,1545,gene
60529,20274597,20274728,131,mRNA
60530,20274788,20275927,1139,mRNA
60531,20275986,20276142,156,mRNA
60532,20274691,20274728,37,CDS
60533,20274788,20275927,1139,CDS
60534,20275986,20276085,99,CDS
60535,20275973,20278915,2942,gene
60536,20277397,20278915,1518,mRNA
60537,20277219,20277338,119,mRNA
60538,20276709,20277161,452,mRNA
60539,20276467,20276650,183,mRNA
60540,20275973,20276404,431,mRNA
60541,20277397,20278822,1425,CDS
60542,20277219,20277338,119,CDS
60543,20276709,20277161,452,CDS
60544,20276467,20276650,183,CDS
60545,20276146,20276404,258,CDS
60546,20279066,20281127,2061,gene
60547,20280988,20281127,139,mRNA
60548,20280235,20280445,210,mRNA
60549,20279401,20280165,764,mRNA
60550,20279066,20279334,268,mRNA
60551,20280844,20280937,93,mRNA
60552,20280235,20280445,210,mRNA
60553,20279401,20280165,764,mRNA
60554,20279066,20279334,268,mRNA
60555,20280590,20280609,19,mRNA
60556,20280235,20280445,210,mRNA
60557,20279401,20280165,764,mRNA
60558,20279066,20279334,268,mRNA
60559,20280235,20280427,192,CDS
60560,20279401,20280165,764,CDS
60561,20279168,20279334,166,CDS
60562,20280235,20280427,192,CDS
60563,20279401,20280165,764,CDS
60564,20279168,20279334,166,CDS
60565,20280235,20280427,192,CDS
60566,20279401,20280165,764,CDS
60567,20279168,20279334,166,CDS
60568,20281629,20287094,5465,gene
60569,20286854,20287094,240,mRNA
60570,20286468,20286796,328,mRNA
60571,20285646,20286405,759,mRNA
60572,20284916,20285590,674,mRNA
60573,20284278,20284859,581,mRNA
60574,20281629,20284215,2586,mRNA
60575,20286468,20286734,266,CDS
60576,20285646,20286405,759,CDS
60577,20284916,20285590,674,CDS
60578,20284278,20284859,581,CDS
60579,20282150,20284215,2065,CDS
60580,20287596,20288346,750,gene
60581,20287596,20287638,42,mRNA
60582,20287696,20288346,650,mRNA
60583,20287627,20287638,11,CDS
60584,20287696,20288262,566,CDS
60585,20288371,20291945,3574,gene
60586,20291828,20291945,117,mRNA
60587,20288371,20289511,1140,mRNA
60588,20291828,20291833,5,CDS
60589,20288864,20289511,647,CDS
60590,20289545,20290550,1005,gene
60591,20289545,20290229,684,mRNA
60592,20290324,20290550,226,mRNA
60593,20289679,20290229,550,CDS
60594,20290324,20290432,108,CDS
60595,20292545,20292995,450,gene
60596,20292545,20292995,450,ncRNA
60597,20293895,20294695,800,gene
60598,20293895,20294695,800,ncRNA
60599,20302195,20302995,800,gene
60600,20302195,20302995,800,ncRNA
60601,20303195,20303595,400,gene
60602,20303195,20303595,400,ncRNA
60603,20304517,20308671,4154,gene
60604,20308561,20308671,110,mRNA
60605,20306415,20306636,221,mRNA
60606,20306244,20306351,107,mRNA
60607,20305086,20305467,381,mRNA
60608,20304517,20305028,511,mRNA
60609,20308561,20308671,110,mRNA
60610,20308147,20308499,352,mRNA
60611,20306415,20306636,221,mRNA
60612,20306244,20306351,107,mRNA
60613,20305086,20305467,381,mRNA
60614,20304517,20305028,511,mRNA
60615,20308147,20308369,222,mRNA
60616,20306415,20306636,221,mRNA
60617,20306244,20306351,107,mRNA
60618,20305086,20305467,381,mRNA
60619,20304517,20305028,511,mRNA
60620,20306415,20306595,180,CDS
60621,20306244,20306351,107,CDS
60622,20305086,20305467,381,CDS
60623,20304632,20305028,396,CDS
60624,20306415,20306595,180,CDS
60625,20306244,20306351,107,CDS
60626,20305086,20305467,381,CDS
60627,20304632,20305028,396,CDS
60628,20306415,20306595,180,CDS
60629,20306244,20306351,107,CDS
60630,20305086,20305467,381,CDS
60631,20304632,20305028,396,CDS
60632,20308777,20316917,8140,gene
60633,20313020,20313623,603,mRNA
60634,20311298,20311509,211,mRNA
60635,20310250,20311247,997,mRNA
60636,20309813,20310183,370,mRNA
60637,20308777,20309746,969,mRNA
60638,20316451,20316917,466,mRNA
60639,20313020,20313861,841,mRNA
60640,20311298,20311509,211,mRNA
60641,20310250,20311247,997,mRNA
60642,20309813,20310183,370,mRNA
60643,20309027,20309746,719,mRNA
60644,20311298,20311326,28,CDS
60645,20310250,20311247,997,CDS
60646,20309813,20310183,370,CDS
60647,20309573,20309746,173,CDS
60648,20311298,20311326,28,CDS
60649,20310250,20311247,997,CDS
60650,20309813,20310183,370,CDS
60651,20309573,20309746,173,CDS
60652,20315295,20315995,700,gene
60653,20315295,20315995,700,ncRNA
60654,20317323,20319039,1716,gene
60655,20317323,20319039,1716,mRNA
60656,20317408,20318970,1562,CDS
60657,20319180,20325973,6793,gene
60658,20319180,20319337,157,mRNA
60659,20319795,20320022,227,mRNA
60660,20321678,20324224,2546,mRNA
60661,20324293,20324411,118,mRNA
60662,20324848,20325121,273,mRNA
60663,20325179,20325330,151,mRNA
60664,20325389,20325537,148,mRNA
60665,20325596,20325973,377,mRNA
60666,20319180,20319337,157,mRNA
60667,20319795,20320022,227,mRNA
60668,20321678,20324224,2546,mRNA
60669,20324293,20324411,118,mRNA
60670,20324498,20324717,219,mRNA
60671,20319813,20320022,209,CDS
60672,20321678,20324224,2546,CDS
60673,20324293,20324411,118,CDS
60674,20324848,20325121,273,CDS
60675,20325179,20325330,151,CDS
60676,20325389,20325537,148,CDS
60677,20325596,20325813,217,CDS
60678,20319813,20320022,209,CDS
60679,20321678,20324224,2546,CDS
60680,20324293,20324411,118,CDS
60681,20324498,20324519,21,CDS
60682,20320496,20320688,192,mRNA
60683,20321678,20324224,2546,mRNA
60684,20324293,20324411,118,mRNA
60685,20324498,20324717,219,mRNA
60686,20320994,20321127,133,mRNA
60687,20321678,20324224,2546,mRNA
60688,20324293,20324411,118,mRNA
60689,20324848,20325121,273,mRNA
60690,20325179,20325330,151,mRNA
60691,20325389,20325537,148,mRNA
60692,20325596,20325973,377,mRNA
60693,20321726,20324224,2498,CDS
60694,20324293,20324411,118,CDS
60695,20324848,20325121,273,CDS
60696,20325179,20325330,151,CDS
60697,20325389,20325537,148,CDS
60698,20325596,20325813,217,CDS
60699,20321726,20324224,2498,CDS
60700,20324293,20324411,118,CDS
60701,20324498,20324519,21,CDS
60702,20325844,20326806,962,gene
60703,20325844,20326806,962,mRNA
60704,20325964,20326722,758,CDS
60705,20327270,20330721,3451,gene
60706,20327270,20328134,864,mRNA
60707,20328327,20329021,694,mRNA
60708,20329106,20329197,91,mRNA
60709,20329264,20329630,366,mRNA
60710,20329709,20330164,455,mRNA
60711,20330225,20330721,496,mRNA
60712,20327270,20327393,123,mRNA
60713,20327867,20328134,267,mRNA
60714,20328327,20329021,694,mRNA
60715,20329106,20329197,91,mRNA
60716,20329264,20329630,366,mRNA
60717,20329709,20330164,455,mRNA
60718,20330225,20330721,496,mRNA
60719,20327270,20327393,123,mRNA
60720,20328327,20329021,694,mRNA
60721,20329106,20329197,91,mRNA
60722,20329264,20329630,366,mRNA
60723,20329709,20330164,455,mRNA
60724,20330225,20330721,496,mRNA
60725,20328059,20328134,75,CDS
60726,20328327,20329021,694,CDS
60727,20329106,20329197,91,CDS
60728,20329264,20329630,366,CDS
60729,20329709,20330164,455,CDS
60730,20330225,20330362,137,CDS
60731,20328059,20328134,75,CDS
60732,20328327,20329021,694,CDS
60733,20329106,20329197,91,CDS
60734,20329264,20329630,366,CDS
60735,20329709,20330164,455,CDS
60736,20330225,20330362,137,CDS
60737,20328332,20329021,689,mRNA
60738,20329106,20329197,91,mRNA
60739,20329264,20329630,366,mRNA
60740,20329709,20330164,455,mRNA
60741,20330225,20330721,496,mRNA
60742,20328371,20329021,650,CDS
60743,20329106,20329197,91,CDS
60744,20329264,20329630,366,CDS
60745,20329709,20330164,455,CDS
60746,20330225,20330362,137,CDS
60747,20328371,20329021,650,CDS
60748,20329106,20329197,91,CDS
60749,20329264,20329630,366,CDS
60750,20329709,20330164,455,CDS
60751,20330225,20330362,137,CDS
60752,20341993,20342749,756,gene
60753,20341993,20342449,456,mRNA
60754,20342512,20342749,237,mRNA
60755,20342107,20342449,342,CDS
60756,20342512,20342675,163,CDS
60757,20343845,20346018,2173,gene
60758,20343845,20343997,152,mRNA
60759,20344056,20344112,56,mRNA
60760,20344196,20344537,341,mRNA
60761,20344650,20346018,1368,mRNA
60762,20343845,20343997,152,mRNA
60763,20344056,20344142,86,mRNA
60764,20344196,20344537,341,mRNA
60765,20344650,20345878,1228,mRNA
60766,20343910,20343997,87,CDS
60767,20344056,20344142,86,CDS
60768,20344196,20344537,341,CDS
60769,20344650,20345839,1189,CDS
60770,20343910,20343997,87,CDS
60771,20344056,20344112,56,CDS
60772,20344196,20344537,341,CDS
60773,20344650,20345839,1189,CDS
60774,20347041,20347589,548,gene
60775,20347041,20347589,548,mRNA
60776,20347131,20347394,263,CDS
60777,20354108,20355067,959,gene
60778,20354108,20355067,959,mRNA
60779,20354214,20355053,839,CDS
60780,20361327,20361420,93,mobile_element
60781,20368567,20377671,9104,mobile_element
60782,20424338,20478951,54613,gene
60783,20424338,20424656,318,mRNA
60784,20429404,20429776,372,mRNA
60785,20431843,20431863,20,mRNA
60786,20459488,20459620,132,mRNA
60787,20462004,20462209,205,mRNA
60788,20463860,20463973,113,mRNA
60789,20464619,20464828,209,mRNA
60790,20464926,20465077,151,mRNA
60791,20465647,20465791,144,mRNA
60792,20466809,20466939,130,mRNA
60793,20467618,20467777,159,mRNA
60794,20468208,20468422,214,mRNA
60795,20468799,20468880,81,mRNA
60796,20469466,20469625,159,mRNA
60797,20469984,20470120,136,mRNA
60798,20470414,20470578,164,mRNA
60799,20471541,20471975,434,mRNA
60800,20472074,20472333,259,mRNA
60801,20473761,20474045,284,mRNA
60802,20475910,20476251,341,mRNA
60803,20477884,20478951,1067,mRNA
60804,20424338,20424656,318,mRNA
60805,20429404,20429776,372,mRNA
60806,20459488,20459620,132,mRNA
60807,20462004,20462209,205,mRNA
60808,20463860,20463973,113,mRNA
60809,20464619,20464828,209,mRNA
60810,20464926,20465077,151,mRNA
60811,20465647,20465791,144,mRNA
60812,20466809,20466939,130,mRNA
60813,20467618,20467777,159,mRNA
60814,20468208,20468422,214,mRNA
60815,20468799,20468880,81,mRNA
60816,20469466,20469625,159,mRNA
60817,20469984,20470120,136,mRNA
60818,20470414,20470578,164,mRNA
60819,20471541,20471975,434,mRNA
60820,20472074,20472333,259,mRNA
60821,20473761,20474045,284,mRNA
60822,20475910,20476251,341,mRNA
60823,20477884,20478951,1067,mRNA
60824,20424338,20424656,318,mRNA
60825,20429404,20429776,372,mRNA
60826,20459488,20459620,132,mRNA
60827,20462004,20462209,205,mRNA
60828,20463860,20463973,113,mRNA
60829,20464619,20464828,209,mRNA
60830,20464926,20465077,151,mRNA
60831,20465647,20465791,144,mRNA
60832,20466809,20466939,130,mRNA
60833,20467618,20467777,159,mRNA
60834,20468208,20468422,214,mRNA
60835,20468799,20468880,81,mRNA
60836,20469466,20469625,159,mRNA
60837,20469984,20470120,136,mRNA
60838,20471541,20471984,443,mRNA
60839,20472074,20472333,259,mRNA
60840,20473761,20474045,284,mRNA
60841,20475910,20476251,341,mRNA
60842,20477884,20478951,1067,mRNA
60843,20424338,20424656,318,mRNA
60844,20429404,20429776,372,mRNA
60845,20431843,20431863,20,mRNA
60846,20459488,20459620,132,mRNA
60847,20462004,20462209,205,mRNA
60848,20463860,20463973,113,mRNA
60849,20464619,20464828,209,mRNA
60850,20464926,20465077,151,mRNA
60851,20465647,20465791,144,mRNA
60852,20466809,20466939,130,mRNA
60853,20467618,20467777,159,mRNA
60854,20468208,20468422,214,mRNA
60855,20468799,20468880,81,mRNA
60856,20469466,20469625,159,mRNA
60857,20469984,20470120,136,mRNA
60858,20470414,20470964,550,mRNA
60859,20429635,20429776,141,CDS
60860,20431843,20431863,20,CDS
60861,20459488,20459620,132,CDS
60862,20462004,20462209,205,CDS
60863,20463860,20463973,113,CDS
60864,20464619,20464828,209,CDS
60865,20464926,20465077,151,CDS
60866,20465647,20465791,144,CDS
60867,20466809,20466939,130,CDS
60868,20467618,20467777,159,CDS
60869,20468208,20468422,214,CDS
60870,20468799,20468880,81,CDS
60871,20469466,20469625,159,CDS
60872,20469984,20470120,136,CDS
60873,20470414,20470578,164,CDS
60874,20471541,20471975,434,CDS
60875,20472074,20472333,259,CDS
60876,20473761,20474045,284,CDS
60877,20475910,20476251,341,CDS
60878,20477884,20477994,110,CDS
60879,20429635,20429776,141,CDS
60880,20459488,20459620,132,CDS
60881,20462004,20462209,205,CDS
60882,20463860,20463973,113,CDS
60883,20464619,20464828,209,CDS
60884,20464926,20465077,151,CDS
60885,20465647,20465791,144,CDS
60886,20466809,20466939,130,CDS
60887,20467618,20467777,159,CDS
60888,20468208,20468422,214,CDS
60889,20468799,20468880,81,CDS
60890,20469466,20469625,159,CDS
60891,20469984,20470120,136,CDS
60892,20470414,20470578,164,CDS
60893,20471541,20471975,434,CDS
60894,20472074,20472333,259,CDS
60895,20473761,20474045,284,CDS
60896,20475910,20476251,341,CDS
60897,20477884,20477994,110,CDS
60898,20429635,20429776,141,CDS
60899,20459488,20459620,132,CDS
60900,20462004,20462209,205,CDS
60901,20463860,20463973,113,CDS
60902,20464619,20464828,209,CDS
60903,20464926,20465077,151,CDS
60904,20465647,20465791,144,CDS
60905,20466809,20466939,130,CDS
60906,20467618,20467777,159,CDS
60907,20468208,20468422,214,CDS
60908,20468799,20468880,81,CDS
60909,20469466,20469625,159,CDS
60910,20469984,20470120,136,CDS
60911,20471541,20471984,443,CDS
60912,20472074,20472333,259,CDS
60913,20473761,20474045,284,CDS
60914,20475910,20476251,341,CDS
60915,20477884,20477994,110,CDS
60916,20429635,20429776,141,CDS
60917,20431843,20431863,20,CDS
60918,20459488,20459620,132,CDS
60919,20462004,20462209,205,CDS
60920,20463860,20463973,113,CDS
60921,20464619,20464828,209,CDS
60922,20464926,20465077,151,CDS
60923,20465647,20465791,144,CDS
60924,20466809,20466939,130,CDS
60925,20467618,20467777,159,CDS
60926,20468208,20468422,214,CDS
60927,20468799,20468880,81,CDS
60928,20469466,20469625,159,CDS
60929,20469984,20470120,136,CDS
60930,20470414,20470616,202,CDS
60931,20490896,20492295,1399,gene
60932,20490896,20492295,1399,ncRNA
60933,20496003,20496040,37,mobile_element
60934,20503584,20504202,618,gene
60935,20503584,20503720,136,mRNA
60936,20503783,20504202,419,mRNA
60937,20503667,20503720,53,CDS
60938,20503783,20504178,395,CDS
60939,20504251,20505136,885,gene
60940,20504251,20504328,77,mRNA
60941,20504392,20505136,744,mRNA
60942,20504251,20504328,77,mRNA
60943,20504392,20504790,398,mRNA
60944,20504266,20504328,62,CDS
60945,20504392,20504754,362,CDS
60946,20504266,20504328,62,CDS
60947,20504392,20504754,362,CDS
60948,20505150,20505758,608,gene
60949,20505150,20505231,81,mRNA
60950,20505283,20505758,475,mRNA
60951,20505169,20505231,62,CDS
60952,20505283,20505729,446,CDS
60953,20505895,20506395,500,gene
60954,20505895,20506395,500,ncRNA
60955,20506195,20506895,700,gene
60956,20506195,20506895,700,ncRNA
60957,20508495,20508795,300,gene
60958,20508495,20508795,300,ncRNA
60959,20509395,20509695,300,gene
60960,20509395,20509695,300,ncRNA
60961,20511095,20511595,500,gene
60962,20511095,20511595,500,ncRNA
60963,20511895,20512095,200,gene
60964,20511895,20512095,200,ncRNA
60965,20512697,20513169,472,gene
60966,20513060,20513169,109,mRNA
60967,20512697,20513004,307,mRNA
60968,20513060,20513112,52,CDS
60969,20512740,20513004,264,CDS
60970,20525395,20525751,356,gene
60971,20525395,20525751,356,ncRNA
60972,20526311,20526825,514,gene
60973,20526311,20526825,514,mRNA
60974,20526333,20526791,458,CDS
60975,20528503,20529464,961,gene
60976,20528503,20529464,961,mRNA
60977,20528592,20529440,848,CDS
60978,20531867,20532969,1102,gene
60979,20531867,20532969,1102,ncRNA
60980,20533359,20533934,575,gene
60981,20533359,20533452,93,mRNA
60982,20533522,20533934,412,mRNA
60983,20533392,20533452,60,CDS
60984,20533522,20533655,133,CDS
60985,20534245,20535835,1590,gene
60986,20534245,20534592,347,mRNA
60987,20534654,20535835,1181,mRNA
60988,20534509,20534592,83,mRNA
60989,20534654,20535377,723,mRNA
60990,20534526,20534592,66,CDS
60991,20534654,20535324,670,CDS
60992,20534526,20534592,66,CDS
60993,20534654,20535324,670,CDS
60994,20536578,20538264,1686,gene
60995,20536578,20537231,653,mRNA
60996,20537293,20538264,971,mRNA
60997,20536689,20537231,542,CDS
60998,20537293,20538180,887,CDS
60999,20538364,20538405,41,mobile_element
61000,20538877,20539316,439,gene
61001,20538877,20539316,439,mRNA
61002,20538948,20539265,317,CDS
61003,20539512,20540448,936,gene
61004,20540306,20540448,142,mRNA
61005,20540221,20540250,29,mRNA
61006,20539745,20539813,68,mRNA
61007,20539512,20539676,164,mRNA
61008,20540306,20540448,142,mRNA
61009,20540221,20540250,29,mRNA
61010,20539965,20540039,74,mRNA
61011,20539745,20539813,68,mRNA
61012,20539512,20539676,164,mRNA
61013,20540306,20540401,95,CDS
61014,20540221,20540250,29,CDS
61015,20539745,20539813,68,CDS
61016,20539602,20539676,74,CDS
61017,20540306,20540401,95,CDS
61018,20540221,20540250,29,CDS
61019,20539965,20540039,74,CDS
61020,20539745,20539813,68,CDS
61021,20539602,20539676,74,CDS
61022,20540695,20541295,600,gene
61023,20540695,20541295,600,ncRNA
61024,20546595,20547658,1063,gene
61025,20546595,20547658,1063,mRNA
61026,20547041,20547658,617,mRNA
61027,20547229,20547603,374,CDS
61028,20547229,20547603,374,CDS
61029,20547816,20548291,475,gene
61030,20548235,20548291,56,mRNA
61031,20547816,20548169,353,mRNA
61032,20548235,20548291,56,CDS
61033,20547816,20548169,353,CDS
61034,20548368,20550117,1749,gene
61035,20548368,20550117,1749,gene
61036,20550053,20550117,64,mRNA
61037,20549632,20549988,356,mRNA
61038,20549188,20549561,373,mRNA
61039,20549027,20549125,98,mRNA
61040,20548368,20548960,592,mRNA
61041,20550053,20550117,64,mRNA
61042,20549632,20549988,356,mRNA
61043,20549188,20549561,373,mRNA
61044,20549027,20549125,98,mRNA
61045,20548368,20548960,592,mRNA
61046,20549027,20549098,71,CDS
61047,20548622,20548960,338,CDS
61048,20550053,20550117,64,mRNA
61049,20549632,20549988,356,mRNA
61050,20549328,20549561,233,mRNA
61051,20550053,20550067,14,CDS
61052,20549632,20549988,356,CDS
61053,20549379,20549561,182,CDS
61054,20550053,20550067,14,CDS
61055,20549632,20549988,356,CDS
61056,20549379,20549561,182,CDS
61057,20550334,20552090,1756,gene
61058,20550334,20552090,1756,gene
61059,20551893,20552090,197,mRNA
61060,20551782,20551825,43,mRNA
61061,20550334,20551722,1388,mRNA
61062,20551893,20552090,197,mRNA
61063,20551782,20551825,43,mRNA
61064,20550334,20551722,1388,mRNA
61065,20550334,20551342,1008,mRNA
61066,20550504,20551307,803,CDS
61067,20550504,20551307,803,CDS
61068,20551893,20551986,93,CDS
61069,20551782,20551825,43,CDS
61070,20551543,20551722,179,CDS
61071,20556877,20559953,3076,gene
61072,20556877,20557195,318,mRNA
61073,20558087,20558235,148,mRNA
61074,20558392,20559953,1561,mRNA
61075,20556877,20557195,318,mRNA
61076,20558087,20558235,148,mRNA
61077,20558392,20559474,1082,mRNA
61078,20556958,20557195,237,CDS
61079,20558087,20558235,148,CDS
61080,20558392,20559141,749,CDS
61081,20556958,20557195,237,CDS
61082,20558087,20558235,148,CDS
61083,20558392,20559141,749,CDS
61084,20559156,20562331,3175,gene
61085,20561306,20562331,1025,mRNA
61086,20560814,20561244,430,mRNA
61087,20560649,20560753,104,mRNA
61088,20560493,20560583,90,mRNA
61089,20560353,20560435,82,mRNA
61090,20560207,20560294,87,mRNA
61091,20559156,20560153,997,mRNA
61092,20561306,20561770,464,CDS
61093,20560814,20561244,430,CDS
61094,20560649,20560753,104,CDS
61095,20560493,20560583,90,CDS
61096,20560353,20560435,82,CDS
61097,20560207,20560294,87,CDS
61098,20560040,20560153,113,CDS
61099,20562245,20562695,450,gene
61100,20562245,20562424,179,ncRNA
61101,20562501,20562695,194,ncRNA
61102,20562463,20563001,538,gene
61103,20562827,20563001,174,mRNA
61104,20562463,20562770,307,mRNA
61105,20562823,20563001,178,mRNA
61106,20562463,20562770,307,mRNA
61107,20562823,20562853,30,CDS
61108,20562496,20562770,274,CDS
61109,20562496,20562762,266,CDS
61110,20563034,20583591,20557,gene
61111,20583350,20583591,241,mRNA
61112,20581561,20581651,90,mRNA
61113,20565278,20565501,223,mRNA
61114,20565001,20565206,205,mRNA
61115,20564323,20564431,108,mRNA
61116,20564130,20564251,121,mRNA
61117,20563794,20564068,274,mRNA
61118,20563034,20563720,686,mRNA
61119,20582030,20582132,102,mRNA
61120,20581561,20581651,90,mRNA
61121,20565278,20565501,223,mRNA
61122,20565001,20565206,205,mRNA
61123,20564323,20564431,108,mRNA
61124,20564130,20564251,121,mRNA
61125,20563794,20564068,274,mRNA
61126,20563034,20563720,686,mRNA
61127,20581561,20581633,72,CDS
61128,20565278,20565501,223,CDS
61129,20565001,20565206,205,CDS
61130,20564323,20564431,108,CDS
61131,20564130,20564251,121,CDS
61132,20563794,20564068,274,CDS
61133,20563485,20563720,235,CDS
61134,20581561,20581633,72,CDS
61135,20565278,20565501,223,CDS
61136,20565001,20565206,205,CDS
61137,20564323,20564431,108,CDS
61138,20564130,20564251,121,CDS
61139,20563794,20564068,274,CDS
61140,20563485,20563720,235,CDS
61141,20583752,20583840,88,gene
61142,20583752,20583840,88,precursor_RNA
61143,20583766,20583787,21,ncRNA
61144,20583803,20583825,22,ncRNA
61145,20583877,20583960,83,gene
61146,20583877,20583960,83,precursor_RNA
61147,20583888,20583909,21,ncRNA
61148,20583924,20583946,22,ncRNA
61149,20584056,20584121,65,gene
61150,20584056,20584121,65,precursor_RNA
61151,20584058,20584079,21,ncRNA
61152,20584095,20584117,22,ncRNA
61153,20584190,20584260,70,gene
61154,20584190,20584260,70,precursor_RNA
61155,20584194,20584215,21,ncRNA
61156,20584233,20584254,21,ncRNA
61157,20584709,20584820,111,gene
61158,20584709,20584820,111,precursor_RNA
61159,20584735,20584757,22,ncRNA
61160,20584769,20584792,23,ncRNA
61161,20585200,20585295,95,gene
61162,20585200,20585295,95,precursor_RNA
61163,20585214,20585235,21,ncRNA
61164,20585254,20585275,21,ncRNA
61165,20585314,20585405,91,gene
61166,20585314,20585405,91,precursor_RNA
61167,20585332,20585353,21,ncRNA
61168,20585369,20585390,21,ncRNA
61169,20586222,20587238,1016,gene
61170,20587073,20587238,165,mRNA
61171,20586804,20587016,212,mRNA
61172,20586615,20586729,114,mRNA
61173,20586222,20586409,187,mRNA
61174,20587073,20587173,100,CDS
61175,20586804,20587016,212,CDS
61176,20586615,20586729,114,CDS
61177,20586254,20586409,155,CDS
61178,20587551,20606854,19303,gene
61179,20587551,20587744,193,mRNA
61180,20589617,20589667,50,mRNA
61181,20595557,20595663,106,mRNA
61182,20595758,20595814,56,mRNA
61183,20597548,20597591,43,mRNA
61184,20598453,20598525,72,mRNA
61185,20598599,20598694,95,mRNA
61186,20604696,20605619,923,mRNA
61187,20605682,20605851,169,mRNA
61188,20606444,20606854,410,mRNA
61189,20587551,20587744,193,mRNA
61190,20595557,20595663,106,mRNA
61191,20595758,20595814,56,mRNA
61192,20597548,20597591,43,mRNA
61193,20598453,20598525,72,mRNA
61194,20598599,20598694,95,mRNA
61195,20604696,20605619,923,mRNA
61196,20605682,20605876,194,mRNA
61197,20606444,20606854,410,mRNA
61198,20587551,20587744,193,mRNA
61199,20595557,20595663,106,mRNA
61200,20595758,20595814,56,mRNA
61201,20597548,20597591,43,mRNA
61202,20598453,20598525,72,mRNA
61203,20598599,20598694,95,mRNA
61204,20604696,20605619,923,mRNA
61205,20605682,20605851,169,mRNA
61206,20606444,20606854,410,mRNA
61207,20587551,20587744,193,mRNA
61208,20595557,20595663,106,mRNA
61209,20595758,20595814,56,mRNA
61210,20598453,20598525,72,mRNA
61211,20598599,20598694,95,mRNA
61212,20604696,20605619,923,mRNA
61213,20605682,20605851,169,mRNA
61214,20606444,20606854,410,mRNA
61215,20589661,20589667,6,CDS
61216,20595557,20595663,106,CDS
61217,20595758,20595814,56,CDS
61218,20597548,20597591,43,CDS
61219,20598453,20598525,72,CDS
61220,20598599,20598694,95,CDS
61221,20604696,20605619,923,CDS
61222,20605682,20605851,169,CDS
61223,20606444,20606474,30,CDS
61224,20593885,20594080,195,mRNA
61225,20595557,20595663,106,mRNA
61226,20595758,20595814,56,mRNA
61227,20597548,20597591,43,mRNA
61228,20598453,20598525,72,mRNA
61229,20598599,20598694,95,mRNA
61230,20604696,20605619,923,mRNA
61231,20605682,20605851,169,mRNA
61232,20606444,20606854,410,mRNA
61233,20595568,20595663,95,CDS
61234,20595758,20595814,56,CDS
61235,20597548,20597591,43,CDS
61236,20598453,20598525,72,CDS
61237,20598599,20598694,95,CDS
61238,20604696,20605619,923,CDS
61239,20605682,20605851,169,CDS
61240,20606444,20606474,30,CDS
61241,20595568,20595663,95,CDS
61242,20595758,20595814,56,CDS
61243,20597548,20597591,43,CDS
61244,20598453,20598525,72,CDS
61245,20598599,20598694,95,CDS
61246,20604696,20605619,923,CDS
61247,20605682,20605851,169,CDS
61248,20606444,20606474,30,CDS
61249,20595568,20595663,95,CDS
61250,20595758,20595814,56,CDS
61251,20597548,20597591,43,CDS
61252,20598453,20598525,72,CDS
61253,20598599,20598694,95,CDS
61254,20604696,20605619,923,CDS
61255,20605682,20605873,191,CDS
61256,20598505,20598525,20,CDS
61257,20598599,20598694,95,CDS
61258,20604696,20605619,923,CDS
61259,20605682,20605851,169,CDS
61260,20606444,20606474,30,CDS
61261,20602982,20603148,166,mRNA
61262,20604696,20605619,923,mRNA
61263,20605682,20605932,250,mRNA
61264,20604864,20605619,755,CDS
61265,20605682,20605873,191,CDS
61266,20606067,20606154,87,gene
61267,20606067,20606154,87,precursor_RNA
61268,20606081,20606103,22,ncRNA
61269,20606121,20606142,21,ncRNA
61270,20606881,20618217,11336,gene
61271,20618130,20618217,87,mRNA
61272,20614506,20614933,427,mRNA
61273,20613330,20613471,141,mRNA
61274,20613065,20613264,199,mRNA
61275,20608682,20609676,994,mRNA
61276,20608136,20608622,486,mRNA
61277,20607894,20608007,113,mRNA
61278,20607670,20607833,163,mRNA
61279,20606881,20607582,701,mRNA
61280,20618067,20618217,150,mRNA
61281,20614506,20614933,427,mRNA
61282,20613330,20613471,141,mRNA
61283,20613065,20613264,199,mRNA
61284,20608682,20609676,994,mRNA
61285,20608136,20608622,486,mRNA
61286,20607894,20608007,113,mRNA
61287,20607670,20607833,163,mRNA
61288,20606881,20607582,701,mRNA
61289,20614506,20614694,188,CDS
61290,20613330,20613471,141,CDS
61291,20613065,20613264,199,CDS
61292,20608682,20609676,994,CDS
61293,20608136,20608622,486,CDS
61294,20607894,20608007,113,CDS
61295,20607670,20607833,163,CDS
61296,20607417,20607582,165,CDS
61297,20614506,20614694,188,CDS
61298,20613330,20613471,141,CDS
61299,20613065,20613264,199,CDS
61300,20608682,20609676,994,CDS
61301,20608136,20608622,486,CDS
61302,20607894,20608007,113,CDS
61303,20607670,20607833,163,CDS
61304,20607417,20607582,165,CDS
61305,20618503,20621081,2578,gene
61306,20618503,20618888,385,mRNA
61307,20618956,20619220,264,mRNA
61308,20619281,20619427,146,mRNA
61309,20619480,20620019,539,mRNA
61310,20620080,20620235,155,mRNA
61311,20620438,20620544,106,mRNA
61312,20620608,20620750,142,mRNA
61313,20620817,20620997,180,mRNA
61314,20618629,20618888,259,mRNA
61315,20618956,20619220,264,mRNA
61316,20619281,20619427,146,mRNA
61317,20619480,20620019,539,mRNA
61318,20620080,20620235,155,mRNA
61319,20620438,20620544,106,mRNA
61320,20620608,20621081,473,mRNA
61321,20618709,20618888,179,CDS
61322,20618956,20619220,264,CDS
61323,20619281,20619427,146,CDS
61324,20619480,20620019,539,CDS
61325,20620080,20620235,155,CDS
61326,20620438,20620544,106,CDS
61327,20620608,20620748,140,CDS
61328,20618709,20618888,179,CDS
61329,20618956,20619220,264,CDS
61330,20619281,20619427,146,CDS
61331,20619480,20620019,539,CDS
61332,20620080,20620235,155,CDS
61333,20620438,20620544,106,CDS
61334,20620608,20620748,140,CDS
61335,20620914,20623429,2515,gene
61336,20623231,20623429,198,mRNA
61337,20621460,20623174,1714,mRNA
61338,20620914,20621317,403,mRNA
61339,20623231,20623429,198,mRNA
61340,20620914,20623174,2260,mRNA
61341,20623231,20623303,72,CDS
61342,20621067,20623174,2107,CDS
61343,20623231,20623303,72,CDS
61344,20621460,20623174,1714,CDS
61345,20621294,20621317,23,CDS
61346,20623547,20628315,4768,gene
61347,20623547,20623717,170,mRNA
61348,20623775,20623969,194,mRNA
61349,20624030,20624169,139,mRNA
61350,20624220,20628315,4095,mRNA
61351,20623616,20623717,101,CDS
61352,20623775,20623969,194,CDS
61353,20624030,20624169,139,CDS
61354,20624220,20628192,3972,CDS
61355,20628186,20633506,5320,gene
61356,20633351,20633506,155,mRNA
61357,20630684,20631114,430,mRNA
61358,20630026,20630265,239,mRNA
61359,20628186,20629932,1746,mRNA
61360,20632790,20633506,716,mRNA
61361,20630684,20631114,430,mRNA
61362,20630026,20630265,239,mRNA
61363,20628186,20629932,1746,mRNA
61364,20630684,20630848,164,CDS
61365,20630026,20630265,239,CDS
61366,20628796,20629932,1136,CDS
61367,20630684,20630848,164,CDS
61368,20630026,20630265,239,CDS
61369,20628796,20629932,1136,CDS
61370,20633876,20640681,6805,gene
61371,20639150,20640681,1531,mRNA
61372,20638779,20639091,312,mRNA
61373,20638559,20638721,162,mRNA
61374,20638343,20638496,153,mRNA
61375,20635180,20636072,892,mRNA
61376,20634957,20635122,165,mRNA
61377,20634747,20634897,150,mRNA
61378,20634431,20634688,257,mRNA
61379,20633876,20634368,492,mRNA
61380,20639150,20640581,1431,CDS
61381,20638779,20639091,312,CDS
61382,20638559,20638721,162,CDS
61383,20638343,20638496,153,CDS
61384,20635180,20636072,892,CDS
61385,20634957,20635122,165,CDS
61386,20634747,20634897,150,CDS
61387,20634431,20634688,257,CDS
61388,20634191,20634368,177,CDS
61389,20636392,20638423,2031,gene
61390,20636392,20637108,716,mRNA
61391,20637165,20637514,349,mRNA
61392,20637574,20638423,849,mRNA
61393,20636472,20637108,636,CDS
61394,20637165,20637514,349,CDS
61395,20637574,20638317,743,CDS
61396,20640976,20641668,692,gene
61397,20640976,20641118,142,mRNA
61398,20641166,20641668,502,mRNA
61399,20640976,20641118,142,mRNA
61400,20641181,20641668,487,mRNA
61401,20641086,20641118,32,CDS
61402,20641166,20641546,380,CDS
61403,20641086,20641118,32,CDS
61404,20641181,20641546,365,CDS
61405,20641742,20642558,816,gene
61406,20641742,20641930,188,mRNA
61407,20641996,20642558,562,mRNA
61408,20641837,20641930,93,CDS
61409,20641996,20642417,421,CDS
61410,20642466,20643785,1319,gene
61411,20642466,20643785,1319,gene
61412,20643584,20643785,201,mRNA
61413,20642466,20643508,1042,mRNA
61414,20643584,20643785,201,mRNA
61415,20642466,20643508,1042,mRNA
61416,20642577,20643323,746,CDS
61417,20643584,20643724,140,CDS
61418,20643323,20643508,185,CDS
61419,20644036,20645865,1829,gene
61420,20644036,20644271,235,mRNA
61421,20644329,20644718,389,mRNA
61422,20644779,20645368,589,mRNA
61423,20645428,20645582,154,mRNA
61424,20645653,20645865,212,mRNA
61425,20644171,20644271,100,CDS
61426,20644329,20644718,389,CDS
61427,20644779,20645368,589,CDS
61428,20645428,20645582,154,CDS
61429,20645653,20645718,65,CDS
61430,20646360,20661070,14710,gene
61431,20646360,20647046,686,mRNA
61432,20657230,20657635,405,mRNA
61433,20658316,20659503,1187,mRNA
61434,20659569,20659715,146,mRNA
61435,20659781,20659866,85,mRNA
61436,20659925,20661070,1145,mRNA
61437,20646360,20647046,686,mRNA
61438,20657230,20657635,405,mRNA
61439,20658316,20659503,1187,mRNA
61440,20659569,20659715,146,mRNA
61441,20659781,20659866,85,mRNA
61442,20659925,20661070,1145,mRNA
61443,20646964,20647046,82,CDS
61444,20657230,20657635,405,CDS
61445,20658316,20659503,1187,CDS
61446,20659569,20659715,146,CDS
61447,20659781,20659866,85,CDS
61448,20659925,20660507,582,CDS
61449,20647030,20647046,16,CDS
61450,20657230,20657635,405,CDS
61451,20658316,20659503,1187,CDS
61452,20659569,20659715,146,CDS
61453,20659781,20659866,85,CDS
61454,20659925,20660507,582,CDS
61455,20652557,20655096,2539,gene
61456,20654970,20655096,126,mRNA
61457,20653745,20653903,158,mRNA
61458,20653540,20653692,152,mRNA
61459,20652557,20653405,848,mRNA
61460,20654970,20655096,126,mRNA
61461,20653745,20653903,158,mRNA
61462,20653540,20653692,152,mRNA
61463,20653125,20653405,280,mRNA
61464,20654970,20655006,36,CDS
61465,20653745,20653903,158,CDS
61466,20653540,20653692,152,CDS
61467,20653215,20653405,190,CDS
61468,20654970,20655006,36,CDS
61469,20653745,20653903,158,CDS
61470,20653540,20653692,152,CDS
61471,20653215,20653405,190,CDS
61472,20655756,20656609,853,gene
61473,20656339,20656609,270,mRNA
61474,20656183,20656271,88,mRNA
61475,20656067,20656130,63,mRNA
61476,20655756,20655987,231,mRNA
61477,20656339,20656492,153,CDS
61478,20656183,20656271,88,CDS
61479,20656067,20656130,63,CDS
61480,20655854,20655987,133,CDS
61481,20657891,20657962,71,gene
61482,20657891,20657962,71,tRNA
61483,20658104,20658175,71,gene
61484,20658104,20658175,71,tRNA
61485,20661585,20662595,1010,gene
61486,20661585,20661884,299,mRNA
61487,20662057,20662275,218,mRNA
61488,20662333,20662595,262,mRNA
61489,20661749,20661884,135,CDS
61490,20662057,20662275,218,CDS
61491,20662333,20662427,94,CDS
61492,20662474,20667306,4832,gene
61493,20666919,20667306,387,mRNA
61494,20664786,20665068,282,mRNA
61495,20663935,20664677,742,mRNA
61496,20663453,20663868,415,mRNA
61497,20663160,20663386,226,mRNA
61498,20662474,20663095,621,mRNA
61499,20665545,20665639,94,mRNA
61500,20665364,20665463,99,mRNA
61501,20664786,20665068,282,mRNA
61502,20663935,20664677,742,mRNA
61503,20663453,20663868,415,mRNA
61504,20663160,20663386,226,mRNA
61505,20662474,20663095,621,mRNA
61506,20666919,20667194,275,CDS
61507,20664786,20665068,282,CDS
61508,20663935,20664677,742,CDS
61509,20663453,20663868,415,CDS
61510,20663160,20663386,226,CDS
61511,20662932,20663095,163,CDS
61512,20665545,20665564,19,CDS
61513,20665364,20665463,99,CDS
61514,20664786,20665068,282,CDS
61515,20663935,20664677,742,CDS
61516,20663453,20663868,415,CDS
61517,20663160,20663386,226,CDS
61518,20662932,20663095,163,CDS
61519,20667427,20671083,3656,gene
61520,20670638,20670761,123,mRNA
61521,20670201,20670377,176,mRNA
61522,20669979,20670131,152,mRNA
61523,20668575,20669895,1320,mRNA
61524,20667427,20668282,855,mRNA
61525,20670201,20670491,290,mRNA
61526,20669979,20670131,152,mRNA
61527,20668575,20669895,1320,mRNA
61528,20667427,20668282,855,mRNA
61529,20670638,20671083,445,mRNA
61530,20670201,20670377,176,mRNA
61531,20669979,20670131,152,mRNA
61532,20668352,20669895,1543,mRNA
61533,20670201,20670491,290,mRNA
61534,20669979,20670131,152,mRNA
61535,20668352,20669895,1543,mRNA
61536,20670201,20670350,149,CDS
61537,20669979,20670131,152,CDS
61538,20668600,20669895,1295,CDS
61539,20670201,20670350,149,CDS
61540,20669979,20670131,152,CDS
61541,20668600,20669895,1295,CDS
61542,20670201,20670350,149,CDS
61543,20669979,20670131,152,CDS
61544,20668600,20669895,1295,CDS
61545,20670201,20670350,149,CDS
61546,20669979,20670131,152,CDS
61547,20668600,20669895,1295,CDS
61548,20670636,20673495,2859,gene
61549,20670636,20670938,302,mRNA
61550,20670988,20671678,690,mRNA
61551,20671746,20671858,112,mRNA
61552,20672119,20672269,150,mRNA
61553,20672340,20672554,214,mRNA
61554,20671204,20671678,474,mRNA
61555,20671746,20671858,112,mRNA
61556,20672119,20672269,150,mRNA
61557,20672340,20673495,1155,mRNA
61558,20671204,20671678,474,mRNA
61559,20671746,20671858,112,mRNA
61560,20672119,20672269,150,mRNA
61561,20672340,20672554,214,mRNA
61562,20671384,20671678,294,CDS
61563,20671746,20671858,112,CDS
61564,20672119,20672269,150,CDS
61565,20672340,20672437,97,CDS
61566,20671384,20671678,294,CDS
61567,20671746,20671858,112,CDS
61568,20672119,20672269,150,CDS
61569,20672340,20672437,97,CDS
61570,20671384,20671678,294,CDS
61571,20671746,20671858,112,CDS
61572,20672119,20672269,150,CDS
61573,20672340,20672437,97,CDS
61574,20671559,20671678,119,mRNA
61575,20671746,20671858,112,mRNA
61576,20672119,20672269,150,mRNA
61577,20672340,20672554,214,mRNA
61578,20671582,20671678,96,CDS
61579,20671746,20671858,112,CDS
61580,20672119,20672269,150,CDS
61581,20672340,20672437,97,CDS
61582,20685605,20686910,1305,gene
61583,20685777,20686910,1133,mRNA
61584,20685605,20685721,116,mRNA
61585,20685777,20686910,1133,CDS
61586,20685605,20685721,116,CDS
61587,20691995,20692495,500,gene
61588,20691995,20692495,500,ncRNA
61589,20692829,20693739,910,gene
61590,20692829,20692942,113,mRNA
61591,20693020,20693739,719,mRNA
61592,20692870,20692942,72,CDS
61593,20693020,20693609,589,CDS
61594,20698483,20750442,51959,gene
61595,20698483,20699270,787,mRNA
61596,20726045,20726211,166,mRNA
61597,20734170,20734247,77,mRNA
61598,20734318,20734450,132,mRNA
61599,20745785,20745904,119,mRNA
61600,20746006,20746102,96,mRNA
61601,20747425,20747522,97,mRNA
61602,20748326,20750442,2116,mRNA
61603,20698483,20699270,787,mRNA
61604,20726045,20726211,166,mRNA
61605,20734170,20734247,77,mRNA
61606,20734318,20734450,132,mRNA
61607,20745785,20745904,119,mRNA
61608,20746006,20746102,96,mRNA
61609,20747425,20747522,97,mRNA
61610,20748326,20749703,1377,mRNA
61611,20699186,20699270,84,CDS
61612,20726045,20726211,166,CDS
61613,20734170,20734247,77,CDS
61614,20734318,20734450,132,CDS
61615,20745785,20745904,119,CDS
61616,20746006,20746102,96,CDS
61617,20747425,20747522,97,CDS
61618,20748326,20748651,325,CDS
61619,20699186,20699270,84,CDS
61620,20726045,20726211,166,CDS
61621,20734170,20734247,77,CDS
61622,20734318,20734450,132,CDS
61623,20745785,20745904,119,CDS
61624,20746006,20746102,96,CDS
61625,20747425,20747522,97,CDS
61626,20748326,20748651,325,CDS
61627,20722595,20723095,500,gene
61628,20722595,20723095,500,ncRNA
61629,20727829,20730610,2781,gene
61630,20730483,20730610,127,mRNA
61631,20729913,20730426,513,mRNA
61632,20729175,20729309,134,mRNA
61633,20728577,20728796,219,mRNA
61634,20728467,20728528,61,mRNA
61635,20727829,20728402,573,mRNA
61636,20730483,20730501,18,CDS
61637,20729913,20730426,513,CDS
61638,20729175,20729309,134,CDS
61639,20728577,20728796,219,CDS
61640,20728467,20728528,61,CDS
61641,20728075,20728402,327,CDS
61642,20739502,20744201,4699,mobile_element
61643,20750914,20752135,1221,gene
61644,20750914,20751007,93,mRNA
61645,20751075,20752135,1060,mRNA
61646,20750947,20751007,60,CDS
61647,20751075,20752123,1048,CDS
61648,20752586,20753739,1153,gene
61649,20752586,20752662,76,mRNA
61650,20752726,20753739,1013,mRNA
61651,20752605,20752662,57,CDS
61652,20752726,20753687,961,CDS
61653,20766395,20767845,1450,gene
61654,20766395,20767845,1450,ncRNA
61655,20766395,20766795,400,ncRNA
61656,20773687,20775364,1677,gene
61657,20773687,20773783,96,mRNA
61658,20773858,20775364,1506,mRNA
61659,20773729,20773783,54,CDS
61660,20773858,20775113,1255,CDS
61661,20775795,20776409,614,gene
61662,20775795,20776409,614,mRNA
61663,20775902,20776366,464,CDS
61664,20776727,20777749,1022,gene
61665,20776727,20777749,1022,mRNA
61666,20776727,20777749,1022,CDS
61667,20778249,20779487,1238,gene
61668,20778249,20779487,1238,mRNA
61669,20778249,20779487,1238,CDS
61670,20779992,20783216,3224,gene
61671,20780809,20783216,2407,mRNA
61672,20779992,20780706,714,mRNA
61673,20780809,20783216,2407,CDS
61674,20779992,20780706,714,CDS
61675,20785034,20788048,3014,mobile_element
61676,20788195,20789217,1022,gene
61677,20788195,20789217,1022,mRNA
61678,20788317,20789171,854,CDS
61679,20789295,20790201,906,gene
61680,20789295,20790201,906,mRNA
61681,20789553,20790176,623,CDS
61682,20790245,20791147,902,gene
61683,20790245,20791147,902,mRNA
61684,20790540,20791094,554,CDS
61685,20791462,20792192,730,gene
61686,20791617,20792192,575,mRNA
61687,20791462,20791561,99,mRNA
61688,20791617,20792138,521,CDS
61689,20791541,20791561,20,CDS
61690,20792982,20793795,813,gene
61691,20792982,20793795,813,mRNA
61692,20793009,20793686,677,CDS
61693,20821262,20836028,14766,gene
61694,20835670,20836028,358,mRNA
61695,20825302,20825552,250,mRNA
61696,20823192,20824967,1775,mRNA
61697,20821262,20822762,1500,mRNA
61698,20825302,20825550,248,CDS
61699,20823192,20824967,1775,CDS
61700,20822208,20822762,554,CDS
61701,20827282,20836028,8746,gene
61702,20831784,20832418,634,mRNA
61703,20827282,20830393,3111,mRNA
61704,20835670,20836028,358,mRNA
61705,20827814,20830393,2579,mRNA
61706,20831784,20832418,634,mRNA
61707,20827814,20830393,2579,mRNA
61708,20827992,20830370,2378,CDS
61709,20827992,20830370,2378,CDS
61710,20827992,20830370,2378,CDS
61711,20837495,20838695,1200,gene
61712,20837495,20838019,524,ncRNA
61713,20838255,20838695,440,ncRNA
61714,20847980,20849939,1959,gene
61715,20849558,20849939,381,mRNA
61716,20849296,20849488,192,mRNA
61717,20849111,20849233,122,mRNA
61718,20847980,20848972,992,mRNA
61719,20849558,20849903,345,CDS
61720,20849296,20849488,192,CDS
61721,20849111,20849233,122,CDS
61722,20847997,20848972,975,CDS
61723,20850146,20852125,1979,gene
61724,20851706,20852125,419,mRNA
61725,20851449,20851647,198,mRNA
61726,20851267,20851386,119,mRNA
61727,20850146,20851208,1062,mRNA
61728,20851706,20852048,342,CDS
61729,20851449,20851647,198,CDS
61730,20851267,20851386,119,CDS
61731,20850239,20851208,969,CDS
61732,20863781,20867076,3295,gene
61733,20863781,20863951,170,mRNA
61734,20865954,20867076,1122,mRNA
61735,20866089,20866976,887,CDS
61736,20868496,20869321,825,gene
61737,20869182,20869321,139,mRNA
61738,20868496,20869122,626,mRNA
61739,20869182,20869321,139,mRNA
61740,20868845,20869122,277,mRNA
61741,20869182,20869257,75,CDS
61742,20869070,20869122,52,CDS
61743,20869182,20869257,75,CDS
61744,20869070,20869122,52,CDS
61745,20870392,20870678,286,gene
61746,20870392,20870491,99,mRNA
61747,20870556,20870678,122,mRNA
61748,20870425,20870491,66,CDS
61749,20870556,20870629,73,CDS
61750,20870791,20879145,8354,gene
61751,20870791,20870903,112,mRNA
61752,20871318,20872005,687,mRNA
61753,20872540,20872692,152,mRNA
61754,20873651,20873751,100,mRNA
61755,20875238,20875546,308,mRNA
61756,20875605,20875663,58,mRNA
61757,20876475,20876621,146,mRNA
61758,20877255,20877312,57,mRNA
61759,20877619,20878221,602,mRNA
61760,20878672,20878898,226,mRNA
61761,20878968,20879145,177,mRNA
61762,20870791,20870903,112,mRNA
61763,20871318,20872005,687,mRNA
61764,20872540,20872692,152,mRNA
61765,20873651,20873751,100,mRNA
61766,20875238,20875546,308,mRNA
61767,20875605,20875663,58,mRNA
61768,20876475,20876621,146,mRNA
61769,20877255,20877312,57,mRNA
61770,20877619,20878221,602,mRNA
61771,20878672,20878898,226,mRNA
61772,20878971,20879145,174,mRNA
61773,20870791,20870903,112,mRNA
61774,20871318,20872005,687,mRNA
61775,20872540,20872692,152,mRNA
61776,20873651,20873751,100,mRNA
61777,20875238,20875546,308,mRNA
61778,20875605,20875663,58,mRNA
61779,20876475,20876621,146,mRNA
61780,20877255,20877312,57,mRNA
61781,20877619,20878462,843,mRNA
61782,20871672,20872005,333,CDS
61783,20872540,20872692,152,CDS
61784,20873651,20873751,100,CDS
61785,20875238,20875546,308,CDS
61786,20875605,20875663,58,CDS
61787,20876475,20876621,146,CDS
61788,20877255,20877312,57,CDS
61789,20877619,20878221,602,CDS
61790,20878672,20878898,226,CDS
61791,20878968,20879127,159,CDS
61792,20871672,20872005,333,CDS
61793,20872540,20872692,152,CDS
61794,20873651,20873751,100,CDS
61795,20875238,20875546,308,CDS
61796,20875605,20875663,58,CDS
61797,20876475,20876621,146,CDS
61798,20877255,20877312,57,CDS
61799,20877619,20878221,602,CDS
61800,20878672,20878898,226,CDS
61801,20878971,20879127,156,CDS
61802,20871672,20872005,333,CDS
61803,20872540,20872692,152,CDS
61804,20873651,20873751,100,CDS
61805,20875238,20875546,308,CDS
61806,20875605,20875663,58,CDS
61807,20876475,20876621,146,CDS
61808,20877255,20877312,57,CDS
61809,20877619,20878323,704,CDS
61810,20874695,20874757,62,mRNA
61811,20874816,20874996,180,mRNA
61812,20875238,20875546,308,mRNA
61813,20875605,20875663,58,mRNA
61814,20876475,20876621,146,mRNA
61815,20877255,20877312,57,mRNA
61816,20877619,20878221,602,mRNA
61817,20878672,20878898,226,mRNA
61818,20878968,20879145,177,mRNA
61819,20874829,20874996,167,CDS
61820,20875238,20875546,308,CDS
61821,20875605,20875663,58,CDS
61822,20876475,20876621,146,CDS
61823,20877255,20877312,57,CDS
61824,20877619,20878221,602,CDS
61825,20878672,20878898,226,CDS
61826,20878968,20879127,159,CDS
61827,20879930,20882663,2733,gene
61828,20879930,20880099,169,mRNA
61829,20880178,20880212,34,mRNA
61830,20880761,20880903,142,mRNA
61831,20881028,20881150,122,mRNA
61832,20882188,20882663,475,mRNA
61833,20880049,20880099,50,CDS
61834,20880178,20880212,34,CDS
61835,20880761,20880903,142,CDS
61836,20881028,20881150,122,CDS
61837,20882188,20882405,217,CDS
61838,20883625,20903414,19789,gene
61839,20902786,20903414,628,mRNA
61840,20902028,20902293,265,mRNA
61841,20896475,20896770,295,mRNA
61842,20895711,20895845,134,mRNA
61843,20886523,20886727,204,mRNA
61844,20885202,20885368,166,mRNA
61845,20883625,20884761,1136,mRNA
61846,20902786,20903414,628,mRNA
61847,20902028,20902293,265,mRNA
61848,20896475,20896770,295,mRNA
61849,20895711,20895845,134,mRNA
61850,20886523,20886727,204,mRNA
61851,20885202,20885368,166,mRNA
61852,20883625,20884761,1136,mRNA
61853,20902786,20903414,628,mRNA
61854,20902028,20902293,265,mRNA
61855,20896475,20896770,295,mRNA
61856,20895711,20895845,134,mRNA
61857,20886523,20886727,204,mRNA
61858,20886281,20886406,125,mRNA
61859,20885202,20885368,166,mRNA
61860,20883625,20884761,1136,mRNA
61861,20902786,20903414,628,mRNA
61862,20902028,20902293,265,mRNA
61863,20896475,20896770,295,mRNA
61864,20895711,20895866,155,mRNA
61865,20886523,20886727,204,mRNA
61866,20885202,20885368,166,mRNA
61867,20883625,20884761,1136,mRNA
61868,20902786,20903414,628,mRNA
61869,20902028,20902293,265,mRNA
61870,20896475,20896770,295,mRNA
61871,20895711,20895866,155,mRNA
61872,20886523,20886727,204,mRNA
61873,20886281,20886406,125,mRNA
61874,20885202,20885368,166,mRNA
61875,20883625,20884761,1136,mRNA
61876,20897199,20897584,385,mRNA
61877,20896475,20896770,295,mRNA
61878,20895711,20895845,134,mRNA
61879,20886523,20886727,204,mRNA
61880,20885202,20885368,166,mRNA
61881,20883625,20884761,1136,mRNA
61882,20897199,20897584,385,mRNA
61883,20896475,20896770,295,mRNA
61884,20895711,20895845,134,mRNA
61885,20886523,20886727,204,mRNA
61886,20886281,20886406,125,mRNA
61887,20885202,20885368,166,mRNA
61888,20883625,20884761,1136,mRNA
61889,20897199,20897584,385,mRNA
61890,20896475,20896770,295,mRNA
61891,20895711,20895866,155,mRNA
61892,20886523,20886727,204,mRNA
61893,20885202,20885368,166,mRNA
61894,20883625,20884761,1136,mRNA
61895,20897199,20897584,385,mRNA
61896,20896475,20896770,295,mRNA
61897,20895711,20895866,155,mRNA
61898,20886523,20886727,204,mRNA
61899,20886281,20886406,125,mRNA
61900,20885202,20885368,166,mRNA
61901,20883625,20884761,1136,mRNA
61902,20902028,20902058,30,CDS
61903,20896475,20896770,295,CDS
61904,20895711,20895845,134,CDS
61905,20886523,20886727,204,CDS
61906,20885202,20885368,166,CDS
61907,20884450,20884761,311,CDS
61908,20902028,20902058,30,CDS
61909,20896475,20896770,295,CDS
61910,20895711,20895845,134,CDS
61911,20886523,20886727,204,CDS
61912,20885202,20885368,166,CDS
61913,20884492,20884761,269,CDS
61914,20902028,20902058,30,CDS
61915,20896475,20896770,295,CDS
61916,20895711,20895845,134,CDS
61917,20886523,20886727,204,CDS
61918,20886281,20886406,125,CDS
61919,20885202,20885368,166,CDS
61920,20884492,20884761,269,CDS
61921,20902028,20902058,30,CDS
61922,20896475,20896770,295,CDS
61923,20895711,20895866,155,CDS
61924,20886523,20886727,204,CDS
61925,20885202,20885368,166,CDS
61926,20884492,20884761,269,CDS
61927,20902028,20902058,30,CDS
61928,20896475,20896770,295,CDS
61929,20895711,20895866,155,CDS
61930,20886523,20886727,204,CDS
61931,20886281,20886406,125,CDS
61932,20885202,20885368,166,CDS
61933,20884492,20884761,269,CDS
61934,20896475,20896492,17,CDS
61935,20895711,20895845,134,CDS
61936,20886523,20886727,204,CDS
61937,20885202,20885368,166,CDS
61938,20884492,20884761,269,CDS
61939,20896475,20896492,17,CDS
61940,20895711,20895845,134,CDS
61941,20886523,20886727,204,CDS
61942,20886281,20886406,125,CDS
61943,20885202,20885368,166,CDS
61944,20884492,20884761,269,CDS
61945,20896475,20896492,17,CDS
61946,20895711,20895866,155,CDS
61947,20886523,20886727,204,CDS
61948,20885202,20885368,166,CDS
61949,20884492,20884761,269,CDS
61950,20896475,20896492,17,CDS
61951,20895711,20895866,155,CDS
61952,20886523,20886727,204,CDS
61953,20886281,20886406,125,CDS
61954,20885202,20885368,166,CDS
61955,20884492,20884761,269,CDS
61956,20896994,20898629,1635,gene
61957,20896994,20897309,315,ncRNA
61958,20897375,20897754,379,ncRNA
61959,20897831,20898629,798,ncRNA
61960,20909704,20910801,1097,gene
61961,20909704,20910801,1097,mRNA
61962,20909756,20910754,998,CDS
61963,20916753,20937030,20277,gene
61964,20916753,20917417,664,mRNA
61965,20918457,20918609,152,mRNA
61966,20922459,20923580,1121,mRNA
61967,20923755,20923921,166,mRNA
61968,20935683,20935848,165,mRNA
61969,20936037,20937030,993,mRNA
61970,20917049,20917417,368,CDS
61971,20918457,20918609,152,CDS
61972,20922459,20923580,1121,CDS
61973,20923755,20923921,166,CDS
61974,20935683,20935848,165,CDS
61975,20936037,20936773,736,CDS
61976,20944021,20946431,2410,gene
61977,20944021,20944156,135,mRNA
61978,20944844,20946431,1587,mRNA
61979,20944117,20944156,39,CDS
61980,20944844,20945934,1090,CDS
61981,20945970,20946065,95,gene
61982,20945970,20946065,95,ncRNA
61983,20950102,20951094,992,gene
61984,20950102,20950282,180,mRNA
61985,20950553,20951094,541,mRNA
61986,20950219,20950282,63,CDS
61987,20950553,20950680,127,CDS
61988,20954668,20960909,6241,gene
61989,20960431,20960909,478,mRNA
61990,20958539,20958845,306,mRNA
61991,20958260,20958389,129,mRNA
61992,20955688,20955775,87,mRNA
61993,20954668,20955461,793,mRNA
61994,20960431,20960587,156,CDS
61995,20958539,20958845,306,CDS
61996,20958260,20958389,129,CDS
61997,20955688,20955775,87,CDS
61998,20954914,20955461,547,CDS
61999,20972916,20974017,1101,gene
62000,20973908,20974017,109,mRNA
62001,20973458,20973634,176,mRNA
62002,20972916,20973394,478,mRNA
62003,20973908,20974017,109,mRNA
62004,20973458,20973634,176,mRNA
62005,20973220,20973394,174,mRNA
62006,20973908,20973940,32,CDS
62007,20973458,20973634,176,CDS
62008,20973245,20973394,149,CDS
62009,20973908,20973940,32,CDS
62010,20973458,20973634,176,CDS
62011,20973245,20973394,149,CDS
62012,20975488,20976934,1446,gene
62013,20975488,20975623,135,mRNA
62014,20976595,20976680,85,mRNA
62015,20976739,20976934,195,mRNA
62016,20975594,20975623,29,CDS
62017,20976595,20976680,85,CDS
62018,20976739,20976856,117,CDS
62019,20977056,20977600,544,gene
62020,20977056,20977245,189,mRNA
62021,20977317,20977600,283,mRNA
62022,20977155,20977245,90,CDS
62023,20977317,20977465,148,CDS
62024,20977595,20978818,1223,gene
62025,20978199,20978818,619,mRNA
62026,20977595,20978126,531,mRNA
62027,20978199,20978304,105,mRNA
62028,20977595,20978126,531,mRNA
62029,20978199,20978237,38,CDS
62030,20977728,20978126,398,CDS
62031,20978199,20978237,38,CDS
62032,20977728,20978126,398,CDS
62033,20978901,20984043,5142,gene
62034,20978901,20979553,652,mRNA
62035,20981311,20981741,430,mRNA
62036,20981801,20982035,234,mRNA
62037,20982097,20982523,426,mRNA
62038,20982586,20982663,77,mRNA
62039,20982729,20983542,813,mRNA
62040,20983613,20984043,430,mRNA
62041,20979321,20979553,232,mRNA
62042,20981308,20981741,433,mRNA
62043,20981801,20982035,234,mRNA
62044,20982097,20982523,426,mRNA
62045,20982586,20982663,77,mRNA
62046,20982729,20983542,813,mRNA
62047,20983613,20984043,430,mRNA
62048,20979321,20979553,232,mRNA
62049,20981311,20981741,430,mRNA
62050,20981801,20982035,234,mRNA
62051,20982097,20982523,426,mRNA
62052,20982586,20982663,77,mRNA
62053,20982729,20983542,813,mRNA
62054,20983613,20984043,430,mRNA
62055,20979506,20979553,47,CDS
62056,20981308,20981741,433,CDS
62057,20981801,20982035,234,CDS
62058,20982097,20982523,426,CDS
62059,20982586,20982663,77,CDS
62060,20982729,20983542,813,CDS
62061,20983613,20983799,186,CDS
62062,20979506,20979553,47,CDS
62063,20981311,20981741,430,CDS
62064,20981801,20982035,234,CDS
62065,20982097,20982523,426,CDS
62066,20982586,20982663,77,CDS
62067,20982729,20983542,813,CDS
62068,20983613,20983799,186,CDS
62069,20979506,20979553,47,CDS
62070,20981311,20981741,430,CDS
62071,20981801,20982035,234,CDS
62072,20982097,20982523,426,CDS
62073,20982586,20982663,77,CDS
62074,20982729,20983542,813,CDS
62075,20983613,20983799,186,CDS
62076,20983838,20986500,2662,gene
62077,20985465,20986500,1035,mRNA
62078,20985289,20985405,116,mRNA
62079,20983838,20985231,1393,mRNA
62080,20985465,20986202,737,CDS
62081,20985289,20985405,116,CDS
62082,20984368,20985231,863,CDS
62083,20986833,20991171,4338,gene
62084,20990874,20991171,297,mRNA
62085,20990710,20990821,111,mRNA
62086,20990479,20990644,165,mRNA
62087,20990123,20990200,77,mRNA
62088,20989746,20990022,276,mRNA
62089,20989134,20989689,555,mRNA
62090,20988112,20988755,643,mRNA
62091,20987729,20988053,324,mRNA
62092,20986833,20987667,834,mRNA
62093,20990874,20991171,297,mRNA
62094,20990710,20990821,111,mRNA
62095,20990479,20990644,165,mRNA
62096,20990123,20990200,77,mRNA
62097,20989746,20990022,276,mRNA
62098,20989134,20989689,555,mRNA
62099,20988956,20989071,115,mRNA
62100,20988813,20988891,78,mRNA
62101,20988112,20988755,643,mRNA
62102,20987729,20988053,324,mRNA
62103,20986833,20987667,834,mRNA
62104,20990874,20991171,297,CDS
62105,20990710,20990821,111,CDS
62106,20990479,20990644,165,CDS
62107,20990123,20990200,77,CDS
62108,20989746,20990022,276,CDS
62109,20989134,20989689,555,CDS
62110,20988112,20988755,643,CDS
62111,20987729,20988053,324,CDS
62112,20986833,20987667,834,CDS
62113,20990874,20991171,297,CDS
62114,20990710,20990821,111,CDS
62115,20990479,20990644,165,CDS
62116,20990123,20990200,77,CDS
62117,20989746,20990022,276,CDS
62118,20989134,20989689,555,CDS
62119,20988956,20989071,115,CDS
62120,20988813,20988891,78,CDS
62121,20988112,20988755,643,CDS
62122,20987729,20988053,324,CDS
62123,20986833,20987667,834,CDS
62124,20992276,20994381,2105,gene
62125,20994306,20994381,75,mRNA
62126,20993926,20994254,328,mRNA
62127,20993501,20993863,362,mRNA
62128,20992774,20993439,665,mRNA
62129,20992537,20992714,177,mRNA
62130,20992276,20992472,196,mRNA
62131,20994306,20994323,17,CDS
62132,20993926,20994254,328,CDS
62133,20993501,20993863,362,CDS
62134,20992774,20993439,665,CDS
62135,20992537,20992714,177,CDS
62136,20992329,20992472,143,CDS
62137,20994900,20996118,1218,gene
62138,20994900,20994993,93,mRNA
62139,20995103,20995308,205,mRNA
62140,20995446,20996118,672,mRNA
62141,20994991,20994993,2,CDS
62142,20995103,20995308,205,CDS
62143,20995446,20996031,585,CDS
62144,20996220,21007740,11520,gene
62145,20996220,20996928,708,mRNA
62146,21001012,21002426,1414,mRNA
62147,21002491,21003325,834,mRNA
62148,21003393,21003525,132,mRNA
62149,21003640,21004094,454,mRNA
62150,21004153,21004261,108,mRNA
62151,21004324,21007740,3416,mRNA
62152,20996220,20996928,708,mRNA
62153,21001012,21002426,1414,mRNA
62154,21002491,21003325,834,mRNA
62155,21003393,21003525,132,mRNA
62156,21003640,21004094,454,mRNA
62157,21004153,21004261,108,mRNA
62158,21004327,21007740,3413,mRNA
62159,20996641,20996928,287,mRNA
62160,21001012,21002426,1414,mRNA
62161,21002491,21003325,834,mRNA
62162,21003393,21003525,132,mRNA
62163,21003640,21004094,454,mRNA
62164,21004153,21004261,108,mRNA
62165,21004327,21006641,2314,mRNA
62166,20996890,20996928,38,CDS
62167,21001012,21002426,1414,CDS
62168,21002491,21003325,834,CDS
62169,21003393,21003525,132,CDS
62170,21003640,21004094,454,CDS
62171,21004153,21004261,108,CDS
62172,21004324,21006245,1921,CDS
62173,20996890,20996928,38,CDS
62174,21001012,21002426,1414,CDS
62175,21002491,21003325,834,CDS
62176,21003393,21003525,132,CDS
62177,21003640,21004094,454,CDS
62178,21004153,21004261,108,CDS
62179,21004327,21006245,1918,CDS
62180,20996890,20996928,38,CDS
62181,21001012,21002426,1414,CDS
62182,21002491,21003325,834,CDS
62183,21003393,21003525,132,CDS
62184,21003640,21004094,454,CDS
62185,21004153,21004261,108,CDS
62186,21004327,21006245,1918,CDS
62187,21000475,21000830,355,mRNA
62188,21001012,21002426,1414,mRNA
62189,21002491,21003325,834,mRNA
62190,21003393,21003525,132,mRNA
62191,21003640,21004094,454,mRNA
62192,21004153,21004261,108,mRNA
62193,21004327,21006641,2314,mRNA
62194,21000801,21000830,29,CDS
62195,21001012,21002426,1414,CDS
62196,21002491,21003325,834,CDS
62197,21003393,21003525,132,CDS
62198,21003640,21004094,454,CDS
62199,21004153,21004261,108,CDS
62200,21004327,21006245,1918,CDS
62201,21007755,21009576,1821,gene
62202,21009493,21009576,83,mRNA
62203,21009256,21009430,174,mRNA
62204,21008362,21009204,842,mRNA
62205,21007755,21008307,552,mRNA
62206,21009493,21009498,5,CDS
62207,21009256,21009430,174,CDS
62208,21008362,21009204,842,CDS
62209,21007802,21008307,505,CDS
62210,21009764,21011921,2157,gene
62211,21011723,21011921,198,mRNA
62212,21010879,21011645,766,mRNA
62213,21010607,21010816,209,mRNA
62214,21010169,21010544,375,mRNA
62215,21009764,21010105,341,mRNA
62216,21011723,21011845,122,CDS
62217,21010879,21011645,766,CDS
62218,21010607,21010816,209,CDS
62219,21010169,21010544,375,CDS
62220,21009869,21010105,236,CDS
62221,21011970,21015628,3658,gene
62222,21011970,21012102,132,mRNA
62223,21012162,21012278,116,mRNA
62224,21012335,21012621,286,mRNA
62225,21012679,21013097,418,mRNA
62226,21013158,21013339,181,mRNA
62227,21013402,21013445,43,mRNA
62228,21013513,21013845,332,mRNA
62229,21013913,21014155,242,mRNA
62230,21014210,21014393,183,mRNA
62231,21014453,21014705,252,mRNA
62232,21014766,21015127,361,mRNA
62233,21015188,21015628,440,mRNA
62234,21012046,21012102,56,CDS
62235,21012162,21012278,116,CDS
62236,21012335,21012621,286,CDS
62237,21012679,21013097,418,CDS
62238,21013158,21013339,181,CDS
62239,21013402,21013445,43,CDS
62240,21013513,21013845,332,CDS
62241,21013913,21014155,242,CDS
62242,21014210,21014393,183,CDS
62243,21014453,21014705,252,CDS
62244,21014766,21015127,361,CDS
62245,21015188,21015580,392,CDS
62246,21015594,21017446,1852,gene
62247,21015594,21017446,1852,mRNA
62248,21015902,21017200,1298,CDS
62249,21017784,21024918,7134,gene
62250,21017784,21017952,168,mRNA
62251,21019159,21019582,423,mRNA
62252,21019740,21019859,119,mRNA
62253,21020087,21020241,154,mRNA
62254,21020993,21021133,140,mRNA
62255,21021191,21021317,126,mRNA
62256,21021501,21021521,20,mRNA
62257,21021886,21022133,247,mRNA
62258,21023434,21023586,152,mRNA
62259,21023976,21024125,149,mRNA
62260,21024183,21024918,735,mRNA
62261,21017784,21017952,168,mRNA
62262,21019159,21019582,423,mRNA
62263,21019740,21019859,119,mRNA
62264,21020087,21020241,154,mRNA
62265,21020993,21021133,140,mRNA
62266,21021191,21021317,126,mRNA
62267,21021886,21022133,247,mRNA
62268,21022334,21022462,128,mRNA
62269,21023434,21023586,152,mRNA
62270,21023976,21024125,149,mRNA
62271,21024183,21024918,735,mRNA
62272,21017784,21017952,168,mRNA
62273,21019159,21019582,423,mRNA
62274,21019740,21019859,119,mRNA
62275,21020087,21020241,154,mRNA
62276,21020993,21021133,140,mRNA
62277,21021191,21021317,126,mRNA
62278,21021886,21022133,247,mRNA
62279,21023065,21023165,100,mRNA
62280,21023434,21023586,152,mRNA
62281,21023976,21024125,149,mRNA
62282,21024183,21024918,735,mRNA
62283,21017784,21017952,168,mRNA
62284,21019159,21019582,423,mRNA
62285,21019740,21019859,119,mRNA
62286,21020087,21020241,154,mRNA
62287,21020993,21021133,140,mRNA
62288,21021191,21021317,126,mRNA
62289,21021886,21022133,247,mRNA
62290,21023434,21023586,152,mRNA
62291,21023662,21023754,92,mRNA
62292,21023976,21024125,149,mRNA
62293,21024183,21024918,735,mRNA
62294,21017784,21017952,168,mRNA
62295,21019159,21019582,423,mRNA
62296,21019740,21019859,119,mRNA
62297,21020087,21020241,154,mRNA
62298,21020993,21021133,140,mRNA
62299,21021191,21021317,126,mRNA
62300,21021886,21022133,247,mRNA
62301,21023434,21023586,152,mRNA
62302,21023976,21024125,149,mRNA
62303,21024183,21024918,735,mRNA
62304,21017784,21017952,168,mRNA
62305,21019159,21019582,423,mRNA
62306,21019740,21019859,119,mRNA
62307,21020087,21020241,154,mRNA
62308,21020993,21021133,140,mRNA
62309,21021191,21021317,126,mRNA
62310,21023065,21023165,100,mRNA
62311,21023434,21023586,152,mRNA
62312,21023662,21023754,92,mRNA
62313,21023976,21024125,149,mRNA
62314,21024183,21024918,735,mRNA
62315,21017784,21017952,168,mRNA
62316,21019159,21019582,423,mRNA
62317,21019740,21019859,119,mRNA
62318,21020087,21020241,154,mRNA
62319,21020993,21021133,140,mRNA
62320,21021191,21021317,126,mRNA
62321,21023065,21023165,100,mRNA
62322,21023434,21023586,152,mRNA
62323,21023976,21024125,149,mRNA
62324,21024183,21024918,735,mRNA
62325,21017784,21017952,168,mRNA
62326,21019159,21019582,423,mRNA
62327,21020087,21020241,154,mRNA
62328,21020993,21021133,140,mRNA
62329,21021191,21021317,126,mRNA
62330,21021501,21021521,20,mRNA
62331,21021886,21022133,247,mRNA
62332,21023434,21023586,152,mRNA
62333,21023662,21023754,92,mRNA
62334,21023976,21024125,149,mRNA
62335,21024183,21024918,735,mRNA
62336,21017784,21017952,168,mRNA
62337,21019159,21019582,423,mRNA
62338,21020087,21020241,154,mRNA
62339,21020993,21021133,140,mRNA
62340,21021191,21021317,126,mRNA
62341,21021501,21021521,20,mRNA
62342,21021886,21022133,247,mRNA
62343,21023434,21023586,152,mRNA
62344,21023976,21024125,149,mRNA
62345,21024183,21024918,735,mRNA
62346,21017784,21017952,168,mRNA
62347,21019159,21019582,423,mRNA
62348,21020087,21020241,154,mRNA
62349,21020993,21021133,140,mRNA
62350,21021191,21021317,126,mRNA
62351,21021501,21021521,20,mRNA
62352,21023065,21023165,100,mRNA
62353,21023434,21023586,152,mRNA
62354,21023662,21023754,92,mRNA
62355,21023976,21024125,149,mRNA
62356,21024183,21024918,735,mRNA
62357,21017784,21017952,168,mRNA
62358,21019159,21019582,423,mRNA
62359,21020087,21020241,154,mRNA
62360,21020993,21021133,140,mRNA
62361,21021191,21021317,126,mRNA
62362,21021501,21021521,20,mRNA
62363,21023065,21023165,100,mRNA
62364,21023434,21023586,152,mRNA
62365,21023976,21024125,149,mRNA
62366,21024183,21024918,735,mRNA
62367,21017784,21017952,168,mRNA
62368,21019159,21019582,423,mRNA
62369,21020087,21020241,154,mRNA
62370,21020993,21021133,140,mRNA
62371,21021191,21021317,126,mRNA
62372,21021886,21022133,247,mRNA
62373,21023434,21023586,152,mRNA
62374,21023662,21023754,92,mRNA
62375,21023976,21024125,149,mRNA
62376,21024183,21024918,735,mRNA
62377,21017784,21017952,168,mRNA
62378,21019159,21019582,423,mRNA
62379,21020087,21020241,154,mRNA
62380,21020993,21021133,140,mRNA
62381,21021191,21021317,126,mRNA
62382,21021886,21022133,247,mRNA
62383,21023434,21023586,152,mRNA
62384,21023976,21024125,149,mRNA
62385,21024183,21024918,735,mRNA
62386,21017784,21017952,168,mRNA
62387,21019159,21019582,423,mRNA
62388,21020087,21020241,154,mRNA
62389,21020993,21021133,140,mRNA
62390,21021191,21021317,126,mRNA
62391,21023065,21023165,100,mRNA
62392,21023434,21023586,152,mRNA
62393,21023662,21023754,92,mRNA
62394,21023976,21024125,149,mRNA
62395,21024183,21024918,735,mRNA
62396,21017784,21017952,168,mRNA
62397,21019159,21019582,423,mRNA
62398,21020087,21020241,154,mRNA
62399,21020993,21021133,140,mRNA
62400,21021191,21021317,126,mRNA
62401,21023065,21023165,100,mRNA
62402,21023434,21023586,152,mRNA
62403,21023976,21024125,149,mRNA
62404,21024183,21024918,735,mRNA
62405,21017784,21017912,128,mRNA
62406,21019159,21019582,423,mRNA
62407,21020087,21020241,154,mRNA
62408,21020993,21021133,140,mRNA
62409,21021191,21021317,126,mRNA
62410,21021501,21021521,20,mRNA
62411,21021886,21022133,247,mRNA
62412,21023434,21023586,152,mRNA
62413,21023662,21023754,92,mRNA
62414,21023976,21024125,149,mRNA
62415,21024183,21024918,735,mRNA
62416,21018145,21018268,123,mRNA
62417,21019159,21019582,423,mRNA
62418,21019740,21019859,119,mRNA
62419,21020087,21020241,154,mRNA
62420,21020993,21021133,140,mRNA
62421,21021191,21021317,126,mRNA
62422,21021886,21022133,247,mRNA
62423,21023434,21023586,152,mRNA
62424,21023662,21023754,92,mRNA
62425,21023976,21024125,149,mRNA
62426,21024183,21024918,735,mRNA
62427,21018732,21018758,26,mRNA
62428,21019159,21019582,423,mRNA
62429,21019740,21019859,119,mRNA
62430,21020087,21020241,154,mRNA
62431,21020993,21021133,140,mRNA
62432,21021191,21021317,126,mRNA
62433,21021886,21022133,247,mRNA
62434,21023434,21023586,152,mRNA
62435,21023662,21023754,92,mRNA
62436,21023976,21024125,149,mRNA
62437,21024183,21024918,735,mRNA
62438,21019063,21019082,19,mRNA
62439,21019159,21019582,423,mRNA
62440,21019740,21019859,119,mRNA
62441,21020087,21020241,154,mRNA
62442,21020993,21021133,140,mRNA
62443,21021191,21021317,126,mRNA
62444,21023065,21023165,100,mRNA
62445,21023434,21023586,152,mRNA
62446,21023976,21024125,149,mRNA
62447,21024183,21024918,735,mRNA
62448,21019387,21019582,195,CDS
62449,21019740,21019859,119,CDS
62450,21020087,21020241,154,CDS
62451,21020993,21021133,140,CDS
62452,21021191,21021317,126,CDS
62453,21021501,21021521,20,CDS
62454,21021886,21022133,247,CDS
62455,21023434,21023586,152,CDS
62456,21023976,21024125,149,CDS
62457,21024183,21024317,134,CDS
62458,21019387,21019582,195,CDS
62459,21019740,21019859,119,CDS
62460,21020087,21020241,154,CDS
62461,21020993,21021133,140,CDS
62462,21021191,21021317,126,CDS
62463,21021886,21022133,247,CDS
62464,21023434,21023586,152,CDS
62465,21023662,21023754,92,CDS
62466,21023976,21024125,149,CDS
62467,21024183,21024317,134,CDS
62468,21019387,21019582,195,CDS
62469,21019740,21019859,119,CDS
62470,21020087,21020241,154,CDS
62471,21020993,21021133,140,CDS
62472,21021191,21021317,126,CDS
62473,21021886,21022133,247,CDS
62474,21023434,21023586,152,CDS
62475,21023662,21023754,92,CDS
62476,21023976,21024125,149,CDS
62477,21024183,21024317,134,CDS
62478,21019387,21019582,195,CDS
62479,21019740,21019859,119,CDS
62480,21020087,21020241,154,CDS
62481,21020993,21021133,140,CDS
62482,21021191,21021317,126,CDS
62483,21021886,21022133,247,CDS
62484,21023434,21023586,152,CDS
62485,21023662,21023754,92,CDS
62486,21023976,21024125,149,CDS
62487,21024183,21024317,134,CDS
62488,21019387,21019582,195,CDS
62489,21019740,21019859,119,CDS
62490,21020087,21020241,154,CDS
62491,21020993,21021133,140,CDS
62492,21021191,21021317,126,CDS
62493,21021886,21022133,247,CDS
62494,21023434,21023586,152,CDS
62495,21023976,21024125,149,CDS
62496,21024183,21024317,134,CDS
62497,21019387,21019582,195,CDS
62498,21019740,21019859,119,CDS
62499,21020087,21020241,154,CDS
62500,21020993,21021133,140,CDS
62501,21021191,21021317,126,CDS
62502,21023065,21023165,100,CDS
62503,21023434,21023586,152,CDS
62504,21023662,21023754,92,CDS
62505,21023976,21024125,149,CDS
62506,21024183,21024317,134,CDS
62507,21019387,21019582,195,CDS
62508,21019740,21019859,119,CDS
62509,21020087,21020241,154,CDS
62510,21020993,21021133,140,CDS
62511,21021191,21021317,126,CDS
62512,21023065,21023165,100,CDS
62513,21023434,21023586,152,CDS
62514,21023976,21024125,149,CDS
62515,21024183,21024317,134,CDS
62516,21019387,21019582,195,CDS
62517,21019740,21019859,119,CDS
62518,21020087,21020241,154,CDS
62519,21020993,21021133,140,CDS
62520,21021191,21021317,126,CDS
62521,21023065,21023165,100,CDS
62522,21023434,21023586,152,CDS
62523,21023976,21024125,149,CDS
62524,21024183,21024317,134,CDS
62525,21019387,21019582,195,CDS
62526,21020087,21020241,154,CDS
62527,21020993,21021133,140,CDS
62528,21021191,21021317,126,CDS
62529,21021501,21021521,20,CDS
62530,21021886,21022133,247,CDS
62531,21023434,21023586,152,CDS
62532,21023662,21023754,92,CDS
62533,21023976,21024125,149,CDS
62534,21024183,21024317,134,CDS
62535,21019387,21019582,195,CDS
62536,21020087,21020241,154,CDS
62537,21020993,21021133,140,CDS
62538,21021191,21021317,126,CDS
62539,21021501,21021521,20,CDS
62540,21021886,21022133,247,CDS
62541,21023434,21023586,152,CDS
62542,21023662,21023754,92,CDS
62543,21023976,21024125,149,CDS
62544,21024183,21024317,134,CDS
62545,21019387,21019582,195,CDS
62546,21020087,21020241,154,CDS
62547,21020993,21021133,140,CDS
62548,21021191,21021317,126,CDS
62549,21021501,21021521,20,CDS
62550,21021886,21022133,247,CDS
62551,21023434,21023586,152,CDS
62552,21023976,21024125,149,CDS
62553,21024183,21024317,134,CDS
62554,21019387,21019582,195,CDS
62555,21020087,21020241,154,CDS
62556,21020993,21021133,140,CDS
62557,21021191,21021317,126,CDS
62558,21021501,21021521,20,CDS
62559,21023065,21023165,100,CDS
62560,21023434,21023586,152,CDS
62561,21023662,21023754,92,CDS
62562,21023976,21024125,149,CDS
62563,21024183,21024317,134,CDS
62564,21019387,21019582,195,CDS
62565,21020087,21020241,154,CDS
62566,21020993,21021133,140,CDS
62567,21021191,21021317,126,CDS
62568,21021501,21021521,20,CDS
62569,21023065,21023165,100,CDS
62570,21023434,21023586,152,CDS
62571,21023976,21024125,149,CDS
62572,21024183,21024317,134,CDS
62573,21019387,21019582,195,CDS
62574,21020087,21020241,154,CDS
62575,21020993,21021133,140,CDS
62576,21021191,21021317,126,CDS
62577,21021886,21022133,247,CDS
62578,21023434,21023586,152,CDS
62579,21023662,21023754,92,CDS
62580,21023976,21024125,149,CDS
62581,21024183,21024317,134,CDS
62582,21019387,21019582,195,CDS
62583,21020087,21020241,154,CDS
62584,21020993,21021133,140,CDS
62585,21021191,21021317,126,CDS
62586,21021886,21022133,247,CDS
62587,21023434,21023586,152,CDS
62588,21023976,21024125,149,CDS
62589,21024183,21024317,134,CDS
62590,21019387,21019582,195,CDS
62591,21020087,21020241,154,CDS
62592,21020993,21021133,140,CDS
62593,21021191,21021317,126,CDS
62594,21023065,21023165,100,CDS
62595,21023434,21023586,152,CDS
62596,21023662,21023754,92,CDS
62597,21023976,21024125,149,CDS
62598,21024183,21024317,134,CDS
62599,21019387,21019582,195,CDS
62600,21020087,21020241,154,CDS
62601,21020993,21021133,140,CDS
62602,21021191,21021317,126,CDS
62603,21023065,21023165,100,CDS
62604,21023434,21023586,152,CDS
62605,21023976,21024125,149,CDS
62606,21024183,21024317,134,CDS
62607,21019387,21019582,195,CDS
62608,21019740,21019859,119,CDS
62609,21020087,21020241,154,CDS
62610,21020993,21021133,140,CDS
62611,21021191,21021317,126,CDS
62612,21021886,21022133,247,CDS
62613,21023065,21023088,23,CDS
62614,21019387,21019582,195,CDS
62615,21019740,21019859,119,CDS
62616,21020087,21020241,154,CDS
62617,21020993,21021133,140,CDS
62618,21021191,21021317,126,CDS
62619,21021886,21022133,247,CDS
62620,21022334,21022375,41,CDS
62621,21025078,21026086,1008,gene
62622,21025078,21025160,82,mRNA
62623,21025341,21025603,262,mRNA
62624,21025661,21025755,94,mRNA
62625,21025816,21026086,270,mRNA
62626,21025347,21025603,256,CDS
62627,21025661,21025755,94,CDS
62628,21025816,21025976,160,CDS
62629,21029295,21030041,746,gene
62630,21029844,21030041,197,ncRNA
62631,21029295,21029785,490,ncRNA
62632,21049654,21057197,7543,gene
62633,21055847,21057197,1350,mRNA
62634,21049654,21054702,5048,mRNA
62635,21055847,21056473,626,CDS
62636,21050806,21054702,3896,CDS
62637,21057787,21059883,2096,gene
62638,21057787,21058262,475,mRNA
62639,21058384,21058553,169,mRNA
62640,21058612,21059883,1271,mRNA
62641,21058022,21058262,240,CDS
62642,21058384,21058553,169,CDS
62643,21058612,21059061,449,CDS
62644,21059780,21060547,767,gene
62645,21060180,21060547,367,mRNA
62646,21059780,21060122,342,mRNA
62647,21060180,21060468,288,CDS
62648,21059899,21060122,223,CDS
62649,21060789,21061587,798,gene
62650,21060789,21061015,226,mRNA
62651,21061073,21061206,133,mRNA
62652,21061267,21061587,320,mRNA
62653,21060913,21061015,102,CDS
62654,21061073,21061206,133,CDS
62655,21061267,21061428,161,CDS
62656,21061646,21063212,1566,gene
62657,21061646,21061732,86,mRNA
62658,21061793,21062249,456,mRNA
62659,21062309,21063212,903,mRNA
62660,21061648,21061732,84,CDS
62661,21061793,21062249,456,CDS
62662,21062309,21063197,888,CDS
62663,21063178,21064986,1808,gene
62664,21064754,21064986,232,mRNA
62665,21064525,21064701,176,mRNA
62666,21064206,21064473,267,mRNA
62667,21063178,21064147,969,mRNA
62668,21064754,21064820,66,CDS
62669,21064525,21064701,176,CDS
62670,21064206,21064473,267,CDS
62671,21063247,21064147,900,CDS
62672,21065379,21067087,1708,gene
62673,21066989,21067087,98,mRNA
62674,21066749,21066925,176,mRNA
62675,21066416,21066686,270,mRNA
62676,21066152,21066360,208,mRNA
62677,21065379,21066095,716,mRNA
62678,21066989,21067058,69,CDS
62679,21066749,21066925,176,CDS
62680,21066416,21066686,270,CDS
62681,21066152,21066360,208,CDS
62682,21065434,21066095,661,CDS
62683,21067992,21069286,1294,gene
62684,21069212,21069286,74,mRNA
62685,21068698,21069139,441,mRNA
62686,21067992,21068635,643,mRNA
62687,21069212,21069272,60,CDS
62688,21068698,21069139,441,CDS
62689,21068032,21068635,603,CDS
62690,21068260,21069445,1185,gene
62691,21068260,21069445,1185,ncRNA
62692,21070368,21072789,2421,gene
62693,21072725,21072789,64,mRNA
62694,21071402,21071803,401,mRNA
62695,21070368,21071060,692,mRNA
62696,21072725,21072734,9,CDS
62697,21071402,21071803,401,CDS
62698,21070582,21071060,478,CDS
62699,21070749,21071895,1146,gene
62700,21070749,21071895,1146,ncRNA
62701,21074018,21088945,14927,gene
62702,21074018,21074112,94,mRNA
62703,21076653,21077139,486,mRNA
62704,21085198,21085387,189,mRNA
62705,21085448,21086725,1277,mRNA
62706,21086790,21087412,622,mRNA
62707,21087781,21087853,72,mRNA
62708,21088338,21088945,607,mRNA
62709,21075665,21075710,45,mRNA
62710,21076653,21077139,486,mRNA
62711,21085198,21085387,189,mRNA
62712,21085448,21086725,1277,mRNA
62713,21086790,21087412,622,mRNA
62714,21087781,21087858,77,mRNA
62715,21087938,21088226,288,mRNA
62716,21076453,21076499,46,mRNA
62717,21076653,21077139,486,mRNA
62718,21085198,21085387,189,mRNA
62719,21085448,21086725,1277,mRNA
62720,21086790,21087412,622,mRNA
62721,21087781,21087858,77,mRNA
62722,21087938,21088226,288,mRNA
62723,21076840,21077139,299,mRNA
62724,21085198,21085387,189,mRNA
62725,21085448,21086725,1277,mRNA
62726,21086790,21087412,622,mRNA
62727,21087781,21087858,77,mRNA
62728,21087938,21088226,288,mRNA
62729,21077090,21077139,49,CDS
62730,21085198,21085387,189,CDS
62731,21085448,21086725,1277,CDS
62732,21086790,21086954,164,CDS
62733,21077090,21077139,49,CDS
62734,21085198,21085387,189,CDS
62735,21085448,21086725,1277,CDS
62736,21086790,21086954,164,CDS
62737,21077090,21077139,49,CDS
62738,21085198,21085387,189,CDS
62739,21085448,21086725,1277,CDS
62740,21086790,21086954,164,CDS
62741,21077090,21077139,49,CDS
62742,21085198,21085387,189,CDS
62743,21085448,21086725,1277,CDS
62744,21086790,21086954,164,CDS
62745,21080608,21080871,263,mRNA
62746,21084493,21084698,205,mRNA
62747,21085198,21085387,189,mRNA
62748,21085448,21086725,1277,mRNA
62749,21086790,21087412,622,mRNA
62750,21087781,21087858,77,mRNA
62751,21087938,21088226,288,mRNA
62752,21080608,21080811,203,mRNA
62753,21085198,21085387,189,mRNA
62754,21085448,21086725,1277,mRNA
62755,21086790,21087412,622,mRNA
62756,21087781,21087858,77,mRNA
62757,21087938,21088226,288,mRNA
62758,21084335,21084698,363,mRNA
62759,21085198,21085387,189,mRNA
62760,21085448,21086725,1277,mRNA
62761,21086790,21087412,622,mRNA
62762,21087781,21087858,77,mRNA
62763,21087938,21088226,288,mRNA
62764,21084541,21084698,157,CDS
62765,21085198,21085387,189,CDS
62766,21085448,21086725,1277,CDS
62767,21086790,21086954,164,CDS
62768,21084541,21084698,157,CDS
62769,21085198,21085387,189,CDS
62770,21085448,21086725,1277,CDS
62771,21086790,21086954,164,CDS
62772,21085283,21085387,104,CDS
62773,21085448,21086725,1277,CDS
62774,21086790,21086954,164,CDS
62775,21088386,21091004,2618,gene
62776,21090872,21091004,132,mRNA
62777,21090270,21090811,541,mRNA
62778,21089430,21090214,784,mRNA
62779,21089230,21089365,135,mRNA
62780,21089055,21089171,116,mRNA
62781,21088386,21088991,605,mRNA
62782,21090872,21090926,54,CDS
62783,21090270,21090811,541,CDS
62784,21089430,21090214,784,CDS
62785,21089230,21089365,135,CDS
62786,21089055,21089171,116,CDS
62787,21088683,21088991,308,CDS
62788,21092222,21101453,9231,gene
62789,21092222,21092908,686,mRNA
62790,21093594,21093685,91,mRNA
62791,21093756,21093912,156,mRNA
62792,21100215,21101453,1238,mRNA
62793,21092500,21092908,408,CDS
62794,21093594,21093685,91,CDS
62795,21093756,21093912,156,CDS
62796,21100215,21101251,1036,CDS
62797,21095958,21097305,1347,gene
62798,21097042,21097305,263,mRNA
62799,21096327,21096707,380,mRNA
62800,21095958,21096269,311,mRNA
62801,21097042,21097231,189,CDS
62802,21096327,21096707,380,CDS
62803,21096127,21096269,142,CDS
62804,21097758,21099844,2086,mRNA
62805,21099908,21100065,157,mRNA
62806,21100215,21101453,1238,mRNA
62807,21098112,21099844,1732,CDS
62808,21099908,21100065,157,CDS
62809,21100215,21101251,1036,CDS
62810,21101928,21123704,21776,gene
62811,21101928,21102617,689,mRNA
62812,21121630,21121930,300,mRNA
62813,21122001,21122468,467,mRNA
62814,21122526,21122716,190,mRNA
62815,21122774,21122911,137,mRNA
62816,21122970,21123704,734,mRNA
62817,21101928,21102617,689,mRNA
62818,21121630,21121903,273,mRNA
62819,21122001,21122468,467,mRNA
62820,21122526,21122716,190,mRNA
62821,21122774,21122911,137,mRNA
62822,21122970,21123704,734,mRNA
62823,21102576,21102617,41,CDS
62824,21121630,21121930,300,CDS
62825,21122001,21122468,467,CDS
62826,21122526,21122716,190,CDS
62827,21122774,21122911,137,CDS
62828,21122970,21123239,269,CDS
62829,21102576,21102617,41,CDS
62830,21121630,21121903,273,CDS
62831,21122001,21122468,467,CDS
62832,21122526,21122716,190,CDS
62833,21122774,21122911,137,CDS
62834,21122970,21123239,269,CDS
62835,21118394,21120705,2311,gene
62836,21118394,21120705,2311,mRNA
62837,21118572,21120705,2133,mRNA
62838,21118609,21120648,2039,CDS
62839,21118609,21120648,2039,CDS
62840,21123735,21128510,4775,gene
62841,21128402,21128510,108,mRNA
62842,21125906,21127133,1227,mRNA
62843,21125063,21125844,781,mRNA
62844,21123735,21125002,1267,mRNA
62845,21127402,21127586,184,mRNA
62846,21125906,21127133,1227,mRNA
62847,21125063,21125844,781,mRNA
62848,21123735,21125002,1267,mRNA
62849,21125906,21127019,1113,CDS
62850,21125063,21125844,781,CDS
62851,21124118,21125002,884,CDS
62852,21125906,21127019,1113,CDS
62853,21125063,21125844,781,CDS
62854,21124118,21125002,884,CDS
62855,21128577,21129737,1160,gene
62856,21128577,21128954,377,mRNA
62857,21129013,21129737,724,mRNA
62858,21128694,21128954,260,CDS
62859,21129013,21129195,182,CDS
62860,21129463,21142261,12798,gene
62861,21141539,21142261,722,mRNA
62862,21138226,21139232,1006,mRNA
62863,21132728,21132914,186,mRNA
62864,21130649,21132662,2013,mRNA
62865,21130365,21130590,225,mRNA
62866,21129463,21130308,845,mRNA
62867,21141539,21141964,425,mRNA
62868,21138226,21139232,1006,mRNA
62869,21132728,21132914,186,mRNA
62870,21130649,21132662,2013,mRNA
62871,21130365,21130590,225,mRNA
62872,21129463,21130308,845,mRNA
62873,21139601,21139795,194,mRNA
62874,21138226,21139232,1006,mRNA
62875,21132728,21132914,186,mRNA
62876,21130649,21132662,2013,mRNA
62877,21130365,21130590,225,mRNA
62878,21129463,21130308,845,mRNA
62879,21138226,21138973,747,CDS
62880,21132728,21132914,186,CDS
62881,21130649,21132662,2013,CDS
62882,21130365,21130590,225,CDS
62883,21129875,21130308,433,CDS
62884,21138226,21138973,747,CDS
62885,21132728,21132914,186,CDS
62886,21130649,21132662,2013,CDS
62887,21130365,21130590,225,CDS
62888,21129875,21130308,433,CDS
62889,21138226,21138973,747,CDS
62890,21132728,21132914,186,CDS
62891,21130649,21132662,2013,CDS
62892,21130365,21130590,225,CDS
62893,21129875,21130308,433,CDS
62894,21142368,21143261,893,gene
62895,21142368,21142487,119,mRNA
62896,21142546,21142783,237,mRNA
62897,21142836,21143046,210,mRNA
62898,21143099,21143261,162,mRNA
62899,21142475,21142487,12,CDS
62900,21142546,21142783,237,CDS
62901,21142836,21143046,210,CDS
62902,21143099,21143197,98,CDS
62903,21143545,21145750,2205,gene
62904,21143545,21144136,591,mRNA
62905,21144201,21144505,304,mRNA
62906,21144529,21145750,1221,mRNA
62907,21143549,21144136,587,mRNA
62908,21144201,21145750,1549,mRNA
62909,21143877,21144136,259,CDS
62910,21144201,21144505,304,CDS
62911,21144529,21145460,931,CDS
62912,21143877,21144136,259,CDS
62913,21144201,21144864,663,CDS
62914,21146203,21147608,1405,gene
62915,21146203,21146704,501,mRNA
62916,21146764,21147608,844,mRNA
62917,21146301,21146704,403,CDS
62918,21146764,21147490,726,CDS
62919,21147478,21148153,675,gene
62920,21148030,21148153,123,mRNA
62921,21147478,21147970,492,mRNA
62922,21148030,21148153,123,mRNA
62923,21147620,21147970,350,mRNA
62924,21148030,21148114,84,CDS
62925,21147714,21147970,256,CDS
62926,21148030,21148114,84,CDS
62927,21147714,21147970,256,CDS
62928,21148265,21160545,12280,gene
62929,21160097,21160401,304,mRNA
62930,21156864,21157297,433,mRNA
62931,21155793,21155937,144,mRNA
62932,21155605,21155731,126,mRNA
62933,21155404,21155530,126,mRNA
62934,21154715,21155337,622,mRNA
62935,21153885,21154166,281,mRNA
62936,21150983,21151084,101,mRNA
62937,21150265,21150923,658,mRNA
62938,21150009,21150201,192,mRNA
62939,21148265,21149945,1680,mRNA
62940,21160429,21160545,116,mRNA
62941,21156864,21157297,433,mRNA
62942,21155793,21155937,144,mRNA
62943,21155605,21155731,126,mRNA
62944,21155404,21155530,126,mRNA
62945,21154715,21155337,622,mRNA
62946,21153885,21154166,281,mRNA
62947,21150983,21151084,101,mRNA
62948,21150265,21150923,658,mRNA
62949,21150009,21150201,192,mRNA
62950,21148733,21149945,1212,mRNA
62951,21160429,21160545,116,mRNA
62952,21156864,21157297,433,mRNA
62953,21155793,21155937,144,mRNA
62954,21155605,21155731,126,mRNA
62955,21155404,21155530,126,mRNA
62956,21154715,21155337,622,mRNA
62957,21153885,21154166,281,mRNA
62958,21150983,21151084,101,mRNA
62959,21150265,21150923,658,mRNA
62960,21150009,21150201,192,mRNA
62961,21148733,21149945,1212,mRNA
62962,21160429,21160545,116,mRNA
62963,21156864,21157297,433,mRNA
62964,21155793,21155937,144,mRNA
62965,21155605,21155731,126,mRNA
62966,21155404,21155530,126,mRNA
62967,21154544,21155337,793,mRNA
62968,21153885,21154166,281,mRNA
62969,21150983,21151084,101,mRNA
62970,21150265,21150923,658,mRNA
62971,21150009,21150201,192,mRNA
62972,21148733,21149945,1212,mRNA
62973,21157917,21158017,100,mRNA
62974,21156864,21157297,433,mRNA
62975,21155793,21155937,144,mRNA
62976,21155605,21155731,126,mRNA
62977,21155404,21155530,126,mRNA
62978,21154715,21155337,622,mRNA
62979,21153885,21154166,281,mRNA
62980,21150983,21151084,101,mRNA
62981,21150265,21150923,658,mRNA
62982,21150009,21150201,192,mRNA
62983,21148733,21149945,1212,mRNA
62984,21156864,21156943,79,CDS
62985,21155793,21155937,144,CDS
62986,21155605,21155731,126,CDS
62987,21155404,21155530,126,CDS
62988,21154715,21155337,622,CDS
62989,21153885,21154166,281,CDS
62990,21150983,21151084,101,CDS
62991,21150265,21150923,658,CDS
62992,21150009,21150201,192,CDS
62993,21149254,21149945,691,CDS
62994,21156864,21156943,79,CDS
62995,21155793,21155937,144,CDS
62996,21155605,21155731,126,CDS
62997,21155404,21155530,126,CDS
62998,21154715,21155337,622,CDS
62999,21153885,21154166,281,CDS
63000,21150983,21151084,101,CDS
63001,21150265,21150923,658,CDS
63002,21150009,21150201,192,CDS
63003,21149341,21149945,604,CDS
63004,21156864,21156943,79,CDS
63005,21155793,21155937,144,CDS
63006,21155605,21155731,126,CDS
63007,21155404,21155530,126,CDS
63008,21154715,21155337,622,CDS
63009,21153885,21154166,281,CDS
63010,21150983,21151084,101,CDS
63011,21150265,21150923,658,CDS
63012,21150009,21150201,192,CDS
63013,21149341,21149945,604,CDS
63014,21156864,21156943,79,CDS
63015,21155793,21155937,144,CDS
63016,21155605,21155731,126,CDS
63017,21155404,21155530,126,CDS
63018,21154715,21155337,622,CDS
63019,21153885,21154166,281,CDS
63020,21150983,21151084,101,CDS
63021,21150265,21150923,658,CDS
63022,21150009,21150201,192,CDS
63023,21149341,21149945,604,CDS
63024,21156864,21156943,79,CDS
63025,21155793,21155937,144,CDS
63026,21155605,21155731,126,CDS
63027,21155404,21155530,126,CDS
63028,21154544,21155337,793,CDS
63029,21153885,21154166,281,CDS
63030,21150983,21151084,101,CDS
63031,21150265,21150923,658,CDS
63032,21150009,21150201,192,CDS
63033,21149341,21149945,604,CDS
63034,21151168,21153747,2579,mobile_element
63035,21161063,21161134,71,gene
63036,21161063,21161134,71,tRNA
63037,21161356,21161426,70,gene
63038,21161356,21161426,70,tRNA
63039,21161526,21161597,71,gene
63040,21161526,21161597,71,tRNA
63041,21161713,21168659,6946,gene
63042,21168432,21168659,227,mRNA
63043,21167596,21168183,587,mRNA
63044,21166899,21167042,143,mRNA
63045,21166730,21166834,104,mRNA
63046,21165559,21165874,315,mRNA
63047,21164300,21165043,743,mRNA
63048,21163754,21164239,485,mRNA
63049,21163366,21163695,329,mRNA
63050,21161713,21163151,1438,mRNA
63051,21168432,21168659,227,mRNA
63052,21167596,21168183,587,mRNA
63053,21166890,21167042,152,mRNA
63054,21166730,21166834,104,mRNA
63055,21165559,21165874,315,mRNA
63056,21164300,21165043,743,mRNA
63057,21163754,21164239,485,mRNA
63058,21163366,21163695,329,mRNA
63059,21161713,21163151,1438,mRNA
63060,21168432,21168659,227,mRNA
63061,21167596,21168183,587,mRNA
63062,21167172,21167444,272,mRNA
63063,21166890,21167042,152,mRNA
63064,21166730,21166834,104,mRNA
63065,21164300,21165043,743,mRNA
63066,21163754,21164239,485,mRNA
63067,21163366,21163695,329,mRNA
63068,21161713,21163151,1438,mRNA
63069,21168432,21168659,227,mRNA
63070,21167596,21168183,587,mRNA
63071,21167172,21167444,272,mRNA
63072,21166890,21167042,152,mRNA
63073,21166730,21166834,104,mRNA
63074,21165559,21165874,315,mRNA
63075,21164300,21165043,743,mRNA
63076,21163754,21164239,485,mRNA
63077,21163366,21163695,329,mRNA
63078,21161713,21163151,1438,mRNA
63079,21168432,21168461,29,CDS
63080,21167596,21168183,587,CDS
63081,21166899,21167042,143,CDS
63082,21166730,21166834,104,CDS
63083,21165559,21165874,315,CDS
63084,21164300,21165043,743,CDS
63085,21163754,21164239,485,CDS
63086,21163366,21163695,329,CDS
63087,21162256,21163151,895,CDS
63088,21168432,21168461,29,CDS
63089,21167596,21168183,587,CDS
63090,21166890,21167042,152,CDS
63091,21166730,21166834,104,CDS
63092,21165559,21165874,315,CDS
63093,21164300,21165043,743,CDS
63094,21163754,21164239,485,CDS
63095,21163366,21163695,329,CDS
63096,21162256,21163151,895,CDS
63097,21168432,21168461,29,CDS
63098,21167596,21168183,587,CDS
63099,21167172,21167444,272,CDS
63100,21166890,21167042,152,CDS
63101,21166730,21166834,104,CDS
63102,21165559,21165874,315,CDS
63103,21164300,21165043,743,CDS
63104,21163754,21164239,485,CDS
63105,21163366,21163695,329,CDS
63106,21162256,21163151,895,CDS
63107,21168432,21168461,29,CDS
63108,21167596,21168183,587,CDS
63109,21167172,21167444,272,CDS
63110,21166890,21167042,152,CDS
63111,21166730,21166834,104,CDS
63112,21164954,21165043,89,CDS
63113,21168930,21170010,1080,gene
63114,21168930,21170010,1080,mRNA
63115,21168997,21169944,947,CDS
63116,21169969,21170672,703,gene
63117,21170540,21170672,132,mRNA
63118,21170301,21170485,184,mRNA
63119,21169969,21170238,269,mRNA
63120,21170540,21170594,54,CDS
63121,21170301,21170485,184,CDS
63122,21170065,21170238,173,CDS
63123,21171001,21174504,3503,gene
63124,21171001,21171066,65,mRNA
63125,21171121,21171578,457,mRNA
63126,21171631,21171761,130,mRNA
63127,21171824,21172044,220,mRNA
63128,21172104,21172485,381,mRNA
63129,21172544,21172825,281,mRNA
63130,21172889,21173167,278,mRNA
63131,21173527,21174504,977,mRNA
63132,21171062,21171066,4,CDS
63133,21171121,21171578,457,CDS
63134,21171631,21171761,130,CDS
63135,21171824,21172044,220,CDS
63136,21172104,21172485,381,CDS
63137,21172544,21172825,281,CDS
63138,21172889,21173167,278,CDS
63139,21173527,21174078,551,CDS
63140,21175315,21182608,7293,gene
63141,21175315,21175673,358,mRNA
63142,21179938,21180147,209,mRNA
63143,21181420,21181585,165,mRNA
63144,21181645,21181761,116,mRNA
63145,21181836,21182608,772,mRNA
63146,21175475,21175673,198,CDS
63147,21179938,21180147,209,CDS
63148,21181420,21181585,165,CDS
63149,21181645,21181761,116,CDS
63150,21181836,21181965,129,CDS
63151,21177754,21178636,882,gene
63152,21178196,21178636,440,mRNA
63153,21177754,21178133,379,mRNA
63154,21178196,21178537,341,CDS
63155,21177816,21178133,317,CDS
63156,21179118,21179644,526,mRNA
63157,21179938,21180147,209,mRNA
63158,21181420,21181585,165,mRNA
63159,21181645,21181761,116,mRNA
63160,21181836,21182608,772,mRNA
63161,21179119,21179596,477,mRNA
63162,21179938,21180147,209,mRNA
63163,21181420,21181585,165,mRNA
63164,21181645,21181761,116,mRNA
63165,21181836,21182608,772,mRNA
63166,21179293,21179644,351,CDS
63167,21179938,21180147,209,CDS
63168,21181420,21181585,165,CDS
63169,21181645,21181761,116,CDS
63170,21181836,21181965,129,CDS
63171,21179293,21179596,303,CDS
63172,21179938,21180147,209,CDS
63173,21181420,21181585,165,CDS
63174,21181645,21181761,116,CDS
63175,21181836,21181965,129,CDS
63176,21181284,21181355,71,gene
63177,21181284,21181355,71,tRNA
63178,21182678,21182749,71,gene
63179,21182678,21182749,71,tRNA
63180,21182856,21182926,70,gene
63181,21182856,21182926,70,tRNA
63182,21183322,21192913,9591,gene
63183,21183322,21183797,475,mRNA
63184,21184067,21184454,387,mRNA
63185,21184518,21185021,503,mRNA
63186,21185075,21185908,833,mRNA
63187,21185969,21187047,1078,mRNA
63188,21187103,21187932,829,mRNA
63189,21188025,21188256,231,mRNA
63190,21188374,21188573,199,mRNA
63191,21188627,21192913,4286,mRNA
63192,21183322,21183797,475,mRNA
63193,21184067,21184454,387,mRNA
63194,21184518,21185021,503,mRNA
63195,21185075,21185908,833,mRNA
63196,21185969,21187047,1078,mRNA
63197,21187112,21187932,820,mRNA
63198,21188025,21188256,231,mRNA
63199,21188374,21188573,199,mRNA
63200,21188627,21192913,4286,mRNA
63201,21184086,21184454,368,CDS
63202,21184518,21185021,503,CDS
63203,21185075,21185908,833,CDS
63204,21185969,21187047,1078,CDS
63205,21187103,21187932,829,CDS
63206,21188025,21188256,231,CDS
63207,21188374,21188573,199,CDS
63208,21188627,21192126,3499,CDS
63209,21184086,21184454,368,CDS
63210,21184518,21185021,503,CDS
63211,21185075,21185908,833,CDS
63212,21185969,21187047,1078,CDS
63213,21187112,21187932,820,CDS
63214,21188025,21188256,231,CDS
63215,21188374,21188573,199,CDS
63216,21188627,21192126,3499,CDS
63217,21193571,21199431,5860,gene
63218,21193571,21193866,295,mRNA
63219,21197608,21197793,185,mRNA
63220,21198021,21198164,143,mRNA
63221,21198230,21198434,204,mRNA
63222,21198492,21198677,185,mRNA
63223,21198762,21198917,155,mRNA
63224,21198975,21199431,456,mRNA
63225,21197611,21197793,182,CDS
63226,21198021,21198164,143,CDS
63227,21198230,21198434,204,CDS
63228,21198492,21198677,185,CDS
63229,21198762,21198917,155,CDS
63230,21198975,21199132,157,CDS
63231,21200483,21212969,12486,gene
63232,21200483,21200658,175,mRNA
63233,21211243,21212478,1235,mRNA
63234,21212546,21212969,423,mRNA
63235,21200483,21210821,10338,gene
63236,21200483,21200658,175,mRNA
63237,21204613,21204923,310,mRNA
63238,21205010,21205299,289,mRNA
63239,21205361,21205541,180,mRNA
63240,21205746,21205814,68,mRNA
63241,21206877,21207512,635,mRNA
63242,21208470,21208671,201,mRNA
63243,21210183,21210821,638,mRNA
63244,21200483,21200658,175,mRNA
63245,21204613,21204923,310,mRNA
63246,21205010,21205299,289,mRNA
63247,21205361,21205541,180,mRNA
63248,21208470,21208671,201,mRNA
63249,21209972,21210821,849,mRNA
63250,21200483,21200658,175,mRNA
63251,21204613,21204923,310,mRNA
63252,21205010,21205299,289,mRNA
63253,21205361,21205541,180,mRNA
63254,21205746,21205814,68,mRNA
63255,21208470,21209889,1419,mRNA
63256,21200483,21200658,175,mRNA
63257,21204613,21204923,310,mRNA
63258,21205010,21205299,289,mRNA
63259,21205361,21205541,180,mRNA
63260,21206877,21207512,635,mRNA
63261,21208470,21209889,1419,mRNA
63262,21200483,21200658,175,mRNA
63263,21204613,21204923,310,mRNA
63264,21205010,21205299,289,mRNA
63265,21205361,21205541,180,mRNA
63266,21208470,21209889,1419,mRNA
63267,21200652,21200658,6,CDS
63268,21211243,21212478,1235,CDS
63269,21212546,21212613,67,CDS
63270,21200652,21200658,6,CDS
63271,21204613,21204923,310,CDS
63272,21205010,21205299,289,CDS
63273,21205361,21205541,180,CDS
63274,21205746,21205814,68,CDS
63275,21206877,21207512,635,CDS
63276,21208470,21208671,201,CDS
63277,21210183,21210586,403,CDS
63278,21200652,21200658,6,CDS
63279,21204613,21204923,310,CDS
63280,21205010,21205299,289,CDS
63281,21205361,21205541,180,CDS
63282,21208470,21208671,201,CDS
63283,21209972,21209985,13,CDS
63284,21200652,21200658,6,CDS
63285,21204613,21204923,310,CDS
63286,21205010,21205299,289,CDS
63287,21205361,21205541,180,CDS
63288,21205746,21205814,68,CDS
63289,21208470,21208682,212,CDS
63290,21200652,21200658,6,CDS
63291,21204613,21204923,310,CDS
63292,21205010,21205299,289,CDS
63293,21205361,21205541,180,CDS
63294,21206877,21207512,635,CDS
63295,21208470,21208682,212,CDS
63296,21200652,21200658,6,CDS
63297,21204613,21204923,310,CDS
63298,21205010,21205299,289,CDS
63299,21205361,21205541,180,CDS
63300,21208470,21208682,212,CDS
63301,21203366,21203567,201,mRNA
63302,21204613,21204923,310,mRNA
63303,21205010,21205299,289,mRNA
63304,21205361,21205541,180,mRNA
63305,21208470,21209889,1419,mRNA
63306,21204744,21204923,179,CDS
63307,21205010,21205299,289,CDS
63308,21205361,21205541,180,CDS
63309,21208470,21208682,212,CDS
63310,21210780,21212478,1698,mRNA
63311,21212546,21212969,423,mRNA
63312,21211224,21212478,1254,CDS
63313,21212546,21212613,67,CDS
63314,21212880,21214972,2092,gene
63315,21214903,21214972,69,mRNA
63316,21214427,21214685,258,mRNA
63317,21213706,21214371,665,mRNA
63318,21212880,21213638,758,mRNA
63319,21214903,21214905,2,CDS
63320,21214427,21214685,258,CDS
63321,21213706,21214371,665,CDS
63322,21212968,21213638,670,CDS
63323,21215435,21217779,2344,gene
63324,21217728,21217779,51,mRNA
63325,21217237,21217434,197,mRNA
63326,21217016,21217174,158,mRNA
63327,21216506,21216967,461,mRNA
63328,21215971,21216449,478,mRNA
63329,21215435,21215908,473,mRNA
63330,21217653,21217779,126,mRNA
63331,21217237,21217434,197,mRNA
63332,21217016,21217174,158,mRNA
63333,21216506,21216967,461,mRNA
63334,21215971,21216449,478,mRNA
63335,21215435,21215908,473,mRNA
63336,21217237,21217339,102,CDS
63337,21217016,21217174,158,CDS
63338,21216506,21216967,461,CDS
63339,21215971,21216449,478,CDS
63340,21215519,21215908,389,CDS
63341,21217237,21217339,102,CDS
63342,21217016,21217174,158,CDS
63343,21216506,21216967,461,CDS
63344,21215971,21216449,478,CDS
63345,21215519,21215908,389,CDS
63346,21217856,21251150,33294,gene
63347,21250538,21251150,612,mRNA
63348,21238841,21238899,58,mRNA
63349,21223017,21223284,267,mRNA
63350,21221820,21222040,220,mRNA
63351,21219673,21221747,2074,mRNA
63352,21219375,21219592,217,mRNA
63353,21219099,21219301,202,mRNA
63354,21217856,21218994,1138,mRNA
63355,21250543,21250959,416,mRNA
63356,21238841,21238899,58,mRNA
63357,21223017,21223284,267,mRNA
63358,21221820,21222040,220,mRNA
63359,21219673,21221747,2074,mRNA
63360,21219375,21219592,217,mRNA
63361,21219099,21219301,202,mRNA
63362,21217856,21218994,1138,mRNA
63363,21223607,21223854,247,mRNA
63364,21223017,21223284,267,mRNA
63365,21221820,21222040,220,mRNA
63366,21219673,21221747,2074,mRNA
63367,21219375,21219592,217,mRNA
63368,21219099,21219301,202,mRNA
63369,21217856,21218994,1138,mRNA
63370,21238841,21238873,32,CDS
63371,21223017,21223284,267,CDS
63372,21221820,21222040,220,CDS
63373,21219673,21221747,2074,CDS
63374,21219375,21219592,217,CDS
63375,21219099,21219301,202,CDS
63376,21218872,21218994,122,CDS
63377,21238841,21238873,32,CDS
63378,21223017,21223284,267,CDS
63379,21221820,21222040,220,CDS
63380,21219673,21221747,2074,CDS
63381,21219375,21219592,217,CDS
63382,21219099,21219301,202,CDS
63383,21218950,21218994,44,CDS
63384,21223607,21223786,179,CDS
63385,21223017,21223284,267,CDS
63386,21221820,21222040,220,CDS
63387,21219673,21221747,2074,CDS
63388,21219375,21219592,217,CDS
63389,21219099,21219301,202,CDS
63390,21218950,21218994,44,CDS
63391,21255165,21280995,25830,gene
63392,21255165,21256303,1138,mRNA
63393,21264065,21264533,468,mRNA
63394,21270761,21270914,153,mRNA
63395,21272170,21272286,116,mRNA
63396,21276147,21276461,314,mRNA
63397,21276518,21276606,88,mRNA
63398,21278395,21278575,180,mRNA
63399,21278692,21278825,133,mRNA
63400,21279799,21280995,1196,mRNA
63401,21255798,21256303,505,mRNA
63402,21257259,21258011,752,mRNA
63403,21264065,21264533,468,mRNA
63404,21270761,21270914,153,mRNA
63405,21272170,21272286,116,mRNA
63406,21276147,21276461,314,mRNA
63407,21276518,21276606,88,mRNA
63408,21278395,21278575,180,mRNA
63409,21278692,21278825,133,mRNA
63410,21279799,21280373,574,mRNA
63411,21255798,21256303,505,mRNA
63412,21264065,21264533,468,mRNA
63413,21270761,21270914,153,mRNA
63414,21272170,21272286,116,mRNA
63415,21276147,21276461,314,mRNA
63416,21276518,21276606,88,mRNA
63417,21278395,21278575,180,mRNA
63418,21278692,21278825,133,mRNA
63419,21278983,21279093,110,mRNA
63420,21279799,21280373,574,mRNA
63421,21255798,21256303,505,mRNA
63422,21264065,21264533,468,mRNA
63423,21270761,21270914,153,mRNA
63424,21272170,21272286,116,mRNA
63425,21276147,21276461,314,mRNA
63426,21276518,21276606,88,mRNA
63427,21278395,21278575,180,mRNA
63428,21278692,21278825,133,mRNA
63429,21279799,21280373,574,mRNA
63430,21264321,21264533,212,CDS
63431,21270761,21270914,153,CDS
63432,21272170,21272286,116,CDS
63433,21276147,21276461,314,CDS
63434,21276518,21276606,88,CDS
63435,21278395,21278575,180,CDS
63436,21278692,21278825,133,CDS
63437,21278983,21279093,110,CDS
63438,21279799,21279945,146,CDS
63439,21264321,21264533,212,CDS
63440,21270761,21270914,153,CDS
63441,21272170,21272286,116,CDS
63442,21276147,21276461,314,CDS
63443,21276518,21276606,88,CDS
63444,21278395,21278575,180,CDS
63445,21278692,21278825,133,CDS
63446,21279799,21279945,146,CDS
63447,21264321,21264533,212,CDS
63448,21270761,21270914,153,CDS
63449,21272170,21272286,116,CDS
63450,21276147,21276461,314,CDS
63451,21276518,21276606,88,CDS
63452,21278395,21278575,180,CDS
63453,21278692,21278825,133,CDS
63454,21279799,21279945,146,CDS
63455,21264321,21264533,212,CDS
63456,21270761,21270914,153,CDS
63457,21272170,21272286,116,CDS
63458,21276147,21276461,314,CDS
63459,21276518,21276606,88,CDS
63460,21278395,21278575,180,CDS
63461,21278692,21278825,133,CDS
63462,21279799,21279945,146,CDS
63463,21264805,21266342,1537,gene
63464,21264805,21266342,1537,mRNA
63465,21265229,21266245,1016,CDS
63466,21266364,21267579,1215,gene
63467,21266364,21267579,1215,mRNA
63468,21266451,21267515,1064,CDS
63469,21281063,21281656,593,gene
63470,21281581,21281656,75,mRNA
63471,21281063,21281521,458,mRNA
63472,21281581,21281595,14,CDS
63473,21281192,21281521,329,CDS
63474,21282298,21285679,3381,gene
63475,21282298,21282564,266,mRNA
63476,21282987,21283212,225,mRNA
63477,21283331,21283482,151,mRNA
63478,21283543,21284111,568,mRNA
63479,21284382,21284592,210,mRNA
63480,21284650,21284798,148,mRNA
63481,21284855,21285679,824,mRNA
63482,21282298,21282391,93,mRNA
63483,21282987,21283212,225,mRNA
63484,21283331,21283482,151,mRNA
63485,21283543,21284111,568,mRNA
63486,21284382,21284592,210,mRNA
63487,21284650,21284798,148,mRNA
63488,21284855,21285679,824,mRNA
63489,21282400,21282830,430,mRNA
63490,21282987,21283212,225,mRNA
63491,21283331,21283482,151,mRNA
63492,21283543,21284111,568,mRNA
63493,21284382,21284592,210,mRNA
63494,21284650,21284798,148,mRNA
63495,21284855,21285679,824,mRNA
63496,21282543,21282564,21,CDS
63497,21282987,21283212,225,CDS
63498,21283331,21283482,151,CDS
63499,21283543,21284111,568,CDS
63500,21284382,21284592,210,CDS
63501,21284650,21284798,148,CDS
63502,21284855,21285226,371,CDS
63503,21282838,21283212,374,mRNA
63504,21283331,21283482,151,mRNA
63505,21283543,21284111,568,mRNA
63506,21284382,21284592,210,mRNA
63507,21284650,21284798,148,mRNA
63508,21284855,21285679,824,mRNA
63509,21283079,21283212,133,CDS
63510,21283331,21283482,151,CDS
63511,21283543,21284111,568,CDS
63512,21284382,21284592,210,CDS
63513,21284650,21284798,148,CDS
63514,21284855,21285226,371,CDS
63515,21283079,21283212,133,CDS
63516,21283331,21283482,151,CDS
63517,21283543,21284111,568,CDS
63518,21284382,21284592,210,CDS
63519,21284650,21284798,148,CDS
63520,21284855,21285226,371,CDS
63521,21283079,21283212,133,CDS
63522,21283331,21283482,151,CDS
63523,21283543,21284111,568,CDS
63524,21284382,21284592,210,CDS
63525,21284650,21284798,148,CDS
63526,21284855,21285226,371,CDS
63527,21285248,21290343,5095,gene
63528,21290246,21290343,97,mRNA
63529,21289596,21289826,230,mRNA
63530,21287292,21289524,2232,mRNA
63531,21287077,21287227,150,mRNA
63532,21286068,21287016,948,mRNA
63533,21285248,21286011,763,mRNA
63534,21290246,21290328,82,CDS
63535,21289596,21289826,230,CDS
63536,21287292,21289524,2232,CDS
63537,21287077,21287227,150,CDS
63538,21286068,21287016,948,CDS
63539,21285720,21286011,291,CDS
63540,21290914,21292181,1267,gene
63541,21291927,21292181,254,mRNA
63542,21291642,21291859,217,mRNA
63543,21291032,21291581,549,mRNA
63544,21290914,21290970,56,mRNA
63545,21291927,21292181,254,mRNA
63546,21291642,21291859,217,mRNA
63547,21290914,21291581,667,mRNA
63548,21291927,21292084,157,CDS
63549,21291642,21291859,217,CDS
63550,21291286,21291581,295,CDS
63551,21291927,21292084,157,CDS
63552,21291642,21291859,217,CDS
63553,21291286,21291581,295,CDS
63554,21292239,21293646,1407,gene
63555,21293497,21293646,149,mRNA
63556,21293321,21293414,93,mRNA
63557,21293037,21293265,228,mRNA
63558,21292827,21292984,157,mRNA
63559,21292239,21292757,518,mRNA
63560,21293321,21293441,120,mRNA
63561,21293037,21293265,228,mRNA
63562,21292827,21292984,157,mRNA
63563,21292239,21292757,518,mRNA
63564,21293321,21293359,38,CDS
63565,21293037,21293265,228,CDS
63566,21292827,21292984,157,CDS
63567,21292314,21292757,443,CDS
63568,21293321,21293359,38,CDS
63569,21293037,21293265,228,CDS
63570,21292827,21292984,157,CDS
63571,21292314,21292757,443,CDS
63572,21293768,21294404,636,gene
63573,21293768,21293874,106,mRNA
63574,21294054,21294161,107,mRNA
63575,21294231,21294404,173,mRNA
63576,21293768,21293789,21,mRNA
63577,21293850,21293874,24,mRNA
63578,21294054,21294161,107,mRNA
63579,21294231,21294404,173,mRNA
63580,21293768,21293789,21,mRNA
63581,21294054,21294161,107,mRNA
63582,21294231,21294404,173,mRNA
63583,21294060,21294161,101,CDS
63584,21294231,21294359,128,CDS
63585,21294060,21294161,101,CDS
63586,21294231,21294359,128,CDS
63587,21294060,21294161,101,CDS
63588,21294231,21294359,128,CDS
63589,21294402,21295588,1186,gene
63590,21295267,21295588,321,mRNA
63591,21294402,21295210,808,mRNA
63592,21295267,21295522,255,CDS
63593,21294435,21295210,775,CDS
63594,21295652,21310411,14759,gene
63595,21295652,21296213,561,mRNA
63596,21299837,21300371,534,mRNA
63597,21303885,21304019,134,mRNA
63598,21304079,21304276,197,mRNA
63599,21304335,21307099,2764,mRNA
63600,21307168,21307346,178,mRNA
63601,21307404,21307639,235,mRNA
63602,21307705,21307875,170,mRNA
63603,21307934,21308158,224,mRNA
63604,21308452,21308548,96,mRNA
63605,21309629,21309895,266,mRNA
63606,21309956,21310411,455,mRNA
63607,21295652,21296213,561,mRNA
63608,21303885,21304019,134,mRNA
63609,21304079,21304276,197,mRNA
63610,21304335,21307099,2764,mRNA
63611,21307168,21307346,178,mRNA
63612,21307404,21307639,235,mRNA
63613,21307705,21307875,170,mRNA
63614,21307934,21308158,224,mRNA
63615,21308292,21308321,29,mRNA
63616,21308452,21308548,96,mRNA
63617,21309629,21309895,266,mRNA
63618,21309956,21310411,455,mRNA
63619,21295652,21296213,561,mRNA
63620,21303885,21304019,134,mRNA
63621,21304079,21304276,197,mRNA
63622,21304335,21307099,2764,mRNA
63623,21307168,21307346,178,mRNA
63624,21307404,21307639,235,mRNA
63625,21307705,21307875,170,mRNA
63626,21307934,21308158,224,mRNA
63627,21308452,21308548,96,mRNA
63628,21309629,21309895,266,mRNA
63629,21309956,21310411,455,mRNA
63630,21295652,21296213,561,mRNA
63631,21299837,21300371,534,mRNA
63632,21303885,21304019,134,mRNA
63633,21304079,21304276,197,mRNA
63634,21304335,21307099,2764,mRNA
63635,21307168,21307346,178,mRNA
63636,21307404,21307639,235,mRNA
63637,21307705,21307875,170,mRNA
63638,21307934,21308158,224,mRNA
63639,21308452,21309434,982,mRNA
63640,21295652,21296213,561,mRNA
63641,21303885,21304019,134,mRNA
63642,21304079,21304276,197,mRNA
63643,21304335,21307099,2764,mRNA
63644,21307168,21307346,178,mRNA
63645,21307404,21307639,235,mRNA
63646,21307705,21307875,170,mRNA
63647,21307934,21308158,224,mRNA
63648,21308452,21309434,982,mRNA
63649,21297495,21298495,1000,gene
63650,21298258,21298495,237,ncRNA
63651,21297495,21298192,697,ncRNA
63652,21298024,21298487,463,mRNA
63653,21303885,21304019,134,mRNA
63654,21304079,21304276,197,mRNA
63655,21304335,21307099,2764,mRNA
63656,21307168,21307346,178,mRNA
63657,21307404,21307639,235,mRNA
63658,21307705,21307875,170,mRNA
63659,21307934,21308158,224,mRNA
63660,21308452,21308548,96,mRNA
63661,21309629,21309895,266,mRNA
63662,21309956,21310411,455,mRNA
63663,21298024,21298487,463,mRNA
63664,21303885,21304019,134,mRNA
63665,21304079,21304276,197,mRNA
63666,21304335,21307099,2764,mRNA
63667,21307168,21307346,178,mRNA
63668,21307404,21307639,235,mRNA
63669,21307705,21307875,170,mRNA
63670,21307934,21308158,224,mRNA
63671,21308452,21309434,982,mRNA
63672,21298290,21298487,197,CDS
63673,21303885,21304019,134,CDS
63674,21304079,21304276,197,CDS
63675,21304335,21307099,2764,CDS
63676,21307168,21307346,178,CDS
63677,21307404,21307639,235,CDS
63678,21307705,21307875,170,CDS
63679,21307934,21308158,224,CDS
63680,21308452,21308548,96,CDS
63681,21309629,21309895,266,CDS
63682,21309956,21310143,187,CDS
63683,21298290,21298487,197,CDS
63684,21303885,21304019,134,CDS
63685,21304079,21304276,197,CDS
63686,21304335,21307099,2764,CDS
63687,21307168,21307346,178,CDS
63688,21307404,21307639,235,CDS
63689,21307705,21307875,170,CDS
63690,21307934,21308158,224,CDS
63691,21308452,21308997,545,CDS
63692,21299219,21299397,178,mRNA
63693,21303885,21304019,134,mRNA
63694,21304079,21304276,197,mRNA
63695,21304335,21307099,2764,mRNA
63696,21307168,21307346,178,mRNA
63697,21307404,21307639,235,mRNA
63698,21307705,21307875,170,mRNA
63699,21307934,21308158,224,mRNA
63700,21308452,21308548,96,mRNA
63701,21309629,21309895,266,mRNA
63702,21309956,21310411,455,mRNA
63703,21299219,21299397,178,mRNA
63704,21303885,21304019,134,mRNA
63705,21304079,21304276,197,mRNA
63706,21304335,21307099,2764,mRNA
63707,21307168,21307346,178,mRNA
63708,21307404,21307639,235,mRNA
63709,21307705,21307875,170,mRNA
63710,21307934,21308158,224,mRNA
63711,21308452,21309434,982,mRNA
63712,21299356,21299397,41,CDS
63713,21303885,21304019,134,CDS
63714,21304079,21304276,197,CDS
63715,21304335,21307099,2764,CDS
63716,21307168,21307346,178,CDS
63717,21307404,21307639,235,CDS
63718,21307705,21307875,170,CDS
63719,21307934,21308158,224,CDS
63720,21308452,21308548,96,CDS
63721,21309629,21309895,266,CDS
63722,21309956,21310143,187,CDS
63723,21299356,21299397,41,CDS
63724,21303885,21304019,134,CDS
63725,21304079,21304276,197,CDS
63726,21304335,21307099,2764,CDS
63727,21307168,21307346,178,CDS
63728,21307404,21307639,235,CDS
63729,21307705,21307875,170,CDS
63730,21307934,21308158,224,CDS
63731,21308452,21308997,545,CDS
63732,21299904,21300371,467,CDS
63733,21303885,21304019,134,CDS
63734,21304079,21304276,197,CDS
63735,21304335,21307099,2764,CDS
63736,21307168,21307346,178,CDS
63737,21307404,21307639,235,CDS
63738,21307705,21307875,170,CDS
63739,21307934,21308158,224,CDS
63740,21308452,21308548,96,CDS
63741,21309629,21309895,266,CDS
63742,21309956,21310143,187,CDS
63743,21299904,21300371,467,CDS
63744,21303885,21304019,134,CDS
63745,21304079,21304276,197,CDS
63746,21304335,21307099,2764,CDS
63747,21307168,21307346,178,CDS
63748,21307404,21307639,235,CDS
63749,21307705,21307875,170,CDS
63750,21307934,21308158,224,CDS
63751,21308452,21308997,545,CDS
63752,21301942,21302485,543,mRNA
63753,21303885,21304019,134,mRNA
63754,21304079,21304276,197,mRNA
63755,21304335,21307099,2764,mRNA
63756,21307168,21307346,178,mRNA
63757,21307404,21307639,235,mRNA
63758,21307705,21307875,170,mRNA
63759,21307934,21308158,224,mRNA
63760,21308452,21308548,96,mRNA
63761,21309629,21309895,266,mRNA
63762,21309956,21310411,455,mRNA
63763,21302390,21302485,95,CDS
63764,21303885,21304019,134,CDS
63765,21304079,21304276,197,CDS
63766,21304335,21307099,2764,CDS
63767,21307168,21307346,178,CDS
63768,21307404,21307639,235,CDS
63769,21307705,21307875,170,CDS
63770,21307934,21308158,224,CDS
63771,21308452,21308548,96,CDS
63772,21309629,21309895,266,CDS
63773,21309956,21310143,187,CDS
63774,21303909,21304019,110,CDS
63775,21304079,21304276,197,CDS
63776,21304335,21307099,2764,CDS
63777,21307168,21307346,178,CDS
63778,21307404,21307639,235,CDS
63779,21307705,21307875,170,CDS
63780,21307934,21308158,224,CDS
63781,21308292,21308321,29,CDS
63782,21308452,21308548,96,CDS
63783,21309629,21309895,266,CDS
63784,21309956,21310143,187,CDS
63785,21303909,21304019,110,CDS
63786,21304079,21304276,197,CDS
63787,21304335,21307099,2764,CDS
63788,21307168,21307346,178,CDS
63789,21307404,21307639,235,CDS
63790,21307705,21307875,170,CDS
63791,21307934,21308158,224,CDS
63792,21308452,21308548,96,CDS
63793,21309629,21309895,266,CDS
63794,21309956,21310143,187,CDS
63795,21303909,21304019,110,CDS
63796,21304079,21304276,197,CDS
63797,21304335,21307099,2764,CDS
63798,21307168,21307346,178,CDS
63799,21307404,21307639,235,CDS
63800,21307705,21307875,170,CDS
63801,21307934,21308158,224,CDS
63802,21308452,21308997,545,CDS
63803,21309395,21310146,751,gene
63804,21310004,21310146,142,ncRNA
63805,21309395,21309911,516,ncRNA
63806,21309395,21310146,751,ncRNA
63807,21310368,21312354,1986,gene
63808,21310368,21312354,1986,mRNA
63809,21310447,21312072,1625,CDS
63810,21312399,21319569,7170,gene
63811,21312399,21312462,63,mRNA
63812,21314424,21314764,340,mRNA
63813,21314828,21315185,357,mRNA
63814,21315236,21316639,1403,mRNA
63815,21316697,21317552,855,mRNA
63816,21317609,21317786,177,mRNA
63817,21317847,21318016,169,mRNA
63818,21318081,21319569,1488,mRNA
63819,21312674,21312783,109,mRNA
63820,21314424,21315185,761,mRNA
63821,21315236,21316639,1403,mRNA
63822,21316697,21317552,855,mRNA
63823,21317609,21317786,177,mRNA
63824,21317847,21318016,169,mRNA
63825,21318081,21319569,1488,mRNA
63826,21312674,21312783,109,mRNA
63827,21314424,21314764,340,mRNA
63828,21314828,21315185,357,mRNA
63829,21315236,21316639,1403,mRNA
63830,21316697,21317552,855,mRNA
63831,21317609,21317786,177,mRNA
63832,21317847,21318016,169,mRNA
63833,21318081,21319569,1488,mRNA
63834,21312674,21312740,66,mRNA
63835,21314424,21314764,340,mRNA
63836,21314828,21315185,357,mRNA
63837,21315236,21316639,1403,mRNA
63838,21316697,21317552,855,mRNA
63839,21317609,21317786,177,mRNA
63840,21317847,21318016,169,mRNA
63841,21318081,21319569,1488,mRNA
63842,21313367,21313716,349,mRNA
63843,21314424,21314764,340,mRNA
63844,21314828,21315185,357,mRNA
63845,21315236,21316639,1403,mRNA
63846,21316697,21317552,855,mRNA
63847,21317609,21317786,177,mRNA
63848,21317847,21318016,169,mRNA
63849,21318081,21319569,1488,mRNA
63850,21313456,21313716,260,CDS
63851,21314424,21314764,340,CDS
63852,21314828,21315185,357,CDS
63853,21315236,21316639,1403,CDS
63854,21316697,21317552,855,CDS
63855,21317609,21317786,177,CDS
63856,21317847,21318016,169,CDS
63857,21318081,21319402,1321,CDS
63858,21313872,21313979,107,mRNA
63859,21314424,21314764,340,mRNA
63860,21314828,21315185,357,mRNA
63861,21315236,21316639,1403,mRNA
63862,21316697,21317552,855,mRNA
63863,21317609,21317786,177,mRNA
63864,21317847,21318016,169,mRNA
63865,21318081,21319569,1488,mRNA
63866,21313968,21313979,11,CDS
63867,21314424,21314764,340,CDS
63868,21314828,21315185,357,CDS
63869,21315236,21316639,1403,CDS
63870,21316697,21317552,855,CDS
63871,21317609,21317786,177,CDS
63872,21317847,21318016,169,CDS
63873,21318081,21319402,1321,CDS
63874,21314424,21315185,761,CDS
63875,21315236,21316639,1403,CDS
63876,21316697,21317552,855,CDS
63877,21317609,21317786,177,CDS
63878,21317847,21318016,169,CDS
63879,21318081,21319402,1321,CDS
63880,21314424,21314764,340,CDS
63881,21314828,21315185,357,CDS
63882,21315236,21316639,1403,CDS
63883,21316697,21317552,855,CDS
63884,21317609,21317786,177,CDS
63885,21317847,21318016,169,CDS
63886,21318081,21319402,1321,CDS
63887,21314424,21314764,340,CDS
63888,21314828,21315185,357,CDS
63889,21315236,21316639,1403,CDS
63890,21316697,21317552,855,CDS
63891,21317609,21317786,177,CDS
63892,21317847,21318016,169,CDS
63893,21318081,21319402,1321,CDS
63894,21314424,21314764,340,CDS
63895,21314828,21315185,357,CDS
63896,21315236,21316639,1403,CDS
63897,21316697,21317552,855,CDS
63898,21317609,21317786,177,CDS
63899,21317847,21318016,169,CDS
63900,21318081,21319402,1321,CDS
63901,21317793,21320017,2224,gene
63902,21319865,21320017,152,mRNA
63903,21317793,21319803,2010,mRNA
63904,21319861,21320017,156,mRNA
63905,21317793,21319803,2010,mRNA
63906,21319865,21319963,98,CDS
63907,21319579,21319803,224,CDS
63908,21319861,21319963,102,CDS
63909,21319784,21319803,19,CDS
63910,21320040,21323320,3280,gene
63911,21323166,21323320,154,mRNA
63912,21322508,21323069,561,mRNA
63913,21322218,21322456,238,mRNA
63914,21322009,21322157,148,mRNA
63915,21321812,21321948,136,mRNA
63916,21320040,21321756,1716,mRNA
63917,21322508,21323320,812,mRNA
63918,21322218,21322456,238,mRNA
63919,21322009,21322157,148,mRNA
63920,21321812,21321948,136,mRNA
63921,21320040,21321756,1716,mRNA
63922,21322508,21322882,374,CDS
63923,21322218,21322456,238,CDS
63924,21322009,21322157,148,CDS
63925,21321812,21321948,136,CDS
63926,21320161,21321756,1595,CDS
63927,21322508,21322882,374,CDS
63928,21322218,21322456,238,CDS
63929,21322009,21322157,148,CDS
63930,21321812,21321948,136,CDS
63931,21320161,21321756,1595,CDS
63932,21323430,21341847,18417,gene
63933,21323430,21323622,192,mRNA
63934,21324189,21324810,621,mRNA
63935,21324870,21325173,303,mRNA
63936,21325392,21325647,255,mRNA
63937,21326190,21326294,104,mRNA
63938,21327419,21328219,800,mRNA
63939,21328440,21329661,1221,mRNA
63940,21329903,21330089,186,mRNA
63941,21331120,21331256,136,mRNA
63942,21331334,21331520,186,mRNA
63943,21331750,21333846,2096,mRNA
63944,21334374,21334592,218,mRNA
63945,21337428,21337463,35,mRNA
63946,21337525,21340620,3095,mRNA
63947,21340684,21341847,1163,mRNA
63948,21323430,21323622,192,mRNA
63949,21324189,21324810,621,mRNA
63950,21324870,21325173,303,mRNA
63951,21325392,21325647,255,mRNA
63952,21327419,21328219,800,mRNA
63953,21328440,21329661,1221,mRNA
63954,21329903,21330089,186,mRNA
63955,21331120,21331256,136,mRNA
63956,21331334,21331520,186,mRNA
63957,21331750,21333846,2096,mRNA
63958,21334374,21334592,218,mRNA
63959,21337428,21337463,35,mRNA
63960,21337525,21340620,3095,mRNA
63961,21340684,21341847,1163,mRNA
63962,21323430,21323622,192,mRNA
63963,21324189,21324810,621,mRNA
63964,21324870,21325173,303,mRNA
63965,21325392,21325647,255,mRNA
63966,21327419,21328219,800,mRNA
63967,21328440,21329661,1221,mRNA
63968,21329903,21330089,186,mRNA
63969,21331120,21331256,136,mRNA
63970,21331334,21331520,186,mRNA
63971,21331750,21333846,2096,mRNA
63972,21334374,21334592,218,mRNA
63973,21337428,21337463,35,mRNA
63974,21337525,21340620,3095,mRNA
63975,21340684,21341076,392,mRNA
63976,21341420,21341847,427,mRNA
63977,21323430,21323622,192,mRNA
63978,21324189,21324810,621,mRNA
63979,21324870,21325173,303,mRNA
63980,21325392,21325647,255,mRNA
63981,21327419,21328219,800,mRNA
63982,21328440,21329661,1221,mRNA
63983,21329903,21330089,186,mRNA
63984,21331120,21331256,136,mRNA
63985,21331334,21331520,186,mRNA
63986,21331750,21333846,2096,mRNA
63987,21334374,21336986,2612,mRNA
63988,21324200,21324810,610,CDS
63989,21324870,21325173,303,CDS
63990,21325392,21325647,255,CDS
63991,21327419,21328219,800,CDS
63992,21328440,21329661,1221,CDS
63993,21329903,21330089,186,CDS
63994,21331120,21331256,136,CDS
63995,21331334,21331520,186,CDS
63996,21331750,21333846,2096,CDS
63997,21334374,21334592,218,CDS
63998,21337428,21337463,35,CDS
63999,21337525,21340620,3095,CDS
64000,21340684,21341076,392,CDS
64001,21341420,21341425,5,CDS
64002,21324200,21324810,610,CDS
64003,21324870,21325173,303,CDS
64004,21325392,21325647,255,CDS
64005,21326190,21326294,104,CDS
64006,21327419,21328219,800,CDS
64007,21328440,21329661,1221,CDS
64008,21329903,21330089,186,CDS
64009,21331120,21331256,136,CDS
64010,21331334,21331520,186,CDS
64011,21331750,21333846,2096,CDS
64012,21334374,21334592,218,CDS
64013,21337428,21337463,35,CDS
64014,21337525,21340620,3095,CDS
64015,21340684,21341127,443,CDS
64016,21324200,21324810,610,CDS
64017,21324870,21325173,303,CDS
64018,21325392,21325647,255,CDS
64019,21327419,21328219,800,CDS
64020,21328440,21329661,1221,CDS
64021,21329903,21330089,186,CDS
64022,21331120,21331256,136,CDS
64023,21331334,21331520,186,CDS
64024,21331750,21333846,2096,CDS
64025,21334374,21334592,218,CDS
64026,21337428,21337463,35,CDS
64027,21337525,21340620,3095,CDS
64028,21340684,21341127,443,CDS
64029,21324200,21324810,610,CDS
64030,21324870,21325173,303,CDS
64031,21325392,21325647,255,CDS
64032,21327419,21328219,800,CDS
64033,21328440,21329661,1221,CDS
64034,21329903,21330089,186,CDS
64035,21331120,21331256,136,CDS
64036,21331334,21331520,186,CDS
64037,21331750,21333846,2096,CDS
64038,21334374,21336065,1691,CDS
64039,21325218,21325323,105,gene
64040,21325218,21325323,105,ncRNA
64041,21326739,21326870,131,gene
64042,21326739,21326870,131,ncRNA
64043,21326882,21327022,140,gene
64044,21326882,21327022,140,ncRNA
64045,21327056,21327199,143,gene
64046,21327056,21327199,143,ncRNA
64047,21328263,21328371,108,gene
64048,21328263,21328371,108,ncRNA
64049,21329698,21329847,149,gene
64050,21329698,21329847,149,ncRNA
64051,21330127,21330259,132,gene
64052,21330127,21330259,132,ncRNA
64053,21330276,21330413,137,gene
64054,21330276,21330413,137,ncRNA
64055,21330434,21330565,131,gene
64056,21330434,21330565,131,ncRNA
64057,21330583,21330715,132,gene
64058,21330583,21330715,132,ncRNA
64059,21330736,21330867,131,gene
64060,21330736,21330867,131,ncRNA
64061,21330906,21331043,137,gene
64062,21330906,21331043,137,ncRNA
64063,21331573,21331679,106,gene
64064,21331573,21331679,106,ncRNA
64065,21333934,21334092,158,gene
64066,21333934,21334092,158,ncRNA
64067,21334145,21334299,154,gene
64068,21334145,21334299,154,ncRNA
64069,21335383,21335456,73,gene
64070,21335383,21335456,73,ncRNA
64071,21335510,21335544,34,gene
64072,21335510,21335544,34,ncRNA
64073,21341972,21345608,3636,gene
64074,21341972,21342238,266,mRNA
64075,21342297,21342770,473,mRNA
64076,21342829,21342962,133,mRNA
64077,21343021,21343694,673,mRNA
64078,21343758,21344258,500,mRNA
64079,21344311,21344477,166,mRNA
64080,21344820,21344949,129,mRNA
64081,21345009,21345608,599,mRNA
64082,21341985,21342238,253,CDS
64083,21342297,21342770,473,CDS
64084,21342829,21342962,133,CDS
64085,21343021,21343694,673,CDS
64086,21343758,21344258,500,CDS
64087,21344311,21344477,166,CDS
64088,21344820,21344949,129,CDS
64089,21345009,21345548,539,CDS
64090,21346875,21347883,1008,gene
64091,21347712,21347883,171,mRNA
64092,21347260,21347654,394,mRNA
64093,21346875,21347190,315,mRNA
64094,21347712,21347846,134,CDS
64095,21347260,21347654,394,CDS
64096,21346929,21347190,261,CDS
64097,21348945,21350578,1633,gene
64098,21350304,21350578,274,mRNA
64099,21349672,21349821,149,mRNA
64100,21349367,21349611,244,mRNA
64101,21348945,21349307,362,mRNA
64102,21350304,21350435,131,CDS
64103,21349672,21349821,149,CDS
64104,21349367,21349611,244,CDS
64105,21349055,21349307,252,CDS
64106,21352733,21352786,53,mobile_element
64107,21355015,21379464,24449,gene
64108,21378505,21379464,959,mRNA
64109,21366663,21366965,302,mRNA
64110,21363699,21363787,88,mRNA
64111,21359091,21359184,93,mRNA
64112,21358817,21358999,182,mRNA
64113,21357874,21358086,212,mRNA
64114,21355015,21357501,2486,mRNA
64115,21366663,21366843,180,CDS
64116,21363699,21363787,88,CDS
64117,21359091,21359184,93,CDS
64118,21358817,21358999,182,CDS
64119,21357874,21358086,212,CDS
64120,21356006,21357501,1495,CDS
64121,21383227,21384391,1164,gene
64122,21383903,21384391,488,mRNA
64123,21383227,21383837,610,mRNA
64124,21383903,21384391,488,mRNA
64125,21383227,21383837,610,mRNA
64126,21383903,21384162,259,CDS
64127,21383486,21383837,351,CDS
64128,21383903,21384162,259,CDS
64129,21383561,21383837,276,CDS
64130,21384552,21386221,1669,gene
64131,21385893,21386221,328,mRNA
64132,21384552,21385835,1283,mRNA
64133,21385893,21386151,258,CDS
64134,21384559,21385835,1276,CDS
64135,21386309,21389276,2967,gene
64136,21386309,21386823,514,mRNA
64137,21386915,21387077,162,mRNA
64138,21387142,21387434,292,mRNA
64139,21387498,21387903,405,mRNA
64140,21387965,21388577,612,mRNA
64141,21388651,21388806,155,mRNA
64142,21388871,21389276,405,mRNA
64143,21386626,21386823,197,mRNA
64144,21386915,21387077,162,mRNA
64145,21387142,21387434,292,mRNA
64146,21387498,21387903,405,mRNA
64147,21387965,21388577,612,mRNA
64148,21388651,21388806,155,mRNA
64149,21388871,21389276,405,mRNA
64150,21386682,21386823,141,CDS
64151,21386915,21387077,162,CDS
64152,21387142,21387434,292,CDS
64153,21387498,21387903,405,CDS
64154,21387965,21388577,612,CDS
64155,21388651,21388806,155,CDS
64156,21388871,21389131,260,CDS
64157,21386682,21386823,141,CDS
64158,21386915,21387077,162,CDS
64159,21387142,21387434,292,CDS
64160,21387498,21387903,405,CDS
64161,21387965,21388577,612,CDS
64162,21388651,21388806,155,CDS
64163,21388871,21389131,260,CDS
64164,21389405,21392439,3034,gene
64165,21389405,21389640,235,mRNA
64166,21390059,21390221,162,mRNA
64167,21390283,21390575,292,mRNA
64168,21390638,21391043,405,mRNA
64169,21391098,21391604,506,mRNA
64170,21391661,21391766,105,mRNA
64171,21391840,21391995,155,mRNA
64172,21392055,21392439,384,mRNA
64173,21389499,21389640,141,CDS
64174,21390059,21390221,162,CDS
64175,21390283,21390575,292,CDS
64176,21390638,21391043,405,CDS
64177,21391098,21391604,506,CDS
64178,21391661,21391766,105,CDS
64179,21391840,21391995,155,CDS
64180,21392055,21392315,260,CDS
64181,21392402,21481176,88774,gene
64182,21481014,21481176,162,mRNA
64183,21480091,21480356,265,mRNA
64184,21412311,21412418,107,mRNA
64185,21398887,21399313,426,mRNA
64186,21394878,21395045,167,mRNA
64187,21392402,21394735,2333,mRNA
64188,21481014,21481176,162,mRNA
64189,21480091,21480356,265,mRNA
64190,21412311,21412418,107,mRNA
64191,21398887,21399313,426,mRNA
64192,21398065,21398580,515,mRNA
64193,21394878,21395045,167,mRNA
64194,21392402,21394735,2333,mRNA
64195,21416880,21417074,194,mRNA
64196,21412311,21412418,107,mRNA
64197,21399175,21399313,138,mRNA
64198,21394878,21395045,167,mRNA
64199,21392402,21394735,2333,mRNA
64200,21481014,21481176,162,mRNA
64201,21480091,21480356,265,mRNA
64202,21412311,21412418,107,mRNA
64203,21399175,21399313,138,mRNA
64204,21398065,21398583,518,mRNA
64205,21394878,21395045,167,mRNA
64206,21393617,21394735,1118,mRNA
64207,21481014,21481176,162,mRNA
64208,21480091,21480356,265,mRNA
64209,21412311,21412418,107,mRNA
64210,21399175,21399313,138,mRNA
64211,21398065,21398583,518,mRNA
64212,21394878,21395045,167,mRNA
64213,21393617,21394735,1118,mRNA
64214,21481014,21481176,162,mRNA
64215,21480091,21480356,265,mRNA
64216,21412311,21412418,107,mRNA
64217,21398887,21399313,426,mRNA
64218,21398065,21398583,518,mRNA
64219,21394878,21395045,167,mRNA
64220,21393617,21394735,1118,mRNA
64221,21481014,21481176,162,mRNA
64222,21480091,21480378,287,mRNA
64223,21412311,21412418,107,mRNA
64224,21399175,21399313,138,mRNA
64225,21394878,21395045,167,mRNA
64226,21393617,21394735,1118,mRNA
64227,21416880,21417074,194,mRNA
64228,21412311,21412418,107,mRNA
64229,21399175,21399313,138,mRNA
64230,21398065,21398580,515,mRNA
64231,21394878,21395045,167,mRNA
64232,21393617,21394735,1118,mRNA
64233,21481014,21481176,162,mRNA
64234,21480091,21480356,265,mRNA
64235,21412311,21412418,107,mRNA
64236,21399175,21399313,138,mRNA
64237,21398065,21398580,515,mRNA
64238,21394878,21395045,167,mRNA
64239,21394227,21394735,508,mRNA
64240,21480091,21480183,92,CDS
64241,21412311,21412418,107,CDS
64242,21399175,21399313,138,CDS
64243,21398065,21398583,518,CDS
64244,21394878,21395045,167,CDS
64245,21394536,21394735,199,CDS
64246,21480091,21480183,92,CDS
64247,21412311,21412418,107,CDS
64248,21399175,21399313,138,CDS
64249,21394878,21395045,167,CDS
64250,21394563,21394735,172,CDS
64251,21480091,21480183,92,CDS
64252,21412311,21412418,107,CDS
64253,21399175,21399313,138,CDS
64254,21398065,21398580,515,CDS
64255,21394878,21395045,167,CDS
64256,21394563,21394735,172,CDS
64257,21480091,21480183,92,CDS
64258,21412311,21412418,107,CDS
64259,21399175,21399313,138,CDS
64260,21398065,21398583,518,CDS
64261,21394878,21395045,167,CDS
64262,21394563,21394735,172,CDS
64263,21480091,21480183,92,CDS
64264,21412311,21412418,107,CDS
64265,21398887,21399313,426,CDS
64266,21394878,21395045,167,CDS
64267,21394563,21394735,172,CDS
64268,21480091,21480183,92,CDS
64269,21412311,21412418,107,CDS
64270,21398887,21399313,426,CDS
64271,21398065,21398580,515,CDS
64272,21394878,21395045,167,CDS
64273,21394563,21394735,172,CDS
64274,21480091,21480183,92,CDS
64275,21412311,21412418,107,CDS
64276,21398887,21399313,426,CDS
64277,21398065,21398583,518,CDS
64278,21394878,21395045,167,CDS
64279,21394563,21394735,172,CDS
64280,21398065,21398524,459,CDS
64281,21394878,21395045,167,CDS
64282,21394563,21394735,172,CDS
64283,21394878,21394932,54,CDS
64284,21394563,21394735,172,CDS
64285,21481927,21487107,5180,gene
64286,21481927,21482092,165,mRNA
64287,21482204,21483043,839,mRNA
64288,21483193,21484657,1464,mRNA
64289,21484722,21485000,278,mRNA
64290,21485064,21486087,1023,mRNA
64291,21486144,21486270,126,mRNA
64292,21486331,21486495,164,mRNA
64293,21486553,21487107,554,mRNA
64294,21482225,21483043,818,CDS
64295,21483193,21484657,1464,CDS
64296,21484722,21485000,278,CDS
64297,21485064,21486087,1023,CDS
64298,21486144,21486270,126,CDS
64299,21486331,21486495,164,CDS
64300,21486553,21486705,152,CDS
64301,21487167,21497929,10762,gene
64302,21497781,21497929,148,mRNA
64303,21495131,21495326,195,mRNA
64304,21488273,21488361,88,mRNA
64305,21488019,21488206,187,mRNA
64306,21487167,21487845,678,mRNA
64307,21497064,21497210,146,mRNA
64308,21495131,21495326,195,mRNA
64309,21488273,21488361,88,mRNA
64310,21488019,21488206,187,mRNA
64311,21487167,21487845,678,mRNA
64312,21497064,21497210,146,mRNA
64313,21495131,21495326,195,mRNA
64314,21488273,21488361,88,mRNA
64315,21488007,21488206,199,mRNA
64316,21487167,21487845,678,mRNA
64317,21496633,21496774,141,mRNA
64318,21495131,21495326,195,mRNA
64319,21488273,21488361,88,mRNA
64320,21488019,21488206,187,mRNA
64321,21487167,21487845,678,mRNA
64322,21495131,21495524,393,mRNA
64323,21488273,21488361,88,mRNA
64324,21488019,21488206,187,mRNA
64325,21487167,21487845,678,mRNA
64326,21495131,21495324,193,CDS
64327,21488273,21488361,88,CDS
64328,21488019,21488206,187,CDS
64329,21487666,21487845,179,CDS
64330,21495131,21495324,193,CDS
64331,21488273,21488361,88,CDS
64332,21488019,21488206,187,CDS
64333,21487666,21487845,179,CDS
64334,21495131,21495324,193,CDS
64335,21488273,21488361,88,CDS
64336,21488019,21488206,187,CDS
64337,21487666,21487845,179,CDS
64338,21495131,21495324,193,CDS
64339,21488273,21488361,88,CDS
64340,21488019,21488206,187,CDS
64341,21487666,21487845,179,CDS
64342,21495131,21495324,193,CDS
64343,21488273,21488361,88,CDS
64344,21488007,21488206,199,CDS
64345,21487666,21487845,179,CDS
64346,21498903,21501732,2829,gene
64347,21501625,21501732,107,mRNA
64348,21498903,21501547,2644,mRNA
64349,21499017,21501545,2528,CDS
64350,21502097,21517241,15144,gene
64351,21502097,21502479,382,mRNA
64352,21510106,21510201,95,mRNA
64353,21510867,21511060,193,mRNA
64354,21511123,21511243,120,mRNA
64355,21511404,21511968,564,mRNA
64356,21512093,21512177,84,mRNA
64357,21515888,21517241,1353,mRNA
64358,21502097,21502479,382,mRNA
64359,21510867,21511060,193,mRNA
64360,21511123,21511243,120,mRNA
64361,21511404,21511968,564,mRNA
64362,21512093,21512177,84,mRNA
64363,21515888,21517241,1353,mRNA
64364,21502097,21502479,382,mRNA
64365,21507295,21507722,427,mRNA
64366,21510118,21510201,83,mRNA
64367,21510867,21511060,193,mRNA
64368,21511123,21511243,120,mRNA
64369,21511404,21511968,564,mRNA
64370,21512093,21512177,84,mRNA
64371,21514209,21514994,785,mRNA
64372,21502097,21502479,382,mRNA
64373,21507322,21507722,400,mRNA
64374,21510118,21510201,83,mRNA
64375,21510867,21511060,193,mRNA
64376,21511123,21511243,120,mRNA
64377,21511404,21511968,564,mRNA
64378,21512093,21512177,84,mRNA
64379,21514209,21514994,785,mRNA
64380,21502097,21502479,382,mRNA
64381,21510118,21510201,83,mRNA
64382,21510867,21511060,193,mRNA
64383,21511123,21511243,120,mRNA
64384,21511404,21511968,564,mRNA
64385,21512093,21512177,84,mRNA
64386,21514209,21514994,785,mRNA
64387,21502097,21502479,382,mRNA
64388,21507295,21507722,427,mRNA
64389,21510118,21510201,83,mRNA
64390,21510867,21511060,193,mRNA
64391,21511123,21511243,120,mRNA
64392,21511404,21511968,564,mRNA
64393,21512093,21512177,84,mRNA
64394,21513517,21513582,65,mRNA
64395,21502097,21502479,382,mRNA
64396,21507295,21507722,427,mRNA
64397,21510118,21510201,83,mRNA
64398,21510867,21511060,193,mRNA
64399,21511123,21511243,120,mRNA
64400,21511404,21511968,564,mRNA
64401,21512093,21512177,84,mRNA
64402,21512393,21512725,332,mRNA
64403,21502097,21502479,382,mRNA
64404,21507295,21507722,427,mRNA
64405,21510867,21511060,193,mRNA
64406,21511123,21511243,120,mRNA
64407,21511404,21511968,564,mRNA
64408,21512093,21512177,84,mRNA
64409,21512393,21512725,332,mRNA
64410,21506147,21506335,188,mRNA
64411,21507322,21507722,400,mRNA
64412,21510118,21510201,83,mRNA
64413,21510867,21511060,193,mRNA
64414,21511123,21511243,120,mRNA
64415,21511404,21511968,564,mRNA
64416,21512093,21512177,84,mRNA
64417,21514209,21514994,785,mRNA
64418,21507514,21507722,208,CDS
64419,21510118,21510201,83,CDS
64420,21510867,21511060,193,CDS
64421,21511123,21511243,120,CDS
64422,21511404,21511968,564,CDS
64423,21512093,21512177,84,CDS
64424,21514209,21514294,85,CDS
64425,21507514,21507722,208,CDS
64426,21510118,21510201,83,CDS
64427,21510867,21511060,193,CDS
64428,21511123,21511243,120,CDS
64429,21511404,21511968,564,CDS
64430,21512093,21512177,84,CDS
64431,21514209,21514294,85,CDS
64432,21507514,21507722,208,CDS
64433,21510118,21510201,83,CDS
64434,21510867,21511060,193,CDS
64435,21511123,21511243,120,CDS
64436,21511404,21511968,564,CDS
64437,21512093,21512177,84,CDS
64438,21514209,21514294,85,CDS
64439,21507514,21507722,208,CDS
64440,21510118,21510201,83,CDS
64441,21510867,21511060,193,CDS
64442,21511123,21511243,120,CDS
64443,21511404,21511968,564,CDS
64444,21512093,21512177,84,CDS
64445,21513517,21513536,19,CDS
64446,21507514,21507722,208,CDS
64447,21510118,21510201,83,CDS
64448,21510867,21511060,193,CDS
64449,21511123,21511243,120,CDS
64450,21511404,21511968,564,CDS
64451,21512093,21512177,84,CDS
64452,21512393,21512448,55,CDS
64453,21507514,21507722,208,CDS
64454,21510867,21511060,193,CDS
64455,21511123,21511243,120,CDS
64456,21511404,21511968,564,CDS
64457,21512093,21512177,84,CDS
64458,21512393,21512448,55,CDS
64459,21510155,21510201,46,CDS
64460,21510867,21511060,193,CDS
64461,21511123,21511243,120,CDS
64462,21511404,21511968,564,CDS
64463,21512093,21512177,84,CDS
64464,21515888,21516333,445,CDS
64465,21510155,21510201,46,CDS
64466,21510867,21511060,193,CDS
64467,21511123,21511243,120,CDS
64468,21511404,21511968,564,CDS
64469,21512093,21512177,84,CDS
64470,21514209,21514294,85,CDS
64471,21510871,21511060,189,CDS
64472,21511123,21511243,120,CDS
64473,21511404,21511968,564,CDS
64474,21512093,21512177,84,CDS
64475,21515888,21516333,445,CDS
64476,21516774,21519125,2351,gene
64477,21518926,21519106,180,mRNA
64478,21518457,21518870,413,mRNA
64479,21517981,21518397,416,mRNA
64480,21516774,21517921,1147,mRNA
64481,21518930,21519125,195,mRNA
64482,21518457,21518870,413,mRNA
64483,21517981,21518397,416,mRNA
64484,21517155,21517921,766,mRNA
64485,21518930,21519005,75,CDS
64486,21518457,21518870,413,CDS
64487,21517981,21518397,416,CDS
64488,21517257,21517921,664,CDS
64489,21518457,21518709,252,CDS
64490,21517981,21518397,416,CDS
64491,21517257,21517921,664,CDS
64492,21519243,21520393,1150,gene
64493,21520144,21520393,249,mRNA
64494,21520039,21520081,42,mRNA
64495,21519815,21519981,166,mRNA
64496,21519243,21519747,504,mRNA
64497,21520144,21520369,225,CDS
64498,21520039,21520081,42,CDS
64499,21519815,21519981,166,CDS
64500,21519335,21519747,412,CDS
64501,21520413,21521848,1435,gene
64502,21521617,21521848,231,mRNA
64503,21521178,21521402,224,mRNA
64504,21520413,21521119,706,mRNA
64505,21521617,21521833,216,CDS
64506,21521178,21521402,224,CDS
64507,21520611,21521119,508,CDS
64508,21522420,21559977,37557,gene
64509,21522420,21523242,822,mRNA
64510,21554830,21555052,222,mRNA
64511,21555189,21556363,1174,mRNA
64512,21556431,21556563,132,mRNA
64513,21556634,21559977,3343,mRNA
64514,21523089,21523242,153,CDS
64515,21554830,21555052,222,CDS
64516,21555189,21556363,1174,CDS
64517,21556431,21556563,132,CDS
64518,21556634,21559082,2448,CDS
64519,21531595,21532195,600,gene
64520,21531595,21532195,600,ncRNA
64521,21535716,21536795,1079,gene
64522,21536583,21536795,212,mRNA
64523,21536482,21536527,45,mRNA
64524,21536245,21536423,178,mRNA
64525,21535716,21536181,465,mRNA
64526,21536583,21536795,212,mRNA
64527,21536482,21536527,45,mRNA
64528,21535716,21536423,707,mRNA
64529,21536583,21536784,201,CDS
64530,21536482,21536527,45,CDS
64531,21536245,21536423,178,CDS
64532,21535775,21536181,406,CDS
64533,21536583,21536784,201,CDS
64534,21536482,21536527,45,CDS
64535,21536213,21536423,210,CDS
64536,21536894,21538015,1121,gene
64537,21537779,21538015,236,mRNA
64538,21537668,21537716,48,mRNA
64539,21537440,21537615,175,mRNA
64540,21536894,21537386,492,mRNA
64541,21537779,21538001,222,CDS
64542,21537668,21537716,48,CDS
64543,21537440,21537615,175,CDS
64544,21536980,21537386,406,CDS
64545,21538250,21539293,1043,gene
64546,21539056,21539293,237,mRNA
64547,21538959,21539001,42,mRNA
64548,21538723,21538901,178,mRNA
64549,21538250,21538668,418,mRNA
64550,21539056,21539293,237,CDS
64551,21538959,21539001,42,CDS
64552,21538723,21538901,178,CDS
64553,21538250,21538668,418,CDS
64554,21539584,21540573,989,gene
64555,21540348,21540573,225,mRNA
64556,21540248,21540290,42,mRNA
64557,21540054,21540193,139,mRNA
64558,21539584,21539996,412,mRNA
64559,21540348,21540573,225,CDS
64560,21540248,21540290,42,CDS
64561,21540054,21540193,139,CDS
64562,21539584,21539996,412,CDS
64563,21546643,21547891,1248,mRNA
64564,21554830,21555052,222,mRNA
64565,21555189,21556363,1174,mRNA
64566,21556431,21556563,132,mRNA
64567,21556634,21559977,3343,mRNA
64568,21547591,21547891,300,CDS
64569,21554830,21555052,222,CDS
64570,21555189,21556363,1174,CDS
64571,21556431,21556563,132,CDS
64572,21556634,21559082,2448,CDS
64573,21560246,21576035,15789,gene
64574,21575982,21576035,53,mRNA
64575,21571417,21571808,391,mRNA
64576,21570762,21570824,62,mRNA
64577,21562544,21562651,107,mRNA
64578,21561794,21562281,487,mRNA
64579,21560246,21561591,1345,mRNA
64580,21571110,21571454,344,mRNA
64581,21570762,21570824,62,mRNA
64582,21562544,21562651,107,mRNA
64583,21561794,21562281,487,mRNA
64584,21560246,21561591,1345,mRNA
64585,21571417,21571427,10,CDS
64586,21570762,21570824,62,CDS
64587,21562544,21562651,107,CDS
64588,21561794,21562281,487,CDS
64589,21561158,21561591,433,CDS
64590,21562544,21562638,94,CDS
64591,21561794,21562281,487,CDS
64592,21561158,21561591,433,CDS
64593,21583492,21585368,1876,gene
64594,21583492,21583615,123,mRNA
64595,21583679,21583738,59,mRNA
64596,21583796,21584201,405,mRNA
64597,21584258,21584750,492,mRNA
64598,21584804,21585368,564,mRNA
64599,21583492,21583615,123,mRNA
64600,21583679,21583738,59,mRNA
64601,21583796,21584201,405,mRNA
64602,21584258,21584326,68,mRNA
64603,21584387,21584750,363,mRNA
64604,21584804,21585368,564,mRNA
64605,21583492,21583611,119,mRNA
64606,21583679,21583738,59,mRNA
64607,21583796,21584201,405,mRNA
64608,21584258,21584326,68,mRNA
64609,21584387,21584750,363,mRNA
64610,21584804,21585368,564,mRNA
64611,21583571,21583611,40,CDS
64612,21583679,21583738,59,CDS
64613,21583796,21584201,405,CDS
64614,21584258,21584326,68,CDS
64615,21584387,21584750,363,CDS
64616,21584804,21584991,187,CDS
64617,21583584,21583615,31,CDS
64618,21583679,21583738,59,CDS
64619,21583796,21584201,405,CDS
64620,21584258,21584326,68,CDS
64621,21584387,21584750,363,CDS
64622,21584804,21584991,187,CDS
64623,21583584,21583615,31,CDS
64624,21583679,21583738,59,CDS
64625,21583796,21584201,405,CDS
64626,21584258,21584335,77,CDS
64627,21590275,21591584,1309,gene
64628,21590275,21590390,115,mRNA
64629,21590453,21590669,216,mRNA
64630,21590731,21590773,42,mRNA
64631,21590831,21591000,169,mRNA
64632,21591057,21591584,527,mRNA
64633,21590340,21590390,50,CDS
64634,21590453,21590669,216,CDS
64635,21590731,21590773,42,CDS
64636,21590831,21591000,169,CDS
64637,21591057,21591499,442,CDS
64638,21590432,21590669,237,mRNA
64639,21590731,21590773,42,mRNA
64640,21590831,21591000,169,mRNA
64641,21591057,21591584,527,mRNA
64642,21590447,21590669,222,CDS
64643,21590731,21590773,42,CDS
64644,21590831,21591000,169,CDS
64645,21591057,21591499,442,CDS
64646,21604195,21604786,591,gene
64647,21604195,21604786,591,ncRNA
64648,21605676,21608125,2449,gene
64649,21607511,21608125,614,mRNA
64650,21606681,21607342,661,mRNA
64651,21606468,21606617,149,mRNA
64652,21605676,21606193,517,mRNA
64653,21606681,21606957,276,mRNA
64654,21606468,21606617,149,mRNA
64655,21605676,21606193,517,mRNA
64656,21606681,21606957,276,mRNA
64657,21606468,21606617,149,mRNA
64658,21605676,21606360,684,mRNA
64659,21606681,21606792,111,CDS
64660,21606468,21606617,149,CDS
64661,21606072,21606193,121,CDS
64662,21606681,21606792,111,CDS
64663,21606468,21606617,149,CDS
64664,21606072,21606193,121,CDS
64665,21606681,21606792,111,CDS
64666,21606468,21606617,149,CDS
64667,21606326,21606360,34,CDS
64668,21607687,21608477,790,gene
64669,21607687,21608176,489,ncRNA
64670,21608250,21608477,227,ncRNA
64671,21608393,21613071,4678,gene
64672,21612783,21613071,288,mRNA
64673,21609779,21609958,179,mRNA
64674,21608393,21609066,673,mRNA
64675,21612783,21612804,21,CDS
64676,21609779,21609958,179,CDS
64677,21608654,21609066,412,CDS
64678,21613845,21616907,3062,gene
64679,21616646,21616907,261,mRNA
64680,21615805,21616586,781,mRNA
64681,21613845,21615737,1892,mRNA
64682,21616646,21616907,261,mRNA
64683,21615805,21616586,781,mRNA
64684,21614763,21615737,974,mRNA
64685,21616646,21616727,81,CDS
64686,21615805,21616586,781,CDS
64687,21615594,21615737,143,CDS
64688,21616646,21616727,81,CDS
64689,21615805,21616586,781,CDS
64690,21615594,21615737,143,CDS
64691,21617061,21619079,2018,gene
64692,21618916,21619079,163,mRNA
64693,21618737,21618862,125,mRNA
64694,21618454,21618677,223,mRNA
64695,21617061,21618390,1329,mRNA
64696,21618916,21618972,56,CDS
64697,21618737,21618862,125,CDS
64698,21618454,21618677,223,CDS
64699,21617109,21618390,1281,CDS
64700,21619321,21624446,5125,gene
64701,21621331,21624446,3115,mRNA
64702,21619321,21621273,1952,mRNA
64703,21621331,21624237,2906,CDS
64704,21620047,21621273,1226,CDS
64705,21625030,21631422,6392,gene
64706,21625030,21625605,575,mRNA
64707,21625665,21625815,150,mRNA
64708,21625938,21626756,818,mRNA
64709,21626816,21627088,272,mRNA
64710,21627154,21629277,2123,mRNA
64711,21629346,21629466,120,mRNA
64712,21629531,21629628,97,mRNA
64713,21629691,21630053,362,mRNA
64714,21630487,21630547,60,mRNA
64715,21630606,21630815,209,mRNA
64716,21630873,21631422,549,mRNA
64717,21625030,21625605,575,mRNA
64718,21625665,21625815,150,mRNA
64719,21625938,21626756,818,mRNA
64720,21626816,21627088,272,mRNA
64721,21627154,21629277,2123,mRNA
64722,21629346,21629466,120,mRNA
64723,21629531,21629628,97,mRNA
64724,21629691,21630053,362,mRNA
64725,21630487,21630547,60,mRNA
64726,21630606,21630815,209,mRNA
64727,21630873,21631276,403,mRNA
64728,21625196,21625605,409,CDS
64729,21625665,21625815,150,CDS
64730,21625938,21626756,818,CDS
64731,21626816,21627088,272,CDS
64732,21627154,21629277,2123,CDS
64733,21629346,21629466,120,CDS
64734,21629531,21629628,97,CDS
64735,21629691,21630053,362,CDS
64736,21630487,21630547,60,CDS
64737,21630606,21630815,209,CDS
64738,21630873,21630877,4,CDS
64739,21625196,21625605,409,CDS
64740,21625665,21625815,150,CDS
64741,21625938,21626756,818,CDS
64742,21626816,21627088,272,CDS
64743,21627154,21629277,2123,CDS
64744,21629346,21629466,120,CDS
64745,21629531,21629628,97,CDS
64746,21629691,21630053,362,CDS
64747,21630487,21630547,60,CDS
64748,21630606,21630815,209,CDS
64749,21630873,21630877,4,CDS
64750,21631421,21634040,2619,gene
64751,21633442,21634040,598,ncRNA
64752,21632944,21633343,399,ncRNA
64753,21631421,21632884,1463,ncRNA
64754,21632007,21634362,2355,gene
64755,21632007,21632474,467,mRNA
64756,21632965,21633309,344,mRNA
64757,21633367,21634362,995,mRNA
64758,21632196,21632474,278,mRNA
64759,21632965,21633309,344,mRNA
64760,21633367,21634362,995,mRNA
64761,21632286,21632474,188,CDS
64762,21632965,21633309,344,CDS
64763,21633367,21634170,803,CDS
64764,21632286,21632474,188,CDS
64765,21632965,21633309,344,CDS
64766,21633367,21634170,803,CDS
64767,21634679,21638399,3720,gene
64768,21634679,21634981,302,mRNA
64769,21635381,21638399,3018,mRNA
64770,21634679,21634981,302,mRNA
64771,21635381,21638399,3018,mRNA
64772,21635404,21637971,2567,CDS
64773,21635404,21637911,2507,CDS
64774,21646177,21657935,11758,gene
64775,21646177,21646491,314,mRNA
64776,21650111,21650792,681,mRNA
64777,21652437,21652563,126,mRNA
64778,21654775,21654907,132,mRNA
64779,21654970,21655046,76,mRNA
64780,21655121,21655502,381,mRNA
64781,21655592,21656307,715,mRNA
64782,21656367,21657935,1568,mRNA
64783,21650226,21650792,566,CDS
64784,21652437,21652563,126,CDS
64785,21654775,21654907,132,CDS
64786,21654970,21655046,76,CDS
64787,21655121,21655502,381,CDS
64788,21655592,21656307,715,CDS
64789,21656367,21657073,706,CDS
64790,21650820,21651999,1179,gene
64791,21650820,21651999,1179,mRNA
64792,21651509,21651986,477,mRNA
64793,21650820,21651424,604,mRNA
64794,21651509,21651923,414,CDS
64795,21650862,21651424,562,CDS
64796,21650862,21651923,1061,CDS
64797,21653639,21654063,424,mRNA
64798,21654775,21654907,132,mRNA
64799,21654970,21655046,76,mRNA
64800,21655121,21655502,381,mRNA
64801,21655592,21656307,715,mRNA
64802,21656367,21657428,1061,mRNA
64803,21654060,21654063,3,CDS
64804,21654775,21654907,132,CDS
64805,21654970,21655046,76,CDS
64806,21655121,21655502,381,CDS
64807,21655592,21656307,715,CDS
64808,21656367,21657073,706,CDS
64809,21656310,21657180,870,gene
64810,21656310,21657180,870,ncRNA
64811,21658078,21658777,699,gene
64812,21658078,21658109,31,mRNA
64813,21658346,21658480,134,mRNA
64814,21658540,21658777,237,mRNA
64815,21658078,21658109,31,mRNA
64816,21658351,21658480,129,mRNA
64817,21658540,21658777,237,mRNA
64818,21658124,21658275,151,mRNA
64819,21658346,21658480,134,mRNA
64820,21658540,21658777,237,mRNA
64821,21658124,21658275,151,mRNA
64822,21658351,21658480,129,mRNA
64823,21658540,21658777,237,mRNA
64824,21658297,21658480,183,mRNA
64825,21658540,21658777,237,mRNA
64826,21658353,21658480,127,CDS
64827,21658540,21658744,204,CDS
64828,21658353,21658480,127,CDS
64829,21658540,21658744,204,CDS
64830,21658353,21658480,127,CDS
64831,21658540,21658744,204,CDS
64832,21658353,21658480,127,CDS
64833,21658540,21658744,204,CDS
64834,21658353,21658480,127,CDS
64835,21658540,21658744,204,CDS
64836,21658770,21660007,1237,gene
64837,21659525,21660007,482,mRNA
64838,21658770,21659475,705,mRNA
64839,21659525,21659932,407,CDS
64840,21658843,21659475,632,CDS
64841,21660967,21662995,2028,gene
64842,21662688,21662995,307,mRNA
64843,21660967,21662504,1537,mRNA
64844,21660967,21662267,1300,mRNA
64845,21661324,21661917,593,CDS
64846,21661324,21661917,593,CDS
64847,21663160,21663925,765,gene
64848,21663160,21663360,200,ncRNA
64849,21663425,21663925,500,ncRNA
64850,21664126,21666108,1982,gene
64851,21664126,21666108,1982,gene
64852,21664126,21665130,1004,mRNA
64853,21665184,21666108,924,mRNA
64854,21664126,21665130,1004,mRNA
64855,21665184,21666108,924,mRNA
64856,21664469,21665130,661,mRNA
64857,21665184,21666108,924,mRNA
64858,21664469,21665130,661,mRNA
64859,21665184,21666108,924,mRNA
64860,21664514,21664972,458,CDS
64861,21664514,21664972,458,CDS
64862,21665192,21665656,464,CDS
64863,21665192,21665656,464,CDS
64864,21665940,21666579,639,gene
64865,21665940,21666579,639,mRNA
64866,21665957,21666565,608,CDS
64867,21666687,21667594,907,gene
64868,21666687,21667594,907,mRNA
64869,21666872,21667498,626,CDS
64870,21667541,21669916,2375,gene
64871,21667541,21669916,2375,gene
64872,21667541,21669916,2375,gene
64873,21667541,21669916,2375,gene
64874,21669755,21669916,161,mRNA
64875,21669537,21669693,156,mRNA
64876,21667541,21669480,1939,mRNA
64877,21669755,21669916,161,mRNA
64878,21669537,21669693,156,mRNA
64879,21667541,21669480,1939,mRNA
64880,21669755,21669916,161,mRNA
64881,21669537,21669693,156,mRNA
64882,21667541,21669480,1939,mRNA
64883,21669755,21669916,161,mRNA
64884,21669537,21669693,156,mRNA
64885,21667541,21669480,1939,mRNA
64886,21669537,21669916,379,mRNA
64887,21667541,21669480,1939,mRNA
64888,21669537,21669916,379,mRNA
64889,21667541,21669480,1939,mRNA
64890,21669537,21669916,379,mRNA
64891,21667541,21669480,1939,mRNA
64892,21667588,21668988,1400,CDS
64893,21667588,21668988,1400,CDS
64894,21669011,21669208,197,CDS
64895,21669011,21669208,197,CDS
64896,21669217,21669471,254,CDS
64897,21669217,21669471,254,CDS
64898,21669755,21669818,63,CDS
64899,21669537,21669693,156,CDS
64900,21669471,21669480,9,CDS
64901,21670152,21671593,1441,gene
64902,21670152,21670288,136,mRNA
64903,21670496,21671593,1097,mRNA
64904,21670247,21670288,41,CDS
64905,21670496,21671479,983,CDS
64906,21671700,21672845,1145,gene
64907,21671700,21672845,1145,mRNA
64908,21671700,21672343,643,mRNA
64909,21671729,21672277,548,CDS
64910,21671729,21672277,548,CDS
64911,21674901,21685000,10099,gene
64912,21674901,21675302,401,mRNA
64913,21676330,21677326,996,mRNA
64914,21677389,21677856,467,mRNA
64915,21677925,21680515,2590,mRNA
64916,21680576,21681131,555,mRNA
64917,21683381,21684025,644,mRNA
64918,21684085,21684190,105,mRNA
64919,21684253,21684379,126,mRNA
64920,21684442,21684636,194,mRNA
64921,21684701,21685000,299,mRNA
64922,21676074,21677326,1252,mRNA
64923,21677389,21677856,467,mRNA
64924,21677925,21680515,2590,mRNA
64925,21680576,21681131,555,mRNA
64926,21683381,21684025,644,mRNA
64927,21684085,21684190,105,mRNA
64928,21684253,21684379,126,mRNA
64929,21684442,21684636,194,mRNA
64930,21684701,21685000,299,mRNA
64931,21676515,21677326,811,CDS
64932,21677389,21677856,467,CDS
64933,21677925,21680515,2590,CDS
64934,21680576,21681131,555,CDS
64935,21683381,21684025,644,CDS
64936,21684085,21684190,105,CDS
64937,21684253,21684379,126,CDS
64938,21684442,21684636,194,CDS
64939,21684701,21684813,112,CDS
64940,21676515,21677326,811,CDS
64941,21677389,21677856,467,CDS
64942,21677925,21680515,2590,CDS
64943,21680576,21681131,555,CDS
64944,21683381,21684025,644,CDS
64945,21684085,21684190,105,CDS
64946,21684253,21684379,126,CDS
64947,21684442,21684636,194,CDS
64948,21684701,21684813,112,CDS
64949,21682236,21682460,224,mRNA
64950,21683381,21684025,644,mRNA
64951,21684085,21684190,105,mRNA
64952,21684253,21684379,126,mRNA
64953,21684442,21684636,194,mRNA
64954,21684701,21685000,299,mRNA
64955,21682372,21682460,88,CDS
64956,21683381,21684025,644,CDS
64957,21684085,21684190,105,CDS
64958,21684253,21684379,126,CDS
64959,21684442,21684636,194,CDS
64960,21684701,21684813,112,CDS
64961,21685283,21686201,918,gene
64962,21685283,21685446,163,mRNA
64963,21685513,21686201,688,mRNA
64964,21685376,21685446,70,CDS
64965,21685513,21686110,597,CDS
64966,21686192,21687642,1450,gene
64967,21686670,21687642,972,mRNA
64968,21686192,21686605,413,mRNA
64969,21686670,21687452,782,CDS
64970,21686327,21686605,278,CDS
64971,21687903,21688545,642,gene
64972,21688459,21688545,86,mRNA
64973,21687903,21688390,487,mRNA
64974,21688459,21688510,51,CDS
64975,21688104,21688390,286,CDS
64976,21688773,21690253,1480,gene
64977,21688773,21689222,449,mRNA
64978,21689284,21689868,584,mRNA
64979,21689927,21690253,326,mRNA
64980,21688958,21689222,264,mRNA
64981,21689284,21689868,584,mRNA
64982,21689927,21690253,326,mRNA
64983,21689043,21689222,179,CDS
64984,21689284,21689868,584,CDS
64985,21689927,21690187,260,CDS
64986,21689043,21689222,179,CDS
64987,21689284,21689868,584,CDS
64988,21689927,21690187,260,CDS
64989,21690215,21691139,924,gene
64990,21690215,21691139,924,gene
64991,21691072,21691139,67,mRNA
64992,21690638,21691000,362,mRNA
64993,21690215,21690474,259,mRNA
64994,21691072,21691139,67,mRNA
64995,21690638,21691000,362,mRNA
64996,21690215,21690474,259,mRNA
64997,21690638,21691139,501,mRNA
64998,21690215,21690474,259,mRNA
64999,21690638,21690788,150,CDS
65000,21690347,21690474,127,CDS
65001,21690638,21690788,150,CDS
65002,21690347,21690474,127,CDS
65003,21691072,21691109,37,CDS
65004,21690841,21691000,159,CDS
65005,21691295,21692764,1469,gene
65006,21691295,21692764,1469,gene
65007,21691295,21691436,141,mRNA
65008,21691669,21692170,501,mRNA
65009,21692235,21692374,139,mRNA
65010,21692432,21692764,332,mRNA
65011,21691295,21691436,141,mRNA
65012,21691669,21692170,501,mRNA
65013,21692235,21692374,139,mRNA
65014,21692432,21692764,332,mRNA
65015,21691580,21692170,590,mRNA
65016,21692235,21692374,139,mRNA
65017,21692432,21692764,332,mRNA
65018,21691580,21692170,590,mRNA
65019,21692235,21692374,139,mRNA
65020,21692432,21692764,332,mRNA
65021,21691696,21691980,284,CDS
65022,21691696,21691980,284,CDS
65023,21691996,21692170,174,CDS
65024,21692235,21692374,139,CDS
65025,21692432,21692692,260,CDS
65026,21691996,21692170,174,CDS
65027,21692235,21692374,139,CDS
65028,21692432,21692692,260,CDS
65029,21692691,21697152,4461,gene
65030,21697060,21697152,92,mRNA
65031,21696599,21696686,87,mRNA
65032,21694416,21696041,1625,mRNA
65033,21694210,21694359,149,mRNA
65034,21693718,21694147,429,mRNA
65035,21692691,21693659,968,mRNA
65036,21694416,21696084,1668,mRNA
65037,21694210,21694359,149,mRNA
65038,21693718,21694147,429,mRNA
65039,21692691,21693659,968,mRNA
65040,21696599,21696625,26,CDS
65041,21694416,21696041,1625,CDS
65042,21694210,21694359,149,CDS
65043,21693718,21694147,429,CDS
65044,21692770,21693659,889,CDS
65045,21694416,21695909,1493,CDS
65046,21694210,21694359,149,CDS
65047,21693718,21694147,429,CDS
65048,21692770,21693659,889,CDS
65049,21697488,21707861,10373,gene
65050,21702677,21702830,153,mRNA
65051,21698388,21698600,212,mRNA
65052,21697488,21698304,816,mRNA
65053,21702673,21702830,157,mRNA
65054,21698388,21698600,212,mRNA
65055,21697488,21698304,816,mRNA
65056,21707625,21707861,236,mRNA
65057,21698388,21698600,212,mRNA
65058,21697990,21698304,314,mRNA
65059,21704323,21704501,178,mRNA
65060,21698388,21698600,212,mRNA
65061,21697990,21698304,314,mRNA
65062,21698388,21698540,152,CDS
65063,21698122,21698304,182,CDS
65064,21698388,21698540,152,CDS
65065,21698122,21698304,182,CDS
65066,21698388,21698540,152,CDS
65067,21698122,21698304,182,CDS
65068,21698388,21698540,152,CDS
65069,21698122,21698304,182,CDS
65070,21701458,21716727,15269,gene
65071,21701458,21702064,606,mRNA
65072,21715406,21715617,211,mRNA
65073,21715692,21716367,675,mRNA
65074,21708945,21709595,650,gene
65075,21709493,21709595,102,ncRNA
65076,21708945,21709392,447,ncRNA
65077,21709895,21711613,1718,gene
65078,21711121,21711613,492,mRNA
65079,21709895,21710669,774,mRNA
65080,21711121,21711468,347,CDS
65081,21710109,21710669,560,CDS
65082,21713356,21713387,31,mRNA
65083,21715406,21715617,211,mRNA
65084,21715692,21716727,1035,mRNA
65085,21713356,21713434,78,mRNA
65086,21715406,21715617,211,mRNA
65087,21715692,21716367,675,mRNA
65088,21714136,21714166,30,mRNA
65089,21715406,21715617,211,mRNA
65090,21715692,21716727,1035,mRNA
65091,21715468,21715617,149,CDS
65092,21715692,21715880,188,CDS
65093,21715468,21715617,149,CDS
65094,21715692,21715880,188,CDS
65095,21715468,21715617,149,CDS
65096,21715692,21715880,188,CDS
65097,21715468,21715617,149,CDS
65098,21715692,21715880,188,CDS
65099,21716780,21719963,3183,gene
65100,21719855,21719963,108,mRNA
65101,21719081,21719683,602,mRNA
65102,21716780,21717696,916,mRNA
65103,21719081,21719845,764,mRNA
65104,21716780,21717696,916,mRNA
65105,21717756,21717845,89,mRNA
65106,21716780,21717696,916,mRNA
65107,21719081,21719635,554,CDS
65108,21717418,21717696,278,CDS
65109,21719081,21719635,554,CDS
65110,21717418,21717696,278,CDS
65111,21717756,21717758,2,CDS
65112,21717418,21717696,278,CDS
65113,21717804,21718832,1028,gene
65114,21717804,21718832,1028,mRNA
65115,21717931,21718734,803,CDS
65116,21720495,21724055,3560,gene
65117,21720495,21720617,122,mRNA
65118,21720948,21721327,379,mRNA
65119,21721858,21724055,2197,mRNA
65120,21720734,21721327,593,mRNA
65121,21721858,21724055,2197,mRNA
65122,21720734,21720874,140,mRNA
65123,21720948,21721327,379,mRNA
65124,21721858,21724055,2197,mRNA
65125,21720902,21721327,425,CDS
65126,21721858,21723657,1799,CDS
65127,21720977,21721327,350,CDS
65128,21721858,21723657,1799,CDS
65129,21720977,21721327,350,CDS
65130,21721858,21723657,1799,CDS
65131,21726999,21727050,51,mobile_element
65132,21727495,21728195,700,gene
65133,21727495,21728195,700,ncRNA
65134,21727821,21728195,374,ncRNA
65135,21738333,21747434,9101,mobile_element
65136,21753139,21753566,427,mobile_element
65137,21757345,21757913,568,gene
65138,21757345,21757913,568,mRNA
65139,21757491,21757841,350,CDS
65140,21762995,21763994,999,gene
65141,21762995,21763994,999,ncRNA
65142,21763995,21764695,700,gene
65143,21763995,21764695,700,mRNA
65144,21764394,21764654,260,CDS
65145,21764996,21765295,299,gene
65146,21764996,21765295,299,ncRNA
65147,21765489,21770196,4707,gene
65148,21765489,21765685,196,mRNA
65149,21765748,21765906,158,mRNA
65150,21766001,21766048,47,mRNA
65151,21766104,21766235,131,mRNA
65152,21766292,21766396,104,mRNA
65153,21766492,21766578,86,mRNA
65154,21766636,21766767,131,mRNA
65155,21766824,21766928,104,mRNA
65156,21766982,21767053,71,mRNA
65157,21767110,21767241,131,mRNA
65158,21767298,21767402,104,mRNA
65159,21767469,21767555,86,mRNA
65160,21767612,21767734,122,mRNA
65161,21767791,21767895,104,mRNA
65162,21768001,21768084,83,mRNA
65163,21768157,21768204,47,mRNA
65164,21768265,21768351,86,mRNA
65165,21768486,21768578,92,mRNA
65166,21768638,21768670,32,mRNA
65167,21768720,21768833,113,mRNA
65168,21768894,21768920,26,mRNA
65169,21768975,21769079,104,mRNA
65170,21769137,21769226,89,mRNA
65171,21769289,21769315,26,mRNA
65172,21769371,21769433,62,mRNA
65173,21769566,21769706,140,mRNA
65174,21769767,21769904,137,mRNA
65175,21769966,21770196,230,mRNA
65176,21765539,21765685,146,CDS
65177,21765748,21765906,158,CDS
65178,21766001,21766048,47,CDS
65179,21766104,21766235,131,CDS
65180,21766292,21766396,104,CDS
65181,21766492,21766578,86,CDS
65182,21766636,21766767,131,CDS
65183,21766824,21766928,104,CDS
65184,21766982,21767053,71,CDS
65185,21767110,21767241,131,CDS
65186,21767298,21767402,104,CDS
65187,21767469,21767555,86,CDS
65188,21767612,21767734,122,CDS
65189,21767791,21767895,104,CDS
65190,21768001,21768084,83,CDS
65191,21768157,21768204,47,CDS
65192,21768265,21768351,86,CDS
65193,21768486,21768578,92,CDS
65194,21768638,21768670,32,CDS
65195,21768720,21768833,113,CDS
65196,21768894,21768920,26,CDS
65197,21768975,21769079,104,CDS
65198,21769137,21769226,89,CDS
65199,21769289,21769315,26,CDS
65200,21769371,21769433,62,CDS
65201,21769566,21769706,140,CDS
65202,21769767,21769904,137,CDS
65203,21769966,21770097,131,CDS
65204,21773295,21774876,1581,gene
65205,21773295,21773566,271,mRNA
65206,21773626,21773747,121,mRNA
65207,21773809,21774167,358,mRNA
65208,21774251,21774322,71,mRNA
65209,21774430,21774518,88,mRNA
65210,21774590,21774876,286,mRNA
65211,21773398,21773566,168,CDS
65212,21773626,21773747,121,CDS
65213,21773809,21774167,358,CDS
65214,21774251,21774322,71,CDS
65215,21774430,21774518,88,CDS
65216,21774590,21774738,148,CDS
65217,21774897,21775043,146,mobile_element
65218,21789623,21791580,1957,gene
65219,21791338,21791580,242,mRNA
65220,21790292,21791237,945,mRNA
65221,21790060,21790217,157,mRNA
65222,21789623,21790004,381,mRNA
65223,21791338,21791551,213,CDS
65224,21790292,21791237,945,CDS
65225,21790060,21790217,157,CDS
65226,21789787,21790004,217,CDS
65227,21796395,21796941,546,gene
65228,21796395,21796665,270,mRNA
65229,21796727,21796941,214,mRNA
65230,21796395,21796665,270,mRNA
65231,21796734,21796941,207,mRNA
65232,21796540,21796665,125,CDS
65233,21796727,21796852,125,CDS
65234,21796540,21796665,125,CDS
65235,21796734,21796757,23,CDS
65236,21798017,21799195,1178,gene
65237,21798017,21799195,1178,mRNA
65238,21798072,21799166,1094,CDS
65239,21799330,21800904,1574,gene
65240,21800031,21800904,873,mRNA
65241,21799330,21799965,635,mRNA
65242,21800031,21800831,800,CDS
65243,21799648,21799965,317,CDS
65244,21803402,21804338,936,gene
65245,21803402,21803566,164,ncRNA
65246,21803615,21804338,723,ncRNA
65247,21803402,21803566,164,ncRNA
65248,21803622,21804338,716,ncRNA
65249,21809580,21817761,8181,mobile_element
65250,21818597,21818651,54,mobile_element
65251,21820662,21831409,10747,gene
65252,21831291,21831409,118,mRNA
65253,21828990,21829999,1009,mRNA
65254,21827782,21828919,1137,mRNA
65255,21822655,21827709,5054,mRNA
65256,21822473,21822588,115,mRNA
65257,21820662,21822406,1744,mRNA
65258,21831291,21831348,57,CDS
65259,21828990,21829999,1009,CDS
65260,21827782,21828919,1137,CDS
65261,21822655,21827709,5054,CDS
65262,21822473,21822588,115,CDS
65263,21820844,21822406,1562,CDS
65264,21832501,21833551,1050,gene
65265,21833166,21833551,385,mRNA
65266,21832501,21833094,593,mRNA
65267,21833166,21833507,341,CDS
65268,21832591,21833094,503,CDS
65269,21834230,21835047,817,gene
65270,21834843,21835047,204,mRNA
65271,21834622,21834773,151,mRNA
65272,21834230,21834559,329,mRNA
65273,21834843,21835029,186,CDS
65274,21834622,21834773,151,CDS
65275,21834299,21834559,260,CDS
65276,21835448,21836357,909,gene
65277,21836103,21836357,254,mRNA
65278,21835890,21836044,154,mRNA
65279,21835448,21835825,377,mRNA
65280,21836103,21836313,210,CDS
65281,21835890,21836044,154,CDS
65282,21835496,21835825,329,CDS
65283,21837605,21838798,1193,gene
65284,21837605,21838798,1193,mRNA
65285,21837605,21838798,1193,CDS
65286,21843097,21843168,71,gene
65287,21843097,21843168,71,tRNA
65288,21848407,21848478,71,gene
65289,21848407,21848478,71,tRNA
65290,21860825,21861994,1169,gene
65291,21860825,21861579,754,mRNA
65292,21861635,21861994,359,mRNA
65293,21860851,21861579,728,CDS
65294,21861635,21861964,329,CDS
65295,21864870,21866859,1989,gene
65296,21864870,21866859,1989,mRNA
65297,21864991,21866793,1802,CDS
65298,21872030,21946259,74229,gene
65299,21872030,21872694,664,mRNA
65300,21921517,21921592,75,mRNA
65301,21929402,21930350,948,mRNA
65302,21934432,21934592,160,mRNA
65303,21943252,21946259,3007,mRNA
65304,21881352,21882533,1181,gene
65305,21881352,21882533,1181,mRNA
65306,21881474,21882448,974,CDS
65307,21883312,21883589,277,mRNA
65308,21891300,21891346,46,mRNA
65309,21909034,21909098,64,mRNA
65310,21921517,21921592,75,mRNA
65311,21929402,21930350,948,mRNA
65312,21934432,21934592,160,mRNA
65313,21943252,21946259,3007,mRNA
65314,21929520,21930350,830,CDS
65315,21934432,21934592,160,CDS
65316,21943252,21944476,1224,CDS
65317,21929520,21930350,830,CDS
65318,21934432,21934592,160,CDS
65319,21943252,21944476,1224,CDS
65320,21935002,21936863,1861,gene
65321,21936639,21936863,224,mRNA
65322,21936540,21936585,45,mRNA
65323,21936325,21936485,160,mRNA
65324,21935763,21936254,491,mRNA
65325,21935650,21935704,54,mRNA
65326,21935459,21935589,130,mRNA
65327,21935002,21935399,397,mRNA
65328,21936639,21936834,195,CDS
65329,21936540,21936585,45,CDS
65330,21936325,21936485,160,CDS
65331,21935763,21936254,491,CDS
65332,21935650,21935704,54,CDS
65333,21935459,21935589,130,CDS
65334,21935056,21935399,343,CDS
65335,21951592,21952562,970,gene
65336,21951592,21951770,178,mRNA
65337,21951844,21952562,718,mRNA
65338,21951592,21951662,70,mRNA
65339,21951844,21952562,718,mRNA
65340,21951627,21951770,143,CDS
65341,21951844,21952404,560,CDS
65342,21951627,21951662,35,CDS
65343,21951844,21952404,560,CDS
65344,21951691,21951770,79,mRNA
65345,21951844,21952562,718,mRNA
65346,21951759,21951770,11,CDS
65347,21951844,21952404,560,CDS
65348,21953615,21954095,480,gene
65349,21954066,21954095,29,ncRNA
65350,21953615,21954007,392,ncRNA
65351,21954242,21954845,603,gene
65352,21954242,21954845,603,mRNA
65353,21954410,21954772,362,CDS
65354,21964173,21970664,6491,gene
65355,21964173,21964699,526,mRNA
65356,21967726,21967923,197,mRNA
65357,21968001,21968285,284,mRNA
65358,21968349,21968585,236,mRNA
65359,21968660,21968814,154,mRNA
65360,21969036,21969101,65,mRNA
65361,21969513,21969604,91,mRNA
65362,21970169,21970234,65,mRNA
65363,21970450,21970489,39,mRNA
65364,21970555,21970664,109,mRNA
65365,21964173,21964699,526,mRNA
65366,21967726,21967923,197,mRNA
65367,21968001,21968285,284,mRNA
65368,21968349,21968585,236,mRNA
65369,21968666,21968844,178,mRNA
65370,21969036,21969101,65,mRNA
65371,21969513,21969604,91,mRNA
65372,21970169,21970234,65,mRNA
65373,21970450,21970489,39,mRNA
65374,21970555,21970664,109,mRNA
65375,21964173,21964699,526,CDS
65376,21967726,21967923,197,CDS
65377,21968001,21968285,284,CDS
65378,21968349,21968585,236,CDS
65379,21968660,21968814,154,CDS
65380,21969036,21969101,65,CDS
65381,21969513,21969604,91,CDS
65382,21970169,21970234,65,CDS
65383,21970450,21970489,39,CDS
65384,21970555,21970664,109,CDS
65385,21964173,21964699,526,CDS
65386,21967726,21967923,197,CDS
65387,21968001,21968285,284,CDS
65388,21968349,21968585,236,CDS
65389,21968666,21968844,178,CDS
65390,21969036,21969101,65,CDS
65391,21969513,21969604,91,CDS
65392,21970169,21970234,65,CDS
65393,21970450,21970489,39,CDS
65394,21970555,21970664,109,CDS
65395,21970767,21971285,518,gene
65396,21971246,21971285,39,mRNA
65397,21970767,21971186,419,mRNA
65398,21970828,21971172,344,CDS
65399,21973122,21976386,3264,gene
65400,21973122,21973870,748,mRNA
65401,21974174,21974750,576,mRNA
65402,21974804,21974874,70,mRNA
65403,21974939,21975228,289,mRNA
65404,21975289,21976386,1097,mRNA
65405,21973122,21973870,748,mRNA
65406,21974174,21974750,576,mRNA
65407,21974804,21974874,70,mRNA
65408,21974939,21975228,289,mRNA
65409,21975289,21976196,907,mRNA
65410,21973131,21973870,739,CDS
65411,21974174,21974750,576,CDS
65412,21974804,21974874,70,CDS
65413,21974939,21975228,289,CDS
65414,21975289,21975524,235,CDS
65415,21973131,21973870,739,CDS
65416,21974174,21974750,576,CDS
65417,21974804,21974874,70,CDS
65418,21974939,21975228,289,CDS
65419,21975289,21975524,235,CDS
65420,21976662,21977957,1295,gene
65421,21976662,21977723,1061,mRNA
65422,21977781,21977957,176,mRNA
65423,21976662,21977723,1061,CDS
65424,21977781,21977957,176,CDS
65425,21978215,21979677,1462,gene
65426,21978659,21979677,1018,mRNA
65427,21978215,21978601,386,mRNA
65428,21978659,21979672,1013,CDS
65429,21978389,21978601,212,CDS
65430,21979860,21981099,1239,gene
65431,21979860,21980879,1019,mRNA
65432,21980932,21981099,167,mRNA
65433,21979860,21980879,1019,CDS
65434,21980932,21981099,167,CDS
65435,21985626,21986938,1312,gene
65436,21986749,21986938,189,mRNA
65437,21986443,21986678,235,mRNA
65438,21985626,21986387,761,mRNA
65439,21986443,21986938,495,mRNA
65440,21985626,21986387,761,mRNA
65441,21986443,21986644,201,CDS
65442,21985762,21986387,625,CDS
65443,21986443,21986644,201,CDS
65444,21985762,21986387,625,CDS
65445,21987068,22039559,52491,gene
65446,22039404,22039559,155,mRNA
65447,22037392,22037719,327,mRNA
65448,22004983,22005275,292,mRNA
65449,22004708,22004851,143,mRNA
65450,22000700,22000806,106,mRNA
65451,21998801,21998974,173,mRNA
65452,21994955,21995109,154,mRNA
65453,21994614,21994893,279,mRNA
65454,21987068,21989807,2739,mRNA
65455,22039356,22039431,75,mRNA
65456,22037392,22037716,324,mRNA
65457,22004983,22005275,292,mRNA
65458,22004708,22004851,143,mRNA
65459,22000700,22000806,106,mRNA
65460,21998801,21998974,173,mRNA
65461,21994955,21995109,154,mRNA
65462,21994614,21994893,279,mRNA
65463,21987068,21989807,2739,mRNA
65464,22037392,22037530,138,CDS
65465,22004983,22005275,292,CDS
65466,22004708,22004851,143,CDS
65467,22000700,22000806,106,CDS
65468,21998801,21998974,173,CDS
65469,21994955,21995109,154,CDS
65470,21994614,21994893,279,CDS
65471,21988241,21989807,1566,CDS
65472,22037392,22037530,138,CDS
65473,22004983,22005275,292,CDS
65474,22004708,22004851,143,CDS
65475,22000700,22000806,106,CDS
65476,21998801,21998974,173,CDS
65477,21994955,21995109,154,CDS
65478,21994614,21994893,279,CDS
65479,21988241,21989807,1566,CDS
65480,22034844,22035666,822,gene
65481,22034844,22035666,822,mRNA
65482,22034921,22035532,611,CDS
65483,22041667,22042945,1278,gene
65484,22041667,22042945,1278,mRNA
65485,22041813,22042853,1040,CDS
65486,22056467,22057681,1214,gene
65487,22056467,22057681,1214,mRNA
65488,22056467,22057681,1214,CDS
65489,22058904,22061517,2613,gene
65490,22061409,22061517,108,mRNA
65491,22060564,22060648,84,mRNA
65492,22060259,22060505,246,mRNA
65493,22060112,22060194,82,mRNA
65494,22059912,22060061,149,mRNA
65495,22058904,22059859,955,mRNA
65496,22060564,22060710,146,mRNA
65497,22060259,22060505,246,mRNA
65498,22060112,22060194,82,mRNA
65499,22059912,22060061,149,mRNA
65500,22058904,22059859,955,mRNA
65501,22060564,22060660,96,CDS
65502,22060259,22060505,246,CDS
65503,22060112,22060194,82,CDS
65504,22059912,22060061,149,CDS
65505,22059195,22059859,664,CDS
65506,22060564,22060600,36,CDS
65507,22060259,22060505,246,CDS
65508,22060112,22060194,82,CDS
65509,22059912,22060061,149,CDS
65510,22059195,22059859,664,CDS
65511,22060950,22069757,8807,gene
65512,22060950,22061581,631,mRNA
65513,22068427,22068671,244,mRNA
65514,22068736,22069757,1021,mRNA
65515,22060950,22061260,310,mRNA
65516,22068427,22068671,244,mRNA
65517,22068736,22069757,1021,mRNA
65518,22061559,22061581,22,CDS
65519,22068427,22068671,244,CDS
65520,22068736,22069313,577,CDS
65521,22066883,22067282,399,mRNA
65522,22068427,22068671,244,mRNA
65523,22068736,22069757,1021,mRNA
65524,22066883,22068372,1489,gene
65525,22066883,22068372,1489,mRNA
65526,22066951,22068174,1223,CDS
65527,22068275,22068671,396,mRNA
65528,22068736,22069757,1021,mRNA
65529,22068578,22068671,93,CDS
65530,22068736,22069313,577,CDS
65531,22068578,22068671,93,CDS
65532,22068736,22069313,577,CDS
65533,22068578,22068671,93,CDS
65534,22068736,22069313,577,CDS
65535,22069725,22071286,1561,gene
65536,22069725,22071286,1561,mRNA
65537,22069785,22071179,1394,CDS
65538,22071234,22073443,2209,gene
65539,22073212,22073443,231,mRNA
65540,22072962,22073067,105,mRNA
65541,22072798,22072894,96,mRNA
65542,22071766,22072632,866,mRNA
65543,22071234,22071707,473,mRNA
65544,22073212,22073368,156,mRNA
65545,22072962,22073067,105,mRNA
65546,22072798,22072894,96,mRNA
65547,22071766,22072632,866,mRNA
65548,22071415,22071707,292,mRNA
65549,22073212,22073300,88,CDS
65550,22072962,22073067,105,CDS
65551,22072798,22072894,96,CDS
65552,22071766,22072632,866,CDS
65553,22071556,22071707,151,CDS
65554,22073212,22073300,88,CDS
65555,22072962,22073067,105,CDS
65556,22072798,22072894,96,CDS
65557,22071766,22072632,866,CDS
65558,22071556,22071707,151,CDS
65559,22073538,22075308,1770,gene
65560,22074929,22075308,379,mRNA
65561,22074755,22074871,116,mRNA
65562,22073967,22074699,732,mRNA
65563,22073538,22073904,366,mRNA
65564,22074929,22075205,276,CDS
65565,22074755,22074871,116,CDS
65566,22073967,22074699,732,CDS
65567,22073595,22073904,309,CDS
65568,22075988,22079381,3393,gene
65569,22075988,22079381,3393,mRNA
65570,22076350,22077672,1322,CDS
65571,22080176,22085767,5591,gene
65572,22080176,22080205,29,mRNA
65573,22081075,22082637,1562,mRNA
65574,22082705,22084924,2219,mRNA
65575,22084992,22085421,429,mRNA
65576,22080443,22080538,95,mRNA
65577,22081075,22082637,1562,mRNA
65578,22082705,22084924,2219,mRNA
65579,22084992,22085521,529,mRNA
65580,22080685,22080763,78,mRNA
65581,22081075,22082637,1562,mRNA
65582,22082705,22084924,2219,mRNA
65583,22084992,22085767,775,mRNA
65584,22081180,22082637,1457,CDS
65585,22082705,22084903,2198,CDS
65586,22081180,22082637,1457,CDS
65587,22082705,22084903,2198,CDS
65588,22081180,22082637,1457,CDS
65589,22082705,22084903,2198,CDS
65590,22085782,22088727,2945,gene
65591,22088451,22088727,276,mRNA
65592,22085782,22086566,784,mRNA
65593,22086729,22087421,692,mRNA
65594,22085782,22086566,784,mRNA
65595,22088451,22088579,128,CDS
65596,22085892,22086566,674,CDS
65597,22086729,22087286,557,CDS
65598,22085892,22086566,674,CDS
65599,22089423,22090691,1268,gene
65600,22090427,22090691,264,mRNA
65601,22090291,22090372,81,mRNA
65602,22089423,22090213,790,mRNA
65603,22090427,22090663,236,CDS
65604,22090291,22090372,81,CDS
65605,22090149,22090213,64,CDS
65606,22090795,22091395,600,gene
65607,22091113,22091395,282,mRNA
65608,22090975,22091056,81,mRNA
65609,22090795,22090920,125,mRNA
65610,22091113,22091328,215,CDS
65611,22090975,22091056,81,CDS
65612,22090862,22090920,58,CDS
65613,22091489,22099534,8045,gene
65614,22098982,22099534,552,mRNA
65615,22092142,22094043,1901,mRNA
65616,22091489,22092059,570,mRNA
65617,22098982,22099534,552,mRNA
65618,22094524,22094787,263,mRNA
65619,22092142,22092273,131,mRNA
65620,22091489,22092062,573,mRNA
65621,22098982,22099534,552,mRNA
65622,22094524,22094787,263,mRNA
65623,22092142,22092717,575,mRNA
65624,22091489,22092059,570,mRNA
65625,22098982,22099534,552,mRNA
65626,22094524,22094787,263,mRNA
65627,22092142,22094043,1901,mRNA
65628,22091489,22092059,570,mRNA
65629,22098982,22099534,552,mRNA
65630,22092142,22094787,2645,mRNA
65631,22091489,22092059,570,mRNA
65632,22098982,22099081,99,CDS
65633,22092142,22094043,1901,CDS
65634,22091635,22092059,424,CDS
65635,22098982,22099081,99,CDS
65636,22094524,22094787,263,CDS
65637,22092142,22092273,131,CDS
65638,22091635,22092062,427,CDS
65639,22098982,22099081,99,CDS
65640,22094524,22094787,263,CDS
65641,22092142,22092717,575,CDS
65642,22091635,22092059,424,CDS
65643,22098982,22099081,99,CDS
65644,22094524,22094787,263,CDS
65645,22092142,22094043,1901,CDS
65646,22091635,22092059,424,CDS
65647,22098982,22099081,99,CDS
65648,22092142,22094787,2645,CDS
65649,22091635,22092059,424,CDS
65650,22103177,22105963,2786,gene
65651,22103177,22103381,204,mRNA
65652,22103442,22103941,499,mRNA
65653,22104077,22104778,701,mRNA
65654,22104832,22104995,163,mRNA
65655,22105052,22105574,522,mRNA
65656,22105646,22105963,317,mRNA
65657,22103252,22103381,129,CDS
65658,22103442,22103941,499,CDS
65659,22104077,22104778,701,CDS
65660,22104832,22104995,163,CDS
65661,22105052,22105574,522,CDS
65662,22105646,22105789,143,CDS
65663,22106107,22122562,16455,gene
65664,22121893,22122562,669,mRNA
65665,22112210,22112588,378,mRNA
65666,22111862,22112139,277,mRNA
65667,22111328,22111509,181,mRNA
65668,22110546,22110938,392,mRNA
65669,22110206,22110360,154,mRNA
65670,22109587,22110023,436,mRNA
65671,22108486,22108780,294,mRNA
65672,22106107,22107205,1098,mRNA
65673,22121893,22122562,669,mRNA
65674,22112210,22112588,378,mRNA
65675,22111862,22112139,277,mRNA
65676,22111328,22111509,181,mRNA
65677,22110546,22110938,392,mRNA
65678,22110206,22110360,154,mRNA
65679,22109587,22110023,436,mRNA
65680,22108851,22108979,128,mRNA
65681,22108486,22108780,294,mRNA
65682,22106107,22107205,1098,mRNA
65683,22116151,22116342,191,mRNA
65684,22112210,22112588,378,mRNA
65685,22111862,22112139,277,mRNA
65686,22111328,22111509,181,mRNA
65687,22110546,22110938,392,mRNA
65688,22110206,22110360,154,mRNA
65689,22109587,22110023,436,mRNA
65690,22108486,22108780,294,mRNA
65691,22106107,22107205,1098,mRNA
65692,22112210,22112588,378,CDS
65693,22111862,22112139,277,CDS
65694,22111328,22111509,181,CDS
65695,22110546,22110938,392,CDS
65696,22110206,22110360,154,CDS
65697,22109587,22110023,436,CDS
65698,22108486,22108780,294,CDS
65699,22106895,22107205,310,CDS
65700,22112210,22112588,378,CDS
65701,22111862,22112139,277,CDS
65702,22111328,22111509,181,CDS
65703,22110546,22110938,392,CDS
65704,22110206,22110360,154,CDS
65705,22109587,22110023,436,CDS
65706,22108486,22108780,294,CDS
65707,22106895,22107205,310,CDS
65708,22112210,22112588,378,CDS
65709,22111862,22112139,277,CDS
65710,22111328,22111509,181,CDS
65711,22110546,22110938,392,CDS
65712,22110206,22110360,154,CDS
65713,22109587,22110023,436,CDS
65714,22108851,22108979,128,CDS
65715,22108486,22108780,294,CDS
65716,22106895,22107205,310,CDS
65717,22122332,22122562,230,mRNA
65718,22121893,22122194,301,mRNA
65719,22112210,22112588,378,mRNA
65720,22111862,22112139,277,mRNA
65721,22111328,22111509,181,mRNA
65722,22110546,22110938,392,mRNA
65723,22110206,22110360,154,mRNA
65724,22109587,22110023,436,mRNA
65725,22108851,22108979,128,mRNA
65726,22107581,22108780,1199,mRNA
65727,22121893,22122562,669,mRNA
65728,22112210,22112588,378,mRNA
65729,22111862,22112139,277,mRNA
65730,22111328,22111509,181,mRNA
65731,22110546,22110938,392,mRNA
65732,22110206,22110360,154,mRNA
65733,22109587,22110023,436,mRNA
65734,22108851,22108979,128,mRNA
65735,22107581,22108780,1199,mRNA
65736,22121893,22122275,382,mRNA
65737,22112210,22112588,378,mRNA
65738,22111862,22112139,277,mRNA
65739,22111328,22111509,181,mRNA
65740,22110546,22110938,392,mRNA
65741,22110206,22110360,154,mRNA
65742,22109587,22110023,436,mRNA
65743,22107581,22108780,1199,mRNA
65744,22116165,22116342,177,mRNA
65745,22112210,22112588,378,mRNA
65746,22111862,22112139,277,mRNA
65747,22111328,22111509,181,mRNA
65748,22110546,22110938,392,mRNA
65749,22110206,22110360,154,mRNA
65750,22109587,22110023,436,mRNA
65751,22108851,22108979,128,mRNA
65752,22107581,22108780,1199,mRNA
65753,22116151,22116342,191,mRNA
65754,22112210,22112588,378,mRNA
65755,22111862,22112139,277,mRNA
65756,22111328,22111509,181,mRNA
65757,22110546,22110938,392,mRNA
65758,22110206,22110360,154,mRNA
65759,22109587,22110023,436,mRNA
65760,22107581,22108780,1199,mRNA
65761,22116151,22116342,191,mRNA
65762,22112210,22112588,378,mRNA
65763,22111862,22112139,277,mRNA
65764,22111328,22111509,181,mRNA
65765,22110546,22110938,392,mRNA
65766,22110206,22110360,154,mRNA
65767,22109587,22110023,436,mRNA
65768,22108851,22108979,128,mRNA
65769,22107581,22108780,1199,mRNA
65770,22112682,22112791,109,mRNA
65771,22112210,22112588,378,mRNA
65772,22111862,22112139,277,mRNA
65773,22111328,22111509,181,mRNA
65774,22110546,22110938,392,mRNA
65775,22110206,22110360,154,mRNA
65776,22109587,22110023,436,mRNA
65777,22107581,22108780,1199,mRNA
65778,22112682,22112791,109,mRNA
65779,22112210,22112588,378,mRNA
65780,22111862,22112139,277,mRNA
65781,22111328,22111509,181,mRNA
65782,22110546,22110938,392,mRNA
65783,22110206,22110360,154,mRNA
65784,22109587,22110023,436,mRNA
65785,22108851,22108979,128,mRNA
65786,22107581,22108780,1199,mRNA
65787,22112682,22112791,109,mRNA
65788,22112210,22112588,378,mRNA
65789,22111862,22112139,277,mRNA
65790,22111328,22111509,181,mRNA
65791,22110546,22110938,392,mRNA
65792,22110188,22110360,172,mRNA
65793,22109587,22110023,436,mRNA
65794,22108851,22108979,128,mRNA
65795,22107581,22108780,1199,mRNA
65796,22112682,22112711,29,CDS
65797,22112210,22112588,378,CDS
65798,22111862,22112139,277,CDS
65799,22111328,22111509,181,CDS
65800,22110546,22110938,392,CDS
65801,22110206,22110360,154,CDS
65802,22109587,22110023,436,CDS
65803,22108478,22108780,302,CDS
65804,22112682,22112711,29,CDS
65805,22112210,22112588,378,CDS
65806,22111862,22112139,277,CDS
65807,22111328,22111509,181,CDS
65808,22110546,22110938,392,CDS
65809,22110206,22110360,154,CDS
65810,22109587,22110023,436,CDS
65811,22108851,22108979,128,CDS
65812,22108478,22108780,302,CDS
65813,22112682,22112711,29,CDS
65814,22112210,22112588,378,CDS
65815,22111862,22112139,277,CDS
65816,22111328,22111509,181,CDS
65817,22110546,22110938,392,CDS
65818,22110188,22110360,172,CDS
65819,22109587,22110023,436,CDS
65820,22108851,22108979,128,CDS
65821,22108478,22108780,302,CDS
65822,22112210,22112588,378,CDS
65823,22111862,22112139,277,CDS
65824,22111328,22111509,181,CDS
65825,22110546,22110938,392,CDS
65826,22110206,22110360,154,CDS
65827,22109587,22110023,436,CDS
65828,22108478,22108780,302,CDS
65829,22112210,22112588,378,CDS
65830,22111862,22112139,277,CDS
65831,22111328,22111509,181,CDS
65832,22110546,22110938,392,CDS
65833,22110206,22110360,154,CDS
65834,22109587,22110023,436,CDS
65835,22108478,22108780,302,CDS
65836,22112210,22112588,378,CDS
65837,22111862,22112139,277,CDS
65838,22111328,22111509,181,CDS
65839,22110546,22110938,392,CDS
65840,22110206,22110360,154,CDS
65841,22109587,22110023,436,CDS
65842,22108851,22108979,128,CDS
65843,22108478,22108780,302,CDS
65844,22112210,22112588,378,CDS
65845,22111862,22112139,277,CDS
65846,22111328,22111509,181,CDS
65847,22110546,22110938,392,CDS
65848,22110206,22110360,154,CDS
65849,22109587,22110023,436,CDS
65850,22108851,22108979,128,CDS
65851,22108478,22108780,302,CDS
65852,22112210,22112588,378,CDS
65853,22111862,22112139,277,CDS
65854,22111328,22111509,181,CDS
65855,22110546,22110938,392,CDS
65856,22110206,22110360,154,CDS
65857,22109587,22110023,436,CDS
65858,22108851,22108979,128,CDS
65859,22108478,22108780,302,CDS
65860,22112210,22112588,378,CDS
65861,22111862,22112139,277,CDS
65862,22111328,22111509,181,CDS
65863,22110546,22110938,392,CDS
65864,22110206,22110360,154,CDS
65865,22109587,22110023,436,CDS
65866,22108851,22108979,128,CDS
65867,22108478,22108780,302,CDS
65868,22113589,22114841,1252,gene
65869,22113589,22113665,76,mRNA
65870,22113731,22113792,61,mRNA
65871,22113844,22114419,575,mRNA
65872,22114482,22114841,359,mRNA
65873,22113597,22113665,68,CDS
65874,22113731,22113792,61,CDS
65875,22113844,22114419,575,CDS
65876,22114482,22114641,159,CDS
65877,22114997,22116189,1192,gene
65878,22114997,22115123,126,mRNA
65879,22115178,22115248,70,mRNA
65880,22115325,22115832,507,mRNA
65881,22115889,22116189,300,mRNA
65882,22115011,22115123,112,CDS
65883,22115178,22115248,70,CDS
65884,22115325,22115832,507,CDS
65885,22115889,22116072,183,CDS
65886,22120841,22120884,43,mobile_element
65887,22122101,22124566,2465,gene
65888,22122101,22122200,99,mRNA
65889,22122903,22123474,571,mRNA
65890,22123536,22124367,831,mRNA
65891,22122912,22123474,562,mRNA
65892,22123536,22124566,1030,mRNA
65893,22122998,22123474,476,CDS
65894,22123536,22124264,728,CDS
65895,22122998,22123474,476,CDS
65896,22123536,22124264,728,CDS
65897,22124567,22127502,2935,gene
65898,22127306,22127502,196,mRNA
65899,22126209,22127204,995,mRNA
65900,22125641,22126153,512,mRNA
65901,22124567,22125581,1014,mRNA
65902,22127306,22127362,56,CDS
65903,22126209,22127204,995,CDS
65904,22125641,22126153,512,CDS
65905,22124760,22125581,821,CDS
65906,22127808,22130184,2376,gene
65907,22127808,22128176,368,mRNA
65908,22128282,22128413,131,mRNA
65909,22128473,22128625,152,mRNA
65910,22128694,22128881,187,mRNA
65911,22128954,22129485,531,mRNA
65912,22129551,22129691,140,mRNA
65913,22129764,22129930,166,mRNA
65914,22129991,22130184,193,mRNA
65915,22127808,22128176,368,mRNA
65916,22128282,22128413,131,mRNA
65917,22128473,22128625,152,mRNA
65918,22128715,22128881,166,mRNA
65919,22128954,22129485,531,mRNA
65920,22129551,22129691,140,mRNA
65921,22129764,22129930,166,mRNA
65922,22129991,22130184,193,mRNA
65923,22127855,22128176,321,CDS
65924,22128282,22128413,131,CDS
65925,22128473,22128625,152,CDS
65926,22128694,22128881,187,CDS
65927,22128954,22129485,531,CDS
65928,22129551,22129691,140,CDS
65929,22129764,22129930,166,CDS
65930,22129991,22130113,122,CDS
65931,22127855,22128176,321,CDS
65932,22128282,22128413,131,CDS
65933,22128473,22128625,152,CDS
65934,22128715,22128881,166,CDS
65935,22128954,22129485,531,CDS
65936,22129551,22129691,140,CDS
65937,22129764,22129930,166,CDS
65938,22129991,22130113,122,CDS
65939,22130112,22131299,1187,gene
65940,22131133,22131299,166,mRNA
65941,22130644,22130967,323,mRNA
65942,22130112,22130580,468,mRNA
65943,22131133,22131210,77,CDS
65944,22130644,22130967,323,CDS
65945,22130329,22130580,251,CDS
65946,22136968,22172834,35866,gene
65947,22136968,22137208,240,mRNA
65948,22138000,22138251,251,mRNA
65949,22151654,22151695,41,mRNA
65950,22162905,22163694,789,mRNA
65951,22164777,22164989,212,mRNA
65952,22169244,22170717,1473,mRNA
65953,22170778,22171985,1207,mRNA
65954,22172082,22172252,170,mRNA
65955,22172316,22172433,117,mRNA
65956,22172497,22172834,337,mRNA
65957,22136968,22137026,58,mRNA
65958,22138000,22138251,251,mRNA
65959,22151654,22151695,41,mRNA
65960,22162905,22163694,789,mRNA
65961,22164777,22164989,212,mRNA
65962,22169244,22170717,1473,mRNA
65963,22170778,22171985,1207,mRNA
65964,22172082,22172252,170,mRNA
65965,22172316,22172433,117,mRNA
65966,22172497,22172834,337,mRNA
65967,22136968,22137026,58,mRNA
65968,22138000,22138251,251,mRNA
65969,22162905,22163694,789,mRNA
65970,22164777,22164989,212,mRNA
65971,22169244,22170717,1473,mRNA
65972,22170778,22171259,481,mRNA
65973,22172082,22172252,170,mRNA
65974,22172316,22172433,117,mRNA
65975,22172497,22172834,337,mRNA
65976,22137433,22138251,818,mRNA
65977,22151654,22151695,41,mRNA
65978,22162905,22163694,789,mRNA
65979,22164777,22164989,212,mRNA
65980,22169244,22170717,1473,mRNA
65981,22170778,22171985,1207,mRNA
65982,22172082,22172252,170,mRNA
65983,22172316,22172433,117,mRNA
65984,22172497,22172834,337,mRNA
65985,22138895,22139295,400,gene
65986,22138895,22139295,400,mRNA
65987,22138942,22139265,323,CDS
65988,22139935,22141364,1429,gene
65989,22139935,22140193,258,mRNA
65990,22140262,22140591,329,mRNA
65991,22140641,22141364,723,mRNA
65992,22140148,22140193,45,CDS
65993,22140262,22140591,329,CDS
65994,22140641,22141182,541,CDS
65995,22162920,22163694,774,CDS
65996,22164777,22164989,212,CDS
65997,22169244,22170717,1473,CDS
65998,22170778,22171985,1207,CDS
65999,22172082,22172252,170,CDS
66000,22172316,22172433,117,CDS
66001,22172497,22172527,30,CDS
66002,22162920,22163694,774,CDS
66003,22164777,22164989,212,CDS
66004,22169244,22170717,1473,CDS
66005,22170778,22171985,1207,CDS
66006,22172082,22172252,170,CDS
66007,22172316,22172433,117,CDS
66008,22172497,22172527,30,CDS
66009,22162920,22163694,774,CDS
66010,22164777,22164989,212,CDS
66011,22169244,22170717,1473,CDS
66012,22170778,22171985,1207,CDS
66013,22172082,22172252,170,CDS
66014,22172316,22172433,117,CDS
66015,22172497,22172527,30,CDS
66016,22162920,22163694,774,CDS
66017,22164777,22164989,212,CDS
66018,22169244,22170717,1473,CDS
66019,22170778,22171259,481,CDS
66020,22172082,22172252,170,CDS
66021,22172316,22172433,117,CDS
66022,22172497,22172527,30,CDS
66023,22163738,22164594,856,gene
66024,22163738,22164594,856,mRNA
66025,22163767,22164594,827,CDS
66026,22172803,22174691,1888,gene
66027,22174316,22174691,375,mRNA
66028,22174168,22174259,91,mRNA
66029,22173626,22174111,485,mRNA
66030,22173007,22173567,560,mRNA
66031,22172803,22172950,147,mRNA
66032,22174316,22174599,283,CDS
66033,22174168,22174259,91,CDS
66034,22173626,22174111,485,CDS
66035,22173007,22173567,560,CDS
66036,22172874,22172950,76,CDS
66037,22174922,22177428,2506,gene
66038,22174922,22175317,395,mRNA
66039,22175376,22176757,1381,mRNA
66040,22176815,22177428,613,mRNA
66041,22174951,22176707,1756,gene
66042,22175378,22176707,1329,ncRNA
66043,22174951,22175325,374,ncRNA
66044,22175137,22175317,180,CDS
66045,22175376,22176757,1381,CDS
66046,22176815,22177255,440,CDS
66047,22177419,22182879,5460,gene
66048,22182823,22182879,56,mRNA
66049,22177419,22178496,1077,mRNA
66050,22182763,22182879,116,mRNA
66051,22177419,22178496,1077,mRNA
66052,22178618,22178645,27,mRNA
66053,22177419,22178496,1077,mRNA
66054,22177441,22178487,1046,CDS
66055,22177441,22178487,1046,CDS
66056,22177441,22178487,1046,CDS
66057,22179695,22182642,2947,gene
66058,22179695,22179991,296,mRNA
66059,22181276,22182642,1366,mRNA
66060,22181276,22182529,1253,CDS
66061,22183138,22185892,2754,gene
66062,22183138,22185892,2754,mRNA
66063,22183211,22185667,2456,CDS
66064,22185972,22189886,3914,gene
66065,22185972,22186320,348,mRNA
66066,22186517,22186706,189,mRNA
66067,22186768,22187501,733,mRNA
66068,22187560,22187795,235,mRNA
66069,22187852,22188190,338,mRNA
66070,22188245,22188808,563,mRNA
66071,22188868,22189051,183,mRNA
66072,22189114,22189886,772,mRNA
66073,22185972,22186094,122,mRNA
66074,22186517,22186706,189,mRNA
66075,22186768,22187501,733,mRNA
66076,22187560,22187795,235,mRNA
66077,22187852,22188190,338,mRNA
66078,22188245,22188808,563,mRNA
66079,22188868,22189051,183,mRNA
66080,22189114,22189758,644,mRNA
66081,22186092,22186094,2,CDS
66082,22186517,22186706,189,CDS
66083,22186768,22187501,733,CDS
66084,22187560,22187795,235,CDS
66085,22187852,22188190,338,CDS
66086,22188245,22188808,563,CDS
66087,22188868,22189051,183,CDS
66088,22189114,22189275,161,CDS
66089,22186261,22186320,59,CDS
66090,22186517,22186706,189,CDS
66091,22186768,22187501,733,CDS
66092,22187560,22187795,235,CDS
66093,22187852,22188190,338,CDS
66094,22188245,22188808,563,CDS
66095,22188868,22189051,183,CDS
66096,22189114,22189275,161,CDS
66097,22189817,22202671,12854,gene
66098,22202490,22202671,181,mRNA
66099,22191662,22191855,193,mRNA
66100,22190582,22191567,985,mRNA
66101,22189817,22190503,686,mRNA
66102,22193034,22193155,121,mRNA
66103,22191662,22191855,193,mRNA
66104,22190582,22191567,985,mRNA
66105,22189817,22190503,686,mRNA
66106,22191662,22191827,165,CDS
66107,22190582,22191567,985,CDS
66108,22190360,22190503,143,CDS
66109,22191662,22191827,165,CDS
66110,22190582,22191567,985,CDS
66111,22190360,22190503,143,CDS
66112,22197269,22197374,105,gene
66113,22197269,22197374,105,ncRNA
66114,22201508,22203045,1537,gene
66115,22201508,22201803,295,ncRNA
66116,22201915,22203045,1130,ncRNA
66117,22203694,22205593,1899,gene
66118,22205478,22205593,115,mRNA
66119,22205070,22205419,349,mRNA
66120,22203985,22205005,1020,mRNA
66121,22203694,22203919,225,mRNA
66122,22205478,22205550,72,CDS
66123,22205070,22205419,349,CDS
66124,22203985,22205005,1020,CDS
66125,22203732,22203919,187,CDS
66126,22206005,22207987,1982,gene
66127,22207562,22207987,425,mRNA
66128,22206719,22207409,690,mRNA
66129,22206005,22206649,644,mRNA
66130,22207562,22207969,407,CDS
66131,22206719,22207409,690,CDS
66132,22206132,22206649,517,CDS
66133,22208464,22210765,2301,gene
66134,22210319,22210765,446,mRNA
66135,22209563,22210256,693,mRNA
66136,22208464,22209504,1040,mRNA
66137,22210319,22210765,446,mRNA
66138,22209563,22210256,693,mRNA
66139,22208909,22209504,595,mRNA
66140,22210319,22210723,404,CDS
66141,22209563,22210256,693,CDS
66142,22209002,22209504,502,CDS
66143,22210319,22210723,404,CDS
66144,22209563,22210256,693,CDS
66145,22209002,22209504,502,CDS
66146,22211371,22212704,1333,gene
66147,22211371,22212183,812,mRNA
66148,22212238,22212704,466,mRNA
66149,22211441,22212183,742,CDS
66150,22212238,22212421,183,CDS
66151,22212835,22217264,4429,gene
66152,22212835,22213519,684,mRNA
66153,22214882,22216185,1303,mRNA
66154,22216246,22217264,1018,mRNA
66155,22213441,22213519,78,CDS
66156,22214882,22216185,1303,CDS
66157,22216246,22216392,146,CDS
66158,22217285,22218500,1215,gene
66159,22218041,22218500,459,mRNA
66160,22217285,22217988,703,mRNA
66161,22218041,22218460,419,mRNA
66162,22217405,22217988,583,mRNA
66163,22218041,22218500,459,mRNA
66164,22217517,22217988,471,mRNA
66165,22218041,22218397,356,CDS
66166,22217518,22217988,470,CDS
66167,22218041,22218397,356,CDS
66168,22217518,22217988,470,CDS
66169,22218041,22218397,356,CDS
66170,22217518,22217988,470,CDS
66171,22218456,22220905,2449,gene
66172,22220683,22220905,222,mRNA
66173,22220398,22220627,229,mRNA
66174,22220030,22220344,314,mRNA
66175,22219125,22219966,841,mRNA
66176,22218756,22219066,310,mRNA
66177,22218456,22218697,241,mRNA
66178,22220683,22220864,181,CDS
66179,22220398,22220627,229,CDS
66180,22220030,22220344,314,CDS
66181,22219125,22219966,841,CDS
66182,22218756,22219066,310,CDS
66183,22218523,22218697,174,CDS
66184,22221180,22223499,2319,gene
66185,22223325,22223499,174,mRNA
66186,22223040,22223269,229,mRNA
66187,22222660,22222980,320,mRNA
66188,22221432,22222599,1167,mRNA
66189,22221180,22221375,195,mRNA
66190,22223325,22223464,139,CDS
66191,22223040,22223269,229,CDS
66192,22222660,22222980,320,CDS
66193,22221432,22222599,1167,CDS
66194,22221192,22221375,183,CDS
66195,22223681,22228574,4893,gene
66196,22228493,22228574,81,mRNA
66197,22226625,22227381,756,mRNA
66198,22226317,22226546,229,mRNA
66199,22225914,22226246,332,mRNA
66200,22224545,22225407,862,mRNA
66201,22224032,22224483,451,mRNA
66202,22223681,22223977,296,mRNA
66203,22228120,22228243,123,mRNA
66204,22226625,22227381,756,mRNA
66205,22226317,22226546,229,mRNA
66206,22225914,22226246,332,mRNA
66207,22224545,22225407,862,mRNA
66208,22224032,22224483,451,mRNA
66209,22223681,22223977,296,mRNA
66210,22226625,22227243,618,mRNA
66211,22226317,22226546,229,mRNA
66212,22225914,22226246,332,mRNA
66213,22224545,22225407,862,mRNA
66214,22224032,22224483,451,mRNA
66215,22223681,22223977,296,mRNA
66216,22226625,22226941,316,CDS
66217,22226317,22226546,229,CDS
66218,22225914,22226246,332,CDS
66219,22224545,22225407,862,CDS
66220,22224032,22224483,451,CDS
66221,22223803,22223977,174,CDS
66222,22226625,22226941,316,CDS
66223,22226317,22226546,229,CDS
66224,22225914,22226246,332,CDS
66225,22224545,22225407,862,CDS
66226,22224032,22224483,451,CDS
66227,22223803,22223977,174,CDS
66228,22226625,22226941,316,CDS
66229,22226317,22226546,229,CDS
66230,22225914,22226246,332,CDS
66231,22224545,22225407,862,CDS
66232,22224032,22224483,451,CDS
66233,22223803,22223977,174,CDS
66234,22236295,22236795,500,gene
66235,22236295,22236795,500,ncRNA
66236,22243963,22286469,42506,gene
66237,22243963,22244747,784,mRNA
66238,22262765,22263443,678,mRNA
66239,22280667,22280876,209,mRNA
66240,22280990,22281219,229,mRNA
66241,22283348,22285077,1729,mRNA
66242,22285201,22286469,1268,mRNA
66243,22244682,22244747,65,CDS
66244,22262765,22263443,678,CDS
66245,22280667,22280876,209,CDS
66246,22280990,22281219,229,CDS
66247,22283348,22285077,1729,CDS
66248,22285201,22285360,159,CDS
66249,22270918,22270947,29,mRNA
66250,22280667,22280876,209,mRNA
66251,22280990,22281219,229,mRNA
66252,22283348,22285077,1729,mRNA
66253,22285201,22286469,1268,mRNA
66254,22270935,22270947,12,CDS
66255,22280667,22280876,209,CDS
66256,22280990,22281219,229,CDS
66257,22283348,22285077,1729,CDS
66258,22285201,22285360,159,CDS
66259,22291717,22292395,678,gene
66260,22291717,22292395,678,ncRNA
66261,22293400,22296955,3555,gene
66262,22293400,22293436,36,mRNA
66263,22293925,22295194,1269,mRNA
66264,22295257,22295473,216,mRNA
66265,22295533,22295795,262,mRNA
66266,22295853,22296955,1102,mRNA
66267,22293434,22295194,1760,mRNA
66268,22295257,22295473,216,mRNA
66269,22295533,22295795,262,mRNA
66270,22295853,22296955,1102,mRNA
66271,22293434,22293751,317,mRNA
66272,22293925,22295194,1269,mRNA
66273,22295257,22295473,216,mRNA
66274,22295533,22295795,262,mRNA
66275,22295853,22296955,1102,mRNA
66276,22293927,22295194,1267,CDS
66277,22295257,22295473,216,CDS
66278,22295533,22295795,262,CDS
66279,22295853,22296852,999,CDS
66280,22293927,22295194,1267,CDS
66281,22295257,22295473,216,CDS
66282,22295533,22295795,262,CDS
66283,22295853,22296852,999,CDS
66284,22293927,22295194,1267,CDS
66285,22295257,22295473,216,CDS
66286,22295533,22295795,262,CDS
66287,22295853,22296852,999,CDS
66288,22298214,22311937,13723,gene
66289,22311696,22311937,241,mRNA
66290,22298214,22301009,2795,mRNA
66291,22311696,22311937,241,mRNA
66292,22308208,22308256,48,mRNA
66293,22298214,22301009,2795,mRNA
66294,22311084,22311306,222,mRNA
66295,22308208,22308256,48,mRNA
66296,22298214,22301009,2795,mRNA
66297,22309930,22309950,20,mRNA
66298,22308208,22308256,48,mRNA
66299,22298214,22301009,2795,mRNA
66300,22301364,22301423,59,mRNA
66301,22298214,22301009,2795,mRNA
66302,22298906,22300939,2033,CDS
66303,22298906,22300939,2033,CDS
66304,22298906,22300939,2033,CDS
66305,22298906,22300939,2033,CDS
66306,22298906,22300939,2033,CDS
66307,22312876,22316604,3728,gene
66308,22312876,22312973,97,ncRNA
66309,22316169,22316604,435,ncRNA
66310,22317662,22329416,11754,gene
66311,22317662,22317954,292,mRNA
66312,22325175,22325727,552,mRNA
66313,22325783,22326337,554,mRNA
66314,22326396,22328130,1734,mRNA
66315,22328193,22329416,1223,mRNA
66316,22317662,22317776,114,mRNA
66317,22317882,22317954,72,mRNA
66318,22325175,22325727,552,mRNA
66319,22325783,22326337,554,mRNA
66320,22326396,22328130,1734,mRNA
66321,22328193,22329416,1223,mRNA
66322,22317662,22317737,75,mRNA
66323,22317882,22317954,72,mRNA
66324,22325175,22325727,552,mRNA
66325,22325783,22326337,554,mRNA
66326,22326396,22328130,1734,mRNA
66327,22328193,22329416,1223,mRNA
66328,22318252,22318627,375,mRNA
66329,22325175,22325727,552,mRNA
66330,22325804,22326337,533,mRNA
66331,22326396,22328130,1734,mRNA
66332,22328193,22329416,1223,mRNA
66333,22318995,22320895,1900,gene
66334,22320782,22320895,113,ncRNA
66335,22318995,22320622,1627,ncRNA
66336,22322903,22323025,122,mRNA
66337,22325175,22325727,552,mRNA
66338,22325783,22326337,554,mRNA
66339,22326396,22328130,1734,mRNA
66340,22328193,22329416,1223,mRNA
66341,22322970,22323025,55,CDS
66342,22325175,22325727,552,CDS
66343,22325783,22326337,554,CDS
66344,22326396,22328130,1734,CDS
66345,22328193,22328524,331,CDS
66346,22325118,22325727,609,mRNA
66347,22325783,22326337,554,mRNA
66348,22326396,22328130,1734,mRNA
66349,22328193,22329416,1223,mRNA
66350,22325194,22325727,533,CDS
66351,22325783,22326337,554,CDS
66352,22326396,22328130,1734,CDS
66353,22328193,22328524,331,CDS
66354,22325194,22325727,533,CDS
66355,22325783,22326337,554,CDS
66356,22326396,22328130,1734,CDS
66357,22328193,22328524,331,CDS
66358,22325194,22325727,533,CDS
66359,22325783,22326337,554,CDS
66360,22326396,22328130,1734,CDS
66361,22328193,22328524,331,CDS
66362,22325194,22325727,533,CDS
66363,22325783,22326337,554,CDS
66364,22326396,22328130,1734,CDS
66365,22328193,22328524,331,CDS
66366,22325194,22325727,533,CDS
66367,22325804,22326337,533,CDS
66368,22326396,22328130,1734,CDS
66369,22328193,22328524,331,CDS
66370,22329195,22329720,525,gene
66371,22329195,22329720,525,mRNA
66372,22329415,22329720,305,CDS
66373,22329726,22332072,2346,gene
66374,22331995,22332072,77,mRNA
66375,22331848,22331932,84,mRNA
66376,22331258,22331632,374,mRNA
66377,22331062,22331203,141,mRNA
66378,22329726,22331004,1278,mRNA
66379,22330200,22332813,2613,gene
66380,22330200,22330768,568,mRNA
66381,22332172,22332813,641,mRNA
66382,22330200,22330243,43,mRNA
66383,22332172,22332813,641,mRNA
66384,22331995,22332044,49,CDS
66385,22331848,22331932,84,CDS
66386,22331258,22331632,374,CDS
66387,22331062,22331203,141,CDS
66388,22330262,22331004,742,CDS
66389,22332171,22332813,642,mRNA
66390,22332197,22332412,215,CDS
66391,22332197,22332412,215,CDS
66392,22332197,22332412,215,CDS
66393,22333126,22333505,379,gene
66394,22333126,22333505,379,mRNA
66395,22333152,22333304,152,CDS
66396,22333500,22373109,39609,gene
66397,22372777,22373109,332,mRNA
66398,22360254,22360288,34,mRNA
66399,22346648,22346709,61,mRNA
66400,22344714,22345293,579,mRNA
66401,22342521,22342730,209,mRNA
66402,22340693,22341595,902,mRNA
66403,22340577,22340637,60,mRNA
66404,22339928,22340127,199,mRNA
66405,22339303,22339797,494,mRNA
66406,22339046,22339207,161,mRNA
66407,22338801,22338945,144,mRNA
66408,22335681,22335792,111,mRNA
66409,22334941,22334964,23,mRNA
66410,22333500,22334880,1380,mRNA
66411,22372777,22373109,332,mRNA
66412,22360254,22360288,34,mRNA
66413,22346648,22346709,61,mRNA
66414,22346044,22346359,315,mRNA
66415,22344714,22345293,579,mRNA
66416,22340693,22341595,902,mRNA
66417,22340577,22340637,60,mRNA
66418,22339928,22340127,199,mRNA
66419,22339303,22339797,494,mRNA
66420,22339046,22339207,161,mRNA
66421,22338801,22338945,144,mRNA
66422,22335681,22335792,111,mRNA
66423,22334941,22334964,23,mRNA
66424,22333500,22334880,1380,mRNA
66425,22354388,22354708,320,mRNA
66426,22346648,22346709,61,mRNA
66427,22344714,22345293,579,mRNA
66428,22342521,22342730,209,mRNA
66429,22340693,22341595,902,mRNA
66430,22340577,22340637,60,mRNA
66431,22339928,22340127,199,mRNA
66432,22339303,22339797,494,mRNA
66433,22339046,22339207,161,mRNA
66434,22338801,22338945,144,mRNA
66435,22335681,22335792,111,mRNA
66436,22334941,22334964,23,mRNA
66437,22333500,22334880,1380,mRNA
66438,22354388,22354708,320,mRNA
66439,22346648,22346709,61,mRNA
66440,22346044,22346359,315,mRNA
66441,22344714,22345293,579,mRNA
66442,22342521,22342730,209,mRNA
66443,22340693,22341595,902,mRNA
66444,22340577,22340637,60,mRNA
66445,22339928,22340127,199,mRNA
66446,22339303,22339797,494,mRNA
66447,22339046,22339207,161,mRNA
66448,22338801,22338945,144,mRNA
66449,22335681,22335792,111,mRNA
66450,22334941,22334964,23,mRNA
66451,22333500,22334880,1380,mRNA
66452,22346044,22346157,113,CDS
66453,22344714,22345293,579,CDS
66454,22340693,22341595,902,CDS
66455,22340577,22340637,60,CDS
66456,22339928,22340127,199,CDS
66457,22339303,22339797,494,CDS
66458,22339046,22339207,161,CDS
66459,22338801,22338945,144,CDS
66460,22335681,22335792,111,CDS
66461,22334941,22334964,23,CDS
66462,22334428,22334880,452,CDS
66463,22346044,22346157,113,CDS
66464,22344714,22345293,579,CDS
66465,22342521,22342730,209,CDS
66466,22340693,22341595,902,CDS
66467,22340577,22340637,60,CDS
66468,22339928,22340127,199,CDS
66469,22339303,22339797,494,CDS
66470,22339046,22339207,161,CDS
66471,22338801,22338945,144,CDS
66472,22335681,22335792,111,CDS
66473,22334941,22334964,23,CDS
66474,22334428,22334880,452,CDS
66475,22344714,22345020,306,CDS
66476,22342521,22342730,209,CDS
66477,22340693,22341595,902,CDS
66478,22340577,22340637,60,CDS
66479,22339928,22340127,199,CDS
66480,22339303,22339797,494,CDS
66481,22339046,22339207,161,CDS
66482,22338801,22338945,144,CDS
66483,22335681,22335792,111,CDS
66484,22334941,22334964,23,CDS
66485,22334428,22334880,452,CDS
66486,22344714,22345020,306,CDS
66487,22342521,22342730,209,CDS
66488,22340693,22341595,902,CDS
66489,22340577,22340637,60,CDS
66490,22339928,22340127,199,CDS
66491,22339303,22339797,494,CDS
66492,22339046,22339207,161,CDS
66493,22338801,22338945,144,CDS
66494,22335681,22335792,111,CDS
66495,22334941,22334964,23,CDS
66496,22334428,22334880,452,CDS
66497,22372777,22373109,332,mRNA
66498,22360254,22360288,34,mRNA
66499,22344714,22345293,579,mRNA
66500,22342521,22342730,209,mRNA
66501,22340693,22341595,902,mRNA
66502,22340577,22340637,60,mRNA
66503,22339928,22340127,199,mRNA
66504,22339303,22339797,494,mRNA
66505,22339046,22339207,161,mRNA
66506,22338801,22338945,144,mRNA
66507,22337584,22337912,328,mRNA
66508,22344714,22345020,306,CDS
66509,22342521,22342730,209,CDS
66510,22340693,22341595,902,CDS
66511,22340577,22340637,60,CDS
66512,22339928,22340127,199,CDS
66513,22339303,22339797,494,CDS
66514,22339046,22339207,161,CDS
66515,22338801,22338945,144,CDS
66516,22337837,22337912,75,CDS
66517,22348307,22348875,568,gene
66518,22348307,22348875,568,mRNA
66519,22348371,22348829,458,CDS
66520,22349755,22351469,1714,mobile_element
66521,22357890,22357940,50,mobile_element
66522,22360441,22360801,360,mobile_element
66523,22373695,22374966,1271,gene
66524,22374404,22374966,562,ncRNA
66525,22373695,22374062,367,ncRNA
66526,22374404,22374966,562,ncRNA
66527,22373695,22374073,378,ncRNA
66528,22375090,22378484,3394,gene
66529,22375090,22375272,182,mRNA
66530,22375384,22376341,957,mRNA
66531,22376408,22377592,1184,mRNA
66532,22377650,22378484,834,mRNA
66533,22375090,22375272,182,mRNA
66534,22375384,22376341,957,mRNA
66535,22376408,22377592,1184,mRNA
66536,22377650,22377856,206,mRNA
66537,22375192,22375272,80,CDS
66538,22375384,22376341,957,CDS
66539,22376408,22377592,1184,CDS
66540,22377650,22377753,103,CDS
66541,22375192,22375272,80,CDS
66542,22375384,22376341,957,CDS
66543,22376408,22377592,1184,CDS
66544,22377650,22377753,103,CDS
66545,22378263,22379007,744,gene
66546,22378263,22379007,744,ncRNA
66547,22379637,22382675,3038,gene
66548,22379637,22379979,342,mRNA
66549,22380852,22381331,479,mRNA
66550,22381400,22381909,509,mRNA
66551,22381974,22382108,134,mRNA
66552,22382167,22382675,508,mRNA
66553,22379802,22379979,177,CDS
66554,22380852,22381331,479,CDS
66555,22381400,22381909,509,CDS
66556,22381974,22382108,134,CDS
66557,22382167,22382366,199,CDS
66558,22383134,22394015,10881,gene
66559,22383134,22383194,60,mRNA
66560,22386374,22386528,154,mRNA
66561,22390981,22391208,227,mRNA
66562,22391270,22391592,322,mRNA
66563,22391684,22392241,557,mRNA
66564,22392307,22392511,204,mRNA
66565,22392569,22394015,1446,mRNA
66566,22383134,22383194,60,mRNA
66567,22386395,22386528,133,mRNA
66568,22390981,22391208,227,mRNA
66569,22391270,22391592,322,mRNA
66570,22391684,22392241,557,mRNA
66571,22392307,22392511,204,mRNA
66572,22392569,22394015,1446,mRNA
66573,22386465,22386528,63,CDS
66574,22390981,22391208,227,CDS
66575,22391270,22391592,322,CDS
66576,22391684,22392241,557,CDS
66577,22392307,22392511,204,CDS
66578,22392569,22392702,133,CDS
66579,22386465,22386528,63,CDS
66580,22390981,22391208,227,CDS
66581,22391270,22391592,322,CDS
66582,22391684,22392241,557,CDS
66583,22392307,22392511,204,CDS
66584,22392569,22392702,133,CDS
66585,22387395,22387895,500,gene
66586,22387395,22387528,133,ncRNA
66587,22387583,22387895,312,ncRNA
66588,22393876,22402059,8183,gene
66589,22401639,22402059,420,mRNA
66590,22394612,22394815,203,mRNA
66591,22393876,22394553,677,mRNA
66592,22401639,22402059,420,mRNA
66593,22394612,22394815,203,mRNA
66594,22394063,22394553,490,mRNA
66595,22401639,22401699,60,CDS
66596,22394612,22394815,203,CDS
66597,22394228,22394553,325,CDS
66598,22401639,22401699,60,CDS
66599,22394612,22394815,203,CDS
66600,22394228,22394553,325,CDS
66601,22402895,22403195,300,gene
66602,22402895,22403195,300,ncRNA
66603,22404177,22408540,4363,gene
66604,22404177,22404460,283,mRNA
66605,22407044,22407325,281,mRNA
66606,22407455,22408540,1085,mRNA
66607,22404177,22404460,283,mRNA
66608,22407044,22407325,281,mRNA
66609,22407455,22408372,917,mRNA
66610,22404406,22404460,54,CDS
66611,22407044,22407325,281,CDS
66612,22407455,22407807,352,CDS
66613,22404406,22404460,54,CDS
66614,22407044,22407325,281,CDS
66615,22407455,22407807,352,CDS
66616,22408525,22409342,817,gene
66617,22408525,22408723,198,mRNA
66618,22408783,22409198,415,mRNA
66619,22408649,22408723,74,mRNA
66620,22408783,22409342,559,mRNA
66621,22408649,22408723,74,mRNA
66622,22408783,22409198,415,mRNA
66623,22408783,22409028,245,CDS
66624,22408783,22409028,245,CDS
66625,22408783,22409028,245,CDS
66626,22409208,22411545,2337,gene
66627,22411293,22411545,252,mRNA
66628,22411112,22411233,121,mRNA
66629,22410687,22411051,364,mRNA
66630,22410539,22410628,89,mRNA
66631,22410311,22410396,85,mRNA
66632,22409208,22410020,812,mRNA
66633,22411293,22411545,252,mRNA
66634,22411112,22411233,121,mRNA
66635,22410687,22411051,364,mRNA
66636,22410539,22410628,89,mRNA
66637,22410311,22410396,85,mRNA
66638,22409353,22410020,667,mRNA
66639,22411293,22411545,252,mRNA
66640,22411112,22411233,121,mRNA
66641,22410687,22411051,364,mRNA
66642,22410539,22410628,89,mRNA
66643,22410311,22410396,85,mRNA
66644,22409504,22410020,516,mRNA
66645,22411293,22411449,156,CDS
66646,22411112,22411233,121,CDS
66647,22410687,22411051,364,CDS
66648,22410539,22410628,89,CDS
66649,22410311,22410396,85,CDS
66650,22409887,22410020,133,CDS
66651,22411293,22411449,156,CDS
66652,22411112,22411233,121,CDS
66653,22410687,22411051,364,CDS
66654,22410539,22410628,89,CDS
66655,22410311,22410396,85,CDS
66656,22409887,22410020,133,CDS
66657,22411293,22411449,156,CDS
66658,22411112,22411233,121,CDS
66659,22410687,22411051,364,CDS
66660,22410539,22410628,89,CDS
66661,22410311,22410396,85,CDS
66662,22409887,22410020,133,CDS
66663,22411789,22412582,793,gene
66664,22411789,22412034,245,mRNA
66665,22412089,22412582,493,mRNA
66666,22411789,22412034,245,mRNA
66667,22412089,22412525,436,mRNA
66668,22411854,22412034,180,CDS
66669,22412089,22412375,286,CDS
66670,22411854,22412034,180,CDS
66671,22412089,22412375,286,CDS
66672,22412556,22415518,2962,gene
66673,22415140,22415518,378,mRNA
66674,22414570,22415074,504,mRNA
66675,22414408,22414509,101,mRNA
66676,22414152,22414282,130,mRNA
66677,22412556,22413340,784,mRNA
66678,22415140,22415518,378,mRNA
66679,22414570,22415074,504,mRNA
66680,22414408,22414509,101,mRNA
66681,22414101,22414282,181,mRNA
66682,22412917,22413340,423,mRNA
66683,22415140,22415518,378,mRNA
66684,22414570,22415074,504,mRNA
66685,22414408,22414509,101,mRNA
66686,22413147,22414282,1135,mRNA
66687,22415140,22415395,255,CDS
66688,22414570,22415074,504,CDS
66689,22414408,22414509,101,CDS
66690,22414152,22414282,130,CDS
66691,22413195,22413340,145,CDS
66692,22415140,22415395,255,CDS
66693,22414570,22415074,504,CDS
66694,22414408,22414509,101,CDS
66695,22414101,22414282,181,CDS
66696,22413195,22413340,145,CDS
66697,22415140,22415395,255,CDS
66698,22414570,22415074,504,CDS
66699,22414408,22414509,101,CDS
66700,22414072,22414282,210,CDS
66701,22415560,22419001,3441,gene
66702,22415560,22416366,806,mRNA
66703,22416428,22417031,603,mRNA
66704,22417096,22417196,100,mRNA
66705,22417252,22417636,384,mRNA
66706,22417693,22418702,1009,mRNA
66707,22415795,22416462,667,gene
66708,22415959,22416462,503,ncRNA
66709,22415795,22415892,97,ncRNA
66710,22415809,22416366,557,mRNA
66711,22416428,22417031,603,mRNA
66712,22417096,22417196,100,mRNA
66713,22417252,22417636,384,mRNA
66714,22417703,22419001,1298,mRNA
66715,22415809,22416366,557,mRNA
66716,22416428,22417031,603,mRNA
66717,22417096,22417196,100,mRNA
66718,22417252,22417636,384,mRNA
66719,22417693,22418702,1009,mRNA
66720,22416066,22416366,300,CDS
66721,22416428,22417031,603,CDS
66722,22417096,22417196,100,CDS
66723,22417252,22417496,244,CDS
66724,22416066,22416366,300,CDS
66725,22416428,22417031,603,CDS
66726,22417096,22417196,100,CDS
66727,22417252,22417496,244,CDS
66728,22416066,22416366,300,CDS
66729,22416428,22417031,603,CDS
66730,22417096,22417196,100,CDS
66731,22417252,22417496,244,CDS
66732,22418937,22420376,1439,gene
66733,22418937,22420376,1439,mRNA
66734,22419121,22420299,1178,CDS
66735,22421013,22425482,4469,gene
66736,22421013,22421738,725,mRNA
66737,22421794,22422007,213,mRNA
66738,22422064,22423242,1178,mRNA
66739,22423299,22423722,423,mRNA
66740,22423785,22423954,169,mRNA
66741,22424011,22424271,260,mRNA
66742,22424332,22424438,106,mRNA
66743,22424496,22425482,986,mRNA
66744,22421013,22421738,725,mRNA
66745,22421794,22422007,213,mRNA
66746,22422064,22423242,1178,mRNA
66747,22423299,22423722,423,mRNA
66748,22423785,22423954,169,mRNA
66749,22424011,22424271,260,mRNA
66750,22424332,22424434,102,mRNA
66751,22424492,22425482,990,mRNA
66752,22421099,22421738,639,CDS
66753,22421794,22422007,213,CDS
66754,22422064,22423242,1178,CDS
66755,22423299,22423722,423,CDS
66756,22423785,22423954,169,CDS
66757,22424011,22424271,260,CDS
66758,22424332,22424438,106,CDS
66759,22424496,22425457,961,CDS
66760,22421099,22421738,639,CDS
66761,22421794,22422007,213,CDS
66762,22422064,22423242,1178,CDS
66763,22423299,22423722,423,CDS
66764,22423785,22423954,169,CDS
66765,22424011,22424271,260,CDS
66766,22424332,22424434,102,CDS
66767,22424492,22425457,965,CDS
66768,22425733,22426977,1244,gene
66769,22426682,22426977,295,mRNA
66770,22426313,22426626,313,mRNA
66771,22425733,22426254,521,mRNA
66772,22426682,22426977,295,mRNA
66773,22425733,22426626,893,mRNA
66774,22426682,22426913,231,CDS
66775,22426022,22426626,604,CDS
66776,22426682,22426913,231,CDS
66777,22426313,22426626,313,CDS
66778,22426204,22426254,50,CDS
66779,22427479,22429584,2105,gene
66780,22427479,22427630,151,mRNA
66781,22427690,22427890,200,mRNA
66782,22427955,22428236,281,mRNA
66783,22428288,22428403,115,mRNA
66784,22428457,22428545,88,mRNA
66785,22428598,22429183,585,mRNA
66786,22429301,22429584,283,mRNA
66787,22427479,22427630,151,CDS
66788,22427690,22427890,200,CDS
66789,22427955,22428236,281,CDS
66790,22428288,22428403,115,CDS
66791,22428457,22428545,88,CDS
66792,22428598,22429183,585,CDS
66793,22429301,22429584,283,CDS
66794,22454741,22472995,18254,gene
66795,22454741,22455468,727,mRNA
66796,22460068,22460146,78,mRNA
66797,22466478,22466563,85,mRNA
66798,22466684,22466947,263,mRNA
66799,22469586,22470156,570,mRNA
66800,22470631,22470876,245,mRNA
66801,22471028,22471184,156,mRNA
66802,22471278,22472995,1717,mRNA
66803,22454741,22455468,727,mRNA
66804,22460068,22460146,78,mRNA
66805,22466478,22466563,85,mRNA
66806,22466684,22466947,263,mRNA
66807,22469586,22470156,570,mRNA
66808,22470631,22470876,245,mRNA
66809,22471028,22471184,156,mRNA
66810,22471278,22471655,377,mRNA
66811,22460092,22460146,54,CDS
66812,22466478,22466563,85,CDS
66813,22466684,22466947,263,CDS
66814,22469586,22470156,570,CDS
66815,22470631,22470876,245,CDS
66816,22471028,22471184,156,CDS
66817,22471278,22471377,99,CDS
66818,22460092,22460146,54,CDS
66819,22466478,22466563,85,CDS
66820,22466684,22466947,263,CDS
66821,22469586,22470156,570,CDS
66822,22470631,22470876,245,CDS
66823,22471028,22471184,156,CDS
66824,22471278,22471377,99,CDS
66825,22465375,22465511,136,mobile_element
66826,22472995,22476314,3319,gene
66827,22476042,22476314,272,mRNA
66828,22474414,22475985,1571,mRNA
66829,22474252,22474343,91,mRNA
66830,22473891,22474065,174,mRNA
66831,22473583,22473821,238,mRNA
66832,22473373,22473522,149,mRNA
66833,22472995,22473221,226,mRNA
66834,22476042,22476314,272,mRNA
66835,22474414,22475985,1571,mRNA
66836,22474252,22474343,91,mRNA
66837,22473891,22474065,174,mRNA
66838,22473583,22473821,238,mRNA
66839,22473281,22473522,241,mRNA
66840,22476042,22476224,182,CDS
66841,22474414,22475985,1571,CDS
66842,22474252,22474343,91,CDS
66843,22473891,22474065,174,CDS
66844,22473583,22473821,238,CDS
66845,22473399,22473522,123,CDS
66846,22476042,22476224,182,CDS
66847,22474414,22475985,1571,CDS
66848,22474252,22474343,91,CDS
66849,22473891,22474065,174,CDS
66850,22473583,22473821,238,CDS
66851,22473399,22473522,123,CDS
66852,22476385,22477295,910,gene
66853,22477082,22477295,213,mRNA
66854,22476385,22477027,642,mRNA
66855,22477082,22477270,188,CDS
66856,22476458,22477027,569,CDS
66857,22478379,22483054,4675,gene
66858,22478379,22478875,496,mRNA
66859,22478932,22479244,312,mRNA
66860,22479747,22481519,1772,mRNA
66861,22481585,22482785,1200,mRNA
66862,22482844,22483054,210,mRNA
66863,22478431,22478875,444,CDS
66864,22478932,22479244,312,CDS
66865,22479747,22481519,1772,CDS
66866,22481585,22482785,1200,CDS
66867,22482844,22482996,152,CDS
66868,22483303,22492033,8730,gene
66869,22483303,22483463,160,mRNA
66870,22483529,22485893,2364,mRNA
66871,22485957,22488818,2861,mRNA
66872,22488880,22490741,1861,mRNA
66873,22490798,22491430,632,mRNA
66874,22491492,22492033,541,mRNA
66875,22483419,22483463,44,CDS
66876,22483529,22485893,2364,CDS
66877,22485957,22488818,2861,CDS
66878,22488880,22490741,1861,CDS
66879,22490798,22491430,632,CDS
66880,22491492,22491926,434,CDS
66881,22492197,22494295,2098,gene
66882,22492197,22494295,2098,mRNA
66883,22492240,22494225,1985,CDS
66884,22494297,22562065,67768,gene
66885,22561899,22562065,166,mRNA
66886,22560746,22561142,396,mRNA
66887,22555218,22556794,1576,mRNA
66888,22540758,22540977,219,mRNA
66889,22540437,22540696,259,mRNA
66890,22537193,22537326,133,mRNA
66891,22536847,22537122,275,mRNA
66892,22536590,22536782,192,mRNA
66893,22535870,22535994,124,mRNA
66894,22535587,22535805,218,mRNA
66895,22534995,22535136,141,mRNA
66896,22534845,22534920,75,mRNA
66897,22498963,22499736,773,mRNA
66898,22497108,22498805,1697,mRNA
66899,22494297,22496398,2101,mRNA
66900,22555218,22556783,1565,CDS
66901,22540758,22540977,219,CDS
66902,22540437,22540696,259,CDS
66903,22537193,22537326,133,CDS
66904,22536847,22537122,275,CDS
66905,22536590,22536782,192,CDS
66906,22535870,22535994,124,CDS
66907,22535587,22535805,218,CDS
66908,22534995,22535136,141,CDS
66909,22534845,22534920,75,CDS
66910,22498963,22499736,773,CDS
66911,22497108,22498805,1697,CDS
66912,22496331,22496398,67,CDS
66913,22561919,22562065,146,mRNA
66914,22560746,22561142,396,mRNA
66915,22555218,22556794,1576,mRNA
66916,22540758,22540977,219,mRNA
66917,22540437,22540696,259,mRNA
66918,22537193,22537326,133,mRNA
66919,22536847,22537122,275,mRNA
66920,22536590,22536782,192,mRNA
66921,22535870,22535994,124,mRNA
66922,22535587,22535805,218,mRNA
66923,22534995,22535136,141,mRNA
66924,22534845,22534920,75,mRNA
66925,22498963,22499736,773,mRNA
66926,22496504,22498805,2301,mRNA
66927,22546455,22546558,103,mRNA
66928,22543330,22543718,388,mRNA
66929,22540758,22540977,219,mRNA
66930,22540437,22540696,259,mRNA
66931,22537193,22537326,133,mRNA
66932,22536847,22537122,275,mRNA
66933,22536590,22536782,192,mRNA
66934,22535870,22535994,124,mRNA
66935,22535587,22535805,218,mRNA
66936,22534995,22535136,141,mRNA
66937,22534845,22534920,75,mRNA
66938,22498963,22499736,773,mRNA
66939,22496504,22498805,2301,mRNA
66940,22512811,22514099,1288,mRNA
66941,22498963,22499736,773,mRNA
66942,22496504,22498805,2301,mRNA
66943,22555218,22556783,1565,CDS
66944,22540758,22540977,219,CDS
66945,22540437,22540696,259,CDS
66946,22537193,22537326,133,CDS
66947,22536847,22537122,275,CDS
66948,22536590,22536782,192,CDS
66949,22535870,22535994,124,CDS
66950,22535587,22535805,218,CDS
66951,22534995,22535136,141,CDS
66952,22534845,22534920,75,CDS
66953,22498963,22499736,773,CDS
66954,22496803,22498805,2002,CDS
66955,22543330,22543515,185,CDS
66956,22540758,22540977,219,CDS
66957,22540437,22540696,259,CDS
66958,22537193,22537326,133,CDS
66959,22536847,22537122,275,CDS
66960,22536590,22536782,192,CDS
66961,22535870,22535994,124,CDS
66962,22535587,22535805,218,CDS
66963,22534995,22535136,141,CDS
66964,22534845,22534920,75,CDS
66965,22498963,22499736,773,CDS
66966,22496803,22498805,2002,CDS
66967,22512811,22512868,57,CDS
66968,22498963,22499736,773,CDS
66969,22496803,22498805,2002,CDS
66970,22525816,22529298,3482,mobile_element
66971,22550094,22552113,2019,gene
66972,22550094,22550254,160,mRNA
66973,22550320,22552113,1793,mRNA
66974,22550208,22550254,46,CDS
66975,22550320,22551973,1653,CDS
66976,22562307,22563131,824,gene
66977,22562307,22562433,126,mRNA
66978,22562494,22563131,637,mRNA
66979,22562394,22562433,39,CDS
66980,22562494,22562789,295,CDS
66981,22563152,22592964,29812,gene
66982,22592324,22592964,640,mRNA
66983,22565695,22566689,994,mRNA
66984,22564494,22565135,641,mRNA
66985,22563152,22564426,1274,mRNA
66986,22592324,22592964,640,mRNA
66987,22565695,22566689,994,mRNA
66988,22564494,22565135,641,mRNA
66989,22563511,22564426,915,mRNA
66990,22592324,22592410,86,CDS
66991,22565695,22566689,994,CDS
66992,22564494,22565135,641,CDS
66993,22564060,22564426,366,CDS
66994,22592324,22592410,86,CDS
66995,22565695,22566689,994,CDS
66996,22564494,22565135,641,CDS
66997,22564120,22564426,306,CDS
66998,22580467,22586578,6111,mobile_element
66999,22594677,22596348,1671,gene
67000,22594677,22594911,234,mRNA
67001,22594970,22595091,121,mRNA
67002,22595153,22595517,364,mRNA
67003,22595642,22595731,89,mRNA
67004,22595859,22595952,93,mRNA
67005,22596178,22596348,170,mRNA
67006,22594752,22594911,159,CDS
67007,22594970,22595091,121,CDS
67008,22595153,22595517,364,CDS
67009,22595642,22595731,89,CDS
67010,22595859,22595934,75,CDS
67011,22596486,22597125,639,gene
67012,22596486,22597125,639,ncRNA
67013,22597245,22600695,3450,gene
67014,22597245,22598129,884,mRNA
67015,22599911,22600336,425,mRNA
67016,22599338,22599450,112,mRNA
67017,22599911,22600695,784,mRNA
67018,22599338,22599450,112,mRNA
67019,22599911,22600336,425,mRNA
67020,22599439,22599450,11,CDS
67021,22599911,22600207,296,CDS
67022,22599439,22599450,11,CDS
67023,22599911,22600207,296,CDS
67024,22599911,22600207,296,CDS
67025,22600405,22605667,5262,gene
67026,22605263,22605667,404,mRNA
67027,22602726,22605178,2452,mRNA
67028,22602289,22602668,379,mRNA
67029,22601948,22602226,278,mRNA
67030,22601530,22601815,285,mRNA
67031,22601213,22601370,157,mRNA
67032,22600405,22601147,742,mRNA
67033,22605263,22605667,404,mRNA
67034,22602726,22605178,2452,mRNA
67035,22602289,22602668,379,mRNA
67036,22601948,22602226,278,mRNA
67037,22601530,22601815,285,mRNA
67038,22601213,22601364,151,mRNA
67039,22600796,22601147,351,mRNA
67040,22605263,22605563,300,CDS
67041,22602726,22605178,2452,CDS
67042,22602289,22602668,379,CDS
67043,22601948,22602226,278,CDS
67044,22601530,22601815,285,CDS
67045,22601213,22601364,151,CDS
67046,22601003,22601147,144,CDS
67047,22605263,22605563,300,CDS
67048,22602726,22605178,2452,CDS
67049,22602289,22602668,379,CDS
67050,22601948,22602226,278,CDS
67051,22601530,22601815,285,CDS
67052,22601213,22601370,157,CDS
67053,22601003,22601147,144,CDS
67054,22605745,22607995,2250,gene
67055,22605745,22605819,74,mRNA
67056,22606021,22606169,148,mRNA
67057,22606247,22606288,41,mRNA
67058,22606509,22606640,131,mRNA
67059,22606934,22607048,114,mRNA
67060,22607755,22607995,240,mRNA
67061,22606127,22606169,42,mRNA
67062,22606247,22606288,41,mRNA
67063,22606509,22606640,131,mRNA
67064,22606934,22607048,114,mRNA
67065,22607755,22607995,240,mRNA
67066,22606158,22606169,11,CDS
67067,22606247,22606288,41,CDS
67068,22606509,22606640,131,CDS
67069,22606934,22607048,114,CDS
67070,22607755,22607900,145,CDS
67071,22606158,22606169,11,CDS
67072,22606247,22606288,41,CDS
67073,22606509,22606640,131,CDS
67074,22606934,22607048,114,CDS
67075,22607755,22607900,145,CDS
67076,22606795,22606861,66,gene
67077,22606795,22606861,66,ncRNA
67078,22607085,22607220,135,gene
67079,22607085,22607220,135,ncRNA
67080,22607232,22607372,140,gene
67081,22607232,22607372,140,ncRNA
67082,22607385,22607520,135,gene
67083,22607385,22607520,135,ncRNA
67084,22607544,22607678,134,gene
67085,22607544,22607678,134,ncRNA
67086,22608310,22609419,1109,gene
67087,22608310,22608393,83,mRNA
67088,22608478,22608618,140,mRNA
67089,22608684,22608793,109,mRNA
67090,22608856,22609419,563,mRNA
67091,22608521,22608618,97,mRNA
67092,22608684,22608793,109,mRNA
67093,22608856,22609419,563,mRNA
67094,22608544,22608618,74,CDS
67095,22608684,22608793,109,CDS
67096,22608856,22609309,453,CDS
67097,22608544,22608618,74,CDS
67098,22608684,22608793,109,CDS
67099,22608856,22609309,453,CDS
67100,22609334,22613376,4042,gene
67101,22613021,22613376,355,mRNA
67102,22612879,22612962,83,mRNA
67103,22611865,22612790,925,mRNA
67104,22611646,22611815,169,mRNA
67105,22609334,22611578,2244,mRNA
67106,22613021,22613220,199,CDS
67107,22612879,22612962,83,CDS
67108,22611865,22612790,925,CDS
67109,22611646,22611815,169,CDS
67110,22609443,22611578,2135,CDS
67111,22614328,22634084,19756,gene
67112,22614328,22614721,393,mRNA
67113,22619805,22621159,1354,mRNA
67114,22622159,22622300,141,mRNA
67115,22627800,22627948,148,mRNA
67116,22628013,22628176,163,mRNA
67117,22628363,22628557,194,mRNA
67118,22631631,22631828,197,mRNA
67119,22631896,22634084,2188,mRNA
67120,22614328,22614721,393,mRNA
67121,22619805,22621159,1354,mRNA
67122,22622159,22622300,141,mRNA
67123,22627806,22627948,142,mRNA
67124,22628013,22628176,163,mRNA
67125,22628363,22628557,194,mRNA
67126,22628874,22628926,52,mRNA
67127,22629910,22630627,717,mRNA
67128,22631631,22631828,197,mRNA
67129,22631896,22634084,2188,mRNA
67130,22614328,22614721,393,mRNA
67131,22619805,22621159,1354,mRNA
67132,22622159,22622300,141,mRNA
67133,22627806,22627948,142,mRNA
67134,22628013,22628176,163,mRNA
67135,22628363,22628557,194,mRNA
67136,22631514,22631828,314,mRNA
67137,22631896,22634084,2188,mRNA
67138,22614328,22614721,393,mRNA
67139,22619805,22621159,1354,mRNA
67140,22622159,22622300,141,mRNA
67141,22627806,22627948,142,mRNA
67142,22628013,22628176,163,mRNA
67143,22628363,22628557,194,mRNA
67144,22631514,22631561,47,mRNA
67145,22631631,22631828,197,mRNA
67146,22631896,22634084,2188,mRNA
67147,22621114,22621159,45,CDS
67148,22622159,22622300,141,CDS
67149,22627800,22627948,148,CDS
67150,22628013,22628176,163,CDS
67151,22628363,22628557,194,CDS
67152,22631631,22631828,197,CDS
67153,22631896,22632510,614,CDS
67154,22621114,22621159,45,CDS
67155,22622159,22622300,141,CDS
67156,22627806,22627948,142,CDS
67157,22628013,22628176,163,CDS
67158,22628363,22628557,194,CDS
67159,22628874,22628926,52,CDS
67160,22629910,22630627,717,CDS
67161,22631631,22631828,197,CDS
67162,22631896,22632510,614,CDS
67163,22621114,22621159,45,CDS
67164,22622159,22622300,141,CDS
67165,22627806,22627948,142,CDS
67166,22628013,22628176,163,CDS
67167,22628363,22628557,194,CDS
67168,22631514,22631828,314,CDS
67169,22631896,22632510,614,CDS
67170,22621114,22621159,45,CDS
67171,22622159,22622300,141,CDS
67172,22627806,22627948,142,CDS
67173,22628013,22628176,163,CDS
67174,22628363,22628557,194,CDS
67175,22631514,22631561,47,CDS
67176,22631631,22631828,197,CDS
67177,22631896,22632510,614,CDS
67178,22634019,22635942,1923,gene
67179,22634019,22635942,1923,mRNA
67180,22634077,22635924,1847,CDS
67181,22636063,22637727,1664,gene
67182,22637406,22637727,321,mRNA
67183,22637259,22637343,84,mRNA
67184,22636942,22637199,257,mRNA
67185,22636063,22636873,810,mRNA
67186,22637406,22637590,184,CDS
67187,22637259,22637343,84,CDS
67188,22636942,22637199,257,CDS
67189,22636187,22636873,686,CDS
67190,22637770,22638868,1098,gene
67191,22637770,22638058,288,mRNA
67192,22638118,22638251,133,mRNA
67193,22638311,22638868,557,mRNA
67194,22637853,22638058,205,CDS
67195,22638118,22638251,133,CDS
67196,22638311,22638813,502,CDS
67197,22638807,22640201,1394,gene
67198,22639931,22640201,270,mRNA
67199,22639537,22639853,316,mRNA
67200,22638807,22639480,673,mRNA
67201,22639931,22640019,88,CDS
67202,22639537,22639853,316,CDS
67203,22639038,22639480,442,CDS
67204,22640526,22641419,893,gene
67205,22641354,22641419,65,mRNA
67206,22640526,22641105,579,mRNA
67207,22640700,22641095,395,CDS
67208,22641786,22643917,2131,gene
67209,22643805,22643917,112,mRNA
67210,22643492,22643653,161,mRNA
67211,22643343,22643430,87,mRNA
67212,22641786,22643286,1500,mRNA
67213,22643805,22643917,112,mRNA
67214,22643492,22643653,161,mRNA
67215,22643343,22643430,87,mRNA
67216,22641908,22643286,1378,mRNA
67217,22643805,22643807,2,CDS
67218,22643492,22643653,161,CDS
67219,22643343,22643430,87,CDS
67220,22641950,22643286,1336,CDS
67221,22643805,22643807,2,CDS
67222,22643492,22643653,161,CDS
67223,22643343,22643430,87,CDS
67224,22641950,22643286,1336,CDS
67225,22644646,22646344,1698,gene
67226,22646182,22646344,162,mRNA
67227,22645921,22646045,124,mRNA
67228,22644646,22645534,888,mRNA
67229,22646182,22646344,162,mRNA
67230,22645921,22646045,124,mRNA
67231,22644941,22645534,593,mRNA
67232,22646182,22646271,89,CDS
67233,22645921,22646045,124,CDS
67234,22645132,22645534,402,CDS
67235,22646182,22646271,89,CDS
67236,22645921,22646045,124,CDS
67237,22645132,22645534,402,CDS
67238,22646616,22647245,629,gene
67239,22647031,22647245,214,mRNA
67240,22646616,22646975,359,mRNA
67241,22647031,22647209,178,CDS
67242,22646693,22646975,282,CDS
67243,22647458,22647807,349,gene
67244,22647458,22647807,349,mRNA
67245,22647578,22647763,185,CDS
67246,22647892,22648478,586,gene
67247,22648194,22648478,284,mRNA
67248,22647892,22648133,241,mRNA
67249,22648194,22648453,259,CDS
67250,22647989,22648133,144,CDS
67251,22648995,22649750,755,gene
67252,22649408,22649750,342,mRNA
67253,22648995,22649343,348,mRNA
67254,22649408,22649750,342,mRNA
67255,22649118,22649343,225,mRNA
67256,22649408,22649736,328,CDS
67257,22649217,22649343,126,CDS
67258,22649408,22649736,328,CDS
67259,22649217,22649343,126,CDS
67260,22650300,22650465,165,mobile_element
67261,22650556,22653595,3039,gene
67262,22650556,22650811,255,mRNA
67263,22650870,22650991,121,mRNA
67264,22651053,22651417,364,mRNA
67265,22651542,22651631,89,mRNA
67266,22651759,22651847,88,mRNA
67267,22651995,22653595,1600,mRNA
67268,22650556,22650811,255,mRNA
67269,22650870,22650991,121,mRNA
67270,22651053,22651417,364,mRNA
67271,22651542,22651631,89,mRNA
67272,22651759,22651847,88,mRNA
67273,22651995,22652307,312,mRNA
67274,22650637,22650811,174,CDS
67275,22650870,22650991,121,CDS
67276,22651053,22651417,364,CDS
67277,22651542,22651631,89,CDS
67278,22651759,22651847,88,CDS
67279,22651995,22652176,181,CDS
67280,22650637,22650811,174,CDS
67281,22650870,22650991,121,CDS
67282,22651053,22651417,364,CDS
67283,22651542,22651631,89,CDS
67284,22651759,22651847,88,CDS
67285,22651995,22652176,181,CDS
67286,22652573,22654530,1957,gene
67287,22653739,22654530,791,mRNA
67288,22653220,22653665,445,mRNA
67289,22652915,22653163,248,mRNA
67290,22652573,22652844,271,mRNA
67291,22653739,22654418,679,CDS
67292,22653220,22653665,445,CDS
67293,22652915,22653163,248,CDS
67294,22652681,22652844,163,CDS
67295,22654805,22655392,587,gene
67296,22655174,22655392,218,mRNA
67297,22654805,22655081,276,mRNA
67298,22655174,22655370,196,CDS
67299,22654835,22655081,246,CDS
67300,22655549,22657135,1586,gene
67301,22655549,22656998,1449,gene
67302,22656617,22656998,381,mRNA
67303,22655823,22656464,641,mRNA
67304,22655549,22655753,204,mRNA
67305,22656617,22656998,381,mRNA
67306,22655823,22656464,641,mRNA
67307,22655549,22655753,204,mRNA
67308,22655823,22656080,257,mRNA
67309,22655549,22655753,204,mRNA
67310,22655823,22656073,250,CDS
67311,22655633,22655753,120,CDS
67312,22655823,22656073,250,CDS
67313,22655633,22655753,120,CDS
67314,22655635,22656496,861,gene
67315,22655635,22656496,861,ncRNA
67316,22656617,22657135,518,mRNA
67317,22656219,22656464,245,mRNA
67318,22656617,22656998,381,mRNA
67319,22656219,22656464,245,mRNA
67320,22656617,22656978,361,CDS
67321,22656353,22656464,111,CDS
67322,22656617,22656978,361,CDS
67323,22656353,22656464,111,CDS
67324,22656617,22656978,361,CDS
67325,22656353,22656464,111,CDS
67326,22657901,22661389,3488,gene
67327,22657901,22661389,3488,gene
67328,22657901,22661389,3488,gene
67329,22657901,22658275,374,mRNA
67330,22658923,22659977,1054,mRNA
67331,22660036,22660861,825,mRNA
67332,22661069,22661389,320,mRNA
67333,22657901,22658275,374,mRNA
67334,22658923,22659977,1054,mRNA
67335,22660036,22660861,825,mRNA
67336,22661069,22661389,320,mRNA
67337,22657901,22658275,374,mRNA
67338,22658923,22659977,1054,mRNA
67339,22660036,22660861,825,mRNA
67340,22661069,22661389,320,mRNA
67341,22657901,22658275,374,mRNA
67342,22658923,22659426,503,mRNA
67343,22657901,22658275,374,mRNA
67344,22658923,22659133,210,mRNA
67345,22657989,22658275,286,CDS
67346,22658923,22659025,102,CDS
67347,22657989,22658275,286,CDS
67348,22658923,22659025,102,CDS
67349,22657989,22658275,286,CDS
67350,22658923,22659025,102,CDS
67351,22659691,22659977,286,mRNA
67352,22660036,22660244,208,mRNA
67353,22659712,22659977,265,CDS
67354,22660036,22660138,102,CDS
67355,22659712,22659977,265,CDS
67356,22660036,22660138,102,CDS
67357,22660483,22660861,378,mRNA
67358,22661069,22661389,320,mRNA
67359,22660551,22660861,310,CDS
67360,22661069,22661165,96,CDS
67361,22660551,22660861,310,CDS
67362,22661069,22661165,96,CDS
67363,22661934,22663241,1307,gene
67364,22661934,22662036,102,mRNA
67365,22662345,22662662,317,mRNA
67366,22662720,22662863,143,mRNA
67367,22662934,22663241,307,mRNA
67368,22661934,22662036,102,mRNA
67369,22662720,22662863,143,mRNA
67370,22662934,22663241,307,mRNA
67371,22662733,22662863,130,CDS
67372,22662934,22663034,100,CDS
67373,22662733,22662863,130,CDS
67374,22662934,22663034,100,CDS
67375,22663692,22664474,782,gene
67376,22663692,22663913,221,mRNA
67377,22663989,22664121,132,mRNA
67378,22664175,22664474,299,mRNA
67379,22663692,22663874,182,mRNA
67380,22663989,22664121,132,mRNA
67381,22664175,22664474,299,mRNA
67382,22663745,22663913,168,CDS
67383,22663989,22664121,132,CDS
67384,22664175,22664277,102,CDS
67385,22663745,22663874,129,CDS
67386,22663989,22664121,132,CDS
67387,22664175,22664277,102,CDS
67388,22665646,22666145,499,gene
67389,22665646,22665784,138,mRNA
67390,22665847,22666145,298,mRNA
67391,22665684,22665784,100,CDS
67392,22665847,22665949,102,CDS
67393,22666125,22666605,480,gene
67394,22666125,22666605,480,ncRNA
67395,22666359,22666764,405,gene
67396,22666359,22666543,184,ncRNA
67397,22666613,22666764,151,ncRNA
67398,22667155,22668848,1693,gene
67399,22667155,22668848,1693,gene
67400,22667155,22667326,171,mRNA
67401,22667383,22667518,135,mRNA
67402,22667590,22668315,725,mRNA
67403,22668649,22668848,199,mRNA
67404,22667155,22667326,171,mRNA
67405,22667383,22667518,135,mRNA
67406,22667590,22668315,725,mRNA
67407,22668649,22668848,199,mRNA
67408,22667182,22667326,144,CDS
67409,22667383,22667518,135,CDS
67410,22667590,22667695,105,CDS
67411,22667939,22668315,376,mRNA
67412,22668649,22668848,199,mRNA
67413,22667987,22668315,328,CDS
67414,22668649,22668754,105,CDS
67415,22667987,22668315,328,CDS
67416,22668649,22668754,105,CDS
67417,22669145,22670622,1477,gene
67418,22669145,22669855,710,mRNA
67419,22669924,22670053,129,mRNA
67420,22670145,22670622,477,mRNA
67421,22669432,22669855,423,mRNA
67422,22669924,22670053,129,mRNA
67423,22670145,22670622,477,mRNA
67424,22669600,22669855,255,CDS
67425,22669924,22670053,129,CDS
67426,22670145,22670265,120,CDS
67427,22669600,22669855,255,CDS
67428,22669924,22670053,129,CDS
67429,22670145,22670265,120,CDS
67430,22670587,22673212,2625,gene
67431,22670587,22671245,658,mRNA
67432,22671630,22673212,1582,mRNA
67433,22670765,22671245,480,mRNA
67434,22671630,22673212,1582,mRNA
67435,22671107,22671245,138,CDS
67436,22671630,22671943,313,CDS
67437,22671107,22671245,138,CDS
67438,22671630,22671943,313,CDS
67439,22673195,22673695,500,gene
67440,22673195,22673695,500,ncRNA
67441,22684955,22688987,4032,gene
67442,22684955,22688987,4032,mRNA
67443,22685525,22688987,3462,mRNA
67444,22685525,22688987,3462,mRNA
67445,22687033,22688721,1688,CDS
67446,22687105,22688721,1616,CDS
67447,22687105,22688721,1616,CDS
67448,22689095,22689395,300,gene
67449,22689095,22689395,300,ncRNA
67450,22689495,22690295,800,gene
67451,22689495,22690295,800,ncRNA
67452,22690495,22691895,1400,gene
67453,22690495,22691895,1400,ncRNA
67454,22692524,22700970,8446,gene
67455,22700878,22700970,92,mRNA
67456,22699802,22700034,232,mRNA
67457,22699613,22699734,121,mRNA
67458,22699196,22699376,180,mRNA
67459,22698966,22699084,118,mRNA
67460,22698452,22698905,453,mRNA
67461,22697912,22698391,479,mRNA
67462,22697772,22697854,82,mRNA
67463,22697545,22697705,160,mRNA
67464,22697402,22697483,81,mRNA
67465,22697166,22697336,170,mRNA
67466,22697015,22697107,92,mRNA
67467,22696752,22696950,198,mRNA
67468,22696419,22696693,274,mRNA
67469,22696072,22696363,291,mRNA
67470,22695777,22696009,232,mRNA
67471,22695388,22695719,331,mRNA
67472,22692524,22695312,2788,mRNA
67473,22700197,22700595,398,mRNA
67474,22699802,22700034,232,mRNA
67475,22699613,22699734,121,mRNA
67476,22699196,22699376,180,mRNA
67477,22698966,22699084,118,mRNA
67478,22698452,22698905,453,mRNA
67479,22697912,22698391,479,mRNA
67480,22697772,22697854,82,mRNA
67481,22697545,22697705,160,mRNA
67482,22697402,22697483,81,mRNA
67483,22697166,22697336,170,mRNA
67484,22697015,22697107,92,mRNA
67485,22696752,22696950,198,mRNA
67486,22696419,22696693,274,mRNA
67487,22696072,22696363,291,mRNA
67488,22695777,22696009,232,mRNA
67489,22695388,22695719,331,mRNA
67490,22692524,22695312,2788,mRNA
67491,22699802,22699952,150,CDS
67492,22699613,22699734,121,CDS
67493,22699196,22699376,180,CDS
67494,22698966,22699084,118,CDS
67495,22698452,22698905,453,CDS
67496,22697912,22698391,479,CDS
67497,22697772,22697854,82,CDS
67498,22697545,22697705,160,CDS
67499,22697402,22697483,81,CDS
67500,22697166,22697336,170,CDS
67501,22697015,22697107,92,CDS
67502,22696752,22696950,198,CDS
67503,22696419,22696693,274,CDS
67504,22696072,22696363,291,CDS
67505,22695777,22696009,232,CDS
67506,22695388,22695719,331,CDS
67507,22694553,22695312,759,CDS
67508,22699802,22699952,150,CDS
67509,22699613,22699734,121,CDS
67510,22699196,22699376,180,CDS
67511,22698966,22699084,118,CDS
67512,22698452,22698905,453,CDS
67513,22697912,22698391,479,CDS
67514,22697772,22697854,82,CDS
67515,22697545,22697705,160,CDS
67516,22697402,22697483,81,CDS
67517,22697166,22697336,170,CDS
67518,22697015,22697107,92,CDS
67519,22696752,22696950,198,CDS
67520,22696419,22696693,274,CDS
67521,22696072,22696363,291,CDS
67522,22695777,22696009,232,CDS
67523,22695388,22695719,331,CDS
67524,22694553,22695312,759,CDS
67525,22701345,22704447,3102,gene
67526,22704258,22704447,189,mRNA
67527,22703935,22704187,252,mRNA
67528,22703419,22703642,223,mRNA
67529,22701926,22702504,578,mRNA
67530,22701345,22701869,524,mRNA
67531,22704258,22704398,140,CDS
67532,22703935,22704187,252,CDS
67533,22703419,22703642,223,CDS
67534,22701926,22702504,578,CDS
67535,22701444,22701869,425,CDS
67536,22702695,22703786,1091,gene
67537,22702695,22703079,384,mRNA
67538,22703161,22703786,625,mRNA
67539,22702717,22703079,362,CDS
67540,22703161,22703406,245,CDS
67541,22704704,22705639,935,gene
67542,22704704,22704757,53,mRNA
67543,22704941,22705292,351,mRNA
67544,22705357,22705639,282,mRNA
67545,22704710,22704757,47,CDS
67546,22704941,22705292,351,CDS
67547,22705357,22705568,211,CDS
67548,22705872,22706678,806,gene
67549,22706619,22706678,59,mRNA
67550,22706214,22706562,348,mRNA
67551,22705872,22706153,281,mRNA
67552,22706619,22706660,41,CDS
67553,22706214,22706562,348,CDS
67554,22705945,22706153,208,CDS
67555,22706934,22707772,838,gene
67556,22706934,22707076,142,mRNA
67557,22707133,22707261,128,mRNA
67558,22707316,22707772,456,mRNA
67559,22706948,22707076,128,CDS
67560,22707133,22707261,128,CDS
67561,22707316,22707714,398,CDS
67562,22707777,22708542,765,gene
67563,22708456,22708542,86,ncRNA
67564,22707777,22708371,594,ncRNA
67565,22707794,22712724,4930,gene
67566,22707794,22708092,298,mRNA
67567,22708152,22708466,314,mRNA
67568,22708683,22708976,293,mRNA
67569,22709031,22709138,107,mRNA
67570,22709198,22709325,127,mRNA
67571,22709379,22709659,280,mRNA
67572,22709715,22710272,557,mRNA
67573,22710323,22710606,283,mRNA
67574,22710700,22710936,236,mRNA
67575,22710995,22711569,574,mRNA
67576,22711620,22711783,163,mRNA
67577,22711846,22712094,248,mRNA
67578,22712150,22712359,209,mRNA
67579,22712417,22712724,307,mRNA
67580,22707794,22708092,298,mRNA
67581,22708152,22708427,275,mRNA
67582,22708683,22708976,293,mRNA
67583,22709031,22709138,107,mRNA
67584,22709198,22709325,127,mRNA
67585,22709379,22709659,280,mRNA
67586,22709715,22710272,557,mRNA
67587,22710323,22710606,283,mRNA
67588,22710700,22710936,236,mRNA
67589,22710995,22711569,574,mRNA
67590,22711620,22711783,163,mRNA
67591,22711846,22712094,248,mRNA
67592,22712150,22712359,209,mRNA
67593,22712417,22712724,307,mRNA
67594,22707794,22708092,298,mRNA
67595,22708152,22708427,275,mRNA
67596,22708683,22708976,293,mRNA
67597,22709031,22709131,100,mRNA
67598,22709198,22709325,127,mRNA
67599,22709379,22709659,280,mRNA
67600,22709715,22710272,557,mRNA
67601,22710323,22710606,283,mRNA
67602,22710700,22710936,236,mRNA
67603,22710995,22711569,574,mRNA
67604,22711620,22711783,163,mRNA
67605,22711846,22712094,248,mRNA
67606,22712150,22712359,209,mRNA
67607,22712417,22712724,307,mRNA
67608,22707824,22708092,268,CDS
67609,22708152,22708466,314,CDS
67610,22708683,22708976,293,CDS
67611,22709031,22709138,107,CDS
67612,22709198,22709325,127,CDS
67613,22709379,22709659,280,CDS
67614,22709715,22710272,557,CDS
67615,22710323,22710606,283,CDS
67616,22710700,22710936,236,CDS
67617,22710995,22711569,574,CDS
67618,22711620,22711783,163,CDS
67619,22711846,22712094,248,CDS
67620,22712150,22712359,209,CDS
67621,22712417,22712641,224,CDS
67622,22707824,22708092,268,CDS
67623,22708152,22708427,275,CDS
67624,22708683,22708976,293,CDS
67625,22709031,22709138,107,CDS
67626,22709198,22709325,127,CDS
67627,22709379,22709659,280,CDS
67628,22709715,22710272,557,CDS
67629,22710323,22710606,283,CDS
67630,22710700,22710936,236,CDS
67631,22710995,22711569,574,CDS
67632,22711620,22711783,163,CDS
67633,22711846,22712094,248,CDS
67634,22712150,22712359,209,CDS
67635,22712417,22712641,224,CDS
67636,22707824,22708092,268,CDS
67637,22708152,22708427,275,CDS
67638,22708683,22708976,293,CDS
67639,22709031,22709131,100,CDS
67640,22709198,22709220,22,CDS
67641,22712701,22717247,4546,gene
67642,22712701,22713016,315,mRNA
67643,22713081,22713380,299,mRNA
67644,22713440,22713587,147,mRNA
67645,22713641,22713804,163,mRNA
67646,22713866,22714011,145,mRNA
67647,22714088,22714383,295,mRNA
67648,22714449,22714792,343,mRNA
67649,22714847,22715039,192,mRNA
67650,22715102,22715391,289,mRNA
67651,22715452,22715688,236,mRNA
67652,22715757,22716319,562,mRNA
67653,22716375,22716538,163,mRNA
67654,22716597,22716842,245,mRNA
67655,22716894,22717247,353,mRNA
67656,22712739,22713016,277,CDS
67657,22713081,22713380,299,CDS
67658,22713440,22713587,147,CDS
67659,22713641,22713804,163,CDS
67660,22713866,22714011,145,CDS
67661,22714088,22714383,295,CDS
67662,22714449,22714792,343,CDS
67663,22714847,22715039,192,CDS
67664,22715102,22715391,289,CDS
67665,22715452,22715688,236,CDS
67666,22715757,22716319,562,CDS
67667,22716375,22716538,163,CDS
67668,22716597,22716842,245,CDS
67669,22716894,22717247,353,CDS
67670,22717321,22740459,23138,gene
67671,22740369,22740459,90,mRNA
67672,22736605,22736915,310,mRNA
67673,22733546,22734196,650,mRNA
67674,22733000,22733305,305,mRNA
67675,22731982,22732718,736,mRNA
67676,22731666,22731921,255,mRNA
67677,22730815,22731012,197,mRNA
67678,22730310,22730743,433,mRNA
67679,22729815,22730233,418,mRNA
67680,22724531,22725542,1011,mRNA
67681,22723937,22724157,220,mRNA
67682,22721879,22722027,148,mRNA
67683,22719681,22721775,2094,mRNA
67684,22718124,22719616,1492,mRNA
67685,22717873,22718052,179,mRNA
67686,22717321,22717810,489,mRNA
67687,22740369,22740459,90,mRNA
67688,22736605,22736915,310,mRNA
67689,22733546,22734196,650,mRNA
67690,22733000,22733305,305,mRNA
67691,22731982,22732718,736,mRNA
67692,22731666,22731921,255,mRNA
67693,22731144,22731491,347,mRNA
67694,22730815,22731012,197,mRNA
67695,22730310,22730743,433,mRNA
67696,22729815,22730233,418,mRNA
67697,22724531,22725542,1011,mRNA
67698,22723937,22724157,220,mRNA
67699,22721879,22722027,148,mRNA
67700,22719681,22721775,2094,mRNA
67701,22718124,22719616,1492,mRNA
67702,22717873,22718052,179,mRNA
67703,22717321,22717810,489,mRNA
67704,22736605,22737045,440,mRNA
67705,22733546,22734196,650,mRNA
67706,22733000,22733305,305,mRNA
67707,22731982,22732718,736,mRNA
67708,22731666,22731921,255,mRNA
67709,22731144,22731491,347,mRNA
67710,22730815,22731012,197,mRNA
67711,22730310,22730743,433,mRNA
67712,22729815,22730233,418,mRNA
67713,22724531,22725542,1011,mRNA
67714,22723937,22724157,220,mRNA
67715,22721879,22722027,148,mRNA
67716,22719681,22721775,2094,mRNA
67717,22718124,22719616,1492,mRNA
67718,22717873,22718052,179,mRNA
67719,22717321,22717810,489,mRNA
67720,22729142,22729272,130,mRNA
67721,22727564,22727781,217,mRNA
67722,22724531,22725542,1011,mRNA
67723,22723937,22724157,220,mRNA
67724,22721879,22722027,148,mRNA
67725,22719681,22721775,2094,mRNA
67726,22718124,22719616,1492,mRNA
67727,22717873,22718052,179,mRNA
67728,22717321,22717810,489,mRNA
67729,22736605,22736841,236,CDS
67730,22733546,22734196,650,CDS
67731,22733000,22733305,305,CDS
67732,22731982,22732718,736,CDS
67733,22731666,22731921,255,CDS
67734,22731144,22731491,347,CDS
67735,22730815,22731012,197,CDS
67736,22730310,22730743,433,CDS
67737,22729815,22730233,418,CDS
67738,22724531,22725542,1011,CDS
67739,22723937,22724157,220,CDS
67740,22721879,22722027,148,CDS
67741,22719681,22721775,2094,CDS
67742,22718124,22719616,1492,CDS
67743,22717873,22718052,179,CDS
67744,22717574,22717810,236,CDS
67745,22736605,22736841,236,CDS
67746,22733546,22734196,650,CDS
67747,22733000,22733305,305,CDS
67748,22731982,22732718,736,CDS
67749,22731666,22731921,255,CDS
67750,22730815,22731012,197,CDS
67751,22730310,22730743,433,CDS
67752,22729815,22730233,418,CDS
67753,22724531,22725542,1011,CDS
67754,22723937,22724157,220,CDS
67755,22721879,22722027,148,CDS
67756,22719681,22721775,2094,CDS
67757,22718124,22719616,1492,CDS
67758,22717873,22718052,179,CDS
67759,22717679,22717810,131,CDS
67760,22736605,22736841,236,CDS
67761,22733546,22734196,650,CDS
67762,22733000,22733305,305,CDS
67763,22731982,22732718,736,CDS
67764,22731666,22731921,255,CDS
67765,22731144,22731491,347,CDS
67766,22730815,22731012,197,CDS
67767,22730310,22730743,433,CDS
67768,22729815,22730233,418,CDS
67769,22724531,22725542,1011,CDS
67770,22723937,22724157,220,CDS
67771,22721879,22722027,148,CDS
67772,22719681,22721775,2094,CDS
67773,22718124,22719616,1492,CDS
67774,22717873,22718052,179,CDS
67775,22717679,22717810,131,CDS
67776,22724531,22725519,988,CDS
67777,22723937,22724157,220,CDS
67778,22721879,22722027,148,CDS
67779,22719681,22721775,2094,CDS
67780,22718124,22719616,1492,CDS
67781,22717873,22718052,179,CDS
67782,22717679,22717810,131,CDS
67783,22736605,22737045,440,mRNA
67784,22733546,22734196,650,mRNA
67785,22733000,22733305,305,mRNA
67786,22731982,22732718,736,mRNA
67787,22731666,22731921,255,mRNA
67788,22731144,22731491,347,mRNA
67789,22730815,22731012,197,mRNA
67790,22730310,22730743,433,mRNA
67791,22729815,22730233,418,mRNA
67792,22724531,22725542,1011,mRNA
67793,22723937,22724157,220,mRNA
67794,22722589,22722904,315,mRNA
67795,22729195,22729272,77,mRNA
67796,22727564,22727781,217,mRNA
67797,22724531,22725542,1011,mRNA
67798,22723937,22724157,220,mRNA
67799,22722589,22722904,315,mRNA
67800,22729142,22729272,130,mRNA
67801,22727564,22727781,217,mRNA
67802,22724531,22725542,1011,mRNA
67803,22723937,22724157,220,mRNA
67804,22722589,22722904,315,mRNA
67805,22729132,22729272,140,mRNA
67806,22727564,22727781,217,mRNA
67807,22724531,22725542,1011,mRNA
67808,22723937,22724157,220,mRNA
67809,22722589,22722904,315,mRNA
67810,22729101,22729272,171,mRNA
67811,22727564,22727781,217,mRNA
67812,22724531,22725542,1011,mRNA
67813,22723937,22724157,220,mRNA
67814,22722589,22722904,315,mRNA
67815,22729101,22729272,171,mRNA
67816,22727564,22727988,424,mRNA
67817,22724531,22725542,1011,mRNA
67818,22723937,22724157,220,mRNA
67819,22722589,22722904,315,mRNA
67820,22736605,22736841,236,CDS
67821,22733546,22734196,650,CDS
67822,22733000,22733305,305,CDS
67823,22731982,22732718,736,CDS
67824,22731666,22731921,255,CDS
67825,22731144,22731491,347,CDS
67826,22730815,22731012,197,CDS
67827,22730310,22730743,433,CDS
67828,22729815,22730233,418,CDS
67829,22724531,22725542,1011,CDS
67830,22723937,22724157,220,CDS
67831,22722882,22722904,22,CDS
67832,22724531,22725519,988,CDS
67833,22723937,22724157,220,CDS
67834,22722882,22722904,22,CDS
67835,22724531,22725519,988,CDS
67836,22723937,22724157,220,CDS
67837,22722882,22722904,22,CDS
67838,22724531,22725519,988,CDS
67839,22723937,22724157,220,CDS
67840,22722882,22722904,22,CDS
67841,22724531,22725519,988,CDS
67842,22723937,22724157,220,CDS
67843,22722882,22722904,22,CDS
67844,22724531,22725519,988,CDS
67845,22723937,22724157,220,CDS
67846,22722882,22722904,22,CDS
67847,22740999,22798289,57290,gene
67848,22796896,22798289,1393,mRNA
67849,22777023,22777314,291,mRNA
67850,22759051,22759405,354,mRNA
67851,22757865,22758931,1066,mRNA
67852,22747367,22747518,151,mRNA
67853,22747136,22747277,141,mRNA
67854,22746888,22747025,137,mRNA
67855,22745045,22745212,167,mRNA
67856,22744511,22744736,225,mRNA
67857,22744252,22744397,145,mRNA
67858,22740999,22744182,3183,mRNA
67859,22796896,22798289,1393,mRNA
67860,22777023,22777314,291,mRNA
67861,22759764,22760588,824,mRNA
67862,22759051,22759405,354,mRNA
67863,22757865,22758931,1066,mRNA
67864,22747367,22747518,151,mRNA
67865,22747136,22747277,141,mRNA
67866,22746876,22747025,149,mRNA
67867,22745045,22745212,167,mRNA
67868,22744511,22744718,207,mRNA
67869,22744252,22744397,145,mRNA
67870,22742980,22744182,1202,mRNA
67871,22796896,22798289,1393,mRNA
67872,22777023,22777314,291,mRNA
67873,22759764,22760588,824,mRNA
67874,22759051,22759405,354,mRNA
67875,22757865,22758931,1066,mRNA
67876,22747367,22747518,151,mRNA
67877,22747136,22747277,141,mRNA
67878,22746888,22747025,137,mRNA
67879,22745045,22745212,167,mRNA
67880,22744511,22744736,225,mRNA
67881,22744252,22744397,145,mRNA
67882,22743403,22744182,779,mRNA
67883,22796896,22798289,1393,mRNA
67884,22777023,22777314,291,mRNA
67885,22759764,22760588,824,mRNA
67886,22759051,22759405,354,mRNA
67887,22757865,22758931,1066,mRNA
67888,22747367,22747518,151,mRNA
67889,22747136,22747277,141,mRNA
67890,22746888,22747025,137,mRNA
67891,22745045,22745212,167,mRNA
67892,22744511,22744736,225,mRNA
67893,22744252,22744397,145,mRNA
67894,22743403,22744182,779,mRNA
67895,22777023,22777242,219,CDS
67896,22759764,22760588,824,CDS
67897,22759051,22759405,354,CDS
67898,22757865,22758931,1066,CDS
67899,22747367,22747518,151,CDS
67900,22747136,22747277,141,CDS
67901,22746888,22747025,137,CDS
67902,22745045,22745212,167,CDS
67903,22744511,22744736,225,CDS
67904,22744252,22744397,145,CDS
67905,22743812,22744182,370,CDS
67906,22777023,22777242,219,CDS
67907,22759051,22759405,354,CDS
67908,22757865,22758931,1066,CDS
67909,22747367,22747518,151,CDS
67910,22747136,22747277,141,CDS
67911,22746888,22747025,137,CDS
67912,22745045,22745212,167,CDS
67913,22744511,22744736,225,CDS
67914,22744252,22744397,145,CDS
67915,22743872,22744182,310,CDS
67916,22777023,22777242,219,CDS
67917,22759764,22760588,824,CDS
67918,22759051,22759405,354,CDS
67919,22757865,22758931,1066,CDS
67920,22747367,22747518,151,CDS
67921,22747136,22747277,141,CDS
67922,22746888,22747025,137,CDS
67923,22745045,22745212,167,CDS
67924,22744511,22744736,225,CDS
67925,22744252,22744397,145,CDS
67926,22743872,22744182,310,CDS
67927,22777023,22777242,219,CDS
67928,22759764,22760588,824,CDS
67929,22759051,22759405,354,CDS
67930,22757865,22758931,1066,CDS
67931,22747367,22747518,151,CDS
67932,22747136,22747277,141,CDS
67933,22746876,22747025,149,CDS
67934,22745045,22745212,167,CDS
67935,22744511,22744718,207,CDS
67936,22744252,22744397,145,CDS
67937,22743872,22744182,310,CDS
67938,22755219,22755896,677,gene
67939,22755219,22755896,677,mRNA
67940,22755325,22755789,464,CDS
67941,22756165,22758995,2830,gene
67942,22756165,22756512,347,ncRNA
67943,22757850,22758995,1145,ncRNA
67944,22763706,22765422,1716,gene
67945,22763706,22764045,339,mRNA
67946,22764107,22764383,276,mRNA
67947,22764457,22764806,349,mRNA
67948,22764871,22765422,551,mRNA
67949,22763706,22764045,339,mRNA
67950,22764107,22764383,276,mRNA
67951,22764457,22764856,399,mRNA
67952,22763804,22764045,241,CDS
67953,22764107,22764383,276,CDS
67954,22764457,22764806,349,CDS
67955,22764871,22764880,9,CDS
67956,22763804,22764045,241,CDS
67957,22764107,22764383,276,CDS
67958,22764457,22764810,353,CDS
67959,22775024,22775372,348,mobile_element
67960,22784304,22784932,628,gene
67961,22784304,22784396,92,mRNA
67962,22784453,22784932,479,mRNA
67963,22784304,22784396,92,mRNA
67964,22784463,22784932,469,mRNA
67965,22784304,22784396,92,mRNA
67966,22784463,22784932,469,mRNA
67967,22784346,22784396,50,CDS
67968,22784453,22784842,389,CDS
67969,22784384,22784396,12,CDS
67970,22784463,22784842,379,CDS
67971,22784606,22784842,236,CDS
67972,22799099,22802180,3081,gene
67973,22799099,22799269,170,mRNA
67974,22799896,22800476,580,mRNA
67975,22800569,22801370,801,mRNA
67976,22801483,22802180,697,mRNA
67977,22799204,22799269,65,CDS
67978,22799896,22800476,580,CDS
67979,22800569,22801370,801,CDS
67980,22801483,22801692,209,CDS
67981,22803521,22806948,3427,gene
67982,22806646,22806948,302,mRNA
67983,22805940,22806085,145,mRNA
67984,22805667,22805875,208,mRNA
67985,22804660,22805558,898,mRNA
67986,22803521,22804590,1069,mRNA
67987,22806646,22806948,302,mRNA
67988,22805940,22806085,145,mRNA
67989,22805667,22805875,208,mRNA
67990,22804660,22805564,904,mRNA
67991,22803521,22804590,1069,mRNA
67992,22806274,22806499,225,mRNA
67993,22805940,22806085,145,mRNA
67994,22805667,22805875,208,mRNA
67995,22804660,22805564,904,mRNA
67996,22803521,22804590,1069,mRNA
67997,22805940,22806303,363,mRNA
67998,22805667,22805875,208,mRNA
67999,22804660,22805564,904,mRNA
68000,22803521,22804590,1069,mRNA
68001,22806646,22806681,35,CDS
68002,22805940,22806085,145,CDS
68003,22805667,22805875,208,CDS
68004,22804660,22805558,898,CDS
68005,22804294,22804590,296,CDS
68006,22806646,22806681,35,CDS
68007,22805940,22806085,145,CDS
68008,22805667,22805875,208,CDS
68009,22804660,22805564,904,CDS
68010,22804294,22804590,296,CDS
68011,22806274,22806291,17,CDS
68012,22805940,22806085,145,CDS
68013,22805667,22805875,208,CDS
68014,22804660,22805564,904,CDS
68015,22804294,22804590,296,CDS
68016,22805940,22806031,91,CDS
68017,22805667,22805875,208,CDS
68018,22804660,22805564,904,CDS
68019,22804294,22804590,296,CDS
68020,22807860,22815993,8133,gene
68021,22807860,22808955,1095,mRNA
68022,22811434,22811512,78,mRNA
68023,22812060,22812203,143,mRNA
68024,22812303,22812538,235,mRNA
68025,22812711,22813549,838,mRNA
68026,22813601,22813729,128,mRNA
68027,22813787,22814036,249,mRNA
68028,22814097,22814892,795,mRNA
68029,22814950,22815633,683,mRNA
68030,22815688,22815993,305,mRNA
68031,22808368,22808955,587,mRNA
68032,22811434,22811512,78,mRNA
68033,22812060,22812203,143,mRNA
68034,22812303,22812538,235,mRNA
68035,22812711,22813549,838,mRNA
68036,22813601,22813729,128,mRNA
68037,22813787,22814036,249,mRNA
68038,22814097,22814892,795,mRNA
68039,22814950,22815633,683,mRNA
68040,22815688,22815993,305,mRNA
68041,22808779,22808955,176,CDS
68042,22811434,22811512,78,CDS
68043,22812060,22812203,143,CDS
68044,22812303,22812538,235,CDS
68045,22812711,22813549,838,CDS
68046,22813601,22813729,128,CDS
68047,22813787,22814036,249,CDS
68048,22814097,22814892,795,CDS
68049,22814950,22815633,683,CDS
68050,22815688,22815764,76,CDS
68051,22808779,22808955,176,CDS
68052,22811434,22811512,78,CDS
68053,22812060,22812203,143,CDS
68054,22812303,22812538,235,CDS
68055,22812711,22813549,838,CDS
68056,22813601,22813729,128,CDS
68057,22813787,22814036,249,CDS
68058,22814097,22814892,795,CDS
68059,22814950,22815633,683,CDS
68060,22815688,22815764,76,CDS
68061,22815866,22815933,67,mobile_element
68062,22816474,22822111,5637,gene
68063,22816474,22816564,90,mRNA
68064,22817517,22817703,186,mRNA
68065,22818908,22818967,59,mRNA
68066,22819423,22819583,160,mRNA
68067,22819642,22819953,311,mRNA
68068,22820159,22820329,170,mRNA
68069,22820387,22820478,91,mRNA
68070,22820669,22820816,147,mRNA
68071,22821149,22822111,962,mRNA
68072,22817452,22817703,251,mRNA
68073,22818908,22818967,59,mRNA
68074,22819423,22819583,160,mRNA
68075,22819642,22819953,311,mRNA
68076,22820159,22820329,170,mRNA
68077,22820387,22820478,91,mRNA
68078,22820669,22820816,147,mRNA
68079,22821149,22821756,607,mRNA
68080,22817643,22817703,60,CDS
68081,22818908,22818967,59,CDS
68082,22819423,22819583,160,CDS
68083,22819642,22819953,311,CDS
68084,22820159,22820329,170,CDS
68085,22820387,22820478,91,CDS
68086,22820669,22820816,147,CDS
68087,22821149,22821649,500,CDS
68088,22817643,22817703,60,CDS
68089,22818908,22818967,59,CDS
68090,22819423,22819583,160,CDS
68091,22819642,22819953,311,CDS
68092,22820159,22820329,170,CDS
68093,22820387,22820478,91,CDS
68094,22820669,22820816,147,CDS
68095,22821149,22821649,500,CDS
68096,22818582,22818777,195,mRNA
68097,22818908,22818967,59,mRNA
68098,22819423,22819583,160,mRNA
68099,22819642,22819953,311,mRNA
68100,22820159,22820329,170,mRNA
68101,22820387,22820478,91,mRNA
68102,22821149,22821756,607,mRNA
68103,22818804,22818967,163,mRNA
68104,22819423,22819583,160,mRNA
68105,22819642,22819953,311,mRNA
68106,22820159,22820329,170,mRNA
68107,22820387,22820478,91,mRNA
68108,22820669,22820816,147,mRNA
68109,22821149,22821756,607,mRNA
68110,22818889,22818967,78,CDS
68111,22819423,22819583,160,CDS
68112,22819642,22819953,311,CDS
68113,22820159,22820329,170,CDS
68114,22820387,22820478,91,CDS
68115,22820669,22820816,147,CDS
68116,22821149,22821649,500,CDS
68117,22818910,22818967,57,CDS
68118,22819423,22819583,160,CDS
68119,22819642,22819953,311,CDS
68120,22820159,22820329,170,CDS
68121,22820387,22820478,91,CDS
68122,22821149,22821167,18,CDS
68123,22821430,22828903,7473,gene
68124,22821430,22821628,198,mRNA
68125,22823020,22823199,179,mRNA
68126,22823437,22823583,146,mRNA
68127,22823664,22823817,153,mRNA
68128,22823873,22824030,157,mRNA
68129,22824624,22824744,120,mRNA
68130,22827262,22827333,71,mRNA
68131,22827577,22828116,539,mRNA
68132,22828184,22828447,263,mRNA
68133,22828509,22828606,97,mRNA
68134,22828663,22828903,240,mRNA
68135,22821572,22821628,56,CDS
68136,22823020,22823199,179,CDS
68137,22823437,22823583,146,CDS
68138,22823664,22823817,153,CDS
68139,22823873,22824030,157,CDS
68140,22824624,22824744,120,CDS
68141,22827262,22827333,71,CDS
68142,22827577,22828116,539,CDS
68143,22828184,22828447,263,CDS
68144,22828509,22828606,97,CDS
68145,22828663,22828845,182,CDS
68146,22825093,22828903,3810,gene
68147,22825093,22825250,157,mRNA
68148,22825482,22826987,1505,mRNA
68149,22827262,22827333,71,mRNA
68150,22827577,22828116,539,mRNA
68151,22828184,22828447,263,mRNA
68152,22828509,22828606,97,mRNA
68153,22828663,22828903,240,mRNA
68154,22825093,22825250,157,mRNA
68155,22827262,22827333,71,mRNA
68156,22827577,22828116,539,mRNA
68157,22828184,22828447,263,mRNA
68158,22828509,22828606,97,mRNA
68159,22828663,22828903,240,mRNA
68160,22825190,22825250,60,CDS
68161,22827262,22827333,71,CDS
68162,22827577,22828116,539,CDS
68163,22828184,22828447,263,CDS
68164,22828509,22828606,97,CDS
68165,22828663,22828845,182,CDS
68166,22825190,22825250,60,CDS
68167,22825482,22826827,1345,CDS
68168,22829644,22831877,2233,gene
68169,22829644,22829718,74,mRNA
68170,22830131,22830267,136,mRNA
68171,22830325,22831416,1091,mRNA
68172,22831483,22831877,394,mRNA
68173,22829697,22829718,21,CDS
68174,22830131,22830267,136,CDS
68175,22830325,22831416,1091,CDS
68176,22831483,22831725,242,CDS
68177,22832456,22834580,2124,gene
68178,22832456,22832683,227,mRNA
68179,22832922,22833058,136,mRNA
68180,22833120,22834193,1073,mRNA
68181,22834249,22834580,331,mRNA
68182,22832605,22832683,78,mRNA
68183,22832922,22833058,136,mRNA
68184,22833120,22834193,1073,mRNA
68185,22834249,22834580,331,mRNA
68186,22832662,22832683,21,CDS
68187,22832922,22833058,136,CDS
68188,22833120,22834193,1073,CDS
68189,22834249,22834473,224,CDS
68190,22832662,22832683,21,CDS
68191,22832922,22833058,136,CDS
68192,22833120,22834193,1073,CDS
68193,22834249,22834473,224,CDS
68194,22834647,22836701,2054,gene
68195,22834647,22834721,74,mRNA
68196,22834992,22835128,136,mRNA
68197,22835186,22836259,1073,mRNA
68198,22836341,22836701,360,mRNA
68199,22834700,22834721,21,CDS
68200,22834992,22835128,136,CDS
68201,22835186,22836259,1073,CDS
68202,22836341,22836547,206,CDS
68203,22837361,22839291,1930,gene
68204,22837361,22837457,96,mRNA
68205,22837722,22837858,136,mRNA
68206,22837916,22838989,1073,mRNA
68207,22839057,22839291,234,mRNA
68208,22837436,22837457,21,CDS
68209,22837722,22837858,136,CDS
68210,22837916,22838989,1073,CDS
68211,22839057,22839281,224,CDS
68212,22840739,22842977,2238,gene
68213,22840739,22840993,254,mRNA
68214,22841056,22842129,1073,mRNA
68215,22842211,22842977,766,mRNA
68216,22840739,22840993,254,mRNA
68217,22841056,22842129,1073,mRNA
68218,22842211,22842602,391,mRNA
68219,22840835,22840993,158,CDS
68220,22841056,22842129,1073,CDS
68221,22842211,22842465,254,CDS
68222,22840835,22840993,158,CDS
68223,22841056,22842129,1073,CDS
68224,22842211,22842465,254,CDS
68225,22843075,22844979,1904,mobile_element
68226,22845977,22847911,1934,gene
68227,22845977,22846050,73,mRNA
68228,22846113,22846658,545,mRNA
68229,22846913,22847577,664,mRNA
68230,22847628,22847911,283,mRNA
68231,22846017,22846050,33,CDS
68232,22846113,22846658,545,CDS
68233,22846913,22847577,664,CDS
68234,22847628,22847843,215,CDS
68235,22847832,22853827,5995,gene
68236,22852636,22853827,1191,mRNA
68237,22851069,22852541,1472,mRNA
68238,22849544,22851016,1472,mRNA
68239,22848428,22849485,1057,mRNA
68240,22848197,22848358,161,mRNA
68241,22847832,22848138,306,mRNA
68242,22852636,22853728,1092,mRNA
68243,22851069,22852541,1472,mRNA
68244,22849544,22851016,1472,mRNA
68245,22848428,22849485,1057,mRNA
68246,22848197,22848358,161,mRNA
68247,22847832,22848138,306,mRNA
68248,22852636,22853697,1061,CDS
68249,22851069,22852541,1472,CDS
68250,22849544,22851016,1472,CDS
68251,22848428,22849485,1057,CDS
68252,22848197,22848358,161,CDS
68253,22847919,22848138,219,CDS
68254,22852636,22853697,1061,CDS
68255,22851069,22852541,1472,CDS
68256,22849544,22851016,1472,CDS
68257,22848428,22849485,1057,CDS
68258,22848197,22848358,161,CDS
68259,22847919,22848138,219,CDS
68260,22854383,22855694,1311,gene
68261,22854383,22854412,29,mRNA
68262,22854480,22854529,49,mRNA
68263,22854647,22854858,211,mRNA
68264,22855445,22855694,249,mRNA
68265,22854517,22854529,12,CDS
68266,22854647,22854858,211,CDS
68267,22855445,22855642,197,CDS
68268,22855688,22858794,3106,gene
68269,22858562,22858794,232,mRNA
68270,22857601,22858175,574,mRNA
68271,22857456,22857546,90,mRNA
68272,22857038,22857393,355,mRNA
68273,22856749,22856973,224,mRNA
68274,22856578,22856689,111,mRNA
68275,22856381,22856520,139,mRNA
68276,22856024,22856320,296,mRNA
68277,22855688,22855953,265,mRNA
68278,22858562,22858794,232,mRNA
68279,22857601,22858211,610,mRNA
68280,22857456,22857546,90,mRNA
68281,22857038,22857393,355,mRNA
68282,22856749,22856973,224,mRNA
68283,22856578,22856689,111,mRNA
68284,22856381,22856520,139,mRNA
68285,22856024,22856320,296,mRNA
68286,22855688,22855953,265,mRNA
68287,22858562,22858598,36,CDS
68288,22857601,22858175,574,CDS
68289,22857456,22857546,90,CDS
68290,22857038,22857393,355,CDS
68291,22856749,22856973,224,CDS
68292,22856578,22856689,111,CDS
68293,22856381,22856520,139,CDS
68294,22856024,22856320,296,CDS
68295,22855762,22855953,191,CDS
68296,22858562,22858598,36,CDS
68297,22857601,22858211,610,CDS
68298,22857456,22857546,90,CDS
68299,22857038,22857393,355,CDS
68300,22856749,22856973,224,CDS
68301,22856578,22856689,111,CDS
68302,22856381,22856520,139,CDS
68303,22856024,22856320,296,CDS
68304,22855762,22855953,191,CDS
68305,22868159,22870706,2547,gene
68306,22868159,22868854,695,mRNA
68307,22869175,22870706,1531,mRNA
68308,22868502,22868854,352,CDS
68309,22869175,22870192,1017,CDS
68310,22871190,22874427,3237,gene
68311,22871190,22871859,669,mRNA
68312,22871942,22872135,193,mRNA
68313,22872230,22872392,162,mRNA
68314,22873268,22873376,108,mRNA
68315,22873455,22873636,181,mRNA
68316,22873828,22874427,599,mRNA
68317,22871796,22871859,63,CDS
68318,22871942,22872135,193,CDS
68319,22872230,22872392,162,CDS
68320,22873268,22873376,108,CDS
68321,22873455,22873636,181,CDS
68322,22873828,22873907,79,CDS
68323,22874578,22875172,594,gene
68324,22874578,22875172,594,ncRNA
68325,22874769,22881436,6667,gene
68326,22874769,22875116,347,mRNA
68327,22875429,22875463,34,mRNA
68328,22875567,22875716,149,mRNA
68329,22875895,22876092,197,mRNA
68330,22876145,22876287,142,mRNA
68331,22876350,22876847,497,mRNA
68332,22876902,22877006,104,mRNA
68333,22877075,22877207,132,mRNA
68334,22877259,22877346,87,mRNA
68335,22877742,22877804,62,mRNA
68336,22878156,22878242,86,mRNA
68337,22878340,22878612,272,mRNA
68338,22879562,22879778,216,mRNA
68339,22879870,22880042,172,mRNA
68340,22880133,22880218,85,mRNA
68341,22880478,22881436,958,mRNA
68342,22874769,22875116,347,mRNA
68343,22875429,22875463,34,mRNA
68344,22875567,22875716,149,mRNA
68345,22875895,22876092,197,mRNA
68346,22876145,22876287,142,mRNA
68347,22876350,22876847,497,mRNA
68348,22876914,22877006,92,mRNA
68349,22877075,22877207,132,mRNA
68350,22877259,22877346,87,mRNA
68351,22877742,22877804,62,mRNA
68352,22878156,22878242,86,mRNA
68353,22878340,22878612,272,mRNA
68354,22879562,22879778,216,mRNA
68355,22879870,22880042,172,mRNA
68356,22880133,22880218,85,mRNA
68357,22880478,22881436,958,mRNA
68358,22874769,22875116,347,mRNA
68359,22875429,22875463,34,mRNA
68360,22875567,22875716,149,mRNA
68361,22875895,22876092,197,mRNA
68362,22876145,22876287,142,mRNA
68363,22876350,22876847,497,mRNA
68364,22876914,22877006,92,mRNA
68365,22877075,22877207,132,mRNA
68366,22877259,22877346,87,mRNA
68367,22877742,22877804,62,mRNA
68368,22878156,22878242,86,mRNA
68369,22878340,22878612,272,mRNA
68370,22879562,22879778,216,mRNA
68371,22879870,22880042,172,mRNA
68372,22880478,22881436,958,mRNA
68373,22874769,22875116,347,mRNA
68374,22875429,22875463,34,mRNA
68375,22875567,22875716,149,mRNA
68376,22875895,22876092,197,mRNA
68377,22876145,22876287,142,mRNA
68378,22876350,22876847,497,mRNA
68379,22876914,22877006,92,mRNA
68380,22877075,22877207,132,mRNA
68381,22877259,22877346,87,mRNA
68382,22878156,22878242,86,mRNA
68383,22878340,22878612,272,mRNA
68384,22879562,22879778,216,mRNA
68385,22879870,22880042,172,mRNA
68386,22880133,22880218,85,mRNA
68387,22880478,22881436,958,mRNA
68388,22874769,22875116,347,mRNA
68389,22875429,22875463,34,mRNA
68390,22875567,22875716,149,mRNA
68391,22875895,22876092,197,mRNA
68392,22876145,22876287,142,mRNA
68393,22876350,22876847,497,mRNA
68394,22876914,22877006,92,mRNA
68395,22877075,22877207,132,mRNA
68396,22877259,22877346,87,mRNA
68397,22878156,22878242,86,mRNA
68398,22878340,22878612,272,mRNA
68399,22879562,22879778,216,mRNA
68400,22879870,22880042,172,mRNA
68401,22880478,22881436,958,mRNA
68402,22875029,22875116,87,CDS
68403,22875429,22875463,34,CDS
68404,22875567,22875716,149,CDS
68405,22875895,22876092,197,CDS
68406,22876145,22876287,142,CDS
68407,22876350,22876847,497,CDS
68408,22876914,22877006,92,CDS
68409,22877075,22877207,132,CDS
68410,22877259,22877346,87,CDS
68411,22877742,22877804,62,CDS
68412,22878156,22878242,86,CDS
68413,22878340,22878612,272,CDS
68414,22879562,22879778,216,CDS
68415,22879870,22880042,172,CDS
68416,22880478,22880491,13,CDS
68417,22875029,22875116,87,CDS
68418,22875429,22875463,34,CDS
68419,22875567,22875716,149,CDS
68420,22875895,22876092,197,CDS
68421,22876145,22876287,142,CDS
68422,22876350,22876847,497,CDS
68423,22876914,22877006,92,CDS
68424,22877075,22877207,132,CDS
68425,22877259,22877346,87,CDS
68426,22878156,22878242,86,CDS
68427,22878340,22878612,272,CDS
68428,22879562,22879778,216,CDS
68429,22879870,22880042,172,CDS
68430,22880478,22880491,13,CDS
68431,22875029,22875116,87,CDS
68432,22875429,22875463,34,CDS
68433,22875567,22875716,149,CDS
68434,22875895,22876092,197,CDS
68435,22876145,22876287,142,CDS
68436,22876350,22876847,497,CDS
68437,22876902,22877006,104,CDS
68438,22877075,22877207,132,CDS
68439,22877259,22877346,87,CDS
68440,22877742,22877804,62,CDS
68441,22878156,22878242,86,CDS
68442,22878340,22878612,272,CDS
68443,22879562,22879778,216,CDS
68444,22879870,22880042,172,CDS
68445,22880133,22880218,85,CDS
68446,22880478,22880486,8,CDS
68447,22875029,22875116,87,CDS
68448,22875429,22875463,34,CDS
68449,22875567,22875716,149,CDS
68450,22875895,22876092,197,CDS
68451,22876145,22876287,142,CDS
68452,22876350,22876847,497,CDS
68453,22876914,22877006,92,CDS
68454,22877075,22877207,132,CDS
68455,22877259,22877346,87,CDS
68456,22877742,22877804,62,CDS
68457,22878156,22878242,86,CDS
68458,22878340,22878612,272,CDS
68459,22879562,22879778,216,CDS
68460,22879870,22880042,172,CDS
68461,22880133,22880218,85,CDS
68462,22880478,22880486,8,CDS
68463,22875029,22875116,87,CDS
68464,22875429,22875463,34,CDS
68465,22875567,22875716,149,CDS
68466,22875895,22876092,197,CDS
68467,22876145,22876287,142,CDS
68468,22876350,22876847,497,CDS
68469,22876914,22877006,92,CDS
68470,22877075,22877207,132,CDS
68471,22877259,22877346,87,CDS
68472,22878156,22878242,86,CDS
68473,22878340,22878612,272,CDS
68474,22879562,22879778,216,CDS
68475,22879870,22880042,172,CDS
68476,22880133,22880218,85,CDS
68477,22880478,22880486,8,CDS
68478,22881322,22882690,1368,gene
68479,22882402,22882690,288,mRNA
68480,22881322,22881920,598,mRNA
68481,22882402,22882599,197,CDS
68482,22881507,22881920,413,CDS
68483,22882747,22886247,3500,gene
68484,22885916,22886247,331,mRNA
68485,22885414,22885811,397,mRNA
68486,22885297,22885356,59,mRNA
68487,22885054,22885243,189,mRNA
68488,22884908,22885000,92,mRNA
68489,22884720,22884802,82,mRNA
68490,22884348,22884661,313,mRNA
68491,22883901,22884291,390,mRNA
68492,22882747,22883825,1078,mRNA
68493,22885916,22886048,132,mRNA
68494,22885414,22885811,397,mRNA
68495,22885297,22885356,59,mRNA
68496,22885054,22885243,189,mRNA
68497,22884908,22885000,92,mRNA
68498,22884720,22884793,73,mRNA
68499,22884348,22884661,313,mRNA
68500,22883901,22884291,390,mRNA
68501,22882976,22883825,849,mRNA
68502,22885916,22886048,132,mRNA
68503,22885414,22885811,397,mRNA
68504,22885297,22885356,59,mRNA
68505,22885054,22885243,189,mRNA
68506,22884908,22885000,92,mRNA
68507,22884720,22884802,82,mRNA
68508,22884348,22884664,316,mRNA
68509,22883901,22884291,390,mRNA
68510,22882976,22883825,849,mRNA
68511,22885916,22885942,26,CDS
68512,22885414,22885811,397,CDS
68513,22885297,22885356,59,CDS
68514,22885054,22885243,189,CDS
68515,22884908,22885000,92,CDS
68516,22884720,22884793,73,CDS
68517,22884348,22884661,313,CDS
68518,22883901,22884291,390,CDS
68519,22883162,22883825,663,CDS
68520,22885916,22885942,26,CDS
68521,22885414,22885811,397,CDS
68522,22885297,22885356,59,CDS
68523,22885054,22885243,189,CDS
68524,22884908,22885000,92,CDS
68525,22884720,22884802,82,CDS
68526,22884348,22884661,313,CDS
68527,22883901,22884291,390,CDS
68528,22883162,22883825,663,CDS
68529,22885916,22885942,26,CDS
68530,22885414,22885811,397,CDS
68531,22885297,22885356,59,CDS
68532,22885054,22885243,189,CDS
68533,22884908,22885000,92,CDS
68534,22884720,22884802,82,CDS
68535,22884348,22884664,316,CDS
68536,22883901,22884291,390,CDS
68537,22883162,22883825,663,CDS
68538,22886398,22887578,1180,gene
68539,22886398,22886702,304,mRNA
68540,22886759,22887248,489,mRNA
68541,22887310,22887578,268,mRNA
68542,22886561,22886702,141,mRNA
68543,22886759,22887248,489,mRNA
68544,22887307,22887578,271,mRNA
68545,22886643,22886702,59,CDS
68546,22886759,22887248,489,CDS
68547,22887307,22887533,226,CDS
68548,22886643,22886702,59,CDS
68549,22886759,22887248,489,CDS
68550,22887310,22887533,223,CDS
68551,22887574,22888857,1283,gene
68552,22888635,22888857,222,mRNA
68553,22888466,22888580,114,mRNA
68554,22887850,22888407,557,mRNA
68555,22887574,22887793,219,mRNA
68556,22888635,22888759,124,CDS
68557,22888466,22888580,114,CDS
68558,22887850,22888407,557,CDS
68559,22887626,22887793,167,CDS
68560,22888928,22894425,5497,gene
68561,22888928,22889052,124,mRNA
68562,22889115,22889208,93,mRNA
68563,22889263,22890227,964,mRNA
68564,22890286,22890372,86,mRNA
68565,22890428,22890630,202,mRNA
68566,22890683,22891059,376,mRNA
68567,22891120,22891294,174,mRNA
68568,22891351,22891839,488,mRNA
68569,22891898,22892224,326,mRNA
68570,22892284,22892507,223,mRNA
68571,22892566,22892648,82,mRNA
68572,22892705,22892852,147,mRNA
68573,22892922,22893579,657,mRNA
68574,22893641,22893781,140,mRNA
68575,22893840,22894425,585,mRNA
68576,22889014,22889052,38,CDS
68577,22889115,22889208,93,CDS
68578,22889263,22890227,964,CDS
68579,22890286,22890372,86,CDS
68580,22890428,22890630,202,CDS
68581,22890683,22891059,376,CDS
68582,22891120,22891294,174,CDS
68583,22891351,22891839,488,CDS
68584,22891898,22892224,326,CDS
68585,22892284,22892507,223,CDS
68586,22892566,22892648,82,CDS
68587,22892705,22892852,147,CDS
68588,22892922,22893579,657,CDS
68589,22893641,22893781,140,CDS
68590,22893840,22894149,309,CDS
68591,22894435,22895745,1310,gene
68592,22894435,22894717,282,mRNA
68593,22894783,22894996,213,mRNA
68594,22895060,22895745,685,mRNA
68595,22894465,22894717,252,CDS
68596,22894783,22894996,213,CDS
68597,22895060,22895675,615,CDS
68598,22896174,22916719,20545,gene
68599,22896174,22896864,690,mRNA
68600,22904072,22904473,401,mRNA
68601,22910513,22910583,70,mRNA
68602,22910822,22910919,97,mRNA
68603,22910976,22912348,1372,mRNA
68604,22912417,22912860,443,mRNA
68605,22912990,22913562,572,mRNA
68606,22913617,22913833,216,mRNA
68607,22913896,22914116,220,mRNA
68608,22914179,22914348,169,mRNA
68609,22914520,22914850,330,mRNA
68610,22915445,22916719,1274,mRNA
68611,22896174,22896864,690,mRNA
68612,22904072,22904473,401,mRNA
68613,22910513,22910583,70,mRNA
68614,22910822,22910919,97,mRNA
68615,22910976,22912348,1372,mRNA
68616,22912417,22912860,443,mRNA
68617,22912990,22913562,572,mRNA
68618,22913617,22913833,216,mRNA
68619,22913896,22914116,220,mRNA
68620,22914179,22914348,169,mRNA
68621,22915445,22916719,1274,mRNA
68622,22896174,22896396,222,mRNA
68623,22904072,22904473,401,mRNA
68624,22910513,22910583,70,mRNA
68625,22910822,22910919,97,mRNA
68626,22910976,22912348,1372,mRNA
68627,22912417,22912860,443,mRNA
68628,22912990,22913562,572,mRNA
68629,22913617,22913833,216,mRNA
68630,22913896,22914116,220,mRNA
68631,22914179,22914348,169,mRNA
68632,22915445,22916719,1274,mRNA
68633,22904278,22904473,195,CDS
68634,22910513,22910583,70,CDS
68635,22910822,22910919,97,CDS
68636,22910976,22912348,1372,CDS
68637,22912417,22912860,443,CDS
68638,22912990,22913562,572,CDS
68639,22913617,22913833,216,CDS
68640,22913896,22914116,220,CDS
68641,22914179,22914348,169,CDS
68642,22915445,22916089,644,CDS
68643,22904278,22904473,195,CDS
68644,22910513,22910583,70,CDS
68645,22910822,22910919,97,CDS
68646,22910976,22912348,1372,CDS
68647,22912417,22912860,443,CDS
68648,22912990,22913562,572,CDS
68649,22913617,22913833,216,CDS
68650,22913896,22914116,220,CDS
68651,22914179,22914348,169,CDS
68652,22915445,22916089,644,CDS
68653,22904278,22904473,195,CDS
68654,22910513,22910583,70,CDS
68655,22910822,22910919,97,CDS
68656,22910976,22912348,1372,CDS
68657,22912417,22912860,443,CDS
68658,22912990,22913562,572,CDS
68659,22913617,22913833,216,CDS
68660,22913896,22914116,220,CDS
68661,22914179,22914348,169,CDS
68662,22914520,22914603,83,CDS
68663,22916843,22918790,1947,gene
68664,22918568,22918790,222,mRNA
68665,22918466,22918511,45,mRNA
68666,22918260,22918408,148,mRNA
68667,22917634,22918197,563,mRNA
68668,22917534,22917549,15,mRNA
68669,22917351,22917469,118,mRNA
68670,22916843,22917298,455,mRNA
68671,22918568,22918790,222,mRNA
68672,22918466,22918511,45,mRNA
68673,22918260,22918408,148,mRNA
68674,22917634,22918197,563,mRNA
68675,22917534,22917582,48,mRNA
68676,22917351,22917469,118,mRNA
68677,22916843,22917298,455,mRNA
68678,22918568,22918772,204,CDS
68679,22918466,22918511,45,CDS
68680,22918260,22918408,148,CDS
68681,22917634,22918197,563,CDS
68682,22917534,22917549,15,CDS
68683,22917351,22917469,118,CDS
68684,22916928,22917298,370,CDS
68685,22918568,22918772,204,CDS
68686,22918466,22918511,45,CDS
68687,22918260,22918408,148,CDS
68688,22917634,22918197,563,CDS
68689,22917534,22917582,48,CDS
68690,22917351,22917469,118,CDS
68691,22916928,22917298,370,CDS
68692,22918937,22924742,5805,gene
68693,22924619,22924742,123,mRNA
68694,22924424,22924562,138,mRNA
68695,22922632,22924364,1732,mRNA
68696,22922397,22922578,181,mRNA
68697,22921998,22922339,341,mRNA
68698,22920746,22921941,1195,mRNA
68699,22919165,22920647,1482,mRNA
68700,22918937,22919071,134,mRNA
68701,22924619,22924654,35,CDS
68702,22924424,22924562,138,CDS
68703,22922632,22924364,1732,CDS
68704,22922397,22922578,181,CDS
68705,22921998,22922339,341,CDS
68706,22920746,22921941,1195,CDS
68707,22919165,22920647,1482,CDS
68708,22919047,22919071,24,CDS
68709,22925107,22932044,6937,gene
68710,22925107,22925612,505,mRNA
68711,22927099,22927171,72,mRNA
68712,22927250,22927447,197,mRNA
68713,22927516,22927629,113,mRNA
68714,22929088,22930073,985,mRNA
68715,22930193,22930319,126,mRNA
68716,22931515,22932044,529,mRNA
68717,22925107,22925612,505,mRNA
68718,22927099,22927171,72,mRNA
68719,22927250,22927447,197,mRNA
68720,22927516,22927629,113,mRNA
68721,22929799,22930073,274,mRNA
68722,22930193,22930319,126,mRNA
68723,22930386,22931280,894,mRNA
68724,22931515,22932044,529,mRNA
68725,22925107,22925612,505,mRNA
68726,22927099,22927171,72,mRNA
68727,22927250,22927447,197,mRNA
68728,22927516,22927629,113,mRNA
68729,22929799,22930073,274,mRNA
68730,22930193,22930319,126,mRNA
68731,22930389,22931280,891,mRNA
68732,22931515,22932044,529,mRNA
68733,22925107,22925612,505,mRNA
68734,22927099,22927171,72,mRNA
68735,22927250,22927447,197,mRNA
68736,22927516,22927629,113,mRNA
68737,22929799,22930073,274,mRNA
68738,22930193,22930319,126,mRNA
68739,22930389,22931166,777,mRNA
68740,22931515,22932044,529,mRNA
68741,22925107,22925612,505,mRNA
68742,22927099,22927171,72,mRNA
68743,22927250,22927447,197,mRNA
68744,22927516,22927629,113,mRNA
68745,22929799,22930073,274,mRNA
68746,22930193,22930319,126,mRNA
68747,22931515,22932044,529,mRNA
68748,22925107,22925484,377,mRNA
68749,22925549,22925612,63,mRNA
68750,22927099,22927171,72,mRNA
68751,22927250,22927447,197,mRNA
68752,22927516,22927629,113,mRNA
68753,22929088,22929729,641,mRNA
68754,22925581,22925612,31,CDS
68755,22927099,22927171,72,CDS
68756,22927250,22927447,197,CDS
68757,22927516,22927629,113,CDS
68758,22929799,22930073,274,CDS
68759,22930193,22930319,126,CDS
68760,22931515,22931634,119,CDS
68761,22925581,22925612,31,CDS
68762,22927099,22927171,72,CDS
68763,22927250,22927447,197,CDS
68764,22927516,22927629,113,CDS
68765,22929799,22930073,274,CDS
68766,22930193,22930319,126,CDS
68767,22930389,22931166,777,CDS
68768,22931515,22931534,19,CDS
68769,22925581,22925612,31,CDS
68770,22927099,22927171,72,CDS
68771,22927250,22927447,197,CDS
68772,22927516,22927629,113,CDS
68773,22929799,22930073,274,CDS
68774,22930193,22930319,126,CDS
68775,22930386,22931279,893,CDS
68776,22925581,22925612,31,CDS
68777,22927099,22927171,72,CDS
68778,22927250,22927447,197,CDS
68779,22927516,22927629,113,CDS
68780,22929799,22930073,274,CDS
68781,22930193,22930319,126,CDS
68782,22930389,22931279,890,CDS
68783,22925581,22925612,31,CDS
68784,22927099,22927171,72,CDS
68785,22927250,22927447,197,CDS
68786,22927516,22927629,113,CDS
68787,22929088,22929537,449,CDS
68788,22925581,22925612,31,CDS
68789,22927099,22927171,72,CDS
68790,22927250,22927447,197,CDS
68791,22927516,22927629,113,CDS
68792,22929088,22929537,449,CDS
68793,22926553,22927171,618,mRNA
68794,22927250,22927447,197,mRNA
68795,22927516,22927629,113,mRNA
68796,22929799,22930073,274,mRNA
68797,22930193,22930319,126,mRNA
68798,22930389,22931280,891,mRNA
68799,22931515,22932044,529,mRNA
68800,22926553,22927171,618,mRNA
68801,22927250,22927447,197,mRNA
68802,22927516,22927629,113,mRNA
68803,22929799,22930073,274,mRNA
68804,22930193,22930319,126,mRNA
68805,22930389,22931166,777,mRNA
68806,22931515,22932044,529,mRNA
68807,22926553,22927171,618,mRNA
68808,22927250,22927447,197,mRNA
68809,22927516,22927629,113,mRNA
68810,22929799,22930073,274,mRNA
68811,22930193,22930319,126,mRNA
68812,22931515,22932044,529,mRNA
68813,22926553,22927171,618,mRNA
68814,22927250,22927447,197,mRNA
68815,22927516,22927629,113,mRNA
68816,22929088,22929729,641,mRNA
68817,22926553,22927171,618,mRNA
68818,22927250,22927447,197,mRNA
68819,22927516,22927629,113,mRNA
68820,22927760,22928149,389,mRNA
68821,22926626,22927171,545,CDS
68822,22927250,22927447,197,CDS
68823,22927516,22927629,113,CDS
68824,22929799,22930073,274,CDS
68825,22930193,22930319,126,CDS
68826,22931515,22931634,119,CDS
68827,22926626,22927171,545,CDS
68828,22927250,22927447,197,CDS
68829,22927516,22927629,113,CDS
68830,22929799,22930073,274,CDS
68831,22930193,22930319,126,CDS
68832,22930389,22931166,777,CDS
68833,22931515,22931534,19,CDS
68834,22926626,22927171,545,CDS
68835,22927250,22927447,197,CDS
68836,22927516,22927629,113,CDS
68837,22929799,22930073,274,CDS
68838,22930193,22930319,126,CDS
68839,22930389,22931279,890,CDS
68840,22926626,22927171,545,CDS
68841,22927250,22927447,197,CDS
68842,22927516,22927629,113,CDS
68843,22929088,22929537,449,CDS
68844,22926626,22927171,545,CDS
68845,22927250,22927447,197,CDS
68846,22927516,22927629,113,CDS
68847,22927760,22927777,17,CDS
68848,22928734,22928840,106,mRNA
68849,22929088,22929291,203,mRNA
68850,22929799,22930073,274,mRNA
68851,22930193,22930319,126,mRNA
68852,22931515,22932044,529,mRNA
68853,22928734,22928840,106,mRNA
68854,22929799,22930073,274,mRNA
68855,22930193,22930319,126,mRNA
68856,22930389,22931280,891,mRNA
68857,22931515,22932044,529,mRNA
68858,22929865,22930073,208,CDS
68859,22930193,22930319,126,CDS
68860,22931515,22931634,119,CDS
68861,22929865,22930073,208,CDS
68862,22930193,22930319,126,CDS
68863,22930389,22931279,890,CDS
68864,22932035,22934077,2042,gene
68865,22933601,22934077,476,mRNA
68866,22933384,22933508,124,mRNA
68867,22933119,22933318,199,mRNA
68868,22932364,22933047,683,mRNA
68869,22932035,22932306,271,mRNA
68870,22933384,22933523,139,mRNA
68871,22933119,22933318,199,mRNA
68872,22932364,22933047,683,mRNA
68873,22932035,22932306,271,mRNA
68874,22933384,22933447,63,CDS
68875,22933119,22933318,199,CDS
68876,22932364,22933047,683,CDS
68877,22932118,22932306,188,CDS
68878,22933384,22933447,63,CDS
68879,22933119,22933318,199,CDS
68880,22932364,22933047,683,CDS
68881,22932118,22932306,188,CDS
68882,22934569,22937077,2508,gene
68883,22934569,22937077,2508,mRNA
68884,22935059,22936724,1665,mRNA
68885,22934569,22934970,401,mRNA
68886,22936015,22936512,497,CDS
68887,22936015,22936512,497,CDS
68888,22937279,22939025,1746,gene
68889,22937279,22937304,25,mRNA
68890,22937736,22938159,423,mRNA
68891,22938490,22939025,535,mRNA
68892,22937776,22938159,383,mRNA
68893,22938490,22939025,535,mRNA
68894,22937864,22938159,295,CDS
68895,22938490,22938784,294,CDS
68896,22937864,22938159,295,CDS
68897,22938490,22938784,294,CDS
68898,22938987,22941169,2182,gene
68899,22940962,22941169,207,mRNA
68900,22940615,22940668,53,mRNA
68901,22940372,22940529,157,mRNA
68902,22938987,22940058,1071,mRNA
68903,22940615,22940946,331,mRNA
68904,22940372,22940529,157,mRNA
68905,22938987,22940058,1071,mRNA
68906,22940962,22941090,128,CDS
68907,22940615,22940668,53,CDS
68908,22940372,22940529,157,CDS
68909,22939044,22940058,1014,CDS
68910,22940615,22940743,128,CDS
68911,22940372,22940529,157,CDS
68912,22939044,22940058,1014,CDS
68913,22941877,22945147,3270,gene
68914,22941877,22943404,1527,mRNA
68915,22943461,22943506,45,mRNA
68916,22943561,22943703,142,mRNA
68917,22943763,22944341,578,mRNA
68918,22944402,22944450,48,mRNA
68919,22944517,22944650,133,mRNA
68920,22944709,22945147,438,mRNA
68921,22943186,22943404,218,mRNA
68922,22943461,22943506,45,mRNA
68923,22943561,22943703,142,mRNA
68924,22943763,22944341,578,mRNA
68925,22944402,22944450,48,mRNA
68926,22944517,22944650,133,mRNA
68927,22944709,22945147,438,mRNA
68928,22943209,22943404,195,CDS
68929,22943461,22943506,45,CDS
68930,22943561,22943703,142,CDS
68931,22943763,22944341,578,CDS
68932,22944402,22944450,48,CDS
68933,22944517,22944650,133,CDS
68934,22944709,22945100,391,CDS
68935,22943209,22943404,195,CDS
68936,22943461,22943506,45,CDS
68937,22943561,22943703,142,CDS
68938,22943763,22944341,578,CDS
68939,22944402,22944450,48,CDS
68940,22944517,22944650,133,CDS
68941,22944709,22945100,391,CDS
68942,22946867,22946942,75,gene
68943,22946867,22946942,75,precursor_RNA
68944,22946867,22946889,22,ncRNA
68945,22946921,22946941,20,ncRNA
68946,22951148,22953800,2652,gene
68947,22953422,22953800,378,ncRNA
68948,22951988,22952060,72,ncRNA
68949,22951148,22951918,770,ncRNA
68950,22953422,22953800,378,ncRNA
68951,22951988,22952060,72,ncRNA
68952,22951574,22951918,344,ncRNA
68953,22957177,22957377,200,gene
68954,22957177,22957377,200,ncRNA
68955,22958835,22963863,5028,mobile_element
68956,22982542,22984293,1751,gene
68957,22982542,22984293,1751,mRNA
68958,22982605,22984275,1670,CDS
68959,22984273,22985334,1061,gene
68960,22984273,22985334,1061,mRNA
68961,22984508,22985314,806,CDS
68962,22985211,22985319,108,gene
68963,22985211,22985319,108,precursor_RNA
68964,22985237,22985257,20,ncRNA
68965,22985374,23048325,62951,gene
68966,22985374,22985491,117,mRNA
68967,22985554,22985726,172,mRNA
68968,23046128,23047705,1577,mRNA
68969,23047827,23048325,498,mRNA
68970,22985374,22986549,1175,gene
68971,22985374,22985491,117,ncRNA
68972,22985554,22986549,995,ncRNA
68973,22985420,22986339,919,gene
68974,22985906,22986339,433,mRNA
68975,22985420,22985850,430,mRNA
68976,22985420,22986339,919,mRNA
68977,22985906,22986328,422,CDS
68978,22985530,22985850,320,CDS
68979,22985843,22986328,485,CDS
68980,22993669,22998884,5215,gene
68981,22998703,22998884,181,mRNA
68982,22996377,22996512,135,mRNA
68983,22995890,22996040,150,mRNA
68984,22995324,22995623,299,mRNA
68985,22994885,22994999,114,mRNA
68986,22993669,22994827,1158,mRNA
68987,22996377,22996428,51,CDS
68988,22995890,22996040,150,CDS
68989,22995324,22995623,299,CDS
68990,22994885,22994999,114,CDS
68991,22994684,22994827,143,CDS
68992,23011078,23042943,31865,gene
68993,23041609,23042943,1334,mRNA
68994,23041343,23041378,35,mRNA
68995,23038962,23039019,57,mRNA
68996,23012411,23013220,809,mRNA
68997,23011078,23012291,1213,mRNA
68998,23041609,23041620,11,CDS
68999,23041343,23041378,35,CDS
69000,23038962,23039019,57,CDS
69001,23012411,23013220,809,CDS
69002,23012119,23012291,172,CDS
69003,23046108,23047705,1597,mRNA
69004,23047827,23048325,498,mRNA
69005,23046322,23047705,1383,mRNA
69006,23047827,23048325,498,mRNA
69007,23046483,23047705,1222,CDS
69008,23047827,23048076,249,CDS
69009,23046483,23047705,1222,CDS
69010,23047827,23048076,249,CDS
69011,23046483,23047705,1222,CDS
69012,23047827,23048076,249,CDS
69013,23055474,23061549,6075,gene
69014,23055474,23055673,199,mRNA
69015,23057409,23057633,224,mRNA
69016,23059055,23059293,238,mRNA
69017,23059352,23059996,644,mRNA
69018,23060056,23060257,201,mRNA
69019,23060316,23061549,1233,mRNA
69020,23055474,23055579,105,mRNA
69021,23057409,23057633,224,mRNA
69022,23059055,23059293,238,mRNA
69023,23059352,23059996,644,mRNA
69024,23060056,23060257,201,mRNA
69025,23060316,23061549,1233,mRNA
69026,23057517,23057633,116,CDS
69027,23059055,23059293,238,CDS
69028,23059352,23059996,644,CDS
69029,23060056,23060257,201,CDS
69030,23060316,23061257,941,CDS
69031,23057517,23057633,116,CDS
69032,23059055,23059293,238,CDS
69033,23059352,23059996,644,CDS
69034,23060056,23060257,201,CDS
69035,23060316,23061257,941,CDS
69036,23058248,23058465,217,mRNA
69037,23059055,23059293,238,mRNA
69038,23059352,23059996,644,mRNA
69039,23060056,23060257,201,mRNA
69040,23060316,23061549,1233,mRNA
69041,23058248,23058793,545,gene
69042,23058248,23058465,217,mRNA
69043,23058544,23058793,249,mRNA
69044,23058382,23058465,83,CDS
69045,23059055,23059293,238,CDS
69046,23059352,23059996,644,CDS
69047,23060056,23060257,201,CDS
69048,23060316,23061257,941,CDS
69049,23058382,23058465,83,CDS
69050,23058544,23058696,152,CDS
69051,23061420,23062593,1173,gene
69052,23061683,23062593,910,mRNA
69053,23061420,23061594,174,mRNA
69054,23061420,23062593,1173,mRNA
69055,23061932,23062510,578,CDS
69056,23061932,23062510,578,CDS
69057,23062747,23064260,1513,gene
69058,23063975,23064260,285,mRNA
69059,23062747,23063920,1173,mRNA
69060,23063975,23064221,246,CDS
69061,23062809,23063920,1111,CDS
69062,23064769,23067183,2414,gene
69063,23064769,23065815,1046,mRNA
69064,23065880,23065975,95,mRNA
69065,23066037,23066774,737,mRNA
69066,23066837,23067183,346,mRNA
69067,23064829,23065815,986,CDS
69068,23065880,23065975,95,CDS
69069,23066037,23066774,737,CDS
69070,23066837,23067067,230,CDS
69071,23067196,23071875,4679,gene
69072,23067196,23067307,111,mRNA
69073,23067632,23067841,209,mRNA
69074,23067947,23068128,181,mRNA
69075,23070607,23070888,281,mRNA
69076,23070965,23071875,910,mRNA
69077,23067196,23067307,111,mRNA
69078,23067632,23067838,206,mRNA
69079,23067947,23068128,181,mRNA
69080,23070607,23070888,281,mRNA
69081,23070965,23071875,910,mRNA
69082,23067196,23067307,111,mRNA
69083,23070607,23070888,281,mRNA
69084,23070965,23071875,910,mRNA
69085,23067273,23067841,568,mRNA
69086,23067947,23068128,181,mRNA
69087,23070607,23070888,281,mRNA
69088,23070965,23071875,910,mRNA
69089,23067273,23067307,34,mRNA
69090,23067371,23067841,470,mRNA
69091,23067947,23068128,181,mRNA
69092,23070607,23070888,281,mRNA
69093,23070965,23071875,910,mRNA
69094,23067627,23067841,214,mRNA
69095,23067947,23068128,181,mRNA
69096,23070607,23070888,281,mRNA
69097,23070965,23071875,910,mRNA
69098,23067727,23067841,114,CDS
69099,23067947,23068128,181,CDS
69100,23070607,23070888,281,CDS
69101,23070965,23071555,590,CDS
69102,23067727,23067841,114,CDS
69103,23067947,23068128,181,CDS
69104,23070607,23070888,281,CDS
69105,23070965,23071555,590,CDS
69106,23067727,23067841,114,CDS
69107,23067947,23068128,181,CDS
69108,23070607,23070888,281,CDS
69109,23070965,23071555,590,CDS
69110,23067727,23067841,114,CDS
69111,23067947,23068128,181,CDS
69112,23070607,23070888,281,CDS
69113,23070965,23071555,590,CDS
69114,23067727,23067838,111,CDS
69115,23067947,23068128,181,CDS
69116,23070607,23070888,281,CDS
69117,23070965,23071555,590,CDS
69118,23069405,23069662,257,mRNA
69119,23070607,23070888,281,mRNA
69120,23070965,23071875,910,mRNA
69121,23069585,23069662,77,CDS
69122,23070607,23070888,281,CDS
69123,23070965,23071555,590,CDS
69124,23069936,23070001,65,mRNA
69125,23070607,23070888,281,mRNA
69126,23070965,23071875,910,mRNA
69127,23070385,23070450,65,mRNA
69128,23070607,23070888,281,mRNA
69129,23070965,23071875,910,mRNA
69130,23070613,23070888,275,CDS
69131,23070965,23071555,590,CDS
69132,23070613,23070888,275,CDS
69133,23070965,23071555,590,CDS
69134,23070613,23070888,275,CDS
69135,23070965,23071555,590,CDS
69136,23072019,23072100,81,gene
69137,23072019,23072100,81,tRNA
69138,23072581,23072662,81,gene
69139,23072581,23072662,81,tRNA
69140,23072909,23074725,1816,gene
69141,23074582,23074725,143,mRNA
69142,23074024,23074463,439,mRNA
69143,23072909,23073642,733,mRNA
69144,23074582,23074594,12,CDS
69145,23074024,23074463,439,CDS
69146,23073061,23073642,581,CDS
69147,23073829,23073968,139,gene
69148,23073829,23073968,139,ncRNA
69149,23074823,23076857,2034,gene
69150,23074823,23074907,84,mRNA
69151,23075073,23075466,393,mRNA
69152,23075531,23075962,431,mRNA
69153,23076020,23076857,837,mRNA
69154,23075067,23075466,399,mRNA
69155,23075531,23075962,431,mRNA
69156,23076020,23076857,837,mRNA
69157,23075255,23075466,211,CDS
69158,23075531,23075962,431,CDS
69159,23076020,23076674,654,CDS
69160,23075255,23075466,211,CDS
69161,23075531,23075962,431,CDS
69162,23076020,23076674,654,CDS
69163,23076688,23079038,2350,gene
69164,23077309,23079038,1729,mRNA
69165,23077091,23077242,151,mRNA
69166,23076688,23077035,347,mRNA
69167,23077309,23078973,1664,CDS
69168,23077091,23077242,151,CDS
69169,23076780,23077035,255,CDS
69170,23079380,23079715,335,gene
69171,23079380,23079715,335,mRNA
69172,23079429,23079689,260,CDS
69173,23080561,23081725,1164,gene
69174,23080561,23081502,941,mRNA
69175,23081564,23081725,161,mRNA
69176,23080561,23081502,941,CDS
69177,23081564,23081725,161,CDS
69178,23082203,23083366,1163,gene
69179,23082203,23083147,944,mRNA
69180,23083211,23083366,155,mRNA
69181,23082203,23083147,944,CDS
69182,23083211,23083366,155,CDS
69183,23085881,23086268,387,gene
69184,23085881,23086268,387,mRNA
69185,23085951,23086217,266,CDS
69186,23087177,23088165,988,gene
69187,23087177,23088165,988,mRNA
69188,23087266,23087838,572,CDS
69189,23090100,23094266,4166,gene
69190,23093711,23094266,555,mRNA
69191,23090881,23091107,226,mRNA
69192,23090100,23090700,600,mRNA
69193,23093711,23093969,258,CDS
69194,23090881,23091107,226,CDS
69195,23090359,23090700,341,CDS
69196,23100057,23100478,421,gene
69197,23100057,23100478,421,mRNA
69198,23100104,23100373,269,CDS
69199,23101232,23101777,545,gene
69200,23101682,23101777,95,mRNA
69201,23101232,23101623,391,mRNA
69202,23101682,23101692,10,CDS
69203,23101398,23101623,225,CDS
69204,23102477,23103733,1256,gene
69205,23102699,23103733,1034,mRNA
69206,23102477,23102635,158,mRNA
69207,23102699,23103733,1034,CDS
69208,23102477,23102635,158,CDS
69209,23103941,23105169,1228,gene
69210,23104150,23105169,1019,mRNA
69211,23103941,23104093,152,mRNA
69212,23104150,23105169,1019,CDS
69213,23103941,23104093,152,CDS
69214,23109977,23111177,1200,gene
69215,23110732,23111177,445,ncRNA
69216,23109977,23110507,530,ncRNA
69217,23113577,23114377,800,gene
69218,23114174,23114377,203,ncRNA
69219,23113577,23114049,472,ncRNA
69220,23123923,23126042,2119,gene
69221,23123923,23126042,2119,mRNA
69222,23124027,23125907,1880,CDS
69223,23127604,23128077,473,gene
69224,23127604,23128077,473,ncRNA
69225,23128077,23128477,400,gene
69226,23128077,23128477,400,ncRNA
69227,23128604,23130189,1585,gene
69228,23129899,23130189,290,mRNA
69229,23129627,23129833,206,mRNA
69230,23129357,23129545,188,mRNA
69231,23129114,23129297,183,mRNA
69232,23128906,23129059,153,mRNA
69233,23128752,23128844,92,mRNA
69234,23128604,23128694,90,mRNA
69235,23129899,23130117,218,CDS
69236,23129627,23129833,206,CDS
69237,23129357,23129545,188,CDS
69238,23129114,23129297,183,CDS
69239,23128906,23129059,153,CDS
69240,23128752,23128844,92,CDS
69241,23128664,23128694,30,CDS
69242,23138589,23139085,496,gene
69243,23138589,23138777,188,mRNA
69244,23138844,23138924,80,mRNA
69245,23138983,23139085,102,mRNA
69246,23138675,23138777,102,CDS
69247,23138844,23138924,80,CDS
69248,23138983,23139011,28,CDS
69249,23139080,23140577,1497,gene
69250,23140408,23140577,169,mRNA
69251,23140284,23140352,68,mRNA
69252,23139820,23140218,398,mRNA
69253,23139458,23139765,307,mRNA
69254,23139080,23139395,315,mRNA
69255,23140408,23140478,70,CDS
69256,23140284,23140352,68,CDS
69257,23139820,23140218,398,CDS
69258,23139458,23139765,307,CDS
69259,23139139,23139395,256,CDS
69260,23141999,23144497,2498,gene
69261,23141999,23144497,2498,mRNA
69262,23142166,23144355,2189,CDS
69263,23152748,23153318,570,gene
69264,23152748,23152827,79,mRNA
69265,23152885,23152962,77,mRNA
69266,23153022,23153318,296,mRNA
69267,23152794,23152827,33,CDS
69268,23152885,23152962,77,CDS
69269,23153022,23153131,109,CDS
69270,23153854,23162077,8223,gene
69271,23153854,23153941,87,mRNA
69272,23158885,23159004,119,mRNA
69273,23159086,23160638,1552,mRNA
69274,23160726,23160942,216,mRNA
69275,23161007,23161464,457,mRNA
69276,23161526,23162077,551,mRNA
69277,23157577,23158185,608,gene
69278,23158108,23158185,77,mRNA
69279,23157577,23158003,426,mRNA
69280,23158108,23158113,5,CDS
69281,23157713,23158003,290,CDS
69282,23158969,23159004,35,CDS
69283,23159086,23160638,1552,CDS
69284,23160726,23160942,216,CDS
69285,23161007,23161464,457,CDS
69286,23161526,23162030,504,CDS
69287,23163012,23203973,40961,gene
69288,23203517,23203973,456,mRNA
69289,23191125,23191604,479,mRNA
69290,23176151,23176286,135,mRNA
69291,23172797,23173005,208,mRNA
69292,23172487,23172731,244,mRNA
69293,23170584,23170656,72,mRNA
69294,23169714,23169865,151,mRNA
69295,23169442,23169649,207,mRNA
69296,23169254,23169384,130,mRNA
69297,23168982,23169135,153,mRNA
69298,23168050,23168775,725,mRNA
69299,23166716,23167015,299,mRNA
69300,23165964,23166367,403,mRNA
69301,23163012,23165096,2084,mRNA
69302,23203517,23203973,456,mRNA
69303,23191125,23191604,479,mRNA
69304,23176151,23176286,135,mRNA
69305,23172797,23173005,208,mRNA
69306,23172487,23172731,244,mRNA
69307,23170584,23170656,72,mRNA
69308,23169714,23169865,151,mRNA
69309,23169442,23169649,207,mRNA
69310,23169254,23169384,130,mRNA
69311,23168982,23169135,153,mRNA
69312,23168050,23168775,725,mRNA
69313,23166716,23167015,299,mRNA
69314,23165964,23166367,403,mRNA
69315,23163012,23165096,2084,mRNA
69316,23191125,23191239,114,CDS
69317,23176151,23176286,135,CDS
69318,23172797,23173005,208,CDS
69319,23172487,23172731,244,CDS
69320,23170584,23170656,72,CDS
69321,23169714,23169865,151,CDS
69322,23169442,23169649,207,CDS
69323,23169254,23169384,130,CDS
69324,23168982,23169135,153,CDS
69325,23168050,23168775,725,CDS
69326,23166716,23167015,299,CDS
69327,23165964,23166367,403,CDS
69328,23164425,23165096,671,CDS
69329,23191125,23191239,114,CDS
69330,23176151,23176286,135,CDS
69331,23172797,23173005,208,CDS
69332,23172487,23172731,244,CDS
69333,23170584,23170656,72,CDS
69334,23169714,23169865,151,CDS
69335,23169442,23169649,207,CDS
69336,23169254,23169384,130,CDS
69337,23168982,23169135,153,CDS
69338,23168050,23168775,725,CDS
69339,23166716,23167015,299,CDS
69340,23165964,23166367,403,CDS
69341,23164527,23165096,569,CDS
69342,23183977,23185288,1311,gene
69343,23183977,23184198,221,mRNA
69344,23184412,23185288,876,mRNA
69345,23184408,23185288,880,mRNA
69346,23184467,23185249,782,CDS
69347,23184467,23185249,782,CDS
69348,23210130,23211539,1409,gene
69349,23210130,23211539,1409,mRNA
69350,23210149,23211498,1349,CDS
69351,23232626,23233927,1301,gene
69352,23232626,23233927,1301,mRNA
69353,23232793,23233836,1043,CDS
69354,23244044,23245399,1355,gene
69355,23245347,23245399,52,mRNA
69356,23244817,23244885,68,mRNA
69357,23244652,23244759,107,mRNA
69358,23244044,23244601,557,mRNA
69359,23244817,23245399,582,mRNA
69360,23244652,23244759,107,mRNA
69361,23244044,23244601,557,mRNA
69362,23244817,23244833,16,CDS
69363,23244652,23244759,107,CDS
69364,23244145,23244601,456,CDS
69365,23244817,23244833,16,CDS
69366,23244652,23244759,107,CDS
69367,23244145,23244601,456,CDS
69368,23246610,23247893,1283,gene
69369,23247778,23247893,115,mRNA
69370,23246610,23247725,1115,mRNA
69371,23246785,23247723,938,CDS
69372,23264269,23265543,1274,gene
69373,23265000,23265543,543,mRNA
69374,23264269,23264943,674,mRNA
69375,23265000,23265395,395,CDS
69376,23264329,23264943,614,CDS
69377,23270477,23271059,582,gene
69378,23270477,23270528,51,mRNA
69379,23270584,23271059,475,mRNA
69380,23270508,23270528,20,CDS
69381,23270584,23270970,386,CDS
69382,23271257,23275536,4279,gene
69383,23273724,23275536,1812,mRNA
69384,23273040,23273665,625,mRNA
69385,23272727,23272976,249,mRNA
69386,23272487,23272666,179,mRNA
69387,23272342,23272419,77,mRNA
69388,23272014,23272288,274,mRNA
69389,23271257,23271949,692,mRNA
69390,23273724,23273799,75,mRNA
69391,23273040,23273665,625,mRNA
69392,23272727,23272976,249,mRNA
69393,23272487,23272666,179,mRNA
69394,23272342,23272419,77,mRNA
69395,23272014,23272288,274,mRNA
69396,23271257,23271949,692,mRNA
69397,23273724,23273774,50,CDS
69398,23273040,23273665,625,CDS
69399,23272727,23272976,249,CDS
69400,23272487,23272666,179,CDS
69401,23272342,23272419,77,CDS
69402,23272034,23272288,254,CDS
69403,23273724,23273774,50,CDS
69404,23273040,23273665,625,CDS
69405,23272727,23272976,249,CDS
69406,23272487,23272666,179,CDS
69407,23272342,23272419,77,CDS
69408,23272034,23272288,254,CDS
69409,23282743,23284113,1370,gene
69410,23283912,23284113,201,mRNA
69411,23283153,23283853,700,mRNA
69412,23283018,23283076,58,mRNA
69413,23282743,23282959,216,mRNA
69414,23283912,23284113,201,mRNA
69415,23283153,23283853,700,mRNA
69416,23283018,23283103,85,mRNA
69417,23282743,23282959,216,mRNA
69418,23283912,23283968,56,CDS
69419,23283153,23283853,700,CDS
69420,23283018,23283076,58,CDS
69421,23282925,23282959,34,CDS
69422,23283912,23283968,56,CDS
69423,23283153,23283853,700,CDS
69424,23283091,23283103,12,CDS
69425,23284227,23285821,1594,gene
69426,23284227,23284844,617,mRNA
69427,23284912,23285821,909,mRNA
69428,23284227,23284848,621,mRNA
69429,23284912,23285275,363,mRNA
69430,23284304,23284822,518,CDS
69431,23284304,23284822,518,CDS
69432,23290677,23291377,700,gene
69433,23290677,23291377,700,ncRNA
69434,23308654,23309816,1162,gene
69435,23309579,23309816,237,mRNA
69436,23308654,23309522,868,mRNA
69437,23309579,23309728,149,CDS
69438,23308725,23309522,797,CDS
69439,23313017,23313854,837,gene
69440,23313802,23313854,52,mRNA
69441,23313017,23313301,284,mRNA
69442,23313047,23313298,251,CDS
69443,23318189,23319348,1159,gene
69444,23319114,23319348,234,mRNA
69445,23318189,23319016,827,mRNA
69446,23319114,23319348,234,mRNA
69447,23318189,23319025,836,mRNA
69448,23318189,23319348,1159,mRNA
69449,23319114,23319337,223,CDS
69450,23318362,23319016,654,CDS
69451,23319114,23319337,223,CDS
69452,23318362,23319025,663,CDS
69453,23318362,23319267,905,CDS
69454,23321481,23323399,1918,gene
69455,23322141,23323399,1258,mRNA
69456,23321481,23322064,583,mRNA
69457,23322141,23323399,1258,mRNA
69458,23321481,23322073,592,mRNA
69459,23322141,23323294,1153,CDS
69460,23321608,23322064,456,CDS
69461,23322141,23323294,1153,CDS
69462,23321608,23322073,465,CDS
69463,23323659,23326745,3086,gene
69464,23323659,23324923,1264,mRNA
69465,23324977,23325060,83,mRNA
69466,23325133,23325204,71,mRNA
69467,23325261,23326403,1142,mRNA
69468,23326462,23326745,283,mRNA
69469,23323778,23324923,1145,CDS
69470,23324977,23325060,83,CDS
69471,23325133,23325204,71,CDS
69472,23325261,23326403,1142,CDS
69473,23326462,23326713,251,CDS
69474,23326739,23327581,842,gene
69475,23326739,23327581,842,mRNA
69476,23326750,23327556,806,CDS
69477,23329543,23330068,525,gene
69478,23329543,23330068,525,mRNA
69479,23329657,23330025,368,CDS
69480,23343405,23347641,4236,gene
69481,23347297,23347641,344,mRNA
69482,23346004,23346470,466,mRNA
69483,23345791,23345946,155,mRNA
69484,23344317,23345721,1404,mRNA
69485,23343759,23344261,502,mRNA
69486,23343405,23343699,294,mRNA
69487,23346004,23346461,457,CDS
69488,23345791,23345946,155,CDS
69489,23344317,23345721,1404,CDS
69490,23343759,23344261,502,CDS
69491,23343483,23343699,216,CDS
69492,23346635,23347768,1133,gene
69493,23346635,23347768,1133,mRNA
69494,23346668,23347471,803,CDS
69495,23351518,23352144,626,gene
69496,23351518,23351642,124,mRNA
69497,23351705,23352144,439,mRNA
69498,23351623,23351642,19,CDS
69499,23351705,23351969,264,CDS
69500,23354367,23355321,954,gene
69501,23354367,23354479,112,exon
69502,23354561,23354969,408,exon
69503,23355026,23355321,295,exon
69504,23355183,23356441,1258,gene
69505,23355183,23356441,1258,mRNA
69506,23355183,23356192,1009,mRNA
69507,23355354,23356079,725,CDS
69508,23355354,23356079,725,CDS
69509,23356372,23357565,1193,gene
69510,23357219,23357565,346,mRNA
69511,23356856,23357157,301,mRNA
69512,23356372,23356670,298,mRNA
69513,23357219,23357391,172,mRNA
69514,23356856,23357157,301,mRNA
69515,23356372,23356670,298,mRNA
69516,23357219,23357288,69,CDS
69517,23356856,23357157,301,CDS
69518,23356446,23356670,224,CDS
69519,23357219,23357288,69,CDS
69520,23356856,23357157,301,CDS
69521,23356446,23356670,224,CDS
69522,23357660,23358508,848,gene
69523,23357660,23357834,174,mRNA
69524,23357893,23358178,285,mRNA
69525,23358240,23358508,268,mRNA
69526,23357660,23357834,174,mRNA
69527,23357893,23358178,285,mRNA
69528,23358240,23358452,212,mRNA
69529,23357755,23357834,79,CDS
69530,23357893,23358178,285,CDS
69531,23358240,23358347,107,CDS
69532,23357755,23357834,79,CDS
69533,23357893,23358178,285,CDS
69534,23358240,23358347,107,CDS
69535,23358478,23358961,483,gene
69536,23358478,23358961,483,ncRNA
69537,23358612,23359204,592,gene
69538,23358612,23358767,155,mRNA
69539,23358833,23358971,138,mRNA
69540,23359032,23359204,172,mRNA
69541,23358718,23358767,49,CDS
69542,23358833,23358971,138,CDS
69543,23359032,23359100,68,CDS
69544,23358739,23358971,232,mRNA
69545,23359032,23359204,172,mRNA
69546,23358843,23358971,128,CDS
69547,23359032,23359100,68,CDS
69548,23359215,23360266,1051,gene
69549,23359215,23359596,381,mRNA
69550,23359670,23359925,255,mRNA
69551,23359990,23360266,276,mRNA
69552,23359431,23359596,165,mRNA
69553,23359670,23359925,255,mRNA
69554,23359990,23360266,276,mRNA
69555,23359480,23359596,116,CDS
69556,23359670,23359925,255,CDS
69557,23359990,23360222,232,CDS
69558,23359480,23359596,116,CDS
69559,23359670,23359925,255,CDS
69560,23359990,23360222,232,CDS
69561,23360192,23366355,6163,gene
69562,23366189,23366355,166,mRNA
69563,23365447,23366123,676,mRNA
69564,23362500,23365387,2887,mRNA
69565,23361750,23362446,696,mRNA
69566,23360632,23361693,1061,mRNA
69567,23360192,23360567,375,mRNA
69568,23366189,23366254,65,CDS
69569,23365447,23366123,676,CDS
69570,23362500,23365387,2887,CDS
69571,23361750,23362446,696,CDS
69572,23360632,23361693,1061,CDS
69573,23360393,23360567,174,CDS
69574,23366866,23371459,4593,gene
69575,23366866,23368424,1558,mRNA
69576,23368482,23371459,2977,mRNA
69577,23367104,23368424,1320,CDS
69578,23368482,23371348,2866,CDS
69579,23371360,23377045,5685,gene
69580,23376831,23377045,214,mRNA
69581,23376532,23376619,87,mRNA
69582,23376291,23376466,175,mRNA
69583,23376033,23376236,203,mRNA
69584,23372243,23375953,3710,mRNA
69585,23372105,23372176,71,mRNA
69586,23371923,23372039,116,mRNA
69587,23371360,23371860,500,mRNA
69588,23376831,23376914,83,CDS
69589,23376532,23376619,87,CDS
69590,23376291,23376466,175,CDS
69591,23376033,23376236,203,CDS
69592,23372243,23375953,3710,CDS
69593,23372105,23372176,71,CDS
69594,23371923,23372039,116,CDS
69595,23371843,23371860,17,CDS
69596,23377866,23383424,5558,gene
69597,23383365,23383424,59,mRNA
69598,23383048,23383122,74,mRNA
69599,23382615,23382759,144,mRNA
69600,23377866,23378177,311,mRNA
69601,23383320,23383424,104,mRNA
69602,23383048,23383122,74,mRNA
69603,23382615,23382759,144,mRNA
69604,23377866,23378177,311,mRNA
69605,23383048,23383097,49,CDS
69606,23382615,23382759,144,CDS
69607,23378049,23378177,128,CDS
69608,23383048,23383097,49,CDS
69609,23382615,23382759,144,CDS
69610,23378049,23378177,128,CDS
69611,23378573,23380438,1865,gene
69612,23378573,23379282,709,mRNA
69613,23379337,23380086,749,mRNA
69614,23380148,23380438,290,mRNA
69615,23378866,23379282,416,CDS
69616,23379337,23380086,749,CDS
69617,23380148,23380279,131,CDS
69618,23381197,23382591,1394,gene
69619,23381197,23381454,257,mRNA
69620,23381509,23382591,1082,mRNA
69621,23381259,23381454,195,CDS
69622,23381509,23382551,1042,CDS
69623,23383483,23384177,694,gene
69624,23383483,23384177,694,ncRNA
69625,23384200,23385468,1268,gene
69626,23385113,23385468,355,mRNA
69627,23385005,23385047,42,mRNA
69628,23384702,23384949,247,mRNA
69629,23384200,23384646,446,mRNA
69630,23385113,23385349,236,mRNA
69631,23385005,23385047,42,mRNA
69632,23384702,23384949,247,mRNA
69633,23384200,23384646,446,mRNA
69634,23385113,23385326,213,CDS
69635,23385005,23385047,42,CDS
69636,23384702,23384949,247,CDS
69637,23384234,23384646,412,CDS
69638,23385113,23385326,213,CDS
69639,23385005,23385047,42,CDS
69640,23384702,23384949,247,CDS
69641,23384234,23384646,412,CDS
69642,23385464,23386463,999,gene
69643,23386117,23386463,346,mRNA
69644,23385464,23386045,581,mRNA
69645,23386397,23386431,34,mRNA
69646,23386117,23386317,200,mRNA
69647,23385678,23386045,367,mRNA
69648,23386117,23386297,180,CDS
69649,23385978,23386045,67,CDS
69650,23386117,23386297,180,CDS
69651,23385978,23386045,67,CDS
69652,23386521,23389052,2531,gene
69653,23386521,23386622,101,mRNA
69654,23386790,23386827,37,mRNA
69655,23387007,23387612,605,mRNA
69656,23387672,23388232,560,mRNA
69657,23388289,23389052,763,mRNA
69658,23386521,23386622,101,mRNA
69659,23386942,23387612,670,mRNA
69660,23387672,23388232,560,mRNA
69661,23388289,23389052,763,mRNA
69662,23386521,23386622,101,mRNA
69663,23387007,23387612,605,mRNA
69664,23387672,23388232,560,mRNA
69665,23388289,23389052,763,mRNA
69666,23386798,23386827,29,CDS
69667,23387007,23387612,605,CDS
69668,23387672,23388232,560,CDS
69669,23388289,23388972,683,CDS
69670,23386904,23387612,708,mRNA
69671,23387672,23388232,560,mRNA
69672,23388289,23389052,763,mRNA
69673,23387127,23387612,485,CDS
69674,23387672,23388232,560,CDS
69675,23388289,23388972,683,CDS
69676,23387127,23387612,485,CDS
69677,23387672,23388232,560,CDS
69678,23388289,23388972,683,CDS
69679,23387127,23387612,485,CDS
69680,23387672,23388232,560,CDS
69681,23388289,23388972,683,CDS
69682,23389009,23396680,7671,gene
69683,23396429,23396680,251,mRNA
69684,23393364,23393480,116,mRNA
69685,23391741,23391903,162,mRNA
69686,23391390,23391673,283,mRNA
69687,23391192,23391326,134,mRNA
69688,23390895,23391124,229,mRNA
69689,23390305,23390817,512,mRNA
69690,23390006,23390248,242,mRNA
69691,23389719,23389941,222,mRNA
69692,23389009,23389658,649,mRNA
69693,23396429,23396680,251,mRNA
69694,23392981,23393480,499,mRNA
69695,23391741,23391903,162,mRNA
69696,23391390,23391673,283,mRNA
69697,23391192,23391326,134,mRNA
69698,23390895,23391124,229,mRNA
69699,23390305,23390817,512,mRNA
69700,23390006,23390248,242,mRNA
69701,23389719,23389941,222,mRNA
69702,23389009,23389658,649,mRNA
69703,23394917,23395421,504,mRNA
69704,23393364,23393480,116,mRNA
69705,23391741,23391903,162,mRNA
69706,23391390,23391673,283,mRNA
69707,23391192,23391326,134,mRNA
69708,23390895,23391124,229,mRNA
69709,23390305,23390817,512,mRNA
69710,23390006,23390248,242,mRNA
69711,23389719,23389941,222,mRNA
69712,23389009,23389658,649,mRNA
69713,23396429,23396452,23,CDS
69714,23393364,23393480,116,CDS
69715,23391741,23391903,162,CDS
69716,23391390,23391673,283,CDS
69717,23391192,23391326,134,CDS
69718,23390895,23391124,229,CDS
69719,23390305,23390817,512,CDS
69720,23390006,23390248,242,CDS
69721,23389719,23389941,222,CDS
69722,23389521,23389658,137,CDS
69723,23394917,23395156,239,CDS
69724,23393364,23393480,116,CDS
69725,23391741,23391903,162,CDS
69726,23391390,23391673,283,CDS
69727,23391192,23391326,134,CDS
69728,23390895,23391124,229,CDS
69729,23390305,23390817,512,CDS
69730,23390006,23390248,242,CDS
69731,23389719,23389941,222,CDS
69732,23389521,23389658,137,CDS
69733,23391741,23391894,153,CDS
69734,23391390,23391673,283,CDS
69735,23391192,23391326,134,CDS
69736,23390895,23391124,229,CDS
69737,23390305,23390817,512,CDS
69738,23390006,23390248,242,CDS
69739,23389719,23389941,222,CDS
69740,23389521,23389658,137,CDS
69741,23396770,23402309,5539,gene
69742,23402109,23402309,200,mRNA
69743,23401627,23401902,275,mRNA
69744,23400359,23400577,218,mRNA
69745,23399272,23400295,1023,mRNA
69746,23399004,23399215,211,mRNA
69747,23397865,23398943,1078,mRNA
69748,23397145,23397803,658,mRNA
69749,23396770,23397089,319,mRNA
69750,23401627,23401898,271,CDS
69751,23400359,23400577,218,CDS
69752,23399272,23400295,1023,CDS
69753,23399004,23399215,211,CDS
69754,23397865,23398943,1078,CDS
69755,23397145,23397803,658,CDS
69756,23396940,23397089,149,CDS
69757,23402664,23407682,5018,mobile_element
69758,23412320,23419684,7364,gene
69759,23419474,23419684,210,mRNA
69760,23419227,23419295,68,mRNA
69761,23414832,23415000,168,mRNA
69762,23414497,23414765,268,mRNA
69763,23413014,23413133,119,mRNA
69764,23412320,23412794,474,mRNA
69765,23419474,23419684,210,mRNA
69766,23419227,23419295,68,mRNA
69767,23414832,23415000,168,mRNA
69768,23414497,23414765,268,mRNA
69769,23413533,23413793,260,mRNA
69770,23413014,23413133,119,mRNA
69771,23412320,23412794,474,mRNA
69772,23419474,23419594,120,mRNA
69773,23419227,23419295,68,mRNA
69774,23414832,23415000,168,mRNA
69775,23414497,23414765,268,mRNA
69776,23413014,23413133,119,mRNA
69777,23412320,23412794,474,mRNA
69778,23419227,23419286,59,CDS
69779,23414832,23415000,168,CDS
69780,23414497,23414765,268,CDS
69781,23413014,23413133,119,CDS
69782,23412675,23412794,119,CDS
69783,23419227,23419286,59,CDS
69784,23414832,23415000,168,CDS
69785,23414497,23414765,268,CDS
69786,23413014,23413133,119,CDS
69787,23412675,23412794,119,CDS
69788,23419227,23419286,59,CDS
69789,23414832,23415000,168,CDS
69790,23414497,23414765,268,CDS
69791,23413533,23413793,260,CDS
69792,23413014,23413133,119,CDS
69793,23412675,23412794,119,CDS
69794,23415939,23417238,1299,gene
69795,23415939,23416298,359,mRNA
69796,23416362,23417238,876,mRNA
69797,23416068,23416298,230,CDS
69798,23416362,23416556,194,CDS
69799,23421521,23433354,11833,gene
69800,23433257,23433354,97,mRNA
69801,23422435,23422566,131,mRNA
69802,23421948,23422271,323,mRNA
69803,23421521,23421894,373,mRNA
69804,23431763,23432040,277,mRNA
69805,23422435,23422566,131,mRNA
69806,23421948,23422271,323,mRNA
69807,23421521,23421894,373,mRNA
69808,23425841,23425989,148,mRNA
69809,23422435,23422566,131,mRNA
69810,23421948,23422271,323,mRNA
69811,23421521,23421894,373,mRNA
69812,23422636,23422725,89,mRNA
69813,23422435,23422566,131,mRNA
69814,23421948,23422271,323,mRNA
69815,23421521,23421894,373,mRNA
69816,23431763,23431792,29,CDS
69817,23422435,23422566,131,CDS
69818,23421948,23422271,323,CDS
69819,23421709,23421894,185,CDS
69820,23425841,23425897,56,CDS
69821,23422435,23422566,131,CDS
69822,23421948,23422271,323,CDS
69823,23421709,23421894,185,CDS
69824,23422636,23422653,17,CDS
69825,23422435,23422566,131,CDS
69826,23421948,23422271,323,CDS
69827,23421709,23421894,185,CDS
69828,23422435,23422551,116,CDS
69829,23421948,23422271,323,CDS
69830,23421709,23421894,185,CDS
69831,23439868,23441065,1197,gene
69832,23440341,23441065,724,mRNA
69833,23439868,23440282,414,mRNA
69834,23440341,23441065,724,CDS
69835,23439868,23440282,414,CDS
69836,23444137,23491997,47860,gene
69837,23444137,23444383,246,mRNA
69838,23456183,23457865,1682,mRNA
69839,23466964,23467271,307,mRNA
69840,23474081,23474255,174,mRNA
69841,23481432,23481564,132,mRNA
69842,23482048,23482191,143,mRNA
69843,23482283,23482483,200,mRNA
69844,23484061,23484129,68,mRNA
69845,23485014,23485123,109,mRNA
69846,23485179,23485393,214,mRNA
69847,23486575,23486713,138,mRNA
69848,23486924,23487029,105,mRNA
69849,23487097,23487247,150,mRNA
69850,23489788,23491997,2209,mRNA
69851,23456490,23457865,1375,CDS
69852,23466964,23467271,307,CDS
69853,23474081,23474255,174,CDS
69854,23481432,23481564,132,CDS
69855,23482048,23482191,143,CDS
69856,23482283,23482483,200,CDS
69857,23484061,23484129,68,CDS
69858,23485014,23485123,109,CDS
69859,23485179,23485393,214,CDS
69860,23486575,23486713,138,CDS
69861,23486924,23487029,105,CDS
69862,23487097,23487247,150,CDS
69863,23489788,23490923,1135,CDS
69864,23458065,23458759,694,gene
69865,23458065,23458759,694,mRNA
69866,23458171,23458686,515,CDS
69867,23470165,23471775,1610,gene
69868,23470941,23471775,834,mRNA
69869,23470525,23470882,357,mRNA
69870,23470165,23470470,305,mRNA
69871,23470941,23471710,769,CDS
69872,23470525,23470882,357,CDS
69873,23470402,23470470,68,CDS
69874,23472300,23473753,1453,gene
69875,23472828,23473753,925,mRNA
69876,23472300,23472772,472,mRNA
69877,23472828,23473603,775,CDS
69878,23472313,23472772,459,CDS
69879,23475698,23476418,720,gene
69880,23476277,23476418,141,mRNA
69881,23475698,23475991,293,mRNA
69882,23476277,23476409,132,CDS
69883,23475813,23475991,178,CDS
69884,23476577,23477078,501,gene
69885,23476577,23477078,501,ncRNA
69886,23477078,23477477,399,gene
69887,23477078,23477477,399,ncRNA
69888,23499651,23500702,1051,gene
69889,23499651,23500702,1051,mRNA
69890,23499732,23500319,587,CDS
69891,23502946,23503815,869,gene
69892,23502946,23503815,869,mRNA
69893,23503330,23503674,344,CDS
69894,23507078,23507832,754,gene
69895,23507709,23507832,123,ncRNA
69896,23507078,23507651,573,ncRNA
69897,23511286,23512225,939,gene
69898,23511577,23512225,648,mRNA
69899,23511286,23511485,199,mRNA
69900,23511577,23512200,623,CDS
69901,23511387,23511485,98,CDS
69902,23519839,23523613,3774,gene
69903,23523228,23523613,385,mRNA
69904,23522059,23522192,133,mRNA
69905,23519839,23520966,1127,mRNA
69906,23523228,23523270,42,CDS
69907,23522059,23522192,133,CDS
69908,23520358,23520966,608,CDS
69909,23523856,23528260,4404,gene
69910,23523856,23524136,280,mRNA
69911,23524234,23524412,178,mRNA
69912,23524470,23525521,1051,mRNA
69913,23525584,23525718,134,mRNA
69914,23525779,23525913,134,mRNA
69915,23525977,23526038,61,mRNA
69916,23526096,23526709,613,mRNA
69917,23526814,23526974,160,mRNA
69918,23527035,23528260,1225,mRNA
69919,23524350,23524412,62,CDS
69920,23524470,23525521,1051,CDS
69921,23525584,23525718,134,CDS
69922,23525779,23525913,134,CDS
69923,23525977,23526038,61,CDS
69924,23526096,23526709,613,CDS
69925,23526814,23526974,160,CDS
69926,23527035,23527638,603,CDS
69927,23527805,23538499,10694,gene
69928,23538085,23538499,414,mRNA
69929,23537764,23537996,232,mRNA
69930,23537149,23537707,558,mRNA
69931,23529592,23529626,34,mRNA
69932,23529339,23529533,194,mRNA
69933,23529166,23529271,105,mRNA
69934,23529009,23529110,101,mRNA
69935,23528500,23528956,456,mRNA
69936,23527805,23528440,635,mRNA
69937,23538085,23538499,414,mRNA
69938,23537764,23537996,232,mRNA
69939,23537149,23537707,558,mRNA
69940,23529592,23529626,34,mRNA
69941,23529339,23529533,194,mRNA
69942,23529166,23529271,105,mRNA
69943,23529009,23529110,101,mRNA
69944,23528500,23528956,456,mRNA
69945,23528045,23528440,395,mRNA
69946,23538085,23538238,153,CDS
69947,23537764,23537996,232,CDS
69948,23537149,23537707,558,CDS
69949,23529592,23529626,34,CDS
69950,23529339,23529533,194,CDS
69951,23529166,23529271,105,CDS
69952,23529009,23529110,101,CDS
69953,23528500,23528956,456,CDS
69954,23528253,23528440,187,CDS
69955,23538085,23538238,153,CDS
69956,23537764,23537996,232,CDS
69957,23537149,23537707,558,CDS
69958,23529592,23529626,34,CDS
69959,23529339,23529533,194,CDS
69960,23529166,23529271,105,CDS
69961,23529009,23529110,101,CDS
69962,23528500,23528956,456,CDS
69963,23528253,23528440,187,CDS
69964,23538631,23540773,2142,gene
69965,23540082,23540773,691,mRNA
69966,23539927,23540023,96,mRNA
69967,23539756,23539859,103,mRNA
69968,23539580,23539658,78,mRNA
69969,23538970,23539324,354,mRNA
69970,23538631,23538911,280,mRNA
69971,23540082,23540773,691,CDS
69972,23539927,23540023,96,CDS
69973,23539756,23539859,103,CDS
69974,23539580,23539658,78,CDS
69975,23538970,23539324,354,CDS
69976,23538631,23538911,280,CDS
69977,23541054,23542379,1325,gene
69978,23541444,23542379,935,mRNA
69979,23541222,23541377,155,mRNA
69980,23541054,23541161,107,mRNA
69981,23541444,23542379,935,CDS
69982,23541222,23541377,155,CDS
69983,23541054,23541161,107,CDS
69984,23542510,23543885,1375,gene
69985,23542510,23542562,52,mRNA
69986,23542616,23543525,909,mRNA
69987,23543577,23543729,152,mRNA
69988,23543781,23543885,104,mRNA
69989,23542510,23542562,52,CDS
69990,23542616,23543525,909,CDS
69991,23543577,23543729,152,CDS
69992,23543781,23543885,104,CDS
69993,23544024,23544901,877,gene
69994,23544024,23544179,155,mRNA
69995,23544248,23544553,305,mRNA
69996,23544625,23544901,276,mRNA
69997,23544099,23544179,80,CDS
69998,23544248,23544553,305,CDS
69999,23544625,23544777,152,CDS
70000,23544823,23548151,3328,gene
70001,23547984,23548151,167,mRNA
70002,23547490,23547875,385,mRNA
70003,23545326,23545991,665,mRNA
70004,23544823,23545263,440,mRNA
70005,23547490,23547988,498,mRNA
70006,23545326,23545991,665,mRNA
70007,23544823,23545263,440,mRNA
70008,23547490,23547610,120,CDS
70009,23545326,23545991,665,CDS
70010,23545064,23545263,199,CDS
70011,23547490,23547610,120,CDS
70012,23545326,23545991,665,CDS
70013,23545064,23545263,199,CDS
70014,23548239,23548982,743,gene
70015,23548239,23548386,147,mRNA
70016,23548538,23548982,444,mRNA
70017,23548239,23548386,147,mRNA
70018,23548538,23548879,341,mRNA
70019,23548290,23548386,96,CDS
70020,23548538,23548770,232,CDS
70021,23548290,23548386,96,CDS
70022,23548538,23548770,232,CDS
70023,23548967,23554712,5745,gene
70024,23554255,23554712,457,mRNA
70025,23549948,23551036,1088,mRNA
70026,23548967,23549891,924,mRNA
70027,23549948,23551551,1603,mRNA
70028,23548967,23549891,924,mRNA
70029,23554255,23554416,161,CDS
70030,23549948,23551036,1088,CDS
70031,23549091,23549891,800,CDS
70032,23549948,23551018,1070,CDS
70033,23549091,23549891,800,CDS
70034,23551313,23553547,2234,gene
70035,23551313,23551874,561,mRNA
70036,23552301,23552863,562,mRNA
70037,23552924,23553547,623,mRNA
70038,23551723,23551874,151,CDS
70039,23552301,23552863,562,CDS
70040,23552924,23553180,256,CDS
70041,23555018,23556217,1199,gene
70042,23555692,23556217,525,mRNA
70043,23555018,23555628,610,mRNA
70044,23555692,23556217,525,mRNA
70045,23555106,23555628,522,mRNA
70046,23555692,23556138,446,CDS
70047,23555179,23555628,449,CDS
70048,23555692,23556138,446,CDS
70049,23555179,23555628,449,CDS
70050,23556672,23560263,3591,gene
70051,23556672,23556925,253,mRNA
70052,23557024,23557864,840,mRNA
70053,23557926,23558028,102,mRNA
70054,23558080,23558794,714,mRNA
70055,23558854,23559216,362,mRNA
70056,23559281,23560001,720,mRNA
70057,23560054,23560263,209,mRNA
70058,23556756,23556925,169,CDS
70059,23557024,23557864,840,CDS
70060,23557926,23558028,102,CDS
70061,23558080,23558794,714,CDS
70062,23558854,23559216,362,CDS
70063,23559281,23560001,720,CDS
70064,23560054,23560197,143,CDS
70065,23560492,23564045,3553,gene
70066,23560492,23560643,151,mRNA
70067,23560719,23561340,621,mRNA
70068,23561398,23561579,181,mRNA
70069,23561635,23562527,892,mRNA
70070,23562599,23562872,273,mRNA
70071,23562947,23563308,361,mRNA
70072,23563367,23564045,678,mRNA
70073,23560573,23560643,70,CDS
70074,23560719,23561340,621,CDS
70075,23561398,23561579,181,CDS
70076,23561635,23562527,892,CDS
70077,23562599,23562872,273,CDS
70078,23562947,23563308,361,CDS
70079,23563367,23563812,445,CDS
70080,23563973,23564780,807,gene
70081,23563973,23564780,807,mRNA
70082,23564079,23564750,671,CDS
70083,23564891,23599526,34635,gene
70084,23564891,23565050,159,mRNA
70085,23581315,23581468,153,mRNA
70086,23596892,23596997,105,mRNA
70087,23597060,23597320,260,mRNA
70088,23597384,23597630,246,mRNA
70089,23597693,23599526,1833,mRNA
70090,23564891,23565050,159,mRNA
70091,23583809,23583975,166,mRNA
70092,23596892,23596997,105,mRNA
70093,23597060,23597320,260,mRNA
70094,23597384,23597630,246,mRNA
70095,23597693,23599526,1833,mRNA
70096,23564891,23565050,159,mRNA
70097,23596892,23596997,105,mRNA
70098,23597060,23597320,260,mRNA
70099,23597384,23597630,246,mRNA
70100,23597693,23599526,1833,mRNA
70101,23565030,23565050,20,CDS
70102,23596892,23596997,105,CDS
70103,23597060,23597320,260,CDS
70104,23597384,23597630,246,CDS
70105,23597693,23598527,834,CDS
70106,23568058,23568392,334,mRNA
70107,23596892,23596997,105,mRNA
70108,23597060,23597320,260,mRNA
70109,23597384,23597630,246,mRNA
70110,23597693,23599526,1833,mRNA
70111,23568390,23568392,2,CDS
70112,23596892,23596997,105,CDS
70113,23597060,23597320,260,CDS
70114,23597384,23597630,246,CDS
70115,23597693,23598527,834,CDS
70116,23581090,23581468,378,mRNA
70117,23596892,23596997,105,mRNA
70118,23597060,23597320,260,mRNA
70119,23597384,23597630,246,mRNA
70120,23597693,23599526,1833,mRNA
70121,23581466,23581468,2,CDS
70122,23596892,23596997,105,CDS
70123,23597060,23597320,260,CDS
70124,23597384,23597630,246,CDS
70125,23597693,23598527,834,CDS
70126,23581466,23581468,2,CDS
70127,23596892,23596997,105,CDS
70128,23597060,23597320,260,CDS
70129,23597384,23597630,246,CDS
70130,23597693,23598527,834,CDS
70131,23596592,23596798,206,mRNA
70132,23596892,23596997,105,mRNA
70133,23597060,23597320,260,mRNA
70134,23597384,23597630,246,mRNA
70135,23597693,23599526,1833,mRNA
70136,23596748,23596798,50,CDS
70137,23596892,23596997,105,CDS
70138,23597060,23597320,260,CDS
70139,23597384,23597630,246,CDS
70140,23597693,23598527,834,CDS
70141,23596931,23596997,66,CDS
70142,23597060,23597320,260,CDS
70143,23597384,23597630,246,CDS
70144,23597693,23598527,834,CDS
70145,23599526,23600787,1261,gene
70146,23599526,23600787,1261,gene
70147,23600605,23600787,182,mRNA
70148,23600439,23600549,110,mRNA
70149,23600314,23600380,66,mRNA
70150,23600047,23600255,208,mRNA
70151,23599880,23599956,76,mRNA
70152,23599757,23599820,63,mRNA
70153,23599526,23599694,168,mRNA
70154,23600605,23600787,182,mRNA
70155,23600439,23600549,110,mRNA
70156,23600314,23600380,66,mRNA
70157,23600047,23600255,208,mRNA
70158,23599880,23599956,76,mRNA
70159,23599757,23599820,63,mRNA
70160,23599526,23599694,168,mRNA
70161,23600605,23600787,182,mRNA
70162,23600439,23600549,110,mRNA
70163,23600314,23600380,66,mRNA
70164,23600047,23600255,208,mRNA
70165,23599880,23599956,76,mRNA
70166,23599526,23599820,294,mRNA
70167,23600605,23600787,182,mRNA
70168,23600439,23600549,110,mRNA
70169,23600314,23600380,66,mRNA
70170,23600047,23600255,208,mRNA
70171,23599757,23599956,199,mRNA
70172,23599526,23599694,168,mRNA
70173,23599880,23600056,176,mRNA
70174,23599757,23599820,63,mRNA
70175,23599526,23599694,168,mRNA
70176,23599880,23599950,70,CDS
70177,23599757,23599820,63,CDS
70178,23599548,23599694,146,CDS
70179,23599880,23599950,70,CDS
70180,23599757,23599820,63,CDS
70181,23599548,23599694,146,CDS
70182,23600605,23600687,82,CDS
70183,23600439,23600549,110,CDS
70184,23600314,23600380,66,CDS
70185,23600058,23600255,197,CDS
70186,23600605,23600687,82,CDS
70187,23600439,23600549,110,CDS
70188,23600314,23600380,66,CDS
70189,23600058,23600255,197,CDS
70190,23600605,23600687,82,CDS
70191,23600439,23600549,110,CDS
70192,23600314,23600380,66,CDS
70193,23600058,23600255,197,CDS
70194,23600914,23601773,859,gene
70195,23600914,23601773,859,gene
70196,23601674,23601773,99,mRNA
70197,23601551,23601620,69,mRNA
70198,23600914,23601482,568,mRNA
70199,23601674,23601773,99,mRNA
70200,23601551,23601620,69,mRNA
70201,23600914,23601482,568,mRNA
70202,23600914,23601199,285,mRNA
70203,23600954,23601169,215,CDS
70204,23600954,23601169,215,CDS
70205,23601674,23601732,58,CDS
70206,23601551,23601620,69,CDS
70207,23601276,23601482,206,CDS
70208,23601981,23602456,475,gene
70209,23602374,23602456,82,mRNA
70210,23602257,23602323,66,mRNA
70211,23601981,23602200,219,mRNA
70212,23602374,23602435,61,CDS
70213,23602257,23602323,66,CDS
70214,23602009,23602200,191,CDS
70215,23602585,23603641,1056,gene
70216,23602585,23602844,259,mRNA
70217,23602900,23603302,402,mRNA
70218,23603367,23603641,274,mRNA
70219,23602717,23602844,127,CDS
70220,23602900,23603302,402,CDS
70221,23603367,23603552,185,CDS
70222,23603722,23616754,13032,gene
70223,23616511,23616754,243,mRNA
70224,23604393,23604951,558,mRNA
70225,23603722,23604056,334,mRNA
70226,23605078,23605178,100,mRNA
70227,23604393,23604951,558,mRNA
70228,23603722,23604056,334,mRNA
70229,23616511,23616602,91,CDS
70230,23604393,23604951,558,CDS
70231,23603835,23604056,221,CDS
70232,23605078,23605094,16,CDS
70233,23604393,23604951,558,CDS
70234,23603835,23604056,221,CDS
70235,23605689,23606654,965,gene
70236,23606041,23606654,613,mRNA
70237,23605689,23605976,287,mRNA
70238,23606041,23606634,593,CDS
70239,23605758,23605976,218,CDS
70240,23607592,23614710,7118,gene
70241,23614673,23614710,37,mRNA
70242,23608132,23608681,549,mRNA
70243,23607592,23608051,459,mRNA
70244,23614593,23614710,117,mRNA
70245,23608132,23608681,549,mRNA
70246,23607592,23608051,459,mRNA
70247,23614467,23614710,243,mRNA
70248,23608132,23608681,549,mRNA
70249,23607592,23608051,459,mRNA
70250,23609414,23609541,127,mRNA
70251,23608132,23608681,549,mRNA
70252,23607592,23608051,459,mRNA
70253,23608931,23609103,172,mRNA
70254,23608132,23608681,549,mRNA
70255,23607592,23608051,459,mRNA
70256,23608132,23608942,810,mRNA
70257,23607592,23608051,459,mRNA
70258,23609414,23609430,16,CDS
70259,23608132,23608681,549,CDS
70260,23607833,23608051,218,CDS
70261,23608931,23609022,91,CDS
70262,23608132,23608681,549,CDS
70263,23607833,23608051,218,CDS
70264,23608132,23608806,674,CDS
70265,23607833,23608051,218,CDS
70266,23608132,23608662,530,CDS
70267,23607833,23608051,218,CDS
70268,23608132,23608662,530,CDS
70269,23607833,23608051,218,CDS
70270,23608132,23608662,530,CDS
70271,23607833,23608051,218,CDS
70272,23632610,23654820,22210,gene
70273,23632610,23633264,654,mRNA
70274,23642239,23642405,166,mRNA
70275,23642484,23642634,150,mRNA
70276,23642759,23643095,336,mRNA
70277,23643157,23643272,115,mRNA
70278,23647689,23647761,72,mRNA
70279,23650901,23651084,183,mRNA
70280,23651435,23651582,147,mRNA
70281,23651660,23652153,493,mRNA
70282,23652503,23652601,98,mRNA
70283,23652757,23653280,523,mRNA
70284,23653463,23654820,1357,mRNA
70285,23632610,23633264,654,mRNA
70286,23642239,23642405,166,mRNA
70287,23642484,23642634,150,mRNA
70288,23642759,23643095,336,mRNA
70289,23643172,23643272,100,mRNA
70290,23647689,23647761,72,mRNA
70291,23650901,23651084,183,mRNA
70292,23651435,23651582,147,mRNA
70293,23651660,23652153,493,mRNA
70294,23652503,23652601,98,mRNA
70295,23652757,23653280,523,mRNA
70296,23653463,23654820,1357,mRNA
70297,23632610,23633264,654,mRNA
70298,23647689,23647761,72,mRNA
70299,23650901,23651084,183,mRNA
70300,23651435,23651582,147,mRNA
70301,23651660,23652153,493,mRNA
70302,23652503,23652601,98,mRNA
70303,23652757,23653280,523,mRNA
70304,23653463,23654820,1357,mRNA
70305,23632610,23633264,654,mRNA
70306,23642239,23642405,166,mRNA
70307,23642484,23642634,150,mRNA
70308,23642765,23643095,330,mRNA
70309,23643172,23643272,100,mRNA
70310,23647689,23647761,72,mRNA
70311,23650901,23651084,183,mRNA
70312,23651435,23651582,147,mRNA
70313,23651660,23652153,493,mRNA
70314,23652503,23652601,98,mRNA
70315,23652757,23653280,523,mRNA
70316,23653463,23654677,1214,mRNA
70317,23633178,23633264,86,CDS
70318,23642239,23642405,166,CDS
70319,23642484,23642634,150,CDS
70320,23642759,23643095,336,CDS
70321,23643157,23643272,115,CDS
70322,23647689,23647761,72,CDS
70323,23650901,23651084,183,CDS
70324,23651435,23651582,147,CDS
70325,23651660,23652153,493,CDS
70326,23652503,23652601,98,CDS
70327,23652757,23653280,523,CDS
70328,23653463,23653818,355,CDS
70329,23633178,23633264,86,CDS
70330,23642239,23642405,166,CDS
70331,23642484,23642634,150,CDS
70332,23642759,23643095,336,CDS
70333,23643172,23643272,100,CDS
70334,23647689,23647761,72,CDS
70335,23650901,23651084,183,CDS
70336,23651435,23651582,147,CDS
70337,23651660,23652153,493,CDS
70338,23652503,23652601,98,CDS
70339,23652757,23653280,523,CDS
70340,23653463,23653818,355,CDS
70341,23633178,23633264,86,CDS
70342,23642239,23642405,166,CDS
70343,23642484,23642634,150,CDS
70344,23642765,23643095,330,CDS
70345,23643172,23643272,100,CDS
70346,23647689,23647761,72,CDS
70347,23650901,23651084,183,CDS
70348,23651435,23651582,147,CDS
70349,23651660,23652153,493,CDS
70350,23652503,23652601,98,CDS
70351,23652757,23653280,523,CDS
70352,23653463,23653818,355,CDS
70353,23633178,23633264,86,CDS
70354,23647689,23647761,72,CDS
70355,23650901,23651084,183,CDS
70356,23651435,23651582,147,CDS
70357,23651660,23652153,493,CDS
70358,23652503,23652601,98,CDS
70359,23652757,23653280,523,CDS
70360,23653463,23653818,355,CDS
70361,23638377,23639094,717,gene
70362,23638909,23639094,185,ncRNA
70363,23638377,23638827,450,ncRNA
70364,23646193,23646363,170,mRNA
70365,23647689,23647761,72,mRNA
70366,23650901,23651084,183,mRNA
70367,23651435,23651582,147,mRNA
70368,23651660,23652153,493,mRNA
70369,23652503,23652601,98,mRNA
70370,23652757,23653280,523,mRNA
70371,23653463,23654820,1357,mRNA
70372,23646334,23646363,29,CDS
70373,23647689,23647761,72,CDS
70374,23650901,23651084,183,CDS
70375,23651435,23651582,147,CDS
70376,23651660,23652153,493,CDS
70377,23652503,23652601,98,CDS
70378,23652757,23653280,523,CDS
70379,23653463,23653818,355,CDS
70380,23657567,23680844,23277,gene
70381,23657567,23658014,447,mRNA
70382,23665294,23665887,593,mRNA
70383,23665951,23666035,84,mRNA
70384,23671976,23672088,112,mRNA
70385,23674286,23674342,56,mRNA
70386,23674414,23674619,205,mRNA
70387,23674804,23674863,59,mRNA
70388,23674931,23674985,54,mRNA
70389,23675107,23675205,98,mRNA
70390,23675355,23675465,110,mRNA
70391,23675539,23675708,169,mRNA
70392,23675778,23675988,210,mRNA
70393,23677021,23677188,167,mRNA
70394,23677249,23677347,98,mRNA
70395,23677405,23677653,248,mRNA
70396,23677715,23677937,222,mRNA
70397,23678002,23678159,157,mRNA
70398,23678218,23678488,270,mRNA
70399,23678547,23679108,561,mRNA
70400,23657567,23658014,447,mRNA
70401,23665294,23665887,593,mRNA
70402,23665951,23666035,84,mRNA
70403,23671976,23672088,112,mRNA
70404,23674286,23674342,56,mRNA
70405,23674414,23674619,205,mRNA
70406,23674804,23674863,59,mRNA
70407,23674931,23674985,54,mRNA
70408,23675107,23675205,98,mRNA
70409,23675355,23675465,110,mRNA
70410,23675539,23675708,169,mRNA
70411,23675778,23675988,210,mRNA
70412,23677021,23677188,167,mRNA
70413,23677249,23677347,98,mRNA
70414,23677405,23677653,248,mRNA
70415,23677715,23677937,222,mRNA
70416,23678002,23678159,157,mRNA
70417,23678218,23678488,270,mRNA
70418,23678547,23679108,561,mRNA
70419,23659300,23659352,52,mRNA
70420,23660394,23660533,139,mRNA
70421,23665294,23665887,593,mRNA
70422,23665951,23666035,84,mRNA
70423,23671976,23672088,112,mRNA
70424,23674286,23674342,56,mRNA
70425,23674414,23674619,205,mRNA
70426,23674804,23674863,59,mRNA
70427,23674931,23674985,54,mRNA
70428,23675107,23675205,98,mRNA
70429,23675355,23675465,110,mRNA
70430,23675539,23675708,169,mRNA
70431,23675778,23675988,210,mRNA
70432,23677048,23677188,140,mRNA
70433,23677249,23677347,98,mRNA
70434,23677405,23677653,248,mRNA
70435,23677715,23677937,222,mRNA
70436,23678002,23678159,157,mRNA
70437,23678218,23678488,270,mRNA
70438,23678547,23680844,2297,mRNA
70439,23659505,23659699,194,mRNA
70440,23660394,23660533,139,mRNA
70441,23665294,23665887,593,mRNA
70442,23665951,23666035,84,mRNA
70443,23671976,23672088,112,mRNA
70444,23674286,23674342,56,mRNA
70445,23674414,23674619,205,mRNA
70446,23674804,23674863,59,mRNA
70447,23674931,23674985,54,mRNA
70448,23675107,23675205,98,mRNA
70449,23675355,23675465,110,mRNA
70450,23675539,23675708,169,mRNA
70451,23675778,23675988,210,mRNA
70452,23677021,23677188,167,mRNA
70453,23677249,23677347,98,mRNA
70454,23677405,23677653,248,mRNA
70455,23677715,23677937,222,mRNA
70456,23678002,23678159,157,mRNA
70457,23678218,23678488,270,mRNA
70458,23678547,23680844,2297,mRNA
70459,23660372,23660533,161,mRNA
70460,23665294,23665887,593,mRNA
70461,23665951,23666035,84,mRNA
70462,23671976,23672088,112,mRNA
70463,23674286,23674342,56,mRNA
70464,23674414,23674619,205,mRNA
70465,23674804,23674863,59,mRNA
70466,23674931,23674985,54,mRNA
70467,23675107,23675205,98,mRNA
70468,23675355,23675465,110,mRNA
70469,23675539,23675708,169,mRNA
70470,23675778,23675988,210,mRNA
70471,23677021,23677188,167,mRNA
70472,23677249,23677347,98,mRNA
70473,23677405,23677653,248,mRNA
70474,23677715,23677937,222,mRNA
70475,23678002,23678159,157,mRNA
70476,23678218,23678488,270,mRNA
70477,23678547,23680844,2297,mRNA
70478,23665621,23665887,266,CDS
70479,23665951,23666035,84,CDS
70480,23671976,23672088,112,CDS
70481,23674286,23674342,56,CDS
70482,23674414,23674619,205,CDS
70483,23674804,23674863,59,CDS
70484,23674931,23674985,54,CDS
70485,23675107,23675205,98,CDS
70486,23675355,23675465,110,CDS
70487,23675539,23675708,169,CDS
70488,23675778,23675988,210,CDS
70489,23677021,23677188,167,CDS
70490,23677249,23677347,98,CDS
70491,23677405,23677653,248,CDS
70492,23677715,23677937,222,CDS
70493,23678002,23678159,157,CDS
70494,23678218,23678488,270,CDS
70495,23678547,23678794,247,CDS
70496,23665621,23665887,266,CDS
70497,23665951,23666035,84,CDS
70498,23671976,23672088,112,CDS
70499,23674286,23674342,56,CDS
70500,23674414,23674619,205,CDS
70501,23674804,23674863,59,CDS
70502,23674931,23674985,54,CDS
70503,23675107,23675205,98,CDS
70504,23675355,23675465,110,CDS
70505,23675539,23675708,169,CDS
70506,23675778,23675988,210,CDS
70507,23677021,23677188,167,CDS
70508,23677249,23677347,98,CDS
70509,23677405,23677653,248,CDS
70510,23677715,23677937,222,CDS
70511,23678002,23678159,157,CDS
70512,23678218,23678488,270,CDS
70513,23678547,23678689,142,CDS
70514,23665621,23665887,266,CDS
70515,23665951,23666035,84,CDS
70516,23671976,23672088,112,CDS
70517,23674286,23674342,56,CDS
70518,23674414,23674619,205,CDS
70519,23674804,23674863,59,CDS
70520,23674931,23674985,54,CDS
70521,23675107,23675205,98,CDS
70522,23675355,23675465,110,CDS
70523,23675539,23675708,169,CDS
70524,23675778,23675988,210,CDS
70525,23677021,23677188,167,CDS
70526,23677249,23677347,98,CDS
70527,23677405,23677653,248,CDS
70528,23677715,23677937,222,CDS
70529,23678002,23678159,157,CDS
70530,23678218,23678488,270,CDS
70531,23678547,23678689,142,CDS
70532,23665621,23665887,266,CDS
70533,23665951,23666035,84,CDS
70534,23671976,23672088,112,CDS
70535,23674286,23674342,56,CDS
70536,23674414,23674619,205,CDS
70537,23674804,23674863,59,CDS
70538,23674931,23674985,54,CDS
70539,23675107,23675205,98,CDS
70540,23675355,23675465,110,CDS
70541,23675539,23675708,169,CDS
70542,23675778,23675988,210,CDS
70543,23677021,23677188,167,CDS
70544,23677249,23677347,98,CDS
70545,23677405,23677653,248,CDS
70546,23677715,23677937,222,CDS
70547,23678002,23678159,157,CDS
70548,23678218,23678488,270,CDS
70549,23678547,23678689,142,CDS
70550,23665621,23665887,266,CDS
70551,23665951,23666035,84,CDS
70552,23671976,23672088,112,CDS
70553,23674286,23674342,56,CDS
70554,23674414,23674619,205,CDS
70555,23674804,23674863,59,CDS
70556,23674931,23674985,54,CDS
70557,23675107,23675205,98,CDS
70558,23675355,23675465,110,CDS
70559,23675539,23675708,169,CDS
70560,23675778,23675988,210,CDS
70561,23677048,23677188,140,CDS
70562,23677249,23677347,98,CDS
70563,23677405,23677653,248,CDS
70564,23677715,23677937,222,CDS
70565,23678002,23678159,157,CDS
70566,23678218,23678488,270,CDS
70567,23678547,23678689,142,CDS
70568,23667135,23667268,133,mRNA
70569,23669902,23670377,475,mRNA
70570,23671976,23672088,112,mRNA
70571,23674286,23674342,56,mRNA
70572,23674414,23674619,205,mRNA
70573,23674804,23674863,59,mRNA
70574,23674931,23674985,54,mRNA
70575,23675107,23675205,98,mRNA
70576,23675355,23675465,110,mRNA
70577,23675539,23675708,169,mRNA
70578,23675778,23675988,210,mRNA
70579,23677021,23677188,167,mRNA
70580,23677249,23677347,98,mRNA
70581,23677405,23677653,248,mRNA
70582,23677715,23677937,222,mRNA
70583,23678002,23678159,157,mRNA
70584,23678218,23678488,270,mRNA
70585,23678547,23680017,1470,mRNA
70586,23669107,23669367,260,mRNA
70587,23671976,23672088,112,mRNA
70588,23674286,23674342,56,mRNA
70589,23674414,23674619,205,mRNA
70590,23674804,23674863,59,mRNA
70591,23674931,23674985,54,mRNA
70592,23675107,23675205,98,mRNA
70593,23675355,23675465,110,mRNA
70594,23675539,23675708,169,mRNA
70595,23675778,23675988,210,mRNA
70596,23677021,23677188,167,mRNA
70597,23677249,23677347,98,mRNA
70598,23677405,23677653,248,mRNA
70599,23677715,23677937,222,mRNA
70600,23678002,23678159,157,mRNA
70601,23678218,23678488,270,mRNA
70602,23678547,23680017,1470,mRNA
70603,23669343,23669367,24,CDS
70604,23671976,23672088,112,CDS
70605,23674286,23674342,56,CDS
70606,23674414,23674619,205,CDS
70607,23674804,23674863,59,CDS
70608,23674931,23674985,54,CDS
70609,23675107,23675205,98,CDS
70610,23675355,23675465,110,CDS
70611,23675539,23675708,169,CDS
70612,23675778,23675988,210,CDS
70613,23677021,23677188,167,CDS
70614,23677249,23677347,98,CDS
70615,23677405,23677653,248,CDS
70616,23677715,23677937,222,CDS
70617,23678002,23678159,157,CDS
70618,23678218,23678488,270,CDS
70619,23678547,23678689,142,CDS
70620,23670056,23670377,321,CDS
70621,23671976,23672088,112,CDS
70622,23674286,23674342,56,CDS
70623,23674414,23674619,205,CDS
70624,23674804,23674863,59,CDS
70625,23674931,23674985,54,CDS
70626,23675107,23675205,98,CDS
70627,23675355,23675465,110,CDS
70628,23675539,23675708,169,CDS
70629,23675778,23675988,210,CDS
70630,23677021,23677188,167,CDS
70631,23677249,23677347,98,CDS
70632,23677405,23677653,248,CDS
70633,23677715,23677937,222,CDS
70634,23678002,23678159,157,CDS
70635,23678218,23678488,270,CDS
70636,23678547,23678689,142,CDS
70637,23672462,23673748,1286,mRNA
70638,23674286,23674342,56,mRNA
70639,23674414,23674619,205,mRNA
70640,23674804,23674863,59,mRNA
70641,23674931,23674985,54,mRNA
70642,23675107,23675205,98,mRNA
70643,23675355,23675465,110,mRNA
70644,23675539,23675708,169,mRNA
70645,23675778,23675988,210,mRNA
70646,23677021,23677188,167,mRNA
70647,23677249,23677347,98,mRNA
70648,23677405,23677653,248,mRNA
70649,23677715,23677937,222,mRNA
70650,23678002,23678159,157,mRNA
70651,23678218,23678488,270,mRNA
70652,23678547,23680017,1470,mRNA
70653,23672876,23673748,872,CDS
70654,23674286,23674342,56,CDS
70655,23674414,23674619,205,CDS
70656,23674804,23674863,59,CDS
70657,23674931,23674985,54,CDS
70658,23675107,23675205,98,CDS
70659,23675355,23675465,110,CDS
70660,23675539,23675708,169,CDS
70661,23675778,23675988,210,CDS
70662,23677021,23677188,167,CDS
70663,23677249,23677347,98,CDS
70664,23677405,23677653,248,CDS
70665,23677715,23677937,222,CDS
70666,23678002,23678159,157,CDS
70667,23678218,23678488,270,CDS
70668,23678547,23678689,142,CDS
70669,23676805,23677188,383,mRNA
70670,23677249,23677347,98,mRNA
70671,23677405,23677653,248,mRNA
70672,23677715,23677937,222,mRNA
70673,23678002,23678159,157,mRNA
70674,23678218,23678488,270,mRNA
70675,23678547,23680017,1470,mRNA
70676,23677129,23677188,59,CDS
70677,23677249,23677347,98,CDS
70678,23677405,23677653,248,CDS
70679,23677715,23677937,222,CDS
70680,23678002,23678159,157,CDS
70681,23678218,23678488,270,CDS
70682,23678547,23678689,142,CDS
70683,23681623,23682952,1329,gene
70684,23681623,23682038,415,mRNA
70685,23682103,23682633,530,mRNA
70686,23682694,23682952,258,mRNA
70687,23681704,23682038,334,CDS
70688,23682103,23682633,530,CDS
70689,23682694,23682844,150,CDS
70690,23683377,23687980,4603,gene
70691,23683377,23683665,288,mRNA
70692,23683729,23684186,457,mRNA
70693,23684248,23684320,72,mRNA
70694,23684374,23684511,137,mRNA
70695,23686538,23686877,339,mRNA
70696,23687033,23687164,131,mRNA
70697,23687234,23687316,82,mRNA
70698,23687432,23687980,548,mRNA
70699,23683377,23683665,288,mRNA
70700,23683729,23684186,457,mRNA
70701,23684248,23684320,72,mRNA
70702,23684374,23684511,137,mRNA
70703,23684563,23684725,162,mRNA
70704,23683377,23683665,288,mRNA
70705,23683729,23684186,457,mRNA
70706,23684248,23684320,72,mRNA
70707,23684374,23684654,280,mRNA
70708,23683397,23683665,268,CDS
70709,23683729,23684186,457,CDS
70710,23684248,23684320,72,CDS
70711,23684374,23684511,137,CDS
70712,23686538,23686877,339,CDS
70713,23687033,23687164,131,CDS
70714,23687234,23687316,82,CDS
70715,23687432,23687519,87,CDS
70716,23683397,23683665,268,CDS
70717,23683729,23684186,457,CDS
70718,23684248,23684320,72,CDS
70719,23684374,23684511,137,CDS
70720,23684563,23684620,57,CDS
70721,23683397,23683665,268,CDS
70722,23683729,23684186,457,CDS
70723,23684248,23684320,72,CDS
70724,23684374,23684515,141,CDS
70725,23684651,23685543,892,gene
70726,23685476,23685543,67,mRNA
70727,23684995,23685382,387,mRNA
70728,23684651,23684932,281,mRNA
70729,23685476,23685543,67,mRNA
70730,23684995,23685385,390,mRNA
70731,23684651,23684932,281,mRNA
70732,23684995,23685382,387,CDS
70733,23684757,23684932,175,CDS
70734,23684995,23685382,387,CDS
70735,23684757,23684932,175,CDS
70736,23688077,23690838,2761,gene
70737,23688077,23688710,633,mRNA
70738,23688933,23689131,198,mRNA
70739,23689193,23689306,113,mRNA
70740,23689369,23689456,87,mRNA
70741,23689514,23689613,99,mRNA
70742,23689670,23690838,1168,mRNA
70743,23688189,23688710,521,mRNA
70744,23688933,23689131,198,mRNA
70745,23689193,23689306,113,mRNA
70746,23689369,23689456,87,mRNA
70747,23689514,23689613,99,mRNA
70748,23689670,23690584,914,mRNA
70749,23688189,23688710,521,mRNA
70750,23688933,23689131,198,mRNA
70751,23689193,23689306,113,mRNA
70752,23689369,23689456,87,mRNA
70753,23689514,23689613,99,mRNA
70754,23689670,23690303,633,mRNA
70755,23688295,23688710,415,CDS
70756,23688933,23689131,198,CDS
70757,23689193,23689306,113,CDS
70758,23689369,23689456,87,CDS
70759,23689514,23689613,99,CDS
70760,23689670,23689973,303,CDS
70761,23688295,23688710,415,CDS
70762,23688933,23689131,198,CDS
70763,23689193,23689306,113,CDS
70764,23689369,23689456,87,CDS
70765,23689514,23689613,99,CDS
70766,23689670,23689973,303,CDS
70767,23688295,23688710,415,CDS
70768,23688933,23689131,198,CDS
70769,23689193,23689306,113,CDS
70770,23689369,23689456,87,CDS
70771,23689514,23689613,99,CDS
70772,23689670,23689973,303,CDS
70773,23690247,23697824,7577,gene
70774,23697667,23697824,157,mRNA
70775,23697195,23697608,413,mRNA
70776,23696442,23697141,699,mRNA
70777,23695280,23696265,985,mRNA
70778,23692859,23693731,872,mRNA
70779,23692612,23692800,188,mRNA
70780,23691577,23692440,863,mRNA
70781,23690247,23691523,1276,mRNA
70782,23697667,23697824,157,mRNA
70783,23697195,23697608,413,mRNA
70784,23696442,23697141,699,mRNA
70785,23695280,23696265,985,mRNA
70786,23692859,23693731,872,mRNA
70787,23692612,23692800,188,mRNA
70788,23691577,23692440,863,mRNA
70789,23690795,23691523,728,mRNA
70790,23697667,23697675,8,CDS
70791,23697195,23697608,413,CDS
70792,23696442,23697141,699,CDS
70793,23695280,23696265,985,CDS
70794,23692859,23693731,872,CDS
70795,23692612,23692800,188,CDS
70796,23691577,23692440,863,CDS
70797,23690891,23691523,632,CDS
70798,23697667,23697675,8,CDS
70799,23697195,23697608,413,CDS
70800,23696442,23697141,699,CDS
70801,23695280,23696265,985,CDS
70802,23692859,23693731,872,CDS
70803,23692612,23692800,188,CDS
70804,23691577,23692440,863,CDS
70805,23690891,23691523,632,CDS
70806,23694003,23695232,1229,gene
70807,23694003,23695232,1229,mRNA
70808,23694118,23695182,1064,CDS
70809,23698105,23699014,909,gene
70810,23698105,23698360,255,mRNA
70811,23698423,23698529,106,mRNA
70812,23698595,23699014,419,mRNA
70813,23698224,23698360,136,CDS
70814,23698423,23698529,106,CDS
70815,23698595,23698929,334,CDS
70816,23698949,23702406,3457,gene
70817,23702111,23702406,295,mRNA
70818,23700298,23700590,292,mRNA
70819,23698949,23700240,1291,mRNA
70820,23702111,23702406,295,mRNA
70821,23700801,23700869,68,mRNA
70822,23700298,23700590,292,mRNA
70823,23698949,23700240,1291,mRNA
70824,23700298,23700862,564,mRNA
70825,23698949,23700240,1291,mRNA
70826,23700801,23700864,63,CDS
70827,23700298,23700590,292,CDS
70828,23699965,23700240,275,CDS
70829,23700298,23700588,290,CDS
70830,23699965,23700240,275,CDS
70831,23700298,23700588,290,CDS
70832,23699965,23700240,275,CDS
70833,23702477,23705403,2926,gene
70834,23702477,23702677,200,mRNA
70835,23702952,23705403,2451,mRNA
70836,23702635,23702677,42,CDS
70837,23702952,23705218,2266,CDS
70838,23705439,23709792,4353,gene
70839,23709428,23709792,364,mRNA
70840,23705439,23706777,1338,mRNA
70841,23709428,23709713,285,CDS
70842,23705531,23706777,1246,CDS
70843,23706913,23709026,2113,gene
70844,23706913,23708474,1561,mRNA
70845,23708630,23709026,396,mRNA
70846,23707081,23708487,1406,mRNA
70847,23708630,23709026,396,mRNA
70848,23707081,23708487,1406,mRNA
70849,23708635,23709026,391,mRNA
70850,23707081,23708474,1393,mRNA
70851,23708635,23709026,391,mRNA
70852,23707081,23708585,1504,mRNA
70853,23707154,23708487,1333,CDS
70854,23708630,23708858,228,CDS
70855,23707154,23708474,1320,CDS
70856,23708635,23708858,223,CDS
70857,23707154,23708474,1320,CDS
70858,23708630,23708832,202,CDS
70859,23707154,23708487,1333,CDS
70860,23708635,23708644,9,CDS
70861,23707154,23708491,1337,CDS
70862,23709177,23709947,770,gene
70863,23709177,23709947,770,ncRNA
70864,23713900,23734846,20946,gene
70865,23713900,23714118,218,mRNA
70866,23714681,23714899,218,mRNA
70867,23722210,23722875,665,mRNA
70868,23729049,23729234,185,mRNA
70869,23730909,23731091,182,mRNA
70870,23731157,23731529,372,mRNA
70871,23731653,23731971,318,mRNA
70872,23732037,23732220,183,mRNA
70873,23732393,23732503,110,mRNA
70874,23732562,23734846,2284,mRNA
70875,23713900,23714118,218,mRNA
70876,23714666,23714899,233,mRNA
70877,23722210,23722875,665,mRNA
70878,23729049,23729234,185,mRNA
70879,23730909,23731091,182,mRNA
70880,23731157,23731529,372,mRNA
70881,23731653,23731971,318,mRNA
70882,23732037,23732220,183,mRNA
70883,23732393,23732503,110,mRNA
70884,23732562,23733183,621,mRNA
70885,23713900,23714118,218,mRNA
70886,23714666,23714899,233,mRNA
70887,23729049,23729234,185,mRNA
70888,23730909,23731091,182,mRNA
70889,23731157,23731529,372,mRNA
70890,23731653,23731971,318,mRNA
70891,23732037,23732220,183,mRNA
70892,23732393,23732503,110,mRNA
70893,23732562,23733183,621,mRNA
70894,23713900,23714074,174,mRNA
70895,23714666,23714899,233,mRNA
70896,23722210,23722875,665,mRNA
70897,23729049,23729234,185,mRNA
70898,23730909,23731091,182,mRNA
70899,23731157,23731529,372,mRNA
70900,23731653,23731971,318,mRNA
70901,23732037,23732220,183,mRNA
70902,23732393,23732503,110,mRNA
70903,23732562,23733183,621,mRNA
70904,23718798,23719936,1138,gene
70905,23718798,23719936,1138,mRNA
70906,23718826,23719845,1019,CDS
70907,23720320,23721007,687,gene
70908,23720845,23721007,162,ncRNA
70909,23720320,23720784,464,ncRNA
70910,23722825,23722875,50,CDS
70911,23729049,23729234,185,CDS
70912,23730909,23731091,182,CDS
70913,23731157,23731529,372,CDS
70914,23731653,23731971,318,CDS
70915,23732037,23732220,183,CDS
70916,23732393,23732503,110,CDS
70917,23732562,23732648,86,CDS
70918,23722825,23722875,50,CDS
70919,23729049,23729234,185,CDS
70920,23730909,23731091,182,CDS
70921,23731157,23731529,372,CDS
70922,23731653,23731971,318,CDS
70923,23732037,23732220,183,CDS
70924,23732393,23732503,110,CDS
70925,23732562,23732648,86,CDS
70926,23722825,23722875,50,CDS
70927,23729049,23729234,185,CDS
70928,23730909,23731091,182,CDS
70929,23731157,23731529,372,CDS
70930,23731653,23731971,318,CDS
70931,23732037,23732220,183,CDS
70932,23732393,23732503,110,CDS
70933,23732562,23732648,86,CDS
70934,23729088,23729234,146,CDS
70935,23730909,23731091,182,CDS
70936,23731157,23731529,372,CDS
70937,23731653,23731971,318,CDS
70938,23732037,23732220,183,CDS
70939,23732393,23732503,110,CDS
70940,23732562,23732648,86,CDS
70941,23734033,23734141,108,gene
70942,23734033,23734141,108,precursor_RNA
70943,23734057,23734078,21,ncRNA
70944,23734095,23734116,21,ncRNA
70945,23734904,23746829,11925,gene
70946,23746200,23746829,629,mRNA
70947,23744337,23744614,277,mRNA
70948,23738626,23738871,245,mRNA
70949,23736474,23738424,1950,mRNA
70950,23736314,23736412,98,mRNA
70951,23736002,23736251,249,mRNA
70952,23735854,23735942,88,mRNA
70953,23734904,23735788,884,mRNA
70954,23745098,23745184,86,mRNA
70955,23744337,23744614,277,mRNA
70956,23738626,23738871,245,mRNA
70957,23736474,23738424,1950,mRNA
70958,23736314,23736412,98,mRNA
70959,23736002,23736251,249,mRNA
70960,23735854,23735942,88,mRNA
70961,23734904,23735788,884,mRNA
70962,23744337,23744502,165,CDS
70963,23738626,23738871,245,CDS
70964,23736474,23738424,1950,CDS
70965,23736314,23736412,98,CDS
70966,23736002,23736251,249,CDS
70967,23735854,23735942,88,CDS
70968,23735575,23735788,213,CDS
70969,23744337,23744502,165,CDS
70970,23738626,23738871,245,CDS
70971,23736474,23738424,1950,CDS
70972,23736314,23736412,98,CDS
70973,23736002,23736251,249,CDS
70974,23735854,23735942,88,CDS
70975,23735575,23735788,213,CDS
70976,23747560,23748477,917,gene
70977,23747560,23748477,917,mRNA
70978,23747560,23748218,658,mRNA
70979,23747599,23748144,545,CDS
70980,23747599,23748144,545,CDS
70981,23749318,23749891,573,gene
70982,23749318,23749891,573,mRNA
70983,23749379,23749852,473,CDS
70984,23750646,23751225,579,gene
70985,23750646,23751225,579,mRNA
70986,23750685,23751158,473,CDS
70987,23751915,23752495,580,gene
70988,23751915,23752495,580,mRNA
70989,23751949,23752422,473,CDS
70990,23752754,23753515,761,gene
70991,23752754,23752905,151,mRNA
70992,23752965,23753515,550,mRNA
70993,23752754,23752905,151,mRNA
70994,23752965,23753406,441,mRNA
70995,23752830,23752905,75,CDS
70996,23752965,23753227,262,CDS
70997,23752830,23752905,75,CDS
70998,23752965,23753227,262,CDS
70999,23753477,23798395,44918,gene
71000,23797397,23798395,998,mRNA
71001,23791996,23792119,123,mRNA
71002,23785912,23786355,443,mRNA
71003,23779016,23779111,95,mRNA
71004,23768947,23769076,129,mRNA
71005,23768145,23768407,262,mRNA
71006,23767335,23767439,104,mRNA
71007,23760853,23760995,142,mRNA
71008,23759726,23759781,55,mRNA
71009,23758476,23758602,126,mRNA
71010,23757987,23758151,164,mRNA
71011,23757695,23757926,231,mRNA
71012,23757415,23757494,79,mRNA
71013,23755495,23757166,1671,mRNA
71014,23753477,23754337,860,mRNA
71015,23797397,23798395,998,mRNA
71016,23791996,23792119,123,mRNA
71017,23785912,23786355,443,mRNA
71018,23779016,23779111,95,mRNA
71019,23768947,23769076,129,mRNA
71020,23768145,23768407,262,mRNA
71021,23767335,23767439,104,mRNA
71022,23760853,23760995,142,mRNA
71023,23759726,23759781,55,mRNA
71024,23758476,23758602,126,mRNA
71025,23757987,23758151,164,mRNA
71026,23757695,23757926,231,mRNA
71027,23757415,23757494,79,mRNA
71028,23753714,23754337,623,mRNA
71029,23797397,23798395,998,mRNA
71030,23791996,23792119,123,mRNA
71031,23785912,23786355,443,mRNA
71032,23779016,23779111,95,mRNA
71033,23768947,23769076,129,mRNA
71034,23768145,23768407,262,mRNA
71035,23767335,23767439,104,mRNA
71036,23760853,23760995,142,mRNA
71037,23760622,23760674,52,mRNA
71038,23758476,23758602,126,mRNA
71039,23757987,23758151,164,mRNA
71040,23757695,23757926,231,mRNA
71041,23757415,23757494,79,mRNA
71042,23753714,23754337,623,mRNA
71043,23797397,23798395,998,mRNA
71044,23791996,23792119,123,mRNA
71045,23785912,23786355,443,mRNA
71046,23779016,23779111,95,mRNA
71047,23768947,23769076,129,mRNA
71048,23768145,23768407,262,mRNA
71049,23767335,23767439,104,mRNA
71050,23760853,23760995,142,mRNA
71051,23760622,23760674,52,mRNA
71052,23758476,23758602,126,mRNA
71053,23757987,23758151,164,mRNA
71054,23757695,23757926,231,mRNA
71055,23757415,23757494,79,mRNA
71056,23755495,23756551,1056,mRNA
71057,23753714,23754337,623,mRNA
71058,23797397,23798395,998,mRNA
71059,23791996,23792119,123,mRNA
71060,23785912,23786355,443,mRNA
71061,23779016,23779111,95,mRNA
71062,23768947,23769076,129,mRNA
71063,23768145,23768407,262,mRNA
71064,23767335,23767439,104,mRNA
71065,23760853,23760995,142,mRNA
71066,23760622,23760674,52,mRNA
71067,23758476,23758602,126,mRNA
71068,23757987,23758151,164,mRNA
71069,23757695,23757926,231,mRNA
71070,23757415,23757494,79,mRNA
71071,23756364,23757166,802,mRNA
71072,23753714,23754337,623,mRNA
71073,23791996,23792067,71,CDS
71074,23785912,23786355,443,CDS
71075,23779016,23779111,95,CDS
71076,23768947,23769076,129,CDS
71077,23768145,23768407,262,CDS
71078,23767335,23767439,104,CDS
71079,23760853,23760995,142,CDS
71080,23760622,23760674,52,CDS
71081,23758476,23758602,126,CDS
71082,23757987,23758151,164,CDS
71083,23757695,23757926,231,CDS
71084,23757415,23757494,79,CDS
71085,23756364,23757166,802,CDS
71086,23754309,23754337,28,CDS
71087,23791996,23792067,71,CDS
71088,23785912,23786355,443,CDS
71089,23779016,23779111,95,CDS
71090,23768947,23769076,129,CDS
71091,23768145,23768407,262,CDS
71092,23767335,23767439,104,CDS
71093,23760853,23760995,142,CDS
71094,23759726,23759781,55,CDS
71095,23758476,23758602,126,CDS
71096,23757987,23758151,164,CDS
71097,23757695,23757926,231,CDS
71098,23757415,23757494,79,CDS
71099,23754331,23754337,6,CDS
71100,23791996,23792067,71,CDS
71101,23785912,23786355,443,CDS
71102,23779016,23779111,95,CDS
71103,23768947,23769076,129,CDS
71104,23768145,23768407,262,CDS
71105,23767335,23767439,104,CDS
71106,23760853,23760995,142,CDS
71107,23760622,23760674,52,CDS
71108,23758476,23758602,126,CDS
71109,23757987,23758151,164,CDS
71110,23757695,23757926,231,CDS
71111,23757415,23757494,79,CDS
71112,23754331,23754337,6,CDS
71113,23791996,23792067,71,CDS
71114,23785912,23786355,443,CDS
71115,23779016,23779111,95,CDS
71116,23768947,23769076,129,CDS
71117,23768145,23768407,262,CDS
71118,23767335,23767439,104,CDS
71119,23760853,23760995,142,CDS
71120,23759726,23759781,55,CDS
71121,23758476,23758602,126,CDS
71122,23757987,23758151,164,CDS
71123,23757695,23757926,231,CDS
71124,23757415,23757494,79,CDS
71125,23755771,23757166,1395,CDS
71126,23791996,23792067,71,CDS
71127,23785912,23786355,443,CDS
71128,23779016,23779111,95,CDS
71129,23768947,23769076,129,CDS
71130,23768145,23768407,262,CDS
71131,23767335,23767439,104,CDS
71132,23760853,23760995,142,CDS
71133,23760622,23760674,52,CDS
71134,23758476,23758602,126,CDS
71135,23757987,23758151,164,CDS
71136,23757695,23757926,231,CDS
71137,23757415,23757494,79,CDS
71138,23755771,23756551,780,CDS
71139,23790614,23791227,613,gene
71140,23790614,23791227,613,mRNA
71141,23790719,23791192,473,CDS
71142,23801542,23803070,1528,gene
71143,23801542,23803070,1528,mRNA
71144,23801647,23802267,620,CDS
71145,23804315,23806249,1934,gene
71146,23806196,23806249,53,mRNA
71147,23805980,23806135,155,mRNA
71148,23804532,23804696,164,mRNA
71149,23804315,23804470,155,mRNA
71150,23806196,23806249,53,CDS
71151,23805980,23806135,155,CDS
71152,23804532,23804696,164,CDS
71153,23804315,23804470,155,CDS
71154,23804811,23806144,1333,gene
71155,23804811,23806144,1333,mRNA
71156,23804811,23805888,1077,mRNA
71157,23804939,23805829,890,CDS
71158,23804939,23805829,890,CDS
71159,23806361,23809004,2643,gene
71160,23808810,23809004,194,mRNA
71161,23807161,23808732,1571,mRNA
71162,23806361,23807100,739,mRNA
71163,23808810,23808863,53,CDS
71164,23807161,23808732,1571,CDS
71165,23806555,23807100,545,CDS
71166,23809236,23811398,2162,gene
71167,23809236,23811398,2162,mRNA
71168,23809359,23811326,1967,CDS
71169,23811321,23811974,653,gene
71170,23811939,23811974,35,mRNA
71171,23811795,23811881,86,mRNA
71172,23811321,23811724,403,mRNA
71173,23811939,23811974,35,mRNA
71174,23811795,23811881,86,mRNA
71175,23811321,23811737,416,mRNA
71176,23811939,23811947,8,CDS
71177,23811795,23811881,86,CDS
71178,23811419,23811724,305,CDS
71179,23811939,23811947,8,CDS
71180,23811795,23811881,86,CDS
71181,23811687,23811737,50,CDS
71182,23812185,23818327,6142,gene
71183,23818051,23818327,276,mRNA
71184,23815442,23815601,159,mRNA
71185,23814596,23814734,138,mRNA
71186,23814325,23814533,208,mRNA
71187,23812185,23813505,1320,mRNA
71188,23812185,23814771,2586,gene
71189,23812185,23813547,1362,ncRNA
71190,23813668,23813773,105,ncRNA
71191,23813892,23814771,879,ncRNA
71192,23818051,23818064,13,CDS
71193,23815442,23815601,159,CDS
71194,23814596,23814734,138,CDS
71195,23814325,23814533,208,CDS
71196,23812426,23813505,1079,CDS
71197,23820354,23839864,19510,gene
71198,23820354,23820595,241,mRNA
71199,23829968,23830272,304,mRNA
71200,23830356,23830634,278,mRNA
71201,23833841,23833994,153,mRNA
71202,23834169,23834436,267,mRNA
71203,23834504,23834607,103,mRNA
71204,23834736,23835102,366,mRNA
71205,23835162,23835371,209,mRNA
71206,23835433,23839864,4431,mRNA
71207,23823357,23824868,1511,gene
71208,23824373,23824868,495,mRNA
71209,23823999,23824079,80,mRNA
71210,23823662,23823910,248,mRNA
71211,23823357,23823565,208,mRNA
71212,23824373,23824868,495,CDS
71213,23823999,23824079,80,CDS
71214,23823662,23823910,248,CDS
71215,23823357,23823565,208,CDS
71216,23829996,23830272,276,CDS
71217,23830356,23830634,278,CDS
71218,23833841,23833994,153,CDS
71219,23834169,23834436,267,CDS
71220,23834504,23834607,103,CDS
71221,23834736,23835102,366,CDS
71222,23835162,23835371,209,CDS
71223,23835433,23837340,1907,CDS
71224,23839911,23840064,153,gene
71225,23839911,23840064,153,ncRNA
71226,23840577,23840777,200,gene
71227,23840577,23840777,200,ncRNA
71228,23841461,23843286,1825,gene
71229,23843136,23843286,150,mRNA
71230,23842328,23843078,750,mRNA
71231,23841461,23842252,791,mRNA
71232,23843136,23843194,58,CDS
71233,23842328,23843078,750,CDS
71234,23841695,23842252,557,CDS
71235,23843483,23844763,1280,gene
71236,23844379,23844763,384,mRNA
71237,23843483,23844309,826,mRNA
71238,23844379,23844646,267,CDS
71239,23843723,23844309,586,CDS
71240,23845001,23847024,2023,gene
71241,23845001,23845331,330,mRNA
71242,23845535,23845696,161,mRNA
71243,23845766,23845940,174,mRNA
71244,23846107,23847024,917,mRNA
71245,23845001,23845331,330,mRNA
71246,23845535,23845696,161,mRNA
71247,23845766,23845940,174,mRNA
71248,23846128,23847024,896,mRNA
71249,23845159,23845331,172,CDS
71250,23845535,23845696,161,CDS
71251,23845766,23845940,174,CDS
71252,23846107,23846589,482,CDS
71253,23845159,23845331,172,CDS
71254,23845535,23845696,161,CDS
71255,23845766,23845940,174,CDS
71256,23846128,23846589,461,CDS
71257,23847161,23851480,4319,gene
71258,23851376,23851480,104,mRNA
71259,23851261,23851288,27,mRNA
71260,23850571,23850867,296,mRNA
71261,23847161,23848799,1638,mRNA
71262,23850934,23851073,139,mRNA
71263,23850571,23850867,296,mRNA
71264,23847161,23848799,1638,mRNA
71265,23850571,23850812,241,CDS
71266,23848457,23848799,342,CDS
71267,23850571,23850812,241,CDS
71268,23848457,23848799,342,CDS
71269,23849246,23850301,1055,gene
71270,23849246,23850301,1055,mRNA
71271,23849335,23850072,737,CDS
71272,23850330,23851500,1170,gene
71273,23850330,23851500,1170,ncRNA
71274,23851562,23853247,1685,gene
71275,23851562,23853247,1685,mRNA
71276,23851562,23851601,39,mRNA
71277,23851683,23853247,1564,mRNA
71278,23851755,23853122,1367,CDS
71279,23851755,23853122,1367,CDS
71280,23853270,23858921,5651,gene
71281,23857205,23858921,1716,mRNA
71282,23855518,23855871,353,mRNA
71283,23854493,23855458,965,mRNA
71284,23853750,23854431,681,mRNA
71285,23853270,23853694,424,mRNA
71286,23857190,23858921,1731,mRNA
71287,23855518,23855871,353,mRNA
71288,23854493,23855458,965,mRNA
71289,23853750,23854431,681,mRNA
71290,23853270,23853694,424,mRNA
71291,23857205,23858699,1494,CDS
71292,23855518,23855871,353,CDS
71293,23854493,23855458,965,CDS
71294,23853750,23854431,681,CDS
71295,23853559,23853694,135,CDS
71296,23857190,23858699,1509,CDS
71297,23855518,23855871,353,CDS
71298,23854493,23855458,965,CDS
71299,23853750,23854431,681,CDS
71300,23853559,23853694,135,CDS
71301,23855954,23856936,982,gene
71302,23855954,23856936,982,mRNA
71303,23856259,23856882,623,CDS
71304,23859067,23862593,3526,gene
71305,23861206,23862593,1387,mRNA
71306,23860833,23861143,310,mRNA
71307,23860571,23860775,204,mRNA
71308,23859887,23860515,628,mRNA
71309,23859690,23859827,137,mRNA
71310,23859067,23859617,550,mRNA
71311,23862490,23862593,103,mRNA
71312,23861206,23861457,251,mRNA
71313,23860833,23861143,310,mRNA
71314,23860571,23860775,204,mRNA
71315,23859887,23860515,628,mRNA
71316,23859690,23859827,137,mRNA
71317,23859330,23859617,287,mRNA
71318,23862490,23862593,103,mRNA
71319,23861206,23861460,254,mRNA
71320,23860833,23861143,310,mRNA
71321,23860571,23860775,204,mRNA
71322,23859887,23860515,628,mRNA
71323,23859690,23859827,137,mRNA
71324,23859330,23859617,287,mRNA
71325,23862261,23862593,332,mRNA
71326,23861206,23861457,251,mRNA
71327,23860833,23861143,310,mRNA
71328,23860571,23860775,204,mRNA
71329,23860357,23860515,158,mRNA
71330,23859690,23859827,137,mRNA
71331,23859330,23859617,287,mRNA
71332,23862261,23862593,332,mRNA
71333,23861206,23861457,251,mRNA
71334,23860833,23861143,310,mRNA
71335,23860571,23860775,204,mRNA
71336,23859887,23860515,628,mRNA
71337,23859690,23859827,137,mRNA
71338,23859330,23859617,287,mRNA
71339,23862261,23862593,332,mRNA
71340,23861206,23861460,254,mRNA
71341,23860833,23861143,310,mRNA
71342,23860571,23860775,204,mRNA
71343,23859887,23860515,628,mRNA
71344,23859690,23859827,137,mRNA
71345,23859330,23859617,287,mRNA
71346,23861206,23861446,240,CDS
71347,23860833,23861143,310,CDS
71348,23860571,23860775,204,CDS
71349,23859887,23860515,628,CDS
71350,23859690,23859827,137,CDS
71351,23859546,23859617,71,CDS
71352,23861206,23861446,240,CDS
71353,23860833,23861143,310,CDS
71354,23860571,23860775,204,CDS
71355,23859887,23860515,628,CDS
71356,23859690,23859827,137,CDS
71357,23859546,23859617,71,CDS
71358,23861206,23861446,240,CDS
71359,23860833,23861143,310,CDS
71360,23860571,23860775,204,CDS
71361,23859887,23860515,628,CDS
71362,23859690,23859827,137,CDS
71363,23859546,23859617,71,CDS
71364,23861206,23861446,240,CDS
71365,23860833,23861143,310,CDS
71366,23860571,23860775,204,CDS
71367,23859887,23860515,628,CDS
71368,23859690,23859827,137,CDS
71369,23859546,23859617,71,CDS
71370,23861206,23861446,240,CDS
71371,23860833,23861143,310,CDS
71372,23860571,23860775,204,CDS
71373,23859887,23860515,628,CDS
71374,23859690,23859827,137,CDS
71375,23859546,23859617,71,CDS
71376,23861206,23861446,240,CDS
71377,23860833,23861143,310,CDS
71378,23860571,23860775,204,CDS
71379,23860357,23860515,158,CDS
71380,23859745,23859827,82,CDS
71381,23862962,23865398,2436,gene
71382,23865112,23865398,286,mRNA
71383,23862962,23864408,1446,mRNA
71384,23864760,23864896,136,mRNA
71385,23862962,23864408,1446,mRNA
71386,23864602,23864722,120,mRNA
71387,23862962,23864408,1446,mRNA
71388,23862962,23864382,1420,mRNA
71389,23863170,23864348,1178,CDS
71390,23863170,23864348,1178,CDS
71391,23863170,23864348,1178,CDS
71392,23863170,23864348,1178,CDS
71393,23865414,23866654,1240,gene
71394,23865414,23865773,359,mRNA
71395,23866187,23866385,198,mRNA
71396,23866440,23866654,214,mRNA
71397,23865523,23865773,250,CDS
71398,23866187,23866385,198,CDS
71399,23866440,23866580,140,CDS
71400,23866648,23868603,1955,gene
71401,23868462,23868603,141,mRNA
71402,23868053,23868212,159,mRNA
71403,23867820,23867994,174,mRNA
71404,23866648,23867763,1115,mRNA
71405,23868462,23868525,63,CDS
71406,23868053,23868212,159,CDS
71407,23867820,23867994,174,CDS
71408,23866753,23867763,1010,CDS
71409,23870273,23877442,7169,gene
71410,23870273,23870880,607,mRNA
71411,23874925,23875094,169,mRNA
71412,23875151,23877442,2291,mRNA
71413,23870872,23870880,8,CDS
71414,23874925,23875094,169,CDS
71415,23875151,23876777,1626,CDS
71416,23877783,23878196,413,mobile_element
71417,23878197,23880860,2663,gene
71418,23878197,23878958,761,mRNA
71419,23879624,23879812,188,mRNA
71420,23879875,23880060,185,mRNA
71421,23880154,23880354,200,mRNA
71422,23880431,23880860,429,mRNA
71423,23878507,23879812,1305,mRNA
71424,23879875,23880060,185,mRNA
71425,23880154,23880354,200,mRNA
71426,23880431,23880860,429,mRNA
71427,23878507,23878958,451,mRNA
71428,23879624,23879812,188,mRNA
71429,23879875,23880060,185,mRNA
71430,23880154,23880354,200,mRNA
71431,23880431,23880860,429,mRNA
71432,23878893,23878958,65,CDS
71433,23879624,23879812,188,CDS
71434,23879875,23880060,185,CDS
71435,23880154,23880354,200,CDS
71436,23880431,23880667,236,CDS
71437,23878893,23878958,65,CDS
71438,23879624,23879812,188,CDS
71439,23879875,23880060,185,CDS
71440,23880154,23880354,200,CDS
71441,23880431,23880649,218,CDS
71442,23878893,23879078,185,CDS
71443,23880817,23882927,2110,gene
71444,23882818,23882927,109,mRNA
71445,23882115,23882519,404,mRNA
71446,23881721,23882060,339,mRNA
71447,23880817,23881587,770,mRNA
71448,23882115,23882400,285,mRNA
71449,23881721,23882060,339,mRNA
71450,23880817,23881587,770,mRNA
71451,23882115,23882317,202,CDS
71452,23881721,23882060,339,CDS
71453,23880910,23881587,677,CDS
71454,23882115,23882317,202,CDS
71455,23881721,23882060,339,CDS
71456,23880910,23881587,677,CDS
71457,23883136,23884440,1304,gene
71458,23884036,23884440,404,mRNA
71459,23883747,23883940,193,mRNA
71460,23883136,23883478,342,mRNA
71461,23884036,23884312,276,CDS
71462,23883747,23883940,193,CDS
71463,23883287,23883478,191,CDS
71464,23886973,23888777,1804,gene
71465,23886973,23887126,153,mRNA
71466,23887874,23888064,190,mRNA
71467,23888125,23888402,277,mRNA
71468,23888481,23888777,296,mRNA
71469,23887078,23887126,48,CDS
71470,23887874,23888064,190,CDS
71471,23888125,23888402,277,CDS
71472,23888481,23888745,264,CDS
71473,23888764,23890276,1512,gene
71474,23888764,23890276,1512,mRNA
71475,23889052,23890276,1224,mRNA
71476,23889074,23890192,1118,CDS
71477,23889074,23890192,1118,CDS
71478,23890512,23893177,2665,gene
71479,23890512,23890612,100,mRNA
71480,23890670,23890732,62,mRNA
71481,23890788,23891078,290,mRNA
71482,23891139,23891771,632,mRNA
71483,23891827,23892452,625,mRNA
71484,23892506,23893177,671,mRNA
71485,23890596,23890612,16,CDS
71486,23890670,23890732,62,CDS
71487,23890788,23891078,290,CDS
71488,23891139,23891771,632,CDS
71489,23891827,23892452,625,CDS
71490,23892506,23893119,613,CDS
71491,23893066,23894987,1921,gene
71492,23894675,23894987,312,mRNA
71493,23893475,23894617,1142,mRNA
71494,23893066,23893418,352,mRNA
71495,23894675,23894849,174,mRNA
71496,23893475,23894617,1142,mRNA
71497,23893066,23893418,352,mRNA
71498,23894675,23894767,92,CDS
71499,23893475,23894617,1142,CDS
71500,23893176,23893418,242,CDS
71501,23894675,23894767,92,CDS
71502,23893475,23894617,1142,CDS
71503,23893176,23893418,242,CDS
71504,23895063,23896997,1934,gene
71505,23895063,23895184,121,mRNA
71506,23895245,23896997,1752,mRNA
71507,23895263,23896699,1436,CDS
71508,23896896,23898246,1350,gene
71509,23898055,23898246,191,mRNA
71510,23897715,23897999,284,mRNA
71511,23896896,23897657,761,mRNA
71512,23898055,23898147,92,CDS
71513,23897715,23897999,284,CDS
71514,23897118,23897657,539,CDS
71515,23898561,23903661,5100,gene
71516,23898561,23899264,703,mRNA
71517,23899324,23899446,122,mRNA
71518,23899511,23899680,169,mRNA
71519,23899744,23899934,190,mRNA
71520,23899992,23901955,1963,mRNA
71521,23902020,23902164,144,mRNA
71522,23902232,23902530,298,mRNA
71523,23902592,23902900,308,mRNA
71524,23902959,23903661,702,mRNA
71525,23898561,23899264,703,mRNA
71526,23899324,23899446,122,mRNA
71527,23899511,23899680,169,mRNA
71528,23899744,23899934,190,mRNA
71529,23899992,23901955,1963,mRNA
71530,23902032,23902164,132,mRNA
71531,23902232,23902530,298,mRNA
71532,23902592,23902900,308,mRNA
71533,23902959,23903661,702,mRNA
71534,23898670,23899264,594,CDS
71535,23899324,23899446,122,CDS
71536,23899511,23899680,169,CDS
71537,23899744,23899934,190,CDS
71538,23899992,23901955,1963,CDS
71539,23902020,23902164,144,CDS
71540,23902232,23902530,298,CDS
71541,23902592,23902900,308,CDS
71542,23902959,23903611,652,CDS
71543,23898670,23899264,594,CDS
71544,23899324,23899446,122,CDS
71545,23899511,23899680,169,CDS
71546,23899744,23899934,190,CDS
71547,23899992,23901955,1963,CDS
71548,23902032,23902164,132,CDS
71549,23902232,23902530,298,CDS
71550,23902592,23902900,308,CDS
71551,23902959,23903611,652,CDS
71552,23903750,23905269,1519,gene
71553,23903750,23904241,491,mRNA
71554,23904305,23904377,72,mRNA
71555,23904430,23904605,175,mRNA
71556,23904663,23905269,606,mRNA
71557,23903750,23903970,220,mRNA
71558,23904035,23904241,206,mRNA
71559,23904305,23904377,72,mRNA
71560,23904430,23904605,175,mRNA
71561,23904663,23905269,606,mRNA
71562,23903829,23903970,141,CDS
71563,23904035,23904241,206,CDS
71564,23904305,23904377,72,CDS
71565,23904430,23904605,175,CDS
71566,23904663,23905093,430,CDS
71567,23903977,23904241,264,CDS
71568,23904305,23904377,72,CDS
71569,23904430,23904605,175,CDS
71570,23904663,23905093,430,CDS
71571,23905175,23907294,2119,gene
71572,23907208,23907294,86,mRNA
71573,23906615,23906722,107,mRNA
71574,23906060,23906528,468,mRNA
71575,23905856,23905996,140,mRNA
71576,23905605,23905793,188,mRNA
71577,23905175,23905541,366,mRNA
71578,23907044,23907162,118,mRNA
71579,23906615,23906722,107,mRNA
71580,23906060,23906528,468,mRNA
71581,23905856,23905996,140,mRNA
71582,23905605,23905793,188,mRNA
71583,23905175,23905541,366,mRNA
71584,23906910,23907011,101,mRNA
71585,23906615,23906722,107,mRNA
71586,23906060,23906528,468,mRNA
71587,23905856,23905996,140,mRNA
71588,23905605,23905793,188,mRNA
71589,23905175,23905541,366,mRNA
71590,23906615,23906700,85,CDS
71591,23906060,23906528,468,CDS
71592,23905856,23905996,140,CDS
71593,23905605,23905793,188,CDS
71594,23905314,23905541,227,CDS
71595,23906615,23906700,85,CDS
71596,23906060,23906528,468,CDS
71597,23905856,23905996,140,CDS
71598,23905605,23905793,188,CDS
71599,23905314,23905541,227,CDS
71600,23906615,23906700,85,CDS
71601,23906060,23906528,468,CDS
71602,23905856,23905996,140,CDS
71603,23905605,23905793,188,CDS
71604,23905314,23905541,227,CDS
71605,23905334,23906700,1366,gene
71606,23905334,23905760,426,ncRNA
71607,23905819,23906700,881,ncRNA
71608,23905334,23905755,421,ncRNA
71609,23905819,23906700,881,ncRNA
71610,23907654,23925066,17412,gene
71611,23907654,23908247,593,mRNA
71612,23908474,23908631,157,mRNA
71613,23909678,23909833,155,mRNA
71614,23911677,23911868,191,mRNA
71615,23912188,23912321,133,mRNA
71616,23912384,23912466,82,mRNA
71617,23912532,23912634,102,mRNA
71618,23912729,23912834,105,mRNA
71619,23912897,23913026,129,mRNA
71620,23913086,23913204,118,mRNA
71621,23913268,23913486,218,mRNA
71622,23913542,23913698,156,mRNA
71623,23913758,23914017,259,mRNA
71624,23914079,23914331,252,mRNA
71625,23921965,23922327,362,mRNA
71626,23922392,23922578,186,mRNA
71627,23922641,23922856,215,mRNA
71628,23922922,23923029,107,mRNA
71629,23924002,23924094,92,mRNA
71630,23924416,23924549,133,mRNA
71631,23924616,23924755,139,mRNA
71632,23924818,23925066,248,mRNA
71633,23908151,23908631,480,mRNA
71634,23909678,23909833,155,mRNA
71635,23911677,23911868,191,mRNA
71636,23912188,23912321,133,mRNA
71637,23912384,23912466,82,mRNA
71638,23912532,23912634,102,mRNA
71639,23912729,23912834,105,mRNA
71640,23912897,23913026,129,mRNA
71641,23913086,23913204,118,mRNA
71642,23913268,23913486,218,mRNA
71643,23913542,23913698,156,mRNA
71644,23913758,23914017,259,mRNA
71645,23914079,23914331,252,mRNA
71646,23921965,23922327,362,mRNA
71647,23922392,23922578,186,mRNA
71648,23922641,23922856,215,mRNA
71649,23922922,23923029,107,mRNA
71650,23924002,23924094,92,mRNA
71651,23924416,23924549,133,mRNA
71652,23924616,23924755,139,mRNA
71653,23924818,23925066,248,mRNA
71654,23908398,23908631,233,mRNA
71655,23909678,23909833,155,mRNA
71656,23911677,23911868,191,mRNA
71657,23912188,23912321,133,mRNA
71658,23912384,23912466,82,mRNA
71659,23912532,23912634,102,mRNA
71660,23912729,23912834,105,mRNA
71661,23912897,23913026,129,mRNA
71662,23913086,23913204,118,mRNA
71663,23913268,23913486,218,mRNA
71664,23913542,23913698,156,mRNA
71665,23913758,23914017,259,mRNA
71666,23914079,23914331,252,mRNA
71667,23921965,23922327,362,mRNA
71668,23922392,23922578,186,mRNA
71669,23922641,23922856,215,mRNA
71670,23922922,23923029,107,mRNA
71671,23924416,23924549,133,mRNA
71672,23924616,23924755,139,mRNA
71673,23924818,23925066,248,mRNA
71674,23908398,23908631,233,mRNA
71675,23909678,23909809,131,mRNA
71676,23911677,23911868,191,mRNA
71677,23912188,23912321,133,mRNA
71678,23912384,23912466,82,mRNA
71679,23912532,23912634,102,mRNA
71680,23912729,23912834,105,mRNA
71681,23912897,23913026,129,mRNA
71682,23913086,23913204,118,mRNA
71683,23913268,23913486,218,mRNA
71684,23913542,23913698,156,mRNA
71685,23913758,23914017,259,mRNA
71686,23914079,23914331,252,mRNA
71687,23921965,23922327,362,mRNA
71688,23922392,23922578,186,mRNA
71689,23922641,23922856,215,mRNA
71690,23922922,23923029,107,mRNA
71691,23924002,23924094,92,mRNA
71692,23924416,23924549,133,mRNA
71693,23924616,23924755,139,mRNA
71694,23924818,23925066,248,mRNA
71695,23908474,23908875,401,gene
71696,23908474,23908875,401,ncRNA
71697,23909698,23909833,135,CDS
71698,23911677,23911868,191,CDS
71699,23912188,23912321,133,CDS
71700,23912384,23912466,82,CDS
71701,23912532,23912634,102,CDS
71702,23912729,23912834,105,CDS
71703,23912897,23913026,129,CDS
71704,23913086,23913204,118,CDS
71705,23913268,23913486,218,CDS
71706,23913542,23913698,156,CDS
71707,23913758,23914017,259,CDS
71708,23914079,23914331,252,CDS
71709,23921965,23922327,362,CDS
71710,23922392,23922578,186,CDS
71711,23922641,23922856,215,CDS
71712,23922922,23923029,107,CDS
71713,23924002,23924094,92,CDS
71714,23924416,23924549,133,CDS
71715,23924616,23924755,139,CDS
71716,23924818,23924909,91,CDS
71717,23909698,23909833,135,CDS
71718,23911677,23911868,191,CDS
71719,23912188,23912321,133,CDS
71720,23912384,23912466,82,CDS
71721,23912532,23912634,102,CDS
71722,23912729,23912834,105,CDS
71723,23912897,23913026,129,CDS
71724,23913086,23913204,118,CDS
71725,23913268,23913486,218,CDS
71726,23913542,23913698,156,CDS
71727,23913758,23914017,259,CDS
71728,23914079,23914331,252,CDS
71729,23921965,23922327,362,CDS
71730,23922392,23922578,186,CDS
71731,23922641,23922856,215,CDS
71732,23922922,23923029,107,CDS
71733,23924002,23924094,92,CDS
71734,23924416,23924549,133,CDS
71735,23924616,23924755,139,CDS
71736,23924818,23924909,91,CDS
71737,23909698,23909833,135,CDS
71738,23911677,23911868,191,CDS
71739,23912188,23912321,133,CDS
71740,23912384,23912466,82,CDS
71741,23912532,23912634,102,CDS
71742,23912729,23912834,105,CDS
71743,23912897,23913026,129,CDS
71744,23913086,23913204,118,CDS
71745,23913268,23913486,218,CDS
71746,23913542,23913698,156,CDS
71747,23913758,23914017,259,CDS
71748,23914079,23914331,252,CDS
71749,23921965,23922327,362,CDS
71750,23922392,23922578,186,CDS
71751,23922641,23922856,215,CDS
71752,23922922,23923029,107,CDS
71753,23924416,23924549,133,CDS
71754,23924616,23924755,139,CDS
71755,23924818,23924909,91,CDS
71756,23909698,23909809,111,CDS
71757,23911677,23911868,191,CDS
71758,23912188,23912321,133,CDS
71759,23912384,23912466,82,CDS
71760,23912532,23912634,102,CDS
71761,23912729,23912834,105,CDS
71762,23912897,23913026,129,CDS
71763,23913086,23913204,118,CDS
71764,23913268,23913486,218,CDS
71765,23913542,23913698,156,CDS
71766,23913758,23914017,259,CDS
71767,23914079,23914331,252,CDS
71768,23921965,23922327,362,CDS
71769,23922392,23922578,186,CDS
71770,23922641,23922856,215,CDS
71771,23922922,23923029,107,CDS
71772,23924002,23924094,92,CDS
71773,23924416,23924549,133,CDS
71774,23924616,23924755,139,CDS
71775,23924818,23924909,91,CDS
71776,23910371,23910507,136,mRNA
71777,23911391,23911551,160,mRNA
71778,23911677,23911868,191,mRNA
71779,23912188,23912321,133,mRNA
71780,23912384,23912466,82,mRNA
71781,23912532,23912634,102,mRNA
71782,23912729,23912834,105,mRNA
71783,23912897,23913026,129,mRNA
71784,23913086,23913204,118,mRNA
71785,23913268,23913486,218,mRNA
71786,23913542,23913698,156,mRNA
71787,23913758,23914017,259,mRNA
71788,23914079,23914331,252,mRNA
71789,23921965,23922327,362,mRNA
71790,23922392,23922578,186,mRNA
71791,23922641,23922856,215,mRNA
71792,23922922,23923029,107,mRNA
71793,23924002,23924094,92,mRNA
71794,23924416,23924549,133,mRNA
71795,23924616,23924755,139,mRNA
71796,23924818,23925066,248,mRNA
71797,23910610,23910823,213,mRNA
71798,23911391,23911551,160,mRNA
71799,23911677,23911868,191,mRNA
71800,23912188,23912321,133,mRNA
71801,23912384,23912466,82,mRNA
71802,23912532,23912634,102,mRNA
71803,23912729,23912834,105,mRNA
71804,23912897,23913026,129,mRNA
71805,23913086,23913204,118,mRNA
71806,23913268,23913486,218,mRNA
71807,23913542,23913698,156,mRNA
71808,23913758,23914017,259,mRNA
71809,23914079,23914331,252,mRNA
71810,23921965,23922327,362,mRNA
71811,23922392,23922578,186,mRNA
71812,23922641,23922856,215,mRNA
71813,23922922,23923029,107,mRNA
71814,23923340,23923393,53,mRNA
71815,23924002,23924094,92,mRNA
71816,23924416,23924549,133,mRNA
71817,23924616,23924755,139,mRNA
71818,23924818,23925066,248,mRNA
71819,23910610,23910823,213,mRNA
71820,23911391,23911551,160,mRNA
71821,23911677,23911868,191,mRNA
71822,23912188,23912321,133,mRNA
71823,23912384,23912466,82,mRNA
71824,23912532,23912634,102,mRNA
71825,23912729,23912834,105,mRNA
71826,23912897,23913026,129,mRNA
71827,23913086,23913204,118,mRNA
71828,23913268,23913486,218,mRNA
71829,23913542,23913698,156,mRNA
71830,23913758,23914017,259,mRNA
71831,23914079,23914331,252,mRNA
71832,23921965,23922327,362,mRNA
71833,23922392,23922578,186,mRNA
71834,23922641,23922856,215,mRNA
71835,23922922,23923029,107,mRNA
71836,23924416,23924549,133,mRNA
71837,23924616,23924755,139,mRNA
71838,23924818,23925066,248,mRNA
71839,23911461,23911551,90,CDS
71840,23911677,23911868,191,CDS
71841,23912188,23912321,133,CDS
71842,23912384,23912466,82,CDS
71843,23912532,23912634,102,CDS
71844,23912729,23912834,105,CDS
71845,23912897,23913026,129,CDS
71846,23913086,23913204,118,CDS
71847,23913268,23913486,218,CDS
71848,23913542,23913698,156,CDS
71849,23913758,23914017,259,CDS
71850,23914079,23914331,252,CDS
71851,23921965,23922327,362,CDS
71852,23922392,23922578,186,CDS
71853,23922641,23922856,215,CDS
71854,23922922,23923029,107,CDS
71855,23923340,23923393,53,CDS
71856,23924002,23924094,92,CDS
71857,23924416,23924549,133,CDS
71858,23924616,23924755,139,CDS
71859,23924818,23924909,91,CDS
71860,23911461,23911551,90,CDS
71861,23911677,23911868,191,CDS
71862,23912188,23912321,133,CDS
71863,23912384,23912466,82,CDS
71864,23912532,23912634,102,CDS
71865,23912729,23912834,105,CDS
71866,23912897,23913026,129,CDS
71867,23913086,23913204,118,CDS
71868,23913268,23913486,218,CDS
71869,23913542,23913698,156,CDS
71870,23913758,23914017,259,CDS
71871,23914079,23914331,252,CDS
71872,23921965,23922327,362,CDS
71873,23922392,23922578,186,CDS
71874,23922641,23922856,215,CDS
71875,23922922,23923029,107,CDS
71876,23924002,23924094,92,CDS
71877,23924416,23924549,133,CDS
71878,23924616,23924755,139,CDS
71879,23924818,23924909,91,CDS
71880,23911461,23911551,90,CDS
71881,23911677,23911868,191,CDS
71882,23912188,23912321,133,CDS
71883,23912384,23912466,82,CDS
71884,23912532,23912634,102,CDS
71885,23912729,23912834,105,CDS
71886,23912897,23913026,129,CDS
71887,23913086,23913204,118,CDS
71888,23913268,23913486,218,CDS
71889,23913542,23913698,156,CDS
71890,23913758,23914017,259,CDS
71891,23914079,23914331,252,CDS
71892,23921965,23922327,362,CDS
71893,23922392,23922578,186,CDS
71894,23922641,23922856,215,CDS
71895,23922922,23923029,107,CDS
71896,23924416,23924549,133,CDS
71897,23924616,23924755,139,CDS
71898,23924818,23924909,91,CDS
71899,23914354,23921920,7566,mobile_element
71900,23925077,23935884,10807,gene
71901,23932667,23933444,777,mRNA
71902,23932574,23932591,17,mRNA
71903,23932406,23932488,82,mRNA
71904,23930158,23932329,2171,mRNA
71905,23929983,23930098,115,mRNA
71906,23929682,23929918,236,mRNA
71907,23929500,23929617,117,mRNA
71908,23929314,23929431,117,mRNA
71909,23925077,23927742,2665,mRNA
71910,23925236,23926911,1675,gene
71911,23925236,23925424,188,mRNA
71912,23925582,23925739,157,mRNA
71913,23925809,23926211,402,mRNA
71914,23926277,23926500,223,mRNA
71915,23926561,23926911,350,mRNA
71916,23925389,23925424,35,CDS
71917,23925582,23925739,157,CDS
71918,23925809,23926211,402,CDS
71919,23926277,23926500,223,CDS
71920,23926561,23926786,225,CDS
71921,23932667,23933444,777,mRNA
71922,23932574,23932591,17,mRNA
71923,23932406,23932488,82,mRNA
71924,23930158,23932329,2171,mRNA
71925,23929983,23930098,115,mRNA
71926,23929682,23929918,236,mRNA
71927,23929500,23929617,117,mRNA
71928,23929314,23929431,117,mRNA
71929,23926932,23927181,249,mRNA
71930,23932667,23932784,117,CDS
71931,23932574,23932591,17,CDS
71932,23932406,23932488,82,CDS
71933,23930158,23932329,2171,CDS
71934,23929983,23930098,115,CDS
71935,23929682,23929918,236,CDS
71936,23929500,23929617,117,CDS
71937,23929314,23929431,117,CDS
71938,23927153,23927181,28,CDS
71939,23933259,23933444,185,mRNA
71940,23932667,23932814,147,mRNA
71941,23932574,23932591,17,mRNA
71942,23932406,23932488,82,mRNA
71943,23930158,23932329,2171,mRNA
71944,23929983,23930098,115,mRNA
71945,23929682,23929918,236,mRNA
71946,23929500,23929617,117,mRNA
71947,23927482,23929431,1949,mRNA
71948,23932667,23932784,117,CDS
71949,23932574,23932591,17,CDS
71950,23932406,23932488,82,CDS
71951,23930158,23932329,2171,CDS
71952,23929983,23930098,115,CDS
71953,23929682,23929918,236,CDS
71954,23929500,23929617,117,CDS
71955,23929314,23929431,117,CDS
71956,23927723,23927742,19,CDS
71957,23935825,23935884,59,mRNA
71958,23932667,23932814,147,mRNA
71959,23932574,23932591,17,mRNA
71960,23932406,23932488,82,mRNA
71961,23930158,23932329,2171,mRNA
71962,23929983,23930098,115,mRNA
71963,23929682,23929918,236,mRNA
71964,23929500,23929617,117,mRNA
71965,23929115,23929431,316,mRNA
71966,23935580,23935680,100,mRNA
71967,23932667,23932814,147,mRNA
71968,23932574,23932591,17,mRNA
71969,23932406,23932488,82,mRNA
71970,23930158,23932329,2171,mRNA
71971,23929983,23930098,115,mRNA
71972,23929682,23929918,236,mRNA
71973,23929500,23929617,117,mRNA
71974,23929115,23929431,316,mRNA
71975,23933909,23934084,175,mRNA
71976,23932667,23932814,147,mRNA
71977,23932574,23932591,17,mRNA
71978,23932406,23932488,82,mRNA
71979,23930158,23932329,2171,mRNA
71980,23929983,23930098,115,mRNA
71981,23929682,23929918,236,mRNA
71982,23929500,23929617,117,mRNA
71983,23929115,23929431,316,mRNA
71984,23933691,23933740,49,mRNA
71985,23932667,23932814,147,mRNA
71986,23932574,23932591,17,mRNA
71987,23932406,23932488,82,mRNA
71988,23930158,23932329,2171,mRNA
71989,23929983,23930098,115,mRNA
71990,23929682,23929918,236,mRNA
71991,23929500,23929617,117,mRNA
71992,23929115,23929431,316,mRNA
71993,23933259,23933444,185,mRNA
71994,23932667,23932814,147,mRNA
71995,23932574,23932591,17,mRNA
71996,23932406,23932488,82,mRNA
71997,23930158,23932329,2171,mRNA
71998,23929983,23930098,115,mRNA
71999,23929682,23929918,236,mRNA
72000,23929500,23929617,117,mRNA
72001,23929115,23929431,316,mRNA
72002,23932667,23933444,777,mRNA
72003,23932574,23932591,17,mRNA
72004,23932406,23932488,82,mRNA
72005,23930158,23932329,2171,mRNA
72006,23929983,23930098,115,mRNA
72007,23929682,23929918,236,mRNA
72008,23929500,23929617,117,mRNA
72009,23929115,23929431,316,mRNA
72010,23932667,23932784,117,CDS
72011,23932574,23932591,17,CDS
72012,23932406,23932488,82,CDS
72013,23930158,23932329,2171,CDS
72014,23929983,23930098,115,CDS
72015,23929682,23929918,236,CDS
72016,23929500,23929617,117,CDS
72017,23929231,23929431,200,CDS
72018,23932667,23932784,117,CDS
72019,23932574,23932591,17,CDS
72020,23932406,23932488,82,CDS
72021,23930158,23932329,2171,CDS
72022,23929983,23930098,115,CDS
72023,23929682,23929918,236,CDS
72024,23929500,23929617,117,CDS
72025,23929231,23929431,200,CDS
72026,23932667,23932784,117,CDS
72027,23932574,23932591,17,CDS
72028,23932406,23932488,82,CDS
72029,23930158,23932329,2171,CDS
72030,23929983,23930098,115,CDS
72031,23929682,23929918,236,CDS
72032,23929500,23929617,117,CDS
72033,23929231,23929431,200,CDS
72034,23932667,23932784,117,CDS
72035,23932574,23932591,17,CDS
72036,23932406,23932488,82,CDS
72037,23930158,23932329,2171,CDS
72038,23929983,23930098,115,CDS
72039,23929682,23929918,236,CDS
72040,23929500,23929617,117,CDS
72041,23929231,23929431,200,CDS
72042,23932667,23932784,117,CDS
72043,23932574,23932591,17,CDS
72044,23932406,23932488,82,CDS
72045,23930158,23932329,2171,CDS
72046,23929983,23930098,115,CDS
72047,23929682,23929918,236,CDS
72048,23929500,23929617,117,CDS
72049,23929231,23929431,200,CDS
72050,23932667,23932784,117,CDS
72051,23932574,23932591,17,CDS
72052,23932406,23932488,82,CDS
72053,23930158,23932329,2171,CDS
72054,23929983,23930098,115,CDS
72055,23929682,23929918,236,CDS
72056,23929500,23929617,117,CDS
72057,23929231,23929431,200,CDS
72058,23932667,23932784,117,CDS
72059,23932574,23932591,17,CDS
72060,23932406,23932488,82,CDS
72061,23930158,23932329,2171,CDS
72062,23929983,23930098,115,CDS
72063,23929682,23929918,236,CDS
72064,23929500,23929617,117,CDS
72065,23929231,23929431,200,CDS
72066,23937077,23939754,2677,gene
72067,23939421,23939754,333,mRNA
72068,23938659,23939363,704,mRNA
72069,23937077,23938603,1526,mRNA
72070,23939421,23939754,333,mRNA
72071,23938659,23939363,704,mRNA
72072,23937395,23938603,1208,mRNA
72073,23939421,23939682,261,CDS
72074,23938659,23939363,704,CDS
72075,23937468,23938603,1135,CDS
72076,23939421,23939682,261,CDS
72077,23938659,23939363,704,CDS
72078,23937468,23938603,1135,CDS
72079,23940410,23942114,1704,gene
72080,23940410,23940526,116,mRNA
72081,23941057,23941180,123,mRNA
72082,23941240,23942114,874,mRNA
72083,23940430,23940526,96,CDS
72084,23941057,23941180,123,CDS
72085,23941240,23942014,774,CDS
72086,23942538,23946936,4398,gene
72087,23942538,23942814,276,mRNA
72088,23944230,23944740,510,mRNA
72089,23944807,23944903,96,mRNA
72090,23944960,23945080,120,mRNA
72091,23945696,23945824,128,mRNA
72092,23945898,23946077,179,mRNA
72093,23946137,23946261,124,mRNA
72094,23946438,23946520,82,mRNA
72095,23946601,23946936,335,mRNA
72096,23942538,23942814,276,mRNA
72097,23944230,23944740,510,mRNA
72098,23944807,23944903,96,mRNA
72099,23944960,23945080,120,mRNA
72100,23945696,23945824,128,mRNA
72101,23945898,23946077,179,mRNA
72102,23946137,23946261,124,mRNA
72103,23946447,23946520,73,mRNA
72104,23946601,23946936,335,mRNA
72105,23942538,23942601,63,mRNA
72106,23944230,23944740,510,mRNA
72107,23944807,23944903,96,mRNA
72108,23944960,23945080,120,mRNA
72109,23945696,23945824,128,mRNA
72110,23945898,23946077,179,mRNA
72111,23946137,23946261,124,mRNA
72112,23946438,23946520,82,mRNA
72113,23946601,23946936,335,mRNA
72114,23942538,23942601,63,mRNA
72115,23944230,23944740,510,mRNA
72116,23944807,23944903,96,mRNA
72117,23944960,23945080,120,mRNA
72118,23945696,23945824,128,mRNA
72119,23945898,23946077,179,mRNA
72120,23946137,23946261,124,mRNA
72121,23946447,23946520,73,mRNA
72122,23946601,23946936,335,mRNA
72123,23943977,23944740,763,mRNA
72124,23944807,23944903,96,mRNA
72125,23944960,23945080,120,mRNA
72126,23945696,23945824,128,mRNA
72127,23945898,23946077,179,mRNA
72128,23946137,23946261,124,mRNA
72129,23946447,23946520,73,mRNA
72130,23946601,23946936,335,mRNA
72131,23944465,23944740,275,CDS
72132,23944807,23944903,96,CDS
72133,23944960,23945080,120,CDS
72134,23945696,23945824,128,CDS
72135,23945898,23946077,179,CDS
72136,23946137,23946261,124,CDS
72137,23946438,23946520,82,CDS
72138,23946601,23946747,146,CDS
72139,23944465,23944740,275,CDS
72140,23944807,23944903,96,CDS
72141,23944960,23945080,120,CDS
72142,23945696,23945824,128,CDS
72143,23945898,23946077,179,CDS
72144,23946137,23946261,124,CDS
72145,23946438,23946520,82,CDS
72146,23946601,23946747,146,CDS
72147,23944465,23944740,275,CDS
72148,23944807,23944903,96,CDS
72149,23944960,23945080,120,CDS
72150,23945696,23945824,128,CDS
72151,23945898,23946077,179,CDS
72152,23946137,23946261,124,CDS
72153,23946447,23946520,73,CDS
72154,23946601,23946747,146,CDS
72155,23944465,23944740,275,CDS
72156,23944807,23944903,96,CDS
72157,23944960,23945080,120,CDS
72158,23945696,23945824,128,CDS
72159,23945898,23946077,179,CDS
72160,23946137,23946261,124,CDS
72161,23946447,23946520,73,CDS
72162,23946601,23946747,146,CDS
72163,23944465,23944740,275,CDS
72164,23944807,23944903,96,CDS
72165,23944960,23945080,120,CDS
72166,23945696,23945824,128,CDS
72167,23945898,23946077,179,CDS
72168,23946137,23946261,124,CDS
72169,23946447,23946520,73,CDS
72170,23946601,23946747,146,CDS
72171,23946959,23949076,2117,gene
72172,23948489,23948616,127,mRNA
72173,23948352,23948397,45,mRNA
72174,23947616,23947652,36,mRNA
72175,23946959,23947340,381,mRNA
72176,23948489,23948557,68,CDS
72177,23948352,23948397,45,CDS
72178,23947616,23947652,36,CDS
72179,23947091,23947340,249,CDS
72180,23948489,23949076,587,mRNA
72181,23948352,23948397,45,mRNA
72182,23947759,23948195,436,mRNA
72183,23948489,23948616,127,mRNA
72184,23948352,23948397,45,mRNA
72185,23947759,23948195,436,mRNA
72186,23948489,23948557,68,CDS
72187,23948352,23948397,45,CDS
72188,23947927,23948195,268,CDS
72189,23948489,23948557,68,CDS
72190,23948352,23948397,45,CDS
72191,23947927,23948195,268,CDS
72192,23949201,23952459,3258,gene
72193,23949201,23949476,275,mRNA
72194,23949542,23949643,101,mRNA
72195,23949715,23949922,207,mRNA
72196,23949983,23950182,199,mRNA
72197,23950245,23950389,144,mRNA
72198,23950454,23950569,115,mRNA
72199,23952153,23952459,306,mRNA
72200,23949354,23949476,122,mRNA
72201,23949542,23949643,101,mRNA
72202,23949715,23949922,207,mRNA
72203,23949983,23950182,199,mRNA
72204,23950245,23950389,144,mRNA
72205,23950454,23950569,115,mRNA
72206,23952153,23952459,306,mRNA
72207,23949429,23949476,47,CDS
72208,23949542,23949643,101,CDS
72209,23949715,23949922,207,CDS
72210,23949983,23950182,199,CDS
72211,23950245,23950389,144,CDS
72212,23950454,23950569,115,CDS
72213,23952153,23952434,281,CDS
72214,23949429,23949476,47,CDS
72215,23949542,23949643,101,CDS
72216,23949715,23949922,207,CDS
72217,23949983,23950182,199,CDS
72218,23950245,23950389,144,CDS
72219,23950454,23950569,115,CDS
72220,23952153,23952434,281,CDS
72221,23950647,23952096,1449,gene
72222,23950647,23952096,1449,mRNA
72223,23950686,23952041,1355,CDS
72224,23952513,23954048,1535,gene
72225,23953823,23954048,225,mRNA
72226,23953639,23953741,102,mRNA
72227,23953449,23953581,132,mRNA
72228,23952513,23953390,877,mRNA
72229,23953823,23953915,92,CDS
72230,23953639,23953741,102,CDS
72231,23953449,23953581,132,CDS
72232,23952538,23953390,852,CDS
72233,23954091,23956406,2315,gene
72234,23954091,23954238,147,mRNA
72235,23954299,23955093,794,mRNA
72236,23955148,23955260,112,mRNA
72237,23955319,23955406,87,mRNA
72238,23955460,23955996,536,mRNA
72239,23956053,23956406,353,mRNA
72240,23954164,23954238,74,CDS
72241,23954299,23955093,794,CDS
72242,23955148,23955260,112,CDS
72243,23955319,23955406,87,CDS
72244,23955460,23955996,536,CDS
72245,23956053,23956295,242,CDS
72246,23956335,23957405,1070,gene
72247,23956335,23957405,1070,mRNA
72248,23956421,23957182,761,CDS
72249,23957842,23961631,3789,gene
72250,23957842,23958219,377,mRNA
72251,23958332,23958512,180,mRNA
72252,23958573,23960080,1507,mRNA
72253,23960139,23960459,320,mRNA
72254,23960513,23960719,206,mRNA
72255,23961220,23961631,411,mRNA
72256,23957842,23958219,377,mRNA
72257,23958332,23958512,180,mRNA
72258,23958573,23960080,1507,mRNA
72259,23960139,23960459,320,mRNA
72260,23960513,23960719,206,mRNA
72261,23961220,23961631,411,mRNA
72262,23958190,23958219,29,CDS
72263,23958332,23958512,180,CDS
72264,23958573,23960080,1507,CDS
72265,23960139,23960459,320,CDS
72266,23960513,23960719,206,CDS
72267,23961220,23961405,185,CDS
72268,23958190,23958219,29,CDS
72269,23958332,23958512,180,CDS
72270,23958573,23960080,1507,CDS
72271,23960139,23960459,320,CDS
72272,23960513,23960719,206,CDS
72273,23961220,23961336,116,CDS
72274,23961477,23962577,1100,gene
72275,23962406,23962577,171,mRNA
72276,23962146,23962339,193,mRNA
72277,23962002,23962081,79,mRNA
72278,23961477,23961947,470,mRNA
72279,23962406,23962447,41,CDS
72280,23962146,23962339,193,CDS
72281,23962002,23962081,79,CDS
72282,23961655,23961947,292,CDS
72283,23962956,23964641,1685,gene
72284,23962956,23963247,291,mRNA
72285,23963307,23963493,186,mRNA
72286,23963546,23963717,171,mRNA
72287,23963775,23964310,535,mRNA
72288,23964375,23964641,266,mRNA
72289,23963060,23963247,187,CDS
72290,23963307,23963493,186,CDS
72291,23963546,23963717,171,CDS
72292,23963775,23964310,535,CDS
72293,23964375,23964542,167,CDS
72294,23964772,23966757,1985,gene
72295,23964772,23966127,1355,mRNA
72296,23966272,23966757,485,mRNA
72297,23964885,23966127,1242,CDS
72298,23966272,23966648,376,CDS
72299,23967124,23967745,621,gene
72300,23967658,23967745,87,mRNA
72301,23967516,23967606,90,mRNA
72302,23967124,23967462,338,mRNA
72303,23967658,23967692,34,CDS
72304,23967516,23967606,90,CDS
72305,23967169,23967462,293,CDS
72306,23967939,23968943,1004,gene
72307,23967939,23968088,149,mRNA
72308,23968153,23968244,91,mRNA
72309,23968306,23968508,202,mRNA
72310,23968566,23968943,377,mRNA
72311,23968020,23968088,68,CDS
72312,23968153,23968244,91,CDS
72313,23968306,23968508,202,CDS
72314,23968566,23968777,211,CDS
72315,23968941,23970073,1132,gene
72316,23969596,23970073,477,mRNA
72317,23968941,23969532,591,mRNA
72318,23969596,23970073,477,mRNA
72319,23969061,23969532,471,mRNA
72320,23969596,23970006,410,CDS
72321,23969143,23969532,389,CDS
72322,23969596,23970006,410,CDS
72323,23969143,23969532,389,CDS
72324,23970305,23972233,1928,gene
72325,23970305,23972233,1928,mRNA
72326,23970305,23970685,380,mRNA
72327,23970756,23972233,1477,mRNA
72328,23970305,23970593,288,mRNA
72329,23970653,23972020,1367,mRNA
72330,23970695,23971897,1202,CDS
72331,23970695,23971897,1202,CDS
72332,23970761,23971897,1136,CDS
72333,23972431,23975408,2977,gene
72334,23972431,23972571,140,mRNA
72335,23972633,23973149,516,mRNA
72336,23973206,23973444,238,mRNA
72337,23973520,23973700,180,mRNA
72338,23973760,23974461,701,mRNA
72339,23974513,23974776,263,mRNA
72340,23974842,23975083,241,mRNA
72341,23975140,23975408,268,mRNA
72342,23972509,23972571,62,CDS
72343,23972633,23973149,516,CDS
72344,23973206,23973444,238,CDS
72345,23973520,23973700,180,CDS
72346,23973760,23974461,701,CDS
72347,23974513,23974776,263,CDS
72348,23974842,23975083,241,CDS
72349,23975140,23975340,200,CDS
72350,23975599,23977255,1656,gene
72351,23976148,23977255,1107,mRNA
72352,23975599,23976087,488,mRNA
72353,23976148,23976891,743,CDS
72354,23975878,23976087,209,CDS
72355,23978801,23985177,6376,gene
72356,23978801,23980745,1944,mRNA
72357,23983544,23985177,1633,mRNA
72358,23979099,23980745,1646,mRNA
72359,23983544,23985177,1633,mRNA
72360,23979895,23980745,850,mRNA
72361,23983544,23985177,1633,mRNA
72362,23980212,23980745,533,CDS
72363,23983544,23985019,1475,CDS
72364,23980212,23980745,533,CDS
72365,23983544,23985019,1475,CDS
72366,23980212,23980745,533,CDS
72367,23983544,23985019,1475,CDS
72368,23985175,23988455,3280,gene
72369,23988114,23988455,341,mRNA
72370,23987618,23987675,57,mRNA
72371,23987467,23987554,87,mRNA
72372,23987337,23987409,72,mRNA
72373,23986262,23986394,132,mRNA
72374,23986160,23986208,48,mRNA
72375,23985763,23986101,338,mRNA
72376,23985175,23985695,520,mRNA
72377,23988114,23988455,341,mRNA
72378,23987618,23987675,57,mRNA
72379,23987467,23987554,87,mRNA
72380,23987337,23987409,72,mRNA
72381,23986262,23986394,132,mRNA
72382,23986160,23986208,48,mRNA
72383,23985763,23986101,338,mRNA
72384,23985339,23985695,356,mRNA
72385,23988114,23988302,188,CDS
72386,23987618,23987675,57,CDS
72387,23987467,23987554,87,CDS
72388,23987337,23987409,72,CDS
72389,23986262,23986394,132,CDS
72390,23986160,23986208,48,CDS
72391,23985763,23986101,338,CDS
72392,23985527,23985695,168,CDS
72393,23988114,23988302,188,CDS
72394,23987618,23987675,57,CDS
72395,23987467,23987554,87,CDS
72396,23987337,23987409,72,CDS
72397,23986262,23986394,132,CDS
72398,23986160,23986208,48,CDS
72399,23985763,23986101,338,CDS
72400,23985527,23985695,168,CDS
72401,23986615,23987308,693,gene
72402,23986615,23987308,693,mRNA
72403,23986720,23987283,563,CDS
72404,23988738,23992049,3311,gene
72405,23988738,23988918,180,mRNA
72406,23988987,23991614,2627,mRNA
72407,23991675,23992049,374,mRNA
72408,23988831,23988918,87,CDS
72409,23988987,23991614,2627,CDS
72410,23991675,23991916,241,CDS
72411,23992138,23995055,2917,gene
72412,23994828,23995055,227,mRNA
72413,23994533,23994744,211,mRNA
72414,23994250,23994470,220,mRNA
72415,23993639,23993897,258,mRNA
72416,23993381,23993578,197,mRNA
72417,23993115,23993316,201,mRNA
72418,23992928,23993053,125,mRNA
72419,23992635,23992858,223,mRNA
72420,23992138,23992574,436,mRNA
72421,23994828,23995055,227,mRNA
72422,23994533,23994744,211,mRNA
72423,23994250,23994470,220,mRNA
72424,23993639,23993897,258,mRNA
72425,23993381,23993578,197,mRNA
72426,23993109,23993316,207,mRNA
72427,23992928,23993053,125,mRNA
72428,23992635,23992858,223,mRNA
72429,23992138,23992574,436,mRNA
72430,23994533,23994567,34,CDS
72431,23994250,23994470,220,CDS
72432,23993639,23993897,258,CDS
72433,23993381,23993578,197,CDS
72434,23993115,23993316,201,CDS
72435,23992928,23993053,125,CDS
72436,23992635,23992858,223,CDS
72437,23992472,23992574,102,CDS
72438,23994533,23994567,34,CDS
72439,23994250,23994470,220,CDS
72440,23993639,23993897,258,CDS
72441,23993381,23993578,197,CDS
72442,23993109,23993316,207,CDS
72443,23992928,23993053,125,CDS
72444,23992635,23992858,223,CDS
72445,23992472,23992574,102,CDS
72446,23993054,23993114,60,gene
72447,23993054,23993114,60,precursor_RNA
72448,23993054,23993076,22,ncRNA
72449,23995543,24014254,18711,gene
72450,24013853,24014254,401,mRNA
72451,24012914,24013035,121,mRNA
72452,24012724,24012855,131,mRNA
72453,24012489,24012659,170,mRNA
72454,24012268,24012433,165,mRNA
72455,24010923,24011015,92,mRNA
72456,24009571,24010783,1212,mRNA
72457,24007834,24008145,311,mRNA
72458,24007610,24007766,156,mRNA
72459,24007461,24007546,85,mRNA
72460,24007265,24007400,135,mRNA
72461,24007016,24007200,184,mRNA
72462,24006394,24006954,560,mRNA
72463,24005422,24006282,860,mRNA
72464,24005261,24005366,105,mRNA
72465,24005023,24005204,181,mRNA
72466,24003957,24004123,166,mRNA
72467,24003776,24003890,114,mRNA
72468,24003472,24003711,239,mRNA
72469,24003048,24003416,368,mRNA
72470,24002728,24002984,256,mRNA
72471,24002451,24002662,211,mRNA
72472,24002261,24002400,139,mRNA
72473,24002009,24002201,192,mRNA
72474,24000958,24001950,992,mRNA
72475,24000597,24000898,301,mRNA
72476,24000362,24000543,181,mRNA
72477,24000131,24000300,169,mRNA
72478,23999936,24000076,140,mRNA
72479,23999695,23999880,185,mRNA
72480,23999399,23999636,237,mRNA
72481,23998744,23999325,581,mRNA
72482,23997967,23998667,700,mRNA
72483,23997772,23997904,132,mRNA
72484,23996058,23997709,1651,mRNA
72485,23995881,23995986,105,mRNA
72486,23995543,23995822,279,mRNA
72487,24013853,24014254,401,mRNA
72488,24012914,24013035,121,mRNA
72489,24012724,24012855,131,mRNA
72490,24012489,24012659,170,mRNA
72491,24012268,24012433,165,mRNA
72492,24010923,24011015,92,mRNA
72493,24008701,24010783,2082,mRNA
72494,24007834,24008145,311,mRNA
72495,24007610,24007766,156,mRNA
72496,24007461,24007546,85,mRNA
72497,24007265,24007400,135,mRNA
72498,24007016,24007200,184,mRNA
72499,24006394,24006954,560,mRNA
72500,24005422,24006282,860,mRNA
72501,24005261,24005366,105,mRNA
72502,24005023,24005204,181,mRNA
72503,24003957,24004123,166,mRNA
72504,24003776,24003890,114,mRNA
72505,24003472,24003711,239,mRNA
72506,24003048,24003416,368,mRNA
72507,24002728,24002984,256,mRNA
72508,24002451,24002662,211,mRNA
72509,24002261,24002400,139,mRNA
72510,24002009,24002201,192,mRNA
72511,24000958,24001950,992,mRNA
72512,24000597,24000898,301,mRNA
72513,24000362,24000543,181,mRNA
72514,24000131,24000300,169,mRNA
72515,23999936,24000076,140,mRNA
72516,23999695,23999880,185,mRNA
72517,23999399,23999636,237,mRNA
72518,23998744,23999325,581,mRNA
72519,23997967,23998667,700,mRNA
72520,23997772,23997904,132,mRNA
72521,23996058,23997709,1651,mRNA
72522,23995881,23995986,105,mRNA
72523,23995543,23995822,279,mRNA
72524,24013853,24014254,401,mRNA
72525,24012914,24013035,121,mRNA
72526,24012724,24012855,131,mRNA
72527,24012489,24012659,170,mRNA
72528,24012268,24012433,165,mRNA
72529,24010923,24011015,92,mRNA
72530,24008701,24010783,2082,mRNA
72531,24007834,24008145,311,mRNA
72532,24007610,24007766,156,mRNA
72533,24007461,24007546,85,mRNA
72534,24007265,24007400,135,mRNA
72535,24007016,24007200,184,mRNA
72536,24006394,24006954,560,mRNA
72537,24005422,24006282,860,mRNA
72538,24005261,24005366,105,mRNA
72539,24005023,24005204,181,mRNA
72540,24004789,24004863,74,mRNA
72541,24003957,24004123,166,mRNA
72542,24003776,24003890,114,mRNA
72543,24003472,24003711,239,mRNA
72544,24003048,24003416,368,mRNA
72545,24002728,24002984,256,mRNA
72546,24002451,24002662,211,mRNA
72547,24002261,24002400,139,mRNA
72548,24002009,24002201,192,mRNA
72549,24000958,24001950,992,mRNA
72550,24000597,24000898,301,mRNA
72551,24000362,24000543,181,mRNA
72552,24000131,24000300,169,mRNA
72553,23999936,24000076,140,mRNA
72554,23999695,23999880,185,mRNA
72555,23999399,23999636,237,mRNA
72556,23998744,23999325,581,mRNA
72557,23997967,23998667,700,mRNA
72558,23997772,23997904,132,mRNA
72559,23996058,23997709,1651,mRNA
72560,23995881,23995986,105,mRNA
72561,23995543,23995822,279,mRNA
72562,24013853,24014254,401,mRNA
72563,24012914,24013038,124,mRNA
72564,24012724,24012855,131,mRNA
72565,24012489,24012659,170,mRNA
72566,24012268,24012433,165,mRNA
72567,24010923,24011015,92,mRNA
72568,24008701,24010783,2082,mRNA
72569,24007834,24008145,311,mRNA
72570,24007610,24007766,156,mRNA
72571,24007461,24007546,85,mRNA
72572,24007265,24007400,135,mRNA
72573,24007016,24007200,184,mRNA
72574,24006394,24006954,560,mRNA
72575,24005422,24006282,860,mRNA
72576,24005261,24005366,105,mRNA
72577,24005023,24005204,181,mRNA
72578,24003957,24004123,166,mRNA
72579,24003776,24003890,114,mRNA
72580,24003472,24003711,239,mRNA
72581,24003048,24003416,368,mRNA
72582,24002728,24002984,256,mRNA
72583,24002451,24002662,211,mRNA
72584,24002261,24002400,139,mRNA
72585,24002009,24002201,192,mRNA
72586,24000958,24001950,992,mRNA
72587,24000597,24000898,301,mRNA
72588,24000362,24000543,181,mRNA
72589,24000131,24000300,169,mRNA
72590,23999936,24000076,140,mRNA
72591,23999695,23999880,185,mRNA
72592,23999399,23999636,237,mRNA
72593,23998744,23999325,581,mRNA
72594,23997967,23998667,700,mRNA
72595,23997772,23997904,132,mRNA
72596,23996058,23997709,1651,mRNA
72597,23995881,23995986,105,mRNA
72598,23995543,23995822,279,mRNA
72599,24011954,24012022,68,mRNA
72600,24010923,24011015,92,mRNA
72601,24008701,24008798,97,mRNA
72602,24007834,24008145,311,mRNA
72603,24007610,24007766,156,mRNA
72604,24007461,24007546,85,mRNA
72605,24007265,24007400,135,mRNA
72606,24007016,24007200,184,mRNA
72607,24006394,24006954,560,mRNA
72608,24005422,24006282,860,mRNA
72609,24005261,24005366,105,mRNA
72610,24005023,24005204,181,mRNA
72611,24004789,24004863,74,mRNA
72612,24003957,24004123,166,mRNA
72613,24003776,24003890,114,mRNA
72614,24003472,24003711,239,mRNA
72615,24003048,24003416,368,mRNA
72616,24002728,24002984,256,mRNA
72617,24002451,24002662,211,mRNA
72618,24002261,24002400,139,mRNA
72619,24002009,24002201,192,mRNA
72620,24000958,24001950,992,mRNA
72621,24000597,24000898,301,mRNA
72622,24000362,24000543,181,mRNA
72623,24000131,24000300,169,mRNA
72624,23999936,24000076,140,mRNA
72625,23999695,23999880,185,mRNA
72626,23999399,23999636,237,mRNA
72627,23998744,23999325,581,mRNA
72628,23997967,23998667,700,mRNA
72629,23997772,23997904,132,mRNA
72630,23996058,23997709,1651,mRNA
72631,23995881,23995986,105,mRNA
72632,23995543,23995822,279,mRNA
72633,24011954,24012022,68,mRNA
72634,24010923,24011015,92,mRNA
72635,24008701,24010783,2082,mRNA
72636,24007834,24008145,311,mRNA
72637,24007610,24007766,156,mRNA
72638,24007461,24007546,85,mRNA
72639,24007265,24007400,135,mRNA
72640,24007016,24007200,184,mRNA
72641,24006394,24006954,560,mRNA
72642,24005422,24006282,860,mRNA
72643,24005261,24005366,105,mRNA
72644,24005023,24005204,181,mRNA
72645,24004789,24004863,74,mRNA
72646,24003957,24004123,166,mRNA
72647,24003776,24003890,114,mRNA
72648,24003472,24003711,239,mRNA
72649,24003048,24003416,368,mRNA
72650,24002728,24002984,256,mRNA
72651,24002451,24002662,211,mRNA
72652,24002261,24002400,139,mRNA
72653,24002009,24002201,192,mRNA
72654,24000958,24001950,992,mRNA
72655,24000597,24000898,301,mRNA
72656,24000362,24000543,181,mRNA
72657,24000131,24000300,169,mRNA
72658,23999936,24000076,140,mRNA
72659,23999695,23999880,185,mRNA
72660,23999399,23999636,237,mRNA
72661,23998744,23999325,581,mRNA
72662,23997967,23998667,700,mRNA
72663,23997772,23997904,132,mRNA
72664,23996058,23997709,1651,mRNA
72665,23995881,23995986,105,mRNA
72666,23995543,23995822,279,mRNA
72667,24013853,24013861,8,CDS
72668,24012914,24013035,121,CDS
72669,24012724,24012855,131,CDS
72670,24012489,24012659,170,CDS
72671,24012268,24012433,165,CDS
72672,24010923,24011015,92,CDS
72673,24009571,24010783,1212,CDS
72674,24007834,24008145,311,CDS
72675,24007610,24007766,156,CDS
72676,24007461,24007546,85,CDS
72677,24007265,24007400,135,CDS
72678,24007016,24007200,184,CDS
72679,24006394,24006954,560,CDS
72680,24005422,24006282,860,CDS
72681,24005261,24005366,105,CDS
72682,24005023,24005204,181,CDS
72683,24003957,24004123,166,CDS
72684,24003776,24003890,114,CDS
72685,24003472,24003711,239,CDS
72686,24003048,24003416,368,CDS
72687,24002728,24002984,256,CDS
72688,24002451,24002662,211,CDS
72689,24002261,24002400,139,CDS
72690,24002009,24002201,192,CDS
72691,24000958,24001950,992,CDS
72692,24000597,24000898,301,CDS
72693,24000362,24000543,181,CDS
72694,24000131,24000300,169,CDS
72695,23999936,24000076,140,CDS
72696,23999695,23999880,185,CDS
72697,23999399,23999636,237,CDS
72698,23998744,23999325,581,CDS
72699,23997967,23998667,700,CDS
72700,23997772,23997904,132,CDS
72701,23996058,23997709,1651,CDS
72702,23995881,23995986,105,CDS
72703,23995682,23995822,140,CDS
72704,24013853,24013861,8,CDS
72705,24012914,24013035,121,CDS
72706,24012724,24012855,131,CDS
72707,24012489,24012659,170,CDS
72708,24012268,24012433,165,CDS
72709,24010923,24011015,92,CDS
72710,24008701,24010783,2082,CDS
72711,24007834,24008145,311,CDS
72712,24007610,24007766,156,CDS
72713,24007461,24007546,85,CDS
72714,24007265,24007400,135,CDS
72715,24007016,24007200,184,CDS
72716,24006394,24006954,560,CDS
72717,24005422,24006282,860,CDS
72718,24005261,24005366,105,CDS
72719,24005023,24005204,181,CDS
72720,24003957,24004123,166,CDS
72721,24003776,24003890,114,CDS
72722,24003472,24003711,239,CDS
72723,24003048,24003416,368,CDS
72724,24002728,24002984,256,CDS
72725,24002451,24002662,211,CDS
72726,24002261,24002400,139,CDS
72727,24002009,24002201,192,CDS
72728,24000958,24001950,992,CDS
72729,24000597,24000898,301,CDS
72730,24000362,24000543,181,CDS
72731,24000131,24000300,169,CDS
72732,23999936,24000076,140,CDS
72733,23999695,23999880,185,CDS
72734,23999399,23999636,237,CDS
72735,23998744,23999325,581,CDS
72736,23997967,23998667,700,CDS
72737,23997772,23997904,132,CDS
72738,23996058,23997709,1651,CDS
72739,23995881,23995986,105,CDS
72740,23995682,23995822,140,CDS
72741,24013853,24013861,8,CDS
72742,24012914,24013035,121,CDS
72743,24012724,24012855,131,CDS
72744,24012489,24012659,170,CDS
72745,24012268,24012433,165,CDS
72746,24010923,24011015,92,CDS
72747,24008701,24010783,2082,CDS
72748,24007834,24008145,311,CDS
72749,24007610,24007766,156,CDS
72750,24007461,24007546,85,CDS
72751,24007265,24007400,135,CDS
72752,24007016,24007200,184,CDS
72753,24006394,24006954,560,CDS
72754,24005422,24006282,860,CDS
72755,24005261,24005366,105,CDS
72756,24005023,24005204,181,CDS
72757,24004789,24004863,74,CDS
72758,24003957,24004123,166,CDS
72759,24003776,24003890,114,CDS
72760,24003472,24003711,239,CDS
72761,24003048,24003416,368,CDS
72762,24002728,24002984,256,CDS
72763,24002451,24002662,211,CDS
72764,24002261,24002400,139,CDS
72765,24002009,24002201,192,CDS
72766,24000958,24001950,992,CDS
72767,24000597,24000898,301,CDS
72768,24000362,24000543,181,CDS
72769,24000131,24000300,169,CDS
72770,23999936,24000076,140,CDS
72771,23999695,23999880,185,CDS
72772,23999399,23999636,237,CDS
72773,23998744,23999325,581,CDS
72774,23997967,23998667,700,CDS
72775,23997772,23997904,132,CDS
72776,23996058,23997709,1651,CDS
72777,23995881,23995986,105,CDS
72778,23995682,23995822,140,CDS
72779,24013853,24013861,8,CDS
72780,24012914,24013038,124,CDS
72781,24012724,24012855,131,CDS
72782,24012489,24012659,170,CDS
72783,24012268,24012433,165,CDS
72784,24010923,24011015,92,CDS
72785,24008701,24010783,2082,CDS
72786,24007834,24008145,311,CDS
72787,24007610,24007766,156,CDS
72788,24007461,24007546,85,CDS
72789,24007265,24007400,135,CDS
72790,24007016,24007200,184,CDS
72791,24006394,24006954,560,CDS
72792,24005422,24006282,860,CDS
72793,24005261,24005366,105,CDS
72794,24005023,24005204,181,CDS
72795,24003957,24004123,166,CDS
72796,24003776,24003890,114,CDS
72797,24003472,24003711,239,CDS
72798,24003048,24003416,368,CDS
72799,24002728,24002984,256,CDS
72800,24002451,24002662,211,CDS
72801,24002261,24002400,139,CDS
72802,24002009,24002201,192,CDS
72803,24000958,24001950,992,CDS
72804,24000597,24000898,301,CDS
72805,24000362,24000543,181,CDS
72806,24000131,24000300,169,CDS
72807,23999936,24000076,140,CDS
72808,23999695,23999880,185,CDS
72809,23999399,23999636,237,CDS
72810,23998744,23999325,581,CDS
72811,23997967,23998667,700,CDS
72812,23997772,23997904,132,CDS
72813,23996058,23997709,1651,CDS
72814,23995881,23995986,105,CDS
72815,23995682,23995822,140,CDS
72816,24008701,24010717,2016,CDS
72817,24007834,24008145,311,CDS
72818,24007610,24007766,156,CDS
72819,24007461,24007546,85,CDS
72820,24007265,24007400,135,CDS
72821,24007016,24007200,184,CDS
72822,24006394,24006954,560,CDS
72823,24005422,24006282,860,CDS
72824,24005261,24005366,105,CDS
72825,24005023,24005204,181,CDS
72826,24004789,24004863,74,CDS
72827,24003957,24004123,166,CDS
72828,24003776,24003890,114,CDS
72829,24003472,24003711,239,CDS
72830,24003048,24003416,368,CDS
72831,24002728,24002984,256,CDS
72832,24002451,24002662,211,CDS
72833,24002261,24002400,139,CDS
72834,24002009,24002201,192,CDS
72835,24000958,24001950,992,CDS
72836,24000597,24000898,301,CDS
72837,24000362,24000543,181,CDS
72838,24000131,24000300,169,CDS
72839,23999936,24000076,140,CDS
72840,23999695,23999880,185,CDS
72841,23999399,23999636,237,CDS
72842,23998744,23999325,581,CDS
72843,23997967,23998667,700,CDS
72844,23997772,23997904,132,CDS
72845,23996058,23997709,1651,CDS
72846,23995881,23995986,105,CDS
72847,23995682,23995822,140,CDS
72848,24008701,24008752,51,CDS
72849,24007834,24008145,311,CDS
72850,24007610,24007766,156,CDS
72851,24007461,24007546,85,CDS
72852,24007265,24007400,135,CDS
72853,24007016,24007200,184,CDS
72854,24006394,24006954,560,CDS
72855,24005422,24006282,860,CDS
72856,24005261,24005366,105,CDS
72857,24005023,24005204,181,CDS
72858,24004789,24004863,74,CDS
72859,24003957,24004123,166,CDS
72860,24003776,24003890,114,CDS
72861,24003472,24003711,239,CDS
72862,24003048,24003416,368,CDS
72863,24002728,24002984,256,CDS
72864,24002451,24002662,211,CDS
72865,24002261,24002400,139,CDS
72866,24002009,24002201,192,CDS
72867,24000958,24001950,992,CDS
72868,24000597,24000898,301,CDS
72869,24000362,24000543,181,CDS
72870,24000131,24000300,169,CDS
72871,23999936,24000076,140,CDS
72872,23999695,23999880,185,CDS
72873,23999399,23999636,237,CDS
72874,23998744,23999325,581,CDS
72875,23997967,23998667,700,CDS
72876,23997772,23997904,132,CDS
72877,23996058,23997709,1651,CDS
72878,23995881,23995986,105,CDS
72879,23995682,23995822,140,CDS
72880,24014917,24017198,2281,gene
72881,24016960,24017198,238,mRNA
72882,24016704,24016822,118,mRNA
72883,24016390,24016646,256,mRNA
72884,24016210,24016334,124,mRNA
72885,24016086,24016149,63,mRNA
72886,24015902,24016027,125,mRNA
72887,24015768,24015839,71,mRNA
72888,24015321,24015715,394,mRNA
72889,24014917,24015258,341,mRNA
72890,24016960,24017198,238,mRNA
72891,24016704,24016831,127,mRNA
72892,24016390,24016646,256,mRNA
72893,24016210,24016334,124,mRNA
72894,24016086,24016149,63,mRNA
72895,24015902,24016027,125,mRNA
72896,24015768,24015839,71,mRNA
72897,24015321,24015715,394,mRNA
72898,24014917,24015258,341,mRNA
72899,24016704,24016815,111,CDS
72900,24016390,24016646,256,CDS
72901,24016210,24016334,124,CDS
72902,24016086,24016149,63,CDS
72903,24015902,24016027,125,CDS
72904,24015768,24015839,71,CDS
72905,24015321,24015715,394,CDS
72906,24014973,24015258,285,CDS
72907,24016704,24016815,111,CDS
72908,24016390,24016646,256,CDS
72909,24016210,24016334,124,CDS
72910,24016086,24016149,63,CDS
72911,24015902,24016027,125,CDS
72912,24015768,24015839,71,CDS
72913,24015321,24015715,394,CDS
72914,24014973,24015258,285,CDS
72915,24017421,24019896,2475,gene
72916,24017421,24017818,397,mRNA
72917,24017901,24018093,192,mRNA
72918,24018151,24019069,918,mRNA
72919,24019123,24019896,773,mRNA
72920,24017514,24017818,304,CDS
72921,24017901,24018093,192,CDS
72922,24018151,24019069,918,CDS
72923,24019123,24019832,709,CDS
72924,24019898,24022298,2400,gene
72925,24022233,24022298,65,mRNA
72926,24021790,24022111,321,mRNA
72927,24021376,24021541,165,mRNA
72928,24021003,24021319,316,mRNA
72929,24020755,24020940,185,mRNA
72930,24020566,24020697,131,mRNA
72931,24020384,24020509,125,mRNA
72932,24019898,24020321,423,mRNA
72933,24021790,24022139,349,mRNA
72934,24021376,24021541,165,mRNA
72935,24021003,24021319,316,mRNA
72936,24020755,24020940,185,mRNA
72937,24020566,24020697,131,mRNA
72938,24020384,24020509,125,mRNA
72939,24019898,24020321,423,mRNA
72940,24021790,24021981,191,CDS
72941,24021376,24021541,165,CDS
72942,24021003,24021319,316,CDS
72943,24020755,24020940,185,CDS
72944,24020566,24020697,131,CDS
72945,24020384,24020509,125,CDS
72946,24020238,24020321,83,CDS
72947,24021790,24021981,191,CDS
72948,24021376,24021541,165,CDS
72949,24021003,24021319,316,CDS
72950,24020755,24020940,185,CDS
72951,24020566,24020697,131,CDS
72952,24020384,24020509,125,CDS
72953,24020238,24020321,83,CDS
72954,24022343,24023981,1638,gene
72955,24022343,24023981,1638,mRNA
72956,24022574,24023950,1376,CDS
72957,24024098,24025777,1679,gene
72958,24024098,24025777,1679,ncRNA
72959,24024207,24025877,1670,gene
72960,24024207,24024420,213,mRNA
72961,24024900,24025136,236,mRNA
72962,24025200,24025367,167,mRNA
72963,24025432,24025877,445,mRNA
72964,24024319,24024420,101,CDS
72965,24024900,24025136,236,CDS
72966,24025200,24025367,167,CDS
72967,24025432,24025647,215,CDS
72968,24026172,24027518,1346,gene
72969,24026172,24026301,129,mRNA
72970,24026376,24026498,122,mRNA
72971,24027004,24027518,514,mRNA
72972,24026546,24026616,70,mRNA
72973,24027004,24027518,514,mRNA
72974,24026683,24027518,835,mRNA
72975,24027015,24027395,380,CDS
72976,24027015,24027395,380,CDS
72977,24027015,24027395,380,CDS
72978,24027717,24028789,1072,gene
72979,24028614,24028789,175,mRNA
72980,24027717,24028124,407,mRNA
72981,24028614,24028789,175,mRNA
72982,24027952,24028124,172,mRNA
72983,24028614,24028734,120,CDS
72984,24028015,24028124,109,CDS
72985,24028614,24028734,120,CDS
72986,24028015,24028124,109,CDS
72987,24029317,24030555,1238,gene
72988,24029317,24030555,1238,mRNA
72989,24029378,24030484,1106,CDS
72990,24030546,24031427,881,gene
72991,24030970,24031427,457,mRNA
72992,24030546,24030843,297,mRNA
72993,24030970,24031202,232,mRNA
72994,24030646,24030843,197,mRNA
72995,24030970,24031165,195,CDS
72996,24030701,24030843,142,CDS
72997,24030970,24031165,195,CDS
72998,24030701,24030843,142,CDS
72999,24031538,24033943,2405,gene
73000,24033823,24033943,120,mRNA
73001,24031538,24033572,2034,mRNA
73002,24033679,24033768,89,mRNA
73003,24031538,24033572,2034,mRNA
73004,24033679,24033700,21,CDS
73005,24031804,24033572,1768,CDS
73006,24031804,24033537,1733,CDS
73007,24033974,24036707,2733,gene
73008,24033974,24034432,458,mRNA
73009,24034688,24036707,2019,mRNA
73010,24034225,24034432,207,mRNA
73011,24034688,24036707,2019,mRNA
73012,24034225,24034420,195,mRNA
73013,24034688,24036707,2019,mRNA
73014,24034698,24036650,1952,CDS
73015,24034698,24036650,1952,CDS
73016,24034698,24036650,1952,CDS
73017,24036720,24037915,1195,gene
73018,24037395,24037915,520,mRNA
73019,24037201,24037340,139,mRNA
73020,24036975,24037140,165,mRNA
73021,24036720,24036914,194,mRNA
73022,24037395,24037708,313,mRNA
73023,24037201,24037340,139,mRNA
73024,24036975,24037140,165,mRNA
73025,24036720,24036914,194,mRNA
73026,24037395,24037708,313,mRNA
73027,24037201,24037340,139,mRNA
73028,24036720,24037140,420,mRNA
73029,24037395,24037640,245,CDS
73030,24037201,24037340,139,CDS
73031,24036975,24037140,165,CDS
73032,24036783,24036914,131,CDS
73033,24037395,24037640,245,CDS
73034,24037201,24037340,139,CDS
73035,24036975,24037140,165,CDS
73036,24036783,24036914,131,CDS
73037,24037395,24037640,245,CDS
73038,24037201,24037340,139,CDS
73039,24036783,24037140,357,CDS
73040,24037943,24044458,6515,gene
73041,24037943,24039379,1436,mRNA
73042,24039441,24040420,979,mRNA
73043,24040475,24044458,3983,mRNA
73044,24038062,24039379,1317,CDS
73045,24039441,24040420,979,CDS
73046,24040475,24044338,3863,CDS
73047,24044453,24046805,2352,gene
73048,24046666,24046805,139,mRNA
73049,24044992,24045182,190,mRNA
73050,24044814,24044919,105,mRNA
73051,24044453,24044750,297,mRNA
73052,24046666,24046668,2,CDS
73053,24044992,24045182,190,CDS
73054,24044814,24044919,105,CDS
73055,24044604,24044750,146,CDS
73056,24047145,24048903,1758,gene
73057,24048769,24048903,134,mRNA
73058,24048639,24048706,67,mRNA
73059,24048335,24048450,115,mRNA
73060,24048066,24048260,194,mRNA
73061,24047926,24047996,70,mRNA
73062,24047505,24047859,354,mRNA
73063,24047145,24047321,176,mRNA
73064,24048769,24048833,64,CDS
73065,24048639,24048706,67,CDS
73066,24048335,24048450,115,CDS
73067,24048066,24048260,194,CDS
73068,24047926,24047996,70,CDS
73069,24047505,24047859,354,CDS
73070,24047283,24047321,38,CDS
73071,24047411,24053035,5624,gene
73072,24047411,24047548,137,mRNA
73073,24047616,24048003,387,mRNA
73074,24049423,24050297,874,mRNA
73075,24050363,24050606,243,mRNA
73076,24050659,24050729,70,mRNA
73077,24050792,24050902,110,mRNA
73078,24050963,24051117,154,mRNA
73079,24051174,24051294,120,mRNA
73080,24051357,24051477,120,mRNA
73081,24051541,24051659,118,mRNA
73082,24051717,24051771,54,mRNA
73083,24051837,24051972,135,mRNA
73084,24052030,24052169,139,mRNA
73085,24052395,24052588,193,mRNA
73086,24052655,24052749,94,mRNA
73087,24052802,24053035,233,mRNA
73088,24049203,24049283,80,mRNA
73089,24049423,24050297,874,mRNA
73090,24050363,24050606,243,mRNA
73091,24050659,24050729,70,mRNA
73092,24050792,24050902,110,mRNA
73093,24050963,24051117,154,mRNA
73094,24051174,24051294,120,mRNA
73095,24051357,24051477,120,mRNA
73096,24051541,24051659,118,mRNA
73097,24051717,24051771,54,mRNA
73098,24051837,24051972,135,mRNA
73099,24052030,24052169,139,mRNA
73100,24052395,24052588,193,mRNA
73101,24052655,24052749,94,mRNA
73102,24052802,24053035,233,mRNA
73103,24049203,24049247,44,mRNA
73104,24049423,24050297,874,mRNA
73105,24050363,24050606,243,mRNA
73106,24050659,24050729,70,mRNA
73107,24050792,24050902,110,mRNA
73108,24050963,24051117,154,mRNA
73109,24051174,24051294,120,mRNA
73110,24051357,24051477,120,mRNA
73111,24051541,24051659,118,mRNA
73112,24051717,24051771,54,mRNA
73113,24051837,24051972,135,mRNA
73114,24052030,24052169,139,mRNA
73115,24052395,24052588,193,mRNA
73116,24052655,24052749,94,mRNA
73117,24052802,24053035,233,mRNA
73118,24049431,24050297,866,CDS
73119,24050363,24050606,243,CDS
73120,24050659,24050729,70,CDS
73121,24050792,24050902,110,CDS
73122,24050963,24051117,154,CDS
73123,24051174,24051294,120,CDS
73124,24051357,24051477,120,CDS
73125,24051541,24051659,118,CDS
73126,24051717,24051771,54,CDS
73127,24051837,24051972,135,CDS
73128,24052030,24052169,139,CDS
73129,24052395,24052588,193,CDS
73130,24052655,24052749,94,CDS
73131,24052802,24052940,138,CDS
73132,24049431,24050297,866,CDS
73133,24050363,24050606,243,CDS
73134,24050659,24050729,70,CDS
73135,24050792,24050902,110,CDS
73136,24050963,24051117,154,CDS
73137,24051174,24051294,120,CDS
73138,24051357,24051477,120,CDS
73139,24051541,24051659,118,CDS
73140,24051717,24051771,54,CDS
73141,24051837,24051972,135,CDS
73142,24052030,24052169,139,CDS
73143,24052395,24052588,193,CDS
73144,24052655,24052749,94,CDS
73145,24052802,24052940,138,CDS
73146,24049431,24050297,866,CDS
73147,24050363,24050606,243,CDS
73148,24050659,24050729,70,CDS
73149,24050792,24050902,110,CDS
73150,24050963,24051117,154,CDS
73151,24051174,24051294,120,CDS
73152,24051357,24051477,120,CDS
73153,24051541,24051659,118,CDS
73154,24051717,24051771,54,CDS
73155,24051837,24051972,135,CDS
73156,24052030,24052169,139,CDS
73157,24052395,24052588,193,CDS
73158,24052655,24052749,94,CDS
73159,24052802,24052940,138,CDS
73160,24052917,24057137,4220,gene
73161,24057082,24057137,55,mRNA
73162,24055134,24055284,150,mRNA
73163,24054812,24054971,159,mRNA
73164,24054407,24054752,345,mRNA
73165,24054199,24054335,136,mRNA
73166,24054047,24054143,96,mRNA
73167,24053790,24053977,187,mRNA
73168,24053636,24053718,82,mRNA
73169,24053527,24053574,47,mRNA
73170,24053379,24053461,82,mRNA
73171,24053198,24053319,121,mRNA
73172,24052917,24053135,218,mRNA
73173,24057082,24057137,55,mRNA
73174,24055134,24055284,150,mRNA
73175,24054812,24054971,159,mRNA
73176,24054407,24054752,345,mRNA
73177,24054199,24054335,136,mRNA
73178,24054047,24054143,96,mRNA
73179,24053790,24053977,187,mRNA
73180,24053636,24053718,82,mRNA
73181,24053527,24053574,47,mRNA
73182,24053374,24053461,87,mRNA
73183,24053198,24053319,121,mRNA
73184,24052917,24053135,218,mRNA
73185,24057082,24057137,55,mRNA
73186,24055134,24055284,150,mRNA
73187,24054812,24054971,159,mRNA
73188,24054407,24054752,345,mRNA
73189,24054199,24054335,136,mRNA
73190,24054047,24054143,96,mRNA
73191,24053790,24053977,187,mRNA
73192,24053527,24053718,191,mRNA
73193,24053379,24053461,82,mRNA
73194,24053198,24053319,121,mRNA
73195,24052917,24053135,218,mRNA
73196,24057068,24057137,69,mRNA
73197,24055134,24055284,150,mRNA
73198,24054812,24054971,159,mRNA
73199,24054407,24054752,345,mRNA
73200,24054199,24054335,136,mRNA
73201,24054047,24054143,96,mRNA
73202,24053790,24053977,187,mRNA
73203,24053636,24053718,82,mRNA
73204,24053527,24053574,47,mRNA
73205,24053374,24053461,87,mRNA
73206,24053198,24053319,121,mRNA
73207,24052917,24053135,218,mRNA
73208,24057068,24057137,69,mRNA
73209,24055134,24055284,150,mRNA
73210,24054812,24054971,159,mRNA
73211,24054407,24054752,345,mRNA
73212,24054199,24054335,136,mRNA
73213,24054047,24054143,96,mRNA
73214,24053790,24053977,187,mRNA
73215,24053527,24053718,191,mRNA
73216,24053374,24053461,87,mRNA
73217,24053198,24053319,121,mRNA
73218,24052917,24053135,218,mRNA
73219,24054812,24054873,61,CDS
73220,24054407,24054752,345,CDS
73221,24054199,24054335,136,CDS
73222,24054047,24054143,96,CDS
73223,24053790,24053977,187,CDS
73224,24053636,24053718,82,CDS
73225,24053527,24053574,47,CDS
73226,24053374,24053461,87,CDS
73227,24053198,24053319,121,CDS
73228,24053029,24053135,106,CDS
73229,24054812,24054873,61,CDS
73230,24054407,24054752,345,CDS
73231,24054199,24054335,136,CDS
73232,24054047,24054143,96,CDS
73233,24053790,24053977,187,CDS
73234,24053636,24053718,82,CDS
73235,24053527,24053574,47,CDS
73236,24053374,24053461,87,CDS
73237,24053198,24053319,121,CDS
73238,24053029,24053135,106,CDS
73239,24054812,24054873,61,CDS
73240,24054407,24054752,345,CDS
73241,24054199,24054335,136,CDS
73242,24054047,24054143,96,CDS
73243,24053790,24053977,187,CDS
73244,24053636,24053718,82,CDS
73245,24053527,24053574,47,CDS
73246,24053379,24053461,82,CDS
73247,24053308,24053319,11,CDS
73248,24054812,24054873,61,CDS
73249,24054407,24054752,345,CDS
73250,24054199,24054335,136,CDS
73251,24054047,24054143,96,CDS
73252,24053790,24053977,187,CDS
73253,24053628,24053718,90,CDS
73254,24054812,24054873,61,CDS
73255,24054407,24054752,345,CDS
73256,24054199,24054335,136,CDS
73257,24054047,24054143,96,CDS
73258,24053790,24053977,187,CDS
73259,24053628,24053718,90,CDS
73260,24055306,24057599,2293,gene
73261,24055306,24055519,213,mRNA
73262,24055573,24055634,61,mRNA
73263,24055690,24055889,199,mRNA
73264,24055953,24057599,1646,mRNA
73265,24055471,24055519,48,CDS
73266,24055573,24055634,61,CDS
73267,24055690,24055889,199,CDS
73268,24055953,24057483,1530,CDS
73269,24057798,24059483,1685,gene
73270,24057798,24057902,104,mRNA
73271,24058484,24058691,207,mRNA
73272,24058932,24059133,201,mRNA
73273,24059196,24059282,86,mRNA
73274,24059339,24059483,144,mRNA
73275,24057853,24057906,53,mRNA
73276,24058484,24058691,207,mRNA
73277,24058932,24059133,201,mRNA
73278,24059196,24059483,287,mRNA
73279,24058486,24058691,205,CDS
73280,24058932,24059133,201,CDS
73281,24059196,24059267,71,CDS
73282,24058486,24058691,205,CDS
73283,24058932,24059133,201,CDS
73284,24059196,24059267,71,CDS
73285,24059477,24059913,436,gene
73286,24059814,24059913,99,ncRNA
73287,24059477,24059735,258,ncRNA
73288,24060378,24061860,1482,gene
73289,24060378,24060444,66,mRNA
73290,24060513,24060574,61,mRNA
73291,24060676,24060749,73,mRNA
73292,24060813,24060993,180,mRNA
73293,24061150,24061860,710,mRNA
73294,24060378,24060444,66,mRNA
73295,24060513,24060574,61,mRNA
73296,24060676,24060749,73,mRNA
73297,24060813,24060993,180,mRNA
73298,24061150,24061413,263,mRNA
73299,24060454,24060574,120,mRNA
73300,24060676,24060749,73,mRNA
73301,24060813,24060993,180,mRNA
73302,24061150,24061413,263,mRNA
73303,24060538,24060574,36,CDS
73304,24060676,24060749,73,CDS
73305,24060813,24060993,180,CDS
73306,24061150,24061355,205,CDS
73307,24060538,24060574,36,CDS
73308,24060676,24060749,73,CDS
73309,24060813,24060993,180,CDS
73310,24061150,24061355,205,CDS
73311,24060538,24060574,36,CDS
73312,24060676,24060749,73,CDS
73313,24060813,24060993,180,CDS
73314,24061150,24061355,205,CDS
73315,24061853,24062431,578,gene
73316,24062388,24062431,43,mRNA
73317,24062198,24062301,103,mRNA
73318,24061853,24061992,139,mRNA
73319,24062388,24062390,2,CDS
73320,24062198,24062301,103,CDS
73321,24061944,24061992,48,CDS
73322,24063051,24065405,2354,gene
73323,24063051,24063573,522,mRNA
73324,24064734,24064871,137,mRNA
73325,24064993,24065110,117,mRNA
73326,24065183,24065405,222,mRNA
73327,24063439,24063573,134,CDS
73328,24064734,24064871,137,CDS
73329,24064993,24065110,117,CDS
73330,24065183,24065340,157,CDS
73331,24064135,24064229,94,mRNA
73332,24064734,24064871,137,mRNA
73333,24064993,24065110,117,mRNA
73334,24065183,24065405,222,mRNA
73335,24064477,24064657,180,mRNA
73336,24064734,24064871,137,mRNA
73337,24064993,24065110,117,mRNA
73338,24065183,24065405,222,mRNA
73339,24064797,24064871,74,CDS
73340,24064993,24065110,117,CDS
73341,24065183,24065340,157,CDS
73342,24064797,24064871,74,CDS
73343,24064993,24065110,117,CDS
73344,24065183,24065340,157,CDS
73345,24065975,24068485,2510,gene
73346,24068425,24068485,60,mRNA
73347,24067465,24068359,894,mRNA
73348,24067163,24067254,91,mRNA
73349,24066561,24066716,155,mRNA
73350,24066261,24066313,52,mRNA
73351,24065975,24066177,202,mRNA
73352,24067465,24068485,1020,mRNA
73353,24067163,24067254,91,mRNA
73354,24066261,24066313,52,mRNA
73355,24065975,24066177,202,mRNA
73356,24067465,24068485,1020,mRNA
73357,24067163,24067254,91,mRNA
73358,24066561,24066716,155,mRNA
73359,24066261,24066313,52,mRNA
73360,24065975,24066177,202,mRNA
73361,24067465,24068485,1020,mRNA
73362,24067163,24067254,91,mRNA
73363,24066561,24066716,155,mRNA
73364,24066261,24066313,52,mRNA
73365,24065975,24066177,202,mRNA
73366,24067465,24068315,850,CDS
73367,24067163,24067254,91,CDS
73368,24066561,24066716,155,CDS
73369,24066261,24066313,52,CDS
73370,24066073,24066177,104,CDS
73371,24067465,24068246,781,CDS
73372,24067163,24067254,91,CDS
73373,24066261,24066313,52,CDS
73374,24066073,24066177,104,CDS
73375,24067465,24068246,781,CDS
73376,24067163,24067254,91,CDS
73377,24066561,24066716,155,CDS
73378,24066261,24066313,52,CDS
73379,24066073,24066177,104,CDS
73380,24067465,24068246,781,CDS
73381,24067163,24067254,91,CDS
73382,24066561,24066716,155,CDS
73383,24066261,24066313,52,CDS
73384,24066073,24066177,104,CDS
73385,24068757,24073552,4795,gene
73386,24068757,24069334,577,mRNA
73387,24069739,24069942,203,mRNA
73388,24070000,24070242,242,mRNA
73389,24072705,24072961,256,mRNA
73390,24073028,24073552,524,mRNA
73391,24069050,24069334,284,mRNA
73392,24069739,24069942,203,mRNA
73393,24070000,24070242,242,mRNA
73394,24070768,24071004,236,mRNA
73395,24071991,24072224,233,mRNA
73396,24072705,24072961,256,mRNA
73397,24073028,24073552,524,mRNA
73398,24069050,24069334,284,mRNA
73399,24069739,24069942,203,mRNA
73400,24070000,24070242,242,mRNA
73401,24070768,24071004,236,mRNA
73402,24072705,24072961,256,mRNA
73403,24073028,24073552,524,mRNA
73404,24069050,24069334,284,mRNA
73405,24069739,24069942,203,mRNA
73406,24070000,24070242,242,mRNA
73407,24071991,24072224,233,mRNA
73408,24072705,24072961,256,mRNA
73409,24073028,24073464,436,mRNA
73410,24069200,24069334,134,CDS
73411,24069739,24069942,203,CDS
73412,24070000,24070242,242,CDS
73413,24070768,24071004,236,CDS
73414,24071991,24072224,233,CDS
73415,24072705,24072961,256,CDS
73416,24073028,24073331,303,CDS
73417,24069200,24069334,134,CDS
73418,24069739,24069942,203,CDS
73419,24070000,24070242,242,CDS
73420,24070768,24071004,236,CDS
73421,24072705,24072961,256,CDS
73422,24073028,24073331,303,CDS
73423,24069200,24069334,134,CDS
73424,24069739,24069942,203,CDS
73425,24070000,24070242,242,CDS
73426,24071991,24072224,233,CDS
73427,24072705,24072961,256,CDS
73428,24073028,24073331,303,CDS
73429,24069200,24069334,134,CDS
73430,24069739,24069942,203,CDS
73431,24070000,24070242,242,CDS
73432,24072705,24072961,256,CDS
73433,24073028,24073331,303,CDS
73434,24074602,24078223,3621,gene
73435,24074602,24075069,467,mRNA
73436,24075199,24075337,138,mRNA
73437,24075449,24075608,159,mRNA
73438,24076181,24076283,102,mRNA
73439,24076346,24076442,96,mRNA
73440,24076503,24076599,96,mRNA
73441,24076654,24076950,296,mRNA
73442,24077058,24077378,320,mRNA
73443,24077438,24078223,785,mRNA
73444,24075012,24075069,57,mRNA
73445,24075199,24075337,138,mRNA
73446,24075449,24075608,159,mRNA
73447,24076181,24076283,102,mRNA
73448,24076346,24076442,96,mRNA
73449,24076503,24076599,96,mRNA
73450,24076654,24076950,296,mRNA
73451,24077058,24077378,320,mRNA
73452,24077438,24078223,785,mRNA
73453,24075012,24075069,57,mRNA
73454,24075199,24075337,138,mRNA
73455,24075449,24075691,242,mRNA
73456,24075174,24075337,163,mRNA
73457,24075449,24075954,505,mRNA
73458,24075223,24075337,114,CDS
73459,24075449,24075608,159,CDS
73460,24076181,24076283,102,CDS
73461,24076346,24076442,96,CDS
73462,24076503,24076599,96,CDS
73463,24076654,24076950,296,CDS
73464,24077058,24077378,320,CDS
73465,24077438,24077708,270,CDS
73466,24075223,24075337,114,CDS
73467,24075449,24075608,159,CDS
73468,24076181,24076283,102,CDS
73469,24076346,24076442,96,CDS
73470,24076503,24076599,96,CDS
73471,24076654,24076950,296,CDS
73472,24077058,24077378,320,CDS
73473,24077438,24077708,270,CDS
73474,24075223,24075337,114,CDS
73475,24075449,24075612,163,CDS
73476,24075223,24075337,114,CDS
73477,24075449,24075612,163,CDS
73478,24078234,24080527,2293,gene
73479,24080065,24080527,462,mRNA
73480,24078234,24079733,1499,mRNA
73481,24080065,24080476,411,CDS
73482,24078334,24079733,1399,CDS
73483,24080925,24081424,499,gene
73484,24080925,24081424,499,mRNA
73485,24081023,24081268,245,CDS
73486,24081782,24086287,4505,gene
73487,24081782,24082038,256,mRNA
73488,24082981,24083069,88,mRNA
73489,24083471,24083584,113,mRNA
73490,24083652,24084285,633,mRNA
73491,24084339,24084819,480,mRNA
73492,24084932,24086287,1355,mRNA
73493,24081782,24082038,256,mRNA
73494,24082981,24083069,88,mRNA
73495,24083471,24083584,113,mRNA
73496,24083652,24084285,633,mRNA
73497,24084339,24084819,480,mRNA
73498,24084932,24086156,1224,mRNA
73499,24082709,24083069,360,mRNA
73500,24083471,24083584,113,mRNA
73501,24083652,24084285,633,mRNA
73502,24084339,24084819,480,mRNA
73503,24084932,24086156,1224,mRNA
73504,24083030,24083069,39,CDS
73505,24083471,24083584,113,CDS
73506,24083652,24084285,633,CDS
73507,24084339,24084819,480,CDS
73508,24084932,24086002,1070,CDS
73509,24083030,24083069,39,CDS
73510,24083471,24083584,113,CDS
73511,24083652,24084285,633,CDS
73512,24084339,24084819,480,CDS
73513,24084932,24086002,1070,CDS
73514,24083030,24083069,39,CDS
73515,24083471,24083584,113,CDS
73516,24083652,24084285,633,CDS
73517,24084339,24084819,480,CDS
73518,24084932,24086002,1070,CDS
73519,24086604,24092014,5410,gene
73520,24086604,24086702,98,mRNA
73521,24087532,24087716,184,mRNA
73522,24087776,24088010,234,mRNA
73523,24088065,24088543,478,mRNA
73524,24088604,24088878,274,mRNA
73525,24088942,24089267,325,mRNA
73526,24089556,24089705,149,mRNA
73527,24089766,24090059,293,mRNA
73528,24090122,24092014,1892,mRNA
73529,24086604,24086830,226,mRNA
73530,24087532,24087716,184,mRNA
73531,24087776,24088010,234,mRNA
73532,24088065,24088543,478,mRNA
73533,24088604,24088878,274,mRNA
73534,24088942,24089512,570,mRNA
73535,24087551,24087716,165,CDS
73536,24087776,24088010,234,CDS
73537,24088065,24088543,478,CDS
73538,24088604,24088878,274,CDS
73539,24088942,24089267,325,CDS
73540,24089556,24089705,149,CDS
73541,24089766,24090059,293,CDS
73542,24090122,24091892,1770,CDS
73543,24087551,24087716,165,CDS
73544,24087776,24088010,234,CDS
73545,24088065,24088543,478,CDS
73546,24088604,24088878,274,CDS
73547,24088942,24089271,329,CDS
73548,24092079,24098636,6557,gene
73549,24098498,24098636,138,mRNA
73550,24097407,24097625,218,mRNA
73551,24097072,24097343,271,mRNA
73552,24094115,24097018,2903,mRNA
73553,24093777,24094053,276,mRNA
73554,24093277,24093705,428,mRNA
73555,24093009,24093215,206,mRNA
73556,24092759,24092944,185,mRNA
73557,24092605,24092698,93,mRNA
73558,24092342,24092538,196,mRNA
73559,24092079,24092262,183,mRNA
73560,24098498,24098525,27,CDS
73561,24097407,24097625,218,CDS
73562,24097072,24097343,271,CDS
73563,24094115,24097018,2903,CDS
73564,24093777,24094053,276,CDS
73565,24093277,24093705,428,CDS
73566,24093009,24093215,206,CDS
73567,24092759,24092944,185,CDS
73568,24092605,24092698,93,CDS
73569,24092342,24092538,196,CDS
73570,24092162,24092262,100,CDS
73571,24099210,24107032,7822,gene
73572,24099210,24099640,430,mRNA
73573,24099875,24100743,868,mRNA
73574,24100803,24100886,83,mRNA
73575,24100947,24105690,4743,mRNA
73576,24105755,24107032,1277,mRNA
73577,24099210,24099371,161,mRNA
73578,24099875,24100743,868,mRNA
73579,24100803,24100886,83,mRNA
73580,24100947,24105690,4743,mRNA
73581,24105755,24107032,1277,mRNA
73582,24099881,24100743,862,CDS
73583,24100803,24100886,83,CDS
73584,24100947,24105690,4743,CDS
73585,24105755,24106939,1184,CDS
73586,24099881,24100743,862,CDS
73587,24100803,24100886,83,CDS
73588,24100947,24105690,4743,CDS
73589,24105755,24106939,1184,CDS
73590,24107087,24114292,7205,gene
73591,24114005,24114292,287,mRNA
73592,24110833,24113271,2438,mRNA
73593,24110159,24110766,607,mRNA
73594,24109902,24110100,198,mRNA
73595,24109169,24109838,669,mRNA
73596,24108992,24109103,111,mRNA
73597,24108701,24108934,233,mRNA
73598,24107087,24108651,1564,mRNA
73599,24114005,24114006,1,CDS
73600,24110833,24113271,2438,CDS
73601,24110159,24110766,607,CDS
73602,24109902,24110100,198,CDS
73603,24109169,24109838,669,CDS
73604,24108992,24109103,111,CDS
73605,24108701,24108934,233,CDS
73606,24107906,24108651,745,CDS
73607,24114398,24116359,1961,gene
73608,24114398,24114803,405,mRNA
73609,24114861,24115846,985,mRNA
73610,24115908,24116061,153,mRNA
73611,24116118,24116359,241,mRNA
73612,24114653,24114803,150,mRNA
73613,24114861,24115846,985,mRNA
73614,24115908,24116061,153,mRNA
73615,24116118,24116359,241,mRNA
73616,24115056,24115846,790,CDS
73617,24115908,24116061,153,CDS
73618,24116118,24116342,224,CDS
73619,24115056,24115846,790,CDS
73620,24115908,24116061,153,CDS
73621,24116118,24116342,224,CDS
73622,24116792,24123263,6471,gene
73623,24116792,24116972,180,mRNA
73624,24119585,24119606,21,mRNA
73625,24119896,24120254,358,mRNA
73626,24120712,24120821,109,mRNA
73627,24120892,24121474,582,mRNA
73628,24121533,24121834,301,mRNA
73629,24121910,24123263,1353,mRNA
73630,24119999,24120254,255,CDS
73631,24120712,24120821,109,CDS
73632,24120892,24121474,582,CDS
73633,24121533,24121834,301,CDS
73634,24121910,24122002,92,CDS
73635,24123167,24126630,3463,gene
73636,24123167,24126630,3463,gene
73637,24123167,24126630,3463,gene
73638,24126004,24126630,626,mRNA
73639,24125842,24125946,104,mRNA
73640,24125628,24125787,159,mRNA
73641,24124871,24125570,699,mRNA
73642,24124708,24124812,104,mRNA
73643,24124490,24124649,159,mRNA
73644,24123737,24124434,697,mRNA
73645,24123584,24123682,98,mRNA
73646,24123365,24123524,159,mRNA
73647,24123167,24123311,144,mRNA
73648,24126004,24126630,626,mRNA
73649,24125842,24125946,104,mRNA
73650,24125628,24125787,159,mRNA
73651,24124871,24125570,699,mRNA
73652,24124708,24124812,104,mRNA
73653,24124490,24124649,159,mRNA
73654,24123737,24124434,697,mRNA
73655,24123584,24123682,98,mRNA
73656,24123365,24123524,159,mRNA
73657,24123167,24123311,144,mRNA
73658,24126004,24126630,626,mRNA
73659,24125842,24125946,104,mRNA
73660,24125628,24125787,159,mRNA
73661,24124871,24125570,699,mRNA
73662,24124708,24124812,104,mRNA
73663,24124490,24124649,159,mRNA
73664,24123737,24124434,697,mRNA
73665,24123584,24123682,98,mRNA
73666,24123365,24123524,159,mRNA
73667,24123167,24123311,144,mRNA
73668,24124871,24125464,593,mRNA
73669,24124708,24124812,104,mRNA
73670,24124490,24124649,159,mRNA
73671,24123737,24124434,697,mRNA
73672,24123584,24123682,98,mRNA
73673,24123365,24123524,159,mRNA
73674,24123167,24123311,144,mRNA
73675,24124871,24125464,593,mRNA
73676,24124708,24124812,104,mRNA
73677,24124490,24124649,159,mRNA
73678,24123737,24124434,697,mRNA
73679,24123584,24123682,98,mRNA
73680,24123365,24123524,159,mRNA
73681,24123167,24123311,144,mRNA
73682,24123737,24124330,593,mRNA
73683,24123584,24123682,98,mRNA
73684,24123365,24123524,159,mRNA
73685,24123167,24123311,144,mRNA
73686,24123737,24124275,538,CDS
73687,24123584,24123682,98,CDS
73688,24123365,24123524,159,CDS
73689,24123288,24123311,23,CDS
73690,24123737,24124275,538,CDS
73691,24123584,24123682,98,CDS
73692,24123365,24123524,159,CDS
73693,24123288,24123311,23,CDS
73694,24123737,24124275,538,CDS
73695,24123584,24123682,98,CDS
73696,24123365,24123524,159,CDS
73697,24123288,24123311,23,CDS
73698,24124871,24125409,538,CDS
73699,24124708,24124812,104,CDS
73700,24124490,24124649,159,CDS
73701,24124426,24124434,8,CDS
73702,24124871,24125409,538,CDS
73703,24124708,24124812,104,CDS
73704,24124490,24124649,159,CDS
73705,24124426,24124434,8,CDS
73706,24126004,24126551,547,CDS
73707,24125842,24125946,104,CDS
73708,24125628,24125787,159,CDS
73709,24125565,24125570,5,CDS
73710,24126638,24133551,6913,gene
73711,24132997,24133551,554,mRNA
73712,24130276,24130437,161,mRNA
73713,24130014,24130213,199,mRNA
73714,24128680,24129948,1268,mRNA
73715,24126638,24128613,1975,mRNA
73716,24131595,24131839,244,mRNA
73717,24130276,24130437,161,mRNA
73718,24130014,24130213,199,mRNA
73719,24128680,24129948,1268,mRNA
73720,24126638,24128613,1975,mRNA
73721,24132997,24133551,554,mRNA
73722,24130276,24130437,161,mRNA
73723,24130014,24130213,199,mRNA
73724,24128680,24129948,1268,mRNA
73725,24127144,24128613,1469,mRNA
73726,24130276,24130399,123,CDS
73727,24130014,24130213,199,CDS
73728,24128680,24129948,1268,CDS
73729,24127813,24128613,800,CDS
73730,24130276,24130399,123,CDS
73731,24130014,24130213,199,CDS
73732,24128680,24129948,1268,CDS
73733,24127813,24128613,800,CDS
73734,24130276,24130399,123,CDS
73735,24130014,24130213,199,CDS
73736,24128680,24129948,1268,CDS
73737,24127813,24128613,800,CDS
73738,24133989,24135405,1416,gene
73739,24133989,24134284,295,mRNA
73740,24134342,24134426,84,mRNA
73741,24134481,24135405,924,mRNA
73742,24133989,24134284,295,mRNA
73743,24134342,24134426,84,mRNA
73744,24134481,24135189,708,mRNA
73745,24134016,24134284,268,CDS
73746,24134342,24134426,84,CDS
73747,24134481,24135170,689,CDS
73748,24134016,24134284,268,CDS
73749,24134342,24134426,84,CDS
73750,24134481,24135170,689,CDS
73751,24135180,24138050,2870,gene
73752,24137861,24138050,189,mRNA
73753,24137399,24137768,369,mRNA
73754,24136768,24137335,567,mRNA
73755,24136526,24136707,181,mRNA
73756,24135430,24136467,1037,mRNA
73757,24135180,24135367,187,mRNA
73758,24137861,24138050,189,mRNA
73759,24137399,24137771,372,mRNA
73760,24136768,24137335,567,mRNA
73761,24136526,24136707,181,mRNA
73762,24135430,24136467,1037,mRNA
73763,24135180,24135367,187,mRNA
73764,24137861,24137913,52,CDS
73765,24137399,24137768,369,CDS
73766,24136768,24137335,567,CDS
73767,24136526,24136707,181,CDS
73768,24135430,24136467,1037,CDS
73769,24135227,24135367,140,CDS
73770,24137861,24137913,52,CDS
73771,24137399,24137771,372,CDS
73772,24136768,24137335,567,CDS
73773,24136526,24136707,181,CDS
73774,24135430,24136467,1037,CDS
73775,24135227,24135367,140,CDS
73776,24138629,24139127,498,gene
73777,24138629,24139127,498,ncRNA
73778,24139563,24157762,18199,gene
73779,24139563,24139861,298,mRNA
73780,24155804,24155977,173,mRNA
73781,24156897,24157049,152,mRNA
73782,24157114,24157762,648,mRNA
73783,24146923,24147123,200,mRNA
73784,24154632,24155042,410,mRNA
73785,24155804,24155977,173,mRNA
73786,24156897,24157049,152,mRNA
73787,24157114,24157762,648,mRNA
73788,24147123,24154643,7520,mobile_element
73789,24154977,24155042,65,CDS
73790,24155804,24155977,173,CDS
73791,24156897,24157049,152,CDS
73792,24157114,24157548,434,CDS
73793,24155843,24155977,134,CDS
73794,24156897,24157049,152,CDS
73795,24157114,24157548,434,CDS
73796,24157668,24159312,1644,gene
73797,24157668,24159312,1644,gene
73798,24159149,24159312,163,mRNA
73799,24158974,24159085,111,mRNA
73800,24158592,24158920,328,mRNA
73801,24157668,24158530,862,mRNA
73802,24159145,24159312,167,mRNA
73803,24158974,24159085,111,mRNA
73804,24158592,24158920,328,mRNA
73805,24157668,24158530,862,mRNA
73806,24159145,24159312,167,mRNA
73807,24158974,24159085,111,mRNA
73808,24158592,24158920,328,mRNA
73809,24157668,24158530,862,mRNA
73810,24157781,24158113,332,CDS
73811,24157781,24158113,332,CDS
73812,24159145,24159312,167,mRNA
73813,24158974,24159085,111,mRNA
73814,24158592,24158920,328,mRNA
73815,24158318,24158530,212,mRNA
73816,24159145,24159188,43,CDS
73817,24158974,24159085,111,CDS
73818,24158592,24158920,328,CDS
73819,24158362,24158530,168,CDS
73820,24159145,24159188,43,CDS
73821,24158974,24159085,111,CDS
73822,24158592,24158920,328,CDS
73823,24158362,24158530,168,CDS
73824,24159384,24161503,2119,gene
73825,24159384,24159626,242,mRNA
73826,24159680,24159957,277,mRNA
73827,24160017,24160225,208,mRNA
73828,24160288,24160871,583,mRNA
73829,24160929,24161214,285,mRNA
73830,24161279,24161503,224,mRNA
73831,24159471,24159626,155,CDS
73832,24159680,24159957,277,CDS
73833,24160017,24160225,208,CDS
73834,24160288,24160871,583,CDS
73835,24160929,24161214,285,CDS
73836,24161279,24161370,91,CDS
73837,24162489,24173660,11171,gene
73838,24162489,24162719,230,mRNA
73839,24166413,24166498,85,mRNA
73840,24168458,24169880,1422,mRNA
73841,24170127,24170766,639,mRNA
73842,24170828,24171096,268,mRNA
73843,24171170,24172271,1101,mRNA
73844,24172327,24172838,511,mRNA
73845,24173036,24173255,219,mRNA
73846,24173316,24173660,344,mRNA
73847,24162489,24162701,212,mRNA
73848,24166413,24166498,85,mRNA
73849,24168458,24169880,1422,mRNA
73850,24170127,24170766,639,mRNA
73851,24170828,24171096,268,mRNA
73852,24171170,24172271,1101,mRNA
73853,24172327,24172838,511,mRNA
73854,24173036,24173255,219,mRNA
73855,24173316,24173660,344,mRNA
73856,24166474,24166498,24,CDS
73857,24168458,24169880,1422,CDS
73858,24170127,24170766,639,CDS
73859,24170828,24171096,268,CDS
73860,24171170,24172271,1101,CDS
73861,24172327,24172838,511,CDS
73862,24173036,24173255,219,CDS
73863,24173316,24173396,80,CDS
73864,24166474,24166498,24,CDS
73865,24168458,24169880,1422,CDS
73866,24170127,24170766,639,CDS
73867,24170828,24171096,268,CDS
73868,24171170,24172271,1101,CDS
73869,24172327,24172838,511,CDS
73870,24173036,24173255,219,CDS
73871,24173316,24173396,80,CDS
73872,24167174,24167796,622,mRNA
73873,24168458,24169880,1422,mRNA
73874,24170127,24170766,639,mRNA
73875,24170828,24171096,268,mRNA
73876,24171170,24172271,1101,mRNA
73877,24172327,24172838,511,mRNA
73878,24173036,24173255,219,mRNA
73879,24173316,24173660,344,mRNA
73880,24167772,24167796,24,CDS
73881,24168458,24169880,1422,CDS
73882,24170127,24170766,639,CDS
73883,24170828,24171096,268,CDS
73884,24171170,24172271,1101,CDS
73885,24172327,24172838,511,CDS
73886,24173036,24173255,219,CDS
73887,24173316,24173396,80,CDS
73888,24173665,24174441,776,gene
73889,24174260,24174441,181,mRNA
73890,24173665,24174195,530,mRNA
73891,24174260,24174367,107,CDS
73892,24173836,24174195,359,CDS
73893,24174877,24186343,11466,gene
73894,24174877,24174967,90,mRNA
73895,24175028,24175396,368,mRNA
73896,24175473,24175724,251,mRNA
73897,24175917,24176191,274,mRNA
73898,24176427,24176831,404,mRNA
73899,24176893,24177291,398,mRNA
73900,24184723,24186343,1620,mRNA
73901,24174877,24174967,90,mRNA
73902,24175028,24175396,368,mRNA
73903,24175473,24175724,251,mRNA
73904,24175917,24176191,274,mRNA
73905,24176427,24176831,404,mRNA
73906,24176893,24177291,398,mRNA
73907,24184723,24184793,70,mRNA
73908,24185006,24185051,45,mRNA
73909,24185239,24185289,50,mRNA
73910,24185478,24185527,49,mRNA
73911,24185715,24185767,52,mRNA
73912,24185988,24186021,33,mRNA
73913,24186222,24186343,121,mRNA
73914,24174877,24174967,90,mRNA
73915,24175028,24175396,368,mRNA
73916,24175473,24175724,251,mRNA
73917,24175917,24176191,274,mRNA
73918,24176427,24176831,404,mRNA
73919,24176893,24177291,398,mRNA
73920,24184723,24184793,70,mRNA
73921,24185006,24185051,45,mRNA
73922,24185239,24185289,50,mRNA
73923,24185478,24185527,49,mRNA
73924,24185715,24185767,52,mRNA
73925,24186222,24186343,121,mRNA
73926,24174877,24174967,90,mRNA
73927,24175028,24175396,368,mRNA
73928,24175473,24175724,251,mRNA
73929,24185478,24185527,49,mRNA
73930,24185715,24185767,52,mRNA
73931,24185988,24186021,33,mRNA
73932,24186222,24186343,121,mRNA
73933,24174877,24174967,90,mRNA
73934,24175028,24175396,368,mRNA
73935,24175473,24175724,251,mRNA
73936,24175917,24176191,274,mRNA
73937,24176427,24176831,404,mRNA
73938,24176893,24177253,360,mRNA
73939,24174955,24174967,12,CDS
73940,24175028,24175396,368,CDS
73941,24175473,24175724,251,CDS
73942,24185478,24185527,49,CDS
73943,24174955,24174967,12,CDS
73944,24175028,24175396,368,CDS
73945,24175473,24175724,251,CDS
73946,24175917,24176191,274,CDS
73947,24176427,24176831,404,CDS
73948,24176893,24177105,212,CDS
73949,24174955,24174967,12,CDS
73950,24175028,24175396,368,CDS
73951,24175473,24175724,251,CDS
73952,24175917,24176191,274,CDS
73953,24176427,24176831,404,CDS
73954,24176893,24177105,212,CDS
73955,24174955,24174967,12,CDS
73956,24175028,24175396,368,CDS
73957,24175473,24175724,251,CDS
73958,24175917,24176191,274,CDS
73959,24176427,24176831,404,CDS
73960,24176893,24177105,212,CDS
73961,24174955,24174967,12,CDS
73962,24175028,24175396,368,CDS
73963,24175473,24175724,251,CDS
73964,24175917,24176191,274,CDS
73965,24176427,24176831,404,CDS
73966,24176893,24177105,212,CDS
73967,24176228,24176367,139,gene
73968,24176228,24176367,139,ncRNA
73969,24177291,24184718,7427,mobile_element
73970,24184840,24184923,83,gene
73971,24184840,24184923,83,ncRNA
73972,24185087,24185169,82,gene
73973,24185087,24185169,82,ncRNA
73974,24185323,24185405,82,gene
73975,24185323,24185405,82,ncRNA
73976,24185562,24185644,82,gene
73977,24185562,24185644,82,ncRNA
73978,24185825,24185922,97,gene
73979,24185825,24185922,97,ncRNA
73980,24186062,24186152,90,gene
73981,24186062,24186152,90,ncRNA
73982,24186703,24195290,8587,gene
73983,24186703,24186876,173,mRNA
73984,24188357,24189707,1350,mRNA
73985,24189767,24190736,969,mRNA
73986,24190797,24190963,166,mRNA
73987,24191027,24194934,3907,mRNA
73988,24195001,24195290,289,mRNA
73989,24187639,24187985,346,mRNA
73990,24188357,24189707,1350,mRNA
73991,24189767,24190736,969,mRNA
73992,24190797,24190963,166,mRNA
73993,24191027,24194934,3907,mRNA
73994,24195001,24195290,289,mRNA
73995,24188277,24189707,1430,mRNA
73996,24189767,24190736,969,mRNA
73997,24190797,24190963,166,mRNA
73998,24191027,24194934,3907,mRNA
73999,24195001,24195290,289,mRNA
74000,24188358,24189707,1349,CDS
74001,24189767,24190736,969,CDS
74002,24190797,24190963,166,CDS
74003,24191027,24194934,3907,CDS
74004,24195001,24195133,132,CDS
74005,24188358,24189707,1349,CDS
74006,24189767,24190736,969,CDS
74007,24190797,24190963,166,CDS
74008,24191027,24194934,3907,CDS
74009,24195001,24195133,132,CDS
74010,24188358,24189707,1349,CDS
74011,24189767,24190736,969,CDS
74012,24190797,24190963,166,CDS
74013,24191027,24194934,3907,CDS
74014,24195001,24195133,132,CDS
74015,24195498,24197027,1529,gene
74016,24195498,24197027,1529,mRNA
74017,24195872,24196831,959,CDS
74018,24197353,24197605,252,mobile_element
74019,24197824,24202187,4363,gene
74020,24197824,24198436,612,mRNA
74021,24198496,24199216,720,mRNA
74022,24199277,24199688,411,mRNA
74023,24199745,24199866,121,mRNA
74024,24199925,24200689,764,mRNA
74025,24200748,24200892,144,mRNA
74026,24200951,24201650,699,mRNA
74027,24201710,24202187,477,mRNA
74028,24198101,24198436,335,CDS
74029,24198496,24199216,720,CDS
74030,24199277,24199688,411,CDS
74031,24199745,24199866,121,CDS
74032,24199925,24200689,764,CDS
74033,24200748,24200892,144,CDS
74034,24200951,24201650,699,CDS
74035,24201710,24201877,167,CDS
74036,24202091,24208203,6112,gene
74037,24208144,24208203,59,mRNA
74038,24206230,24206802,572,mRNA
74039,24205811,24205969,158,mRNA
74040,24202735,24202819,84,mRNA
74041,24202091,24202574,483,mRNA
74042,24206230,24206940,710,mRNA
74043,24205811,24205969,158,mRNA
74044,24202735,24202819,84,mRNA
74045,24202091,24202574,483,mRNA
74046,24206230,24206940,710,mRNA
74047,24202735,24205969,3234,mRNA
74048,24202091,24202574,483,mRNA
74049,24206230,24206940,710,mRNA
74050,24202735,24205969,3234,mRNA
74051,24202091,24202646,555,mRNA
74052,24208144,24208203,59,CDS
74053,24206230,24206802,572,CDS
74054,24205811,24205969,158,CDS
74055,24202735,24202819,84,CDS
74056,24202261,24202574,313,CDS
74057,24206230,24206652,422,CDS
74058,24205811,24205969,158,CDS
74059,24202735,24202819,84,CDS
74060,24202261,24202574,313,CDS
74061,24206230,24206652,422,CDS
74062,24205592,24205969,377,CDS
74063,24206230,24206652,422,CDS
74064,24205592,24205969,377,CDS
74065,24212491,24229795,17304,gene
74066,24229079,24229795,716,mRNA
74067,24212491,24215585,3094,mRNA
74068,24229079,24229453,374,CDS
74069,24215067,24215585,518,CDS
74070,24237477,24238477,1000,gene
74071,24237477,24238477,1000,ncRNA
74072,24243255,24255094,11839,gene
74073,24243255,24243543,288,mRNA
74074,24244610,24245014,404,mRNA
74075,24252646,24252731,85,mRNA
74076,24252805,24253054,249,mRNA
74077,24253121,24253799,678,mRNA
74078,24253867,24254000,133,mRNA
74079,24254061,24254201,140,mRNA
74080,24254262,24255094,832,mRNA
74081,24244707,24245014,307,CDS
74082,24252646,24252731,85,CDS
74083,24252805,24253054,249,CDS
74084,24253121,24253799,678,CDS
74085,24253867,24254000,133,CDS
74086,24254061,24254201,140,CDS
74087,24254262,24254427,165,CDS
74088,24249055,24251303,2248,gene
74089,24250389,24251303,914,mRNA
74090,24249055,24250290,1235,mRNA
74091,24250389,24251303,914,CDS
74092,24249055,24250290,1235,CDS
74093,24251269,24251384,115,gene
74094,24251269,24251384,115,ncRNA
74095,24255327,24257414,2087,gene
74096,24255327,24255742,415,mRNA
74097,24255798,24256145,347,mRNA
74098,24256297,24257414,1117,mRNA
74099,24255389,24255742,353,CDS
74100,24255798,24256145,347,CDS
74101,24256297,24257160,863,CDS
74102,24258013,24265213,7200,gene
74103,24258013,24258475,462,mRNA
74104,24261926,24262108,182,mRNA
74105,24262164,24263481,1317,mRNA
74106,24263536,24263744,208,mRNA
74107,24263803,24264097,294,mRNA
74108,24264160,24265213,1053,mRNA
74109,24258013,24258475,462,mRNA
74110,24261926,24262108,182,mRNA
74111,24262164,24263481,1317,mRNA
74112,24263536,24263744,208,mRNA
74113,24263803,24264097,294,mRNA
74114,24264160,24264345,185,mRNA
74115,24264782,24265213,431,mRNA
74116,24258013,24258475,462,mRNA
74117,24261926,24262108,182,mRNA
74118,24262164,24263481,1317,mRNA
74119,24263536,24263744,208,mRNA
74120,24263803,24264097,294,mRNA
74121,24264160,24264345,185,mRNA
74122,24264586,24264758,172,mRNA
74123,24261334,24261849,515,mRNA
74124,24261926,24262108,182,mRNA
74125,24262164,24263481,1317,mRNA
74126,24263536,24263744,208,mRNA
74127,24263803,24264097,294,mRNA
74128,24264160,24264345,185,mRNA
74129,24264586,24264758,172,mRNA
74130,24261831,24261849,18,CDS
74131,24261926,24262108,182,CDS
74132,24262164,24263481,1317,CDS
74133,24263536,24263744,208,CDS
74134,24263803,24264097,294,CDS
74135,24264160,24264345,185,CDS
74136,24264586,24264670,84,CDS
74137,24261994,24262108,114,CDS
74138,24262164,24263481,1317,CDS
74139,24263536,24263744,208,CDS
74140,24263803,24264097,294,CDS
74141,24264160,24264345,185,CDS
74142,24264782,24264839,57,CDS
74143,24261994,24262108,114,CDS
74144,24262164,24263481,1317,CDS
74145,24263536,24263744,208,CDS
74146,24263803,24264097,294,CDS
74147,24264160,24264345,185,CDS
74148,24264586,24264670,84,CDS
74149,24261994,24262108,114,CDS
74150,24262164,24263481,1317,CDS
74151,24263536,24263744,208,CDS
74152,24263803,24264097,294,CDS
74153,24264160,24264349,189,CDS
74154,24267377,24269179,1802,gene
74155,24269090,24269179,89,mRNA
74156,24267377,24269030,1653,mRNA
74157,24267654,24268559,905,mRNA
74158,24269090,24269092,2,CDS
74159,24267720,24269030,1310,CDS
74160,24267720,24268415,695,CDS
74161,24275734,24291084,15350,gene
74162,24275734,24276131,397,mRNA
74163,24284828,24285074,246,mRNA
74164,24288025,24289349,1324,mRNA
74165,24289443,24289622,179,mRNA
74166,24289681,24289806,125,mRNA
74167,24289935,24291084,1149,mRNA
74168,24275734,24276131,397,mRNA
74169,24284828,24285074,246,mRNA
74170,24288025,24289349,1324,mRNA
74171,24289443,24289622,179,mRNA
74172,24289681,24289806,125,mRNA
74173,24289935,24291084,1149,mRNA
74174,24276129,24276131,2,CDS
74175,24284828,24285074,246,CDS
74176,24288025,24289349,1324,CDS
74177,24289443,24289622,179,CDS
74178,24289681,24289806,125,CDS
74179,24289935,24290327,392,CDS
74180,24276129,24276131,2,CDS
74181,24284828,24285074,246,CDS
74182,24288025,24289349,1324,CDS
74183,24289443,24289622,179,CDS
74184,24289681,24289806,125,CDS
74185,24289935,24290285,350,CDS
74186,24284687,24284762,75,mRNA
74187,24284828,24285074,246,mRNA
74188,24288025,24289349,1324,mRNA
74189,24289443,24289622,179,mRNA
74190,24289681,24289806,125,mRNA
74191,24289935,24291084,1149,mRNA
74192,24284687,24284755,68,mRNA
74193,24284828,24285074,246,mRNA
74194,24288025,24289349,1324,mRNA
74195,24289443,24289622,179,mRNA
74196,24289681,24289806,125,mRNA
74197,24289935,24291084,1149,mRNA
74198,24284828,24285074,246,CDS
74199,24288025,24289349,1324,CDS
74200,24289443,24289622,179,CDS
74201,24289681,24289806,125,CDS
74202,24289935,24290285,350,CDS
74203,24284828,24285074,246,CDS
74204,24288025,24289349,1324,CDS
74205,24289443,24289622,179,CDS
74206,24289681,24289806,125,CDS
74207,24289935,24290285,350,CDS
74208,24294097,24298111,4014,gene
74209,24294097,24294221,124,mRNA
74210,24295573,24295849,276,mRNA
74211,24295908,24297384,1476,mRNA
74212,24297683,24298111,428,mRNA
74213,24294221,24294221,0,CDS
74214,24295573,24295849,276,CDS
74215,24295908,24297384,1476,CDS
74216,24297683,24297991,308,CDS
74217,24294231,24294331,100,gene
74218,24294231,24294331,100,precursor_RNA
74219,24294259,24294280,21,ncRNA
74220,24294295,24294316,21,ncRNA
74221,24295399,24295849,450,mRNA
74222,24295908,24297384,1476,mRNA
74223,24297683,24298111,428,mRNA
74224,24295650,24295849,199,CDS
74225,24295908,24297384,1476,CDS
74226,24297683,24297991,308,CDS
74227,24305881,24313099,7218,gene
74228,24305881,24306138,257,mRNA
74229,24310722,24310830,108,mRNA
74230,24310893,24311137,244,mRNA
74231,24311194,24313099,1905,mRNA
74232,24305881,24306138,257,mRNA
74233,24310722,24310830,108,mRNA
74234,24310896,24311137,241,mRNA
74235,24311194,24313099,1905,mRNA
74236,24306082,24306138,56,CDS
74237,24310722,24310830,108,CDS
74238,24310893,24311137,244,CDS
74239,24311194,24312147,953,CDS
74240,24306082,24306138,56,CDS
74241,24310722,24310830,108,CDS
74242,24310896,24311137,241,CDS
74243,24311194,24312147,953,CDS
74244,24325027,24330277,5250,gene
74245,24325027,24325189,162,ncRNA
74246,24325267,24325425,158,ncRNA
74247,24329635,24329887,252,ncRNA
74248,24330019,24330277,258,ncRNA
74249,24329001,24329887,886,ncRNA
74250,24330019,24330277,258,ncRNA
74251,24329730,24329887,157,ncRNA
74252,24330019,24330277,258,ncRNA
74253,24331522,24334307,2785,gene
74254,24331522,24334307,2785,mRNA
74255,24331522,24334102,2580,mRNA
74256,24332421,24333770,1349,CDS
74257,24332421,24333770,1349,CDS
74258,24334785,24335976,1191,gene
74259,24334785,24335976,1191,ncRNA
74260,24342861,24376473,33612,gene
74261,24342861,24344674,1813,mRNA
74262,24348212,24348460,248,mRNA
74263,24375415,24375766,351,mRNA
74264,24375827,24376473,646,mRNA
74265,24342861,24344674,1813,mRNA
74266,24348212,24350189,1977,mRNA
74267,24343702,24344674,972,mRNA
74268,24348212,24348460,248,mRNA
74269,24375415,24375766,351,mRNA
74270,24375827,24376473,646,mRNA
74271,24344090,24344674,584,CDS
74272,24348212,24348460,248,CDS
74273,24375415,24375766,351,CDS
74274,24375827,24375990,163,CDS
74275,24344090,24344674,584,CDS
74276,24348212,24348460,248,CDS
74277,24375415,24375766,351,CDS
74278,24375827,24375990,163,CDS
74279,24344090,24344674,584,CDS
74280,24348212,24348694,482,CDS
74281,24350969,24351389,420,gene
74282,24351340,24351389,49,mRNA
74283,24350969,24351215,246,mRNA
74284,24351340,24351353,13,CDS
74285,24350969,24351215,246,CDS
74286,24351477,24369689,18212,gene
74287,24369446,24369689,243,ncRNA
74288,24351477,24352463,986,ncRNA
74289,24353484,24361787,8303,mobile_element
74290,24374063,24374136,73,gene
74291,24374063,24374136,73,tRNA
74292,24377831,24378740,909,gene
74293,24377831,24378250,419,mRNA
74294,24378306,24378740,434,mRNA
74295,24378127,24378250,123,CDS
74296,24378306,24378619,313,CDS
74297,24378630,24390294,11664,gene
74298,24389598,24390294,696,mRNA
74299,24383924,24385048,1124,mRNA
74300,24383436,24383619,183,mRNA
74301,24383241,24383377,136,mRNA
74302,24378630,24381856,3226,mRNA
74303,24389594,24390294,700,mRNA
74304,24383924,24385048,1124,mRNA
74305,24383436,24383619,183,mRNA
74306,24383190,24383377,187,mRNA
74307,24378630,24381856,3226,mRNA
74308,24383924,24384879,955,CDS
74309,24383436,24383619,183,CDS
74310,24383241,24383377,136,CDS
74311,24380767,24381856,1089,CDS
74312,24383924,24384879,955,CDS
74313,24383436,24383619,183,CDS
74314,24383190,24383377,187,CDS
74315,24380767,24381856,1089,CDS
74316,24390777,24391977,1200,gene
74317,24390777,24391977,1200,ncRNA
74318,24392129,24402680,10551,gene
74319,24402561,24402680,119,mRNA
74320,24401663,24401808,145,mRNA
74321,24401046,24401485,439,mRNA
74322,24400782,24400980,198,mRNA
74323,24400408,24400718,310,mRNA
74324,24400200,24400340,140,mRNA
74325,24399108,24399183,75,mRNA
74326,24398691,24399046,355,mRNA
74327,24396403,24398634,2231,mRNA
74328,24396233,24396339,106,mRNA
74329,24396043,24396175,132,mRNA
74330,24394295,24395275,980,mRNA
74331,24393413,24393514,101,mRNA
74332,24392129,24393203,1074,mRNA
74333,24402561,24402680,119,mRNA
74334,24401663,24401808,145,mRNA
74335,24401046,24401485,439,mRNA
74336,24400782,24400980,198,mRNA
74337,24400408,24400718,310,mRNA
74338,24400200,24400340,140,mRNA
74339,24399850,24399891,41,mRNA
74340,24399108,24399183,75,mRNA
74341,24398691,24399046,355,mRNA
74342,24396403,24398634,2231,mRNA
74343,24396233,24396339,106,mRNA
74344,24396043,24396175,132,mRNA
74345,24393488,24393514,26,mRNA
74346,24392129,24393203,1074,mRNA
74347,24401835,24402384,549,mRNA
74348,24401663,24401771,108,mRNA
74349,24401046,24401485,439,mRNA
74350,24400782,24400980,198,mRNA
74351,24400408,24400718,310,mRNA
74352,24400200,24400340,140,mRNA
74353,24399108,24399183,75,mRNA
74354,24398691,24399046,355,mRNA
74355,24396403,24398634,2231,mRNA
74356,24396233,24396339,106,mRNA
74357,24396043,24396175,132,mRNA
74358,24394295,24395275,980,mRNA
74359,24393413,24393514,101,mRNA
74360,24392129,24393203,1074,mRNA
74361,24402561,24402680,119,mRNA
74362,24401663,24401808,145,mRNA
74363,24401046,24401485,439,mRNA
74364,24400782,24400980,198,mRNA
74365,24400408,24400718,310,mRNA
74366,24400200,24400340,140,mRNA
74367,24399108,24399183,75,mRNA
74368,24398691,24399046,355,mRNA
74369,24396403,24398634,2231,mRNA
74370,24396233,24396339,106,mRNA
74371,24396043,24396175,132,mRNA
74372,24392823,24393203,380,mRNA
74373,24401046,24401369,323,CDS
74374,24400782,24400980,198,CDS
74375,24400408,24400718,310,CDS
74376,24400200,24400340,140,CDS
74377,24399108,24399183,75,CDS
74378,24398691,24399046,355,CDS
74379,24396403,24398634,2231,CDS
74380,24396233,24396339,106,CDS
74381,24396043,24396175,132,CDS
74382,24393054,24393203,149,CDS
74383,24401046,24401369,323,CDS
74384,24400782,24400980,198,CDS
74385,24400408,24400718,310,CDS
74386,24400200,24400340,140,CDS
74387,24399108,24399183,75,CDS
74388,24398691,24399046,355,CDS
74389,24396403,24398634,2231,CDS
74390,24396233,24396339,106,CDS
74391,24396043,24396175,132,CDS
74392,24394295,24395275,980,CDS
74393,24393413,24393514,101,CDS
74394,24393054,24393203,149,CDS
74395,24401046,24401369,323,CDS
74396,24400782,24400980,198,CDS
74397,24400408,24400718,310,CDS
74398,24400200,24400340,140,CDS
74399,24399108,24399183,75,CDS
74400,24398691,24399046,355,CDS
74401,24396403,24398634,2231,CDS
74402,24396233,24396339,106,CDS
74403,24396043,24396175,132,CDS
74404,24394295,24395275,980,CDS
74405,24393413,24393514,101,CDS
74406,24393054,24393203,149,CDS
74407,24401046,24401369,323,CDS
74408,24400782,24400980,198,CDS
74409,24400408,24400718,310,CDS
74410,24400200,24400340,140,CDS
74411,24399850,24399891,41,CDS
74412,24399108,24399183,75,CDS
74413,24398691,24399046,355,CDS
74414,24396403,24398634,2231,CDS
74415,24396233,24396339,106,CDS
74416,24396043,24396175,132,CDS
74417,24393488,24393514,26,CDS
74418,24393054,24393203,149,CDS
74419,24402561,24402680,119,mRNA
74420,24401663,24401808,145,mRNA
74421,24401046,24401444,398,mRNA
74422,24400782,24400980,198,mRNA
74423,24400408,24400718,310,mRNA
74424,24400200,24400340,140,mRNA
74425,24399108,24399183,75,mRNA
74426,24398691,24399046,355,mRNA
74427,24396403,24398634,2231,mRNA
74428,24396233,24396339,106,mRNA
74429,24396043,24396175,132,mRNA
74430,24393678,24395275,1597,mRNA
74431,24401046,24401369,323,CDS
74432,24400782,24400980,198,CDS
74433,24400408,24400718,310,CDS
74434,24400200,24400340,140,CDS
74435,24399108,24399183,75,CDS
74436,24398691,24399046,355,CDS
74437,24396403,24398634,2231,CDS
74438,24396233,24396339,106,CDS
74439,24396043,24396175,132,CDS
74440,24394247,24395275,1028,CDS
74441,24402561,24402680,119,mRNA
74442,24401663,24401808,145,mRNA
74443,24401046,24401485,439,mRNA
74444,24400782,24400980,198,mRNA
74445,24400408,24400718,310,mRNA
74446,24400200,24400340,140,mRNA
74447,24399108,24399183,75,mRNA
74448,24398691,24399046,355,mRNA
74449,24396403,24398634,2231,mRNA
74450,24396233,24396339,106,mRNA
74451,24395441,24396175,734,mRNA
74452,24401046,24401369,323,CDS
74453,24400782,24400980,198,CDS
74454,24400408,24400718,310,CDS
74455,24400200,24400340,140,CDS
74456,24399108,24399183,75,CDS
74457,24398691,24399046,355,CDS
74458,24396403,24398634,2231,CDS
74459,24396233,24396339,106,CDS
74460,24396019,24396175,156,CDS
74461,24400028,24404527,4499,gene
74462,24400028,24400103,75,mRNA
74463,24403064,24403364,300,mRNA
74464,24403432,24404527,1095,mRNA
74465,24403005,24403364,359,mRNA
74466,24403432,24404527,1095,mRNA
74467,24403005,24403364,359,mRNA
74468,24403432,24404527,1095,mRNA
74469,24403190,24403364,174,CDS
74470,24403432,24404333,901,CDS
74471,24403190,24403364,174,CDS
74472,24403432,24404273,841,CDS
74473,24403190,24403364,174,CDS
74474,24403432,24404273,841,CDS
74475,24404595,24411074,6479,gene
74476,24410378,24411074,696,mRNA
74477,24409387,24409874,487,mRNA
74478,24408963,24409239,276,mRNA
74479,24407442,24407652,210,mRNA
74480,24406933,24407385,452,mRNA
74481,24406525,24406819,294,mRNA
74482,24405757,24405957,200,mRNA
74483,24404595,24405697,1102,mRNA
74484,24410396,24410550,154,mRNA
74485,24409387,24409874,487,mRNA
74486,24408963,24409239,276,mRNA
74487,24407442,24407652,210,mRNA
74488,24406933,24407385,452,mRNA
74489,24406525,24406819,294,mRNA
74490,24405757,24405957,200,mRNA
74491,24404595,24405697,1102,mRNA
74492,24409387,24409572,185,CDS
74493,24408963,24409239,276,CDS
74494,24407442,24407652,210,CDS
74495,24406933,24407385,452,CDS
74496,24406525,24406819,294,CDS
74497,24405757,24405957,200,CDS
74498,24405452,24405697,245,CDS
74499,24409387,24409572,185,CDS
74500,24408963,24409239,276,CDS
74501,24407442,24407652,210,CDS
74502,24406933,24407385,452,CDS
74503,24406525,24406819,294,CDS
74504,24405757,24405957,200,CDS
74505,24405452,24405697,245,CDS
74506,24411870,24415295,3425,gene
74507,24411870,24415295,3425,gene
74508,24411870,24412119,249,mRNA
74509,24412178,24414411,2233,mRNA
74510,24414495,24414783,288,mRNA
74511,24414848,24415295,447,mRNA
74512,24411870,24412119,249,mRNA
74513,24412178,24414411,2233,mRNA
74514,24414495,24414783,288,mRNA
74515,24414848,24415295,447,mRNA
74516,24411963,24412119,156,CDS
74517,24412178,24414111,1933,CDS
74518,24414735,24414783,48,mRNA
74519,24414848,24415295,447,mRNA
74520,24414778,24414783,5,CDS
74521,24414848,24415231,383,CDS
74522,24414778,24414783,5,CDS
74523,24414848,24415231,383,CDS
74524,24415410,24428387,12977,gene
74525,24427910,24428387,477,mRNA
74526,24425685,24426001,316,mRNA
74527,24423734,24423789,55,mRNA
74528,24423442,24423674,232,mRNA
74529,24423184,24423371,187,mRNA
74530,24422909,24423004,95,mRNA
74531,24421868,24422079,211,mRNA
74532,24421341,24421497,156,mRNA
74533,24420304,24420829,525,mRNA
74534,24418985,24419276,291,mRNA
74535,24418621,24418874,253,mRNA
74536,24417431,24417859,428,mRNA
74537,24417122,24417337,215,mRNA
74538,24416182,24416265,83,mRNA
74539,24415895,24415960,65,mRNA
74540,24415410,24415673,263,mRNA
74541,24427910,24428387,477,mRNA
74542,24425685,24426001,316,mRNA
74543,24423734,24423789,55,mRNA
74544,24423442,24423674,232,mRNA
74545,24423184,24423371,187,mRNA
74546,24422909,24423004,95,mRNA
74547,24421868,24422079,211,mRNA
74548,24421341,24421497,156,mRNA
74549,24420304,24420829,525,mRNA
74550,24418985,24419276,291,mRNA
74551,24418621,24418874,253,mRNA
74552,24417431,24417859,428,mRNA
74553,24417122,24417337,215,mRNA
74554,24416922,24417062,140,mRNA
74555,24416678,24416857,179,mRNA
74556,24416182,24416265,83,mRNA
74557,24415895,24415960,65,mRNA
74558,24415410,24415673,263,mRNA
74559,24427910,24428387,477,mRNA
74560,24425685,24426001,316,mRNA
74561,24423734,24423789,55,mRNA
74562,24423442,24423674,232,mRNA
74563,24423184,24423371,187,mRNA
74564,24422909,24423004,95,mRNA
74565,24421868,24422079,211,mRNA
74566,24421341,24421497,156,mRNA
74567,24420304,24420829,525,mRNA
74568,24418985,24419276,291,mRNA
74569,24418621,24418874,253,mRNA
74570,24417431,24417859,428,mRNA
74571,24417122,24417337,215,mRNA
74572,24416922,24417062,140,mRNA
74573,24416678,24416857,179,mRNA
74574,24416414,24416599,185,mRNA
74575,24416182,24416265,83,mRNA
74576,24415895,24415960,65,mRNA
74577,24415410,24415673,263,mRNA
74578,24425685,24425973,288,CDS
74579,24423734,24423789,55,CDS
74580,24423442,24423674,232,CDS
74581,24423184,24423371,187,CDS
74582,24422909,24423004,95,CDS
74583,24421868,24422079,211,CDS
74584,24421341,24421497,156,CDS
74585,24420304,24420829,525,CDS
74586,24418985,24419276,291,CDS
74587,24418621,24418874,253,CDS
74588,24417431,24417859,428,CDS
74589,24417122,24417337,215,CDS
74590,24416182,24416265,83,CDS
74591,24415895,24415960,65,CDS
74592,24415571,24415673,102,CDS
74593,24425685,24425973,288,CDS
74594,24423734,24423789,55,CDS
74595,24423442,24423674,232,CDS
74596,24423184,24423371,187,CDS
74597,24422909,24423004,95,CDS
74598,24421868,24422079,211,CDS
74599,24421341,24421497,156,CDS
74600,24420304,24420829,525,CDS
74601,24418985,24419276,291,CDS
74602,24418621,24418874,253,CDS
74603,24417431,24417859,428,CDS
74604,24417122,24417337,215,CDS
74605,24416922,24417062,140,CDS
74606,24416678,24416857,179,CDS
74607,24416182,24416265,83,CDS
74608,24415895,24415960,65,CDS
74609,24415571,24415673,102,CDS
74610,24425685,24425973,288,CDS
74611,24423734,24423789,55,CDS
74612,24423442,24423674,232,CDS
74613,24423184,24423371,187,CDS
74614,24422909,24423004,95,CDS
74615,24421868,24422079,211,CDS
74616,24421341,24421497,156,CDS
74617,24420304,24420829,525,CDS
74618,24418985,24419276,291,CDS
74619,24418621,24418874,253,CDS
74620,24417431,24417859,428,CDS
74621,24417122,24417337,215,CDS
74622,24416922,24417062,140,CDS
74623,24416678,24416857,179,CDS
74624,24416414,24416599,185,CDS
74625,24416182,24416265,83,CDS
74626,24415895,24415960,65,CDS
74627,24415571,24415673,102,CDS
74628,24427910,24428387,477,mRNA
74629,24425685,24426001,316,mRNA
74630,24423734,24423789,55,mRNA
74631,24423442,24423674,232,mRNA
74632,24423184,24423371,187,mRNA
74633,24422909,24423004,95,mRNA
74634,24421868,24422079,211,mRNA
74635,24421341,24421497,156,mRNA
74636,24420304,24420829,525,mRNA
74637,24418985,24419276,291,mRNA
74638,24418621,24418874,253,mRNA
74639,24417427,24417859,432,mRNA
74640,24425685,24425973,288,CDS
74641,24423734,24423789,55,CDS
74642,24423442,24423674,232,CDS
74643,24423184,24423371,187,CDS
74644,24422909,24423004,95,CDS
74645,24421868,24422079,211,CDS
74646,24421341,24421497,156,CDS
74647,24420304,24420829,525,CDS
74648,24418985,24419276,291,CDS
74649,24418621,24418874,253,CDS
74650,24417427,24417859,432,CDS
74651,24423926,24425102,1176,gene
74652,24423926,24425102,1176,mRNA
74653,24423955,24425016,1061,CDS
74654,24429578,24430699,1121,gene
74655,24430351,24430699,348,mRNA
74656,24430012,24430288,276,mRNA
74657,24429578,24429958,380,mRNA
74658,24430351,24430613,262,CDS
74659,24430012,24430288,276,CDS
74660,24429605,24429958,353,CDS
74661,24431344,24432733,1389,gene
74662,24431344,24432733,1389,mRNA
74663,24431854,24432696,842,CDS
74664,24445500,24446839,1339,gene
74665,24445500,24446839,1339,mRNA
74666,24445553,24446728,1175,CDS
74667,24451084,24453040,1956,gene
74668,24452856,24453040,184,mRNA
74669,24452394,24452788,394,mRNA
74670,24452211,24452327,116,mRNA
74671,24451084,24452152,1068,mRNA
74672,24452856,24453005,149,CDS
74673,24452394,24452788,394,CDS
74674,24452211,24452327,116,CDS
74675,24451201,24452152,951,CDS
74676,24455292,24490656,35364,gene
74677,24455292,24455847,555,mRNA
74678,24483040,24483268,228,mRNA
74679,24483325,24483450,125,mRNA
74680,24484278,24484394,116,mRNA
74681,24486541,24486613,72,mRNA
74682,24486684,24487135,451,mRNA
74683,24487694,24487825,131,mRNA
74684,24487958,24488083,125,mRNA
74685,24488743,24490656,1913,mRNA
74686,24455292,24455847,555,mRNA
74687,24483040,24483268,228,mRNA
74688,24483325,24483450,125,mRNA
74689,24484278,24484394,116,mRNA
74690,24486541,24486613,72,mRNA
74691,24486684,24487135,451,mRNA
74692,24487694,24487825,131,mRNA
74693,24487958,24488083,125,mRNA
74694,24488743,24490656,1913,mRNA
74695,24472712,24474226,1514,gene
74696,24472712,24474226,1514,mRNA
74697,24472838,24474052,1214,CDS
74698,24474299,24475261,962,gene
74699,24474299,24474395,96,mRNA
74700,24474447,24475261,814,mRNA
74701,24474358,24475261,903,mRNA
74702,24474459,24475181,722,CDS
74703,24474459,24475181,722,CDS
74704,24475386,24476032,646,gene
74705,24475386,24475544,158,mRNA
74706,24475616,24476032,416,mRNA
74707,24475471,24475544,73,CDS
74708,24475616,24475934,318,CDS
74709,24483047,24483268,221,CDS
74710,24483325,24483450,125,CDS
74711,24484278,24484394,116,CDS
74712,24486541,24486613,72,CDS
74713,24486684,24487135,451,CDS
74714,24487694,24487825,131,CDS
74715,24487958,24488083,125,CDS
74716,24488743,24489645,902,CDS
74717,24483047,24483268,221,CDS
74718,24483325,24483450,125,CDS
74719,24484278,24484394,116,CDS
74720,24486541,24486613,72,CDS
74721,24486684,24487135,451,CDS
74722,24487694,24487825,131,CDS
74723,24487958,24488083,125,CDS
74724,24488743,24489447,704,CDS
74725,24492214,24492855,641,gene
74726,24492796,24492855,59,mRNA
74727,24492422,24492739,317,mRNA
74728,24492214,24492360,146,mRNA
74729,24492796,24492855,59,CDS
74730,24492422,24492739,317,CDS
74731,24492214,24492360,146,CDS
74732,24493256,24493948,692,gene
74733,24493889,24493948,59,mRNA
74734,24493512,24493829,317,mRNA
74735,24493256,24493459,203,mRNA
74736,24493889,24493948,59,CDS
74737,24493512,24493829,317,CDS
74738,24493256,24493459,203,CDS
74739,24494518,24497024,2506,gene
74740,24494518,24495398,880,mRNA
74741,24495451,24497024,1573,mRNA
74742,24494606,24495398,792,CDS
74743,24495451,24496895,1444,CDS
74744,24498083,24498669,586,gene
74745,24498083,24498669,586,ncRNA
74746,24499243,24500267,1024,gene
74747,24500182,24500267,85,mRNA
74748,24499603,24500124,521,mRNA
74749,24499243,24499542,299,mRNA
74750,24500182,24500192,10,CDS
74751,24499603,24500124,521,CDS
74752,24499416,24499542,126,CDS
74753,24500780,24502277,1497,gene
74754,24502086,24502277,191,mRNA
74755,24501792,24502021,229,mRNA
74756,24500780,24501611,831,mRNA
74757,24502086,24502277,191,mRNA
74758,24501792,24502021,229,mRNA
74759,24500865,24501611,746,mRNA
74760,24502086,24502187,101,CDS
74761,24501792,24502021,229,CDS
74762,24501185,24501611,426,CDS
74763,24502086,24502187,101,CDS
74764,24501792,24502021,229,CDS
74765,24501185,24501611,426,CDS
74766,24506870,24507706,836,gene
74767,24506870,24507706,836,mRNA
74768,24506963,24507589,626,CDS
74769,24509508,24515320,5812,gene
74770,24515231,24515320,89,mRNA
74771,24514536,24514870,334,mRNA
74772,24510854,24513171,2317,mRNA
74773,24510497,24510793,296,mRNA
74774,24509508,24510439,931,mRNA
74775,24515231,24515320,89,mRNA
74776,24514536,24514870,334,mRNA
74777,24510854,24513171,2317,mRNA
74778,24510497,24510793,296,mRNA
74779,24509764,24510439,675,mRNA
74780,24514536,24514997,461,mRNA
74781,24510854,24513171,2317,mRNA
74782,24510497,24510793,296,mRNA
74783,24509764,24510439,675,mRNA
74784,24514536,24514608,72,CDS
74785,24510854,24513171,2317,CDS
74786,24510497,24510793,296,CDS
74787,24510086,24510439,353,CDS
74788,24514536,24514608,72,CDS
74789,24510854,24513171,2317,CDS
74790,24510497,24510793,296,CDS
74791,24510086,24510439,353,CDS
74792,24514536,24514608,72,CDS
74793,24510854,24513171,2317,CDS
74794,24510497,24510793,296,CDS
74795,24510086,24510439,353,CDS
74796,24515685,24517458,1773,gene
74797,24515685,24517458,1773,mRNA
74798,24515725,24517458,1733,CDS
74799,24517824,24519152,1328,gene
74800,24517824,24519152,1328,exon
74801,24519423,24521147,1724,gene
74802,24519423,24521147,1724,mRNA
74803,24519423,24521147,1724,CDS
74804,24521369,24521829,460,gene
74805,24521369,24521829,460,exon
74806,24521874,24526089,4215,gene
74807,24525715,24526089,374,mRNA
74808,24524774,24525651,877,mRNA
74809,24521874,24524542,2668,mRNA
74810,24525715,24526089,374,mRNA
74811,24524774,24525651,877,mRNA
74812,24523705,24524542,837,mRNA
74813,24524774,24525472,698,CDS
74814,24524318,24524542,224,CDS
74815,24524774,24525472,698,CDS
74816,24524318,24524542,224,CDS
74817,24526172,24529581,3409,gene
74818,24526172,24527045,873,mRNA
74819,24527106,24527177,71,mRNA
74820,24527237,24529581,2344,mRNA
74821,24526301,24527045,744,CDS
74822,24527106,24527177,71,CDS
74823,24527237,24529335,2098,CDS
74824,24529554,24531272,1718,gene
74825,24529554,24531272,1718,mRNA
74826,24529554,24531272,1718,CDS
74827,24531594,24533391,1797,gene
74828,24531594,24531636,42,mRNA
74829,24532440,24532541,101,mRNA
74830,24532598,24532643,45,mRNA
74831,24532897,24533391,494,mRNA
74832,24531645,24531734,89,mRNA
74833,24532440,24532541,101,mRNA
74834,24532598,24532643,45,mRNA
74835,24532897,24533391,494,mRNA
74836,24532112,24532378,266,mRNA
74837,24532440,24532541,101,mRNA
74838,24532598,24532643,45,mRNA
74839,24532897,24533391,494,mRNA
74840,24532294,24532378,84,mRNA
74841,24532440,24532541,101,mRNA
74842,24532598,24532643,45,mRNA
74843,24532897,24533391,494,mRNA
74844,24532470,24532541,71,CDS
74845,24532598,24532643,45,CDS
74846,24532897,24533111,214,CDS
74847,24532470,24532541,71,CDS
74848,24532598,24532643,45,CDS
74849,24532897,24533111,214,CDS
74850,24532470,24532541,71,CDS
74851,24532598,24532643,45,CDS
74852,24532897,24533111,214,CDS
74853,24532470,24532541,71,CDS
74854,24532598,24532643,45,CDS
74855,24532897,24533111,214,CDS
74856,24533374,24556300,22926,gene
74857,24555943,24556300,357,mRNA
74858,24536025,24536637,612,mRNA
74859,24535142,24535326,184,mRNA
74860,24534415,24535086,671,mRNA
74861,24534244,24534363,119,mRNA
74862,24533374,24534187,813,mRNA
74863,24535142,24535427,285,mRNA
74864,24534415,24535086,671,mRNA
74865,24534244,24534363,119,mRNA
74866,24533374,24534187,813,mRNA
74867,24535142,24535324,182,CDS
74868,24534415,24535086,671,CDS
74869,24534244,24534363,119,CDS
74870,24533501,24534187,686,CDS
74871,24535142,24535324,182,CDS
74872,24534415,24535086,671,CDS
74873,24534244,24534363,119,CDS
74874,24533501,24534187,686,CDS
74875,24536190,24536791,601,gene
74876,24536190,24536791,601,mRNA
74877,24536199,24536627,428,CDS
74878,24537421,24558961,21540,gene
74879,24537421,24537522,101,mRNA
74880,24555354,24555571,217,mRNA
74881,24556284,24556937,653,mRNA
74882,24539941,24541020,1079,mRNA
74883,24555354,24555571,217,mRNA
74884,24556284,24557699,1415,mRNA
74885,24558030,24558961,931,mRNA
74886,24539941,24541020,1079,mRNA
74887,24555354,24555571,217,mRNA
74888,24558030,24558961,931,mRNA
74889,24539941,24541020,1079,mRNA
74890,24555354,24555571,217,mRNA
74891,24556005,24556477,472,mRNA
74892,24543696,24544090,394,mRNA
74893,24545427,24545690,263,mRNA
74894,24555354,24555571,217,mRNA
74895,24556284,24556937,653,mRNA
74896,24555354,24555571,217,CDS
74897,24558030,24558138,108,CDS
74898,24555354,24555571,217,CDS
74899,24556284,24556425,141,CDS
74900,24555354,24555571,217,CDS
74901,24556284,24556425,141,CDS
74902,24555354,24555571,217,CDS
74903,24556284,24556425,141,CDS
74904,24555354,24555571,217,CDS
74905,24556005,24556146,141,CDS
74906,24558967,24561087,2120,gene
74907,24560853,24561087,234,mRNA
74908,24560292,24560410,118,mRNA
74909,24559830,24560225,395,mRNA
74910,24559623,24559774,151,mRNA
74911,24559455,24559564,109,mRNA
74912,24558967,24559132,165,mRNA
74913,24560853,24561053,200,mRNA
74914,24560292,24560410,118,mRNA
74915,24559830,24560225,395,mRNA
74916,24559623,24559774,151,mRNA
74917,24559455,24559564,109,mRNA
74918,24558967,24559132,165,mRNA
74919,24560853,24561060,207,CDS
74920,24560292,24560410,118,CDS
74921,24559830,24560225,395,CDS
74922,24559623,24559774,151,CDS
74923,24559455,24559564,109,CDS
74924,24559101,24559132,31,CDS
74925,24560853,24560916,63,CDS
74926,24560292,24560410,118,CDS
74927,24559830,24560225,395,CDS
74928,24559623,24559774,151,CDS
74929,24559455,24559564,109,CDS
74930,24559101,24559132,31,CDS
74931,24560853,24561053,200,mRNA
74932,24560292,24560410,118,mRNA
74933,24559830,24560225,395,mRNA
74934,24559623,24559774,151,mRNA
74935,24559152,24559564,412,mRNA
74936,24560853,24560916,63,CDS
74937,24560292,24560410,118,CDS
74938,24559830,24560225,395,CDS
74939,24559623,24559774,151,CDS
74940,24559423,24559564,141,CDS
74941,24561607,24565058,3451,gene
74942,24561607,24562138,531,mRNA
74943,24562197,24562342,145,mRNA
74944,24562406,24562969,563,mRNA
74945,24563027,24564245,1218,mRNA
74946,24564313,24564510,197,mRNA
74947,24564579,24565058,479,mRNA
74948,24561860,24562138,278,CDS
74949,24562197,24562342,145,CDS
74950,24562406,24562969,563,CDS
74951,24563027,24564245,1218,CDS
74952,24564313,24564510,197,CDS
74953,24564579,24564776,197,CDS
74954,24565554,24568082,2528,gene
74955,24565554,24565615,61,mRNA
74956,24565686,24565984,298,mRNA
74957,24566041,24567439,1398,mRNA
74958,24567492,24568082,590,mRNA
74959,24565586,24565615,29,CDS
74960,24565686,24565984,298,CDS
74961,24566041,24567439,1398,CDS
74962,24567492,24567959,467,CDS
74963,24567987,24571821,3834,gene
74964,24571118,24571821,703,mRNA
74965,24570934,24571027,93,mRNA
74966,24570435,24570871,436,mRNA
74967,24570172,24570353,181,mRNA
74968,24568940,24570109,1169,mRNA
74969,24568660,24568869,209,mRNA
74970,24567987,24568602,615,mRNA
74971,24571118,24571660,542,mRNA
74972,24570934,24571027,93,mRNA
74973,24570435,24570871,436,mRNA
74974,24570172,24570353,181,mRNA
74975,24568940,24570109,1169,mRNA
74976,24568660,24568869,209,mRNA
74977,24567987,24568602,615,mRNA
74978,24571118,24571524,406,CDS
74979,24570934,24571027,93,CDS
74980,24570435,24570871,436,CDS
74981,24570172,24570353,181,CDS
74982,24568940,24570109,1169,CDS
74983,24568660,24568869,209,CDS
74984,24568460,24568602,142,CDS
74985,24571118,24571524,406,CDS
74986,24570934,24571027,93,CDS
74987,24570435,24570871,436,CDS
74988,24570172,24570353,181,CDS
74989,24568940,24570109,1169,CDS
74990,24568660,24568869,209,CDS
74991,24568460,24568602,142,CDS
74992,24571627,24574503,2876,gene
74993,24571627,24571707,80,mRNA
74994,24571772,24572074,302,mRNA
74995,24572125,24572328,203,mRNA
74996,24572386,24572569,183,mRNA
74997,24572624,24572856,232,mRNA
74998,24572915,24573128,213,mRNA
74999,24573182,24573484,302,mRNA
75000,24573552,24573670,118,mRNA
75001,24573816,24573936,120,mRNA
75002,24573996,24574215,219,mRNA
75003,24574284,24574503,219,mRNA
75004,24571849,24572074,225,mRNA
75005,24572125,24572328,203,mRNA
75006,24572386,24572569,183,mRNA
75007,24572624,24572856,232,mRNA
75008,24572915,24573128,213,mRNA
75009,24573182,24573484,302,mRNA
75010,24573552,24573670,118,mRNA
75011,24573816,24573936,120,mRNA
75012,24573996,24574215,219,mRNA
75013,24574284,24574503,219,mRNA
75014,24571906,24572074,168,CDS
75015,24572125,24572328,203,CDS
75016,24572386,24572569,183,CDS
75017,24572624,24572856,232,CDS
75018,24572915,24573128,213,CDS
75019,24573182,24573484,302,CDS
75020,24573552,24573670,118,CDS
75021,24573816,24573936,120,CDS
75022,24573996,24574215,219,CDS
75023,24574284,24574430,146,CDS
75024,24571906,24572074,168,CDS
75025,24572125,24572328,203,CDS
75026,24572386,24572569,183,CDS
75027,24572624,24572856,232,CDS
75028,24572915,24573128,213,CDS
75029,24573182,24573484,302,CDS
75030,24573552,24573670,118,CDS
75031,24573816,24573936,120,CDS
75032,24573996,24574215,219,CDS
75033,24574284,24574430,146,CDS
75034,24574559,24577676,3117,gene
75035,24574559,24574900,341,mRNA
75036,24574959,24575089,130,mRNA
75037,24575151,24575299,148,mRNA
75038,24575362,24575520,158,mRNA
75039,24575576,24575629,53,mRNA
75040,24575691,24575823,132,mRNA
75041,24575877,24576010,133,mRNA
75042,24576194,24576346,152,mRNA
75043,24576401,24576505,104,mRNA
75044,24576566,24577107,541,mRNA
75045,24577153,24577299,146,mRNA
75046,24577366,24577676,310,mRNA
75047,24574559,24574900,341,mRNA
75048,24574959,24575089,130,mRNA
75049,24575151,24575299,148,mRNA
75050,24575362,24575520,158,mRNA
75051,24575576,24575629,53,mRNA
75052,24575691,24575823,132,mRNA
75053,24575877,24576010,133,mRNA
75054,24576194,24576346,152,mRNA
75055,24576401,24576505,104,mRNA
75056,24576566,24577107,541,mRNA
75057,24577176,24577299,123,mRNA
75058,24577366,24577676,310,mRNA
75059,24574559,24574733,174,mRNA
75060,24574959,24575089,130,mRNA
75061,24575151,24575299,148,mRNA
75062,24575362,24575520,158,mRNA
75063,24575576,24575629,53,mRNA
75064,24575691,24575823,132,mRNA
75065,24575877,24576010,133,mRNA
75066,24576194,24576346,152,mRNA
75067,24576401,24576505,104,mRNA
75068,24576566,24577107,541,mRNA
75069,24577176,24577299,123,mRNA
75070,24577366,24577676,310,mRNA
75071,24574990,24575089,99,CDS
75072,24575151,24575299,148,CDS
75073,24575362,24575520,158,CDS
75074,24575576,24575629,53,CDS
75075,24575691,24575823,132,CDS
75076,24575877,24576010,133,CDS
75077,24576194,24576346,152,CDS
75078,24576401,24576505,104,CDS
75079,24576566,24577107,541,CDS
75080,24577176,24577299,123,CDS
75081,24577366,24577464,98,CDS
75082,24574990,24575089,99,CDS
75083,24575151,24575299,148,CDS
75084,24575362,24575520,158,CDS
75085,24575576,24575629,53,CDS
75086,24575691,24575823,132,CDS
75087,24575877,24576010,133,CDS
75088,24576194,24576346,152,CDS
75089,24576401,24576505,104,CDS
75090,24576566,24577107,541,CDS
75091,24577176,24577299,123,CDS
75092,24577366,24577464,98,CDS
75093,24574990,24575089,99,CDS
75094,24575151,24575299,148,CDS
75095,24575362,24575520,158,CDS
75096,24575576,24575629,53,CDS
75097,24575691,24575823,132,CDS
75098,24575877,24576010,133,CDS
75099,24576194,24576346,152,CDS
75100,24576401,24576505,104,CDS
75101,24576566,24577107,541,CDS
75102,24577153,24577261,108,CDS
75103,24576103,24576137,34,mRNA
75104,24576194,24576346,152,mRNA
75105,24576401,24576505,104,mRNA
75106,24576566,24577107,541,mRNA
75107,24577176,24577299,123,mRNA
75108,24577366,24577676,310,mRNA
75109,24576129,24576137,8,CDS
75110,24576194,24576346,152,CDS
75111,24576401,24576505,104,CDS
75112,24576566,24577107,541,CDS
75113,24577176,24577299,123,CDS
75114,24577366,24577464,98,CDS
75115,24577566,24578143,577,gene
75116,24577934,24578143,209,mRNA
75117,24577566,24577881,315,mRNA
75118,24577934,24578066,132,CDS
75119,24577796,24577881,85,CDS
75120,24578247,24579827,1580,gene
75121,24579027,24579827,800,mRNA
75122,24578247,24578942,695,mRNA
75123,24579027,24579598,571,CDS
75124,24578348,24578942,594,CDS
75125,24581245,24597862,16617,gene
75126,24581245,24582078,833,mRNA
75127,24588747,24588805,58,mRNA
75128,24589377,24589425,48,mRNA
75129,24591952,24592174,222,mRNA
75130,24592233,24592299,66,mRNA
75131,24595858,24596339,481,mRNA
75132,24596396,24596714,318,mRNA
75133,24596768,24597862,1094,mRNA
75134,24581245,24581368,123,mRNA
75135,24581841,24582078,237,mRNA
75136,24588747,24588805,58,mRNA
75137,24589377,24589425,48,mRNA
75138,24591952,24592174,222,mRNA
75139,24592233,24592299,66,mRNA
75140,24595858,24596339,481,mRNA
75141,24596396,24596714,318,mRNA
75142,24596768,24597862,1094,mRNA
75143,24581245,24581364,119,mRNA
75144,24581841,24582078,237,mRNA
75145,24588747,24588805,58,mRNA
75146,24589377,24589425,48,mRNA
75147,24591952,24592174,222,mRNA
75148,24592233,24592299,66,mRNA
75149,24592365,24592756,391,mRNA
75150,24587707,24587786,79,mRNA
75151,24588747,24588805,58,mRNA
75152,24589377,24589425,48,mRNA
75153,24591952,24592174,222,mRNA
75154,24592233,24592299,66,mRNA
75155,24595858,24596339,481,mRNA
75156,24596396,24596714,318,mRNA
75157,24596768,24597862,1094,mRNA
75158,24588755,24588805,50,CDS
75159,24589377,24589425,48,CDS
75160,24591952,24592174,222,CDS
75161,24592233,24592299,66,CDS
75162,24595858,24596339,481,CDS
75163,24596396,24596714,318,CDS
75164,24596768,24596965,197,CDS
75165,24588755,24588805,50,CDS
75166,24589377,24589425,48,CDS
75167,24591952,24592174,222,CDS
75168,24592233,24592299,66,CDS
75169,24595858,24596339,481,CDS
75170,24596396,24596714,318,CDS
75171,24596768,24596965,197,CDS
75172,24588755,24588805,50,CDS
75173,24589377,24589425,48,CDS
75174,24591952,24592174,222,CDS
75175,24592233,24592299,66,CDS
75176,24595858,24596339,481,CDS
75177,24596396,24596714,318,CDS
75178,24596768,24596965,197,CDS
75179,24588755,24588805,50,CDS
75180,24589377,24589425,48,CDS
75181,24591952,24592174,222,CDS
75182,24592233,24592299,66,CDS
75183,24592365,24592445,80,CDS
75184,24597995,24599091,1096,gene
75185,24597995,24598433,438,mRNA
75186,24598491,24598833,342,mRNA
75187,24598899,24599091,192,mRNA
75188,24597995,24598433,438,CDS
75189,24598491,24598833,342,CDS
75190,24598899,24599091,192,CDS
75191,24599088,24599821,733,gene
75192,24599767,24599821,54,mRNA
75193,24599617,24599699,82,mRNA
75194,24599088,24599497,409,mRNA
75195,24599617,24599797,180,mRNA
75196,24599088,24599497,409,mRNA
75197,24599617,24599695,78,CDS
75198,24599253,24599497,244,CDS
75199,24599617,24599695,78,CDS
75200,24599253,24599497,244,CDS
75201,24599947,24602367,2420,gene
75202,24599947,24600385,438,mRNA
75203,24600461,24600980,519,mRNA
75204,24601109,24602367,1258,mRNA
75205,24600048,24600385,337,CDS
75206,24600461,24600980,519,CDS
75207,24601109,24601612,503,CDS
75208,24602472,24603488,1016,gene
75209,24602472,24602911,439,mRNA
75210,24602969,24603076,107,mRNA
75211,24603138,24603488,350,mRNA
75212,24602522,24602911,389,CDS
75213,24602969,24603076,107,CDS
75214,24603138,24603374,236,CDS
75215,24603572,24604670,1098,gene
75216,24603572,24604670,1098,mRNA
75217,24603650,24604558,908,CDS
75218,24604595,24607023,2428,gene
75219,24606785,24607023,238,mRNA
75220,24605448,24606721,1273,mRNA
75221,24604994,24605384,390,mRNA
75222,24604595,24604938,343,mRNA
75223,24606785,24606901,116,CDS
75224,24605448,24606721,1273,CDS
75225,24604994,24605384,390,CDS
75226,24604699,24604938,239,CDS
75227,24607267,24610847,3580,gene
75228,24607267,24607521,254,mRNA
75229,24608935,24609036,101,mRNA
75230,24609090,24609293,203,mRNA
75231,24609354,24609955,601,mRNA
75232,24610016,24610237,221,mRNA
75233,24610297,24610847,550,mRNA
75234,24607366,24607521,155,CDS
75235,24608935,24609036,101,CDS
75236,24609090,24609293,203,CDS
75237,24609354,24609955,601,CDS
75238,24610016,24610237,221,CDS
75239,24610297,24610501,204,CDS
75240,24607673,24608788,1115,gene
75241,24607673,24608084,411,mRNA
75242,24608143,24608261,118,mRNA
75243,24608319,24608788,469,mRNA
75244,24607794,24608084,290,CDS
75245,24608143,24608261,118,CDS
75246,24608319,24608532,213,CDS
75247,24610801,24615158,4357,gene
75248,24614845,24615158,313,mRNA
75249,24614729,24614786,57,mRNA
75250,24610801,24611282,481,mRNA
75251,24614033,24614373,340,mRNA
75252,24613914,24613971,57,mRNA
75253,24610801,24611282,481,mRNA
75254,24611407,24611844,437,mRNA
75255,24610841,24611282,441,mRNA
75256,24614845,24614910,65,CDS
75257,24614729,24614786,57,CDS
75258,24610960,24611282,322,CDS
75259,24614033,24614275,242,CDS
75260,24613914,24613971,57,CDS
75261,24610960,24611282,322,CDS
75262,24610960,24611271,311,CDS
75263,24611703,24613906,2203,gene
75264,24611703,24611822,119,mRNA
75265,24612167,24613287,1120,mRNA
75266,24613351,24613446,95,mRNA
75267,24613508,24613906,398,mRNA
75268,24611882,24613287,1405,mRNA
75269,24613351,24613446,95,mRNA
75270,24613508,24613906,398,mRNA
75271,24612175,24613287,1112,CDS
75272,24613351,24613446,95,CDS
75273,24613508,24613855,347,CDS
75274,24612175,24613287,1112,CDS
75275,24613351,24613446,95,CDS
75276,24613508,24613855,347,CDS
75277,24615423,24638588,23165,gene
75278,24638467,24638588,121,mRNA
75279,24637283,24637478,195,mRNA
75280,24624999,24625319,320,mRNA
75281,24624460,24624542,82,mRNA
75282,24623673,24624358,685,mRNA
75283,24621348,24621651,303,mRNA
75284,24620702,24621067,365,mRNA
75285,24615423,24616199,776,mRNA
75286,24638426,24638588,162,mRNA
75287,24637283,24637478,195,mRNA
75288,24624999,24625319,320,mRNA
75289,24624460,24624542,82,mRNA
75290,24623673,24624358,685,mRNA
75291,24621348,24621651,303,mRNA
75292,24620702,24621067,365,mRNA
75293,24615423,24616199,776,mRNA
75294,24624999,24625002,3,CDS
75295,24624460,24624542,82,CDS
75296,24623673,24624358,685,CDS
75297,24621348,24621651,303,CDS
75298,24620708,24621067,359,CDS
75299,24624999,24625002,3,CDS
75300,24624460,24624542,82,CDS
75301,24623673,24624358,685,CDS
75302,24621348,24621651,303,CDS
75303,24620708,24621067,359,CDS
75304,24628627,24628744,117,gene
75305,24628627,24628744,117,ncRNA
75306,24630901,24632932,2031,gene
75307,24631413,24632932,1519,ncRNA
75308,24630901,24631332,431,ncRNA
75309,24631063,24632923,1860,gene
75310,24631063,24631364,301,mRNA
75311,24631425,24631959,534,mRNA
75312,24632018,24632923,905,mRNA
75313,24631186,24631364,178,CDS
75314,24631425,24631959,534,CDS
75315,24632018,24632872,854,CDS
75316,24639688,24640756,1068,gene
75317,24639688,24639830,142,mRNA
75318,24639906,24640756,850,mRNA
75319,24639696,24639830,134,CDS
75320,24639906,24640661,755,CDS
75321,24640683,24642239,1556,gene
75322,24640683,24642239,1556,mRNA
75323,24640803,24642212,1409,CDS
75324,24647644,24655143,7499,mobile_element
75325,24661503,24662409,906,gene
75326,24661503,24661717,214,mRNA
75327,24661788,24661997,209,mRNA
75328,24662055,24662409,354,mRNA
75329,24661595,24661717,122,CDS
75330,24661788,24661997,209,CDS
75331,24662055,24662348,293,CDS
75332,24662682,24663406,724,gene
75333,24663291,24663320,29,mRNA
75334,24662682,24663232,550,mRNA
75335,24663291,24663406,115,mRNA
75336,24662855,24663232,377,mRNA
75337,24663291,24663302,11,CDS
75338,24662963,24663232,269,CDS
75339,24663291,24663302,11,CDS
75340,24662963,24663232,269,CDS
75341,24663532,24664377,845,gene
75342,24663532,24664377,845,mRNA
75343,24663574,24664329,755,CDS
75344,24664398,24665439,1041,gene
75345,24664398,24664456,58,mRNA
75346,24664508,24664679,171,mRNA
75347,24664854,24665029,175,mRNA
75348,24665093,24665183,90,mRNA
75349,24665237,24665439,202,mRNA
75350,24664398,24664446,48,mRNA
75351,24664516,24664679,163,mRNA
75352,24664854,24665029,175,mRNA
75353,24665093,24665183,90,mRNA
75354,24665237,24665439,202,mRNA
75355,24664423,24664456,33,mRNA
75356,24664516,24664679,163,mRNA
75357,24664854,24665029,175,mRNA
75358,24665093,24665183,90,mRNA
75359,24665237,24665439,202,mRNA
75360,24664423,24664446,23,mRNA
75361,24664508,24664679,171,mRNA
75362,24664854,24665029,175,mRNA
75363,24665093,24665183,90,mRNA
75364,24665237,24665439,202,mRNA
75365,24664551,24664679,128,CDS
75366,24664854,24665029,175,CDS
75367,24665093,24665183,90,CDS
75368,24665237,24665368,131,CDS
75369,24664551,24664679,128,CDS
75370,24664854,24665029,175,CDS
75371,24665093,24665183,90,CDS
75372,24665237,24665368,131,CDS
75373,24664551,24664679,128,CDS
75374,24664854,24665029,175,CDS
75375,24665093,24665183,90,CDS
75376,24665237,24665368,131,CDS
75377,24664551,24664679,128,CDS
75378,24664854,24665029,175,CDS
75379,24665093,24665183,90,CDS
75380,24665237,24665368,131,CDS
75381,24665427,24666022,595,gene
75382,24665898,24666022,124,mRNA
75383,24665427,24665838,411,mRNA
75384,24665898,24665956,58,CDS
75385,24665451,24665838,387,CDS
75386,24666158,24668343,2185,gene
75387,24667184,24668343,1159,mRNA
75388,24666869,24667124,255,mRNA
75389,24666158,24666811,653,mRNA
75390,24667184,24668301,1117,CDS
75391,24666869,24667124,255,CDS
75392,24666212,24666811,599,CDS
75393,24668411,24669330,919,gene
75394,24669152,24669330,178,mRNA
75395,24668737,24669096,359,mRNA
75396,24668411,24668680,269,mRNA
75397,24669152,24669276,124,mRNA
75398,24668737,24669096,359,mRNA
75399,24668429,24668680,251,mRNA
75400,24669152,24669231,79,CDS
75401,24668737,24669096,359,CDS
75402,24668473,24668680,207,CDS
75403,24669152,24669231,79,CDS
75404,24668737,24669096,359,CDS
75405,24668473,24668680,207,CDS
75406,24669397,24671577,2180,gene
75407,24669397,24669474,77,mRNA
75408,24669524,24669847,323,mRNA
75409,24669902,24670786,884,mRNA
75410,24670848,24671039,191,mRNA
75411,24671098,24671577,479,mRNA
75412,24669397,24669847,450,mRNA
75413,24669902,24670786,884,mRNA
75414,24670848,24671039,191,mRNA
75415,24671098,24671305,207,mRNA
75416,24669397,24669474,77,mRNA
75417,24669528,24669847,319,mRNA
75418,24669902,24670786,884,mRNA
75419,24670848,24671039,191,mRNA
75420,24671098,24671305,207,mRNA
75421,24669571,24669847,276,CDS
75422,24669902,24670786,884,CDS
75423,24670848,24671039,191,CDS
75424,24671098,24671231,133,CDS
75425,24669571,24669847,276,CDS
75426,24669902,24670786,884,CDS
75427,24670848,24671039,191,CDS
75428,24671098,24671231,133,CDS
75429,24669571,24669847,276,CDS
75430,24669902,24670786,884,CDS
75431,24670848,24671039,191,CDS
75432,24671098,24671231,133,CDS
75433,24671294,24688184,16890,gene
75434,24687003,24687377,374,mRNA
75435,24682214,24682441,227,mRNA
75436,24676196,24676599,403,mRNA
75437,24675210,24676125,915,mRNA
75438,24675063,24675141,78,mRNA
75439,24672551,24672851,300,mRNA
75440,24671294,24672306,1012,mRNA
75441,24687003,24687377,374,mRNA
75442,24682214,24682441,227,mRNA
75443,24676196,24676599,403,mRNA
75444,24675210,24676125,915,mRNA
75445,24675063,24675141,78,mRNA
75446,24672551,24673316,765,mRNA
75447,24671294,24672306,1012,mRNA
75448,24687003,24687377,374,mRNA
75449,24682214,24682441,227,mRNA
75450,24676196,24676599,403,mRNA
75451,24675210,24676125,915,mRNA
75452,24674973,24675141,168,mRNA
75453,24671294,24672306,1012,mRNA
75454,24684707,24685090,383,mRNA
75455,24682214,24682441,227,mRNA
75456,24676196,24676599,403,mRNA
75457,24675210,24676125,915,mRNA
75458,24675063,24675141,78,mRNA
75459,24671294,24672306,1012,mRNA
75460,24684707,24685090,383,mRNA
75461,24682214,24682441,227,mRNA
75462,24676196,24676599,403,mRNA
75463,24675210,24676125,915,mRNA
75464,24675063,24675141,78,mRNA
75465,24672551,24672851,300,mRNA
75466,24671294,24672306,1012,mRNA
75467,24684707,24685090,383,mRNA
75468,24682214,24682441,227,mRNA
75469,24676196,24676599,403,mRNA
75470,24675210,24676125,915,mRNA
75471,24675063,24675141,78,mRNA
75472,24672551,24673316,765,mRNA
75473,24671294,24672306,1012,mRNA
75474,24684707,24685090,383,mRNA
75475,24682214,24682441,227,mRNA
75476,24676196,24676599,403,mRNA
75477,24675210,24676125,915,mRNA
75478,24674973,24675141,168,mRNA
75479,24672551,24673316,765,mRNA
75480,24671294,24672306,1012,mRNA
75481,24682214,24682315,101,CDS
75482,24676196,24676599,403,CDS
75483,24675210,24676125,915,CDS
75484,24675063,24675141,78,CDS
75485,24672143,24672306,163,CDS
75486,24682214,24682315,101,CDS
75487,24676196,24676599,403,CDS
75488,24675210,24676125,915,CDS
75489,24674973,24675141,168,CDS
75490,24672143,24672306,163,CDS
75491,24682214,24682315,101,CDS
75492,24676196,24676599,403,CDS
75493,24675210,24676125,915,CDS
75494,24675063,24675141,78,CDS
75495,24672766,24672851,85,CDS
75496,24682214,24682315,101,CDS
75497,24676196,24676599,403,CDS
75498,24675210,24676125,915,CDS
75499,24675063,24675141,78,CDS
75500,24672766,24672851,85,CDS
75501,24682214,24682315,101,CDS
75502,24676196,24676599,403,CDS
75503,24675210,24676125,915,CDS
75504,24675063,24675141,78,CDS
75505,24673279,24673316,37,CDS
75506,24682214,24682315,101,CDS
75507,24676196,24676599,403,CDS
75508,24675210,24676125,915,CDS
75509,24675063,24675141,78,CDS
75510,24673279,24673316,37,CDS
75511,24682214,24682315,101,CDS
75512,24676196,24676599,403,CDS
75513,24675210,24676125,915,CDS
75514,24674973,24675141,168,CDS
75515,24673279,24673316,37,CDS
75516,24687896,24688184,288,mRNA
75517,24682214,24682441,227,mRNA
75518,24676196,24676599,403,mRNA
75519,24675210,24676125,915,mRNA
75520,24674676,24675141,465,mRNA
75521,24687003,24687377,374,mRNA
75522,24682214,24682441,227,mRNA
75523,24676196,24676599,403,mRNA
75524,24675210,24676125,915,mRNA
75525,24674676,24675141,465,mRNA
75526,24684707,24685090,383,mRNA
75527,24682214,24682441,227,mRNA
75528,24676196,24676599,403,mRNA
75529,24675210,24676125,915,mRNA
75530,24674676,24675141,465,mRNA
75531,24682214,24682315,101,CDS
75532,24676196,24676599,403,CDS
75533,24675210,24676125,915,CDS
75534,24674938,24675141,203,CDS
75535,24682214,24682315,101,CDS
75536,24676196,24676599,403,CDS
75537,24675210,24676125,915,CDS
75538,24674938,24675141,203,CDS
75539,24682214,24682315,101,CDS
75540,24676196,24676599,403,CDS
75541,24675210,24676125,915,CDS
75542,24674938,24675141,203,CDS
75543,24691422,24694386,2964,gene
75544,24694271,24694386,115,mRNA
75545,24693287,24693469,182,mRNA
75546,24692675,24693217,542,mRNA
75547,24692323,24692420,97,mRNA
75548,24691981,24692260,279,mRNA
75549,24691776,24691873,97,mRNA
75550,24691422,24691712,290,mRNA
75551,24693907,24694386,479,mRNA
75552,24692675,24693656,981,mRNA
75553,24692323,24692420,97,mRNA
75554,24691981,24692260,279,mRNA
75555,24691776,24691873,97,mRNA
75556,24691422,24691712,290,mRNA
75557,24693287,24693452,165,CDS
75558,24692675,24693217,542,CDS
75559,24692323,24692420,97,CDS
75560,24691981,24692260,279,CDS
75561,24691776,24691873,97,CDS
75562,24691542,24691712,170,CDS
75563,24692675,24693452,777,CDS
75564,24692323,24692420,97,CDS
75565,24691981,24692260,279,CDS
75566,24691776,24691873,97,CDS
75567,24691542,24691712,170,CDS
75568,24695378,24736657,41279,gene
75569,24736614,24736657,43,mRNA
75570,24725339,24727159,1820,mRNA
75571,24714471,24715199,728,mRNA
75572,24700605,24701209,604,mRNA
75573,24700379,24700536,157,mRNA
75574,24695378,24700317,4939,mRNA
75575,24736614,24736657,43,mRNA
75576,24725339,24727159,1820,mRNA
75577,24714471,24715199,728,mRNA
75578,24700605,24701209,604,mRNA
75579,24700379,24700536,157,mRNA
75580,24698945,24700317,1372,mRNA
75581,24725339,24726598,1259,CDS
75582,24714471,24715199,728,CDS
75583,24700605,24701209,604,CDS
75584,24700379,24700536,157,CDS
75585,24699344,24700317,973,CDS
75586,24725339,24726598,1259,CDS
75587,24714471,24715199,728,CDS
75588,24700605,24701209,604,CDS
75589,24700379,24700536,157,CDS
75590,24699344,24700317,973,CDS
75591,24727939,24735389,7450,mobile_element
75592,24738777,24739377,600,gene
75593,24738777,24739377,600,ncRNA
75594,24743749,24756976,13227,gene
75595,24743749,24744839,1090,mRNA
75596,24751300,24751383,83,mRNA
75597,24752671,24752910,239,mRNA
75598,24752966,24753235,269,mRNA
75599,24753313,24755125,1812,mRNA
75600,24755186,24755973,787,mRNA
75601,24756038,24756976,938,mRNA
75602,24743749,24744839,1090,mRNA
75603,24752671,24752910,239,mRNA
75604,24752966,24753235,269,mRNA
75605,24753313,24755125,1812,mRNA
75606,24755186,24755973,787,mRNA
75607,24756038,24756976,938,mRNA
75608,24743749,24744839,1090,mRNA
75609,24752671,24752910,239,mRNA
75610,24752966,24753235,269,mRNA
75611,24753313,24755125,1812,mRNA
75612,24755186,24755973,787,mRNA
75613,24756038,24756385,347,mRNA
75614,24744267,24744839,572,CDS
75615,24751300,24751383,83,CDS
75616,24752671,24752910,239,CDS
75617,24752966,24753235,269,CDS
75618,24753313,24755125,1812,CDS
75619,24755186,24755973,787,CDS
75620,24756038,24756088,50,CDS
75621,24744267,24744839,572,CDS
75622,24752671,24752910,239,CDS
75623,24752966,24753235,269,CDS
75624,24753313,24755125,1812,CDS
75625,24755186,24755973,787,CDS
75626,24756038,24756088,50,CDS
75627,24744267,24744839,572,CDS
75628,24752671,24752910,239,CDS
75629,24752966,24753235,269,CDS
75630,24753313,24755125,1812,CDS
75631,24755186,24755973,787,CDS
75632,24756038,24756088,50,CDS
75633,24757378,24760466,3088,gene
75634,24757378,24757515,137,mRNA
75635,24758498,24758796,298,mRNA
75636,24758857,24759183,326,mRNA
75637,24759584,24760466,882,mRNA
75638,24757495,24757515,20,CDS
75639,24758498,24758796,298,CDS
75640,24758857,24759183,326,CDS
75641,24759584,24760214,630,CDS
75642,24760664,24762605,1941,gene
75643,24760664,24760846,182,mRNA
75644,24761282,24762145,863,mRNA
75645,24762202,24762605,403,mRNA
75646,24761288,24762145,857,CDS
75647,24762202,24762546,344,CDS
75648,24762566,24763094,528,gene
75649,24763033,24763094,61,mRNA
75650,24762566,24762972,406,mRNA
75651,24763033,24763094,61,mRNA
75652,24762566,24762981,415,mRNA
75653,24762610,24762972,362,CDS
75654,24762610,24762972,362,CDS
75655,24763167,24766750,3583,gene
75656,24763167,24763665,498,mRNA
75657,24765589,24765724,135,mRNA
75658,24765778,24766083,305,mRNA
75659,24766150,24766750,600,mRNA
75660,24763255,24763665,410,CDS
75661,24765589,24765724,135,CDS
75662,24765778,24766083,305,CDS
75663,24766150,24766265,115,CDS
75664,24763666,24765583,1917,mobile_element
75665,24766718,24768172,1454,gene
75666,24768098,24768172,74,mRNA
75667,24767475,24767577,102,mRNA
75668,24766718,24767417,699,mRNA
75669,24767954,24768172,218,mRNA
75670,24767475,24767577,102,mRNA
75671,24766718,24767417,699,mRNA
75672,24767639,24768172,533,mRNA
75673,24767475,24767577,102,mRNA
75674,24766744,24767417,673,mRNA
75675,24767475,24767707,232,mRNA
75676,24766744,24767417,673,mRNA
75677,24767475,24767569,94,CDS
75678,24766841,24767417,576,CDS
75679,24767475,24767569,94,CDS
75680,24766841,24767417,576,CDS
75681,24767475,24767569,94,CDS
75682,24766841,24767417,576,CDS
75683,24767475,24767569,94,CDS
75684,24766841,24767417,576,CDS
75685,24768314,24775265,6951,gene
75686,24774908,24775265,357,mRNA
75687,24774577,24774813,236,mRNA
75688,24773742,24774505,763,mRNA
75689,24773362,24773683,321,mRNA
75690,24773212,24773301,89,mRNA
75691,24772598,24772795,197,mRNA
75692,24772098,24772541,443,mRNA
75693,24771849,24772037,188,mRNA
75694,24771725,24771790,65,mRNA
75695,24769419,24769683,264,mRNA
75696,24768314,24769360,1046,mRNA
75697,24774908,24775265,357,mRNA
75698,24774577,24774813,236,mRNA
75699,24773742,24774505,763,mRNA
75700,24773362,24773683,321,mRNA
75701,24773212,24773301,89,mRNA
75702,24772598,24772795,197,mRNA
75703,24772098,24772541,443,mRNA
75704,24771849,24772037,188,mRNA
75705,24771725,24771790,65,mRNA
75706,24769419,24770061,642,mRNA
75707,24768314,24769360,1046,mRNA
75708,24774908,24775265,357,mRNA
75709,24774577,24774813,236,mRNA
75710,24773742,24774505,763,mRNA
75711,24773362,24773683,321,mRNA
75712,24773212,24773301,89,mRNA
75713,24772941,24773003,62,mRNA
75714,24772598,24772795,197,mRNA
75715,24772098,24772541,443,mRNA
75716,24771849,24772037,188,mRNA
75717,24771725,24771790,65,mRNA
75718,24769419,24770061,642,mRNA
75719,24768314,24769360,1046,mRNA
75720,24774908,24774973,65,CDS
75721,24774577,24774813,236,CDS
75722,24773742,24774505,763,CDS
75723,24773362,24773683,321,CDS
75724,24773212,24773301,89,CDS
75725,24772598,24772795,197,CDS
75726,24772098,24772541,443,CDS
75727,24771849,24772037,188,CDS
75728,24771725,24771790,65,CDS
75729,24769419,24769683,264,CDS
75730,24768681,24769360,679,CDS
75731,24774908,24774973,65,CDS
75732,24774577,24774813,236,CDS
75733,24773742,24774505,763,CDS
75734,24773362,24773683,321,CDS
75735,24773212,24773301,89,CDS
75736,24772598,24772795,197,CDS
75737,24772098,24772541,443,CDS
75738,24771849,24772037,188,CDS
75739,24771725,24771790,65,CDS
75740,24769419,24770061,642,CDS
75741,24768681,24769360,679,CDS
75742,24774908,24774973,65,CDS
75743,24774577,24774813,236,CDS
75744,24773742,24774505,763,CDS
75745,24773362,24773683,321,CDS
75746,24773212,24773301,89,CDS
75747,24772941,24773003,62,CDS
75748,24772598,24772795,197,CDS
75749,24772098,24772541,443,CDS
75750,24771849,24772037,188,CDS
75751,24771725,24771790,65,CDS
75752,24769419,24770061,642,CDS
75753,24768681,24769360,679,CDS
75754,24774908,24775265,357,mRNA
75755,24774577,24774813,236,mRNA
75756,24773742,24774505,763,mRNA
75757,24773362,24773683,321,mRNA
75758,24773212,24773301,89,mRNA
75759,24772598,24772795,197,mRNA
75760,24772098,24772541,443,mRNA
75761,24771849,24772037,188,mRNA
75762,24771725,24771790,65,mRNA
75763,24770298,24771324,1026,mRNA
75764,24774908,24774973,65,CDS
75765,24774577,24774813,236,CDS
75766,24773742,24774505,763,CDS
75767,24773362,24773683,321,CDS
75768,24773212,24773301,89,CDS
75769,24772598,24772795,197,CDS
75770,24772098,24772541,443,CDS
75771,24771849,24772037,188,CDS
75772,24771725,24771790,65,CDS
75773,24771322,24771324,2,CDS
75774,24775534,24779901,4367,gene
75775,24778875,24779901,1026,mRNA
75776,24778699,24778816,117,mRNA
75777,24778344,24778627,283,mRNA
75778,24778035,24778290,255,mRNA
75779,24777467,24777972,505,mRNA
75780,24776647,24777408,761,mRNA
75781,24775859,24776575,716,mRNA
75782,24775534,24775800,266,mRNA
75783,24778875,24779813,938,CDS
75784,24778699,24778816,117,CDS
75785,24778344,24778627,283,CDS
75786,24778035,24778290,255,CDS
75787,24777467,24777972,505,CDS
75788,24776647,24777408,761,CDS
75789,24775859,24776575,716,CDS
75790,24775594,24775800,206,CDS
75791,24775711,24779987,4276,gene
75792,24775711,24775749,38,ncRNA
75793,24779312,24779987,675,ncRNA
75794,24779979,24780428,449,gene
75795,24780358,24780428,70,mRNA
75796,24779979,24780301,322,mRNA
75797,24780358,24780369,11,CDS
75798,24780035,24780301,266,CDS
75799,24780917,24781779,862,gene
75800,24780917,24781779,862,mRNA
75801,24780958,24781710,752,CDS
75802,24781726,24783500,1774,gene
75803,24783293,24783500,207,mRNA
75804,24782893,24783225,332,mRNA
75805,24782266,24782840,574,mRNA
75806,24782019,24782207,188,mRNA
75807,24781726,24781960,234,mRNA
75808,24783293,24783429,136,CDS
75809,24782893,24783225,332,CDS
75810,24782266,24782840,574,CDS
75811,24782019,24782207,188,CDS
75812,24781800,24781960,160,CDS
75813,24783555,24785542,1987,gene
75814,24783555,24784361,806,mRNA
75815,24784417,24784580,163,mRNA
75816,24784634,24784743,109,mRNA
75817,24784801,24785260,459,mRNA
75818,24785312,24785542,230,mRNA
75819,24783655,24784361,706,CDS
75820,24784417,24784580,163,CDS
75821,24784634,24784743,109,CDS
75822,24784801,24785260,459,CDS
75823,24785312,24785400,88,CDS
75824,24785514,24787411,1897,gene
75825,24787291,24787411,120,mRNA
75826,24786769,24787130,361,mRNA
75827,24786602,24786704,102,mRNA
75828,24786239,24786543,304,mRNA
75829,24785742,24786095,353,mRNA
75830,24785514,24785683,169,mRNA
75831,24787291,24787411,120,mRNA
75832,24786769,24787130,361,mRNA
75833,24786602,24786704,102,mRNA
75834,24786239,24786543,304,mRNA
75835,24785736,24786095,359,mRNA
75836,24785514,24785683,169,mRNA
75837,24786769,24787041,272,CDS
75838,24786602,24786704,102,CDS
75839,24786239,24786543,304,CDS
75840,24785742,24786095,353,CDS
75841,24785555,24785683,128,CDS
75842,24786769,24787041,272,CDS
75843,24786602,24786704,102,CDS
75844,24786239,24786543,304,CDS
75845,24785736,24786095,359,CDS
75846,24785555,24785683,128,CDS
75847,24788008,24793410,5402,gene
75848,24792791,24793410,619,mRNA
75849,24788979,24789168,189,mRNA
75850,24788008,24788850,842,mRNA
75851,24792791,24793410,619,mRNA
75852,24788008,24789168,1160,mRNA
75853,24792791,24792904,113,CDS
75854,24788979,24789168,189,CDS
75855,24788288,24788850,562,CDS
75856,24788288,24788836,548,CDS
75857,24793807,24795772,1965,gene
75858,24793807,24794021,214,ncRNA
75859,24794079,24794146,67,ncRNA
75860,24794592,24794722,130,ncRNA
75861,24794795,24795772,977,ncRNA
75862,24794670,24795482,812,gene
75863,24795273,24795482,209,mRNA
75864,24794670,24795214,544,mRNA
75865,24795273,24795458,185,CDS
75866,24794789,24795214,425,CDS
75867,24795740,24797414,1674,gene
75868,24797101,24797414,313,mRNA
75869,24795740,24797040,1300,mRNA
75870,24797101,24797292,191,CDS
75871,24795853,24797040,1187,CDS
75872,24797925,24798613,688,gene
75873,24797925,24797972,47,mRNA
75874,24798031,24798186,155,mRNA
75875,24798236,24798400,164,mRNA
75876,24798464,24798613,149,mRNA
75877,24797925,24797972,47,CDS
75878,24798031,24798186,155,CDS
75879,24798236,24798400,164,CDS
75880,24798464,24798613,149,CDS
75881,24798798,24800776,1978,gene
75882,24798798,24799005,207,mRNA
75883,24799066,24800776,1710,mRNA
75884,24798798,24799005,207,mRNA
75885,24799066,24799983,917,mRNA
75886,24798798,24799562,764,mRNA
75887,24799110,24799475,365,CDS
75888,24799110,24799475,365,CDS
75889,24799110,24799475,365,CDS
75890,24809325,24810107,782,gene
75891,24809325,24810107,782,mRNA
75892,24809462,24809656,194,CDS
75893,24814822,24835667,20845,gene
75894,24814822,24815567,745,mRNA
75895,24817594,24817769,175,mRNA
75896,24819814,24820007,193,mRNA
75897,24833409,24833550,141,mRNA
75898,24833626,24833730,104,mRNA
75899,24833797,24834013,216,mRNA
75900,24834154,24835667,1513,mRNA
75901,24814822,24815567,745,mRNA
75902,24817594,24817769,175,mRNA
75903,24819814,24820007,193,mRNA
75904,24833409,24833730,321,mRNA
75905,24833797,24834602,805,mRNA
75906,24814822,24815567,745,mRNA
75907,24817594,24817769,175,mRNA
75908,24819814,24820007,193,mRNA
75909,24833409,24833550,141,mRNA
75910,24833626,24833730,104,mRNA
75911,24833797,24834602,805,mRNA
75912,24815437,24815567,130,CDS
75913,24817594,24817769,175,CDS
75914,24819814,24820007,193,CDS
75915,24833409,24833550,141,CDS
75916,24833626,24833730,104,CDS
75917,24833797,24834013,216,CDS
75918,24834154,24834172,18,CDS
75919,24815437,24815567,130,CDS
75920,24817594,24817769,175,CDS
75921,24819814,24820007,193,CDS
75922,24833409,24833730,321,CDS
75923,24833797,24834017,220,CDS
75924,24815437,24815567,130,CDS
75925,24817594,24817769,175,CDS
75926,24819814,24820007,193,CDS
75927,24833409,24833550,141,CDS
75928,24833626,24833730,104,CDS
75929,24833797,24834017,220,CDS
75930,24848994,24850200,1206,gene
75931,24848994,24850200,1206,mRNA
75932,24849012,24849761,749,CDS
75933,24859260,24860177,917,gene
75934,24859260,24860177,917,ncRNA
75935,24870108,24871509,1401,gene
75936,24870108,24871245,1137,mRNA
75937,24871299,24871509,210,mRNA
75938,24870210,24871245,1035,CDS
75939,24871299,24871408,109,CDS
75940,24871407,24874912,3505,gene
75941,24874360,24874912,552,mRNA
75942,24874187,24874300,113,mRNA
75943,24871709,24874124,2415,mRNA
75944,24871407,24871645,238,mRNA
75945,24874360,24874640,280,CDS
75946,24874187,24874300,113,CDS
75947,24871709,24874124,2415,CDS
75948,24871490,24871645,155,CDS
75949,24874976,24875865,889,gene
75950,24875765,24875865,100,mRNA
75951,24875659,24875659,0,mRNA
75952,24875338,24875593,255,mRNA
75953,24874976,24875272,296,mRNA
75954,24875765,24875780,15,CDS
75955,24875659,24875659,0,CDS
75956,24875338,24875593,255,CDS
75957,24875165,24875272,107,CDS
75958,24876691,24881221,4530,gene
75959,24876691,24877297,606,mRNA
75960,24878139,24879102,963,mRNA
75961,24879164,24881221,2057,mRNA
75962,24876691,24877297,606,mRNA
75963,24878139,24879102,963,mRNA
75964,24879164,24880288,1124,mRNA
75965,24877204,24877297,93,CDS
75966,24878139,24879102,963,CDS
75967,24879164,24879716,552,CDS
75968,24877204,24877297,93,CDS
75969,24878139,24879102,963,CDS
75970,24879164,24879716,552,CDS
75971,24881130,24881817,687,gene
75972,24881477,24881817,340,ncRNA
75973,24881130,24881401,271,ncRNA
75974,24881570,24888615,7045,gene
75975,24881570,24881626,56,mRNA
75976,24882631,24883019,388,mRNA
75977,24883077,24883214,137,mRNA
75978,24883278,24883358,80,mRNA
75979,24883421,24883612,191,mRNA
75980,24883674,24883734,60,mRNA
75981,24884526,24884580,54,mRNA
75982,24887223,24888615,1392,mRNA
75983,24881570,24881626,56,mRNA
75984,24882631,24883019,388,mRNA
75985,24883077,24883214,137,mRNA
75986,24883278,24883358,80,mRNA
75987,24883421,24883612,191,mRNA
75988,24883674,24883734,60,mRNA
75989,24887223,24888615,1392,mRNA
75990,24881570,24881947,377,mRNA
75991,24882631,24883019,388,mRNA
75992,24883077,24883214,137,mRNA
75993,24883278,24883358,80,mRNA
75994,24883421,24883612,191,mRNA
75995,24883674,24883734,60,mRNA
75996,24884526,24886945,2419,mRNA
75997,24881570,24881682,112,mRNA
75998,24882631,24883019,388,mRNA
75999,24883077,24883214,137,mRNA
76000,24883278,24883358,80,mRNA
76001,24883421,24883612,191,mRNA
76002,24883674,24883734,60,mRNA
76003,24884526,24886945,2419,mRNA
76004,24881570,24881626,56,mRNA
76005,24882631,24883019,388,mRNA
76006,24883077,24883214,137,mRNA
76007,24883278,24883358,80,mRNA
76008,24883421,24883612,191,mRNA
76009,24883674,24883734,60,mRNA
76010,24884526,24886945,2419,mRNA
76011,24881570,24881626,56,mRNA
76012,24882631,24883019,388,mRNA
76013,24883077,24883214,137,mRNA
76014,24883278,24883358,80,mRNA
76015,24883421,24883612,191,mRNA
76016,24883674,24884387,713,mRNA
76017,24882847,24883019,172,mRNA
76018,24883077,24883214,137,mRNA
76019,24883278,24883358,80,mRNA
76020,24883421,24883612,191,mRNA
76021,24883674,24883734,60,mRNA
76022,24884526,24887144,2618,mRNA
76023,24887223,24888615,1392,mRNA
76024,24882960,24883019,59,CDS
76025,24883077,24883214,137,CDS
76026,24883278,24883358,80,CDS
76027,24883421,24883612,191,CDS
76028,24883674,24883734,60,CDS
76029,24887223,24888370,1147,CDS
76030,24882960,24883019,59,CDS
76031,24883077,24883214,137,CDS
76032,24883278,24883358,80,CDS
76033,24883421,24883612,191,CDS
76034,24883674,24883734,60,CDS
76035,24884526,24884580,54,CDS
76036,24887223,24887235,12,CDS
76037,24882960,24883019,59,CDS
76038,24883077,24883214,137,CDS
76039,24883278,24883358,80,CDS
76040,24883421,24883612,191,CDS
76041,24883674,24883734,60,CDS
76042,24884526,24885970,1444,CDS
76043,24882960,24883019,59,CDS
76044,24883077,24883214,137,CDS
76045,24883278,24883358,80,CDS
76046,24883421,24883612,191,CDS
76047,24883674,24883734,60,CDS
76048,24884526,24885970,1444,CDS
76049,24882960,24883019,59,CDS
76050,24883077,24883214,137,CDS
76051,24883278,24883358,80,CDS
76052,24883421,24883612,191,CDS
76053,24883674,24883734,60,CDS
76054,24884526,24885970,1444,CDS
76055,24882960,24883019,59,CDS
76056,24883077,24883214,137,CDS
76057,24883278,24883358,80,CDS
76058,24883421,24883612,191,CDS
76059,24883674,24883734,60,CDS
76060,24884526,24885970,1444,CDS
76061,24882960,24883019,59,CDS
76062,24883077,24883214,137,CDS
76063,24883278,24883358,80,CDS
76064,24883421,24883612,191,CDS
76065,24883674,24883784,110,CDS
76066,24888628,24891023,2395,gene
76067,24889923,24891023,1100,mRNA
76068,24889195,24889761,566,mRNA
76069,24888822,24889135,313,mRNA
76070,24888628,24888761,133,mRNA
76071,24889923,24890911,988,CDS
76072,24889195,24889761,566,CDS
76073,24888822,24889135,313,CDS
76074,24888745,24888761,16,CDS
76075,24891614,24921677,30063,gene
76076,24891614,24891837,223,mRNA
76077,24892284,24892548,264,mRNA
76078,24894084,24894606,522,mRNA
76079,24900844,24901055,211,mRNA
76080,24904281,24904900,619,mRNA
76081,24904970,24905189,219,mRNA
76082,24905247,24905381,134,mRNA
76083,24905437,24906172,735,mRNA
76084,24906228,24906442,214,mRNA
76085,24906499,24906669,170,mRNA
76086,24906725,24906918,193,mRNA
76087,24906980,24907082,102,mRNA
76088,24907145,24907273,128,mRNA
76089,24908479,24908721,242,mRNA
76090,24908776,24910910,2134,mRNA
76091,24910964,24911291,327,mRNA
76092,24911353,24911453,100,mRNA
76093,24911999,24912173,174,mRNA
76094,24912253,24912549,296,mRNA
76095,24912827,24912981,154,mRNA
76096,24913676,24913809,133,mRNA
76097,24913873,24914542,669,mRNA
76098,24914650,24915009,359,mRNA
76099,24915114,24915222,108,mRNA
76100,24915281,24915462,181,mRNA
76101,24915731,24915831,100,mRNA
76102,24917320,24917481,161,mRNA
76103,24917648,24921677,4029,mRNA
76104,24891614,24891837,223,mRNA
76105,24892284,24892548,264,mRNA
76106,24894084,24894606,522,mRNA
76107,24900844,24901055,211,mRNA
76108,24904281,24904900,619,mRNA
76109,24904970,24905189,219,mRNA
76110,24905247,24905381,134,mRNA
76111,24905437,24906172,735,mRNA
76112,24906228,24906442,214,mRNA
76113,24906499,24906669,170,mRNA
76114,24906725,24906918,193,mRNA
76115,24906980,24907082,102,mRNA
76116,24907145,24907273,128,mRNA
76117,24908479,24908721,242,mRNA
76118,24908776,24910910,2134,mRNA
76119,24910964,24911291,327,mRNA
76120,24911353,24911453,100,mRNA
76121,24911999,24912173,174,mRNA
76122,24912253,24912549,296,mRNA
76123,24912827,24912981,154,mRNA
76124,24913676,24913809,133,mRNA
76125,24913873,24914542,669,mRNA
76126,24914650,24915009,359,mRNA
76127,24915114,24915222,108,mRNA
76128,24915281,24915462,181,mRNA
76129,24916772,24916890,118,mRNA
76130,24917320,24917577,257,mRNA
76131,24917648,24920265,2617,mRNA
76132,24891614,24891837,223,mRNA
76133,24892284,24892548,264,mRNA
76134,24894084,24894606,522,mRNA
76135,24900844,24901055,211,mRNA
76136,24904281,24904900,619,mRNA
76137,24904970,24905189,219,mRNA
76138,24905247,24905381,134,mRNA
76139,24905437,24906172,735,mRNA
76140,24906228,24906442,214,mRNA
76141,24906499,24906669,170,mRNA
76142,24906725,24906918,193,mRNA
76143,24906980,24907082,102,mRNA
76144,24907145,24907273,128,mRNA
76145,24908479,24908721,242,mRNA
76146,24908776,24910910,2134,mRNA
76147,24910964,24911291,327,mRNA
76148,24911353,24911453,100,mRNA
76149,24911999,24912173,174,mRNA
76150,24912253,24912549,296,mRNA
76151,24912827,24912981,154,mRNA
76152,24913676,24913809,133,mRNA
76153,24913873,24914542,669,mRNA
76154,24914650,24915009,359,mRNA
76155,24915114,24915222,108,mRNA
76156,24915281,24915462,181,mRNA
76157,24917320,24917577,257,mRNA
76158,24917648,24920265,2617,mRNA
76159,24891614,24891692,78,mRNA
76160,24892402,24892548,146,mRNA
76161,24894084,24894606,522,mRNA
76162,24900844,24901055,211,mRNA
76163,24904281,24904900,619,mRNA
76164,24904970,24905381,411,mRNA
76165,24905437,24906172,735,mRNA
76166,24906228,24906442,214,mRNA
76167,24906499,24906669,170,mRNA
76168,24906725,24906918,193,mRNA
76169,24906980,24907082,102,mRNA
76170,24907145,24907273,128,mRNA
76171,24908479,24908721,242,mRNA
76172,24908776,24910910,2134,mRNA
76173,24910964,24911291,327,mRNA
76174,24911353,24911453,100,mRNA
76175,24911999,24913809,1810,mRNA
76176,24913873,24914542,669,mRNA
76177,24914650,24915009,359,mRNA
76178,24915114,24915222,108,mRNA
76179,24915281,24915462,181,mRNA
76180,24916772,24916890,118,mRNA
76181,24917320,24917577,257,mRNA
76182,24917648,24920265,2617,mRNA
76183,24891614,24891692,78,mRNA
76184,24892402,24892548,146,mRNA
76185,24894084,24894606,522,mRNA
76186,24900844,24901055,211,mRNA
76187,24904281,24904900,619,mRNA
76188,24904970,24905189,219,mRNA
76189,24905247,24905381,134,mRNA
76190,24905437,24906172,735,mRNA
76191,24906228,24906442,214,mRNA
76192,24906499,24906669,170,mRNA
76193,24906725,24906918,193,mRNA
76194,24906980,24907082,102,mRNA
76195,24907145,24908721,1576,mRNA
76196,24908776,24910910,2134,mRNA
76197,24910964,24911291,327,mRNA
76198,24911353,24911453,100,mRNA
76199,24911999,24912173,174,mRNA
76200,24912253,24912549,296,mRNA
76201,24912827,24912981,154,mRNA
76202,24913676,24913809,133,mRNA
76203,24913873,24914542,669,mRNA
76204,24914650,24915009,359,mRNA
76205,24915114,24915222,108,mRNA
76206,24915281,24915462,181,mRNA
76207,24916772,24916890,118,mRNA
76208,24917320,24917577,257,mRNA
76209,24917648,24920265,2617,mRNA
76210,24891614,24891692,78,mRNA
76211,24892402,24892548,146,mRNA
76212,24894084,24894606,522,mRNA
76213,24900844,24901055,211,mRNA
76214,24904281,24904900,619,mRNA
76215,24904970,24905189,219,mRNA
76216,24905247,24905381,134,mRNA
76217,24905437,24906172,735,mRNA
76218,24906228,24906442,214,mRNA
76219,24906499,24906669,170,mRNA
76220,24906725,24906918,193,mRNA
76221,24906980,24907082,102,mRNA
76222,24907145,24907273,128,mRNA
76223,24908135,24908149,14,mRNA
76224,24908479,24908721,242,mRNA
76225,24908776,24910910,2134,mRNA
76226,24910964,24911291,327,mRNA
76227,24911353,24911453,100,mRNA
76228,24911999,24912173,174,mRNA
76229,24912253,24912549,296,mRNA
76230,24912827,24912981,154,mRNA
76231,24913676,24913809,133,mRNA
76232,24913873,24914542,669,mRNA
76233,24914650,24915009,359,mRNA
76234,24915114,24915222,108,mRNA
76235,24915281,24915462,181,mRNA
76236,24916772,24916890,118,mRNA
76237,24917320,24917529,209,mRNA
76238,24917648,24920265,2617,mRNA
76239,24891614,24891692,78,mRNA
76240,24892402,24892548,146,mRNA
76241,24894084,24894606,522,mRNA
76242,24900844,24901055,211,mRNA
76243,24904281,24904900,619,mRNA
76244,24904970,24905189,219,mRNA
76245,24905247,24905381,134,mRNA
76246,24905437,24906172,735,mRNA
76247,24906228,24906442,214,mRNA
76248,24906499,24906669,170,mRNA
76249,24906725,24906918,193,mRNA
76250,24906980,24907082,102,mRNA
76251,24907145,24907273,128,mRNA
76252,24908479,24908721,242,mRNA
76253,24908776,24910910,2134,mRNA
76254,24910964,24911291,327,mRNA
76255,24911353,24911453,100,mRNA
76256,24911999,24912173,174,mRNA
76257,24912253,24912549,296,mRNA
76258,24912827,24912981,154,mRNA
76259,24913676,24913809,133,mRNA
76260,24913873,24915009,1136,mRNA
76261,24915114,24915222,108,mRNA
76262,24915281,24915462,181,mRNA
76263,24916772,24916890,118,mRNA
76264,24917320,24917577,257,mRNA
76265,24917648,24920265,2617,mRNA
76266,24891614,24891692,78,mRNA
76267,24892402,24892548,146,mRNA
76268,24894084,24894606,522,mRNA
76269,24900844,24901055,211,mRNA
76270,24904281,24904900,619,mRNA
76271,24904970,24905189,219,mRNA
76272,24905247,24905381,134,mRNA
76273,24905437,24906172,735,mRNA
76274,24906228,24906442,214,mRNA
76275,24906499,24906669,170,mRNA
76276,24906725,24906918,193,mRNA
76277,24906980,24907082,102,mRNA
76278,24907145,24907273,128,mRNA
76279,24908479,24908721,242,mRNA
76280,24908776,24910910,2134,mRNA
76281,24910964,24911291,327,mRNA
76282,24911353,24911453,100,mRNA
76283,24911999,24912173,174,mRNA
76284,24912253,24912549,296,mRNA
76285,24912827,24912981,154,mRNA
76286,24913676,24913809,133,mRNA
76287,24913873,24914542,669,mRNA
76288,24914650,24915009,359,mRNA
76289,24915114,24915222,108,mRNA
76290,24915281,24915462,181,mRNA
76291,24916772,24916890,118,mRNA
76292,24917320,24917577,257,mRNA
76293,24917648,24920265,2617,mRNA
76294,24891614,24891692,78,mRNA
76295,24892402,24892548,146,mRNA
76296,24894084,24894606,522,mRNA
76297,24900844,24901055,211,mRNA
76298,24904281,24904900,619,mRNA
76299,24904970,24905189,219,mRNA
76300,24905247,24905381,134,mRNA
76301,24905437,24906172,735,mRNA
76302,24906228,24906442,214,mRNA
76303,24906499,24906669,170,mRNA
76304,24906725,24906918,193,mRNA
76305,24906980,24907082,102,mRNA
76306,24907145,24907273,128,mRNA
76307,24908479,24908721,242,mRNA
76308,24908776,24910910,2134,mRNA
76309,24910964,24911291,327,mRNA
76310,24911353,24911453,100,mRNA
76311,24911999,24912173,174,mRNA
76312,24912253,24912549,296,mRNA
76313,24912827,24912981,154,mRNA
76314,24913676,24913809,133,mRNA
76315,24913873,24914542,669,mRNA
76316,24914650,24915009,359,mRNA
76317,24915114,24915222,108,mRNA
76318,24915281,24915462,181,mRNA
76319,24916772,24916890,118,mRNA
76320,24917320,24917577,257,mRNA
76321,24917648,24920265,2617,mRNA
76322,24894570,24894606,36,CDS
76323,24900844,24901055,211,CDS
76324,24904281,24904900,619,CDS
76325,24904970,24905189,219,CDS
76326,24905247,24905381,134,CDS
76327,24905437,24906172,735,CDS
76328,24906228,24906442,214,CDS
76329,24906499,24906669,170,CDS
76330,24906725,24906918,193,CDS
76331,24906980,24907082,102,CDS
76332,24907145,24907273,128,CDS
76333,24908479,24908721,242,CDS
76334,24908776,24910910,2134,CDS
76335,24910964,24911291,327,CDS
76336,24911353,24911453,100,CDS
76337,24911999,24912173,174,CDS
76338,24912253,24912549,296,CDS
76339,24912827,24912981,154,CDS
76340,24913676,24913809,133,CDS
76341,24913873,24914542,669,CDS
76342,24914650,24915009,359,CDS
76343,24915114,24915222,108,CDS
76344,24915281,24915462,181,CDS
76345,24916772,24916890,118,CDS
76346,24917320,24917577,257,CDS
76347,24917648,24918300,652,CDS
76348,24894570,24894606,36,CDS
76349,24900844,24901055,211,CDS
76350,24904281,24904900,619,CDS
76351,24904970,24905189,219,CDS
76352,24905247,24905381,134,CDS
76353,24905437,24906172,735,CDS
76354,24906228,24906442,214,CDS
76355,24906499,24906669,170,CDS
76356,24906725,24906918,193,CDS
76357,24906980,24907082,102,CDS
76358,24907145,24907273,128,CDS
76359,24908135,24908149,14,CDS
76360,24908479,24908721,242,CDS
76361,24908776,24910910,2134,CDS
76362,24910964,24911291,327,CDS
76363,24911353,24911453,100,CDS
76364,24911999,24912173,174,CDS
76365,24912253,24912549,296,CDS
76366,24912827,24912981,154,CDS
76367,24913676,24913809,133,CDS
76368,24913873,24914542,669,CDS
76369,24914650,24915009,359,CDS
76370,24915114,24915222,108,CDS
76371,24915281,24915462,181,CDS
76372,24916772,24916890,118,CDS
76373,24917320,24917529,209,CDS
76374,24917648,24918144,496,CDS
76375,24894570,24894606,36,CDS
76376,24900844,24901055,211,CDS
76377,24904281,24904900,619,CDS
76378,24904970,24905189,219,CDS
76379,24905247,24905381,134,CDS
76380,24905437,24906172,735,CDS
76381,24906228,24906442,214,CDS
76382,24906499,24906669,170,CDS
76383,24906725,24906918,193,CDS
76384,24906980,24907082,102,CDS
76385,24907145,24907273,128,CDS
76386,24908479,24908721,242,CDS
76387,24908776,24910910,2134,CDS
76388,24910964,24911291,327,CDS
76389,24911353,24911453,100,CDS
76390,24911999,24912173,174,CDS
76391,24912253,24912549,296,CDS
76392,24912827,24912981,154,CDS
76393,24913676,24913809,133,CDS
76394,24913873,24914542,669,CDS
76395,24914650,24915009,359,CDS
76396,24915114,24915222,108,CDS
76397,24915281,24915462,181,CDS
76398,24915731,24915831,100,CDS
76399,24917320,24917481,161,CDS
76400,24917648,24918144,496,CDS
76401,24894570,24894606,36,CDS
76402,24900844,24901055,211,CDS
76403,24904281,24904900,619,CDS
76404,24904970,24905189,219,CDS
76405,24905247,24905381,134,CDS
76406,24905437,24906172,735,CDS
76407,24906228,24906442,214,CDS
76408,24906499,24906669,170,CDS
76409,24906725,24906918,193,CDS
76410,24906980,24907082,102,CDS
76411,24907145,24907273,128,CDS
76412,24908479,24908721,242,CDS
76413,24908776,24910910,2134,CDS
76414,24910964,24911291,327,CDS
76415,24911353,24911453,100,CDS
76416,24911999,24912173,174,CDS
76417,24912253,24912549,296,CDS
76418,24912827,24912981,154,CDS
76419,24913676,24913809,133,CDS
76420,24913873,24914542,669,CDS
76421,24914650,24915009,359,CDS
76422,24915114,24915222,108,CDS
76423,24915281,24915462,181,CDS
76424,24916772,24916890,118,CDS
76425,24917320,24917577,257,CDS
76426,24917648,24918144,496,CDS
76427,24894570,24894606,36,CDS
76428,24900844,24901055,211,CDS
76429,24904281,24904900,619,CDS
76430,24904970,24905189,219,CDS
76431,24905247,24905381,134,CDS
76432,24905437,24906172,735,CDS
76433,24906228,24906442,214,CDS
76434,24906499,24906669,170,CDS
76435,24906725,24906918,193,CDS
76436,24906980,24907082,102,CDS
76437,24907145,24907273,128,CDS
76438,24908479,24908721,242,CDS
76439,24908776,24910910,2134,CDS
76440,24910964,24911291,327,CDS
76441,24911353,24911453,100,CDS
76442,24911999,24912173,174,CDS
76443,24912253,24912549,296,CDS
76444,24912827,24912981,154,CDS
76445,24913676,24913809,133,CDS
76446,24913873,24914542,669,CDS
76447,24914650,24915009,359,CDS
76448,24915114,24915222,108,CDS
76449,24915281,24915462,181,CDS
76450,24916772,24916890,118,CDS
76451,24917320,24917577,257,CDS
76452,24917648,24918144,496,CDS
76453,24894570,24894606,36,CDS
76454,24900844,24901055,211,CDS
76455,24904281,24904900,619,CDS
76456,24904970,24905189,219,CDS
76457,24905247,24905381,134,CDS
76458,24905437,24906172,735,CDS
76459,24906228,24906442,214,CDS
76460,24906499,24906669,170,CDS
76461,24906725,24906918,193,CDS
76462,24906980,24907082,102,CDS
76463,24907145,24907273,128,CDS
76464,24908479,24908721,242,CDS
76465,24908776,24910910,2134,CDS
76466,24910964,24911291,327,CDS
76467,24911353,24911453,100,CDS
76468,24911999,24912173,174,CDS
76469,24912253,24912549,296,CDS
76470,24912827,24912981,154,CDS
76471,24913676,24913809,133,CDS
76472,24913873,24914542,669,CDS
76473,24914650,24915009,359,CDS
76474,24915114,24915222,108,CDS
76475,24915281,24915462,181,CDS
76476,24917320,24917485,165,CDS
76477,24894570,24894606,36,CDS
76478,24900844,24901055,211,CDS
76479,24904281,24904900,619,CDS
76480,24904970,24905189,219,CDS
76481,24905247,24905381,134,CDS
76482,24905437,24906172,735,CDS
76483,24906228,24906442,214,CDS
76484,24906499,24906669,170,CDS
76485,24906725,24906918,193,CDS
76486,24906980,24907082,102,CDS
76487,24907145,24907273,128,CDS
76488,24908479,24908721,242,CDS
76489,24908776,24910910,2134,CDS
76490,24910964,24911291,327,CDS
76491,24911353,24911453,100,CDS
76492,24911999,24912173,174,CDS
76493,24912253,24912549,296,CDS
76494,24912827,24912981,154,CDS
76495,24913676,24913809,133,CDS
76496,24913873,24914756,883,CDS
76497,24894570,24894606,36,CDS
76498,24900844,24901055,211,CDS
76499,24904281,24904900,619,CDS
76500,24904970,24905189,219,CDS
76501,24905247,24905381,134,CDS
76502,24905437,24906172,735,CDS
76503,24906228,24906442,214,CDS
76504,24906499,24906669,170,CDS
76505,24906725,24906918,193,CDS
76506,24906980,24907082,102,CDS
76507,24907145,24907306,161,CDS
76508,24894570,24894606,36,CDS
76509,24900844,24901055,211,CDS
76510,24904281,24904900,619,CDS
76511,24904970,24905201,231,CDS
76512,24897902,24900734,2832,gene
76513,24899533,24900734,1201,mRNA
76514,24897902,24899468,1566,mRNA
76515,24898273,24899505,1232,gene
76516,24898273,24898359,86,mRNA
76517,24898428,24899505,1077,mRNA
76518,24898342,24898359,17,CDS
76519,24898428,24899363,935,CDS
76520,24899533,24900504,971,CDS
76521,24903416,24903935,519,gene
76522,24903881,24903935,54,mRNA
76523,24903698,24903788,90,mRNA
76524,24903416,24903589,173,mRNA
76525,24903881,24903892,11,CDS
76526,24903723,24903788,65,CDS
76527,24904117,24904178,61,mRNA
76528,24904281,24904900,619,mRNA
76529,24904970,24905189,219,mRNA
76530,24905247,24905381,134,mRNA
76531,24905437,24906172,735,mRNA
76532,24906228,24906442,214,mRNA
76533,24906499,24906669,170,mRNA
76534,24906725,24906918,193,mRNA
76535,24906980,24907082,102,mRNA
76536,24907145,24907273,128,mRNA
76537,24908479,24908721,242,mRNA
76538,24908776,24910910,2134,mRNA
76539,24910964,24911291,327,mRNA
76540,24911353,24911453,100,mRNA
76541,24911999,24912173,174,mRNA
76542,24912253,24912549,296,mRNA
76543,24912827,24912981,154,mRNA
76544,24913676,24913809,133,mRNA
76545,24913873,24914542,669,mRNA
76546,24914650,24915009,359,mRNA
76547,24915114,24915222,108,mRNA
76548,24915281,24915462,181,mRNA
76549,24916772,24916890,118,mRNA
76550,24917320,24917577,257,mRNA
76551,24917648,24920265,2617,mRNA
76552,24904428,24904900,472,CDS
76553,24904970,24905189,219,CDS
76554,24905247,24905381,134,CDS
76555,24905437,24906172,735,CDS
76556,24906228,24906442,214,CDS
76557,24906499,24906669,170,CDS
76558,24906725,24906918,193,CDS
76559,24906980,24907082,102,CDS
76560,24907145,24907273,128,CDS
76561,24908479,24908721,242,CDS
76562,24908776,24910910,2134,CDS
76563,24910964,24911291,327,CDS
76564,24911353,24911453,100,CDS
76565,24911999,24912173,174,CDS
76566,24912253,24912549,296,CDS
76567,24912827,24912981,154,CDS
76568,24913676,24913809,133,CDS
76569,24913873,24914542,669,CDS
76570,24914650,24915009,359,CDS
76571,24915114,24915222,108,CDS
76572,24915281,24915462,181,CDS
76573,24916772,24916890,118,CDS
76574,24917320,24917577,257,CDS
76575,24917648,24918144,496,CDS
76576,24919232,24919276,44,mobile_element
76577,24921505,24928275,6770,gene
76578,24928245,24928275,30,mRNA
76579,24924483,24924641,158,mRNA
76580,24922356,24923750,1394,mRNA
76581,24921505,24922288,783,mRNA
76582,24928245,24928275,30,mRNA
76583,24924414,24924641,227,mRNA
76584,24922356,24924353,1997,mRNA
76585,24921505,24922288,783,mRNA
76586,24922356,24923596,1240,mRNA
76587,24921505,24922288,783,mRNA
76588,24924414,24924632,218,CDS
76589,24922356,24924353,1997,CDS
76590,24921764,24922288,524,CDS
76591,24922356,24923720,1364,CDS
76592,24921764,24922288,524,CDS
76593,24922356,24923420,1064,CDS
76594,24921764,24922288,524,CDS
76595,24928747,24937477,8730,gene
76596,24937304,24937477,173,mRNA
76597,24934552,24934835,283,mRNA
76598,24934058,24934483,425,mRNA
76599,24929772,24929970,198,mRNA
76600,24929479,24929718,239,mRNA
76601,24929279,24929410,131,mRNA
76602,24929073,24929198,125,mRNA
76603,24928747,24929017,270,mRNA
76604,24937304,24937477,173,mRNA
76605,24934552,24934835,283,mRNA
76606,24934058,24934483,425,mRNA
76607,24930723,24931161,438,mRNA
76608,24930532,24930663,131,mRNA
76609,24930345,24930473,128,mRNA
76610,24929772,24930288,516,mRNA
76611,24929479,24929718,239,mRNA
76612,24929279,24929410,131,mRNA
76613,24929073,24929198,125,mRNA
76614,24928747,24929017,270,mRNA
76615,24936229,24936335,106,mRNA
76616,24934552,24934835,283,mRNA
76617,24934058,24934483,425,mRNA
76618,24929772,24929970,198,mRNA
76619,24929479,24929718,239,mRNA
76620,24929279,24929410,131,mRNA
76621,24929073,24929198,125,mRNA
76622,24928747,24929017,270,mRNA
76623,24934552,24934831,279,CDS
76624,24934058,24934483,425,CDS
76625,24929772,24929970,198,CDS
76626,24929479,24929718,239,CDS
76627,24929279,24929410,131,CDS
76628,24929073,24929198,125,CDS
76629,24928900,24929017,117,CDS
76630,24934552,24934831,279,CDS
76631,24934058,24934483,425,CDS
76632,24929772,24929970,198,CDS
76633,24929479,24929718,239,CDS
76634,24929279,24929410,131,CDS
76635,24929073,24929198,125,CDS
76636,24928900,24929017,117,CDS
76637,24937304,24937477,173,mRNA
76638,24934552,24934835,283,mRNA
76639,24934058,24934483,425,mRNA
76640,24930723,24931161,438,mRNA
76641,24930532,24930663,131,mRNA
76642,24930345,24930473,128,mRNA
76643,24930067,24930288,221,mRNA
76644,24936229,24936335,106,mRNA
76645,24934552,24934835,283,mRNA
76646,24934058,24934483,425,mRNA
76647,24930723,24931161,438,mRNA
76648,24930532,24930663,131,mRNA
76649,24930345,24930473,128,mRNA
76650,24930067,24930288,221,mRNA
76651,24934552,24934831,279,CDS
76652,24934058,24934483,425,CDS
76653,24930723,24931161,438,CDS
76654,24930532,24930663,131,CDS
76655,24930345,24930473,128,CDS
76656,24930195,24930288,93,CDS
76657,24934552,24934831,279,CDS
76658,24934058,24934483,425,CDS
76659,24930723,24931161,438,CDS
76660,24930532,24930663,131,CDS
76661,24930345,24930473,128,CDS
76662,24930195,24930288,93,CDS
76663,24934552,24934831,279,CDS
76664,24934058,24934483,425,CDS
76665,24930723,24931161,438,CDS
76666,24930532,24930663,131,CDS
76667,24930345,24930473,128,CDS
76668,24930195,24930288,93,CDS
76669,24937304,24937477,173,mRNA
76670,24934552,24934835,283,mRNA
76671,24934058,24934483,425,mRNA
76672,24932256,24932694,438,mRNA
76673,24932070,24932201,131,mRNA
76674,24931874,24932002,128,mRNA
76675,24931707,24931800,93,mRNA
76676,24936229,24936335,106,mRNA
76677,24934552,24934835,283,mRNA
76678,24934058,24934483,425,mRNA
76679,24932256,24932694,438,mRNA
76680,24932070,24932201,131,mRNA
76681,24931874,24932002,128,mRNA
76682,24931707,24931800,93,mRNA
76683,24934552,24934831,279,CDS
76684,24934058,24934483,425,CDS
76685,24932256,24932694,438,CDS
76686,24932070,24932201,131,CDS
76687,24931874,24932002,128,CDS
76688,24931707,24931800,93,CDS
76689,24934552,24934831,279,CDS
76690,24934058,24934483,425,CDS
76691,24932256,24932694,438,CDS
76692,24932070,24932201,131,CDS
76693,24931874,24932002,128,CDS
76694,24931707,24931800,93,CDS
76695,24938181,24939769,1588,gene
76696,24938181,24938271,90,mRNA
76697,24938351,24938673,322,mRNA
76698,24938760,24938842,82,mRNA
76699,24938974,24939217,243,mRNA
76700,24939271,24939769,498,mRNA
76701,24938372,24938673,301,mRNA
76702,24938760,24938842,82,mRNA
76703,24938974,24939217,243,mRNA
76704,24939271,24939769,498,mRNA
76705,24938372,24938673,301,mRNA
76706,24938760,24938842,82,mRNA
76707,24938956,24939217,261,mRNA
76708,24939271,24939683,412,mRNA
76709,24938372,24938673,301,mRNA
76710,24938760,24938842,82,mRNA
76711,24938974,24939217,243,mRNA
76712,24939274,24939683,409,mRNA
76713,24938461,24938673,212,CDS
76714,24938760,24938842,82,CDS
76715,24938956,24939217,261,CDS
76716,24939271,24939528,257,CDS
76717,24938461,24938673,212,CDS
76718,24938760,24938842,82,CDS
76719,24938974,24939217,243,CDS
76720,24939271,24939528,257,CDS
76721,24938461,24938673,212,CDS
76722,24938760,24938842,82,CDS
76723,24938974,24939217,243,CDS
76724,24939271,24939528,257,CDS
76725,24938461,24938673,212,CDS
76726,24938760,24938842,82,CDS
76727,24938974,24939217,243,CDS
76728,24939274,24939528,254,CDS
76729,24939706,24940483,777,gene
76730,24940072,24940483,411,mRNA
76731,24939906,24940013,107,mRNA
76732,24939706,24939854,148,mRNA
76733,24940072,24940483,411,mRNA
76734,24939706,24940013,307,mRNA
76735,24940072,24940380,308,mRNA
76736,24939906,24940013,107,mRNA
76737,24939706,24939854,148,mRNA
76738,24940072,24940394,322,CDS
76739,24939906,24940013,107,CDS
76740,24939812,24939854,42,CDS
76741,24940072,24940376,304,CDS
76742,24939906,24940013,107,CDS
76743,24939812,24939854,42,CDS
76744,24940072,24940394,322,CDS
76745,24939863,24940013,150,CDS
76746,24940625,24942413,1788,gene
76747,24942250,24942413,163,mRNA
76748,24941122,24941441,319,mRNA
76749,24940625,24941054,429,mRNA
76750,24941122,24942120,998,mRNA
76751,24940625,24941054,429,mRNA
76752,24942250,24942264,14,CDS
76753,24941122,24941441,319,CDS
76754,24940886,24941054,168,CDS
76755,24941122,24941207,85,CDS
76756,24940886,24941054,168,CDS
76757,24943392,24945201,1809,gene
76758,24944960,24945201,241,mRNA
76759,24944019,24944854,835,mRNA
76760,24943823,24943933,110,mRNA
76761,24943392,24943765,373,mRNA
76762,24944019,24944600,581,mRNA
76763,24943823,24943933,110,mRNA
76764,24943392,24943765,373,mRNA
76765,24944019,24944422,403,CDS
76766,24943823,24943933,110,CDS
76767,24943663,24943765,102,CDS
76768,24944019,24944422,403,CDS
76769,24943823,24943933,110,CDS
76770,24943663,24943765,102,CDS
76771,24945139,24946636,1497,gene
76772,24945139,24946163,1024,mRNA
76773,24946219,24946332,113,mRNA
76774,24946383,24946636,253,mRNA
76775,24945665,24946163,498,mRNA
76776,24946219,24946332,113,mRNA
76777,24946383,24946636,253,mRNA
76778,24945761,24946163,402,CDS
76779,24946219,24946332,113,CDS
76780,24946383,24946525,142,CDS
76781,24945761,24946163,402,CDS
76782,24946219,24946332,113,CDS
76783,24946383,24946525,142,CDS
76784,24946561,24948378,1817,gene
76785,24947748,24948378,630,mRNA
76786,24946561,24947686,1125,mRNA
76787,24947748,24948353,605,CDS
76788,24946670,24947686,1016,CDS
76789,24948645,24955677,7032,gene
76790,24948645,24949402,757,mRNA
76791,24949591,24949866,275,mRNA
76792,24949924,24950851,927,mRNA
76793,24950955,24951510,555,mRNA
76794,24951581,24952003,422,mRNA
76795,24952060,24952254,194,mRNA
76796,24952312,24953000,688,mRNA
76797,24953053,24955677,2624,mRNA
76798,24948645,24949402,757,mRNA
76799,24949591,24949866,275,mRNA
76800,24949924,24950851,927,mRNA
76801,24950955,24951510,555,mRNA
76802,24951584,24952003,419,mRNA
76803,24952060,24952254,194,mRNA
76804,24952312,24953000,688,mRNA
76805,24953053,24955178,2125,mRNA
76806,24948645,24949402,757,mRNA
76807,24949591,24949866,275,mRNA
76808,24949924,24950851,927,mRNA
76809,24950955,24951510,555,mRNA
76810,24951581,24952003,422,mRNA
76811,24952060,24952254,194,mRNA
76812,24952312,24953000,688,mRNA
76813,24953053,24954481,1428,mRNA
76814,24949633,24949866,233,CDS
76815,24949924,24950851,927,CDS
76816,24950955,24951510,555,CDS
76817,24951581,24952003,422,CDS
76818,24952060,24952254,194,CDS
76819,24952312,24953000,688,CDS
76820,24953053,24953273,220,CDS
76821,24949633,24949866,233,CDS
76822,24949924,24950851,927,CDS
76823,24950955,24951510,555,CDS
76824,24951581,24952003,422,CDS
76825,24952060,24952254,194,CDS
76826,24952312,24953000,688,CDS
76827,24953053,24953273,220,CDS
76828,24949633,24949866,233,CDS
76829,24949924,24950851,927,CDS
76830,24950955,24951510,555,CDS
76831,24951584,24952003,419,CDS
76832,24952060,24952254,194,CDS
76833,24952312,24953000,688,CDS
76834,24953053,24953273,220,CDS
76835,24955777,24957359,1582,gene
76836,24955777,24957359,1582,ncRNA
76837,24959841,24965076,5235,gene
76838,24964572,24965076,504,mRNA
76839,24961606,24961747,141,mRNA
76840,24959841,24961503,1662,mRNA
76841,24962982,24963248,266,mRNA
76842,24961606,24961747,141,mRNA
76843,24959841,24961503,1662,mRNA
76844,24962343,24962590,247,mRNA
76845,24961606,24961747,141,mRNA
76846,24959841,24961503,1662,mRNA
76847,24961606,24962590,984,mRNA
76848,24959841,24961503,1662,mRNA
76849,24961606,24961680,74,CDS
76850,24960847,24961503,656,CDS
76851,24961606,24961680,74,CDS
76852,24960847,24961503,656,CDS
76853,24961606,24961680,74,CDS
76854,24960847,24961503,656,CDS
76855,24961606,24961680,74,CDS
76856,24960847,24961503,656,CDS
76857,24965275,24967298,2023,gene
76858,24967147,24967298,151,mRNA
76859,24966106,24966153,47,mRNA
76860,24965846,24966041,195,mRNA
76861,24965275,24965788,513,mRNA
76862,24967147,24967298,151,mRNA
76863,24967051,24967086,35,mRNA
76864,24966106,24966153,47,mRNA
76865,24965846,24966041,195,mRNA
76866,24965275,24965788,513,mRNA
76867,24967051,24967298,247,mRNA
76868,24966106,24966860,754,mRNA
76869,24965846,24966041,195,mRNA
76870,24965275,24965788,513,mRNA
76871,24967051,24967157,106,mRNA
76872,24966106,24966153,47,mRNA
76873,24965846,24966041,195,mRNA
76874,24965275,24965788,513,mRNA
76875,24967147,24967200,53,CDS
76876,24966106,24966153,47,CDS
76877,24965846,24966041,195,CDS
76878,24965556,24965788,232,CDS
76879,24967147,24967200,53,CDS
76880,24967051,24967086,35,CDS
76881,24966106,24966153,47,CDS
76882,24965846,24966041,195,CDS
76883,24965556,24965788,232,CDS
76884,24966106,24966846,740,CDS
76885,24965846,24966041,195,CDS
76886,24965556,24965788,232,CDS
76887,24965846,24966041,195,CDS
76888,24965556,24965788,232,CDS
76889,24967877,24969547,1670,gene
76890,24969469,24969547,78,mRNA
76891,24969118,24969224,106,mRNA
76892,24967877,24969051,1174,mRNA
76893,24969469,24969509,40,mRNA
76894,24969118,24969224,106,mRNA
76895,24968445,24969051,606,mRNA
76896,24969469,24969473,4,CDS
76897,24969118,24969224,106,CDS
76898,24968552,24969051,499,CDS
76899,24969469,24969473,4,CDS
76900,24969118,24969224,106,CDS
76901,24968552,24969051,499,CDS
76902,24969678,24970855,1177,gene
76903,24969678,24969746,68,mRNA
76904,24969813,24970200,387,mRNA
76905,24970253,24970548,295,mRNA
76906,24970605,24970855,250,mRNA
76907,24969811,24970200,389,mRNA
76908,24970253,24970548,295,mRNA
76909,24970605,24970855,250,mRNA
76910,24969811,24970200,389,mRNA
76911,24970253,24970417,164,mRNA
76912,24970660,24970855,195,mRNA
76913,24969847,24970200,353,CDS
76914,24970253,24970548,295,CDS
76915,24970605,24970746,141,CDS
76916,24969847,24970200,353,CDS
76917,24970253,24970548,295,CDS
76918,24970605,24970746,141,CDS
76919,24969847,24970200,353,CDS
76920,24970253,24970417,164,CDS
76921,24970660,24970746,86,CDS
76922,24970843,24973207,2364,gene
76923,24973048,24973207,159,mRNA
76924,24970843,24971317,474,mRNA
76925,24971775,24972017,242,mRNA
76926,24970843,24971317,474,mRNA
76927,24971775,24971845,70,mRNA
76928,24970843,24971317,474,mRNA
76929,24970939,24971304,365,CDS
76930,24970939,24971304,365,CDS
76931,24970939,24971304,365,CDS
76932,24973431,24975341,1910,gene
76933,24974647,24975341,694,mRNA
76934,24974182,24974584,402,mRNA
76935,24973865,24974115,250,mRNA
76936,24973431,24973807,376,mRNA
76937,24974647,24975258,611,CDS
76938,24974182,24974584,402,CDS
76939,24973865,24974115,250,CDS
76940,24973550,24973807,257,CDS
76941,24975377,24975887,510,gene
76942,24975377,24975887,510,ncRNA
76943,24976456,24986070,9614,gene
76944,24984559,24984794,235,mRNA
76945,24984381,24984502,121,mRNA
76946,24979533,24979661,128,mRNA
76947,24978566,24978818,252,mRNA
76948,24978331,24978504,173,mRNA
76949,24977699,24978270,571,mRNA
76950,24977519,24977640,121,mRNA
76951,24976456,24977460,1004,mRNA
76952,24985645,24986070,425,mRNA
76953,24984650,24984940,290,mRNA
76954,24978566,24978818,252,mRNA
76955,24978331,24978504,173,mRNA
76956,24977699,24978270,571,mRNA
76957,24977519,24977640,121,mRNA
76958,24976605,24977460,855,mRNA
76959,24984650,24984794,144,mRNA
76960,24979533,24979661,128,mRNA
76961,24978566,24978818,252,mRNA
76962,24978331,24978504,173,mRNA
76963,24977699,24978270,571,mRNA
76964,24977519,24977640,121,mRNA
76965,24976605,24977460,855,mRNA
76966,24983027,24983204,177,mRNA
76967,24979533,24979661,128,mRNA
76968,24978566,24978818,252,mRNA
76969,24978331,24978504,173,mRNA
76970,24977699,24978270,571,mRNA
76971,24977519,24977640,121,mRNA
76972,24976605,24977460,855,mRNA
76973,24981000,24981158,158,mRNA
76974,24979533,24979661,128,mRNA
76975,24978566,24978818,252,mRNA
76976,24978331,24978504,173,mRNA
76977,24977699,24978270,571,mRNA
76978,24977519,24977640,121,mRNA
76979,24976605,24977460,855,mRNA
76980,24984650,24984674,24,CDS
76981,24978566,24978818,252,CDS
76982,24978331,24978504,173,CDS
76983,24977699,24978270,571,CDS
76984,24977519,24977640,121,CDS
76985,24977080,24977460,380,CDS
76986,24984650,24984674,24,CDS
76987,24979533,24979661,128,CDS
76988,24978566,24978818,252,CDS
76989,24978331,24978504,173,CDS
76990,24977699,24978270,571,CDS
76991,24977519,24977640,121,CDS
76992,24977080,24977460,380,CDS
76993,24979533,24979593,60,CDS
76994,24978566,24978818,252,CDS
76995,24978331,24978504,173,CDS
76996,24977699,24978270,571,CDS
76997,24977519,24977640,121,CDS
76998,24977080,24977460,380,CDS
76999,24979533,24979593,60,CDS
77000,24978566,24978818,252,CDS
77001,24978331,24978504,173,CDS
77002,24977699,24978270,571,CDS
77003,24977519,24977640,121,CDS
77004,24977080,24977460,380,CDS
77005,24979533,24979593,60,CDS
77006,24978566,24978818,252,CDS
77007,24978331,24978504,173,CDS
77008,24977699,24978270,571,CDS
77009,24977519,24977640,121,CDS
77010,24977080,24977460,380,CDS
77011,24986044,24990489,4445,gene
77012,24986044,24987187,1143,mRNA
77013,24988188,24988470,282,mRNA
77014,24988531,24988622,91,mRNA
77015,24988680,24988907,227,mRNA
77016,24988962,24989234,272,mRNA
77017,24989292,24989883,591,mRNA
77018,24989943,24990489,546,mRNA
77019,24987783,24987826,43,mRNA
77020,24988188,24988470,282,mRNA
77021,24988531,24988622,91,mRNA
77022,24988680,24988907,227,mRNA
77023,24988962,24989234,272,mRNA
77024,24989292,24989883,591,mRNA
77025,24989943,24990489,546,mRNA
77026,24988215,24988470,255,CDS
77027,24988531,24988622,91,CDS
77028,24988680,24988907,227,CDS
77029,24988962,24989234,272,CDS
77030,24989292,24989883,591,CDS
77031,24989943,24990295,352,CDS
77032,24988215,24988470,255,CDS
77033,24988531,24988622,91,CDS
77034,24988680,24988907,227,CDS
77035,24988962,24989234,272,CDS
77036,24989292,24989883,591,CDS
77037,24989943,24990295,352,CDS
77038,24990570,25011965,21395,gene
77039,25011376,25011463,87,mRNA
77040,25010380,25010616,236,mRNA
77041,25005868,25006083,215,mRNA
77042,25002288,25002444,156,mRNA
77043,25000039,25000160,121,mRNA
77044,24998278,24998301,23,mRNA
77045,24997578,24997697,119,mRNA
77046,24997209,24997301,92,mRNA
77047,24994407,24997146,2739,mRNA
77048,24994012,24994316,304,mRNA
77049,24993391,24993921,530,mRNA
77050,24992033,24993328,1295,mRNA
77051,24991810,24991973,163,mRNA
77052,24990570,24991272,702,mRNA
77053,25011851,25011965,114,mRNA
77054,25010380,25010616,236,mRNA
77055,25005868,25006083,215,mRNA
77056,25002288,25002444,156,mRNA
77057,25000039,25000160,121,mRNA
77058,24998278,24998301,23,mRNA
77059,24997209,24997301,92,mRNA
77060,24994407,24997146,2739,mRNA
77061,24994012,24994316,304,mRNA
77062,24993391,24993921,530,mRNA
77063,24992033,24993328,1295,mRNA
77064,24991810,24991973,163,mRNA
77065,24990948,24991272,324,mRNA
77066,25011376,25011463,87,mRNA
77067,25010380,25010616,236,mRNA
77068,25005868,25006083,215,mRNA
77069,25002288,25002444,156,mRNA
77070,25000039,25000160,121,mRNA
77071,24998278,24998301,23,mRNA
77072,24997209,24997301,92,mRNA
77073,24994407,24997146,2739,mRNA
77074,24994012,24994316,304,mRNA
77075,24993391,24993921,530,mRNA
77076,24992033,24993328,1295,mRNA
77077,24991810,24991973,163,mRNA
77078,24990948,24991272,324,mRNA
77079,25011376,25011463,87,mRNA
77080,25010380,25010616,236,mRNA
77081,25005868,25006083,215,mRNA
77082,25002288,25002444,156,mRNA
77083,25000039,25000160,121,mRNA
77084,24998278,24998301,23,mRNA
77085,24997913,24997936,23,mRNA
77086,24997209,24997301,92,mRNA
77087,24994407,24997146,2739,mRNA
77088,24994012,24994316,304,mRNA
77089,24993391,24993921,530,mRNA
77090,24992033,24993328,1295,mRNA
77091,24991810,24991973,163,mRNA
77092,24990948,24991272,324,mRNA
77093,25011376,25011463,87,mRNA
77094,25010380,25010616,236,mRNA
77095,25005868,25006083,215,mRNA
77096,25002288,25002444,156,mRNA
77097,25000039,25000160,121,mRNA
77098,24998278,24998301,23,mRNA
77099,24997913,24997936,23,mRNA
77100,24997209,24997301,92,mRNA
77101,24994407,24997146,2739,mRNA
77102,24994012,24994316,304,mRNA
77103,24993391,24993921,530,mRNA
77104,24992033,24993328,1295,mRNA
77105,24991810,24991973,163,mRNA
77106,24991565,24991698,133,mRNA
77107,24990948,24991272,324,mRNA
77108,25011312,25011463,151,mRNA
77109,25010380,25010616,236,mRNA
77110,25005868,25006083,215,mRNA
77111,25002288,25002444,156,mRNA
77112,25000039,25000160,121,mRNA
77113,24998278,24998301,23,mRNA
77114,24997209,24997301,92,mRNA
77115,24994407,24997146,2739,mRNA
77116,24994012,24994316,304,mRNA
77117,24993391,24993921,530,mRNA
77118,24992033,24993328,1295,mRNA
77119,24991810,24991973,163,mRNA
77120,24990948,24991272,324,mRNA
77121,25011312,25011463,151,mRNA
77122,25010380,25010616,236,mRNA
77123,25005868,25006083,215,mRNA
77124,25002288,25002444,156,mRNA
77125,25000039,25000160,121,mRNA
77126,24998278,24998301,23,mRNA
77127,24997578,24997697,119,mRNA
77128,24997209,24997301,92,mRNA
77129,24994407,24997146,2739,mRNA
77130,24994012,24994316,304,mRNA
77131,24993391,24993921,530,mRNA
77132,24992033,24993328,1295,mRNA
77133,24991810,24991973,163,mRNA
77134,24990948,24991272,324,mRNA
77135,25011312,25011463,151,mRNA
77136,25010380,25010616,236,mRNA
77137,25005868,25006083,215,mRNA
77138,25002288,25002444,156,mRNA
77139,25000039,25000160,121,mRNA
77140,24998278,24998301,23,mRNA
77141,24997913,24997936,23,mRNA
77142,24997209,24997301,92,mRNA
77143,24994407,24997146,2739,mRNA
77144,24994012,24994316,304,mRNA
77145,24993391,24993921,530,mRNA
77146,24992033,24993328,1295,mRNA
77147,24991810,24991973,163,mRNA
77148,24990948,24991272,324,mRNA
77149,25011100,25011208,108,mRNA
77150,25010380,25010616,236,mRNA
77151,25005868,25006083,215,mRNA
77152,25002288,25002444,156,mRNA
77153,25000039,25000160,121,mRNA
77154,24998278,24998301,23,mRNA
77155,24997209,24997301,92,mRNA
77156,24994407,24997146,2739,mRNA
77157,24994012,24994316,304,mRNA
77158,24993391,24993921,530,mRNA
77159,24992033,24993328,1295,mRNA
77160,24991810,24991973,163,mRNA
77161,24990948,24991272,324,mRNA
77162,25011312,25011341,29,CDS
77163,25010380,25010616,236,CDS
77164,25005868,25006083,215,CDS
77165,25002288,25002444,156,CDS
77166,25000039,25000160,121,CDS
77167,24998278,24998301,23,CDS
77168,24997209,24997301,92,CDS
77169,24994407,24997146,2739,CDS
77170,24994012,24994316,304,CDS
77171,24993391,24993921,530,CDS
77172,24992033,24993328,1295,CDS
77173,24991810,24991973,163,CDS
77174,24991137,24991272,135,CDS
77175,25011312,25011341,29,CDS
77176,25010380,25010616,236,CDS
77177,25005868,25006083,215,CDS
77178,25002288,25002444,156,CDS
77179,25000039,25000160,121,CDS
77180,24998278,24998301,23,CDS
77181,24997578,24997697,119,CDS
77182,24997209,24997301,92,CDS
77183,24994407,24997146,2739,CDS
77184,24994012,24994316,304,CDS
77185,24993391,24993921,530,CDS
77186,24992033,24993328,1295,CDS
77187,24991810,24991973,163,CDS
77188,24991137,24991272,135,CDS
77189,25011312,25011341,29,CDS
77190,25010380,25010616,236,CDS
77191,25005868,25006083,215,CDS
77192,25002288,25002444,156,CDS
77193,25000039,25000160,121,CDS
77194,24998278,24998301,23,CDS
77195,24997913,24997936,23,CDS
77196,24997209,24997301,92,CDS
77197,24994407,24997146,2739,CDS
77198,24994012,24994316,304,CDS
77199,24993391,24993921,530,CDS
77200,24992033,24993328,1295,CDS
77201,24991810,24991973,163,CDS
77202,24991137,24991272,135,CDS
77203,25010380,25010511,131,CDS
77204,25005868,25006083,215,CDS
77205,25002288,25002444,156,CDS
77206,25000039,25000160,121,CDS
77207,24998278,24998301,23,CDS
77208,24997209,24997301,92,CDS
77209,24994407,24997146,2739,CDS
77210,24994012,24994316,304,CDS
77211,24993391,24993921,530,CDS
77212,24992033,24993328,1295,CDS
77213,24991810,24991973,163,CDS
77214,24991137,24991272,135,CDS
77215,25010380,25010511,131,CDS
77216,25005868,25006083,215,CDS
77217,25002288,25002444,156,CDS
77218,25000039,25000160,121,CDS
77219,24998278,24998301,23,CDS
77220,24997209,24997301,92,CDS
77221,24994407,24997146,2739,CDS
77222,24994012,24994316,304,CDS
77223,24993391,24993921,530,CDS
77224,24992033,24993328,1295,CDS
77225,24991810,24991973,163,CDS
77226,24991137,24991272,135,CDS
77227,25010380,25010511,131,CDS
77228,25005868,25006083,215,CDS
77229,25002288,25002444,156,CDS
77230,25000039,25000160,121,CDS
77231,24998278,24998301,23,CDS
77232,24997209,24997301,92,CDS
77233,24994407,24997146,2739,CDS
77234,24994012,24994316,304,CDS
77235,24993391,24993921,530,CDS
77236,24992033,24993328,1295,CDS
77237,24991810,24991973,163,CDS
77238,24991137,24991272,135,CDS
77239,25010380,25010511,131,CDS
77240,25005868,25006083,215,CDS
77241,25002288,25002444,156,CDS
77242,25000039,25000160,121,CDS
77243,24998278,24998301,23,CDS
77244,24997578,24997697,119,CDS
77245,24997209,24997301,92,CDS
77246,24994407,24997146,2739,CDS
77247,24994012,24994316,304,CDS
77248,24993391,24993921,530,CDS
77249,24992033,24993328,1295,CDS
77250,24991810,24991973,163,CDS
77251,24991137,24991272,135,CDS
77252,25010380,25010511,131,CDS
77253,25005868,25006083,215,CDS
77254,25002288,25002444,156,CDS
77255,25000039,25000160,121,CDS
77256,24998278,24998301,23,CDS
77257,24997913,24997936,23,CDS
77258,24997209,24997301,92,CDS
77259,24994407,24997146,2739,CDS
77260,24994012,24994316,304,CDS
77261,24993391,24993921,530,CDS
77262,24992033,24993328,1295,CDS
77263,24991810,24991973,163,CDS
77264,24991137,24991272,135,CDS
77265,25010380,25010511,131,CDS
77266,25005868,25006083,215,CDS
77267,25002288,25002444,156,CDS
77268,25000039,25000160,121,CDS
77269,24998278,24998301,23,CDS
77270,24997913,24997936,23,CDS
77271,24997209,24997301,92,CDS
77272,24994407,24997146,2739,CDS
77273,24994012,24994316,304,CDS
77274,24993391,24993921,530,CDS
77275,24992033,24993328,1295,CDS
77276,24991810,24991973,163,CDS
77277,24991608,24991698,90,CDS
77278,25012062,25031737,19675,gene
77279,25012062,25012177,115,mRNA
77280,25012633,25012706,73,mRNA
77281,25027703,25028484,781,mRNA
77282,25028542,25028891,349,mRNA
77283,25028946,25031737,2791,mRNA
77284,25012062,25012177,115,mRNA
77285,25012633,25012706,73,mRNA
77286,25027703,25028484,781,mRNA
77287,25028542,25028891,349,mRNA
77288,25028946,25030086,1140,mRNA
77289,25027776,25028484,708,CDS
77290,25028542,25028891,349,CDS
77291,25028946,25029353,407,CDS
77292,25027776,25028484,708,CDS
77293,25028542,25028891,349,CDS
77294,25028946,25029353,407,CDS
77295,25032377,25040377,8000,gene
77296,25032377,25032679,302,mRNA
77297,25036593,25036712,119,mRNA
77298,25036849,25037530,681,mRNA
77299,25037702,25037964,262,mRNA
77300,25039051,25040377,1326,mRNA
77301,25032377,25032679,302,mRNA
77302,25036593,25036712,119,mRNA
77303,25036849,25037530,681,mRNA
77304,25037702,25037970,268,mRNA
77305,25039051,25039989,938,mRNA
77306,25032377,25032679,302,mRNA
77307,25036593,25036712,119,mRNA
77308,25036849,25037530,681,mRNA
77309,25039051,25039989,938,mRNA
77310,25032608,25032679,71,CDS
77311,25036593,25036712,119,CDS
77312,25036849,25037530,681,CDS
77313,25037702,25037964,262,CDS
77314,25039051,25039377,326,CDS
77315,25032608,25032679,71,CDS
77316,25036593,25036712,119,CDS
77317,25036849,25037530,681,CDS
77318,25039051,25039106,55,CDS
77319,25032608,25032679,71,CDS
77320,25036593,25036712,119,CDS
77321,25036849,25037530,681,CDS
77322,25037702,25037970,268,CDS
77323,25040383,25052331,11948,gene
77324,25051951,25052331,380,mRNA
77325,25051310,25051623,313,mRNA
77326,25048047,25048158,111,mRNA
77327,25041333,25041926,593,mRNA
77328,25040383,25041218,835,mRNA
77329,25051951,25052008,57,CDS
77330,25051310,25051623,313,CDS
77331,25048047,25048158,111,CDS
77332,25041333,25041926,593,CDS
77333,25040947,25041218,271,CDS
77334,25051679,25051854,175,mobile_element
77335,25061964,25064643,2679,gene
77336,25061964,25062202,238,mRNA
77337,25063234,25064643,1409,mRNA
77338,25062148,25062202,54,CDS
77339,25063234,25064462,1228,CDS
77340,25072627,25084347,11720,gene
77341,25083865,25084347,482,mRNA
77342,25077370,25078006,636,mRNA
77343,25077174,25077306,132,mRNA
77344,25075605,25075722,117,mRNA
77345,25075397,25075548,151,mRNA
77346,25075242,25075338,96,mRNA
77347,25073278,25073589,311,mRNA
77348,25072627,25073214,587,mRNA
77349,25083865,25084347,482,mRNA
77350,25077370,25078006,636,mRNA
77351,25077174,25077306,132,mRNA
77352,25075605,25075722,117,mRNA
77353,25075397,25075548,151,mRNA
77354,25075242,25075338,96,mRNA
77355,25072627,25073589,962,mRNA
77356,25083865,25084347,482,mRNA
77357,25077370,25078006,636,mRNA
77358,25077174,25077306,132,mRNA
77359,25075605,25075722,117,mRNA
77360,25075397,25075548,151,mRNA
77361,25074037,25075338,1301,mRNA
77362,25073278,25073589,311,mRNA
77363,25072627,25073214,587,mRNA
77364,25077370,25077931,561,CDS
77365,25077174,25077306,132,CDS
77366,25075605,25075722,117,CDS
77367,25075397,25075548,151,CDS
77368,25075242,25075338,96,CDS
77369,25073278,25073589,311,CDS
77370,25072783,25073214,431,CDS
77371,25077370,25077931,561,CDS
77372,25077174,25077306,132,CDS
77373,25075605,25075722,117,CDS
77374,25075397,25075548,151,CDS
77375,25075242,25075338,96,CDS
77376,25073266,25073589,323,CDS
77377,25083865,25084347,482,mRNA
77378,25077370,25078006,636,mRNA
77379,25077174,25077306,132,mRNA
77380,25075605,25075722,117,mRNA
77381,25075397,25075548,151,mRNA
77382,25073669,25075338,1669,mRNA
77383,25077370,25077931,561,CDS
77384,25077174,25077306,132,CDS
77385,25075605,25075722,117,CDS
77386,25075397,25075548,151,CDS
77387,25074918,25075338,420,CDS
77388,25077370,25077931,561,CDS
77389,25077174,25077306,132,CDS
77390,25075605,25075722,117,CDS
77391,25075397,25075548,151,CDS
77392,25074918,25075338,420,CDS
77393,25076005,25076076,71,gene
77394,25076005,25076076,71,tRNA
77395,25076765,25076836,71,gene
77396,25076765,25076836,71,tRNA
77397,25077048,25077119,71,gene
77398,25077048,25077119,71,tRNA
77399,25085780,25139627,53847,gene
77400,25099040,25099192,152,mRNA
77401,25094282,25096499,2217,mRNA
77402,25091592,25091723,131,mRNA
77403,25085780,25087734,1954,mRNA
77404,25098786,25099192,406,mRNA
77405,25094282,25096499,2217,mRNA
77406,25091592,25091723,131,mRNA
77407,25085780,25087734,1954,mRNA
77408,25098095,25098286,191,mRNA
77409,25094282,25096499,2217,mRNA
77410,25091592,25091723,131,mRNA
77411,25085780,25087734,1954,mRNA
77412,25139441,25139627,186,mRNA
77413,25139064,25139388,324,mRNA
77414,25094282,25096499,2217,mRNA
77415,25091592,25091723,131,mRNA
77416,25086412,25087734,1322,mRNA
77417,25099040,25099192,152,mRNA
77418,25094282,25096499,2217,mRNA
77419,25091592,25091723,131,mRNA
77420,25086412,25087734,1322,mRNA
77421,25094282,25096463,2181,CDS
77422,25091592,25091723,131,CDS
77423,25086617,25087734,1117,CDS
77424,25094282,25096463,2181,CDS
77425,25091592,25091723,131,CDS
77426,25086908,25087734,826,CDS
77427,25094282,25096463,2181,CDS
77428,25091592,25091723,131,CDS
77429,25086908,25087734,826,CDS
77430,25094282,25096463,2181,CDS
77431,25091592,25091723,131,CDS
77432,25086908,25087734,826,CDS
77433,25094282,25096463,2181,CDS
77434,25091592,25091723,131,CDS
77435,25086908,25087734,826,CDS
77436,25088943,25089627,684,mobile_element
77437,25089856,25090880,1024,mobile_element
77438,25097794,25097857,63,mobile_element
77439,25107107,25107283,176,mobile_element
77440,25129432,25129985,553,gene
77441,25129432,25129536,104,mRNA
77442,25129593,25129985,392,mRNA
77443,25129459,25129536,77,mRNA
77444,25129593,25129869,276,mRNA
77445,25129611,25129766,155,CDS
77446,25129611,25129766,155,CDS
77447,25131259,25131391,132,mobile_element
77448,25133023,25133151,128,mobile_element
77449,25138627,25139627,1000,gene
77450,25139441,25139627,186,mRNA
77451,25139064,25139388,324,mRNA
77452,25138627,25139011,384,mRNA
77453,25139441,25139541,100,CDS
77454,25139064,25139388,324,CDS
77455,25138661,25139011,350,CDS
77456,25141706,25149342,7636,mobile_element
77457,25149343,25159337,9994,mobile_element
77458,25167659,25169855,2196,gene
77459,25167659,25168120,461,mRNA
77460,25169003,25169194,191,mRNA
77461,25169258,25169528,270,mRNA
77462,25169595,25169855,260,mRNA
77463,25167659,25168018,359,mRNA
77464,25169003,25169194,191,mRNA
77465,25169258,25169528,270,mRNA
77466,25169595,25169855,260,mRNA
77467,25167934,25168120,186,CDS
77468,25169003,25169194,191,CDS
77469,25169258,25169528,270,CDS
77470,25169595,25169760,165,CDS
77471,25167934,25168018,84,CDS
77472,25169003,25169194,191,CDS
77473,25169258,25169528,270,CDS
77474,25169595,25169760,165,CDS
77475,25172245,25172695,450,gene
77476,25172624,25172695,71,mRNA
77477,25172245,25172571,326,mRNA
77478,25172624,25172688,64,mRNA
77479,25172316,25172571,255,mRNA
77480,25172624,25172695,71,CDS
77481,25172395,25172571,176,CDS
77482,25172624,25172638,14,CDS
77483,25172395,25172571,176,CDS
77484,25172943,25173280,337,mobile_element
77485,25173568,25174230,662,gene
77486,25174168,25174230,62,mRNA
77487,25173568,25174112,544,mRNA
77488,25174168,25174230,62,mRNA
77489,25173797,25174112,315,mRNA
77490,25174168,25174182,14,CDS
77491,25173927,25174112,185,CDS
77492,25174168,25174182,14,CDS
77493,25173927,25174112,185,CDS
77494,25174696,25174753,57,mobile_element
77495,25174825,25174912,87,mobile_element
77496,25175126,25176715,1589,gene
77497,25176678,25176715,37,mRNA
77498,25175126,25176616,1490,mRNA
77499,25176678,25176715,37,mRNA
77500,25175453,25176616,1163,mRNA
77501,25176678,25176692,14,CDS
77502,25175498,25176616,1118,CDS
77503,25176678,25176692,14,CDS
77504,25175498,25176616,1118,CDS
77505,25178348,25178690,342,mobile_element
77506,25178818,25178925,107,mobile_element
77507,25182691,25182741,50,mobile_element
77508,25183628,25255318,71690,gene
77509,25188777,25188808,31,mRNA
77510,25186826,25188223,1397,mRNA
77511,25184909,25185032,123,mRNA
77512,25184704,25184846,142,mRNA
77513,25184306,25184653,347,mRNA
77514,25183628,25184250,622,mRNA
77515,25186826,25188194,1368,CDS
77516,25184909,25185032,123,CDS
77517,25184704,25184846,142,CDS
77518,25184306,25184653,347,CDS
77519,25183682,25184250,568,CDS
77520,25255009,25255318,309,mRNA
77521,25243429,25243834,405,mRNA
77522,25207729,25207849,120,mRNA
77523,25186826,25188223,1397,mRNA
77524,25186543,25186675,132,mRNA
77525,25186328,25186470,142,mRNA
77526,25185932,25186276,344,mRNA
77527,25185820,25185876,56,mRNA
77528,25185126,25185762,636,mRNA
77529,25189849,25190124,275,mRNA
77530,25186826,25188223,1397,mRNA
77531,25186543,25186675,132,mRNA
77532,25186328,25186470,142,mRNA
77533,25185932,25186276,344,mRNA
77534,25185820,25185876,56,mRNA
77535,25185126,25185762,636,mRNA
77536,25188777,25188808,31,mRNA
77537,25186826,25188223,1397,mRNA
77538,25186543,25186675,132,mRNA
77539,25186328,25186470,142,mRNA
77540,25185932,25186276,344,mRNA
77541,25185820,25185876,56,mRNA
77542,25185126,25185762,636,mRNA
77543,25186826,25188194,1368,CDS
77544,25186543,25186675,132,CDS
77545,25186328,25186470,142,CDS
77546,25185932,25186276,344,CDS
77547,25185820,25185876,56,CDS
77548,25185287,25185762,475,CDS
77549,25186826,25188194,1368,CDS
77550,25186543,25186675,132,CDS
77551,25186328,25186470,142,CDS
77552,25185932,25186276,344,CDS
77553,25185820,25185876,56,CDS
77554,25185287,25185762,475,CDS
77555,25186826,25188194,1368,CDS
77556,25186543,25186675,132,CDS
77557,25186328,25186470,142,CDS
77558,25185932,25186276,344,CDS
77559,25185820,25185876,56,CDS
77560,25185287,25185762,475,CDS
77561,25189210,25189546,336,mobile_element
77562,25195995,25196343,348,mobile_element
77563,25196477,25196555,78,mobile_element
77564,25204316,25204505,189,mobile_element
77565,25210964,25211295,331,mobile_element
77566,25216164,25216486,322,mobile_element
77567,25217687,25217977,290,mobile_element
77568,25226611,25231394,4783,gene
77569,25226611,25226988,377,mRNA
77570,25227362,25231394,4032,mRNA
77571,25226611,25226988,377,mRNA
77572,25227362,25229519,2157,mRNA
77573,25226952,25226988,36,CDS
77574,25227362,25228833,1471,CDS
77575,25226952,25226988,36,CDS
77576,25227362,25228833,1471,CDS
77577,25237819,25237890,71,mobile_element
77578,25238006,25238321,315,mobile_element
77579,25241022,25241065,43,mobile_element
77580,25246467,25247584,1117,gene
77581,25246467,25247006,539,mRNA
77582,25247065,25247584,519,mRNA
77583,25246529,25247006,477,CDS
77584,25247065,25247504,439,CDS
77585,25249007,25250316,1309,gene
77586,25250258,25250316,58,mRNA
77587,25249652,25249899,247,mRNA
77588,25249510,25249590,80,mRNA
77589,25249007,25249455,448,mRNA
77590,25250258,25250316,58,CDS
77591,25249652,25249899,247,CDS
77592,25249510,25249590,80,CDS
77593,25249007,25249455,448,CDS
77594,25250765,25252516,1751,mobile_element
77595,25251927,25254535,2608,gene
77596,25251927,25252170,243,mRNA
77597,25253581,25253761,180,mRNA
77598,25253820,25254078,258,mRNA
77599,25254128,25254535,407,mRNA
77600,25252327,25252401,74,mobile_element
77601,25252525,25253145,620,mobile_element
77602,25252921,25252957,36,mobile_element
77603,25253314,25253440,126,mRNA
77604,25253581,25253761,180,mRNA
77605,25253820,25254078,258,mRNA
77606,25254128,25254535,407,mRNA
77607,25253439,25253440,1,CDS
77608,25253581,25253761,180,CDS
77609,25253820,25254078,258,CDS
77610,25254128,25254477,349,CDS
77611,25253627,25253761,134,CDS
77612,25253820,25254078,258,CDS
77613,25254128,25254477,349,CDS
77614,25254587,25254671,84,mobile_element
77615,25255992,25256184,192,mobile_element
77616,25258153,25258888,735,mobile_element
