,start,end,lenght,feature
0,879,5039,4160,gene
1,879,1079,200,mRNA
2,1144,1410,266,mRNA
3,1768,3851,2083,mRNA
4,4353,4527,174,mRNA
5,4592,4824,232,mRNA
6,4875,5039,164,mRNA
7,930,1079,149,CDS
8,1144,1410,266,CDS
9,1768,3851,2083,CDS
10,4353,4527,174,CDS
11,4592,4824,232,CDS
12,4875,4995,120,CDS
13,5057,5194,137,mobile_element
14,5464,5498,34,mobile_element
15,5829,11765,5936,gene
16,5829,6041,212,exon
17,6541,6723,182,exon
18,7745,8281,536,exon
19,8340,8675,335,exon
20,8730,11765,3035,exon
21,11838,11975,137,mobile_element
22,12245,12279,34,mobile_element
23,12640,25054,12414,gene
24,12640,12825,185,exon
25,13323,13505,182,exon
26,13649,20086,6437,mobile_element
27,20970,21553,583,exon
28,21612,21947,335,exon
29,22002,25054,3052,exon
30,25134,26234,1100,mobile_element
31,26248,26352,104,mobile_element
32,26625,26659,34,mobile_element
33,27020,31633,4613,gene
34,27020,27205,185,exon
35,27703,27885,182,exon
36,28907,29490,583,exon
37,29549,31633,2084,exon
38,31706,31843,137,mobile_element
39,32478,43778,11300,gene
40,42914,43778,864,mRNA
41,36516,41285,4769,mRNA
42,35874,36457,583,mRNA
43,33191,33373,182,mRNA
44,32478,33125,647,mRNA
45,42914,43778,864,mRNA
46,36516,41285,4769,mRNA
47,35874,36457,583,mRNA
48,33191,33373,182,mRNA
49,32812,33125,313,mRNA
50,42914,43424,510,CDS
51,36516,41285,4769,CDS
52,35874,36457,583,CDS
53,33191,33373,182,CDS
54,33018,33125,107,CDS
55,42914,43424,510,CDS
56,36516,41285,4769,CDS
57,35874,36457,583,CDS
58,33191,33373,182,CDS
59,33018,33125,107,CDS
60,33824,35293,1469,mobile_element
61,41514,42258,744,mobile_element
62,42505,42593,88,mobile_element
63,42774,43374,600,gene
64,42774,43157,383,ncRNA
65,43231,43374,143,ncRNA
66,44774,46074,1300,gene
67,44774,45417,643,ncRNA
68,45487,46074,587,ncRNA
69,46586,47456,870,mobile_element
70,47710,57041,9331,gene
71,56291,57041,750,mRNA
72,52017,52384,367,mRNA
73,51314,51954,640,mRNA
74,50745,51257,512,mRNA
75,50516,50680,164,mRNA
76,47710,50462,2752,mRNA
77,55831,56331,500,mRNA
78,52017,52384,367,mRNA
79,51314,51954,640,mRNA
80,50745,51257,512,mRNA
81,50516,50613,97,mRNA
82,47710,50462,2752,mRNA
83,55831,56331,500,mRNA
84,52017,52384,367,mRNA
85,51314,51954,640,mRNA
86,50745,51257,512,mRNA
87,50516,50680,164,mRNA
88,47710,50462,2752,mRNA
89,55831,55868,37,CDS
90,52017,52384,367,CDS
91,51314,51954,640,CDS
92,50745,51257,512,CDS
93,50516,50680,164,CDS
94,47994,50462,2468,CDS
95,52017,52068,51,CDS
96,51314,51954,640,CDS
97,50745,51257,512,CDS
98,50516,50680,164,CDS
99,47994,50462,2468,CDS
100,55831,55868,37,CDS
101,52017,52384,367,CDS
102,51314,51954,640,CDS
103,50745,51257,512,CDS
104,50516,50613,97,CDS
105,50402,50462,60,CDS
106,52731,52949,218,mobile_element
107,52953,53996,1043,mobile_element
108,53998,54348,350,mobile_element
109,54784,55394,610,mobile_element
110,56497,63124,6627,gene
111,56497,56549,52,ncRNA
112,57240,57411,171,ncRNA
113,59976,60415,439,ncRNA
114,62973,63124,151,ncRNA
115,56497,56549,52,ncRNA
116,57240,57411,171,ncRNA
117,59976,60415,439,ncRNA
118,60570,60974,404,ncRNA
119,61105,61251,146,mobile_element
120,62582,62684,102,mobile_element
121,63158,63380,222,mobile_element
122,64455,64611,156,mobile_element
123,65225,67207,1982,gene
124,66840,67207,367,mRNA
125,66105,66738,633,mRNA
126,66000,66049,49,mRNA
127,65225,65521,296,mRNA
128,65577,65645,68,gene
129,65577,65645,68,ncRNA
130,67048,67207,159,mRNA
131,66840,66991,151,mRNA
132,66197,66738,541,mRNA
133,66840,67207,367,mRNA
134,66197,66738,541,mRNA
135,66840,67180,340,CDS
136,66273,66738,465,CDS
137,66840,67180,340,CDS
138,66273,66738,465,CDS
139,67048,67086,38,CDS
140,66840,66991,151,CDS
141,66273,66738,465,CDS
142,69326,114270,44944,gene
143,69326,69981,655,mRNA
144,72321,72335,14,mRNA
145,72404,72594,190,mRNA
146,72817,72862,45,mRNA
147,75068,75165,97,mRNA
148,82638,82746,108,mRNA
149,85712,85799,87,mRNA
150,85853,85933,80,mRNA
151,87017,87166,149,mRNA
152,94423,94615,192,mRNA
153,97822,97975,153,mRNA
154,99406,99475,69,mRNA
155,104083,104528,445,mRNA
156,107403,110059,2656,mRNA
157,69326,69981,655,mRNA
158,72321,72335,14,mRNA
159,72404,72594,190,mRNA
160,72817,72862,45,mRNA
161,75068,75165,97,mRNA
162,82638,82746,108,mRNA
163,85712,85799,87,mRNA
164,85853,85933,80,mRNA
165,87017,87166,149,mRNA
166,94423,94615,192,mRNA
167,97822,97975,153,mRNA
168,99406,99475,69,mRNA
169,107403,109770,2367,mRNA
170,69326,69981,655,mRNA
171,72321,72335,14,mRNA
172,72404,72594,190,mRNA
173,72817,72862,45,mRNA
174,75068,75165,97,mRNA
175,82638,82746,108,mRNA
176,85712,85799,87,mRNA
177,85853,85933,80,mRNA
178,87017,87166,149,mRNA
179,94423,94615,192,mRNA
180,94837,95002,165,mRNA
181,99406,99475,69,mRNA
182,107403,108372,969,mRNA
183,108427,108694,267,mRNA
184,69326,69849,523,mRNA
185,72321,72335,14,mRNA
186,72404,72594,190,mRNA
187,72817,72862,45,mRNA
188,75068,75165,97,mRNA
189,82638,82746,108,mRNA
190,85712,85799,87,mRNA
191,85853,85933,80,mRNA
192,87017,87166,149,mRNA
193,94423,94615,192,mRNA
194,94837,95002,165,mRNA
195,99406,99475,69,mRNA
196,107403,108694,1291,mRNA
197,69326,69981,655,mRNA
198,72321,72335,14,mRNA
199,72404,72594,190,mRNA
200,72817,72862,45,mRNA
201,75068,75165,97,mRNA
202,82638,82746,108,mRNA
203,85712,85799,87,mRNA
204,85853,85933,80,mRNA
205,87017,87166,149,mRNA
206,94423,94615,192,mRNA
207,97822,97975,153,mRNA
208,99406,101419,2013,mRNA
209,69653,69981,328,mRNA
210,72321,72594,273,mRNA
211,72817,72862,45,mRNA
212,75068,75165,97,mRNA
213,82638,82746,108,mRNA
214,85712,85799,87,mRNA
215,85853,85933,80,mRNA
216,87017,87166,149,mRNA
217,94423,94615,192,mRNA
218,94837,95002,165,mRNA
219,99406,99475,69,mRNA
220,107403,114270,6867,mRNA
221,69653,69849,196,mRNA
222,72321,72594,273,mRNA
223,72817,72862,45,mRNA
224,75068,75165,97,mRNA
225,82638,82746,108,mRNA
226,85712,85799,87,mRNA
227,85853,85933,80,mRNA
228,87017,87166,149,mRNA
229,94423,94615,192,mRNA
230,94837,95002,165,mRNA
231,99406,99475,69,mRNA
232,107403,110059,2656,mRNA
233,70405,70567,162,mRNA
234,72321,72594,273,mRNA
235,72817,72862,45,mRNA
236,75068,75165,97,mRNA
237,82638,82746,108,mRNA
238,85712,85799,87,mRNA
239,85853,85933,80,mRNA
240,87017,87166,149,mRNA
241,94423,94615,192,mRNA
242,94837,95002,165,mRNA
243,99406,99475,69,mRNA
244,107403,110059,2656,mRNA
245,71800,71849,49,mobile_element
246,72430,72594,164,CDS
247,72817,72862,45,CDS
248,75068,75165,97,CDS
249,82638,82746,108,CDS
250,85712,85799,87,CDS
251,85853,85933,80,CDS
252,87017,87166,149,CDS
253,94423,94615,192,CDS
254,94837,95002,165,CDS
255,99406,99475,69,CDS
256,107403,108492,1089,CDS
257,72430,72594,164,CDS
258,72817,72862,45,CDS
259,75068,75165,97,CDS
260,82638,82746,108,CDS
261,85712,85799,87,CDS
262,85853,85933,80,CDS
263,87017,87166,149,CDS
264,94423,94615,192,CDS
265,94837,95002,165,CDS
266,99406,99475,69,CDS
267,107403,108492,1089,CDS
268,72430,72594,164,CDS
269,72817,72862,45,CDS
270,75068,75165,97,CDS
271,82638,82746,108,CDS
272,85712,85799,87,CDS
273,85853,85933,80,CDS
274,87017,87166,149,CDS
275,94423,94615,192,CDS
276,94837,95002,165,CDS
277,99406,99475,69,CDS
278,107403,108492,1089,CDS
279,72430,72594,164,CDS
280,72817,72862,45,CDS
281,75068,75165,97,CDS
282,82638,82746,108,CDS
283,85712,85799,87,CDS
284,85853,85933,80,CDS
285,87017,87166,149,CDS
286,94423,94615,192,CDS
287,94837,95002,165,CDS
288,99406,99475,69,CDS
289,107403,108492,1089,CDS
290,72430,72594,164,CDS
291,72817,72862,45,CDS
292,75068,75165,97,CDS
293,82638,82746,108,CDS
294,85712,85799,87,CDS
295,85853,85933,80,CDS
296,87017,87166,149,CDS
297,94423,94615,192,CDS
298,94837,95002,165,CDS
299,99406,99475,69,CDS
300,107403,108372,969,CDS
301,108427,108492,65,CDS
302,72430,72594,164,CDS
303,72817,72862,45,CDS
304,75068,75165,97,CDS
305,82638,82746,108,CDS
306,85712,85799,87,CDS
307,85853,85933,80,CDS
308,87017,87166,149,CDS
309,94423,94615,192,CDS
310,97822,97975,153,CDS
311,99406,99475,69,CDS
312,107403,108492,1089,CDS
313,72430,72594,164,CDS
314,72817,72862,45,CDS
315,75068,75165,97,CDS
316,82638,82746,108,CDS
317,85712,85799,87,CDS
318,85853,85933,80,CDS
319,87017,87166,149,CDS
320,94423,94615,192,CDS
321,97822,97975,153,CDS
322,99406,99475,69,CDS
323,104083,104413,330,CDS
324,72430,72594,164,CDS
325,72817,72862,45,CDS
326,75068,75165,97,CDS
327,82638,82746,108,CDS
328,85712,85799,87,CDS
329,85853,85933,80,CDS
330,87017,87166,149,CDS
331,94423,94615,192,CDS
332,97822,97975,153,CDS
333,99406,99554,148,CDS
334,75444,75627,183,mobile_element
335,76554,81921,5367,mobile_element
336,84505,84729,224,mobile_element
337,88897,89284,387,mobile_element
338,90355,93273,2918,mRNA
339,94423,94615,192,mRNA
340,94837,95002,165,mRNA
341,99406,99475,69,mRNA
342,107403,110059,2656,mRNA
343,91214,93273,2059,CDS
344,94423,94615,192,CDS
345,94837,95002,165,CDS
346,99406,99475,69,CDS
347,107403,108492,1089,CDS
348,100118,100231,113,mobile_element
349,100389,100643,254,mobile_element
350,100811,100859,48,mobile_element
351,100936,101029,93,mobile_element
352,101068,101426,358,mobile_element
353,101455,101965,510,mobile_element
354,103201,103648,447,mobile_element
355,111786,112228,442,mobile_element
356,114884,115695,811,mobile_element
357,115074,129849,14775,gene
358,129798,129849,51,mRNA
359,129322,129442,120,mRNA
360,123785,123892,107,mRNA
361,122309,123422,1113,mRNA
362,121853,121956,103,mRNA
363,120858,121799,941,mRNA
364,119888,120212,324,mRNA
365,118838,118931,93,mRNA
366,118555,118779,224,mRNA
367,116686,118501,1815,mRNA
368,115258,116004,746,mRNA
369,115074,115202,128,mRNA
370,129670,129754,84,mRNA
371,129322,129442,120,mRNA
372,123785,123892,107,mRNA
373,122309,123422,1113,mRNA
374,121853,121956,103,mRNA
375,120858,121799,941,mRNA
376,119888,120212,324,mRNA
377,118838,118931,93,mRNA
378,118555,118779,224,mRNA
379,116686,118501,1815,mRNA
380,116389,116630,241,mRNA
381,129555,129754,199,mRNA
382,129322,129442,120,mRNA
383,123785,123892,107,mRNA
384,122309,123422,1113,mRNA
385,121853,121956,103,mRNA
386,120858,121799,941,mRNA
387,119888,120212,324,mRNA
388,118838,118931,93,mRNA
389,118555,118779,224,mRNA
390,116686,118501,1815,mRNA
391,116389,116630,241,mRNA
392,129322,129452,130,mRNA
393,123785,123892,107,mRNA
394,122309,123422,1113,mRNA
395,121853,121956,103,mRNA
396,120858,121799,941,mRNA
397,119888,120212,324,mRNA
398,118838,118931,93,mRNA
399,118555,118779,224,mRNA
400,116686,118501,1815,mRNA
401,116389,116630,241,mRNA
402,129322,129426,104,CDS
403,123785,123892,107,CDS
404,122309,123422,1113,CDS
405,121853,121956,103,CDS
406,120858,121799,941,CDS
407,119888,120212,324,CDS
408,118838,118931,93,CDS
409,118555,118779,224,CDS
410,116869,118501,1632,CDS
411,129322,129426,104,CDS
412,123785,123892,107,CDS
413,122309,123422,1113,CDS
414,121853,121956,103,CDS
415,120858,121799,941,CDS
416,119888,120212,324,CDS
417,118838,118931,93,CDS
418,118555,118779,224,CDS
419,116869,118501,1632,CDS
420,129322,129426,104,CDS
421,123785,123892,107,CDS
422,122309,123422,1113,CDS
423,121853,121956,103,CDS
424,120858,121799,941,CDS
425,119888,120212,324,CDS
426,118838,118931,93,CDS
427,118555,118779,224,CDS
428,116869,118501,1632,CDS
429,129322,129426,104,CDS
430,123785,123892,107,CDS
431,122309,123422,1113,CDS
432,121853,121956,103,CDS
433,120858,121799,941,CDS
434,119888,120212,324,CDS
435,118838,118931,93,CDS
436,118555,118779,224,CDS
437,116869,118501,1632,CDS
438,118965,119039,74,mobile_element
439,119147,119823,676,mobile_element
440,124037,125257,1220,mobile_element
441,125258,125339,81,mobile_element
442,125492,126666,1174,mobile_element
443,126767,127171,404,mobile_element
444,127182,127359,177,mobile_element
445,127987,128824,837,mobile_element
446,128086,128439,353,mobile_element
447,128965,129057,92,mobile_element
448,130589,131104,515,mobile_element
449,131098,131337,239,mobile_element
450,132220,143123,10903,gene
451,132220,132287,67,mRNA
452,133186,133235,49,mRNA
453,133588,134964,1376,mRNA
454,136879,137167,288,mRNA
455,137223,137332,109,mRNA
456,137391,137752,361,mRNA
457,137807,138310,503,mRNA
458,138374,138574,200,mRNA
459,140270,142127,1857,mRNA
460,142200,143123,923,mRNA
461,132220,132287,67,mRNA
462,133186,133231,45,mRNA
463,133588,133713,125,mRNA
464,134671,134964,293,mRNA
465,136879,137167,288,mRNA
466,137223,137332,109,mRNA
467,137391,137752,361,mRNA
468,137807,138310,503,mRNA
469,138374,138574,200,mRNA
470,140270,142127,1857,mRNA
471,142200,143123,923,mRNA
472,132220,132287,67,mRNA
473,133186,133231,45,mRNA
474,133588,134964,1376,mRNA
475,136879,137167,288,mRNA
476,137223,137332,109,mRNA
477,137391,137752,361,mRNA
478,137807,138310,503,mRNA
479,138374,138574,200,mRNA
480,139822,140083,261,mRNA
481,132220,132287,67,mRNA
482,133186,133231,45,mRNA
483,133588,133713,125,mRNA
484,133795,133924,129,mRNA
485,134825,134964,139,mRNA
486,136879,137167,288,mRNA
487,137223,137332,109,mRNA
488,137391,137752,361,mRNA
489,137807,138310,503,mRNA
490,138374,138574,200,mRNA
491,139822,140083,261,mRNA
492,132220,132287,67,mRNA
493,133186,133231,45,mRNA
494,133588,133713,125,mRNA
495,134671,134964,293,mRNA
496,136879,137167,288,mRNA
497,137223,137332,109,mRNA
498,137391,137752,361,mRNA
499,137807,138310,503,mRNA
500,138374,138574,200,mRNA
501,139822,140083,261,mRNA
502,132674,132874,200,gene
503,132674,132874,200,ncRNA
504,134529,134964,435,CDS
505,136879,137167,288,CDS
506,137223,137332,109,CDS
507,137391,137752,361,CDS
508,137807,138310,503,CDS
509,138374,138574,200,CDS
510,140270,142127,1857,CDS
511,142200,142795,595,CDS
512,134529,134964,435,CDS
513,136879,137167,288,CDS
514,137223,137332,109,CDS
515,137391,137752,361,CDS
516,137807,138310,503,CDS
517,138374,138574,200,CDS
518,139822,139896,74,CDS
519,134718,134964,246,CDS
520,136879,137167,288,CDS
521,137223,137332,109,CDS
522,137391,137752,361,CDS
523,137807,138310,503,CDS
524,138374,138574,200,CDS
525,140270,142127,1857,CDS
526,142200,142795,595,CDS
527,134718,134964,246,CDS
528,136879,137167,288,CDS
529,137223,137332,109,CDS
530,137391,137752,361,CDS
531,137807,138310,503,CDS
532,138374,138574,200,CDS
533,139822,139896,74,CDS
534,134766,134964,198,mRNA
535,136879,137167,288,mRNA
536,137223,137332,109,mRNA
537,137391,137752,361,mRNA
538,137807,138310,503,mRNA
539,138374,138574,200,mRNA
540,140270,142127,1857,mRNA
541,142200,143123,923,mRNA
542,135593,135708,115,mobile_element
543,136272,136777,505,mRNA
544,136879,137167,288,mRNA
545,137223,137332,109,mRNA
546,137391,137752,361,mRNA
547,137807,138310,503,mRNA
548,138374,138574,200,mRNA
549,140270,142127,1857,mRNA
550,142200,143123,923,mRNA
551,136272,136371,99,mRNA
552,136691,136777,86,mRNA
553,136879,137167,288,mRNA
554,137223,137332,109,mRNA
555,137391,137752,361,mRNA
556,137807,138310,503,mRNA
557,138374,138574,200,mRNA
558,140270,142127,1857,mRNA
559,142200,143123,923,mRNA
560,136272,136777,505,mRNA
561,136879,137167,288,mRNA
562,137223,137332,109,mRNA
563,137391,137752,361,mRNA
564,137807,138310,503,mRNA
565,138374,138574,200,mRNA
566,139822,140083,261,mRNA
567,136753,136777,24,CDS
568,136879,137167,288,CDS
569,137223,137332,109,CDS
570,137391,137752,361,CDS
571,137807,138310,503,CDS
572,138374,138574,200,CDS
573,140270,142127,1857,CDS
574,142200,142795,595,CDS
575,136753,136777,24,CDS
576,136879,137167,288,CDS
577,137223,137332,109,CDS
578,137391,137752,361,CDS
579,137807,138310,503,CDS
580,138374,138574,200,CDS
581,140270,142127,1857,CDS
582,142200,142795,595,CDS
583,136753,136777,24,CDS
584,136879,137167,288,CDS
585,137223,137332,109,CDS
586,137391,137752,361,CDS
587,137807,138310,503,CDS
588,138374,138574,200,CDS
589,139822,139896,74,CDS
590,136926,137167,241,CDS
591,137223,137332,109,CDS
592,137391,137752,361,CDS
593,137807,138310,503,CDS
594,138374,138574,200,CDS
595,140270,142127,1857,CDS
596,142200,142795,595,CDS
597,136926,137167,241,CDS
598,137223,137332,109,CDS
599,137391,137752,361,CDS
600,137807,138310,503,CDS
601,138374,138574,200,CDS
602,139822,139896,74,CDS
603,138906,138970,64,mobile_element
604,138971,139934,963,mobile_element
605,139426,139691,265,mobile_element
606,140103,140151,48,mobile_element
607,143266,143404,138,mobile_element
608,143410,143664,254,mobile_element
609,143750,147932,4182,mobile_element
610,145902,146467,565,mobile_element
611,149179,149603,424,mobile_element
612,149641,149769,128,mobile_element
613,150764,153538,2774,gene
614,150764,150836,72,mRNA
615,151742,152130,388,mRNA
616,152195,152378,183,mRNA
617,152439,152921,482,mRNA
618,152984,153538,554,mRNA
619,151751,152130,379,CDS
620,152195,152378,183,CDS
621,152439,152921,482,CDS
622,152984,153268,284,CDS
623,154654,156060,1406,gene
624,155765,156060,295,mRNA
625,155027,155147,120,mRNA
626,154654,154965,311,mRNA
627,155765,156060,295,mRNA
628,155027,155147,120,mRNA
629,154717,154965,248,mRNA
630,155765,155903,138,CDS
631,155027,155147,120,CDS
632,154779,154965,186,CDS
633,155765,155903,138,CDS
634,155027,155147,120,CDS
635,154779,154965,186,CDS
636,157575,175639,18064,gene
637,175516,175639,123,mRNA
638,174785,174968,183,mRNA
639,174111,174164,53,mRNA
640,164715,165064,349,mRNA
641,164462,164656,194,mRNA
642,160822,164395,3573,mRNA
643,160525,160763,238,mRNA
644,160332,160461,129,mRNA
645,159767,160275,508,mRNA
646,159222,159712,490,mRNA
647,158644,158704,60,mRNA
648,157575,158577,1002,mRNA
649,175110,175140,30,mRNA
650,174785,174968,183,mRNA
651,174111,174164,53,mRNA
652,164715,165064,349,mRNA
653,164462,164656,194,mRNA
654,160822,164395,3573,mRNA
655,160525,160763,238,mRNA
656,160332,160461,129,mRNA
657,159767,160275,508,mRNA
658,159222,159712,490,mRNA
659,158644,158662,18,mRNA
660,158500,158577,77,mRNA
661,157575,158442,867,mRNA
662,175110,175140,30,mRNA
663,174785,174968,183,mRNA
664,174111,174164,53,mRNA
665,164715,165064,349,mRNA
666,164462,164656,194,mRNA
667,160822,164395,3573,mRNA
668,160525,160763,238,mRNA
669,160332,160461,129,mRNA
670,159767,160275,508,mRNA
671,159222,159712,490,mRNA
672,158644,158662,18,mRNA
673,157575,158577,1002,mRNA
674,158191,158217,26,mobile_element
675,174785,174959,174,CDS
676,174111,174164,53,CDS
677,164715,165064,349,CDS
678,164462,164656,194,CDS
679,160822,164395,3573,CDS
680,160525,160763,238,CDS
681,160332,160461,129,CDS
682,159767,160275,508,CDS
683,159222,159712,490,CDS
684,158644,158662,18,CDS
685,158500,158577,77,CDS
686,158419,158442,23,CDS
687,174785,174959,174,CDS
688,174111,174164,53,CDS
689,164715,165064,349,CDS
690,164462,164656,194,CDS
691,160822,164395,3573,CDS
692,160525,160763,238,CDS
693,160332,160461,129,CDS
694,159767,160275,508,CDS
695,159222,159712,490,CDS
696,158644,158662,18,CDS
697,158458,158577,119,CDS
698,174785,174959,174,CDS
699,174111,174164,53,CDS
700,164715,165064,349,CDS
701,164462,164656,194,CDS
702,160822,164395,3573,CDS
703,160525,160763,238,CDS
704,160332,160461,129,CDS
705,159767,160275,508,CDS
706,159222,159712,490,CDS
707,158644,158704,60,CDS
708,158458,158577,119,CDS
709,165270,165660,390,mobile_element
710,175522,175639,117,mRNA
711,174785,174968,183,mRNA
712,174111,174164,53,mRNA
713,166545,173736,7191,mRNA
714,175110,175140,30,mRNA
715,174785,174968,183,mRNA
716,174111,174164,53,mRNA
717,166545,173736,7191,mRNA
718,174785,174959,174,CDS
719,174111,174164,53,CDS
720,167096,173736,6640,CDS
721,174785,174959,174,CDS
722,174111,174164,53,CDS
723,167096,173736,6640,CDS
724,175455,175874,419,gene
725,175455,175639,184,ncRNA
726,175699,175874,175,ncRNA
727,177348,179389,2041,gene
728,179261,179389,128,mRNA
729,179092,179211,119,mRNA
730,178937,179034,97,mRNA
731,178778,178880,102,mRNA
732,177348,177992,644,mRNA
733,179264,179389,125,mRNA
734,179092,179211,119,mRNA
735,178937,179034,97,mRNA
736,178778,178836,58,mRNA
737,177438,177992,554,mRNA
738,179264,179389,125,mRNA
739,179092,179211,119,mRNA
740,178937,179034,97,mRNA
741,178778,178880,102,mRNA
742,177438,177992,554,mRNA
743,179264,179329,65,CDS
744,179092,179211,119,CDS
745,178937,179034,97,CDS
746,178778,178880,102,CDS
747,177441,177992,551,CDS
748,179261,179329,68,CDS
749,179092,179211,119,CDS
750,178937,179034,97,CDS
751,178778,178880,102,CDS
752,177441,177992,551,CDS
753,179264,179329,65,CDS
754,179092,179211,119,CDS
755,178937,179034,97,CDS
756,178818,178836,18,CDS
757,180265,180926,661,mobile_element
758,180927,183823,2896,mobile_element
759,182605,183727,1122,mobile_element
760,184076,193829,9753,gene
761,193545,193829,284,mRNA
762,189998,190061,63,mRNA
763,188578,189248,670,mRNA
764,188425,188523,98,mRNA
765,188230,188369,139,mRNA
766,187997,188169,172,mRNA
767,185978,186840,862,mRNA
768,185827,185916,89,mRNA
769,184670,184795,125,mRNA
770,184076,184614,538,mRNA
771,193673,193829,156,mRNA
772,188578,189248,670,mRNA
773,188425,188523,98,mRNA
774,188230,188369,139,mRNA
775,187997,188169,172,mRNA
776,185978,186840,862,mRNA
777,185827,185916,89,mRNA
778,184670,184795,125,mRNA
779,184225,184614,389,mRNA
780,193673,193829,156,mRNA
781,189998,190061,63,mRNA
782,188578,189248,670,mRNA
783,188425,188523,98,mRNA
784,188230,188369,139,mRNA
785,187997,188169,172,mRNA
786,185978,186840,862,mRNA
787,185827,185916,89,mRNA
788,184670,184795,125,mRNA
789,184225,184614,389,mRNA
790,193344,193489,145,mRNA
791,189998,190061,63,mRNA
792,188578,189248,670,mRNA
793,188425,188523,98,mRNA
794,188230,188369,139,mRNA
795,187997,188169,172,mRNA
796,185978,186840,862,mRNA
797,185827,185916,89,mRNA
798,184670,184795,125,mRNA
799,184225,184614,389,mRNA
800,193344,193489,145,mRNA
801,191309,191386,77,mRNA
802,189998,190061,63,mRNA
803,188578,189248,670,mRNA
804,188425,188523,98,mRNA
805,188230,188369,139,mRNA
806,187997,188169,172,mRNA
807,185978,186840,862,mRNA
808,185827,185916,89,mRNA
809,184670,184795,125,mRNA
810,184225,184614,389,mRNA
811,189526,189587,61,mRNA
812,188578,189248,670,mRNA
813,188425,188523,98,mRNA
814,188230,188369,139,mRNA
815,187997,188169,172,mRNA
816,185978,186840,862,mRNA
817,185827,185916,89,mRNA
818,184670,184795,125,mRNA
819,184225,184614,389,mRNA
820,188578,189179,601,CDS
821,188425,188523,98,CDS
822,188230,188369,139,CDS
823,187997,188169,172,CDS
824,185978,186840,862,CDS
825,185827,185916,89,CDS
826,184670,184795,125,CDS
827,184515,184614,99,CDS
828,188578,189179,601,CDS
829,188425,188523,98,CDS
830,188230,188369,139,CDS
831,187997,188169,172,CDS
832,185978,186840,862,CDS
833,185827,185916,89,CDS
834,184670,184795,125,CDS
835,184515,184614,99,CDS
836,188578,189179,601,CDS
837,188425,188523,98,CDS
838,188230,188369,139,CDS
839,187997,188169,172,CDS
840,185978,186840,862,CDS
841,185827,185916,89,CDS
842,184670,184795,125,CDS
843,184515,184614,99,CDS
844,188578,189179,601,CDS
845,188425,188523,98,CDS
846,188230,188369,139,CDS
847,187997,188169,172,CDS
848,185978,186840,862,CDS
849,185827,185916,89,CDS
850,184670,184795,125,CDS
851,184515,184614,99,CDS
852,188578,189179,601,CDS
853,188425,188523,98,CDS
854,188230,188369,139,CDS
855,187997,188169,172,CDS
856,185978,186840,862,CDS
857,185827,185916,89,CDS
858,184670,184795,125,CDS
859,184515,184614,99,CDS
860,188578,189179,601,CDS
861,188425,188523,98,CDS
862,188230,188369,139,CDS
863,187997,188169,172,CDS
864,185978,186840,862,CDS
865,185827,185916,89,CDS
866,184670,184795,125,CDS
867,184515,184614,99,CDS
868,184965,185457,492,mobile_element
869,187215,187614,399,mobile_element
870,190883,191041,158,mobile_element
871,191499,191743,244,mobile_element
872,192640,193017,377,mobile_element
873,194732,195900,1168,gene
874,194732,195900,1168,ncRNA
875,195916,196418,502,mobile_element
876,196675,205945,9270,gene
877,205659,205945,286,mRNA
878,204640,204792,152,mRNA
879,203980,204592,612,mRNA
880,201441,201658,217,mRNA
881,196675,201383,4708,mRNA
882,205741,205945,204,mRNA
883,204640,204792,152,mRNA
884,203980,204574,594,mRNA
885,201441,201658,217,mRNA
886,197692,201383,3691,mRNA
887,204640,204700,60,CDS
888,203980,204574,594,CDS
889,201441,201658,217,CDS
890,197878,201383,3505,CDS
891,203980,204347,367,CDS
892,201441,201658,217,CDS
893,197878,201383,3505,CDS
894,201844,202025,181,mobile_element
895,202037,202879,842,mobile_element
896,206492,209946,3454,mobile_element
897,206604,206763,159,mobile_element
898,206773,206837,64,mobile_element
899,207568,209304,1736,mobile_element
900,207616,208719,1103,mobile_element
901,210224,213165,2941,gene
902,210224,210486,262,mRNA
903,210558,210680,122,mRNA
904,211590,211794,204,mRNA
905,211854,211982,128,mRNA
906,212115,212274,159,mRNA
907,212628,212729,101,mRNA
908,212791,213165,374,mRNA
909,210224,210486,262,mRNA
910,210558,210680,122,mRNA
911,211590,211794,204,mRNA
912,211854,211982,128,mRNA
913,212628,212729,101,mRNA
914,212791,213165,374,mRNA
915,210224,210486,262,mRNA
916,210558,210680,122,mRNA
917,212628,212729,101,mRNA
918,212791,213165,374,mRNA
919,210224,210486,262,mRNA
920,210558,210675,117,mRNA
921,211639,211794,155,mRNA
922,211854,211982,128,mRNA
923,212628,212729,101,mRNA
924,212791,213165,374,mRNA
925,210224,210486,262,mRNA
926,210582,210680,98,mRNA
927,211590,211794,204,mRNA
928,211854,211982,128,mRNA
929,212628,212729,101,mRNA
930,212791,213165,374,mRNA
931,210224,210362,138,mRNA
932,210438,210486,48,mRNA
933,210558,210680,122,mRNA
934,211590,211794,204,mRNA
935,211854,211982,128,mRNA
936,212628,212729,101,mRNA
937,212791,213165,374,mRNA
938,210224,210362,138,mRNA
939,210438,210486,48,mRNA
940,210558,210680,122,mRNA
941,211854,211982,128,mRNA
942,212628,212729,101,mRNA
943,212791,213165,374,mRNA
944,210455,210486,31,CDS
945,210558,210680,122,CDS
946,211590,211794,204,CDS
947,211854,211982,128,CDS
948,212628,212729,101,CDS
949,212791,213015,224,CDS
950,210455,210486,31,CDS
951,210558,210680,122,CDS
952,211590,211794,204,CDS
953,211854,211982,128,CDS
954,212628,212729,101,CDS
955,212791,213015,224,CDS
956,210455,210486,31,CDS
957,210558,210675,117,CDS
958,211639,211794,155,CDS
959,211854,211982,128,CDS
960,212628,212729,101,CDS
961,212791,213015,224,CDS
962,210455,210486,31,CDS
963,210582,210680,98,CDS
964,211590,211794,204,CDS
965,211854,211982,128,CDS
966,212628,212729,101,CDS
967,212791,213015,224,CDS
968,210455,210486,31,CDS
969,210558,210680,122,CDS
970,212628,212727,99,CDS
971,210455,210486,31,CDS
972,210558,210680,122,CDS
973,211590,211794,204,CDS
974,211854,211982,128,CDS
975,212115,212180,65,CDS
976,210455,210486,31,CDS
977,210558,210680,122,CDS
978,211854,211893,39,CDS
979,211070,211123,53,mobile_element
980,213336,213384,48,mobile_element
981,213385,213449,64,mobile_element
982,213915,214227,312,mobile_element
983,214271,214460,189,mobile_element
984,215009,227748,12739,gene
985,227676,227748,72,mRNA
986,225762,226550,788,mRNA
987,223945,224439,494,mRNA
988,223557,223886,329,mRNA
989,222791,223012,221,mRNA
990,222654,222736,82,mRNA
991,222541,222598,57,mRNA
992,220144,220437,293,mRNA
993,219891,220028,137,mRNA
994,218446,218890,444,mRNA
995,218248,218380,132,mRNA
996,217406,217494,88,mRNA
997,215330,215560,230,mRNA
998,215009,215267,258,mRNA
999,225762,225956,194,mRNA
1000,223945,224439,494,mRNA
1001,223557,223886,329,mRNA
1002,222791,223012,221,mRNA
1003,222654,222736,82,mRNA
1004,222541,222598,57,mRNA
1005,220144,220437,293,mRNA
1006,219891,220028,137,mRNA
1007,218446,218890,444,mRNA
1008,218248,218380,132,mRNA
1009,217406,217494,88,mRNA
1010,215330,215560,230,mRNA
1011,215009,215267,258,mRNA
1012,225762,225834,72,CDS
1013,223945,224439,494,CDS
1014,223557,223886,329,CDS
1015,222791,223012,221,CDS
1016,222654,222736,82,CDS
1017,222541,222598,57,CDS
1018,220144,220437,293,CDS
1019,219891,220028,137,CDS
1020,218446,218890,444,CDS
1021,218248,218380,132,CDS
1022,217406,217494,88,CDS
1023,215330,215560,230,CDS
1024,215105,215267,162,CDS
1025,225762,225834,72,CDS
1026,223945,224439,494,CDS
1027,223557,223886,329,CDS
1028,222791,223012,221,CDS
1029,222654,222736,82,CDS
1030,222541,222598,57,CDS
1031,220144,220437,293,CDS
1032,219891,220028,137,CDS
1033,218446,218890,444,CDS
1034,218248,218380,132,CDS
1035,217406,217494,88,CDS
1036,215330,215560,230,CDS
1037,215105,215267,162,CDS
1038,216449,216548,99,mobile_element
1039,217647,217791,144,mobile_element
1040,219149,219597,448,mobile_element
1041,219598,219774,176,mobile_element
1042,221425,222508,1083,mobile_element
1043,226318,226986,668,mobile_element
1044,227922,230428,2506,gene
1045,227922,228240,318,mRNA
1046,228905,229571,666,mRNA
1047,229911,230428,517,mRNA
1048,228005,228240,235,CDS
1049,228905,229571,666,CDS
1050,229911,230399,488,CDS
1051,228436,228490,54,mobile_element
1052,228576,229112,536,gene
1053,228931,229112,181,ncRNA
1054,228576,228874,298,ncRNA
1055,228634,228808,174,mobile_element
1056,230632,230792,160,mobile_element
1057,230730,245903,15173,gene
1058,230730,230895,165,mRNA
1059,231935,231977,42,mRNA
1060,232279,232848,569,mRNA
1061,234265,234345,80,mRNA
1062,234864,234944,80,mRNA
1063,236395,236475,80,mRNA
1064,237269,237559,290,mRNA
1065,240314,240398,84,mRNA
1066,243266,243585,319,mRNA
1067,243634,243748,114,mRNA
1068,245180,245903,723,mRNA
1069,231426,231627,201,mRNA
1070,231935,231977,42,mRNA
1071,232279,232848,569,mRNA
1072,234265,234345,80,mRNA
1073,236395,236475,80,mRNA
1074,237269,237559,290,mRNA
1075,240314,240398,84,mRNA
1076,240645,240833,188,mRNA
1077,242461,242679,218,mRNA
1078,243170,243585,415,mRNA
1079,243634,243748,114,mRNA
1080,245180,245903,723,mRNA
1081,231426,231627,201,mRNA
1082,231935,231977,42,mRNA
1083,232279,232848,569,mRNA
1084,234265,234345,80,mRNA
1085,236395,236475,80,mRNA
1086,237269,237559,290,mRNA
1087,240314,240398,84,mRNA
1088,240645,240833,188,mRNA
1089,242488,242679,191,mRNA
1090,243266,243585,319,mRNA
1091,243634,243748,114,mRNA
1092,245180,245903,723,mRNA
1093,231426,231627,201,mRNA
1094,231935,231977,42,mRNA
1095,234265,234345,80,mRNA
1096,236395,236475,80,mRNA
1097,237269,237559,290,mRNA
1098,240314,240398,84,mRNA
1099,240645,240833,188,mRNA
1100,243266,243585,319,mRNA
1101,243634,243748,114,mRNA
1102,245180,245903,723,mRNA
1103,231426,231600,174,mRNA
1104,231935,231977,42,mRNA
1105,232279,232848,569,mRNA
1106,234265,234345,80,mRNA
1107,236395,236475,80,mRNA
1108,237269,237559,290,mRNA
1109,240314,240398,84,mRNA
1110,240645,240833,188,mRNA
1111,242461,242679,218,mRNA
1112,243170,243585,415,mRNA
1113,243634,243748,114,mRNA
1114,245180,245903,723,mRNA
1115,231426,231600,174,mRNA
1116,231935,231977,42,mRNA
1117,234265,234345,80,mRNA
1118,234864,234944,80,mRNA
1119,236395,236475,80,mRNA
1120,237269,237559,290,mRNA
1121,239938,240072,134,mRNA
1122,240314,240398,84,mRNA
1123,240645,240833,188,mRNA
1124,242461,242679,218,mRNA
1125,243170,243585,415,mRNA
1126,243634,243748,114,mRNA
1127,244418,244834,416,mRNA
1128,245180,245903,723,mRNA
1129,231426,231600,174,mRNA
1130,231935,231977,42,mRNA
1131,234265,234345,80,mRNA
1132,234864,234944,80,mRNA
1133,236395,236475,80,mRNA
1134,237269,237559,290,mRNA
1135,240314,240398,84,mRNA
1136,240645,240833,188,mRNA
1137,242461,242679,218,mRNA
1138,243170,243585,415,mRNA
1139,243634,243748,114,mRNA
1140,244418,244834,416,mRNA
1141,245180,245903,723,mRNA
1142,231426,231600,174,mRNA
1143,231935,231977,42,mRNA
1144,234265,234345,80,mRNA
1145,236395,236475,80,mRNA
1146,237269,237559,290,mRNA
1147,240314,240398,84,mRNA
1148,240645,240833,188,mRNA
1149,242461,242679,218,mRNA
1150,243170,243585,415,mRNA
1151,243634,243748,114,mRNA
1152,245180,245903,723,mRNA
1153,231426,231627,201,mRNA
1154,231935,231977,42,mRNA
1155,234265,234345,80,mRNA
1156,236395,236475,80,mRNA
1157,237269,237559,290,mRNA
1158,240314,240398,84,mRNA
1159,240645,241318,673,mRNA
1160,231850,231977,127,mRNA
1161,232279,232848,569,mRNA
1162,234265,234345,80,mRNA
1163,236395,236475,80,mRNA
1164,237269,237559,290,mRNA
1165,240314,240398,84,mRNA
1166,240645,240833,188,mRNA
1167,242461,242679,218,mRNA
1168,243170,243585,415,mRNA
1169,243634,243748,114,mRNA
1170,245180,245903,723,mRNA
1171,231954,231977,23,CDS
1172,232279,232848,569,CDS
1173,234265,234345,80,CDS
1174,234864,234944,80,CDS
1175,236395,236475,80,CDS
1176,237269,237559,290,CDS
1177,240314,240398,84,CDS
1178,243266,243585,319,CDS
1179,243634,243748,114,CDS
1180,245180,245763,583,CDS
1181,231954,231977,23,CDS
1182,232279,232848,569,CDS
1183,234265,234345,80,CDS
1184,236395,236475,80,CDS
1185,237269,237559,290,CDS
1186,240314,240398,84,CDS
1187,240645,240833,188,CDS
1188,242461,242679,218,CDS
1189,243170,243585,415,CDS
1190,243634,243748,114,CDS
1191,245180,245763,583,CDS
1192,231954,231977,23,CDS
1193,232279,232848,569,CDS
1194,234265,234345,80,CDS
1195,236395,236475,80,CDS
1196,237269,237559,290,CDS
1197,240314,240398,84,CDS
1198,240645,240833,188,CDS
1199,242461,242679,218,CDS
1200,243170,243585,415,CDS
1201,243634,243748,114,CDS
1202,245180,245763,583,CDS
1203,231954,231977,23,CDS
1204,232279,232848,569,CDS
1205,234265,234345,80,CDS
1206,236395,236475,80,CDS
1207,237269,237559,290,CDS
1208,240314,240398,84,CDS
1209,240645,240833,188,CDS
1210,242461,242679,218,CDS
1211,243170,243585,415,CDS
1212,243634,243748,114,CDS
1213,245180,245763,583,CDS
1214,231954,231977,23,CDS
1215,232279,232848,569,CDS
1216,234265,234345,80,CDS
1217,236395,236475,80,CDS
1218,237269,237559,290,CDS
1219,240314,240398,84,CDS
1220,240645,240833,188,CDS
1221,242488,242679,191,CDS
1222,243266,243585,319,CDS
1223,243634,243748,114,CDS
1224,245180,245763,583,CDS
1225,231954,231977,23,CDS
1226,234265,234345,80,CDS
1227,234864,234944,80,CDS
1228,236395,236475,80,CDS
1229,237269,237559,290,CDS
1230,239938,240072,134,CDS
1231,240314,240398,84,CDS
1232,240645,240833,188,CDS
1233,242461,242679,218,CDS
1234,243170,243585,415,CDS
1235,243634,243748,114,CDS
1236,244418,244834,416,CDS
1237,245180,245763,583,CDS
1238,231954,231977,23,CDS
1239,234265,234345,80,CDS
1240,234864,234944,80,CDS
1241,236395,236475,80,CDS
1242,237269,237559,290,CDS
1243,240314,240398,84,CDS
1244,240645,240833,188,CDS
1245,242461,242679,218,CDS
1246,243170,243585,415,CDS
1247,243634,243748,114,CDS
1248,244418,244834,416,CDS
1249,245180,245763,583,CDS
1250,231954,231977,23,CDS
1251,234265,234345,80,CDS
1252,236395,236475,80,CDS
1253,237269,237559,290,CDS
1254,240314,240398,84,CDS
1255,240645,240833,188,CDS
1256,242461,242679,218,CDS
1257,243170,243585,415,CDS
1258,243634,243748,114,CDS
1259,245180,245763,583,CDS
1260,231954,231977,23,CDS
1261,234265,234345,80,CDS
1262,236395,236475,80,CDS
1263,237269,237559,290,CDS
1264,240314,240398,84,CDS
1265,240645,240833,188,CDS
1266,243266,243585,319,CDS
1267,243634,243748,114,CDS
1268,245180,245763,583,CDS
1269,231954,231977,23,CDS
1270,234265,234345,80,CDS
1271,236395,236475,80,CDS
1272,237269,237559,290,CDS
1273,240314,240398,84,CDS
1274,240645,240877,232,CDS
1275,233400,233839,439,mobile_element
1276,235253,235436,183,mobile_element
1277,235454,235928,474,mobile_element
1278,247124,253329,6205,gene
1279,253201,253329,128,mRNA
1280,252824,253013,189,mRNA
1281,252055,252170,115,mRNA
1282,251315,251525,210,mRNA
1283,250190,250243,53,mRNA
1284,250034,250136,102,mRNA
1285,249790,249977,187,mRNA
1286,249557,249735,178,mRNA
1287,247124,247228,104,mRNA
1288,252824,253329,505,mRNA
1289,252659,252711,52,mRNA
1290,252055,252170,115,mRNA
1291,251315,251525,210,mRNA
1292,250190,250243,53,mRNA
1293,250034,250136,102,mRNA
1294,249790,249977,187,mRNA
1295,249557,249735,178,mRNA
1296,247124,247228,104,mRNA
1297,247471,248891,1420,mobile_element
1298,249144,249178,34,mobile_element
1299,249334,249443,109,mobile_element
1300,252824,252953,129,CDS
1301,252055,252170,115,CDS
1302,251315,251525,210,CDS
1303,250190,250243,53,CDS
1304,250034,250136,102,CDS
1305,249790,249977,187,CDS
1306,249599,249735,136,CDS
1307,252659,252710,51,CDS
1308,252055,252170,115,CDS
1309,251315,251525,210,CDS
1310,250190,250243,53,CDS
1311,250034,250136,102,CDS
1312,249790,249977,187,CDS
1313,249599,249735,136,CDS
1314,250547,250683,136,mobile_element
1315,253830,254307,477,mobile_element
1316,254997,265574,10577,gene
1317,254997,257404,2407,mRNA
1318,258312,258466,154,mRNA
1319,258528,258672,144,mRNA
1320,259278,259370,92,mRNA
1321,259447,259604,157,mRNA
1322,261230,261511,281,mRNA
1323,261574,261724,150,mRNA
1324,261777,262062,285,mRNA
1325,263206,263340,134,mRNA
1326,264352,264429,77,mRNA
1327,264486,264670,184,mRNA
1328,264744,265574,830,mRNA
1329,254997,257404,2407,mRNA
1330,258312,258466,154,mRNA
1331,258528,258672,144,mRNA
1332,259278,259370,92,mRNA
1333,259447,259604,157,mRNA
1334,261230,261511,281,mRNA
1335,261574,261724,150,mRNA
1336,261777,262062,285,mRNA
1337,263206,263340,134,mRNA
1338,264352,264429,77,mRNA
1339,264528,264670,142,mRNA
1340,264744,265075,331,mRNA
1341,254997,257404,2407,mRNA
1342,258312,258466,154,mRNA
1343,258528,258672,144,mRNA
1344,259278,259370,92,mRNA
1345,259447,259604,157,mRNA
1346,261230,261511,281,mRNA
1347,261574,261724,150,mRNA
1348,261777,262062,285,mRNA
1349,262383,262667,284,mRNA
1350,254997,257404,2407,mRNA
1351,258312,258466,154,mRNA
1352,258528,258672,144,mRNA
1353,259278,259370,92,mRNA
1354,259447,259604,157,mRNA
1355,261230,261511,281,mRNA
1356,261574,261724,150,mRNA
1357,261777,262519,742,mRNA
1358,255517,257404,1887,CDS
1359,258312,258466,154,CDS
1360,258528,258672,144,CDS
1361,259278,259370,92,CDS
1362,259447,259604,157,CDS
1363,261230,261511,281,CDS
1364,261574,261724,150,CDS
1365,261777,262062,285,CDS
1366,263206,263340,134,CDS
1367,264352,264429,77,CDS
1368,264486,264670,184,CDS
1369,264744,264958,214,CDS
1370,255517,257404,1887,CDS
1371,258312,258466,154,CDS
1372,258528,258672,144,CDS
1373,259278,259370,92,CDS
1374,259447,259604,157,CDS
1375,261230,261511,281,CDS
1376,261574,261724,150,CDS
1377,261777,262062,285,CDS
1378,263206,263340,134,CDS
1379,264352,264429,77,CDS
1380,264528,264670,142,CDS
1381,264744,264958,214,CDS
1382,255517,257404,1887,CDS
1383,258312,258466,154,CDS
1384,258528,258672,144,CDS
1385,259278,259370,92,CDS
1386,259447,259604,157,CDS
1387,261230,261511,281,CDS
1388,261574,261724,150,CDS
1389,261777,262062,285,CDS
1390,262383,262638,255,CDS
1391,255517,257404,1887,CDS
1392,258312,258466,154,CDS
1393,258528,258672,144,CDS
1394,259278,259370,92,CDS
1395,259447,259604,157,CDS
1396,261230,261511,281,CDS
1397,261574,261724,150,CDS
1398,261777,262129,352,CDS
1399,259771,259838,67,mobile_element
1400,260948,261036,88,mobile_element
1401,265828,267292,1464,mobile_element
1402,266526,267122,596,mobile_element
1403,268175,276369,8194,gene
1404,276291,276369,78,mRNA
1405,275580,275719,139,mRNA
1406,273761,273916,155,mRNA
1407,273115,273712,597,mRNA
1408,272226,272408,182,mRNA
1409,271915,272160,245,mRNA
1410,271069,271847,778,mRNA
1411,270560,270755,195,mRNA
1412,268175,270499,2324,mRNA
1413,276291,276369,78,mRNA
1414,275580,275719,139,mRNA
1415,273761,273916,155,mRNA
1416,273115,273712,597,mRNA
1417,272226,272408,182,mRNA
1418,271915,272172,257,mRNA
1419,271069,271847,778,mRNA
1420,270560,270755,195,mRNA
1421,268314,270499,2185,mRNA
1422,269973,270135,162,mobile_element
1423,275580,275660,80,CDS
1424,273761,273916,155,CDS
1425,273115,273712,597,CDS
1426,272226,272408,182,CDS
1427,271915,272160,245,CDS
1428,271069,271847,778,CDS
1429,270560,270755,195,CDS
1430,270450,270499,49,CDS
1431,275580,275660,80,CDS
1432,273761,273916,155,CDS
1433,273115,273712,597,CDS
1434,272226,272408,182,CDS
1435,271915,272172,257,CDS
1436,271069,271847,778,CDS
1437,270560,270755,195,CDS
1438,270450,270499,49,CDS
1439,272866,272913,47,mobile_element
1440,276523,278174,1651,gene
1441,276523,278174,1651,ncRNA
1442,277179,277322,143,mobile_element
1443,278685,306481,27796,gene
1444,306440,306481,41,mRNA
1445,305016,305178,162,mRNA
1446,302386,302526,140,mRNA
1447,302242,302323,81,mRNA
1448,282436,282738,302,mRNA
1449,281948,282028,80,mRNA
1450,281724,281892,168,mRNA
1451,280497,280537,40,mRNA
1452,280325,280431,106,mRNA
1453,278685,280239,1554,mRNA
1454,306060,306161,101,mRNA
1455,305016,305178,162,mRNA
1456,302386,302526,140,mRNA
1457,302242,302323,81,mRNA
1458,282436,282738,302,mRNA
1459,281948,282028,80,mRNA
1460,281724,281892,168,mRNA
1461,278685,280239,1554,mRNA
1462,305732,305818,86,mRNA
1463,305016,305178,162,mRNA
1464,302386,302526,140,mRNA
1465,302242,302323,81,mRNA
1466,282436,282738,302,mRNA
1467,281948,282028,80,mRNA
1468,281724,281892,168,mRNA
1469,280325,280537,212,mRNA
1470,278685,280239,1554,mRNA
1471,305696,305818,122,mRNA
1472,305016,305178,162,mRNA
1473,302386,302526,140,mRNA
1474,302242,302323,81,mRNA
1475,282436,282738,302,mRNA
1476,281948,282028,80,mRNA
1477,281724,281892,168,mRNA
1478,280325,280537,212,mRNA
1479,278685,280239,1554,mRNA
1480,305361,305818,457,mRNA
1481,302386,302526,140,mRNA
1482,302242,302323,81,mRNA
1483,282436,282738,302,mRNA
1484,281948,282028,80,mRNA
1485,281724,281892,168,mRNA
1486,280325,280537,212,mRNA
1487,278685,280239,1554,mRNA
1488,305016,305176,160,CDS
1489,302386,302526,140,CDS
1490,302242,302323,81,CDS
1491,282436,282738,302,CDS
1492,281948,282028,80,CDS
1493,281724,281892,168,CDS
1494,280139,280239,100,CDS
1495,305016,305176,160,CDS
1496,302386,302526,140,CDS
1497,302242,302323,81,CDS
1498,282436,282738,302,CDS
1499,281948,282028,80,CDS
1500,281724,281892,168,CDS
1501,280325,280537,212,CDS
1502,280139,280239,100,CDS
1503,305016,305176,160,CDS
1504,302386,302526,140,CDS
1505,302242,302323,81,CDS
1506,282436,282738,302,CDS
1507,281948,282028,80,CDS
1508,281724,281892,168,CDS
1509,280325,280537,212,CDS
1510,280139,280239,100,CDS
1511,282436,282723,287,CDS
1512,281948,282028,80,CDS
1513,281724,281892,168,CDS
1514,280325,280537,212,CDS
1515,280139,280239,100,CDS
1516,305016,305176,160,CDS
1517,302386,302526,140,CDS
1518,302242,302323,81,CDS
1519,282436,282738,302,CDS
1520,281948,282028,80,CDS
1521,281724,281892,168,CDS
1522,280497,280537,40,CDS
1523,280426,280431,5,CDS
1524,282778,289529,6751,mobile_element
1525,290131,290791,660,mobile_element
1526,291878,292297,419,mobile_element
1527,294645,295728,1083,mobile_element
1528,295916,296879,963,mobile_element
1529,297092,299241,2149,mobile_element
1530,297738,298160,422,mobile_element
1531,302674,303771,1097,mobile_element
1532,303924,303979,55,mobile_element
1533,304244,304509,265,mobile_element
1534,306585,307736,1151,mobile_element
1535,308093,310822,2729,gene
1536,308093,308289,196,mRNA
1537,308431,309079,648,mRNA
1538,309539,309633,94,mRNA
1539,309694,310017,323,mRNA
1540,310079,310822,743,mRNA
1541,308093,308289,196,mRNA
1542,308413,309079,666,mRNA
1543,309539,309633,94,mRNA
1544,309694,310017,323,mRNA
1545,310079,310302,223,mRNA
1546,308093,308289,196,mRNA
1547,308431,309079,648,mRNA
1548,309539,309633,94,mRNA
1549,309694,310017,323,mRNA
1550,310079,310302,223,mRNA
1551,308224,308289,65,CDS
1552,308431,309079,648,CDS
1553,309539,309633,94,CDS
1554,309694,310017,323,CDS
1555,310079,310189,110,CDS
1556,308224,308289,65,CDS
1557,308431,309079,648,CDS
1558,309539,309633,94,CDS
1559,309694,310017,323,CDS
1560,310079,310189,110,CDS
1561,308578,309079,501,CDS
1562,309539,309633,94,CDS
1563,309694,310017,323,CDS
1564,310079,310189,110,CDS
1565,310863,310906,43,mobile_element
1566,310930,314087,3157,gene
1567,314020,314087,67,mRNA
1568,313357,313642,285,mRNA
1569,310930,313298,2368,mRNA
1570,313748,314087,339,mRNA
1571,313357,313642,285,mRNA
1572,310930,313298,2368,mRNA
1573,313748,313913,165,mRNA
1574,313357,313642,285,mRNA
1575,310930,313298,2368,mRNA
1576,313699,313913,214,mRNA
1577,313357,313642,285,mRNA
1578,310930,313298,2368,mRNA
1579,313748,313846,98,CDS
1580,313357,313642,285,CDS
1581,312790,313298,508,CDS
1582,313748,313846,98,CDS
1583,313357,313642,285,CDS
1584,312790,313298,508,CDS
1585,313357,313453,96,CDS
1586,312790,313298,508,CDS
1587,313357,313453,96,CDS
1588,312790,313298,508,CDS
1589,314923,331387,16464,gene
1590,314923,314957,34,mRNA
1591,316393,316509,116,mRNA
1592,319452,320039,587,mRNA
1593,328163,331387,3224,mRNA
1594,314923,315179,256,mRNA
1595,316393,316509,116,mRNA
1596,319449,321385,1936,mRNA
1597,316417,316509,92,CDS
1598,319449,319799,350,CDS
1599,316417,316509,92,CDS
1600,319452,319799,347,CDS
1601,317661,317776,115,mobile_element
1602,318219,319293,1074,mobile_element
1603,320044,328162,8118,mobile_element
1604,328193,358917,30724,gene
1605,358550,358657,107,mRNA
1606,355310,355481,171,mRNA
1607,355031,355225,194,mRNA
1608,354680,354966,286,mRNA
1609,354351,354561,210,mRNA
1610,353943,353978,35,mRNA
1611,352181,352590,409,mRNA
1612,351884,352126,242,mRNA
1613,351586,351827,241,mRNA
1614,350765,351209,444,mRNA
1615,350603,350690,87,mRNA
1616,349730,350043,313,mRNA
1617,349481,349679,198,mRNA
1618,349213,349424,211,mRNA
1619,348995,349146,151,mRNA
1620,342922,343060,138,mRNA
1621,337536,337547,11,mRNA
1622,328193,329428,1235,mRNA
1623,358844,358917,73,mRNA
1624,355310,355481,171,mRNA
1625,355031,355225,194,mRNA
1626,354680,354966,286,mRNA
1627,354351,354561,210,mRNA
1628,353943,353978,35,mRNA
1629,352181,352590,409,mRNA
1630,351884,352126,242,mRNA
1631,351586,351827,241,mRNA
1632,350765,351209,444,mRNA
1633,350603,350690,87,mRNA
1634,349730,350043,313,mRNA
1635,349481,349679,198,mRNA
1636,349213,349424,211,mRNA
1637,348995,349146,151,mRNA
1638,342922,343060,138,mRNA
1639,330271,330339,68,mRNA
1640,328816,329428,612,mRNA
1641,358632,358657,25,mRNA
1642,355310,355481,171,mRNA
1643,355031,355225,194,mRNA
1644,354680,354966,286,mRNA
1645,354351,354561,210,mRNA
1646,352181,352590,409,mRNA
1647,351884,352126,242,mRNA
1648,351586,351827,241,mRNA
1649,350765,351209,444,mRNA
1650,350603,350690,87,mRNA
1651,349730,350043,313,mRNA
1652,349481,349679,198,mRNA
1653,349213,349424,211,mRNA
1654,348995,349146,151,mRNA
1655,342922,343060,138,mRNA
1656,330271,330339,68,mRNA
1657,328816,329428,612,mRNA
1658,358632,358657,25,mRNA
1659,355310,355481,171,mRNA
1660,355031,355225,194,mRNA
1661,354680,354966,286,mRNA
1662,354351,354561,210,mRNA
1663,353943,353978,35,mRNA
1664,352181,352590,409,mRNA
1665,351884,352126,242,mRNA
1666,351586,351827,241,mRNA
1667,350765,351209,444,mRNA
1668,350603,350690,87,mRNA
1669,349730,350043,313,mRNA
1670,349481,349679,198,mRNA
1671,349213,349424,211,mRNA
1672,348995,349146,151,mRNA
1673,342922,343060,138,mRNA
1674,330271,330339,68,mRNA
1675,328816,329428,612,mRNA
1676,358632,358657,25,mRNA
1677,355310,355481,171,mRNA
1678,355031,355225,194,mRNA
1679,354680,354966,286,mRNA
1680,354351,354561,210,mRNA
1681,353943,353978,35,mRNA
1682,352181,352590,409,mRNA
1683,351884,352126,242,mRNA
1684,351586,351827,241,mRNA
1685,350765,351209,444,mRNA
1686,350603,350690,87,mRNA
1687,349730,350043,313,mRNA
1688,349481,349679,198,mRNA
1689,349213,349424,211,mRNA
1690,348995,349146,151,mRNA
1691,342922,343060,138,mRNA
1692,337536,337547,11,mRNA
1693,330271,330339,68,mRNA
1694,328816,329428,612,mRNA
1695,358550,358657,107,mRNA
1696,355310,355481,171,mRNA
1697,355031,355225,194,mRNA
1698,354680,354966,286,mRNA
1699,354351,354561,210,mRNA
1700,353943,353978,35,mRNA
1701,352181,352590,409,mRNA
1702,351884,352126,242,mRNA
1703,351586,351827,241,mRNA
1704,350765,351209,444,mRNA
1705,350603,350690,87,mRNA
1706,349730,350043,313,mRNA
1707,349481,349679,198,mRNA
1708,349213,349424,211,mRNA
1709,348995,349146,151,mRNA
1710,342922,343060,138,mRNA
1711,328816,329428,612,mRNA
1712,358550,358657,107,mRNA
1713,355310,355481,171,mRNA
1714,355031,355225,194,mRNA
1715,354680,354966,286,mRNA
1716,354351,354561,210,mRNA
1717,353943,353978,35,mRNA
1718,352181,352590,409,mRNA
1719,351884,352126,242,mRNA
1720,351586,351827,241,mRNA
1721,350765,351209,444,mRNA
1722,350603,350690,87,mRNA
1723,349730,350043,313,mRNA
1724,349481,349679,198,mRNA
1725,349213,349424,211,mRNA
1726,348995,349146,151,mRNA
1727,342922,343060,138,mRNA
1728,330271,330339,68,mRNA
1729,328816,329428,612,mRNA
1730,358550,358657,107,mRNA
1731,355310,355481,171,mRNA
1732,355031,355225,194,mRNA
1733,354680,354966,286,mRNA
1734,354351,354561,210,mRNA
1735,353943,353978,35,mRNA
1736,352181,352590,409,mRNA
1737,351884,352126,242,mRNA
1738,351586,351827,241,mRNA
1739,350765,351209,444,mRNA
1740,350603,350690,87,mRNA
1741,349730,350043,313,mRNA
1742,349481,349679,198,mRNA
1743,349213,349424,211,mRNA
1744,348995,349146,151,mRNA
1745,342922,343060,138,mRNA
1746,331398,332002,604,mRNA
1747,330271,330339,68,mRNA
1748,328816,329428,612,mRNA
1749,355310,355466,156,CDS
1750,355031,355225,194,CDS
1751,354680,354966,286,CDS
1752,354351,354561,210,CDS
1753,352181,352590,409,CDS
1754,351884,352126,242,CDS
1755,351586,351827,241,CDS
1756,350765,351209,444,CDS
1757,350603,350690,87,CDS
1758,349730,350043,313,CDS
1759,349481,349679,198,CDS
1760,349213,349424,211,CDS
1761,348995,349146,151,CDS
1762,342922,343060,138,CDS
1763,330271,330339,68,CDS
1764,329207,329428,221,CDS
1765,355310,355466,156,CDS
1766,355031,355225,194,CDS
1767,354680,354966,286,CDS
1768,354351,354561,210,CDS
1769,353943,353978,35,CDS
1770,352181,352590,409,CDS
1771,351884,352126,242,CDS
1772,351586,351827,241,CDS
1773,350765,351209,444,CDS
1774,350603,350690,87,CDS
1775,349730,350043,313,CDS
1776,349481,349679,198,CDS
1777,349213,349424,211,CDS
1778,348995,349146,151,CDS
1779,342922,343060,138,CDS
1780,329207,329428,221,CDS
1781,355310,355466,156,CDS
1782,355031,355225,194,CDS
1783,354680,354966,286,CDS
1784,354351,354561,210,CDS
1785,353943,353978,35,CDS
1786,352181,352590,409,CDS
1787,351884,352126,242,CDS
1788,351586,351827,241,CDS
1789,350765,351209,444,CDS
1790,350603,350690,87,CDS
1791,349730,350043,313,CDS
1792,349481,349679,198,CDS
1793,349213,349424,211,CDS
1794,348995,349146,151,CDS
1795,342922,343060,138,CDS
1796,330271,330339,68,CDS
1797,329207,329428,221,CDS
1798,355310,355466,156,CDS
1799,355031,355225,194,CDS
1800,354680,354966,286,CDS
1801,354351,354561,210,CDS
1802,353943,353978,35,CDS
1803,352181,352590,409,CDS
1804,351884,352126,242,CDS
1805,351586,351827,241,CDS
1806,350765,351209,444,CDS
1807,350603,350690,87,CDS
1808,349730,350043,313,CDS
1809,349481,349679,198,CDS
1810,349213,349424,211,CDS
1811,348995,349146,151,CDS
1812,342922,343060,138,CDS
1813,330271,330339,68,CDS
1814,329207,329428,221,CDS
1815,355310,355466,156,CDS
1816,355031,355225,194,CDS
1817,354680,354966,286,CDS
1818,354351,354561,210,CDS
1819,353943,353978,35,CDS
1820,352181,352590,409,CDS
1821,351884,352126,242,CDS
1822,351586,351827,241,CDS
1823,350765,351209,444,CDS
1824,350603,350690,87,CDS
1825,349730,350043,313,CDS
1826,349481,349679,198,CDS
1827,349213,349424,211,CDS
1828,348995,349146,151,CDS
1829,342922,343060,138,CDS
1830,330271,330339,68,CDS
1831,329207,329428,221,CDS
1832,355310,355466,156,CDS
1833,355031,355225,194,CDS
1834,354680,354966,286,CDS
1835,354351,354561,210,CDS
1836,353943,353978,35,CDS
1837,352181,352590,409,CDS
1838,351884,352126,242,CDS
1839,351586,351827,241,CDS
1840,350765,351209,444,CDS
1841,350603,350690,87,CDS
1842,349730,350043,313,CDS
1843,349481,349679,198,CDS
1844,349213,349424,211,CDS
1845,348995,349146,151,CDS
1846,342922,343060,138,CDS
1847,337536,337547,11,CDS
1848,329207,329428,221,CDS
1849,355310,355466,156,CDS
1850,355031,355225,194,CDS
1851,354680,354966,286,CDS
1852,354351,354561,210,CDS
1853,353943,353978,35,CDS
1854,352181,352590,409,CDS
1855,351884,352126,242,CDS
1856,351586,351827,241,CDS
1857,350765,351209,444,CDS
1858,350603,350690,87,CDS
1859,349730,350043,313,CDS
1860,349481,349679,198,CDS
1861,349213,349424,211,CDS
1862,348995,349146,151,CDS
1863,342922,343060,138,CDS
1864,337536,337547,11,CDS
1865,330271,330339,68,CDS
1866,329207,329428,221,CDS
1867,358550,358657,107,mRNA
1868,355310,355481,171,mRNA
1869,355031,355225,194,mRNA
1870,354680,354966,286,mRNA
1871,354351,354561,210,mRNA
1872,353943,353978,35,mRNA
1873,352181,352590,409,mRNA
1874,351884,352126,242,mRNA
1875,351586,351827,241,mRNA
1876,350765,351209,444,mRNA
1877,350603,350690,87,mRNA
1878,349730,350043,313,mRNA
1879,349481,349679,198,mRNA
1880,349213,349424,211,mRNA
1881,348995,349146,151,mRNA
1882,342922,343060,138,mRNA
1883,329517,332002,2485,mRNA
1884,358550,358657,107,mRNA
1885,355310,355481,171,mRNA
1886,355031,355225,194,mRNA
1887,354680,354966,286,mRNA
1888,354351,354561,210,mRNA
1889,353943,353978,35,mRNA
1890,352181,352590,409,mRNA
1891,351884,352126,242,mRNA
1892,351586,351827,241,mRNA
1893,350765,351209,444,mRNA
1894,350603,350690,87,mRNA
1895,349730,350043,313,mRNA
1896,349481,349679,198,mRNA
1897,349213,349424,211,mRNA
1898,348995,349146,151,mRNA
1899,342922,343060,138,mRNA
1900,330856,332002,1146,mRNA
1901,355310,355466,156,CDS
1902,355031,355225,194,CDS
1903,354680,354966,286,CDS
1904,354351,354561,210,CDS
1905,353943,353978,35,CDS
1906,352181,352590,409,CDS
1907,351884,352126,242,CDS
1908,351586,351827,241,CDS
1909,350765,351209,444,CDS
1910,350603,350690,87,CDS
1911,349730,350043,313,CDS
1912,349481,349679,198,CDS
1913,349213,349424,211,CDS
1914,348995,349146,151,CDS
1915,342922,343060,138,CDS
1916,331565,332002,437,CDS
1917,355310,355466,156,CDS
1918,355031,355225,194,CDS
1919,354680,354966,286,CDS
1920,354351,354561,210,CDS
1921,353943,353978,35,CDS
1922,352181,352590,409,CDS
1923,351884,352126,242,CDS
1924,351586,351827,241,CDS
1925,350765,351209,444,CDS
1926,350603,350690,87,CDS
1927,349730,350043,313,CDS
1928,349481,349679,198,CDS
1929,349213,349424,211,CDS
1930,348995,349146,151,CDS
1931,342922,343060,138,CDS
1932,331565,332002,437,CDS
1933,355310,355466,156,CDS
1934,355031,355225,194,CDS
1935,354680,354966,286,CDS
1936,354351,354561,210,CDS
1937,353943,353978,35,CDS
1938,352181,352590,409,CDS
1939,351884,352126,242,CDS
1940,351586,351827,241,CDS
1941,350765,351209,444,CDS
1942,350603,350690,87,CDS
1943,349730,350043,313,CDS
1944,349481,349679,198,CDS
1945,349213,349424,211,CDS
1946,348995,349146,151,CDS
1947,342922,343060,138,CDS
1948,331565,332002,437,CDS
1949,332341,332772,431,mobile_element
1950,333282,333466,184,mobile_element
1951,358550,358657,107,mRNA
1952,355310,355481,171,mRNA
1953,355031,355225,194,mRNA
1954,354680,354966,286,mRNA
1955,354351,354561,210,mRNA
1956,353943,353978,35,mRNA
1957,352181,352590,409,mRNA
1958,351884,352126,242,mRNA
1959,351586,351827,241,mRNA
1960,350765,351209,444,mRNA
1961,350603,350690,87,mRNA
1962,349730,350043,313,mRNA
1963,349481,349679,198,mRNA
1964,349213,349424,211,mRNA
1965,348995,349146,151,mRNA
1966,342922,343060,138,mRNA
1967,334670,335073,403,mRNA
1968,355310,355466,156,CDS
1969,355031,355225,194,CDS
1970,354680,354966,286,CDS
1971,354351,354561,210,CDS
1972,353943,353978,35,CDS
1973,352181,352590,409,CDS
1974,351884,352126,242,CDS
1975,351586,351827,241,CDS
1976,350765,351209,444,CDS
1977,350603,350690,87,CDS
1978,349730,350043,313,CDS
1979,349481,349679,198,CDS
1980,349213,349424,211,CDS
1981,348995,349146,151,CDS
1982,342922,343060,138,CDS
1983,335041,335073,32,CDS
1984,339043,339098,55,mobile_element
1985,343136,343180,44,mobile_element
1986,343610,343693,83,mobile_element
1987,344055,346552,2497,mobile_element
1988,346641,347726,1085,mobile_element
1989,350235,350311,76,mobile_element
1990,353513,353606,93,mobile_element
1991,356642,356937,295,mobile_element
1992,357584,357789,205,mobile_element
1993,359938,375554,15616,gene
1994,359938,359980,42,mRNA
1995,360587,361006,419,mRNA
1996,362304,362613,309,mRNA
1997,362671,362882,211,mRNA
1998,362946,363134,188,mRNA
1999,363494,363639,145,mRNA
2000,363868,364941,1073,mRNA
2001,365674,366762,1088,mRNA
2002,369507,369744,237,mRNA
2003,369810,369964,154,mRNA
2004,371091,371357,266,mRNA
2005,371813,372176,363,mRNA
2006,372250,375554,3304,mRNA
2007,359938,359980,42,mRNA
2008,360587,361006,419,mRNA
2009,362304,362613,309,mRNA
2010,362671,362882,211,mRNA
2011,362946,363134,188,mRNA
2012,363494,363639,145,mRNA
2013,363868,364941,1073,mRNA
2014,365674,366762,1088,mRNA
2015,369507,369744,237,mRNA
2016,369810,369964,154,mRNA
2017,371091,371357,266,mRNA
2018,371813,372176,363,mRNA
2019,372250,374973,2723,mRNA
2020,359938,360358,420,mRNA
2021,360587,361006,419,mRNA
2022,362304,362613,309,mRNA
2023,362671,362882,211,mRNA
2024,362946,363134,188,mRNA
2025,363494,363645,151,mRNA
2026,363868,364941,1073,mRNA
2027,365674,365805,131,mRNA
2028,365860,366762,902,mRNA
2029,369507,369744,237,mRNA
2030,369810,369964,154,mRNA
2031,371091,371357,266,mRNA
2032,371813,372176,363,mRNA
2033,372250,372784,534,mRNA
2034,359938,360284,346,mRNA
2035,360587,361006,419,mRNA
2036,362304,362613,309,mRNA
2037,362671,362882,211,mRNA
2038,362946,363134,188,mRNA
2039,363494,363639,145,mRNA
2040,363868,364941,1073,mRNA
2041,365674,366762,1088,mRNA
2042,369507,369744,237,mRNA
2043,369810,369964,154,mRNA
2044,371091,371357,266,mRNA
2045,371813,372176,363,mRNA
2046,372250,372784,534,mRNA
2047,359938,360284,346,mRNA
2048,360587,361006,419,mRNA
2049,362304,362613,309,mRNA
2050,362671,362882,211,mRNA
2051,362946,363134,188,mRNA
2052,363494,363639,145,mRNA
2053,364024,364941,917,mRNA
2054,365674,366762,1088,mRNA
2055,369507,369744,237,mRNA
2056,369810,369964,154,mRNA
2057,371091,371357,266,mRNA
2058,371813,372176,363,mRNA
2059,372250,372784,534,mRNA
2060,360691,361006,315,CDS
2061,362304,362613,309,CDS
2062,362671,362882,211,CDS
2063,362946,363134,188,CDS
2064,363494,363645,151,CDS
2065,363868,364941,1073,CDS
2066,365674,365805,131,CDS
2067,365860,366762,902,CDS
2068,369507,369744,237,CDS
2069,369810,369964,154,CDS
2070,371091,371357,266,CDS
2071,371813,372176,363,CDS
2072,372250,372392,142,CDS
2073,360691,361006,315,CDS
2074,362304,362613,309,CDS
2075,362671,362882,211,CDS
2076,362946,363134,188,CDS
2077,363494,363639,145,CDS
2078,363868,364941,1073,CDS
2079,365674,366762,1088,CDS
2080,369507,369744,237,CDS
2081,369810,369964,154,CDS
2082,371091,371357,266,CDS
2083,371813,372176,363,CDS
2084,372250,372392,142,CDS
2085,360691,361006,315,CDS
2086,362304,362613,309,CDS
2087,362671,362882,211,CDS
2088,362946,363134,188,CDS
2089,363494,363639,145,CDS
2090,363868,364941,1073,CDS
2091,365674,366762,1088,CDS
2092,369507,369744,237,CDS
2093,369810,369964,154,CDS
2094,371091,371357,266,CDS
2095,371813,372176,363,CDS
2096,372250,372392,142,CDS
2097,360691,361006,315,CDS
2098,362304,362613,309,CDS
2099,362671,362882,211,CDS
2100,362946,363134,188,CDS
2101,363494,363639,145,CDS
2102,363868,364941,1073,CDS
2103,365674,366762,1088,CDS
2104,369507,369744,237,CDS
2105,369810,369964,154,CDS
2106,371091,371357,266,CDS
2107,371813,372176,363,CDS
2108,372250,372392,142,CDS
2109,360691,361006,315,CDS
2110,362304,362613,309,CDS
2111,362671,362882,211,CDS
2112,362946,363134,188,CDS
2113,363494,363639,145,CDS
2114,364024,364941,917,CDS
2115,365674,366762,1088,CDS
2116,369507,369744,237,CDS
2117,369810,369964,154,CDS
2118,371091,371357,266,CDS
2119,371813,372176,363,CDS
2120,372250,372392,142,CDS
2121,361423,362060,637,mobile_element
2122,362145,362207,62,mobile_element
2123,366871,367070,199,mobile_element
2124,367340,368083,743,mobile_element
2125,367425,367913,488,mobile_element
2126,369982,370998,1016,mobile_element
2127,373638,373864,226,mobile_element
2128,373907,374053,146,mobile_element
2129,374066,374746,680,mobile_element
2130,375433,375504,71,mobile_element
2131,375640,395605,19965,gene
2132,393862,395605,1743,mRNA
2133,390425,391544,1119,mRNA
2134,386907,386984,77,mRNA
2135,382123,382408,285,mRNA
2136,378716,378900,184,mRNA
2137,378396,378561,165,mRNA
2138,377885,378202,317,mRNA
2139,377758,377825,67,mRNA
2140,377094,377669,575,mRNA
2141,375640,376631,991,mRNA
2142,393263,393410,147,mRNA
2143,390425,391544,1119,mRNA
2144,386907,386984,77,mRNA
2145,382123,382408,285,mRNA
2146,378716,378900,184,mRNA
2147,378396,378531,135,mRNA
2148,377885,378202,317,mRNA
2149,377758,377825,67,mRNA
2150,377094,377669,575,mRNA
2151,375640,376631,991,mRNA
2152,393263,393410,147,mRNA
2153,390425,391544,1119,mRNA
2154,386907,386984,77,mRNA
2155,382123,382408,285,mRNA
2156,378716,378900,184,mRNA
2157,378396,378561,165,mRNA
2158,377885,378202,317,mRNA
2159,377758,377825,67,mRNA
2160,377094,377669,575,mRNA
2161,375640,376631,991,mRNA
2162,387829,388322,493,mRNA
2163,386907,386984,77,mRNA
2164,382123,382408,285,mRNA
2165,378716,378900,184,mRNA
2166,378396,378561,165,mRNA
2167,377885,378202,317,mRNA
2168,377758,377825,67,mRNA
2169,377094,377669,575,mRNA
2170,375640,376631,991,mRNA
2171,390425,391531,1106,CDS
2172,386907,386984,77,CDS
2173,382123,382408,285,CDS
2174,378716,378900,184,CDS
2175,378396,378531,135,CDS
2176,377885,378202,317,CDS
2177,377758,377825,67,CDS
2178,377094,377669,575,CDS
2179,375963,376631,668,CDS
2180,390425,391531,1106,CDS
2181,386907,386984,77,CDS
2182,382123,382408,285,CDS
2183,378716,378900,184,CDS
2184,378396,378561,165,CDS
2185,377885,378202,317,CDS
2186,377758,377825,67,CDS
2187,377094,377669,575,CDS
2188,375963,376631,668,CDS
2189,390425,391531,1106,CDS
2190,386907,386984,77,CDS
2191,382123,382408,285,CDS
2192,378716,378900,184,CDS
2193,378396,378561,165,CDS
2194,377885,378202,317,CDS
2195,377758,377825,67,CDS
2196,377094,377669,575,CDS
2197,375963,376631,668,CDS
2198,387829,387858,29,CDS
2199,386907,386984,77,CDS
2200,382123,382408,285,CDS
2201,378716,378900,184,CDS
2202,378396,378561,165,CDS
2203,377885,378202,317,CDS
2204,377758,377825,67,CDS
2205,377094,377669,575,CDS
2206,375963,376631,668,CDS
2207,379034,379721,687,mobile_element
2208,380724,381275,551,gene
2209,380724,380811,87,ncRNA
2210,381045,381275,230,ncRNA
2211,381620,381698,78,mobile_element
2212,381817,381904,87,mobile_element
2213,383022,383590,568,mobile_element
2214,389584,389647,63,mobile_element
2215,389769,390063,294,mobile_element
2216,391697,392037,340,mobile_element
2217,395396,395954,558,gene
2218,395396,395954,558,ncRNA
2219,400703,400765,62,gene
2220,400703,400765,62,precursor_RNA
2221,400703,400724,21,ncRNA
2222,400744,400765,21,ncRNA
2223,402946,403294,348,mobile_element
2224,407772,407930,158,mobile_element
2225,408788,408844,56,mobile_element
2226,409488,409781,293,mobile_element
2227,410615,410678,63,mobile_element
2228,413080,413170,90,mobile_element
2229,413717,413997,280,mobile_element
2230,414008,414630,622,mobile_element
2231,414672,414749,77,mobile_element
2232,414828,415423,595,mobile_element
2233,415465,415542,77,mobile_element
2234,416990,417485,495,mobile_element
2235,417501,417628,127,mobile_element
2236,417634,417943,309,mobile_element
2237,419203,419263,60,mobile_element
2238,420028,421232,1204,mobile_element
2239,421253,421482,229,mobile_element
2240,422363,422723,360,mobile_element
2241,426067,426601,534,gene
2242,426067,426601,534,ncRNA
2243,427331,431769,4438,gene
2244,427331,427711,380,ncRNA
2245,429497,431769,2272,ncRNA
2246,429435,429547,112,mobile_element
2247,431271,431339,68,mobile_element
2248,431771,435221,3450,mobile_element
2249,431845,434740,2895,mobile_element
2250,432032,433189,1157,mobile_element
2251,433349,433717,368,mobile_element
2252,435224,435310,86,mobile_element
2253,436341,436666,325,mobile_element
2254,436957,443911,6954,gene
2255,443213,443911,698,mRNA
2256,442864,443154,290,mRNA
2257,442180,442389,209,mRNA
2258,439448,441451,2003,mRNA
2259,438975,439165,190,mRNA
2260,436957,438918,1961,mRNA
2261,443213,443393,180,CDS
2262,442864,443154,290,CDS
2263,442180,442389,209,CDS
2264,439448,441451,2003,CDS
2265,438975,439165,190,CDS
2266,437386,438918,1532,CDS
2267,445504,453947,8443,gene
2268,445504,447035,1531,mRNA
2269,447101,447235,134,mRNA
2270,449924,449968,44,mRNA
2271,450242,450316,74,mRNA
2272,450371,450509,138,mRNA
2273,451190,451454,264,mRNA
2274,452618,452744,126,mRNA
2275,452803,452890,87,mRNA
2276,452972,453947,975,mRNA
2277,445504,445648,144,mRNA
2278,447101,447235,134,mRNA
2279,450242,450316,74,mRNA
2280,450371,450509,138,mRNA
2281,451190,451454,264,mRNA
2282,452618,452744,126,mRNA
2283,452803,452890,87,mRNA
2284,452972,453947,975,mRNA
2285,446093,446486,393,mRNA
2286,446631,447035,404,mRNA
2287,447101,447235,134,mRNA
2288,450242,450316,74,mRNA
2289,450371,450509,138,mRNA
2290,451190,451454,264,mRNA
2291,452618,452744,126,mRNA
2292,452803,452890,87,mRNA
2293,452972,453947,975,mRNA
2294,446093,446486,393,mRNA
2295,446631,446751,120,mRNA
2296,446821,447035,214,mRNA
2297,447101,447235,134,mRNA
2298,449924,449968,44,mRNA
2299,450242,450316,74,mRNA
2300,450371,450509,138,mRNA
2301,451190,451454,264,mRNA
2302,452618,452744,126,mRNA
2303,452803,452890,87,mRNA
2304,452972,453947,975,mRNA
2305,446578,446751,173,mRNA
2306,446821,447035,214,mRNA
2307,447101,447235,134,mRNA
2308,449924,449968,44,mRNA
2309,450242,450316,74,mRNA
2310,450371,450509,138,mRNA
2311,451190,451454,264,mRNA
2312,452618,452744,126,mRNA
2313,452803,452890,87,mRNA
2314,452972,453947,975,mRNA
2315,446920,447035,115,CDS
2316,447101,447235,134,CDS
2317,449924,449968,44,CDS
2318,450242,450316,74,CDS
2319,450371,450509,138,CDS
2320,451190,451454,264,CDS
2321,452618,452744,126,CDS
2322,452803,452890,87,CDS
2323,452972,453199,227,CDS
2324,446920,447035,115,CDS
2325,447101,447235,134,CDS
2326,449924,449968,44,CDS
2327,450242,450316,74,CDS
2328,450371,450509,138,CDS
2329,451190,451454,264,CDS
2330,452618,452744,126,CDS
2331,452803,452890,87,CDS
2332,452972,453199,227,CDS
2333,446920,447035,115,CDS
2334,447101,447235,134,CDS
2335,449924,449968,44,CDS
2336,450242,450316,74,CDS
2337,450371,450509,138,CDS
2338,451190,451454,264,CDS
2339,452618,452744,126,CDS
2340,452803,452890,87,CDS
2341,452972,453199,227,CDS
2342,446920,447035,115,CDS
2343,447101,447235,134,CDS
2344,450242,450316,74,CDS
2345,450371,450509,138,CDS
2346,451190,451454,264,CDS
2347,452618,452744,126,CDS
2348,452803,452890,87,CDS
2349,452972,453199,227,CDS
2350,448779,449248,469,mobile_element
2351,449256,449770,514,mobile_element
2352,450309,450316,7,CDS
2353,450371,450509,138,CDS
2354,451190,451454,264,CDS
2355,452618,452744,126,CDS
2356,452803,452890,87,CDS
2357,452972,453199,227,CDS
2358,450697,451157,460,mobile_element
2359,454066,455145,1079,mobile_element
2360,455333,455514,181,mobile_element
2361,455676,455770,94,mobile_element
2362,455789,459194,3405,mobile_element
2363,456160,456266,106,mobile_element
2364,456287,456352,65,mobile_element
2365,456757,457862,1105,mobile_element
2366,459196,459640,444,mobile_element
2367,459768,461413,1645,gene
2368,459768,459907,139,ncRNA
2369,460056,461413,1357,ncRNA
2370,459887,466828,6941,gene
2371,466501,466828,327,mRNA
2372,464797,465315,518,mRNA
2373,463055,464740,1685,mRNA
2374,462388,462501,113,mRNA
2375,461505,462328,823,mRNA
2376,460714,461047,333,mRNA
2377,460203,460656,453,mRNA
2378,459887,460141,254,mRNA
2379,466501,466669,168,CDS
2380,464797,465315,518,CDS
2381,463055,464740,1685,CDS
2382,462388,462501,113,CDS
2383,461505,462328,823,CDS
2384,460714,461047,333,CDS
2385,460203,460656,453,CDS
2386,460021,460141,120,CDS
2387,462883,463013,130,mobile_element
2388,467497,471476,3979,gene
2389,467497,467693,196,mRNA
2390,467751,467994,243,mRNA
2391,469157,469330,173,mRNA
2392,471014,471476,462,mRNA
2393,467851,467994,143,CDS
2394,469157,469330,173,CDS
2395,471014,471151,137,CDS
2396,468370,468994,624,mobile_element
2397,469409,488994,19585,gene
2398,485210,486033,823,mRNA
2399,481209,481704,495,mRNA
2400,480776,481141,365,mRNA
2401,480302,480691,389,mRNA
2402,480035,480238,203,mRNA
2403,478800,478868,68,mRNA
2404,478538,478738,200,mRNA
2405,477292,478083,791,mRNA
2406,476963,477102,139,mRNA
2407,474960,475104,144,mRNA
2408,474453,474768,315,mRNA
2409,473147,473719,572,mRNA
2410,472578,472677,99,mRNA
2411,469409,472520,3111,mRNA
2412,483501,483803,302,mRNA
2413,481209,481704,495,mRNA
2414,480776,481141,365,mRNA
2415,480302,480691,389,mRNA
2416,480035,480238,203,mRNA
2417,478800,478868,68,mRNA
2418,478538,478738,200,mRNA
2419,477292,478083,791,mRNA
2420,476963,477102,139,mRNA
2421,474453,475104,651,mRNA
2422,473147,473719,572,mRNA
2423,472578,472677,99,mRNA
2424,471286,472520,1234,mRNA
2425,482484,482720,236,mRNA
2426,481209,481704,495,mRNA
2427,480776,481141,365,mRNA
2428,480302,480691,389,mRNA
2429,480035,480238,203,mRNA
2430,478800,478868,68,mRNA
2431,478538,478738,200,mRNA
2432,477292,478083,791,mRNA
2433,476963,477102,139,mRNA
2434,474960,475104,144,mRNA
2435,474453,474768,315,mRNA
2436,473147,473719,572,mRNA
2437,472578,472677,99,mRNA
2438,471286,472520,1234,mRNA
2439,481811,481970,159,mRNA
2440,481209,481704,495,mRNA
2441,480776,481141,365,mRNA
2442,480302,480691,389,mRNA
2443,480035,480238,203,mRNA
2444,478800,478868,68,mRNA
2445,478538,478738,200,mRNA
2446,477292,478083,791,mRNA
2447,476963,477102,139,mRNA
2448,474960,475104,144,mRNA
2449,474453,474768,315,mRNA
2450,473147,473719,572,mRNA
2451,472578,472677,99,mRNA
2452,471286,472520,1234,mRNA
2453,485210,485232,22,CDS
2454,481209,481704,495,CDS
2455,480776,481141,365,CDS
2456,480302,480691,389,CDS
2457,480035,480238,203,CDS
2458,478800,478868,68,CDS
2459,478538,478738,200,CDS
2460,477292,478083,791,CDS
2461,476963,477102,139,CDS
2462,474960,475104,144,CDS
2463,474453,474768,315,CDS
2464,473147,473719,572,CDS
2465,472578,472677,99,CDS
2466,472289,472520,231,CDS
2467,481811,481836,25,CDS
2468,481209,481704,495,CDS
2469,480776,481141,365,CDS
2470,480302,480691,389,CDS
2471,480035,480238,203,CDS
2472,478800,478868,68,CDS
2473,478538,478738,200,CDS
2474,477292,478083,791,CDS
2475,476963,477102,139,CDS
2476,474960,475104,144,CDS
2477,474453,474768,315,CDS
2478,473147,473719,572,CDS
2479,472578,472677,99,CDS
2480,472289,472520,231,CDS
2481,481209,481262,53,CDS
2482,480776,481141,365,CDS
2483,480302,480691,389,CDS
2484,480035,480238,203,CDS
2485,478800,478868,68,CDS
2486,478538,478738,200,CDS
2487,477292,478083,791,CDS
2488,476963,477102,139,CDS
2489,474960,475104,144,CDS
2490,474453,474768,315,CDS
2491,473147,473719,572,CDS
2492,472578,472677,99,CDS
2493,472289,472520,231,CDS
2494,488848,488994,146,mRNA
2495,481209,481704,495,mRNA
2496,480776,481141,365,mRNA
2497,480302,480691,389,mRNA
2498,480035,480238,203,mRNA
2499,478800,478868,68,mRNA
2500,478538,478738,200,mRNA
2501,477292,478083,791,mRNA
2502,476963,477102,139,mRNA
2503,474960,475104,144,mRNA
2504,474453,474768,315,mRNA
2505,472895,473719,824,mRNA
2506,485210,486033,823,mRNA
2507,481209,481704,495,mRNA
2508,480776,481141,365,mRNA
2509,480302,480691,389,mRNA
2510,480035,480238,203,mRNA
2511,478800,478868,68,mRNA
2512,478538,478738,200,mRNA
2513,477292,478083,791,mRNA
2514,476963,477102,139,mRNA
2515,474960,475104,144,mRNA
2516,474453,474768,315,mRNA
2517,472895,473719,824,mRNA
2518,483501,483803,302,mRNA
2519,481209,481704,495,mRNA
2520,480776,481141,365,mRNA
2521,480302,480691,389,mRNA
2522,480035,480238,203,mRNA
2523,478800,478868,68,mRNA
2524,478538,478738,200,mRNA
2525,477292,478083,791,mRNA
2526,476963,477102,139,mRNA
2527,474960,475104,144,mRNA
2528,474453,474768,315,mRNA
2529,472895,473719,824,mRNA
2530,481811,481970,159,mRNA
2531,481209,481704,495,mRNA
2532,480776,481141,365,mRNA
2533,480302,480691,389,mRNA
2534,480035,480238,203,mRNA
2535,478538,478738,200,mRNA
2536,477292,478083,791,mRNA
2537,474453,474768,315,mRNA
2538,472895,473719,824,mRNA
2539,481811,481970,159,mRNA
2540,481209,481704,495,mRNA
2541,480776,481141,365,mRNA
2542,480302,480691,389,mRNA
2543,480035,480238,203,mRNA
2544,478800,478868,68,mRNA
2545,478538,478738,200,mRNA
2546,477292,478083,791,mRNA
2547,476963,477102,139,mRNA
2548,474960,475104,144,mRNA
2549,474453,474768,315,mRNA
2550,472895,473719,824,mRNA
2551,485210,485232,22,CDS
2552,481209,481704,495,CDS
2553,480776,481141,365,CDS
2554,480302,480691,389,CDS
2555,480035,480238,203,CDS
2556,478800,478868,68,CDS
2557,478538,478738,200,CDS
2558,477292,478083,791,CDS
2559,476963,477102,139,CDS
2560,474960,475104,144,CDS
2561,474453,474768,315,CDS
2562,473076,473719,643,CDS
2563,481811,481836,25,CDS
2564,481209,481704,495,CDS
2565,480776,481141,365,CDS
2566,480302,480691,389,CDS
2567,480035,480238,203,CDS
2568,478538,478738,200,CDS
2569,477292,478083,791,CDS
2570,474453,474768,315,CDS
2571,473076,473719,643,CDS
2572,481811,481836,25,CDS
2573,481209,481704,495,CDS
2574,480776,481141,365,CDS
2575,480302,480691,389,CDS
2576,480035,480238,203,CDS
2577,478800,478868,68,CDS
2578,478538,478738,200,CDS
2579,477292,478083,791,CDS
2580,476963,477102,139,CDS
2581,474960,475104,144,CDS
2582,474453,474768,315,CDS
2583,473076,473719,643,CDS
2584,481209,481262,53,CDS
2585,480776,481141,365,CDS
2586,480302,480691,389,CDS
2587,480035,480238,203,CDS
2588,478800,478868,68,CDS
2589,478538,478738,200,CDS
2590,477292,478083,791,CDS
2591,476963,477102,139,CDS
2592,474960,475104,144,CDS
2593,474453,474768,315,CDS
2594,473076,473719,643,CDS
2595,481209,481262,53,CDS
2596,480776,481141,365,CDS
2597,480302,480691,389,CDS
2598,480035,480238,203,CDS
2599,478800,478868,68,CDS
2600,478538,478738,200,CDS
2601,477292,478083,791,CDS
2602,476963,477102,139,CDS
2603,474960,475104,144,CDS
2604,474453,474768,315,CDS
2605,473076,473719,643,CDS
2606,481209,481262,53,CDS
2607,480776,481141,365,CDS
2608,480302,480691,389,CDS
2609,480035,480238,203,CDS
2610,478800,478868,68,CDS
2611,478538,478738,200,CDS
2612,477292,478083,791,CDS
2613,476963,477102,139,CDS
2614,474885,475104,219,CDS
2615,475243,476277,1034,mobile_element
2616,476344,476399,55,mobile_element
2617,476402,476483,81,mobile_element
2618,484532,484658,126,mobile_element
2619,491411,491593,182,mobile_element
2620,494716,494889,173,mobile_element
2621,496328,496428,100,mobile_element
2622,498222,499279,1057,mobile_element
2623,498460,498517,57,mobile_element
2624,499712,500003,291,mobile_element
2625,500385,500435,50,mobile_element
2626,500525,500685,160,mobile_element
2627,501810,540874,39064,gene
2628,501810,501857,47,mRNA
2629,503851,504138,287,mRNA
2630,515582,515631,49,mRNA
2631,521473,523104,1631,mRNA
2632,524331,524512,181,mRNA
2633,524904,526520,1616,mRNA
2634,529693,531093,1400,mRNA
2635,531159,531379,220,mRNA
2636,531436,531783,347,mRNA
2637,532786,532926,140,mRNA
2638,532983,535880,2897,mRNA
2639,537175,537760,585,mRNA
2640,538538,538604,66,mRNA
2641,538659,540874,2215,mRNA
2642,501810,501857,47,mRNA
2643,503851,504138,287,mRNA
2644,515582,515631,49,mRNA
2645,521473,523104,1631,mRNA
2646,524331,524512,181,mRNA
2647,524904,526520,1616,mRNA
2648,529693,531093,1400,mRNA
2649,531156,531379,223,mRNA
2650,531436,531783,347,mRNA
2651,532783,532926,143,mRNA
2652,532983,535880,2897,mRNA
2653,537175,537760,585,mRNA
2654,538538,538604,66,mRNA
2655,538659,539792,1133,mRNA
2656,501810,501857,47,mRNA
2657,503851,504138,287,mRNA
2658,515582,515631,49,mRNA
2659,521473,523104,1631,mRNA
2660,524331,524512,181,mRNA
2661,524904,526520,1616,mRNA
2662,529693,531093,1400,mRNA
2663,531156,531379,223,mRNA
2664,531436,531783,347,mRNA
2665,532783,532926,143,mRNA
2666,532983,535880,2897,mRNA
2667,536966,537075,109,mRNA
2668,537175,538373,1198,mRNA
2669,510862,511089,227,mobile_element
2670,511460,511517,57,mobile_element
2671,511697,511750,53,mobile_element
2672,511816,511931,115,mobile_element
2673,512251,512307,56,mobile_element
2674,512903,514138,1235,mobile_element
2675,514139,514480,341,mobile_element
2676,515687,516187,500,mobile_element
2677,518675,518810,135,mobile_element
2678,518831,518878,47,mobile_element
2679,520400,520647,247,mobile_element
2680,521504,523104,1600,CDS
2681,524331,524512,181,CDS
2682,524904,526520,1616,CDS
2683,529693,531093,1400,CDS
2684,531156,531379,223,CDS
2685,531436,531783,347,CDS
2686,532783,532926,143,CDS
2687,532983,535880,2897,CDS
2688,537175,537760,585,CDS
2689,538538,538554,16,CDS
2690,521504,523104,1600,CDS
2691,524331,524512,181,CDS
2692,524904,526520,1616,CDS
2693,529693,531093,1400,CDS
2694,531159,531379,220,CDS
2695,531436,531783,347,CDS
2696,532786,532926,140,CDS
2697,532983,535880,2897,CDS
2698,537175,537760,585,CDS
2699,538538,538554,16,CDS
2700,521504,523104,1600,CDS
2701,524331,524512,181,CDS
2702,524904,526520,1616,CDS
2703,529693,531093,1400,CDS
2704,531156,531379,223,CDS
2705,531436,531783,347,CDS
2706,532783,532926,143,CDS
2707,532983,535880,2897,CDS
2708,536966,536968,2,CDS
2709,526723,526810,87,mobile_element
2710,527166,527206,40,mobile_element
2711,528927,529035,108,mobile_element
2712,529231,529465,234,mobile_element
2713,532564,532686,122,mobile_element
2714,535917,536334,417,mobile_element
2715,538332,557854,19522,gene
2716,557443,557854,411,mRNA
2717,551991,553741,1750,mRNA
2718,550754,551380,626,mRNA
2719,549714,549873,159,mRNA
2720,549259,549621,362,mRNA
2721,538332,548143,9811,mRNA
2722,557443,557854,411,mRNA
2723,551991,553741,1750,mRNA
2724,550754,551380,626,mRNA
2725,549714,549873,159,mRNA
2726,549259,549621,362,mRNA
2727,540560,548143,7583,mRNA
2728,541455,541741,286,mobile_element
2729,541776,541905,129,mobile_element
2730,543142,543307,165,mobile_element
2731,543308,543382,74,mobile_element
2732,543383,543724,341,mobile_element
2733,544350,544682,332,mobile_element
2734,557443,557854,411,mRNA
2735,551991,553741,1750,mRNA
2736,550754,551380,626,mRNA
2737,549714,549873,159,mRNA
2738,549259,549621,362,mRNA
2739,545268,548143,2875,mRNA
2740,551991,553576,1585,CDS
2741,550754,551380,626,CDS
2742,549714,549873,159,CDS
2743,549259,549621,362,CDS
2744,545663,548143,2480,CDS
2745,551991,553576,1585,CDS
2746,550754,551380,626,CDS
2747,549714,549873,159,CDS
2748,549259,549621,362,CDS
2749,545663,548143,2480,CDS
2750,551991,553576,1585,CDS
2751,550754,551380,626,CDS
2752,549714,549873,159,CDS
2753,549259,549621,362,CDS
2754,545663,548143,2480,CDS
2755,548817,549176,359,mobile_element
2756,554530,554631,101,mobile_element
2757,555597,555849,252,mobile_element
2758,557025,557854,829,gene
2759,557443,557854,411,ncRNA
2760,557025,557357,332,ncRNA
2761,558016,567257,9241,gene
2762,558016,558168,152,mRNA
2763,560095,560300,205,mRNA
2764,560349,560411,62,mRNA
2765,560471,560583,112,mRNA
2766,560718,560820,102,mRNA
2767,564361,564479,118,mRNA
2768,564541,564662,121,mRNA
2769,565407,565515,108,mRNA
2770,565601,565931,330,mRNA
2771,558016,558168,152,mRNA
2772,560098,560300,202,mRNA
2773,560349,560411,62,mRNA
2774,560471,560583,112,mRNA
2775,560718,560820,102,mRNA
2776,564361,564479,118,mRNA
2777,564541,564662,121,mRNA
2778,565410,565515,105,mRNA
2779,565601,565931,330,mRNA
2780,558223,558300,77,mRNA
2781,560095,560300,205,mRNA
2782,560372,560411,39,mRNA
2783,560471,560583,112,mRNA
2784,560718,560820,102,mRNA
2785,564361,564479,118,mRNA
2786,564541,564662,121,mRNA
2787,565407,565515,108,mRNA
2788,565601,567257,1656,mRNA
2789,558223,558300,77,mRNA
2790,560095,560300,205,mRNA
2791,560372,560411,39,mRNA
2792,560471,560583,112,mRNA
2793,560718,560820,102,mRNA
2794,564361,564479,118,mRNA
2795,564541,564662,121,mRNA
2796,565410,565515,105,mRNA
2797,565601,567257,1656,mRNA
2798,558223,558300,77,mRNA
2799,560098,560300,202,mRNA
2800,560349,560411,62,mRNA
2801,560471,560583,112,mRNA
2802,560718,560820,102,mRNA
2803,564361,564479,118,mRNA
2804,564541,564662,121,mRNA
2805,565410,565515,105,mRNA
2806,565601,565931,330,mRNA
2807,558223,558269,46,mRNA
2808,560095,560300,205,mRNA
2809,560349,560411,62,mRNA
2810,560471,560583,112,mRNA
2811,560718,560820,102,mRNA
2812,564361,564479,118,mRNA
2813,564541,564662,121,mRNA
2814,565407,565515,108,mRNA
2815,565601,565931,330,mRNA
2816,559664,559893,229,mRNA
2817,560095,560300,205,mRNA
2818,560349,560411,62,mRNA
2819,560471,560583,112,mRNA
2820,560718,560820,102,mRNA
2821,564361,564479,118,mRNA
2822,564541,564662,121,mRNA
2823,565410,565515,105,mRNA
2824,565601,567257,1656,mRNA
2825,560258,560300,42,CDS
2826,560349,560411,62,CDS
2827,560471,560583,112,CDS
2828,560718,560820,102,CDS
2829,564361,564479,118,CDS
2830,564541,564662,121,CDS
2831,565407,565515,108,CDS
2832,565601,565756,155,CDS
2833,560258,560300,42,CDS
2834,560349,560411,62,CDS
2835,560471,560583,112,CDS
2836,560718,560820,102,CDS
2837,564361,564479,118,CDS
2838,564541,564662,121,CDS
2839,565407,565515,108,CDS
2840,565601,565756,155,CDS
2841,560258,560300,42,CDS
2842,560349,560411,62,CDS
2843,560471,560583,112,CDS
2844,560718,560820,102,CDS
2845,564361,564479,118,CDS
2846,564541,564662,121,CDS
2847,565410,565515,105,CDS
2848,565601,565756,155,CDS
2849,560258,560300,42,CDS
2850,560349,560411,62,CDS
2851,560471,560583,112,CDS
2852,560718,560820,102,CDS
2853,564361,564479,118,CDS
2854,564541,564662,121,CDS
2855,565410,565515,105,CDS
2856,565601,565756,155,CDS
2857,560258,560300,42,CDS
2858,560349,560411,62,CDS
2859,560471,560583,112,CDS
2860,560718,560820,102,CDS
2861,564361,564479,118,CDS
2862,564541,564662,121,CDS
2863,565410,565515,105,CDS
2864,565601,565756,155,CDS
2865,560280,560300,20,CDS
2866,560372,560411,39,CDS
2867,560471,560583,112,CDS
2868,560718,560820,102,CDS
2869,564361,564479,118,CDS
2870,564541,564662,121,CDS
2871,565407,565515,108,CDS
2872,565601,565756,155,CDS
2873,560280,560300,20,CDS
2874,560372,560411,39,CDS
2875,560471,560583,112,CDS
2876,560718,560820,102,CDS
2877,564361,564479,118,CDS
2878,564541,564662,121,CDS
2879,565410,565515,105,CDS
2880,565601,565756,155,CDS
2881,560886,562919,2033,mobile_element
2882,565178,565220,42,mobile_element
2883,568296,571554,3258,gene
2884,571535,571554,19,mRNA
2885,570604,570781,177,mRNA
2886,570409,570533,124,mRNA
2887,570234,570343,109,mRNA
2888,569975,570176,201,mRNA
2889,569114,569301,187,mRNA
2890,568296,569056,760,mRNA
2891,570604,570790,186,mRNA
2892,570409,570533,124,mRNA
2893,570234,570343,109,mRNA
2894,569975,570176,201,mRNA
2895,569114,569301,187,mRNA
2896,568296,569056,760,mRNA
2897,570604,570695,91,CDS
2898,570409,570533,124,CDS
2899,570234,570343,109,CDS
2900,569975,570176,201,CDS
2901,569114,569301,187,CDS
2902,568367,569056,689,CDS
2903,570604,570695,91,CDS
2904,570409,570533,124,CDS
2905,570234,570343,109,CDS
2906,569975,570176,201,CDS
2907,569114,569301,187,CDS
2908,568367,569056,689,CDS
2909,569608,569643,35,mobile_element
2910,571755,580122,8367,gene
2911,571755,572171,416,mRNA
2912,573613,574428,815,mRNA
2913,575335,575645,310,mRNA
2914,575702,576325,623,mRNA
2915,576979,580122,3143,mRNA
2916,571755,571966,211,mRNA
2917,573613,574428,815,mRNA
2918,575335,575645,310,mRNA
2919,575702,576325,623,mRNA
2920,576979,578143,1164,mRNA
2921,571755,571863,108,mRNA
2922,573613,574428,815,mRNA
2923,575335,575645,310,mRNA
2924,575702,576325,623,mRNA
2925,576979,578143,1164,mRNA
2926,573749,574428,679,CDS
2927,575335,575645,310,CDS
2928,575702,576325,623,CDS
2929,576979,577322,343,CDS
2930,573749,574428,679,CDS
2931,575335,575645,310,CDS
2932,575702,576325,623,CDS
2933,576979,577322,343,CDS
2934,573749,574428,679,CDS
2935,575335,575645,310,CDS
2936,575702,576325,623,CDS
2937,576979,577322,343,CDS
2938,576603,576671,68,mobile_element
2939,580319,582672,2353,mobile_element
2940,580923,582247,1324,mobile_element
2941,582813,582889,76,mobile_element
2942,583108,589348,6240,gene
2943,583108,583252,144,mRNA
2944,583789,583863,74,mRNA
2945,583936,584018,82,mRNA
2946,584762,584931,169,mRNA
2947,584990,585174,184,mRNA
2948,585298,585772,474,mRNA
2949,585840,585938,98,mRNA
2950,586902,587093,191,mRNA
2951,587843,588042,199,mRNA
2952,588572,589348,776,mRNA
2953,583108,583225,117,mRNA
2954,583789,583863,74,mRNA
2955,583936,584018,82,mRNA
2956,584762,584931,169,mRNA
2957,584990,585174,184,mRNA
2958,585298,585772,474,mRNA
2959,585840,585938,98,mRNA
2960,586902,587093,191,mRNA
2961,587843,588042,199,mRNA
2962,588572,589348,776,mRNA
2963,583826,583863,37,CDS
2964,583936,584018,82,CDS
2965,584762,584931,169,CDS
2966,584990,585174,184,CDS
2967,585298,585772,474,CDS
2968,585840,585938,98,CDS
2969,586902,587093,191,CDS
2970,587843,588042,199,CDS
2971,588572,588950,378,CDS
2972,583826,583863,37,CDS
2973,583936,584018,82,CDS
2974,584762,584931,169,CDS
2975,584990,585174,184,CDS
2976,585298,585772,474,CDS
2977,585840,585938,98,CDS
2978,586902,587093,191,CDS
2979,587843,588042,199,CDS
2980,588572,588950,378,CDS
2981,586587,586659,72,mobile_element
2982,591585,596162,4577,mobile_element
2983,591638,596068,4430,mobile_element
2984,596972,597583,611,mobile_element
2985,597624,598274,650,gene
2986,597624,598274,650,ncRNA
2987,598555,607649,9094,gene
2988,607437,607649,212,mRNA
2989,605003,606744,1741,mRNA
2990,603312,604252,940,mRNA
2991,601757,601935,178,mRNA
2992,598555,601529,2974,mRNA
2993,605003,607649,2646,mRNA
2994,603312,604252,940,mRNA
2995,601757,601935,178,mRNA
2996,598555,601529,2974,mRNA
2997,605003,606702,1699,CDS
2998,603312,604252,940,CDS
2999,601757,601935,178,CDS
3000,601104,601529,425,CDS
3001,605003,606702,1699,CDS
3002,603312,604252,940,CDS
3003,601757,601935,178,CDS
3004,601104,601529,425,CDS
3005,602215,602561,346,mobile_element
3006,604600,604832,232,mobile_element
3007,604847,604909,62,mobile_element
3008,608824,608908,84,mobile_element
3009,609804,609968,164,mobile_element
3010,610684,622470,11786,gene
3011,610684,610896,212,mRNA
3012,611285,611655,370,mRNA
3013,611727,611806,79,mRNA
3014,613615,613795,180,mRNA
3015,613937,614422,485,mRNA
3016,615036,615923,887,mRNA
3017,616005,616181,176,mRNA
3018,618348,618476,128,mRNA
3019,618536,618631,95,mRNA
3020,618693,619063,370,mRNA
3021,619637,619783,146,mRNA
3022,619848,620177,329,mRNA
3023,620254,621872,1618,mRNA
3024,621929,622470,541,mRNA
3025,610684,610896,212,mRNA
3026,611285,611655,370,mRNA
3027,611727,611806,79,mRNA
3028,613615,613795,180,mRNA
3029,613937,614422,485,mRNA
3030,615036,615923,887,mRNA
3031,616005,616181,176,mRNA
3032,617304,617351,47,mRNA
3033,618348,618476,128,mRNA
3034,618536,618631,95,mRNA
3035,618693,619063,370,mRNA
3036,619637,619783,146,mRNA
3037,619848,620177,329,mRNA
3038,620254,620926,672,mRNA
3039,610684,610896,212,mRNA
3040,611285,611655,370,mRNA
3041,611727,611806,79,mRNA
3042,613615,613795,180,mRNA
3043,613937,614422,485,mRNA
3044,615036,615923,887,mRNA
3045,616005,616181,176,mRNA
3046,618348,618476,128,mRNA
3047,618536,618631,95,mRNA
3048,618693,619063,370,mRNA
3049,619637,619783,146,mRNA
3050,619848,620177,329,mRNA
3051,620254,620926,672,mRNA
3052,610684,610896,212,mRNA
3053,611285,611438,153,mRNA
3054,611513,611655,142,mRNA
3055,611727,611806,79,mRNA
3056,613615,613795,180,mRNA
3057,613937,614422,485,mRNA
3058,615036,615923,887,mRNA
3059,616005,616181,176,mRNA
3060,618348,618476,128,mRNA
3061,618536,618631,95,mRNA
3062,618693,619063,370,mRNA
3063,619637,619783,146,mRNA
3064,619848,620177,329,mRNA
3065,620254,620926,672,mRNA
3066,610684,610896,212,mRNA
3067,611285,611438,153,mRNA
3068,611513,611655,142,mRNA
3069,611727,611806,79,mRNA
3070,613615,613795,180,mRNA
3071,613937,614422,485,mRNA
3072,615036,615923,887,mRNA
3073,616005,616181,176,mRNA
3074,617304,617351,47,mRNA
3075,618348,618476,128,mRNA
3076,618536,618631,95,mRNA
3077,618693,619063,370,mRNA
3078,619637,619783,146,mRNA
3079,619848,620107,259,mRNA
3080,620254,620734,480,mRNA
3081,610684,610896,212,mRNA
3082,611285,611655,370,mRNA
3083,611727,611806,79,mRNA
3084,613615,613795,180,mRNA
3085,613937,614422,485,mRNA
3086,615036,615923,887,mRNA
3087,616005,616181,176,mRNA
3088,617304,617351,47,mRNA
3089,618348,618476,128,mRNA
3090,618536,618631,95,mRNA
3091,618693,619063,370,mRNA
3092,619637,619783,146,mRNA
3093,619848,620351,503,mRNA
3094,611403,611655,252,CDS
3095,611727,611806,79,CDS
3096,613615,613795,180,CDS
3097,613937,614422,485,CDS
3098,615036,615923,887,CDS
3099,616005,616181,176,CDS
3100,617304,617351,47,CDS
3101,618348,618476,128,CDS
3102,618536,618631,95,CDS
3103,618693,619063,370,CDS
3104,619637,619783,146,CDS
3105,619848,620177,329,CDS
3106,620254,620358,104,CDS
3107,611403,611655,252,CDS
3108,611727,611806,79,CDS
3109,613615,613795,180,CDS
3110,613937,614422,485,CDS
3111,615036,615923,887,CDS
3112,616005,616181,176,CDS
3113,618348,618476,128,CDS
3114,618536,618631,95,CDS
3115,618693,619063,370,CDS
3116,619637,619783,146,CDS
3117,619848,620177,329,CDS
3118,620254,620358,104,CDS
3119,611403,611655,252,CDS
3120,611727,611806,79,CDS
3121,613615,613795,180,CDS
3122,613937,614422,485,CDS
3123,615036,615923,887,CDS
3124,616005,616181,176,CDS
3125,618348,618476,128,CDS
3126,618536,618631,95,CDS
3127,618693,619063,370,CDS
3128,619637,619783,146,CDS
3129,619848,620177,329,CDS
3130,620254,620358,104,CDS
3131,611403,611655,252,CDS
3132,611727,611806,79,CDS
3133,613615,613795,180,CDS
3134,613937,614422,485,CDS
3135,615036,615923,887,CDS
3136,616005,616181,176,CDS
3137,617304,617351,47,CDS
3138,618348,618476,128,CDS
3139,618536,618631,95,CDS
3140,618693,619063,370,CDS
3141,619637,619783,146,CDS
3142,619848,620234,386,CDS
3143,611428,611438,10,CDS
3144,611513,611655,142,CDS
3145,611727,611806,79,CDS
3146,613615,613795,180,CDS
3147,613937,614422,485,CDS
3148,615036,615923,887,CDS
3149,616005,616181,176,CDS
3150,618348,618476,128,CDS
3151,618536,618631,95,CDS
3152,618693,619063,370,CDS
3153,619637,619783,146,CDS
3154,619848,620177,329,CDS
3155,620254,620358,104,CDS
3156,611428,611438,10,CDS
3157,611513,611655,142,CDS
3158,611727,611806,79,CDS
3159,613615,613795,180,CDS
3160,613937,614422,485,CDS
3161,615036,615923,887,CDS
3162,616005,616181,176,CDS
3163,617304,617351,47,CDS
3164,618348,618476,128,CDS
3165,618536,618631,95,CDS
3166,618693,619063,370,CDS
3167,619637,619783,146,CDS
3168,619848,620107,259,CDS
3169,620254,620254,0,CDS
3170,612369,613428,1059,mobile_element
3171,616660,616773,113,mobile_element
3172,619327,619377,50,mobile_element
3173,622129,622500,371,mobile_element
3174,623219,626031,2812,gene
3175,624772,626031,1259,mRNA
3176,623219,624663,1444,mRNA
3177,624772,625584,812,CDS
3178,623371,624663,1292,CDS
3179,626126,626212,86,gene
3180,626126,626212,86,precursor_RNA
3181,626142,626162,20,ncRNA
3182,626180,626200,20,ncRNA
3183,626367,626616,249,mobile_element
3184,626877,627200,323,mobile_element
3185,627394,627432,38,mobile_element
3186,627931,628070,139,mobile_element
3187,628567,628663,96,mobile_element
3188,629026,630613,1587,mobile_element
3189,629691,635350,5659,gene
3190,629691,629979,288,mRNA
3191,631627,631894,267,mRNA
3192,632028,632129,101,mRNA
3193,632208,632388,180,mRNA
3194,632448,632715,267,mRNA
3195,633329,633432,103,mRNA
3196,633491,633860,369,mRNA
3197,633921,634124,203,mRNA
3198,634177,634344,167,mRNA
3199,634410,635350,940,mRNA
3200,629693,629979,286,mRNA
3201,631627,631894,267,mRNA
3202,632028,632129,101,mRNA
3203,632208,632388,180,mRNA
3204,632448,632715,267,mRNA
3205,633329,633432,103,mRNA
3206,633491,633860,369,mRNA
3207,633961,634124,163,mRNA
3208,634177,634344,167,mRNA
3209,634410,635350,940,mRNA
3210,629836,629979,143,CDS
3211,631627,631894,267,CDS
3212,632028,632129,101,CDS
3213,632208,632388,180,CDS
3214,632448,632715,267,CDS
3215,633329,633432,103,CDS
3216,633491,633860,369,CDS
3217,633921,634124,203,CDS
3218,634177,634344,167,CDS
3219,634410,634511,101,CDS
3220,629836,629979,143,CDS
3221,631627,631894,267,CDS
3222,632028,632129,101,CDS
3223,632208,632388,180,CDS
3224,632448,632715,267,CDS
3225,633329,633432,103,CDS
3226,633491,633860,369,CDS
3227,633961,634050,89,CDS
3228,630665,630838,173,mobile_element
3229,636131,646556,10425,gene
3230,646445,646556,111,mRNA
3231,646233,646394,161,mRNA
3232,645949,646182,233,mRNA
3233,643989,644155,166,mRNA
3234,642492,642728,236,mRNA
3235,642276,642428,152,mRNA
3236,640533,640736,203,mRNA
3237,640273,640476,203,mRNA
3238,640107,640208,101,mRNA
3239,639593,640048,455,mRNA
3240,639333,639534,201,mRNA
3241,639015,639203,188,mRNA
3242,636131,636618,487,mRNA
3243,646445,646556,111,mRNA
3244,646233,646394,161,mRNA
3245,645949,646182,233,mRNA
3246,643989,644155,166,mRNA
3247,642492,642728,236,mRNA
3248,642276,642428,152,mRNA
3249,640533,640736,203,mRNA
3250,640273,640476,203,mRNA
3251,640107,640211,104,mRNA
3252,639593,640048,455,mRNA
3253,639333,639534,201,mRNA
3254,639015,639203,188,mRNA
3255,636131,636618,487,mRNA
3256,646445,646556,111,mRNA
3257,646233,646394,161,mRNA
3258,645949,646182,233,mRNA
3259,643989,644155,166,mRNA
3260,642492,642728,236,mRNA
3261,642276,642428,152,mRNA
3262,640533,640736,203,mRNA
3263,640273,640476,203,mRNA
3264,640107,640211,104,mRNA
3265,639333,640048,715,mRNA
3266,639015,639203,188,mRNA
3267,636131,636618,487,mRNA
3268,646445,646520,75,CDS
3269,646233,646394,161,CDS
3270,645949,646182,233,CDS
3271,643989,644155,166,CDS
3272,642492,642728,236,CDS
3273,642276,642428,152,CDS
3274,640533,640736,203,CDS
3275,640273,640476,203,CDS
3276,640107,640208,101,CDS
3277,639593,640048,455,CDS
3278,639333,639534,201,CDS
3279,639015,639203,188,CDS
3280,636308,636618,310,CDS
3281,646445,646520,75,CDS
3282,646233,646394,161,CDS
3283,645949,646182,233,CDS
3284,643989,644155,166,CDS
3285,642492,642728,236,CDS
3286,642276,642428,152,CDS
3287,640533,640736,203,CDS
3288,640273,640476,203,CDS
3289,640107,640211,104,CDS
3290,639593,640048,455,CDS
3291,639333,639534,201,CDS
3292,639015,639203,188,CDS
3293,636308,636618,310,CDS
3294,636893,637121,228,mobile_element
3295,637333,637787,454,gene
3296,637333,637569,236,exon
3297,637633,637787,154,exon
3298,638329,638430,101,mobile_element
3299,646445,646520,75,CDS
3300,646233,646394,161,CDS
3301,645949,646182,233,CDS
3302,643989,644155,166,CDS
3303,642492,642728,236,CDS
3304,642276,642428,152,CDS
3305,640533,640736,203,CDS
3306,640273,640476,203,CDS
3307,640107,640211,104,CDS
3308,639581,640048,467,CDS
3309,640788,641154,366,mobile_element
3310,641408,641498,90,mobile_element
3311,641865,641983,118,mobile_element
3312,642959,643106,147,mobile_element
3313,643518,643796,278,mobile_element
3314,644201,644254,53,mobile_element
3315,645198,645548,350,mobile_element
3316,647526,648281,755,mobile_element
3317,649041,663103,14062,gene
3318,662765,663103,338,mRNA
3319,661046,661980,934,mRNA
3320,657902,658508,606,mRNA
3321,656216,657684,1468,mRNA
3322,655061,655435,374,mRNA
3323,654505,654798,293,mRNA
3324,653870,654048,178,mRNA
3325,652901,653051,150,mRNA
3326,652646,652833,187,mRNA
3327,652305,652584,279,mRNA
3328,649041,651030,1989,mRNA
3329,660429,660608,179,mRNA
3330,657902,658508,606,mRNA
3331,656216,657684,1468,mRNA
3332,655061,655435,374,mRNA
3333,654505,654798,293,mRNA
3334,653870,654048,178,mRNA
3335,652901,653051,150,mRNA
3336,652646,652842,196,mRNA
3337,652305,652578,273,mRNA
3338,649971,651030,1059,mRNA
3339,660429,660608,179,mRNA
3340,657902,658508,606,mRNA
3341,656216,657684,1468,mRNA
3342,655061,655435,374,mRNA
3343,654505,654798,293,mRNA
3344,653870,654048,178,mRNA
3345,652901,653051,150,mRNA
3346,652646,652842,196,mRNA
3347,652305,652584,279,mRNA
3348,649971,651030,1059,mRNA
3349,659921,659983,62,mRNA
3350,657902,658508,606,mRNA
3351,656216,657684,1468,mRNA
3352,655061,655435,374,mRNA
3353,654505,654798,293,mRNA
3354,653870,654048,178,mRNA
3355,652901,653051,150,mRNA
3356,652646,652842,196,mRNA
3357,652305,652584,279,mRNA
3358,649971,651030,1059,mRNA
3359,659878,659983,105,mRNA
3360,657902,658508,606,mRNA
3361,656216,657684,1468,mRNA
3362,655061,655435,374,mRNA
3363,654505,654798,293,mRNA
3364,653870,654048,178,mRNA
3365,652901,653051,150,mRNA
3366,652646,652842,196,mRNA
3367,652305,652584,279,mRNA
3368,649971,651030,1059,mRNA
3369,659560,659983,423,mRNA
3370,657902,658508,606,mRNA
3371,656216,657684,1468,mRNA
3372,655061,655435,374,mRNA
3373,654505,654798,293,mRNA
3374,653870,654048,178,mRNA
3375,652901,653051,150,mRNA
3376,652646,652842,196,mRNA
3377,652305,652584,279,mRNA
3378,649971,651030,1059,mRNA
3379,657902,658337,435,CDS
3380,656216,657684,1468,CDS
3381,655061,655435,374,CDS
3382,654505,654798,293,CDS
3383,653870,654048,178,CDS
3384,652901,653051,150,CDS
3385,652646,652833,187,CDS
3386,652305,652584,279,CDS
3387,650257,651030,773,CDS
3388,657902,658337,435,CDS
3389,656216,657684,1468,CDS
3390,655061,655435,374,CDS
3391,654505,654798,293,CDS
3392,653870,654048,178,CDS
3393,652901,653051,150,CDS
3394,652646,652842,196,CDS
3395,652305,652578,273,CDS
3396,650257,651030,773,CDS
3397,657902,658337,435,CDS
3398,656216,657684,1468,CDS
3399,655061,655435,374,CDS
3400,654505,654798,293,CDS
3401,653870,654048,178,CDS
3402,652901,653051,150,CDS
3403,652646,652842,196,CDS
3404,652305,652584,279,CDS
3405,650257,651030,773,CDS
3406,657902,658337,435,CDS
3407,656216,657684,1468,CDS
3408,655061,655435,374,CDS
3409,654505,654798,293,CDS
3410,653870,654048,178,CDS
3411,652901,653051,150,CDS
3412,652646,652842,196,CDS
3413,652305,652584,279,CDS
3414,650257,651030,773,CDS
3415,657902,658337,435,CDS
3416,656216,657684,1468,CDS
3417,655061,655435,374,CDS
3418,654505,654798,293,CDS
3419,653870,654048,178,CDS
3420,652901,653051,150,CDS
3421,652646,652842,196,CDS
3422,652305,652584,279,CDS
3423,650257,651030,773,CDS
3424,657902,658337,435,CDS
3425,656216,657684,1468,CDS
3426,655061,655435,374,CDS
3427,654505,654798,293,CDS
3428,653870,654048,178,CDS
3429,652901,653051,150,CDS
3430,652646,652842,196,CDS
3431,652305,652584,279,CDS
3432,650257,651030,773,CDS
3433,653247,653382,135,mobile_element
3434,662317,662424,107,mobile_element
3435,663621,669884,6263,gene
3436,663621,663742,121,mRNA
3437,663855,664340,485,mRNA
3438,664988,665305,317,mRNA
3439,665951,666932,981,mRNA
3440,668420,668574,154,mRNA
3441,669130,669884,754,mRNA
3442,663621,663742,121,mRNA
3443,663855,664340,485,mRNA
3444,664988,665305,317,mRNA
3445,665951,666932,981,mRNA
3446,669130,669884,754,mRNA
3447,663621,663742,121,mRNA
3448,663855,664340,485,mRNA
3449,665951,666932,981,mRNA
3450,668420,668574,154,mRNA
3451,669130,669884,754,mRNA
3452,663701,663742,41,CDS
3453,663855,664340,485,CDS
3454,664988,665305,317,CDS
3455,665951,666932,981,CDS
3456,668420,668574,154,CDS
3457,669130,669450,320,CDS
3458,663701,663742,41,CDS
3459,663855,664340,485,CDS
3460,665951,666932,981,CDS
3461,668420,668574,154,CDS
3462,669130,669450,320,CDS
3463,663701,663742,41,CDS
3464,663855,664340,485,CDS
3465,664988,665305,317,CDS
3466,665951,666932,981,CDS
3467,669130,669185,55,CDS
3468,667078,667195,117,mobile_element
3469,667816,667929,113,mobile_element
3470,667987,668247,260,mobile_element
3471,670400,670500,100,mobile_element
3472,671142,690650,19508,gene
3473,671142,671166,24,mRNA
3474,671247,671387,140,mRNA
3475,680440,681135,695,mRNA
3476,684581,690650,6069,mRNA
3477,671142,671616,474,mRNA
3478,680440,681135,695,mRNA
3479,684581,687565,2984,mRNA
3480,671660,680185,8525,mobile_element
3481,680270,680304,34,mRNA
3482,680440,681135,695,mRNA
3483,684581,687565,2984,mRNA
3484,680593,681135,542,mRNA
3485,684581,689595,5014,mRNA
3486,680709,681135,426,CDS
3487,684581,686040,1459,CDS
3488,680709,681135,426,CDS
3489,684581,686040,1459,CDS
3490,680709,681135,426,CDS
3491,684581,686040,1459,CDS
3492,680709,681135,426,CDS
3493,684581,686040,1459,CDS
3494,681315,681389,74,mobile_element
3495,681512,683872,2360,mobile_element
3496,681591,682171,580,mobile_element
3497,682172,683835,1663,mobile_element
3498,682685,683233,548,mobile_element
3499,687204,687353,149,mobile_element
3500,690686,696055,5369,gene
3501,695697,696055,358,mRNA
3502,695214,695337,123,mRNA
3503,693381,694416,1035,mRNA
3504,692425,692843,418,mRNA
3505,690686,692359,1673,mRNA
3506,695697,696055,358,mRNA
3507,693381,694416,1035,mRNA
3508,692425,692843,418,mRNA
3509,691278,692359,1081,mRNA
3510,695214,696055,841,mRNA
3511,693381,694416,1035,mRNA
3512,692425,692843,418,mRNA
3513,691601,692359,758,mRNA
3514,693381,694389,1008,CDS
3515,692425,692843,418,CDS
3516,691991,692359,368,CDS
3517,693381,694389,1008,CDS
3518,692425,692843,418,CDS
3519,691991,692359,368,CDS
3520,693381,694389,1008,CDS
3521,692425,692843,418,CDS
3522,691991,692359,368,CDS
3523,697689,721173,23484,gene
3524,697689,697883,194,mRNA
3525,710917,711082,165,mRNA
3526,712493,712673,180,mRNA
3527,713858,714512,654,mRNA
3528,717127,717300,173,mRNA
3529,717654,717929,275,mRNA
3530,719274,719628,354,mRNA
3531,720322,721173,851,mRNA
3532,698803,699064,261,mobile_element
3533,704651,705273,622,mRNA
3534,707492,707671,179,mRNA
3535,710917,711082,165,mRNA
3536,712493,712673,180,mRNA
3537,713858,714512,654,mRNA
3538,717127,717300,173,mRNA
3539,717654,717929,275,mRNA
3540,719274,719628,354,mRNA
3541,720322,721173,851,mRNA
3542,704651,705273,622,mRNA
3543,710917,711082,165,mRNA
3544,712493,712673,180,mRNA
3545,713858,714512,654,mRNA
3546,717127,717300,173,mRNA
3547,717654,717929,275,mRNA
3548,719274,719628,354,mRNA
3549,720322,721173,851,mRNA
3550,705165,705273,108,CDS
3551,707492,707671,179,CDS
3552,710917,711082,165,CDS
3553,712493,712673,180,CDS
3554,713858,714512,654,CDS
3555,717127,717300,173,CDS
3556,717654,717929,275,CDS
3557,719274,719628,354,CDS
3558,720322,720922,600,CDS
3559,705165,705273,108,CDS
3560,710917,711082,165,CDS
3561,712493,712673,180,CDS
3562,713858,714512,654,CDS
3563,717127,717300,173,CDS
3564,717654,717929,275,CDS
3565,719274,719628,354,CDS
3566,720322,720922,600,CDS
3567,705995,706173,178,mobile_element
3568,706990,707315,325,mobile_element
3569,707429,707671,242,mRNA
3570,710917,711082,165,mRNA
3571,712493,712673,180,mRNA
3572,713858,714512,654,mRNA
3573,717127,717300,173,mRNA
3574,717654,717929,275,mRNA
3575,719274,719628,354,mRNA
3576,720322,721173,851,mRNA
3577,707506,707671,165,CDS
3578,710917,711082,165,CDS
3579,712493,712673,180,CDS
3580,713858,714512,654,CDS
3581,717127,717300,173,CDS
3582,717654,717929,275,CDS
3583,719274,719628,354,CDS
3584,720322,720922,600,CDS
3585,709595,709964,369,mobile_element
3586,711351,712236,885,mobile_element
3587,714044,714512,468,CDS
3588,717127,717300,173,CDS
3589,717654,717929,275,CDS
3590,719274,719628,354,CDS
3591,720322,720922,600,CDS
3592,715017,715080,63,mobile_element
3593,716607,716973,366,mobile_element
3594,723117,723280,163,mobile_element
3595,724400,776474,52074,gene
3596,724400,724491,91,mRNA
3597,725669,726029,360,mRNA
3598,726932,726962,30,mRNA
3599,727461,727623,162,mRNA
3600,728104,728245,141,mRNA
3601,728673,728814,141,mRNA
3602,729002,729202,200,mRNA
3603,729274,729575,301,mRNA
3604,730777,731000,223,mRNA
3605,731063,731465,402,mRNA
3606,731560,732233,673,mRNA
3607,733217,733564,347,mRNA
3608,733920,733964,44,mRNA
3609,734279,734401,122,mRNA
3610,734478,734537,59,mRNA
3611,734714,734812,98,mRNA
3612,735515,735823,308,mRNA
3613,735905,736030,125,mRNA
3614,736149,736187,38,mRNA
3615,736819,737046,227,mRNA
3616,737736,737909,173,mRNA
3617,738953,738988,35,mRNA
3618,742403,742550,147,mRNA
3619,742788,743161,373,mRNA
3620,745166,745291,125,mRNA
3621,745372,746071,699,mRNA
3622,746476,746829,353,mRNA
3623,747307,749019,1712,mRNA
3624,750570,751469,899,mRNA
3625,752177,752940,763,mRNA
3626,753025,753160,135,mRNA
3627,753338,754228,890,mRNA
3628,754287,756959,2672,mRNA
3629,757521,757802,281,mRNA
3630,757865,758164,299,mRNA
3631,758220,767690,9470,mRNA
3632,767762,768740,978,mRNA
3633,768804,769145,341,mRNA
3634,770553,771595,1042,mRNA
3635,772403,772459,56,mRNA
3636,774017,774117,100,mRNA
3637,774185,774311,126,mRNA
3638,774377,774679,302,mRNA
3639,774915,776474,1559,mRNA
3640,724400,724491,91,mRNA
3641,725669,726029,360,mRNA
3642,726662,726683,21,mRNA
3643,727461,727623,162,mRNA
3644,728104,728245,141,mRNA
3645,728673,728814,141,mRNA
3646,729002,729202,200,mRNA
3647,729274,729575,301,mRNA
3648,730777,731000,223,mRNA
3649,731063,731465,402,mRNA
3650,731560,732233,673,mRNA
3651,733217,733564,347,mRNA
3652,733920,733964,44,mRNA
3653,734279,734401,122,mRNA
3654,734478,734537,59,mRNA
3655,734714,734812,98,mRNA
3656,735515,735823,308,mRNA
3657,735905,736030,125,mRNA
3658,736149,736187,38,mRNA
3659,736339,736515,176,mRNA
3660,736819,737046,227,mRNA
3661,737736,737909,173,mRNA
3662,738953,738988,35,mRNA
3663,739949,739981,32,mRNA
3664,742403,742550,147,mRNA
3665,742788,743161,373,mRNA
3666,745166,745291,125,mRNA
3667,745372,746071,699,mRNA
3668,746476,746829,353,mRNA
3669,747307,749019,1712,mRNA
3670,750570,751469,899,mRNA
3671,752177,752940,763,mRNA
3672,753025,753160,135,mRNA
3673,753338,754228,890,mRNA
3674,754287,756959,2672,mRNA
3675,757521,757802,281,mRNA
3676,757865,758164,299,mRNA
3677,758220,767690,9470,mRNA
3678,767762,768740,978,mRNA
3679,768804,769145,341,mRNA
3680,770553,771595,1042,mRNA
3681,772403,772459,56,mRNA
3682,774017,774117,100,mRNA
3683,774185,774311,126,mRNA
3684,774377,774679,302,mRNA
3685,774915,776081,1166,mRNA
3686,724400,724491,91,mRNA
3687,725669,726029,360,mRNA
3688,726662,726683,21,mRNA
3689,727461,727623,162,mRNA
3690,728104,728245,141,mRNA
3691,730777,731000,223,mRNA
3692,731063,731465,402,mRNA
3693,731560,732233,673,mRNA
3694,733217,733564,347,mRNA
3695,733920,733964,44,mRNA
3696,734279,734401,122,mRNA
3697,734478,734537,59,mRNA
3698,734714,734812,98,mRNA
3699,735515,735823,308,mRNA
3700,735905,736030,125,mRNA
3701,736149,736187,38,mRNA
3702,736819,737046,227,mRNA
3703,737736,737909,173,mRNA
3704,738953,738988,35,mRNA
3705,742403,742550,147,mRNA
3706,742788,743161,373,mRNA
3707,745166,745291,125,mRNA
3708,745372,746071,699,mRNA
3709,746476,746829,353,mRNA
3710,747307,749019,1712,mRNA
3711,750570,751469,899,mRNA
3712,752177,752940,763,mRNA
3713,753025,753160,135,mRNA
3714,753338,754228,890,mRNA
3715,754287,756959,2672,mRNA
3716,757521,757802,281,mRNA
3717,757865,758164,299,mRNA
3718,758220,767690,9470,mRNA
3719,767762,768740,978,mRNA
3720,768804,769145,341,mRNA
3721,770553,771595,1042,mRNA
3722,772403,772459,56,mRNA
3723,774017,774117,100,mRNA
3724,774185,774311,126,mRNA
3725,774377,774679,302,mRNA
3726,774915,776081,1166,mRNA
3727,725356,725387,31,mRNA
3728,725669,726029,360,mRNA
3729,726662,726683,21,mRNA
3730,727461,727623,162,mRNA
3731,728104,728245,141,mRNA
3732,730777,731000,223,mRNA
3733,731063,731465,402,mRNA
3734,731560,732233,673,mRNA
3735,733920,733964,44,mRNA
3736,734279,734401,122,mRNA
3737,734478,734537,59,mRNA
3738,734714,734812,98,mRNA
3739,735515,735823,308,mRNA
3740,735905,736030,125,mRNA
3741,736149,736187,38,mRNA
3742,736339,736515,176,mRNA
3743,736819,737046,227,mRNA
3744,737736,737909,173,mRNA
3745,738953,738988,35,mRNA
3746,739949,739981,32,mRNA
3747,742403,742550,147,mRNA
3748,742788,743161,373,mRNA
3749,745166,745291,125,mRNA
3750,745372,746071,699,mRNA
3751,746476,746829,353,mRNA
3752,747307,749019,1712,mRNA
3753,750570,751469,899,mRNA
3754,752177,752940,763,mRNA
3755,753025,753160,135,mRNA
3756,753338,754228,890,mRNA
3757,754287,756959,2672,mRNA
3758,757521,757802,281,mRNA
3759,757865,758164,299,mRNA
3760,758220,767690,9470,mRNA
3761,767762,768740,978,mRNA
3762,768804,769145,341,mRNA
3763,770553,771595,1042,mRNA
3764,772403,772459,56,mRNA
3765,774017,774117,100,mRNA
3766,774185,774311,126,mRNA
3767,774377,774679,302,mRNA
3768,774915,776081,1166,mRNA
3769,725658,726029,371,mRNA
3770,726932,726962,30,mRNA
3771,727461,727623,162,mRNA
3772,728104,728245,141,mRNA
3773,730777,731000,223,mRNA
3774,731063,731465,402,mRNA
3775,731560,732233,673,mRNA
3776,733920,733964,44,mRNA
3777,734279,734401,122,mRNA
3778,734478,734537,59,mRNA
3779,735515,735823,308,mRNA
3780,735905,736030,125,mRNA
3781,737736,737909,173,mRNA
3782,742403,742550,147,mRNA
3783,742788,743161,373,mRNA
3784,743525,743602,77,mRNA
3785,745166,745291,125,mRNA
3786,745372,746071,699,mRNA
3787,746476,746829,353,mRNA
3788,747307,749019,1712,mRNA
3789,750570,751469,899,mRNA
3790,752177,752940,763,mRNA
3791,753025,753160,135,mRNA
3792,753338,754228,890,mRNA
3793,754287,756959,2672,mRNA
3794,757521,757802,281,mRNA
3795,757865,758164,299,mRNA
3796,758220,767690,9470,mRNA
3797,767762,768740,978,mRNA
3798,768804,769145,341,mRNA
3799,770553,771595,1042,mRNA
3800,774017,774117,100,mRNA
3801,774185,774311,126,mRNA
3802,774377,774679,302,mRNA
3803,774915,776081,1166,mRNA
3804,725717,726029,312,CDS
3805,726662,726683,21,CDS
3806,727461,727623,162,CDS
3807,728104,728245,141,CDS
3808,728673,728814,141,CDS
3809,729002,729202,200,CDS
3810,729274,729575,301,CDS
3811,730777,731000,223,CDS
3812,731063,731465,402,CDS
3813,731560,732233,673,CDS
3814,733217,733564,347,CDS
3815,733920,733964,44,CDS
3816,734279,734401,122,CDS
3817,734478,734537,59,CDS
3818,734714,734812,98,CDS
3819,735515,735823,308,CDS
3820,735905,736030,125,CDS
3821,736149,736187,38,CDS
3822,736339,736515,176,CDS
3823,736819,737046,227,CDS
3824,737736,737909,173,CDS
3825,738953,738988,35,CDS
3826,739949,739981,32,CDS
3827,742403,742550,147,CDS
3828,742788,743161,373,CDS
3829,745166,745291,125,CDS
3830,745372,746071,699,CDS
3831,746476,746829,353,CDS
3832,747307,749019,1712,CDS
3833,750570,751469,899,CDS
3834,752177,752940,763,CDS
3835,753025,753160,135,CDS
3836,753338,754228,890,CDS
3837,754287,756959,2672,CDS
3838,757521,757802,281,CDS
3839,757865,758164,299,CDS
3840,758220,767690,9470,CDS
3841,767762,768740,978,CDS
3842,768804,769145,341,CDS
3843,770553,771595,1042,CDS
3844,772403,772459,56,CDS
3845,774017,774117,100,CDS
3846,774185,774311,126,CDS
3847,774377,774679,302,CDS
3848,774915,775549,634,CDS
3849,725717,726029,312,CDS
3850,726662,726683,21,CDS
3851,727461,727623,162,CDS
3852,728104,728245,141,CDS
3853,730777,731000,223,CDS
3854,731063,731465,402,CDS
3855,731560,732233,673,CDS
3856,733217,733564,347,CDS
3857,733920,733964,44,CDS
3858,734279,734401,122,CDS
3859,734478,734537,59,CDS
3860,734714,734812,98,CDS
3861,735515,735823,308,CDS
3862,735905,736030,125,CDS
3863,736149,736187,38,CDS
3864,736819,737046,227,CDS
3865,737736,737909,173,CDS
3866,738953,738988,35,CDS
3867,742403,742550,147,CDS
3868,742788,743161,373,CDS
3869,745166,745291,125,CDS
3870,745372,746071,699,CDS
3871,746476,746829,353,CDS
3872,747307,749019,1712,CDS
3873,750570,751469,899,CDS
3874,752177,752940,763,CDS
3875,753025,753160,135,CDS
3876,753338,754228,890,CDS
3877,754287,756959,2672,CDS
3878,757521,757802,281,CDS
3879,757865,758164,299,CDS
3880,758220,767690,9470,CDS
3881,767762,768740,978,CDS
3882,768804,769145,341,CDS
3883,770553,771595,1042,CDS
3884,772403,772459,56,CDS
3885,774017,774117,100,CDS
3886,774185,774311,126,CDS
3887,774377,774679,302,CDS
3888,774915,775549,634,CDS
3889,725717,726029,312,CDS
3890,726662,726683,21,CDS
3891,727461,727623,162,CDS
3892,728104,728245,141,CDS
3893,730777,731000,223,CDS
3894,731063,731465,402,CDS
3895,731560,732233,673,CDS
3896,733920,733964,44,CDS
3897,734279,734401,122,CDS
3898,734478,734537,59,CDS
3899,734714,734812,98,CDS
3900,735515,735823,308,CDS
3901,735905,736030,125,CDS
3902,736149,736187,38,CDS
3903,736339,736515,176,CDS
3904,736819,737046,227,CDS
3905,737736,737909,173,CDS
3906,738953,738988,35,CDS
3907,739949,739981,32,CDS
3908,742403,742550,147,CDS
3909,742788,743161,373,CDS
3910,745166,745291,125,CDS
3911,745372,746071,699,CDS
3912,746476,746829,353,CDS
3913,747307,749019,1712,CDS
3914,750570,751469,899,CDS
3915,752177,752940,763,CDS
3916,753025,753160,135,CDS
3917,753338,754228,890,CDS
3918,754287,756959,2672,CDS
3919,757521,757802,281,CDS
3920,757865,758164,299,CDS
3921,758220,767690,9470,CDS
3922,767762,768740,978,CDS
3923,768804,769145,341,CDS
3924,770553,771595,1042,CDS
3925,772403,772459,56,CDS
3926,774017,774117,100,CDS
3927,774185,774311,126,CDS
3928,774377,774679,302,CDS
3929,774915,775549,634,CDS
3930,725717,726029,312,CDS
3931,726932,726962,30,CDS
3932,727461,727623,162,CDS
3933,728104,728245,141,CDS
3934,728673,728814,141,CDS
3935,729002,729202,200,CDS
3936,729274,729575,301,CDS
3937,730777,731000,223,CDS
3938,731063,731465,402,CDS
3939,731560,732233,673,CDS
3940,733217,733564,347,CDS
3941,733920,733964,44,CDS
3942,734279,734401,122,CDS
3943,734478,734537,59,CDS
3944,734714,734812,98,CDS
3945,735515,735823,308,CDS
3946,735905,736030,125,CDS
3947,736149,736187,38,CDS
3948,736819,737046,227,CDS
3949,737736,737909,173,CDS
3950,738953,738988,35,CDS
3951,742403,742550,147,CDS
3952,742788,743161,373,CDS
3953,745166,745291,125,CDS
3954,745372,746071,699,CDS
3955,746476,746829,353,CDS
3956,747307,749019,1712,CDS
3957,750570,751469,899,CDS
3958,752177,752940,763,CDS
3959,753025,753160,135,CDS
3960,753338,754228,890,CDS
3961,754287,756959,2672,CDS
3962,757521,757802,281,CDS
3963,757865,758164,299,CDS
3964,758220,767690,9470,CDS
3965,767762,768740,978,CDS
3966,768804,769145,341,CDS
3967,770553,771595,1042,CDS
3968,772403,772459,56,CDS
3969,774017,774117,100,CDS
3970,774185,774311,126,CDS
3971,774377,774679,302,CDS
3972,774915,775549,634,CDS
3973,725717,726029,312,CDS
3974,726932,726962,30,CDS
3975,727461,727623,162,CDS
3976,728104,728245,141,CDS
3977,730777,731000,223,CDS
3978,731063,731465,402,CDS
3979,731560,732233,673,CDS
3980,733920,733964,44,CDS
3981,734279,734401,122,CDS
3982,734478,734537,59,CDS
3983,735515,735823,308,CDS
3984,735905,736030,125,CDS
3985,737736,737909,173,CDS
3986,742403,742550,147,CDS
3987,742788,743161,373,CDS
3988,743525,743602,77,CDS
3989,745166,745291,125,CDS
3990,745372,746071,699,CDS
3991,746476,746829,353,CDS
3992,747307,749019,1712,CDS
3993,750570,751469,899,CDS
3994,752177,752940,763,CDS
3995,753025,753160,135,CDS
3996,753338,754228,890,CDS
3997,754287,756959,2672,CDS
3998,757521,757802,281,CDS
3999,757865,758164,299,CDS
4000,758220,767690,9470,CDS
4001,767762,768740,978,CDS
4002,768804,769145,341,CDS
4003,770553,771595,1042,CDS
4004,774017,774117,100,CDS
4005,774185,774311,126,CDS
4006,774377,774679,302,CDS
4007,774915,775549,634,CDS
4008,727838,727905,67,mobile_element
4009,729819,730256,437,mobile_element
4010,749321,749642,321,mobile_element
4011,749856,749935,79,mobile_element
4012,749972,750190,218,mobile_element
4013,751516,751635,119,mobile_element
4014,757191,757463,272,mobile_element
4015,769793,769839,46,mobile_element
4016,773208,773805,597,mobile_element
4017,776475,777146,671,gene
4018,776475,777146,671,ncRNA
4019,778516,788978,10462,gene
4020,788895,788978,83,mRNA
4021,787081,787209,128,mRNA
4022,786192,787026,834,mRNA
4023,783302,783937,635,mRNA
4024,783174,783245,71,mRNA
4025,778516,781669,3153,mRNA
4026,787452,787614,162,mRNA
4027,787081,787209,128,mRNA
4028,786192,787026,834,mRNA
4029,783302,783937,635,mRNA
4030,783174,783245,71,mRNA
4031,778516,781669,3153,mRNA
4032,787081,787146,65,CDS
4033,786192,787026,834,CDS
4034,783302,783937,635,CDS
4035,783174,783245,71,CDS
4036,778827,781669,2842,CDS
4037,787081,787146,65,CDS
4038,786192,787026,834,CDS
4039,783302,783937,635,CDS
4040,783174,783245,71,CDS
4041,778827,781669,2842,CDS
4042,781704,782116,412,mobile_element
4043,782125,782556,431,mobile_element
4044,782557,782708,151,mobile_element
4045,784157,785466,1309,mobile_element
4046,785688,786149,461,mobile_element
4047,788939,796792,7853,mobile_element
4048,796997,797386,389,mobile_element
4049,798184,798296,112,mobile_element
4050,800436,834393,33957,gene
4051,833379,834393,1014,mRNA
4052,827859,827924,65,mRNA
4053,823501,823618,117,mRNA
4054,802398,803327,929,mRNA
4055,800436,802110,1674,mRNA
4056,807186,807347,161,mRNA
4057,802398,803327,929,mRNA
4058,800436,802110,1674,mRNA
4059,807186,807347,161,mRNA
4060,806822,806956,134,mRNA
4061,802398,803327,929,mRNA
4062,800436,802110,1674,mRNA
4063,803846,804080,234,mRNA
4064,802398,803327,929,mRNA
4065,800436,802110,1674,mRNA
4066,823501,823599,98,CDS
4067,802398,803327,929,CDS
4068,801283,802110,827,CDS
4069,802398,803312,914,CDS
4070,801283,802110,827,CDS
4071,802398,803312,914,CDS
4072,801283,802110,827,CDS
4073,802398,803312,914,CDS
4074,801283,802110,827,CDS
4075,803500,803675,175,mobile_element
4076,803697,805316,1619,mobile_element
4077,809217,809377,160,mobile_element
4078,811032,811340,308,mobile_element
4079,815021,816488,1467,mobile_element
4080,816534,816985,451,mobile_element
4081,820014,820196,182,mobile_element
4082,820242,820305,63,mobile_element
4083,822711,823177,466,mobile_element
4084,823383,823439,56,mobile_element
4085,829052,829110,58,mobile_element
4086,836144,836628,484,mobile_element
4087,836677,836746,69,mobile_element
4088,836986,844529,7543,gene
4089,844292,844529,237,mRNA
4090,836986,839071,2085,mRNA
4091,837209,839008,1799,CDS
4092,839461,839551,90,mobile_element
4093,839626,839915,289,mobile_element
4094,839998,841725,1727,mobile_element
4095,841742,842695,953,mobile_element
4096,842836,842968,132,mobile_element
4097,843274,843973,699,gene
4098,843274,843973,699,exon
4099,845262,845612,350,mobile_element
4100,846660,846948,288,mobile_element
4101,847607,847675,68,mobile_element
4102,847676,849074,1398,mobile_element
4103,849598,849674,76,mobile_element
4104,851174,851624,450,gene
4105,851174,851624,450,ncRNA
4106,853557,867025,13468,gene
4107,866976,867025,49,mRNA
4108,865931,866294,363,mRNA
4109,865702,865872,170,mRNA
4110,865348,865642,294,mRNA
4111,861793,864411,2618,mRNA
4112,860440,861387,947,mRNA
4113,860307,860381,74,mRNA
4114,855686,855840,154,mRNA
4115,855256,855635,379,mRNA
4116,853557,853767,210,mRNA
4117,854185,854279,94,mobile_element
4118,866976,867025,49,mRNA
4119,865931,866294,363,mRNA
4120,865702,865851,149,mRNA
4121,865348,865642,294,mRNA
4122,861793,864411,2618,mRNA
4123,860440,861387,947,mRNA
4124,860307,860381,74,mRNA
4125,855686,855840,154,mRNA
4126,855400,855635,235,mRNA
4127,866970,867025,55,mRNA
4128,865931,866294,363,mRNA
4129,865702,865851,149,mRNA
4130,865348,865642,294,mRNA
4131,861793,864411,2618,mRNA
4132,860440,861387,947,mRNA
4133,860307,860381,74,mRNA
4134,855686,855840,154,mRNA
4135,855400,855635,235,mRNA
4136,866970,867025,55,mRNA
4137,865931,866294,363,mRNA
4138,865702,865872,170,mRNA
4139,865348,865642,294,mRNA
4140,861793,864411,2618,mRNA
4141,860440,861387,947,mRNA
4142,860307,860381,74,mRNA
4143,855686,855840,154,mRNA
4144,855400,855635,235,mRNA
4145,865931,866266,335,CDS
4146,865702,865851,149,CDS
4147,865348,865642,294,CDS
4148,861793,864411,2618,CDS
4149,860440,861387,947,CDS
4150,860307,860381,74,CDS
4151,855686,855840,154,CDS
4152,855510,855635,125,CDS
4153,865931,866266,335,CDS
4154,865702,865851,149,CDS
4155,865348,865642,294,CDS
4156,861793,864411,2618,CDS
4157,860440,861387,947,CDS
4158,860307,860381,74,CDS
4159,855686,855840,154,CDS
4160,855510,855635,125,CDS
4161,865931,866266,335,CDS
4162,865702,865872,170,CDS
4163,865348,865642,294,CDS
4164,861793,864411,2618,CDS
4165,860440,861387,947,CDS
4166,860307,860381,74,CDS
4167,855686,855840,154,CDS
4168,855510,855635,125,CDS
4169,865931,866266,335,CDS
4170,865702,865872,170,CDS
4171,865348,865642,294,CDS
4172,861793,864411,2618,CDS
4173,860440,861387,947,CDS
4174,860307,860381,74,CDS
4175,855686,855840,154,CDS
4176,855510,855635,125,CDS
4177,856261,856571,310,mobile_element
4178,857231,857387,156,mobile_element
4179,857388,860107,2719,mobile_element
4180,857744,858854,1110,mobile_element
4181,860109,860249,140,mobile_element
4182,867209,867262,53,mobile_element
4183,867824,912331,44507,gene
4184,903633,904026,393,mRNA
4185,903337,903471,134,mRNA
4186,898393,903282,4889,mRNA
4187,885760,885891,131,mRNA
4188,883567,883641,74,mRNA
4189,883143,883362,219,mRNA
4190,882961,883081,120,mRNA
4191,881843,881949,106,mRNA
4192,878851,878992,141,mRNA
4193,876870,877194,324,mRNA
4194,876517,876789,272,mRNA
4195,876296,876454,158,mRNA
4196,876114,876239,125,mRNA
4197,875543,875710,167,mRNA
4198,875203,875484,281,mRNA
4199,874246,874467,221,mRNA
4200,873994,874160,166,mRNA
4201,873635,873926,291,mRNA
4202,873214,873571,357,mRNA
4203,872127,872225,98,mRNA
4204,871912,872074,162,mRNA
4205,871720,871846,126,mRNA
4206,867824,871654,3830,mRNA
4207,867824,871426,3602,gene
4208,867824,868026,202,ncRNA
4209,868102,871426,3324,ncRNA
4210,870072,870392,320,mobile_element
4211,912187,912331,144,mRNA
4212,909079,909184,105,mRNA
4213,907620,907924,304,mRNA
4214,907074,907550,476,mRNA
4215,906028,906997,969,mRNA
4216,904361,905963,1602,mRNA
4217,903337,903471,134,mRNA
4218,898393,903282,4889,mRNA
4219,885760,885891,131,mRNA
4220,883567,883641,74,mRNA
4221,883143,883362,219,mRNA
4222,882961,883081,120,mRNA
4223,882617,882723,106,mRNA
4224,878851,878992,141,mRNA
4225,876870,877194,324,mRNA
4226,876517,876789,272,mRNA
4227,876296,876454,158,mRNA
4228,876114,876239,125,mRNA
4229,875543,875710,167,mRNA
4230,875203,875484,281,mRNA
4231,874246,874467,221,mRNA
4232,873994,874160,166,mRNA
4233,873635,873926,291,mRNA
4234,873214,873571,357,mRNA
4235,872127,872225,98,mRNA
4236,871912,872074,162,mRNA
4237,871720,871846,126,mRNA
4238,870930,871654,724,mRNA
4239,904361,904821,460,mRNA
4240,903337,903471,134,mRNA
4241,902826,903282,456,mRNA
4242,902307,902582,275,mRNA
4243,898393,902234,3841,mRNA
4244,885760,885891,131,mRNA
4245,885454,885462,8,mRNA
4246,884046,884120,74,mRNA
4247,883567,883641,74,mRNA
4248,883143,883362,219,mRNA
4249,882961,883081,120,mRNA
4250,876870,877194,324,mRNA
4251,876517,876789,272,mRNA
4252,876296,876454,158,mRNA
4253,876114,876239,125,mRNA
4254,875543,875710,167,mRNA
4255,875203,875484,281,mRNA
4256,874246,874467,221,mRNA
4257,873994,874160,166,mRNA
4258,873635,873926,291,mRNA
4259,873214,873571,357,mRNA
4260,872127,872225,98,mRNA
4261,871912,872074,162,mRNA
4262,871720,871846,126,mRNA
4263,870930,871654,724,mRNA
4264,904361,904821,460,mRNA
4265,903337,903471,134,mRNA
4266,898393,903282,4889,mRNA
4267,885760,885891,131,mRNA
4268,883567,883641,74,mRNA
4269,883143,883362,219,mRNA
4270,882961,883081,120,mRNA
4271,881843,881949,106,mRNA
4272,878851,878992,141,mRNA
4273,876870,877194,324,mRNA
4274,876517,876789,272,mRNA
4275,876296,876454,158,mRNA
4276,876114,876239,125,mRNA
4277,875543,875710,167,mRNA
4278,875203,875484,281,mRNA
4279,874246,874467,221,mRNA
4280,873994,874160,166,mRNA
4281,873635,873926,291,mRNA
4282,873214,873571,357,mRNA
4283,872127,872225,98,mRNA
4284,871912,872074,162,mRNA
4285,871720,871846,126,mRNA
4286,870930,871654,724,mRNA
4287,904361,904821,460,mRNA
4288,903337,903471,134,mRNA
4289,898393,903282,4889,mRNA
4290,885760,885891,131,mRNA
4291,885454,885462,8,mRNA
4292,883567,883641,74,mRNA
4293,883143,883362,219,mRNA
4294,882961,883081,120,mRNA
4295,882617,882723,106,mRNA
4296,878851,878992,141,mRNA
4297,876870,877194,324,mRNA
4298,876517,876789,272,mRNA
4299,876296,876454,158,mRNA
4300,876114,876239,125,mRNA
4301,875543,875710,167,mRNA
4302,875203,875484,281,mRNA
4303,874246,874467,221,mRNA
4304,873994,874160,166,mRNA
4305,873635,873926,291,mRNA
4306,873214,873571,357,mRNA
4307,872127,872225,98,mRNA
4308,871912,872074,162,mRNA
4309,871720,871846,126,mRNA
4310,870930,871654,724,mRNA
4311,893505,893565,60,mRNA
4312,892894,892949,55,mRNA
4313,886965,892840,5875,mRNA
4314,885760,885891,131,mRNA
4315,883567,883641,74,mRNA
4316,883143,883362,219,mRNA
4317,882961,883081,120,mRNA
4318,882617,882723,106,mRNA
4319,878851,878992,141,mRNA
4320,876870,877194,324,mRNA
4321,876517,876789,272,mRNA
4322,876296,876454,158,mRNA
4323,876114,876239,125,mRNA
4324,875543,875710,167,mRNA
4325,875203,875484,281,mRNA
4326,874246,874467,221,mRNA
4327,873994,874160,166,mRNA
4328,873635,873926,291,mRNA
4329,873214,873571,357,mRNA
4330,872127,872225,98,mRNA
4331,871912,872074,162,mRNA
4332,871720,871846,126,mRNA
4333,870930,871654,724,mRNA
4334,893505,893565,60,mRNA
4335,892894,892949,55,mRNA
4336,886965,892840,5875,mRNA
4337,885760,885891,131,mRNA
4338,885454,885462,8,mRNA
4339,883567,883641,74,mRNA
4340,883143,883362,219,mRNA
4341,882961,883081,120,mRNA
4342,882617,882723,106,mRNA
4343,878851,878992,141,mRNA
4344,876870,877194,324,mRNA
4345,876517,876789,272,mRNA
4346,876296,876454,158,mRNA
4347,876114,876239,125,mRNA
4348,875543,875710,167,mRNA
4349,875203,875484,281,mRNA
4350,874246,874467,221,mRNA
4351,873994,874160,166,mRNA
4352,873635,873926,291,mRNA
4353,873214,873571,357,mRNA
4354,872127,872225,98,mRNA
4355,871912,872074,162,mRNA
4356,871720,871846,126,mRNA
4357,870930,871654,724,mRNA
4358,903337,903342,5,CDS
4359,902826,903282,456,CDS
4360,902307,902582,275,CDS
4361,898393,902234,3841,CDS
4362,885760,885891,131,CDS
4363,885454,885462,8,CDS
4364,884046,884120,74,CDS
4365,883567,883641,74,CDS
4366,883143,883362,219,CDS
4367,882961,883081,120,CDS
4368,876870,877194,324,CDS
4369,876517,876789,272,CDS
4370,876296,876454,158,CDS
4371,876114,876239,125,CDS
4372,875543,875710,167,CDS
4373,875203,875484,281,CDS
4374,874246,874467,221,CDS
4375,873994,874160,166,CDS
4376,873635,873926,291,CDS
4377,873214,873571,357,CDS
4378,872127,872225,98,CDS
4379,871912,872074,162,CDS
4380,871720,871846,126,CDS
4381,871493,871654,161,CDS
4382,903337,903342,5,CDS
4383,898393,903282,4889,CDS
4384,885760,885891,131,CDS
4385,883567,883641,74,CDS
4386,883143,883362,219,CDS
4387,882961,883081,120,CDS
4388,881843,881949,106,CDS
4389,878851,878992,141,CDS
4390,876870,877194,324,CDS
4391,876517,876789,272,CDS
4392,876296,876454,158,CDS
4393,876114,876239,125,CDS
4394,875543,875710,167,CDS
4395,875203,875484,281,CDS
4396,874246,874467,221,CDS
4397,873994,874160,166,CDS
4398,873635,873926,291,CDS
4399,873214,873571,357,CDS
4400,872127,872225,98,CDS
4401,871912,872074,162,CDS
4402,871720,871846,126,CDS
4403,871493,871654,161,CDS
4404,903337,903342,5,CDS
4405,898393,903282,4889,CDS
4406,885760,885891,131,CDS
4407,883567,883641,74,CDS
4408,883143,883362,219,CDS
4409,882961,883081,120,CDS
4410,881843,881949,106,CDS
4411,878851,878992,141,CDS
4412,876870,877194,324,CDS
4413,876517,876789,272,CDS
4414,876296,876454,158,CDS
4415,876114,876239,125,CDS
4416,875543,875710,167,CDS
4417,875203,875484,281,CDS
4418,874246,874467,221,CDS
4419,873994,874160,166,CDS
4420,873635,873926,291,CDS
4421,873214,873571,357,CDS
4422,872127,872225,98,CDS
4423,871912,872074,162,CDS
4424,871720,871846,126,CDS
4425,871493,871654,161,CDS
4426,903337,903342,5,CDS
4427,898393,903282,4889,CDS
4428,885760,885891,131,CDS
4429,883567,883641,74,CDS
4430,883143,883362,219,CDS
4431,882961,883081,120,CDS
4432,882617,882723,106,CDS
4433,878851,878992,141,CDS
4434,876870,877194,324,CDS
4435,876517,876789,272,CDS
4436,876296,876454,158,CDS
4437,876114,876239,125,CDS
4438,875543,875710,167,CDS
4439,875203,875484,281,CDS
4440,874246,874467,221,CDS
4441,873994,874160,166,CDS
4442,873635,873926,291,CDS
4443,873214,873571,357,CDS
4444,872127,872225,98,CDS
4445,871912,872074,162,CDS
4446,871720,871846,126,CDS
4447,871493,871654,161,CDS
4448,903337,903342,5,CDS
4449,898393,903282,4889,CDS
4450,885760,885891,131,CDS
4451,885454,885462,8,CDS
4452,883567,883641,74,CDS
4453,883143,883362,219,CDS
4454,882961,883081,120,CDS
4455,882617,882723,106,CDS
4456,878851,878992,141,CDS
4457,876870,877194,324,CDS
4458,876517,876789,272,CDS
4459,876296,876454,158,CDS
4460,876114,876239,125,CDS
4461,875543,875710,167,CDS
4462,875203,875484,281,CDS
4463,874246,874467,221,CDS
4464,873994,874160,166,CDS
4465,873635,873926,291,CDS
4466,873214,873571,357,CDS
4467,872127,872225,98,CDS
4468,871912,872074,162,CDS
4469,871720,871846,126,CDS
4470,871493,871654,161,CDS
4471,886965,892796,5831,CDS
4472,885760,885891,131,CDS
4473,883567,883641,74,CDS
4474,883143,883362,219,CDS
4475,882961,883081,120,CDS
4476,882617,882723,106,CDS
4477,878851,878992,141,CDS
4478,876870,877194,324,CDS
4479,876517,876789,272,CDS
4480,876296,876454,158,CDS
4481,876114,876239,125,CDS
4482,875543,875710,167,CDS
4483,875203,875484,281,CDS
4484,874246,874467,221,CDS
4485,873994,874160,166,CDS
4486,873635,873926,291,CDS
4487,873214,873571,357,CDS
4488,872127,872225,98,CDS
4489,871912,872074,162,CDS
4490,871720,871846,126,CDS
4491,871493,871654,161,CDS
4492,886965,892796,5831,CDS
4493,885760,885891,131,CDS
4494,885454,885462,8,CDS
4495,883567,883641,74,CDS
4496,883143,883362,219,CDS
4497,882961,883081,120,CDS
4498,882617,882723,106,CDS
4499,878851,878992,141,CDS
4500,876870,877194,324,CDS
4501,876517,876789,272,CDS
4502,876296,876454,158,CDS
4503,876114,876239,125,CDS
4504,875543,875710,167,CDS
4505,875203,875484,281,CDS
4506,874246,874467,221,CDS
4507,873994,874160,166,CDS
4508,873635,873926,291,CDS
4509,873214,873571,357,CDS
4510,872127,872225,98,CDS
4511,871912,872074,162,CDS
4512,871720,871846,126,CDS
4513,871493,871654,161,CDS
4514,872278,872325,47,mobile_element
4515,875879,875957,78,mobile_element
4516,877389,877627,238,mobile_element
4517,879374,884752,5378,gene
4518,879374,884752,5378,ncRNA
4519,881471,883402,1931,ncRNA
4520,885010,885104,94,mobile_element
4521,886194,886527,333,mobile_element
4522,886620,886671,51,mobile_element
4523,894624,895820,1196,mobile_element
4524,896116,896196,80,mobile_element
4525,897739,897876,137,mobile_element
4526,905179,907924,2745,gene
4527,905179,905578,399,exon
4528,906135,907100,965,mobile_element
4529,906894,907047,153,exon
4530,907115,907924,809,exon
4531,907816,907886,70,mobile_element
4532,907917,908992,1075,mobile_element
4533,909276,909422,146,mobile_element
4534,909969,910390,421,mobile_element
4535,910399,913480,3081,mobile_element
4536,914539,914853,314,mobile_element
4537,915297,930715,15418,gene
4538,930512,930715,203,mRNA
4539,930080,930131,51,mRNA
4540,929822,930023,201,mRNA
4541,926011,926661,650,mRNA
4542,925768,925948,180,mRNA
4543,925575,925686,111,mRNA
4544,925083,925138,55,mRNA
4545,918903,921199,2296,mRNA
4546,918536,918776,240,mRNA
4547,918324,918481,157,mRNA
4548,917275,917743,468,mRNA
4549,916867,917090,223,mRNA
4550,916121,916267,146,mRNA
4551,915837,916059,222,mRNA
4552,915617,915718,101,mRNA
4553,915297,915553,256,mRNA
4554,930512,930715,203,mRNA
4555,930080,930131,51,mRNA
4556,929822,930023,201,mRNA
4557,927393,928151,758,mRNA
4558,926011,926661,650,mRNA
4559,925768,925948,180,mRNA
4560,925575,925686,111,mRNA
4561,925083,925138,55,mRNA
4562,918903,921199,2296,mRNA
4563,918536,918776,240,mRNA
4564,918324,918481,157,mRNA
4565,917275,917743,468,mRNA
4566,916867,917090,223,mRNA
4567,916121,916267,146,mRNA
4568,915837,916059,222,mRNA
4569,915617,915718,101,mRNA
4570,915297,915553,256,mRNA
4571,930282,930715,433,mRNA
4572,930080,930131,51,mRNA
4573,929822,930023,201,mRNA
4574,926011,926661,650,mRNA
4575,925768,925948,180,mRNA
4576,925575,925686,111,mRNA
4577,925083,925138,55,mRNA
4578,918903,921199,2296,mRNA
4579,918536,918776,240,mRNA
4580,918324,918481,157,mRNA
4581,917275,917743,468,mRNA
4582,916867,917090,223,mRNA
4583,916121,916267,146,mRNA
4584,915837,916059,222,mRNA
4585,915617,915718,101,mRNA
4586,915297,915553,256,mRNA
4587,929822,929899,77,CDS
4588,926011,926661,650,CDS
4589,925768,925948,180,CDS
4590,925575,925686,111,CDS
4591,925083,925138,55,CDS
4592,918903,921199,2296,CDS
4593,918536,918776,240,CDS
4594,918324,918481,157,CDS
4595,917275,917743,468,CDS
4596,916867,917090,223,CDS
4597,916121,916267,146,CDS
4598,915837,916059,222,CDS
4599,915617,915718,101,CDS
4600,915492,915553,61,CDS
4601,929822,929899,77,CDS
4602,926011,926661,650,CDS
4603,925768,925948,180,CDS
4604,925575,925686,111,CDS
4605,925083,925138,55,CDS
4606,918903,921199,2296,CDS
4607,918536,918776,240,CDS
4608,918324,918481,157,CDS
4609,917275,917743,468,CDS
4610,916867,917090,223,CDS
4611,916121,916267,146,CDS
4612,915837,916059,222,CDS
4613,915617,915718,101,CDS
4614,915492,915553,61,CDS
4615,929822,929899,77,CDS
4616,927393,928151,758,CDS
4617,926011,926661,650,CDS
4618,925768,925948,180,CDS
4619,925575,925686,111,CDS
4620,925083,925138,55,CDS
4621,918903,921199,2296,CDS
4622,918536,918776,240,CDS
4623,918324,918481,157,CDS
4624,917275,917743,468,CDS
4625,916867,917090,223,CDS
4626,916121,916267,146,CDS
4627,915837,916059,222,CDS
4628,915617,915718,101,CDS
4629,915492,915553,61,CDS
4630,916445,916597,152,mobile_element
4631,916646,916770,124,mobile_element
4632,921371,921870,499,mobile_element
4633,924020,924378,358,mobile_element
4634,931277,934526,3249,mobile_element
4635,934589,935627,1038,mobile_element
4636,936819,949441,12622,gene
4637,936819,936929,110,mRNA
4638,938332,939117,785,mRNA
4639,940174,940717,543,mRNA
4640,942767,943020,253,mRNA
4641,943103,943209,106,mRNA
4642,943548,943673,125,mRNA
4643,943734,944253,519,mRNA
4644,944306,944601,295,mRNA
4645,946225,949441,3216,mRNA
4646,936819,936929,110,mRNA
4647,938332,939117,785,mRNA
4648,940174,940717,543,mRNA
4649,942767,943020,253,mRNA
4650,943103,943209,106,mRNA
4651,943548,943673,125,mRNA
4652,943734,944253,519,mRNA
4653,944306,944601,295,mRNA
4654,946225,946825,600,mRNA
4655,936819,936929,110,mRNA
4656,938332,939117,785,mRNA
4657,942767,943020,253,mRNA
4658,943103,943209,106,mRNA
4659,943548,943673,125,mRNA
4660,943734,944253,519,mRNA
4661,944306,944601,295,mRNA
4662,946225,946825,600,mRNA
4663,936819,936929,110,mRNA
4664,938332,939117,785,mRNA
4665,940174,940717,543,mRNA
4666,942767,943020,253,mRNA
4667,943103,943673,570,mRNA
4668,943734,944486,752,mRNA
4669,937640,938062,422,mobile_element
4670,938147,938265,118,mobile_element
4671,938430,939117,687,CDS
4672,940174,940717,543,CDS
4673,942767,943020,253,CDS
4674,943103,943209,106,CDS
4675,943548,943673,125,CDS
4676,943734,944253,519,CDS
4677,944306,944601,295,CDS
4678,946225,946620,395,CDS
4679,938430,939117,687,CDS
4680,940174,940717,543,CDS
4681,942767,943020,253,CDS
4682,943103,943209,106,CDS
4683,943548,943673,125,CDS
4684,943734,944253,519,CDS
4685,944306,944601,295,CDS
4686,946225,946620,395,CDS
4687,938430,939117,687,CDS
4688,940174,940717,543,CDS
4689,942767,943020,253,CDS
4690,943103,943218,115,CDS
4691,938430,939117,687,CDS
4692,942767,943005,238,CDS
4693,939197,939335,138,mobile_element
4694,939882,940079,197,mobile_element
4695,941204,941332,128,mobile_element
4696,942096,942253,157,mobile_element
4697,944847,945125,278,mobile_element
4698,947634,947690,56,mobile_element
4699,949786,950359,573,mobile_element
4700,950360,951197,837,mobile_element
4701,951542,958392,6850,gene
4702,958314,958392,78,mRNA
4703,958006,958123,117,mRNA
4704,956545,957889,1344,mRNA
4705,954921,955050,129,mRNA
4706,954489,954863,374,mRNA
4707,954020,954226,206,mRNA
4708,953513,953899,386,mRNA
4709,952138,952461,323,mRNA
4710,951542,952077,535,mRNA
4711,958289,958392,103,mRNA
4712,958006,958123,117,mRNA
4713,956545,957889,1344,mRNA
4714,954921,955050,129,mRNA
4715,954489,954863,374,mRNA
4716,954020,954226,206,mRNA
4717,953513,953899,386,mRNA
4718,952138,952461,323,mRNA
4719,951542,952077,535,mRNA
4720,958006,958392,386,mRNA
4721,956545,957889,1344,mRNA
4722,954921,955050,129,mRNA
4723,954489,954863,374,mRNA
4724,954020,954226,206,mRNA
4725,953513,953899,386,mRNA
4726,952138,952461,323,mRNA
4727,951542,952077,535,mRNA
4728,958006,958170,164,mRNA
4729,956545,957889,1344,mRNA
4730,954921,955050,129,mRNA
4731,954489,954863,374,mRNA
4732,954020,954226,206,mRNA
4733,953513,953806,293,mRNA
4734,952138,952461,323,mRNA
4735,951542,952077,535,mRNA
4736,958006,958031,25,CDS
4737,956545,957889,1344,CDS
4738,954921,955050,129,CDS
4739,954489,954863,374,CDS
4740,954020,954226,206,CDS
4741,953513,953806,293,CDS
4742,952138,952461,323,CDS
4743,951839,952077,238,CDS
4744,958006,958031,25,CDS
4745,956545,957889,1344,CDS
4746,954921,955050,129,CDS
4747,954489,954863,374,CDS
4748,954020,954226,206,CDS
4749,953513,953899,386,CDS
4750,952138,952461,323,CDS
4751,951839,952077,238,CDS
4752,958006,958031,25,CDS
4753,956545,957889,1344,CDS
4754,954921,955050,129,CDS
4755,954489,954863,374,CDS
4756,954020,954226,206,CDS
4757,953513,953899,386,CDS
4758,952138,952461,323,CDS
4759,951839,952077,238,CDS
4760,958006,958031,25,CDS
4761,956545,957889,1344,CDS
4762,954921,955050,129,CDS
4763,954489,954863,374,CDS
4764,954020,954226,206,CDS
4765,953513,953899,386,CDS
4766,952138,952461,323,CDS
4767,951839,952077,238,CDS
4768,952876,953086,210,mobile_element
4769,953151,953198,47,mobile_element
4770,953199,953247,48,mobile_element
4771,955139,956342,1203,mobile_element
4772,955249,956200,951,mobile_element
4773,959224,959434,210,gene
4774,959224,959434,210,ncRNA
4775,959675,962692,3017,gene
4776,959675,960038,363,ncRNA
4777,962251,962347,96,ncRNA
4778,962401,962692,291,ncRNA
4779,959675,960038,363,ncRNA
4780,962251,962347,96,ncRNA
4781,962404,962692,288,ncRNA
4782,959675,959846,171,ncRNA
4783,962404,962692,288,ncRNA
4784,960196,961328,1132,mobile_element
4785,962341,978489,16148,gene
4786,978207,978489,282,mRNA
4787,972038,972138,100,mRNA
4788,964172,965639,1467,mRNA
4789,963721,964118,397,mRNA
4790,962341,962728,387,mRNA
4791,975887,976035,148,mRNA
4792,975699,975773,74,mRNA
4793,975105,975560,455,mRNA
4794,972609,972667,58,mRNA
4795,972038,972138,100,mRNA
4796,964172,965639,1467,mRNA
4797,963721,964118,397,mRNA
4798,962341,962728,387,mRNA
4799,969256,969374,118,mRNA
4800,968927,969150,223,mRNA
4801,964172,965639,1467,mRNA
4802,963721,964118,397,mRNA
4803,962341,962728,387,mRNA
4804,972038,972130,92,CDS
4805,964172,965639,1467,CDS
4806,963721,964118,397,CDS
4807,962375,962728,353,CDS
4808,972038,972130,92,CDS
4809,964172,965639,1467,CDS
4810,963721,964118,397,CDS
4811,962375,962728,353,CDS
4812,968927,969001,74,CDS
4813,964172,965639,1467,CDS
4814,963721,964118,397,CDS
4815,962375,962728,353,CDS
4816,963064,963420,356,mobile_element
4817,965725,966718,993,mobile_element
4818,967193,967339,146,mobile_element
4819,968778,970213,1435,mobile_element
4820,970293,970412,119,mobile_element
4821,971090,971131,41,mobile_element
4822,971213,971521,308,mobile_element
4823,972812,972906,94,mobile_element
4824,974003,974320,317,mobile_element
4825,975168,977261,2093,gene
4826,975168,975906,738,ncRNA
4827,976766,977261,495,ncRNA
4828,975168,975562,394,ncRNA
4829,976766,977261,495,ncRNA
4830,975168,975810,642,ncRNA
4831,976586,976791,205,mobile_element
4832,976795,977261,466,ncRNA
4833,977342,977670,328,mobile_element
4834,979182,979529,347,mobile_element
4835,980272,980722,450,mobile_element
4836,982000,982431,431,mobile_element
4837,984105,984627,522,mobile_element
4838,987470,987529,59,mobile_element
4839,987907,988243,336,mobile_element
4840,989725,1007922,18197,gene
4841,989725,990502,777,mRNA
4842,992066,992246,180,mRNA
4843,996512,996749,237,mRNA
4844,997707,997883,176,mRNA
4845,998623,998693,70,mRNA
4846,1004158,1004373,215,mRNA
4847,1004470,1004618,148,mRNA
4848,1005807,1006009,202,mRNA
4849,1006066,1007922,1856,mRNA
4850,989725,990502,777,mRNA
4851,992066,992246,180,mRNA
4852,996512,996749,237,mRNA
4853,997707,997883,176,mRNA
4854,998623,998705,82,mRNA
4855,1004158,1004412,254,mRNA
4856,1004470,1004618,148,mRNA
4857,1005807,1006009,202,mRNA
4858,1006066,1006288,222,mRNA
4859,990252,990502,250,CDS
4860,992066,992246,180,CDS
4861,996512,996749,237,CDS
4862,997707,997883,176,CDS
4863,998623,998705,82,CDS
4864,1004158,1004412,254,CDS
4865,1004470,1004618,148,CDS
4866,1005807,1006009,202,CDS
4867,1006066,1006160,94,CDS
4868,990252,990502,250,CDS
4869,992066,992246,180,CDS
4870,996512,996749,237,CDS
4871,997707,997883,176,CDS
4872,998623,998693,70,CDS
4873,1004158,1004373,215,CDS
4874,1004470,1004618,148,CDS
4875,1005807,1006009,202,CDS
4876,1006066,1006160,94,CDS
4877,990777,991087,310,mobile_element
4878,994063,994118,55,mobile_element
4879,994290,994374,84,mobile_element
4880,994847,994946,99,mobile_element
4881,995442,995666,224,mobile_element
4882,995978,996018,40,mobile_element
4883,999149,999513,364,mobile_element
4884,999517,1001425,1908,mobile_element
4885,999638,1000846,1208,mobile_element
4886,1001904,1002000,96,mobile_element
4887,1002983,1003518,535,mobile_element
4888,1003665,1003870,205,mobile_element
4889,1004775,1004848,73,mobile_element
4890,1004981,1005415,434,mobile_element
4891,1007784,1007977,193,mobile_element
4892,1009895,1027101,17206,gene
4893,1026770,1027101,331,mRNA
4894,1022242,1023680,1438,mRNA
4895,1018770,1020015,1245,mRNA
4896,1016376,1018709,2333,mRNA
4897,1015425,1015620,195,mRNA
4898,1014966,1015301,335,mRNA
4899,1014778,1014908,130,mRNA
4900,1014583,1014728,145,mRNA
4901,1014318,1014526,208,mRNA
4902,1009895,1013768,3873,mRNA
4903,1010988,1011506,518,mobile_element
4904,1026963,1027101,138,mRNA
4905,1018770,1020015,1245,mRNA
4906,1016376,1018709,2333,mRNA
4907,1015425,1015620,195,mRNA
4908,1014966,1015352,386,mRNA
4909,1014778,1014908,130,mRNA
4910,1014583,1014728,145,mRNA
4911,1014318,1014526,208,mRNA
4912,1013404,1013768,364,mRNA
4913,1026963,1027101,138,mRNA
4914,1022242,1023680,1438,mRNA
4915,1018770,1020015,1245,mRNA
4916,1016376,1018709,2333,mRNA
4917,1015425,1015620,195,mRNA
4918,1014966,1015352,386,mRNA
4919,1014778,1014908,130,mRNA
4920,1014583,1014728,145,mRNA
4921,1014318,1014526,208,mRNA
4922,1013404,1013768,364,mRNA
4923,1027007,1027101,94,mRNA
4924,1026216,1026535,319,mRNA
4925,1018770,1020015,1245,mRNA
4926,1016376,1018709,2333,mRNA
4927,1015425,1015620,195,mRNA
4928,1014966,1015352,386,mRNA
4929,1014778,1014908,130,mRNA
4930,1014583,1014728,145,mRNA
4931,1014318,1014526,208,mRNA
4932,1013633,1013768,135,mRNA
4933,1013961,1014084,123,mobile_element
4934,1022242,1023471,1229,CDS
4935,1018770,1020015,1245,CDS
4936,1016376,1018709,2333,CDS
4937,1015425,1015620,195,CDS
4938,1014966,1015301,335,CDS
4939,1014778,1014908,130,CDS
4940,1014583,1014728,145,CDS
4941,1014359,1014526,167,CDS
4942,1022242,1023471,1229,CDS
4943,1018770,1020015,1245,CDS
4944,1016376,1018709,2333,CDS
4945,1015425,1015620,195,CDS
4946,1014966,1015352,386,CDS
4947,1014778,1014908,130,CDS
4948,1014583,1014728,145,CDS
4949,1014359,1014526,167,CDS
4950,1018770,1019925,1155,CDS
4951,1016376,1018709,2333,CDS
4952,1015425,1015620,195,CDS
4953,1014966,1015352,386,CDS
4954,1014778,1014908,130,CDS
4955,1014583,1014728,145,CDS
4956,1014359,1014526,167,CDS
4957,1018770,1019925,1155,CDS
4958,1016376,1018709,2333,CDS
4959,1015425,1015620,195,CDS
4960,1014966,1015352,386,CDS
4961,1014778,1014908,130,CDS
4962,1014583,1014728,145,CDS
4963,1014359,1014526,167,CDS
4964,1020299,1020618,319,mobile_element
4965,1020703,1021022,319,mobile_element
4966,1021156,1021333,177,mobile_element
4967,1023738,1025027,1289,mobile_element
4968,1023886,1024763,877,mobile_element
4969,1025264,1025879,615,mobile_element
4970,1027863,1029359,1496,gene
4971,1027863,1027882,19,ncRNA
4972,1028710,1029359,649,ncRNA
4973,1028281,1028328,47,ncRNA
4974,1028710,1029359,649,ncRNA
4975,1028675,1029361,686,gene
4976,1028675,1029361,686,mRNA
4977,1028743,1029249,506,CDS
4978,1029711,1031757,2046,gene
4979,1031595,1031757,162,mRNA
4980,1029711,1030777,1066,mRNA
4981,1031552,1031676,124,mRNA
4982,1029711,1030777,1066,mRNA
4983,1029711,1030975,1264,mRNA
4984,1029971,1030810,839,CDS
4985,1029971,1030753,782,CDS
4986,1029971,1030753,782,CDS
4987,1031278,1031394,116,mobile_element
4988,1031484,1034917,3433,gene
4989,1031484,1031742,258,mRNA
4990,1031803,1031953,150,mRNA
4991,1032889,1033218,329,mRNA
4992,1033272,1034557,1285,mRNA
4993,1031864,1031953,89,mRNA
4994,1032907,1033218,311,mRNA
4995,1033272,1034917,1645,mRNA
4996,1031864,1031953,89,mRNA
4997,1032907,1033218,311,mRNA
4998,1033272,1034557,1285,mRNA
4999,1031890,1031953,63,CDS
5000,1032889,1033218,329,CDS
5001,1033272,1034413,1141,CDS
5002,1031890,1031953,63,CDS
5003,1032907,1033218,311,CDS
5004,1033272,1034413,1141,CDS
5005,1031890,1031953,63,CDS
5006,1032907,1033218,311,CDS
5007,1033272,1034413,1141,CDS
5008,1035288,1053703,18415,gene
5009,1053498,1053703,205,mRNA
5010,1050455,1050609,154,mRNA
5011,1050298,1050392,94,mRNA
5012,1049187,1049246,59,mRNA
5013,1048504,1048558,54,mRNA
5014,1047823,1048148,325,mRNA
5015,1047635,1047729,94,mRNA
5016,1047453,1047575,122,mRNA
5017,1047264,1047390,126,mRNA
5018,1045156,1045248,92,mRNA
5019,1038359,1038434,75,mRNA
5020,1037646,1037740,94,mRNA
5021,1037476,1037569,93,mRNA
5022,1035288,1037422,2134,mRNA
5023,1053498,1053703,205,mRNA
5024,1050455,1050609,154,mRNA
5025,1050298,1050392,94,mRNA
5026,1049187,1049246,59,mRNA
5027,1048504,1048558,54,mRNA
5028,1047823,1048148,325,mRNA
5029,1047635,1047729,94,mRNA
5030,1047453,1047575,122,mRNA
5031,1047264,1047390,126,mRNA
5032,1045156,1045248,92,mRNA
5033,1038359,1038437,78,mRNA
5034,1037646,1037740,94,mRNA
5035,1037476,1037590,114,mRNA
5036,1035288,1037422,2134,mRNA
5037,1053498,1053703,205,mRNA
5038,1050455,1050609,154,mRNA
5039,1050298,1050392,94,mRNA
5040,1049187,1049246,59,mRNA
5041,1048504,1048558,54,mRNA
5042,1047823,1048148,325,mRNA
5043,1047635,1047729,94,mRNA
5044,1047453,1047575,122,mRNA
5045,1047264,1047390,126,mRNA
5046,1045156,1045248,92,mRNA
5047,1040013,1040078,65,mRNA
5048,1038359,1038434,75,mRNA
5049,1037646,1037740,94,mRNA
5050,1037476,1037569,93,mRNA
5051,1035288,1037422,2134,mRNA
5052,1053498,1053703,205,mRNA
5053,1050455,1050609,154,mRNA
5054,1050298,1050392,94,mRNA
5055,1049187,1049246,59,mRNA
5056,1048504,1048558,54,mRNA
5057,1047823,1048148,325,mRNA
5058,1047635,1047729,94,mRNA
5059,1047453,1047575,122,mRNA
5060,1047264,1047390,126,mRNA
5061,1045156,1045248,92,mRNA
5062,1043468,1043521,53,mRNA
5063,1040013,1040078,65,mRNA
5064,1038359,1038434,75,mRNA
5065,1037646,1037740,94,mRNA
5066,1037476,1037569,93,mRNA
5067,1035288,1037422,2134,mRNA
5068,1053498,1053703,205,mRNA
5069,1050455,1050609,154,mRNA
5070,1050298,1050392,94,mRNA
5071,1049187,1049246,59,mRNA
5072,1048504,1048558,54,mRNA
5073,1047823,1048148,325,mRNA
5074,1047635,1047729,94,mRNA
5075,1047453,1047575,122,mRNA
5076,1047264,1047390,126,mRNA
5077,1045156,1045248,92,mRNA
5078,1043468,1043524,56,mRNA
5079,1038359,1038437,78,mRNA
5080,1037646,1037740,94,mRNA
5081,1037476,1037590,114,mRNA
5082,1035288,1037422,2134,mRNA
5083,1053498,1053703,205,mRNA
5084,1050455,1050609,154,mRNA
5085,1050298,1050392,94,mRNA
5086,1049187,1049246,59,mRNA
5087,1048504,1048558,54,mRNA
5088,1047823,1048148,325,mRNA
5089,1047635,1047729,94,mRNA
5090,1047453,1047575,122,mRNA
5091,1047264,1047390,126,mRNA
5092,1045156,1045248,92,mRNA
5093,1043468,1043524,56,mRNA
5094,1038359,1038458,99,mRNA
5095,1037646,1037740,94,mRNA
5096,1037476,1037590,114,mRNA
5097,1035288,1037422,2134,mRNA
5098,1053498,1053703,205,mRNA
5099,1050455,1050609,154,mRNA
5100,1050298,1050392,94,mRNA
5101,1049187,1049246,59,mRNA
5102,1048504,1048558,54,mRNA
5103,1047823,1048148,325,mRNA
5104,1047635,1047729,94,mRNA
5105,1047453,1047575,122,mRNA
5106,1047264,1047390,126,mRNA
5107,1045156,1045248,92,mRNA
5108,1043468,1043524,56,mRNA
5109,1040013,1040078,65,mRNA
5110,1038359,1038434,75,mRNA
5111,1037646,1037740,94,mRNA
5112,1037476,1037590,114,mRNA
5113,1035288,1037422,2134,mRNA
5114,1051343,1051378,35,mRNA
5115,1050455,1050609,154,mRNA
5116,1050298,1050392,94,mRNA
5117,1049187,1049246,59,mRNA
5118,1048504,1048558,54,mRNA
5119,1047823,1048148,325,mRNA
5120,1047635,1047729,94,mRNA
5121,1047453,1047575,122,mRNA
5122,1047264,1047390,126,mRNA
5123,1045156,1045248,92,mRNA
5124,1038359,1038437,78,mRNA
5125,1037646,1037740,94,mRNA
5126,1037476,1037590,114,mRNA
5127,1035288,1037422,2134,mRNA
5128,1051343,1051378,35,mRNA
5129,1050694,1050759,65,mRNA
5130,1050455,1050609,154,mRNA
5131,1050298,1050392,94,mRNA
5132,1049187,1049246,59,mRNA
5133,1048504,1048558,54,mRNA
5134,1047823,1048148,325,mRNA
5135,1047635,1047729,94,mRNA
5136,1047453,1047575,122,mRNA
5137,1047264,1047390,126,mRNA
5138,1045156,1045248,92,mRNA
5139,1043468,1043524,56,mRNA
5140,1040013,1040078,65,mRNA
5141,1038359,1038434,75,mRNA
5142,1037646,1037740,94,mRNA
5143,1037476,1037590,114,mRNA
5144,1035288,1037422,2134,mRNA
5145,1051259,1051378,119,mRNA
5146,1050455,1050609,154,mRNA
5147,1050298,1050392,94,mRNA
5148,1049187,1049246,59,mRNA
5149,1048504,1048558,54,mRNA
5150,1047823,1048148,325,mRNA
5151,1047635,1047729,94,mRNA
5152,1047453,1047575,122,mRNA
5153,1047264,1047390,126,mRNA
5154,1045156,1045248,92,mRNA
5155,1043468,1043524,56,mRNA
5156,1038359,1038437,78,mRNA
5157,1037646,1037740,94,mRNA
5158,1037476,1037590,114,mRNA
5159,1035288,1037422,2134,mRNA
5160,1051343,1051378,35,mRNA
5161,1050455,1050609,154,mRNA
5162,1050298,1050392,94,mRNA
5163,1049187,1049246,59,mRNA
5164,1048504,1048558,54,mRNA
5165,1047823,1048148,325,mRNA
5166,1047635,1047729,94,mRNA
5167,1047453,1047575,122,mRNA
5168,1047264,1047390,126,mRNA
5169,1045156,1045248,92,mRNA
5170,1043468,1043524,56,mRNA
5171,1040013,1040078,65,mRNA
5172,1038359,1038437,78,mRNA
5173,1037646,1037740,94,mRNA
5174,1037476,1037590,114,mRNA
5175,1037155,1037422,267,mRNA
5176,1050694,1051378,684,mRNA
5177,1050455,1050609,154,mRNA
5178,1050298,1050392,94,mRNA
5179,1049187,1049246,59,mRNA
5180,1048504,1048558,54,mRNA
5181,1047823,1048148,325,mRNA
5182,1047635,1047729,94,mRNA
5183,1047453,1047575,122,mRNA
5184,1047264,1047390,126,mRNA
5185,1045156,1045248,92,mRNA
5186,1038359,1038437,78,mRNA
5187,1037646,1037740,94,mRNA
5188,1037476,1037590,114,mRNA
5189,1037155,1037422,267,mRNA
5190,1050455,1050519,64,CDS
5191,1050298,1050392,94,CDS
5192,1049187,1049246,59,CDS
5193,1048504,1048558,54,CDS
5194,1047823,1048148,325,CDS
5195,1047635,1047729,94,CDS
5196,1047453,1047575,122,CDS
5197,1047264,1047390,126,CDS
5198,1045156,1045248,92,CDS
5199,1038359,1038434,75,CDS
5200,1037646,1037740,94,CDS
5201,1037476,1037569,93,CDS
5202,1037278,1037422,144,CDS
5203,1050455,1050519,64,CDS
5204,1050298,1050392,94,CDS
5205,1049187,1049246,59,CDS
5206,1048504,1048558,54,CDS
5207,1047823,1048148,325,CDS
5208,1047635,1047729,94,CDS
5209,1047453,1047575,122,CDS
5210,1047264,1047390,126,CDS
5211,1045156,1045248,92,CDS
5212,1038359,1038437,78,CDS
5213,1037646,1037740,94,CDS
5214,1037476,1037590,114,CDS
5215,1037278,1037422,144,CDS
5216,1050455,1050519,64,CDS
5217,1050298,1050392,94,CDS
5218,1049187,1049246,59,CDS
5219,1048504,1048558,54,CDS
5220,1047823,1048148,325,CDS
5221,1047635,1047729,94,CDS
5222,1047453,1047575,122,CDS
5223,1047264,1047390,126,CDS
5224,1045156,1045248,92,CDS
5225,1038359,1038437,78,CDS
5226,1037646,1037740,94,CDS
5227,1037476,1037590,114,CDS
5228,1037278,1037422,144,CDS
5229,1050455,1050519,64,CDS
5230,1050298,1050392,94,CDS
5231,1049187,1049246,59,CDS
5232,1048504,1048558,54,CDS
5233,1047823,1048148,325,CDS
5234,1047635,1047729,94,CDS
5235,1047453,1047575,122,CDS
5236,1047264,1047390,126,CDS
5237,1045156,1045248,92,CDS
5238,1038359,1038437,78,CDS
5239,1037646,1037740,94,CDS
5240,1037476,1037590,114,CDS
5241,1037278,1037422,144,CDS
5242,1050455,1050519,64,CDS
5243,1050298,1050392,94,CDS
5244,1049187,1049246,59,CDS
5245,1048504,1048558,54,CDS
5246,1047823,1048148,325,CDS
5247,1047635,1047729,94,CDS
5248,1047453,1047575,122,CDS
5249,1047264,1047390,126,CDS
5250,1045156,1045248,92,CDS
5251,1040013,1040078,65,CDS
5252,1038359,1038434,75,CDS
5253,1037646,1037740,94,CDS
5254,1037476,1037569,93,CDS
5255,1037278,1037422,144,CDS
5256,1050455,1050519,64,CDS
5257,1050298,1050392,94,CDS
5258,1049187,1049246,59,CDS
5259,1048504,1048558,54,CDS
5260,1047823,1048148,325,CDS
5261,1047635,1047729,94,CDS
5262,1047453,1047575,122,CDS
5263,1047264,1047390,126,CDS
5264,1045156,1045248,92,CDS
5265,1043468,1043521,53,CDS
5266,1040013,1040078,65,CDS
5267,1038359,1038434,75,CDS
5268,1037646,1037740,94,CDS
5269,1037476,1037569,93,CDS
5270,1037278,1037422,144,CDS
5271,1050455,1050519,64,CDS
5272,1050298,1050392,94,CDS
5273,1049187,1049246,59,CDS
5274,1048504,1048558,54,CDS
5275,1047823,1048148,325,CDS
5276,1047635,1047729,94,CDS
5277,1047453,1047575,122,CDS
5278,1047264,1047390,126,CDS
5279,1045156,1045248,92,CDS
5280,1043468,1043524,56,CDS
5281,1038359,1038437,78,CDS
5282,1037646,1037740,94,CDS
5283,1037476,1037590,114,CDS
5284,1037278,1037422,144,CDS
5285,1050455,1050519,64,CDS
5286,1050298,1050392,94,CDS
5287,1049187,1049246,59,CDS
5288,1048504,1048558,54,CDS
5289,1047823,1048148,325,CDS
5290,1047635,1047729,94,CDS
5291,1047453,1047575,122,CDS
5292,1047264,1047390,126,CDS
5293,1045156,1045248,92,CDS
5294,1043468,1043524,56,CDS
5295,1038359,1038437,78,CDS
5296,1037646,1037740,94,CDS
5297,1037476,1037590,114,CDS
5298,1037278,1037422,144,CDS
5299,1050455,1050519,64,CDS
5300,1050298,1050392,94,CDS
5301,1049187,1049246,59,CDS
5302,1048504,1048558,54,CDS
5303,1047823,1048148,325,CDS
5304,1047635,1047729,94,CDS
5305,1047453,1047575,122,CDS
5306,1047264,1047390,126,CDS
5307,1045156,1045248,92,CDS
5308,1043468,1043524,56,CDS
5309,1038359,1038458,99,CDS
5310,1037646,1037740,94,CDS
5311,1037476,1037590,114,CDS
5312,1037278,1037422,144,CDS
5313,1050455,1050519,64,CDS
5314,1050298,1050392,94,CDS
5315,1049187,1049246,59,CDS
5316,1048504,1048558,54,CDS
5317,1047823,1048148,325,CDS
5318,1047635,1047729,94,CDS
5319,1047453,1047575,122,CDS
5320,1047264,1047390,126,CDS
5321,1045156,1045248,92,CDS
5322,1043468,1043524,56,CDS
5323,1040013,1040078,65,CDS
5324,1038359,1038434,75,CDS
5325,1037646,1037740,94,CDS
5326,1037476,1037590,114,CDS
5327,1037278,1037422,144,CDS
5328,1050455,1050519,64,CDS
5329,1050298,1050392,94,CDS
5330,1049187,1049246,59,CDS
5331,1048504,1048558,54,CDS
5332,1047823,1048148,325,CDS
5333,1047635,1047729,94,CDS
5334,1047453,1047575,122,CDS
5335,1047264,1047390,126,CDS
5336,1045156,1045248,92,CDS
5337,1043468,1043524,56,CDS
5338,1040013,1040078,65,CDS
5339,1038359,1038434,75,CDS
5340,1037646,1037740,94,CDS
5341,1037476,1037590,114,CDS
5342,1037278,1037422,144,CDS
5343,1050455,1050519,64,CDS
5344,1050298,1050392,94,CDS
5345,1049187,1049246,59,CDS
5346,1048504,1048558,54,CDS
5347,1047823,1048148,325,CDS
5348,1047635,1047729,94,CDS
5349,1047453,1047575,122,CDS
5350,1047264,1047390,126,CDS
5351,1045156,1045248,92,CDS
5352,1043468,1043524,56,CDS
5353,1040013,1040078,65,CDS
5354,1038359,1038437,78,CDS
5355,1037646,1037740,94,CDS
5356,1037476,1037590,114,CDS
5357,1037278,1037422,144,CDS
5358,1038710,1039810,1100,mobile_element
5359,1041513,1041596,83,mobile_element
5360,1042174,1042714,540,mobile_element
5361,1042789,1042985,196,mobile_element
5362,1044162,1044309,147,mobile_element
5363,1045363,1046764,1401,mobile_element
5364,1046766,1047067,301,mobile_element
5365,1049729,1050149,420,mobile_element
5366,1051622,1051956,334,mobile_element
5367,1054573,1054771,198,mobile_element
5368,1057365,1065001,7636,gene
5369,1064823,1065001,178,mRNA
5370,1064245,1064381,136,mRNA
5371,1059419,1059836,417,mRNA
5372,1059101,1059351,250,mRNA
5373,1058210,1058504,294,mRNA
5374,1057807,1058155,348,mRNA
5375,1057633,1057753,120,mRNA
5376,1057365,1057572,207,mRNA
5377,1064823,1065001,178,mRNA
5378,1064245,1064381,136,mRNA
5379,1060413,1060634,221,mRNA
5380,1059419,1059836,417,mRNA
5381,1059101,1059351,250,mRNA
5382,1058210,1058504,294,mRNA
5383,1057807,1058155,348,mRNA
5384,1057633,1057753,120,mRNA
5385,1057365,1057572,207,mRNA
5386,1060773,1060918,145,mRNA
5387,1059419,1059836,417,mRNA
5388,1059101,1059351,250,mRNA
5389,1058210,1058504,294,mRNA
5390,1057807,1058155,348,mRNA
5391,1057633,1057753,120,mRNA
5392,1057365,1057572,207,mRNA
5393,1060741,1060918,177,mRNA
5394,1060413,1060634,221,mRNA
5395,1059419,1059836,417,mRNA
5396,1059101,1059288,187,mRNA
5397,1058210,1058504,294,mRNA
5398,1057807,1058155,348,mRNA
5399,1057633,1057753,120,mRNA
5400,1057365,1057572,207,mRNA
5401,1060741,1060918,177,mRNA
5402,1060413,1060653,240,mRNA
5403,1059419,1059836,417,mRNA
5404,1059101,1059351,250,mRNA
5405,1058210,1058504,294,mRNA
5406,1057807,1058155,348,mRNA
5407,1057633,1057753,120,mRNA
5408,1057365,1057572,207,mRNA
5409,1060773,1060778,5,CDS
5410,1059419,1059836,417,CDS
5411,1059101,1059351,250,CDS
5412,1058210,1058504,294,CDS
5413,1057807,1058155,348,CDS
5414,1057633,1057753,120,CDS
5415,1057441,1057572,131,CDS
5416,1060413,1060604,191,CDS
5417,1059419,1059836,417,CDS
5418,1059101,1059288,187,CDS
5419,1058210,1058504,294,CDS
5420,1057807,1058155,348,CDS
5421,1057633,1057753,120,CDS
5422,1057441,1057572,131,CDS
5423,1060413,1060604,191,CDS
5424,1059419,1059836,417,CDS
5425,1059101,1059351,250,CDS
5426,1058210,1058504,294,CDS
5427,1057807,1058155,348,CDS
5428,1057633,1057753,120,CDS
5429,1057441,1057572,131,CDS
5430,1060413,1060604,191,CDS
5431,1059419,1059836,417,CDS
5432,1059101,1059351,250,CDS
5433,1058210,1058504,294,CDS
5434,1057807,1058155,348,CDS
5435,1057633,1057753,120,CDS
5436,1057441,1057572,131,CDS
5437,1059419,1059761,342,CDS
5438,1059101,1059351,250,CDS
5439,1058210,1058504,294,CDS
5440,1057807,1058155,348,CDS
5441,1057633,1057753,120,CDS
5442,1057441,1057572,131,CDS
5443,1060969,1077273,16304,gene
5444,1060969,1061136,167,mRNA
5445,1065084,1065183,99,mRNA
5446,1065856,1065885,29,mRNA
5447,1065940,1073105,7165,mRNA
5448,1073161,1073381,220,mRNA
5449,1073439,1075557,2118,mRNA
5450,1075616,1075736,120,mRNA
5451,1075792,1076204,412,mRNA
5452,1061502,1061989,487,mobile_element
5453,1062678,1062919,241,mRNA
5454,1065084,1065183,99,mRNA
5455,1065856,1065885,29,mRNA
5456,1065940,1073105,7165,mRNA
5457,1073161,1073381,220,mRNA
5458,1073439,1075557,2118,mRNA
5459,1075616,1075736,120,mRNA
5460,1075792,1076204,412,mRNA
5461,1063604,1063824,220,mobile_element
5462,1064906,1065022,116,mRNA
5463,1065084,1065183,99,mRNA
5464,1065856,1065885,29,mRNA
5465,1065940,1073105,7165,mRNA
5466,1073161,1073381,220,mRNA
5467,1073439,1075557,2118,mRNA
5468,1075616,1075736,120,mRNA
5469,1075792,1077273,1481,mRNA
5470,1064906,1065022,116,mRNA
5471,1065084,1065183,99,mRNA
5472,1065856,1065885,29,mRNA
5473,1065940,1073105,7165,mRNA
5474,1073161,1073381,220,mRNA
5475,1073439,1075557,2118,mRNA
5476,1075616,1075736,120,mRNA
5477,1075792,1076204,412,mRNA
5478,1065108,1065183,75,CDS
5479,1065856,1065885,29,CDS
5480,1065940,1073105,7165,CDS
5481,1073161,1073381,220,CDS
5482,1073439,1075557,2118,CDS
5483,1075616,1075736,120,CDS
5484,1075792,1076114,322,CDS
5485,1065108,1065183,75,CDS
5486,1065856,1065885,29,CDS
5487,1065940,1073105,7165,CDS
5488,1073161,1073381,220,CDS
5489,1073439,1075557,2118,CDS
5490,1075616,1075736,120,CDS
5491,1075792,1076114,322,CDS
5492,1065108,1065183,75,CDS
5493,1065856,1065885,29,CDS
5494,1065940,1073105,7165,CDS
5495,1073161,1073381,220,CDS
5496,1073439,1075557,2118,CDS
5497,1075616,1075736,120,CDS
5498,1075792,1076114,322,CDS
5499,1065108,1065183,75,CDS
5500,1065856,1065885,29,CDS
5501,1065940,1073105,7165,CDS
5502,1073161,1073381,220,CDS
5503,1073439,1075557,2118,CDS
5504,1075616,1075736,120,CDS
5505,1075792,1076114,322,CDS
5506,1076318,1076993,675,mobile_element
5507,1077331,1084796,7465,gene
5508,1084614,1084796,182,mRNA
5509,1082127,1083273,1146,mRNA
5510,1080257,1081207,950,mRNA
5511,1078573,1078829,256,mRNA
5512,1077886,1078519,633,mRNA
5513,1077331,1077829,498,mRNA
5514,1082127,1083126,999,CDS
5515,1080257,1081207,950,CDS
5516,1078573,1078829,256,CDS
5517,1077887,1078519,632,CDS
5518,1079449,1080189,740,mobile_element
5519,1083546,1083980,434,mobile_element
5520,1085176,1085750,574,mobile_element
5521,1087273,1087410,137,mobile_element
5522,1088798,1113317,24519,gene
5523,1088798,1089062,264,mRNA
5524,1092259,1092628,369,mRNA
5525,1095576,1095716,140,mRNA
5526,1095794,1095832,38,mRNA
5527,1101934,1102099,165,mRNA
5528,1103535,1103732,197,mRNA
5529,1106152,1106597,445,mRNA
5530,1107699,1107790,91,mRNA
5531,1108098,1108344,246,mRNA
5532,1108474,1108572,98,mRNA
5533,1109109,1109600,491,mRNA
5534,1110781,1110888,107,mRNA
5535,1111288,1113317,2029,mRNA
5536,1088798,1089062,264,mRNA
5537,1092259,1092628,369,mRNA
5538,1095576,1095716,140,mRNA
5539,1095794,1095832,38,mRNA
5540,1101934,1102099,165,mRNA
5541,1103535,1103732,197,mRNA
5542,1106152,1106597,445,mRNA
5543,1107699,1107790,91,mRNA
5544,1108098,1108344,246,mRNA
5545,1108474,1108572,98,mRNA
5546,1110781,1110888,107,mRNA
5547,1111288,1113317,2029,mRNA
5548,1088798,1089062,264,mRNA
5549,1092259,1092628,369,mRNA
5550,1095576,1095716,140,mRNA
5551,1095794,1095832,38,mRNA
5552,1101934,1102099,165,mRNA
5553,1103535,1103732,197,mRNA
5554,1106152,1106597,445,mRNA
5555,1107699,1107790,91,mRNA
5556,1108098,1108344,246,mRNA
5557,1110781,1110888,107,mRNA
5558,1111288,1113317,2029,mRNA
5559,1088798,1088876,78,mRNA
5560,1092259,1092628,369,mRNA
5561,1095576,1095716,140,mRNA
5562,1095794,1095832,38,mRNA
5563,1101934,1102099,165,mRNA
5564,1103535,1103732,197,mRNA
5565,1106152,1106597,445,mRNA
5566,1107699,1107790,91,mRNA
5567,1108098,1108344,246,mRNA
5568,1108480,1108572,92,mRNA
5569,1109109,1109600,491,mRNA
5570,1110781,1110888,107,mRNA
5571,1111288,1113317,2029,mRNA
5572,1088798,1089062,264,mRNA
5573,1092259,1092628,369,mRNA
5574,1095576,1095716,140,mRNA
5575,1095794,1095832,38,mRNA
5576,1101934,1102099,165,mRNA
5577,1103535,1103732,197,mRNA
5578,1106152,1106597,445,mRNA
5579,1107699,1107790,91,mRNA
5580,1108098,1108344,246,mRNA
5581,1108474,1108572,98,mRNA
5582,1109109,1109600,491,mRNA
5583,1110781,1110974,193,mRNA
5584,1088798,1089062,264,mRNA
5585,1092259,1092628,369,mRNA
5586,1095576,1095716,140,mRNA
5587,1095794,1095832,38,mRNA
5588,1101934,1102099,165,mRNA
5589,1103535,1103732,197,mRNA
5590,1106152,1106597,445,mRNA
5591,1107699,1107790,91,mRNA
5592,1108098,1108344,246,mRNA
5593,1108474,1108572,98,mRNA
5594,1110781,1110974,193,mRNA
5595,1089667,1090282,615,mobile_element
5596,1090459,1090518,59,mobile_element
5597,1090805,1091282,477,mobile_element
5598,1091315,1091554,239,mobile_element
5599,1092286,1092628,342,CDS
5600,1095576,1095716,140,CDS
5601,1095794,1095832,38,CDS
5602,1101934,1102099,165,CDS
5603,1103535,1103732,197,CDS
5604,1106152,1106597,445,CDS
5605,1107699,1107790,91,CDS
5606,1108098,1108344,246,CDS
5607,1108474,1108572,98,CDS
5608,1109109,1109600,491,CDS
5609,1110781,1110888,107,CDS
5610,1111288,1111451,163,CDS
5611,1092286,1092628,342,CDS
5612,1095576,1095716,140,CDS
5613,1095794,1095832,38,CDS
5614,1101934,1102099,165,CDS
5615,1103535,1103732,197,CDS
5616,1106152,1106597,445,CDS
5617,1107699,1107790,91,CDS
5618,1108098,1108344,246,CDS
5619,1108474,1108572,98,CDS
5620,1110781,1110888,107,CDS
5621,1111288,1111451,163,CDS
5622,1092286,1092628,342,CDS
5623,1095576,1095716,140,CDS
5624,1095794,1095832,38,CDS
5625,1101934,1102099,165,CDS
5626,1103535,1103732,197,CDS
5627,1106152,1106597,445,CDS
5628,1107699,1107790,91,CDS
5629,1108098,1108344,246,CDS
5630,1108480,1108572,92,CDS
5631,1109109,1109600,491,CDS
5632,1110781,1110888,107,CDS
5633,1111288,1111451,163,CDS
5634,1092286,1092628,342,CDS
5635,1095576,1095716,140,CDS
5636,1095794,1095832,38,CDS
5637,1101934,1102099,165,CDS
5638,1103535,1103732,197,CDS
5639,1106152,1106597,445,CDS
5640,1107699,1107790,91,CDS
5641,1108098,1108344,246,CDS
5642,1110781,1110888,107,CDS
5643,1111288,1111451,163,CDS
5644,1092286,1092628,342,CDS
5645,1095576,1095716,140,CDS
5646,1095794,1095832,38,CDS
5647,1101934,1102099,165,CDS
5648,1103535,1103732,197,CDS
5649,1106152,1106597,445,CDS
5650,1107699,1107790,91,CDS
5651,1108098,1108344,246,CDS
5652,1108474,1108572,98,CDS
5653,1109109,1109600,491,CDS
5654,1110781,1110896,115,CDS
5655,1092286,1092628,342,CDS
5656,1095576,1095716,140,CDS
5657,1095794,1095832,38,CDS
5658,1101934,1102099,165,CDS
5659,1103535,1103732,197,CDS
5660,1106152,1106597,445,CDS
5661,1107699,1107790,91,CDS
5662,1108098,1108344,246,CDS
5663,1108474,1108572,98,CDS
5664,1110781,1110896,115,CDS
5665,1093619,1093717,98,mobile_element
5666,1093721,1093850,129,mobile_element
5667,1094943,1095235,292,mobile_element
5668,1097082,1097134,52,mobile_element
5669,1098525,1098958,433,mRNA
5670,1101934,1102099,165,mRNA
5671,1103535,1103732,197,mRNA
5672,1106152,1106597,445,mRNA
5673,1107699,1107790,91,mRNA
5674,1108098,1108344,246,mRNA
5675,1110781,1110888,107,mRNA
5676,1111288,1113317,2029,mRNA
5677,1098904,1098958,54,CDS
5678,1101934,1102099,165,CDS
5679,1103535,1103732,197,CDS
5680,1106152,1106597,445,CDS
5681,1107699,1107790,91,CDS
5682,1108098,1108344,246,CDS
5683,1110781,1110888,107,CDS
5684,1111288,1111451,163,CDS
5685,1099885,1100012,127,mobile_element
5686,1100121,1100226,105,mobile_element
5687,1100538,1100615,77,mobile_element
5688,1101458,1101514,56,mobile_element
5689,1102649,1102871,222,mobile_element
5690,1103395,1103478,83,mobile_element
5691,1109744,1109772,28,mobile_element
5692,1112874,1123357,10483,gene
5693,1122828,1122965,137,mRNA
5694,1121459,1121622,163,mRNA
5695,1120659,1120801,142,mRNA
5696,1120106,1120606,500,mRNA
5697,1119937,1120047,110,mRNA
5698,1117968,1119017,1049,mRNA
5699,1117851,1117905,54,mRNA
5700,1116660,1117214,554,mRNA
5701,1116515,1116598,83,mRNA
5702,1116326,1116456,130,mRNA
5703,1115956,1116079,123,mRNA
5704,1112874,1115894,3020,mRNA
5705,1114475,1114923,448,mobile_element
5706,1122828,1122965,137,mRNA
5707,1121459,1121622,163,mRNA
5708,1120659,1120801,142,mRNA
5709,1120106,1120606,500,mRNA
5710,1119937,1120047,110,mRNA
5711,1117968,1119017,1049,mRNA
5712,1117851,1117905,54,mRNA
5713,1116660,1117214,554,mRNA
5714,1116515,1116598,83,mRNA
5715,1116326,1116456,130,mRNA
5716,1115956,1116079,123,mRNA
5717,1115079,1115894,815,mRNA
5718,1123223,1123357,134,mRNA
5719,1121459,1121622,163,mRNA
5720,1120659,1120801,142,mRNA
5721,1120106,1120606,500,mRNA
5722,1119937,1120047,110,mRNA
5723,1117968,1119017,1049,mRNA
5724,1117851,1117905,54,mRNA
5725,1116660,1117214,554,mRNA
5726,1116515,1116598,83,mRNA
5727,1116326,1116456,130,mRNA
5728,1115956,1116079,123,mRNA
5729,1115255,1115894,639,mRNA
5730,1123223,1123357,134,mRNA
5731,1121459,1121622,163,mRNA
5732,1120659,1120801,142,mRNA
5733,1120106,1120606,500,mRNA
5734,1119937,1120047,110,mRNA
5735,1117968,1119017,1049,mRNA
5736,1117851,1117905,54,mRNA
5737,1116660,1117214,554,mRNA
5738,1116515,1116598,83,mRNA
5739,1116326,1116456,130,mRNA
5740,1115956,1116079,123,mRNA
5741,1115255,1115897,642,mRNA
5742,1121459,1121573,114,CDS
5743,1120659,1120801,142,CDS
5744,1120106,1120606,500,CDS
5745,1119937,1120047,110,CDS
5746,1117968,1119017,1049,CDS
5747,1117851,1117905,54,CDS
5748,1116660,1117214,554,CDS
5749,1116515,1116598,83,CDS
5750,1116326,1116456,130,CDS
5751,1115956,1116079,123,CDS
5752,1115827,1115894,67,CDS
5753,1121459,1121573,114,CDS
5754,1120659,1120801,142,CDS
5755,1120106,1120606,500,CDS
5756,1119937,1120047,110,CDS
5757,1117968,1119017,1049,CDS
5758,1117851,1117905,54,CDS
5759,1116660,1117214,554,CDS
5760,1116515,1116598,83,CDS
5761,1116326,1116456,130,CDS
5762,1115956,1116079,123,CDS
5763,1115827,1115894,67,CDS
5764,1121459,1121573,114,CDS
5765,1120659,1120801,142,CDS
5766,1120106,1120606,500,CDS
5767,1119937,1120047,110,CDS
5768,1117968,1119017,1049,CDS
5769,1117851,1117905,54,CDS
5770,1116660,1117214,554,CDS
5771,1116515,1116598,83,CDS
5772,1116326,1116456,130,CDS
5773,1115956,1116079,123,CDS
5774,1115827,1115894,67,CDS
5775,1121459,1121573,114,CDS
5776,1120659,1120801,142,CDS
5777,1120106,1120606,500,CDS
5778,1119937,1120047,110,CDS
5779,1117968,1119017,1049,CDS
5780,1117851,1117905,54,CDS
5781,1116660,1117214,554,CDS
5782,1116515,1116598,83,CDS
5783,1116326,1116456,130,CDS
5784,1115956,1116079,123,CDS
5785,1115827,1115897,70,CDS
5786,1119309,1119467,158,mobile_element
5787,1120874,1120973,99,mobile_element
5788,1121196,1121309,113,mobile_element
5789,1124167,1125325,1158,gene
5790,1124167,1124331,164,mRNA
5791,1124436,1124698,262,mRNA
5792,1124768,1124893,125,mRNA
5793,1124950,1125325,375,mRNA
5794,1124167,1124331,164,mRNA
5795,1124436,1124698,262,mRNA
5796,1124768,1124893,125,mRNA
5797,1124950,1125113,163,mRNA
5798,1124265,1124331,66,CDS
5799,1124436,1124698,262,CDS
5800,1124768,1124893,125,CDS
5801,1124950,1125036,86,CDS
5802,1124265,1124331,66,CDS
5803,1124436,1124698,262,CDS
5804,1124768,1124893,125,CDS
5805,1124950,1125036,86,CDS
5806,1125373,1125539,166,mobile_element
5807,1125810,1126403,593,mobile_element
5808,1126602,1137919,11317,gene
5809,1126602,1126752,150,mRNA
5810,1126809,1126941,132,mRNA
5811,1127002,1127415,413,mRNA
5812,1128489,1128655,166,mRNA
5813,1129435,1129488,53,mRNA
5814,1129566,1129730,164,mRNA
5815,1130025,1130183,158,mRNA
5816,1130383,1130586,203,mRNA
5817,1131193,1131396,203,mRNA
5818,1131489,1131593,104,mRNA
5819,1131701,1131958,257,mRNA
5820,1133875,1134072,197,mRNA
5821,1135094,1135484,390,mRNA
5822,1135539,1137919,2380,mRNA
5823,1126602,1126752,150,mRNA
5824,1126809,1126941,132,mRNA
5825,1127002,1127415,413,mRNA
5826,1128489,1128655,166,mRNA
5827,1129435,1129488,53,mRNA
5828,1129566,1129730,164,mRNA
5829,1130025,1130183,158,mRNA
5830,1130383,1130586,203,mRNA
5831,1131193,1131396,203,mRNA
5832,1131489,1131593,104,mRNA
5833,1131701,1131958,257,mRNA
5834,1133875,1134072,197,mRNA
5835,1135094,1135484,390,mRNA
5836,1135539,1135914,375,mRNA
5837,1126602,1126752,150,mRNA
5838,1126809,1126941,132,mRNA
5839,1127002,1127415,413,mRNA
5840,1128489,1128655,166,mRNA
5841,1129435,1129488,53,mRNA
5842,1129566,1129730,164,mRNA
5843,1130025,1130183,158,mRNA
5844,1130383,1130586,203,mRNA
5845,1131193,1131396,203,mRNA
5846,1131489,1131593,104,mRNA
5847,1131701,1131958,257,mRNA
5848,1132085,1132573,488,mRNA
5849,1133875,1134072,197,mRNA
5850,1134152,1135094,942,mRNA
5851,1126750,1126752,2,CDS
5852,1126809,1126941,132,CDS
5853,1127002,1127415,413,CDS
5854,1128489,1128655,166,CDS
5855,1129435,1129488,53,CDS
5856,1129566,1129730,164,CDS
5857,1130025,1130183,158,CDS
5858,1130383,1130586,203,CDS
5859,1131193,1131396,203,CDS
5860,1131489,1131593,104,CDS
5861,1131701,1131958,257,CDS
5862,1133875,1134072,197,CDS
5863,1135094,1135484,390,CDS
5864,1135539,1135816,277,CDS
5865,1126750,1126752,2,CDS
5866,1126809,1126941,132,CDS
5867,1127002,1127415,413,CDS
5868,1128489,1128655,166,CDS
5869,1129435,1129488,53,CDS
5870,1129566,1129730,164,CDS
5871,1130025,1130183,158,CDS
5872,1130383,1130586,203,CDS
5873,1131193,1131396,203,CDS
5874,1131489,1131593,104,CDS
5875,1131701,1131958,257,CDS
5876,1133875,1134072,197,CDS
5877,1135094,1135484,390,CDS
5878,1135539,1135816,277,CDS
5879,1126750,1126752,2,CDS
5880,1126809,1126941,132,CDS
5881,1127002,1127415,413,CDS
5882,1128489,1128655,166,CDS
5883,1129435,1129488,53,CDS
5884,1129566,1129730,164,CDS
5885,1130025,1130183,158,CDS
5886,1130383,1130586,203,CDS
5887,1131193,1131396,203,CDS
5888,1131489,1131593,104,CDS
5889,1131701,1131958,257,CDS
5890,1132085,1132573,488,CDS
5891,1133875,1134072,197,CDS
5892,1134152,1134166,14,CDS
5893,1127678,1128075,397,mobile_element
5894,1128951,1129312,361,mobile_element
5895,1130643,1130856,213,mobile_element
5896,1133224,1133378,154,mobile_element
5897,1134706,1134881,175,mobile_element
5898,1136023,1136077,54,mobile_element
5899,1137260,1137408,148,mobile_element
5900,1137830,1162158,24328,gene
5901,1161766,1162158,392,mRNA
5902,1143985,1144113,128,mRNA
5903,1143627,1143868,241,mRNA
5904,1143449,1143565,116,mRNA
5905,1140960,1141367,407,mRNA
5906,1140487,1140901,414,mRNA
5907,1137830,1140000,2170,mRNA
5908,1146470,1146529,59,mRNA
5909,1143985,1144113,128,mRNA
5910,1143627,1143868,241,mRNA
5911,1143449,1143565,116,mRNA
5912,1140960,1141367,407,mRNA
5913,1140487,1140901,414,mRNA
5914,1137830,1140000,2170,mRNA
5915,1146041,1146121,80,mRNA
5916,1145208,1145321,113,mRNA
5917,1144966,1145100,134,mRNA
5918,1143985,1144113,128,mRNA
5919,1143627,1143868,241,mRNA
5920,1143449,1143565,116,mRNA
5921,1140960,1141367,407,mRNA
5922,1140487,1140901,414,mRNA
5923,1137830,1140000,2170,mRNA
5924,1143985,1144005,20,CDS
5925,1143627,1143868,241,CDS
5926,1143449,1143565,116,CDS
5927,1140960,1141367,407,CDS
5928,1140487,1140901,414,CDS
5929,1139755,1140000,245,CDS
5930,1143985,1144005,20,CDS
5931,1143627,1143868,241,CDS
5932,1143449,1143565,116,CDS
5933,1140960,1141367,407,CDS
5934,1140487,1140901,414,CDS
5935,1139755,1140000,245,CDS
5936,1143985,1144005,20,CDS
5937,1143627,1143868,241,CDS
5938,1143449,1143565,116,CDS
5939,1140960,1141367,407,CDS
5940,1140487,1140901,414,CDS
5941,1139755,1140000,245,CDS
5942,1142923,1142981,58,mobile_element
5943,1143009,1143250,241,mobile_element
5944,1147466,1169239,21773,gene
5945,1147466,1147618,152,mRNA
5946,1148989,1149213,224,mRNA
5947,1164882,1165487,605,mRNA
5948,1165550,1166367,817,mRNA
5949,1166666,1169239,2573,mRNA
5950,1147547,1147618,71,CDS
5951,1148989,1149213,224,CDS
5952,1164882,1165487,605,CDS
5953,1165550,1166367,817,CDS
5954,1166666,1166894,228,CDS
5955,1148087,1148325,238,mobile_element
5956,1148318,1148446,128,mobile_element
5957,1148453,1148589,136,mobile_element
5958,1149540,1149875,335,mobile_element
5959,1150425,1150890,465,mobile_element
5960,1153148,1155739,2591,mobile_element
5961,1156958,1161515,4557,mobile_element
5962,1158724,1160265,1541,mobile_element
5963,1161564,1161683,119,mobile_element
5964,1162184,1163613,1429,mobile_element
5965,1164447,1164629,182,mobile_element
5966,1167772,1168903,1131,mobile_element
5967,1169377,1170188,811,mobile_element
5968,1169551,1169745,194,mobile_element
5969,1171110,1171849,739,mobile_element
5970,1172469,1181628,9159,gene
5971,1181590,1181628,38,mRNA
5972,1181048,1181281,233,mRNA
5973,1174982,1175123,141,mRNA
5974,1174159,1174928,769,mRNA
5975,1173806,1174097,291,mRNA
5976,1173084,1173203,119,mRNA
5977,1172469,1173030,561,mRNA
5978,1181368,1181628,260,mRNA
5979,1181048,1181281,233,mRNA
5980,1174982,1175123,141,mRNA
5981,1174159,1174928,769,mRNA
5982,1173806,1174097,291,mRNA
5983,1173084,1173203,119,mRNA
5984,1172469,1173030,561,mRNA
5985,1181048,1181138,90,CDS
5986,1174982,1175123,141,CDS
5987,1174159,1174928,769,CDS
5988,1173806,1174097,291,CDS
5989,1173084,1173203,119,CDS
5990,1172883,1173030,147,CDS
5991,1181048,1181138,90,CDS
5992,1174982,1175123,141,CDS
5993,1174159,1174928,769,CDS
5994,1173806,1174097,291,CDS
5995,1173084,1173203,119,CDS
5996,1172883,1173030,147,CDS
5997,1173401,1173481,80,mobile_element
5998,1175386,1179282,3896,mobile_element
5999,1175426,1178849,3423,mobile_element
6000,1176573,1177584,1011,mobile_element
6001,1179285,1179346,61,mobile_element
6002,1179703,1179948,245,mobile_element
6003,1180705,1180890,185,mobile_element
6004,1182901,1182985,84,mobile_element
6005,1183284,1183410,126,mobile_element
6006,1183716,1184552,836,mobile_element
6007,1184916,1185212,296,mobile_element
6008,1185768,1192985,7217,gene
6009,1185768,1185966,198,mRNA
6010,1186473,1186634,161,mRNA
6011,1187522,1187572,50,mRNA
6012,1187735,1187880,145,mRNA
6013,1188189,1188349,160,mRNA
6014,1189054,1189689,635,mRNA
6015,1189881,1190008,127,mRNA
6016,1190067,1190549,482,mRNA
6017,1192020,1192162,142,mRNA
6018,1192225,1192306,81,mRNA
6019,1192357,1192694,337,mRNA
6020,1185768,1185966,198,mRNA
6021,1186473,1186634,161,mRNA
6022,1187522,1187614,92,mRNA
6023,1187735,1187880,145,mRNA
6024,1188189,1188349,160,mRNA
6025,1189054,1189689,635,mRNA
6026,1189881,1190008,127,mRNA
6027,1190067,1190549,482,mRNA
6028,1192020,1192162,142,mRNA
6029,1192225,1192306,81,mRNA
6030,1192357,1192537,180,mRNA
6031,1185768,1185834,66,mRNA
6032,1186473,1186634,161,mRNA
6033,1187522,1187614,92,mRNA
6034,1187735,1187880,145,mRNA
6035,1188189,1188349,160,mRNA
6036,1189054,1189689,635,mRNA
6037,1189881,1190008,127,mRNA
6038,1190298,1190549,251,mRNA
6039,1192020,1192162,142,mRNA
6040,1192225,1192306,81,mRNA
6041,1192357,1192537,180,mRNA
6042,1186115,1186219,104,mRNA
6043,1186329,1186634,305,mRNA
6044,1187522,1187572,50,mRNA
6045,1187735,1187880,145,mRNA
6046,1188189,1188349,160,mRNA
6047,1189054,1189689,635,mRNA
6048,1189881,1190008,127,mRNA
6049,1190067,1190549,482,mRNA
6050,1192020,1192162,142,mRNA
6051,1192225,1192306,81,mRNA
6052,1192357,1192985,628,mRNA
6053,1186518,1186634,116,CDS
6054,1187522,1187614,92,CDS
6055,1187735,1187880,145,CDS
6056,1188189,1188349,160,CDS
6057,1189054,1189689,635,CDS
6058,1189881,1190008,127,CDS
6059,1190067,1190549,482,CDS
6060,1192020,1192162,142,CDS
6061,1192225,1192306,81,CDS
6062,1192357,1192359,2,CDS
6063,1186518,1186634,116,CDS
6064,1187522,1187614,92,CDS
6065,1187735,1187880,145,CDS
6066,1188189,1188349,160,CDS
6067,1189054,1189689,635,CDS
6068,1189881,1190008,127,CDS
6069,1190298,1190549,251,CDS
6070,1192020,1192162,142,CDS
6071,1192225,1192306,81,CDS
6072,1192357,1192359,2,CDS
6073,1186518,1186634,116,CDS
6074,1187522,1187572,50,CDS
6075,1187735,1187880,145,CDS
6076,1188189,1188349,160,CDS
6077,1189054,1189689,635,CDS
6078,1189881,1190008,127,CDS
6079,1190067,1190549,482,CDS
6080,1192020,1192162,142,CDS
6081,1192225,1192306,81,CDS
6082,1192357,1192359,2,CDS
6083,1186518,1186634,116,CDS
6084,1187522,1187572,50,CDS
6085,1187735,1187880,145,CDS
6086,1188189,1188349,160,CDS
6087,1189054,1189689,635,CDS
6088,1189881,1190008,127,CDS
6089,1190067,1190549,482,CDS
6090,1192020,1192162,142,CDS
6091,1192225,1192306,81,CDS
6092,1192357,1192359,2,CDS
6093,1186859,1186960,101,mobile_element
6094,1190793,1191283,490,mobile_element
6095,1192419,1196848,4429,gene
6096,1196758,1196848,90,mRNA
6097,1196320,1196477,157,mRNA
6098,1196165,1196262,97,mRNA
6099,1195842,1196091,249,mRNA
6100,1195660,1195790,130,mRNA
6101,1195428,1195596,168,mRNA
6102,1193708,1193859,151,mRNA
6103,1193560,1193654,94,mRNA
6104,1192706,1192770,64,mRNA
6105,1192419,1192652,233,mRNA
6106,1196708,1196848,140,mRNA
6107,1196320,1196477,157,mRNA
6108,1196165,1196262,97,mRNA
6109,1195842,1196091,249,mRNA
6110,1195660,1195790,130,mRNA
6111,1195428,1195596,168,mRNA
6112,1193708,1193859,151,mRNA
6113,1193560,1193654,94,mRNA
6114,1192706,1192770,64,mRNA
6115,1192419,1192652,233,mRNA
6116,1196320,1196457,137,CDS
6117,1196165,1196262,97,CDS
6118,1195842,1196091,249,CDS
6119,1195660,1195790,130,CDS
6120,1195428,1195596,168,CDS
6121,1193708,1193859,151,CDS
6122,1193560,1193654,94,CDS
6123,1192706,1192770,64,CDS
6124,1192536,1192652,116,CDS
6125,1196320,1196457,137,CDS
6126,1196165,1196262,97,CDS
6127,1195842,1196091,249,CDS
6128,1195660,1195790,130,CDS
6129,1195428,1195596,168,CDS
6130,1193708,1193859,151,CDS
6131,1193560,1193654,94,CDS
6132,1192706,1192770,64,CDS
6133,1192536,1192652,116,CDS
6134,1194282,1194701,419,mobile_element
6135,1194732,1194876,144,mobile_element
6136,1194940,1195380,440,mobile_element
6137,1198852,1224467,25615,gene
6138,1198852,1199175,323,mRNA
6139,1219694,1220024,330,mRNA
6140,1220076,1220195,119,mRNA
6141,1220260,1220688,428,mRNA
6142,1221262,1221282,20,mRNA
6143,1221491,1221650,159,mRNA
6144,1221708,1221949,241,mRNA
6145,1222006,1222164,158,mRNA
6146,1222222,1224467,2245,mRNA
6147,1198858,1199175,317,mRNA
6148,1219694,1220024,330,mRNA
6149,1220076,1220195,119,mRNA
6150,1220317,1220688,371,mRNA
6151,1221491,1221650,159,mRNA
6152,1221708,1221949,241,mRNA
6153,1222006,1222164,158,mRNA
6154,1222222,1224467,2245,mRNA
6155,1198858,1199175,317,mRNA
6156,1219694,1220024,330,mRNA
6157,1220076,1220195,119,mRNA
6158,1220260,1220688,428,mRNA
6159,1221262,1221282,20,mRNA
6160,1221491,1221650,159,mRNA
6161,1221708,1221949,241,mRNA
6162,1222006,1222164,158,mRNA
6163,1222222,1223450,1228,mRNA
6164,1199015,1199175,160,CDS
6165,1219694,1220024,330,CDS
6166,1220076,1220195,119,CDS
6167,1220260,1220688,428,CDS
6168,1221262,1221282,20,CDS
6169,1221491,1221650,159,CDS
6170,1221708,1221949,241,CDS
6171,1222006,1222164,158,CDS
6172,1222222,1222791,569,CDS
6173,1199015,1199175,160,CDS
6174,1219694,1220024,330,CDS
6175,1220076,1220195,119,CDS
6176,1220260,1220688,428,CDS
6177,1221262,1221282,20,CDS
6178,1221491,1221650,159,CDS
6179,1221708,1221949,241,CDS
6180,1222006,1222164,158,CDS
6181,1222222,1222791,569,CDS
6182,1199015,1199175,160,CDS
6183,1219694,1220024,330,CDS
6184,1220076,1220195,119,CDS
6185,1220317,1220688,371,CDS
6186,1221491,1221650,159,CDS
6187,1221708,1221949,241,CDS
6188,1222006,1222164,158,CDS
6189,1222222,1222791,569,CDS
6190,1219040,1219595,555,mRNA
6191,1219694,1220024,330,mRNA
6192,1220076,1220195,119,mRNA
6193,1220260,1220688,428,mRNA
6194,1221491,1221650,159,mRNA
6195,1221708,1221949,241,mRNA
6196,1222006,1222164,158,mRNA
6197,1222222,1223450,1228,mRNA
6198,1219093,1219595,502,CDS
6199,1219694,1220024,330,CDS
6200,1220076,1220195,119,CDS
6201,1220260,1220688,428,CDS
6202,1221491,1221650,159,CDS
6203,1221708,1221949,241,CDS
6204,1222006,1222164,158,CDS
6205,1222222,1222791,569,CDS
6206,1224603,1224953,350,mobile_element
6207,1225089,1230713,5624,gene
6208,1230498,1230713,215,mRNA
6209,1230306,1230420,114,mRNA
6210,1229580,1230118,538,mRNA
6211,1228653,1229515,862,mRNA
6212,1226899,1227499,600,mRNA
6213,1226505,1226846,341,mRNA
6214,1225089,1226444,1355,mRNA
6215,1230498,1230713,215,mRNA
6216,1230306,1230420,114,mRNA
6217,1229580,1230118,538,mRNA
6218,1228653,1229515,862,mRNA
6219,1226899,1227499,600,mRNA
6220,1226505,1226846,341,mRNA
6221,1225737,1226444,707,mRNA
6222,1230447,1230713,266,mRNA
6223,1229580,1230118,538,mRNA
6224,1228653,1229515,862,mRNA
6225,1226899,1227499,600,mRNA
6226,1226505,1226846,341,mRNA
6227,1225737,1226444,707,mRNA
6228,1229580,1229973,393,CDS
6229,1228653,1229515,862,CDS
6230,1226899,1227499,600,CDS
6231,1226505,1226846,341,CDS
6232,1226158,1226444,286,CDS
6233,1229580,1229973,393,CDS
6234,1228653,1229515,862,CDS
6235,1226899,1227499,600,CDS
6236,1226505,1226846,341,CDS
6237,1226158,1226444,286,CDS
6238,1229580,1229973,393,CDS
6239,1228653,1229515,862,CDS
6240,1226899,1227499,600,CDS
6241,1226505,1226846,341,CDS
6242,1226158,1226444,286,CDS
6243,1227679,1227905,226,mobile_element
6244,1228012,1228455,443,mobile_element
6245,1230837,1271759,40922,gene
6246,1230837,1231014,177,mRNA
6247,1233129,1233510,381,mRNA
6248,1234679,1234799,120,mRNA
6249,1241730,1241897,167,mRNA
6250,1243477,1243652,175,mRNA
6251,1243719,1243950,231,mRNA
6252,1244014,1244264,250,mRNA
6253,1244337,1244351,14,mRNA
6254,1245101,1245331,230,mRNA
6255,1245379,1245523,144,mRNA
6256,1245577,1245683,106,mRNA
6257,1245752,1245927,175,mRNA
6258,1245990,1246196,206,mRNA
6259,1247102,1247238,136,mRNA
6260,1248303,1248490,187,mRNA
6261,1248547,1248836,289,mRNA
6262,1250771,1250883,112,mRNA
6263,1255842,1255998,156,mRNA
6264,1261952,1262093,141,mRNA
6265,1264656,1264965,309,mRNA
6266,1265029,1265409,380,mRNA
6267,1270732,1270868,136,mRNA
6268,1270925,1271759,834,mRNA
6269,1231883,1232190,307,mRNA
6270,1233129,1233510,381,mRNA
6271,1234679,1234799,120,mRNA
6272,1241730,1241897,167,mRNA
6273,1243477,1243652,175,mRNA
6274,1243719,1243950,231,mRNA
6275,1244014,1244264,250,mRNA
6276,1244337,1244351,14,mRNA
6277,1245101,1245331,230,mRNA
6278,1245379,1245523,144,mRNA
6279,1245577,1245683,106,mRNA
6280,1245752,1245927,175,mRNA
6281,1245990,1246196,206,mRNA
6282,1247102,1247238,136,mRNA
6283,1248303,1248490,187,mRNA
6284,1248547,1248836,289,mRNA
6285,1250771,1250883,112,mRNA
6286,1254006,1254212,206,mRNA
6287,1255842,1255998,156,mRNA
6288,1261952,1262093,141,mRNA
6289,1262412,1262579,167,mRNA
6290,1264656,1264965,309,mRNA
6291,1265029,1265409,380,mRNA
6292,1270732,1270868,136,mRNA
6293,1270925,1271759,834,mRNA
6294,1231883,1232190,307,mRNA
6295,1233129,1233510,381,mRNA
6296,1234679,1234799,120,mRNA
6297,1241730,1241897,167,mRNA
6298,1243477,1243652,175,mRNA
6299,1243719,1243950,231,mRNA
6300,1244014,1244264,250,mRNA
6301,1244337,1244351,14,mRNA
6302,1245101,1245331,230,mRNA
6303,1245379,1245523,144,mRNA
6304,1245577,1245683,106,mRNA
6305,1245752,1245927,175,mRNA
6306,1245990,1246193,203,mRNA
6307,1247102,1247238,136,mRNA
6308,1248303,1248490,187,mRNA
6309,1248547,1248836,289,mRNA
6310,1250771,1250883,112,mRNA
6311,1254006,1254212,206,mRNA
6312,1255842,1255998,156,mRNA
6313,1261952,1262093,141,mRNA
6314,1264656,1264965,309,mRNA
6315,1265029,1265409,380,mRNA
6316,1270732,1270868,136,mRNA
6317,1270925,1271759,834,mRNA
6318,1231883,1232190,307,mRNA
6319,1233129,1233510,381,mRNA
6320,1234679,1234799,120,mRNA
6321,1241730,1241897,167,mRNA
6322,1243477,1243652,175,mRNA
6323,1243719,1243950,231,mRNA
6324,1244014,1244264,250,mRNA
6325,1244337,1244351,14,mRNA
6326,1245101,1245224,123,mRNA
6327,1245285,1245331,46,mRNA
6328,1245379,1245523,144,mRNA
6329,1245577,1245683,106,mRNA
6330,1245752,1245927,175,mRNA
6331,1245990,1246196,206,mRNA
6332,1247102,1247238,136,mRNA
6333,1248303,1248490,187,mRNA
6334,1248547,1248836,289,mRNA
6335,1250771,1250883,112,mRNA
6336,1255842,1255998,156,mRNA
6337,1261952,1262093,141,mRNA
6338,1262412,1262579,167,mRNA
6339,1264656,1264965,309,mRNA
6340,1265029,1265409,380,mRNA
6341,1270732,1270868,136,mRNA
6342,1270925,1271759,834,mRNA
6343,1231883,1232190,307,mRNA
6344,1233129,1233510,381,mRNA
6345,1234679,1234799,120,mRNA
6346,1241730,1241897,167,mRNA
6347,1243477,1243652,175,mRNA
6348,1243719,1243950,231,mRNA
6349,1244014,1244264,250,mRNA
6350,1245101,1245331,230,mRNA
6351,1245379,1245523,144,mRNA
6352,1245577,1245683,106,mRNA
6353,1245752,1245927,175,mRNA
6354,1245990,1246196,206,mRNA
6355,1247102,1247238,136,mRNA
6356,1248303,1248490,187,mRNA
6357,1248547,1248836,289,mRNA
6358,1250771,1250883,112,mRNA
6359,1254006,1254212,206,mRNA
6360,1255842,1255998,156,mRNA
6361,1261952,1262093,141,mRNA
6362,1262412,1262579,167,mRNA
6363,1264656,1264965,309,mRNA
6364,1265029,1265409,380,mRNA
6365,1270732,1270868,136,mRNA
6366,1270925,1271759,834,mRNA
6367,1232923,1233072,149,mobile_element
6368,1233170,1233510,340,CDS
6369,1234679,1234799,120,CDS
6370,1241730,1241897,167,CDS
6371,1243477,1243652,175,CDS
6372,1243719,1243950,231,CDS
6373,1244014,1244264,250,CDS
6374,1244337,1244351,14,CDS
6375,1245101,1245331,230,CDS
6376,1245379,1245523,144,CDS
6377,1245577,1245683,106,CDS
6378,1245752,1245927,175,CDS
6379,1245990,1246196,206,CDS
6380,1247102,1247238,136,CDS
6381,1248303,1248490,187,CDS
6382,1248547,1248836,289,CDS
6383,1250771,1250883,112,CDS
6384,1254006,1254212,206,CDS
6385,1255842,1255998,156,CDS
6386,1261952,1262093,141,CDS
6387,1262412,1262579,167,CDS
6388,1264656,1264965,309,CDS
6389,1265029,1265409,380,CDS
6390,1270732,1270868,136,CDS
6391,1270925,1271129,204,CDS
6392,1233170,1233510,340,CDS
6393,1234679,1234799,120,CDS
6394,1241730,1241897,167,CDS
6395,1243477,1243652,175,CDS
6396,1243719,1243950,231,CDS
6397,1244014,1244264,250,CDS
6398,1244337,1244351,14,CDS
6399,1245101,1245331,230,CDS
6400,1245379,1245523,144,CDS
6401,1245577,1245683,106,CDS
6402,1245752,1245927,175,CDS
6403,1245990,1246196,206,CDS
6404,1247102,1247238,136,CDS
6405,1248303,1248490,187,CDS
6406,1248547,1248836,289,CDS
6407,1250771,1250883,112,CDS
6408,1255842,1255998,156,CDS
6409,1261952,1262093,141,CDS
6410,1264656,1264965,309,CDS
6411,1265029,1265409,380,CDS
6412,1270732,1270868,136,CDS
6413,1270925,1271129,204,CDS
6414,1233170,1233510,340,CDS
6415,1234679,1234799,120,CDS
6416,1241730,1241897,167,CDS
6417,1243477,1243652,175,CDS
6418,1243719,1243950,231,CDS
6419,1244014,1244264,250,CDS
6420,1244337,1244351,14,CDS
6421,1245101,1245331,230,CDS
6422,1245379,1245523,144,CDS
6423,1245577,1245683,106,CDS
6424,1245752,1245927,175,CDS
6425,1245990,1246193,203,CDS
6426,1247102,1247238,136,CDS
6427,1248303,1248490,187,CDS
6428,1248547,1248836,289,CDS
6429,1250771,1250883,112,CDS
6430,1254006,1254212,206,CDS
6431,1255842,1255998,156,CDS
6432,1261952,1262093,141,CDS
6433,1264656,1264965,309,CDS
6434,1265029,1265409,380,CDS
6435,1270732,1270868,136,CDS
6436,1270925,1271129,204,CDS
6437,1233170,1233510,340,CDS
6438,1234679,1234799,120,CDS
6439,1241730,1241897,167,CDS
6440,1243477,1243652,175,CDS
6441,1243719,1243950,231,CDS
6442,1244014,1244264,250,CDS
6443,1244337,1244351,14,CDS
6444,1245101,1245224,123,CDS
6445,1245285,1245331,46,CDS
6446,1245379,1245523,144,CDS
6447,1245577,1245683,106,CDS
6448,1245752,1245927,175,CDS
6449,1245990,1246196,206,CDS
6450,1247102,1247238,136,CDS
6451,1248303,1248490,187,CDS
6452,1248547,1248836,289,CDS
6453,1250771,1250883,112,CDS
6454,1255842,1255998,156,CDS
6455,1261952,1262093,141,CDS
6456,1262412,1262579,167,CDS
6457,1264656,1264965,309,CDS
6458,1265029,1265409,380,CDS
6459,1270732,1270868,136,CDS
6460,1270925,1271129,204,CDS
6461,1233170,1233510,340,CDS
6462,1234679,1234799,120,CDS
6463,1241730,1241897,167,CDS
6464,1243477,1243652,175,CDS
6465,1243719,1243950,231,CDS
6466,1244014,1244264,250,CDS
6467,1245101,1245331,230,CDS
6468,1245379,1245523,144,CDS
6469,1245577,1245683,106,CDS
6470,1245752,1245927,175,CDS
6471,1245990,1246196,206,CDS
6472,1247102,1247238,136,CDS
6473,1248303,1248490,187,CDS
6474,1248547,1248836,289,CDS
6475,1250771,1250883,112,CDS
6476,1254006,1254212,206,CDS
6477,1255842,1255998,156,CDS
6478,1261952,1262093,141,CDS
6479,1262412,1262579,167,CDS
6480,1264656,1264965,309,CDS
6481,1265029,1265409,380,CDS
6482,1270732,1270868,136,CDS
6483,1270925,1271129,204,CDS
6484,1233839,1233915,76,mobile_element
6485,1234105,1234445,340,mobile_element
6486,1238222,1241096,2874,mobile_element
6487,1241115,1241458,343,mobile_element
6488,1242977,1243120,143,mobile_element
6489,1247285,1247633,348,mobile_element
6490,1247634,1248167,533,mobile_element
6491,1248996,1249053,57,mobile_element
6492,1249348,1250418,1070,mobile_element
6493,1252709,1252805,96,mobile_element
6494,1252868,1253001,133,mobile_element
6495,1256227,1260813,4586,mobile_element
6496,1257060,1258095,1035,mobile_element
6497,1258096,1259175,1079,mobile_element
6498,1259218,1260306,1088,mobile_element
6499,1261516,1261787,271,mobile_element
6500,1263507,1263580,73,mobile_element
6501,1265878,1266322,444,mobile_element
6502,1266559,1267388,829,mobile_element
6503,1267635,1268792,1157,mobile_element
6504,1268793,1269160,367,mobile_element
6505,1269212,1269359,147,mobile_element
6506,1269839,1270071,232,mobile_element
6507,1270253,1270622,369,mobile_element
6508,1272114,1272133,19,mobile_element
6509,1272188,1272496,308,mobile_element
6510,1272497,1272539,42,mobile_element
6511,1272540,1272856,316,mobile_element
6512,1272857,1273949,1092,mobile_element
6513,1273946,1274055,109,mobile_element
6514,1274056,1274133,77,mobile_element
6515,1274141,1274608,467,mobile_element
6516,1274609,1274637,28,mobile_element
6517,1274638,1277576,2938,mobile_element
6518,1274783,1276990,2207,mobile_element
6519,1275635,1276728,1093,mobile_element
6520,1277577,1278360,783,mobile_element
6521,1278361,1278379,18,mobile_element
6522,1278380,1278393,13,mobile_element
6523,1278394,1278405,11,mobile_element
6524,1278406,1278429,23,mobile_element
6525,1278430,1281474,3044,mobile_element
6526,1281475,1282539,1064,mobile_element
6527,1282540,1288109,5569,mobile_element
6528,1288110,1289098,988,mobile_element
6529,1289099,1294943,5844,mobile_element
6530,1294944,1294960,16,mobile_element
6531,1294961,1294974,13,mobile_element
6532,1294975,1294980,5,mobile_element
6533,1294981,1294990,9,mobile_element
6534,1294991,1295015,24,mobile_element
6535,1295016,1296989,1973,mobile_element
6536,1296990,1301833,4843,mobile_element
6537,1301834,1307750,5916,mobile_element
6538,1307751,1307767,16,mobile_element
6539,1307768,1307790,22,mobile_element
6540,1307791,1307802,11,mobile_element
6541,1307803,1307812,9,mobile_element
6542,1307813,1307845,32,mobile_element
6543,1307846,1307883,37,mobile_element
6544,1307884,1308359,475,mobile_element
6545,1308360,1314184,5824,mobile_element
6546,1314185,1314195,10,mobile_element
6547,1314196,1314209,13,mobile_element
6548,1314210,1314229,19,mobile_element
6549,1314230,1314246,16,mobile_element
6550,1314247,1314313,66,mobile_element
6551,1314314,1314341,27,mobile_element
6552,1314342,1320140,5798,mobile_element
6553,1320141,1332489,12348,mobile_element
6554,1332490,1333118,628,mobile_element
6555,1333119,1345424,12305,mobile_element
6556,1345425,1345937,512,mobile_element
