,start,end,lenght,feature
0,20160,20765,605,mobile_element
1,21412,21838,426,mobile_element
2,22428,26308,3880,gene
3,22428,22482,54,mRNA
4,22544,24696,2152,mRNA
5,24752,24908,156,mRNA
6,25089,25280,191,mRNA
7,25341,25559,218,mRNA
8,25619,25976,357,mRNA
9,26030,26308,278,mRNA
10,24173,24696,523,mRNA
11,24752,24908,156,mRNA
12,25089,25280,191,mRNA
13,25341,25559,218,mRNA
14,25619,25976,357,mRNA
15,26030,26308,278,mRNA
16,24193,24696,503,CDS
17,24752,24908,156,CDS
18,25089,25280,191,CDS
19,25341,25559,218,CDS
20,25619,25976,357,CDS
21,26030,26078,48,CDS
22,24193,24696,503,CDS
23,24752,24908,156,CDS
24,25089,25280,191,CDS
25,25341,25559,218,CDS
26,25619,25976,357,CDS
27,26030,26078,48,CDS
28,27654,28800,1146,mobile_element
29,28807,28899,92,mobile_element
30,33790,34115,325,mobile_element
31,37117,37158,41,mobile_element
32,37328,37369,41,mobile_element
33,38373,38850,477,mobile_element
34,38858,39247,389,mobile_element
35,43547,43653,106,mobile_element
36,45407,45785,378,mobile_element
37,48482,48576,94,mobile_element
38,52498,52539,41,mobile_element
39,53873,54751,878,gene
40,53873,54751,878,mRNA
41,54481,54669,188,CDS
42,55873,55927,54,mobile_element
43,56776,56892,116,mobile_element
44,59736,59925,189,mobile_element
45,61764,61807,43,mobile_element
46,64643,64907,264,mobile_element
47,65618,65929,311,mobile_element
48,66430,68995,2565,gene
49,66430,66721,291,mRNA
50,66787,68995,2208,mRNA
51,66515,66721,206,CDS
52,66787,68898,2111,CDS
53,69138,69894,756,gene
54,69138,69894,756,ncRNA
55,70504,71042,538,gene
56,70504,71042,538,ncRNA
57,70851,71396,545,gene
58,70851,71026,175,ncRNA
59,71097,71396,299,ncRNA
60,72196,73101,905,gene
61,72766,73101,335,ncRNA
62,72196,72529,333,ncRNA
63,73945,75332,1387,gene
64,74454,75332,878,mRNA
65,73945,74391,446,mRNA
66,74486,75270,784,mRNA
67,74638,75210,572,CDS
68,74638,75210,572,CDS
69,78013,78446,433,mobile_element
70,84579,84701,122,mobile_element
71,91047,91474,427,mobile_element
72,91658,91811,153,mobile_element
73,92336,92387,51,mobile_element
74,97628,98375,747,gene
75,98285,98375,90,mRNA
76,97628,98144,516,mRNA
77,98285,98329,44,CDS
78,97923,98144,221,CDS
79,98888,98945,57,mobile_element
80,100165,100565,400,mobile_element
81,110267,119375,9108,mobile_element
82,125009,125420,411,gene
83,125009,125420,411,ncRNA
84,125421,125833,412,gene
85,125421,125833,412,ncRNA
86,127321,127666,345,gene
87,127321,127666,345,ncRNA
88,129450,145895,16445,gene
89,129450,129888,438,mRNA
90,135458,135842,384,mRNA
91,135967,136335,368,mRNA
92,141770,142879,1109,mRNA
93,142943,143217,274,mRNA
94,143515,145895,2380,mRNA
95,129450,129888,438,mRNA
96,135458,135842,384,mRNA
97,135967,136335,368,mRNA
98,141770,142879,1109,mRNA
99,142943,143217,274,mRNA
100,143515,144642,1127,mRNA
101,129823,129888,65,CDS
102,135458,135842,384,CDS
103,135967,136335,368,CDS
104,141770,142879,1109,CDS
105,142943,143217,274,CDS
106,143515,143820,305,CDS
107,129823,129888,65,CDS
108,135458,135842,384,CDS
109,135967,136335,368,CDS
110,141770,142879,1109,CDS
111,142943,143217,274,CDS
112,143515,143820,305,CDS
113,130730,131571,841,gene
114,130730,131571,841,ncRNA
115,131812,132055,243,mRNA
116,135458,135842,384,mRNA
117,135967,136335,368,mRNA
118,141770,142879,1109,mRNA
119,142943,143217,274,mRNA
120,143515,145293,1778,mRNA
121,131812,131913,101,mRNA
122,135058,135384,326,mRNA
123,135458,135842,384,mRNA
124,135967,136335,368,mRNA
125,141770,142879,1109,mRNA
126,142943,143217,274,mRNA
127,143515,145293,1778,mRNA
128,131812,132530,718,mRNA
129,135458,135842,384,mRNA
130,135967,136335,368,mRNA
131,141770,142879,1109,mRNA
132,142943,143217,274,mRNA
133,143515,144642,1127,mRNA
134,132733,132809,76,mRNA
135,135458,135842,384,mRNA
136,135967,136335,368,mRNA
137,141770,142879,1109,mRNA
138,142943,143217,274,mRNA
139,143515,144054,539,mRNA
140,132795,132809,14,CDS
141,135458,135842,384,CDS
142,135967,136335,368,CDS
143,141770,142879,1109,CDS
144,142943,143217,274,CDS
145,143515,143820,305,CDS
146,135635,135842,207,CDS
147,135967,136335,368,CDS
148,141770,142879,1109,CDS
149,142943,143217,274,CDS
150,143515,143820,305,CDS
151,135635,135842,207,CDS
152,135967,136335,368,CDS
153,141770,142879,1109,CDS
154,142943,143217,274,CDS
155,143515,143820,305,CDS
156,135635,135842,207,CDS
157,135967,136335,368,CDS
158,141770,142879,1109,CDS
159,142943,143217,274,CDS
160,143515,143820,305,CDS
161,141066,141440,374,mRNA
162,141564,141691,127,mRNA
163,141770,142879,1109,mRNA
164,142943,143217,274,mRNA
165,143515,144054,539,mRNA
166,141255,141440,185,mRNA
167,141770,142879,1109,mRNA
168,142943,143217,274,mRNA
169,143515,145293,1778,mRNA
170,141556,141691,135,mRNA
171,141770,142879,1109,mRNA
172,142943,143217,274,mRNA
173,143515,145293,1778,mRNA
174,141841,142879,1038,CDS
175,142943,143217,274,CDS
176,143515,143820,305,CDS
177,141841,142879,1038,CDS
178,142943,143217,274,CDS
179,143515,143820,305,CDS
180,141841,142879,1038,CDS
181,142943,143217,274,CDS
182,143515,143820,305,CDS
183,146433,149056,2623,gene
184,146433,146706,273,mRNA
185,146772,147398,626,mRNA
186,147453,147883,430,mRNA
187,147936,148413,477,mRNA
188,148462,148645,183,mRNA
189,148704,148841,137,mRNA
190,148895,149056,161,mRNA
191,146433,146706,273,mRNA
192,146772,147082,310,mRNA
193,147138,147398,260,mRNA
194,147453,147666,213,mRNA
195,147730,147883,153,mRNA
196,147936,148413,477,mRNA
197,148462,148645,183,mRNA
198,148704,148841,137,mRNA
199,148895,149056,161,mRNA
200,146433,146706,273,mRNA
201,146772,147082,310,mRNA
202,148462,148645,183,mRNA
203,148704,148841,137,mRNA
204,148895,149056,161,mRNA
205,146504,146706,202,CDS
206,146772,147082,310,CDS
207,147138,147398,260,CDS
208,147453,147666,213,CDS
209,147730,147883,153,CDS
210,147936,148413,477,CDS
211,148462,148645,183,CDS
212,148704,148841,137,CDS
213,148895,148970,75,CDS
214,146504,146706,202,CDS
215,146772,147082,310,CDS
216,148462,148645,183,CDS
217,148704,148841,137,CDS
218,148895,148970,75,CDS
219,147755,147883,128,CDS
220,147936,148413,477,CDS
221,148462,148645,183,CDS
222,148704,148841,137,CDS
223,148895,148970,75,CDS
224,149679,152589,2910,gene
225,152341,152589,248,mRNA
226,152123,152272,149,mRNA
227,151848,152069,221,mRNA
228,150349,151790,1441,mRNA
229,150084,150296,212,mRNA
230,149679,150018,339,mRNA
231,152341,152589,248,mRNA
232,152123,152298,175,mRNA
233,151848,152069,221,mRNA
234,150349,151790,1441,mRNA
235,150084,150296,212,mRNA
236,149679,150018,339,mRNA
237,152341,152397,56,CDS
238,152123,152272,149,CDS
239,151848,152069,221,CDS
240,150349,151790,1441,CDS
241,150084,150296,212,CDS
242,149808,150018,210,CDS
243,151848,152036,188,CDS
244,150349,151790,1441,CDS
245,150084,150296,212,CDS
246,149808,150018,210,CDS
247,152884,174517,21633,gene
248,152884,153304,420,mRNA
249,167476,167619,143,mRNA
250,168581,168850,269,mRNA
251,172061,174517,2456,mRNA
252,153071,153304,233,CDS
253,167476,167619,143,CDS
254,168581,168850,269,CDS
255,172061,173908,1847,CDS
256,157818,158211,393,gene
257,157818,158211,393,ncRNA
258,160804,161371,567,mRNA
259,167476,167619,143,mRNA
260,168581,168850,269,mRNA
261,172061,174517,2456,mRNA
262,161252,161371,119,CDS
263,167476,167619,143,CDS
264,168581,168850,269,CDS
265,172061,173908,1847,CDS
266,164030,164149,119,mobile_element
267,171741,171979,238,mRNA
268,172061,174517,2456,mRNA
269,171741,171868,127,mRNA
270,171936,171979,43,mRNA
271,172061,174517,2456,mRNA
272,171741,171868,127,mRNA
273,172061,174517,2456,mRNA
274,172202,173908,1706,CDS
275,172202,173908,1706,CDS
276,172205,173908,1703,CDS
277,175112,176228,1116,gene
278,175112,176228,1116,mRNA
279,175138,176104,966,gene
280,175138,176104,966,ncRNA
281,175193,176203,1010,CDS
282,176306,178963,2657,gene
283,178497,178635,138,mRNA
284,177382,178305,923,mRNA
285,177146,177328,182,mRNA
286,176306,177079,773,mRNA
287,178833,178963,130,mRNA
288,177382,177873,491,mRNA
289,177146,177328,182,mRNA
290,176502,177079,577,mRNA
291,178497,178635,138,mRNA
292,177382,177873,491,mRNA
293,177146,177328,182,mRNA
294,176502,177079,577,mRNA
295,178497,178635,138,mRNA
296,178236,178305,69,mRNA
297,177382,177873,491,mRNA
298,177146,177328,182,mRNA
299,176502,177079,577,mRNA
300,178497,178635,138,mRNA
301,178022,178305,283,mRNA
302,177382,177873,491,mRNA
303,177146,177328,182,mRNA
304,176502,177079,577,mRNA
305,177382,177837,455,CDS
306,177146,177328,182,CDS
307,176690,177079,389,CDS
308,177382,177837,455,CDS
309,177146,177328,182,CDS
310,176690,177079,389,CDS
311,177382,177837,455,CDS
312,177146,177328,182,CDS
313,176690,177079,389,CDS
314,177382,177837,455,CDS
315,177146,177328,182,CDS
316,176690,177079,389,CDS
317,177382,177837,455,CDS
318,177146,177328,182,CDS
319,176690,177079,389,CDS
320,179923,182535,2612,gene
321,179923,179991,68,mRNA
322,180740,181088,348,mRNA
323,181148,181431,283,mRNA
324,181490,181680,190,mRNA
325,181743,182535,792,mRNA
326,180292,180649,357,mRNA
327,180740,181088,348,mRNA
328,181148,181431,283,mRNA
329,181490,181680,190,mRNA
330,181743,182535,792,mRNA
331,180777,181088,311,CDS
332,181148,181431,283,CDS
333,181490,181680,190,CDS
334,181743,182416,673,CDS
335,180777,181088,311,CDS
336,181148,181431,283,CDS
337,181490,181680,190,CDS
338,181743,182416,673,CDS
339,182522,184540,2018,gene
340,184132,184540,408,mRNA
341,183758,184067,309,mRNA
342,182522,183702,1180,mRNA
343,182522,184424,1902,gene
344,184318,184424,106,mRNA
345,183758,184072,314,mRNA
346,182522,183702,1180,mRNA
347,184318,184424,106,mRNA
348,184132,184260,128,mRNA
349,183758,184067,309,mRNA
350,182522,183702,1180,mRNA
351,184318,184424,106,mRNA
352,184132,184260,128,mRNA
353,183758,184072,314,mRNA
354,182522,183702,1180,mRNA
355,184318,184424,106,mRNA
356,184132,184260,128,mRNA
357,183758,184072,314,mRNA
358,182522,183702,1180,mRNA
359,182654,183265,611,CDS
360,182654,183265,611,CDS
361,182654,183265,611,CDS
362,182654,183265,611,CDS
363,184318,184364,46,CDS
364,184132,184260,128,CDS
365,183758,184072,314,CDS
366,183273,183702,429,CDS
367,184626,186310,1684,gene
368,184626,184681,55,mRNA
369,184775,185074,299,mRNA
370,185135,185303,168,mRNA
371,185367,185864,497,mRNA
372,185926,186310,384,mRNA
373,184626,184681,55,mRNA
374,184778,185074,296,mRNA
375,185135,185303,168,mRNA
376,185367,185864,497,mRNA
377,185926,186310,384,mRNA
378,184626,184669,43,mRNA
379,184775,185074,299,mRNA
380,185135,185303,168,mRNA
381,185367,185864,497,mRNA
382,185926,186310,384,mRNA
383,184626,184669,43,mRNA
384,184778,185074,296,mRNA
385,185135,185303,168,mRNA
386,185367,185864,497,mRNA
387,185926,186310,384,mRNA
388,184626,184662,36,mRNA
389,184778,185074,296,mRNA
390,185135,185303,168,mRNA
391,185367,185864,497,mRNA
392,185926,186310,384,mRNA
393,184626,185074,448,mRNA
394,185135,185303,168,mRNA
395,185367,185864,497,mRNA
396,185926,186296,370,mRNA
397,184864,185074,210,CDS
398,185135,185303,168,CDS
399,185367,185864,497,CDS
400,185926,185998,72,CDS
401,184864,185074,210,CDS
402,185135,185303,168,CDS
403,185367,185864,497,CDS
404,185926,185998,72,CDS
405,184864,185074,210,CDS
406,185135,185303,168,CDS
407,185367,185864,497,CDS
408,185926,185998,72,CDS
409,184864,185074,210,CDS
410,185135,185303,168,CDS
411,185367,185864,497,CDS
412,185926,185998,72,CDS
413,184864,185074,210,CDS
414,185135,185303,168,CDS
415,185367,185864,497,CDS
416,185926,185998,72,CDS
417,184864,185074,210,CDS
418,185135,185303,168,CDS
419,185367,185864,497,CDS
420,185926,185998,72,CDS
421,187207,199762,12555,gene
422,199627,199762,135,mRNA
423,198762,199087,325,mRNA
424,198136,198689,553,mRNA
425,197880,198074,194,mRNA
426,197590,197806,216,mRNA
427,197348,197537,189,mRNA
428,196673,197289,616,mRNA
429,187207,196603,9396,mRNA
430,199463,199762,299,mRNA
431,198762,199087,325,mRNA
432,198136,198689,553,mRNA
433,197880,198074,194,mRNA
434,197590,197806,216,mRNA
435,197348,197537,189,mRNA
436,196673,197289,616,mRNA
437,187207,196603,9396,mRNA
438,199679,199762,83,mRNA
439,198762,199087,325,mRNA
440,198136,198689,553,mRNA
441,197880,198074,194,mRNA
442,197590,197806,216,mRNA
443,197348,197537,189,mRNA
444,196673,197289,616,mRNA
445,187986,196603,8617,mRNA
446,198136,198587,451,CDS
447,197880,198074,194,CDS
448,197590,197806,216,CDS
449,197348,197537,189,CDS
450,196673,197289,616,CDS
451,188549,196603,8054,CDS
452,198136,198587,451,CDS
453,197880,198074,194,CDS
454,197590,197806,216,CDS
455,197348,197537,189,CDS
456,196673,197289,616,CDS
457,188549,196603,8054,CDS
458,198136,198587,451,CDS
459,197880,198074,194,CDS
460,197590,197806,216,CDS
461,197348,197537,189,CDS
462,196673,197289,616,CDS
463,188549,196603,8054,CDS
464,200174,202152,1978,gene
465,200174,201060,886,mRNA
466,201171,201368,197,mRNA
467,201441,201758,317,mRNA
468,201817,202152,335,mRNA
469,200174,201060,886,mRNA
470,201174,201368,194,mRNA
471,201441,201758,317,mRNA
472,201817,202152,335,mRNA
473,200174,200297,123,mRNA
474,200390,201060,670,mRNA
475,201171,201368,197,mRNA
476,201441,201758,317,mRNA
477,201817,202152,335,mRNA
478,200472,201060,588,CDS
479,201171,201368,197,CDS
480,201441,201758,317,CDS
481,201817,202031,214,CDS
482,200472,201060,588,CDS
483,201171,201368,197,CDS
484,201441,201758,317,CDS
485,201817,202031,214,CDS
486,200472,201060,588,CDS
487,201174,201368,194,CDS
488,201441,201758,317,CDS
489,201817,202031,214,CDS
490,202098,205844,3746,gene
491,205665,205809,144,mRNA
492,205368,205472,104,mRNA
493,202489,203619,1130,mRNA
494,202098,202429,331,mRNA
495,205368,205844,476,mRNA
496,202489,203619,1130,mRNA
497,202105,202429,324,mRNA
498,205368,205637,269,CDS
499,202489,203619,1130,CDS
500,202214,202429,215,CDS
501,205368,205445,77,CDS
502,202489,203619,1130,CDS
503,202214,202429,215,CDS
504,203730,205309,1579,gene
505,203730,203790,60,mRNA
506,203844,205309,1465,mRNA
507,203860,205242,1382,CDS
508,206134,207527,1393,gene
509,206134,206318,184,mRNA
510,206376,207527,1151,mRNA
511,206192,206318,126,CDS
512,206376,207112,736,CDS
513,207184,211457,4273,gene
514,211292,211457,165,mRNA
515,210815,211219,404,mRNA
516,209784,210738,954,mRNA
517,209450,209713,263,mRNA
518,209142,209374,232,mRNA
519,208971,209079,108,mRNA
520,208372,208908,536,mRNA
521,208090,208317,227,mRNA
522,207184,207276,92,mRNA
523,211292,211457,165,mRNA
524,210815,211219,404,mRNA
525,209784,210738,954,mRNA
526,209450,209710,260,mRNA
527,209142,209374,232,mRNA
528,208971,209079,108,mRNA
529,208372,208908,536,mRNA
530,207887,208317,430,mRNA
531,211292,211457,165,mRNA
532,210815,211219,404,mRNA
533,209784,210738,954,mRNA
534,209435,209710,275,mRNA
535,209142,209374,232,mRNA
536,208971,209079,108,mRNA
537,208372,208908,536,mRNA
538,207887,208317,430,mRNA
539,211292,211457,165,mRNA
540,210815,211219,404,mRNA
541,209784,210738,954,mRNA
542,209450,209713,263,mRNA
543,209142,209374,232,mRNA
544,208971,209079,108,mRNA
545,208372,208908,536,mRNA
546,207887,208317,430,mRNA
547,211292,211457,165,mRNA
548,210815,211219,404,mRNA
549,209784,210738,954,mRNA
550,209435,209713,278,mRNA
551,209142,209374,232,mRNA
552,208971,209079,108,mRNA
553,208372,208908,536,mRNA
554,207887,208317,430,mRNA
555,211292,211308,16,CDS
556,210815,211219,404,CDS
557,209784,210738,954,CDS
558,209450,209710,260,CDS
559,209142,209374,232,CDS
560,208971,209079,108,CDS
561,208372,208908,536,CDS
562,208114,208317,203,CDS
563,211292,211308,16,CDS
564,210815,211219,404,CDS
565,209784,210738,954,CDS
566,209435,209710,275,CDS
567,209142,209374,232,CDS
568,208971,209079,108,CDS
569,208372,208908,536,CDS
570,208114,208317,203,CDS
571,211292,211308,16,CDS
572,210815,211219,404,CDS
573,209784,210738,954,CDS
574,209450,209713,263,CDS
575,209142,209374,232,CDS
576,208971,209079,108,CDS
577,208372,208908,536,CDS
578,208114,208317,203,CDS
579,211292,211308,16,CDS
580,210815,211219,404,CDS
581,209784,210738,954,CDS
582,209450,209713,263,CDS
583,209142,209374,232,CDS
584,208971,209079,108,CDS
585,208372,208908,536,CDS
586,208114,208317,203,CDS
587,211292,211308,16,CDS
588,210815,211219,404,CDS
589,209784,210738,954,CDS
590,209435,209713,278,CDS
591,209142,209374,232,CDS
592,208971,209079,108,CDS
593,208372,208908,536,CDS
594,208114,208317,203,CDS
595,211636,212687,1051,gene
596,212618,212687,69,mRNA
597,212445,212556,111,mRNA
598,211636,212379,743,mRNA
599,212618,212687,69,mRNA
600,212445,212559,114,mRNA
601,211636,212379,743,mRNA
602,212618,212687,69,CDS
603,212445,212556,111,CDS
604,211698,212379,681,CDS
605,212618,212687,69,CDS
606,212445,212559,114,CDS
607,211698,212379,681,CDS
608,212709,216479,3770,gene
609,212709,213976,1267,mRNA
610,214032,215451,1419,mRNA
611,215505,215624,119,mRNA
612,215683,216479,796,mRNA
613,212709,212784,75,mRNA
614,212844,213976,1132,mRNA
615,214032,215451,1419,mRNA
616,215505,215624,119,mRNA
617,215683,216479,796,mRNA
618,212750,212784,34,CDS
619,212844,213976,1132,CDS
620,214032,215451,1419,CDS
621,215505,215624,119,CDS
622,215683,216109,426,CDS
623,212845,213976,1131,CDS
624,214032,215451,1419,CDS
625,215505,215624,119,CDS
626,215683,216109,426,CDS
627,216625,218058,1433,gene
628,216625,216706,81,mRNA
629,216761,217109,348,mRNA
630,217220,217442,222,mRNA
631,217491,217775,284,mRNA
632,217855,218058,203,mRNA
633,216625,216931,306,gene
634,216625,216931,306,exon
635,216692,217109,417,mRNA
636,217220,217442,222,mRNA
637,217491,217775,284,mRNA
638,217855,218058,203,mRNA
639,217370,217442,72,mRNA
640,217491,218058,567,mRNA
641,217370,217442,72,mRNA
642,217491,217775,284,mRNA
643,217855,218058,203,mRNA
644,217421,217442,21,CDS
645,217491,217775,284,CDS
646,217855,217892,37,CDS
647,217421,217442,21,CDS
648,217491,217775,284,CDS
649,217855,217892,37,CDS
650,217421,217442,21,CDS
651,217491,217775,284,CDS
652,217855,217892,37,CDS
653,217421,217442,21,CDS
654,217491,217816,325,CDS
655,217932,223069,5137,gene
656,222585,223069,484,mRNA
657,222270,222513,243,mRNA
658,221961,222216,255,mRNA
659,221589,221878,289,mRNA
660,221256,221524,268,mRNA
661,220507,220582,75,mRNA
662,219713,220444,731,mRNA
663,218261,219645,1384,mRNA
664,217932,218160,228,mRNA
665,220642,220721,79,mRNA
666,220507,220582,75,mRNA
667,219713,220444,731,mRNA
668,218261,219645,1384,mRNA
669,217932,218160,228,mRNA
670,218068,218663,595,gene
671,218068,218195,127,mRNA
672,218280,218658,378,mRNA
673,218161,218195,34,mRNA
674,218283,218663,380,mRNA
675,218180,218195,15,CDS
676,218280,218590,310,CDS
677,218180,218195,15,CDS
678,218283,218590,307,CDS
679,222585,222611,26,CDS
680,222270,222513,243,CDS
681,221961,222216,255,CDS
682,221589,221878,289,CDS
683,221256,221524,268,CDS
684,220507,220582,75,CDS
685,219713,220444,731,CDS
686,218669,219645,976,CDS
687,219713,220352,639,CDS
688,218669,219645,976,CDS
689,223635,223683,48,mobile_element
690,223852,225605,1753,gene
691,223852,225605,1753,mRNA
692,224106,230964,6858,gene
693,224106,224183,77,ncRNA
694,224973,225140,167,ncRNA
695,225726,229244,3518,ncRNA
696,229589,230964,1375,ncRNA
697,224106,224183,77,ncRNA
698,224973,225140,167,ncRNA
699,225726,227764,2038,ncRNA
700,227821,230964,3143,ncRNA
701,224106,224183,77,ncRNA
702,224973,225140,167,ncRNA
703,225726,227459,1733,ncRNA
704,227518,230964,3446,ncRNA
705,224106,224183,77,ncRNA
706,224973,225140,167,ncRNA
707,225726,230959,5233,ncRNA
708,224106,224183,77,ncRNA
709,224973,225140,167,ncRNA
710,225726,225849,123,ncRNA
711,225910,230959,5049,ncRNA
712,224106,225605,1499,mRNA
713,224254,224757,503,CDS
714,224254,224757,503,CDS
715,230971,231604,633,gene
716,231556,231604,48,mRNA
717,230971,231485,514,mRNA
718,231556,231589,33,CDS
719,231016,231485,469,CDS
720,231681,232350,669,gene
721,231960,232350,390,mRNA
722,231681,231892,211,mRNA
723,231960,232302,342,CDS
724,231834,231892,58,CDS
725,232480,233351,871,gene
726,233323,233351,28,mRNA
727,233125,233264,139,mRNA
728,232848,233072,224,mRNA
729,232480,232790,310,mRNA
730,233323,233351,28,CDS
731,233125,233264,139,CDS
732,232848,233072,224,CDS
733,232657,232790,133,CDS
734,233926,246912,12986,gene
735,246886,246912,26,mRNA
736,245928,246323,395,mRNA
737,241564,245475,3911,mRNA
738,241118,241501,383,mRNA
739,240734,241057,323,mRNA
740,239243,240667,1424,mRNA
741,239055,239185,130,mRNA
742,236139,236427,288,mRNA
743,235579,236074,495,mRNA
744,235410,235514,104,mRNA
745,234982,235345,363,mRNA
746,234568,234652,84,mRNA
747,233926,234504,578,mRNA
748,246795,246912,117,mRNA
749,245928,246323,395,mRNA
750,241564,245475,3911,mRNA
751,241118,241498,380,mRNA
752,240734,241057,323,mRNA
753,239243,240667,1424,mRNA
754,239055,239185,130,mRNA
755,236139,236427,288,mRNA
756,235579,236074,495,mRNA
757,235410,235514,104,mRNA
758,234982,235345,363,mRNA
759,234568,234652,84,mRNA
760,233926,234504,578,mRNA
761,246795,246912,117,mRNA
762,245928,246323,395,mRNA
763,241564,245475,3911,mRNA
764,241118,241501,383,mRNA
765,240734,241057,323,mRNA
766,239243,240667,1424,mRNA
767,239055,239185,130,mRNA
768,236863,236906,43,mRNA
769,236139,236427,288,mRNA
770,235579,236074,495,mRNA
771,235410,235514,104,mRNA
772,234982,235345,363,mRNA
773,234568,234652,84,mRNA
774,233926,234504,578,mRNA
775,246428,246912,484,mRNA
776,245928,246323,395,mRNA
777,241564,245475,3911,mRNA
778,241118,241501,383,mRNA
779,240734,241057,323,mRNA
780,239243,240667,1424,mRNA
781,239055,239185,130,mRNA
782,236139,236427,288,mRNA
783,235579,236074,495,mRNA
784,235410,235514,104,mRNA
785,234982,235345,363,mRNA
786,234568,234652,84,mRNA
787,233926,234504,578,mRNA
788,246383,246912,529,mRNA
789,245928,246323,395,mRNA
790,241564,245475,3911,mRNA
791,241118,241501,383,mRNA
792,240734,241057,323,mRNA
793,240177,240667,490,mRNA
794,239243,240116,873,mRNA
795,239055,239185,130,mRNA
796,236139,236427,288,mRNA
797,235579,236074,495,mRNA
798,235410,235514,104,mRNA
799,234982,235345,363,mRNA
800,234568,234652,84,mRNA
801,233926,234504,578,mRNA
802,246383,246912,529,mRNA
803,245928,246323,395,mRNA
804,241564,245475,3911,mRNA
805,241118,241501,383,mRNA
806,240734,241057,323,mRNA
807,239243,240667,1424,mRNA
808,239055,239185,130,mRNA
809,236139,236427,288,mRNA
810,235579,236074,495,mRNA
811,235410,235514,104,mRNA
812,234982,235345,363,mRNA
813,234568,234652,84,mRNA
814,233926,234504,578,mRNA
815,246383,246912,529,mRNA
816,245928,246323,395,mRNA
817,241564,245475,3911,mRNA
818,241118,241501,383,mRNA
819,240734,241057,323,mRNA
820,239243,240667,1424,mRNA
821,239055,239185,130,mRNA
822,236554,236755,201,mRNA
823,236139,236501,362,mRNA
824,235579,236074,495,mRNA
825,235410,235514,104,mRNA
826,234982,235345,363,mRNA
827,234568,234652,84,mRNA
828,233926,234504,578,mRNA
829,245928,246216,288,CDS
830,241564,245475,3911,CDS
831,241118,241498,380,CDS
832,240734,241057,323,CDS
833,239243,240667,1424,CDS
834,239055,239185,130,CDS
835,236139,236427,288,CDS
836,235579,236074,495,CDS
837,235410,235514,104,CDS
838,234982,235345,363,CDS
839,234568,234652,84,CDS
840,234299,234504,205,CDS
841,245928,246216,288,CDS
842,241564,245475,3911,CDS
843,241118,241501,383,CDS
844,240734,241057,323,CDS
845,240177,240667,490,CDS
846,239243,240116,873,CDS
847,239055,239185,130,CDS
848,236139,236427,288,CDS
849,235579,236074,495,CDS
850,235410,235514,104,CDS
851,234982,235345,363,CDS
852,234568,234652,84,CDS
853,234299,234504,205,CDS
854,245928,246216,288,CDS
855,241564,245475,3911,CDS
856,241118,241501,383,CDS
857,240734,241057,323,CDS
858,239243,240667,1424,CDS
859,239055,239185,130,CDS
860,236139,236427,288,CDS
861,235579,236074,495,CDS
862,235410,235514,104,CDS
863,234982,235345,363,CDS
864,234568,234652,84,CDS
865,234299,234504,205,CDS
866,245928,246216,288,CDS
867,241564,245475,3911,CDS
868,241118,241501,383,CDS
869,240734,241057,323,CDS
870,239243,240667,1424,CDS
871,239055,239185,130,CDS
872,236139,236427,288,CDS
873,235579,236074,495,CDS
874,235410,235514,104,CDS
875,234982,235345,363,CDS
876,234568,234652,84,CDS
877,234299,234504,205,CDS
878,245928,246216,288,CDS
879,241564,245475,3911,CDS
880,241118,241501,383,CDS
881,240734,241057,323,CDS
882,239243,240667,1424,CDS
883,239055,239185,130,CDS
884,236139,236427,288,CDS
885,235579,236074,495,CDS
886,235410,235514,104,CDS
887,234982,235345,363,CDS
888,234568,234652,84,CDS
889,234299,234504,205,CDS
890,245928,246216,288,CDS
891,241564,245475,3911,CDS
892,241118,241501,383,CDS
893,240734,241057,323,CDS
894,239243,240667,1424,CDS
895,239055,239185,130,CDS
896,236554,236755,201,CDS
897,236139,236501,362,CDS
898,235579,236074,495,CDS
899,235410,235514,104,CDS
900,234982,235345,363,CDS
901,234568,234652,84,CDS
902,234299,234504,205,CDS
903,245928,246216,288,CDS
904,241564,245475,3911,CDS
905,241118,241501,383,CDS
906,240734,241057,323,CDS
907,239243,240667,1424,CDS
908,239055,239185,130,CDS
909,236880,236906,26,CDS
910,246795,246912,117,mRNA
911,245928,246323,395,mRNA
912,241564,245475,3911,mRNA
913,241118,241501,383,mRNA
914,240734,241057,323,mRNA
915,240177,240667,490,mRNA
916,239243,240116,873,mRNA
917,238323,239185,862,mRNA
918,246383,246912,529,mRNA
919,245928,246323,395,mRNA
920,241564,245475,3911,mRNA
921,241118,241501,383,mRNA
922,240734,241057,323,mRNA
923,239243,240667,1424,mRNA
924,238323,239185,862,mRNA
925,245928,246216,288,CDS
926,241564,245475,3911,CDS
927,241118,241501,383,CDS
928,240734,241057,323,CDS
929,240177,240667,490,CDS
930,239243,240116,873,CDS
931,239040,239185,145,CDS
932,245928,246216,288,CDS
933,241564,245475,3911,CDS
934,241118,241501,383,CDS
935,240734,241057,323,CDS
936,239243,240667,1424,CDS
937,239040,239185,145,CDS
938,247491,250305,2814,gene
939,247491,247620,129,mRNA
940,247983,248116,133,mRNA
941,248202,248621,419,mRNA
942,248676,248865,189,mRNA
943,248919,249342,423,mRNA
944,249401,249477,76,mRNA
945,249532,249650,118,mRNA
946,249709,250305,596,mRNA
947,248001,248116,115,CDS
948,248202,248621,419,CDS
949,248676,248865,189,CDS
950,248919,249342,423,CDS
951,249401,249477,76,CDS
952,249532,249650,118,CDS
953,249709,249964,255,CDS
954,250229,257954,7725,gene
955,257553,257954,401,mRNA
956,257130,257201,71,mRNA
957,256649,257056,407,mRNA
958,256214,256590,376,mRNA
959,255814,255904,90,mRNA
960,255163,255715,552,mRNA
961,254697,255037,340,mRNA
962,253314,254636,1322,mRNA
963,252835,252944,109,mRNA
964,252694,252775,81,mRNA
965,252539,252643,104,mRNA
966,252112,252481,369,mRNA
967,251390,252050,660,mRNA
968,250877,251325,448,mRNA
969,250671,250819,148,mRNA
970,250229,250613,384,mRNA
971,257553,257954,401,mRNA
972,257130,257201,71,mRNA
973,256649,257056,407,mRNA
974,256214,256590,376,mRNA
975,255814,255904,90,mRNA
976,255163,255715,552,mRNA
977,254697,255037,340,mRNA
978,253314,254636,1322,mRNA
979,252835,252995,160,mRNA
980,252694,252775,81,mRNA
981,252539,252643,104,mRNA
982,252112,252481,369,mRNA
983,251390,252050,660,mRNA
984,250877,251325,448,mRNA
985,250671,250819,148,mRNA
986,250229,250613,384,mRNA
987,257553,257954,401,mRNA
988,257130,257201,71,mRNA
989,256649,257056,407,mRNA
990,256214,256593,379,mRNA
991,255814,255904,90,mRNA
992,255163,255715,552,mRNA
993,254697,255037,340,mRNA
994,253314,254636,1322,mRNA
995,252835,252944,109,mRNA
996,252694,252775,81,mRNA
997,252539,252643,104,mRNA
998,252112,252481,369,mRNA
999,251390,252050,660,mRNA
1000,250877,251325,448,mRNA
1001,250671,250819,148,mRNA
1002,250229,250613,384,mRNA
1003,257553,257954,401,mRNA
1004,257130,257201,71,mRNA
1005,256649,257056,407,mRNA
1006,256214,256593,379,mRNA
1007,255814,255904,90,mRNA
1008,255163,255715,552,mRNA
1009,254697,255037,340,mRNA
1010,253314,254636,1322,mRNA
1011,252835,252995,160,mRNA
1012,252694,252775,81,mRNA
1013,252539,252643,104,mRNA
1014,252112,252463,351,mRNA
1015,251390,252050,660,mRNA
1016,250877,251325,448,mRNA
1017,250671,250819,148,mRNA
1018,250229,250613,384,mRNA
1019,257553,257954,401,mRNA
1020,257130,257201,71,mRNA
1021,256649,257056,407,mRNA
1022,256214,256593,379,mRNA
1023,255814,255904,90,mRNA
1024,255163,255715,552,mRNA
1025,254697,255037,340,mRNA
1026,253314,254636,1322,mRNA
1027,252835,252995,160,mRNA
1028,252694,252775,81,mRNA
1029,252539,252643,104,mRNA
1030,252112,252481,369,mRNA
1031,251390,252050,660,mRNA
1032,250877,251325,448,mRNA
1033,250671,250819,148,mRNA
1034,250229,250613,384,mRNA
1035,257553,257625,72,CDS
1036,257130,257201,71,CDS
1037,256649,257056,407,CDS
1038,256214,256590,376,CDS
1039,255814,255904,90,CDS
1040,255163,255715,552,CDS
1041,254697,255037,340,CDS
1042,253314,254636,1322,CDS
1043,252835,252944,109,CDS
1044,252694,252775,81,CDS
1045,252539,252643,104,CDS
1046,252112,252481,369,CDS
1047,251390,252050,660,CDS
1048,250877,251325,448,CDS
1049,250671,250819,148,CDS
1050,250510,250613,103,CDS
1051,257553,257625,72,CDS
1052,257130,257201,71,CDS
1053,256649,257056,407,CDS
1054,256214,256590,376,CDS
1055,255814,255904,90,CDS
1056,255163,255715,552,CDS
1057,254697,255037,340,CDS
1058,253314,254636,1322,CDS
1059,252835,252995,160,CDS
1060,252694,252775,81,CDS
1061,252539,252643,104,CDS
1062,252112,252481,369,CDS
1063,251390,252050,660,CDS
1064,250877,251325,448,CDS
1065,250671,250819,148,CDS
1066,250510,250613,103,CDS
1067,257553,257625,72,CDS
1068,257130,257201,71,CDS
1069,256649,257056,407,CDS
1070,256214,256593,379,CDS
1071,255814,255904,90,CDS
1072,255163,255715,552,CDS
1073,254697,255037,340,CDS
1074,253314,254636,1322,CDS
1075,252835,252944,109,CDS
1076,252694,252775,81,CDS
1077,252539,252643,104,CDS
1078,252112,252481,369,CDS
1079,251390,252050,660,CDS
1080,250877,251325,448,CDS
1081,250671,250819,148,CDS
1082,250510,250613,103,CDS
1083,257553,257625,72,CDS
1084,257130,257201,71,CDS
1085,256649,257056,407,CDS
1086,256214,256593,379,CDS
1087,255814,255904,90,CDS
1088,255163,255715,552,CDS
1089,254697,255037,340,CDS
1090,253314,254636,1322,CDS
1091,252835,252995,160,CDS
1092,252694,252775,81,CDS
1093,252539,252643,104,CDS
1094,252112,252463,351,CDS
1095,251390,252050,660,CDS
1096,250877,251325,448,CDS
1097,250671,250819,148,CDS
1098,250510,250613,103,CDS
1099,257553,257625,72,CDS
1100,257130,257201,71,CDS
1101,256649,257056,407,CDS
1102,256214,256593,379,CDS
1103,255814,255904,90,CDS
1104,255163,255715,552,CDS
1105,254697,255037,340,CDS
1106,253314,254636,1322,CDS
1107,252835,252995,160,CDS
1108,252694,252775,81,CDS
1109,252539,252643,104,CDS
1110,252112,252481,369,CDS
1111,251390,252050,660,CDS
1112,250877,251325,448,CDS
1113,250671,250819,148,CDS
1114,250510,250613,103,CDS
1115,258176,259097,921,gene
1116,258176,258395,219,mRNA
1117,258451,258763,312,mRNA
1118,258823,259097,274,mRNA
1119,258350,258395,45,mRNA
1120,258451,258763,312,mRNA
1121,258823,259097,274,mRNA
1122,258392,258395,3,CDS
1123,258451,258763,312,CDS
1124,258823,258997,174,CDS
1125,258392,258395,3,CDS
1126,258451,258763,312,CDS
1127,258823,258997,174,CDS
1128,258406,258763,357,mRNA
1129,258823,259097,274,mRNA
1130,258486,258763,277,CDS
1131,258823,258997,174,CDS
1132,259043,264380,5337,gene
1133,264118,264380,262,mRNA
1134,261978,262818,840,mRNA
1135,260311,261746,1435,mRNA
1136,259043,259913,870,mRNA
1137,264118,264380,262,mRNA
1138,261978,262818,840,mRNA
1139,260311,261746,1435,mRNA
1140,259295,259913,618,mRNA
1141,264118,264210,92,CDS
1142,261978,262818,840,CDS
1143,260311,261746,1435,CDS
1144,259503,259913,410,CDS
1145,264118,264210,92,CDS
1146,261978,262818,840,CDS
1147,260311,261746,1435,CDS
1148,259503,259913,410,CDS
1149,259970,260280,310,gene
1150,259970,260280,310,ncRNA
1151,261803,261953,150,gene
1152,261803,261953,150,ncRNA
1153,264779,265932,1153,gene
1154,264779,265049,270,mRNA
1155,265112,265932,820,mRNA
1156,264779,265049,270,mRNA
1157,265112,265596,484,mRNA
1158,264852,265049,197,CDS
1159,265112,265444,332,CDS
1160,264852,265049,197,CDS
1161,265112,265444,332,CDS
1162,265595,265908,313,gene
1163,265698,265908,210,mRNA
1164,265595,265641,46,mRNA
1165,265698,265908,210,CDS
1166,265595,265641,46,CDS
1167,267299,270336,3037,gene
1168,267299,267391,92,mRNA
1169,268220,268459,239,mRNA
1170,268563,268700,137,mRNA
1171,268781,268960,179,mRNA
1172,269097,270336,1239,mRNA
1173,267764,267869,105,mRNA
1174,268220,268459,239,mRNA
1175,268563,268700,137,mRNA
1176,268781,268960,179,mRNA
1177,269097,270336,1239,mRNA
1178,267764,267853,89,mRNA
1179,268220,268459,239,mRNA
1180,268563,268700,137,mRNA
1181,268781,268960,179,mRNA
1182,269097,270336,1239,mRNA
1183,268243,268459,216,CDS
1184,268563,268700,137,CDS
1185,268781,268960,179,CDS
1186,269097,269119,22,CDS
1187,268243,268459,216,CDS
1188,268563,268700,137,CDS
1189,268781,268960,179,CDS
1190,269097,269119,22,CDS
1191,268243,268459,216,CDS
1192,268563,268700,137,CDS
1193,268781,268960,179,CDS
1194,269097,269119,22,CDS
1195,271200,275018,3818,gene
1196,271200,271507,307,mRNA
1197,273550,274030,480,mRNA
1198,274104,274241,137,mRNA
1199,274595,274807,212,mRNA
1200,274867,275018,151,mRNA
1201,271420,273391,1971,gene
1202,271420,273391,1971,mRNA
1203,271638,271791,153,mRNA
1204,273550,274030,480,mRNA
1205,274104,274250,146,mRNA
1206,274595,274807,212,mRNA
1207,274867,275018,151,mRNA
1208,271638,271791,153,mRNA
1209,273550,274030,480,mRNA
1210,274104,274241,137,mRNA
1211,274595,274813,218,mRNA
1212,274867,275018,151,mRNA
1213,271638,271791,153,mRNA
1214,273550,274030,480,mRNA
1215,274104,274241,137,mRNA
1216,274595,274807,212,mRNA
1217,274867,275018,151,mRNA
1218,272210,273370,1160,CDS
1219,273344,273390,46,mRNA
1220,273550,274030,480,mRNA
1221,274104,274241,137,mRNA
1222,274595,274807,212,mRNA
1223,274867,275018,151,mRNA
1224,273565,274030,465,CDS
1225,274104,274250,146,CDS
1226,274595,274807,212,CDS
1227,274867,274889,22,CDS
1228,273565,274030,465,CDS
1229,274104,274241,137,CDS
1230,274595,274813,218,CDS
1231,274867,274889,22,CDS
1232,273565,274030,465,CDS
1233,274104,274241,137,CDS
1234,274595,274807,212,CDS
1235,274867,274889,22,CDS
1236,273565,274030,465,CDS
1237,274104,274241,137,CDS
1238,274595,274807,212,CDS
1239,274867,274889,22,CDS
1240,273565,274030,465,CDS
1241,274104,274241,137,CDS
1242,274595,274807,212,CDS
1243,274867,274889,22,CDS
1244,275155,276667,1512,gene
1245,275155,276667,1512,mRNA
1246,275338,276567,1229,CDS
1247,277437,305292,27855,gene
1248,277437,277755,318,mRNA
1249,278178,278331,153,mRNA
1250,278401,281056,2655,mRNA
1251,281124,281734,610,mRNA
1252,282087,282658,571,mRNA
1253,286598,288474,1876,mRNA
1254,288770,289280,510,mRNA
1255,289371,290327,956,mRNA
1256,290750,291112,362,mRNA
1257,291314,291397,83,mRNA
1258,298959,299016,57,mRNA
1259,300895,301681,786,mRNA
1260,301758,302301,543,mRNA
1261,302360,302522,162,mRNA
1262,302585,302691,106,mRNA
1263,302749,305292,2543,mRNA
1264,277437,277755,318,mRNA
1265,278178,278331,153,mRNA
1266,278401,281056,2655,mRNA
1267,281121,281734,613,mRNA
1268,282087,282658,571,mRNA
1269,286598,288474,1876,mRNA
1270,288770,289280,510,mRNA
1271,289371,290327,956,mRNA
1272,290750,291112,362,mRNA
1273,291314,291397,83,mRNA
1274,298959,299016,57,mRNA
1275,300895,301681,786,mRNA
1276,301758,302301,543,mRNA
1277,302360,302522,162,mRNA
1278,302585,302691,106,mRNA
1279,302749,304096,1347,mRNA
1280,278200,278331,131,CDS
1281,278401,281056,2655,CDS
1282,281121,281734,613,CDS
1283,282087,282658,571,CDS
1284,286598,288474,1876,CDS
1285,288770,289280,510,CDS
1286,289371,290327,956,CDS
1287,290750,291112,362,CDS
1288,291314,291397,83,CDS
1289,298959,299016,57,CDS
1290,300895,301681,786,CDS
1291,301758,302301,543,CDS
1292,302360,302522,162,CDS
1293,302585,302691,106,CDS
1294,302749,303883,1134,CDS
1295,278200,278331,131,CDS
1296,278401,281056,2655,CDS
1297,281124,281734,610,CDS
1298,282087,282658,571,CDS
1299,286598,288474,1876,CDS
1300,288770,289280,510,CDS
1301,289371,290327,956,CDS
1302,290750,291112,362,CDS
1303,291314,291397,83,CDS
1304,298959,299016,57,CDS
1305,300895,301681,786,CDS
1306,301758,302301,543,CDS
1307,302360,302522,162,CDS
1308,302585,302691,106,CDS
1309,302749,303883,1134,CDS
1310,292692,293185,493,mRNA
1311,298959,299016,57,mRNA
1312,300895,301681,786,mRNA
1313,301758,302301,543,mRNA
1314,302360,302522,162,mRNA
1315,302585,302691,106,mRNA
1316,302749,304096,1347,mRNA
1317,292899,293185,286,CDS
1318,298959,299016,57,CDS
1319,300895,301681,786,CDS
1320,301758,302301,543,CDS
1321,302360,302522,162,CDS
1322,302585,302691,106,CDS
1323,302749,303883,1134,CDS
1324,295290,295334,44,mobile_element
1325,297802,298139,337,mRNA
1326,298959,299016,57,mRNA
1327,300895,301681,786,mRNA
1328,301758,302301,543,mRNA
1329,302360,302522,162,mRNA
1330,302585,302691,106,mRNA
1331,302749,305292,2543,mRNA
1332,297802,298139,337,mRNA
1333,298959,299016,57,mRNA
1334,300895,301681,786,mRNA
1335,301758,302301,543,mRNA
1336,302360,302522,162,mRNA
1337,302585,302691,106,mRNA
1338,302749,304315,1566,mRNA
1339,297898,298139,241,CDS
1340,298959,299016,57,CDS
1341,300895,301681,786,CDS
1342,301758,302301,543,CDS
1343,302360,302522,162,CDS
1344,302585,302691,106,CDS
1345,302749,303883,1134,CDS
1346,297898,298139,241,CDS
1347,298959,299016,57,CDS
1348,300895,301681,786,CDS
1349,301758,302301,543,CDS
1350,302360,302522,162,CDS
1351,302585,302691,106,CDS
1352,302749,303883,1134,CDS
1353,300570,300848,278,mRNA
1354,300901,301108,207,mRNA
1355,301163,301681,518,mRNA
1356,301758,302301,543,mRNA
1357,302360,302522,162,mRNA
1358,302585,302691,106,mRNA
1359,302749,304096,1347,mRNA
1360,300570,300773,203,mRNA
1361,300895,301681,786,mRNA
1362,301758,302301,543,mRNA
1363,302360,302522,162,mRNA
1364,302585,302691,106,mRNA
1365,302749,304096,1347,mRNA
1366,300570,300848,278,mRNA
1367,300895,301108,213,mRNA
1368,301163,301681,518,mRNA
1369,301758,302301,543,mRNA
1370,302360,302522,162,mRNA
1371,302585,302691,106,mRNA
1372,302749,304008,1259,mRNA
1373,300583,300848,265,mRNA
1374,300895,301104,209,mRNA
1375,301163,301681,518,mRNA
1376,301758,302301,543,mRNA
1377,302360,302522,162,mRNA
1378,302585,302691,106,mRNA
1379,302749,304096,1347,mRNA
1380,300583,300773,190,mRNA
1381,300895,301104,209,mRNA
1382,301163,301681,518,mRNA
1383,301758,302301,543,mRNA
1384,302360,302522,162,mRNA
1385,302585,302691,106,mRNA
1386,302749,304096,1347,mRNA
1387,300586,301681,1095,mRNA
1388,301758,302301,543,mRNA
1389,302360,302522,162,mRNA
1390,302585,302691,106,mRNA
1391,302749,304096,1347,mRNA
1392,300732,300848,116,CDS
1393,300895,301108,213,CDS
1394,301163,301681,518,CDS
1395,301758,302301,543,CDS
1396,302360,302522,162,CDS
1397,302585,302691,106,CDS
1398,302749,303883,1134,CDS
1399,300732,300848,116,CDS
1400,300901,301108,207,CDS
1401,301163,301681,518,CDS
1402,301758,302301,543,CDS
1403,302360,302522,162,CDS
1404,302585,302691,106,CDS
1405,302749,303883,1134,CDS
1406,300732,300773,41,CDS
1407,300895,301681,786,CDS
1408,301758,302301,543,CDS
1409,302360,302522,162,CDS
1410,302585,302691,106,CDS
1411,302749,303883,1134,CDS
1412,300868,301681,813,CDS
1413,301758,302301,543,CDS
1414,302360,302522,162,CDS
1415,302585,302691,106,CDS
1416,302749,303883,1134,CDS
1417,301168,301681,513,CDS
1418,301758,302301,543,CDS
1419,302360,302522,162,CDS
1420,302585,302691,106,CDS
1421,302749,303883,1134,CDS
1422,301168,301681,513,CDS
1423,301758,302301,543,CDS
1424,302360,302522,162,CDS
1425,302585,302691,106,CDS
1426,302749,303883,1134,CDS
1427,305393,319884,14491,gene
1428,318991,319884,893,mRNA
1429,313024,314317,1293,mRNA
1430,311174,311285,111,mRNA
1431,310525,310786,261,mRNA
1432,310277,310465,188,mRNA
1433,307695,310178,2483,mRNA
1434,307512,307630,118,mRNA
1435,307319,307456,137,mRNA
1436,306982,307256,274,mRNA
1437,306829,306917,88,mRNA
1438,306605,306769,164,mRNA
1439,305393,306546,1153,mRNA
1440,318991,319884,893,mRNA
1441,313024,314317,1293,mRNA
1442,311174,311285,111,mRNA
1443,310525,310786,261,mRNA
1444,310277,310465,188,mRNA
1445,307695,310178,2483,mRNA
1446,307512,307630,118,mRNA
1447,307319,307456,137,mRNA
1448,306982,307256,274,mRNA
1449,306829,306917,88,mRNA
1450,306605,306769,164,mRNA
1451,305393,306546,1153,mRNA
1452,319747,319884,137,mRNA
1453,313024,314317,1293,mRNA
1454,311174,311285,111,mRNA
1455,310525,310786,261,mRNA
1456,310277,310465,188,mRNA
1457,307695,310178,2483,mRNA
1458,307512,307630,118,mRNA
1459,307319,307456,137,mRNA
1460,306982,307256,274,mRNA
1461,306829,306917,88,mRNA
1462,306605,306769,164,mRNA
1463,306226,306546,320,mRNA
1464,319747,319884,137,mRNA
1465,318991,319513,522,mRNA
1466,313024,314317,1293,mRNA
1467,311174,311285,111,mRNA
1468,310525,310786,261,mRNA
1469,310277,310465,188,mRNA
1470,307695,310178,2483,mRNA
1471,307512,307630,118,mRNA
1472,307319,307456,137,mRNA
1473,306982,307256,274,mRNA
1474,306829,306917,88,mRNA
1475,306605,306769,164,mRNA
1476,306226,306546,320,mRNA
1477,311382,311642,260,mRNA
1478,311174,311285,111,mRNA
1479,310525,310786,261,mRNA
1480,310277,310465,188,mRNA
1481,307695,310178,2483,mRNA
1482,307512,307630,118,mRNA
1483,307319,307456,137,mRNA
1484,306982,307256,274,mRNA
1485,306829,306917,88,mRNA
1486,306605,306769,164,mRNA
1487,306226,306546,320,mRNA
1488,313024,314027,1003,CDS
1489,311174,311285,111,CDS
1490,310525,310786,261,CDS
1491,310277,310465,188,CDS
1492,307695,310178,2483,CDS
1493,307512,307630,118,CDS
1494,307319,307456,137,CDS
1495,306982,307256,274,CDS
1496,306829,306917,88,CDS
1497,306605,306769,164,CDS
1498,306335,306546,211,CDS
1499,313024,314027,1003,CDS
1500,311174,311285,111,CDS
1501,310525,310786,261,CDS
1502,310277,310465,188,CDS
1503,307695,310178,2483,CDS
1504,307512,307630,118,CDS
1505,307319,307456,137,CDS
1506,306982,307256,274,CDS
1507,306829,306917,88,CDS
1508,306605,306769,164,CDS
1509,306359,306546,187,CDS
1510,313024,314027,1003,CDS
1511,311174,311285,111,CDS
1512,310525,310786,261,CDS
1513,310277,310465,188,CDS
1514,307695,310178,2483,CDS
1515,307512,307630,118,CDS
1516,307319,307456,137,CDS
1517,306982,307256,274,CDS
1518,306829,306917,88,CDS
1519,306605,306769,164,CDS
1520,306359,306546,187,CDS
1521,313024,314027,1003,CDS
1522,311174,311285,111,CDS
1523,310525,310786,261,CDS
1524,310277,310465,188,CDS
1525,307695,310178,2483,CDS
1526,307512,307630,118,CDS
1527,307319,307456,137,CDS
1528,306982,307256,274,CDS
1529,306829,306917,88,CDS
1530,306605,306769,164,CDS
1531,306359,306546,187,CDS
1532,311174,311281,107,CDS
1533,310525,310786,261,CDS
1534,310277,310465,188,CDS
1535,307695,310178,2483,CDS
1536,307512,307630,118,CDS
1537,307319,307456,137,CDS
1538,306982,307256,274,CDS
1539,306829,306917,88,CDS
1540,306605,306769,164,CDS
1541,306359,306546,187,CDS
1542,317084,317789,705,gene
1543,317084,317411,327,mRNA
1544,317465,317699,234,mRNA
1545,317084,317395,311,mRNA
1546,317465,317699,234,mRNA
1547,317087,317411,324,mRNA
1548,317465,317656,191,mRNA
1549,317720,317789,69,mRNA
1550,317208,317395,187,CDS
1551,317465,317621,156,CDS
1552,317208,317411,203,CDS
1553,317465,317614,149,CDS
1554,317208,317411,203,CDS
1555,317465,317614,149,CDS
1556,321233,324720,3487,gene
1557,324653,324720,67,mRNA
1558,324049,324598,549,mRNA
1559,323240,323994,754,mRNA
1560,322893,323168,275,mRNA
1561,321915,322828,913,mRNA
1562,321233,321363,130,mRNA
1563,324653,324655,2,CDS
1564,324049,324598,549,CDS
1565,323240,323994,754,CDS
1566,322893,323168,275,CDS
1567,321929,322828,899,CDS
1568,324985,327992,3007,gene
1569,327799,327992,193,mRNA
1570,327546,327677,131,mRNA
1571,327135,327488,353,mRNA
1572,326867,327079,212,mRNA
1573,326704,326724,20,mRNA
1574,326422,326539,117,mRNA
1575,326033,326358,325,mRNA
1576,325880,325974,94,mRNA
1577,325755,325824,69,mRNA
1578,324985,325694,709,mRNA
1579,327748,327992,244,mRNA
1580,327546,327677,131,mRNA
1581,327135,327488,353,mRNA
1582,326867,327079,212,mRNA
1583,326422,326539,117,mRNA
1584,326033,326358,325,mRNA
1585,325880,325974,94,mRNA
1586,325755,325824,69,mRNA
1587,324985,325694,709,mRNA
1588,327546,327769,223,mRNA
1589,327135,327488,353,mRNA
1590,326867,327079,212,mRNA
1591,326422,326539,117,mRNA
1592,326033,326358,325,mRNA
1593,325880,325974,94,mRNA
1594,325755,325824,69,mRNA
1595,324985,325694,709,mRNA
1596,327546,327769,223,mRNA
1597,327135,327488,353,mRNA
1598,326867,327079,212,mRNA
1599,326704,326724,20,mRNA
1600,326422,326539,117,mRNA
1601,326033,326358,325,mRNA
1602,325880,325974,94,mRNA
1603,325755,325824,69,mRNA
1604,324985,325694,709,mRNA
1605,327546,327641,95,CDS
1606,327135,327488,353,CDS
1607,326867,327079,212,CDS
1608,326422,326539,117,CDS
1609,326033,326358,325,CDS
1610,325880,325974,94,CDS
1611,325755,325824,69,CDS
1612,325236,325694,458,CDS
1613,327546,327641,95,CDS
1614,327135,327488,353,CDS
1615,326867,327079,212,CDS
1616,326422,326539,117,CDS
1617,326033,326358,325,CDS
1618,325880,325974,94,CDS
1619,325755,325824,69,CDS
1620,325236,325694,458,CDS
1621,327546,327641,95,CDS
1622,327135,327488,353,CDS
1623,326867,327079,212,CDS
1624,326704,326724,20,CDS
1625,326422,326539,117,CDS
1626,326033,326358,325,CDS
1627,325880,325974,94,CDS
1628,325755,325824,69,CDS
1629,325236,325694,458,CDS
1630,327546,327641,95,CDS
1631,327135,327488,353,CDS
1632,326867,327079,212,CDS
1633,326704,326724,20,CDS
1634,326422,326539,117,CDS
1635,326033,326358,325,CDS
1636,325880,325974,94,CDS
1637,325755,325824,69,CDS
1638,325236,325694,458,CDS
1639,328097,356050,27953,gene
1640,328097,328468,371,mRNA
1641,328989,329025,36,mRNA
1642,351367,351778,411,mRNA
1643,352300,352407,107,mRNA
1644,352476,352568,92,mRNA
1645,352630,352771,141,mRNA
1646,352838,353687,849,mRNA
1647,353761,354446,685,mRNA
1648,354500,355124,624,mRNA
1649,355199,355376,177,mRNA
1650,355438,356050,612,mRNA
1651,328097,328468,371,mRNA
1652,351367,351778,411,mRNA
1653,352300,352407,107,mRNA
1654,352476,352568,92,mRNA
1655,352630,352771,141,mRNA
1656,352838,353687,849,mRNA
1657,353761,354446,685,mRNA
1658,354500,355124,624,mRNA
1659,355199,355376,177,mRNA
1660,355438,356050,612,mRNA
1661,329822,332309,2487,gene
1662,331297,332309,1012,mRNA
1663,331049,331240,191,mRNA
1664,330756,330989,233,mRNA
1665,330541,330697,156,mRNA
1666,330278,330481,203,mRNA
1667,330136,330215,79,mRNA
1668,329822,330074,252,mRNA
1669,331297,331936,639,CDS
1670,331049,331240,191,CDS
1671,330756,330989,233,CDS
1672,330541,330697,156,CDS
1673,330278,330481,203,CDS
1674,330136,330215,79,CDS
1675,330040,330074,34,CDS
1676,332801,342915,10114,gene
1677,342816,342915,99,mRNA
1678,335929,336692,763,mRNA
1679,335245,335857,612,mRNA
1680,334975,335169,194,mRNA
1681,332801,333640,839,mRNA
1682,340781,341388,607,mRNA
1683,335929,336692,763,mRNA
1684,335245,335857,612,mRNA
1685,334975,335169,194,mRNA
1686,332801,333640,839,mRNA
1687,338487,339016,529,mRNA
1688,335929,336692,763,mRNA
1689,335245,335857,612,mRNA
1690,334975,335169,194,mRNA
1691,332801,333640,839,mRNA
1692,338847,339016,169,mRNA
1693,338487,338626,139,mRNA
1694,335929,336692,763,mRNA
1695,335245,335857,612,mRNA
1696,334975,335199,224,mRNA
1697,333942,334119,177,mRNA
1698,333316,333640,324,mRNA
1699,338487,339016,529,mRNA
1700,335929,336692,763,mRNA
1701,335245,335857,612,mRNA
1702,334975,335199,224,mRNA
1703,333316,333640,324,mRNA
1704,335929,336682,753,CDS
1705,335245,335857,612,CDS
1706,334975,335169,194,CDS
1707,333475,333640,165,CDS
1708,335929,336682,753,CDS
1709,335245,335857,612,CDS
1710,334975,335169,194,CDS
1711,333475,333640,165,CDS
1712,335929,336682,753,CDS
1713,335245,335857,612,CDS
1714,334975,335169,194,CDS
1715,333475,333640,165,CDS
1716,335929,336682,753,CDS
1717,335245,335857,612,CDS
1718,334975,335199,224,CDS
1719,333475,333640,165,CDS
1720,335929,336682,753,CDS
1721,335245,335857,612,CDS
1722,334975,335199,224,CDS
1723,333957,334119,162,CDS
1724,340781,341388,607,mRNA
1725,335929,336692,763,mRNA
1726,335245,335857,612,mRNA
1727,334975,335169,194,mRNA
1728,334259,334394,135,mRNA
1729,335929,336682,753,CDS
1730,335245,335857,612,CDS
1731,334975,335169,194,CDS
1732,334283,334394,111,CDS
1733,342816,342915,99,mRNA
1734,335929,336692,763,mRNA
1735,335245,335857,612,mRNA
1736,334975,335169,194,mRNA
1737,334658,334829,171,mRNA
1738,335929,336682,753,CDS
1739,335245,335857,612,CDS
1740,334975,335169,194,CDS
1741,334658,334829,171,CDS
1742,343378,346957,3579,gene
1743,346815,346957,142,mRNA
1744,345375,345885,510,mRNA
1745,345158,345311,153,mRNA
1746,344923,345099,176,mRNA
1747,344615,344869,254,mRNA
1748,344367,344538,171,mRNA
1749,344107,344301,194,mRNA
1750,343378,343652,274,mRNA
1751,346815,346957,142,mRNA
1752,345375,345885,510,mRNA
1753,345158,345311,153,mRNA
1754,344923,345099,176,mRNA
1755,344615,344869,254,mRNA
1756,344367,344538,171,mRNA
1757,344107,344301,194,mRNA
1758,343955,344039,84,mRNA
1759,343378,343652,274,mRNA
1760,346815,346957,142,mRNA
1761,345375,346338,963,mRNA
1762,345158,345311,153,mRNA
1763,344923,345099,176,mRNA
1764,344615,344869,254,mRNA
1765,344367,344538,171,mRNA
1766,344107,344301,194,mRNA
1767,343955,344039,84,mRNA
1768,343378,343652,274,mRNA
1769,345375,345881,506,CDS
1770,345158,345311,153,CDS
1771,344923,345099,176,CDS
1772,344615,344869,254,CDS
1773,344367,344538,171,CDS
1774,344107,344301,194,CDS
1775,343544,343652,108,CDS
1776,345375,345881,506,CDS
1777,345158,345311,153,CDS
1778,344923,345099,176,CDS
1779,344615,344869,254,CDS
1780,344367,344538,171,CDS
1781,344107,344301,194,CDS
1782,343955,344039,84,CDS
1783,345375,345881,506,CDS
1784,345158,345311,153,CDS
1785,344923,345099,176,CDS
1786,344615,344869,254,CDS
1787,344367,344538,171,CDS
1788,344107,344301,194,CDS
1789,343955,344039,84,CDS
1790,347459,347779,320,mRNA
1791,351367,351778,411,mRNA
1792,352300,352407,107,mRNA
1793,352476,352568,92,mRNA
1794,352630,352771,141,mRNA
1795,352838,353687,849,mRNA
1796,353761,354446,685,mRNA
1797,354500,355124,624,mRNA
1798,355199,355376,177,mRNA
1799,355438,356050,612,mRNA
1800,347459,347658,199,mRNA
1801,351367,351778,411,mRNA
1802,352300,352407,107,mRNA
1803,352476,352568,92,mRNA
1804,352630,352771,141,mRNA
1805,352838,353687,849,mRNA
1806,353761,354446,685,mRNA
1807,354500,355124,624,mRNA
1808,355199,355376,177,mRNA
1809,355438,355739,301,mRNA
1810,351075,351286,211,mRNA
1811,351367,351778,411,mRNA
1812,352300,352407,107,mRNA
1813,352476,352568,92,mRNA
1814,352630,352771,141,mRNA
1815,352838,353687,849,mRNA
1816,353761,354446,685,mRNA
1817,354500,355124,624,mRNA
1818,355199,355376,177,mRNA
1819,355438,355739,301,mRNA
1820,351626,351778,152,CDS
1821,352300,352407,107,CDS
1822,352476,352568,92,CDS
1823,352630,352771,141,CDS
1824,352838,353687,849,CDS
1825,353761,354446,685,CDS
1826,354500,355124,624,CDS
1827,355199,355376,177,CDS
1828,355438,355527,89,CDS
1829,351626,351778,152,CDS
1830,352300,352407,107,CDS
1831,352476,352568,92,CDS
1832,352630,352771,141,CDS
1833,352838,353687,849,CDS
1834,353761,354446,685,CDS
1835,354500,355124,624,CDS
1836,355199,355376,177,CDS
1837,355438,355527,89,CDS
1838,351626,351778,152,CDS
1839,352300,352407,107,CDS
1840,352476,352568,92,CDS
1841,352630,352771,141,CDS
1842,352838,353687,849,CDS
1843,353761,354446,685,CDS
1844,354500,355124,624,CDS
1845,355199,355376,177,CDS
1846,355438,355527,89,CDS
1847,351626,351778,152,CDS
1848,352300,352407,107,CDS
1849,352476,352568,92,CDS
1850,352630,352771,141,CDS
1851,352838,353687,849,CDS
1852,353761,354446,685,CDS
1853,354500,355124,624,CDS
1854,355199,355376,177,CDS
1855,355438,355527,89,CDS
1856,351626,351778,152,CDS
1857,352300,352407,107,CDS
1858,352476,352568,92,CDS
1859,352630,352771,141,CDS
1860,352838,353687,849,CDS
1861,353761,354446,685,CDS
1862,354500,355124,624,CDS
1863,355199,355376,177,CDS
1864,355438,355527,89,CDS
1865,356422,357664,1242,gene
1866,356422,357664,1242,mRNA
1867,356422,357459,1037,CDS
1868,357651,357758,107,mobile_element
1869,357851,361383,3532,gene
1870,361084,361383,299,mRNA
1871,360749,361014,265,mRNA
1872,359245,360689,1444,mRNA
1873,357851,359185,1334,mRNA
1874,361084,361256,172,mRNA
1875,360749,361014,265,mRNA
1876,359245,360689,1444,mRNA
1877,357851,359185,1334,mRNA
1878,357981,358486,505,gene
1879,357981,358486,505,mRNA
1880,358031,358399,368,CDS
1881,361084,361128,44,CDS
1882,360749,361014,265,CDS
1883,359245,360689,1444,CDS
1884,358497,359185,688,CDS
1885,361084,361128,44,CDS
1886,360749,361014,265,CDS
1887,359245,360689,1444,CDS
1888,358497,359185,688,CDS
1889,361472,365681,4209,gene
1890,361472,362341,869,mRNA
1891,362427,364903,2476,mRNA
1892,364965,365681,716,mRNA
1893,361472,361699,227,mRNA
1894,361753,362341,588,mRNA
1895,362427,364903,2476,mRNA
1896,364965,365681,716,mRNA
1897,361658,361699,41,CDS
1898,361753,362341,588,CDS
1899,362427,364903,2476,CDS
1900,364965,365246,281,CDS
1901,362275,362341,66,CDS
1902,362427,364903,2476,CDS
1903,364965,365246,281,CDS
1904,365664,366437,773,gene
1905,365664,366437,773,mRNA
1906,365831,366322,491,CDS
1907,366524,392633,26109,gene
1908,392109,392633,524,mRNA
1909,391486,391793,307,mRNA
1910,383791,383823,32,mRNA
1911,383579,383626,47,mRNA
1912,373660,373895,235,mRNA
1913,371440,371507,67,mRNA
1914,370924,371215,291,mRNA
1915,370607,370728,121,mRNA
1916,370203,370289,86,mRNA
1917,369480,369673,193,mRNA
1918,369310,369416,106,mRNA
1919,369003,369150,147,mRNA
1920,366524,368941,2417,mRNA
1921,392109,392633,524,mRNA
1922,391486,391793,307,mRNA
1923,383791,383823,32,mRNA
1924,383579,383626,47,mRNA
1925,373660,373895,235,mRNA
1926,371440,371507,67,mRNA
1927,370906,371215,309,mRNA
1928,370607,370728,121,mRNA
1929,369480,369673,193,mRNA
1930,369310,369416,106,mRNA
1931,369003,369150,147,mRNA
1932,366524,368941,2417,mRNA
1933,376419,377316,897,mRNA
1934,373660,373895,235,mRNA
1935,371440,371507,67,mRNA
1936,370924,371215,291,mRNA
1937,370607,370728,121,mRNA
1938,369480,369673,193,mRNA
1939,369310,369416,106,mRNA
1940,369003,369150,147,mRNA
1941,366524,368941,2417,mRNA
1942,376419,377316,897,mRNA
1943,373660,373895,235,mRNA
1944,371440,371507,67,mRNA
1945,370924,371215,291,mRNA
1946,370607,370728,121,mRNA
1947,370203,370289,86,mRNA
1948,369480,369673,193,mRNA
1949,369310,369416,106,mRNA
1950,369003,369150,147,mRNA
1951,366524,368941,2417,mRNA
1952,376419,377316,897,mRNA
1953,373660,373895,235,mRNA
1954,371440,371507,67,mRNA
1955,370906,371215,309,mRNA
1956,370607,370728,121,mRNA
1957,369480,369673,193,mRNA
1958,369310,369416,106,mRNA
1959,369003,369150,147,mRNA
1960,366524,368941,2417,mRNA
1961,376419,377316,897,mRNA
1962,373660,373895,235,mRNA
1963,371440,371507,67,mRNA
1964,370906,371215,309,mRNA
1965,370607,370728,121,mRNA
1966,370203,370289,86,mRNA
1967,369480,369673,193,mRNA
1968,369310,369416,106,mRNA
1969,369003,369150,147,mRNA
1970,366524,368941,2417,mRNA
1971,376419,377316,897,mRNA
1972,373660,373895,235,mRNA
1973,371440,371507,67,mRNA
1974,370906,371215,309,mRNA
1975,370607,370728,121,mRNA
1976,370203,370289,86,mRNA
1977,369480,369673,193,mRNA
1978,369310,369416,106,mRNA
1979,369003,369150,147,mRNA
1980,366524,368941,2417,mRNA
1981,376419,376663,244,CDS
1982,373660,373895,235,CDS
1983,371440,371507,67,CDS
1984,370906,371215,309,CDS
1985,370607,370728,121,CDS
1986,370203,370289,86,CDS
1987,369480,369673,193,CDS
1988,369310,369416,106,CDS
1989,369003,369150,147,CDS
1990,367390,368941,1551,CDS
1991,391486,391760,274,CDS
1992,383791,383823,32,CDS
1993,383579,383626,47,CDS
1994,373660,373895,235,CDS
1995,371440,371507,67,CDS
1996,370924,371215,291,CDS
1997,370607,370728,121,CDS
1998,370203,370289,86,CDS
1999,369480,369673,193,CDS
2000,369310,369416,106,CDS
2001,369003,369150,147,CDS
2002,367582,368941,1359,CDS
2003,391486,391760,274,CDS
2004,383791,383823,32,CDS
2005,383579,383626,47,CDS
2006,373660,373895,235,CDS
2007,371440,371507,67,CDS
2008,370906,371215,309,CDS
2009,370607,370728,121,CDS
2010,369480,369673,193,CDS
2011,369310,369416,106,CDS
2012,369003,369150,147,CDS
2013,367582,368941,1359,CDS
2014,376419,376663,244,CDS
2015,373660,373895,235,CDS
2016,371440,371507,67,CDS
2017,370924,371215,291,CDS
2018,370607,370728,121,CDS
2019,369480,369673,193,CDS
2020,369310,369416,106,CDS
2021,369003,369150,147,CDS
2022,367582,368941,1359,CDS
2023,376419,376663,244,CDS
2024,373660,373895,235,CDS
2025,371440,371507,67,CDS
2026,370924,371215,291,CDS
2027,370607,370728,121,CDS
2028,370203,370289,86,CDS
2029,369480,369673,193,CDS
2030,369310,369416,106,CDS
2031,369003,369150,147,CDS
2032,367582,368941,1359,CDS
2033,376419,376663,244,CDS
2034,373660,373895,235,CDS
2035,371440,371507,67,CDS
2036,370906,371215,309,CDS
2037,370607,370728,121,CDS
2038,369480,369673,193,CDS
2039,369310,369416,106,CDS
2040,369003,369150,147,CDS
2041,367582,368941,1359,CDS
2042,376419,376663,244,CDS
2043,373660,373895,235,CDS
2044,371440,371507,67,CDS
2045,370906,371215,309,CDS
2046,370607,370728,121,CDS
2047,370203,370289,86,CDS
2048,369480,369673,193,CDS
2049,369310,369416,106,CDS
2050,369003,369150,147,CDS
2051,367582,368941,1359,CDS
2052,392006,393255,1249,gene
2053,392006,393255,1249,ncRNA
2054,393594,394299,705,gene
2055,393594,394299,705,ncRNA
2056,402740,409735,6995,mobile_element
2057,433146,433906,760,gene
2058,433146,433906,760,mRNA
2059,433230,433706,476,CDS
2060,434083,540614,106531,gene
2061,539899,540614,715,mRNA
2062,514612,514705,93,mRNA
2063,507975,508799,824,mRNA
2064,506105,506356,251,mRNA
2065,505887,506048,161,mRNA
2066,462181,462558,377,mRNA
2067,454109,454405,296,mRNA
2068,451127,451771,644,mRNA
2069,449997,450170,173,mRNA
2070,445732,445911,179,mRNA
2071,444601,445567,966,mRNA
2072,444235,444376,141,mRNA
2073,443912,444144,232,mRNA
2074,443393,443847,454,mRNA
2075,443220,443325,105,mRNA
2076,436674,436849,175,mRNA
2077,436222,436613,391,mRNA
2078,434083,436159,2076,mRNA
2079,539899,540614,715,mRNA
2080,507975,508799,824,mRNA
2081,506105,506356,251,mRNA
2082,505887,506048,161,mRNA
2083,462181,462558,377,mRNA
2084,454109,454405,296,mRNA
2085,452838,453488,650,mRNA
2086,451127,451771,644,mRNA
2087,449997,450170,173,mRNA
2088,445732,445911,179,mRNA
2089,444601,445567,966,mRNA
2090,444490,444519,29,mRNA
2091,444235,444376,141,mRNA
2092,443912,444144,232,mRNA
2093,443393,443847,454,mRNA
2094,443220,443325,105,mRNA
2095,436674,436849,175,mRNA
2096,436222,436613,391,mRNA
2097,434299,436159,1860,mRNA
2098,539899,540614,715,mRNA
2099,514612,514705,93,mRNA
2100,507975,508799,824,mRNA
2101,506105,506356,251,mRNA
2102,505887,506048,161,mRNA
2103,462181,462558,377,mRNA
2104,454109,454405,296,mRNA
2105,452838,453488,650,mRNA
2106,451127,451771,644,mRNA
2107,449997,450170,173,mRNA
2108,445732,445911,179,mRNA
2109,444601,445567,966,mRNA
2110,444235,444376,141,mRNA
2111,443912,444144,232,mRNA
2112,443393,443847,454,mRNA
2113,443220,443325,105,mRNA
2114,436674,436849,175,mRNA
2115,436222,436613,391,mRNA
2116,434299,436159,1860,mRNA
2117,489953,490823,870,mRNA
2118,462181,462558,377,mRNA
2119,454109,454405,296,mRNA
2120,452838,453488,650,mRNA
2121,451127,451771,644,mRNA
2122,449997,450170,173,mRNA
2123,445732,445911,179,mRNA
2124,444601,445567,966,mRNA
2125,444235,444376,141,mRNA
2126,443912,444144,232,mRNA
2127,443393,443847,454,mRNA
2128,443220,443325,105,mRNA
2129,436674,436849,175,mRNA
2130,436222,436613,391,mRNA
2131,434299,436159,1860,mRNA
2132,447711,448132,421,mRNA
2133,445732,445911,179,mRNA
2134,444601,445567,966,mRNA
2135,444235,444376,141,mRNA
2136,443912,444144,232,mRNA
2137,443393,443847,454,mRNA
2138,443220,443325,105,mRNA
2139,436674,436849,175,mRNA
2140,436222,436613,391,mRNA
2141,434299,436159,1860,mRNA
2142,440494,441096,602,mRNA
2143,436674,436849,175,mRNA
2144,436222,436613,391,mRNA
2145,434299,436159,1860,mRNA
2146,437496,437774,278,mRNA
2147,436674,436849,175,mRNA
2148,436222,436613,391,mRNA
2149,434299,436159,1860,mRNA
2150,434855,434918,63,gene
2151,434855,434918,63,ncRNA
2152,507975,508511,536,CDS
2153,506105,506356,251,CDS
2154,505887,506048,161,CDS
2155,462181,462558,377,CDS
2156,454109,454405,296,CDS
2157,451127,451771,644,CDS
2158,449997,450170,173,CDS
2159,445732,445911,179,CDS
2160,444601,445567,966,CDS
2161,444235,444376,141,CDS
2162,443912,444144,232,CDS
2163,443393,443847,454,CDS
2164,443220,443325,105,CDS
2165,436674,436849,175,CDS
2166,436222,436613,391,CDS
2167,435118,436159,1041,CDS
2168,507975,508511,536,CDS
2169,506105,506356,251,CDS
2170,505887,506048,161,CDS
2171,462181,462558,377,CDS
2172,454109,454405,296,CDS
2173,452838,453488,650,CDS
2174,451127,451771,644,CDS
2175,449997,450170,173,CDS
2176,445732,445911,179,CDS
2177,444601,445567,966,CDS
2178,444235,444376,141,CDS
2179,443912,444144,232,CDS
2180,443393,443847,454,CDS
2181,443220,443325,105,CDS
2182,436674,436849,175,CDS
2183,436222,436613,391,CDS
2184,435118,436159,1041,CDS
2185,507975,508511,536,CDS
2186,506105,506356,251,CDS
2187,505887,506048,161,CDS
2188,462181,462558,377,CDS
2189,454109,454405,296,CDS
2190,452838,453488,650,CDS
2191,451127,451771,644,CDS
2192,449997,450170,173,CDS
2193,445732,445911,179,CDS
2194,444601,445567,966,CDS
2195,444490,444519,29,CDS
2196,444235,444376,141,CDS
2197,443912,444144,232,CDS
2198,443393,443847,454,CDS
2199,443220,443325,105,CDS
2200,436674,436849,175,CDS
2201,436222,436613,391,CDS
2202,435118,436159,1041,CDS
2203,452838,453236,398,CDS
2204,451127,451771,644,CDS
2205,449997,450170,173,CDS
2206,445732,445911,179,CDS
2207,444601,445567,966,CDS
2208,444235,444376,141,CDS
2209,443912,444144,232,CDS
2210,443393,443847,454,CDS
2211,443220,443325,105,CDS
2212,436674,436849,175,CDS
2213,436222,436613,391,CDS
2214,435118,436159,1041,CDS
2215,445732,445761,29,CDS
2216,444601,445567,966,CDS
2217,444235,444376,141,CDS
2218,443912,444144,232,CDS
2219,443393,443847,454,CDS
2220,443220,443325,105,CDS
2221,436674,436849,175,CDS
2222,436222,436613,391,CDS
2223,435118,436159,1041,CDS
2224,440494,440587,93,CDS
2225,436674,436849,175,CDS
2226,436222,436613,391,CDS
2227,435118,436159,1041,CDS
2228,436674,436775,101,CDS
2229,436222,436613,391,CDS
2230,435118,436159,1041,CDS
2231,539899,540614,715,mRNA
2232,514612,514705,93,mRNA
2233,507975,508799,824,mRNA
2234,506105,506356,251,mRNA
2235,505887,506048,161,mRNA
2236,462181,462558,377,mRNA
2237,454109,454405,296,mRNA
2238,452838,453488,650,mRNA
2239,451127,451771,644,mRNA
2240,449997,450170,173,mRNA
2241,445732,445911,179,mRNA
2242,444601,445567,966,mRNA
2243,444235,444376,141,mRNA
2244,443912,444144,232,mRNA
2245,443393,443847,454,mRNA
2246,443220,443325,105,mRNA
2247,442579,443168,589,mRNA
2248,489953,490823,870,mRNA
2249,462181,462558,377,mRNA
2250,454109,454405,296,mRNA
2251,452838,453488,650,mRNA
2252,451127,451771,644,mRNA
2253,449997,450170,173,mRNA
2254,445732,445911,179,mRNA
2255,444601,445567,966,mRNA
2256,444235,444376,141,mRNA
2257,443912,444144,232,mRNA
2258,443393,443847,454,mRNA
2259,443220,443325,105,mRNA
2260,442579,443168,589,mRNA
2261,507975,508511,536,CDS
2262,506105,506356,251,CDS
2263,505887,506048,161,CDS
2264,462181,462558,377,CDS
2265,454109,454405,296,CDS
2266,452838,453488,650,CDS
2267,451127,451771,644,CDS
2268,449997,450170,173,CDS
2269,445732,445911,179,CDS
2270,444601,445567,966,CDS
2271,444235,444376,141,CDS
2272,443912,444144,232,CDS
2273,443393,443847,454,CDS
2274,443220,443325,105,CDS
2275,442876,443168,292,CDS
2276,452838,453236,398,CDS
2277,451127,451771,644,CDS
2278,449997,450170,173,CDS
2279,445732,445911,179,CDS
2280,444601,445567,966,CDS
2281,444235,444376,141,CDS
2282,443912,444144,232,CDS
2283,443393,443847,454,CDS
2284,443220,443325,105,CDS
2285,442876,443168,292,CDS
2286,500014,500451,437,gene
2287,500362,500451,89,mRNA
2288,500014,500298,284,mRNA
2289,500362,500373,11,CDS
2290,500077,500298,221,CDS
2291,500965,501400,435,gene
2292,500965,501036,71,mRNA
2293,501100,501400,300,mRNA
2294,501025,501036,11,CDS
2295,501100,501339,239,CDS
2296,509297,509890,593,gene
2297,509297,509518,221,ncRNA
2298,509586,509890,304,ncRNA
2299,527232,527578,346,gene
2300,527232,527578,346,ncRNA
2301,527671,528129,458,gene
2302,527671,528129,458,ncRNA
2303,528337,528996,659,gene
2304,528337,528996,659,mRNA
2305,528419,528994,575,CDS
2306,540851,542147,1296,gene
2307,540851,540940,89,mRNA
2308,541002,541428,426,mRNA
2309,541485,541959,474,mRNA
2310,542017,542147,130,mRNA
2311,540938,541428,490,mRNA
2312,541485,541959,474,mRNA
2313,542017,542147,130,mRNA
2314,541041,541428,387,CDS
2315,541485,541959,474,CDS
2316,542017,542062,45,CDS
2317,541041,541428,387,CDS
2318,541485,541959,474,CDS
2319,542017,542062,45,CDS
2320,542122,542931,809,gene
2321,542770,542931,161,mRNA
2322,542122,542677,555,mRNA
2323,542770,542852,82,CDS
2324,542230,542677,447,CDS
2325,543060,581099,38039,gene
2326,543060,543277,217,mRNA
2327,547482,548067,585,mRNA
2328,569527,569816,289,mRNA
2329,569879,570199,320,mRNA
2330,570263,571014,751,mRNA
2331,571080,571673,593,mRNA
2332,571742,571971,229,mRNA
2333,572078,572545,467,mRNA
2334,573056,573990,934,mRNA
2335,574058,574368,310,mRNA
2336,574466,576047,1581,mRNA
2337,546059,546198,139,mRNA
2338,547482,548067,585,mRNA
2339,569527,569816,289,mRNA
2340,569879,570199,320,mRNA
2341,570263,571014,751,mRNA
2342,571080,571673,593,mRNA
2343,571742,571971,229,mRNA
2344,572078,572545,467,mRNA
2345,573056,573990,934,mRNA
2346,574058,574368,310,mRNA
2347,574466,581099,6633,mRNA
2348,547779,548067,288,CDS
2349,569527,569816,289,CDS
2350,569879,570199,320,CDS
2351,570263,571014,751,CDS
2352,571080,571673,593,CDS
2353,571742,571971,229,CDS
2354,572078,572545,467,CDS
2355,573056,573990,934,CDS
2356,574058,574201,143,CDS
2357,547779,548067,288,CDS
2358,569527,569816,289,CDS
2359,569879,570199,320,CDS
2360,570263,571014,751,CDS
2361,571080,571673,593,CDS
2362,571742,571971,229,CDS
2363,572078,572545,467,CDS
2364,573056,573990,934,CDS
2365,574058,574201,143,CDS
2366,550297,551010,713,gene
2367,550539,551010,471,ncRNA
2368,550297,550454,157,ncRNA
2369,553216,553739,523,gene
2370,553216,553739,523,ncRNA
2371,569326,569450,124,mRNA
2372,569527,569816,289,mRNA
2373,569879,570199,320,mRNA
2374,570263,571014,751,mRNA
2375,571080,571673,593,mRNA
2376,571742,571971,229,mRNA
2377,572078,572545,467,mRNA
2378,573056,573990,934,mRNA
2379,574058,574368,310,mRNA
2380,574466,576047,1581,mRNA
2381,569414,569450,36,CDS
2382,569527,569816,289,CDS
2383,569879,570199,320,CDS
2384,570263,571014,751,CDS
2385,571080,571673,593,CDS
2386,571742,571971,229,CDS
2387,572078,572545,467,CDS
2388,573056,573990,934,CDS
2389,574058,574201,143,CDS
2390,581337,582810,1473,gene
2391,581337,581504,167,mRNA
2392,581557,582810,1253,mRNA
2393,581563,582621,1058,CDS
2394,582824,589274,6450,gene
2395,588963,589274,311,mRNA
2396,585017,585465,448,mRNA
2397,584479,584956,477,mRNA
2398,582824,584409,1585,mRNA
2399,585017,585441,424,CDS
2400,584479,584956,477,CDS
2401,583984,584409,425,CDS
2402,593246,599239,5993,gene
2403,593246,593503,257,mRNA
2404,593566,593660,94,mRNA
2405,593726,594291,565,mRNA
2406,594354,594851,497,mRNA
2407,594916,595283,367,mRNA
2408,595342,595576,234,mRNA
2409,595635,596270,635,mRNA
2410,596327,596631,304,mRNA
2411,596688,599239,2551,mRNA
2412,593246,593503,257,mRNA
2413,593566,593660,94,mRNA
2414,593726,594291,565,mRNA
2415,594354,594845,491,mRNA
2416,594916,595283,367,mRNA
2417,595342,595576,234,mRNA
2418,595635,596270,635,mRNA
2419,596327,596631,304,mRNA
2420,596688,599239,2551,mRNA
2421,593426,593503,77,CDS
2422,593566,593660,94,CDS
2423,593726,594291,565,CDS
2424,594354,594851,497,CDS
2425,594916,595283,367,CDS
2426,595342,595576,234,CDS
2427,595635,596270,635,CDS
2428,596327,596631,304,CDS
2429,596688,598574,1886,CDS
2430,593426,593503,77,CDS
2431,593566,593660,94,CDS
2432,593726,594291,565,CDS
2433,594354,594845,491,CDS
2434,594916,595283,367,CDS
2435,595342,595576,234,CDS
2436,595635,596270,635,CDS
2437,596327,596631,304,CDS
2438,596688,598574,1886,CDS
2439,599094,604008,4914,gene
2440,603371,604008,637,mRNA
2441,600843,600912,69,mRNA
2442,600727,600770,43,mRNA
2443,600547,600664,117,mRNA
2444,599688,600482,794,mRNA
2445,599094,599626,532,mRNA
2446,599399,600914,1515,gene
2447,599399,600671,1272,ncRNA
2448,600729,600914,185,ncRNA
2449,603371,603424,53,CDS
2450,600843,600912,69,CDS
2451,600727,600770,43,CDS
2452,600547,600664,117,CDS
2453,599688,600482,794,CDS
2454,599484,599626,142,CDS
2455,605165,606569,1404,gene
2456,606343,606569,226,mRNA
2457,606197,606285,88,mRNA
2458,605165,605731,566,mRNA
2459,606343,606500,157,CDS
2460,606197,606285,88,CDS
2461,605196,605731,535,CDS
2462,609179,609620,441,gene
2463,609179,609620,441,ncRNA
2464,615627,616646,1019,gene
2465,616571,616646,75,ncRNA
2466,615627,616494,867,ncRNA
2467,620695,622316,1621,gene
2468,621634,622316,682,mRNA
2469,620695,621461,766,mRNA
2470,621634,622316,682,mRNA
2471,620695,621464,769,mRNA
2472,621646,622164,518,CDS
2473,621646,622164,518,CDS
2474,628435,643900,15465,gene
2475,628435,643900,15465,ncRNA
2476,628470,642303,13833,ncRNA
2477,637486,638568,1082,gene
2478,638131,638568,437,ncRNA
2479,637486,637813,327,ncRNA
2480,637748,638041,293,ncRNA
2481,637486,637689,203,ncRNA
2482,639714,642332,2618,ncRNA
2483,642208,642288,80,gene
2484,642208,642288,80,precursor_RNA
2485,642222,642244,22,ncRNA
2486,642259,642281,22,ncRNA
2487,648555,651311,2756,gene
2488,648555,649051,496,mRNA
2489,649179,649419,240,mRNA
2490,650233,650523,290,mRNA
2491,650584,651311,727,mRNA
2492,648774,649051,277,mRNA
2493,649179,649419,240,mRNA
2494,650233,650523,290,mRNA
2495,650584,651311,727,mRNA
2496,649180,649419,239,CDS
2497,650233,650523,290,CDS
2498,650584,651105,521,CDS
2499,649180,649419,239,CDS
2500,650233,650523,290,CDS
2501,650584,651105,521,CDS
2502,651542,652881,1339,gene
2503,652711,652881,170,mRNA
2504,652444,652572,128,mRNA
2505,651542,652276,734,mRNA
2506,652711,652764,53,CDS
2507,652444,652572,128,CDS
2508,652088,652276,188,CDS
2509,652987,654089,1102,gene
2510,652987,654089,1102,mRNA
2511,653054,654010,956,CDS
2512,654363,657971,3608,gene
2513,654363,654477,114,mRNA
2514,654536,655893,1357,mRNA
2515,655948,656230,282,mRNA
2516,656293,656716,423,mRNA
2517,656779,656832,53,mRNA
2518,656898,657585,687,mRNA
2519,657650,657971,321,mRNA
2520,654442,654477,35,CDS
2521,654536,655893,1357,CDS
2522,655948,656230,282,CDS
2523,656293,656716,423,CDS
2524,656779,656832,53,CDS
2525,656898,657585,687,CDS
2526,657650,657794,144,CDS
2527,677879,680326,2447,gene
2528,680174,680326,152,mRNA
2529,679897,679995,98,mRNA
2530,677879,679827,1948,mRNA
2531,680174,680326,152,mRNA
2532,679897,680104,207,mRNA
2533,677879,679827,1948,mRNA
2534,679897,680326,429,mRNA
2535,677879,679827,1948,mRNA
2536,678000,679745,1745,CDS
2537,678000,679745,1745,CDS
2538,678000,679745,1745,CDS
2539,680436,682470,2034,gene
2540,681857,682061,204,mRNA
2541,681373,681786,413,mRNA
2542,680436,681310,874,mRNA
2543,682363,682470,107,mRNA
2544,681857,682193,336,mRNA
2545,681373,681786,413,mRNA
2546,680662,681310,648,mRNA
2547,682274,682319,45,mRNA
2548,681857,682193,336,mRNA
2549,681373,681786,413,mRNA
2550,680662,681310,648,mRNA
2551,681857,682193,336,mRNA
2552,681373,681786,413,mRNA
2553,680662,681310,648,mRNA
2554,681373,681786,413,CDS
2555,680858,681310,452,CDS
2556,681373,681786,413,CDS
2557,680858,681310,452,CDS
2558,681373,681786,413,CDS
2559,680858,681310,452,CDS
2560,681373,681786,413,CDS
2561,680858,681310,452,CDS
2562,682885,685549,2664,gene
2563,685028,685549,521,mRNA
2564,682885,684691,1806,mRNA
2565,685028,685147,119,CDS
2566,683066,684691,1625,CDS
2567,685942,687958,2016,gene
2568,687802,687958,156,mRNA
2569,686581,687372,791,mRNA
2570,686342,686527,185,mRNA
2571,685942,686286,344,mRNA
2572,687802,687868,66,CDS
2573,686581,687372,791,CDS
2574,686342,686527,185,CDS
2575,685991,686286,295,CDS
2576,688523,690081,1558,gene
2577,690030,690081,51,mRNA
2578,689174,689959,785,mRNA
2579,688935,689120,185,mRNA
2580,688523,688880,357,mRNA
2581,690030,690081,51,CDS
2582,689174,689959,785,CDS
2583,688935,689120,185,CDS
2584,688585,688880,295,CDS
2585,690517,691951,1434,gene
2586,690517,690799,282,mRNA
2587,690949,691951,1002,mRNA
2588,690517,690799,282,mRNA
2589,690949,691951,1002,mRNA
2590,690620,690799,179,CDS
2591,690949,691437,488,CDS
2592,690620,690799,179,CDS
2593,690949,691410,461,CDS
2594,691486,692919,1433,gene
2595,692685,692919,234,mRNA
2596,691486,692620,1134,mRNA
2597,692685,692778,93,CDS
2598,692022,692620,598,CDS
2599,693083,699144,6061,gene
2600,698862,699144,282,mRNA
2601,693083,694992,1909,mRNA
2602,693283,694869,1586,CDS
2603,705330,705723,393,gene
2604,705330,705723,393,ncRNA
2605,705948,708205,2257,gene
2606,708071,708205,134,mRNA
2607,707890,708003,113,mRNA
2608,705948,707622,1674,mRNA
2609,708071,708205,134,mRNA
2610,707890,708003,113,mRNA
2611,707679,707699,20,mRNA
2612,705948,707622,1674,mRNA
2613,707890,707901,11,CDS
2614,706135,707622,1487,CDS
2615,707890,707901,11,CDS
2616,707679,707699,20,CDS
2617,706135,707622,1487,CDS
2618,708601,710607,2006,gene
2619,710310,710361,51,mRNA
2620,709738,710247,509,mRNA
2621,709557,709613,56,mRNA
2622,709333,709494,161,mRNA
2623,709212,709283,71,mRNA
2624,709080,709154,74,mRNA
2625,708991,709023,32,mRNA
2626,708601,708928,327,mRNA
2627,709738,710607,869,mRNA
2628,709557,709613,56,mRNA
2629,709333,709494,161,mRNA
2630,709212,709283,71,mRNA
2631,709080,709154,74,mRNA
2632,708991,709023,32,mRNA
2633,708658,708928,270,mRNA
2634,709738,710342,604,mRNA
2635,709557,709613,56,mRNA
2636,709333,709494,161,mRNA
2637,709212,709283,71,mRNA
2638,709080,709154,74,mRNA
2639,708991,709023,32,mRNA
2640,708658,708928,270,mRNA
2641,710310,710357,47,CDS
2642,709738,710247,509,CDS
2643,709557,709613,56,CDS
2644,709333,709494,161,CDS
2645,709212,709283,71,CDS
2646,709080,709154,74,CDS
2647,708991,709023,32,CDS
2648,708710,708928,218,CDS
2649,709738,710283,545,CDS
2650,709557,709613,56,CDS
2651,709333,709494,161,CDS
2652,709212,709283,71,CDS
2653,709080,709154,74,CDS
2654,708991,709023,32,CDS
2655,708710,708928,218,CDS
2656,709738,710283,545,CDS
2657,709557,709613,56,CDS
2658,709333,709494,161,CDS
2659,709212,709283,71,CDS
2660,709080,709154,74,CDS
2661,708991,709023,32,CDS
2662,708710,708928,218,CDS
2663,710820,711850,1030,gene
2664,711747,711850,103,mRNA
2665,710820,711687,867,mRNA
2666,711745,711850,105,mRNA
2667,710820,711687,867,mRNA
2668,710820,711819,999,mRNA
2669,710942,711574,632,CDS
2670,710942,711574,632,CDS
2671,710942,711574,632,CDS
2672,714216,714530,314,gene
2673,714216,714530,314,ncRNA
2674,737052,737479,427,gene
2675,737430,737479,49,ncRNA
2676,737052,737350,298,ncRNA
2677,737052,737479,427,ncRNA
2678,737680,755489,17809,gene
2679,755376,755489,113,mRNA
2680,737680,738732,1052,mRNA
2681,738988,739349,361,mRNA
2682,737680,738732,1052,mRNA
2683,755376,755415,39,CDS
2684,737864,738732,868,CDS
2685,738988,739120,132,CDS
2686,737864,738732,868,CDS
2687,743723,743794,71,gene
2688,743723,743794,71,tRNA
2689,749400,753492,4092,gene
2690,749400,750227,827,mRNA
2691,752272,753492,1220,mRNA
2692,749664,750227,563,CDS
2693,752272,752307,35,CDS
2694,769503,769600,97,gene
2695,769503,769540,37,tRNA
2696,769565,769600,35,tRNA
2697,770363,770462,99,gene
2698,770363,770400,37,tRNA
2699,770427,770462,35,tRNA
2700,789969,790396,427,mobile_element
2701,803427,804051,624,gene
2702,803427,804051,624,mRNA
2703,803518,803973,455,CDS
2704,813300,814487,1187,gene
2705,813300,814487,1187,ncRNA
2706,820759,821512,753,gene
2707,820759,821512,753,ncRNA
2708,826720,833385,6665,gene
2709,833260,833385,125,mRNA
2710,832715,832975,260,mRNA
2711,832042,832407,365,mRNA
2712,831316,831790,474,mRNA
2713,830908,831242,334,mRNA
2714,830034,830341,307,mRNA
2715,827877,829851,1974,mRNA
2716,827646,827697,51,mRNA
2717,827423,827469,46,mRNA
2718,827182,827236,54,mRNA
2719,826946,827001,55,mRNA
2720,826720,826885,165,mRNA
2721,833260,833385,125,mRNA
2722,832715,832975,260,mRNA
2723,832042,832407,365,mRNA
2724,831316,831790,474,mRNA
2725,830908,831242,334,mRNA
2726,830622,830728,106,mRNA
2727,830034,830341,307,mRNA
2728,827877,829851,1974,mRNA
2729,827646,827697,51,mRNA
2730,827423,827469,46,mRNA
2731,827182,827236,54,mRNA
2732,826946,827001,55,mRNA
2733,826720,826885,165,mRNA
2734,826720,830190,3470,gene
2735,830034,830190,156,ncRNA
2736,827877,829851,1974,ncRNA
2737,827646,827697,51,ncRNA
2738,827423,827469,46,ncRNA
2739,827182,827236,54,ncRNA
2740,826946,827001,55,ncRNA
2741,826720,826885,165,ncRNA
2742,827877,829992,2115,ncRNA
2743,827646,827697,51,ncRNA
2744,827423,827469,46,ncRNA
2745,827182,827236,54,ncRNA
2746,826946,827001,55,ncRNA
2747,826720,826885,165,ncRNA
2748,827877,829886,2009,ncRNA
2749,827646,827697,51,ncRNA
2750,827423,827469,46,ncRNA
2751,827182,827236,54,ncRNA
2752,826946,827001,55,ncRNA
2753,826720,826885,165,ncRNA
2754,827075,827144,69,gene
2755,827075,827144,69,ncRNA
2756,827312,827383,71,gene
2757,827312,827383,71,ncRNA
2758,827537,827620,83,gene
2759,827537,827620,83,ncRNA
2760,827764,827843,79,gene
2761,827764,827843,79,ncRNA
2762,832715,832940,225,CDS
2763,832042,832407,365,CDS
2764,831316,831790,474,CDS
2765,830908,831242,334,CDS
2766,830034,830341,307,CDS
2767,827878,829851,1973,CDS
2768,829922,829992,70,gene
2769,829922,829992,70,ncRNA
2770,830437,830511,74,gene
2771,830437,830511,74,ncRNA
2772,832715,832940,225,CDS
2773,832042,832407,365,CDS
2774,831316,831790,474,CDS
2775,830908,831242,334,CDS
2776,830721,830728,7,CDS
2777,831870,832008,138,gene
2778,831870,832008,138,ncRNA
2779,832487,832639,152,gene
2780,832487,832639,152,ncRNA
2781,833062,833209,147,gene
2782,833062,833209,147,ncRNA
2783,834093,835515,1422,gene
2784,834093,834335,242,mRNA
2785,834392,834718,326,mRNA
2786,834779,835330,551,mRNA
2787,835387,835515,128,mRNA
2788,834177,834335,158,CDS
2789,834392,834718,326,CDS
2790,834779,835330,551,CDS
2791,835387,835464,77,CDS
2792,835683,836770,1087,gene
2793,835683,835870,187,mRNA
2794,835936,836770,834,mRNA
2795,835847,835870,23,CDS
2796,835936,836553,617,CDS
2797,836667,837821,1154,gene
2798,837748,837821,73,mRNA
2799,836667,837511,844,mRNA
2800,836667,837577,910,mRNA
2801,836783,837451,668,CDS
2802,836783,837451,668,CDS
2803,837861,839931,2070,gene
2804,837861,838624,763,mRNA
2805,839250,839931,681,mRNA
2806,837861,838624,763,mRNA
2807,839250,839747,497,mRNA
2808,837861,837945,84,mRNA
2809,838049,838624,575,mRNA
2810,839103,839747,644,mRNA
2811,837861,837945,84,mRNA
2812,838049,838624,575,mRNA
2813,839250,839747,497,mRNA
2814,838121,838624,503,CDS
2815,839250,839432,182,CDS
2816,838121,838624,503,CDS
2817,839250,839432,182,CDS
2818,838121,838624,503,CDS
2819,839250,839432,182,CDS
2820,838121,838624,503,CDS
2821,839103,839153,50,CDS
2822,839980,841360,1380,gene
2823,841042,841360,318,mRNA
2824,839980,840969,989,mRNA
2825,841042,841360,318,mRNA
2826,839980,840990,1010,mRNA
2827,841042,841314,272,CDS
2828,840058,840969,911,CDS
2829,841042,841314,272,CDS
2830,840058,840990,932,CDS
2831,841451,843701,2250,gene
2832,841451,841862,411,mRNA
2833,841923,842114,191,mRNA
2834,842164,842358,194,mRNA
2835,842411,842577,166,mRNA
2836,842634,842756,122,mRNA
2837,842814,842968,154,mRNA
2838,843020,843272,252,mRNA
2839,843331,843701,370,mRNA
2840,841451,841862,411,mRNA
2841,841923,842114,191,mRNA
2842,842164,842358,194,mRNA
2843,842411,842577,166,mRNA
2844,842634,842756,122,mRNA
2845,842814,842968,154,mRNA
2846,843020,843272,252,mRNA
2847,843331,843469,138,mRNA
2848,841451,841862,411,mRNA
2849,841923,842114,191,mRNA
2850,842164,842354,190,mRNA
2851,842411,842577,166,mRNA
2852,842634,842756,122,mRNA
2853,842814,842968,154,mRNA
2854,843020,843272,252,mRNA
2855,843331,843469,138,mRNA
2856,841718,841862,144,CDS
2857,841923,842114,191,CDS
2858,842164,842358,194,CDS
2859,842411,842577,166,CDS
2860,842634,842756,122,CDS
2861,842814,842968,154,CDS
2862,843020,843272,252,CDS
2863,843331,843411,80,CDS
2864,841718,841862,144,CDS
2865,841923,842114,191,CDS
2866,842164,842358,194,CDS
2867,842411,842577,166,CDS
2868,842634,842756,122,CDS
2869,842814,842968,154,CDS
2870,843020,843272,252,CDS
2871,843331,843411,80,CDS
2872,841718,841862,144,CDS
2873,841923,842114,191,CDS
2874,842164,842354,190,CDS
2875,842411,842577,166,CDS
2876,842634,842640,6,CDS
2877,843926,851080,7154,gene
2878,843926,844683,757,mRNA
2879,844741,844914,173,mRNA
2880,844968,845375,407,mRNA
2881,845441,846266,825,mRNA
2882,846326,847260,934,mRNA
2883,847319,847451,132,mRNA
2884,847514,847667,153,mRNA
2885,847725,848411,686,mRNA
2886,848476,849135,659,mRNA
2887,849189,849321,132,mRNA
2888,849380,850368,988,mRNA
2889,850434,850761,327,mRNA
2890,850825,851080,255,mRNA
2891,844268,844683,415,mRNA
2892,844741,844914,173,mRNA
2893,844968,845375,407,mRNA
2894,845441,846266,825,mRNA
2895,846326,847260,934,mRNA
2896,847319,847451,132,mRNA
2897,847514,847667,153,mRNA
2898,847725,848411,686,mRNA
2899,848476,849135,659,mRNA
2900,849189,849321,132,mRNA
2901,849380,850368,988,mRNA
2902,850434,850761,327,mRNA
2903,850825,851080,255,mRNA
2904,844366,844683,317,CDS
2905,844741,844914,173,CDS
2906,844968,845375,407,CDS
2907,845441,846266,825,CDS
2908,846326,847260,934,CDS
2909,847319,847451,132,CDS
2910,847514,847667,153,CDS
2911,847725,848411,686,CDS
2912,848476,849135,659,CDS
2913,849189,849321,132,CDS
2914,849380,850368,988,CDS
2915,850434,850761,327,CDS
2916,850825,851016,191,CDS
2917,844366,844683,317,CDS
2918,844741,844914,173,CDS
2919,844968,845375,407,CDS
2920,845441,846266,825,CDS
2921,846326,847260,934,CDS
2922,847319,847451,132,CDS
2923,847514,847667,153,CDS
2924,847725,848411,686,CDS
2925,848476,849135,659,CDS
2926,849189,849321,132,CDS
2927,849380,850368,988,CDS
2928,850434,850761,327,CDS
2929,850825,851016,191,CDS
2930,851346,852673,1327,gene
2931,851346,851714,368,mRNA
2932,851774,851893,119,mRNA
2933,851953,852673,720,mRNA
2934,851442,851714,272,CDS
2935,851774,851893,119,CDS
2936,851953,852348,395,CDS
2937,852720,857248,4528,gene
2938,856343,857248,905,mRNA
2939,854587,855043,456,mRNA
2940,854296,854410,114,mRNA
2941,853906,854143,237,mRNA
2942,853670,853847,177,mRNA
2943,853469,853605,136,mRNA
2944,852720,853405,685,mRNA
2945,856343,856670,327,CDS
2946,854587,855043,456,CDS
2947,854296,854410,114,CDS
2948,853906,854143,237,CDS
2949,853670,853847,177,CDS
2950,853469,853605,136,CDS
2951,853281,853405,124,CDS
2952,858054,866478,8424,mobile_element
2953,865396,871701,6305,gene
2954,865396,865403,7,mRNA
2955,866607,866859,252,mRNA
2956,867942,868487,545,mRNA
2957,868569,868758,189,mRNA
2958,868936,869601,665,mRNA
2959,869663,869866,203,mRNA
2960,869933,870895,962,mRNA
2961,866500,866859,359,mRNA
2962,867942,868487,545,mRNA
2963,868569,868758,189,mRNA
2964,868936,869601,665,mRNA
2965,869663,869866,203,mRNA
2966,869933,871701,1768,mRNA
2967,866500,866859,359,mRNA
2968,867942,868487,545,mRNA
2969,868569,868758,189,mRNA
2970,869218,869601,383,mRNA
2971,869663,869866,203,mRNA
2972,869933,871701,1768,mRNA
2973,867995,868487,492,CDS
2974,868569,868758,189,CDS
2975,868936,869601,665,CDS
2976,869663,869866,203,CDS
2977,869933,870596,663,CDS
2978,867995,868487,492,CDS
2979,868569,868758,189,CDS
2980,868936,869601,665,CDS
2981,869663,869866,203,CDS
2982,869933,870596,663,CDS
2983,867995,868487,492,CDS
2984,868569,868758,189,CDS
2985,869218,869601,383,CDS
2986,869663,869866,203,CDS
2987,869933,870596,663,CDS
2988,871899,895313,23414,gene
2989,871899,872233,334,mRNA
2990,873308,873875,567,mRNA
2991,873991,874881,890,mRNA
2992,874950,875199,249,mRNA
2993,888297,890175,1878,mRNA
2994,890548,890803,255,mRNA
2995,890865,890948,83,mRNA
2996,891007,891174,167,mRNA
2997,891548,891776,228,mRNA
2998,891835,893520,1685,mRNA
2999,872911,872979,68,mRNA
3000,873308,873875,567,mRNA
3001,873991,874881,890,mRNA
3002,874950,875199,249,mRNA
3003,888297,890175,1878,mRNA
3004,890548,890803,255,mRNA
3005,890865,890948,83,mRNA
3006,891007,891174,167,mRNA
3007,891548,891776,228,mRNA
3008,891835,895313,3478,mRNA
3009,873420,873875,455,CDS
3010,873991,874881,890,CDS
3011,874950,875199,249,CDS
3012,888297,890175,1878,CDS
3013,890548,890803,255,CDS
3014,890865,890948,83,CDS
3015,891007,891174,167,CDS
3016,891548,891776,228,CDS
3017,891835,892175,340,CDS
3018,873420,873875,455,CDS
3019,873991,874881,890,CDS
3020,874950,875199,249,CDS
3021,888297,890175,1878,CDS
3022,890548,890803,255,CDS
3023,890865,890948,83,CDS
3024,891007,891174,167,CDS
3025,891548,891776,228,CDS
3026,891835,892175,340,CDS
3027,877291,882013,4722,gene
3028,877291,882013,4722,mRNA
3029,877291,881045,3754,mRNA
3030,878453,880903,2450,CDS
3031,878453,880903,2450,CDS
3032,888018,888245,227,mRNA
3033,888297,890175,1878,mRNA
3034,890548,890803,255,mRNA
3035,890865,890948,83,mRNA
3036,891007,891174,167,mRNA
3037,891548,891776,228,mRNA
3038,891835,893520,1685,mRNA
3039,888860,890175,1315,CDS
3040,890548,890803,255,CDS
3041,890865,890948,83,CDS
3042,891007,891174,167,CDS
3043,891548,891776,228,CDS
3044,891835,892175,340,CDS
3045,890270,890490,220,gene
3046,890270,890490,220,ncRNA
3047,891250,891475,225,gene
3048,891250,891475,225,ncRNA
3049,893059,893088,29,mobile_element
3050,895951,897364,1413,gene
3051,895951,896551,600,mRNA
3052,896608,896974,366,mRNA
3053,897030,897364,334,mRNA
3054,896115,896551,436,CDS
3055,896608,896974,366,CDS
3056,897030,897251,221,CDS
3057,897380,898772,1392,gene
3058,897380,897976,596,mRNA
3059,898032,898401,369,mRNA
3060,898464,898772,308,mRNA
3061,897380,897539,159,mRNA
3062,897610,897976,366,mRNA
3063,898032,898401,369,mRNA
3064,898464,898772,308,mRNA
3065,897446,897539,93,CDS
3066,897610,897976,366,CDS
3067,898032,898401,369,CDS
3068,898464,898667,203,CDS
3069,897483,897976,493,CDS
3070,898032,898401,369,CDS
3071,898464,898667,203,CDS
3072,901888,902396,508,gene
3073,901888,902047,159,ncRNA
3074,902116,902396,280,ncRNA
3075,902898,903810,912,gene
3076,902898,903810,912,mRNA
3077,902898,903614,716,CDS
3078,909112,912319,3207,gene
3079,909112,912319,3207,mRNA
3080,909298,910707,1409,CDS
3081,914074,993788,79714,gene
3082,914074,914218,144,mRNA
3083,915639,915809,170,mRNA
3084,950947,951133,186,mRNA
3085,967248,967537,289,mRNA
3086,972244,972402,158,mRNA
3087,973823,973942,119,mRNA
3088,974138,974300,162,mRNA
3089,979772,979937,165,mRNA
3090,980054,980191,137,mRNA
3091,980277,980429,152,mRNA
3092,980951,981207,256,mRNA
3093,981296,981420,124,mRNA
3094,981487,981765,278,mRNA
3095,981826,982103,277,mRNA
3096,982175,982297,122,mRNA
3097,983834,984058,224,mRNA
3098,984137,984276,139,mRNA
3099,985362,985622,260,mRNA
3100,914074,914218,144,mRNA
3101,915639,915809,170,mRNA
3102,950947,951133,186,mRNA
3103,967248,967537,289,mRNA
3104,980054,980221,167,mRNA
3105,980951,981207,256,mRNA
3106,981296,981420,124,mRNA
3107,981487,981765,278,mRNA
3108,981826,982103,277,mRNA
3109,982175,982297,122,mRNA
3110,983834,984058,224,mRNA
3111,984137,984276,139,mRNA
3112,985362,985622,260,mRNA
3113,914074,914609,535,mRNA
3114,915639,915809,170,mRNA
3115,950947,951133,186,mRNA
3116,967248,967537,289,mRNA
3117,972244,972402,158,mRNA
3118,973823,973942,119,mRNA
3119,974138,974300,162,mRNA
3120,974720,975062,342,mRNA
3121,979772,979937,165,mRNA
3122,980054,980191,137,mRNA
3123,980951,981207,256,mRNA
3124,981296,981420,124,mRNA
3125,981487,981765,278,mRNA
3126,981826,982103,277,mRNA
3127,982175,982582,407,mRNA
3128,914074,914218,144,mRNA
3129,915639,915809,170,mRNA
3130,950947,951133,186,mRNA
3131,967248,967537,289,mRNA
3132,972244,972402,158,mRNA
3133,973823,973942,119,mRNA
3134,974138,974300,162,mRNA
3135,979772,979937,165,mRNA
3136,980054,980191,137,mRNA
3137,980951,981207,256,mRNA
3138,981296,981420,124,mRNA
3139,981487,981765,278,mRNA
3140,981826,982103,277,mRNA
3141,982175,982582,407,mRNA
3142,914074,914218,144,mRNA
3143,950947,951133,186,mRNA
3144,967248,967537,289,mRNA
3145,972244,972402,158,mRNA
3146,973823,973942,119,mRNA
3147,974138,974300,162,mRNA
3148,979772,979937,165,mRNA
3149,980054,980191,137,mRNA
3150,980277,980603,326,mRNA
3151,925231,932599,7368,mobile_element
3152,939838,940886,1048,mobile_element
3153,959660,959970,310,mRNA
3154,967248,967537,289,mRNA
3155,980951,981207,256,mRNA
3156,981296,981420,124,mRNA
3157,981487,981765,278,mRNA
3158,981826,982103,277,mRNA
3159,982175,982297,122,mRNA
3160,983855,984058,203,mRNA
3161,984137,984276,139,mRNA
3162,985941,986044,103,mRNA
3163,987173,987439,266,mRNA
3164,991093,993788,2695,mRNA
3165,959660,959970,310,mRNA
3166,967248,967537,289,mRNA
3167,980951,981207,256,mRNA
3168,981296,981420,124,mRNA
3169,981487,981765,278,mRNA
3170,981826,982103,277,mRNA
3171,982175,982297,122,mRNA
3172,983855,984058,203,mRNA
3173,984137,984276,139,mRNA
3174,985941,986044,103,mRNA
3175,987173,987434,261,mRNA
3176,987746,987825,79,mRNA
3177,988596,993788,5192,mRNA
3178,959660,959970,310,mRNA
3179,967248,967537,289,mRNA
3180,980951,981207,256,mRNA
3181,981296,981420,124,mRNA
3182,981487,981765,278,mRNA
3183,981826,982103,277,mRNA
3184,982175,982297,122,mRNA
3185,983855,984058,203,mRNA
3186,984137,984276,139,mRNA
3187,985941,986044,103,mRNA
3188,988596,993788,5192,mRNA
3189,959660,959970,310,mRNA
3190,967248,967537,289,mRNA
3191,980951,981207,256,mRNA
3192,981296,981420,124,mRNA
3193,981487,981765,278,mRNA
3194,981826,982103,277,mRNA
3195,982175,982297,122,mRNA
3196,983855,984058,203,mRNA
3197,984137,984276,139,mRNA
3198,985941,986044,103,mRNA
3199,987173,987434,261,mRNA
3200,987746,987825,79,mRNA
3201,988596,993687,5091,mRNA
3202,959660,959970,310,mRNA
3203,967248,967537,289,mRNA
3204,972244,972402,158,mRNA
3205,973823,973942,119,mRNA
3206,974138,974300,162,mRNA
3207,979772,979937,165,mRNA
3208,980054,980191,137,mRNA
3209,980951,981207,256,mRNA
3210,981296,981420,124,mRNA
3211,981487,981765,278,mRNA
3212,981826,982103,277,mRNA
3213,982175,982297,122,mRNA
3214,983855,984058,203,mRNA
3215,984137,984276,139,mRNA
3216,985941,986044,103,mRNA
3217,988596,991298,2702,mRNA
3218,959660,959970,310,mRNA
3219,967248,967537,289,mRNA
3220,980951,981207,256,mRNA
3221,981296,981420,124,mRNA
3222,981487,981765,278,mRNA
3223,981826,982103,277,mRNA
3224,982175,982297,122,mRNA
3225,983855,984058,203,mRNA
3226,984137,984276,139,mRNA
3227,985726,986044,318,mRNA
3228,988596,991298,2702,mRNA
3229,959660,959970,310,mRNA
3230,967248,967537,289,mRNA
3231,980951,981207,256,mRNA
3232,981296,981420,124,mRNA
3233,981487,981765,278,mRNA
3234,981826,982103,277,mRNA
3235,982175,982297,122,mRNA
3236,983855,984058,203,mRNA
3237,984137,984276,139,mRNA
3238,985941,986044,103,mRNA
3239,988596,991298,2702,mRNA
3240,959660,959970,310,mRNA
3241,967248,967537,289,mRNA
3242,980951,981207,256,mRNA
3243,981296,981420,124,mRNA
3244,981487,981765,278,mRNA
3245,981826,982103,277,mRNA
3246,982175,982297,122,mRNA
3247,983855,984058,203,mRNA
3248,984137,984276,139,mRNA
3249,985941,986044,103,mRNA
3250,988596,991298,2702,mRNA
3251,959660,959970,310,mRNA
3252,967248,967537,289,mRNA
3253,972244,972402,158,mRNA
3254,973823,973942,119,mRNA
3255,974138,974300,162,mRNA
3256,979772,979937,165,mRNA
3257,980054,980191,137,mRNA
3258,980951,981207,256,mRNA
3259,981296,981420,124,mRNA
3260,981487,981765,278,mRNA
3261,981826,982103,277,mRNA
3262,982175,982297,122,mRNA
3263,983855,984058,203,mRNA
3264,984137,984276,139,mRNA
3265,985362,985622,260,mRNA
3266,959660,959970,310,mRNA
3267,967248,967537,289,mRNA
3268,979772,979937,165,mRNA
3269,980054,980191,137,mRNA
3270,980951,981207,256,mRNA
3271,981296,981420,124,mRNA
3272,981487,981765,278,mRNA
3273,981826,982103,277,mRNA
3274,982175,982297,122,mRNA
3275,983834,984058,224,mRNA
3276,984137,984276,139,mRNA
3277,985362,985622,260,mRNA
3278,959660,959970,310,mRNA
3279,967248,967537,289,mRNA
3280,980951,981207,256,mRNA
3281,981296,981420,124,mRNA
3282,981487,981765,278,mRNA
3283,981826,982103,277,mRNA
3284,982175,982297,122,mRNA
3285,983855,984058,203,mRNA
3286,984137,984276,139,mRNA
3287,985362,985622,260,mRNA
3288,959660,959970,310,mRNA
3289,967248,967537,289,mRNA
3290,972244,972402,158,mRNA
3291,973823,973942,119,mRNA
3292,974138,974300,162,mRNA
3293,979772,979937,165,mRNA
3294,980054,980191,137,mRNA
3295,980951,981207,256,mRNA
3296,981296,981420,124,mRNA
3297,981487,981765,278,mRNA
3298,981826,982103,277,mRNA
3299,982175,982297,122,mRNA
3300,983855,984058,203,mRNA
3301,984137,984436,299,mRNA
3302,959660,959970,310,mRNA
3303,967248,967537,289,mRNA
3304,980951,981207,256,mRNA
3305,981296,981420,124,mRNA
3306,981487,981765,278,mRNA
3307,981826,982103,277,mRNA
3308,982175,982297,122,mRNA
3309,983834,984058,224,mRNA
3310,984137,984436,299,mRNA
3311,959660,959970,310,mRNA
3312,967248,967537,289,mRNA
3313,980951,981207,256,mRNA
3314,981296,981420,124,mRNA
3315,981487,981765,278,mRNA
3316,981826,982103,277,mRNA
3317,982175,982297,122,mRNA
3318,983855,984058,203,mRNA
3319,984137,984436,299,mRNA
3320,959660,959842,182,mRNA
3321,967248,967537,289,mRNA
3322,980951,981207,256,mRNA
3323,981296,981420,124,mRNA
3324,981487,981765,278,mRNA
3325,981826,982103,277,mRNA
3326,982175,982297,122,mRNA
3327,983855,984058,203,mRNA
3328,984137,984436,299,mRNA
3329,961769,962471,702,gene
3330,961769,962471,702,ncRNA
3331,962756,963099,343,gene
3332,962756,963099,343,ncRNA
3333,967517,967537,20,CDS
3334,980951,981207,256,CDS
3335,981296,981420,124,CDS
3336,981487,981765,278,CDS
3337,981826,982103,277,CDS
3338,982175,982297,122,CDS
3339,983855,984058,203,CDS
3340,984137,984276,139,CDS
3341,985941,986044,103,CDS
3342,987173,987439,266,CDS
3343,991093,991163,70,CDS
3344,967517,967537,20,CDS
3345,980951,981207,256,CDS
3346,981296,981420,124,CDS
3347,981487,981765,278,CDS
3348,981826,982103,277,CDS
3349,982175,982297,122,CDS
3350,983855,984058,203,CDS
3351,984137,984276,139,CDS
3352,985941,986044,103,CDS
3353,987173,987434,261,CDS
3354,987746,987825,79,CDS
3355,988596,991045,2449,CDS
3356,967517,967537,20,CDS
3357,980951,981207,256,CDS
3358,981296,981420,124,CDS
3359,981487,981765,278,CDS
3360,981826,982103,277,CDS
3361,982175,982297,122,CDS
3362,983855,984058,203,CDS
3363,984137,984276,139,CDS
3364,985941,986044,103,CDS
3365,988596,991045,2449,CDS
3366,967517,967537,20,CDS
3367,980951,981207,256,CDS
3368,981296,981420,124,CDS
3369,981487,981765,278,CDS
3370,981826,982103,277,CDS
3371,982175,982297,122,CDS
3372,983855,984058,203,CDS
3373,984137,984276,139,CDS
3374,985941,986044,103,CDS
3375,987173,987434,261,CDS
3376,987746,987825,79,CDS
3377,988596,988711,115,CDS
3378,967517,967537,20,CDS
3379,980951,981207,256,CDS
3380,981296,981420,124,CDS
3381,981487,981765,278,CDS
3382,981826,982103,277,CDS
3383,982175,982297,122,CDS
3384,983855,984058,203,CDS
3385,984137,984276,139,CDS
3386,985941,986044,103,CDS
3387,988596,988711,115,CDS
3388,967517,967537,20,CDS
3389,980951,981207,256,CDS
3390,981296,981420,124,CDS
3391,981487,981765,278,CDS
3392,981826,982103,277,CDS
3393,982175,982297,122,CDS
3394,983855,984058,203,CDS
3395,984137,984276,139,CDS
3396,985941,986044,103,CDS
3397,988596,988711,115,CDS
3398,967517,967537,20,CDS
3399,980951,981207,256,CDS
3400,981296,981420,124,CDS
3401,981487,981765,278,CDS
3402,981826,982103,277,CDS
3403,982175,982297,122,CDS
3404,983855,984058,203,CDS
3405,984137,984276,139,CDS
3406,985726,985735,9,CDS
3407,967517,967537,20,CDS
3408,980054,980221,167,CDS
3409,980951,981207,256,CDS
3410,981296,981420,124,CDS
3411,981487,981765,278,CDS
3412,981826,982103,277,CDS
3413,982175,982297,122,CDS
3414,983834,984058,224,CDS
3415,984137,984276,139,CDS
3416,985362,985461,99,CDS
3417,967517,967537,20,CDS
3418,980951,981207,256,CDS
3419,981296,981420,124,CDS
3420,981487,981765,278,CDS
3421,981826,982103,277,CDS
3422,982175,982297,122,CDS
3423,983855,984058,203,CDS
3424,984137,984276,139,CDS
3425,985362,985461,99,CDS
3426,967517,967537,20,CDS
3427,980951,981207,256,CDS
3428,981296,981420,124,CDS
3429,981487,981765,278,CDS
3430,981826,982103,277,CDS
3431,982175,982297,122,CDS
3432,983834,984058,224,CDS
3433,984137,984295,158,CDS
3434,967517,967537,20,CDS
3435,980951,981207,256,CDS
3436,981296,981420,124,CDS
3437,981487,981765,278,CDS
3438,981826,982103,277,CDS
3439,982175,982297,122,CDS
3440,983855,984058,203,CDS
3441,984137,984295,158,CDS
3442,967517,967537,20,CDS
3443,980951,981207,256,CDS
3444,981296,981420,124,CDS
3445,981487,981765,278,CDS
3446,981826,982103,277,CDS
3447,982175,982297,122,CDS
3448,983855,984058,203,CDS
3449,984137,984295,158,CDS
3450,972261,972402,141,CDS
3451,973823,973942,119,CDS
3452,974138,974300,162,CDS
3453,979772,979937,165,CDS
3454,980054,980191,137,CDS
3455,980951,981207,256,CDS
3456,981296,981420,124,CDS
3457,981487,981765,278,CDS
3458,981826,982103,277,CDS
3459,982175,982297,122,CDS
3460,983855,984058,203,CDS
3461,984137,984276,139,CDS
3462,985941,986044,103,CDS
3463,988596,988711,115,CDS
3464,972261,972402,141,CDS
3465,973823,973942,119,CDS
3466,974138,974300,162,CDS
3467,979772,979937,165,CDS
3468,980054,980191,137,CDS
3469,980277,980429,152,CDS
3470,980951,981207,256,CDS
3471,981296,981420,124,CDS
3472,981487,981765,278,CDS
3473,981826,982103,277,CDS
3474,982175,982297,122,CDS
3475,983834,984058,224,CDS
3476,984137,984276,139,CDS
3477,985362,985461,99,CDS
3478,972261,972402,141,CDS
3479,973823,973942,119,CDS
3480,974138,974300,162,CDS
3481,979772,979937,165,CDS
3482,980054,980191,137,CDS
3483,980951,981207,256,CDS
3484,981296,981420,124,CDS
3485,981487,981765,278,CDS
3486,981826,982103,277,CDS
3487,982175,982297,122,CDS
3488,983855,984058,203,CDS
3489,984137,984276,139,CDS
3490,985362,985461,99,CDS
3491,972261,972402,141,CDS
3492,973823,973942,119,CDS
3493,974138,974300,162,CDS
3494,979772,979937,165,CDS
3495,980054,980191,137,CDS
3496,980951,981207,256,CDS
3497,981296,981420,124,CDS
3498,981487,981765,278,CDS
3499,981826,982103,277,CDS
3500,982175,982297,122,CDS
3501,983855,984058,203,CDS
3502,984137,984295,158,CDS
3503,972261,972402,141,CDS
3504,973823,973942,119,CDS
3505,974138,974300,162,CDS
3506,979772,979937,165,CDS
3507,980054,980191,137,CDS
3508,980951,981207,256,CDS
3509,981296,981420,124,CDS
3510,981487,981765,278,CDS
3511,981826,982103,277,CDS
3512,982175,982450,275,CDS
3513,972261,972402,141,CDS
3514,973823,973942,119,CDS
3515,974138,974300,162,CDS
3516,979772,979937,165,CDS
3517,980054,980191,137,CDS
3518,980277,980474,197,CDS
3519,972261,972402,141,CDS
3520,973823,973942,119,CDS
3521,974138,974300,162,CDS
3522,974720,974744,24,CDS
3523,979794,979937,143,CDS
3524,980054,980191,137,CDS
3525,980951,981207,256,CDS
3526,981296,981420,124,CDS
3527,981487,981765,278,CDS
3528,981826,982103,277,CDS
3529,982175,982297,122,CDS
3530,983834,984058,224,CDS
3531,984137,984276,139,CDS
3532,985362,985461,99,CDS
3533,993983,995703,1720,gene
3534,993983,994210,227,mRNA
3535,994277,994429,152,mRNA
3536,994503,994640,137,mRNA
3537,994708,994916,208,mRNA
3538,994976,995703,727,mRNA
3539,994061,994210,149,CDS
3540,994277,994429,152,CDS
3541,994503,994640,137,CDS
3542,994708,994916,208,CDS
3543,994976,995549,573,CDS
3544,995982,1034875,38893,gene
3545,1034763,1034875,112,mRNA
3546,1033650,1034065,415,mRNA
3547,1029080,1029623,543,mRNA
3548,1026406,1028511,2105,mRNA
3549,1024466,1026346,1880,mRNA
3550,1024204,1024407,203,mRNA
3551,1009445,1009739,294,mRNA
3552,1009322,1009379,57,mRNA
3553,1003728,1003821,93,mRNA
3554,1003396,1003653,257,mRNA
3555,999617,999682,65,mRNA
3556,999447,999542,95,mRNA
3557,999260,999375,115,mRNA
3558,999079,999195,116,mRNA
3559,998824,999013,189,mRNA
3560,998351,998731,380,mRNA
3561,995982,998291,2309,mRNA
3562,1034498,1034875,377,mRNA
3563,1033650,1034065,415,mRNA
3564,1029080,1029623,543,mRNA
3565,1026406,1028511,2105,mRNA
3566,1024466,1026346,1880,mRNA
3567,1024204,1024407,203,mRNA
3568,1009445,1009739,294,mRNA
3569,1009322,1009379,57,mRNA
3570,1003728,1003821,93,mRNA
3571,1003396,1003653,257,mRNA
3572,999617,999682,65,mRNA
3573,999447,999542,95,mRNA
3574,999260,999375,115,mRNA
3575,999079,999195,116,mRNA
3576,998824,999013,189,mRNA
3577,998351,998731,380,mRNA
3578,995982,998291,2309,mRNA
3579,1022678,1022889,211,mRNA
3580,1018562,1019272,710,mRNA
3581,1009445,1009739,294,mRNA
3582,1009322,1009379,57,mRNA
3583,1003728,1003821,93,mRNA
3584,1003396,1003653,257,mRNA
3585,999617,999682,65,mRNA
3586,999447,999542,95,mRNA
3587,999260,999375,115,mRNA
3588,999079,999195,116,mRNA
3589,998824,999013,189,mRNA
3590,998351,998731,380,mRNA
3591,995982,998291,2309,mRNA
3592,1007217,1007775,558,mRNA
3593,1003728,1003821,93,mRNA
3594,1003396,1003653,257,mRNA
3595,999617,999682,65,mRNA
3596,999447,999542,95,mRNA
3597,999260,999375,115,mRNA
3598,999079,999195,116,mRNA
3599,998824,999013,189,mRNA
3600,998351,998731,380,mRNA
3601,995982,998291,2309,mRNA
3602,1000378,1000567,189,mRNA
3603,999617,999682,65,mRNA
3604,999447,999542,95,mRNA
3605,999260,999375,115,mRNA
3606,999079,999195,116,mRNA
3607,998824,999013,189,mRNA
3608,998351,998731,380,mRNA
3609,995982,998291,2309,mRNA
3610,1007217,1007775,558,mRNA
3611,1003728,1003821,93,mRNA
3612,1003396,1003653,257,mRNA
3613,999617,999682,65,mRNA
3614,999447,999542,95,mRNA
3615,999260,999375,115,mRNA
3616,999079,999195,116,mRNA
3617,998824,999013,189,mRNA
3618,998351,998731,380,mRNA
3619,997210,998291,1081,mRNA
3620,1033650,1033828,178,CDS
3621,1029080,1029623,543,CDS
3622,1026406,1028511,2105,CDS
3623,1024466,1026346,1880,CDS
3624,1024204,1024407,203,CDS
3625,1009445,1009739,294,CDS
3626,1009322,1009379,57,CDS
3627,1003728,1003821,93,CDS
3628,1003396,1003653,257,CDS
3629,999617,999682,65,CDS
3630,999447,999542,95,CDS
3631,999260,999375,115,CDS
3632,999079,999195,116,CDS
3633,998824,999013,189,CDS
3634,998351,998731,380,CDS
3635,998085,998291,206,CDS
3636,1033650,1033828,178,CDS
3637,1029080,1029623,543,CDS
3638,1026406,1028511,2105,CDS
3639,1024466,1026346,1880,CDS
3640,1024204,1024407,203,CDS
3641,1009445,1009739,294,CDS
3642,1009322,1009379,57,CDS
3643,1003728,1003821,93,CDS
3644,1003396,1003653,257,CDS
3645,999617,999682,65,CDS
3646,999447,999542,95,CDS
3647,999260,999375,115,CDS
3648,999079,999195,116,CDS
3649,998824,999013,189,CDS
3650,998351,998731,380,CDS
3651,998085,998291,206,CDS
3652,1018562,1019098,536,CDS
3653,1009445,1009739,294,CDS
3654,1009322,1009379,57,CDS
3655,1003728,1003821,93,CDS
3656,1003396,1003653,257,CDS
3657,999617,999682,65,CDS
3658,999447,999542,95,CDS
3659,999260,999375,115,CDS
3660,999079,999195,116,CDS
3661,998824,999013,189,CDS
3662,998351,998731,380,CDS
3663,998085,998291,206,CDS
3664,1007217,1007668,451,CDS
3665,1003728,1003821,93,CDS
3666,1003396,1003653,257,CDS
3667,999617,999682,65,CDS
3668,999447,999542,95,CDS
3669,999260,999375,115,CDS
3670,999079,999195,116,CDS
3671,998824,999013,189,CDS
3672,998351,998731,380,CDS
3673,998085,998291,206,CDS
3674,1007217,1007668,451,CDS
3675,1003728,1003821,93,CDS
3676,1003396,1003653,257,CDS
3677,999617,999682,65,CDS
3678,999447,999542,95,CDS
3679,999260,999375,115,CDS
3680,999079,999195,116,CDS
3681,998824,999013,189,CDS
3682,998351,998731,380,CDS
3683,998085,998291,206,CDS
3684,1000378,1000401,23,CDS
3685,999617,999682,65,CDS
3686,999447,999542,95,CDS
3687,999260,999375,115,CDS
3688,999079,999195,116,CDS
3689,998824,999013,189,CDS
3690,998351,998731,380,CDS
3691,998085,998291,206,CDS
3692,1001027,1002195,1168,gene
3693,1001027,1001138,111,ncRNA
3694,1001212,1002195,983,ncRNA
3695,1034697,1036298,1601,gene
3696,1034697,1034885,188,mRNA
3697,1035210,1035461,251,mRNA
3698,1035560,1035956,396,mRNA
3699,1036032,1036298,266,mRNA
3700,1035185,1035461,276,mRNA
3701,1035560,1035956,396,mRNA
3702,1036032,1036298,266,mRNA
3703,1035374,1035461,87,CDS
3704,1035560,1035956,396,CDS
3705,1036032,1036221,189,CDS
3706,1035374,1035461,87,CDS
3707,1035560,1035956,396,CDS
3708,1036032,1036221,189,CDS
3709,1036369,1101089,64720,gene
3710,1099101,1101089,1988,mRNA
3711,1040297,1040354,57,mRNA
3712,1039796,1040220,424,mRNA
3713,1036369,1039215,2846,mRNA
3714,1099101,1101089,1988,mRNA
3715,1040297,1040354,57,mRNA
3716,1039796,1040220,424,mRNA
3717,1036369,1039233,2864,mRNA
3718,1099101,1101089,1988,mRNA
3719,1040297,1040354,57,mRNA
3720,1039796,1040223,427,mRNA
3721,1036369,1039215,2846,mRNA
3722,1099101,1101089,1988,mRNA
3723,1040297,1040354,57,mRNA
3724,1039796,1040223,427,mRNA
3725,1036369,1039233,2864,mRNA
3726,1099101,1100636,1535,CDS
3727,1040297,1040354,57,CDS
3728,1039796,1040220,424,CDS
3729,1038322,1039215,893,CDS
3730,1099101,1100636,1535,CDS
3731,1040297,1040354,57,CDS
3732,1039796,1040220,424,CDS
3733,1038322,1039233,911,CDS
3734,1099101,1100636,1535,CDS
3735,1040297,1040354,57,CDS
3736,1039796,1040223,427,CDS
3737,1038322,1039215,893,CDS
3738,1099101,1100636,1535,CDS
3739,1040297,1040354,57,CDS
3740,1039796,1040223,427,CDS
3741,1038322,1039233,911,CDS
3742,1047496,1055161,7665,mobile_element
3743,1140429,1177276,36847,gene
3744,1176981,1177276,295,mRNA
3745,1172758,1174607,1849,mRNA
3746,1143851,1143929,78,mRNA
3747,1143350,1143777,427,mRNA
3748,1140429,1142921,2492,mRNA
3749,1176981,1177276,295,mRNA
3750,1172758,1174607,1849,mRNA
3751,1143851,1143929,78,mRNA
3752,1143350,1143780,430,mRNA
3753,1140429,1142921,2492,mRNA
3754,1172758,1174497,1739,CDS
3755,1143851,1143929,78,CDS
3756,1143350,1143777,427,CDS
3757,1141968,1142921,953,CDS
3758,1172758,1174497,1739,CDS
3759,1143851,1143929,78,CDS
3760,1143350,1143780,430,CDS
3761,1141968,1142921,953,CDS
3762,1154185,1163277,9092,mobile_element
3763,1179306,1179373,67,mobile_element
3764,1189588,1190472,884,gene
3765,1189588,1189824,236,mRNA
3766,1189892,1190472,580,mRNA
3767,1189805,1189824,19,CDS
3768,1189892,1190360,468,CDS
3769,1190384,1193173,2789,gene
3770,1192580,1193173,593,mRNA
3771,1192308,1192473,165,mRNA
3772,1192184,1192234,50,mRNA
3773,1191825,1192106,281,mRNA
3774,1191465,1191591,126,mRNA
3775,1191173,1191405,232,mRNA
3776,1190384,1191113,729,mRNA
3777,1192580,1193090,510,CDS
3778,1192308,1192473,165,CDS
3779,1192184,1192234,50,CDS
3780,1191825,1192106,281,CDS
3781,1191465,1191591,126,CDS
3782,1191173,1191405,232,CDS
3783,1190816,1191113,297,CDS
3784,1194739,1195302,563,gene
3785,1194739,1195302,563,mRNA
3786,1194867,1195295,428,CDS
3787,1196317,1199339,3022,gene
3788,1196317,1196655,338,mRNA
3789,1196937,1197313,376,mRNA
3790,1197509,1198230,721,mRNA
3791,1198299,1198486,187,mRNA
3792,1198555,1199339,784,mRNA
3793,1196317,1196655,338,mRNA
3794,1196937,1197313,376,mRNA
3795,1197530,1198230,700,mRNA
3796,1198299,1198486,187,mRNA
3797,1198555,1199339,784,mRNA
3798,1196543,1196655,112,CDS
3799,1196937,1197313,376,CDS
3800,1197509,1198230,721,CDS
3801,1198299,1198486,187,CDS
3802,1198555,1198627,72,CDS
3803,1196543,1196655,112,CDS
3804,1196937,1197313,376,CDS
3805,1197530,1198230,700,CDS
3806,1198299,1198486,187,CDS
3807,1198555,1198627,72,CDS
3808,1200786,1232700,31914,gene
3809,1200786,1201315,529,mRNA
3810,1206028,1206432,404,mRNA
3811,1206528,1206785,257,mRNA
3812,1229530,1229791,261,mRNA
3813,1229860,1230035,175,mRNA
3814,1230093,1230206,113,mRNA
3815,1230260,1230448,188,mRNA
3816,1230509,1230841,332,mRNA
3817,1230902,1232700,1798,mRNA
3818,1200786,1201315,529,mRNA
3819,1206028,1206432,404,mRNA
3820,1206531,1206785,254,mRNA
3821,1229530,1229791,261,mRNA
3822,1229860,1230035,175,mRNA
3823,1230093,1230206,113,mRNA
3824,1230260,1230448,188,mRNA
3825,1230509,1230841,332,mRNA
3826,1230902,1232700,1798,mRNA
3827,1201871,1203036,1165,gene
3828,1202882,1203036,154,mRNA
3829,1201871,1202797,926,mRNA
3830,1202882,1202966,84,CDS
3831,1201914,1202797,883,CDS
3832,1203316,1204795,1479,gene
3833,1204555,1204795,240,mRNA
3834,1203316,1204286,970,mRNA
3835,1204555,1204639,84,CDS
3836,1203403,1204286,883,CDS
3837,1206065,1206432,367,CDS
3838,1206528,1206785,257,CDS
3839,1229530,1229791,261,CDS
3840,1229860,1230035,175,CDS
3841,1230093,1230206,113,CDS
3842,1230260,1230448,188,CDS
3843,1230509,1230841,332,CDS
3844,1230902,1232411,1509,CDS
3845,1206065,1206432,367,CDS
3846,1206531,1206785,254,CDS
3847,1229530,1229791,261,CDS
3848,1229860,1230035,175,CDS
3849,1230093,1230206,113,CDS
3850,1230260,1230448,188,CDS
3851,1230509,1230841,332,CDS
3852,1230902,1232411,1509,CDS
3853,1207371,1207981,610,gene
3854,1207371,1207981,610,mRNA
3855,1207371,1207856,485,mRNA
3856,1207394,1207816,422,CDS
3857,1207394,1207816,422,CDS
3858,1208420,1209100,680,mRNA
3859,1229530,1229791,261,mRNA
3860,1229860,1230035,175,mRNA
3861,1230093,1230206,113,mRNA
3862,1230260,1230448,188,mRNA
3863,1230509,1230841,332,mRNA
3864,1230902,1232700,1798,mRNA
3865,1210485,1210726,241,gene
3866,1210485,1210726,241,exon
3867,1210717,1211196,479,gene
3868,1210717,1211196,479,mRNA
3869,1210755,1211177,422,CDS
3870,1212827,1213406,579,gene
3871,1212827,1213406,579,mRNA
3872,1212952,1213374,422,CDS
3873,1218082,1218696,614,gene
3874,1218082,1218696,614,mRNA
3875,1218257,1218682,425,CDS
3876,1219647,1227237,7590,mobile_element
3877,1227747,1228238,491,gene
3878,1227747,1228238,491,mRNA
3879,1227772,1228194,422,CDS
3880,1229603,1229791,188,CDS
3881,1229860,1230035,175,CDS
3882,1230093,1230206,113,CDS
3883,1230260,1230448,188,CDS
3884,1230509,1230841,332,CDS
3885,1230902,1232411,1509,CDS
3886,1232882,1234015,1133,gene
3887,1232882,1233223,341,mRNA
3888,1233277,1233649,372,mRNA
3889,1233705,1234015,310,mRNA
3890,1232904,1233223,319,CDS
3891,1233277,1233649,372,CDS
3892,1233705,1233965,260,CDS
3893,1234130,1235420,1290,gene
3894,1234130,1234474,344,mRNA
3895,1234540,1234912,372,mRNA
3896,1234976,1235420,444,mRNA
3897,1234173,1234474,301,CDS
3898,1234540,1234912,372,CDS
3899,1234976,1235233,257,CDS
3900,1235472,1235702,230,gene
3901,1235472,1235702,230,ncRNA
3902,1235726,1242025,6299,gene
3903,1235726,1235913,187,mRNA
3904,1236518,1236777,259,mRNA
3905,1236837,1237083,246,mRNA
3906,1239628,1239754,126,mRNA
3907,1239819,1241221,1402,mRNA
3908,1241277,1242025,748,mRNA
3909,1236571,1236777,206,CDS
3910,1236837,1237083,246,CDS
3911,1239628,1239754,126,CDS
3912,1239819,1241221,1402,CDS
3913,1241277,1241482,205,CDS
3914,1237133,1238319,1186,gene
3915,1237133,1238319,1186,mRNA
3916,1237300,1238235,935,CDS
3917,1241568,1245910,4342,gene
3918,1245561,1245910,349,mRNA
3919,1245194,1245494,300,mRNA
3920,1243668,1245000,1332,mRNA
3921,1242392,1243602,1210,mRNA
3922,1242076,1242327,251,mRNA
3923,1241568,1241991,423,mRNA
3924,1245561,1245640,79,CDS
3925,1245194,1245494,300,CDS
3926,1243668,1245000,1332,CDS
3927,1242392,1243602,1210,CDS
3928,1242076,1242327,251,CDS
3929,1241968,1241991,23,CDS
3930,1246073,1246923,850,gene
3931,1246554,1246923,369,mRNA
3932,1246073,1246487,414,mRNA
3933,1246554,1246633,79,CDS
3934,1246073,1246487,414,CDS
3935,1246986,1247677,691,gene
3936,1246986,1247677,691,mRNA
3937,1247066,1247674,608,CDS
3938,1247817,1250451,2634,gene
3939,1247817,1247947,130,mRNA
3940,1248256,1250451,2195,mRNA
3941,1248020,1248188,168,mRNA
3942,1248256,1250451,2195,mRNA
3943,1248291,1250069,1778,CDS
3944,1248291,1250069,1778,CDS
3945,1250696,1251778,1082,gene
3946,1250696,1251778,1082,mRNA
3947,1250877,1251632,755,CDS
3948,1252012,1255986,3974,gene
3949,1252012,1255986,3974,gene
3950,1252012,1253232,1220,mRNA
3951,1253304,1253723,419,mRNA
3952,1254076,1255044,968,mRNA
3953,1255488,1255986,498,mRNA
3954,1252012,1253232,1220,mRNA
3955,1253304,1253723,419,mRNA
3956,1254076,1255044,968,mRNA
3957,1255488,1255986,498,mRNA
3958,1252012,1253232,1220,mRNA
3959,1253304,1253723,419,mRNA
3960,1254076,1254324,248,mRNA
3961,1254398,1255044,646,mRNA
3962,1255488,1255986,498,mRNA
3963,1252012,1253232,1220,mRNA
3964,1253304,1253723,419,mRNA
3965,1254076,1254324,248,mRNA
3966,1254398,1255044,646,mRNA
3967,1255488,1255986,498,mRNA
3968,1252167,1253232,1065,CDS
3969,1253304,1253723,419,CDS
3970,1254076,1254143,67,CDS
3971,1252167,1253232,1065,CDS
3972,1253304,1253723,419,CDS
3973,1254076,1254143,67,CDS
3974,1253853,1253993,140,mRNA
3975,1254076,1254324,248,mRNA
3976,1254398,1255044,646,mRNA
3977,1255488,1255986,498,mRNA
3978,1254225,1254324,99,CDS
3979,1254398,1255044,646,CDS
3980,1255488,1255739,251,CDS
3981,1254225,1254324,99,CDS
3982,1254398,1255044,646,CDS
3983,1255488,1255739,251,CDS
3984,1254367,1255044,677,CDS
3985,1255488,1255739,251,CDS
3986,1256449,1274498,18049,gene
3987,1256449,1257360,911,mRNA
3988,1261566,1262033,467,mRNA
3989,1269071,1269174,103,mRNA
3990,1272965,1273073,108,mRNA
3991,1273954,1274498,544,mRNA
3992,1257162,1257360,198,CDS
3993,1261566,1262033,467,CDS
3994,1269071,1269174,103,CDS
3995,1272965,1273073,108,CDS
3996,1273954,1274204,250,CDS
3997,1265716,1266211,495,mRNA
3998,1269071,1269174,103,mRNA
3999,1272965,1273073,108,mRNA
4000,1273954,1274498,544,mRNA
4001,1265716,1265774,58,mRNA
4002,1266072,1266211,139,mRNA
4003,1269071,1269174,103,mRNA
4004,1272965,1273073,108,mRNA
4005,1273954,1274498,544,mRNA
4006,1266109,1266211,102,CDS
4007,1269071,1269174,103,CDS
4008,1272965,1273073,108,CDS
4009,1273954,1274204,250,CDS
4010,1266109,1266211,102,CDS
4011,1269071,1269174,103,CDS
4012,1272965,1273073,108,CDS
4013,1273954,1274204,250,CDS
4014,1275956,1295699,19743,gene
4015,1275956,1276294,338,mRNA
4016,1283650,1283812,162,mRNA
4017,1284788,1285110,322,mRNA
4018,1287932,1288238,306,mRNA
4019,1289999,1290028,29,mRNA
4020,1290286,1290473,187,mRNA
4021,1290530,1293458,2928,mRNA
4022,1293518,1293729,211,mRNA
4023,1293798,1294038,240,mRNA
4024,1294093,1295699,1606,mRNA
4025,1275956,1276178,222,mRNA
4026,1283650,1283812,162,mRNA
4027,1284788,1285110,322,mRNA
4028,1287932,1288238,306,mRNA
4029,1290286,1290473,187,mRNA
4030,1290530,1293458,2928,mRNA
4031,1293518,1293729,211,mRNA
4032,1293798,1294038,240,mRNA
4033,1294093,1294382,289,mRNA
4034,1275956,1276178,222,mRNA
4035,1283650,1283812,162,mRNA
4036,1284788,1285110,322,mRNA
4037,1287932,1288331,399,mRNA
4038,1283736,1283812,76,CDS
4039,1284788,1285110,322,CDS
4040,1287932,1288238,306,CDS
4041,1289999,1290028,29,CDS
4042,1290286,1290473,187,CDS
4043,1290530,1293458,2928,CDS
4044,1293518,1293729,211,CDS
4045,1293798,1294038,240,CDS
4046,1294093,1294285,192,CDS
4047,1283736,1283812,76,CDS
4048,1284788,1285110,322,CDS
4049,1287932,1288238,306,CDS
4050,1290286,1290473,187,CDS
4051,1290530,1293458,2928,CDS
4052,1293518,1293729,211,CDS
4053,1293798,1294038,240,CDS
4054,1294093,1294285,192,CDS
4055,1283736,1283812,76,CDS
4056,1284788,1285110,322,CDS
4057,1287932,1288242,310,CDS
4058,1295913,1298497,2584,gene
4059,1295913,1296179,266,mRNA
4060,1296265,1296468,203,mRNA
4061,1296523,1296835,312,mRNA
4062,1296909,1298497,1588,mRNA
4063,1296026,1296179,153,CDS
4064,1296265,1296468,203,CDS
4065,1296523,1296835,312,CDS
4066,1296909,1298328,1419,CDS
4067,1298672,1300389,1717,gene
4068,1298672,1299200,528,mRNA
4069,1299319,1300389,1070,mRNA
4070,1298726,1299200,474,CDS
4071,1299319,1299833,514,CDS
4072,1298886,1299200,314,mRNA
4073,1299319,1300389,1070,mRNA
4074,1299137,1299200,63,CDS
4075,1299319,1299833,514,CDS
4076,1300879,1302683,1804,gene
4077,1300879,1302683,1804,mRNA
4078,1300966,1302683,1717,mRNA
4079,1301768,1302346,578,CDS
4080,1301768,1302346,578,CDS
4081,1302944,1304717,1773,gene
4082,1302944,1303093,149,mRNA
4083,1303188,1303309,121,mRNA
4084,1303381,1303493,112,mRNA
4085,1303548,1303977,429,mRNA
4086,1304038,1304223,185,mRNA
4087,1304280,1304717,437,mRNA
4088,1303051,1303093,42,CDS
4089,1303188,1303309,121,CDS
4090,1303381,1303493,112,CDS
4091,1303548,1303977,429,CDS
4092,1304038,1304223,185,CDS
4093,1304280,1304564,284,CDS
4094,1304850,1307418,2568,gene
4095,1304850,1307418,2568,mRNA
4096,1305288,1307418,2130,mRNA
4097,1305288,1307112,1824,mRNA
4098,1305684,1307288,1604,CDS
4099,1305684,1307288,1604,CDS
4100,1305684,1306991,1307,CDS
4101,1307224,1311805,4581,gene
4102,1307224,1307369,145,mRNA
4103,1307626,1307741,115,mRNA
4104,1307804,1307902,98,mRNA
4105,1307964,1308899,935,mRNA
4106,1308957,1309793,836,mRNA
4107,1309857,1310314,457,mRNA
4108,1310628,1311805,1177,mRNA
4109,1307548,1307741,193,mRNA
4110,1307804,1307902,98,mRNA
4111,1307964,1308899,935,mRNA
4112,1308957,1309793,836,mRNA
4113,1309857,1310314,457,mRNA
4114,1310628,1311805,1177,mRNA
4115,1307700,1307741,41,CDS
4116,1307804,1307902,98,CDS
4117,1307964,1308899,935,CDS
4118,1308957,1309793,836,CDS
4119,1309857,1310314,457,CDS
4120,1310628,1311708,1080,CDS
4121,1307700,1307741,41,CDS
4122,1307804,1307902,98,CDS
4123,1307964,1308899,935,CDS
4124,1308957,1309793,836,CDS
4125,1309857,1310314,457,CDS
4126,1310628,1311708,1080,CDS
4127,1311719,1313377,1658,gene
4128,1313256,1313377,121,mRNA
4129,1312720,1313121,401,mRNA
4130,1311719,1312660,941,mRNA
4131,1312720,1313205,485,mRNA
4132,1311719,1312660,941,mRNA
4133,1312720,1312912,192,CDS
4134,1311930,1312660,730,CDS
4135,1312720,1312912,192,CDS
4136,1311930,1312660,730,CDS
4137,1313696,1318330,4634,gene
4138,1313696,1314090,394,mRNA
4139,1314158,1314320,162,mRNA
4140,1314473,1314709,236,mRNA
4141,1314886,1315612,726,mRNA
4142,1315679,1315940,261,mRNA
4143,1316001,1316324,323,mRNA
4144,1316385,1316675,290,mRNA
4145,1316735,1317333,598,mRNA
4146,1317391,1317616,225,mRNA
4147,1317672,1317785,113,mRNA
4148,1317849,1318330,481,mRNA
4149,1313696,1313908,212,mRNA
4150,1313975,1314090,115,mRNA
4151,1314158,1314335,177,mRNA
4152,1314473,1314709,236,mRNA
4153,1314886,1315612,726,mRNA
4154,1315679,1315940,261,mRNA
4155,1316001,1316324,323,mRNA
4156,1316385,1316675,290,mRNA
4157,1316738,1317333,595,mRNA
4158,1317391,1317616,225,mRNA
4159,1317672,1317785,113,mRNA
4160,1317849,1318330,481,mRNA
4161,1313696,1313908,212,mRNA
4162,1313975,1314090,115,mRNA
4163,1314158,1314320,162,mRNA
4164,1314473,1314709,236,mRNA
4165,1314886,1315612,726,mRNA
4166,1315679,1315940,261,mRNA
4167,1316001,1316324,323,mRNA
4168,1316385,1316675,290,mRNA
4169,1316735,1317333,598,mRNA
4170,1317391,1317616,225,mRNA
4171,1317672,1317785,113,mRNA
4172,1317849,1318330,481,mRNA
4173,1314010,1314090,80,CDS
4174,1314158,1314335,177,CDS
4175,1314473,1314709,236,CDS
4176,1314886,1315612,726,CDS
4177,1315679,1315940,261,CDS
4178,1316001,1316324,323,CDS
4179,1316385,1316675,290,CDS
4180,1316738,1317333,595,CDS
4181,1317391,1317616,225,CDS
4182,1317672,1317785,113,CDS
4183,1317849,1318001,152,CDS
4184,1314010,1314090,80,CDS
4185,1314158,1314320,162,CDS
4186,1314473,1314709,236,CDS
4187,1314886,1315612,726,CDS
4188,1315679,1315940,261,CDS
4189,1316001,1316324,323,CDS
4190,1316385,1316675,290,CDS
4191,1316735,1317333,598,CDS
4192,1317391,1317616,225,CDS
4193,1317672,1317785,113,CDS
4194,1317849,1318001,152,CDS
4195,1314010,1314090,80,CDS
4196,1314158,1314320,162,CDS
4197,1314473,1314709,236,CDS
4198,1314886,1315612,726,CDS
4199,1315679,1315940,261,CDS
4200,1316001,1316324,323,CDS
4201,1316385,1316675,290,CDS
4202,1316735,1317333,598,CDS
4203,1317391,1317616,225,CDS
4204,1317672,1317785,113,CDS
4205,1317849,1318001,152,CDS
4206,1318480,1329617,11137,gene
4207,1318480,1318769,289,mRNA
4208,1325995,1326139,144,mRNA
4209,1326201,1326316,115,mRNA
4210,1326373,1326835,462,mRNA
4211,1326898,1329161,2263,mRNA
4212,1329224,1329320,96,mRNA
4213,1329401,1329617,216,mRNA
4214,1321029,1321180,151,mRNA
4215,1325995,1326139,144,mRNA
4216,1326201,1326316,115,mRNA
4217,1326373,1326835,462,mRNA
4218,1326898,1329161,2263,mRNA
4219,1329224,1329320,96,mRNA
4220,1329401,1329617,216,mRNA
4221,1321792,1322806,1014,gene
4222,1322752,1322806,54,mRNA
4223,1322541,1322702,161,mRNA
4224,1321792,1322450,658,mRNA
4225,1322752,1322806,54,mRNA
4226,1321792,1322702,910,mRNA
4227,1322752,1322782,30,CDS
4228,1322541,1322702,161,CDS
4229,1322005,1322450,445,CDS
4230,1322752,1322782,30,CDS
4231,1322005,1322702,697,CDS
4232,1322877,1324221,1344,gene
4233,1323915,1324221,306,ncRNA
4234,1322877,1323601,724,ncRNA
4235,1324563,1324629,66,mRNA
4236,1325995,1326139,144,mRNA
4237,1326201,1326316,115,mRNA
4238,1326373,1326835,462,mRNA
4239,1326898,1329161,2263,mRNA
4240,1329224,1329320,96,mRNA
4241,1329401,1329617,216,mRNA
4242,1324571,1324629,58,CDS
4243,1325995,1326139,144,CDS
4244,1326201,1326316,115,CDS
4245,1326373,1326835,462,CDS
4246,1326898,1329161,2263,CDS
4247,1329224,1329320,96,CDS
4248,1329401,1329415,14,CDS
4249,1325117,1325260,143,mRNA
4250,1325995,1326139,144,mRNA
4251,1326201,1326316,115,mRNA
4252,1326373,1326835,462,mRNA
4253,1326898,1329161,2263,mRNA
4254,1329224,1329320,96,mRNA
4255,1329401,1329617,216,mRNA
4256,1325253,1325260,7,CDS
4257,1325995,1326139,144,CDS
4258,1326201,1326316,115,CDS
4259,1326373,1326835,462,CDS
4260,1326898,1329161,2263,CDS
4261,1329224,1329320,96,CDS
4262,1329401,1329415,14,CDS
4263,1326014,1326139,125,CDS
4264,1326201,1326316,115,CDS
4265,1326373,1326835,462,CDS
4266,1326898,1329161,2263,CDS
4267,1329224,1329320,96,CDS
4268,1329401,1329415,14,CDS
4269,1326014,1326139,125,CDS
4270,1326201,1326316,115,CDS
4271,1326373,1326835,462,CDS
4272,1326898,1329161,2263,CDS
4273,1329224,1329320,96,CDS
4274,1329401,1329415,14,CDS
4275,1329949,1331631,1682,gene
4276,1329949,1330047,98,mRNA
4277,1330131,1330290,159,mRNA
4278,1331042,1331170,128,mRNA
4279,1331280,1331631,351,mRNA
4280,1329949,1330047,98,mRNA
4281,1330131,1330290,159,mRNA
4282,1330863,1330964,101,mRNA
4283,1331280,1331543,263,mRNA
4284,1329949,1330047,98,mRNA
4285,1330131,1330290,159,mRNA
4286,1330863,1330949,86,mRNA
4287,1331042,1331170,128,mRNA
4288,1331280,1331543,263,mRNA
4289,1330141,1330290,149,CDS
4290,1330863,1330964,101,CDS
4291,1331280,1331459,179,CDS
4292,1330141,1330290,149,CDS
4293,1330863,1330949,86,CDS
4294,1331042,1331170,128,CDS
4295,1331280,1331459,179,CDS
4296,1330141,1330290,149,CDS
4297,1331042,1331170,128,CDS
4298,1331280,1331459,179,CDS
4299,1331744,1332326,582,gene
4300,1331744,1331818,74,mRNA
4301,1331874,1332326,452,mRNA
4302,1331782,1331818,36,CDS
4303,1331874,1332253,379,CDS
4304,1332307,1333146,839,gene
4305,1332307,1333146,839,mRNA
4306,1332352,1333113,761,CDS
4307,1333239,1335359,2120,gene
4308,1335041,1335359,318,mRNA
4309,1334513,1334972,459,mRNA
4310,1333689,1334456,767,mRNA
4311,1333239,1333632,393,mRNA
4312,1334513,1334576,63,mRNA
4313,1333689,1334456,767,mRNA
4314,1333239,1333632,393,mRNA
4315,1334513,1334521,8,CDS
4316,1333689,1334456,767,CDS
4317,1333417,1333632,215,CDS
4318,1334513,1334521,8,CDS
4319,1333689,1334456,767,CDS
4320,1333417,1333632,215,CDS
4321,1334889,1339415,4526,gene
4322,1334889,1335288,399,mRNA
4323,1335944,1336016,72,mRNA
4324,1337271,1337540,269,mRNA
4325,1337603,1339415,1812,mRNA
4326,1335241,1335288,47,CDS
4327,1335944,1336016,72,CDS
4328,1337271,1337540,269,CDS
4329,1337603,1339170,1567,CDS
4330,1339460,1342403,2943,gene
4331,1342372,1342403,31,mRNA
4332,1341928,1342069,141,mRNA
4333,1339460,1341861,2401,mRNA
4334,1341928,1342371,443,mRNA
4335,1339460,1341861,2401,mRNA
4336,1341928,1342165,237,mRNA
4337,1339460,1341861,2401,mRNA
4338,1342372,1342391,19,CDS
4339,1341928,1342069,141,CDS
4340,1339822,1341861,2039,CDS
4341,1341928,1342062,134,CDS
4342,1339822,1341861,2039,CDS
4343,1341928,1342062,134,CDS
4344,1339822,1341861,2039,CDS
4345,1342493,1475257,132764,gene
4346,1424791,1424979,188,mRNA
4347,1346277,1346450,173,mRNA
4348,1345943,1346205,262,mRNA
4349,1345498,1345864,366,mRNA
4350,1344626,1345161,535,mRNA
4351,1344404,1344529,125,mRNA
4352,1342493,1342633,140,mRNA
4353,1350372,1350599,227,mRNA
4354,1346277,1346450,173,mRNA
4355,1345943,1346205,262,mRNA
4356,1345498,1345864,366,mRNA
4357,1344626,1345161,535,mRNA
4358,1344404,1344529,125,mRNA
4359,1342493,1342633,140,mRNA
4360,1424791,1424880,89,CDS
4361,1346277,1346450,173,CDS
4362,1345943,1346205,262,CDS
4363,1345498,1345864,366,CDS
4364,1344626,1345161,535,CDS
4365,1344404,1344529,125,CDS
4366,1342597,1342633,36,CDS
4367,1350372,1350476,104,CDS
4368,1346277,1346450,173,CDS
4369,1345943,1346205,262,CDS
4370,1345498,1345864,366,CDS
4371,1344626,1345161,535,CDS
4372,1344404,1344529,125,CDS
4373,1342597,1342633,36,CDS
4374,1474611,1475257,646,mRNA
4375,1474236,1474339,103,mRNA
4376,1472918,1474182,1264,mRNA
4377,1346277,1346450,173,mRNA
4378,1345943,1346205,262,mRNA
4379,1345498,1345864,366,mRNA
4380,1344626,1345161,535,mRNA
4381,1342719,1344529,1810,mRNA
4382,1349199,1349542,343,mRNA
4383,1346277,1346450,173,mRNA
4384,1345943,1346205,262,mRNA
4385,1345498,1345864,366,mRNA
4386,1344626,1345161,535,mRNA
4387,1342719,1344529,1810,mRNA
4388,1350372,1350599,227,mRNA
4389,1346277,1346450,173,mRNA
4390,1345943,1346205,262,mRNA
4391,1345498,1345864,366,mRNA
4392,1344626,1345161,535,mRNA
4393,1343983,1344529,546,mRNA
4394,1350372,1350476,104,CDS
4395,1346277,1346450,173,CDS
4396,1345943,1346205,262,CDS
4397,1345498,1345864,366,CDS
4398,1344626,1345161,535,CDS
4399,1344328,1344529,201,CDS
4400,1345943,1346133,190,CDS
4401,1345498,1345864,366,CDS
4402,1344626,1345161,535,CDS
4403,1344328,1344529,201,CDS
4404,1345943,1346133,190,CDS
4405,1345498,1345864,366,CDS
4406,1344626,1345161,535,CDS
4407,1344328,1344529,201,CDS
4408,1351116,1352853,1737,gene
4409,1351116,1351471,355,mRNA
4410,1351529,1351789,260,mRNA
4411,1351853,1352853,1000,mRNA
4412,1351116,1351471,355,mRNA
4413,1351529,1351789,260,mRNA
4414,1351853,1352108,255,mRNA
4415,1351186,1351471,285,CDS
4416,1351529,1351789,260,CDS
4417,1351853,1352031,178,CDS
4418,1351186,1351471,285,CDS
4419,1351529,1351789,260,CDS
4420,1351853,1352031,178,CDS
4421,1370628,1387437,16809,gene
4422,1370628,1370880,252,mRNA
4423,1384450,1384840,390,mRNA
4424,1386212,1386596,384,mRNA
4425,1386669,1387437,768,mRNA
4426,1379934,1380005,71,gene
4427,1379934,1380005,71,tRNA
4428,1380238,1380309,71,gene
4429,1380238,1380309,71,tRNA
4430,1380529,1380600,71,gene
4431,1380529,1380600,71,tRNA
4432,1384517,1384840,323,CDS
4433,1386212,1386596,384,CDS
4434,1386669,1386985,316,CDS
4435,1397695,1397766,71,gene
4436,1397695,1397766,71,tRNA
4437,1397932,1398003,71,gene
4438,1397932,1398003,71,tRNA
4439,1398169,1398240,71,gene
4440,1398169,1398240,71,tRNA
4441,1398406,1398477,71,gene
4442,1398406,1398477,71,tRNA
4443,1398586,1401612,3026,gene
4444,1398586,1399055,469,mRNA
4445,1399106,1399416,310,mRNA
4446,1399469,1399729,260,mRNA
4447,1399786,1400162,376,mRNA
4448,1400215,1400383,168,mRNA
4449,1400433,1400735,302,mRNA
4450,1400799,1401024,225,mRNA
4451,1401079,1401204,125,mRNA
4452,1401265,1401612,347,mRNA
4453,1398604,1399055,451,CDS
4454,1399106,1399416,310,CDS
4455,1399469,1399729,260,CDS
4456,1399786,1400162,376,CDS
4457,1400215,1400383,168,CDS
4458,1400433,1400735,302,CDS
4459,1400799,1401024,225,CDS
4460,1401079,1401204,125,CDS
4461,1401265,1401343,78,CDS
4462,1401440,1401511,71,gene
4463,1401440,1401511,71,tRNA
4464,1401781,1401852,71,gene
4465,1401781,1401852,71,tRNA
4466,1411057,1413089,2032,gene
4467,1411057,1411473,416,mRNA
4468,1411524,1413089,1565,mRNA
4469,1411082,1411473,391,CDS
4470,1411524,1413078,1554,CDS
4471,1416231,1417933,1702,gene
4472,1416231,1417390,1159,mRNA
4473,1417447,1417933,486,mRNA
4474,1416462,1417390,928,CDS
4475,1417447,1417861,414,CDS
4476,1421199,1423471,2272,gene
4477,1421199,1423471,2272,mRNA
4478,1422061,1423362,1301,CDS
4479,1424822,1430014,5192,mobile_element
4480,1434336,1437872,3536,gene
4481,1437558,1437872,314,mRNA
4482,1437204,1437507,303,mRNA
4483,1436941,1437139,198,mRNA
4484,1435350,1436875,1525,mRNA
4485,1434987,1435274,287,mRNA
4486,1434336,1434922,586,mRNA
4487,1437558,1437643,85,CDS
4488,1437204,1437507,303,CDS
4489,1436941,1437139,198,CDS
4490,1435350,1436875,1525,CDS
4491,1434987,1435274,287,CDS
4492,1434404,1434922,518,CDS
4493,1460703,1462801,2098,gene
4494,1462388,1462801,413,ncRNA
4495,1460703,1462271,1568,ncRNA
4496,1463811,1468944,5133,gene
4497,1463811,1464130,319,mRNA
4498,1465466,1465822,356,mRNA
4499,1466490,1466907,417,mRNA
4500,1467040,1468944,1904,mRNA
4501,1463811,1464130,319,mRNA
4502,1465466,1465822,356,mRNA
4503,1466490,1466907,417,mRNA
4504,1467040,1468475,1435,mRNA
4505,1465487,1465822,335,CDS
4506,1466490,1466907,417,CDS
4507,1467040,1467353,313,CDS
4508,1465487,1465822,335,CDS
4509,1466490,1466907,417,CDS
4510,1467040,1467353,313,CDS
4511,1470850,1472060,1210,gene
4512,1470850,1472060,1210,mRNA
4513,1471370,1472005,635,CDS
4514,1475438,1489547,14109,gene
4515,1489452,1489547,95,mRNA
4516,1488246,1488507,261,mRNA
4517,1488098,1488190,92,mRNA
4518,1488006,1488029,23,mRNA
4519,1487759,1487935,176,mRNA
4520,1477057,1477287,230,mRNA
4521,1476582,1476993,411,mRNA
4522,1475438,1476522,1084,mRNA
4523,1478772,1478941,169,mRNA
4524,1477057,1477287,230,mRNA
4525,1476582,1476993,411,mRNA
4526,1475438,1476522,1084,mRNA
4527,1488246,1488416,170,CDS
4528,1488098,1488190,92,CDS
4529,1488006,1488029,23,CDS
4530,1487759,1487935,176,CDS
4531,1477057,1477287,230,CDS
4532,1476582,1476993,411,CDS
4533,1476173,1476522,349,CDS
4534,1477057,1477287,230,CDS
4535,1476582,1476993,411,CDS
4536,1476173,1476522,349,CDS
4537,1477619,1478369,750,gene
4538,1477619,1478369,750,mRNA
4539,1477619,1478209,590,mRNA
4540,1477721,1478035,314,CDS
4541,1477721,1478035,314,CDS
4542,1485765,1486871,1106,mobile_element
4543,1488739,1488831,92,gene
4544,1488739,1488831,92,ncRNA
4545,1488906,1489045,139,gene
4546,1488906,1489045,139,ncRNA
4547,1490339,1491012,673,mobile_element
4548,1490951,1496643,5692,gene
4549,1496318,1496643,325,mRNA
4550,1494590,1494946,356,mRNA
4551,1493329,1494268,939,mRNA
4552,1493094,1493265,171,mRNA
4553,1492876,1493037,161,mRNA
4554,1492646,1492807,161,mRNA
4555,1492314,1492463,149,mRNA
4556,1491984,1492229,245,mRNA
4557,1490951,1491918,967,mRNA
4558,1496318,1496643,325,mRNA
4559,1494590,1494946,356,mRNA
4560,1493329,1494268,939,mRNA
4561,1493094,1493265,171,mRNA
4562,1492876,1493037,161,mRNA
4563,1492646,1492807,161,mRNA
4564,1491984,1492463,479,mRNA
4565,1491370,1491918,548,mRNA
4566,1494590,1494890,300,CDS
4567,1493329,1494268,939,CDS
4568,1493094,1493265,171,CDS
4569,1492876,1493037,161,CDS
4570,1492646,1492807,161,CDS
4571,1492314,1492463,149,CDS
4572,1491984,1492229,245,CDS
4573,1491754,1491918,164,CDS
4574,1494590,1494890,300,CDS
4575,1493329,1494268,939,CDS
4576,1493094,1493265,171,CDS
4577,1492876,1493037,161,CDS
4578,1492646,1492807,161,CDS
4579,1491984,1492463,479,CDS
4580,1491754,1491918,164,CDS
4581,1494499,1495119,620,gene
4582,1494499,1495119,620,ncRNA
4583,1496853,1502590,5737,gene
4584,1502467,1502590,123,mRNA
4585,1501799,1501892,93,mRNA
4586,1499043,1499337,294,mRNA
4587,1498293,1498796,503,mRNA
4588,1496853,1498230,1377,mRNA
4589,1502467,1502590,123,mRNA
4590,1501799,1501892,93,mRNA
4591,1499772,1499879,107,mRNA
4592,1499043,1499337,294,mRNA
4593,1498293,1498796,503,mRNA
4594,1496853,1498230,1377,mRNA
4595,1502467,1502590,123,mRNA
4596,1501799,1501892,93,mRNA
4597,1500245,1500388,143,mRNA
4598,1499043,1499879,836,mRNA
4599,1498293,1498796,503,mRNA
4600,1496853,1498230,1377,mRNA
4601,1502467,1502590,123,mRNA
4602,1501799,1501892,93,mRNA
4603,1501351,1501397,46,mRNA
4604,1499043,1499337,294,mRNA
4605,1498293,1498796,503,mRNA
4606,1496853,1498230,1377,mRNA
4607,1502467,1502590,123,mRNA
4608,1501799,1501892,93,mRNA
4609,1501346,1501397,51,mRNA
4610,1499043,1499337,294,mRNA
4611,1498293,1498796,503,mRNA
4612,1496853,1498230,1377,mRNA
4613,1502467,1502590,123,mRNA
4614,1501799,1501892,93,mRNA
4615,1499043,1501397,2354,mRNA
4616,1498293,1498796,503,mRNA
4617,1496853,1498230,1377,mRNA
4618,1502467,1502590,123,mRNA
4619,1501799,1501892,93,mRNA
4620,1501351,1501406,55,mRNA
4621,1500245,1500388,143,mRNA
4622,1499772,1499879,107,mRNA
4623,1499043,1499337,294,mRNA
4624,1498293,1498796,503,mRNA
4625,1496853,1498230,1377,mRNA
4626,1502467,1502590,123,mRNA
4627,1501799,1501892,93,mRNA
4628,1501346,1501406,60,mRNA
4629,1499043,1499337,294,mRNA
4630,1498293,1498796,503,mRNA
4631,1496853,1498230,1377,mRNA
4632,1502467,1502590,123,mRNA
4633,1501799,1501892,93,mRNA
4634,1501170,1501406,236,mRNA
4635,1500245,1500388,143,mRNA
4636,1499043,1499337,294,mRNA
4637,1498293,1498796,503,mRNA
4638,1496853,1498230,1377,mRNA
4639,1502467,1502590,123,mRNA
4640,1499043,1501892,2849,mRNA
4641,1498293,1498796,503,mRNA
4642,1496853,1498230,1377,mRNA
4643,1502467,1502469,2,CDS
4644,1501799,1501892,93,CDS
4645,1499043,1499337,294,CDS
4646,1498293,1498796,503,CDS
4647,1497213,1498230,1017,CDS
4648,1499043,1499158,115,CDS
4649,1498293,1498796,503,CDS
4650,1497213,1498230,1017,CDS
4651,1499043,1499158,115,CDS
4652,1498293,1498796,503,CDS
4653,1497213,1498230,1017,CDS
4654,1499043,1499158,115,CDS
4655,1498293,1498796,503,CDS
4656,1497213,1498230,1017,CDS
4657,1499043,1499158,115,CDS
4658,1498293,1498796,503,CDS
4659,1497213,1498230,1017,CDS
4660,1499043,1499158,115,CDS
4661,1498293,1498796,503,CDS
4662,1497213,1498230,1017,CDS
4663,1499043,1499158,115,CDS
4664,1498293,1498796,503,CDS
4665,1497213,1498230,1017,CDS
4666,1499043,1499158,115,CDS
4667,1498293,1498796,503,CDS
4668,1497213,1498230,1017,CDS
4669,1499043,1499158,115,CDS
4670,1498293,1498796,503,CDS
4671,1497213,1498230,1017,CDS
4672,1499043,1499158,115,CDS
4673,1498293,1498796,503,CDS
4674,1497213,1498230,1017,CDS
4675,1498872,1498996,124,gene
4676,1498872,1498996,124,ncRNA
4677,1502843,1523380,20537,gene
4678,1502843,1502981,138,mRNA
4679,1518177,1518796,619,mRNA
4680,1519947,1520763,816,mRNA
4681,1521134,1522458,1324,mRNA
4682,1522522,1522644,122,mRNA
4683,1522707,1523380,673,mRNA
4684,1503226,1517271,14045,gene
4685,1516913,1517271,358,mRNA
4686,1504388,1505792,1404,mRNA
4687,1503987,1504320,333,mRNA
4688,1503226,1503928,702,mRNA
4689,1516913,1517006,93,CDS
4690,1504388,1505792,1404,CDS
4691,1503987,1504320,333,CDS
4692,1503827,1503928,101,CDS
4693,1506054,1513593,7539,mobile_element
4694,1517500,1517599,99,mRNA
4695,1518177,1518796,619,mRNA
4696,1519947,1520763,816,mRNA
4697,1521134,1522458,1324,mRNA
4698,1522522,1522644,122,mRNA
4699,1522707,1523380,673,mRNA
4700,1517600,1517956,356,mRNA
4701,1518177,1518796,619,mRNA
4702,1519947,1520763,816,mRNA
4703,1521134,1522458,1324,mRNA
4704,1522522,1522644,122,mRNA
4705,1522707,1523380,673,mRNA
4706,1517600,1517755,155,mRNA
4707,1517987,1518052,65,mRNA
4708,1518177,1518796,619,mRNA
4709,1519947,1520763,816,mRNA
4710,1521134,1522458,1324,mRNA
4711,1522522,1522644,122,mRNA
4712,1522707,1523380,673,mRNA
4713,1517600,1517755,155,mRNA
4714,1518177,1518796,619,mRNA
4715,1519947,1520763,816,mRNA
4716,1521134,1522458,1324,mRNA
4717,1522522,1522644,122,mRNA
4718,1522707,1523380,673,mRNA
4719,1517692,1517755,63,CDS
4720,1517987,1518052,65,CDS
4721,1518177,1518796,619,CDS
4722,1519947,1520763,816,CDS
4723,1521134,1522458,1324,CDS
4724,1522522,1522644,122,CDS
4725,1522707,1522919,212,CDS
4726,1517692,1517755,63,CDS
4727,1518177,1518796,619,CDS
4728,1519947,1520763,816,CDS
4729,1521134,1522458,1324,CDS
4730,1522522,1522644,122,CDS
4731,1522707,1522919,212,CDS
4732,1517851,1517956,105,mRNA
4733,1518177,1518796,619,mRNA
4734,1519947,1520763,816,mRNA
4735,1521134,1522458,1324,mRNA
4736,1522522,1522644,122,mRNA
4737,1522707,1523380,673,mRNA
4738,1517851,1517956,105,mRNA
4739,1518214,1518796,582,mRNA
4740,1519947,1520763,816,mRNA
4741,1521134,1522458,1324,mRNA
4742,1522522,1522644,122,mRNA
4743,1522707,1523380,673,mRNA
4744,1517851,1517956,105,mRNA
4745,1518390,1518796,406,mRNA
4746,1519947,1520763,816,mRNA
4747,1521134,1522458,1324,mRNA
4748,1522522,1522644,122,mRNA
4749,1522707,1523380,673,mRNA
4750,1518674,1518796,122,CDS
4751,1519947,1520763,816,CDS
4752,1521134,1522458,1324,CDS
4753,1522522,1522644,122,CDS
4754,1522707,1522919,212,CDS
4755,1518674,1518796,122,CDS
4756,1519947,1520763,816,CDS
4757,1521134,1522458,1324,CDS
4758,1522522,1522644,122,CDS
4759,1522707,1522919,212,CDS
4760,1518674,1518796,122,CDS
4761,1519947,1520763,816,CDS
4762,1521134,1522458,1324,CDS
4763,1522522,1522644,122,CDS
4764,1522707,1522919,212,CDS
4765,1518674,1518796,122,CDS
4766,1519947,1520763,816,CDS
4767,1521134,1522458,1324,CDS
4768,1522522,1522644,122,CDS
4769,1522707,1522919,212,CDS
4770,1518674,1518796,122,CDS
4771,1519947,1520763,816,CDS
4772,1521134,1522458,1324,CDS
4773,1522522,1522644,122,CDS
4774,1522707,1522919,212,CDS
4775,1518674,1518796,122,CDS
4776,1519947,1520763,816,CDS
4777,1521134,1522458,1324,CDS
4778,1522522,1522644,122,CDS
4779,1522707,1522919,212,CDS
4780,1523414,1534034,10620,gene
4781,1533857,1534034,177,mRNA
4782,1533494,1533801,307,mRNA
4783,1532945,1533433,488,mRNA
4784,1532283,1532887,604,mRNA
4785,1532051,1532222,171,mRNA
4786,1531580,1531988,408,mRNA
4787,1531391,1531522,131,mRNA
4788,1527674,1528076,402,mRNA
4789,1527439,1527613,174,mRNA
4790,1527190,1527381,191,mRNA
4791,1525642,1525703,61,mRNA
4792,1525285,1525392,107,mRNA
4793,1525022,1525228,206,mRNA
4794,1524868,1524965,97,mRNA
4795,1524641,1524808,167,mRNA
4796,1524425,1524585,160,mRNA
4797,1524195,1524357,162,mRNA
4798,1524027,1524139,112,mRNA
4799,1523914,1523969,55,mRNA
4800,1523414,1523856,442,mRNA
4801,1533857,1534034,177,mRNA
4802,1533494,1533801,307,mRNA
4803,1532945,1533433,488,mRNA
4804,1532283,1532887,604,mRNA
4805,1532051,1532222,171,mRNA
4806,1531580,1531988,408,mRNA
4807,1531391,1531522,131,mRNA
4808,1527674,1528076,402,mRNA
4809,1527439,1527613,174,mRNA
4810,1527190,1527381,191,mRNA
4811,1526334,1526398,64,mRNA
4812,1525285,1525392,107,mRNA
4813,1525022,1525228,206,mRNA
4814,1524868,1524965,97,mRNA
4815,1524641,1524808,167,mRNA
4816,1524425,1524585,160,mRNA
4817,1524195,1524357,162,mRNA
4818,1524027,1524139,112,mRNA
4819,1523914,1523969,55,mRNA
4820,1523414,1523856,442,mRNA
4821,1533857,1534034,177,mRNA
4822,1533494,1533801,307,mRNA
4823,1532945,1533433,488,mRNA
4824,1532283,1532887,604,mRNA
4825,1532051,1532222,171,mRNA
4826,1531580,1531988,408,mRNA
4827,1531391,1531522,131,mRNA
4828,1527674,1528076,402,mRNA
4829,1527439,1527613,174,mRNA
4830,1527190,1527381,191,mRNA
4831,1526660,1526752,92,mRNA
4832,1526334,1526398,64,mRNA
4833,1525285,1525392,107,mRNA
4834,1525022,1525228,206,mRNA
4835,1524868,1524965,97,mRNA
4836,1524641,1524808,167,mRNA
4837,1524425,1524585,160,mRNA
4838,1524195,1524357,162,mRNA
4839,1524027,1524139,112,mRNA
4840,1523914,1523969,55,mRNA
4841,1523414,1523856,442,mRNA
4842,1533857,1534034,177,mRNA
4843,1533494,1533801,307,mRNA
4844,1532945,1533433,488,mRNA
4845,1532283,1532887,604,mRNA
4846,1532051,1532222,171,mRNA
4847,1531580,1531988,408,mRNA
4848,1531391,1531522,131,mRNA
4849,1529106,1529228,122,mRNA
4850,1527674,1528076,402,mRNA
4851,1527439,1527613,174,mRNA
4852,1527190,1527381,191,mRNA
4853,1525642,1525700,58,mRNA
4854,1525285,1525392,107,mRNA
4855,1525022,1525228,206,mRNA
4856,1524868,1524965,97,mRNA
4857,1524641,1524808,167,mRNA
4858,1524425,1524585,160,mRNA
4859,1524195,1524357,162,mRNA
4860,1524027,1524139,112,mRNA
4861,1523914,1523969,55,mRNA
4862,1523414,1523856,442,mRNA
4863,1533857,1534034,177,mRNA
4864,1533494,1533801,307,mRNA
4865,1532945,1533433,488,mRNA
4866,1532283,1532887,604,mRNA
4867,1532051,1532222,171,mRNA
4868,1531580,1531988,408,mRNA
4869,1531391,1531522,131,mRNA
4870,1529106,1529228,122,mRNA
4871,1527674,1528076,402,mRNA
4872,1527439,1527613,174,mRNA
4873,1527190,1527381,191,mRNA
4874,1526660,1526752,92,mRNA
4875,1526334,1526398,64,mRNA
4876,1525285,1525392,107,mRNA
4877,1525022,1525228,206,mRNA
4878,1524868,1524965,97,mRNA
4879,1524641,1524808,167,mRNA
4880,1524425,1524585,160,mRNA
4881,1524195,1524357,162,mRNA
4882,1524027,1524139,112,mRNA
4883,1523914,1523969,55,mRNA
4884,1523414,1523856,442,mRNA
4885,1533857,1533908,51,CDS
4886,1533494,1533801,307,CDS
4887,1532945,1533433,488,CDS
4888,1532283,1532887,604,CDS
4889,1532051,1532222,171,CDS
4890,1531580,1531988,408,CDS
4891,1531391,1531522,131,CDS
4892,1527674,1528076,402,CDS
4893,1527439,1527613,174,CDS
4894,1527190,1527381,191,CDS
4895,1525642,1525703,61,CDS
4896,1525285,1525392,107,CDS
4897,1525022,1525228,206,CDS
4898,1524868,1524965,97,CDS
4899,1524641,1524808,167,CDS
4900,1524425,1524585,160,CDS
4901,1524195,1524357,162,CDS
4902,1524027,1524139,112,CDS
4903,1523914,1523969,55,CDS
4904,1523514,1523856,342,CDS
4905,1533857,1533908,51,CDS
4906,1533494,1533801,307,CDS
4907,1532945,1533433,488,CDS
4908,1532283,1532887,604,CDS
4909,1532051,1532222,171,CDS
4910,1531580,1531988,408,CDS
4911,1531391,1531522,131,CDS
4912,1527674,1528076,402,CDS
4913,1527439,1527613,174,CDS
4914,1527190,1527381,191,CDS
4915,1526334,1526398,64,CDS
4916,1525285,1525392,107,CDS
4917,1525022,1525228,206,CDS
4918,1524868,1524965,97,CDS
4919,1524641,1524808,167,CDS
4920,1524425,1524585,160,CDS
4921,1524195,1524357,162,CDS
4922,1524027,1524139,112,CDS
4923,1523914,1523969,55,CDS
4924,1523514,1523856,342,CDS
4925,1533857,1533908,51,CDS
4926,1533494,1533801,307,CDS
4927,1532945,1533433,488,CDS
4928,1532283,1532887,604,CDS
4929,1532051,1532222,171,CDS
4930,1531580,1531988,408,CDS
4931,1531391,1531522,131,CDS
4932,1527674,1528076,402,CDS
4933,1527439,1527613,174,CDS
4934,1527190,1527381,191,CDS
4935,1526660,1526752,92,CDS
4936,1526334,1526398,64,CDS
4937,1525285,1525392,107,CDS
4938,1525022,1525228,206,CDS
4939,1524868,1524965,97,CDS
4940,1524641,1524808,167,CDS
4941,1524425,1524585,160,CDS
4942,1524195,1524357,162,CDS
4943,1524027,1524139,112,CDS
4944,1523914,1523969,55,CDS
4945,1523514,1523856,342,CDS
4946,1533857,1533908,51,CDS
4947,1533494,1533801,307,CDS
4948,1532945,1533433,488,CDS
4949,1532283,1532887,604,CDS
4950,1532051,1532222,171,CDS
4951,1531580,1531988,408,CDS
4952,1531391,1531522,131,CDS
4953,1529106,1529228,122,CDS
4954,1527674,1528076,402,CDS
4955,1527439,1527613,174,CDS
4956,1527190,1527381,191,CDS
4957,1525642,1525700,58,CDS
4958,1525285,1525392,107,CDS
4959,1525022,1525228,206,CDS
4960,1524868,1524965,97,CDS
4961,1524641,1524808,167,CDS
4962,1524425,1524585,160,CDS
4963,1524195,1524357,162,CDS
4964,1524027,1524139,112,CDS
4965,1523914,1523969,55,CDS
4966,1523514,1523856,342,CDS
4967,1533857,1533908,51,CDS
4968,1533494,1533801,307,CDS
4969,1532945,1533433,488,CDS
4970,1532283,1532887,604,CDS
4971,1532051,1532222,171,CDS
4972,1531580,1531988,408,CDS
4973,1531391,1531522,131,CDS
4974,1529106,1529228,122,CDS
4975,1527674,1528076,402,CDS
4976,1527439,1527613,174,CDS
4977,1527190,1527381,191,CDS
4978,1526660,1526752,92,CDS
4979,1526334,1526398,64,CDS
4980,1525285,1525392,107,CDS
4981,1525022,1525228,206,CDS
4982,1524868,1524965,97,CDS
4983,1524641,1524808,167,CDS
4984,1524425,1524585,160,CDS
4985,1524195,1524357,162,CDS
4986,1524027,1524139,112,CDS
4987,1523914,1523969,55,CDS
4988,1523514,1523856,342,CDS
4989,1529439,1531259,1820,gene
4990,1529439,1531259,1820,mRNA
4991,1529439,1531259,1820,CDS
4992,1534929,1536835,1906,gene
4993,1534929,1536835,1906,mRNA
4994,1535012,1536835,1823,mRNA
4995,1535596,1536561,965,CDS
4996,1535596,1536561,965,CDS
4997,1537137,1544823,7686,gene
4998,1537137,1537242,105,mRNA
4999,1537524,1537989,465,mRNA
5000,1538045,1538154,109,mRNA
5001,1538720,1539132,412,mRNA
5002,1539196,1539485,289,mRNA
5003,1539548,1540628,1080,mRNA
5004,1540751,1540957,206,mRNA
5005,1541436,1541833,397,mRNA
5006,1541896,1542235,339,mRNA
5007,1542299,1542428,129,mRNA
5008,1542486,1542736,250,mRNA
5009,1542813,1542958,145,mRNA
5010,1543025,1543143,118,mRNA
5011,1543210,1543592,382,mRNA
5012,1543654,1544823,1169,mRNA
5013,1537137,1537242,105,mRNA
5014,1537524,1537989,465,mRNA
5015,1538045,1538154,109,mRNA
5016,1538720,1539132,412,mRNA
5017,1539196,1539485,289,mRNA
5018,1539548,1540628,1080,mRNA
5019,1540751,1540957,206,mRNA
5020,1541656,1541833,177,mRNA
5021,1541896,1542235,339,mRNA
5022,1542299,1542428,129,mRNA
5023,1542486,1542736,250,mRNA
5024,1542813,1542958,145,mRNA
5025,1543025,1543143,118,mRNA
5026,1543210,1543592,382,mRNA
5027,1543654,1544823,1169,mRNA
5028,1537426,1537989,563,mRNA
5029,1538045,1538154,109,mRNA
5030,1538720,1539132,412,mRNA
5031,1539196,1539485,289,mRNA
5032,1539548,1540628,1080,mRNA
5033,1540751,1540957,206,mRNA
5034,1541656,1541833,177,mRNA
5035,1541896,1542235,339,mRNA
5036,1542299,1542428,129,mRNA
5037,1542486,1542736,250,mRNA
5038,1542813,1542958,145,mRNA
5039,1543025,1543143,118,mRNA
5040,1543210,1543592,382,mRNA
5041,1543654,1544823,1169,mRNA
5042,1537710,1537989,279,CDS
5043,1538045,1538154,109,CDS
5044,1538720,1539132,412,CDS
5045,1539196,1539485,289,CDS
5046,1539548,1540628,1080,CDS
5047,1540751,1540957,206,CDS
5048,1541656,1541833,177,CDS
5049,1541896,1542235,339,CDS
5050,1542299,1542428,129,CDS
5051,1542486,1542736,250,CDS
5052,1542813,1542958,145,CDS
5053,1543025,1543143,118,CDS
5054,1543210,1543592,382,CDS
5055,1543654,1544075,421,CDS
5056,1537710,1537989,279,CDS
5057,1538045,1538154,109,CDS
5058,1538720,1539132,412,CDS
5059,1539196,1539485,289,CDS
5060,1539548,1540628,1080,CDS
5061,1540751,1540957,206,CDS
5062,1541656,1541833,177,CDS
5063,1541896,1542235,339,CDS
5064,1542299,1542428,129,CDS
5065,1542486,1542736,250,CDS
5066,1542813,1542958,145,CDS
5067,1543025,1543143,118,CDS
5068,1543210,1543592,382,CDS
5069,1543654,1544075,421,CDS
5070,1537710,1537989,279,CDS
5071,1538045,1538154,109,CDS
5072,1538720,1539132,412,CDS
5073,1539196,1539485,289,CDS
5074,1539548,1540628,1080,CDS
5075,1540751,1540957,206,CDS
5076,1541436,1541508,72,CDS
5077,1544828,1545743,915,gene
5078,1545656,1545743,87,mRNA
5079,1545474,1545605,131,mRNA
5080,1545170,1545405,235,mRNA
5081,1544828,1545103,275,mRNA
5082,1545653,1545743,90,mRNA
5083,1545474,1545605,131,mRNA
5084,1545170,1545405,235,mRNA
5085,1544828,1545103,275,mRNA
5086,1545653,1545743,90,mRNA
5087,1545474,1545605,131,mRNA
5088,1545170,1545422,252,mRNA
5089,1544828,1545103,275,mRNA
5090,1545656,1545694,38,CDS
5091,1545474,1545605,131,CDS
5092,1545170,1545405,235,CDS
5093,1544965,1545103,138,CDS
5094,1545653,1545694,41,CDS
5095,1545474,1545605,131,CDS
5096,1545170,1545405,235,CDS
5097,1544965,1545103,138,CDS
5098,1545653,1545694,41,CDS
5099,1545474,1545605,131,CDS
5100,1545399,1545422,23,CDS
5101,1546092,1553504,7412,gene
5102,1546092,1546306,214,mRNA
5103,1550714,1551288,574,mRNA
5104,1551478,1551801,323,mRNA
5105,1551865,1553504,1639,mRNA
5106,1546092,1546306,214,mRNA
5107,1546599,1546676,77,mRNA
5108,1550714,1551288,574,mRNA
5109,1551478,1551801,323,mRNA
5110,1551865,1553236,1371,mRNA
5111,1546092,1546306,214,mRNA
5112,1550714,1551288,574,mRNA
5113,1551478,1551801,323,mRNA
5114,1551865,1553236,1371,mRNA
5115,1547332,1547589,257,mRNA
5116,1550714,1551288,574,mRNA
5117,1551478,1551801,323,mRNA
5118,1551865,1553236,1371,mRNA
5119,1548265,1548400,135,mRNA
5120,1550714,1551288,574,mRNA
5121,1551478,1551801,323,mRNA
5122,1551865,1553236,1371,mRNA
5123,1549448,1549900,452,gene
5124,1549448,1549900,452,ncRNA
5125,1549880,1549910,30,mRNA
5126,1550714,1551288,574,mRNA
5127,1551478,1551801,323,mRNA
5128,1551865,1553236,1371,mRNA
5129,1550794,1551288,494,CDS
5130,1551478,1551801,323,CDS
5131,1551865,1552626,761,CDS
5132,1550794,1551288,494,CDS
5133,1551478,1551801,323,CDS
5134,1551865,1552626,761,CDS
5135,1550794,1551288,494,CDS
5136,1551478,1551801,323,CDS
5137,1551865,1552626,761,CDS
5138,1550794,1551288,494,CDS
5139,1551478,1551801,323,CDS
5140,1551865,1552626,761,CDS
5141,1550794,1551288,494,CDS
5142,1551478,1551801,323,CDS
5143,1551865,1552626,761,CDS
5144,1550794,1551288,494,CDS
5145,1551478,1551801,323,CDS
5146,1551865,1552626,761,CDS
5147,1553493,1555315,1822,gene
5148,1553493,1554010,517,mRNA
5149,1554078,1554401,323,mRNA
5150,1554461,1555315,854,mRNA
5151,1553897,1554010,113,CDS
5152,1554078,1554401,323,CDS
5153,1554461,1555168,707,CDS
5154,1555363,1558484,3121,gene
5155,1558323,1558484,161,mRNA
5156,1557789,1558214,425,mRNA
5157,1556272,1557714,1442,mRNA
5158,1556063,1556217,154,mRNA
5159,1555363,1556003,640,mRNA
5160,1557789,1558484,695,mRNA
5161,1556272,1557714,1442,mRNA
5162,1556063,1556217,154,mRNA
5163,1555363,1556003,640,mRNA
5164,1557789,1557882,93,CDS
5165,1556272,1557714,1442,CDS
5166,1556063,1556217,154,CDS
5167,1555569,1556003,434,CDS
5168,1557789,1557882,93,CDS
5169,1556272,1557714,1442,CDS
5170,1556063,1556217,154,CDS
5171,1555569,1556003,434,CDS
5172,1558228,1559863,1635,gene
5173,1558228,1558561,333,mRNA
5174,1558657,1559104,447,mRNA
5175,1559159,1559863,704,mRNA
5176,1558782,1559104,322,mRNA
5177,1559159,1559863,704,mRNA
5178,1558832,1559104,272,CDS
5179,1559159,1559785,626,CDS
5180,1558832,1559104,272,CDS
5181,1559159,1559785,626,CDS
5182,1559813,1568608,8795,gene
5183,1568418,1568608,190,mRNA
5184,1563966,1564280,314,mRNA
5185,1559813,1562997,3184,mRNA
5186,1568418,1568608,190,mRNA
5187,1568197,1568309,112,mRNA
5188,1563966,1564280,314,mRNA
5189,1559813,1562997,3184,mRNA
5190,1563966,1564108,142,CDS
5191,1560183,1562997,2814,CDS
5192,1563966,1564108,142,CDS
5193,1560183,1562997,2814,CDS
5194,1565392,1567802,2410,gene
5195,1565392,1565567,175,mRNA
5196,1566172,1567802,1630,mRNA
5197,1565553,1565567,14,CDS
5198,1566172,1567527,1355,CDS
5199,1569181,1576330,7149,gene
5200,1569181,1569541,360,mRNA
5201,1571986,1572238,252,mRNA
5202,1572292,1572457,165,mRNA
5203,1572524,1572782,258,mRNA
5204,1572969,1573308,339,mRNA
5205,1573546,1573620,74,mRNA
5206,1573680,1573764,84,mRNA
5207,1574988,1576330,1342,mRNA
5208,1569181,1569541,360,mRNA
5209,1571986,1572238,252,mRNA
5210,1572292,1572457,165,mRNA
5211,1572524,1572782,258,mRNA
5212,1572969,1573308,339,mRNA
5213,1573546,1573620,74,mRNA
5214,1573680,1573764,84,mRNA
5215,1574988,1575620,632,mRNA
5216,1569181,1569541,360,mRNA
5217,1571986,1572238,252,mRNA
5218,1572292,1572457,165,mRNA
5219,1572524,1572782,258,mRNA
5220,1572969,1573308,339,mRNA
5221,1573546,1573620,74,mRNA
5222,1573680,1573764,84,mRNA
5223,1573994,1574732,738,mRNA
5224,1571901,1572238,337,mRNA
5225,1572292,1572457,165,mRNA
5226,1572524,1572782,258,mRNA
5227,1572969,1573308,339,mRNA
5228,1573546,1573620,74,mRNA
5229,1573680,1573764,84,mRNA
5230,1573994,1574732,738,mRNA
5231,1571987,1572238,251,CDS
5232,1572292,1572457,165,CDS
5233,1572524,1572782,258,CDS
5234,1572969,1573308,339,CDS
5235,1573546,1573620,74,CDS
5236,1573680,1573764,84,CDS
5237,1574988,1575271,283,CDS
5238,1571987,1572238,251,CDS
5239,1572292,1572457,165,CDS
5240,1572524,1572782,258,CDS
5241,1572969,1573308,339,CDS
5242,1573546,1573620,74,CDS
5243,1573680,1573764,84,CDS
5244,1574988,1575271,283,CDS
5245,1571987,1572238,251,CDS
5246,1572292,1572457,165,CDS
5247,1572524,1572782,258,CDS
5248,1572969,1573308,339,CDS
5249,1573546,1573620,74,CDS
5250,1573680,1573764,84,CDS
5251,1573994,1574028,34,CDS
5252,1571987,1572238,251,CDS
5253,1572292,1572457,165,CDS
5254,1572524,1572782,258,CDS
5255,1572969,1573308,339,CDS
5256,1573546,1573620,74,CDS
5257,1573680,1573764,84,CDS
5258,1573994,1574028,34,CDS
5259,1576699,1600845,24146,gene
5260,1576699,1577131,432,mRNA
5261,1588753,1588952,199,mRNA
5262,1592744,1597545,4801,mRNA
5263,1597618,1598404,786,mRNA
5264,1598465,1599914,1449,mRNA
5265,1599979,1600845,866,mRNA
5266,1576699,1577131,432,mRNA
5267,1592744,1597545,4801,mRNA
5268,1597618,1598404,786,mRNA
5269,1598465,1599914,1449,mRNA
5270,1599979,1600845,866,mRNA
5271,1576699,1577131,432,mRNA
5272,1588755,1588952,197,mRNA
5273,1592744,1597545,4801,mRNA
5274,1597618,1598404,786,mRNA
5275,1598465,1600320,1855,mRNA
5276,1586694,1587122,428,mRNA
5277,1592744,1597545,4801,mRNA
5278,1597618,1598404,786,mRNA
5279,1598465,1599914,1449,mRNA
5280,1599979,1600845,866,mRNA
5281,1593670,1597545,3875,CDS
5282,1597618,1598404,786,CDS
5283,1598465,1599861,1396,CDS
5284,1593670,1597545,3875,CDS
5285,1597618,1598404,786,CDS
5286,1598465,1599861,1396,CDS
5287,1593670,1597545,3875,CDS
5288,1597618,1598404,786,CDS
5289,1598465,1599861,1396,CDS
5290,1593670,1597545,3875,CDS
5291,1597618,1598404,786,CDS
5292,1598465,1599861,1396,CDS
5293,1600726,1602674,1948,gene
5294,1602485,1602674,189,mRNA
5295,1600726,1601933,1207,mRNA
5296,1602485,1602674,189,mRNA
5297,1600942,1601933,991,mRNA
5298,1601998,1602034,36,mRNA
5299,1600942,1601933,991,mRNA
5300,1602485,1602571,86,CDS
5301,1601268,1601933,665,CDS
5302,1602485,1602571,86,CDS
5303,1601268,1601933,665,CDS
5304,1601998,1602012,14,CDS
5305,1601268,1601933,665,CDS
5306,1602954,1617355,14401,gene
5307,1602954,1617355,14401,gene
5308,1602954,1603249,295,mRNA
5309,1603307,1603399,92,mRNA
5310,1603458,1605056,1598,mRNA
5311,1605159,1605522,363,mRNA
5312,1605589,1605661,72,mRNA
5313,1605721,1606031,310,mRNA
5314,1606086,1606900,814,mRNA
5315,1606960,1607114,154,mRNA
5316,1607170,1608288,1118,mRNA
5317,1616518,1617355,837,mRNA
5318,1602954,1603249,295,mRNA
5319,1603307,1603399,92,mRNA
5320,1603458,1605056,1598,mRNA
5321,1605159,1605522,363,mRNA
5322,1605589,1605661,72,mRNA
5323,1605721,1606031,310,mRNA
5324,1606086,1606900,814,mRNA
5325,1606960,1607114,154,mRNA
5326,1607170,1608288,1118,mRNA
5327,1616518,1617355,837,mRNA
5328,1602954,1603249,295,mRNA
5329,1603307,1603399,92,mRNA
5330,1603458,1605056,1598,mRNA
5331,1605159,1605522,363,mRNA
5332,1605589,1605661,72,mRNA
5333,1605721,1606031,310,mRNA
5334,1606086,1606900,814,mRNA
5335,1606960,1607114,154,mRNA
5336,1607170,1608067,897,mRNA
5337,1608134,1608288,154,mRNA
5338,1616518,1616762,244,mRNA
5339,1616820,1617355,535,mRNA
5340,1602954,1603249,295,mRNA
5341,1603307,1603399,92,mRNA
5342,1603458,1605056,1598,mRNA
5343,1605159,1605522,363,mRNA
5344,1605589,1605661,72,mRNA
5345,1605721,1606031,310,mRNA
5346,1606086,1606900,814,mRNA
5347,1606960,1607114,154,mRNA
5348,1607170,1608067,897,mRNA
5349,1608134,1608288,154,mRNA
5350,1616518,1616762,244,mRNA
5351,1616829,1617355,526,mRNA
5352,1602954,1603249,295,mRNA
5353,1603307,1603399,92,mRNA
5354,1603458,1605056,1598,mRNA
5355,1605159,1605522,363,mRNA
5356,1605589,1605661,72,mRNA
5357,1605721,1606031,310,mRNA
5358,1606086,1606900,814,mRNA
5359,1606960,1607114,154,mRNA
5360,1607170,1608067,897,mRNA
5361,1608134,1608288,154,mRNA
5362,1616518,1616762,244,mRNA
5363,1616829,1617355,526,mRNA
5364,1603031,1603249,218,CDS
5365,1603307,1603399,92,CDS
5366,1603458,1604633,1175,CDS
5367,1603031,1603249,218,CDS
5368,1603307,1603399,92,CDS
5369,1603458,1604633,1175,CDS
5370,1604714,1605056,342,mRNA
5371,1605159,1605522,363,mRNA
5372,1605589,1605661,72,mRNA
5373,1605721,1606031,310,mRNA
5374,1606086,1606900,814,mRNA
5375,1606960,1607114,154,mRNA
5376,1607170,1608288,1118,mRNA
5377,1616518,1617355,837,mRNA
5378,1604714,1605056,342,mRNA
5379,1605159,1605522,363,mRNA
5380,1605589,1605661,72,mRNA
5381,1605721,1606031,310,mRNA
5382,1606086,1606900,814,mRNA
5383,1606960,1607114,154,mRNA
5384,1607170,1608067,897,mRNA
5385,1608134,1608288,154,mRNA
5386,1616518,1616762,244,mRNA
5387,1616820,1617355,535,mRNA
5388,1604714,1605056,342,mRNA
5389,1605159,1605522,363,mRNA
5390,1605589,1605661,72,mRNA
5391,1605721,1606031,310,mRNA
5392,1606086,1606900,814,mRNA
5393,1606960,1607114,154,mRNA
5394,1607170,1608067,897,mRNA
5395,1608134,1608288,154,mRNA
5396,1616518,1616762,244,mRNA
5397,1616829,1617355,526,mRNA
5398,1604829,1605056,227,CDS
5399,1605159,1605522,363,CDS
5400,1605589,1605661,72,CDS
5401,1605721,1606031,310,CDS
5402,1606086,1606900,814,CDS
5403,1606960,1607114,154,CDS
5404,1607170,1608288,1118,CDS
5405,1616518,1617301,783,CDS
5406,1604829,1605056,227,CDS
5407,1605159,1605522,363,CDS
5408,1605589,1605661,72,CDS
5409,1605721,1606031,310,CDS
5410,1606086,1606900,814,CDS
5411,1606960,1607114,154,CDS
5412,1607170,1608288,1118,CDS
5413,1616518,1617301,783,CDS
5414,1604829,1605056,227,CDS
5415,1605159,1605522,363,CDS
5416,1605589,1605661,72,CDS
5417,1605721,1606031,310,CDS
5418,1606086,1606900,814,CDS
5419,1606960,1607114,154,CDS
5420,1607170,1608067,897,CDS
5421,1608134,1608288,154,CDS
5422,1616518,1616762,244,CDS
5423,1616820,1617301,481,CDS
5424,1604829,1605056,227,CDS
5425,1605159,1605522,363,CDS
5426,1605589,1605661,72,CDS
5427,1605721,1606031,310,CDS
5428,1606086,1606900,814,CDS
5429,1606960,1607114,154,CDS
5430,1607170,1608067,897,CDS
5431,1608134,1608288,154,CDS
5432,1616518,1616762,244,CDS
5433,1616820,1617301,481,CDS
5434,1604829,1605056,227,CDS
5435,1605159,1605522,363,CDS
5436,1605589,1605661,72,CDS
5437,1605721,1606031,310,CDS
5438,1606086,1606900,814,CDS
5439,1606960,1607114,154,CDS
5440,1607170,1608067,897,CDS
5441,1608134,1608288,154,CDS
5442,1616518,1616762,244,CDS
5443,1616829,1617301,472,CDS
5444,1604829,1605056,227,CDS
5445,1605159,1605522,363,CDS
5446,1605589,1605661,72,CDS
5447,1605721,1606031,310,CDS
5448,1606086,1606900,814,CDS
5449,1606960,1607114,154,CDS
5450,1607170,1608067,897,CDS
5451,1608134,1608288,154,CDS
5452,1616518,1616762,244,CDS
5453,1616829,1617301,472,CDS
5454,1610696,1615801,5105,gene
5455,1610696,1615801,5105,mRNA
5456,1610696,1614510,3814,mRNA
5457,1611046,1615575,4529,CDS
5458,1611046,1614510,3464,CDS
5459,1617348,1618158,810,gene
5460,1617707,1618158,451,mRNA
5461,1617348,1617621,273,mRNA
5462,1617707,1618102,395,CDS
5463,1617424,1617621,197,CDS
5464,1617485,1618190,705,gene
5465,1617485,1618190,705,ncRNA
5466,1618414,1623413,4999,gene
5467,1618414,1618617,203,mRNA
5468,1620428,1620554,126,mRNA
5469,1620817,1621042,225,mRNA
5470,1621103,1621257,154,mRNA
5471,1621317,1622665,1348,mRNA
5472,1622732,1623413,681,mRNA
5473,1618414,1618617,203,mRNA
5474,1620428,1620554,126,mRNA
5475,1620919,1621042,123,mRNA
5476,1621103,1621257,154,mRNA
5477,1621317,1622665,1348,mRNA
5478,1622732,1623159,427,mRNA
5479,1618414,1620397,1983,gene
5480,1618414,1618617,203,mRNA
5481,1618848,1620397,1549,mRNA
5482,1618501,1618617,116,CDS
5483,1620428,1620554,126,CDS
5484,1620817,1621042,225,CDS
5485,1621103,1621257,154,CDS
5486,1621317,1622665,1348,CDS
5487,1622732,1622989,257,CDS
5488,1618501,1618617,116,CDS
5489,1620428,1620554,126,CDS
5490,1620919,1621042,123,CDS
5491,1621103,1621257,154,CDS
5492,1621317,1622665,1348,CDS
5493,1622732,1622989,257,CDS
5494,1618918,1620258,1340,CDS
5495,1623179,1629301,6122,gene
5496,1628999,1629301,302,mRNA
5497,1625075,1625678,603,mRNA
5498,1624670,1625016,346,mRNA
5499,1623179,1624597,1418,mRNA
5500,1625075,1625690,615,mRNA
5501,1624670,1625016,346,mRNA
5502,1623179,1624597,1418,mRNA
5503,1625075,1625661,586,CDS
5504,1624670,1625016,346,CDS
5505,1623513,1624597,1084,CDS
5506,1625075,1625661,586,CDS
5507,1624670,1625016,346,CDS
5508,1623513,1624597,1084,CDS
5509,1625791,1628377,2586,gene
5510,1625791,1628377,2586,mRNA
5511,1627212,1627949,737,CDS
5512,1630348,1637752,7404,gene
5513,1637723,1637752,29,mRNA
5514,1636818,1637269,451,mRNA
5515,1635937,1636009,72,mRNA
5516,1635534,1635684,150,mRNA
5517,1635301,1635459,158,mRNA
5518,1635186,1635237,51,mRNA
5519,1633709,1633806,97,mRNA
5520,1633058,1633505,447,mRNA
5521,1630348,1632454,2106,mRNA
5522,1637723,1637752,29,mRNA
5523,1636818,1637272,454,mRNA
5524,1635937,1636009,72,mRNA
5525,1635534,1635684,150,mRNA
5526,1635301,1635459,158,mRNA
5527,1635186,1635237,51,mRNA
5528,1630348,1632454,2106,mRNA
5529,1637633,1637674,41,mRNA
5530,1636818,1637269,451,mRNA
5531,1635534,1635684,150,mRNA
5532,1635301,1635459,158,mRNA
5533,1635186,1635237,51,mRNA
5534,1633058,1633505,447,mRNA
5535,1630348,1632454,2106,mRNA
5536,1637559,1637612,53,mRNA
5537,1636818,1637269,451,mRNA
5538,1635534,1635684,150,mRNA
5539,1635301,1635459,158,mRNA
5540,1635186,1635237,51,mRNA
5541,1634505,1634907,402,mRNA
5542,1630348,1632454,2106,mRNA
5543,1637723,1637752,29,mRNA
5544,1636818,1637269,451,mRNA
5545,1635534,1635684,150,mRNA
5546,1635301,1635459,158,mRNA
5547,1635186,1635237,51,mRNA
5548,1631912,1632454,542,mRNA
5549,1637723,1637752,29,mRNA
5550,1636818,1637269,451,mRNA
5551,1635937,1636009,72,mRNA
5552,1635534,1635684,150,mRNA
5553,1635301,1635459,158,mRNA
5554,1635186,1635237,51,mRNA
5555,1631912,1632454,542,mRNA
5556,1637723,1637752,29,mRNA
5557,1636818,1637269,451,mRNA
5558,1635937,1636009,72,mRNA
5559,1635534,1635684,150,mRNA
5560,1635301,1635459,158,mRNA
5561,1635186,1635237,51,mRNA
5562,1633709,1633806,97,mRNA
5563,1632193,1632454,261,mRNA
5564,1637723,1637752,29,mRNA
5565,1636818,1637272,454,mRNA
5566,1635534,1635684,150,mRNA
5567,1635301,1635459,158,mRNA
5568,1635186,1635237,51,mRNA
5569,1632193,1632454,261,mRNA
5570,1636818,1636819,1,CDS
5571,1635534,1635684,150,CDS
5572,1635301,1635459,158,CDS
5573,1635186,1635237,51,CDS
5574,1632267,1632454,187,CDS
5575,1636818,1636819,1,CDS
5576,1635534,1635684,150,CDS
5577,1635301,1635459,158,CDS
5578,1635186,1635237,51,CDS
5579,1632267,1632454,187,CDS
5580,1635937,1635965,28,CDS
5581,1635534,1635684,150,CDS
5582,1635301,1635459,158,CDS
5583,1635186,1635237,51,CDS
5584,1632267,1632454,187,CDS
5585,1635937,1635965,28,CDS
5586,1635534,1635684,150,CDS
5587,1635301,1635459,158,CDS
5588,1635186,1635237,51,CDS
5589,1632267,1632454,187,CDS
5590,1636818,1636819,1,CDS
5591,1635534,1635684,150,CDS
5592,1635301,1635459,158,CDS
5593,1635186,1635237,51,CDS
5594,1633249,1633505,256,CDS
5595,1635937,1635965,28,CDS
5596,1635534,1635684,150,CDS
5597,1635301,1635459,158,CDS
5598,1635186,1635237,51,CDS
5599,1633790,1633806,16,CDS
5600,1635937,1635965,28,CDS
5601,1635534,1635684,150,CDS
5602,1635301,1635459,158,CDS
5603,1635186,1635237,51,CDS
5604,1633790,1633806,16,CDS
5605,1636818,1636819,1,CDS
5606,1635534,1635684,150,CDS
5607,1635301,1635459,158,CDS
5608,1635186,1635237,51,CDS
5609,1634894,1634907,13,CDS
5610,1637942,1639235,1293,gene
5611,1639042,1639235,193,mRNA
5612,1637942,1638854,912,mRNA
5613,1638909,1639235,326,mRNA
5614,1637942,1638854,912,mRNA
5615,1639042,1639136,94,CDS
5616,1638041,1638854,813,CDS
5617,1638909,1639072,163,CDS
5618,1638041,1638854,813,CDS
5619,1639711,1640952,1241,gene
5620,1639711,1640952,1241,mRNA
5621,1639711,1640952,1241,mRNA
5622,1639995,1640756,761,CDS
5623,1639995,1640636,641,CDS
5624,1641066,1645199,4133,gene
5625,1645170,1645199,29,mRNA
5626,1644012,1645061,1049,mRNA
5627,1641066,1643955,2889,mRNA
5628,1644012,1645199,1187,mRNA
5629,1641066,1643955,2889,mRNA
5630,1644012,1644957,945,CDS
5631,1641197,1643955,2758,CDS
5632,1644012,1644957,945,CDS
5633,1641197,1643955,2758,CDS
5634,1645467,1645983,516,gene
5635,1645467,1645983,516,mRNA
5636,1645542,1645937,395,CDS
5637,1645931,1647464,1533,gene
5638,1645931,1647464,1533,mRNA
5639,1645982,1647400,1418,CDS
5640,1647869,1648612,743,gene
5641,1647869,1648612,743,mRNA
5642,1647905,1648546,641,CDS
5643,1648628,1649699,1071,gene
5644,1649178,1649699,521,ncRNA
5645,1648628,1649093,465,ncRNA
5646,1648628,1649093,465,ncRNA
5647,1648944,1651501,2557,gene
5648,1648944,1649507,563,mRNA
5649,1650714,1650852,138,mRNA
5650,1650913,1651501,588,mRNA
5651,1649080,1649507,427,mRNA
5652,1650714,1650852,138,mRNA
5653,1650913,1651501,588,mRNA
5654,1649385,1649507,122,CDS
5655,1650714,1650852,138,CDS
5656,1650913,1651133,220,CDS
5657,1649385,1649507,122,CDS
5658,1650714,1650852,138,CDS
5659,1650913,1651133,220,CDS
5660,1651432,1652900,1468,gene
5661,1652690,1652900,210,mRNA
5662,1652567,1652628,61,mRNA
5663,1652332,1652482,150,mRNA
5664,1651432,1652264,832,mRNA
5665,1652690,1652799,109,CDS
5666,1652567,1652628,61,CDS
5667,1652332,1652482,150,CDS
5668,1651637,1652264,627,CDS
5669,1652750,1654238,1488,gene
5670,1652750,1653043,293,mRNA
5671,1653142,1653254,112,mRNA
5672,1653317,1653575,258,mRNA
5673,1653635,1654238,603,mRNA
5674,1652876,1653043,167,CDS
5675,1653142,1653254,112,CDS
5676,1653317,1653575,258,CDS
5677,1653635,1653862,227,CDS
5678,1653005,1653043,38,mRNA
5679,1653131,1653254,123,mRNA
5680,1653317,1653575,258,mRNA
5681,1653635,1654112,477,mRNA
5682,1653005,1653043,38,mRNA
5683,1653142,1653254,112,mRNA
5684,1653317,1653575,258,mRNA
5685,1653635,1654112,477,mRNA
5686,1653166,1653254,88,CDS
5687,1653317,1653575,258,CDS
5688,1653635,1653862,227,CDS
5689,1653166,1653254,88,CDS
5690,1653317,1653575,258,CDS
5691,1653635,1653862,227,CDS
5692,1654247,1665064,10817,gene
5693,1664918,1665064,146,mRNA
5694,1664532,1664844,312,mRNA
5695,1663920,1664021,101,mRNA
5696,1661227,1661592,365,mRNA
5697,1661109,1661165,56,mRNA
5698,1659846,1659990,144,mRNA
5699,1658520,1658590,70,mRNA
5700,1656679,1658464,1785,mRNA
5701,1655525,1655709,184,mRNA
5702,1655254,1655460,206,mRNA
5703,1654247,1654726,479,mRNA
5704,1664918,1665064,146,mRNA
5705,1664532,1664844,312,mRNA
5706,1663920,1664021,101,mRNA
5707,1661227,1661592,365,mRNA
5708,1661109,1661165,56,mRNA
5709,1659846,1659990,144,mRNA
5710,1658520,1658590,70,mRNA
5711,1656679,1658464,1785,mRNA
5712,1655525,1655709,184,mRNA
5713,1655254,1655460,206,mRNA
5714,1654807,1655151,344,mRNA
5715,1654247,1654726,479,mRNA
5716,1664918,1665064,146,mRNA
5717,1664532,1664844,312,mRNA
5718,1663920,1664021,101,mRNA
5719,1661707,1662381,674,mRNA
5720,1661227,1661592,365,mRNA
5721,1661109,1661165,56,mRNA
5722,1659846,1659990,144,mRNA
5723,1658520,1658590,70,mRNA
5724,1655525,1658464,2939,mRNA
5725,1655254,1655460,206,mRNA
5726,1654247,1654726,479,mRNA
5727,1664532,1664770,238,CDS
5728,1663920,1664021,101,CDS
5729,1661227,1661592,365,CDS
5730,1661109,1661165,56,CDS
5731,1659846,1659990,144,CDS
5732,1658520,1658590,70,CDS
5733,1656679,1658464,1785,CDS
5734,1655525,1655709,184,CDS
5735,1655254,1655460,206,CDS
5736,1654561,1654726,165,CDS
5737,1664532,1664770,238,CDS
5738,1663920,1664021,101,CDS
5739,1661707,1662381,674,CDS
5740,1661227,1661592,365,CDS
5741,1661109,1661165,56,CDS
5742,1659846,1659990,144,CDS
5743,1658520,1658590,70,CDS
5744,1655525,1658464,2939,CDS
5745,1655254,1655460,206,CDS
5746,1654561,1654726,165,CDS
5747,1664918,1665064,146,mRNA
5748,1664532,1664844,312,mRNA
5749,1663920,1664021,101,mRNA
5750,1661227,1661592,365,mRNA
5751,1661109,1661165,56,mRNA
5752,1659846,1659990,144,mRNA
5753,1658520,1658590,70,mRNA
5754,1656679,1658464,1785,mRNA
5755,1655525,1655709,184,mRNA
5756,1655254,1655460,206,mRNA
5757,1654879,1655151,272,mRNA
5758,1664532,1664770,238,CDS
5759,1663920,1664021,101,CDS
5760,1661227,1661592,365,CDS
5761,1661109,1661165,56,CDS
5762,1659846,1659990,144,CDS
5763,1658520,1658590,70,CDS
5764,1656679,1658464,1785,CDS
5765,1655525,1655709,184,CDS
5766,1655254,1655460,206,CDS
5767,1655121,1655151,30,CDS
5768,1664532,1664770,238,CDS
5769,1663920,1664021,101,CDS
5770,1661227,1661592,365,CDS
5771,1661109,1661165,56,CDS
5772,1659846,1659990,144,CDS
5773,1658520,1658590,70,CDS
5774,1656679,1658464,1785,CDS
5775,1655525,1655709,184,CDS
5776,1655254,1655460,206,CDS
5777,1655121,1655151,30,CDS
5778,1664090,1664241,151,mRNA
5779,1663920,1664021,101,mRNA
5780,1661227,1661592,365,mRNA
5781,1661109,1661165,56,mRNA
5782,1660599,1660857,258,mRNA
5783,1664090,1664241,151,mRNA
5784,1663920,1664021,101,mRNA
5785,1661227,1661592,365,mRNA
5786,1660599,1661165,566,mRNA
5787,1663920,1663969,49,CDS
5788,1661227,1661592,365,CDS
5789,1661109,1661165,56,CDS
5790,1660806,1660857,51,CDS
5791,1663920,1663969,49,CDS
5792,1661227,1661592,365,CDS
5793,1661105,1661165,60,CDS
5794,1665138,1666594,1456,gene
5795,1665138,1665366,228,mRNA
5796,1665421,1666034,613,mRNA
5797,1666090,1666594,504,mRNA
5798,1665138,1665366,228,mRNA
5799,1665421,1666034,613,mRNA
5800,1666090,1666383,293,mRNA
5801,1665251,1665366,115,CDS
5802,1665421,1666034,613,CDS
5803,1666090,1666244,154,CDS
5804,1665251,1665366,115,CDS
5805,1665421,1666034,613,CDS
5806,1666090,1666244,154,CDS
5807,1666288,1668654,2366,gene
5808,1668596,1668654,58,mRNA
5809,1667809,1668221,412,mRNA
5810,1667098,1667735,637,mRNA
5811,1667002,1667041,39,mRNA
5812,1666782,1666829,47,mRNA
5813,1666554,1666596,42,mRNA
5814,1666288,1666367,79,mRNA
5815,1666288,1667307,1019,gene
5816,1667098,1667307,209,ncRNA
5817,1667002,1667041,39,ncRNA
5818,1666782,1666829,47,ncRNA
5819,1666554,1666596,42,ncRNA
5820,1666288,1666367,79,ncRNA
5821,1666437,1666522,85,gene
5822,1666437,1666522,85,ncRNA
5823,1666665,1666745,80,gene
5824,1666665,1666745,80,ncRNA
5825,1666892,1666964,72,gene
5826,1666892,1666964,72,ncRNA
5827,1667151,1667247,96,gene
5828,1667151,1667247,96,ncRNA
5829,1668596,1668654,58,mRNA
5830,1667809,1668221,412,mRNA
5831,1667192,1667735,543,mRNA
5832,1668596,1668626,30,CDS
5833,1667809,1668221,412,CDS
5834,1667346,1667735,389,CDS
5835,1668596,1668626,30,CDS
5836,1667809,1668221,412,CDS
5837,1667346,1667735,389,CDS
5838,1668901,1670108,1207,gene
5839,1669837,1670108,271,mRNA
5840,1669675,1669776,101,mRNA
5841,1669551,1669615,64,mRNA
5842,1669355,1669488,133,mRNA
5843,1669079,1669304,225,mRNA
5844,1668901,1669023,122,mRNA
5845,1669837,1670084,247,CDS
5846,1669675,1669776,101,CDS
5847,1669551,1669615,64,CDS
5848,1669355,1669488,133,CDS
5849,1669079,1669304,225,CDS
5850,1668965,1669023,58,CDS
5851,1670407,1672727,2320,gene
5852,1672523,1672727,204,mRNA
5853,1671019,1672460,1441,mRNA
5854,1670743,1670958,215,mRNA
5855,1670407,1670688,281,mRNA
5856,1672523,1672705,182,CDS
5857,1671019,1672460,1441,CDS
5858,1670743,1670958,215,CDS
5859,1670472,1670688,216,CDS
5860,1674709,1715541,40832,gene
5861,1674709,1675167,458,mRNA
5862,1698647,1698703,56,mRNA
5863,1712274,1712783,509,mRNA
5864,1712841,1715541,2700,mRNA
5865,1675122,1675167,45,CDS
5866,1698647,1698703,56,CDS
5867,1712274,1712783,509,CDS
5868,1712841,1714894,2053,CDS
5869,1688809,1689613,804,mRNA
5870,1698647,1698703,56,mRNA
5871,1712274,1712783,509,mRNA
5872,1712841,1715541,2700,mRNA
5873,1694617,1696412,1795,gene
5874,1694617,1694644,27,mRNA
5875,1694717,1696412,1695,mRNA
5876,1694642,1694644,2,CDS
5877,1694717,1696300,1583,CDS
5878,1700956,1702407,1451,gene
5879,1702294,1702407,113,mRNA
5880,1700956,1701904,948,mRNA
5881,1702294,1702407,113,mRNA
5882,1701356,1701904,548,mRNA
5883,1702294,1702302,8,CDS
5884,1701395,1701904,509,CDS
5885,1702294,1702302,8,CDS
5886,1701395,1701904,509,CDS
5887,1713068,1714894,1826,CDS
5888,1715595,1731107,15512,gene
5889,1730525,1731107,582,mRNA
5890,1723992,1724225,233,mRNA
5891,1723770,1723933,163,mRNA
5892,1723580,1723705,125,mRNA
5893,1717947,1718096,149,mRNA
5894,1717379,1717879,500,mRNA
5895,1717003,1717308,305,mRNA
5896,1716797,1716943,146,mRNA
5897,1716675,1716707,32,mRNA
5898,1715595,1716556,961,mRNA
5899,1730525,1731107,582,mRNA
5900,1723992,1724225,233,mRNA
5901,1723770,1723933,163,mRNA
5902,1723580,1723705,125,mRNA
5903,1719923,1720169,246,mRNA
5904,1718706,1719745,1039,mRNA
5905,1717947,1718153,206,mRNA
5906,1717379,1717879,500,mRNA
5907,1717003,1717308,305,mRNA
5908,1716797,1716943,146,mRNA
5909,1715595,1716556,961,mRNA
5910,1730525,1731107,582,mRNA
5911,1723992,1724225,233,mRNA
5912,1723770,1723933,163,mRNA
5913,1723580,1723705,125,mRNA
5914,1719923,1720169,246,mRNA
5915,1718706,1719745,1039,mRNA
5916,1717947,1718153,206,mRNA
5917,1717379,1717879,500,mRNA
5918,1717003,1717308,305,mRNA
5919,1715595,1716943,1348,mRNA
5920,1730525,1731107,582,mRNA
5921,1723992,1724225,233,mRNA
5922,1723770,1723933,163,mRNA
5923,1723580,1723705,125,mRNA
5924,1717947,1718096,149,mRNA
5925,1717379,1717879,500,mRNA
5926,1717003,1717308,305,mRNA
5927,1715710,1716943,1233,mRNA
5928,1730525,1731107,582,mRNA
5929,1723992,1724225,233,mRNA
5930,1723770,1723933,163,mRNA
5931,1723580,1723705,125,mRNA
5932,1717947,1718153,206,mRNA
5933,1717379,1717879,500,mRNA
5934,1717003,1717308,305,mRNA
5935,1716797,1716943,146,mRNA
5936,1716675,1716707,32,mRNA
5937,1715710,1716556,846,mRNA
5938,1730525,1731107,582,mRNA
5939,1723992,1724225,233,mRNA
5940,1723770,1723933,163,mRNA
5941,1723580,1723705,125,mRNA
5942,1719923,1720169,246,mRNA
5943,1718706,1719745,1039,mRNA
5944,1717947,1718153,206,mRNA
5945,1717379,1717879,500,mRNA
5946,1717003,1717308,305,mRNA
5947,1716797,1716943,146,mRNA
5948,1716675,1716707,32,mRNA
5949,1715710,1716556,846,mRNA
5950,1723992,1724092,100,CDS
5951,1723770,1723933,163,CDS
5952,1723580,1723705,125,CDS
5953,1717947,1718096,149,CDS
5954,1717379,1717879,500,CDS
5955,1717003,1717308,305,CDS
5956,1716797,1716943,146,CDS
5957,1716675,1716707,32,CDS
5958,1716300,1716556,256,CDS
5959,1723992,1724092,100,CDS
5960,1723770,1723933,163,CDS
5961,1723580,1723705,125,CDS
5962,1717947,1718153,206,CDS
5963,1717379,1717879,500,CDS
5964,1717003,1717308,305,CDS
5965,1716797,1716943,146,CDS
5966,1716675,1716707,32,CDS
5967,1716300,1716556,256,CDS
5968,1723992,1724092,100,CDS
5969,1723770,1723933,163,CDS
5970,1723580,1723705,125,CDS
5971,1719923,1720169,246,CDS
5972,1718706,1719745,1039,CDS
5973,1717947,1718153,206,CDS
5974,1717379,1717879,500,CDS
5975,1717003,1717308,305,CDS
5976,1716797,1716943,146,CDS
5977,1716300,1716556,256,CDS
5978,1723992,1724092,100,CDS
5979,1723770,1723933,163,CDS
5980,1723580,1723705,125,CDS
5981,1719923,1720169,246,CDS
5982,1718706,1719745,1039,CDS
5983,1717947,1718153,206,CDS
5984,1717379,1717879,500,CDS
5985,1717003,1717308,305,CDS
5986,1716797,1716943,146,CDS
5987,1716675,1716707,32,CDS
5988,1716300,1716556,256,CDS
5989,1723992,1724092,100,CDS
5990,1723770,1723933,163,CDS
5991,1723580,1723705,125,CDS
5992,1717947,1718096,149,CDS
5993,1717379,1717879,500,CDS
5994,1717003,1717308,305,CDS
5995,1716705,1716943,238,CDS
5996,1723992,1724092,100,CDS
5997,1723770,1723933,163,CDS
5998,1723580,1723705,125,CDS
5999,1719923,1720169,246,CDS
6000,1718706,1719745,1039,CDS
6001,1717947,1718153,206,CDS
6002,1717379,1717879,500,CDS
6003,1717003,1717308,305,CDS
6004,1716705,1716943,238,CDS
6005,1720616,1723153,2537,gene
6006,1720616,1723153,2537,mRNA
6007,1720743,1723025,2282,CDS
6008,1724390,1725647,1257,gene
6009,1724390,1725647,1257,mRNA
6010,1724561,1725463,902,CDS
6011,1730993,1735767,4774,gene
6012,1735566,1735767,201,mRNA
6013,1735403,1735514,111,mRNA
6014,1734721,1735157,436,mRNA
6015,1734487,1734661,174,mRNA
6016,1733861,1734433,572,mRNA
6017,1733706,1733809,103,mRNA
6018,1733345,1733643,298,mRNA
6019,1731589,1733289,1700,mRNA
6020,1730993,1731520,527,mRNA
6021,1735566,1735767,201,mRNA
6022,1735403,1735514,111,mRNA
6023,1734721,1735157,436,mRNA
6024,1734487,1734661,174,mRNA
6025,1733861,1734433,572,mRNA
6026,1733706,1733809,103,mRNA
6027,1733345,1733643,298,mRNA
6028,1731589,1733289,1700,mRNA
6029,1731246,1731520,274,mRNA
6030,1735566,1735589,23,CDS
6031,1735403,1735514,111,CDS
6032,1734721,1735157,436,CDS
6033,1734487,1734661,174,CDS
6034,1733861,1734433,572,CDS
6035,1733706,1733809,103,CDS
6036,1733345,1733643,298,CDS
6037,1731589,1733289,1700,CDS
6038,1731328,1731520,192,CDS
6039,1735566,1735589,23,CDS
6040,1735403,1735514,111,CDS
6041,1734721,1735157,436,CDS
6042,1734487,1734661,174,CDS
6043,1733861,1734433,572,CDS
6044,1733706,1733809,103,CDS
6045,1733345,1733643,298,CDS
6046,1731589,1733289,1700,CDS
6047,1731328,1731520,192,CDS
6048,1735853,1738106,2253,gene
6049,1736965,1738106,1141,mRNA
6050,1735853,1736910,1057,mRNA
6051,1736965,1737822,857,mRNA
6052,1735853,1736910,1057,mRNA
6053,1736965,1737799,834,CDS
6054,1736231,1736910,679,CDS
6055,1736965,1737799,834,CDS
6056,1736231,1736910,679,CDS
6057,1738407,1745421,7014,gene
6058,1738407,1738744,337,mRNA
6059,1743208,1743834,626,mRNA
6060,1743904,1745421,1517,mRNA
6061,1738554,1738744,190,mRNA
6062,1743208,1743834,626,mRNA
6063,1743904,1745421,1517,mRNA
6064,1738554,1738744,190,mRNA
6065,1743212,1743834,622,mRNA
6066,1743904,1745421,1517,mRNA
6067,1739163,1739281,118,mRNA
6068,1743212,1743834,622,mRNA
6069,1743904,1745421,1517,mRNA
6070,1739245,1739350,105,mRNA
6071,1743208,1743834,626,mRNA
6072,1743904,1745421,1517,mRNA
6073,1740909,1741094,185,mobile_element
6074,1741838,1742010,172,mRNA
6075,1743208,1743834,626,mRNA
6076,1743904,1745421,1517,mRNA
6077,1743213,1743834,621,CDS
6078,1743904,1745012,1108,CDS
6079,1743213,1743834,621,CDS
6080,1743904,1745012,1108,CDS
6081,1743213,1743834,621,CDS
6082,1743904,1745012,1108,CDS
6083,1743213,1743834,621,CDS
6084,1743904,1745012,1108,CDS
6085,1743213,1743834,621,CDS
6086,1743904,1745012,1108,CDS
6087,1743213,1743834,621,CDS
6088,1743904,1745012,1108,CDS
6089,1746907,1752390,5483,gene
6090,1746907,1748089,1182,mRNA
6091,1748294,1749113,819,mRNA
6092,1749178,1749410,232,mRNA
6093,1749471,1749654,183,mRNA
6094,1749721,1752390,2669,mRNA
6095,1746907,1748089,1182,mRNA
6096,1749178,1749410,232,mRNA
6097,1749471,1749654,183,mRNA
6098,1749718,1752390,2672,mRNA
6099,1746907,1748089,1182,mRNA
6100,1749178,1749410,232,mRNA
6101,1749471,1749654,183,mRNA
6102,1749721,1752390,2669,mRNA
6103,1746907,1748089,1182,mRNA
6104,1749178,1749410,232,mRNA
6105,1749471,1749654,183,mRNA
6106,1749721,1752390,2669,mRNA
6107,1747234,1748089,855,CDS
6108,1749178,1749410,232,CDS
6109,1749471,1749654,183,CDS
6110,1749721,1751837,2116,CDS
6111,1747234,1748089,855,CDS
6112,1749178,1749410,232,CDS
6113,1749471,1749654,183,CDS
6114,1749718,1751807,2089,CDS
6115,1747234,1748089,855,CDS
6116,1749178,1749410,232,CDS
6117,1749471,1749654,183,CDS
6118,1749721,1751807,2086,CDS
6119,1748832,1749113,281,mRNA
6120,1749178,1749410,232,mRNA
6121,1749471,1749654,183,mRNA
6122,1749718,1752390,2672,mRNA
6123,1748832,1749113,281,mRNA
6124,1749178,1749410,232,mRNA
6125,1749471,1749654,183,mRNA
6126,1749721,1752390,2669,mRNA
6127,1748999,1749113,114,CDS
6128,1749178,1749410,232,CDS
6129,1749471,1749654,183,CDS
6130,1749718,1751807,2089,CDS
6131,1748999,1749113,114,CDS
6132,1749178,1749410,232,CDS
6133,1749471,1749654,183,CDS
6134,1749721,1751807,2086,CDS
6135,1748999,1749113,114,CDS
6136,1749178,1749410,232,CDS
6137,1749471,1749654,183,CDS
6138,1749721,1751807,2086,CDS
6139,1752328,1755934,3606,gene
6140,1754237,1755272,1035,mRNA
6141,1754001,1754165,164,mRNA
6142,1753438,1753943,505,mRNA
6143,1752328,1753310,982,mRNA
6144,1755587,1755934,347,mRNA
6145,1754237,1754360,123,mRNA
6146,1754001,1754165,164,mRNA
6147,1753438,1753943,505,mRNA
6148,1752543,1753310,767,mRNA
6149,1755587,1755668,81,mRNA
6150,1754237,1754360,123,mRNA
6151,1754001,1754165,164,mRNA
6152,1753438,1753943,505,mRNA
6153,1752543,1753310,767,mRNA
6154,1754237,1754342,105,CDS
6155,1754001,1754165,164,CDS
6156,1753438,1753943,505,CDS
6157,1752633,1753310,677,CDS
6158,1754237,1754342,105,CDS
6159,1754001,1754165,164,CDS
6160,1753438,1753943,505,CDS
6161,1752633,1753310,677,CDS
6162,1754237,1754342,105,CDS
6163,1754001,1754165,164,CDS
6164,1753438,1753943,505,CDS
6165,1752633,1753310,677,CDS
6166,1756159,1759208,3049,gene
6167,1756159,1756536,377,mRNA
6168,1756612,1757203,591,mRNA
6169,1757307,1758146,839,mRNA
6170,1758207,1758349,142,mRNA
6171,1758414,1758654,240,mRNA
6172,1758716,1759208,492,mRNA
6173,1756159,1756536,377,mRNA
6174,1756612,1757203,591,mRNA
6175,1757322,1758146,824,mRNA
6176,1758207,1758349,142,mRNA
6177,1758414,1758654,240,mRNA
6178,1758716,1759208,492,mRNA
6179,1756306,1756536,230,mRNA
6180,1756612,1757203,591,mRNA
6181,1757307,1758146,839,mRNA
6182,1758207,1758349,142,mRNA
6183,1758414,1758654,240,mRNA
6184,1758716,1759208,492,mRNA
6185,1756306,1756536,230,mRNA
6186,1756612,1757203,591,mRNA
6187,1757322,1758146,824,mRNA
6188,1758207,1758349,142,mRNA
6189,1758414,1758654,240,mRNA
6190,1758716,1759208,492,mRNA
6191,1756427,1756536,109,CDS
6192,1756612,1757203,591,CDS
6193,1757307,1758146,839,CDS
6194,1758207,1758349,142,CDS
6195,1758414,1758654,240,CDS
6196,1758716,1759036,320,CDS
6197,1756427,1756536,109,CDS
6198,1756612,1757203,591,CDS
6199,1757307,1758146,839,CDS
6200,1758207,1758349,142,CDS
6201,1758414,1758654,240,CDS
6202,1758716,1759036,320,CDS
6203,1756427,1756536,109,CDS
6204,1756612,1757203,591,CDS
6205,1757322,1758146,824,CDS
6206,1758207,1758349,142,CDS
6207,1758414,1758654,240,CDS
6208,1758716,1759036,320,CDS
6209,1756427,1756536,109,CDS
6210,1756612,1757203,591,CDS
6211,1757322,1758146,824,CDS
6212,1758207,1758349,142,CDS
6213,1758414,1758654,240,CDS
6214,1758716,1759036,320,CDS
6215,1759172,1771758,12586,gene
6216,1769582,1771758,2176,mRNA
6217,1769332,1769512,180,mRNA
6218,1766601,1769270,2669,mRNA
6219,1766228,1766542,314,mRNA
6220,1765926,1766168,242,mRNA
6221,1764781,1765869,1088,mRNA
6222,1760941,1764718,3777,mRNA
6223,1760558,1760877,319,mRNA
6224,1759172,1760488,1316,mRNA
6225,1769582,1771650,2068,CDS
6226,1769332,1769512,180,CDS
6227,1766601,1769270,2669,CDS
6228,1766228,1766542,314,CDS
6229,1765926,1766168,242,CDS
6230,1764781,1765869,1088,CDS
6231,1760941,1764718,3777,CDS
6232,1760558,1760877,319,CDS
6233,1759259,1760488,1229,CDS
6234,1771809,1775147,3338,gene
6235,1773981,1775147,1166,mRNA
6236,1773578,1773910,332,mRNA
6237,1773423,1773523,100,mRNA
6238,1771809,1773369,1560,mRNA
6239,1773981,1775147,1166,mRNA
6240,1773578,1773910,332,mRNA
6241,1773423,1773526,103,mRNA
6242,1771809,1773369,1560,mRNA
6243,1773981,1774791,810,CDS
6244,1773578,1773910,332,CDS
6245,1773423,1773523,100,CDS
6246,1772602,1773369,767,CDS
6247,1773981,1774791,810,CDS
6248,1773578,1773910,332,CDS
6249,1773423,1773526,103,CDS
6250,1772602,1773369,767,CDS
6251,1773605,1775108,1503,gene
6252,1773605,1775108,1503,ncRNA
6253,1775633,1777019,1386,gene
6254,1775633,1777019,1386,mRNA
6255,1775681,1776976,1295,CDS
6256,1777010,1777411,401,gene
6257,1777010,1777411,401,mRNA
6258,1777043,1777330,287,CDS
6259,1777439,1778347,908,gene
6260,1777439,1778347,908,mRNA
6261,1777516,1778292,776,CDS
6262,1778485,1795328,16843,gene
6263,1795199,1795328,129,mRNA
6264,1789017,1789101,84,mRNA
6265,1784907,1788957,4050,mRNA
6266,1781759,1783682,1923,mRNA
6267,1781095,1781698,603,mRNA
6268,1779385,1779985,600,mRNA
6269,1778485,1779310,825,mRNA
6270,1795199,1795328,129,mRNA
6271,1789017,1789101,84,mRNA
6272,1784907,1788957,4050,mRNA
6273,1781759,1783682,1923,mRNA
6274,1781095,1781698,603,mRNA
6275,1780887,1780916,29,mRNA
6276,1779385,1779985,600,mRNA
6277,1778485,1779310,825,mRNA
6278,1795199,1795328,129,mRNA
6279,1789017,1789101,84,mRNA
6280,1784907,1788957,4050,mRNA
6281,1784503,1784598,95,mRNA
6282,1781759,1783682,1923,mRNA
6283,1781095,1781698,603,mRNA
6284,1779385,1779985,600,mRNA
6285,1778485,1779310,825,mRNA
6286,1795199,1795328,129,mRNA
6287,1789017,1789101,84,mRNA
6288,1784907,1788957,4050,mRNA
6289,1784503,1784598,95,mRNA
6290,1781759,1783682,1923,mRNA
6291,1781095,1781698,603,mRNA
6292,1780887,1780916,29,mRNA
6293,1779385,1779985,600,mRNA
6294,1779111,1779310,199,mRNA
6295,1784907,1788896,3989,CDS
6296,1781759,1783682,1923,CDS
6297,1781095,1781698,603,CDS
6298,1779385,1779985,600,CDS
6299,1779182,1779310,128,CDS
6300,1784907,1788896,3989,CDS
6301,1781759,1783682,1923,CDS
6302,1781095,1781698,603,CDS
6303,1780887,1780916,29,CDS
6304,1779385,1779985,600,CDS
6305,1779182,1779310,128,CDS
6306,1784907,1788896,3989,CDS
6307,1784503,1784598,95,CDS
6308,1781759,1783682,1923,CDS
6309,1781095,1781698,603,CDS
6310,1779385,1779985,600,CDS
6311,1779182,1779310,128,CDS
6312,1784907,1788896,3989,CDS
6313,1784503,1784598,95,CDS
6314,1781759,1783682,1923,CDS
6315,1781095,1781698,603,CDS
6316,1780887,1780916,29,CDS
6317,1779385,1779985,600,CDS
6318,1779182,1779310,128,CDS
6319,1784395,1784800,405,gene
6320,1784395,1784800,405,ncRNA
6321,1789631,1795328,5697,gene
6322,1795199,1795328,129,mRNA
6323,1789631,1793500,3869,mRNA
6324,1789693,1793415,3722,CDS
6325,1795392,1797307,1915,gene
6326,1795392,1795732,340,mRNA
6327,1795793,1795996,203,mRNA
6328,1796178,1796837,659,mRNA
6329,1796902,1797307,405,mRNA
6330,1795700,1795732,32,CDS
6331,1795793,1795996,203,CDS
6332,1796178,1796837,659,CDS
6333,1796902,1797174,272,CDS
6334,1796854,1797272,418,gene
6335,1796854,1797272,418,ncRNA
6336,1797305,1798610,1305,gene
6337,1797305,1798349,1044,mRNA
6338,1798414,1798610,196,mRNA
6339,1797365,1798349,984,CDS
6340,1798414,1798529,115,CDS
6341,1798803,1802184,3381,gene
6342,1798803,1798953,150,mRNA
6343,1799010,1800699,1689,mRNA
6344,1800760,1802184,1424,mRNA
6345,1798803,1798923,120,mRNA
6346,1798982,1800699,1717,mRNA
6347,1800760,1802184,1424,mRNA
6348,1798803,1798923,120,mRNA
6349,1799010,1800699,1689,mRNA
6350,1800760,1802184,1424,mRNA
6351,1799149,1800699,1550,CDS
6352,1800760,1801824,1064,CDS
6353,1799149,1800699,1550,CDS
6354,1800760,1801824,1064,CDS
6355,1799149,1800699,1550,CDS
6356,1800760,1801824,1064,CDS
6357,1802008,1802856,848,gene
6358,1802804,1802856,52,mRNA
6359,1802008,1802743,735,mRNA
6360,1802804,1802856,52,mRNA
6361,1802008,1802753,745,mRNA
6362,1802008,1802856,848,mRNA
6363,1802235,1802693,458,CDS
6364,1802235,1802693,458,CDS
6365,1802235,1802693,458,CDS
6366,1803107,1806920,3813,gene
6367,1803107,1803327,220,mRNA
6368,1803433,1803567,134,mRNA
6369,1805010,1805458,448,mRNA
6370,1805531,1805708,177,mRNA
6371,1806236,1806920,684,mRNA
6372,1803107,1803327,220,mRNA
6373,1803433,1803567,134,mRNA
6374,1805010,1805458,448,mRNA
6375,1805531,1805708,177,mRNA
6376,1806236,1806819,583,mRNA
6377,1803107,1803327,220,mRNA
6378,1803433,1803733,300,mRNA
6379,1803795,1804355,560,mRNA
6380,1804417,1804910,493,mRNA
6381,1803107,1803327,220,mRNA
6382,1803433,1803567,134,mRNA
6383,1803795,1804355,560,mRNA
6384,1804417,1804910,493,mRNA
6385,1803210,1803327,117,CDS
6386,1803433,1803567,134,CDS
6387,1805010,1805458,448,CDS
6388,1805531,1805708,177,CDS
6389,1806236,1806639,403,CDS
6390,1803210,1803327,117,CDS
6391,1803433,1803567,134,CDS
6392,1805010,1805458,448,CDS
6393,1805531,1805708,177,CDS
6394,1806236,1806639,403,CDS
6395,1803210,1803327,117,CDS
6396,1803433,1803567,134,CDS
6397,1803795,1804355,560,CDS
6398,1804417,1804832,415,CDS
6399,1803210,1803327,117,CDS
6400,1803433,1803575,142,CDS
6401,1806043,1806932,889,gene
6402,1806043,1806932,889,ncRNA
6403,1807546,1807855,309,gene
6404,1807546,1807855,309,ncRNA
6405,1810588,1822903,12315,gene
6406,1810588,1810719,131,mRNA
6407,1812629,1812684,55,mRNA
6408,1821214,1821419,205,mRNA
6409,1821807,1822098,291,mRNA
6410,1822394,1822903,509,mRNA
6411,1810588,1810719,131,mRNA
6412,1812629,1812684,55,mRNA
6413,1821214,1821419,205,mRNA
6414,1821807,1822213,406,mRNA
6415,1812682,1812684,2,CDS
6416,1821214,1821419,205,CDS
6417,1821807,1822098,291,CDS
6418,1822394,1822774,380,CDS
6419,1812682,1812684,2,CDS
6420,1821214,1821419,205,CDS
6421,1821807,1822140,333,CDS
6422,1824129,1831783,7654,gene
6423,1831668,1831783,115,mRNA
6424,1825055,1825207,152,mRNA
6425,1824129,1824704,575,mRNA
6426,1828816,1828942,126,mRNA
6427,1825055,1825207,152,mRNA
6428,1824129,1824704,575,mRNA
6429,1825055,1825180,125,CDS
6430,1824420,1824704,284,CDS
6431,1825055,1825180,125,CDS
6432,1824420,1824704,284,CDS
6433,1832636,1835164,2528,gene
6434,1835106,1835164,58,mRNA
6435,1834869,1835017,148,mRNA
6436,1834587,1834683,96,mRNA
6437,1834289,1834528,239,mRNA
6438,1832636,1832994,358,mRNA
6439,1835084,1835164,80,mRNA
6440,1834869,1835017,148,mRNA
6441,1834587,1834683,96,mRNA
6442,1834289,1834528,239,mRNA
6443,1832636,1832994,358,mRNA
6444,1834869,1835164,295,mRNA
6445,1834587,1834683,96,mRNA
6446,1834289,1834528,239,mRNA
6447,1832636,1832994,358,mRNA
6448,1834869,1834958,89,CDS
6449,1834587,1834683,96,CDS
6450,1834289,1834528,239,CDS
6451,1832837,1832994,157,CDS
6452,1834869,1834958,89,CDS
6453,1834587,1834683,96,CDS
6454,1834289,1834528,239,CDS
6455,1832837,1832994,157,CDS
6456,1834869,1834958,89,CDS
6457,1834587,1834683,96,CDS
6458,1834289,1834528,239,CDS
6459,1832837,1832994,157,CDS
6460,1840281,1842084,1803,gene
6461,1841990,1842084,94,mRNA
6462,1841761,1841892,131,mRNA
6463,1840281,1841187,906,mRNA
6464,1841990,1842084,94,mRNA
6465,1841761,1841892,131,mRNA
6466,1840398,1841187,789,mRNA
6467,1841990,1842004,14,CDS
6468,1841761,1841892,131,CDS
6469,1840792,1841187,395,CDS
6470,1841990,1842004,14,CDS
6471,1841761,1841892,131,CDS
6472,1840792,1841187,395,CDS
6473,1850915,1855591,4676,gene
6474,1854713,1855591,878,mRNA
6475,1852052,1852246,194,mRNA
6476,1851662,1851971,309,mRNA
6477,1851485,1851496,11,mRNA
6478,1850915,1851418,503,mRNA
6479,1854713,1855309,596,mRNA
6480,1852052,1852246,194,mRNA
6481,1851662,1851971,309,mRNA
6482,1850915,1851418,503,mRNA
6483,1854713,1855309,596,mRNA
6484,1852052,1852246,194,mRNA
6485,1851662,1851971,309,mRNA
6486,1851485,1851496,11,mRNA
6487,1851272,1851418,146,mRNA
6488,1852052,1852240,188,CDS
6489,1851662,1851971,309,CDS
6490,1851348,1851418,70,CDS
6491,1852052,1852240,188,CDS
6492,1851662,1851971,309,CDS
6493,1851485,1851496,11,CDS
6494,1851348,1851418,70,CDS
6495,1852052,1852240,188,CDS
6496,1851662,1851971,309,CDS
6497,1851485,1851496,11,CDS
6498,1851348,1851418,70,CDS
6499,1857165,1859047,1882,gene
6500,1857165,1857403,238,mRNA
6501,1857465,1859047,1582,mRNA
6502,1857165,1857403,238,mRNA
6503,1857510,1859047,1537,mRNA
6504,1857165,1857403,238,mRNA
6505,1857513,1859047,1534,mRNA
6506,1857245,1857403,158,CDS
6507,1857465,1858184,719,CDS
6508,1857245,1857403,158,CDS
6509,1857510,1858184,674,CDS
6510,1857245,1857403,158,CDS
6511,1857513,1858184,671,CDS
6512,1859115,1862239,3124,gene
6513,1862061,1862239,178,mRNA
6514,1859115,1861676,2561,mRNA
6515,1861930,1862239,309,mRNA
6516,1859115,1861676,2561,mRNA
6517,1859115,1861816,2701,mRNA
6518,1860657,1861211,554,CDS
6519,1860657,1861211,554,CDS
6520,1860657,1861211,554,CDS
6521,1862881,1865240,2359,gene
6522,1862881,1865240,2359,mRNA
6523,1862881,1865139,2258,mRNA
6524,1863033,1865045,2012,CDS
6525,1863033,1865045,2012,CDS
6526,1865430,1869491,4061,gene
6527,1865430,1865917,487,mRNA
6528,1867141,1869491,2350,mRNA
6529,1865430,1865917,487,mRNA
6530,1867141,1868644,1503,mRNA
6531,1865430,1865917,487,mRNA
6532,1867141,1867863,722,mRNA
6533,1865757,1865917,160,CDS
6534,1867141,1867492,351,CDS
6535,1865757,1865917,160,CDS
6536,1867141,1867492,351,CDS
6537,1865757,1865917,160,CDS
6538,1867141,1867492,351,CDS
6539,1870019,1871564,1545,gene
6540,1870019,1870085,66,mRNA
6541,1870147,1871564,1417,mRNA
6542,1870019,1870085,66,CDS
6543,1870147,1871564,1417,CDS
6544,1870119,1871564,1445,mRNA
6545,1870119,1871564,1445,CDS
6546,1871574,1876312,4738,gene
6547,1876110,1876312,202,mRNA
6548,1875652,1875915,263,mRNA
6549,1875287,1875586,299,mRNA
6550,1874041,1875218,1177,mRNA
6551,1873117,1873983,866,mRNA
6552,1872800,1873062,262,mRNA
6553,1872582,1872735,153,mRNA
6554,1871574,1871917,343,mRNA
6555,1876110,1876312,202,mRNA
6556,1875652,1875915,263,mRNA
6557,1875287,1875586,299,mRNA
6558,1874041,1875218,1177,mRNA
6559,1873117,1873983,866,mRNA
6560,1872800,1873062,262,mRNA
6561,1872582,1872735,153,mRNA
6562,1872354,1872470,116,mRNA
6563,1871574,1871917,343,mRNA
6564,1876110,1876178,68,CDS
6565,1875652,1875915,263,CDS
6566,1875287,1875586,299,CDS
6567,1874041,1875218,1177,CDS
6568,1873117,1873983,866,CDS
6569,1872800,1873062,262,CDS
6570,1872582,1872735,153,CDS
6571,1871761,1871917,156,CDS
6572,1876110,1876178,68,CDS
6573,1875652,1875915,263,CDS
6574,1875287,1875586,299,CDS
6575,1874041,1875218,1177,CDS
6576,1873117,1873983,866,CDS
6577,1872800,1873062,262,CDS
6578,1872582,1872735,153,CDS
6579,1872354,1872470,116,CDS
6580,1871761,1871917,156,CDS
6581,1876551,1883041,6490,gene
6582,1883000,1883041,41,mRNA
6583,1881129,1881476,347,mRNA
6584,1877892,1878039,147,mRNA
6585,1877761,1877827,66,mRNA
6586,1877518,1877662,144,mRNA
6587,1877291,1877446,155,mRNA
6588,1876848,1877185,337,mRNA
6589,1876551,1876781,230,mRNA
6590,1883000,1883041,41,mRNA
6591,1881129,1881548,419,mRNA
6592,1877892,1878039,147,mRNA
6593,1877761,1877827,66,mRNA
6594,1877518,1877662,144,mRNA
6595,1877291,1877446,155,mRNA
6596,1876848,1877185,337,mRNA
6597,1876551,1876781,230,mRNA
6598,1883000,1883041,41,mRNA
6599,1881129,1881548,419,mRNA
6600,1878356,1878559,203,mRNA
6601,1877892,1878039,147,mRNA
6602,1877761,1877827,66,mRNA
6603,1877518,1877662,144,mRNA
6604,1877291,1877446,155,mRNA
6605,1876848,1877185,337,mRNA
6606,1876551,1876781,230,mRNA
6607,1883000,1883041,41,mRNA
6608,1881129,1881557,428,mRNA
6609,1878356,1878544,188,mRNA
6610,1877892,1878039,147,mRNA
6611,1877761,1877827,66,mRNA
6612,1877518,1877662,144,mRNA
6613,1877291,1877446,155,mRNA
6614,1876848,1877185,337,mRNA
6615,1876551,1876781,230,mRNA
6616,1882320,1882559,239,mRNA
6617,1881129,1881548,419,mRNA
6618,1877892,1878039,147,mRNA
6619,1877761,1877827,66,mRNA
6620,1877518,1877662,144,mRNA
6621,1877291,1877446,155,mRNA
6622,1876848,1877185,337,mRNA
6623,1876551,1876781,230,mRNA
6624,1882320,1882559,239,mRNA
6625,1881129,1881548,419,mRNA
6626,1878356,1878559,203,mRNA
6627,1877892,1878039,147,mRNA
6628,1877761,1877827,66,mRNA
6629,1877518,1877662,144,mRNA
6630,1877291,1877446,155,mRNA
6631,1876848,1877185,337,mRNA
6632,1876551,1876781,230,mRNA
6633,1881129,1881272,143,CDS
6634,1877892,1878039,147,CDS
6635,1877761,1877827,66,CDS
6636,1877518,1877662,144,CDS
6637,1877291,1877446,155,CDS
6638,1876848,1877185,337,CDS
6639,1876688,1876781,93,CDS
6640,1881129,1881272,143,CDS
6641,1877892,1878039,147,CDS
6642,1877761,1877827,66,CDS
6643,1877518,1877662,144,CDS
6644,1877291,1877446,155,CDS
6645,1876848,1877185,337,CDS
6646,1876688,1876781,93,CDS
6647,1881129,1881272,143,CDS
6648,1877892,1878039,147,CDS
6649,1877761,1877827,66,CDS
6650,1877518,1877662,144,CDS
6651,1877291,1877446,155,CDS
6652,1876848,1877185,337,CDS
6653,1876688,1876781,93,CDS
6654,1881129,1881272,143,CDS
6655,1878356,1878544,188,CDS
6656,1877892,1878039,147,CDS
6657,1877761,1877827,66,CDS
6658,1877518,1877662,144,CDS
6659,1877291,1877446,155,CDS
6660,1876848,1877185,337,CDS
6661,1876688,1876781,93,CDS
6662,1881129,1881272,143,CDS
6663,1878356,1878559,203,CDS
6664,1877892,1878039,147,CDS
6665,1877761,1877827,66,CDS
6666,1877518,1877662,144,CDS
6667,1877291,1877446,155,CDS
6668,1876848,1877185,337,CDS
6669,1876688,1876781,93,CDS
6670,1881129,1881272,143,CDS
6671,1878356,1878559,203,CDS
6672,1877892,1878039,147,CDS
6673,1877761,1877827,66,CDS
6674,1877518,1877662,144,CDS
6675,1877291,1877446,155,CDS
6676,1876848,1877185,337,CDS
6677,1876688,1876781,93,CDS
6678,1883795,1885019,1224,gene
6679,1884691,1884892,201,mRNA
6680,1884323,1884560,237,mRNA
6681,1883795,1884248,453,mRNA
6682,1884691,1885019,328,mRNA
6683,1884323,1884560,237,mRNA
6684,1883892,1884248,356,mRNA
6685,1884691,1884892,201,mRNA
6686,1884323,1884560,237,mRNA
6687,1883892,1884248,356,mRNA
6688,1884691,1884785,94,CDS
6689,1884323,1884560,237,CDS
6690,1884033,1884248,215,CDS
6691,1884691,1884785,94,CDS
6692,1884323,1884560,237,CDS
6693,1884033,1884248,215,CDS
6694,1884691,1884785,94,CDS
6695,1884323,1884560,237,CDS
6696,1884033,1884248,215,CDS
6697,1885657,1891462,5805,gene
6698,1885657,1885846,189,mRNA
6699,1889774,1889948,174,mRNA
6700,1890019,1890152,133,mRNA
6701,1890322,1890448,126,mRNA
6702,1890615,1890857,242,mRNA
6703,1890919,1891462,543,mRNA
6704,1886389,1886427,38,mobile_element
6705,1889490,1889723,233,mRNA
6706,1889778,1889948,170,mRNA
6707,1890019,1890152,133,mRNA
6708,1890322,1890448,126,mRNA
6709,1890615,1890857,242,mRNA
6710,1890919,1891462,543,mRNA
6711,1889807,1889948,141,CDS
6712,1890019,1890152,133,CDS
6713,1890322,1890448,126,CDS
6714,1890615,1890857,242,CDS
6715,1890919,1891070,151,CDS
6716,1889807,1889948,141,CDS
6717,1890019,1890152,133,CDS
6718,1890322,1890448,126,CDS
6719,1890615,1890857,242,CDS
6720,1890919,1891070,151,CDS
6721,1893408,1910197,16789,gene
6722,1909900,1910197,297,mRNA
6723,1902466,1902706,240,mRNA
6724,1896938,1897029,91,mRNA
6725,1896722,1896879,157,mRNA
6726,1895419,1895560,141,mRNA
6727,1894605,1895318,713,mRNA
6728,1894322,1894447,125,mRNA
6729,1893408,1894263,855,mRNA
6730,1897581,1897655,74,mRNA
6731,1896938,1897029,91,mRNA
6732,1896722,1896879,157,mRNA
6733,1895419,1895560,141,mRNA
6734,1894605,1895318,713,mRNA
6735,1894322,1894447,125,mRNA
6736,1893408,1894263,855,mRNA
6737,1902466,1902697,231,CDS
6738,1896938,1897029,91,CDS
6739,1896722,1896879,157,CDS
6740,1895419,1895560,141,CDS
6741,1894605,1895318,713,CDS
6742,1894322,1894447,125,CDS
6743,1893880,1894263,383,CDS
6744,1896938,1896967,29,CDS
6745,1896722,1896879,157,CDS
6746,1895419,1895560,141,CDS
6747,1894605,1895318,713,CDS
6748,1894322,1894447,125,CDS
6749,1893880,1894263,383,CDS
6750,1909900,1910197,297,mRNA
6751,1900494,1902706,2212,mRNA
6752,1902404,1902697,293,CDS
6753,1921307,1933602,12295,gene
6754,1921307,1921931,624,mRNA
6755,1924273,1924977,704,mRNA
6756,1925255,1925359,104,mRNA
6757,1925419,1925522,103,mRNA
6758,1932654,1933602,948,mRNA
6759,1921415,1921931,516,CDS
6760,1924273,1924977,704,CDS
6761,1925255,1925359,104,CDS
6762,1925419,1925522,103,CDS
6763,1932654,1933448,794,CDS
6764,1925641,1925712,71,gene
6765,1925641,1925712,71,tRNA
6766,1927623,1928152,529,gene
6767,1927623,1928152,529,ncRNA
6768,1933633,1939103,5470,gene
6769,1938441,1939103,662,mRNA
6770,1935612,1936381,769,mRNA
6771,1935388,1935549,161,mRNA
6772,1935214,1935329,115,mRNA
6773,1934800,1935159,359,mRNA
6774,1934272,1934733,461,mRNA
6775,1933633,1934214,581,mRNA
6776,1938441,1938740,299,mRNA
6777,1935612,1936381,769,mRNA
6778,1935388,1935549,161,mRNA
6779,1935214,1935329,115,mRNA
6780,1934800,1935159,359,mRNA
6781,1934272,1934733,461,mRNA
6782,1933633,1934214,581,mRNA
6783,1935612,1936280,668,CDS
6784,1935388,1935549,161,CDS
6785,1935214,1935329,115,CDS
6786,1934800,1935159,359,CDS
6787,1934272,1934733,461,CDS
6788,1933932,1934214,282,CDS
6789,1935612,1936280,668,CDS
6790,1935388,1935549,161,CDS
6791,1935214,1935329,115,CDS
6792,1934800,1935159,359,CDS
6793,1934272,1934733,461,CDS
6794,1933932,1934214,282,CDS
6795,1939242,1940458,1216,gene
6796,1939242,1940458,1216,ncRNA
6797,1941068,1942872,1804,gene
6798,1941068,1941254,186,mRNA
6799,1941316,1942237,921,mRNA
6800,1942300,1942872,572,mRNA
6801,1941176,1941254,78,CDS
6802,1941316,1942237,921,CDS
6803,1942300,1942735,435,CDS
6804,1942734,1947475,4741,gene
6805,1947339,1947475,136,mRNA
6806,1947080,1947280,200,mRNA
6807,1946539,1947019,480,mRNA
6808,1945648,1946484,836,mRNA
6809,1945437,1945528,91,mRNA
6810,1945264,1945381,117,mRNA
6811,1945110,1945205,95,mRNA
6812,1943877,1945052,1175,mRNA
6813,1943780,1943821,41,mRNA
6814,1943615,1943722,107,mRNA
6815,1943253,1943555,302,mRNA
6816,1942734,1943196,462,mRNA
6817,1947339,1947475,136,mRNA
6818,1947080,1947280,200,mRNA
6819,1946539,1947019,480,mRNA
6820,1945648,1946484,836,mRNA
6821,1945437,1945573,136,mRNA
6822,1945264,1945381,117,mRNA
6823,1945110,1945205,95,mRNA
6824,1943877,1945052,1175,mRNA
6825,1943780,1943821,41,mRNA
6826,1943615,1943722,107,mRNA
6827,1943253,1943555,302,mRNA
6828,1942734,1943196,462,mRNA
6829,1947339,1947475,136,mRNA
6830,1947080,1947280,200,mRNA
6831,1946539,1947019,480,mRNA
6832,1945648,1946484,836,mRNA
6833,1945437,1945591,154,mRNA
6834,1945264,1945381,117,mRNA
6835,1945110,1945205,95,mRNA
6836,1943877,1945052,1175,mRNA
6837,1943780,1943821,41,mRNA
6838,1943615,1943722,107,mRNA
6839,1943253,1943555,302,mRNA
6840,1942734,1943196,462,mRNA
6841,1947339,1947449,110,CDS
6842,1947080,1947280,200,CDS
6843,1946539,1947019,480,CDS
6844,1945648,1946484,836,CDS
6845,1945437,1945528,91,CDS
6846,1945264,1945381,117,CDS
6847,1945110,1945205,95,CDS
6848,1943877,1945052,1175,CDS
6849,1943780,1943821,41,CDS
6850,1943615,1943722,107,CDS
6851,1943253,1943555,302,CDS
6852,1942982,1943196,214,CDS
6853,1947339,1947449,110,CDS
6854,1947080,1947280,200,CDS
6855,1946539,1947019,480,CDS
6856,1945648,1946484,836,CDS
6857,1945437,1945573,136,CDS
6858,1945264,1945381,117,CDS
6859,1945110,1945205,95,CDS
6860,1943877,1945052,1175,CDS
6861,1943780,1943821,41,CDS
6862,1943615,1943722,107,CDS
6863,1943253,1943555,302,CDS
6864,1942982,1943196,214,CDS
6865,1947339,1947449,110,CDS
6866,1947080,1947280,200,CDS
6867,1946539,1947019,480,CDS
6868,1945648,1946484,836,CDS
6869,1945437,1945591,154,CDS
6870,1945264,1945381,117,CDS
6871,1945110,1945205,95,CDS
6872,1943877,1945052,1175,CDS
6873,1943780,1943821,41,CDS
6874,1943615,1943722,107,CDS
6875,1943253,1943555,302,CDS
6876,1942982,1943196,214,CDS
6877,1947565,1950262,2697,gene
6878,1947565,1947785,220,mRNA
6879,1947847,1949023,1176,mRNA
6880,1949082,1949243,161,mRNA
6881,1949306,1949643,337,mRNA
6882,1949708,1950262,554,mRNA
6883,1947755,1947785,30,mRNA
6884,1947847,1949023,1176,mRNA
6885,1949082,1949243,161,mRNA
6886,1949306,1949643,337,mRNA
6887,1949708,1950262,554,mRNA
6888,1947860,1949023,1163,CDS
6889,1949082,1949243,161,CDS
6890,1949306,1949643,337,CDS
6891,1949708,1950113,405,CDS
6892,1947860,1949023,1163,CDS
6893,1949082,1949243,161,CDS
6894,1949306,1949643,337,CDS
6895,1949708,1950113,405,CDS
6896,1950306,1964178,13872,gene
6897,1963875,1964178,303,mRNA
6898,1962803,1963062,259,mRNA
6899,1962644,1962720,76,mRNA
6900,1962413,1962575,162,mRNA
6901,1962236,1962346,110,mRNA
6902,1959572,1962155,2583,mRNA
6903,1958001,1958783,782,mRNA
6904,1957502,1957944,442,mRNA
6905,1956459,1957445,986,mRNA
6906,1954829,1956403,1574,mRNA
6907,1954599,1954769,170,mRNA
6908,1953812,1954537,725,mRNA
6909,1953619,1953752,133,mRNA
6910,1952808,1953561,753,mRNA
6911,1952248,1952748,500,mRNA
6912,1951284,1952182,898,mRNA
6913,1950761,1951228,467,mRNA
6914,1950306,1950699,393,mRNA
6915,1962803,1962913,110,CDS
6916,1962644,1962720,76,CDS
6917,1962413,1962575,162,CDS
6918,1962236,1962346,110,CDS
6919,1959572,1962155,2583,CDS
6920,1958001,1958783,782,CDS
6921,1957502,1957944,442,CDS
6922,1956459,1957445,986,CDS
6923,1954829,1956403,1574,CDS
6924,1954599,1954769,170,CDS
6925,1953812,1954537,725,CDS
6926,1953619,1953752,133,CDS
6927,1952808,1953561,753,CDS
6928,1952248,1952748,500,CDS
6929,1951284,1952182,898,CDS
6930,1950761,1951228,467,CDS
6931,1950579,1950699,120,CDS
6932,1963143,1966805,3662,gene
6933,1963143,1963491,348,mRNA
6934,1965075,1965273,198,mRNA
6935,1965330,1966306,976,mRNA
6936,1966365,1966805,440,mRNA
6937,1963143,1964285,1142,gene
6938,1963143,1964285,1142,ncRNA
6939,1963213,1963700,487,gene
6940,1963213,1963700,487,ncRNA
6941,1963474,1963491,17,CDS
6942,1965075,1965273,198,CDS
6943,1965330,1966306,976,CDS
6944,1966365,1966679,314,CDS
6945,1964459,1964609,150,mRNA
6946,1964837,1965273,436,mRNA
6947,1965330,1966306,976,mRNA
6948,1966365,1966805,440,mRNA
6949,1964459,1964609,150,mRNA
6950,1965075,1965273,198,mRNA
6951,1965330,1966306,976,mRNA
6952,1966365,1966805,440,mRNA
6953,1964550,1964609,59,CDS
6954,1965075,1965273,198,CDS
6955,1965330,1966306,976,CDS
6956,1966365,1966679,314,CDS
6957,1965213,1965273,60,CDS
6958,1965330,1966306,976,CDS
6959,1966365,1966679,314,CDS
6960,1966725,1970079,3354,gene
6961,1969600,1970079,479,mRNA
6962,1967200,1967502,302,mRNA
6963,1966725,1967139,414,mRNA
6964,1968078,1968103,25,mRNA
6965,1967200,1967502,302,mRNA
6966,1966725,1967139,414,mRNA
6967,1969600,1969617,17,CDS
6968,1967200,1967502,302,CDS
6969,1966819,1967139,320,CDS
6970,1968078,1968086,8,CDS
6971,1967200,1967502,302,CDS
6972,1966819,1967139,320,CDS
6973,1970191,1971200,1009,gene
6974,1970191,1971200,1009,mRNA
6975,1970279,1971130,851,CDS
6976,1971638,1974285,2647,gene
6977,1971638,1971821,183,mRNA
6978,1972074,1972199,125,mRNA
6979,1972263,1972413,150,mRNA
6980,1972477,1972598,121,mRNA
6981,1973038,1973264,226,mRNA
6982,1973339,1973469,130,mRNA
6983,1973536,1973714,178,mRNA
6984,1973772,1973944,172,mRNA
6985,1974001,1974285,284,mRNA
6986,1971817,1971821,4,CDS
6987,1972074,1972199,125,CDS
6988,1972263,1972413,150,CDS
6989,1972477,1972598,121,CDS
6990,1973038,1973264,226,CDS
6991,1973339,1973469,130,CDS
6992,1973536,1973714,178,CDS
6993,1973772,1973944,172,CDS
6994,1974001,1974242,241,CDS
6995,2003109,2005651,2542,gene
6996,2005119,2005651,532,mRNA
6997,2003109,2003662,553,mRNA
6998,2005075,2005651,576,mRNA
6999,2005307,2005546,239,CDS
7000,2005307,2005546,239,CDS
7001,2008722,2010751,2029,gene
7002,2008722,2010751,2029,ncRNA
7003,2010149,2010751,602,ncRNA
7004,2020554,2021958,1404,gene
7005,2020822,2021958,1136,mRNA
7006,2020554,2020766,212,mRNA
7007,2020822,2021958,1136,CDS
7008,2020554,2020766,212,CDS
7009,2022070,2023391,1321,gene
7010,2022405,2023391,986,mRNA
7011,2022070,2022352,282,mRNA
7012,2022405,2023391,986,CDS
7013,2022071,2022352,281,CDS
7014,2026991,2028326,1335,gene
7015,2026991,2027965,974,mRNA
7016,2028021,2028326,305,mRNA
7017,2026991,2027965,974,CDS
7018,2028021,2028326,305,CDS
7019,2037371,2038224,853,gene
7020,2038181,2038224,43,mRNA
7021,2037874,2038108,234,mRNA
7022,2037529,2037816,287,mRNA
7023,2037371,2037473,102,mRNA
7024,2037874,2038224,350,mRNA
7025,2037529,2037816,287,mRNA
7026,2037371,2037473,102,mRNA
7027,2037874,2038041,167,CDS
7028,2037529,2037816,287,CDS
7029,2037444,2037473,29,CDS
7030,2037874,2038041,167,CDS
7031,2037529,2037816,287,CDS
7032,2037444,2037473,29,CDS
7033,2039681,2115611,75930,gene
7034,2115400,2115611,211,mRNA
7035,2114126,2114466,340,mRNA
7036,2105150,2106734,1584,mRNA
7037,2104855,2105084,229,mRNA
7038,2103428,2104792,1364,mRNA
7039,2100565,2103363,2798,mRNA
7040,2094926,2100484,5558,mRNA
7041,2094573,2094860,287,mRNA
7042,2094276,2094507,231,mRNA
7043,2094008,2094179,171,mRNA
7044,2093761,2093947,186,mRNA
7045,2078963,2079037,74,mRNA
7046,2078036,2078140,104,mRNA
7047,2076902,2077962,1060,mRNA
7048,2076630,2076690,60,mRNA
7049,2076383,2076424,41,mRNA
7050,2070072,2075684,5612,mRNA
7051,2062454,2069914,7460,mRNA
7052,2062047,2062271,224,mRNA
7053,2052655,2061531,8876,mRNA
7054,2046858,2051996,5138,mRNA
7055,2046594,2046635,41,mRNA
7056,2046282,2046533,251,mRNA
7057,2043449,2045116,1667,mRNA
7058,2043241,2043382,141,mRNA
7059,2042091,2043106,1015,mRNA
7060,2041710,2042015,305,mRNA
7061,2041393,2041497,104,mRNA
7062,2041139,2041333,194,mRNA
7063,2040776,2041078,302,mRNA
7064,2039681,2040572,891,mRNA
7065,2115400,2115611,211,mRNA
7066,2114126,2114466,340,mRNA
7067,2105150,2106734,1584,mRNA
7068,2104855,2105084,229,mRNA
7069,2103428,2104792,1364,mRNA
7070,2100565,2103363,2798,mRNA
7071,2094926,2100484,5558,mRNA
7072,2094573,2094860,287,mRNA
7073,2094276,2094507,231,mRNA
7074,2094008,2094179,171,mRNA
7075,2093761,2093947,186,mRNA
7076,2078963,2079037,74,mRNA
7077,2078036,2078140,104,mRNA
7078,2076902,2077962,1060,mRNA
7079,2076630,2076690,60,mRNA
7080,2076383,2076424,41,mRNA
7081,2070072,2075684,5612,mRNA
7082,2062454,2069914,7460,mRNA
7083,2062047,2062271,224,mRNA
7084,2052655,2061531,8876,mRNA
7085,2046858,2051996,5138,mRNA
7086,2046594,2046635,41,mRNA
7087,2046282,2046533,251,mRNA
7088,2045196,2046164,968,mRNA
7089,2043449,2045116,1667,mRNA
7090,2043241,2043382,141,mRNA
7091,2042091,2043106,1015,mRNA
7092,2041710,2042015,305,mRNA
7093,2041393,2041497,104,mRNA
7094,2041139,2041333,194,mRNA
7095,2040776,2041078,302,mRNA
7096,2039681,2040572,891,mRNA
7097,2115400,2115611,211,mRNA
7098,2114126,2114466,340,mRNA
7099,2105150,2106734,1584,mRNA
7100,2104855,2105084,229,mRNA
7101,2103428,2104792,1364,mRNA
7102,2100565,2103363,2798,mRNA
7103,2094926,2100484,5558,mRNA
7104,2094573,2094860,287,mRNA
7105,2094276,2094507,231,mRNA
7106,2094008,2094179,171,mRNA
7107,2093761,2093947,186,mRNA
7108,2092621,2092969,348,mRNA
7109,2091248,2092559,1311,mRNA
7110,2091000,2091129,129,mRNA
7111,2081689,2087184,5495,mRNA
7112,2079736,2079803,67,mRNA
7113,2079373,2079676,303,mRNA
7114,2078963,2079037,74,mRNA
7115,2078036,2078140,104,mRNA
7116,2076902,2077962,1060,mRNA
7117,2076630,2076690,60,mRNA
7118,2076383,2076424,41,mRNA
7119,2070072,2075684,5612,mRNA
7120,2062454,2069914,7460,mRNA
7121,2062047,2062271,224,mRNA
7122,2052655,2061531,8876,mRNA
7123,2046858,2051996,5138,mRNA
7124,2046594,2046635,41,mRNA
7125,2046282,2046533,251,mRNA
7126,2045196,2046164,968,mRNA
7127,2043449,2045116,1667,mRNA
7128,2043241,2043382,141,mRNA
7129,2042091,2043106,1015,mRNA
7130,2041710,2042015,305,mRNA
7131,2041393,2041497,104,mRNA
7132,2041139,2041333,194,mRNA
7133,2040776,2041078,302,mRNA
7134,2039681,2040572,891,mRNA
7135,2115400,2115611,211,mRNA
7136,2114126,2114466,340,mRNA
7137,2105150,2106734,1584,mRNA
7138,2104855,2105084,229,mRNA
7139,2103428,2104792,1364,mRNA
7140,2100565,2103363,2798,mRNA
7141,2094926,2100484,5558,mRNA
7142,2094573,2094860,287,mRNA
7143,2094276,2094507,231,mRNA
7144,2094008,2094179,171,mRNA
7145,2093761,2093947,186,mRNA
7146,2092621,2092969,348,mRNA
7147,2091248,2092559,1311,mRNA
7148,2091000,2091129,129,mRNA
7149,2081689,2087184,5495,mRNA
7150,2080164,2081390,1226,mRNA
7151,2079736,2079803,67,mRNA
7152,2079373,2079676,303,mRNA
7153,2078963,2079037,74,mRNA
7154,2046858,2051996,5138,mRNA
7155,2046594,2046635,41,mRNA
7156,2046282,2046533,251,mRNA
7157,2045196,2046164,968,mRNA
7158,2043449,2045116,1667,mRNA
7159,2043241,2043382,141,mRNA
7160,2042091,2043106,1015,mRNA
7161,2041710,2042015,305,mRNA
7162,2041393,2041497,104,mRNA
7163,2041139,2041333,194,mRNA
7164,2040776,2041078,302,mRNA
7165,2039681,2040572,891,mRNA
7166,2115400,2115611,211,mRNA
7167,2114126,2114466,340,mRNA
7168,2105150,2106734,1584,mRNA
7169,2104855,2105084,229,mRNA
7170,2103428,2104792,1364,mRNA
7171,2100565,2103363,2798,mRNA
7172,2094926,2100484,5558,mRNA
7173,2094573,2094860,287,mRNA
7174,2094276,2094507,231,mRNA
7175,2094008,2094179,171,mRNA
7176,2093761,2093947,186,mRNA
7177,2092621,2092969,348,mRNA
7178,2091248,2092559,1311,mRNA
7179,2091000,2091129,129,mRNA
7180,2081689,2087184,5495,mRNA
7181,2080164,2081390,1226,mRNA
7182,2079736,2079803,67,mRNA
7183,2079373,2079676,303,mRNA
7184,2078963,2079037,74,mRNA
7185,2062454,2069914,7460,mRNA
7186,2062047,2062271,224,mRNA
7187,2052655,2061531,8876,mRNA
7188,2046858,2051996,5138,mRNA
7189,2046594,2046635,41,mRNA
7190,2046282,2046533,251,mRNA
7191,2045196,2046164,968,mRNA
7192,2043449,2045116,1667,mRNA
7193,2043241,2043382,141,mRNA
7194,2042091,2043106,1015,mRNA
7195,2041710,2042015,305,mRNA
7196,2041393,2041497,104,mRNA
7197,2041139,2041333,194,mRNA
7198,2040776,2041078,302,mRNA
7199,2039681,2040572,891,mRNA
7200,2115400,2115611,211,mRNA
7201,2114126,2114466,340,mRNA
7202,2105150,2106734,1584,mRNA
7203,2104855,2105084,229,mRNA
7204,2103428,2104792,1364,mRNA
7205,2100565,2103363,2798,mRNA
7206,2094926,2100484,5558,mRNA
7207,2094573,2094860,287,mRNA
7208,2094276,2094507,231,mRNA
7209,2094008,2094179,171,mRNA
7210,2093761,2093947,186,mRNA
7211,2092621,2092969,348,mRNA
7212,2091248,2092559,1311,mRNA
7213,2091000,2091129,129,mRNA
7214,2081689,2087184,5495,mRNA
7215,2080164,2081390,1226,mRNA
7216,2079736,2079803,67,mRNA
7217,2079373,2079676,303,mRNA
7218,2078963,2079037,74,mRNA
7219,2070072,2075684,5612,mRNA
7220,2062454,2069914,7460,mRNA
7221,2062047,2062271,224,mRNA
7222,2052655,2061531,8876,mRNA
7223,2046858,2051996,5138,mRNA
7224,2046594,2046635,41,mRNA
7225,2046282,2046533,251,mRNA
7226,2045196,2046164,968,mRNA
7227,2043449,2045116,1667,mRNA
7228,2043241,2043382,141,mRNA
7229,2042091,2043106,1015,mRNA
7230,2041710,2042015,305,mRNA
7231,2041393,2041497,104,mRNA
7232,2041139,2041333,194,mRNA
7233,2040776,2041078,302,mRNA
7234,2039681,2040572,891,mRNA
7235,2115400,2115611,211,mRNA
7236,2114126,2114466,340,mRNA
7237,2105150,2106734,1584,mRNA
7238,2104855,2105084,229,mRNA
7239,2103428,2104792,1364,mRNA
7240,2100565,2103363,2798,mRNA
7241,2094926,2100484,5558,mRNA
7242,2094573,2094860,287,mRNA
7243,2094276,2094507,231,mRNA
7244,2094008,2094179,171,mRNA
7245,2093761,2093947,186,mRNA
7246,2092621,2092969,348,mRNA
7247,2091248,2092559,1311,mRNA
7248,2091000,2091129,129,mRNA
7249,2081689,2087184,5495,mRNA
7250,2080164,2081390,1226,mRNA
7251,2079736,2079803,67,mRNA
7252,2079373,2079676,303,mRNA
7253,2078963,2079037,74,mRNA
7254,2078036,2078140,104,mRNA
7255,2076902,2077962,1060,mRNA
7256,2076630,2076690,60,mRNA
7257,2076383,2076424,41,mRNA
7258,2070072,2075684,5612,mRNA
7259,2062047,2062271,224,mRNA
7260,2052655,2061531,8876,mRNA
7261,2046858,2051996,5138,mRNA
7262,2046594,2046635,41,mRNA
7263,2046282,2046533,251,mRNA
7264,2045196,2046164,968,mRNA
7265,2043449,2045116,1667,mRNA
7266,2043241,2043382,141,mRNA
7267,2042091,2043106,1015,mRNA
7268,2041710,2042015,305,mRNA
7269,2041393,2041497,104,mRNA
7270,2041139,2041333,194,mRNA
7271,2040776,2041078,302,mRNA
7272,2039681,2040572,891,mRNA
7273,2115400,2115611,211,mRNA
7274,2114126,2114466,340,mRNA
7275,2105150,2106734,1584,mRNA
7276,2104855,2105084,229,mRNA
7277,2103428,2104792,1364,mRNA
7278,2100565,2103363,2798,mRNA
7279,2094926,2100484,5558,mRNA
7280,2094573,2094860,287,mRNA
7281,2094276,2094507,231,mRNA
7282,2094008,2094179,171,mRNA
7283,2093761,2093947,186,mRNA
7284,2092621,2092969,348,mRNA
7285,2091248,2092559,1311,mRNA
7286,2091000,2091129,129,mRNA
7287,2081689,2087184,5495,mRNA
7288,2080164,2081390,1226,mRNA
7289,2079736,2079803,67,mRNA
7290,2079373,2079676,303,mRNA
7291,2078963,2079037,74,mRNA
7292,2078036,2078140,104,mRNA
7293,2076902,2077962,1060,mRNA
7294,2076630,2076690,60,mRNA
7295,2076383,2076424,41,mRNA
7296,2070072,2075684,5612,mRNA
7297,2062454,2069914,7460,mRNA
7298,2062047,2062271,224,mRNA
7299,2046858,2051996,5138,mRNA
7300,2046594,2046635,41,mRNA
7301,2046282,2046533,251,mRNA
7302,2045196,2046164,968,mRNA
7303,2043449,2045116,1667,mRNA
7304,2043241,2043382,141,mRNA
7305,2042091,2043106,1015,mRNA
7306,2041710,2042015,305,mRNA
7307,2041393,2041497,104,mRNA
7308,2041139,2041333,194,mRNA
7309,2040776,2041078,302,mRNA
7310,2039681,2040572,891,mRNA
7311,2115400,2115611,211,mRNA
7312,2114126,2114466,340,mRNA
7313,2105150,2106734,1584,mRNA
7314,2104855,2105084,229,mRNA
7315,2103428,2104792,1364,mRNA
7316,2100565,2103363,2798,mRNA
7317,2094926,2100484,5558,mRNA
7318,2094573,2094860,287,mRNA
7319,2094276,2094507,231,mRNA
7320,2094008,2094179,171,mRNA
7321,2093761,2093947,186,mRNA
7322,2092621,2092969,348,mRNA
7323,2091248,2092559,1311,mRNA
7324,2091000,2091129,129,mRNA
7325,2081689,2087184,5495,mRNA
7326,2080164,2081390,1226,mRNA
7327,2079736,2079803,67,mRNA
7328,2079373,2079676,303,mRNA
7329,2078963,2079037,74,mRNA
7330,2078036,2078140,104,mRNA
7331,2076902,2077962,1060,mRNA
7332,2076630,2076690,60,mRNA
7333,2076383,2076424,41,mRNA
7334,2070072,2075684,5612,mRNA
7335,2062454,2069914,7460,mRNA
7336,2062047,2062271,224,mRNA
7337,2052655,2061531,8876,mRNA
7338,2046858,2051996,5138,mRNA
7339,2046594,2046635,41,mRNA
7340,2046282,2046533,251,mRNA
7341,2043449,2045116,1667,mRNA
7342,2043241,2043382,141,mRNA
7343,2042091,2043106,1015,mRNA
7344,2041710,2042015,305,mRNA
7345,2041393,2041497,104,mRNA
7346,2041139,2041333,194,mRNA
7347,2040776,2041078,302,mRNA
7348,2039681,2040572,891,mRNA
7349,2115400,2115611,211,mRNA
7350,2114126,2114466,340,mRNA
7351,2105150,2106734,1584,mRNA
7352,2104855,2105084,229,mRNA
7353,2103428,2104792,1364,mRNA
7354,2100565,2103363,2798,mRNA
7355,2094926,2100484,5558,mRNA
7356,2094573,2094860,287,mRNA
7357,2094276,2094507,231,mRNA
7358,2094008,2094179,171,mRNA
7359,2093761,2093947,186,mRNA
7360,2092621,2092969,348,mRNA
7361,2091248,2092559,1311,mRNA
7362,2091000,2091129,129,mRNA
7363,2081689,2087184,5495,mRNA
7364,2080164,2081390,1226,mRNA
7365,2079736,2079803,67,mRNA
7366,2079373,2079676,303,mRNA
7367,2078963,2079037,74,mRNA
7368,2078036,2078140,104,mRNA
7369,2076902,2077962,1060,mRNA
7370,2076630,2076690,60,mRNA
7371,2076383,2076424,41,mRNA
7372,2070072,2075684,5612,mRNA
7373,2062454,2069914,7460,mRNA
7374,2062047,2062271,224,mRNA
7375,2052655,2061531,8876,mRNA
7376,2046858,2051996,5138,mRNA
7377,2046594,2046635,41,mRNA
7378,2046282,2046533,251,mRNA
7379,2045196,2046164,968,mRNA
7380,2043449,2045116,1667,mRNA
7381,2043241,2043382,141,mRNA
7382,2042091,2043106,1015,mRNA
7383,2041710,2042015,305,mRNA
7384,2041393,2041497,104,mRNA
7385,2041139,2041333,194,mRNA
7386,2040776,2041078,302,mRNA
7387,2039681,2040572,891,mRNA
7388,2115400,2115611,211,mRNA
7389,2114126,2114466,340,mRNA
7390,2105150,2106734,1584,mRNA
7391,2104855,2105084,229,mRNA
7392,2103428,2104792,1364,mRNA
7393,2100565,2103363,2798,mRNA
7394,2094926,2100484,5558,mRNA
7395,2094573,2094860,287,mRNA
7396,2094276,2094507,231,mRNA
7397,2094008,2094179,171,mRNA
7398,2093761,2093947,186,mRNA
7399,2092621,2092969,348,mRNA
7400,2091248,2092559,1311,mRNA
7401,2091000,2091129,129,mRNA
7402,2081689,2087184,5495,mRNA
7403,2080164,2081390,1226,mRNA
7404,2079736,2079803,67,mRNA
7405,2079373,2079676,303,mRNA
7406,2079240,2079302,62,mRNA
7407,2078963,2079037,74,mRNA
7408,2078036,2078140,104,mRNA
7409,2076902,2077962,1060,mRNA
7410,2076630,2076690,60,mRNA
7411,2076383,2076424,41,mRNA
7412,2070072,2075684,5612,mRNA
7413,2062454,2069914,7460,mRNA
7414,2062047,2062271,224,mRNA
7415,2052655,2061531,8876,mRNA
7416,2046858,2051996,5138,mRNA
7417,2046594,2046635,41,mRNA
7418,2046282,2046533,251,mRNA
7419,2045196,2046164,968,mRNA
7420,2043449,2045116,1667,mRNA
7421,2043241,2043382,141,mRNA
7422,2042091,2043106,1015,mRNA
7423,2041710,2042015,305,mRNA
7424,2041566,2041586,20,mRNA
7425,2041393,2041497,104,mRNA
7426,2041139,2041333,194,mRNA
7427,2040776,2041078,302,mRNA
7428,2039681,2040572,891,mRNA
7429,2114126,2114297,171,CDS
7430,2105150,2106734,1584,CDS
7431,2104855,2105084,229,CDS
7432,2103428,2104792,1364,CDS
7433,2100565,2103363,2798,CDS
7434,2094926,2100484,5558,CDS
7435,2094573,2094860,287,CDS
7436,2094276,2094507,231,CDS
7437,2094008,2094179,171,CDS
7438,2093761,2093947,186,CDS
7439,2078963,2079037,74,CDS
7440,2078036,2078140,104,CDS
7441,2076902,2077962,1060,CDS
7442,2076630,2076690,60,CDS
7443,2076383,2076424,41,CDS
7444,2070072,2075684,5612,CDS
7445,2062454,2069914,7460,CDS
7446,2062047,2062271,224,CDS
7447,2052655,2061531,8876,CDS
7448,2046858,2051996,5138,CDS
7449,2046594,2046635,41,CDS
7450,2046282,2046533,251,CDS
7451,2043449,2045116,1667,CDS
7452,2043241,2043382,141,CDS
7453,2042091,2043106,1015,CDS
7454,2041710,2042015,305,CDS
7455,2041393,2041497,104,CDS
7456,2041139,2041333,194,CDS
7457,2040776,2041078,302,CDS
7458,2040382,2040572,190,CDS
7459,2114126,2114297,171,CDS
7460,2105150,2106734,1584,CDS
7461,2104855,2105084,229,CDS
7462,2103428,2104792,1364,CDS
7463,2100565,2103363,2798,CDS
7464,2094926,2100484,5558,CDS
7465,2094573,2094860,287,CDS
7466,2094276,2094507,231,CDS
7467,2094008,2094179,171,CDS
7468,2093761,2093947,186,CDS
7469,2078963,2079037,74,CDS
7470,2078036,2078140,104,CDS
7471,2076902,2077962,1060,CDS
7472,2076630,2076690,60,CDS
7473,2076383,2076424,41,CDS
7474,2070072,2075684,5612,CDS
7475,2062454,2069914,7460,CDS
7476,2062047,2062271,224,CDS
7477,2052655,2061531,8876,CDS
7478,2046858,2051996,5138,CDS
7479,2046594,2046635,41,CDS
7480,2046282,2046533,251,CDS
7481,2045196,2046164,968,CDS
7482,2043449,2045116,1667,CDS
7483,2043241,2043382,141,CDS
7484,2042091,2043106,1015,CDS
7485,2041710,2042015,305,CDS
7486,2041393,2041497,104,CDS
7487,2041139,2041333,194,CDS
7488,2040776,2041078,302,CDS
7489,2040382,2040572,190,CDS
7490,2114126,2114297,171,CDS
7491,2105150,2106734,1584,CDS
7492,2104855,2105084,229,CDS
7493,2103428,2104792,1364,CDS
7494,2100565,2103363,2798,CDS
7495,2094926,2100484,5558,CDS
7496,2094573,2094860,287,CDS
7497,2094276,2094507,231,CDS
7498,2094008,2094179,171,CDS
7499,2093761,2093947,186,CDS
7500,2092621,2092969,348,CDS
7501,2091248,2092559,1311,CDS
7502,2091000,2091129,129,CDS
7503,2081689,2087184,5495,CDS
7504,2079736,2079803,67,CDS
7505,2079373,2079676,303,CDS
7506,2078963,2079037,74,CDS
7507,2078036,2078140,104,CDS
7508,2076902,2077962,1060,CDS
7509,2076630,2076690,60,CDS
7510,2076383,2076424,41,CDS
7511,2070072,2075684,5612,CDS
7512,2062454,2069914,7460,CDS
7513,2062047,2062271,224,CDS
7514,2052655,2061531,8876,CDS
7515,2046858,2051996,5138,CDS
7516,2046594,2046635,41,CDS
7517,2046282,2046533,251,CDS
7518,2045196,2046164,968,CDS
7519,2043449,2045116,1667,CDS
7520,2043241,2043382,141,CDS
7521,2042091,2043106,1015,CDS
7522,2041710,2042015,305,CDS
7523,2041393,2041497,104,CDS
7524,2041139,2041333,194,CDS
7525,2040776,2041078,302,CDS
7526,2040382,2040572,190,CDS
7527,2114126,2114297,171,CDS
7528,2105150,2106734,1584,CDS
7529,2104855,2105084,229,CDS
7530,2103428,2104792,1364,CDS
7531,2100565,2103363,2798,CDS
7532,2094926,2100484,5558,CDS
7533,2094573,2094860,287,CDS
7534,2094276,2094507,231,CDS
7535,2094008,2094179,171,CDS
7536,2093761,2093947,186,CDS
7537,2092621,2092969,348,CDS
7538,2091248,2092559,1311,CDS
7539,2091000,2091129,129,CDS
7540,2081689,2087184,5495,CDS
7541,2080164,2081390,1226,CDS
7542,2079736,2079803,67,CDS
7543,2079373,2079676,303,CDS
7544,2078963,2079037,74,CDS
7545,2046858,2051996,5138,CDS
7546,2046594,2046635,41,CDS
7547,2046282,2046533,251,CDS
7548,2045196,2046164,968,CDS
7549,2043449,2045116,1667,CDS
7550,2043241,2043382,141,CDS
7551,2042091,2043106,1015,CDS
7552,2041710,2042015,305,CDS
7553,2041393,2041497,104,CDS
7554,2041139,2041333,194,CDS
7555,2040776,2041078,302,CDS
7556,2040382,2040572,190,CDS
7557,2114126,2114297,171,CDS
7558,2105150,2106734,1584,CDS
7559,2104855,2105084,229,CDS
7560,2103428,2104792,1364,CDS
7561,2100565,2103363,2798,CDS
7562,2094926,2100484,5558,CDS
7563,2094573,2094860,287,CDS
7564,2094276,2094507,231,CDS
7565,2094008,2094179,171,CDS
7566,2093761,2093947,186,CDS
7567,2092621,2092969,348,CDS
7568,2091248,2092559,1311,CDS
7569,2091000,2091129,129,CDS
7570,2081689,2087184,5495,CDS
7571,2080164,2081390,1226,CDS
7572,2079736,2079803,67,CDS
7573,2079373,2079676,303,CDS
7574,2078963,2079037,74,CDS
7575,2062454,2069914,7460,CDS
7576,2062047,2062271,224,CDS
7577,2052655,2061531,8876,CDS
7578,2046858,2051996,5138,CDS
7579,2046594,2046635,41,CDS
7580,2046282,2046533,251,CDS
7581,2045196,2046164,968,CDS
7582,2043449,2045116,1667,CDS
7583,2043241,2043382,141,CDS
7584,2042091,2043106,1015,CDS
7585,2041710,2042015,305,CDS
7586,2041393,2041497,104,CDS
7587,2041139,2041333,194,CDS
7588,2040776,2041078,302,CDS
7589,2040382,2040572,190,CDS
7590,2114126,2114297,171,CDS
7591,2105150,2106734,1584,CDS
7592,2104855,2105084,229,CDS
7593,2103428,2104792,1364,CDS
7594,2100565,2103363,2798,CDS
7595,2094926,2100484,5558,CDS
7596,2094573,2094860,287,CDS
7597,2094276,2094507,231,CDS
7598,2094008,2094179,171,CDS
7599,2093761,2093947,186,CDS
7600,2092621,2092969,348,CDS
7601,2091248,2092559,1311,CDS
7602,2091000,2091129,129,CDS
7603,2081689,2087184,5495,CDS
7604,2080164,2081390,1226,CDS
7605,2079736,2079803,67,CDS
7606,2079373,2079676,303,CDS
7607,2078963,2079037,74,CDS
7608,2070072,2075684,5612,CDS
7609,2062454,2069914,7460,CDS
7610,2062047,2062271,224,CDS
7611,2052655,2061531,8876,CDS
7612,2046858,2051996,5138,CDS
7613,2046594,2046635,41,CDS
7614,2046282,2046533,251,CDS
7615,2045196,2046164,968,CDS
7616,2043449,2045116,1667,CDS
7617,2043241,2043382,141,CDS
7618,2042091,2043106,1015,CDS
7619,2041710,2042015,305,CDS
7620,2041393,2041497,104,CDS
7621,2041139,2041333,194,CDS
7622,2040776,2041078,302,CDS
7623,2040382,2040572,190,CDS
7624,2114126,2114297,171,CDS
7625,2105150,2106734,1584,CDS
7626,2104855,2105084,229,CDS
7627,2103428,2104792,1364,CDS
7628,2100565,2103363,2798,CDS
7629,2094926,2100484,5558,CDS
7630,2094573,2094860,287,CDS
7631,2094276,2094507,231,CDS
7632,2094008,2094179,171,CDS
7633,2093761,2093947,186,CDS
7634,2092621,2092969,348,CDS
7635,2091248,2092559,1311,CDS
7636,2091000,2091129,129,CDS
7637,2081689,2087184,5495,CDS
7638,2080164,2081390,1226,CDS
7639,2079736,2079803,67,CDS
7640,2079373,2079676,303,CDS
7641,2078963,2079037,74,CDS
7642,2078036,2078140,104,CDS
7643,2076902,2077962,1060,CDS
7644,2076630,2076690,60,CDS
7645,2076383,2076424,41,CDS
7646,2070072,2075684,5612,CDS
7647,2062047,2062271,224,CDS
7648,2052655,2061531,8876,CDS
7649,2046858,2051996,5138,CDS
7650,2046594,2046635,41,CDS
7651,2046282,2046533,251,CDS
7652,2045196,2046164,968,CDS
7653,2043449,2045116,1667,CDS
7654,2043241,2043382,141,CDS
7655,2042091,2043106,1015,CDS
7656,2041710,2042015,305,CDS
7657,2041393,2041497,104,CDS
7658,2041139,2041333,194,CDS
7659,2040776,2041078,302,CDS
7660,2040382,2040572,190,CDS
7661,2114126,2114297,171,CDS
7662,2105150,2106734,1584,CDS
7663,2104855,2105084,229,CDS
7664,2103428,2104792,1364,CDS
7665,2100565,2103363,2798,CDS
7666,2094926,2100484,5558,CDS
7667,2094573,2094860,287,CDS
7668,2094276,2094507,231,CDS
7669,2094008,2094179,171,CDS
7670,2093761,2093947,186,CDS
7671,2092621,2092969,348,CDS
7672,2091248,2092559,1311,CDS
7673,2091000,2091129,129,CDS
7674,2081689,2087184,5495,CDS
7675,2080164,2081390,1226,CDS
7676,2079736,2079803,67,CDS
7677,2079373,2079676,303,CDS
7678,2078963,2079037,74,CDS
7679,2078036,2078140,104,CDS
7680,2076902,2077962,1060,CDS
7681,2076630,2076690,60,CDS
7682,2076383,2076424,41,CDS
7683,2070072,2075684,5612,CDS
7684,2062454,2069914,7460,CDS
7685,2062047,2062271,224,CDS
7686,2046858,2051996,5138,CDS
7687,2046594,2046635,41,CDS
7688,2046282,2046533,251,CDS
7689,2045196,2046164,968,CDS
7690,2043449,2045116,1667,CDS
7691,2043241,2043382,141,CDS
7692,2042091,2043106,1015,CDS
7693,2041710,2042015,305,CDS
7694,2041393,2041497,104,CDS
7695,2041139,2041333,194,CDS
7696,2040776,2041078,302,CDS
7697,2040382,2040572,190,CDS
7698,2114126,2114297,171,CDS
7699,2105150,2106734,1584,CDS
7700,2104855,2105084,229,CDS
7701,2103428,2104792,1364,CDS
7702,2100565,2103363,2798,CDS
7703,2094926,2100484,5558,CDS
7704,2094573,2094860,287,CDS
7705,2094276,2094507,231,CDS
7706,2094008,2094179,171,CDS
7707,2093761,2093947,186,CDS
7708,2092621,2092969,348,CDS
7709,2091248,2092559,1311,CDS
7710,2091000,2091129,129,CDS
7711,2081689,2087184,5495,CDS
7712,2080164,2081390,1226,CDS
7713,2079736,2079803,67,CDS
7714,2079373,2079676,303,CDS
7715,2078963,2079037,74,CDS
7716,2078036,2078140,104,CDS
7717,2076902,2077962,1060,CDS
7718,2076630,2076690,60,CDS
7719,2076383,2076424,41,CDS
7720,2070072,2075684,5612,CDS
7721,2062454,2069914,7460,CDS
7722,2062047,2062271,224,CDS
7723,2052655,2061531,8876,CDS
7724,2046858,2051996,5138,CDS
7725,2046594,2046635,41,CDS
7726,2046282,2046533,251,CDS
7727,2043449,2045116,1667,CDS
7728,2043241,2043382,141,CDS
7729,2042091,2043106,1015,CDS
7730,2041710,2042015,305,CDS
7731,2041393,2041497,104,CDS
7732,2041139,2041333,194,CDS
7733,2040776,2041078,302,CDS
7734,2040382,2040572,190,CDS
7735,2114126,2114297,171,CDS
7736,2105150,2106734,1584,CDS
7737,2104855,2105084,229,CDS
7738,2103428,2104792,1364,CDS
7739,2100565,2103363,2798,CDS
7740,2094926,2100484,5558,CDS
7741,2094573,2094860,287,CDS
7742,2094276,2094507,231,CDS
7743,2094008,2094179,171,CDS
7744,2093761,2093947,186,CDS
7745,2092621,2092969,348,CDS
7746,2091248,2092559,1311,CDS
7747,2091000,2091129,129,CDS
7748,2081689,2087184,5495,CDS
7749,2080164,2081390,1226,CDS
7750,2079736,2079803,67,CDS
7751,2079373,2079676,303,CDS
7752,2078963,2079037,74,CDS
7753,2078036,2078140,104,CDS
7754,2076902,2077962,1060,CDS
7755,2076630,2076690,60,CDS
7756,2076383,2076424,41,CDS
7757,2070072,2075684,5612,CDS
7758,2062454,2069914,7460,CDS
7759,2062047,2062271,224,CDS
7760,2052655,2061531,8876,CDS
7761,2046858,2051996,5138,CDS
7762,2046594,2046635,41,CDS
7763,2046282,2046533,251,CDS
7764,2045196,2046164,968,CDS
7765,2043449,2045116,1667,CDS
7766,2043241,2043382,141,CDS
7767,2042091,2043106,1015,CDS
7768,2041710,2042015,305,CDS
7769,2041393,2041497,104,CDS
7770,2041139,2041333,194,CDS
7771,2040776,2041078,302,CDS
7772,2040382,2040572,190,CDS
7773,2114126,2114297,171,CDS
7774,2105150,2106734,1584,CDS
7775,2104855,2105084,229,CDS
7776,2103428,2104792,1364,CDS
7777,2100565,2103363,2798,CDS
7778,2094926,2100484,5558,CDS
7779,2094573,2094860,287,CDS
7780,2094276,2094507,231,CDS
7781,2094008,2094179,171,CDS
7782,2093761,2093947,186,CDS
7783,2092621,2092969,348,CDS
7784,2091248,2092559,1311,CDS
7785,2091000,2091129,129,CDS
7786,2081689,2087184,5495,CDS
7787,2080164,2081390,1226,CDS
7788,2079736,2079803,67,CDS
7789,2079373,2079676,303,CDS
7790,2079240,2079302,62,CDS
7791,2078963,2079037,74,CDS
7792,2078036,2078140,104,CDS
7793,2076902,2077962,1060,CDS
7794,2076630,2076690,60,CDS
7795,2076383,2076424,41,CDS
7796,2070072,2075684,5612,CDS
7797,2062454,2069914,7460,CDS
7798,2062047,2062271,224,CDS
7799,2052655,2061531,8876,CDS
7800,2046858,2051996,5138,CDS
7801,2046594,2046635,41,CDS
7802,2046282,2046533,251,CDS
7803,2045196,2046164,968,CDS
7804,2043449,2045116,1667,CDS
7805,2043241,2043382,141,CDS
7806,2042091,2043106,1015,CDS
7807,2041710,2042015,305,CDS
7808,2041566,2041586,20,CDS
7809,2041393,2041497,104,CDS
7810,2041139,2041333,194,CDS
7811,2040776,2041078,302,CDS
7812,2040382,2040572,190,CDS
7813,2088166,2089626,1460,gene
7814,2088166,2088298,132,ncRNA
7815,2089066,2089626,560,ncRNA
7816,2088253,2089626,1373,ncRNA
7817,2088253,2089139,886,ncRNA
7818,2089196,2089626,430,ncRNA
7819,2115400,2115611,211,mRNA
7820,2114126,2114466,340,mRNA
7821,2106868,2106912,44,mRNA
7822,2105150,2106734,1584,mRNA
7823,2104855,2105084,229,mRNA
7824,2103428,2104792,1364,mRNA
7825,2100565,2103363,2798,mRNA
7826,2094926,2100484,5558,mRNA
7827,2094573,2094860,287,mRNA
7828,2094276,2094507,231,mRNA
7829,2094008,2094179,171,mRNA
7830,2093761,2093947,186,mRNA
7831,2092621,2092969,348,mRNA
7832,2091248,2092559,1311,mRNA
7833,2088538,2091129,2591,mRNA
7834,2115400,2115611,211,mRNA
7835,2114126,2114466,340,mRNA
7836,2105150,2106734,1584,mRNA
7837,2104855,2105084,229,mRNA
7838,2103428,2104792,1364,mRNA
7839,2100565,2103363,2798,mRNA
7840,2094926,2100484,5558,mRNA
7841,2094573,2094860,287,mRNA
7842,2094276,2094507,231,mRNA
7843,2094008,2094179,171,mRNA
7844,2093761,2093947,186,mRNA
7845,2092621,2092969,348,mRNA
7846,2091248,2092559,1311,mRNA
7847,2090498,2091129,631,mRNA
7848,2114126,2114297,171,CDS
7849,2105150,2106734,1584,CDS
7850,2104855,2105084,229,CDS
7851,2103428,2104792,1364,CDS
7852,2100565,2103363,2798,CDS
7853,2094926,2100484,5558,CDS
7854,2094573,2094860,287,CDS
7855,2094276,2094507,231,CDS
7856,2094008,2094179,171,CDS
7857,2093761,2093947,186,CDS
7858,2092621,2092969,348,CDS
7859,2091248,2092559,1311,CDS
7860,2090989,2091129,140,CDS
7861,2114126,2114297,171,CDS
7862,2106868,2106912,44,CDS
7863,2105150,2106734,1584,CDS
7864,2104855,2105084,229,CDS
7865,2103428,2104792,1364,CDS
7866,2100565,2103363,2798,CDS
7867,2094926,2100484,5558,CDS
7868,2094573,2094860,287,CDS
7869,2094276,2094507,231,CDS
7870,2094008,2094179,171,CDS
7871,2093761,2093947,186,CDS
7872,2092621,2092969,348,CDS
7873,2091248,2092559,1311,CDS
7874,2090989,2091129,140,CDS
7875,2108306,2113451,5145,mobile_element
7876,2117466,2151700,34234,gene
7877,2151610,2151700,90,mRNA
7878,2149745,2150281,536,mRNA
7879,2141590,2141712,122,mRNA
7880,2140225,2141532,1307,mRNA
7881,2139601,2139942,341,mRNA
7882,2138294,2138470,176,mRNA
7883,2137327,2138082,755,mRNA
7884,2136895,2136966,71,mRNA
7885,2135863,2136057,194,mRNA
7886,2134325,2135750,1425,mRNA
7887,2134100,2134260,160,mRNA
7888,2130793,2132584,1791,mRNA
7889,2129580,2129786,206,mRNA
7890,2129054,2129229,175,mRNA
7891,2125239,2126670,1431,mRNA
7892,2118767,2119129,362,mRNA
7893,2117466,2117623,157,mRNA
7894,2149745,2150089,344,CDS
7895,2141590,2141712,122,CDS
7896,2140225,2141532,1307,CDS
7897,2139601,2139942,341,CDS
7898,2138294,2138470,176,CDS
7899,2137327,2138082,755,CDS
7900,2136895,2136966,71,CDS
7901,2135863,2136057,194,CDS
7902,2134325,2135750,1425,CDS
7903,2134100,2134260,160,CDS
7904,2130793,2132584,1791,CDS
7905,2129580,2129786,206,CDS
7906,2129054,2129229,175,CDS
7907,2125239,2126670,1431,CDS
7908,2118767,2119129,362,CDS
7909,2117616,2117623,7,CDS
7910,2118498,2119567,1069,gene
7911,2118498,2118721,223,ncRNA
7912,2118783,2119567,784,ncRNA
7913,2151610,2151700,90,mRNA
7914,2149745,2150281,536,mRNA
7915,2141590,2141712,122,mRNA
7916,2140225,2141532,1307,mRNA
7917,2139601,2139942,341,mRNA
7918,2138294,2138470,176,mRNA
7919,2137327,2138082,755,mRNA
7920,2135863,2136057,194,mRNA
7921,2134325,2135750,1425,mRNA
7922,2134100,2134260,160,mRNA
7923,2130793,2132584,1791,mRNA
7924,2129580,2129786,206,mRNA
7925,2129054,2129229,175,mRNA
7926,2125239,2126670,1431,mRNA
7927,2123597,2123679,82,mRNA
7928,2123300,2123480,180,mRNA
7929,2122619,2122960,341,mRNA
7930,2151610,2151700,90,mRNA
7931,2149745,2150281,536,mRNA
7932,2141590,2141712,122,mRNA
7933,2140225,2141532,1307,mRNA
7934,2139601,2139942,341,mRNA
7935,2138294,2138470,176,mRNA
7936,2137327,2138082,755,mRNA
7937,2135863,2136057,194,mRNA
7938,2134325,2135750,1425,mRNA
7939,2134100,2134260,160,mRNA
7940,2130793,2132584,1791,mRNA
7941,2129580,2129786,206,mRNA
7942,2129054,2129229,175,mRNA
7943,2125239,2126670,1431,mRNA
7944,2124182,2124613,431,mRNA
7945,2123597,2123679,82,mRNA
7946,2123300,2123480,180,mRNA
7947,2122619,2122960,341,mRNA
7948,2151610,2151700,90,mRNA
7949,2149745,2150281,536,mRNA
7950,2141590,2141712,122,mRNA
7951,2140225,2141532,1307,mRNA
7952,2139601,2139942,341,mRNA
7953,2138294,2138470,176,mRNA
7954,2137327,2138082,755,mRNA
7955,2135863,2136057,194,mRNA
7956,2134325,2135750,1425,mRNA
7957,2134100,2134260,160,mRNA
7958,2130793,2132584,1791,mRNA
7959,2129580,2129786,206,mRNA
7960,2129054,2129229,175,mRNA
7961,2127078,2128760,1682,mRNA
7962,2125239,2126670,1431,mRNA
7963,2124182,2124613,431,mRNA
7964,2123597,2123679,82,mRNA
7965,2123300,2123480,180,mRNA
7966,2122619,2122960,341,mRNA
7967,2151610,2151700,90,mRNA
7968,2149745,2150281,536,mRNA
7969,2141590,2141712,122,mRNA
7970,2140225,2141532,1307,mRNA
7971,2139601,2139942,341,mRNA
7972,2138294,2138470,176,mRNA
7973,2137327,2138082,755,mRNA
7974,2136895,2136966,71,mRNA
7975,2135863,2136057,194,mRNA
7976,2134325,2135750,1425,mRNA
7977,2134100,2134260,160,mRNA
7978,2130793,2132584,1791,mRNA
7979,2129580,2129786,206,mRNA
7980,2129054,2129229,175,mRNA
7981,2127078,2128760,1682,mRNA
7982,2125239,2126670,1431,mRNA
7983,2124182,2124613,431,mRNA
7984,2123597,2123679,82,mRNA
7985,2123300,2123480,180,mRNA
7986,2122619,2122960,341,mRNA
7987,2151610,2151700,90,mRNA
7988,2149745,2150281,536,mRNA
7989,2141590,2141712,122,mRNA
7990,2140225,2141532,1307,mRNA
7991,2140058,2140105,47,mRNA
7992,2139601,2139942,341,mRNA
7993,2138294,2138470,176,mRNA
7994,2137327,2138082,755,mRNA
7995,2136895,2136966,71,mRNA
7996,2135863,2136057,194,mRNA
7997,2134325,2135750,1425,mRNA
7998,2134100,2134260,160,mRNA
7999,2130793,2132584,1791,mRNA
8000,2129580,2129786,206,mRNA
8001,2129054,2129229,175,mRNA
8002,2127078,2128760,1682,mRNA
8003,2125239,2126670,1431,mRNA
8004,2123597,2123679,82,mRNA
8005,2123300,2123480,180,mRNA
8006,2122619,2122960,341,mRNA
8007,2149745,2150089,344,CDS
8008,2141590,2141712,122,CDS
8009,2140225,2141532,1307,CDS
8010,2139601,2139942,341,CDS
8011,2138294,2138470,176,CDS
8012,2137327,2138082,755,CDS
8013,2135863,2136057,194,CDS
8014,2134325,2135750,1425,CDS
8015,2134100,2134260,160,CDS
8016,2130793,2132584,1791,CDS
8017,2129580,2129786,206,CDS
8018,2129054,2129229,175,CDS
8019,2125239,2126670,1431,CDS
8020,2123597,2123679,82,CDS
8021,2123300,2123480,180,CDS
8022,2122857,2122960,103,CDS
8023,2149745,2150089,344,CDS
8024,2141590,2141712,122,CDS
8025,2140225,2141532,1307,CDS
8026,2139601,2139942,341,CDS
8027,2138294,2138470,176,CDS
8028,2137327,2138082,755,CDS
8029,2135863,2136057,194,CDS
8030,2134325,2135750,1425,CDS
8031,2134100,2134260,160,CDS
8032,2130793,2132584,1791,CDS
8033,2129580,2129786,206,CDS
8034,2129054,2129229,175,CDS
8035,2125239,2126670,1431,CDS
8036,2124182,2124613,431,CDS
8037,2123597,2123679,82,CDS
8038,2123300,2123480,180,CDS
8039,2122857,2122960,103,CDS
8040,2149745,2150089,344,CDS
8041,2141590,2141712,122,CDS
8042,2140225,2141532,1307,CDS
8043,2139601,2139942,341,CDS
8044,2138294,2138470,176,CDS
8045,2137327,2138082,755,CDS
8046,2135863,2136057,194,CDS
8047,2134325,2135750,1425,CDS
8048,2134100,2134260,160,CDS
8049,2130793,2132584,1791,CDS
8050,2129580,2129786,206,CDS
8051,2129054,2129229,175,CDS
8052,2127078,2128760,1682,CDS
8053,2125239,2126670,1431,CDS
8054,2124182,2124613,431,CDS
8055,2123597,2123679,82,CDS
8056,2123300,2123480,180,CDS
8057,2122857,2122960,103,CDS
8058,2149745,2150089,344,CDS
8059,2141590,2141712,122,CDS
8060,2140225,2141532,1307,CDS
8061,2139601,2139942,341,CDS
8062,2138294,2138470,176,CDS
8063,2137327,2138082,755,CDS
8064,2136895,2136966,71,CDS
8065,2135863,2136057,194,CDS
8066,2134325,2135750,1425,CDS
8067,2134100,2134260,160,CDS
8068,2130793,2132584,1791,CDS
8069,2129580,2129786,206,CDS
8070,2129054,2129229,175,CDS
8071,2127078,2128760,1682,CDS
8072,2125239,2126670,1431,CDS
8073,2124182,2124613,431,CDS
8074,2123597,2123679,82,CDS
8075,2123300,2123480,180,CDS
8076,2122857,2122960,103,CDS
8077,2149745,2150089,344,CDS
8078,2141590,2141712,122,CDS
8079,2140225,2141532,1307,CDS
8080,2140058,2140105,47,CDS
8081,2139601,2139942,341,CDS
8082,2138294,2138470,176,CDS
8083,2137327,2138082,755,CDS
8084,2136895,2136966,71,CDS
8085,2135863,2136057,194,CDS
8086,2134325,2135750,1425,CDS
8087,2134100,2134260,160,CDS
8088,2130793,2132584,1791,CDS
8089,2129580,2129786,206,CDS
8090,2129054,2129229,175,CDS
8091,2127078,2128760,1682,CDS
8092,2125239,2126670,1431,CDS
8093,2123597,2123679,82,CDS
8094,2123300,2123480,180,CDS
8095,2122857,2122960,103,CDS
8096,2153201,2163863,10662,gene
8097,2163740,2163863,123,mRNA
8098,2161631,2161882,251,mRNA
8099,2160623,2160818,195,mRNA
8100,2160337,2160450,113,mRNA
8101,2160105,2160279,174,mRNA
8102,2158247,2158996,749,mRNA
8103,2157374,2157738,364,mRNA
8104,2156634,2157142,508,mRNA
8105,2154479,2154782,303,mRNA
8106,2153201,2154407,1206,mRNA
8107,2163740,2163863,123,mRNA
8108,2161631,2161929,298,mRNA
8109,2160623,2160818,195,mRNA
8110,2160337,2160450,113,mRNA
8111,2160105,2160279,174,mRNA
8112,2158247,2158996,749,mRNA
8113,2157374,2157738,364,mRNA
8114,2156634,2157142,508,mRNA
8115,2154479,2154782,303,mRNA
8116,2153201,2154407,1206,mRNA
8117,2163740,2163863,123,mRNA
8118,2161631,2161929,298,mRNA
8119,2160623,2160818,195,mRNA
8120,2160337,2160450,113,mRNA
8121,2160105,2160279,174,mRNA
8122,2158247,2158996,749,mRNA
8123,2157374,2157738,364,mRNA
8124,2156634,2157142,508,mRNA
8125,2154479,2155403,924,mRNA
8126,2153201,2154407,1206,mRNA
8127,2163691,2163863,172,mRNA
8128,2161631,2161929,298,mRNA
8129,2160623,2160818,195,mRNA
8130,2160337,2160450,113,mRNA
8131,2160105,2160279,174,mRNA
8132,2158247,2158996,749,mRNA
8133,2157374,2157738,364,mRNA
8134,2156634,2157142,508,mRNA
8135,2154479,2154782,303,mRNA
8136,2153201,2154407,1206,mRNA
8137,2161631,2161797,166,CDS
8138,2160623,2160818,195,CDS
8139,2160337,2160450,113,CDS
8140,2160105,2160279,174,CDS
8141,2158247,2158996,749,CDS
8142,2157374,2157738,364,CDS
8143,2156634,2157142,508,CDS
8144,2154479,2154782,303,CDS
8145,2153805,2154407,602,CDS
8146,2161631,2161797,166,CDS
8147,2160623,2160818,195,CDS
8148,2160337,2160450,113,CDS
8149,2160105,2160279,174,CDS
8150,2158247,2158996,749,CDS
8151,2157374,2157738,364,CDS
8152,2156634,2157142,508,CDS
8153,2154479,2154782,303,CDS
8154,2153805,2154407,602,CDS
8155,2161631,2161797,166,CDS
8156,2160623,2160818,195,CDS
8157,2160337,2160450,113,CDS
8158,2160105,2160279,174,CDS
8159,2158247,2158996,749,CDS
8160,2157374,2157738,364,CDS
8161,2156634,2157142,508,CDS
8162,2154479,2154782,303,CDS
8163,2153805,2154407,602,CDS
8164,2161631,2161797,166,CDS
8165,2160623,2160818,195,CDS
8166,2160337,2160450,113,CDS
8167,2160105,2160279,174,CDS
8168,2158247,2158996,749,CDS
8169,2157374,2157738,364,CDS
8170,2156634,2157142,508,CDS
8171,2154479,2155403,924,CDS
8172,2153805,2154407,602,CDS
8173,2167550,2169108,1558,gene
8174,2168955,2169108,153,mRNA
8175,2167550,2168784,1234,mRNA
8176,2168955,2168969,14,CDS
8177,2167771,2168784,1013,CDS
8178,2169553,2170971,1418,gene
8179,2170823,2170971,148,mRNA
8180,2169553,2170692,1139,mRNA
8181,2170823,2170971,148,mRNA
8182,2169622,2170692,1070,mRNA
8183,2170823,2170846,23,CDS
8184,2169709,2170692,983,CDS
8185,2170823,2170846,23,CDS
8186,2169709,2170692,983,CDS
8187,2171644,2172773,1129,gene
8188,2171644,2172121,477,exon
8189,2172175,2172690,515,exon
8190,2172747,2172773,26,exon
8191,2172995,2174332,1337,gene
8192,2174137,2174332,195,mRNA
8193,2172995,2173981,986,mRNA
8194,2174137,2174142,5,CDS
8195,2173061,2173981,920,CDS
8196,2185930,2187676,1746,gene
8197,2185930,2186054,124,mRNA
8198,2186123,2186368,245,mRNA
8199,2186496,2187676,1180,mRNA
8200,2185982,2186054,72,CDS
8201,2186123,2186368,245,CDS
8202,2186496,2187649,1153,CDS
8203,2189160,2192221,3061,gene
8204,2191940,2192221,281,mRNA
8205,2189160,2190410,1250,mRNA
8206,2191940,2192221,281,mRNA
8207,2191142,2191322,180,mRNA
8208,2189160,2190410,1250,mRNA
8209,2191679,2191723,44,mRNA
8210,2191142,2191322,180,mRNA
8211,2189160,2190410,1250,mRNA
8212,2191940,2191990,50,CDS
8213,2189388,2190410,1022,CDS
8214,2191142,2191204,62,CDS
8215,2189388,2190410,1022,CDS
8216,2191142,2191204,62,CDS
8217,2189388,2190410,1022,CDS
8218,2197013,2198089,1076,gene
8219,2197013,2197395,382,mRNA
8220,2197457,2198089,632,mRNA
8221,2197431,2198089,658,mRNA
8222,2197540,2197884,344,CDS
8223,2197597,2197884,287,CDS
8224,2210873,2212503,1630,gene
8225,2210873,2212503,1630,mRNA
8226,2211048,2212388,1340,CDS
8227,2229646,2235253,5607,gene
8228,2229646,2229684,38,mRNA
8229,2229862,2230207,345,mRNA
8230,2230262,2230548,286,mRNA
8231,2230604,2231647,1043,mRNA
8232,2231705,2235253,3548,mRNA
8233,2229646,2229684,38,CDS
8234,2229862,2230207,345,CDS
8235,2230262,2230548,286,CDS
8236,2230604,2231647,1043,CDS
8237,2231705,2235253,3548,CDS
8238,2235284,2237076,1792,gene
8239,2236801,2237076,275,mRNA
8240,2236050,2236729,679,mRNA
8241,2235829,2235972,143,mRNA
8242,2235284,2235578,294,mRNA
8243,2236801,2236951,150,CDS
8244,2236050,2236729,679,CDS
8245,2235829,2235972,143,CDS
8246,2235426,2235578,152,CDS
8247,2236801,2237076,275,mRNA
8248,2236050,2236729,679,mRNA
8249,2235646,2235972,326,mRNA
8250,2236801,2236951,150,CDS
8251,2236050,2236729,679,CDS
8252,2235778,2235972,194,CDS
8253,2237608,2243719,6111,gene
8254,2237608,2238013,405,mRNA
8255,2238308,2238550,242,mRNA
8256,2239093,2239916,823,mRNA
8257,2239979,2240260,281,mRNA
8258,2240759,2241044,285,mRNA
8259,2241104,2241285,181,mRNA
8260,2241348,2241563,215,mRNA
8261,2241619,2241943,324,mRNA
8262,2242005,2242273,268,mRNA
8263,2242335,2242429,94,mRNA
8264,2242484,2242635,151,mRNA
8265,2242882,2243719,837,mRNA
8266,2237608,2238013,405,mRNA
8267,2238308,2238550,242,mRNA
8268,2239093,2239916,823,mRNA
8269,2239979,2240260,281,mRNA
8270,2240759,2241044,285,mRNA
8271,2241110,2241285,175,mRNA
8272,2241348,2241563,215,mRNA
8273,2241619,2241943,324,mRNA
8274,2242005,2242273,268,mRNA
8275,2242335,2242429,94,mRNA
8276,2242484,2242635,151,mRNA
8277,2242882,2243719,837,mRNA
8278,2238428,2238550,122,CDS
8279,2239093,2239916,823,CDS
8280,2239979,2240260,281,CDS
8281,2240759,2241044,285,CDS
8282,2241110,2241285,175,CDS
8283,2241348,2241563,215,CDS
8284,2241619,2241943,324,CDS
8285,2242005,2242273,268,CDS
8286,2242335,2242429,94,CDS
8287,2242484,2242635,151,CDS
8288,2242882,2243622,740,CDS
8289,2238428,2238550,122,CDS
8290,2239093,2239916,823,CDS
8291,2239979,2240260,281,CDS
8292,2240759,2241044,285,CDS
8293,2241104,2241109,5,CDS
8294,2244478,2248614,4136,gene
8295,2244478,2244806,328,mRNA
8296,2244863,2245013,150,mRNA
8297,2245073,2245410,337,mRNA
8298,2245462,2245592,130,mRNA
8299,2245646,2246587,941,mRNA
8300,2246654,2246900,246,mRNA
8301,2246954,2247043,89,mRNA
8302,2247105,2247373,268,mRNA
8303,2247429,2247832,403,mRNA
8304,2247890,2248093,203,mRNA
8305,2248146,2248614,468,mRNA
8306,2244478,2244610,132,mRNA
8307,2244666,2244806,140,mRNA
8308,2244863,2245013,150,mRNA
8309,2245073,2245410,337,mRNA
8310,2245462,2245592,130,mRNA
8311,2245646,2246587,941,mRNA
8312,2246654,2246900,246,mRNA
8313,2246954,2247043,89,mRNA
8314,2247105,2247373,268,mRNA
8315,2247429,2247832,403,mRNA
8316,2247890,2248093,203,mRNA
8317,2248146,2248614,468,mRNA
8318,2244478,2244610,132,mRNA
8319,2244666,2244806,140,mRNA
8320,2244863,2245013,150,mRNA
8321,2245073,2245410,337,mRNA
8322,2245462,2245592,130,mRNA
8323,2245646,2246587,941,mRNA
8324,2246654,2246900,246,mRNA
8325,2246970,2247043,73,mRNA
8326,2247105,2247373,268,mRNA
8327,2247429,2247832,403,mRNA
8328,2247890,2248093,203,mRNA
8329,2248146,2248614,468,mRNA
8330,2244530,2244610,80,CDS
8331,2244666,2244806,140,CDS
8332,2244863,2245013,150,CDS
8333,2245073,2245410,337,CDS
8334,2245462,2245592,130,CDS
8335,2245646,2246587,941,CDS
8336,2246654,2246900,246,CDS
8337,2246954,2247043,89,CDS
8338,2247105,2247373,268,CDS
8339,2247429,2247832,403,CDS
8340,2247890,2248093,203,CDS
8341,2248146,2248483,337,CDS
8342,2244530,2244610,80,CDS
8343,2244666,2244806,140,CDS
8344,2244863,2245013,150,CDS
8345,2245073,2245410,337,CDS
8346,2245462,2245592,130,CDS
8347,2245646,2246587,941,CDS
8348,2246654,2246900,246,CDS
8349,2246970,2246993,23,CDS
8350,2244768,2244806,38,CDS
8351,2244863,2245013,150,CDS
8352,2245073,2245410,337,CDS
8353,2245462,2245592,130,CDS
8354,2245646,2246587,941,CDS
8355,2246654,2246900,246,CDS
8356,2246954,2247043,89,CDS
8357,2247105,2247373,268,CDS
8358,2247429,2247832,403,CDS
8359,2247890,2248093,203,CDS
8360,2248146,2248483,337,CDS
8361,2248635,2252729,4094,gene
8362,2248635,2248724,89,mRNA
8363,2248782,2248922,140,mRNA
8364,2248974,2249118,144,mRNA
8365,2249174,2249523,349,mRNA
8366,2249590,2249723,133,mRNA
8367,2249775,2250710,935,mRNA
8368,2250769,2251015,246,mRNA
8369,2251068,2251157,89,mRNA
8370,2251211,2251479,268,mRNA
8371,2251530,2251939,409,mRNA
8372,2251996,2252196,200,mRNA
8373,2252248,2252729,481,mRNA
8374,2248635,2248724,89,CDS
8375,2248782,2248922,140,CDS
8376,2248974,2249118,144,CDS
8377,2249174,2249523,349,CDS
8378,2249590,2249723,133,CDS
8379,2249775,2250710,935,CDS
8380,2250769,2251015,246,CDS
8381,2251068,2251157,89,CDS
8382,2251211,2251479,268,CDS
8383,2251530,2251939,409,CDS
8384,2251996,2252196,200,CDS
8385,2252248,2252729,481,CDS
8386,2252744,2257423,4679,gene
8387,2257112,2257423,311,mRNA
8388,2253777,2253986,209,mRNA
8389,2253329,2253692,363,mRNA
8390,2252744,2253271,527,mRNA
8391,2257112,2257423,311,mRNA
8392,2255539,2255822,283,mRNA
8393,2253777,2253986,209,mRNA
8394,2253329,2253692,363,mRNA
8395,2252744,2253271,527,mRNA
8396,2255539,2256010,471,mRNA
8397,2253777,2253986,209,mRNA
8398,2253329,2253692,363,mRNA
8399,2252744,2253271,527,mRNA
8400,2256606,2256812,206,mRNA
8401,2253777,2253986,209,mRNA
8402,2253329,2253692,363,mRNA
8403,2252753,2253271,518,mRNA
8404,2256606,2256621,15,CDS
8405,2253777,2253986,209,CDS
8406,2253329,2253692,363,CDS
8407,2253097,2253271,174,CDS
8408,2255539,2255812,273,CDS
8409,2253777,2253986,209,CDS
8410,2253329,2253692,363,CDS
8411,2253097,2253271,174,CDS
8412,2255539,2255812,273,CDS
8413,2253777,2253986,209,CDS
8414,2253329,2253692,363,CDS
8415,2253097,2253271,174,CDS
8416,2253777,2253969,192,CDS
8417,2253329,2253692,363,CDS
8418,2253097,2253271,174,CDS
8419,2257456,2258922,1466,gene
8420,2257456,2257531,75,mRNA
8421,2257584,2257802,218,mRNA
8422,2257872,2258517,645,mRNA
8423,2258580,2258922,342,mRNA
8424,2257643,2257802,159,mRNA
8425,2257872,2258517,645,mRNA
8426,2258580,2258922,342,mRNA
8427,2257754,2257802,48,CDS
8428,2257872,2258517,645,CDS
8429,2258580,2258673,93,CDS
8430,2257754,2257802,48,CDS
8431,2257872,2258517,645,CDS
8432,2258580,2258673,93,CDS
8433,2258839,2262664,3825,gene
8434,2261715,2262664,949,mRNA
8435,2261453,2261613,160,mRNA
8436,2258839,2261107,2268,mRNA
8437,2261715,2262405,690,CDS
8438,2261453,2261613,160,CDS
8439,2259329,2261107,1778,CDS
8440,2262919,2263615,696,gene
8441,2262919,2263294,375,mRNA
8442,2263356,2263615,259,mRNA
8443,2262973,2263294,321,CDS
8444,2263356,2263546,190,CDS
8445,2263581,2265857,2276,gene
8446,2265496,2265857,361,mRNA
8447,2263581,2265422,1841,mRNA
8448,2265496,2265775,279,CDS
8449,2263648,2265422,1774,CDS
8450,2266394,2267640,1246,gene
8451,2266394,2266531,137,mRNA
8452,2266604,2267640,1036,mRNA
8453,2266502,2266531,29,CDS
8454,2266604,2267467,863,CDS
8455,2267722,2268560,838,gene
8456,2267722,2268560,838,ncRNA
8457,2267858,2268590,732,gene
8458,2267858,2268590,732,mRNA
8459,2267870,2268529,659,CDS
8460,2268825,2269903,1078,gene
8461,2268825,2269903,1078,mRNA
8462,2268840,2269781,941,CDS
8463,2269881,2272769,2888,gene
8464,2272251,2272769,518,mRNA
8465,2270943,2271139,196,mRNA
8466,2269881,2270508,627,mRNA
8467,2272251,2272691,440,CDS
8468,2270943,2271139,196,CDS
8469,2269965,2270508,543,CDS
8470,2273744,2273815,71,gene
8471,2273744,2273815,71,tRNA
8472,2276550,2278038,1488,gene
8473,2276550,2277450,900,mRNA
8474,2277509,2278038,529,mRNA
8475,2276598,2277450,852,CDS
8476,2277509,2277804,295,CDS
8477,2282883,2300944,18061,gene
8478,2282883,2283248,365,mRNA
8479,2297475,2297723,248,mRNA
8480,2298153,2299273,1120,mRNA
8481,2299763,2300944,1181,mRNA
8482,2282883,2283248,365,mRNA
8483,2297475,2297723,248,mRNA
8484,2298153,2299273,1120,mRNA
8485,2299763,2300944,1181,mRNA
8486,2282997,2283036,39,mRNA
8487,2297475,2297723,248,mRNA
8488,2298153,2299273,1120,mRNA
8489,2299763,2300944,1181,mRNA
8490,2297662,2297723,61,CDS
8491,2298153,2299273,1120,CDS
8492,2299763,2300523,760,CDS
8493,2297662,2297723,61,CDS
8494,2298153,2299273,1120,CDS
8495,2299763,2300046,283,CDS
8496,2297662,2297723,61,CDS
8497,2298153,2299273,1120,CDS
8498,2299763,2300046,283,CDS
8499,2317131,2317600,469,gene
8500,2317131,2317600,469,ncRNA
8501,2319386,2319919,533,gene
8502,2319386,2319919,533,ncRNA
8503,2322693,2345799,23106,gene
8504,2322693,2322748,55,mRNA
8505,2323300,2323495,195,mRNA
8506,2338749,2338989,240,mRNA
8507,2342648,2343750,1102,mRNA
8508,2343852,2345799,1947,mRNA
8509,2322693,2322748,55,mRNA
8510,2323300,2323495,195,mRNA
8511,2338749,2338989,240,mRNA
8512,2342648,2343750,1102,mRNA
8513,2343852,2345799,1947,mRNA
8514,2338922,2338989,67,CDS
8515,2342648,2343750,1102,CDS
8516,2343852,2344351,499,CDS
8517,2338922,2338989,67,CDS
8518,2342648,2343750,1102,CDS
8519,2343852,2344117,265,CDS
8520,2360557,2362686,2129,gene
8521,2360557,2362686,2129,mRNA
8522,2360566,2362638,2072,CDS
8523,2367843,2371939,4096,gene
8524,2370106,2371939,1833,mRNA
8525,2368630,2370048,1418,mRNA
8526,2367843,2368425,582,mRNA
8527,2370106,2371939,1833,mRNA
8528,2368630,2370048,1418,mRNA
8529,2368014,2368425,411,mRNA
8530,2370106,2371939,1833,mRNA
8531,2368014,2370048,2034,mRNA
8532,2370106,2371662,1556,CDS
8533,2368639,2370048,1409,CDS
8534,2370106,2371662,1556,CDS
8535,2368639,2370048,1409,CDS
8536,2370106,2371662,1556,CDS
8537,2368639,2370048,1409,CDS
8538,2372199,2372876,677,gene
8539,2372199,2372463,264,mRNA
8540,2372526,2372876,350,mRNA
8541,2372282,2372463,181,CDS
8542,2372526,2372772,246,CDS
8543,2372844,2373704,860,gene
8544,2373685,2373704,19,mRNA
8545,2373129,2373444,315,mRNA
8546,2372844,2373067,223,mRNA
8547,2373628,2373678,50,mRNA
8548,2373129,2373444,315,mRNA
8549,2372844,2373067,223,mRNA
8550,2373597,2373678,81,mRNA
8551,2373129,2373444,315,mRNA
8552,2372844,2373067,223,mRNA
8553,2373129,2373501,372,mRNA
8554,2372844,2373067,223,mRNA
8555,2373129,2373422,293,CDS
8556,2372909,2373067,158,CDS
8557,2373129,2373422,293,CDS
8558,2372909,2373067,158,CDS
8559,2373129,2373422,293,CDS
8560,2372909,2373067,158,CDS
8561,2373129,2373422,293,CDS
8562,2372909,2373067,158,CDS
8563,2373728,2376488,2760,gene
8564,2373728,2374675,947,mRNA
8565,2374729,2376488,1759,mRNA
8566,2373796,2374675,879,CDS
8567,2374729,2376413,1684,CDS
8568,2376484,2377556,1072,gene
8569,2377276,2377556,280,mRNA
8570,2376484,2377220,736,mRNA
8571,2377276,2377432,156,CDS
8572,2376544,2377220,676,CDS
8573,2377655,2499226,121571,gene
8574,2377655,2377931,276,mRNA
8575,2434626,2436228,1602,mRNA
8576,2439499,2439830,331,mRNA
8577,2442436,2442960,524,mRNA
8578,2443390,2443838,448,mRNA
8579,2443988,2444087,99,mRNA
8580,2444499,2446101,1602,mRNA
8581,2459591,2460153,562,mRNA
8582,2461146,2461268,122,mRNA
8583,2463057,2464849,1792,mRNA
8584,2378827,2379443,616,mRNA
8585,2402555,2406599,4044,mRNA
8586,2434626,2436228,1602,mRNA
8587,2439499,2439830,331,mRNA
8588,2444499,2446101,1602,mRNA
8589,2459591,2460153,562,mRNA
8590,2461146,2461268,122,mRNA
8591,2463057,2464849,1792,mRNA
8592,2378827,2379443,616,mRNA
8593,2402555,2409103,6548,mRNA
8594,2387992,2388781,789,mRNA
8595,2402555,2406599,4044,mRNA
8596,2434626,2436228,1602,mRNA
8597,2439499,2439830,331,mRNA
8598,2442436,2442960,524,mRNA
8599,2443390,2443838,448,mRNA
8600,2443988,2444087,99,mRNA
8601,2444499,2446101,1602,mRNA
8602,2459591,2460153,562,mRNA
8603,2461146,2461268,122,mRNA
8604,2465103,2465577,474,mRNA
8605,2484564,2484837,273,mRNA
8606,2485073,2485228,155,mRNA
8607,2495011,2495152,141,mRNA
8608,2495219,2495729,510,mRNA
8609,2495801,2495958,157,mRNA
8610,2496018,2498036,2018,mRNA
8611,2498099,2498346,247,mRNA
8612,2498406,2499226,820,mRNA
8613,2387992,2388781,789,mRNA
8614,2402555,2406599,4044,mRNA
8615,2434626,2436228,1602,mRNA
8616,2439499,2439830,331,mRNA
8617,2443390,2443838,448,mRNA
8618,2443988,2444087,99,mRNA
8619,2444499,2446101,1602,mRNA
8620,2459591,2460153,562,mRNA
8621,2461146,2461268,122,mRNA
8622,2463057,2464849,1792,mRNA
8623,2387992,2388781,789,mRNA
8624,2402555,2409103,6548,mRNA
8625,2388767,2388781,14,CDS
8626,2402555,2406599,4044,CDS
8627,2434626,2436228,1602,CDS
8628,2439499,2439830,331,CDS
8629,2442436,2442960,524,CDS
8630,2443390,2443838,448,CDS
8631,2443988,2444087,99,CDS
8632,2444499,2446101,1602,CDS
8633,2459591,2460153,562,CDS
8634,2461146,2461268,122,CDS
8635,2465103,2465577,474,CDS
8636,2484564,2484837,273,CDS
8637,2485073,2485228,155,CDS
8638,2495011,2495152,141,CDS
8639,2495219,2495729,510,CDS
8640,2495801,2495958,157,CDS
8641,2496018,2498036,2018,CDS
8642,2498099,2498346,247,CDS
8643,2498406,2498645,239,CDS
8644,2388767,2388781,14,CDS
8645,2402555,2406599,4044,CDS
8646,2434626,2436228,1602,CDS
8647,2439499,2439830,331,CDS
8648,2443390,2443838,448,CDS
8649,2443988,2444087,99,CDS
8650,2444499,2446101,1602,CDS
8651,2459591,2460153,562,CDS
8652,2461146,2461268,122,CDS
8653,2463057,2464303,1246,CDS
8654,2388767,2388781,14,CDS
8655,2402555,2408341,5786,CDS
8656,2389265,2389650,385,gene
8657,2389265,2389650,385,mRNA
8658,2389336,2389584,248,CDS
8659,2389583,2390989,1406,gene
8660,2389583,2390989,1406,gene
8661,2390483,2390989,506,mRNA
8662,2390269,2390423,154,mRNA
8663,2389901,2390185,284,mRNA
8664,2389583,2389840,257,mRNA
8665,2390483,2390989,506,mRNA
8666,2390269,2390423,154,mRNA
8667,2389901,2390185,284,mRNA
8668,2389583,2389840,257,mRNA
8669,2389901,2390234,333,mRNA
8670,2389583,2389840,257,mRNA
8671,2389901,2390185,284,CDS
8672,2389721,2389840,119,CDS
8673,2389901,2390185,284,CDS
8674,2389721,2389840,119,CDS
8675,2390483,2390935,452,CDS
8676,2390274,2390423,149,CDS
8677,2400509,2400616,107,mRNA
8678,2402555,2406599,4044,mRNA
8679,2434626,2436228,1602,mRNA
8680,2439499,2439830,331,mRNA
8681,2442436,2442960,524,mRNA
8682,2443390,2443838,448,mRNA
8683,2443988,2444087,99,mRNA
8684,2444499,2446101,1602,mRNA
8685,2459591,2460153,562,mRNA
8686,2461146,2461268,122,mRNA
8687,2463057,2464849,1792,mRNA
8688,2400509,2400616,107,mRNA
8689,2402555,2409103,6548,mRNA
8690,2402723,2406599,3876,CDS
8691,2434626,2436228,1602,CDS
8692,2439499,2439830,331,CDS
8693,2442436,2442960,524,CDS
8694,2443390,2443838,448,CDS
8695,2443988,2444087,99,CDS
8696,2444499,2446101,1602,CDS
8697,2459591,2460153,562,CDS
8698,2461146,2461268,122,CDS
8699,2463057,2464303,1246,CDS
8700,2402723,2406599,3876,CDS
8701,2434626,2436228,1602,CDS
8702,2439499,2439830,331,CDS
8703,2444499,2446101,1602,CDS
8704,2459591,2460153,562,CDS
8705,2461146,2461268,122,CDS
8706,2463057,2464303,1246,CDS
8707,2402723,2408341,5618,CDS
8708,2402723,2408341,5618,CDS
8709,2412088,2412303,215,mRNA
8710,2434626,2436228,1602,mRNA
8711,2439499,2439830,331,mRNA
8712,2442436,2442960,524,mRNA
8713,2443390,2443838,448,mRNA
8714,2443988,2444087,99,mRNA
8715,2444499,2446101,1602,mRNA
8716,2459591,2460153,562,mRNA
8717,2461146,2461268,122,mRNA
8718,2463057,2464849,1792,mRNA
8719,2413882,2414111,229,mRNA
8720,2415391,2415464,73,mRNA
8721,2434626,2436228,1602,mRNA
8722,2439499,2439830,331,mRNA
8723,2443390,2443838,448,mRNA
8724,2443988,2444087,99,mRNA
8725,2444499,2446101,1602,mRNA
8726,2459591,2460153,562,mRNA
8727,2461146,2461268,122,mRNA
8728,2465103,2466353,1250,mRNA
8729,2413882,2414111,229,mRNA
8730,2415391,2415464,73,mRNA
8731,2434626,2435132,506,mRNA
8732,2439499,2439830,331,mRNA
8733,2443390,2443838,448,mRNA
8734,2443988,2444087,99,mRNA
8735,2444499,2446101,1602,mRNA
8736,2459591,2460153,562,mRNA
8737,2461146,2461268,122,mRNA
8738,2463057,2464849,1792,mRNA
8739,2413882,2414111,229,mRNA
8740,2434626,2436228,1602,mRNA
8741,2439499,2439830,331,mRNA
8742,2442436,2442960,524,mRNA
8743,2443390,2443838,448,mRNA
8744,2443988,2444087,99,mRNA
8745,2444499,2446101,1602,mRNA
8746,2459591,2460153,562,mRNA
8747,2461146,2461268,122,mRNA
8748,2463057,2464849,1792,mRNA
8749,2413882,2414111,229,mRNA
8750,2415391,2415464,73,mRNA
8751,2434626,2436228,1602,mRNA
8752,2439499,2439830,331,mRNA
8753,2443390,2443838,448,mRNA
8754,2443988,2444087,99,mRNA
8755,2444499,2446101,1602,mRNA
8756,2459591,2460153,562,mRNA
8757,2461146,2461268,122,mRNA
8758,2463057,2464558,1501,mRNA
8759,2417955,2418335,380,mRNA
8760,2434626,2436228,1602,mRNA
8761,2439499,2439830,331,mRNA
8762,2442436,2442960,524,mRNA
8763,2443390,2443838,448,mRNA
8764,2443988,2444087,99,mRNA
8765,2444499,2446101,1602,mRNA
8766,2459591,2460153,562,mRNA
8767,2461146,2461268,122,mRNA
8768,2465103,2466353,1250,mRNA
8769,2417955,2418335,380,mRNA
8770,2434626,2436228,1602,mRNA
8771,2439499,2439830,331,mRNA
8772,2442436,2442960,524,mRNA
8773,2443390,2443838,448,mRNA
8774,2443988,2444087,99,mRNA
8775,2444499,2446101,1602,mRNA
8776,2459591,2460153,562,mRNA
8777,2461146,2461268,122,mRNA
8778,2463057,2464849,1792,mRNA
8779,2417955,2418335,380,mRNA
8780,2434626,2436228,1602,mRNA
8781,2439499,2439830,331,mRNA
8782,2443390,2443838,448,mRNA
8783,2443988,2444087,99,mRNA
8784,2444499,2446101,1602,mRNA
8785,2459591,2460153,562,mRNA
8786,2461146,2461268,122,mRNA
8787,2463057,2464849,1792,mRNA
8788,2417955,2418335,380,mRNA
8789,2434626,2436228,1602,mRNA
8790,2439499,2439830,331,mRNA
8791,2444499,2446101,1602,mRNA
8792,2459591,2460153,562,mRNA
8793,2461146,2461268,122,mRNA
8794,2463057,2464849,1792,mRNA
8795,2428910,2429429,519,mRNA
8796,2434626,2436228,1602,mRNA
8797,2439499,2439830,331,mRNA
8798,2443390,2443838,448,mRNA
8799,2443988,2444087,99,mRNA
8800,2444499,2446101,1602,mRNA
8801,2459591,2460153,562,mRNA
8802,2461146,2461268,122,mRNA
8803,2465103,2465577,474,mRNA
8804,2484564,2484837,273,mRNA
8805,2485073,2485228,155,mRNA
8806,2495011,2495152,141,mRNA
8807,2495219,2495729,510,mRNA
8808,2495801,2495958,157,mRNA
8809,2496018,2498036,2018,mRNA
8810,2498099,2498346,247,mRNA
8811,2498406,2499226,820,mRNA
8812,2428910,2429429,519,mRNA
8813,2434626,2436228,1602,mRNA
8814,2439499,2439830,331,mRNA
8815,2442436,2442960,524,mRNA
8816,2443390,2443838,448,mRNA
8817,2443988,2444087,99,mRNA
8818,2444499,2446101,1602,mRNA
8819,2459591,2460153,562,mRNA
8820,2461146,2461268,122,mRNA
8821,2465103,2466353,1250,mRNA
8822,2428910,2429429,519,mRNA
8823,2434626,2436228,1602,mRNA
8824,2439499,2439830,331,mRNA
8825,2442439,2442960,521,mRNA
8826,2443390,2443838,448,mRNA
8827,2443988,2444087,99,mRNA
8828,2444499,2446101,1602,mRNA
8829,2459591,2460153,562,mRNA
8830,2461146,2461268,122,mRNA
8831,2465103,2465577,474,mRNA
8832,2465970,2466353,383,mRNA
8833,2428910,2429429,519,mRNA
8834,2434626,2436228,1602,mRNA
8835,2439499,2439830,331,mRNA
8836,2442436,2442960,524,mRNA
8837,2443390,2443838,448,mRNA
8838,2443988,2444087,99,mRNA
8839,2444499,2446101,1602,mRNA
8840,2459591,2460153,562,mRNA
8841,2461146,2461268,122,mRNA
8842,2463057,2464849,1792,mRNA
8843,2429303,2429429,126,CDS
8844,2434626,2436228,1602,CDS
8845,2439499,2439830,331,CDS
8846,2443390,2443838,448,CDS
8847,2443988,2444087,99,CDS
8848,2444499,2446101,1602,CDS
8849,2459591,2460153,562,CDS
8850,2461146,2461268,122,CDS
8851,2465103,2465577,474,CDS
8852,2484564,2484837,273,CDS
8853,2485073,2485228,155,CDS
8854,2495011,2495152,141,CDS
8855,2495219,2495729,510,CDS
8856,2495801,2495958,157,CDS
8857,2496018,2498036,2018,CDS
8858,2498099,2498346,247,CDS
8859,2498406,2498645,239,CDS
8860,2429303,2429429,126,CDS
8861,2434626,2436228,1602,CDS
8862,2439499,2439830,331,CDS
8863,2442439,2442960,521,CDS
8864,2443390,2443838,448,CDS
8865,2443988,2444087,99,CDS
8866,2444499,2446101,1602,CDS
8867,2459591,2460153,562,CDS
8868,2461146,2461268,122,CDS
8869,2465103,2465577,474,CDS
8870,2465970,2466159,189,CDS
8871,2429303,2429429,126,CDS
8872,2434626,2436228,1602,CDS
8873,2439499,2439830,331,CDS
8874,2442436,2442960,524,CDS
8875,2443390,2443838,448,CDS
8876,2443988,2444087,99,CDS
8877,2444499,2446101,1602,CDS
8878,2459591,2460153,562,CDS
8879,2461146,2461268,122,CDS
8880,2465103,2465581,478,CDS
8881,2429303,2429429,126,CDS
8882,2434626,2436228,1602,CDS
8883,2439499,2439830,331,CDS
8884,2442436,2442960,524,CDS
8885,2443390,2443838,448,CDS
8886,2443988,2444087,99,CDS
8887,2444499,2446101,1602,CDS
8888,2459591,2460153,562,CDS
8889,2461146,2461268,122,CDS
8890,2463057,2464303,1246,CDS
8891,2435537,2436228,691,CDS
8892,2439499,2439830,331,CDS
8893,2442436,2442960,524,CDS
8894,2443390,2443838,448,CDS
8895,2443988,2444087,99,CDS
8896,2444499,2446101,1602,CDS
8897,2459591,2460153,562,CDS
8898,2461146,2461268,122,CDS
8899,2465103,2465581,478,CDS
8900,2435537,2436228,691,CDS
8901,2439499,2439830,331,CDS
8902,2443390,2443838,448,CDS
8903,2443988,2444087,99,CDS
8904,2444499,2446101,1602,CDS
8905,2459591,2460153,562,CDS
8906,2461146,2461268,122,CDS
8907,2465103,2465581,478,CDS
8908,2435537,2436228,691,CDS
8909,2439499,2439830,331,CDS
8910,2442436,2442960,524,CDS
8911,2443390,2443838,448,CDS
8912,2443988,2444087,99,CDS
8913,2444499,2446101,1602,CDS
8914,2459591,2460153,562,CDS
8915,2461146,2461268,122,CDS
8916,2463057,2464303,1246,CDS
8917,2435537,2436228,691,CDS
8918,2439499,2439830,331,CDS
8919,2442436,2442960,524,CDS
8920,2443390,2443838,448,CDS
8921,2443988,2444087,99,CDS
8922,2444499,2446101,1602,CDS
8923,2459591,2460153,562,CDS
8924,2461146,2461268,122,CDS
8925,2463057,2464303,1246,CDS
8926,2435537,2436228,691,CDS
8927,2439499,2439830,331,CDS
8928,2442436,2442960,524,CDS
8929,2443390,2443838,448,CDS
8930,2443988,2444087,99,CDS
8931,2444499,2446101,1602,CDS
8932,2459591,2460153,562,CDS
8933,2461146,2461268,122,CDS
8934,2463057,2464303,1246,CDS
8935,2435537,2436228,691,CDS
8936,2439499,2439830,331,CDS
8937,2442436,2442960,524,CDS
8938,2443390,2443838,448,CDS
8939,2443988,2444087,99,CDS
8940,2444499,2446101,1602,CDS
8941,2459591,2460153,562,CDS
8942,2461146,2461268,122,CDS
8943,2463057,2464303,1246,CDS
8944,2435537,2436228,691,CDS
8945,2439499,2439830,331,CDS
8946,2443390,2443838,448,CDS
8947,2443988,2444087,99,CDS
8948,2444499,2446101,1602,CDS
8949,2459591,2460153,562,CDS
8950,2461146,2461268,122,CDS
8951,2463057,2464303,1246,CDS
8952,2435537,2436228,691,CDS
8953,2439499,2439830,331,CDS
8954,2443390,2443838,448,CDS
8955,2443988,2444087,99,CDS
8956,2444499,2446101,1602,CDS
8957,2459591,2460153,562,CDS
8958,2461146,2461268,122,CDS
8959,2463057,2464303,1246,CDS
8960,2435537,2436228,691,CDS
8961,2439499,2439830,331,CDS
8962,2444499,2446101,1602,CDS
8963,2459591,2460153,562,CDS
8964,2461146,2461268,122,CDS
8965,2463057,2464303,1246,CDS
8966,2439236,2439415,179,mRNA
8967,2439499,2439830,331,mRNA
8968,2442439,2442960,521,mRNA
8969,2443390,2443838,448,mRNA
8970,2443988,2444087,99,mRNA
8971,2444499,2446101,1602,mRNA
8972,2459591,2460153,562,mRNA
8973,2461146,2461268,122,mRNA
8974,2463057,2464849,1792,mRNA
8975,2439713,2439830,117,CDS
8976,2442439,2442960,521,CDS
8977,2443390,2443838,448,CDS
8978,2443988,2444087,99,CDS
8979,2444499,2446101,1602,CDS
8980,2459591,2460153,562,CDS
8981,2461146,2461268,122,CDS
8982,2463057,2464303,1246,CDS
8983,2439713,2439830,117,CDS
8984,2443390,2443838,448,CDS
8985,2443988,2444087,99,CDS
8986,2444499,2446101,1602,CDS
8987,2459591,2460153,562,CDS
8988,2461146,2461268,122,CDS
8989,2463057,2464303,1246,CDS
8990,2447560,2456657,9097,mobile_element
8991,2456607,2456916,309,mRNA
8992,2459591,2460153,562,mRNA
8993,2461146,2461268,122,mRNA
8994,2465103,2466353,1250,mRNA
8995,2456607,2456916,309,mRNA
8996,2459591,2460153,562,mRNA
8997,2461146,2461268,122,mRNA
8998,2463057,2464571,1514,mRNA
8999,2456858,2456916,58,CDS
9000,2459591,2460153,562,CDS
9001,2461146,2461268,122,CDS
9002,2465103,2465581,478,CDS
9003,2456858,2456916,58,CDS
9004,2459591,2460153,562,CDS
9005,2461146,2461268,122,CDS
9006,2463057,2464303,1246,CDS
9007,2457903,2458275,372,mRNA
9008,2459591,2460153,562,mRNA
9009,2461146,2461268,122,mRNA
9010,2465103,2465577,474,mRNA
9011,2484564,2484837,273,mRNA
9012,2485073,2485228,155,mRNA
9013,2495011,2495152,141,mRNA
9014,2495219,2495729,510,mRNA
9015,2495801,2495958,157,mRNA
9016,2496018,2498036,2018,mRNA
9017,2498099,2498346,247,mRNA
9018,2498406,2499226,820,mRNA
9019,2457903,2458275,372,mRNA
9020,2459591,2460153,562,mRNA
9021,2461146,2461268,122,mRNA
9022,2465103,2466353,1250,mRNA
9023,2459955,2460153,198,CDS
9024,2461146,2461268,122,CDS
9025,2465103,2465577,474,CDS
9026,2484564,2484837,273,CDS
9027,2485073,2485228,155,CDS
9028,2495011,2495152,141,CDS
9029,2495219,2495729,510,CDS
9030,2495801,2495958,157,CDS
9031,2496018,2498036,2018,CDS
9032,2498099,2498346,247,CDS
9033,2498406,2498645,239,CDS
9034,2459955,2460153,198,CDS
9035,2461146,2461268,122,CDS
9036,2465103,2465581,478,CDS
9037,2460978,2461268,290,mRNA
9038,2463057,2464849,1792,mRNA
9039,2461088,2461268,180,CDS
9040,2463057,2464303,1246,CDS
9041,2462861,2462984,123,mRNA
9042,2463057,2464849,1792,mRNA
9043,2462981,2462984,3,CDS
9044,2463057,2464303,1246,CDS
9045,2466861,2467269,408,mRNA
9046,2484564,2484837,273,mRNA
9047,2485073,2485228,155,mRNA
9048,2495011,2495152,141,mRNA
9049,2495219,2495729,510,mRNA
9050,2495801,2495958,157,mRNA
9051,2496018,2498036,2018,mRNA
9052,2498099,2498346,247,mRNA
9053,2498406,2499226,820,mRNA
9054,2474667,2475614,947,gene
9055,2475181,2475614,433,mRNA
9056,2474667,2475117,450,mRNA
9057,2475181,2475594,413,CDS
9058,2474767,2475117,350,CDS
9059,2476259,2478448,2189,gene
9060,2478146,2478448,302,mRNA
9061,2477690,2478076,386,mRNA
9062,2477444,2477513,69,mRNA
9063,2477185,2477381,196,mRNA
9064,2476259,2477118,859,mRNA
9065,2478146,2478308,162,CDS
9066,2477690,2478076,386,CDS
9067,2477444,2477513,69,CDS
9068,2477185,2477381,196,CDS
9069,2476403,2477118,715,CDS
9070,2483259,2483376,117,mRNA
9071,2484564,2484837,273,mRNA
9072,2485073,2485228,155,mRNA
9073,2495011,2495152,141,mRNA
9074,2495219,2495729,510,mRNA
9075,2495801,2495958,157,mRNA
9076,2496018,2498036,2018,mRNA
9077,2498099,2498346,247,mRNA
9078,2498406,2499226,820,mRNA
9079,2485076,2485228,152,CDS
9080,2495011,2495152,141,CDS
9081,2495219,2495729,510,CDS
9082,2495801,2495958,157,CDS
9083,2496018,2498036,2018,CDS
9084,2498099,2498346,247,CDS
9085,2498406,2498645,239,CDS
9086,2485076,2485228,152,CDS
9087,2495011,2495152,141,CDS
9088,2495219,2495729,510,CDS
9089,2495801,2495958,157,CDS
9090,2496018,2498036,2018,CDS
9091,2498099,2498346,247,CDS
9092,2498406,2498645,239,CDS
9093,2488804,2492613,3809,gene
9094,2488804,2489009,205,mRNA
9095,2490980,2492613,1633,mRNA
9096,2488804,2488890,86,mRNA
9097,2490980,2492613,1633,mRNA
9098,2490220,2490488,268,mRNA
9099,2490980,2492613,1633,mRNA
9100,2490600,2490847,247,mRNA
9101,2490980,2492613,1633,mRNA
9102,2491123,2492070,947,CDS
9103,2491123,2492070,947,CDS
9104,2491123,2492070,947,CDS
9105,2491123,2492070,947,CDS
9106,2494538,2494765,227,mRNA
9107,2495011,2495152,141,mRNA
9108,2495219,2495729,510,mRNA
9109,2495801,2495958,157,mRNA
9110,2496018,2498036,2018,mRNA
9111,2498099,2498346,247,mRNA
9112,2498406,2499226,820,mRNA
9113,2494748,2494765,17,CDS
9114,2495011,2495152,141,CDS
9115,2495219,2495729,510,CDS
9116,2495801,2495958,157,CDS
9117,2496018,2498036,2018,CDS
9118,2498099,2498346,247,CDS
9119,2498406,2498645,239,CDS
9120,2499372,2503606,4234,gene
9121,2503143,2503606,463,mRNA
9122,2499691,2500462,771,mRNA
9123,2499372,2499623,251,mRNA
9124,2503143,2503606,463,mRNA
9125,2501070,2501141,71,mRNA
9126,2499691,2500462,771,mRNA
9127,2499372,2499623,251,mRNA
9128,2503143,2503606,463,mRNA
9129,2502595,2502723,128,mRNA
9130,2499691,2500462,771,mRNA
9131,2499372,2499623,251,mRNA
9132,2503143,2503606,463,mRNA
9133,2502595,2502723,128,mRNA
9134,2501070,2501141,71,mRNA
9135,2499691,2500462,771,mRNA
9136,2499372,2499623,251,mRNA
9137,2502595,2502815,220,mRNA
9138,2499691,2500462,771,mRNA
9139,2499372,2499623,251,mRNA
9140,2502391,2502815,424,mRNA
9141,2499691,2500462,771,mRNA
9142,2499372,2499623,251,mRNA
9143,2503143,2503273,130,CDS
9144,2499691,2500462,771,CDS
9145,2499537,2499623,86,CDS
9146,2503143,2503273,130,CDS
9147,2501070,2501141,71,CDS
9148,2499691,2500462,771,CDS
9149,2499537,2499623,86,CDS
9150,2503143,2503273,130,CDS
9151,2502595,2502723,128,CDS
9152,2499691,2500462,771,CDS
9153,2499537,2499623,86,CDS
9154,2503143,2503273,130,CDS
9155,2502595,2502723,128,CDS
9156,2501070,2501141,71,CDS
9157,2499691,2500462,771,CDS
9158,2499537,2499623,86,CDS
9159,2502595,2502722,127,CDS
9160,2499691,2500462,771,CDS
9161,2499537,2499623,86,CDS
9162,2502391,2502497,106,CDS
9163,2499691,2500462,771,CDS
9164,2499537,2499623,86,CDS
9165,2503789,2504397,608,gene
9166,2503789,2504397,608,ncRNA
9167,2505245,2554292,49047,gene
9168,2554058,2554292,234,mRNA
9169,2540977,2541403,426,mRNA
9170,2534711,2536218,1507,mRNA
9171,2524599,2525718,1119,mRNA
9172,2514310,2514330,20,mRNA
9173,2513696,2514197,501,mRNA
9174,2513209,2513638,429,mRNA
9175,2512793,2513145,352,mRNA
9176,2512532,2512731,199,mRNA
9177,2512295,2512472,177,mRNA
9178,2511878,2511931,53,mRNA
9179,2511163,2511763,600,mRNA
9180,2509762,2510575,813,mRNA
9181,2509364,2509500,136,mRNA
9182,2508639,2508865,226,mRNA
9183,2505245,2508573,3328,mRNA
9184,2536516,2536585,69,mRNA
9185,2534711,2536218,1507,mRNA
9186,2524599,2525718,1119,mRNA
9187,2514310,2514330,20,mRNA
9188,2513696,2514197,501,mRNA
9189,2513209,2513638,429,mRNA
9190,2512793,2513145,352,mRNA
9191,2512532,2512731,199,mRNA
9192,2512295,2512472,177,mRNA
9193,2511878,2511931,53,mRNA
9194,2511163,2511763,600,mRNA
9195,2509762,2510575,813,mRNA
9196,2509364,2509500,136,mRNA
9197,2508639,2508865,226,mRNA
9198,2505245,2508573,3328,mRNA
9199,2554058,2554292,234,mRNA
9200,2540977,2541403,426,mRNA
9201,2534711,2536218,1507,mRNA
9202,2524599,2525718,1119,mRNA
9203,2514310,2514330,20,mRNA
9204,2513696,2514197,501,mRNA
9205,2513209,2513638,429,mRNA
9206,2512793,2513145,352,mRNA
9207,2512532,2512731,199,mRNA
9208,2512295,2512472,177,mRNA
9209,2511163,2511763,600,mRNA
9210,2509762,2510575,813,mRNA
9211,2509364,2509500,136,mRNA
9212,2508639,2508865,226,mRNA
9213,2506571,2508573,2002,mRNA
9214,2554058,2554292,234,mRNA
9215,2540977,2541403,426,mRNA
9216,2534711,2536218,1507,mRNA
9217,2524599,2525718,1119,mRNA
9218,2513696,2514197,501,mRNA
9219,2513209,2513638,429,mRNA
9220,2512793,2513145,352,mRNA
9221,2512532,2512731,199,mRNA
9222,2512295,2512472,177,mRNA
9223,2511878,2511931,53,mRNA
9224,2511163,2511763,600,mRNA
9225,2509762,2510557,795,mRNA
9226,2509364,2509500,136,mRNA
9227,2508639,2508865,226,mRNA
9228,2508047,2508573,526,mRNA
9229,2554058,2554292,234,mRNA
9230,2540977,2541403,426,mRNA
9231,2534711,2536218,1507,mRNA
9232,2524599,2525718,1119,mRNA
9233,2514310,2514330,20,mRNA
9234,2513696,2514197,501,mRNA
9235,2513209,2513638,429,mRNA
9236,2512793,2513145,352,mRNA
9237,2512532,2512731,199,mRNA
9238,2512295,2512472,177,mRNA
9239,2511878,2511931,53,mRNA
9240,2511163,2511763,600,mRNA
9241,2508639,2508865,226,mRNA
9242,2508047,2508573,526,mRNA
9243,2554058,2554292,234,mRNA
9244,2540977,2541403,426,mRNA
9245,2534711,2536218,1507,mRNA
9246,2524599,2525718,1119,mRNA
9247,2514310,2514330,20,mRNA
9248,2513696,2514197,501,mRNA
9249,2513209,2513638,429,mRNA
9250,2512793,2513145,352,mRNA
9251,2512532,2512731,199,mRNA
9252,2512295,2512472,177,mRNA
9253,2511878,2511931,53,mRNA
9254,2511163,2511763,600,mRNA
9255,2508639,2508907,268,mRNA
9256,2508047,2508573,526,mRNA
9257,2554058,2554292,234,mRNA
9258,2540977,2541403,426,mRNA
9259,2534711,2536218,1507,mRNA
9260,2524599,2525718,1119,mRNA
9261,2514310,2514330,20,mRNA
9262,2513696,2514197,501,mRNA
9263,2513209,2513638,429,mRNA
9264,2512793,2513145,352,mRNA
9265,2512532,2512731,199,mRNA
9266,2512295,2512472,177,mRNA
9267,2511878,2511931,53,mRNA
9268,2511163,2511763,600,mRNA
9269,2509364,2509500,136,mRNA
9270,2508639,2508865,226,mRNA
9271,2508047,2508573,526,mRNA
9272,2554058,2554292,234,mRNA
9273,2540977,2541403,426,mRNA
9274,2534711,2536218,1507,mRNA
9275,2524599,2525718,1119,mRNA
9276,2514310,2514330,20,mRNA
9277,2513696,2514197,501,mRNA
9278,2513209,2513638,429,mRNA
9279,2512793,2513145,352,mRNA
9280,2512532,2512731,199,mRNA
9281,2512295,2512472,177,mRNA
9282,2511878,2511931,53,mRNA
9283,2511163,2511763,600,mRNA
9284,2509762,2510575,813,mRNA
9285,2509364,2509500,136,mRNA
9286,2508639,2508865,226,mRNA
9287,2508047,2508573,526,mRNA
9288,2554058,2554292,234,mRNA
9289,2540977,2541403,426,mRNA
9290,2534711,2536218,1507,mRNA
9291,2524599,2525718,1119,mRNA
9292,2514310,2514330,20,mRNA
9293,2513696,2514197,501,mRNA
9294,2513209,2513638,429,mRNA
9295,2512793,2513145,352,mRNA
9296,2512532,2512731,199,mRNA
9297,2512295,2512472,177,mRNA
9298,2511878,2511931,53,mRNA
9299,2511163,2511763,600,mRNA
9300,2509762,2510575,813,mRNA
9301,2509364,2509500,136,mRNA
9302,2508639,2508907,268,mRNA
9303,2508047,2508573,526,mRNA
9304,2554058,2554292,234,mRNA
9305,2540977,2541403,426,mRNA
9306,2534711,2536218,1507,mRNA
9307,2524599,2525718,1119,mRNA
9308,2514310,2514330,20,mRNA
9309,2513696,2514197,501,mRNA
9310,2513209,2513638,429,mRNA
9311,2512793,2513145,352,mRNA
9312,2512532,2512731,199,mRNA
9313,2512295,2512472,177,mRNA
9314,2512149,2512157,8,mRNA
9315,2511163,2511763,600,mRNA
9316,2509762,2510575,813,mRNA
9317,2509364,2509500,136,mRNA
9318,2508639,2508865,226,mRNA
9319,2508047,2508573,526,mRNA
9320,2554058,2554292,234,mRNA
9321,2540977,2541403,426,mRNA
9322,2534711,2536218,1507,mRNA
9323,2524599,2525718,1119,mRNA
9324,2514310,2514330,20,mRNA
9325,2513696,2514197,501,mRNA
9326,2513209,2513638,429,mRNA
9327,2512793,2513145,352,mRNA
9328,2512532,2512731,199,mRNA
9329,2512295,2512481,186,mRNA
9330,2511878,2511931,53,mRNA
9331,2511163,2511763,600,mRNA
9332,2509762,2510575,813,mRNA
9333,2509364,2509500,136,mRNA
9334,2508639,2508865,226,mRNA
9335,2508047,2508573,526,mRNA
9336,2534711,2536211,1500,CDS
9337,2524599,2525718,1119,CDS
9338,2513696,2514197,501,CDS
9339,2513209,2513638,429,CDS
9340,2512793,2513145,352,CDS
9341,2512532,2512731,199,CDS
9342,2512295,2512472,177,CDS
9343,2511878,2511931,53,CDS
9344,2511163,2511763,600,CDS
9345,2509762,2510557,795,CDS
9346,2509364,2509500,136,CDS
9347,2508639,2508865,226,CDS
9348,2508307,2508573,266,CDS
9349,2534711,2536211,1500,CDS
9350,2524599,2525718,1119,CDS
9351,2514310,2514330,20,CDS
9352,2513696,2514197,501,CDS
9353,2513209,2513638,429,CDS
9354,2512793,2513145,352,CDS
9355,2512532,2512731,199,CDS
9356,2512295,2512472,177,CDS
9357,2511163,2511763,600,CDS
9358,2509762,2510575,813,CDS
9359,2509364,2509500,136,CDS
9360,2508639,2508865,226,CDS
9361,2508307,2508573,266,CDS
9362,2534711,2536211,1500,CDS
9363,2524599,2525718,1119,CDS
9364,2514310,2514330,20,CDS
9365,2513696,2514197,501,CDS
9366,2513209,2513638,429,CDS
9367,2512793,2513145,352,CDS
9368,2512532,2512731,199,CDS
9369,2512295,2512472,177,CDS
9370,2511878,2511931,53,CDS
9371,2511163,2511763,600,CDS
9372,2508639,2508865,226,CDS
9373,2508307,2508573,266,CDS
9374,2534711,2536211,1500,CDS
9375,2524599,2525718,1119,CDS
9376,2514310,2514330,20,CDS
9377,2513696,2514197,501,CDS
9378,2513209,2513638,429,CDS
9379,2512793,2513145,352,CDS
9380,2512532,2512731,199,CDS
9381,2512295,2512472,177,CDS
9382,2511878,2511931,53,CDS
9383,2511163,2511763,600,CDS
9384,2508639,2508907,268,CDS
9385,2508307,2508573,266,CDS
9386,2534711,2536211,1500,CDS
9387,2524599,2525718,1119,CDS
9388,2514310,2514330,20,CDS
9389,2513696,2514197,501,CDS
9390,2513209,2513638,429,CDS
9391,2512793,2513145,352,CDS
9392,2512532,2512731,199,CDS
9393,2512295,2512472,177,CDS
9394,2511878,2511931,53,CDS
9395,2511163,2511763,600,CDS
9396,2509762,2510575,813,CDS
9397,2509364,2509500,136,CDS
9398,2508639,2508865,226,CDS
9399,2508307,2508573,266,CDS
9400,2534711,2536211,1500,CDS
9401,2524599,2525718,1119,CDS
9402,2514310,2514330,20,CDS
9403,2513696,2514197,501,CDS
9404,2513209,2513638,429,CDS
9405,2512793,2513145,352,CDS
9406,2512532,2512731,199,CDS
9407,2512295,2512472,177,CDS
9408,2511878,2511931,53,CDS
9409,2511163,2511763,600,CDS
9410,2509762,2510575,813,CDS
9411,2509364,2509500,136,CDS
9412,2508639,2508865,226,CDS
9413,2508307,2508573,266,CDS
9414,2534711,2536211,1500,CDS
9415,2524599,2525718,1119,CDS
9416,2514310,2514330,20,CDS
9417,2513696,2514197,501,CDS
9418,2513209,2513638,429,CDS
9419,2512793,2513145,352,CDS
9420,2512532,2512731,199,CDS
9421,2512295,2512472,177,CDS
9422,2511878,2511931,53,CDS
9423,2511163,2511763,600,CDS
9424,2509762,2510575,813,CDS
9425,2509364,2509500,136,CDS
9426,2508639,2508865,226,CDS
9427,2508307,2508573,266,CDS
9428,2534711,2536211,1500,CDS
9429,2524599,2525718,1119,CDS
9430,2514310,2514330,20,CDS
9431,2513696,2514197,501,CDS
9432,2513209,2513638,429,CDS
9433,2512793,2513145,352,CDS
9434,2512532,2512731,199,CDS
9435,2512295,2512472,177,CDS
9436,2511878,2511931,53,CDS
9437,2511163,2511763,600,CDS
9438,2509762,2510575,813,CDS
9439,2509364,2509500,136,CDS
9440,2508639,2508907,268,CDS
9441,2508307,2508573,266,CDS
9442,2534711,2536211,1500,CDS
9443,2524599,2525718,1119,CDS
9444,2514310,2514330,20,CDS
9445,2513696,2514197,501,CDS
9446,2513209,2513638,429,CDS
9447,2512793,2513145,352,CDS
9448,2512532,2512731,199,CDS
9449,2512295,2512472,177,CDS
9450,2512149,2512157,8,CDS
9451,2511163,2511763,600,CDS
9452,2509762,2510575,813,CDS
9453,2509364,2509500,136,CDS
9454,2508639,2508865,226,CDS
9455,2508307,2508573,266,CDS
9456,2534711,2536211,1500,CDS
9457,2524599,2525718,1119,CDS
9458,2514310,2514330,20,CDS
9459,2513696,2514197,501,CDS
9460,2513209,2513638,429,CDS
9461,2512793,2513145,352,CDS
9462,2512532,2512731,199,CDS
9463,2512295,2512481,186,CDS
9464,2511878,2511931,53,CDS
9465,2511163,2511763,600,CDS
9466,2509762,2510575,813,CDS
9467,2509364,2509500,136,CDS
9468,2508639,2508865,226,CDS
9469,2508307,2508573,266,CDS
9470,2534711,2536211,1500,CDS
9471,2524599,2525718,1119,CDS
9472,2514310,2514330,20,CDS
9473,2513696,2514197,501,CDS
9474,2513209,2513638,429,CDS
9475,2512793,2513145,352,CDS
9476,2512532,2512731,199,CDS
9477,2512295,2512472,177,CDS
9478,2511878,2511931,53,CDS
9479,2511163,2511763,600,CDS
9480,2509406,2509500,94,CDS
9481,2517161,2518402,1241,gene
9482,2517161,2517303,142,ncRNA
9483,2517604,2518169,565,ncRNA
9484,2518301,2518402,101,ncRNA
9485,2525799,2526973,1174,gene
9486,2525799,2526973,1174,mRNA
9487,2525851,2526927,1076,CDS
9488,2554847,2586540,31693,gene
9489,2586403,2586540,137,mRNA
9490,2585605,2585732,127,mRNA
9491,2579455,2579520,65,mRNA
9492,2567370,2567814,444,mRNA
9493,2567046,2567288,242,mRNA
9494,2566434,2566933,499,mRNA
9495,2566202,2566375,173,mRNA
9496,2565601,2565621,20,mRNA
9497,2564397,2564755,358,mRNA
9498,2563818,2563959,141,mRNA
9499,2560116,2560295,179,mRNA
9500,2557793,2558035,242,mRNA
9501,2557572,2557727,155,mRNA
9502,2557341,2557508,167,mRNA
9503,2557136,2557285,149,mRNA
9504,2556942,2557076,134,mRNA
9505,2556792,2556866,74,mRNA
9506,2554847,2556729,1882,mRNA
9507,2586403,2586540,137,mRNA
9508,2585605,2585738,133,mRNA
9509,2579455,2579520,65,mRNA
9510,2567370,2567814,444,mRNA
9511,2567046,2567288,242,mRNA
9512,2566434,2566933,499,mRNA
9513,2566202,2566375,173,mRNA
9514,2565601,2565621,20,mRNA
9515,2564397,2564695,298,mRNA
9516,2563818,2563959,141,mRNA
9517,2560116,2560295,179,mRNA
9518,2557793,2558389,596,mRNA
9519,2557572,2557727,155,mRNA
9520,2557341,2557508,167,mRNA
9521,2557136,2557285,149,mRNA
9522,2556942,2557076,134,mRNA
9523,2556792,2556866,74,mRNA
9524,2554847,2556729,1882,mRNA
9525,2586403,2586540,137,mRNA
9526,2585605,2585738,133,mRNA
9527,2579455,2579520,65,mRNA
9528,2567370,2567814,444,mRNA
9529,2567046,2567288,242,mRNA
9530,2566434,2566933,499,mRNA
9531,2566202,2566375,173,mRNA
9532,2565601,2565621,20,mRNA
9533,2564397,2564695,298,mRNA
9534,2563818,2563959,141,mRNA
9535,2561932,2562843,911,mRNA
9536,2560116,2560295,179,mRNA
9537,2557793,2558389,596,mRNA
9538,2557572,2557727,155,mRNA
9539,2557341,2557508,167,mRNA
9540,2557136,2557285,149,mRNA
9541,2556942,2557076,134,mRNA
9542,2556792,2556866,74,mRNA
9543,2554847,2556729,1882,mRNA
9544,2586266,2586540,274,mRNA
9545,2585605,2585738,133,mRNA
9546,2579455,2579520,65,mRNA
9547,2567370,2567814,444,mRNA
9548,2567046,2567288,242,mRNA
9549,2566434,2566933,499,mRNA
9550,2566202,2566375,173,mRNA
9551,2565601,2565621,20,mRNA
9552,2564397,2564695,298,mRNA
9553,2563818,2563959,141,mRNA
9554,2560116,2560295,179,mRNA
9555,2557793,2558389,596,mRNA
9556,2557572,2557727,155,mRNA
9557,2557341,2557508,167,mRNA
9558,2557136,2557285,149,mRNA
9559,2556942,2557076,134,mRNA
9560,2556792,2556866,74,mRNA
9561,2554847,2556729,1882,mRNA
9562,2586414,2586540,126,mRNA
9563,2585605,2585732,127,mRNA
9564,2579455,2579520,65,mRNA
9565,2567370,2567814,444,mRNA
9566,2567046,2567288,242,mRNA
9567,2566434,2566933,499,mRNA
9568,2566202,2566375,173,mRNA
9569,2565601,2565621,20,mRNA
9570,2564397,2564755,358,mRNA
9571,2563818,2563959,141,mRNA
9572,2560116,2560295,179,mRNA
9573,2557793,2558035,242,mRNA
9574,2557572,2557727,155,mRNA
9575,2557341,2557508,167,mRNA
9576,2557136,2557285,149,mRNA
9577,2556942,2557076,134,mRNA
9578,2556792,2556866,74,mRNA
9579,2555774,2556729,955,mRNA
9580,2586403,2586540,137,mRNA
9581,2585605,2585738,133,mRNA
9582,2579455,2579520,65,mRNA
9583,2567370,2567814,444,mRNA
9584,2567046,2567288,242,mRNA
9585,2566434,2566933,499,mRNA
9586,2566202,2566375,173,mRNA
9587,2564397,2564755,358,mRNA
9588,2563818,2563959,141,mRNA
9589,2560116,2560295,179,mRNA
9590,2557793,2558389,596,mRNA
9591,2557572,2557727,155,mRNA
9592,2557341,2557508,167,mRNA
9593,2557136,2557285,149,mRNA
9594,2556942,2557076,134,mRNA
9595,2556792,2556866,74,mRNA
9596,2555774,2556729,955,mRNA
9597,2586403,2586540,137,mRNA
9598,2585605,2585738,133,mRNA
9599,2579455,2579520,65,mRNA
9600,2567370,2567814,444,mRNA
9601,2567046,2567288,242,mRNA
9602,2566434,2566933,499,mRNA
9603,2566202,2566375,173,mRNA
9604,2565601,2565621,20,mRNA
9605,2564397,2564755,358,mRNA
9606,2563818,2563959,141,mRNA
9607,2560116,2560295,179,mRNA
9608,2557793,2558032,239,mRNA
9609,2557572,2557727,155,mRNA
9610,2557341,2557508,167,mRNA
9611,2557136,2557285,149,mRNA
9612,2556942,2557076,134,mRNA
9613,2556792,2556866,74,mRNA
9614,2555774,2556729,955,mRNA
9615,2586037,2586254,217,mRNA
9616,2585605,2585738,133,mRNA
9617,2579455,2579520,65,mRNA
9618,2567370,2567814,444,mRNA
9619,2567046,2567288,242,mRNA
9620,2566434,2566933,499,mRNA
9621,2566202,2566375,173,mRNA
9622,2565601,2565621,20,mRNA
9623,2564397,2564755,358,mRNA
9624,2563818,2563959,141,mRNA
9625,2561932,2562843,911,mRNA
9626,2560116,2560295,179,mRNA
9627,2557793,2558035,242,mRNA
9628,2557572,2557727,155,mRNA
9629,2557341,2557508,167,mRNA
9630,2557136,2557285,149,mRNA
9631,2556942,2557070,128,mRNA
9632,2556792,2556866,74,mRNA
9633,2555774,2556729,955,mRNA
9634,2585605,2585682,77,CDS
9635,2579455,2579520,65,CDS
9636,2567370,2567814,444,CDS
9637,2567046,2567288,242,CDS
9638,2566434,2566933,499,CDS
9639,2566202,2566375,173,CDS
9640,2564397,2564755,358,CDS
9641,2563818,2563959,141,CDS
9642,2560116,2560295,179,CDS
9643,2557793,2558389,596,CDS
9644,2557572,2557727,155,CDS
9645,2557341,2557508,167,CDS
9646,2557136,2557285,149,CDS
9647,2556942,2557076,134,CDS
9648,2556792,2556866,74,CDS
9649,2556556,2556729,173,CDS
9650,2585605,2585682,77,CDS
9651,2579455,2579520,65,CDS
9652,2567370,2567814,444,CDS
9653,2567046,2567288,242,CDS
9654,2566434,2566933,499,CDS
9655,2566202,2566375,173,CDS
9656,2565601,2565621,20,CDS
9657,2564397,2564695,298,CDS
9658,2563818,2563959,141,CDS
9659,2560116,2560295,179,CDS
9660,2557793,2558389,596,CDS
9661,2557572,2557727,155,CDS
9662,2557341,2557508,167,CDS
9663,2557136,2557285,149,CDS
9664,2556942,2557076,134,CDS
9665,2556792,2556866,74,CDS
9666,2556556,2556729,173,CDS
9667,2585605,2585682,77,CDS
9668,2579455,2579520,65,CDS
9669,2567370,2567814,444,CDS
9670,2567046,2567288,242,CDS
9671,2566434,2566933,499,CDS
9672,2566202,2566375,173,CDS
9673,2565601,2565621,20,CDS
9674,2564397,2564695,298,CDS
9675,2563818,2563959,141,CDS
9676,2560116,2560295,179,CDS
9677,2557793,2558389,596,CDS
9678,2557572,2557727,155,CDS
9679,2557341,2557508,167,CDS
9680,2557136,2557285,149,CDS
9681,2556942,2557076,134,CDS
9682,2556792,2556866,74,CDS
9683,2556556,2556729,173,CDS
9684,2585605,2585682,77,CDS
9685,2579455,2579520,65,CDS
9686,2567370,2567814,444,CDS
9687,2567046,2567288,242,CDS
9688,2566434,2566933,499,CDS
9689,2566202,2566375,173,CDS
9690,2565601,2565621,20,CDS
9691,2564397,2564695,298,CDS
9692,2563818,2563959,141,CDS
9693,2561932,2562843,911,CDS
9694,2560116,2560295,179,CDS
9695,2557793,2558389,596,CDS
9696,2557572,2557727,155,CDS
9697,2557341,2557508,167,CDS
9698,2557136,2557285,149,CDS
9699,2556942,2557076,134,CDS
9700,2556792,2556866,74,CDS
9701,2556556,2556729,173,CDS
9702,2585605,2585682,77,CDS
9703,2579455,2579520,65,CDS
9704,2567370,2567814,444,CDS
9705,2567046,2567288,242,CDS
9706,2566434,2566933,499,CDS
9707,2566202,2566375,173,CDS
9708,2565601,2565621,20,CDS
9709,2564397,2564755,358,CDS
9710,2563818,2563959,141,CDS
9711,2560116,2560295,179,CDS
9712,2557793,2558032,239,CDS
9713,2557572,2557727,155,CDS
9714,2557341,2557508,167,CDS
9715,2557136,2557285,149,CDS
9716,2556942,2557076,134,CDS
9717,2556792,2556866,74,CDS
9718,2556556,2556729,173,CDS
9719,2585605,2585682,77,CDS
9720,2579455,2579520,65,CDS
9721,2567370,2567814,444,CDS
9722,2567046,2567288,242,CDS
9723,2566434,2566933,499,CDS
9724,2566202,2566375,173,CDS
9725,2565601,2565621,20,CDS
9726,2564397,2564755,358,CDS
9727,2563818,2563959,141,CDS
9728,2560116,2560295,179,CDS
9729,2557793,2558035,242,CDS
9730,2557572,2557727,155,CDS
9731,2557341,2557508,167,CDS
9732,2557136,2557285,149,CDS
9733,2556942,2557076,134,CDS
9734,2556792,2556866,74,CDS
9735,2556556,2556729,173,CDS
9736,2585605,2585682,77,CDS
9737,2579455,2579520,65,CDS
9738,2567370,2567814,444,CDS
9739,2567046,2567288,242,CDS
9740,2566434,2566933,499,CDS
9741,2566202,2566375,173,CDS
9742,2565601,2565621,20,CDS
9743,2564397,2564755,358,CDS
9744,2563818,2563959,141,CDS
9745,2560116,2560295,179,CDS
9746,2557793,2558035,242,CDS
9747,2557572,2557727,155,CDS
9748,2557341,2557508,167,CDS
9749,2557136,2557285,149,CDS
9750,2556942,2557076,134,CDS
9751,2556792,2556866,74,CDS
9752,2556556,2556729,173,CDS
9753,2585605,2585682,77,CDS
9754,2579455,2579520,65,CDS
9755,2567370,2567814,444,CDS
9756,2567046,2567288,242,CDS
9757,2566434,2566933,499,CDS
9758,2566202,2566375,173,CDS
9759,2565601,2565621,20,CDS
9760,2564397,2564755,358,CDS
9761,2563818,2563959,141,CDS
9762,2561932,2562843,911,CDS
9763,2560116,2560295,179,CDS
9764,2557793,2558035,242,CDS
9765,2557572,2557727,155,CDS
9766,2557341,2557508,167,CDS
9767,2557136,2557285,149,CDS
9768,2556942,2557070,128,CDS
9769,2556792,2556866,74,CDS
9770,2556556,2556729,173,CDS
9771,2587456,2588883,1427,gene
9772,2587456,2587513,57,mRNA
9773,2587576,2587890,314,mRNA
9774,2588084,2588883,799,mRNA
9775,2587456,2587513,57,mRNA
9776,2587751,2587890,139,mRNA
9777,2588084,2588883,799,mRNA
9778,2587753,2587890,137,CDS
9779,2588084,2588716,632,CDS
9780,2587753,2587890,137,CDS
9781,2588084,2588716,632,CDS
9782,2589414,2595590,6176,gene
9783,2589414,2589552,138,mRNA
9784,2590202,2591613,1411,mRNA
9785,2592162,2592486,324,mRNA
9786,2592553,2593319,766,mRNA
9787,2593388,2593499,111,mRNA
9788,2593561,2593801,240,mRNA
9789,2593865,2594465,600,mRNA
9790,2594522,2595590,1068,mRNA
9791,2589414,2589552,138,mRNA
9792,2592162,2592486,324,mRNA
9793,2592553,2593319,766,mRNA
9794,2593388,2593499,111,mRNA
9795,2593561,2593801,240,mRNA
9796,2593865,2594465,600,mRNA
9797,2594522,2595590,1068,mRNA
9798,2589487,2589552,65,CDS
9799,2592162,2592486,324,CDS
9800,2592553,2593319,766,CDS
9801,2593388,2593499,111,CDS
9802,2593561,2593801,240,CDS
9803,2593865,2594465,600,CDS
9804,2594522,2595046,524,CDS
9805,2592336,2592486,150,CDS
9806,2592553,2593319,766,CDS
9807,2593388,2593499,111,CDS
9808,2593561,2593801,240,CDS
9809,2593865,2594465,600,CDS
9810,2594522,2595046,524,CDS
9811,2595781,2596998,1217,gene
9812,2595781,2595975,194,mRNA
9813,2596032,2596998,966,mRNA
9814,2595842,2599579,3737,gene
9815,2599265,2599579,314,mRNA
9816,2597194,2599070,1876,mRNA
9817,2595842,2597142,1300,mRNA
9818,2595870,2595975,105,CDS
9819,2596032,2596849,817,CDS
9820,2599265,2599579,314,mRNA
9821,2597194,2599070,1876,mRNA
9822,2596967,2597142,175,mRNA
9823,2599125,2599579,454,mRNA
9824,2597194,2599070,1876,mRNA
9825,2596967,2597142,175,mRNA
9826,2599265,2599319,54,CDS
9827,2597194,2599070,1876,CDS
9828,2596990,2597142,152,CDS
9829,2599265,2599319,54,CDS
9830,2597194,2599070,1876,CDS
9831,2596990,2597142,152,CDS
9832,2597194,2598924,1730,CDS
9833,2596990,2597142,152,CDS
9834,2599297,2600242,945,gene
9835,2599297,2599380,83,mRNA
9836,2599436,2599501,65,mRNA
9837,2599688,2599832,144,mRNA
9838,2599897,2600242,345,mRNA
9839,2599357,2599380,23,CDS
9840,2599436,2599501,65,CDS
9841,2599688,2599832,144,CDS
9842,2599897,2600111,214,CDS
9843,2600331,2601536,1205,gene
9844,2600331,2600445,114,mRNA
9845,2600822,2600959,137,mRNA
9846,2601021,2601536,515,mRNA
9847,2600331,2600445,114,mRNA
9848,2600822,2600959,137,mRNA
9849,2601021,2601461,440,mRNA
9850,2600870,2600959,89,CDS
9851,2601021,2601362,341,CDS
9852,2600870,2600959,89,CDS
9853,2601021,2601362,341,CDS
9854,2601455,2630064,28609,gene
9855,2629914,2630064,150,mRNA
9856,2629141,2629526,385,mRNA
9857,2611788,2612003,215,mRNA
9858,2611639,2611710,71,mRNA
9859,2611316,2611557,241,mRNA
9860,2610494,2611159,665,mRNA
9861,2608438,2608644,206,mRNA
9862,2608141,2608319,178,mRNA
9863,2607693,2607874,181,mRNA
9864,2601455,2604279,2824,mRNA
9865,2629914,2630064,150,mRNA
9866,2629141,2629584,443,mRNA
9867,2611788,2612003,215,mRNA
9868,2611639,2611710,71,mRNA
9869,2611316,2611557,241,mRNA
9870,2610494,2611159,665,mRNA
9871,2608438,2608644,206,mRNA
9872,2608141,2608319,178,mRNA
9873,2607693,2607874,181,mRNA
9874,2601455,2604279,2824,mRNA
9875,2629914,2630064,150,mRNA
9876,2629141,2629596,455,mRNA
9877,2611788,2612003,215,mRNA
9878,2611639,2611710,71,mRNA
9879,2611316,2611557,241,mRNA
9880,2610494,2611159,665,mRNA
9881,2608438,2608644,206,mRNA
9882,2608141,2608319,178,mRNA
9883,2607693,2607874,181,mRNA
9884,2601455,2604279,2824,mRNA
9885,2629141,2629371,230,mRNA
9886,2611788,2612003,215,mRNA
9887,2611639,2611710,71,mRNA
9888,2611316,2611557,241,mRNA
9889,2610494,2611159,665,mRNA
9890,2608438,2608644,206,mRNA
9891,2608141,2608319,178,mRNA
9892,2607693,2607874,181,mRNA
9893,2601455,2604279,2824,mRNA
9894,2629141,2629310,169,CDS
9895,2611788,2612003,215,CDS
9896,2611639,2611710,71,CDS
9897,2611316,2611557,241,CDS
9898,2610494,2611159,665,CDS
9899,2608438,2608644,206,CDS
9900,2608141,2608319,178,CDS
9901,2607693,2607874,181,CDS
9902,2601630,2604279,2649,CDS
9903,2629141,2629310,169,CDS
9904,2611788,2612003,215,CDS
9905,2611639,2611710,71,CDS
9906,2611316,2611557,241,CDS
9907,2610494,2611159,665,CDS
9908,2608438,2608644,206,CDS
9909,2608141,2608319,178,CDS
9910,2607693,2607874,181,CDS
9911,2601630,2604279,2649,CDS
9912,2629141,2629310,169,CDS
9913,2611788,2612003,215,CDS
9914,2611639,2611710,71,CDS
9915,2611316,2611557,241,CDS
9916,2610494,2611159,665,CDS
9917,2608438,2608644,206,CDS
9918,2608141,2608319,178,CDS
9919,2607693,2607874,181,CDS
9920,2601630,2604279,2649,CDS
9921,2629141,2629310,169,CDS
9922,2611788,2612003,215,CDS
9923,2611639,2611710,71,CDS
9924,2611316,2611557,241,CDS
9925,2610494,2611159,665,CDS
9926,2608438,2608644,206,CDS
9927,2608141,2608319,178,CDS
9928,2607693,2607874,181,CDS
9929,2601630,2604279,2649,CDS
9930,2629914,2630064,150,mRNA
9931,2629141,2629526,385,mRNA
9932,2611788,2612003,215,mRNA
9933,2611639,2611710,71,mRNA
9934,2611316,2611557,241,mRNA
9935,2609735,2611159,1424,mRNA
9936,2629141,2629310,169,CDS
9937,2611788,2612003,215,CDS
9938,2611639,2611710,71,CDS
9939,2611316,2611557,241,CDS
9940,2610486,2611159,673,CDS
9941,2621721,2622629,908,gene
9942,2621721,2622629,908,ncRNA
9943,2628041,2629018,977,gene
9944,2628041,2629018,977,ncRNA
9945,2629834,2630693,859,gene
9946,2629834,2630693,859,ncRNA
9947,2631715,2641984,10269,gene
9948,2631715,2641984,10269,gene
9949,2631715,2632121,406,mRNA
9950,2633538,2633809,271,mRNA
9951,2637068,2639553,2485,mRNA
9952,2639615,2639872,257,mRNA
9953,2640026,2640271,245,mRNA
9954,2640337,2640516,179,mRNA
9955,2640578,2640926,348,mRNA
9956,2641012,2641984,972,mRNA
9957,2631715,2631916,201,mRNA
9958,2631977,2632121,144,mRNA
9959,2633538,2633809,271,mRNA
9960,2637068,2639553,2485,mRNA
9961,2639615,2639872,257,mRNA
9962,2640026,2640271,245,mRNA
9963,2640337,2640516,179,mRNA
9964,2640578,2640926,348,mRNA
9965,2641012,2641984,972,mRNA
9966,2631715,2631916,201,mRNA
9967,2631977,2632121,144,mRNA
9968,2633538,2633809,271,mRNA
9969,2637068,2639553,2485,mRNA
9970,2639615,2639872,257,mRNA
9971,2640026,2640271,245,mRNA
9972,2640337,2640516,179,mRNA
9973,2640578,2640926,348,mRNA
9974,2641012,2641984,972,mRNA
9975,2631715,2631916,201,mRNA
9976,2633538,2633809,271,mRNA
9977,2637068,2639553,2485,mRNA
9978,2639615,2639872,257,mRNA
9979,2640026,2640271,245,mRNA
9980,2640337,2640516,179,mRNA
9981,2640578,2640926,348,mRNA
9982,2641012,2641984,972,mRNA
9983,2631812,2631916,104,CDS
9984,2631977,2632121,144,CDS
9985,2633538,2633743,205,CDS
9986,2632275,2632466,191,mRNA
9987,2633538,2633809,271,mRNA
9988,2637068,2639553,2485,mRNA
9989,2639615,2639872,257,mRNA
9990,2640026,2640271,245,mRNA
9991,2640337,2640516,179,mRNA
9992,2640578,2640926,348,mRNA
9993,2641012,2641984,972,mRNA
9994,2635762,2636001,239,mRNA
9995,2637068,2639553,2485,mRNA
9996,2639615,2639872,257,mRNA
9997,2640026,2640271,245,mRNA
9998,2640337,2640516,179,mRNA
9999,2640578,2640926,348,mRNA
10000,2641012,2641984,972,mRNA
10001,2636762,2636814,52,mRNA
10002,2637068,2639553,2485,mRNA
10003,2639615,2639872,257,mRNA
10004,2640026,2640271,245,mRNA
10005,2640337,2640516,179,mRNA
10006,2640578,2640926,348,mRNA
10007,2641012,2641984,972,mRNA
10008,2636905,2636967,62,mRNA
10009,2637068,2639553,2485,mRNA
10010,2639615,2639872,257,mRNA
10011,2640026,2640271,245,mRNA
10012,2640337,2640516,179,mRNA
10013,2640578,2640926,348,mRNA
10014,2641012,2641984,972,mRNA
10015,2637133,2639553,2420,CDS
10016,2639615,2639872,257,CDS
10017,2640026,2640271,245,CDS
10018,2640337,2640516,179,CDS
10019,2640578,2640926,348,CDS
10020,2641012,2641016,4,CDS
10021,2637133,2639553,2420,CDS
10022,2639615,2639872,257,CDS
10023,2640026,2640271,245,CDS
10024,2640337,2640516,179,CDS
10025,2640578,2640926,348,CDS
10026,2641012,2641016,4,CDS
10027,2637133,2639553,2420,CDS
10028,2639615,2639872,257,CDS
10029,2640026,2640271,245,CDS
10030,2640337,2640516,179,CDS
10031,2640578,2640926,348,CDS
10032,2641012,2641016,4,CDS
10033,2637133,2639553,2420,CDS
10034,2639615,2639872,257,CDS
10035,2640026,2640271,245,CDS
10036,2640337,2640516,179,CDS
10037,2640578,2640926,348,CDS
10038,2641012,2641016,4,CDS
10039,2637133,2639553,2420,CDS
10040,2639615,2639872,257,CDS
10041,2640026,2640271,245,CDS
10042,2640337,2640516,179,CDS
10043,2640578,2640926,348,CDS
10044,2641012,2641016,4,CDS
10045,2637133,2639553,2420,CDS
10046,2639615,2639872,257,CDS
10047,2640026,2640271,245,CDS
10048,2640337,2640516,179,CDS
10049,2640578,2640926,348,CDS
10050,2641012,2641016,4,CDS
10051,2637133,2639553,2420,CDS
10052,2639615,2639872,257,CDS
10053,2640026,2640271,245,CDS
10054,2640337,2640516,179,CDS
10055,2640578,2640926,348,CDS
10056,2641012,2641016,4,CDS
10057,2642184,2643424,1240,gene
10058,2643195,2643424,229,mRNA
10059,2642184,2642887,703,mRNA
10060,2643195,2643346,151,CDS
10061,2642413,2642887,474,CDS
10062,2645368,2647192,1824,gene
10063,2645368,2645464,96,mRNA
10064,2645633,2647192,1559,mRNA
10065,2645368,2645464,96,mRNA
10066,2645633,2646605,972,mRNA
10067,2645441,2645464,23,CDS
10068,2645633,2646499,866,CDS
10069,2645441,2645464,23,CDS
10070,2645633,2646499,866,CDS
10071,2648048,2650205,2157,gene
10072,2648048,2648170,122,mRNA
10073,2648413,2648594,181,mRNA
10074,2648664,2648787,123,mRNA
10075,2648856,2649017,161,mRNA
10076,2649072,2649205,133,mRNA
10077,2649257,2650205,948,mRNA
10078,2648048,2648145,97,mRNA
10079,2648222,2648594,372,mRNA
10080,2648664,2648787,123,mRNA
10081,2648856,2649017,161,mRNA
10082,2649072,2649205,133,mRNA
10083,2649257,2650205,948,mRNA
10084,2648048,2648145,97,mRNA
10085,2648413,2648594,181,mRNA
10086,2648664,2648787,123,mRNA
10087,2648856,2649017,161,mRNA
10088,2649072,2649205,133,mRNA
10089,2649257,2650205,948,mRNA
10090,2648437,2648594,157,mRNA
10091,2648664,2648787,123,mRNA
10092,2648856,2649017,161,mRNA
10093,2649072,2649205,133,mRNA
10094,2649257,2650205,948,mRNA
10095,2648532,2648594,62,CDS
10096,2648664,2648787,123,CDS
10097,2648856,2649017,161,CDS
10098,2649072,2649205,133,CDS
10099,2649257,2650087,830,CDS
10100,2648532,2648594,62,CDS
10101,2648664,2648787,123,CDS
10102,2648856,2649017,161,CDS
10103,2649072,2649205,133,CDS
10104,2649257,2650087,830,CDS
10105,2648532,2648594,62,CDS
10106,2648664,2648787,123,CDS
10107,2648856,2649017,161,CDS
10108,2649072,2649205,133,CDS
10109,2649257,2650087,830,CDS
10110,2648532,2648594,62,CDS
10111,2648664,2648787,123,CDS
10112,2648856,2649017,161,CDS
10113,2649072,2649205,133,CDS
10114,2649257,2650087,830,CDS
10115,2650161,2651850,1689,gene
10116,2651656,2651850,194,mRNA
10117,2651342,2651593,251,mRNA
10118,2651019,2651280,261,mRNA
10119,2650161,2650960,799,mRNA
10120,2651656,2651850,194,mRNA
10121,2651334,2651593,259,mRNA
10122,2651019,2651280,261,mRNA
10123,2650161,2650960,799,mRNA
10124,2651656,2651748,92,CDS
10125,2651342,2651593,251,CDS
10126,2651019,2651280,261,CDS
10127,2650191,2650960,769,CDS
10128,2651656,2651748,92,CDS
10129,2651334,2651593,259,CDS
10130,2651262,2651280,18,CDS
10131,2652088,2655455,3367,gene
10132,2652088,2655455,3367,gene
10133,2652088,2653657,1569,mRNA
10134,2653718,2653906,188,mRNA
10135,2653970,2655455,1485,mRNA
10136,2652088,2653657,1569,mRNA
10137,2653718,2653906,188,mRNA
10138,2653970,2655455,1485,mRNA
10139,2652134,2653189,1055,CDS
10140,2653294,2653657,363,mRNA
10141,2653718,2653906,188,mRNA
10142,2653970,2655455,1485,mRNA
10143,2653358,2653657,299,CDS
10144,2653718,2653906,188,CDS
10145,2653970,2655178,1208,CDS
10146,2653358,2653657,299,CDS
10147,2653718,2653906,188,CDS
10148,2653970,2655178,1208,CDS
10149,2655415,2711690,56275,gene
10150,2711352,2711690,338,mRNA
10151,2697696,2697926,230,mRNA
10152,2689489,2689938,449,mRNA
10153,2684553,2684688,135,mRNA
10154,2682221,2682561,340,mRNA
10155,2679619,2679867,248,mRNA
10156,2679213,2679469,256,mRNA
10157,2678898,2679152,254,mRNA
10158,2678538,2678779,241,mRNA
10159,2673586,2673710,124,mRNA
10160,2673065,2673284,219,mRNA
10161,2672829,2672893,64,mRNA
10162,2666877,2667058,181,mRNA
10163,2665911,2666647,736,mRNA
10164,2658477,2659222,745,mRNA
10165,2658214,2658375,161,mRNA
10166,2655415,2657672,2257,mRNA
10167,2711352,2711690,338,mRNA
10168,2697696,2697926,230,mRNA
10169,2689489,2689938,449,mRNA
10170,2684553,2684688,135,mRNA
10171,2682221,2682561,340,mRNA
10172,2679619,2679867,248,mRNA
10173,2679213,2679469,256,mRNA
10174,2678898,2679152,254,mRNA
10175,2678538,2678779,241,mRNA
10176,2673586,2673710,124,mRNA
10177,2673065,2673284,219,mRNA
10178,2672829,2672893,64,mRNA
10179,2666877,2667058,181,mRNA
10180,2665911,2666647,736,mRNA
10181,2664918,2665381,463,mRNA
10182,2658477,2659222,745,mRNA
10183,2658214,2658375,161,mRNA
10184,2655415,2657672,2257,mRNA
10185,2689489,2689524,35,CDS
10186,2684553,2684688,135,CDS
10187,2682221,2682561,340,CDS
10188,2679619,2679867,248,CDS
10189,2679213,2679469,256,CDS
10190,2678898,2679152,254,CDS
10191,2678538,2678779,241,CDS
10192,2673586,2673710,124,CDS
10193,2673065,2673284,219,CDS
10194,2672829,2672893,64,CDS
10195,2666877,2667058,181,CDS
10196,2665911,2666647,736,CDS
10197,2658477,2659222,745,CDS
10198,2658214,2658375,161,CDS
10199,2657481,2657672,191,CDS
10200,2659639,2661501,1862,gene
10201,2659639,2659748,109,mRNA
10202,2659807,2660131,324,mRNA
10203,2660194,2660700,506,mRNA
10204,2660769,2661319,550,mRNA
10205,2661383,2661501,118,mRNA
10206,2659639,2659748,109,mRNA
10207,2659807,2660745,938,mRNA
10208,2659709,2659748,39,CDS
10209,2659807,2660131,324,CDS
10210,2660194,2660700,506,CDS
10211,2660769,2661319,550,CDS
10212,2661383,2661429,46,CDS
10213,2659709,2659748,39,CDS
10214,2659807,2660222,415,CDS
10215,2661622,2663622,2000,gene
10216,2661622,2661705,83,mRNA
10217,2661761,2662085,324,mRNA
10218,2662153,2662274,121,mRNA
10219,2662328,2662586,258,mRNA
10220,2662647,2662748,101,mRNA
10221,2662819,2662939,120,mRNA
10222,2662996,2663270,274,mRNA
10223,2663329,2663456,127,mRNA
10224,2663516,2663622,106,mRNA
10225,2661622,2661705,83,mRNA
10226,2661761,2662085,324,mRNA
10227,2662153,2662274,121,mRNA
10228,2662328,2662586,258,mRNA
10229,2662647,2662748,101,mRNA
10230,2662819,2662939,120,mRNA
10231,2662996,2663270,274,mRNA
10232,2663329,2663456,127,mRNA
10233,2663522,2663622,100,mRNA
10234,2661672,2661705,33,CDS
10235,2661761,2662085,324,CDS
10236,2662153,2662274,121,CDS
10237,2662328,2662586,258,CDS
10238,2662647,2662748,101,CDS
10239,2662819,2662939,120,CDS
10240,2662996,2663270,274,CDS
10241,2663329,2663456,127,CDS
10242,2663516,2663577,61,CDS
10243,2661672,2661705,33,CDS
10244,2661761,2662085,324,CDS
10245,2662153,2662274,121,CDS
10246,2662328,2662586,258,CDS
10247,2662647,2662748,101,CDS
10248,2662819,2662939,120,CDS
10249,2662996,2663270,274,CDS
10250,2663329,2663456,127,CDS
10251,2663522,2663577,55,CDS
10252,2689489,2689524,35,CDS
10253,2684553,2684688,135,CDS
10254,2682221,2682561,340,CDS
10255,2679619,2679867,248,CDS
10256,2679213,2679469,256,CDS
10257,2678898,2679152,254,CDS
10258,2678538,2678779,241,CDS
10259,2673586,2673710,124,CDS
10260,2673065,2673284,219,CDS
10261,2672829,2672893,64,CDS
10262,2666877,2667058,181,CDS
10263,2665911,2666647,736,CDS
10264,2665317,2665381,64,CDS
10265,2711352,2711690,338,mRNA
10266,2697696,2697926,230,mRNA
10267,2689489,2689932,443,mRNA
10268,2684553,2684688,135,mRNA
10269,2682221,2682561,340,mRNA
10270,2679619,2679867,248,mRNA
10271,2679213,2679469,256,mRNA
10272,2678898,2679152,254,mRNA
10273,2678538,2678779,241,mRNA
10274,2673586,2673710,124,mRNA
10275,2673065,2673284,219,mRNA
10276,2670608,2672893,2285,mRNA
10277,2711352,2711690,338,mRNA
10278,2697696,2697926,230,mRNA
10279,2689489,2689938,449,mRNA
10280,2684553,2684688,135,mRNA
10281,2682221,2682561,340,mRNA
10282,2679619,2679867,248,mRNA
10283,2679213,2679469,256,mRNA
10284,2678898,2679152,254,mRNA
10285,2678538,2678779,241,mRNA
10286,2673586,2673710,124,mRNA
10287,2673065,2673284,219,mRNA
10288,2670608,2672893,2285,mRNA
10289,2689489,2689524,35,CDS
10290,2684553,2684688,135,CDS
10291,2682221,2682561,340,CDS
10292,2679619,2679867,248,CDS
10293,2679213,2679469,256,CDS
10294,2678898,2679152,254,CDS
10295,2678538,2678779,241,CDS
10296,2673586,2673710,124,CDS
10297,2673065,2673284,219,CDS
10298,2672823,2672893,70,CDS
10299,2689489,2689524,35,CDS
10300,2684553,2684688,135,CDS
10301,2682221,2682561,340,CDS
10302,2679619,2679867,248,CDS
10303,2679213,2679469,256,CDS
10304,2678898,2679152,254,CDS
10305,2678538,2678779,241,CDS
10306,2673586,2673710,124,CDS
10307,2673065,2673284,219,CDS
10308,2672823,2672893,70,CDS
10309,2717615,2766536,48921,gene
10310,2766258,2766536,278,mRNA
10311,2728645,2729469,824,mRNA
10312,2728420,2728560,140,mRNA
10313,2724677,2724742,65,mRNA
10314,2717615,2724058,6443,mRNA
10315,2761623,2762170,547,mRNA
10316,2728645,2729469,824,mRNA
10317,2728420,2728560,140,mRNA
10318,2724677,2724742,65,mRNA
10319,2719415,2724058,4643,mRNA
10320,2734422,2734680,258,mRNA
10321,2728645,2729469,824,mRNA
10322,2728420,2728560,140,mRNA
10323,2724677,2724742,65,mRNA
10324,2719689,2724058,4369,mRNA
10325,2761623,2761686,63,CDS
10326,2728645,2729469,824,CDS
10327,2728420,2728560,140,CDS
10328,2724677,2724742,65,CDS
10329,2719788,2724058,4270,CDS
10330,2728645,2728654,9,CDS
10331,2728420,2728560,140,CDS
10332,2724677,2724742,65,CDS
10333,2719788,2724058,4270,CDS
10334,2728645,2728654,9,CDS
10335,2728420,2728560,140,CDS
10336,2724677,2724742,65,CDS
10337,2719788,2724058,4270,CDS
10338,2739750,2740228,478,gene
10339,2739750,2740228,478,mRNA
10340,2739773,2740120,347,CDS
10341,2751511,2755714,4203,mobile_element
10342,2766999,2768392,1393,gene
10343,2766999,2767142,143,mRNA
10344,2767217,2768392,1175,mRNA
10345,2767268,2768002,734,CDS
10346,2768466,2772325,3859,gene
10347,2771268,2772325,1057,mRNA
10348,2770042,2770491,449,mRNA
10349,2768466,2769977,1511,mRNA
10350,2771268,2771789,521,CDS
10351,2770042,2770491,449,CDS
10352,2769384,2769977,593,CDS
10353,2772560,2774007,1447,gene
10354,2773399,2774007,608,mRNA
10355,2773105,2773304,199,mRNA
10356,2772560,2773046,486,mRNA
10357,2773399,2773902,503,CDS
10358,2773105,2773304,199,CDS
10359,2772608,2773046,438,CDS
10360,2774338,2780677,6339,gene
10361,2774338,2774493,155,mRNA
10362,2774568,2780677,6109,mRNA
10363,2774338,2774486,148,mRNA
10364,2774568,2780677,6109,mRNA
10365,2774693,2780413,5720,CDS
10366,2774693,2780413,5720,CDS
10367,2780899,2782105,1206,gene
10368,2780899,2781130,231,mRNA
10369,2781194,2782105,911,mRNA
10370,2781013,2781130,117,CDS
10371,2781194,2782056,862,CDS
10372,2782255,2786010,3755,gene
10373,2782255,2782555,300,mRNA
10374,2782738,2783472,734,mRNA
10375,2783736,2784501,765,mRNA
10376,2784996,2786010,1014,mRNA
10377,2782255,2782496,241,mRNA
10378,2782738,2783472,734,mRNA
10379,2783736,2784501,765,mRNA
10380,2784996,2786010,1014,mRNA
10381,2782255,2782413,158,mRNA
10382,2782738,2783472,734,mRNA
10383,2783736,2784501,765,mRNA
10384,2784996,2786010,1014,mRNA
10385,2782901,2783472,571,CDS
10386,2783736,2784501,765,CDS
10387,2784996,2785658,662,CDS
10388,2782901,2783472,571,CDS
10389,2783736,2784501,765,CDS
10390,2784996,2785658,662,CDS
10391,2782901,2783472,571,CDS
10392,2783736,2784501,765,CDS
10393,2784996,2785658,662,CDS
10394,2786207,2879158,92951,gene
10395,2878533,2879158,625,mRNA
10396,2869941,2872750,2809,mRNA
10397,2869449,2869589,140,mRNA
10398,2851559,2851696,137,mRNA
10399,2796292,2796681,389,mRNA
10400,2792502,2795034,2532,mRNA
10401,2792233,2792437,204,mRNA
10402,2792006,2792169,163,mRNA
10403,2791432,2791945,513,mRNA
10404,2786207,2791277,5070,mRNA
10405,2878533,2879158,625,mRNA
10406,2869941,2872750,2809,mRNA
10407,2869449,2869589,140,mRNA
10408,2864043,2864060,17,mRNA
10409,2851559,2851696,137,mRNA
10410,2796292,2796681,389,mRNA
10411,2792502,2795034,2532,mRNA
10412,2792233,2792437,204,mRNA
10413,2792006,2792169,163,mRNA
10414,2791432,2791945,513,mRNA
10415,2786207,2791277,5070,mRNA
10416,2820059,2821103,1044,mRNA
10417,2796292,2796678,386,mRNA
10418,2792502,2795034,2532,mRNA
10419,2792233,2792437,204,mRNA
10420,2792006,2792169,163,mRNA
10421,2791432,2791945,513,mRNA
10422,2786207,2791277,5070,mRNA
10423,2878533,2879158,625,mRNA
10424,2869941,2872750,2809,mRNA
10425,2869449,2869757,308,mRNA
10426,2851559,2851696,137,mRNA
10427,2796292,2796678,386,mRNA
10428,2792502,2795034,2532,mRNA
10429,2792233,2792437,204,mRNA
10430,2792006,2792169,163,mRNA
10431,2791432,2791945,513,mRNA
10432,2786487,2791277,4790,mRNA
10433,2878533,2879158,625,mRNA
10434,2869941,2872750,2809,mRNA
10435,2869449,2869757,308,mRNA
10436,2864043,2864060,17,mRNA
10437,2851559,2851696,137,mRNA
10438,2796292,2796678,386,mRNA
10439,2792502,2795034,2532,mRNA
10440,2792233,2792437,204,mRNA
10441,2792006,2792169,163,mRNA
10442,2791432,2791945,513,mRNA
10443,2786487,2791277,4790,mRNA
10444,2820059,2821103,1044,mRNA
10445,2796292,2796681,389,mRNA
10446,2792502,2795034,2532,mRNA
10447,2792233,2792437,204,mRNA
10448,2792006,2792169,163,mRNA
10449,2791432,2791945,513,mRNA
10450,2786487,2791277,4790,mRNA
10451,2869941,2871710,1769,CDS
10452,2869449,2869589,140,CDS
10453,2851559,2851696,137,CDS
10454,2796292,2796681,389,CDS
10455,2792502,2795034,2532,CDS
10456,2792233,2792437,204,CDS
10457,2792006,2792169,163,CDS
10458,2791432,2791945,513,CDS
10459,2788550,2791277,2727,CDS
10460,2869941,2871710,1769,CDS
10461,2869449,2869589,140,CDS
10462,2864043,2864060,17,CDS
10463,2851559,2851696,137,CDS
10464,2796292,2796681,389,CDS
10465,2792502,2795034,2532,CDS
10466,2792233,2792437,204,CDS
10467,2792006,2792169,163,CDS
10468,2791432,2791945,513,CDS
10469,2788550,2791277,2727,CDS
10470,2869941,2871710,1769,CDS
10471,2869449,2869757,308,CDS
10472,2851559,2851696,137,CDS
10473,2796292,2796678,386,CDS
10474,2792502,2795034,2532,CDS
10475,2792233,2792437,204,CDS
10476,2792006,2792169,163,CDS
10477,2791432,2791945,513,CDS
10478,2788550,2791277,2727,CDS
10479,2869941,2871710,1769,CDS
10480,2869449,2869757,308,CDS
10481,2864043,2864060,17,CDS
10482,2851559,2851696,137,CDS
10483,2796292,2796678,386,CDS
10484,2792502,2795034,2532,CDS
10485,2792233,2792437,204,CDS
10486,2792006,2792169,163,CDS
10487,2791432,2791945,513,CDS
10488,2788550,2791277,2727,CDS
10489,2796292,2796318,26,CDS
10490,2792502,2795034,2532,CDS
10491,2792233,2792437,204,CDS
10492,2792006,2792169,163,CDS
10493,2791432,2791945,513,CDS
10494,2788550,2791277,2727,CDS
10495,2796292,2796318,26,CDS
10496,2792502,2795034,2532,CDS
10497,2792233,2792437,204,CDS
10498,2792006,2792169,163,CDS
10499,2791432,2791945,513,CDS
10500,2788550,2791277,2727,CDS
10501,2882814,2883400,586,gene
10502,2882814,2883400,586,ncRNA
10503,2883641,2892166,8525,gene
10504,2891867,2892166,299,mRNA
10505,2889101,2889245,144,mRNA
10506,2888890,2889044,154,mRNA
10507,2886689,2886952,263,mRNA
10508,2885896,2886408,512,mRNA
10509,2883641,2884259,618,mRNA
10510,2889101,2889163,62,CDS
10511,2888890,2889044,154,CDS
10512,2886689,2886952,263,CDS
10513,2885896,2886408,512,CDS
10514,2884091,2884259,168,CDS
10515,2895017,2959579,64562,gene
10516,2895017,2895094,77,mRNA
10517,2897244,2897429,185,mRNA
10518,2923556,2923923,367,mRNA
10519,2924078,2925476,1398,mRNA
10520,2940781,2941624,843,mRNA
10521,2947802,2948013,211,mRNA
10522,2948479,2948892,413,mRNA
10523,2951994,2952107,113,mRNA
10524,2954685,2955846,1161,mRNA
10525,2955912,2956105,193,mRNA
10526,2956166,2956436,270,mRNA
10527,2957331,2959579,2248,mRNA
10528,2895120,2895284,164,mRNA
10529,2897244,2897429,185,mRNA
10530,2923556,2923923,367,mRNA
10531,2924075,2925476,1401,mRNA
10532,2940781,2941624,843,mRNA
10533,2942566,2942655,89,mRNA
10534,2947877,2948013,136,mRNA
10535,2948479,2948892,413,mRNA
10536,2951994,2952107,113,mRNA
10537,2954685,2955846,1161,mRNA
10538,2955912,2956105,193,mRNA
10539,2956166,2956436,270,mRNA
10540,2957331,2959579,2248,mRNA
10541,2895120,2895284,164,mRNA
10542,2897244,2897429,185,mRNA
10543,2923556,2923923,367,mRNA
10544,2924075,2925476,1401,mRNA
10545,2940781,2941624,843,mRNA
10546,2947877,2948013,136,mRNA
10547,2948479,2948892,413,mRNA
10548,2951994,2952107,113,mRNA
10549,2952653,2952810,157,mRNA
10550,2953012,2953979,967,mRNA
10551,2895120,2895284,164,mRNA
10552,2897244,2897429,185,mRNA
10553,2923556,2923923,367,mRNA
10554,2924075,2925476,1401,mRNA
10555,2940781,2941624,843,mRNA
10556,2947877,2948013,136,mRNA
10557,2948479,2948892,413,mRNA
10558,2951994,2952107,113,mRNA
10559,2953012,2953979,967,mRNA
10560,2895120,2895182,62,mRNA
10561,2897244,2897429,185,mRNA
10562,2923556,2923923,367,mRNA
10563,2924075,2925476,1401,mRNA
10564,2940781,2941624,843,mRNA
10565,2942566,2942655,89,mRNA
10566,2947877,2948013,136,mRNA
10567,2948479,2948892,413,mRNA
10568,2951994,2952107,113,mRNA
10569,2953012,2953979,967,mRNA
10570,2896743,2896787,44,mRNA
10571,2897244,2897429,185,mRNA
10572,2923556,2923923,367,mRNA
10573,2924075,2925476,1401,mRNA
10574,2940781,2941624,843,mRNA
10575,2947802,2948013,211,mRNA
10576,2948479,2948892,413,mRNA
10577,2951994,2952107,113,mRNA
10578,2954685,2955846,1161,mRNA
10579,2955912,2956105,193,mRNA
10580,2956166,2956436,270,mRNA
10581,2957331,2959579,2248,mRNA
10582,2896743,2896787,44,mRNA
10583,2897244,2897429,185,mRNA
10584,2923556,2923923,367,mRNA
10585,2924075,2925476,1401,mRNA
10586,2940781,2941624,843,mRNA
10587,2947877,2948013,136,mRNA
10588,2948479,2948892,413,mRNA
10589,2951994,2952107,113,mRNA
10590,2954685,2955846,1161,mRNA
10591,2955912,2956105,193,mRNA
10592,2956166,2956436,270,mRNA
10593,2956821,2956873,52,mRNA
10594,2957331,2959579,2248,mRNA
10595,2896743,2896787,44,mRNA
10596,2897244,2897429,185,mRNA
10597,2923556,2923923,367,mRNA
10598,2924075,2925476,1401,mRNA
10599,2940781,2941624,843,mRNA
10600,2947802,2948013,211,mRNA
10601,2948479,2948892,413,mRNA
10602,2951994,2952107,113,mRNA
10603,2953012,2953979,967,mRNA
10604,2896743,2896787,44,mRNA
10605,2897244,2897429,185,mRNA
10606,2923556,2923923,367,mRNA
10607,2924075,2925476,1401,mRNA
10608,2940781,2941624,843,mRNA
10609,2947802,2948013,211,mRNA
10610,2948479,2948892,413,mRNA
10611,2953012,2953979,967,mRNA
10612,2896743,2896787,44,mRNA
10613,2897244,2897429,185,mRNA
10614,2923556,2923923,367,mRNA
10615,2924075,2925476,1401,mRNA
10616,2940781,2941624,843,mRNA
10617,2944023,2946408,2385,mRNA
10618,2915024,2916654,1630,gene
10619,2915024,2916654,1630,mRNA
10620,2915134,2916588,1454,CDS
10621,2924082,2925476,1394,CDS
10622,2940781,2941624,843,CDS
10623,2942566,2942655,89,CDS
10624,2947877,2948013,136,CDS
10625,2948479,2948892,413,CDS
10626,2951994,2952107,113,CDS
10627,2954685,2955846,1161,CDS
10628,2955912,2956105,193,CDS
10629,2956166,2956436,270,CDS
10630,2957331,2957533,202,CDS
10631,2924082,2925476,1394,CDS
10632,2940781,2941624,843,CDS
10633,2947802,2948013,211,CDS
10634,2948479,2948892,413,CDS
10635,2951994,2952107,113,CDS
10636,2954685,2955846,1161,CDS
10637,2955912,2956105,193,CDS
10638,2956166,2956436,270,CDS
10639,2957331,2957533,202,CDS
10640,2924082,2925476,1394,CDS
10641,2940781,2941624,843,CDS
10642,2947802,2948013,211,CDS
10643,2948479,2948892,413,CDS
10644,2951994,2952107,113,CDS
10645,2954685,2955846,1161,CDS
10646,2955912,2956105,193,CDS
10647,2956166,2956436,270,CDS
10648,2957331,2957533,202,CDS
10649,2924082,2925476,1394,CDS
10650,2940781,2941624,843,CDS
10651,2947877,2948013,136,CDS
10652,2948479,2948892,413,CDS
10653,2951994,2952107,113,CDS
10654,2954685,2955846,1161,CDS
10655,2955912,2956105,193,CDS
10656,2956166,2956436,270,CDS
10657,2956821,2956873,52,CDS
10658,2957331,2957360,29,CDS
10659,2924082,2925476,1394,CDS
10660,2940781,2941624,843,CDS
10661,2942566,2942655,89,CDS
10662,2947877,2948013,136,CDS
10663,2948479,2948892,413,CDS
10664,2951994,2952107,113,CDS
10665,2953012,2953065,53,CDS
10666,2924082,2925476,1394,CDS
10667,2940781,2941624,843,CDS
10668,2947802,2948013,211,CDS
10669,2948479,2948892,413,CDS
10670,2951994,2952107,113,CDS
10671,2953012,2953065,53,CDS
10672,2924082,2925476,1394,CDS
10673,2940781,2941624,843,CDS
10674,2947802,2948013,211,CDS
10675,2948479,2948892,413,CDS
10676,2953012,2953065,53,CDS
10677,2924082,2925476,1394,CDS
10678,2940781,2941624,843,CDS
10679,2947877,2948013,136,CDS
10680,2948479,2948892,413,CDS
10681,2951994,2952107,113,CDS
10682,2953012,2953065,53,CDS
10683,2924082,2925476,1394,CDS
10684,2940781,2941624,843,CDS
10685,2947877,2948013,136,CDS
10686,2948479,2948892,413,CDS
10687,2951994,2952107,113,CDS
10688,2952653,2952784,131,CDS
10689,2924082,2925476,1394,CDS
10690,2940781,2941624,843,CDS
10691,2944023,2944183,160,CDS
10692,2927894,2936114,8220,mobile_element
10693,2950174,2951618,1444,gene
10694,2951496,2951618,122,mRNA
10695,2951258,2951440,182,mRNA
10696,2950174,2951194,1020,mRNA
10697,2951258,2951618,360,mRNA
10698,2950174,2951194,1020,mRNA
10699,2951496,2951523,27,CDS
10700,2951258,2951440,182,CDS
10701,2950335,2951194,859,CDS
10702,2951258,2951387,129,CDS
10703,2950335,2951194,859,CDS
10704,2959722,2961049,1327,gene
10705,2960601,2961049,448,mRNA
10706,2960014,2960540,526,mRNA
10707,2959722,2959947,225,mRNA
10708,2960601,2961003,402,CDS
10709,2960014,2960540,526,CDS
10710,2959900,2959947,47,CDS
10711,2961534,2963788,2254,gene
10712,2961534,2961874,340,mRNA
10713,2961934,2962030,96,mRNA
10714,2962095,2962239,144,mRNA
10715,2962289,2962661,372,mRNA
10716,2962723,2962888,165,mRNA
10717,2962938,2963043,105,mRNA
10718,2963122,2963226,104,mRNA
10719,2963296,2963451,155,mRNA
10720,2963560,2963788,228,mRNA
10721,2961534,2961874,340,mRNA
10722,2961934,2962030,96,mRNA
10723,2962095,2962239,144,mRNA
10724,2962289,2962483,194,mRNA
10725,2962557,2962661,104,mRNA
10726,2962723,2962888,165,mRNA
10727,2962938,2963043,105,mRNA
10728,2963122,2963226,104,mRNA
10729,2963296,2963451,155,mRNA
10730,2963560,2963788,228,mRNA
10731,2961744,2961874,130,CDS
10732,2961934,2962030,96,CDS
10733,2962095,2962239,144,CDS
10734,2962289,2962483,194,CDS
10735,2962557,2962661,104,CDS
10736,2962723,2962888,165,CDS
10737,2962938,2963043,105,CDS
10738,2963122,2963226,104,CDS
10739,2963296,2963451,155,CDS
10740,2963560,2963616,56,CDS
10741,2961744,2961874,130,CDS
10742,2961934,2962030,96,CDS
10743,2962095,2962239,144,CDS
10744,2962289,2962491,202,CDS
10745,2966778,2974144,7366,mobile_element
10746,2975518,2976203,685,gene
10747,2976127,2976203,76,ncRNA
10748,2975518,2976068,550,ncRNA
10749,2981022,2983551,2529,gene
10750,2981022,2982186,1164,mRNA
10751,2982248,2983042,794,mRNA
10752,2983160,2983551,391,mRNA
10753,2981123,2982186,1063,CDS
10754,2982248,2983042,794,CDS
10755,2983160,2983304,144,CDS
10756,2995172,2996155,983,gene
10757,2995172,2995264,92,mRNA
10758,2995323,2996155,832,mRNA
10759,2995172,2995264,92,mRNA
10760,2995335,2996155,820,mRNA
10761,2995250,2995264,14,CDS
10762,2995323,2995859,536,CDS
10763,2995250,2995264,14,CDS
10764,2995335,2995859,524,CDS
10765,3001716,3011860,10144,gene
10766,3001716,3002295,579,mRNA
10767,3008529,3011860,3331,mRNA
10768,3001990,3002295,305,mRNA
10769,3008529,3011860,3331,mRNA
10770,3003416,3003721,305,mRNA
10771,3008529,3011860,3331,mRNA
10772,3008746,3010395,1649,CDS
10773,3008746,3010395,1649,CDS
10774,3008746,3010395,1649,CDS
10775,3014761,3016069,1308,gene
10776,3015306,3016069,763,mRNA
10777,3014761,3015241,480,mRNA
10778,3015306,3016069,763,mRNA
10779,3014966,3015241,275,mRNA
10780,3015306,3016048,742,CDS
10781,3015061,3015241,180,CDS
10782,3015306,3016048,742,CDS
10783,3015061,3015241,180,CDS
10784,3016150,3017256,1106,gene
10785,3016446,3017256,810,mRNA
10786,3016150,3016378,228,mRNA
10787,3016446,3017215,769,CDS
10788,3016186,3016378,192,CDS
10789,3024129,3026521,2392,gene
10790,3026324,3026521,197,mRNA
10791,3025985,3026260,275,mRNA
10792,3024129,3025921,1792,mRNA
10793,3026324,3026432,108,mRNA
10794,3025985,3026260,275,mRNA
10795,3024532,3025921,1389,mRNA
10796,3026324,3026424,100,CDS
10797,3025985,3026260,275,CDS
10798,3024592,3025921,1329,CDS
10799,3026324,3026424,100,CDS
10800,3025985,3026260,275,CDS
10801,3024592,3025921,1329,CDS
10802,3035196,3040469,5273,gene
10803,3035196,3035364,168,mRNA
10804,3036491,3036661,170,mRNA
10805,3036729,3036901,172,mRNA
10806,3037784,3037961,177,mRNA
10807,3038123,3038567,444,mRNA
10808,3038729,3038905,176,mRNA
10809,3038964,3039257,293,mRNA
10810,3039326,3039515,189,mRNA
10811,3039579,3039818,239,mRNA
10812,3039927,3040469,542,mRNA
10813,3035196,3035364,168,mRNA
10814,3036491,3036661,170,mRNA
10815,3036729,3036901,172,mRNA
10816,3037784,3037961,177,mRNA
10817,3038123,3038567,444,mRNA
10818,3038729,3038905,176,mRNA
10819,3038964,3039257,293,mRNA
10820,3039326,3039515,189,mRNA
10821,3039579,3039818,239,mRNA
10822,3039927,3040469,542,mRNA
10823,3035294,3035364,70,CDS
10824,3036491,3036661,170,CDS
10825,3036729,3036901,172,CDS
10826,3037784,3037961,177,CDS
10827,3038123,3038567,444,CDS
10828,3038729,3038905,176,CDS
10829,3038964,3039257,293,CDS
10830,3039326,3039515,189,CDS
10831,3039579,3039818,239,CDS
10832,3039927,3039976,49,CDS
10833,3036868,3036901,33,CDS
10834,3037784,3037961,177,CDS
10835,3038123,3038567,444,CDS
10836,3038729,3038905,176,CDS
10837,3038964,3039257,293,CDS
10838,3039326,3039515,189,CDS
10839,3039579,3039818,239,CDS
10840,3039927,3039976,49,CDS
10841,3038343,3038567,224,mRNA
10842,3038729,3038905,176,mRNA
10843,3038964,3039257,293,mRNA
10844,3039326,3039515,189,mRNA
10845,3039579,3039818,239,mRNA
10846,3039927,3040469,542,mRNA
10847,3038732,3038905,173,CDS
10848,3038964,3039257,293,CDS
10849,3039326,3039515,189,CDS
10850,3039579,3039818,239,CDS
10851,3039927,3039976,49,CDS
10852,3040378,3042111,1733,mobile_element
10853,3042359,3044174,1815,gene
10854,3042359,3042450,91,mRNA
10855,3043045,3043205,160,mRNA
10856,3043272,3043389,117,mRNA
10857,3043441,3043846,405,mRNA
10858,3043905,3044174,269,mRNA
10859,3042550,3042772,222,mRNA
10860,3043045,3043205,160,mRNA
10861,3043272,3043389,117,mRNA
10862,3043441,3043846,405,mRNA
10863,3043905,3044174,269,mRNA
10864,3042721,3042772,51,mRNA
10865,3043045,3043205,160,mRNA
10866,3043272,3043389,117,mRNA
10867,3043441,3043846,405,mRNA
10868,3043905,3044174,269,mRNA
10869,3043052,3043205,153,CDS
10870,3043272,3043389,117,CDS
10871,3043441,3043846,405,CDS
10872,3043905,3043955,50,CDS
10873,3043052,3043205,153,CDS
10874,3043272,3043389,117,CDS
10875,3043441,3043846,405,CDS
10876,3043905,3043955,50,CDS
10877,3043052,3043205,153,CDS
10878,3043272,3043389,117,CDS
10879,3043441,3043846,405,CDS
10880,3043905,3043955,50,CDS
10881,3044113,3046812,2699,gene
10882,3046637,3046812,175,mRNA
10883,3045723,3046216,493,mRNA
10884,3044973,3045131,158,mRNA
10885,3044113,3044869,756,mRNA
10886,3046637,3046751,114,CDS
10887,3045723,3046216,493,CDS
10888,3044973,3045131,158,CDS
10889,3044846,3044869,23,CDS
10890,3047087,3050159,3072,gene
10891,3047087,3048166,1079,mRNA
10892,3048646,3050159,1513,mRNA
10893,3047190,3048166,976,CDS
10894,3048646,3049654,1008,CDS
10895,3050323,3051765,1442,gene
10896,3050323,3050697,374,mRNA
10897,3051005,3051765,760,mRNA
10898,3050539,3050697,158,CDS
10899,3051005,3051514,509,CDS
10900,3051802,3051984,182,mobile_element
10901,3052514,3054906,2392,gene
10902,3052514,3053027,513,mRNA
10903,3053241,3053740,499,mRNA
10904,3053798,3054250,452,mRNA
10905,3054317,3054906,589,mRNA
10906,3052514,3053027,513,mRNA
10907,3053241,3053740,499,mRNA
10908,3053798,3054250,452,mRNA
10909,3054317,3054480,163,mRNA
10910,3054540,3054906,366,mRNA
10911,3052659,3052856,197,mRNA
10912,3052934,3053027,93,mRNA
10913,3053241,3053740,499,mRNA
10914,3053798,3054250,452,mRNA
10915,3054317,3054480,163,mRNA
10916,3054540,3054906,366,mRNA
10917,3052659,3052856,197,mRNA
10918,3052934,3053027,93,mRNA
10919,3053241,3053500,259,mRNA
10920,3053552,3053740,188,mRNA
10921,3053798,3054250,452,mRNA
10922,3054317,3054480,163,mRNA
10923,3054540,3054906,366,mRNA
10924,3052674,3052856,182,CDS
10925,3052934,3053027,93,CDS
10926,3053241,3053740,499,CDS
10927,3053798,3054250,452,CDS
10928,3054317,3054480,163,CDS
10929,3054540,3054816,276,CDS
10930,3052674,3052856,182,CDS
10931,3052934,3053027,93,CDS
10932,3053241,3053500,259,CDS
10933,3053552,3053740,188,CDS
10934,3053798,3054250,452,CDS
10935,3054317,3054480,163,CDS
10936,3054540,3054816,276,CDS
10937,3053414,3053740,326,CDS
10938,3053798,3054250,452,CDS
10939,3054317,3054480,163,CDS
10940,3054540,3054816,276,CDS
10941,3053414,3053740,326,CDS
10942,3053798,3054250,452,CDS
10943,3054317,3054691,374,CDS
10944,3055079,3055842,763,gene
10945,3055079,3055842,763,mRNA
10946,3055156,3055689,533,CDS
10947,3055908,3070839,14931,gene
10948,3070162,3070839,677,mRNA
10949,3058066,3058124,58,mRNA
10950,3057829,3057943,114,mRNA
10951,3057641,3057764,123,mRNA
10952,3057430,3057582,152,mRNA
10953,3056993,3057270,277,mRNA
10954,3056819,3056922,103,mRNA
10955,3055908,3056752,844,mRNA
10956,3070162,3070539,377,CDS
10957,3058066,3058124,58,CDS
10958,3057829,3057943,114,CDS
10959,3057641,3057764,123,CDS
10960,3057430,3057582,152,CDS
10961,3056993,3057270,277,CDS
10962,3056819,3056922,103,CDS
10963,3056725,3056752,27,CDS
10964,3061338,3069864,8526,mobile_element
10965,3071133,3090406,19273,gene
10966,3071133,3071307,174,mRNA
10967,3073081,3073478,397,mRNA
10968,3083733,3083809,76,mRNA
10969,3084808,3084900,92,mRNA
10970,3085204,3085800,596,mRNA
10971,3085865,3086336,471,mRNA
10972,3086398,3086514,116,mRNA
10973,3086949,3087069,120,mRNA
10974,3087133,3087255,122,mRNA
10975,3087311,3087440,129,mRNA
10976,3087506,3087642,136,mRNA
10977,3087699,3087890,191,mRNA
10978,3087957,3088119,162,mRNA
10979,3088192,3090406,2214,mRNA
10980,3071133,3071189,56,mRNA
10981,3073081,3073478,397,mRNA
10982,3083733,3083809,76,mRNA
10983,3084808,3084900,92,mRNA
10984,3085204,3085800,596,mRNA
10985,3085865,3086336,471,mRNA
10986,3086398,3086514,116,mRNA
10987,3086949,3087069,120,mRNA
10988,3087133,3087255,122,mRNA
10989,3087311,3087440,129,mRNA
10990,3087506,3087642,136,mRNA
10991,3087699,3087890,191,mRNA
10992,3087957,3088119,162,mRNA
10993,3088192,3090406,2214,mRNA
10994,3071133,3071307,174,mRNA
10995,3073081,3073478,397,mRNA
10996,3079986,3080028,42,mRNA
10997,3083733,3083809,76,mRNA
10998,3084808,3084900,92,mRNA
10999,3085204,3085800,596,mRNA
11000,3085865,3086336,471,mRNA
11001,3086398,3086514,116,mRNA
11002,3086949,3087069,120,mRNA
11003,3087133,3087255,122,mRNA
11004,3087311,3087440,129,mRNA
11005,3087506,3087642,136,mRNA
11006,3087699,3087890,191,mRNA
11007,3087957,3088119,162,mRNA
11008,3088192,3088634,442,mRNA
11009,3071133,3071307,174,mRNA
11010,3073081,3073478,397,mRNA
11011,3083733,3083809,76,mRNA
11012,3085204,3085800,596,mRNA
11013,3085865,3086336,471,mRNA
11014,3086398,3086514,116,mRNA
11015,3086949,3087069,120,mRNA
11016,3087133,3087255,122,mRNA
11017,3087311,3087440,129,mRNA
11018,3087506,3087642,136,mRNA
11019,3087699,3087890,191,mRNA
11020,3087957,3088119,162,mRNA
11021,3088192,3088634,442,mRNA
11022,3071133,3071297,164,mRNA
11023,3073081,3073478,397,mRNA
11024,3083733,3083809,76,mRNA
11025,3084808,3084900,92,mRNA
11026,3085204,3085800,596,mRNA
11027,3085865,3086336,471,mRNA
11028,3086398,3086514,116,mRNA
11029,3086949,3087069,120,mRNA
11030,3087133,3087255,122,mRNA
11031,3087311,3087440,129,mRNA
11032,3087506,3087642,136,mRNA
11033,3087699,3087890,191,mRNA
11034,3087957,3088119,162,mRNA
11035,3088192,3088634,442,mRNA
11036,3071133,3071189,56,mRNA
11037,3071257,3071307,50,mRNA
11038,3073081,3073478,397,mRNA
11039,3083733,3083809,76,mRNA
11040,3084808,3084900,92,mRNA
11041,3085204,3085800,596,mRNA
11042,3085865,3086336,471,mRNA
11043,3086398,3086514,116,mRNA
11044,3086949,3087069,120,mRNA
11045,3087133,3087255,122,mRNA
11046,3087311,3087440,129,mRNA
11047,3087506,3087642,136,mRNA
11048,3087699,3087890,191,mRNA
11049,3087957,3088119,162,mRNA
11050,3088192,3088634,442,mRNA
11051,3071133,3071189,56,mRNA
11052,3073081,3073478,397,mRNA
11053,3083733,3083809,76,mRNA
11054,3085204,3085800,596,mRNA
11055,3085865,3086336,471,mRNA
11056,3086398,3086514,116,mRNA
11057,3086949,3087069,120,mRNA
11058,3087133,3087255,122,mRNA
11059,3087311,3087440,129,mRNA
11060,3087506,3087642,136,mRNA
11061,3087699,3087890,191,mRNA
11062,3087957,3088119,162,mRNA
11063,3088192,3088634,442,mRNA
11064,3072547,3072760,213,mRNA
11065,3073081,3073478,397,mRNA
11066,3083733,3083809,76,mRNA
11067,3084808,3084900,92,mRNA
11068,3085204,3085800,596,mRNA
11069,3085865,3086336,471,mRNA
11070,3086398,3086514,116,mRNA
11071,3086949,3087069,120,mRNA
11072,3087133,3087255,122,mRNA
11073,3087311,3087440,129,mRNA
11074,3087506,3087642,136,mRNA
11075,3087699,3087890,191,mRNA
11076,3087957,3088119,162,mRNA
11077,3088192,3088634,442,mRNA
11078,3072547,3072686,139,mRNA
11079,3073081,3073478,397,mRNA
11080,3083733,3083809,76,mRNA
11081,3084808,3084900,92,mRNA
11082,3085204,3085800,596,mRNA
11083,3085865,3086336,471,mRNA
11084,3086398,3086514,116,mRNA
11085,3086949,3087069,120,mRNA
11086,3087133,3087255,122,mRNA
11087,3087311,3087440,129,mRNA
11088,3087506,3087642,136,mRNA
11089,3087699,3087890,191,mRNA
11090,3087957,3088119,162,mRNA
11091,3088192,3088634,442,mRNA
11092,3072547,3072616,69,mRNA
11093,3073081,3073478,397,mRNA
11094,3083733,3083809,76,mRNA
11095,3084808,3084900,92,mRNA
11096,3085204,3085800,596,mRNA
11097,3085865,3086336,471,mRNA
11098,3086398,3086514,116,mRNA
11099,3086949,3087069,120,mRNA
11100,3087133,3087255,122,mRNA
11101,3087311,3087440,129,mRNA
11102,3087506,3087642,136,mRNA
11103,3087699,3087890,191,mRNA
11104,3087957,3088119,162,mRNA
11105,3088192,3088634,442,mRNA
11106,3073207,3073478,271,mRNA
11107,3083733,3083809,76,mRNA
11108,3085204,3085800,596,mRNA
11109,3085865,3086336,471,mRNA
11110,3086398,3086514,116,mRNA
11111,3086949,3087069,120,mRNA
11112,3087133,3087255,122,mRNA
11113,3087311,3087440,129,mRNA
11114,3087506,3087642,136,mRNA
11115,3087699,3087890,191,mRNA
11116,3087957,3088119,162,mRNA
11117,3088192,3090406,2214,mRNA
11118,3073445,3073478,33,CDS
11119,3083733,3083809,76,CDS
11120,3084808,3084900,92,CDS
11121,3085204,3085800,596,CDS
11122,3085865,3086336,471,CDS
11123,3086398,3086514,116,CDS
11124,3086949,3087069,120,CDS
11125,3087133,3087255,122,CDS
11126,3087311,3087440,129,CDS
11127,3087506,3087642,136,CDS
11128,3087699,3087890,191,CDS
11129,3087957,3088119,162,CDS
11130,3088192,3088302,110,CDS
11131,3073445,3073478,33,CDS
11132,3083733,3083809,76,CDS
11133,3084808,3084900,92,CDS
11134,3085204,3085800,596,CDS
11135,3085865,3086336,471,CDS
11136,3086398,3086514,116,CDS
11137,3086949,3087069,120,CDS
11138,3087133,3087255,122,CDS
11139,3087311,3087440,129,CDS
11140,3087506,3087642,136,CDS
11141,3087699,3087890,191,CDS
11142,3087957,3088119,162,CDS
11143,3088192,3088302,110,CDS
11144,3073445,3073478,33,CDS
11145,3083733,3083809,76,CDS
11146,3084808,3084900,92,CDS
11147,3085204,3085800,596,CDS
11148,3085865,3086336,471,CDS
11149,3086398,3086514,116,CDS
11150,3086949,3087069,120,CDS
11151,3087133,3087255,122,CDS
11152,3087311,3087440,129,CDS
11153,3087506,3087642,136,CDS
11154,3087699,3087890,191,CDS
11155,3087957,3088119,162,CDS
11156,3088192,3088302,110,CDS
11157,3073445,3073478,33,CDS
11158,3083733,3083809,76,CDS
11159,3084808,3084900,92,CDS
11160,3085204,3085800,596,CDS
11161,3085865,3086336,471,CDS
11162,3086398,3086514,116,CDS
11163,3086949,3087069,120,CDS
11164,3087133,3087255,122,CDS
11165,3087311,3087440,129,CDS
11166,3087506,3087642,136,CDS
11167,3087699,3087890,191,CDS
11168,3087957,3088119,162,CDS
11169,3088192,3088302,110,CDS
11170,3073445,3073478,33,CDS
11171,3083733,3083809,76,CDS
11172,3084808,3084900,92,CDS
11173,3085204,3085800,596,CDS
11174,3085865,3086336,471,CDS
11175,3086398,3086514,116,CDS
11176,3086949,3087069,120,CDS
11177,3087133,3087255,122,CDS
11178,3087311,3087440,129,CDS
11179,3087506,3087642,136,CDS
11180,3087699,3087890,191,CDS
11181,3087957,3088119,162,CDS
11182,3088192,3088302,110,CDS
11183,3073445,3073478,33,CDS
11184,3083733,3083809,76,CDS
11185,3084808,3084900,92,CDS
11186,3085204,3085800,596,CDS
11187,3085865,3086336,471,CDS
11188,3086398,3086514,116,CDS
11189,3086949,3087069,120,CDS
11190,3087133,3087255,122,CDS
11191,3087311,3087440,129,CDS
11192,3087506,3087642,136,CDS
11193,3087699,3087890,191,CDS
11194,3087957,3088119,162,CDS
11195,3088192,3088302,110,CDS
11196,3073445,3073478,33,CDS
11197,3083733,3083809,76,CDS
11198,3084808,3084900,92,CDS
11199,3085204,3085800,596,CDS
11200,3085865,3086336,471,CDS
11201,3086398,3086514,116,CDS
11202,3086949,3087069,120,CDS
11203,3087133,3087255,122,CDS
11204,3087311,3087440,129,CDS
11205,3087506,3087642,136,CDS
11206,3087699,3087890,191,CDS
11207,3087957,3088119,162,CDS
11208,3088192,3088302,110,CDS
11209,3073445,3073478,33,CDS
11210,3083733,3083809,76,CDS
11211,3085204,3085800,596,CDS
11212,3085865,3086336,471,CDS
11213,3086398,3086514,116,CDS
11214,3086949,3087069,120,CDS
11215,3087133,3087255,122,CDS
11216,3087311,3087440,129,CDS
11217,3087506,3087642,136,CDS
11218,3087699,3087890,191,CDS
11219,3087957,3088119,162,CDS
11220,3088192,3088302,110,CDS
11221,3073445,3073478,33,CDS
11222,3083733,3083809,76,CDS
11223,3085204,3085800,596,CDS
11224,3085865,3086336,471,CDS
11225,3086398,3086514,116,CDS
11226,3086949,3087069,120,CDS
11227,3087133,3087255,122,CDS
11228,3087311,3087440,129,CDS
11229,3087506,3087642,136,CDS
11230,3087699,3087890,191,CDS
11231,3087957,3088119,162,CDS
11232,3088192,3088302,110,CDS
11233,3073445,3073478,33,CDS
11234,3083733,3083809,76,CDS
11235,3085204,3085800,596,CDS
11236,3085865,3086336,471,CDS
11237,3086398,3086514,116,CDS
11238,3086949,3087069,120,CDS
11239,3087133,3087255,122,CDS
11240,3087311,3087440,129,CDS
11241,3087506,3087642,136,CDS
11242,3087699,3087890,191,CDS
11243,3087957,3088119,162,CDS
11244,3088192,3088302,110,CDS
11245,3077929,3078044,115,mRNA
11246,3083733,3083809,76,mRNA
11247,3084808,3084900,92,mRNA
11248,3085204,3085800,596,mRNA
11249,3085865,3086336,471,mRNA
11250,3086398,3086514,116,mRNA
11251,3086949,3087069,120,mRNA
11252,3087133,3087255,122,mRNA
11253,3087311,3087440,129,mRNA
11254,3087506,3087642,136,mRNA
11255,3087699,3087890,191,mRNA
11256,3087957,3088119,162,mRNA
11257,3088192,3090406,2214,mRNA
11258,3077929,3078187,258,mRNA
11259,3083733,3083809,76,mRNA
11260,3085204,3085800,596,mRNA
11261,3085865,3086336,471,mRNA
11262,3086398,3086514,116,mRNA
11263,3086949,3087069,120,mRNA
11264,3087133,3087255,122,mRNA
11265,3087311,3087440,129,mRNA
11266,3087506,3087642,136,mRNA
11267,3087699,3087890,191,mRNA
11268,3087957,3088119,162,mRNA
11269,3088192,3088634,442,mRNA
11270,3077929,3078044,115,mRNA
11271,3083733,3083809,76,mRNA
11272,3085204,3085800,596,mRNA
11273,3085865,3086336,471,mRNA
11274,3086398,3086514,116,mRNA
11275,3086949,3087069,120,mRNA
11276,3087133,3087255,122,mRNA
11277,3087311,3087440,129,mRNA
11278,3087506,3087642,136,mRNA
11279,3087699,3087890,191,mRNA
11280,3087957,3088119,162,mRNA
11281,3088192,3088634,442,mRNA
11282,3078035,3078044,9,CDS
11283,3083733,3083809,76,CDS
11284,3084808,3084900,92,CDS
11285,3085204,3085800,596,CDS
11286,3085865,3086336,471,CDS
11287,3086398,3086514,116,CDS
11288,3086949,3087069,120,CDS
11289,3087133,3087255,122,CDS
11290,3087311,3087440,129,CDS
11291,3087506,3087642,136,CDS
11292,3087699,3087890,191,CDS
11293,3087957,3088119,162,CDS
11294,3088192,3088302,110,CDS
11295,3078035,3078044,9,CDS
11296,3083733,3083809,76,CDS
11297,3085204,3085800,596,CDS
11298,3085865,3086336,471,CDS
11299,3086398,3086514,116,CDS
11300,3086949,3087069,120,CDS
11301,3087133,3087255,122,CDS
11302,3087311,3087440,129,CDS
11303,3087506,3087642,136,CDS
11304,3087699,3087890,191,CDS
11305,3087957,3088119,162,CDS
11306,3088192,3088302,110,CDS
11307,3079989,3080028,39,CDS
11308,3083733,3083809,76,CDS
11309,3084808,3084900,92,CDS
11310,3085204,3085800,596,CDS
11311,3085865,3086336,471,CDS
11312,3086398,3086514,116,CDS
11313,3086949,3087069,120,CDS
11314,3087133,3087255,122,CDS
11315,3087311,3087440,129,CDS
11316,3087506,3087642,136,CDS
11317,3087699,3087890,191,CDS
11318,3087957,3088119,162,CDS
11319,3088192,3088302,110,CDS
11320,3081568,3081760,192,mRNA
11321,3083733,3083809,76,mRNA
11322,3085204,3085800,596,mRNA
11323,3085865,3086336,471,mRNA
11324,3086398,3086514,116,mRNA
11325,3086949,3087069,120,mRNA
11326,3087133,3087255,122,mRNA
11327,3087311,3087440,129,mRNA
11328,3087506,3087642,136,mRNA
11329,3087699,3087890,191,mRNA
11330,3087957,3088119,162,mRNA
11331,3088192,3088493,301,mRNA
11332,3081978,3082227,249,mRNA
11333,3083733,3083809,76,mRNA
11334,3085204,3085800,596,mRNA
11335,3085865,3086336,471,mRNA
11336,3086398,3086514,116,mRNA
11337,3086949,3087069,120,mRNA
11338,3087133,3087255,122,mRNA
11339,3087311,3087440,129,mRNA
11340,3087506,3087642,136,mRNA
11341,3087699,3087890,191,mRNA
11342,3087957,3088119,162,mRNA
11343,3088192,3088634,442,mRNA
11344,3083744,3083809,65,CDS
11345,3085204,3085800,596,CDS
11346,3085865,3086336,471,CDS
11347,3086398,3086514,116,CDS
11348,3086949,3087069,120,CDS
11349,3087133,3087255,122,CDS
11350,3087311,3087440,129,CDS
11351,3087506,3087642,136,CDS
11352,3087699,3087890,191,CDS
11353,3087957,3088119,162,CDS
11354,3088192,3088302,110,CDS
11355,3083744,3083809,65,CDS
11356,3085204,3085800,596,CDS
11357,3085865,3086336,471,CDS
11358,3086398,3086514,116,CDS
11359,3086949,3087069,120,CDS
11360,3087133,3087255,122,CDS
11361,3087311,3087440,129,CDS
11362,3087506,3087642,136,CDS
11363,3087699,3087890,191,CDS
11364,3087957,3088119,162,CDS
11365,3088192,3088302,110,CDS
11366,3083744,3083809,65,CDS
11367,3085204,3085800,596,CDS
11368,3085865,3086336,471,CDS
11369,3086398,3086514,116,CDS
11370,3086949,3087069,120,CDS
11371,3087133,3087255,122,CDS
11372,3087311,3087440,129,CDS
11373,3087506,3087642,136,CDS
11374,3087699,3087890,191,CDS
11375,3087957,3088119,162,CDS
11376,3088192,3088302,110,CDS
11377,3090801,3090923,122,gene
11378,3090801,3090923,122,ncRNA
11379,3090985,3106958,15973,gene
11380,3106674,3106958,284,mRNA
11381,3097663,3097744,81,mRNA
11382,3094378,3094886,508,mRNA
11383,3093359,3094315,956,mRNA
11384,3093187,3093298,111,mRNA
11385,3092152,3093122,970,mRNA
11386,3091880,3092081,201,mRNA
11387,3090985,3091819,834,mRNA
11388,3106674,3106676,2,CDS
11389,3097663,3097744,81,CDS
11390,3094378,3094886,508,CDS
11391,3093359,3094315,956,CDS
11392,3093187,3093298,111,CDS
11393,3092152,3093122,970,CDS
11394,3091880,3092081,201,CDS
11395,3091614,3091819,205,CDS
11396,3095737,3095808,71,gene
11397,3095737,3095808,71,tRNA
11398,3095991,3096062,71,gene
11399,3095991,3096062,71,tRNA
11400,3096369,3096440,71,gene
11401,3096369,3096440,71,tRNA
11402,3096604,3096676,72,gene
11403,3096604,3096676,72,tRNA
11404,3096891,3096963,72,gene
11405,3096891,3096963,72,tRNA
11406,3097519,3097590,71,gene
11407,3097519,3097590,71,tRNA
11408,3110128,3111227,1099,gene
11409,3110869,3111227,358,mRNA
11410,3110128,3110818,690,mRNA
11411,3110869,3111119,250,CDS
11412,3110266,3110818,552,CDS
11413,3111233,3114467,3234,gene
11414,3114037,3114467,430,mRNA
11415,3113874,3113981,107,mRNA
11416,3113457,3113821,364,mRNA
11417,3113276,3113403,127,mRNA
11418,3113048,3113213,165,mRNA
11419,3112631,3112997,366,mRNA
11420,3111741,3112566,825,mRNA
11421,3111233,3111577,344,mRNA
11422,3114037,3114443,406,CDS
11423,3113874,3113981,107,CDS
11424,3113457,3113821,364,CDS
11425,3113276,3113403,127,CDS
11426,3113048,3113213,165,CDS
11427,3112631,3112997,366,CDS
11428,3111741,3112566,825,CDS
11429,3111299,3111577,278,CDS
11430,3114450,3127724,13274,gene
11431,3127653,3127724,71,mRNA
11432,3126867,3127025,158,mRNA
11433,3120668,3121199,531,mRNA
11434,3120459,3120606,147,mRNA
11435,3120272,3120400,128,mRNA
11436,3120027,3120214,187,mRNA
11437,3119799,3119963,164,mRNA
11438,3119604,3119734,130,mRNA
11439,3119213,3119548,335,mRNA
11440,3119043,3119152,109,mRNA
11441,3118034,3118979,945,mRNA
11442,3117834,3117973,139,mRNA
11443,3117083,3117256,173,mRNA
11444,3114450,3116031,1581,mRNA
11445,3127653,3127724,71,mRNA
11446,3126867,3127025,158,mRNA
11447,3120668,3121199,531,mRNA
11448,3120459,3120606,147,mRNA
11449,3120272,3120400,128,mRNA
11450,3120027,3120214,187,mRNA
11451,3119799,3119963,164,mRNA
11452,3119604,3119734,130,mRNA
11453,3119213,3119548,335,mRNA
11454,3119043,3119152,109,mRNA
11455,3118034,3118979,945,mRNA
11456,3117834,3117973,139,mRNA
11457,3117346,3117405,59,mRNA
11458,3117083,3117256,173,mRNA
11459,3114559,3116031,1472,mRNA
11460,3127653,3127724,71,mRNA
11461,3120668,3121199,531,mRNA
11462,3120459,3120606,147,mRNA
11463,3120272,3120400,128,mRNA
11464,3120027,3120214,187,mRNA
11465,3119799,3119963,164,mRNA
11466,3119604,3119734,130,mRNA
11467,3119213,3119548,335,mRNA
11468,3119043,3119152,109,mRNA
11469,3118034,3118979,945,mRNA
11470,3117834,3117973,139,mRNA
11471,3117346,3117405,59,mRNA
11472,3117083,3117256,173,mRNA
11473,3115335,3116031,696,mRNA
11474,3126867,3127216,349,mRNA
11475,3120668,3121199,531,mRNA
11476,3120459,3120606,147,mRNA
11477,3120272,3120400,128,mRNA
11478,3120027,3120214,187,mRNA
11479,3119799,3119963,164,mRNA
11480,3119604,3119734,130,mRNA
11481,3119213,3119548,335,mRNA
11482,3119043,3119152,109,mRNA
11483,3118034,3118979,945,mRNA
11484,3117834,3117973,139,mRNA
11485,3117083,3117256,173,mRNA
11486,3115335,3116031,696,mRNA
11487,3126867,3127216,349,mRNA
11488,3120668,3121199,531,mRNA
11489,3120459,3120606,147,mRNA
11490,3120272,3120400,128,mRNA
11491,3120027,3120214,187,mRNA
11492,3119799,3119963,164,mRNA
11493,3119604,3119734,130,mRNA
11494,3119213,3119548,335,mRNA
11495,3119043,3119152,109,mRNA
11496,3118034,3118979,945,mRNA
11497,3117834,3117973,139,mRNA
11498,3117346,3117405,59,mRNA
11499,3117083,3117256,173,mRNA
11500,3115335,3116031,696,mRNA
11501,3123018,3123165,147,mRNA
11502,3120668,3121199,531,mRNA
11503,3120459,3120606,147,mRNA
11504,3120272,3120400,128,mRNA
11505,3120027,3120214,187,mRNA
11506,3119799,3119963,164,mRNA
11507,3119604,3119734,130,mRNA
11508,3119213,3119548,335,mRNA
11509,3119043,3119152,109,mRNA
11510,3118034,3118979,945,mRNA
11511,3117834,3117973,139,mRNA
11512,3117346,3117405,59,mRNA
11513,3117083,3117256,173,mRNA
11514,3115748,3116031,283,mRNA
11515,3120668,3121070,402,CDS
11516,3120459,3120606,147,CDS
11517,3120272,3120400,128,CDS
11518,3120027,3120214,187,CDS
11519,3119799,3119963,164,CDS
11520,3119604,3119734,130,CDS
11521,3119213,3119548,335,CDS
11522,3119043,3119152,109,CDS
11523,3118034,3118979,945,CDS
11524,3117834,3117973,139,CDS
11525,3117083,3117256,173,CDS
11526,3115920,3116031,111,CDS
11527,3120668,3121070,402,CDS
11528,3120459,3120606,147,CDS
11529,3120272,3120400,128,CDS
11530,3120027,3120214,187,CDS
11531,3119799,3119963,164,CDS
11532,3119604,3119734,130,CDS
11533,3119213,3119548,335,CDS
11534,3119043,3119152,109,CDS
11535,3118034,3118979,945,CDS
11536,3117834,3117973,139,CDS
11537,3117083,3117256,173,CDS
11538,3115920,3116031,111,CDS
11539,3120668,3121070,402,CDS
11540,3120459,3120606,147,CDS
11541,3120272,3120400,128,CDS
11542,3120027,3120214,187,CDS
11543,3119799,3119963,164,CDS
11544,3119604,3119734,130,CDS
11545,3119213,3119548,335,CDS
11546,3119043,3119152,109,CDS
11547,3118034,3118979,945,CDS
11548,3117834,3117973,139,CDS
11549,3117346,3117405,59,CDS
11550,3117083,3117256,173,CDS
11551,3115920,3116031,111,CDS
11552,3120668,3121070,402,CDS
11553,3120459,3120606,147,CDS
11554,3120272,3120400,128,CDS
11555,3120027,3120214,187,CDS
11556,3119799,3119963,164,CDS
11557,3119604,3119734,130,CDS
11558,3119213,3119548,335,CDS
11559,3119043,3119152,109,CDS
11560,3118034,3118979,945,CDS
11561,3117834,3117973,139,CDS
11562,3117346,3117405,59,CDS
11563,3117083,3117256,173,CDS
11564,3115920,3116031,111,CDS
11565,3120668,3121070,402,CDS
11566,3120459,3120606,147,CDS
11567,3120272,3120400,128,CDS
11568,3120027,3120214,187,CDS
11569,3119799,3119963,164,CDS
11570,3119604,3119734,130,CDS
11571,3119213,3119548,335,CDS
11572,3119043,3119152,109,CDS
11573,3118034,3118979,945,CDS
11574,3117834,3117973,139,CDS
11575,3117346,3117405,59,CDS
11576,3117083,3117256,173,CDS
11577,3115920,3116031,111,CDS
11578,3120668,3121070,402,CDS
11579,3120459,3120606,147,CDS
11580,3120272,3120400,128,CDS
11581,3120027,3120214,187,CDS
11582,3119799,3119963,164,CDS
11583,3119604,3119734,130,CDS
11584,3119213,3119548,335,CDS
11585,3119043,3119152,109,CDS
11586,3118034,3118979,945,CDS
11587,3117834,3117973,139,CDS
11588,3117346,3117405,59,CDS
11589,3117083,3117256,173,CDS
11590,3115920,3116031,111,CDS
11591,3127653,3127724,71,mRNA
11592,3126867,3127025,158,mRNA
11593,3120668,3121199,531,mRNA
11594,3120459,3120606,147,mRNA
11595,3120272,3120400,128,mRNA
11596,3120027,3120214,187,mRNA
11597,3119799,3119963,164,mRNA
11598,3119604,3119734,130,mRNA
11599,3119213,3119548,335,mRNA
11600,3119043,3119152,109,mRNA
11601,3118034,3118979,945,mRNA
11602,3117448,3117973,525,mRNA
11603,3120668,3121070,402,CDS
11604,3120459,3120606,147,CDS
11605,3120272,3120400,128,CDS
11606,3120027,3120214,187,CDS
11607,3119799,3119963,164,CDS
11608,3119604,3119734,130,CDS
11609,3119213,3119548,335,CDS
11610,3119043,3119152,109,CDS
11611,3118034,3118979,945,CDS
11612,3117830,3117973,143,CDS
11613,3121942,3122014,72,gene
11614,3121942,3122014,72,tRNA
11615,3128034,3143457,15423,gene
11616,3139751,3139956,205,mRNA
11617,3132633,3133338,705,mRNA
11618,3132309,3132557,248,mRNA
11619,3131109,3131204,95,mRNA
11620,3130512,3131036,524,mRNA
11621,3130239,3130447,208,mRNA
11622,3130092,3130178,86,mRNA
11623,3129926,3130023,97,mRNA
11624,3129587,3129859,272,mRNA
11625,3128034,3129423,1389,mRNA
11626,3139751,3139953,202,mRNA
11627,3132309,3133338,1029,mRNA
11628,3131109,3131204,95,mRNA
11629,3130512,3131036,524,mRNA
11630,3130239,3130447,208,mRNA
11631,3130092,3130178,86,mRNA
11632,3129926,3130023,97,mRNA
11633,3129587,3129859,272,mRNA
11634,3128034,3129423,1389,mRNA
11635,3133949,3134180,231,mRNA
11636,3132309,3133244,935,mRNA
11637,3131109,3131204,95,mRNA
11638,3130512,3131036,524,mRNA
11639,3130239,3130447,208,mRNA
11640,3130092,3130178,86,mRNA
11641,3129926,3130023,97,mRNA
11642,3129587,3129859,272,mRNA
11643,3128666,3129423,757,mRNA
11644,3142828,3143457,629,mRNA
11645,3131109,3131204,95,mRNA
11646,3130512,3131036,524,mRNA
11647,3130239,3130447,208,mRNA
11648,3130092,3130178,86,mRNA
11649,3129926,3130023,97,mRNA
11650,3129587,3129859,272,mRNA
11651,3128832,3129423,591,mRNA
11652,3133949,3134180,231,mRNA
11653,3132633,3133244,611,mRNA
11654,3132309,3132557,248,mRNA
11655,3131109,3131204,95,mRNA
11656,3130512,3131036,524,mRNA
11657,3130239,3130447,208,mRNA
11658,3130092,3130178,86,mRNA
11659,3129926,3130023,97,mRNA
11660,3129587,3129859,272,mRNA
11661,3128832,3129423,591,mRNA
11662,3133649,3134180,531,mRNA
11663,3132309,3133244,935,mRNA
11664,3131109,3131204,95,mRNA
11665,3130512,3131036,524,mRNA
11666,3130239,3130447,208,mRNA
11667,3130092,3130178,86,mRNA
11668,3129926,3130023,97,mRNA
11669,3129587,3129859,272,mRNA
11670,3128832,3129423,591,mRNA
11671,3142828,3142908,80,CDS
11672,3131109,3131204,95,CDS
11673,3130512,3131036,524,CDS
11674,3130239,3130447,208,CDS
11675,3130092,3130178,86,CDS
11676,3129926,3130023,97,CDS
11677,3129587,3129859,272,CDS
11678,3129326,3129423,97,CDS
11679,3132633,3133040,407,CDS
11680,3132309,3132557,248,CDS
11681,3131109,3131204,95,CDS
11682,3130512,3131036,524,CDS
11683,3130239,3130447,208,CDS
11684,3130092,3130178,86,CDS
11685,3129926,3130023,97,CDS
11686,3129587,3129859,272,CDS
11687,3129326,3129423,97,CDS
11688,3132633,3133040,407,CDS
11689,3132309,3132557,248,CDS
11690,3131109,3131204,95,CDS
11691,3130512,3131036,524,CDS
11692,3130239,3130447,208,CDS
11693,3130092,3130178,86,CDS
11694,3129926,3130023,97,CDS
11695,3129587,3129859,272,CDS
11696,3129326,3129423,97,CDS
11697,3132309,3133040,731,CDS
11698,3131109,3131204,95,CDS
11699,3130512,3131036,524,CDS
11700,3130239,3130447,208,CDS
11701,3130092,3130178,86,CDS
11702,3129926,3130023,97,CDS
11703,3129587,3129859,272,CDS
11704,3129326,3129423,97,CDS
11705,3132309,3133040,731,CDS
11706,3131109,3131204,95,CDS
11707,3130512,3131036,524,CDS
11708,3130239,3130447,208,CDS
11709,3130092,3130178,86,CDS
11710,3129926,3130023,97,CDS
11711,3129587,3129859,272,CDS
11712,3129326,3129423,97,CDS
11713,3132309,3133040,731,CDS
11714,3131109,3131204,95,CDS
11715,3130512,3131036,524,CDS
11716,3130239,3130447,208,CDS
11717,3130092,3130178,86,CDS
11718,3129926,3130023,97,CDS
11719,3129587,3129859,272,CDS
11720,3129326,3129423,97,CDS
11721,3133949,3134180,231,mRNA
11722,3132633,3133244,611,mRNA
11723,3132309,3132557,248,mRNA
11724,3131109,3131204,95,mRNA
11725,3130512,3131036,524,mRNA
11726,3130239,3130447,208,mRNA
11727,3130092,3130178,86,mRNA
11728,3129926,3130023,97,mRNA
11729,3129463,3129859,396,mRNA
11730,3132633,3133040,407,CDS
11731,3132309,3132557,248,CDS
11732,3131109,3131204,95,CDS
11733,3130512,3131036,524,CDS
11734,3130239,3130447,208,CDS
11735,3130092,3130178,86,CDS
11736,3129926,3130023,97,CDS
11737,3129489,3129859,370,CDS
11738,3137599,3138012,413,gene
11739,3137599,3138012,413,ncRNA
11740,3143808,3145284,1476,gene
11741,3143808,3145284,1476,mRNA
11742,3143992,3145266,1274,CDS
11743,3145405,3148358,2953,gene
11744,3148249,3148358,109,mRNA
11745,3147532,3148061,529,mRNA
11746,3145405,3147470,2065,mRNA
11747,3148249,3148358,109,mRNA
11748,3147532,3148134,602,mRNA
11749,3145405,3147470,2065,mRNA
11750,3147532,3148152,620,mRNA
11751,3145405,3147470,2065,mRNA
11752,3147532,3148045,513,CDS
11753,3145501,3147470,1969,CDS
11754,3147532,3148045,513,CDS
11755,3145501,3147470,1969,CDS
11756,3147532,3148045,513,CDS
11757,3145501,3147470,1969,CDS
11758,3148646,3158408,9762,gene
11759,3148646,3148687,41,mRNA
11760,3149628,3150153,525,mRNA
11761,3150215,3150842,627,mRNA
11762,3150928,3151172,244,mRNA
11763,3151264,3151372,108,mRNA
11764,3155958,3157141,1183,mRNA
11765,3157200,3158408,1208,mRNA
11766,3148646,3148687,41,mRNA
11767,3149628,3150153,525,mRNA
11768,3150215,3150842,627,mRNA
11769,3150928,3151184,256,mRNA
11770,3151264,3151372,108,mRNA
11771,3152455,3154934,2479,mRNA
11772,3148646,3148687,41,mRNA
11773,3149628,3150153,525,mRNA
11774,3150215,3150857,642,mRNA
11775,3150928,3151172,244,mRNA
11776,3151264,3151372,108,mRNA
11777,3152455,3154225,1770,mRNA
11778,3148646,3148687,41,mRNA
11779,3149628,3150153,525,mRNA
11780,3150215,3150842,627,mRNA
11781,3150928,3151172,244,mRNA
11782,3151264,3151372,108,mRNA
11783,3152455,3154225,1770,mRNA
11784,3148646,3148687,41,mRNA
11785,3149628,3150153,525,mRNA
11786,3150215,3150842,627,mRNA
11787,3150928,3151172,244,mRNA
11788,3151264,3151372,108,mRNA
11789,3152455,3154225,1770,mRNA
11790,3148700,3148737,37,mRNA
11791,3149748,3150153,405,mRNA
11792,3150215,3150842,627,mRNA
11793,3150928,3151172,244,mRNA
11794,3151264,3151372,108,mRNA
11795,3152455,3154934,2479,mRNA
11796,3148902,3148921,19,mRNA
11797,3149628,3150153,525,mRNA
11798,3150215,3150842,627,mRNA
11799,3150928,3151172,244,mRNA
11800,3151264,3151372,108,mRNA
11801,3152455,3155678,3223,mRNA
11802,3149133,3149160,27,mRNA
11803,3149628,3150153,525,mRNA
11804,3150215,3150842,627,mRNA
11805,3150928,3151172,244,mRNA
11806,3151264,3151372,108,mRNA
11807,3152455,3154934,2479,mRNA
11808,3149983,3150153,170,CDS
11809,3150215,3150842,627,CDS
11810,3150928,3151172,244,CDS
11811,3151264,3151372,108,CDS
11812,3155958,3157141,1183,CDS
11813,3157200,3157586,386,CDS
11814,3149983,3150153,170,CDS
11815,3150215,3150842,627,CDS
11816,3150928,3151172,244,CDS
11817,3151264,3151372,108,CDS
11818,3152455,3153752,1297,CDS
11819,3149983,3150153,170,CDS
11820,3150215,3150857,642,CDS
11821,3150928,3151172,244,CDS
11822,3151264,3151372,108,CDS
11823,3152455,3153533,1078,CDS
11824,3149983,3150153,170,CDS
11825,3150215,3150842,627,CDS
11826,3150928,3151184,256,CDS
11827,3151264,3151372,108,CDS
11828,3152455,3153533,1078,CDS
11829,3149983,3150153,170,CDS
11830,3150215,3150842,627,CDS
11831,3150928,3151172,244,CDS
11832,3151264,3151372,108,CDS
11833,3152455,3153533,1078,CDS
11834,3149983,3150153,170,CDS
11835,3150215,3150842,627,CDS
11836,3150928,3151172,244,CDS
11837,3151264,3151372,108,CDS
11838,3152455,3153533,1078,CDS
11839,3149983,3150153,170,CDS
11840,3150215,3150842,627,CDS
11841,3150928,3151172,244,CDS
11842,3151264,3151372,108,CDS
11843,3152455,3153533,1078,CDS
11844,3149983,3150153,170,CDS
11845,3150215,3150842,627,CDS
11846,3150928,3151172,244,CDS
11847,3151264,3151372,108,CDS
11848,3152455,3153533,1078,CDS
11849,3158485,3159578,1093,gene
11850,3159409,3159578,169,mRNA
11851,3159274,3159348,74,mRNA
11852,3158485,3159215,730,mRNA
11853,3159409,3159472,63,CDS
11854,3159274,3159348,74,CDS
11855,3158557,3159215,658,CDS
11856,3159991,3162019,2028,gene
11857,3159991,3160099,108,mRNA
11858,3160171,3162019,1848,mRNA
11859,3160097,3160099,2,CDS
11860,3160171,3161724,1553,CDS
11861,3160107,3162019,1912,mRNA
11862,3160186,3161724,1538,CDS
11863,3162180,3163852,1672,gene
11864,3162180,3163852,1672,mRNA
11865,3162199,3163701,1502,CDS
11866,3163786,3166250,2464,gene
11867,3166142,3166250,108,mRNA
11868,3165962,3166051,89,mRNA
11869,3165578,3165901,323,mRNA
11870,3163786,3165264,1478,mRNA
11871,3163786,3165088,1302,mRNA
11872,3163909,3165075,1166,CDS
11873,3163909,3165075,1166,CDS
11874,3165181,3169080,3899,gene
11875,3165181,3165389,208,mRNA
11876,3167942,3168265,323,mRNA
11877,3168335,3169080,745,mRNA
11878,3165181,3165254,73,mRNA
11879,3167942,3168265,323,mRNA
11880,3168335,3169080,745,mRNA
11881,3165181,3165221,40,mRNA
11882,3167942,3168265,323,mRNA
11883,3168335,3169080,745,mRNA
11884,3165334,3165703,369,mRNA
11885,3167942,3168265,323,mRNA
11886,3168335,3169080,745,mRNA
11887,3167979,3168265,286,CDS
11888,3168335,3168440,105,CDS
11889,3167979,3168265,286,CDS
11890,3168335,3168440,105,CDS
11891,3167979,3168265,286,CDS
11892,3168335,3168440,105,CDS
11893,3167979,3168265,286,CDS
11894,3168335,3168440,105,CDS
11895,3169286,3171767,2481,gene
11896,3169286,3169364,78,mRNA
11897,3170945,3171106,161,mRNA
11898,3171164,3171767,603,mRNA
11899,3169375,3170913,1538,gene
11900,3169375,3170913,1538,mRNA
11901,3169502,3170875,1373,CDS
11902,3170945,3171106,161,CDS
11903,3171164,3171337,173,CDS
11904,3171614,3172545,931,gene
11905,3171614,3172545,931,mRNA
11906,3171756,3172541,785,CDS
11907,3172817,3178580,5763,gene
11908,3178201,3178580,379,mRNA
11909,3176906,3177669,763,mRNA
11910,3175432,3176845,1413,mRNA
11911,3172817,3175337,2520,mRNA
11912,3178201,3178279,78,CDS
11913,3176906,3177669,763,CDS
11914,3175432,3176845,1413,CDS
11915,3173263,3175337,2074,CDS
11916,3178930,3185287,6357,gene
11917,3178930,3179421,491,mRNA
11918,3179944,3180680,736,mRNA
11919,3180742,3181020,278,mRNA
11920,3181086,3183144,2058,mRNA
11921,3183200,3183438,238,mRNA
11922,3183499,3183574,75,mRNA
11923,3183636,3183799,163,mRNA
11924,3183933,3184037,104,mRNA
11925,3184249,3185287,1038,mRNA
11926,3178930,3179421,491,mRNA
11927,3179944,3180680,736,mRNA
11928,3180742,3181020,278,mRNA
11929,3181086,3183144,2058,mRNA
11930,3183200,3183438,238,mRNA
11931,3183499,3183574,75,mRNA
11932,3183636,3183799,163,mRNA
11933,3183933,3184037,104,mRNA
11934,3184252,3185287,1035,mRNA
11935,3178930,3179421,491,mRNA
11936,3179944,3180680,736,mRNA
11937,3180742,3181020,278,mRNA
11938,3181086,3183144,2058,mRNA
11939,3183200,3183438,238,mRNA
11940,3183499,3183574,75,mRNA
11941,3183636,3183799,163,mRNA
11942,3183933,3183997,64,mRNA
11943,3184249,3185287,1038,mRNA
11944,3178930,3179421,491,mRNA
11945,3179944,3180680,736,mRNA
11946,3180742,3181020,278,mRNA
11947,3181086,3183144,2058,mRNA
11948,3183200,3183438,238,mRNA
11949,3183499,3183574,75,mRNA
11950,3183636,3183799,163,mRNA
11951,3183933,3183997,64,mRNA
11952,3184252,3185287,1035,mRNA
11953,3178930,3179421,491,mRNA
11954,3179944,3180680,736,mRNA
11955,3180742,3181020,278,mRNA
11956,3181086,3183144,2058,mRNA
11957,3183200,3183438,238,mRNA
11958,3183499,3183574,75,mRNA
11959,3183636,3183799,163,mRNA
11960,3184249,3185287,1038,mRNA
11961,3179353,3179421,68,CDS
11962,3179944,3180680,736,CDS
11963,3180742,3181020,278,CDS
11964,3181086,3183144,2058,CDS
11965,3183200,3183438,238,CDS
11966,3183499,3183574,75,CDS
11967,3183636,3183799,163,CDS
11968,3183933,3184037,104,CDS
11969,3184249,3184666,417,CDS
11970,3179353,3179421,68,CDS
11971,3179944,3180680,736,CDS
11972,3180742,3181020,278,CDS
11973,3181086,3183144,2058,CDS
11974,3183200,3183438,238,CDS
11975,3183499,3183574,75,CDS
11976,3183636,3183799,163,CDS
11977,3183933,3184037,104,CDS
11978,3184252,3184666,414,CDS
11979,3179353,3179421,68,CDS
11980,3179944,3180680,736,CDS
11981,3180742,3181020,278,CDS
11982,3181086,3183144,2058,CDS
11983,3183200,3183438,238,CDS
11984,3183499,3183574,75,CDS
11985,3183636,3183799,163,CDS
11986,3184249,3184666,417,CDS
11987,3179353,3179421,68,CDS
11988,3179944,3180680,736,CDS
11989,3180742,3181020,278,CDS
11990,3181086,3183144,2058,CDS
11991,3183200,3183438,238,CDS
11992,3183499,3183574,75,CDS
11993,3183636,3183799,163,CDS
11994,3183933,3183997,64,CDS
11995,3184249,3184271,22,CDS
11996,3179353,3179421,68,CDS
11997,3179944,3180680,736,CDS
11998,3180742,3181020,278,CDS
11999,3181086,3183144,2058,CDS
12000,3183200,3183438,238,CDS
12001,3183499,3183574,75,CDS
12002,3183636,3183799,163,CDS
12003,3183933,3183997,64,CDS
12004,3184252,3184271,19,CDS
12005,3184404,3186549,2145,gene
12006,3184404,3184644,240,mRNA
12007,3185229,3185422,193,mRNA
12008,3185481,3185577,96,mRNA
12009,3185634,3185952,318,mRNA
12010,3186012,3186296,284,mRNA
12011,3186349,3186549,200,mRNA
12012,3184404,3184644,240,mRNA
12013,3185361,3185422,61,mRNA
12014,3185481,3185577,96,mRNA
12015,3185634,3185952,318,mRNA
12016,3186012,3186296,284,mRNA
12017,3186349,3186549,200,mRNA
12018,3185388,3185422,34,mRNA
12019,3185481,3185577,96,mRNA
12020,3185634,3185952,318,mRNA
12021,3186012,3186296,284,mRNA
12022,3186349,3186549,200,mRNA
12023,3185396,3185422,26,CDS
12024,3185481,3185577,96,CDS
12025,3185634,3185952,318,CDS
12026,3186012,3186296,284,CDS
12027,3186349,3186472,123,CDS
12028,3185396,3185422,26,CDS
12029,3185481,3185577,96,CDS
12030,3185634,3185952,318,CDS
12031,3186012,3186296,284,CDS
12032,3186349,3186472,123,CDS
12033,3185396,3185422,26,CDS
12034,3185481,3185577,96,CDS
12035,3185634,3185952,318,CDS
12036,3186012,3186296,284,CDS
12037,3186349,3186472,123,CDS
12038,3186664,3187245,581,gene
12039,3186664,3186697,33,mRNA
12040,3186760,3186899,139,mRNA
12041,3186963,3187245,282,mRNA
12042,3186671,3186697,26,CDS
12043,3186760,3186899,139,CDS
12044,3186963,3187104,141,CDS
12045,3187563,3188106,543,gene
12046,3187563,3187605,42,mRNA
12047,3187669,3187808,139,mRNA
12048,3187867,3188106,239,mRNA
12049,3187579,3187605,26,CDS
12050,3187669,3187808,139,CDS
12051,3187867,3187990,123,CDS
12052,3188025,3189747,1722,gene
12053,3189709,3189747,38,mRNA
12054,3189442,3189654,212,mRNA
12055,3189336,3189384,48,mRNA
12056,3188389,3189115,726,mRNA
12057,3188025,3188331,306,mRNA
12058,3189709,3189747,38,mRNA
12059,3189442,3189654,212,mRNA
12060,3189336,3189384,48,mRNA
12061,3188389,3189241,852,mRNA
12062,3188025,3188331,306,mRNA
12063,3189709,3189732,23,CDS
12064,3189442,3189654,212,CDS
12065,3189336,3189384,48,CDS
12066,3188389,3189115,726,CDS
12067,3188211,3188331,120,CDS
12068,3189709,3189732,23,CDS
12069,3189442,3189654,212,CDS
12070,3189336,3189384,48,CDS
12071,3188389,3189241,852,CDS
12072,3188211,3188331,120,CDS
12073,3189978,3190623,645,gene
12074,3189978,3190014,36,mRNA
12075,3190120,3190623,503,mRNA
12076,3189994,3190014,20,CDS
12077,3190120,3190536,416,CDS
12078,3190622,3192491,1869,gene
12079,3190622,3192491,1869,mRNA
12080,3190757,3192430,1673,CDS
12081,3192969,3197059,4090,gene
12082,3192969,3193367,398,mRNA
12083,3194499,3197059,2560,mRNA
12084,3193216,3193367,151,mRNA
12085,3194499,3197059,2560,mRNA
12086,3194499,3196652,2153,CDS
12087,3194499,3196652,2153,CDS
12088,3197045,3197631,586,gene
12089,3197045,3197631,586,mRNA
12090,3197098,3197520,422,CDS
12091,3197863,3199047,1184,gene
12092,3198993,3199047,54,mRNA
12093,3198752,3198866,114,mRNA
12094,3197863,3198431,568,mRNA
12095,3198752,3199047,295,mRNA
12096,3197863,3198431,568,mRNA
12097,3198752,3198835,83,CDS
12098,3198321,3198431,110,CDS
12099,3198752,3198835,83,CDS
12100,3198321,3198431,110,CDS
12101,3199090,3211348,12258,gene
12102,3199090,3199152,62,mRNA
12103,3199222,3200173,951,mRNA
12104,3200228,3200458,230,mRNA
12105,3200517,3200954,437,mRNA
12106,3201017,3201415,398,mRNA
12107,3201473,3201907,434,mRNA
12108,3202009,3202202,193,mRNA
12109,3209288,3209796,508,mRNA
12110,3209860,3210654,794,mRNA
12111,3210713,3210907,194,mRNA
12112,3210967,3211348,381,mRNA
12113,3199434,3200173,739,CDS
12114,3200228,3200458,230,CDS
12115,3200517,3200954,437,CDS
12116,3201017,3201415,398,CDS
12117,3201473,3201907,434,CDS
12118,3202009,3202202,193,CDS
12119,3209288,3209796,508,CDS
12120,3209860,3210654,794,CDS
12121,3210713,3210907,194,CDS
12122,3210967,3210993,26,CDS
12123,3200580,3200624,44,mobile_element
12124,3202238,3203162,924,gene
12125,3202238,3203162,924,mRNA
12126,3202314,3203060,746,CDS
12127,3203675,3204448,773,gene
12128,3203675,3204448,773,mRNA
12129,3203675,3204448,773,CDS
12130,3204600,3205449,849,gene
12131,3204600,3205449,849,mRNA
12132,3204664,3205449,785,CDS
12133,3205539,3206363,824,gene
12134,3205539,3206363,824,mRNA
12135,3205587,3206363,776,CDS
12136,3206949,3208985,2036,gene
12137,3206949,3208985,2036,gene
12138,3206949,3208985,2036,mRNA
12139,3206949,3208985,2036,mRNA
12140,3206949,3208143,1194,mRNA
12141,3207023,3208021,998,CDS
12142,3207023,3208021,998,CDS
12143,3208160,3208939,779,CDS
12144,3210992,3218920,7928,gene
12145,3218752,3218920,168,mRNA
12146,3218545,3218671,126,mRNA
12147,3217946,3218488,542,mRNA
12148,3217618,3217893,275,mRNA
12149,3217420,3217563,143,mRNA
12150,3215298,3217363,2065,mRNA
12151,3214755,3215235,480,mRNA
12152,3213654,3214692,1038,mRNA
12153,3211495,3213596,2101,mRNA
12154,3210992,3211432,440,mRNA
12155,3218752,3218920,168,mRNA
12156,3218545,3218671,126,mRNA
12157,3217946,3218488,542,mRNA
12158,3217618,3217893,275,mRNA
12159,3217420,3217563,143,mRNA
12160,3215298,3217363,2065,mRNA
12161,3214755,3215235,480,mRNA
12162,3213654,3214692,1038,mRNA
12163,3211495,3213596,2101,mRNA
12164,3211110,3211432,322,mRNA
12165,3218752,3218804,52,CDS
12166,3218545,3218671,126,CDS
12167,3217946,3218488,542,CDS
12168,3217618,3217893,275,CDS
12169,3217420,3217563,143,CDS
12170,3215298,3217363,2065,CDS
12171,3214755,3215235,480,CDS
12172,3213654,3214692,1038,CDS
12173,3211495,3213596,2101,CDS
12174,3211361,3211432,71,CDS
12175,3218752,3218804,52,CDS
12176,3218545,3218671,126,CDS
12177,3217946,3218488,542,CDS
12178,3217618,3217893,275,CDS
12179,3217420,3217563,143,CDS
12180,3215298,3217363,2065,CDS
12181,3214755,3215235,480,CDS
12182,3213654,3214692,1038,CDS
12183,3211495,3213596,2101,CDS
12184,3211361,3211432,71,CDS
12185,3219156,3220925,1769,gene
12186,3219156,3219344,188,mRNA
12187,3219431,3220925,1494,mRNA
12188,3219304,3219344,40,CDS
12189,3219431,3220718,1287,CDS
12190,3220911,3222960,2049,gene
12191,3222788,3222958,170,mRNA
12192,3221882,3221981,99,mRNA
12193,3221467,3221709,242,mRNA
12194,3220911,3221283,372,mRNA
12195,3222927,3222960,33,mRNA
12196,3221882,3221981,99,mRNA
12197,3221467,3221709,242,mRNA
12198,3221114,3221283,169,mRNA
12199,3222848,3222958,110,mRNA
12200,3221882,3221981,99,mRNA
12201,3221467,3221709,242,mRNA
12202,3221114,3221283,169,mRNA
12203,3222575,3222912,337,mRNA
12204,3221882,3221981,99,mRNA
12205,3221467,3221709,242,mRNA
12206,3221114,3221283,169,mRNA
12207,3222366,3222502,136,mRNA
12208,3221882,3221981,99,mRNA
12209,3221467,3221709,242,mRNA
12210,3221114,3221283,169,mRNA
12211,3222153,3222295,142,mRNA
12212,3221882,3221981,99,mRNA
12213,3221467,3221709,242,mRNA
12214,3221114,3221283,169,mRNA
12215,3221882,3221974,92,CDS
12216,3221467,3221709,242,CDS
12217,3221185,3221283,98,CDS
12218,3221882,3221974,92,CDS
12219,3221467,3221709,242,CDS
12220,3221185,3221283,98,CDS
12221,3221882,3221974,92,CDS
12222,3221467,3221709,242,CDS
12223,3221185,3221283,98,CDS
12224,3221882,3221974,92,CDS
12225,3221467,3221709,242,CDS
12226,3221185,3221283,98,CDS
12227,3221882,3221974,92,CDS
12228,3221467,3221709,242,CDS
12229,3221185,3221283,98,CDS
12230,3221882,3221974,92,CDS
12231,3221467,3221709,242,CDS
12232,3221185,3221283,98,CDS
12233,3221350,3221427,77,gene
12234,3221350,3221427,77,ncRNA
12235,3221771,3221847,76,gene
12236,3221771,3221847,76,ncRNA
12237,3222050,3222116,66,gene
12238,3222050,3222116,66,ncRNA
12239,3222263,3222329,66,gene
12240,3222263,3222329,66,ncRNA
12241,3222475,3222541,66,gene
12242,3222475,3222541,66,ncRNA
12243,3223341,3224650,1309,gene
12244,3223341,3223526,185,mRNA
12245,3223770,3223927,157,mRNA
12246,3224314,3224650,336,mRNA
12247,3223499,3223526,27,CDS
12248,3223770,3223927,157,CDS
12249,3224314,3224460,146,CDS
12250,3224838,3236604,11766,gene
12251,3224838,3225288,450,mRNA
12252,3226877,3227705,828,mRNA
12253,3227775,3228024,249,mRNA
12254,3228092,3228466,374,mRNA
12255,3228622,3229192,570,mRNA
12256,3229253,3229779,526,mRNA
12257,3229912,3231796,1884,mRNA
12258,3231909,3232239,330,mRNA
12259,3232301,3236604,4303,mRNA
12260,3224838,3225288,450,mRNA
12261,3226877,3227705,828,mRNA
12262,3227775,3228024,249,mRNA
12263,3228092,3228466,374,mRNA
12264,3228622,3229192,570,mRNA
12265,3229253,3229779,526,mRNA
12266,3229912,3231796,1884,mRNA
12267,3231909,3232192,283,mRNA
12268,3226053,3226539,486,mRNA
12269,3226877,3227705,828,mRNA
12270,3227775,3228024,249,mRNA
12271,3228092,3228466,374,mRNA
12272,3228622,3229192,570,mRNA
12273,3229253,3229779,526,mRNA
12274,3229912,3231796,1884,mRNA
12275,3231909,3232239,330,mRNA
12276,3232298,3236604,4306,mRNA
12277,3226524,3226539,15,CDS
12278,3226877,3227705,828,CDS
12279,3227775,3228024,249,CDS
12280,3228092,3228466,374,CDS
12281,3228622,3229192,570,CDS
12282,3229253,3229779,526,CDS
12283,3229912,3231796,1884,CDS
12284,3231909,3232051,142,CDS
12285,3226891,3227705,814,CDS
12286,3227775,3228024,249,CDS
12287,3228092,3228466,374,CDS
12288,3228622,3229192,570,CDS
12289,3229253,3229779,526,CDS
12290,3229912,3231796,1884,CDS
12291,3231909,3232051,142,CDS
12292,3226891,3227705,814,CDS
12293,3227775,3228024,249,CDS
12294,3228092,3228466,374,CDS
12295,3228622,3229192,570,CDS
12296,3229253,3229779,526,CDS
12297,3229912,3231796,1884,CDS
12298,3231909,3232051,142,CDS
12299,3236805,3239578,2773,gene
12300,3239242,3239373,131,mRNA
12301,3238612,3238982,370,mRNA
12302,3237742,3238072,330,mRNA
12303,3236805,3237664,859,mRNA
12304,3239422,3239578,156,mRNA
12305,3238612,3238982,370,mRNA
12306,3237742,3238072,330,mRNA
12307,3236947,3237664,717,mRNA
12308,3238612,3238893,281,CDS
12309,3237742,3238072,330,CDS
12310,3237162,3237664,502,CDS
12311,3238612,3238893,281,CDS
12312,3237742,3238072,330,CDS
12313,3237162,3237664,502,CDS
12314,3243274,3244294,1020,gene
12315,3244166,3244294,128,mRNA
12316,3243274,3244079,805,mRNA
12317,3244147,3244294,147,mRNA
12318,3243274,3244079,805,mRNA
12319,3244147,3244178,31,CDS
12320,3243350,3244079,729,CDS
12321,3243350,3244060,710,CDS
12322,3244906,3245340,434,gene
12323,3244906,3245340,434,ncRNA
12324,3244996,3245340,344,ncRNA
12325,3248015,3249044,1029,gene
12326,3248015,3248248,233,mRNA
12327,3248356,3249044,688,mRNA
12328,3248664,3248810,146,CDS
12329,3249340,3254504,5164,gene
12330,3249340,3252400,3060,ncRNA
12331,3249590,3254504,4914,ncRNA
12332,3250594,3251002,408,ncRNA
12333,3251022,3251118,96,gene
12334,3251022,3251118,96,precursor_RNA
12335,3251038,3251061,23,ncRNA
12336,3251081,3251102,21,ncRNA
12337,3257878,3268184,10306,gene
12338,3257878,3257945,67,mRNA
12339,3266403,3266714,311,mRNA
12340,3267121,3267287,166,mRNA
12341,3267425,3267547,122,mRNA
12342,3267609,3268184,575,mRNA
12343,3257878,3257945,67,mRNA
12344,3258418,3258655,237,mRNA
12345,3266403,3266714,311,mRNA
12346,3267121,3267287,166,mRNA
12347,3267425,3267547,122,mRNA
12348,3267609,3267845,236,mRNA
12349,3258155,3258655,500,mRNA
12350,3266403,3266714,311,mRNA
12351,3267121,3267287,166,mRNA
12352,3267425,3267547,122,mRNA
12353,3267609,3267845,236,mRNA
12354,3266651,3266714,63,CDS
12355,3267121,3267287,166,CDS
12356,3267425,3267547,122,CDS
12357,3267609,3267677,68,CDS
12358,3266651,3266714,63,CDS
12359,3267121,3267287,166,CDS
12360,3267425,3267547,122,CDS
12361,3267609,3267677,68,CDS
12362,3266651,3266714,63,CDS
12363,3267121,3267287,166,CDS
12364,3267425,3267547,122,CDS
12365,3267609,3267677,68,CDS
12366,3268461,3268994,533,gene
12367,3268461,3268548,87,mRNA
12368,3268616,3268994,378,mRNA
12369,3268495,3268548,53,CDS
12370,3268616,3268900,284,CDS
12371,3271036,3276255,5219,gene
12372,3271036,3271279,243,mRNA
12373,3274045,3274480,435,mRNA
12374,3275492,3276255,763,mRNA
12375,3271277,3271279,2,CDS
12376,3274045,3274480,435,CDS
12377,3275492,3276048,556,CDS
12378,3280239,3290896,10657,gene
12379,3280239,3280718,479,mRNA
12380,3286302,3286433,131,mRNA
12381,3286952,3287102,150,mRNA
12382,3287201,3287637,436,mRNA
12383,3287709,3288185,476,mRNA
12384,3288983,3289188,205,mRNA
12385,3289885,3290074,189,mRNA
12386,3290303,3290896,593,mRNA
12387,3280239,3280718,479,mRNA
12388,3286302,3286433,131,mRNA
12389,3286952,3287102,150,mRNA
12390,3287201,3287637,436,mRNA
12391,3287709,3288185,476,mRNA
12392,3288983,3289188,205,mRNA
12393,3290303,3290896,593,mRNA
12394,3280239,3280718,479,mRNA
12395,3286302,3286433,131,mRNA
12396,3286952,3287102,150,mRNA
12397,3287201,3287637,436,mRNA
12398,3287709,3288185,476,mRNA
12399,3288983,3289188,205,mRNA
12400,3290333,3290896,563,mRNA
12401,3280239,3280718,479,mRNA
12402,3286302,3286433,131,mRNA
12403,3286952,3287102,150,mRNA
12404,3287201,3287637,436,mRNA
12405,3287709,3288170,461,mRNA
12406,3288983,3289188,205,mRNA
12407,3290303,3290896,593,mRNA
12408,3280562,3280718,156,CDS
12409,3286302,3286433,131,CDS
12410,3286952,3287102,150,CDS
12411,3287201,3287637,436,CDS
12412,3287709,3288185,476,CDS
12413,3288983,3289188,205,CDS
12414,3290303,3290527,224,CDS
12415,3280562,3280718,156,CDS
12416,3286302,3286433,131,CDS
12417,3286952,3287102,150,CDS
12418,3287201,3287637,436,CDS
12419,3287709,3288185,476,CDS
12420,3288983,3289188,205,CDS
12421,3290333,3290527,194,CDS
12422,3280562,3280718,156,CDS
12423,3286302,3286433,131,CDS
12424,3286952,3287102,150,CDS
12425,3287201,3287637,436,CDS
12426,3287709,3288170,461,CDS
12427,3288983,3289188,205,CDS
12428,3290303,3290527,224,CDS
12429,3280562,3280718,156,CDS
12430,3286302,3286433,131,CDS
12431,3286952,3287102,150,CDS
12432,3287201,3287637,436,CDS
12433,3287709,3288185,476,CDS
12434,3288983,3289188,205,CDS
12435,3289885,3289893,8,CDS
12436,3281503,3281930,427,mobile_element
12437,3291459,3299000,7541,gene
12438,3291459,3291749,290,mRNA
12439,3295998,3296315,317,mRNA
12440,3296375,3299000,2625,mRNA
12441,3294748,3295077,329,mRNA
12442,3295998,3296315,317,mRNA
12443,3296375,3299000,2625,mRNA
12444,3295006,3295077,71,CDS
12445,3295998,3296315,317,CDS
12446,3296375,3298702,2327,CDS
12447,3296049,3296315,266,CDS
12448,3296375,3298702,2327,CDS
12449,3299055,3299151,96,gene
12450,3299055,3299151,96,precursor_RNA
12451,3299072,3299094,22,ncRNA
12452,3299113,3299134,21,ncRNA
12453,3299336,3303112,3776,gene
12454,3303048,3303112,64,mRNA
12455,3300723,3300883,160,mRNA
12456,3299336,3300047,711,mRNA
12457,3302332,3302416,84,mRNA
12458,3300723,3300883,160,mRNA
12459,3299336,3300047,711,mRNA
12460,3300989,3301142,153,mRNA
12461,3300723,3300883,160,mRNA
12462,3299336,3300047,711,mRNA
12463,3300963,3301142,179,mRNA
12464,3300723,3300883,160,mRNA
12465,3299336,3300047,711,mRNA
12466,3300723,3300968,245,mRNA
12467,3299336,3300047,711,mRNA
12468,3300723,3300797,74,CDS
12469,3299523,3300047,524,CDS
12470,3300723,3300797,74,CDS
12471,3299523,3300047,524,CDS
12472,3300723,3300797,74,CDS
12473,3299523,3300047,524,CDS
12474,3300723,3300797,74,CDS
12475,3299523,3300047,524,CDS
12476,3300723,3300797,74,CDS
12477,3299523,3300047,524,CDS
12478,3303708,3314009,10301,gene
12479,3303708,3303852,144,mRNA
12480,3304602,3304665,63,mRNA
12481,3310520,3310706,186,mRNA
12482,3310772,3310896,124,mRNA
12483,3311730,3311827,97,mRNA
12484,3311886,3312402,516,mRNA
12485,3312515,3312749,234,mRNA
12486,3312815,3314009,1194,mRNA
12487,3303708,3304273,565,mRNA
12488,3304602,3304665,63,mRNA
12489,3310520,3310706,186,mRNA
12490,3310772,3310896,124,mRNA
12491,3311730,3311827,97,mRNA
12492,3311886,3312402,516,mRNA
12493,3312515,3312749,234,mRNA
12494,3312815,3313476,661,mRNA
12495,3303708,3304021,313,mRNA
12496,3304602,3304665,63,mRNA
12497,3310520,3310706,186,mRNA
12498,3310772,3310896,124,mRNA
12499,3311730,3311827,97,mRNA
12500,3311886,3312402,516,mRNA
12501,3312515,3312749,234,mRNA
12502,3312815,3313476,661,mRNA
12503,3303708,3303852,144,mRNA
12504,3304602,3304665,63,mRNA
12505,3310520,3310706,186,mRNA
12506,3310772,3310896,124,mRNA
12507,3311730,3311827,97,mRNA
12508,3311886,3312402,516,mRNA
12509,3312515,3312749,234,mRNA
12510,3312815,3313476,661,mRNA
12511,3303708,3303852,144,mRNA
12512,3310520,3310706,186,mRNA
12513,3310772,3310896,124,mRNA
12514,3311730,3311827,97,mRNA
12515,3311886,3312402,516,mRNA
12516,3312515,3312749,234,mRNA
12517,3312815,3313476,661,mRNA
12518,3308044,3308174,130,mRNA
12519,3310520,3310706,186,mRNA
12520,3310772,3310896,124,mRNA
12521,3311730,3311827,97,mRNA
12522,3311886,3312402,516,mRNA
12523,3312515,3312749,234,mRNA
12524,3312815,3313476,661,mRNA
12525,3309793,3309927,134,mRNA
12526,3310520,3310706,186,mRNA
12527,3310772,3310896,124,mRNA
12528,3311730,3311827,97,mRNA
12529,3311886,3312402,516,mRNA
12530,3312515,3312749,234,mRNA
12531,3312815,3313476,661,mRNA
12532,3310530,3310706,176,CDS
12533,3310772,3310896,124,CDS
12534,3311730,3311827,97,CDS
12535,3311886,3312402,516,CDS
12536,3312515,3312749,234,CDS
12537,3312815,3313300,485,CDS
12538,3310530,3310706,176,CDS
12539,3310772,3310896,124,CDS
12540,3311730,3311827,97,CDS
12541,3311886,3312402,516,CDS
12542,3312515,3312749,234,CDS
12543,3312815,3313012,197,CDS
12544,3310530,3310706,176,CDS
12545,3310772,3310896,124,CDS
12546,3311730,3311827,97,CDS
12547,3311886,3312402,516,CDS
12548,3312515,3312749,234,CDS
12549,3312815,3313012,197,CDS
12550,3310530,3310706,176,CDS
12551,3310772,3310896,124,CDS
12552,3311730,3311827,97,CDS
12553,3311886,3312402,516,CDS
12554,3312515,3312749,234,CDS
12555,3312815,3313012,197,CDS
12556,3310530,3310706,176,CDS
12557,3310772,3310896,124,CDS
12558,3311730,3311827,97,CDS
12559,3311886,3312402,516,CDS
12560,3312515,3312749,234,CDS
12561,3312815,3313012,197,CDS
12562,3310530,3310706,176,CDS
12563,3310772,3310896,124,CDS
12564,3311730,3311827,97,CDS
12565,3311886,3312402,516,CDS
12566,3312515,3312749,234,CDS
12567,3312815,3313012,197,CDS
12568,3310530,3310706,176,CDS
12569,3310772,3310896,124,CDS
12570,3311730,3311827,97,CDS
12571,3311886,3312402,516,CDS
12572,3312515,3312749,234,CDS
12573,3312815,3313012,197,CDS
12574,3314349,3314681,332,gene
12575,3314349,3314681,332,mRNA
12576,3314375,3314587,212,CDS
12577,3314996,3315355,359,gene
12578,3314996,3315355,359,mRNA
12579,3315034,3315249,215,CDS
12580,3315620,3315942,322,gene
12581,3315620,3315942,322,mRNA
12582,3315637,3315852,215,CDS
12583,3316781,3317144,363,gene
12584,3316781,3317144,363,mRNA
12585,3316835,3317044,209,CDS
12586,3318028,3319232,1204,gene
12587,3318692,3319232,540,mRNA
12588,3318028,3318589,561,mRNA
12589,3318692,3319232,540,mRNA
12590,3318028,3318589,561,mRNA
12591,3318692,3319192,500,CDS
12592,3318152,3318589,437,CDS
12593,3318692,3319192,500,CDS
12594,3318230,3318589,359,CDS
12595,3319555,3322489,2934,gene
12596,3319555,3322489,2934,gene
12597,3319555,3319905,350,mRNA
12598,3320515,3322489,1974,mRNA
12599,3319555,3319905,350,mRNA
12600,3320515,3322489,1974,mRNA
12601,3319797,3319905,108,CDS
12602,3320515,3320651,136,CDS
12603,3320337,3320356,19,mRNA
12604,3320515,3322489,1974,mRNA
12605,3320745,3321716,971,CDS
12606,3320745,3321716,971,CDS
12607,3322025,3328871,6846,gene
12608,3324700,3325946,1246,mRNA
12609,3322910,3324636,1726,mRNA
12610,3322025,3322842,817,mRNA
12611,3328699,3328871,172,mRNA
12612,3324700,3325601,901,mRNA
12613,3322910,3324636,1726,mRNA
12614,3322484,3322842,358,mRNA
12615,3328699,3328871,172,mRNA
12616,3324700,3326036,1336,mRNA
12617,3322910,3324636,1726,mRNA
12618,3322484,3322842,358,mRNA
12619,3328699,3328869,170,CDS
12620,3324700,3325601,901,CDS
12621,3322926,3324636,1710,CDS
12622,3324700,3325637,937,CDS
12623,3322926,3324636,1710,CDS
12624,3324700,3325637,937,CDS
12625,3322926,3324636,1710,CDS
12626,3326265,3328626,2361,gene
12627,3326265,3326712,447,mRNA
12628,3327860,3328183,323,mRNA
12629,3328251,3328626,375,mRNA
12630,3326265,3326367,102,mRNA
12631,3327343,3327553,210,mRNA
12632,3327860,3328183,323,mRNA
12633,3328251,3328626,375,mRNA
12634,3326265,3326367,102,mRNA
12635,3327860,3328183,323,mRNA
12636,3328251,3328626,375,mRNA
12637,3326632,3326712,80,CDS
12638,3327860,3328183,323,CDS
12639,3328251,3328442,191,CDS
12640,3327353,3327553,200,CDS
12641,3327860,3328183,323,CDS
12642,3328251,3328442,191,CDS
12643,3327866,3328183,317,CDS
12644,3328251,3328442,191,CDS
12645,3329281,3329597,316,gene
12646,3329281,3329597,316,ncRNA
12647,3330063,3333181,3118,gene
12648,3330063,3330654,591,mRNA
12649,3330711,3333181,2470,mRNA
12650,3330142,3330654,512,CDS
12651,3330711,3332942,2231,CDS
12652,3333119,3334978,1859,gene
12653,3334767,3334978,211,mRNA
12654,3334227,3334707,480,mRNA
12655,3333984,3334171,187,mRNA
12656,3333745,3333925,180,mRNA
12657,3333119,3333692,573,mRNA
12658,3334227,3334557,330,CDS
12659,3333984,3334171,187,CDS
12660,3333745,3333925,180,CDS
12661,3333445,3333692,247,CDS
12662,3335579,3335788,209,gene
12663,3335579,3335788,209,mRNA
12664,3335579,3335788,209,CDS
12665,3336032,3336418,386,gene
12666,3336032,3336418,386,mRNA
12667,3336144,3336362,218,CDS
12668,3336860,3368133,31273,gene
12669,3336860,3337001,141,mRNA
12670,3337680,3337828,148,mRNA
12671,3351496,3351686,190,mRNA
12672,3351965,3352132,167,mRNA
12673,3353738,3353854,116,mRNA
12674,3353923,3354185,262,mRNA
12675,3354255,3354384,129,mRNA
12676,3354637,3354824,187,mRNA
12677,3354949,3357922,2973,mRNA
12678,3357982,3358121,139,mRNA
12679,3358179,3359789,1610,mRNA
12680,3359853,3365751,5898,mRNA
12681,3365811,3366126,315,mRNA
12682,3366200,3366310,110,mRNA
12683,3367515,3368133,618,mRNA
12684,3336860,3336967,107,mRNA
12685,3337680,3337828,148,mRNA
12686,3351496,3351686,190,mRNA
12687,3351965,3352132,167,mRNA
12688,3353738,3353854,116,mRNA
12689,3353923,3354185,262,mRNA
12690,3354255,3354384,129,mRNA
12691,3354637,3354824,187,mRNA
12692,3354949,3357922,2973,mRNA
12693,3357982,3358121,139,mRNA
12694,3358179,3359789,1610,mRNA
12695,3359853,3365751,5898,mRNA
12696,3365811,3366126,315,mRNA
12697,3366200,3366310,110,mRNA
12698,3366444,3366773,329,mRNA
12699,3367515,3368133,618,mRNA
12700,3337103,3337828,725,mRNA
12701,3351496,3351686,190,mRNA
12702,3351965,3352132,167,mRNA
12703,3353738,3353854,116,mRNA
12704,3353923,3354185,262,mRNA
12705,3354255,3354384,129,mRNA
12706,3354637,3354824,187,mRNA
12707,3354949,3357922,2973,mRNA
12708,3357982,3358121,139,mRNA
12709,3358179,3359789,1610,mRNA
12710,3359853,3365751,5898,mRNA
12711,3365811,3366126,315,mRNA
12712,3366200,3366310,110,mRNA
12713,3366444,3366773,329,mRNA
12714,3367515,3368133,618,mRNA
12715,3337103,3337828,725,mRNA
12716,3351496,3351686,190,mRNA
12717,3351965,3352132,167,mRNA
12718,3353738,3353854,116,mRNA
12719,3353923,3354185,262,mRNA
12720,3354255,3354384,129,mRNA
12721,3354637,3354824,187,mRNA
12722,3354949,3357922,2973,mRNA
12723,3357982,3358121,139,mRNA
12724,3358179,3359789,1610,mRNA
12725,3359853,3365751,5898,mRNA
12726,3365811,3366126,315,mRNA
12727,3366200,3366310,110,mRNA
12728,3367153,3367215,62,mRNA
12729,3367515,3368133,618,mRNA
12730,3337103,3337828,725,mRNA
12731,3351496,3351686,190,mRNA
12732,3351965,3352132,167,mRNA
12733,3353738,3353854,116,mRNA
12734,3353923,3354185,262,mRNA
12735,3354255,3354384,129,mRNA
12736,3354637,3354824,187,mRNA
12737,3354949,3357922,2973,mRNA
12738,3357982,3358121,139,mRNA
12739,3358179,3359789,1610,mRNA
12740,3359853,3365751,5898,mRNA
12741,3365811,3366126,315,mRNA
12742,3366200,3366310,110,mRNA
12743,3367515,3368133,618,mRNA
12744,3350108,3350336,228,mRNA
12745,3351496,3351686,190,mRNA
12746,3351965,3352132,167,mRNA
12747,3353738,3353854,116,mRNA
12748,3353923,3354185,262,mRNA
12749,3354255,3354384,129,mRNA
12750,3354637,3354824,187,mRNA
12751,3354949,3357922,2973,mRNA
12752,3357982,3358121,139,mRNA
12753,3358179,3359789,1610,mRNA
12754,3359853,3365751,5898,mRNA
12755,3365811,3366126,315,mRNA
12756,3366200,3366310,110,mRNA
12757,3366444,3367010,566,mRNA
12758,3367515,3368133,618,mRNA
12759,3350108,3350336,228,mRNA
12760,3351496,3351686,190,mRNA
12761,3351965,3352132,167,mRNA
12762,3353738,3353854,116,mRNA
12763,3353923,3354185,262,mRNA
12764,3354255,3354384,129,mRNA
12765,3354637,3354824,187,mRNA
12766,3354949,3357922,2973,mRNA
12767,3357982,3358121,139,mRNA
12768,3358179,3359789,1610,mRNA
12769,3359853,3365751,5898,mRNA
12770,3365811,3366126,315,mRNA
12771,3366200,3366310,110,mRNA
12772,3366444,3366962,518,mRNA
12773,3367515,3368133,618,mRNA
12774,3350255,3350336,81,CDS
12775,3351496,3351686,190,CDS
12776,3351965,3352132,167,CDS
12777,3353738,3353854,116,CDS
12778,3353923,3354185,262,CDS
12779,3354255,3354384,129,CDS
12780,3354637,3354824,187,CDS
12781,3354949,3357922,2973,CDS
12782,3357982,3358121,139,CDS
12783,3358179,3359789,1610,CDS
12784,3359853,3365751,5898,CDS
12785,3365811,3366126,315,CDS
12786,3366200,3366310,110,CDS
12787,3366444,3367010,566,CDS
12788,3367515,3367771,256,CDS
12789,3350255,3350336,81,CDS
12790,3351496,3351686,190,CDS
12791,3351965,3352132,167,CDS
12792,3353738,3353854,116,CDS
12793,3353923,3354185,262,CDS
12794,3354255,3354384,129,CDS
12795,3354637,3354824,187,CDS
12796,3354949,3357922,2973,CDS
12797,3357982,3358121,139,CDS
12798,3358179,3359789,1610,CDS
12799,3359853,3365751,5898,CDS
12800,3365811,3366126,315,CDS
12801,3366200,3366310,110,CDS
12802,3366444,3366962,518,CDS
12803,3367515,3367771,256,CDS
12804,3351567,3351686,119,CDS
12805,3351965,3352132,167,CDS
12806,3353738,3353854,116,CDS
12807,3353923,3354185,262,CDS
12808,3354255,3354384,129,CDS
12809,3354637,3354824,187,CDS
12810,3354949,3357922,2973,CDS
12811,3357982,3358121,139,CDS
12812,3358179,3359789,1610,CDS
12813,3359853,3365751,5898,CDS
12814,3365811,3366126,315,CDS
12815,3366200,3366310,110,CDS
12816,3366444,3366773,329,CDS
12817,3367515,3367771,256,CDS
12818,3351567,3351686,119,CDS
12819,3351965,3352132,167,CDS
12820,3353738,3353854,116,CDS
12821,3353923,3354185,262,CDS
12822,3354255,3354384,129,CDS
12823,3354637,3354824,187,CDS
12824,3354949,3357922,2973,CDS
12825,3357982,3358121,139,CDS
12826,3358179,3359789,1610,CDS
12827,3359853,3365751,5898,CDS
12828,3365811,3366126,315,CDS
12829,3366200,3366310,110,CDS
12830,3366444,3366773,329,CDS
12831,3367515,3367771,256,CDS
12832,3351567,3351686,119,CDS
12833,3351965,3352132,167,CDS
12834,3353738,3353854,116,CDS
12835,3353923,3354185,262,CDS
12836,3354255,3354384,129,CDS
12837,3354637,3354824,187,CDS
12838,3354949,3357922,2973,CDS
12839,3357982,3358121,139,CDS
12840,3358179,3359789,1610,CDS
12841,3359853,3365751,5898,CDS
12842,3365811,3366126,315,CDS
12843,3366200,3366310,110,CDS
12844,3367153,3367215,62,CDS
12845,3367515,3367771,256,CDS
12846,3351567,3351686,119,CDS
12847,3351965,3352132,167,CDS
12848,3353738,3353854,116,CDS
12849,3353923,3354185,262,CDS
12850,3354255,3354384,129,CDS
12851,3354637,3354824,187,CDS
12852,3354949,3357922,2973,CDS
12853,3357982,3358121,139,CDS
12854,3358179,3359789,1610,CDS
12855,3359853,3365751,5898,CDS
12856,3365811,3366126,315,CDS
12857,3366200,3366310,110,CDS
12858,3367515,3367771,256,CDS
12859,3351567,3351686,119,CDS
12860,3351965,3352132,167,CDS
12861,3353738,3353854,116,CDS
12862,3353923,3354185,262,CDS
12863,3354255,3354384,129,CDS
12864,3354637,3354824,187,CDS
12865,3354949,3357922,2973,CDS
12866,3357982,3358121,139,CDS
12867,3358179,3359789,1610,CDS
12868,3359853,3365751,5898,CDS
12869,3365811,3366126,315,CDS
12870,3366200,3366310,110,CDS
12871,3367515,3367771,256,CDS
12872,3369556,3369942,386,gene
12873,3369556,3369942,386,mRNA
12874,3369619,3369831,212,CDS
12875,3370451,3374170,3719,gene
12876,3374019,3374170,151,mRNA
12877,3372970,3373869,899,mRNA
12878,3370451,3372850,2399,mRNA
12879,3374133,3374170,37,mRNA
12880,3372970,3373869,899,mRNA
12881,3371287,3372850,1563,mRNA
12882,3374019,3374034,15,CDS
12883,3372970,3373869,899,CDS
12884,3371601,3372850,1249,CDS
12885,3372970,3373852,882,CDS
12886,3371601,3372850,1249,CDS
12887,3374282,3376649,2367,gene
12888,3374282,3375176,894,mRNA
12889,3375234,3376034,800,mRNA
12890,3376091,3376649,558,mRNA
12891,3374321,3375176,855,CDS
12892,3375234,3376034,800,CDS
12893,3376091,3376587,496,CDS
12894,3376757,3377992,1235,gene
12895,3376757,3376947,190,mRNA
12896,3376999,3377992,993,mRNA
12897,3376757,3377687,930,mRNA
12898,3376757,3376947,190,mRNA
12899,3376999,3377687,688,mRNA
12900,3376881,3376947,66,CDS
12901,3376999,3377300,301,CDS
12902,3376881,3376947,66,CDS
12903,3376999,3377300,301,CDS
12904,3377055,3377300,245,CDS
12905,3378268,3380083,1815,gene
12906,3378268,3378488,220,mRNA
12907,3378551,3379571,1020,mRNA
12908,3379623,3379796,173,mRNA
12909,3379864,3380083,219,mRNA
12910,3378285,3378488,203,CDS
12911,3378551,3379571,1020,CDS
12912,3379623,3379796,173,CDS
12913,3379864,3380003,139,CDS
12914,3394088,3394607,519,gene
12915,3394088,3394607,519,ncRNA
12916,3401153,3424935,23782,gene
12917,3424425,3424935,510,mRNA
12918,3401153,3404921,3768,mRNA
12919,3416804,3417961,1157,mRNA
12920,3402816,3404921,2105,mRNA
12921,3402956,3404725,1769,CDS
12922,3402956,3404725,1769,CDS
12923,3412145,3412251,106,gene
12924,3412145,3412251,106,precursor_RNA
12925,3412166,3412187,21,ncRNA
12926,3428658,3460977,32319,gene
12927,3460172,3460603,431,mRNA
12928,3458948,3460098,1150,mRNA
12929,3457412,3458840,1428,mRNA
12930,3457215,3457347,132,mRNA
12931,3447648,3447724,76,mRNA
12932,3445365,3445560,195,mRNA
12933,3432204,3432365,161,mRNA
12934,3428658,3429083,425,mRNA
12935,3460172,3460603,431,mRNA
12936,3458948,3460098,1150,mRNA
12937,3457412,3458840,1428,mRNA
12938,3457215,3457347,132,mRNA
12939,3447648,3447724,76,mRNA
12940,3445365,3445560,195,mRNA
12941,3443458,3443565,107,mRNA
12942,3428658,3429083,425,mRNA
12943,3460707,3460977,270,mRNA
12944,3460172,3460603,431,mRNA
12945,3458948,3460098,1150,mRNA
12946,3457412,3458840,1428,mRNA
12947,3457215,3457347,132,mRNA
12948,3447648,3447724,76,mRNA
12949,3445365,3445560,195,mRNA
12950,3443458,3443565,107,mRNA
12951,3432204,3432365,161,mRNA
12952,3428665,3429083,418,mRNA
12953,3460707,3460977,270,mRNA
12954,3460172,3460628,456,mRNA
12955,3458948,3460098,1150,mRNA
12956,3457412,3458840,1428,mRNA
12957,3457215,3457347,132,mRNA
12958,3447648,3447724,76,mRNA
12959,3445365,3445560,195,mRNA
12960,3443458,3443565,107,mRNA
12961,3432204,3432365,161,mRNA
12962,3428665,3429083,418,mRNA
12963,3460172,3460603,431,mRNA
12964,3458948,3460098,1150,mRNA
12965,3457412,3458840,1428,mRNA
12966,3457215,3457347,132,mRNA
12967,3447648,3447724,76,mRNA
12968,3445365,3445560,195,mRNA
12969,3443458,3443565,107,mRNA
12970,3432204,3432365,161,mRNA
12971,3428665,3429083,418,mRNA
12972,3460172,3460242,70,CDS
12973,3458948,3460098,1150,CDS
12974,3457412,3458840,1428,CDS
12975,3457215,3457347,132,CDS
12976,3447648,3447724,76,CDS
12977,3445365,3445560,195,CDS
12978,3432204,3432365,161,CDS
12979,3428976,3429083,107,CDS
12980,3460172,3460242,70,CDS
12981,3458948,3460098,1150,CDS
12982,3457412,3458840,1428,CDS
12983,3457215,3457347,132,CDS
12984,3447648,3447724,76,CDS
12985,3445365,3445560,195,CDS
12986,3443458,3443565,107,CDS
12987,3428976,3429083,107,CDS
12988,3460172,3460242,70,CDS
12989,3458948,3460098,1150,CDS
12990,3457412,3458840,1428,CDS
12991,3457215,3457347,132,CDS
12992,3447648,3447724,76,CDS
12993,3445365,3445560,195,CDS
12994,3443458,3443565,107,CDS
12995,3432204,3432365,161,CDS
12996,3428976,3429083,107,CDS
12997,3460172,3460242,70,CDS
12998,3458948,3460098,1150,CDS
12999,3457412,3458840,1428,CDS
13000,3457215,3457347,132,CDS
13001,3447648,3447724,76,CDS
13002,3445365,3445560,195,CDS
13003,3443458,3443565,107,CDS
13004,3432204,3432365,161,CDS
13005,3428976,3429083,107,CDS
13006,3460172,3460242,70,CDS
13007,3458948,3460098,1150,CDS
13008,3457412,3458840,1428,CDS
13009,3457215,3457347,132,CDS
13010,3447648,3447724,76,CDS
13011,3445365,3445560,195,CDS
13012,3443458,3443565,107,CDS
13013,3432204,3432365,161,CDS
13014,3428976,3429083,107,CDS
13015,3461317,3466303,4986,gene
13016,3461317,3461462,145,mRNA
13017,3461541,3461670,129,mRNA
13018,3462104,3462784,680,mRNA
13019,3462862,3463290,428,mRNA
13020,3463357,3463959,602,mRNA
13021,3464017,3464979,962,mRNA
13022,3465049,3465852,803,mRNA
13023,3465909,3466303,394,mRNA
13024,3461317,3461462,145,mRNA
13025,3461541,3461670,129,mRNA
13026,3462121,3462784,663,mRNA
13027,3462862,3463290,428,mRNA
13028,3463357,3463959,602,mRNA
13029,3464017,3464979,962,mRNA
13030,3465049,3465852,803,mRNA
13031,3465909,3466303,394,mRNA
13032,3462341,3462784,443,CDS
13033,3462862,3463290,428,CDS
13034,3463357,3463959,602,CDS
13035,3464017,3464979,962,CDS
13036,3465049,3465852,803,CDS
13037,3465909,3466232,323,CDS
13038,3462341,3462784,443,CDS
13039,3462862,3463290,428,CDS
13040,3463357,3463959,602,CDS
13041,3464017,3464979,962,CDS
13042,3465049,3465852,803,CDS
13043,3465909,3466232,323,CDS
13044,3462348,3462784,436,mRNA
13045,3462862,3463290,428,mRNA
13046,3463357,3463959,602,mRNA
13047,3464017,3464979,962,mRNA
13048,3465049,3465852,803,mRNA
13049,3465909,3466303,394,mRNA
13050,3462443,3462784,341,CDS
13051,3462862,3463290,428,CDS
13052,3463357,3463959,602,CDS
13053,3464017,3464979,962,CDS
13054,3465049,3465852,803,CDS
13055,3465909,3466232,323,CDS
13056,3466428,3468098,1670,gene
13057,3466428,3466622,194,mRNA
13058,3466686,3466872,186,mRNA
13059,3466950,3467372,422,mRNA
13060,3467426,3468098,672,mRNA
13061,3466428,3466622,194,mRNA
13062,3466686,3466872,186,mRNA
13063,3466950,3467372,422,mRNA
13064,3467433,3468098,665,mRNA
13065,3466539,3466622,83,CDS
13066,3466686,3466872,186,CDS
13067,3466950,3467372,422,CDS
13068,3467426,3467892,466,CDS
13069,3466539,3466622,83,CDS
13070,3466686,3466872,186,CDS
13071,3466950,3467372,422,CDS
13072,3467433,3467524,91,CDS
13073,3468023,3471309,3286,gene
13074,3471085,3471309,224,mRNA
13075,3470388,3471028,640,mRNA
13076,3469383,3469635,252,mRNA
13077,3468023,3469322,1299,mRNA
13078,3470388,3471002,614,CDS
13079,3469383,3469635,252,CDS
13080,3468781,3469322,541,CDS
13081,3471555,3472113,558,gene
13082,3471927,3472113,186,mRNA
13083,3471555,3471856,301,mRNA
13084,3471927,3472041,114,CDS
13085,3471822,3471856,34,CDS
13086,3472447,3510895,38448,gene
13087,3472447,3472707,260,mRNA
13088,3485844,3486278,434,mRNA
13089,3504720,3504803,83,mRNA
13090,3504888,3505092,204,mRNA
13091,3506075,3507207,1132,mRNA
13092,3507298,3510895,3597,mRNA
13093,3472447,3472707,260,mRNA
13094,3485844,3486278,434,mRNA
13095,3504720,3504803,83,mRNA
13096,3504888,3505086,198,mRNA
13097,3506075,3507207,1132,mRNA
13098,3507298,3510895,3597,mRNA
13099,3472447,3472707,260,mRNA
13100,3485844,3486278,434,mRNA
13101,3504720,3504803,83,mRNA
13102,3504888,3505316,428,mRNA
13103,3472687,3472707,20,CDS
13104,3485844,3486278,434,CDS
13105,3504720,3504803,83,CDS
13106,3504888,3505092,204,CDS
13107,3506075,3507207,1132,CDS
13108,3507298,3508533,1235,CDS
13109,3472687,3472707,20,CDS
13110,3485844,3486278,434,CDS
13111,3504720,3504803,83,CDS
13112,3504888,3505086,198,CDS
13113,3506075,3507207,1132,CDS
13114,3507298,3508533,1235,CDS
13115,3472687,3472707,20,CDS
13116,3485844,3486278,434,CDS
13117,3504720,3504803,83,CDS
13118,3504888,3505097,209,CDS
13119,3475135,3475515,380,mobile_element
13120,3483832,3484653,821,gene
13121,3484570,3484653,83,mRNA
13122,3484458,3484502,44,mRNA
13123,3483832,3484379,547,mRNA
13124,3484570,3484620,50,CDS
13125,3484458,3484502,44,CDS
13126,3483927,3484379,452,CDS
13127,3485710,3485743,33,mRNA
13128,3485844,3486278,434,mRNA
13129,3504720,3504803,83,mRNA
13130,3504888,3505092,204,mRNA
13131,3506075,3507207,1132,mRNA
13132,3507298,3510895,3597,mRNA
13133,3485710,3485743,33,mRNA
13134,3485844,3486278,434,mRNA
13135,3504720,3504803,83,mRNA
13136,3504888,3505086,198,mRNA
13137,3506075,3507207,1132,mRNA
13138,3507298,3510895,3597,mRNA
13139,3485710,3485743,33,mRNA
13140,3485844,3486278,434,mRNA
13141,3504720,3504803,83,mRNA
13142,3504888,3505316,428,mRNA
13143,3486159,3486278,119,CDS
13144,3504720,3504803,83,CDS
13145,3504888,3505092,204,CDS
13146,3506075,3507207,1132,CDS
13147,3507298,3508533,1235,CDS
13148,3486159,3486278,119,CDS
13149,3504720,3504803,83,CDS
13150,3504888,3505086,198,CDS
13151,3506075,3507207,1132,CDS
13152,3507298,3508533,1235,CDS
13153,3486159,3486278,119,CDS
13154,3504720,3504803,83,CDS
13155,3504888,3505097,209,CDS
13156,3510974,3512681,1707,gene
13157,3510974,3512681,1707,mRNA
13158,3511202,3512602,1400,CDS
13159,3515751,3610521,94770,gene
13160,3515751,3515934,183,mRNA
13161,3516529,3516828,299,mRNA
13162,3552787,3552864,77,mRNA
13163,3578289,3578480,191,mRNA
13164,3593329,3593546,217,mRNA
13165,3594651,3594742,91,mRNA
13166,3598065,3598239,174,mRNA
13167,3598360,3598621,261,mRNA
13168,3600013,3600225,212,mRNA
13169,3600312,3600491,179,mRNA
13170,3607502,3610521,3019,mRNA
13171,3515751,3516828,1077,mRNA
13172,3552787,3552864,77,mRNA
13173,3578289,3578480,191,mRNA
13174,3588042,3588080,38,mRNA
13175,3593329,3593546,217,mRNA
13176,3594651,3594742,91,mRNA
13177,3598065,3598239,174,mRNA
13178,3598360,3598621,261,mRNA
13179,3600013,3600225,212,mRNA
13180,3600312,3600491,179,mRNA
13181,3607502,3608549,1047,mRNA
13182,3515751,3516828,1077,mRNA
13183,3552787,3552864,77,mRNA
13184,3578289,3578480,191,mRNA
13185,3588042,3588080,38,mRNA
13186,3593329,3593546,217,mRNA
13187,3594651,3594742,91,mRNA
13188,3598065,3598239,174,mRNA
13189,3598360,3598621,261,mRNA
13190,3600013,3600225,212,mRNA
13191,3600312,3600491,179,mRNA
13192,3607502,3608549,1047,mRNA
13193,3515751,3516828,1077,mRNA
13194,3552787,3552864,77,mRNA
13195,3578289,3578480,191,mRNA
13196,3593329,3593546,217,mRNA
13197,3594651,3594742,91,mRNA
13198,3598065,3598239,174,mRNA
13199,3598360,3598621,261,mRNA
13200,3600013,3600225,212,mRNA
13201,3600312,3600491,179,mRNA
13202,3607502,3608549,1047,mRNA
13203,3515751,3515934,183,mRNA
13204,3516529,3516828,299,mRNA
13205,3552787,3552864,77,mRNA
13206,3578289,3578480,191,mRNA
13207,3588042,3588080,38,mRNA
13208,3593329,3593546,217,mRNA
13209,3594651,3594742,91,mRNA
13210,3598065,3598239,174,mRNA
13211,3598360,3598621,261,mRNA
13212,3600013,3600225,212,mRNA
13213,3600312,3600491,179,mRNA
13214,3607502,3608549,1047,mRNA
13215,3516774,3516828,54,CDS
13216,3552787,3552864,77,CDS
13217,3578289,3578480,191,CDS
13218,3588042,3588080,38,CDS
13219,3593329,3593546,217,CDS
13220,3594651,3594742,91,CDS
13221,3598065,3598239,174,CDS
13222,3598360,3598621,261,CDS
13223,3600013,3600225,212,CDS
13224,3600312,3600491,179,CDS
13225,3607502,3607614,112,CDS
13226,3516774,3516828,54,CDS
13227,3552787,3552864,77,CDS
13228,3578289,3578480,191,CDS
13229,3588042,3588080,38,CDS
13230,3593329,3593546,217,CDS
13231,3594651,3594742,91,CDS
13232,3598065,3598239,174,CDS
13233,3598360,3598621,261,CDS
13234,3600013,3600225,212,CDS
13235,3600312,3600491,179,CDS
13236,3607502,3607566,64,CDS
13237,3516774,3516828,54,CDS
13238,3552787,3552864,77,CDS
13239,3578289,3578480,191,CDS
13240,3588042,3588080,38,CDS
13241,3593329,3593546,217,CDS
13242,3594651,3594742,91,CDS
13243,3598065,3598239,174,CDS
13244,3598360,3598621,261,CDS
13245,3600013,3600225,212,CDS
13246,3600312,3600491,179,CDS
13247,3607502,3607566,64,CDS
13248,3516774,3516828,54,CDS
13249,3552787,3552864,77,CDS
13250,3578289,3578480,191,CDS
13251,3593329,3593546,217,CDS
13252,3594651,3594742,91,CDS
13253,3598065,3598239,174,CDS
13254,3598360,3598621,261,CDS
13255,3600013,3600225,212,CDS
13256,3600312,3600491,179,CDS
13257,3607502,3607566,64,CDS
13258,3516774,3516828,54,CDS
13259,3552787,3552864,77,CDS
13260,3578289,3578480,191,CDS
13261,3593329,3593546,217,CDS
13262,3594651,3594742,91,CDS
13263,3598065,3598239,174,CDS
13264,3598360,3598621,261,CDS
13265,3600013,3600225,212,CDS
13266,3600312,3600491,179,CDS
13267,3607502,3607566,64,CDS
13268,3522850,3523620,770,gene
13269,3522850,3523620,770,ncRNA
13270,3543580,3543707,127,mRNA
13271,3543939,3543993,54,mRNA
13272,3546073,3546131,58,mRNA
13273,3552787,3552864,77,mRNA
13274,3578289,3578480,191,mRNA
13275,3588042,3588080,38,mRNA
13276,3593329,3593546,217,mRNA
13277,3594651,3594742,91,mRNA
13278,3598065,3598239,174,mRNA
13279,3598360,3598621,261,mRNA
13280,3600013,3600225,212,mRNA
13281,3600312,3600491,179,mRNA
13282,3607502,3608549,1047,mRNA
13283,3543580,3543707,127,mRNA
13284,3543939,3543993,54,mRNA
13285,3546073,3546131,58,mRNA
13286,3552787,3552864,77,mRNA
13287,3578289,3578480,191,mRNA
13288,3593329,3593546,217,mRNA
13289,3594651,3594742,91,mRNA
13290,3598065,3598239,174,mRNA
13291,3598360,3598621,261,mRNA
13292,3600013,3600225,212,mRNA
13293,3600312,3600491,179,mRNA
13294,3607502,3608549,1047,mRNA
13295,3543580,3543707,127,mRNA
13296,3545799,3546131,332,mRNA
13297,3552787,3552864,77,mRNA
13298,3578289,3578480,191,mRNA
13299,3588042,3588080,38,mRNA
13300,3593329,3593546,217,mRNA
13301,3594651,3594742,91,mRNA
13302,3598065,3598239,174,mRNA
13303,3598360,3598621,261,mRNA
13304,3600013,3600225,212,mRNA
13305,3600312,3600491,179,mRNA
13306,3607502,3608549,1047,mRNA
13307,3543580,3543707,127,mRNA
13308,3545799,3546131,332,mRNA
13309,3552787,3552864,77,mRNA
13310,3578289,3578480,191,mRNA
13311,3593329,3593546,217,mRNA
13312,3594651,3594742,91,mRNA
13313,3598065,3598239,174,mRNA
13314,3598360,3598621,261,mRNA
13315,3600013,3600225,212,mRNA
13316,3600312,3600491,179,mRNA
13317,3607502,3608549,1047,mRNA
13318,3543580,3543707,127,mRNA
13319,3552787,3552864,77,mRNA
13320,3578289,3578480,191,mRNA
13321,3588042,3588080,38,mRNA
13322,3593329,3593546,217,mRNA
13323,3594651,3594742,91,mRNA
13324,3598065,3598239,174,mRNA
13325,3598360,3598621,261,mRNA
13326,3600013,3600225,212,mRNA
13327,3600312,3600491,179,mRNA
13328,3607502,3608549,1047,mRNA
13329,3545318,3546131,813,mRNA
13330,3552787,3552864,77,mRNA
13331,3578289,3578480,191,mRNA
13332,3588042,3588080,38,mRNA
13333,3593329,3593546,217,mRNA
13334,3594651,3594742,91,mRNA
13335,3598065,3598239,174,mRNA
13336,3598360,3598621,261,mRNA
13337,3600013,3600225,212,mRNA
13338,3600312,3600491,179,mRNA
13339,3607502,3608549,1047,mRNA
13340,3545318,3545417,99,mRNA
13341,3545799,3546131,332,mRNA
13342,3552787,3552864,77,mRNA
13343,3578289,3578480,191,mRNA
13344,3588042,3588080,38,mRNA
13345,3593329,3593546,217,mRNA
13346,3594651,3594742,91,mRNA
13347,3598065,3598239,174,mRNA
13348,3598360,3598621,261,mRNA
13349,3600013,3600225,212,mRNA
13350,3600312,3600491,179,mRNA
13351,3607502,3608549,1047,mRNA
13352,3545318,3545417,99,mRNA
13353,3545799,3546131,332,mRNA
13354,3552787,3552864,77,mRNA
13355,3578289,3578480,191,mRNA
13356,3593329,3593546,217,mRNA
13357,3594651,3594742,91,mRNA
13358,3598065,3598239,174,mRNA
13359,3598360,3598621,261,mRNA
13360,3600013,3600225,212,mRNA
13361,3600312,3600491,179,mRNA
13362,3607502,3608549,1047,mRNA
13363,3545793,3546131,338,mRNA
13364,3552787,3552864,77,mRNA
13365,3578289,3578480,191,mRNA
13366,3593329,3593546,217,mRNA
13367,3594651,3594742,91,mRNA
13368,3598065,3598239,174,mRNA
13369,3598360,3598621,261,mRNA
13370,3600013,3600225,212,mRNA
13371,3600312,3600491,179,mRNA
13372,3607502,3610521,3019,mRNA
13373,3546077,3546131,54,CDS
13374,3552787,3552864,77,CDS
13375,3578289,3578480,191,CDS
13376,3588042,3588080,38,CDS
13377,3593329,3593546,217,CDS
13378,3594651,3594742,91,CDS
13379,3598065,3598239,174,CDS
13380,3598360,3598621,261,CDS
13381,3600013,3600225,212,CDS
13382,3600312,3600491,179,CDS
13383,3607502,3607566,64,CDS
13384,3546077,3546131,54,CDS
13385,3552787,3552864,77,CDS
13386,3578289,3578480,191,CDS
13387,3588042,3588080,38,CDS
13388,3593329,3593546,217,CDS
13389,3594651,3594742,91,CDS
13390,3598065,3598239,174,CDS
13391,3598360,3598621,261,CDS
13392,3600013,3600225,212,CDS
13393,3600312,3600491,179,CDS
13394,3607502,3607566,64,CDS
13395,3546077,3546131,54,CDS
13396,3552787,3552864,77,CDS
13397,3578289,3578480,191,CDS
13398,3588042,3588080,38,CDS
13399,3593329,3593546,217,CDS
13400,3594651,3594742,91,CDS
13401,3598065,3598239,174,CDS
13402,3598360,3598621,261,CDS
13403,3600013,3600225,212,CDS
13404,3600312,3600491,179,CDS
13405,3607502,3607566,64,CDS
13406,3546077,3546131,54,CDS
13407,3552787,3552864,77,CDS
13408,3578289,3578480,191,CDS
13409,3588042,3588080,38,CDS
13410,3593329,3593546,217,CDS
13411,3594651,3594742,91,CDS
13412,3598065,3598239,174,CDS
13413,3598360,3598621,261,CDS
13414,3600013,3600225,212,CDS
13415,3600312,3600491,179,CDS
13416,3607502,3607566,64,CDS
13417,3546077,3546131,54,CDS
13418,3552787,3552864,77,CDS
13419,3578289,3578480,191,CDS
13420,3593329,3593546,217,CDS
13421,3594651,3594742,91,CDS
13422,3598065,3598239,174,CDS
13423,3598360,3598621,261,CDS
13424,3600013,3600225,212,CDS
13425,3600312,3600491,179,CDS
13426,3607502,3607566,64,CDS
13427,3546077,3546131,54,CDS
13428,3552787,3552864,77,CDS
13429,3578289,3578480,191,CDS
13430,3593329,3593546,217,CDS
13431,3594651,3594742,91,CDS
13432,3598065,3598239,174,CDS
13433,3598360,3598621,261,CDS
13434,3600013,3600225,212,CDS
13435,3600312,3600491,179,CDS
13436,3607502,3607566,64,CDS
13437,3546077,3546131,54,CDS
13438,3552787,3552864,77,CDS
13439,3578289,3578480,191,CDS
13440,3593329,3593546,217,CDS
13441,3594651,3594742,91,CDS
13442,3598065,3598239,174,CDS
13443,3598360,3598621,261,CDS
13444,3600013,3600225,212,CDS
13445,3600312,3600491,179,CDS
13446,3607502,3607566,64,CDS
13447,3546077,3546131,54,CDS
13448,3552787,3552864,77,CDS
13449,3578289,3578480,191,CDS
13450,3593329,3593546,217,CDS
13451,3594651,3594742,91,CDS
13452,3598065,3598239,174,CDS
13453,3598360,3598621,261,CDS
13454,3600013,3600225,212,CDS
13455,3600312,3600491,179,CDS
13456,3607502,3607566,64,CDS
13457,3552795,3552864,69,CDS
13458,3578289,3578480,191,CDS
13459,3588042,3588080,38,CDS
13460,3593329,3593546,217,CDS
13461,3594651,3594742,91,CDS
13462,3598065,3598239,174,CDS
13463,3598360,3598621,261,CDS
13464,3600013,3600225,212,CDS
13465,3600312,3600491,179,CDS
13466,3607502,3607566,64,CDS
13467,3555631,3556299,668,gene
13468,3555631,3556299,668,ncRNA
13469,3593823,3593893,70,gene
13470,3593823,3593893,70,ncRNA
13471,3601354,3606606,5252,mobile_element
13472,3612192,3615244,3052,gene
13473,3612192,3612492,300,mRNA
13474,3613075,3613205,130,mRNA
13475,3613749,3613960,211,mRNA
13476,3614070,3614253,183,mRNA
13477,3614311,3615244,933,mRNA
13478,3612192,3612492,300,mRNA
13479,3613075,3613205,130,mRNA
13480,3613749,3613882,133,mRNA
13481,3614070,3614253,183,mRNA
13482,3614311,3615244,933,mRNA
13483,3612325,3612492,167,CDS
13484,3613075,3613205,130,CDS
13485,3613749,3613960,211,CDS
13486,3614070,3614253,183,CDS
13487,3614311,3615073,762,CDS
13488,3612325,3612492,167,CDS
13489,3613075,3613205,130,CDS
13490,3613749,3613882,133,CDS
13491,3614070,3614253,183,CDS
13492,3614311,3615073,762,CDS
13493,3615382,3616682,1300,gene
13494,3615382,3615622,240,mRNA
13495,3615698,3616162,464,mRNA
13496,3616222,3616420,198,mRNA
13497,3616477,3616682,205,mRNA
13498,3615394,3615622,228,CDS
13499,3615698,3616162,464,CDS
13500,3616222,3616420,198,CDS
13501,3616477,3616549,72,CDS
13502,3620433,3621032,599,gene
13503,3620872,3621032,160,mRNA
13504,3620742,3620809,67,mRNA
13505,3620433,3620691,258,mRNA
13506,3620872,3621032,160,mRNA
13507,3620742,3620812,70,mRNA
13508,3620433,3620691,258,mRNA
13509,3620872,3620965,93,CDS
13510,3620742,3620809,67,CDS
13511,3620476,3620691,215,CDS
13512,3620872,3620965,93,CDS
13513,3620742,3620812,70,CDS
13514,3620476,3620691,215,CDS
13515,3626352,3653442,27090,gene
13516,3626352,3627144,792,mRNA
13517,3644642,3645206,564,mRNA
13518,3645875,3646572,697,mRNA
13519,3646739,3647420,681,mRNA
13520,3649279,3649338,59,mRNA
13521,3652715,3653442,727,mRNA
13522,3627082,3627144,62,CDS
13523,3644642,3645206,564,CDS
13524,3645875,3646572,697,CDS
13525,3646739,3647420,681,CDS
13526,3649279,3649338,59,CDS
13527,3652715,3652902,187,CDS
13528,3653405,3654771,1366,gene
13529,3654699,3654771,72,mRNA
13530,3654436,3654639,203,mRNA
13531,3653405,3654328,923,mRNA
13532,3654436,3654636,200,CDS
13533,3653465,3654328,863,CDS
13534,3659068,3659724,656,gene
13535,3659068,3659724,656,mRNA
13536,3659132,3659614,482,CDS
13537,3688786,3689409,623,gene
13538,3688786,3689409,623,ncRNA
13539,3688786,3688901,115,ncRNA
13540,3689047,3689409,362,ncRNA
13541,3693752,3694227,475,gene
13542,3693752,3694227,475,ncRNA
13543,3708563,3708997,434,gene
13544,3708563,3708997,434,ncRNA
13545,3714027,3714717,690,gene
13546,3714027,3714057,30,mRNA
13547,3714111,3714717,606,mRNA
13548,3714027,3714057,30,mRNA
13549,3714111,3714578,467,mRNA
13550,3714133,3714567,434,CDS
13551,3714133,3714567,434,CDS
13552,3714826,3806459,91633,gene
13553,3805821,3806459,638,mRNA
13554,3803314,3803454,140,mRNA
13555,3769242,3769406,164,mRNA
13556,3769078,3769176,98,mRNA
13557,3767137,3767568,431,mRNA
13558,3723639,3723872,233,mRNA
13559,3722860,3723105,245,mRNA
13560,3722156,3722522,366,mRNA
13561,3718638,3718990,352,mRNA
13562,3718196,3718472,276,mRNA
13563,3714826,3717407,2581,mRNA
13564,3799886,3801288,1402,mRNA
13565,3769242,3769406,164,mRNA
13566,3769078,3769176,98,mRNA
13567,3767137,3767568,431,mRNA
13568,3723639,3723872,233,mRNA
13569,3722860,3723105,245,mRNA
13570,3722156,3722522,366,mRNA
13571,3718638,3718990,352,mRNA
13572,3718196,3718472,276,mRNA
13573,3717217,3717407,190,mRNA
13574,3799886,3801288,1402,mRNA
13575,3769242,3769406,164,mRNA
13576,3769078,3769176,98,mRNA
13577,3767137,3767568,431,mRNA
13578,3723639,3723872,233,mRNA
13579,3722860,3723105,245,mRNA
13580,3722156,3722522,366,mRNA
13581,3721537,3721566,29,mRNA
13582,3718638,3718990,352,mRNA
13583,3718196,3718472,276,mRNA
13584,3717217,3717407,190,mRNA
13585,3794517,3794950,433,mRNA
13586,3769242,3769406,164,mRNA
13587,3769078,3769176,98,mRNA
13588,3767137,3767568,431,mRNA
13589,3723639,3723872,233,mRNA
13590,3722860,3723105,245,mRNA
13591,3722156,3722522,366,mRNA
13592,3718638,3718990,352,mRNA
13593,3718196,3718472,276,mRNA
13594,3717217,3717407,190,mRNA
13595,3787557,3787966,409,mRNA
13596,3780423,3781412,989,mRNA
13597,3769242,3769406,164,mRNA
13598,3769078,3769176,98,mRNA
13599,3767137,3767568,431,mRNA
13600,3723639,3723872,233,mRNA
13601,3722860,3723105,245,mRNA
13602,3722156,3722522,366,mRNA
13603,3718638,3718990,352,mRNA
13604,3718196,3718472,276,mRNA
13605,3717217,3717407,190,mRNA
13606,3787557,3787960,403,mRNA
13607,3780423,3781412,989,mRNA
13608,3769242,3769406,164,mRNA
13609,3769078,3769176,98,mRNA
13610,3767137,3767568,431,mRNA
13611,3723639,3723872,233,mRNA
13612,3722860,3723105,245,mRNA
13613,3722156,3722522,366,mRNA
13614,3721537,3721566,29,mRNA
13615,3718638,3718990,352,mRNA
13616,3718196,3718472,276,mRNA
13617,3717217,3717407,190,mRNA
13618,3765643,3765731,88,mRNA
13619,3758407,3759258,851,mRNA
13620,3723639,3723872,233,mRNA
13621,3722860,3723105,245,mRNA
13622,3722156,3722522,366,mRNA
13623,3718638,3718990,352,mRNA
13624,3718196,3718472,276,mRNA
13625,3717217,3717407,190,mRNA
13626,3758407,3759156,749,mRNA
13627,3723639,3723872,233,mRNA
13628,3722860,3723105,245,mRNA
13629,3722156,3722522,366,mRNA
13630,3718638,3718990,352,mRNA
13631,3718196,3718472,276,mRNA
13632,3717217,3717407,190,mRNA
13633,3745828,3746584,756,mRNA
13634,3741996,3743772,1776,mRNA
13635,3723639,3723872,233,mRNA
13636,3722860,3723105,245,mRNA
13637,3722156,3722522,366,mRNA
13638,3718638,3718990,352,mRNA
13639,3718196,3718472,276,mRNA
13640,3717217,3717407,190,mRNA
13641,3805821,3805959,138,CDS
13642,3803314,3803454,140,CDS
13643,3769242,3769406,164,CDS
13644,3769078,3769176,98,CDS
13645,3767137,3767568,431,CDS
13646,3723639,3723872,233,CDS
13647,3722860,3723105,245,CDS
13648,3722156,3722522,366,CDS
13649,3718638,3718990,352,CDS
13650,3718196,3718472,276,CDS
13651,3717392,3717407,15,CDS
13652,3799886,3800480,594,CDS
13653,3769242,3769406,164,CDS
13654,3769078,3769176,98,CDS
13655,3767137,3767568,431,CDS
13656,3723639,3723872,233,CDS
13657,3722860,3723105,245,CDS
13658,3722156,3722522,366,CDS
13659,3718638,3718990,352,CDS
13660,3718196,3718472,276,CDS
13661,3717392,3717407,15,CDS
13662,3799886,3800480,594,CDS
13663,3769242,3769406,164,CDS
13664,3769078,3769176,98,CDS
13665,3767137,3767568,431,CDS
13666,3723639,3723872,233,CDS
13667,3722860,3723105,245,CDS
13668,3722156,3722522,366,CDS
13669,3721537,3721566,29,CDS
13670,3718638,3718990,352,CDS
13671,3718196,3718472,276,CDS
13672,3717392,3717407,15,CDS
13673,3794517,3794607,90,CDS
13674,3769242,3769406,164,CDS
13675,3769078,3769176,98,CDS
13676,3767137,3767568,431,CDS
13677,3723639,3723872,233,CDS
13678,3722860,3723105,245,CDS
13679,3722156,3722522,366,CDS
13680,3718638,3718990,352,CDS
13681,3718196,3718472,276,CDS
13682,3717392,3717407,15,CDS
13683,3780423,3781230,807,CDS
13684,3769242,3769406,164,CDS
13685,3769078,3769176,98,CDS
13686,3767137,3767568,431,CDS
13687,3723639,3723872,233,CDS
13688,3722860,3723105,245,CDS
13689,3722156,3722522,366,CDS
13690,3718638,3718990,352,CDS
13691,3718196,3718472,276,CDS
13692,3717392,3717407,15,CDS
13693,3780423,3781230,807,CDS
13694,3769242,3769406,164,CDS
13695,3769078,3769176,98,CDS
13696,3767137,3767568,431,CDS
13697,3723639,3723872,233,CDS
13698,3722860,3723105,245,CDS
13699,3722156,3722522,366,CDS
13700,3721537,3721566,29,CDS
13701,3718638,3718990,352,CDS
13702,3718196,3718472,276,CDS
13703,3717392,3717407,15,CDS
13704,3758407,3758443,36,CDS
13705,3723639,3723872,233,CDS
13706,3722860,3723105,245,CDS
13707,3722156,3722522,366,CDS
13708,3718638,3718990,352,CDS
13709,3718196,3718472,276,CDS
13710,3717392,3717407,15,CDS
13711,3741996,3742875,879,CDS
13712,3723639,3723872,233,CDS
13713,3722860,3723105,245,CDS
13714,3722156,3722522,366,CDS
13715,3718638,3718990,352,CDS
13716,3718196,3718472,276,CDS
13717,3717392,3717407,15,CDS
13718,3723639,3723774,135,CDS
13719,3722860,3723105,245,CDS
13720,3722156,3722522,366,CDS
13721,3718638,3718990,352,CDS
13722,3718196,3718472,276,CDS
13723,3717392,3717407,15,CDS
13724,3753693,3755201,1508,gene
13725,3754123,3755201,1078,mRNA
13726,3753880,3754062,182,mRNA
13727,3753693,3753811,118,mRNA
13728,3754123,3755089,966,CDS
13729,3753880,3754062,182,CDS
13730,3753693,3753811,118,CDS
13731,3790804,3791560,756,gene
13732,3790804,3790855,51,mRNA
13733,3791087,3791560,473,mRNA
13734,3790844,3790855,11,CDS
13735,3791087,3791308,221,CDS
13736,3803832,3806459,2627,gene
13737,3805821,3806459,638,mRNA
13738,3803832,3804764,932,mRNA
13739,3805821,3805959,138,CDS
13740,3803959,3804764,805,CDS
13741,3806710,3809090,2380,gene
13742,3806710,3807011,301,mRNA
13743,3807065,3808109,1044,mRNA
13744,3808166,3809090,924,mRNA
13745,3806812,3807011,199,CDS
13746,3807065,3808109,1044,CDS
13747,3808166,3808816,650,CDS
13748,3809146,3810196,1050,gene
13749,3809146,3810196,1050,mRNA
13750,3809276,3810097,821,CDS
13751,3810312,3811114,802,gene
13752,3810312,3811114,802,mRNA
13753,3810350,3810970,620,CDS
13754,3811263,3813958,2695,gene
13755,3811263,3811415,152,mRNA
13756,3811474,3811672,198,mRNA
13757,3811946,3812413,467,mRNA
13758,3812472,3813053,581,mRNA
13759,3813117,3813958,841,mRNA
13760,3811263,3811415,152,mRNA
13761,3811474,3811672,198,mRNA
13762,3811946,3812413,467,mRNA
13763,3812472,3813053,581,mRNA
13764,3813117,3813360,243,mRNA
13765,3813451,3813958,507,mRNA
13766,3811545,3811672,127,CDS
13767,3811946,3812413,467,CDS
13768,3812472,3813053,581,CDS
13769,3813117,3813624,507,CDS
13770,3811545,3811672,127,CDS
13771,3811946,3812413,467,CDS
13772,3812472,3813053,581,CDS
13773,3813117,3813360,243,CDS
13774,3813451,3813624,173,CDS
13775,3814211,3818383,4172,gene
13776,3814211,3814355,144,mRNA
13777,3816632,3817080,448,mRNA
13778,3817437,3817721,284,mRNA
13779,3817784,3818383,599,mRNA
13780,3814211,3814355,144,mRNA
13781,3816632,3817080,448,mRNA
13782,3817437,3817721,284,mRNA
13783,3817784,3818154,370,mRNA
13784,3814319,3814355,36,CDS
13785,3816632,3817080,448,CDS
13786,3817437,3817721,284,CDS
13787,3817784,3817999,215,CDS
13788,3814319,3814355,36,CDS
13789,3816632,3817080,448,CDS
13790,3817437,3817721,284,CDS
13791,3817784,3817999,215,CDS
13792,3814698,3815240,542,gene
13793,3815189,3815240,51,ncRNA
13794,3814936,3815123,187,ncRNA
13795,3814698,3814880,182,ncRNA
13796,3815442,3815758,316,gene
13797,3815597,3815758,161,ncRNA
13798,3815442,3815541,99,ncRNA
13799,3815839,3816354,515,gene
13800,3816318,3816354,36,mRNA
13801,3816101,3816256,155,mRNA
13802,3815839,3816046,207,mRNA
13803,3816318,3816354,36,mRNA
13804,3816101,3816256,155,mRNA
13805,3815924,3816046,122,mRNA
13806,3816318,3816345,27,CDS
13807,3816101,3816256,155,CDS
13808,3815985,3816046,61,CDS
13809,3816318,3816345,27,CDS
13810,3816101,3816256,155,CDS
13811,3815985,3816046,61,CDS
13812,3818679,3842326,23647,gene
13813,3818679,3818920,241,mRNA
13814,3829419,3829861,442,mRNA
13815,3831721,3832543,822,mRNA
13816,3832602,3832758,156,mRNA
13817,3832856,3833009,153,mRNA
13818,3833072,3833398,326,mRNA
13819,3833456,3833670,214,mRNA
13820,3836022,3836934,912,mRNA
13821,3836999,3837605,606,mRNA
13822,3837662,3839361,1699,mRNA
13823,3839424,3839523,99,mRNA
13824,3839633,3842326,2693,mRNA
13825,3818679,3818920,241,mRNA
13826,3829419,3829861,442,mRNA
13827,3831721,3832543,822,mRNA
13828,3832602,3832758,156,mRNA
13829,3832856,3833009,153,mRNA
13830,3833072,3833398,326,mRNA
13831,3833456,3833670,214,mRNA
13832,3834271,3834627,356,mRNA
13833,3836022,3836934,912,mRNA
13834,3836999,3837605,606,mRNA
13835,3837662,3839361,1699,mRNA
13836,3839424,3839523,99,mRNA
13837,3839633,3841232,1599,mRNA
13838,3818679,3818920,241,mRNA
13839,3829419,3829861,442,mRNA
13840,3831721,3832543,822,mRNA
13841,3832617,3832758,141,mRNA
13842,3832856,3833009,153,mRNA
13843,3833072,3833398,326,mRNA
13844,3833456,3833670,214,mRNA
13845,3834271,3834627,356,mRNA
13846,3836022,3836934,912,mRNA
13847,3836999,3837605,606,mRNA
13848,3837662,3839361,1699,mRNA
13849,3839424,3839523,99,mRNA
13850,3839633,3841232,1599,mRNA
13851,3818679,3818920,241,mRNA
13852,3829419,3829861,442,mRNA
13853,3831721,3832543,822,mRNA
13854,3832617,3832758,141,mRNA
13855,3832856,3833009,153,mRNA
13856,3833072,3833398,326,mRNA
13857,3833456,3833670,214,mRNA
13858,3836022,3836934,912,mRNA
13859,3836999,3837605,606,mRNA
13860,3837662,3839361,1699,mRNA
13861,3839424,3839523,99,mRNA
13862,3839606,3841232,1626,mRNA
13863,3818679,3818920,241,mRNA
13864,3829419,3829861,442,mRNA
13865,3831721,3832543,822,mRNA
13866,3832617,3832758,141,mRNA
13867,3832856,3833009,153,mRNA
13868,3833072,3833398,326,mRNA
13869,3833456,3833670,214,mRNA
13870,3836022,3836934,912,mRNA
13871,3836999,3837605,606,mRNA
13872,3837662,3839361,1699,mRNA
13873,3839424,3839523,99,mRNA
13874,3839633,3841232,1599,mRNA
13875,3818679,3818920,241,mRNA
13876,3831721,3832543,822,mRNA
13877,3832617,3832758,141,mRNA
13878,3832856,3833009,153,mRNA
13879,3833072,3833398,326,mRNA
13880,3833456,3833670,214,mRNA
13881,3834271,3834627,356,mRNA
13882,3836022,3836934,912,mRNA
13883,3836999,3837605,606,mRNA
13884,3837662,3839361,1699,mRNA
13885,3839424,3839523,99,mRNA
13886,3839633,3841232,1599,mRNA
13887,3818918,3818920,2,CDS
13888,3831721,3832543,822,CDS
13889,3832617,3832758,141,CDS
13890,3832856,3833009,153,CDS
13891,3833072,3833398,326,CDS
13892,3833456,3833670,214,CDS
13893,3834271,3834627,356,CDS
13894,3836022,3836934,912,CDS
13895,3836999,3837605,606,CDS
13896,3837662,3839361,1699,CDS
13897,3839424,3839523,99,CDS
13898,3839633,3839688,55,CDS
13899,3825449,3828525,3076,gene
13900,3825449,3825750,301,mRNA
13901,3828388,3828525,137,mRNA
13902,3825524,3825667,143,CDS
13903,3828997,3829295,298,mRNA
13904,3829419,3829861,442,mRNA
13905,3831721,3832543,822,mRNA
13906,3832617,3832758,141,mRNA
13907,3832856,3833009,153,mRNA
13908,3833072,3833398,326,mRNA
13909,3833456,3833670,214,mRNA
13910,3836022,3836934,912,mRNA
13911,3836999,3837605,606,mRNA
13912,3837662,3839361,1699,mRNA
13913,3839424,3839523,99,mRNA
13914,3839633,3841232,1599,mRNA
13915,3829442,3829861,419,CDS
13916,3831721,3832543,822,CDS
13917,3832602,3832758,156,CDS
13918,3832856,3833009,153,CDS
13919,3833072,3833398,326,CDS
13920,3833456,3833670,214,CDS
13921,3834271,3834627,356,CDS
13922,3836022,3836934,912,CDS
13923,3836999,3837605,606,CDS
13924,3837662,3839361,1699,CDS
13925,3839424,3839523,99,CDS
13926,3839633,3839688,55,CDS
13927,3829442,3829861,419,CDS
13928,3831721,3832543,822,CDS
13929,3832602,3832758,156,CDS
13930,3832856,3833009,153,CDS
13931,3833072,3833398,326,CDS
13932,3833456,3833670,214,CDS
13933,3836022,3836934,912,CDS
13934,3836999,3837605,606,CDS
13935,3837662,3839361,1699,CDS
13936,3839424,3839523,99,CDS
13937,3839633,3839688,55,CDS
13938,3829442,3829861,419,CDS
13939,3831721,3832543,822,CDS
13940,3832617,3832758,141,CDS
13941,3832856,3833009,153,CDS
13942,3833072,3833398,326,CDS
13943,3833456,3833670,214,CDS
13944,3834271,3834627,356,CDS
13945,3836022,3836934,912,CDS
13946,3836999,3837605,606,CDS
13947,3837662,3839361,1699,CDS
13948,3839424,3839523,99,CDS
13949,3839633,3839688,55,CDS
13950,3829442,3829861,419,CDS
13951,3831721,3832543,822,CDS
13952,3832617,3832758,141,CDS
13953,3832856,3833009,153,CDS
13954,3833072,3833398,326,CDS
13955,3833456,3833670,214,CDS
13956,3836022,3836934,912,CDS
13957,3836999,3837605,606,CDS
13958,3837662,3839361,1699,CDS
13959,3839424,3839523,99,CDS
13960,3839606,3839688,82,CDS
13961,3829442,3829861,419,CDS
13962,3831721,3832543,822,CDS
13963,3832617,3832758,141,CDS
13964,3832856,3833009,153,CDS
13965,3833072,3833398,326,CDS
13966,3833456,3833670,214,CDS
13967,3836022,3836934,912,CDS
13968,3836999,3837605,606,CDS
13969,3837662,3839361,1699,CDS
13970,3839424,3839523,99,CDS
13971,3839633,3839688,55,CDS
13972,3829442,3829861,419,CDS
13973,3831721,3832543,822,CDS
13974,3832617,3832758,141,CDS
13975,3832856,3833009,153,CDS
13976,3833072,3833398,326,CDS
13977,3833456,3833670,214,CDS
13978,3836022,3836934,912,CDS
13979,3836999,3837605,606,CDS
13980,3837662,3839361,1699,CDS
13981,3839424,3839523,99,CDS
13982,3839633,3839688,55,CDS
13983,3833792,3833977,185,mobile_element
13984,3846206,3861692,15486,gene
13985,3846206,3846747,541,mRNA
13986,3857942,3858123,181,mRNA
13987,3859167,3859384,217,mRNA
13988,3860190,3860423,233,mRNA
13989,3860636,3860761,125,mRNA
13990,3860891,3861692,801,mRNA
13991,3846206,3846747,541,mRNA
13992,3857942,3858123,181,mRNA
13993,3859167,3859384,217,mRNA
13994,3860190,3860423,233,mRNA
13995,3860636,3860761,125,mRNA
13996,3860891,3861692,801,mRNA
13997,3846206,3846747,541,mRNA
13998,3857942,3858123,181,mRNA
13999,3859167,3859384,217,mRNA
14000,3860190,3860423,233,mRNA
14001,3860701,3860761,60,mRNA
14002,3860891,3861692,801,mRNA
14003,3846206,3846747,541,mRNA
14004,3857942,3858123,181,mRNA
14005,3859167,3859384,217,mRNA
14006,3860190,3860411,221,mRNA
14007,3860636,3860761,125,mRNA
14008,3860891,3861692,801,mRNA
14009,3846742,3846747,5,CDS
14010,3857942,3858123,181,CDS
14011,3859167,3859384,217,CDS
14012,3860190,3860423,233,CDS
14013,3860636,3860761,125,CDS
14014,3860891,3860988,97,CDS
14015,3846742,3846747,5,CDS
14016,3857942,3858123,181,CDS
14017,3859167,3859384,217,CDS
14018,3860190,3860423,233,CDS
14019,3860636,3860761,125,CDS
14020,3860891,3860952,61,CDS
14021,3846742,3846747,5,CDS
14022,3857942,3858123,181,CDS
14023,3859167,3859384,217,CDS
14024,3860190,3860411,221,CDS
14025,3860636,3860761,125,CDS
14026,3860891,3860952,61,CDS
14027,3846742,3846747,5,CDS
14028,3857942,3858123,181,CDS
14029,3859167,3859384,217,CDS
14030,3860190,3860423,233,CDS
14031,3860701,3860705,4,CDS
14032,3863704,3864424,720,gene
14033,3863704,3864424,720,ncRNA
14034,3884481,3884801,320,gene
14035,3884738,3884801,63,ncRNA
14036,3884481,3884678,197,ncRNA
14037,3891646,3891963,317,gene
14038,3891646,3891963,317,ncRNA
14039,3892574,3894833,2259,gene
14040,3892574,3892989,415,mRNA
14041,3893533,3893914,381,mRNA
14042,3893978,3894114,136,mRNA
14043,3894169,3894833,664,mRNA
14044,3892731,3892989,258,mRNA
14045,3893533,3893914,381,mRNA
14046,3893978,3894114,136,mRNA
14047,3894169,3894833,664,mRNA
14048,3892846,3892989,143,CDS
14049,3893533,3893914,381,CDS
14050,3893978,3894114,136,CDS
14051,3894169,3894258,89,CDS
14052,3892846,3892989,143,CDS
14053,3893533,3893914,381,CDS
14054,3893978,3894114,136,CDS
14055,3894169,3894258,89,CDS
14056,3893056,3893330,274,gene
14057,3893056,3893330,274,ncRNA
14058,3894999,3896603,1604,gene
14059,3896394,3896603,209,mRNA
14060,3896184,3896333,149,mRNA
14061,3894999,3896108,1109,mRNA
14062,3896394,3896603,209,CDS
14063,3896184,3896333,149,CDS
14064,3894999,3896108,1109,CDS
14065,3896900,3897498,598,gene
14066,3896900,3897091,191,mRNA
14067,3897148,3897498,350,mRNA
14068,3896900,3897091,191,mRNA
14069,3897148,3897498,350,mRNA
14070,3896937,3897091,154,CDS
14071,3897148,3897487,339,CDS
14072,3896937,3897091,154,CDS
14073,3897148,3897355,207,CDS
14074,3897444,3899156,1712,gene
14075,3899015,3899156,141,mRNA
14076,3898862,3898959,97,mRNA
14077,3898004,3898797,793,mRNA
14078,3897444,3897940,496,mRNA
14079,3899015,3899098,83,CDS
14080,3898862,3898959,97,CDS
14081,3898004,3898797,793,CDS
14082,3897459,3897940,481,CDS
14083,3899259,3903184,3925,gene
14084,3902855,3902920,65,mRNA
14085,3902527,3902707,180,mRNA
14086,3899259,3901770,2511,mRNA
14087,3902527,3902638,111,mRNA
14088,3899259,3901770,2511,mRNA
14089,3901853,3902050,197,mRNA
14090,3899259,3901770,2511,mRNA
14091,3903004,3903184,180,mRNA
14092,3899431,3901770,2339,mRNA
14093,3899468,3901759,2291,CDS
14094,3899468,3901759,2291,CDS
14095,3899468,3901759,2291,CDS
14096,3899468,3901759,2291,CDS
14097,3903492,3905035,1543,gene
14098,3903492,3903911,419,mRNA
14099,3904069,3904285,216,mRNA
14100,3904506,3904621,115,mRNA
14101,3904684,3905035,351,mRNA
14102,3903541,3903911,370,CDS
14103,3904069,3904285,216,CDS
14104,3904506,3904621,115,CDS
14105,3904684,3904888,204,CDS
14106,3905344,3907813,2469,gene
14107,3905344,3905539,195,mRNA
14108,3905602,3907813,2211,mRNA
14109,3905357,3905539,182,CDS
14110,3905602,3907752,2150,CDS
14111,3907852,3909931,2079,gene
14112,3909221,3909592,371,mRNA
14113,3909004,3909039,35,mRNA
14114,3907852,3908531,679,mRNA
14115,3909221,3909592,371,mRNA
14116,3908779,3909039,260,mRNA
14117,3907852,3908531,679,mRNA
14118,3909757,3909931,174,mRNA
14119,3909004,3909039,35,mRNA
14120,3907857,3908531,674,mRNA
14121,3909757,3909780,23,CDS
14122,3909004,3909039,35,CDS
14123,3908223,3908531,308,CDS
14124,3909221,3909322,101,CDS
14125,3909004,3909039,35,CDS
14126,3908223,3908531,308,CDS
14127,3909221,3909322,101,CDS
14128,3908983,3909039,56,CDS
14129,3909973,3935617,25644,gene
14130,3928998,3929163,165,mRNA
14131,3919884,3920027,143,mRNA
14132,3913852,3914002,150,mRNA
14133,3913626,3913774,148,mRNA
14134,3909973,3911914,1941,mRNA
14135,3925463,3925602,139,mRNA
14136,3924224,3924474,250,mRNA
14137,3919884,3920027,143,mRNA
14138,3913852,3914002,150,mRNA
14139,3913626,3913774,148,mRNA
14140,3909973,3911914,1941,mRNA
14141,3935486,3935617,131,mRNA
14142,3930958,3930996,38,mRNA
14143,3930813,3930852,39,mRNA
14144,3919884,3920027,143,mRNA
14145,3913852,3914002,150,mRNA
14146,3913626,3913774,148,mRNA
14147,3911690,3911914,224,mRNA
14148,3933247,3933637,390,mRNA
14149,3930958,3930996,38,mRNA
14150,3930813,3930852,39,mRNA
14151,3919884,3920027,143,mRNA
14152,3913852,3914002,150,mRNA
14153,3913626,3913774,148,mRNA
14154,3911690,3911914,224,mRNA
14155,3933247,3933282,35,CDS
14156,3930958,3930996,38,CDS
14157,3930813,3930852,39,CDS
14158,3919884,3920027,143,CDS
14159,3913852,3914002,150,CDS
14160,3913626,3913774,148,CDS
14161,3911892,3911914,22,CDS
14162,3930958,3930996,38,CDS
14163,3930813,3930852,39,CDS
14164,3919884,3920027,143,CDS
14165,3913852,3914002,150,CDS
14166,3913626,3913774,148,CDS
14167,3911892,3911914,22,CDS
14168,3928998,3929016,18,CDS
14169,3919884,3920027,143,CDS
14170,3913852,3914002,150,CDS
14171,3913626,3913774,148,CDS
14172,3911892,3911914,22,CDS
14173,3924224,3924257,33,CDS
14174,3919884,3920027,143,CDS
14175,3913852,3914002,150,CDS
14176,3913626,3913774,148,CDS
14177,3911892,3911914,22,CDS
14178,3934718,3935992,1274,gene
14179,3934718,3935992,1274,ncRNA
14180,3936060,3937992,1932,gene
14181,3937453,3937992,539,mRNA
14182,3936060,3937393,1333,mRNA
14183,3937453,3937992,539,mRNA
14184,3936597,3937393,796,mRNA
14185,3937453,3937746,293,CDS
14186,3937013,3937393,380,CDS
14187,3937453,3937746,293,CDS
14188,3937013,3937393,380,CDS
14189,3938624,3940125,1501,gene
14190,3940007,3940125,118,mRNA
14191,3939720,3939887,167,mRNA
14192,3939479,3939651,172,mRNA
14193,3939215,3939359,144,mRNA
14194,3938959,3939156,197,mRNA
14195,3938624,3938895,271,mRNA
14196,3940007,3940084,77,CDS
14197,3939720,3939887,167,CDS
14198,3939479,3939651,172,CDS
14199,3939215,3939359,144,CDS
14200,3938959,3939156,197,CDS
14201,3938695,3938895,200,CDS
14202,3940519,3941301,782,gene
14203,3940519,3940710,191,ncRNA
14204,3941112,3941301,189,ncRNA
14205,3941008,3942465,1457,gene
14206,3942358,3942465,107,mRNA
14207,3942103,3942270,167,mRNA
14208,3941864,3942036,172,mRNA
14209,3941626,3941770,144,mRNA
14210,3941372,3941569,197,mRNA
14211,3941008,3941304,296,mRNA
14212,3942358,3942432,74,CDS
14213,3942103,3942270,167,CDS
14214,3941864,3942036,172,CDS
14215,3941626,3941770,144,CDS
14216,3941372,3941569,197,CDS
14217,3941113,3941304,191,CDS
14218,3942710,3947278,4568,gene
14219,3942710,3943294,584,mRNA
14220,3943356,3944616,1260,mRNA
14221,3944795,3945600,805,mRNA
14222,3945658,3947278,1620,mRNA
14223,3942850,3943294,444,mRNA
14224,3943347,3944616,1269,mRNA
14225,3944795,3945600,805,mRNA
14226,3945658,3946447,789,mRNA
14227,3943595,3944616,1021,CDS
14228,3944795,3945600,805,CDS
14229,3945658,3946151,493,CDS
14230,3943595,3944616,1021,CDS
14231,3944795,3945600,805,CDS
14232,3945658,3946151,493,CDS
14233,3947891,3948687,796,gene
14234,3947891,3947996,105,mRNA
14235,3948054,3948287,233,mRNA
14236,3948360,3948406,46,mRNA
14237,3948487,3948687,200,mRNA
14238,3947934,3947996,62,CDS
14239,3948054,3948287,233,CDS
14240,3948360,3948406,46,CDS
14241,3948487,3948610,123,CDS
14242,3948699,3949305,606,gene
14243,3948699,3949305,606,mRNA
14244,3948801,3949292,491,CDS
14245,3951193,3952550,1357,gene
14246,3952261,3952550,289,mRNA
14247,3951752,3951876,124,mRNA
14248,3951193,3951486,293,mRNA
14249,3952261,3952420,159,mRNA
14250,3951752,3951876,124,mRNA
14251,3951193,3951486,293,mRNA
14252,3952261,3952348,87,CDS
14253,3951752,3951876,124,CDS
14254,3951352,3951486,134,CDS
14255,3952261,3952348,87,CDS
14256,3951752,3951876,124,CDS
14257,3951352,3951486,134,CDS
14258,3954251,3964771,10520,gene
14259,3964491,3964771,280,mRNA
14260,3961572,3962669,1097,mRNA
14261,3954251,3959896,5645,mRNA
14262,3962751,3962950,199,mRNA
14263,3961572,3962669,1097,mRNA
14264,3956855,3959896,3041,mRNA
14265,3959965,3960073,108,mRNA
14266,3956855,3959896,3041,mRNA
14267,3964491,3964771,280,mRNA
14268,3961572,3962669,1097,mRNA
14269,3958391,3959896,1505,mRNA
14270,3963812,3963977,165,mRNA
14271,3961572,3962669,1097,mRNA
14272,3958391,3959896,1505,mRNA
14273,3961572,3962061,489,CDS
14274,3958527,3959896,1369,CDS
14275,3961572,3962061,489,CDS
14276,3958527,3959896,1369,CDS
14277,3961572,3962061,489,CDS
14278,3958527,3959896,1369,CDS
14279,3961572,3962061,489,CDS
14280,3958527,3959896,1369,CDS
14281,3959965,3960019,54,CDS
14282,3958527,3959896,1369,CDS
14283,3972899,3973784,885,gene
14284,3972899,3973784,885,mRNA
14285,3973051,3973368,317,CDS
14286,3983896,3994003,10107,gene
14287,3983896,3985490,1594,mRNA
14288,3986524,3994003,7479,mRNA
14289,3983896,3985490,1594,mRNA
14290,3986524,3988569,2045,mRNA
14291,3985064,3985490,426,CDS
14292,3986524,3988058,1534,CDS
14293,3985064,3985490,426,CDS
14294,3986524,3988058,1534,CDS
14295,4003474,4006626,3152,gene
14296,4003474,4003964,490,mRNA
14297,4004136,4004341,205,mRNA
14298,4004516,4006626,2110,mRNA
14299,4003474,4003964,490,mRNA
14300,4004136,4004341,205,mRNA
14301,4004416,4005577,1161,mRNA
14302,4003599,4003964,365,CDS
14303,4004136,4004341,205,CDS
14304,4004516,4004669,153,CDS
14305,4003599,4003964,365,CDS
14306,4004136,4004341,205,CDS
14307,4004416,4004416,0,CDS
14308,4018878,4021279,2401,gene
14309,4018878,4019464,586,mRNA
14310,4020397,4020652,255,mRNA
14311,4020709,4021279,570,mRNA
14312,4018920,4019464,544,mRNA
14313,4020397,4020652,255,mRNA
14314,4020709,4021279,570,mRNA
14315,4019094,4019464,370,CDS
14316,4020397,4020652,255,CDS
14317,4020709,4021179,470,CDS
14318,4019094,4019464,370,CDS
14319,4020397,4020652,255,CDS
14320,4020709,4021179,470,CDS
14321,4021457,4023501,2044,gene
14322,4021457,4021639,182,mRNA
14323,4021704,4022287,583,mRNA
14324,4022346,4022553,207,mRNA
14325,4022821,4023501,680,mRNA
14326,4021457,4021639,182,mRNA
14327,4021704,4022287,583,mRNA
14328,4022346,4022553,207,mRNA
14329,4022821,4023058,237,mRNA
14330,4021535,4021639,104,CDS
14331,4021704,4022287,583,CDS
14332,4022346,4022553,207,CDS
14333,4022821,4022940,119,CDS
14334,4021535,4021639,104,CDS
14335,4021704,4022287,583,CDS
14336,4022346,4022553,207,CDS
14337,4022821,4022940,119,CDS
14338,4022700,4026011,3311,gene
14339,4024945,4026011,1066,mRNA
14340,4023690,4024706,1016,mRNA
14341,4023553,4023627,74,mRNA
14342,4023276,4023494,218,mRNA
14343,4022700,4023216,516,mRNA
14344,4025847,4026011,164,mRNA
14345,4024945,4025169,224,mRNA
14346,4023690,4024706,1016,mRNA
14347,4023553,4023627,74,mRNA
14348,4023276,4023494,218,mRNA
14349,4022974,4023216,242,mRNA
14350,4025668,4026011,343,mRNA
14351,4024945,4025169,224,mRNA
14352,4023690,4024706,1016,mRNA
14353,4023553,4023627,74,mRNA
14354,4023276,4023494,218,mRNA
14355,4022974,4023216,242,mRNA
14356,4024945,4025269,324,mRNA
14357,4023690,4024706,1016,mRNA
14358,4023553,4023627,74,mRNA
14359,4023276,4023494,218,mRNA
14360,4022974,4023216,242,mRNA
14361,4024945,4025130,185,CDS
14362,4023690,4024706,1016,CDS
14363,4023553,4023627,74,CDS
14364,4023276,4023494,218,CDS
14365,4023067,4023216,149,CDS
14366,4024945,4025130,185,CDS
14367,4023690,4024706,1016,CDS
14368,4023553,4023627,74,CDS
14369,4023276,4023494,218,CDS
14370,4023067,4023216,149,CDS
14371,4024945,4025130,185,CDS
14372,4023690,4024706,1016,CDS
14373,4023553,4023627,74,CDS
14374,4023276,4023494,218,CDS
14375,4023067,4023216,149,CDS
14376,4024945,4025130,185,CDS
14377,4023690,4024706,1016,CDS
14378,4023553,4023627,74,CDS
14379,4023276,4023494,218,CDS
14380,4023067,4023216,149,CDS
14381,4026769,4028600,1831,gene
14382,4026769,4026964,195,mRNA
14383,4027021,4027212,191,mRNA
14384,4027275,4027469,194,mRNA
14385,4027521,4027687,166,mRNA
14386,4027743,4028020,277,mRNA
14387,4028071,4028323,252,mRNA
14388,4028394,4028600,206,mRNA
14389,4026769,4026964,195,CDS
14390,4027021,4027212,191,CDS
14391,4027275,4027469,194,CDS
14392,4027521,4027687,166,CDS
14393,4027743,4028020,277,CDS
14394,4028071,4028323,252,CDS
14395,4028394,4028483,89,CDS
14396,4028605,4032032,3427,gene
14397,4028605,4032032,3427,gene
14398,4028605,4028723,118,mRNA
14399,4028784,4029173,389,mRNA
14400,4029229,4029389,160,mRNA
14401,4029452,4029729,277,mRNA
14402,4029784,4029949,165,mRNA
14403,4030002,4030091,89,mRNA
14404,4030152,4030496,344,mRNA
14405,4030546,4030740,194,mRNA
14406,4030800,4031436,636,mRNA
14407,4031495,4031747,252,mRNA
14408,4031809,4032032,223,mRNA
14409,4028605,4028723,118,mRNA
14410,4028784,4029173,389,mRNA
14411,4029229,4029389,160,mRNA
14412,4029452,4029729,277,mRNA
14413,4029784,4029949,165,mRNA
14414,4030002,4030091,89,mRNA
14415,4030152,4030496,344,mRNA
14416,4030546,4030740,194,mRNA
14417,4030800,4031436,636,mRNA
14418,4031495,4031747,252,mRNA
14419,4031809,4032032,223,mRNA
14420,4028684,4028723,39,CDS
14421,4028784,4029173,389,CDS
14422,4029229,4029389,160,CDS
14423,4029452,4029729,277,CDS
14424,4029784,4029949,165,CDS
14425,4030002,4030091,89,CDS
14426,4030152,4030247,95,CDS
14427,4030264,4030496,232,mRNA
14428,4030546,4030740,194,mRNA
14429,4030800,4031436,636,mRNA
14430,4031495,4031747,252,mRNA
14431,4031809,4032032,223,mRNA
14432,4030439,4030496,57,CDS
14433,4030546,4030740,194,CDS
14434,4030800,4031436,636,CDS
14435,4031495,4031747,252,CDS
14436,4031809,4031925,116,CDS
14437,4030439,4030496,57,CDS
14438,4030546,4030740,194,CDS
14439,4030800,4031436,636,CDS
14440,4031495,4031747,252,CDS
14441,4031809,4031925,116,CDS
14442,4032062,4035703,3641,gene
14443,4032062,4032146,84,mRNA
14444,4032194,4032388,194,mRNA
14445,4032460,4033096,636,mRNA
14446,4033161,4033413,252,mRNA
14447,4033464,4033583,119,mRNA
14448,4032098,4032146,48,CDS
14449,4032194,4032388,194,CDS
14450,4032460,4033096,636,CDS
14451,4033161,4033413,252,CDS
14452,4033464,4033583,119,CDS
14453,4032141,4035703,3562,gene
14454,4032141,4032388,247,mRNA
14455,4032460,4033096,636,mRNA
14456,4033161,4033413,252,mRNA
14457,4033464,4033852,388,mRNA
14458,4033937,4033977,40,mRNA
14459,4034033,4034107,74,mRNA
14460,4034164,4034550,386,mRNA
14461,4034611,4034885,274,mRNA
14462,4034944,4035098,154,mRNA
14463,4035165,4035327,162,mRNA
14464,4035385,4035474,89,mRNA
14465,4035535,4035703,168,mRNA
14466,4032141,4032388,247,mRNA
14467,4032460,4033096,636,mRNA
14468,4033161,4033413,252,mRNA
14469,4033464,4033852,388,mRNA
14470,4033937,4033977,40,mRNA
14471,4034033,4034107,74,mRNA
14472,4034164,4034550,386,mRNA
14473,4034611,4034885,274,mRNA
14474,4034944,4035098,154,mRNA
14475,4035165,4035327,162,mRNA
14476,4035385,4035474,89,mRNA
14477,4035535,4035703,168,mRNA
14478,4032337,4032388,51,CDS
14479,4032460,4033096,636,CDS
14480,4033161,4033413,252,CDS
14481,4033464,4033583,119,CDS
14482,4033767,4033852,85,mRNA
14483,4033910,4033977,67,mRNA
14484,4034033,4034107,74,mRNA
14485,4034164,4034550,386,mRNA
14486,4034611,4034885,274,mRNA
14487,4034944,4035098,154,mRNA
14488,4035165,4035327,162,mRNA
14489,4035385,4035474,89,mRNA
14490,4035535,4035703,168,mRNA
14491,4033767,4033852,85,CDS
14492,4033910,4033977,67,CDS
14493,4034033,4034107,74,CDS
14494,4034164,4034550,386,CDS
14495,4034611,4034885,274,CDS
14496,4034944,4035098,154,CDS
14497,4035165,4035327,162,CDS
14498,4035385,4035474,89,CDS
14499,4035535,4035618,83,CDS
14500,4033767,4033852,85,CDS
14501,4033937,4033977,40,CDS
14502,4034033,4034107,74,CDS
14503,4034164,4034550,386,CDS
14504,4034611,4034885,274,CDS
14505,4034944,4035098,154,CDS
14506,4035165,4035327,162,CDS
14507,4035385,4035474,89,CDS
14508,4035535,4035618,83,CDS
14509,4034030,4034750,720,gene
14510,4034603,4034750,147,ncRNA
14511,4034030,4034546,516,ncRNA
14512,4035799,4037575,1776,gene
14513,4035799,4035896,97,mRNA
14514,4035950,4036035,85,mRNA
14515,4036093,4036545,452,mRNA
14516,4036603,4036874,271,mRNA
14517,4036925,4037079,154,mRNA
14518,4037135,4037387,252,mRNA
14519,4037447,4037575,128,mRNA
14520,4035799,4035896,97,CDS
14521,4035950,4036035,85,CDS
14522,4036093,4036545,452,CDS
14523,4036603,4036874,271,CDS
14524,4036925,4037079,154,CDS
14525,4037135,4037387,252,CDS
14526,4037447,4037539,92,CDS
14527,4037523,4040482,2959,gene
14528,4040096,4040482,386,mRNA
14529,4038814,4040031,1217,mRNA
14530,4038642,4038752,110,mRNA
14531,4037523,4038579,1056,mRNA
14532,4040096,4040291,195,mRNA
14533,4038814,4040031,1217,mRNA
14534,4038642,4038752,110,mRNA
14535,4037523,4038579,1056,mRNA
14536,4040096,4040100,4,CDS
14537,4038814,4040031,1217,CDS
14538,4038642,4038752,110,CDS
14539,4038459,4038579,120,CDS
14540,4040096,4040100,4,CDS
14541,4038814,4040031,1217,CDS
14542,4038642,4038752,110,CDS
14543,4038459,4038579,120,CDS
14544,4040529,4042597,2068,gene
14545,4040529,4040903,374,mRNA
14546,4040967,4041693,726,mRNA
14547,4041753,4042597,844,mRNA
14548,4040629,4040903,274,CDS
14549,4040967,4041693,726,CDS
14550,4041753,4042487,734,CDS
14551,4046596,4059660,13064,gene
14552,4046596,4047006,410,mRNA
14553,4057253,4057415,162,mRNA
14554,4057475,4057596,121,mRNA
14555,4057653,4059660,2007,mRNA
14556,4046988,4047735,747,gene
14557,4047699,4047735,36,mRNA
14558,4046988,4047456,468,mRNA
14559,4047593,4047673,80,mRNA
14560,4046988,4047456,468,mRNA
14561,4046992,4047006,14,CDS
14562,4057253,4057415,162,CDS
14563,4057475,4057596,121,CDS
14564,4057653,4058729,1076,CDS
14565,4047153,4047449,296,CDS
14566,4047153,4047449,296,CDS
14567,4059770,4061923,2153,gene
14568,4059770,4060580,810,mRNA
14569,4060638,4061047,409,mRNA
14570,4061114,4061226,112,mRNA
14571,4061282,4061923,641,mRNA
14572,4059903,4060580,677,mRNA
14573,4060638,4061047,409,mRNA
14574,4061114,4061226,112,mRNA
14575,4061282,4061923,641,mRNA
14576,4059922,4060580,658,CDS
14577,4060638,4061047,409,CDS
14578,4061114,4061226,112,CDS
14579,4061282,4061851,569,CDS
14580,4059922,4060580,658,CDS
14581,4060638,4061047,409,CDS
14582,4061114,4061226,112,CDS
14583,4061282,4061851,569,CDS
14584,4062292,4064551,2259,gene
14585,4062292,4062889,597,mRNA
14586,4063030,4063631,601,mRNA
14587,4063691,4063888,197,mRNA
14588,4063975,4064551,576,mRNA
14589,4062340,4062889,549,CDS
14590,4063030,4063631,601,CDS
14591,4063691,4063888,197,CDS
14592,4063975,4064094,119,CDS
14593,4064152,4071717,7565,gene
14594,4071409,4071717,308,mRNA
14595,4068159,4068314,155,mRNA
14596,4067864,4068088,224,mRNA
14597,4067234,4067803,569,mRNA
14598,4066347,4067170,823,mRNA
14599,4064152,4066284,2132,mRNA
14600,4071409,4071717,308,mRNA
14601,4068159,4068314,155,mRNA
14602,4067864,4068088,224,mRNA
14603,4067234,4067803,569,mRNA
14604,4066347,4067170,823,mRNA
14605,4064152,4066284,2132,mRNA
14606,4068159,4068210,51,CDS
14607,4067864,4068088,224,CDS
14608,4067234,4067803,569,CDS
14609,4066347,4067170,823,CDS
14610,4065214,4066284,1070,CDS
14611,4068159,4068210,51,CDS
14612,4067864,4068088,224,CDS
14613,4067234,4067803,569,CDS
14614,4066347,4067170,823,CDS
14615,4065244,4066284,1040,CDS
14616,4069369,4070281,912,gene
14617,4069369,4069461,92,mRNA
14618,4069534,4069640,106,mRNA
14619,4069703,4070281,578,mRNA
14620,4069489,4069640,151,mRNA
14621,4069703,4070281,578,mRNA
14622,4069629,4069640,11,CDS
14623,4069703,4070182,479,CDS
14624,4069629,4069640,11,CDS
14625,4069703,4070182,479,CDS
14626,4072032,4073954,1922,gene
14627,4073754,4073954,200,mRNA
14628,4073152,4073369,217,mRNA
14629,4072490,4073091,601,mRNA
14630,4072032,4072431,399,mRNA
14631,4073754,4073840,86,CDS
14632,4073152,4073369,217,CDS
14633,4072490,4073091,601,CDS
14634,4072085,4072431,346,CDS
14635,4074077,4088744,14667,gene
14636,4088212,4088744,532,mRNA
14637,4084730,4084798,68,mRNA
14638,4082403,4082639,236,mRNA
14639,4078926,4079494,568,mRNA
14640,4078750,4078817,67,mRNA
14641,4076799,4076877,78,mRNA
14642,4075596,4075940,344,mRNA
14643,4074077,4075538,1461,mRNA
14644,4088212,4088399,187,mRNA
14645,4084730,4084798,68,mRNA
14646,4082403,4082639,236,mRNA
14647,4078926,4079494,568,mRNA
14648,4078750,4078817,67,mRNA
14649,4076799,4076877,78,mRNA
14650,4075596,4075940,344,mRNA
14651,4074077,4075538,1461,mRNA
14652,4085623,4085843,220,mRNA
14653,4084730,4084798,68,mRNA
14654,4082403,4082639,236,mRNA
14655,4078926,4079494,568,mRNA
14656,4078750,4078817,67,mRNA
14657,4076799,4076877,78,mRNA
14658,4075596,4075940,344,mRNA
14659,4074077,4075538,1461,mRNA
14660,4085623,4085843,220,mRNA
14661,4085429,4085529,100,mRNA
14662,4084730,4084798,68,mRNA
14663,4082403,4082639,236,mRNA
14664,4078926,4079494,568,mRNA
14665,4078750,4078817,67,mRNA
14666,4076799,4076877,78,mRNA
14667,4075596,4075940,344,mRNA
14668,4074077,4075538,1461,mRNA
14669,4084730,4084790,60,CDS
14670,4082403,4082639,236,CDS
14671,4078926,4079494,568,CDS
14672,4078750,4078817,67,CDS
14673,4076799,4076877,78,CDS
14674,4075596,4075940,344,CDS
14675,4075365,4075538,173,CDS
14676,4084730,4084790,60,CDS
14677,4082403,4082639,236,CDS
14678,4078926,4079494,568,CDS
14679,4078750,4078817,67,CDS
14680,4076799,4076877,78,CDS
14681,4075596,4075940,344,CDS
14682,4075365,4075538,173,CDS
14683,4084730,4084790,60,CDS
14684,4082403,4082639,236,CDS
14685,4078926,4079494,568,CDS
14686,4078750,4078817,67,CDS
14687,4076799,4076877,78,CDS
14688,4075596,4075940,344,CDS
14689,4075365,4075538,173,CDS
14690,4084730,4084790,60,CDS
14691,4082403,4082639,236,CDS
14692,4078926,4079494,568,CDS
14693,4078750,4078817,67,CDS
14694,4076799,4076877,78,CDS
14695,4075596,4075940,344,CDS
14696,4075365,4075538,173,CDS
14697,4087581,4092706,5125,gene
14698,4087581,4087704,123,mRNA
14699,4088960,4089214,254,mRNA
14700,4090039,4090142,103,mRNA
14701,4090273,4092706,2433,mRNA
14702,4087581,4087704,123,mRNA
14703,4088965,4089214,249,mRNA
14704,4090039,4090142,103,mRNA
14705,4090273,4091302,1029,mRNA
14706,4087581,4087704,123,mRNA
14707,4088960,4089214,254,mRNA
14708,4090039,4090142,103,mRNA
14709,4090273,4090900,627,mRNA
14710,4088967,4089214,247,CDS
14711,4090039,4090142,103,CDS
14712,4090273,4090661,388,CDS
14713,4088967,4089214,247,CDS
14714,4090039,4090142,103,CDS
14715,4090273,4090661,388,CDS
14716,4088967,4089214,247,CDS
14717,4090039,4090142,103,CDS
14718,4090273,4090661,388,CDS
14719,4089131,4089214,83,mRNA
14720,4090039,4090142,103,mRNA
14721,4090273,4091302,1029,mRNA
14722,4089192,4089214,22,CDS
14723,4090039,4090142,103,CDS
14724,4090273,4090661,388,CDS
14725,4093207,4094344,1137,gene
14726,4093207,4093316,109,mRNA
14727,4093383,4094344,961,mRNA
14728,4093239,4093316,77,CDS
14729,4093383,4094273,890,CDS
14730,4094343,4103256,8913,gene
14731,4101477,4102960,1483,mRNA
14732,4100780,4100845,65,mRNA
14733,4098026,4098199,173,mRNA
14734,4097507,4097804,297,mRNA
14735,4097206,4097334,128,mRNA
14736,4096904,4096978,74,mRNA
14737,4095972,4096067,95,mRNA
14738,4095636,4095874,238,mRNA
14739,4095200,4095293,93,mRNA
14740,4094343,4095122,779,mRNA
14741,4101477,4102697,1220,mRNA
14742,4100780,4100845,65,mRNA
14743,4098026,4098199,173,mRNA
14744,4097507,4097804,297,mRNA
14745,4096904,4096978,74,mRNA
14746,4095972,4096067,95,mRNA
14747,4095636,4095874,238,mRNA
14748,4095200,4095293,93,mRNA
14749,4094343,4095122,779,mRNA
14750,4101477,4102697,1220,mRNA
14751,4100780,4100845,65,mRNA
14752,4098026,4098199,173,mRNA
14753,4097507,4097804,297,mRNA
14754,4096904,4096978,74,mRNA
14755,4095972,4096067,95,mRNA
14756,4095636,4095874,238,mRNA
14757,4095200,4095293,93,mRNA
14758,4094343,4095146,803,mRNA
14759,4101477,4102697,1220,mRNA
14760,4100780,4100845,65,mRNA
14761,4098026,4098199,173,mRNA
14762,4097206,4097804,598,mRNA
14763,4096904,4096978,74,mRNA
14764,4095972,4096067,95,mRNA
14765,4095636,4095874,238,mRNA
14766,4095200,4095293,93,mRNA
14767,4094343,4095122,779,mRNA
14768,4101477,4102384,907,mRNA
14769,4100780,4100845,65,mRNA
14770,4098026,4098199,173,mRNA
14771,4097507,4097804,297,mRNA
14772,4095636,4095874,238,mRNA
14773,4095200,4095293,93,mRNA
14774,4094343,4095122,779,mRNA
14775,4100996,4101214,218,mRNA
14776,4100780,4100845,65,mRNA
14777,4098026,4098199,173,mRNA
14778,4097507,4097804,297,mRNA
14779,4095636,4095874,238,mRNA
14780,4095200,4095293,93,mRNA
14781,4094343,4095122,779,mRNA
14782,4103065,4103256,191,mRNA
14783,4101477,4102999,1522,mRNA
14784,4100780,4100845,65,mRNA
14785,4098026,4098199,173,mRNA
14786,4097507,4097804,297,mRNA
14787,4095636,4095874,238,mRNA
14788,4095200,4095293,93,mRNA
14789,4094504,4095146,642,mRNA
14790,4101477,4101556,79,CDS
14791,4100780,4100845,65,CDS
14792,4098026,4098199,173,CDS
14793,4097507,4097804,297,CDS
14794,4095636,4095874,238,CDS
14795,4095200,4095293,93,CDS
14796,4095009,4095122,113,CDS
14797,4101477,4101556,79,CDS
14798,4100780,4100845,65,CDS
14799,4098026,4098199,173,CDS
14800,4097507,4097804,297,CDS
14801,4095636,4095874,238,CDS
14802,4095200,4095293,93,CDS
14803,4095009,4095146,137,CDS
14804,4101477,4101556,79,CDS
14805,4100780,4100845,65,CDS
14806,4098026,4098199,173,CDS
14807,4097507,4097804,297,CDS
14808,4096904,4096978,74,CDS
14809,4095972,4096067,95,CDS
14810,4095636,4095874,238,CDS
14811,4095200,4095293,93,CDS
14812,4095009,4095122,113,CDS
14813,4101477,4101556,79,CDS
14814,4100780,4100845,65,CDS
14815,4098026,4098199,173,CDS
14816,4097507,4097804,297,CDS
14817,4096904,4096978,74,CDS
14818,4095972,4096067,95,CDS
14819,4095636,4095874,238,CDS
14820,4095200,4095293,93,CDS
14821,4095009,4095146,137,CDS
14822,4101477,4101556,79,CDS
14823,4100780,4100845,65,CDS
14824,4098026,4098199,173,CDS
14825,4097507,4097804,297,CDS
14826,4097206,4097334,128,CDS
14827,4096904,4096978,74,CDS
14828,4095972,4096067,95,CDS
14829,4095636,4095874,238,CDS
14830,4095200,4095293,93,CDS
14831,4095009,4095122,113,CDS
14832,4100996,4101180,184,CDS
14833,4100780,4100845,65,CDS
14834,4098026,4098199,173,CDS
14835,4097507,4097804,297,CDS
14836,4095636,4095874,238,CDS
14837,4095200,4095293,93,CDS
14838,4095009,4095122,113,CDS
14839,4101477,4101556,79,CDS
14840,4100780,4100845,65,CDS
14841,4098026,4098199,173,CDS
14842,4097426,4097804,378,CDS
14843,4103564,4107116,3552,gene
14844,4103564,4104118,554,mRNA
14845,4104203,4107116,2913,mRNA
14846,4103564,4106682,3118,mRNA
14847,4104260,4106386,2126,CDS
14848,4104260,4106386,2126,CDS
14849,4107143,4107470,327,gene
14850,4107143,4107470,327,ncRNA
14851,4108186,4114157,5971,gene
14852,4108186,4108983,797,mRNA
14853,4110498,4111639,1141,mRNA
14854,4111705,4114157,2452,mRNA
14855,4110501,4111639,1138,CDS
14856,4111705,4113787,2082,CDS
14857,4114289,4122388,8099,gene
14858,4122156,4122388,232,mRNA
14859,4115305,4115646,341,mRNA
14860,4114289,4115142,853,mRNA
14861,4115723,4115752,29,mRNA
14862,4115305,4115646,341,mRNA
14863,4114289,4115142,853,mRNA
14864,4122156,4122209,53,CDS
14865,4115305,4115646,341,CDS
14866,4114972,4115142,170,CDS
14867,4115723,4115737,14,CDS
14868,4115305,4115646,341,CDS
14869,4114972,4115142,170,CDS
14870,4122907,4134550,11643,gene
14871,4134454,4134550,96,mRNA
14872,4133769,4133822,53,mRNA
14873,4131956,4132212,256,mRNA
14874,4131750,4131889,139,mRNA
14875,4131121,4131236,115,mRNA
14876,4129651,4129791,140,mRNA
14877,4126989,4127162,173,mRNA
14878,4126762,4126931,169,mRNA
14879,4125881,4126702,821,mRNA
14880,4125578,4125808,230,mRNA
14881,4125136,4125500,364,mRNA
14882,4124919,4125079,160,mRNA
14883,4122907,4124852,1945,mRNA
14884,4134454,4134550,96,mRNA
14885,4133769,4133822,53,mRNA
14886,4131956,4132212,256,mRNA
14887,4131750,4131889,139,mRNA
14888,4131121,4131236,115,mRNA
14889,4129651,4129791,140,mRNA
14890,4126989,4127162,173,mRNA
14891,4126762,4126931,169,mRNA
14892,4125881,4126702,821,mRNA
14893,4125578,4125808,230,mRNA
14894,4125136,4125500,364,mRNA
14895,4124919,4125079,160,mRNA
14896,4123138,4124852,1714,mRNA
14897,4134454,4134550,96,mRNA
14898,4131956,4132212,256,mRNA
14899,4131750,4131889,139,mRNA
14900,4131121,4131236,115,mRNA
14901,4126989,4127162,173,mRNA
14902,4126762,4126931,169,mRNA
14903,4125881,4126702,821,mRNA
14904,4125578,4125808,230,mRNA
14905,4125136,4125500,364,mRNA
14906,4124919,4125079,160,mRNA
14907,4123553,4124852,1299,mRNA
14908,4134454,4134550,96,mRNA
14909,4133769,4133822,53,mRNA
14910,4131956,4132203,247,mRNA
14911,4131750,4131889,139,mRNA
14912,4131121,4131236,115,mRNA
14913,4126989,4127162,173,mRNA
14914,4126762,4126931,169,mRNA
14915,4125881,4126702,821,mRNA
14916,4125578,4125808,230,mRNA
14917,4125136,4125500,364,mRNA
14918,4124919,4125079,160,mRNA
14919,4123553,4124852,1299,mRNA
14920,4134454,4134550,96,mRNA
14921,4133769,4133822,53,mRNA
14922,4131956,4132203,247,mRNA
14923,4131750,4131889,139,mRNA
14924,4131121,4131236,115,mRNA
14925,4128614,4128973,359,mRNA
14926,4126989,4127162,173,mRNA
14927,4126762,4126931,169,mRNA
14928,4125881,4126702,821,mRNA
14929,4125578,4125808,230,mRNA
14930,4125136,4125500,364,mRNA
14931,4124919,4125079,160,mRNA
14932,4123553,4124852,1299,mRNA
14933,4134454,4134550,96,mRNA
14934,4133769,4133822,53,mRNA
14935,4131956,4132203,247,mRNA
14936,4131750,4131889,139,mRNA
14937,4131121,4131236,115,mRNA
14938,4129651,4129791,140,mRNA
14939,4128614,4128973,359,mRNA
14940,4126989,4127162,173,mRNA
14941,4126762,4126931,169,mRNA
14942,4125881,4126702,821,mRNA
14943,4125578,4125808,230,mRNA
14944,4125136,4125500,364,mRNA
14945,4124919,4125079,160,mRNA
14946,4123553,4124852,1299,mRNA
14947,4134454,4134550,96,mRNA
14948,4133769,4133822,53,mRNA
14949,4131956,4132203,247,mRNA
14950,4131750,4131889,139,mRNA
14951,4131121,4131236,115,mRNA
14952,4130389,4130643,254,mRNA
14953,4126989,4127162,173,mRNA
14954,4126762,4126931,169,mRNA
14955,4125881,4126702,821,mRNA
14956,4125578,4125808,230,mRNA
14957,4125136,4125500,364,mRNA
14958,4124919,4125079,160,mRNA
14959,4123553,4124852,1299,mRNA
14960,4134454,4134550,96,mRNA
14961,4133769,4133822,53,mRNA
14962,4131956,4132203,247,mRNA
14963,4131750,4131889,139,mRNA
14964,4131121,4131236,115,mRNA
14965,4130389,4130643,254,mRNA
14966,4129651,4129791,140,mRNA
14967,4128614,4128973,359,mRNA
14968,4126989,4127162,173,mRNA
14969,4126762,4126931,169,mRNA
14970,4125881,4126702,821,mRNA
14971,4125578,4125808,230,mRNA
14972,4125136,4125500,364,mRNA
14973,4124919,4125079,160,mRNA
14974,4123553,4124852,1299,mRNA
14975,4134454,4134550,96,mRNA
14976,4133769,4133822,53,mRNA
14977,4131956,4132212,256,mRNA
14978,4131750,4131889,139,mRNA
14979,4131121,4131236,115,mRNA
14980,4126989,4127162,173,mRNA
14981,4126762,4126931,169,mRNA
14982,4125881,4126702,821,mRNA
14983,4125578,4125808,230,mRNA
14984,4125136,4125500,364,mRNA
14985,4124919,4125079,160,mRNA
14986,4123553,4124852,1299,mRNA
14987,4134454,4134550,96,mRNA
14988,4133769,4133822,53,mRNA
14989,4131956,4132212,256,mRNA
14990,4131750,4131889,139,mRNA
14991,4131121,4131236,115,mRNA
14992,4130389,4130643,254,mRNA
14993,4129651,4129791,140,mRNA
14994,4126989,4127162,173,mRNA
14995,4126762,4126931,169,mRNA
14996,4125881,4126702,821,mRNA
14997,4125578,4125808,230,mRNA
14998,4125136,4125500,364,mRNA
14999,4124919,4125079,160,mRNA
15000,4123553,4124852,1299,mRNA
15001,4134454,4134550,96,mRNA
15002,4133769,4133822,53,mRNA
15003,4133549,4133656,107,mRNA
15004,4131956,4132212,256,mRNA
15005,4131750,4131889,139,mRNA
15006,4131121,4131236,115,mRNA
15007,4126989,4127162,173,mRNA
15008,4126762,4126931,169,mRNA
15009,4125881,4126702,821,mRNA
15010,4125578,4125808,230,mRNA
15011,4125136,4125500,364,mRNA
15012,4124919,4125079,160,mRNA
15013,4123553,4124852,1299,mRNA
15014,4134454,4134550,96,mRNA
15015,4133769,4133822,53,mRNA
15016,4133549,4133656,107,mRNA
15017,4131956,4132212,256,mRNA
15018,4131750,4131889,139,mRNA
15019,4131121,4131236,115,mRNA
15020,4130389,4130643,254,mRNA
15021,4129651,4129791,140,mRNA
15022,4128308,4128973,665,mRNA
15023,4126989,4127162,173,mRNA
15024,4126762,4126931,169,mRNA
15025,4125881,4126702,821,mRNA
15026,4125578,4125808,230,mRNA
15027,4125136,4125500,364,mRNA
15028,4124919,4125079,160,mRNA
15029,4123553,4124852,1299,mRNA
15030,4134454,4134502,48,CDS
15031,4131956,4132212,256,CDS
15032,4131750,4131889,139,CDS
15033,4131121,4131236,115,CDS
15034,4126989,4127162,173,CDS
15035,4126762,4126931,169,CDS
15036,4125881,4126702,821,CDS
15037,4125578,4125808,230,CDS
15038,4125136,4125500,364,CDS
15039,4124919,4125079,160,CDS
15040,4124836,4124852,16,CDS
15041,4134454,4134502,48,CDS
15042,4133769,4133822,53,CDS
15043,4131956,4132203,247,CDS
15044,4131750,4131889,139,CDS
15045,4131121,4131236,115,CDS
15046,4126989,4127162,173,CDS
15047,4126762,4126931,169,CDS
15048,4125881,4126702,821,CDS
15049,4125578,4125808,230,CDS
15050,4125136,4125500,364,CDS
15051,4124919,4125079,160,CDS
15052,4124836,4124852,16,CDS
15053,4134454,4134502,48,CDS
15054,4133769,4133822,53,CDS
15055,4131956,4132203,247,CDS
15056,4131750,4131889,139,CDS
15057,4131121,4131236,115,CDS
15058,4128614,4128973,359,CDS
15059,4126989,4127162,173,CDS
15060,4126762,4126931,169,CDS
15061,4125881,4126702,821,CDS
15062,4125578,4125808,230,CDS
15063,4125136,4125500,364,CDS
15064,4124919,4125079,160,CDS
15065,4124836,4124852,16,CDS
15066,4134454,4134502,48,CDS
15067,4133769,4133822,53,CDS
15068,4131956,4132203,247,CDS
15069,4131750,4131889,139,CDS
15070,4131121,4131236,115,CDS
15071,4129651,4129791,140,CDS
15072,4128614,4128973,359,CDS
15073,4126989,4127162,173,CDS
15074,4126762,4126931,169,CDS
15075,4125881,4126702,821,CDS
15076,4125578,4125808,230,CDS
15077,4125136,4125500,364,CDS
15078,4124919,4125079,160,CDS
15079,4124836,4124852,16,CDS
15080,4134454,4134502,48,CDS
15081,4133769,4133822,53,CDS
15082,4131956,4132203,247,CDS
15083,4131750,4131889,139,CDS
15084,4131121,4131236,115,CDS
15085,4130389,4130643,254,CDS
15086,4126989,4127162,173,CDS
15087,4126762,4126931,169,CDS
15088,4125881,4126702,821,CDS
15089,4125578,4125808,230,CDS
15090,4125136,4125500,364,CDS
15091,4124919,4125079,160,CDS
15092,4124836,4124852,16,CDS
15093,4134454,4134502,48,CDS
15094,4133769,4133822,53,CDS
15095,4131956,4132203,247,CDS
15096,4131750,4131889,139,CDS
15097,4131121,4131236,115,CDS
15098,4130389,4130643,254,CDS
15099,4129651,4129791,140,CDS
15100,4128614,4128973,359,CDS
15101,4126989,4127162,173,CDS
15102,4126762,4126931,169,CDS
15103,4125881,4126702,821,CDS
15104,4125578,4125808,230,CDS
15105,4125136,4125500,364,CDS
15106,4124919,4125079,160,CDS
15107,4124836,4124852,16,CDS
15108,4134454,4134502,48,CDS
15109,4133769,4133822,53,CDS
15110,4131956,4132212,256,CDS
15111,4131750,4131889,139,CDS
15112,4131121,4131236,115,CDS
15113,4126989,4127162,173,CDS
15114,4126762,4126931,169,CDS
15115,4125881,4126702,821,CDS
15116,4125578,4125808,230,CDS
15117,4125136,4125500,364,CDS
15118,4124919,4125079,160,CDS
15119,4124836,4124852,16,CDS
15120,4134454,4134502,48,CDS
15121,4133769,4133822,53,CDS
15122,4131956,4132212,256,CDS
15123,4131750,4131889,139,CDS
15124,4131121,4131236,115,CDS
15125,4129651,4129791,140,CDS
15126,4126989,4127162,173,CDS
15127,4126762,4126931,169,CDS
15128,4125881,4126702,821,CDS
15129,4125578,4125808,230,CDS
15130,4125136,4125500,364,CDS
15131,4124919,4125079,160,CDS
15132,4124836,4124852,16,CDS
15133,4134454,4134502,48,CDS
15134,4133769,4133822,53,CDS
15135,4131956,4132212,256,CDS
15136,4131750,4131889,139,CDS
15137,4131121,4131236,115,CDS
15138,4129651,4129791,140,CDS
15139,4126989,4127162,173,CDS
15140,4126762,4126931,169,CDS
15141,4125881,4126702,821,CDS
15142,4125578,4125808,230,CDS
15143,4125136,4125500,364,CDS
15144,4124919,4125079,160,CDS
15145,4124836,4124852,16,CDS
15146,4134454,4134502,48,CDS
15147,4133769,4133822,53,CDS
15148,4131956,4132212,256,CDS
15149,4131750,4131889,139,CDS
15150,4131121,4131236,115,CDS
15151,4130389,4130643,254,CDS
15152,4129651,4129791,140,CDS
15153,4126989,4127162,173,CDS
15154,4126762,4126931,169,CDS
15155,4125881,4126702,821,CDS
15156,4125578,4125808,230,CDS
15157,4125136,4125500,364,CDS
15158,4124919,4125079,160,CDS
15159,4124836,4124852,16,CDS
15160,4134454,4134502,48,CDS
15161,4133769,4133822,53,CDS
15162,4133549,4133656,107,CDS
15163,4131956,4132212,256,CDS
15164,4131750,4131889,139,CDS
15165,4131121,4131236,115,CDS
15166,4126989,4127162,173,CDS
15167,4126762,4126931,169,CDS
15168,4125881,4126702,821,CDS
15169,4125578,4125808,230,CDS
15170,4125136,4125500,364,CDS
15171,4124919,4125079,160,CDS
15172,4124836,4124852,16,CDS
15173,4134454,4134502,48,CDS
15174,4133769,4133822,53,CDS
15175,4133549,4133656,107,CDS
15176,4131956,4132212,256,CDS
15177,4131750,4131889,139,CDS
15178,4131121,4131236,115,CDS
15179,4130389,4130643,254,CDS
15180,4129651,4129791,140,CDS
15181,4128308,4128973,665,CDS
15182,4126989,4127162,173,CDS
15183,4126762,4126931,169,CDS
15184,4125881,4126702,821,CDS
15185,4125578,4125808,230,CDS
15186,4125136,4125500,364,CDS
15187,4124919,4125079,160,CDS
15188,4124836,4124852,16,CDS
15189,4134860,4136038,1178,gene
15190,4135819,4136038,219,mRNA
15191,4134860,4135766,906,mRNA
15192,4135819,4135983,164,CDS
15193,4134936,4135766,830,CDS
15194,4136359,4138996,2637,gene
15195,4136359,4138996,2637,mRNA
15196,4136788,4138996,2208,mRNA
15197,4137021,4138814,1793,CDS
15198,4137021,4138814,1793,CDS
15199,4139076,4141398,2322,gene
15200,4139076,4139259,183,mRNA
15201,4139907,4139994,87,mRNA
15202,4140051,4141398,1347,mRNA
15203,4139179,4139259,80,CDS
15204,4139907,4139994,87,CDS
15205,4140051,4140460,409,CDS
15206,4141467,4142070,603,gene
15207,4141467,4141654,187,mRNA
15208,4141723,4142070,347,mRNA
15209,4141586,4141654,68,CDS
15210,4141723,4141893,170,CDS
15211,4142364,4145966,3602,gene
15212,4142364,4142394,30,mRNA
15213,4143970,4144121,151,mRNA
15214,4144410,4144695,285,mRNA
15215,4144749,4145042,293,mRNA
15216,4145116,4145327,211,mRNA
15217,4145409,4145480,71,mRNA
15218,4145712,4145966,254,mRNA
15219,4142364,4142394,30,CDS
15220,4143970,4144121,151,CDS
15221,4144410,4144695,285,CDS
15222,4144749,4145042,293,CDS
15223,4145116,4145327,211,CDS
15224,4145409,4145480,71,CDS
15225,4145712,4145852,140,CDS
15226,4143092,4143756,664,mRNA
15227,4143970,4144121,151,mRNA
15228,4144410,4144695,285,mRNA
15229,4144749,4145042,293,mRNA
15230,4145116,4145327,211,mRNA
15231,4145409,4145480,71,mRNA
15232,4145712,4145966,254,mRNA
15233,4143186,4143756,570,CDS
15234,4143970,4144121,151,CDS
15235,4144410,4144695,285,CDS
15236,4144749,4145042,293,CDS
15237,4145116,4145327,211,CDS
15238,4145409,4145480,71,CDS
15239,4145712,4145852,140,CDS
15240,4148696,4152473,3777,gene
15241,4148696,4149025,329,mRNA
15242,4150222,4150391,169,mRNA
15243,4150464,4150722,258,mRNA
15244,4151150,4151555,405,mRNA
15245,4151618,4151693,75,mRNA
15246,4151759,4152473,714,mRNA
15247,4148696,4149025,329,mRNA
15248,4150501,4150722,221,mRNA
15249,4151150,4151555,405,mRNA
15250,4151618,4151693,75,mRNA
15251,4151759,4152473,714,mRNA
15252,4148929,4149025,96,CDS
15253,4150222,4150391,169,CDS
15254,4150464,4150722,258,CDS
15255,4151150,4151555,405,CDS
15256,4151618,4151693,75,CDS
15257,4151759,4152286,527,CDS
15258,4148929,4149025,96,CDS
15259,4150501,4150722,221,CDS
15260,4151150,4151555,405,CDS
15261,4151618,4151693,75,CDS
15262,4151759,4152286,527,CDS
15263,4153618,4160932,7314,gene
15264,4160331,4160932,601,mRNA
15265,4156224,4156496,272,mRNA
15266,4155239,4156113,874,mRNA
15267,4154367,4154458,91,mRNA
15268,4154170,4154245,75,mRNA
15269,4153618,4154084,466,mRNA
15270,4160331,4160932,601,mRNA
15271,4156224,4156496,272,mRNA
15272,4155239,4156113,874,mRNA
15273,4154367,4154458,91,mRNA
15274,4154166,4154245,79,mRNA
15275,4153618,4154084,466,mRNA
15276,4160331,4160932,601,mRNA
15277,4156224,4156496,272,mRNA
15278,4155239,4156113,874,mRNA
15279,4154367,4154458,91,mRNA
15280,4153618,4154245,627,mRNA
15281,4160331,4160649,318,CDS
15282,4156224,4156496,272,CDS
15283,4155239,4156113,874,CDS
15284,4154367,4154458,91,CDS
15285,4154170,4154245,75,CDS
15286,4153842,4154084,242,CDS
15287,4160331,4160649,318,CDS
15288,4156224,4156496,272,CDS
15289,4155239,4156113,874,CDS
15290,4154367,4154458,91,CDS
15291,4154166,4154245,79,CDS
15292,4154059,4154084,25,CDS
15293,4160331,4160649,318,CDS
15294,4156224,4156496,272,CDS
15295,4155239,4156113,874,CDS
15296,4154367,4154458,91,CDS
15297,4154110,4154245,135,CDS
15298,4161666,4167464,5798,gene
15299,4167330,4167464,134,mRNA
15300,4165465,4165637,172,mRNA
15301,4165243,4165392,149,mRNA
15302,4164885,4165181,296,mRNA
15303,4164644,4164796,152,mRNA
15304,4163670,4164584,914,mRNA
15305,4162713,4163613,900,mRNA
15306,4162377,4162654,277,mRNA
15307,4161666,4162317,651,mRNA
15308,4167330,4167464,134,mRNA
15309,4165465,4165637,172,mRNA
15310,4165243,4165392,149,mRNA
15311,4164885,4165181,296,mRNA
15312,4164644,4164799,155,mRNA
15313,4163670,4164584,914,mRNA
15314,4162713,4163613,900,mRNA
15315,4162377,4162654,277,mRNA
15316,4161666,4162317,651,mRNA
15317,4165465,4165588,123,CDS
15318,4165243,4165392,149,CDS
15319,4164885,4165181,296,CDS
15320,4164644,4164796,152,CDS
15321,4163670,4164584,914,CDS
15322,4162713,4163613,900,CDS
15323,4162377,4162654,277,CDS
15324,4161995,4162317,322,CDS
15325,4165465,4165588,123,CDS
15326,4165243,4165392,149,CDS
15327,4164885,4165181,296,CDS
15328,4164644,4164799,155,CDS
15329,4163670,4164584,914,CDS
15330,4162713,4163613,900,CDS
15331,4162377,4162654,277,CDS
15332,4161995,4162317,322,CDS
15333,4168239,4168846,607,gene
15334,4168666,4168846,180,ncRNA
15335,4168239,4168563,324,ncRNA
15336,4170404,4173789,3385,gene
15337,4170404,4170792,388,mRNA
15338,4171214,4171477,263,mRNA
15339,4172225,4172910,685,mRNA
15340,4172968,4173276,308,mRNA
15341,4173338,4173789,451,mRNA
15342,4170652,4170792,140,CDS
15343,4171214,4171477,263,CDS
15344,4172225,4172910,685,CDS
15345,4172968,4173276,308,CDS
15346,4173338,4173389,51,CDS
15347,4173884,4192968,19084,gene
15348,4173884,4174327,443,mRNA
15349,4174394,4174663,269,mRNA
15350,4174726,4174842,116,mRNA
15351,4192192,4192968,776,mRNA
15352,4173953,4174327,374,CDS
15353,4174394,4174663,269,CDS
15354,4174726,4174842,116,CDS
15355,4192192,4192305,113,CDS
15356,4174859,4178270,3411,gene
15357,4177498,4178270,772,mRNA
15358,4177220,4177430,210,mRNA
15359,4176850,4176934,84,mRNA
15360,4176583,4176785,202,mRNA
15361,4176352,4176518,166,mRNA
15362,4176004,4176298,294,mRNA
15363,4175790,4175927,137,mRNA
15364,4174859,4175718,859,mRNA
15365,4177498,4177643,145,CDS
15366,4177220,4177430,210,CDS
15367,4176850,4176934,84,CDS
15368,4176583,4176785,202,CDS
15369,4176352,4176518,166,CDS
15370,4176004,4176298,294,CDS
15371,4175790,4175927,137,CDS
15372,4175389,4175718,329,CDS
15373,4178980,4188023,9043,gene
15374,4181525,4181836,311,mRNA
15375,4181255,4181450,195,mRNA
15376,4181028,4181201,173,mRNA
15377,4180731,4180967,236,mRNA
15378,4178980,4179587,607,mRNA
15379,4181525,4181801,276,CDS
15380,4181255,4181450,195,CDS
15381,4181028,4181201,173,CDS
15382,4180731,4180967,236,CDS
15383,4179542,4179587,45,CDS
15384,4187673,4188023,350,mRNA
15385,4181525,4182873,1348,mRNA
15386,4181255,4181450,195,mRNA
15387,4181028,4181201,173,mRNA
15388,4180731,4180967,236,mRNA
15389,4179984,4180355,371,mRNA
15390,4181525,4181801,276,CDS
15391,4181255,4181450,195,CDS
15392,4181028,4181201,173,CDS
15393,4180731,4180967,236,CDS
15394,4180298,4180355,57,CDS
15395,4182645,4184663,2018,gene
15396,4183307,4184663,1356,mRNA
15397,4182645,4182873,228,mRNA
15398,4183317,4184663,1346,CDS
15399,4186018,4186865,847,gene
15400,4186018,4186865,847,mRNA
15401,4186514,4186768,254,CDS
15402,4188499,4193788,5289,gene
15403,4188499,4188628,129,mRNA
15404,4189676,4191886,2210,mRNA
15405,4192192,4193788,1596,mRNA
15406,4188499,4188774,275,mRNA
15407,4189676,4191886,2210,mRNA
15408,4192192,4193100,908,mRNA
15409,4190592,4191886,1294,CDS
15410,4192192,4192255,63,CDS
15411,4190592,4191886,1294,CDS
15412,4192192,4192255,63,CDS
15413,4193993,4224003,30010,gene
15414,4193993,4194335,342,mRNA
15415,4194558,4194914,356,mRNA
15416,4194978,4195164,186,mRNA
15417,4195299,4195715,416,mRNA
15418,4195841,4195990,149,mRNA
15419,4196047,4196307,260,mRNA
15420,4196362,4196684,322,mRNA
15421,4196748,4196955,207,mRNA
15422,4197013,4197627,614,mRNA
15423,4197684,4198934,1250,mRNA
15424,4198996,4199596,600,mRNA
15425,4199650,4199882,232,mRNA
15426,4199941,4200568,627,mRNA
15427,4200631,4200818,187,mRNA
15428,4205226,4205533,307,mRNA
15429,4216584,4216727,143,mRNA
15430,4216791,4217178,387,mRNA
15431,4217237,4217405,168,mRNA
15432,4217470,4217594,124,mRNA
15433,4217657,4217964,307,mRNA
15434,4218022,4218302,280,mRNA
15435,4218364,4218715,351,mRNA
15436,4218768,4219345,577,mRNA
15437,4222191,4222368,177,mRNA
15438,4222427,4224003,1576,mRNA
15439,4193993,4194335,342,mRNA
15440,4194558,4194914,356,mRNA
15441,4194978,4195164,186,mRNA
15442,4195299,4195387,88,mRNA
15443,4195590,4195715,125,mRNA
15444,4195841,4195990,149,mRNA
15445,4196047,4196307,260,mRNA
15446,4196362,4196684,322,mRNA
15447,4196748,4196955,207,mRNA
15448,4197013,4197627,614,mRNA
15449,4197684,4198934,1250,mRNA
15450,4198996,4199596,600,mRNA
15451,4199650,4199882,232,mRNA
15452,4199941,4200568,627,mRNA
15453,4200631,4200818,187,mRNA
15454,4205226,4205533,307,mRNA
15455,4216584,4216727,143,mRNA
15456,4216791,4217178,387,mRNA
15457,4217237,4217405,168,mRNA
15458,4217470,4217594,124,mRNA
15459,4217657,4217964,307,mRNA
15460,4218022,4218302,280,mRNA
15461,4218364,4218715,351,mRNA
15462,4218768,4219345,577,mRNA
15463,4222191,4222368,177,mRNA
15464,4222427,4224003,1576,mRNA
15465,4193993,4194335,342,mRNA
15466,4194558,4194914,356,mRNA
15467,4194978,4195164,186,mRNA
15468,4195299,4195387,88,mRNA
15469,4195841,4195990,149,mRNA
15470,4196047,4196307,260,mRNA
15471,4196362,4196684,322,mRNA
15472,4196748,4196955,207,mRNA
15473,4197013,4197627,614,mRNA
15474,4197684,4198934,1250,mRNA
15475,4198996,4199596,600,mRNA
15476,4199650,4199882,232,mRNA
15477,4199941,4200568,627,mRNA
15478,4200631,4200818,187,mRNA
15479,4205226,4205533,307,mRNA
15480,4216584,4216727,143,mRNA
15481,4216791,4217178,387,mRNA
15482,4217237,4217405,168,mRNA
15483,4217470,4217594,124,mRNA
15484,4217657,4217964,307,mRNA
15485,4218022,4218302,280,mRNA
15486,4218364,4218715,351,mRNA
15487,4218768,4219345,577,mRNA
15488,4222191,4222368,177,mRNA
15489,4222427,4224003,1576,mRNA
15490,4194285,4194335,50,CDS
15491,4194558,4194914,356,CDS
15492,4194978,4195164,186,CDS
15493,4195299,4195387,88,CDS
15494,4195590,4195715,125,CDS
15495,4195841,4195990,149,CDS
15496,4196047,4196307,260,CDS
15497,4196362,4196684,322,CDS
15498,4196748,4196955,207,CDS
15499,4197013,4197627,614,CDS
15500,4197684,4198934,1250,CDS
15501,4198996,4199596,600,CDS
15502,4199650,4199882,232,CDS
15503,4199941,4200568,627,CDS
15504,4200631,4200818,187,CDS
15505,4205226,4205533,307,CDS
15506,4216584,4216727,143,CDS
15507,4216791,4217178,387,CDS
15508,4217237,4217405,168,CDS
15509,4217470,4217594,124,CDS
15510,4217657,4217964,307,CDS
15511,4218022,4218302,280,CDS
15512,4218364,4218715,351,CDS
15513,4218768,4219345,577,CDS
15514,4222191,4222368,177,CDS
15515,4222427,4222592,165,CDS
15516,4194285,4194335,50,CDS
15517,4194558,4194914,356,CDS
15518,4194978,4195164,186,CDS
15519,4195299,4195387,88,CDS
15520,4195841,4195990,149,CDS
15521,4196047,4196307,260,CDS
15522,4196362,4196684,322,CDS
15523,4196748,4196955,207,CDS
15524,4197013,4197627,614,CDS
15525,4197684,4198934,1250,CDS
15526,4198996,4199596,600,CDS
15527,4199650,4199882,232,CDS
15528,4199941,4200568,627,CDS
15529,4200631,4200818,187,CDS
15530,4205226,4205533,307,CDS
15531,4216584,4216727,143,CDS
15532,4216791,4217178,387,CDS
15533,4217237,4217405,168,CDS
15534,4217470,4217594,124,CDS
15535,4217657,4217964,307,CDS
15536,4218022,4218302,280,CDS
15537,4218364,4218715,351,CDS
15538,4218768,4219345,577,CDS
15539,4222191,4222368,177,CDS
15540,4222427,4222592,165,CDS
15541,4194568,4194914,346,mRNA
15542,4194978,4195164,186,mRNA
15543,4195299,4195715,416,mRNA
15544,4195841,4195990,149,mRNA
15545,4196047,4196307,260,mRNA
15546,4196362,4196684,322,mRNA
15547,4196748,4196955,207,mRNA
15548,4197013,4197627,614,mRNA
15549,4197684,4198934,1250,mRNA
15550,4198996,4199596,600,mRNA
15551,4199650,4199882,232,mRNA
15552,4199941,4200568,627,mRNA
15553,4200631,4200818,187,mRNA
15554,4205226,4205533,307,mRNA
15555,4216584,4216727,143,mRNA
15556,4216791,4217178,387,mRNA
15557,4217237,4217405,168,mRNA
15558,4217470,4217594,124,mRNA
15559,4217657,4217964,307,mRNA
15560,4218022,4218302,280,mRNA
15561,4218364,4218715,351,mRNA
15562,4218768,4219345,577,mRNA
15563,4222191,4222368,177,mRNA
15564,4222427,4224003,1576,mRNA
15565,4195506,4195715,209,CDS
15566,4195841,4195990,149,CDS
15567,4196047,4196307,260,CDS
15568,4196362,4196684,322,CDS
15569,4196748,4196955,207,CDS
15570,4197013,4197627,614,CDS
15571,4197684,4198934,1250,CDS
15572,4198996,4199596,600,CDS
15573,4199650,4199882,232,CDS
15574,4199941,4200568,627,CDS
15575,4200631,4200818,187,CDS
15576,4205226,4205533,307,CDS
15577,4216584,4216727,143,CDS
15578,4216791,4217178,387,CDS
15579,4217237,4217405,168,CDS
15580,4217470,4217594,124,CDS
15581,4217657,4217964,307,CDS
15582,4218022,4218302,280,CDS
15583,4218364,4218715,351,CDS
15584,4218768,4219345,577,CDS
15585,4222191,4222368,177,CDS
15586,4222427,4222592,165,CDS
15587,4195506,4195715,209,CDS
15588,4195841,4195990,149,CDS
15589,4196047,4196307,260,CDS
15590,4196362,4196684,322,CDS
15591,4196748,4196955,207,CDS
15592,4197013,4197627,614,CDS
15593,4197684,4198934,1250,CDS
15594,4198996,4199596,600,CDS
15595,4199650,4199882,232,CDS
15596,4199941,4200568,627,CDS
15597,4200631,4200818,187,CDS
15598,4205226,4205533,307,CDS
15599,4216584,4216727,143,CDS
15600,4216791,4217178,387,CDS
15601,4217237,4217405,168,CDS
15602,4217470,4217594,124,CDS
15603,4217657,4217964,307,CDS
15604,4218022,4218302,280,CDS
15605,4218364,4218715,351,CDS
15606,4218768,4219345,577,CDS
15607,4222191,4222368,177,CDS
15608,4222427,4222592,165,CDS
15609,4200825,4204339,3514,gene
15610,4204085,4204339,254,mRNA
15611,4200825,4203217,2392,mRNA
15612,4204085,4204117,32,CDS
15613,4200998,4203217,2219,CDS
15614,4207838,4209178,1340,gene
15615,4208892,4209178,286,mRNA
15616,4207838,4208564,726,mRNA
15617,4208892,4209092,200,CDS
15618,4208187,4208564,377,CDS
15619,4210880,4211540,660,gene
15620,4211458,4211540,82,mRNA
15621,4210880,4211348,468,mRNA
15622,4211458,4211472,14,CDS
15623,4211001,4211348,347,CDS
15624,4211964,4212915,951,gene
15625,4212862,4212915,53,mRNA
15626,4211964,4212799,835,mRNA
15627,4212862,4212873,11,CDS
15628,4212245,4212799,554,CDS
15629,4215379,4216414,1035,gene
15630,4215379,4215464,85,mRNA
15631,4215540,4216414,874,mRNA
15632,4215450,4215464,14,CDS
15633,4215540,4216268,728,CDS
15634,4221704,4222734,1030,gene
15635,4222412,4222734,322,ncRNA
15636,4221704,4222360,656,ncRNA
15637,4224006,4236147,12141,gene
15638,4226574,4227302,728,mRNA
15639,4224927,4225706,779,mRNA
15640,4224006,4224851,845,mRNA
15641,4235903,4236147,244,mRNA
15642,4224927,4225706,779,mRNA
15643,4224710,4224851,141,mRNA
15644,4226574,4227302,728,mRNA
15645,4224927,4225706,779,mRNA
15646,4224710,4224851,141,mRNA
15647,4225884,4225950,66,mRNA
15648,4224927,4225706,779,mRNA
15649,4224710,4224851,141,mRNA
15650,4235903,4235908,5,CDS
15651,4224927,4225706,779,CDS
15652,4224837,4224851,14,CDS
15653,4225884,4225892,8,CDS
15654,4224927,4225706,779,CDS
15655,4224837,4224851,14,CDS
15656,4224927,4225703,776,CDS
15657,4224837,4224851,14,CDS
15658,4224927,4225703,776,CDS
15659,4224837,4224851,14,CDS
15660,4240069,4240505,436,gene
15661,4240069,4240505,436,ncRNA
15662,4240173,4242603,2430,gene
15663,4240173,4240274,101,mRNA
15664,4240339,4240523,184,mRNA
15665,4240786,4240891,105,mRNA
15666,4240952,4241176,224,mRNA
15667,4241235,4241435,200,mRNA
15668,4241494,4241703,209,mRNA
15669,4241904,4242090,186,mRNA
15670,4242144,4242603,459,mRNA
15671,4240308,4240523,215,mRNA
15672,4240786,4240891,105,mRNA
15673,4240952,4241176,224,mRNA
15674,4241235,4241435,200,mRNA
15675,4241494,4241703,209,mRNA
15676,4241904,4242090,186,mRNA
15677,4242144,4242603,459,mRNA
15678,4240396,4240523,127,CDS
15679,4240786,4240891,105,CDS
15680,4240952,4241176,224,CDS
15681,4241235,4241435,200,CDS
15682,4241494,4241703,209,CDS
15683,4241904,4242090,186,CDS
15684,4242144,4242460,316,CDS
15685,4240396,4240523,127,CDS
15686,4240786,4240891,105,CDS
15687,4240952,4241176,224,CDS
15688,4241235,4241435,200,CDS
15689,4241494,4241703,209,CDS
15690,4241904,4242090,186,CDS
15691,4242144,4242460,316,CDS
15692,4242734,4246233,3499,gene
15693,4242734,4242888,154,mRNA
15694,4242948,4243706,758,mRNA
15695,4243765,4244314,549,mRNA
15696,4244375,4244696,321,mRNA
15697,4244752,4245302,550,mRNA
15698,4245364,4246233,869,mRNA
15699,4242878,4242888,10,CDS
15700,4242948,4243706,758,CDS
15701,4243765,4244314,549,CDS
15702,4244375,4244696,321,CDS
15703,4244752,4245302,550,CDS
15704,4245364,4245834,470,CDS
15705,4246343,4254306,7963,gene
15706,4254128,4254306,178,mRNA
15707,4248724,4251840,3116,mRNA
15708,4248473,4248654,181,mRNA
15709,4248183,4248408,225,mRNA
15710,4247912,4248122,210,mRNA
15711,4247654,4247825,171,mRNA
15712,4246343,4247587,1244,mRNA
15713,4253989,4254052,63,mRNA
15714,4253027,4253077,50,mRNA
15715,4248724,4251840,3116,mRNA
15716,4248473,4248654,181,mRNA
15717,4248183,4248408,225,mRNA
15718,4247912,4248122,210,mRNA
15719,4247654,4247825,171,mRNA
15720,4246343,4247587,1244,mRNA
15721,4251982,4252051,69,mRNA
15722,4248724,4251840,3116,mRNA
15723,4248473,4248654,181,mRNA
15724,4248183,4248408,225,mRNA
15725,4247912,4248122,210,mRNA
15726,4247654,4247825,171,mRNA
15727,4246343,4247587,1244,mRNA
15728,4248724,4251801,3077,CDS
15729,4248473,4248654,181,CDS
15730,4248183,4248408,225,CDS
15731,4247912,4248122,210,CDS
15732,4247654,4247825,171,CDS
15733,4247476,4247587,111,CDS
15734,4248724,4251801,3077,CDS
15735,4248473,4248654,181,CDS
15736,4248183,4248408,225,CDS
15737,4247912,4248122,210,CDS
15738,4247654,4247825,171,CDS
15739,4247476,4247587,111,CDS
15740,4248724,4251801,3077,CDS
15741,4248473,4248654,181,CDS
15742,4248183,4248408,225,CDS
15743,4247912,4248122,210,CDS
15744,4247654,4247825,171,CDS
15745,4247476,4247587,111,CDS
15746,4254776,4256053,1277,gene
15747,4254776,4254968,192,mRNA
15748,4255036,4255295,259,mRNA
15749,4255610,4255730,120,mRNA
15750,4255800,4256053,253,mRNA
15751,4254815,4254968,153,CDS
15752,4255036,4255295,259,CDS
15753,4255610,4255730,120,CDS
15754,4255800,4255930,130,CDS
15755,4255991,4259152,3161,gene
15756,4259013,4259152,139,mRNA
15757,4258336,4258946,610,mRNA
15758,4258116,4258274,158,mRNA
15759,4257946,4258062,116,mRNA
15760,4257772,4257888,116,mRNA
15761,4257584,4257715,131,mRNA
15762,4257312,4257520,208,mRNA
15763,4257076,4257256,180,mRNA
15764,4256560,4257015,455,mRNA
15765,4255991,4256499,508,mRNA
15766,4259013,4259127,114,CDS
15767,4258336,4258946,610,CDS
15768,4258116,4258274,158,CDS
15769,4257946,4258062,116,CDS
15770,4257772,4257888,116,CDS
15771,4257584,4257715,131,CDS
15772,4257312,4257520,208,CDS
15773,4257076,4257256,180,CDS
15774,4256560,4257015,455,CDS
15775,4256074,4256499,425,CDS
15776,4259430,4261643,2213,gene
15777,4259430,4259668,238,mRNA
15778,4259744,4260057,313,mRNA
15779,4260109,4260260,151,mRNA
15780,4260368,4260971,603,mRNA
15781,4261038,4261305,267,mRNA
15782,4261362,4261643,281,mRNA
15783,4259543,4259668,125,CDS
15784,4259744,4260057,313,CDS
15785,4260109,4260260,151,CDS
15786,4260368,4260971,603,CDS
15787,4261038,4261305,267,CDS
15788,4261362,4261472,110,CDS
15789,4261297,4262470,1173,gene
15790,4262264,4262470,206,mRNA
15791,4261297,4262204,907,mRNA
15792,4262264,4262470,206,mRNA
15793,4261652,4262204,552,mRNA
15794,4262264,4262366,102,CDS
15795,4261723,4262204,481,CDS
15796,4262264,4262366,102,CDS
15797,4261723,4262204,481,CDS
15798,4262705,4263464,759,gene
15799,4262705,4262747,42,mRNA
15800,4262798,4263464,666,mRNA
15801,4262705,4262747,42,mRNA
15802,4262806,4263233,427,mRNA
15803,4262814,4263071,257,CDS
15804,4262814,4263071,257,CDS
15805,4263719,4277778,14059,gene
15806,4263719,4263968,249,mRNA
15807,4272080,4272197,117,mRNA
15808,4273781,4274096,315,mRNA
15809,4274160,4274397,237,mRNA
15810,4274456,4274618,162,mRNA
15811,4274677,4277778,3101,mRNA
15812,4266625,4266660,35,mobile_element
15813,4266789,4267503,714,gene
15814,4267441,4267503,62,mRNA
15815,4267231,4267386,155,mRNA
15816,4266998,4267165,167,mRNA
15817,4266789,4266944,155,mRNA
15818,4267441,4267503,62,CDS
15819,4267231,4267386,155,CDS
15820,4266998,4267165,167,CDS
15821,4266789,4266944,155,CDS
15822,4272111,4272197,86,CDS
15823,4273781,4274096,315,CDS
15824,4274160,4274397,237,CDS
15825,4274456,4274618,162,CDS
15826,4274677,4277379,2702,CDS
15827,4277962,4281585,3623,gene
15828,4277962,4278250,288,mRNA
15829,4278741,4279117,376,mRNA
15830,4279185,4279339,154,mRNA
15831,4279395,4279624,229,mRNA
15832,4279681,4279981,300,mRNA
15833,4280266,4280545,279,mRNA
15834,4280612,4280774,162,mRNA
15835,4280837,4281058,221,mRNA
15836,4281116,4281585,469,mRNA
15837,4277962,4278250,288,mRNA
15838,4278741,4279117,376,mRNA
15839,4279185,4279339,154,mRNA
15840,4279395,4279624,229,mRNA
15841,4279681,4279981,300,mRNA
15842,4280281,4280545,264,mRNA
15843,4280612,4280774,162,mRNA
15844,4280837,4281058,221,mRNA
15845,4281116,4281585,469,mRNA
15846,4278134,4278250,116,CDS
15847,4278741,4279117,376,CDS
15848,4279185,4279339,154,CDS
15849,4279395,4279624,229,CDS
15850,4279681,4279981,300,CDS
15851,4280266,4280545,279,CDS
15852,4280612,4280774,162,CDS
15853,4280837,4281058,221,CDS
15854,4281116,4281346,230,CDS
15855,4278134,4278250,116,CDS
15856,4278741,4279117,376,CDS
15857,4279185,4279339,154,CDS
15858,4279395,4279624,229,CDS
15859,4279681,4279981,300,CDS
15860,4280281,4280545,264,CDS
15861,4280612,4280774,162,CDS
15862,4280837,4281058,221,CDS
15863,4281116,4281346,230,CDS
15864,4281504,4282817,1313,gene
15865,4282610,4282817,207,mRNA
15866,4281504,4282548,1044,mRNA
15867,4282610,4282729,119,CDS
15868,4281598,4282548,950,CDS
15869,4282956,4283478,522,gene
15870,4282956,4283478,522,mRNA
15871,4283068,4283478,410,CDS
15872,4283851,4286865,3014,gene
15873,4283851,4284283,432,mRNA
15874,4284347,4284541,194,mRNA
15875,4284605,4284990,385,mRNA
15876,4285053,4285116,63,mRNA
15877,4285175,4285272,97,mRNA
15878,4285425,4285531,106,mRNA
15879,4285599,4285769,170,mRNA
15880,4285847,4285920,73,mRNA
15881,4286172,4286865,693,mRNA
15882,4283964,4284283,319,CDS
15883,4284347,4284541,194,CDS
15884,4284605,4284990,385,CDS
15885,4285053,4285116,63,CDS
15886,4285175,4285272,97,CDS
15887,4285425,4285531,106,CDS
15888,4285599,4285769,170,CDS
15889,4285847,4285918,71,CDS
15890,4287038,4288349,1311,gene
15891,4287038,4287388,350,mRNA
15892,4287464,4287626,162,mRNA
15893,4287687,4287977,290,mRNA
15894,4288034,4288349,315,mRNA
15895,4287038,4287211,173,mRNA
15896,4287284,4287388,104,mRNA
15897,4287464,4287626,162,mRNA
15898,4287687,4287977,290,mRNA
15899,4288034,4288349,315,mRNA
15900,4287150,4287211,61,CDS
15901,4287284,4287388,104,CDS
15902,4287464,4287626,162,CDS
15903,4287687,4287977,290,CDS
15904,4288034,4288291,257,CDS
15905,4287351,4287388,37,CDS
15906,4287464,4287626,162,CDS
15907,4287687,4287977,290,CDS
15908,4288034,4288291,257,CDS
15909,4288641,4291211,2570,gene
15910,4288641,4288701,60,mRNA
15911,4288908,4289171,263,mRNA
15912,4289246,4289880,634,mRNA
15913,4289961,4291211,1250,mRNA
15914,4288641,4288701,60,mRNA
15915,4289050,4289171,121,mRNA
15916,4289246,4289880,634,mRNA
15917,4289961,4291211,1250,mRNA
15918,4288641,4288701,60,mRNA
15919,4289050,4289171,121,mRNA
15920,4289246,4289880,634,mRNA
15921,4289961,4291050,1089,mRNA
15922,4291113,4291211,98,mRNA
15923,4288945,4289171,226,mRNA
15924,4289246,4289880,634,mRNA
15925,4289961,4291211,1250,mRNA
15926,4289095,4289171,76,CDS
15927,4289246,4289880,634,CDS
15928,4289961,4291050,1089,CDS
15929,4291113,4291179,66,CDS
15930,4289095,4289171,76,CDS
15931,4289246,4289880,634,CDS
15932,4289961,4291069,1108,CDS
15933,4289095,4289171,76,CDS
15934,4289246,4289880,634,CDS
15935,4289961,4291069,1108,CDS
15936,4289095,4289171,76,CDS
15937,4289246,4289880,634,CDS
15938,4289961,4291069,1108,CDS
15939,4291208,4292246,1038,gene
15940,4292070,4292246,176,mRNA
15941,4291875,4292009,134,mRNA
15942,4291687,4291816,129,mRNA
15943,4291208,4291623,415,mRNA
15944,4292070,4292153,83,CDS
15945,4291875,4292009,134,CDS
15946,4291687,4291816,129,CDS
15947,4291514,4291623,109,CDS
15948,4292482,4293432,950,gene
15949,4292482,4292742,260,mRNA
15950,4292831,4293432,601,mRNA
15951,4292624,4292742,118,CDS
15952,4292831,4293170,339,CDS
15953,4294004,4307718,13714,gene
15954,4307358,4307718,360,mRNA
15955,4298530,4298770,240,mRNA
15956,4294004,4296291,2287,mRNA
15957,4299344,4299504,160,mRNA
15958,4298530,4298770,240,mRNA
15959,4294004,4296291,2287,mRNA
15960,4299344,4299504,160,mRNA
15961,4299005,4299092,87,mRNA
15962,4298530,4298770,240,mRNA
15963,4294004,4296291,2287,mRNA
15964,4298530,4298595,65,CDS
15965,4294522,4296291,1769,CDS
15966,4298530,4298595,65,CDS
15967,4294522,4296291,1769,CDS
15968,4298530,4298595,65,CDS
15969,4294522,4296291,1769,CDS
15970,4313483,4318608,5125,gene
15971,4313483,4315110,1627,mRNA
15972,4315173,4315420,247,mRNA
15973,4315472,4316134,662,mRNA
15974,4316193,4317494,1301,mRNA
15975,4317552,4317804,252,mRNA
15976,4317862,4318197,335,mRNA
15977,4318260,4318608,348,mRNA
15978,4313483,4315110,1627,mRNA
15979,4315173,4315420,247,mRNA
15980,4315472,4316134,662,mRNA
15981,4316193,4317494,1301,mRNA
15982,4317552,4317804,252,mRNA
15983,4317862,4318197,335,mRNA
15984,4318260,4318473,213,mRNA
15985,4313635,4315110,1475,CDS
15986,4315173,4315420,247,CDS
15987,4315472,4316134,662,CDS
15988,4316193,4317494,1301,CDS
15989,4317552,4317804,252,CDS
15990,4317862,4318197,335,CDS
15991,4318260,4318379,119,CDS
15992,4313635,4315110,1475,CDS
15993,4315173,4315420,247,CDS
15994,4315472,4316134,662,CDS
15995,4316193,4317494,1301,CDS
15996,4317552,4317804,252,CDS
15997,4317862,4318197,335,CDS
15998,4318260,4318379,119,CDS
15999,4318755,4321109,2354,gene
16000,4318755,4319122,367,mRNA
16001,4319199,4319259,60,mRNA
16002,4320138,4321109,971,mRNA
16003,4318755,4318808,53,mRNA
16004,4318915,4319122,207,mRNA
16005,4319199,4319259,60,mRNA
16006,4320138,4321109,971,mRNA
16007,4319051,4319122,71,CDS
16008,4319199,4319259,60,CDS
16009,4320138,4320949,811,CDS
16010,4319051,4319122,71,CDS
16011,4319199,4319259,60,CDS
16012,4320138,4320949,811,CDS
16013,4321105,4322259,1154,gene
16014,4321105,4322259,1154,mRNA
16015,4321223,4322197,974,CDS
16016,4322491,4364102,41611,gene
16017,4363988,4364102,114,mRNA
16018,4363027,4363127,100,mRNA
16019,4338067,4338182,115,mRNA
16020,4336269,4336319,50,mRNA
16021,4327773,4327917,144,mRNA
16022,4327233,4327702,469,mRNA
16023,4326984,4327170,186,mRNA
16024,4325061,4325383,322,mRNA
16025,4324922,4324996,74,mRNA
16026,4324284,4324447,163,mRNA
16027,4322491,4324220,1729,mRNA
16028,4363988,4364102,114,mRNA
16029,4363027,4363127,100,mRNA
16030,4338067,4338182,115,mRNA
16031,4336269,4336319,50,mRNA
16032,4327773,4327917,144,mRNA
16033,4327233,4327702,469,mRNA
16034,4326984,4327170,186,mRNA
16035,4325061,4325410,349,mRNA
16036,4324922,4324996,74,mRNA
16037,4324284,4324447,163,mRNA
16038,4322491,4324220,1729,mRNA
16039,4363988,4364102,114,mRNA
16040,4363027,4363127,100,mRNA
16041,4338067,4338182,115,mRNA
16042,4336269,4336319,50,mRNA
16043,4327773,4327917,144,mRNA
16044,4327233,4327702,469,mRNA
16045,4326984,4327170,186,mRNA
16046,4325061,4325410,349,mRNA
16047,4324922,4324996,74,mRNA
16048,4324284,4324450,166,mRNA
16049,4322491,4324220,1729,mRNA
16050,4363988,4364102,114,mRNA
16051,4363027,4363127,100,mRNA
16052,4338067,4338182,115,mRNA
16053,4336269,4336319,50,mRNA
16054,4327773,4327917,144,mRNA
16055,4327233,4327702,469,mRNA
16056,4326984,4327170,186,mRNA
16057,4326209,4326244,35,mRNA
16058,4325061,4325410,349,mRNA
16059,4324922,4324996,74,mRNA
16060,4324284,4324447,163,mRNA
16061,4322672,4324220,1548,mRNA
16062,4363988,4364102,114,mRNA
16063,4363027,4363127,100,mRNA
16064,4338067,4338182,115,mRNA
16065,4336269,4336319,50,mRNA
16066,4327773,4327917,144,mRNA
16067,4327233,4327702,469,mRNA
16068,4326984,4327170,186,mRNA
16069,4326209,4326244,35,mRNA
16070,4325061,4325410,349,mRNA
16071,4324862,4324996,134,mRNA
16072,4324284,4324450,166,mRNA
16073,4322672,4324220,1548,mRNA
16074,4363988,4364102,114,mRNA
16075,4363027,4363127,100,mRNA
16076,4338067,4338182,115,mRNA
16077,4336269,4336319,50,mRNA
16078,4327773,4327917,144,mRNA
16079,4327233,4327702,469,mRNA
16080,4326984,4327170,186,mRNA
16081,4325061,4325410,349,mRNA
16082,4324922,4324996,74,mRNA
16083,4324284,4324450,166,mRNA
16084,4323530,4324220,690,mRNA
16085,4363988,4364102,114,mRNA
16086,4363027,4363127,100,mRNA
16087,4338067,4338182,115,mRNA
16088,4336269,4336319,50,mRNA
16089,4327773,4327917,144,mRNA
16090,4327233,4327702,469,mRNA
16091,4326984,4327170,186,mRNA
16092,4325061,4325410,349,mRNA
16093,4324862,4324996,134,mRNA
16094,4324284,4324447,163,mRNA
16095,4323530,4324220,690,mRNA
16096,4363988,4364102,114,mRNA
16097,4363027,4363127,100,mRNA
16098,4338067,4338182,115,mRNA
16099,4336269,4336319,50,mRNA
16100,4327773,4327917,144,mRNA
16101,4327233,4327702,469,mRNA
16102,4326984,4327170,186,mRNA
16103,4326209,4326244,35,mRNA
16104,4325061,4325410,349,mRNA
16105,4324922,4324996,74,mRNA
16106,4324284,4324450,166,mRNA
16107,4323530,4324220,690,mRNA
16108,4363748,4363974,226,mRNA
16109,4363027,4363127,100,mRNA
16110,4338067,4338182,115,mRNA
16111,4336269,4336319,50,mRNA
16112,4327773,4327917,144,mRNA
16113,4327233,4327702,469,mRNA
16114,4326984,4327170,186,mRNA
16115,4325061,4325410,349,mRNA
16116,4324922,4324996,74,mRNA
16117,4324284,4324450,166,mRNA
16118,4323530,4324220,690,mRNA
16119,4363748,4363974,226,mRNA
16120,4363027,4363127,100,mRNA
16121,4338067,4338182,115,mRNA
16122,4336269,4336319,50,mRNA
16123,4327773,4327917,144,mRNA
16124,4327233,4327702,469,mRNA
16125,4326984,4327170,186,mRNA
16126,4325061,4325410,349,mRNA
16127,4324862,4324996,134,mRNA
16128,4324284,4324447,163,mRNA
16129,4323530,4324220,690,mRNA
16130,4345396,4345497,101,mRNA
16131,4338067,4338182,115,mRNA
16132,4336269,4336319,50,mRNA
16133,4327773,4327917,144,mRNA
16134,4327233,4327702,469,mRNA
16135,4326984,4327170,186,mRNA
16136,4325061,4325410,349,mRNA
16137,4324862,4324996,134,mRNA
16138,4324284,4324450,166,mRNA
16139,4323530,4324220,690,mRNA
16140,4363988,4364000,12,CDS
16141,4363027,4363127,100,CDS
16142,4338067,4338182,115,CDS
16143,4336269,4336319,50,CDS
16144,4327773,4327917,144,CDS
16145,4327233,4327702,469,CDS
16146,4326984,4327170,186,CDS
16147,4325061,4325383,322,CDS
16148,4324922,4324996,74,CDS
16149,4324284,4324447,163,CDS
16150,4324057,4324220,163,CDS
16151,4363988,4364000,12,CDS
16152,4363027,4363127,100,CDS
16153,4338067,4338182,115,CDS
16154,4336269,4336319,50,CDS
16155,4327773,4327917,144,CDS
16156,4327233,4327702,469,CDS
16157,4326984,4327170,186,CDS
16158,4325061,4325410,349,CDS
16159,4324922,4324996,74,CDS
16160,4324284,4324447,163,CDS
16161,4324057,4324220,163,CDS
16162,4363988,4364000,12,CDS
16163,4363027,4363127,100,CDS
16164,4338067,4338182,115,CDS
16165,4336269,4336319,50,CDS
16166,4327773,4327917,144,CDS
16167,4327233,4327702,469,CDS
16168,4326984,4327170,186,CDS
16169,4325061,4325410,349,CDS
16170,4324922,4324996,74,CDS
16171,4324284,4324450,166,CDS
16172,4324057,4324220,163,CDS
16173,4363988,4364000,12,CDS
16174,4363027,4363127,100,CDS
16175,4338067,4338182,115,CDS
16176,4336269,4336319,50,CDS
16177,4327773,4327917,144,CDS
16178,4327233,4327702,469,CDS
16179,4326984,4327170,186,CDS
16180,4325061,4325410,349,CDS
16181,4324922,4324996,74,CDS
16182,4324284,4324450,166,CDS
16183,4324057,4324220,163,CDS
16184,4363988,4364000,12,CDS
16185,4363027,4363127,100,CDS
16186,4338067,4338182,115,CDS
16187,4336269,4336319,50,CDS
16188,4327773,4327917,144,CDS
16189,4327233,4327702,469,CDS
16190,4326984,4327170,186,CDS
16191,4325061,4325410,349,CDS
16192,4324862,4324996,134,CDS
16193,4324284,4324447,163,CDS
16194,4324057,4324220,163,CDS
16195,4363988,4364000,12,CDS
16196,4363027,4363127,100,CDS
16197,4338067,4338182,115,CDS
16198,4336269,4336319,50,CDS
16199,4327773,4327917,144,CDS
16200,4327233,4327702,469,CDS
16201,4326984,4327170,186,CDS
16202,4326209,4326244,35,CDS
16203,4325061,4325410,349,CDS
16204,4324922,4324996,74,CDS
16205,4324284,4324447,163,CDS
16206,4324057,4324220,163,CDS
16207,4363988,4364000,12,CDS
16208,4363027,4363127,100,CDS
16209,4338067,4338182,115,CDS
16210,4336269,4336319,50,CDS
16211,4327773,4327917,144,CDS
16212,4327233,4327702,469,CDS
16213,4326984,4327170,186,CDS
16214,4326209,4326244,35,CDS
16215,4325061,4325410,349,CDS
16216,4324922,4324996,74,CDS
16217,4324284,4324450,166,CDS
16218,4324057,4324220,163,CDS
16219,4363988,4364000,12,CDS
16220,4363027,4363127,100,CDS
16221,4338067,4338182,115,CDS
16222,4336269,4336319,50,CDS
16223,4327773,4327917,144,CDS
16224,4327233,4327702,469,CDS
16225,4326984,4327170,186,CDS
16226,4326209,4326244,35,CDS
16227,4325061,4325410,349,CDS
16228,4324862,4324996,134,CDS
16229,4324284,4324450,166,CDS
16230,4324057,4324220,163,CDS
16231,4363748,4363862,114,CDS
16232,4363027,4363127,100,CDS
16233,4338067,4338182,115,CDS
16234,4336269,4336319,50,CDS
16235,4327773,4327917,144,CDS
16236,4327233,4327702,469,CDS
16237,4326984,4327170,186,CDS
16238,4325061,4325410,349,CDS
16239,4324922,4324996,74,CDS
16240,4324284,4324450,166,CDS
16241,4324057,4324220,163,CDS
16242,4363748,4363862,114,CDS
16243,4363027,4363127,100,CDS
16244,4338067,4338182,115,CDS
16245,4336269,4336319,50,CDS
16246,4327773,4327917,144,CDS
16247,4327233,4327702,469,CDS
16248,4326984,4327170,186,CDS
16249,4325061,4325410,349,CDS
16250,4324862,4324996,134,CDS
16251,4324284,4324447,163,CDS
16252,4324057,4324220,163,CDS
16253,4345396,4345497,101,CDS
16254,4338067,4338182,115,CDS
16255,4336269,4336319,50,CDS
16256,4327773,4327917,144,CDS
16257,4327233,4327702,469,CDS
16258,4326984,4327170,186,CDS
16259,4325061,4325410,349,CDS
16260,4324862,4324996,134,CDS
16261,4324284,4324450,166,CDS
16262,4324057,4324220,163,CDS
16263,4345801,4347801,2000,gene
16264,4345801,4346284,483,ncRNA
16265,4346809,4347801,992,ncRNA
16266,4361048,4361901,853,mobile_element
16267,4364550,4365243,693,gene
16268,4364550,4364745,195,mRNA
16269,4364812,4365243,431,mRNA
16270,4364550,4364585,35,mRNA
16271,4364679,4364745,66,mRNA
16272,4364812,4365243,431,mRNA
16273,4364701,4364745,44,CDS
16274,4364812,4365210,398,CDS
16275,4364701,4364745,44,CDS
16276,4364812,4365210,398,CDS
16277,4365434,4366671,1237,gene
16278,4365434,4365800,366,mRNA
16279,4365860,4366671,811,mRNA
16280,4365496,4365800,304,CDS
16281,4365860,4366490,630,CDS
16282,4366494,4367458,964,gene
16283,4366494,4367458,964,mRNA
16284,4366698,4367414,716,CDS
16285,4367649,4380387,12738,gene
16286,4379931,4380387,456,mRNA
16287,4379421,4379596,175,mRNA
16288,4370598,4371904,1306,mRNA
16289,4369826,4370084,258,mRNA
16290,4367649,4369737,2088,mRNA
16291,4379421,4379599,178,mRNA
16292,4370598,4371904,1306,mRNA
16293,4369826,4370084,258,mRNA
16294,4367649,4369737,2088,mRNA
16295,4380309,4380387,78,mRNA
16296,4379421,4379596,175,mRNA
16297,4370598,4371904,1306,mRNA
16298,4369826,4370084,258,mRNA
16299,4369134,4369737,603,mRNA
16300,4370598,4370730,132,CDS
16301,4369826,4370084,258,CDS
16302,4369161,4369737,576,CDS
16303,4370598,4370730,132,CDS
16304,4369826,4370084,258,CDS
16305,4369161,4369737,576,CDS
16306,4370598,4370730,132,CDS
16307,4369826,4370084,258,CDS
16308,4369161,4369737,576,CDS
16309,4377368,4377999,631,gene
16310,4377368,4377999,631,ncRNA
16311,4380864,4381629,765,gene
16312,4381386,4381629,243,mRNA
16313,4381190,4381327,137,mRNA
16314,4380864,4381126,262,mRNA
16315,4381386,4381486,100,CDS
16316,4381190,4381327,137,CDS
16317,4380928,4381126,198,CDS
16318,4384442,4403181,18739,gene
16319,4384442,4384887,445,mRNA
16320,4390450,4391221,771,mRNA
16321,4401900,4402156,256,mRNA
16322,4402225,4402643,418,mRNA
16323,4402712,4403181,469,mRNA
16324,4384442,4384627,185,mRNA
16325,4390450,4391221,771,mRNA
16326,4401900,4402156,256,mRNA
16327,4402225,4402643,418,mRNA
16328,4402712,4403181,469,mRNA
16329,4390491,4391221,730,CDS
16330,4401900,4402156,256,CDS
16331,4402225,4402643,418,CDS
16332,4402712,4402843,131,CDS
16333,4390491,4391221,730,CDS
16334,4401900,4402156,256,CDS
16335,4402225,4402643,418,CDS
16336,4402712,4402843,131,CDS
16337,4403487,4405168,1681,gene
16338,4403487,4403895,408,mRNA
16339,4403951,4404197,246,mRNA
16340,4404259,4405168,909,mRNA
16341,4403487,4403895,408,mRNA
16342,4403951,4404197,246,mRNA
16343,4404259,4405168,909,mRNA
16344,4403827,4403895,68,CDS
16345,4403951,4404197,246,CDS
16346,4404259,4404983,724,CDS
16347,4403827,4403895,68,CDS
16348,4403951,4404197,246,CDS
16349,4404259,4404848,589,CDS
16350,4405127,4406059,932,gene
16351,4405785,4406059,274,mRNA
16352,4405127,4405615,488,mRNA
16353,4405785,4406059,274,mRNA
16354,4405214,4405615,401,mRNA
16355,4405785,4405970,185,CDS
16356,4405361,4405615,254,CDS
16357,4405785,4405970,185,CDS
16358,4405361,4405615,254,CDS
16359,4406943,4420648,13705,gene
16360,4406943,4407020,77,mRNA
16361,4417820,4418494,674,mRNA
16362,4418782,4419172,390,mRNA
16363,4419429,4419663,234,mRNA
16364,4419740,4420266,526,mRNA
16365,4407145,4407384,239,mRNA
16366,4417820,4418494,674,mRNA
16367,4418782,4419172,390,mRNA
16368,4419429,4419663,234,mRNA
16369,4419740,4420648,908,mRNA
16370,4407145,4407384,239,mRNA
16371,4417820,4418494,674,mRNA
16372,4418782,4419262,480,mRNA
16373,4419429,4419663,234,mRNA
16374,4419740,4420266,526,mRNA
16375,4414357,4414457,100,mRNA
16376,4417820,4418494,674,mRNA
16377,4418782,4419172,390,mRNA
16378,4419429,4419663,234,mRNA
16379,4419740,4420648,908,mRNA
16380,4414357,4414457,100,mRNA
16381,4417820,4418494,674,mRNA
16382,4418782,4419262,480,mRNA
16383,4419429,4419663,234,mRNA
16384,4419740,4420266,526,mRNA
16385,4414665,4414858,193,mRNA
16386,4417820,4418494,674,mRNA
16387,4418782,4419172,390,mRNA
16388,4419429,4419663,234,mRNA
16389,4419740,4420266,526,mRNA
16390,4418122,4418494,372,CDS
16391,4418782,4419262,480,CDS
16392,4419429,4419663,234,CDS
16393,4419740,4419904,164,CDS
16394,4418122,4418494,372,CDS
16395,4418782,4419262,480,CDS
16396,4419429,4419663,234,CDS
16397,4419740,4419904,164,CDS
16398,4418122,4418494,372,CDS
16399,4418782,4419172,390,CDS
16400,4419429,4419663,234,CDS
16401,4419740,4419904,164,CDS
16402,4418122,4418494,372,CDS
16403,4418782,4419172,390,CDS
16404,4419429,4419663,234,CDS
16405,4419740,4419904,164,CDS
16406,4418122,4418494,372,CDS
16407,4418782,4419172,390,CDS
16408,4419429,4419663,234,CDS
16409,4419740,4419904,164,CDS
16410,4418122,4418494,372,CDS
16411,4418782,4419172,390,CDS
16412,4419429,4419663,234,CDS
16413,4419740,4419904,164,CDS
16414,4418637,4418716,79,mRNA
16415,4418782,4419172,390,mRNA
16416,4419429,4419663,234,mRNA
16417,4419740,4420073,333,mRNA
16418,4418680,4419172,492,mRNA
16419,4419429,4419663,234,mRNA
16420,4419740,4420266,526,mRNA
16421,4418686,4418716,30,CDS
16422,4418782,4419172,390,CDS
16423,4419429,4419663,234,CDS
16424,4419740,4419904,164,CDS
16425,4418883,4419172,289,CDS
16426,4419429,4419663,234,CDS
16427,4419740,4419904,164,CDS
16428,4421662,4426621,4959,gene
16429,4421662,4422313,651,mRNA
16430,4423769,4423866,97,mRNA
16431,4424267,4424626,359,mRNA
16432,4424685,4424901,216,mRNA
16433,4424965,4425182,217,mRNA
16434,4425245,4425378,133,mRNA
16435,4425434,4425588,154,mRNA
16436,4425650,4425891,241,mRNA
16437,4425954,4426621,667,mRNA
16438,4423789,4423866,77,CDS
16439,4424267,4424626,359,CDS
16440,4424685,4424901,216,CDS
16441,4424965,4425182,217,CDS
16442,4425245,4425378,133,CDS
16443,4425434,4425588,154,CDS
16444,4425650,4425891,241,CDS
16445,4425954,4426364,410,CDS
16446,4429349,4435993,6644,gene
16447,4429349,4429502,153,mRNA
16448,4429566,4429715,149,mRNA
16449,4432386,4432522,136,mRNA
16450,4433305,4433459,154,mRNA
16451,4433615,4434059,444,mRNA
16452,4434490,4435089,599,mRNA
16453,4435175,4435993,818,mRNA
16454,4429349,4429502,153,mRNA
16455,4429566,4430229,663,mRNA
16456,4429652,4429715,63,CDS
16457,4432386,4432522,136,CDS
16458,4433305,4433459,154,CDS
16459,4433615,4434059,444,CDS
16460,4434490,4435089,599,CDS
16461,4435175,4435339,164,CDS
16462,4429652,4429846,194,CDS
16463,4436721,4438311,1590,gene
16464,4436721,4436891,170,mRNA
16465,4436947,4438311,1364,mRNA
16466,4436889,4436891,2,CDS
16467,4436947,4438206,1259,CDS
16468,4445996,4446395,399,gene
16469,4445996,4446395,399,ncRNA
16470,4446573,4448072,1499,gene
16471,4446573,4446677,104,mRNA
16472,4447177,4448072,895,mRNA
16473,4446573,4446677,104,mRNA
16474,4447177,4447587,410,mRNA
16475,4447795,4448072,277,mRNA
16476,4446573,4446677,104,mRNA
16477,4447177,4447587,410,mRNA
16478,4447898,4448072,174,mRNA
16479,4446675,4446677,2,CDS
16480,4447177,4447587,410,CDS
16481,4447898,4447951,53,CDS
16482,4446675,4446677,2,CDS
16483,4447177,4447587,410,CDS
16484,4447795,4447800,5,CDS
16485,4446675,4446677,2,CDS
16486,4447177,4447620,443,CDS
16487,4451977,4456704,4727,mobile_element
16488,4457177,4458163,986,gene
16489,4458110,4458163,53,mRNA
16490,4457177,4458045,868,mRNA
16491,4458110,4458112,2,CDS
16492,4457320,4458045,725,CDS
16493,4459193,4460317,1124,gene
16494,4460245,4460317,72,mRNA
16495,4459193,4460182,989,mRNA
16496,4460245,4460247,2,CDS
16497,4459298,4460182,884,CDS
16498,4460622,4461504,882,gene
16499,4461317,4461504,187,mRNA
16500,4460622,4461252,630,mRNA
16501,4461317,4461371,54,mRNA
16502,4460622,4461249,627,mRNA
16503,4461317,4461371,54,mRNA
16504,4460622,4461252,630,mRNA
16505,4461317,4461319,2,CDS
16506,4460746,4461249,503,CDS
16507,4461317,4461319,2,CDS
16508,4460746,4461252,506,CDS
16509,4461317,4461319,2,CDS
16510,4460746,4461252,506,CDS
16511,4462974,4463823,849,gene
16512,4463721,4463823,102,mRNA
16513,4462974,4463365,391,mRNA
16514,4463721,4463723,2,CDS
16515,4463048,4463365,317,CDS
16516,4465105,4466630,1525,gene
16517,4466622,4466630,8,mRNA
16518,4465105,4466470,1365,mRNA
16519,4466622,4466624,2,CDS
16520,4465226,4466470,1244,CDS
16521,4470001,4471012,1011,gene
16522,4470001,4470009,8,mRNA
16523,4470071,4471012,941,mRNA
16524,4470007,4470009,2,CDS
16525,4470071,4470796,725,CDS
16526,4471749,4472438,689,gene
16527,4471749,4471767,18,mRNA
16528,4471839,4472438,599,mRNA
16529,4471765,4471767,2,CDS
16530,4471839,4472384,545,CDS
16531,4473068,4475095,2027,gene
16532,4473068,4473079,11,mRNA
16533,4473138,4475095,1957,mRNA
16534,4473077,4473079,2,CDS
16535,4473138,4475024,1886,CDS
16536,4480283,4481487,1204,gene
16537,4480283,4480333,50,mRNA
16538,4480413,4481487,1074,mRNA
16539,4480331,4480333,2,CDS
16540,4480413,4481375,962,CDS
16541,4482809,4484370,1561,gene
16542,4482809,4482846,37,mRNA
16543,4482912,4484370,1458,mRNA
16544,4482844,4482846,2,CDS
16545,4482912,4484279,1367,CDS
16546,4485159,4490963,5804,gene
16547,4490828,4490963,135,mRNA
16548,4490644,4490742,98,mRNA
16549,4487521,4487583,62,mRNA
16550,4485159,4487463,2304,mRNA
16551,4490644,4490652,8,CDS
16552,4487521,4487583,62,CDS
16553,4485409,4487463,2054,CDS
16554,4493734,4495215,1481,gene
16555,4495121,4495215,94,ncRNA
16556,4494652,4495059,407,ncRNA
16557,4493734,4494580,846,ncRNA
16558,4494652,4494799,147,ncRNA
16559,4494312,4494580,268,ncRNA
16560,4496883,4497777,894,gene
16561,4497406,4497777,371,mRNA
16562,4496883,4497275,392,mRNA
16563,4497406,4497658,252,CDS
16564,4497208,4497275,67,CDS
16565,4498856,4500500,1644,gene
16566,4498856,4500500,1644,mRNA
16567,4498975,4500438,1463,CDS
16568,4501652,4508433,6781,gene
16569,4508353,4508433,80,mRNA
16570,4505400,4505902,502,mRNA
16571,4504404,4505308,904,mRNA
16572,4504048,4504179,131,mRNA
16573,4503532,4503678,146,mRNA
16574,4501652,4503464,1812,mRNA
16575,4508061,4508433,372,mRNA
16576,4505400,4505902,502,mRNA
16577,4504404,4505308,904,mRNA
16578,4504048,4504179,131,mRNA
16579,4503532,4503678,146,mRNA
16580,4502891,4503464,573,mRNA
16581,4501652,4502799,1147,mRNA
16582,4508061,4508433,372,mRNA
16583,4505400,4505902,502,mRNA
16584,4504404,4505308,904,mRNA
16585,4504048,4504179,131,mRNA
16586,4503532,4503678,146,mRNA
16587,4501652,4503464,1812,mRNA
16588,4507949,4508433,484,mRNA
16589,4505400,4505902,502,mRNA
16590,4504404,4505308,904,mRNA
16591,4504048,4504179,131,mRNA
16592,4503532,4503678,146,mRNA
16593,4501652,4503464,1812,mRNA
16594,4505400,4505855,455,CDS
16595,4504404,4505308,904,CDS
16596,4504048,4504179,131,CDS
16597,4503532,4503678,146,CDS
16598,4501976,4503464,1488,CDS
16599,4505400,4505855,455,CDS
16600,4504404,4505308,904,CDS
16601,4504048,4504179,131,CDS
16602,4503532,4503678,146,CDS
16603,4501976,4503464,1488,CDS
16604,4505400,4505855,455,CDS
16605,4504404,4505308,904,CDS
16606,4504048,4504179,131,CDS
16607,4503532,4503678,146,CDS
16608,4501976,4503464,1488,CDS
16609,4505400,4505855,455,CDS
16610,4504404,4505308,904,CDS
16611,4504048,4504179,131,CDS
16612,4503532,4503678,146,CDS
16613,4502891,4503464,573,CDS
16614,4502353,4502799,446,CDS
16615,4508353,4508433,80,mRNA
16616,4505400,4505902,502,mRNA
16617,4504285,4505308,1023,mRNA
16618,4508061,4508433,372,mRNA
16619,4505400,4505902,502,mRNA
16620,4504285,4505308,1023,mRNA
16621,4507949,4508433,484,mRNA
16622,4505400,4505902,502,mRNA
16623,4504285,4505308,1023,mRNA
16624,4505400,4505855,455,CDS
16625,4504400,4505308,908,CDS
16626,4505400,4505855,455,CDS
16627,4504400,4505308,908,CDS
16628,4505400,4505855,455,CDS
16629,4504400,4505308,908,CDS
16630,4510698,4532145,21447,gene
16631,4531346,4532145,799,mRNA
16632,4524072,4524706,634,mRNA
16633,4512916,4515255,2339,mRNA
16634,4512658,4512851,193,mRNA
16635,4512178,4512595,417,mRNA
16636,4510698,4511546,848,mRNA
16637,4524072,4524510,438,CDS
16638,4512916,4515255,2339,CDS
16639,4512658,4512851,193,CDS
16640,4512178,4512595,417,CDS
16641,4511236,4511546,310,CDS
16642,4533170,4539270,6100,gene
16643,4533170,4533525,355,mRNA
16644,4535772,4536363,591,mRNA
16645,4536890,4537742,852,mRNA
16646,4537815,4538180,365,mRNA
16647,4538251,4538794,543,mRNA
16648,4538867,4539270,403,mRNA
16649,4533170,4533320,150,mRNA
16650,4535772,4536363,591,mRNA
16651,4536890,4537742,852,mRNA
16652,4537815,4538180,365,mRNA
16653,4538251,4538794,543,mRNA
16654,4538867,4539270,403,mRNA
16655,4535994,4536363,369,CDS
16656,4536890,4537742,852,CDS
16657,4537815,4538180,365,CDS
16658,4538251,4538794,543,CDS
16659,4538867,4538998,131,CDS
16660,4535994,4536363,369,CDS
16661,4536890,4537742,852,CDS
16662,4537815,4538180,365,CDS
16663,4538251,4538794,543,CDS
16664,4538867,4538998,131,CDS
16665,4539302,4541244,1942,gene
16666,4541065,4541244,179,mRNA
16667,4540923,4541011,88,mRNA
16668,4540713,4540847,134,mRNA
16669,4540295,4540653,358,mRNA
16670,4540085,4540230,145,mRNA
16671,4539302,4540031,729,mRNA
16672,4541065,4541168,103,CDS
16673,4540923,4541011,88,CDS
16674,4540713,4540847,134,CDS
16675,4540295,4540653,358,CDS
16676,4540085,4540230,145,CDS
16677,4539407,4540031,624,CDS
16678,4542051,4553457,11406,gene
16679,4542051,4542104,53,mRNA
16680,4542643,4542907,264,mRNA
16681,4551002,4551940,938,mRNA
16682,4552105,4553457,1352,mRNA
16683,4542120,4542907,787,mRNA
16684,4551002,4551940,938,mRNA
16685,4552105,4553457,1352,mRNA
16686,4542120,4542248,128,mRNA
16687,4542643,4542907,264,mRNA
16688,4551002,4551940,938,mRNA
16689,4552105,4553457,1352,mRNA
16690,4550689,4550722,33,mRNA
16691,4551002,4551940,938,mRNA
16692,4552105,4553457,1352,mRNA
16693,4551098,4551940,842,CDS
16694,4552105,4552566,461,CDS
16695,4551098,4551940,842,CDS
16696,4552105,4552566,461,CDS
16697,4551098,4551940,842,CDS
16698,4552105,4552566,461,CDS
16699,4551098,4551940,842,CDS
16700,4552105,4552566,461,CDS
16701,4554537,4555236,699,gene
16702,4555180,4555236,56,mRNA
16703,4554973,4555110,137,mRNA
16704,4554755,4554922,167,mRNA
16705,4554537,4554692,155,mRNA
16706,4555180,4555236,56,CDS
16707,4554973,4555110,137,CDS
16708,4554755,4554922,167,CDS
16709,4554537,4554692,155,CDS
16710,4556087,4592295,36208,gene
16711,4556087,4556186,99,mRNA
16712,4563797,4563896,99,mRNA
16713,4564538,4564549,11,mRNA
16714,4577917,4577952,35,mRNA
16715,4578760,4578869,109,mRNA
16716,4579447,4579519,72,mRNA
16717,4580077,4580159,82,mRNA
16718,4586580,4586783,203,mRNA
16719,4588069,4588124,55,mRNA
16720,4589787,4589967,180,mRNA
16721,4590032,4592295,2263,mRNA
16722,4556087,4556186,99,mRNA
16723,4563797,4563896,99,mRNA
16724,4564538,4564549,11,mRNA
16725,4568625,4568948,323,mRNA
16726,4577917,4577952,35,mRNA
16727,4578760,4578869,109,mRNA
16728,4579447,4579519,72,mRNA
16729,4580077,4580159,82,mRNA
16730,4586580,4586783,203,mRNA
16731,4588069,4588124,55,mRNA
16732,4589787,4589967,180,mRNA
16733,4590032,4590769,737,mRNA
16734,4556169,4556186,17,CDS
16735,4563797,4563896,99,CDS
16736,4564538,4564549,11,CDS
16737,4568625,4568948,323,CDS
16738,4577917,4577952,35,CDS
16739,4578760,4578869,109,CDS
16740,4579447,4579519,72,CDS
16741,4580077,4580159,82,CDS
16742,4586580,4586783,203,CDS
16743,4588069,4588124,55,CDS
16744,4589787,4589967,180,CDS
16745,4590032,4590355,323,CDS
16746,4556169,4556186,17,CDS
16747,4563797,4563896,99,CDS
16748,4564538,4564549,11,CDS
16749,4577917,4577952,35,CDS
16750,4578760,4578869,109,CDS
16751,4579447,4579519,72,CDS
16752,4580077,4580159,82,CDS
16753,4586580,4586783,203,CDS
16754,4588069,4588124,55,CDS
16755,4589787,4589967,180,CDS
16756,4590032,4590355,323,CDS
16757,4557273,4558052,779,mRNA
16758,4563797,4563896,99,mRNA
16759,4564538,4564549,11,mRNA
16760,4577917,4577952,35,mRNA
16761,4578760,4578869,109,mRNA
16762,4579447,4579519,72,mRNA
16763,4580077,4580159,82,mRNA
16764,4586580,4586783,203,mRNA
16765,4588069,4588124,55,mRNA
16766,4589787,4589967,180,mRNA
16767,4590032,4592295,2263,mRNA
16768,4557273,4558052,779,mRNA
16769,4563797,4563896,99,mRNA
16770,4564538,4564549,11,mRNA
16771,4578760,4578869,109,mRNA
16772,4579447,4579519,72,mRNA
16773,4580077,4580159,82,mRNA
16774,4586580,4586783,203,mRNA
16775,4588069,4588124,55,mRNA
16776,4589787,4589967,180,mRNA
16777,4590032,4592295,2263,mRNA
16778,4557273,4558052,779,mRNA
16779,4563797,4563896,99,mRNA
16780,4568625,4568948,323,mRNA
16781,4578760,4578869,109,mRNA
16782,4579447,4579519,72,mRNA
16783,4580077,4580159,82,mRNA
16784,4586580,4586783,203,mRNA
16785,4588069,4588124,55,mRNA
16786,4589787,4589967,180,mRNA
16787,4590032,4592295,2263,mRNA
16788,4557273,4558052,779,mRNA
16789,4563797,4563896,99,mRNA
16790,4577917,4577952,35,mRNA
16791,4578760,4578869,109,mRNA
16792,4579447,4579519,72,mRNA
16793,4580077,4580159,82,mRNA
16794,4586580,4586783,203,mRNA
16795,4588069,4588124,55,mRNA
16796,4589787,4589967,180,mRNA
16797,4590032,4592295,2263,mRNA
16798,4557273,4558052,779,mRNA
16799,4563797,4563896,99,mRNA
16800,4578760,4578869,109,mRNA
16801,4579447,4579519,72,mRNA
16802,4580077,4580159,82,mRNA
16803,4586580,4586783,203,mRNA
16804,4588069,4588124,55,mRNA
16805,4589787,4589967,180,mRNA
16806,4590032,4592295,2263,mRNA
16807,4558002,4558052,50,CDS
16808,4563797,4563896,99,CDS
16809,4564538,4564549,11,CDS
16810,4577917,4577952,35,CDS
16811,4578760,4578869,109,CDS
16812,4579447,4579519,72,CDS
16813,4580077,4580159,82,CDS
16814,4586580,4586783,203,CDS
16815,4588069,4588124,55,CDS
16816,4589787,4589967,180,CDS
16817,4590032,4590355,323,CDS
16818,4558002,4558052,50,CDS
16819,4563797,4563896,99,CDS
16820,4564538,4564549,11,CDS
16821,4578760,4578869,109,CDS
16822,4579447,4579519,72,CDS
16823,4580077,4580159,82,CDS
16824,4586580,4586783,203,CDS
16825,4588069,4588124,55,CDS
16826,4589787,4589967,180,CDS
16827,4590032,4590355,323,CDS
16828,4558002,4558052,50,CDS
16829,4563797,4563896,99,CDS
16830,4568625,4568948,323,CDS
16831,4578760,4578869,109,CDS
16832,4579447,4579519,72,CDS
16833,4580077,4580159,82,CDS
16834,4586580,4586783,203,CDS
16835,4588069,4588124,55,CDS
16836,4589787,4589967,180,CDS
16837,4590032,4590355,323,CDS
16838,4558002,4558052,50,CDS
16839,4563797,4563896,99,CDS
16840,4577917,4577952,35,CDS
16841,4578760,4578869,109,CDS
16842,4579447,4579519,72,CDS
16843,4580077,4580159,82,CDS
16844,4586580,4586783,203,CDS
16845,4588069,4588124,55,CDS
16846,4589787,4589967,180,CDS
16847,4590032,4590355,323,CDS
16848,4558002,4558052,50,CDS
16849,4563797,4563896,99,CDS
16850,4578760,4578869,109,CDS
16851,4579447,4579519,72,CDS
16852,4580077,4580159,82,CDS
16853,4586580,4586783,203,CDS
16854,4588069,4588124,55,CDS
16855,4589787,4589967,180,CDS
16856,4590032,4590355,323,CDS
16857,4574964,4575758,794,mRNA
16858,4577917,4577952,35,mRNA
16859,4578760,4578869,109,mRNA
16860,4579447,4579519,72,mRNA
16861,4580077,4580159,82,mRNA
16862,4586580,4586783,203,mRNA
16863,4588069,4588124,55,mRNA
16864,4589787,4589967,180,mRNA
16865,4590032,4592295,2263,mRNA
16866,4574964,4575758,794,mRNA
16867,4578760,4578869,109,mRNA
16868,4579447,4579519,72,mRNA
16869,4580077,4580159,82,mRNA
16870,4586580,4586783,203,mRNA
16871,4588069,4588124,55,mRNA
16872,4589787,4589967,180,mRNA
16873,4590032,4592295,2263,mRNA
16874,4575272,4575758,486,CDS
16875,4577917,4577952,35,CDS
16876,4578760,4578869,109,CDS
16877,4579447,4579519,72,CDS
16878,4580077,4580159,82,CDS
16879,4586580,4586783,203,CDS
16880,4588069,4588124,55,CDS
16881,4589787,4589967,180,CDS
16882,4590032,4590355,323,CDS
16883,4575272,4575758,486,CDS
16884,4578760,4578869,109,CDS
16885,4579447,4579519,72,CDS
16886,4580077,4580159,82,CDS
16887,4586580,4586783,203,CDS
16888,4588069,4588124,55,CDS
16889,4589787,4589967,180,CDS
16890,4590032,4590355,323,CDS
16891,4592447,4626196,33749,gene
16892,4625937,4626132,195,mRNA
16893,4625210,4625328,118,mRNA
16894,4612859,4612889,30,mRNA
16895,4598154,4599005,851,mRNA
16896,4596064,4596280,216,mRNA
16897,4595692,4595945,253,mRNA
16898,4595317,4595624,307,mRNA
16899,4592447,4595255,2808,mRNA
16900,4625937,4626132,195,mRNA
16901,4625210,4625328,118,mRNA
16902,4612859,4612889,30,mRNA
16903,4598154,4599005,851,mRNA
16904,4596064,4596280,216,mRNA
16905,4595692,4595945,253,mRNA
16906,4595317,4595624,307,mRNA
16907,4592895,4595255,2360,mRNA
16908,4625937,4626132,195,mRNA
16909,4625210,4625393,183,mRNA
16910,4612859,4612889,30,mRNA
16911,4598154,4599005,851,mRNA
16912,4596064,4596280,216,mRNA
16913,4595692,4595945,253,mRNA
16914,4595317,4595627,310,mRNA
16915,4592895,4595255,2360,mRNA
16916,4625937,4626196,259,mRNA
16917,4625210,4625393,183,mRNA
16918,4598154,4599005,851,mRNA
16919,4596064,4596280,216,mRNA
16920,4595692,4595945,253,mRNA
16921,4595317,4595624,307,mRNA
16922,4594516,4595255,739,mRNA
16923,4625937,4626132,195,mRNA
16924,4598154,4599005,851,mRNA
16925,4596064,4596280,216,mRNA
16926,4595692,4595945,253,mRNA
16927,4595317,4595624,307,mRNA
16928,4594516,4595255,739,mRNA
16929,4625937,4626132,195,mRNA
16930,4625210,4625328,118,mRNA
16931,4612859,4612889,30,mRNA
16932,4598154,4599005,851,mRNA
16933,4596064,4596280,216,mRNA
16934,4595692,4595945,253,mRNA
16935,4595317,4595624,307,mRNA
16936,4594516,4595255,739,mRNA
16937,4625937,4626132,195,mRNA
16938,4625210,4625393,183,mRNA
16939,4612859,4612889,30,mRNA
16940,4598154,4599005,851,mRNA
16941,4596064,4596280,216,mRNA
16942,4595692,4595945,253,mRNA
16943,4595317,4595624,307,mRNA
16944,4594516,4595255,739,mRNA
16945,4625763,4626132,369,mRNA
16946,4625210,4625393,183,mRNA
16947,4612859,4612889,30,mRNA
16948,4598154,4599005,851,mRNA
16949,4596064,4596280,216,mRNA
16950,4595692,4595945,253,mRNA
16951,4595317,4595624,307,mRNA
16952,4594516,4595255,739,mRNA
16953,4612989,4613096,107,mRNA
16954,4612859,4612889,30,mRNA
16955,4598154,4599005,851,mRNA
16956,4596064,4596280,216,mRNA
16957,4595692,4595945,253,mRNA
16958,4595317,4595624,307,mRNA
16959,4594516,4595255,739,mRNA
16960,4598154,4598418,264,CDS
16961,4596064,4596280,216,CDS
16962,4595692,4595945,253,CDS
16963,4595317,4595624,307,CDS
16964,4594641,4595255,614,CDS
16965,4598154,4598418,264,CDS
16966,4596064,4596280,216,CDS
16967,4595692,4595945,253,CDS
16968,4595317,4595624,307,CDS
16969,4594641,4595255,614,CDS
16970,4598154,4598418,264,CDS
16971,4596064,4596280,216,CDS
16972,4595692,4595945,253,CDS
16973,4595317,4595624,307,CDS
16974,4594641,4595255,614,CDS
16975,4598154,4598418,264,CDS
16976,4596064,4596280,216,CDS
16977,4595692,4595945,253,CDS
16978,4595317,4595624,307,CDS
16979,4594641,4595255,614,CDS
16980,4598154,4598418,264,CDS
16981,4596064,4596280,216,CDS
16982,4595692,4595945,253,CDS
16983,4595317,4595624,307,CDS
16984,4594641,4595255,614,CDS
16985,4598154,4598418,264,CDS
16986,4596064,4596280,216,CDS
16987,4595692,4595945,253,CDS
16988,4595317,4595624,307,CDS
16989,4594641,4595255,614,CDS
16990,4598154,4598418,264,CDS
16991,4596064,4596280,216,CDS
16992,4595692,4595945,253,CDS
16993,4595317,4595624,307,CDS
16994,4594641,4595255,614,CDS
16995,4598154,4598418,264,CDS
16996,4596064,4596280,216,CDS
16997,4595692,4595945,253,CDS
16998,4595317,4595624,307,CDS
16999,4594641,4595255,614,CDS
17000,4598154,4598418,264,CDS
17001,4596064,4596280,216,CDS
17002,4595692,4595945,253,CDS
17003,4595317,4595627,310,CDS
17004,4594641,4595255,614,CDS
17005,4621219,4622985,1766,gene
17006,4621219,4622985,1766,mRNA
17007,4621265,4622962,1697,CDS
17008,4626602,4626903,301,gene
17009,4626602,4626903,301,ncRNA
17010,4626734,4629467,2733,gene
17011,4626734,4626982,248,mRNA
17012,4627420,4627532,112,mRNA
17013,4627611,4628856,1245,mRNA
17014,4628952,4629467,515,mRNA
17015,4626940,4626982,42,CDS
17016,4627420,4627532,112,CDS
17017,4627611,4628856,1245,CDS
17018,4628952,4629115,163,CDS
17019,4629604,4687317,57713,gene
17020,4686968,4687317,349,mRNA
17021,4675382,4675947,565,mRNA
17022,4674956,4675229,273,mRNA
17023,4673173,4673392,219,mRNA
17024,4671826,4671961,135,mRNA
17025,4670118,4670402,284,mRNA
17026,4664423,4664953,530,mRNA
17027,4664127,4664323,196,mRNA
17028,4660077,4660409,332,mRNA
17029,4659480,4660012,532,mRNA
17030,4656560,4656774,214,mRNA
17031,4655973,4656372,399,mRNA
17032,4650937,4651184,247,mRNA
17033,4650321,4650776,455,mRNA
17034,4646824,4647024,200,mRNA
17035,4645560,4646180,620,mRNA
17036,4644044,4644225,181,mRNA
17037,4643397,4643726,329,mRNA
17038,4642938,4643244,306,mRNA
17039,4642677,4642807,130,mRNA
17040,4629604,4630232,628,mRNA
17041,4686968,4687317,349,mRNA
17042,4675382,4675947,565,mRNA
17043,4674956,4675229,273,mRNA
17044,4673173,4673392,219,mRNA
17045,4671826,4671961,135,mRNA
17046,4670118,4670402,284,mRNA
17047,4664423,4664953,530,mRNA
17048,4664127,4664323,196,mRNA
17049,4660077,4660409,332,mRNA
17050,4659480,4660012,532,mRNA
17051,4656560,4656774,214,mRNA
17052,4655973,4656372,399,mRNA
17053,4650937,4651184,247,mRNA
17054,4650321,4650776,455,mRNA
17055,4646824,4647024,200,mRNA
17056,4645560,4646180,620,mRNA
17057,4644044,4644225,181,mRNA
17058,4643397,4643726,329,mRNA
17059,4642938,4643244,306,mRNA
17060,4642677,4642807,130,mRNA
17061,4629604,4630343,739,mRNA
17062,4681218,4681458,240,mRNA
17063,4675382,4675947,565,mRNA
17064,4674956,4675229,273,mRNA
17065,4673173,4673392,219,mRNA
17066,4671826,4671961,135,mRNA
17067,4670118,4670402,284,mRNA
17068,4664423,4664953,530,mRNA
17069,4664127,4664323,196,mRNA
17070,4660077,4660409,332,mRNA
17071,4659480,4660012,532,mRNA
17072,4656560,4656774,214,mRNA
17073,4655973,4656372,399,mRNA
17074,4650937,4651184,247,mRNA
17075,4650321,4650776,455,mRNA
17076,4646824,4647024,200,mRNA
17077,4645560,4646180,620,mRNA
17078,4644044,4644225,181,mRNA
17079,4643397,4643726,329,mRNA
17080,4642938,4643244,306,mRNA
17081,4642677,4642807,130,mRNA
17082,4629604,4630232,628,mRNA
17083,4675382,4675904,522,CDS
17084,4674956,4675229,273,CDS
17085,4673173,4673392,219,CDS
17086,4671826,4671961,135,CDS
17087,4670118,4670402,284,CDS
17088,4664423,4664953,530,CDS
17089,4664127,4664323,196,CDS
17090,4660077,4660409,332,CDS
17091,4659480,4660012,532,CDS
17092,4656560,4656774,214,CDS
17093,4655973,4656372,399,CDS
17094,4650937,4651184,247,CDS
17095,4650321,4650776,455,CDS
17096,4646824,4647024,200,CDS
17097,4645560,4646180,620,CDS
17098,4644044,4644225,181,CDS
17099,4643397,4643726,329,CDS
17100,4642938,4643244,306,CDS
17101,4642677,4642807,130,CDS
17102,4629816,4630232,416,CDS
17103,4675382,4675904,522,CDS
17104,4674956,4675229,273,CDS
17105,4673173,4673392,219,CDS
17106,4671826,4671961,135,CDS
17107,4670118,4670402,284,CDS
17108,4664423,4664953,530,CDS
17109,4664127,4664323,196,CDS
17110,4660077,4660409,332,CDS
17111,4659480,4660012,532,CDS
17112,4656560,4656774,214,CDS
17113,4655973,4656372,399,CDS
17114,4650937,4651184,247,CDS
17115,4650321,4650776,455,CDS
17116,4646824,4647024,200,CDS
17117,4645560,4646180,620,CDS
17118,4644044,4644225,181,CDS
17119,4643397,4643726,329,CDS
17120,4642938,4643244,306,CDS
17121,4642677,4642807,130,CDS
17122,4629816,4630232,416,CDS
17123,4675382,4675904,522,CDS
17124,4674956,4675229,273,CDS
17125,4673173,4673392,219,CDS
17126,4671826,4671961,135,CDS
17127,4670118,4670402,284,CDS
17128,4664423,4664953,530,CDS
17129,4664127,4664323,196,CDS
17130,4660077,4660409,332,CDS
17131,4659480,4660012,532,CDS
17132,4656560,4656774,214,CDS
17133,4655973,4656372,399,CDS
17134,4650937,4651184,247,CDS
17135,4650321,4650776,455,CDS
17136,4646824,4647024,200,CDS
17137,4645560,4646180,620,CDS
17138,4644044,4644225,181,CDS
17139,4643397,4643726,329,CDS
17140,4642938,4643244,306,CDS
17141,4642677,4642807,130,CDS
17142,4630323,4630343,20,CDS
17143,4634436,4634789,353,gene
17144,4634436,4634789,353,mRNA
17145,4634436,4634789,353,CDS
17146,4686968,4687317,349,mRNA
17147,4675382,4675947,565,mRNA
17148,4674956,4675229,273,mRNA
17149,4673173,4673392,219,mRNA
17150,4671826,4671961,135,mRNA
17151,4670118,4670402,284,mRNA
17152,4664423,4664953,530,mRNA
17153,4664127,4664323,196,mRNA
17154,4660077,4660409,332,mRNA
17155,4659480,4660012,532,mRNA
17156,4656560,4656774,214,mRNA
17157,4655973,4656372,399,mRNA
17158,4650937,4651184,247,mRNA
17159,4650321,4650776,455,mRNA
17160,4646824,4647024,200,mRNA
17161,4645560,4646180,620,mRNA
17162,4644044,4644225,181,mRNA
17163,4643397,4643726,329,mRNA
17164,4642938,4643244,306,mRNA
17165,4642677,4642807,130,mRNA
17166,4636609,4637754,1145,mRNA
17167,4681218,4681458,240,mRNA
17168,4675382,4675947,565,mRNA
17169,4674956,4675229,273,mRNA
17170,4673173,4673392,219,mRNA
17171,4671826,4671961,135,mRNA
17172,4670118,4670402,284,mRNA
17173,4664423,4664953,530,mRNA
17174,4664127,4664323,196,mRNA
17175,4660077,4660409,332,mRNA
17176,4659480,4660012,532,mRNA
17177,4656560,4656774,214,mRNA
17178,4655973,4656372,399,mRNA
17179,4650937,4651184,247,mRNA
17180,4650321,4650776,455,mRNA
17181,4646824,4647024,200,mRNA
17182,4645560,4646180,620,mRNA
17183,4644044,4644225,181,mRNA
17184,4643397,4643726,329,mRNA
17185,4642938,4643244,306,mRNA
17186,4642677,4642807,130,mRNA
17187,4636609,4637757,1148,mRNA
17188,4675382,4675904,522,CDS
17189,4674956,4675229,273,CDS
17190,4673173,4673392,219,CDS
17191,4671826,4671961,135,CDS
17192,4670118,4670402,284,CDS
17193,4664423,4664953,530,CDS
17194,4664127,4664323,196,CDS
17195,4660077,4660409,332,CDS
17196,4659480,4660012,532,CDS
17197,4656560,4656774,214,CDS
17198,4655973,4656372,399,CDS
17199,4650937,4651184,247,CDS
17200,4650321,4650776,455,CDS
17201,4646824,4647024,200,CDS
17202,4645560,4646180,620,CDS
17203,4644044,4644225,181,CDS
17204,4643397,4643726,329,CDS
17205,4642938,4643244,306,CDS
17206,4642677,4642807,130,CDS
17207,4637434,4637754,320,CDS
17208,4675382,4675904,522,CDS
17209,4674956,4675229,273,CDS
17210,4673173,4673392,219,CDS
17211,4671826,4671961,135,CDS
17212,4670118,4670402,284,CDS
17213,4664423,4664953,530,CDS
17214,4664127,4664323,196,CDS
17215,4660077,4660409,332,CDS
17216,4659480,4660012,532,CDS
17217,4656560,4656774,214,CDS
17218,4655973,4656372,399,CDS
17219,4650937,4651184,247,CDS
17220,4650321,4650776,455,CDS
17221,4646824,4647024,200,CDS
17222,4645560,4646180,620,CDS
17223,4644044,4644225,181,CDS
17224,4643397,4643726,329,CDS
17225,4642938,4643244,306,CDS
17226,4642677,4642807,130,CDS
17227,4637434,4637757,323,CDS
17228,4686968,4687317,349,mRNA
17229,4675382,4675947,565,mRNA
17230,4674956,4675229,273,mRNA
17231,4673173,4673392,219,mRNA
17232,4671826,4671961,135,mRNA
17233,4670118,4670402,284,mRNA
17234,4664423,4664953,530,mRNA
17235,4664127,4664323,196,mRNA
17236,4660077,4660409,332,mRNA
17237,4659480,4660012,532,mRNA
17238,4656560,4656774,214,mRNA
17239,4655973,4656372,399,mRNA
17240,4650937,4651184,247,mRNA
17241,4650321,4650776,455,mRNA
17242,4646824,4647024,200,mRNA
17243,4645560,4646180,620,mRNA
17244,4644044,4644225,181,mRNA
17245,4643397,4643726,329,mRNA
17246,4642938,4643244,306,mRNA
17247,4642217,4642807,590,mRNA
17248,4681218,4681458,240,mRNA
17249,4675382,4675947,565,mRNA
17250,4674956,4675229,273,mRNA
17251,4673173,4673392,219,mRNA
17252,4671826,4671961,135,mRNA
17253,4670118,4670402,284,mRNA
17254,4664423,4664953,530,mRNA
17255,4664127,4664323,196,mRNA
17256,4660077,4660409,332,mRNA
17257,4659480,4660012,532,mRNA
17258,4656560,4656774,214,mRNA
17259,4655973,4656372,399,mRNA
17260,4650937,4651184,247,mRNA
17261,4650321,4650776,455,mRNA
17262,4646824,4647024,200,mRNA
17263,4645560,4646180,620,mRNA
17264,4644044,4644225,181,mRNA
17265,4643397,4643726,329,mRNA
17266,4642938,4643244,306,mRNA
17267,4642217,4642807,590,mRNA
17268,4675382,4675904,522,CDS
17269,4674956,4675229,273,CDS
17270,4673173,4673392,219,CDS
17271,4671826,4671961,135,CDS
17272,4670118,4670402,284,CDS
17273,4664423,4664953,530,CDS
17274,4664127,4664323,196,CDS
17275,4660077,4660409,332,CDS
17276,4659480,4660012,532,CDS
17277,4656560,4656774,214,CDS
17278,4655973,4656372,399,CDS
17279,4650937,4651184,247,CDS
17280,4650321,4650776,455,CDS
17281,4646824,4647024,200,CDS
17282,4645560,4646180,620,CDS
17283,4644044,4644225,181,CDS
17284,4643397,4643726,329,CDS
17285,4642938,4643244,306,CDS
17286,4642587,4642807,220,CDS
17287,4675382,4675904,522,CDS
17288,4674956,4675229,273,CDS
17289,4673173,4673392,219,CDS
17290,4671826,4671961,135,CDS
17291,4670118,4670402,284,CDS
17292,4664423,4664953,530,CDS
17293,4664127,4664323,196,CDS
17294,4660077,4660409,332,CDS
17295,4659480,4660012,532,CDS
17296,4656560,4656774,214,CDS
17297,4655973,4656372,399,CDS
17298,4650937,4651184,247,CDS
17299,4650321,4650776,455,CDS
17300,4646824,4647024,200,CDS
17301,4645560,4646180,620,CDS
17302,4644044,4644225,181,CDS
17303,4643397,4643726,329,CDS
17304,4642938,4643244,306,CDS
17305,4642587,4642807,220,CDS
17306,4648276,4650305,2029,gene
17307,4648276,4650305,2029,mRNA
17308,4648672,4650135,1463,CDS
17309,4655405,4656330,925,gene
17310,4655405,4656330,925,ncRNA
17311,4665927,4667389,1462,gene
17312,4665927,4667389,1462,mRNA
17313,4666083,4667240,1157,CDS
17314,4677832,4678233,401,gene
17315,4677832,4678233,401,mRNA
17316,4677851,4678117,266,CDS
17317,4687587,4688774,1187,gene
17318,4687587,4688774,1187,mRNA
17319,4687796,4688701,905,CDS
17320,4688929,4690070,1141,gene
17321,4688929,4690070,1141,mRNA
17322,4689054,4689989,935,CDS
17323,4692783,4796253,103470,gene
17324,4692783,4693405,622,mRNA
17325,4707617,4707650,33,mRNA
17326,4732872,4732922,50,mRNA
17327,4751964,4752040,76,mRNA
17328,4753251,4753381,130,mRNA
17329,4764522,4764623,101,mRNA
17330,4764887,4767056,2169,mRNA
17331,4789122,4792153,3031,mRNA
17332,4792217,4792612,395,mRNA
17333,4793921,4794148,227,mRNA
17334,4795801,4796253,452,mRNA
17335,4692783,4693405,622,mRNA
17336,4707617,4707650,33,mRNA
17337,4732872,4732922,50,mRNA
17338,4751964,4752040,76,mRNA
17339,4764522,4764623,101,mRNA
17340,4764887,4767056,2169,mRNA
17341,4789122,4792153,3031,mRNA
17342,4792217,4792612,395,mRNA
17343,4793921,4794148,227,mRNA
17344,4795801,4796253,452,mRNA
17345,4694205,4694845,640,gene
17346,4694205,4694845,640,mRNA
17347,4694323,4694739,416,CDS
17348,4697601,4698058,457,gene
17349,4697601,4698058,457,mRNA
17350,4697679,4697978,299,CDS
17351,4703378,4703979,601,gene
17352,4703378,4703496,118,ncRNA
17353,4703623,4703979,356,ncRNA
17354,4709209,4709890,681,gene
17355,4709209,4709890,681,mRNA
17356,4709503,4709856,353,CDS
17357,4744950,4745310,360,gene
17358,4744950,4745310,360,ncRNA
17359,4745911,4746632,721,gene
17360,4746519,4746632,113,ncRNA
17361,4745911,4746422,511,ncRNA
17362,4749407,4749991,584,gene
17363,4749407,4749991,584,ncRNA
17364,4752393,4753738,1345,gene
17365,4753553,4753738,185,mRNA
17366,4752393,4753370,977,mRNA
17367,4753544,4753738,194,mRNA
17368,4752393,4753370,977,mRNA
17369,4753553,4753613,60,CDS
17370,4752550,4753370,820,CDS
17371,4753544,4753613,69,CDS
17372,4752550,4753370,820,CDS
17373,4755605,4756142,537,gene
17374,4755605,4756142,537,ncRNA
17375,4755606,4755701,95,ncRNA
17376,4755821,4756142,321,ncRNA
17377,4757883,4758708,825,gene
17378,4757883,4758708,825,mRNA
17379,4758029,4758412,383,CDS
17380,4764890,4767056,2166,CDS
17381,4789122,4792153,3031,CDS
17382,4792217,4792612,395,CDS
17383,4793921,4794148,227,CDS
17384,4795801,4795932,131,CDS
17385,4764890,4767056,2166,CDS
17386,4789122,4792153,3031,CDS
17387,4792217,4792612,395,CDS
17388,4793921,4794148,227,CDS
17389,4795801,4795932,131,CDS
17390,4773711,4774361,650,mobile_element
17391,4792615,4793717,1102,gene
17392,4792615,4793717,1102,ncRNA
17393,4799989,4800330,341,gene
17394,4799989,4800330,341,ncRNA
17395,4801909,4802894,985,gene
17396,4801909,4802894,985,ncRNA
17397,4801909,4802498,589,ncRNA
17398,4803077,4805274,2197,gene
17399,4804701,4805274,573,mRNA
17400,4804188,4804642,454,mRNA
17401,4803974,4804122,148,mRNA
17402,4803660,4803919,259,mRNA
17403,4803077,4803596,519,mRNA
17404,4804701,4805257,556,CDS
17405,4804188,4804642,454,CDS
17406,4803974,4804122,148,CDS
17407,4803660,4803919,259,CDS
17408,4803170,4803596,426,CDS
17409,4806053,4807406,1353,gene
17410,4806053,4807406,1353,mRNA
17411,4806171,4807328,1157,CDS
17412,4807368,4825687,18319,gene
17413,4825328,4825687,359,mRNA
17414,4823587,4824161,574,mRNA
17415,4822690,4823524,834,mRNA
17416,4822023,4822626,603,mRNA
17417,4821864,4821969,105,mRNA
17418,4821111,4821266,155,mRNA
17419,4816987,4821042,4055,mRNA
17420,4816705,4816731,26,mRNA
17421,4815493,4816645,1152,mRNA
17422,4813328,4815436,2108,mRNA
17423,4812057,4812255,198,mRNA
17424,4811552,4811669,117,mRNA
17425,4807892,4811490,3598,mRNA
17426,4807368,4807832,464,mRNA
17427,4825328,4825687,359,mRNA
17428,4823587,4824161,574,mRNA
17429,4822690,4823524,834,mRNA
17430,4822023,4822626,603,mRNA
17431,4821864,4821969,105,mRNA
17432,4821428,4821466,38,mRNA
17433,4821111,4821266,155,mRNA
17434,4816987,4821042,4055,mRNA
17435,4815493,4816645,1152,mRNA
17436,4813328,4815436,2108,mRNA
17437,4812894,4813089,195,mRNA
17438,4811552,4811669,117,mRNA
17439,4807892,4811490,3598,mRNA
17440,4807368,4807832,464,mRNA
17441,4825328,4825687,359,mRNA
17442,4823587,4824161,574,mRNA
17443,4822690,4823524,834,mRNA
17444,4822023,4822626,603,mRNA
17445,4821864,4821969,105,mRNA
17446,4821428,4821466,38,mRNA
17447,4821111,4821266,155,mRNA
17448,4816987,4821042,4055,mRNA
17449,4816705,4816731,26,mRNA
17450,4815493,4816645,1152,mRNA
17451,4813328,4815436,2108,mRNA
17452,4812057,4812255,198,mRNA
17453,4811552,4811669,117,mRNA
17454,4807892,4811490,3598,mRNA
17455,4807368,4807832,464,mRNA
17456,4825328,4825687,359,mRNA
17457,4823587,4824161,574,mRNA
17458,4822690,4823524,834,mRNA
17459,4822023,4822626,603,mRNA
17460,4821864,4821969,105,mRNA
17461,4821428,4821466,38,mRNA
17462,4821111,4821266,155,mRNA
17463,4816987,4821042,4055,mRNA
17464,4816705,4816731,26,mRNA
17465,4815493,4816645,1152,mRNA
17466,4813328,4815436,2108,mRNA
17467,4812894,4813089,195,mRNA
17468,4811552,4811669,117,mRNA
17469,4807892,4811490,3598,mRNA
17470,4807368,4807832,464,mRNA
17471,4825328,4825687,359,mRNA
17472,4823587,4824161,574,mRNA
17473,4822690,4823524,834,mRNA
17474,4822023,4822626,603,mRNA
17475,4821864,4821969,105,mRNA
17476,4821111,4821266,155,mRNA
17477,4816987,4821042,4055,mRNA
17478,4815493,4816645,1152,mRNA
17479,4813328,4815436,2108,mRNA
17480,4812057,4812255,198,mRNA
17481,4811552,4811669,117,mRNA
17482,4807892,4811490,3598,mRNA
17483,4807550,4807832,282,mRNA
17484,4825328,4825687,359,mRNA
17485,4823587,4824161,574,mRNA
17486,4822690,4823524,834,mRNA
17487,4822023,4822626,603,mRNA
17488,4821864,4821969,105,mRNA
17489,4821111,4821266,155,mRNA
17490,4816987,4821042,4055,mRNA
17491,4815493,4816645,1152,mRNA
17492,4813328,4815436,2108,mRNA
17493,4812894,4813089,195,mRNA
17494,4811552,4811669,117,mRNA
17495,4807892,4811490,3598,mRNA
17496,4807550,4807832,282,mRNA
17497,4825328,4825687,359,mRNA
17498,4823587,4824161,574,mRNA
17499,4822690,4823524,834,mRNA
17500,4822023,4822626,603,mRNA
17501,4821864,4821969,105,mRNA
17502,4821111,4821266,155,mRNA
17503,4816987,4821042,4055,mRNA
17504,4816705,4816731,26,mRNA
17505,4815493,4816645,1152,mRNA
17506,4813328,4815436,2108,mRNA
17507,4812894,4813089,195,mRNA
17508,4811552,4811669,117,mRNA
17509,4807892,4811490,3598,mRNA
17510,4807550,4807832,282,mRNA
17511,4825328,4825687,359,mRNA
17512,4823587,4824161,574,mRNA
17513,4822690,4823524,834,mRNA
17514,4822023,4822626,603,mRNA
17515,4821864,4821969,105,mRNA
17516,4821428,4821466,38,mRNA
17517,4821111,4821266,155,mRNA
17518,4816987,4821042,4055,mRNA
17519,4815493,4816645,1152,mRNA
17520,4813328,4815436,2108,mRNA
17521,4812057,4812255,198,mRNA
17522,4811552,4811669,117,mRNA
17523,4807892,4811490,3598,mRNA
17524,4807550,4807832,282,mRNA
17525,4825328,4825571,243,CDS
17526,4823587,4824161,574,CDS
17527,4822690,4823524,834,CDS
17528,4822023,4822626,603,CDS
17529,4821864,4821969,105,CDS
17530,4821111,4821266,155,CDS
17531,4816987,4821042,4055,CDS
17532,4815493,4816645,1152,CDS
17533,4813328,4815436,2108,CDS
17534,4812057,4812255,198,CDS
17535,4811552,4811669,117,CDS
17536,4807892,4811490,3598,CDS
17537,4807667,4807832,165,CDS
17538,4825328,4825571,243,CDS
17539,4823587,4824161,574,CDS
17540,4822690,4823524,834,CDS
17541,4822023,4822626,603,CDS
17542,4821864,4821969,105,CDS
17543,4821111,4821266,155,CDS
17544,4816987,4821042,4055,CDS
17545,4815493,4816645,1152,CDS
17546,4813328,4815436,2108,CDS
17547,4812894,4813089,195,CDS
17548,4811552,4811669,117,CDS
17549,4807892,4811490,3598,CDS
17550,4807667,4807832,165,CDS
17551,4825328,4825571,243,CDS
17552,4823587,4824161,574,CDS
17553,4822690,4823524,834,CDS
17554,4822023,4822626,603,CDS
17555,4821864,4821969,105,CDS
17556,4821111,4821266,155,CDS
17557,4816987,4821042,4055,CDS
17558,4816705,4816731,26,CDS
17559,4815493,4816645,1152,CDS
17560,4813328,4815436,2108,CDS
17561,4812057,4812255,198,CDS
17562,4811552,4811669,117,CDS
17563,4807892,4811490,3598,CDS
17564,4807667,4807832,165,CDS
17565,4825328,4825571,243,CDS
17566,4823587,4824161,574,CDS
17567,4822690,4823524,834,CDS
17568,4822023,4822626,603,CDS
17569,4821864,4821969,105,CDS
17570,4821111,4821266,155,CDS
17571,4816987,4821042,4055,CDS
17572,4816705,4816731,26,CDS
17573,4815493,4816645,1152,CDS
17574,4813328,4815436,2108,CDS
17575,4812894,4813089,195,CDS
17576,4811552,4811669,117,CDS
17577,4807892,4811490,3598,CDS
17578,4807667,4807832,165,CDS
17579,4825328,4825571,243,CDS
17580,4823587,4824161,574,CDS
17581,4822690,4823524,834,CDS
17582,4822023,4822626,603,CDS
17583,4821864,4821969,105,CDS
17584,4821428,4821466,38,CDS
17585,4821111,4821266,155,CDS
17586,4816987,4821042,4055,CDS
17587,4815493,4816645,1152,CDS
17588,4813328,4815436,2108,CDS
17589,4812057,4812255,198,CDS
17590,4811552,4811669,117,CDS
17591,4807892,4811490,3598,CDS
17592,4807667,4807832,165,CDS
17593,4825328,4825571,243,CDS
17594,4823587,4824161,574,CDS
17595,4822690,4823524,834,CDS
17596,4822023,4822626,603,CDS
17597,4821864,4821969,105,CDS
17598,4821428,4821466,38,CDS
17599,4821111,4821266,155,CDS
17600,4816987,4821042,4055,CDS
17601,4815493,4816645,1152,CDS
17602,4813328,4815436,2108,CDS
17603,4812894,4813089,195,CDS
17604,4811552,4811669,117,CDS
17605,4807892,4811490,3598,CDS
17606,4807667,4807832,165,CDS
17607,4825328,4825571,243,CDS
17608,4823587,4824161,574,CDS
17609,4822690,4823524,834,CDS
17610,4822023,4822626,603,CDS
17611,4821864,4821969,105,CDS
17612,4821428,4821466,38,CDS
17613,4821111,4821266,155,CDS
17614,4816987,4821042,4055,CDS
17615,4816705,4816731,26,CDS
17616,4815493,4816645,1152,CDS
17617,4813328,4815436,2108,CDS
17618,4812057,4812255,198,CDS
17619,4811552,4811669,117,CDS
17620,4807892,4811490,3598,CDS
17621,4807667,4807832,165,CDS
17622,4825328,4825571,243,CDS
17623,4823587,4824161,574,CDS
17624,4822690,4823524,834,CDS
17625,4822023,4822626,603,CDS
17626,4821864,4821969,105,CDS
17627,4821428,4821466,38,CDS
17628,4821111,4821266,155,CDS
17629,4816987,4821042,4055,CDS
17630,4816705,4816731,26,CDS
17631,4815493,4816645,1152,CDS
17632,4813328,4815436,2108,CDS
17633,4812894,4813089,195,CDS
17634,4811552,4811669,117,CDS
17635,4807892,4811490,3598,CDS
17636,4807667,4807832,165,CDS
17637,4825853,4829038,3185,gene
17638,4825853,4826042,189,mRNA
17639,4826095,4827886,1791,mRNA
17640,4827945,4828186,241,mRNA
17641,4828243,4829038,795,mRNA
17642,4825953,4826042,89,CDS
17643,4826095,4827886,1791,CDS
17644,4827945,4828186,241,CDS
17645,4828243,4828728,485,CDS
17646,4829092,4833591,4499,gene
17647,4833572,4833591,19,mRNA
17648,4832255,4833331,1076,mRNA
17649,4829092,4832177,3085,mRNA
17650,4833572,4833591,19,mRNA
17651,4832255,4833505,1250,mRNA
17652,4829092,4832177,3085,mRNA
17653,4832255,4833074,819,CDS
17654,4829092,4832177,3085,CDS
17655,4832255,4833074,819,CDS
17656,4829092,4832177,3085,CDS
17657,4837791,4840108,2317,gene
17658,4839778,4840108,330,mRNA
17659,4837791,4838447,656,mRNA
17660,4839778,4840096,318,mRNA
17661,4838563,4838838,275,mRNA
17662,4837791,4838447,656,mRNA
17663,4838924,4840096,1172,mRNA
17664,4838563,4838838,275,mRNA
17665,4837791,4838447,656,mRNA
17666,4839778,4839900,122,CDS
17667,4838079,4838447,368,CDS
17668,4838079,4838381,302,CDS
17669,4838079,4838381,302,CDS
17670,4849438,4852461,3023,gene
17671,4852399,4852461,62,mRNA
17672,4849438,4852322,2884,mRNA
17673,4852399,4852401,2,CDS
17674,4849590,4852322,2732,CDS
17675,4859810,4860470,660,gene
17676,4860271,4860470,199,mRNA
17677,4859810,4860206,396,mRNA
17678,4859847,4860098,251,CDS
17679,4861269,4895749,34480,gene
17680,4861269,4861679,410,mRNA
17681,4861737,4861940,203,mRNA
17682,4863292,4863333,41,mRNA
17683,4863409,4863678,269,mRNA
17684,4863732,4863898,166,mRNA
17685,4863959,4864059,100,mRNA
17686,4864120,4864267,147,mRNA
17687,4865065,4865181,116,mRNA
17688,4865893,4866059,166,mRNA
17689,4866123,4866414,291,mRNA
17690,4866467,4866886,419,mRNA
17691,4866943,4867108,165,mRNA
17692,4867169,4867383,214,mRNA
17693,4868471,4868661,190,mRNA
17694,4868889,4869073,184,mRNA
17695,4870144,4870261,117,mRNA
17696,4870330,4870477,147,mRNA
17697,4870623,4870780,157,mRNA
17698,4871095,4871161,66,mRNA
17699,4872111,4873001,890,mRNA
17700,4873080,4873184,104,mRNA
17701,4873248,4873418,170,mRNA
17702,4873761,4873908,147,mRNA
17703,4874281,4874379,98,mRNA
17704,4874448,4874562,114,mRNA
17705,4875739,4875907,168,mRNA
17706,4879018,4879211,193,mRNA
17707,4880004,4880206,202,mRNA
17708,4881500,4881687,187,mRNA
17709,4882022,4882192,170,mRNA
17710,4882414,4883619,1205,mRNA
17711,4883685,4883828,143,mRNA
17712,4883953,4884135,182,mRNA
17713,4884679,4884884,205,mRNA
17714,4884952,4885266,314,mRNA
17715,4885338,4885569,231,mRNA
17716,4886853,4886978,125,mRNA
17717,4887326,4888710,1384,mRNA
17718,4888778,4888925,147,mRNA
17719,4889139,4889349,210,mRNA
17720,4889406,4889540,134,mRNA
17721,4889613,4889785,172,mRNA
17722,4890463,4890630,167,mRNA
17723,4891045,4891604,559,mRNA
17724,4891739,4891913,174,mRNA
17725,4891996,4892168,172,mRNA
17726,4892401,4892883,482,mRNA
17727,4892962,4893141,179,mRNA
17728,4893198,4893357,159,mRNA
17729,4893413,4893822,409,mRNA
17730,4894440,4894650,210,mRNA
17731,4894968,4895749,781,mRNA
17732,4861304,4861679,375,mRNA
17733,4861737,4861940,203,mRNA
17734,4863292,4863333,41,mRNA
17735,4863409,4863678,269,mRNA
17736,4863732,4863898,166,mRNA
17737,4863959,4864059,100,mRNA
17738,4864120,4864615,495,mRNA
17739,4861460,4861679,219,CDS
17740,4861737,4861940,203,CDS
17741,4863292,4863333,41,CDS
17742,4863409,4863678,269,CDS
17743,4863732,4863898,166,CDS
17744,4863959,4864059,100,CDS
17745,4864120,4864267,147,CDS
17746,4865065,4865181,116,CDS
17747,4865893,4866059,166,CDS
17748,4866123,4866414,291,CDS
17749,4866467,4866886,419,CDS
17750,4866943,4867108,165,CDS
17751,4867169,4867383,214,CDS
17752,4868471,4868661,190,CDS
17753,4868889,4869073,184,CDS
17754,4870144,4870261,117,CDS
17755,4870330,4870477,147,CDS
17756,4870623,4870780,157,CDS
17757,4871095,4871161,66,CDS
17758,4872111,4873001,890,CDS
17759,4873080,4873184,104,CDS
17760,4873248,4873418,170,CDS
17761,4873761,4873908,147,CDS
17762,4874281,4874379,98,CDS
17763,4874448,4874562,114,CDS
17764,4875739,4875907,168,CDS
17765,4879018,4879211,193,CDS
17766,4880004,4880206,202,CDS
17767,4881500,4881687,187,CDS
17768,4882022,4882192,170,CDS
17769,4882414,4883619,1205,CDS
17770,4883685,4883828,143,CDS
17771,4883953,4884135,182,CDS
17772,4884679,4884884,205,CDS
17773,4884952,4885266,314,CDS
17774,4885338,4885569,231,CDS
17775,4886853,4886978,125,CDS
17776,4887326,4888710,1384,CDS
17777,4888778,4888925,147,CDS
17778,4889139,4889349,210,CDS
17779,4889406,4889540,134,CDS
17780,4889613,4889785,172,CDS
17781,4890463,4890630,167,CDS
17782,4891045,4891604,559,CDS
17783,4891739,4891913,174,CDS
17784,4891996,4892168,172,CDS
17785,4892401,4892883,482,CDS
17786,4892962,4893141,179,CDS
17787,4893198,4893357,159,CDS
17788,4893413,4893822,409,CDS
17789,4894440,4894650,210,CDS
17790,4894968,4895291,323,CDS
17791,4861460,4861679,219,CDS
17792,4861737,4861940,203,CDS
17793,4863292,4863333,41,CDS
17794,4863409,4863678,269,CDS
17795,4863732,4863898,166,CDS
17796,4863959,4864059,100,CDS
17797,4864120,4864288,168,CDS
17798,4896864,4898470,1606,gene
17799,4896864,4896918,54,mRNA
17800,4896990,4898470,1480,mRNA
17801,4896916,4896918,2,CDS
17802,4896990,4898285,1295,CDS
17803,4898900,4900869,1969,gene
17804,4898900,4899042,142,mRNA
17805,4900277,4900360,83,mRNA
17806,4900415,4900869,454,mRNA
17807,4898997,4899042,45,CDS
17808,4900277,4900360,83,CDS
17809,4900415,4900695,280,CDS
17810,4901183,4907314,6131,mobile_element
17811,4910368,4920198,9830,gene
17812,4910368,4910862,494,mRNA
17813,4912672,4912840,168,mRNA
17814,4913454,4913619,165,mRNA
17815,4913695,4913956,261,mRNA
17816,4917457,4917647,190,mRNA
17817,4918320,4918514,194,mRNA
17818,4918596,4918689,93,mRNA
17819,4918759,4918861,102,mRNA
17820,4919101,4920198,1097,mRNA
17821,4910368,4910862,494,mRNA
17822,4912672,4912840,168,mRNA
17823,4913454,4913619,165,mRNA
17824,4913695,4913956,261,mRNA
17825,4917457,4917647,190,mRNA
17826,4918320,4918514,194,mRNA
17827,4918596,4918689,93,mRNA
17828,4918759,4918861,102,mRNA
17829,4919101,4919399,298,mRNA
17830,4910368,4910862,494,mRNA
17831,4912672,4912840,168,mRNA
17832,4913454,4913619,165,mRNA
17833,4913695,4913956,261,mRNA
17834,4917457,4917647,190,mRNA
17835,4918320,4918514,194,mRNA
17836,4918596,4918689,93,mRNA
17837,4918759,4919022,263,mRNA
17838,4910694,4910862,168,CDS
17839,4912672,4912840,168,CDS
17840,4913454,4913619,165,CDS
17841,4913695,4913956,261,CDS
17842,4917457,4917647,190,CDS
17843,4918320,4918514,194,CDS
17844,4918596,4918689,93,CDS
17845,4918759,4918861,102,CDS
17846,4919101,4919134,33,CDS
17847,4910694,4910862,168,CDS
17848,4912672,4912840,168,CDS
17849,4913454,4913619,165,CDS
17850,4913695,4913956,261,CDS
17851,4917457,4917647,190,CDS
17852,4918320,4918514,194,CDS
17853,4918596,4918689,93,CDS
17854,4918759,4918861,102,CDS
17855,4919101,4919134,33,CDS
17856,4910694,4910862,168,CDS
17857,4912672,4912840,168,CDS
17858,4913454,4913619,165,CDS
17859,4913695,4913956,261,CDS
17860,4917457,4917647,190,CDS
17861,4918320,4918514,194,CDS
17862,4918596,4918689,93,CDS
17863,4918759,4918862,103,CDS
17864,4929295,4931138,1843,gene
17865,4930920,4931138,218,ncRNA
17866,4929295,4929875,580,ncRNA
17867,4930920,4931138,218,ncRNA
17868,4929893,4930692,799,ncRNA
17869,4936758,5079033,142275,gene
17870,5078297,5079033,736,mRNA
17871,5065392,5065418,26,mRNA
17872,5045392,5045425,33,mRNA
17873,4987077,4987168,91,mRNA
17874,4963117,4963190,73,mRNA
17875,4955826,4956883,1057,mRNA
17876,4952891,4953107,216,mRNA
17877,4936758,4940106,3348,mRNA
17878,4975818,4976176,358,mRNA
17879,4963117,4963190,73,mRNA
17880,4955826,4956883,1057,mRNA
17881,4952891,4953107,216,mRNA
17882,4938057,4940106,2049,mRNA
17883,4955826,4956845,1019,CDS
17884,4952891,4953107,216,CDS
17885,4939268,4940106,838,CDS
17886,4955826,4956845,1019,CDS
17887,4952891,4953107,216,CDS
17888,4939268,4940106,838,CDS
17889,4980003,4980769,766,gene
17890,4980003,4980769,766,mRNA
17891,4980095,4980637,542,CDS
17892,4980832,4981599,767,gene
17893,4980832,4981599,767,ncRNA
17894,4993950,4996877,2927,gene
17895,4993950,4996877,2927,mRNA
17896,4993950,4996877,2927,CDS
17897,5011444,5012133,689,gene
17898,5011800,5012133,333,mRNA
17899,5011444,5011744,300,mRNA
17900,5011800,5012095,295,CDS
17901,5011597,5011744,147,CDS
17902,5029435,5029493,58,mobile_element
17903,5034214,5043307,9093,mobile_element
17904,5045511,5050232,4721,mobile_element
17905,5050838,5051438,600,gene
17906,5051132,5051438,306,ncRNA
17907,5050838,5051054,216,ncRNA
17908,5085580,5086229,649,gene
17909,5086009,5086229,220,ncRNA
17910,5085580,5085934,354,ncRNA
17911,5098376,5099795,1419,gene
17912,5099544,5099795,251,ncRNA
17913,5098376,5099438,1062,ncRNA
17914,5104538,5107766,3228,mobile_element
17915,5115368,5119249,3881,mobile_element
17916,5119260,5122056,2796,mobile_element
17917,5122064,5124611,2547,mobile_element
17918,5129674,5130240,566,gene
17919,5129674,5130240,566,mRNA
17920,5129674,5130240,566,CDS
17921,5131545,5132127,582,gene
17922,5131545,5131621,76,mRNA
17923,5131760,5132127,367,mRNA
17924,5131604,5131621,17,CDS
17925,5131760,5131933,173,CDS
17926,5132796,5133220,424,gene
17927,5133128,5133220,92,mRNA
17928,5132796,5133068,272,mRNA
17929,5133128,5133145,17,CDS
17930,5132898,5133068,170,CDS
17931,5133871,5135670,1799,gene
17932,5133871,5133939,68,mRNA
17933,5134346,5135670,1324,mRNA
17934,5134220,5135670,1450,mRNA
17935,5134220,5135670,1450,mRNA
17936,5134391,5135506,1115,CDS
17937,5134391,5135434,1043,CDS
17938,5134391,5135434,1043,CDS
17939,5135542,5136224,682,gene
17940,5135542,5135610,68,ncRNA
17941,5135669,5135749,80,ncRNA
17942,5135823,5136018,195,ncRNA
17943,5136090,5136224,134,ncRNA
17944,5135748,5136292,544,gene
17945,5136078,5136292,214,mRNA
17946,5135748,5136010,262,mRNA
17947,5136078,5136233,155,CDS
17948,5135840,5136010,170,CDS
17949,5136376,5138679,2303,gene
17950,5136376,5138292,1916,mRNA
17951,5138349,5138679,330,mRNA
17952,5136472,5138292,1820,CDS
17953,5138349,5138639,290,CDS
17954,5138652,5139395,743,gene
17955,5138652,5139395,743,mRNA
17956,5138680,5139354,674,CDS
17957,5139619,5140473,854,gene
17958,5139619,5140473,854,mRNA
17959,5139745,5140383,638,CDS
17960,5140440,5141646,1206,gene
17961,5141306,5141646,340,mRNA
17962,5140840,5141242,402,mRNA
17963,5140440,5140777,337,mRNA
17964,5141306,5141550,244,CDS
17965,5140840,5141242,402,CDS
17966,5140472,5140777,305,CDS
17967,5141953,5144317,2364,gene
17968,5141953,5142427,474,mRNA
17969,5143073,5143265,192,mRNA
17970,5143324,5143497,173,mRNA
17971,5143563,5144317,754,mRNA
17972,5141953,5142427,474,mRNA
17973,5143073,5143265,192,mRNA
17974,5143324,5143497,173,mRNA
17975,5143563,5144021,458,mRNA
17976,5144108,5144317,209,mRNA
17977,5141953,5142427,474,mRNA
17978,5143073,5143262,189,mRNA
17979,5143324,5143497,173,mRNA
17980,5143563,5144317,754,mRNA
17981,5142305,5142427,122,CDS
17982,5143073,5143265,192,CDS
17983,5143324,5143497,173,CDS
17984,5143563,5144021,458,CDS
17985,5144108,5144121,13,CDS
17986,5142305,5142427,122,CDS
17987,5143073,5143265,192,CDS
17988,5143324,5143497,173,CDS
17989,5143563,5144056,493,CDS
17990,5142305,5142427,122,CDS
17991,5143073,5143262,189,CDS
17992,5143324,5143497,173,CDS
17993,5143563,5144056,493,CDS
17994,5142520,5142780,260,gene
17995,5142520,5142780,260,ncRNA
17996,5144082,5146063,1981,gene
17997,5145873,5146063,190,mRNA
17998,5145195,5145798,603,mRNA
17999,5144082,5145135,1053,mRNA
18000,5145195,5146063,868,mRNA
18001,5144082,5145135,1053,mRNA
18002,5145195,5145897,702,CDS
18003,5144396,5145135,739,CDS
18004,5145195,5145726,531,CDS
18005,5144396,5145135,739,CDS
18006,5146098,5149852,3754,gene
18007,5146098,5146362,264,mRNA
18008,5146425,5146598,173,mRNA
18009,5146658,5146803,145,mRNA
18010,5146858,5147061,203,mRNA
18011,5147122,5147406,284,mRNA
18012,5147462,5148456,994,mRNA
18013,5148515,5148671,156,mRNA
18014,5148730,5149015,285,mRNA
18015,5149078,5149298,220,mRNA
18016,5149353,5149852,499,mRNA
18017,5146195,5146362,167,CDS
18018,5146425,5146598,173,CDS
18019,5146658,5146803,145,CDS
18020,5146858,5147061,203,CDS
18021,5147122,5147406,284,CDS
18022,5147462,5148456,994,CDS
18023,5148515,5148671,156,CDS
18024,5148730,5149015,285,CDS
18025,5149078,5149298,220,CDS
18026,5149353,5149755,402,CDS
18027,5149849,5152376,2527,gene
18028,5152144,5152376,232,mRNA
18029,5151770,5152076,306,mRNA
18030,5151415,5151704,289,mRNA
18031,5151179,5151346,167,mRNA
18032,5149849,5151123,1274,mRNA
18033,5152144,5152301,157,CDS
18034,5151770,5152076,306,CDS
18035,5151415,5151704,289,CDS
18036,5151179,5151346,167,CDS
18037,5149866,5151123,1257,CDS
18038,5152678,5154777,2099,gene
18039,5152678,5153763,1085,mRNA
18040,5153849,5154777,928,mRNA
18041,5152846,5153763,917,CDS
18042,5153849,5154457,608,CDS
18043,5155821,5277944,122123,gene
18044,5248195,5248448,253,mRNA
18045,5247554,5247843,289,mRNA
18046,5218950,5219285,335,mRNA
18047,5170187,5170440,253,mRNA
18048,5168250,5168302,52,mRNA
18049,5166935,5167059,124,mRNA
18050,5163834,5163975,141,mRNA
18051,5163345,5163703,358,mRNA
18052,5162967,5163149,182,mRNA
18053,5162456,5162631,175,mRNA
18054,5161768,5161803,35,mRNA
18055,5155821,5161601,5780,mRNA
18056,5184215,5184797,582,mRNA
18057,5170187,5170440,253,mRNA
18058,5168244,5168302,58,mRNA
18059,5166935,5167059,124,mRNA
18060,5163834,5163969,135,mRNA
18061,5163345,5163703,358,mRNA
18062,5162967,5163131,164,mRNA
18063,5162456,5162610,154,mRNA
18064,5155821,5161601,5780,mRNA
18065,5277614,5277944,330,mRNA
18066,5276155,5276363,208,mRNA
18067,5218950,5219285,335,mRNA
18068,5200331,5200366,35,mRNA
18069,5170187,5170440,253,mRNA
18070,5168244,5168302,58,mRNA
18071,5166968,5167059,91,mRNA
18072,5163834,5163975,141,mRNA
18073,5163345,5163703,358,mRNA
18074,5162967,5163149,182,mRNA
18075,5162456,5162610,154,mRNA
18076,5157908,5161601,3693,mRNA
18077,5184215,5184797,582,mRNA
18078,5170187,5170440,253,mRNA
18079,5168244,5168302,58,mRNA
18080,5166935,5167059,124,mRNA
18081,5163834,5163969,135,mRNA
18082,5163345,5163703,358,mRNA
18083,5162967,5163149,182,mRNA
18084,5162456,5162610,154,mRNA
18085,5158795,5161601,2806,mRNA
18086,5277614,5277944,330,mRNA
18087,5276155,5276363,208,mRNA
18088,5218950,5219285,335,mRNA
18089,5170187,5170440,253,mRNA
18090,5168244,5168302,58,mRNA
18091,5166968,5167059,91,mRNA
18092,5163834,5163975,141,mRNA
18093,5163345,5163703,358,mRNA
18094,5162967,5163149,182,mRNA
18095,5162456,5162610,154,mRNA
18096,5160686,5161601,915,mRNA
18097,5271340,5273334,1994,mRNA
18098,5218950,5219285,335,mRNA
18099,5170187,5170440,253,mRNA
18100,5168250,5168302,52,mRNA
18101,5166935,5167059,124,mRNA
18102,5163834,5163975,141,mRNA
18103,5163345,5163703,358,mRNA
18104,5162967,5163149,182,mRNA
18105,5162456,5162631,175,mRNA
18106,5161768,5161808,40,mRNA
18107,5160686,5161601,915,mRNA
18108,5201065,5201412,347,mRNA
18109,5170187,5170440,253,mRNA
18110,5168244,5168302,58,mRNA
18111,5166935,5167059,124,mRNA
18112,5163834,5163975,141,mRNA
18113,5163345,5163703,358,mRNA
18114,5162967,5163149,182,mRNA
18115,5162456,5162610,154,mRNA
18116,5160686,5161601,915,mRNA
18117,5184215,5184797,582,mRNA
18118,5170187,5170440,253,mRNA
18119,5168244,5168302,58,mRNA
18120,5166935,5167059,124,mRNA
18121,5163834,5163975,141,mRNA
18122,5163345,5163703,358,mRNA
18123,5162967,5163149,182,mRNA
18124,5162456,5162610,154,mRNA
18125,5160686,5161601,915,mRNA
18126,5276155,5276322,167,CDS
18127,5218950,5219285,335,CDS
18128,5170187,5170440,253,CDS
18129,5168244,5168302,58,CDS
18130,5166968,5167059,91,CDS
18131,5163834,5163975,141,CDS
18132,5163345,5163703,358,CDS
18133,5162967,5163149,182,CDS
18134,5162467,5162610,143,CDS
18135,5276155,5276322,167,CDS
18136,5218950,5219285,335,CDS
18137,5200331,5200366,35,CDS
18138,5170187,5170440,253,CDS
18139,5168244,5168302,58,CDS
18140,5166968,5167059,91,CDS
18141,5163834,5163975,141,CDS
18142,5163345,5163703,358,CDS
18143,5162967,5163149,182,CDS
18144,5162467,5162610,143,CDS
18145,5218950,5219168,218,CDS
18146,5170187,5170440,253,CDS
18147,5168250,5168302,52,CDS
18148,5166935,5167059,124,CDS
18149,5163834,5163975,141,CDS
18150,5163345,5163703,358,CDS
18151,5162967,5163149,182,CDS
18152,5162467,5162631,164,CDS
18153,5218950,5219168,218,CDS
18154,5170187,5170440,253,CDS
18155,5168250,5168302,52,CDS
18156,5166935,5167059,124,CDS
18157,5163834,5163975,141,CDS
18158,5163345,5163703,358,CDS
18159,5162967,5163149,182,CDS
18160,5162467,5162631,164,CDS
18161,5170187,5170314,127,CDS
18162,5168244,5168302,58,CDS
18163,5166935,5167059,124,CDS
18164,5163834,5163969,135,CDS
18165,5163345,5163703,358,CDS
18166,5162967,5163131,164,CDS
18167,5162467,5162610,143,CDS
18168,5170187,5170314,127,CDS
18169,5168244,5168302,58,CDS
18170,5166935,5167059,124,CDS
18171,5163834,5163969,135,CDS
18172,5163345,5163703,358,CDS
18173,5162967,5163149,182,CDS
18174,5162467,5162610,143,CDS
18175,5170187,5170314,127,CDS
18176,5168244,5168302,58,CDS
18177,5166935,5167059,124,CDS
18178,5163834,5163975,141,CDS
18179,5163345,5163703,358,CDS
18180,5162967,5163149,182,CDS
18181,5162467,5162610,143,CDS
18182,5170187,5170314,127,CDS
18183,5168244,5168302,58,CDS
18184,5166935,5167059,124,CDS
18185,5163834,5163975,141,CDS
18186,5163345,5163703,358,CDS
18187,5162967,5163149,182,CDS
18188,5162467,5162610,143,CDS
18189,5234483,5236631,2148,gene
18190,5234483,5234721,238,mRNA
18191,5234770,5236631,1861,mRNA
18192,5234627,5234721,94,CDS
18193,5234770,5236510,1740,CDS
18194,5299207,5306585,7378,mobile_element
18195,5316213,5316451,238,gene
18196,5316213,5316451,238,ncRNA
18197,5334846,5335103,257,gene
18198,5334846,5335103,257,ncRNA
18199,5342084,5342165,81,gene
18200,5342084,5342165,81,tRNA
18201,5343619,5355923,12304,gene
18202,5355694,5355923,229,mRNA
18203,5347628,5347683,55,mRNA
18204,5345837,5346500,663,mRNA
18205,5345656,5345772,116,mRNA
18206,5343619,5345595,1976,mRNA
18207,5354615,5355346,731,mRNA
18208,5347628,5347683,55,mRNA
18209,5345837,5346500,663,mRNA
18210,5345656,5345772,116,mRNA
18211,5343619,5345595,1976,mRNA
18212,5354615,5355346,731,mRNA
18213,5353679,5353787,108,mRNA
18214,5347628,5347683,55,mRNA
18215,5345837,5346500,663,mRNA
18216,5345656,5345772,116,mRNA
18217,5343619,5345595,1976,mRNA
18218,5351319,5351479,160,mRNA
18219,5347628,5347683,55,mRNA
18220,5345837,5346500,663,mRNA
18221,5345656,5345772,116,mRNA
18222,5343619,5345595,1976,mRNA
18223,5345837,5346096,259,CDS
18224,5345656,5345772,116,CDS
18225,5343996,5345595,1599,CDS
18226,5345837,5346096,259,CDS
18227,5345656,5345772,116,CDS
18228,5343996,5345595,1599,CDS
18229,5345837,5346096,259,CDS
18230,5345656,5345772,116,CDS
18231,5343996,5345595,1599,CDS
18232,5345837,5346096,259,CDS
18233,5345656,5345772,116,CDS
18234,5343996,5345595,1599,CDS
18235,5356343,5356415,72,gene
18236,5356343,5356415,72,tRNA
18237,5356662,5356734,72,gene
18238,5356662,5356734,72,tRNA
18239,5356864,5359392,2528,gene
18240,5356864,5359392,2528,mRNA
18241,5357221,5359254,2033,CDS
18242,5360211,5362798,2587,gene
18243,5360211,5360411,200,mRNA
18244,5360692,5360739,47,mRNA
18245,5360877,5361025,148,mRNA
18246,5361493,5361625,132,mRNA
18247,5361695,5361988,293,mRNA
18248,5362103,5362798,695,mRNA
18249,5360211,5360411,200,mRNA
18250,5360692,5360739,47,mRNA
18251,5360877,5361025,148,mRNA
18252,5361493,5361625,132,mRNA
18253,5361695,5361988,293,mRNA
18254,5362103,5362422,319,mRNA
18255,5360340,5360411,71,CDS
18256,5360692,5360739,47,CDS
18257,5360877,5361025,148,CDS
18258,5361493,5361625,132,CDS
18259,5361695,5361988,293,CDS
18260,5362103,5362330,227,CDS
18261,5360340,5360411,71,CDS
18262,5360692,5360739,47,CDS
18263,5360877,5361025,148,CDS
18264,5361493,5361625,132,CDS
18265,5361695,5361988,293,CDS
18266,5362103,5362330,227,CDS
18267,5362884,5366225,3341,gene
18268,5365354,5365561,207,mRNA
18269,5364943,5365085,142,mRNA
18270,5364084,5364209,125,mRNA
18271,5362884,5364015,1131,mRNA
18272,5366129,5366182,53,mRNA
18273,5364943,5365085,142,mRNA
18274,5364084,5364209,125,mRNA
18275,5363150,5364015,865,mRNA
18276,5366129,5366225,96,mRNA
18277,5364943,5365085,142,mRNA
18278,5364084,5364209,125,mRNA
18279,5363186,5364015,829,mRNA
18280,5366129,5366156,27,CDS
18281,5364943,5365085,142,CDS
18282,5364084,5364209,125,CDS
18283,5363875,5364015,140,CDS
18284,5366129,5366156,27,CDS
18285,5364943,5365085,142,CDS
18286,5364084,5364209,125,CDS
18287,5363875,5364015,140,CDS
18288,5364943,5364987,44,CDS
18289,5364084,5364209,125,CDS
18290,5363875,5364015,140,CDS
18291,5366455,5367381,926,gene
18292,5366455,5366735,280,mRNA
18293,5366805,5367381,576,mRNA
18294,5366599,5366735,136,CDS
18295,5366805,5367318,513,CDS
18296,5367341,5368008,667,gene
18297,5367900,5368008,108,mRNA
18298,5367341,5367774,433,mRNA
18299,5367900,5367944,44,CDS
18300,5367403,5367774,371,CDS
18301,5369365,5370312,947,gene
18302,5369365,5369428,63,ncRNA
18303,5369550,5370148,598,ncRNA
18304,5369550,5370312,762,ncRNA
18305,5369550,5369720,170,ncRNA
18306,5369784,5370148,364,ncRNA
18307,5371247,5371636,389,gene
18308,5371247,5371636,389,ncRNA
18309,5377814,5378407,593,gene
18310,5377814,5378407,593,ncRNA
18311,5378786,5382821,4035,gene
18312,5382306,5382821,515,mRNA
18313,5381770,5382047,277,mRNA
18314,5380909,5381065,156,mRNA
18315,5379661,5380653,992,mRNA
18316,5379379,5379603,224,mRNA
18317,5379151,5379320,169,mRNA
18318,5378986,5379088,102,mRNA
18319,5378786,5378923,137,mRNA
18320,5382306,5382821,515,CDS
18321,5381770,5382047,277,CDS
18322,5380909,5381065,156,CDS
18323,5379661,5380653,992,CDS
18324,5379379,5379603,224,CDS
18325,5379151,5379320,169,CDS
18326,5378986,5379088,102,CDS
18327,5378786,5378923,137,CDS
18328,5424109,5442399,18290,gene
18329,5424109,5424275,166,mRNA
18330,5429163,5429628,465,mRNA
18331,5431632,5431738,106,mRNA
18332,5433022,5433226,204,mRNA
18333,5433291,5433452,161,mRNA
18334,5433727,5433855,128,mRNA
18335,5435588,5435678,90,mRNA
18336,5436229,5436312,83,mRNA
18337,5436523,5436632,109,mRNA
18338,5437713,5437775,62,mRNA
18339,5439190,5439471,281,mRNA
18340,5439531,5442399,2868,mRNA
18341,5424109,5424275,166,mRNA
18342,5429163,5429628,465,mRNA
18343,5431632,5431738,106,mRNA
18344,5433022,5433226,204,mRNA
18345,5433291,5433452,161,mRNA
18346,5433727,5433855,128,mRNA
18347,5435588,5435678,90,mRNA
18348,5436229,5436312,83,mRNA
18349,5436523,5436632,109,mRNA
18350,5437713,5437775,62,mRNA
18351,5439190,5439471,281,mRNA
18352,5439531,5439803,272,mRNA
18353,5429514,5429628,114,CDS
18354,5431632,5431738,106,CDS
18355,5433022,5433226,204,CDS
18356,5433291,5433452,161,CDS
18357,5433727,5433855,128,CDS
18358,5435588,5435678,90,CDS
18359,5436229,5436312,83,CDS
18360,5436523,5436632,109,CDS
18361,5437713,5437775,62,CDS
18362,5439190,5439471,281,CDS
18363,5439531,5439592,61,CDS
18364,5429514,5429628,114,CDS
18365,5431632,5431738,106,CDS
18366,5433022,5433226,204,CDS
18367,5433291,5433452,161,CDS
18368,5433727,5433855,128,CDS
18369,5435588,5435678,90,CDS
18370,5436229,5436312,83,CDS
18371,5436523,5436632,109,CDS
18372,5437713,5437775,62,CDS
18373,5439190,5439471,281,CDS
18374,5439531,5439592,61,CDS
18375,5436159,5436312,153,mRNA
18376,5436523,5436632,109,mRNA
18377,5437713,5437775,62,mRNA
18378,5439190,5439471,281,mRNA
18379,5439531,5439803,272,mRNA
18380,5436260,5436312,52,CDS
18381,5436523,5436632,109,CDS
18382,5437713,5437775,62,CDS
18383,5439190,5439471,281,CDS
18384,5439531,5439592,61,CDS
18385,5458116,5466659,8543,mobile_element
18386,5479790,5483663,3873,gene
18387,5479790,5479856,66,mRNA
18388,5479996,5483663,3667,mRNA
18389,5479850,5479856,6,CDS
18390,5479996,5483663,3667,CDS
18391,5493415,5494740,1325,gene
18392,5493415,5494740,1325,ncRNA
18393,5497523,5498958,1435,gene
18394,5498728,5498958,230,mRNA
18395,5497523,5498559,1036,mRNA
18396,5498728,5498848,120,CDS
18397,5497706,5498559,853,CDS
18398,5499594,5500088,494,gene
18399,5499594,5500088,494,ncRNA
18400,5501102,5501469,367,gene
18401,5501102,5501469,367,ncRNA
18402,5503528,5510860,7332,gene
18403,5510796,5510860,64,mRNA
18404,5510119,5510477,358,mRNA
18405,5509886,5510014,128,mRNA
18406,5508358,5508477,119,mRNA
18407,5507694,5507792,98,mRNA
18408,5507393,5507549,156,mRNA
18409,5505532,5505675,143,mRNA
18410,5504974,5505093,119,mRNA
18411,5503858,5504121,263,mRNA
18412,5503528,5503693,165,mRNA
18413,5510796,5510860,64,mRNA
18414,5510119,5510477,358,mRNA
18415,5509886,5510014,128,mRNA
18416,5508358,5508477,119,mRNA
18417,5507694,5507792,98,mRNA
18418,5507393,5507549,156,mRNA
18419,5506099,5506288,189,mRNA
18420,5505532,5505675,143,mRNA
18421,5504974,5505093,119,mRNA
18422,5503858,5504121,263,mRNA
18423,5503528,5503693,165,mRNA
18424,5510796,5510820,24,CDS
18425,5510119,5510477,358,CDS
18426,5509886,5510014,128,CDS
18427,5508358,5508477,119,CDS
18428,5507694,5507792,98,CDS
18429,5507393,5507549,156,CDS
18430,5506099,5506288,189,CDS
18431,5505532,5505675,143,CDS
18432,5504974,5505093,119,CDS
18433,5503858,5504121,263,CDS
18434,5503582,5503693,111,CDS
18435,5510796,5510820,24,CDS
18436,5510119,5510477,358,CDS
18437,5509886,5510014,128,CDS
18438,5508358,5508477,119,CDS
18439,5507694,5507792,98,CDS
18440,5507393,5507549,156,CDS
18441,5505596,5505675,79,CDS
18442,5512421,5529341,16920,gene
18443,5528951,5529341,390,mRNA
18444,5518505,5518719,214,mRNA
18445,5517552,5517754,202,mRNA
18446,5515956,5516104,148,mRNA
18447,5515745,5515866,121,mRNA
18448,5515449,5515675,226,mRNA
18449,5515185,5515376,191,mRNA
18450,5512421,5513851,1430,mRNA
18451,5518505,5518577,72,CDS
18452,5517552,5517754,202,CDS
18453,5515956,5516104,148,CDS
18454,5515745,5515866,121,CDS
18455,5515449,5515675,226,CDS
18456,5515185,5515376,191,CDS
18457,5513189,5513851,662,CDS
18458,5533968,5535759,1791,gene
18459,5535613,5535759,146,mRNA
18460,5535437,5535542,105,mRNA
18461,5534983,5535270,287,mRNA
18462,5533968,5534407,439,mRNA
18463,5535613,5535657,44,CDS
18464,5535437,5535542,105,CDS
18465,5534983,5535270,287,CDS
18466,5534382,5534407,25,CDS
18467,5535613,5535759,146,mRNA
18468,5535437,5535542,105,mRNA
18469,5534737,5535270,533,mRNA
18470,5535613,5535657,44,CDS
18471,5535437,5535542,105,CDS
18472,5534825,5535270,445,CDS
18473,5537783,5538058,275,mobile_element
18474,5538411,5551159,12748,gene
18475,5550784,5551159,375,mRNA
18476,5544972,5545101,129,mRNA
18477,5541334,5541372,38,mRNA
18478,5541079,5541267,188,mRNA
18479,5540952,5541014,62,mRNA
18480,5540620,5540886,266,mRNA
18481,5539304,5540559,1255,mRNA
18482,5538411,5539261,850,mRNA
18483,5551128,5551154,26,mRNA
18484,5550784,5550911,127,mRNA
18485,5544972,5545101,129,mRNA
18486,5543619,5543947,328,mRNA
18487,5543237,5543465,228,mRNA
18488,5542491,5543174,683,mRNA
18489,5541367,5541372,5,mRNA
18490,5541079,5541210,131,mRNA
18491,5540952,5541014,62,mRNA
18492,5540620,5540886,266,mRNA
18493,5540491,5540559,68,mRNA
18494,5540176,5540248,72,mRNA
18495,5538411,5539853,1442,mRNA
18496,5551128,5551159,31,mRNA
18497,5550784,5550911,127,mRNA
18498,5544972,5545101,129,mRNA
18499,5541334,5541372,38,mRNA
18500,5541079,5541267,188,mRNA
18501,5540952,5541014,62,mRNA
18502,5540620,5540886,266,mRNA
18503,5540491,5540559,68,mRNA
18504,5540176,5540248,72,mRNA
18505,5538632,5539853,1221,mRNA
18506,5551100,5551159,59,mRNA
18507,5550784,5550911,127,mRNA
18508,5544972,5545101,129,mRNA
18509,5543619,5543947,328,mRNA
18510,5543237,5543465,228,mRNA
18511,5542491,5543174,683,mRNA
18512,5541334,5541372,38,mRNA
18513,5541079,5541267,188,mRNA
18514,5540952,5541014,62,mRNA
18515,5540620,5540886,266,mRNA
18516,5540491,5540559,68,mRNA
18517,5540176,5540248,72,mRNA
18518,5538632,5539853,1221,mRNA
18519,5550784,5551159,375,mRNA
18520,5544972,5545101,129,mRNA
18521,5541334,5541372,38,mRNA
18522,5541079,5541267,188,mRNA
18523,5540952,5541014,62,mRNA
18524,5540620,5540886,266,mRNA
18525,5540491,5540559,68,mRNA
18526,5540176,5540248,72,mRNA
18527,5538632,5539853,1221,mRNA
18528,5550784,5551159,375,mRNA
18529,5544972,5545101,129,mRNA
18530,5541334,5541372,38,mRNA
18531,5541079,5541267,188,mRNA
18532,5540952,5541014,62,mRNA
18533,5540620,5540886,266,mRNA
18534,5538632,5540559,1927,mRNA
18535,5550784,5551159,375,mRNA
18536,5544972,5545101,129,mRNA
18537,5543619,5543947,328,mRNA
18538,5543237,5543465,228,mRNA
18539,5542491,5543174,683,mRNA
18540,5541334,5541372,38,mRNA
18541,5541079,5541267,188,mRNA
18542,5540952,5541014,62,mRNA
18543,5540620,5540886,266,mRNA
18544,5538632,5540559,1927,mRNA
18545,5550784,5550930,146,mRNA
18546,5544972,5545101,129,mRNA
18547,5543619,5543947,328,mRNA
18548,5543237,5543465,228,mRNA
18549,5542491,5543174,683,mRNA
18550,5541334,5541372,38,mRNA
18551,5541079,5541267,188,mRNA
18552,5540952,5541014,62,mRNA
18553,5540620,5540886,266,mRNA
18554,5540491,5540559,68,mRNA
18555,5540176,5540248,72,mRNA
18556,5538632,5539853,1221,mRNA
18557,5550784,5550807,23,CDS
18558,5544972,5545101,129,CDS
18559,5541334,5541372,38,CDS
18560,5541079,5541267,188,CDS
18561,5540952,5541014,62,CDS
18562,5540620,5540886,266,CDS
18563,5539304,5540559,1255,CDS
18564,5538971,5539261,290,CDS
18565,5550784,5550807,23,CDS
18566,5544972,5545101,129,CDS
18567,5541334,5541372,38,CDS
18568,5541079,5541267,188,CDS
18569,5540952,5541014,62,CDS
18570,5540620,5540886,266,CDS
18571,5538971,5540559,1588,CDS
18572,5550784,5550807,23,CDS
18573,5544972,5545101,129,CDS
18574,5543619,5543947,328,CDS
18575,5543237,5543465,228,CDS
18576,5542491,5543174,683,CDS
18577,5541334,5541372,38,CDS
18578,5541079,5541267,188,CDS
18579,5540952,5541014,62,CDS
18580,5540620,5540886,266,CDS
18581,5538971,5540559,1588,CDS
18582,5550784,5550807,23,CDS
18583,5544972,5545101,129,CDS
18584,5541334,5541372,38,CDS
18585,5541079,5541267,188,CDS
18586,5540952,5541014,62,CDS
18587,5540620,5540886,266,CDS
18588,5540491,5540559,68,CDS
18589,5540223,5540248,25,CDS
18590,5550784,5550807,23,CDS
18591,5544972,5545101,129,CDS
18592,5541334,5541372,38,CDS
18593,5541079,5541267,188,CDS
18594,5540952,5541014,62,CDS
18595,5540620,5540886,266,CDS
18596,5540491,5540559,68,CDS
18597,5540223,5540248,25,CDS
18598,5550784,5550807,23,CDS
18599,5544972,5545101,129,CDS
18600,5543619,5543947,328,CDS
18601,5543237,5543465,228,CDS
18602,5542491,5543174,683,CDS
18603,5541367,5541372,5,CDS
18604,5541079,5541210,131,CDS
18605,5540952,5541014,62,CDS
18606,5540620,5540886,266,CDS
18607,5540491,5540559,68,CDS
18608,5540223,5540248,25,CDS
18609,5550784,5550807,23,CDS
18610,5544972,5545101,129,CDS
18611,5543619,5543947,328,CDS
18612,5543237,5543465,228,CDS
18613,5542491,5543174,683,CDS
18614,5541334,5541372,38,CDS
18615,5541079,5541267,188,CDS
18616,5540952,5541014,62,CDS
18617,5540620,5540886,266,CDS
18618,5540491,5540559,68,CDS
18619,5540223,5540248,25,CDS
18620,5550784,5550807,23,CDS
18621,5544972,5545101,129,CDS
18622,5543619,5543947,328,CDS
18623,5543237,5543465,228,CDS
18624,5542491,5543174,683,CDS
18625,5541334,5541372,38,CDS
18626,5541079,5541267,188,CDS
18627,5540952,5541014,62,CDS
18628,5540620,5540886,266,CDS
18629,5540491,5540559,68,CDS
18630,5540223,5540248,25,CDS
18631,5550784,5551159,375,mRNA
18632,5544802,5545101,299,mRNA
18633,5550784,5550930,146,mRNA
18634,5544802,5545101,299,mRNA
18635,5550784,5550807,23,CDS
18636,5544964,5545101,137,CDS
18637,5550784,5550807,23,CDS
18638,5544964,5545101,137,CDS
18639,5559470,5561598,2128,gene
18640,5560746,5561598,852,mRNA
18641,5559470,5560681,1211,mRNA
18642,5560752,5561495,743,CDS
18643,5561701,5563691,1990,gene
18644,5563493,5563691,198,mRNA
18645,5563266,5563395,129,mRNA
18646,5563085,5563184,99,mRNA
18647,5561701,5562871,1170,mRNA
18648,5563493,5563691,198,mRNA
18649,5563266,5563395,129,mRNA
18650,5563085,5563184,99,mRNA
18651,5561783,5562871,1088,mRNA
18652,5563493,5563543,50,CDS
18653,5563266,5563395,129,CDS
18654,5563085,5563184,99,CDS
18655,5561902,5562871,969,CDS
18656,5563493,5563543,50,CDS
18657,5563266,5563395,129,CDS
18658,5563085,5563184,99,CDS
18659,5561902,5562871,969,CDS
18660,5563774,5565103,1329,gene
18661,5563774,5564266,492,mRNA
18662,5564326,5565103,777,mRNA
18663,5563861,5564266,405,CDS
18664,5564326,5564828,502,CDS
18665,5565231,5566765,1534,gene
18666,5565231,5565371,140,mRNA
18667,5565527,5566765,1238,mRNA
18668,5565625,5565864,239,CDS
18669,5566919,5577348,10429,gene
18670,5577151,5577348,197,mRNA
18671,5576838,5576941,103,mRNA
18672,5573641,5573829,188,mRNA
18673,5569117,5569361,244,mRNA
18674,5567732,5568996,1264,mRNA
18675,5566919,5567603,684,mRNA
18676,5577151,5577348,197,mRNA
18677,5576838,5576941,103,mRNA
18678,5573632,5573829,197,mRNA
18679,5569117,5569361,244,mRNA
18680,5567732,5568996,1264,mRNA
18681,5566919,5567603,684,mRNA
18682,5577151,5577348,197,mRNA
18683,5576838,5576941,103,mRNA
18684,5574940,5574966,26,mRNA
18685,5573632,5573829,197,mRNA
18686,5569117,5569361,244,mRNA
18687,5567732,5568996,1264,mRNA
18688,5566919,5567603,684,mRNA
18689,5574940,5575146,206,mRNA
18690,5573632,5573829,197,mRNA
18691,5569117,5569361,244,mRNA
18692,5567732,5568996,1264,mRNA
18693,5566919,5567603,684,mRNA
18694,5576838,5576933,95,CDS
18695,5573641,5573829,188,CDS
18696,5569117,5569361,244,CDS
18697,5567732,5568996,1264,CDS
18698,5567581,5567603,22,CDS
18699,5576838,5576933,95,CDS
18700,5573632,5573829,197,CDS
18701,5569117,5569361,244,CDS
18702,5567732,5568996,1264,CDS
18703,5567581,5567603,22,CDS
18704,5576838,5576933,95,CDS
18705,5574940,5574966,26,CDS
18706,5573632,5573829,197,CDS
18707,5569117,5569361,244,CDS
18708,5567732,5568996,1264,CDS
18709,5567581,5567603,22,CDS
18710,5574940,5575086,146,CDS
18711,5573632,5573829,197,CDS
18712,5569117,5569361,244,CDS
18713,5567732,5568996,1264,CDS
18714,5567581,5567603,22,CDS
18715,5567885,5567961,76,gene
18716,5567885,5567961,76,ncRNA
18717,5583669,5590390,6721,gene
18718,5583669,5584704,1035,mRNA
18719,5584759,5588814,4055,mRNA
18720,5588881,5590390,1509,mRNA
18721,5584007,5584704,697,CDS
18722,5584759,5588814,4055,CDS
18723,5588881,5589916,1035,CDS
18724,5590083,5592571,2488,gene
18725,5590083,5592571,2488,mRNA
18726,5590083,5592269,2186,mRNA
18727,5590587,5592218,1631,CDS
18728,5590587,5592218,1631,CDS
18729,5592741,5595272,2531,gene
18730,5595126,5595272,146,mRNA
18731,5593267,5594411,1144,mRNA
18732,5592741,5593197,456,mRNA
18733,5595126,5595210,84,CDS
18734,5593267,5594411,1144,CDS
18735,5592853,5593197,344,CDS
18736,5595542,5597422,1880,gene
18737,5595542,5597422,1880,mRNA
18738,5595542,5597337,1795,mRNA
18739,5595586,5597139,1553,CDS
18740,5595586,5597139,1553,CDS
18741,5598557,5599692,1135,gene
18742,5599621,5599692,71,mRNA
18743,5598557,5599559,1002,mRNA
18744,5599621,5599657,36,CDS
18745,5598658,5599559,901,CDS
18746,5601096,5603979,2883,gene
18747,5603688,5603979,291,mRNA
18748,5603072,5603629,557,mRNA
18749,5601990,5602954,964,mRNA
18750,5601096,5601933,837,mRNA
18751,5603688,5603798,110,CDS
18752,5603072,5603629,557,CDS
18753,5601990,5602954,964,CDS
18754,5601789,5601933,144,CDS
18755,5604790,5607190,2400,gene
18756,5604790,5605406,616,mRNA
18757,5605470,5605623,153,mRNA
18758,5605686,5605862,176,mRNA
18759,5605923,5606174,251,mRNA
18760,5606239,5606410,171,mRNA
18761,5606472,5606666,194,mRNA
18762,5606723,5607190,467,mRNA
18763,5604894,5605406,512,CDS
18764,5605470,5605623,153,CDS
18765,5605686,5605862,176,CDS
18766,5605923,5606174,251,CDS
18767,5606239,5606410,171,CDS
18768,5606472,5606666,194,CDS
18769,5606723,5606816,93,CDS
18770,5607162,5608300,1138,gene
18771,5608087,5608300,213,mRNA
18772,5607806,5608019,213,mRNA
18773,5607552,5607683,131,mRNA
18774,5607162,5607465,303,mRNA
18775,5608087,5608233,146,CDS
18776,5607806,5608019,213,CDS
18777,5607552,5607683,131,CDS
18778,5607281,5607465,184,CDS
18779,5630983,5652094,21111,gene
18780,5630983,5631481,498,mRNA
18781,5644087,5644632,545,mRNA
18782,5644735,5644851,116,mRNA
18783,5645675,5648237,2562,mRNA
18784,5648303,5652094,3791,mRNA
18785,5630983,5631481,498,mRNA
18786,5644087,5644632,545,mRNA
18787,5644735,5644851,116,mRNA
18788,5645266,5645304,38,mRNA
18789,5645675,5648237,2562,mRNA
18790,5648303,5648936,633,mRNA
18791,5630983,5631481,498,mRNA
18792,5644087,5644632,545,mRNA
18793,5644735,5644851,116,mRNA
18794,5645675,5648237,2562,mRNA
18795,5648303,5648936,633,mRNA
18796,5636015,5636518,503,mRNA
18797,5644087,5644632,545,mRNA
18798,5644735,5644851,116,mRNA
18799,5645266,5645304,38,mRNA
18800,5645675,5648237,2562,mRNA
18801,5648303,5648936,633,mRNA
18802,5642003,5642334,331,mRNA
18803,5644087,5644632,545,mRNA
18804,5644735,5644851,116,mRNA
18805,5645675,5648237,2562,mRNA
18806,5648303,5648936,633,mRNA
18807,5643647,5643715,68,mRNA
18808,5644087,5644632,545,mRNA
18809,5644735,5644851,116,mRNA
18810,5645675,5648237,2562,mRNA
18811,5648303,5648936,633,mRNA
18812,5644213,5644632,419,CDS
18813,5644735,5644851,116,CDS
18814,5645266,5645304,38,CDS
18815,5645675,5648237,2562,CDS
18816,5648303,5648814,511,CDS
18817,5644213,5644632,419,CDS
18818,5644735,5644851,116,CDS
18819,5645266,5645304,38,CDS
18820,5645675,5648237,2562,CDS
18821,5648303,5648814,511,CDS
18822,5644213,5644632,419,CDS
18823,5644735,5644851,116,CDS
18824,5645675,5648237,2562,CDS
18825,5648303,5648814,511,CDS
18826,5644213,5644632,419,CDS
18827,5644735,5644851,116,CDS
18828,5645675,5648237,2562,CDS
18829,5648303,5648814,511,CDS
18830,5644213,5644632,419,CDS
18831,5644735,5644851,116,CDS
18832,5645675,5648237,2562,CDS
18833,5648303,5648814,511,CDS
18834,5644213,5644632,419,CDS
18835,5644735,5644851,116,CDS
18836,5645675,5648237,2562,CDS
18837,5648303,5648814,511,CDS
18838,5654681,5657384,2703,gene
18839,5654681,5655046,365,mRNA
18840,5656319,5656455,136,mRNA
18841,5656605,5656753,148,mRNA
18842,5656823,5656973,150,mRNA
18843,5657036,5657384,348,mRNA
18844,5654980,5655046,66,CDS
18845,5656319,5656455,136,CDS
18846,5656605,5656753,148,CDS
18847,5656823,5656973,150,CDS
18848,5657036,5657119,83,CDS
18849,5657913,5749599,91686,gene
18850,5657913,5658290,377,mRNA
18851,5658343,5658547,204,mRNA
18852,5659429,5659681,252,mRNA
18853,5667822,5667942,120,mRNA
18854,5668006,5668141,135,mRNA
18855,5668691,5668884,193,mRNA
18856,5668964,5669082,118,mRNA
18857,5673067,5673265,198,mRNA
18858,5673547,5673702,155,mRNA
18859,5673772,5674076,304,mRNA
18860,5674375,5674721,346,mRNA
18861,5674790,5675208,418,mRNA
18862,5676277,5676445,168,mRNA
18863,5676511,5676759,248,mRNA
18864,5676819,5676948,129,mRNA
18865,5703925,5704070,145,mRNA
18866,5704962,5705241,279,mRNA
18867,5706442,5706573,131,mRNA
18868,5716097,5716279,182,mRNA
18869,5717538,5717738,200,mRNA
18870,5720877,5721104,227,mRNA
18871,5722382,5722568,186,mRNA
18872,5726480,5726594,114,mRNA
18873,5728491,5728642,151,mRNA
18874,5731440,5731636,196,mRNA
18875,5734439,5734609,170,mRNA
18876,5735726,5735920,194,mRNA
18877,5735986,5736094,108,mRNA
18878,5737984,5738163,179,mRNA
18879,5738226,5738363,137,mRNA
18880,5738416,5738573,157,mRNA
18881,5738639,5739016,377,mRNA
18882,5739106,5739334,228,mRNA
18883,5739444,5739726,282,mRNA
18884,5740104,5740207,103,mRNA
18885,5746468,5749599,3131,mRNA
18886,5657913,5658290,377,mRNA
18887,5659429,5659681,252,mRNA
18888,5667822,5667942,120,mRNA
18889,5668006,5668141,135,mRNA
18890,5668691,5668884,193,mRNA
18891,5668964,5669082,118,mRNA
18892,5673067,5673265,198,mRNA
18893,5673547,5673702,155,mRNA
18894,5673772,5674076,304,mRNA
18895,5674375,5674721,346,mRNA
18896,5674790,5675208,418,mRNA
18897,5676277,5676445,168,mRNA
18898,5676511,5676759,248,mRNA
18899,5676819,5676948,129,mRNA
18900,5703925,5704070,145,mRNA
18901,5704962,5705241,279,mRNA
18902,5706442,5706573,131,mRNA
18903,5716097,5716279,182,mRNA
18904,5717538,5717738,200,mRNA
18905,5720877,5721104,227,mRNA
18906,5722382,5722568,186,mRNA
18907,5726480,5726594,114,mRNA
18908,5728491,5728642,151,mRNA
18909,5731440,5731636,196,mRNA
18910,5734466,5734609,143,mRNA
18911,5735726,5735920,194,mRNA
18912,5735986,5736094,108,mRNA
18913,5737984,5738163,179,mRNA
18914,5738226,5738363,137,mRNA
18915,5738416,5738573,157,mRNA
18916,5738639,5739016,377,mRNA
18917,5739106,5739334,228,mRNA
18918,5739444,5739726,282,mRNA
18919,5740104,5740207,103,mRNA
18920,5746468,5749599,3131,mRNA
18921,5659700,5662247,2547,gene
18922,5662082,5662247,165,mRNA
18923,5661802,5661997,195,mRNA
18924,5661267,5661738,471,mRNA
18925,5660850,5661209,359,mRNA
18926,5660497,5660795,298,mRNA
18927,5660114,5660439,325,mRNA
18928,5659700,5660057,357,mRNA
18929,5662082,5662154,72,CDS
18930,5661802,5661997,195,CDS
18931,5661267,5661738,471,CDS
18932,5660850,5661209,359,CDS
18933,5660497,5660795,298,CDS
18934,5660114,5660439,325,CDS
18935,5659879,5660057,178,CDS
18936,5664121,5749599,85478,gene
18937,5664121,5664391,270,mRNA
18938,5665177,5666036,859,mRNA
18939,5667822,5667942,120,mRNA
18940,5668006,5668141,135,mRNA
18941,5668700,5668884,184,mRNA
18942,5668964,5669082,118,mRNA
18943,5673094,5673265,171,mRNA
18944,5673547,5673702,155,mRNA
18945,5673772,5674076,304,mRNA
18946,5674375,5674721,346,mRNA
18947,5674790,5675208,418,mRNA
18948,5676007,5676063,56,mRNA
18949,5676277,5676445,168,mRNA
18950,5676511,5676759,248,mRNA
18951,5676819,5676948,129,mRNA
18952,5703925,5704070,145,mRNA
18953,5704962,5705241,279,mRNA
18954,5706442,5706573,131,mRNA
18955,5716097,5716279,182,mRNA
18956,5717538,5717738,200,mRNA
18957,5720877,5721104,227,mRNA
18958,5722382,5722568,186,mRNA
18959,5726480,5726594,114,mRNA
18960,5728491,5728642,151,mRNA
18961,5731440,5731636,196,mRNA
18962,5734439,5734609,170,mRNA
18963,5735726,5735920,194,mRNA
18964,5735986,5736094,108,mRNA
18965,5737984,5738163,179,mRNA
18966,5738226,5738363,137,mRNA
18967,5738416,5738573,157,mRNA
18968,5738639,5739016,377,mRNA
18969,5739106,5739334,228,mRNA
18970,5739444,5739726,282,mRNA
18971,5740104,5740207,103,mRNA
18972,5746468,5749599,3131,mRNA
18973,5664121,5664391,270,mRNA
18974,5665177,5666036,859,mRNA
18975,5667822,5667942,120,mRNA
18976,5668006,5668141,135,mRNA
18977,5668700,5668884,184,mRNA
18978,5668964,5669082,118,mRNA
18979,5673094,5673265,171,mRNA
18980,5673547,5673702,155,mRNA
18981,5673772,5674076,304,mRNA
18982,5674375,5674721,346,mRNA
18983,5674790,5675208,418,mRNA
18984,5676007,5676063,56,mRNA
18985,5676277,5676445,168,mRNA
18986,5676511,5676759,248,mRNA
18987,5676819,5676948,129,mRNA
18988,5703925,5704070,145,mRNA
18989,5704962,5705241,279,mRNA
18990,5706442,5706573,131,mRNA
18991,5716097,5716279,182,mRNA
18992,5717538,5717738,200,mRNA
18993,5720877,5721104,227,mRNA
18994,5722382,5722568,186,mRNA
18995,5726480,5726594,114,mRNA
18996,5728491,5728642,151,mRNA
18997,5731440,5731636,196,mRNA
18998,5734439,5734609,170,mRNA
18999,5735726,5735920,194,mRNA
19000,5735986,5736094,108,mRNA
19001,5737984,5738163,179,mRNA
19002,5738226,5738363,137,mRNA
19003,5738416,5738573,157,mRNA
19004,5738639,5739016,377,mRNA
19005,5739106,5739334,228,mRNA
19006,5739444,5739726,282,mRNA
19007,5740104,5740207,103,mRNA
19008,5746468,5749599,3131,mRNA
19009,5664121,5664391,270,mRNA
19010,5665177,5666036,859,mRNA
19011,5667822,5667942,120,mRNA
19012,5668006,5668141,135,mRNA
19013,5668691,5668884,193,mRNA
19014,5668964,5669082,118,mRNA
19015,5673067,5673265,198,mRNA
19016,5673547,5673702,155,mRNA
19017,5673772,5674076,304,mRNA
19018,5674375,5674721,346,mRNA
19019,5674790,5675208,418,mRNA
19020,5676007,5676063,56,mRNA
19021,5676277,5676445,168,mRNA
19022,5676511,5676759,248,mRNA
19023,5676819,5676948,129,mRNA
19024,5703925,5704070,145,mRNA
19025,5704962,5705241,279,mRNA
19026,5706442,5706573,131,mRNA
19027,5716097,5716279,182,mRNA
19028,5717538,5717738,200,mRNA
19029,5720877,5721104,227,mRNA
19030,5722382,5722568,186,mRNA
19031,5726480,5726594,114,mRNA
19032,5728491,5728642,151,mRNA
19033,5731440,5731636,196,mRNA
19034,5734466,5734609,143,mRNA
19035,5735726,5735920,194,mRNA
19036,5735986,5736094,108,mRNA
19037,5737984,5738163,179,mRNA
19038,5738226,5738363,137,mRNA
19039,5738416,5738573,157,mRNA
19040,5738639,5739016,377,mRNA
19041,5739106,5739334,228,mRNA
19042,5739444,5739726,282,mRNA
19043,5740104,5746400,6296,mRNA
19044,5664861,5666036,1175,mRNA
19045,5667822,5667942,120,mRNA
19046,5668006,5668141,135,mRNA
19047,5668691,5668884,193,mRNA
19048,5668964,5669082,118,mRNA
19049,5673094,5673265,171,mRNA
19050,5673547,5673702,155,mRNA
19051,5673772,5674076,304,mRNA
19052,5674375,5674721,346,mRNA
19053,5674790,5675208,418,mRNA
19054,5676007,5676063,56,mRNA
19055,5676277,5676445,168,mRNA
19056,5676511,5676759,248,mRNA
19057,5676819,5676948,129,mRNA
19058,5703925,5704070,145,mRNA
19059,5704962,5705241,279,mRNA
19060,5706442,5706573,131,mRNA
19061,5716097,5716279,182,mRNA
19062,5717538,5717738,200,mRNA
19063,5720877,5721104,227,mRNA
19064,5722382,5722568,186,mRNA
19065,5726480,5726594,114,mRNA
19066,5728491,5728642,151,mRNA
19067,5731440,5731636,196,mRNA
19068,5734439,5734609,170,mRNA
19069,5735726,5735920,194,mRNA
19070,5735986,5736094,108,mRNA
19071,5737984,5738163,179,mRNA
19072,5738226,5738363,137,mRNA
19073,5738416,5738573,157,mRNA
19074,5738639,5739016,377,mRNA
19075,5739106,5739334,228,mRNA
19076,5739444,5739726,282,mRNA
19077,5740104,5740207,103,mRNA
19078,5746468,5749599,3131,mRNA
19079,5664861,5666036,1175,mRNA
19080,5667822,5667942,120,mRNA
19081,5668006,5668141,135,mRNA
19082,5668691,5668884,193,mRNA
19083,5668964,5669082,118,mRNA
19084,5672055,5673265,1210,mRNA
19085,5673547,5673702,155,mRNA
19086,5673772,5674076,304,mRNA
19087,5674375,5674721,346,mRNA
19088,5674790,5675208,418,mRNA
19089,5676277,5676445,168,mRNA
19090,5676511,5676759,248,mRNA
19091,5676819,5676948,129,mRNA
19092,5703925,5704070,145,mRNA
19093,5704962,5705241,279,mRNA
19094,5706442,5706573,131,mRNA
19095,5716097,5716279,182,mRNA
19096,5717538,5717738,200,mRNA
19097,5720877,5721104,227,mRNA
19098,5722382,5722568,186,mRNA
19099,5726480,5726594,114,mRNA
19100,5728491,5728642,151,mRNA
19101,5731440,5731636,196,mRNA
19102,5734439,5734609,170,mRNA
19103,5735726,5735920,194,mRNA
19104,5735986,5736094,108,mRNA
19105,5737984,5738163,179,mRNA
19106,5738226,5738363,137,mRNA
19107,5738416,5738573,157,mRNA
19108,5738639,5739016,377,mRNA
19109,5739106,5739334,228,mRNA
19110,5739444,5739726,282,mRNA
19111,5740104,5746400,6296,mRNA
19112,5664861,5666036,1175,mRNA
19113,5667822,5667942,120,mRNA
19114,5668006,5668141,135,mRNA
19115,5668691,5668884,193,mRNA
19116,5668964,5669082,118,mRNA
19117,5673067,5673265,198,mRNA
19118,5673547,5673702,155,mRNA
19119,5673772,5674076,304,mRNA
19120,5674375,5674721,346,mRNA
19121,5674790,5675208,418,mRNA
19122,5676007,5676063,56,mRNA
19123,5676277,5676445,168,mRNA
19124,5676511,5676759,248,mRNA
19125,5676819,5676948,129,mRNA
19126,5703925,5704070,145,mRNA
19127,5704962,5705241,279,mRNA
19128,5706442,5706573,131,mRNA
19129,5716097,5716279,182,mRNA
19130,5717538,5717738,200,mRNA
19131,5720877,5721104,227,mRNA
19132,5722382,5722568,186,mRNA
19133,5726480,5726594,114,mRNA
19134,5728491,5728642,151,mRNA
19135,5731440,5731636,196,mRNA
19136,5734466,5734609,143,mRNA
19137,5735726,5735920,194,mRNA
19138,5735986,5736094,108,mRNA
19139,5737984,5738163,179,mRNA
19140,5738226,5738363,137,mRNA
19141,5738416,5738573,157,mRNA
19142,5738639,5739016,377,mRNA
19143,5739106,5739334,228,mRNA
19144,5739444,5739726,282,mRNA
19145,5740104,5746400,6296,mRNA
19146,5664861,5666036,1175,mRNA
19147,5667822,5667942,120,mRNA
19148,5668006,5668141,135,mRNA
19149,5668691,5668884,193,mRNA
19150,5668964,5669082,118,mRNA
19151,5673067,5673265,198,mRNA
19152,5673547,5673702,155,mRNA
19153,5673772,5674076,304,mRNA
19154,5674375,5674721,346,mRNA
19155,5674790,5675208,418,mRNA
19156,5676277,5676445,168,mRNA
19157,5676511,5676759,248,mRNA
19158,5676819,5676948,129,mRNA
19159,5703925,5704070,145,mRNA
19160,5704962,5705241,279,mRNA
19161,5706442,5706573,131,mRNA
19162,5716097,5716279,182,mRNA
19163,5717538,5717738,200,mRNA
19164,5720877,5721104,227,mRNA
19165,5722382,5722568,186,mRNA
19166,5726480,5726594,114,mRNA
19167,5728491,5728642,151,mRNA
19168,5731440,5731636,196,mRNA
19169,5734466,5734609,143,mRNA
19170,5735726,5735920,194,mRNA
19171,5735986,5736094,108,mRNA
19172,5737984,5738163,179,mRNA
19173,5738226,5738363,137,mRNA
19174,5738416,5738573,157,mRNA
19175,5738639,5739016,377,mRNA
19176,5739106,5739334,228,mRNA
19177,5739444,5739726,282,mRNA
19178,5740104,5746400,6296,mRNA
19179,5664861,5666036,1175,mRNA
19180,5667822,5667942,120,mRNA
19181,5668006,5668141,135,mRNA
19182,5668691,5668884,193,mRNA
19183,5668964,5669082,118,mRNA
19184,5673067,5673265,198,mRNA
19185,5673547,5673702,155,mRNA
19186,5673772,5674076,304,mRNA
19187,5674375,5674721,346,mRNA
19188,5674790,5675208,418,mRNA
19189,5676277,5676445,168,mRNA
19190,5676511,5676759,248,mRNA
19191,5676819,5676948,129,mRNA
19192,5703925,5704070,145,mRNA
19193,5704962,5705241,279,mRNA
19194,5706442,5706573,131,mRNA
19195,5716097,5716279,182,mRNA
19196,5717538,5717738,200,mRNA
19197,5720877,5721104,227,mRNA
19198,5722382,5722568,186,mRNA
19199,5726480,5726594,114,mRNA
19200,5728491,5728642,151,mRNA
19201,5731440,5731636,196,mRNA
19202,5734466,5734609,143,mRNA
19203,5735726,5735920,194,mRNA
19204,5735986,5736094,108,mRNA
19205,5737984,5738163,179,mRNA
19206,5738226,5738363,137,mRNA
19207,5738416,5738573,157,mRNA
19208,5738639,5739016,377,mRNA
19209,5739106,5739334,228,mRNA
19210,5739444,5739726,282,mRNA
19211,5740104,5746400,6296,mRNA
19212,5665971,5666036,65,CDS
19213,5667822,5667920,98,CDS
19214,5665971,5666036,65,CDS
19215,5667822,5667920,98,CDS
19216,5666849,5667034,185,mRNA
19217,5667822,5667942,120,mRNA
19218,5668006,5668141,135,mRNA
19219,5668691,5668884,193,mRNA
19220,5668964,5669082,118,mRNA
19221,5673067,5673265,198,mRNA
19222,5673547,5673702,155,mRNA
19223,5673772,5674076,304,mRNA
19224,5674375,5674721,346,mRNA
19225,5674790,5675208,418,mRNA
19226,5676277,5676445,168,mRNA
19227,5676511,5676759,248,mRNA
19228,5676819,5676948,129,mRNA
19229,5703925,5704070,145,mRNA
19230,5704962,5705241,279,mRNA
19231,5706442,5706573,131,mRNA
19232,5716097,5716279,182,mRNA
19233,5717538,5717738,200,mRNA
19234,5720877,5721104,227,mRNA
19235,5722382,5722568,186,mRNA
19236,5726480,5726594,114,mRNA
19237,5728491,5728642,151,mRNA
19238,5731440,5731636,196,mRNA
19239,5734466,5734609,143,mRNA
19240,5735726,5735920,194,mRNA
19241,5735986,5736094,108,mRNA
19242,5737984,5738163,179,mRNA
19243,5738226,5738363,137,mRNA
19244,5738416,5738573,157,mRNA
19245,5738639,5739016,377,mRNA
19246,5739106,5739334,228,mRNA
19247,5739444,5739726,282,mRNA
19248,5740104,5740207,103,mRNA
19249,5746468,5749599,3131,mRNA
19250,5668035,5668141,106,CDS
19251,5668691,5668884,193,CDS
19252,5668964,5669082,118,CDS
19253,5673067,5673265,198,CDS
19254,5673547,5673702,155,CDS
19255,5673772,5674076,304,CDS
19256,5674375,5674721,346,CDS
19257,5674790,5675208,418,CDS
19258,5676277,5676445,168,CDS
19259,5676511,5676759,248,CDS
19260,5676819,5676948,129,CDS
19261,5703925,5704070,145,CDS
19262,5704962,5705241,279,CDS
19263,5706442,5706573,131,CDS
19264,5716097,5716279,182,CDS
19265,5717538,5717738,200,CDS
19266,5720877,5721104,227,CDS
19267,5722382,5722568,186,CDS
19268,5726480,5726594,114,CDS
19269,5728491,5728642,151,CDS
19270,5731440,5731636,196,CDS
19271,5734439,5734609,170,CDS
19272,5735726,5735920,194,CDS
19273,5735986,5736094,108,CDS
19274,5737984,5738163,179,CDS
19275,5738226,5738363,137,CDS
19276,5738416,5738573,157,CDS
19277,5738639,5739016,377,CDS
19278,5739106,5739334,228,CDS
19279,5739444,5739726,282,CDS
19280,5740104,5740207,103,CDS
19281,5746468,5746553,85,CDS
19282,5668035,5668141,106,CDS
19283,5668691,5668884,193,CDS
19284,5668964,5669082,118,CDS
19285,5673067,5673265,198,CDS
19286,5673547,5673702,155,CDS
19287,5673772,5674076,304,CDS
19288,5674375,5674721,346,CDS
19289,5674790,5675208,418,CDS
19290,5676277,5676445,168,CDS
19291,5676511,5676759,248,CDS
19292,5676819,5676948,129,CDS
19293,5703925,5704070,145,CDS
19294,5704962,5705241,279,CDS
19295,5706442,5706573,131,CDS
19296,5716097,5716279,182,CDS
19297,5717538,5717738,200,CDS
19298,5720877,5721104,227,CDS
19299,5722382,5722568,186,CDS
19300,5726480,5726594,114,CDS
19301,5728491,5728642,151,CDS
19302,5731440,5731636,196,CDS
19303,5734466,5734609,143,CDS
19304,5735726,5735920,194,CDS
19305,5735986,5736094,108,CDS
19306,5737984,5738163,179,CDS
19307,5738226,5738363,137,CDS
19308,5738416,5738573,157,CDS
19309,5738639,5739016,377,CDS
19310,5739106,5739334,228,CDS
19311,5739444,5739726,282,CDS
19312,5740104,5740207,103,CDS
19313,5746468,5746553,85,CDS
19314,5668035,5668141,106,CDS
19315,5668691,5668884,193,CDS
19316,5668964,5669082,118,CDS
19317,5673067,5673265,198,CDS
19318,5673547,5673702,155,CDS
19319,5673772,5674076,304,CDS
19320,5674375,5674721,346,CDS
19321,5674790,5675208,418,CDS
19322,5676277,5676445,168,CDS
19323,5676511,5676759,248,CDS
19324,5676819,5676948,129,CDS
19325,5703925,5704070,145,CDS
19326,5704962,5705241,279,CDS
19327,5706442,5706573,131,CDS
19328,5716097,5716279,182,CDS
19329,5717538,5717738,200,CDS
19330,5720877,5721104,227,CDS
19331,5722382,5722568,186,CDS
19332,5726480,5726594,114,CDS
19333,5728491,5728642,151,CDS
19334,5731440,5731636,196,CDS
19335,5734466,5734609,143,CDS
19336,5735726,5735920,194,CDS
19337,5735986,5736094,108,CDS
19338,5737984,5738163,179,CDS
19339,5738226,5738363,137,CDS
19340,5738416,5738573,157,CDS
19341,5738639,5739016,377,CDS
19342,5739106,5739334,228,CDS
19343,5739444,5739726,282,CDS
19344,5740104,5740207,103,CDS
19345,5746468,5746553,85,CDS
19346,5668035,5668141,106,CDS
19347,5668691,5668884,193,CDS
19348,5668964,5669082,118,CDS
19349,5673094,5673265,171,CDS
19350,5673547,5673702,155,CDS
19351,5673772,5674076,304,CDS
19352,5674375,5674721,346,CDS
19353,5674790,5675208,418,CDS
19354,5676007,5676063,56,CDS
19355,5676277,5676445,168,CDS
19356,5676511,5676759,248,CDS
19357,5676819,5676948,129,CDS
19358,5703925,5704070,145,CDS
19359,5704962,5705241,279,CDS
19360,5706442,5706573,131,CDS
19361,5716097,5716279,182,CDS
19362,5717538,5717738,200,CDS
19363,5720877,5721104,227,CDS
19364,5722382,5722568,186,CDS
19365,5726480,5726594,114,CDS
19366,5728491,5728642,151,CDS
19367,5731440,5731636,196,CDS
19368,5734439,5734609,170,CDS
19369,5735726,5735920,194,CDS
19370,5735986,5736094,108,CDS
19371,5737984,5738163,179,CDS
19372,5738226,5738363,137,CDS
19373,5738416,5738573,157,CDS
19374,5738639,5739016,377,CDS
19375,5739106,5739334,228,CDS
19376,5739444,5739726,282,CDS
19377,5740104,5740207,103,CDS
19378,5746468,5746553,85,CDS
19379,5668035,5668141,106,CDS
19380,5668700,5668884,184,CDS
19381,5668964,5669082,118,CDS
19382,5673094,5673265,171,CDS
19383,5673547,5673702,155,CDS
19384,5673772,5674076,304,CDS
19385,5674375,5674721,346,CDS
19386,5674790,5675208,418,CDS
19387,5676007,5676063,56,CDS
19388,5676277,5676445,168,CDS
19389,5676511,5676759,248,CDS
19390,5676819,5676948,129,CDS
19391,5703925,5704070,145,CDS
19392,5704962,5705241,279,CDS
19393,5706442,5706573,131,CDS
19394,5716097,5716279,182,CDS
19395,5717538,5717738,200,CDS
19396,5720877,5721104,227,CDS
19397,5722382,5722568,186,CDS
19398,5726480,5726594,114,CDS
19399,5728491,5728642,151,CDS
19400,5731440,5731636,196,CDS
19401,5734439,5734609,170,CDS
19402,5735726,5735920,194,CDS
19403,5735986,5736094,108,CDS
19404,5737984,5738163,179,CDS
19405,5738226,5738363,137,CDS
19406,5738416,5738573,157,CDS
19407,5738639,5739016,377,CDS
19408,5739106,5739334,228,CDS
19409,5739444,5739726,282,CDS
19410,5740104,5740207,103,CDS
19411,5746468,5746553,85,CDS
19412,5668035,5668141,106,CDS
19413,5668691,5668884,193,CDS
19414,5668964,5669082,118,CDS
19415,5673067,5673265,198,CDS
19416,5673547,5673702,155,CDS
19417,5673772,5674076,304,CDS
19418,5674375,5674721,346,CDS
19419,5674790,5675208,418,CDS
19420,5676007,5676063,56,CDS
19421,5676277,5676445,168,CDS
19422,5676511,5676759,248,CDS
19423,5676819,5676948,129,CDS
19424,5703925,5704070,145,CDS
19425,5704962,5705241,279,CDS
19426,5706442,5706573,131,CDS
19427,5716097,5716279,182,CDS
19428,5717538,5717738,200,CDS
19429,5720877,5721104,227,CDS
19430,5722382,5722568,186,CDS
19431,5726480,5726594,114,CDS
19432,5728491,5728642,151,CDS
19433,5731440,5731636,196,CDS
19434,5734466,5734609,143,CDS
19435,5735726,5735920,194,CDS
19436,5735986,5736094,108,CDS
19437,5737984,5738163,179,CDS
19438,5738226,5738363,137,CDS
19439,5738416,5738573,157,CDS
19440,5738639,5739016,377,CDS
19441,5739106,5739334,228,CDS
19442,5739444,5739726,282,CDS
19443,5740104,5742222,2118,CDS
19444,5668035,5668141,106,CDS
19445,5668691,5668884,193,CDS
19446,5668964,5669082,118,CDS
19447,5673067,5673265,198,CDS
19448,5673547,5673702,155,CDS
19449,5673772,5674076,304,CDS
19450,5674375,5674721,346,CDS
19451,5674790,5675208,418,CDS
19452,5676007,5676063,56,CDS
19453,5676277,5676445,168,CDS
19454,5676511,5676759,248,CDS
19455,5676819,5676948,129,CDS
19456,5703925,5704070,145,CDS
19457,5704962,5705241,279,CDS
19458,5706442,5706573,131,CDS
19459,5716097,5716279,182,CDS
19460,5717538,5717738,200,CDS
19461,5720877,5721104,227,CDS
19462,5722382,5722568,186,CDS
19463,5726480,5726594,114,CDS
19464,5728491,5728642,151,CDS
19465,5731440,5731636,196,CDS
19466,5734466,5734609,143,CDS
19467,5735726,5735920,194,CDS
19468,5735986,5736094,108,CDS
19469,5737984,5738163,179,CDS
19470,5738226,5738363,137,CDS
19471,5738416,5738573,157,CDS
19472,5738639,5739016,377,CDS
19473,5739106,5739334,228,CDS
19474,5739444,5739726,282,CDS
19475,5740104,5742048,1944,CDS
19476,5668035,5668141,106,CDS
19477,5668691,5668884,193,CDS
19478,5668964,5669082,118,CDS
19479,5673067,5673265,198,CDS
19480,5673547,5673702,155,CDS
19481,5673772,5674076,304,CDS
19482,5674375,5674721,346,CDS
19483,5674790,5675208,418,CDS
19484,5676277,5676445,168,CDS
19485,5676511,5676759,248,CDS
19486,5676819,5676948,129,CDS
19487,5703925,5704070,145,CDS
19488,5704962,5705241,279,CDS
19489,5706442,5706573,131,CDS
19490,5716097,5716279,182,CDS
19491,5717538,5717738,200,CDS
19492,5720877,5721104,227,CDS
19493,5722382,5722568,186,CDS
19494,5726480,5726594,114,CDS
19495,5728491,5728642,151,CDS
19496,5731440,5731636,196,CDS
19497,5734466,5734609,143,CDS
19498,5735726,5735920,194,CDS
19499,5735986,5736094,108,CDS
19500,5737984,5738163,179,CDS
19501,5738226,5738363,137,CDS
19502,5738416,5738573,157,CDS
19503,5738639,5739016,377,CDS
19504,5739106,5739334,228,CDS
19505,5739444,5739726,282,CDS
19506,5740104,5742048,1944,CDS
19507,5673217,5673265,48,CDS
19508,5673547,5673702,155,CDS
19509,5673772,5674076,304,CDS
19510,5674375,5674721,346,CDS
19511,5674790,5675208,418,CDS
19512,5676277,5676445,168,CDS
19513,5676511,5676759,248,CDS
19514,5676819,5676948,129,CDS
19515,5703925,5704070,145,CDS
19516,5704962,5705241,279,CDS
19517,5706442,5706573,131,CDS
19518,5716097,5716279,182,CDS
19519,5717538,5717738,200,CDS
19520,5720877,5721104,227,CDS
19521,5722382,5722568,186,CDS
19522,5726480,5726594,114,CDS
19523,5728491,5728642,151,CDS
19524,5731440,5731636,196,CDS
19525,5734439,5734609,170,CDS
19526,5735726,5735920,194,CDS
19527,5735986,5736094,108,CDS
19528,5737984,5738163,179,CDS
19529,5738226,5738363,137,CDS
19530,5738416,5738573,157,CDS
19531,5738639,5739016,377,CDS
19532,5739106,5739334,228,CDS
19533,5739444,5739726,282,CDS
19534,5740104,5742048,1944,CDS
19535,5678540,5679187,647,mRNA
19536,5703925,5704070,145,mRNA
19537,5704962,5705241,279,mRNA
19538,5706442,5706573,131,mRNA
19539,5716097,5716279,182,mRNA
19540,5717538,5717738,200,mRNA
19541,5720877,5721104,227,mRNA
19542,5722382,5722568,186,mRNA
19543,5726480,5726594,114,mRNA
19544,5728491,5728642,151,mRNA
19545,5731440,5731636,196,mRNA
19546,5734439,5734609,170,mRNA
19547,5735726,5735920,194,mRNA
19548,5735986,5736094,108,mRNA
19549,5737984,5738163,179,mRNA
19550,5738226,5738363,137,mRNA
19551,5738416,5738573,157,mRNA
19552,5738639,5739016,377,mRNA
19553,5739106,5739334,228,mRNA
19554,5739465,5739726,261,mRNA
19555,5740104,5740207,103,mRNA
19556,5746468,5749599,3131,mRNA
19557,5691427,5691783,356,mRNA
19558,5695422,5699024,3602,mRNA
19559,5703925,5704070,145,mRNA
19560,5704962,5705241,279,mRNA
19561,5706442,5706573,131,mRNA
19562,5716097,5716279,182,mRNA
19563,5717538,5717738,200,mRNA
19564,5720877,5721104,227,mRNA
19565,5722382,5722568,186,mRNA
19566,5726480,5726594,114,mRNA
19567,5728491,5728642,151,mRNA
19568,5731440,5731636,196,mRNA
19569,5734439,5734609,170,mRNA
19570,5735726,5735920,194,mRNA
19571,5735986,5736094,108,mRNA
19572,5737984,5738163,179,mRNA
19573,5738226,5738363,137,mRNA
19574,5738416,5738573,157,mRNA
19575,5738639,5739016,377,mRNA
19576,5739106,5739334,228,mRNA
19577,5739444,5739726,282,mRNA
19578,5740104,5740207,103,mRNA
19579,5746468,5749599,3131,mRNA
19580,5691427,5691783,356,mRNA
19581,5695422,5699024,3602,mRNA
19582,5703925,5704070,145,mRNA
19583,5704962,5705241,279,mRNA
19584,5706442,5706573,131,mRNA
19585,5716097,5716279,182,mRNA
19586,5717538,5717738,200,mRNA
19587,5720877,5721104,227,mRNA
19588,5722382,5722568,186,mRNA
19589,5726480,5726594,114,mRNA
19590,5728491,5728642,151,mRNA
19591,5731440,5731636,196,mRNA
19592,5734466,5734609,143,mRNA
19593,5735726,5735920,194,mRNA
19594,5735986,5736094,108,mRNA
19595,5737984,5738163,179,mRNA
19596,5738226,5738363,137,mRNA
19597,5738416,5738573,157,mRNA
19598,5738639,5739016,377,mRNA
19599,5739106,5739334,228,mRNA
19600,5739444,5739726,282,mRNA
19601,5740104,5740207,103,mRNA
19602,5746468,5749599,3131,mRNA
19603,5691427,5691783,356,mRNA
19604,5695422,5699024,3602,mRNA
19605,5703925,5704070,145,mRNA
19606,5704962,5705241,279,mRNA
19607,5706442,5706573,131,mRNA
19608,5716097,5716279,182,mRNA
19609,5717538,5717738,200,mRNA
19610,5720877,5721104,227,mRNA
19611,5722382,5722568,186,mRNA
19612,5726480,5726594,114,mRNA
19613,5728491,5728642,151,mRNA
19614,5731440,5731636,196,mRNA
19615,5734439,5734609,170,mRNA
19616,5735726,5735920,194,mRNA
19617,5735986,5736094,108,mRNA
19618,5737984,5738163,179,mRNA
19619,5738226,5738363,137,mRNA
19620,5738416,5738573,157,mRNA
19621,5738639,5739016,377,mRNA
19622,5739106,5739334,228,mRNA
19623,5739444,5739726,282,mRNA
19624,5740104,5746400,6296,mRNA
19625,5696691,5699024,2333,CDS
19626,5703925,5704070,145,CDS
19627,5704962,5705241,279,CDS
19628,5706442,5706573,131,CDS
19629,5716097,5716279,182,CDS
19630,5717538,5717738,200,CDS
19631,5720877,5721104,227,CDS
19632,5722382,5722568,186,CDS
19633,5726480,5726594,114,CDS
19634,5728491,5728642,151,CDS
19635,5731440,5731636,196,CDS
19636,5734439,5734609,170,CDS
19637,5735726,5735920,194,CDS
19638,5735986,5736094,108,CDS
19639,5737984,5738163,179,CDS
19640,5738226,5738363,137,CDS
19641,5738416,5738573,157,CDS
19642,5738639,5739016,377,CDS
19643,5739106,5739334,228,CDS
19644,5739444,5739726,282,CDS
19645,5740104,5740207,103,CDS
19646,5746468,5746553,85,CDS
19647,5696691,5699024,2333,CDS
19648,5703925,5704070,145,CDS
19649,5704962,5705241,279,CDS
19650,5706442,5706573,131,CDS
19651,5716097,5716279,182,CDS
19652,5717538,5717738,200,CDS
19653,5720877,5721104,227,CDS
19654,5722382,5722568,186,CDS
19655,5726480,5726594,114,CDS
19656,5728491,5728642,151,CDS
19657,5731440,5731636,196,CDS
19658,5734466,5734609,143,CDS
19659,5735726,5735920,194,CDS
19660,5735986,5736094,108,CDS
19661,5737984,5738163,179,CDS
19662,5738226,5738363,137,CDS
19663,5738416,5738573,157,CDS
19664,5738639,5739016,377,CDS
19665,5739106,5739334,228,CDS
19666,5739444,5739726,282,CDS
19667,5740104,5740207,103,CDS
19668,5746468,5746553,85,CDS
19669,5696691,5699024,2333,CDS
19670,5703925,5704070,145,CDS
19671,5704962,5705241,279,CDS
19672,5706442,5706573,131,CDS
19673,5716097,5716279,182,CDS
19674,5717538,5717738,200,CDS
19675,5720877,5721104,227,CDS
19676,5722382,5722568,186,CDS
19677,5726480,5726594,114,CDS
19678,5728491,5728642,151,CDS
19679,5731440,5731636,196,CDS
19680,5734439,5734609,170,CDS
19681,5735726,5735920,194,CDS
19682,5735986,5736094,108,CDS
19683,5737984,5738163,179,CDS
19684,5738226,5738363,137,CDS
19685,5738416,5738573,157,CDS
19686,5738639,5739016,377,CDS
19687,5739106,5739334,228,CDS
19688,5739444,5739726,282,CDS
19689,5740104,5742048,1944,CDS
19690,5703943,5704070,127,CDS
19691,5704962,5705241,279,CDS
19692,5706442,5706573,131,CDS
19693,5716097,5716279,182,CDS
19694,5717538,5717738,200,CDS
19695,5720877,5721104,227,CDS
19696,5722382,5722568,186,CDS
19697,5726480,5726594,114,CDS
19698,5728491,5728642,151,CDS
19699,5731440,5731636,196,CDS
19700,5734439,5734609,170,CDS
19701,5735726,5735920,194,CDS
19702,5735986,5736094,108,CDS
19703,5737984,5738163,179,CDS
19704,5738226,5738363,137,CDS
19705,5738416,5738573,157,CDS
19706,5738639,5739016,377,CDS
19707,5739106,5739334,228,CDS
19708,5739465,5739726,261,CDS
19709,5740104,5740207,103,CDS
19710,5746468,5746553,85,CDS
19711,5713331,5714029,698,gene
19712,5713331,5714029,698,mRNA
19713,5713432,5713710,278,CDS
19714,5720290,5720421,131,gene
19715,5720290,5720421,131,ncRNA
19716,5750029,5752189,2160,gene
19717,5751846,5752189,343,mRNA
19718,5750029,5751600,1571,mRNA
19719,5750029,5752189,2160,mRNA
19720,5750589,5751593,1004,CDS
19721,5750589,5751593,1004,CDS
19722,5752973,5761886,8913,gene
19723,5752973,5753234,261,mRNA
19724,5755554,5755625,71,mRNA
19725,5756205,5756433,228,mRNA
19726,5756497,5757121,624,mRNA
19727,5757176,5758148,972,mRNA
19728,5758207,5758594,387,mRNA
19729,5758654,5759571,917,mRNA
19730,5759629,5760609,980,mRNA
19731,5760675,5760801,126,mRNA
19732,5760860,5760930,70,mRNA
19733,5760985,5761118,133,mRNA
19734,5761174,5761886,712,mRNA
19735,5752973,5753234,261,mRNA
19736,5756205,5756433,228,mRNA
19737,5756497,5758148,1651,mRNA
19738,5758207,5758594,387,mRNA
19739,5758654,5759571,917,mRNA
19740,5759629,5760609,980,mRNA
19741,5760675,5760801,126,mRNA
19742,5760860,5760930,70,mRNA
19743,5760985,5761118,133,mRNA
19744,5761174,5761886,712,mRNA
19745,5754178,5754266,88,mRNA
19746,5756205,5756433,228,mRNA
19747,5756497,5758148,1651,mRNA
19748,5758207,5758594,387,mRNA
19749,5758654,5759571,917,mRNA
19750,5759629,5760609,980,mRNA
19751,5760675,5760801,126,mRNA
19752,5760860,5760930,70,mRNA
19753,5760985,5761118,133,mRNA
19754,5761174,5761419,245,mRNA
19755,5756245,5756433,188,CDS
19756,5756497,5758148,1651,CDS
19757,5758207,5758594,387,CDS
19758,5758654,5759571,917,CDS
19759,5759629,5760609,980,CDS
19760,5760675,5760801,126,CDS
19761,5760860,5760930,70,CDS
19762,5760985,5761118,133,CDS
19763,5761174,5761384,210,CDS
19764,5756245,5756433,188,CDS
19765,5756497,5758148,1651,CDS
19766,5758207,5758594,387,CDS
19767,5758654,5759571,917,CDS
19768,5759629,5760609,980,CDS
19769,5760675,5760801,126,CDS
19770,5760860,5760930,70,CDS
19771,5760985,5761118,133,CDS
19772,5761174,5761384,210,CDS
19773,5756245,5756433,188,CDS
19774,5756497,5757121,624,CDS
19775,5757176,5758148,972,CDS
19776,5758207,5758594,387,CDS
19777,5758654,5759571,917,CDS
19778,5759629,5760609,980,CDS
19779,5760675,5760801,126,CDS
19780,5760860,5760930,70,CDS
19781,5760985,5761118,133,CDS
19782,5761174,5761384,210,CDS
19783,5761963,5765702,3739,gene
19784,5765341,5765702,361,mRNA
19785,5765087,5765184,97,mRNA
19786,5764659,5764795,136,mRNA
19787,5764434,5764596,162,mRNA
19788,5763555,5763776,221,mRNA
19789,5763048,5763273,225,mRNA
19790,5762588,5762715,127,mRNA
19791,5761963,5762524,561,mRNA
19792,5765341,5765591,250,mRNA
19793,5765087,5765184,97,mRNA
19794,5764659,5764795,136,mRNA
19795,5764434,5764596,162,mRNA
19796,5763555,5763776,221,mRNA
19797,5763048,5763273,225,mRNA
19798,5762588,5762715,127,mRNA
19799,5761963,5762524,561,mRNA
19800,5765341,5765501,160,mRNA
19801,5765087,5765184,97,mRNA
19802,5764659,5764795,136,mRNA
19803,5764434,5764596,162,mRNA
19804,5763555,5763776,221,mRNA
19805,5763048,5763273,225,mRNA
19806,5762588,5762715,127,mRNA
19807,5762027,5762524,497,mRNA
19808,5765341,5765428,87,CDS
19809,5765087,5765184,97,CDS
19810,5764659,5764795,136,CDS
19811,5764434,5764596,162,CDS
19812,5763555,5763776,221,CDS
19813,5763048,5763273,225,CDS
19814,5762588,5762715,127,CDS
19815,5762411,5762524,113,CDS
19816,5765341,5765428,87,CDS
19817,5765087,5765184,97,CDS
19818,5764659,5764795,136,CDS
19819,5764434,5764596,162,CDS
19820,5763555,5763776,221,CDS
19821,5763048,5763273,225,CDS
19822,5762588,5762715,127,CDS
19823,5762411,5762524,113,CDS
19824,5765341,5765428,87,CDS
19825,5765087,5765184,97,CDS
19826,5764659,5764795,136,CDS
19827,5764434,5764596,162,CDS
19828,5763555,5763776,221,CDS
19829,5763048,5763273,225,CDS
19830,5762588,5762715,127,CDS
19831,5762411,5762524,113,CDS
19832,5762860,5763000,140,gene
19833,5762860,5763000,140,ncRNA
19834,5763345,5763422,77,gene
19835,5763345,5763422,77,ncRNA
19836,5763946,5764084,138,gene
19837,5763946,5764084,138,ncRNA
19838,5764113,5764249,136,gene
19839,5764113,5764249,136,ncRNA
19840,5764258,5764394,136,gene
19841,5764258,5764394,136,ncRNA
19842,5764861,5765046,185,gene
19843,5764861,5765046,185,ncRNA
19844,5765846,5767084,1238,gene
19845,5765846,5766375,529,mRNA
19846,5766433,5766716,283,mRNA
19847,5766776,5767084,308,mRNA
19848,5766010,5766375,365,CDS
19849,5766433,5766716,283,CDS
19850,5766776,5766989,213,CDS
19851,5767017,5768794,1777,gene
19852,5768201,5768794,593,mRNA
19853,5767017,5768133,1116,mRNA
19854,5768201,5768759,558,CDS
19855,5767136,5768133,997,CDS
19856,5767321,5768704,1383,gene
19857,5767321,5768704,1383,ncRNA
19858,5769002,5776271,7269,gene
19859,5769002,5769933,931,mRNA
19860,5771618,5772375,757,mRNA
19861,5772433,5774076,1643,mRNA
19862,5775189,5776271,1082,mRNA
19863,5769123,5769933,810,mRNA
19864,5771618,5772375,757,mRNA
19865,5772433,5774076,1643,mRNA
19866,5774414,5775013,599,mRNA
19867,5775189,5775845,656,mRNA
19868,5769123,5769933,810,mRNA
19869,5771618,5772375,757,mRNA
19870,5772433,5774076,1643,mRNA
19871,5774414,5774846,432,mRNA
19872,5775189,5775845,656,mRNA
19873,5769603,5769933,330,CDS
19874,5771618,5772375,757,CDS
19875,5772433,5774076,1643,CDS
19876,5775189,5775572,383,CDS
19877,5769603,5769933,330,CDS
19878,5771618,5772375,757,CDS
19879,5772433,5774076,1643,CDS
19880,5774414,5774611,197,CDS
19881,5769603,5769933,330,CDS
19882,5771618,5772375,757,CDS
19883,5772433,5774076,1643,CDS
19884,5774414,5774611,197,CDS
19885,5771165,5772375,1210,mRNA
19886,5772433,5774076,1643,mRNA
19887,5774414,5775013,599,mRNA
19888,5775189,5776271,1082,mRNA
19889,5771165,5772375,1210,mRNA
19890,5772433,5774076,1643,mRNA
19891,5775189,5775845,656,mRNA
19892,5771220,5771371,151,mRNA
19893,5771618,5772375,757,mRNA
19894,5772433,5774076,1643,mRNA
19895,5775189,5776271,1082,mRNA
19896,5771220,5771371,151,mRNA
19897,5771618,5772375,757,mRNA
19898,5772433,5774076,1643,mRNA
19899,5774414,5774846,432,mRNA
19900,5775189,5775845,656,mRNA
19901,5771311,5771371,60,CDS
19902,5771618,5772375,757,CDS
19903,5772433,5774076,1643,CDS
19904,5775189,5775572,383,CDS
19905,5771311,5771371,60,CDS
19906,5771618,5772375,757,CDS
19907,5772433,5774076,1643,CDS
19908,5774414,5774611,197,CDS
19909,5771497,5772375,878,CDS
19910,5772433,5774076,1643,CDS
19911,5775189,5775572,383,CDS
19912,5771497,5772375,878,CDS
19913,5772433,5774076,1643,CDS
19914,5774414,5774611,197,CDS
19915,5776324,5777333,1009,gene
19916,5777204,5777333,129,mRNA
19917,5776324,5777144,820,mRNA
19918,5777204,5777265,61,CDS
19919,5776412,5777144,732,CDS
19920,5777476,5779591,2115,gene
19921,5778587,5779591,1004,mRNA
19922,5778379,5778524,145,mRNA
19923,5777958,5778322,364,mRNA
19924,5777476,5777899,423,mRNA
19925,5778587,5779541,954,CDS
19926,5778379,5778524,145,CDS
19927,5777958,5778322,364,CDS
19928,5777764,5777899,135,CDS
19929,5780051,5784685,4634,gene
19930,5780051,5784685,4634,gene
19931,5780051,5780133,82,mRNA
19932,5780384,5780532,148,mRNA
19933,5780590,5780774,184,mRNA
19934,5780837,5781722,885,mRNA
19935,5781997,5782308,311,mRNA
19936,5782625,5782849,224,mRNA
19937,5782917,5784685,1768,mRNA
19938,5780051,5780133,82,mRNA
19939,5780384,5780532,148,mRNA
19940,5780590,5780774,184,mRNA
19941,5780837,5781722,885,mRNA
19942,5781997,5782308,311,mRNA
19943,5782671,5782849,178,mRNA
19944,5782917,5784685,1768,mRNA
19945,5780051,5780133,82,mRNA
19946,5780384,5780532,148,mRNA
19947,5780590,5780774,184,mRNA
19948,5780837,5781722,885,mRNA
19949,5781997,5782308,311,mRNA
19950,5782671,5782849,178,mRNA
19951,5782917,5784685,1768,mRNA
19952,5780051,5780133,82,mRNA
19953,5780384,5780532,148,mRNA
19954,5780590,5780774,184,mRNA
19955,5780837,5780997,160,mRNA
19956,5781551,5781722,171,mRNA
19957,5781997,5782308,311,mRNA
19958,5782671,5782849,178,mRNA
19959,5782917,5784685,1768,mRNA
19960,5780051,5780133,82,mRNA
19961,5780384,5780532,148,mRNA
19962,5780590,5780774,184,mRNA
19963,5780837,5780997,160,mRNA
19964,5781551,5781722,171,mRNA
19965,5781997,5782308,311,mRNA
19966,5782671,5782849,178,mRNA
19967,5782917,5784685,1768,mRNA
19968,5780051,5780133,82,mRNA
19969,5780384,5780532,148,mRNA
19970,5780590,5780774,184,mRNA
19971,5780837,5781406,569,mRNA
19972,5780102,5780863,761,gene
19973,5780819,5780863,44,ncRNA
19974,5780588,5780749,161,ncRNA
19975,5780102,5780529,427,ncRNA
19976,5780588,5780863,275,ncRNA
19977,5780102,5780529,427,ncRNA
19978,5780111,5780133,22,CDS
19979,5780384,5780532,148,CDS
19980,5780590,5780774,184,CDS
19981,5780837,5780997,160,CDS
19982,5781551,5781581,30,CDS
19983,5780111,5780133,22,CDS
19984,5780384,5780532,148,CDS
19985,5780590,5780774,184,CDS
19986,5780837,5781001,164,CDS
19987,5780111,5780133,22,CDS
19988,5780384,5780532,148,CDS
19989,5780590,5780774,184,CDS
19990,5780837,5781001,164,CDS
19991,5780111,5780133,22,CDS
19992,5780384,5780532,148,CDS
19993,5780590,5780774,184,CDS
19994,5780837,5781001,164,CDS
19995,5780264,5780532,268,mRNA
19996,5780590,5780774,184,mRNA
19997,5780837,5781722,885,mRNA
19998,5781997,5782308,311,mRNA
19999,5782671,5782849,178,mRNA
20000,5782917,5784685,1768,mRNA
20001,5781537,5782308,771,mRNA
20002,5782671,5782849,178,mRNA
20003,5782917,5784685,1768,mRNA
20004,5781692,5781722,30,CDS
20005,5781997,5782308,311,CDS
20006,5782671,5782849,178,CDS
20007,5782917,5783243,326,CDS
20008,5781692,5781722,30,CDS
20009,5781997,5782308,311,CDS
20010,5782671,5782849,178,CDS
20011,5782917,5783243,326,CDS
20012,5781692,5781722,30,CDS
20013,5781997,5782308,311,CDS
20014,5782671,5782849,178,CDS
20015,5782917,5783243,326,CDS
20016,5781831,5782308,477,CDS
20017,5782671,5782849,178,CDS
20018,5782917,5783243,326,CDS
20019,5783215,5786718,3503,gene
20020,5786438,5786718,280,mRNA
20021,5783215,5784537,1322,mRNA
20022,5783481,5784455,974,CDS
20023,5789831,5794192,4361,gene
20024,5794056,5794192,136,mRNA
20025,5792700,5793852,1152,mRNA
20026,5791696,5792585,889,mRNA
20027,5789831,5791643,1812,mRNA
20028,5794056,5794192,136,mRNA
20029,5792700,5793852,1152,mRNA
20030,5791696,5792585,889,mRNA
20031,5790192,5791643,1451,mRNA
20032,5792700,5793845,1145,CDS
20033,5791696,5792585,889,CDS
20034,5790545,5791643,1098,CDS
20035,5792700,5793845,1145,CDS
20036,5791696,5792585,889,CDS
20037,5790545,5791643,1098,CDS
20038,5794405,5796543,2138,gene
20039,5796428,5796543,115,mRNA
20040,5796130,5796310,180,mRNA
20041,5795549,5796061,512,mRNA
20042,5794405,5795143,738,mRNA
20043,5796428,5796543,115,mRNA
20044,5796130,5796374,244,mRNA
20045,5795549,5796061,512,mRNA
20046,5794405,5795143,738,mRNA
20047,5796130,5796401,271,mRNA
20048,5795549,5796061,512,mRNA
20049,5794405,5795143,738,mRNA
20050,5796130,5796302,172,CDS
20051,5795549,5796061,512,CDS
20052,5794564,5795143,579,CDS
20053,5796130,5796302,172,CDS
20054,5795549,5796061,512,CDS
20055,5794564,5795143,579,CDS
20056,5796130,5796302,172,CDS
20057,5795549,5796061,512,CDS
20058,5794564,5795143,579,CDS
20059,5797549,5810931,13382,gene
20060,5810290,5810931,641,mRNA
20061,5807948,5807988,40,mRNA
20062,5807134,5807260,126,mRNA
20063,5806945,5807076,131,mRNA
20064,5806747,5806880,133,mRNA
20065,5806493,5806684,191,mRNA
20066,5806315,5806405,90,mRNA
20067,5806007,5806255,248,mRNA
20068,5805828,5805935,107,mRNA
20069,5797549,5800717,3168,mRNA
20070,5810290,5810931,641,mRNA
20071,5807948,5807988,40,mRNA
20072,5807134,5807260,126,mRNA
20073,5806945,5807076,131,mRNA
20074,5806747,5806880,133,mRNA
20075,5806493,5806684,191,mRNA
20076,5806315,5806405,90,mRNA
20077,5806007,5806255,248,mRNA
20078,5805828,5805935,107,mRNA
20079,5798948,5800717,1769,mRNA
20080,5810290,5810400,110,CDS
20081,5807948,5807988,40,CDS
20082,5807134,5807260,126,CDS
20083,5806945,5807076,131,CDS
20084,5806747,5806880,133,CDS
20085,5806493,5806684,191,CDS
20086,5806315,5806405,90,CDS
20087,5806007,5806255,248,CDS
20088,5805828,5805935,107,CDS
20089,5800430,5800717,287,CDS
20090,5810290,5810400,110,CDS
20091,5807948,5807988,40,CDS
20092,5807134,5807260,126,CDS
20093,5806945,5807076,131,CDS
20094,5806747,5806880,133,CDS
20095,5806493,5806684,191,CDS
20096,5806315,5806405,90,CDS
20097,5806007,5806255,248,CDS
20098,5805828,5805935,107,CDS
20099,5800430,5800717,287,CDS
20100,5803033,5805749,2716,gene
20101,5803033,5803423,390,mRNA
20102,5804220,5805413,1193,mRNA
20103,5805473,5805749,276,mRNA
20104,5803033,5803423,390,CDS
20105,5804220,5805413,1193,CDS
20106,5805473,5805642,169,CDS
20107,5803664,5805413,1749,mRNA
20108,5805473,5805749,276,mRNA
20109,5804279,5805413,1134,CDS
20110,5805473,5805642,169,CDS
20111,5810973,5812228,1255,gene
20112,5810973,5811320,347,mRNA
20113,5811386,5812228,842,mRNA
20114,5810973,5811320,347,mRNA
20115,5811386,5811979,593,mRNA
20116,5812065,5812228,163,mRNA
20117,5810973,5811320,347,mRNA
20118,5811386,5811918,532,mRNA
20119,5812065,5812228,163,mRNA
20120,5811079,5811320,241,CDS
20121,5811386,5811918,532,CDS
20122,5812065,5812075,10,CDS
20123,5811079,5811320,241,CDS
20124,5811386,5811929,543,CDS
20125,5811079,5811320,241,CDS
20126,5811386,5811929,543,CDS
20127,5812135,5813093,958,gene
20128,5812942,5813093,151,mRNA
20129,5812715,5812861,146,mRNA
20130,5812135,5812653,518,mRNA
20131,5812942,5813014,72,CDS
20132,5812715,5812861,146,CDS
20133,5812250,5812653,403,CDS
20134,5813338,5845664,32326,gene
20135,5842208,5845664,3456,mRNA
20136,5818109,5818286,177,mRNA
20137,5817898,5818025,127,mRNA
20138,5817535,5817643,108,mRNA
20139,5816651,5816700,49,mRNA
20140,5813338,5813474,136,mRNA
20141,5842208,5843558,1350,CDS
20142,5818109,5818286,177,CDS
20143,5817898,5818025,127,CDS
20144,5817535,5817643,108,CDS
20145,5816651,5816700,49,CDS
20146,5813434,5813474,40,CDS
20147,5842208,5845664,3456,mRNA
20148,5818109,5818286,177,mRNA
20149,5817898,5818025,127,mRNA
20150,5817535,5817643,108,mRNA
20151,5816647,5816700,53,mRNA
20152,5813691,5814866,1175,mRNA
20153,5842208,5843558,1350,CDS
20154,5818109,5818286,177,CDS
20155,5817898,5818025,127,CDS
20156,5817535,5817643,108,CDS
20157,5816647,5816700,53,CDS
20158,5814815,5814866,51,CDS
20159,5871501,5873518,2017,gene
20160,5871501,5871765,264,mRNA
20161,5871822,5872333,511,mRNA
20162,5872385,5873518,1133,mRNA
20163,5871598,5871765,167,CDS
20164,5871822,5872333,511,CDS
20165,5872385,5873342,957,CDS
20166,5873311,5875466,2155,gene
20167,5873311,5873773,462,mRNA
20168,5873858,5874369,511,mRNA
20169,5874422,5875466,1044,mRNA
20170,5873532,5873800,268,mRNA
20171,5873858,5874369,511,mRNA
20172,5874422,5875457,1035,mRNA
20173,5873633,5873800,167,CDS
20174,5873858,5874369,511,CDS
20175,5874422,5875379,957,CDS
20176,5873633,5873773,140,CDS
20177,5873858,5874369,511,CDS
20178,5874422,5875379,957,CDS
20179,5882304,5884090,1786,gene
20180,5882304,5884090,1786,mRNA
20181,5882304,5884090,1786,mRNA
20182,5882407,5883819,1412,CDS
20183,5882407,5883792,1385,CDS
20184,5895691,5897435,1744,gene
20185,5896674,5897435,761,mRNA
20186,5895691,5896616,925,mRNA
20187,5896674,5897379,705,CDS
20188,5895745,5896616,871,CDS
20189,5897638,5899395,1757,gene
20190,5897638,5898290,652,mRNA
20191,5898359,5898551,192,mRNA
20192,5898609,5899395,786,mRNA
20193,5897648,5898290,642,CDS
20194,5898359,5898551,192,CDS
20195,5898609,5899395,786,CDS
20196,5899528,5900936,1408,gene
20197,5899528,5899747,219,mRNA
20198,5899805,5900057,252,mRNA
20199,5900115,5900608,493,mRNA
20200,5900673,5900936,263,mRNA
20201,5899599,5899747,148,CDS
20202,5899805,5900057,252,CDS
20203,5900115,5900608,493,CDS
20204,5900673,5900826,153,CDS
20205,5900835,5902456,1621,gene
20206,5902335,5902456,121,mRNA
20207,5902160,5902255,95,mRNA
20208,5901796,5902101,305,mRNA
20209,5901417,5901560,143,mRNA
20210,5901153,5901360,207,mRNA
20211,5900835,5901099,264,mRNA
20212,5902335,5902421,86,CDS
20213,5902160,5902255,95,CDS
20214,5901796,5902101,305,CDS
20215,5901417,5901560,143,CDS
20216,5901153,5901360,207,CDS
20217,5900918,5901099,181,CDS
20218,5902887,5904055,1168,gene
20219,5903585,5904055,470,mRNA
20220,5903417,5903527,110,mRNA
20221,5903151,5903361,210,mRNA
20222,5902887,5903092,205,mRNA
20223,5903585,5904055,470,CDS
20224,5903417,5903527,110,CDS
20225,5903151,5903361,210,CDS
20226,5902887,5903092,205,CDS
20227,5904211,5906699,2488,gene
20228,5906599,5906699,100,mRNA
20229,5905729,5906546,817,mRNA
20230,5905455,5905647,192,mRNA
20231,5904211,5905386,1175,mRNA
20232,5906599,5906699,100,mRNA
20233,5905455,5906546,1091,mRNA
20234,5904211,5905386,1175,mRNA
20235,5906599,5906699,100,CDS
20236,5905729,5906546,817,CDS
20237,5905455,5905647,192,CDS
20238,5904378,5905386,1008,CDS
20239,5906599,5906699,100,CDS
20240,5905664,5906546,882,CDS
20241,5907381,5917540,10159,gene
20242,5907381,5907879,498,mRNA
20243,5908584,5908707,123,mRNA
20244,5908814,5908899,85,mRNA
20245,5908972,5909130,158,mRNA
20246,5909210,5909296,86,mRNA
20247,5909392,5909596,204,mRNA
20248,5916917,5917031,114,mRNA
20249,5917107,5917540,433,mRNA
20250,5907381,5907879,498,mRNA
20251,5908584,5908707,123,mRNA
20252,5908814,5908899,85,mRNA
20253,5908972,5909130,158,mRNA
20254,5909210,5909296,86,mRNA
20255,5909392,5909596,204,mRNA
20256,5909664,5909895,231,mRNA
20257,5907805,5907879,74,CDS
20258,5908584,5908707,123,CDS
20259,5908814,5908899,85,CDS
20260,5908972,5909130,158,CDS
20261,5909210,5909296,86,CDS
20262,5909392,5909596,204,CDS
20263,5916917,5916933,16,CDS
20264,5907805,5907879,74,CDS
20265,5908584,5908707,123,CDS
20266,5908814,5908899,85,CDS
20267,5908972,5909130,158,CDS
20268,5909210,5909296,86,CDS
20269,5909392,5909596,204,CDS
20270,5909664,5909749,85,CDS
20271,5910086,5910271,185,mobile_element
20272,5917905,5921316,3411,gene
20273,5921137,5921316,179,mRNA
20274,5919563,5920751,1188,mRNA
20275,5918755,5918924,169,mRNA
20276,5918360,5918602,242,mRNA
20277,5917905,5918165,260,mRNA
20278,5921137,5921316,179,mRNA
20279,5919563,5920751,1188,mRNA
20280,5919125,5919319,194,mRNA
20281,5918755,5918924,169,mRNA
20282,5918360,5918602,242,mRNA
20283,5917905,5918165,260,mRNA
20284,5921137,5921205,68,CDS
20285,5919563,5920751,1188,CDS
20286,5918755,5918924,169,CDS
20287,5918360,5918602,242,CDS
20288,5918016,5918165,149,CDS
20289,5921137,5921205,68,CDS
20290,5919563,5920751,1188,CDS
20291,5919125,5919319,194,CDS
20292,5918755,5918924,169,CDS
20293,5918360,5918602,242,CDS
20294,5918016,5918165,149,CDS
20295,5918389,5919556,1167,gene
20296,5918389,5919344,955,ncRNA
20297,5919406,5919556,150,ncRNA
20298,5922055,5923567,1512,gene
20299,5922055,5922733,678,mRNA
20300,5922807,5923292,485,mRNA
20301,5923356,5923567,211,mRNA
20302,5922476,5922733,257,mRNA
20303,5922807,5923292,485,mRNA
20304,5923356,5923567,211,mRNA
20305,5922646,5922733,87,CDS
20306,5922807,5923292,485,CDS
20307,5923356,5923507,151,CDS
20308,5922646,5922733,87,CDS
20309,5922807,5923292,485,CDS
20310,5923356,5923507,151,CDS
20311,5923862,5930120,6258,gene
20312,5923862,5924195,333,mRNA
20313,5924837,5925322,485,mRNA
20314,5925401,5925624,223,mRNA
20315,5926737,5926834,97,mRNA
20316,5928224,5928296,72,mRNA
20317,5928537,5928640,103,mRNA
20318,5928704,5929039,335,mRNA
20319,5929104,5930120,1016,mRNA
20320,5923862,5924195,333,mRNA
20321,5924837,5925322,485,mRNA
20322,5925401,5925624,223,mRNA
20323,5928224,5928296,72,mRNA
20324,5928537,5928640,103,mRNA
20325,5928704,5929039,335,mRNA
20326,5929104,5930120,1016,mRNA
20327,5923862,5924195,333,mRNA
20328,5924837,5925322,485,mRNA
20329,5925401,5925624,223,mRNA
20330,5928224,5928296,72,mRNA
20331,5928537,5928640,103,mRNA
20332,5928704,5929039,335,mRNA
20333,5929104,5930120,1016,mRNA
20334,5924105,5924195,90,CDS
20335,5924837,5925322,485,CDS
20336,5925401,5925624,223,CDS
20337,5928224,5928296,72,CDS
20338,5928537,5928640,103,CDS
20339,5928704,5929039,335,CDS
20340,5929104,5929754,650,CDS
20341,5924105,5924195,90,CDS
20342,5924837,5925322,485,CDS
20343,5925401,5925624,223,CDS
20344,5928224,5928296,72,CDS
20345,5928537,5928640,103,CDS
20346,5928704,5929039,335,CDS
20347,5929104,5929286,182,CDS
20348,5924105,5924195,90,CDS
20349,5924837,5925322,485,CDS
20350,5925401,5925624,223,CDS
20351,5926737,5926793,56,CDS
20352,5926374,5926501,127,mobile_element
20353,5926871,5927066,195,mRNA
20354,5928224,5928296,72,mRNA
20355,5928537,5928640,103,mRNA
20356,5928704,5929039,335,mRNA
20357,5929104,5929902,798,mRNA
20358,5927058,5927066,8,CDS
20359,5928224,5928296,72,CDS
20360,5928537,5928640,103,CDS
20361,5928704,5929039,335,CDS
20362,5929104,5929286,182,CDS
20363,5927782,5927907,125,mRNA
20364,5928224,5928296,72,mRNA
20365,5928537,5928640,103,mRNA
20366,5928704,5929039,335,mRNA
20367,5929104,5930120,1016,mRNA
20368,5927881,5927907,26,CDS
20369,5928224,5928296,72,CDS
20370,5928537,5928640,103,CDS
20371,5928704,5929039,335,CDS
20372,5929104,5929286,182,CDS
20373,5928416,5928640,224,mRNA
20374,5928704,5929039,335,mRNA
20375,5929104,5929902,798,mRNA
20376,5928539,5928640,101,CDS
20377,5928704,5929039,335,CDS
20378,5929104,5929286,182,CDS
20379,5930262,5932773,2511,gene
20380,5932406,5932773,367,mRNA
20381,5931618,5932317,699,mRNA
20382,5930262,5931558,1296,mRNA
20383,5932525,5932612,87,mRNA
20384,5931618,5932317,699,mRNA
20385,5930262,5931558,1296,mRNA
20386,5932525,5932612,87,mRNA
20387,5932406,5932464,58,mRNA
20388,5931618,5932317,699,mRNA
20389,5930262,5931558,1296,mRNA
20390,5931618,5932281,663,CDS
20391,5930579,5931558,979,CDS
20392,5931618,5932281,663,CDS
20393,5930579,5931558,979,CDS
20394,5931618,5932281,663,CDS
20395,5930579,5931558,979,CDS
20396,5933036,5950658,17622,gene
20397,5950293,5950658,365,mRNA
20398,5937829,5938006,177,mRNA
20399,5937399,5937732,333,mRNA
20400,5934405,5934693,288,mRNA
20401,5934054,5934334,280,mRNA
20402,5933036,5933991,955,mRNA
20403,5935185,5935303,118,mRNA
20404,5934405,5934693,288,mRNA
20405,5934054,5934334,280,mRNA
20406,5933365,5933991,626,mRNA
20407,5937829,5937968,139,CDS
20408,5937399,5937732,333,CDS
20409,5934405,5934693,288,CDS
20410,5934054,5934334,280,CDS
20411,5933770,5933991,221,CDS
20412,5934405,5934678,273,CDS
20413,5934054,5934334,280,CDS
20414,5933770,5933991,221,CDS
20415,5967545,5976007,8462,gene
20416,5975645,5976007,362,mRNA
20417,5968814,5969074,260,mRNA
20418,5967545,5968593,1048,mRNA
20419,5975645,5976007,362,mRNA
20420,5968814,5969074,260,mRNA
20421,5967545,5968596,1051,mRNA
20422,5975645,5975737,92,CDS
20423,5968814,5969074,260,CDS
20424,5967811,5968593,782,CDS
20425,5975645,5975737,92,CDS
20426,5968814,5969074,260,CDS
20427,5967811,5968596,785,CDS
20428,5983670,5983870,200,gene
20429,5983670,5983870,200,ncRNA
20430,5984120,5984340,220,gene
20431,5984120,5984340,220,ncRNA
20432,5997208,6026317,29109,gene
20433,5997208,5997653,445,mRNA
20434,6018060,6018150,90,mRNA
20435,6019070,6019857,787,mRNA
20436,6020060,6020162,102,mRNA
20437,6024631,6024892,261,mRNA
20438,6025009,6025337,328,mRNA
20439,6025418,6026317,899,mRNA
20440,6001782,6004376,2594,mobile_element
20441,6009446,6011021,1575,gene
20442,6010652,6011021,369,mRNA
20443,6009446,6010584,1138,mRNA
20444,6010652,6010951,299,CDS
20445,6009556,6010584,1028,CDS
20446,6019337,6019857,520,CDS
20447,6020060,6020162,102,CDS
20448,6024631,6024892,261,CDS
20449,6025009,6025337,328,CDS
20450,6025418,6025627,209,CDS
20451,6033199,6034611,1412,gene
20452,6034346,6034611,265,mRNA
20453,6033199,6034293,1094,mRNA
20454,6034346,6034611,265,mRNA
20455,6033521,6034293,772,mRNA
20456,6034346,6034605,259,CDS
20457,6033735,6034293,558,CDS
20458,6034346,6034605,259,CDS
20459,6033735,6034293,558,CDS
20460,6035216,6036175,959,gene
20461,6035216,6035502,286,mRNA
20462,6035559,6036175,616,mRNA
20463,6035243,6035502,259,CDS
20464,6035559,6036111,552,CDS
20465,6036490,6036915,425,gene
20466,6036490,6036915,425,ncRNA
20467,6037111,6038188,1077,gene
20468,6037111,6038188,1077,mRNA
20469,6037111,6038070,959,CDS
20470,6039155,6040135,980,gene
20471,6039155,6039452,297,mRNA
20472,6039530,6040135,605,mRNA
20473,6039196,6039452,256,CDS
20474,6039530,6040088,558,CDS
20475,6040416,6042720,2304,mobile_element
20476,6050757,6051690,933,gene
20477,6050757,6051036,279,mRNA
20478,6051096,6051690,594,mRNA
20479,6050777,6051036,259,CDS
20480,6051096,6051660,564,CDS
20481,6052321,6053215,894,gene
20482,6052321,6052664,343,mRNA
20483,6052727,6053215,488,mRNA
20484,6052350,6052664,314,CDS
20485,6052727,6053191,464,CDS
20486,6053340,6053385,45,mobile_element
20487,6053493,6054443,950,gene
20488,6053493,6054443,950,mRNA
20489,6053584,6054443,859,mRNA
20490,6053628,6054416,788,CDS
20491,6053628,6054416,788,CDS
20492,6055136,6057002,1866,gene
20493,6055136,6055419,283,mRNA
20494,6055577,6055663,86,mRNA
20495,6055717,6057002,1285,mRNA
20496,6055136,6055419,283,mRNA
20497,6055577,6055663,86,mRNA
20498,6055717,6056839,1122,mRNA
20499,6055608,6055663,55,CDS
20500,6055717,6056560,843,CDS
20501,6055608,6055663,55,CDS
20502,6055717,6056560,843,CDS
20503,6059041,6059448,407,gene
20504,6059041,6059448,407,ncRNA
20505,6059658,6061378,1720,gene
20506,6059658,6060454,796,mRNA
20507,6060513,6060688,175,mRNA
20508,6060747,6061378,631,mRNA
20509,6059946,6060454,508,CDS
20510,6060513,6060688,175,CDS
20511,6060747,6061378,631,CDS
20512,6061372,6062910,1538,gene
20513,6062434,6062910,476,mRNA
20514,6062274,6062372,98,mRNA
20515,6061372,6061731,359,mRNA
20516,6062434,6062893,459,CDS
20517,6062274,6062372,98,CDS
20518,6061418,6061731,313,CDS
20519,6066296,6071545,5249,gene
20520,6066296,6066889,593,mRNA
20521,6069450,6069892,442,mRNA
20522,6070221,6071545,1324,mRNA
20523,6066495,6066889,394,CDS
20524,6069450,6069892,442,CDS
20525,6070221,6071371,1150,CDS
20526,6072139,6073539,1400,gene
20527,6072139,6073539,1400,mRNA
20528,6072144,6073454,1310,CDS
20529,6073490,6075245,1755,gene
20530,6075033,6075245,212,mRNA
20531,6074548,6074972,424,mRNA
20532,6073490,6074489,999,mRNA
20533,6075033,6075117,84,CDS
20534,6074548,6074972,424,CDS
20535,6073542,6074489,947,CDS
20536,6075536,6076258,722,gene
20537,6075536,6075688,152,mRNA
20538,6075761,6075957,196,mRNA
20539,6076023,6076258,235,mRNA
20540,6075536,6075688,152,mRNA
20541,6075761,6075957,196,mRNA
20542,6076023,6076144,121,mRNA
20543,6076211,6076258,47,mRNA
20544,6075536,6075688,152,mRNA
20545,6075761,6075957,196,mRNA
20546,6076023,6076093,70,mRNA
20547,6075640,6075688,48,CDS
20548,6075761,6075957,196,CDS
20549,6076023,6076052,29,CDS
20550,6075640,6075688,48,CDS
20551,6075761,6075957,196,CDS
20552,6076023,6076052,29,CDS
20553,6075640,6075688,48,CDS
20554,6075761,6075957,196,CDS
20555,6076023,6076052,29,CDS
20556,6076722,6082491,5769,gene
20557,6076722,6077345,623,mRNA
20558,6078919,6079281,362,mRNA
20559,6079342,6082491,3149,mRNA
20560,6076722,6077345,623,mRNA
20561,6078919,6079281,362,mRNA
20562,6079342,6081533,2191,mRNA
20563,6077040,6077345,305,CDS
20564,6078919,6079281,362,CDS
20565,6079342,6081273,1931,CDS
20566,6077040,6077345,305,CDS
20567,6078919,6079281,362,CDS
20568,6079342,6081273,1931,CDS
20569,6082883,6092188,9305,gene
20570,6082883,6083353,470,mRNA
20571,6087217,6087366,149,mRNA
20572,6087424,6087606,182,mRNA
20573,6087668,6087898,230,mRNA
20574,6087955,6088077,122,mRNA
20575,6088706,6089151,445,mRNA
20576,6089210,6089464,254,mRNA
20577,6089526,6089729,203,mRNA
20578,6089790,6092188,2398,mRNA
20579,6082883,6083353,470,mRNA
20580,6087217,6087366,149,mRNA
20581,6087424,6087606,182,mRNA
20582,6087668,6087898,230,mRNA
20583,6087955,6088077,122,mRNA
20584,6088691,6089151,460,mRNA
20585,6089210,6089464,254,mRNA
20586,6089526,6089729,203,mRNA
20587,6089790,6090264,474,mRNA
20588,6082883,6083353,470,mRNA
20589,6087217,6087366,149,mRNA
20590,6087424,6087606,182,mRNA
20591,6087668,6087886,218,mRNA
20592,6087943,6088077,134,mRNA
20593,6088691,6089151,460,mRNA
20594,6089210,6089464,254,mRNA
20595,6089526,6089729,203,mRNA
20596,6089790,6090264,474,mRNA
20597,6082883,6083353,470,mRNA
20598,6087220,6087366,146,mRNA
20599,6087424,6087606,182,mRNA
20600,6087668,6087898,230,mRNA
20601,6087955,6088077,122,mRNA
20602,6088691,6089151,460,mRNA
20603,6089210,6089464,254,mRNA
20604,6089526,6089729,203,mRNA
20605,6089790,6090264,474,mRNA
20606,6087269,6087366,97,CDS
20607,6087424,6087606,182,CDS
20608,6087668,6087898,230,CDS
20609,6087955,6088077,122,CDS
20610,6088691,6089151,460,CDS
20611,6089210,6089464,254,CDS
20612,6089526,6089729,203,CDS
20613,6089790,6090034,244,CDS
20614,6087269,6087366,97,CDS
20615,6087424,6087606,182,CDS
20616,6087668,6087898,230,CDS
20617,6087955,6088077,122,CDS
20618,6088691,6089151,460,CDS
20619,6089210,6089464,254,CDS
20620,6089526,6089729,203,CDS
20621,6089790,6090034,244,CDS
20622,6087269,6087366,97,CDS
20623,6087424,6087606,182,CDS
20624,6087668,6087898,230,CDS
20625,6087955,6088077,122,CDS
20626,6088706,6089151,445,CDS
20627,6089210,6089464,254,CDS
20628,6089526,6089729,203,CDS
20629,6089790,6090034,244,CDS
20630,6087269,6087366,97,CDS
20631,6087424,6087606,182,CDS
20632,6087668,6087886,218,CDS
20633,6087943,6088077,134,CDS
20634,6088691,6089151,460,CDS
20635,6089210,6089464,254,CDS
20636,6089526,6089729,203,CDS
20637,6089790,6090034,244,CDS
20638,6092188,6093313,1125,gene
20639,6092850,6093313,463,mRNA
20640,6092188,6092790,602,mRNA
20641,6092850,6093085,235,CDS
20642,6092223,6092790,567,CDS
20643,6093204,6094747,1543,gene
20644,6093204,6094747,1543,mRNA
20645,6093301,6094395,1094,CDS
20646,6094987,6096517,1530,gene
20647,6094987,6095343,356,mRNA
20648,6095410,6095487,77,mRNA
20649,6095649,6095912,263,mRNA
20650,6095984,6096151,167,mRNA
20651,6096206,6096517,311,mRNA
20652,6094987,6095017,30,mRNA
20653,6095093,6095343,250,mRNA
20654,6095410,6095487,77,mRNA
20655,6095649,6095912,263,mRNA
20656,6095984,6096151,167,mRNA
20657,6096206,6096517,311,mRNA
20658,6094987,6095017,30,mRNA
20659,6095113,6095343,230,mRNA
20660,6095410,6095487,77,mRNA
20661,6095649,6095912,263,mRNA
20662,6095984,6096151,167,mRNA
20663,6096206,6096517,311,mRNA
20664,6095197,6095343,146,CDS
20665,6095410,6095487,77,CDS
20666,6095649,6095912,263,CDS
20667,6095984,6096151,167,CDS
20668,6096206,6096262,56,CDS
20669,6095197,6095343,146,CDS
20670,6095410,6095487,77,CDS
20671,6095649,6095912,263,CDS
20672,6095984,6096151,167,CDS
20673,6096206,6096262,56,CDS
20674,6095197,6095343,146,CDS
20675,6095410,6095487,77,CDS
20676,6095649,6095912,263,CDS
20677,6095984,6096151,167,CDS
20678,6096206,6096262,56,CDS
20679,6097617,6123913,26296,gene
20680,6097617,6098471,854,mRNA
20681,6100469,6100762,293,mRNA
20682,6100935,6101311,376,mRNA
20683,6103625,6103792,167,mRNA
20684,6112371,6112421,50,mRNA
20685,6114294,6114353,59,mRNA
20686,6115955,6116002,47,mRNA
20687,6118959,6119148,189,mRNA
20688,6121494,6121702,208,mRNA
20689,6121976,6123913,1937,mRNA
20690,6097617,6098471,854,mRNA
20691,6100469,6100762,293,mRNA
20692,6100935,6101311,376,mRNA
20693,6103625,6103792,167,mRNA
20694,6112371,6112421,50,mRNA
20695,6114294,6114353,59,mRNA
20696,6115955,6116002,47,mRNA
20697,6118959,6119148,189,mRNA
20698,6121494,6121702,208,mRNA
20699,6121976,6123913,1937,mRNA
20700,6097617,6098471,854,mRNA
20701,6100469,6100762,293,mRNA
20702,6100935,6101311,376,mRNA
20703,6103625,6103792,167,mRNA
20704,6112371,6112421,50,mRNA
20705,6114294,6114353,59,mRNA
20706,6115955,6116002,47,mRNA
20707,6118959,6119148,189,mRNA
20708,6121494,6121702,208,mRNA
20709,6121976,6123913,1937,mRNA
20710,6097617,6098471,854,mRNA
20711,6100469,6100762,293,mRNA
20712,6100935,6101311,376,mRNA
20713,6103625,6103792,167,mRNA
20714,6112371,6112421,50,mRNA
20715,6114294,6114353,59,mRNA
20716,6115955,6116002,47,mRNA
20717,6118959,6119148,189,mRNA
20718,6121494,6121702,208,mRNA
20719,6121976,6123913,1937,mRNA
20720,6100530,6100762,232,CDS
20721,6100935,6101311,376,CDS
20722,6103625,6103792,167,CDS
20723,6112371,6112421,50,CDS
20724,6114294,6114353,59,CDS
20725,6115955,6116002,47,CDS
20726,6118959,6119148,189,CDS
20727,6121494,6121702,208,CDS
20728,6121976,6122826,850,CDS
20729,6100530,6100762,232,CDS
20730,6100935,6101311,376,CDS
20731,6103625,6103792,167,CDS
20732,6112371,6112421,50,CDS
20733,6114294,6114353,59,CDS
20734,6115955,6116002,47,CDS
20735,6118959,6119148,189,CDS
20736,6121494,6121702,208,CDS
20737,6121976,6122613,637,CDS
20738,6100530,6100762,232,CDS
20739,6100935,6101311,376,CDS
20740,6103625,6103792,167,CDS
20741,6112371,6112421,50,CDS
20742,6114294,6114353,59,CDS
20743,6115955,6116002,47,CDS
20744,6118959,6119148,189,CDS
20745,6121494,6121702,208,CDS
20746,6121976,6122139,163,CDS
20747,6100530,6100762,232,CDS
20748,6100935,6101311,376,CDS
20749,6103625,6103792,167,CDS
20750,6112371,6112421,50,CDS
20751,6114294,6114353,59,CDS
20752,6115955,6116002,47,CDS
20753,6118959,6119148,189,CDS
20754,6121494,6121702,208,CDS
20755,6121976,6122112,136,CDS
20756,6104850,6105198,348,gene
20757,6104850,6105198,348,ncRNA
20758,6111467,6112198,731,mRNA
20759,6112371,6112421,50,mRNA
20760,6114294,6114353,59,mRNA
20761,6115955,6116002,47,mRNA
20762,6118959,6119148,189,mRNA
20763,6121494,6121702,208,mRNA
20764,6121976,6122862,886,mRNA
20765,6112120,6112198,78,CDS
20766,6112371,6112421,50,CDS
20767,6114294,6114353,59,CDS
20768,6115955,6116002,47,CDS
20769,6118959,6119148,189,CDS
20770,6121494,6121702,208,CDS
20771,6121976,6122112,136,CDS
20772,6123934,6128807,4873,gene
20773,6128529,6128807,278,mRNA
20774,6128361,6128469,108,mRNA
20775,6126354,6126497,143,mRNA
20776,6125826,6125993,167,mRNA
20777,6124807,6124869,62,mRNA
20778,6123934,6124738,804,mRNA
20779,6128529,6128807,278,mRNA
20780,6128361,6128469,108,mRNA
20781,6126354,6126497,143,mRNA
20782,6125826,6125993,167,mRNA
20783,6125073,6125654,581,mRNA
20784,6124807,6124869,62,mRNA
20785,6123934,6124738,804,mRNA
20786,6128529,6128807,278,mRNA
20787,6128361,6128469,108,mRNA
20788,6126354,6126497,143,mRNA
20789,6125073,6125993,920,mRNA
20790,6124807,6124869,62,mRNA
20791,6123934,6124738,804,mRNA
20792,6128529,6128561,32,CDS
20793,6128361,6128469,108,CDS
20794,6126354,6126497,143,CDS
20795,6125826,6125993,167,CDS
20796,6124807,6124869,62,CDS
20797,6124047,6124738,691,CDS
20798,6128529,6128561,32,CDS
20799,6128361,6128469,108,CDS
20800,6126354,6126497,143,CDS
20801,6125826,6125993,167,CDS
20802,6125073,6125654,581,CDS
20803,6124807,6124869,62,CDS
20804,6124047,6124738,691,CDS
20805,6128529,6128561,32,CDS
20806,6128361,6128469,108,CDS
20807,6126354,6126497,143,CDS
20808,6125073,6125993,920,CDS
20809,6124807,6124869,62,CDS
20810,6124047,6124738,691,CDS
20811,6125405,6129890,4485,gene
20812,6125405,6129890,4485,ncRNA
20813,6125405,6126006,601,ncRNA
20814,6130386,6130989,603,gene
20815,6130811,6130989,178,mRNA
20816,6130386,6130749,363,mRNA
20817,6130811,6130929,118,CDS
20818,6130551,6130749,198,CDS
20819,6131242,6132109,867,gene
20820,6131948,6132109,161,mRNA
20821,6131242,6131605,363,mRNA
20822,6131948,6132109,161,mRNA
20823,6131315,6131605,290,mRNA
20824,6131948,6132081,133,CDS
20825,6131419,6131605,186,CDS
20826,6131948,6132081,133,CDS
20827,6131419,6131605,186,CDS
20828,6132990,6133593,603,gene
20829,6133414,6133593,179,mRNA
20830,6132990,6133352,362,mRNA
20831,6133414,6133532,118,CDS
20832,6133154,6133352,198,CDS
20833,6133987,6134395,408,mobile_element
20834,6134697,6135274,577,gene
20835,6135095,6135274,179,mRNA
20836,6134697,6135033,336,mRNA
20837,6135095,6135213,118,CDS
20838,6134835,6135033,198,CDS
20839,6135618,6136129,511,mobile_element
20840,6136215,6136791,576,gene
20841,6136637,6136791,154,mRNA
20842,6136215,6136578,363,mRNA
20843,6136637,6136740,103,CDS
20844,6136380,6136578,198,CDS
20845,6137583,6138118,535,gene
20846,6137972,6138118,146,mRNA
20847,6137583,6137911,328,mRNA
20848,6137972,6138078,106,CDS
20849,6137719,6137911,192,CDS
20850,6139223,6139974,751,gene
20851,6139716,6139974,258,mRNA
20852,6139223,6139605,382,mRNA
20853,6139716,6139861,145,CDS
20854,6139416,6139605,189,CDS
20855,6141903,6142413,510,gene
20856,6142253,6142413,160,mRNA
20857,6141903,6142187,284,mRNA
20858,6142249,6142413,164,mRNA
20859,6141903,6142187,284,mRNA
20860,6142253,6142383,130,CDS
20861,6141965,6142187,222,CDS
20862,6142249,6142286,37,CDS
20863,6141965,6142187,222,CDS
20864,6143395,6144101,706,gene
20865,6143395,6143599,204,mRNA
20866,6143691,6144101,410,mRNA
20867,6143395,6143599,204,mRNA
20868,6143691,6144006,315,mRNA
20869,6143469,6143599,130,CDS
20870,6143691,6143886,195,CDS
20871,6143469,6143599,130,CDS
20872,6143691,6143886,195,CDS
20873,6144819,6145393,574,gene
20874,6144819,6145038,219,mRNA
20875,6145109,6145393,284,mRNA
20876,6144911,6145038,127,CDS
20877,6145109,6145310,201,CDS
20878,6146021,6146208,187,mobile_element
20879,6146674,6147089,415,gene
20880,6146674,6147089,415,mRNA
20881,6146722,6147036,314,CDS
20882,6147531,6147987,456,gene
20883,6147830,6147987,157,mRNA
20884,6147531,6147761,230,mRNA
20885,6147830,6147939,109,CDS
20886,6147563,6147761,198,CDS
20887,6148353,6148615,262,gene
20888,6148353,6148615,262,exon
20889,6148652,6149079,427,mobile_element
20890,6149548,6149960,412,gene
20891,6149548,6149960,412,mRNA
20892,6149593,6149907,314,CDS
20893,6150058,6150857,799,gene
20894,6150701,6150857,156,mRNA
20895,6150058,6150632,574,mRNA
20896,6150701,6150857,156,mRNA
20897,6150402,6150632,230,mRNA
20898,6150701,6150810,109,CDS
20899,6150434,6150632,198,CDS
20900,6150701,6150810,109,CDS
20901,6150434,6150632,198,CDS
20902,6151304,6151803,499,gene
20903,6151304,6151803,499,mRNA
20904,6151333,6151641,308,CDS
20905,6152050,6152745,695,gene
20906,6152668,6152745,77,mRNA
20907,6152050,6152586,536,mRNA
20908,6152668,6152679,11,CDS
20909,6152281,6152586,305,CDS
20910,6154714,6155203,489,gene
20911,6154714,6155203,489,ncRNA
20912,6156592,6157377,785,gene
20913,6157088,6157377,289,mRNA
20914,6156592,6156896,304,mRNA
20915,6157088,6157347,259,CDS
20916,6156719,6156896,177,CDS
20917,6158075,6158630,555,gene
20918,6158556,6158630,74,mRNA
20919,6158405,6158496,91,mRNA
20920,6158075,6158348,273,mRNA
20921,6158556,6158564,8,CDS
20922,6158405,6158496,91,CDS
20923,6158120,6158348,228,CDS
20924,6160814,6161589,775,gene
20925,6160814,6161203,389,mRNA
20926,6161260,6161589,329,mRNA
20927,6160814,6161203,389,CDS
20928,6161260,6161589,329,CDS
20929,6162695,6163102,407,gene
20930,6162695,6163102,407,ncRNA
20931,6163127,6164682,1555,gene
20932,6163127,6163685,558,mRNA
20933,6163814,6164682,868,mRNA
20934,6163157,6163685,528,CDS
20935,6163814,6164682,868,CDS
20936,6164916,6173880,8964,gene
20937,6173760,6173880,120,mRNA
20938,6173377,6173536,159,mRNA
20939,6173111,6173310,199,mRNA
20940,6172732,6173056,324,mRNA
20941,6172357,6172670,313,mRNA
20942,6172156,6172294,138,mRNA
20943,6171982,6172100,118,mRNA
20944,6171348,6171921,573,mRNA
20945,6171228,6171292,64,mRNA
20946,6170117,6171169,1052,mRNA
20947,6164916,6169927,5011,mRNA
20948,6173760,6173880,120,mRNA
20949,6173377,6173536,159,mRNA
20950,6173111,6173310,199,mRNA
20951,6172732,6173056,324,mRNA
20952,6172357,6172670,313,mRNA
20953,6172156,6172294,138,mRNA
20954,6171982,6172100,118,mRNA
20955,6171348,6171921,573,mRNA
20956,6171228,6171292,64,mRNA
20957,6170117,6171169,1052,mRNA
20958,6167313,6169927,2614,mRNA
20959,6173760,6173880,120,mRNA
20960,6173377,6173536,159,mRNA
20961,6173111,6173310,199,mRNA
20962,6172732,6173056,324,mRNA
20963,6172357,6172670,313,mRNA
20964,6172156,6172294,138,mRNA
20965,6171982,6172100,118,mRNA
20966,6171348,6171921,573,mRNA
20967,6171228,6171292,64,mRNA
20968,6170877,6171169,292,mRNA
20969,6170117,6170804,687,mRNA
20970,6169569,6169927,358,mRNA
20971,6173760,6173880,120,mRNA
20972,6173377,6173536,159,mRNA
20973,6173111,6173310,199,mRNA
20974,6172732,6173056,324,mRNA
20975,6172357,6172670,313,mRNA
20976,6172156,6172294,138,mRNA
20977,6171982,6172100,118,mRNA
20978,6171348,6171921,573,mRNA
20979,6171228,6171292,64,mRNA
20980,6170117,6171169,1052,mRNA
20981,6169569,6169942,373,mRNA
20982,6173377,6173436,59,CDS
20983,6173111,6173310,199,CDS
20984,6172732,6173056,324,CDS
20985,6172357,6172670,313,CDS
20986,6172156,6172294,138,CDS
20987,6171982,6172100,118,CDS
20988,6171348,6171921,573,CDS
20989,6171228,6171292,64,CDS
20990,6170877,6171169,292,CDS
20991,6170117,6170804,687,CDS
20992,6169801,6169927,126,CDS
20993,6173377,6173436,59,CDS
20994,6173111,6173310,199,CDS
20995,6172732,6173056,324,CDS
20996,6172357,6172670,313,CDS
20997,6172156,6172294,138,CDS
20998,6171982,6172100,118,CDS
20999,6171348,6171921,573,CDS
21000,6171228,6171292,64,CDS
21001,6170117,6171169,1052,CDS
21002,6169801,6169927,126,CDS
21003,6173377,6173436,59,CDS
21004,6173111,6173310,199,CDS
21005,6172732,6173056,324,CDS
21006,6172357,6172670,313,CDS
21007,6172156,6172294,138,CDS
21008,6171982,6172100,118,CDS
21009,6171348,6171921,573,CDS
21010,6171228,6171292,64,CDS
21011,6170117,6171169,1052,CDS
21012,6169801,6169927,126,CDS
21013,6173377,6173436,59,CDS
21014,6173111,6173310,199,CDS
21015,6172732,6173056,324,CDS
21016,6172357,6172670,313,CDS
21017,6172156,6172294,138,CDS
21018,6171982,6172100,118,CDS
21019,6171348,6171921,573,CDS
21020,6171228,6171292,64,CDS
21021,6170117,6171169,1052,CDS
21022,6169801,6169942,141,CDS
21023,6174248,6178941,4693,gene
21024,6174248,6174445,197,mRNA
21025,6174498,6175654,1156,mRNA
21026,6175720,6176435,715,mRNA
21027,6176501,6177056,555,mRNA
21028,6177122,6177296,174,mRNA
21029,6177357,6177742,385,mRNA
21030,6177803,6177918,115,mRNA
21031,6177976,6178207,231,mRNA
21032,6178265,6178425,160,mRNA
21033,6178482,6178941,459,mRNA
21034,6174248,6174445,197,mRNA
21035,6174498,6175654,1156,mRNA
21036,6175720,6176435,715,mRNA
21037,6176501,6177056,555,mRNA
21038,6177122,6177296,174,mRNA
21039,6177357,6177742,385,mRNA
21040,6177803,6177918,115,mRNA
21041,6177976,6178207,231,mRNA
21042,6178265,6178425,160,mRNA
21043,6178482,6178773,291,mRNA
21044,6174295,6174445,150,CDS
21045,6174498,6175654,1156,CDS
21046,6175720,6176435,715,CDS
21047,6176501,6177056,555,CDS
21048,6177122,6177296,174,CDS
21049,6177357,6177742,385,CDS
21050,6177803,6177918,115,CDS
21051,6177976,6178207,231,CDS
21052,6178265,6178425,160,CDS
21053,6178482,6178644,162,CDS
21054,6174295,6174445,150,CDS
21055,6174498,6175654,1156,CDS
21056,6175720,6176435,715,CDS
21057,6176501,6177056,555,CDS
21058,6177122,6177296,174,CDS
21059,6177357,6177742,385,CDS
21060,6177803,6177918,115,CDS
21061,6177976,6178207,231,CDS
21062,6178265,6178425,160,CDS
21063,6178482,6178644,162,CDS
21064,6178677,6181829,3152,gene
21065,6180849,6181829,980,mRNA
21066,6180181,6180794,613,mRNA
21067,6178677,6180115,1438,mRNA
21068,6180849,6181767,918,CDS
21069,6180181,6180794,613,CDS
21070,6179057,6180115,1058,CDS
21071,6182176,6184920,2744,gene
21072,6183931,6184920,989,mRNA
21073,6182176,6183870,1694,mRNA
21074,6183931,6184801,870,CDS
21075,6182417,6183870,1453,CDS
21076,6185189,6185853,664,gene
21077,6185189,6185309,120,mRNA
21078,6185381,6185644,263,mRNA
21079,6185704,6185853,149,mRNA
21080,6185330,6185630,300,mRNA
21081,6185704,6185853,149,mRNA
21082,6185396,6185644,248,CDS
21083,6185704,6185766,62,CDS
21084,6185396,6185630,234,CDS
21085,6185704,6185714,10,CDS
21086,6185830,6189123,3293,gene
21087,6188034,6189123,1089,mRNA
21088,6185830,6187972,2142,mRNA
21089,6188034,6188979,945,CDS
21090,6186381,6187972,1591,CDS
21091,6189745,6192049,2304,gene
21092,6189745,6191124,1379,mRNA
21093,6191183,6192049,866,mRNA
21094,6189814,6191124,1310,CDS
21095,6191183,6191860,677,CDS
21096,6192124,6193179,1055,gene
21097,6192965,6193179,214,mRNA
21098,6192776,6192894,118,mRNA
21099,6192124,6192709,585,mRNA
21100,6192965,6192982,17,CDS
21101,6192776,6192894,118,CDS
21102,6192481,6192709,228,CDS
21103,6193480,6200385,6905,gene
21104,6193480,6193622,142,mRNA
21105,6194045,6194150,105,mRNA
21106,6194218,6194889,671,mRNA
21107,6194973,6196085,1112,mRNA
21108,6196143,6196313,170,mRNA
21109,6196383,6196554,171,mRNA
21110,6196616,6196711,95,mRNA
21111,6197037,6197112,75,mRNA
21112,6197383,6197557,174,mRNA
21113,6197614,6200385,2771,mRNA
21114,6193480,6193543,63,mRNA
21115,6194048,6194150,102,mRNA
21116,6194218,6194889,671,mRNA
21117,6194973,6196085,1112,mRNA
21118,6196143,6196313,170,mRNA
21119,6196383,6196554,171,mRNA
21120,6196616,6196711,95,mRNA
21121,6197037,6197112,75,mRNA
21122,6197383,6197557,174,mRNA
21123,6197614,6200385,2771,mRNA
21124,6193480,6193622,142,mRNA
21125,6194048,6194150,102,mRNA
21126,6194218,6194889,671,mRNA
21127,6194973,6196085,1112,mRNA
21128,6196143,6196313,170,mRNA
21129,6196383,6196554,171,mRNA
21130,6196616,6196711,95,mRNA
21131,6197037,6197112,75,mRNA
21132,6197383,6197557,174,mRNA
21133,6197614,6199596,1982,mRNA
21134,6193746,6193847,101,mRNA
21135,6194045,6194150,105,mRNA
21136,6194218,6194889,671,mRNA
21137,6194973,6196085,1112,mRNA
21138,6196143,6196313,170,mRNA
21139,6196383,6196554,171,mRNA
21140,6196616,6196711,95,mRNA
21141,6197037,6197112,75,mRNA
21142,6197383,6197557,174,mRNA
21143,6197614,6199596,1982,mRNA
21144,6194052,6194150,98,CDS
21145,6194218,6194889,671,CDS
21146,6194973,6196085,1112,CDS
21147,6196143,6196313,170,CDS
21148,6196383,6196554,171,CDS
21149,6196616,6196711,95,CDS
21150,6197037,6197112,75,CDS
21151,6197383,6197557,174,CDS
21152,6197614,6197721,107,CDS
21153,6194052,6194150,98,CDS
21154,6194218,6194889,671,CDS
21155,6194973,6196085,1112,CDS
21156,6196143,6196313,170,CDS
21157,6196383,6196554,171,CDS
21158,6196616,6196711,95,CDS
21159,6197037,6197112,75,CDS
21160,6197383,6197557,174,CDS
21161,6197614,6197721,107,CDS
21162,6194052,6194150,98,CDS
21163,6194218,6194889,671,CDS
21164,6194973,6196085,1112,CDS
21165,6196143,6196313,170,CDS
21166,6196383,6196554,171,CDS
21167,6196616,6196711,95,CDS
21168,6197037,6197112,75,CDS
21169,6197383,6197557,174,CDS
21170,6197614,6197721,107,CDS
21171,6194052,6194150,98,CDS
21172,6194218,6194889,671,CDS
21173,6194973,6196085,1112,CDS
21174,6196143,6196313,170,CDS
21175,6196383,6196554,171,CDS
21176,6196616,6196711,95,CDS
21177,6197037,6197112,75,CDS
21178,6197383,6197557,174,CDS
21179,6197614,6197721,107,CDS
21180,6200473,6203776,3303,gene
21181,6200473,6200638,165,mRNA
21182,6200732,6201322,590,mRNA
21183,6201376,6202443,1067,mRNA
21184,6202501,6202671,170,mRNA
21185,6202726,6202897,171,mRNA
21186,6202959,6203054,95,mRNA
21187,6203110,6203185,75,mRNA
21188,6203251,6203425,174,mRNA
21189,6203487,6203776,289,mRNA
21190,6200540,6200638,98,CDS
21191,6200732,6201322,590,CDS
21192,6201376,6202443,1067,CDS
21193,6202501,6202671,170,CDS
21194,6202726,6202897,171,CDS
21195,6202959,6203054,95,CDS
21196,6203110,6203185,75,CDS
21197,6203251,6203425,174,CDS
21198,6203487,6203600,113,CDS
21199,6203831,6218022,14191,gene
21200,6217594,6218022,428,mRNA
21201,6217103,6217249,146,mRNA
21202,6215095,6215719,624,mRNA
21203,6214802,6215011,209,mRNA
21204,6214329,6214742,413,mRNA
21205,6213990,6214262,272,mRNA
21206,6213071,6213923,852,mRNA
21207,6212364,6213015,651,mRNA
21208,6212021,6212301,280,mRNA
21209,6211726,6211954,228,mRNA
21210,6211198,6211668,470,mRNA
21211,6209236,6211136,1900,mRNA
21212,6205977,6209168,3191,mRNA
21213,6205693,6205907,214,mRNA
21214,6203831,6205628,1797,mRNA
21215,6217594,6217815,221,CDS
21216,6217103,6217249,146,CDS
21217,6215095,6215719,624,CDS
21218,6214802,6215011,209,CDS
21219,6214329,6214742,413,CDS
21220,6213990,6214262,272,CDS
21221,6213071,6213923,852,CDS
21222,6212364,6213015,651,CDS
21223,6212021,6212301,280,CDS
21224,6211726,6211954,228,CDS
21225,6211198,6211668,470,CDS
21226,6209236,6211136,1900,CDS
21227,6205977,6209168,3191,CDS
21228,6205693,6205907,214,CDS
21229,6204175,6205628,1453,CDS
21230,6220578,6220949,371,gene
21231,6220578,6220677,99,mRNA
21232,6220740,6220949,209,mRNA
21233,6220644,6220677,33,CDS
21234,6220740,6220828,88,CDS
21235,6220970,6230063,9093,mobile_element
21236,6231805,6232361,556,gene
21237,6232264,6232361,97,mRNA
21238,6231805,6232200,395,mRNA
21239,6232264,6232324,60,CDS
21240,6231923,6232200,277,CDS
21241,6232469,6233381,912,gene
21242,6233337,6233381,44,mRNA
21243,6232837,6232990,153,mRNA
21244,6232469,6232772,303,mRNA
21245,6233300,6233381,81,mRNA
21246,6232837,6232990,153,mRNA
21247,6232469,6232772,303,mRNA
21248,6232837,6232921,84,CDS
21249,6232624,6232772,148,CDS
21250,6232837,6232921,84,CDS
21251,6232624,6232772,148,CDS
21252,6233491,6234056,565,gene
21253,6234005,6234056,51,mRNA
21254,6233777,6233944,167,mRNA
21255,6233491,6233721,230,mRNA
21256,6234005,6234038,33,CDS
21257,6233777,6233944,167,CDS
21258,6233618,6233721,103,CDS
21259,6234323,6240068,5745,gene
21260,6239273,6240068,795,mRNA
21261,6238536,6238781,245,mRNA
21262,6238309,6238480,171,mRNA
21263,6237141,6238025,884,mRNA
21264,6236242,6237083,841,mRNA
21265,6235628,6236188,560,mRNA
21266,6235191,6235572,381,mRNA
21267,6234762,6235118,356,mRNA
21268,6234323,6234701,378,mRNA
21269,6238895,6238991,96,mRNA
21270,6238536,6238781,245,mRNA
21271,6238309,6238480,171,mRNA
21272,6237141,6238025,884,mRNA
21273,6236242,6237083,841,mRNA
21274,6235628,6236188,560,mRNA
21275,6235191,6235572,381,mRNA
21276,6234762,6235118,356,mRNA
21277,6234323,6234701,378,mRNA
21278,6239273,6239589,316,CDS
21279,6238536,6238781,245,CDS
21280,6238309,6238480,171,CDS
21281,6237141,6238025,884,CDS
21282,6236242,6237083,841,CDS
21283,6235628,6236188,560,CDS
21284,6235191,6235572,381,CDS
21285,6234762,6235118,356,CDS
21286,6234501,6234701,200,CDS
21287,6238536,6238756,220,CDS
21288,6238309,6238480,171,CDS
21289,6237141,6238025,884,CDS
21290,6236242,6237083,841,CDS
21291,6235628,6236188,560,CDS
21292,6235191,6235572,381,CDS
21293,6234762,6235118,356,CDS
21294,6234501,6234701,200,CDS
21295,6240500,6245746,5246,gene
21296,6245630,6245746,116,mRNA
21297,6245001,6245320,319,mRNA
21298,6244480,6244725,245,mRNA
21299,6244256,6244427,171,mRNA
21300,6243881,6244195,314,mRNA
21301,6243365,6243821,456,mRNA
21302,6243210,6243310,100,mRNA
21303,6242753,6243140,387,mRNA
21304,6241988,6242696,708,mRNA
21305,6241635,6241931,296,mRNA
21306,6241206,6241572,366,mRNA
21307,6240500,6241145,645,mRNA
21308,6245001,6245302,301,CDS
21309,6244480,6244725,245,CDS
21310,6244256,6244427,171,CDS
21311,6243881,6244195,314,CDS
21312,6243365,6243821,456,CDS
21313,6243210,6243310,100,CDS
21314,6242753,6243140,387,CDS
21315,6241988,6242696,708,CDS
21316,6241635,6241931,296,CDS
21317,6241206,6241572,366,CDS
21318,6240591,6241145,554,CDS
21319,6245933,6256665,10732,gene
21320,6256547,6256665,118,mRNA
21321,6253500,6253863,363,mRNA
21322,6252259,6252369,110,mRNA
21323,6252008,6252194,186,mRNA
21324,6251580,6251948,368,mRNA
21325,6251371,6251499,128,mRNA
21326,6250610,6250717,107,mRNA
21327,6248546,6248785,239,mRNA
21328,6247907,6248216,309,mRNA
21329,6247671,6247763,92,mRNA
21330,6247358,6247600,242,mRNA
21331,6245933,6247206,1273,mRNA
21332,6253500,6253570,70,CDS
21333,6252259,6252369,110,CDS
21334,6252008,6252194,186,CDS
21335,6251580,6251948,368,CDS
21336,6251371,6251499,128,CDS
21337,6250610,6250717,107,CDS
21338,6248546,6248785,239,CDS
21339,6247907,6248216,309,CDS
21340,6247671,6247763,92,CDS
21341,6247358,6247600,242,CDS
21342,6246638,6247206,568,CDS
21343,6257423,6258760,1337,gene
21344,6258577,6258760,183,mRNA
21345,6257803,6258515,712,mRNA
21346,6257423,6257745,322,mRNA
21347,6258577,6258760,183,CDS
21348,6257803,6258515,712,CDS
21349,6257506,6257745,239,CDS
21350,6259105,6262694,3589,gene
21351,6262559,6262694,135,mRNA
21352,6260505,6260884,379,mRNA
21353,6259981,6260436,455,mRNA
21354,6259105,6259910,805,mRNA
21355,6262559,6262694,135,mRNA
21356,6260505,6260884,379,mRNA
21357,6259981,6260436,455,mRNA
21358,6259492,6259910,418,mRNA
21359,6261066,6261160,94,mRNA
21360,6260505,6260884,379,mRNA
21361,6259981,6260436,455,mRNA
21362,6259492,6259910,418,mRNA
21363,6260972,6261040,68,mRNA
21364,6260505,6260884,379,mRNA
21365,6259981,6260436,455,mRNA
21366,6259492,6259910,418,mRNA
21367,6260505,6260882,377,CDS
21368,6259981,6260436,455,CDS
21369,6259746,6259910,164,CDS
21370,6260505,6260882,377,CDS
21371,6259981,6260436,455,CDS
21372,6259746,6259910,164,CDS
21373,6260505,6260882,377,CDS
21374,6259981,6260436,455,CDS
21375,6259746,6259910,164,CDS
21376,6260505,6260882,377,CDS
21377,6259981,6260436,455,CDS
21378,6259746,6259910,164,CDS
21379,6263008,6263399,391,gene
21380,6263008,6263399,391,ncRNA
21381,6275787,6277035,1248,gene
21382,6275787,6276084,297,mRNA
21383,6276256,6277035,779,mRNA
21384,6275827,6276081,254,CDS
21385,6302747,6303361,614,gene
21386,6302747,6303361,614,ncRNA
21387,6304760,6305503,743,gene
21388,6305468,6305503,35,ncRNA
21389,6304760,6305400,640,ncRNA
21390,6305671,6306164,493,gene
21391,6305671,6306164,493,ncRNA
21392,6315178,6315522,344,mobile_element
21393,6320611,6322098,1487,gene
21394,6320611,6320750,139,mRNA
21395,6320805,6320976,171,mRNA
21396,6321041,6321564,523,mRNA
21397,6321618,6321981,363,mRNA
21398,6322045,6322098,53,mRNA
21399,6320611,6320750,139,CDS
21400,6320805,6320976,171,CDS
21401,6321041,6321564,523,CDS
21402,6321618,6321981,363,CDS
21403,6322045,6322098,53,CDS
21404,6325612,6327049,1437,gene
21405,6325612,6325721,109,mRNA
21406,6325776,6325947,171,mRNA
21407,6326002,6326522,520,mRNA
21408,6326579,6326942,363,mRNA
21409,6326996,6327049,53,mRNA
21410,6325612,6325721,109,CDS
21411,6325776,6325947,171,CDS
21412,6326002,6326522,520,CDS
21413,6326579,6326942,363,CDS
21414,6326996,6327049,53,CDS
21415,6327608,6329069,1461,gene
21416,6327608,6327729,121,mRNA
21417,6327786,6327957,171,mRNA
21418,6328019,6328539,520,mRNA
21419,6328595,6328958,363,mRNA
21420,6329016,6329069,53,mRNA
21421,6327608,6327729,121,CDS
21422,6327786,6327957,171,CDS
21423,6328019,6328539,520,CDS
21424,6328595,6328958,363,CDS
21425,6329016,6329069,53,CDS
21426,6329324,6352390,23066,gene
21427,6351157,6352390,1233,mRNA
21428,6332470,6333092,622,mRNA
21429,6332064,6332192,128,mRNA
21430,6329324,6331640,2316,mRNA
21431,6332470,6332896,426,CDS
21432,6332064,6332192,128,CDS
21433,6331030,6331640,610,CDS
21434,6335065,6335478,413,mobile_element
21435,6350276,6350829,553,gene
21436,6350276,6350829,553,mRNA
21437,6350310,6350735,425,CDS
21438,6369973,6370591,618,gene
21439,6369973,6370591,618,ncRNA
21440,6376706,6377197,491,gene
21441,6376706,6377197,491,ncRNA
21442,6400590,6485964,85374,gene
21443,6400590,6401193,603,mRNA
21444,6449107,6449128,21,mRNA
21445,6461558,6462050,492,mRNA
21446,6476543,6476645,102,mRNA
21447,6480295,6480317,22,mRNA
21448,6484231,6484562,331,mRNA
21449,6484685,6485964,1279,mRNA
21450,6405714,6432119,26405,mobile_element
21451,6461666,6462050,384,CDS
21452,6476543,6476645,102,CDS
21453,6480295,6480317,22,CDS
21454,6484231,6484562,331,CDS
21455,6484685,6485056,371,CDS
21456,6483636,6483675,39,mobile_element
21457,6486167,6488424,2257,gene
21458,6487856,6488424,568,mRNA
21459,6486167,6487795,1628,mRNA
21460,6487856,6488424,568,mRNA
21461,6486597,6487795,1198,mRNA
21462,6487856,6488341,485,CDS
21463,6486935,6487795,860,CDS
21464,6487856,6488341,485,CDS
21465,6486935,6487795,860,CDS
21466,6488681,6491210,2529,gene
21467,6488681,6488868,187,mRNA
21468,6488930,6489413,483,mRNA
21469,6489470,6489862,392,mRNA
21470,6489918,6490176,258,mRNA
21471,6490239,6490638,399,mRNA
21472,6490699,6490903,204,mRNA
21473,6490970,6491210,240,mRNA
21474,6488761,6488868,107,CDS
21475,6488930,6489413,483,CDS
21476,6489470,6489862,392,CDS
21477,6489918,6490176,258,CDS
21478,6490239,6490638,399,CDS
21479,6490699,6490903,204,CDS
21480,6490970,6491049,79,CDS
21481,6491230,6495297,4067,gene
21482,6495089,6495297,208,mRNA
21483,6493714,6495021,1307,mRNA
21484,6492797,6493654,857,mRNA
21485,6491230,6492739,1509,mRNA
21486,6495089,6495190,101,CDS
21487,6493714,6495021,1307,CDS
21488,6492797,6493654,857,CDS
21489,6491318,6492739,1421,CDS
21490,6495680,6550104,54424,gene
21491,6495680,6496481,801,mRNA
21492,6505083,6505119,36,mRNA
21493,6523030,6524096,1066,mRNA
21494,6534493,6534702,209,mRNA
21495,6544468,6546352,1884,mRNA
21496,6547249,6547601,352,mRNA
21497,6548687,6550104,1417,mRNA
21498,6495680,6496481,801,mRNA
21499,6523030,6524096,1066,mRNA
21500,6534493,6534702,209,mRNA
21501,6544468,6546352,1884,mRNA
21502,6547249,6547601,352,mRNA
21503,6548687,6550104,1417,mRNA
21504,6505569,6506393,824,gene
21505,6505569,6506393,824,ncRNA
21506,6523501,6524096,595,CDS
21507,6534493,6534702,209,CDS
21508,6544468,6546352,1884,CDS
21509,6547249,6547601,352,CDS
21510,6548687,6548789,102,CDS
21511,6523501,6524096,595,CDS
21512,6534493,6534702,209,CDS
21513,6544468,6546352,1884,CDS
21514,6547249,6547601,352,CDS
21515,6548687,6548789,102,CDS
21516,6530729,6532429,1700,gene
21517,6530729,6530919,190,mRNA
21518,6530972,6532429,1457,mRNA
21519,6530863,6530919,56,CDS
21520,6530972,6532303,1331,CDS
21521,6550738,6593940,43202,gene
21522,6550738,6550869,131,mRNA
21523,6551764,6551949,185,mRNA
21524,6562322,6562418,96,mRNA
21525,6562567,6562839,272,mRNA
21526,6590604,6590835,231,mRNA
21527,6590894,6590999,105,mRNA
21528,6591059,6591160,101,mRNA
21529,6591214,6591417,203,mRNA
21530,6591479,6592149,670,mRNA
21531,6550738,6550869,131,mRNA
21532,6551764,6551949,185,mRNA
21533,6562322,6562418,96,mRNA
21534,6587164,6587394,230,mRNA
21535,6590604,6590835,231,mRNA
21536,6590894,6590999,105,mRNA
21537,6591059,6591160,101,mRNA
21538,6591214,6591417,203,mRNA
21539,6591479,6592149,670,mRNA
21540,6550739,6550836,97,mRNA
21541,6551764,6551949,185,mRNA
21542,6562322,6562418,96,mRNA
21543,6590604,6590835,231,mRNA
21544,6590894,6590999,105,mRNA
21545,6591059,6591160,101,mRNA
21546,6591214,6591417,203,mRNA
21547,6591479,6593940,2461,mRNA
21548,6550739,6551949,1210,mRNA
21549,6562322,6562418,96,mRNA
21550,6590604,6590835,231,mRNA
21551,6590894,6590999,105,mRNA
21552,6591059,6591160,101,mRNA
21553,6591214,6591417,203,mRNA
21554,6591479,6592149,670,mRNA
21555,6550739,6550869,130,mRNA
21556,6551682,6551949,267,mRNA
21557,6562322,6562418,96,mRNA
21558,6590604,6590835,231,mRNA
21559,6590894,6590999,105,mRNA
21560,6591059,6591160,101,mRNA
21561,6591214,6591417,203,mRNA
21562,6591479,6592149,670,mRNA
21563,6550739,6550869,130,mRNA
21564,6562322,6562418,96,mRNA
21565,6590604,6590835,231,mRNA
21566,6590894,6590999,105,mRNA
21567,6591059,6591160,101,mRNA
21568,6591214,6591417,203,mRNA
21569,6591479,6592149,670,mRNA
21570,6550739,6550836,97,mRNA
21571,6551682,6551949,267,mRNA
21572,6562322,6562418,96,mRNA
21573,6590604,6590835,231,mRNA
21574,6590894,6590999,105,mRNA
21575,6591059,6591160,101,mRNA
21576,6591214,6591417,203,mRNA
21577,6591479,6592149,670,mRNA
21578,6550739,6550836,97,mRNA
21579,6551682,6551949,267,mRNA
21580,6562322,6562418,96,mRNA
21581,6590607,6590835,228,mRNA
21582,6590894,6590999,105,mRNA
21583,6591059,6591160,101,mRNA
21584,6591214,6591417,203,mRNA
21585,6591479,6592149,670,mRNA
21586,6551833,6551949,116,CDS
21587,6562322,6562418,96,CDS
21588,6562567,6562839,272,CDS
21589,6590604,6590835,231,CDS
21590,6590894,6590999,105,CDS
21591,6591059,6591160,101,CDS
21592,6591214,6591417,203,CDS
21593,6591479,6591721,242,CDS
21594,6551833,6551949,116,CDS
21595,6562322,6562418,96,CDS
21596,6587164,6587394,230,CDS
21597,6590604,6590835,231,CDS
21598,6590894,6590999,105,CDS
21599,6591059,6591160,101,CDS
21600,6591214,6591417,203,CDS
21601,6591479,6591721,242,CDS
21602,6551833,6551949,116,CDS
21603,6562322,6562418,96,CDS
21604,6590604,6590835,231,CDS
21605,6590894,6590999,105,CDS
21606,6591059,6591160,101,CDS
21607,6591214,6591417,203,CDS
21608,6591479,6591721,242,CDS
21609,6551833,6551949,116,CDS
21610,6562322,6562418,96,CDS
21611,6590604,6590835,231,CDS
21612,6590894,6590999,105,CDS
21613,6591059,6591160,101,CDS
21614,6591214,6591417,203,CDS
21615,6591479,6591721,242,CDS
21616,6551833,6551949,116,CDS
21617,6562322,6562418,96,CDS
21618,6590604,6590835,231,CDS
21619,6590894,6590999,105,CDS
21620,6591059,6591160,101,CDS
21621,6591214,6591417,203,CDS
21622,6591479,6591721,242,CDS
21623,6551833,6551949,116,CDS
21624,6562322,6562418,96,CDS
21625,6590604,6590835,231,CDS
21626,6590894,6590999,105,CDS
21627,6591059,6591160,101,CDS
21628,6591214,6591417,203,CDS
21629,6591479,6591721,242,CDS
21630,6551833,6551949,116,CDS
21631,6562322,6562418,96,CDS
21632,6590607,6590835,228,CDS
21633,6590894,6590999,105,CDS
21634,6591059,6591160,101,CDS
21635,6591214,6591417,203,CDS
21636,6591479,6591721,242,CDS
21637,6563197,6589479,26282,gene
21638,6589392,6589479,87,mRNA
21639,6584128,6584318,190,mRNA
21640,6571608,6572122,514,mRNA
21641,6570878,6571193,315,mRNA
21642,6565391,6569000,3609,mRNA
21643,6564727,6564973,246,mRNA
21644,6563197,6564371,1174,mRNA
21645,6589392,6589479,87,mRNA
21646,6584128,6584318,190,mRNA
21647,6571608,6572122,514,mRNA
21648,6570878,6571193,315,mRNA
21649,6570498,6570557,59,mRNA
21650,6565391,6569000,3609,mRNA
21651,6564727,6564973,246,mRNA
21652,6563197,6564371,1174,mRNA
21653,6589392,6589479,87,mRNA
21654,6587735,6587968,233,mRNA
21655,6584128,6584318,190,mRNA
21656,6571608,6572122,514,mRNA
21657,6570878,6571193,315,mRNA
21658,6565391,6569000,3609,mRNA
21659,6564727,6564973,246,mRNA
21660,6563197,6564371,1174,mRNA
21661,6584128,6584189,61,CDS
21662,6571608,6572122,514,CDS
21663,6570878,6571193,315,CDS
21664,6565391,6569000,3609,CDS
21665,6564727,6564973,246,CDS
21666,6563443,6564371,928,CDS
21667,6584128,6584189,61,CDS
21668,6571608,6572122,514,CDS
21669,6570878,6571193,315,CDS
21670,6565391,6569000,3609,CDS
21671,6564727,6564973,246,CDS
21672,6563443,6564371,928,CDS
21673,6584128,6584189,61,CDS
21674,6571608,6572122,514,CDS
21675,6570878,6571193,315,CDS
21676,6570498,6570557,59,CDS
21677,6565391,6569000,3609,CDS
21678,6564727,6564973,246,CDS
21679,6563443,6564371,928,CDS
21680,6590633,6590835,202,CDS
21681,6590894,6590999,105,CDS
21682,6591059,6591160,101,CDS
21683,6591214,6591417,203,CDS
21684,6591479,6591721,242,CDS
21685,6592950,6593013,63,mobile_element
21686,6593938,6603366,9428,gene
21687,6603080,6603366,286,mRNA
21688,6602514,6602657,143,mRNA
21689,6600646,6602457,1811,mRNA
21690,6599515,6600584,1069,mRNA
21691,6598962,6599453,491,mRNA
21692,6598573,6598906,333,mRNA
21693,6597233,6598511,1278,mRNA
21694,6597001,6597170,169,mRNA
21695,6596832,6596945,113,mRNA
21696,6595781,6596765,984,mRNA
21697,6595246,6595715,469,mRNA
21698,6594899,6595190,291,mRNA
21699,6594728,6594835,107,mRNA
21700,6594522,6594665,143,mRNA
21701,6593938,6594466,528,mRNA
21702,6603080,6603098,18,CDS
21703,6602514,6602657,143,CDS
21704,6600646,6602457,1811,CDS
21705,6599515,6600584,1069,CDS
21706,6598962,6599453,491,CDS
21707,6598573,6598906,333,CDS
21708,6597233,6598511,1278,CDS
21709,6597001,6597170,169,CDS
21710,6596832,6596945,113,CDS
21711,6595781,6596765,984,CDS
21712,6595246,6595715,469,CDS
21713,6594899,6595190,291,CDS
21714,6594728,6594835,107,CDS
21715,6594522,6594665,143,CDS
21716,6594049,6594466,417,CDS
21717,6603684,6608739,5055,gene
21718,6603684,6603893,209,mRNA
21719,6603963,6604184,221,mRNA
21720,6606295,6607078,783,mRNA
21721,6607135,6608739,1604,mRNA
21722,6604366,6606032,1666,gene
21723,6605633,6606032,399,mRNA
21724,6605275,6605576,301,mRNA
21725,6604366,6605202,836,mRNA
21726,6605633,6606032,399,mRNA
21727,6605275,6605576,301,mRNA
21728,6604450,6605202,752,mRNA
21729,6605633,6605909,276,CDS
21730,6605275,6605576,301,CDS
21731,6604678,6605202,524,CDS
21732,6605633,6605909,276,CDS
21733,6605275,6605576,301,CDS
21734,6604678,6605202,524,CDS
21735,6606179,6607078,899,mRNA
21736,6607135,6608739,1604,mRNA
21737,6606317,6607078,761,CDS
21738,6607135,6608418,1283,CDS
21739,6606317,6607078,761,CDS
21740,6607135,6608418,1283,CDS
21741,6608770,6609238,468,gene
21742,6608770,6609238,468,ncRNA
21743,6609325,6619113,9788,gene
21744,6609325,6609508,183,mRNA
21745,6615898,6616596,698,mRNA
21746,6616667,6617315,648,mRNA
21747,6617768,6619113,1345,mRNA
21748,6609325,6609508,183,mRNA
21749,6615898,6616596,698,mRNA
21750,6616667,6617315,648,mRNA
21751,6617768,6619113,1345,mRNA
21752,6609470,6609508,38,CDS
21753,6615898,6616596,698,CDS
21754,6616667,6617315,648,CDS
21755,6617768,6618129,361,CDS
21756,6609470,6609508,38,CDS
21757,6615898,6616596,698,CDS
21758,6616667,6617315,648,CDS
21759,6617768,6617994,226,CDS
21760,6609577,6609909,332,mRNA
21761,6615898,6616596,698,mRNA
21762,6616667,6617315,648,mRNA
21763,6617768,6618180,412,mRNA
21764,6613564,6613652,88,mRNA
21765,6615898,6616596,698,mRNA
21766,6616667,6617315,648,mRNA
21767,6617768,6618180,412,mRNA
21768,6613672,6613821,149,mRNA
21769,6615898,6616596,698,mRNA
21770,6616667,6617315,648,mRNA
21771,6617768,6618180,412,mRNA
21772,6616165,6616596,431,CDS
21773,6616667,6617315,648,CDS
21774,6617768,6617994,226,CDS
21775,6616165,6616596,431,CDS
21776,6616667,6617315,648,CDS
21777,6617768,6617994,226,CDS
21778,6616165,6616596,431,CDS
21779,6616667,6617315,648,CDS
21780,6617768,6617994,226,CDS
21781,6620639,6621003,364,mobile_element
21782,6624032,6635059,11027,gene
21783,6624032,6624696,664,mRNA
21784,6626421,6626573,152,mRNA
21785,6626931,6627058,127,mRNA
21786,6628876,6629005,129,mRNA
21787,6631301,6631554,253,mRNA
21788,6631867,6632052,185,mRNA
21789,6632141,6632380,239,mRNA
21790,6632589,6632949,360,mRNA
21791,6633073,6633335,262,mRNA
21792,6633400,6633858,458,mRNA
21793,6633922,6634166,244,mRNA
21794,6634267,6634660,393,mRNA
21795,6634728,6635059,331,mRNA
21796,6624570,6624696,126,CDS
21797,6626421,6626573,152,CDS
21798,6626931,6627058,127,CDS
21799,6628876,6629005,129,CDS
21800,6631301,6631554,253,CDS
21801,6631867,6632052,185,CDS
21802,6632141,6632380,239,CDS
21803,6632589,6632949,360,CDS
21804,6633073,6633335,262,CDS
21805,6633400,6633858,458,CDS
21806,6633922,6634166,244,CDS
21807,6634267,6634660,393,CDS
21808,6634728,6634763,35,CDS
21809,6640891,6641514,623,gene
21810,6640891,6641514,623,ncRNA
21811,6642250,6642842,592,gene
21812,6642250,6642842,592,ncRNA
21813,6664224,6665641,1417,gene
21814,6665167,6665641,474,mRNA
21815,6665015,6665114,99,mRNA
21816,6664847,6664934,87,mRNA
21817,6664224,6664591,367,mRNA
21818,6665167,6665507,340,CDS
21819,6665015,6665114,99,CDS
21820,6664847,6664934,87,CDS
21821,6664431,6664591,160,CDS
21822,6666003,6666611,608,gene
21823,6666444,6666611,167,ncRNA
21824,6666003,6666381,378,ncRNA
21825,6666638,6667816,1178,gene
21826,6666848,6667816,968,mRNA
21827,6666638,6666784,146,mRNA
21828,6666848,6667816,968,CDS
21829,6666638,6666784,146,CDS
21830,6689327,6703521,14194,gene
21831,6703320,6703521,201,mRNA
21832,6702863,6703229,366,mRNA
21833,6692372,6692590,218,mRNA
21834,6691465,6692304,839,mRNA
21835,6691232,6691389,157,mRNA
21836,6690388,6691171,783,mRNA
21837,6689327,6690327,1000,mRNA
21838,6702863,6703521,658,mRNA
21839,6692372,6692590,218,mRNA
21840,6691465,6692304,839,mRNA
21841,6691232,6691389,157,mRNA
21842,6690388,6691171,783,mRNA
21843,6689327,6690327,1000,mRNA
21844,6692372,6692654,282,mRNA
21845,6691465,6692304,839,mRNA
21846,6691232,6691389,157,mRNA
21847,6690388,6691171,783,mRNA
21848,6689327,6690327,1000,mRNA
21849,6703320,6703521,201,mRNA
21850,6692372,6692590,218,mRNA
21851,6691465,6692304,839,mRNA
21852,6691232,6691389,157,mRNA
21853,6690388,6691171,783,mRNA
21854,6689699,6690327,628,mRNA
21855,6692372,6692453,81,CDS
21856,6691465,6692304,839,CDS
21857,6691232,6691389,157,CDS
21858,6690388,6691171,783,CDS
21859,6689966,6690327,361,CDS
21860,6692372,6692453,81,CDS
21861,6691465,6692304,839,CDS
21862,6691232,6691389,157,CDS
21863,6690388,6691171,783,CDS
21864,6689966,6690327,361,CDS
21865,6692372,6692453,81,CDS
21866,6691465,6692304,839,CDS
21867,6691232,6691389,157,CDS
21868,6690388,6691171,783,CDS
21869,6689966,6690327,361,CDS
21870,6692372,6692453,81,CDS
21871,6691465,6692304,839,CDS
21872,6691232,6691389,157,CDS
21873,6690388,6691171,783,CDS
21874,6689966,6690327,361,CDS
21875,6704860,6709000,4140,gene
21876,6704860,6705570,710,mRNA
21877,6708349,6708479,130,mRNA
21878,6708540,6709000,460,mRNA
21879,6705483,6705570,87,CDS
21880,6708349,6708479,130,CDS
21881,6708540,6708944,404,CDS
21882,6707585,6707641,56,mRNA
21883,6707695,6707754,59,mRNA
21884,6708349,6708479,130,mRNA
21885,6708540,6709000,460,mRNA
21886,6708429,6708479,50,CDS
21887,6708540,6708944,404,CDS
21888,6713356,6719525,6169,gene
21889,6719005,6719525,520,mRNA
21890,6717904,6718015,111,mRNA
21891,6717553,6717672,119,mRNA
21892,6717334,6717426,92,mRNA
21893,6716130,6716949,819,mRNA
21894,6715708,6715834,126,mRNA
21895,6713356,6715368,2012,mRNA
21896,6719005,6719525,520,mRNA
21897,6717904,6718015,111,mRNA
21898,6716130,6716949,819,mRNA
21899,6715708,6715834,126,mRNA
21900,6714038,6715368,1330,mRNA
21901,6719005,6719525,520,mRNA
21902,6717904,6718015,111,mRNA
21903,6717553,6717672,119,mRNA
21904,6717334,6717426,92,mRNA
21905,6716130,6716949,819,mRNA
21906,6715708,6715834,126,mRNA
21907,6714038,6715368,1330,mRNA
21908,6719005,6719073,68,CDS
21909,6717904,6718015,111,CDS
21910,6716130,6716949,819,CDS
21911,6715708,6715834,126,CDS
21912,6714970,6715368,398,CDS
21913,6719005,6719073,68,CDS
21914,6717904,6718015,111,CDS
21915,6717553,6717672,119,CDS
21916,6717334,6717426,92,CDS
21917,6716130,6716949,819,CDS
21918,6715708,6715834,126,CDS
21919,6714970,6715368,398,CDS
21920,6719005,6719073,68,CDS
21921,6717904,6718015,111,CDS
21922,6717553,6717672,119,CDS
21923,6717334,6717426,92,CDS
21924,6716130,6716949,819,CDS
21925,6715708,6715834,126,CDS
21926,6714970,6715368,398,CDS
21927,6724902,6725279,377,gene
21928,6724902,6725279,377,ncRNA
21929,6728201,6728701,500,gene
21930,6728201,6728701,500,ncRNA
21931,6728800,6743164,14364,gene
21932,6743026,6743164,138,mRNA
21933,6741915,6742049,134,mRNA
21934,6741702,6741790,88,mRNA
21935,6740957,6741639,682,mRNA
21936,6740667,6740873,206,mRNA
21937,6738704,6739921,1217,mRNA
21938,6737535,6737672,137,mRNA
21939,6737353,6737477,124,mRNA
21940,6733129,6737286,4157,mRNA
21941,6728800,6733067,4267,mRNA
21942,6743026,6743164,138,mRNA
21943,6741915,6742049,134,mRNA
21944,6741702,6741790,88,mRNA
21945,6740957,6741639,682,mRNA
21946,6740667,6740873,206,mRNA
21947,6738704,6739921,1217,mRNA
21948,6737535,6738098,563,mRNA
21949,6737353,6737477,124,mRNA
21950,6733129,6737286,4157,mRNA
21951,6728800,6733067,4267,mRNA
21952,6743026,6743164,138,mRNA
21953,6741915,6742049,134,mRNA
21954,6741702,6741790,88,mRNA
21955,6740957,6741639,682,mRNA
21956,6740667,6740873,206,mRNA
21957,6738704,6739921,1217,mRNA
21958,6737535,6737672,137,mRNA
21959,6737353,6737477,124,mRNA
21960,6733129,6737286,4157,mRNA
21961,6730162,6733067,2905,mRNA
21962,6743026,6743164,138,mRNA
21963,6741915,6742049,134,mRNA
21964,6741702,6741790,88,mRNA
21965,6740957,6741639,682,mRNA
21966,6740667,6740873,206,mRNA
21967,6738704,6739921,1217,mRNA
21968,6737535,6738098,563,mRNA
21969,6737353,6737477,124,mRNA
21970,6733129,6737286,4157,mRNA
21971,6730162,6733067,2905,mRNA
21972,6741915,6741942,27,CDS
21973,6741702,6741790,88,CDS
21974,6740957,6741639,682,CDS
21975,6740667,6740873,206,CDS
21976,6738704,6739921,1217,CDS
21977,6737535,6738098,563,CDS
21978,6737353,6737477,124,CDS
21979,6733129,6737286,4157,CDS
21980,6730354,6733067,2713,CDS
21981,6741915,6741942,27,CDS
21982,6741702,6741790,88,CDS
21983,6740957,6741639,682,CDS
21984,6740667,6740873,206,CDS
21985,6738704,6739921,1217,CDS
21986,6737535,6737672,137,CDS
21987,6737353,6737477,124,CDS
21988,6733129,6737286,4157,CDS
21989,6730471,6733067,2596,CDS
21990,6741915,6741942,27,CDS
21991,6741702,6741790,88,CDS
21992,6740957,6741639,682,CDS
21993,6740667,6740873,206,CDS
21994,6738704,6739921,1217,CDS
21995,6737535,6737672,137,CDS
21996,6737353,6737477,124,CDS
21997,6733129,6737286,4157,CDS
21998,6730471,6733067,2596,CDS
21999,6741915,6741942,27,CDS
22000,6741702,6741790,88,CDS
22001,6740957,6741639,682,CDS
22002,6740667,6740873,206,CDS
22003,6738704,6739921,1217,CDS
22004,6737535,6738098,563,CDS
22005,6737353,6737477,124,CDS
22006,6733129,6737286,4157,CDS
22007,6730471,6733067,2596,CDS
22008,6743026,6743164,138,mRNA
22009,6741915,6742049,134,mRNA
22010,6741702,6741790,88,mRNA
22011,6740957,6741639,682,mRNA
22012,6740305,6740873,568,mRNA
22013,6738528,6739921,1393,mRNA
22014,6742642,6742743,101,mRNA
22015,6741915,6742049,134,mRNA
22016,6741702,6741790,88,mRNA
22017,6740957,6741639,682,mRNA
22018,6740305,6740873,568,mRNA
22019,6741915,6741942,27,CDS
22020,6741702,6741790,88,CDS
22021,6740957,6741639,682,CDS
22022,6740645,6740873,228,CDS
22023,6741915,6741942,27,CDS
22024,6741702,6741790,88,CDS
22025,6740957,6741639,682,CDS
22026,6740645,6740873,228,CDS
22027,6744426,6752752,8326,gene
22028,6752160,6752752,592,mRNA
22029,6751353,6751443,90,mRNA
22030,6750559,6751296,737,mRNA
22031,6748037,6750484,2447,mRNA
22032,6747859,6747970,111,mRNA
22033,6746871,6746989,118,mRNA
22034,6746562,6746778,216,mRNA
22035,6745031,6746487,1456,mRNA
22036,6744426,6744968,542,mRNA
22037,6752145,6752752,607,mRNA
22038,6751353,6751443,90,mRNA
22039,6750559,6751296,737,mRNA
22040,6748037,6750484,2447,mRNA
22041,6747859,6747970,111,mRNA
22042,6746871,6746989,118,mRNA
22043,6746562,6746778,216,mRNA
22044,6745031,6746487,1456,mRNA
22045,6744426,6744968,542,mRNA
22046,6747102,6747456,354,mRNA
22047,6746871,6746989,118,mRNA
22048,6746562,6746778,216,mRNA
22049,6745031,6746487,1456,mRNA
22050,6744426,6744968,542,mRNA
22051,6747102,6747255,153,mRNA
22052,6746871,6746989,118,mRNA
22053,6746562,6746778,216,mRNA
22054,6745031,6746487,1456,mRNA
22055,6744426,6744968,542,mRNA
22056,6751353,6751433,80,CDS
22057,6750559,6751296,737,CDS
22058,6748037,6750484,2447,CDS
22059,6747859,6747970,111,CDS
22060,6746871,6746989,118,CDS
22061,6746562,6746778,216,CDS
22062,6745031,6746487,1456,CDS
22063,6744639,6744968,329,CDS
22064,6751353,6751433,80,CDS
22065,6750559,6751296,737,CDS
22066,6748037,6750484,2447,CDS
22067,6747859,6747970,111,CDS
22068,6746871,6746989,118,CDS
22069,6746562,6746778,216,CDS
22070,6745031,6746487,1456,CDS
22071,6744639,6744968,329,CDS
22072,6747102,6747114,12,CDS
22073,6746871,6746989,118,CDS
22074,6746562,6746778,216,CDS
22075,6745031,6746487,1456,CDS
22076,6744639,6744968,329,CDS
22077,6747102,6747114,12,CDS
22078,6746871,6746989,118,CDS
22079,6746562,6746778,216,CDS
22080,6745031,6746487,1456,CDS
22081,6744639,6744968,329,CDS
22082,6752913,6754029,1116,gene
22083,6752913,6753237,324,mRNA
22084,6753318,6754029,711,mRNA
22085,6753068,6753237,169,mRNA
22086,6753318,6754029,711,mRNA
22087,6753107,6753237,130,CDS
22088,6753318,6753945,627,CDS
22089,6753107,6753237,130,CDS
22090,6753318,6753945,627,CDS
22091,6754017,6756497,2480,gene
22092,6756223,6756497,274,mRNA
22093,6755420,6756158,738,mRNA
22094,6754017,6754493,476,mRNA
22095,6756223,6756497,274,mRNA
22096,6755420,6756158,738,mRNA
22097,6754745,6754807,62,mRNA
22098,6754017,6754493,476,mRNA
22099,6756223,6756497,274,mRNA
22100,6755420,6756158,738,mRNA
22101,6755073,6755123,50,mRNA
22102,6754017,6754457,440,mRNA
22103,6756223,6756497,274,mRNA
22104,6755420,6756158,738,mRNA
22105,6755073,6755123,50,mRNA
22106,6754017,6754493,476,mRNA
22107,6756223,6756497,274,mRNA
22108,6755420,6756158,738,mRNA
22109,6755073,6755123,50,mRNA
22110,6754745,6754807,62,mRNA
22111,6754017,6754493,476,mRNA
22112,6756223,6756404,181,CDS
22113,6755420,6756158,738,CDS
22114,6754275,6754493,218,CDS
22115,6756223,6756404,181,CDS
22116,6755420,6756158,738,CDS
22117,6754745,6754807,62,CDS
22118,6754275,6754493,218,CDS
22119,6756223,6756404,181,CDS
22120,6755420,6756158,738,CDS
22121,6755073,6755123,50,CDS
22122,6754275,6754457,182,CDS
22123,6756223,6756404,181,CDS
22124,6755420,6756158,738,CDS
22125,6755073,6755123,50,CDS
22126,6754275,6754493,218,CDS
22127,6756223,6756404,181,CDS
22128,6755420,6756158,738,CDS
22129,6755073,6755123,50,CDS
22130,6754745,6754807,62,CDS
22131,6754275,6754493,218,CDS
22132,6756223,6756497,274,mRNA
22133,6755420,6756158,738,mRNA
22134,6755073,6755123,50,mRNA
22135,6754813,6754936,123,mRNA
22136,6756223,6756404,181,CDS
22137,6755420,6756158,738,CDS
22138,6755073,6755123,50,CDS
22139,6754925,6754936,11,CDS
22140,6756629,6763246,6617,gene
22141,6762923,6763246,323,mRNA
22142,6758020,6758110,90,mRNA
22143,6757519,6757934,415,mRNA
22144,6756629,6757454,825,mRNA
22145,6759941,6761114,1173,mRNA
22146,6758020,6758110,90,mRNA
22147,6757519,6757934,415,mRNA
22148,6756629,6757454,825,mRNA
22149,6762923,6763128,205,CDS
22150,6758020,6758110,90,CDS
22151,6757519,6757934,415,CDS
22152,6756932,6757454,522,CDS
22153,6759941,6760890,949,CDS
22154,6758020,6758110,90,CDS
22155,6757519,6757934,415,CDS
22156,6756932,6757454,522,CDS
22157,6781179,6783127,1948,mobile_element
22158,6786660,6787105,445,gene
22159,6786660,6787105,445,ncRNA
22160,6790158,6794941,4783,gene
22161,6790158,6794941,4783,mRNA
22162,6790158,6794537,4379,mRNA
22163,6790158,6794537,4379,mRNA
22164,6790158,6794537,4379,mRNA
22165,6790158,6794537,4379,mRNA
22166,6790826,6793054,2228,CDS
22167,6790826,6793006,2180,CDS
22168,6790826,6792967,2141,CDS
22169,6790826,6792109,1283,CDS
22170,6790826,6792109,1283,CDS
22171,6855978,6860702,4724,mobile_element
22172,6865449,6866439,990,gene
22173,6865997,6866439,442,ncRNA
22174,6865449,6865945,496,ncRNA
22175,6865449,6866439,990,ncRNA
22176,6883321,6883601,280,gene
22177,6883321,6883601,280,ncRNA
22178,6887573,6895006,7433,mobile_element
22179,6911999,6914876,2877,gene
22180,6914641,6914876,235,mRNA
22181,6914414,6914580,166,mRNA
22182,6911999,6913527,1528,mRNA
22183,6913757,6913964,207,mRNA
22184,6911999,6913527,1528,mRNA
22185,6914641,6914689,48,CDS
22186,6914414,6914580,166,CDS
22187,6912100,6913527,1427,CDS
22188,6912100,6913512,1412,CDS
22189,6931023,6931950,927,gene
22190,6931023,6931950,927,mRNA
22191,6931201,6931950,749,mRNA
22192,6931448,6931894,446,CDS
22193,6931448,6931894,446,CDS
22194,6932926,6934824,1898,gene
22195,6932926,6933109,183,mRNA
22196,6933168,6933683,515,mRNA
22197,6933883,6933976,93,mRNA
22198,6934070,6934366,296,mRNA
22199,6934486,6934824,338,mRNA
22200,6932960,6933109,149,CDS
22201,6933168,6933683,515,CDS
22202,6933883,6933976,93,CDS
22203,6934070,6934366,296,CDS
22204,6934486,6934679,193,CDS
22205,6935608,6935903,295,gene
22206,6935608,6935903,295,ncRNA
22207,6936567,6937405,838,gene
22208,6936567,6937405,838,ncRNA
22209,6939049,6939702,653,gene
22210,6939049,6939702,653,ncRNA
22211,6942856,6949313,6457,gene
22212,6942856,6943101,245,mRNA
22213,6944432,6944769,337,mRNA
22214,6946264,6946447,183,mRNA
22215,6946501,6946558,57,mRNA
22216,6947248,6947915,667,mRNA
22217,6947986,6948109,123,mRNA
22218,6948278,6949313,1035,mRNA
22219,6942856,6943101,245,mRNA
22220,6944432,6944769,337,mRNA
22221,6946264,6946447,183,mRNA
22222,6946516,6946558,42,mRNA
22223,6947248,6947915,667,mRNA
22224,6947971,6948109,138,mRNA
22225,6948278,6949313,1035,mRNA
22226,6942856,6943006,150,mRNA
22227,6944432,6944769,337,mRNA
22228,6946264,6946447,183,mRNA
22229,6946501,6946558,57,mRNA
22230,6947248,6947915,667,mRNA
22231,6947971,6948109,138,mRNA
22232,6948278,6949313,1035,mRNA
22233,6942856,6943101,245,mRNA
22234,6944432,6944769,337,mRNA
22235,6946264,6946447,183,mRNA
22236,6946516,6946558,42,mRNA
22237,6947248,6947915,667,mRNA
22238,6947986,6948109,123,mRNA
22239,6948278,6948662,384,mRNA
22240,6944681,6944769,88,mRNA
22241,6946264,6946447,183,mRNA
22242,6946501,6946558,57,mRNA
22243,6947248,6947915,667,mRNA
22244,6947986,6948109,123,mRNA
22245,6948278,6948662,384,mRNA
22246,6944691,6944769,78,CDS
22247,6946264,6946447,183,CDS
22248,6946501,6946558,57,CDS
22249,6947248,6947915,667,CDS
22250,6947971,6948109,138,CDS
22251,6948278,6948505,227,CDS
22252,6944691,6944769,78,CDS
22253,6946264,6946447,183,CDS
22254,6946501,6946558,57,CDS
22255,6947248,6947915,667,CDS
22256,6947986,6948109,123,CDS
22257,6948278,6948505,227,CDS
22258,6944691,6944769,78,CDS
22259,6946264,6946447,183,CDS
22260,6946501,6946558,57,CDS
22261,6947248,6947915,667,CDS
22262,6947986,6948109,123,CDS
22263,6948278,6948505,227,CDS
22264,6944691,6944769,78,CDS
22265,6946264,6946447,183,CDS
22266,6946516,6946558,42,CDS
22267,6947248,6947915,667,CDS
22268,6947971,6948109,138,CDS
22269,6948278,6948505,227,CDS
22270,6944691,6944769,78,CDS
22271,6946264,6946447,183,CDS
22272,6946516,6946558,42,CDS
22273,6947248,6947915,667,CDS
22274,6947986,6948109,123,CDS
22275,6948278,6948505,227,CDS
22276,6949491,6955904,6413,gene
22277,6955766,6955904,138,mRNA
22278,6955381,6955496,115,mRNA
22279,6953773,6955169,1396,mRNA
22280,6951267,6951445,178,mRNA
22281,6949491,6951202,1711,mRNA
22282,6955381,6955512,131,mRNA
22283,6953773,6955169,1396,mRNA
22284,6951267,6951445,178,mRNA
22285,6949491,6951202,1711,mRNA
22286,6955381,6955388,7,CDS
22287,6953773,6955169,1396,CDS
22288,6951267,6951445,178,CDS
22289,6950330,6951202,872,CDS
22290,6955381,6955388,7,CDS
22291,6953773,6955169,1396,CDS
22292,6951267,6951445,178,CDS
22293,6950330,6951202,872,CDS
22294,6955753,6955904,151,mRNA
22295,6955381,6955496,115,mRNA
22296,6951804,6955169,3365,mRNA
22297,6955381,6955388,7,CDS
22298,6953759,6955169,1410,CDS
22299,6955991,6957440,1449,gene
22300,6955991,6956397,406,mRNA
22301,6956454,6957440,986,mRNA
22302,6956094,6956162,68,mRNA
22303,6956233,6956397,164,mRNA
22304,6956454,6956998,544,mRNA
22305,6956151,6956397,246,mRNA
22306,6956454,6956998,544,mRNA
22307,6956235,6956397,162,CDS
22308,6956454,6956947,493,CDS
22309,6956235,6956397,162,CDS
22310,6956454,6956947,493,CDS
22311,6956235,6956397,162,CDS
22312,6956454,6956947,493,CDS
22313,6956946,6958108,1162,gene
22314,6957965,6958108,143,mRNA
22315,6957663,6957851,188,mRNA
22316,6957352,6957603,251,mRNA
22317,6956946,6957284,338,mRNA
22318,6957965,6958021,56,CDS
22319,6957663,6957851,188,CDS
22320,6957352,6957603,251,CDS
22321,6957003,6957284,281,CDS
22322,6958346,6959586,1240,gene
22323,6958346,6958636,290,mRNA
22324,6958705,6958826,121,mRNA
22325,6958889,6959083,194,mRNA
22326,6959140,6959586,446,mRNA
22327,6958433,6958636,203,CDS
22328,6958705,6958826,121,CDS
22329,6958889,6959083,194,CDS
22330,6959140,6959521,381,CDS
22331,6959554,6964758,5204,gene
22332,6964397,6964758,361,mRNA
22333,6961811,6961949,138,mRNA
22334,6959554,6961327,1773,mRNA
22335,6964397,6964546,149,CDS
22336,6961811,6961949,138,CDS
22337,6960186,6961327,1141,CDS
22338,6965260,6967897,2637,gene
22339,6967383,6967897,514,mRNA
22340,6966616,6967320,704,mRNA
22341,6966314,6966543,229,mRNA
22342,6966035,6966251,216,mRNA
22343,6965260,6965971,711,mRNA
22344,6967383,6967807,424,CDS
22345,6966616,6967320,704,CDS
22346,6966314,6966543,229,CDS
22347,6966035,6966251,216,CDS
22348,6965320,6965971,651,CDS
22349,6968035,6969048,1013,gene
22350,6968865,6969048,183,mRNA
22351,6968509,6968801,292,mRNA
22352,6968035,6968396,361,mRNA
22353,6968865,6968934,69,CDS
22354,6968509,6968801,292,CDS
22355,6968214,6968396,182,CDS
22356,6969658,6971666,2008,gene
22357,6969658,6970619,961,mRNA
22358,6970681,6970819,138,mRNA
22359,6970882,6971353,471,mRNA
22360,6971426,6971666,240,mRNA
22361,6969832,6970619,787,CDS
22362,6970681,6970819,138,CDS
22363,6970882,6971353,471,CDS
22364,6971426,6971553,127,CDS
22365,6971579,6972467,888,gene
22366,6972292,6972467,175,mRNA
22367,6971579,6972229,650,mRNA
22368,6972292,6972358,66,CDS
22369,6971658,6972229,571,CDS
22370,6972750,6980044,7294,gene
22371,6979518,6980044,526,mRNA
22372,6974002,6974473,471,mRNA
22373,6973838,6973932,94,mRNA
22374,6973590,6973778,188,mRNA
22375,6972750,6973533,783,mRNA
22376,6979518,6979638,120,CDS
22377,6974002,6974473,471,CDS
22378,6973838,6973932,94,CDS
22379,6973590,6973778,188,CDS
22380,6973343,6973533,190,CDS
22381,6976322,6979222,2900,gene
22382,6976322,6977006,684,ncRNA
22383,6977169,6977479,310,ncRNA
22384,6977647,6979222,1575,ncRNA
22385,6981212,6981703,491,gene
22386,6981212,6981703,491,ncRNA
22387,6983473,6984586,1113,gene
22388,6983473,6984586,1113,gene
22389,6984343,6984586,243,mRNA
22390,6983899,6984279,380,mRNA
22391,6983473,6983837,364,mRNA
22392,6984343,6984586,243,mRNA
22393,6983899,6984279,380,mRNA
22394,6983473,6983837,364,mRNA
22395,6983915,6984085,170,CDS
22396,6984343,6984502,159,CDS
22397,6984200,6984279,79,CDS
22398,6990622,6994447,3825,gene
22399,6990622,6991861,1239,mRNA
22400,6992676,6992952,276,mRNA
22401,6993024,6993417,393,mRNA
22402,6993947,6994447,500,mRNA
22403,6990831,6991861,1030,CDS
22404,6992676,6992952,276,CDS
22405,6993024,6993417,393,CDS
22406,6993947,6994275,328,CDS
22407,6994954,6995495,541,mobile_element
22408,6998843,7053499,54656,gene
22409,6998843,6999003,160,mRNA
22410,6999635,6999835,200,mRNA
22411,7012171,7012289,118,mRNA
22412,7012739,7013277,538,mRNA
22413,7033869,7033964,95,mRNA
22414,7034503,7034538,35,mRNA
22415,7034635,7034703,68,mRNA
22416,7034972,7035038,66,mRNA
22417,7035170,7035315,145,mRNA
22418,7035744,7035881,137,mRNA
22419,7038005,7038151,146,mRNA
22420,7041018,7041131,113,mRNA
22421,7043466,7043720,254,mRNA
22422,7044926,7045003,77,mRNA
22423,7045109,7045355,246,mRNA
22424,7046334,7046488,154,mRNA
22425,7046586,7046678,92,mRNA
22426,7048842,7048964,122,mRNA
22427,7049550,7049576,26,mRNA
22428,7050173,7050187,14,mRNA
22429,7050565,7050695,130,mRNA
22430,7051242,7051421,179,mRNA
22431,7051486,7051722,236,mRNA
22432,7051977,7053499,1522,mRNA
22433,6998843,6999003,160,mRNA
22434,6999635,6999835,200,mRNA
22435,7012171,7012289,118,mRNA
22436,7012739,7013277,538,mRNA
22437,7033869,7033964,95,mRNA
22438,7034972,7035038,66,mRNA
22439,7035170,7035315,145,mRNA
22440,7035744,7035881,137,mRNA
22441,7038005,7038151,146,mRNA
22442,7041018,7041131,113,mRNA
22443,7043466,7043720,254,mRNA
22444,7044926,7045003,77,mRNA
22445,7045109,7045355,246,mRNA
22446,7046334,7046488,154,mRNA
22447,7046586,7046678,92,mRNA
22448,7048842,7048964,122,mRNA
22449,7050565,7050695,130,mRNA
22450,7051242,7051421,179,mRNA
22451,7051486,7051722,236,mRNA
22452,7051977,7053499,1522,mRNA
22453,6998843,6999003,160,mRNA
22454,6999635,6999835,200,mRNA
22455,7012171,7012289,118,mRNA
22456,7012739,7013277,538,mRNA
22457,7033869,7033964,95,mRNA
22458,7034503,7034538,35,mRNA
22459,7034635,7034703,68,mRNA
22460,7034972,7035038,66,mRNA
22461,7035170,7035315,145,mRNA
22462,7035744,7035881,137,mRNA
22463,7038005,7038151,146,mRNA
22464,7040546,7040575,29,mRNA
22465,7041018,7041131,113,mRNA
22466,7043466,7043720,254,mRNA
22467,7044926,7045003,77,mRNA
22468,7045109,7045355,246,mRNA
22469,7046334,7046488,154,mRNA
22470,7046586,7046678,92,mRNA
22471,7048842,7048964,122,mRNA
22472,7050173,7050187,14,mRNA
22473,7050565,7050695,130,mRNA
22474,7051242,7051421,179,mRNA
22475,7051486,7051722,236,mRNA
22476,7051977,7052555,578,mRNA
22477,6998843,6999003,160,mRNA
22478,6999635,6999835,200,mRNA
22479,7012171,7012289,118,mRNA
22480,7012739,7013277,538,mRNA
22481,7033869,7033964,95,mRNA
22482,7034503,7034538,35,mRNA
22483,7034635,7034703,68,mRNA
22484,7034972,7035038,66,mRNA
22485,7035170,7035315,145,mRNA
22486,7035744,7035881,137,mRNA
22487,7038005,7038151,146,mRNA
22488,7041018,7041131,113,mRNA
22489,7043466,7043720,254,mRNA
22490,7044926,7045003,77,mRNA
22491,7045109,7045355,246,mRNA
22492,7046334,7046488,154,mRNA
22493,7046586,7046678,92,mRNA
22494,7048842,7048964,122,mRNA
22495,7049550,7049576,26,mRNA
22496,7050565,7050695,130,mRNA
22497,7051242,7051421,179,mRNA
22498,7051486,7051722,236,mRNA
22499,7051977,7052555,578,mRNA
22500,6998843,6999003,160,mRNA
22501,6999635,6999835,200,mRNA
22502,7012171,7012289,118,mRNA
22503,7012739,7013277,538,mRNA
22504,7033869,7033964,95,mRNA
22505,7034503,7034538,35,mRNA
22506,7034635,7034703,68,mRNA
22507,7035214,7035315,101,mRNA
22508,7035744,7035881,137,mRNA
22509,7038005,7038151,146,mRNA
22510,7041018,7041131,113,mRNA
22511,7043466,7043720,254,mRNA
22512,7044926,7045003,77,mRNA
22513,7045109,7045355,246,mRNA
22514,7046334,7046488,154,mRNA
22515,7046586,7046678,92,mRNA
22516,7048842,7048964,122,mRNA
22517,7050565,7050695,130,mRNA
22518,7051242,7051421,179,mRNA
22519,7051486,7051722,236,mRNA
22520,7051977,7052555,578,mRNA
22521,6998843,6999003,160,mRNA
22522,6999635,6999835,200,mRNA
22523,7012171,7012289,118,mRNA
22524,7012739,7012898,159,mRNA
22525,7035759,7035881,122,mRNA
22526,7038005,7038151,146,mRNA
22527,7041018,7041131,113,mRNA
22528,7043466,7043720,254,mRNA
22529,7044926,7045003,77,mRNA
22530,7045109,7045355,246,mRNA
22531,7046334,7046488,154,mRNA
22532,7046586,7046678,92,mRNA
22533,7048842,7048964,122,mRNA
22534,7050565,7050695,130,mRNA
22535,7051242,7051421,179,mRNA
22536,7051486,7051722,236,mRNA
22537,7051977,7052555,578,mRNA
22538,6998843,6999003,160,mRNA
22539,6999640,6999835,195,mRNA
22540,7012171,7012289,118,mRNA
22541,7012739,7013277,538,mRNA
22542,7033869,7033964,95,mRNA
22543,7034503,7034538,35,mRNA
22544,7034635,7034703,68,mRNA
22545,7034972,7035038,66,mRNA
22546,7035170,7035315,145,mRNA
22547,7035744,7035881,137,mRNA
22548,7038005,7038151,146,mRNA
22549,7041018,7041131,113,mRNA
22550,7043466,7043720,254,mRNA
22551,7044926,7045003,77,mRNA
22552,7045109,7045355,246,mRNA
22553,7046334,7046488,154,mRNA
22554,7046586,7046678,92,mRNA
22555,7048842,7048964,122,mRNA
22556,7050565,7050695,130,mRNA
22557,7051242,7051421,179,mRNA
22558,7051486,7051722,236,mRNA
22559,7051977,7052555,578,mRNA
22560,6998843,6998978,135,mRNA
22561,6999635,6999835,200,mRNA
22562,7012171,7012289,118,mRNA
22563,7012739,7013277,538,mRNA
22564,7033869,7033964,95,mRNA
22565,7034503,7034538,35,mRNA
22566,7034635,7034703,68,mRNA
22567,7034972,7035038,66,mRNA
22568,7035170,7035315,145,mRNA
22569,7035744,7035881,137,mRNA
22570,7038005,7038151,146,mRNA
22571,7041018,7041131,113,mRNA
22572,7043466,7043720,254,mRNA
22573,7044926,7045003,77,mRNA
22574,7045109,7045355,246,mRNA
22575,7046334,7046488,154,mRNA
22576,7046586,7046678,92,mRNA
22577,7048842,7048964,122,mRNA
22578,7050173,7050187,14,mRNA
22579,7050565,7050695,130,mRNA
22580,7051242,7051421,179,mRNA
22581,7051486,7051722,236,mRNA
22582,7051977,7052555,578,mRNA
22583,6998843,6998978,135,mRNA
22584,6999640,6999835,195,mRNA
22585,7012171,7012289,118,mRNA
22586,7012739,7013277,538,mRNA
22587,7033869,7033964,95,mRNA
22588,7034503,7034538,35,mRNA
22589,7034635,7034703,68,mRNA
22590,7034972,7035038,66,mRNA
22591,7035170,7035315,145,mRNA
22592,7035744,7035881,137,mRNA
22593,7038005,7038151,146,mRNA
22594,7041018,7041131,113,mRNA
22595,7043466,7043720,254,mRNA
22596,7044926,7045003,77,mRNA
22597,7045109,7045355,246,mRNA
22598,7045534,7045611,77,mRNA
22599,7046334,7046488,154,mRNA
22600,7046586,7046678,92,mRNA
22601,7048842,7048964,122,mRNA
22602,7050173,7050187,14,mRNA
22603,7050565,7050695,130,mRNA
22604,7051242,7051421,179,mRNA
22605,7051486,7051722,236,mRNA
22606,7051977,7052555,578,mRNA
22607,7012190,7012289,99,CDS
22608,7012739,7013277,538,CDS
22609,7033869,7033964,95,CDS
22610,7034503,7034538,35,CDS
22611,7034635,7034703,68,CDS
22612,7034972,7035038,66,CDS
22613,7035170,7035315,145,CDS
22614,7035744,7035881,137,CDS
22615,7038005,7038151,146,CDS
22616,7040546,7040575,29,CDS
22617,7041018,7041131,113,CDS
22618,7043466,7043720,254,CDS
22619,7044926,7045003,77,CDS
22620,7045109,7045355,246,CDS
22621,7046334,7046488,154,CDS
22622,7046586,7046678,92,CDS
22623,7048842,7048964,122,CDS
22624,7050173,7050187,14,CDS
22625,7050565,7050695,130,CDS
22626,7051242,7051421,179,CDS
22627,7051486,7051722,236,CDS
22628,7051977,7052052,75,CDS
22629,7012190,7012289,99,CDS
22630,7012739,7013277,538,CDS
22631,7033869,7033964,95,CDS
22632,7034503,7034538,35,CDS
22633,7034635,7034703,68,CDS
22634,7034972,7035038,66,CDS
22635,7035170,7035315,145,CDS
22636,7035744,7035881,137,CDS
22637,7038005,7038151,146,CDS
22638,7041018,7041131,113,CDS
22639,7043466,7043720,254,CDS
22640,7044926,7045003,77,CDS
22641,7045109,7045355,246,CDS
22642,7045534,7045611,77,CDS
22643,7046334,7046488,154,CDS
22644,7046586,7046678,92,CDS
22645,7048842,7048964,122,CDS
22646,7050173,7050187,14,CDS
22647,7050565,7050695,130,CDS
22648,7051242,7051421,179,CDS
22649,7051486,7051722,236,CDS
22650,7051977,7052052,75,CDS
22651,7012190,7012289,99,CDS
22652,7012739,7013277,538,CDS
22653,7033869,7033964,95,CDS
22654,7034503,7034538,35,CDS
22655,7034635,7034703,68,CDS
22656,7034972,7035038,66,CDS
22657,7035170,7035315,145,CDS
22658,7035744,7035881,137,CDS
22659,7038005,7038151,146,CDS
22660,7041018,7041131,113,CDS
22661,7043466,7043720,254,CDS
22662,7044926,7045003,77,CDS
22663,7045109,7045355,246,CDS
22664,7046334,7046488,154,CDS
22665,7046586,7046678,92,CDS
22666,7048842,7048964,122,CDS
22667,7049550,7049576,26,CDS
22668,7050173,7050187,14,CDS
22669,7050565,7050695,130,CDS
22670,7051242,7051421,179,CDS
22671,7051486,7051722,236,CDS
22672,7051977,7052052,75,CDS
22673,7012190,7012289,99,CDS
22674,7012739,7013277,538,CDS
22675,7033869,7033964,95,CDS
22676,7034503,7034538,35,CDS
22677,7034635,7034703,68,CDS
22678,7034972,7035038,66,CDS
22679,7035170,7035315,145,CDS
22680,7035744,7035881,137,CDS
22681,7038005,7038151,146,CDS
22682,7041018,7041131,113,CDS
22683,7043466,7043720,254,CDS
22684,7044926,7045003,77,CDS
22685,7045109,7045355,246,CDS
22686,7046334,7046488,154,CDS
22687,7046586,7046678,92,CDS
22688,7048842,7048964,122,CDS
22689,7049550,7049576,26,CDS
22690,7050565,7050695,130,CDS
22691,7051242,7051421,179,CDS
22692,7051486,7051722,236,CDS
22693,7051977,7052052,75,CDS
22694,7012190,7012289,99,CDS
22695,7012739,7013277,538,CDS
22696,7033869,7033964,95,CDS
22697,7034503,7034538,35,CDS
22698,7034635,7034703,68,CDS
22699,7034972,7035038,66,CDS
22700,7035170,7035315,145,CDS
22701,7035744,7035881,137,CDS
22702,7038005,7038151,146,CDS
22703,7041018,7041131,113,CDS
22704,7043466,7043720,254,CDS
22705,7044926,7045003,77,CDS
22706,7045109,7045355,246,CDS
22707,7046334,7046488,154,CDS
22708,7046586,7046678,92,CDS
22709,7048842,7048964,122,CDS
22710,7050173,7050187,14,CDS
22711,7050565,7050695,130,CDS
22712,7051242,7051421,179,CDS
22713,7051486,7051722,236,CDS
22714,7051977,7052052,75,CDS
22715,7012190,7012289,99,CDS
22716,7012739,7013277,538,CDS
22717,7033869,7033964,95,CDS
22718,7034503,7034538,35,CDS
22719,7034635,7034703,68,CDS
22720,7034972,7035038,66,CDS
22721,7035170,7035315,145,CDS
22722,7035744,7035881,137,CDS
22723,7038005,7038151,146,CDS
22724,7041018,7041131,113,CDS
22725,7043466,7043720,254,CDS
22726,7044926,7045003,77,CDS
22727,7045109,7045355,246,CDS
22728,7046334,7046488,154,CDS
22729,7046586,7046678,92,CDS
22730,7048842,7048964,122,CDS
22731,7050565,7050695,130,CDS
22732,7051242,7051421,179,CDS
22733,7051486,7051722,236,CDS
22734,7051977,7052052,75,CDS
22735,7012190,7012289,99,CDS
22736,7012739,7013277,538,CDS
22737,7033869,7033964,95,CDS
22738,7034503,7034538,35,CDS
22739,7034635,7034703,68,CDS
22740,7035214,7035315,101,CDS
22741,7035744,7035881,137,CDS
22742,7038005,7038151,146,CDS
22743,7041018,7041131,113,CDS
22744,7043466,7043720,254,CDS
22745,7044926,7045003,77,CDS
22746,7045109,7045355,246,CDS
22747,7046334,7046488,154,CDS
22748,7046586,7046678,92,CDS
22749,7048842,7048964,122,CDS
22750,7050565,7050695,130,CDS
22751,7051242,7051421,179,CDS
22752,7051486,7051722,236,CDS
22753,7051977,7052052,75,CDS
22754,7012190,7012289,99,CDS
22755,7012739,7013277,538,CDS
22756,7033869,7033964,95,CDS
22757,7034972,7035038,66,CDS
22758,7035170,7035315,145,CDS
22759,7035744,7035881,137,CDS
22760,7038005,7038151,146,CDS
22761,7041018,7041131,113,CDS
22762,7043466,7043720,254,CDS
22763,7044926,7045003,77,CDS
22764,7045109,7045355,246,CDS
22765,7046334,7046488,154,CDS
22766,7046586,7046678,92,CDS
22767,7048842,7048964,122,CDS
22768,7050565,7050695,130,CDS
22769,7051242,7051421,179,CDS
22770,7051486,7051722,236,CDS
22771,7051977,7052052,75,CDS
22772,7014100,7015276,1176,mRNA
22773,7019626,7019898,272,mRNA
22774,7034972,7035038,66,mRNA
22775,7035170,7035315,145,mRNA
22776,7035744,7035881,137,mRNA
22777,7038005,7038151,146,mRNA
22778,7041018,7041131,113,mRNA
22779,7043466,7043720,254,mRNA
22780,7044926,7045003,77,mRNA
22781,7045109,7045355,246,mRNA
22782,7045534,7045611,77,mRNA
22783,7046334,7046488,154,mRNA
22784,7046586,7046678,92,mRNA
22785,7048842,7048964,122,mRNA
22786,7050565,7050695,130,mRNA
22787,7051242,7051421,179,mRNA
22788,7051486,7051722,236,mRNA
22789,7051977,7053499,1522,mRNA
22790,7014100,7015276,1176,mRNA
22791,7019626,7019898,272,mRNA
22792,7034972,7035038,66,mRNA
22793,7035170,7035315,145,mRNA
22794,7035744,7035881,137,mRNA
22795,7038005,7038151,146,mRNA
22796,7041018,7041131,113,mRNA
22797,7043466,7043720,254,mRNA
22798,7044926,7045003,77,mRNA
22799,7045109,7045355,246,mRNA
22800,7046334,7046488,154,mRNA
22801,7046586,7046678,92,mRNA
22802,7048842,7048964,122,mRNA
22803,7049550,7049576,26,mRNA
22804,7050173,7050187,14,mRNA
22805,7050565,7050695,130,mRNA
22806,7051242,7051421,179,mRNA
22807,7051486,7051722,236,mRNA
22808,7051977,7053499,1522,mRNA
22809,7014100,7015276,1176,mRNA
22810,7019626,7019898,272,mRNA
22811,7034503,7034538,35,mRNA
22812,7034635,7034703,68,mRNA
22813,7034972,7035038,66,mRNA
22814,7035170,7035315,145,mRNA
22815,7035744,7035881,137,mRNA
22816,7038005,7038151,146,mRNA
22817,7041018,7041131,113,mRNA
22818,7043466,7043720,254,mRNA
22819,7044926,7045003,77,mRNA
22820,7045109,7045355,246,mRNA
22821,7046334,7046488,154,mRNA
22822,7046586,7046678,92,mRNA
22823,7048842,7048964,122,mRNA
22824,7050565,7050695,130,mRNA
22825,7051242,7051421,179,mRNA
22826,7051486,7051722,236,mRNA
22827,7051977,7052555,578,mRNA
22828,7014100,7015276,1176,mRNA
22829,7019626,7019898,272,mRNA
22830,7034972,7035038,66,mRNA
22831,7035170,7035315,145,mRNA
22832,7035744,7035881,137,mRNA
22833,7038005,7038151,146,mRNA
22834,7041018,7041131,113,mRNA
22835,7043466,7043720,254,mRNA
22836,7044926,7045003,77,mRNA
22837,7045109,7045355,246,mRNA
22838,7046334,7046488,154,mRNA
22839,7046586,7046678,92,mRNA
22840,7048842,7048964,122,mRNA
22841,7049550,7049576,26,mRNA
22842,7050565,7050695,130,mRNA
22843,7051242,7051421,179,mRNA
22844,7051486,7051722,236,mRNA
22845,7051977,7052555,578,mRNA
22846,7014100,7015276,1176,mRNA
22847,7019626,7019898,272,mRNA
22848,7034972,7035038,66,mRNA
22849,7035170,7035315,145,mRNA
22850,7035744,7035881,137,mRNA
22851,7038005,7038151,146,mRNA
22852,7041018,7041131,113,mRNA
22853,7043466,7043720,254,mRNA
22854,7044926,7045003,77,mRNA
22855,7045109,7045355,246,mRNA
22856,7046334,7046488,154,mRNA
22857,7046586,7046678,92,mRNA
22858,7048842,7048964,122,mRNA
22859,7050565,7050695,130,mRNA
22860,7051242,7051421,179,mRNA
22861,7051486,7051722,236,mRNA
22862,7051977,7052555,578,mRNA
22863,7014100,7015276,1176,mRNA
22864,7019626,7019898,272,mRNA
22865,7050565,7050695,130,mRNA
22866,7051242,7051421,179,mRNA
22867,7051486,7051722,236,mRNA
22868,7051977,7052555,578,mRNA
22869,7019749,7019898,149,CDS
22870,7034503,7034538,35,CDS
22871,7034635,7034703,68,CDS
22872,7034972,7035038,66,CDS
22873,7035170,7035315,145,CDS
22874,7035744,7035881,137,CDS
22875,7038005,7038151,146,CDS
22876,7041018,7041131,113,CDS
22877,7043466,7043720,254,CDS
22878,7044926,7045003,77,CDS
22879,7045109,7045355,246,CDS
22880,7046334,7046488,154,CDS
22881,7046586,7046678,92,CDS
22882,7048842,7048964,122,CDS
22883,7050565,7050695,130,CDS
22884,7051242,7051421,179,CDS
22885,7051486,7051722,236,CDS
22886,7051977,7052052,75,CDS
22887,7019749,7019898,149,CDS
22888,7034972,7035038,66,CDS
22889,7035170,7035315,145,CDS
22890,7035744,7035881,137,CDS
22891,7038005,7038151,146,CDS
22892,7041018,7041131,113,CDS
22893,7043466,7043720,254,CDS
22894,7044926,7045003,77,CDS
22895,7045109,7045355,246,CDS
22896,7045534,7045611,77,CDS
22897,7046334,7046488,154,CDS
22898,7046586,7046678,92,CDS
22899,7048842,7048964,122,CDS
22900,7050565,7050695,130,CDS
22901,7051242,7051421,179,CDS
22902,7051486,7051722,236,CDS
22903,7051977,7052052,75,CDS
22904,7019749,7019898,149,CDS
22905,7034972,7035038,66,CDS
22906,7035170,7035315,145,CDS
22907,7035744,7035881,137,CDS
22908,7038005,7038151,146,CDS
22909,7041018,7041131,113,CDS
22910,7043466,7043720,254,CDS
22911,7044926,7045003,77,CDS
22912,7045109,7045355,246,CDS
22913,7046334,7046488,154,CDS
22914,7046586,7046678,92,CDS
22915,7048842,7048964,122,CDS
22916,7049550,7049576,26,CDS
22917,7050173,7050187,14,CDS
22918,7050565,7050695,130,CDS
22919,7051242,7051421,179,CDS
22920,7051486,7051722,236,CDS
22921,7051977,7052052,75,CDS
22922,7019749,7019898,149,CDS
22923,7034972,7035038,66,CDS
22924,7035170,7035315,145,CDS
22925,7035744,7035881,137,CDS
22926,7038005,7038151,146,CDS
22927,7041018,7041131,113,CDS
22928,7043466,7043720,254,CDS
22929,7044926,7045003,77,CDS
22930,7045109,7045355,246,CDS
22931,7046334,7046488,154,CDS
22932,7046586,7046678,92,CDS
22933,7048842,7048964,122,CDS
22934,7049550,7049576,26,CDS
22935,7050565,7050695,130,CDS
22936,7051242,7051421,179,CDS
22937,7051486,7051722,236,CDS
22938,7051977,7052052,75,CDS
22939,7019749,7019898,149,CDS
22940,7034972,7035038,66,CDS
22941,7035170,7035315,145,CDS
22942,7035744,7035881,137,CDS
22943,7038005,7038151,146,CDS
22944,7041018,7041131,113,CDS
22945,7043466,7043720,254,CDS
22946,7044926,7045003,77,CDS
22947,7045109,7045355,246,CDS
22948,7046334,7046488,154,CDS
22949,7046586,7046678,92,CDS
22950,7048842,7048964,122,CDS
22951,7050565,7050695,130,CDS
22952,7051242,7051421,179,CDS
22953,7051486,7051722,236,CDS
22954,7051977,7052052,75,CDS
22955,7019749,7019898,149,CDS
22956,7050565,7050695,130,CDS
22957,7051242,7051421,179,CDS
22958,7051486,7051722,236,CDS
22959,7051977,7052052,75,CDS
22960,7025801,7026794,993,gene
22961,7026500,7026794,294,mRNA
22962,7025801,7026431,630,mRNA
22963,7026500,7026748,248,CDS
22964,7025964,7026431,467,CDS
22965,7037825,7038347,522,gene
22966,7038211,7038347,136,ncRNA
22967,7037825,7038128,303,ncRNA
22968,7038101,7038151,50,CDS
22969,7041018,7041131,113,CDS
22970,7043466,7043720,254,CDS
22971,7044926,7045003,77,CDS
22972,7045109,7045355,246,CDS
22973,7046334,7046488,154,CDS
22974,7046586,7046678,92,CDS
22975,7048842,7048964,122,CDS
22976,7050565,7050695,130,CDS
22977,7051242,7051421,179,CDS
22978,7051486,7051722,236,CDS
22979,7051977,7052052,75,CDS
22980,7048590,7048702,112,mRNA
22981,7048842,7048964,122,mRNA
22982,7050565,7050695,130,mRNA
22983,7051242,7051421,179,mRNA
22984,7051486,7051722,236,mRNA
22985,7051977,7052337,360,mRNA
22986,7048899,7048964,65,CDS
22987,7050565,7050695,130,CDS
22988,7051242,7051421,179,CDS
22989,7051486,7051722,236,CDS
22990,7051977,7052052,75,CDS
22991,7058930,7077462,18532,gene
22992,7077182,7077462,280,mRNA
22993,7062357,7063150,793,mRNA
22994,7061850,7062043,193,mRNA
22995,7060854,7061037,183,mRNA
22996,7058930,7060740,1810,mRNA
22997,7077182,7077462,280,mRNA
22998,7062357,7063150,793,mRNA
22999,7061850,7062043,193,mRNA
23000,7060854,7061037,183,mRNA
23001,7059906,7060740,834,mRNA
23002,7062357,7062874,517,CDS
23003,7061850,7062043,193,CDS
23004,7060854,7061037,183,CDS
23005,7060332,7060740,408,CDS
23006,7062357,7062874,517,CDS
23007,7061850,7062043,193,CDS
23008,7060854,7061037,183,CDS
23009,7060332,7060740,408,CDS
23010,7066314,7069463,3149,gene
23011,7066314,7066726,412,mRNA
23012,7067555,7067779,224,mRNA
23013,7068004,7069463,1459,mRNA
23014,7066314,7066967,653,mRNA
23015,7067555,7067779,224,mRNA
23016,7068004,7068232,228,mRNA
23017,7066314,7066726,412,mRNA
23018,7066861,7066967,106,mRNA
23019,7067555,7067779,224,mRNA
23020,7068004,7068232,228,mRNA
23021,7066384,7066726,342,CDS
23022,7067555,7067779,224,CDS
23023,7068004,7068227,223,CDS
23024,7066384,7066726,342,CDS
23025,7066861,7066868,7,CDS
23026,7066384,7066773,389,CDS
23027,7068211,7069199,988,gene
23028,7069051,7069199,148,mRNA
23029,7068854,7068998,144,mRNA
23030,7068674,7068799,125,mRNA
23031,7068471,7068620,149,mRNA
23032,7068211,7068406,195,mRNA
23033,7069051,7069199,148,CDS
23034,7068854,7068998,144,CDS
23035,7068674,7068799,125,CDS
23036,7068471,7068620,149,CDS
23037,7068242,7068406,164,CDS
23038,7073476,7075247,1771,gene
23039,7075042,7075247,205,mRNA
23040,7074835,7074983,148,mRNA
23041,7074621,7074745,124,mRNA
23042,7074274,7074451,177,mRNA
23043,7073476,7073639,163,mRNA
23044,7075042,7075247,205,CDS
23045,7074835,7074983,148,CDS
23046,7074621,7074745,124,CDS
23047,7074274,7074451,177,CDS
23048,7073476,7073639,163,CDS
23049,7086003,7086608,605,gene
23050,7086557,7086608,51,mRNA
23051,7086003,7086490,487,mRNA
23052,7086557,7086568,11,CDS
23053,7086119,7086490,371,CDS
23054,7087713,7088787,1074,gene
23055,7088698,7088787,89,mRNA
23056,7087713,7088626,913,mRNA
23057,7088698,7088709,11,CDS
23058,7088099,7088626,527,CDS
23059,7093204,7093841,637,gene
23060,7093204,7093295,91,mRNA
23061,7093368,7093841,473,mRNA
23062,7093284,7093295,11,CDS
23063,7093368,7093739,371,CDS
23064,7094818,7123297,28479,gene
23065,7094818,7095400,582,mRNA
23066,7111064,7111467,403,mRNA
23067,7111627,7111801,174,mRNA
23068,7115217,7115250,33,mRNA
23069,7117318,7117536,218,mRNA
23070,7117933,7118080,147,mRNA
23071,7118256,7119274,1018,mRNA
23072,7119336,7119686,350,mRNA
23073,7119748,7120127,379,mRNA
23074,7120183,7120750,567,mRNA
23075,7120819,7120952,133,mRNA
23076,7121015,7123297,2282,mRNA
23077,7094818,7095400,582,mRNA
23078,7111064,7111467,403,mRNA
23079,7111627,7111801,174,mRNA
23080,7115217,7115250,33,mRNA
23081,7117933,7118080,147,mRNA
23082,7118256,7119274,1018,mRNA
23083,7119336,7119686,350,mRNA
23084,7119748,7120127,379,mRNA
23085,7120183,7120750,567,mRNA
23086,7120819,7120952,133,mRNA
23087,7121015,7123297,2282,mRNA
23088,7111285,7111467,182,CDS
23089,7111627,7111801,174,CDS
23090,7115217,7115250,33,CDS
23091,7117318,7117536,218,CDS
23092,7117933,7118080,147,CDS
23093,7118256,7119274,1018,CDS
23094,7119336,7119686,350,CDS
23095,7119748,7120127,379,CDS
23096,7120183,7120750,567,CDS
23097,7120819,7120952,133,CDS
23098,7121015,7122957,1942,CDS
23099,7111285,7111467,182,CDS
23100,7111627,7111801,174,CDS
23101,7115217,7115250,33,CDS
23102,7117933,7118080,147,CDS
23103,7118256,7119274,1018,CDS
23104,7119336,7119686,350,CDS
23105,7119748,7120127,379,CDS
23106,7120183,7120750,567,CDS
23107,7120819,7120952,133,CDS
23108,7121015,7122957,1942,CDS
23109,7123213,7125533,2320,gene
23110,7125321,7125533,212,mRNA
23111,7125025,7125203,178,mRNA
23112,7124401,7124958,557,mRNA
23113,7123846,7124342,496,mRNA
23114,7123706,7123790,84,mRNA
23115,7123213,7123650,437,mRNA
23116,7125321,7125422,101,CDS
23117,7125025,7125203,178,CDS
23118,7124401,7124958,557,CDS
23119,7123846,7124342,496,CDS
23120,7123706,7123790,84,CDS
23121,7123533,7123650,117,CDS
23122,7125905,7128118,2213,gene
23123,7125905,7126205,300,mRNA
23124,7126269,7127336,1067,mRNA
23125,7127419,7128118,699,mRNA
23126,7125926,7126205,279,CDS
23127,7126269,7127336,1067,CDS
23128,7127419,7127888,469,CDS
23129,7127913,7128264,351,gene
23130,7127913,7128264,351,mRNA
23131,7127975,7128229,254,CDS
23132,7128903,7129673,770,gene
23133,7128903,7128960,57,mRNA
23134,7129035,7129673,638,mRNA
23135,7128903,7128960,57,mRNA
23136,7129035,7129380,345,mRNA
23137,7128952,7128960,8,CDS
23138,7129035,7129274,239,CDS
23139,7128952,7128960,8,CDS
23140,7129035,7129274,239,CDS
23141,7130011,7130136,125,mobile_element
23142,7130874,7131505,631,gene
23143,7130874,7130901,27,mRNA
23144,7130972,7131010,38,mRNA
23145,7131144,7131505,361,mRNA
23146,7130965,7131010,45,mRNA
23147,7131144,7131505,361,mRNA
23148,7131002,7131010,8,CDS
23149,7131144,7131389,245,CDS
23150,7131002,7131010,8,CDS
23151,7131144,7131389,245,CDS
23152,7131863,7133463,1600,gene
23153,7131863,7131908,45,mRNA
23154,7132649,7132677,28,mRNA
23155,7133119,7133463,344,mRNA
23156,7132637,7132677,40,mRNA
23157,7133119,7133463,344,mRNA
23158,7132666,7132677,11,CDS
23159,7133119,7133367,248,CDS
23160,7132666,7132677,11,CDS
23161,7133119,7133367,248,CDS
23162,7134516,7143074,8558,gene
23163,7134516,7135227,711,mRNA
23164,7138226,7138511,285,mRNA
23165,7139173,7139327,154,mRNA
23166,7139386,7139637,251,mRNA
23167,7139700,7140501,801,mRNA
23168,7140564,7141306,742,mRNA
23169,7141365,7141602,237,mRNA
23170,7141709,7141878,169,mRNA
23171,7141944,7142072,128,mRNA
23172,7142137,7142418,281,mRNA
23173,7142478,7143074,596,mRNA
23174,7134516,7135227,711,mRNA
23175,7139173,7139327,154,mRNA
23176,7139386,7139637,251,mRNA
23177,7139700,7140501,801,mRNA
23178,7140558,7141306,748,mRNA
23179,7141365,7141602,237,mRNA
23180,7141709,7141878,169,mRNA
23181,7141944,7142072,128,mRNA
23182,7142137,7142418,281,mRNA
23183,7142478,7143074,596,mRNA
23184,7134516,7135227,711,mRNA
23185,7139173,7139327,154,mRNA
23186,7139386,7139637,251,mRNA
23187,7139700,7140501,801,mRNA
23188,7140558,7141306,748,mRNA
23189,7141365,7141602,237,mRNA
23190,7141727,7141878,151,mRNA
23191,7141944,7142072,128,mRNA
23192,7142137,7142418,281,mRNA
23193,7142478,7143074,596,mRNA
23194,7139223,7139327,104,CDS
23195,7139386,7139637,251,CDS
23196,7139700,7140501,801,CDS
23197,7140558,7141306,748,CDS
23198,7141365,7141602,237,CDS
23199,7141709,7141878,169,CDS
23200,7141944,7142072,128,CDS
23201,7142137,7142418,281,CDS
23202,7142478,7142735,257,CDS
23203,7139223,7139327,104,CDS
23204,7139386,7139637,251,CDS
23205,7139700,7140501,801,CDS
23206,7140558,7141306,748,CDS
23207,7141365,7141602,237,CDS
23208,7141727,7141878,151,CDS
23209,7141944,7142072,128,CDS
23210,7142137,7142418,281,CDS
23211,7142478,7142735,257,CDS
23212,7139223,7139327,104,CDS
23213,7139386,7139637,251,CDS
23214,7139700,7140501,801,CDS
23215,7140564,7141306,742,CDS
23216,7141365,7141602,237,CDS
23217,7141709,7141878,169,CDS
23218,7141944,7142072,128,CDS
23219,7142137,7142418,281,CDS
23220,7142478,7142735,257,CDS
23221,7142991,7157073,14082,gene
23222,7155936,7157073,1137,mRNA
23223,7145967,7147864,1897,mRNA
23224,7145591,7145900,309,mRNA
23225,7145231,7145528,297,mRNA
23226,7144963,7145172,209,mRNA
23227,7144737,7144908,171,mRNA
23228,7144060,7144281,221,mRNA
23229,7142991,7143988,997,mRNA
23230,7155936,7157073,1137,mRNA
23231,7145967,7147864,1897,mRNA
23232,7145591,7145900,309,mRNA
23233,7145231,7145528,297,mRNA
23234,7144963,7145172,209,mRNA
23235,7144737,7144908,171,mRNA
23236,7144060,7144281,221,mRNA
23237,7142991,7144006,1015,mRNA
23238,7155936,7157073,1137,mRNA
23239,7145967,7147864,1897,mRNA
23240,7145591,7145900,309,mRNA
23241,7145231,7145528,297,mRNA
23242,7144963,7145172,209,mRNA
23243,7144737,7144908,171,mRNA
23244,7144060,7144400,340,mRNA
23245,7142991,7144006,1015,mRNA
23246,7145967,7147847,1880,CDS
23247,7145591,7145900,309,CDS
23248,7145231,7145528,297,CDS
23249,7144963,7145172,209,CDS
23250,7144737,7144908,171,CDS
23251,7144060,7144281,221,CDS
23252,7143776,7143988,212,CDS
23253,7145967,7147847,1880,CDS
23254,7145591,7145900,309,CDS
23255,7145231,7145528,297,CDS
23256,7144963,7145172,209,CDS
23257,7144737,7144908,171,CDS
23258,7144060,7144281,221,CDS
23259,7143776,7144006,230,CDS
23260,7145967,7147847,1880,CDS
23261,7145591,7145900,309,CDS
23262,7145231,7145528,297,CDS
23263,7144963,7145172,209,CDS
23264,7144737,7144908,171,CDS
23265,7144359,7144400,41,CDS
23266,7155936,7157073,1137,mRNA
23267,7145967,7147864,1897,mRNA
23268,7145591,7145900,309,mRNA
23269,7145231,7145528,297,mRNA
23270,7144963,7145172,209,mRNA
23271,7144529,7144908,379,mRNA
23272,7145967,7147847,1880,CDS
23273,7145591,7145900,309,CDS
23274,7145231,7145528,297,CDS
23275,7144963,7145172,209,CDS
23276,7144725,7144908,183,CDS
23277,7158099,7158874,775,gene
23278,7158099,7158514,415,mRNA
23279,7158579,7158874,295,mRNA
23280,7158100,7158874,774,mRNA
23281,7158247,7158810,563,CDS
23282,7158247,7158514,267,CDS
23283,7158579,7158610,31,CDS
23284,7159199,7189931,30732,gene
23285,7189267,7189931,664,mRNA
23286,7183623,7183955,332,mRNA
23287,7183378,7183539,161,mRNA
23288,7182541,7182687,146,mRNA
23289,7182308,7182425,117,mRNA
23290,7180138,7180586,448,mRNA
23291,7179723,7179867,144,mRNA
23292,7175425,7175576,151,mRNA
23293,7173282,7173554,272,mRNA
23294,7171673,7171957,284,mRNA
23295,7168170,7168289,119,mRNA
23296,7167848,7168021,173,mRNA
23297,7167576,7167726,150,mRNA
23298,7167228,7167508,280,mRNA
23299,7166663,7167148,485,mRNA
23300,7165285,7166601,1316,mRNA
23301,7164925,7165215,290,mRNA
23302,7164730,7164876,146,mRNA
23303,7164248,7164513,265,mRNA
23304,7163752,7163878,126,mRNA
23305,7159199,7163179,3980,mRNA
23306,7189267,7189931,664,mRNA
23307,7183623,7183955,332,mRNA
23308,7183378,7183539,161,mRNA
23309,7182541,7182687,146,mRNA
23310,7182308,7182425,117,mRNA
23311,7180138,7180586,448,mRNA
23312,7179723,7179867,144,mRNA
23313,7175425,7175576,151,mRNA
23314,7173282,7173554,272,mRNA
23315,7172378,7172665,287,mRNA
23316,7168170,7168289,119,mRNA
23317,7167848,7168021,173,mRNA
23318,7167576,7167726,150,mRNA
23319,7167228,7167508,280,mRNA
23320,7166663,7167148,485,mRNA
23321,7165285,7166601,1316,mRNA
23322,7164925,7165215,290,mRNA
23323,7164730,7164876,146,mRNA
23324,7164350,7164513,163,mRNA
23325,7163752,7163878,126,mRNA
23326,7163089,7163179,90,mRNA
23327,7159199,7161798,2599,mRNA
23328,7189267,7189931,664,mRNA
23329,7183623,7183955,332,mRNA
23330,7183378,7183539,161,mRNA
23331,7182541,7182687,146,mRNA
23332,7182308,7182425,117,mRNA
23333,7180138,7180586,448,mRNA
23334,7179723,7179867,144,mRNA
23335,7175425,7175576,151,mRNA
23336,7173282,7173554,272,mRNA
23337,7171673,7171957,284,mRNA
23338,7168170,7168289,119,mRNA
23339,7167848,7168021,173,mRNA
23340,7167576,7167726,150,mRNA
23341,7167228,7167508,280,mRNA
23342,7166663,7167148,485,mRNA
23343,7165285,7166601,1316,mRNA
23344,7164925,7165215,290,mRNA
23345,7164730,7164876,146,mRNA
23346,7164350,7164513,163,mRNA
23347,7163752,7163878,126,mRNA
23348,7163089,7163179,90,mRNA
23349,7160304,7161798,1494,mRNA
23350,7189267,7189931,664,mRNA
23351,7183623,7183955,332,mRNA
23352,7183378,7183539,161,mRNA
23353,7182541,7182687,146,mRNA
23354,7182308,7182425,117,mRNA
23355,7180138,7180586,448,mRNA
23356,7179723,7179867,144,mRNA
23357,7175425,7175576,151,mRNA
23358,7173282,7173554,272,mRNA
23359,7171673,7171957,284,mRNA
23360,7168170,7168289,119,mRNA
23361,7167848,7168021,173,mRNA
23362,7167576,7167726,150,mRNA
23363,7167228,7167508,280,mRNA
23364,7166663,7167148,485,mRNA
23365,7165285,7166601,1316,mRNA
23366,7164925,7165215,290,mRNA
23367,7164730,7164876,146,mRNA
23368,7164350,7164513,163,mRNA
23369,7163752,7163878,126,mRNA
23370,7160304,7163179,2875,mRNA
23371,7189267,7189931,664,mRNA
23372,7183623,7183955,332,mRNA
23373,7183378,7183539,161,mRNA
23374,7182541,7182687,146,mRNA
23375,7182308,7182425,117,mRNA
23376,7180138,7180586,448,mRNA
23377,7179723,7179867,144,mRNA
23378,7175425,7175576,151,mRNA
23379,7173282,7173554,272,mRNA
23380,7171673,7171957,284,mRNA
23381,7168170,7168289,119,mRNA
23382,7167848,7168021,173,mRNA
23383,7167576,7167726,150,mRNA
23384,7167228,7167508,280,mRNA
23385,7166663,7167163,500,mRNA
23386,7165285,7166601,1316,mRNA
23387,7164925,7165215,290,mRNA
23388,7164730,7164849,119,mRNA
23389,7164350,7164513,163,mRNA
23390,7163752,7163878,126,mRNA
23391,7160304,7163179,2875,mRNA
23392,7189267,7189931,664,mRNA
23393,7183623,7183955,332,mRNA
23394,7183378,7183539,161,mRNA
23395,7182541,7182687,146,mRNA
23396,7182308,7182425,117,mRNA
23397,7180138,7180586,448,mRNA
23398,7179723,7179867,144,mRNA
23399,7175425,7175576,151,mRNA
23400,7173282,7173554,272,mRNA
23401,7172378,7172665,287,mRNA
23402,7168170,7168289,119,mRNA
23403,7167848,7168021,173,mRNA
23404,7167576,7167726,150,mRNA
23405,7167228,7167508,280,mRNA
23406,7166663,7167163,500,mRNA
23407,7165285,7166601,1316,mRNA
23408,7164925,7165215,290,mRNA
23409,7164730,7164876,146,mRNA
23410,7164350,7164513,163,mRNA
23411,7163752,7163878,126,mRNA
23412,7160304,7163179,2875,mRNA
23413,7189267,7189931,664,mRNA
23414,7183623,7183955,332,mRNA
23415,7183378,7183539,161,mRNA
23416,7182541,7182687,146,mRNA
23417,7182308,7182425,117,mRNA
23418,7180138,7180586,448,mRNA
23419,7179723,7179867,144,mRNA
23420,7175425,7175576,151,mRNA
23421,7173282,7173554,272,mRNA
23422,7172378,7172665,287,mRNA
23423,7168170,7168289,119,mRNA
23424,7167848,7168021,173,mRNA
23425,7167576,7167726,150,mRNA
23426,7167228,7167508,280,mRNA
23427,7166663,7167163,500,mRNA
23428,7165285,7166601,1316,mRNA
23429,7164925,7165215,290,mRNA
23430,7164730,7164876,146,mRNA
23431,7164350,7164513,163,mRNA
23432,7163752,7163878,126,mRNA
23433,7160304,7163179,2875,mRNA
23434,7189267,7189931,664,mRNA
23435,7183623,7183955,332,mRNA
23436,7183378,7183539,161,mRNA
23437,7182541,7182687,146,mRNA
23438,7182308,7182425,117,mRNA
23439,7180138,7180586,448,mRNA
23440,7179723,7179867,144,mRNA
23441,7175425,7175576,151,mRNA
23442,7173282,7173554,272,mRNA
23443,7172378,7172665,287,mRNA
23444,7168170,7168289,119,mRNA
23445,7167848,7168021,173,mRNA
23446,7167576,7167726,150,mRNA
23447,7167228,7167508,280,mRNA
23448,7166663,7167163,500,mRNA
23449,7165285,7166601,1316,mRNA
23450,7164925,7165215,290,mRNA
23451,7164730,7164876,146,mRNA
23452,7164350,7164513,163,mRNA
23453,7163752,7163878,126,mRNA
23454,7160304,7163179,2875,mRNA
23455,7189267,7189315,48,CDS
23456,7183623,7183955,332,CDS
23457,7183378,7183539,161,CDS
23458,7182541,7182687,146,CDS
23459,7182308,7182425,117,CDS
23460,7180138,7180586,448,CDS
23461,7179723,7179867,144,CDS
23462,7175425,7175576,151,CDS
23463,7173282,7173554,272,CDS
23464,7171673,7171957,284,CDS
23465,7168170,7168289,119,CDS
23466,7167848,7168021,173,CDS
23467,7167576,7167726,150,CDS
23468,7167228,7167508,280,CDS
23469,7166663,7167148,485,CDS
23470,7165285,7166601,1316,CDS
23471,7164925,7165215,290,CDS
23472,7164730,7164876,146,CDS
23473,7164350,7164513,163,CDS
23474,7163752,7163878,126,CDS
23475,7163089,7163179,90,CDS
23476,7161357,7161798,441,CDS
23477,7189267,7189315,48,CDS
23478,7183623,7183955,332,CDS
23479,7183378,7183539,161,CDS
23480,7182541,7182687,146,CDS
23481,7182308,7182425,117,CDS
23482,7180138,7180586,448,CDS
23483,7179723,7179867,144,CDS
23484,7175425,7175576,151,CDS
23485,7173282,7173554,272,CDS
23486,7172378,7172665,287,CDS
23487,7168170,7168289,119,CDS
23488,7167848,7168021,173,CDS
23489,7167576,7167726,150,CDS
23490,7167228,7167508,280,CDS
23491,7166663,7167148,485,CDS
23492,7165285,7166601,1316,CDS
23493,7164925,7165215,290,CDS
23494,7164730,7164876,146,CDS
23495,7164350,7164513,163,CDS
23496,7163752,7163878,126,CDS
23497,7163089,7163179,90,CDS
23498,7161357,7161798,441,CDS
23499,7189267,7189315,48,CDS
23500,7183623,7183955,332,CDS
23501,7183378,7183539,161,CDS
23502,7182541,7182687,146,CDS
23503,7182308,7182425,117,CDS
23504,7180138,7180586,448,CDS
23505,7179723,7179867,144,CDS
23506,7175425,7175576,151,CDS
23507,7173282,7173554,272,CDS
23508,7172378,7172665,287,CDS
23509,7168170,7168289,119,CDS
23510,7167848,7168021,173,CDS
23511,7167576,7167726,150,CDS
23512,7167228,7167508,280,CDS
23513,7166663,7167163,500,CDS
23514,7165285,7166601,1316,CDS
23515,7164925,7165215,290,CDS
23516,7164730,7164876,146,CDS
23517,7164350,7164513,163,CDS
23518,7163752,7163878,126,CDS
23519,7162263,7163179,916,CDS
23520,7189267,7189315,48,CDS
23521,7183623,7183955,332,CDS
23522,7183378,7183539,161,CDS
23523,7182541,7182687,146,CDS
23524,7182308,7182425,117,CDS
23525,7180138,7180586,448,CDS
23526,7179723,7179867,144,CDS
23527,7175425,7175576,151,CDS
23528,7173282,7173554,272,CDS
23529,7172378,7172665,287,CDS
23530,7168170,7168289,119,CDS
23531,7167848,7168021,173,CDS
23532,7167576,7167726,150,CDS
23533,7167228,7167508,280,CDS
23534,7166663,7167163,500,CDS
23535,7165285,7166601,1316,CDS
23536,7164925,7165215,290,CDS
23537,7164730,7164876,146,CDS
23538,7164350,7164513,163,CDS
23539,7163752,7163878,126,CDS
23540,7162311,7163179,868,CDS
23541,7189267,7189315,48,CDS
23542,7183623,7183955,332,CDS
23543,7183378,7183539,161,CDS
23544,7182541,7182687,146,CDS
23545,7182308,7182425,117,CDS
23546,7180138,7180586,448,CDS
23547,7179723,7179867,144,CDS
23548,7175425,7175576,151,CDS
23549,7173282,7173554,272,CDS
23550,7171673,7171957,284,CDS
23551,7168170,7168289,119,CDS
23552,7167848,7168021,173,CDS
23553,7167576,7167726,150,CDS
23554,7167228,7167508,280,CDS
23555,7166663,7167148,485,CDS
23556,7165285,7166601,1316,CDS
23557,7164925,7165215,290,CDS
23558,7164730,7164876,146,CDS
23559,7164350,7164513,163,CDS
23560,7163752,7163878,126,CDS
23561,7162428,7163179,751,CDS
23562,7189267,7189315,48,CDS
23563,7183623,7183955,332,CDS
23564,7183378,7183539,161,CDS
23565,7182541,7182687,146,CDS
23566,7182308,7182425,117,CDS
23567,7180138,7180586,448,CDS
23568,7179723,7179867,144,CDS
23569,7175425,7175576,151,CDS
23570,7173282,7173554,272,CDS
23571,7171673,7171957,284,CDS
23572,7168170,7168289,119,CDS
23573,7167848,7168021,173,CDS
23574,7167576,7167726,150,CDS
23575,7167228,7167508,280,CDS
23576,7166663,7167148,485,CDS
23577,7165285,7166601,1316,CDS
23578,7164925,7165215,290,CDS
23579,7164730,7164876,146,CDS
23580,7164248,7164513,265,CDS
23581,7163752,7163878,126,CDS
23582,7162428,7163179,751,CDS
23583,7189267,7189315,48,CDS
23584,7183623,7183955,332,CDS
23585,7183378,7183539,161,CDS
23586,7182541,7182687,146,CDS
23587,7182308,7182425,117,CDS
23588,7180138,7180586,448,CDS
23589,7179723,7179867,144,CDS
23590,7175425,7175576,151,CDS
23591,7173282,7173554,272,CDS
23592,7171673,7171957,284,CDS
23593,7168170,7168289,119,CDS
23594,7167848,7168021,173,CDS
23595,7167576,7167726,150,CDS
23596,7167228,7167508,280,CDS
23597,7166663,7167163,500,CDS
23598,7165285,7166601,1316,CDS
23599,7164925,7165215,290,CDS
23600,7164730,7164849,119,CDS
23601,7164350,7164513,163,CDS
23602,7163752,7163878,126,CDS
23603,7162428,7163179,751,CDS
23604,7189267,7189315,48,CDS
23605,7183623,7183955,332,CDS
23606,7183378,7183539,161,CDS
23607,7182541,7182687,146,CDS
23608,7182308,7182425,117,CDS
23609,7180138,7180586,448,CDS
23610,7179723,7179867,144,CDS
23611,7175425,7175576,151,CDS
23612,7173282,7173554,272,CDS
23613,7172378,7172665,287,CDS
23614,7168170,7168289,119,CDS
23615,7167848,7168021,173,CDS
23616,7167576,7167726,150,CDS
23617,7167228,7167508,280,CDS
23618,7166663,7167163,500,CDS
23619,7165285,7166601,1316,CDS
23620,7164925,7165215,290,CDS
23621,7164730,7164876,146,CDS
23622,7164350,7164513,163,CDS
23623,7163752,7163878,126,CDS
23624,7162428,7163179,751,CDS
23625,7189267,7189931,664,mRNA
23626,7183623,7183955,332,mRNA
23627,7183378,7183539,161,mRNA
23628,7182541,7182687,146,mRNA
23629,7182308,7182425,117,mRNA
23630,7180138,7180586,448,mRNA
23631,7179723,7179867,144,mRNA
23632,7175425,7175576,151,mRNA
23633,7173282,7173554,272,mRNA
23634,7172378,7172665,287,mRNA
23635,7168170,7168289,119,mRNA
23636,7167848,7168021,173,mRNA
23637,7167576,7167726,150,mRNA
23638,7167228,7167508,280,mRNA
23639,7166663,7167163,500,mRNA
23640,7165285,7166601,1316,mRNA
23641,7164925,7165215,290,mRNA
23642,7164730,7164876,146,mRNA
23643,7164350,7164513,163,mRNA
23644,7163752,7163878,126,mRNA
23645,7163055,7163506,451,mRNA
23646,7189267,7189931,664,mRNA
23647,7183623,7183955,332,mRNA
23648,7183378,7183539,161,mRNA
23649,7182541,7182687,146,mRNA
23650,7182308,7182425,117,mRNA
23651,7180138,7180586,448,mRNA
23652,7179723,7179867,144,mRNA
23653,7175425,7175576,151,mRNA
23654,7173282,7173554,272,mRNA
23655,7172378,7172665,287,mRNA
23656,7168170,7168289,119,mRNA
23657,7167848,7168021,173,mRNA
23658,7167576,7167726,150,mRNA
23659,7167228,7167508,280,mRNA
23660,7166663,7167148,485,mRNA
23661,7165285,7166601,1316,mRNA
23662,7164925,7165215,290,mRNA
23663,7164730,7164876,146,mRNA
23664,7164350,7164513,163,mRNA
23665,7163752,7163878,126,mRNA
23666,7163295,7163506,211,mRNA
23667,7189267,7189931,664,mRNA
23668,7183623,7183955,332,mRNA
23669,7183378,7183539,161,mRNA
23670,7182541,7182687,146,mRNA
23671,7182308,7182425,117,mRNA
23672,7180138,7180586,448,mRNA
23673,7179723,7179867,144,mRNA
23674,7175425,7175576,151,mRNA
23675,7173282,7173554,272,mRNA
23676,7171673,7171957,284,mRNA
23677,7168170,7168289,119,mRNA
23678,7167848,7168021,173,mRNA
23679,7167576,7167726,150,mRNA
23680,7167228,7167508,280,mRNA
23681,7166663,7167148,485,mRNA
23682,7165285,7166601,1316,mRNA
23683,7164925,7165215,290,mRNA
23684,7164730,7164849,119,mRNA
23685,7164248,7164513,265,mRNA
23686,7163752,7163878,126,mRNA
23687,7163299,7163506,207,mRNA
23688,7189267,7189931,664,mRNA
23689,7183623,7183955,332,mRNA
23690,7183378,7183539,161,mRNA
23691,7182541,7182687,146,mRNA
23692,7182308,7182425,117,mRNA
23693,7180138,7180586,448,mRNA
23694,7179723,7179867,144,mRNA
23695,7175425,7175576,151,mRNA
23696,7173282,7173554,272,mRNA
23697,7171673,7171957,284,mRNA
23698,7168170,7168289,119,mRNA
23699,7167848,7168021,173,mRNA
23700,7167576,7167726,150,mRNA
23701,7167228,7167508,280,mRNA
23702,7166663,7167148,485,mRNA
23703,7165285,7166601,1316,mRNA
23704,7164925,7165215,290,mRNA
23705,7164730,7164876,146,mRNA
23706,7164350,7164513,163,mRNA
23707,7163752,7163878,126,mRNA
23708,7163299,7163506,207,mRNA
23709,7189267,7189931,664,mRNA
23710,7183623,7183955,332,mRNA
23711,7183378,7183539,161,mRNA
23712,7182541,7182687,146,mRNA
23713,7182308,7182425,117,mRNA
23714,7180138,7180586,448,mRNA
23715,7179723,7179867,144,mRNA
23716,7175425,7175576,151,mRNA
23717,7173282,7173554,272,mRNA
23718,7171673,7171957,284,mRNA
23719,7168170,7168289,119,mRNA
23720,7167848,7168021,173,mRNA
23721,7167576,7167726,150,mRNA
23722,7167228,7167508,280,mRNA
23723,7166663,7167163,500,mRNA
23724,7165285,7166601,1316,mRNA
23725,7164925,7165215,290,mRNA
23726,7164730,7164876,146,mRNA
23727,7164350,7164513,163,mRNA
23728,7163752,7163878,126,mRNA
23729,7163299,7163506,207,mRNA
23730,7189267,7189315,48,CDS
23731,7183623,7183955,332,CDS
23732,7183378,7183539,161,CDS
23733,7182541,7182687,146,CDS
23734,7182308,7182425,117,CDS
23735,7180138,7180586,448,CDS
23736,7179723,7179867,144,CDS
23737,7175425,7175576,151,CDS
23738,7173282,7173554,272,CDS
23739,7171673,7171957,284,CDS
23740,7168170,7168289,119,CDS
23741,7167848,7168021,173,CDS
23742,7167576,7167726,150,CDS
23743,7167228,7167508,280,CDS
23744,7166663,7167148,485,CDS
23745,7165285,7166601,1316,CDS
23746,7164925,7165215,290,CDS
23747,7164730,7164849,119,CDS
23748,7164248,7164513,265,CDS
23749,7163752,7163878,126,CDS
23750,7163451,7163506,55,CDS
23751,7189267,7189315,48,CDS
23752,7183623,7183955,332,CDS
23753,7183378,7183539,161,CDS
23754,7182541,7182687,146,CDS
23755,7182308,7182425,117,CDS
23756,7180138,7180586,448,CDS
23757,7179723,7179867,144,CDS
23758,7175425,7175576,151,CDS
23759,7173282,7173554,272,CDS
23760,7171673,7171957,284,CDS
23761,7168170,7168289,119,CDS
23762,7167848,7168021,173,CDS
23763,7167576,7167726,150,CDS
23764,7167228,7167508,280,CDS
23765,7166663,7167148,485,CDS
23766,7165285,7166601,1316,CDS
23767,7164925,7165215,290,CDS
23768,7164730,7164876,146,CDS
23769,7164350,7164513,163,CDS
23770,7163752,7163878,126,CDS
23771,7163451,7163506,55,CDS
23772,7189267,7189315,48,CDS
23773,7183623,7183955,332,CDS
23774,7183378,7183539,161,CDS
23775,7182541,7182687,146,CDS
23776,7182308,7182425,117,CDS
23777,7180138,7180586,448,CDS
23778,7179723,7179867,144,CDS
23779,7175425,7175576,151,CDS
23780,7173282,7173554,272,CDS
23781,7171673,7171957,284,CDS
23782,7168170,7168289,119,CDS
23783,7167848,7168021,173,CDS
23784,7167576,7167726,150,CDS
23785,7167228,7167508,280,CDS
23786,7166663,7167163,500,CDS
23787,7165285,7166601,1316,CDS
23788,7164925,7165215,290,CDS
23789,7164730,7164876,146,CDS
23790,7164350,7164513,163,CDS
23791,7163752,7163878,126,CDS
23792,7163451,7163506,55,CDS
23793,7189267,7189315,48,CDS
23794,7183623,7183955,332,CDS
23795,7183378,7183539,161,CDS
23796,7182541,7182687,146,CDS
23797,7182308,7182425,117,CDS
23798,7180138,7180586,448,CDS
23799,7179723,7179867,144,CDS
23800,7175425,7175576,151,CDS
23801,7173282,7173554,272,CDS
23802,7172378,7172665,287,CDS
23803,7168170,7168289,119,CDS
23804,7167848,7168021,173,CDS
23805,7167576,7167726,150,CDS
23806,7167228,7167508,280,CDS
23807,7166663,7167148,485,CDS
23808,7165285,7166601,1316,CDS
23809,7164925,7165215,290,CDS
23810,7164730,7164876,146,CDS
23811,7164350,7164513,163,CDS
23812,7163752,7163878,126,CDS
23813,7163451,7163506,55,CDS
23814,7189267,7189315,48,CDS
23815,7183623,7183955,332,CDS
23816,7183378,7183539,161,CDS
23817,7182541,7182687,146,CDS
23818,7182308,7182425,117,CDS
23819,7180138,7180586,448,CDS
23820,7179723,7179867,144,CDS
23821,7175425,7175576,151,CDS
23822,7173282,7173554,272,CDS
23823,7172378,7172665,287,CDS
23824,7168170,7168289,119,CDS
23825,7167848,7168021,173,CDS
23826,7167576,7167726,150,CDS
23827,7167228,7167508,280,CDS
23828,7166663,7167163,500,CDS
23829,7165285,7166601,1316,CDS
23830,7164925,7165215,290,CDS
23831,7164730,7164876,146,CDS
23832,7164350,7164513,163,CDS
23833,7163752,7163878,126,CDS
23834,7163451,7163506,55,CDS
23835,7189267,7189931,664,mRNA
23836,7183623,7183955,332,mRNA
23837,7183378,7183539,161,mRNA
23838,7182541,7182687,146,mRNA
23839,7182308,7182425,117,mRNA
23840,7180138,7180586,448,mRNA
23841,7179723,7179867,144,mRNA
23842,7175425,7175576,151,mRNA
23843,7173282,7173554,272,mRNA
23844,7170771,7171957,1186,mRNA
23845,7189267,7189315,48,CDS
23846,7183623,7183955,332,CDS
23847,7183378,7183539,161,CDS
23848,7182541,7182687,146,CDS
23849,7182308,7182425,117,CDS
23850,7180138,7180586,448,CDS
23851,7179723,7179867,144,CDS
23852,7175425,7175576,151,CDS
23853,7173282,7173554,272,CDS
23854,7171527,7171957,430,CDS
23855,7189267,7189931,664,mRNA
23856,7183623,7183955,332,mRNA
23857,7183378,7183539,161,mRNA
23858,7182541,7182687,146,mRNA
23859,7182308,7182425,117,mRNA
23860,7180138,7180586,448,mRNA
23861,7179723,7179867,144,mRNA
23862,7174120,7175576,1456,mRNA
23863,7189267,7189315,48,CDS
23864,7183623,7183955,332,CDS
23865,7183378,7183539,161,CDS
23866,7182541,7182687,146,CDS
23867,7182308,7182425,117,CDS
23868,7180138,7180586,448,CDS
23869,7179723,7179867,144,CDS
23870,7175348,7175576,228,CDS
23871,7222717,7223898,1181,gene
23872,7222717,7223898,1181,ncRNA
23873,7222717,7223386,669,ncRNA
23874,7234512,7235965,1453,gene
23875,7234512,7235301,789,mRNA
23876,7235431,7235662,231,mRNA
23877,7234763,7235301,538,mRNA
23878,7235431,7235965,534,mRNA
23879,7234784,7235301,517,CDS
23880,7235431,7235572,141,CDS
23881,7234784,7235301,517,CDS
23882,7235431,7235572,141,CDS
23883,7236800,7238122,1322,gene
23884,7237582,7238122,540,mRNA
23885,7236800,7237515,715,mRNA
23886,7237582,7238099,517,CDS
23887,7237374,7237515,141,CDS
23888,7238542,7240245,1703,gene
23889,7238542,7239793,1251,mRNA
23890,7239883,7239985,102,mRNA
23891,7240044,7240245,201,mRNA
23892,7238635,7239793,1158,CDS
23893,7239883,7239985,102,CDS
23894,7240044,7240164,120,CDS
23895,7240203,7241351,1148,gene
23896,7241320,7241351,31,mRNA
23897,7241226,7241255,29,mRNA
23898,7240855,7240941,86,mRNA
23899,7240203,7240777,574,mRNA
23900,7241226,7241319,93,mRNA
23901,7240855,7240941,86,mRNA
23902,7240203,7240777,574,mRNA
23903,7241226,7241257,31,mRNA
23904,7240855,7240941,86,mRNA
23905,7240203,7240777,574,mRNA
23906,7241226,7241228,2,CDS
23907,7240855,7240941,86,CDS
23908,7240301,7240777,476,CDS
23909,7241226,7241228,2,CDS
23910,7240855,7240941,86,CDS
23911,7240301,7240777,476,CDS
23912,7241226,7241228,2,CDS
23913,7240855,7240941,86,CDS
23914,7240301,7240777,476,CDS
23915,7241628,7243139,1511,gene
23916,7241628,7242296,668,mRNA
23917,7242360,7243139,779,mRNA
23918,7241817,7242296,479,mRNA
23919,7242360,7243139,779,mRNA
23920,7241875,7242296,421,CDS
23921,7242360,7243053,693,CDS
23922,7241875,7242296,421,CDS
23923,7242360,7243053,693,CDS
23924,7243080,7243933,853,gene
23925,7243860,7243933,73,mRNA
23926,7243694,7243803,109,mRNA
23927,7243080,7243634,554,mRNA
23928,7243860,7243889,29,CDS
23929,7243694,7243803,109,CDS
23930,7243205,7243634,429,CDS
23931,7244388,7245383,995,gene
23932,7244388,7245383,995,mRNA
23933,7244388,7245383,995,CDS
23934,7245481,7249340,3859,gene
23935,7248658,7249340,682,mRNA
23936,7248504,7248579,75,mRNA
23937,7245481,7248434,2953,mRNA
23938,7248658,7249340,682,mRNA
23939,7248504,7248579,75,mRNA
23940,7245756,7248434,2678,mRNA
23941,7248658,7248681,23,CDS
23942,7248504,7248579,75,CDS
23943,7245832,7248434,2602,CDS
23944,7248658,7248681,23,CDS
23945,7248504,7248579,75,CDS
23946,7245832,7248434,2602,CDS
23947,7249529,7250527,998,gene
23948,7250208,7250527,319,mRNA
23949,7249529,7250149,620,mRNA
23950,7250208,7250444,236,CDS
23951,7249610,7250149,539,CDS
23952,7250640,7252598,1958,gene
23953,7250640,7250724,84,ncRNA
23954,7250838,7250924,86,ncRNA
23955,7251037,7252598,1561,ncRNA
23956,7250640,7250720,80,ncRNA
23957,7250778,7250924,146,ncRNA
23958,7251037,7252598,1561,ncRNA
23959,7250718,7263920,13202,gene
23960,7263743,7263920,177,mRNA
23961,7262949,7263092,143,mRNA
23962,7252176,7252296,120,mRNA
23963,7251680,7252108,428,mRNA
23964,7250718,7251618,900,mRNA
23965,7263743,7263920,177,mRNA
23966,7262949,7263095,146,mRNA
23967,7252176,7252296,120,mRNA
23968,7251680,7252108,428,mRNA
23969,7250718,7251618,900,mRNA
23970,7263632,7263920,288,mRNA
23971,7262949,7263095,146,mRNA
23972,7253807,7253957,150,mRNA
23973,7252176,7252296,120,mRNA
23974,7251680,7252108,428,mRNA
23975,7250718,7251618,900,mRNA
23976,7252176,7252198,22,CDS
23977,7251680,7252108,428,CDS
23978,7251099,7251618,519,CDS
23979,7252176,7252198,22,CDS
23980,7251680,7252108,428,CDS
23981,7251099,7251618,519,CDS
23982,7252176,7252198,22,CDS
23983,7251680,7252108,428,CDS
23984,7251099,7251618,519,CDS
23985,7266192,7312896,46704,gene
23986,7312740,7312896,156,mRNA
23987,7311929,7312230,301,mRNA
23988,7294791,7294919,128,mRNA
23989,7284605,7285217,612,mRNA
23990,7282154,7282403,249,mRNA
23991,7279117,7279357,240,mRNA
23992,7276964,7277132,168,mRNA
23993,7274367,7274673,306,mRNA
23994,7273096,7273608,512,mRNA
23995,7272514,7272987,473,mRNA
23996,7269678,7271067,1389,mRNA
23997,7269308,7269554,246,mRNA
23998,7266192,7269237,3045,mRNA
23999,7312740,7312896,156,mRNA
24000,7311929,7312230,301,mRNA
24001,7294791,7294919,128,mRNA
24002,7284605,7285217,612,mRNA
24003,7282154,7282403,249,mRNA
24004,7279117,7279357,240,mRNA
24005,7276964,7277132,168,mRNA
24006,7274367,7274673,306,mRNA
24007,7273096,7273608,512,mRNA
24008,7272514,7272987,473,mRNA
24009,7269678,7271067,1389,mRNA
24010,7269308,7269554,246,mRNA
24011,7268149,7269237,1088,mRNA
24012,7284605,7285037,432,CDS
24013,7282154,7282403,249,CDS
24014,7279117,7279357,240,CDS
24015,7276964,7277132,168,CDS
24016,7274367,7274673,306,CDS
24017,7273096,7273608,512,CDS
24018,7272514,7272987,473,CDS
24019,7269678,7271067,1389,CDS
24020,7269308,7269554,246,CDS
24021,7269146,7269237,91,CDS
24022,7284605,7285037,432,CDS
24023,7282154,7282403,249,CDS
24024,7279117,7279357,240,CDS
24025,7276964,7277132,168,CDS
24026,7274367,7274673,306,CDS
24027,7273096,7273608,512,CDS
24028,7272514,7272987,473,CDS
24029,7269678,7271067,1389,CDS
24030,7269308,7269554,246,CDS
24031,7269146,7269237,91,CDS
24032,7320068,7321211,1143,gene
24033,7320068,7320208,140,mRNA
24034,7320282,7320364,82,mRNA
24035,7320428,7321211,783,mRNA
24036,7320133,7320208,75,CDS
24037,7320282,7320364,82,CDS
24038,7320428,7321096,668,CDS
24039,7321099,7323411,2312,gene
24040,7323178,7323411,233,mRNA
24041,7322555,7323112,557,mRNA
24042,7321944,7322497,553,mRNA
24043,7321099,7321884,785,mRNA
24044,7322555,7323147,592,mRNA
24045,7321944,7322497,553,mRNA
24046,7321099,7321884,785,mRNA
24047,7323178,7323310,132,CDS
24048,7322555,7323112,557,CDS
24049,7321944,7322497,553,CDS
24050,7321186,7321884,698,CDS
24051,7322555,7323104,549,CDS
24052,7321944,7322497,553,CDS
24053,7321186,7321884,698,CDS
24054,7323619,7326255,2636,gene
24055,7323619,7323868,249,mRNA
24056,7323924,7324751,827,mRNA
24057,7324810,7325035,225,mRNA
24058,7325090,7325882,792,mRNA
24059,7325959,7326255,296,mRNA
24060,7323728,7323868,140,CDS
24061,7323924,7324751,827,CDS
24062,7324810,7325035,225,CDS
24063,7325090,7325882,792,CDS
24064,7325959,7326145,186,CDS
24065,7326273,7328842,2569,gene
24066,7326273,7328842,2569,mRNA
24067,7326525,7328842,2317,mRNA
24068,7326892,7328328,1436,CDS
24069,7326892,7328328,1436,CDS
24070,7329132,7333471,4339,gene
24071,7329132,7333471,4339,gene
24072,7329132,7329363,231,mRNA
24073,7329429,7329637,208,mRNA
24074,7329716,7330239,523,mRNA
24075,7330299,7331231,932,mRNA
24076,7331292,7331336,44,mRNA
24077,7331393,7333471,2078,mRNA
24078,7329132,7329363,231,mRNA
24079,7329429,7329637,208,mRNA
24080,7329716,7330239,523,mRNA
24081,7330299,7331231,932,mRNA
24082,7331292,7331336,44,mRNA
24083,7331393,7333471,2078,mRNA
24084,7329132,7329363,231,mRNA
24085,7329429,7329637,208,mRNA
24086,7329716,7330239,523,mRNA
24087,7330299,7331231,932,mRNA
24088,7331292,7331336,44,mRNA
24089,7331405,7333471,2066,mRNA
24090,7329132,7329363,231,mRNA
24091,7329429,7329637,208,mRNA
24092,7329716,7330239,523,mRNA
24093,7330299,7331231,932,mRNA
24094,7331292,7331336,44,mRNA
24095,7331405,7333471,2066,mRNA
24096,7329132,7329363,231,mRNA
24097,7329429,7329637,208,mRNA
24098,7329716,7330239,523,mRNA
24099,7330299,7331231,932,mRNA
24100,7331297,7331336,39,mRNA
24101,7331393,7333471,2078,mRNA
24102,7329132,7329363,231,mRNA
24103,7329429,7329637,208,mRNA
24104,7329716,7330239,523,mRNA
24105,7330299,7331231,932,mRNA
24106,7331297,7331336,39,mRNA
24107,7331393,7333471,2078,mRNA
24108,7329132,7329363,231,mRNA
24109,7329429,7329688,259,mRNA
24110,7329239,7329363,124,CDS
24111,7329429,7329591,162,CDS
24112,7329239,7329363,124,CDS
24113,7329429,7329591,162,CDS
24114,7329239,7329363,124,CDS
24115,7329429,7329591,162,CDS
24116,7329239,7329363,124,CDS
24117,7329429,7329591,162,CDS
24118,7329591,7329637,46,CDS
24119,7329716,7330239,523,CDS
24120,7330299,7331231,932,CDS
24121,7331292,7331336,44,CDS
24122,7331393,7333293,1900,CDS
24123,7329591,7329637,46,CDS
24124,7329716,7330239,523,CDS
24125,7330299,7331231,932,CDS
24126,7331292,7331336,44,CDS
24127,7331405,7333293,1888,CDS
24128,7329591,7329637,46,CDS
24129,7329716,7330239,523,CDS
24130,7330299,7331231,932,CDS
24131,7331297,7331334,37,CDS
24132,7333544,7335226,1682,gene
24133,7333544,7335226,1682,gene
24134,7335080,7335226,146,mRNA
24135,7334542,7334898,356,mRNA
24136,7333544,7334454,910,mRNA
24137,7335080,7335226,146,mRNA
24138,7334542,7334898,356,mRNA
24139,7333544,7334454,910,mRNA
24140,7335080,7335226,146,mRNA
24141,7334542,7334898,356,mRNA
24142,7333544,7334469,925,mRNA
24143,7335080,7335226,146,mRNA
24144,7334542,7334898,356,mRNA
24145,7333544,7334469,925,mRNA
24146,7334095,7334268,173,CDS
24147,7334095,7334268,173,CDS
24148,7334542,7334835,293,CDS
24149,7334275,7334454,179,CDS
24150,7334542,7334835,293,CDS
24151,7334275,7334469,194,CDS
24152,7335442,7339340,3898,gene
24153,7339310,7339340,30,mRNA
24154,7339161,7339245,84,mRNA
24155,7335938,7339041,3103,mRNA
24156,7335442,7335875,433,mRNA
24157,7335938,7338988,3050,mRNA
24158,7335442,7335875,433,mRNA
24159,7335938,7338891,2953,CDS
24160,7335671,7335875,204,CDS
24161,7335938,7338891,2953,CDS
24162,7335671,7335875,204,CDS
24163,7339266,7341893,2627,gene
24164,7339266,7339319,53,mRNA
24165,7339413,7339617,204,mRNA
24166,7340052,7340770,718,mRNA
24167,7340876,7341114,238,mRNA
24168,7341353,7341893,540,mRNA
24169,7339464,7340770,1306,mRNA
24170,7340876,7341114,238,mRNA
24171,7341353,7341893,540,mRNA
24172,7339464,7339617,153,mRNA
24173,7339868,7340770,902,mRNA
24174,7340876,7341114,238,mRNA
24175,7341353,7341893,540,mRNA
24176,7339464,7339617,153,mRNA
24177,7339868,7339908,40,mRNA
24178,7339962,7340770,808,mRNA
24179,7340876,7341114,238,mRNA
24180,7341353,7341893,540,mRNA
24181,7339464,7339617,153,mRNA
24182,7339962,7340770,808,mRNA
24183,7340876,7341114,238,mRNA
24184,7341353,7341800,447,mRNA
24185,7340069,7340770,701,CDS
24186,7340876,7341114,238,CDS
24187,7341353,7341470,117,CDS
24188,7340069,7340770,701,CDS
24189,7340876,7341114,238,CDS
24190,7341353,7341470,117,CDS
24191,7340069,7340770,701,CDS
24192,7340876,7341114,238,CDS
24193,7341353,7341470,117,CDS
24194,7340069,7340770,701,CDS
24195,7340876,7341114,238,CDS
24196,7341353,7341470,117,CDS
24197,7340069,7340770,701,CDS
24198,7340876,7341114,238,CDS
24199,7341353,7341470,117,CDS
24200,7341884,7345183,3299,gene
24201,7345130,7345183,53,mRNA
24202,7343668,7343945,277,mRNA
24203,7343104,7343610,506,mRNA
24204,7342892,7343043,151,mRNA
24205,7342236,7342832,596,mRNA
24206,7341884,7342170,286,mRNA
24207,7344092,7344384,292,mRNA
24208,7343668,7343945,277,mRNA
24209,7343104,7343610,506,mRNA
24210,7342892,7343043,151,mRNA
24211,7342236,7342832,596,mRNA
24212,7341884,7342170,286,mRNA
24213,7343668,7343945,277,mRNA
24214,7343104,7343610,506,mRNA
24215,7342892,7343043,151,mRNA
24216,7342236,7342832,596,mRNA
24217,7341884,7342170,286,mRNA
24218,7343668,7343859,191,CDS
24219,7343104,7343610,506,CDS
24220,7342892,7343043,151,CDS
24221,7342236,7342832,596,CDS
24222,7341978,7342170,192,CDS
24223,7343668,7343859,191,CDS
24224,7343104,7343610,506,CDS
24225,7342892,7343043,151,CDS
24226,7342236,7342832,596,CDS
24227,7341978,7342170,192,CDS
24228,7343668,7343859,191,CDS
24229,7343104,7343610,506,CDS
24230,7342892,7343043,151,CDS
24231,7342236,7342832,596,CDS
24232,7341978,7342170,192,CDS
24233,7345698,7347123,1425,gene
24234,7345698,7347123,1425,mRNA
24235,7345822,7347045,1223,CDS
24236,7347310,7348034,724,gene
24237,7347857,7348034,177,mRNA
24238,7347310,7347784,474,mRNA
24239,7347857,7347921,64,CDS
24240,7347367,7347784,417,CDS
24241,7348313,7353622,5309,gene
24242,7348313,7348675,362,mRNA
24243,7348863,7349017,154,mRNA
24244,7351269,7351413,144,mRNA
24245,7351467,7351727,260,mRNA
24246,7351795,7351897,102,mRNA
24247,7351971,7352098,127,mRNA
24248,7352235,7353622,1387,mRNA
24249,7348313,7348675,362,mRNA
24250,7348863,7349017,154,mRNA
24251,7351269,7351413,144,mRNA
24252,7351467,7351727,260,mRNA
24253,7351795,7351897,102,mRNA
24254,7351971,7352098,127,mRNA
24255,7352235,7352733,498,mRNA
24256,7353343,7353622,279,mRNA
24257,7348313,7348675,362,mRNA
24258,7348863,7349017,154,mRNA
24259,7351305,7351413,108,mRNA
24260,7351467,7351727,260,mRNA
24261,7351795,7351897,102,mRNA
24262,7351971,7352098,127,mRNA
24263,7352235,7353622,1387,mRNA
24264,7348610,7348675,65,CDS
24265,7348863,7349017,154,CDS
24266,7351269,7351413,144,CDS
24267,7351467,7351727,260,CDS
24268,7351795,7351897,102,CDS
24269,7351971,7352098,127,CDS
24270,7352235,7352393,158,CDS
24271,7348610,7348675,65,CDS
24272,7348863,7349017,154,CDS
24273,7351269,7351413,144,CDS
24274,7351467,7351727,260,CDS
24275,7351795,7351897,102,CDS
24276,7351971,7352098,127,CDS
24277,7352235,7352393,158,CDS
24278,7348610,7348675,65,CDS
24279,7348863,7349017,154,CDS
24280,7351305,7351413,108,CDS
24281,7351467,7351727,260,CDS
24282,7351795,7351897,102,CDS
24283,7351971,7352098,127,CDS
24284,7352235,7352393,158,CDS
24285,7350404,7350802,398,gene
24286,7350404,7350802,398,ncRNA
24287,7353578,7356713,3135,gene
24288,7356581,7356713,132,mRNA
24289,7356067,7356459,392,mRNA
24290,7354042,7356005,1963,mRNA
24291,7353578,7353979,401,mRNA
24292,7356067,7356457,390,CDS
24293,7354042,7356005,1963,CDS
24294,7353878,7353979,101,CDS
24295,7355717,7356598,881,gene
24296,7355717,7356598,881,ncRNA
24297,7356001,7356467,466,ncRNA
24298,7356856,7356882,26,mobile_element
24299,7356903,7357179,276,mobile_element
24300,7357275,7360263,2988,gene
24301,7359921,7360263,342,mRNA
24302,7359678,7359850,172,mRNA
24303,7359468,7359602,134,mRNA
24304,7358851,7359389,538,mRNA
24305,7358691,7358780,89,mRNA
24306,7358446,7358615,169,mRNA
24307,7357275,7358375,1100,mRNA
24308,7359921,7360116,195,mRNA
24309,7359678,7359850,172,mRNA
24310,7359468,7359602,134,mRNA
24311,7358851,7359389,538,mRNA
24312,7358691,7358780,89,mRNA
24313,7358446,7358615,169,mRNA
24314,7357275,7358375,1100,mRNA
24315,7359921,7360116,195,mRNA
24316,7359468,7359850,382,mRNA
24317,7358851,7359389,538,mRNA
24318,7358691,7358780,89,mRNA
24319,7358446,7358615,169,mRNA
24320,7357275,7358375,1100,mRNA
24321,7359921,7360024,103,CDS
24322,7359678,7359850,172,CDS
24323,7359468,7359602,134,CDS
24324,7358851,7359389,538,CDS
24325,7358691,7358780,89,CDS
24326,7358446,7358615,169,CDS
24327,7357538,7358375,837,CDS
24328,7359921,7360024,103,CDS
24329,7359678,7359850,172,CDS
24330,7359468,7359602,134,CDS
24331,7358851,7359389,538,CDS
24332,7358691,7358780,89,CDS
24333,7358446,7358615,169,CDS
24334,7357538,7358375,837,CDS
24335,7359921,7360024,103,CDS
24336,7359468,7359850,382,CDS
24337,7358851,7359389,538,CDS
24338,7358691,7358780,89,CDS
24339,7358446,7358615,169,CDS
24340,7357538,7358375,837,CDS
24341,7360561,7364366,3805,gene
24342,7360561,7361031,470,mRNA
24343,7361744,7362453,709,mRNA
24344,7362522,7363770,1248,mRNA
24345,7363853,7364366,513,mRNA
24346,7360908,7361031,123,CDS
24347,7361744,7362453,709,CDS
24348,7362522,7363770,1248,CDS
24349,7363853,7364031,178,CDS
24350,7361639,7363598,1959,gene
24351,7361639,7363598,1959,ncRNA
24352,7364584,7369260,4676,gene
24353,7368890,7369260,370,mRNA
24354,7367559,7367984,425,mRNA
24355,7366442,7366516,74,mRNA
24356,7364584,7364964,380,mRNA
24357,7368890,7369260,370,mRNA
24358,7367559,7367984,425,mRNA
24359,7366442,7366516,74,mRNA
24360,7366162,7366210,48,mRNA
24361,7365070,7366108,1038,mRNA
24362,7364584,7364961,377,mRNA
24363,7368890,7368934,44,CDS
24364,7367559,7367984,425,CDS
24365,7366442,7366516,74,CDS
24366,7364860,7364964,104,CDS
24367,7368890,7368934,44,CDS
24368,7367559,7367984,425,CDS
24369,7366442,7366516,74,CDS
24370,7366162,7366210,48,CDS
24371,7365246,7366108,862,CDS
24372,7369227,7369260,33,mRNA
24373,7368890,7369130,240,mRNA
24374,7366841,7367984,1143,mRNA
24375,7368890,7369260,370,mRNA
24376,7366841,7367984,1143,mRNA
24377,7368063,7368190,127,mRNA
24378,7366841,7367984,1143,mRNA
24379,7368890,7368934,44,CDS
24380,7367553,7367984,431,CDS
24381,7368890,7368934,44,CDS
24382,7367553,7367984,431,CDS
24383,7368063,7368071,8,CDS
24384,7367553,7367984,431,CDS
24385,7369843,7373711,3868,gene
24386,7369843,7370184,341,mRNA
24387,7371707,7372072,365,mRNA
24388,7372163,7372519,356,mRNA
24389,7372581,7373711,1130,mRNA
24390,7369843,7370068,225,mRNA
24391,7371707,7372072,365,mRNA
24392,7372163,7372519,356,mRNA
24393,7372581,7373711,1130,mRNA
24394,7369843,7370184,341,mRNA
24395,7371707,7372072,365,mRNA
24396,7372163,7372519,356,mRNA
24397,7372581,7372783,202,mRNA
24398,7369843,7370068,225,mRNA
24399,7371732,7372072,340,mRNA
24400,7372163,7372519,356,mRNA
24401,7372581,7372783,202,mRNA
24402,7370340,7370550,210,mRNA
24403,7371707,7372072,365,mRNA
24404,7372163,7372519,356,mRNA
24405,7372581,7373711,1130,mRNA
24406,7370800,7371025,225,mRNA
24407,7371707,7372072,365,mRNA
24408,7372163,7372519,356,mRNA
24409,7372581,7373711,1130,mRNA
24410,7371835,7372072,237,CDS
24411,7372163,7372519,356,CDS
24412,7372581,7372591,10,CDS
24413,7371835,7372072,237,CDS
24414,7372163,7372519,356,CDS
24415,7372581,7372591,10,CDS
24416,7371835,7372072,237,CDS
24417,7372163,7372519,356,CDS
24418,7372581,7372591,10,CDS
24419,7371835,7372072,237,CDS
24420,7372163,7372519,356,CDS
24421,7372581,7372591,10,CDS
24422,7371835,7372072,237,CDS
24423,7372163,7372519,356,CDS
24424,7372581,7372591,10,CDS
24425,7371835,7372072,237,CDS
24426,7372163,7372519,356,CDS
24427,7372581,7372591,10,CDS
24428,7374050,7381474,7424,gene
24429,7380621,7381474,853,mRNA
24430,7375405,7375908,503,mRNA
24431,7375180,7375346,166,mRNA
24432,7374050,7375115,1065,mRNA
24433,7380621,7381230,609,CDS
24434,7375405,7375908,503,CDS
24435,7375180,7375346,166,CDS
24436,7374594,7375115,521,CDS
24437,7377371,7380418,3047,mobile_element
24438,7381614,7385637,4023,gene
24439,7381614,7381686,72,mRNA
24440,7382211,7382334,123,mRNA
24441,7382387,7382731,344,mRNA
24442,7382785,7382835,50,mRNA
24443,7382894,7383234,340,mRNA
24444,7383301,7384587,1286,mRNA
24445,7384649,7384981,332,mRNA
24446,7385050,7385274,224,mRNA
24447,7385337,7385637,300,mRNA
24448,7381849,7382154,305,mRNA
24449,7382211,7382334,123,mRNA
24450,7382387,7382731,344,mRNA
24451,7382785,7382835,50,mRNA
24452,7382894,7383234,340,mRNA
24453,7383301,7384587,1286,mRNA
24454,7384649,7384981,332,mRNA
24455,7385050,7385274,224,mRNA
24456,7385337,7385637,300,mRNA
24457,7381849,7382011,162,mRNA
24458,7382211,7382334,123,mRNA
24459,7382387,7382731,344,mRNA
24460,7382785,7382835,50,mRNA
24461,7382894,7383234,340,mRNA
24462,7383301,7384587,1286,mRNA
24463,7384649,7384981,332,mRNA
24464,7385050,7385274,224,mRNA
24465,7385337,7385637,300,mRNA
24466,7381849,7382011,162,mRNA
24467,7382211,7382334,123,mRNA
24468,7382387,7382731,344,mRNA
24469,7382788,7382835,47,mRNA
24470,7382894,7383234,340,mRNA
24471,7383301,7384587,1286,mRNA
24472,7384649,7384981,332,mRNA
24473,7385050,7385274,224,mRNA
24474,7385337,7385637,300,mRNA
24475,7381849,7382011,162,mRNA
24476,7382211,7382334,123,mRNA
24477,7382387,7382731,344,mRNA
24478,7382894,7383234,340,mRNA
24479,7383301,7384587,1286,mRNA
24480,7384649,7384981,332,mRNA
24481,7385050,7385274,224,mRNA
24482,7385337,7385637,300,mRNA
24483,7381955,7382011,56,CDS
24484,7382211,7382334,123,CDS
24485,7382387,7382731,344,CDS
24486,7382785,7382835,50,CDS
24487,7382894,7383234,340,CDS
24488,7383301,7384587,1286,CDS
24489,7384649,7384981,332,CDS
24490,7385050,7385274,224,CDS
24491,7385337,7385408,71,CDS
24492,7381955,7382011,56,CDS
24493,7382211,7382334,123,CDS
24494,7382387,7382731,344,CDS
24495,7382788,7382835,47,CDS
24496,7382894,7383234,340,CDS
24497,7383301,7384587,1286,CDS
24498,7384649,7384981,332,CDS
24499,7385050,7385274,224,CDS
24500,7385337,7385408,71,CDS
24501,7381955,7382011,56,CDS
24502,7382211,7382334,123,CDS
24503,7382387,7382731,344,CDS
24504,7382894,7383234,340,CDS
24505,7383301,7384587,1286,CDS
24506,7384649,7384981,332,CDS
24507,7385050,7385274,224,CDS
24508,7385337,7385408,71,CDS
24509,7382256,7382334,78,CDS
24510,7382387,7382731,344,CDS
24511,7382785,7382835,50,CDS
24512,7382894,7383234,340,CDS
24513,7383301,7384587,1286,CDS
24514,7384649,7384981,332,CDS
24515,7385050,7385274,224,CDS
24516,7385337,7385408,71,CDS
24517,7382256,7382334,78,CDS
24518,7382387,7382731,344,CDS
24519,7382785,7382835,50,CDS
24520,7382894,7383234,340,CDS
24521,7383301,7384587,1286,CDS
24522,7384649,7384981,332,CDS
24523,7385050,7385274,224,CDS
24524,7385337,7385408,71,CDS
24525,7385648,7387914,2266,gene
24526,7387803,7387914,111,mRNA
24527,7387459,7387644,185,mRNA
24528,7386747,7387256,509,mRNA
24529,7385648,7386682,1034,mRNA
24530,7386747,7387363,616,mRNA
24531,7385648,7386682,1034,mRNA
24532,7387459,7387536,77,CDS
24533,7386747,7387256,509,CDS
24534,7385708,7386682,974,CDS
24535,7386747,7387286,539,CDS
24536,7385708,7386682,974,CDS
24537,7390742,7396013,5271,gene
24538,7390742,7391519,777,mRNA
24539,7393593,7394268,675,mRNA
24540,7394738,7394848,110,mRNA
24541,7394936,7395090,154,mRNA
24542,7395613,7396013,400,mRNA
24543,7391077,7391519,442,mRNA
24544,7393593,7394268,675,mRNA
24545,7394738,7394848,110,mRNA
24546,7394936,7395090,154,mRNA
24547,7395613,7396013,400,mRNA
24548,7391431,7391519,88,CDS
24549,7393593,7394268,675,CDS
24550,7394738,7394848,110,CDS
24551,7394936,7395090,154,CDS
24552,7395613,7395904,291,CDS
24553,7391431,7391519,88,CDS
24554,7393593,7394268,675,CDS
24555,7394738,7394848,110,CDS
24556,7394936,7395090,154,CDS
24557,7395613,7395904,291,CDS
24558,7396355,7398208,1853,gene
24559,7396355,7397193,838,mRNA
24560,7397810,7398208,398,mRNA
24561,7396466,7397193,727,CDS
24562,7397810,7398116,306,CDS
24563,7398285,7399912,1627,gene
24564,7398285,7398378,93,mRNA
24565,7398464,7399366,902,mRNA
24566,7399427,7399912,485,mRNA
24567,7398305,7398378,73,CDS
24568,7398464,7399366,902,CDS
24569,7399427,7399724,297,CDS
24570,7400070,7401671,1601,gene
24571,7400070,7400174,104,mRNA
24572,7400230,7401126,896,mRNA
24573,7401194,7401671,477,mRNA
24574,7400095,7400174,79,CDS
24575,7400230,7401126,896,CDS
24576,7401194,7401500,306,CDS
24577,7402332,7404181,1849,gene
24578,7403836,7404181,345,mRNA
24579,7402728,7403618,890,mRNA
24580,7402332,7402660,328,mRNA
24581,7403836,7403949,113,mRNA
24582,7402728,7403618,890,mRNA
24583,7402332,7402660,328,mRNA
24584,7403836,7403903,67,CDS
24585,7402728,7403618,890,CDS
24586,7402363,7402660,297,CDS
24587,7403836,7403903,67,CDS
24588,7402728,7403618,890,CDS
24589,7402363,7402660,297,CDS
24590,7406323,7406617,294,gene
24591,7406323,7406617,294,ncRNA
24592,7408493,7409707,1214,gene
24593,7409625,7409707,82,ncRNA
24594,7408493,7409341,848,ncRNA
24595,7408493,7409707,1214,ncRNA
24596,7423827,7454717,30890,gene
24597,7423827,7424156,329,mRNA
24598,7445167,7445605,438,mRNA
24599,7445672,7445779,107,mRNA
24600,7448065,7448143,78,mRNA
24601,7449707,7450578,871,mRNA
24602,7452347,7452484,137,mRNA
24603,7452803,7453509,706,mRNA
24604,7453660,7454717,1057,mRNA
24605,7432762,7435190,2428,gene
24606,7432762,7435190,2428,mRNA
24607,7433892,7435190,1298,mRNA
24608,7433932,7434510,578,CDS
24609,7433932,7434510,578,CDS
24610,7436808,7437466,658,gene
24611,7436808,7437466,658,mRNA
24612,7436874,7437332,458,CDS
24613,7438421,7439405,984,gene
24614,7438646,7439405,759,mRNA
24615,7438421,7438575,154,mRNA
24616,7438646,7439405,759,CDS
24617,7438574,7438575,1,CDS
24618,7439554,7440733,1179,gene
24619,7439974,7440733,759,mRNA
24620,7439554,7439913,359,mRNA
24621,7439974,7440733,759,mRNA
24622,7439699,7439913,214,mRNA
24623,7439807,7439873,66,mobile_element
24624,7439974,7440733,759,CDS
24625,7439912,7439913,1,CDS
24626,7439974,7440733,759,CDS
24627,7439912,7439913,1,CDS
24628,7445461,7445605,144,CDS
24629,7445672,7445779,107,CDS
24630,7448065,7448143,78,CDS
24631,7449707,7450578,871,CDS
24632,7452347,7452484,137,CDS
24633,7452803,7453509,706,CDS
24634,7453660,7453746,86,CDS
24635,7450853,7452159,1306,gene
24636,7450853,7452159,1306,mRNA
24637,7450909,7452105,1196,CDS
24638,7456149,7458608,2459,gene
24639,7456149,7456739,590,mRNA
24640,7456801,7457061,260,mRNA
24641,7457122,7457326,204,mRNA
24642,7457375,7457645,270,mRNA
24643,7457701,7457959,258,mRNA
24644,7458107,7458608,501,mRNA
24645,7456189,7456739,550,CDS
24646,7456801,7457061,260,CDS
24647,7457122,7457326,204,CDS
24648,7457375,7457645,270,CDS
24649,7457701,7457959,258,CDS
24650,7458107,7458353,246,CDS
24651,7465509,7468808,3299,gene
24652,7465509,7468808,3299,gene
24653,7465509,7468808,3299,gene
24654,7465509,7465614,105,mRNA
24655,7465670,7465837,167,mRNA
24656,7465901,7466029,128,mRNA
24657,7466087,7466179,92,mRNA
24658,7466247,7466348,101,mRNA
24659,7466401,7466568,167,mRNA
24660,7466626,7466751,125,mRNA
24661,7466819,7467075,256,mRNA
24662,7467129,7467187,58,mRNA
24663,7467253,7467420,167,mRNA
24664,7467478,7467858,380,mRNA
24665,7467920,7468096,176,mRNA
24666,7468146,7468808,662,mRNA
24667,7465509,7465614,105,mRNA
24668,7465670,7465837,167,mRNA
24669,7465901,7466029,128,mRNA
24670,7466087,7466179,92,mRNA
24671,7466247,7466348,101,mRNA
24672,7466401,7466568,167,mRNA
24673,7466626,7466751,125,mRNA
24674,7466819,7467075,256,mRNA
24675,7467129,7467187,58,mRNA
24676,7467253,7467420,167,mRNA
24677,7467478,7467858,380,mRNA
24678,7467920,7468096,176,mRNA
24679,7468146,7468808,662,mRNA
24680,7465509,7465614,105,mRNA
24681,7465670,7465837,167,mRNA
24682,7465901,7466029,128,mRNA
24683,7466087,7466179,92,mRNA
24684,7466247,7466348,101,mRNA
24685,7466401,7466568,167,mRNA
24686,7466626,7466751,125,mRNA
24687,7466819,7467075,256,mRNA
24688,7467129,7467187,58,mRNA
24689,7467253,7467420,167,mRNA
24690,7467478,7467657,179,mRNA
24691,7467724,7467858,134,mRNA
24692,7467920,7468096,176,mRNA
24693,7468146,7468808,662,mRNA
24694,7465509,7465614,105,mRNA
24695,7465670,7465837,167,mRNA
24696,7465901,7466029,128,mRNA
24697,7466087,7466179,92,mRNA
24698,7466247,7466348,101,mRNA
24699,7466401,7466568,167,mRNA
24700,7466626,7466751,125,mRNA
24701,7466819,7467075,256,mRNA
24702,7467129,7467187,58,mRNA
24703,7467253,7467420,167,mRNA
24704,7467478,7467657,179,mRNA
24705,7467724,7467858,134,mRNA
24706,7467920,7468096,176,mRNA
24707,7468146,7468808,662,mRNA
24708,7465509,7465614,105,mRNA
24709,7465670,7465837,167,mRNA
24710,7465901,7466029,128,mRNA
24711,7466087,7466179,92,mRNA
24712,7466247,7466348,101,mRNA
24713,7466401,7466568,167,mRNA
24714,7466626,7466751,125,mRNA
24715,7466819,7467075,256,mRNA
24716,7467129,7467187,58,mRNA
24717,7467253,7467420,167,mRNA
24718,7467478,7467657,179,mRNA
24719,7467724,7467858,134,mRNA
24720,7467920,7468096,176,mRNA
24721,7468146,7468808,662,mRNA
24722,7465552,7465614,62,CDS
24723,7465670,7465837,167,CDS
24724,7465901,7466029,128,CDS
24725,7466087,7466155,68,CDS
24726,7465552,7465614,62,CDS
24727,7465670,7465837,167,CDS
24728,7465901,7466029,128,CDS
24729,7466087,7466155,68,CDS
24730,7466286,7466348,62,CDS
24731,7466401,7466568,167,CDS
24732,7466626,7466751,125,CDS
24733,7466819,7466887,68,CDS
24734,7466286,7466348,62,CDS
24735,7466401,7466568,167,CDS
24736,7466626,7466751,125,CDS
24737,7466819,7466887,68,CDS
24738,7467268,7467420,152,mRNA
24739,7467478,7467663,185,mRNA
24740,7467724,7467858,134,mRNA
24741,7467920,7468096,176,mRNA
24742,7468146,7468808,662,mRNA
24743,7467268,7467420,152,mRNA
24744,7467478,7467657,179,mRNA
24745,7467724,7467858,134,mRNA
24746,7467920,7468096,176,mRNA
24747,7468146,7468808,662,mRNA
24748,7467268,7467420,152,mRNA
24749,7467478,7467657,179,mRNA
24750,7467724,7467858,134,mRNA
24751,7467926,7468096,170,mRNA
24752,7468146,7468808,662,mRNA
24753,7467319,7467420,101,CDS
24754,7467478,7467663,185,CDS
24755,7467724,7467858,134,CDS
24756,7467920,7468096,176,CDS
24757,7468146,7468262,116,CDS
24758,7467319,7467420,101,CDS
24759,7467478,7467657,179,CDS
24760,7467724,7467858,134,CDS
24761,7467920,7468096,176,CDS
24762,7468146,7468262,116,CDS
24763,7467319,7467420,101,CDS
24764,7467478,7467657,179,CDS
24765,7467724,7467858,134,CDS
24766,7467920,7468096,176,CDS
24767,7468146,7468262,116,CDS
24768,7467319,7467420,101,CDS
24769,7467478,7467657,179,CDS
24770,7467724,7467858,134,CDS
24771,7467926,7468096,170,CDS
24772,7468146,7468262,116,CDS
24773,7469502,7470302,800,gene
24774,7469502,7470302,800,mRNA
24775,7469576,7470235,659,CDS
24776,7471559,7472514,955,gene
24777,7471559,7472514,955,mRNA
24778,7471610,7472437,827,CDS
24779,7475570,7476247,677,gene
24780,7475570,7475692,122,mRNA
24781,7475746,7475907,161,mRNA
24782,7475966,7476091,125,mRNA
24783,7476154,7476247,93,mRNA
24784,7475630,7475692,62,CDS
24785,7475746,7475907,161,CDS
24786,7475966,7476091,125,CDS
24787,7476154,7476231,77,CDS
24788,7485967,7487918,1951,gene
24789,7485967,7486546,579,mRNA
24790,7486598,7486742,144,mRNA
24791,7486799,7486975,176,mRNA
24792,7487030,7487281,251,mRNA
24793,7487344,7487503,159,mRNA
24794,7487558,7487752,194,mRNA
24795,7487807,7487918,111,mRNA
24796,7486070,7486546,476,CDS
24797,7486598,7486742,144,CDS
24798,7486799,7486975,176,CDS
24799,7487030,7487281,251,CDS
24800,7487344,7487503,159,CDS
24801,7487558,7487752,194,CDS
24802,7487807,7487843,36,CDS
24803,7491864,7493484,1620,gene
24804,7491864,7492020,156,mRNA
24805,7492070,7492499,429,mRNA
24806,7492560,7493098,538,mRNA
24807,7493156,7493484,328,mRNA
24808,7491864,7492020,156,CDS
24809,7492070,7492499,429,CDS
24810,7492560,7493098,538,CDS
24811,7493156,7493484,328,CDS
24812,7493557,7496179,2622,gene
24813,7496029,7496179,150,mRNA
24814,7494656,7495109,453,mRNA
24815,7494028,7494584,556,mRNA
24816,7493557,7493967,410,mRNA
24817,7496029,7496059,30,CDS
24818,7494656,7495109,453,CDS
24819,7494028,7494584,556,CDS
24820,7493618,7493967,349,CDS
24821,7497211,7498831,1620,gene
24822,7497921,7498831,910,mRNA
24823,7497211,7497837,626,mRNA
24824,7497921,7498671,750,mRNA
24825,7497270,7497837,567,mRNA
24826,7497921,7498633,712,CDS
24827,7497393,7497837,444,CDS
24828,7497921,7498633,712,CDS
24829,7497393,7497837,444,CDS
24830,7498816,7503520,4704,mobile_element
24831,7505540,7506217,677,gene
24832,7505540,7506217,677,mRNA
24833,7505608,7506201,593,CDS
24834,7510942,7513354,2412,gene
24835,7510942,7513354,2412,ncRNA
24836,7510986,7517316,6330,gene
24837,7510986,7511442,456,mRNA
24838,7511511,7511628,117,mRNA
24839,7511705,7511916,211,mRNA
24840,7511970,7512728,758,mRNA
24841,7512786,7513392,606,mRNA
24842,7513523,7513621,98,mRNA
24843,7513818,7514354,536,mRNA
24844,7514649,7515581,932,mRNA
24845,7515641,7515777,136,mRNA
24846,7515871,7516050,179,mRNA
24847,7516116,7517316,1200,mRNA
24848,7510986,7511442,456,mRNA
24849,7511511,7511628,117,mRNA
24850,7511705,7511916,211,mRNA
24851,7511970,7512728,758,mRNA
24852,7512786,7513392,606,mRNA
24853,7513818,7514354,536,mRNA
24854,7515048,7515581,533,mRNA
24855,7515641,7515777,136,mRNA
24856,7515868,7516050,182,mRNA
24857,7516116,7517316,1200,mRNA
24858,7510986,7511442,456,mRNA
24859,7511511,7511628,117,mRNA
24860,7511705,7511916,211,mRNA
24861,7511973,7512728,755,mRNA
24862,7512786,7513392,606,mRNA
24863,7513523,7513621,98,mRNA
24864,7513818,7514354,536,mRNA
24865,7514649,7515581,932,mRNA
24866,7515641,7515777,136,mRNA
24867,7515826,7516050,224,mRNA
24868,7516116,7517316,1200,mRNA
24869,7510986,7511442,456,mRNA
24870,7511511,7511628,117,mRNA
24871,7511705,7511916,211,mRNA
24872,7511973,7512728,755,mRNA
24873,7512786,7513392,606,mRNA
24874,7513523,7513621,98,mRNA
24875,7513818,7514354,536,mRNA
24876,7514649,7515581,932,mRNA
24877,7515641,7515777,136,mRNA
24878,7515868,7516050,182,mRNA
24879,7516116,7517316,1200,mRNA
24880,7510986,7511442,456,mRNA
24881,7511511,7511628,117,mRNA
24882,7511705,7511916,211,mRNA
24883,7511973,7512728,755,mRNA
24884,7512786,7513392,606,mRNA
24885,7513523,7513621,98,mRNA
24886,7513818,7514354,536,mRNA
24887,7515048,7515581,533,mRNA
24888,7515641,7515777,136,mRNA
24889,7515868,7516050,182,mRNA
24890,7516116,7517316,1200,mRNA
24891,7510986,7511442,456,mRNA
24892,7511511,7511628,117,mRNA
24893,7511705,7511916,211,mRNA
24894,7511973,7512728,755,mRNA
24895,7512786,7513392,606,mRNA
24896,7513818,7514354,536,mRNA
24897,7514649,7515581,932,mRNA
24898,7515641,7515777,136,mRNA
24899,7515871,7516050,179,mRNA
24900,7516116,7517316,1200,mRNA
24901,7510986,7511442,456,mRNA
24902,7511511,7511628,117,mRNA
24903,7511705,7511916,211,mRNA
24904,7511973,7512728,755,mRNA
24905,7512786,7513392,606,mRNA
24906,7513818,7514354,536,mRNA
24907,7515048,7515581,533,mRNA
24908,7515641,7515777,136,mRNA
24909,7515826,7516050,224,mRNA
24910,7516119,7517316,1197,mRNA
24911,7510986,7511442,456,mRNA
24912,7511511,7511628,117,mRNA
24913,7511705,7511916,211,mRNA
24914,7511973,7512728,755,mRNA
24915,7512786,7513392,606,mRNA
24916,7513818,7514354,536,mRNA
24917,7515048,7515581,533,mRNA
24918,7515641,7515777,136,mRNA
24919,7515868,7516050,182,mRNA
24920,7516116,7517316,1200,mRNA
24921,7511377,7511442,65,CDS
24922,7511511,7511628,117,CDS
24923,7511705,7511916,211,CDS
24924,7511970,7512728,758,CDS
24925,7512786,7513392,606,CDS
24926,7513523,7513621,98,CDS
24927,7513818,7514354,536,CDS
24928,7514649,7515581,932,CDS
24929,7515641,7515777,136,CDS
24930,7515871,7516050,179,CDS
24931,7516116,7516466,350,CDS
24932,7511377,7511442,65,CDS
24933,7511511,7511628,117,CDS
24934,7511705,7511916,211,CDS
24935,7511970,7512728,758,CDS
24936,7512786,7513392,606,CDS
24937,7513818,7514354,536,CDS
24938,7515048,7515581,533,CDS
24939,7515641,7515777,136,CDS
24940,7515868,7516050,182,CDS
24941,7516116,7516466,350,CDS
24942,7511377,7511442,65,CDS
24943,7511511,7511628,117,CDS
24944,7511705,7511916,211,CDS
24945,7511973,7512728,755,CDS
24946,7512786,7513392,606,CDS
24947,7513523,7513621,98,CDS
24948,7513818,7514354,536,CDS
24949,7514649,7515581,932,CDS
24950,7515641,7515777,136,CDS
24951,7515826,7516050,224,CDS
24952,7516116,7516466,350,CDS
24953,7511377,7511442,65,CDS
24954,7511511,7511628,117,CDS
24955,7511705,7511916,211,CDS
24956,7511973,7512728,755,CDS
24957,7512786,7513392,606,CDS
24958,7513523,7513621,98,CDS
24959,7513818,7514354,536,CDS
24960,7514649,7515581,932,CDS
24961,7515641,7515777,136,CDS
24962,7515868,7516050,182,CDS
24963,7516116,7516466,350,CDS
24964,7511377,7511442,65,CDS
24965,7511511,7511628,117,CDS
24966,7511705,7511916,211,CDS
24967,7511973,7512728,755,CDS
24968,7512786,7513392,606,CDS
24969,7513523,7513621,98,CDS
24970,7513818,7514354,536,CDS
24971,7515048,7515581,533,CDS
24972,7515641,7515777,136,CDS
24973,7515868,7516050,182,CDS
24974,7516116,7516466,350,CDS
24975,7511377,7511442,65,CDS
24976,7511511,7511628,117,CDS
24977,7511705,7511916,211,CDS
24978,7511973,7512728,755,CDS
24979,7512786,7513392,606,CDS
24980,7513818,7514354,536,CDS
24981,7514649,7515581,932,CDS
24982,7515641,7515777,136,CDS
24983,7515871,7516050,179,CDS
24984,7516116,7516466,350,CDS
24985,7511377,7511442,65,CDS
24986,7511511,7511628,117,CDS
24987,7511705,7511916,211,CDS
24988,7511973,7512728,755,CDS
24989,7512786,7513392,606,CDS
24990,7513818,7514354,536,CDS
24991,7515048,7515581,533,CDS
24992,7515641,7515777,136,CDS
24993,7515826,7516050,224,CDS
24994,7516119,7516466,347,CDS
24995,7511377,7511442,65,CDS
24996,7511511,7511628,117,CDS
24997,7511705,7511916,211,CDS
24998,7511973,7512728,755,CDS
24999,7512786,7513392,606,CDS
25000,7513818,7514354,536,CDS
25001,7515048,7515581,533,CDS
25002,7515641,7515777,136,CDS
25003,7515868,7516050,182,CDS
25004,7516116,7516466,350,CDS
25005,7518997,7528013,9016,gene
25006,7518997,7519977,980,mRNA
25007,7524487,7525495,1008,mRNA
25008,7525557,7525755,198,mRNA
25009,7526095,7528013,1918,mRNA
25010,7519483,7519977,494,mRNA
25011,7524487,7525495,1008,mRNA
25012,7525557,7525755,198,mRNA
25013,7526095,7528013,1918,mRNA
25014,7519685,7519977,292,CDS
25015,7524487,7525495,1008,CDS
25016,7525557,7525755,198,CDS
25017,7526095,7527047,952,CDS
25018,7519685,7519977,292,CDS
25019,7524487,7525495,1008,CDS
25020,7525557,7525755,198,CDS
25021,7526095,7527047,952,CDS
25022,7528780,7540012,11232,gene
25023,7528780,7529186,406,mRNA
25024,7533355,7533443,88,mRNA
25025,7533507,7534165,658,mRNA
25026,7534235,7534904,669,mRNA
25027,7535044,7535134,90,mRNA
25028,7535196,7535467,271,mRNA
25029,7535543,7535644,101,mRNA
25030,7536004,7536435,431,mRNA
25031,7536976,7540012,3036,mRNA
25032,7528780,7529198,418,mRNA
25033,7533355,7533443,88,mRNA
25034,7533507,7534165,658,mRNA
25035,7534235,7534904,669,mRNA
25036,7535044,7535134,90,mRNA
25037,7535196,7535467,271,mRNA
25038,7535543,7535644,101,mRNA
25039,7536976,7538279,1303,mRNA
25040,7528780,7529186,406,mRNA
25041,7532672,7532828,156,mRNA
25042,7533355,7533443,88,mRNA
25043,7533507,7534165,658,mRNA
25044,7534235,7534904,669,mRNA
25045,7535044,7535134,90,mRNA
25046,7535196,7535467,271,mRNA
25047,7535543,7535644,101,mRNA
25048,7535884,7536435,551,mRNA
25049,7536976,7538279,1303,mRNA
25050,7528780,7529186,406,mRNA
25051,7532672,7532828,156,mRNA
25052,7533355,7533443,88,mRNA
25053,7533507,7534165,658,mRNA
25054,7534235,7534904,669,mRNA
25055,7535044,7535134,90,mRNA
25056,7535196,7535467,271,mRNA
25057,7535543,7535644,101,mRNA
25058,7536004,7536435,431,mRNA
25059,7536976,7538279,1303,mRNA
25060,7528780,7529186,406,mRNA
25061,7532672,7532828,156,mRNA
25062,7533355,7533443,88,mRNA
25063,7533507,7534165,658,mRNA
25064,7534235,7534904,669,mRNA
25065,7535044,7535134,90,mRNA
25066,7535196,7535467,271,mRNA
25067,7535543,7535644,101,mRNA
25068,7536711,7536769,58,mRNA
25069,7536976,7538279,1303,mRNA
25070,7528780,7529186,406,mRNA
25071,7533355,7533443,88,mRNA
25072,7533507,7534165,658,mRNA
25073,7534235,7534904,669,mRNA
25074,7535044,7535134,90,mRNA
25075,7535196,7535467,271,mRNA
25076,7535543,7535644,101,mRNA
25077,7535884,7536435,551,mRNA
25078,7536976,7538279,1303,mRNA
25079,7528780,7529186,406,mRNA
25080,7533355,7533443,88,mRNA
25081,7533507,7534165,658,mRNA
25082,7534235,7534904,669,mRNA
25083,7535044,7535134,90,mRNA
25084,7535196,7535467,271,mRNA
25085,7535543,7535644,101,mRNA
25086,7536004,7536435,431,mRNA
25087,7536976,7538279,1303,mRNA
25088,7528780,7529186,406,mRNA
25089,7533355,7533443,88,mRNA
25090,7533507,7534165,658,mRNA
25091,7534235,7534904,669,mRNA
25092,7535044,7535134,90,mRNA
25093,7535196,7535467,271,mRNA
25094,7535543,7535644,101,mRNA
25095,7536711,7536769,58,mRNA
25096,7536976,7538279,1303,mRNA
25097,7532429,7532613,184,mRNA
25098,7532672,7532828,156,mRNA
25099,7533355,7533443,88,mRNA
25100,7533507,7534165,658,mRNA
25101,7534235,7534904,669,mRNA
25102,7535044,7535134,90,mRNA
25103,7535196,7535467,271,mRNA
25104,7535543,7535644,101,mRNA
25105,7535884,7536435,551,mRNA
25106,7536976,7538279,1303,mRNA
25107,7532828,7532828,0,CDS
25108,7533355,7533443,88,CDS
25109,7533507,7534165,658,CDS
25110,7534235,7534904,669,CDS
25111,7535044,7535134,90,CDS
25112,7535196,7535467,271,CDS
25113,7535543,7535644,101,CDS
25114,7535884,7536435,551,CDS
25115,7536976,7537035,59,CDS
25116,7532828,7532828,0,CDS
25117,7533355,7533443,88,CDS
25118,7533507,7534165,658,CDS
25119,7534235,7534904,669,CDS
25120,7535044,7535134,90,CDS
25121,7535196,7535467,271,CDS
25122,7535543,7535644,101,CDS
25123,7535884,7536435,551,CDS
25124,7536976,7537035,59,CDS
25125,7532828,7532828,0,CDS
25126,7533355,7533443,88,CDS
25127,7533507,7534165,658,CDS
25128,7534235,7534904,669,CDS
25129,7535044,7535134,90,CDS
25130,7535196,7535467,271,CDS
25131,7535543,7535644,101,CDS
25132,7536004,7536435,431,CDS
25133,7536976,7537035,59,CDS
25134,7532828,7532828,0,CDS
25135,7533355,7533443,88,CDS
25136,7533507,7534165,658,CDS
25137,7534235,7534904,669,CDS
25138,7535044,7535134,90,CDS
25139,7535196,7535467,271,CDS
25140,7535543,7535644,101,CDS
25141,7536711,7536740,29,CDS
25142,7533126,7533443,317,mRNA
25143,7533507,7534165,658,mRNA
25144,7534235,7534904,669,mRNA
25145,7535044,7535134,90,mRNA
25146,7535196,7535467,271,mRNA
25147,7535543,7535644,101,mRNA
25148,7535884,7536435,551,mRNA
25149,7536976,7538279,1303,mRNA
25150,7533126,7533443,317,mRNA
25151,7533507,7534165,658,mRNA
25152,7534235,7534904,669,mRNA
25153,7535044,7535134,90,mRNA
25154,7535196,7535467,271,mRNA
25155,7535543,7535644,101,mRNA
25156,7536004,7536435,431,mRNA
25157,7536976,7538279,1303,mRNA
25158,7533126,7533443,317,mRNA
25159,7533507,7534165,658,mRNA
25160,7534235,7534904,669,mRNA
25161,7535044,7535134,90,mRNA
25162,7535196,7535467,271,mRNA
25163,7535543,7535644,101,mRNA
25164,7536711,7536769,58,mRNA
25165,7536976,7538279,1303,mRNA
25166,7533375,7533443,68,CDS
25167,7533507,7534165,658,CDS
25168,7534235,7534904,669,CDS
25169,7535044,7535134,90,CDS
25170,7535196,7535467,271,CDS
25171,7535543,7535644,101,CDS
25172,7535884,7536435,551,CDS
25173,7536976,7537035,59,CDS
25174,7533375,7533443,68,CDS
25175,7533507,7534165,658,CDS
25176,7534235,7534904,669,CDS
25177,7535044,7535134,90,CDS
25178,7535196,7535467,271,CDS
25179,7535543,7535644,101,CDS
25180,7535884,7536435,551,CDS
25181,7536976,7537035,59,CDS
25182,7533375,7533443,68,CDS
25183,7533507,7534165,658,CDS
25184,7534235,7534904,669,CDS
25185,7535044,7535134,90,CDS
25186,7535196,7535467,271,CDS
25187,7535543,7535644,101,CDS
25188,7536004,7536435,431,CDS
25189,7536976,7537035,59,CDS
25190,7533375,7533443,68,CDS
25191,7533507,7534165,658,CDS
25192,7534235,7534904,669,CDS
25193,7535044,7535134,90,CDS
25194,7535196,7535467,271,CDS
25195,7535543,7535644,101,CDS
25196,7536004,7536435,431,CDS
25197,7536976,7537035,59,CDS
25198,7533375,7533443,68,CDS
25199,7533507,7534165,658,CDS
25200,7534235,7534904,669,CDS
25201,7535044,7535134,90,CDS
25202,7535196,7535467,271,CDS
25203,7535543,7535644,101,CDS
25204,7536004,7536435,431,CDS
25205,7536976,7537035,59,CDS
25206,7533375,7533443,68,CDS
25207,7533507,7534165,658,CDS
25208,7534235,7534904,669,CDS
25209,7535044,7535134,90,CDS
25210,7535196,7535467,271,CDS
25211,7535543,7535644,101,CDS
25212,7536976,7537035,59,CDS
25213,7533375,7533443,68,CDS
25214,7533507,7534165,658,CDS
25215,7534235,7534904,669,CDS
25216,7535044,7535134,90,CDS
25217,7535196,7535467,271,CDS
25218,7535543,7535644,101,CDS
25219,7536711,7536740,29,CDS
25220,7533375,7533443,68,CDS
25221,7533507,7534165,658,CDS
25222,7534235,7534904,669,CDS
25223,7535044,7535134,90,CDS
25224,7535196,7535467,271,CDS
25225,7535543,7535644,101,CDS
25226,7536711,7536740,29,CDS
25227,7539060,7539836,776,gene
25228,7539060,7539836,776,mRNA
25229,7539060,7539836,776,CDS
25230,7540269,7541168,899,gene
25231,7540269,7541168,899,mRNA
25232,7540269,7541168,899,CDS
25233,7541582,7542457,875,gene
25234,7541582,7542457,875,mRNA
25235,7541582,7542457,875,CDS
25236,7555780,7560037,4257,gene
25237,7559723,7560037,314,mRNA
25238,7558222,7558696,474,mRNA
25239,7555780,7557575,1795,mRNA
25240,7559723,7559822,99,CDS
25241,7558222,7558696,474,CDS
25242,7555868,7557575,1707,CDS
25243,7562610,7569499,6889,gene
25244,7562610,7563133,523,mRNA
25245,7564168,7564986,818,mRNA
25246,7565049,7565171,122,mRNA
25247,7565240,7567753,2513,mRNA
25248,7567822,7568819,997,mRNA
25249,7568874,7568976,102,mRNA
25250,7569076,7569206,130,mRNA
25251,7569274,7569499,225,mRNA
25252,7562610,7562692,82,mRNA
25253,7563009,7563133,124,mRNA
25254,7564168,7564986,818,mRNA
25255,7565049,7565171,122,mRNA
25256,7565240,7567753,2513,mRNA
25257,7567822,7568819,997,mRNA
25258,7568874,7568976,102,mRNA
25259,7569076,7569206,130,mRNA
25260,7569274,7569499,225,mRNA
25261,7562610,7562692,82,mRNA
25262,7563009,7563133,124,mRNA
25263,7564168,7564986,818,mRNA
25264,7565049,7565171,122,mRNA
25265,7565240,7566196,956,mRNA
25266,7566770,7567753,983,mRNA
25267,7567822,7568819,997,mRNA
25268,7568874,7568976,102,mRNA
25269,7569076,7569206,130,mRNA
25270,7569274,7569499,225,mRNA
25271,7562610,7562639,29,mRNA
25272,7563009,7563133,124,mRNA
25273,7564168,7564986,818,mRNA
25274,7565049,7565171,122,mRNA
25275,7565240,7567753,2513,mRNA
25276,7567822,7568819,997,mRNA
25277,7568874,7568976,102,mRNA
25278,7569076,7569206,130,mRNA
25279,7569274,7569499,225,mRNA
25280,7562610,7562639,29,mRNA
25281,7563009,7563133,124,mRNA
25282,7564168,7564986,818,mRNA
25283,7565049,7565171,122,mRNA
25284,7565240,7566196,956,mRNA
25285,7566770,7567753,983,mRNA
25286,7567822,7568819,997,mRNA
25287,7568874,7568976,102,mRNA
25288,7569076,7569206,130,mRNA
25289,7569274,7569499,225,mRNA
25290,7563079,7563133,54,CDS
25291,7564168,7564986,818,CDS
25292,7565049,7565171,122,CDS
25293,7565240,7567753,2513,CDS
25294,7567822,7568819,997,CDS
25295,7568874,7568976,102,CDS
25296,7569076,7569206,130,CDS
25297,7569274,7569387,113,CDS
25298,7563079,7563133,54,CDS
25299,7564168,7564986,818,CDS
25300,7565049,7565171,122,CDS
25301,7565240,7567753,2513,CDS
25302,7567822,7568819,997,CDS
25303,7568874,7568976,102,CDS
25304,7569076,7569206,130,CDS
25305,7569274,7569387,113,CDS
25306,7563079,7563133,54,CDS
25307,7564168,7564986,818,CDS
25308,7565049,7565171,122,CDS
25309,7565240,7567753,2513,CDS
25310,7567822,7568819,997,CDS
25311,7568874,7568976,102,CDS
25312,7569076,7569206,130,CDS
25313,7569274,7569387,113,CDS
25314,7563079,7563133,54,CDS
25315,7564168,7564986,818,CDS
25316,7565049,7565171,122,CDS
25317,7565240,7566196,956,CDS
25318,7566770,7567753,983,CDS
25319,7567822,7568819,997,CDS
25320,7568874,7568976,102,CDS
25321,7569076,7569206,130,CDS
25322,7569274,7569387,113,CDS
25323,7563079,7563133,54,CDS
25324,7564168,7564986,818,CDS
25325,7565049,7565171,122,CDS
25326,7565240,7566196,956,CDS
25327,7566770,7567753,983,CDS
25328,7567822,7568819,997,CDS
25329,7568874,7568976,102,CDS
25330,7569076,7569206,130,CDS
25331,7569274,7569387,113,CDS
25332,7583454,7587248,3794,gene
25333,7583454,7583754,300,mRNA
25334,7583817,7584481,664,mRNA
25335,7584532,7584694,162,mRNA
25336,7584752,7586037,1285,mRNA
25337,7586098,7586497,399,mRNA
25338,7586552,7587248,696,mRNA
25339,7583507,7583754,247,CDS
25340,7583817,7584481,664,CDS
25341,7584532,7584694,162,CDS
25342,7584752,7586037,1285,CDS
25343,7586098,7586497,399,CDS
25344,7586552,7587188,636,CDS
25345,7588608,7590998,2390,gene
25346,7588608,7590998,2390,mRNA
25347,7588732,7590918,2186,CDS
25348,7593091,7639573,46482,gene
25349,7593091,7593445,354,mRNA
25350,7602788,7603489,701,mRNA
25351,7603669,7603962,293,mRNA
25352,7616108,7616231,123,mRNA
25353,7616904,7617602,698,mRNA
25354,7619788,7619871,83,mRNA
25355,7620265,7620388,123,mRNA
25356,7624598,7624934,336,mRNA
25357,7625367,7625996,629,mRNA
25358,7635681,7635806,125,mRNA
25359,7635874,7636463,589,mRNA
25360,7636526,7636690,164,mRNA
25361,7636748,7637480,732,mRNA
25362,7637688,7637901,213,mRNA
25363,7637959,7638075,116,mRNA
25364,7638157,7638567,410,mRNA
25365,7638841,7639573,732,mRNA
25366,7593278,7593445,167,CDS
25367,7602788,7603489,701,CDS
25368,7603669,7603962,293,CDS
25369,7616108,7616231,123,CDS
25370,7616904,7617602,698,CDS
25371,7619788,7619871,83,CDS
25372,7620265,7620388,123,CDS
25373,7624598,7624934,336,CDS
25374,7625367,7625996,629,CDS
25375,7635681,7635806,125,CDS
25376,7635874,7636463,589,CDS
25377,7636526,7636690,164,CDS
25378,7636748,7637480,732,CDS
25379,7637688,7637901,213,CDS
25380,7637959,7638075,116,CDS
25381,7638157,7638567,410,CDS
25382,7638841,7639037,196,CDS
25383,7597230,7597403,173,mRNA
25384,7602788,7603489,701,mRNA
25385,7603669,7603962,293,mRNA
25386,7616108,7616231,123,mRNA
25387,7616904,7617602,698,mRNA
25388,7619788,7619871,83,mRNA
25389,7620265,7620388,123,mRNA
25390,7624598,7624934,336,mRNA
25391,7625367,7625996,629,mRNA
25392,7635681,7635806,125,mRNA
25393,7635874,7636463,589,mRNA
25394,7636526,7636690,164,mRNA
25395,7636748,7637480,732,mRNA
25396,7637688,7637901,213,mRNA
25397,7637959,7638075,116,mRNA
25398,7638157,7638567,410,mRNA
25399,7638841,7639573,732,mRNA
25400,7597254,7597403,149,CDS
25401,7602788,7603489,701,CDS
25402,7603669,7603962,293,CDS
25403,7616108,7616231,123,CDS
25404,7616904,7617602,698,CDS
25405,7619788,7619871,83,CDS
25406,7620265,7620388,123,CDS
25407,7624598,7624934,336,CDS
25408,7625367,7625996,629,CDS
25409,7635681,7635806,125,CDS
25410,7635874,7636463,589,CDS
25411,7636526,7636690,164,CDS
25412,7636748,7637480,732,CDS
25413,7637688,7637901,213,CDS
25414,7637959,7638075,116,CDS
25415,7638157,7638567,410,CDS
25416,7638841,7639037,196,CDS
25417,7605035,7605531,496,mRNA
25418,7616108,7616231,123,mRNA
25419,7616904,7617602,698,mRNA
25420,7619788,7619871,83,mRNA
25421,7620265,7620388,123,mRNA
25422,7624598,7624934,336,mRNA
25423,7625367,7625996,629,mRNA
25424,7635681,7635806,125,mRNA
25425,7635874,7636463,589,mRNA
25426,7636526,7636690,164,mRNA
25427,7636748,7637480,732,mRNA
25428,7637688,7637901,213,mRNA
25429,7637959,7638075,116,mRNA
25430,7638157,7638567,410,mRNA
25431,7638841,7639573,732,mRNA
25432,7617044,7617602,558,CDS
25433,7619788,7619871,83,CDS
25434,7620265,7620388,123,CDS
25435,7624598,7624934,336,CDS
25436,7625367,7625996,629,CDS
25437,7635681,7635806,125,CDS
25438,7635874,7636463,589,CDS
25439,7636526,7636690,164,CDS
25440,7636748,7637480,732,CDS
25441,7637688,7637901,213,CDS
25442,7637959,7638075,116,CDS
25443,7638157,7638567,410,CDS
25444,7638841,7639037,196,CDS
25445,7629991,7630508,517,gene
25446,7629991,7630508,517,ncRNA
25447,7633449,7633612,163,mRNA
25448,7635681,7635806,125,mRNA
25449,7635874,7636463,589,mRNA
25450,7636526,7636690,164,mRNA
25451,7636748,7637480,732,mRNA
25452,7637688,7637901,213,mRNA
25453,7637959,7638075,116,mRNA
25454,7638157,7638567,410,mRNA
25455,7638841,7639573,732,mRNA
25456,7633547,7633612,65,CDS
25457,7635681,7635806,125,CDS
25458,7635874,7636463,589,CDS
25459,7636526,7636690,164,CDS
25460,7636748,7637480,732,CDS
25461,7637688,7637901,213,CDS
25462,7637959,7638075,116,CDS
25463,7638157,7638567,410,CDS
25464,7638841,7639037,196,CDS
25465,7639717,7639794,77,gene
25466,7639717,7639794,77,ncRNA
25467,7639811,7640446,635,gene
25468,7640404,7640446,42,mRNA
25469,7640270,7640337,67,mRNA
25470,7640125,7640206,81,mRNA
25471,7640016,7640064,48,mRNA
25472,7639811,7639959,148,mRNA
25473,7640404,7640441,37,CDS
25474,7640270,7640337,67,CDS
25475,7640125,7640206,81,CDS
25476,7640016,7640064,48,CDS
25477,7639891,7639959,68,CDS
25478,7640798,7641648,850,gene
25479,7641086,7641648,562,mRNA
25480,7640798,7641027,229,mRNA
25481,7641086,7641583,497,CDS
25482,7640815,7641027,212,CDS
25483,7650548,7759123,108575,gene
25484,7650548,7650865,317,mRNA
25485,7737113,7737199,86,mRNA
25486,7756983,7757179,196,mRNA
25487,7757292,7757587,295,mRNA
25488,7757653,7757764,111,mRNA
25489,7757828,7757953,125,mRNA
25490,7758031,7758621,590,mRNA
25491,7758720,7758943,223,mRNA
25492,7759009,7759123,114,mRNA
25493,7650548,7650865,317,mRNA
25494,7756983,7757179,196,mRNA
25495,7757292,7757587,295,mRNA
25496,7757653,7757764,111,mRNA
25497,7757828,7757953,125,mRNA
25498,7758031,7758621,590,mRNA
25499,7758720,7758943,223,mRNA
25500,7759009,7759123,114,mRNA
25501,7651180,7651900,720,gene
25502,7651180,7651900,720,mRNA
25503,7651205,7651765,560,CDS
25504,7651866,7654752,2886,gene
25505,7654253,7654752,499,mRNA
25506,7653461,7654099,638,mRNA
25507,7651866,7653400,1534,mRNA
25508,7653461,7654091,630,CDS
25509,7652310,7653400,1090,CDS
25510,7655389,7718395,63006,gene
25511,7717367,7718395,1028,mRNA
25512,7710868,7710969,101,mRNA
25513,7710349,7710801,452,mRNA
25514,7709519,7710283,764,mRNA
25515,7709147,7709350,203,mRNA
25516,7707889,7708816,927,mRNA
25517,7706461,7706743,282,mRNA
25518,7705973,7706379,406,mRNA
25519,7705703,7705914,211,mRNA
25520,7703846,7704050,204,mRNA
25521,7700389,7700548,159,mRNA
25522,7699486,7700324,838,mRNA
25523,7696938,7699373,2435,mRNA
25524,7696780,7696878,98,mRNA
25525,7696644,7696724,80,mRNA
25526,7663259,7663324,65,mRNA
25527,7656375,7661506,5131,mRNA
25528,7655389,7656203,814,mRNA
25529,7717367,7718395,1028,mRNA
25530,7710868,7710969,101,mRNA
25531,7710349,7710801,452,mRNA
25532,7709519,7710283,764,mRNA
25533,7709147,7709350,203,mRNA
25534,7707889,7708816,927,mRNA
25535,7706461,7706743,282,mRNA
25536,7705973,7706379,406,mRNA
25537,7705703,7705914,211,mRNA
25538,7703846,7704050,204,mRNA
25539,7700389,7700548,159,mRNA
25540,7699486,7700324,838,mRNA
25541,7696938,7699373,2435,mRNA
25542,7696780,7696878,98,mRNA
25543,7696644,7696724,80,mRNA
25544,7663259,7663324,65,mRNA
25545,7662471,7662890,419,mRNA
25546,7656375,7661506,5131,mRNA
25547,7655389,7656203,814,mRNA
25548,7717367,7718395,1028,mRNA
25549,7710868,7710969,101,mRNA
25550,7710349,7710801,452,mRNA
25551,7709519,7710283,764,mRNA
25552,7709147,7709350,203,mRNA
25553,7707889,7708816,927,mRNA
25554,7707628,7707720,92,mRNA
25555,7706461,7706743,282,mRNA
25556,7705973,7706379,406,mRNA
25557,7705703,7705914,211,mRNA
25558,7703846,7704050,204,mRNA
25559,7700389,7700548,159,mRNA
25560,7699486,7700324,838,mRNA
25561,7696938,7699373,2435,mRNA
25562,7696780,7696878,98,mRNA
25563,7696644,7696724,80,mRNA
25564,7663259,7663324,65,mRNA
25565,7656375,7661506,5131,mRNA
25566,7655389,7656203,814,mRNA
25567,7717367,7718395,1028,mRNA
25568,7710868,7710969,101,mRNA
25569,7710349,7710801,452,mRNA
25570,7709519,7710283,764,mRNA
25571,7709147,7709350,203,mRNA
25572,7707889,7708816,927,mRNA
25573,7707628,7707720,92,mRNA
25574,7706461,7706743,282,mRNA
25575,7705973,7706379,406,mRNA
25576,7705703,7705914,211,mRNA
25577,7703846,7704050,204,mRNA
25578,7700389,7700548,159,mRNA
25579,7699486,7700324,838,mRNA
25580,7696938,7699373,2435,mRNA
25581,7696780,7696878,98,mRNA
25582,7696644,7696724,80,mRNA
25583,7663259,7663324,65,mRNA
25584,7662471,7662890,419,mRNA
25585,7661981,7662256,275,mRNA
25586,7656375,7661506,5131,mRNA
25587,7655389,7656203,814,mRNA
25588,7716168,7716324,156,mRNA
25589,7710868,7710969,101,mRNA
25590,7710349,7710801,452,mRNA
25591,7709519,7710283,764,mRNA
25592,7709147,7709350,203,mRNA
25593,7707889,7708816,927,mRNA
25594,7706461,7706743,282,mRNA
25595,7705973,7706379,406,mRNA
25596,7705703,7705914,211,mRNA
25597,7703846,7704050,204,mRNA
25598,7700389,7700548,159,mRNA
25599,7699486,7700324,838,mRNA
25600,7696938,7699373,2435,mRNA
25601,7696780,7696878,98,mRNA
25602,7696644,7696724,80,mRNA
25603,7663259,7663324,65,mRNA
25604,7662471,7662890,419,mRNA
25605,7656375,7661506,5131,mRNA
25606,7655389,7656203,814,mRNA
25607,7716168,7716324,156,mRNA
25608,7710868,7710969,101,mRNA
25609,7710349,7710801,452,mRNA
25610,7709519,7710283,764,mRNA
25611,7709147,7709350,203,mRNA
25612,7707889,7708816,927,mRNA
25613,7707628,7707720,92,mRNA
25614,7706461,7706743,282,mRNA
25615,7705973,7706379,406,mRNA
25616,7705703,7705914,211,mRNA
25617,7703846,7704050,204,mRNA
25618,7700389,7700548,159,mRNA
25619,7699486,7700324,838,mRNA
25620,7696938,7699373,2435,mRNA
25621,7696780,7696878,98,mRNA
25622,7696644,7696724,80,mRNA
25623,7663259,7663324,65,mRNA
25624,7662471,7662890,419,mRNA
25625,7661981,7662253,272,mRNA
25626,7656375,7661506,5131,mRNA
25627,7655389,7656203,814,mRNA
25628,7713138,7713650,512,mRNA
25629,7710868,7710969,101,mRNA
25630,7710349,7710801,452,mRNA
25631,7709519,7710283,764,mRNA
25632,7709147,7709350,203,mRNA
25633,7707889,7708816,927,mRNA
25634,7706461,7706743,282,mRNA
25635,7705973,7706379,406,mRNA
25636,7705703,7705914,211,mRNA
25637,7703846,7704050,204,mRNA
25638,7700389,7700548,159,mRNA
25639,7699486,7700324,838,mRNA
25640,7696938,7699373,2435,mRNA
25641,7696780,7696878,98,mRNA
25642,7696644,7696724,80,mRNA
25643,7663259,7663324,65,mRNA
25644,7656375,7661506,5131,mRNA
25645,7655389,7656203,814,mRNA
25646,7713138,7713650,512,mRNA
25647,7710868,7710969,101,mRNA
25648,7710349,7710801,452,mRNA
25649,7709519,7710283,764,mRNA
25650,7709147,7709350,203,mRNA
25651,7707889,7708816,927,mRNA
25652,7706461,7706743,282,mRNA
25653,7705973,7706379,406,mRNA
25654,7705703,7705914,211,mRNA
25655,7703846,7704050,204,mRNA
25656,7700389,7700548,159,mRNA
25657,7699486,7700324,838,mRNA
25658,7696938,7699373,2435,mRNA
25659,7696780,7696878,98,mRNA
25660,7696644,7696724,80,mRNA
25661,7663259,7663324,65,mRNA
25662,7661981,7662298,317,mRNA
25663,7655389,7656203,814,mRNA
25664,7713138,7713650,512,mRNA
25665,7710868,7710969,101,mRNA
25666,7710349,7710801,452,mRNA
25667,7709519,7710283,764,mRNA
25668,7709147,7709350,203,mRNA
25669,7707889,7708816,927,mRNA
25670,7706461,7706743,282,mRNA
25671,7705973,7706379,406,mRNA
25672,7705703,7705914,211,mRNA
25673,7703846,7704050,204,mRNA
25674,7700389,7700548,159,mRNA
25675,7699486,7700324,838,mRNA
25676,7696938,7699373,2435,mRNA
25677,7696780,7696878,98,mRNA
25678,7696644,7696724,80,mRNA
25679,7663259,7663324,65,mRNA
25680,7661981,7662298,317,mRNA
25681,7656375,7661506,5131,mRNA
25682,7655389,7656203,814,mRNA
25683,7713138,7713650,512,mRNA
25684,7710868,7710969,101,mRNA
25685,7710349,7710801,452,mRNA
25686,7709519,7710283,764,mRNA
25687,7709147,7709350,203,mRNA
25688,7707889,7708816,927,mRNA
25689,7706461,7706743,282,mRNA
25690,7705973,7706379,406,mRNA
25691,7705703,7705914,211,mRNA
25692,7703846,7704050,204,mRNA
25693,7700389,7700548,159,mRNA
25694,7699486,7700324,838,mRNA
25695,7696938,7699373,2435,mRNA
25696,7696780,7696878,98,mRNA
25697,7696644,7696724,80,mRNA
25698,7663259,7663324,65,mRNA
25699,7662471,7662890,419,mRNA
25700,7655389,7656203,814,mRNA
25701,7713138,7713650,512,mRNA
25702,7710868,7710969,101,mRNA
25703,7710349,7710801,452,mRNA
25704,7709519,7710283,764,mRNA
25705,7709147,7709350,203,mRNA
25706,7707889,7708816,927,mRNA
25707,7706461,7706743,282,mRNA
25708,7705973,7706379,406,mRNA
25709,7705703,7705914,211,mRNA
25710,7703846,7704050,204,mRNA
25711,7700389,7700548,159,mRNA
25712,7699486,7700324,838,mRNA
25713,7696938,7699373,2435,mRNA
25714,7696780,7696878,98,mRNA
25715,7696644,7696724,80,mRNA
25716,7663259,7663324,65,mRNA
25717,7662471,7662890,419,mRNA
25718,7656375,7661506,5131,mRNA
25719,7655389,7656203,814,mRNA
25720,7713138,7713650,512,mRNA
25721,7710868,7710969,101,mRNA
25722,7710349,7710801,452,mRNA
25723,7709519,7710283,764,mRNA
25724,7709147,7709350,203,mRNA
25725,7707889,7708816,927,mRNA
25726,7706461,7706743,282,mRNA
25727,7705973,7706379,406,mRNA
25728,7705703,7705914,211,mRNA
25729,7703846,7704050,204,mRNA
25730,7700389,7700548,159,mRNA
25731,7699486,7700324,838,mRNA
25732,7696938,7699373,2435,mRNA
25733,7696780,7696878,98,mRNA
25734,7696644,7696724,80,mRNA
25735,7663259,7663324,65,mRNA
25736,7662471,7662890,419,mRNA
25737,7661981,7662298,317,mRNA
25738,7656375,7661506,5131,mRNA
25739,7655389,7656203,814,mRNA
25740,7713138,7713650,512,mRNA
25741,7710868,7710969,101,mRNA
25742,7710349,7710801,452,mRNA
25743,7709519,7710283,764,mRNA
25744,7709147,7709350,203,mRNA
25745,7707889,7708816,927,mRNA
25746,7706461,7706743,282,mRNA
25747,7705973,7706379,406,mRNA
25748,7705703,7705914,211,mRNA
25749,7703846,7704050,204,mRNA
25750,7700389,7700548,159,mRNA
25751,7699486,7700324,838,mRNA
25752,7696938,7699373,2435,mRNA
25753,7696780,7696878,98,mRNA
25754,7696644,7696724,80,mRNA
25755,7666166,7693855,27689,mRNA
25756,7663259,7663324,65,mRNA
25757,7662471,7662890,419,mRNA
25758,7661981,7662298,317,mRNA
25759,7656375,7661506,5131,mRNA
25760,7655389,7656203,814,mRNA
25761,7713138,7713650,512,mRNA
25762,7710868,7710969,101,mRNA
25763,7710349,7710801,452,mRNA
25764,7709519,7710283,764,mRNA
25765,7709147,7709350,203,mRNA
25766,7707889,7708816,927,mRNA
25767,7706461,7706743,282,mRNA
25768,7705973,7706379,406,mRNA
25769,7705703,7705914,211,mRNA
25770,7703846,7704050,204,mRNA
25771,7700389,7700548,159,mRNA
25772,7699486,7700324,838,mRNA
25773,7696938,7699373,2435,mRNA
25774,7696780,7696878,98,mRNA
25775,7696644,7696724,80,mRNA
25776,7666166,7693855,27689,mRNA
25777,7663693,7665982,2289,mRNA
25778,7663259,7663324,65,mRNA
25779,7655389,7656203,814,mRNA
25780,7713138,7713650,512,mRNA
25781,7710868,7710969,101,mRNA
25782,7710349,7710801,452,mRNA
25783,7709519,7710283,764,mRNA
25784,7709147,7709350,203,mRNA
25785,7707889,7708816,927,mRNA
25786,7707628,7707720,92,mRNA
25787,7706461,7706743,282,mRNA
25788,7705973,7706379,406,mRNA
25789,7705703,7705914,211,mRNA
25790,7703846,7704050,204,mRNA
25791,7700389,7700548,159,mRNA
25792,7699486,7700324,838,mRNA
25793,7696938,7699373,2435,mRNA
25794,7696780,7696878,98,mRNA
25795,7696644,7696724,80,mRNA
25796,7663259,7663324,65,mRNA
25797,7656375,7661506,5131,mRNA
25798,7655389,7656203,814,mRNA
25799,7713138,7713161,23,CDS
25800,7710868,7710969,101,CDS
25801,7710349,7710801,452,CDS
25802,7709519,7710283,764,CDS
25803,7709147,7709350,203,CDS
25804,7707889,7708816,927,CDS
25805,7706461,7706743,282,CDS
25806,7705973,7706379,406,CDS
25807,7705703,7705914,211,CDS
25808,7703846,7704050,204,CDS
25809,7700389,7700548,159,CDS
25810,7699486,7700324,838,CDS
25811,7696938,7699373,2435,CDS
25812,7696780,7696878,98,CDS
25813,7696644,7696724,80,CDS
25814,7663259,7663324,65,CDS
25815,7661981,7662298,317,CDS
25816,7656187,7656203,16,CDS
25817,7713138,7713161,23,CDS
25818,7710868,7710969,101,CDS
25819,7710349,7710801,452,CDS
25820,7709519,7710283,764,CDS
25821,7709147,7709350,203,CDS
25822,7707889,7708816,927,CDS
25823,7706461,7706743,282,CDS
25824,7705973,7706379,406,CDS
25825,7705703,7705914,211,CDS
25826,7703846,7704050,204,CDS
25827,7700389,7700548,159,CDS
25828,7699486,7700324,838,CDS
25829,7696938,7699373,2435,CDS
25830,7696780,7696878,98,CDS
25831,7696644,7696724,80,CDS
25832,7663259,7663324,65,CDS
25833,7662471,7662890,419,CDS
25834,7656187,7656203,16,CDS
25835,7717367,7717840,473,CDS
25836,7710868,7710969,101,CDS
25837,7710349,7710801,452,CDS
25838,7709519,7710283,764,CDS
25839,7709147,7709350,203,CDS
25840,7707889,7708816,927,CDS
25841,7706461,7706743,282,CDS
25842,7705973,7706379,406,CDS
25843,7705703,7705914,211,CDS
25844,7703846,7704050,204,CDS
25845,7700389,7700548,159,CDS
25846,7699486,7700324,838,CDS
25847,7696938,7699373,2435,CDS
25848,7696780,7696878,98,CDS
25849,7696644,7696724,80,CDS
25850,7663259,7663324,65,CDS
25851,7656519,7661506,4987,CDS
25852,7717367,7717840,473,CDS
25853,7710868,7710969,101,CDS
25854,7710349,7710801,452,CDS
25855,7709519,7710283,764,CDS
25856,7709147,7709350,203,CDS
25857,7707889,7708816,927,CDS
25858,7706461,7706743,282,CDS
25859,7705973,7706379,406,CDS
25860,7705703,7705914,211,CDS
25861,7703846,7704050,204,CDS
25862,7700389,7700548,159,CDS
25863,7699486,7700324,838,CDS
25864,7696938,7699373,2435,CDS
25865,7696780,7696878,98,CDS
25866,7696644,7696724,80,CDS
25867,7663259,7663324,65,CDS
25868,7662471,7662890,419,CDS
25869,7656519,7661506,4987,CDS
25870,7717367,7717840,473,CDS
25871,7710868,7710969,101,CDS
25872,7710349,7710801,452,CDS
25873,7709519,7710283,764,CDS
25874,7709147,7709350,203,CDS
25875,7707889,7708816,927,CDS
25876,7707628,7707720,92,CDS
25877,7706461,7706743,282,CDS
25878,7705973,7706379,406,CDS
25879,7705703,7705914,211,CDS
25880,7703846,7704050,204,CDS
25881,7700389,7700548,159,CDS
25882,7699486,7700324,838,CDS
25883,7696938,7699373,2435,CDS
25884,7696780,7696878,98,CDS
25885,7696644,7696724,80,CDS
25886,7663259,7663324,65,CDS
25887,7656519,7661506,4987,CDS
25888,7717367,7717840,473,CDS
25889,7710868,7710969,101,CDS
25890,7710349,7710801,452,CDS
25891,7709519,7710283,764,CDS
25892,7709147,7709350,203,CDS
25893,7707889,7708816,927,CDS
25894,7707628,7707720,92,CDS
25895,7706461,7706743,282,CDS
25896,7705973,7706379,406,CDS
25897,7705703,7705914,211,CDS
25898,7703846,7704050,204,CDS
25899,7700389,7700548,159,CDS
25900,7699486,7700324,838,CDS
25901,7696938,7699373,2435,CDS
25902,7696780,7696878,98,CDS
25903,7696644,7696724,80,CDS
25904,7663259,7663324,65,CDS
25905,7662471,7662890,419,CDS
25906,7661981,7662256,275,CDS
25907,7656519,7661506,4987,CDS
25908,7716168,7716212,44,CDS
25909,7710868,7710969,101,CDS
25910,7710349,7710801,452,CDS
25911,7709519,7710283,764,CDS
25912,7709147,7709350,203,CDS
25913,7707889,7708816,927,CDS
25914,7706461,7706743,282,CDS
25915,7705973,7706379,406,CDS
25916,7705703,7705914,211,CDS
25917,7703846,7704050,204,CDS
25918,7700389,7700548,159,CDS
25919,7699486,7700324,838,CDS
25920,7696938,7699373,2435,CDS
25921,7696780,7696878,98,CDS
25922,7696644,7696724,80,CDS
25923,7663259,7663324,65,CDS
25924,7662471,7662890,419,CDS
25925,7656519,7661506,4987,CDS
25926,7716168,7716212,44,CDS
25927,7710868,7710969,101,CDS
25928,7710349,7710801,452,CDS
25929,7709519,7710283,764,CDS
25930,7709147,7709350,203,CDS
25931,7707889,7708816,927,CDS
25932,7707628,7707720,92,CDS
25933,7706461,7706743,282,CDS
25934,7705973,7706379,406,CDS
25935,7705703,7705914,211,CDS
25936,7703846,7704050,204,CDS
25937,7700389,7700548,159,CDS
25938,7699486,7700324,838,CDS
25939,7696938,7699373,2435,CDS
25940,7696780,7696878,98,CDS
25941,7696644,7696724,80,CDS
25942,7663259,7663324,65,CDS
25943,7662471,7662890,419,CDS
25944,7661981,7662253,272,CDS
25945,7656519,7661506,4987,CDS
25946,7713138,7713161,23,CDS
25947,7710868,7710969,101,CDS
25948,7710349,7710801,452,CDS
25949,7709519,7710283,764,CDS
25950,7709147,7709350,203,CDS
25951,7707889,7708816,927,CDS
25952,7706461,7706743,282,CDS
25953,7705973,7706379,406,CDS
25954,7705703,7705914,211,CDS
25955,7703846,7704050,204,CDS
25956,7700389,7700548,159,CDS
25957,7699486,7700324,838,CDS
25958,7696938,7699373,2435,CDS
25959,7696780,7696878,98,CDS
25960,7696644,7696724,80,CDS
25961,7663259,7663324,65,CDS
25962,7656519,7661506,4987,CDS
25963,7713138,7713161,23,CDS
25964,7710868,7710969,101,CDS
25965,7710349,7710801,452,CDS
25966,7709519,7710283,764,CDS
25967,7709147,7709350,203,CDS
25968,7707889,7708816,927,CDS
25969,7706461,7706743,282,CDS
25970,7705973,7706379,406,CDS
25971,7705703,7705914,211,CDS
25972,7703846,7704050,204,CDS
25973,7700389,7700548,159,CDS
25974,7699486,7700324,838,CDS
25975,7696938,7699373,2435,CDS
25976,7696780,7696878,98,CDS
25977,7696644,7696724,80,CDS
25978,7663259,7663324,65,CDS
25979,7661981,7662298,317,CDS
25980,7656519,7661506,4987,CDS
25981,7713138,7713161,23,CDS
25982,7710868,7710969,101,CDS
25983,7710349,7710801,452,CDS
25984,7709519,7710283,764,CDS
25985,7709147,7709350,203,CDS
25986,7707889,7708816,927,CDS
25987,7706461,7706743,282,CDS
25988,7705973,7706379,406,CDS
25989,7705703,7705914,211,CDS
25990,7703846,7704050,204,CDS
25991,7700389,7700548,159,CDS
25992,7699486,7700324,838,CDS
25993,7696938,7699373,2435,CDS
25994,7696780,7696878,98,CDS
25995,7696644,7696724,80,CDS
25996,7663259,7663324,65,CDS
25997,7662471,7662890,419,CDS
25998,7656519,7661506,4987,CDS
25999,7713138,7713161,23,CDS
26000,7710868,7710969,101,CDS
26001,7710349,7710801,452,CDS
26002,7709519,7710283,764,CDS
26003,7709147,7709350,203,CDS
26004,7707889,7708816,927,CDS
26005,7706461,7706743,282,CDS
26006,7705973,7706379,406,CDS
26007,7705703,7705914,211,CDS
26008,7703846,7704050,204,CDS
26009,7700389,7700548,159,CDS
26010,7699486,7700324,838,CDS
26011,7696938,7699373,2435,CDS
26012,7696780,7696878,98,CDS
26013,7696644,7696724,80,CDS
26014,7663259,7663324,65,CDS
26015,7662471,7662890,419,CDS
26016,7661981,7662298,317,CDS
26017,7656519,7661506,4987,CDS
26018,7713138,7713161,23,CDS
26019,7710868,7710969,101,CDS
26020,7710349,7710801,452,CDS
26021,7709519,7710283,764,CDS
26022,7709147,7709350,203,CDS
26023,7707889,7708816,927,CDS
26024,7706461,7706743,282,CDS
26025,7705973,7706379,406,CDS
26026,7705703,7705914,211,CDS
26027,7703846,7704050,204,CDS
26028,7700389,7700548,159,CDS
26029,7699486,7700324,838,CDS
26030,7696938,7699373,2435,CDS
26031,7696780,7696878,98,CDS
26032,7696644,7696724,80,CDS
26033,7666166,7693855,27689,CDS
26034,7663259,7663324,65,CDS
26035,7662471,7662890,419,CDS
26036,7661981,7662298,317,CDS
26037,7656519,7661506,4987,CDS
26038,7713138,7713161,23,CDS
26039,7710868,7710969,101,CDS
26040,7710349,7710801,452,CDS
26041,7709519,7710283,764,CDS
26042,7709147,7709350,203,CDS
26043,7707889,7708816,927,CDS
26044,7707628,7707720,92,CDS
26045,7706461,7706743,282,CDS
26046,7705973,7706379,406,CDS
26047,7705703,7705914,211,CDS
26048,7703846,7704050,204,CDS
26049,7700389,7700548,159,CDS
26050,7699486,7700324,838,CDS
26051,7696938,7699373,2435,CDS
26052,7696780,7696878,98,CDS
26053,7696644,7696724,80,CDS
26054,7663259,7663324,65,CDS
26055,7656519,7661506,4987,CDS
26056,7658409,7695654,37245,gene
26057,7695376,7695654,278,mRNA
26058,7663693,7665982,2289,mRNA
26059,7663259,7663324,65,mRNA
26060,7662471,7662890,419,mRNA
26061,7658409,7661506,3097,mRNA
26062,7663820,7665904,2084,CDS
26063,7713138,7713161,23,CDS
26064,7710868,7710969,101,CDS
26065,7710349,7710801,452,CDS
26066,7709519,7710283,764,CDS
26067,7709147,7709350,203,CDS
26068,7707889,7708816,927,CDS
26069,7706461,7706743,282,CDS
26070,7705973,7706379,406,CDS
26071,7705703,7705914,211,CDS
26072,7703846,7704050,204,CDS
26073,7700389,7700548,159,CDS
26074,7699486,7700324,838,CDS
26075,7696938,7699373,2435,CDS
26076,7696780,7696878,98,CDS
26077,7696644,7696724,80,CDS
26078,7666166,7693855,27689,CDS
26079,7665966,7665982,16,CDS
26080,7713138,7713650,512,mRNA
26081,7710868,7710969,101,mRNA
26082,7710349,7710801,452,mRNA
26083,7709519,7710283,764,mRNA
26084,7709147,7709350,203,mRNA
26085,7707889,7708816,927,mRNA
26086,7706461,7706743,282,mRNA
26087,7705973,7706379,406,mRNA
26088,7705703,7705914,211,mRNA
26089,7703846,7704050,204,mRNA
26090,7700389,7700548,159,mRNA
26091,7699486,7700324,838,mRNA
26092,7696938,7699373,2435,mRNA
26093,7696780,7696878,98,mRNA
26094,7696511,7696724,213,mRNA
26095,7713138,7713161,23,CDS
26096,7710868,7710969,101,CDS
26097,7710349,7710801,452,CDS
26098,7709519,7710283,764,CDS
26099,7709147,7709350,203,CDS
26100,7707889,7708816,927,CDS
26101,7706461,7706743,282,CDS
26102,7705973,7706379,406,CDS
26103,7705703,7705914,211,CDS
26104,7703846,7704050,204,CDS
26105,7700389,7700548,159,CDS
26106,7699486,7700324,838,CDS
26107,7696938,7699373,2435,CDS
26108,7696780,7696878,98,CDS
26109,7696627,7696724,97,CDS
26110,7717367,7718395,1028,mRNA
26111,7710868,7710969,101,mRNA
26112,7710349,7710801,452,mRNA
26113,7709519,7710283,764,mRNA
26114,7709147,7709350,203,mRNA
26115,7707889,7708816,927,mRNA
26116,7706461,7706743,282,mRNA
26117,7705973,7706379,406,mRNA
26118,7704818,7705914,1096,mRNA
26119,7713138,7713650,512,mRNA
26120,7710868,7710969,101,mRNA
26121,7710349,7710801,452,mRNA
26122,7709519,7710283,764,mRNA
26123,7709147,7709350,203,mRNA
26124,7707889,7708816,927,mRNA
26125,7706461,7706743,282,mRNA
26126,7705973,7706379,406,mRNA
26127,7704818,7705914,1096,mRNA
26128,7717367,7717840,473,CDS
26129,7710868,7710969,101,CDS
26130,7710349,7710801,452,CDS
26131,7709519,7710283,764,CDS
26132,7709147,7709350,203,CDS
26133,7707889,7708816,927,CDS
26134,7706461,7706743,282,CDS
26135,7705973,7706379,406,CDS
26136,7705601,7705914,313,CDS
26137,7713138,7713161,23,CDS
26138,7710868,7710969,101,CDS
26139,7710349,7710801,452,CDS
26140,7709519,7710283,764,CDS
26141,7709147,7709350,203,CDS
26142,7707889,7708816,927,CDS
26143,7706461,7706743,282,CDS
26144,7705973,7706379,406,CDS
26145,7705601,7705914,313,CDS
26146,7717367,7718395,1028,mRNA
26147,7710868,7710969,101,mRNA
26148,7710349,7710801,452,mRNA
26149,7709519,7710283,764,mRNA
26150,7708920,7709350,430,mRNA
26151,7713138,7713647,509,mRNA
26152,7710868,7710969,101,mRNA
26153,7710349,7710801,452,mRNA
26154,7709519,7710283,764,mRNA
26155,7708920,7709350,430,mRNA
26156,7717367,7717840,473,CDS
26157,7710868,7710969,101,CDS
26158,7710349,7710801,452,CDS
26159,7709519,7710283,764,CDS
26160,7709051,7709350,299,CDS
26161,7713138,7713161,23,CDS
26162,7710868,7710969,101,CDS
26163,7710349,7710801,452,CDS
26164,7709519,7710283,764,CDS
26165,7709051,7709350,299,CDS
26166,7719350,7721472,2122,gene
26167,7719350,7719457,107,mRNA
26168,7720060,7720416,356,mRNA
26169,7720477,7721472,995,mRNA
26170,7719440,7719457,17,CDS
26171,7720060,7720416,356,CDS
26172,7720477,7721361,884,CDS
26173,7719899,7726473,6574,gene
26174,7726085,7726473,388,mRNA
26175,7725852,7726023,171,mRNA
26176,7723284,7725797,2513,mRNA
26177,7723050,7723225,175,mRNA
26178,7719899,7722982,3083,mRNA
26179,7726085,7726473,388,mRNA
26180,7725852,7726023,171,mRNA
26181,7723284,7725797,2513,mRNA
26182,7723050,7723225,175,mRNA
26183,7721805,7722982,1177,mRNA
26184,7726085,7726355,270,CDS
26185,7725852,7726023,171,CDS
26186,7723284,7725797,2513,CDS
26187,7723050,7723225,175,CDS
26188,7721898,7722982,1084,CDS
26189,7726085,7726355,270,CDS
26190,7725852,7726023,171,CDS
26191,7723284,7725797,2513,CDS
26192,7723050,7723225,175,CDS
26193,7721898,7722982,1084,CDS
26194,7727804,7732191,4387,gene
26195,7727804,7732191,4387,mRNA
26196,7727905,7731987,4082,CDS
26197,7733250,7743041,9791,gene
26198,7741968,7743041,1073,mRNA
26199,7738539,7738696,157,mRNA
26200,7738335,7738482,147,mRNA
26201,7738107,7738244,137,mRNA
26202,7736609,7736869,260,mRNA
26203,7736109,7736541,432,mRNA
26204,7733882,7734000,118,mRNA
26205,7733691,7733816,125,mRNA
26206,7733250,7733629,379,mRNA
26207,7741968,7742685,717,mRNA
26208,7738539,7738696,157,mRNA
26209,7738335,7738482,147,mRNA
26210,7736609,7736869,260,mRNA
26211,7736109,7736541,432,mRNA
26212,7733882,7734000,118,mRNA
26213,7733691,7733816,125,mRNA
26214,7733250,7733629,379,mRNA
26215,7741968,7742685,717,mRNA
26216,7738539,7738696,157,mRNA
26217,7738335,7738482,147,mRNA
26218,7738107,7738244,137,mRNA
26219,7736609,7736869,260,mRNA
26220,7736109,7736541,432,mRNA
26221,7733882,7734000,118,mRNA
26222,7733691,7733816,125,mRNA
26223,7733250,7733629,379,mRNA
26224,7741968,7742078,110,CDS
26225,7738539,7738696,157,CDS
26226,7738335,7738482,147,CDS
26227,7736609,7736869,260,CDS
26228,7736109,7736541,432,CDS
26229,7733882,7734000,118,CDS
26230,7733691,7733816,125,CDS
26231,7733453,7733629,176,CDS
26232,7741968,7742078,110,CDS
26233,7738539,7738696,157,CDS
26234,7738335,7738482,147,CDS
26235,7738107,7738244,137,CDS
26236,7736609,7736869,260,CDS
26237,7736109,7736541,432,CDS
26238,7733882,7734000,118,CDS
26239,7733691,7733816,125,CDS
26240,7733453,7733629,176,CDS
26241,7741968,7742078,110,CDS
26242,7738539,7738696,157,CDS
26243,7738335,7738482,147,CDS
26244,7738107,7738244,137,CDS
26245,7736609,7736869,260,CDS
26246,7736109,7736541,432,CDS
26247,7733882,7734000,118,CDS
26248,7733691,7733816,125,CDS
26249,7733453,7733629,176,CDS
26250,7747344,7750552,3208,gene
26251,7747344,7750552,3208,mRNA
26252,7747344,7749799,2455,mRNA
26253,7747344,7749799,2455,mRNA
26254,7747344,7749799,2455,mRNA
26255,7747617,7748627,1010,CDS
26256,7747617,7748504,887,CDS
26257,7747617,7748366,749,CDS
26258,7747617,7748366,749,CDS
26259,7754409,7755168,759,gene
26260,7754409,7755168,759,mRNA
26261,7754530,7754994,464,CDS
26262,7756704,7756854,150,mRNA
26263,7756983,7757179,196,mRNA
26264,7757292,7757587,295,mRNA
26265,7757653,7757764,111,mRNA
26266,7757828,7757953,125,mRNA
26267,7758031,7758621,590,mRNA
26268,7758720,7758943,223,mRNA
26269,7759009,7759123,114,mRNA
26270,7757110,7757179,69,CDS
26271,7757292,7757587,295,CDS
26272,7757653,7757764,111,CDS
26273,7757828,7757953,125,CDS
26274,7758031,7758621,590,CDS
26275,7758720,7758943,223,CDS
26276,7759009,7759050,41,CDS
26277,7757110,7757179,69,CDS
26278,7757292,7757587,295,CDS
26279,7757653,7757764,111,CDS
26280,7757828,7757953,125,CDS
26281,7758031,7758621,590,CDS
26282,7758720,7758943,223,CDS
26283,7759009,7759050,41,CDS
26284,7757110,7757179,69,CDS
26285,7757292,7757587,295,CDS
26286,7757653,7757764,111,CDS
26287,7757828,7757953,125,CDS
26288,7758031,7758621,590,CDS
26289,7758720,7758943,223,CDS
26290,7759009,7759050,41,CDS
26291,7760453,7763166,2713,gene
26292,7760453,7760656,203,mRNA
26293,7761563,7762235,672,mRNA
26294,7762294,7762556,262,mRNA
26295,7762622,7762851,229,mRNA
26296,7762912,7763166,254,mRNA
26297,7760551,7760656,105,mRNA
26298,7760984,7761277,293,mRNA
26299,7761563,7762235,672,mRNA
26300,7762294,7762556,262,mRNA
26301,7762622,7762851,229,mRNA
26302,7762912,7763166,254,mRNA
26303,7760551,7760656,105,mRNA
26304,7761563,7762235,672,mRNA
26305,7762294,7762556,262,mRNA
26306,7762622,7762851,229,mRNA
26307,7762912,7763166,254,mRNA
26308,7760627,7760656,29,CDS
26309,7761563,7762235,672,CDS
26310,7762294,7762556,262,CDS
26311,7762622,7762851,229,CDS
26312,7762912,7763074,162,CDS
26313,7760627,7760656,29,CDS
26314,7761563,7762235,672,CDS
26315,7762294,7762556,262,CDS
26316,7762622,7762851,229,CDS
26317,7762912,7763074,162,CDS
26318,7761367,7762235,868,mRNA
26319,7762294,7762556,262,mRNA
26320,7762622,7762851,229,mRNA
26321,7762912,7763166,254,mRNA
26322,7761548,7762235,687,CDS
26323,7762294,7762556,262,CDS
26324,7762622,7762851,229,CDS
26325,7762912,7763074,162,CDS
26326,7762413,7762556,143,CDS
26327,7762622,7762851,229,CDS
26328,7762912,7763074,162,CDS
26329,7763233,7775603,12370,gene
26330,7775496,7775603,107,mRNA
26331,7770023,7770322,299,mRNA
26332,7768710,7768858,148,mRNA
26333,7768469,7768650,181,mRNA
26334,7766873,7767089,216,mRNA
26335,7766463,7766819,356,mRNA
26336,7765781,7766403,622,mRNA
26337,7763233,7765718,2485,mRNA
26338,7767149,7767230,81,mRNA
26339,7766873,7767089,216,mRNA
26340,7766463,7766819,356,mRNA
26341,7765781,7766403,622,mRNA
26342,7763233,7765718,2485,mRNA
26343,7775496,7775603,107,mRNA
26344,7770023,7770322,299,mRNA
26345,7768710,7768870,160,mRNA
26346,7768469,7768648,179,mRNA
26347,7766873,7767089,216,mRNA
26348,7766463,7766819,356,mRNA
26349,7765781,7766403,622,mRNA
26350,7763970,7765718,1748,mRNA
26351,7775496,7775603,107,mRNA
26352,7770023,7770322,299,mRNA
26353,7768710,7768870,160,mRNA
26354,7768469,7768650,181,mRNA
26355,7766873,7767089,216,mRNA
26356,7766463,7766819,356,mRNA
26357,7765781,7766403,622,mRNA
26358,7763970,7765718,1748,mRNA
26359,7767149,7767230,81,mRNA
26360,7766873,7767089,216,mRNA
26361,7766463,7766819,356,mRNA
26362,7765781,7766403,622,mRNA
26363,7763970,7765718,1748,mRNA
26364,7770023,7770060,37,CDS
26365,7768710,7768858,148,CDS
26366,7768469,7768650,181,CDS
26367,7766873,7767089,216,CDS
26368,7766463,7766819,356,CDS
26369,7765781,7766403,622,CDS
26370,7764213,7765718,1505,CDS
26371,7770023,7770060,37,CDS
26372,7768710,7768870,160,CDS
26373,7768469,7768650,181,CDS
26374,7766873,7767089,216,CDS
26375,7766463,7766819,356,CDS
26376,7765781,7766403,622,CDS
26377,7764213,7765718,1505,CDS
26378,7768710,7768712,2,CDS
26379,7768469,7768648,179,CDS
26380,7766873,7767089,216,CDS
26381,7766463,7766819,356,CDS
26382,7765781,7766403,622,CDS
26383,7764213,7765718,1505,CDS
26384,7766873,7767074,201,CDS
26385,7766463,7766819,356,CDS
26386,7765781,7766403,622,CDS
26387,7764213,7765718,1505,CDS
26388,7766873,7767074,201,CDS
26389,7766463,7766819,356,CDS
26390,7765781,7766403,622,CDS
26391,7764213,7765718,1505,CDS
26392,7767269,7768352,1083,gene
26393,7767269,7768352,1083,mRNA
26394,7767387,7768271,884,CDS
26395,7777105,7809825,32720,gene
26396,7808997,7809825,828,mRNA
26397,7803269,7804707,1438,mRNA
26398,7780932,7781050,118,mRNA
26399,7780736,7780873,137,mRNA
26400,7779854,7780445,591,mRNA
26401,7778798,7779744,946,mRNA
26402,7777105,7778736,1631,mRNA
26403,7803269,7804675,1406,mRNA
26404,7780932,7781050,118,mRNA
26405,7780736,7780873,137,mRNA
26406,7779854,7780445,591,mRNA
26407,7778798,7779744,946,mRNA
26408,7777852,7778736,884,mRNA
26409,7803269,7804406,1137,CDS
26410,7780932,7781050,118,CDS
26411,7780736,7780873,137,CDS
26412,7779854,7780445,591,CDS
26413,7778798,7779744,946,CDS
26414,7778470,7778736,266,CDS
26415,7803269,7804406,1137,CDS
26416,7780932,7781050,118,CDS
26417,7780736,7780873,137,CDS
26418,7779854,7780445,591,CDS
26419,7778798,7779744,946,CDS
26420,7778470,7778736,266,CDS
26421,7793767,7800761,6994,mobile_element
26422,7811458,7867369,55911,gene
26423,7855279,7855548,269,mRNA
26424,7853183,7854189,1006,mRNA
26425,7818069,7818223,154,mRNA
26426,7817437,7817662,225,mRNA
26427,7816484,7816725,241,mRNA
26428,7811458,7816412,4954,mRNA
26429,7855279,7855548,269,mRNA
26430,7853183,7854189,1006,mRNA
26431,7818069,7818223,154,mRNA
26432,7817437,7817662,225,mRNA
26433,7816484,7816725,241,mRNA
26434,7811915,7816412,4497,mRNA
26435,7867241,7867369,128,mRNA
26436,7818069,7818223,154,mRNA
26437,7817437,7817662,225,mRNA
26438,7816484,7816725,241,mRNA
26439,7814337,7816412,2075,mRNA
26440,7867241,7867369,128,mRNA
26441,7819988,7820029,41,mRNA
26442,7818069,7818223,154,mRNA
26443,7817437,7817662,225,mRNA
26444,7816484,7816725,241,mRNA
26445,7814337,7816412,2075,mRNA
26446,7855279,7855548,269,mRNA
26447,7853183,7854189,1006,mRNA
26448,7818069,7818223,154,mRNA
26449,7817437,7817662,225,mRNA
26450,7816484,7816611,127,mRNA
26451,7814337,7816412,2075,mRNA
26452,7853183,7855548,2365,mRNA
26453,7818069,7818223,154,mRNA
26454,7817437,7817662,225,mRNA
26455,7816484,7816725,241,mRNA
26456,7814337,7816412,2075,mRNA
26457,7853183,7855548,2365,mRNA
26458,7818069,7818223,154,mRNA
26459,7817437,7817662,225,mRNA
26460,7816484,7816740,256,mRNA
26461,7814337,7816412,2075,mRNA
26462,7853183,7855548,2365,mRNA
26463,7819988,7820029,41,mRNA
26464,7818078,7818223,145,mRNA
26465,7817437,7817662,225,mRNA
26466,7816484,7816725,241,mRNA
26467,7814337,7816412,2075,mRNA
26468,7853183,7855548,2365,mRNA
26469,7819988,7820029,41,mRNA
26470,7818069,7818223,154,mRNA
26471,7817437,7817662,225,mRNA
26472,7816484,7816725,241,mRNA
26473,7814337,7816412,2075,mRNA
26474,7832554,7833073,519,mRNA
26475,7830387,7831810,1423,mRNA
26476,7818069,7818223,154,mRNA
26477,7817437,7817662,225,mRNA
26478,7816484,7816725,241,mRNA
26479,7814337,7816412,2075,mRNA
26480,7832554,7833073,519,mRNA
26481,7830387,7831827,1440,mRNA
26482,7819988,7820029,41,mRNA
26483,7818069,7818223,154,mRNA
26484,7817437,7817662,225,mRNA
26485,7816484,7816725,241,mRNA
26486,7814337,7816412,2075,mRNA
26487,7827676,7828018,342,mRNA
26488,7825584,7826705,1121,mRNA
26489,7819988,7820029,41,mRNA
26490,7818078,7818223,145,mRNA
26491,7817437,7817662,225,mRNA
26492,7816484,7816725,241,mRNA
26493,7814337,7816412,2075,mRNA
26494,7827676,7828018,342,mRNA
26495,7825584,7827287,1703,mRNA
26496,7818069,7818223,154,mRNA
26497,7817437,7817662,225,mRNA
26498,7816484,7816725,241,mRNA
26499,7814337,7816412,2075,mRNA
26500,7867241,7867283,42,CDS
26501,7818069,7818223,154,CDS
26502,7817437,7817662,225,CDS
26503,7816484,7816725,241,CDS
26504,7816326,7816412,86,CDS
26505,7867241,7867283,42,CDS
26506,7819988,7820029,41,CDS
26507,7818069,7818223,154,CDS
26508,7817437,7817662,225,CDS
26509,7816484,7816725,241,CDS
26510,7816326,7816412,86,CDS
26511,7853183,7853285,102,CDS
26512,7818069,7818223,154,CDS
26513,7817437,7817662,225,CDS
26514,7816484,7816611,127,CDS
26515,7816326,7816412,86,CDS
26516,7853183,7853285,102,CDS
26517,7818069,7818223,154,CDS
26518,7817437,7817662,225,CDS
26519,7816484,7816725,241,CDS
26520,7816326,7816412,86,CDS
26521,7853183,7853285,102,CDS
26522,7818069,7818223,154,CDS
26523,7817437,7817662,225,CDS
26524,7816484,7816725,241,CDS
26525,7816326,7816412,86,CDS
26526,7853183,7853285,102,CDS
26527,7818069,7818223,154,CDS
26528,7817437,7817662,225,CDS
26529,7816484,7816725,241,CDS
26530,7816326,7816412,86,CDS
26531,7853183,7853285,102,CDS
26532,7818069,7818223,154,CDS
26533,7817437,7817662,225,CDS
26534,7816484,7816740,256,CDS
26535,7816326,7816412,86,CDS
26536,7853183,7853285,102,CDS
26537,7819988,7820029,41,CDS
26538,7818078,7818223,145,CDS
26539,7817437,7817662,225,CDS
26540,7816484,7816725,241,CDS
26541,7816326,7816412,86,CDS
26542,7853183,7853285,102,CDS
26543,7819988,7820029,41,CDS
26544,7818069,7818223,154,CDS
26545,7817437,7817662,225,CDS
26546,7816484,7816725,241,CDS
26547,7816326,7816412,86,CDS
26548,7830387,7831578,1191,CDS
26549,7818069,7818223,154,CDS
26550,7817437,7817662,225,CDS
26551,7816484,7816725,241,CDS
26552,7816326,7816412,86,CDS
26553,7830387,7831578,1191,CDS
26554,7819988,7820029,41,CDS
26555,7818069,7818223,154,CDS
26556,7817437,7817662,225,CDS
26557,7816484,7816725,241,CDS
26558,7816326,7816412,86,CDS
26559,7825584,7826586,1002,CDS
26560,7818069,7818223,154,CDS
26561,7817437,7817662,225,CDS
26562,7816484,7816725,241,CDS
26563,7816326,7816412,86,CDS
26564,7825584,7826586,1002,CDS
26565,7819988,7820029,41,CDS
26566,7818078,7818223,145,CDS
26567,7817437,7817662,225,CDS
26568,7816484,7816725,241,CDS
26569,7816326,7816412,86,CDS
26570,7869042,7894814,25772,gene
26571,7869042,7870053,1011,mRNA
26572,7890039,7890275,236,mRNA
26573,7893235,7893572,337,mRNA
26574,7893645,7894814,1169,mRNA
26575,7869042,7869103,61,mRNA
26576,7869583,7870053,470,mRNA
26577,7890039,7890275,236,mRNA
26578,7893235,7893572,337,mRNA
26579,7893645,7894814,1169,mRNA
26580,7869592,7870053,461,CDS
26581,7890039,7890275,236,CDS
26582,7893235,7893572,337,CDS
26583,7893645,7894494,849,CDS
26584,7869592,7870053,461,CDS
26585,7890039,7890275,236,CDS
26586,7893235,7893572,337,CDS
26587,7893645,7894494,849,CDS
26588,7886569,7889029,2460,mobile_element
26589,7894880,7896009,1129,gene
26590,7894880,7895388,508,mRNA
26591,7895446,7895633,187,mRNA
26592,7895687,7896009,322,mRNA
26593,7895039,7895388,349,CDS
26594,7895446,7895633,187,CDS
26595,7895687,7895847,160,CDS
26596,7896109,7911954,15845,gene
26597,7911422,7911954,532,mRNA
26598,7907122,7907338,216,mRNA
26599,7902140,7902275,135,mRNA
26600,7901959,7902065,106,mRNA
26601,7901615,7901864,249,mRNA
26602,7898723,7898854,131,mRNA
26603,7898303,7898653,350,mRNA
26604,7897298,7898239,941,mRNA
26605,7897122,7897232,110,mRNA
26606,7896912,7897061,149,mRNA
26607,7896109,7896852,743,mRNA
26608,7911422,7911954,532,mRNA
26609,7907122,7907338,216,mRNA
26610,7902140,7902275,135,mRNA
26611,7901959,7902065,106,mRNA
26612,7901615,7901864,249,mRNA
26613,7900080,7901453,1373,mRNA
26614,7898723,7898854,131,mRNA
26615,7898303,7898653,350,mRNA
26616,7897298,7898239,941,mRNA
26617,7897122,7897232,110,mRNA
26618,7896912,7897061,149,mRNA
26619,7896109,7896852,743,mRNA
26620,7909161,7909338,177,mRNA
26621,7907122,7907338,216,mRNA
26622,7902140,7902275,135,mRNA
26623,7901959,7902065,106,mRNA
26624,7901615,7901864,249,mRNA
26625,7898723,7898854,131,mRNA
26626,7898303,7898653,350,mRNA
26627,7897298,7898239,941,mRNA
26628,7897122,7897232,110,mRNA
26629,7896912,7897061,149,mRNA
26630,7896109,7896852,743,mRNA
26631,7903196,7903583,387,mRNA
26632,7902140,7902275,135,mRNA
26633,7901959,7902065,106,mRNA
26634,7901615,7901864,249,mRNA
26635,7898723,7898854,131,mRNA
26636,7898303,7898653,350,mRNA
26637,7897298,7898239,941,mRNA
26638,7897122,7897232,110,mRNA
26639,7896912,7897061,149,mRNA
26640,7896109,7896852,743,mRNA
26641,7903196,7903583,387,mRNA
26642,7902140,7902275,135,mRNA
26643,7901959,7902065,106,mRNA
26644,7901615,7901864,249,mRNA
26645,7900080,7901453,1373,mRNA
26646,7898723,7898854,131,mRNA
26647,7898303,7898653,350,mRNA
26648,7897298,7898239,941,mRNA
26649,7897122,7897232,110,mRNA
26650,7896912,7897061,149,mRNA
26651,7896109,7896852,743,mRNA
26652,7899269,7899436,167,mRNA
26653,7898723,7898854,131,mRNA
26654,7898303,7898653,350,mRNA
26655,7897298,7898239,941,mRNA
26656,7897122,7897232,110,mRNA
26657,7896912,7897061,149,mRNA
26658,7896109,7896852,743,mRNA
26659,7911422,7911458,36,CDS
26660,7907122,7907338,216,CDS
26661,7902140,7902275,135,CDS
26662,7901959,7902065,106,CDS
26663,7901615,7901864,249,CDS
26664,7898723,7898854,131,CDS
26665,7898303,7898653,350,CDS
26666,7897298,7898239,941,CDS
26667,7897122,7897232,110,CDS
26668,7896912,7897061,149,CDS
26669,7896724,7896852,128,CDS
26670,7911422,7911458,36,CDS
26671,7907122,7907338,216,CDS
26672,7902140,7902275,135,CDS
26673,7901959,7902065,106,CDS
26674,7901615,7901864,249,CDS
26675,7900080,7901453,1373,CDS
26676,7898723,7898854,131,CDS
26677,7898303,7898653,350,CDS
26678,7897298,7898239,941,CDS
26679,7897122,7897232,110,CDS
26680,7896912,7897061,149,CDS
26681,7896724,7896852,128,CDS
26682,7909161,7909338,177,CDS
26683,7907122,7907338,216,CDS
26684,7902140,7902275,135,CDS
26685,7901959,7902065,106,CDS
26686,7901615,7901864,249,CDS
26687,7898723,7898854,131,CDS
26688,7898303,7898653,350,CDS
26689,7897298,7898239,941,CDS
26690,7897122,7897232,110,CDS
26691,7896912,7897061,149,CDS
26692,7896724,7896852,128,CDS
26693,7903196,7903236,40,CDS
26694,7902140,7902275,135,CDS
26695,7901959,7902065,106,CDS
26696,7901615,7901864,249,CDS
26697,7898723,7898854,131,CDS
26698,7898303,7898653,350,CDS
26699,7897298,7898239,941,CDS
26700,7897122,7897232,110,CDS
26701,7896912,7897061,149,CDS
26702,7896724,7896852,128,CDS
26703,7903196,7903236,40,CDS
26704,7902140,7902275,135,CDS
26705,7901959,7902065,106,CDS
26706,7901615,7901864,249,CDS
26707,7900080,7901453,1373,CDS
26708,7898723,7898854,131,CDS
26709,7898303,7898653,350,CDS
26710,7897298,7898239,941,CDS
26711,7897122,7897232,110,CDS
26712,7896912,7897061,149,CDS
26713,7896724,7896852,128,CDS
26714,7898723,7898743,20,CDS
26715,7898303,7898653,350,CDS
26716,7897298,7898239,941,CDS
26717,7897122,7897232,110,CDS
26718,7896912,7897061,149,CDS
26719,7896724,7896852,128,CDS
26720,7912463,7913763,1300,gene
26721,7912463,7913763,1300,mRNA
26722,7912607,7913653,1046,CDS
26723,7913664,7915120,1456,gene
26724,7914708,7915120,412,mRNA
26725,7914059,7914651,592,mRNA
26726,7913664,7913997,333,mRNA
26727,7914708,7915033,325,CDS
26728,7914059,7914651,592,CDS
26729,7913786,7913997,211,CDS
26730,7915437,7915846,409,gene
26731,7915437,7915846,409,mRNA
26732,7915493,7915759,266,CDS
26733,7915900,7915933,33,mobile_element
26734,7916650,7936120,19470,gene
26735,7935378,7936120,742,mRNA
26736,7932998,7933234,236,mRNA
26737,7932777,7932932,155,mRNA
26738,7932301,7932706,405,mRNA
26739,7932038,7932142,104,mRNA
26740,7931755,7931790,35,mRNA
26741,7930688,7930745,57,mRNA
26742,7930431,7930609,178,mRNA
26743,7930151,7930373,222,mRNA
26744,7928469,7930085,1616,mRNA
26745,7928184,7928404,220,mRNA
26746,7927917,7928117,200,mRNA
26747,7926003,7926837,834,mRNA
26748,7916650,7916884,234,mRNA
26749,7916883,7925996,9113,mobile_element
26750,7935378,7936120,742,mRNA
26751,7932998,7933234,236,mRNA
26752,7932777,7932932,155,mRNA
26753,7932301,7932706,405,mRNA
26754,7932038,7932142,104,mRNA
26755,7931755,7931790,35,mRNA
26756,7930688,7930745,57,mRNA
26757,7930431,7930609,178,mRNA
26758,7930151,7930373,222,mRNA
26759,7928469,7930085,1616,mRNA
26760,7928184,7928404,220,mRNA
26761,7927917,7928117,200,mRNA
26762,7926025,7926837,812,mRNA
26763,7935378,7936120,742,mRNA
26764,7932998,7933234,236,mRNA
26765,7932777,7932932,155,mRNA
26766,7932301,7932706,405,mRNA
26767,7932038,7932142,104,mRNA
26768,7931755,7931790,35,mRNA
26769,7930688,7930745,57,mRNA
26770,7930431,7930609,178,mRNA
26771,7930151,7930373,222,mRNA
26772,7928469,7930085,1616,mRNA
26773,7928184,7928404,220,mRNA
26774,7927917,7928117,200,mRNA
26775,7927760,7927820,60,mRNA
26776,7926025,7926837,812,mRNA
26777,7935378,7936120,742,mRNA
26778,7932998,7933234,236,mRNA
26779,7932777,7932932,155,mRNA
26780,7932301,7932706,405,mRNA
26781,7932038,7932142,104,mRNA
26782,7931755,7931790,35,mRNA
26783,7930688,7930745,57,mRNA
26784,7930431,7930609,178,mRNA
26785,7930151,7930373,222,mRNA
26786,7928469,7930085,1616,mRNA
26787,7928184,7928404,220,mRNA
26788,7927917,7928117,200,mRNA
26789,7927760,7927820,60,mRNA
26790,7927488,7927579,91,mRNA
26791,7926025,7926837,812,mRNA
26792,7935378,7936120,742,mRNA
26793,7932998,7933234,236,mRNA
26794,7932777,7932932,155,mRNA
26795,7932301,7932706,405,mRNA
26796,7932038,7932142,104,mRNA
26797,7931755,7931790,35,mRNA
26798,7931232,7931249,17,mRNA
26799,7930688,7930745,57,mRNA
26800,7930431,7930609,178,mRNA
26801,7930151,7930373,222,mRNA
26802,7928469,7930085,1616,mRNA
26803,7928184,7928404,220,mRNA
26804,7927917,7928117,200,mRNA
26805,7926025,7926837,812,mRNA
26806,7935378,7936120,742,mRNA
26807,7932998,7933234,236,mRNA
26808,7932777,7932932,155,mRNA
26809,7932301,7932706,405,mRNA
26810,7932038,7932142,104,mRNA
26811,7931755,7931790,35,mRNA
26812,7931232,7931249,17,mRNA
26813,7930688,7930745,57,mRNA
26814,7930431,7930609,178,mRNA
26815,7930151,7930373,222,mRNA
26816,7928469,7930085,1616,mRNA
26817,7928184,7928404,220,mRNA
26818,7927917,7928117,200,mRNA
26819,7927760,7927820,60,mRNA
26820,7926025,7926837,812,mRNA
26821,7935378,7936120,742,mRNA
26822,7932998,7933234,236,mRNA
26823,7932777,7932932,155,mRNA
26824,7932301,7932706,405,mRNA
26825,7932038,7932142,104,mRNA
26826,7931755,7931790,35,mRNA
26827,7931232,7931249,17,mRNA
26828,7930688,7930745,57,mRNA
26829,7930431,7930609,178,mRNA
26830,7930151,7930373,222,mRNA
26831,7928469,7930085,1616,mRNA
26832,7928184,7928404,220,mRNA
26833,7927917,7928117,200,mRNA
26834,7927760,7927820,60,mRNA
26835,7927488,7927579,91,mRNA
26836,7926025,7926837,812,mRNA
26837,7935378,7936120,742,mRNA
26838,7933771,7933791,20,mRNA
26839,7932998,7933234,236,mRNA
26840,7932777,7932932,155,mRNA
26841,7932301,7932706,405,mRNA
26842,7932038,7932142,104,mRNA
26843,7931755,7931790,35,mRNA
26844,7931232,7931249,17,mRNA
26845,7930688,7930745,57,mRNA
26846,7930431,7930609,178,mRNA
26847,7930151,7930373,222,mRNA
26848,7928469,7930085,1616,mRNA
26849,7928184,7928404,220,mRNA
26850,7927917,7928117,200,mRNA
26851,7927760,7927820,60,mRNA
26852,7926025,7926837,812,mRNA
26853,7933985,7934152,167,mRNA
26854,7933771,7933791,20,mRNA
26855,7932998,7933234,236,mRNA
26856,7932777,7932932,155,mRNA
26857,7932301,7932706,405,mRNA
26858,7932038,7932142,104,mRNA
26859,7931755,7931790,35,mRNA
26860,7930688,7930745,57,mRNA
26861,7930431,7930609,178,mRNA
26862,7930151,7930373,222,mRNA
26863,7928469,7930085,1616,mRNA
26864,7928184,7928404,220,mRNA
26865,7927917,7928117,200,mRNA
26866,7926025,7926837,812,mRNA
26867,7933985,7934152,167,mRNA
26868,7933771,7933791,20,mRNA
26869,7932998,7933234,236,mRNA
26870,7932777,7932932,155,mRNA
26871,7932301,7932706,405,mRNA
26872,7932038,7932142,104,mRNA
26873,7931755,7931790,35,mRNA
26874,7931232,7931249,17,mRNA
26875,7930688,7930745,57,mRNA
26876,7930431,7930609,178,mRNA
26877,7930151,7930373,222,mRNA
26878,7928469,7930085,1616,mRNA
26879,7928184,7928404,220,mRNA
26880,7927917,7928117,200,mRNA
26881,7926025,7926837,812,mRNA
26882,7935378,7936120,742,mRNA
26883,7933771,7933791,20,mRNA
26884,7932998,7933234,236,mRNA
26885,7932777,7932932,155,mRNA
26886,7932301,7932706,405,mRNA
26887,7932038,7932142,104,mRNA
26888,7931755,7931790,35,mRNA
26889,7931232,7931249,17,mRNA
26890,7930688,7930745,57,mRNA
26891,7930431,7930609,178,mRNA
26892,7930151,7930373,222,mRNA
26893,7928469,7930085,1616,mRNA
26894,7928184,7928404,220,mRNA
26895,7927917,7928117,200,mRNA
26896,7926592,7926837,245,mRNA
26897,7935378,7935479,101,CDS
26898,7932998,7933234,236,CDS
26899,7932777,7932932,155,CDS
26900,7932301,7932706,405,CDS
26901,7932038,7932142,104,CDS
26902,7931755,7931790,35,CDS
26903,7930688,7930745,57,CDS
26904,7930431,7930609,178,CDS
26905,7930151,7930373,222,CDS
26906,7928469,7930085,1616,CDS
26907,7928184,7928404,220,CDS
26908,7927917,7928117,200,CDS
26909,7926734,7926837,103,CDS
26910,7935378,7935479,101,CDS
26911,7932998,7933234,236,CDS
26912,7932777,7932932,155,CDS
26913,7932301,7932706,405,CDS
26914,7932038,7932142,104,CDS
26915,7931755,7931790,35,CDS
26916,7930688,7930745,57,CDS
26917,7930431,7930609,178,CDS
26918,7930151,7930373,222,CDS
26919,7928469,7930085,1616,CDS
26920,7928184,7928404,220,CDS
26921,7927917,7928117,200,CDS
26922,7926734,7926837,103,CDS
26923,7935378,7935479,101,CDS
26924,7932998,7933234,236,CDS
26925,7932777,7932932,155,CDS
26926,7932301,7932706,405,CDS
26927,7932038,7932142,104,CDS
26928,7931755,7931790,35,CDS
26929,7931232,7931249,17,CDS
26930,7930688,7930745,57,CDS
26931,7930431,7930609,178,CDS
26932,7930151,7930373,222,CDS
26933,7928469,7930085,1616,CDS
26934,7928184,7928404,220,CDS
26935,7927917,7928117,200,CDS
26936,7926734,7926837,103,CDS
26937,7935378,7935479,101,CDS
26938,7933771,7933791,20,CDS
26939,7932998,7933234,236,CDS
26940,7932777,7932932,155,CDS
26941,7932301,7932706,405,CDS
26942,7932038,7932142,104,CDS
26943,7931755,7931790,35,CDS
26944,7931232,7931249,17,CDS
26945,7930688,7930745,57,CDS
26946,7930431,7930609,178,CDS
26947,7930151,7930373,222,CDS
26948,7928469,7930085,1616,CDS
26949,7928184,7928404,220,CDS
26950,7927917,7928117,200,CDS
26951,7926734,7926837,103,CDS
26952,7933985,7933987,2,CDS
26953,7933771,7933791,20,CDS
26954,7932998,7933234,236,CDS
26955,7932777,7932932,155,CDS
26956,7932301,7932706,405,CDS
26957,7932038,7932142,104,CDS
26958,7931755,7931790,35,CDS
26959,7930688,7930745,57,CDS
26960,7930431,7930609,178,CDS
26961,7930151,7930373,222,CDS
26962,7928469,7930085,1616,CDS
26963,7928184,7928404,220,CDS
26964,7927917,7928117,200,CDS
26965,7926734,7926837,103,CDS
26966,7933985,7933987,2,CDS
26967,7933771,7933791,20,CDS
26968,7932998,7933234,236,CDS
26969,7932777,7932932,155,CDS
26970,7932301,7932706,405,CDS
26971,7932038,7932142,104,CDS
26972,7931755,7931790,35,CDS
26973,7931232,7931249,17,CDS
26974,7930688,7930745,57,CDS
26975,7930431,7930609,178,CDS
26976,7930151,7930373,222,CDS
26977,7928469,7930085,1616,CDS
26978,7928184,7928404,220,CDS
26979,7927917,7928117,200,CDS
26980,7926734,7926837,103,CDS
26981,7935378,7935479,101,CDS
26982,7932998,7933234,236,CDS
26983,7932777,7932932,155,CDS
26984,7932301,7932706,405,CDS
26985,7932038,7932142,104,CDS
26986,7931755,7931790,35,CDS
26987,7930688,7930745,57,CDS
26988,7930431,7930609,178,CDS
26989,7930151,7930373,222,CDS
26990,7928469,7930085,1616,CDS
26991,7928184,7928404,220,CDS
26992,7927917,7928117,200,CDS
26993,7927760,7927820,60,CDS
26994,7926831,7926837,6,CDS
26995,7935378,7935479,101,CDS
26996,7932998,7933234,236,CDS
26997,7932777,7932932,155,CDS
26998,7932301,7932706,405,CDS
26999,7932038,7932142,104,CDS
27000,7931755,7931790,35,CDS
27001,7931232,7931249,17,CDS
27002,7930688,7930745,57,CDS
27003,7930431,7930609,178,CDS
27004,7930151,7930373,222,CDS
27005,7928469,7930085,1616,CDS
27006,7928184,7928404,220,CDS
27007,7927917,7928117,200,CDS
27008,7927760,7927820,60,CDS
27009,7926831,7926837,6,CDS
27010,7935378,7935479,101,CDS
27011,7933771,7933791,20,CDS
27012,7932998,7933234,236,CDS
27013,7932777,7932932,155,CDS
27014,7932301,7932706,405,CDS
27015,7932038,7932142,104,CDS
27016,7931755,7931790,35,CDS
27017,7931232,7931249,17,CDS
27018,7930688,7930745,57,CDS
27019,7930431,7930609,178,CDS
27020,7930151,7930373,222,CDS
27021,7928469,7930085,1616,CDS
27022,7928184,7928404,220,CDS
27023,7927917,7928117,200,CDS
27024,7927760,7927820,60,CDS
27025,7926831,7926837,6,CDS
27026,7935378,7935479,101,CDS
27027,7932998,7933234,236,CDS
27028,7932777,7932932,155,CDS
27029,7932301,7932706,405,CDS
27030,7932038,7932142,104,CDS
27031,7931755,7931790,35,CDS
27032,7930688,7930745,57,CDS
27033,7930431,7930609,178,CDS
27034,7930151,7930373,222,CDS
27035,7928469,7930085,1616,CDS
27036,7928184,7928404,220,CDS
27037,7927917,7928117,200,CDS
27038,7927760,7927820,60,CDS
27039,7927564,7927579,15,CDS
27040,7935378,7935479,101,CDS
27041,7932998,7933234,236,CDS
27042,7932777,7932932,155,CDS
27043,7932301,7932706,405,CDS
27044,7932038,7932142,104,CDS
27045,7931755,7931790,35,CDS
27046,7931232,7931249,17,CDS
27047,7930688,7930745,57,CDS
27048,7930431,7930609,178,CDS
27049,7930151,7930373,222,CDS
27050,7928469,7930085,1616,CDS
27051,7928184,7928404,220,CDS
27052,7927917,7928117,200,CDS
27053,7927760,7927820,60,CDS
27054,7927564,7927579,15,CDS
27055,7936373,7937258,885,gene
27056,7936373,7936615,242,mRNA
27057,7936681,7937258,577,mRNA
27058,7936475,7936615,140,CDS
27059,7936681,7936773,92,CDS
27060,7945713,7946322,609,gene
27061,7946047,7946322,275,mRNA
27062,7945713,7945992,279,mRNA
27063,7946047,7946284,237,CDS
27064,7945742,7945992,250,CDS
27065,7948186,7951563,3377,gene
27066,7948186,7949285,1099,mRNA
27067,7950151,7950421,270,mRNA
27068,7950557,7951563,1006,mRNA
27069,7948366,7949285,919,CDS
27070,7950151,7950421,270,CDS
27071,7950557,7950943,386,CDS
27072,7970588,7972449,1861,gene
27073,7970588,7970742,154,mRNA
27074,7970942,7972449,1507,mRNA
27075,7970669,7970742,73,CDS
27076,7970942,7971845,903,CDS
27077,7972449,7974991,2542,gene
27078,7974820,7974991,171,mRNA
27079,7974628,7974762,134,mRNA
27080,7974301,7974558,257,mRNA
27081,7973650,7974182,532,mRNA
27082,7972946,7973583,637,mRNA
27083,7972449,7972885,436,mRNA
27084,7974820,7974901,81,CDS
27085,7974628,7974762,134,CDS
27086,7974301,7974558,257,CDS
27087,7973650,7974182,532,CDS
27088,7972946,7973583,637,CDS
27089,7972561,7972885,324,CDS
27090,7975438,7976154,716,gene
27091,7975762,7976154,392,mRNA
27092,7975438,7975687,249,mRNA
27093,7975438,7976154,716,mRNA
27094,7975762,7976044,282,CDS
27095,7975650,7975687,37,CDS
27096,7975742,7976044,302,CDS
27097,7976406,7977849,1443,gene
27098,7976406,7976574,168,mRNA
27099,7976668,7977270,602,mRNA
27100,7977327,7977849,522,mRNA
27101,7976525,7976574,49,CDS
27102,7976668,7977270,602,CDS
27103,7977327,7977669,342,CDS
27104,7977805,7978650,845,gene
27105,7977805,7978650,845,mRNA
27106,7977985,7978605,620,CDS
27107,7979046,8054147,75101,gene
27108,7979046,7979173,127,mRNA
27109,7979510,7979680,170,mRNA
27110,7980400,7980982,582,mRNA
27111,8039875,8040004,129,mRNA
27112,8045891,8045946,55,mRNA
27113,8046570,8047161,591,mRNA
27114,8047246,8047447,201,mRNA
27115,8047507,8047600,93,mRNA
27116,8049869,8054147,4278,mRNA
27117,7979046,7979173,127,mRNA
27118,7979510,7979680,170,mRNA
27119,7980400,7980982,582,mRNA
27120,8039875,8040004,129,mRNA
27121,8045891,8045946,55,mRNA
27122,8046570,8047161,591,mRNA
27123,8047246,8047447,201,mRNA
27124,8047507,8047600,93,mRNA
27125,8048070,8048443,373,mRNA
27126,8049869,8052669,2800,mRNA
27127,7979046,7979680,634,mRNA
27128,7980400,7980982,582,mRNA
27129,8039875,8040004,129,mRNA
27130,8045891,8045946,55,mRNA
27131,8046570,8047161,591,mRNA
27132,8047246,8047447,201,mRNA
27133,8047507,8047600,93,mRNA
27134,8048070,8048443,373,mRNA
27135,8049869,8050333,464,mRNA
27136,7979046,7979680,634,mRNA
27137,7980400,7980982,582,mRNA
27138,8039875,8040004,129,mRNA
27139,8045891,8045946,55,mRNA
27140,8046570,8047161,591,mRNA
27141,8047246,8047447,201,mRNA
27142,8047507,8047600,93,mRNA
27143,8049869,8050333,464,mRNA
27144,7979046,7979173,127,mRNA
27145,7979510,7979680,170,mRNA
27146,7980400,7980982,582,mRNA
27147,8039875,8040004,129,mRNA
27148,8045891,8045946,55,mRNA
27149,8046570,8047161,591,mRNA
27150,8047246,8047447,201,mRNA
27151,8047507,8047600,93,mRNA
27152,8049869,8050333,464,mRNA
27153,7979046,7979173,127,mRNA
27154,7980400,7980982,582,mRNA
27155,8039875,8040004,129,mRNA
27156,8045891,8045946,55,mRNA
27157,8046570,8047161,591,mRNA
27158,8047246,8047447,201,mRNA
27159,8047507,8047600,93,mRNA
27160,8048070,8048443,373,mRNA
27161,8049869,8050333,464,mRNA
27162,7979046,7979173,127,mRNA
27163,7980400,7980982,582,mRNA
27164,8039875,8040004,129,mRNA
27165,8045891,8045946,55,mRNA
27166,8046570,8047161,591,mRNA
27167,8047246,8047447,201,mRNA
27168,8047507,8047600,93,mRNA
27169,8049869,8050333,464,mRNA
27170,7979046,7979173,127,mRNA
27171,7980400,7980982,582,mRNA
27172,8039875,8040004,129,mRNA
27173,8045891,8045946,55,mRNA
27174,8046570,8047161,591,mRNA
27175,8047246,8047447,201,mRNA
27176,8047507,8047600,93,mRNA
27177,8049869,8050333,464,mRNA
27178,7980819,7980982,163,CDS
27179,8039875,8040004,129,CDS
27180,8045891,8045946,55,CDS
27181,8046570,8047161,591,CDS
27182,8047246,8047447,201,CDS
27183,8047507,8047600,93,CDS
27184,8049869,8049950,81,CDS
27185,7980819,7980982,163,CDS
27186,8039875,8040004,129,CDS
27187,8045891,8045946,55,CDS
27188,8046570,8047161,591,CDS
27189,8047246,8047447,201,CDS
27190,8047507,8047600,93,CDS
27191,8049869,8049923,54,CDS
27192,7980819,7980982,163,CDS
27193,8039875,8040004,129,CDS
27194,8045891,8045946,55,CDS
27195,8046570,8047161,591,CDS
27196,8047246,8047447,201,CDS
27197,8047507,8047600,93,CDS
27198,8049869,8049923,54,CDS
27199,7980819,7980982,163,CDS
27200,8039875,8040004,129,CDS
27201,8045891,8045946,55,CDS
27202,8046570,8047161,591,CDS
27203,8047246,8047447,201,CDS
27204,8047507,8047600,93,CDS
27205,8049869,8049923,54,CDS
27206,7980819,7980982,163,CDS
27207,8039875,8040004,129,CDS
27208,8045891,8045946,55,CDS
27209,8046570,8047161,591,CDS
27210,8047246,8047447,201,CDS
27211,8047507,8047600,93,CDS
27212,8049869,8049923,54,CDS
27213,7980819,7980982,163,CDS
27214,8039875,8040004,129,CDS
27215,8045891,8045946,55,CDS
27216,8046570,8047161,591,CDS
27217,8047246,8047447,201,CDS
27218,8047507,8047600,93,CDS
27219,8048070,8048076,6,CDS
27220,7980819,7980982,163,CDS
27221,8039875,8040004,129,CDS
27222,8045891,8045946,55,CDS
27223,8046570,8047161,591,CDS
27224,8047246,8047447,201,CDS
27225,8047507,8047600,93,CDS
27226,8048070,8048076,6,CDS
27227,7980819,7980982,163,CDS
27228,8039875,8040004,129,CDS
27229,8045891,8045946,55,CDS
27230,8046570,8047161,591,CDS
27231,8047246,8047447,201,CDS
27232,8047507,8047600,93,CDS
27233,8048070,8048076,6,CDS
27234,7985423,7987688,2265,mobile_element
27235,8019755,8024109,4354,mobile_element
27236,8022597,8023088,491,mobile_element
27237,8028546,8028618,72,gene
27238,8028546,8028618,72,tRNA
27239,8054333,8058713,4380,gene
27240,8058461,8058713,252,mRNA
27241,8057880,8058046,166,mRNA
27242,8055876,8056173,297,mRNA
27243,8054333,8055439,1106,mRNA
27244,8056309,8056375,66,mRNA
27245,8055876,8056173,297,mRNA
27246,8054333,8055439,1106,mRNA
27247,8057880,8058046,166,CDS
27248,8055876,8056173,297,CDS
27249,8054645,8055439,794,CDS
27250,8055876,8056064,188,CDS
27251,8054645,8055439,794,CDS
27252,8055801,8056208,407,gene
27253,8055801,8056208,407,ncRNA
27254,8057501,8058093,592,gene
27255,8057501,8058093,592,ncRNA
27256,8060214,8060296,82,gene
27257,8060214,8060296,82,tRNA
27258,8060451,8060533,82,gene
27259,8060451,8060533,82,tRNA
27260,8060674,8060756,82,gene
27261,8060674,8060756,82,tRNA
27262,8063874,8108897,45023,gene
27263,8063874,8064460,586,mRNA
27264,8070952,8072304,1352,mRNA
27265,8072369,8072493,124,mRNA
27266,8093059,8093337,278,mRNA
27267,8098346,8098725,379,mRNA
27268,8099146,8099536,390,mRNA
27269,8102893,8104818,1925,mRNA
27270,8104880,8105059,179,mRNA
27271,8105127,8105296,169,mRNA
27272,8105440,8105657,217,mRNA
27273,8106016,8106949,933,mRNA
27274,8108639,8108836,197,mRNA
27275,8065643,8065725,82,gene
27276,8065643,8065725,82,tRNA
27277,8065994,8066076,82,gene
27278,8065994,8066076,82,tRNA
27279,8068208,8068290,82,gene
27280,8068208,8068290,82,tRNA
27281,8068413,8069267,854,gene
27282,8068413,8069267,854,mRNA
27283,8068425,8069267,842,CDS
27284,8069453,8069960,507,gene
27285,8069453,8069960,507,mRNA
27286,8069459,8069938,479,CDS
27287,8070952,8072304,1352,mRNA
27288,8072369,8072493,124,mRNA
27289,8093059,8093337,278,mRNA
27290,8098346,8098725,379,mRNA
27291,8099146,8099536,390,mRNA
27292,8102893,8104818,1925,mRNA
27293,8104880,8105059,179,mRNA
27294,8105127,8105296,169,mRNA
27295,8105440,8105657,217,mRNA
27296,8106016,8106949,933,mRNA
27297,8108286,8108506,220,mRNA
27298,8071800,8072304,504,CDS
27299,8072369,8072493,124,CDS
27300,8093059,8093337,278,CDS
27301,8098346,8098725,379,CDS
27302,8099146,8099536,390,CDS
27303,8102893,8104818,1925,CDS
27304,8104880,8105059,179,CDS
27305,8105127,8105296,169,CDS
27306,8105440,8105657,217,CDS
27307,8106016,8106949,933,CDS
27308,8108639,8108723,84,CDS
27309,8071800,8072304,504,CDS
27310,8072369,8072493,124,CDS
27311,8093059,8093337,278,CDS
27312,8098346,8098725,379,CDS
27313,8099146,8099536,390,CDS
27314,8102893,8104818,1925,CDS
27315,8104880,8105059,179,CDS
27316,8105127,8105296,169,CDS
27317,8105440,8105657,217,CDS
27318,8106016,8106949,933,CDS
27319,8108286,8108292,6,CDS
27320,8074306,8074825,519,mRNA
27321,8093059,8093337,278,mRNA
27322,8098346,8098725,379,mRNA
27323,8099146,8099536,390,mRNA
27324,8102893,8104818,1925,mRNA
27325,8104880,8105059,179,mRNA
27326,8105127,8105296,169,mRNA
27327,8105440,8105657,217,mRNA
27328,8106016,8106949,933,mRNA
27329,8108639,8108836,197,mRNA
27330,8074475,8074825,350,CDS
27331,8093059,8093337,278,CDS
27332,8098346,8098725,379,CDS
27333,8099146,8099536,390,CDS
27334,8102893,8104818,1925,CDS
27335,8104880,8105059,179,CDS
27336,8105127,8105296,169,CDS
27337,8105440,8105657,217,CDS
27338,8106016,8106949,933,CDS
27339,8108639,8108723,84,CDS
27340,8077392,8077573,181,mRNA
27341,8079370,8079641,271,mRNA
27342,8093059,8093337,278,mRNA
27343,8098346,8098725,379,mRNA
27344,8099146,8099536,390,mRNA
27345,8102893,8104818,1925,mRNA
27346,8104880,8105059,179,mRNA
27347,8105127,8105296,169,mRNA
27348,8105440,8105657,217,mRNA
27349,8106016,8106949,933,mRNA
27350,8108639,8108897,258,mRNA
27351,8079516,8079641,125,CDS
27352,8093059,8093337,278,CDS
27353,8098346,8098725,379,CDS
27354,8099146,8099536,390,CDS
27355,8102893,8104818,1925,CDS
27356,8104880,8105059,179,CDS
27357,8105127,8105296,169,CDS
27358,8105440,8105657,217,CDS
27359,8106016,8106949,933,CDS
27360,8108639,8108723,84,CDS
27361,8081924,8083200,1276,gene
27362,8082673,8083200,527,ncRNA
27363,8082515,8082613,98,ncRNA
27364,8081924,8082149,225,ncRNA
27365,8087635,8091786,4151,gene
27366,8091032,8091786,754,mRNA
27367,8089682,8090965,1283,mRNA
27368,8089494,8089625,131,mRNA
27369,8089325,8089433,108,mRNA
27370,8089072,8089262,190,mRNA
27371,8088496,8089012,516,mRNA
27372,8088269,8088436,167,mRNA
27373,8087635,8088200,565,mRNA
27374,8091032,8091637,605,CDS
27375,8089682,8090965,1283,CDS
27376,8089494,8089625,131,CDS
27377,8089325,8089433,108,CDS
27378,8089072,8089262,190,CDS
27379,8088496,8089012,516,CDS
27380,8088269,8088436,167,CDS
27381,8087998,8088200,202,CDS
27382,8096522,8096876,354,mRNA
27383,8096971,8097172,201,mRNA
27384,8098346,8098725,379,mRNA
27385,8099146,8099536,390,mRNA
27386,8102893,8104818,1925,mRNA
27387,8104880,8105059,179,mRNA
27388,8105127,8105296,169,mRNA
27389,8105440,8105657,217,mRNA
27390,8106016,8106949,933,mRNA
27391,8108639,8108836,197,mRNA
27392,8096522,8097172,650,mRNA
27393,8098346,8098725,379,mRNA
27394,8099146,8099536,390,mRNA
27395,8102893,8104818,1925,mRNA
27396,8104880,8105059,179,mRNA
27397,8105127,8105296,169,mRNA
27398,8105440,8105657,217,mRNA
27399,8106016,8106949,933,mRNA
27400,8108286,8108506,220,mRNA
27401,8096522,8096872,350,mRNA
27402,8098346,8098725,379,mRNA
27403,8099146,8099536,390,mRNA
27404,8102893,8104818,1925,mRNA
27405,8104880,8105059,179,mRNA
27406,8105127,8105296,169,mRNA
27407,8105440,8105657,217,mRNA
27408,8108286,8108506,220,mRNA
27409,8098469,8098725,256,CDS
27410,8099146,8099536,390,CDS
27411,8102893,8104818,1925,CDS
27412,8104880,8105059,179,CDS
27413,8105127,8105296,169,CDS
27414,8105440,8105657,217,CDS
27415,8106016,8106949,933,CDS
27416,8108639,8108723,84,CDS
27417,8098469,8098725,256,CDS
27418,8099146,8099536,390,CDS
27419,8102893,8104818,1925,CDS
27420,8104880,8105059,179,CDS
27421,8105127,8105296,169,CDS
27422,8105440,8105657,217,CDS
27423,8108286,8108323,37,CDS
27424,8098469,8098725,256,CDS
27425,8099146,8099536,390,CDS
27426,8102893,8104818,1925,CDS
27427,8104880,8105059,179,CDS
27428,8105127,8105296,169,CDS
27429,8105440,8105657,217,CDS
27430,8106016,8106949,933,CDS
27431,8108286,8108292,6,CDS
27432,8101019,8101067,48,mRNA
27433,8101688,8102561,873,mRNA
27434,8102893,8104818,1925,mRNA
27435,8104880,8105059,179,mRNA
27436,8105127,8105296,169,mRNA
27437,8105440,8106949,1509,mRNA
27438,8108639,8108836,197,mRNA
27439,8101992,8102561,569,CDS
27440,8102893,8104818,1925,CDS
27441,8104880,8105059,179,CDS
27442,8105127,8105296,169,CDS
27443,8105440,8105752,312,CDS
27444,8109132,8110043,911,gene
27445,8109132,8110043,911,mRNA
27446,8109278,8109934,656,CDS
27447,8110368,8113406,3038,gene
27448,8110368,8110654,286,mRNA
27449,8110730,8111106,376,mRNA
27450,8111178,8112044,866,mRNA
27451,8112112,8112438,326,mRNA
27452,8112494,8112714,220,mRNA
27453,8113012,8113406,394,mRNA
27454,8110368,8110654,286,mRNA
27455,8110730,8111106,376,mRNA
27456,8111178,8112044,866,mRNA
27457,8112112,8112438,326,mRNA
27458,8112494,8112714,220,mRNA
27459,8112782,8113320,538,mRNA
27460,8110368,8110654,286,mRNA
27461,8110730,8111106,376,mRNA
27462,8111178,8112044,866,mRNA
27463,8112112,8112438,326,mRNA
27464,8112494,8112714,220,mRNA
27465,8113012,8113320,308,mRNA
27466,8110499,8110654,155,CDS
27467,8110730,8111106,376,CDS
27468,8111178,8112044,866,CDS
27469,8112112,8112438,326,CDS
27470,8112494,8112714,220,CDS
27471,8113012,8113172,160,CDS
27472,8110499,8110654,155,CDS
27473,8110730,8111106,376,CDS
27474,8111178,8112044,866,CDS
27475,8112112,8112438,326,CDS
27476,8112494,8112714,220,CDS
27477,8113012,8113172,160,CDS
27478,8110499,8110654,155,CDS
27479,8110730,8111106,376,CDS
27480,8111178,8112044,866,CDS
27481,8112112,8112438,326,CDS
27482,8112494,8112714,220,CDS
27483,8112782,8112795,13,CDS
27484,8111107,8111177,70,gene
27485,8111107,8111177,70,precursor_RNA
27486,8111107,8111129,22,ncRNA
27487,8111152,8111173,21,ncRNA
27488,8113407,8115902,2495,gene
27489,8115682,8115902,220,mRNA
27490,8115408,8115588,180,mRNA
27491,8115030,8115344,314,mRNA
27492,8114257,8114793,536,mRNA
27493,8114113,8114196,83,mRNA
27494,8113407,8114051,644,mRNA
27495,8115682,8115902,220,mRNA
27496,8115408,8115588,180,mRNA
27497,8115030,8115344,314,mRNA
27498,8114257,8114793,536,mRNA
27499,8114113,8114196,83,mRNA
27500,8113805,8114051,246,mRNA
27501,8115682,8115725,43,CDS
27502,8115408,8115588,180,CDS
27503,8115030,8115344,314,CDS
27504,8114257,8114793,536,CDS
27505,8114113,8114196,83,CDS
27506,8113956,8114051,95,CDS
27507,8115682,8115725,43,CDS
27508,8115408,8115588,180,CDS
27509,8115030,8115344,314,CDS
27510,8114257,8114793,536,CDS
27511,8114113,8114196,83,CDS
27512,8113956,8114051,95,CDS
27513,8116179,8121579,5400,gene
27514,8116179,8116529,350,mRNA
27515,8117305,8117540,235,mRNA
27516,8117596,8118093,497,mRNA
27517,8118157,8118333,176,mRNA
27518,8118547,8118692,145,mRNA
27519,8118745,8119542,797,mRNA
27520,8119605,8119828,223,mRNA
27521,8119912,8120222,310,mRNA
27522,8120278,8120750,472,mRNA
27523,8120815,8121579,764,mRNA
27524,8116440,8116529,89,CDS
27525,8117305,8117540,235,CDS
27526,8117596,8118093,497,CDS
27527,8118157,8118333,176,CDS
27528,8118547,8118692,145,CDS
27529,8118745,8119542,797,CDS
27530,8119605,8119828,223,CDS
27531,8119912,8120222,310,CDS
27532,8120278,8120750,472,CDS
27533,8120815,8121011,196,CDS
27534,8121827,8123615,1788,gene
27535,8121827,8122115,288,mRNA
27536,8122171,8123615,1444,mRNA
27537,8121919,8122115,196,CDS
27538,8122171,8123578,1407,CDS
27539,8123612,8124531,919,gene
27540,8123612,8124531,919,mRNA
27541,8123737,8124459,722,CDS
27542,8124584,8125132,548,gene
27543,8125093,8125132,39,mRNA
27544,8124584,8125038,454,mRNA
27545,8124652,8125038,386,CDS
27546,8125327,8127818,2491,gene
27547,8127561,8127818,257,mRNA
27548,8127352,8127506,154,mRNA
27549,8127011,8127298,287,mRNA
27550,8125327,8126954,1627,mRNA
27551,8127561,8127704,143,CDS
27552,8127352,8127506,154,CDS
27553,8127011,8127298,287,CDS
27554,8125439,8126954,1515,CDS
27555,8127762,8131675,3913,gene
27556,8127762,8127854,92,mRNA
27557,8127929,8128369,440,mRNA
27558,8129084,8129208,124,mRNA
27559,8129452,8129548,96,mRNA
27560,8129614,8129790,176,mRNA
27561,8129852,8130340,488,mRNA
27562,8130425,8130556,131,mRNA
27563,8130621,8131675,1054,mRNA
27564,8128054,8128369,315,mRNA
27565,8129084,8129208,124,mRNA
27566,8129452,8129548,96,mRNA
27567,8129614,8129790,176,mRNA
27568,8129852,8130340,488,mRNA
27569,8130425,8130556,131,mRNA
27570,8130621,8131675,1054,mRNA
27571,8128259,8128369,110,CDS
27572,8129084,8129208,124,CDS
27573,8129452,8129548,96,CDS
27574,8129614,8129790,176,CDS
27575,8129852,8130340,488,CDS
27576,8130425,8130556,131,CDS
27577,8130621,8130833,212,CDS
27578,8128259,8128369,110,CDS
27579,8129084,8129208,124,CDS
27580,8129452,8129548,96,CDS
27581,8129614,8129790,176,CDS
27582,8129852,8130340,488,CDS
27583,8130425,8130556,131,CDS
27584,8130621,8130833,212,CDS
27585,8131429,8137498,6069,gene
27586,8137323,8137498,175,mRNA
27587,8137031,8137246,215,mRNA
27588,8135892,8136969,1077,mRNA
27589,8134047,8135040,993,mRNA
27590,8133850,8133986,136,mRNA
27591,8133691,8133792,101,mRNA
27592,8131997,8133618,1621,mRNA
27593,8131429,8131934,505,mRNA
27594,8137323,8137498,175,mRNA
27595,8137031,8137265,234,mRNA
27596,8135892,8136969,1077,mRNA
27597,8134047,8135817,1770,mRNA
27598,8133850,8133986,136,mRNA
27599,8133691,8133792,101,mRNA
27600,8131997,8133618,1621,mRNA
27601,8131429,8131934,505,mRNA
27602,8137031,8137213,182,CDS
27603,8135892,8136969,1077,CDS
27604,8134047,8135040,993,CDS
27605,8133850,8133986,136,CDS
27606,8133691,8133792,101,CDS
27607,8131997,8133618,1621,CDS
27608,8131797,8131934,137,CDS
27609,8137031,8137213,182,CDS
27610,8135892,8136969,1077,CDS
27611,8134047,8135817,1770,CDS
27612,8133850,8133986,136,CDS
27613,8133691,8133792,101,CDS
27614,8131997,8133618,1621,CDS
27615,8131797,8131934,137,CDS
27616,8137808,8142014,4206,gene
27617,8137808,8138632,824,mRNA
27618,8138692,8139144,452,mRNA
27619,8139202,8139407,205,mRNA
27620,8139483,8140085,602,mRNA
27621,8140605,8141483,878,mRNA
27622,8141556,8141690,134,mRNA
27623,8141752,8142014,262,mRNA
27624,8137837,8138632,795,CDS
27625,8138692,8139144,452,CDS
27626,8139202,8139407,205,CDS
27627,8139483,8140085,602,CDS
27628,8140605,8141483,878,CDS
27629,8141556,8141690,134,CDS
27630,8141752,8141835,83,CDS
27631,8141868,8151813,9945,gene
27632,8151757,8151813,56,mRNA
27633,8151168,8151302,134,mRNA
27634,8146376,8146451,75,mRNA
27635,8146008,8146195,187,mRNA
27636,8145846,8145940,94,mRNA
27637,8145425,8145539,114,mRNA
27638,8145006,8145139,133,mRNA
27639,8143408,8144710,1302,mRNA
27640,8142612,8142818,206,mRNA
27641,8141868,8142543,675,mRNA
27642,8151757,8151813,56,mRNA
27643,8151168,8151302,134,mRNA
27644,8146376,8146451,75,mRNA
27645,8146008,8146195,187,mRNA
27646,8145846,8145940,94,mRNA
27647,8145425,8145539,114,mRNA
27648,8145006,8145139,133,mRNA
27649,8142612,8144710,2098,mRNA
27650,8141868,8142543,675,mRNA
27651,8146376,8146415,39,CDS
27652,8146008,8146195,187,CDS
27653,8145846,8145940,94,CDS
27654,8145425,8145539,114,CDS
27655,8145006,8145139,133,CDS
27656,8142631,8144710,2079,CDS
27657,8146376,8146415,39,CDS
27658,8146008,8146195,187,CDS
27659,8145846,8145940,94,CDS
27660,8145425,8145539,114,CDS
27661,8145006,8145139,133,CDS
27662,8143408,8144710,1302,CDS
27663,8142696,8142818,122,CDS
27664,8154681,8158900,4219,gene
27665,8158757,8158900,143,mRNA
27666,8154681,8155579,898,mRNA
27667,8158757,8158900,143,mRNA
27668,8158589,8158679,90,mRNA
27669,8154753,8155579,826,mRNA
27670,8154924,8155187,263,CDS
27671,8154924,8155187,263,CDS
27672,8159361,8159774,413,gene
27673,8159737,8159774,37,mRNA
27674,8159361,8159669,308,mRNA
27675,8159426,8159641,215,CDS
27676,8160315,8165518,5203,gene
27677,8165431,8165518,87,mRNA
27678,8164220,8164459,239,mRNA
27679,8161423,8161545,122,mRNA
27680,8160315,8161357,1042,mRNA
27681,8164220,8164452,232,mRNA
27682,8161423,8161545,122,mRNA
27683,8160315,8161357,1042,mRNA
27684,8164220,8164360,140,CDS
27685,8161423,8161545,122,CDS
27686,8160554,8161357,803,CDS
27687,8164220,8164360,140,CDS
27688,8161423,8161545,122,CDS
27689,8161166,8161357,191,CDS
27690,8170640,8175978,5338,gene
27691,8175755,8175978,223,mRNA
27692,8172532,8175701,3169,mRNA
27693,8171728,8172468,740,mRNA
27694,8171490,8171665,175,mRNA
27695,8171114,8171430,316,mRNA
27696,8170640,8171052,412,mRNA
27697,8175755,8175856,101,CDS
27698,8172532,8175701,3169,CDS
27699,8171728,8172468,740,CDS
27700,8171490,8171665,175,CDS
27701,8171114,8171430,316,CDS
27702,8170819,8171052,233,CDS
27703,8176135,8178429,2294,gene
27704,8178123,8178429,306,mRNA
27705,8176135,8177639,1504,mRNA
27706,8178123,8178327,204,CDS
27707,8176426,8177639,1213,CDS
27708,8178675,8180514,1839,gene
27709,8180038,8180514,476,mRNA
27710,8179842,8179989,147,mRNA
27711,8179490,8179666,176,mRNA
27712,8179177,8179428,251,mRNA
27713,8178938,8179112,174,mRNA
27714,8178675,8178874,199,mRNA
27715,8179842,8180514,672,mRNA
27716,8179490,8179666,176,mRNA
27717,8179177,8179428,251,mRNA
27718,8178938,8179112,174,mRNA
27719,8178675,8178874,199,mRNA
27720,8180038,8180514,476,CDS
27721,8179842,8179989,147,CDS
27722,8179490,8179666,176,CDS
27723,8179177,8179428,251,CDS
27724,8178938,8179112,174,CDS
27725,8178676,8178874,198,CDS
27726,8179842,8180514,672,CDS
27727,8179490,8179666,176,CDS
27728,8179177,8179428,251,CDS
27729,8178938,8179112,174,CDS
27730,8178676,8178874,198,CDS
27731,8180923,8183369,2446,gene
27732,8180923,8181683,760,mRNA
27733,8181751,8181932,181,mRNA
27734,8182220,8183369,1149,mRNA
27735,8181041,8181683,642,CDS
27736,8181751,8181932,181,CDS
27737,8182220,8182720,500,CDS
27738,8183361,8186671,3310,gene
27739,8186179,8186671,492,mRNA
27740,8184484,8185042,558,mRNA
27741,8183361,8184427,1066,mRNA
27742,8185567,8185670,103,mRNA
27743,8184484,8185042,558,mRNA
27744,8183361,8184427,1066,mRNA
27745,8185567,8185589,22,CDS
27746,8184484,8185042,558,CDS
27747,8183519,8184427,908,CDS
27748,8184484,8185029,545,CDS
27749,8183519,8184427,908,CDS
27750,8183583,8183998,415,gene
27751,8183583,8183998,415,ncRNA
27752,8184252,8185221,969,gene
27753,8184252,8185221,969,ncRNA
27754,8186857,8191118,4261,gene
27755,8186857,8187193,336,mRNA
27756,8187479,8187576,97,mRNA
27757,8187813,8188580,767,mRNA
27758,8189287,8189445,158,mRNA
27759,8189842,8190714,872,mRNA
27760,8186995,8187218,223,mRNA
27761,8187479,8187576,97,mRNA
27762,8187813,8188580,767,mRNA
27763,8189287,8189445,158,mRNA
27764,8189842,8191118,1276,mRNA
27765,8186995,8187193,198,mRNA
27766,8187479,8187576,97,mRNA
27767,8187813,8188580,767,mRNA
27768,8189287,8189445,158,mRNA
27769,8189842,8189969,127,mRNA
27770,8190051,8190965,914,mRNA
27771,8186995,8187576,581,mRNA
27772,8187813,8188580,767,mRNA
27773,8189287,8189445,158,mRNA
27774,8189842,8190714,872,mRNA
27775,8186995,8187402,407,mRNA
27776,8187479,8187576,97,mRNA
27777,8187813,8188580,767,mRNA
27778,8189302,8189445,143,mRNA
27779,8189842,8190714,872,mRNA
27780,8186995,8187193,198,mRNA
27781,8187479,8187576,97,mRNA
27782,8187813,8188580,767,mRNA
27783,8189287,8189445,158,mRNA
27784,8189842,8190714,872,mRNA
27785,8186995,8187193,198,mRNA
27786,8187479,8187576,97,mRNA
27787,8187813,8188580,767,mRNA
27788,8189302,8189445,143,mRNA
27789,8189842,8189969,127,mRNA
27790,8190072,8190714,642,mRNA
27791,8187506,8187576,70,CDS
27792,8187813,8188580,767,CDS
27793,8189287,8189445,158,CDS
27794,8189842,8189969,127,CDS
27795,8190051,8190268,217,CDS
27796,8187506,8187576,70,CDS
27797,8187813,8188580,767,CDS
27798,8189302,8189445,143,CDS
27799,8189842,8189969,127,CDS
27800,8190072,8190268,196,CDS
27801,8187506,8187576,70,CDS
27802,8187813,8188580,767,CDS
27803,8189287,8189445,158,CDS
27804,8189842,8189977,135,CDS
27805,8187506,8187576,70,CDS
27806,8187813,8188580,767,CDS
27807,8189287,8189445,158,CDS
27808,8189842,8189977,135,CDS
27809,8187506,8187576,70,CDS
27810,8187813,8188580,767,CDS
27811,8189287,8189445,158,CDS
27812,8189842,8189977,135,CDS
27813,8187506,8187576,70,CDS
27814,8187813,8188580,767,CDS
27815,8189287,8189445,158,CDS
27816,8189842,8189977,135,CDS
27817,8187506,8187576,70,CDS
27818,8187813,8188580,767,CDS
27819,8189302,8189445,143,CDS
27820,8189842,8189977,135,CDS
27821,8191270,8196573,5303,gene
27822,8191270,8191478,208,mRNA
27823,8193190,8193276,86,mRNA
27824,8193335,8193492,157,mRNA
27825,8193562,8194404,842,mRNA
27826,8194472,8194832,360,mRNA
27827,8194890,8195707,817,mRNA
27828,8195851,8196573,722,mRNA
27829,8191389,8191478,89,CDS
27830,8193190,8193276,86,CDS
27831,8193335,8193492,157,CDS
27832,8193562,8194404,842,CDS
27833,8194472,8194832,360,CDS
27834,8194890,8195707,817,CDS
27835,8195851,8196475,624,CDS
27836,8191522,8193116,1594,gene
27837,8192414,8193116,702,mRNA
27838,8191522,8192326,804,mRNA
27839,8192414,8193008,594,CDS
27840,8191572,8192326,754,CDS
27841,8195847,8197987,2140,gene
27842,8197779,8197987,208,mRNA
27843,8197522,8197702,180,mRNA
27844,8197142,8197443,301,mRNA
27845,8195847,8196883,1036,mRNA
27846,8197779,8197857,78,mRNA
27847,8197522,8197702,180,mRNA
27848,8197142,8197443,301,mRNA
27849,8196533,8196883,350,mRNA
27850,8197779,8197857,78,mRNA
27851,8197522,8197705,183,mRNA
27852,8197142,8197443,301,mRNA
27853,8196533,8196883,350,mRNA
27854,8197522,8197621,99,CDS
27855,8197142,8197443,301,CDS
27856,8196740,8196883,143,CDS
27857,8197522,8197621,99,CDS
27858,8197142,8197443,301,CDS
27859,8196740,8196883,143,CDS
27860,8197522,8197621,99,CDS
27861,8197142,8197443,301,CDS
27862,8196740,8196883,143,CDS
27863,8198207,8199491,1284,gene
27864,8198207,8198483,276,mRNA
27865,8198542,8199491,949,mRNA
27866,8198207,8198483,276,mRNA
27867,8198553,8199491,938,mRNA
27868,8198292,8198483,191,CDS
27869,8198542,8199456,914,CDS
27870,8198292,8198483,191,CDS
27871,8198553,8198591,38,CDS
27872,8201078,8202417,1339,gene
27873,8201078,8202417,1339,mRNA
27874,8201157,8202326,1169,CDS
27875,8202792,8203345,553,gene
27876,8202792,8202867,75,mRNA
27877,8202933,8203345,412,mRNA
27878,8202859,8202867,8,CDS
27879,8202933,8203283,350,CDS
27880,8209577,8210743,1166,gene
27881,8210558,8210743,185,mRNA
27882,8210313,8210491,178,mRNA
27883,8209577,8210257,680,mRNA
27884,8210558,8210671,113,CDS
27885,8210313,8210491,178,CDS
27886,8209858,8210257,399,CDS
27887,8211890,8213622,1732,gene
27888,8211890,8213622,1732,mRNA
27889,8211965,8213476,1511,CDS
27890,8215280,8216198,918,gene
27891,8215280,8215531,251,mRNA
27892,8215600,8216198,598,mRNA
27893,8215431,8215531,100,mRNA
27894,8215600,8215959,359,mRNA
27895,8215502,8215531,29,CDS
27896,8215600,8215818,218,CDS
27897,8215502,8215531,29,CDS
27898,8215600,8215818,218,CDS
27899,8218232,8218983,751,gene
27900,8218909,8218983,74,mRNA
27901,8218232,8218843,611,mRNA
27902,8218909,8218983,74,mRNA
27903,8218360,8218843,483,mRNA
27904,8218909,8218917,8,CDS
27905,8218439,8218843,404,CDS
27906,8218909,8218917,8,CDS
27907,8218439,8218843,404,CDS
27908,8222141,8222953,812,gene
27909,8222141,8222214,73,mRNA
27910,8222467,8222953,486,mRNA
27911,8222203,8222214,11,CDS
27912,8222467,8222841,374,CDS
27913,8229224,8230568,1344,gene
27914,8229224,8229433,209,mRNA
27915,8229499,8229757,258,mRNA
27916,8229824,8229898,74,mRNA
27917,8229953,8230052,99,mRNA
27918,8230116,8230203,87,mRNA
27919,8230261,8230568,307,mRNA
27920,8229382,8229433,51,CDS
27921,8229499,8229757,258,CDS
27922,8229824,8229898,74,CDS
27923,8229953,8230052,99,CDS
27924,8230116,8230203,87,CDS
27925,8230261,8230421,160,CDS
27926,8230961,8231697,736,gene
27927,8230961,8231083,122,ncRNA
27928,8231153,8231697,544,ncRNA
27929,8231814,8240601,8787,gene
27930,8240300,8240601,301,mRNA
27931,8239539,8240236,697,mRNA
27932,8239137,8239417,280,mRNA
27933,8231814,8232156,342,mRNA
27934,8240300,8240477,177,CDS
27935,8239539,8240236,697,CDS
27936,8239137,8239417,280,CDS
27937,8231964,8232156,192,CDS
27938,8233615,8238792,5177,mobile_element
27939,8238647,8282398,43751,gene
27940,8238647,8238820,173,mRNA
27941,8248558,8248951,393,mRNA
27942,8254865,8255001,136,mRNA
27943,8255353,8255474,121,mRNA
27944,8255560,8255618,58,mRNA
27945,8260322,8260398,76,mRNA
27946,8260601,8260790,189,mRNA
27947,8262954,8263119,165,mRNA
27948,8265894,8265984,90,mRNA
27949,8266347,8266434,87,mRNA
27950,8266558,8266706,148,mRNA
27951,8266950,8267073,123,mRNA
27952,8268996,8269123,127,mRNA
27953,8269709,8269845,136,mRNA
27954,8270456,8270598,142,mRNA
27955,8271450,8271611,161,mRNA
27956,8272253,8272397,144,mRNA
27957,8272498,8272934,436,mRNA
27958,8273176,8273329,153,mRNA
27959,8274552,8274669,117,mRNA
27960,8275505,8275667,162,mRNA
27961,8275987,8276502,515,mRNA
27962,8276827,8276973,146,mRNA
27963,8277431,8277583,152,mRNA
27964,8277855,8277949,94,mRNA
27965,8278159,8279209,1050,mRNA
27966,8279276,8279422,146,mRNA
27967,8279487,8279821,334,mRNA
27968,8279894,8279966,72,mRNA
27969,8280329,8280409,80,mRNA
27970,8280520,8280688,168,mRNA
27971,8280760,8282398,1638,mRNA
27972,8238647,8238820,173,mRNA
27973,8248558,8248951,393,mRNA
27974,8254865,8255001,136,mRNA
27975,8255353,8255474,121,mRNA
27976,8255560,8255618,58,mRNA
27977,8260322,8260398,76,mRNA
27978,8260601,8260790,189,mRNA
27979,8262954,8263119,165,mRNA
27980,8265894,8265984,90,mRNA
27981,8266347,8266434,87,mRNA
27982,8266558,8266706,148,mRNA
27983,8266950,8267073,123,mRNA
27984,8268996,8269123,127,mRNA
27985,8269709,8269845,136,mRNA
27986,8270456,8270598,142,mRNA
27987,8271450,8271611,161,mRNA
27988,8272253,8272397,144,mRNA
27989,8272498,8272934,436,mRNA
27990,8273176,8273329,153,mRNA
27991,8274552,8274669,117,mRNA
27992,8275505,8275667,162,mRNA
27993,8276005,8276502,497,mRNA
27994,8276827,8276973,146,mRNA
27995,8277431,8277583,152,mRNA
27996,8277855,8277949,94,mRNA
27997,8278159,8279209,1050,mRNA
27998,8279276,8279422,146,mRNA
27999,8279487,8279821,334,mRNA
28000,8279894,8279966,72,mRNA
28001,8280260,8280409,149,mRNA
28002,8280520,8280688,168,mRNA
28003,8280760,8282398,1638,mRNA
28004,8238647,8238820,173,mRNA
28005,8248558,8248951,393,mRNA
28006,8254865,8255001,136,mRNA
28007,8255353,8255474,121,mRNA
28008,8255560,8255618,58,mRNA
28009,8260322,8260398,76,mRNA
28010,8260601,8260790,189,mRNA
28011,8262954,8263119,165,mRNA
28012,8265894,8265984,90,mRNA
28013,8266347,8266434,87,mRNA
28014,8266558,8266706,148,mRNA
28015,8266950,8267073,123,mRNA
28016,8268996,8269123,127,mRNA
28017,8269709,8269845,136,mRNA
28018,8270456,8270598,142,mRNA
28019,8271450,8271611,161,mRNA
28020,8272253,8272397,144,mRNA
28021,8272498,8272934,436,mRNA
28022,8273176,8273329,153,mRNA
28023,8274552,8274669,117,mRNA
28024,8275505,8275667,162,mRNA
28025,8275987,8276502,515,mRNA
28026,8276827,8276973,146,mRNA
28027,8277431,8277583,152,mRNA
28028,8277855,8277949,94,mRNA
28029,8278159,8279209,1050,mRNA
28030,8279276,8279422,146,mRNA
28031,8279487,8279821,334,mRNA
28032,8279894,8279966,72,mRNA
28033,8280329,8280409,80,mRNA
28034,8280520,8280688,168,mRNA
28035,8280744,8281147,403,mRNA
28036,8241131,8241194,63,mRNA
28037,8248558,8248951,393,mRNA
28038,8254865,8255001,136,mRNA
28039,8255353,8255474,121,mRNA
28040,8255560,8255618,58,mRNA
28041,8260322,8260398,76,mRNA
28042,8260601,8260790,189,mRNA
28043,8262954,8263119,165,mRNA
28044,8265894,8265984,90,mRNA
28045,8266347,8266434,87,mRNA
28046,8266558,8266706,148,mRNA
28047,8266950,8267073,123,mRNA
28048,8268996,8269123,127,mRNA
28049,8269709,8269845,136,mRNA
28050,8270456,8270598,142,mRNA
28051,8271450,8271611,161,mRNA
28052,8272253,8272397,144,mRNA
28053,8272498,8272934,436,mRNA
28054,8273176,8273329,153,mRNA
28055,8274552,8274669,117,mRNA
28056,8275505,8275667,162,mRNA
28057,8276005,8276502,497,mRNA
28058,8276827,8276973,146,mRNA
28059,8277431,8277583,152,mRNA
28060,8277855,8277949,94,mRNA
28061,8278159,8279209,1050,mRNA
28062,8279276,8279422,146,mRNA
28063,8279487,8279821,334,mRNA
28064,8279894,8279966,72,mRNA
28065,8280260,8280409,149,mRNA
28066,8280520,8280688,168,mRNA
28067,8280760,8281147,387,mRNA
28068,8241131,8241194,63,mRNA
28069,8248732,8248951,219,mRNA
28070,8254865,8255001,136,mRNA
28071,8255353,8255474,121,mRNA
28072,8255560,8255618,58,mRNA
28073,8260322,8260398,76,mRNA
28074,8260601,8260790,189,mRNA
28075,8262954,8263119,165,mRNA
28076,8265894,8265984,90,mRNA
28077,8266347,8266434,87,mRNA
28078,8266558,8266706,148,mRNA
28079,8266950,8267073,123,mRNA
28080,8268996,8269123,127,mRNA
28081,8269709,8269845,136,mRNA
28082,8270456,8270598,142,mRNA
28083,8271450,8271611,161,mRNA
28084,8272253,8272397,144,mRNA
28085,8272498,8272934,436,mRNA
28086,8273176,8273329,153,mRNA
28087,8274552,8274669,117,mRNA
28088,8275505,8275667,162,mRNA
28089,8275987,8276502,515,mRNA
28090,8276827,8276973,146,mRNA
28091,8277431,8277583,152,mRNA
28092,8277855,8277949,94,mRNA
28093,8278159,8279209,1050,mRNA
28094,8279276,8279422,146,mRNA
28095,8279487,8279821,334,mRNA
28096,8279894,8279966,72,mRNA
28097,8280329,8280409,80,mRNA
28098,8280520,8280688,168,mRNA
28099,8280760,8281147,387,mRNA
28100,8248900,8248951,51,CDS
28101,8254865,8255001,136,CDS
28102,8255353,8255474,121,CDS
28103,8255560,8255618,58,CDS
28104,8260322,8260398,76,CDS
28105,8260601,8260790,189,CDS
28106,8262954,8263119,165,CDS
28107,8265894,8265984,90,CDS
28108,8266347,8266434,87,CDS
28109,8266558,8266706,148,CDS
28110,8266950,8267073,123,CDS
28111,8268996,8269123,127,CDS
28112,8269709,8269845,136,CDS
28113,8270456,8270598,142,CDS
28114,8271450,8271611,161,CDS
28115,8272253,8272397,144,CDS
28116,8272498,8272934,436,CDS
28117,8273176,8273329,153,CDS
28118,8274552,8274669,117,CDS
28119,8275505,8275667,162,CDS
28120,8275987,8276502,515,CDS
28121,8276827,8276973,146,CDS
28122,8277431,8277583,152,CDS
28123,8277855,8277949,94,CDS
28124,8278159,8279209,1050,CDS
28125,8279276,8279422,146,CDS
28126,8279487,8279821,334,CDS
28127,8279894,8279966,72,CDS
28128,8280329,8280409,80,CDS
28129,8280520,8280688,168,CDS
28130,8280760,8280907,147,CDS
28131,8248900,8248951,51,CDS
28132,8254865,8255001,136,CDS
28133,8255353,8255474,121,CDS
28134,8255560,8255618,58,CDS
28135,8260322,8260398,76,CDS
28136,8260601,8260790,189,CDS
28137,8262954,8263119,165,CDS
28138,8265894,8265984,90,CDS
28139,8266347,8266434,87,CDS
28140,8266558,8266706,148,CDS
28141,8266950,8267073,123,CDS
28142,8268996,8269123,127,CDS
28143,8269709,8269845,136,CDS
28144,8270456,8270598,142,CDS
28145,8271450,8271611,161,CDS
28146,8272253,8272397,144,CDS
28147,8272498,8272934,436,CDS
28148,8273176,8273329,153,CDS
28149,8274552,8274669,117,CDS
28150,8275505,8275667,162,CDS
28151,8275987,8276502,515,CDS
28152,8276827,8276973,146,CDS
28153,8277431,8277583,152,CDS
28154,8277855,8277949,94,CDS
28155,8278159,8279209,1050,CDS
28156,8279276,8279422,146,CDS
28157,8279487,8279821,334,CDS
28158,8279894,8279966,72,CDS
28159,8280329,8280409,80,CDS
28160,8280520,8280688,168,CDS
28161,8280760,8280907,147,CDS
28162,8248900,8248951,51,CDS
28163,8254865,8255001,136,CDS
28164,8255353,8255474,121,CDS
28165,8255560,8255618,58,CDS
28166,8260322,8260398,76,CDS
28167,8260601,8260790,189,CDS
28168,8262954,8263119,165,CDS
28169,8265894,8265984,90,CDS
28170,8266347,8266434,87,CDS
28171,8266558,8266706,148,CDS
28172,8266950,8267073,123,CDS
28173,8268996,8269123,127,CDS
28174,8269709,8269845,136,CDS
28175,8270456,8270598,142,CDS
28176,8271450,8271611,161,CDS
28177,8272253,8272397,144,CDS
28178,8272498,8272934,436,CDS
28179,8273176,8273329,153,CDS
28180,8274552,8274669,117,CDS
28181,8275505,8275667,162,CDS
28182,8276005,8276502,497,CDS
28183,8276827,8276973,146,CDS
28184,8277431,8277583,152,CDS
28185,8277855,8277949,94,CDS
28186,8278159,8279209,1050,CDS
28187,8279276,8279422,146,CDS
28188,8279487,8279821,334,CDS
28189,8279894,8279966,72,CDS
28190,8280260,8280409,149,CDS
28191,8280520,8280688,168,CDS
28192,8280760,8280907,147,CDS
28193,8248900,8248951,51,CDS
28194,8254865,8255001,136,CDS
28195,8255353,8255474,121,CDS
28196,8255560,8255618,58,CDS
28197,8260322,8260398,76,CDS
28198,8260601,8260790,189,CDS
28199,8262954,8263119,165,CDS
28200,8265894,8265984,90,CDS
28201,8266347,8266434,87,CDS
28202,8266558,8266706,148,CDS
28203,8266950,8267073,123,CDS
28204,8268996,8269123,127,CDS
28205,8269709,8269845,136,CDS
28206,8270456,8270598,142,CDS
28207,8271450,8271611,161,CDS
28208,8272253,8272397,144,CDS
28209,8272498,8272934,436,CDS
28210,8273176,8273329,153,CDS
28211,8274552,8274669,117,CDS
28212,8275505,8275667,162,CDS
28213,8276005,8276502,497,CDS
28214,8276827,8276973,146,CDS
28215,8277431,8277583,152,CDS
28216,8277855,8277949,94,CDS
28217,8278159,8279209,1050,CDS
28218,8279276,8279422,146,CDS
28219,8279487,8279821,334,CDS
28220,8279894,8279966,72,CDS
28221,8280260,8280409,149,CDS
28222,8280520,8280688,168,CDS
28223,8280760,8280907,147,CDS
28224,8248900,8248951,51,CDS
28225,8254865,8255001,136,CDS
28226,8255353,8255474,121,CDS
28227,8255560,8255618,58,CDS
28228,8260322,8260398,76,CDS
28229,8260601,8260790,189,CDS
28230,8262954,8263119,165,CDS
28231,8265894,8265984,90,CDS
28232,8266347,8266434,87,CDS
28233,8266558,8266706,148,CDS
28234,8266950,8267073,123,CDS
28235,8268996,8269123,127,CDS
28236,8269709,8269845,136,CDS
28237,8270456,8270598,142,CDS
28238,8271450,8271611,161,CDS
28239,8272253,8272397,144,CDS
28240,8272498,8272934,436,CDS
28241,8273176,8273329,153,CDS
28242,8274552,8274669,117,CDS
28243,8275505,8275667,162,CDS
28244,8275987,8276502,515,CDS
28245,8276827,8276973,146,CDS
28246,8277431,8277583,152,CDS
28247,8277855,8277949,94,CDS
28248,8278159,8279209,1050,CDS
28249,8279276,8279422,146,CDS
28250,8279487,8279821,334,CDS
28251,8279894,8279966,72,CDS
28252,8280329,8280409,80,CDS
28253,8280520,8280688,168,CDS
28254,8280744,8280759,15,CDS
28255,8282528,8289870,7342,gene
28256,8289713,8289870,157,mRNA
28257,8289170,8289483,313,mRNA
28258,8287828,8288220,392,mRNA
28259,8287609,8287757,148,mRNA
28260,8287314,8287374,60,mRNA
28261,8284069,8284293,224,mRNA
28262,8283773,8284004,231,mRNA
28263,8283276,8283614,338,mRNA
28264,8282528,8283213,685,mRNA
28265,8289170,8289478,308,mRNA
28266,8287828,8288220,392,mRNA
28267,8287609,8287757,148,mRNA
28268,8287314,8287374,60,mRNA
28269,8284069,8284293,224,mRNA
28270,8283773,8284004,231,mRNA
28271,8283276,8283614,338,mRNA
28272,8282528,8283213,685,mRNA
28273,8286127,8286469,342,mRNA
28274,8284069,8284293,224,mRNA
28275,8283773,8284004,231,mRNA
28276,8283276,8283614,338,mRNA
28277,8282528,8283213,685,mRNA
28278,8289170,8289448,278,CDS
28279,8287828,8288220,392,CDS
28280,8287609,8287757,148,CDS
28281,8287314,8287374,60,CDS
28282,8284069,8284293,224,CDS
28283,8283773,8284004,231,CDS
28284,8283276,8283614,338,CDS
28285,8283086,8283213,127,CDS
28286,8289170,8289448,278,CDS
28287,8287828,8288220,392,CDS
28288,8287609,8287757,148,CDS
28289,8287314,8287374,60,CDS
28290,8284069,8284293,224,CDS
28291,8283773,8284004,231,CDS
28292,8283276,8283614,338,CDS
28293,8283086,8283213,127,CDS
28294,8286127,8286192,65,CDS
28295,8284069,8284293,224,CDS
28296,8283773,8284004,231,CDS
28297,8283276,8283614,338,CDS
28298,8283086,8283213,127,CDS
28299,8290286,8295327,5041,gene
28300,8295052,8295327,275,mRNA
28301,8291394,8291766,372,mRNA
28302,8290914,8291325,411,mRNA
28303,8290286,8290857,571,mRNA
28304,8295023,8295327,304,mRNA
28305,8291394,8291766,372,mRNA
28306,8290914,8291325,411,mRNA
28307,8290286,8290857,571,mRNA
28308,8291394,8291745,351,CDS
28309,8290914,8291325,411,CDS
28310,8290584,8290857,273,CDS
28311,8291394,8291745,351,CDS
28312,8290914,8291325,411,CDS
28313,8290584,8290857,273,CDS
28314,8297018,8298506,1488,gene
28315,8297018,8297089,71,mRNA
28316,8297212,8297472,260,mRNA
28317,8297535,8297619,84,mRNA
28318,8297815,8298071,256,mRNA
28319,8298120,8298506,386,mRNA
28320,8297169,8297472,303,mRNA
28321,8297535,8297619,84,mRNA
28322,8297815,8298071,256,mRNA
28323,8298120,8298506,386,mRNA
28324,8297260,8297472,212,CDS
28325,8297535,8297619,84,CDS
28326,8297815,8298071,256,CDS
28327,8298120,8298224,104,CDS
28328,8297260,8297472,212,CDS
28329,8297535,8297619,84,CDS
28330,8297815,8298071,256,CDS
28331,8298120,8298224,104,CDS
28332,8298501,8299839,1338,gene
28333,8298501,8299839,1338,mRNA
28334,8298751,8299290,539,CDS
28335,8300064,8302341,2277,gene
28336,8300064,8302341,2277,mRNA
28337,8300116,8302212,2096,CDS
28338,8302364,8304059,1695,gene
28339,8303822,8304059,237,mRNA
28340,8302364,8303490,1126,mRNA
28341,8303822,8303990,168,CDS
28342,8302619,8303490,871,CDS
28343,8304157,8305325,1168,gene
28344,8304157,8304686,529,mRNA
28345,8304748,8304968,220,mRNA
28346,8305022,8305325,303,mRNA
28347,8304193,8304686,493,CDS
28348,8304748,8304968,220,CDS
28349,8305022,8305248,226,CDS
28350,8305336,8306980,1644,gene
28351,8306740,8306980,240,mRNA
28352,8305336,8306678,1342,mRNA
28353,8306740,8306980,240,CDS
28354,8305336,8306678,1342,CDS
28355,8307145,8308941,1796,gene
28356,8308696,8308941,245,mRNA
28357,8308092,8308545,453,mRNA
28358,8307794,8307964,170,mRNA
28359,8307145,8307380,235,mRNA
28360,8308696,8308941,245,mRNA
28361,8308092,8308545,453,mRNA
28362,8307794,8307964,170,mRNA
28363,8307593,8307732,139,mRNA
28364,8307145,8307380,235,mRNA
28365,8308696,8308763,67,CDS
28366,8308092,8308545,453,CDS
28367,8307794,8307964,170,CDS
28368,8307336,8307380,44,CDS
28369,8308696,8308763,67,CDS
28370,8308092,8308545,453,CDS
28371,8307794,8307964,170,CDS
28372,8307712,8307732,20,CDS
28373,8309351,8310512,1161,gene
28374,8309351,8310512,1161,ncRNA
28375,8310493,8315502,5009,gene
28376,8315072,8315502,430,mRNA
28377,8313957,8314676,719,mRNA
28378,8312284,8312750,466,mRNA
28379,8311774,8312073,299,mRNA
28380,8311647,8311715,68,mRNA
28381,8310493,8311226,733,mRNA
28382,8315072,8315502,430,mRNA
28383,8313957,8314676,719,mRNA
28384,8313011,8313151,140,mRNA
28385,8312284,8312750,466,mRNA
28386,8311774,8312073,299,mRNA
28387,8311647,8311715,68,mRNA
28388,8310493,8311226,733,mRNA
28389,8315072,8315137,65,CDS
28390,8313957,8314676,719,CDS
28391,8312284,8312750,466,CDS
28392,8311774,8312073,299,CDS
28393,8311647,8311715,68,CDS
28394,8311031,8311226,195,CDS
28395,8315072,8315137,65,CDS
28396,8313957,8314676,719,CDS
28397,8313011,8313151,140,CDS
28398,8312284,8312750,466,CDS
28399,8311774,8312073,299,CDS
28400,8311647,8311715,68,CDS
28401,8311031,8311226,195,CDS
28402,8318542,8318966,424,gene
28403,8318778,8318966,188,mRNA
28404,8318542,8318729,187,mRNA
28405,8318778,8318868,90,CDS
28406,8318587,8318729,142,CDS
28407,8320763,8322280,1517,gene
28408,8320763,8321236,473,mRNA
28409,8321795,8322280,485,mRNA
28410,8320836,8321236,400,CDS
28411,8321795,8322194,399,CDS
28412,8325859,8328307,2448,gene
28413,8325859,8326028,169,mRNA
28414,8326148,8326379,231,mRNA
28415,8326837,8328307,1470,mRNA
28416,8325859,8326028,169,mRNA
28417,8326148,8326379,231,mRNA
28418,8326837,8327115,278,mRNA
28419,8326023,8326028,5,CDS
28420,8326148,8326379,231,CDS
28421,8326837,8327015,178,CDS
28422,8326023,8326028,5,CDS
28423,8326148,8326379,231,CDS
28424,8326837,8327015,178,CDS
28425,8328583,8330237,1654,gene
28426,8328583,8328712,129,mRNA
28427,8329160,8329298,138,mRNA
28428,8329350,8330237,887,mRNA
28429,8328680,8328712,32,CDS
28430,8329160,8329298,138,CDS
28431,8329350,8330116,766,CDS
28432,8336672,8338595,1923,gene
28433,8336672,8336748,76,mRNA
28434,8337589,8337828,239,mRNA
28435,8337912,8338595,683,mRNA
28436,8336737,8336748,11,CDS
28437,8337589,8337828,239,CDS
28438,8337912,8338148,236,CDS
28439,8339051,8340276,1225,gene
28440,8339051,8339190,139,mRNA
28441,8339257,8339334,77,mRNA
28442,8339390,8339821,431,mRNA
28443,8339876,8340276,400,mRNA
28444,8339155,8339190,35,CDS
28445,8339257,8339334,77,CDS
28446,8339390,8339821,431,CDS
28447,8339876,8340175,299,CDS
28448,8340314,8344404,4090,gene
28449,8340314,8340499,185,mRNA
28450,8342966,8343134,168,mRNA
28451,8343191,8344404,1213,mRNA
28452,8340785,8342876,2091,gene
28453,8340785,8341083,298,mRNA
28454,8341147,8342876,1729,mRNA
28455,8341153,8342469,1316,CDS
28456,8342975,8343134,159,CDS
28457,8343191,8344347,1156,CDS
28458,8344421,8346382,1961,gene
28459,8344421,8346382,1961,mRNA
28460,8344421,8346206,1785,mRNA
28461,8344528,8346069,1541,CDS
28462,8344528,8346069,1541,CDS
28463,8346561,8352279,5718,gene
28464,8346561,8347476,915,mRNA
28465,8347775,8348053,278,mRNA
28466,8348256,8348439,183,mRNA
28467,8348502,8348689,187,mRNA
28468,8348749,8349845,1096,mRNA
28469,8349900,8350088,188,mRNA
28470,8350148,8350867,719,mRNA
28471,8350927,8351379,452,mRNA
28472,8351767,8352279,512,mRNA
28473,8347170,8347476,306,CDS
28474,8347775,8348053,278,CDS
28475,8348256,8348439,183,CDS
28476,8348502,8348689,187,CDS
28477,8348749,8349845,1096,CDS
28478,8349900,8350088,188,CDS
28479,8350148,8350867,719,CDS
28480,8350927,8351379,452,CDS
28481,8351767,8351934,167,CDS
28482,8347541,8348053,512,mRNA
28483,8348256,8348439,183,mRNA
28484,8348502,8348689,187,mRNA
28485,8348749,8349845,1096,mRNA
28486,8349900,8350088,188,mRNA
28487,8350148,8350867,719,mRNA
28488,8350927,8351724,797,mRNA
28489,8347876,8348053,177,CDS
28490,8348256,8348439,183,CDS
28491,8348502,8348689,187,CDS
28492,8348749,8349845,1096,CDS
28493,8349900,8350088,188,CDS
28494,8350148,8350867,719,CDS
28495,8350927,8351388,461,CDS
28496,8352355,8356296,3941,gene
28497,8356005,8356296,291,mRNA
28498,8355612,8355942,330,mRNA
28499,8355144,8355548,404,mRNA
28500,8354242,8354610,368,mRNA
28501,8353479,8354183,704,mRNA
28502,8352355,8353412,1057,mRNA
28503,8356005,8356296,291,mRNA
28504,8355612,8355942,330,mRNA
28505,8355144,8355548,404,mRNA
28506,8354242,8354610,368,mRNA
28507,8353479,8354183,704,mRNA
28508,8352355,8353426,1071,mRNA
28509,8356005,8356296,291,mRNA
28510,8355144,8355942,798,mRNA
28511,8354242,8354610,368,mRNA
28512,8353479,8354183,704,mRNA
28513,8352355,8353412,1057,mRNA
28514,8356005,8356296,291,mRNA
28515,8355612,8355942,330,mRNA
28516,8355144,8355548,404,mRNA
28517,8354242,8354610,368,mRNA
28518,8352375,8354183,1808,mRNA
28519,8356005,8356208,203,CDS
28520,8355612,8355942,330,CDS
28521,8355144,8355548,404,CDS
28522,8354242,8354610,368,CDS
28523,8353479,8354183,704,CDS
28524,8352529,8353412,883,CDS
28525,8356005,8356208,203,CDS
28526,8355612,8355942,330,CDS
28527,8355144,8355548,404,CDS
28528,8354242,8354610,368,CDS
28529,8353479,8354183,704,CDS
28530,8353218,8353426,208,CDS
28531,8356005,8356208,203,CDS
28532,8355612,8355942,330,CDS
28533,8355144,8355548,404,CDS
28534,8354242,8354610,368,CDS
28535,8353438,8354183,745,CDS
28536,8354184,8354241,57,gene
28537,8354184,8354241,57,precursor_RNA
28538,8354184,8354206,22,ncRNA
28539,8356005,8356208,203,CDS
28540,8355601,8355942,341,CDS
28541,8356404,8360906,4502,gene
28542,8360793,8360906,113,mRNA
28543,8356404,8357905,1501,mRNA
28544,8360793,8360906,113,mRNA
28545,8356404,8357935,1531,mRNA
28546,8360793,8360906,113,mRNA
28547,8358556,8358715,159,mRNA
28548,8356404,8357905,1501,mRNA
28549,8360329,8360475,146,mRNA
28550,8358556,8358715,159,mRNA
28551,8356404,8357905,1501,mRNA
28552,8358850,8359086,236,mRNA
28553,8358556,8358715,159,mRNA
28554,8356404,8357905,1501,mRNA
28555,8358556,8359079,523,mRNA
28556,8356404,8357905,1501,mRNA
28557,8358556,8358940,384,mRNA
28558,8358016,8358072,56,mRNA
28559,8356404,8357905,1501,mRNA
28560,8358556,8358940,384,mRNA
28561,8358016,8358072,56,mRNA
28562,8356404,8357935,1531,mRNA
28563,8358016,8358125,109,mRNA
28564,8356404,8357935,1531,mRNA
28565,8358556,8358657,101,CDS
28566,8356655,8357905,1250,CDS
28567,8358556,8358657,101,CDS
28568,8356655,8357905,1250,CDS
28569,8358556,8358657,101,CDS
28570,8356655,8357905,1250,CDS
28571,8358556,8358657,101,CDS
28572,8356655,8357905,1250,CDS
28573,8358556,8358657,101,CDS
28574,8358016,8358072,56,CDS
28575,8356655,8357905,1250,CDS
28576,8358556,8358657,101,CDS
28577,8358016,8358072,56,CDS
28578,8356655,8357935,1280,CDS
28579,8358016,8358048,32,CDS
28580,8356655,8357935,1280,CDS
28581,8356655,8357905,1250,CDS
28582,8356655,8357905,1250,CDS
28583,8372405,8391171,18766,gene
28584,8372405,8372583,178,mRNA
28585,8374745,8375071,326,mRNA
28586,8379145,8379316,171,mRNA
28587,8379854,8379985,131,mRNA
28588,8385729,8389558,3829,mRNA
28589,8389629,8390178,549,mRNA
28590,8390263,8391171,908,mRNA
28591,8372405,8372583,178,mRNA
28592,8374801,8375071,270,mRNA
28593,8379145,8379316,171,mRNA
28594,8379854,8379985,131,mRNA
28595,8385729,8389558,3829,mRNA
28596,8389629,8390178,549,mRNA
28597,8390263,8391171,908,mRNA
28598,8372405,8372583,178,mRNA
28599,8374801,8375071,270,mRNA
28600,8379145,8379316,171,mRNA
28601,8379854,8380150,296,mRNA
28602,8374976,8375071,95,CDS
28603,8379145,8379316,171,CDS
28604,8379854,8379985,131,CDS
28605,8385729,8389558,3829,CDS
28606,8389629,8390178,549,CDS
28607,8390263,8390333,70,CDS
28608,8374976,8375071,95,CDS
28609,8379145,8379316,171,CDS
28610,8379854,8379985,131,CDS
28611,8385729,8389558,3829,CDS
28612,8389629,8390178,549,CDS
28613,8390263,8390333,70,CDS
28614,8374976,8375071,95,CDS
28615,8379145,8379316,171,CDS
28616,8379854,8380026,172,CDS
28617,8391540,8392377,837,gene
28618,8391540,8392377,837,mRNA
28619,8391558,8392340,782,CDS
28620,8392820,8393649,829,gene
28621,8392820,8393649,829,mRNA
28622,8392858,8393646,788,CDS
28623,8396000,8402295,6295,gene
28624,8396000,8396185,185,mRNA
28625,8398987,8399046,59,mRNA
28626,8399659,8399943,284,mRNA
28627,8400082,8400689,607,mRNA
28628,8400749,8402295,1546,mRNA
28629,8396000,8396185,185,mRNA
28630,8398987,8399046,59,mRNA
28631,8399659,8399943,284,mRNA
28632,8400127,8400689,562,mRNA
28633,8400749,8402295,1546,mRNA
28634,8397200,8397727,527,mobile_element
28635,8398086,8398364,278,mRNA
28636,8398987,8399046,59,mRNA
28637,8399659,8399943,284,mRNA
28638,8400082,8400689,607,mRNA
28639,8400749,8402295,1546,mRNA
28640,8398086,8398364,278,mRNA
28641,8398987,8399046,59,mRNA
28642,8399659,8399943,284,mRNA
28643,8400127,8400689,562,mRNA
28644,8400749,8402295,1546,mRNA
28645,8399676,8399943,267,CDS
28646,8400082,8400689,607,CDS
28647,8400749,8401978,1229,CDS
28648,8399676,8399943,267,CDS
28649,8400082,8400689,607,CDS
28650,8400749,8401978,1229,CDS
28651,8399676,8399943,267,CDS
28652,8400127,8400689,562,CDS
28653,8400749,8401978,1229,CDS
28654,8399676,8399943,267,CDS
28655,8400127,8400689,562,CDS
28656,8400749,8401978,1229,CDS
28657,8402168,8405277,3109,gene
28658,8402168,8405277,3109,gene
28659,8405214,8405277,63,mRNA
28660,8404103,8404510,407,mRNA
28661,8402168,8404050,1882,mRNA
28662,8404103,8405277,1174,mRNA
28663,8402168,8404050,1882,mRNA
28664,8404103,8405277,1174,mRNA
28665,8402168,8404050,1882,mRNA
28666,8402168,8405277,3109,mRNA
28667,8404103,8404556,453,mRNA
28668,8402168,8404050,1882,mRNA
28669,8404103,8404508,405,CDS
28670,8402477,8404050,1573,CDS
28671,8404103,8404508,405,CDS
28672,8402477,8404050,1573,CDS
28673,8404103,8404508,405,CDS
28674,8402477,8404050,1573,CDS
28675,8404559,8405197,638,CDS
28676,8404559,8405197,638,CDS
28677,8405454,8407354,1900,gene
28678,8405454,8405481,27,mRNA
28679,8405537,8407354,1817,mRNA
28680,8405475,8407354,1879,mRNA
28681,8405540,8407288,1748,CDS
28682,8405540,8407288,1748,CDS
28683,8407268,8412825,5557,gene
28684,8412047,8412825,778,mRNA
28685,8411429,8411867,438,mRNA
28686,8411115,8411345,230,mRNA
28687,8409589,8411043,1454,mRNA
28688,8409045,8409527,482,mRNA
28689,8408712,8408986,274,mRNA
28690,8408511,8408658,147,mRNA
28691,8408253,8408453,200,mRNA
28692,8408071,8408191,120,mRNA
28693,8407856,8408012,156,mRNA
28694,8407522,8407799,277,mRNA
28695,8407268,8407466,198,mRNA
28696,8411429,8411594,165,mRNA
28697,8411115,8411345,230,mRNA
28698,8409589,8411043,1454,mRNA
28699,8409045,8409527,482,mRNA
28700,8408712,8408986,274,mRNA
28701,8408511,8408658,147,mRNA
28702,8408253,8408453,200,mRNA
28703,8408071,8408191,120,mRNA
28704,8407856,8408012,156,mRNA
28705,8407522,8407799,277,mRNA
28706,8407268,8407466,198,mRNA
28707,8411429,8411493,64,CDS
28708,8411115,8411345,230,CDS
28709,8409589,8411043,1454,CDS
28710,8409045,8409527,482,CDS
28711,8408712,8408986,274,CDS
28712,8408511,8408658,147,CDS
28713,8408253,8408453,200,CDS
28714,8408071,8408191,120,CDS
28715,8407856,8408012,156,CDS
28716,8407522,8407799,277,CDS
28717,8407371,8407466,95,CDS
28718,8411429,8411493,64,CDS
28719,8411115,8411345,230,CDS
28720,8409589,8411043,1454,CDS
28721,8409045,8409527,482,CDS
28722,8408712,8408986,274,CDS
28723,8408511,8408658,147,CDS
28724,8408253,8408453,200,CDS
28725,8408071,8408191,120,CDS
28726,8407856,8408012,156,CDS
28727,8407522,8407799,277,CDS
28728,8407371,8407466,95,CDS
28729,8411851,8415910,4059,gene
28730,8411851,8412008,157,mRNA
28731,8412062,8412227,165,mRNA
28732,8412298,8412809,511,mRNA
28733,8414218,8414282,64,mRNA
28734,8414345,8415075,730,mRNA
28735,8415135,8415457,322,mRNA
28736,8415527,8415660,133,mRNA
28737,8415716,8415910,194,mRNA
28738,8411961,8412008,47,CDS
28739,8412062,8412227,165,CDS
28740,8412298,8412809,511,CDS
28741,8414218,8414282,64,CDS
28742,8414345,8415075,730,CDS
28743,8415135,8415457,322,CDS
28744,8415527,8415660,133,CDS
28745,8415716,8415818,102,CDS
28746,8413012,8414103,1091,gene
28747,8413012,8414103,1091,mRNA
28748,8413075,8413728,653,CDS
28749,8415857,8422205,6348,gene
28750,8420841,8422205,1364,mRNA
28751,8416839,8417859,1020,mRNA
28752,8416585,8416782,197,mRNA
28753,8415857,8416523,666,mRNA
28754,8420841,8421066,225,CDS
28755,8416839,8417859,1020,CDS
28756,8416585,8416782,197,CDS
28757,8415980,8416523,543,CDS
28758,8424954,8432246,7292,gene
28759,8424954,8425862,908,mRNA
28760,8426406,8426813,407,mRNA
28761,8426902,8427026,124,mRNA
28762,8427092,8427213,121,mRNA
28763,8427272,8427403,131,mRNA
28764,8429041,8432246,3205,mRNA
28765,8424954,8425862,908,mRNA
28766,8426406,8426813,407,mRNA
28767,8426902,8427026,124,mRNA
28768,8427092,8427213,121,mRNA
28769,8427272,8428655,1383,mRNA
28770,8425309,8425862,553,CDS
28771,8426406,8426813,407,CDS
28772,8426902,8427026,124,CDS
28773,8427092,8427213,121,CDS
28774,8427272,8427403,131,CDS
28775,8429041,8430336,1295,CDS
28776,8425309,8425862,553,CDS
28777,8426406,8426813,407,CDS
28778,8426902,8427026,124,CDS
28779,8427092,8427213,121,CDS
28780,8427272,8427409,137,CDS
28781,8432322,8442381,10059,gene
28782,8442207,8442315,108,mRNA
28783,8438193,8441718,3525,mRNA
28784,8437508,8438055,547,mRNA
28785,8437039,8437433,394,mRNA
28786,8436765,8436972,207,mRNA
28787,8436246,8436689,443,mRNA
28788,8436022,8436175,153,mRNA
28789,8435791,8435960,169,mRNA
28790,8434784,8435731,947,mRNA
28791,8434550,8434727,177,mRNA
28792,8432322,8434485,2163,mRNA
28793,8438193,8441707,3514,mRNA
28794,8437508,8438055,547,mRNA
28795,8437039,8437433,394,mRNA
28796,8436246,8436972,726,mRNA
28797,8436022,8436175,153,mRNA
28798,8435791,8435960,169,mRNA
28799,8434784,8435731,947,mRNA
28800,8434550,8434727,177,mRNA
28801,8432322,8434485,2163,mRNA
28802,8438193,8441707,3514,mRNA
28803,8437508,8438055,547,mRNA
28804,8437039,8437433,394,mRNA
28805,8436246,8436972,726,mRNA
28806,8436022,8436175,153,mRNA
28807,8435791,8435960,169,mRNA
28808,8434784,8435731,947,mRNA
28809,8434550,8434727,177,mRNA
28810,8433232,8434485,1253,mRNA
28811,8438193,8438690,497,mRNA
28812,8437508,8438055,547,mRNA
28813,8437039,8437433,394,mRNA
28814,8436246,8436972,726,mRNA
28815,8436022,8436175,153,mRNA
28816,8435791,8435960,169,mRNA
28817,8434784,8435731,947,mRNA
28818,8434550,8434727,177,mRNA
28819,8433232,8434485,1253,mRNA
28820,8442333,8442381,48,mRNA
28821,8438193,8441718,3525,mRNA
28822,8437508,8438055,547,mRNA
28823,8437039,8437433,394,mRNA
28824,8436765,8436972,207,mRNA
28825,8436246,8436710,464,mRNA
28826,8436022,8436175,153,mRNA
28827,8435791,8435960,169,mRNA
28828,8434784,8435731,947,mRNA
28829,8434550,8434727,177,mRNA
28830,8434048,8434485,437,mRNA
28831,8438193,8438229,36,CDS
28832,8437508,8438055,547,CDS
28833,8437039,8437433,394,CDS
28834,8436765,8436972,207,CDS
28835,8436246,8436689,443,CDS
28836,8436022,8436175,153,CDS
28837,8435791,8435960,169,CDS
28838,8434784,8435731,947,CDS
28839,8434550,8434727,177,CDS
28840,8434469,8434485,16,CDS
28841,8438193,8438229,36,CDS
28842,8437508,8438055,547,CDS
28843,8437039,8437433,394,CDS
28844,8436765,8436972,207,CDS
28845,8436246,8436710,464,CDS
28846,8436022,8436175,153,CDS
28847,8435791,8435960,169,CDS
28848,8434784,8435731,947,CDS
28849,8434550,8434727,177,CDS
28850,8434469,8434485,16,CDS
28851,8438193,8438229,36,CDS
28852,8437508,8438055,547,CDS
28853,8437039,8437433,394,CDS
28854,8436246,8436972,726,CDS
28855,8436022,8436175,153,CDS
28856,8435791,8435960,169,CDS
28857,8434784,8435731,947,CDS
28858,8434550,8434727,177,CDS
28859,8434469,8434485,16,CDS
28860,8438193,8438229,36,CDS
28861,8437508,8438055,547,CDS
28862,8437039,8437433,394,CDS
28863,8436246,8436972,726,CDS
28864,8436022,8436175,153,CDS
28865,8435791,8435960,169,CDS
28866,8434784,8435731,947,CDS
28867,8434550,8434727,177,CDS
28868,8434469,8434485,16,CDS
28869,8438193,8438229,36,CDS
28870,8437508,8438055,547,CDS
28871,8437039,8437433,394,CDS
28872,8436246,8436972,726,CDS
28873,8436022,8436175,153,CDS
28874,8435791,8435960,169,CDS
28875,8434784,8435731,947,CDS
28876,8434550,8434727,177,CDS
28877,8434469,8434485,16,CDS
28878,8443042,8449377,6335,gene
28879,8449149,8449377,228,mRNA
28880,8443042,8444552,1510,mRNA
28881,8449149,8449377,228,mRNA
28882,8443480,8444552,1072,mRNA
28883,8449149,8449185,36,CDS
28884,8444047,8444552,505,CDS
28885,8449149,8449185,36,CDS
28886,8444047,8444552,505,CDS
28887,8449922,8472669,22747,gene
28888,8449922,8450457,535,mRNA
28889,8451775,8452128,353,mRNA
28890,8461972,8462103,131,mRNA
28891,8463004,8463237,233,mRNA
28892,8463301,8468074,4773,mRNA
28893,8468135,8468258,123,mRNA
28894,8468339,8468483,144,mRNA
28895,8468544,8468704,160,mRNA
28896,8468867,8468923,56,mRNA
28897,8469410,8469493,83,mRNA
28898,8469565,8469691,126,mRNA
28899,8470154,8470187,33,mRNA
28900,8470285,8470379,94,mRNA
28901,8470440,8470483,43,mRNA
28902,8470755,8471039,284,mRNA
28903,8471152,8472669,1517,mRNA
28904,8449922,8450457,535,mRNA
28905,8451775,8452128,353,mRNA
28906,8461972,8462103,131,mRNA
28907,8463004,8463237,233,mRNA
28908,8463301,8468074,4773,mRNA
28909,8468135,8468258,123,mRNA
28910,8468339,8468483,144,mRNA
28911,8468544,8468704,160,mRNA
28912,8468867,8468923,56,mRNA
28913,8469410,8469493,83,mRNA
28914,8469565,8469682,117,mRNA
28915,8470088,8470187,99,mRNA
28916,8470285,8470379,94,mRNA
28917,8470431,8470483,52,mRNA
28918,8471152,8472669,1517,mRNA
28919,8449922,8450457,535,mRNA
28920,8451775,8452128,353,mRNA
28921,8461972,8462103,131,mRNA
28922,8463004,8463237,233,mRNA
28923,8463301,8468074,4773,mRNA
28924,8468135,8468258,123,mRNA
28925,8468339,8468483,144,mRNA
28926,8468544,8468704,160,mRNA
28927,8468867,8468923,56,mRNA
28928,8469410,8469493,83,mRNA
28929,8469565,8469682,117,mRNA
28930,8470154,8470187,33,mRNA
28931,8470285,8470379,94,mRNA
28932,8470431,8470483,52,mRNA
28933,8470755,8471039,284,mRNA
28934,8471152,8472669,1517,mRNA
28935,8449922,8450457,535,mRNA
28936,8451775,8452128,353,mRNA
28937,8461972,8462103,131,mRNA
28938,8463004,8463237,233,mRNA
28939,8463301,8468074,4773,mRNA
28940,8468135,8468258,123,mRNA
28941,8468339,8468483,144,mRNA
28942,8468544,8468704,160,mRNA
28943,8469410,8469493,83,mRNA
28944,8469565,8469682,117,mRNA
28945,8470088,8470187,99,mRNA
28946,8470285,8470379,94,mRNA
28947,8470431,8470483,52,mRNA
28948,8470755,8471039,284,mRNA
28949,8471152,8472669,1517,mRNA
28950,8449922,8450457,535,mRNA
28951,8451775,8452128,353,mRNA
28952,8461972,8462088,116,mRNA
28953,8463004,8463237,233,mRNA
28954,8463301,8468074,4773,mRNA
28955,8468135,8468258,123,mRNA
28956,8468339,8468483,144,mRNA
28957,8468544,8468704,160,mRNA
28958,8469410,8469493,83,mRNA
28959,8469565,8469682,117,mRNA
28960,8470088,8470187,99,mRNA
28961,8470285,8470379,94,mRNA
28962,8470431,8470483,52,mRNA
28963,8470755,8471039,284,mRNA
28964,8471152,8472669,1517,mRNA
28965,8449922,8450457,535,mRNA
28966,8461972,8462103,131,mRNA
28967,8463004,8463237,233,mRNA
28968,8463301,8468074,4773,mRNA
28969,8468135,8468258,123,mRNA
28970,8468339,8468483,144,mRNA
28971,8468544,8468704,160,mRNA
28972,8468867,8468923,56,mRNA
28973,8469410,8469493,83,mRNA
28974,8469565,8469682,117,mRNA
28975,8470154,8470187,33,mRNA
28976,8470285,8470379,94,mRNA
28977,8470431,8470483,52,mRNA
28978,8470755,8471039,284,mRNA
28979,8471152,8472669,1517,mRNA
28980,8449922,8450457,535,mRNA
28981,8461972,8462103,131,mRNA
28982,8463004,8463237,233,mRNA
28983,8463301,8468074,4773,mRNA
28984,8468135,8468258,123,mRNA
28985,8468339,8468483,144,mRNA
28986,8468547,8468704,157,mRNA
28987,8468867,8468923,56,mRNA
28988,8469410,8469493,83,mRNA
28989,8469565,8469691,126,mRNA
28990,8470088,8470187,99,mRNA
28991,8470285,8470379,94,mRNA
28992,8470440,8470483,43,mRNA
28993,8470755,8471039,284,mRNA
28994,8471152,8472669,1517,mRNA
28995,8450648,8450687,39,mRNA
28996,8451775,8452128,353,mRNA
28997,8461972,8462103,131,mRNA
28998,8463004,8463237,233,mRNA
28999,8463301,8468074,4773,mRNA
29000,8468135,8468258,123,mRNA
29001,8468339,8468483,144,mRNA
29002,8468544,8468704,160,mRNA
29003,8468867,8468923,56,mRNA
29004,8469410,8469493,83,mRNA
29005,8469565,8469691,126,mRNA
29006,8470154,8470187,33,mRNA
29007,8470285,8470379,94,mRNA
29008,8470431,8470483,52,mRNA
29009,8470755,8471039,284,mRNA
29010,8471152,8472669,1517,mRNA
29011,8450648,8450687,39,mRNA
29012,8451775,8452128,353,mRNA
29013,8461972,8462103,131,mRNA
29014,8463004,8463237,233,mRNA
29015,8463301,8468074,4773,mRNA
29016,8468135,8468258,123,mRNA
29017,8468339,8468483,144,mRNA
29018,8468544,8468704,160,mRNA
29019,8469410,8469493,83,mRNA
29020,8469565,8469691,126,mRNA
29021,8470154,8470187,33,mRNA
29022,8470285,8470379,94,mRNA
29023,8470440,8470483,43,mRNA
29024,8470755,8471039,284,mRNA
29025,8471152,8472669,1517,mRNA
29026,8462041,8462103,62,CDS
29027,8463004,8463237,233,CDS
29028,8463301,8468074,4773,CDS
29029,8468135,8468258,123,CDS
29030,8468339,8468483,144,CDS
29031,8468544,8468704,160,CDS
29032,8468867,8468923,56,CDS
29033,8469410,8469493,83,CDS
29034,8469565,8469682,117,CDS
29035,8470088,8470187,99,CDS
29036,8470285,8470379,94,CDS
29037,8470431,8470483,52,CDS
29038,8471152,8471167,15,CDS
29039,8462041,8462103,62,CDS
29040,8463004,8463237,233,CDS
29041,8463301,8468074,4773,CDS
29042,8468135,8468258,123,CDS
29043,8468339,8468483,144,CDS
29044,8468544,8468704,160,CDS
29045,8468867,8468923,56,CDS
29046,8469410,8469493,83,CDS
29047,8469565,8469691,126,CDS
29048,8470154,8470187,33,CDS
29049,8470285,8470379,94,CDS
29050,8470431,8470483,52,CDS
29051,8470755,8470770,15,CDS
29052,8462041,8462103,62,CDS
29053,8463004,8463237,233,CDS
29054,8463301,8468074,4773,CDS
29055,8468135,8468258,123,CDS
29056,8468339,8468483,144,CDS
29057,8468544,8468704,160,CDS
29058,8468867,8468923,56,CDS
29059,8469410,8469493,83,CDS
29060,8469565,8469691,126,CDS
29061,8470154,8470187,33,CDS
29062,8470285,8470379,94,CDS
29063,8470440,8470483,43,CDS
29064,8470755,8470770,15,CDS
29065,8462041,8462103,62,CDS
29066,8463004,8463237,233,CDS
29067,8463301,8468074,4773,CDS
29068,8468135,8468258,123,CDS
29069,8468339,8468483,144,CDS
29070,8468544,8468704,160,CDS
29071,8468867,8468923,56,CDS
29072,8469410,8469493,83,CDS
29073,8469565,8469682,117,CDS
29074,8470154,8470187,33,CDS
29075,8470285,8470379,94,CDS
29076,8470431,8470483,52,CDS
29077,8470755,8470770,15,CDS
29078,8462041,8462103,62,CDS
29079,8463004,8463237,233,CDS
29080,8463301,8468074,4773,CDS
29081,8468135,8468258,123,CDS
29082,8468339,8468483,144,CDS
29083,8468544,8468704,160,CDS
29084,8468867,8468923,56,CDS
29085,8469410,8469493,83,CDS
29086,8469565,8469682,117,CDS
29087,8470154,8470187,33,CDS
29088,8470285,8470379,94,CDS
29089,8470431,8470483,52,CDS
29090,8470755,8470770,15,CDS
29091,8462041,8462103,62,CDS
29092,8463004,8463237,233,CDS
29093,8463301,8468074,4773,CDS
29094,8468135,8468258,123,CDS
29095,8468339,8468483,144,CDS
29096,8468544,8468704,160,CDS
29097,8469410,8469493,83,CDS
29098,8469565,8469691,126,CDS
29099,8470154,8470187,33,CDS
29100,8470285,8470379,94,CDS
29101,8470440,8470483,43,CDS
29102,8470755,8470770,15,CDS
29103,8462041,8462103,62,CDS
29104,8463004,8463237,233,CDS
29105,8463301,8468074,4773,CDS
29106,8468135,8468258,123,CDS
29107,8468339,8468483,144,CDS
29108,8468544,8468704,160,CDS
29109,8469410,8469493,83,CDS
29110,8469565,8469682,117,CDS
29111,8470088,8470187,99,CDS
29112,8470285,8470379,94,CDS
29113,8470431,8470483,52,CDS
29114,8470755,8470770,15,CDS
29115,8462041,8462103,62,CDS
29116,8463004,8463237,233,CDS
29117,8463301,8468074,4773,CDS
29118,8468135,8468258,123,CDS
29119,8468339,8468483,144,CDS
29120,8468547,8468704,157,CDS
29121,8468867,8468923,56,CDS
29122,8469410,8469493,83,CDS
29123,8469565,8469691,126,CDS
29124,8470088,8470187,99,CDS
29125,8470285,8470379,94,CDS
29126,8470440,8470483,43,CDS
29127,8470755,8470770,15,CDS
29128,8462041,8462088,47,CDS
29129,8463004,8463237,233,CDS
29130,8463301,8468074,4773,CDS
29131,8468135,8468258,123,CDS
29132,8468339,8468483,144,CDS
29133,8468544,8468704,160,CDS
29134,8469410,8469493,83,CDS
29135,8469565,8469682,117,CDS
29136,8470088,8470187,99,CDS
29137,8470285,8470379,94,CDS
29138,8470431,8470483,52,CDS
29139,8470755,8470770,15,CDS
29140,8472807,8507146,34339,gene
29141,8507090,8507146,56,mRNA
29142,8494119,8494311,192,mRNA
29143,8478615,8480684,2069,mRNA
29144,8477381,8478548,1167,mRNA
29145,8475635,8477318,1683,mRNA
29146,8474803,8475572,769,mRNA
29147,8472807,8474742,1935,mRNA
29148,8507090,8507146,56,mRNA
29149,8506108,8506199,91,mRNA
29150,8494119,8494311,192,mRNA
29151,8478615,8480684,2069,mRNA
29152,8477381,8478548,1167,mRNA
29153,8475635,8477318,1683,mRNA
29154,8474803,8475572,769,mRNA
29155,8472807,8474742,1935,mRNA
29156,8494119,8494262,143,CDS
29157,8478615,8480684,2069,CDS
29158,8477381,8478548,1167,CDS
29159,8475635,8477318,1683,CDS
29160,8474803,8475572,769,CDS
29161,8473007,8474742,1735,CDS
29162,8494119,8494262,143,CDS
29163,8478615,8480684,2069,CDS
29164,8477381,8478548,1167,CDS
29165,8475635,8477318,1683,CDS
29166,8474803,8475572,769,CDS
29167,8473007,8474742,1735,CDS
29168,8481828,8490928,9100,mobile_element
29169,8498352,8505761,7409,mobile_element
29170,8507469,8509763,2294,gene
29171,8508977,8509763,786,mRNA
29172,8508333,8508878,545,mRNA
29173,8508040,8508235,195,mRNA
29174,8507469,8507981,512,mRNA
29175,8508977,8509644,667,CDS
29176,8508333,8508878,545,CDS
29177,8508040,8508235,195,CDS
29178,8507598,8507981,383,CDS
29179,8510003,8513007,3004,gene
29180,8510003,8510203,200,mRNA
29181,8510264,8510451,187,mRNA
29182,8510513,8510884,371,mRNA
29183,8510940,8511042,102,mRNA
29184,8511102,8513007,1905,mRNA
29185,8510085,8510203,118,CDS
29186,8510264,8510451,187,CDS
29187,8510513,8510884,371,CDS
29188,8510940,8511042,102,CDS
29189,8511102,8512524,1422,CDS
29190,8512767,8518738,5971,gene
29191,8512767,8513073,306,mRNA
29192,8515071,8515165,94,mRNA
29193,8515384,8516450,1066,mRNA
29194,8516513,8517066,553,mRNA
29195,8517200,8517258,58,mRNA
29196,8517316,8517417,101,mRNA
29197,8517472,8518738,1266,mRNA
29198,8512767,8513073,306,mRNA
29199,8515071,8515165,94,mRNA
29200,8515384,8516450,1066,mRNA
29201,8516513,8517066,553,mRNA
29202,8517200,8517258,58,mRNA
29203,8517316,8518614,1298,mRNA
29204,8512767,8513073,306,mRNA
29205,8515071,8515165,94,mRNA
29206,8515384,8516450,1066,mRNA
29207,8516513,8517066,553,mRNA
29208,8517200,8517258,58,mRNA
29209,8517316,8517417,101,mRNA
29210,8517472,8518614,1142,mRNA
29211,8513874,8514921,1047,gene
29212,8514700,8514921,221,mRNA
29213,8513874,8514641,767,mRNA
29214,8514700,8514847,147,CDS
29215,8514196,8514641,445,CDS
29216,8515089,8515165,76,CDS
29217,8515384,8516450,1066,CDS
29218,8516513,8517066,553,CDS
29219,8517200,8517258,58,CDS
29220,8517316,8517417,101,CDS
29221,8517472,8517658,186,CDS
29222,8515089,8515165,76,CDS
29223,8515384,8516450,1066,CDS
29224,8516513,8517066,553,CDS
29225,8517200,8517258,58,CDS
29226,8517316,8517417,101,CDS
29227,8517472,8517658,186,CDS
29228,8515089,8515165,76,CDS
29229,8515384,8516450,1066,CDS
29230,8516513,8517066,553,CDS
29231,8517200,8517258,58,CDS
29232,8517316,8517430,114,CDS
29233,8518885,8520295,1410,gene
29234,8518885,8518981,96,mRNA
29235,8519512,8520295,783,mRNA
29236,8518954,8518981,27,CDS
29237,8519512,8520209,697,CDS
29238,8520552,8521489,937,gene
29239,8520552,8520617,65,mRNA
29240,8520674,8521242,568,mRNA
29241,8521300,8521489,189,mRNA
29242,8520590,8520617,27,CDS
29243,8520674,8521242,568,CDS
29244,8521300,8521434,134,CDS
29245,8521429,8523501,2072,gene
29246,8523401,8523501,100,mRNA
29247,8521732,8522318,586,mRNA
29248,8521429,8521672,243,mRNA
29249,8523401,8523431,30,CDS
29250,8521732,8522318,586,CDS
29251,8521535,8521672,137,CDS
29252,8523401,8523501,100,mRNA
29253,8522411,8523221,810,mRNA
29254,8523401,8523431,30,CDS
29255,8522500,8523221,721,CDS
29256,8523742,8524866,1124,gene
29257,8524775,8524866,91,mRNA
29258,8524134,8524717,583,mRNA
29259,8523953,8524074,121,mRNA
29260,8523742,8523897,155,mRNA
29261,8524775,8524802,27,CDS
29262,8524134,8524717,583,CDS
29263,8523953,8524074,121,CDS
29264,8523867,8523897,30,CDS
29265,8525244,8534503,9259,gene
29266,8525244,8525704,460,mRNA
29267,8530560,8531149,589,mRNA
29268,8531217,8531565,348,mRNA
29269,8531635,8531804,169,mRNA
29270,8531867,8532874,1007,mRNA
29271,8532941,8534503,1562,mRNA
29272,8525244,8525704,460,mRNA
29273,8530560,8531149,589,mRNA
29274,8531217,8531565,348,mRNA
29275,8531635,8531804,169,mRNA
29276,8531867,8532874,1007,mRNA
29277,8532941,8533984,1043,mRNA
29278,8525244,8525389,145,mRNA
29279,8530560,8531149,589,mRNA
29280,8531217,8531565,348,mRNA
29281,8531635,8531804,169,mRNA
29282,8531867,8532874,1007,mRNA
29283,8532941,8533984,1043,mRNA
29284,8528712,8528780,68,mRNA
29285,8530560,8531149,589,mRNA
29286,8531217,8531565,348,mRNA
29287,8531635,8531804,169,mRNA
29288,8531867,8532874,1007,mRNA
29289,8532941,8533984,1043,mRNA
29290,8530721,8531149,428,CDS
29291,8531217,8531565,348,CDS
29292,8531635,8531804,169,CDS
29293,8531867,8532874,1007,CDS
29294,8532941,8533105,164,CDS
29295,8530721,8531149,428,CDS
29296,8531217,8531565,348,CDS
29297,8531635,8531804,169,CDS
29298,8531867,8532874,1007,CDS
29299,8532941,8533105,164,CDS
29300,8530721,8531149,428,CDS
29301,8531217,8531565,348,CDS
29302,8531635,8531804,169,CDS
29303,8531867,8532874,1007,CDS
29304,8532941,8533105,164,CDS
29305,8530721,8531149,428,CDS
29306,8531217,8531565,348,CDS
29307,8531635,8531804,169,CDS
29308,8531867,8532874,1007,CDS
29309,8532941,8533105,164,CDS
29310,8534977,8538013,3036,gene
29311,8534977,8535186,209,mRNA
29312,8535374,8536092,718,mRNA
29313,8536168,8536643,475,mRNA
29314,8536891,8537016,125,mRNA
29315,8537082,8538013,931,mRNA
29316,8534977,8535186,209,mRNA
29317,8535374,8536092,718,mRNA
29318,8536168,8536643,475,mRNA
29319,8536891,8537016,125,mRNA
29320,8537082,8537581,499,mRNA
29321,8535006,8535186,180,CDS
29322,8535374,8536092,718,CDS
29323,8536168,8536643,475,CDS
29324,8536891,8537016,125,CDS
29325,8537082,8537118,36,CDS
29326,8535006,8535186,180,CDS
29327,8535374,8536092,718,CDS
29328,8536168,8536643,475,CDS
29329,8536891,8537016,125,CDS
29330,8537082,8537118,36,CDS
29331,8545001,8574409,29408,gene
29332,8545001,8545089,88,mRNA
29333,8555731,8555971,240,mRNA
29334,8561359,8561617,258,mRNA
29335,8561687,8562085,398,mRNA
29336,8562145,8562336,191,mRNA
29337,8562396,8562474,78,mRNA
29338,8562533,8563036,503,mRNA
29339,8563100,8563188,88,mRNA
29340,8563546,8563634,88,mRNA
29341,8563979,8564095,116,mRNA
29342,8564157,8568744,4587,mRNA
29343,8568811,8569001,190,mRNA
29344,8570968,8571084,116,mRNA
29345,8571146,8571661,515,mRNA
29346,8572018,8572677,659,mRNA
29347,8572898,8573472,574,mRNA
29348,8573531,8574409,878,mRNA
29349,8545001,8545089,88,mRNA
29350,8555731,8555971,240,mRNA
29351,8561359,8561617,258,mRNA
29352,8561687,8562085,398,mRNA
29353,8562145,8562336,191,mRNA
29354,8562396,8562474,78,mRNA
29355,8562533,8563036,503,mRNA
29356,8563100,8563188,88,mRNA
29357,8563882,8563907,25,mRNA
29358,8563979,8564095,116,mRNA
29359,8564157,8568744,4587,mRNA
29360,8568811,8569001,190,mRNA
29361,8570968,8571084,116,mRNA
29362,8571146,8571661,515,mRNA
29363,8572018,8572677,659,mRNA
29364,8572898,8573472,574,mRNA
29365,8573531,8574409,878,mRNA
29366,8545001,8545089,88,mRNA
29367,8555731,8555971,240,mRNA
29368,8561359,8561617,258,mRNA
29369,8561687,8562085,398,mRNA
29370,8562145,8562336,191,mRNA
29371,8562396,8562474,78,mRNA
29372,8562533,8563036,503,mRNA
29373,8563100,8563188,88,mRNA
29374,8563546,8563634,88,mRNA
29375,8563979,8564095,116,mRNA
29376,8564157,8568744,4587,mRNA
29377,8568811,8569001,190,mRNA
29378,8570309,8570732,423,mRNA
29379,8546675,8546875,200,mRNA
29380,8555731,8555981,250,mRNA
29381,8561359,8561617,258,mRNA
29382,8561687,8562085,398,mRNA
29383,8562145,8562336,191,mRNA
29384,8562396,8562474,78,mRNA
29385,8562533,8563036,503,mRNA
29386,8563100,8563188,88,mRNA
29387,8563546,8563634,88,mRNA
29388,8563979,8564095,116,mRNA
29389,8564157,8568744,4587,mRNA
29390,8568811,8569001,190,mRNA
29391,8570968,8571084,116,mRNA
29392,8571146,8571661,515,mRNA
29393,8572018,8572677,659,mRNA
29394,8573339,8573472,133,mRNA
29395,8573531,8574409,878,mRNA
29396,8546675,8546875,200,mRNA
29397,8555731,8555971,240,mRNA
29398,8561359,8561617,258,mRNA
29399,8561687,8562085,398,mRNA
29400,8562145,8562336,191,mRNA
29401,8562396,8562474,78,mRNA
29402,8562533,8563036,503,mRNA
29403,8563100,8563188,88,mRNA
29404,8563546,8563634,88,mRNA
29405,8563882,8563907,25,mRNA
29406,8563979,8564095,116,mRNA
29407,8564157,8568744,4587,mRNA
29408,8568811,8569001,190,mRNA
29409,8570968,8571084,116,mRNA
29410,8571146,8571661,515,mRNA
29411,8572018,8572677,659,mRNA
29412,8572898,8573472,574,mRNA
29413,8573531,8574409,878,mRNA
29414,8546675,8546875,200,mRNA
29415,8555731,8555971,240,mRNA
29416,8561359,8561617,258,mRNA
29417,8561687,8562085,398,mRNA
29418,8562145,8562336,191,mRNA
29419,8562396,8562474,78,mRNA
29420,8562533,8563036,503,mRNA
29421,8563100,8563188,88,mRNA
29422,8563546,8563634,88,mRNA
29423,8563979,8564095,116,mRNA
29424,8564157,8568744,4587,mRNA
29425,8568811,8569001,190,mRNA
29426,8570309,8570732,423,mRNA
29427,8557964,8558646,682,mRNA
29428,8561359,8561617,258,mRNA
29429,8561687,8562085,398,mRNA
29430,8562145,8562336,191,mRNA
29431,8562396,8562474,78,mRNA
29432,8562533,8563036,503,mRNA
29433,8563100,8563188,88,mRNA
29434,8563546,8563634,88,mRNA
29435,8563979,8564095,116,mRNA
29436,8564157,8568744,4587,mRNA
29437,8568811,8569001,190,mRNA
29438,8570968,8571084,116,mRNA
29439,8571146,8571661,515,mRNA
29440,8572018,8572677,659,mRNA
29441,8572898,8573472,574,mRNA
29442,8573531,8574409,878,mRNA
29443,8560168,8560322,154,mRNA
29444,8561359,8561617,258,mRNA
29445,8561687,8562085,398,mRNA
29446,8562145,8562336,191,mRNA
29447,8562396,8562474,78,mRNA
29448,8562533,8563036,503,mRNA
29449,8563100,8563188,88,mRNA
29450,8563546,8563634,88,mRNA
29451,8563979,8564095,116,mRNA
29452,8564157,8568744,4587,mRNA
29453,8568811,8569001,190,mRNA
29454,8570968,8571084,116,mRNA
29455,8571146,8571661,515,mRNA
29456,8572018,8572677,659,mRNA
29457,8572898,8573472,574,mRNA
29458,8573531,8574409,878,mRNA
29459,8561482,8561617,135,CDS
29460,8561687,8562085,398,CDS
29461,8562145,8562336,191,CDS
29462,8562396,8562474,78,CDS
29463,8562533,8563036,503,CDS
29464,8563100,8563188,88,CDS
29465,8563546,8563634,88,CDS
29466,8563979,8564095,116,CDS
29467,8564157,8568744,4587,CDS
29468,8568811,8569001,190,CDS
29469,8570968,8571084,116,CDS
29470,8571146,8571661,515,CDS
29471,8572018,8572677,659,CDS
29472,8572898,8573472,574,CDS
29473,8573531,8573789,258,CDS
29474,8561482,8561617,135,CDS
29475,8561687,8562085,398,CDS
29476,8562145,8562336,191,CDS
29477,8562396,8562474,78,CDS
29478,8562533,8563036,503,CDS
29479,8563100,8563188,88,CDS
29480,8563546,8563634,88,CDS
29481,8563979,8564095,116,CDS
29482,8564157,8568744,4587,CDS
29483,8568811,8569001,190,CDS
29484,8570968,8571084,116,CDS
29485,8571146,8571661,515,CDS
29486,8572018,8572677,659,CDS
29487,8572898,8573472,574,CDS
29488,8573531,8573789,258,CDS
29489,8561482,8561617,135,CDS
29490,8561687,8562085,398,CDS
29491,8562145,8562336,191,CDS
29492,8562396,8562474,78,CDS
29493,8562533,8563036,503,CDS
29494,8563100,8563188,88,CDS
29495,8563546,8563634,88,CDS
29496,8563979,8564095,116,CDS
29497,8564157,8568744,4587,CDS
29498,8568811,8569001,190,CDS
29499,8570968,8571084,116,CDS
29500,8571146,8571661,515,CDS
29501,8572018,8572677,659,CDS
29502,8572898,8573472,574,CDS
29503,8573531,8573789,258,CDS
29504,8561482,8561617,135,CDS
29505,8561687,8562085,398,CDS
29506,8562145,8562336,191,CDS
29507,8562396,8562474,78,CDS
29508,8562533,8563036,503,CDS
29509,8563100,8563188,88,CDS
29510,8563546,8563634,88,CDS
29511,8563979,8564095,116,CDS
29512,8564157,8568744,4587,CDS
29513,8568811,8569001,190,CDS
29514,8570968,8571084,116,CDS
29515,8571146,8571661,515,CDS
29516,8572018,8572677,659,CDS
29517,8573339,8573472,133,CDS
29518,8573531,8573789,258,CDS
29519,8561482,8561617,135,CDS
29520,8561687,8562085,398,CDS
29521,8562145,8562336,191,CDS
29522,8562396,8562474,78,CDS
29523,8562533,8563036,503,CDS
29524,8563100,8563188,88,CDS
29525,8563882,8563907,25,CDS
29526,8563979,8564095,116,CDS
29527,8564157,8568744,4587,CDS
29528,8568811,8569001,190,CDS
29529,8570968,8571084,116,CDS
29530,8571146,8571661,515,CDS
29531,8572018,8572677,659,CDS
29532,8572898,8573472,574,CDS
29533,8573531,8573789,258,CDS
29534,8561482,8561617,135,CDS
29535,8561687,8562085,398,CDS
29536,8562145,8562336,191,CDS
29537,8562396,8562474,78,CDS
29538,8562533,8563036,503,CDS
29539,8563100,8563188,88,CDS
29540,8563546,8563634,88,CDS
29541,8563979,8564095,116,CDS
29542,8564157,8568744,4587,CDS
29543,8568811,8569001,190,CDS
29544,8570309,8570434,125,CDS
29545,8561482,8561617,135,CDS
29546,8561687,8562085,398,CDS
29547,8562145,8562336,191,CDS
29548,8562396,8562474,78,CDS
29549,8562533,8563036,503,CDS
29550,8563100,8563188,88,CDS
29551,8563546,8563634,88,CDS
29552,8563979,8564095,116,CDS
29553,8564157,8568744,4587,CDS
29554,8568811,8569001,190,CDS
29555,8570309,8570434,125,CDS
29556,8561482,8561617,135,CDS
29557,8561687,8562085,398,CDS
29558,8562145,8562336,191,CDS
29559,8562396,8562474,78,CDS
29560,8562533,8563036,503,CDS
29561,8563100,8563188,88,CDS
29562,8563546,8563634,88,CDS
29563,8563882,8563907,25,CDS
29564,8563979,8564006,27,CDS
29565,8569335,8569864,529,gene
29566,8569335,8569864,529,ncRNA
29567,8571799,8571898,99,gene
29568,8571799,8571898,99,precursor_RNA
29569,8571822,8571845,23,ncRNA
29570,8571863,8571884,21,ncRNA
29571,8574407,8576078,1671,gene
29572,8575781,8576078,297,mRNA
29573,8575599,8575724,125,mRNA
29574,8574407,8575496,1089,mRNA
29575,8575781,8575995,214,CDS
29576,8575599,8575724,125,CDS
29577,8574575,8575496,921,CDS
29578,8576808,8599617,22809,gene
29579,8576808,8579136,2328,mRNA
29580,8579474,8579624,150,mRNA
29581,8585971,8586956,985,mRNA
29582,8587344,8588818,1474,mRNA
29583,8593467,8595441,1974,mRNA
29584,8595553,8595794,241,mRNA
29585,8595861,8596103,242,mRNA
29586,8596412,8599617,3205,mRNA
29587,8578742,8579136,394,mRNA
29588,8579474,8579639,165,mRNA
29589,8581763,8581855,92,mRNA
29590,8585971,8586956,985,mRNA
29591,8587344,8588818,1474,mRNA
29592,8593467,8595441,1974,mRNA
29593,8595553,8595794,241,mRNA
29594,8596412,8599617,3205,mRNA
29595,8578742,8579136,394,mRNA
29596,8579474,8579624,150,mRNA
29597,8585971,8586956,985,mRNA
29598,8587344,8588818,1474,mRNA
29599,8593467,8595441,1974,mRNA
29600,8595553,8595794,241,mRNA
29601,8595861,8596103,242,mRNA
29602,8596412,8599617,3205,mRNA
29603,8578742,8579034,292,mRNA
29604,8579474,8579624,150,mRNA
29605,8581763,8581855,92,mRNA
29606,8585971,8586956,985,mRNA
29607,8587344,8588818,1474,mRNA
29608,8593467,8595441,1974,mRNA
29609,8595553,8595794,241,mRNA
29610,8595861,8596103,242,mRNA
29611,8596412,8599617,3205,mRNA
29612,8578742,8578961,219,mRNA
29613,8579474,8579639,165,mRNA
29614,8585971,8586956,985,mRNA
29615,8587344,8588818,1474,mRNA
29616,8593467,8595441,1974,mRNA
29617,8595553,8595794,241,mRNA
29618,8595861,8596103,242,mRNA
29619,8596412,8599617,3205,mRNA
29620,8578742,8578961,219,mRNA
29621,8579474,8579624,150,mRNA
29622,8585971,8586956,985,mRNA
29623,8587344,8588818,1474,mRNA
29624,8593467,8595441,1974,mRNA
29625,8595553,8595794,241,mRNA
29626,8596412,8599617,3205,mRNA
29627,8578742,8579136,394,mRNA
29628,8579474,8579624,150,mRNA
29629,8581763,8581855,92,mRNA
29630,8585971,8586956,985,mRNA
29631,8587344,8588818,1474,mRNA
29632,8588930,8589260,330,mRNA
29633,8593467,8595441,1974,mRNA
29634,8595553,8595794,241,mRNA
29635,8595861,8596311,450,mRNA
29636,8578742,8579136,394,mRNA
29637,8579474,8579624,150,mRNA
29638,8585971,8586956,985,mRNA
29639,8587344,8588818,1474,mRNA
29640,8593467,8595441,1974,mRNA
29641,8595553,8595794,241,mRNA
29642,8595861,8596311,450,mRNA
29643,8578742,8579136,394,mRNA
29644,8579474,8579624,150,mRNA
29645,8581763,8581855,92,mRNA
29646,8585971,8586956,985,mRNA
29647,8587344,8588818,1474,mRNA
29648,8593467,8595441,1974,mRNA
29649,8595553,8595794,241,mRNA
29650,8595861,8596306,445,mRNA
29651,8579513,8579639,126,CDS
29652,8581763,8581855,92,CDS
29653,8585971,8586956,985,CDS
29654,8587344,8588818,1474,CDS
29655,8593467,8595441,1974,CDS
29656,8595553,8595794,241,CDS
29657,8596412,8598908,2496,CDS
29658,8579513,8579639,126,CDS
29659,8585971,8586956,985,CDS
29660,8587344,8588818,1474,CDS
29661,8593467,8595441,1974,CDS
29662,8595553,8595794,241,CDS
29663,8595861,8596103,242,CDS
29664,8596412,8598908,2496,CDS
29665,8579513,8579624,111,CDS
29666,8581763,8581855,92,CDS
29667,8585971,8586956,985,CDS
29668,8587344,8588818,1474,CDS
29669,8593467,8595441,1974,CDS
29670,8595553,8595794,241,CDS
29671,8595861,8596103,242,CDS
29672,8596412,8598908,2496,CDS
29673,8579513,8579624,111,CDS
29674,8585971,8586956,985,CDS
29675,8587344,8588818,1474,CDS
29676,8593467,8595441,1974,CDS
29677,8595553,8595794,241,CDS
29678,8595861,8596103,242,CDS
29679,8596412,8598908,2496,CDS
29680,8579513,8579624,111,CDS
29681,8585971,8586956,985,CDS
29682,8587344,8588818,1474,CDS
29683,8593467,8595441,1974,CDS
29684,8595553,8595794,241,CDS
29685,8595861,8596103,242,CDS
29686,8596412,8598908,2496,CDS
29687,8579513,8579624,111,CDS
29688,8585971,8586956,985,CDS
29689,8587344,8588818,1474,CDS
29690,8593467,8595441,1974,CDS
29691,8595553,8595794,241,CDS
29692,8596412,8598908,2496,CDS
29693,8579513,8579624,111,CDS
29694,8581763,8581855,92,CDS
29695,8585971,8586956,985,CDS
29696,8587344,8588818,1474,CDS
29697,8593467,8595441,1974,CDS
29698,8595553,8595794,241,CDS
29699,8595861,8596107,246,CDS
29700,8579513,8579624,111,CDS
29701,8585971,8586956,985,CDS
29702,8587344,8588818,1474,CDS
29703,8593467,8595441,1974,CDS
29704,8595553,8595794,241,CDS
29705,8595861,8596107,246,CDS
29706,8579513,8579624,111,CDS
29707,8581763,8581855,92,CDS
29708,8585971,8586956,985,CDS
29709,8587344,8588818,1474,CDS
29710,8588930,8589218,288,CDS
29711,8583576,8583766,190,mRNA
29712,8585971,8586956,985,mRNA
29713,8587344,8588818,1474,mRNA
29714,8593467,8595441,1974,mRNA
29715,8595553,8595794,241,mRNA
29716,8595861,8596311,450,mRNA
29717,8583730,8583766,36,CDS
29718,8585971,8586956,985,CDS
29719,8587344,8588818,1474,CDS
29720,8593467,8595441,1974,CDS
29721,8595553,8595794,241,CDS
29722,8595861,8596107,246,CDS
29723,8585501,8585689,188,mRNA
29724,8585971,8586956,985,mRNA
29725,8587344,8588818,1474,mRNA
29726,8593467,8595441,1974,mRNA
29727,8595553,8595794,241,mRNA
29728,8595861,8596103,242,mRNA
29729,8596412,8599617,3205,mRNA
29730,8585501,8585689,188,mRNA
29731,8585971,8586956,985,mRNA
29732,8587344,8588818,1474,mRNA
29733,8593467,8595441,1974,mRNA
29734,8595553,8595794,241,mRNA
29735,8595861,8596311,450,mRNA
29736,8587902,8588818,916,CDS
29737,8593467,8595441,1974,CDS
29738,8595553,8595794,241,CDS
29739,8595861,8596103,242,CDS
29740,8596412,8598908,2496,CDS
29741,8587902,8588818,916,CDS
29742,8593467,8595441,1974,CDS
29743,8595553,8595794,241,CDS
29744,8595861,8596107,246,CDS
29745,8590190,8593021,2831,mRNA
29746,8593467,8595441,1974,mRNA
29747,8595553,8595794,241,mRNA
29748,8595861,8596103,242,mRNA
29749,8596412,8599617,3205,mRNA
29750,8590611,8593021,2410,CDS
29751,8593467,8595441,1974,CDS
29752,8595553,8595794,241,CDS
29753,8595861,8596103,242,CDS
29754,8596412,8598908,2496,CDS
29755,8599442,8600879,1437,gene
29756,8600663,8600879,216,mRNA
29757,8600087,8600604,517,mRNA
29758,8599831,8599997,166,mRNA
29759,8599442,8599766,324,mRNA
29760,8600663,8600743,80,CDS
29761,8600087,8600604,517,CDS
29762,8599831,8599997,166,CDS
29763,8599690,8599766,76,CDS
29764,8601006,8602392,1386,gene
29765,8601006,8601037,31,mRNA
29766,8601314,8601415,101,mRNA
29767,8601648,8601842,194,mRNA
29768,8602103,8602392,289,mRNA
29769,8601035,8601037,2,CDS
29770,8601314,8601415,101,CDS
29771,8601648,8601842,194,CDS
29772,8602103,8602303,200,CDS
29773,8601473,8601552,79,gene
29774,8601473,8601552,79,ncRNA
29775,8601948,8602031,83,gene
29776,8601948,8602031,83,ncRNA
29777,8602411,8604149,1738,gene
29778,8603906,8604149,243,mRNA
29779,8603265,8603822,557,mRNA
29780,8602915,8603203,288,mRNA
29781,8602411,8602853,442,mRNA
29782,8603906,8604149,243,mRNA
29783,8603265,8603849,584,mRNA
29784,8602915,8603203,288,mRNA
29785,8602411,8602853,442,mRNA
29786,8603906,8604149,243,mRNA
29787,8603265,8603855,590,mRNA
29788,8602915,8603203,288,mRNA
29789,8602411,8602853,442,mRNA
29790,8603906,8603997,91,CDS
29791,8603265,8603822,557,CDS
29792,8602915,8603203,288,CDS
29793,8602515,8602853,338,CDS
29794,8603906,8603997,91,CDS
29795,8603265,8603849,584,CDS
29796,8602915,8603203,288,CDS
29797,8602515,8602853,338,CDS
29798,8603906,8603997,91,CDS
29799,8603265,8603855,590,CDS
29800,8602915,8603203,288,CDS
29801,8602515,8602853,338,CDS
29802,8604657,8617074,12417,gene
29803,8604657,8604914,257,mRNA
29804,8608503,8608698,195,mRNA
29805,8609734,8610356,622,mRNA
29806,8613658,8613819,161,mRNA
29807,8614602,8614809,207,mRNA
29808,8614868,8615063,195,mRNA
29809,8615219,8617074,1855,mRNA
29810,8604657,8604914,257,mRNA
29811,8609734,8610356,622,mRNA
29812,8613658,8613819,161,mRNA
29813,8614602,8614809,207,mRNA
29814,8614868,8615063,195,mRNA
29815,8615219,8617074,1855,mRNA
29816,8604657,8604914,257,mRNA
29817,8609734,8610356,622,mRNA
29818,8613658,8613819,161,mRNA
29819,8614602,8614809,207,mRNA
29820,8614868,8615063,195,mRNA
29821,8615219,8617074,1855,mRNA
29822,8604657,8604858,201,mRNA
29823,8607059,8607422,363,mRNA
29824,8609734,8610356,622,mRNA
29825,8613658,8613819,161,mRNA
29826,8614602,8614809,207,mRNA
29827,8614868,8615063,195,mRNA
29828,8615219,8617074,1855,mRNA
29829,8610165,8610356,191,CDS
29830,8613658,8613819,161,CDS
29831,8614602,8614809,207,CDS
29832,8614868,8615063,195,CDS
29833,8615219,8615900,681,CDS
29834,8610165,8610356,191,CDS
29835,8613658,8613819,161,CDS
29836,8614602,8614809,207,CDS
29837,8614868,8615063,195,CDS
29838,8615219,8615411,192,CDS
29839,8610165,8610356,191,CDS
29840,8613658,8613819,161,CDS
29841,8614602,8614809,207,CDS
29842,8614868,8615063,195,CDS
29843,8615219,8615411,192,CDS
29844,8610165,8610356,191,CDS
29845,8613658,8613819,161,CDS
29846,8614602,8614809,207,CDS
29847,8614868,8615063,195,CDS
29848,8615219,8615411,192,CDS
29849,8617235,8619474,2239,gene
29850,8617235,8618498,1263,mRNA
29851,8618556,8619020,464,mRNA
29852,8619083,8619474,391,mRNA
29853,8617437,8618498,1061,CDS
29854,8618556,8619020,464,CDS
29855,8619083,8619223,140,CDS
29856,8619888,8622091,2203,gene
29857,8619888,8621196,1308,mRNA
29858,8621252,8621716,464,mRNA
29859,8621773,8622091,318,mRNA
29860,8620144,8621196,1052,CDS
29861,8621252,8621716,464,CDS
29862,8621773,8621913,140,CDS
29863,8622039,8623901,1862,gene
29864,8623755,8623901,146,mRNA
29865,8623608,8623687,79,mRNA
29866,8623077,8623549,472,mRNA
29867,8622411,8622934,523,mRNA
29868,8622039,8622358,319,mRNA
29869,8623755,8623774,19,CDS
29870,8623608,8623687,79,CDS
29871,8623077,8623549,472,CDS
29872,8622411,8622934,523,CDS
29873,8622244,8622358,114,CDS
29874,8624371,8638813,14442,gene
29875,8624371,8624683,312,mRNA
29876,8626961,8627109,148,mRNA
29877,8627427,8627730,303,mRNA
29878,8634583,8634783,200,mRNA
29879,8635002,8635081,79,mRNA
29880,8637439,8637598,159,mRNA
29881,8638157,8638195,38,mRNA
29882,8638267,8638813,546,mRNA
29883,8624371,8624683,312,mRNA
29884,8626961,8627109,148,mRNA
29885,8627427,8627730,303,mRNA
29886,8634583,8634783,200,mRNA
29887,8635002,8635081,79,mRNA
29888,8635681,8635752,71,mRNA
29889,8637439,8637598,159,mRNA
29890,8638157,8638195,38,mRNA
29891,8638267,8638673,406,mRNA
29892,8624371,8624683,312,mRNA
29893,8626961,8627109,148,mRNA
29894,8627427,8627730,303,mRNA
29895,8634583,8634783,200,mRNA
29896,8635002,8635081,79,mRNA
29897,8638157,8638195,38,mRNA
29898,8638267,8638673,406,mRNA
29899,8624483,8624683,200,CDS
29900,8626961,8627109,148,CDS
29901,8627427,8627730,303,CDS
29902,8634583,8634783,200,CDS
29903,8635002,8635081,79,CDS
29904,8635681,8635752,71,CDS
29905,8637439,8637598,159,CDS
29906,8638157,8638195,38,CDS
29907,8638267,8638353,86,CDS
29908,8624483,8624683,200,CDS
29909,8626961,8627109,148,CDS
29910,8627427,8627730,303,CDS
29911,8634583,8634783,200,CDS
29912,8635002,8635081,79,CDS
29913,8637439,8637598,159,CDS
29914,8638157,8638195,38,CDS
29915,8638267,8638353,86,CDS
29916,8624483,8624683,200,CDS
29917,8626961,8627109,148,CDS
29918,8627427,8627730,303,CDS
29919,8634583,8634783,200,CDS
29920,8635002,8635081,79,CDS
29921,8638157,8638195,38,CDS
29922,8638267,8638273,6,CDS
29923,8626209,8626510,301,mRNA
29924,8626961,8627109,148,mRNA
29925,8627427,8627730,303,mRNA
29926,8634583,8634783,200,mRNA
29927,8635002,8635081,79,mRNA
29928,8635681,8635752,71,mRNA
29929,8637439,8637598,159,mRNA
29930,8638157,8638195,38,mRNA
29931,8638267,8638673,406,mRNA
29932,8626209,8626510,301,mRNA
29933,8626961,8627109,148,mRNA
29934,8627427,8627730,303,mRNA
29935,8634583,8634783,200,mRNA
29936,8635002,8635081,79,mRNA
29937,8635681,8635752,71,mRNA
29938,8638157,8638195,38,mRNA
29939,8638267,8638673,406,mRNA
29940,8626209,8626510,301,mRNA
29941,8626961,8627109,148,mRNA
29942,8627427,8627730,303,mRNA
29943,8634583,8634783,200,mRNA
29944,8635002,8635081,79,mRNA
29945,8637439,8637598,159,mRNA
29946,8638157,8638195,38,mRNA
29947,8638267,8638673,406,mRNA
29948,8626209,8626510,301,mRNA
29949,8626961,8627109,148,mRNA
29950,8627427,8627730,303,mRNA
29951,8634583,8634783,200,mRNA
29952,8635002,8635081,79,mRNA
29953,8638157,8638195,38,mRNA
29954,8638267,8638673,406,mRNA
29955,8626394,8626510,116,CDS
29956,8626961,8627109,148,CDS
29957,8627427,8627730,303,CDS
29958,8634583,8634783,200,CDS
29959,8635002,8635081,79,CDS
29960,8635681,8635752,71,CDS
29961,8637439,8637598,159,CDS
29962,8638157,8638195,38,CDS
29963,8638267,8638353,86,CDS
29964,8626394,8626510,116,CDS
29965,8626961,8627109,148,CDS
29966,8627427,8627730,303,CDS
29967,8634583,8634783,200,CDS
29968,8635002,8635081,79,CDS
29969,8637439,8637598,159,CDS
29970,8638157,8638195,38,CDS
29971,8638267,8638353,86,CDS
29972,8626394,8626510,116,CDS
29973,8626961,8627109,148,CDS
29974,8627427,8627730,303,CDS
29975,8634583,8634783,200,CDS
29976,8635002,8635081,79,CDS
29977,8635681,8635752,71,CDS
29978,8638157,8638195,38,CDS
29979,8638267,8638273,6,CDS
29980,8626394,8626510,116,CDS
29981,8626961,8627109,148,CDS
29982,8627427,8627730,303,CDS
29983,8634583,8634783,200,CDS
29984,8635002,8635081,79,CDS
29985,8638157,8638195,38,CDS
29986,8638267,8638273,6,CDS
29987,8630243,8630376,133,mRNA
29988,8630517,8630635,118,mRNA
29989,8634583,8634783,200,mRNA
29990,8635002,8635081,79,mRNA
29991,8637439,8637598,159,mRNA
29992,8638157,8638195,38,mRNA
29993,8638267,8638813,546,mRNA
29994,8630243,8630376,133,mRNA
29995,8630517,8630635,118,mRNA
29996,8634583,8634783,200,mRNA
29997,8635002,8635081,79,mRNA
29998,8638157,8638195,38,mRNA
29999,8638267,8638813,546,mRNA
30000,8630243,8630635,392,mRNA
30001,8634583,8634783,200,mRNA
30002,8635002,8635081,79,mRNA
30003,8635681,8635752,71,mRNA
30004,8637439,8637598,159,mRNA
30005,8638157,8638195,38,mRNA
30006,8638267,8638673,406,mRNA
30007,8630243,8630376,133,mRNA
30008,8630517,8630635,118,mRNA
30009,8634583,8634783,200,mRNA
30010,8635002,8635081,79,mRNA
30011,8635681,8635752,71,mRNA
30012,8637439,8637598,159,mRNA
30013,8638157,8638195,38,mRNA
30014,8638267,8638673,406,mRNA
30015,8630243,8630376,133,mRNA
30016,8630517,8630635,118,mRNA
30017,8634583,8634783,200,mRNA
30018,8635002,8635081,79,mRNA
30019,8636469,8636720,251,mRNA
30020,8630555,8630635,80,CDS
30021,8634583,8634783,200,CDS
30022,8635002,8635081,79,CDS
30023,8635681,8635752,71,CDS
30024,8637439,8637598,159,CDS
30025,8638157,8638195,38,CDS
30026,8638267,8638353,86,CDS
30027,8630555,8630635,80,CDS
30028,8634583,8634783,200,CDS
30029,8635002,8635081,79,CDS
30030,8635681,8635752,71,CDS
30031,8637439,8637598,159,CDS
30032,8638157,8638195,38,CDS
30033,8638267,8638353,86,CDS
30034,8630555,8630635,80,CDS
30035,8634583,8634783,200,CDS
30036,8635002,8635081,79,CDS
30037,8637439,8637598,159,CDS
30038,8638157,8638195,38,CDS
30039,8638267,8638353,86,CDS
30040,8630555,8630635,80,CDS
30041,8634583,8634783,200,CDS
30042,8635002,8635081,79,CDS
30043,8638157,8638195,38,CDS
30044,8638267,8638273,6,CDS
30045,8630555,8630635,80,CDS
30046,8634583,8634783,200,CDS
30047,8635002,8635081,79,CDS
30048,8636469,8636604,135,CDS
30049,8631509,8634069,2560,gene
30050,8632380,8634069,1689,mRNA
30051,8631509,8632301,792,mRNA
30052,8632380,8633949,1569,CDS
30053,8631883,8632301,418,CDS
30054,8640439,8643584,3145,gene
30055,8640439,8640844,405,mRNA
30056,8640914,8641081,167,mRNA
30057,8643055,8643584,529,mRNA
30058,8640554,8640844,290,CDS
30059,8640914,8641081,167,CDS
30060,8643055,8643408,353,CDS
30061,8644916,8646822,1906,gene
30062,8646116,8646822,706,mRNA
30063,8645749,8645889,140,mRNA
30064,8645168,8645288,120,mRNA
30065,8644916,8645084,168,mRNA
30066,8645749,8646822,1073,mRNA
30067,8645168,8645288,120,mRNA
30068,8644916,8645084,168,mRNA
30069,8645749,8646530,781,CDS
30070,8645168,8645288,120,CDS
30071,8645016,8645084,68,CDS
30072,8646116,8646530,414,CDS
30073,8645749,8645889,140,CDS
30074,8645233,8645288,55,CDS
30075,8647145,8651011,3866,gene
30076,8647145,8647254,109,mRNA
30077,8649529,8649638,109,mRNA
30078,8649707,8650459,752,mRNA
30079,8650542,8651011,469,mRNA
30080,8647261,8648936,1675,gene
30081,8647970,8648936,966,mRNA
30082,8647708,8647902,194,mRNA
30083,8647261,8647645,384,mRNA
30084,8647970,8648825,855,CDS
30085,8647708,8647902,194,CDS
30086,8647491,8647645,154,CDS
30087,8649471,8649638,167,mRNA
30088,8649707,8650459,752,mRNA
30089,8650542,8651011,469,mRNA
30090,8649547,8649638,91,CDS
30091,8649707,8650459,752,CDS
30092,8650542,8650716,174,CDS
30093,8649547,8649638,91,CDS
30094,8649707,8650459,752,CDS
30095,8650542,8650716,174,CDS
30096,8675759,8679253,3494,gene
30097,8675759,8676348,589,mRNA
30098,8677372,8677467,95,mRNA
30099,8677605,8679253,1648,mRNA
30100,8675955,8676348,393,mRNA
30101,8677372,8677467,95,mRNA
30102,8677605,8679253,1648,mRNA
30103,8676250,8676348,98,CDS
30104,8677372,8677467,95,CDS
30105,8677605,8678423,818,CDS
30106,8676250,8676348,98,CDS
30107,8677372,8677467,95,CDS
30108,8677605,8678423,818,CDS
30109,8692703,8693191,488,gene
30110,8692703,8693191,488,ncRNA
30111,8718949,8720225,1276,gene
30112,8720038,8720225,187,mRNA
30113,8719646,8719952,306,mRNA
30114,8718949,8719588,639,mRNA
30115,8720038,8720225,187,mRNA
30116,8719646,8719952,306,mRNA
30117,8719100,8719588,488,mRNA
30118,8720038,8720143,105,CDS
30119,8719646,8719952,306,CDS
30120,8719267,8719588,321,CDS
30121,8720038,8720143,105,CDS
30122,8719646,8719952,306,CDS
30123,8719267,8719588,321,CDS
30124,8720280,8721272,992,gene
30125,8720961,8721272,311,mRNA
30126,8720280,8720905,625,mRNA
30127,8720961,8721126,165,mRNA
30128,8720280,8720905,625,mRNA
30129,8720961,8721032,71,CDS
30130,8720441,8720905,464,CDS
30131,8720961,8721032,71,CDS
30132,8720441,8720905,464,CDS
30133,8721324,8726108,4784,gene
30134,8721324,8721609,285,mRNA
30135,8721661,8724133,2472,mRNA
30136,8724192,8724441,249,mRNA
30137,8724492,8724803,311,mRNA
30138,8724867,8725060,193,mRNA
30139,8725126,8726108,982,mRNA
30140,8721502,8721609,107,mRNA
30141,8721661,8724133,2472,mRNA
30142,8724192,8724441,249,mRNA
30143,8724492,8724803,311,mRNA
30144,8724867,8725060,193,mRNA
30145,8725126,8726108,982,mRNA
30146,8721589,8721609,20,CDS
30147,8721661,8724133,2472,CDS
30148,8724192,8724441,249,CDS
30149,8724492,8724803,311,CDS
30150,8724867,8725060,193,CDS
30151,8725126,8725511,385,CDS
30152,8721589,8721609,20,CDS
30153,8721661,8724133,2472,CDS
30154,8724192,8724441,249,CDS
30155,8724492,8724803,311,CDS
30156,8724867,8725060,193,CDS
30157,8725126,8725511,385,CDS
30158,8725520,8725774,254,gene
30159,8725743,8725774,31,mRNA
30160,8725520,8725680,160,mRNA
30161,8725743,8725763,20,CDS
30162,8725585,8725680,95,CDS
30163,8726791,8727613,822,gene
30164,8726791,8726849,58,mRNA
30165,8727024,8727613,589,mRNA
30166,8726835,8726849,14,CDS
30167,8727024,8727527,503,CDS
30168,8728481,8729066,585,gene
30169,8728481,8728538,57,mRNA
30170,8728610,8729066,456,mRNA
30171,8728527,8728538,11,CDS
30172,8728610,8728945,335,CDS
30173,8729865,8730604,739,gene
30174,8729865,8729922,57,mRNA
30175,8730012,8730604,592,mRNA
30176,8729908,8729922,14,CDS
30177,8730012,8730518,506,CDS
30178,8731944,8732599,655,gene
30179,8731944,8732321,377,mRNA
30180,8732456,8732599,143,mRNA
30181,8731991,8732321,330,CDS
30182,8732456,8732541,85,CDS
30183,8732858,8745310,12452,gene
30184,8744963,8745310,347,mRNA
30185,8744275,8744331,56,mRNA
30186,8742337,8742423,86,mRNA
30187,8742106,8742272,166,mRNA
30188,8739580,8740451,871,mRNA
30189,8739367,8739494,127,mRNA
30190,8739170,8739282,112,mRNA
30191,8734240,8734855,615,mRNA
30192,8732858,8734130,1272,mRNA
30193,8738817,8738907,90,mRNA
30194,8738640,8738747,107,mRNA
30195,8737021,8738087,1066,mRNA
30196,8734240,8734855,615,mRNA
30197,8732858,8734130,1272,mRNA
30198,8744963,8745310,347,mRNA
30199,8744275,8744331,56,mRNA
30200,8742337,8742423,86,mRNA
30201,8742106,8742272,166,mRNA
30202,8739580,8740451,871,mRNA
30203,8739367,8739494,127,mRNA
30204,8739170,8739282,112,mRNA
30205,8734240,8734855,615,mRNA
30206,8733293,8734130,837,mRNA
30207,8738817,8738907,90,mRNA
30208,8738640,8738747,107,mRNA
30209,8737021,8738087,1066,mRNA
30210,8734240,8734855,615,mRNA
30211,8733293,8734130,837,mRNA
30212,8744963,8745085,122,CDS
30213,8744275,8744331,56,CDS
30214,8742337,8742423,86,CDS
30215,8742106,8742272,166,CDS
30216,8739580,8740451,871,CDS
30217,8739367,8739494,127,CDS
30218,8739170,8739282,112,CDS
30219,8734240,8734855,615,CDS
30220,8733654,8734130,476,CDS
30221,8744963,8745085,122,CDS
30222,8744275,8744331,56,CDS
30223,8742337,8742423,86,CDS
30224,8742106,8742272,166,CDS
30225,8739580,8740451,871,CDS
30226,8739367,8739494,127,CDS
30227,8739170,8739282,112,CDS
30228,8734240,8734855,615,CDS
30229,8733654,8734130,476,CDS
30230,8737021,8737850,829,CDS
30231,8734240,8734855,615,CDS
30232,8733654,8734130,476,CDS
30233,8737021,8737850,829,CDS
30234,8734240,8734855,615,CDS
30235,8733654,8734130,476,CDS
30236,8738817,8738907,90,mRNA
30237,8738640,8738747,107,mRNA
30238,8736592,8738087,1495,mRNA
30239,8736927,8737850,923,CDS
30240,8749139,8749726,587,gene
30241,8749637,8749726,89,mRNA
30242,8749139,8749579,440,mRNA
30243,8749275,8749559,284,CDS
30244,8751234,8751669,435,gene
30245,8751234,8751669,435,ncRNA
30246,8753619,8798719,45100,gene
30247,8753619,8754495,876,mRNA
30248,8759330,8759380,50,mRNA
30249,8759440,8762885,3445,mRNA
30250,8763050,8763125,75,mRNA
30251,8782548,8782657,109,mRNA
30252,8784999,8785057,58,mRNA
30253,8785121,8785305,184,mRNA
30254,8785376,8785599,223,mRNA
30255,8785694,8785915,221,mRNA
30256,8785972,8786231,259,mRNA
30257,8786300,8786437,137,mRNA
30258,8786622,8787344,722,mRNA
30259,8787519,8787720,201,mRNA
30260,8788939,8789305,366,mRNA
30261,8789371,8789517,146,mRNA
30262,8790170,8790508,338,mRNA
30263,8790585,8791300,715,mRNA
30264,8797000,8797226,226,mRNA
30265,8798121,8798719,598,mRNA
30266,8754143,8754495,352,mRNA
30267,8759330,8759380,50,mRNA
30268,8759440,8762885,3445,mRNA
30269,8763050,8763125,75,mRNA
30270,8782548,8782657,109,mRNA
30271,8784999,8785057,58,mRNA
30272,8785121,8785305,184,mRNA
30273,8785376,8785599,223,mRNA
30274,8785694,8785915,221,mRNA
30275,8785972,8786231,259,mRNA
30276,8786300,8786437,137,mRNA
30277,8786622,8787344,722,mRNA
30278,8787519,8787720,201,mRNA
30279,8788939,8789305,366,mRNA
30280,8789371,8789517,146,mRNA
30281,8790170,8790508,338,mRNA
30282,8790585,8791300,715,mRNA
30283,8797000,8797226,226,mRNA
30284,8798121,8798719,598,mRNA
30285,8754475,8754495,20,CDS
30286,8759330,8759380,50,CDS
30287,8759440,8762885,3445,CDS
30288,8763050,8763125,75,CDS
30289,8782548,8782657,109,CDS
30290,8784999,8785057,58,CDS
30291,8785121,8785305,184,CDS
30292,8785376,8785599,223,CDS
30293,8785694,8785915,221,CDS
30294,8785972,8786231,259,CDS
30295,8786300,8786437,137,CDS
30296,8786622,8787344,722,CDS
30297,8787519,8787720,201,CDS
30298,8788939,8789305,366,CDS
30299,8789371,8789517,146,CDS
30300,8790170,8790508,338,CDS
30301,8790585,8791300,715,CDS
30302,8797000,8797226,226,CDS
30303,8798121,8798194,73,CDS
30304,8754475,8754495,20,CDS
30305,8759330,8759380,50,CDS
30306,8759440,8762885,3445,CDS
30307,8763050,8763125,75,CDS
30308,8782548,8782657,109,CDS
30309,8784999,8785057,58,CDS
30310,8785121,8785305,184,CDS
30311,8785376,8785599,223,CDS
30312,8785694,8785915,221,CDS
30313,8785972,8786231,259,CDS
30314,8786300,8786437,137,CDS
30315,8786622,8787344,722,CDS
30316,8787519,8787720,201,CDS
30317,8788939,8789305,366,CDS
30318,8789371,8789517,146,CDS
30319,8790170,8790508,338,CDS
30320,8790585,8791300,715,CDS
30321,8797000,8797226,226,CDS
30322,8798121,8798194,73,CDS
30323,8755989,8757167,1178,gene
30324,8755989,8757167,1178,mRNA
30325,8756183,8756986,803,CDS
30326,8761451,8762885,1434,mRNA
30327,8763050,8763125,75,mRNA
30328,8782548,8782657,109,mRNA
30329,8784999,8785057,58,mRNA
30330,8785121,8785305,184,mRNA
30331,8785376,8785599,223,mRNA
30332,8785694,8785915,221,mRNA
30333,8785972,8786231,259,mRNA
30334,8786300,8786437,137,mRNA
30335,8786622,8787344,722,mRNA
30336,8787519,8787720,201,mRNA
30337,8788939,8789305,366,mRNA
30338,8789371,8789517,146,mRNA
30339,8790170,8790508,338,mRNA
30340,8790585,8791300,715,mRNA
30341,8797000,8797226,226,mRNA
30342,8798121,8798719,598,mRNA
30343,8761720,8762885,1165,CDS
30344,8763050,8763125,75,CDS
30345,8782548,8782657,109,CDS
30346,8784999,8785057,58,CDS
30347,8785121,8785305,184,CDS
30348,8785376,8785599,223,CDS
30349,8785694,8785915,221,CDS
30350,8785972,8786231,259,CDS
30351,8786300,8786437,137,CDS
30352,8786622,8787344,722,CDS
30353,8787519,8787720,201,CDS
30354,8788939,8789305,366,CDS
30355,8789371,8789517,146,CDS
30356,8790170,8790508,338,CDS
30357,8790585,8791300,715,CDS
30358,8797000,8797226,226,CDS
30359,8798121,8798194,73,CDS
30360,8766442,8766629,187,mRNA
30361,8776997,8777317,320,mRNA
30362,8782548,8782657,109,mRNA
30363,8784999,8785057,58,mRNA
30364,8785121,8785305,184,mRNA
30365,8785376,8785599,223,mRNA
30366,8785694,8785915,221,mRNA
30367,8785972,8786231,259,mRNA
30368,8786300,8786437,137,mRNA
30369,8786622,8787344,722,mRNA
30370,8787519,8787720,201,mRNA
30371,8788939,8789305,366,mRNA
30372,8789371,8789517,146,mRNA
30373,8790170,8790508,338,mRNA
30374,8790585,8791300,715,mRNA
30375,8797000,8797821,821,mRNA
30376,8798121,8798719,598,mRNA
30377,8766442,8766629,187,mRNA
30378,8776997,8777317,320,mRNA
30379,8782548,8782657,109,mRNA
30380,8784999,8785057,58,mRNA
30381,8785121,8785305,184,mRNA
30382,8785376,8785599,223,mRNA
30383,8785694,8785915,221,mRNA
30384,8785972,8786231,259,mRNA
30385,8786300,8786437,137,mRNA
30386,8786622,8787344,722,mRNA
30387,8787519,8787720,201,mRNA
30388,8788939,8789305,366,mRNA
30389,8789371,8789517,146,mRNA
30390,8790170,8790508,338,mRNA
30391,8790585,8791300,715,mRNA
30392,8797000,8797226,226,mRNA
30393,8797690,8797821,131,mRNA
30394,8798121,8798719,598,mRNA
30395,8766442,8766629,187,mRNA
30396,8776997,8777317,320,mRNA
30397,8782548,8782657,109,mRNA
30398,8784999,8785057,58,mRNA
30399,8785121,8785305,184,mRNA
30400,8785376,8785599,223,mRNA
30401,8785694,8785915,221,mRNA
30402,8785972,8786231,259,mRNA
30403,8786300,8786437,137,mRNA
30404,8786622,8787344,722,mRNA
30405,8787519,8787720,201,mRNA
30406,8788939,8789305,366,mRNA
30407,8789371,8789517,146,mRNA
30408,8790170,8790508,338,mRNA
30409,8790585,8791300,715,mRNA
30410,8797000,8797226,226,mRNA
30411,8798121,8798719,598,mRNA
30412,8766442,8766629,187,mRNA
30413,8776997,8777317,320,mRNA
30414,8782548,8782657,109,mRNA
30415,8784999,8785057,58,mRNA
30416,8785121,8785305,184,mRNA
30417,8785376,8785599,223,mRNA
30418,8785694,8785915,221,mRNA
30419,8785972,8786231,259,mRNA
30420,8786300,8786437,137,mRNA
30421,8787519,8787720,201,mRNA
30422,8788939,8789305,366,mRNA
30423,8789371,8789517,146,mRNA
30424,8790170,8790508,338,mRNA
30425,8790585,8791300,715,mRNA
30426,8797000,8797226,226,mRNA
30427,8798121,8798719,598,mRNA
30428,8766442,8766629,187,mRNA
30429,8782548,8782657,109,mRNA
30430,8784999,8785057,58,mRNA
30431,8785121,8785305,184,mRNA
30432,8785376,8785599,223,mRNA
30433,8785694,8785915,221,mRNA
30434,8785972,8786231,259,mRNA
30435,8786300,8786437,137,mRNA
30436,8786622,8787344,722,mRNA
30437,8787519,8787720,201,mRNA
30438,8788939,8789305,366,mRNA
30439,8789371,8789517,146,mRNA
30440,8790170,8790508,338,mRNA
30441,8790585,8791300,715,mRNA
30442,8797000,8797226,226,mRNA
30443,8797690,8797821,131,mRNA
30444,8798121,8798719,598,mRNA
30445,8766442,8766629,187,mRNA
30446,8776997,8777317,320,mRNA
30447,8782548,8782657,109,mRNA
30448,8784999,8785057,58,mRNA
30449,8785121,8785305,184,mRNA
30450,8785376,8785599,223,mRNA
30451,8785694,8785915,221,mRNA
30452,8785972,8786231,259,mRNA
30453,8786300,8786437,137,mRNA
30454,8786622,8787344,722,mRNA
30455,8787519,8787720,201,mRNA
30456,8788939,8789305,366,mRNA
30457,8789371,8789517,146,mRNA
30458,8790170,8790508,338,mRNA
30459,8790585,8791446,861,mRNA
30460,8777129,8777317,188,CDS
30461,8782548,8782657,109,CDS
30462,8784999,8785057,58,CDS
30463,8785121,8785305,184,CDS
30464,8785376,8785599,223,CDS
30465,8785694,8785915,221,CDS
30466,8785972,8786231,259,CDS
30467,8786300,8786437,137,CDS
30468,8786622,8787344,722,CDS
30469,8787519,8787720,201,CDS
30470,8788939,8789305,366,CDS
30471,8789371,8789517,146,CDS
30472,8790170,8790508,338,CDS
30473,8790585,8791300,715,CDS
30474,8797000,8797226,226,CDS
30475,8798121,8798194,73,CDS
30476,8777129,8777317,188,CDS
30477,8782548,8782657,109,CDS
30478,8784999,8785057,58,CDS
30479,8785121,8785305,184,CDS
30480,8785376,8785599,223,CDS
30481,8785694,8785915,221,CDS
30482,8785972,8786231,259,CDS
30483,8786300,8786437,137,CDS
30484,8787519,8787720,201,CDS
30485,8788939,8789305,366,CDS
30486,8789371,8789517,146,CDS
30487,8790170,8790508,338,CDS
30488,8790585,8791300,715,CDS
30489,8797000,8797226,226,CDS
30490,8798121,8798194,73,CDS
30491,8777129,8777317,188,CDS
30492,8782548,8782657,109,CDS
30493,8784999,8785057,58,CDS
30494,8785121,8785305,184,CDS
30495,8785376,8785599,223,CDS
30496,8785694,8785915,221,CDS
30497,8785972,8786231,259,CDS
30498,8786300,8786437,137,CDS
30499,8786622,8787344,722,CDS
30500,8787519,8787720,201,CDS
30501,8788939,8789305,366,CDS
30502,8789371,8789517,146,CDS
30503,8790170,8790508,338,CDS
30504,8790585,8791300,715,CDS
30505,8797000,8797226,226,CDS
30506,8797690,8797745,55,CDS
30507,8777129,8777317,188,CDS
30508,8782548,8782657,109,CDS
30509,8784999,8785057,58,CDS
30510,8785121,8785305,184,CDS
30511,8785376,8785599,223,CDS
30512,8785694,8785915,221,CDS
30513,8785972,8786231,259,CDS
30514,8786300,8786437,137,CDS
30515,8786622,8787344,722,CDS
30516,8787519,8787720,201,CDS
30517,8788939,8789305,366,CDS
30518,8789371,8789517,146,CDS
30519,8790170,8790508,338,CDS
30520,8790585,8791300,715,CDS
30521,8797000,8797648,648,CDS
30522,8777129,8777317,188,CDS
30523,8782548,8782657,109,CDS
30524,8784999,8785057,58,CDS
30525,8785121,8785305,184,CDS
30526,8785376,8785599,223,CDS
30527,8785694,8785915,221,CDS
30528,8785972,8786231,259,CDS
30529,8786300,8786437,137,CDS
30530,8786622,8787344,722,CDS
30531,8787519,8787720,201,CDS
30532,8788939,8789305,366,CDS
30533,8789371,8789517,146,CDS
30534,8790170,8790508,338,CDS
30535,8790585,8791304,719,CDS
30536,8785379,8785599,220,CDS
30537,8785694,8785915,221,CDS
30538,8785972,8786231,259,CDS
30539,8786300,8786437,137,CDS
30540,8786622,8787344,722,CDS
30541,8787519,8787720,201,CDS
30542,8788939,8789305,366,CDS
30543,8789371,8789517,146,CDS
30544,8790170,8790508,338,CDS
30545,8790585,8791300,715,CDS
30546,8797000,8797226,226,CDS
30547,8797690,8797745,55,CDS
30548,8788144,8788545,401,gene
30549,8788506,8788545,39,mRNA
30550,8788144,8788440,296,mRNA
30551,8788506,8788514,8,CDS
30552,8788201,8788440,239,CDS
30553,8791331,8796682,5351,mobile_element
30554,8798730,8800532,1802,gene
30555,8800325,8800532,207,mRNA
30556,8800089,8800241,152,mRNA
30557,8799771,8800034,263,mRNA
30558,8799046,8799567,521,mRNA
30559,8798730,8798962,232,mRNA
30560,8800325,8800472,147,CDS
30561,8800089,8800241,152,CDS
30562,8799771,8800034,263,CDS
30563,8799046,8799567,521,CDS
30564,8798844,8798962,118,CDS
30565,8801540,8802164,624,gene
30566,8802099,8802164,65,mRNA
30567,8801540,8802041,501,mRNA
30568,8802099,8802128,29,CDS
30569,8801610,8802041,431,CDS
30570,8802463,8803599,1136,gene
30571,8802463,8802589,126,mRNA
30572,8802640,8803270,630,mRNA
30573,8803336,8803599,263,mRNA
30574,8802472,8802589,117,CDS
30575,8802640,8803270,630,CDS
30576,8803336,8803477,141,CDS
30577,8803602,8804182,580,gene
30578,8804149,8804182,33,mRNA
30579,8803602,8804092,490,mRNA
30580,8804149,8804178,29,CDS
30581,8803640,8804092,452,CDS
30582,8804764,8805812,1048,gene
30583,8804764,8804820,56,mRNA
30584,8804879,8804984,105,mRNA
30585,8805045,8805579,534,mRNA
30586,8805646,8805812,166,mRNA
30587,8804779,8804820,41,CDS
30588,8804879,8804984,105,CDS
30589,8805045,8805579,534,CDS
30590,8805646,8805772,126,CDS
30591,8805811,8807213,1402,gene
30592,8806758,8807213,455,mRNA
30593,8805811,8806415,604,mRNA
30594,8806758,8807198,440,CDS
30595,8805828,8806415,587,CDS
30596,8807601,8808407,806,gene
30597,8807601,8808127,526,mRNA
30598,8808192,8808407,215,mRNA
30599,8807625,8808127,502,CDS
30600,8808192,8808318,126,CDS
30601,8808544,8809307,763,gene
30602,8808544,8809088,544,mRNA
30603,8809151,8809307,156,mRNA
30604,8808544,8809088,544,CDS
30605,8809151,8809307,156,CDS
30606,8810395,8811265,870,gene
30607,8810395,8810934,539,mRNA
30608,8811006,8811265,259,mRNA
30609,8810411,8810934,523,CDS
30610,8811006,8811171,165,CDS
30611,8827505,8891192,63687,gene
30612,8827505,8828503,998,mRNA
30613,8877158,8877301,143,mRNA
30614,8886275,8886398,123,mRNA
30615,8886497,8886970,473,mRNA
30616,8887097,8887286,189,mRNA
30617,8887959,8888134,175,mRNA
30618,8888652,8888859,207,mRNA
30619,8888924,8889062,138,mRNA
30620,8889164,8891192,2028,mRNA
30621,8827505,8828503,998,mRNA
30622,8877158,8877301,143,mRNA
30623,8886275,8886398,123,mRNA
30624,8886497,8886970,473,mRNA
30625,8887097,8887286,189,mRNA
30626,8887959,8888134,175,mRNA
30627,8888652,8888859,207,mRNA
30628,8888924,8889062,138,mRNA
30629,8889164,8890153,989,mRNA
30630,8828233,8828503,270,CDS
30631,8877158,8877301,143,CDS
30632,8886275,8886398,123,CDS
30633,8886497,8886970,473,CDS
30634,8887097,8887286,189,CDS
30635,8887959,8888134,175,CDS
30636,8888652,8888859,207,CDS
30637,8888924,8889062,138,CDS
30638,8889164,8889318,154,CDS
30639,8828233,8828503,270,CDS
30640,8877158,8877301,143,CDS
30641,8886275,8886398,123,CDS
30642,8886497,8886970,473,CDS
30643,8887097,8887286,189,CDS
30644,8887959,8888134,175,CDS
30645,8888652,8888859,207,CDS
30646,8888924,8889062,138,CDS
30647,8889164,8889318,154,CDS
30648,8836462,8838843,2381,gene
30649,8836462,8838843,2381,mRNA
30650,8836506,8838665,2159,CDS
30651,8844944,8845814,870,gene
30652,8844944,8845814,870,ncRNA
30653,8888145,8888633,488,gene
30654,8888448,8888633,185,mRNA
30655,8888145,8888374,229,mRNA
30656,8888448,8888531,83,CDS
30657,8888246,8888374,128,CDS
30658,8891556,8893800,2244,gene
30659,8891556,8893800,2244,ncRNA
30660,8891596,8894310,2714,gene
30661,8891596,8891779,183,mRNA
30662,8891844,8892213,369,mRNA
30663,8892285,8892786,501,mRNA
30664,8892854,8893911,1057,mRNA
30665,8893974,8894310,336,mRNA
30666,8891749,8891779,30,CDS
30667,8891844,8892213,369,CDS
30668,8892285,8892786,501,CDS
30669,8892854,8893911,1057,CDS
30670,8893974,8894175,201,CDS
30671,8894404,8904790,10386,gene
30672,8904687,8904790,103,mRNA
30673,8903546,8903756,210,mRNA
30674,8902949,8903104,155,mRNA
30675,8900652,8900808,156,mRNA
30676,8900506,8900596,90,mRNA
30677,8900238,8900433,195,mRNA
30678,8899761,8899868,107,mRNA
30679,8898732,8898920,188,mRNA
30680,8898083,8898311,228,mRNA
30681,8897442,8898022,580,mRNA
30682,8897061,8897375,314,mRNA
30683,8896127,8896347,220,mRNA
30684,8895595,8896072,477,mRNA
30685,8895378,8895540,162,mRNA
30686,8895047,8895319,272,mRNA
30687,8894404,8894983,579,mRNA
30688,8904687,8904790,103,mRNA
30689,8903546,8903756,210,mRNA
30690,8902949,8903104,155,mRNA
30691,8900652,8900808,156,mRNA
30692,8900506,8900596,90,mRNA
30693,8900238,8900433,195,mRNA
30694,8899761,8899868,107,mRNA
30695,8898732,8898920,188,mRNA
30696,8898083,8898311,228,mRNA
30697,8897442,8898022,580,mRNA
30698,8897061,8897375,314,mRNA
30699,8896525,8896632,107,mRNA
30700,8896127,8896347,220,mRNA
30701,8895595,8896072,477,mRNA
30702,8895378,8895540,162,mRNA
30703,8895047,8895319,272,mRNA
30704,8894404,8894983,579,mRNA
30705,8904687,8904790,103,mRNA
30706,8903546,8903756,210,mRNA
30707,8902949,8903104,155,mRNA
30708,8900652,8900808,156,mRNA
30709,8900506,8900596,90,mRNA
30710,8900238,8900433,195,mRNA
30711,8899761,8899868,107,mRNA
30712,8898732,8898920,188,mRNA
30713,8898083,8898311,228,mRNA
30714,8897442,8898022,580,mRNA
30715,8897061,8897375,314,mRNA
30716,8896852,8896962,110,mRNA
30717,8896127,8896347,220,mRNA
30718,8895595,8896072,477,mRNA
30719,8895378,8895540,162,mRNA
30720,8895047,8895319,272,mRNA
30721,8894404,8894983,579,mRNA
30722,8901457,8901642,185,mRNA
30723,8900652,8900808,156,mRNA
30724,8900506,8900596,90,mRNA
30725,8900238,8900433,195,mRNA
30726,8899761,8899868,107,mRNA
30727,8898732,8898920,188,mRNA
30728,8898083,8898311,228,mRNA
30729,8897442,8898022,580,mRNA
30730,8897061,8897375,314,mRNA
30731,8896525,8896632,107,mRNA
30732,8896127,8896347,220,mRNA
30733,8895595,8896072,477,mRNA
30734,8895378,8895540,162,mRNA
30735,8895047,8895319,272,mRNA
30736,8894404,8894983,579,mRNA
30737,8901457,8901642,185,mRNA
30738,8900652,8900808,156,mRNA
30739,8900506,8900596,90,mRNA
30740,8900238,8900433,195,mRNA
30741,8899761,8899868,107,mRNA
30742,8898732,8898920,188,mRNA
30743,8898083,8898311,228,mRNA
30744,8897442,8898022,580,mRNA
30745,8897061,8897375,314,mRNA
30746,8896852,8896962,110,mRNA
30747,8896127,8896347,220,mRNA
30748,8895595,8896072,477,mRNA
30749,8895378,8895540,162,mRNA
30750,8895047,8895319,272,mRNA
30751,8894404,8894983,579,mRNA
30752,8903546,8903680,134,CDS
30753,8902949,8903104,155,CDS
30754,8900652,8900808,156,CDS
30755,8900506,8900596,90,CDS
30756,8900238,8900433,195,CDS
30757,8899761,8899868,107,CDS
30758,8898732,8898920,188,CDS
30759,8898083,8898311,228,CDS
30760,8897442,8898022,580,CDS
30761,8897061,8897375,314,CDS
30762,8896127,8896347,220,CDS
30763,8895595,8896072,477,CDS
30764,8895378,8895540,162,CDS
30765,8895047,8895319,272,CDS
30766,8894688,8894983,295,CDS
30767,8903546,8903680,134,CDS
30768,8902949,8903104,155,CDS
30769,8900652,8900808,156,CDS
30770,8900506,8900596,90,CDS
30771,8900238,8900433,195,CDS
30772,8899761,8899868,107,CDS
30773,8898732,8898920,188,CDS
30774,8898083,8898311,228,CDS
30775,8897442,8898022,580,CDS
30776,8897061,8897375,314,CDS
30777,8896525,8896632,107,CDS
30778,8896127,8896347,220,CDS
30779,8895595,8896072,477,CDS
30780,8895378,8895540,162,CDS
30781,8895047,8895319,272,CDS
30782,8894688,8894983,295,CDS
30783,8903546,8903680,134,CDS
30784,8902949,8903104,155,CDS
30785,8900652,8900808,156,CDS
30786,8900506,8900596,90,CDS
30787,8900238,8900433,195,CDS
30788,8899761,8899868,107,CDS
30789,8898732,8898920,188,CDS
30790,8898083,8898311,228,CDS
30791,8897442,8898022,580,CDS
30792,8897061,8897375,314,CDS
30793,8896852,8896962,110,CDS
30794,8896127,8896347,220,CDS
30795,8895595,8896072,477,CDS
30796,8895378,8895540,162,CDS
30797,8895047,8895319,272,CDS
30798,8894688,8894983,295,CDS
30799,8901457,8901642,185,CDS
30800,8900652,8900808,156,CDS
30801,8900506,8900596,90,CDS
30802,8900238,8900433,195,CDS
30803,8899761,8899868,107,CDS
30804,8898732,8898920,188,CDS
30805,8898083,8898311,228,CDS
30806,8897442,8898022,580,CDS
30807,8897061,8897375,314,CDS
30808,8896525,8896632,107,CDS
30809,8896127,8896347,220,CDS
30810,8895595,8896072,477,CDS
30811,8895378,8895540,162,CDS
30812,8895047,8895319,272,CDS
30813,8894688,8894983,295,CDS
30814,8901457,8901642,185,CDS
30815,8900652,8900808,156,CDS
30816,8900506,8900596,90,CDS
30817,8900238,8900433,195,CDS
30818,8899761,8899868,107,CDS
30819,8898732,8898920,188,CDS
30820,8898083,8898311,228,CDS
30821,8897442,8898022,580,CDS
30822,8897061,8897375,314,CDS
30823,8896852,8896962,110,CDS
30824,8896127,8896347,220,CDS
30825,8895595,8896072,477,CDS
30826,8895378,8895540,162,CDS
30827,8895047,8895319,272,CDS
30828,8894688,8894983,295,CDS
30829,8903349,8903422,73,gene
30830,8903349,8903422,73,tRNA
30831,8905918,8912671,6753,gene
30832,8912310,8912671,361,mRNA
30833,8911878,8912206,328,mRNA
30834,8911447,8911805,358,mRNA
30835,8911022,8911404,382,mRNA
30836,8910524,8910972,448,mRNA
30837,8909213,8910471,1258,mRNA
30838,8908988,8909159,171,mRNA
30839,8907722,8908934,1212,mRNA
30840,8907524,8907660,136,mRNA
30841,8907065,8907246,181,mRNA
30842,8906819,8906939,120,mRNA
30843,8906418,8906708,290,mRNA
30844,8906259,8906359,100,mRNA
30845,8905918,8906142,224,mRNA
30846,8912310,8912654,344,mRNA
30847,8911878,8912206,328,mRNA
30848,8911447,8911805,358,mRNA
30849,8911286,8911388,102,mRNA
30850,8910524,8911215,691,mRNA
30851,8909213,8910471,1258,mRNA
30852,8907722,8909159,1437,mRNA
30853,8907524,8907660,136,mRNA
30854,8907065,8907246,181,mRNA
30855,8906418,8906939,521,mRNA
30856,8906259,8906359,100,mRNA
30857,8905918,8906194,276,mRNA
30858,8911878,8912186,308,mRNA
30859,8911447,8911805,358,mRNA
30860,8911265,8911388,123,mRNA
30861,8911022,8911199,177,mRNA
30862,8910524,8910972,448,mRNA
30863,8909213,8910471,1258,mRNA
30864,8908988,8909159,171,mRNA
30865,8907722,8908934,1212,mRNA
30866,8907524,8907660,136,mRNA
30867,8907065,8907246,181,mRNA
30868,8906819,8906939,120,mRNA
30869,8906418,8906708,290,mRNA
30870,8906259,8906359,100,mRNA
30871,8905918,8906194,276,mRNA
30872,8911878,8912167,289,mRNA
30873,8911447,8911805,358,mRNA
30874,8911286,8911388,102,mRNA
30875,8911022,8911220,198,mRNA
30876,8910524,8910972,448,mRNA
30877,8909213,8910464,1251,mRNA
30878,8908988,8909159,171,mRNA
30879,8907722,8908934,1212,mRNA
30880,8907524,8907660,136,mRNA
30881,8907065,8907246,181,mRNA
30882,8906819,8906939,120,mRNA
30883,8906418,8906708,290,mRNA
30884,8906259,8906359,100,mRNA
30885,8905918,8906191,273,mRNA
30886,8911878,8912167,289,mRNA
30887,8911447,8911805,358,mRNA
30888,8911022,8911388,366,mRNA
30889,8910524,8910859,335,mRNA
30890,8909213,8910471,1258,mRNA
30891,8908988,8909159,171,mRNA
30892,8907722,8908934,1212,mRNA
30893,8907524,8907660,136,mRNA
30894,8907065,8907246,181,mRNA
30895,8906819,8906939,120,mRNA
30896,8906418,8906708,290,mRNA
30897,8906259,8906359,100,mRNA
30898,8905918,8906194,276,mRNA
30899,8911878,8912167,289,mRNA
30900,8911447,8911805,358,mRNA
30901,8911022,8911388,366,mRNA
30902,8910524,8910972,448,mRNA
30903,8909213,8910471,1258,mRNA
30904,8908988,8909159,171,mRNA
30905,8907722,8908934,1212,mRNA
30906,8907524,8907660,136,mRNA
30907,8907065,8907246,181,mRNA
30908,8906819,8906939,120,mRNA
30909,8906418,8906708,290,mRNA
30910,8906259,8906359,100,mRNA
30911,8905918,8906194,276,mRNA
30912,8911878,8912154,276,mRNA
30913,8911447,8911805,358,mRNA
30914,8911022,8911388,366,mRNA
30915,8910524,8910859,335,mRNA
30916,8909213,8910471,1258,mRNA
30917,8908988,8909159,171,mRNA
30918,8907722,8908924,1202,mRNA
30919,8907524,8907660,136,mRNA
30920,8907065,8907246,181,mRNA
30921,8906819,8906939,120,mRNA
30922,8906418,8906708,290,mRNA
30923,8906259,8906359,100,mRNA
30924,8905918,8906194,276,mRNA
30925,8911878,8912057,179,CDS
30926,8911447,8911805,358,CDS
30927,8911265,8911388,123,CDS
30928,8911022,8911199,177,CDS
30929,8910524,8910972,448,CDS
30930,8909213,8910471,1258,CDS
30931,8908988,8909159,171,CDS
30932,8907722,8908934,1212,CDS
30933,8907524,8907660,136,CDS
30934,8907065,8907246,181,CDS
30935,8906819,8906939,120,CDS
30936,8906418,8906708,290,CDS
30937,8906259,8906359,100,CDS
30938,8906017,8906194,177,CDS
30939,8911022,8911238,216,CDS
30940,8910524,8910972,448,CDS
30941,8909213,8910471,1258,CDS
30942,8908988,8909159,171,CDS
30943,8907722,8908934,1212,CDS
30944,8907524,8907660,136,CDS
30945,8907065,8907246,181,CDS
30946,8906819,8906939,120,CDS
30947,8906418,8906708,290,CDS
30948,8906259,8906359,100,CDS
30949,8906017,8906194,177,CDS
30950,8911022,8911087,65,CDS
30951,8910524,8910859,335,CDS
30952,8909213,8910471,1258,CDS
30953,8908988,8909159,171,CDS
30954,8907722,8908934,1212,CDS
30955,8907524,8907660,136,CDS
30956,8907065,8907246,181,CDS
30957,8906819,8906939,120,CDS
30958,8906418,8906708,290,CDS
30959,8906259,8906359,100,CDS
30960,8906017,8906194,177,CDS
30961,8907722,8908658,936,CDS
30962,8907524,8907660,136,CDS
30963,8907065,8907246,181,CDS
30964,8906819,8906939,120,CDS
30965,8906418,8906708,290,CDS
30966,8906259,8906359,100,CDS
30967,8906017,8906194,177,CDS
30968,8911022,8911238,216,CDS
30969,8910524,8910972,448,CDS
30970,8909213,8910471,1258,CDS
30971,8908988,8909159,171,CDS
30972,8907722,8908934,1212,CDS
30973,8907524,8907660,136,CDS
30974,8907065,8907246,181,CDS
30975,8906819,8906939,120,CDS
30976,8906418,8906708,290,CDS
30977,8906259,8906359,100,CDS
30978,8906088,8906142,54,CDS
30979,8909213,8910132,919,CDS
30980,8908988,8909159,171,CDS
30981,8907722,8908934,1212,CDS
30982,8907524,8907660,136,CDS
30983,8907065,8907246,181,CDS
30984,8906819,8906939,120,CDS
30985,8906418,8906708,290,CDS
30986,8906259,8906359,100,CDS
30987,8906191,8906191,0,CDS
30988,8910524,8910919,395,CDS
30989,8909213,8910471,1258,CDS
30990,8908895,8909159,264,CDS
30991,8912499,8932065,19566,gene
30992,8912499,8912596,97,mRNA
30993,8912969,8913052,83,mRNA
30994,8926074,8926192,118,mRNA
30995,8926696,8926794,98,mRNA
30996,8928016,8928144,128,mRNA
30997,8930380,8930739,359,mRNA
30998,8930800,8932065,1265,mRNA
30999,8912542,8912771,229,mRNA
31000,8912969,8913052,83,mRNA
31001,8926074,8926192,118,mRNA
31002,8926696,8926794,98,mRNA
31003,8928016,8928144,128,mRNA
31004,8930380,8930739,359,mRNA
31005,8930800,8932065,1265,mRNA
31006,8912542,8912745,203,mRNA
31007,8912969,8913052,83,mRNA
31008,8926074,8926192,118,mRNA
31009,8926696,8926794,98,mRNA
31010,8928016,8928144,128,mRNA
31011,8930380,8930739,359,mRNA
31012,8930800,8932065,1265,mRNA
31013,8915233,8915668,435,gene
31014,8915233,8915277,44,ncRNA
31015,8915336,8915668,332,ncRNA
31016,8926127,8926192,65,CDS
31017,8926696,8926794,98,CDS
31018,8928016,8928144,128,CDS
31019,8930380,8930739,359,CDS
31020,8930800,8930949,149,CDS
31021,8926127,8926192,65,CDS
31022,8926696,8926794,98,CDS
31023,8928016,8928144,128,CDS
31024,8930380,8930739,359,CDS
31025,8930800,8930949,149,CDS
31026,8926127,8926192,65,CDS
31027,8926696,8926794,98,CDS
31028,8928016,8928144,128,CDS
31029,8930380,8930739,359,CDS
31030,8930800,8930949,149,CDS
31031,8932235,8954272,22037,gene
31032,8953933,8954272,339,mRNA
31033,8949657,8949759,102,mRNA
31034,8948883,8949280,397,mRNA
31035,8947828,8947889,61,mRNA
31036,8935265,8936770,1505,mRNA
31037,8934996,8935203,207,mRNA
31038,8934666,8934938,272,mRNA
31039,8934405,8934596,191,mRNA
31040,8934231,8934311,80,mRNA
31041,8933566,8934140,574,mRNA
31042,8932235,8933489,1254,mRNA
31043,8952819,8953234,415,mRNA
31044,8949657,8949759,102,mRNA
31045,8948883,8949280,397,mRNA
31046,8947828,8947889,61,mRNA
31047,8935265,8936770,1505,mRNA
31048,8934996,8935203,207,mRNA
31049,8934666,8934938,272,mRNA
31050,8934405,8934596,191,mRNA
31051,8933566,8934140,574,mRNA
31052,8932235,8933489,1254,mRNA
31053,8935265,8936813,1548,mRNA
31054,8934996,8935203,207,mRNA
31055,8934666,8934938,272,mRNA
31056,8934405,8934596,191,mRNA
31057,8933566,8934140,574,mRNA
31058,8932235,8933489,1254,mRNA
31059,8935265,8936813,1548,mRNA
31060,8934996,8935203,207,mRNA
31061,8934666,8934938,272,mRNA
31062,8934405,8934596,191,mRNA
31063,8934231,8934308,77,mRNA
31064,8933566,8934140,574,mRNA
31065,8932235,8933489,1254,mRNA
31066,8935265,8936813,1548,mRNA
31067,8934996,8935203,207,mRNA
31068,8934666,8934938,272,mRNA
31069,8934405,8934596,191,mRNA
31070,8934231,8934311,80,mRNA
31071,8933566,8934140,574,mRNA
31072,8932934,8933489,555,mRNA
31073,8949657,8949681,24,CDS
31074,8948883,8949280,397,CDS
31075,8947828,8947889,61,CDS
31076,8935265,8936770,1505,CDS
31077,8934996,8935203,207,CDS
31078,8934666,8934938,272,CDS
31079,8934405,8934596,191,CDS
31080,8933566,8934140,574,CDS
31081,8933063,8933489,426,CDS
31082,8949657,8949681,24,CDS
31083,8948883,8949280,397,CDS
31084,8947828,8947889,61,CDS
31085,8935265,8936770,1505,CDS
31086,8934996,8935203,207,CDS
31087,8934666,8934938,272,CDS
31088,8934405,8934596,191,CDS
31089,8934231,8934311,80,CDS
31090,8933566,8934140,574,CDS
31091,8933063,8933489,426,CDS
31092,8935265,8936253,988,CDS
31093,8934996,8935203,207,CDS
31094,8934666,8934938,272,CDS
31095,8934405,8934596,191,CDS
31096,8933566,8934140,574,CDS
31097,8933063,8933489,426,CDS
31098,8935265,8936253,988,CDS
31099,8934996,8935203,207,CDS
31100,8934666,8934938,272,CDS
31101,8934405,8934596,191,CDS
31102,8934231,8934308,77,CDS
31103,8933566,8934140,574,CDS
31104,8933063,8933489,426,CDS
31105,8935265,8936253,988,CDS
31106,8934996,8935203,207,CDS
31107,8934666,8934938,272,CDS
31108,8934405,8934596,191,CDS
31109,8934231,8934311,80,CDS
31110,8933566,8934140,574,CDS
31111,8933063,8933489,426,CDS
31112,8937100,8954463,17363,gene
31113,8952819,8953234,415,mRNA
31114,8949657,8949759,102,mRNA
31115,8948883,8949280,397,mRNA
31116,8947828,8947889,61,mRNA
31117,8937100,8944520,7420,mRNA
31118,8954378,8954463,85,mRNA
31119,8953933,8954252,319,mRNA
31120,8949657,8949759,102,mRNA
31121,8948883,8949280,397,mRNA
31122,8947828,8947889,61,mRNA
31123,8939065,8944520,5455,mRNA
31124,8952819,8953234,415,mRNA
31125,8949657,8949759,102,mRNA
31126,8948883,8949280,397,mRNA
31127,8947828,8947889,61,mRNA
31128,8941313,8944520,3207,mRNA
31129,8952819,8953234,415,mRNA
31130,8949657,8949759,102,mRNA
31131,8948883,8949280,397,mRNA
31132,8947828,8947889,61,mRNA
31133,8941313,8944520,3207,mRNA
31134,8952819,8953234,415,mRNA
31135,8949657,8949759,102,mRNA
31136,8948883,8949280,397,mRNA
31137,8947828,8947889,61,mRNA
31138,8941313,8944520,3207,mRNA
31139,8953933,8954275,342,mRNA
31140,8949657,8949759,102,mRNA
31141,8948883,8949280,397,mRNA
31142,8947828,8947889,61,mRNA
31143,8942311,8944520,2209,mRNA
31144,8944818,8944893,75,mRNA
31145,8942499,8944520,2021,mRNA
31146,8949657,8949681,24,CDS
31147,8948883,8949280,397,CDS
31148,8947828,8947889,61,CDS
31149,8942696,8944520,1824,CDS
31150,8949657,8949681,24,CDS
31151,8948883,8949280,397,CDS
31152,8947828,8947889,61,CDS
31153,8942876,8944520,1644,CDS
31154,8949657,8949681,24,CDS
31155,8948883,8949280,397,CDS
31156,8947828,8947889,61,CDS
31157,8942891,8944520,1629,CDS
31158,8949657,8949681,24,CDS
31159,8948883,8949280,397,CDS
31160,8947828,8947889,61,CDS
31161,8942891,8944520,1629,CDS
31162,8949657,8949681,24,CDS
31163,8948883,8949280,397,CDS
31164,8947828,8947889,61,CDS
31165,8942891,8944520,1629,CDS
31166,8949657,8949681,24,CDS
31167,8948883,8949280,397,CDS
31168,8947828,8947889,61,CDS
31169,8942891,8944520,1629,CDS
31170,8944818,8944843,25,CDS
31171,8942891,8944520,1629,CDS
31172,8955021,8956551,1530,gene
31173,8955021,8956551,1530,mRNA
31174,8955026,8956498,1472,CDS
31175,8956791,8957584,793,gene
31176,8956791,8956879,88,mRNA
31177,8956936,8957584,648,mRNA
31178,8956947,8957495,548,CDS
31179,8958857,8960921,2064,gene
31180,8958857,8959190,333,mRNA
31181,8959798,8959956,158,mRNA
31182,8960021,8960921,900,mRNA
31183,8958977,8959190,213,CDS
31184,8959798,8959956,158,CDS
31185,8960021,8960895,874,CDS
31186,8961274,8964769,3495,gene
31187,8964533,8964769,236,mRNA
31188,8962711,8964464,1753,mRNA
31189,8962206,8962655,449,mRNA
31190,8961517,8962146,629,mRNA
31191,8961274,8961456,182,mRNA
31192,8964533,8964663,130,mRNA
31193,8962711,8964464,1753,mRNA
31194,8962206,8962655,449,mRNA
31195,8961517,8962146,629,mRNA
31196,8961274,8961456,182,mRNA
31197,8964533,8964626,93,CDS
31198,8962711,8964464,1753,CDS
31199,8962206,8962655,449,CDS
31200,8961517,8962146,629,CDS
31201,8961400,8961456,56,CDS
31202,8964533,8964626,93,CDS
31203,8962711,8964464,1753,CDS
31204,8962206,8962655,449,CDS
31205,8961517,8962146,629,CDS
31206,8961400,8961456,56,CDS
31207,8964912,8966374,1462,gene
31208,8964912,8966374,1462,mRNA
31209,8964932,8966362,1430,CDS
31210,8966829,8968171,1342,gene
31211,8966829,8966992,163,mRNA
31212,8967128,8967210,82,mRNA
31213,8967282,8967516,234,mRNA
31214,8967566,8968171,605,mRNA
31215,8966829,8966983,154,mRNA
31216,8967128,8967210,82,mRNA
31217,8967282,8967516,234,mRNA
31218,8967566,8968114,548,mRNA
31219,8966829,8966983,154,mRNA
31220,8967128,8967210,82,mRNA
31221,8967282,8967516,234,mRNA
31222,8967581,8968114,533,mRNA
31223,8966829,8966992,163,mRNA
31224,8967128,8967210,82,mRNA
31225,8967282,8967516,234,mRNA
31226,8967581,8968031,450,mRNA
31227,8966969,8966992,23,CDS
31228,8967128,8967210,82,CDS
31229,8967282,8967516,234,CDS
31230,8967566,8967895,329,CDS
31231,8966969,8966992,23,CDS
31232,8967128,8967210,82,CDS
31233,8967282,8967516,234,CDS
31234,8967581,8967895,314,CDS
31235,8966969,8966983,14,CDS
31236,8967128,8967210,82,CDS
31237,8967282,8967516,234,CDS
31238,8967566,8967895,329,CDS
31239,8966969,8966983,14,CDS
31240,8967128,8967210,82,CDS
31241,8967282,8967516,234,CDS
31242,8967581,8967895,314,CDS
31243,8968528,8971752,3224,gene
31244,8968528,8969073,545,mRNA
31245,8969177,8969427,250,mRNA
31246,8969498,8969885,387,mRNA
31247,8969948,8970423,475,mRNA
31248,8970483,8970895,412,mRNA
31249,8970949,8971046,97,mRNA
31250,8971103,8971752,649,mRNA
31251,8968528,8969073,545,mRNA
31252,8969177,8969427,250,mRNA
31253,8969498,8969885,387,mRNA
31254,8969948,8970423,475,mRNA
31255,8970483,8970895,412,mRNA
31256,8970949,8971046,97,mRNA
31257,8971103,8971402,299,mRNA
31258,8968528,8969073,545,mRNA
31259,8969177,8969427,250,mRNA
31260,8969498,8969885,387,mRNA
31261,8969948,8970423,475,mRNA
31262,8970483,8970895,412,mRNA
31263,8970949,8971046,97,mRNA
31264,8971103,8971377,274,mRNA
31265,8968915,8969073,158,CDS
31266,8969177,8969427,250,CDS
31267,8969498,8969885,387,CDS
31268,8969948,8970423,475,CDS
31269,8970483,8970895,412,CDS
31270,8970949,8971046,97,CDS
31271,8971103,8971180,77,CDS
31272,8968915,8969073,158,CDS
31273,8969177,8969427,250,CDS
31274,8969498,8969885,387,CDS
31275,8969948,8970423,475,CDS
31276,8970483,8970895,412,CDS
31277,8970949,8971046,97,CDS
31278,8971103,8971180,77,CDS
31279,8968915,8969073,158,CDS
31280,8969177,8969427,250,CDS
31281,8969498,8969885,387,CDS
31282,8969948,8970423,475,CDS
31283,8970483,8970895,412,CDS
31284,8970949,8971046,97,CDS
31285,8971103,8971180,77,CDS
31286,8972056,8974765,2709,gene
31287,8974657,8974765,108,mRNA
31288,8974134,8974347,213,mRNA
31289,8973461,8974071,610,mRNA
31290,8972685,8973401,716,mRNA
31291,8972056,8972627,571,mRNA
31292,8974134,8974417,283,mRNA
31293,8973461,8974071,610,mRNA
31294,8972685,8973401,716,mRNA
31295,8972056,8972627,571,mRNA
31296,8974134,8974346,212,CDS
31297,8973461,8974071,610,CDS
31298,8972685,8973401,716,CDS
31299,8972333,8972627,294,CDS
31300,8974134,8974346,212,CDS
31301,8973461,8974071,610,CDS
31302,8972685,8973401,716,CDS
31303,8972333,8972627,294,CDS
31304,8975046,8977401,2355,gene
31305,8975046,8975220,174,mRNA
31306,8975325,8975674,349,mRNA
31307,8975737,8976399,662,mRNA
31308,8976458,8977401,943,mRNA
31309,8975124,8975220,96,CDS
31310,8975325,8975674,349,CDS
31311,8975737,8976399,662,CDS
31312,8976458,8977162,704,CDS
31313,8977395,8979880,2485,gene
31314,8979348,8979880,532,mRNA
31315,8978350,8978639,289,mRNA
31316,8977395,8978283,888,mRNA
31317,8979348,8979627,279,CDS
31318,8978350,8978639,289,CDS
31319,8977474,8978283,809,CDS
31320,8981795,8983212,1417,gene
31321,8981795,8981888,93,mRNA
31322,8982714,8983212,498,mRNA
31323,8982212,8986091,3879,gene
31324,8985977,8986091,114,mRNA
31325,8985053,8985231,178,mRNA
31326,8984813,8984986,173,mRNA
31327,8983934,8984667,733,mRNA
31328,8983532,8983736,204,mRNA
31329,8982212,8983473,1261,mRNA
31330,8982424,8983212,788,mRNA
31331,8982723,8983103,380,CDS
31332,8982723,8983103,380,CDS
31333,8985977,8986091,114,mRNA
31334,8985419,8985667,248,mRNA
31335,8985053,8985308,255,mRNA
31336,8984813,8984986,173,mRNA
31337,8983934,8984667,733,mRNA
31338,8983532,8983736,204,mRNA
31339,8983154,8983473,319,mRNA
31340,8985419,8985816,397,mRNA
31341,8985284,8985308,24,mRNA
31342,8985053,8985231,178,mRNA
31343,8984813,8984986,173,mRNA
31344,8983934,8984667,733,mRNA
31345,8983532,8983736,204,mRNA
31346,8983154,8983473,319,mRNA
31347,8985419,8985594,175,mRNA
31348,8985053,8985231,178,mRNA
31349,8984813,8984986,173,mRNA
31350,8983934,8984667,733,mRNA
31351,8983532,8983736,204,mRNA
31352,8983154,8983473,319,mRNA
31353,8985053,8985225,172,CDS
31354,8984813,8984986,173,CDS
31355,8983934,8984667,733,CDS
31356,8983532,8983736,204,CDS
31357,8983287,8983473,186,CDS
31358,8985053,8985225,172,CDS
31359,8984813,8984986,173,CDS
31360,8983934,8984667,733,CDS
31361,8983532,8983736,204,CDS
31362,8983287,8983473,186,CDS
31363,8985053,8985225,172,CDS
31364,8984813,8984986,173,CDS
31365,8983934,8984667,733,CDS
31366,8983532,8983736,204,CDS
31367,8983287,8983473,186,CDS
31368,8985053,8985225,172,CDS
31369,8984813,8984986,173,CDS
31370,8983934,8984667,733,CDS
31371,8983532,8983736,204,CDS
31372,8983287,8983473,186,CDS
31373,8986710,8989135,2425,gene
31374,8986710,8986958,248,mRNA
31375,8987027,8987225,198,mRNA
31376,8987285,8987394,109,mRNA
31377,8987732,8988043,311,mRNA
31378,8988099,8988323,224,mRNA
31379,8988386,8989135,749,mRNA
31380,8986710,8986958,248,mRNA
31381,8987027,8987225,198,mRNA
31382,8987285,8987394,109,mRNA
31383,8987732,8988043,311,mRNA
31384,8988099,8988323,224,mRNA
31385,8988386,8988882,496,mRNA
31386,8986885,8986958,73,CDS
31387,8987027,8987225,198,CDS
31388,8987285,8987394,109,CDS
31389,8987732,8988043,311,CDS
31390,8988099,8988323,224,CDS
31391,8988386,8988695,309,CDS
31392,8986885,8986958,73,CDS
31393,8987027,8987225,198,CDS
31394,8987285,8987394,109,CDS
31395,8987732,8988043,311,CDS
31396,8988099,8988323,224,CDS
31397,8988386,8988695,309,CDS
31398,8989069,8990228,1159,gene
31399,8989929,8990228,299,mRNA
31400,8989449,8989820,371,mRNA
31401,8989069,8989382,313,mRNA
31402,8989929,8990133,204,CDS
31403,8989449,8989820,371,CDS
31404,8989207,8989382,175,CDS
31405,8990317,8997989,7672,gene
31406,8997579,8997989,410,mRNA
31407,8993099,8995565,2466,mRNA
31408,8992453,8993041,588,mRNA
31409,8991222,8991537,315,mRNA
31410,8990317,8991157,840,mRNA
31411,8996854,8997246,392,mRNA
31412,8993099,8995565,2466,mRNA
31413,8992453,8993041,588,mRNA
31414,8990317,8991537,1220,mRNA
31415,8996854,8997094,240,mRNA
31416,8993099,8995565,2466,mRNA
31417,8992044,8993041,997,mRNA
31418,8990317,8991537,1220,mRNA
31419,8996482,8996571,89,mRNA
31420,8995723,8995917,194,mRNA
31421,8993099,8995565,2466,mRNA
31422,8992453,8993041,588,mRNA
31423,8990317,8991537,1220,mRNA
31424,8996062,8996249,187,mRNA
31425,8993099,8995565,2466,mRNA
31426,8992453,8993041,588,mRNA
31427,8990317,8991537,1220,mRNA
31428,8993099,8995467,2368,CDS
31429,8992453,8993041,588,CDS
31430,8991496,8991537,41,CDS
31431,8993099,8995467,2368,CDS
31432,8992453,8993041,588,CDS
31433,8991496,8991537,41,CDS
31434,8993099,8995467,2368,CDS
31435,8992453,8993041,588,CDS
31436,8991496,8991537,41,CDS
31437,8993099,8995467,2368,CDS
31438,8992453,8993041,588,CDS
31439,8991496,8991537,41,CDS
31440,8993099,8995467,2368,CDS
31441,8992081,8993041,960,CDS
31442,8998184,9002566,4382,gene
31443,8998184,8998609,425,mRNA
31444,8998663,8999152,489,mRNA
31445,8999216,8999596,380,mRNA
31446,8999653,9000278,625,mRNA
31447,9000339,9000457,118,mRNA
31448,9000603,9001783,1180,mRNA
31449,9001845,9002566,721,mRNA
31450,8998184,8998609,425,mRNA
31451,8998663,8999152,489,mRNA
31452,8999216,8999596,380,mRNA
31453,8999653,9000278,625,mRNA
31454,9000339,9000457,118,mRNA
31455,9000606,9001783,1177,mRNA
31456,9001845,9002566,721,mRNA
31457,8998455,8998609,154,CDS
31458,8998663,8999152,489,CDS
31459,8999216,8999596,380,CDS
31460,8999653,9000278,625,CDS
31461,9000339,9000457,118,CDS
31462,9000603,9001783,1180,CDS
31463,9001845,9002129,284,CDS
31464,8998455,8998609,154,CDS
31465,8998663,8999152,489,CDS
31466,8999216,8999596,380,CDS
31467,8999653,9000278,625,CDS
31468,9000339,9000457,118,CDS
31469,9000606,9001783,1177,CDS
31470,9001845,9002129,284,CDS
31471,9005196,9007249,2053,gene
31472,9005196,9005408,212,mRNA
31473,9005471,9005636,165,mRNA
31474,9005775,9006042,267,mRNA
31475,9006159,9006296,137,mRNA
31476,9006364,9007249,885,mRNA
31477,9005318,9005408,90,CDS
31478,9005471,9005636,165,CDS
31479,9005775,9006042,267,CDS
31480,9006159,9006296,137,CDS
31481,9006364,9006975,611,CDS
31482,9008624,9009838,1214,gene
31483,9009582,9009838,256,mRNA
31484,9009032,9009511,479,mRNA
31485,9008624,9008981,357,mRNA
31486,9009582,9009838,256,mRNA
31487,9009032,9009529,497,mRNA
31488,9008624,9008981,357,mRNA
31489,9009582,9009761,179,CDS
31490,9009032,9009511,479,CDS
31491,9008751,9008981,230,CDS
31492,9009582,9009761,179,CDS
31493,9009032,9009529,497,CDS
31494,9008751,9008981,230,CDS
31495,9012686,9019246,6560,gene
31496,9018801,9019246,445,mRNA
31497,9017929,9018085,156,mRNA
31498,9014708,9014975,267,mRNA
31499,9014492,9014629,137,mRNA
31500,9012686,9013621,935,mRNA
31501,9018801,9018891,90,CDS
31502,9017929,9018085,156,CDS
31503,9014708,9014975,267,CDS
31504,9014492,9014629,137,CDS
31505,9012866,9013621,755,CDS
31506,9041375,9045042,3667,gene
31507,9041375,9041630,255,mRNA
31508,9042033,9042198,165,mRNA
31509,9043388,9043655,267,mRNA
31510,9043724,9043861,137,mRNA
31511,9044345,9045042,697,mRNA
31512,9041540,9041630,90,CDS
31513,9042033,9042198,165,CDS
31514,9043388,9043655,267,CDS
31515,9043724,9043861,137,CDS
31516,9044345,9044857,512,CDS
31517,9041829,9041897,68,mRNA
31518,9042033,9042198,165,mRNA
31519,9043388,9043655,267,mRNA
31520,9043724,9043861,137,mRNA
31521,9044345,9045042,697,mRNA
31522,9042047,9042198,151,CDS
31523,9043388,9043655,267,CDS
31524,9043724,9043861,137,CDS
31525,9044345,9044857,512,CDS
31526,9047439,9048724,1285,gene
31527,9047439,9048724,1285,mRNA
31528,9047496,9048662,1166,CDS
31529,9048781,9066027,17246,gene
31530,9048781,9050356,1575,mRNA
31531,9062812,9062948,136,mRNA
31532,9061907,9062467,560,mRNA
31533,9048812,9050359,1547,mRNA
31534,9051130,9051901,771,mRNA
31535,9048812,9050359,1547,mRNA
31536,9065708,9066027,319,mRNA
31537,9064464,9064517,53,mRNA
31538,9048880,9050359,1479,mRNA
31539,9065708,9066027,319,mRNA
31540,9064464,9064517,53,mRNA
31541,9061907,9062467,560,mRNA
31542,9048880,9050359,1479,mRNA
31543,9057543,9057581,38,mRNA
31544,9048880,9050359,1479,mRNA
31545,9053520,9053561,41,mRNA
31546,9051130,9051717,587,mRNA
31547,9048880,9050359,1479,mRNA
31548,9064464,9064507,43,CDS
31549,9049276,9050359,1083,CDS
31550,9064464,9064507,43,CDS
31551,9061907,9062467,560,CDS
31552,9049276,9050359,1083,CDS
31553,9061907,9062121,214,CDS
31554,9049276,9050359,1083,CDS
31555,9051130,9051236,106,CDS
31556,9049276,9050359,1083,CDS
31557,9049276,9050346,1070,CDS
31558,9049276,9050346,1070,CDS
31559,9049276,9050346,1070,CDS
31560,9067195,9072731,5536,gene
31561,9072488,9072731,243,mRNA
31562,9071746,9071901,155,mRNA
31563,9071583,9071687,104,mRNA
31564,9070705,9071521,816,mRNA
31565,9067195,9070647,3452,mRNA
31566,9072488,9072731,243,mRNA
31567,9071746,9071901,155,mRNA
31568,9071583,9071687,104,mRNA
31569,9070705,9071521,816,mRNA
31570,9069649,9070644,995,mRNA
31571,9072488,9072731,243,mRNA
31572,9071746,9071901,155,mRNA
31573,9071583,9071687,104,mRNA
31574,9070705,9071521,816,mRNA
31575,9069649,9070647,998,mRNA
31576,9072488,9072630,142,CDS
31577,9071746,9071901,155,CDS
31578,9071583,9071687,104,CDS
31579,9070705,9071521,816,CDS
31580,9070516,9070644,128,CDS
31581,9072488,9072630,142,CDS
31582,9071746,9071901,155,CDS
31583,9071583,9071687,104,CDS
31584,9070705,9071521,816,CDS
31585,9070516,9070647,131,CDS
31586,9072488,9072630,142,CDS
31587,9071746,9071901,155,CDS
31588,9071583,9071687,104,CDS
31589,9070705,9071521,816,CDS
31590,9070516,9070647,131,CDS
31591,9073105,9074467,1362,gene
31592,9073105,9073671,566,mRNA
31593,9073729,9074467,738,mRNA
31594,9073207,9073671,464,CDS
31595,9073729,9074319,590,CDS
31596,9074643,9092131,17488,gene
31597,9074643,9074829,186,mRNA
31598,9075064,9075622,558,mRNA
31599,9075672,9075866,194,mRNA
31600,9076020,9076265,245,mRNA
31601,9076319,9076795,476,mRNA
31602,9076858,9076978,120,mRNA
31603,9084486,9084919,433,mRNA
31604,9085058,9085300,242,mRNA
31605,9085365,9085829,464,mRNA
31606,9085888,9087267,1379,mRNA
31607,9087324,9087788,464,mRNA
31608,9087849,9089948,2099,mRNA
31609,9090019,9090410,391,mRNA
31610,9090468,9090623,155,mRNA
31611,9090685,9091465,780,mRNA
31612,9091533,9091625,92,mRNA
31613,9091737,9091820,83,mRNA
31614,9091882,9092131,249,mRNA
31615,9074643,9074829,186,mRNA
31616,9075064,9075622,558,mRNA
31617,9075672,9075866,194,mRNA
31618,9076020,9076265,245,mRNA
31619,9076319,9076795,476,mRNA
31620,9076858,9076978,120,mRNA
31621,9084486,9084919,433,mRNA
31622,9085058,9085300,242,mRNA
31623,9085365,9085829,464,mRNA
31624,9085888,9087267,1379,mRNA
31625,9087324,9087788,464,mRNA
31626,9087849,9088115,266,mRNA
31627,9089355,9089948,593,mRNA
31628,9090019,9090410,391,mRNA
31629,9090468,9090623,155,mRNA
31630,9090685,9091465,780,mRNA
31631,9091533,9091625,92,mRNA
31632,9091737,9091820,83,mRNA
31633,9091882,9092131,249,mRNA
31634,9074643,9074829,186,mRNA
31635,9075064,9075622,558,mRNA
31636,9087849,9089948,2099,mRNA
31637,9090019,9090410,391,mRNA
31638,9090468,9090623,155,mRNA
31639,9090685,9091465,780,mRNA
31640,9091533,9091625,92,mRNA
31641,9091737,9091820,83,mRNA
31642,9091882,9092131,249,mRNA
31643,9074643,9074829,186,mRNA
31644,9075064,9075622,558,mRNA
31645,9075672,9075866,194,mRNA
31646,9076020,9076265,245,mRNA
31647,9076319,9076795,476,mRNA
31648,9076858,9077456,598,mRNA
31649,9074779,9074829,50,CDS
31650,9075064,9075622,558,CDS
31651,9075672,9075866,194,CDS
31652,9076020,9076265,245,CDS
31653,9076319,9076795,476,CDS
31654,9076858,9076978,120,CDS
31655,9084486,9084919,433,CDS
31656,9085058,9085300,242,CDS
31657,9085365,9085829,464,CDS
31658,9085888,9087267,1379,CDS
31659,9087324,9087788,464,CDS
31660,9087849,9089948,2099,CDS
31661,9090019,9090410,391,CDS
31662,9090468,9090623,155,CDS
31663,9090685,9091465,780,CDS
31664,9091533,9091625,92,CDS
31665,9091737,9091820,83,CDS
31666,9091882,9092018,136,CDS
31667,9074779,9074829,50,CDS
31668,9075064,9075622,558,CDS
31669,9075672,9075866,194,CDS
31670,9076020,9076265,245,CDS
31671,9076319,9076795,476,CDS
31672,9076858,9076978,120,CDS
31673,9084486,9084919,433,CDS
31674,9085058,9085300,242,CDS
31675,9085365,9085829,464,CDS
31676,9085888,9087267,1379,CDS
31677,9087324,9087788,464,CDS
31678,9087849,9088115,266,CDS
31679,9089355,9089948,593,CDS
31680,9090019,9090410,391,CDS
31681,9090468,9090623,155,CDS
31682,9090685,9091465,780,CDS
31683,9091533,9091625,92,CDS
31684,9091737,9091820,83,CDS
31685,9091882,9092018,136,CDS
31686,9074779,9074829,50,CDS
31687,9075064,9075622,558,CDS
31688,9087849,9089948,2099,CDS
31689,9090019,9090410,391,CDS
31690,9090468,9090623,155,CDS
31691,9090685,9091465,780,CDS
31692,9091533,9091625,92,CDS
31693,9091737,9091820,83,CDS
31694,9091882,9092018,136,CDS
31695,9074779,9074829,50,CDS
31696,9075064,9075622,558,CDS
31697,9075672,9075866,194,CDS
31698,9076020,9076265,245,CDS
31699,9076319,9076795,476,CDS
31700,9076858,9077021,163,CDS
31701,9076982,9084484,7502,mobile_element
31702,9093053,9094856,1803,gene
31703,9093053,9093311,258,mRNA
31704,9093620,9093730,110,mRNA
31705,9093793,9094206,413,mRNA
31706,9094569,9094856,287,mRNA
31707,9093132,9093311,179,CDS
31708,9093620,9093730,110,CDS
31709,9093793,9094206,413,CDS
31710,9094569,9094724,155,CDS
31711,9096877,9097494,617,gene
31712,9096877,9097494,617,mRNA
31713,9096877,9097374,497,mRNA
31714,9097011,9097220,209,CDS
31715,9097011,9097220,209,CDS
31716,9097629,9134405,36776,gene
31717,9129897,9130355,458,mRNA
31718,9113046,9113487,441,mRNA
31719,9112634,9112787,153,mRNA
31720,9108132,9108191,59,mRNA
31721,9107956,9108073,117,mRNA
31722,9107619,9107710,91,mRNA
31723,9107342,9107375,33,mRNA
31724,9097629,9102807,5178,mRNA
31725,9129897,9130774,877,mRNA
31726,9113046,9113487,441,mRNA
31727,9112634,9112787,153,mRNA
31728,9108132,9108191,59,mRNA
31729,9107956,9108073,117,mRNA
31730,9107619,9107695,76,mRNA
31731,9107342,9107375,33,mRNA
31732,9101641,9102807,1166,mRNA
31733,9129897,9130355,458,mRNA
31734,9113046,9113487,441,mRNA
31735,9112634,9112787,153,mRNA
31736,9108132,9108191,59,mRNA
31737,9107956,9108073,117,mRNA
31738,9107619,9107695,76,mRNA
31739,9107342,9107375,33,mRNA
31740,9101641,9102807,1166,mRNA
31741,9125167,9125313,146,mRNA
31742,9123616,9123776,160,mRNA
31743,9113046,9113487,441,mRNA
31744,9112634,9112787,153,mRNA
31745,9108132,9108191,59,mRNA
31746,9107956,9108073,117,mRNA
31747,9107619,9107695,76,mRNA
31748,9107342,9107375,33,mRNA
31749,9101641,9102807,1166,mRNA
31750,9113046,9113167,121,CDS
31751,9112634,9112787,153,CDS
31752,9108132,9108191,59,CDS
31753,9107956,9108073,117,CDS
31754,9107619,9107695,76,CDS
31755,9107342,9107375,33,CDS
31756,9102686,9102807,121,CDS
31757,9113046,9113167,121,CDS
31758,9112634,9112787,153,CDS
31759,9108132,9108191,59,CDS
31760,9107956,9108073,117,CDS
31761,9107619,9107695,76,CDS
31762,9107342,9107375,33,CDS
31763,9102686,9102807,121,CDS
31764,9113046,9113167,121,CDS
31765,9112634,9112787,153,CDS
31766,9108132,9108191,59,CDS
31767,9107956,9108073,117,CDS
31768,9107619,9107695,76,CDS
31769,9107342,9107375,33,CDS
31770,9102686,9102807,121,CDS
31771,9113046,9113167,121,CDS
31772,9112634,9112787,153,CDS
31773,9108132,9108191,59,CDS
31774,9107956,9108073,117,CDS
31775,9107619,9107710,91,CDS
31776,9107342,9107375,33,CDS
31777,9102686,9102807,121,CDS
31778,9134317,9134405,88,mRNA
31779,9129897,9130608,711,mRNA
31780,9113046,9113487,441,mRNA
31781,9112634,9112787,153,mRNA
31782,9108132,9108191,59,mRNA
31783,9107956,9108073,117,mRNA
31784,9107619,9107695,76,mRNA
31785,9107342,9107375,33,mRNA
31786,9106548,9107155,607,mRNA
31787,9125167,9125313,146,mRNA
31788,9123616,9123776,160,mRNA
31789,9113046,9113487,441,mRNA
31790,9112634,9112787,153,mRNA
31791,9108132,9108191,59,mRNA
31792,9107956,9108073,117,mRNA
31793,9107619,9107695,76,mRNA
31794,9107342,9107375,33,mRNA
31795,9106548,9107155,607,mRNA
31796,9125167,9125313,146,mRNA
31797,9123616,9123776,160,mRNA
31798,9113046,9113487,441,mRNA
31799,9112634,9112787,153,mRNA
31800,9112162,9112368,206,mRNA
31801,9108132,9108191,59,mRNA
31802,9107956,9108073,117,mRNA
31803,9107619,9107710,91,mRNA
31804,9107342,9107375,33,mRNA
31805,9106548,9107155,607,mRNA
31806,9113046,9113167,121,CDS
31807,9112634,9112787,153,CDS
31808,9108132,9108191,59,CDS
31809,9107956,9108073,117,CDS
31810,9107619,9107695,76,CDS
31811,9107342,9107375,33,CDS
31812,9107151,9107155,4,CDS
31813,9113046,9113167,121,CDS
31814,9112634,9112787,153,CDS
31815,9108132,9108191,59,CDS
31816,9107956,9108073,117,CDS
31817,9107619,9107695,76,CDS
31818,9107342,9107375,33,CDS
31819,9107151,9107155,4,CDS
31820,9113046,9113167,121,CDS
31821,9112634,9112787,153,CDS
31822,9112357,9112368,11,CDS
31823,9130608,9134316,3708,mobile_element
31824,9134560,9135916,1356,gene
31825,9134560,9134890,330,mRNA
31826,9134987,9135916,929,mRNA
31827,9134560,9134890,330,mRNA
31828,9134987,9135742,755,mRNA
31829,9134767,9134890,123,mRNA
31830,9134987,9135742,755,mRNA
31831,9134807,9134890,83,CDS
31832,9134987,9135610,623,CDS
31833,9134807,9134890,83,CDS
31834,9134987,9135610,623,CDS
31835,9134807,9134890,83,CDS
31836,9134987,9135610,623,CDS
31837,9135709,9137181,1472,gene
31838,9136752,9137181,429,mRNA
31839,9136301,9136657,356,mRNA
31840,9135709,9135901,192,mRNA
31841,9136752,9137103,351,CDS
31842,9136301,9136657,356,CDS
31843,9135858,9135901,43,CDS
31844,9137860,9145693,7833,gene
31845,9137860,9137964,104,mRNA
31846,9138582,9138697,115,mRNA
31847,9138773,9139002,229,mRNA
31848,9139093,9139620,527,mRNA
31849,9139906,9140788,882,mRNA
31850,9140851,9141508,657,mRNA
31851,9141787,9141843,56,mRNA
31852,9143298,9143323,25,mRNA
31853,9143527,9145693,2166,mRNA
31854,9137860,9137964,104,mRNA
31855,9138582,9138697,115,mRNA
31856,9138773,9139002,229,mRNA
31857,9139093,9139620,527,mRNA
31858,9139906,9140788,882,mRNA
31859,9140851,9141508,657,mRNA
31860,9143298,9143323,25,mRNA
31861,9143527,9145693,2166,mRNA
31862,9137860,9137889,29,mRNA
31863,9138582,9138697,115,mRNA
31864,9138773,9139002,229,mRNA
31865,9139093,9139620,527,mRNA
31866,9139906,9140788,882,mRNA
31867,9140851,9141508,657,mRNA
31868,9141787,9141843,56,mRNA
31869,9142573,9143323,750,mRNA
31870,9143527,9145693,2166,mRNA
31871,9137860,9137889,29,mRNA
31872,9138582,9138697,115,mRNA
31873,9138773,9139002,229,mRNA
31874,9139093,9139620,527,mRNA
31875,9139906,9140788,882,mRNA
31876,9140851,9141508,657,mRNA
31877,9141787,9141843,56,mRNA
31878,9143298,9143323,25,mRNA
31879,9143527,9145693,2166,mRNA
31880,9137860,9137889,29,mRNA
31881,9138582,9138697,115,mRNA
31882,9138773,9139002,229,mRNA
31883,9139093,9139620,527,mRNA
31884,9139906,9140788,882,mRNA
31885,9140851,9141508,657,mRNA
31886,9141787,9141843,56,mRNA
31887,9143298,9143323,25,mRNA
31888,9143527,9144294,767,mRNA
31889,9144394,9145693,1299,mRNA
31890,9137860,9137889,29,mRNA
31891,9138582,9138697,115,mRNA
31892,9138773,9139002,229,mRNA
31893,9139093,9139620,527,mRNA
31894,9139906,9140788,882,mRNA
31895,9140851,9141508,657,mRNA
31896,9143298,9143323,25,mRNA
31897,9143527,9144294,767,mRNA
31898,9144394,9145693,1299,mRNA
31899,9137860,9137889,29,mRNA
31900,9138582,9138697,115,mRNA
31901,9138773,9139002,229,mRNA
31902,9139093,9139620,527,mRNA
31903,9139906,9140788,882,mRNA
31904,9140851,9141019,168,mRNA
31905,9141089,9141508,419,mRNA
31906,9141787,9141843,56,mRNA
31907,9143298,9143323,25,mRNA
31908,9143527,9143866,339,mRNA
31909,9143930,9144294,364,mRNA
31910,9144394,9145693,1299,mRNA
31911,9137860,9137889,29,mRNA
31912,9138582,9138697,115,mRNA
31913,9138773,9139002,229,mRNA
31914,9139093,9139620,527,mRNA
31915,9139906,9140788,882,mRNA
31916,9140851,9141019,168,mRNA
31917,9141089,9141508,419,mRNA
31918,9141787,9141843,56,mRNA
31919,9143298,9143323,25,mRNA
31920,9143527,9143665,138,mRNA
31921,9143738,9143866,128,mRNA
31922,9143930,9145693,1763,mRNA
31923,9137860,9137889,29,mRNA
31924,9138582,9138697,115,mRNA
31925,9138773,9139002,229,mRNA
31926,9139093,9139620,527,mRNA
31927,9139906,9140788,882,mRNA
31928,9140851,9141019,168,mRNA
31929,9141089,9141508,419,mRNA
31930,9141787,9141843,56,mRNA
31931,9143298,9143323,25,mRNA
31932,9143527,9143665,138,mRNA
31933,9143741,9143866,125,mRNA
31934,9143930,9144294,364,mRNA
31935,9144394,9145693,1299,mRNA
31936,9137860,9137889,29,mRNA
31937,9138582,9138697,115,mRNA
31938,9138773,9139002,229,mRNA
31939,9139093,9139620,527,mRNA
31940,9139906,9140788,882,mRNA
31941,9140851,9141508,657,mRNA
31942,9141787,9141970,183,mRNA
31943,9138677,9138697,20,CDS
31944,9138773,9139002,229,CDS
31945,9139093,9139620,527,CDS
31946,9139906,9140788,882,CDS
31947,9140851,9141508,657,CDS
31948,9141787,9141843,56,CDS
31949,9143298,9143323,25,CDS
31950,9143527,9144294,767,CDS
31951,9144394,9144450,56,CDS
31952,9138677,9138697,20,CDS
31953,9138773,9139002,229,CDS
31954,9139093,9139620,527,CDS
31955,9139906,9140788,882,CDS
31956,9140851,9141508,657,CDS
31957,9143298,9143323,25,CDS
31958,9143527,9144294,767,CDS
31959,9144394,9144450,56,CDS
31960,9138677,9138697,20,CDS
31961,9138773,9139002,229,CDS
31962,9139093,9139620,527,CDS
31963,9139906,9140788,882,CDS
31964,9140851,9141019,168,CDS
31965,9141089,9141508,419,CDS
31966,9141787,9141843,56,CDS
31967,9143298,9143323,25,CDS
31968,9143527,9143866,339,CDS
31969,9143930,9144294,364,CDS
31970,9144394,9144450,56,CDS
31971,9138677,9138697,20,CDS
31972,9138773,9139002,229,CDS
31973,9139093,9139620,527,CDS
31974,9139906,9140788,882,CDS
31975,9140851,9141019,168,CDS
31976,9141089,9141508,419,CDS
31977,9141787,9141843,56,CDS
31978,9143298,9143323,25,CDS
31979,9143527,9143665,138,CDS
31980,9143741,9143866,125,CDS
31981,9143930,9144294,364,CDS
31982,9144394,9144450,56,CDS
31983,9138677,9138697,20,CDS
31984,9138773,9139002,229,CDS
31985,9139093,9139620,527,CDS
31986,9139906,9140788,882,CDS
31987,9140851,9141508,657,CDS
31988,9141787,9141843,56,CDS
31989,9143298,9143323,25,CDS
31990,9143527,9144330,803,CDS
31991,9138677,9138697,20,CDS
31992,9138773,9139002,229,CDS
31993,9139093,9139620,527,CDS
31994,9139906,9140788,882,CDS
31995,9140851,9141508,657,CDS
31996,9141787,9141843,56,CDS
31997,9143298,9143323,25,CDS
31998,9143527,9144330,803,CDS
31999,9138677,9138697,20,CDS
32000,9138773,9139002,229,CDS
32001,9139093,9139620,527,CDS
32002,9139906,9140788,882,CDS
32003,9140851,9141508,657,CDS
32004,9143298,9143323,25,CDS
32005,9143527,9144330,803,CDS
32006,9138677,9138697,20,CDS
32007,9138773,9139002,229,CDS
32008,9139093,9139620,527,CDS
32009,9139906,9140788,882,CDS
32010,9140851,9141019,168,CDS
32011,9141089,9141508,419,CDS
32012,9141787,9141843,56,CDS
32013,9143298,9143323,25,CDS
32014,9143527,9143665,138,CDS
32015,9143738,9143866,128,CDS
32016,9143930,9144330,400,CDS
32017,9138677,9138697,20,CDS
32018,9138773,9139002,229,CDS
32019,9139093,9139620,527,CDS
32020,9139906,9140788,882,CDS
32021,9140851,9141508,657,CDS
32022,9141787,9141843,56,CDS
32023,9142573,9142853,280,CDS
32024,9138677,9138697,20,CDS
32025,9138773,9139002,229,CDS
32026,9139093,9139620,527,CDS
32027,9139906,9140788,882,CDS
32028,9140851,9141508,657,CDS
32029,9141787,9141932,145,CDS
32030,9144593,9144697,104,gene
32031,9144593,9144697,104,precursor_RNA
32032,9144615,9144636,21,ncRNA
32033,9144654,9144675,21,ncRNA
32034,9145838,9182149,36311,gene
32035,9182047,9182149,102,mRNA
32036,9177094,9178779,1685,mRNA
32037,9170993,9171090,97,mRNA
32038,9168800,9168867,67,mRNA
32039,9162748,9162974,226,mRNA
32040,9161264,9161346,82,mRNA
32041,9157941,9158078,137,mRNA
32042,9155026,9155310,284,mRNA
32043,9151254,9151873,619,mRNA
32044,9145838,9151112,5274,mRNA
32045,9182047,9182149,102,mRNA
32046,9177094,9178779,1685,mRNA
32047,9170993,9171090,97,mRNA
32048,9168800,9168867,67,mRNA
32049,9162748,9162974,226,mRNA
32050,9161264,9161346,82,mRNA
32051,9159610,9159747,137,mRNA
32052,9155026,9155310,284,mRNA
32053,9151254,9151873,619,mRNA
32054,9145838,9151112,5274,mRNA
32055,9182047,9182149,102,mRNA
32056,9177094,9178779,1685,mRNA
32057,9170993,9171090,97,mRNA
32058,9170638,9170705,67,mRNA
32059,9162748,9162974,226,mRNA
32060,9161264,9161346,82,mRNA
32061,9157941,9158078,137,mRNA
32062,9155026,9155310,284,mRNA
32063,9151254,9151873,619,mRNA
32064,9145838,9151112,5274,mRNA
32065,9182047,9182149,102,mRNA
32066,9177094,9178779,1685,mRNA
32067,9170993,9171090,97,mRNA
32068,9170638,9170705,67,mRNA
32069,9162748,9162974,226,mRNA
32070,9161264,9161346,82,mRNA
32071,9159610,9159747,137,mRNA
32072,9155026,9155310,284,mRNA
32073,9151248,9151873,625,mRNA
32074,9145838,9151112,5274,mRNA
32075,9177094,9177542,448,mRNA
32076,9170993,9171090,97,mRNA
32077,9170638,9170705,67,mRNA
32078,9162748,9162974,226,mRNA
32079,9161264,9161346,82,mRNA
32080,9157941,9158078,137,mRNA
32081,9155026,9155310,284,mRNA
32082,9151254,9151873,619,mRNA
32083,9149398,9151112,1714,mRNA
32084,9179157,9179355,198,mRNA
32085,9177094,9178779,1685,mRNA
32086,9170993,9171090,97,mRNA
32087,9170638,9170705,67,mRNA
32088,9162748,9162974,226,mRNA
32089,9161264,9161346,82,mRNA
32090,9159610,9159747,137,mRNA
32091,9155026,9155310,284,mRNA
32092,9151572,9151873,301,mRNA
32093,9151248,9151484,236,mRNA
32094,9150615,9151112,497,mRNA
32095,9177094,9177233,139,CDS
32096,9170993,9171090,97,CDS
32097,9168800,9168867,67,CDS
32098,9162748,9162974,226,CDS
32099,9161264,9161346,82,CDS
32100,9157941,9158078,137,CDS
32101,9155026,9155310,284,CDS
32102,9151254,9151873,619,CDS
32103,9150951,9151112,161,CDS
32104,9177094,9177233,139,CDS
32105,9170993,9171090,97,CDS
32106,9168800,9168867,67,CDS
32107,9162748,9162974,226,CDS
32108,9161264,9161346,82,CDS
32109,9159610,9159747,137,CDS
32110,9155026,9155310,284,CDS
32111,9151254,9151873,619,CDS
32112,9150951,9151112,161,CDS
32113,9177094,9177233,139,CDS
32114,9170993,9171090,97,CDS
32115,9170638,9170705,67,CDS
32116,9162748,9162974,226,CDS
32117,9161264,9161346,82,CDS
32118,9157941,9158078,137,CDS
32119,9155026,9155310,284,CDS
32120,9151254,9151873,619,CDS
32121,9150951,9151112,161,CDS
32122,9177094,9177233,139,CDS
32123,9170993,9171090,97,CDS
32124,9170638,9170705,67,CDS
32125,9162748,9162974,226,CDS
32126,9161264,9161346,82,CDS
32127,9157941,9158078,137,CDS
32128,9155026,9155310,284,CDS
32129,9151254,9151873,619,CDS
32130,9150951,9151112,161,CDS
32131,9177094,9177233,139,CDS
32132,9170993,9171090,97,CDS
32133,9170638,9170705,67,CDS
32134,9162748,9162974,226,CDS
32135,9161264,9161346,82,CDS
32136,9159610,9159747,137,CDS
32137,9155026,9155310,284,CDS
32138,9151572,9151873,301,CDS
32139,9151248,9151484,236,CDS
32140,9150951,9151112,161,CDS
32141,9177094,9177233,139,CDS
32142,9170993,9171090,97,CDS
32143,9170638,9170705,67,CDS
32144,9162748,9162974,226,CDS
32145,9161264,9161346,82,CDS
32146,9159610,9159747,137,CDS
32147,9155026,9155310,284,CDS
32148,9151248,9151873,625,CDS
32149,9150951,9151112,161,CDS
32150,9164754,9166159,1405,mobile_element
32151,9203065,9208853,5788,gene
32152,9207973,9208853,880,mRNA
32153,9204098,9205519,1421,mRNA
32154,9203598,9203772,174,mRNA
32155,9203065,9203537,472,mRNA
32156,9207973,9208853,880,mRNA
32157,9207825,9207880,55,mRNA
32158,9204098,9205519,1421,mRNA
32159,9203598,9203772,174,mRNA
32160,9203065,9203537,472,mRNA
32161,9207973,9208063,90,mRNA
32162,9204098,9205519,1421,mRNA
32163,9203598,9203772,174,mRNA
32164,9203065,9203537,472,mRNA
32165,9206306,9206613,307,mRNA
32166,9204098,9205519,1421,mRNA
32167,9203598,9203772,174,mRNA
32168,9203065,9203537,472,mRNA
32169,9204098,9205500,1402,CDS
32170,9203598,9203772,174,CDS
32171,9203316,9203537,221,CDS
32172,9204098,9205500,1402,CDS
32173,9203598,9203772,174,CDS
32174,9203316,9203537,221,CDS
32175,9204098,9205500,1402,CDS
32176,9203598,9203772,174,CDS
32177,9203316,9203537,221,CDS
32178,9204098,9205500,1402,CDS
32179,9203598,9203772,174,CDS
32180,9203316,9203537,221,CDS
32181,9211880,9215256,3376,gene
32182,9211880,9212213,333,mRNA
32183,9212656,9212730,74,mRNA
32184,9212873,9213200,327,mRNA
32185,9213398,9214462,1064,mRNA
32186,9214594,9214770,176,mRNA
32187,9214836,9215256,420,mRNA
32188,9212668,9212730,62,CDS
32189,9212873,9213200,327,CDS
32190,9213398,9214462,1064,CDS
32191,9214594,9214770,176,CDS
32192,9214836,9215092,256,CDS
32193,9219305,9219908,603,mobile_element
32194,9222024,9222433,409,gene
32195,9222024,9222433,409,ncRNA
32196,9235150,9236648,1498,gene
32197,9235150,9236648,1498,mRNA
32198,9235299,9236606,1307,CDS
32199,9250225,9251338,1113,gene
32200,9250225,9250527,302,mRNA
32201,9250589,9250865,276,mRNA
32202,9250936,9251338,402,mRNA
32203,9250256,9250527,271,CDS
32204,9250589,9250865,276,CDS
32205,9250936,9251334,398,CDS
32206,9251978,9288522,36544,gene
32207,9251978,9252511,533,mRNA
32208,9256147,9256502,355,mRNA
32209,9257404,9257556,152,mRNA
32210,9258098,9258225,127,mRNA
32211,9258825,9258954,129,mRNA
32212,9266315,9266568,253,mRNA
32213,9267003,9267167,164,mRNA
32214,9268890,9269222,332,mRNA
32215,9269434,9269535,101,mRNA
32216,9270192,9270432,240,mRNA
32217,9278387,9278481,94,mRNA
32218,9278582,9278749,167,mRNA
32219,9280919,9281033,114,mRNA
32220,9282669,9283129,460,mRNA
32221,9284008,9284252,244,mRNA
32222,9284581,9285040,459,mRNA
32223,9285277,9288522,3245,mRNA
32224,9251978,9252511,533,mRNA
32225,9256147,9256502,355,mRNA
32226,9257404,9257556,152,mRNA
32227,9258098,9258225,127,mRNA
32228,9258825,9258954,129,mRNA
32229,9266315,9266568,253,mRNA
32230,9267003,9267167,164,mRNA
32231,9268890,9269222,332,mRNA
32232,9269434,9269535,101,mRNA
32233,9270192,9270432,240,mRNA
32234,9278387,9278481,94,mRNA
32235,9278582,9278749,167,mRNA
32236,9280919,9281033,114,mRNA
32237,9282669,9283129,460,mRNA
32238,9284008,9284252,244,mRNA
32239,9284581,9285040,459,mRNA
32240,9285277,9286775,1498,mRNA
32241,9251978,9252511,533,mRNA
32242,9256147,9256502,355,mRNA
32243,9257404,9257556,152,mRNA
32244,9258098,9258225,127,mRNA
32245,9258825,9258954,129,mRNA
32246,9266315,9266568,253,mRNA
32247,9267003,9267167,164,mRNA
32248,9268890,9269222,332,mRNA
32249,9269434,9269535,101,mRNA
32250,9270192,9270432,240,mRNA
32251,9278387,9278481,94,mRNA
32252,9278582,9278749,167,mRNA
32253,9280919,9281033,114,mRNA
32254,9282669,9283129,460,mRNA
32255,9284008,9284252,244,mRNA
32256,9284581,9285040,459,mRNA
32257,9285277,9286775,1498,mRNA
32258,9251978,9252511,533,mRNA
32259,9256147,9256502,355,mRNA
32260,9257404,9257556,152,mRNA
32261,9258098,9258225,127,mRNA
32262,9258825,9258954,129,mRNA
32263,9266315,9266568,253,mRNA
32264,9267003,9267167,164,mRNA
32265,9268890,9269222,332,mRNA
32266,9269434,9269535,101,mRNA
32267,9270192,9270432,240,mRNA
32268,9278387,9278481,94,mRNA
32269,9278582,9278749,167,mRNA
32270,9280919,9281033,114,mRNA
32271,9282669,9283129,460,mRNA
32272,9284008,9284252,244,mRNA
32273,9284581,9285040,459,mRNA
32274,9285277,9286775,1498,mRNA
32275,9256370,9256502,132,CDS
32276,9257404,9257556,152,CDS
32277,9258098,9258225,127,CDS
32278,9258825,9258954,129,CDS
32279,9266315,9266568,253,CDS
32280,9267003,9267167,164,CDS
32281,9268890,9269222,332,CDS
32282,9269434,9269535,101,CDS
32283,9270192,9270432,240,CDS
32284,9278387,9278481,94,CDS
32285,9278582,9278749,167,CDS
32286,9280919,9281033,114,CDS
32287,9282669,9283129,460,CDS
32288,9284008,9284252,244,CDS
32289,9284581,9285040,459,CDS
32290,9285277,9285642,365,CDS
32291,9256370,9256502,132,CDS
32292,9257404,9257556,152,CDS
32293,9258098,9258225,127,CDS
32294,9258825,9258954,129,CDS
32295,9266315,9266568,253,CDS
32296,9267003,9267167,164,CDS
32297,9268890,9269222,332,CDS
32298,9269434,9269535,101,CDS
32299,9270192,9270432,240,CDS
32300,9278387,9278481,94,CDS
32301,9278582,9278749,167,CDS
32302,9280919,9281033,114,CDS
32303,9282669,9283129,460,CDS
32304,9284008,9284252,244,CDS
32305,9284581,9285040,459,CDS
32306,9285277,9285411,134,CDS
32307,9256370,9256502,132,CDS
32308,9257404,9257556,152,CDS
32309,9258098,9258225,127,CDS
32310,9258825,9258954,129,CDS
32311,9266315,9266568,253,CDS
32312,9267003,9267167,164,CDS
32313,9268890,9269222,332,CDS
32314,9269434,9269535,101,CDS
32315,9270192,9270432,240,CDS
32316,9278387,9278481,94,CDS
32317,9278582,9278749,167,CDS
32318,9280919,9281033,114,CDS
32319,9282669,9283129,460,CDS
32320,9284008,9284252,244,CDS
32321,9284581,9285040,459,CDS
32322,9285277,9285381,104,CDS
32323,9256370,9256502,132,CDS
32324,9257404,9257556,152,CDS
32325,9258098,9258225,127,CDS
32326,9258825,9258954,129,CDS
32327,9266315,9266568,253,CDS
32328,9267003,9267167,164,CDS
32329,9268890,9269222,332,CDS
32330,9269434,9269535,101,CDS
32331,9270192,9270432,240,CDS
32332,9278387,9278481,94,CDS
32333,9278582,9278749,167,CDS
32334,9280919,9281033,114,CDS
32335,9282669,9283129,460,CDS
32336,9284008,9284252,244,CDS
32337,9284581,9285040,459,CDS
32338,9285277,9285381,104,CDS
32339,9270673,9278369,7696,mobile_element
32340,9334332,9338336,4004,gene
32341,9334332,9334435,103,mRNA
32342,9334610,9334927,317,mRNA
32343,9336712,9336933,221,mRNA
32344,9336986,9337221,235,mRNA
32345,9337454,9337660,206,mRNA
32346,9337726,9338336,610,mRNA
32347,9334332,9334435,103,mRNA
32348,9334610,9334927,317,mRNA
32349,9336712,9336933,221,mRNA
32350,9336998,9337221,223,mRNA
32351,9337454,9337660,206,mRNA
32352,9337726,9337936,210,mRNA
32353,9334630,9334927,297,CDS
32354,9336712,9336933,221,CDS
32355,9336986,9337221,235,CDS
32356,9337454,9337660,206,CDS
32357,9337726,9337869,143,CDS
32358,9334630,9334927,297,CDS
32359,9336712,9336933,221,CDS
32360,9336998,9336999,1,CDS
32361,9335689,9335757,68,mRNA
32362,9336712,9336933,221,mRNA
32363,9336986,9337221,235,mRNA
32364,9337454,9337660,206,mRNA
32365,9337726,9337936,210,mRNA
32366,9336054,9336383,329,mRNA
32367,9336712,9336933,221,mRNA
32368,9336986,9337221,235,mRNA
32369,9337454,9337660,206,mRNA
32370,9337726,9338336,610,mRNA
32371,9336055,9336383,328,mRNA
32372,9336712,9336933,221,mRNA
32373,9336998,9337221,223,mRNA
32374,9337454,9337660,206,mRNA
32375,9337726,9338336,610,mRNA
32376,9336293,9336383,90,CDS
32377,9336712,9336933,221,CDS
32378,9336986,9337221,235,CDS
32379,9337454,9337660,206,CDS
32380,9337726,9337869,143,CDS
32381,9337156,9337221,65,CDS
32382,9337454,9337660,206,CDS
32383,9337726,9337869,143,CDS
32384,9337156,9337221,65,CDS
32385,9337454,9337660,206,CDS
32386,9337726,9337869,143,CDS
32387,9338810,9348336,9526,gene
32388,9338810,9338866,56,mRNA
32389,9342165,9343129,964,mRNA
32390,9344900,9345067,167,mRNA
32391,9345609,9345760,151,mRNA
32392,9345828,9346266,438,mRNA
32393,9340438,9340589,151,mRNA
32394,9342165,9343129,964,mRNA
32395,9344900,9345124,224,mRNA
32396,9347640,9348336,696,mRNA
32397,9340438,9340589,151,mRNA
32398,9342165,9343129,964,mRNA
32399,9344900,9345067,167,mRNA
32400,9346591,9346745,154,mRNA
32401,9346808,9347249,441,mRNA
32402,9347640,9348336,696,mRNA
32403,9340438,9340589,151,mRNA
32404,9342165,9343129,964,mRNA
32405,9344900,9345067,167,mRNA
32406,9347640,9348336,696,mRNA
32407,9340438,9340589,151,mRNA
32408,9342165,9343129,964,mRNA
32409,9344900,9345067,167,mRNA
32410,9346559,9346745,186,mRNA
32411,9346808,9347263,455,mRNA
32412,9340438,9340589,151,mRNA
32413,9342165,9343129,964,mRNA
32414,9344900,9345067,167,mRNA
32415,9345609,9345760,151,mRNA
32416,9345828,9346266,438,mRNA
32417,9340454,9340501,47,mRNA
32418,9342165,9343129,964,mRNA
32419,9344900,9345124,224,mRNA
32420,9347640,9348336,696,mRNA
32421,9342328,9343129,801,CDS
32422,9344900,9345124,224,CDS
32423,9347640,9348175,535,CDS
32424,9342328,9343129,801,CDS
32425,9344900,9345124,224,CDS
32426,9347640,9348175,535,CDS
32427,9342328,9343129,801,CDS
32428,9344900,9345067,167,CDS
32429,9347640,9348175,535,CDS
32430,9342328,9343129,801,CDS
32431,9344900,9345067,167,CDS
32432,9346591,9346745,154,CDS
32433,9346808,9347218,410,CDS
32434,9342328,9343129,801,CDS
32435,9344900,9345067,167,CDS
32436,9346559,9346626,67,CDS
32437,9342328,9343129,801,CDS
32438,9344900,9345067,167,CDS
32439,9345609,9345760,151,CDS
32440,9345828,9346208,380,CDS
32441,9342328,9343129,801,CDS
32442,9344900,9345067,167,CDS
32443,9345609,9345760,151,CDS
32444,9345828,9346208,380,CDS
32445,9344200,9344612,412,mRNA
32446,9344900,9345067,167,mRNA
32447,9347640,9348336,696,mRNA
32448,9344200,9344612,412,mRNA
32449,9344900,9345067,167,mRNA
32450,9346591,9346745,154,mRNA
32451,9346808,9347263,455,mRNA
32452,9344200,9344612,412,mRNA
32453,9344900,9345067,167,mRNA
32454,9345609,9345760,151,mRNA
32455,9345828,9346266,438,mRNA
32456,9344324,9344612,288,CDS
32457,9344900,9345067,167,CDS
32458,9347640,9348175,535,CDS
32459,9344324,9344612,288,CDS
32460,9344900,9345067,167,CDS
32461,9346591,9346745,154,CDS
32462,9346808,9347218,410,CDS
32463,9344324,9344612,288,CDS
32464,9344900,9345067,167,CDS
32465,9345609,9345760,151,CDS
32466,9345828,9346208,380,CDS
32467,9349609,9351489,1880,gene
32468,9349609,9349824,215,mRNA
32469,9349896,9350047,151,mRNA
32470,9350444,9350828,384,mRNA
32471,9350888,9351489,601,mRNA
32472,9349686,9349824,138,CDS
32473,9349896,9350047,151,CDS
32474,9350444,9350828,384,CDS
32475,9350888,9351321,433,CDS
32476,9350867,9358935,8068,gene
32477,9357583,9357883,300,mRNA
32478,9353888,9354074,186,mRNA
32479,9353738,9353829,91,mRNA
32480,9352882,9353228,346,mRNA
32481,9352602,9352827,225,mRNA
32482,9352405,9352543,138,mRNA
32483,9351918,9352327,409,mRNA
32484,9350867,9351850,983,mRNA
32485,9357583,9357883,300,mRNA
32486,9353888,9354074,186,mRNA
32487,9353738,9353829,91,mRNA
32488,9353513,9353518,5,mRNA
32489,9352882,9353228,346,mRNA
32490,9352602,9352827,225,mRNA
32491,9352405,9352543,138,mRNA
32492,9351918,9352327,409,mRNA
32493,9351457,9351850,393,mRNA
32494,9358615,9358935,320,mRNA
32495,9353888,9354074,186,mRNA
32496,9353738,9353829,91,mRNA
32497,9352882,9353228,346,mRNA
32498,9352602,9352827,225,mRNA
32499,9352405,9352543,138,mRNA
32500,9351918,9352327,409,mRNA
32501,9351480,9351850,370,mRNA
32502,9358615,9358935,320,mRNA
32503,9353888,9354074,186,mRNA
32504,9353738,9353829,91,mRNA
32505,9353513,9353518,5,mRNA
32506,9352882,9353228,346,mRNA
32507,9352602,9352827,225,mRNA
32508,9352405,9352543,138,mRNA
32509,9351918,9352327,409,mRNA
32510,9351480,9351850,370,mRNA
32511,9358615,9358641,26,CDS
32512,9353888,9354074,186,CDS
32513,9353738,9353829,91,CDS
32514,9352882,9353228,346,CDS
32515,9352602,9352827,225,CDS
32516,9352405,9352543,138,CDS
32517,9351918,9352327,409,CDS
32518,9351743,9351850,107,CDS
32519,9358615,9358641,26,CDS
32520,9353888,9354074,186,CDS
32521,9353738,9353829,91,CDS
32522,9353513,9353518,5,CDS
32523,9352882,9353228,346,CDS
32524,9352602,9352827,225,CDS
32525,9352405,9352543,138,CDS
32526,9351918,9352327,409,CDS
32527,9351743,9351850,107,CDS
32528,9357583,9357630,47,CDS
32529,9353888,9354074,186,CDS
32530,9353738,9353829,91,CDS
32531,9352882,9353228,346,CDS
32532,9352602,9352827,225,CDS
32533,9352405,9352543,138,CDS
32534,9351918,9352327,409,CDS
32535,9351743,9351850,107,CDS
32536,9357583,9357630,47,CDS
32537,9353888,9354074,186,CDS
32538,9353738,9353829,91,CDS
32539,9353513,9353518,5,CDS
32540,9352882,9353228,346,CDS
32541,9352602,9352827,225,CDS
32542,9352405,9352543,138,CDS
32543,9351918,9352327,409,CDS
32544,9351743,9351850,107,CDS
32545,9354033,9355457,1424,gene
32546,9354033,9354788,755,mRNA
32547,9354850,9355457,607,mRNA
32548,9354336,9354788,452,CDS
32549,9354850,9355338,488,CDS
32550,9358999,9359996,997,gene
32551,9358999,9359187,188,mRNA
32552,9359246,9359416,170,mRNA
32553,9359476,9359996,520,mRNA
32554,9358999,9359187,188,mRNA
32555,9359246,9359416,170,mRNA
32556,9359476,9359747,271,mRNA
32557,9359125,9359187,62,CDS
32558,9359246,9359416,170,CDS
32559,9359476,9359490,14,CDS
32560,9359125,9359187,62,CDS
32561,9359246,9359416,170,CDS
32562,9359476,9359490,14,CDS
32563,9360316,9362042,1726,gene
32564,9360316,9360771,455,mRNA
32565,9360843,9360942,99,mRNA
32566,9361009,9362042,1033,mRNA
32567,9360670,9360771,101,CDS
32568,9360843,9360942,99,CDS
32569,9361009,9361721,712,CDS
32570,9362108,9362734,626,gene
32571,9362108,9362734,626,mRNA
32572,9362166,9362669,503,CDS
32573,9362636,9367046,4410,gene
32574,9366485,9367046,561,mRNA
32575,9365337,9366417,1080,mRNA
32576,9363373,9364192,819,mRNA
32577,9363095,9363226,131,mRNA
32578,9362636,9363034,398,mRNA
32579,9366485,9366951,466,mRNA
32580,9365337,9366417,1080,mRNA
32581,9363373,9364192,819,mRNA
32582,9363095,9363226,131,mRNA
32583,9362636,9363034,398,mRNA
32584,9366485,9366951,466,mRNA
32585,9365337,9366417,1080,mRNA
32586,9363373,9364192,819,mRNA
32587,9363095,9363318,223,mRNA
32588,9362636,9363034,398,mRNA
32589,9366485,9366789,304,CDS
32590,9365337,9366417,1080,CDS
32591,9363373,9364192,819,CDS
32592,9363095,9363226,131,CDS
32593,9362928,9363034,106,CDS
32594,9366485,9366789,304,CDS
32595,9365337,9366417,1080,CDS
32596,9363373,9364192,819,CDS
32597,9363095,9363226,131,CDS
32598,9362928,9363034,106,CDS
32599,9366485,9366789,304,CDS
32600,9365337,9366417,1080,CDS
32601,9363373,9364192,819,CDS
32602,9363302,9363318,16,CDS
32603,9364350,9365240,890,gene
32604,9364350,9365240,890,mRNA
32605,9364417,9365181,764,CDS
32606,9367377,9370300,2923,gene
32607,9367377,9367611,234,mRNA
32608,9367949,9368013,64,mRNA
32609,9368101,9368214,113,mRNA
32610,9368901,9369314,413,mRNA
32611,9369546,9370300,754,mRNA
32612,9367377,9367611,234,mRNA
32613,9367949,9368013,64,mRNA
32614,9368101,9368214,113,mRNA
32615,9368568,9368661,93,mRNA
32616,9368901,9369314,413,mRNA
32617,9369546,9370293,747,mRNA
32618,9367525,9367611,86,CDS
32619,9367949,9368013,64,CDS
32620,9368101,9368214,113,CDS
32621,9368568,9368661,93,CDS
32622,9368901,9369314,413,CDS
32623,9369546,9369944,398,CDS
32624,9367525,9367611,86,CDS
32625,9367949,9368013,64,CDS
32626,9368101,9368214,113,CDS
32627,9368901,9369105,204,CDS
32628,9370195,9371238,1043,gene
32629,9371213,9371238,25,mRNA
32630,9370904,9371040,136,mRNA
32631,9370765,9370816,51,mRNA
32632,9370195,9370702,507,mRNA
32633,9370904,9371058,154,mRNA
32634,9370765,9370816,51,mRNA
32635,9370195,9370702,507,mRNA
32636,9370904,9371018,114,CDS
32637,9370765,9370816,51,CDS
32638,9370351,9370702,351,CDS
32639,9370904,9371018,114,CDS
32640,9370765,9370816,51,CDS
32641,9370351,9370702,351,CDS
32642,9371511,9372497,986,gene
32643,9371511,9372497,986,mRNA
32644,9371718,9372317,599,CDS
32645,9372722,9374964,2242,gene
32646,9372722,9372839,117,mRNA
32647,9372910,9373095,185,mRNA
32648,9373162,9373321,159,mRNA
32649,9373390,9373649,259,mRNA
32650,9372722,9373095,373,mRNA
32651,9373162,9373321,159,mRNA
32652,9373390,9373491,101,mRNA
32653,9372931,9374964,2033,gene
32654,9372931,9373095,164,mRNA
32655,9373162,9373321,159,mRNA
32656,9373390,9374964,1574,mRNA
32657,9372931,9373095,164,mRNA
32658,9373162,9373321,159,mRNA
32659,9373390,9374964,1574,mRNA
32660,9372931,9373095,164,mRNA
32661,9373162,9373321,159,mRNA
32662,9373390,9373491,101,mRNA
32663,9372975,9373095,120,CDS
32664,9373162,9373321,159,CDS
32665,9373390,9373444,54,CDS
32666,9372975,9373095,120,CDS
32667,9373162,9373321,159,CDS
32668,9373390,9373444,54,CDS
32669,9372975,9373095,120,CDS
32670,9373162,9373321,159,CDS
32671,9373390,9373444,54,CDS
32672,9372975,9373095,120,CDS
32673,9373162,9373321,159,CDS
32674,9373390,9373444,54,CDS
32675,9373997,9374964,967,mRNA
32676,9374251,9374775,524,CDS
32677,9374251,9374775,524,CDS
32678,9375430,9376293,863,gene
32679,9375430,9376293,863,mRNA
32680,9375484,9376086,602,CDS
32681,9376418,9377427,1009,gene
32682,9376418,9377427,1009,mRNA
32683,9376418,9377375,957,mRNA
32684,9376562,9377188,626,CDS
32685,9376562,9377188,626,CDS
32686,9377802,9379534,1732,gene
32687,9377802,9379534,1732,mRNA
32688,9378102,9379439,1337,CDS
32689,9378160,9381119,2959,gene
32690,9378160,9379426,1266,ncRNA
32691,9379486,9381119,1633,ncRNA
32692,9378160,9379082,922,ncRNA
32693,9379167,9379426,259,ncRNA
32694,9379486,9381119,1633,ncRNA
32695,9380359,9380504,145,ncRNA
32696,9380568,9381119,551,ncRNA
32697,9381882,9382765,883,gene
32698,9381882,9382765,883,mRNA
32699,9381882,9382730,848,mRNA
32700,9381998,9382558,560,CDS
32701,9381998,9382558,560,CDS
32702,9384063,9385694,1631,gene
32703,9384063,9385694,1631,mRNA
32704,9384063,9385282,1219,mRNA
32705,9384186,9384827,641,CDS
32706,9384186,9384827,641,CDS
32707,9385646,9386112,466,gene
32708,9385646,9386112,466,exon
32709,9386112,9386463,351,gene
32710,9386112,9386463,351,exon
32711,9386827,9399227,12400,gene
32712,9398507,9399227,720,mRNA
32713,9390567,9390798,231,mRNA
32714,9390281,9390425,144,mRNA
32715,9390002,9390122,120,mRNA
32716,9388442,9389118,676,mRNA
32717,9386827,9388383,1556,mRNA
32718,9398507,9399227,720,mRNA
32719,9390567,9390798,231,mRNA
32720,9390281,9390425,144,mRNA
32721,9390002,9390122,120,mRNA
32722,9388442,9389118,676,mRNA
32723,9387509,9388383,874,mRNA
32724,9398507,9398586,79,CDS
32725,9390567,9390798,231,CDS
32726,9390281,9390425,144,CDS
32727,9390002,9390122,120,CDS
32728,9388442,9389118,676,CDS
32729,9387785,9388383,598,CDS
32730,9398507,9398586,79,CDS
32731,9390567,9390798,231,CDS
32732,9390281,9390425,144,CDS
32733,9390002,9390122,120,CDS
32734,9388442,9389118,676,CDS
32735,9387785,9388383,598,CDS
32736,9392530,9395289,2759,mobile_element
32737,9399618,9402460,2842,gene
32738,9402280,9402460,180,mRNA
32739,9400583,9400953,370,mRNA
32740,9400419,9400518,99,mRNA
32741,9400097,9400184,87,mRNA
32742,9399618,9400033,415,mRNA
32743,9402280,9402460,180,mRNA
32744,9401040,9401367,327,mRNA
32745,9400583,9400953,370,mRNA
32746,9400419,9400518,99,mRNA
32747,9400097,9400184,87,mRNA
32748,9399618,9400033,415,mRNA
32749,9402280,9402460,180,mRNA
32750,9401040,9401606,566,mRNA
32751,9400583,9400953,370,mRNA
32752,9400419,9400518,99,mRNA
32753,9400097,9400184,87,mRNA
32754,9399618,9400033,415,mRNA
32755,9402210,9402460,250,mRNA
32756,9401040,9401606,566,mRNA
32757,9400583,9400953,370,mRNA
32758,9400419,9400518,99,mRNA
32759,9400097,9400184,87,mRNA
32760,9399618,9400033,415,mRNA
32761,9402171,9402225,54,mRNA
32762,9401040,9401367,327,mRNA
32763,9400583,9400953,370,mRNA
32764,9400419,9400518,99,mRNA
32765,9400097,9400184,87,mRNA
32766,9399618,9400033,415,mRNA
32767,9402099,9402225,126,mRNA
32768,9401040,9401367,327,mRNA
32769,9400583,9400953,370,mRNA
32770,9400419,9400518,99,mRNA
32771,9400097,9400184,87,mRNA
32772,9399618,9400033,415,mRNA
32773,9402099,9402225,126,mRNA
32774,9401657,9401718,61,mRNA
32775,9401040,9401367,327,mRNA
32776,9400583,9400953,370,mRNA
32777,9400419,9400518,99,mRNA
32778,9400097,9400184,87,mRNA
32779,9399618,9400033,415,mRNA
32780,9401917,9402137,220,mRNA
32781,9401040,9401367,327,mRNA
32782,9400583,9400953,370,mRNA
32783,9400419,9400518,99,mRNA
32784,9400097,9400184,87,mRNA
32785,9399618,9400033,415,mRNA
32786,9401657,9401805,148,mRNA
32787,9401040,9401367,327,mRNA
32788,9400583,9400953,370,mRNA
32789,9400419,9400518,99,mRNA
32790,9400097,9400184,87,mRNA
32791,9399618,9400033,415,mRNA
32792,9402280,9402303,23,CDS
32793,9400583,9400953,370,CDS
32794,9400419,9400518,99,CDS
32795,9400097,9400184,87,CDS
32796,9399870,9400033,163,CDS
32797,9401040,9401096,56,CDS
32798,9400583,9400953,370,CDS
32799,9400419,9400518,99,CDS
32800,9400097,9400184,87,CDS
32801,9399870,9400033,163,CDS
32802,9401040,9401096,56,CDS
32803,9400583,9400953,370,CDS
32804,9400419,9400518,99,CDS
32805,9400097,9400184,87,CDS
32806,9399870,9400033,163,CDS
32807,9401040,9401096,56,CDS
32808,9400583,9400953,370,CDS
32809,9400419,9400518,99,CDS
32810,9400097,9400184,87,CDS
32811,9399870,9400033,163,CDS
32812,9401040,9401096,56,CDS
32813,9400583,9400953,370,CDS
32814,9400419,9400518,99,CDS
32815,9400097,9400184,87,CDS
32816,9399870,9400033,163,CDS
32817,9401040,9401096,56,CDS
32818,9400583,9400953,370,CDS
32819,9400419,9400518,99,CDS
32820,9400097,9400184,87,CDS
32821,9399870,9400033,163,CDS
32822,9401040,9401096,56,CDS
32823,9400583,9400953,370,CDS
32824,9400419,9400518,99,CDS
32825,9400097,9400184,87,CDS
32826,9399870,9400033,163,CDS
32827,9401040,9401096,56,CDS
32828,9400583,9400953,370,CDS
32829,9400419,9400518,99,CDS
32830,9400097,9400184,87,CDS
32831,9399870,9400033,163,CDS
32832,9401040,9401096,56,CDS
32833,9400583,9400953,370,CDS
32834,9400419,9400518,99,CDS
32835,9400097,9400184,87,CDS
32836,9399870,9400033,163,CDS
32837,9404797,9406174,1377,gene
32838,9404797,9404921,124,mRNA
32839,9405290,9406174,884,mRNA
32840,9404889,9404921,32,CDS
32841,9405290,9406039,749,CDS
32842,9406179,9410832,4653,gene
32843,9410641,9410832,191,mRNA
32844,9409520,9410406,886,mRNA
32845,9409263,9409432,169,mRNA
32846,9406179,9409191,3012,mRNA
32847,9410587,9410832,245,mRNA
32848,9409520,9410406,886,mRNA
32849,9409263,9409432,169,mRNA
32850,9407717,9409191,1474,mRNA
32851,9410497,9410832,335,mRNA
32852,9409520,9410406,886,mRNA
32853,9409263,9409432,169,mRNA
32854,9408191,9409191,1000,mRNA
32855,9409520,9409966,446,CDS
32856,9409263,9409432,169,CDS
32857,9408213,9409191,978,CDS
32858,9409520,9409966,446,CDS
32859,9409263,9409432,169,CDS
32860,9408213,9409191,978,CDS
32861,9409520,9409966,446,CDS
32862,9409263,9409432,169,CDS
32863,9408213,9409191,978,CDS
32864,9411038,9413835,2797,gene
32865,9411038,9411421,383,mRNA
32866,9411479,9411743,264,mRNA
32867,9411817,9411982,165,mRNA
32868,9413203,9413317,114,mRNA
32869,9413391,9413835,444,mRNA
32870,9411038,9411421,383,mRNA
32871,9411479,9411743,264,mRNA
32872,9411817,9411982,165,mRNA
32873,9412155,9413317,1162,mRNA
32874,9413391,9413637,246,mRNA
32875,9411276,9411421,145,CDS
32876,9411479,9411743,264,CDS
32877,9411817,9411982,165,CDS
32878,9413203,9413317,114,CDS
32879,9413391,9413412,21,CDS
32880,9411276,9411421,145,CDS
32881,9411479,9411743,264,CDS
32882,9411817,9411982,165,CDS
32883,9412155,9412189,34,CDS
32884,9413596,9426758,13162,gene
32885,9426223,9426677,454,mRNA
32886,9419095,9419271,176,mRNA
32887,9418844,9418999,155,mRNA
32888,9418344,9418724,380,mRNA
32889,9417652,9417814,162,mRNA
32890,9415408,9415466,58,mRNA
32891,9413596,9414765,1169,mRNA
32892,9420088,9420177,89,mRNA
32893,9419095,9419271,176,mRNA
32894,9418844,9418999,155,mRNA
32895,9418344,9418724,380,mRNA
32896,9417652,9417814,162,mRNA
32897,9415408,9415466,58,mRNA
32898,9413596,9414765,1169,mRNA
32899,9419897,9419932,35,mRNA
32900,9419095,9419271,176,mRNA
32901,9418844,9418999,155,mRNA
32902,9418344,9418724,380,mRNA
32903,9417652,9417814,162,mRNA
32904,9415408,9415466,58,mRNA
32905,9413596,9414765,1169,mRNA
32906,9419095,9419403,308,mRNA
32907,9418844,9418999,155,mRNA
32908,9418344,9418724,380,mRNA
32909,9417652,9417814,162,mRNA
32910,9415408,9415466,58,mRNA
32911,9413596,9414765,1169,mRNA
32912,9419095,9419201,106,CDS
32913,9418844,9418999,155,CDS
32914,9418344,9418724,380,CDS
32915,9417652,9417814,162,CDS
32916,9415408,9415466,58,CDS
32917,9414246,9414765,519,CDS
32918,9419095,9419201,106,CDS
32919,9418844,9418999,155,CDS
32920,9418344,9418724,380,CDS
32921,9417652,9417814,162,CDS
32922,9415408,9415466,58,CDS
32923,9414246,9414765,519,CDS
32924,9419095,9419201,106,CDS
32925,9418844,9418999,155,CDS
32926,9418344,9418724,380,CDS
32927,9417652,9417814,162,CDS
32928,9415408,9415466,58,CDS
32929,9414246,9414765,519,CDS
32930,9419095,9419201,106,CDS
32931,9418844,9418999,155,CDS
32932,9418344,9418724,380,CDS
32933,9417652,9417814,162,CDS
32934,9415408,9415466,58,CDS
32935,9414246,9414765,519,CDS
32936,9426223,9426758,535,mRNA
32937,9419095,9419271,176,mRNA
32938,9418844,9418999,155,mRNA
32939,9418344,9418724,380,mRNA
32940,9417652,9417814,162,mRNA
32941,9415408,9415466,58,mRNA
32942,9414838,9415296,458,mRNA
32943,9420088,9420177,89,mRNA
32944,9419095,9419271,176,mRNA
32945,9418844,9418999,155,mRNA
32946,9418344,9418724,380,mRNA
32947,9417652,9417814,162,mRNA
32948,9415408,9415466,58,mRNA
32949,9414838,9415296,458,mRNA
32950,9419095,9419201,106,CDS
32951,9418844,9418999,155,CDS
32952,9418344,9418724,380,CDS
32953,9417652,9417814,162,CDS
32954,9415408,9415466,58,CDS
32955,9415287,9415296,9,CDS
32956,9419095,9419201,106,CDS
32957,9418844,9418999,155,CDS
32958,9418344,9418724,380,CDS
32959,9417652,9417814,162,CDS
32960,9415408,9415466,58,CDS
32961,9415287,9415296,9,CDS
32962,9415755,9417388,1633,gene
32963,9417096,9417388,292,mRNA
32964,9416929,9417036,107,mRNA
32965,9416261,9416875,614,mRNA
32966,9415755,9416193,438,mRNA
32967,9417096,9417185,89,CDS
32968,9416929,9417036,107,CDS
32969,9416261,9416875,614,CDS
32970,9415957,9416193,236,CDS
32971,9423253,9424781,1528,gene
32972,9423253,9424781,1528,mRNA
32973,9423550,9424362,812,CDS
32974,9427010,9428671,1661,gene
32975,9427010,9427324,314,mRNA
32976,9427387,9428671,1284,mRNA
32977,9427143,9427324,181,CDS
32978,9427387,9428434,1047,CDS
32979,9428795,9429821,1026,gene
32980,9429792,9429821,29,mRNA
32981,9429695,9429727,32,mRNA
32982,9429174,9429325,151,mRNA
32983,9428795,9429114,319,mRNA
32984,9429695,9429697,2,CDS
32985,9429174,9429325,151,CDS
32986,9428874,9429114,240,CDS
32987,9429374,9429518,144,gene
32988,9429374,9429518,144,ncRNA
32989,9430312,9439490,9178,gene
32990,9430312,9431333,1021,mRNA
32991,9433899,9434046,147,mRNA
32992,9434396,9434498,102,mRNA
32993,9435857,9436007,150,mRNA
32994,9436116,9437361,1245,mRNA
32995,9438979,9439490,511,mRNA
32996,9430312,9431333,1021,mRNA
32997,9433899,9434046,147,mRNA
32998,9434396,9434498,102,mRNA
32999,9435857,9436007,150,mRNA
33000,9436116,9438711,2595,mRNA
33001,9430312,9431333,1021,mRNA
33002,9434396,9434498,102,mRNA
33003,9435857,9436007,150,mRNA
33004,9436116,9438711,2595,mRNA
33005,9430312,9430836,524,mRNA
33006,9433899,9434046,147,mRNA
33007,9434396,9434498,102,mRNA
33008,9435857,9436007,150,mRNA
33009,9436116,9438711,2595,mRNA
33010,9430312,9430836,524,mRNA
33011,9434396,9434498,102,mRNA
33012,9435857,9436007,150,mRNA
33013,9436116,9438711,2595,mRNA
33014,9430312,9430836,524,mRNA
33015,9435857,9436007,150,mRNA
33016,9436116,9438711,2595,mRNA
33017,9430522,9431333,811,CDS
33018,9433899,9434046,147,CDS
33019,9434396,9434498,102,CDS
33020,9435857,9436007,150,CDS
33021,9436116,9437361,1245,CDS
33022,9438979,9438987,8,CDS
33023,9430522,9431333,811,CDS
33024,9433899,9434046,147,CDS
33025,9434396,9434498,102,CDS
33026,9435857,9436007,150,CDS
33027,9436116,9437922,1806,CDS
33028,9430522,9430836,314,CDS
33029,9434396,9434498,102,CDS
33030,9435857,9436007,150,CDS
33031,9436116,9437922,1806,CDS
33032,9433686,9435399,1713,gene
33033,9435273,9435399,126,mRNA
33034,9435083,9435218,135,mRNA
33035,9433686,9435020,1334,mRNA
33036,9435273,9435399,126,CDS
33037,9435083,9435218,135,CDS
33038,9434546,9435020,474,CDS
33039,9435536,9435607,71,mRNA
33040,9435857,9436007,150,mRNA
33041,9436116,9438704,2588,mRNA
33042,9436210,9437922,1712,CDS
33043,9436210,9437922,1712,CDS
33044,9436210,9437922,1712,CDS
33045,9436210,9437922,1712,CDS
33046,9438482,9442267,3785,gene
33047,9442124,9442267,143,mRNA
33048,9439150,9439560,410,mRNA
33049,9438482,9439051,569,mRNA
33050,9442124,9442162,38,CDS
33051,9439150,9439560,410,CDS
33052,9438965,9439051,86,CDS
33053,9438984,9439450,466,gene
33054,9438984,9439450,466,ncRNA
33055,9439811,9440208,397,mobile_element
33056,9440056,9442267,2211,gene
33057,9442124,9442267,143,mRNA
33058,9440056,9441966,1910,mRNA
33059,9440693,9441892,1199,CDS
33060,9442938,9443274,336,mobile_element
33061,9443232,9446388,3156,gene
33062,9443232,9443364,132,mRNA
33063,9445702,9446388,686,mRNA
33064,9443264,9443364,100,mRNA
33065,9445702,9446388,686,mRNA
33066,9443331,9443364,33,CDS
33067,9445702,9446285,583,CDS
33068,9443331,9443364,33,CDS
33069,9445702,9446285,583,CDS
33070,9443566,9445297,1731,mobile_element
33071,9445470,9445647,177,mobile_element
33072,9446332,9446733,401,mobile_element
33073,9446864,9450785,3921,gene
33074,9446864,9447062,198,mRNA
33075,9448388,9448839,451,mRNA
33076,9448901,9449628,727,mRNA
33077,9449689,9449824,135,mRNA
33078,9450018,9450068,50,mRNA
33079,9450232,9450785,553,mRNA
33080,9446864,9447062,198,mRNA
33081,9448388,9448839,451,mRNA
33082,9448901,9449628,727,mRNA
33083,9449689,9449824,135,mRNA
33084,9450232,9450785,553,mRNA
33085,9446864,9447062,198,mRNA
33086,9448388,9448839,451,mRNA
33087,9448901,9449628,727,mRNA
33088,9449689,9449815,126,mRNA
33089,9450018,9450068,50,mRNA
33090,9450232,9450785,553,mRNA
33091,9446996,9447062,66,CDS
33092,9448388,9448839,451,CDS
33093,9448901,9449628,727,CDS
33094,9449689,9449824,135,CDS
33095,9450018,9450068,50,CDS
33096,9450232,9450429,197,CDS
33097,9446996,9447062,66,CDS
33098,9448388,9448839,451,CDS
33099,9448901,9449628,727,CDS
33100,9449689,9449824,135,CDS
33101,9450232,9450429,197,CDS
33102,9446996,9447062,66,CDS
33103,9448388,9448839,451,CDS
33104,9448901,9449628,727,CDS
33105,9449689,9449815,126,CDS
33106,9450018,9450068,50,CDS
33107,9450232,9450429,197,CDS
33108,9450545,9451572,1027,gene
33109,9450545,9451572,1027,mRNA
33110,9450824,9451531,707,CDS
33111,9451876,9452790,914,gene
33112,9451876,9452033,157,mRNA
33113,9452125,9452170,45,mRNA
33114,9452298,9452790,492,mRNA
33115,9451980,9452033,53,CDS
33116,9452125,9452170,45,CDS
33117,9452298,9452443,145,CDS
33118,9452803,9456281,3478,gene
33119,9455738,9456281,543,mRNA
33120,9452803,9455642,2839,mRNA
33121,9455738,9456281,543,mRNA
33122,9453048,9455642,2594,mRNA
33123,9453530,9455539,2009,CDS
33124,9453530,9455539,2009,CDS
33125,9456318,9459370,3052,gene
33126,9456318,9456616,298,mRNA
33127,9457978,9458357,379,mRNA
33128,9458411,9459116,705,mRNA
33129,9459183,9459370,187,mRNA
33130,9456339,9457296,957,gene
33131,9456339,9457296,957,ncRNA
33132,9456342,9457669,1327,gene
33133,9457594,9457669,75,mRNA
33134,9457362,9457535,173,mRNA
33135,9456766,9457302,536,mRNA
33136,9456342,9456680,338,mRNA
33137,9457594,9457649,55,CDS
33138,9457362,9457535,173,CDS
33139,9456766,9457302,536,CDS
33140,9456398,9456680,282,CDS
33141,9457912,9458357,445,mRNA
33142,9458411,9459116,705,mRNA
33143,9459183,9459370,187,mRNA
33144,9457989,9458357,368,CDS
33145,9458411,9459116,705,CDS
33146,9459183,9459334,151,CDS
33147,9457989,9458357,368,CDS
33148,9458411,9459116,705,CDS
33149,9459183,9459334,151,CDS
33150,9459369,9460799,1430,gene
33151,9459654,9460799,1145,mRNA
33152,9459369,9459594,225,mRNA
33153,9459654,9460717,1063,CDS
33154,9459402,9459594,192,CDS
33155,9461050,9475475,14425,gene
33156,9461050,9461559,509,mRNA
33157,9461888,9464706,2818,mRNA
33158,9470268,9470437,169,mRNA
33159,9470560,9470633,73,mRNA
33160,9473128,9473681,553,mRNA
33161,9473955,9474124,169,mRNA
33162,9474188,9474267,79,mRNA
33163,9474329,9475475,1146,mRNA
33164,9461050,9461559,509,mRNA
33165,9461888,9464706,2818,mRNA
33166,9470268,9470437,169,mRNA
33167,9470560,9470633,73,mRNA
33168,9471135,9472590,1455,mRNA
33169,9461050,9461296,246,mRNA
33170,9461888,9464706,2818,mRNA
33171,9470268,9470437,169,mRNA
33172,9470560,9470633,73,mRNA
33173,9471135,9472590,1455,mRNA
33174,9462607,9462826,219,mRNA
33175,9463364,9464706,1342,mRNA
33176,9470268,9470437,169,mRNA
33177,9470560,9470633,73,mRNA
33178,9473128,9473681,553,mRNA
33179,9473955,9474124,169,mRNA
33180,9474188,9474267,79,mRNA
33181,9474329,9475475,1146,mRNA
33182,9462607,9462826,219,mRNA
33183,9463364,9464706,1342,mRNA
33184,9470268,9470437,169,mRNA
33185,9470560,9470633,73,mRNA
33186,9471135,9472590,1455,mRNA
33187,9463318,9464706,1388,mRNA
33188,9470268,9470437,169,mRNA
33189,9470560,9470633,73,mRNA
33190,9471135,9472590,1455,mRNA
33191,9463444,9464706,1262,CDS
33192,9470268,9470437,169,CDS
33193,9470560,9470633,73,CDS
33194,9473128,9473681,553,CDS
33195,9473955,9474124,169,CDS
33196,9474188,9474267,79,CDS
33197,9474329,9474504,175,CDS
33198,9463444,9464706,1262,CDS
33199,9470268,9470437,169,CDS
33200,9470560,9470633,73,CDS
33201,9473128,9473681,553,CDS
33202,9473955,9474124,169,CDS
33203,9474188,9474267,79,CDS
33204,9474329,9474504,175,CDS
33205,9463444,9464706,1262,CDS
33206,9470268,9470437,169,CDS
33207,9470560,9470633,73,CDS
33208,9471135,9471979,844,CDS
33209,9463444,9464706,1262,CDS
33210,9470268,9470437,169,CDS
33211,9470560,9470633,73,CDS
33212,9471135,9471979,844,CDS
33213,9463444,9464706,1262,CDS
33214,9470268,9470437,169,CDS
33215,9470560,9470633,73,CDS
33216,9471135,9471979,844,CDS
33217,9463444,9464706,1262,CDS
33218,9470268,9470437,169,CDS
33219,9470560,9470633,73,CDS
33220,9471135,9471979,844,CDS
33221,9475493,9476965,1472,gene
33222,9476772,9476965,193,mRNA
33223,9475493,9476692,1199,mRNA
33224,9476772,9476965,193,mRNA
33225,9475734,9476692,958,mRNA
33226,9476772,9476847,75,CDS
33227,9475794,9476692,898,CDS
33228,9476772,9476847,75,CDS
33229,9475794,9476692,898,CDS
33230,9477038,9486530,9492,gene
33231,9477038,9477652,614,mRNA
33232,9478558,9484996,6438,mRNA
33233,9485059,9485217,158,mRNA
33234,9485281,9486530,1249,mRNA
33235,9477507,9477652,145,CDS
33236,9478558,9484996,6438,CDS
33237,9485059,9485217,158,CDS
33238,9485281,9485592,311,CDS
33239,9486448,9487790,1342,gene
33240,9487621,9487790,169,mRNA
33241,9487425,9487552,127,mRNA
33242,9486448,9487355,907,mRNA
33243,9487621,9487704,83,CDS
33244,9487425,9487552,127,CDS
33245,9486623,9487355,732,CDS
33246,9488050,9489233,1183,gene
33247,9489060,9489233,173,mRNA
33248,9488307,9488644,337,mRNA
33249,9488050,9488246,196,mRNA
33250,9489060,9489134,74,CDS
33251,9488307,9488644,337,CDS
33252,9488138,9488246,108,CDS
33253,9489502,9492215,2713,gene
33254,9491698,9492215,517,mRNA
33255,9491474,9491626,152,mRNA
33256,9490566,9490815,249,mRNA
33257,9490323,9490507,184,mRNA
33258,9489502,9490231,729,mRNA
33259,9491698,9492215,517,mRNA
33260,9491474,9491626,152,mRNA
33261,9490566,9490815,249,mRNA
33262,9490323,9490507,184,mRNA
33263,9489798,9490231,433,mRNA
33264,9491698,9491799,101,CDS
33265,9491474,9491626,152,CDS
33266,9490566,9490815,249,CDS
33267,9490323,9490507,184,CDS
33268,9490163,9490231,68,CDS
33269,9491698,9491799,101,CDS
33270,9491474,9491626,152,CDS
33271,9490566,9490815,249,CDS
33272,9490323,9490507,184,CDS
33273,9490163,9490231,68,CDS
33274,9494555,9505328,10773,gene
33275,9505132,9505328,196,mRNA
33276,9499164,9499214,50,mRNA
33277,9499022,9499086,64,mRNA
33278,9497116,9497211,95,mRNA
33279,9496898,9497048,150,mRNA
33280,9495917,9496831,914,mRNA
33281,9494555,9495851,1296,mRNA
33282,9505132,9505328,196,mRNA
33283,9500707,9501056,349,mRNA
33284,9499164,9499214,50,mRNA
33285,9499022,9499086,64,mRNA
33286,9497116,9497211,95,mRNA
33287,9496898,9497048,150,mRNA
33288,9495917,9496831,914,mRNA
33289,9494555,9495851,1296,mRNA
33290,9497294,9497366,72,mRNA
33291,9497116,9497211,95,mRNA
33292,9496898,9497048,150,mRNA
33293,9495917,9496831,914,mRNA
33294,9494555,9495851,1296,mRNA
33295,9499164,9499178,14,CDS
33296,9499022,9499086,64,CDS
33297,9497116,9497211,95,CDS
33298,9496898,9497048,150,CDS
33299,9495917,9496831,914,CDS
33300,9495678,9495851,173,CDS
33301,9499164,9499178,14,CDS
33302,9499022,9499086,64,CDS
33303,9497116,9497211,95,CDS
33304,9496898,9497048,150,CDS
33305,9495917,9496831,914,CDS
33306,9495678,9495851,173,CDS
33307,9497294,9497334,40,CDS
33308,9497116,9497211,95,CDS
33309,9496898,9497048,150,CDS
33310,9495917,9496831,914,CDS
33311,9495678,9495851,173,CDS
33312,9501756,9502183,427,mobile_element
33313,9506818,9509583,2765,gene
33314,9509351,9509583,232,mRNA
33315,9508565,9508624,59,mRNA
33316,9508220,9508486,266,mRNA
33317,9506818,9508133,1315,mRNA
33318,9509339,9509583,244,mRNA
33319,9508565,9508624,59,mRNA
33320,9508220,9508486,266,mRNA
33321,9506818,9508133,1315,mRNA
33322,9509351,9509452,101,CDS
33323,9508565,9508624,59,CDS
33324,9508220,9508486,266,CDS
33325,9507579,9508133,554,CDS
33326,9509339,9509452,113,CDS
33327,9508565,9508624,59,CDS
33328,9508220,9508486,266,CDS
33329,9507579,9508133,554,CDS
33330,9509793,9511531,1738,gene
33331,9511056,9511305,249,mRNA
33332,9510465,9510651,186,mRNA
33333,9509793,9510158,365,mRNA
33334,9511500,9511531,31,mRNA
33335,9511056,9511301,245,mRNA
33336,9510465,9510651,186,mRNA
33337,9509890,9510158,268,mRNA
33338,9511500,9511531,31,mRNA
33339,9511056,9511301,245,mRNA
33340,9510282,9510651,369,mRNA
33341,9509890,9510158,268,mRNA
33342,9511056,9511305,249,mRNA
33343,9510465,9510651,186,mRNA
33344,9509890,9510158,268,mRNA
33345,9511056,9511278,222,CDS
33346,9510465,9510651,186,CDS
33347,9509981,9510158,177,CDS
33348,9511056,9511278,222,CDS
33349,9510465,9510651,186,CDS
33350,9509981,9510158,177,CDS
33351,9511056,9511278,222,CDS
33352,9510465,9510651,186,CDS
33353,9509981,9510158,177,CDS
33354,9510017,9510889,872,gene
33355,9510017,9510889,872,ncRNA
33356,9511056,9511278,222,CDS
33357,9510461,9510651,190,CDS
33358,9510720,9510807,87,gene
33359,9510720,9510807,87,ncRNA
33360,9512008,9512660,652,gene
33361,9512445,9512660,215,mRNA
33362,9512224,9512391,167,mRNA
33363,9512008,9512169,161,mRNA
33364,9512445,9512660,215,CDS
33365,9512224,9512391,167,CDS
33366,9512008,9512169,161,CDS
33367,9512797,9513409,612,gene
33368,9513026,9513409,383,mRNA
33369,9512797,9512952,155,mRNA
33370,9513026,9513409,383,CDS
33371,9512797,9512952,155,CDS
33372,9513645,9513959,314,gene
33373,9513645,9513959,314,exon
33374,9514119,9525544,11425,gene
33375,9525314,9525544,230,mRNA
33376,9515191,9515272,81,mRNA
33377,9514454,9514986,532,mRNA
33378,9514119,9514388,269,mRNA
33379,9514454,9514831,377,CDS
33380,9514239,9514388,149,CDS
33381,9526541,9528162,1621,mobile_element
33382,9529067,9531386,2319,gene
33383,9529067,9529168,101,mRNA
33384,9529802,9530732,930,mRNA
33385,9530798,9530999,201,mRNA
33386,9531060,9531215,155,mRNA
33387,9531281,9531386,105,mRNA
33388,9529921,9530732,811,CDS
33389,9530798,9530999,201,CDS
33390,9531060,9531215,155,CDS
33391,9531281,9531334,53,CDS
33392,9533808,9541310,7502,mobile_element
33393,9542245,9543999,1754,gene
33394,9542245,9543999,1754,mRNA
33395,9542245,9543999,1754,CDS
33396,9547220,9596713,49493,gene
33397,9547220,9547477,257,mRNA
33398,9552902,9553536,634,mRNA
33399,9575651,9575722,71,mRNA
33400,9581391,9581486,95,mRNA
33401,9581546,9581713,167,mRNA
33402,9588240,9588444,204,mRNA
33403,9591241,9591347,106,mRNA
33404,9592086,9592256,170,mRNA
33405,9592334,9592456,122,mRNA
33406,9594967,9596713,1746,mRNA
33407,9547220,9547477,257,mRNA
33408,9552902,9553536,634,mRNA
33409,9575651,9575722,71,mRNA
33410,9581391,9581486,95,mRNA
33411,9581546,9581713,167,mRNA
33412,9588240,9588444,204,mRNA
33413,9591241,9591347,106,mRNA
33414,9592086,9592256,170,mRNA
33415,9592334,9592456,122,mRNA
33416,9592727,9594509,1782,mRNA
33417,9553435,9553536,101,CDS
33418,9575651,9575722,71,CDS
33419,9581391,9581486,95,CDS
33420,9581546,9581713,167,CDS
33421,9588240,9588444,204,CDS
33422,9591241,9591347,106,CDS
33423,9592086,9592256,170,CDS
33424,9592334,9592456,122,CDS
33425,9594967,9595239,272,CDS
33426,9553435,9553536,101,CDS
33427,9575651,9575722,71,CDS
33428,9581391,9581486,95,CDS
33429,9581546,9581713,167,CDS
33430,9588240,9588444,204,CDS
33431,9591241,9591347,106,CDS
33432,9592086,9592256,170,CDS
33433,9592334,9592456,122,CDS
33434,9592727,9593779,1052,CDS
33435,9571982,9572245,263,mobile_element
33436,9575971,9580981,5010,mobile_element
33437,9583550,9583642,92,mRNA
33438,9586627,9588046,1419,mRNA
33439,9588240,9588444,204,mRNA
33440,9591241,9591347,106,mRNA
33441,9592086,9592256,170,mRNA
33442,9592334,9592456,122,mRNA
33443,9592727,9594509,1782,mRNA
33444,9586991,9588046,1055,CDS
33445,9588240,9588444,204,CDS
33446,9591241,9591347,106,CDS
33447,9592086,9592256,170,CDS
33448,9592334,9592456,122,CDS
33449,9592727,9593779,1052,CDS
33450,9597171,9598375,1204,gene
33451,9597171,9598375,1204,ncRNA
33452,9597764,9614001,16237,gene
33453,9597764,9598084,320,mRNA
33454,9603842,9603978,136,mRNA
33455,9604051,9604091,40,mRNA
33456,9604412,9604702,290,mRNA
33457,9604931,9605058,127,mRNA
33458,9605327,9605431,104,mRNA
33459,9605749,9605937,188,mRNA
33460,9606016,9606146,130,mRNA
33461,9606393,9606503,110,mRNA
33462,9607105,9607199,94,mRNA
33463,9607263,9607359,96,mRNA
33464,9607421,9607513,92,mRNA
33465,9607660,9607815,155,mRNA
33466,9607880,9609836,1956,mRNA
33467,9611204,9611308,104,mRNA
33468,9611381,9611562,181,mRNA
33469,9611618,9611794,176,mRNA
33470,9611850,9612172,322,mRNA
33471,9612243,9614001,1758,mRNA
33472,9597854,9598084,230,CDS
33473,9603842,9603978,136,CDS
33474,9604051,9604091,40,CDS
33475,9604412,9604702,290,CDS
33476,9604931,9605058,127,CDS
33477,9605327,9605431,104,CDS
33478,9605749,9605937,188,CDS
33479,9606016,9606146,130,CDS
33480,9606393,9606503,110,CDS
33481,9607105,9607199,94,CDS
33482,9607263,9607359,96,CDS
33483,9607421,9607513,92,CDS
33484,9607660,9607815,155,CDS
33485,9607880,9609836,1956,CDS
33486,9611204,9611308,104,CDS
33487,9611381,9611562,181,CDS
33488,9611618,9611794,176,CDS
33489,9611850,9612172,322,CDS
33490,9612243,9613804,1561,CDS
33491,9598988,9600341,1353,gene
33492,9598988,9600341,1353,mRNA
33493,9599073,9600212,1139,CDS
33494,9600490,9601325,835,gene
33495,9600490,9601325,835,mRNA
33496,9600547,9601305,758,CDS
33497,9601523,9602548,1025,gene
33498,9601523,9602548,1025,mRNA
33499,9601596,9602462,866,CDS
33500,9603570,9603978,408,mRNA
33501,9604051,9604091,40,mRNA
33502,9604412,9604702,290,mRNA
33503,9604931,9605058,127,mRNA
33504,9605327,9605431,104,mRNA
33505,9605749,9605937,188,mRNA
33506,9606016,9606146,130,mRNA
33507,9606393,9606503,110,mRNA
33508,9607105,9607199,94,mRNA
33509,9607263,9607359,96,mRNA
33510,9607421,9607513,92,mRNA
33511,9607660,9607815,155,mRNA
33512,9607880,9609836,1956,mRNA
33513,9611204,9611308,104,mRNA
33514,9611381,9611562,181,mRNA
33515,9611618,9611794,176,mRNA
33516,9611850,9612172,322,mRNA
33517,9612243,9614001,1758,mRNA
33518,9603923,9603978,55,CDS
33519,9604051,9604091,40,CDS
33520,9604412,9604702,290,CDS
33521,9604931,9605058,127,CDS
33522,9605327,9605431,104,CDS
33523,9605749,9605937,188,CDS
33524,9606016,9606146,130,CDS
33525,9606393,9606503,110,CDS
33526,9607105,9607199,94,CDS
33527,9607263,9607359,96,CDS
33528,9607421,9607513,92,CDS
33529,9607660,9607815,155,CDS
33530,9607880,9609836,1956,CDS
33531,9611204,9611308,104,CDS
33532,9611381,9611562,181,CDS
33533,9611618,9611794,176,CDS
33534,9611850,9612172,322,CDS
33535,9612243,9613804,1561,CDS
33536,9614914,9623980,9066,gene
33537,9614914,9614972,58,mRNA
33538,9617054,9617441,387,mRNA
33539,9617779,9617912,133,mRNA
33540,9617976,9618103,127,mRNA
33541,9618170,9618784,614,mRNA
33542,9619301,9619712,411,mRNA
33543,9619779,9622364,2585,mRNA
33544,9622423,9622759,336,mRNA
33545,9622817,9623117,300,mRNA
33546,9623179,9623980,801,mRNA
33547,9615960,9616113,153,mRNA
33548,9617054,9617441,387,mRNA
33549,9617779,9617912,133,mRNA
33550,9617976,9618103,127,mRNA
33551,9618170,9618784,614,mRNA
33552,9619301,9619712,411,mRNA
33553,9619779,9622364,2585,mRNA
33554,9622423,9622759,336,mRNA
33555,9622817,9623117,300,mRNA
33556,9623179,9623980,801,mRNA
33557,9617247,9617441,194,CDS
33558,9617779,9617912,133,CDS
33559,9617976,9618103,127,CDS
33560,9618170,9618784,614,CDS
33561,9619301,9619712,411,CDS
33562,9619779,9622364,2585,CDS
33563,9622423,9622759,336,CDS
33564,9622817,9623117,300,CDS
33565,9623179,9623390,211,CDS
33566,9617247,9617441,194,CDS
33567,9617779,9617912,133,CDS
33568,9617976,9618103,127,CDS
33569,9618170,9618784,614,CDS
33570,9619301,9619712,411,CDS
33571,9619779,9622364,2585,CDS
33572,9622423,9622759,336,CDS
33573,9622817,9623117,300,CDS
33574,9623179,9623390,211,CDS
33575,9624237,9627321,3084,gene
33576,9624237,9624372,135,mRNA
33577,9624425,9626682,2257,mRNA
33578,9626741,9626863,122,mRNA
33579,9626913,9627321,408,mRNA
33580,9624337,9624372,35,CDS
33581,9624425,9626682,2257,CDS
33582,9626741,9626863,122,CDS
33583,9626913,9627252,339,CDS
33584,9627316,9629193,1877,gene
33585,9629057,9629193,136,mRNA
33586,9628897,9628996,99,mRNA
33587,9628696,9628834,138,mRNA
33588,9628441,9628635,194,mRNA
33589,9628276,9628380,104,mRNA
33590,9628053,9628221,168,mRNA
33591,9627896,9628001,105,mRNA
33592,9627733,9627834,101,mRNA
33593,9627523,9627678,155,mRNA
33594,9627316,9627468,152,mRNA
33595,9629057,9629193,136,CDS
33596,9628897,9628996,99,CDS
33597,9628696,9628834,138,CDS
33598,9628441,9628635,194,CDS
33599,9628276,9628380,104,CDS
33600,9628053,9628221,168,CDS
33601,9627896,9628001,105,CDS
33602,9627733,9627834,101,CDS
33603,9627523,9627678,155,CDS
33604,9627412,9627468,56,CDS
33605,9628676,9631795,3119,gene
33606,9628676,9628820,144,mRNA
33607,9630062,9630302,240,mRNA
33608,9630380,9630624,244,mRNA
33609,9630818,9631138,320,mRNA
33610,9631193,9631795,602,mRNA
33611,9628676,9628820,144,mRNA
33612,9630062,9630103,41,mRNA
33613,9630159,9630302,143,mRNA
33614,9630380,9630624,244,mRNA
33615,9630818,9631138,320,mRNA
33616,9631193,9631795,602,mRNA
33617,9629972,9630103,131,mRNA
33618,9630159,9630302,143,mRNA
33619,9630380,9630624,244,mRNA
33620,9630818,9631138,320,mRNA
33621,9631193,9631795,602,mRNA
33622,9630077,9630302,225,mRNA
33623,9630380,9630624,244,mRNA
33624,9630818,9631138,320,mRNA
33625,9631193,9631795,602,mRNA
33626,9630221,9630302,81,CDS
33627,9630380,9630624,244,CDS
33628,9630818,9631138,320,CDS
33629,9631193,9631696,503,CDS
33630,9630221,9630302,81,CDS
33631,9630380,9630624,244,CDS
33632,9630818,9631138,320,CDS
33633,9631193,9631696,503,CDS
33634,9630221,9630302,81,CDS
33635,9630380,9630624,244,CDS
33636,9630818,9631138,320,CDS
33637,9631193,9631696,503,CDS
33638,9630221,9630302,81,CDS
33639,9630380,9630624,244,CDS
33640,9630818,9631138,320,CDS
33641,9631193,9631696,503,CDS
33642,9631834,9679103,47269,gene
33643,9678772,9679103,331,mRNA
33644,9670111,9671708,1597,mRNA
33645,9669709,9670049,340,mRNA
33646,9668251,9669638,1387,mRNA
33647,9667949,9668180,231,mRNA
33648,9667702,9667884,182,mRNA
33649,9664077,9664244,167,mRNA
33650,9663862,9664011,149,mRNA
33651,9663621,9663790,169,mRNA
33652,9663363,9663517,154,mRNA
33653,9663166,9663276,110,mRNA
33654,9662943,9663097,154,mRNA
33655,9660642,9660805,163,mRNA
33656,9643428,9643547,119,mRNA
33657,9643208,9643341,133,mRNA
33658,9643028,9643126,98,mRNA
33659,9642823,9642957,134,mRNA
33660,9642586,9642757,171,mRNA
33661,9642408,9642513,105,mRNA
33662,9642007,9642342,335,mRNA
33663,9636255,9637833,1578,mRNA
33664,9635681,9636187,506,mRNA
33665,9634687,9635313,626,mRNA
33666,9632965,9633924,959,mRNA
33667,9632658,9632903,245,mRNA
33668,9632233,9632599,366,mRNA
33669,9631834,9632170,336,mRNA
33670,9678772,9679103,331,mRNA
33671,9670111,9671708,1597,mRNA
33672,9669709,9670049,340,mRNA
33673,9668251,9669638,1387,mRNA
33674,9667949,9668180,231,mRNA
33675,9667702,9667884,182,mRNA
33676,9664077,9664244,167,mRNA
33677,9663862,9664011,149,mRNA
33678,9663621,9663790,169,mRNA
33679,9663363,9663517,154,mRNA
33680,9663166,9663276,110,mRNA
33681,9662943,9663097,154,mRNA
33682,9660642,9660805,163,mRNA
33683,9643428,9643547,119,mRNA
33684,9643208,9643341,133,mRNA
33685,9643028,9643126,98,mRNA
33686,9642823,9642957,134,mRNA
33687,9642586,9642757,171,mRNA
33688,9642408,9642513,105,mRNA
33689,9642007,9642342,335,mRNA
33690,9636255,9637833,1578,mRNA
33691,9635681,9636187,506,mRNA
33692,9634687,9635313,626,mRNA
33693,9634022,9634069,47,mRNA
33694,9632965,9633924,959,mRNA
33695,9632658,9632903,245,mRNA
33696,9632233,9632599,366,mRNA
33697,9631834,9632170,336,mRNA
33698,9678772,9679103,331,mRNA
33699,9670111,9671708,1597,mRNA
33700,9669709,9670049,340,mRNA
33701,9668251,9669638,1387,mRNA
33702,9667949,9668180,231,mRNA
33703,9667702,9667884,182,mRNA
33704,9664077,9664244,167,mRNA
33705,9663862,9664011,149,mRNA
33706,9663621,9663790,169,mRNA
33707,9663363,9663517,154,mRNA
33708,9663166,9663276,110,mRNA
33709,9662943,9663097,154,mRNA
33710,9660642,9660805,163,mRNA
33711,9643428,9643547,119,mRNA
33712,9643208,9643341,133,mRNA
33713,9643028,9643126,98,mRNA
33714,9642823,9642957,134,mRNA
33715,9642586,9642757,171,mRNA
33716,9642408,9642513,105,mRNA
33717,9642007,9642342,335,mRNA
33718,9636255,9637833,1578,mRNA
33719,9635681,9636187,506,mRNA
33720,9634687,9635313,626,mRNA
33721,9634404,9634433,29,mRNA
33722,9632965,9633924,959,mRNA
33723,9632658,9632903,245,mRNA
33724,9632233,9632599,366,mRNA
33725,9631834,9632173,339,mRNA
33726,9678772,9679103,331,mRNA
33727,9670111,9671708,1597,mRNA
33728,9669709,9670049,340,mRNA
33729,9668251,9669638,1387,mRNA
33730,9667949,9668180,231,mRNA
33731,9667702,9667884,182,mRNA
33732,9665556,9665699,143,mRNA
33733,9664077,9664244,167,mRNA
33734,9663862,9664011,149,mRNA
33735,9663621,9663790,169,mRNA
33736,9663363,9663517,154,mRNA
33737,9663166,9663276,110,mRNA
33738,9662943,9663097,154,mRNA
33739,9660642,9660805,163,mRNA
33740,9643428,9643547,119,mRNA
33741,9643208,9643341,133,mRNA
33742,9643028,9643126,98,mRNA
33743,9642823,9642957,134,mRNA
33744,9642586,9642757,171,mRNA
33745,9642408,9642513,105,mRNA
33746,9642007,9642342,335,mRNA
33747,9636255,9637833,1578,mRNA
33748,9635681,9636187,506,mRNA
33749,9634687,9635313,626,mRNA
33750,9632965,9633924,959,mRNA
33751,9632658,9632903,245,mRNA
33752,9632233,9632599,366,mRNA
33753,9631834,9632170,336,mRNA
33754,9678772,9679103,331,mRNA
33755,9670111,9671708,1597,mRNA
33756,9669709,9670049,340,mRNA
33757,9668251,9669638,1387,mRNA
33758,9667949,9668180,231,mRNA
33759,9667702,9667884,182,mRNA
33760,9665556,9665699,143,mRNA
33761,9664077,9664244,167,mRNA
33762,9663862,9664011,149,mRNA
33763,9663621,9663790,169,mRNA
33764,9663363,9663517,154,mRNA
33765,9663166,9663276,110,mRNA
33766,9662943,9663097,154,mRNA
33767,9660642,9660805,163,mRNA
33768,9643428,9643547,119,mRNA
33769,9643208,9643341,133,mRNA
33770,9643028,9643126,98,mRNA
33771,9642823,9642957,134,mRNA
33772,9642586,9642757,171,mRNA
33773,9642408,9642513,105,mRNA
33774,9642007,9642342,335,mRNA
33775,9636255,9637833,1578,mRNA
33776,9635681,9636187,506,mRNA
33777,9634687,9635313,626,mRNA
33778,9634022,9634069,47,mRNA
33779,9632965,9633924,959,mRNA
33780,9632658,9632903,245,mRNA
33781,9632233,9632599,366,mRNA
33782,9631834,9632173,339,mRNA
33783,9678772,9679103,331,mRNA
33784,9670111,9671708,1597,mRNA
33785,9669709,9670049,340,mRNA
33786,9668251,9669638,1387,mRNA
33787,9667949,9668180,231,mRNA
33788,9667702,9667884,182,mRNA
33789,9665556,9665699,143,mRNA
33790,9664077,9664244,167,mRNA
33791,9663862,9664011,149,mRNA
33792,9663621,9663790,169,mRNA
33793,9663363,9663517,154,mRNA
33794,9663166,9663276,110,mRNA
33795,9662943,9663097,154,mRNA
33796,9660642,9660805,163,mRNA
33797,9643428,9643547,119,mRNA
33798,9643208,9643341,133,mRNA
33799,9643028,9643126,98,mRNA
33800,9642823,9642957,134,mRNA
33801,9642586,9642757,171,mRNA
33802,9642408,9642513,105,mRNA
33803,9642007,9642342,335,mRNA
33804,9636255,9637833,1578,mRNA
33805,9635681,9636187,506,mRNA
33806,9634687,9635313,626,mRNA
33807,9634404,9634433,29,mRNA
33808,9632965,9633924,959,mRNA
33809,9632658,9632903,245,mRNA
33810,9632233,9632599,366,mRNA
33811,9631834,9632173,339,mRNA
33812,9674801,9675491,690,mRNA
33813,9670111,9671708,1597,mRNA
33814,9669709,9670049,340,mRNA
33815,9668251,9669638,1387,mRNA
33816,9667949,9668180,231,mRNA
33817,9667702,9667884,182,mRNA
33818,9664077,9664244,167,mRNA
33819,9663862,9664011,149,mRNA
33820,9663621,9663790,169,mRNA
33821,9663363,9663517,154,mRNA
33822,9663166,9663276,110,mRNA
33823,9662943,9663097,154,mRNA
33824,9660642,9660805,163,mRNA
33825,9643428,9643547,119,mRNA
33826,9643208,9643341,133,mRNA
33827,9643028,9643126,98,mRNA
33828,9642823,9642957,134,mRNA
33829,9642586,9642757,171,mRNA
33830,9642408,9642513,105,mRNA
33831,9642007,9642342,335,mRNA
33832,9636255,9637833,1578,mRNA
33833,9635681,9636187,506,mRNA
33834,9634687,9635313,626,mRNA
33835,9632965,9633924,959,mRNA
33836,9632658,9632903,245,mRNA
33837,9632233,9632599,366,mRNA
33838,9631834,9632170,336,mRNA
33839,9674801,9675491,690,mRNA
33840,9670111,9671708,1597,mRNA
33841,9669709,9670049,340,mRNA
33842,9668251,9669638,1387,mRNA
33843,9667949,9668180,231,mRNA
33844,9667702,9667884,182,mRNA
33845,9665556,9665699,143,mRNA
33846,9664077,9664244,167,mRNA
33847,9663862,9664011,149,mRNA
33848,9663621,9663790,169,mRNA
33849,9663363,9663517,154,mRNA
33850,9663166,9663276,110,mRNA
33851,9662943,9663097,154,mRNA
33852,9660642,9660805,163,mRNA
33853,9643428,9643547,119,mRNA
33854,9643208,9643341,133,mRNA
33855,9643028,9643126,98,mRNA
33856,9642823,9642957,134,mRNA
33857,9642586,9642757,171,mRNA
33858,9642408,9642513,105,mRNA
33859,9642007,9642342,335,mRNA
33860,9636255,9637833,1578,mRNA
33861,9635681,9636187,506,mRNA
33862,9634687,9635313,626,mRNA
33863,9634404,9634433,29,mRNA
33864,9632965,9633924,959,mRNA
33865,9632658,9632903,245,mRNA
33866,9632233,9632599,366,mRNA
33867,9631834,9632173,339,mRNA
33868,9678772,9678826,54,CDS
33869,9670111,9671708,1597,CDS
33870,9669709,9670049,340,CDS
33871,9668251,9669638,1387,CDS
33872,9667949,9668180,231,CDS
33873,9667702,9667884,182,CDS
33874,9664077,9664244,167,CDS
33875,9663862,9664011,149,CDS
33876,9663621,9663790,169,CDS
33877,9663363,9663517,154,CDS
33878,9663166,9663276,110,CDS
33879,9662943,9663097,154,CDS
33880,9660642,9660805,163,CDS
33881,9643428,9643547,119,CDS
33882,9643208,9643341,133,CDS
33883,9643028,9643126,98,CDS
33884,9642823,9642957,134,CDS
33885,9642586,9642757,171,CDS
33886,9642408,9642513,105,CDS
33887,9642007,9642342,335,CDS
33888,9636255,9637833,1578,CDS
33889,9635681,9636187,506,CDS
33890,9634687,9635313,626,CDS
33891,9632965,9633924,959,CDS
33892,9632658,9632903,245,CDS
33893,9632233,9632599,366,CDS
33894,9631989,9632170,181,CDS
33895,9678772,9678826,54,CDS
33896,9670111,9671708,1597,CDS
33897,9669709,9670049,340,CDS
33898,9668251,9669638,1387,CDS
33899,9667949,9668180,231,CDS
33900,9667702,9667884,182,CDS
33901,9664077,9664244,167,CDS
33902,9663862,9664011,149,CDS
33903,9663621,9663790,169,CDS
33904,9663363,9663517,154,CDS
33905,9663166,9663276,110,CDS
33906,9662943,9663097,154,CDS
33907,9660642,9660805,163,CDS
33908,9643428,9643547,119,CDS
33909,9643208,9643341,133,CDS
33910,9643028,9643126,98,CDS
33911,9642823,9642957,134,CDS
33912,9642586,9642757,171,CDS
33913,9642408,9642513,105,CDS
33914,9642007,9642342,335,CDS
33915,9636255,9637833,1578,CDS
33916,9635681,9636187,506,CDS
33917,9634687,9635313,626,CDS
33918,9634022,9634069,47,CDS
33919,9632965,9633924,959,CDS
33920,9632658,9632903,245,CDS
33921,9632233,9632599,366,CDS
33922,9631989,9632170,181,CDS
33923,9678772,9678826,54,CDS
33924,9670111,9671708,1597,CDS
33925,9669709,9670049,340,CDS
33926,9668251,9669638,1387,CDS
33927,9667949,9668180,231,CDS
33928,9667702,9667884,182,CDS
33929,9664077,9664244,167,CDS
33930,9663862,9664011,149,CDS
33931,9663621,9663790,169,CDS
33932,9663363,9663517,154,CDS
33933,9663166,9663276,110,CDS
33934,9662943,9663097,154,CDS
33935,9660642,9660805,163,CDS
33936,9643428,9643547,119,CDS
33937,9643208,9643341,133,CDS
33938,9643028,9643126,98,CDS
33939,9642823,9642957,134,CDS
33940,9642586,9642757,171,CDS
33941,9642408,9642513,105,CDS
33942,9642007,9642342,335,CDS
33943,9636255,9637833,1578,CDS
33944,9635681,9636187,506,CDS
33945,9634687,9635313,626,CDS
33946,9634404,9634433,29,CDS
33947,9632965,9633924,959,CDS
33948,9632658,9632903,245,CDS
33949,9632233,9632599,366,CDS
33950,9631989,9632173,184,CDS
33951,9678772,9678826,54,CDS
33952,9670111,9671708,1597,CDS
33953,9669709,9670049,340,CDS
33954,9668251,9669638,1387,CDS
33955,9667949,9668180,231,CDS
33956,9667702,9667884,182,CDS
33957,9665556,9665699,143,CDS
33958,9664077,9664244,167,CDS
33959,9663862,9664011,149,CDS
33960,9663621,9663790,169,CDS
33961,9663363,9663517,154,CDS
33962,9663166,9663276,110,CDS
33963,9662943,9663097,154,CDS
33964,9660642,9660805,163,CDS
33965,9643428,9643547,119,CDS
33966,9643208,9643341,133,CDS
33967,9643028,9643126,98,CDS
33968,9642823,9642957,134,CDS
33969,9642586,9642757,171,CDS
33970,9642408,9642513,105,CDS
33971,9642007,9642342,335,CDS
33972,9636255,9637833,1578,CDS
33973,9635681,9636187,506,CDS
33974,9634687,9635313,626,CDS
33975,9632965,9633924,959,CDS
33976,9632658,9632903,245,CDS
33977,9632233,9632599,366,CDS
33978,9631989,9632170,181,CDS
33979,9678772,9678826,54,CDS
33980,9670111,9671708,1597,CDS
33981,9669709,9670049,340,CDS
33982,9668251,9669638,1387,CDS
33983,9667949,9668180,231,CDS
33984,9667702,9667884,182,CDS
33985,9665556,9665699,143,CDS
33986,9664077,9664244,167,CDS
33987,9663862,9664011,149,CDS
33988,9663621,9663790,169,CDS
33989,9663363,9663517,154,CDS
33990,9663166,9663276,110,CDS
33991,9662943,9663097,154,CDS
33992,9660642,9660805,163,CDS
33993,9643428,9643547,119,CDS
33994,9643208,9643341,133,CDS
33995,9643028,9643126,98,CDS
33996,9642823,9642957,134,CDS
33997,9642586,9642757,171,CDS
33998,9642408,9642513,105,CDS
33999,9642007,9642342,335,CDS
34000,9636255,9637833,1578,CDS
34001,9635681,9636187,506,CDS
34002,9634687,9635313,626,CDS
34003,9634022,9634069,47,CDS
34004,9632965,9633924,959,CDS
34005,9632658,9632903,245,CDS
34006,9632233,9632599,366,CDS
34007,9631989,9632173,184,CDS
34008,9678772,9678826,54,CDS
34009,9670111,9671708,1597,CDS
34010,9669709,9670049,340,CDS
34011,9668251,9669638,1387,CDS
34012,9667949,9668180,231,CDS
34013,9667702,9667884,182,CDS
34014,9665556,9665699,143,CDS
34015,9664077,9664244,167,CDS
34016,9663862,9664011,149,CDS
34017,9663621,9663790,169,CDS
34018,9663363,9663517,154,CDS
34019,9663166,9663276,110,CDS
34020,9662943,9663097,154,CDS
34021,9660642,9660805,163,CDS
34022,9643428,9643547,119,CDS
34023,9643208,9643341,133,CDS
34024,9643028,9643126,98,CDS
34025,9642823,9642957,134,CDS
34026,9642586,9642757,171,CDS
34027,9642408,9642513,105,CDS
34028,9642007,9642342,335,CDS
34029,9636255,9637833,1578,CDS
34030,9635681,9636187,506,CDS
34031,9634687,9635313,626,CDS
34032,9634404,9634433,29,CDS
34033,9632965,9633924,959,CDS
34034,9632658,9632903,245,CDS
34035,9632233,9632599,366,CDS
34036,9631989,9632173,184,CDS
34037,9674801,9674840,39,CDS
34038,9670111,9671708,1597,CDS
34039,9669709,9670049,340,CDS
34040,9668251,9669638,1387,CDS
34041,9667949,9668180,231,CDS
34042,9667702,9667884,182,CDS
34043,9664077,9664244,167,CDS
34044,9663862,9664011,149,CDS
34045,9663621,9663790,169,CDS
34046,9663363,9663517,154,CDS
34047,9663166,9663276,110,CDS
34048,9662943,9663097,154,CDS
34049,9660642,9660805,163,CDS
34050,9643428,9643547,119,CDS
34051,9643208,9643341,133,CDS
34052,9643028,9643126,98,CDS
34053,9642823,9642957,134,CDS
34054,9642586,9642757,171,CDS
34055,9642408,9642513,105,CDS
34056,9642007,9642342,335,CDS
34057,9636255,9637833,1578,CDS
34058,9635681,9636187,506,CDS
34059,9634687,9635313,626,CDS
34060,9632965,9633924,959,CDS
34061,9632658,9632903,245,CDS
34062,9632233,9632599,366,CDS
34063,9631989,9632170,181,CDS
34064,9674801,9674840,39,CDS
34065,9670111,9671708,1597,CDS
34066,9669709,9670049,340,CDS
34067,9668251,9669638,1387,CDS
34068,9667949,9668180,231,CDS
34069,9667702,9667884,182,CDS
34070,9665556,9665699,143,CDS
34071,9664077,9664244,167,CDS
34072,9663862,9664011,149,CDS
34073,9663621,9663790,169,CDS
34074,9663363,9663517,154,CDS
34075,9663166,9663276,110,CDS
34076,9662943,9663097,154,CDS
34077,9660642,9660805,163,CDS
34078,9643428,9643547,119,CDS
34079,9643208,9643341,133,CDS
34080,9643028,9643126,98,CDS
34081,9642823,9642957,134,CDS
34082,9642586,9642757,171,CDS
34083,9642408,9642513,105,CDS
34084,9642007,9642342,335,CDS
34085,9636255,9637833,1578,CDS
34086,9635681,9636187,506,CDS
34087,9634687,9635313,626,CDS
34088,9634404,9634433,29,CDS
34089,9632965,9633924,959,CDS
34090,9632658,9632903,245,CDS
34091,9632233,9632599,366,CDS
34092,9631989,9632173,184,CDS
34093,9638112,9639021,909,gene
34094,9638112,9639021,909,mRNA
34095,9638127,9638906,779,CDS
34096,9639271,9640140,869,gene
34097,9639271,9640140,869,mRNA
34098,9639289,9640095,806,CDS
34099,9641013,9641913,900,gene
34100,9641013,9641913,900,mRNA
34101,9641032,9641826,794,CDS
34102,9644109,9659433,15324,gene
34103,9644109,9645486,1377,mRNA
34104,9650344,9650486,142,mRNA
34105,9650980,9651218,238,mRNA
34106,9651606,9651727,121,mRNA
34107,9653485,9653603,118,mRNA
34108,9653723,9653793,70,mRNA
34109,9658802,9659433,631,mRNA
34110,9644836,9645486,650,CDS
34111,9650344,9650486,142,CDS
34112,9650980,9651218,238,CDS
34113,9651606,9651727,121,CDS
34114,9653485,9653603,118,CDS
34115,9653723,9653793,70,CDS
34116,9658802,9658899,97,CDS
34117,9679201,9681060,1859,gene
34118,9679201,9679466,265,mRNA
34119,9679900,9681060,1160,mRNA
34120,9679908,9680810,902,CDS
34121,9681268,9683370,2102,gene
34122,9681268,9681416,148,mRNA
34123,9681903,9683370,1467,mRNA
34124,9681414,9681416,2,CDS
34125,9681903,9683288,1385,CDS
34126,9683579,9696700,13121,gene
34127,9696539,9696700,161,mRNA
34128,9694233,9694458,225,mRNA
34129,9689265,9689448,183,mRNA
34130,9686365,9686463,98,mRNA
34131,9684921,9685045,124,mRNA
34132,9684522,9684855,333,mRNA
34133,9683579,9684458,879,mRNA
34134,9696539,9696700,161,mRNA
34135,9694233,9694458,225,mRNA
34136,9689265,9689448,183,mRNA
34137,9686365,9686475,110,mRNA
34138,9684921,9685045,124,mRNA
34139,9684522,9684855,333,mRNA
34140,9683579,9684458,879,mRNA
34141,9696539,9696700,161,mRNA
34142,9694233,9694458,225,mRNA
34143,9689265,9689448,183,mRNA
34144,9688531,9688599,68,mRNA
34145,9686365,9686463,98,mRNA
34146,9684921,9685045,124,mRNA
34147,9684522,9684855,333,mRNA
34148,9683579,9684458,879,mRNA
34149,9695196,9695441,245,mRNA
34150,9694233,9694458,225,mRNA
34151,9689265,9689448,183,mRNA
34152,9686365,9686475,110,mRNA
34153,9684921,9685045,124,mRNA
34154,9684522,9684855,333,mRNA
34155,9683579,9684458,879,mRNA
34156,9695196,9695441,245,mRNA
34157,9694233,9694458,225,mRNA
34158,9689265,9689448,183,mRNA
34159,9687230,9687253,23,mRNA
34160,9686365,9686463,98,mRNA
34161,9684921,9685045,124,mRNA
34162,9684522,9684855,333,mRNA
34163,9683579,9684458,879,mRNA
34164,9695196,9695441,245,mRNA
34165,9694233,9694458,225,mRNA
34166,9689265,9689448,183,mRNA
34167,9688531,9688599,68,mRNA
34168,9686365,9686463,98,mRNA
34169,9684921,9685045,124,mRNA
34170,9684522,9684855,333,mRNA
34171,9683579,9684458,879,mRNA
34172,9694233,9694457,224,mRNA
34173,9689265,9689448,183,mRNA
34174,9686365,9686463,98,mRNA
34175,9684921,9685045,124,mRNA
34176,9684522,9684855,333,mRNA
34177,9683579,9684458,879,mRNA
34178,9694233,9694457,224,mRNA
34179,9689265,9689448,183,mRNA
34180,9686365,9686475,110,mRNA
34181,9684921,9685045,124,mRNA
34182,9684522,9684855,333,mRNA
34183,9683579,9684458,879,mRNA
34184,9694233,9694457,224,mRNA
34185,9689265,9689448,183,mRNA
34186,9688531,9688599,68,mRNA
34187,9686365,9686463,98,mRNA
34188,9684921,9685045,124,mRNA
34189,9684522,9684855,333,mRNA
34190,9683579,9684458,879,mRNA
34191,9695196,9695232,36,CDS
34192,9694233,9694458,225,CDS
34193,9689265,9689448,183,CDS
34194,9686365,9686475,110,CDS
34195,9684921,9685045,124,CDS
34196,9684522,9684855,333,CDS
34197,9684366,9684458,92,CDS
34198,9695196,9695232,36,CDS
34199,9694233,9694458,225,CDS
34200,9689265,9689448,183,CDS
34201,9687230,9687253,23,CDS
34202,9686365,9686463,98,CDS
34203,9684921,9685045,124,CDS
34204,9684522,9684855,333,CDS
34205,9684366,9684458,92,CDS
34206,9695196,9695232,36,CDS
34207,9694233,9694458,225,CDS
34208,9689265,9689448,183,CDS
34209,9688531,9688599,68,CDS
34210,9686365,9686463,98,CDS
34211,9684921,9685045,124,CDS
34212,9684522,9684855,333,CDS
34213,9684366,9684458,92,CDS
34214,9694233,9694450,217,CDS
34215,9689265,9689448,183,CDS
34216,9686365,9686463,98,CDS
34217,9684921,9685045,124,CDS
34218,9684522,9684855,333,CDS
34219,9684366,9684458,92,CDS
34220,9694233,9694450,217,CDS
34221,9689265,9689448,183,CDS
34222,9686365,9686463,98,CDS
34223,9684921,9685045,124,CDS
34224,9684522,9684855,333,CDS
34225,9684366,9684458,92,CDS
34226,9694233,9694450,217,CDS
34227,9689265,9689448,183,CDS
34228,9686365,9686475,110,CDS
34229,9684921,9685045,124,CDS
34230,9684522,9684855,333,CDS
34231,9684366,9684458,92,CDS
34232,9694233,9694450,217,CDS
34233,9689265,9689448,183,CDS
34234,9686365,9686475,110,CDS
34235,9684921,9685045,124,CDS
34236,9684522,9684855,333,CDS
34237,9684366,9684458,92,CDS
34238,9694233,9694450,217,CDS
34239,9689265,9689448,183,CDS
34240,9688531,9688599,68,CDS
34241,9686365,9686463,98,CDS
34242,9684921,9685045,124,CDS
34243,9684522,9684855,333,CDS
34244,9684366,9684458,92,CDS
34245,9694233,9694450,217,CDS
34246,9689265,9689448,183,CDS
34247,9688531,9688599,68,CDS
34248,9686365,9686463,98,CDS
34249,9684921,9685045,124,CDS
34250,9684522,9684855,333,CDS
34251,9684366,9684458,92,CDS
34252,9685171,9686250,1079,gene
34253,9685171,9686250,1079,mRNA
34254,9685255,9686070,815,CDS
34255,9693821,9694705,884,gene
34256,9693821,9694705,884,ncRNA
34257,9695043,9695650,607,gene
34258,9695043,9695272,229,ncRNA
34259,9695326,9695650,324,ncRNA
34260,9698336,9700481,2145,gene
34261,9698336,9698755,419,mRNA
34262,9698966,9699118,152,mRNA
34263,9699346,9700481,1135,mRNA
34264,9698336,9698755,419,mRNA
34265,9698966,9699118,152,mRNA
34266,9699346,9700245,899,mRNA
34267,9698336,9698755,419,mRNA
34268,9698966,9699118,152,mRNA
34269,9699346,9699879,533,mRNA
34270,9698693,9698755,62,CDS
34271,9698966,9699118,152,CDS
34272,9699346,9699729,383,CDS
34273,9698693,9698755,62,CDS
34274,9698966,9699118,152,CDS
34275,9699346,9699729,383,CDS
34276,9698693,9698755,62,CDS
34277,9698966,9699118,152,CDS
34278,9699346,9699729,383,CDS
34279,9700517,9703595,3078,gene
34280,9702682,9703595,913,mRNA
34281,9701691,9702630,939,mRNA
34282,9701393,9701630,237,mRNA
34283,9701114,9701339,225,mRNA
34284,9700517,9701052,535,mRNA
34285,9702682,9703470,788,mRNA
34286,9701691,9702630,939,mRNA
34287,9701393,9701630,237,mRNA
34288,9701114,9701339,225,mRNA
34289,9700517,9701052,535,mRNA
34290,9702682,9703595,913,CDS
34291,9701691,9702630,939,CDS
34292,9701393,9701630,237,CDS
34293,9701114,9701339,225,CDS
34294,9700701,9701052,351,CDS
34295,9702682,9703430,748,CDS
34296,9701691,9702630,939,CDS
34297,9701393,9701630,237,CDS
34298,9701114,9701339,225,CDS
34299,9700701,9701052,351,CDS
34300,9704331,9710329,5998,gene
34301,9704331,9708468,4137,mRNA
34302,9708538,9710329,1791,mRNA
34303,9704331,9708468,4137,mRNA
34304,9708538,9709709,1171,mRNA
34305,9704771,9708468,3697,CDS
34306,9708538,9709333,795,CDS
34307,9704771,9708468,3697,CDS
34308,9708538,9708601,63,CDS
34309,9710422,9713827,3405,gene
34310,9712933,9713827,894,mRNA
34311,9711500,9712152,652,mRNA
34312,9710422,9711019,597,mRNA
34313,9712933,9713685,752,CDS
34314,9711500,9712152,652,CDS
34315,9710728,9711019,291,CDS
34316,9714324,9717716,3392,gene
34317,9714324,9714623,299,mRNA
34318,9715744,9717716,1972,mRNA
34319,9714324,9714623,299,mRNA
34320,9715747,9717716,1969,mRNA
34321,9714324,9714399,75,mRNA
34322,9714506,9714623,117,mRNA
34323,9715744,9717716,1972,mRNA
34324,9714324,9714399,75,mRNA
34325,9714506,9714623,117,mRNA
34326,9715747,9717716,1969,mRNA
34327,9714324,9714399,75,mRNA
34328,9714506,9714623,117,mRNA
34329,9715747,9717716,1969,mRNA
34330,9714551,9714623,72,CDS
34331,9715747,9716462,715,CDS
34332,9714551,9714623,72,CDS
34333,9715744,9716222,478,CDS
34334,9714551,9714623,72,CDS
34335,9715744,9716222,478,CDS
34336,9714551,9714623,72,CDS
34337,9715747,9716222,475,CDS
34338,9714551,9714623,72,CDS
34339,9715747,9716222,475,CDS
34340,9716803,9716875,72,gene
34341,9716803,9716875,72,ncRNA
34342,9717786,9719144,1358,gene
34343,9719116,9719144,28,mRNA
34344,9717786,9719066,1280,mRNA
34345,9717786,9719063,1277,mRNA
34346,9717859,9718983,1124,CDS
34347,9717859,9718983,1124,CDS
34348,9719328,9720464,1136,gene
34349,9719328,9719421,93,mRNA
34350,9719486,9720464,978,mRNA
34351,9719340,9719421,81,CDS
34352,9719486,9720447,961,CDS
34353,9720414,9723194,2780,gene
34354,9723105,9723194,89,mRNA
34355,9722224,9723039,815,mRNA
34356,9720626,9722160,1534,mRNA
34357,9720414,9720565,151,mRNA
34358,9723105,9723194,89,mRNA
34359,9722218,9723039,821,mRNA
34360,9720626,9722160,1534,mRNA
34361,9720414,9720565,151,mRNA
34362,9723105,9723123,18,CDS
34363,9722224,9723039,815,CDS
34364,9720626,9722160,1534,CDS
34365,9720485,9720565,80,CDS
34366,9723105,9723123,18,CDS
34367,9722218,9723039,821,CDS
34368,9720626,9722160,1534,CDS
34369,9720485,9720565,80,CDS
34370,9723423,9726706,3283,gene
34371,9723423,9725011,1588,mRNA
34372,9725069,9726706,1637,mRNA
34373,9723542,9725011,1469,CDS
34374,9725069,9726604,1535,CDS
34375,9726895,9729650,2755,gene
34376,9726895,9727569,674,mRNA
34377,9727787,9727907,120,mRNA
34378,9727985,9728433,448,mRNA
34379,9728504,9728614,110,mRNA
34380,9728713,9729650,937,mRNA
34381,9726895,9727569,674,mRNA
34382,9727787,9727907,120,mRNA
34383,9727985,9728149,164,mRNA
34384,9728213,9728433,220,mRNA
34385,9728504,9728614,110,mRNA
34386,9728713,9729650,937,mRNA
34387,9726895,9727569,674,mRNA
34388,9727787,9727907,120,mRNA
34389,9727985,9728149,164,mRNA
34390,9728213,9728433,220,mRNA
34391,9728504,9728699,195,mRNA
34392,9727553,9727569,16,CDS
34393,9727787,9727907,120,CDS
34394,9727985,9728433,448,CDS
34395,9728504,9728614,110,CDS
34396,9728713,9728845,132,CDS
34397,9727553,9727569,16,CDS
34398,9727787,9727907,120,CDS
34399,9727985,9728149,164,CDS
34400,9728213,9728433,220,CDS
34401,9728504,9728614,110,CDS
34402,9728713,9728845,132,CDS
34403,9727553,9727569,16,CDS
34404,9727787,9727907,120,CDS
34405,9727985,9728149,164,CDS
34406,9728213,9728433,220,CDS
34407,9728504,9728699,195,CDS
34408,9729999,9731224,1225,gene
34409,9729999,9730095,96,mRNA
34410,9730312,9730640,328,mRNA
34411,9730733,9731224,491,mRNA
34412,9730068,9730095,27,CDS
34413,9730312,9730640,328,CDS
34414,9730733,9731107,374,CDS
34415,9731238,9733807,2569,gene
34416,9733586,9733807,221,mRNA
34417,9732938,9733344,406,mRNA
34418,9731238,9732442,1204,mRNA
34419,9733586,9733802,216,CDS
34420,9732938,9733344,406,CDS
34421,9731408,9732442,1034,CDS
34422,9733659,9733780,121,gene
34423,9733659,9733780,121,precursor_RNA
34424,9733691,9733711,20,ncRNA
34425,9733728,9733750,22,ncRNA
34426,9734012,9760395,26383,gene
34427,9760109,9760395,286,mRNA
34428,9752876,9753433,557,mRNA
34429,9750053,9750299,246,mRNA
34430,9749518,9749766,248,mRNA
34431,9749195,9749438,243,mRNA
34432,9748126,9749075,949,mRNA
34433,9747135,9748068,933,mRNA
34434,9738893,9739313,420,mRNA
34435,9738383,9738415,32,mRNA
34436,9738111,9738278,167,mRNA
34437,9737129,9737281,152,mRNA
34438,9736928,9736965,37,mRNA
34439,9734012,9735289,1277,mRNA
34440,9759948,9760395,447,mRNA
34441,9752876,9753433,557,mRNA
34442,9750053,9750299,246,mRNA
34443,9749518,9749766,248,mRNA
34444,9749195,9749438,243,mRNA
34445,9748126,9749075,949,mRNA
34446,9747135,9748068,933,mRNA
34447,9738893,9739313,420,mRNA
34448,9738126,9738278,152,mRNA
34449,9737129,9737281,152,mRNA
34450,9736928,9736965,37,mRNA
34451,9734012,9735289,1277,mRNA
34452,9750892,9751576,684,mRNA
34453,9750053,9750299,246,mRNA
34454,9749518,9749766,248,mRNA
34455,9749195,9749438,243,mRNA
34456,9748126,9749075,949,mRNA
34457,9747135,9748068,933,mRNA
34458,9738893,9739313,420,mRNA
34459,9738126,9738278,152,mRNA
34460,9737129,9737281,152,mRNA
34461,9736928,9736965,37,mRNA
34462,9735971,9735992,21,mRNA
34463,9735672,9735680,8,mRNA
34464,9734012,9735289,1277,mRNA
34465,9750892,9751576,684,mRNA
34466,9750053,9750299,246,mRNA
34467,9749518,9749766,248,mRNA
34468,9749195,9749438,243,mRNA
34469,9748126,9749075,949,mRNA
34470,9747135,9748068,933,mRNA
34471,9738893,9739313,420,mRNA
34472,9738111,9738278,167,mRNA
34473,9737129,9737281,152,mRNA
34474,9734012,9735289,1277,mRNA
34475,9750892,9751576,684,mRNA
34476,9750053,9750299,246,mRNA
34477,9749518,9749766,248,mRNA
34478,9749195,9749438,243,mRNA
34479,9748126,9749075,949,mRNA
34480,9747135,9748068,933,mRNA
34481,9738893,9739313,420,mRNA
34482,9738111,9738278,167,mRNA
34483,9737129,9737281,152,mRNA
34484,9736928,9736965,37,mRNA
34485,9734012,9735289,1277,mRNA
34486,9750892,9751576,684,mRNA
34487,9750053,9750299,246,mRNA
34488,9749518,9749766,248,mRNA
34489,9749195,9749438,243,mRNA
34490,9748126,9749075,949,mRNA
34491,9747135,9748068,933,mRNA
34492,9738893,9739313,420,mRNA
34493,9738383,9738415,32,mRNA
34494,9738126,9738278,152,mRNA
34495,9737129,9737281,152,mRNA
34496,9736928,9736965,37,mRNA
34497,9734012,9735289,1277,mRNA
34498,9743510,9744087,577,mRNA
34499,9738893,9739313,420,mRNA
34500,9738111,9738278,167,mRNA
34501,9737129,9737281,152,mRNA
34502,9736928,9736965,37,mRNA
34503,9734012,9735289,1277,mRNA
34504,9739409,9739611,202,mRNA
34505,9738893,9739313,420,mRNA
34506,9738111,9738278,167,mRNA
34507,9737129,9737281,152,mRNA
34508,9736928,9736965,37,mRNA
34509,9734012,9735289,1277,mRNA
34510,9752876,9753376,500,CDS
34511,9750053,9750299,246,CDS
34512,9749518,9749766,248,CDS
34513,9749195,9749438,243,CDS
34514,9748126,9749075,949,CDS
34515,9747135,9748068,933,CDS
34516,9738893,9739313,420,CDS
34517,9738126,9738278,152,CDS
34518,9737129,9737281,152,CDS
34519,9736928,9736965,37,CDS
34520,9734746,9735289,543,CDS
34521,9752876,9753376,500,CDS
34522,9750053,9750299,246,CDS
34523,9749518,9749766,248,CDS
34524,9749195,9749438,243,CDS
34525,9748126,9749075,949,CDS
34526,9747135,9748068,933,CDS
34527,9738893,9739313,420,CDS
34528,9738383,9738415,32,CDS
34529,9738111,9738278,167,CDS
34530,9737129,9737281,152,CDS
34531,9736928,9736965,37,CDS
34532,9734746,9735289,543,CDS
34533,9750892,9751122,230,CDS
34534,9750053,9750299,246,CDS
34535,9749518,9749766,248,CDS
34536,9749195,9749438,243,CDS
34537,9748126,9749075,949,CDS
34538,9747135,9748068,933,CDS
34539,9738893,9739313,420,CDS
34540,9738111,9738278,167,CDS
34541,9737129,9737281,152,CDS
34542,9736928,9736965,37,CDS
34543,9734746,9735289,543,CDS
34544,9750892,9751122,230,CDS
34545,9750053,9750299,246,CDS
34546,9749518,9749766,248,CDS
34547,9749195,9749438,243,CDS
34548,9748126,9749075,949,CDS
34549,9747135,9748068,933,CDS
34550,9738893,9739313,420,CDS
34551,9738383,9738415,32,CDS
34552,9738126,9738278,152,CDS
34553,9737129,9737281,152,CDS
34554,9736928,9736965,37,CDS
34555,9734746,9735289,543,CDS
34556,9738893,9738985,92,CDS
34557,9738111,9738278,167,CDS
34558,9737129,9737281,152,CDS
34559,9736928,9736965,37,CDS
34560,9734746,9735289,543,CDS
34561,9738893,9738985,92,CDS
34562,9738111,9738278,167,CDS
34563,9737129,9737281,152,CDS
34564,9736928,9736965,37,CDS
34565,9734746,9735289,543,CDS
34566,9750892,9751122,230,CDS
34567,9750053,9750299,246,CDS
34568,9749518,9749766,248,CDS
34569,9749195,9749438,243,CDS
34570,9748126,9749075,949,CDS
34571,9747135,9748068,933,CDS
34572,9738893,9739313,420,CDS
34573,9738126,9738278,152,CDS
34574,9737129,9737281,152,CDS
34575,9736928,9736965,37,CDS
34576,9735971,9735992,21,CDS
34577,9735672,9735680,8,CDS
34578,9735284,9735289,5,CDS
34579,9750892,9751122,230,CDS
34580,9750053,9750299,246,CDS
34581,9749518,9749766,248,CDS
34582,9749195,9749438,243,CDS
34583,9748126,9749075,949,CDS
34584,9747135,9748068,933,CDS
34585,9738893,9739313,420,CDS
34586,9738111,9738278,167,CDS
34587,9737129,9737281,152,CDS
34588,9735284,9735289,5,CDS
34589,9741403,9744403,3000,gene
34590,9741403,9741569,166,ncRNA
34591,9744027,9744403,376,ncRNA
34592,9760900,9761354,454,gene
34593,9760900,9761354,454,ncRNA
34594,9763544,9786466,22922,gene
34595,9763544,9764193,649,mRNA
34596,9771655,9771919,264,mRNA
34597,9779446,9779593,147,mRNA
34598,9779652,9779907,255,mRNA
34599,9780123,9780252,129,mRNA
34600,9780407,9780433,26,mRNA
34601,9780536,9780697,161,mRNA
34602,9780766,9781008,242,mRNA
34603,9781078,9781218,140,mRNA
34604,9782609,9782803,194,mRNA
34605,9782874,9784627,1753,mRNA
34606,9784697,9784891,194,mRNA
34607,9784952,9785180,228,mRNA
34608,9785242,9786466,1224,mRNA
34609,9763544,9764061,517,mRNA
34610,9771797,9771919,122,mRNA
34611,9779446,9779593,147,mRNA
34612,9779652,9779907,255,mRNA
34613,9780123,9780252,129,mRNA
34614,9780536,9780697,161,mRNA
34615,9780766,9781008,242,mRNA
34616,9781078,9781218,140,mRNA
34617,9782609,9782803,194,mRNA
34618,9782874,9784627,1753,mRNA
34619,9784697,9784891,194,mRNA
34620,9784952,9785180,228,mRNA
34621,9785242,9786466,1224,mRNA
34622,9763544,9763699,155,mRNA
34623,9771655,9771919,264,mRNA
34624,9779551,9779593,42,mRNA
34625,9779652,9779907,255,mRNA
34626,9780123,9780252,129,mRNA
34627,9780536,9780697,161,mRNA
34628,9780766,9781008,242,mRNA
34629,9781078,9781218,140,mRNA
34630,9782609,9782803,194,mRNA
34631,9782874,9784627,1753,mRNA
34632,9784697,9784891,194,mRNA
34633,9784952,9785180,228,mRNA
34634,9785242,9786466,1224,mRNA
34635,9763544,9764193,649,mRNA
34636,9765609,9765803,194,mRNA
34637,9771655,9771919,264,mRNA
34638,9779446,9779593,147,mRNA
34639,9779652,9779907,255,mRNA
34640,9780123,9780252,129,mRNA
34641,9780536,9780697,161,mRNA
34642,9780766,9781008,242,mRNA
34643,9781078,9781218,140,mRNA
34644,9781703,9781903,200,mRNA
34645,9782609,9782803,194,mRNA
34646,9782874,9784627,1753,mRNA
34647,9784697,9784891,194,mRNA
34648,9784952,9785180,228,mRNA
34649,9785242,9786236,994,mRNA
34650,9763544,9763699,155,mRNA
34651,9771655,9771919,264,mRNA
34652,9779446,9779593,147,mRNA
34653,9779652,9779907,255,mRNA
34654,9780123,9780252,129,mRNA
34655,9780536,9780697,161,mRNA
34656,9780766,9781008,242,mRNA
34657,9781078,9781218,140,mRNA
34658,9782609,9782803,194,mRNA
34659,9782874,9784627,1753,mRNA
34660,9784697,9784891,194,mRNA
34661,9784952,9785180,228,mRNA
34662,9785242,9786236,994,mRNA
34663,9763544,9763699,155,mRNA
34664,9771655,9771919,264,mRNA
34665,9779551,9779593,42,mRNA
34666,9779652,9779907,255,mRNA
34667,9780123,9780252,129,mRNA
34668,9780536,9780697,161,mRNA
34669,9780766,9781008,242,mRNA
34670,9781078,9781218,140,mRNA
34671,9781703,9781903,200,mRNA
34672,9782609,9782803,194,mRNA
34673,9782874,9784627,1753,mRNA
34674,9784697,9784891,194,mRNA
34675,9784952,9785180,228,mRNA
34676,9785242,9786236,994,mRNA
34677,9763544,9763665,121,mRNA
34678,9763986,9764193,207,mRNA
34679,9771655,9771919,264,mRNA
34680,9779446,9779593,147,mRNA
34681,9779652,9779907,255,mRNA
34682,9780123,9780252,129,mRNA
34683,9780536,9780697,161,mRNA
34684,9780766,9781008,242,mRNA
34685,9781078,9781218,140,mRNA
34686,9782609,9782803,194,mRNA
34687,9782874,9784627,1753,mRNA
34688,9784697,9784891,194,mRNA
34689,9784952,9785180,228,mRNA
34690,9785242,9786236,994,mRNA
34691,9763544,9764193,649,mRNA
34692,9771655,9771919,264,mRNA
34693,9779446,9779593,147,mRNA
34694,9779652,9779907,255,mRNA
34695,9780123,9780252,129,mRNA
34696,9780536,9780697,161,mRNA
34697,9780766,9781008,242,mRNA
34698,9781078,9781218,140,mRNA
34699,9782609,9782803,194,mRNA
34700,9782874,9784627,1753,mRNA
34701,9784697,9784891,194,mRNA
34702,9784952,9785180,228,mRNA
34703,9785242,9785388,146,mRNA
34704,9770274,9770503,229,mRNA
34705,9771655,9771919,264,mRNA
34706,9779446,9779593,147,mRNA
34707,9779652,9779907,255,mRNA
34708,9780123,9780252,129,mRNA
34709,9780536,9780697,161,mRNA
34710,9780766,9781008,242,mRNA
34711,9781078,9781218,140,mRNA
34712,9782609,9782803,194,mRNA
34713,9782874,9784627,1753,mRNA
34714,9784697,9784891,194,mRNA
34715,9784952,9785180,228,mRNA
34716,9785242,9786466,1224,mRNA
34717,9770274,9770503,229,mRNA
34718,9771655,9771919,264,mRNA
34719,9779446,9779593,147,mRNA
34720,9779652,9779907,255,mRNA
34721,9780123,9780252,129,mRNA
34722,9780536,9780697,161,mRNA
34723,9780766,9781008,242,mRNA
34724,9781078,9781218,140,mRNA
34725,9781703,9781903,200,mRNA
34726,9782609,9782803,194,mRNA
34727,9782874,9784627,1753,mRNA
34728,9784697,9784891,194,mRNA
34729,9784952,9785180,228,mRNA
34730,9785242,9786236,994,mRNA
34731,9771842,9771919,77,CDS
34732,9779446,9779593,147,CDS
34733,9779652,9779907,255,CDS
34734,9780123,9780252,129,CDS
34735,9780407,9780433,26,CDS
34736,9780536,9780697,161,CDS
34737,9780766,9781008,242,CDS
34738,9781078,9781218,140,CDS
34739,9782609,9782803,194,CDS
34740,9782874,9784627,1753,CDS
34741,9784697,9784891,194,CDS
34742,9784952,9785180,228,CDS
34743,9785242,9785316,74,CDS
34744,9771842,9771919,77,CDS
34745,9779446,9779593,147,CDS
34746,9779652,9779907,255,CDS
34747,9780123,9780252,129,CDS
34748,9780536,9780697,161,CDS
34749,9780766,9781008,242,CDS
34750,9781078,9781218,140,CDS
34751,9781703,9781903,200,CDS
34752,9782609,9782803,194,CDS
34753,9782874,9784627,1753,CDS
34754,9784697,9784891,194,CDS
34755,9784952,9785180,228,CDS
34756,9785242,9785316,74,CDS
34757,9771842,9771919,77,CDS
34758,9779446,9779593,147,CDS
34759,9779652,9779907,255,CDS
34760,9780123,9780252,129,CDS
34761,9780536,9780697,161,CDS
34762,9780766,9781008,242,CDS
34763,9781078,9781218,140,CDS
34764,9781703,9781903,200,CDS
34765,9782609,9782803,194,CDS
34766,9782874,9784627,1753,CDS
34767,9784697,9784891,194,CDS
34768,9784952,9785180,228,CDS
34769,9785242,9785316,74,CDS
34770,9771842,9771919,77,CDS
34771,9779446,9779593,147,CDS
34772,9779652,9779907,255,CDS
34773,9780123,9780252,129,CDS
34774,9780536,9780697,161,CDS
34775,9780766,9781008,242,CDS
34776,9781078,9781218,140,CDS
34777,9782609,9782803,194,CDS
34778,9782874,9784627,1753,CDS
34779,9784697,9784891,194,CDS
34780,9784952,9785180,228,CDS
34781,9785242,9785316,74,CDS
34782,9771842,9771919,77,CDS
34783,9779446,9779593,147,CDS
34784,9779652,9779907,255,CDS
34785,9780123,9780252,129,CDS
34786,9780536,9780697,161,CDS
34787,9780766,9781008,242,CDS
34788,9781078,9781218,140,CDS
34789,9782609,9782803,194,CDS
34790,9782874,9784627,1753,CDS
34791,9784697,9784891,194,CDS
34792,9784952,9785180,228,CDS
34793,9785242,9785316,74,CDS
34794,9771842,9771919,77,CDS
34795,9779446,9779593,147,CDS
34796,9779652,9779907,255,CDS
34797,9780123,9780252,129,CDS
34798,9780536,9780697,161,CDS
34799,9780766,9781008,242,CDS
34800,9781078,9781218,140,CDS
34801,9782609,9782803,194,CDS
34802,9782874,9784627,1753,CDS
34803,9784697,9784891,194,CDS
34804,9784952,9785180,228,CDS
34805,9785242,9785316,74,CDS
34806,9771842,9771919,77,CDS
34807,9779446,9779593,147,CDS
34808,9779652,9779907,255,CDS
34809,9780123,9780252,129,CDS
34810,9780536,9780697,161,CDS
34811,9780766,9781008,242,CDS
34812,9781078,9781218,140,CDS
34813,9782609,9782803,194,CDS
34814,9782874,9784627,1753,CDS
34815,9784697,9784891,194,CDS
34816,9784952,9785180,228,CDS
34817,9785242,9785316,74,CDS
34818,9771842,9771919,77,CDS
34819,9779446,9779593,147,CDS
34820,9779652,9779907,255,CDS
34821,9780123,9780252,129,CDS
34822,9780536,9780697,161,CDS
34823,9780766,9781008,242,CDS
34824,9781078,9781218,140,CDS
34825,9782609,9782803,194,CDS
34826,9782874,9784627,1753,CDS
34827,9784697,9784891,194,CDS
34828,9784952,9785180,228,CDS
34829,9785242,9785316,74,CDS
34830,9771842,9771919,77,CDS
34831,9779551,9779593,42,CDS
34832,9779652,9779907,255,CDS
34833,9780123,9780252,129,CDS
34834,9780536,9780697,161,CDS
34835,9780766,9781008,242,CDS
34836,9781078,9781218,140,CDS
34837,9781703,9781903,200,CDS
34838,9782609,9782803,194,CDS
34839,9782874,9784627,1753,CDS
34840,9784697,9784891,194,CDS
34841,9784952,9785180,228,CDS
34842,9785242,9785316,74,CDS
34843,9771842,9771919,77,CDS
34844,9779551,9779593,42,CDS
34845,9779652,9779907,255,CDS
34846,9780123,9780252,129,CDS
34847,9780536,9780697,161,CDS
34848,9780766,9781008,242,CDS
34849,9781078,9781218,140,CDS
34850,9782609,9782803,194,CDS
34851,9782874,9784627,1753,CDS
34852,9784697,9784891,194,CDS
34853,9784952,9785180,228,CDS
34854,9785242,9785316,74,CDS
34855,9774270,9774489,219,mRNA
34856,9779446,9779593,147,mRNA
34857,9779652,9779907,255,mRNA
34858,9780123,9780252,129,mRNA
34859,9780536,9780697,161,mRNA
34860,9780766,9781008,242,mRNA
34861,9781078,9781218,140,mRNA
34862,9781703,9781903,200,mRNA
34863,9782609,9782803,194,mRNA
34864,9782874,9784627,1753,mRNA
34865,9784697,9784891,194,mRNA
34866,9784952,9785180,228,mRNA
34867,9785242,9786466,1224,mRNA
34868,9774270,9774489,219,mRNA
34869,9779446,9779593,147,mRNA
34870,9779652,9779907,255,mRNA
34871,9780123,9780252,129,mRNA
34872,9780536,9780697,161,mRNA
34873,9780766,9781008,242,mRNA
34874,9781078,9781218,140,mRNA
34875,9782609,9782803,194,mRNA
34876,9782874,9784627,1753,mRNA
34877,9784697,9784891,194,mRNA
34878,9784952,9785180,228,mRNA
34879,9785242,9786236,994,mRNA
34880,9774270,9774489,219,mRNA
34881,9779446,9779593,147,mRNA
34882,9779652,9779907,255,mRNA
34883,9780123,9780252,129,mRNA
34884,9780536,9780697,161,mRNA
34885,9780766,9781008,242,mRNA
34886,9781078,9781368,290,mRNA
34887,9779488,9779593,105,CDS
34888,9779652,9779907,255,CDS
34889,9780123,9780252,129,CDS
34890,9780536,9780697,161,CDS
34891,9780766,9781008,242,CDS
34892,9781078,9781218,140,CDS
34893,9781703,9781903,200,CDS
34894,9782609,9782803,194,CDS
34895,9782874,9784627,1753,CDS
34896,9784697,9784891,194,CDS
34897,9784952,9785180,228,CDS
34898,9785242,9785316,74,CDS
34899,9779488,9779593,105,CDS
34900,9779652,9779907,255,CDS
34901,9780123,9780252,129,CDS
34902,9780536,9780697,161,CDS
34903,9780766,9781008,242,CDS
34904,9781078,9781218,140,CDS
34905,9782609,9782803,194,CDS
34906,9782874,9784627,1753,CDS
34907,9784697,9784891,194,CDS
34908,9784952,9785180,228,CDS
34909,9785242,9785316,74,CDS
34910,9779488,9779593,105,CDS
34911,9779652,9779907,255,CDS
34912,9780123,9780252,129,CDS
34913,9780536,9780697,161,CDS
34914,9780766,9781008,242,CDS
34915,9781078,9781296,218,CDS
34916,9787046,9808713,21667,gene
34917,9787046,9787243,197,mRNA
34918,9799057,9799246,189,mRNA
34919,9804688,9805385,697,mRNA
34920,9805903,9806095,192,mRNA
34921,9806281,9806572,291,mRNA
34922,9807720,9808713,993,mRNA
34923,9787046,9787232,186,mRNA
34924,9799057,9799246,189,mRNA
34925,9804688,9805385,697,mRNA
34926,9805903,9806095,192,mRNA
34927,9806281,9806572,291,mRNA
34928,9807720,9808713,993,mRNA
34929,9787933,9797687,9754,gene
34930,9797428,9797687,259,mRNA
34931,9794611,9794762,151,mRNA
34932,9793527,9794003,476,mRNA
34933,9793165,9793399,234,mRNA
34934,9792334,9792934,600,mRNA
34935,9791990,9792216,226,mRNA
34936,9790456,9790673,217,mRNA
34937,9787933,9788744,811,mRNA
34938,9797428,9797687,259,mRNA
34939,9794611,9794762,151,mRNA
34940,9793527,9794003,476,mRNA
34941,9793165,9793399,234,mRNA
34942,9792334,9792934,600,mRNA
34943,9791990,9792216,226,mRNA
34944,9789216,9789271,55,mRNA
34945,9788940,9788972,32,mRNA
34946,9788275,9788744,469,mRNA
34947,9797428,9797687,259,mRNA
34948,9794611,9794762,151,mRNA
34949,9793527,9794003,476,mRNA
34950,9793165,9793414,249,mRNA
34951,9792334,9792934,600,mRNA
34952,9791990,9792216,226,mRNA
34953,9790456,9790673,217,mRNA
34954,9788275,9788744,469,mRNA
34955,9797428,9797526,98,CDS
34956,9794611,9794762,151,CDS
34957,9793527,9794003,476,CDS
34958,9793165,9793399,234,CDS
34959,9792334,9792934,600,CDS
34960,9791990,9792216,226,CDS
34961,9789216,9789271,55,CDS
34962,9788940,9788972,32,CDS
34963,9788576,9788744,168,CDS
34964,9797428,9797526,98,CDS
34965,9794611,9794762,151,CDS
34966,9793527,9794003,476,CDS
34967,9793165,9793399,234,CDS
34968,9792334,9792934,600,CDS
34969,9791990,9792216,226,CDS
34970,9790456,9790673,217,CDS
34971,9788576,9788744,168,CDS
34972,9797428,9797526,98,CDS
34973,9794611,9794762,151,CDS
34974,9793527,9794003,476,CDS
34975,9793165,9793414,249,CDS
34976,9792334,9792934,600,CDS
34977,9791990,9792216,226,CDS
34978,9790456,9790673,217,CDS
34979,9788576,9788744,168,CDS
34980,9797428,9797687,259,mRNA
34981,9794611,9794762,151,mRNA
34982,9793527,9794003,476,mRNA
34983,9793165,9793399,234,mRNA
34984,9792334,9792934,600,mRNA
34985,9791990,9792216,226,mRNA
34986,9790832,9790993,161,mRNA
34987,9797428,9797526,98,CDS
34988,9794611,9794762,151,CDS
34989,9793527,9794003,476,CDS
34990,9793165,9793399,234,CDS
34991,9792334,9792934,600,CDS
34992,9791990,9792216,226,CDS
34993,9790970,9790993,23,CDS
34994,9798420,9799050,630,gene
34995,9798420,9799050,630,mRNA
34996,9798434,9798898,464,CDS
34997,9798793,9799246,453,mRNA
34998,9804688,9805385,697,mRNA
34999,9805903,9806095,192,mRNA
35000,9806281,9806572,291,mRNA
35001,9807720,9808713,993,mRNA
35002,9799171,9799246,75,CDS
35003,9804688,9805385,697,CDS
35004,9805903,9806095,192,CDS
35005,9806281,9806572,291,CDS
35006,9807720,9807990,270,CDS
35007,9799171,9799246,75,CDS
35008,9804688,9805385,697,CDS
35009,9805903,9806095,192,CDS
35010,9806281,9806572,291,CDS
35011,9807720,9807990,270,CDS
35012,9799171,9799246,75,CDS
35013,9804688,9805385,697,CDS
35014,9805903,9806095,192,CDS
35015,9806281,9806572,291,CDS
35016,9807720,9807990,270,CDS
35017,9799698,9800440,742,gene
35018,9799698,9799926,228,mRNA
35019,9800000,9800440,440,mRNA
35020,9799764,9799926,162,CDS
35021,9800000,9800250,250,CDS
35022,9801298,9802120,822,gene
35023,9801875,9802120,245,mRNA
35024,9801298,9801802,504,mRNA
35025,9801875,9802049,174,CDS
35026,9801615,9801802,187,CDS
35027,9803399,9804263,864,gene
35028,9803948,9804263,315,mRNA
35029,9803399,9803886,487,mRNA
35030,9803948,9804113,165,CDS
35031,9803648,9803886,238,CDS
35032,9812312,9812370,58,mobile_element
35033,9813847,9834345,20498,gene
35034,9813847,9813961,114,mRNA
35035,9820280,9820559,279,mRNA
35036,9824546,9824640,94,mRNA
35037,9830634,9830785,151,mRNA
35038,9831000,9831440,440,mRNA
35039,9832202,9832679,477,mRNA
35040,9832739,9832866,127,mRNA
35041,9832928,9834345,1417,mRNA
35042,9813847,9813927,80,mRNA
35043,9820280,9820559,279,mRNA
35044,9824546,9824640,94,mRNA
35045,9830634,9830785,151,mRNA
35046,9831000,9831440,440,mRNA
35047,9832199,9832679,480,mRNA
35048,9832739,9832866,127,mRNA
35049,9832928,9834345,1417,mRNA
35050,9813847,9813927,80,mRNA
35051,9820280,9820559,279,mRNA
35052,9824546,9824640,94,mRNA
35053,9830634,9830785,151,mRNA
35054,9831921,9832679,758,mRNA
35055,9832739,9832866,127,mRNA
35056,9832928,9834345,1417,mRNA
35057,9813847,9813922,75,mRNA
35058,9820074,9820559,485,mRNA
35059,9824546,9824640,94,mRNA
35060,9824803,9827895,3092,mRNA
35061,9830634,9830785,151,mRNA
35062,9832199,9832679,480,mRNA
35063,9832739,9832866,127,mRNA
35064,9832928,9834345,1417,mRNA
35065,9813847,9813922,75,mRNA
35066,9820280,9820559,279,mRNA
35067,9824546,9824640,94,mRNA
35068,9830634,9830785,151,mRNA
35069,9831000,9831440,440,mRNA
35070,9832196,9832679,483,mRNA
35071,9832739,9832866,127,mRNA
35072,9832928,9834345,1417,mRNA
35073,9816062,9816357,295,mRNA
35074,9820074,9820559,485,mRNA
35075,9824546,9824640,94,mRNA
35076,9830634,9830785,151,mRNA
35077,9831000,9831440,440,mRNA
35078,9832199,9832679,480,mRNA
35079,9832739,9832866,127,mRNA
35080,9832928,9834345,1417,mRNA
35081,9816062,9816357,295,mRNA
35082,9820074,9820559,485,mRNA
35083,9824546,9824640,94,mRNA
35084,9830634,9830785,151,mRNA
35085,9832199,9832679,480,mRNA
35086,9832739,9832866,127,mRNA
35087,9832928,9834345,1417,mRNA
35088,9819215,9819253,38,mRNA
35089,9820074,9820559,485,mRNA
35090,9824546,9824640,94,mRNA
35091,9830634,9830785,151,mRNA
35092,9831000,9831440,440,mRNA
35093,9832199,9832679,480,mRNA
35094,9832739,9832866,127,mRNA
35095,9832928,9834345,1417,mRNA
35096,9819215,9819253,38,mRNA
35097,9820074,9820559,485,mRNA
35098,9824546,9824640,94,mRNA
35099,9830634,9830785,151,mRNA
35100,9832196,9832679,483,mRNA
35101,9832739,9832866,127,mRNA
35102,9832928,9834345,1417,mRNA
35103,9819215,9819253,38,mRNA
35104,9820074,9820559,485,mRNA
35105,9824546,9824640,94,mRNA
35106,9830634,9830785,151,mRNA
35107,9832199,9832679,480,mRNA
35108,9832739,9832866,127,mRNA
35109,9832928,9834345,1417,mRNA
35110,9820441,9820559,118,CDS
35111,9824546,9824640,94,CDS
35112,9824803,9827895,3092,CDS
35113,9830634,9830785,151,CDS
35114,9832199,9832679,480,CDS
35115,9832739,9832866,127,CDS
35116,9832928,9833017,89,CDS
35117,9820441,9820559,118,CDS
35118,9824546,9824640,94,CDS
35119,9830634,9830785,151,CDS
35120,9831000,9831440,440,CDS
35121,9832196,9832679,483,CDS
35122,9832739,9832866,127,CDS
35123,9832928,9833017,89,CDS
35124,9820441,9820559,118,CDS
35125,9824546,9824640,94,CDS
35126,9830634,9830785,151,CDS
35127,9831000,9831440,440,CDS
35128,9832199,9832679,480,CDS
35129,9832739,9832866,127,CDS
35130,9832928,9833017,89,CDS
35131,9820441,9820559,118,CDS
35132,9824546,9824640,94,CDS
35133,9830634,9830785,151,CDS
35134,9831000,9831440,440,CDS
35135,9832199,9832679,480,CDS
35136,9832739,9832866,127,CDS
35137,9832928,9833017,89,CDS
35138,9820441,9820559,118,CDS
35139,9824546,9824640,94,CDS
35140,9830634,9830785,151,CDS
35141,9831000,9831440,440,CDS
35142,9832199,9832679,480,CDS
35143,9832739,9832866,127,CDS
35144,9832928,9833017,89,CDS
35145,9820441,9820559,118,CDS
35146,9824546,9824640,94,CDS
35147,9830634,9830785,151,CDS
35148,9831000,9831440,440,CDS
35149,9832202,9832679,477,CDS
35150,9832739,9832866,127,CDS
35151,9832928,9833017,89,CDS
35152,9820441,9820559,118,CDS
35153,9824546,9824640,94,CDS
35154,9830634,9830785,151,CDS
35155,9832196,9832679,483,CDS
35156,9832739,9832866,127,CDS
35157,9832928,9833017,89,CDS
35158,9820441,9820559,118,CDS
35159,9824546,9824640,94,CDS
35160,9830634,9830785,151,CDS
35161,9832199,9832679,480,CDS
35162,9832739,9832866,127,CDS
35163,9832928,9833017,89,CDS
35164,9820441,9820559,118,CDS
35165,9824546,9824640,94,CDS
35166,9830634,9830785,151,CDS
35167,9832199,9832679,480,CDS
35168,9832739,9832866,127,CDS
35169,9832928,9833017,89,CDS
35170,9820441,9820559,118,CDS
35171,9824546,9824640,94,CDS
35172,9830634,9830785,151,CDS
35173,9831921,9831926,5,CDS
35174,9821668,9821908,240,mRNA
35175,9824546,9824640,94,mRNA
35176,9824821,9827895,3074,mRNA
35177,9830634,9830785,151,mRNA
35178,9832202,9832679,477,mRNA
35179,9832739,9832866,127,mRNA
35180,9832928,9834345,1417,mRNA
35181,9821668,9821908,240,mRNA
35182,9824546,9824640,94,mRNA
35183,9830634,9830785,151,mRNA
35184,9831000,9831440,440,mRNA
35185,9832199,9832679,480,mRNA
35186,9832739,9832866,127,mRNA
35187,9832928,9834345,1417,mRNA
35188,9821668,9821908,240,mRNA
35189,9824546,9824640,94,mRNA
35190,9830634,9830785,151,mRNA
35191,9832199,9832679,480,mRNA
35192,9832739,9832866,127,mRNA
35193,9832928,9834345,1417,mRNA
35194,9821907,9821908,1,CDS
35195,9824546,9824640,94,CDS
35196,9824821,9827895,3074,CDS
35197,9830634,9830785,151,CDS
35198,9832202,9832679,477,CDS
35199,9832739,9832866,127,CDS
35200,9832928,9833017,89,CDS
35201,9821907,9821908,1,CDS
35202,9824546,9824640,94,CDS
35203,9830634,9830785,151,CDS
35204,9831000,9831440,440,CDS
35205,9832199,9832679,480,CDS
35206,9832739,9832866,127,CDS
35207,9832928,9833017,89,CDS
35208,9821907,9821908,1,CDS
35209,9824546,9824640,94,CDS
35210,9830634,9830785,151,CDS
35211,9832199,9832679,480,CDS
35212,9832739,9832866,127,CDS
35213,9832928,9833017,89,CDS
35214,9823349,9823897,548,gene
35215,9823711,9823897,186,mRNA
35216,9823349,9823639,290,mRNA
35217,9823711,9823873,162,CDS
35218,9823476,9823639,163,CDS
35219,9829422,9830069,647,mRNA
35220,9830634,9830785,151,mRNA
35221,9831000,9831440,440,mRNA
35222,9831921,9832679,758,mRNA
35223,9832739,9832866,127,mRNA
35224,9832928,9834345,1417,mRNA
35225,9829422,9830069,647,mRNA
35226,9830634,9830785,151,mRNA
35227,9831000,9831440,440,mRNA
35228,9832199,9832679,480,mRNA
35229,9832739,9832866,127,mRNA
35230,9832928,9834345,1417,mRNA
35231,9829422,9830069,647,mRNA
35232,9830634,9830785,151,mRNA
35233,9832199,9832679,480,mRNA
35234,9832739,9832866,127,mRNA
35235,9832928,9834345,1417,mRNA
35236,9829422,9830069,647,mRNA
35237,9830634,9830785,151,mRNA
35238,9832478,9832679,201,mRNA
35239,9832739,9832866,127,mRNA
35240,9832928,9834345,1417,mRNA
35241,9830021,9830069,48,CDS
35242,9830634,9830785,151,CDS
35243,9831000,9831440,440,CDS
35244,9832199,9832679,480,CDS
35245,9832739,9832866,127,CDS
35246,9832928,9833017,89,CDS
35247,9830021,9830069,48,CDS
35248,9830634,9830785,151,CDS
35249,9832199,9832679,480,CDS
35250,9832739,9832866,127,CDS
35251,9832928,9833017,89,CDS
35252,9830021,9830069,48,CDS
35253,9830634,9830785,151,CDS
35254,9832478,9832679,201,CDS
35255,9832739,9832866,127,CDS
35256,9832928,9833017,89,CDS
35257,9830021,9830069,48,CDS
35258,9830634,9830785,151,CDS
35259,9831000,9831440,440,CDS
35260,9831921,9831926,5,CDS
35261,9834367,9836805,2438,gene
35262,9836522,9836805,283,mRNA
35263,9836049,9836146,97,mRNA
35264,9835813,9835980,167,mRNA
35265,9835339,9835433,94,mRNA
35266,9834367,9835282,915,mRNA
35267,9836209,9836505,296,mRNA
35268,9836049,9836146,97,mRNA
35269,9835813,9835980,167,mRNA
35270,9835339,9835433,94,mRNA
35271,9834367,9835282,915,mRNA
35272,9836209,9836505,296,CDS
35273,9836049,9836146,97,CDS
35274,9835813,9835980,167,CDS
35275,9835339,9835433,94,CDS
35276,9835008,9835282,274,CDS
35277,9836049,9836128,79,CDS
35278,9835813,9835980,167,CDS
35279,9835339,9835433,94,CDS
35280,9835008,9835282,274,CDS
35281,9837080,9838670,1590,gene
35282,9838475,9838670,195,mRNA
35283,9837080,9838412,1332,mRNA
35284,9838475,9838605,130,CDS
35285,9837179,9838412,1233,CDS
35286,9839093,9855285,16192,gene
35287,9854665,9855285,620,mRNA
35288,9843554,9845439,1885,mRNA
35289,9843232,9843491,259,mRNA
35290,9842468,9842663,195,mRNA
35291,9839093,9841563,2470,mRNA
35292,9854665,9855285,620,mRNA
35293,9843554,9845439,1885,mRNA
35294,9843232,9843491,259,mRNA
35295,9842468,9842663,195,mRNA
35296,9839686,9841563,1877,mRNA
35297,9854665,9855285,620,mRNA
35298,9843554,9845439,1885,mRNA
35299,9843232,9843491,259,mRNA
35300,9842468,9842663,195,mRNA
35301,9839686,9841563,1877,mRNA
35302,9854665,9854812,147,CDS
35303,9843554,9845439,1885,CDS
35304,9843232,9843491,259,CDS
35305,9842468,9842663,195,CDS
35306,9840508,9841563,1055,CDS
35307,9854665,9854812,147,CDS
35308,9843554,9845439,1885,CDS
35309,9843232,9843491,259,CDS
35310,9842468,9842663,195,CDS
35311,9840562,9841563,1001,CDS
35312,9854665,9854812,147,CDS
35313,9843554,9845439,1885,CDS
35314,9843232,9843491,259,CDS
35315,9842468,9842663,195,CDS
35316,9840562,9841563,1001,CDS
35317,9857383,9859889,2506,gene
35318,9858338,9859889,1551,mRNA
35319,9857383,9858063,680,mRNA
35320,9859779,9859889,110,mRNA
35321,9858338,9859716,1378,mRNA
35322,9857588,9858063,475,mRNA
35323,9858413,9859489,1076,CDS
35324,9858413,9859489,1076,CDS
35325,9860217,9864349,4132,gene
35326,9864193,9864349,156,mRNA
35327,9863321,9863616,295,mRNA
35328,9862963,9863262,299,mRNA
35329,9862091,9862908,817,mRNA
35330,9861395,9862035,640,mRNA
35331,9861000,9861335,335,mRNA
35332,9860217,9860937,720,mRNA
35333,9864193,9864349,156,mRNA
35334,9863777,9863914,137,mRNA
35335,9863321,9863616,295,mRNA
35336,9862963,9863262,299,mRNA
35337,9862091,9862908,817,mRNA
35338,9861395,9862035,640,mRNA
35339,9861000,9861335,335,mRNA
35340,9860217,9860937,720,mRNA
35341,9864193,9864349,156,mRNA
35342,9863777,9864099,322,mRNA
35343,9863321,9863616,295,mRNA
35344,9862963,9863262,299,mRNA
35345,9862091,9862908,817,mRNA
35346,9861395,9862035,640,mRNA
35347,9861000,9861335,335,mRNA
35348,9860217,9860937,720,mRNA
35349,9863777,9864349,572,mRNA
35350,9863321,9863616,295,mRNA
35351,9862963,9863262,299,mRNA
35352,9862091,9862908,817,mRNA
35353,9861395,9862035,640,mRNA
35354,9861000,9861335,335,mRNA
35355,9860217,9860937,720,mRNA
35356,9864193,9864202,9,CDS
35357,9863321,9863616,295,CDS
35358,9862963,9863262,299,CDS
35359,9862091,9862908,817,CDS
35360,9861395,9862035,640,CDS
35361,9861000,9861335,335,CDS
35362,9860705,9860937,232,CDS
35363,9863777,9863816,39,CDS
35364,9863321,9863616,295,CDS
35365,9862963,9863262,299,CDS
35366,9862091,9862908,817,CDS
35367,9861395,9862035,640,CDS
35368,9861000,9861335,335,CDS
35369,9860705,9860937,232,CDS
35370,9863777,9863816,39,CDS
35371,9863321,9863616,295,CDS
35372,9862963,9863262,299,CDS
35373,9862091,9862908,817,CDS
35374,9861395,9862035,640,CDS
35375,9861000,9861335,335,CDS
35376,9860705,9860937,232,CDS
35377,9863777,9863816,39,CDS
35378,9863321,9863616,295,CDS
35379,9862963,9863262,299,CDS
35380,9862091,9862908,817,CDS
35381,9861395,9862035,640,CDS
35382,9861000,9861335,335,CDS
35383,9860705,9860937,232,CDS
35384,9864639,9870674,6035,gene
35385,9864639,9864802,163,mRNA
35386,9865058,9865398,340,mRNA
35387,9866314,9866361,47,mRNA
35388,9867314,9867744,430,mRNA
35389,9868254,9868935,681,mRNA
35390,9868999,9869322,323,mRNA
35391,9869446,9870098,652,mRNA
35392,9870158,9870674,516,mRNA
35393,9864639,9864802,163,mRNA
35394,9865080,9865398,318,mRNA
35395,9866314,9866361,47,mRNA
35396,9867314,9867744,430,mRNA
35397,9868254,9868935,681,mRNA
35398,9868999,9869322,323,mRNA
35399,9869446,9870098,652,mRNA
35400,9870158,9870674,516,mRNA
35401,9865099,9865398,299,CDS
35402,9866314,9866361,47,CDS
35403,9867314,9867744,430,CDS
35404,9868254,9868935,681,CDS
35405,9868999,9869322,323,CDS
35406,9869446,9870098,652,CDS
35407,9870158,9870479,321,CDS
35408,9865099,9865398,299,CDS
35409,9866314,9866361,47,CDS
35410,9867314,9867744,430,CDS
35411,9868254,9868935,681,CDS
35412,9868999,9869322,323,CDS
35413,9869446,9870098,652,CDS
35414,9870158,9870479,321,CDS
35415,9875731,9876406,675,gene
35416,9875731,9876406,675,ncRNA
35417,9878985,9884493,5508,gene
35418,9878985,9879576,591,mRNA
35419,9880206,9880573,367,mRNA
35420,9882302,9882616,314,mRNA
35421,9882678,9884493,1815,mRNA
35422,9878985,9879576,591,mRNA
35423,9880206,9880573,367,mRNA
35424,9882308,9882616,308,mRNA
35425,9882678,9884493,1815,mRNA
35426,9878985,9879106,121,mRNA
35427,9879334,9879576,242,mRNA
35428,9880206,9880573,367,mRNA
35429,9882302,9882616,314,mRNA
35430,9882678,9884493,1815,mRNA
35431,9878985,9879106,121,mRNA
35432,9879334,9879576,242,mRNA
35433,9880206,9880573,367,mRNA
35434,9882308,9882616,308,mRNA
35435,9882678,9884493,1815,mRNA
35436,9879540,9879576,36,CDS
35437,9880206,9880573,367,CDS
35438,9882302,9882616,314,CDS
35439,9882678,9884375,1697,CDS
35440,9879540,9879576,36,CDS
35441,9880206,9880573,367,CDS
35442,9882302,9882616,314,CDS
35443,9882678,9884375,1697,CDS
35444,9879540,9879576,36,CDS
35445,9880206,9880573,367,CDS
35446,9882308,9882616,308,CDS
35447,9882678,9884375,1697,CDS
35448,9879540,9879576,36,CDS
35449,9880206,9880573,367,CDS
35450,9882308,9882616,308,CDS
35451,9882678,9884375,1697,CDS
35452,9884411,9888683,4272,gene
35453,9888520,9888683,163,mRNA
35454,9888402,9888456,54,mRNA
35455,9886574,9888339,1765,mRNA
35456,9886103,9886515,412,mRNA
35457,9885834,9886044,210,mRNA
35458,9884411,9885773,1362,mRNA
35459,9888520,9888683,163,mRNA
35460,9888402,9888456,54,mRNA
35461,9886574,9888339,1765,mRNA
35462,9886103,9886515,412,mRNA
35463,9885834,9886044,210,mRNA
35464,9884525,9885773,1248,mRNA
35465,9888520,9888569,49,CDS
35466,9888402,9888456,54,CDS
35467,9886574,9888339,1765,CDS
35468,9886103,9886515,412,CDS
35469,9885834,9886044,210,CDS
35470,9884603,9885773,1170,CDS
35471,9888520,9888569,49,CDS
35472,9888402,9888456,54,CDS
35473,9886574,9888339,1765,CDS
35474,9886103,9886515,412,CDS
35475,9885834,9886044,210,CDS
35476,9884603,9885773,1170,CDS
35477,9888762,9893319,4557,gene
35478,9888762,9890224,1462,mRNA
35479,9890291,9890565,274,mRNA
35480,9890784,9893319,2535,mRNA
35481,9889104,9890224,1120,mRNA
35482,9890291,9890565,274,mRNA
35483,9890784,9893011,2227,mRNA
35484,9889284,9890224,940,CDS
35485,9890291,9890565,274,CDS
35486,9890784,9892345,1561,CDS
35487,9889284,9890224,940,CDS
35488,9890291,9890565,274,CDS
35489,9890784,9892345,1561,CDS
35490,9890816,9892109,1293,gene
35491,9890816,9892109,1293,ncRNA
35492,9893188,9894743,1555,gene
35493,9893188,9894743,1555,gene
35494,9894590,9894743,153,mRNA
35495,9894344,9894532,188,mRNA
35496,9893709,9894282,573,mRNA
35497,9893518,9893654,136,mRNA
35498,9893188,9893464,276,mRNA
35499,9894590,9894743,153,mRNA
35500,9894344,9894532,188,mRNA
35501,9893709,9894282,573,mRNA
35502,9893518,9893654,136,mRNA
35503,9893188,9893464,276,mRNA
35504,9893709,9893890,181,mRNA
35505,9893518,9893654,136,mRNA
35506,9893188,9893464,276,mRNA
35507,9893709,9893780,71,CDS
35508,9893518,9893654,136,CDS
35509,9893320,9893464,144,CDS
35510,9893709,9893780,71,CDS
35511,9893518,9893654,136,CDS
35512,9893320,9893464,144,CDS
35513,9894590,9894743,153,mRNA
35514,9894344,9894532,188,mRNA
35515,9893881,9894282,401,mRNA
35516,9894590,9894670,80,CDS
35517,9894344,9894532,188,CDS
35518,9893992,9894282,290,CDS
35519,9894590,9894670,80,CDS
35520,9894344,9894532,188,CDS
35521,9893992,9894282,290,CDS
35522,9894807,9898575,3768,gene
35523,9898523,9898575,52,mRNA
35524,9897929,9898202,273,mRNA
35525,9896454,9896635,181,mRNA
35526,9896179,9896388,209,mRNA
35527,9895958,9896122,164,mRNA
35528,9894807,9895876,1069,mRNA
35529,9897929,9898436,507,mRNA
35530,9896454,9896635,181,mRNA
35531,9896179,9896388,209,mRNA
35532,9895958,9896122,164,mRNA
35533,9894807,9895876,1069,mRNA
35534,9896708,9896746,38,mRNA
35535,9896454,9896635,181,mRNA
35536,9896179,9896388,209,mRNA
35537,9895958,9896122,164,mRNA
35538,9894807,9895876,1069,mRNA
35539,9897929,9898055,126,CDS
35540,9896454,9896635,181,CDS
35541,9896179,9896388,209,CDS
35542,9895958,9896122,164,CDS
35543,9895760,9895876,116,CDS
35544,9897929,9898055,126,CDS
35545,9896454,9896635,181,CDS
35546,9896179,9896388,209,CDS
35547,9895958,9896122,164,CDS
35548,9895760,9895876,116,CDS
35549,9896708,9896729,21,CDS
35550,9896454,9896635,181,CDS
35551,9896179,9896388,209,CDS
35552,9895958,9896122,164,CDS
35553,9895760,9895876,116,CDS
35554,9898626,9899387,761,gene
35555,9898626,9899387,761,mRNA
35556,9898731,9899168,437,CDS
35557,9899241,9903031,3790,gene
35558,9899241,9899355,114,mRNA
35559,9899726,9900084,358,mRNA
35560,9900153,9900306,153,mRNA
35561,9900423,9900696,273,mRNA
35562,9900761,9901018,257,mRNA
35563,9901343,9901434,91,mRNA
35564,9902151,9903031,880,mRNA
35565,9899241,9899355,114,mRNA
35566,9899726,9900084,358,mRNA
35567,9900153,9900306,153,mRNA
35568,9900423,9900696,273,mRNA
35569,9900761,9901018,257,mRNA
35570,9901343,9901434,91,mRNA
35571,9902151,9902965,814,mRNA
35572,9899241,9899355,114,mRNA
35573,9899726,9900084,358,mRNA
35574,9900153,9900306,153,mRNA
35575,9900423,9900696,273,mRNA
35576,9900761,9901018,257,mRNA
35577,9902151,9902965,814,mRNA
35578,9899241,9899355,114,mRNA
35579,9899726,9900084,358,mRNA
35580,9900153,9900306,153,mRNA
35581,9900423,9900696,273,mRNA
35582,9900761,9901018,257,mRNA
35583,9901343,9901434,91,mRNA
35584,9901561,9901836,275,mRNA
35585,9899241,9899355,114,mRNA
35586,9899726,9900084,358,mRNA
35587,9900153,9900306,153,mRNA
35588,9900423,9900696,273,mRNA
35589,9900761,9901104,343,mRNA
35590,9900005,9900084,79,CDS
35591,9900153,9900306,153,CDS
35592,9900423,9900696,273,CDS
35593,9900761,9901018,257,CDS
35594,9902151,9902338,187,CDS
35595,9900005,9900084,79,CDS
35596,9900153,9900306,153,CDS
35597,9900423,9900696,273,CDS
35598,9900761,9901018,257,CDS
35599,9901343,9901434,91,CDS
35600,9902151,9902279,128,CDS
35601,9900005,9900084,79,CDS
35602,9900153,9900306,153,CDS
35603,9900423,9900696,273,CDS
35604,9900761,9901018,257,CDS
35605,9901343,9901434,91,CDS
35606,9902151,9902279,128,CDS
35607,9900005,9900084,79,CDS
35608,9900153,9900306,153,CDS
35609,9900423,9900696,273,CDS
35610,9900761,9901018,257,CDS
35611,9901343,9901434,91,CDS
35612,9901561,9901836,275,CDS
35613,9900005,9900084,79,CDS
35614,9900153,9900306,153,CDS
35615,9900423,9900696,273,CDS
35616,9900761,9901104,343,CDS
35617,9908120,9967298,59178,gene
35618,9908120,9908206,86,mRNA
35619,9944477,9945502,1025,mRNA
35620,9945898,9946023,125,mRNA
35621,9946136,9946234,98,mRNA
35622,9948204,9948359,155,mRNA
35623,9948446,9948566,120,mRNA
35624,9948656,9948751,95,mRNA
35625,9948989,9949134,145,mRNA
35626,9949592,9949722,130,mRNA
35627,9952187,9952301,114,mRNA
35628,9952674,9952819,145,mRNA
35629,9953767,9953920,153,mRNA
35630,9954318,9954494,176,mRNA
35631,9954556,9954628,72,mRNA
35632,9955381,9955517,136,mRNA
35633,9955591,9955804,213,mRNA
35634,9957687,9957940,253,mRNA
35635,9958790,9958849,59,mRNA
35636,9961637,9961786,149,mRNA
35637,9964892,9967298,2406,mRNA
35638,9908120,9908206,86,mRNA
35639,9928247,9928300,53,mRNA
35640,9944477,9945502,1025,mRNA
35641,9945898,9946023,125,mRNA
35642,9946136,9946234,98,mRNA
35643,9948204,9948359,155,mRNA
35644,9948446,9948566,120,mRNA
35645,9948656,9948751,95,mRNA
35646,9948989,9949134,145,mRNA
35647,9949592,9949722,130,mRNA
35648,9952187,9952301,114,mRNA
35649,9952674,9952819,145,mRNA
35650,9953767,9953920,153,mRNA
35651,9954318,9954494,176,mRNA
35652,9954556,9954628,72,mRNA
35653,9955381,9955517,136,mRNA
35654,9955591,9955804,213,mRNA
35655,9957687,9957940,253,mRNA
35656,9961637,9961786,149,mRNA
35657,9964892,9965604,712,mRNA
35658,9927523,9927654,131,mRNA
35659,9928247,9928300,53,mRNA
35660,9944477,9945502,1025,mRNA
35661,9945898,9946023,125,mRNA
35662,9946136,9946234,98,mRNA
35663,9948204,9948359,155,mRNA
35664,9948446,9948566,120,mRNA
35665,9948656,9948751,95,mRNA
35666,9948989,9949134,145,mRNA
35667,9949592,9949722,130,mRNA
35668,9952187,9952301,114,mRNA
35669,9952674,9952819,145,mRNA
35670,9953767,9953920,153,mRNA
35671,9954318,9954494,176,mRNA
35672,9954556,9954628,72,mRNA
35673,9955381,9955517,136,mRNA
35674,9955591,9955804,213,mRNA
35675,9957687,9957940,253,mRNA
35676,9961637,9961786,149,mRNA
35677,9964892,9965604,712,mRNA
35678,9929723,9938443,8720,mobile_element
35679,9945320,9945502,182,CDS
35680,9945898,9946023,125,CDS
35681,9946136,9946234,98,CDS
35682,9948204,9948359,155,CDS
35683,9948446,9948566,120,CDS
35684,9948656,9948751,95,CDS
35685,9948989,9949134,145,CDS
35686,9949592,9949722,130,CDS
35687,9952187,9952301,114,CDS
35688,9952674,9952819,145,CDS
35689,9953767,9953920,153,CDS
35690,9954318,9954494,176,CDS
35691,9954556,9954628,72,CDS
35692,9955381,9955517,136,CDS
35693,9955591,9955804,213,CDS
35694,9957687,9957940,253,CDS
35695,9958790,9958849,59,CDS
35696,9961637,9961786,149,CDS
35697,9964892,9964918,26,CDS
35698,9945320,9945502,182,CDS
35699,9945898,9946023,125,CDS
35700,9946136,9946234,98,CDS
35701,9948204,9948359,155,CDS
35702,9948446,9948566,120,CDS
35703,9948656,9948751,95,CDS
35704,9948989,9949134,145,CDS
35705,9949592,9949722,130,CDS
35706,9952187,9952301,114,CDS
35707,9952674,9952819,145,CDS
35708,9953767,9953920,153,CDS
35709,9954318,9954494,176,CDS
35710,9954556,9954628,72,CDS
35711,9955381,9955517,136,CDS
35712,9955591,9955804,213,CDS
35713,9957687,9957940,253,CDS
35714,9961637,9961786,149,CDS
35715,9964892,9964918,26,CDS
35716,9945320,9945502,182,CDS
35717,9945898,9946023,125,CDS
35718,9946136,9946234,98,CDS
35719,9948204,9948359,155,CDS
35720,9948446,9948566,120,CDS
35721,9948656,9948751,95,CDS
35722,9948989,9949134,145,CDS
35723,9949592,9949722,130,CDS
35724,9952187,9952301,114,CDS
35725,9952674,9952819,145,CDS
35726,9953767,9953920,153,CDS
35727,9954318,9954494,176,CDS
35728,9954556,9954628,72,CDS
35729,9955381,9955517,136,CDS
35730,9955591,9955804,213,CDS
35731,9957687,9957940,253,CDS
35732,9961637,9961786,149,CDS
35733,9964892,9964918,26,CDS
35734,9966603,9968317,1714,gene
35735,9968105,9968317,212,mRNA
35736,9967834,9968041,207,mRNA
35737,9967687,9967780,93,mRNA
35738,9966603,9967621,1018,mRNA
35739,9968105,9968317,212,mRNA
35740,9967834,9968041,207,mRNA
35741,9967687,9967780,93,mRNA
35742,9967208,9967621,413,mRNA
35743,9968105,9968294,189,CDS
35744,9967834,9968041,207,CDS
35745,9967687,9967780,93,CDS
35746,9967472,9967621,149,CDS
35747,9968105,9968294,189,CDS
35748,9967834,9968041,207,CDS
35749,9967687,9967780,93,CDS
35750,9967472,9967621,149,CDS
35751,9968479,9971002,2523,gene
35752,9968479,9969334,855,mRNA
35753,9969844,9971002,1158,mRNA
35754,9968888,9969334,446,CDS
35755,9969844,9970749,905,CDS
35756,9971151,9972054,903,gene
35757,9971664,9972054,390,mRNA
35758,9971151,9971545,394,mRNA
35759,9971664,9972054,390,mRNA
35760,9971151,9971602,451,mRNA
35761,9971664,9971972,308,CDS
35762,9971210,9971545,335,CDS
35763,9971664,9971972,308,CDS
35764,9971210,9971602,392,CDS
35765,9972312,9974023,1711,gene
35766,9972312,9974023,1711,gene
35767,9972312,9972397,85,mRNA
35768,9972881,9973001,120,mRNA
35769,9973094,9974023,929,mRNA
35770,9972312,9972397,85,mRNA
35771,9972881,9973001,120,mRNA
35772,9973094,9974023,929,mRNA
35773,9972312,9972397,85,mRNA
35774,9972922,9973001,79,mRNA
35775,9973094,9974023,929,mRNA
35776,9972312,9972397,85,mRNA
35777,9972922,9973001,79,mRNA
35778,9973094,9974023,929,mRNA
35779,9972312,9972397,85,mRNA
35780,9973094,9974023,929,mRNA
35781,9972756,9974023,1267,mRNA
35782,9972756,9973001,245,mRNA
35783,9973094,9974023,929,mRNA
35784,9972756,9973001,245,mRNA
35785,9973094,9974023,929,mRNA
35786,9972923,9973001,78,CDS
35787,9973094,9973251,157,CDS
35788,9972923,9973001,78,CDS
35789,9973094,9973251,157,CDS
35790,9972923,9973001,78,CDS
35791,9973094,9973251,157,CDS
35792,9973276,9973866,590,CDS
35793,9973276,9973866,590,CDS
35794,9973276,9973866,590,CDS
35795,9973276,9973866,590,CDS
35796,9973276,9973866,590,CDS
35797,9974651,10139360,164709,gene
35798,9974651,9975844,1193,mRNA
35799,10003584,10004101,517,mRNA
35800,10033183,10033424,241,mRNA
35801,10036646,10036856,210,mRNA
35802,10037344,10037471,127,mRNA
35803,10040856,10041024,168,mRNA
35804,10138856,10139360,504,mRNA
35805,9974651,9975844,1193,mRNA
35806,10003584,10004101,517,mRNA
35807,10033183,10033424,241,mRNA
35808,10036646,10036856,210,mRNA
35809,10037344,10037471,127,mRNA
35810,10040856,10041024,168,mRNA
35811,10113188,10113488,300,mRNA
35812,9974651,9975844,1193,mRNA
35813,10003584,10004101,517,mRNA
35814,10033183,10033424,241,mRNA
35815,10036646,10036856,210,mRNA
35816,10037344,10037471,127,mRNA
35817,10040856,10041024,168,mRNA
35818,10071644,10074408,2764,mRNA
35819,9974651,9975844,1193,mRNA
35820,10003584,10004101,517,mRNA
35821,10033183,10033424,241,mRNA
35822,10036646,10036856,210,mRNA
35823,10037344,10037471,127,mRNA
35824,10040856,10041024,168,mRNA
35825,10071662,10072525,863,mRNA
35826,9974651,9975844,1193,mRNA
35827,10003584,10004101,517,mRNA
35828,10033183,10033424,241,mRNA
35829,10036646,10036856,210,mRNA
35830,10037344,10037471,127,mRNA
35831,10040856,10041303,447,mRNA
35832,9991736,9992583,847,gene
35833,9991736,9992583,847,ncRNA
35834,9999831,10000867,1036,gene
35835,9999831,10000867,1036,ncRNA
35836,10004032,10004101,69,CDS
35837,10033183,10033424,241,CDS
35838,10036646,10036856,210,CDS
35839,10037344,10037471,127,CDS
35840,10040856,10041024,168,CDS
35841,10138856,10138887,31,CDS
35842,10004032,10004101,69,CDS
35843,10033183,10033424,241,CDS
35844,10036646,10036856,210,CDS
35845,10037344,10037471,127,CDS
35846,10040856,10041024,168,CDS
35847,10113188,10113228,40,CDS
35848,10004032,10004101,69,CDS
35849,10033183,10033424,241,CDS
35850,10036646,10036856,210,CDS
35851,10037344,10037471,127,CDS
35852,10040856,10041024,168,CDS
35853,10071644,10072014,370,CDS
35854,10004032,10004101,69,CDS
35855,10033183,10033424,241,CDS
35856,10036646,10036856,210,CDS
35857,10037344,10037471,127,CDS
35858,10040856,10041024,168,CDS
35859,10071662,10072014,352,CDS
35860,10004032,10004101,69,CDS
35861,10033183,10033424,241,CDS
35862,10036646,10036856,210,CDS
35863,10037344,10037471,127,CDS
35864,10040856,10041056,200,CDS
35865,10029408,10030138,730,gene
35866,10030102,10030138,36,ncRNA
35867,10029408,10029985,577,ncRNA
35868,10048302,10048927,625,gene
35869,10048302,10048927,625,ncRNA
35870,10060167,10067688,7521,mobile_element
35871,10086747,10089400,2653,gene
35872,10089042,10089400,358,mRNA
35873,10088798,10088979,181,mRNA
35874,10086747,10088317,1570,mRNA
35875,10089042,10089135,93,CDS
35876,10088798,10088979,181,CDS
35877,10087142,10088317,1175,CDS
35878,10090170,10092346,2176,gene
35879,10092122,10092346,224,mRNA
35880,10091520,10091695,175,mRNA
35881,10090170,10091386,1216,mRNA
35882,10092122,10092305,183,CDS
35883,10091520,10091695,175,CDS
35884,10090256,10091386,1130,CDS
35885,10092768,10094738,1970,gene
35886,10094341,10094738,397,mRNA
35887,10094038,10094210,172,mRNA
35888,10092768,10093971,1203,mRNA
35889,10094341,10094719,378,CDS
35890,10094038,10094210,172,CDS
35891,10092832,10093971,1139,CDS
35892,10095754,10098115,2361,gene
35893,10097752,10098115,363,mRNA
35894,10097030,10097202,172,mRNA
35895,10095754,10096968,1214,mRNA
35896,10097752,10098001,249,CDS
35897,10097030,10097202,172,CDS
35898,10095835,10096968,1133,CDS
35899,10097329,10097358,29,mobile_element
35900,10099357,10100881,1524,gene
35901,10100582,10100881,299,mRNA
35902,10099357,10100478,1121,mRNA
35903,10100582,10100881,299,CDS
35904,10099357,10100478,1121,CDS
35905,10127635,10128618,983,gene
35906,10127635,10127913,278,ncRNA
35907,10128063,10128618,555,ncRNA
35908,10127909,10128618,709,ncRNA
35909,10147454,10186108,38654,gene
35910,10186085,10186108,23,mRNA
35911,10182243,10182515,272,mRNA
35912,10156353,10156564,211,mRNA
35913,10154762,10154972,210,mRNA
35914,10153613,10153750,137,mRNA
35915,10150976,10151103,127,mRNA
35916,10150333,10150501,168,mRNA
35917,10147454,10149669,2215,mRNA
35918,10186023,10186108,85,mRNA
35919,10182243,10182530,287,mRNA
35920,10156353,10156564,211,mRNA
35921,10154762,10154972,210,mRNA
35922,10150976,10151103,127,mRNA
35923,10150333,10150501,168,mRNA
35924,10147454,10149669,2215,mRNA
35925,10186023,10186108,85,mRNA
35926,10182243,10182530,287,mRNA
35927,10156353,10156564,211,mRNA
35928,10154762,10154972,210,mRNA
35929,10153613,10153750,137,mRNA
35930,10150976,10151103,127,mRNA
35931,10150333,10150501,168,mRNA
35932,10147454,10149669,2215,mRNA
35933,10185925,10186108,183,mRNA
35934,10182243,10182515,272,mRNA
35935,10156353,10156564,211,mRNA
35936,10154762,10154972,210,mRNA
35937,10153613,10153750,137,mRNA
35938,10150976,10151103,127,mRNA
35939,10150333,10150501,168,mRNA
35940,10147454,10149669,2215,mRNA
35941,10182243,10182282,39,CDS
35942,10156353,10156564,211,CDS
35943,10154762,10154972,210,CDS
35944,10150976,10151103,127,CDS
35945,10150333,10150501,168,CDS
35946,10149341,10149669,328,CDS
35947,10182243,10182282,39,CDS
35948,10156353,10156564,211,CDS
35949,10154762,10154972,210,CDS
35950,10153613,10153750,137,CDS
35951,10150976,10151103,127,CDS
35952,10150333,10150501,168,CDS
35953,10149341,10149669,328,CDS
35954,10182243,10182282,39,CDS
35955,10156353,10156564,211,CDS
35956,10154762,10154972,210,CDS
35957,10153613,10153750,137,CDS
35958,10150976,10151103,127,CDS
35959,10150333,10150501,168,CDS
35960,10149341,10149669,328,CDS
35961,10182243,10182282,39,CDS
35962,10156353,10156564,211,CDS
35963,10154762,10154972,210,CDS
35964,10153613,10153750,137,CDS
35965,10150976,10151103,127,CDS
35966,10150333,10150501,168,CDS
35967,10149341,10149669,328,CDS
35968,10151612,10151726,114,gene
35969,10151612,10151726,114,ncRNA
35970,10151827,10152984,1157,gene
35971,10151827,10152089,262,mRNA
35972,10152139,10152984,845,mRNA
35973,10151964,10152089,125,CDS
35974,10152139,10152756,617,CDS
35975,10165809,10167023,1214,gene
35976,10166871,10167023,152,mRNA
35977,10166403,10166809,406,mRNA
35978,10165809,10166344,535,mRNA
35979,10166871,10167020,149,CDS
35980,10166403,10166809,406,CDS
35981,10166068,10166344,276,CDS
35982,10190276,10201837,11561,gene
35983,10201658,10201837,179,mRNA
35984,10196208,10196443,235,mRNA
35985,10195819,10195971,152,mRNA
35986,10195443,10195709,266,mRNA
35987,10194897,10194995,98,mRNA
35988,10191573,10191807,234,mRNA
35989,10190662,10191277,615,mRNA
35990,10190276,10190592,316,mRNA
35991,10201403,10201525,122,mRNA
35992,10196208,10196443,235,mRNA
35993,10195819,10195971,152,mRNA
35994,10195443,10195709,266,mRNA
35995,10191573,10191807,234,mRNA
35996,10190662,10191277,615,mRNA
35997,10190276,10190592,316,mRNA
35998,10201403,10201525,122,mRNA
35999,10196208,10196443,235,mRNA
36000,10195819,10195971,152,mRNA
36001,10195443,10195709,266,mRNA
36002,10194897,10194995,98,mRNA
36003,10191573,10191807,234,mRNA
36004,10190662,10191277,615,mRNA
36005,10190276,10190592,316,mRNA
36006,10201403,10201525,122,mRNA
36007,10196208,10196443,235,mRNA
36008,10195819,10195995,176,mRNA
36009,10195443,10195709,266,mRNA
36010,10194897,10194995,98,mRNA
36011,10191573,10191807,234,mRNA
36012,10190662,10191277,615,mRNA
36013,10190276,10190592,316,mRNA
36014,10196208,10196433,225,CDS
36015,10195819,10195971,152,CDS
36016,10195443,10195709,266,CDS
36017,10191573,10191807,234,CDS
36018,10190662,10191277,615,CDS
36019,10190443,10190592,149,CDS
36020,10196208,10196433,225,CDS
36021,10195819,10195971,152,CDS
36022,10195443,10195709,266,CDS
36023,10194897,10194995,98,CDS
36024,10191573,10191807,234,CDS
36025,10190662,10191277,615,CDS
36026,10190443,10190592,149,CDS
36027,10196208,10196433,225,CDS
36028,10195819,10195971,152,CDS
36029,10195443,10195709,266,CDS
36030,10194897,10194995,98,CDS
36031,10191573,10191807,234,CDS
36032,10190662,10191277,615,CDS
36033,10190443,10190592,149,CDS
36034,10196208,10196433,225,CDS
36035,10195819,10195995,176,CDS
36036,10195443,10195709,266,CDS
36037,10194897,10194995,98,CDS
36038,10191573,10191807,234,CDS
36039,10190662,10191277,615,CDS
36040,10190443,10190592,149,CDS
36041,10201658,10201837,179,mRNA
36042,10196208,10196443,235,mRNA
36043,10195819,10195971,152,mRNA
36044,10195443,10195709,266,mRNA
36045,10193406,10194995,1589,mRNA
36046,10196208,10196433,225,CDS
36047,10195819,10195971,152,CDS
36048,10195443,10195709,266,CDS
36049,10194799,10194995,196,CDS
36050,10196162,10196254,92,gene
36051,10196162,10196254,92,ncRNA
36052,10205620,10206401,781,gene
36053,10205620,10205822,202,ncRNA
36054,10205940,10206401,461,ncRNA
36055,10215665,10216980,1315,gene
36056,10215665,10216299,634,mRNA
36057,10216360,10216980,620,mRNA
36058,10215665,10216299,634,mRNA
36059,10216360,10216699,339,mRNA
36060,10215712,10216299,587,CDS
36061,10216360,10216674,314,CDS
36062,10215712,10216299,587,CDS
36063,10216360,10216674,314,CDS
36064,10218504,10220164,1660,gene
36065,10219550,10220164,614,mRNA
36066,10218504,10219493,989,mRNA
36067,10219550,10220164,614,CDS
36068,10218504,10219493,989,CDS
36069,10220483,10225240,4757,gene
36070,10222906,10223260,354,mRNA
36071,10221611,10222101,490,mRNA
36072,10221394,10221552,158,mRNA
36073,10220483,10221132,649,mRNA
36074,10224860,10225240,380,mRNA
36075,10223868,10224237,369,mRNA
36076,10221611,10222101,490,mRNA
36077,10221394,10221552,158,mRNA
36078,10220485,10221132,647,mRNA
36079,10222906,10223260,354,mRNA
36080,10221611,10222088,477,mRNA
36081,10221394,10221552,158,mRNA
36082,10220485,10221132,647,mRNA
36083,10224860,10225030,170,CDS
36084,10223868,10224237,369,CDS
36085,10221611,10222101,490,CDS
36086,10221394,10221552,158,CDS
36087,10221073,10221132,59,CDS
36088,10222906,10223207,301,CDS
36089,10221611,10222088,477,CDS
36090,10221394,10221552,158,CDS
36091,10221073,10221132,59,CDS
36092,10221611,10222093,482,CDS
36093,10221394,10221552,158,CDS
36094,10221073,10221132,59,CDS
36095,10236609,10236936,327,gene
36096,10236609,10236936,327,ncRNA
36097,10240093,10240511,418,gene
36098,10240093,10240511,418,ncRNA
36099,10242799,10243242,443,gene
36100,10242799,10243242,443,ncRNA
36101,10243320,10244706,1386,gene
36102,10243907,10244706,799,mRNA
36103,10243648,10243846,198,mRNA
36104,10243432,10243587,155,mRNA
36105,10243320,10243379,59,mRNA
36106,10243907,10244706,799,CDS
36107,10243648,10243846,198,CDS
36108,10243432,10243587,155,CDS
36109,10243320,10243379,59,CDS
36110,10246790,10247771,981,gene
36111,10246790,10247771,981,ncRNA
36112,10247805,10248588,783,gene
36113,10247805,10248588,783,ncRNA
36114,10263909,10267111,3202,gene
36115,10267027,10267111,84,mRNA
36116,10266661,10266952,291,mRNA
36117,10266546,10266606,60,mRNA
36118,10266327,10266479,152,mRNA
36119,10263909,10266270,2361,mRNA
36120,10267027,10267065,38,CDS
36121,10266661,10266952,291,CDS
36122,10266546,10266606,60,CDS
36123,10266327,10266479,152,CDS
36124,10263987,10266270,2283,CDS
36125,10269482,10270353,871,gene
36126,10269482,10270353,871,ncRNA
36127,10273204,10274624,1420,gene
36128,10273204,10273538,334,mRNA
36129,10273660,10274097,437,mRNA
36130,10274170,10274359,189,mRNA
36131,10274412,10274624,212,mRNA
36132,10273204,10273538,334,CDS
36133,10273660,10274097,437,CDS
36134,10274170,10274359,189,CDS
36135,10274412,10274624,212,CDS
36136,10286900,10307954,21054,gene
36137,10286900,10307954,21054,ncRNA
36138,10306678,10320600,13922,gene
36139,10306678,10307132,454,ncRNA
36140,10313115,10320600,7485,ncRNA
36141,10306884,10307132,248,ncRNA
36142,10313115,10320600,7485,ncRNA
36143,10319785,10319883,98,gene
36144,10319785,10319883,98,precursor_RNA
36145,10319807,10319829,22,ncRNA
36146,10319846,10319867,21,ncRNA
36147,10323501,10367450,43949,gene
36148,10323501,10323871,370,ncRNA
36149,10326637,10327662,1025,ncRNA
36150,10348193,10348230,37,ncRNA
36151,10358991,10367450,8459,ncRNA
36152,10323501,10323871,370,ncRNA
36153,10348193,10348230,37,ncRNA
36154,10358991,10367450,8459,ncRNA
36155,10326765,10327662,897,ncRNA
36156,10348193,10348230,37,ncRNA
36157,10358991,10367450,8459,ncRNA
36158,10332461,10332800,339,ncRNA
36159,10348193,10348230,37,ncRNA
36160,10358991,10367450,8459,ncRNA
36161,10364019,10367450,3431,ncRNA
36162,10365228,10365325,97,gene
36163,10365228,10365325,97,precursor_RNA
36164,10365243,10365265,22,ncRNA
36165,10365281,10365302,21,ncRNA
36166,10386450,10387797,1347,gene
36167,10386450,10387797,1347,ncRNA
36168,10410872,10411240,368,gene
36169,10410872,10411240,368,ncRNA
36170,10411907,10412377,470,gene
36171,10411907,10412377,470,ncRNA
36172,10412818,10414774,1956,gene
36173,10412818,10414774,1956,mRNA
36174,10412818,10412901,83,mRNA
36175,10412962,10414774,1812,mRNA
36176,10413037,10414572,1535,CDS
36177,10413037,10414572,1535,CDS
36178,10415001,10417305,2304,mobile_element
36179,10429689,10431983,2294,gene
36180,10429689,10431983,2294,mRNA
36181,10430259,10431983,1724,CDS
36182,10432384,10434105,1721,gene
36183,10432384,10434105,1721,mRNA
36184,10432384,10434105,1721,CDS
36185,10439282,10439342,60,mobile_element
36186,10459081,10463101,4020,gene
36187,10462837,10463101,264,mRNA
36188,10459081,10462778,3697,mRNA
36189,10462837,10463101,264,mRNA
36190,10459621,10462778,3157,mRNA
36191,10462837,10463026,189,CDS
36192,10459882,10462778,2896,CDS
36193,10462837,10463026,189,CDS
36194,10459882,10462778,2896,CDS
36195,10463816,10464635,819,gene
36196,10463816,10464635,819,mRNA
36197,10463901,10464545,644,CDS
36198,10465187,10468974,3787,gene
36199,10465187,10465410,223,mRNA
36200,10466185,10468480,2295,mRNA
36201,10466335,10468974,2639,mRNA
36202,10466335,10468480,2145,mRNA
36203,10466512,10468119,1607,CDS
36204,10466512,10468119,1607,CDS
36205,10466512,10468119,1607,CDS
36206,10481412,10594012,112600,gene
36207,10481412,10481945,533,mRNA
36208,10506070,10506563,493,mRNA
36209,10568129,10568605,476,mRNA
36210,10571049,10571246,197,mRNA
36211,10573450,10574154,704,mRNA
36212,10574435,10574488,53,mRNA
36213,10575319,10575411,92,mRNA
36214,10576421,10576475,54,mRNA
36215,10577283,10577324,41,mRNA
36216,10580309,10580329,20,mRNA
36217,10584816,10585539,723,mRNA
36218,10587627,10587687,60,mRNA
36219,10587843,10587896,53,mRNA
36220,10588660,10588731,71,mRNA
36221,10589356,10589516,160,mRNA
36222,10590327,10590390,63,mRNA
36223,10590521,10593403,2882,mRNA
36224,10481412,10481945,533,mRNA
36225,10506070,10506563,493,mRNA
36226,10568129,10568605,476,mRNA
36227,10573450,10574154,704,mRNA
36228,10574435,10574488,53,mRNA
36229,10575319,10575411,92,mRNA
36230,10576421,10576475,54,mRNA
36231,10580309,10580329,20,mRNA
36232,10584816,10585539,723,mRNA
36233,10587627,10587687,60,mRNA
36234,10587843,10587896,53,mRNA
36235,10589356,10589516,160,mRNA
36236,10590327,10590390,63,mRNA
36237,10590521,10590967,446,mRNA
36238,10490861,10492934,2073,gene
36239,10490861,10492934,2073,mRNA
36240,10491174,10492748,1574,CDS
36241,10506501,10506563,62,CDS
36242,10568129,10568605,476,CDS
36243,10571049,10571246,197,CDS
36244,10573450,10574154,704,CDS
36245,10574435,10574488,53,CDS
36246,10575319,10575411,92,CDS
36247,10576421,10576475,54,CDS
36248,10577283,10577324,41,CDS
36249,10580309,10580329,20,CDS
36250,10584816,10585539,723,CDS
36251,10587627,10587687,60,CDS
36252,10587843,10587896,53,CDS
36253,10588660,10588731,71,CDS
36254,10589356,10589516,160,CDS
36255,10590327,10590390,63,CDS
36256,10590521,10590565,44,CDS
36257,10506501,10506563,62,CDS
36258,10568129,10568605,476,CDS
36259,10573450,10574154,704,CDS
36260,10574435,10574488,53,CDS
36261,10575319,10575411,92,CDS
36262,10576421,10576475,54,CDS
36263,10580309,10580329,20,CDS
36264,10584816,10585539,723,CDS
36265,10587627,10587687,60,CDS
36266,10587843,10587896,53,CDS
36267,10589356,10589516,160,CDS
36268,10590327,10590390,63,CDS
36269,10590521,10590565,44,CDS
36270,10516003,10516162,159,mRNA
36271,10517962,10518306,344,mRNA
36272,10568129,10568605,476,mRNA
36273,10571049,10571246,197,mRNA
36274,10573450,10574154,704,mRNA
36275,10574435,10574488,53,mRNA
36276,10575319,10575411,92,mRNA
36277,10576421,10576475,54,mRNA
36278,10580309,10580329,20,mRNA
36279,10584816,10585539,723,mRNA
36280,10587627,10587687,60,mRNA
36281,10589356,10589516,160,mRNA
36282,10590327,10590390,63,mRNA
36283,10590521,10594012,3491,mRNA
36284,10516003,10516162,159,mRNA
36285,10517962,10518306,344,mRNA
36286,10573450,10574154,704,mRNA
36287,10574435,10574488,53,mRNA
36288,10575319,10575411,92,mRNA
36289,10576421,10576475,54,mRNA
36290,10577283,10577324,41,mRNA
36291,10580309,10580329,20,mRNA
36292,10581842,10582118,276,mRNA
36293,10587627,10587687,60,mRNA
36294,10587843,10587896,53,mRNA
36295,10589356,10589516,160,mRNA
36296,10590327,10590390,63,mRNA
36297,10590521,10594012,3491,mRNA
36298,10516003,10516162,159,mRNA
36299,10517962,10518306,344,mRNA
36300,10568129,10568605,476,mRNA
36301,10571049,10571246,197,mRNA
36302,10573450,10574154,704,mRNA
36303,10574435,10574488,53,mRNA
36304,10575319,10575411,92,mRNA
36305,10576421,10576475,54,mRNA
36306,10577283,10577324,41,mRNA
36307,10580309,10580329,20,mRNA
36308,10584816,10585539,723,mRNA
36309,10587627,10587687,60,mRNA
36310,10587843,10587896,53,mRNA
36311,10589356,10589516,160,mRNA
36312,10590327,10590390,63,mRNA
36313,10590521,10593403,2882,mRNA
36314,10516003,10516177,174,mRNA
36315,10517962,10518306,344,mRNA
36316,10568129,10568605,476,mRNA
36317,10573450,10574154,704,mRNA
36318,10574435,10574488,53,mRNA
36319,10575319,10575411,92,mRNA
36320,10576421,10576475,54,mRNA
36321,10580309,10580329,20,mRNA
36322,10584816,10585539,723,mRNA
36323,10587627,10587687,60,mRNA
36324,10587843,10587896,53,mRNA
36325,10588660,10588731,71,mRNA
36326,10589356,10589516,160,mRNA
36327,10590327,10590390,63,mRNA
36328,10590521,10590967,446,mRNA
36329,10516003,10516162,159,mRNA
36330,10517962,10518306,344,mRNA
36331,10568129,10568605,476,mRNA
36332,10573450,10574154,704,mRNA
36333,10574435,10574488,53,mRNA
36334,10575319,10575411,92,mRNA
36335,10576421,10576475,54,mRNA
36336,10580309,10580329,20,mRNA
36337,10581842,10582118,276,mRNA
36338,10587627,10587687,60,mRNA
36339,10590120,10590390,270,mRNA
36340,10590521,10590967,446,mRNA
36341,10516003,10516162,159,mRNA
36342,10517962,10518306,344,mRNA
36343,10568129,10568605,476,mRNA
36344,10573450,10574154,704,mRNA
36345,10574435,10574488,53,mRNA
36346,10575319,10575411,92,mRNA
36347,10576421,10576475,54,mRNA
36348,10580309,10580329,20,mRNA
36349,10584816,10585539,723,mRNA
36350,10587627,10587687,60,mRNA
36351,10590120,10590390,270,mRNA
36352,10590521,10590967,446,mRNA
36353,10516003,10516162,159,mRNA
36354,10517962,10518306,344,mRNA
36355,10568129,10568605,476,mRNA
36356,10571049,10571246,197,mRNA
36357,10573450,10574154,704,mRNA
36358,10574435,10574488,53,mRNA
36359,10575319,10575411,92,mRNA
36360,10576421,10576475,54,mRNA
36361,10577283,10577324,41,mRNA
36362,10580309,10580329,20,mRNA
36363,10581842,10582118,276,mRNA
36364,10587627,10587687,60,mRNA
36365,10587843,10587896,53,mRNA
36366,10588660,10588731,71,mRNA
36367,10589356,10589516,160,mRNA
36368,10590327,10590390,63,mRNA
36369,10590521,10590925,404,mRNA
36370,10518295,10518306,11,CDS
36371,10568129,10568605,476,CDS
36372,10571049,10571246,197,CDS
36373,10573450,10574154,704,CDS
36374,10574435,10574488,53,CDS
36375,10575319,10575411,92,CDS
36376,10576421,10576475,54,CDS
36377,10577283,10577324,41,CDS
36378,10580309,10580329,20,CDS
36379,10581842,10582118,276,CDS
36380,10587627,10587687,60,CDS
36381,10587843,10587896,53,CDS
36382,10588660,10588731,71,CDS
36383,10589356,10589516,160,CDS
36384,10590327,10590390,63,CDS
36385,10590521,10590565,44,CDS
36386,10518295,10518306,11,CDS
36387,10568129,10568605,476,CDS
36388,10571049,10571246,197,CDS
36389,10573450,10574154,704,CDS
36390,10574435,10574488,53,CDS
36391,10575319,10575411,92,CDS
36392,10576421,10576475,54,CDS
36393,10577283,10577324,41,CDS
36394,10580309,10580329,20,CDS
36395,10584816,10585539,723,CDS
36396,10587627,10587687,60,CDS
36397,10587843,10587896,53,CDS
36398,10589356,10589516,160,CDS
36399,10590327,10590390,63,CDS
36400,10590521,10590565,44,CDS
36401,10518295,10518306,11,CDS
36402,10568129,10568605,476,CDS
36403,10571049,10571246,197,CDS
36404,10573450,10574154,704,CDS
36405,10574435,10574488,53,CDS
36406,10575319,10575411,92,CDS
36407,10576421,10576475,54,CDS
36408,10580309,10580329,20,CDS
36409,10584816,10585539,723,CDS
36410,10587627,10587687,60,CDS
36411,10589356,10589516,160,CDS
36412,10590327,10590390,63,CDS
36413,10590521,10590565,44,CDS
36414,10518295,10518306,11,CDS
36415,10568129,10568605,476,CDS
36416,10573450,10574154,704,CDS
36417,10574435,10574488,53,CDS
36418,10575319,10575411,92,CDS
36419,10576421,10576475,54,CDS
36420,10580309,10580329,20,CDS
36421,10584816,10585539,723,CDS
36422,10587627,10587687,60,CDS
36423,10587843,10587896,53,CDS
36424,10588660,10588731,71,CDS
36425,10589356,10589516,160,CDS
36426,10590327,10590390,63,CDS
36427,10590521,10590565,44,CDS
36428,10518295,10518306,11,CDS
36429,10573450,10574154,704,CDS
36430,10574435,10574488,53,CDS
36431,10575319,10575411,92,CDS
36432,10576421,10576475,54,CDS
36433,10577283,10577324,41,CDS
36434,10580309,10580329,20,CDS
36435,10581842,10582118,276,CDS
36436,10587627,10587687,60,CDS
36437,10587843,10587896,53,CDS
36438,10589356,10589516,160,CDS
36439,10590327,10590390,63,CDS
36440,10590521,10590565,44,CDS
36441,10518295,10518306,11,CDS
36442,10568129,10568605,476,CDS
36443,10573450,10574154,704,CDS
36444,10574435,10574488,53,CDS
36445,10575319,10575411,92,CDS
36446,10576421,10576475,54,CDS
36447,10580309,10580329,20,CDS
36448,10581842,10582118,276,CDS
36449,10587627,10587687,60,CDS
36450,10590120,10590209,89,CDS
36451,10518295,10518306,11,CDS
36452,10568129,10568605,476,CDS
36453,10573450,10574154,704,CDS
36454,10574435,10574488,53,CDS
36455,10575319,10575411,92,CDS
36456,10576421,10576475,54,CDS
36457,10580309,10580329,20,CDS
36458,10584816,10585539,723,CDS
36459,10587627,10587687,60,CDS
36460,10590120,10590209,89,CDS
36461,10537618,10537758,140,gene
36462,10537618,10537758,140,ncRNA
36463,10557023,10559082,2059,gene
36464,10558806,10559082,276,mRNA
36465,10557865,10558743,878,mRNA
36466,10557023,10557783,760,mRNA
36467,10558806,10559082,276,mRNA
36468,10558165,10558743,578,mRNA
36469,10558806,10558925,119,CDS
36470,10558363,10558743,380,CDS
36471,10558806,10558925,119,CDS
36472,10558363,10558743,380,CDS
36473,10603772,10604509,737,gene
36474,10604209,10604509,300,ncRNA
36475,10603772,10604150,378,ncRNA
36476,10623066,10623576,510,gene
36477,10623509,10623576,67,mRNA
36478,10623066,10623454,388,mRNA
36479,10623509,10623563,54,CDS
36480,10623138,10623454,316,CDS
36481,10624728,10625599,871,gene
36482,10625395,10625599,204,mRNA
36483,10625217,10625335,118,mRNA
36484,10625001,10625151,150,mRNA
36485,10624728,10624939,211,mRNA
36486,10625395,10625599,204,mRNA
36487,10625206,10625335,129,mRNA
36488,10625001,10625151,150,mRNA
36489,10624728,10624939,211,mRNA
36490,10625395,10625563,168,CDS
36491,10625217,10625335,118,CDS
36492,10625001,10625151,150,CDS
36493,10624806,10624939,133,CDS
36494,10625395,10625563,168,CDS
36495,10625206,10625335,129,CDS
36496,10625133,10625151,18,CDS
36497,10626499,10627439,940,gene
36498,10626499,10626678,179,mRNA
36499,10626746,10626829,83,mRNA
36500,10626895,10627042,147,mRNA
36501,10627098,10627439,341,mRNA
36502,10626568,10626678,110,CDS
36503,10626746,10626829,83,CDS
36504,10626895,10627042,147,CDS
36505,10627098,10627375,277,CDS
36506,10627680,10628484,804,gene
36507,10628340,10628484,144,mRNA
36508,10628048,10628279,231,mRNA
36509,10627680,10627985,305,mRNA
36510,10628340,10628453,113,CDS
36511,10628048,10628279,231,CDS
36512,10627741,10627985,244,CDS
36513,10629083,10630069,986,gene
36514,10629865,10630069,204,mRNA
36515,10629718,10629801,83,mRNA
36516,10629512,10629659,147,mRNA
36517,10629360,10629458,98,mRNA
36518,10629083,10629309,226,mRNA
36519,10629865,10629996,131,CDS
36520,10629718,10629801,83,CDS
36521,10629512,10629659,147,CDS
36522,10629360,10629458,98,CDS
36523,10629218,10629309,91,CDS
36524,10630034,10630935,901,gene
36525,10630703,10630935,232,mRNA
36526,10630558,10630641,83,mRNA
36527,10630353,10630500,147,mRNA
36528,10630215,10630295,80,mRNA
36529,10630034,10630161,127,mRNA
36530,10630703,10630891,188,CDS
36531,10630558,10630641,83,CDS
36532,10630353,10630500,147,CDS
36533,10630215,10630295,80,CDS
36534,10630100,10630161,61,CDS
36535,10631079,10634612,3533,gene
36536,10631079,10631195,116,mRNA
36537,10634075,10634198,123,mRNA
36538,10634267,10634612,345,mRNA
36539,10631079,10631195,116,mRNA
36540,10634075,10634198,123,mRNA
36541,10634297,10634612,315,mRNA
36542,10631079,10633969,2890,gene
36543,10631079,10631195,116,mRNA
36544,10631366,10631459,93,mRNA
36545,10631520,10633318,1798,mRNA
36546,10633376,10633969,593,mRNA
36547,10631176,10631195,19,CDS
36548,10634075,10634198,123,CDS
36549,10634267,10634572,305,CDS
36550,10631176,10631195,19,CDS
36551,10634075,10634198,123,CDS
36552,10634297,10634572,275,CDS
36553,10631342,10631459,117,mRNA
36554,10631520,10633318,1798,mRNA
36555,10633376,10633969,593,mRNA
36556,10631408,10631459,51,CDS
36557,10631520,10633318,1798,CDS
36558,10633376,10633921,545,CDS
36559,10631408,10631459,51,CDS
36560,10631520,10633318,1798,CDS
36561,10633376,10633921,545,CDS
36562,10634575,10638130,3555,gene
36563,10638042,10638130,88,mRNA
36564,10637640,10637976,336,mRNA
36565,10636846,10637577,731,mRNA
36566,10636624,10636784,160,mRNA
36567,10635996,10636093,97,mRNA
36568,10635748,10635937,189,mRNA
36569,10635116,10635685,569,mRNA
36570,10634575,10635047,472,mRNA
36571,10637640,10637879,239,mRNA
36572,10636846,10637577,731,mRNA
36573,10636624,10636784,160,mRNA
36574,10635996,10636093,97,mRNA
36575,10635748,10635937,189,mRNA
36576,10635116,10635685,569,mRNA
36577,10634575,10635047,472,mRNA
36578,10637640,10637879,239,mRNA
36579,10636846,10637577,731,mRNA
36580,10636624,10636784,160,mRNA
36581,10636426,10636440,14,mRNA
36582,10635996,10636093,97,mRNA
36583,10635748,10635937,189,mRNA
36584,10635116,10635685,569,mRNA
36585,10634575,10635047,472,mRNA
36586,10637640,10637761,121,CDS
36587,10636846,10637577,731,CDS
36588,10636624,10636784,160,CDS
36589,10635996,10636093,97,CDS
36590,10635748,10635937,189,CDS
36591,10635116,10635685,569,CDS
36592,10634638,10635047,409,CDS
36593,10637640,10637761,121,CDS
36594,10636846,10637577,731,CDS
36595,10636624,10636784,160,CDS
36596,10635996,10636093,97,CDS
36597,10635748,10635937,189,CDS
36598,10635116,10635685,569,CDS
36599,10634638,10635047,409,CDS
36600,10637640,10637761,121,CDS
36601,10636846,10637577,731,CDS
36602,10636624,10636784,160,CDS
36603,10636426,10636440,14,CDS
36604,10635996,10636093,97,CDS
36605,10635748,10635937,189,CDS
36606,10635116,10635685,569,CDS
36607,10634638,10635047,409,CDS
36608,10638146,10639678,1532,gene
36609,10638146,10638325,179,mRNA
36610,10638423,10638494,71,mRNA
36611,10638554,10638700,146,mRNA
36612,10639215,10639678,463,mRNA
36613,10638146,10638325,179,mRNA
36614,10638423,10638494,71,mRNA
36615,10638566,10638700,134,mRNA
36616,10639215,10639631,416,mRNA
36617,10638304,10638325,21,CDS
36618,10638423,10638494,71,CDS
36619,10638554,10638700,146,CDS
36620,10639215,10639369,154,CDS
36621,10638304,10638325,21,CDS
36622,10638423,10638494,71,CDS
36623,10638566,10638700,134,CDS
36624,10639215,10639369,154,CDS
36625,10639740,10640136,396,gene
36626,10639740,10639856,116,mRNA
36627,10639920,10640136,216,mRNA
36628,10639799,10639856,57,CDS
36629,10639920,10640053,133,CDS
36630,10640286,10661013,20727,gene
36631,10659365,10659981,616,mRNA
36632,10646863,10647126,263,mRNA
36633,10641532,10641794,262,mRNA
36634,10640286,10641465,1179,mRNA
36635,10660783,10661013,230,mRNA
36636,10659365,10659668,303,mRNA
36637,10646863,10647126,263,mRNA
36638,10641532,10641794,262,mRNA
36639,10640416,10641465,1049,mRNA
36640,10659365,10659547,182,CDS
36641,10646863,10647126,263,CDS
36642,10641532,10641794,262,CDS
36643,10641201,10641465,264,CDS
36644,10659365,10659547,182,CDS
36645,10646863,10647126,263,CDS
36646,10641532,10641794,262,CDS
36647,10641201,10641465,264,CDS
36648,10641889,10643009,1120,gene
36649,10641889,10642601,712,mRNA
36650,10642704,10643009,305,mRNA
36651,10641889,10641981,92,mRNA
36652,10642049,10642601,552,mRNA
36653,10642704,10643009,305,mRNA
36654,10641974,10641981,7,CDS
36655,10642049,10642601,552,CDS
36656,10642704,10642877,173,CDS
36657,10642026,10642601,575,CDS
36658,10642704,10642877,173,CDS
36659,10643528,10644615,1087,gene
36660,10643528,10643590,62,mRNA
36661,10643657,10644615,958,mRNA
36662,10643543,10643590,47,CDS
36663,10643657,10644322,665,CDS
36664,10661475,10663157,1682,gene
36665,10661475,10661781,306,mRNA
36666,10661850,10662623,773,mRNA
36667,10662684,10663157,473,mRNA
36668,10661475,10661781,306,mRNA
36669,10661850,10662623,773,mRNA
36670,10662684,10662970,286,mRNA
36671,10661575,10661781,206,CDS
36672,10661850,10662623,773,CDS
36673,10662684,10662926,242,CDS
36674,10661575,10661781,206,CDS
36675,10661850,10662623,773,CDS
36676,10662684,10662926,242,CDS
36677,10663376,10664435,1059,gene
36678,10663376,10663568,192,mRNA
36679,10663650,10663727,77,mRNA
36680,10663790,10663917,127,mRNA
36681,10664075,10664168,93,mRNA
36682,10664228,10664435,207,mRNA
36683,10663446,10663568,122,CDS
36684,10663650,10663727,77,CDS
36685,10663790,10663917,127,CDS
36686,10664075,10664168,93,CDS
36687,10664228,10664365,137,CDS
36688,10664739,10690734,25995,gene
36689,10664739,10665370,631,mRNA
36690,10685010,10685894,884,mRNA
36691,10685964,10686261,297,mRNA
36692,10687076,10687162,86,mRNA
36693,10687238,10687339,101,mRNA
36694,10687405,10687603,198,mRNA
36695,10687665,10688597,932,mRNA
36696,10688679,10688843,164,mRNA
36697,10688926,10690734,1808,mRNA
36698,10664739,10665370,631,mRNA
36699,10685010,10685894,884,mRNA
36700,10685964,10686261,297,mRNA
36701,10687052,10687162,110,mRNA
36702,10687238,10687339,101,mRNA
36703,10687405,10687603,198,mRNA
36704,10687665,10688597,932,mRNA
36705,10688679,10688780,101,mRNA
36706,10688926,10689303,377,mRNA
36707,10664739,10665370,631,mRNA
36708,10685010,10685894,884,mRNA
36709,10685964,10686261,297,mRNA
36710,10687076,10687162,86,mRNA
36711,10687238,10687339,101,mRNA
36712,10687405,10687603,198,mRNA
36713,10687665,10688597,932,mRNA
36714,10688679,10688780,101,mRNA
36715,10688926,10689303,377,mRNA
36716,10664739,10665370,631,mRNA
36717,10685010,10685894,884,mRNA
36718,10685964,10686261,297,mRNA
36719,10687076,10687162,86,mRNA
36720,10687238,10687339,101,mRNA
36721,10687405,10687603,198,mRNA
36722,10687665,10688597,932,mRNA
36723,10688691,10688780,89,mRNA
36724,10688926,10689303,377,mRNA
36725,10664739,10664808,69,mRNA
36726,10665050,10665370,320,mRNA
36727,10685010,10685894,884,mRNA
36728,10685964,10686261,297,mRNA
36729,10687076,10687162,86,mRNA
36730,10687238,10687339,101,mRNA
36731,10687405,10687603,198,mRNA
36732,10687665,10688597,932,mRNA
36733,10688679,10688780,101,mRNA
36734,10688926,10689303,377,mRNA
36735,10668518,10668552,34,mobile_element
36736,10685050,10685894,844,CDS
36737,10685964,10686261,297,CDS
36738,10687052,10687162,110,CDS
36739,10687238,10687339,101,CDS
36740,10687405,10687603,198,CDS
36741,10687665,10688597,932,CDS
36742,10688679,10688780,101,CDS
36743,10688926,10689110,184,CDS
36744,10685050,10685894,844,CDS
36745,10685964,10686261,297,CDS
36746,10687076,10687162,86,CDS
36747,10687238,10687339,101,CDS
36748,10687405,10687603,198,CDS
36749,10687665,10688597,932,CDS
36750,10688679,10688843,164,CDS
36751,10688926,10689110,184,CDS
36752,10685050,10685894,844,CDS
36753,10685964,10686261,297,CDS
36754,10687076,10687162,86,CDS
36755,10687238,10687339,101,CDS
36756,10687405,10687603,198,CDS
36757,10687665,10688597,932,CDS
36758,10688679,10688780,101,CDS
36759,10688926,10689110,184,CDS
36760,10685050,10685894,844,CDS
36761,10685964,10686261,297,CDS
36762,10687076,10687162,86,CDS
36763,10687238,10687339,101,CDS
36764,10687405,10687603,198,CDS
36765,10687665,10688597,932,CDS
36766,10688679,10688780,101,CDS
36767,10688926,10689110,184,CDS
36768,10685050,10685894,844,CDS
36769,10685964,10686261,297,CDS
36770,10687076,10687162,86,CDS
36771,10687238,10687339,101,CDS
36772,10687405,10687603,198,CDS
36773,10687665,10688597,932,CDS
36774,10688691,10688780,89,CDS
36775,10688926,10689110,184,CDS
36776,10691024,10692598,1574,gene
36777,10691024,10692598,1574,mRNA
36778,10691176,10691877,701,CDS
36779,10692530,10693167,637,gene
36780,10692889,10693167,278,mRNA
36781,10692530,10692808,278,mRNA
36782,10692576,10693167,591,mRNA
36783,10692889,10693123,234,CDS
36784,10692759,10692808,49,CDS
36785,10692815,10693123,308,CDS
36786,10693184,10694108,924,gene
36787,10693997,10694108,111,mRNA
36788,10693706,10693867,161,mRNA
36789,10693184,10693506,322,mRNA
36790,10693997,10694017,20,CDS
36791,10693706,10693867,161,CDS
36792,10693315,10693506,191,CDS
36793,10694360,10696877,2517,gene
36794,10696579,10696877,298,mRNA
36795,10695629,10695704,75,mRNA
36796,10695024,10695367,343,mRNA
36797,10694360,10694726,366,mRNA
36798,10696579,10696877,298,mRNA
36799,10695629,10695704,75,mRNA
36800,10695024,10695415,391,mRNA
36801,10694360,10694726,366,mRNA
36802,10696567,10696877,310,mRNA
36803,10695629,10695704,75,mRNA
36804,10695024,10695367,343,mRNA
36805,10694360,10694726,366,mRNA
36806,10696567,10696877,310,mRNA
36807,10695629,10695704,75,mRNA
36808,10695024,10695415,391,mRNA
36809,10694360,10694726,366,mRNA
36810,10696579,10696644,65,CDS
36811,10695629,10695704,75,CDS
36812,10695024,10695367,343,CDS
36813,10694535,10694726,191,CDS
36814,10696579,10696644,65,CDS
36815,10695629,10695704,75,CDS
36816,10695024,10695415,391,CDS
36817,10694535,10694726,191,CDS
36818,10696567,10696644,77,CDS
36819,10695629,10695704,75,CDS
36820,10695024,10695367,343,CDS
36821,10694535,10694726,191,CDS
36822,10696567,10696644,77,CDS
36823,10695629,10695704,75,CDS
36824,10695024,10695415,391,CDS
36825,10694535,10694726,191,CDS
36826,10771925,10773399,1474,gene
36827,10771925,10772363,438,mRNA
36828,10772440,10772552,112,mRNA
36829,10772788,10773399,611,mRNA
36830,10771925,10772363,438,mRNA
36831,10772440,10772552,112,mRNA
36832,10772788,10773229,441,mRNA
36833,10773304,10773399,95,mRNA
36834,10772356,10772363,7,CDS
36835,10772440,10772552,112,CDS
36836,10772788,10772867,79,CDS
36837,10772356,10772363,7,CDS
36838,10772440,10772552,112,CDS
36839,10772788,10772867,79,CDS
36840,10784590,10785360,770,gene
36841,10784590,10784626,36,ncRNA
36842,10784892,10785360,468,ncRNA
36843,10789334,10789876,542,gene
36844,10789334,10789876,542,ncRNA
36845,10794964,10795175,211,gene
36846,10794964,10795175,211,ncRNA
36847,10796802,10797361,559,gene
36848,10796802,10797361,559,ncRNA
36849,10797626,10798408,782,gene
36850,10797626,10798408,782,ncRNA
36851,10801190,10802350,1160,gene
36852,10801190,10802350,1160,mRNA
36853,10801190,10802101,911,mRNA
36854,10801230,10801982,752,CDS
36855,10801230,10801982,752,CDS
36856,10803997,10805934,1937,gene
36857,10803997,10805934,1937,ncRNA
36858,10805214,10805934,720,ncRNA
36859,10814819,10816084,1265,gene
36860,10814819,10816084,1265,mRNA
36861,10815069,10815443,374,CDS
36862,10816581,10817182,601,gene
36863,10816581,10817182,601,ncRNA
36864,10825144,10825601,457,gene
36865,10825144,10825601,457,ncRNA
36866,10850070,10850690,620,gene
36867,10850584,10850690,106,ncRNA
36868,10850070,10850502,432,ncRNA
36869,10857889,10876496,18607,gene
36870,10857889,10858686,797,mRNA
36871,10870041,10870593,552,mRNA
36872,10870718,10870879,161,mRNA
36873,10871330,10872099,769,mRNA
36874,10872159,10872277,118,mRNA
36875,10872345,10872477,132,mRNA
36876,10872545,10872758,213,mRNA
36877,10872834,10873576,742,mRNA
36878,10873645,10873774,129,mRNA
36879,10873878,10874264,386,mRNA
36880,10874336,10874646,310,mRNA
36881,10858404,10859054,650,mRNA
36882,10870041,10870593,552,mRNA
36883,10870718,10870879,161,mRNA
36884,10871330,10872099,769,mRNA
36885,10872159,10872277,118,mRNA
36886,10872345,10872477,132,mRNA
36887,10872545,10872758,213,mRNA
36888,10872834,10873576,742,mRNA
36889,10873645,10873774,129,mRNA
36890,10873878,10874264,386,mRNA
36891,10874336,10876496,2160,mRNA
36892,10858622,10858686,64,CDS
36893,10870041,10870593,552,CDS
36894,10870718,10870879,161,CDS
36895,10871330,10872099,769,CDS
36896,10872159,10872277,118,CDS
36897,10872345,10872477,132,CDS
36898,10872545,10872758,213,CDS
36899,10872834,10873576,742,CDS
36900,10873645,10873774,129,CDS
36901,10873878,10874264,386,CDS
36902,10874336,10874467,131,CDS
36903,10869828,10870593,765,mRNA
36904,10870718,10870879,161,mRNA
36905,10871330,10872099,769,mRNA
36906,10872159,10872277,118,mRNA
36907,10872345,10872477,132,mRNA
36908,10872545,10872758,213,mRNA
36909,10872834,10873576,742,mRNA
36910,10873645,10873774,129,mRNA
36911,10873878,10874264,386,mRNA
36912,10874336,10875743,1407,mRNA
36913,10869934,10870593,659,CDS
36914,10870718,10870879,161,CDS
36915,10871330,10872099,769,CDS
36916,10872159,10872277,118,CDS
36917,10872345,10872477,132,CDS
36918,10872545,10872758,213,CDS
36919,10872834,10873576,742,CDS
36920,10873645,10873774,129,CDS
36921,10873878,10874264,386,CDS
36922,10874336,10874467,131,CDS
36923,10870054,10870593,539,CDS
36924,10870718,10870879,161,CDS
36925,10871330,10872099,769,CDS
36926,10872159,10872277,118,CDS
36927,10872345,10872477,132,CDS
36928,10872545,10872758,213,CDS
36929,10872834,10873576,742,CDS
36930,10873645,10873774,129,CDS
36931,10873878,10874264,386,CDS
36932,10874336,10874467,131,CDS
36933,10876315,10879037,2722,gene
36934,10876315,10879037,2722,mRNA
36935,10876570,10878945,2375,CDS
36936,10879085,10880188,1103,gene
36937,10879085,10879313,228,mRNA
36938,10879368,10880188,820,mRNA
36939,10879085,10879313,228,mRNA
36940,10879368,10879797,429,mRNA
36941,10879170,10879313,143,CDS
36942,10879368,10879733,365,CDS
36943,10879170,10879313,143,CDS
36944,10879368,10879733,365,CDS
36945,10880699,10882386,1687,gene
36946,10882007,10882386,379,mRNA
36947,10880699,10881862,1163,mRNA
36948,10882007,10882054,47,mRNA
36949,10880699,10881862,1163,mRNA
36950,10882007,10882018,11,CDS
36951,10880792,10881862,1070,CDS
36952,10882007,10882018,11,CDS
36953,10880792,10881862,1070,CDS
36954,10882890,10883573,683,gene
36955,10882890,10883083,193,mRNA
36956,10883139,10883573,434,mRNA
36957,10882963,10883083,120,CDS
36958,10883139,10883488,349,CDS
36959,10884261,10886471,2210,gene
36960,10885902,10886050,148,mRNA
36961,10884734,10885790,1056,mRNA
36962,10884261,10884659,398,mRNA
36963,10886384,10886471,87,mRNA
36964,10885902,10886173,271,mRNA
36965,10884734,10885790,1056,mRNA
36966,10884262,10884659,397,mRNA
36967,10885902,10885985,83,CDS
36968,10884734,10885790,1056,CDS
36969,10884475,10884659,184,CDS
36970,10885902,10885985,83,CDS
36971,10884734,10885790,1056,CDS
36972,10884475,10884659,184,CDS
36973,10889990,10890700,710,gene
36974,10889990,10890060,70,mRNA
36975,10890218,10890700,482,mRNA
36976,10890049,10890060,11,CDS
36977,10890218,10890610,392,CDS
36978,10891714,10892516,802,gene
36979,10891714,10891779,65,mRNA
36980,10892018,10892516,498,mRNA
36981,10891768,10891779,11,CDS
36982,10892018,10892410,392,CDS
36983,10893646,10894743,1097,gene
36984,10894700,10894743,43,ncRNA
36985,10893646,10894625,979,ncRNA
36986,10894173,10894693,520,gene
36987,10894173,10894202,29,mRNA
36988,10894267,10894693,426,mRNA
36989,10894191,10894202,11,CDS
36990,10894267,10894623,356,CDS
36991,10894776,10899123,4347,gene
36992,10898736,10899123,387,mRNA
36993,10897978,10898444,466,mRNA
36994,10896779,10896877,98,mRNA
36995,10896469,10896624,155,mRNA
36996,10894776,10896409,1633,mRNA
36997,10897898,10898573,675,mRNA
36998,10896779,10896877,98,mRNA
36999,10896469,10896624,155,mRNA
37000,10894776,10896409,1633,mRNA
37001,10897978,10899123,1145,mRNA
37002,10896779,10896877,98,mRNA
37003,10896469,10896624,155,mRNA
37004,10895447,10896409,962,mRNA
37005,10896779,10896877,98,CDS
37006,10896469,10896624,155,CDS
37007,10896131,10896409,278,CDS
37008,10896779,10896877,98,CDS
37009,10896469,10896624,155,CDS
37010,10896131,10896409,278,CDS
37011,10896779,10896877,98,CDS
37012,10896469,10896624,155,CDS
37013,10896131,10896409,278,CDS
37014,10959231,10960005,774,gene
37015,10959231,10960005,774,ncRNA
37016,10959231,10959601,370,ncRNA
37017,10961500,10962141,641,gene
37018,10961500,10962141,641,ncRNA
37019,10972648,10973476,828,gene
37020,10972648,10972743,95,mRNA
37021,10972812,10973476,664,mRNA
37022,10972738,10972743,5,CDS
37023,10972812,10973267,455,CDS
37024,10978011,10978302,291,gene
37025,10978011,10978302,291,ncRNA
37026,10981171,11009188,28017,gene
37027,11008350,11009188,838,mRNA
37028,10996227,10996277,50,mRNA
37029,10981171,10985072,3901,mRNA
37030,11008350,11008833,483,mRNA
37031,10996227,10996277,50,mRNA
37032,10981171,10985072,3901,mRNA
37033,11008350,11008833,483,mRNA
37034,10996227,10996277,50,mRNA
37035,10981738,10985072,3334,mRNA
37036,11008350,11008833,483,mRNA
37037,10996227,10996277,50,mRNA
37038,10981738,10985072,3334,mRNA
37039,10982445,10984901,2456,CDS
37040,10982490,10984901,2411,CDS
37041,10982490,10984901,2411,CDS
37042,10982490,10984901,2411,CDS
37043,11001409,11001489,80,gene
37044,11001409,11001489,80,ncRNA
37045,11023535,11024846,1311,gene
37046,11023535,11024846,1311,mRNA
37047,11023539,11024606,1067,CDS
37048,11025561,11027332,1771,gene
37049,11025561,11025643,82,mRNA
37050,11025698,11025751,53,mRNA
37051,11025814,11025964,150,mRNA
37052,11026024,11026145,121,mRNA
37053,11026200,11026426,226,mRNA
37054,11026486,11026616,130,mRNA
37055,11026665,11026843,178,mRNA
37056,11026906,11027332,426,mRNA
37057,11025561,11025643,82,CDS
37058,11025698,11025751,53,CDS
37059,11025814,11025964,150,CDS
37060,11026024,11026145,121,CDS
37061,11026200,11026426,226,CDS
37062,11026486,11026616,130,CDS
37063,11026665,11026843,178,CDS
37064,11026906,11027332,426,CDS
37065,11027579,11029444,1865,gene
37066,11027579,11027618,39,mRNA
37067,11027670,11027714,44,mRNA
37068,11027772,11027922,150,mRNA
37069,11027984,11028466,482,mRNA
37070,11028539,11028717,178,mRNA
37071,11028777,11029444,667,mRNA
37072,11027605,11027618,13,CDS
37073,11027670,11027714,44,CDS
37074,11027772,11027922,150,CDS
37075,11027984,11028466,482,CDS
37076,11028539,11028717,178,CDS
37077,11028777,11029320,543,CDS
37078,11034802,11035905,1103,gene
37079,11034802,11035157,355,ncRNA
37080,11035652,11035905,253,ncRNA
37081,11036358,11051371,15013,gene
37082,11051262,11051371,109,mRNA
37083,11039998,11040068,70,mRNA
37084,11039618,11039764,146,mRNA
37085,11037622,11038434,812,mRNA
37086,11037396,11037555,159,mRNA
37087,11036358,11037244,886,mRNA
37088,11051262,11051371,109,mRNA
37089,11040422,11040667,245,mRNA
37090,11039998,11040068,70,mRNA
37091,11039618,11039764,146,mRNA
37092,11037622,11038434,812,mRNA
37093,11037396,11037555,159,mRNA
37094,11036358,11037244,886,mRNA
37095,11050292,11050440,148,mRNA
37096,11039998,11040068,70,mRNA
37097,11039618,11039764,146,mRNA
37098,11037622,11038434,812,mRNA
37099,11037396,11037555,159,mRNA
37100,11036358,11037244,886,mRNA
37101,11048862,11048951,89,mRNA
37102,11039998,11040068,70,mRNA
37103,11039618,11039764,146,mRNA
37104,11037622,11038434,812,mRNA
37105,11037396,11037555,159,mRNA
37106,11036358,11037244,886,mRNA
37107,11046494,11046640,146,mRNA
37108,11046178,11046351,173,mRNA
37109,11039998,11040068,70,mRNA
37110,11039618,11039764,146,mRNA
37111,11037622,11038434,812,mRNA
37112,11037396,11037555,159,mRNA
37113,11036358,11037244,886,mRNA
37114,11046178,11046640,462,mRNA
37115,11039998,11040068,70,mRNA
37116,11039618,11039764,146,mRNA
37117,11037622,11038434,812,mRNA
37118,11037396,11037555,159,mRNA
37119,11036358,11037244,886,mRNA
37120,11039618,11039920,302,mRNA
37121,11037622,11038434,812,mRNA
37122,11037396,11037555,159,mRNA
37123,11036358,11037244,886,mRNA
37124,11051262,11051279,17,CDS
37125,11039998,11040068,70,CDS
37126,11039618,11039764,146,CDS
37127,11037622,11038434,812,CDS
37128,11037396,11037555,159,CDS
37129,11036981,11037244,263,CDS
37130,11051262,11051279,17,CDS
37131,11040422,11040667,245,CDS
37132,11039998,11040068,70,CDS
37133,11039618,11039764,146,CDS
37134,11037622,11038434,812,CDS
37135,11037396,11037555,159,CDS
37136,11036981,11037244,263,CDS
37137,11050292,11050336,44,CDS
37138,11039998,11040068,70,CDS
37139,11039618,11039764,146,CDS
37140,11037622,11038434,812,CDS
37141,11037396,11037555,159,CDS
37142,11036981,11037244,263,CDS
37143,11046178,11046231,53,CDS
37144,11039998,11040068,70,CDS
37145,11039618,11039764,146,CDS
37146,11037622,11038434,812,CDS
37147,11037396,11037555,159,CDS
37148,11036981,11037244,263,CDS
37149,11046178,11046231,53,CDS
37150,11039998,11040068,70,CDS
37151,11039618,11039764,146,CDS
37152,11037622,11038434,812,CDS
37153,11037396,11037555,159,CDS
37154,11036981,11037244,263,CDS
37155,11039618,11039829,211,CDS
37156,11037622,11038434,812,CDS
37157,11037396,11037555,159,CDS
37158,11036981,11037244,263,CDS
37159,11039618,11039748,130,CDS
37160,11037622,11038434,812,CDS
37161,11037396,11037555,159,CDS
37162,11036981,11037244,263,CDS
37163,11050408,11050908,500,gene
37164,11050408,11050659,251,ncRNA
37165,11050739,11050908,169,ncRNA
37166,11054035,11059659,5624,gene
37167,11054035,11054359,324,mRNA
37168,11057554,11057707,153,mRNA
37169,11057766,11057952,186,mRNA
37170,11058015,11058640,625,mRNA
37171,11058701,11058876,175,mRNA
37172,11058945,11059100,155,mRNA
37173,11059159,11059659,500,mRNA
37174,11055541,11055853,312,mRNA
37175,11057554,11057707,153,mRNA
37176,11057766,11057952,186,mRNA
37177,11058015,11058640,625,mRNA
37178,11058701,11058876,175,mRNA
37179,11058945,11059100,155,mRNA
37180,11059159,11059659,500,mRNA
37181,11057159,11057185,26,mRNA
37182,11057554,11057707,153,mRNA
37183,11057766,11057952,186,mRNA
37184,11058015,11058640,625,mRNA
37185,11058701,11058876,175,mRNA
37186,11058945,11059100,155,mRNA
37187,11059159,11059659,500,mRNA
37188,11057179,11057185,6,CDS
37189,11057554,11057707,153,CDS
37190,11057766,11057952,186,CDS
37191,11058015,11058640,625,CDS
37192,11058701,11058876,175,CDS
37193,11058945,11059100,155,CDS
37194,11059159,11059250,91,CDS
37195,11057556,11057707,151,CDS
37196,11057766,11057952,186,CDS
37197,11058015,11058640,625,CDS
37198,11058701,11058876,175,CDS
37199,11058945,11059100,155,CDS
37200,11059159,11059250,91,CDS
37201,11057556,11057707,151,CDS
37202,11057766,11057952,186,CDS
37203,11058015,11058640,625,CDS
37204,11058701,11058876,175,CDS
37205,11058945,11059100,155,CDS
37206,11059159,11059250,91,CDS
37207,11059437,11061224,1787,gene
37208,11060968,11061224,256,mRNA
37209,11060786,11060907,121,mRNA
37210,11060420,11060721,301,mRNA
37211,11059437,11060349,912,mRNA
37212,11060968,11061129,161,CDS
37213,11060786,11060907,121,CDS
37214,11060420,11060721,301,CDS
37215,11059679,11060349,670,CDS
37216,11061571,11062215,644,gene
37217,11061571,11062215,644,mRNA
37218,11061639,11062118,479,CDS
37219,11062131,11062614,483,gene
37220,11062456,11062614,158,mRNA
37221,11062291,11062389,98,mRNA
37222,11062131,11062228,97,mRNA
37223,11062456,11062543,87,CDS
37224,11062291,11062389,98,CDS
37225,11062173,11062228,55,CDS
37226,11062726,11064941,2215,gene
37227,11064521,11064941,420,mRNA
37228,11063462,11064461,999,mRNA
37229,11063187,11063401,214,mRNA
37230,11062903,11063123,220,mRNA
37231,11062726,11062823,97,mRNA
37232,11064521,11064737,216,mRNA
37233,11063462,11064461,999,mRNA
37234,11063187,11063401,214,mRNA
37235,11062903,11063123,220,mRNA
37236,11062726,11062823,97,mRNA
37237,11064521,11064660,139,CDS
37238,11063462,11064461,999,CDS
37239,11063187,11063401,214,CDS
37240,11062903,11063123,220,CDS
37241,11062774,11062823,49,CDS
37242,11064521,11064660,139,CDS
37243,11063462,11064461,999,CDS
37244,11063187,11063401,214,CDS
37245,11062903,11063123,220,CDS
37246,11062774,11062823,49,CDS
37247,11064991,11069025,4034,gene
37248,11064991,11069025,4034,gene
37249,11064991,11065722,731,mRNA
37250,11065830,11066029,199,mRNA
37251,11066096,11066274,178,mRNA
37252,11066361,11069025,2664,mRNA
37253,11064991,11065722,731,mRNA
37254,11065830,11066029,199,mRNA
37255,11066096,11066274,178,mRNA
37256,11066361,11069025,2664,mRNA
37257,11065168,11065374,206,CDS
37258,11065395,11065722,327,CDS
37259,11065830,11066029,199,CDS
37260,11066096,11066274,178,CDS
37261,11066361,11068542,2181,CDS
37262,11069043,11069864,821,gene
37263,11069648,11069864,216,mRNA
37264,11069368,11069576,208,mRNA
37265,11069043,11069306,263,mRNA
37266,11069648,11069844,196,CDS
37267,11069368,11069576,208,CDS
37268,11069131,11069306,175,CDS
37269,11070526,11073348,2822,gene
37270,11070526,11070985,459,mRNA
37271,11071051,11071129,78,mRNA
37272,11071559,11072410,851,mRNA
37273,11072562,11073348,786,mRNA
37274,11070564,11070985,421,mRNA
37275,11071051,11071129,78,mRNA
37276,11071559,11072410,851,mRNA
37277,11072470,11073348,878,mRNA
37278,11070815,11070985,170,CDS
37279,11071051,11071129,78,CDS
37280,11071559,11072410,851,CDS
37281,11072562,11073157,595,CDS
37282,11070815,11070985,170,CDS
37283,11071051,11071129,78,CDS
37284,11071559,11072410,851,CDS
37285,11072470,11072525,55,CDS
37286,11073292,11074388,1096,gene
37287,11074116,11074388,272,mRNA
37288,11073292,11074011,719,mRNA
37289,11074116,11074388,272,mRNA
37290,11073466,11074011,545,mRNA
37291,11074116,11074246,130,CDS
37292,11073711,11074011,300,CDS
37293,11074116,11074246,130,CDS
37294,11073711,11074011,300,CDS
37295,11074769,11078736,3967,gene
37296,11074769,11075589,820,mRNA
37297,11075655,11075769,114,mRNA
37298,11075829,11077403,1574,mRNA
37299,11077463,11078326,863,mRNA
37300,11078398,11078736,338,mRNA
37301,11074861,11075589,728,CDS
37302,11075655,11075769,114,CDS
37303,11075829,11077403,1574,CDS
37304,11077463,11078326,863,CDS
37305,11078398,11078639,241,CDS
37306,11078752,11093193,14441,gene
37307,11092272,11093193,921,mRNA
37308,11090898,11091772,874,mRNA
37309,11085640,11085708,68,mRNA
37310,11085429,11085562,133,mRNA
37311,11083401,11083485,84,mRNA
37312,11082526,11083337,811,mRNA
37313,11082016,11082464,448,mRNA
37314,11078752,11081955,3203,mRNA
37315,11090898,11091856,958,mRNA
37316,11085640,11085708,68,mRNA
37317,11085429,11085562,133,mRNA
37318,11083401,11083485,84,mRNA
37319,11082526,11083337,811,mRNA
37320,11082016,11082464,448,mRNA
37321,11078752,11081955,3203,mRNA
37322,11092272,11093193,921,mRNA
37323,11090898,11091772,874,mRNA
37324,11085640,11085708,68,mRNA
37325,11085429,11085562,133,mRNA
37326,11083401,11083485,84,mRNA
37327,11082526,11083337,811,mRNA
37328,11082016,11082464,448,mRNA
37329,11080427,11081955,1528,mRNA
37330,11079491,11079762,271,mRNA
37331,11090898,11091639,741,CDS
37332,11085640,11085708,68,CDS
37333,11085429,11085562,133,CDS
37334,11083401,11083485,84,CDS
37335,11082526,11083337,811,CDS
37336,11082016,11082464,448,CDS
37337,11080623,11081955,1332,CDS
37338,11090898,11091639,741,CDS
37339,11085640,11085708,68,CDS
37340,11085429,11085562,133,CDS
37341,11083401,11083485,84,CDS
37342,11082526,11083337,811,CDS
37343,11082016,11082464,448,CDS
37344,11080623,11081955,1332,CDS
37345,11090898,11091639,741,CDS
37346,11085640,11085708,68,CDS
37347,11085429,11085562,133,CDS
37348,11083401,11083485,84,CDS
37349,11082526,11083337,811,CDS
37350,11082016,11082464,448,CDS
37351,11080623,11081955,1332,CDS
37352,11087112,11088845,1733,mobile_element
37353,11093371,11096245,2874,gene
37354,11095739,11096245,506,mRNA
37355,11094548,11095642,1094,mRNA
37356,11094195,11094355,160,mRNA
37357,11093371,11094139,768,mRNA
37358,11094195,11094461,266,mRNA
37359,11093371,11094139,768,mRNA
37360,11095739,11096049,310,CDS
37361,11094548,11095642,1094,CDS
37362,11094195,11094355,160,CDS
37363,11093433,11094139,706,CDS
37364,11094195,11094351,156,CDS
37365,11093433,11094139,706,CDS
37366,11096496,11098556,2060,gene
37367,11096496,11097061,565,mRNA
37368,11098092,11098556,464,mRNA
37369,11097013,11097061,48,CDS
37370,11098092,11098141,49,CDS
37371,11097446,11098186,740,gene
37372,11098000,11098186,186,mRNA
37373,11097446,11097872,426,mRNA
37374,11098000,11098186,186,mRNA
37375,11097517,11097872,355,mRNA
37376,11098000,11098110,110,CDS
37377,11097642,11097872,230,CDS
37378,11098000,11098110,110,CDS
37379,11097642,11097872,230,CDS
37380,11098412,11100578,2166,gene
37381,11098412,11098752,340,mRNA
37382,11098810,11098974,164,mRNA
37383,11099031,11099676,645,mRNA
37384,11099743,11100076,333,mRNA
37385,11100139,11100387,248,mRNA
37386,11100447,11100578,131,mRNA
37387,11098629,11098752,123,mRNA
37388,11098810,11098974,164,mRNA
37389,11099031,11099676,645,mRNA
37390,11099743,11100076,333,mRNA
37391,11100139,11100387,248,mRNA
37392,11100447,11100578,131,mRNA
37393,11098685,11098752,67,CDS
37394,11098810,11098974,164,CDS
37395,11099031,11099676,645,CDS
37396,11099743,11100076,333,CDS
37397,11100139,11100387,248,CDS
37398,11100447,11100559,112,CDS
37399,11098685,11098752,67,CDS
37400,11098810,11098974,164,CDS
37401,11099031,11099676,645,CDS
37402,11099743,11100076,333,CDS
37403,11100139,11100387,248,CDS
37404,11100447,11100559,112,CDS
37405,11100675,11101698,1023,gene
37406,11101503,11101698,195,mRNA
37407,11101273,11101435,162,mRNA
37408,11101045,11101216,171,mRNA
37409,11100675,11100983,308,mRNA
37410,11101503,11101675,172,CDS
37411,11101273,11101435,162,CDS
37412,11101045,11101216,171,CDS
37413,11100682,11100983,301,CDS
37414,11101875,11103030,1155,gene
37415,11102855,11103030,175,mRNA
37416,11102621,11102783,162,mRNA
37417,11102366,11102537,171,mRNA
37418,11101875,11102300,425,mRNA
37419,11102855,11103006,151,CDS
37420,11102621,11102783,162,CDS
37421,11102366,11102537,171,CDS
37422,11101999,11102300,301,CDS
37423,11103421,11103873,452,gene
37424,11103421,11103873,452,mRNA
37425,11103421,11103873,452,CDS
37426,11104340,11104404,64,mobile_element
37427,11105351,11106998,1647,mobile_element
37428,11107008,11107582,574,gene
37429,11107008,11107582,574,mRNA
37430,11107008,11107376,368,mRNA
37431,11107028,11107357,329,CDS
37432,11107028,11107357,329,CDS
37433,11108235,11108732,497,gene
37434,11108235,11108732,497,mRNA
37435,11108263,11108676,413,CDS
37436,11108820,11109505,685,gene
37437,11109329,11109505,176,mRNA
37438,11109144,11109266,122,mRNA
37439,11108820,11109070,250,mRNA
37440,11109329,11109475,146,CDS
37441,11109144,11109266,122,CDS
37442,11108864,11109070,206,CDS
37443,11109690,11112117,2427,gene
37444,11109690,11109839,149,mRNA
37445,11110030,11110404,374,mRNA
37446,11110505,11110800,295,mRNA
37447,11110862,11111119,257,mRNA
37448,11111188,11111362,174,mRNA
37449,11111425,11111688,263,mRNA
37450,11111745,11112117,372,mRNA
37451,11109837,11109839,2,CDS
37452,11110030,11110404,374,CDS
37453,11110505,11110800,295,CDS
37454,11110862,11111119,257,CDS
37455,11111188,11111362,174,CDS
37456,11111425,11111688,263,CDS
37457,11111745,11111864,119,CDS
37458,11112281,11113740,1459,gene
37459,11113574,11113740,166,mRNA
37460,11112281,11112848,567,mRNA
37461,11113532,11113740,208,mRNA
37462,11112281,11112848,567,mRNA
37463,11113574,11113639,65,CDS
37464,11112453,11112848,395,CDS
37465,11113532,11113639,107,CDS
37466,11112453,11112848,395,CDS
37467,11114169,11120783,6614,gene
37468,11120610,11120783,173,mRNA
37469,11117305,11118065,760,mRNA
37470,11116670,11117169,499,mRNA
37471,11116428,11116525,97,mRNA
37472,11116141,11116358,217,mRNA
37473,11115890,11116074,184,mRNA
37474,11115717,11115812,95,mRNA
37475,11115484,11115580,96,mRNA
37476,11114169,11115418,1249,mRNA
37477,11120610,11120783,173,mRNA
37478,11117305,11118065,760,mRNA
37479,11116670,11117169,499,mRNA
37480,11116428,11116525,97,mRNA
37481,11116141,11116361,220,mRNA
37482,11115890,11116074,184,mRNA
37483,11115717,11115812,95,mRNA
37484,11115484,11115580,96,mRNA
37485,11114169,11115418,1249,mRNA
37486,11120610,11120783,173,mRNA
37487,11117305,11118065,760,mRNA
37488,11116666,11117169,503,mRNA
37489,11116428,11116503,75,mRNA
37490,11116141,11116361,220,mRNA
37491,11115890,11116074,184,mRNA
37492,11115717,11115812,95,mRNA
37493,11115484,11115580,96,mRNA
37494,11114169,11115418,1249,mRNA
37495,11120282,11120411,129,mRNA
37496,11117305,11118065,760,mRNA
37497,11116670,11117169,499,mRNA
37498,11116428,11116525,97,mRNA
37499,11116141,11116361,220,mRNA
37500,11115890,11116074,184,mRNA
37501,11115717,11115812,95,mRNA
37502,11115484,11115580,96,mRNA
37503,11114169,11115418,1249,mRNA
37504,11119165,11119419,254,mRNA
37505,11117305,11118065,760,mRNA
37506,11116670,11117169,499,mRNA
37507,11116428,11116525,97,mRNA
37508,11116141,11116361,220,mRNA
37509,11115890,11116074,184,mRNA
37510,11115717,11115812,95,mRNA
37511,11115484,11115580,96,mRNA
37512,11114169,11115418,1249,mRNA
37513,11120610,11120783,173,mRNA
37514,11117305,11118065,760,mRNA
37515,11116670,11117169,499,mRNA
37516,11116428,11116525,97,mRNA
37517,11116141,11116361,220,mRNA
37518,11115890,11116074,184,mRNA
37519,11115717,11115812,95,mRNA
37520,11115484,11115580,96,mRNA
37521,11114270,11115415,1145,mRNA
37522,11120610,11120783,173,mRNA
37523,11117305,11118065,760,mRNA
37524,11116670,11117169,499,mRNA
37525,11116428,11116525,97,mRNA
37526,11116141,11116361,220,mRNA
37527,11115890,11116074,184,mRNA
37528,11115717,11115812,95,mRNA
37529,11115484,11115580,96,mRNA
37530,11114270,11115418,1148,mRNA
37531,11118415,11118466,51,mRNA
37532,11117305,11118065,760,mRNA
37533,11116670,11117169,499,mRNA
37534,11116428,11116525,97,mRNA
37535,11116141,11116361,220,mRNA
37536,11115890,11116074,184,mRNA
37537,11115717,11115812,95,mRNA
37538,11115484,11115580,96,mRNA
37539,11114270,11115418,1148,mRNA
37540,11117305,11118014,709,CDS
37541,11116670,11117169,499,CDS
37542,11116428,11116525,97,CDS
37543,11116141,11116361,220,CDS
37544,11115890,11116074,184,CDS
37545,11115717,11115812,95,CDS
37546,11115484,11115580,96,CDS
37547,11115043,11115418,375,CDS
37548,11117305,11118014,709,CDS
37549,11116670,11117169,499,CDS
37550,11116428,11116525,97,CDS
37551,11116141,11116358,217,CDS
37552,11115890,11116074,184,CDS
37553,11115717,11115812,95,CDS
37554,11115484,11115580,96,CDS
37555,11115085,11115418,333,CDS
37556,11117305,11118014,709,CDS
37557,11116670,11117169,499,CDS
37558,11116428,11116525,97,CDS
37559,11116141,11116361,220,CDS
37560,11115890,11116074,184,CDS
37561,11115717,11115812,95,CDS
37562,11115484,11115580,96,CDS
37563,11115085,11115415,330,CDS
37564,11117305,11118014,709,CDS
37565,11116670,11117169,499,CDS
37566,11116428,11116525,97,CDS
37567,11116141,11116361,220,CDS
37568,11115890,11116074,184,CDS
37569,11115717,11115812,95,CDS
37570,11115484,11115580,96,CDS
37571,11115085,11115418,333,CDS
37572,11117305,11118014,709,CDS
37573,11116670,11117169,499,CDS
37574,11116428,11116525,97,CDS
37575,11116141,11116361,220,CDS
37576,11115890,11116074,184,CDS
37577,11115717,11115812,95,CDS
37578,11115484,11115580,96,CDS
37579,11115085,11115418,333,CDS
37580,11117305,11118014,709,CDS
37581,11116670,11117169,499,CDS
37582,11116428,11116525,97,CDS
37583,11116141,11116361,220,CDS
37584,11115890,11116074,184,CDS
37585,11115717,11115812,95,CDS
37586,11115484,11115580,96,CDS
37587,11115085,11115418,333,CDS
37588,11117305,11118014,709,CDS
37589,11116670,11117169,499,CDS
37590,11116428,11116525,97,CDS
37591,11116141,11116361,220,CDS
37592,11115890,11116074,184,CDS
37593,11115717,11115812,95,CDS
37594,11115484,11115580,96,CDS
37595,11115085,11115418,333,CDS
37596,11117305,11118014,709,CDS
37597,11116666,11117169,503,CDS
37598,11116428,11116503,75,CDS
37599,11116141,11116361,220,CDS
37600,11115890,11116074,184,CDS
37601,11115717,11115812,95,CDS
37602,11115484,11115580,96,CDS
37603,11115085,11115418,333,CDS
37604,11120847,11122041,1194,gene
37605,11120847,11121406,559,mRNA
37606,11121563,11122041,478,mRNA
37607,11120941,11121406,465,CDS
37608,11121563,11121981,418,CDS
37609,11121966,11123216,1250,gene
37610,11122922,11123216,294,mRNA
37611,11121966,11122864,898,mRNA
37612,11122922,11123048,126,CDS
37613,11122041,11122864,823,CDS
37614,11123348,11134663,11315,gene
37615,11123348,11123466,118,mRNA
37616,11128692,11128744,52,mRNA
37617,11128812,11129880,1068,mRNA
37618,11129953,11130549,596,mRNA
37619,11132648,11133024,376,mRNA
37620,11133095,11133597,502,mRNA
37621,11133667,11134663,996,mRNA
37622,11129402,11129880,478,mRNA
37623,11129953,11130549,596,mRNA
37624,11132648,11133024,376,mRNA
37625,11133095,11133597,502,mRNA
37626,11133667,11134663,996,mRNA
37627,11129688,11129880,192,CDS
37628,11129953,11130549,596,CDS
37629,11132648,11133024,376,CDS
37630,11133095,11133597,502,CDS
37631,11133667,11134000,333,CDS
37632,11129688,11129880,192,CDS
37633,11129953,11130549,596,CDS
37634,11132648,11133024,376,CDS
37635,11133095,11133597,502,CDS
37636,11133667,11134000,333,CDS
37637,11130835,11131402,567,gene
37638,11130835,11131402,567,mRNA
37639,11130870,11131262,392,CDS
37640,11131883,11132322,439,gene
37641,11131883,11132322,439,mRNA
37642,11131988,11132320,332,CDS
37643,11134987,11135480,493,gene
37644,11134987,11135480,493,mRNA
37645,11134997,11135341,344,CDS
37646,11136049,11163984,27935,gene
37647,11136049,11136288,239,mRNA
37648,11150873,11151557,684,mRNA
37649,11158139,11158214,75,mRNA
37650,11158342,11158425,83,mRNA
37651,11158505,11158566,61,mRNA
37652,11158629,11158826,197,mRNA
37653,11158920,11158985,65,mRNA
37654,11159297,11159563,266,mRNA
37655,11159759,11159981,222,mRNA
37656,11160047,11160726,679,mRNA
37657,11160781,11160932,151,mRNA
37658,11161472,11163984,2512,mRNA
37659,11136049,11136288,239,mRNA
37660,11150873,11151557,684,mRNA
37661,11158139,11158214,75,mRNA
37662,11158342,11158425,83,mRNA
37663,11158505,11158566,61,mRNA
37664,11158629,11158826,197,mRNA
37665,11158920,11158985,65,mRNA
37666,11159297,11159563,266,mRNA
37667,11159759,11159981,222,mRNA
37668,11160047,11160726,679,mRNA
37669,11160781,11160932,151,mRNA
37670,11163384,11163984,600,mRNA
37671,11136049,11136288,239,mRNA
37672,11150873,11151557,684,mRNA
37673,11158139,11158214,75,mRNA
37674,11158342,11158425,83,mRNA
37675,11158505,11158566,61,mRNA
37676,11158629,11158826,197,mRNA
37677,11158920,11158985,65,mRNA
37678,11159297,11159563,266,mRNA
37679,11159759,11159981,222,mRNA
37680,11160047,11160726,679,mRNA
37681,11160781,11160932,151,mRNA
37682,11163387,11163488,101,mRNA
37683,11163555,11163984,429,mRNA
37684,11136049,11136288,239,mRNA
37685,11150873,11151557,684,mRNA
37686,11158139,11158214,75,mRNA
37687,11158342,11158425,83,mRNA
37688,11158505,11158566,61,mRNA
37689,11158629,11158826,197,mRNA
37690,11158920,11158985,65,mRNA
37691,11159297,11159563,266,mRNA
37692,11159759,11159981,222,mRNA
37693,11160047,11160726,679,mRNA
37694,11160781,11160932,151,mRNA
37695,11163555,11163984,429,mRNA
37696,11149578,11150785,1207,gene
37697,11150750,11150785,35,mRNA
37698,11150136,11150670,534,mRNA
37699,11149578,11150079,501,mRNA
37700,11150136,11150670,534,CDS
37701,11149907,11150079,172,CDS
37702,11151513,11151557,44,CDS
37703,11158139,11158214,75,CDS
37704,11158342,11158425,83,CDS
37705,11158505,11158566,61,CDS
37706,11158629,11158826,197,CDS
37707,11158920,11158985,65,CDS
37708,11159297,11159563,266,CDS
37709,11159759,11159981,222,CDS
37710,11160047,11160726,679,CDS
37711,11160781,11160932,151,CDS
37712,11163555,11163642,87,CDS
37713,11151513,11151557,44,CDS
37714,11158139,11158214,75,CDS
37715,11158342,11158425,83,CDS
37716,11158505,11158566,61,CDS
37717,11158629,11158826,197,CDS
37718,11158920,11158985,65,CDS
37719,11159297,11159563,266,CDS
37720,11159759,11159981,222,CDS
37721,11160047,11160726,679,CDS
37722,11160781,11160932,151,CDS
37723,11163384,11163423,39,CDS
37724,11151513,11151557,44,CDS
37725,11158139,11158214,75,CDS
37726,11158342,11158425,83,CDS
37727,11158505,11158566,61,CDS
37728,11158629,11158826,197,CDS
37729,11158920,11158985,65,CDS
37730,11159297,11159563,266,CDS
37731,11159759,11159981,222,CDS
37732,11160047,11160726,679,CDS
37733,11160781,11160932,151,CDS
37734,11163387,11163423,36,CDS
37735,11151513,11151557,44,CDS
37736,11158139,11158214,75,CDS
37737,11158342,11158425,83,CDS
37738,11158505,11158566,61,CDS
37739,11158629,11158826,197,CDS
37740,11158920,11158985,65,CDS
37741,11159297,11159563,266,CDS
37742,11159759,11159981,222,CDS
37743,11160047,11160726,679,CDS
37744,11160781,11160932,151,CDS
37745,11161472,11162849,1377,CDS
37746,11163849,11164801,952,gene
37747,11163849,11164801,952,ncRNA
37748,11164971,11166620,1649,gene
37749,11164971,11165228,257,mRNA
37750,11165286,11165756,470,mRNA
37751,11165821,11166620,799,mRNA
37752,11165076,11165228,152,CDS
37753,11165286,11165756,470,CDS
37754,11165821,11166546,725,CDS
37755,11166620,11169625,3005,gene
37756,11168137,11169625,1488,mRNA
37757,11166620,11167608,988,mRNA
37758,11168137,11169625,1488,mRNA
37759,11167819,11167914,95,mRNA
37760,11166620,11167608,988,mRNA
37761,11168137,11169445,1308,CDS
37762,11167229,11167608,379,CDS
37763,11168137,11169445,1308,CDS
37764,11167819,11167914,95,CDS
37765,11167229,11167608,379,CDS
37766,11169817,11172411,2594,gene
37767,11169817,11170149,332,mRNA
37768,11170210,11171046,836,mRNA
37769,11171130,11171295,165,mRNA
37770,11171362,11171708,346,mRNA
37771,11171775,11172411,636,mRNA
37772,11170074,11170149,75,mRNA
37773,11170210,11171046,836,mRNA
37774,11171130,11171295,165,mRNA
37775,11171362,11171708,346,mRNA
37776,11171775,11172411,636,mRNA
37777,11170135,11170149,14,CDS
37778,11170210,11171046,836,CDS
37779,11171130,11171295,165,CDS
37780,11171362,11171708,346,CDS
37781,11171775,11172083,308,CDS
37782,11170135,11170149,14,CDS
37783,11170210,11171046,836,CDS
37784,11171130,11171295,165,CDS
37785,11171362,11171708,346,CDS
37786,11171775,11172083,308,CDS
37787,11173514,11176892,3378,gene
37788,11173514,11173631,117,mRNA
37789,11173695,11173909,214,mRNA
37790,11173980,11174148,168,mRNA
37791,11174546,11175025,479,mRNA
37792,11175088,11175159,71,mRNA
37793,11175296,11176892,1596,mRNA
37794,11173514,11173631,117,mRNA
37795,11173695,11173909,214,mRNA
37796,11173980,11174148,168,mRNA
37797,11174546,11174611,65,mRNA
37798,11174686,11175025,339,mRNA
37799,11175088,11175159,71,mRNA
37800,11175296,11176892,1596,mRNA
37801,11173514,11173631,117,mRNA
37802,11173695,11173909,214,mRNA
37803,11173980,11174148,168,mRNA
37804,11174546,11174611,65,mRNA
37805,11174686,11174756,70,mRNA
37806,11174872,11175025,153,mRNA
37807,11175088,11175159,71,mRNA
37808,11175296,11176892,1596,mRNA
37809,11173575,11173631,56,CDS
37810,11173695,11173909,214,CDS
37811,11173980,11174148,168,CDS
37812,11174546,11174611,65,CDS
37813,11174686,11174756,70,CDS
37814,11174872,11175025,153,CDS
37815,11175088,11175159,71,CDS
37816,11175296,11175835,539,CDS
37817,11173575,11173631,56,CDS
37818,11173695,11173909,214,CDS
37819,11173980,11174148,168,CDS
37820,11174546,11174830,284,CDS
37821,11173575,11173631,56,CDS
37822,11173695,11173909,214,CDS
37823,11173980,11174148,168,CDS
37824,11174546,11174611,65,CDS
37825,11174686,11174760,74,CDS
37826,11176954,11197536,20582,gene
37827,11197505,11197536,31,mRNA
37828,11196567,11196875,308,mRNA
37829,11184389,11184419,30,mRNA
37830,11183634,11184208,574,mRNA
37831,11179530,11179716,186,mRNA
37832,11179224,11179381,157,mRNA
37833,11178648,11178938,290,mRNA
37834,11176954,11178531,1577,mRNA
37835,11197501,11197536,35,mRNA
37836,11196567,11196875,308,mRNA
37837,11184389,11184419,30,mRNA
37838,11183634,11184208,574,mRNA
37839,11182155,11182643,488,mRNA
37840,11179530,11179716,186,mRNA
37841,11179224,11179381,157,mRNA
37842,11178648,11178938,290,mRNA
37843,11176954,11178531,1577,mRNA
37844,11197400,11197536,136,mRNA
37845,11196567,11196875,308,mRNA
37846,11184389,11184419,30,mRNA
37847,11183634,11184208,574,mRNA
37848,11179530,11179716,186,mRNA
37849,11179224,11179381,157,mRNA
37850,11178648,11178938,290,mRNA
37851,11176954,11178531,1577,mRNA
37852,11197400,11197536,136,mRNA
37853,11196567,11196875,308,mRNA
37854,11184389,11184419,30,mRNA
37855,11183634,11184208,574,mRNA
37856,11182155,11182643,488,mRNA
37857,11179530,11179716,186,mRNA
37858,11179224,11179381,157,mRNA
37859,11178648,11178938,290,mRNA
37860,11176954,11178531,1577,mRNA
37861,11197239,11197536,297,mRNA
37862,11196567,11196875,308,mRNA
37863,11184389,11184419,30,mRNA
37864,11183634,11184208,574,mRNA
37865,11179530,11179716,186,mRNA
37866,11179224,11179381,157,mRNA
37867,11178648,11178938,290,mRNA
37868,11176954,11178531,1577,mRNA
37869,11183634,11183834,200,CDS
37870,11179530,11179716,186,CDS
37871,11179224,11179381,157,CDS
37872,11178648,11178938,290,CDS
37873,11178418,11178531,113,CDS
37874,11183634,11183834,200,CDS
37875,11179530,11179716,186,CDS
37876,11179224,11179381,157,CDS
37877,11178648,11178938,290,CDS
37878,11178418,11178531,113,CDS
37879,11183634,11183834,200,CDS
37880,11179530,11179716,186,CDS
37881,11179224,11179381,157,CDS
37882,11178648,11178938,290,CDS
37883,11178418,11178531,113,CDS
37884,11183634,11183834,200,CDS
37885,11182155,11182643,488,CDS
37886,11179530,11179716,186,CDS
37887,11179224,11179381,157,CDS
37888,11178648,11178938,290,CDS
37889,11178418,11178531,113,CDS
37890,11183634,11183834,200,CDS
37891,11182155,11182643,488,CDS
37892,11179530,11179716,186,CDS
37893,11179224,11179381,157,CDS
37894,11178648,11178938,290,CDS
37895,11178418,11178531,113,CDS
37896,11198166,11206016,7850,gene
37897,11205956,11206016,60,mRNA
37898,11205734,11205869,135,mRNA
37899,11204905,11204990,85,mRNA
37900,11203533,11203672,139,mRNA
37901,11202943,11203474,531,mRNA
37902,11202622,11202875,253,mRNA
37903,11202400,11202501,101,mRNA
37904,11202215,11202340,125,mRNA
37905,11199266,11199392,126,mRNA
37906,11198770,11199204,434,mRNA
37907,11198166,11198710,544,mRNA
37908,11205734,11206016,282,mRNA
37909,11204905,11204990,85,mRNA
37910,11203533,11203672,139,mRNA
37911,11202943,11203474,531,mRNA
37912,11202622,11202875,253,mRNA
37913,11202400,11202501,101,mRNA
37914,11202215,11202340,125,mRNA
37915,11199266,11199392,126,mRNA
37916,11198770,11199204,434,mRNA
37917,11198166,11198710,544,mRNA
37918,11205734,11205812,78,CDS
37919,11204905,11204990,85,CDS
37920,11203533,11203672,139,CDS
37921,11202943,11203474,531,CDS
37922,11202622,11202875,253,CDS
37923,11202400,11202501,101,CDS
37924,11202215,11202340,125,CDS
37925,11199266,11199392,126,CDS
37926,11198770,11199204,434,CDS
37927,11198426,11198710,284,CDS
37928,11205734,11205812,78,CDS
37929,11204905,11204990,85,CDS
37930,11203533,11203672,139,CDS
37931,11202943,11203474,531,CDS
37932,11202622,11202875,253,CDS
37933,11202400,11202501,101,CDS
37934,11202215,11202340,125,CDS
37935,11199266,11199392,126,CDS
37936,11198770,11199204,434,CDS
37937,11198426,11198710,284,CDS
37938,11199620,11200587,967,gene
37939,11199620,11199767,147,mRNA
37940,11199825,11199928,103,mRNA
37941,11199982,11200063,81,mRNA
37942,11200131,11200198,67,mRNA
37943,11200253,11200328,75,mRNA
37944,11200398,11200587,189,mRNA
37945,11199677,11199767,90,CDS
37946,11199825,11199928,103,CDS
37947,11199982,11200063,81,CDS
37948,11200131,11200198,67,CDS
37949,11200253,11200328,75,CDS
37950,11200398,11200480,82,CDS
37951,11201351,11202158,807,gene
37952,11201351,11201642,291,mRNA
37953,11201696,11202158,462,mRNA
37954,11201463,11201642,179,CDS
37955,11201696,11202004,308,CDS
37956,11206422,11210583,4161,gene
37957,11210154,11210583,429,mRNA
37958,11209836,11210090,254,mRNA
37959,11208929,11209731,802,mRNA
37960,11208625,11208866,241,mRNA
37961,11208005,11208559,554,mRNA
37962,11207757,11207938,181,mRNA
37963,11207198,11207690,492,mRNA
37964,11206422,11207135,713,mRNA
37965,11210154,11210206,52,CDS
37966,11209836,11210090,254,CDS
37967,11208929,11209731,802,CDS
37968,11208625,11208866,241,CDS
37969,11208005,11208559,554,CDS
37970,11207757,11207938,181,CDS
37971,11207198,11207690,492,CDS
37972,11206797,11207135,338,CDS
37973,11210786,11214097,3311,gene
37974,11210786,11212761,1975,mRNA
37975,11212819,11214097,1278,mRNA
37976,11210937,11212761,1824,CDS
37977,11212819,11213780,961,CDS
37978,11214505,11230745,16240,gene
37979,11214505,11214574,69,mRNA
37980,11216586,11217282,696,mRNA
37981,11222618,11223565,947,mRNA
37982,11223704,11224224,520,mRNA
37983,11224993,11226568,1575,mRNA
37984,11226636,11226801,165,mRNA
37985,11227673,11228088,415,mRNA
37986,11229113,11229635,522,mRNA
37987,11214505,11214574,69,mRNA
37988,11216586,11217282,696,mRNA
37989,11222618,11223565,947,mRNA
37990,11223704,11224224,520,mRNA
37991,11224993,11226568,1575,mRNA
37992,11226636,11226801,165,mRNA
37993,11229113,11229635,522,mRNA
37994,11214505,11214574,69,mRNA
37995,11216586,11217282,696,mRNA
37996,11222618,11223565,947,mRNA
37997,11223704,11224224,520,mRNA
37998,11224993,11226568,1575,mRNA
37999,11226636,11226801,165,mRNA
38000,11227673,11228546,873,mRNA
38001,11215779,11215987,208,mRNA
38002,11216586,11217282,696,mRNA
38003,11222615,11223565,950,mRNA
38004,11223704,11224224,520,mRNA
38005,11224993,11226568,1575,mRNA
38006,11226636,11226801,165,mRNA
38007,11229113,11230745,1632,mRNA
38008,11215779,11215987,208,mRNA
38009,11216586,11217282,696,mRNA
38010,11222615,11223565,950,mRNA
38011,11223704,11224224,520,mRNA
38012,11224993,11226568,1575,mRNA
38013,11226636,11226801,165,mRNA
38014,11229113,11230512,1399,mRNA
38015,11215779,11215951,172,mRNA
38016,11216586,11217282,696,mRNA
38017,11222615,11223565,950,mRNA
38018,11223704,11224224,520,mRNA
38019,11224993,11226568,1575,mRNA
38020,11226636,11226801,165,mRNA
38021,11227673,11228088,415,mRNA
38022,11229113,11230512,1399,mRNA
38023,11215779,11215810,31,mRNA
38024,11216586,11217282,696,mRNA
38025,11222618,11223565,947,mRNA
38026,11223704,11224224,520,mRNA
38027,11224993,11226568,1575,mRNA
38028,11226636,11226801,165,mRNA
38029,11227673,11228088,415,mRNA
38030,11229113,11229635,522,mRNA
38031,11215779,11215810,31,mRNA
38032,11216586,11217282,696,mRNA
38033,11222618,11223565,947,mRNA
38034,11223704,11224224,520,mRNA
38035,11224993,11226568,1575,mRNA
38036,11226636,11226801,165,mRNA
38037,11229113,11229635,522,mRNA
38038,11215779,11215814,35,mRNA
38039,11216586,11217282,696,mRNA
38040,11222618,11223565,947,mRNA
38041,11223704,11224224,520,mRNA
38042,11224993,11226568,1575,mRNA
38043,11226636,11226801,165,mRNA
38044,11227673,11228546,873,mRNA
38045,11215779,11215810,31,mRNA
38046,11216586,11217282,696,mRNA
38047,11222618,11223565,947,mRNA
38048,11223704,11224224,520,mRNA
38049,11224993,11226568,1575,mRNA
38050,11226636,11226801,165,mRNA
38051,11227673,11228546,873,mRNA
38052,11215779,11215810,31,mRNA
38053,11216586,11217282,696,mRNA
38054,11222618,11223565,947,mRNA
38055,11223704,11224224,520,mRNA
38056,11224993,11226568,1575,mRNA
38057,11226636,11226801,165,mRNA
38058,11227673,11228546,873,mRNA
38059,11216829,11217282,453,CDS
38060,11222615,11223565,950,CDS
38061,11223704,11224224,520,CDS
38062,11224993,11226568,1575,CDS
38063,11226636,11226801,165,CDS
38064,11229113,11229353,240,CDS
38065,11216829,11217282,453,CDS
38066,11222615,11223565,950,CDS
38067,11223704,11224224,520,CDS
38068,11224993,11226568,1575,CDS
38069,11226636,11226801,165,CDS
38070,11229113,11229353,240,CDS
38071,11216829,11217282,453,CDS
38072,11222618,11223565,947,CDS
38073,11223704,11224224,520,CDS
38074,11224993,11226568,1575,CDS
38075,11226636,11226801,165,CDS
38076,11229113,11229353,240,CDS
38077,11216829,11217282,453,CDS
38078,11222618,11223565,947,CDS
38079,11223704,11224224,520,CDS
38080,11224993,11226568,1575,CDS
38081,11226636,11226801,165,CDS
38082,11229113,11229353,240,CDS
38083,11216829,11217282,453,CDS
38084,11222618,11223565,947,CDS
38085,11223704,11224224,520,CDS
38086,11224993,11226568,1575,CDS
38087,11226636,11226801,165,CDS
38088,11227673,11227742,69,CDS
38089,11216829,11217282,453,CDS
38090,11222615,11223565,950,CDS
38091,11223704,11224224,520,CDS
38092,11224993,11226568,1575,CDS
38093,11226636,11226801,165,CDS
38094,11227673,11227709,36,CDS
38095,11216829,11217282,453,CDS
38096,11222618,11223565,947,CDS
38097,11223704,11224224,520,CDS
38098,11224993,11226568,1575,CDS
38099,11226636,11226801,165,CDS
38100,11227673,11227709,36,CDS
38101,11216829,11217282,453,CDS
38102,11222618,11223565,947,CDS
38103,11223704,11224224,520,CDS
38104,11224993,11226568,1575,CDS
38105,11226636,11226801,165,CDS
38106,11227673,11227709,36,CDS
38107,11216829,11217282,453,CDS
38108,11222618,11223565,947,CDS
38109,11223704,11224224,520,CDS
38110,11224993,11226568,1575,CDS
38111,11226636,11226801,165,CDS
38112,11227673,11227709,36,CDS
38113,11216829,11217282,453,CDS
38114,11222618,11223565,947,CDS
38115,11223704,11224224,520,CDS
38116,11224993,11226568,1575,CDS
38117,11226636,11226801,165,CDS
38118,11227673,11227709,36,CDS
38119,11216829,11217282,453,CDS
38120,11222618,11223565,947,CDS
38121,11223704,11224224,520,CDS
38122,11224993,11226568,1575,CDS
38123,11226636,11226801,165,CDS
38124,11227673,11227709,36,CDS
38125,11229029,11229437,408,gene
38126,11229029,11229437,408,ncRNA
38127,11231307,11231588,281,gene
38128,11231307,11231588,281,ncRNA
38129,11232972,11236218,3246,gene
38130,11235412,11236218,806,mRNA
38131,11235214,11235347,133,mRNA
38132,11234848,11235116,268,mRNA
38133,11234184,11234758,574,mRNA
38134,11233968,11234121,153,mRNA
38135,11233337,11233535,198,mRNA
38136,11232972,11233273,301,mRNA
38137,11235412,11236218,806,mRNA
38138,11235214,11235347,133,mRNA
38139,11234848,11235116,268,mRNA
38140,11234184,11234758,574,mRNA
38141,11233968,11234121,153,mRNA
38142,11233334,11233535,201,mRNA
38143,11232972,11233273,301,mRNA
38144,11235412,11235938,526,CDS
38145,11235214,11235347,133,CDS
38146,11234848,11235116,268,CDS
38147,11234184,11234758,574,CDS
38148,11233968,11234121,153,CDS
38149,11233337,11233535,198,CDS
38150,11233020,11233273,253,CDS
38151,11235412,11235938,526,CDS
38152,11235214,11235347,133,CDS
38153,11234848,11235116,268,CDS
38154,11234184,11234758,574,CDS
38155,11233968,11234121,153,CDS
38156,11233334,11233535,201,CDS
38157,11233020,11233273,253,CDS
38158,11236500,11237620,1120,gene
38159,11236500,11237620,1120,ncRNA
38160,11237302,11237620,318,gene
38161,11237302,11237620,318,ncRNA
38162,11246885,11247232,347,gene
38163,11246885,11247232,347,ncRNA
38164,11246953,11247223,270,gene
38165,11246953,11247223,270,ncRNA
38166,11247404,11248097,693,gene
38167,11247404,11248097,693,ncRNA
38168,11248129,11251001,2872,gene
38169,11248129,11251001,2872,ncRNA
38170,11250450,11250868,418,gene
38171,11250450,11250868,418,ncRNA
38172,11252307,11256172,3865,gene
38173,11252307,11252960,653,mRNA
38174,11253703,11256172,2469,mRNA
38175,11252307,11252960,653,mRNA
38176,11253703,11255243,1540,mRNA
38177,11252891,11252960,69,CDS
38178,11253703,11254475,772,CDS
38179,11252891,11252960,69,CDS
38180,11253703,11254475,772,CDS
38181,11264519,11271413,6894,mobile_element
38182,11273960,11274562,602,gene
38183,11273960,11274562,602,ncRNA
38184,11277515,11278450,935,mobile_element
38185,11284731,11285180,449,gene
38186,11284731,11285180,449,ncRNA
38187,11287936,11295919,7983,gene
38188,11293788,11295919,2131,mRNA
38189,11291038,11291109,71,mRNA
38190,11287936,11289654,1718,mRNA
38191,11293788,11295919,2131,mRNA
38192,11291336,11291368,32,mRNA
38193,11291038,11291109,71,mRNA
38194,11287936,11289654,1718,mRNA
38195,11293788,11294788,1000,mRNA
38196,11291038,11291109,71,mRNA
38197,11287936,11289654,1718,mRNA
38198,11293788,11294588,800,CDS
38199,11291038,11291109,71,CDS
38200,11288851,11289654,803,CDS
38201,11293788,11294588,800,CDS
38202,11291038,11291109,71,CDS
38203,11288851,11289654,803,CDS
38204,11293788,11294588,800,CDS
38205,11291336,11291368,32,CDS
38206,11291038,11291109,71,CDS
38207,11288851,11289654,803,CDS
38208,11311747,11313397,1650,gene
38209,11311747,11312054,307,mRNA
38210,11312128,11312451,323,mRNA
38211,11312507,11313397,890,mRNA
38212,11311797,11312054,257,CDS
38213,11312128,11312451,323,CDS
38214,11312507,11313358,851,CDS
38215,11315299,11315860,561,gene
38216,11315299,11315860,561,ncRNA
38217,11317704,11318357,653,gene
38218,11317704,11318357,653,ncRNA
38219,11319642,11321719,2077,gene
38220,11319642,11321719,2077,mRNA
38221,11320662,11321719,1057,mRNA
38222,11320691,11321719,1028,CDS
38223,11320691,11321719,1028,CDS
38224,11323356,11323850,494,gene
38225,11323356,11323850,494,ncRNA
38226,11323521,11323843,322,gene
38227,11323521,11323843,322,ncRNA
38228,11324326,11325000,674,gene
38229,11324326,11325000,674,ncRNA
38230,11329750,11332879,3129,mobile_element
38231,11342082,11342424,342,gene
38232,11342082,11342424,342,ncRNA
38233,11349395,11349743,348,gene
38234,11349395,11349743,348,ncRNA
38235,11361986,11364885,2899,gene
38236,11364609,11364885,276,mRNA
38237,11363277,11363918,641,mRNA
38238,11361986,11363086,1100,mRNA
38239,11364609,11364885,276,mRNA
38240,11363277,11363918,641,mRNA
38241,11362399,11363086,687,mRNA
38242,11364609,11364771,162,CDS
38243,11363277,11363918,641,CDS
38244,11362605,11363086,481,CDS
38245,11364609,11364771,162,CDS
38246,11363277,11363918,641,CDS
38247,11362605,11363086,481,CDS
38248,11364683,11365897,1214,gene
38249,11364683,11365897,1214,ncRNA
38250,11382808,11384258,1450,gene
38251,11383966,11384258,292,ncRNA
38252,11382808,11383611,803,ncRNA
38253,11394690,11395673,983,gene
38254,11394690,11395673,983,mRNA
38255,11394771,11395646,875,CDS
38256,11397542,11397865,323,gene
38257,11397542,11397865,323,mRNA
38258,11397542,11397865,323,CDS
38259,11405535,11406094,559,gene
38260,11405535,11406094,559,ncRNA
38261,11425158,11426395,1237,gene
38262,11425158,11425689,531,mRNA
38263,11425754,11425854,100,mRNA
38264,11425922,11426395,473,mRNA
38265,11425182,11425689,507,CDS
38266,11425754,11425854,100,CDS
38267,11425922,11426362,440,CDS
38268,11434695,11435476,781,gene
38269,11434695,11435476,781,mRNA
38270,11434757,11435461,704,CDS
38271,11435650,11436206,556,gene
38272,11435650,11436206,556,ncRNA
38273,11444472,11445104,632,gene
38274,11444472,11445104,632,ncRNA
38275,11445161,11446579,1418,gene
38276,11445161,11445676,515,mRNA
38277,11445740,11446579,839,mRNA
38278,11445161,11445511,350,mRNA
38279,11445569,11445676,107,mRNA
38280,11445740,11446579,839,mRNA
38281,11445299,11445676,377,CDS
38282,11445740,11446429,689,CDS
38283,11445299,11445511,212,CDS
38284,11445569,11445676,107,CDS
38285,11445740,11446429,689,CDS
38286,11457076,11458470,1394,gene
38287,11457076,11458470,1394,mRNA
38288,11457156,11458292,1136,CDS
38289,11458490,11459625,1135,gene
38290,11458490,11459625,1135,mRNA
38291,11458560,11459528,968,CDS
38292,11463570,11465864,2294,gene
38293,11465671,11465864,193,mRNA
38294,11465164,11465308,144,mRNA
38295,11464083,11465091,1008,mRNA
38296,11463570,11464027,457,mRNA
38297,11465164,11465348,184,mRNA
38298,11464083,11465091,1008,mRNA
38299,11463570,11464027,457,mRNA
38300,11465164,11465307,143,CDS
38301,11464083,11465091,1008,CDS
38302,11463768,11464027,259,CDS
38303,11465164,11465307,143,CDS
38304,11464083,11465091,1008,CDS
38305,11463768,11464027,259,CDS
38306,11473291,11473972,681,gene
38307,11473291,11473345,54,mRNA
38308,11473395,11473972,577,mRNA
38309,11473386,11473972,586,mRNA
38310,11473408,11473884,476,CDS
38311,11473408,11473884,476,CDS
38312,11474678,11474706,28,mobile_element
38313,11474820,11475460,640,gene
38314,11474820,11475460,640,ncRNA
38315,11474958,11475552,594,gene
38316,11474958,11475552,594,mRNA
38317,11474998,11475474,476,CDS
38318,11487550,11499055,11505,gene
38319,11487550,11488601,1051,mRNA
38320,11494090,11494732,642,mRNA
38321,11494846,11494956,110,mRNA
38322,11495017,11499055,4038,mRNA
38323,11488535,11488601,66,CDS
38324,11494090,11494732,642,CDS
38325,11494846,11494956,110,CDS
38326,11495017,11495095,78,CDS
38327,11493871,11493985,114,mRNA
38328,11494090,11494732,642,mRNA
38329,11494846,11494956,110,mRNA
38330,11495017,11499055,4038,mRNA
38331,11494221,11494732,511,CDS
38332,11494846,11494956,110,CDS
38333,11495017,11495095,78,CDS
38334,11499112,11508212,9100,mobile_element
38335,11508637,11508903,266,gene
38336,11508637,11508903,266,mRNA
38337,11508637,11508903,266,CDS
38338,11508967,11509394,427,gene
38339,11509328,11509394,66,mRNA
38340,11508967,11509258,291,mRNA
38341,11509328,11509355,27,CDS
38342,11509059,11509258,199,CDS
38343,11509861,11510247,386,gene
38344,11509861,11509923,62,mRNA
38345,11509990,11510247,257,mRNA
38346,11509896,11509923,27,CDS
38347,11509990,11510186,196,CDS
38348,11510323,11510589,266,gene
38349,11510323,11510589,266,mRNA
38350,11510323,11510589,266,CDS
38351,11511934,11512058,124,mobile_element
38352,11512221,11513402,1181,gene
38353,11512221,11512262,41,mRNA
38354,11512336,11513402,1066,mRNA
38355,11512235,11512262,27,CDS
38356,11512336,11513231,895,CDS
38357,11513705,11518904,5199,gene
38358,11513705,11513875,170,mRNA
38359,11514841,11515013,172,mRNA
38360,11517095,11517403,308,mRNA
38361,11517474,11517552,78,mRNA
38362,11517609,11518376,767,mRNA
38363,11518447,11518904,457,mRNA
38364,11514864,11515013,149,CDS
38365,11517095,11517403,308,CDS
38366,11517474,11517552,78,CDS
38367,11517609,11518376,767,CDS
38368,11518447,11518763,316,CDS
38369,11518798,11522713,3915,gene
38370,11518798,11522713,3915,gene
38371,11522558,11522713,155,mRNA
38372,11520509,11522506,1997,mRNA
38373,11520294,11520435,141,mRNA
38374,11520106,11520212,106,mRNA
38375,11519558,11520034,476,mRNA
38376,11519079,11519494,415,mRNA
38377,11518798,11519014,216,mRNA
38378,11522558,11522713,155,mRNA
38379,11520509,11522506,1997,mRNA
38380,11520294,11520435,141,mRNA
38381,11520106,11520212,106,mRNA
38382,11519558,11520034,476,mRNA
38383,11519079,11519494,415,mRNA
38384,11518798,11519014,216,mRNA
38385,11520509,11520824,315,mRNA
38386,11520294,11520435,141,mRNA
38387,11520106,11520212,106,mRNA
38388,11519558,11520034,476,mRNA
38389,11519079,11519494,415,mRNA
38390,11518798,11519014,216,mRNA
38391,11520509,11520746,237,CDS
38392,11520294,11520435,141,CDS
38393,11520106,11520212,106,CDS
38394,11519558,11520034,476,CDS
38395,11519079,11519494,415,CDS
38396,11518910,11519014,104,CDS
38397,11520509,11520746,237,CDS
38398,11520294,11520435,141,CDS
38399,11520106,11520212,106,CDS
38400,11519558,11520034,476,CDS
38401,11519079,11519494,415,CDS
38402,11518910,11519014,104,CDS
38403,11522558,11522713,155,mRNA
38404,11521013,11522470,1457,mRNA
38405,11522558,11522713,155,mRNA
38406,11521013,11522506,1493,mRNA
38407,11522558,11522568,10,CDS
38408,11521366,11522470,1104,CDS
38409,11522558,11522568,10,CDS
38410,11521366,11522506,1140,CDS
38411,11522558,11522568,10,CDS
38412,11521366,11522506,1140,CDS
38413,11522757,11562233,39476,gene
38414,11552830,11553112,282,mRNA
38415,11541778,11542834,1056,mRNA
38416,11527182,11527342,160,mRNA
38417,11525580,11525676,96,mRNA
38418,11522757,11525513,2756,mRNA
38419,11534390,11534478,88,mRNA
38420,11527455,11527816,361,mRNA
38421,11527182,11527342,160,mRNA
38422,11525580,11525676,96,mRNA
38423,11522757,11525513,2756,mRNA
38424,11561894,11562233,339,mRNA
38425,11527182,11527342,160,mRNA
38426,11525580,11525676,96,mRNA
38427,11524296,11525513,1217,mRNA
38428,11558272,11558739,467,mRNA
38429,11527182,11527342,160,mRNA
38430,11525580,11525676,96,mRNA
38431,11524296,11525513,1217,mRNA
38432,11534341,11534478,137,mRNA
38433,11527455,11527816,361,mRNA
38434,11527182,11527342,160,mRNA
38435,11525580,11525676,96,mRNA
38436,11524296,11525513,1217,mRNA
38437,11561894,11561898,4,CDS
38438,11527182,11527342,160,CDS
38439,11525580,11525676,96,CDS
38440,11524481,11525513,1032,CDS
38441,11558272,11558681,409,CDS
38442,11527182,11527342,160,CDS
38443,11525580,11525676,96,CDS
38444,11524481,11525513,1032,CDS
38445,11541778,11542673,895,CDS
38446,11527182,11527342,160,CDS
38447,11525580,11525676,96,CDS
38448,11524481,11525513,1032,CDS
38449,11527455,11527777,322,CDS
38450,11527182,11527342,160,CDS
38451,11525580,11525676,96,CDS
38452,11524481,11525513,1032,CDS
38453,11527455,11527777,322,CDS
38454,11527182,11527342,160,CDS
38455,11525580,11525676,96,CDS
38456,11524481,11525513,1032,CDS
38457,11552539,11552693,154,gene
38458,11552539,11552693,154,precursor_RNA
38459,11552584,11552605,21,ncRNA
38460,11552624,11552645,21,ncRNA
38461,11561996,11564312,2316,gene
38462,11561996,11562085,89,mRNA
38463,11562647,11562737,90,mRNA
38464,11562861,11563100,239,mRNA
38465,11563303,11564312,1009,mRNA
38466,11562673,11562737,64,mRNA
38467,11562861,11563100,239,mRNA
38468,11563303,11564312,1009,mRNA
38469,11562673,11562737,64,mRNA
38470,11562861,11563100,239,mRNA
38471,11563303,11563531,228,mRNA
38472,11562735,11562737,2,CDS
38473,11562861,11563100,239,CDS
38474,11563303,11563416,113,CDS
38475,11562735,11562737,2,CDS
38476,11562861,11563100,239,CDS
38477,11563303,11563416,113,CDS
38478,11562735,11562737,2,CDS
38479,11562861,11563100,239,CDS
38480,11563303,11563416,113,CDS
38481,11562737,11563100,363,mRNA
38482,11563303,11563828,525,mRNA
38483,11562828,11563100,272,CDS
38484,11563303,11563416,113,CDS
38485,11564483,11572796,8313,gene
38486,11564483,11564832,349,mRNA
38487,11572405,11572796,391,mRNA
38488,11564742,11564832,90,CDS
38489,11572405,11572598,193,CDS
38490,11564836,11572403,7567,mobile_element
38491,11572797,11574663,1866,gene
38492,11574093,11574663,570,mRNA
38493,11573857,11574030,173,mRNA
38494,11572797,11573796,999,mRNA
38495,11574093,11574601,508,CDS
38496,11573857,11574030,173,CDS
38497,11572887,11573796,909,CDS
38498,11574764,11577044,2280,gene
38499,11576338,11577044,706,mRNA
38500,11575841,11576017,176,mRNA
38501,11574764,11575630,866,mRNA
38502,11576338,11576913,575,mRNA
38503,11575841,11576017,176,mRNA
38504,11574764,11575630,866,mRNA
38505,11576338,11576849,511,CDS
38506,11575841,11576017,176,CDS
38507,11574826,11575630,804,CDS
38508,11576338,11576849,511,CDS
38509,11575841,11576017,176,CDS
38510,11574826,11575630,804,CDS
38511,11577006,11577495,489,gene
38512,11577006,11577495,489,mRNA
38513,11577169,11577435,266,CDS
38514,11578236,11578623,387,gene
38515,11578236,11578623,387,mRNA
38516,11578287,11578553,266,CDS
38517,11579743,11579950,207,gene
38518,11579743,11579950,207,mRNA
38519,11579777,11579899,122,CDS
38520,11580829,11581019,190,gene
38521,11580829,11581019,190,mRNA
38522,11580864,11580986,122,CDS
38523,11581415,11582197,782,gene
38524,11581415,11582197,782,mRNA
38525,11581445,11581496,51,mobile_element
38526,11581788,11582197,409,mRNA
38527,11581850,11582116,266,CDS
38528,11581850,11582116,266,CDS
38529,11582401,11584064,1663,gene
38530,11583510,11584064,554,mRNA
38531,11583268,11583444,176,mRNA
38532,11582401,11583168,767,mRNA
38533,11583510,11584064,554,mRNA
38534,11583268,11583444,176,mRNA
38535,11582401,11583216,815,mRNA
38536,11583510,11584033,523,CDS
38537,11583268,11583444,176,CDS
38538,11582442,11583168,726,CDS
38539,11583510,11584033,523,CDS
38540,11583268,11583444,176,CDS
38541,11582442,11583216,774,CDS
38542,11584122,11587770,3648,gene
38543,11586737,11587770,1033,mRNA
38544,11585943,11586505,562,mRNA
38545,11585072,11585851,779,mRNA
38546,11584122,11585012,890,mRNA
38547,11586737,11587332,595,CDS
38548,11585943,11586505,562,CDS
38549,11585072,11585851,779,CDS
38550,11584291,11585012,721,CDS
38551,11589695,11589979,284,gene
38552,11589695,11589979,284,mRNA
38553,11589695,11589979,284,CDS
38554,11590872,11591231,359,gene
38555,11590872,11591231,359,mRNA
38556,11590938,11591222,284,CDS
38557,11592447,11592790,343,gene
38558,11592447,11592790,343,ncRNA
38559,11592451,11592783,332,gene
38560,11592451,11592783,332,ncRNA
38561,11593447,11593712,265,gene
38562,11593447,11593712,265,ncRNA
38563,11593447,11593709,262,gene
38564,11593447,11593709,262,ncRNA
38565,11597202,11605374,8172,gene
38566,11597202,11597459,257,mRNA
38567,11602648,11603254,606,mRNA
38568,11603339,11603490,151,mRNA
38569,11603561,11605374,1813,mRNA
38570,11599636,11599947,311,gene
38571,11599636,11599947,311,mRNA
38572,11599636,11599947,311,CDS
38573,11601431,11601515,84,mRNA
38574,11602648,11603254,606,mRNA
38575,11603339,11603490,151,mRNA
38576,11603561,11605374,1813,mRNA
38577,11602723,11603254,531,CDS
38578,11603339,11603490,151,CDS
38579,11603561,11604469,908,CDS
38580,11602723,11603254,531,CDS
38581,11603339,11603490,151,CDS
38582,11603561,11604469,908,CDS
38583,11605436,11609465,4029,gene
38584,11609286,11609465,179,mRNA
38585,11608676,11609188,512,mRNA
38586,11608537,11608604,67,mRNA
38587,11607652,11608183,531,mRNA
38588,11607435,11607591,156,mRNA
38589,11607144,11607346,202,mRNA
38590,11606536,11607083,547,mRNA
38591,11606257,11606471,214,mRNA
38592,11605436,11606198,762,mRNA
38593,11608676,11609465,789,mRNA
38594,11608537,11608604,67,mRNA
38595,11607652,11608183,531,mRNA
38596,11607435,11607591,156,mRNA
38597,11607144,11607346,202,mRNA
38598,11606536,11607083,547,mRNA
38599,11606257,11606471,214,mRNA
38600,11605436,11606198,762,mRNA
38601,11609286,11609465,179,mRNA
38602,11608676,11609188,512,mRNA
38603,11608537,11608604,67,mRNA
38604,11607652,11608183,531,mRNA
38605,11607435,11607591,156,mRNA
38606,11607144,11607346,202,mRNA
38607,11606257,11607083,826,mRNA
38608,11605789,11606198,409,mRNA
38609,11607652,11608285,633,mRNA
38610,11607435,11607591,156,mRNA
38611,11607144,11607346,202,mRNA
38612,11606536,11607083,547,mRNA
38613,11606257,11606471,214,mRNA
38614,11605789,11606198,409,mRNA
38615,11608676,11608837,161,CDS
38616,11608537,11608604,67,CDS
38617,11607652,11608183,531,CDS
38618,11607435,11607591,156,CDS
38619,11607144,11607346,202,CDS
38620,11606536,11607083,547,CDS
38621,11606257,11606471,214,CDS
38622,11606104,11606198,94,CDS
38623,11608676,11608837,161,CDS
38624,11608537,11608604,67,CDS
38625,11607652,11608183,531,CDS
38626,11607435,11607591,156,CDS
38627,11607144,11607346,202,CDS
38628,11606536,11607083,547,CDS
38629,11606257,11606471,214,CDS
38630,11606104,11606198,94,CDS
38631,11607652,11607933,281,CDS
38632,11607435,11607591,156,CDS
38633,11607144,11607346,202,CDS
38634,11606536,11607083,547,CDS
38635,11606257,11606471,214,CDS
38636,11606104,11606198,94,CDS
38637,11608676,11608837,161,CDS
38638,11608537,11608604,67,CDS
38639,11607652,11608183,531,CDS
38640,11607435,11607591,156,CDS
38641,11607144,11607346,202,CDS
38642,11606499,11607083,584,CDS
38643,11610135,11610386,251,gene
38644,11610135,11610386,251,mRNA
38645,11610135,11610332,197,CDS
38646,11610578,11620101,9523,gene
38647,11610578,11620101,9523,mRNA
38648,11610665,11620072,9407,CDS
38649,11620535,11624381,3846,gene
38650,11624262,11624381,119,mRNA
38651,11624114,11624198,84,mRNA
38652,11622033,11622175,142,mRNA
38653,11621483,11621966,483,mRNA
38654,11621214,11621422,208,mRNA
38655,11620535,11620665,130,mRNA
38656,11624262,11624381,119,mRNA
38657,11624114,11624198,84,mRNA
38658,11622033,11622175,142,mRNA
38659,11621483,11621966,483,mRNA
38660,11621214,11621422,208,mRNA
38661,11620923,11621103,180,mRNA
38662,11620535,11620665,130,mRNA
38663,11623548,11623715,167,mRNA
38664,11622033,11622175,142,mRNA
38665,11621483,11621966,483,mRNA
38666,11621214,11621422,208,mRNA
38667,11620535,11620665,130,mRNA
38668,11623548,11623715,167,mRNA
38669,11622033,11622175,142,mRNA
38670,11621483,11621966,483,mRNA
38671,11621214,11621422,208,mRNA
38672,11620923,11621103,180,mRNA
38673,11620535,11620665,130,mRNA
38674,11624262,11624347,85,CDS
38675,11624114,11624198,84,CDS
38676,11622033,11622175,142,CDS
38677,11621483,11621966,483,CDS
38678,11621214,11621422,208,CDS
38679,11620620,11620665,45,CDS
38680,11623548,11623616,68,CDS
38681,11622033,11622175,142,CDS
38682,11621483,11621966,483,CDS
38683,11621214,11621422,208,CDS
38684,11620620,11620665,45,CDS
38685,11624262,11624347,85,CDS
38686,11624114,11624198,84,CDS
38687,11622033,11622175,142,CDS
38688,11621483,11621966,483,CDS
38689,11621214,11621422,208,CDS
38690,11621058,11621103,45,CDS
38691,11623548,11623616,68,CDS
38692,11622033,11622175,142,CDS
38693,11621483,11621966,483,CDS
38694,11621214,11621422,208,CDS
38695,11621058,11621103,45,CDS
38696,11624528,11626125,1597,gene
38697,11625916,11626125,209,mRNA
38698,11625617,11625759,142,mRNA
38699,11624851,11625552,701,mRNA
38700,11624528,11624780,252,mRNA
38701,11625916,11625984,68,CDS
38702,11625617,11625759,142,CDS
38703,11624851,11625552,701,CDS
38704,11624726,11624780,54,CDS
38705,11626441,11627715,1274,gene
38706,11626441,11627715,1274,mRNA
38707,11626480,11627667,1187,CDS
38708,11628037,11630749,2712,gene
38709,11628037,11628136,99,mRNA
38710,11628343,11628501,158,mRNA
38711,11628563,11628594,31,mRNA
38712,11628961,11629504,543,mRNA
38713,11629581,11629598,17,mRNA
38714,11630230,11630749,519,mRNA
38715,11628037,11628136,99,mRNA
38716,11628343,11628501,158,mRNA
38717,11628563,11628594,31,mRNA
38718,11628961,11629504,543,mRNA
38719,11629581,11629598,17,mRNA
38720,11630467,11630749,282,mRNA
38721,11628037,11628136,99,mRNA
38722,11628343,11628501,158,mRNA
38723,11628563,11628594,31,mRNA
38724,11628961,11629504,543,mRNA
38725,11629581,11629992,411,mRNA
38726,11628037,11628126,89,mRNA
38727,11628343,11628501,158,mRNA
38728,11628563,11628594,31,mRNA
38729,11628961,11629504,543,mRNA
38730,11629581,11629992,411,mRNA
38731,11628217,11628250,33,mRNA
38732,11628343,11628501,158,mRNA
38733,11628563,11628594,31,mRNA
38734,11628961,11629504,543,mRNA
38735,11629581,11629992,411,mRNA
38736,11628454,11628501,47,CDS
38737,11628563,11628594,31,CDS
38738,11628961,11629504,543,CDS
38739,11629581,11629598,17,CDS
38740,11630467,11630523,56,CDS
38741,11628454,11628501,47,CDS
38742,11628563,11628594,31,CDS
38743,11628961,11629504,543,CDS
38744,11629581,11629598,17,CDS
38745,11630230,11630253,23,CDS
38746,11628454,11628501,47,CDS
38747,11628563,11628594,31,CDS
38748,11628961,11629504,543,CDS
38749,11629581,11629607,26,CDS
38750,11628454,11628501,47,CDS
38751,11628563,11628594,31,CDS
38752,11628961,11629504,543,CDS
38753,11629581,11629607,26,CDS
38754,11628454,11628501,47,CDS
38755,11628563,11628594,31,CDS
38756,11628961,11629504,543,CDS
38757,11629581,11629607,26,CDS
38758,11629505,11629580,75,gene
38759,11629505,11629580,75,precursor_RNA
38760,11629505,11629526,21,ncRNA
38761,11629550,11629571,21,ncRNA
38762,11631392,11642902,11510,gene
38763,11631392,11631590,198,mRNA
38764,11634614,11635191,577,mRNA
38765,11640068,11640197,129,mRNA
38766,11640657,11641195,538,mRNA
38767,11641261,11641773,512,mRNA
38768,11641833,11642089,256,mRNA
38769,11642152,11642902,750,mRNA
38770,11632705,11633303,598,gene
38771,11632705,11633303,598,ncRNA
38772,11635101,11635191,90,CDS
38773,11640068,11640197,129,CDS
38774,11640657,11641195,538,CDS
38775,11641261,11641773,512,CDS
38776,11641833,11642089,256,CDS
38777,11642152,11642493,341,CDS
38778,11642906,11646033,3127,gene
38779,11645447,11646033,586,mRNA
38780,11644016,11645378,1362,mRNA
38781,11643258,11643946,688,mRNA
38782,11642906,11643192,286,mRNA
38783,11645447,11646033,586,CDS
38784,11644016,11645378,1362,CDS
38785,11643258,11643946,688,CDS
38786,11642943,11643192,249,CDS
38787,11646234,11648474,2240,gene
38788,11648392,11648474,82,mRNA
38789,11648240,11648319,79,mRNA
38790,11646861,11648180,1319,mRNA
38791,11646234,11646799,565,mRNA
38792,11648240,11648474,234,mRNA
38793,11646861,11648180,1319,mRNA
38794,11646234,11646799,565,mRNA
38795,11648240,11648299,59,CDS
38796,11646861,11648180,1319,CDS
38797,11646422,11646799,377,CDS
38798,11648240,11648299,59,CDS
38799,11646861,11648180,1319,CDS
38800,11646422,11646799,377,CDS
38801,11648756,11650499,1743,gene
38802,11648756,11648951,195,mRNA
38803,11649009,11649491,482,mRNA
38804,11649551,11650499,948,mRNA
38805,11648756,11648951,195,mRNA
38806,11649009,11649491,482,mRNA
38807,11649551,11649838,287,mRNA
38808,11648841,11648951,110,CDS
38809,11649009,11649491,482,CDS
38810,11649551,11649679,128,CDS
38811,11648841,11648951,110,CDS
38812,11649009,11649491,482,CDS
38813,11649551,11649679,128,CDS
38814,11650517,11680344,29827,gene
38815,11679952,11680344,392,mRNA
38816,11674268,11675665,1397,mRNA
38817,11668432,11668605,173,mRNA
38818,11668195,11668312,117,mRNA
38819,11653918,11654113,195,mRNA
38820,11650517,11651267,750,mRNA
38821,11674268,11675482,1214,CDS
38822,11668432,11668605,173,CDS
38823,11668195,11668312,117,CDS
38824,11653918,11654113,195,CDS
38825,11650970,11651267,297,CDS
38826,11656918,11657017,99,gene
38827,11656918,11657017,99,precursor_RNA
38828,11656937,11656959,22,ncRNA
38829,11656981,11657003,22,ncRNA
38830,11666319,11667079,760,gene
38831,11666319,11667079,760,ncRNA
38832,11667278,11667898,620,gene
38833,11667278,11667898,620,ncRNA
38834,11667284,11667825,541,gene
38835,11667284,11667825,541,ncRNA
38836,11668211,11668877,666,gene
38837,11668211,11668877,666,ncRNA
38838,11672613,11672974,361,gene
38839,11672613,11672974,361,ncRNA
38840,11682038,11683805,1767,gene
38841,11682038,11682222,184,mRNA
38842,11682301,11683407,1106,mRNA
38843,11683476,11683805,329,mRNA
38844,11682312,11683407,1095,CDS
38845,11683476,11683669,193,CDS
38846,11683980,11690155,6175,gene
38847,11683980,11684645,665,mRNA
38848,11686070,11686208,138,mRNA
38849,11686725,11687559,834,mRNA
38850,11687623,11688090,467,mRNA
38851,11688152,11688344,192,mRNA
38852,11689108,11690155,1047,mRNA
38853,11683980,11684645,665,mRNA
38854,11686070,11686208,138,mRNA
38855,11686725,11687559,834,mRNA
38856,11687623,11688090,467,mRNA
38857,11688152,11688338,186,mRNA
38858,11689108,11690155,1047,mRNA
38859,11683980,11684645,665,mRNA
38860,11686070,11686208,138,mRNA
38861,11686725,11687559,834,mRNA
38862,11687623,11688090,467,mRNA
38863,11688152,11688825,673,mRNA
38864,11684582,11684645,63,CDS
38865,11686070,11686208,138,CDS
38866,11686725,11687559,834,CDS
38867,11687623,11688090,467,CDS
38868,11688152,11688344,192,CDS
38869,11689108,11689181,73,CDS
38870,11684582,11684645,63,CDS
38871,11686070,11686208,138,CDS
38872,11686725,11687559,834,CDS
38873,11687623,11688090,467,CDS
38874,11688152,11688338,186,CDS
38875,11689108,11689181,73,CDS
38876,11684582,11684645,63,CDS
38877,11686070,11686208,138,CDS
38878,11686725,11687559,834,CDS
38879,11687623,11688090,467,CDS
38880,11688152,11688460,308,CDS
38881,11687344,11688390,1046,gene
38882,11687344,11688390,1046,ncRNA
38883,11689631,11691399,1768,gene
38884,11691308,11691399,91,mRNA
38885,11691040,11691249,209,mRNA
38886,11690897,11690981,84,mRNA
38887,11690226,11690312,86,mRNA
38888,11689631,11690108,477,mRNA
38889,11691308,11691333,25,CDS
38890,11691040,11691249,209,CDS
38891,11690897,11690981,84,CDS
38892,11690226,11690312,86,CDS
38893,11690013,11690108,95,CDS
38894,11691571,11692757,1186,gene
38895,11691571,11691838,267,mRNA
38896,11691900,11692359,459,mRNA
38897,11692422,11692757,335,mRNA
38898,11691647,11691838,191,mRNA
38899,11691900,11692359,459,mRNA
38900,11692422,11692566,144,mRNA
38901,11692618,11692757,139,mRNA
38902,11691694,11691838,144,CDS
38903,11691900,11692359,459,CDS
38904,11692422,11692566,144,CDS
38905,11692618,11692635,17,CDS
38906,11691694,11691838,144,CDS
38907,11691900,11692359,459,CDS
38908,11692422,11692596,174,CDS
38909,11693135,11693661,526,gene
38910,11693135,11693661,526,ncRNA
38911,11693879,11696963,3084,gene
38912,11696875,11696963,88,mRNA
38913,11694810,11695578,768,mRNA
38914,11693879,11694745,866,mRNA
38915,11696415,11696498,83,mRNA
38916,11694810,11695578,768,mRNA
38917,11693879,11694745,866,mRNA
38918,11696351,11696498,147,mRNA
38919,11694810,11695578,768,mRNA
38920,11693879,11694745,866,mRNA
38921,11694810,11695574,764,CDS
38922,11694146,11694745,599,CDS
38923,11694810,11695574,764,CDS
38924,11694146,11694745,599,CDS
38925,11694810,11695574,764,CDS
38926,11694146,11694745,599,CDS
38927,11697126,11699263,2137,gene
38928,11698156,11699263,1107,mRNA
38929,11697918,11698096,178,mRNA
38930,11697625,11697862,237,mRNA
38931,11697346,11697565,219,mRNA
38932,11697126,11697261,135,mRNA
38933,11698156,11699263,1107,mRNA
38934,11697918,11698096,178,mRNA
38935,11697625,11697862,237,mRNA
38936,11697342,11697565,223,mRNA
38937,11697126,11697261,135,mRNA
38938,11698156,11699226,1070,CDS
38939,11697918,11698096,178,CDS
38940,11697625,11697862,237,CDS
38941,11697346,11697565,219,CDS
38942,11697212,11697261,49,CDS
38943,11698156,11699226,1070,CDS
38944,11697918,11698096,178,CDS
38945,11697625,11697862,237,CDS
38946,11697342,11697565,223,CDS
38947,11697243,11697261,18,CDS
38948,11699496,11708553,9057,gene
38949,11708408,11708553,145,mRNA
38950,11707305,11707571,266,mRNA
38951,11701482,11701771,289,mRNA
38952,11701238,11701419,181,mRNA
38953,11699496,11701173,1677,mRNA
38954,11708392,11708553,161,mRNA
38955,11707305,11707571,266,mRNA
38956,11701482,11701771,289,mRNA
38957,11701238,11701419,181,mRNA
38958,11700091,11701173,1082,mRNA
38959,11708320,11708553,233,mRNA
38960,11707305,11707571,266,mRNA
38961,11701482,11701771,289,mRNA
38962,11701238,11701419,181,mRNA
38963,11700091,11701173,1082,mRNA
38964,11708308,11708553,245,mRNA
38965,11707305,11707571,266,mRNA
38966,11701482,11701771,289,mRNA
38967,11701238,11701419,181,mRNA
38968,11700091,11701173,1082,mRNA
38969,11707688,11707755,67,mRNA
38970,11707305,11707571,266,mRNA
38971,11701482,11701771,289,mRNA
38972,11701238,11701419,181,mRNA
38973,11700091,11701173,1082,mRNA
38974,11707305,11707411,106,CDS
38975,11701482,11701771,289,CDS
38976,11701238,11701419,181,CDS
38977,11700697,11701173,476,CDS
38978,11707305,11707411,106,CDS
38979,11701482,11701771,289,CDS
38980,11701238,11701419,181,CDS
38981,11700697,11701173,476,CDS
38982,11707305,11707411,106,CDS
38983,11701482,11701771,289,CDS
38984,11701238,11701419,181,CDS
38985,11700697,11701173,476,CDS
38986,11707305,11707411,106,CDS
38987,11701482,11701771,289,CDS
38988,11701238,11701419,181,CDS
38989,11700697,11701173,476,CDS
38990,11707305,11707411,106,CDS
38991,11701482,11701771,289,CDS
38992,11701238,11701419,181,CDS
38993,11700697,11701173,476,CDS
38994,11708979,11710570,1591,gene
38995,11708979,11710570,1591,gene
38996,11708979,11709435,456,mRNA
38997,11709499,11710570,1071,mRNA
38998,11708979,11709435,456,mRNA
38999,11709499,11710570,1071,mRNA
39000,11709084,11709347,263,CDS
39001,11709499,11710491,992,CDS
39002,11710507,11711386,879,gene
39003,11711221,11711386,165,mRNA
39004,11711008,11711148,140,mRNA
39005,11710507,11710951,444,mRNA
39006,11711221,11711278,57,CDS
39007,11711008,11711148,140,CDS
39008,11710674,11710951,277,CDS
39009,11712229,11715285,3056,gene
39010,11715023,11715285,262,mRNA
39011,11712229,11712859,630,mRNA
39012,11715023,11715122,99,CDS
39013,11712603,11712859,256,CDS
39014,11720934,11728118,7184,gene
39015,11720934,11721191,257,mRNA
39016,11721317,11721464,147,mRNA
39017,11722005,11722418,413,mRNA
39018,11722472,11722532,60,mRNA
39019,11722589,11723157,568,mRNA
39020,11727882,11728118,236,mRNA
39021,11720934,11721191,257,mRNA
39022,11721317,11721464,147,mRNA
39023,11722005,11722418,413,mRNA
39024,11722472,11722532,60,mRNA
39025,11722589,11723325,736,mRNA
39026,11721125,11721191,66,CDS
39027,11721317,11721464,147,CDS
39028,11722005,11722418,413,CDS
39029,11722472,11722532,60,CDS
39030,11722589,11722810,221,CDS
39031,11721125,11721191,66,CDS
39032,11721317,11721464,147,CDS
39033,11722005,11722418,413,CDS
39034,11722472,11722532,60,CDS
39035,11722589,11722810,221,CDS
39036,11723163,11727872,4709,mobile_element
39037,11728348,11732016,3668,gene
39038,11728348,11728458,110,mRNA
39039,11728515,11728962,447,mRNA
39040,11729037,11729145,108,mRNA
39041,11729298,11729421,123,mRNA
39042,11729479,11729693,214,mRNA
39043,11729776,11730325,549,mRNA
39044,11730383,11730746,363,mRNA
39045,11730802,11731208,406,mRNA
39046,11731288,11731658,370,mRNA
39047,11731713,11732016,303,mRNA
39048,11728417,11728458,41,CDS
39049,11728515,11728962,447,CDS
39050,11729037,11729145,108,CDS
39051,11729298,11729421,123,CDS
39052,11729479,11729693,214,CDS
39053,11729776,11730325,549,CDS
39054,11730383,11730746,363,CDS
39055,11730802,11731208,406,CDS
39056,11731288,11731658,370,CDS
39057,11731713,11731941,228,CDS
39058,11732141,11733610,1469,gene
39059,11732141,11733610,1469,mRNA
39060,11732224,11733447,1223,CDS
39061,11733589,11766182,32593,gene
39062,11765606,11765798,192,mRNA
39063,11759626,11760110,484,mRNA
39064,11743806,11744029,223,mRNA
39065,11737785,11737929,144,mRNA
39066,11737586,11737708,122,mRNA
39067,11737349,11737507,158,mRNA
39068,11736858,11737283,425,mRNA
39069,11733589,11736765,3176,mRNA
39070,11765852,11766182,330,mRNA
39071,11759626,11760110,484,mRNA
39072,11743806,11744029,223,mRNA
39073,11737785,11737929,144,mRNA
39074,11737586,11737708,122,mRNA
39075,11737349,11737507,158,mRNA
39076,11736858,11737283,425,mRNA
39077,11735536,11736765,1229,mRNA
39078,11759626,11759896,270,CDS
39079,11743806,11744029,223,CDS
39080,11737785,11737929,144,CDS
39081,11737586,11737708,122,CDS
39082,11737349,11737507,158,CDS
39083,11737066,11737283,217,CDS
39084,11759626,11759896,270,CDS
39085,11743806,11744029,223,CDS
39086,11737785,11737929,144,CDS
39087,11737586,11737708,122,CDS
39088,11737349,11737507,158,CDS
39089,11737066,11737283,217,CDS
39090,11751305,11752474,1169,gene
39091,11751305,11752474,1169,mRNA
39092,11751305,11752474,1169,CDS
39093,11767299,11772157,4858,gene
39094,11772132,11772157,25,mRNA
39095,11767299,11772074,4775,mRNA
39096,11772132,11772141,9,CDS
39097,11767540,11772074,4534,CDS
39098,11773012,11773101,89,gene
39099,11773012,11773101,89,precursor_RNA
39100,11773014,11773039,25,ncRNA
39101,11773081,11773101,20,ncRNA
39102,11773731,11773878,147,gene
39103,11773731,11773878,147,precursor_RNA
39104,11773740,11773762,22,ncRNA
39105,11773845,11773868,23,ncRNA
39106,11774060,11774501,441,gene
39107,11774060,11774501,441,mRNA
39108,11774134,11774412,278,CDS
39109,11774650,11790013,15363,gene
39110,11789970,11790013,43,mRNA
39111,11789541,11789620,79,mRNA
39112,11787179,11788245,1066,mRNA
39113,11787058,11787110,52,mRNA
39114,11784402,11785115,713,mRNA
39115,11784255,11784343,88,mRNA
39116,11783560,11784193,633,mRNA
39117,11782928,11783498,570,mRNA
39118,11782224,11782863,639,mRNA
39119,11781884,11782129,245,mRNA
39120,11781391,11781827,436,mRNA
39121,11780936,11781328,392,mRNA
39122,11780678,11780878,200,mRNA
39123,11776330,11776526,196,mRNA
39124,11776176,11776267,91,mRNA
39125,11775964,11776113,149,mRNA
39126,11774650,11775903,1253,mRNA
39127,11789922,11790013,91,mRNA
39128,11789541,11789620,79,mRNA
39129,11787179,11788245,1066,mRNA
39130,11787058,11787110,52,mRNA
39131,11784402,11785115,713,mRNA
39132,11784255,11784343,88,mRNA
39133,11783560,11784193,633,mRNA
39134,11782928,11783498,570,mRNA
39135,11782224,11782863,639,mRNA
39136,11781884,11782129,245,mRNA
39137,11781391,11781827,436,mRNA
39138,11780936,11781328,392,mRNA
39139,11780678,11780878,200,mRNA
39140,11776330,11776526,196,mRNA
39141,11776176,11776267,91,mRNA
39142,11775964,11776113,149,mRNA
39143,11774650,11775903,1253,mRNA
39144,11789541,11790013,472,mRNA
39145,11787179,11788245,1066,mRNA
39146,11787058,11787110,52,mRNA
39147,11784402,11785115,713,mRNA
39148,11784255,11784343,88,mRNA
39149,11783560,11784193,633,mRNA
39150,11782928,11783498,570,mRNA
39151,11782224,11782863,639,mRNA
39152,11781884,11782129,245,mRNA
39153,11781391,11781827,436,mRNA
39154,11780936,11781328,392,mRNA
39155,11780678,11780878,200,mRNA
39156,11776330,11776526,196,mRNA
39157,11776176,11776267,91,mRNA
39158,11775964,11776113,149,mRNA
39159,11774650,11775903,1253,mRNA
39160,11787179,11788212,1033,CDS
39161,11787058,11787110,52,CDS
39162,11784402,11785115,713,CDS
39163,11784255,11784343,88,CDS
39164,11783560,11784193,633,CDS
39165,11782928,11783498,570,CDS
39166,11782224,11782863,639,CDS
39167,11781884,11782129,245,CDS
39168,11781391,11781827,436,CDS
39169,11780936,11781328,392,CDS
39170,11780678,11780878,200,CDS
39171,11776330,11776526,196,CDS
39172,11776176,11776267,91,CDS
39173,11775964,11776113,149,CDS
39174,11775724,11775903,179,CDS
39175,11787179,11788212,1033,CDS
39176,11787058,11787110,52,CDS
39177,11784402,11785115,713,CDS
39178,11784255,11784343,88,CDS
39179,11783560,11784193,633,CDS
39180,11782928,11783498,570,CDS
39181,11782224,11782863,639,CDS
39182,11781884,11782129,245,CDS
39183,11781391,11781827,436,CDS
39184,11780936,11781328,392,CDS
39185,11780678,11780878,200,CDS
39186,11776330,11776526,196,CDS
39187,11776176,11776267,91,CDS
39188,11775964,11776113,149,CDS
39189,11775724,11775903,179,CDS
39190,11787179,11788212,1033,CDS
39191,11787058,11787110,52,CDS
39192,11784402,11785115,713,CDS
39193,11784255,11784343,88,CDS
39194,11783560,11784193,633,CDS
39195,11782928,11783498,570,CDS
39196,11782224,11782863,639,CDS
39197,11781884,11782129,245,CDS
39198,11781391,11781827,436,CDS
39199,11780936,11781328,392,CDS
39200,11780678,11780878,200,CDS
39201,11776330,11776526,196,CDS
39202,11776176,11776267,91,CDS
39203,11775964,11776113,149,CDS
39204,11775724,11775903,179,CDS
39205,11777073,11780485,3412,gene
39206,11777073,11777249,176,mRNA
39207,11777306,11777505,199,mRNA
39208,11778218,11778311,93,mRNA
39209,11778425,11780485,2060,mRNA
39210,11777073,11777249,176,mRNA
39211,11777309,11777505,196,mRNA
39212,11778218,11778311,93,mRNA
39213,11778425,11780485,2060,mRNA
39214,11777222,11777249,27,CDS
39215,11777306,11777505,199,CDS
39216,11778218,11778311,93,CDS
39217,11778425,11780310,1885,CDS
39218,11777222,11777249,27,CDS
39219,11777309,11777505,196,CDS
39220,11778218,11778311,93,CDS
39221,11778425,11780310,1885,CDS
39222,11789922,11790013,91,mRNA
39223,11789541,11789620,79,mRNA
39224,11787179,11788245,1066,mRNA
39225,11787058,11787110,52,mRNA
39226,11786052,11786639,587,mRNA
39227,11789541,11790013,472,mRNA
39228,11787179,11788245,1066,mRNA
39229,11787058,11787110,52,mRNA
39230,11786052,11786639,587,mRNA
39231,11787179,11788212,1033,CDS
39232,11787058,11787110,52,CDS
39233,11786626,11786639,13,CDS
39234,11787179,11788212,1033,CDS
39235,11787058,11787110,52,CDS
39236,11786626,11786639,13,CDS
39237,11790212,11793283,3071,gene
39238,11791799,11793283,1484,mRNA
39239,11790212,11791733,1521,mRNA
39240,11791799,11793129,1330,CDS
39241,11790278,11791733,1455,CDS
39242,11793514,11795418,1904,gene
39243,11793514,11794176,662,mRNA
39244,11794354,11794737,383,mRNA
39245,11794797,11795003,206,mRNA
39246,11795063,11795418,355,mRNA
39247,11793587,11794176,589,CDS
39248,11794354,11794737,383,CDS
39249,11794797,11795003,206,CDS
39250,11795063,11795390,327,CDS
39251,11795614,11798875,3261,gene
39252,11795614,11795698,84,mRNA
39253,11795858,11796621,763,mRNA
39254,11796727,11798875,2148,mRNA
39255,11795614,11795671,57,mRNA
39256,11795858,11796621,763,mRNA
39257,11796727,11798875,2148,mRNA
39258,11795957,11796621,664,CDS
39259,11796727,11798416,1689,CDS
39260,11795957,11796621,664,CDS
39261,11796727,11798416,1689,CDS
39262,11798948,11800861,1913,gene
39263,11800719,11800861,142,mRNA
39264,11800162,11800358,196,mRNA
39265,11799239,11800100,861,mRNA
39266,11798948,11799176,228,mRNA
39267,11800719,11800755,36,CDS
39268,11800162,11800358,196,CDS
39269,11799239,11800100,861,CDS
39270,11799019,11799176,157,CDS
39271,11801471,11801542,71,gene
39272,11801471,11801542,71,tRNA
39273,11801951,11814755,12804,gene
39274,11813979,11814755,776,mRNA
39275,11813512,11813618,106,mRNA
39276,11811545,11813448,1903,mRNA
39277,11811197,11811381,184,mRNA
39278,11810812,11811137,325,mRNA
39279,11810639,11810751,112,mRNA
39280,11810290,11810488,198,mRNA
39281,11808908,11810225,1317,mRNA
39282,11807930,11808812,882,mRNA
39283,11807713,11807870,157,mRNA
39284,11805881,11807643,1762,mRNA
39285,11803401,11805747,2346,mRNA
39286,11803114,11803293,179,mRNA
39287,11802921,11803062,141,mRNA
39288,11802713,11802864,151,mRNA
39289,11802354,11802651,297,mRNA
39290,11801951,11802296,345,mRNA
39291,11813979,11814533,554,CDS
39292,11813512,11813618,106,CDS
39293,11811545,11813448,1903,CDS
39294,11811197,11811381,184,CDS
39295,11810812,11811137,325,CDS
39296,11810639,11810751,112,CDS
39297,11810290,11810488,198,CDS
39298,11808908,11810225,1317,CDS
39299,11807930,11808812,882,CDS
39300,11807713,11807870,157,CDS
39301,11805881,11807643,1762,CDS
39302,11803401,11805747,2346,CDS
39303,11803114,11803293,179,CDS
39304,11802921,11803062,141,CDS
39305,11802713,11802864,151,CDS
39306,11802354,11802651,297,CDS
39307,11802085,11802296,211,CDS
39308,11815444,11816710,1266,gene
39309,11815444,11815560,116,mRNA
39310,11815629,11815822,193,mRNA
39311,11815891,11816058,167,mRNA
39312,11816123,11816710,587,mRNA
39313,11815500,11815560,60,CDS
39314,11815629,11815822,193,CDS
39315,11815891,11816058,167,CDS
39316,11816123,11816467,344,CDS
39317,11816695,11822275,5580,gene
39318,11822225,11822275,50,mRNA
39319,11821834,11822092,258,mRNA
39320,11818254,11818907,653,mRNA
39321,11818088,11818187,99,mRNA
39322,11816695,11817316,621,mRNA
39323,11822225,11822275,50,mRNA
39324,11821834,11822092,258,mRNA
39325,11818254,11818907,653,mRNA
39326,11816983,11818187,1204,mRNA
39327,11821834,11822205,371,mRNA
39328,11818254,11818907,653,mRNA
39329,11818088,11818187,99,mRNA
39330,11816983,11817316,333,mRNA
39331,11819821,11819956,135,mRNA
39332,11818254,11818907,653,mRNA
39333,11818088,11818187,99,mRNA
39334,11816983,11817316,333,mRNA
39335,11821834,11821857,23,CDS
39336,11818254,11818907,653,CDS
39337,11818088,11818187,99,CDS
39338,11817144,11817316,172,CDS
39339,11821834,11821857,23,CDS
39340,11818254,11818907,653,CDS
39341,11818088,11818187,99,CDS
39342,11817144,11817316,172,CDS
39343,11819821,11819835,14,CDS
39344,11818254,11818907,653,CDS
39345,11818088,11818187,99,CDS
39346,11817144,11817316,172,CDS
39347,11822225,11822275,50,mRNA
39348,11821834,11822092,258,mRNA
39349,11818254,11818907,653,mRNA
39350,11818088,11818187,99,mRNA
39351,11817213,11817652,439,mRNA
39352,11822225,11822275,50,mRNA
39353,11821834,11822092,258,mRNA
39354,11818254,11818907,653,mRNA
39355,11818088,11818187,99,mRNA
39356,11817213,11817694,481,mRNA
39357,11819821,11819956,135,mRNA
39358,11818254,11818907,653,mRNA
39359,11818088,11818187,99,mRNA
39360,11817213,11817652,439,mRNA
39361,11821834,11821857,23,CDS
39362,11818254,11818907,653,CDS
39363,11818088,11818187,99,CDS
39364,11817480,11817652,172,CDS
39365,11821834,11821857,23,CDS
39366,11818254,11818907,653,CDS
39367,11818088,11818187,99,CDS
39368,11817480,11817694,214,CDS
39369,11819821,11819835,14,CDS
39370,11818254,11818907,653,CDS
39371,11818088,11818187,99,CDS
39372,11817480,11817652,172,CDS
39373,11821834,11821857,23,CDS
39374,11818254,11818907,653,CDS
39375,11818074,11818187,113,CDS
39376,11820338,11822275,1937,gene
39377,11822225,11822275,50,mRNA
39378,11820338,11822092,1754,mRNA
39379,11822161,11822205,44,mRNA
39380,11821834,11822092,258,mRNA
39381,11820338,11821482,1144,mRNA
39382,11822161,11822205,44,mRNA
39383,11821834,11822092,258,mRNA
39384,11820338,11821719,1381,mRNA
39385,11820479,11821432,953,CDS
39386,11820479,11821432,953,CDS
39387,11820479,11821432,953,CDS
39388,11822851,11824211,1360,gene
39389,11822851,11822890,39,mRNA
39390,11823200,11823565,365,mRNA
39391,11823658,11824211,553,mRNA
39392,11822851,11822890,39,mRNA
39393,11823200,11823355,155,mRNA
39394,11823658,11824211,553,mRNA
39395,11822886,11822890,4,CDS
39396,11823200,11823355,155,CDS
39397,11823658,11824150,492,CDS
39398,11822886,11822890,4,CDS
39399,11823200,11823368,168,CDS
39400,11822984,11823124,140,gene
39401,11822984,11823124,140,ncRNA
39402,11824207,11825732,1525,gene
39403,11824207,11825732,1525,mRNA
39404,11824297,11825586,1289,CDS
39405,11826284,11826425,141,mobile_element
39406,11826719,11833578,6859,gene
39407,11832874,11833578,704,mRNA
39408,11832053,11832243,190,mRNA
39409,11831727,11831982,255,mRNA
39410,11828461,11828684,223,mRNA
39411,11828188,11828392,204,mRNA
39412,11827870,11828117,247,mRNA
39413,11826719,11827805,1086,mRNA
39414,11832874,11833578,704,mRNA
39415,11832053,11832246,193,mRNA
39416,11831727,11831982,255,mRNA
39417,11828461,11828684,223,mRNA
39418,11828188,11828392,204,mRNA
39419,11827870,11828117,247,mRNA
39420,11827083,11827805,722,mRNA
39421,11832874,11833068,194,CDS
39422,11832053,11832243,190,CDS
39423,11831727,11831982,255,CDS
39424,11828461,11828684,223,CDS
39425,11828188,11828392,204,CDS
39426,11827870,11828117,247,CDS
39427,11827652,11827805,153,CDS
39428,11832874,11833068,194,CDS
39429,11832053,11832246,193,CDS
39430,11831727,11831982,255,CDS
39431,11828461,11828684,223,CDS
39432,11828188,11828392,204,CDS
39433,11827870,11828117,247,CDS
39434,11827652,11827805,153,CDS
39435,11829030,11830844,1814,gene
39436,11829030,11829189,159,mRNA
39437,11829249,11829560,311,mRNA
39438,11829617,11830844,1227,mRNA
39439,11829377,11829560,183,mRNA
39440,11829617,11830844,1227,mRNA
39441,11829435,11829560,125,CDS
39442,11829617,11830636,1019,CDS
39443,11829435,11829560,125,CDS
39444,11829617,11830636,1019,CDS
39445,11834721,11836721,2000,gene
39446,11834721,11836721,2000,mRNA
39447,11835193,11836721,1528,mRNA
39448,11835247,11836692,1445,CDS
39449,11835247,11836692,1445,CDS
39450,11837765,11837959,194,mobile_element
39451,11847383,11847803,420,gene
39452,11847383,11847803,420,mRNA
39453,11847514,11847714,200,CDS
39454,11848174,11848269,95,mobile_element
39455,11850645,11938872,88227,gene
39456,11938700,11938872,172,mRNA
39457,11936973,11938507,1534,mRNA
39458,11854248,11854876,628,mRNA
39459,11850645,11852603,1958,mRNA
39460,11862284,11863447,1163,mRNA
39461,11854248,11854876,628,mRNA
39462,11850651,11852603,1952,mRNA
39463,11862284,11863447,1163,mRNA
39464,11854248,11854876,628,mRNA
39465,11850651,11852603,1952,mRNA
39466,11862284,11863162,878,CDS
39467,11854248,11854876,628,CDS
39468,11851511,11852603,1092,CDS
39469,11936973,11938340,1367,CDS
39470,11854248,11854876,628,CDS
39471,11851706,11852603,897,CDS
39472,11862284,11863162,878,CDS
39473,11854248,11854876,628,CDS
39474,11851706,11852603,897,CDS
39475,11864607,11865846,1239,mobile_element
39476,11870457,11871305,848,gene
39477,11870457,11871305,848,mRNA
39478,11870647,11871237,590,CDS
39479,11879115,11881182,2067,gene
39480,11879115,11879139,24,mRNA
39481,11879201,11880163,962,mRNA
39482,11880221,11881182,961,mRNA
39483,11879174,11880163,989,mRNA
39484,11880221,11880676,455,mRNA
39485,11880728,11881182,454,mRNA
39486,11879174,11879455,281,mRNA
39487,11879510,11880163,653,mRNA
39488,11880221,11881182,961,mRNA
39489,11879174,11879455,281,mRNA
39490,11879510,11880163,653,mRNA
39491,11880221,11880676,455,mRNA
39492,11880728,11881182,454,mRNA
39493,11879221,11880163,942,CDS
39494,11880221,11881017,796,CDS
39495,11879221,11880163,942,CDS
39496,11880221,11880676,455,CDS
39497,11880728,11881017,289,CDS
39498,11879221,11879455,234,CDS
39499,11879510,11880163,653,CDS
39500,11880221,11881017,796,CDS
39501,11879221,11879455,234,CDS
39502,11879510,11880163,653,CDS
39503,11880221,11880676,455,CDS
39504,11880728,11881017,289,CDS
39505,11881384,11883546,2162,gene
39506,11881384,11881453,69,mRNA
39507,11881512,11881954,442,mRNA
39508,11882036,11882730,694,mRNA
39509,11882783,11883035,252,mRNA
39510,11883094,11883349,255,mRNA
39511,11883419,11883546,127,mRNA
39512,11881384,11881453,69,CDS
39513,11881512,11881954,442,CDS
39514,11882036,11882730,694,CDS
39515,11882783,11883035,252,CDS
39516,11883094,11883349,255,CDS
39517,11883419,11883546,127,CDS
39518,11887259,11889010,1751,gene
39519,11888962,11889010,48,mRNA
39520,11887259,11888909,1650,mRNA
39521,11888962,11888968,6,CDS
39522,11887885,11888909,1024,CDS
39523,11889842,11889935,93,gene
39524,11889842,11889935,93,ncRNA
39525,11898605,11900431,1826,gene
39526,11898605,11898677,72,ncRNA
39527,11899783,11900431,648,ncRNA
39528,11921513,11922599,1086,gene
39529,11921513,11922599,1086,mRNA
39530,11921513,11922487,974,mRNA
39531,11921616,11922428,812,CDS
39532,11921616,11922428,812,CDS
39533,11922610,11924757,2147,gene
39534,11922610,11924757,2147,mRNA
39535,11922736,11924691,1955,CDS
39536,11927693,11935919,8226,gene
39537,11927693,11928023,330,mRNA
39538,11932001,11932346,345,mRNA
39539,11933274,11933394,120,mRNA
39540,11933528,11933671,143,mRNA
39541,11933740,11934538,798,mRNA
39542,11934965,11935349,384,mRNA
39543,11935396,11935919,523,mRNA
39544,11927693,11928023,330,mRNA
39545,11932001,11932346,345,mRNA
39546,11933274,11933394,120,mRNA
39547,11933528,11933671,143,mRNA
39548,11933740,11934538,798,mRNA
39549,11934965,11935349,384,mRNA
39550,11935428,11935919,491,mRNA
39551,11932006,11932346,340,CDS
39552,11933274,11933394,120,CDS
39553,11933528,11933671,143,CDS
39554,11933740,11934538,798,CDS
39555,11934965,11935349,384,CDS
39556,11935428,11935731,303,CDS
39557,11932006,11932346,340,CDS
39558,11933274,11933394,120,CDS
39559,11933528,11933671,143,CDS
39560,11933740,11934538,798,CDS
39561,11934965,11935349,384,CDS
39562,11935396,11935405,9,CDS
39563,11941912,11943485,1573,gene
39564,11941912,11942721,809,mRNA
39565,11942794,11943485,691,mRNA
39566,11942023,11942721,698,mRNA
39567,11942794,11943485,691,mRNA
39568,11942104,11942721,617,CDS
39569,11942794,11943372,578,CDS
39570,11942104,11942721,617,CDS
39571,11942794,11943372,578,CDS
39572,11943640,11944852,1212,gene
39573,11944796,11944852,56,mRNA
39574,11943640,11944728,1088,mRNA
39575,11944796,11944802,6,CDS
39576,11943716,11944728,1012,CDS
39577,11946093,11946191,98,gene
39578,11946093,11946191,98,precursor_RNA
39579,11946107,11946128,21,ncRNA
39580,11946157,11946179,22,ncRNA
39581,11947675,11949248,1573,gene
39582,11947675,11947743,68,mRNA
39583,11947804,11949248,1444,mRNA
39584,11947722,11947743,21,CDS
39585,11947804,11949206,1402,CDS
39586,11949839,11952225,2386,gene
39587,11949839,11949900,61,mRNA
39588,11949959,11952225,2266,mRNA
39589,11949873,11949900,27,CDS
39590,11949959,11952186,2227,CDS
39591,11952301,11953317,1016,gene
39592,11953228,11953317,89,mRNA
39593,11952301,11953172,871,mRNA
39594,11953228,11953293,65,CDS
39595,11952399,11953172,773,CDS
39596,11954083,11956780,2697,gene
39597,11954083,11954251,168,mRNA
39598,11954339,11956780,2441,mRNA
39599,11954245,11954251,6,CDS
39600,11954339,11956722,2383,CDS
39601,11956708,11957769,1061,gene
39602,11957724,11957769,45,mRNA
39603,11957580,11957662,82,mRNA
39604,11956708,11957518,810,mRNA
39605,11957724,11957724,0,CDS
39606,11957580,11957662,82,CDS
39607,11956814,11957518,704,CDS
39608,11958283,11958909,626,gene
39609,11958283,11958909,626,mRNA
39610,11958283,11958322,39,mRNA
39611,11958373,11958909,536,mRNA
39612,11958322,11958322,0,CDS
39613,11958373,11958803,430,CDS
39614,11958429,11958803,374,CDS
39615,11958872,11966131,7259,gene
39616,11966053,11966131,78,mRNA
39617,11965106,11965241,135,mRNA
39618,11964805,11964863,58,mRNA
39619,11964635,11964738,103,mRNA
39620,11964408,11964572,164,mRNA
39621,11961049,11964351,3302,mRNA
39622,11960454,11960994,540,mRNA
39623,11960264,11960389,125,mRNA
39624,11958872,11959893,1021,mRNA
39625,11965106,11965177,71,CDS
39626,11964805,11964863,58,CDS
39627,11964635,11964738,103,CDS
39628,11964408,11964572,164,CDS
39629,11961049,11964351,3302,CDS
39630,11960454,11960994,540,CDS
39631,11960264,11960389,125,CDS
39632,11959122,11959893,771,CDS
39633,11967343,11972979,5636,gene
39634,11967578,11972979,5401,mRNA
39635,11967343,11967518,175,mRNA
39636,11967580,11972979,5399,CDS
39637,11973085,11973790,705,gene
39638,11973748,11973790,42,mRNA
39639,11973085,11973692,607,mRNA
39640,11973748,11973754,6,CDS
39641,11973163,11973692,529,CDS
39642,11974905,11975810,905,gene
39643,11974905,11974928,23,mRNA
39644,11974975,11975810,835,mRNA
39645,11974905,11974928,23,mRNA
39646,11974996,11975810,814,mRNA
39647,11974922,11974928,6,CDS
39648,11974975,11975759,784,CDS
39649,11974922,11974928,6,CDS
39650,11974996,11975759,763,CDS
39651,11976111,11983764,7653,gene
39652,11976111,11976170,59,mRNA
39653,11976230,11976495,265,mRNA
39654,11976574,11978400,1826,mRNA
39655,11978503,11978667,164,mRNA
39656,11978735,11978914,179,mRNA
39657,11978985,11979152,167,mRNA
39658,11979204,11979392,188,mRNA
39659,11979460,11979642,182,mRNA
39660,11979700,11979891,191,mRNA
39661,11979950,11980699,749,mRNA
39662,11981128,11983764,2636,mRNA
39663,11976111,11976170,59,mRNA
39664,11976230,11976495,265,mRNA
39665,11976574,11978400,1826,mRNA
39666,11978503,11978667,164,mRNA
39667,11978735,11978914,179,mRNA
39668,11978985,11979152,167,mRNA
39669,11979204,11979392,188,mRNA
39670,11979460,11979642,182,mRNA
39671,11979700,11979891,191,mRNA
39672,11979950,11980699,749,mRNA
39673,11981128,11983621,2493,mRNA
39674,11976111,11976170,59,mRNA
39675,11976230,11976495,265,mRNA
39676,11976574,11978400,1826,mRNA
39677,11978503,11978667,164,mRNA
39678,11978735,11978914,179,mRNA
39679,11978985,11979152,167,mRNA
39680,11979204,11979392,188,mRNA
39681,11979460,11979642,182,mRNA
39682,11979700,11979891,191,mRNA
39683,11979950,11980926,976,mRNA
39684,11976164,11976170,6,CDS
39685,11976230,11976495,265,CDS
39686,11976574,11978400,1826,CDS
39687,11978503,11978667,164,CDS
39688,11978735,11978914,179,CDS
39689,11978985,11979152,167,CDS
39690,11979204,11979392,188,CDS
39691,11979460,11979642,182,CDS
39692,11979700,11979891,191,CDS
39693,11979950,11980699,749,CDS
39694,11981128,11983542,2414,CDS
39695,11976164,11976170,6,CDS
39696,11976230,11976495,265,CDS
39697,11976574,11978400,1826,CDS
39698,11978503,11978667,164,CDS
39699,11978735,11978914,179,CDS
39700,11978985,11979152,167,CDS
39701,11979204,11979392,188,CDS
39702,11979460,11979642,182,CDS
39703,11979700,11979891,191,CDS
39704,11979950,11980699,749,CDS
39705,11981128,11983542,2414,CDS
39706,11976164,11976170,6,CDS
39707,11976230,11976495,265,CDS
39708,11976574,11978400,1826,CDS
39709,11978503,11978667,164,CDS
39710,11978735,11978914,179,CDS
39711,11978985,11979152,167,CDS
39712,11979204,11979392,188,CDS
39713,11979460,11979642,182,CDS
39714,11979700,11979891,191,CDS
39715,11979950,11980747,797,CDS
39716,11984906,11990505,5599,gene
39717,11984906,11985272,366,mRNA
39718,11985946,11986151,205,mRNA
39719,11986218,11986399,181,mRNA
39720,11986459,11987409,950,mRNA
39721,11987468,11987613,145,mRNA
39722,11987685,11988265,580,mRNA
39723,11988322,11988539,217,mRNA
39724,11988598,11988762,164,mRNA
39725,11988831,11989184,353,mRNA
39726,11989247,11989346,99,mRNA
39727,11989413,11989809,396,mRNA
39728,11989866,11989956,90,mRNA
39729,11990018,11990505,487,mRNA
39730,11984906,11985272,366,mRNA
39731,11985946,11986151,205,mRNA
39732,11986218,11986399,181,mRNA
39733,11986459,11987409,950,mRNA
39734,11987468,11987613,145,mRNA
39735,11987685,11988265,580,mRNA
39736,11988322,11988539,217,mRNA
39737,11988598,11988762,164,mRNA
39738,11988831,11989184,353,mRNA
39739,11989247,11989346,99,mRNA
39740,11989413,11989809,396,mRNA
39741,11989866,11989956,90,mRNA
39742,11990018,11990505,487,mRNA
39743,11985974,11986151,177,CDS
39744,11986218,11986399,181,CDS
39745,11986459,11987409,950,CDS
39746,11987468,11987613,145,CDS
39747,11987685,11988265,580,CDS
39748,11988322,11988539,217,CDS
39749,11988598,11988762,164,CDS
39750,11988831,11989184,353,CDS
39751,11989247,11989346,99,CDS
39752,11989413,11989809,396,CDS
39753,11989866,11989956,90,CDS
39754,11990018,11990392,374,CDS
39755,11985974,11986151,177,CDS
39756,11986218,11986399,181,CDS
39757,11986459,11987409,950,CDS
39758,11987468,11987613,145,CDS
39759,11987685,11988265,580,CDS
39760,11988322,11988539,217,CDS
39761,11988598,11988762,164,CDS
39762,11988831,11989184,353,CDS
39763,11989247,11989346,99,CDS
39764,11989413,11989809,396,CDS
39765,11989866,11989956,90,CDS
39766,11990018,11990344,326,CDS
39767,11990736,11992000,1264,gene
39768,11990736,11990855,119,mRNA
39769,11990917,11991084,167,mRNA
39770,11991142,11991410,268,mRNA
39771,11991483,11992000,517,mRNA
39772,11990783,11990855,72,CDS
39773,11990917,11991084,167,CDS
39774,11991142,11991410,268,CDS
39775,11991483,11991845,362,CDS
39776,11991853,11993179,1326,gene
39777,11993039,11993179,140,mRNA
39778,11991853,11992869,1016,mRNA
39779,11993039,11993044,5,CDS
39780,11992153,11992869,716,CDS
39781,11993274,11998138,4864,gene
39782,11997025,11998138,1113,mRNA
39783,11996810,11996963,153,mRNA
39784,11996384,11996748,364,mRNA
39785,11994065,11996325,2260,mRNA
39786,11993274,11994002,728,mRNA
39787,11997025,11998050,1025,CDS
39788,11996810,11996963,153,CDS
39789,11996384,11996748,364,CDS
39790,11994065,11996325,2260,CDS
39791,11993753,11994002,249,CDS
39792,11998398,12002915,4517,gene
39793,12002586,12002915,329,mRNA
39794,12000750,12001090,340,mRNA
39795,12000273,12000690,417,mRNA
39796,11998398,11998996,598,mRNA
39797,12002586,12002915,329,mRNA
39798,12001727,12001865,138,mRNA
39799,12000750,12001090,340,mRNA
39800,12000273,12000690,417,mRNA
39801,11998398,11998996,598,mRNA
39802,12002586,12002915,329,mRNA
39803,12001727,12001931,204,mRNA
39804,12000750,12001090,340,mRNA
39805,12000273,12000690,417,mRNA
39806,11998398,11998996,598,mRNA
39807,12002586,12002594,8,CDS
39808,12000750,12001090,340,CDS
39809,12000273,12000690,417,CDS
39810,11998871,11998996,125,CDS
39811,12000750,12001087,337,CDS
39812,12000273,12000690,417,CDS
39813,11998871,11998996,125,CDS
39814,12000750,12001087,337,CDS
39815,12000273,12000690,417,CDS
39816,11998871,11998996,125,CDS
39817,12002586,12002915,329,mRNA
39818,12000750,12001090,340,mRNA
39819,11999612,12000690,1078,mRNA
39820,12000750,12001159,409,mRNA
39821,11999612,12000690,1078,mRNA
39822,12002586,12002594,8,CDS
39823,12000750,12001090,340,CDS
39824,11999955,12000690,735,CDS
39825,12000750,12001087,337,CDS
39826,11999955,12000690,735,CDS
39827,12003155,12008051,4896,gene
39828,12003155,12003294,139,mRNA
39829,12005254,12005858,604,mRNA
39830,12005917,12006192,275,mRNA
39831,12006494,12007166,672,mRNA
39832,12007221,12007400,179,mRNA
39833,12007494,12008051,557,mRNA
39834,12003155,12003294,139,mRNA
39835,12005254,12005858,604,mRNA
39836,12005917,12006192,275,mRNA
39837,12006494,12007166,672,mRNA
39838,12007221,12007400,179,mRNA
39839,12007616,12008051,435,mRNA
39840,12004393,12004545,152,mRNA
39841,12005254,12005858,604,mRNA
39842,12005917,12006192,275,mRNA
39843,12006494,12007166,672,mRNA
39844,12007221,12007400,179,mRNA
39845,12007494,12008051,557,mRNA
39846,12004393,12004545,152,mRNA
39847,12005254,12005858,604,mRNA
39848,12005917,12006192,275,mRNA
39849,12006494,12007166,672,mRNA
39850,12007221,12007400,179,mRNA
39851,12007616,12008051,435,mRNA
39852,12005265,12005858,593,CDS
39853,12005917,12006192,275,CDS
39854,12006494,12007166,672,CDS
39855,12007221,12007400,179,CDS
39856,12007616,12007731,115,CDS
39857,12005265,12005858,593,CDS
39858,12005917,12006192,275,CDS
39859,12006494,12007166,672,CDS
39860,12007221,12007400,179,CDS
39861,12007616,12007731,115,CDS
39862,12005265,12005858,593,CDS
39863,12005917,12006192,275,CDS
39864,12006494,12007166,672,CDS
39865,12007221,12007400,179,CDS
39866,12007494,12007510,16,CDS
39867,12005265,12005858,593,CDS
39868,12005917,12006192,275,CDS
39869,12006494,12007166,672,CDS
39870,12007221,12007400,179,CDS
39871,12007494,12007510,16,CDS
39872,12008225,12064859,56634,gene
39873,12064562,12064859,297,mRNA
39874,12060981,12061909,928,mRNA
39875,12028696,12028878,182,mRNA
39876,12027022,12027161,139,mRNA
39877,12012931,12013405,474,mRNA
39878,12008879,12012231,3352,mRNA
39879,12008225,12008815,590,mRNA
39880,12064562,12064859,297,mRNA
39881,12060981,12061909,928,mRNA
39882,12028696,12028878,182,mRNA
39883,12027022,12027161,139,mRNA
39884,12012931,12013408,477,mRNA
39885,12008879,12012231,3352,mRNA
39886,12008225,12008815,590,mRNA
39887,12064562,12064859,297,mRNA
39888,12060981,12061909,928,mRNA
39889,12028696,12028878,182,mRNA
39890,12027022,12027161,139,mRNA
39891,12012931,12013408,477,mRNA
39892,12012428,12012730,302,mRNA
39893,12008879,12012231,3352,mRNA
39894,12008225,12008815,590,mRNA
39895,12056230,12056474,244,mRNA
39896,12055194,12055708,514,mRNA
39897,12028696,12028878,182,mRNA
39898,12027022,12027161,139,mRNA
39899,12012931,12013405,474,mRNA
39900,12008879,12012231,3352,mRNA
39901,12008225,12008815,590,mRNA
39902,12056230,12056474,244,mRNA
39903,12055194,12055708,514,mRNA
39904,12028696,12028878,182,mRNA
39905,12027022,12027161,139,mRNA
39906,12012931,12013408,477,mRNA
39907,12008879,12012231,3352,mRNA
39908,12008225,12008815,590,mRNA
39909,12056230,12056474,244,mRNA
39910,12055194,12055732,538,mRNA
39911,12028696,12028878,182,mRNA
39912,12027022,12027161,139,mRNA
39913,12012931,12013408,477,mRNA
39914,12012428,12012730,302,mRNA
39915,12008879,12012231,3352,mRNA
39916,12008225,12008815,590,mRNA
39917,12056189,12056474,285,mRNA
39918,12055194,12055708,514,mRNA
39919,12028696,12028878,182,mRNA
39920,12027022,12027161,139,mRNA
39921,12012931,12013405,474,mRNA
39922,12012428,12012730,302,mRNA
39923,12008879,12012231,3352,mRNA
39924,12008225,12008815,590,mRNA
39925,12056189,12056474,285,mRNA
39926,12055194,12055708,514,mRNA
39927,12028696,12028878,182,mRNA
39928,12027022,12027161,139,mRNA
39929,12012931,12013408,477,mRNA
39930,12012428,12012730,302,mRNA
39931,12008879,12012231,3352,mRNA
39932,12008225,12008815,590,mRNA
39933,12055194,12056474,1280,mRNA
39934,12028696,12028878,182,mRNA
39935,12027022,12027161,139,mRNA
39936,12012931,12013408,477,mRNA
39937,12008879,12012231,3352,mRNA
39938,12008225,12008815,590,mRNA
39939,12060981,12061908,927,CDS
39940,12028696,12028878,182,CDS
39941,12027022,12027161,139,CDS
39942,12012931,12013405,474,CDS
39943,12008879,12012231,3352,CDS
39944,12008498,12008815,317,CDS
39945,12060981,12061908,927,CDS
39946,12028696,12028878,182,CDS
39947,12027022,12027161,139,CDS
39948,12012931,12013408,477,CDS
39949,12008879,12012231,3352,CDS
39950,12008498,12008815,317,CDS
39951,12060981,12061908,927,CDS
39952,12028696,12028878,182,CDS
39953,12027022,12027161,139,CDS
39954,12012931,12013408,477,CDS
39955,12012428,12012730,302,CDS
39956,12008879,12012231,3352,CDS
39957,12008498,12008815,317,CDS
39958,12055194,12055431,237,CDS
39959,12028696,12028878,182,CDS
39960,12027022,12027161,139,CDS
39961,12012931,12013405,474,CDS
39962,12008879,12012231,3352,CDS
39963,12008498,12008815,317,CDS
39964,12055194,12055431,237,CDS
39965,12028696,12028878,182,CDS
39966,12027022,12027161,139,CDS
39967,12012931,12013405,474,CDS
39968,12012428,12012730,302,CDS
39969,12008879,12012231,3352,CDS
39970,12008498,12008815,317,CDS
39971,12055194,12055431,237,CDS
39972,12028696,12028878,182,CDS
39973,12027022,12027161,139,CDS
39974,12012931,12013408,477,CDS
39975,12008879,12012231,3352,CDS
39976,12008498,12008815,317,CDS
39977,12055194,12055431,237,CDS
39978,12028696,12028878,182,CDS
39979,12027022,12027161,139,CDS
39980,12012931,12013408,477,CDS
39981,12008879,12012231,3352,CDS
39982,12008498,12008815,317,CDS
39983,12055194,12055431,237,CDS
39984,12028696,12028878,182,CDS
39985,12027022,12027161,139,CDS
39986,12012931,12013408,477,CDS
39987,12012428,12012730,302,CDS
39988,12008879,12012231,3352,CDS
39989,12008498,12008815,317,CDS
39990,12055194,12055431,237,CDS
39991,12028696,12028878,182,CDS
39992,12027022,12027161,139,CDS
39993,12012931,12013408,477,CDS
39994,12012428,12012730,302,CDS
39995,12008879,12012231,3352,CDS
39996,12008498,12008815,317,CDS
39997,12027801,12028153,352,gene
39998,12027801,12028153,352,ncRNA
39999,12032557,12032999,442,gene
40000,12032557,12032639,82,mRNA
40001,12032693,12032999,306,mRNA
40002,12032570,12032639,69,CDS
40003,12032693,12032868,175,CDS
40004,12042387,12044217,1830,gene
40005,12042387,12043051,664,mRNA
40006,12043113,12044217,1104,mRNA
40007,12042410,12043051,641,CDS
40008,12043113,12044165,1052,CDS
40009,12044579,12045356,777,gene
40010,12044579,12045356,777,mRNA
40011,12044713,12045081,368,CDS
40012,12067511,12081830,14319,gene
40013,12081347,12081830,483,mRNA
40014,12080795,12080958,163,mRNA
40015,12079941,12080040,99,mRNA
40016,12071864,12072071,207,mRNA
40017,12071587,12071760,173,mRNA
40018,12071065,12071196,131,mRNA
40019,12070799,12071001,202,mRNA
40020,12069918,12070724,806,mRNA
40021,12068899,12069809,910,mRNA
40022,12068679,12068834,155,mRNA
40023,12068410,12068612,202,mRNA
40024,12067511,12068353,842,mRNA
40025,12081561,12081830,269,mRNA
40026,12080795,12080958,163,mRNA
40027,12079941,12080040,99,mRNA
40028,12071864,12072071,207,mRNA
40029,12071587,12071760,173,mRNA
40030,12071065,12071196,131,mRNA
40031,12070799,12071001,202,mRNA
40032,12069918,12070724,806,mRNA
40033,12068899,12069809,910,mRNA
40034,12068679,12068834,155,mRNA
40035,12068410,12068612,202,mRNA
40036,12067570,12068353,783,mRNA
40037,12081347,12081351,4,CDS
40038,12080795,12080958,163,CDS
40039,12079941,12080040,99,CDS
40040,12071864,12072071,207,CDS
40041,12071587,12071760,173,CDS
40042,12071065,12071196,131,CDS
40043,12070799,12071001,202,CDS
40044,12069918,12070724,806,CDS
40045,12068899,12069809,910,CDS
40046,12068679,12068834,155,CDS
40047,12068410,12068612,202,CDS
40048,12068135,12068353,218,CDS
40049,12080795,12080957,162,CDS
40050,12079941,12080040,99,CDS
40051,12071864,12072071,207,CDS
40052,12071587,12071760,173,CDS
40053,12071065,12071196,131,CDS
40054,12070799,12071001,202,CDS
40055,12069918,12070724,806,CDS
40056,12068899,12069809,910,CDS
40057,12068679,12068834,155,CDS
40058,12068410,12068612,202,CDS
40059,12068135,12068353,218,CDS
40060,12088626,12089225,599,gene
40061,12088626,12089225,599,mRNA
40062,12088704,12089072,368,CDS
40063,12116101,12118055,1954,gene
40064,12116101,12116459,358,mRNA
40065,12116764,12117170,406,mRNA
40066,12117244,12117371,127,mRNA
40067,12117437,12118055,618,mRNA
40068,12116232,12116459,227,CDS
40069,12116764,12117170,406,CDS
40070,12117244,12117371,127,CDS
40071,12117437,12117849,412,CDS
40072,12118257,12119789,1532,gene
40073,12118257,12118626,369,mRNA
40074,12118688,12118911,223,mRNA
40075,12118972,12119789,817,mRNA
40076,12118315,12118626,311,CDS
40077,12118688,12118911,223,CDS
40078,12118972,12119542,570,CDS
40079,12120019,12121185,1166,gene
40080,12120019,12120588,569,mRNA
40081,12120643,12121185,542,mRNA
40082,12120019,12120588,569,mRNA
40083,12120655,12121185,530,mRNA
40084,12120082,12120588,506,CDS
40085,12120643,12121059,416,CDS
40086,12120082,12120588,506,CDS
40087,12120655,12121059,404,CDS
40088,12121274,12125150,3876,gene
40089,12124712,12125150,438,mRNA
40090,12122837,12123574,737,mRNA
40091,12121274,12122773,1499,mRNA
40092,12124712,12125150,438,mRNA
40093,12122837,12123574,737,mRNA
40094,12122676,12122773,97,mRNA
40095,12121680,12122154,474,mRNA
40096,12124712,12124886,174,CDS
40097,12122837,12123574,737,CDS
40098,12122676,12122773,97,CDS
40099,12122107,12122154,47,CDS
40100,12124712,12124886,174,CDS
40101,12122837,12123574,737,CDS
40102,12122664,12122773,109,CDS
40103,12125487,12127394,1907,gene
40104,12125487,12127394,1907,mRNA
40105,12125487,12127394,1907,CDS
40106,12127979,12128461,482,gene
40107,12127979,12128128,149,mRNA
40108,12128185,12128461,276,mRNA
40109,12128099,12128128,29,CDS
40110,12128185,12128403,218,CDS
40111,12129103,12131488,2385,gene
40112,12129103,12131488,2385,ncRNA
40113,12129393,12131869,2476,gene
40114,12129393,12131869,2476,mRNA
40115,12129393,12131696,2303,mRNA
40116,12129410,12131515,2105,CDS
40117,12129410,12131515,2105,CDS
40118,12132146,12133834,1688,gene
40119,12132146,12132976,830,mRNA
40120,12133029,12133834,805,mRNA
40121,12132223,12132976,753,CDS
40122,12133029,12133753,724,CDS
40123,12132455,12133605,1150,gene
40124,12133304,12133605,301,ncRNA
40125,12132455,12133035,580,ncRNA
40126,12133771,12136706,2935,gene
40127,12136517,12136706,189,mRNA
40128,12134949,12136450,1501,mRNA
40129,12134725,12134888,163,mRNA
40130,12133771,12134659,888,mRNA
40131,12136517,12136634,117,CDS
40132,12134949,12136450,1501,CDS
40133,12134725,12134888,163,CDS
40134,12133876,12134659,783,CDS
40135,12136967,12137559,592,gene
40136,12136967,12137091,124,mRNA
40137,12137159,12137295,136,mRNA
40138,12137353,12137559,206,mRNA
40139,12137016,12137091,75,CDS
40140,12137159,12137295,136,CDS
40141,12137353,12137475,122,CDS
40142,12137496,12138584,1088,gene
40143,12138317,12138584,267,mRNA
40144,12138016,12138245,229,mRNA
40145,12137838,12137944,106,mRNA
40146,12137496,12137778,282,mRNA
40147,12138317,12138473,156,mRNA
40148,12138016,12138245,229,mRNA
40149,12137838,12137944,106,mRNA
40150,12137559,12137778,219,mRNA
40151,12138317,12138401,84,CDS
40152,12138016,12138245,229,CDS
40153,12137838,12137944,106,CDS
40154,12137640,12137778,138,CDS
40155,12138317,12138401,84,CDS
40156,12138016,12138245,229,CDS
40157,12137838,12137944,106,CDS
40158,12137640,12137778,138,CDS
40159,12138868,12143380,4512,gene
40160,12138868,12138951,83,mRNA
40161,12139963,12140128,165,mRNA
40162,12141140,12141171,31,mRNA
40163,12141252,12141377,125,mRNA
40164,12141441,12141476,35,mRNA
40165,12141534,12141729,195,mRNA
40166,12141793,12143380,1587,mRNA
40167,12138868,12138951,83,mRNA
40168,12139963,12140128,165,mRNA
40169,12141252,12141377,125,mRNA
40170,12141441,12141476,35,mRNA
40171,12141534,12141729,195,mRNA
40172,12141793,12143380,1587,mRNA
40173,12138868,12138951,83,mRNA
40174,12139963,12140128,165,mRNA
40175,12141252,12141377,125,mRNA
40176,12141444,12141476,32,mRNA
40177,12141534,12141729,195,mRNA
40178,12141793,12143380,1587,mRNA
40179,12138952,12139101,149,mRNA
40180,12139963,12140128,165,mRNA
40181,12141252,12141377,125,mRNA
40182,12141441,12141476,35,mRNA
40183,12141534,12141729,195,mRNA
40184,12141793,12143380,1587,mRNA
40185,12140092,12140128,36,CDS
40186,12141252,12141377,125,CDS
40187,12141441,12141476,35,CDS
40188,12141534,12141729,195,CDS
40189,12141793,12142828,1035,CDS
40190,12140092,12140128,36,CDS
40191,12141252,12141377,125,CDS
40192,12141441,12141476,35,CDS
40193,12141534,12141729,195,CDS
40194,12141793,12142828,1035,CDS
40195,12140092,12140128,36,CDS
40196,12141252,12141377,125,CDS
40197,12141444,12141476,32,CDS
40198,12141534,12141729,195,CDS
40199,12141793,12142828,1035,CDS
40200,12141449,12141476,27,CDS
40201,12141534,12141729,195,CDS
40202,12141793,12142828,1035,CDS
40203,12143446,12146097,2651,gene
40204,12145956,12146097,141,mRNA
40205,12144772,12145250,478,mRNA
40206,12143745,12144717,972,mRNA
40207,12143446,12143685,239,mRNA
40208,12145956,12145988,32,CDS
40209,12144772,12145250,478,CDS
40210,12143745,12144717,972,CDS
40211,12143551,12143685,134,CDS
40212,12146519,12156990,10471,gene
40213,12146519,12146960,441,mRNA
40214,12148792,12148908,116,mRNA
40215,12151211,12151407,196,mRNA
40216,12152177,12152318,141,mRNA
40217,12152380,12153558,1178,mRNA
40218,12153623,12153748,125,mRNA
40219,12153951,12154154,203,mRNA
40220,12154214,12155143,929,mRNA
40221,12155203,12155382,179,mRNA
40222,12155446,12155790,344,mRNA
40223,12155855,12155992,137,mRNA
40224,12156051,12156990,939,mRNA
40225,12146519,12146960,441,mRNA
40226,12148792,12148908,116,mRNA
40227,12151820,12152016,196,mRNA
40228,12152177,12152318,141,mRNA
40229,12152380,12153558,1178,mRNA
40230,12153623,12153748,125,mRNA
40231,12153951,12154154,203,mRNA
40232,12154214,12155143,929,mRNA
40233,12155203,12155382,179,mRNA
40234,12155446,12155790,344,mRNA
40235,12155855,12155992,137,mRNA
40236,12156051,12156990,939,mRNA
40237,12146855,12146960,105,CDS
40238,12148792,12148908,116,CDS
40239,12151211,12151407,196,CDS
40240,12152177,12152318,141,CDS
40241,12152380,12153558,1178,CDS
40242,12153623,12153748,125,CDS
40243,12153951,12154154,203,CDS
40244,12154214,12155143,929,CDS
40245,12155203,12155382,179,CDS
40246,12155446,12155790,344,CDS
40247,12155855,12155992,137,CDS
40248,12156051,12156241,190,CDS
40249,12146855,12146960,105,CDS
40250,12148792,12148908,116,CDS
40251,12151820,12152016,196,CDS
40252,12152177,12152318,141,CDS
40253,12152380,12153558,1178,CDS
40254,12153623,12153748,125,CDS
40255,12153951,12154154,203,CDS
40256,12154214,12155143,929,CDS
40257,12155203,12155382,179,CDS
40258,12155446,12155790,344,CDS
40259,12155855,12155992,137,CDS
40260,12156051,12156241,190,CDS
40261,12149273,12150329,1056,gene
40262,12149273,12150329,1056,mRNA
40263,12149367,12150239,872,CDS
40264,12157052,12163735,6683,gene
40265,12163500,12163735,235,mRNA
40266,12159148,12159683,535,mRNA
40267,12157052,12158318,1266,mRNA
40268,12163500,12163735,235,mRNA
40269,12159148,12159683,535,mRNA
40270,12157052,12158318,1266,mRNA
40271,12159148,12159582,434,CDS
40272,12157839,12158318,479,CDS
40273,12159148,12159582,434,CDS
40274,12157959,12158318,359,CDS
40275,12164205,12175482,11277,gene
40276,12175019,12175482,463,mRNA
40277,12168142,12168695,553,mRNA
40278,12167238,12167563,325,mRNA
40279,12164205,12166874,2669,mRNA
40280,12168142,12168374,232,CDS
40281,12167238,12167563,325,CDS
40282,12165982,12166874,892,CDS
40283,12177601,12183347,5746,gene
40284,12177601,12177669,68,mRNA
40285,12181676,12182148,472,mRNA
40286,12182210,12182437,227,mRNA
40287,12182499,12183347,848,mRNA
40288,12179876,12180155,279,mRNA
40289,12181676,12182148,472,mRNA
40290,12182210,12182437,227,mRNA
40291,12182499,12183347,848,mRNA
40292,12180098,12180155,57,CDS
40293,12181676,12182148,472,CDS
40294,12182210,12182437,227,CDS
40295,12182499,12182747,248,CDS
40296,12181864,12182148,284,CDS
40297,12182210,12182437,227,CDS
40298,12182499,12182747,248,CDS
40299,12184984,12187860,2876,gene
40300,12184984,12185052,68,mRNA
40301,12186123,12186297,174,mRNA
40302,12186535,12187111,576,mRNA
40303,12187173,12187860,687,mRNA
40304,12185958,12186057,99,mRNA
40305,12186123,12186297,174,mRNA
40306,12186535,12187111,576,mRNA
40307,12187173,12187860,687,mRNA
40308,12186040,12186057,17,CDS
40309,12186123,12186297,174,CDS
40310,12186535,12187111,576,CDS
40311,12187173,12187281,108,CDS
40312,12186156,12186297,141,CDS
40313,12186535,12187111,576,CDS
40314,12187173,12187281,108,CDS
40315,12187580,12187654,74,mobile_element
40316,12187930,12188243,313,mobile_element
40317,12188818,12190705,1887,gene
40318,12188818,12190245,1427,mRNA
40319,12190297,12190705,408,mRNA
40320,12188818,12190245,1427,mRNA
40321,12190297,12190580,283,mRNA
40322,12188859,12190245,1386,CDS
40323,12190297,12190544,247,CDS
40324,12188859,12190245,1386,CDS
40325,12190297,12190544,247,CDS
40326,12190696,12193688,2992,gene
40327,12193491,12193688,197,mRNA
40328,12192494,12193435,941,mRNA
40329,12190696,12192424,1728,mRNA
40330,12190733,12192528,1795,gene
40331,12190733,12192124,1391,mRNA
40332,12192181,12192528,347,mRNA
40333,12190738,12192124,1386,CDS
40334,12192181,12192428,247,CDS
40335,12193491,12193688,197,mRNA
40336,12192494,12193435,941,mRNA
40337,12192032,12192424,392,mRNA
40338,12193491,12193688,197,mRNA
40339,12192468,12193435,967,mRNA
40340,12193491,12193603,112,CDS
40341,12192496,12193435,939,CDS
40342,12193491,12193603,112,CDS
40343,12192496,12193435,939,CDS
40344,12193491,12193603,112,CDS
40345,12192496,12193435,939,CDS
40346,12195787,12196049,262,gene
40347,12195787,12196049,262,ncRNA
40348,12197791,12199030,1239,gene
40349,12197791,12199030,1239,mRNA
40350,12197907,12198770,863,CDS
40351,12200322,12204082,3760,gene
40352,12203719,12204082,363,mRNA
40353,12201779,12201862,83,mRNA
40354,12201374,12201496,122,mRNA
40355,12200712,12201089,377,mRNA
40356,12200322,12200638,316,mRNA
40357,12203719,12203935,216,mRNA
40358,12201374,12201496,122,mRNA
40359,12200712,12201089,377,mRNA
40360,12200394,12200638,244,mRNA
40361,12203719,12203721,2,CDS
40362,12201374,12201496,122,CDS
40363,12200712,12201089,377,CDS
40364,12200537,12200638,101,CDS
40365,12203719,12203721,2,CDS
40366,12201779,12201862,83,CDS
40367,12201374,12201496,122,CDS
40368,12200712,12201089,377,CDS
40369,12200537,12200638,101,CDS
40370,12204123,12206022,1899,gene
40371,12205944,12206022,78,mRNA
40372,12205776,12205891,115,mRNA
40373,12205526,12205713,187,mRNA
40374,12204643,12205466,823,mRNA
40375,12204123,12204406,283,mRNA
40376,12205944,12206005,61,CDS
40377,12205776,12205891,115,CDS
40378,12205526,12205713,187,CDS
40379,12204681,12205466,785,CDS
40380,12206238,12266841,60603,gene
40381,12266655,12266841,186,mRNA
40382,12264621,12264910,289,mRNA
40383,12219978,12221282,1304,mRNA
40384,12216419,12216579,160,mRNA
40385,12215618,12215802,184,mRNA
40386,12213940,12214051,111,mRNA
40387,12213719,12213873,154,mRNA
40388,12213354,12213475,121,mRNA
40389,12213093,12213297,204,mRNA
40390,12206238,12207937,1699,mRNA
40391,12266655,12266841,186,mRNA
40392,12264621,12264910,289,mRNA
40393,12219978,12221282,1304,mRNA
40394,12216419,12216579,160,mRNA
40395,12215618,12215802,184,mRNA
40396,12213940,12214051,111,mRNA
40397,12213719,12213873,154,mRNA
40398,12213354,12213475,121,mRNA
40399,12213093,12213297,204,mRNA
40400,12212653,12212767,114,mRNA
40401,12206238,12207937,1699,mRNA
40402,12266655,12266841,186,mRNA
40403,12264621,12264910,289,mRNA
40404,12240653,12240674,21,mRNA
40405,12219978,12221282,1304,mRNA
40406,12216419,12216579,160,mRNA
40407,12215618,12215802,184,mRNA
40408,12213940,12214051,111,mRNA
40409,12213719,12213873,154,mRNA
40410,12213354,12213475,121,mRNA
40411,12213093,12213297,204,mRNA
40412,12212653,12212767,114,mRNA
40413,12206238,12207937,1699,mRNA
40414,12265592,12265746,154,mRNA
40415,12264621,12264910,289,mRNA
40416,12219978,12221282,1304,mRNA
40417,12216419,12216579,160,mRNA
40418,12215618,12215802,184,mRNA
40419,12213940,12214051,111,mRNA
40420,12213719,12213873,154,mRNA
40421,12213354,12213475,121,mRNA
40422,12213093,12213297,204,mRNA
40423,12212653,12212767,114,mRNA
40424,12206238,12207937,1699,mRNA
40425,12224180,12224275,95,mRNA
40426,12219978,12221282,1304,mRNA
40427,12216419,12216579,160,mRNA
40428,12215618,12215802,184,mRNA
40429,12213940,12214051,111,mRNA
40430,12213719,12213873,154,mRNA
40431,12213354,12213475,121,mRNA
40432,12213093,12213297,204,mRNA
40433,12212653,12212767,114,mRNA
40434,12206238,12207937,1699,mRNA
40435,12214181,12214450,269,mRNA
40436,12213940,12214051,111,mRNA
40437,12213719,12213873,154,mRNA
40438,12213354,12213475,121,mRNA
40439,12213093,12213297,204,mRNA
40440,12212653,12212767,114,mRNA
40441,12206238,12207937,1699,mRNA
40442,12219978,12220168,190,CDS
40443,12216419,12216579,160,CDS
40444,12215618,12215802,184,CDS
40445,12213940,12214051,111,CDS
40446,12213719,12213873,154,CDS
40447,12213354,12213475,121,CDS
40448,12213093,12213297,204,CDS
40449,12212653,12212767,114,CDS
40450,12207102,12207937,835,CDS
40451,12219978,12220168,190,CDS
40452,12216419,12216579,160,CDS
40453,12215618,12215802,184,CDS
40454,12213940,12214051,111,CDS
40455,12213719,12213873,154,CDS
40456,12213354,12213475,121,CDS
40457,12213093,12213297,204,CDS
40458,12212653,12212767,114,CDS
40459,12207102,12207937,835,CDS
40460,12219978,12220168,190,CDS
40461,12216419,12216579,160,CDS
40462,12215618,12215802,184,CDS
40463,12213940,12214051,111,CDS
40464,12213719,12213873,154,CDS
40465,12213354,12213475,121,CDS
40466,12213093,12213297,204,CDS
40467,12212653,12212767,114,CDS
40468,12207102,12207937,835,CDS
40469,12219978,12220168,190,CDS
40470,12216419,12216579,160,CDS
40471,12215618,12215802,184,CDS
40472,12213940,12214051,111,CDS
40473,12213719,12213873,154,CDS
40474,12213354,12213475,121,CDS
40475,12213093,12213297,204,CDS
40476,12212653,12212767,114,CDS
40477,12207102,12207937,835,CDS
40478,12213719,12213871,152,CDS
40479,12213354,12213475,121,CDS
40480,12213093,12213297,204,CDS
40481,12212653,12212767,114,CDS
40482,12207102,12207937,835,CDS
40483,12219978,12220168,190,CDS
40484,12216419,12216579,160,CDS
40485,12215618,12215802,184,CDS
40486,12213940,12214051,111,CDS
40487,12213719,12213873,154,CDS
40488,12213354,12213475,121,CDS
40489,12213093,12213297,204,CDS
40490,12207920,12207937,17,CDS
40491,12266655,12266841,186,mRNA
40492,12264621,12264910,289,mRNA
40493,12219978,12221282,1304,mRNA
40494,12216419,12216579,160,mRNA
40495,12215618,12215802,184,mRNA
40496,12213940,12214051,111,mRNA
40497,12213719,12213873,154,mRNA
40498,12213354,12213475,121,mRNA
40499,12213093,12213297,204,mRNA
40500,12208860,12212767,3907,mRNA
40501,12266655,12266841,186,mRNA
40502,12264621,12264910,289,mRNA
40503,12240653,12240674,21,mRNA
40504,12219978,12221282,1304,mRNA
40505,12216419,12216579,160,mRNA
40506,12215618,12215802,184,mRNA
40507,12213940,12214051,111,mRNA
40508,12213719,12213873,154,mRNA
40509,12213354,12213475,121,mRNA
40510,12213093,12213297,204,mRNA
40511,12208860,12212767,3907,mRNA
40512,12219978,12220168,190,CDS
40513,12216419,12216579,160,CDS
40514,12215618,12215802,184,CDS
40515,12213940,12214051,111,CDS
40516,12213719,12213873,154,CDS
40517,12213354,12213475,121,CDS
40518,12213093,12213297,204,CDS
40519,12211631,12212767,1136,CDS
40520,12219978,12220168,190,CDS
40521,12216419,12216579,160,CDS
40522,12215618,12215802,184,CDS
40523,12213940,12214051,111,CDS
40524,12213719,12213873,154,CDS
40525,12213354,12213475,121,CDS
40526,12213093,12213297,204,CDS
40527,12211631,12212767,1136,CDS
40528,12266655,12266841,186,mRNA
40529,12264621,12264910,289,mRNA
40530,12219978,12221282,1304,mRNA
40531,12216419,12216579,160,mRNA
40532,12215618,12215802,184,mRNA
40533,12213940,12214051,111,mRNA
40534,12213719,12213873,154,mRNA
40535,12213354,12213475,121,mRNA
40536,12212948,12213297,349,mRNA
40537,12266655,12266841,186,mRNA
40538,12264621,12264910,289,mRNA
40539,12240653,12240674,21,mRNA
40540,12219978,12221282,1304,mRNA
40541,12216419,12216579,160,mRNA
40542,12215618,12215802,184,mRNA
40543,12213940,12214051,111,mRNA
40544,12213719,12213873,154,mRNA
40545,12213354,12213475,121,mRNA
40546,12212948,12213297,349,mRNA
40547,12219978,12220168,190,CDS
40548,12216419,12216579,160,CDS
40549,12215618,12215802,184,CDS
40550,12213940,12214051,111,CDS
40551,12213719,12213873,154,CDS
40552,12213354,12213475,121,CDS
40553,12213027,12213297,270,CDS
40554,12219978,12220168,190,CDS
40555,12216419,12216579,160,CDS
40556,12215618,12215802,184,CDS
40557,12213940,12214051,111,CDS
40558,12213719,12213873,154,CDS
40559,12213354,12213475,121,CDS
40560,12213027,12213297,270,CDS
40561,12236687,12236826,139,mobile_element
40562,12245510,12246048,538,gene
40563,12245510,12246048,538,ncRNA
40564,12267528,12269803,2275,gene
40565,12267528,12267650,122,mRNA
40566,12267758,12269803,2045,mRNA
40567,12267630,12267650,20,CDS
40568,12267758,12269200,1442,CDS
40569,12269452,12271345,1893,gene
40570,12269452,12271345,1893,mRNA
40571,12269968,12271345,1377,mRNA
40572,12270292,12271275,983,CDS
40573,12270292,12271275,983,CDS
40574,12271656,12277251,5595,gene
40575,12276890,12277251,361,mRNA
40576,12274003,12274111,108,mRNA
40577,12273498,12273620,122,mRNA
40578,12271656,12273041,1385,mRNA
40579,12276890,12277251,361,mRNA
40580,12274003,12274111,108,mRNA
40581,12273498,12273620,122,mRNA
40582,12271656,12273041,1385,mRNA
40583,12276890,12277251,361,mRNA
40584,12275076,12275187,111,mRNA
40585,12273498,12273620,122,mRNA
40586,12271656,12273041,1385,mRNA
40587,12276890,12277251,361,mRNA
40588,12275076,12275187,111,mRNA
40589,12273498,12273620,122,mRNA
40590,12271656,12273041,1385,mRNA
40591,12276890,12277174,284,CDS
40592,12274003,12274111,108,CDS
40593,12273498,12273620,122,CDS
40594,12272185,12273041,856,CDS
40595,12276890,12277174,284,CDS
40596,12275076,12275187,111,CDS
40597,12273498,12273620,122,CDS
40598,12272185,12273041,856,CDS
40599,12276890,12277174,284,CDS
40600,12274003,12274111,108,CDS
40601,12273498,12273620,122,CDS
40602,12272458,12273041,583,CDS
40603,12276890,12277174,284,CDS
40604,12275076,12275187,111,CDS
40605,12273498,12273620,122,CDS
40606,12272458,12273041,583,CDS
40607,12277655,12281476,3821,gene
40608,12277655,12277736,81,mRNA
40609,12278226,12278283,57,mRNA
40610,12278354,12279879,1525,mRNA
40611,12279949,12280863,914,mRNA
40612,12280925,12281476,551,mRNA
40613,12278226,12278283,57,mRNA
40614,12278354,12279879,1525,mRNA
40615,12279949,12280863,914,mRNA
40616,12280925,12281476,551,mRNA
40617,12278660,12279879,1219,CDS
40618,12279949,12280863,914,CDS
40619,12280925,12281033,108,CDS
40620,12278660,12279879,1219,CDS
40621,12279949,12280863,914,CDS
40622,12280925,12281033,108,CDS
40623,12286342,12286683,341,gene
40624,12286342,12286683,341,ncRNA
40625,12289304,12290161,857,gene
40626,12289304,12290161,857,ncRNA
40627,12290956,12296123,5167,gene
40628,12295834,12296123,289,mRNA
40629,12292250,12292967,717,mRNA
40630,12291883,12292097,214,mRNA
40631,12291639,12291826,187,mRNA
40632,12291300,12291570,270,mRNA
40633,12290956,12291241,285,mRNA
40634,12295834,12295870,36,CDS
40635,12292250,12292967,717,CDS
40636,12291883,12292097,214,CDS
40637,12291639,12291826,187,CDS
40638,12291300,12291570,270,CDS
40639,12291036,12291241,205,CDS
40640,12300980,12301942,962,gene
40641,12300980,12301540,560,ncRNA
40642,12301665,12301942,277,ncRNA
40643,12302162,12302551,389,gene
40644,12302162,12302551,389,ncRNA
40645,12310805,12311961,1156,gene
40646,12310805,12310917,112,mRNA
40647,12311030,12311564,534,mRNA
40648,12311633,12311961,328,mRNA
40649,12311047,12311217,170,CDS
40650,12329232,12335901,6669,gene
40651,12329232,12330253,1021,mRNA
40652,12334207,12335085,878,mRNA
40653,12335160,12335901,741,mRNA
40654,12329232,12330253,1021,mRNA
40655,12334210,12335085,875,mRNA
40656,12335160,12335901,741,mRNA
40657,12329470,12330253,783,CDS
40658,12334207,12335085,878,CDS
40659,12335160,12335419,259,CDS
40660,12329470,12330253,783,CDS
40661,12334210,12335085,875,CDS
40662,12335160,12335419,259,CDS
40663,12336676,12337236,560,gene
40664,12336676,12336717,41,mRNA
40665,12336779,12336846,67,mRNA
40666,12336910,12337236,326,mRNA
40667,12336715,12336717,2,CDS
40668,12336779,12336846,67,CDS
40669,12336910,12337126,216,CDS
40670,12337352,12337699,347,gene
40671,12337352,12337699,347,ncRNA
40672,12339116,12351544,12428,gene
40673,12351182,12351544,362,mRNA
40674,12347194,12348139,945,mRNA
40675,12342428,12342611,183,mRNA
40676,12342158,12342363,205,mRNA
40677,12341134,12341285,151,mRNA
40678,12339116,12340502,1386,mRNA
40679,12351182,12351544,362,mRNA
40680,12347194,12348139,945,mRNA
40681,12342428,12342611,183,mRNA
40682,12342158,12342363,205,mRNA
40683,12341134,12341285,151,mRNA
40684,12339116,12340502,1386,mRNA
40685,12347194,12347967,773,CDS
40686,12342428,12342611,183,CDS
40687,12342158,12342363,205,CDS
40688,12341134,12341285,151,CDS
40689,12339884,12340502,618,CDS
40690,12347194,12347967,773,CDS
40691,12342428,12342611,183,CDS
40692,12342158,12342363,205,CDS
40693,12341134,12341285,151,CDS
40694,12340079,12340502,423,CDS
40695,12368646,12391444,22798,gene
40696,12391323,12391444,121,mRNA
40697,12379139,12379644,505,mRNA
40698,12376437,12376616,179,mRNA
40699,12376001,12376115,114,mRNA
40700,12374288,12374546,258,mRNA
40701,12373957,12374210,253,mRNA
40702,12373785,12373899,114,mRNA
40703,12373578,12373720,142,mRNA
40704,12373355,12373520,165,mRNA
40705,12373140,12373282,142,mRNA
40706,12372970,12373079,109,mRNA
40707,12372634,12372769,135,mRNA
40708,12371761,12372571,810,mRNA
40709,12370235,12370332,97,mRNA
40710,12369937,12370166,229,mRNA
40711,12369049,12369284,235,mRNA
40712,12368646,12368957,311,mRNA
40713,12391323,12391444,121,mRNA
40714,12379139,12379644,505,mRNA
40715,12376437,12376616,179,mRNA
40716,12376001,12376115,114,mRNA
40717,12374288,12374546,258,mRNA
40718,12373957,12374210,253,mRNA
40719,12373785,12373899,114,mRNA
40720,12373578,12373720,142,mRNA
40721,12373355,12373520,165,mRNA
40722,12373140,12373282,142,mRNA
40723,12372970,12373079,109,mRNA
40724,12372634,12372769,135,mRNA
40725,12371761,12372571,810,mRNA
40726,12371544,12371603,59,mRNA
40727,12370235,12370332,97,mRNA
40728,12369937,12370166,229,mRNA
40729,12369049,12369284,235,mRNA
40730,12368646,12368957,311,mRNA
40731,12391323,12391444,121,mRNA
40732,12379139,12379644,505,mRNA
40733,12376437,12376616,179,mRNA
40734,12376001,12376115,114,mRNA
40735,12374288,12374546,258,mRNA
40736,12373957,12374210,253,mRNA
40737,12373785,12373899,114,mRNA
40738,12373578,12373720,142,mRNA
40739,12373355,12373520,165,mRNA
40740,12373140,12373282,142,mRNA
40741,12372970,12373079,109,mRNA
40742,12372634,12372769,135,mRNA
40743,12371761,12372571,810,mRNA
40744,12371544,12371603,59,mRNA
40745,12370959,12371006,47,mRNA
40746,12370235,12370332,97,mRNA
40747,12369937,12370166,229,mRNA
40748,12369049,12369284,235,mRNA
40749,12368646,12368957,311,mRNA
40750,12390497,12391444,947,mRNA
40751,12379139,12379644,505,mRNA
40752,12376437,12376616,179,mRNA
40753,12376001,12376115,114,mRNA
40754,12374288,12374546,258,mRNA
40755,12373957,12374210,253,mRNA
40756,12373785,12373899,114,mRNA
40757,12373578,12373720,142,mRNA
40758,12373355,12373520,165,mRNA
40759,12373140,12373282,142,mRNA
40760,12372970,12373079,109,mRNA
40761,12372634,12372769,135,mRNA
40762,12371761,12372571,810,mRNA
40763,12370235,12370332,97,mRNA
40764,12369937,12370166,229,mRNA
40765,12369049,12369284,235,mRNA
40766,12368646,12368957,311,mRNA
40767,12390497,12391444,947,mRNA
40768,12379139,12379644,505,mRNA
40769,12376437,12376616,179,mRNA
40770,12376001,12376115,114,mRNA
40771,12374288,12374546,258,mRNA
40772,12373957,12374210,253,mRNA
40773,12373785,12373899,114,mRNA
40774,12373578,12373720,142,mRNA
40775,12373355,12373520,165,mRNA
40776,12373140,12373282,142,mRNA
40777,12372970,12373079,109,mRNA
40778,12372634,12372769,135,mRNA
40779,12371761,12372571,810,mRNA
40780,12371544,12371603,59,mRNA
40781,12370235,12370332,97,mRNA
40782,12369937,12370166,229,mRNA
40783,12369049,12369284,235,mRNA
40784,12368646,12368957,311,mRNA
40785,12387653,12387829,176,mRNA
40786,12379139,12379644,505,mRNA
40787,12376437,12376616,179,mRNA
40788,12376001,12376115,114,mRNA
40789,12374288,12374546,258,mRNA
40790,12373957,12374210,253,mRNA
40791,12373785,12373899,114,mRNA
40792,12373578,12373720,142,mRNA
40793,12373355,12373520,165,mRNA
40794,12373140,12373282,142,mRNA
40795,12372970,12373079,109,mRNA
40796,12372634,12372769,135,mRNA
40797,12371761,12372571,810,mRNA
40798,12371544,12371603,59,mRNA
40799,12370235,12370332,97,mRNA
40800,12369937,12370166,229,mRNA
40801,12369049,12369284,235,mRNA
40802,12368646,12368957,311,mRNA
40803,12379139,12379413,274,CDS
40804,12376437,12376616,179,CDS
40805,12376001,12376115,114,CDS
40806,12374288,12374546,258,CDS
40807,12373957,12374210,253,CDS
40808,12373785,12373899,114,CDS
40809,12373578,12373720,142,CDS
40810,12373355,12373520,165,CDS
40811,12373140,12373282,142,CDS
40812,12372970,12373079,109,CDS
40813,12372634,12372769,135,CDS
40814,12371761,12372571,810,CDS
40815,12370235,12370332,97,CDS
40816,12369937,12370166,229,CDS
40817,12369049,12369284,235,CDS
40818,12368713,12368957,244,CDS
40819,12379139,12379413,274,CDS
40820,12376437,12376616,179,CDS
40821,12376001,12376115,114,CDS
40822,12374288,12374546,258,CDS
40823,12373957,12374210,253,CDS
40824,12373785,12373899,114,CDS
40825,12373578,12373720,142,CDS
40826,12373355,12373520,165,CDS
40827,12373140,12373282,142,CDS
40828,12372970,12373079,109,CDS
40829,12372634,12372769,135,CDS
40830,12371761,12372571,810,CDS
40831,12370235,12370332,97,CDS
40832,12369937,12370166,229,CDS
40833,12369049,12369284,235,CDS
40834,12368713,12368957,244,CDS
40835,12379139,12379413,274,CDS
40836,12376437,12376616,179,CDS
40837,12376001,12376115,114,CDS
40838,12374288,12374546,258,CDS
40839,12373957,12374210,253,CDS
40840,12373785,12373899,114,CDS
40841,12373578,12373720,142,CDS
40842,12373355,12373520,165,CDS
40843,12373140,12373282,142,CDS
40844,12372970,12373079,109,CDS
40845,12372634,12372769,135,CDS
40846,12371761,12372571,810,CDS
40847,12371544,12371603,59,CDS
40848,12370235,12370332,97,CDS
40849,12369937,12370166,229,CDS
40850,12369049,12369284,235,CDS
40851,12368713,12368957,244,CDS
40852,12379139,12379413,274,CDS
40853,12376437,12376616,179,CDS
40854,12376001,12376115,114,CDS
40855,12374288,12374546,258,CDS
40856,12373957,12374210,253,CDS
40857,12373785,12373899,114,CDS
40858,12373578,12373720,142,CDS
40859,12373355,12373520,165,CDS
40860,12373140,12373282,142,CDS
40861,12372970,12373079,109,CDS
40862,12372634,12372769,135,CDS
40863,12371761,12372571,810,CDS
40864,12371544,12371603,59,CDS
40865,12370235,12370332,97,CDS
40866,12369937,12370166,229,CDS
40867,12369049,12369284,235,CDS
40868,12368713,12368957,244,CDS
40869,12379139,12379413,274,CDS
40870,12376437,12376616,179,CDS
40871,12376001,12376115,114,CDS
40872,12374288,12374546,258,CDS
40873,12373957,12374210,253,CDS
40874,12373785,12373899,114,CDS
40875,12373578,12373720,142,CDS
40876,12373355,12373520,165,CDS
40877,12373140,12373282,142,CDS
40878,12372970,12373079,109,CDS
40879,12372634,12372769,135,CDS
40880,12371761,12372571,810,CDS
40881,12371544,12371603,59,CDS
40882,12370235,12370332,97,CDS
40883,12369937,12370166,229,CDS
40884,12369049,12369284,235,CDS
40885,12368713,12368957,244,CDS
40886,12379139,12379413,274,CDS
40887,12376437,12376616,179,CDS
40888,12376001,12376115,114,CDS
40889,12374288,12374546,258,CDS
40890,12373957,12374210,253,CDS
40891,12373785,12373899,114,CDS
40892,12373578,12373720,142,CDS
40893,12373355,12373520,165,CDS
40894,12373140,12373282,142,CDS
40895,12372970,12373079,109,CDS
40896,12372634,12372769,135,CDS
40897,12371761,12372571,810,CDS
40898,12371544,12371603,59,CDS
40899,12370959,12371006,47,CDS
40900,12370235,12370332,97,CDS
40901,12369937,12370166,229,CDS
40902,12369049,12369284,235,CDS
40903,12368713,12368957,244,CDS
40904,12380252,12381470,1218,gene
40905,12380252,12381470,1218,ncRNA
40906,12393804,12399322,5518,gene
40907,12399141,12399322,181,mRNA
40908,12398760,12399067,307,mRNA
40909,12398474,12398702,228,mRNA
40910,12397972,12398413,441,mRNA
40911,12397420,12397905,485,mRNA
40912,12397056,12397365,309,mRNA
40913,12396905,12396990,85,mRNA
40914,12395855,12396092,237,mRNA
40915,12395635,12395792,157,mRNA
40916,12395042,12395579,537,mRNA
40917,12394602,12394740,138,mRNA
40918,12394109,12394521,412,mRNA
40919,12393804,12394042,238,mRNA
40920,12399141,12399267,126,CDS
40921,12398760,12399067,307,CDS
40922,12398474,12398702,228,CDS
40923,12397972,12398413,441,CDS
40924,12397420,12397905,485,CDS
40925,12397056,12397365,309,CDS
40926,12396905,12396990,85,CDS
40927,12395855,12396092,237,CDS
40928,12395635,12395792,157,CDS
40929,12395042,12395579,537,CDS
40930,12394602,12394740,138,CDS
40931,12394109,12394521,412,CDS
40932,12393869,12394042,173,CDS
40933,12396171,12396957,786,gene
40934,12396171,12396277,106,mRNA
40935,12396339,12396417,78,mRNA
40936,12396483,12396574,91,mRNA
40937,12396637,12396739,102,mRNA
40938,12396793,12396957,164,mRNA
40939,12396206,12396277,71,CDS
40940,12396339,12396417,78,CDS
40941,12396483,12396574,91,CDS
40942,12396637,12396739,102,CDS
40943,12396793,12396893,100,CDS
40944,12399539,12401935,2396,gene
40945,12401250,12401935,685,mRNA
40946,12400849,12401191,342,mRNA
40947,12400252,12400788,536,mRNA
40948,12399971,12400192,221,mRNA
40949,12399539,12399915,376,mRNA
40950,12401250,12401820,570,CDS
40951,12400849,12401191,342,CDS
40952,12400252,12400788,536,CDS
40953,12399971,12400192,221,CDS
40954,12399597,12399915,318,CDS
40955,12402295,12414842,12547,gene
40956,12414702,12414842,140,mRNA
40957,12413448,12414086,638,mRNA
40958,12412330,12412456,126,mRNA
40959,12412185,12412272,87,mRNA
40960,12412011,12412122,111,mRNA
40961,12405002,12405160,158,mRNA
40962,12404363,12404936,573,mRNA
40963,12402295,12404290,1995,mRNA
40964,12414706,12414842,136,mRNA
40965,12413448,12414086,638,mRNA
40966,12412330,12412456,126,mRNA
40967,12412185,12412272,87,mRNA
40968,12412011,12412122,111,mRNA
40969,12405002,12405160,158,mRNA
40970,12404363,12404936,573,mRNA
40971,12403505,12404290,785,mRNA
40972,12408110,12408650,540,mRNA
40973,12405002,12405160,158,mRNA
40974,12404363,12404936,573,mRNA
40975,12403505,12404290,785,mRNA
40976,12405334,12405417,83,mRNA
40977,12405002,12405160,158,mRNA
40978,12404363,12404936,573,mRNA
40979,12403505,12404290,785,mRNA
40980,12413448,12413903,455,CDS
40981,12412330,12412456,126,CDS
40982,12412185,12412272,87,CDS
40983,12412011,12412122,111,CDS
40984,12405002,12405160,158,CDS
40985,12404363,12404936,573,CDS
40986,12404055,12404290,235,CDS
40987,12413448,12413903,455,CDS
40988,12412330,12412456,126,CDS
40989,12412185,12412272,87,CDS
40990,12412011,12412122,111,CDS
40991,12405002,12405160,158,CDS
40992,12404363,12404936,573,CDS
40993,12404055,12404290,235,CDS
40994,12408110,12408232,122,CDS
40995,12405002,12405160,158,CDS
40996,12404363,12404936,573,CDS
40997,12404055,12404290,235,CDS
40998,12405334,12405417,83,CDS
40999,12405002,12405160,158,CDS
41000,12404363,12404936,573,CDS
41001,12404055,12404290,235,CDS
41002,12415026,12417580,2554,gene
41003,12417153,12417580,427,mRNA
41004,12416540,12417087,547,mRNA
41005,12416275,12416479,204,mRNA
41006,12415026,12415869,843,mRNA
41007,12417153,12417580,427,mRNA
41008,12416540,12417087,547,mRNA
41009,12416275,12416479,204,mRNA
41010,12415945,12416004,59,mRNA
41011,12415026,12415869,843,mRNA
41012,12417153,12417212,59,CDS
41013,12416540,12417087,547,CDS
41014,12416275,12416479,204,CDS
41015,12415336,12415869,533,CDS
41016,12417153,12417212,59,CDS
41017,12416540,12417087,547,CDS
41018,12416275,12416479,204,CDS
41019,12415945,12416004,59,CDS
41020,12415336,12415869,533,CDS
41021,12422510,12432668,10158,gene
41022,12432076,12432668,592,mRNA
41023,12427558,12427812,254,mRNA
41024,12425383,12425523,140,mRNA
41025,12423701,12424168,467,mRNA
41026,12423450,12423634,184,mRNA
41027,12422510,12423250,740,mRNA
41028,12432076,12432668,592,mRNA
41029,12427558,12427812,254,mRNA
41030,12425383,12425523,140,mRNA
41031,12423701,12424168,467,mRNA
41032,12423450,12423634,184,mRNA
41033,12422510,12423267,757,mRNA
41034,12432076,12432313,237,CDS
41035,12427558,12427812,254,CDS
41036,12425383,12425523,140,CDS
41037,12423701,12424168,467,CDS
41038,12423450,12423634,184,CDS
41039,12422632,12423267,635,CDS
41040,12432076,12432313,237,CDS
41041,12427558,12427812,254,CDS
41042,12425383,12425523,140,CDS
41043,12423701,12424168,467,CDS
41044,12423450,12423634,184,CDS
41045,12422885,12423250,365,CDS
41046,12462537,12468021,5484,gene
41047,12467486,12468021,535,mRNA
41048,12465844,12466164,320,mRNA
41049,12465023,12465163,140,mRNA
41050,12464314,12464897,583,mRNA
41051,12462537,12464102,1565,mRNA
41052,12467712,12468021,309,mRNA
41053,12467486,12467644,158,mRNA
41054,12465844,12466164,320,mRNA
41055,12465023,12465163,140,mRNA
41056,12464314,12464897,583,mRNA
41057,12462994,12464102,1108,mRNA
41058,12467486,12468021,535,mRNA
41059,12465844,12466164,320,mRNA
41060,12465023,12465163,140,mRNA
41061,12464314,12464897,583,mRNA
41062,12462994,12464102,1108,mRNA
41063,12467486,12467618,132,CDS
41064,12465844,12466164,320,CDS
41065,12465023,12465163,140,CDS
41066,12464314,12464897,583,CDS
41067,12463269,12464102,833,CDS
41068,12467486,12467618,132,CDS
41069,12465844,12466164,320,CDS
41070,12465023,12465163,140,CDS
41071,12464314,12464897,583,CDS
41072,12463269,12464102,833,CDS
41073,12467486,12467618,132,CDS
41074,12465844,12466164,320,CDS
41075,12465023,12465163,140,CDS
41076,12464314,12464897,583,CDS
41077,12463269,12464102,833,CDS
41078,12469072,12469784,712,gene
41079,12469761,12469784,23,mRNA
41080,12469072,12469591,519,mRNA
41081,12469157,12469423,266,CDS
41082,12471728,12474428,2700,gene
41083,12471728,12471929,201,mRNA
41084,12472022,12472196,174,mRNA
41085,12472547,12472637,90,mRNA
41086,12472707,12472832,125,mRNA
41087,12473185,12474428,1243,mRNA
41088,12471728,12471929,201,mRNA
41089,12472022,12472196,174,mRNA
41090,12472547,12472637,90,mRNA
41091,12472707,12472832,125,mRNA
41092,12472926,12472973,47,mRNA
41093,12473185,12474279,1094,mRNA
41094,12471728,12471929,201,mRNA
41095,12472022,12472196,174,mRNA
41096,12472547,12472637,90,mRNA
41097,12472707,12472832,125,mRNA
41098,12473185,12474279,1094,mRNA
41099,12471837,12471929,92,CDS
41100,12472022,12472196,174,CDS
41101,12472547,12472637,90,CDS
41102,12472707,12472832,125,CDS
41103,12472926,12472973,47,CDS
41104,12473185,12474178,993,CDS
41105,12471837,12471929,92,CDS
41106,12472022,12472196,174,CDS
41107,12472547,12472637,90,CDS
41108,12472707,12472832,125,CDS
41109,12473185,12474178,993,CDS
41110,12471837,12471929,92,CDS
41111,12472022,12472196,174,CDS
41112,12472547,12472637,90,CDS
41113,12472707,12472832,125,CDS
41114,12473185,12474178,993,CDS
41115,12474418,12485035,10617,gene
41116,12484801,12485035,234,mRNA
41117,12479712,12479877,165,mRNA
41118,12477824,12478131,307,mRNA
41119,12476450,12477277,827,mRNA
41120,12475754,12476229,475,mRNA
41121,12475579,12475693,114,mRNA
41122,12475304,12475520,216,mRNA
41123,12474418,12475246,828,mRNA
41124,12484801,12485035,234,mRNA
41125,12479712,12479877,165,mRNA
41126,12477824,12478131,307,mRNA
41127,12476450,12477277,827,mRNA
41128,12475754,12476229,475,mRNA
41129,12475579,12475693,114,mRNA
41130,12475304,12475520,216,mRNA
41131,12474695,12475246,551,mRNA
41132,12479712,12479774,62,CDS
41133,12477824,12478131,307,CDS
41134,12476450,12477277,827,CDS
41135,12475754,12476229,475,CDS
41136,12475579,12475693,114,CDS
41137,12475304,12475520,216,CDS
41138,12475007,12475246,239,CDS
41139,12479712,12479774,62,CDS
41140,12477824,12478131,307,CDS
41141,12476450,12477277,827,CDS
41142,12475754,12476229,475,CDS
41143,12475579,12475693,114,CDS
41144,12475304,12475520,216,CDS
41145,12475007,12475246,239,CDS
41146,12482609,12486446,3837,gene
41147,12482609,12482656,47,mRNA
41148,12485814,12486131,317,mRNA
41149,12486195,12486446,251,mRNA
41150,12482609,12482656,47,CDS
41151,12485814,12486131,317,CDS
41152,12486195,12486356,161,CDS
41153,12485690,12485755,65,mRNA
41154,12485814,12486131,317,mRNA
41155,12486195,12486446,251,mRNA
41156,12485690,12485755,65,CDS
41157,12485814,12486131,317,CDS
41158,12486195,12486356,161,CDS
41159,12486668,12490676,4008,gene
41160,12489741,12490676,935,mRNA
41161,12489012,12489115,103,mRNA
41162,12488828,12488960,132,mRNA
41163,12488555,12488753,198,mRNA
41164,12488083,12488219,136,mRNA
41165,12486668,12487447,779,mRNA
41166,12489741,12490676,935,mRNA
41167,12489012,12489115,103,mRNA
41168,12488828,12488960,132,mRNA
41169,12488555,12488774,219,mRNA
41170,12488083,12488219,136,mRNA
41171,12486668,12487447,779,mRNA
41172,12489741,12490075,334,mRNA
41173,12489012,12489115,103,mRNA
41174,12488828,12488960,132,mRNA
41175,12488555,12488753,198,mRNA
41176,12488083,12488219,136,mRNA
41177,12486668,12487447,779,mRNA
41178,12489741,12490075,334,mRNA
41179,12489012,12489115,103,mRNA
41180,12488828,12488960,132,mRNA
41181,12488555,12488774,219,mRNA
41182,12488083,12488219,136,mRNA
41183,12486668,12487447,779,mRNA
41184,12489741,12489974,233,CDS
41185,12489012,12489115,103,CDS
41186,12488828,12488960,132,CDS
41187,12488555,12488753,198,CDS
41188,12488083,12488219,136,CDS
41189,12486812,12487447,635,CDS
41190,12489741,12489974,233,CDS
41191,12489012,12489115,103,CDS
41192,12488828,12488960,132,CDS
41193,12488555,12488753,198,CDS
41194,12488083,12488219,136,CDS
41195,12486812,12487447,635,CDS
41196,12489741,12489974,233,CDS
41197,12489012,12489115,103,CDS
41198,12488828,12488960,132,CDS
41199,12488555,12488774,219,CDS
41200,12488083,12488219,136,CDS
41201,12486812,12487447,635,CDS
41202,12489741,12489974,233,CDS
41203,12489012,12489115,103,CDS
41204,12488828,12488960,132,CDS
41205,12488555,12488774,219,CDS
41206,12488083,12488219,136,CDS
41207,12486812,12487447,635,CDS
41208,12490294,12491196,902,gene
41209,12490294,12491196,902,ncRNA
41210,12491830,12497216,5386,gene
41211,12497010,12497216,206,mRNA
41212,12492817,12493274,457,mRNA
41213,12492461,12492751,290,mRNA
41214,12491830,12492397,567,mRNA
41215,12491840,12493605,1765,gene
41216,12491840,12493605,1765,ncRNA
41217,12497010,12497010,0,CDS
41218,12492817,12493274,457,CDS
41219,12492461,12492751,290,CDS
41220,12492143,12492397,254,CDS
41221,12498106,12501311,3205,gene
41222,12501165,12501311,146,mRNA
41223,12499321,12499488,167,mRNA
41224,12498749,12499264,515,mRNA
41225,12498106,12498687,581,mRNA
41226,12501165,12501311,146,mRNA
41227,12499321,12499488,167,mRNA
41228,12498749,12499264,515,mRNA
41229,12498404,12498687,283,mRNA
41230,12498487,12500307,1820,gene
41231,12498487,12498642,155,ncRNA
41232,12499602,12499769,167,ncRNA
41233,12500019,12500133,114,ncRNA
41234,12500201,12500307,106,ncRNA
41235,12498487,12498642,155,ncRNA
41236,12500019,12500133,114,ncRNA
41237,12500201,12500307,106,ncRNA
41238,12501165,12501236,71,CDS
41239,12499321,12499488,167,CDS
41240,12498749,12499264,515,CDS
41241,12498490,12498687,197,CDS
41242,12501165,12501236,71,CDS
41243,12499321,12499488,167,CDS
41244,12498749,12499264,515,CDS
41245,12498490,12498687,197,CDS
41246,12501165,12501311,146,mRNA
41247,12500875,12501042,167,mRNA
41248,12500631,12500800,169,mRNA
41249,12500212,12500554,342,mRNA
41250,12499801,12500152,351,mRNA
41251,12501165,12501236,71,CDS
41252,12500875,12501042,167,CDS
41253,12500631,12500800,169,CDS
41254,12500212,12500554,342,CDS
41255,12499973,12500152,179,CDS
41256,12501513,12502647,1134,gene
41257,12501513,12501722,209,mRNA
41258,12501775,12501947,172,mRNA
41259,12502004,12502647,643,mRNA
41260,12501513,12501718,205,mRNA
41261,12501775,12501947,172,mRNA
41262,12502004,12502647,643,mRNA
41263,12501781,12501947,166,CDS
41264,12502004,12502475,471,CDS
41265,12501781,12501947,166,CDS
41266,12502004,12502475,471,CDS
41267,12502467,12503894,1427,gene
41268,12503657,12503894,237,mRNA
41269,12502467,12503605,1138,mRNA
41270,12503657,12503827,170,CDS
41271,12502625,12503605,980,CDS
41272,12504292,12505821,1529,gene
41273,12504292,12504652,360,mRNA
41274,12504719,12505821,1102,mRNA
41275,12504546,12504652,106,CDS
41276,12504719,12505148,429,CDS
41277,12505374,12507840,2466,gene
41278,12507150,12507840,690,mRNA
41279,12505374,12506487,1113,mRNA
41280,12507228,12507840,612,mRNA
41281,12505764,12506487,723,mRNA
41282,12507228,12507710,482,CDS
41283,12505810,12506487,677,CDS
41284,12507150,12507710,560,CDS
41285,12505810,12506487,677,CDS
41286,12507998,12514815,6817,gene
41287,12514382,12514815,433,mRNA
41288,12513881,12514125,244,mRNA
41289,12513474,12513824,350,mRNA
41290,12512035,12513402,1367,mRNA
41291,12510301,12511803,1502,mRNA
41292,12510029,12510224,195,mRNA
41293,12507998,12509972,1974,mRNA
41294,12514382,12514815,433,mRNA
41295,12513881,12514125,244,mRNA
41296,12513462,12513824,362,mRNA
41297,12512035,12513402,1367,mRNA
41298,12510301,12511803,1502,mRNA
41299,12510029,12510224,195,mRNA
41300,12507998,12509972,1974,mRNA
41301,12514382,12514667,285,CDS
41302,12513881,12514125,244,CDS
41303,12513474,12513824,350,CDS
41304,12512035,12513402,1367,CDS
41305,12510301,12511803,1502,CDS
41306,12510029,12510224,195,CDS
41307,12508357,12509972,1615,CDS
41308,12514382,12514667,285,CDS
41309,12513881,12514125,244,CDS
41310,12513462,12513824,362,CDS
41311,12512035,12513402,1367,CDS
41312,12510301,12511803,1502,CDS
41313,12510029,12510224,195,CDS
41314,12508357,12509972,1615,CDS
41315,12514605,12515009,404,gene
41316,12514917,12515009,92,ncRNA
41317,12514605,12514844,239,ncRNA
41318,12515059,12520954,5895,gene
41319,12515059,12515572,513,mRNA
41320,12516559,12517059,500,mRNA
41321,12517416,12517957,541,mRNA
41322,12518024,12518224,200,mRNA
41323,12518438,12518667,229,mRNA
41324,12518733,12519070,337,mRNA
41325,12519144,12520954,1810,mRNA
41326,12515059,12515572,513,mRNA
41327,12516559,12517059,500,mRNA
41328,12517428,12517957,529,mRNA
41329,12518024,12518254,230,mRNA
41330,12518438,12518667,229,mRNA
41331,12518733,12519070,337,mRNA
41332,12519144,12520954,1810,mRNA
41333,12515059,12515572,513,mRNA
41334,12516559,12517059,500,mRNA
41335,12517416,12517957,541,mRNA
41336,12518024,12518254,230,mRNA
41337,12518438,12518667,229,mRNA
41338,12518730,12519070,340,mRNA
41339,12519144,12519695,551,mRNA
41340,12515059,12515572,513,mRNA
41341,12516559,12517059,500,mRNA
41342,12517416,12517957,541,mRNA
41343,12518024,12518254,230,mRNA
41344,12518438,12518667,229,mRNA
41345,12518733,12519070,337,mRNA
41346,12519144,12519695,551,mRNA
41347,12515059,12515572,513,mRNA
41348,12516559,12517059,500,mRNA
41349,12517416,12517957,541,mRNA
41350,12518024,12518224,200,mRNA
41351,12518438,12518667,229,mRNA
41352,12518730,12519070,340,mRNA
41353,12519144,12519695,551,mRNA
41354,12515059,12515572,513,mRNA
41355,12516559,12517059,500,mRNA
41356,12517428,12517957,529,mRNA
41357,12518024,12518254,230,mRNA
41358,12518438,12518667,229,mRNA
41359,12518730,12519070,340,mRNA
41360,12519144,12519695,551,mRNA
41361,12515059,12515572,513,mRNA
41362,12516559,12517059,500,mRNA
41363,12517428,12517957,529,mRNA
41364,12518024,12518254,230,mRNA
41365,12518438,12518667,229,mRNA
41366,12518733,12519070,337,mRNA
41367,12519144,12519695,551,mRNA
41368,12515059,12515572,513,mRNA
41369,12516559,12517059,500,mRNA
41370,12517428,12517957,529,mRNA
41371,12518024,12518224,200,mRNA
41372,12518438,12518667,229,mRNA
41373,12518730,12519070,340,mRNA
41374,12519144,12519695,551,mRNA
41375,12515059,12515572,513,mRNA
41376,12516559,12517059,500,mRNA
41377,12517428,12517957,529,mRNA
41378,12518024,12518224,200,mRNA
41379,12518438,12518667,229,mRNA
41380,12518733,12519070,337,mRNA
41381,12519144,12519695,551,mRNA
41382,12515452,12515572,120,CDS
41383,12516559,12517059,500,CDS
41384,12517416,12517957,541,CDS
41385,12518024,12518254,230,CDS
41386,12518438,12518667,229,CDS
41387,12518730,12519070,340,CDS
41388,12519144,12519151,7,CDS
41389,12515452,12515572,120,CDS
41390,12516559,12517059,500,CDS
41391,12517416,12517957,541,CDS
41392,12518024,12518254,230,CDS
41393,12518438,12518667,229,CDS
41394,12518733,12519070,337,CDS
41395,12519144,12519151,7,CDS
41396,12515452,12515572,120,CDS
41397,12516559,12517059,500,CDS
41398,12517416,12517957,541,CDS
41399,12518024,12518224,200,CDS
41400,12518438,12518667,229,CDS
41401,12518730,12519070,340,CDS
41402,12519144,12519151,7,CDS
41403,12515452,12515572,120,CDS
41404,12516559,12517059,500,CDS
41405,12517416,12517957,541,CDS
41406,12518024,12518224,200,CDS
41407,12518438,12518667,229,CDS
41408,12518733,12519070,337,CDS
41409,12519144,12519151,7,CDS
41410,12515452,12515572,120,CDS
41411,12516559,12517059,500,CDS
41412,12517428,12517957,529,CDS
41413,12518024,12518254,230,CDS
41414,12518438,12518667,229,CDS
41415,12518730,12519070,340,CDS
41416,12519144,12519151,7,CDS
41417,12515452,12515572,120,CDS
41418,12516559,12517059,500,CDS
41419,12517428,12517957,529,CDS
41420,12518024,12518254,230,CDS
41421,12518438,12518667,229,CDS
41422,12518733,12519070,337,CDS
41423,12519144,12519151,7,CDS
41424,12515452,12515572,120,CDS
41425,12516559,12517059,500,CDS
41426,12517428,12517957,529,CDS
41427,12518024,12518254,230,CDS
41428,12518438,12518667,229,CDS
41429,12518733,12519070,337,CDS
41430,12519144,12519151,7,CDS
41431,12515452,12515572,120,CDS
41432,12516559,12517059,500,CDS
41433,12517428,12517957,529,CDS
41434,12518024,12518224,200,CDS
41435,12518438,12518667,229,CDS
41436,12518730,12519070,340,CDS
41437,12519144,12519151,7,CDS
41438,12515452,12515572,120,CDS
41439,12516559,12517059,500,CDS
41440,12517428,12517957,529,CDS
41441,12518024,12518224,200,CDS
41442,12518438,12518667,229,CDS
41443,12518733,12519070,337,CDS
41444,12519144,12519151,7,CDS
41445,12521129,12524014,2885,gene
41446,12522645,12524014,1369,mRNA
41447,12521938,12522590,652,mRNA
41448,12521129,12521875,746,mRNA
41449,12522645,12523903,1258,CDS
41450,12521938,12522590,652,CDS
41451,12521346,12521875,529,CDS
41452,12523987,12525150,1163,gene
41453,12523987,12524070,83,mRNA
41454,12524427,12525150,723,mRNA
41455,12524427,12525150,723,mRNA
41456,12524441,12525085,644,CDS
41457,12524441,12525085,644,CDS
41458,12525093,12526731,1638,gene
41459,12526589,12526731,142,mRNA
41460,12525986,12526385,399,mRNA
41461,12525093,12525677,584,mRNA
41462,12526589,12526603,14,CDS
41463,12525986,12526385,399,CDS
41464,12525154,12525677,523,CDS
41465,12527215,12530171,2956,gene
41466,12529935,12530171,236,mRNA
41467,12527802,12529248,1446,mRNA
41468,12527215,12527732,517,mRNA
41469,12529935,12530035,100,CDS
41470,12527802,12529248,1446,CDS
41471,12527631,12527732,101,CDS
41472,12530436,12533724,3288,gene
41473,12533552,12533724,172,mRNA
41474,12533051,12533478,427,mRNA
41475,12532838,12532971,133,mRNA
41476,12532612,12532772,160,mRNA
41477,12532101,12532552,451,mRNA
41478,12531873,12532037,164,mRNA
41479,12530436,12531806,1370,mRNA
41480,12533552,12533612,60,CDS
41481,12533051,12533478,427,CDS
41482,12532838,12532971,133,CDS
41483,12532612,12532772,160,CDS
41484,12532101,12532552,451,CDS
41485,12531873,12532037,164,CDS
41486,12530748,12531806,1058,CDS
41487,12533996,12534403,407,gene
41488,12533996,12534004,8,mRNA
41489,12534063,12534396,333,mRNA
41490,12534038,12534403,365,mRNA
41491,12534067,12534243,176,CDS
41492,12534067,12534243,176,CDS
41493,12534590,12535513,923,gene
41494,12534590,12535513,923,mRNA
41495,12534655,12535419,764,CDS
41496,12535426,12537315,1889,gene
41497,12537109,12537315,206,mRNA
41498,12536739,12537044,305,mRNA
41499,12536260,12536680,420,mRNA
41500,12535426,12536200,774,mRNA
41501,12537109,12537222,113,CDS
41502,12536739,12537044,305,CDS
41503,12536260,12536680,420,CDS
41504,12535512,12536200,688,CDS
41505,12537513,12572542,35029,gene
41506,12572312,12572542,230,mRNA
41507,12571539,12572200,661,mRNA
41508,12564899,12565039,140,mRNA
41509,12548485,12548496,11,mRNA
41510,12545403,12545405,2,mRNA
41511,12544319,12544321,2,mRNA
41512,12541288,12541377,89,mRNA
41513,12541182,12541187,5,mRNA
41514,12540390,12540462,72,mRNA
41515,12540057,12540146,89,mRNA
41516,12538550,12538576,26,mRNA
41517,12537513,12538488,975,mRNA
41518,12572312,12572542,230,mRNA
41519,12571539,12572200,661,mRNA
41520,12564899,12565039,140,mRNA
41521,12548485,12548496,11,mRNA
41522,12545403,12545405,2,mRNA
41523,12544319,12544321,2,mRNA
41524,12541288,12541377,89,mRNA
41525,12541182,12541187,5,mRNA
41526,12540390,12540462,72,mRNA
41527,12540057,12540146,89,mRNA
41528,12538996,12539041,45,mRNA
41529,12538550,12538576,26,mRNA
41530,12537513,12538488,975,mRNA
41531,12572312,12572542,230,mRNA
41532,12571539,12572200,661,mRNA
41533,12564899,12565039,140,mRNA
41534,12548485,12548496,11,mRNA
41535,12545403,12545405,2,mRNA
41536,12544319,12544321,2,mRNA
41537,12541288,12541377,89,mRNA
41538,12541182,12541187,5,mRNA
41539,12540390,12540462,72,mRNA
41540,12539622,12540146,524,mRNA
41541,12538550,12538576,26,mRNA
41542,12537513,12538488,975,mRNA
41543,12572312,12572438,126,CDS
41544,12571539,12572200,661,CDS
41545,12564899,12565039,140,CDS
41546,12548485,12548496,11,CDS
41547,12545403,12545405,2,CDS
41548,12544319,12544321,2,CDS
41549,12541288,12541377,89,CDS
41550,12541182,12541187,5,CDS
41551,12540390,12540462,72,CDS
41552,12540057,12540146,89,CDS
41553,12538550,12538576,26,CDS
41554,12537815,12538488,673,CDS
41555,12572312,12572438,126,CDS
41556,12571539,12572200,661,CDS
41557,12564899,12565039,140,CDS
41558,12548485,12548496,11,CDS
41559,12545403,12545405,2,CDS
41560,12544319,12544321,2,CDS
41561,12541288,12541377,89,CDS
41562,12541182,12541187,5,CDS
41563,12540390,12540462,72,CDS
41564,12539622,12540146,524,CDS
41565,12538550,12538576,26,CDS
41566,12537815,12538488,673,CDS
41567,12572312,12572438,126,CDS
41568,12571539,12572200,661,CDS
41569,12564899,12565039,140,CDS
41570,12548485,12548496,11,CDS
41571,12545403,12545405,2,CDS
41572,12544319,12544321,2,CDS
41573,12541288,12541377,89,CDS
41574,12541182,12541187,5,CDS
41575,12540390,12540462,72,CDS
41576,12540057,12540146,89,CDS
41577,12538996,12539041,45,CDS
41578,12538550,12538576,26,CDS
41579,12538185,12538488,303,CDS
41580,12572312,12572542,230,mRNA
41581,12571539,12572200,661,mRNA
41582,12564899,12565039,140,mRNA
41583,12548485,12548496,11,mRNA
41584,12545403,12545405,2,mRNA
41585,12544319,12544321,2,mRNA
41586,12541288,12541377,89,mRNA
41587,12541182,12541187,5,mRNA
41588,12540390,12540462,72,mRNA
41589,12539404,12540146,742,mRNA
41590,12572312,12572438,126,CDS
41591,12571539,12572200,661,CDS
41592,12564899,12565039,140,CDS
41593,12548485,12548496,11,CDS
41594,12545403,12545405,2,CDS
41595,12544319,12544321,2,CDS
41596,12541288,12541377,89,CDS
41597,12541182,12541187,5,CDS
41598,12540390,12540462,72,CDS
41599,12539617,12540146,529,CDS
41600,12541710,12542953,1243,gene
41601,12541710,12542493,783,ncRNA
41602,12542563,12542953,390,ncRNA
41603,12542147,12542493,346,ncRNA
41604,12542582,12542953,371,ncRNA
41605,12580672,12596018,15346,gene
41606,12580672,12581153,481,mRNA
41607,12585742,12586293,551,mRNA
41608,12589519,12589634,115,mRNA
41609,12594165,12594523,358,mRNA
41610,12594586,12596018,1432,mRNA
41611,12580672,12581153,481,mRNA
41612,12585742,12586293,551,mRNA
41613,12589519,12589634,115,mRNA
41614,12594189,12594523,334,mRNA
41615,12594586,12596018,1432,mRNA
41616,12581103,12581153,50,CDS
41617,12585742,12586293,551,CDS
41618,12589519,12589634,115,CDS
41619,12594165,12594523,358,CDS
41620,12594586,12595661,1075,CDS
41621,12581103,12581153,50,CDS
41622,12585742,12586293,551,CDS
41623,12589519,12589634,115,CDS
41624,12594189,12594523,334,CDS
41625,12594586,12595661,1075,CDS
41626,12609631,12621798,12167,gene
41627,12609631,12610819,1188,mRNA
41628,12616803,12617288,485,mRNA
41629,12617591,12617709,118,mRNA
41630,12618342,12618664,322,mRNA
41631,12619599,12621798,2199,mRNA
41632,12610769,12610819,50,CDS
41633,12616803,12617288,485,CDS
41634,12617591,12617709,118,CDS
41635,12618342,12618664,322,CDS
41636,12619599,12620701,1102,CDS
41637,12627934,12648280,20346,gene
41638,12627934,12628407,473,ncRNA
41639,12633329,12633945,616,ncRNA
41640,12642047,12642878,831,ncRNA
41641,12644802,12645040,238,ncRNA
41642,12645113,12645211,98,ncRNA
41643,12645272,12645306,34,ncRNA
41644,12645363,12648280,2917,ncRNA
41645,12627934,12628407,473,ncRNA
41646,12633329,12633811,482,ncRNA
41647,12633871,12633945,74,ncRNA
41648,12644802,12645040,238,ncRNA
41649,12645113,12645211,98,ncRNA
41650,12645272,12645306,34,ncRNA
41651,12645363,12645798,435,ncRNA
41652,12648907,12653090,4183,gene
41653,12652837,12653090,253,ncRNA
41654,12650753,12650805,52,ncRNA
41655,12650578,12650698,120,ncRNA
41656,12648907,12650510,1603,ncRNA
41657,12658903,12660095,1192,gene
41658,12658903,12660095,1192,ncRNA
41659,12661826,12662247,421,gene
41660,12661826,12662247,421,ncRNA
41661,12693639,12710249,16610,gene
41662,12693639,12694353,714,mRNA
41663,12696500,12697003,503,mRNA
41664,12705220,12705326,106,mRNA
41665,12707375,12707673,298,mRNA
41666,12707983,12710249,2266,mRNA
41667,12693639,12694353,714,mRNA
41668,12696500,12697003,503,mRNA
41669,12705220,12705326,106,mRNA
41670,12707375,12707673,298,mRNA
41671,12707983,12710249,2266,mRNA
41672,12693639,12694353,714,mRNA
41673,12696500,12697003,503,mRNA
41674,12705220,12705326,106,mRNA
41675,12707375,12707673,298,mRNA
41676,12707983,12709376,1393,mRNA
41677,12694312,12694353,41,CDS
41678,12696500,12697003,503,CDS
41679,12705220,12705326,106,CDS
41680,12707375,12707673,298,CDS
41681,12707983,12709079,1096,CDS
41682,12694312,12694353,41,CDS
41683,12696500,12697003,503,CDS
41684,12705220,12705326,106,CDS
41685,12707375,12707673,298,CDS
41686,12707983,12708956,973,CDS
41687,12694312,12694353,41,CDS
41688,12696500,12697003,503,CDS
41689,12705220,12705326,106,CDS
41690,12707375,12707673,298,CDS
41691,12707983,12708956,973,CDS
41692,12733364,12734611,1247,gene
41693,12734503,12734611,108,mRNA
41694,12733364,12733983,619,mRNA
41695,12734503,12734516,13,CDS
41696,12733623,12733983,360,CDS
41697,12734945,12741568,6623,gene
41698,12734945,12735249,304,mRNA
41699,12736058,12736160,102,mRNA
41700,12736253,12738096,1843,mRNA
41701,12738156,12738401,245,mRNA
41702,12738460,12738703,243,mRNA
41703,12738772,12739666,894,mRNA
41704,12739726,12739872,146,mRNA
41705,12739929,12740039,110,mRNA
41706,12740109,12740288,179,mRNA
41707,12740353,12740660,307,mRNA
41708,12740722,12740857,135,mRNA
41709,12740920,12741568,648,mRNA
41710,12734945,12735249,304,mRNA
41711,12736058,12736160,102,mRNA
41712,12736253,12738096,1843,mRNA
41713,12738156,12738401,245,mRNA
41714,12738460,12738703,243,mRNA
41715,12738775,12739666,891,mRNA
41716,12739726,12739872,146,mRNA
41717,12739929,12740039,110,mRNA
41718,12740109,12740288,179,mRNA
41719,12740353,12740660,307,mRNA
41720,12740722,12740857,135,mRNA
41721,12740920,12741568,648,mRNA
41722,12735153,12735249,96,CDS
41723,12736058,12736160,102,CDS
41724,12736253,12738096,1843,CDS
41725,12738156,12738401,245,CDS
41726,12738460,12738703,243,CDS
41727,12738772,12739666,894,CDS
41728,12739726,12739872,146,CDS
41729,12739929,12740039,110,CDS
41730,12740109,12740288,179,CDS
41731,12740353,12740660,307,CDS
41732,12740722,12740857,135,CDS
41733,12740920,12740997,77,CDS
41734,12735153,12735249,96,CDS
41735,12736058,12736160,102,CDS
41736,12736253,12738096,1843,CDS
41737,12738156,12738401,245,CDS
41738,12738460,12738703,243,CDS
41739,12738775,12739666,891,CDS
41740,12739726,12739872,146,CDS
41741,12739929,12740039,110,CDS
41742,12740109,12740288,179,CDS
41743,12740353,12740660,307,CDS
41744,12740722,12740857,135,CDS
41745,12740920,12740997,77,CDS
41746,12741718,12745154,3436,gene
41747,12741718,12741800,82,mRNA
41748,12741861,12741949,88,mRNA
41749,12742905,12743172,267,mRNA
41750,12743513,12743625,112,mRNA
41751,12743688,12743826,138,mRNA
41752,12743888,12743977,89,mRNA
41753,12744037,12744746,709,mRNA
41754,12744809,12745154,345,mRNA
41755,12741805,12741949,144,mRNA
41756,12742595,12742650,55,mRNA
41757,12742905,12743172,267,mRNA
41758,12743513,12743625,112,mRNA
41759,12743688,12743826,138,mRNA
41760,12743888,12743977,89,mRNA
41761,12744037,12744746,709,mRNA
41762,12744809,12745154,345,mRNA
41763,12741805,12741949,144,mRNA
41764,12742905,12743172,267,mRNA
41765,12743513,12743625,112,mRNA
41766,12743688,12743826,138,mRNA
41767,12743888,12743977,89,mRNA
41768,12744037,12744746,709,mRNA
41769,12744809,12745154,345,mRNA
41770,12741861,12741949,88,CDS
41771,12742905,12743172,267,CDS
41772,12743513,12743625,112,CDS
41773,12743688,12743826,138,CDS
41774,12743888,12743977,89,CDS
41775,12744037,12744746,709,CDS
41776,12744809,12744932,123,CDS
41777,12741861,12741949,88,CDS
41778,12742905,12743172,267,CDS
41779,12743513,12743625,112,CDS
41780,12743688,12743826,138,CDS
41781,12743888,12743977,89,CDS
41782,12744037,12744746,709,CDS
41783,12744809,12744932,123,CDS
41784,12742044,12742131,87,mRNA
41785,12742905,12743172,267,mRNA
41786,12743513,12743625,112,mRNA
41787,12743688,12743826,138,mRNA
41788,12743888,12743977,89,mRNA
41789,12744037,12744746,709,mRNA
41790,12744809,12745154,345,mRNA
41791,12743041,12743172,131,CDS
41792,12743513,12743625,112,CDS
41793,12743688,12743826,138,CDS
41794,12743888,12743977,89,CDS
41795,12744037,12744746,709,CDS
41796,12744809,12744932,123,CDS
41797,12743041,12743172,131,CDS
41798,12743513,12743625,112,CDS
41799,12743688,12743826,138,CDS
41800,12743888,12743977,89,CDS
41801,12744037,12744746,709,CDS
41802,12744809,12744932,123,CDS
41803,12745176,12745243,67,mobile_element
41804,12745344,12746770,1426,gene
41805,12745344,12745468,124,mRNA
41806,12745729,12745925,196,mRNA
41807,12745981,12746236,255,mRNA
41808,12746297,12746770,473,mRNA
41809,12745408,12745468,60,CDS
41810,12745729,12745925,196,CDS
41811,12745981,12746236,255,CDS
41812,12746297,12746478,181,CDS
41813,12746616,12750056,3440,gene
41814,12749963,12750056,93,mRNA
41815,12748056,12748682,626,mRNA
41816,12747821,12747941,120,mRNA
41817,12747275,12747754,479,mRNA
41818,12746898,12747203,305,mRNA
41819,12746616,12746830,214,mRNA
41820,12749710,12749839,129,mRNA
41821,12748056,12748682,626,mRNA
41822,12747821,12747941,120,mRNA
41823,12747275,12747754,479,mRNA
41824,12746898,12747203,305,mRNA
41825,12746616,12746827,211,mRNA
41826,12748807,12748898,91,mRNA
41827,12748056,12748682,626,mRNA
41828,12747821,12747941,120,mRNA
41829,12747275,12747754,479,mRNA
41830,12746898,12747203,305,mRNA
41831,12746616,12746830,214,mRNA
41832,12748056,12748657,601,CDS
41833,12747821,12747941,120,CDS
41834,12747275,12747754,479,CDS
41835,12746898,12747203,305,CDS
41836,12746813,12746827,14,CDS
41837,12748056,12748657,601,CDS
41838,12747821,12747941,120,CDS
41839,12747275,12747754,479,CDS
41840,12746898,12747203,305,CDS
41841,12746813,12746830,17,CDS
41842,12748056,12748657,601,CDS
41843,12747821,12747941,120,CDS
41844,12747275,12747754,479,CDS
41845,12746898,12747203,305,CDS
41846,12746813,12746830,17,CDS
41847,12750119,12753402,3283,gene
41848,12750119,12750201,82,mRNA
41849,12750604,12750739,135,mRNA
41850,12751307,12752922,1615,mRNA
41851,12752984,12753402,418,mRNA
41852,12750231,12750344,113,mRNA
41853,12750604,12750739,135,mRNA
41854,12751307,12752922,1615,mRNA
41855,12752984,12753402,418,mRNA
41856,12750508,12750739,231,mRNA
41857,12750802,12750855,53,mRNA
41858,12751307,12752922,1615,mRNA
41859,12752984,12753402,418,mRNA
41860,12750508,12750739,231,mRNA
41861,12751307,12752922,1615,mRNA
41862,12752984,12753402,418,mRNA
41863,12750607,12750739,132,CDS
41864,12750802,12750855,53,CDS
41865,12751307,12752922,1615,CDS
41866,12752984,12753157,173,CDS
41867,12750607,12750739,132,CDS
41868,12751307,12752922,1615,CDS
41869,12752984,12753157,173,CDS
41870,12750607,12750739,132,CDS
41871,12751307,12752922,1615,CDS
41872,12752984,12753157,173,CDS
41873,12750607,12750739,132,CDS
41874,12751307,12752922,1615,CDS
41875,12752984,12753157,173,CDS
41876,12753239,12754774,1535,gene
41877,12754677,12754774,97,mRNA
41878,12754542,12754619,77,mRNA
41879,12753676,12754216,540,mRNA
41880,12753405,12753613,208,mRNA
41881,12753239,12753344,105,mRNA
41882,12754677,12754718,41,CDS
41883,12754542,12754619,77,CDS
41884,12753676,12754216,540,CDS
41885,12753405,12753613,208,CDS
41886,12753294,12753344,50,CDS
41887,12755049,12768605,13556,gene
41888,12755049,12755242,193,mRNA
41889,12755304,12756094,790,mRNA
41890,12756405,12757454,1049,mRNA
41891,12757512,12758422,910,mRNA
41892,12758634,12758764,130,mRNA
41893,12758902,12759042,140,mRNA
41894,12759101,12759728,627,mRNA
41895,12759788,12759907,119,mRNA
41896,12759969,12760293,324,mRNA
41897,12760360,12761152,792,mRNA
41898,12761205,12761457,252,mRNA
41899,12761519,12761663,144,mRNA
41900,12761735,12765070,3335,mRNA
41901,12765134,12765346,212,mRNA
41902,12765405,12766259,854,mRNA
41903,12766318,12766626,308,mRNA
41904,12766685,12767179,494,mRNA
41905,12767237,12768352,1115,mRNA
41906,12768511,12768605,94,mRNA
41907,12755146,12755242,96,CDS
41908,12755304,12756094,790,CDS
41909,12756405,12757454,1049,CDS
41910,12757512,12758422,910,CDS
41911,12758634,12758764,130,CDS
41912,12758902,12759042,140,CDS
41913,12759101,12759728,627,CDS
41914,12759788,12759907,119,CDS
41915,12759969,12760293,324,CDS
41916,12760360,12761152,792,CDS
41917,12761205,12761457,252,CDS
41918,12761519,12761663,144,CDS
41919,12761735,12765070,3335,CDS
41920,12765134,12765346,212,CDS
41921,12765405,12766259,854,CDS
41922,12766318,12766626,308,CDS
41923,12766685,12767179,494,CDS
41924,12767237,12768352,1115,CDS
41925,12768511,12768561,50,CDS
41926,12768432,12773573,5141,gene
41927,12773275,12773573,298,mRNA
41928,12772162,12772583,421,mRNA
41929,12771372,12772102,730,mRNA
41930,12771206,12771315,109,mRNA
41931,12770395,12771141,746,mRNA
41932,12769903,12770338,435,mRNA
41933,12769432,12769836,404,mRNA
41934,12768432,12769374,942,mRNA
41935,12772744,12773219,475,mRNA
41936,12772162,12772583,421,mRNA
41937,12771372,12772102,730,mRNA
41938,12771206,12771315,109,mRNA
41939,12770395,12771141,746,mRNA
41940,12769903,12770338,435,mRNA
41941,12769432,12769836,404,mRNA
41942,12768603,12769374,771,mRNA
41943,12773275,12773310,35,CDS
41944,12772162,12772583,421,CDS
41945,12771372,12772102,730,CDS
41946,12771206,12771315,109,CDS
41947,12770395,12771141,746,CDS
41948,12769903,12770338,435,CDS
41949,12769432,12769836,404,CDS
41950,12768887,12769374,487,CDS
41951,12772162,12772508,346,CDS
41952,12771372,12772102,730,CDS
41953,12771206,12771315,109,CDS
41954,12770395,12771141,746,CDS
41955,12769903,12770338,435,CDS
41956,12769432,12769836,404,CDS
41957,12768887,12769374,487,CDS
41958,12773951,12778716,4765,gene
41959,12778279,12778716,437,mRNA
41960,12778025,12778223,198,mRNA
41961,12775588,12777924,2336,mRNA
41962,12775456,12775533,77,mRNA
41963,12773951,12775395,1444,mRNA
41964,12778279,12778716,437,mRNA
41965,12778025,12778223,198,mRNA
41966,12775588,12777972,2384,mRNA
41967,12775456,12775533,77,mRNA
41968,12773951,12775395,1444,mRNA
41969,12778279,12778459,180,CDS
41970,12778025,12778223,198,CDS
41971,12775588,12777924,2336,CDS
41972,12775456,12775533,77,CDS
41973,12773997,12775395,1398,CDS
41974,12778279,12778459,180,CDS
41975,12778025,12778223,198,CDS
41976,12775588,12777972,2384,CDS
41977,12775456,12775533,77,CDS
41978,12773997,12775395,1398,CDS
41979,12778750,12781097,2347,gene
41980,12778750,12781097,2347,mRNA
41981,12778928,12781021,2093,CDS
41982,12781325,12784377,3052,gene
41983,12781325,12781517,192,mRNA
41984,12781575,12783269,1694,mRNA
41985,12783388,12783690,302,mRNA
41986,12783745,12784377,632,mRNA
41987,12781462,12781517,55,CDS
41988,12781575,12783269,1694,CDS
41989,12783388,12783690,302,CDS
41990,12783745,12784309,564,CDS
41991,12783304,12783690,386,mRNA
41992,12783745,12784377,632,mRNA
41993,12783440,12783690,250,CDS
41994,12783745,12784309,564,CDS
41995,12784429,12805116,20687,gene
41996,12804355,12805116,761,mRNA
41997,12797683,12797856,173,mRNA
41998,12788541,12788628,87,mRNA
41999,12788249,12788374,125,mRNA
42000,12788016,12788089,73,mRNA
42001,12787793,12787953,160,mRNA
42002,12787597,12787733,136,mRNA
42003,12787387,12787536,149,mRNA
42004,12785871,12787028,1157,mRNA
42005,12785672,12785808,136,mRNA
42006,12785471,12785606,135,mRNA
42007,12784429,12785413,984,mRNA
42008,12804355,12805116,761,mRNA
42009,12797683,12797856,173,mRNA
42010,12788541,12788628,87,mRNA
42011,12788249,12788374,125,mRNA
42012,12788016,12788089,73,mRNA
42013,12787793,12787953,160,mRNA
42014,12787387,12787733,346,mRNA
42015,12785871,12787028,1157,mRNA
42016,12785672,12785808,136,mRNA
42017,12785471,12785606,135,mRNA
42018,12785131,12785413,282,mRNA
42019,12804355,12804444,89,CDS
42020,12797683,12797856,173,CDS
42021,12788541,12788628,87,CDS
42022,12788249,12788374,125,CDS
42023,12788016,12788089,73,CDS
42024,12787793,12787953,160,CDS
42025,12787597,12787733,136,CDS
42026,12787387,12787536,149,CDS
42027,12785871,12787028,1157,CDS
42028,12785672,12785808,136,CDS
42029,12785471,12785606,135,CDS
42030,12785337,12785413,76,CDS
42031,12804355,12804444,89,CDS
42032,12797683,12797856,173,CDS
42033,12788541,12788628,87,CDS
42034,12788249,12788374,125,CDS
42035,12788016,12788089,73,CDS
42036,12787793,12787953,160,CDS
42037,12787387,12787733,346,CDS
42038,12785871,12787028,1157,CDS
42039,12785672,12785808,136,CDS
42040,12785471,12785606,135,CDS
42041,12785337,12785413,76,CDS
42042,12790192,12796084,5892,gene
42043,12790192,12790382,190,mRNA
42044,12791435,12791633,198,mRNA
42045,12793816,12794000,184,mRNA
42046,12794062,12794315,253,mRNA
42047,12794381,12794656,275,mRNA
42048,12794797,12795088,291,mRNA
42049,12795163,12795324,161,mRNA
42050,12795458,12796084,626,mRNA
42051,12790192,12790249,57,mRNA
42052,12791435,12791633,198,mRNA
42053,12793816,12794000,184,mRNA
42054,12794062,12794315,253,mRNA
42055,12794381,12794656,275,mRNA
42056,12794797,12795088,291,mRNA
42057,12795163,12795324,161,mRNA
42058,12795458,12796084,626,mRNA
42059,12790192,12790249,57,mRNA
42060,12791435,12791633,198,mRNA
42061,12793816,12794000,184,mRNA
42062,12794062,12794315,253,mRNA
42063,12794381,12794656,275,mRNA
42064,12794797,12795085,288,mRNA
42065,12795163,12795324,161,mRNA
42066,12795458,12796084,626,mRNA
42067,12791218,12791633,415,mRNA
42068,12793816,12794000,184,mRNA
42069,12794062,12794315,253,mRNA
42070,12794381,12794656,275,mRNA
42071,12794797,12795088,291,mRNA
42072,12795163,12795324,161,mRNA
42073,12795458,12796084,626,mRNA
42074,12791581,12791633,52,CDS
42075,12793816,12794000,184,CDS
42076,12794062,12794315,253,CDS
42077,12794381,12794656,275,CDS
42078,12794797,12795088,291,CDS
42079,12795163,12795324,161,CDS
42080,12795458,12795612,154,CDS
42081,12791581,12791633,52,CDS
42082,12793816,12794000,184,CDS
42083,12794062,12794315,253,CDS
42084,12794381,12794656,275,CDS
42085,12794797,12795088,291,CDS
42086,12795163,12795324,161,CDS
42087,12795458,12795612,154,CDS
42088,12791581,12791633,52,CDS
42089,12793816,12794000,184,CDS
42090,12794062,12794315,253,CDS
42091,12794381,12794656,275,CDS
42092,12794797,12795088,291,CDS
42093,12795163,12795324,161,CDS
42094,12795458,12795612,154,CDS
42095,12791581,12791633,52,CDS
42096,12793816,12794000,184,CDS
42097,12794062,12794315,253,CDS
42098,12794381,12794656,275,CDS
42099,12794797,12795085,288,CDS
42100,12795163,12795324,161,CDS
42101,12795458,12795612,154,CDS
42102,12805902,12813036,7134,gene
42103,12805902,12806054,152,mRNA
42104,12806240,12806337,97,mRNA
42105,12806868,12807830,962,mRNA
42106,12807886,12808476,590,mRNA
42107,12810206,12810663,457,mRNA
42108,12810728,12811588,860,mRNA
42109,12811648,12811886,238,mRNA
42110,12811950,12812220,270,mRNA
42111,12812280,12812450,170,mRNA
42112,12812509,12812616,107,mRNA
42113,12812680,12813036,356,mRNA
42114,12805902,12806054,152,mRNA
42115,12806240,12806337,97,mRNA
42116,12806979,12807830,851,mRNA
42117,12807886,12808476,590,mRNA
42118,12810206,12810663,457,mRNA
42119,12810728,12811588,860,mRNA
42120,12811648,12811886,238,mRNA
42121,12811950,12812220,270,mRNA
42122,12812280,12812450,170,mRNA
42123,12812509,12812616,107,mRNA
42124,12812680,12813036,356,mRNA
42125,12805902,12806054,152,mRNA
42126,12806240,12806337,97,mRNA
42127,12807093,12807830,737,mRNA
42128,12807886,12808476,590,mRNA
42129,12810206,12810663,457,mRNA
42130,12810728,12811588,860,mRNA
42131,12811648,12811886,238,mRNA
42132,12811950,12812220,270,mRNA
42133,12812280,12812450,170,mRNA
42134,12812509,12812616,107,mRNA
42135,12812680,12813036,356,mRNA
42136,12805902,12806054,152,mRNA
42137,12806240,12806337,97,mRNA
42138,12807093,12807830,737,mRNA
42139,12807886,12808476,590,mRNA
42140,12810206,12810663,457,mRNA
42141,12810728,12811588,860,mRNA
42142,12811675,12811886,211,mRNA
42143,12811950,12812220,270,mRNA
42144,12812280,12812450,170,mRNA
42145,12812509,12812616,107,mRNA
42146,12812680,12813036,356,mRNA
42147,12805902,12806054,152,mRNA
42148,12806240,12806337,97,mRNA
42149,12807093,12807830,737,mRNA
42150,12807886,12808476,590,mRNA
42151,12810206,12810663,457,mRNA
42152,12810728,12811588,860,mRNA
42153,12811678,12811886,208,mRNA
42154,12811950,12812220,270,mRNA
42155,12812280,12812450,170,mRNA
42156,12812509,12812616,107,mRNA
42157,12812680,12813036,356,mRNA
42158,12806186,12806337,151,mRNA
42159,12806979,12807830,851,mRNA
42160,12807886,12808476,590,mRNA
42161,12810206,12810663,457,mRNA
42162,12810728,12811588,860,mRNA
42163,12811648,12811886,238,mRNA
42164,12811950,12812220,270,mRNA
42165,12812280,12812450,170,mRNA
42166,12812509,12812616,107,mRNA
42167,12812680,12813036,356,mRNA
42168,12806265,12806337,72,CDS
42169,12806868,12807830,962,CDS
42170,12807886,12808476,590,CDS
42171,12810206,12810663,457,CDS
42172,12810728,12811588,860,CDS
42173,12811648,12811886,238,CDS
42174,12811950,12812220,270,CDS
42175,12812280,12812450,170,CDS
42176,12812509,12812616,107,CDS
42177,12812680,12812829,149,CDS
42178,12806265,12806337,72,CDS
42179,12806979,12807830,851,CDS
42180,12807886,12808476,590,CDS
42181,12810206,12810663,457,CDS
42182,12810728,12811588,860,CDS
42183,12811648,12811886,238,CDS
42184,12811950,12812220,270,CDS
42185,12812280,12812450,170,CDS
42186,12812509,12812616,107,CDS
42187,12812680,12812829,149,CDS
42188,12806265,12806337,72,CDS
42189,12806979,12807830,851,CDS
42190,12807886,12808476,590,CDS
42191,12810206,12810663,457,CDS
42192,12810728,12811588,860,CDS
42193,12811648,12811886,238,CDS
42194,12811950,12812220,270,CDS
42195,12812280,12812450,170,CDS
42196,12812509,12812616,107,CDS
42197,12812680,12812829,149,CDS
42198,12806265,12806337,72,CDS
42199,12807093,12807830,737,CDS
42200,12807886,12808476,590,CDS
42201,12810206,12810663,457,CDS
42202,12810728,12811588,860,CDS
42203,12811648,12811886,238,CDS
42204,12811950,12812220,270,CDS
42205,12812280,12812450,170,CDS
42206,12812509,12812616,107,CDS
42207,12812680,12812829,149,CDS
42208,12806265,12806337,72,CDS
42209,12807093,12807830,737,CDS
42210,12807886,12808476,590,CDS
42211,12810206,12810663,457,CDS
42212,12810728,12811588,860,CDS
42213,12811675,12811886,211,CDS
42214,12811950,12812220,270,CDS
42215,12812280,12812450,170,CDS
42216,12812509,12812616,107,CDS
42217,12812680,12812829,149,CDS
42218,12806265,12806337,72,CDS
42219,12807093,12807830,737,CDS
42220,12807886,12808476,590,CDS
42221,12810206,12810663,457,CDS
42222,12810728,12811588,860,CDS
42223,12811678,12811886,208,CDS
42224,12811950,12812220,270,CDS
42225,12812280,12812450,170,CDS
42226,12812509,12812616,107,CDS
42227,12812680,12812829,149,CDS
42228,12806687,12808545,1858,gene
42229,12808518,12808545,27,ncRNA
42230,12806687,12808467,1780,ncRNA
42231,12808721,12810096,1375,gene
42232,12808721,12810096,1375,mRNA
42233,12808769,12810004,1235,CDS
42234,12813028,12814019,991,gene
42235,12813028,12814019,991,mRNA
42236,12813113,12813907,794,CDS
42237,12814254,12824650,10396,gene
42238,12814254,12814880,626,mRNA
42239,12816199,12821807,5608,mRNA
42240,12821865,12822187,322,mRNA
42241,12822245,12822555,310,mRNA
42242,12822613,12822667,54,mRNA
42243,12822726,12822916,190,mRNA
42244,12822979,12823469,490,mRNA
42245,12823528,12823684,156,mRNA
42246,12823754,12823945,191,mRNA
42247,12824004,12824650,646,mRNA
42248,12814254,12814880,626,mRNA
42249,12816199,12818525,2326,mRNA
42250,12818601,12821807,3206,mRNA
42251,12821865,12822187,322,mRNA
42252,12822245,12822555,310,mRNA
42253,12822613,12822667,54,mRNA
42254,12822726,12822916,190,mRNA
42255,12822979,12823469,490,mRNA
42256,12823528,12823684,156,mRNA
42257,12823754,12823945,191,mRNA
42258,12824004,12824650,646,mRNA
42259,12814532,12814880,348,CDS
42260,12816199,12821807,5608,CDS
42261,12821865,12822187,322,CDS
42262,12822245,12822555,310,CDS
42263,12822613,12822667,54,CDS
42264,12822726,12822916,190,CDS
42265,12822979,12823469,490,CDS
42266,12823528,12823684,156,CDS
42267,12823754,12823945,191,CDS
42268,12824004,12824518,514,CDS
42269,12814532,12814880,348,CDS
42270,12816199,12818525,2326,CDS
42271,12818601,12821807,3206,CDS
42272,12821865,12822187,322,CDS
42273,12822245,12822555,310,CDS
42274,12822613,12822667,54,CDS
42275,12822726,12822916,190,CDS
42276,12822979,12823469,490,CDS
42277,12823528,12823684,156,CDS
42278,12823754,12823945,191,CDS
42279,12824004,12824518,514,CDS
42280,12824880,12843106,18226,gene
42281,12842780,12843106,326,mRNA
42282,12835312,12835349,37,mRNA
42283,12826962,12827582,620,mRNA
42284,12826376,12826627,251,mRNA
42285,12824880,12826305,1425,mRNA
42286,12831883,12832551,668,mRNA
42287,12826962,12827582,620,mRNA
42288,12826376,12826627,251,mRNA
42289,12824880,12826305,1425,mRNA
42290,12827789,12827844,55,mRNA
42291,12826962,12827582,620,mRNA
42292,12826376,12826627,251,mRNA
42293,12824880,12826305,1425,mRNA
42294,12831883,12832062,179,CDS
42295,12826962,12827582,620,CDS
42296,12826376,12826627,251,CDS
42297,12825739,12826305,566,CDS
42298,12826962,12827558,596,CDS
42299,12826376,12826627,251,CDS
42300,12825739,12826305,566,CDS
42301,12826962,12827558,596,CDS
42302,12826376,12826627,251,CDS
42303,12825739,12826305,566,CDS
42304,12844254,12850117,5863,gene
42305,12850032,12850117,85,mRNA
42306,12849158,12849739,581,mRNA
42307,12848370,12849095,725,mRNA
42308,12845734,12845853,119,mRNA
42309,12845057,12845668,611,mRNA
42310,12844254,12844924,670,mRNA
42311,12850032,12850117,85,mRNA
42312,12849158,12849739,581,mRNA
42313,12848370,12849095,725,mRNA
42314,12847050,12847156,106,mRNA
42315,12845734,12845853,119,mRNA
42316,12845057,12845668,611,mRNA
42317,12844254,12844924,670,mRNA
42318,12849158,12849791,633,mRNA
42319,12848370,12849095,725,mRNA
42320,12847050,12847156,106,mRNA
42321,12845734,12845853,119,mRNA
42322,12845057,12845668,611,mRNA
42323,12844254,12844924,670,mRNA
42324,12850032,12850035,3,CDS
42325,12849158,12849739,581,CDS
42326,12848370,12849095,725,CDS
42327,12847050,12847156,106,CDS
42328,12845734,12845853,119,CDS
42329,12845057,12845668,611,CDS
42330,12844661,12844924,263,CDS
42331,12849158,12849722,564,CDS
42332,12848370,12849095,725,CDS
42333,12847050,12847156,106,CDS
42334,12845734,12845853,119,CDS
42335,12845057,12845668,611,CDS
42336,12844661,12844924,263,CDS
42337,12850032,12850035,3,CDS
42338,12849158,12849739,581,CDS
42339,12848370,12849095,725,CDS
42340,12845852,12845853,1,CDS
42341,12850165,12853169,3004,gene
42342,12850165,12850331,166,mRNA
42343,12850498,12850797,299,mRNA
42344,12850915,12851153,238,mRNA
42345,12851309,12851722,413,mRNA
42346,12852232,12852277,45,mRNA
42347,12852427,12852528,101,mRNA
42348,12852616,12852716,100,mRNA
42349,12852781,12853169,388,mRNA
42350,12850165,12850331,166,mRNA
42351,12850498,12850797,299,mRNA
42352,12850915,12851153,238,mRNA
42353,12851309,12851722,413,mRNA
42354,12852232,12852277,45,mRNA
42355,12852427,12852521,94,mRNA
42356,12852616,12852716,100,mRNA
42357,12852781,12853169,388,mRNA
42358,12850165,12850331,166,mRNA
42359,12850498,12850797,299,mRNA
42360,12850915,12851153,238,mRNA
42361,12851309,12851722,413,mRNA
42362,12852616,12852716,100,mRNA
42363,12852781,12853169,388,mRNA
42364,12850165,12850331,166,mRNA
42365,12850498,12850797,299,mRNA
42366,12850915,12851153,238,mRNA
42367,12852232,12852277,45,mRNA
42368,12852616,12852716,100,mRNA
42369,12852781,12853169,388,mRNA
42370,12850165,12850331,166,mRNA
42371,12850498,12850797,299,mRNA
42372,12850915,12851153,238,mRNA
42373,12852427,12852521,94,mRNA
42374,12852616,12852716,100,mRNA
42375,12852781,12853169,388,mRNA
42376,12850165,12850331,166,mRNA
42377,12850498,12850797,299,mRNA
42378,12850915,12851153,238,mRNA
42379,12851309,12851722,413,mRNA
42380,12851806,12852054,248,mRNA
42381,12850276,12850331,55,CDS
42382,12850498,12850797,299,CDS
42383,12850915,12851153,238,CDS
42384,12851309,12851722,413,CDS
42385,12852616,12852716,100,CDS
42386,12852781,12852825,44,CDS
42387,12850276,12850331,55,CDS
42388,12850498,12850797,299,CDS
42389,12850915,12851153,238,CDS
42390,12852427,12852512,85,CDS
42391,12850276,12850331,55,CDS
42392,12850498,12850797,299,CDS
42393,12850915,12851153,238,CDS
42394,12851309,12851722,413,CDS
42395,12852232,12852236,4,CDS
42396,12850276,12850331,55,CDS
42397,12850498,12850797,299,CDS
42398,12850915,12851153,238,CDS
42399,12851309,12851722,413,CDS
42400,12852232,12852236,4,CDS
42401,12850276,12850331,55,CDS
42402,12850498,12850797,299,CDS
42403,12850915,12851153,238,CDS
42404,12852232,12852236,4,CDS
42405,12850276,12850331,55,CDS
42406,12850498,12850797,299,CDS
42407,12850915,12851153,238,CDS
42408,12851309,12851722,413,CDS
42409,12851806,12851825,19,CDS
42410,12853646,12857428,3782,gene
42411,12853646,12854263,617,mRNA
42412,12854452,12855013,561,mRNA
42413,12855188,12855433,245,mRNA
42414,12855492,12857428,1936,mRNA
42415,12853646,12854263,617,mRNA
42416,12854452,12855013,561,mRNA
42417,12855191,12855433,242,mRNA
42418,12855492,12857428,1936,mRNA
42419,12853646,12854263,617,mRNA
42420,12854452,12855013,561,mRNA
42421,12855188,12855433,245,mRNA
42422,12855492,12856904,1412,mRNA
42423,12854049,12854263,214,CDS
42424,12854452,12855013,561,CDS
42425,12855188,12855433,245,CDS
42426,12855492,12856475,983,CDS
42427,12854049,12854263,214,CDS
42428,12854452,12855013,561,CDS
42429,12855188,12855433,245,CDS
42430,12855492,12856475,983,CDS
42431,12854049,12854263,214,CDS
42432,12854452,12855013,561,CDS
42433,12855191,12855433,242,CDS
42434,12855492,12856475,983,CDS
42435,12857282,12861305,4023,gene
42436,12860798,12861305,507,mRNA
42437,12858358,12860729,2371,mRNA
42438,12857282,12858293,1011,mRNA
42439,12860798,12861305,507,mRNA
42440,12857282,12860729,3447,mRNA
42441,12860798,12861284,486,CDS
42442,12858358,12860729,2371,CDS
42443,12858210,12858293,83,CDS
42444,12860798,12861284,486,CDS
42445,12858346,12860729,2383,CDS
42446,12861717,12862920,1203,gene
42447,12862812,12862920,108,mRNA
42448,12861717,12862757,1040,mRNA
42449,12861792,12862718,926,CDS
42450,12875004,12877212,2208,mobile_element
42451,12885039,12889244,4205,gene
42452,12885039,12889244,4205,mRNA
42453,12885052,12889167,4115,CDS
42454,12889352,12889638,286,gene
42455,12889352,12889638,286,ncRNA
42456,12889770,12892162,2392,gene
42457,12889770,12890284,514,mRNA
42458,12890343,12890471,128,mRNA
42459,12890540,12891105,565,mRNA
42460,12890078,12890284,206,mRNA
42461,12890343,12890471,128,mRNA
42462,12891654,12892162,508,mRNA
42463,12890078,12890284,206,mRNA
42464,12890343,12890471,128,mRNA
42465,12891142,12891527,385,mRNA
42466,12890078,12890284,206,mRNA
42467,12890343,12890471,128,mRNA
42468,12890540,12891105,565,mRNA
42469,12890224,12890284,60,CDS
42470,12890343,12890471,128,CDS
42471,12891654,12892162,508,CDS
42472,12890224,12890284,60,CDS
42473,12890343,12890471,128,CDS
42474,12891142,12891527,385,CDS
42475,12890224,12890284,60,CDS
42476,12890343,12890471,128,CDS
42477,12890540,12891057,517,CDS
42478,12890224,12890284,60,CDS
42479,12890343,12890471,128,CDS
42480,12890540,12891057,517,CDS
42481,12892658,12894758,2100,gene
42482,12892658,12892860,202,mRNA
42483,12893325,12894758,1433,mRNA
42484,12892713,12892860,147,CDS
42485,12893325,12894496,1171,CDS
42486,12901247,12902737,1490,gene
42487,12902112,12902737,625,mRNA
42488,12901247,12902027,780,mRNA
42489,12902112,12902737,625,mRNA
42490,12901247,12902047,800,mRNA
42491,12902112,12902574,462,CDS
42492,12901375,12902027,652,CDS
42493,12902112,12902574,462,CDS
42494,12902028,12902047,19,CDS
42495,12902925,12903711,786,gene
42496,12902925,12903711,786,mRNA
42497,12903025,12903672,647,CDS
42498,12912027,12913646,1619,gene
42499,12913056,12913646,590,mRNA
42500,12912027,12912995,968,mRNA
42501,12913056,12913527,471,CDS
42502,12912040,12912995,955,CDS
42503,12919336,12924506,5170,mobile_element
42504,12929767,12929892,125,mobile_element
42505,12952686,12954647,1961,gene
42506,12953863,12954647,784,mRNA
42507,12952686,12953674,988,mRNA
42508,12953863,12954537,674,CDS
42509,12952730,12953674,944,CDS
42510,12953753,12953811,58,mobile_element
42511,12957842,12962265,4423,mobile_element
42512,12964360,12967733,3373,gene
42513,12966759,12967733,974,mRNA
42514,12964474,12964629,155,mRNA
42515,12964360,12964410,50,mRNA
42516,12966759,12967733,974,CDS
42517,12964474,12964629,155,CDS
42518,12964360,12964410,50,CDS
42519,12964765,12965739,974,mRNA
42520,12964474,12964629,155,mRNA
42521,12964360,12964410,50,mRNA
42522,12964765,12965739,974,CDS
42523,12964474,12964629,155,CDS
42524,12964360,12964410,50,CDS
42525,12971214,12972359,1145,gene
42526,12971214,12972359,1145,mRNA
42527,12971282,12972331,1049,CDS
42528,12972474,12973650,1176,gene
42529,12972474,12973650,1176,mRNA
42530,12972526,12973569,1043,CDS
42531,12995135,12997418,2283,gene
42532,12995135,12997418,2283,mRNA
42533,12995184,12997292,2108,CDS
42534,13006498,13006640,142,mobile_element
42535,13006817,13007881,1064,gene
42536,13006817,13007881,1064,mRNA
42537,13006817,13006852,35,mRNA
42538,13006901,13007881,980,mRNA
42539,13006912,13007709,797,CDS
42540,13006912,13007709,797,CDS
42541,13008285,13009450,1165,gene
42542,13008285,13008567,282,mRNA
42543,13008623,13008877,254,mRNA
42544,13008936,13009450,514,mRNA
42545,13008285,13008567,282,mRNA
42546,13008623,13008873,250,mRNA
42547,13008936,13009450,514,mRNA
42548,13008628,13008873,245,CDS
42549,13008936,13009187,251,CDS
42550,13008628,13008877,249,CDS
42551,13008936,13008970,34,CDS
42552,13009399,13011685,2286,gene
42553,13009932,13011685,1753,mRNA
42554,13009399,13009859,460,mRNA
42555,13009932,13011569,1637,CDS
42556,13009485,13009859,374,CDS
42557,13011976,13015332,3356,gene
42558,13011976,13015332,3356,mRNA
42559,13012105,13015137,3032,CDS
42560,13016050,13016903,853,gene
42561,13016050,13016164,114,mRNA
42562,13016357,13016518,161,mRNA
42563,13016587,13016903,316,mRNA
42564,13016162,13016164,2,CDS
42565,13016357,13016518,161,CDS
42566,13016587,13016733,146,CDS
42567,13017149,13017867,718,gene
42568,13017676,13017867,191,mRNA
42569,13017404,13017612,208,mRNA
42570,13017149,13017349,200,mRNA
42571,13017676,13017762,86,CDS
42572,13017404,13017612,208,CDS
42573,13017193,13017349,156,CDS
42574,13018266,13019687,1421,gene
42575,13018266,13018620,354,mRNA
42576,13018688,13019059,371,mRNA
42577,13019188,13019687,499,mRNA
42578,13018266,13018620,354,mRNA
42579,13018688,13019059,371,mRNA
42580,13019188,13019581,393,mRNA
42581,13018315,13019110,795,gene
42582,13018315,13019110,795,ncRNA
42583,13018381,13018620,239,CDS
42584,13018688,13019059,371,CDS
42585,13019188,13019475,287,CDS
42586,13018381,13018620,239,CDS
42587,13018688,13019059,371,CDS
42588,13019188,13019475,287,CDS
42589,13019715,13022688,2973,gene
42590,13022438,13022688,250,mRNA
42591,13021074,13021557,483,mRNA
42592,13019715,13020826,1111,mRNA
42593,13022438,13022688,250,mRNA
42594,13021074,13021557,483,mRNA
42595,13019982,13020826,844,mRNA
42596,13021628,13021685,57,mRNA
42597,13021074,13021557,483,mRNA
42598,13019982,13020826,844,mRNA
42599,13022438,13022454,16,CDS
42600,13021074,13021557,483,CDS
42601,13020290,13020826,536,CDS
42602,13022438,13022454,16,CDS
42603,13021074,13021557,483,CDS
42604,13020290,13020826,536,CDS
42605,13021628,13021644,16,CDS
42606,13021074,13021557,483,CDS
42607,13020290,13020826,536,CDS
42608,13023352,13024762,1410,gene
42609,13023352,13023393,41,mRNA
42610,13023483,13023525,42,mRNA
42611,13023732,13023866,134,mRNA
42612,13024370,13024762,392,mRNA
42613,13023509,13023525,16,CDS
42614,13023732,13023866,134,CDS
42615,13024370,13024637,267,CDS
42616,13023580,13023652,72,gene
42617,13023580,13023652,72,ncRNA
42618,13024226,13024298,72,gene
42619,13024226,13024298,72,ncRNA
42620,13024763,13026437,1674,gene
42621,13025689,13026437,748,mRNA
42622,13025440,13025629,189,mRNA
42623,13024938,13025377,439,mRNA
42624,13024763,13024880,117,mRNA
42625,13025689,13026359,670,CDS
42626,13025440,13025629,189,CDS
42627,13024938,13025377,439,CDS
42628,13024826,13024880,54,CDS
42629,13028551,13029028,477,gene
42630,13028551,13029028,477,ncRNA
42631,13028962,13036504,7542,gene
42632,13028962,13029327,365,mRNA
42633,13035032,13035219,187,mRNA
42634,13035295,13035452,157,mRNA
42635,13035585,13035768,183,mRNA
42636,13035918,13036504,586,mRNA
42637,13029292,13029327,35,CDS
42638,13035032,13035219,187,CDS
42639,13035295,13035452,157,CDS
42640,13035585,13035768,183,CDS
42641,13035918,13036101,183,CDS
42642,13032396,13033070,674,gene
42643,13032914,13033070,156,ncRNA
42644,13032396,13032663,267,ncRNA
42645,13036821,13040976,4155,gene
42646,13036821,13037264,443,mRNA
42647,13037424,13038658,1234,mRNA
42648,13038729,13039339,610,mRNA
42649,13039405,13040976,1571,mRNA
42650,13037253,13037264,11,CDS
42651,13037424,13038658,1234,CDS
42652,13038729,13039339,610,CDS
42653,13039405,13040411,1006,CDS
42654,13041756,13044234,2478,gene
42655,13041756,13041837,81,mRNA
42656,13041982,13042014,32,mRNA
42657,13042110,13042368,258,mRNA
42658,13042442,13042539,97,mRNA
42659,13043166,13043337,171,mRNA
42660,13043574,13044234,660,mRNA
42661,13041756,13041837,81,mRNA
42662,13041982,13042014,32,mRNA
42663,13042110,13042368,258,mRNA
42664,13042442,13042539,97,mRNA
42665,13043166,13043337,171,mRNA
42666,13043574,13043905,331,mRNA
42667,13041801,13042014,213,mRNA
42668,13042110,13042368,258,mRNA
42669,13042442,13042539,97,mRNA
42670,13043166,13043337,171,mRNA
42671,13043574,13043905,331,mRNA
42672,13042012,13042014,2,CDS
42673,13042110,13042368,258,CDS
42674,13042442,13042539,97,CDS
42675,13043166,13043337,171,CDS
42676,13043574,13043827,253,CDS
42677,13042012,13042014,2,CDS
42678,13042110,13042368,258,CDS
42679,13042442,13042539,97,CDS
42680,13043166,13043337,171,CDS
42681,13043574,13043827,253,CDS
42682,13042012,13042014,2,CDS
42683,13042110,13042368,258,CDS
42684,13042442,13042539,97,CDS
42685,13043166,13043337,171,CDS
42686,13043574,13043827,253,CDS
42687,13042767,13042906,139,gene
42688,13042767,13042906,139,ncRNA
42689,13042944,13043083,139,gene
42690,13042944,13043083,139,ncRNA
42691,13043371,13043510,139,gene
42692,13043371,13043510,139,ncRNA
42693,13044434,13046894,2460,gene
42694,13044434,13044565,131,mRNA
42695,13044918,13045595,677,mRNA
42696,13046217,13046894,677,mRNA
42697,13044638,13044849,211,mRNA
42698,13044918,13045595,677,mRNA
42699,13046217,13046894,677,mRNA
42700,13044920,13045595,675,CDS
42701,13046217,13046395,178,CDS
42702,13044920,13045595,675,CDS
42703,13046217,13046395,178,CDS
42704,13046977,13048919,1942,gene
42705,13046977,13047171,194,mRNA
42706,13047235,13048919,1684,mRNA
42707,13046977,13047171,194,mRNA
42708,13047235,13047966,731,mRNA
42709,13047011,13047171,160,mRNA
42710,13047235,13047525,290,mRNA
42711,13047081,13047171,90,CDS
42712,13047235,13047452,217,CDS
42713,13047081,13047171,90,CDS
42714,13047235,13047452,217,CDS
42715,13047081,13047171,90,CDS
42716,13047235,13047452,217,CDS
42717,13060400,13061422,1022,gene
42718,13061293,13061422,129,mRNA
42719,13061115,13061234,119,mRNA
42720,13060754,13061043,289,mRNA
42721,13060400,13060669,269,mRNA
42722,13061293,13061394,101,CDS
42723,13061115,13061234,119,CDS
42724,13060754,13061043,289,CDS
42725,13060522,13060669,147,CDS
42726,13061759,13062715,956,gene
42727,13061759,13061974,215,mRNA
42728,13062036,13062460,424,mRNA
42729,13062516,13062715,199,mRNA
42730,13061828,13061974,146,CDS
42731,13062036,13062460,424,CDS
42732,13062516,13062687,171,CDS
42733,13063046,13063929,883,gene
42734,13063046,13063210,164,mRNA
42735,13063293,13063696,403,mRNA
42736,13063749,13063929,180,mRNA
42737,13063046,13063210,164,CDS
42738,13063293,13063696,403,CDS
42739,13063749,13063929,180,CDS
42740,13081299,13082652,1353,gene
42741,13081299,13082652,1353,ncRNA
42742,13086387,13087289,902,gene
42743,13087151,13087289,138,mRNA
42744,13086744,13087072,328,mRNA
42745,13086387,13086617,230,mRNA
42746,13087151,13087166,15,CDS
42747,13086744,13087072,328,CDS
42748,13086504,13086617,113,CDS
42749,13087491,13088588,1097,gene
42750,13087491,13088588,1097,ncRNA
42751,13088581,13089969,1388,gene
42752,13088581,13089969,1388,mRNA
42753,13088812,13089828,1016,CDS
42754,13101499,13101950,451,gene
42755,13101499,13101950,451,ncRNA
42756,13114271,13118077,3806,gene
42757,13114271,13114746,475,mRNA
42758,13115189,13118077,2888,mRNA
42759,13114271,13114746,475,mRNA
42760,13115189,13118077,2888,mRNA
42761,13115298,13117553,2255,CDS
42762,13115298,13117511,2213,CDS
42763,13136269,13137066,797,gene
42764,13136269,13136403,134,mRNA
42765,13136461,13136693,232,mRNA
42766,13136745,13136855,110,mRNA
42767,13136919,13137066,147,mRNA
42768,13136269,13136403,134,CDS
42769,13136461,13136693,232,CDS
42770,13136745,13136855,110,CDS
42771,13136919,13137066,147,CDS
42772,13174478,13176781,2303,gene
42773,13174478,13176001,1523,mRNA
42774,13176074,13176781,707,mRNA
42775,13174478,13176001,1523,CDS
42776,13176074,13176697,623,CDS
42777,13200636,13200701,65,mobile_element
42778,13208543,13208958,415,gene
42779,13208543,13208958,415,ncRNA
42780,13211214,13211285,71,gene
42781,13211214,13211285,71,tRNA
42782,13211551,13211622,71,gene
42783,13211551,13211622,71,tRNA
42784,13212365,13212436,71,gene
42785,13212365,13212436,71,tRNA
42786,13214109,13214233,124,gene
42787,13214109,13214146,37,tRNA
42788,13214189,13214233,44,tRNA
42789,13215267,13215699,432,gene
42790,13215267,13215699,432,ncRNA
42791,13216103,13217527,1424,gene
42792,13216103,13216507,404,ncRNA
42793,13216612,13217527,915,ncRNA
42794,13218203,13218864,661,gene
42795,13218203,13218864,661,ncRNA
42796,13228692,13279642,50950,gene
42797,13228692,13229140,448,mRNA
42798,13238675,13238714,39,mRNA
42799,13251154,13251211,57,mRNA
42800,13265180,13265392,212,mRNA
42801,13275562,13279642,4080,mRNA
42802,13228692,13229140,448,mRNA
42803,13238675,13238714,39,mRNA
42804,13251154,13251211,57,mRNA
42805,13265180,13265392,212,mRNA
42806,13275562,13279642,4080,mRNA
42807,13228692,13229140,448,mRNA
42808,13238675,13238714,39,mRNA
42809,13251154,13251211,57,mRNA
42810,13265180,13265392,212,mRNA
42811,13275562,13279642,4080,mRNA
42812,13228692,13229140,448,mRNA
42813,13238675,13238714,39,mRNA
42814,13251154,13251211,57,mRNA
42815,13275562,13279642,4080,mRNA
42816,13246864,13248702,1838,gene
42817,13247992,13248702,710,mRNA
42818,13246864,13247937,1073,mRNA
42819,13247992,13248632,640,CDS
42820,13247124,13247937,813,CDS
42821,13249547,13249618,71,gene
42822,13249547,13249618,71,tRNA
42823,13275689,13278124,2435,CDS
42824,13275689,13278031,2342,CDS
42825,13275689,13277311,1622,CDS
42826,13275689,13277311,1622,CDS
42827,13279776,13279828,52,gene
42828,13279776,13279828,52,tRNA
42829,13282393,13283410,1017,gene
42830,13282393,13282854,461,ncRNA
42831,13282913,13283410,497,ncRNA
42832,13282393,13282854,461,ncRNA
42833,13282916,13283410,494,ncRNA
42834,13283663,13284496,833,gene
42835,13284296,13284496,200,ncRNA
42836,13283663,13283962,299,ncRNA
42837,13284049,13284496,447,ncRNA
42838,13283663,13283962,299,ncRNA
42839,13285265,13285835,570,gene
42840,13285265,13285835,570,ncRNA
42841,13286388,13287186,798,gene
42842,13286388,13287186,798,ncRNA
42843,13287769,13291770,4001,gene
42844,13291642,13291770,128,ncRNA
42845,13287769,13291586,3817,ncRNA
42846,13291642,13291770,128,ncRNA
42847,13290594,13291586,992,ncRNA
42848,13291642,13291770,128,ncRNA
42849,13291200,13291586,386,ncRNA
42850,13296530,13296860,330,gene
42851,13296530,13296860,330,mRNA
42852,13296656,13296860,204,mRNA
42853,13296689,13296856,167,CDS
42854,13296689,13296856,167,CDS
42855,13297004,13297570,566,gene
42856,13297004,13297570,566,ncRNA
42857,13297649,13297944,295,gene
42858,13297649,13297944,295,ncRNA
42859,13298211,13298719,508,gene
42860,13298211,13298719,508,ncRNA
42861,13298797,13299023,226,gene
42862,13298797,13299023,226,mRNA
42863,13298843,13299023,180,mRNA
42864,13298871,13299020,149,CDS
42865,13298871,13299020,149,CDS
42866,13299841,13300152,311,gene
42867,13299986,13300152,166,mRNA
42868,13299841,13299929,88,mRNA
42869,13299982,13300152,170,mRNA
42870,13299841,13299929,88,mRNA
42871,13300017,13300151,134,CDS
42872,13300017,13300151,134,CDS
42873,13301635,13301922,287,gene
42874,13301635,13301752,117,mRNA
42875,13301818,13301922,104,mRNA
42876,13301638,13301752,114,CDS
42877,13301818,13301870,52,CDS
42878,13302409,13302810,401,gene
42879,13302409,13302810,401,ncRNA
42880,13302741,13303151,410,gene
42881,13302741,13303151,410,ncRNA
42882,13303371,13303946,575,gene
42883,13303371,13303946,575,ncRNA
42884,13324274,13324959,685,gene
42885,13324274,13324959,685,ncRNA
42886,13329135,13329699,564,gene
42887,13329135,13329235,100,mRNA
42888,13329288,13329699,411,mRNA
42889,13329218,13329235,17,CDS
42890,13329288,13329518,230,CDS
42891,13343550,13344250,700,gene
42892,13344158,13344250,92,ncRNA
42893,13343550,13343972,422,ncRNA
42894,13349165,13354940,5775,gene
42895,13349165,13349174,9,mRNA
42896,13349230,13349495,265,mRNA
42897,13349548,13350101,553,mRNA
42898,13350215,13351257,1042,mRNA
42899,13351317,13352757,1440,mRNA
42900,13352809,13353450,641,mRNA
42901,13353645,13353788,143,mRNA
42902,13353848,13354125,277,mRNA
42903,13354186,13354347,161,mRNA
42904,13354669,13354940,271,mRNA
42905,13349306,13349495,189,CDS
42906,13349548,13350101,553,CDS
42907,13350215,13351257,1042,CDS
42908,13351317,13352757,1440,CDS
42909,13352809,13353450,641,CDS
42910,13353645,13353788,143,CDS
42911,13353848,13354125,277,CDS
42912,13354186,13354347,161,CDS
42913,13354669,13354849,180,CDS
42914,13356376,13357223,847,gene
42915,13356376,13356643,267,mRNA
42916,13356727,13356852,125,mRNA
42917,13357008,13357223,215,mRNA
42918,13356534,13356643,109,mRNA
42919,13356727,13356852,125,mRNA
42920,13357008,13357223,215,mRNA
42921,13356534,13356643,109,mRNA
42922,13356727,13356852,125,mRNA
42923,13357008,13357223,215,mRNA
42924,13356599,13356643,44,CDS
42925,13356727,13356852,125,CDS
42926,13357008,13357196,188,CDS
42927,13356599,13356643,44,CDS
42928,13356727,13356852,125,CDS
42929,13357008,13357097,89,CDS
42930,13356599,13356643,44,CDS
42931,13356727,13356852,125,CDS
42932,13357008,13357097,89,CDS
42933,13377957,13380380,2423,gene
42934,13377957,13378017,60,mRNA
42935,13379272,13379615,343,mRNA
42936,13379994,13380380,386,mRNA
42937,13377987,13378017,30,CDS
42938,13379272,13379615,343,CDS
42939,13379994,13380380,386,CDS
42940,13378583,13379190,607,gene
42941,13378583,13379190,607,mRNA
42942,13378622,13379062,440,CDS
42943,13379142,13379654,512,gene
42944,13379142,13379654,512,ncRNA
42945,13380359,13381346,987,gene
42946,13381249,13381346,97,mRNA
42947,13380359,13381185,826,mRNA
42948,13381249,13381276,27,CDS
42949,13380479,13381185,706,CDS
42950,13382765,13383999,1234,gene
42951,13382765,13382835,70,mRNA
42952,13382911,13383999,1088,mRNA
42953,13382765,13382835,70,mRNA
42954,13382914,13383999,1085,mRNA
42955,13382770,13383999,1229,mRNA
42956,13382805,13383905,1100,CDS
42957,13382805,13382835,30,CDS
42958,13382911,13383905,994,CDS
42959,13382805,13382835,30,CDS
42960,13382914,13383905,991,CDS
42961,13384789,13385925,1136,gene
42962,13384789,13384874,85,mRNA
42963,13384927,13385925,998,mRNA
42964,13384811,13384874,63,CDS
42965,13384927,13385909,982,CDS
42966,13385946,13387907,1961,gene
42967,13387666,13387907,241,mRNA
42968,13386601,13387610,1009,mRNA
42969,13385946,13386538,592,mRNA
42970,13387666,13387833,167,mRNA
42971,13386601,13387598,997,mRNA
42972,13386094,13386538,444,mRNA
42973,13387666,13387774,108,CDS
42974,13386715,13387598,883,CDS
42975,13387666,13387774,108,CDS
42976,13386715,13387610,895,CDS
42977,13388299,13390006,1707,gene
42978,13388994,13390006,1012,mRNA
42979,13388723,13388926,203,mRNA
42980,13388299,13388578,279,mRNA
42981,13388994,13390006,1012,mRNA
42982,13388299,13388926,627,mRNA
42983,13388994,13389872,878,CDS
42984,13388723,13388926,203,CDS
42985,13388450,13388578,128,CDS
42986,13388994,13389872,878,CDS
42987,13388630,13388926,296,CDS
42988,13396228,13401125,4897,gene
42989,13400748,13401125,377,mRNA
42990,13399385,13400466,1081,mRNA
42991,13397304,13397454,150,mRNA
42992,13396228,13397067,839,mRNA
42993,13400748,13400907,159,CDS
42994,13399385,13400466,1081,CDS
42995,13397304,13397454,150,CDS
42996,13396835,13397067,232,CDS
42997,13411122,13412453,1331,gene
42998,13411122,13412453,1331,mRNA
42999,13411380,13412453,1073,mRNA
43000,13411529,13412452,923,CDS
43001,13411529,13412452,923,CDS
43002,13412843,13416453,3610,gene
43003,13412843,13412975,132,mRNA
43004,13413317,13413438,121,mRNA
43005,13414058,13414148,90,mRNA
43006,13414337,13414600,263,mRNA
43007,13414666,13415720,1054,mRNA
43008,13415777,13415927,150,mRNA
43009,13415995,13416453,458,mRNA
43010,13412942,13412975,33,CDS
43011,13413317,13413438,121,CDS
43012,13414058,13414148,90,CDS
43013,13414337,13414600,263,CDS
43014,13414666,13415720,1054,CDS
43015,13415777,13415927,150,CDS
43016,13415995,13416104,109,CDS
43017,13413006,13413073,67,mRNA
43018,13413317,13413438,121,mRNA
43019,13414058,13414148,90,mRNA
43020,13414337,13414600,263,mRNA
43021,13414666,13415720,1054,mRNA
43022,13415777,13415927,150,mRNA
43023,13415995,13416453,458,mRNA
43024,13413052,13413073,21,CDS
43025,13413317,13413438,121,CDS
43026,13414058,13414148,90,CDS
43027,13414337,13414600,263,CDS
43028,13414666,13415720,1054,CDS
43029,13415777,13415927,150,CDS
43030,13415995,13416104,109,CDS
43031,13416576,13422336,5760,gene
43032,13422322,13422336,14,mRNA
43033,13419981,13420125,144,mRNA
43034,13419087,13419410,323,mRNA
43035,13417929,13418983,1054,mRNA
43036,13416576,13417856,1280,mRNA
43037,13419981,13420094,113,CDS
43038,13419087,13419410,323,CDS
43039,13417929,13418983,1054,CDS
43040,13417403,13417856,453,CDS
43041,13423320,13424168,848,gene
43042,13423320,13424168,848,mRNA
43043,13423485,13424168,683,CDS
43044,13424571,13425671,1100,gene
43045,13424571,13425671,1100,mRNA
43046,13424579,13425592,1013,CDS
43047,13425891,13426673,782,gene
43048,13426327,13426673,346,mRNA
43049,13426089,13426264,175,mRNA
43050,13425891,13426033,142,mRNA
43051,13426327,13426636,309,CDS
43052,13426089,13426264,175,CDS
43053,13425962,13426033,71,CDS
43054,13428350,13428467,117,mobile_element
43055,13428839,13435229,6390,gene
43056,13434742,13435229,487,mRNA
43057,13430279,13430963,684,mRNA
43058,13428839,13430199,1360,mRNA
43059,13430279,13430937,658,CDS
43060,13429431,13430199,768,CDS
43061,13433048,13433120,72,gene
43062,13433048,13433120,72,tRNA
43063,13433646,13433718,72,gene
43064,13433646,13433718,72,tRNA
43065,13435680,13437136,1456,gene
43066,13437096,13437136,40,mRNA
43067,13436792,13437031,239,mRNA
43068,13436221,13436705,484,mRNA
43069,13435680,13436078,398,mRNA
43070,13437096,13437136,40,mRNA
43071,13436792,13437031,239,mRNA
43072,13436221,13436705,484,mRNA
43073,13435822,13436078,256,mRNA
43074,13437096,13437096,0,CDS
43075,13436792,13437031,239,CDS
43076,13436221,13436705,484,CDS
43077,13435854,13436078,224,CDS
43078,13437096,13437096,0,CDS
43079,13436792,13437031,239,CDS
43080,13436221,13436705,484,CDS
43081,13435854,13436078,224,CDS
43082,13437954,13439009,1055,gene
43083,13437954,13437986,32,mRNA
43084,13438045,13438191,146,mRNA
43085,13438250,13438686,436,mRNA
43086,13438751,13439009,258,mRNA
43087,13437986,13437986,0,CDS
43088,13438045,13438191,146,CDS
43089,13438250,13438686,436,CDS
43090,13438751,13438975,224,CDS
43091,13439317,13440470,1153,gene
43092,13440426,13440470,44,mRNA
43093,13440150,13440371,221,mRNA
43094,13439644,13440080,436,mRNA
43095,13439317,13439581,264,mRNA
43096,13440426,13440435,9,CDS
43097,13440150,13440371,221,CDS
43098,13439644,13440080,436,CDS
43099,13439357,13439581,224,CDS
43100,13440910,13442420,1510,gene
43101,13440910,13440980,70,mRNA
43102,13441215,13441279,64,mRNA
43103,13441627,13442420,793,mRNA
43104,13441197,13441279,82,mRNA
43105,13441627,13442420,793,mRNA
43106,13441226,13441279,53,CDS
43107,13441627,13442304,677,CDS
43108,13441226,13441279,53,CDS
43109,13441627,13442304,677,CDS
43110,13442594,13449245,6651,gene
43111,13442594,13442988,394,mRNA
43112,13443300,13443456,156,mRNA
43113,13443689,13444086,397,mRNA
43114,13444213,13444305,92,mRNA
43115,13444368,13445898,1530,mRNA
43116,13446012,13446280,268,mRNA
43117,13446342,13446883,541,mRNA
43118,13447274,13448384,1110,mRNA
43119,13448443,13449245,802,mRNA
43120,13442594,13442988,394,mRNA
43121,13443300,13443456,156,mRNA
43122,13443689,13444086,397,mRNA
43123,13444213,13444305,92,mRNA
43124,13444368,13445639,1271,mRNA
43125,13445736,13445898,162,mRNA
43126,13446009,13446280,271,mRNA
43127,13446342,13446883,541,mRNA
43128,13447274,13448384,1110,mRNA
43129,13448443,13449245,802,mRNA
43130,13442594,13442988,394,mRNA
43131,13443300,13443456,156,mRNA
43132,13443689,13444086,397,mRNA
43133,13444213,13444305,92,mRNA
43134,13444368,13445639,1271,mRNA
43135,13445739,13445898,159,mRNA
43136,13446012,13446280,268,mRNA
43137,13446342,13446883,541,mRNA
43138,13447274,13448384,1110,mRNA
43139,13448443,13449245,802,mRNA
43140,13442719,13442988,269,CDS
43141,13443300,13443456,156,CDS
43142,13443689,13444086,397,CDS
43143,13444213,13444305,92,CDS
43144,13444368,13445898,1530,CDS
43145,13446012,13446280,268,CDS
43146,13446342,13446883,541,CDS
43147,13447274,13448384,1110,CDS
43148,13448443,13449045,602,CDS
43149,13442719,13442988,269,CDS
43150,13443300,13443456,156,CDS
43151,13443689,13444086,397,CDS
43152,13444213,13444305,92,CDS
43153,13444368,13445639,1271,CDS
43154,13445736,13445898,162,CDS
43155,13446009,13446280,271,CDS
43156,13446342,13446883,541,CDS
43157,13447274,13448384,1110,CDS
43158,13448443,13449045,602,CDS
43159,13442719,13442988,269,CDS
43160,13443300,13443456,156,CDS
43161,13443689,13444086,397,CDS
43162,13444213,13444305,92,CDS
43163,13444368,13445639,1271,CDS
43164,13445739,13445898,159,CDS
43165,13446012,13446280,268,CDS
43166,13446342,13446883,541,CDS
43167,13447274,13448384,1110,CDS
43168,13448443,13449045,602,CDS
43169,13443119,13443456,337,mRNA
43170,13443689,13444086,397,mRNA
43171,13444213,13444305,92,mRNA
43172,13444368,13445898,1530,mRNA
43173,13446012,13446280,268,mRNA
43174,13446342,13446961,619,mRNA
43175,13444222,13444305,83,CDS
43176,13444368,13445898,1530,CDS
43177,13446012,13446280,268,CDS
43178,13446342,13446887,545,CDS
43179,13449187,13450283,1096,gene
43180,13449187,13450283,1096,mRNA
43181,13449309,13450259,950,CDS
43182,13450770,13465539,14769,gene
43183,13450770,13451574,804,mRNA
43184,13459973,13460685,712,mRNA
43185,13460742,13461051,309,mRNA
43186,13461111,13461361,250,mRNA
43187,13461493,13461564,71,mRNA
43188,13461639,13461784,145,mRNA
43189,13461853,13462018,165,mRNA
43190,13462102,13462107,5,mRNA
43191,13462203,13462293,90,mRNA
43192,13462358,13462545,187,mRNA
43193,13462865,13463083,218,mRNA
43194,13463142,13463246,104,mRNA
43195,13463309,13463380,71,mRNA
43196,13463445,13463619,174,mRNA
43197,13463679,13464999,1320,mRNA
43198,13465059,13465539,480,mRNA
43199,13450770,13451574,804,mRNA
43200,13459973,13460685,712,mRNA
43201,13460742,13461051,309,mRNA
43202,13461111,13461361,250,mRNA
43203,13461493,13461564,71,mRNA
43204,13461639,13461784,145,mRNA
43205,13461853,13462018,165,mRNA
43206,13462102,13462107,5,mRNA
43207,13462203,13462293,90,mRNA
43208,13462358,13462545,187,mRNA
43209,13462904,13463083,179,mRNA
43210,13463142,13463246,104,mRNA
43211,13463309,13463380,71,mRNA
43212,13463445,13463619,174,mRNA
43213,13463679,13464999,1320,mRNA
43214,13465059,13465539,480,mRNA
43215,13450770,13451574,804,mRNA
43216,13459973,13460685,712,mRNA
43217,13460742,13461051,309,mRNA
43218,13461111,13461361,250,mRNA
43219,13461493,13461564,71,mRNA
43220,13461639,13461784,145,mRNA
43221,13461853,13462018,165,mRNA
43222,13462203,13462293,90,mRNA
43223,13462358,13462545,187,mRNA
43224,13462865,13463083,218,mRNA
43225,13463142,13463246,104,mRNA
43226,13463309,13463380,71,mRNA
43227,13463445,13463619,174,mRNA
43228,13463679,13464999,1320,mRNA
43229,13465059,13465539,480,mRNA
43230,13450770,13451574,804,mRNA
43231,13459973,13460685,712,mRNA
43232,13460742,13461051,309,mRNA
43233,13461111,13461361,250,mRNA
43234,13461493,13461564,71,mRNA
43235,13461639,13461784,145,mRNA
43236,13461853,13462018,165,mRNA
43237,13462203,13462293,90,mRNA
43238,13462358,13462545,187,mRNA
43239,13462904,13463083,179,mRNA
43240,13463142,13463246,104,mRNA
43241,13463309,13463380,71,mRNA
43242,13463445,13463619,174,mRNA
43243,13463679,13464999,1320,mRNA
43244,13465059,13465539,480,mRNA
43245,13456208,13457238,1030,gene
43246,13457187,13457238,51,mRNA
43247,13457010,13457127,117,mRNA
43248,13456208,13456955,747,mRNA
43249,13457187,13457238,51,CDS
43250,13457010,13457127,117,CDS
43251,13456256,13456955,699,CDS
43252,13460263,13460685,422,CDS
43253,13460742,13461051,309,CDS
43254,13461111,13461361,250,CDS
43255,13461493,13461564,71,CDS
43256,13461639,13461784,145,CDS
43257,13461853,13462018,165,CDS
43258,13462102,13462107,5,CDS
43259,13462203,13462293,90,CDS
43260,13462358,13462545,187,CDS
43261,13462865,13463083,218,CDS
43262,13463142,13463246,104,CDS
43263,13463309,13463380,71,CDS
43264,13463445,13463619,174,CDS
43265,13463679,13464999,1320,CDS
43266,13465059,13465266,207,CDS
43267,13460263,13460685,422,CDS
43268,13460742,13461051,309,CDS
43269,13461111,13461361,250,CDS
43270,13461493,13461564,71,CDS
43271,13461639,13461784,145,CDS
43272,13461853,13462018,165,CDS
43273,13462102,13462107,5,CDS
43274,13462203,13462293,90,CDS
43275,13462358,13462545,187,CDS
43276,13462904,13463083,179,CDS
43277,13463142,13463246,104,CDS
43278,13463309,13463380,71,CDS
43279,13463445,13463619,174,CDS
43280,13463679,13464999,1320,CDS
43281,13465059,13465266,207,CDS
43282,13460263,13460685,422,CDS
43283,13460742,13461051,309,CDS
43284,13461111,13461361,250,CDS
43285,13461493,13461564,71,CDS
43286,13461639,13461784,145,CDS
43287,13461853,13462018,165,CDS
43288,13462203,13462293,90,CDS
43289,13462358,13462545,187,CDS
43290,13462865,13463083,218,CDS
43291,13463142,13463246,104,CDS
43292,13463309,13463380,71,CDS
43293,13463445,13463619,174,CDS
43294,13463679,13464999,1320,CDS
43295,13465059,13465266,207,CDS
43296,13460263,13460685,422,CDS
43297,13460742,13461051,309,CDS
43298,13461111,13461361,250,CDS
43299,13461493,13461564,71,CDS
43300,13461639,13461784,145,CDS
43301,13461853,13462018,165,CDS
43302,13462203,13462293,90,CDS
43303,13462358,13462545,187,CDS
43304,13462904,13463083,179,CDS
43305,13463142,13463246,104,CDS
43306,13463309,13463380,71,CDS
43307,13463445,13463619,174,CDS
43308,13463679,13464999,1320,CDS
43309,13465059,13465266,207,CDS
43310,13465552,13474787,9235,gene
43311,13474297,13474787,490,mRNA
43312,13469777,13469862,85,mRNA
43313,13469136,13469212,76,mRNA
43314,13468953,13469069,116,mRNA
43315,13468444,13468894,450,mRNA
43316,13467344,13467871,527,mRNA
43317,13466944,13467139,195,mRNA
43318,13465552,13466888,1336,mRNA
43319,13474297,13474787,490,mRNA
43320,13469777,13469862,85,mRNA
43321,13468953,13469069,116,mRNA
43322,13468444,13468894,450,mRNA
43323,13467344,13467871,527,mRNA
43324,13466944,13467139,195,mRNA
43325,13466469,13466888,419,mRNA
43326,13474297,13474543,246,mRNA
43327,13469777,13469862,85,mRNA
43328,13468953,13469069,116,mRNA
43329,13468444,13468894,450,mRNA
43330,13467344,13467871,527,mRNA
43331,13466944,13467139,195,mRNA
43332,13466469,13466888,419,mRNA
43333,13469777,13469797,20,CDS
43334,13468953,13469069,116,CDS
43335,13468444,13468894,450,CDS
43336,13467344,13467871,527,CDS
43337,13466944,13467139,195,CDS
43338,13466858,13466888,30,CDS
43339,13469777,13469797,20,CDS
43340,13468953,13469069,116,CDS
43341,13468444,13468894,450,CDS
43342,13467344,13467871,527,CDS
43343,13466944,13467139,195,CDS
43344,13466858,13466888,30,CDS
43345,13469136,13469156,20,CDS
43346,13468953,13469069,116,CDS
43347,13468444,13468894,450,CDS
43348,13467344,13467871,527,CDS
43349,13466944,13467139,195,CDS
43350,13466858,13466888,30,CDS
43351,13474348,13474787,439,mRNA
43352,13469777,13469862,85,mRNA
43353,13468953,13469069,116,mRNA
43354,13468020,13468894,874,mRNA
43355,13474297,13474787,490,mRNA
43356,13469777,13469862,85,mRNA
43357,13468953,13469069,116,mRNA
43358,13468020,13468894,874,mRNA
43359,13469136,13469213,77,mRNA
43360,13468953,13469069,116,mRNA
43361,13468020,13468894,874,mRNA
43362,13469777,13469797,20,CDS
43363,13468953,13469069,116,CDS
43364,13468049,13468894,845,CDS
43365,13469777,13469797,20,CDS
43366,13468953,13469069,116,CDS
43367,13468049,13468894,845,CDS
43368,13469136,13469156,20,CDS
43369,13468953,13469069,116,CDS
43370,13468049,13468894,845,CDS
43371,13477541,13483515,5974,gene
43372,13477541,13478482,941,mRNA
43373,13481033,13481135,102,mRNA
43374,13481214,13482369,1155,mRNA
43375,13482435,13483515,1080,mRNA
43376,13477541,13478482,941,mRNA
43377,13481036,13482369,1333,mRNA
43378,13482435,13483515,1080,mRNA
43379,13477541,13478482,941,mRNA
43380,13481036,13481135,99,mRNA
43381,13481214,13482369,1155,mRNA
43382,13482435,13483515,1080,mRNA
43383,13478228,13478482,254,CDS
43384,13481033,13481135,102,CDS
43385,13481214,13482369,1155,CDS
43386,13482435,13482753,318,CDS
43387,13478228,13478482,254,CDS
43388,13481036,13482369,1333,CDS
43389,13482435,13482753,318,CDS
43390,13478228,13478482,254,CDS
43391,13481036,13481135,99,CDS
43392,13481214,13482369,1155,CDS
43393,13482435,13482753,318,CDS
43394,13480444,13480602,158,mRNA
43395,13481033,13481135,102,mRNA
43396,13481214,13482369,1155,mRNA
43397,13482435,13483515,1080,mRNA
43398,13480444,13480602,158,mRNA
43399,13481036,13481135,99,mRNA
43400,13481214,13482369,1155,mRNA
43401,13482435,13483515,1080,mRNA
43402,13480448,13480602,154,mRNA
43403,13481036,13482369,1333,mRNA
43404,13482435,13483515,1080,mRNA
43405,13480764,13480914,150,mRNA
43406,13481033,13481135,102,mRNA
43407,13481214,13482369,1155,mRNA
43408,13482435,13483515,1080,mRNA
43409,13481060,13482369,1309,CDS
43410,13482435,13482753,318,CDS
43411,13481060,13481135,75,CDS
43412,13481214,13482369,1155,CDS
43413,13482435,13482753,318,CDS
43414,13481060,13481135,75,CDS
43415,13481214,13482369,1155,CDS
43416,13482435,13482753,318,CDS
43417,13481060,13481135,75,CDS
43418,13481214,13482369,1155,CDS
43419,13482435,13482753,318,CDS
43420,13483533,13486280,2747,gene
43421,13485603,13486280,677,mRNA
43422,13485089,13485540,451,mRNA
43423,13484851,13485027,176,mRNA
43424,13484310,13484788,478,mRNA
43425,13483533,13484246,713,mRNA
43426,13485603,13485857,254,CDS
43427,13485089,13485540,451,CDS
43428,13484851,13485027,176,CDS
43429,13484310,13484788,478,CDS
43430,13484014,13484246,232,CDS
43431,13486797,13502492,15695,gene
43432,13486797,13487007,210,mRNA
43433,13487563,13487730,167,mRNA
43434,13500900,13501214,314,mRNA
43435,13501283,13502492,1209,mRNA
43436,13487670,13487730,60,CDS
43437,13500900,13501214,314,CDS
43438,13501283,13502055,772,CDS
43439,13495627,13496146,519,mRNA
43440,13500900,13501214,314,mRNA
43441,13501283,13502492,1209,mRNA
43442,13495627,13496146,519,CDS
43443,13500900,13501214,314,CDS
43444,13501283,13502055,772,CDS
43445,13502707,13511541,8834,gene
43446,13502707,13503384,677,mRNA
43447,13503456,13504397,941,mRNA
43448,13504456,13506570,2114,mRNA
43449,13506640,13506871,231,mRNA
43450,13506935,13508545,1610,mRNA
43451,13509050,13509334,284,mRNA
43452,13509398,13511541,2143,mRNA
43453,13502707,13503384,677,mRNA
43454,13503456,13504397,941,mRNA
43455,13504456,13506570,2114,mRNA
43456,13506640,13506871,231,mRNA
43457,13506935,13508545,1610,mRNA
43458,13508876,13509334,458,mRNA
43459,13509398,13510695,1297,mRNA
43460,13502707,13503384,677,mRNA
43461,13503456,13504397,941,mRNA
43462,13504456,13506570,2114,mRNA
43463,13506640,13506871,231,mRNA
43464,13506935,13508545,1610,mRNA
43465,13509050,13509334,284,mRNA
43466,13509398,13510695,1297,mRNA
43467,13503349,13503384,35,CDS
43468,13503456,13504397,941,CDS
43469,13504456,13506570,2114,CDS
43470,13506640,13506871,231,CDS
43471,13506935,13508545,1610,CDS
43472,13509050,13509334,284,CDS
43473,13509398,13509798,400,CDS
43474,13503349,13503384,35,CDS
43475,13503456,13504397,941,CDS
43476,13504456,13506570,2114,CDS
43477,13506640,13506871,231,CDS
43478,13506935,13508545,1610,CDS
43479,13509050,13509334,284,CDS
43480,13509398,13509798,400,CDS
43481,13503349,13503384,35,CDS
43482,13503456,13504397,941,CDS
43483,13504456,13506570,2114,CDS
43484,13506640,13506871,231,CDS
43485,13506935,13508545,1610,CDS
43486,13508876,13508880,4,CDS
43487,13511646,13513112,1466,gene
43488,13512929,13513112,183,mRNA
43489,13512140,13512865,725,mRNA
43490,13511646,13512081,435,mRNA
43491,13512929,13513024,95,CDS
43492,13512140,13512865,725,CDS
43493,13511704,13512081,377,CDS
43494,13513254,13516276,3022,gene
43495,13513254,13513397,143,mRNA
43496,13513482,13513792,310,mRNA
43497,13513858,13514801,943,mRNA
43498,13514863,13516276,1413,mRNA
43499,13513364,13513792,428,mRNA
43500,13513858,13514801,943,mRNA
43501,13514863,13516276,1413,mRNA
43502,13513364,13513417,53,mRNA
43503,13513482,13513792,310,mRNA
43504,13513858,13514801,943,mRNA
43505,13514863,13516276,1413,mRNA
43506,13513592,13513792,200,CDS
43507,13513858,13514801,943,CDS
43508,13514863,13515760,897,CDS
43509,13513592,13513792,200,CDS
43510,13513858,13514801,943,CDS
43511,13514863,13515760,897,CDS
43512,13513592,13513792,200,CDS
43513,13513858,13514801,943,CDS
43514,13514863,13515760,897,CDS
43515,13516273,13519605,3332,gene
43516,13519372,13519605,233,mRNA
43517,13516273,13518675,2402,mRNA
43518,13516529,13518658,2129,CDS
43519,13521907,13803400,281493,gene
43520,13666386,13666749,363,mRNA
43521,13664419,13664874,455,mRNA
43522,13638517,13638565,48,mRNA
43523,13602342,13602476,134,mRNA
43524,13584192,13584271,79,mRNA
43525,13542075,13542218,143,mRNA
43526,13541722,13542022,300,mRNA
43527,13541489,13541587,98,mRNA
43528,13540564,13540641,77,mRNA
43529,13538943,13539119,176,mRNA
43530,13538246,13538871,625,mRNA
43531,13532954,13537996,5042,mRNA
43532,13521907,13525210,3303,mRNA
43533,13525212,13532949,7737,mobile_element
43534,13666386,13666749,363,mRNA
43535,13664419,13664874,455,mRNA
43536,13638517,13638565,48,mRNA
43537,13584192,13584271,79,mRNA
43538,13542075,13542218,143,mRNA
43539,13541722,13541998,276,mRNA
43540,13541489,13541608,119,mRNA
43541,13540564,13540641,77,mRNA
43542,13538943,13539119,176,mRNA
43543,13538246,13538871,625,mRNA
43544,13533597,13537996,4399,mRNA
43545,13666386,13666749,363,mRNA
43546,13664419,13664874,455,mRNA
43547,13638517,13638565,48,mRNA
43548,13602342,13602476,134,mRNA
43549,13584192,13584271,79,mRNA
43550,13542075,13542218,143,mRNA
43551,13541722,13541998,276,mRNA
43552,13541489,13541587,98,mRNA
43553,13540564,13540641,77,mRNA
43554,13538943,13539119,176,mRNA
43555,13538246,13538871,625,mRNA
43556,13535475,13537996,2521,mRNA
43557,13666386,13666749,363,mRNA
43558,13664419,13664874,455,mRNA
43559,13638517,13638565,48,mRNA
43560,13602342,13602476,134,mRNA
43561,13584192,13584271,79,mRNA
43562,13542075,13542218,143,mRNA
43563,13541722,13542022,300,mRNA
43564,13541489,13541587,98,mRNA
43565,13538943,13539119,176,mRNA
43566,13538246,13538871,625,mRNA
43567,13535475,13537996,2521,mRNA
43568,13666386,13666749,363,mRNA
43569,13664419,13664874,455,mRNA
43570,13638517,13638547,30,mRNA
43571,13602342,13602476,134,mRNA
43572,13584192,13584271,79,mRNA
43573,13542075,13542218,143,mRNA
43574,13541722,13542022,300,mRNA
43575,13541489,13541587,98,mRNA
43576,13538943,13539119,176,mRNA
43577,13538246,13538871,625,mRNA
43578,13536545,13537996,1451,mRNA
43579,13803161,13803400,239,mRNA
43580,13786866,13787056,190,mRNA
43581,13783421,13783530,109,mRNA
43582,13777913,13778311,398,mRNA
43583,13638517,13638565,48,mRNA
43584,13602342,13602476,134,mRNA
43585,13584192,13584271,79,mRNA
43586,13542075,13542218,143,mRNA
43587,13541722,13541998,276,mRNA
43588,13541489,13541587,98,mRNA
43589,13540564,13540641,77,mRNA
43590,13538943,13539119,176,mRNA
43591,13538246,13538871,625,mRNA
43592,13537937,13537996,59,mRNA
43593,13798024,13798527,503,mRNA
43594,13786866,13787056,190,mRNA
43595,13783421,13783530,109,mRNA
43596,13777913,13778311,398,mRNA
43597,13638517,13638565,48,mRNA
43598,13602342,13602476,134,mRNA
43599,13584192,13584271,79,mRNA
43600,13542075,13542218,143,mRNA
43601,13541722,13541998,276,mRNA
43602,13541489,13541587,98,mRNA
43603,13540564,13540641,77,mRNA
43604,13538943,13539119,176,mRNA
43605,13538246,13538871,625,mRNA
43606,13537937,13537996,59,mRNA
43607,13666386,13666749,363,mRNA
43608,13664419,13664874,455,mRNA
43609,13638517,13638565,48,mRNA
43610,13584192,13584271,79,mRNA
43611,13542075,13542218,143,mRNA
43612,13541722,13541998,276,mRNA
43613,13541489,13541587,98,mRNA
43614,13538943,13539101,158,mRNA
43615,13538246,13538871,625,mRNA
43616,13537937,13537996,59,mRNA
43617,13666386,13666749,363,mRNA
43618,13664419,13664874,455,mRNA
43619,13638517,13638565,48,mRNA
43620,13584192,13584271,79,mRNA
43621,13542075,13542218,143,mRNA
43622,13541722,13541998,276,mRNA
43623,13541489,13541587,98,mRNA
43624,13538943,13539119,176,mRNA
43625,13538246,13538871,625,mRNA
43626,13537937,13537996,59,mRNA
43627,13666386,13666749,363,mRNA
43628,13664419,13664874,455,mRNA
43629,13638517,13638565,48,mRNA
43630,13584192,13584271,79,mRNA
43631,13542075,13542218,143,mRNA
43632,13541722,13541998,276,mRNA
43633,13541489,13541587,98,mRNA
43634,13540564,13540641,77,mRNA
43635,13538943,13539119,176,mRNA
43636,13538246,13538871,625,mRNA
43637,13537937,13537996,59,mRNA
43638,13666386,13666749,363,mRNA
43639,13664419,13664874,455,mRNA
43640,13638517,13638565,48,mRNA
43641,13584192,13584271,79,mRNA
43642,13542075,13542218,143,mRNA
43643,13541722,13542022,300,mRNA
43644,13541489,13541587,98,mRNA
43645,13538943,13539119,176,mRNA
43646,13538246,13538871,625,mRNA
43647,13537937,13537996,59,mRNA
43648,13666386,13666749,363,mRNA
43649,13664419,13664874,455,mRNA
43650,13638517,13638565,48,mRNA
43651,13602342,13602476,134,mRNA
43652,13584192,13584271,79,mRNA
43653,13542075,13542218,143,mRNA
43654,13541722,13541998,276,mRNA
43655,13541489,13541587,98,mRNA
43656,13538943,13539119,176,mRNA
43657,13538246,13538871,625,mRNA
43658,13537937,13537996,59,mRNA
43659,13666386,13666749,363,mRNA
43660,13664419,13664874,455,mRNA
43661,13638517,13638565,48,mRNA
43662,13608393,13608846,453,mRNA
43663,13584192,13584271,79,mRNA
43664,13542075,13542218,143,mRNA
43665,13541722,13541998,276,mRNA
43666,13541489,13541587,98,mRNA
43667,13538943,13539119,176,mRNA
43668,13538246,13538871,625,mRNA
43669,13537937,13537996,59,mRNA
43670,13666386,13666749,363,mRNA
43671,13664419,13664874,455,mRNA
43672,13651555,13651596,41,mRNA
43673,13638517,13638565,48,mRNA
43674,13602342,13602476,134,mRNA
43675,13584192,13584271,79,mRNA
43676,13542075,13542218,143,mRNA
43677,13541722,13541998,276,mRNA
43678,13541489,13541587,98,mRNA
43679,13538943,13539119,176,mRNA
43680,13538246,13538871,625,mRNA
43681,13537937,13537996,59,mRNA
43682,13666386,13666749,363,mRNA
43683,13664419,13664874,455,mRNA
43684,13651555,13651596,41,mRNA
43685,13638517,13638565,48,mRNA
43686,13602342,13602476,134,mRNA
43687,13584192,13584271,79,mRNA
43688,13542075,13542218,143,mRNA
43689,13541722,13541998,276,mRNA
43690,13541489,13541587,98,mRNA
43691,13540564,13540641,77,mRNA
43692,13538943,13539119,176,mRNA
43693,13538246,13538871,625,mRNA
43694,13537937,13537996,59,mRNA
43695,13777913,13777957,44,CDS
43696,13638517,13638565,48,CDS
43697,13602342,13602476,134,CDS
43698,13584192,13584271,79,CDS
43699,13542075,13542218,143,CDS
43700,13541722,13541998,276,CDS
43701,13541489,13541587,98,CDS
43702,13540564,13540641,77,CDS
43703,13538943,13539119,176,CDS
43704,13538744,13538871,127,CDS
43705,13777913,13777957,44,CDS
43706,13638517,13638565,48,CDS
43707,13602342,13602476,134,CDS
43708,13584192,13584271,79,CDS
43709,13542075,13542218,143,CDS
43710,13541722,13541998,276,CDS
43711,13541489,13541587,98,CDS
43712,13540564,13540641,77,CDS
43713,13538943,13539119,176,CDS
43714,13538744,13538871,127,CDS
43715,13664419,13664478,59,CDS
43716,13638517,13638547,30,CDS
43717,13602342,13602476,134,CDS
43718,13584192,13584271,79,CDS
43719,13542075,13542218,143,CDS
43720,13541722,13542022,300,CDS
43721,13541489,13541587,98,CDS
43722,13538943,13539119,176,CDS
43723,13538744,13538871,127,CDS
43724,13664419,13664478,59,CDS
43725,13638517,13638565,48,CDS
43726,13584192,13584271,79,CDS
43727,13542075,13542218,143,CDS
43728,13541722,13541998,276,CDS
43729,13541489,13541587,98,CDS
43730,13538943,13539101,158,CDS
43731,13538744,13538871,127,CDS
43732,13664419,13664478,59,CDS
43733,13638517,13638565,48,CDS
43734,13584192,13584271,79,CDS
43735,13542075,13542218,143,CDS
43736,13541722,13541998,276,CDS
43737,13541489,13541587,98,CDS
43738,13538943,13539119,176,CDS
43739,13538744,13538871,127,CDS
43740,13664419,13664478,59,CDS
43741,13638517,13638565,48,CDS
43742,13584192,13584271,79,CDS
43743,13542075,13542218,143,CDS
43744,13541722,13541998,276,CDS
43745,13541489,13541587,98,CDS
43746,13540564,13540641,77,CDS
43747,13538943,13539119,176,CDS
43748,13538744,13538871,127,CDS
43749,13664419,13664478,59,CDS
43750,13638517,13638565,48,CDS
43751,13584192,13584271,79,CDS
43752,13542075,13542218,143,CDS
43753,13541722,13541998,276,CDS
43754,13541489,13541608,119,CDS
43755,13540564,13540641,77,CDS
43756,13538943,13539119,176,CDS
43757,13538744,13538871,127,CDS
43758,13664419,13664478,59,CDS
43759,13638517,13638565,48,CDS
43760,13584192,13584271,79,CDS
43761,13542075,13542218,143,CDS
43762,13541722,13542022,300,CDS
43763,13541489,13541587,98,CDS
43764,13538943,13539119,176,CDS
43765,13538744,13538871,127,CDS
43766,13664419,13664478,59,CDS
43767,13638517,13638565,48,CDS
43768,13602342,13602476,134,CDS
43769,13584192,13584271,79,CDS
43770,13542075,13542218,143,CDS
43771,13541722,13541998,276,CDS
43772,13541489,13541587,98,CDS
43773,13538943,13539119,176,CDS
43774,13538744,13538871,127,CDS
43775,13664419,13664478,59,CDS
43776,13638517,13638565,48,CDS
43777,13602342,13602476,134,CDS
43778,13584192,13584271,79,CDS
43779,13542075,13542218,143,CDS
43780,13541722,13541998,276,CDS
43781,13541489,13541587,98,CDS
43782,13540564,13540641,77,CDS
43783,13538943,13539119,176,CDS
43784,13538744,13538871,127,CDS
43785,13664419,13664478,59,CDS
43786,13638517,13638565,48,CDS
43787,13602342,13602476,134,CDS
43788,13584192,13584271,79,CDS
43789,13542075,13542218,143,CDS
43790,13541722,13542022,300,CDS
43791,13541489,13541587,98,CDS
43792,13538943,13539119,176,CDS
43793,13538744,13538871,127,CDS
43794,13664419,13664478,59,CDS
43795,13638517,13638565,48,CDS
43796,13602342,13602476,134,CDS
43797,13584192,13584271,79,CDS
43798,13542075,13542218,143,CDS
43799,13541722,13542022,300,CDS
43800,13541489,13541587,98,CDS
43801,13540564,13540641,77,CDS
43802,13538943,13539119,176,CDS
43803,13538744,13538871,127,CDS
43804,13664419,13664478,59,CDS
43805,13651555,13651596,41,CDS
43806,13638517,13638565,48,CDS
43807,13602342,13602476,134,CDS
43808,13584192,13584271,79,CDS
43809,13542075,13542218,143,CDS
43810,13541722,13541998,276,CDS
43811,13541489,13541587,98,CDS
43812,13538943,13539119,176,CDS
43813,13538744,13538871,127,CDS
43814,13664419,13664478,59,CDS
43815,13651555,13651596,41,CDS
43816,13638517,13638565,48,CDS
43817,13602342,13602476,134,CDS
43818,13584192,13584271,79,CDS
43819,13542075,13542218,143,CDS
43820,13541722,13541998,276,CDS
43821,13541489,13541587,98,CDS
43822,13540564,13540641,77,CDS
43823,13538943,13539119,176,CDS
43824,13538744,13538871,127,CDS
43825,13550874,13551808,934,gene
43826,13550874,13551808,934,ncRNA
43827,13557755,13558101,346,gene
43828,13557755,13557855,100,ncRNA
43829,13557941,13558101,160,ncRNA
43830,13574910,13580104,5194,mobile_element
43831,13599230,13599883,653,gene
43832,13599230,13599883,653,ncRNA
43833,13664419,13664478,59,CDS
43834,13638517,13638565,48,CDS
43835,13608806,13608846,40,CDS
43836,13620822,13620920,98,gene
43837,13620822,13620920,98,precursor_RNA
43838,13620837,13620862,25,ncRNA
43839,13804601,13814138,9537,mobile_element
43840,13811235,13813708,2473,mobile_element
43841,13832074,13832129,55,mobile_element
43842,13837756,13838080,324,gene
43843,13837756,13838080,324,mRNA
43844,13837802,13838047,245,CDS
43845,13840197,13842240,2043,gene
43846,13841623,13842240,617,mRNA
43847,13841390,13841530,140,mRNA
43848,13840197,13841315,1118,mRNA
43849,13840611,13842198,1587,gene
43850,13840611,13842198,1587,ncRNA
43851,13840611,13841148,537,ncRNA
43852,13841623,13842198,575,CDS
43853,13841390,13841530,140,CDS
43854,13841274,13841315,41,CDS
43855,13842377,13843017,640,gene
43856,13842377,13843017,640,mRNA
43857,13842566,13843017,451,mRNA
43858,13842660,13842890,230,CDS
43859,13842660,13842890,230,CDS
43860,13843656,13845316,1660,gene
43861,13843656,13843917,261,mRNA
43862,13844015,13845316,1301,mRNA
43863,13843656,13843917,261,mRNA
43864,13844015,13845149,1134,mRNA
43865,13843861,13843917,56,CDS
43866,13844015,13845046,1031,CDS
43867,13843861,13843917,56,CDS
43868,13844015,13845046,1031,CDS
43869,13846054,13860001,13947,gene
43870,13846054,13846314,260,mRNA
43871,13846846,13846941,95,mRNA
43872,13847022,13847186,164,mRNA
43873,13847248,13847640,392,mRNA
43874,13847698,13847825,127,mRNA
43875,13847882,13847977,95,mRNA
43876,13848081,13848278,197,mRNA
43877,13848391,13848554,163,mRNA
43878,13848611,13848768,157,mRNA
43879,13848830,13848984,154,mRNA
43880,13849050,13849652,602,mRNA
43881,13849795,13850913,1118,mRNA
43882,13850996,13851889,893,mRNA
43883,13851942,13852490,548,mRNA
43884,13852567,13853889,1322,mRNA
43885,13853954,13854032,78,mRNA
43886,13854094,13854343,249,mRNA
43887,13854397,13855144,747,mRNA
43888,13855205,13855690,485,mRNA
43889,13855751,13856257,506,mRNA
43890,13856322,13856805,483,mRNA
43891,13856870,13858647,1777,mRNA
43892,13858706,13858918,212,mRNA
43893,13858980,13859435,455,mRNA
43894,13859492,13859748,256,mRNA
43895,13859806,13860001,195,mRNA
43896,13846054,13846314,260,mRNA
43897,13846846,13846941,95,mRNA
43898,13847022,13847186,164,mRNA
43899,13847251,13847640,389,mRNA
43900,13847698,13847825,127,mRNA
43901,13847882,13847977,95,mRNA
43902,13848081,13848278,197,mRNA
43903,13848391,13848554,163,mRNA
43904,13848611,13848768,157,mRNA
43905,13848830,13848984,154,mRNA
43906,13849050,13849652,602,mRNA
43907,13849795,13850913,1118,mRNA
43908,13850996,13851889,893,mRNA
43909,13851942,13852490,548,mRNA
43910,13852567,13853889,1322,mRNA
43911,13853954,13854032,78,mRNA
43912,13854094,13854343,249,mRNA
43913,13854397,13855144,747,mRNA
43914,13855205,13855690,485,mRNA
43915,13855751,13856257,506,mRNA
43916,13856322,13856805,483,mRNA
43917,13856870,13858647,1777,mRNA
43918,13858706,13858918,212,mRNA
43919,13858980,13859435,455,mRNA
43920,13859492,13859748,256,mRNA
43921,13859806,13860001,195,mRNA
43922,13846208,13846314,106,CDS
43923,13846846,13846941,95,CDS
43924,13847022,13847186,164,CDS
43925,13847248,13847640,392,CDS
43926,13847698,13847825,127,CDS
43927,13847882,13847977,95,CDS
43928,13848081,13848278,197,CDS
43929,13848391,13848554,163,CDS
43930,13848611,13848768,157,CDS
43931,13848830,13848984,154,CDS
43932,13849050,13849652,602,CDS
43933,13849795,13850913,1118,CDS
43934,13850996,13851889,893,CDS
43935,13851942,13852490,548,CDS
43936,13852567,13853889,1322,CDS
43937,13853954,13854032,78,CDS
43938,13854094,13854343,249,CDS
43939,13854397,13855144,747,CDS
43940,13855205,13855690,485,CDS
43941,13855751,13856257,506,CDS
43942,13856322,13856805,483,CDS
43943,13856870,13858647,1777,CDS
43944,13858706,13858918,212,CDS
43945,13858980,13859435,455,CDS
43946,13859492,13859748,256,CDS
43947,13859806,13859931,125,CDS
43948,13846208,13846314,106,CDS
43949,13846846,13846941,95,CDS
43950,13847022,13847186,164,CDS
43951,13847251,13847640,389,CDS
43952,13847698,13847825,127,CDS
43953,13847882,13847977,95,CDS
43954,13848081,13848278,197,CDS
43955,13848391,13848554,163,CDS
43956,13848611,13848768,157,CDS
43957,13848830,13848984,154,CDS
43958,13849050,13849652,602,CDS
43959,13849795,13850913,1118,CDS
43960,13850996,13851889,893,CDS
43961,13851942,13852490,548,CDS
43962,13852567,13853889,1322,CDS
43963,13853954,13854032,78,CDS
43964,13854094,13854343,249,CDS
43965,13854397,13855144,747,CDS
43966,13855205,13855690,485,CDS
43967,13855751,13856257,506,CDS
43968,13856322,13856805,483,CDS
43969,13856870,13858647,1777,CDS
43970,13858706,13858918,212,CDS
43971,13858980,13859435,455,CDS
43972,13859492,13859748,256,CDS
43973,13859806,13859931,125,CDS
43974,13860027,13866905,6878,gene
43975,13866603,13866905,302,mRNA
43976,13865317,13865435,118,mRNA
43977,13861919,13862153,234,mRNA
43978,13860027,13861798,1771,mRNA
43979,13866603,13866691,88,CDS
43980,13865317,13865435,118,CDS
43981,13861919,13862153,234,CDS
43982,13860757,13861798,1041,CDS
43983,13867414,13903236,35822,gene
43984,13901685,13903236,1551,mRNA
43985,13891249,13892080,831,mRNA
43986,13890815,13890953,138,mRNA
43987,13889549,13889679,130,mRNA
43988,13887170,13887453,283,mRNA
43989,13886601,13886921,320,mRNA
43990,13886363,13886534,171,mRNA
43991,13886171,13886281,110,mRNA
43992,13886080,13886109,29,mRNA
43993,13884705,13884799,94,mRNA
43994,13884036,13884312,276,mRNA
43995,13883264,13883335,71,mRNA
43996,13876378,13876458,80,mRNA
43997,13873072,13873266,194,mRNA
43998,13872922,13873014,92,mRNA
43999,13867414,13872857,5443,mRNA
44000,13901685,13903236,1551,mRNA
44001,13891249,13892080,831,mRNA
44002,13890815,13890953,138,mRNA
44003,13889549,13889679,130,mRNA
44004,13887170,13887465,295,mRNA
44005,13886601,13886921,320,mRNA
44006,13886363,13886534,171,mRNA
44007,13886171,13886281,110,mRNA
44008,13886080,13886109,29,mRNA
44009,13883264,13883335,71,mRNA
44010,13877624,13877629,5,mRNA
44011,13873922,13874008,86,mRNA
44012,13873072,13873266,194,mRNA
44013,13872922,13873014,92,mRNA
44014,13867414,13872857,5443,mRNA
44015,13901685,13903236,1551,mRNA
44016,13891249,13892080,831,mRNA
44017,13890815,13890953,138,mRNA
44018,13889549,13889679,130,mRNA
44019,13887170,13887465,295,mRNA
44020,13886601,13886921,320,mRNA
44021,13886363,13886534,171,mRNA
44022,13886171,13886281,110,mRNA
44023,13886080,13886109,29,mRNA
44024,13884705,13884799,94,mRNA
44025,13884036,13884312,276,mRNA
44026,13883264,13883335,71,mRNA
44027,13876378,13876458,80,mRNA
44028,13873072,13873266,194,mRNA
44029,13872922,13873014,92,mRNA
44030,13867414,13872857,5443,mRNA
44031,13901685,13903236,1551,mRNA
44032,13891249,13892080,831,mRNA
44033,13890815,13890953,138,mRNA
44034,13889549,13889679,130,mRNA
44035,13887170,13887465,295,mRNA
44036,13886601,13886921,320,mRNA
44037,13886363,13886534,171,mRNA
44038,13886171,13886281,110,mRNA
44039,13886080,13886109,29,mRNA
44040,13884705,13884799,94,mRNA
44041,13884036,13884312,276,mRNA
44042,13883264,13883335,71,mRNA
44043,13876378,13876458,80,mRNA
44044,13873922,13874008,86,mRNA
44045,13873072,13873266,194,mRNA
44046,13872922,13873014,92,mRNA
44047,13867414,13872857,5443,mRNA
44048,13901685,13903236,1551,mRNA
44049,13891249,13892080,831,mRNA
44050,13890815,13890953,138,mRNA
44051,13889549,13889679,130,mRNA
44052,13887170,13887465,295,mRNA
44053,13886601,13886921,320,mRNA
44054,13886363,13886534,171,mRNA
44055,13886171,13886281,110,mRNA
44056,13886080,13886109,29,mRNA
44057,13884705,13884799,94,mRNA
44058,13884036,13884312,276,mRNA
44059,13883264,13883335,71,mRNA
44060,13877624,13877629,5,mRNA
44061,13873922,13874008,86,mRNA
44062,13873072,13873266,194,mRNA
44063,13872922,13873014,92,mRNA
44064,13867414,13872857,5443,mRNA
44065,13901685,13903236,1551,mRNA
44066,13891249,13892080,831,mRNA
44067,13890815,13890953,138,mRNA
44068,13889549,13889679,130,mRNA
44069,13887170,13887465,295,mRNA
44070,13886601,13886921,320,mRNA
44071,13886363,13886534,171,mRNA
44072,13886171,13886281,110,mRNA
44073,13886080,13886109,29,mRNA
44074,13884705,13884799,94,mRNA
44075,13884036,13884312,276,mRNA
44076,13883264,13883335,71,mRNA
44077,13877624,13877629,5,mRNA
44078,13873922,13874008,86,mRNA
44079,13873072,13873266,194,mRNA
44080,13872922,13873014,92,mRNA
44081,13867414,13872857,5443,mRNA
44082,13891249,13892067,818,CDS
44083,13890815,13890953,138,CDS
44084,13889549,13889679,130,CDS
44085,13887170,13887465,295,CDS
44086,13886601,13886921,320,CDS
44087,13886363,13886534,171,CDS
44088,13886171,13886281,110,CDS
44089,13886080,13886109,29,CDS
44090,13884705,13884799,94,CDS
44091,13884036,13884312,276,CDS
44092,13883264,13883335,71,CDS
44093,13877624,13877629,5,CDS
44094,13873922,13874008,86,CDS
44095,13873072,13873266,194,CDS
44096,13872922,13873014,92,CDS
44097,13871937,13872857,920,CDS
44098,13891249,13892067,818,CDS
44099,13890815,13890953,138,CDS
44100,13889549,13889679,130,CDS
44101,13887170,13887453,283,CDS
44102,13886601,13886921,320,CDS
44103,13886363,13886534,171,CDS
44104,13886171,13886281,110,CDS
44105,13886080,13886109,29,CDS
44106,13884705,13884799,94,CDS
44107,13884036,13884312,276,CDS
44108,13883264,13883335,71,CDS
44109,13876378,13876458,80,CDS
44110,13873072,13873266,194,CDS
44111,13872922,13873014,92,CDS
44112,13872729,13872857,128,CDS
44113,13891249,13892067,818,CDS
44114,13890815,13890953,138,CDS
44115,13889549,13889679,130,CDS
44116,13887170,13887465,295,CDS
44117,13886601,13886921,320,CDS
44118,13886363,13886534,171,CDS
44119,13886171,13886281,110,CDS
44120,13886080,13886109,29,CDS
44121,13883264,13883335,71,CDS
44122,13877624,13877629,5,CDS
44123,13873922,13874008,86,CDS
44124,13873072,13873266,194,CDS
44125,13872922,13873014,92,CDS
44126,13872729,13872857,128,CDS
44127,13891249,13892067,818,CDS
44128,13890815,13890953,138,CDS
44129,13889549,13889679,130,CDS
44130,13887170,13887465,295,CDS
44131,13886601,13886921,320,CDS
44132,13886363,13886534,171,CDS
44133,13886171,13886281,110,CDS
44134,13886080,13886109,29,CDS
44135,13884705,13884799,94,CDS
44136,13884036,13884312,276,CDS
44137,13883264,13883335,71,CDS
44138,13876378,13876458,80,CDS
44139,13873072,13873266,194,CDS
44140,13872922,13873014,92,CDS
44141,13872729,13872857,128,CDS
44142,13891249,13892067,818,CDS
44143,13890815,13890953,138,CDS
44144,13889549,13889679,130,CDS
44145,13887170,13887465,295,CDS
44146,13886601,13886921,320,CDS
44147,13886363,13886534,171,CDS
44148,13886171,13886281,110,CDS
44149,13886080,13886109,29,CDS
44150,13884705,13884799,94,CDS
44151,13884036,13884312,276,CDS
44152,13883264,13883335,71,CDS
44153,13876378,13876458,80,CDS
44154,13873922,13874008,86,CDS
44155,13873072,13873266,194,CDS
44156,13872922,13873014,92,CDS
44157,13872729,13872857,128,CDS
44158,13891249,13892067,818,CDS
44159,13890815,13890953,138,CDS
44160,13889549,13889679,130,CDS
44161,13887170,13887465,295,CDS
44162,13886601,13886921,320,CDS
44163,13886363,13886534,171,CDS
44164,13886171,13886281,110,CDS
44165,13886080,13886109,29,CDS
44166,13884705,13884799,94,CDS
44167,13884036,13884312,276,CDS
44168,13883264,13883335,71,CDS
44169,13877624,13877629,5,CDS
44170,13873922,13874008,86,CDS
44171,13873072,13873266,194,CDS
44172,13872922,13873014,92,CDS
44173,13872729,13872857,128,CDS
44174,13878994,13883056,4062,gene
44175,13878994,13879095,101,mRNA
44176,13882639,13883056,417,mRNA
44177,13881771,13882188,417,mRNA
44178,13882639,13883056,417,mRNA
44179,13882655,13882891,236,CDS
44180,13882655,13882891,236,CDS
44181,13901685,13903236,1551,mRNA
44182,13891249,13892080,831,mRNA
44183,13890815,13890953,138,mRNA
44184,13889549,13889679,130,mRNA
44185,13887170,13887465,295,mRNA
44186,13886601,13886921,320,mRNA
44187,13886363,13886534,171,mRNA
44188,13886171,13886281,110,mRNA
44189,13885726,13886109,383,mRNA
44190,13891249,13892067,818,CDS
44191,13890815,13890953,138,CDS
44192,13889549,13889679,130,CDS
44193,13887170,13887465,295,CDS
44194,13886601,13886921,320,CDS
44195,13886363,13886534,171,CDS
44196,13886171,13886281,110,CDS
44197,13886029,13886109,80,CDS
44198,13896388,13896438,50,mobile_element
44199,13906897,13925335,18438,gene
44200,13924999,13925335,336,mRNA
44201,13921699,13922001,302,mRNA
44202,13910484,13910585,101,mRNA
44203,13909832,13910215,383,mRNA
44204,13909256,13909768,512,mRNA
44205,13909031,13909183,152,mRNA
44206,13906897,13908969,2072,mRNA
44207,13924999,13925335,336,mRNA
44208,13921699,13922075,376,mRNA
44209,13910484,13910585,101,mRNA
44210,13909832,13910215,383,mRNA
44211,13909256,13909768,512,mRNA
44212,13909031,13909183,152,mRNA
44213,13906897,13908969,2072,mRNA
44214,13922072,13922297,225,mRNA
44215,13921699,13922001,302,mRNA
44216,13910484,13910585,101,mRNA
44217,13909832,13910215,383,mRNA
44218,13909256,13909768,512,mRNA
44219,13909031,13909183,152,mRNA
44220,13906897,13908969,2072,mRNA
44221,13919191,13919965,774,mRNA
44222,13913962,13914525,563,mRNA
44223,13910484,13910585,101,mRNA
44224,13909832,13910215,383,mRNA
44225,13909256,13909768,512,mRNA
44226,13909031,13909183,152,mRNA
44227,13906897,13908969,2072,mRNA
44228,13919191,13919965,774,mRNA
44229,13913962,13914525,563,mRNA
44230,13910484,13910585,101,mRNA
44231,13909832,13910215,383,mRNA
44232,13909256,13909768,512,mRNA
44233,13909031,13909183,152,mRNA
44234,13906897,13908969,2072,mRNA
44235,13919191,13919193,2,CDS
44236,13913962,13914525,563,CDS
44237,13910484,13910585,101,CDS
44238,13909832,13910215,383,CDS
44239,13909256,13909768,512,CDS
44240,13909031,13909183,152,CDS
44241,13907767,13908969,1202,CDS
44242,13921699,13921725,26,CDS
44243,13910484,13910585,101,CDS
44244,13909832,13910215,383,CDS
44245,13909256,13909768,512,CDS
44246,13909031,13909183,152,CDS
44247,13907824,13908969,1145,CDS
44248,13921699,13921725,26,CDS
44249,13910484,13910585,101,CDS
44250,13909832,13910215,383,CDS
44251,13909256,13909768,512,CDS
44252,13909031,13909183,152,CDS
44253,13907824,13908969,1145,CDS
44254,13921699,13921725,26,CDS
44255,13910484,13910585,101,CDS
44256,13909832,13910215,383,CDS
44257,13909256,13909768,512,CDS
44258,13909031,13909183,152,CDS
44259,13907824,13908969,1145,CDS
44260,13919191,13919193,2,CDS
44261,13913962,13914525,563,CDS
44262,13910484,13910585,101,CDS
44263,13909832,13910215,383,CDS
44264,13909256,13909768,512,CDS
44265,13909031,13909183,152,CDS
44266,13907824,13908969,1145,CDS
44267,13925882,13929000,3118,gene
44268,13928851,13929000,149,mRNA
44269,13927394,13928791,1397,mRNA
44270,13925882,13927335,1453,mRNA
44271,13928851,13928908,57,CDS
44272,13927394,13928791,1397,CDS
44273,13925933,13927335,1402,CDS
44274,13929387,13934656,5269,gene
44275,13929387,13929541,154,mRNA
44276,13929651,13929715,64,mRNA
44277,13929780,13931198,1418,mRNA
44278,13931746,13934656,2910,mRNA
44279,13929849,13931198,1349,CDS
44280,13931746,13934193,2447,CDS
44281,13939250,13962647,23397,gene
44282,13939250,13939458,208,mRNA
44283,13940670,13941475,805,mRNA
44284,13959529,13959825,296,mRNA
44285,13959889,13960077,188,mRNA
44286,13960622,13960687,65,mRNA
44287,13960923,13961103,180,mRNA
44288,13961173,13962647,1474,mRNA
44289,13939250,13939458,208,mRNA
44290,13941291,13941475,184,mRNA
44291,13959529,13959825,296,mRNA
44292,13959889,13960077,188,mRNA
44293,13960622,13960687,65,mRNA
44294,13960923,13961103,180,mRNA
44295,13961173,13962647,1474,mRNA
44296,13941026,13941475,449,CDS
44297,13959529,13959825,296,CDS
44298,13959889,13960077,188,CDS
44299,13960622,13960687,65,CDS
44300,13960923,13961103,180,CDS
44301,13961173,13961852,679,CDS
44302,13941308,13941475,167,CDS
44303,13959529,13959825,296,CDS
44304,13959889,13960077,188,CDS
44305,13960622,13960687,65,CDS
44306,13960923,13961103,180,CDS
44307,13961173,13961852,679,CDS
44308,13962658,13964702,2044,gene
44309,13964155,13964702,547,mRNA
44310,13962658,13964013,1355,mRNA
44311,13964119,13964702,583,mRNA
44312,13962658,13964013,1355,mRNA
44313,13964155,13964629,474,CDS
44314,13962773,13964013,1240,CDS
44315,13964119,13964629,510,CDS
44316,13962773,13964013,1240,CDS
44317,13965203,13973067,7864,gene
44318,13965203,13973067,7864,gene
44319,13965203,13965392,189,mRNA
44320,13965524,13968702,3178,mRNA
44321,13968761,13971100,2339,mRNA
44322,13971162,13971317,155,mRNA
44323,13971421,13973067,1646,mRNA
44324,13965203,13965392,189,mRNA
44325,13965524,13965630,106,mRNA
44326,13968647,13968702,55,mRNA
44327,13968761,13971100,2339,mRNA
44328,13971162,13971317,155,mRNA
44329,13971421,13973067,1646,mRNA
44330,13965203,13965392,189,mRNA
44331,13965524,13968702,3178,mRNA
44332,13968761,13971100,2339,mRNA
44333,13971162,13971317,155,mRNA
44334,13971421,13972006,585,mRNA
44335,13965203,13965392,189,mRNA
44336,13965524,13965630,106,mRNA
44337,13968647,13968702,55,mRNA
44338,13968761,13971100,2339,mRNA
44339,13971162,13971317,155,mRNA
44340,13971421,13972006,585,mRNA
44341,13965346,13965392,46,CDS
44342,13965524,13965630,106,CDS
44343,13968647,13968702,55,CDS
44344,13968761,13971100,2339,CDS
44345,13971162,13971317,155,CDS
44346,13971421,13971663,242,CDS
44347,13965346,13965392,46,CDS
44348,13965524,13965630,106,CDS
44349,13968647,13968702,55,CDS
44350,13968761,13971100,2339,CDS
44351,13971162,13971317,155,CDS
44352,13971421,13971663,242,CDS
44353,13966816,13968495,1679,CDS
44354,13966816,13968495,1679,CDS
44355,13973123,13973477,354,gene
44356,13973123,13973477,354,mRNA
44357,13973159,13973440,281,CDS
44358,13974061,13977761,3700,gene
44359,13974061,13974410,349,mRNA
44360,13974560,13974775,215,mRNA
44361,13975717,13977761,2044,mRNA
44362,13974061,13974410,349,mRNA
44363,13974560,13974775,215,mRNA
44364,13975717,13975848,131,mRNA
44365,13975917,13977761,1844,mRNA
44366,13974453,13974775,322,mRNA
44367,13975917,13977761,1844,mRNA
44368,13974571,13974775,204,CDS
44369,13975917,13977637,1720,CDS
44370,13975970,13977637,1667,CDS
44371,13975970,13977637,1667,CDS
44372,13977905,13993400,15495,gene
44373,13992976,13993400,424,mRNA
44374,13985121,13986168,1047,mRNA
44375,13983677,13983823,146,mRNA
44376,13983440,13983601,161,mRNA
44377,13983104,13983280,176,mRNA
44378,13982646,13982852,206,mRNA
44379,13979348,13979640,292,mRNA
44380,13977905,13979207,1302,mRNA
44381,13992976,13993400,424,mRNA
44382,13985121,13986168,1047,mRNA
44383,13983677,13983823,146,mRNA
44384,13983440,13983601,161,mRNA
44385,13983104,13983280,176,mRNA
44386,13981987,13982852,865,mRNA
44387,13979348,13979640,292,mRNA
44388,13977905,13979207,1302,mRNA
44389,13992829,13993400,571,mRNA
44390,13985121,13986168,1047,mRNA
44391,13983677,13983823,146,mRNA
44392,13983440,13983601,161,mRNA
44393,13983104,13983280,176,mRNA
44394,13982646,13982852,206,mRNA
44395,13979348,13979640,292,mRNA
44396,13977905,13979207,1302,mRNA
44397,13985121,13985508,387,CDS
44398,13983677,13983823,146,CDS
44399,13983440,13983601,161,CDS
44400,13983104,13983280,176,CDS
44401,13982646,13982852,206,CDS
44402,13979348,13979640,292,CDS
44403,13979037,13979207,170,CDS
44404,13985121,13985508,387,CDS
44405,13983677,13983823,146,CDS
44406,13983440,13983601,161,CDS
44407,13983104,13983280,176,CDS
44408,13982646,13982852,206,CDS
44409,13979348,13979640,292,CDS
44410,13979037,13979207,170,CDS
44411,13985121,13985508,387,CDS
44412,13983677,13983823,146,CDS
44413,13983440,13983601,161,CDS
44414,13983104,13983280,176,CDS
44415,13981987,13982852,865,CDS
44416,13979620,13979640,20,CDS
44417,13992976,13993400,424,mRNA
44418,13985121,13986168,1047,mRNA
44419,13983677,13983823,146,mRNA
44420,13983440,13983601,161,mRNA
44421,13983104,13983280,176,mRNA
44422,13981099,13982852,1753,mRNA
44423,13985121,13985508,387,CDS
44424,13983677,13983823,146,CDS
44425,13983440,13983601,161,CDS
44426,13983104,13983280,176,CDS
44427,13981765,13982852,1087,CDS
44428,13986620,13987184,564,gene
44429,13986620,13987184,564,mRNA
44430,13986655,13987116,461,CDS
44431,13987878,13988626,748,gene
44432,13987878,13988626,748,mRNA
44433,13987942,13988427,485,CDS
44434,13994231,13996571,2340,gene
44435,13994231,13994400,169,mRNA
44436,13994791,13995780,989,mRNA
44437,13995860,13996571,711,mRNA
44438,13994352,13994400,48,CDS
44439,13994791,13995780,989,CDS
44440,13995860,13996470,610,CDS
44441,13997191,13998055,864,gene
44442,13997191,13998055,864,mRNA
44443,13997206,13997838,632,CDS
44444,13997900,13999251,1351,gene
44445,13997900,13999251,1351,mRNA
44446,13998163,13999182,1019,CDS
44447,13999380,14001880,2500,gene
44448,14001790,14001880,90,mRNA
44449,14001493,14001644,151,mRNA
44450,13999380,14001433,2053,mRNA
44451,14001493,14001818,325,mRNA
44452,13999380,14001433,2053,mRNA
44453,14001790,14001809,19,mRNA
44454,14001493,14001644,151,mRNA
44455,13999380,14001433,2053,mRNA
44456,14001493,14001626,133,CDS
44457,13999735,14001433,1698,CDS
44458,14001493,14001626,133,CDS
44459,13999735,14001433,1698,CDS
44460,14001493,14001626,133,CDS
44461,13999735,14001433,1698,CDS
44462,14002127,14020148,18021,gene
44463,14002127,14002379,252,mRNA
44464,14003193,14003415,222,mRNA
44465,14007237,14009717,2480,mRNA
44466,14010031,14010587,556,mRNA
44467,14010697,14010895,198,mRNA
44468,14010996,14017627,6631,mRNA
44469,14017693,14017881,188,mRNA
44470,14017946,14020148,2202,mRNA
44471,14002127,14002301,174,mRNA
44472,14003193,14003415,222,mRNA
44473,14007237,14009717,2480,mRNA
44474,14010031,14010587,556,mRNA
44475,14010697,14010895,198,mRNA
44476,14010996,14017627,6631,mRNA
44477,14017693,14017881,188,mRNA
44478,14017946,14020148,2202,mRNA
44479,14007850,14009717,1867,CDS
44480,14010031,14010587,556,CDS
44481,14010697,14010895,198,CDS
44482,14010996,14017627,6631,CDS
44483,14017693,14017877,184,CDS
44484,14007850,14009717,1867,CDS
44485,14010031,14010587,556,CDS
44486,14010697,14010895,198,CDS
44487,14010996,14017627,6631,CDS
44488,14017693,14017877,184,CDS
44489,14020315,14029121,8806,gene
44490,14028770,14029121,351,mRNA
44491,14025847,14028390,2543,mRNA
44492,14025259,14025789,530,mRNA
44493,14023588,14025184,1596,mRNA
44494,14022180,14023481,1301,mRNA
44495,14021887,14022118,231,mRNA
44496,14020315,14021824,1509,mRNA
44497,14028770,14028844,74,CDS
44498,14025847,14028390,2543,CDS
44499,14025259,14025789,530,CDS
44500,14023588,14025184,1596,CDS
44501,14022180,14023481,1301,CDS
44502,14021887,14022118,231,CDS
44503,14021221,14021824,603,CDS
44504,14029579,14031706,2127,gene
44505,14031389,14031706,317,mRNA
44506,14030807,14031002,195,mRNA
44507,14029579,14030420,841,mRNA
44508,14031389,14031706,317,mRNA
44509,14030807,14031002,195,mRNA
44510,14029825,14030420,595,mRNA
44511,14031389,14031706,317,mRNA
44512,14030807,14031057,250,mRNA
44513,14029825,14030420,595,mRNA
44514,14031389,14031706,317,mRNA
44515,14030807,14031230,423,mRNA
44516,14029825,14030420,595,mRNA
44517,14031308,14031706,398,mRNA
44518,14030807,14031002,195,mRNA
44519,14029825,14030420,595,mRNA
44520,14031308,14031367,59,mRNA
44521,14030807,14031002,195,mRNA
44522,14029825,14030420,595,mRNA
44523,14030807,14030992,185,CDS
44524,14030247,14030420,173,CDS
44525,14030807,14030992,185,CDS
44526,14030247,14030420,173,CDS
44527,14030807,14030992,185,CDS
44528,14030247,14030420,173,CDS
44529,14030807,14030992,185,CDS
44530,14030247,14030420,173,CDS
44531,14030807,14030992,185,CDS
44532,14030247,14030420,173,CDS
44533,14030807,14030992,185,CDS
44534,14030247,14030420,173,CDS
44535,14031450,14034909,3459,gene
44536,14031450,14031595,145,mRNA
44537,14031661,14032370,709,mRNA
44538,14032425,14032643,218,mRNA
44539,14032733,14032897,164,mRNA
44540,14032957,14033683,726,mRNA
44541,14033745,14034640,895,mRNA
44542,14032074,14032370,296,mRNA
44543,14032425,14032643,218,mRNA
44544,14032733,14032897,164,mRNA
44545,14032957,14033683,726,mRNA
44546,14033745,14034909,1164,mRNA
44547,14032074,14032370,296,mRNA
44548,14032425,14032643,218,mRNA
44549,14032733,14032897,164,mRNA
44550,14032957,14033683,726,mRNA
44551,14033745,14034640,895,mRNA
44552,14032228,14032370,142,CDS
44553,14032425,14032643,218,CDS
44554,14032733,14032897,164,CDS
44555,14032957,14033683,726,CDS
44556,14033745,14033996,251,CDS
44557,14032228,14032370,142,CDS
44558,14032425,14032643,218,CDS
44559,14032733,14032897,164,CDS
44560,14032957,14033683,726,CDS
44561,14033745,14033996,251,CDS
44562,14032228,14032370,142,CDS
44563,14032425,14032643,218,CDS
44564,14032733,14032897,164,CDS
44565,14032957,14033683,726,CDS
44566,14033745,14033996,251,CDS
44567,14034531,14036836,2305,gene
44568,14034531,14036836,2305,ncRNA
44569,14034776,14036751,1975,gene
44570,14034776,14036751,1975,mRNA
44571,14034925,14036670,1745,CDS
44572,14037019,14043686,6667,gene
44573,14037019,14037412,393,mRNA
44574,14037478,14037750,272,mRNA
44575,14039048,14039999,951,mRNA
44576,14040064,14040594,530,mRNA
44577,14042159,14042359,200,mRNA
44578,14042448,14043686,1238,mRNA
44579,14037019,14037136,117,mRNA
44580,14037478,14037750,272,mRNA
44581,14039048,14039999,951,mRNA
44582,14040064,14040594,530,mRNA
44583,14041427,14041522,95,mRNA
44584,14042159,14042359,200,mRNA
44585,14042448,14043559,1111,mRNA
44586,14037019,14037136,117,mRNA
44587,14037478,14037750,272,mRNA
44588,14039048,14039999,951,mRNA
44589,14040064,14040594,530,mRNA
44590,14042159,14042359,200,mRNA
44591,14042448,14043559,1111,mRNA
44592,14037019,14037136,117,mRNA
44593,14037481,14037750,269,mRNA
44594,14039048,14039999,951,mRNA
44595,14040064,14040594,530,mRNA
44596,14042159,14042359,200,mRNA
44597,14042448,14043559,1111,mRNA
44598,14037019,14037111,92,mRNA
44599,14037478,14037750,272,mRNA
44600,14039048,14039999,951,mRNA
44601,14040064,14040594,530,mRNA
44602,14041427,14041522,95,mRNA
44603,14042159,14042359,200,mRNA
44604,14042448,14043559,1111,mRNA
44605,14037019,14037111,92,mRNA
44606,14037478,14037750,272,mRNA
44607,14039048,14039999,951,mRNA
44608,14040064,14040594,530,mRNA
44609,14042159,14042359,200,mRNA
44610,14042448,14043559,1111,mRNA
44611,14037019,14037111,92,mRNA
44612,14037481,14037750,269,mRNA
44613,14039048,14039999,951,mRNA
44614,14040064,14040594,530,mRNA
44615,14042159,14042359,200,mRNA
44616,14042448,14043559,1111,mRNA
44617,14037255,14037750,495,mRNA
44618,14039048,14039999,951,mRNA
44619,14040064,14040594,530,mRNA
44620,14042159,14042359,200,mRNA
44621,14042448,14043559,1111,mRNA
44622,14037644,14037750,106,CDS
44623,14039048,14039999,951,CDS
44624,14040064,14040594,530,CDS
44625,14041427,14041522,95,CDS
44626,14042159,14042359,200,CDS
44627,14042448,14043071,623,CDS
44628,14037644,14037750,106,CDS
44629,14039048,14039999,951,CDS
44630,14040064,14040594,530,CDS
44631,14041427,14041522,95,CDS
44632,14042159,14042359,200,CDS
44633,14042448,14043071,623,CDS
44634,14037644,14037750,106,CDS
44635,14039048,14039999,951,CDS
44636,14040064,14040594,530,CDS
44637,14042159,14042359,200,CDS
44638,14042448,14043071,623,CDS
44639,14037644,14037750,106,CDS
44640,14039048,14039999,951,CDS
44641,14040064,14040594,530,CDS
44642,14042159,14042359,200,CDS
44643,14042448,14043071,623,CDS
44644,14037644,14037750,106,CDS
44645,14039048,14039999,951,CDS
44646,14040064,14040594,530,CDS
44647,14042159,14042359,200,CDS
44648,14042448,14043071,623,CDS
44649,14037644,14037750,106,CDS
44650,14039048,14039999,951,CDS
44651,14040064,14040594,530,CDS
44652,14042159,14042359,200,CDS
44653,14042448,14043071,623,CDS
44654,14037644,14037750,106,CDS
44655,14039048,14039999,951,CDS
44656,14040064,14040594,530,CDS
44657,14042159,14042359,200,CDS
44658,14042448,14043071,623,CDS
44659,14037644,14037750,106,CDS
44660,14039048,14039999,951,CDS
44661,14040064,14040594,530,CDS
44662,14042159,14042359,200,CDS
44663,14042448,14043071,623,CDS
44664,14043694,14049892,6198,gene
44665,14049499,14049892,393,mRNA
44666,14049083,14049442,359,mRNA
44667,14048088,14049022,934,mRNA
44668,14047849,14048025,176,mRNA
44669,14046706,14047790,1084,mRNA
44670,14045811,14046635,824,mRNA
44671,14045456,14045756,300,mRNA
44672,14045289,14045399,110,mRNA
44673,14043694,14045227,1533,mRNA
44674,14049499,14049669,170,CDS
44675,14049083,14049442,359,CDS
44676,14048088,14049022,934,CDS
44677,14047849,14048025,176,CDS
44678,14046706,14047790,1084,CDS
44679,14045811,14046635,824,CDS
44680,14045456,14045756,300,CDS
44681,14045289,14045399,110,CDS
44682,14043850,14045227,1377,CDS
44683,14051206,14052469,1263,gene
44684,14051206,14052469,1263,mRNA
44685,14051206,14051245,39,mRNA
44686,14051323,14052469,1146,mRNA
44687,14051336,14052208,872,CDS
44688,14051336,14052208,872,CDS
44689,14052428,14053079,651,gene
44690,14052428,14053079,651,mRNA
44691,14052541,14052996,455,CDS
44692,14053100,14054304,1204,gene
44693,14053841,14054304,463,ncRNA
44694,14053100,14053595,495,ncRNA
44695,14053215,14071583,18368,gene
44696,14053215,14054343,1128,mRNA
44697,14061428,14061511,83,mRNA
44698,14065072,14065158,86,mRNA
44699,14065616,14067268,1652,mRNA
44700,14067330,14067543,213,mRNA
44701,14067612,14067904,292,mRNA
44702,14068192,14068746,554,mRNA
44703,14068808,14068927,119,mRNA
44704,14069892,14071583,1691,mRNA
44705,14053215,14054343,1128,mRNA
44706,14061428,14061511,83,mRNA
44707,14065072,14065158,86,mRNA
44708,14065589,14067268,1679,mRNA
44709,14067330,14067543,213,mRNA
44710,14067612,14067904,292,mRNA
44711,14068192,14068746,554,mRNA
44712,14068808,14068927,119,mRNA
44713,14069892,14070369,477,mRNA
44714,14053215,14054343,1128,mRNA
44715,14061428,14061511,83,mRNA
44716,14065072,14065158,86,mRNA
44717,14065616,14067268,1652,mRNA
44718,14067330,14067543,213,mRNA
44719,14067612,14067904,292,mRNA
44720,14068192,14068746,554,mRNA
44721,14068808,14068927,119,mRNA
44722,14069086,14069396,310,mRNA
44723,14069892,14070369,477,mRNA
44724,14053215,14054343,1128,mRNA
44725,14061428,14061511,83,mRNA
44726,14065072,14065158,86,mRNA
44727,14065616,14067268,1652,mRNA
44728,14067330,14067543,213,mRNA
44729,14067612,14067904,292,mRNA
44730,14068192,14068746,554,mRNA
44731,14068808,14068927,119,mRNA
44732,14069922,14070369,447,mRNA
44733,14054068,14054343,275,CDS
44734,14061428,14061511,83,CDS
44735,14065072,14065158,86,CDS
44736,14065589,14067268,1679,CDS
44737,14067330,14067543,213,CDS
44738,14067612,14067904,292,CDS
44739,14068192,14068746,554,CDS
44740,14068808,14068927,119,CDS
44741,14069892,14070134,242,CDS
44742,14054068,14054343,275,CDS
44743,14061428,14061511,83,CDS
44744,14065072,14065158,86,CDS
44745,14065616,14067268,1652,CDS
44746,14067330,14067543,213,CDS
44747,14067612,14067904,292,CDS
44748,14068192,14068746,554,CDS
44749,14068808,14068927,119,CDS
44750,14069892,14070134,242,CDS
44751,14054068,14054343,275,CDS
44752,14061428,14061511,83,CDS
44753,14065072,14065158,86,CDS
44754,14065616,14067268,1652,CDS
44755,14067330,14067543,213,CDS
44756,14067612,14067904,292,CDS
44757,14068192,14068746,554,CDS
44758,14068808,14068927,119,CDS
44759,14069922,14070134,212,CDS
44760,14054068,14054343,275,CDS
44761,14061428,14061511,83,CDS
44762,14065072,14065158,86,CDS
44763,14065616,14067268,1652,CDS
44764,14067330,14067543,213,CDS
44765,14067612,14067904,292,CDS
44766,14068192,14068746,554,CDS
44767,14068808,14068927,119,CDS
44768,14069086,14069145,59,CDS
44769,14071892,14076123,4231,gene
44770,14071892,14072060,168,mRNA
44771,14072135,14072261,126,mRNA
44772,14072382,14072485,103,mRNA
44773,14072759,14072873,114,mRNA
44774,14072932,14074518,1586,mRNA
44775,14074577,14074773,196,mRNA
44776,14074836,14075459,623,mRNA
44777,14075710,14075813,103,mRNA
44778,14075876,14076123,247,mRNA
44779,14071968,14072060,92,CDS
44780,14072135,14072261,126,CDS
44781,14072382,14072485,103,CDS
44782,14072759,14072873,114,CDS
44783,14072932,14074518,1586,CDS
44784,14074577,14074773,196,CDS
44785,14074836,14075459,623,CDS
44786,14075710,14075813,103,CDS
44787,14075876,14075945,69,CDS
44788,14075772,14083229,7457,gene
44789,14075772,14075813,41,mRNA
44790,14075876,14076048,172,mRNA
44791,14079455,14082188,2733,mRNA
44792,14082274,14083229,955,mRNA
44793,14077065,14077127,62,mRNA
44794,14079455,14082188,2733,mRNA
44795,14082274,14083229,955,mRNA
44796,14079612,14082188,2576,CDS
44797,14082274,14082855,581,CDS
44798,14079612,14082188,2576,CDS
44799,14082274,14082855,581,CDS
44800,14083615,14086421,2806,gene
44801,14083615,14083864,249,mRNA
44802,14083964,14086421,2457,mRNA
44803,14083615,14083864,249,mRNA
44804,14083964,14085964,2000,mRNA
44805,14083615,14083864,249,mRNA
44806,14083964,14085734,1770,mRNA
44807,14083628,14083864,236,CDS
44808,14083964,14085673,1709,CDS
44809,14083628,14083864,236,CDS
44810,14083964,14085673,1709,CDS
44811,14083628,14083864,236,CDS
44812,14083964,14085673,1709,CDS
44813,14094589,14098053,3464,gene
44814,14097875,14098053,178,mRNA
44815,14094589,14097808,3219,mRNA
44816,14097869,14098053,184,mRNA
44817,14094589,14097808,3219,mRNA
44818,14094589,14098053,3464,mRNA
44819,14097875,14097959,84,CDS
44820,14094810,14097808,2998,CDS
44821,14097869,14097959,90,CDS
44822,14094810,14097808,2998,CDS
44823,14094810,14097803,2993,CDS
44824,14103481,14108118,4637,gene
44825,14107808,14108118,310,mRNA
44826,14106542,14107158,616,mRNA
44827,14103481,14104887,1406,mRNA
44828,14107808,14108118,310,mRNA
44829,14106542,14107158,616,mRNA
44830,14103481,14104887,1406,mRNA
44831,14106542,14107074,532,CDS
44832,14104197,14104887,690,CDS
44833,14106542,14107074,532,CDS
44834,14104254,14104887,633,CDS
44835,14112405,14131324,18919,gene
44836,14131138,14131324,186,mRNA
44837,14125390,14126198,808,mRNA
44838,14125086,14125249,163,mRNA
44839,14118631,14118697,66,mRNA
44840,14118445,14118572,127,mRNA
44841,14116266,14116360,94,mRNA
44842,14112405,14113602,1197,mRNA
44843,14130558,14131297,739,mRNA
44844,14125390,14126198,808,mRNA
44845,14125086,14125249,163,mRNA
44846,14118631,14118697,66,mRNA
44847,14118445,14118572,127,mRNA
44848,14116266,14116360,94,mRNA
44849,14112405,14113602,1197,mRNA
44850,14130558,14131297,739,mRNA
44851,14125390,14126198,808,mRNA
44852,14125086,14125249,163,mRNA
44853,14118631,14118697,66,mRNA
44854,14118445,14118572,127,mRNA
44855,14116266,14116360,94,mRNA
44856,14112405,14113602,1197,mRNA
44857,14125390,14126072,682,CDS
44858,14125086,14125249,163,CDS
44859,14118631,14118697,66,CDS
44860,14118445,14118572,127,CDS
44861,14116266,14116360,94,CDS
44862,14112976,14113602,626,CDS
44863,14125390,14126072,682,CDS
44864,14125086,14125249,163,CDS
44865,14118631,14118697,66,CDS
44866,14118445,14118572,127,CDS
44867,14116266,14116360,94,CDS
44868,14113024,14113602,578,CDS
44869,14125390,14126072,682,CDS
44870,14125086,14125249,163,CDS
44871,14118631,14118697,66,CDS
44872,14118445,14118572,127,CDS
44873,14116266,14116360,94,CDS
44874,14113024,14113602,578,CDS
44875,14134722,14135102,380,gene
44876,14134722,14135102,380,ncRNA
44877,14175610,14178620,3010,gene
44878,14178569,14178620,51,mRNA
44879,14175610,14178492,2882,mRNA
44880,14175610,14177537,1927,mRNA
44881,14178569,14178620,51,mRNA
44882,14175926,14178492,2566,mRNA
44883,14175926,14177537,1611,mRNA
44884,14176190,14177338,1148,CDS
44885,14176190,14177338,1148,CDS
44886,14176190,14177338,1148,CDS
44887,14176190,14177338,1148,CDS
44888,14186249,14189648,3399,gene
44889,14189024,14189648,624,mRNA
44890,14188672,14188898,226,mRNA
44891,14188321,14188600,279,mRNA
44892,14187749,14188262,513,mRNA
44893,14187463,14187689,226,mRNA
44894,14187258,14187409,151,mRNA
44895,14187088,14187196,108,mRNA
44896,14186597,14187019,422,mRNA
44897,14186249,14186538,289,mRNA
44898,14189024,14189648,624,mRNA
44899,14188672,14188898,226,mRNA
44900,14188321,14188600,279,mRNA
44901,14187749,14188262,513,mRNA
44902,14187463,14187689,226,mRNA
44903,14187258,14187409,151,mRNA
44904,14187088,14187196,108,mRNA
44905,14186597,14187019,422,mRNA
44906,14186249,14186541,292,mRNA
44907,14189024,14189422,398,CDS
44908,14188672,14188898,226,CDS
44909,14188321,14188600,279,CDS
44910,14187749,14188262,513,CDS
44911,14187463,14187689,226,CDS
44912,14187258,14187409,151,CDS
44913,14187088,14187196,108,CDS
44914,14186597,14187019,422,CDS
44915,14186368,14186538,170,CDS
44916,14189024,14189422,398,CDS
44917,14188672,14188898,226,CDS
44918,14188321,14188600,279,CDS
44919,14187749,14188262,513,CDS
44920,14187463,14187689,226,CDS
44921,14187258,14187409,151,CDS
44922,14187088,14187196,108,CDS
44923,14186597,14187019,422,CDS
44924,14186368,14186541,173,CDS
44925,14190870,14233250,42380,gene
44926,14190870,14191591,721,mRNA
44927,14199945,14200100,155,mRNA
44928,14200165,14200447,282,mRNA
44929,14200739,14200807,68,mRNA
44930,14201622,14201666,44,mRNA
44931,14212194,14212232,38,mRNA
44932,14213089,14213203,114,mRNA
44933,14230176,14230310,134,mRNA
44934,14230656,14231112,456,mRNA
44935,14231177,14231325,148,mRNA
44936,14231597,14231635,38,mRNA
44937,14231927,14233250,1323,mRNA
44938,14190870,14191591,721,mRNA
44939,14199945,14200100,155,mRNA
44940,14200168,14200447,279,mRNA
44941,14200739,14200807,68,mRNA
44942,14201622,14201666,44,mRNA
44943,14212194,14212232,38,mRNA
44944,14213089,14213203,114,mRNA
44945,14230176,14230310,134,mRNA
44946,14230656,14231112,456,mRNA
44947,14231177,14231325,148,mRNA
44948,14231597,14231635,38,mRNA
44949,14231927,14233250,1323,mRNA
44950,14190873,14191591,718,mRNA
44951,14199945,14200100,155,mRNA
44952,14200165,14200447,282,mRNA
44953,14200739,14200807,68,mRNA
44954,14212194,14212232,38,mRNA
44955,14213089,14213203,114,mRNA
44956,14230176,14230310,134,mRNA
44957,14230656,14231112,456,mRNA
44958,14231177,14231325,148,mRNA
44959,14231927,14233250,1323,mRNA
44960,14190873,14191591,718,mRNA
44961,14199945,14200100,155,mRNA
44962,14200165,14200447,282,mRNA
44963,14200739,14200807,68,mRNA
44964,14212194,14212232,38,mRNA
44965,14213089,14213203,114,mRNA
44966,14230176,14230310,134,mRNA
44967,14230656,14231112,456,mRNA
44968,14231177,14231325,148,mRNA
44969,14231597,14231635,38,mRNA
44970,14231927,14232500,573,mRNA
44971,14190873,14191591,718,mRNA
44972,14199945,14200100,155,mRNA
44973,14200165,14200447,282,mRNA
44974,14200739,14200807,68,mRNA
44975,14212194,14212232,38,mRNA
44976,14213089,14213203,114,mRNA
44977,14230176,14230310,134,mRNA
44978,14230656,14231112,456,mRNA
44979,14231177,14231325,148,mRNA
44980,14231927,14232500,573,mRNA
44981,14199968,14200100,132,CDS
44982,14200165,14200447,282,CDS
44983,14200739,14200807,68,CDS
44984,14201622,14201666,44,CDS
44985,14212194,14212232,38,CDS
44986,14213089,14213203,114,CDS
44987,14230176,14230310,134,CDS
44988,14230656,14231112,456,CDS
44989,14231177,14231325,148,CDS
44990,14231597,14231635,38,CDS
44991,14231927,14232055,128,CDS
44992,14199968,14200100,132,CDS
44993,14200165,14200447,282,CDS
44994,14200739,14200807,68,CDS
44995,14212194,14212232,38,CDS
44996,14213089,14213203,114,CDS
44997,14230176,14230310,134,CDS
44998,14230656,14231112,456,CDS
44999,14231177,14231325,148,CDS
45000,14231597,14231635,38,CDS
45001,14231927,14232055,128,CDS
45002,14199968,14200100,132,CDS
45003,14200165,14200447,282,CDS
45004,14200739,14200807,68,CDS
45005,14212194,14212232,38,CDS
45006,14213089,14213203,114,CDS
45007,14230176,14230310,134,CDS
45008,14230656,14231112,456,CDS
45009,14231177,14231325,148,CDS
45010,14231927,14232055,128,CDS
45011,14199968,14200100,132,CDS
45012,14200165,14200447,282,CDS
45013,14200739,14200807,68,CDS
45014,14212194,14212232,38,CDS
45015,14213089,14213203,114,CDS
45016,14230176,14230310,134,CDS
45017,14230656,14231112,456,CDS
45018,14231177,14231325,148,CDS
45019,14231927,14232055,128,CDS
45020,14199968,14200100,132,CDS
45021,14200168,14200447,279,CDS
45022,14200739,14200807,68,CDS
45023,14201622,14201666,44,CDS
45024,14212194,14212232,38,CDS
45025,14213089,14213203,114,CDS
45026,14230176,14230310,134,CDS
45027,14230656,14231112,456,CDS
45028,14231177,14231325,148,CDS
45029,14231597,14231635,38,CDS
45030,14231927,14232055,128,CDS
45031,14203323,14204294,971,gene
45032,14203323,14203652,329,mRNA
45033,14203712,14204294,582,mRNA
45034,14203434,14203652,218,CDS
45035,14203712,14204209,497,CDS
45036,14205432,14205585,153,mRNA
45037,14207406,14207700,294,mRNA
45038,14212194,14212232,38,mRNA
45039,14213089,14213203,114,mRNA
45040,14230176,14230310,134,mRNA
45041,14230656,14231112,456,mRNA
45042,14231177,14231325,148,mRNA
45043,14231597,14231635,38,mRNA
45044,14231927,14233250,1323,mRNA
45045,14205432,14205585,153,mRNA
45046,14212194,14212232,38,mRNA
45047,14213089,14213203,114,mRNA
45048,14230176,14230310,134,mRNA
45049,14230656,14231112,456,mRNA
45050,14231177,14231325,148,mRNA
45051,14231927,14233250,1323,mRNA
45052,14213156,14213203,47,CDS
45053,14230176,14230310,134,CDS
45054,14230656,14231112,456,CDS
45055,14231177,14231325,148,CDS
45056,14231597,14231635,38,CDS
45057,14231927,14232055,128,CDS
45058,14213156,14213203,47,CDS
45059,14230176,14230310,134,CDS
45060,14230656,14231112,456,CDS
45061,14231177,14231325,148,CDS
45062,14231927,14232055,128,CDS
45063,14218204,14218974,770,gene
45064,14218204,14218290,86,mRNA
45065,14218345,14218974,629,mRNA
45066,14218204,14218290,86,mRNA
45067,14218383,14218974,591,mRNA
45068,14218383,14218877,494,CDS
45069,14218383,14218877,494,CDS
45070,14219742,14219936,194,mRNA
45071,14225431,14226403,972,mRNA
45072,14230176,14230310,134,mRNA
45073,14230656,14231112,456,mRNA
45074,14231177,14231325,148,mRNA
45075,14231597,14231635,38,mRNA
45076,14231927,14233250,1323,mRNA
45077,14219742,14219936,194,mRNA
45078,14225431,14226403,972,mRNA
45079,14230176,14230310,134,mRNA
45080,14230656,14231112,456,mRNA
45081,14231177,14231325,148,mRNA
45082,14231927,14233250,1323,mRNA
45083,14221440,14221500,60,mRNA
45084,14225431,14226403,972,mRNA
45085,14230176,14230310,134,mRNA
45086,14230656,14231112,456,mRNA
45087,14231177,14231325,148,mRNA
45088,14231597,14231635,38,mRNA
45089,14231927,14233250,1323,mRNA
45090,14221440,14221500,60,mRNA
45091,14225431,14226403,972,mRNA
45092,14230176,14230310,134,mRNA
45093,14230656,14231112,456,mRNA
45094,14231177,14231325,148,mRNA
45095,14231927,14233250,1323,mRNA
45096,14225687,14226403,716,CDS
45097,14230176,14230310,134,CDS
45098,14230656,14231112,456,CDS
45099,14231177,14231325,148,CDS
45100,14231597,14231635,38,CDS
45101,14231927,14232055,128,CDS
45102,14225687,14226403,716,CDS
45103,14230176,14230310,134,CDS
45104,14230656,14231112,456,CDS
45105,14231177,14231325,148,CDS
45106,14231597,14231635,38,CDS
45107,14231927,14232055,128,CDS
45108,14225687,14226403,716,CDS
45109,14230176,14230310,134,CDS
45110,14230656,14231112,456,CDS
45111,14231177,14231325,148,CDS
45112,14231927,14232055,128,CDS
45113,14225687,14226403,716,CDS
45114,14230176,14230310,134,CDS
45115,14230656,14231112,456,CDS
45116,14231177,14231325,148,CDS
45117,14231927,14232055,128,CDS
45118,14228850,14228953,103,mRNA
45119,14229828,14230106,278,mRNA
45120,14230176,14230310,134,mRNA
45121,14230656,14231112,456,mRNA
45122,14231177,14231325,148,mRNA
45123,14231927,14233250,1323,mRNA
45124,14230026,14230106,80,CDS
45125,14230176,14230310,134,CDS
45126,14230656,14231112,456,CDS
45127,14231177,14231325,148,CDS
45128,14231927,14232055,128,CDS
45129,14233469,14234609,1140,gene
45130,14233469,14233517,48,mRNA
45131,14233580,14234609,1029,mRNA
45132,14233487,14233517,30,CDS
45133,14233580,14234514,934,CDS
45134,14235053,14235941,888,gene
45135,14235612,14235941,329,mRNA
45136,14235053,14235551,498,mRNA
45137,14235612,14235720,108,mRNA
45138,14235183,14235551,368,mRNA
45139,14235612,14235639,27,CDS
45140,14235241,14235551,310,CDS
45141,14235612,14235639,27,CDS
45142,14235241,14235551,310,CDS
45143,14236635,14238272,1637,gene
45144,14236635,14236789,154,mRNA
45145,14237021,14238001,980,mRNA
45146,14238058,14238272,214,mRNA
45147,14236724,14236789,65,mRNA
45148,14237021,14237995,974,mRNA
45149,14238058,14238249,191,mRNA
45150,14236768,14236789,21,CDS
45151,14237021,14238001,980,CDS
45152,14238058,14238125,67,CDS
45153,14236768,14236789,21,CDS
45154,14237021,14237995,974,CDS
45155,14238058,14238125,67,CDS
45156,14238607,14239440,833,gene
45157,14238607,14239440,833,ncRNA
45158,14245005,14245691,686,gene
45159,14245005,14245691,686,ncRNA
45160,14245616,14245658,42,mobile_element
45161,14245993,14247011,1018,gene
45162,14245993,14246137,144,ncRNA
45163,14246197,14246719,522,ncRNA
45164,14246787,14247011,224,ncRNA
45165,14267428,14271795,4367,mobile_element
45166,14274343,14368639,94296,gene
45167,14274343,14275726,1383,mRNA
45168,14304897,14305016,119,mRNA
45169,14311861,14312055,194,mRNA
45170,14317112,14317337,225,mRNA
45171,14366748,14368639,1891,mRNA
45172,14274343,14275726,1383,mRNA
45173,14304897,14305016,119,mRNA
45174,14311861,14312055,194,mRNA
45175,14317112,14317337,225,mRNA
45176,14366748,14368639,1891,mRNA
45177,14275055,14275726,671,CDS
45178,14304897,14305016,119,CDS
45179,14311861,14312055,194,CDS
45180,14317112,14317337,225,CDS
45181,14366748,14367373,625,CDS
45182,14275055,14275726,671,CDS
45183,14304897,14305016,119,CDS
45184,14311861,14312055,194,CDS
45185,14317112,14317337,225,CDS
45186,14366748,14367280,532,CDS
45187,14296038,14296465,427,mobile_element
45188,14312098,14316826,4728,mobile_element
45189,14322552,14326251,3699,gene
45190,14326076,14326251,175,ncRNA
45191,14322552,14322922,370,ncRNA
45192,14329346,14329885,539,gene
45193,14329346,14329885,539,mRNA
45194,14329437,14329745,308,CDS
45195,14368925,14369707,782,gene
45196,14368925,14369707,782,mRNA
45197,14368994,14369707,713,mRNA
45198,14369113,14369643,530,CDS
45199,14369113,14369643,530,CDS
45200,14381913,14383299,1386,gene
45201,14381913,14381981,68,mRNA
45202,14382050,14382467,417,mRNA
45203,14382517,14383299,782,mRNA
45204,14381965,14381981,16,CDS
45205,14382050,14382467,417,CDS
45206,14382517,14382942,425,CDS
45207,14400769,14402725,1956,gene
45208,14402569,14402725,156,mRNA
45209,14401261,14402088,827,mRNA
45210,14400769,14400964,195,mRNA
45211,14402569,14402698,129,CDS
45212,14401261,14402088,827,CDS
45213,14400873,14400964,91,CDS
45214,14402159,14402222,63,mobile_element
45215,14402930,14409939,7009,gene
45216,14409615,14409939,324,mRNA
45217,14402930,14406837,3907,mRNA
45218,14403417,14403464,47,mobile_element
45219,14409615,14409939,324,mRNA
45220,14403510,14406837,3327,mRNA
45221,14408746,14408846,100,mRNA
45222,14403510,14406837,3327,mRNA
45223,14409615,14409762,147,CDS
45224,14403872,14406837,2965,CDS
45225,14409615,14409762,147,CDS
45226,14403872,14406837,2965,CDS
45227,14408746,14408779,33,CDS
45228,14403872,14406837,2965,CDS
45229,14408198,14408255,57,mobile_element
45230,14410117,14410698,581,gene
45231,14410117,14410698,581,ncRNA
45232,14410626,14412732,2106,gene
45233,14410626,14410901,275,mRNA
45234,14411081,14411272,191,mRNA
45235,14411500,14411810,310,mRNA
45236,14412035,14412184,149,mRNA
45237,14412256,14412732,476,mRNA
45238,14410626,14410901,275,mRNA
45239,14411081,14411272,191,mRNA
45240,14411500,14411810,310,mRNA
45241,14412035,14412136,101,mRNA
45242,14412256,14412732,476,mRNA
45243,14411095,14411272,177,CDS
45244,14411500,14411810,310,CDS
45245,14412035,14412184,149,CDS
45246,14412256,14412573,317,CDS
45247,14411095,14411272,177,CDS
45248,14411500,14411810,310,CDS
45249,14412035,14412136,101,CDS
45250,14412256,14412573,317,CDS
45251,14412828,14536276,123448,gene
45252,14448255,14448573,318,mRNA
45253,14438426,14438468,42,mRNA
45254,14414767,14417195,2428,mRNA
45255,14414570,14414698,128,mRNA
45256,14414080,14414494,414,mRNA
45257,14413575,14413715,140,mRNA
45258,14412828,14413510,682,mRNA
45259,14427268,14427378,110,mRNA
45260,14426689,14426911,222,mRNA
45261,14414767,14417195,2428,mRNA
45262,14414570,14414698,128,mRNA
45263,14414080,14414494,414,mRNA
45264,14413575,14413715,140,mRNA
45265,14412828,14413510,682,mRNA
45266,14427178,14427378,200,mRNA
45267,14426689,14426911,222,mRNA
45268,14414767,14417195,2428,mRNA
45269,14414570,14414698,128,mRNA
45270,14414080,14414494,414,mRNA
45271,14413575,14413715,140,mRNA
45272,14412828,14413510,682,mRNA
45273,14536055,14536276,221,mRNA
45274,14533561,14533722,161,mRNA
45275,14510904,14513270,2366,mRNA
45276,14507614,14509919,2305,mRNA
45277,14414767,14417195,2428,mRNA
45278,14414570,14414698,128,mRNA
45279,14414080,14414494,414,mRNA
45280,14413575,14413715,140,mRNA
45281,14412991,14413510,519,mRNA
45282,14536039,14536276,237,mRNA
45283,14533561,14533722,161,mRNA
45284,14510904,14513270,2366,mRNA
45285,14507614,14509919,2305,mRNA
45286,14414767,14417195,2428,mRNA
45287,14414570,14414698,128,mRNA
45288,14414080,14414494,414,mRNA
45289,14413575,14413715,140,mRNA
45290,14412991,14413510,519,mRNA
45291,14510018,14510074,56,mRNA
45292,14507614,14509919,2305,mRNA
45293,14414767,14417195,2428,mRNA
45294,14414570,14414698,128,mRNA
45295,14414080,14414494,414,mRNA
45296,14413575,14413715,140,mRNA
45297,14412991,14413510,519,mRNA
45298,14476374,14476688,314,mRNA
45299,14414767,14417195,2428,mRNA
45300,14414570,14414698,128,mRNA
45301,14414080,14414494,414,mRNA
45302,14413575,14413715,140,mRNA
45303,14412991,14413510,519,mRNA
45304,14427272,14427378,106,mRNA
45305,14426693,14426911,218,mRNA
45306,14414767,14417195,2428,mRNA
45307,14414570,14414698,128,mRNA
45308,14414080,14414494,414,mRNA
45309,14413575,14413715,140,mRNA
45310,14412991,14413510,519,mRNA
45311,14510904,14513248,2344,CDS
45312,14507614,14509919,2305,CDS
45313,14414767,14417195,2428,CDS
45314,14414570,14414698,128,CDS
45315,14414080,14414494,414,CDS
45316,14413575,14413715,140,CDS
45317,14413362,14413510,148,CDS
45318,14510904,14513248,2344,CDS
45319,14507614,14509919,2305,CDS
45320,14414767,14417195,2428,CDS
45321,14414570,14414698,128,CDS
45322,14414080,14414494,414,CDS
45323,14413575,14413715,140,CDS
45324,14413362,14413510,148,CDS
45325,14507614,14509879,2265,CDS
45326,14414767,14417195,2428,CDS
45327,14414570,14414698,128,CDS
45328,14414080,14414494,414,CDS
45329,14413575,14413715,140,CDS
45330,14413362,14413510,148,CDS
45331,14476374,14476416,42,CDS
45332,14414767,14417195,2428,CDS
45333,14414570,14414698,128,CDS
45334,14414080,14414494,414,CDS
45335,14413575,14413715,140,CDS
45336,14413362,14413510,148,CDS
45337,14438426,14438450,24,CDS
45338,14414767,14417195,2428,CDS
45339,14414570,14414698,128,CDS
45340,14414080,14414494,414,CDS
45341,14413575,14413715,140,CDS
45342,14413362,14413510,148,CDS
45343,14414767,14417034,2267,CDS
45344,14414570,14414698,128,CDS
45345,14414080,14414494,414,CDS
45346,14413575,14413715,140,CDS
45347,14413362,14413510,148,CDS
45348,14414767,14417034,2267,CDS
45349,14414570,14414698,128,CDS
45350,14414080,14414494,414,CDS
45351,14413575,14413715,140,CDS
45352,14413362,14413510,148,CDS
45353,14414767,14417034,2267,CDS
45354,14414570,14414698,128,CDS
45355,14414080,14414494,414,CDS
45356,14413575,14413715,140,CDS
45357,14413362,14413510,148,CDS
45358,14420602,14421294,692,gene
45359,14420602,14421294,692,ncRNA
45360,14424501,14425926,1425,gene
45361,14424501,14424764,263,ncRNA
45362,14424886,14425926,1040,ncRNA
45363,14468500,14473647,5147,mobile_element
45364,14504176,14504477,301,mobile_element
45365,14517825,14518475,650,gene
45366,14517825,14518475,650,mRNA
45367,14517992,14518450,458,CDS
45368,14519760,14521690,1930,gene
45369,14521286,14521690,404,mRNA
45370,14520098,14520666,568,mRNA
45371,14519760,14520026,266,mRNA
45372,14521286,14521690,404,mRNA
45373,14520098,14520666,568,mRNA
45374,14519801,14520026,225,mRNA
45375,14521286,14521667,381,CDS
45376,14520098,14520666,568,CDS
45377,14519853,14520026,173,CDS
45378,14521286,14521667,381,CDS
45379,14520098,14520666,568,CDS
45380,14519853,14520026,173,CDS
45381,14524380,14529076,4696,mobile_element
45382,14536634,14537272,638,gene
45383,14536634,14536892,258,mRNA
45384,14536944,14537272,328,mRNA
45385,14536634,14536892,258,CDS
45386,14536944,14537191,247,CDS
45387,14537651,14540441,2790,gene
45388,14537651,14537702,51,mRNA
45389,14538004,14538421,417,mRNA
45390,14538729,14539069,340,mRNA
45391,14539553,14540441,888,mRNA
45392,14537726,14537848,122,mRNA
45393,14538004,14538421,417,mRNA
45394,14538729,14539069,340,mRNA
45395,14539553,14540441,888,mRNA
45396,14537726,14537834,108,mRNA
45397,14538004,14538421,417,mRNA
45398,14538729,14539069,340,mRNA
45399,14539553,14540441,888,mRNA
45400,14538032,14538421,389,CDS
45401,14538729,14539069,340,CDS
45402,14539553,14539892,339,CDS
45403,14538032,14538421,389,CDS
45404,14538729,14539069,340,CDS
45405,14539553,14539892,339,CDS
45406,14538032,14538421,389,CDS
45407,14538729,14539069,340,CDS
45408,14539553,14539892,339,CDS
45409,14540937,14550975,10038,gene
45410,14550537,14550975,438,mRNA
45411,14549998,14550159,161,mRNA
45412,14547117,14547482,365,mRNA
45413,14542733,14542939,206,mRNA
45414,14542355,14542667,312,mRNA
45415,14540937,14542295,1358,mRNA
45416,14550537,14550975,438,mRNA
45417,14549998,14550159,161,mRNA
45418,14547117,14547482,365,mRNA
45419,14542733,14542939,206,mRNA
45420,14542355,14542667,312,mRNA
45421,14541046,14542295,1249,mRNA
45422,14550537,14550975,438,mRNA
45423,14547117,14547482,365,mRNA
45424,14542733,14542939,206,mRNA
45425,14542355,14542667,312,mRNA
45426,14541537,14542295,758,mRNA
45427,14549998,14550089,91,CDS
45428,14547117,14547482,365,CDS
45429,14542733,14542939,206,CDS
45430,14542355,14542667,312,CDS
45431,14542119,14542295,176,CDS
45432,14549998,14550089,91,CDS
45433,14547117,14547482,365,CDS
45434,14542733,14542939,206,CDS
45435,14542355,14542667,312,CDS
45436,14542119,14542295,176,CDS
45437,14547117,14547412,295,CDS
45438,14542733,14542939,206,CDS
45439,14542355,14542667,312,CDS
45440,14542119,14542295,176,CDS
45441,14560000,14562613,2613,gene
45442,14560000,14560088,88,mRNA
45443,14561859,14561999,140,mRNA
45444,14562052,14562283,231,mRNA
45445,14562377,14562613,236,mRNA
45446,14560000,14560953,953,gene
45447,14560000,14560088,88,ncRNA
45448,14560183,14560953,770,ncRNA
45449,14560086,14560088,2,CDS
45450,14561859,14561999,140,CDS
45451,14562052,14562283,231,CDS
45452,14562377,14562597,220,CDS
45453,14560139,14560764,625,gene
45454,14560139,14560764,625,mRNA
45455,14560248,14560730,482,CDS
45456,14563202,14563283,81,mobile_element
45457,14567440,14568133,693,gene
45458,14567440,14567483,43,mRNA
45459,14567547,14568133,586,mRNA
45460,14567683,14568057,374,CDS
45461,14583222,14599540,16318,gene
45462,14597786,14599540,1754,mRNA
45463,14595890,14596075,185,mRNA
45464,14590001,14590197,196,mRNA
45465,14583222,14584097,875,mRNA
45466,14597786,14598713,927,CDS
45467,14595890,14596075,185,CDS
45468,14590001,14590197,196,CDS
45469,14583867,14584097,230,CDS
45470,14614458,14622205,7747,gene
45471,14614458,14614930,472,mRNA
45472,14616458,14616712,254,mRNA
45473,14619433,14619727,294,mRNA
45474,14619918,14620512,594,mRNA
45475,14620578,14620755,177,mRNA
45476,14620813,14621052,239,mRNA
45477,14621181,14621396,215,mRNA
45478,14621473,14622205,732,mRNA
45479,14614458,14614930,472,mRNA
45480,14619433,14619727,294,mRNA
45481,14619918,14620512,594,mRNA
45482,14620578,14620755,177,mRNA
45483,14620813,14621052,239,mRNA
45484,14621181,14621396,215,mRNA
45485,14621473,14622205,732,mRNA
45486,14619445,14619727,282,CDS
45487,14619918,14620512,594,CDS
45488,14620578,14620755,177,CDS
45489,14620813,14621052,239,CDS
45490,14621181,14621396,215,CDS
45491,14621473,14621583,110,CDS
45492,14619445,14619727,282,CDS
45493,14619918,14620512,594,CDS
45494,14620578,14620755,177,CDS
45495,14620813,14621052,239,CDS
45496,14621181,14621396,215,CDS
45497,14621473,14621583,110,CDS
45498,14619830,14619860,30,mRNA
45499,14619918,14620512,594,mRNA
45500,14620578,14620755,177,mRNA
45501,14620813,14621052,239,mRNA
45502,14621181,14621396,215,mRNA
45503,14621473,14621845,372,mRNA
45504,14619956,14620512,556,CDS
45505,14620578,14620755,177,CDS
45506,14620813,14621052,239,CDS
45507,14621181,14621396,215,CDS
45508,14621473,14621583,110,CDS
45509,14622796,14628174,5378,gene
45510,14622796,14623033,237,mRNA
45511,14627020,14627126,106,mRNA
45512,14627335,14627495,160,mRNA
45513,14627556,14628174,618,mRNA
45514,14622796,14622907,111,mRNA
45515,14626841,14626894,53,mRNA
45516,14627020,14627126,106,mRNA
45517,14627335,14627495,160,mRNA
45518,14627556,14628174,618,mRNA
45519,14622796,14622935,139,mRNA
45520,14626841,14626894,53,mRNA
45521,14627020,14627126,106,mRNA
45522,14627335,14627495,160,mRNA
45523,14627556,14627983,427,mRNA
45524,14626873,14626894,21,CDS
45525,14627020,14627126,106,CDS
45526,14627335,14627495,160,CDS
45527,14627556,14627793,237,CDS
45528,14626873,14626894,21,CDS
45529,14627020,14627126,106,CDS
45530,14627335,14627495,160,CDS
45531,14627556,14627793,237,CDS
45532,14627037,14627126,89,CDS
45533,14627335,14627495,160,CDS
45534,14627556,14627793,237,CDS
45535,14628160,14632077,3917,gene
45536,14631881,14632077,196,mRNA
45537,14630520,14631818,1298,mRNA
45538,14629741,14630192,451,mRNA
45539,14628463,14629681,1218,mRNA
45540,14628160,14628404,244,mRNA
45541,14631881,14632077,196,mRNA
45542,14630520,14631818,1298,mRNA
45543,14629741,14630444,703,mRNA
45544,14628463,14629681,1218,mRNA
45545,14628160,14628404,244,mRNA
45546,14631881,14632077,196,mRNA
45547,14629741,14631818,2077,mRNA
45548,14628463,14629681,1218,mRNA
45549,14628160,14628404,244,mRNA
45550,14631881,14631983,102,CDS
45551,14630520,14631818,1298,CDS
45552,14629741,14630192,451,CDS
45553,14628463,14629681,1218,CDS
45554,14628301,14628404,103,CDS
45555,14630298,14630465,167,mobile_element
45556,14631881,14631983,102,CDS
45557,14630520,14631818,1298,CDS
45558,14630440,14630444,4,CDS
45559,14631881,14631983,102,CDS
45560,14630509,14631818,1309,CDS
45561,14632601,14671609,39008,gene
45562,14632601,14633382,781,mRNA
45563,14664296,14664460,164,mRNA
45564,14664836,14665070,234,mRNA
45565,14667259,14667415,156,mRNA
45566,14667475,14667741,266,mRNA
45567,14669296,14669843,547,mRNA
45568,14669904,14670073,169,mRNA
45569,14670173,14671609,1436,mRNA
45570,14632601,14633382,781,mRNA
45571,14664296,14664460,164,mRNA
45572,14664836,14665070,234,mRNA
45573,14667259,14667415,156,mRNA
45574,14667475,14667741,266,mRNA
45575,14669296,14669843,547,mRNA
45576,14669904,14670073,169,mRNA
45577,14670176,14671609,1433,mRNA
45578,14633073,14633382,309,CDS
45579,14664296,14664460,164,CDS
45580,14664836,14665070,234,CDS
45581,14667259,14667415,156,CDS
45582,14667475,14667741,266,CDS
45583,14669296,14669843,547,CDS
45584,14669904,14670073,169,CDS
45585,14670173,14670618,445,CDS
45586,14633073,14633382,309,CDS
45587,14664296,14664460,164,CDS
45588,14664836,14665070,234,CDS
45589,14667259,14667415,156,CDS
45590,14667475,14667741,266,CDS
45591,14669296,14669843,547,CDS
45592,14669904,14670073,169,CDS
45593,14670176,14670618,442,CDS
45594,14661455,14661946,491,gene
45595,14661455,14661946,491,ncRNA
45596,14671935,14672437,502,gene
45597,14671935,14672437,502,mRNA
45598,14672047,14672400,353,CDS
45599,14672839,14747868,75029,gene
45600,14672839,14673223,384,mRNA
45601,14680199,14680787,588,mRNA
45602,14744189,14744443,254,mRNA
45603,14744531,14745307,776,mRNA
45604,14745428,14745881,453,mRNA
45605,14745955,14746175,220,mRNA
45606,14746235,14746404,169,mRNA
45607,14746487,14746647,160,mRNA
45608,14746708,14746913,205,mRNA
45609,14746978,14747868,890,mRNA
45610,14673942,14674013,71,gene
45611,14673942,14674013,71,tRNA
45612,14674344,14674415,71,gene
45613,14674344,14674415,71,tRNA
45614,14674538,14678147,3609,gene
45615,14677406,14678147,741,mRNA
45616,14674538,14675452,914,mRNA
45617,14677406,14677758,352,CDS
45618,14674681,14675452,771,CDS
45619,14680377,14680787,410,CDS
45620,14744189,14744443,254,CDS
45621,14744531,14745307,776,CDS
45622,14745428,14745881,453,CDS
45623,14745955,14746175,220,CDS
45624,14746235,14746404,169,CDS
45625,14746487,14746647,160,CDS
45626,14746708,14746913,205,CDS
45627,14746978,14747094,116,CDS
45628,14684768,14685842,1074,gene
45629,14684768,14685031,263,mRNA
45630,14685084,14685322,238,mRNA
45631,14685382,14685842,460,mRNA
45632,14684902,14685031,129,CDS
45633,14685084,14685322,238,CDS
45634,14685382,14685645,263,CDS
45635,14691347,14691962,615,gene
45636,14691347,14691962,615,mRNA
45637,14691429,14691770,341,CDS
45638,14696551,14697105,554,gene
45639,14696551,14697105,554,mRNA
45640,14696654,14697100,446,CDS
45641,14697313,14701678,4365,gene
45642,14699671,14701678,2007,mRNA
45643,14697313,14699306,1993,mRNA
45644,14699671,14701678,2007,CDS
45645,14697313,14699306,1993,CDS
45646,14697313,14698600,1287,mRNA
45647,14697313,14698320,1007,CDS
45648,14705464,14706157,693,gene
45649,14705464,14706157,693,mRNA
45650,14705544,14705993,449,CDS
45651,14706751,14706878,127,mRNA
45652,14736043,14736135,92,mRNA
45653,14739435,14740148,713,mRNA
45654,14744189,14744443,254,mRNA
45655,14744531,14745307,776,mRNA
45656,14745428,14745881,453,mRNA
45657,14745955,14746175,220,mRNA
45658,14746235,14746404,169,mRNA
45659,14746487,14746647,160,mRNA
45660,14746708,14746913,205,mRNA
45661,14746978,14747868,890,mRNA
45662,14706751,14706878,127,mRNA
45663,14736043,14736135,92,mRNA
45664,14744189,14744443,254,mRNA
45665,14744531,14745307,776,mRNA
45666,14745428,14745881,453,mRNA
45667,14745955,14746175,220,mRNA
45668,14746235,14746404,169,mRNA
45669,14746487,14746647,160,mRNA
45670,14746708,14746913,205,mRNA
45671,14746978,14747868,890,mRNA
45672,14706751,14706878,127,mRNA
45673,14744189,14744443,254,mRNA
45674,14744531,14745307,776,mRNA
45675,14745428,14745881,453,mRNA
45676,14745955,14746175,220,mRNA
45677,14746235,14746404,169,mRNA
45678,14746487,14746647,160,mRNA
45679,14746708,14746913,205,mRNA
45680,14746978,14747868,890,mRNA
45681,14721232,14723021,1789,mobile_element
45682,14725654,14728582,2928,mobile_element
45683,14728760,14729343,583,gene
45684,14728760,14729343,583,mRNA
45685,14728840,14729259,419,CDS
45686,14732589,14733517,928,gene
45687,14732589,14733517,928,mRNA
45688,14732649,14733449,800,CDS
45689,14736088,14736135,47,CDS
45690,14739435,14740148,713,CDS
45691,14744189,14744443,254,CDS
45692,14744531,14745307,776,CDS
45693,14745428,14745881,453,CDS
45694,14745955,14746175,220,CDS
45695,14746235,14746404,169,CDS
45696,14746487,14746647,160,CDS
45697,14746708,14746913,205,CDS
45698,14746978,14747094,116,CDS
45699,14736088,14736135,47,CDS
45700,14744189,14744443,254,CDS
45701,14744531,14745307,776,CDS
45702,14745428,14745881,453,CDS
45703,14745955,14746175,220,CDS
45704,14746235,14746404,169,CDS
45705,14746487,14746647,160,CDS
45706,14746708,14746913,205,CDS
45707,14746978,14747094,116,CDS
45708,14744195,14744443,248,CDS
45709,14744531,14745307,776,CDS
45710,14745428,14745881,453,CDS
45711,14745955,14746175,220,CDS
45712,14746235,14746404,169,CDS
45713,14746487,14746647,160,CDS
45714,14746708,14746913,205,CDS
45715,14746978,14747094,116,CDS
45716,14747929,14761049,13120,gene
45717,14747929,14757962,10033,gene
45718,14757842,14757962,120,mRNA
45719,14756904,14757330,426,mRNA
45720,14754085,14754550,465,mRNA
45721,14753631,14753966,335,mRNA
45722,14753334,14753471,137,mRNA
45723,14751267,14751775,508,mRNA
45724,14747929,14749737,1808,mRNA
45725,14757842,14757962,120,mRNA
45726,14756904,14757330,426,mRNA
45727,14754085,14754550,465,mRNA
45728,14753631,14753966,335,mRNA
45729,14753334,14753471,137,mRNA
45730,14751267,14751775,508,mRNA
45731,14747929,14749737,1808,mRNA
45732,14757842,14757962,120,mRNA
45733,14756904,14757330,426,mRNA
45734,14754085,14754550,465,mRNA
45735,14753631,14753966,335,mRNA
45736,14752699,14753471,772,mRNA
45737,14751267,14751775,508,mRNA
45738,14747929,14749737,1808,mRNA
45739,14757842,14757962,120,mRNA
45740,14756904,14757330,426,mRNA
45741,14754085,14754550,465,mRNA
45742,14753631,14753966,335,mRNA
45743,14752699,14753471,772,mRNA
45744,14751267,14751775,508,mRNA
45745,14747929,14749737,1808,mRNA
45746,14756904,14757336,432,mRNA
45747,14754085,14754550,465,mRNA
45748,14753631,14753966,335,mRNA
45749,14753211,14753471,260,mRNA
45750,14751267,14751775,508,mRNA
45751,14747929,14749737,1808,mRNA
45752,14748703,14749659,956,CDS
45753,14748703,14749659,956,CDS
45754,14756904,14757095,191,CDS
45755,14754085,14754550,465,CDS
45756,14753631,14753966,335,CDS
45757,14753334,14753471,137,CDS
45758,14751267,14751775,508,CDS
45759,14749675,14749737,62,CDS
45760,14756904,14757095,191,CDS
45761,14754085,14754550,465,CDS
45762,14753631,14753966,335,CDS
45763,14753211,14753471,260,CDS
45764,14751267,14751775,508,CDS
45765,14749675,14749737,62,CDS
45766,14757842,14757962,120,mRNA
45767,14756904,14757330,426,mRNA
45768,14754085,14754550,465,mRNA
45769,14753631,14753966,335,mRNA
45770,14753211,14753471,260,mRNA
45771,14750242,14751775,1533,mRNA
45772,14757484,14757962,478,mRNA
45773,14756904,14757330,426,mRNA
45774,14754085,14754550,465,mRNA
45775,14753631,14753966,335,mRNA
45776,14752699,14753471,772,mRNA
45777,14750242,14751775,1533,mRNA
45778,14757484,14757779,295,mRNA
45779,14756904,14757330,426,mRNA
45780,14754085,14754550,465,mRNA
45781,14753631,14753966,335,mRNA
45782,14753334,14753471,137,mRNA
45783,14750242,14751775,1533,mRNA
45784,14760967,14761049,82,mRNA
45785,14760564,14760904,340,mRNA
45786,14756904,14757330,426,mRNA
45787,14754085,14754550,465,mRNA
45788,14753631,14753966,335,mRNA
45789,14753334,14753471,137,mRNA
45790,14750954,14751775,821,mRNA
45791,14756904,14757095,191,CDS
45792,14754085,14754550,465,CDS
45793,14753631,14753966,335,CDS
45794,14753334,14753471,137,CDS
45795,14751159,14751775,616,CDS
45796,14756904,14757095,191,CDS
45797,14754085,14754550,465,CDS
45798,14753631,14753966,335,CDS
45799,14753334,14753471,137,CDS
45800,14751159,14751775,616,CDS
45801,14756904,14757095,191,CDS
45802,14754085,14754550,465,CDS
45803,14753631,14753966,335,CDS
45804,14753211,14753471,260,CDS
45805,14751159,14751775,616,CDS
45806,14757908,14757962,54,mRNA
45807,14756904,14757330,426,mRNA
45808,14754085,14754550,465,mRNA
45809,14753631,14753966,335,mRNA
45810,14752845,14753471,626,mRNA
45811,14757842,14757962,120,mRNA
45812,14756904,14757330,426,mRNA
45813,14754085,14754550,465,mRNA
45814,14753631,14753966,335,mRNA
45815,14752845,14753471,626,mRNA
45816,14757663,14757962,299,mRNA
45817,14756904,14757330,426,mRNA
45818,14754085,14754550,465,mRNA
45819,14753631,14753966,335,mRNA
45820,14752845,14753471,626,mRNA
45821,14756904,14757095,191,CDS
45822,14754085,14754550,465,CDS
45823,14753631,14753966,335,CDS
45824,14752906,14753471,565,CDS
45825,14756904,14757095,191,CDS
45826,14754085,14754550,465,CDS
45827,14753631,14753966,335,CDS
45828,14752906,14753471,565,CDS
45829,14756904,14757095,191,CDS
45830,14754085,14754550,465,CDS
45831,14753631,14753966,335,CDS
45832,14752906,14753471,565,CDS
45833,14756904,14757095,191,CDS
45834,14754085,14754550,465,CDS
45835,14753631,14753966,335,CDS
45836,14752906,14753471,565,CDS
45837,14756904,14757095,191,CDS
45838,14754085,14754550,465,CDS
45839,14753631,14753966,335,CDS
45840,14752906,14753471,565,CDS
45841,14760520,14761844,1324,gene
45842,14761784,14761844,60,mRNA
45843,14761640,14761726,86,mRNA
45844,14761292,14761552,260,mRNA
45845,14760967,14761074,107,mRNA
45846,14760520,14760904,384,mRNA
45847,14761784,14761832,48,CDS
45848,14761640,14761726,86,CDS
45849,14761292,14761552,260,CDS
45850,14760967,14761074,107,CDS
45851,14760579,14760904,325,CDS
45852,14762028,14767703,5675,gene
45853,14762028,14762396,368,mRNA
45854,14763053,14763114,61,mRNA
45855,14763204,14763434,230,mRNA
45856,14763754,14767703,3949,mRNA
45857,14762028,14762396,368,mRNA
45858,14763053,14763114,61,mRNA
45859,14763204,14763262,58,mRNA
45860,14763754,14767703,3949,mRNA
45861,14763940,14765703,1763,CDS
45862,14763940,14765703,1763,CDS
45863,14767703,14769283,1580,gene
45864,14767703,14769283,1580,mRNA
45865,14767749,14769275,1526,CDS
45866,14769341,14776129,6788,gene
45867,14775912,14776129,217,mRNA
45868,14774758,14775507,749,mRNA
45869,14771749,14774691,2942,mRNA
45870,14770690,14771682,992,mRNA
45871,14770497,14770625,128,mRNA
45872,14770255,14770436,181,mRNA
45873,14770012,14770199,187,mRNA
45874,14769837,14769956,119,mRNA
45875,14769341,14769778,437,mRNA
45876,14775912,14775995,83,CDS
45877,14774758,14775507,749,CDS
45878,14771749,14774691,2942,CDS
45879,14770690,14771682,992,CDS
45880,14770497,14770625,128,CDS
45881,14770255,14770436,181,CDS
45882,14770012,14770199,187,CDS
45883,14769837,14769956,119,CDS
45884,14769666,14769778,112,CDS
45885,14776496,14786412,9916,gene
45886,14785919,14786412,493,mRNA
45887,14778340,14779022,682,mRNA
45888,14778111,14778277,166,mRNA
45889,14777933,14778041,108,mRNA
45890,14777678,14777766,88,mRNA
45891,14777339,14777607,268,mRNA
45892,14776496,14776985,489,mRNA
45893,14785919,14786412,493,mRNA
45894,14778340,14779022,682,mRNA
45895,14778111,14778277,166,mRNA
45896,14777933,14778041,108,mRNA
45897,14777678,14777766,88,mRNA
45898,14777339,14777607,268,mRNA
45899,14777106,14777241,135,mRNA
45900,14776496,14776985,489,mRNA
45901,14785919,14786078,159,CDS
45902,14778340,14779022,682,CDS
45903,14778111,14778277,166,CDS
45904,14777933,14778041,108,CDS
45905,14777678,14777766,88,CDS
45906,14777339,14777607,268,CDS
45907,14776801,14776985,184,CDS
45908,14785919,14786078,159,CDS
45909,14778340,14779022,682,CDS
45910,14778111,14778277,166,CDS
45911,14777933,14778041,108,CDS
45912,14777678,14777766,88,CDS
45913,14777339,14777607,268,CDS
45914,14777195,14777241,46,CDS
45915,14786791,14789665,2874,gene
45916,14786791,14786881,90,mRNA
45917,14786934,14787018,84,mRNA
45918,14787093,14789213,2120,mRNA
45919,14789319,14789665,346,mRNA
45920,14786847,14786881,34,CDS
45921,14786934,14787018,84,CDS
45922,14787093,14789213,2120,CDS
45923,14789319,14789588,269,CDS
45924,14789935,14801089,11154,gene
45925,14789935,14790072,137,mRNA
45926,14791871,14791960,89,mRNA
45927,14792028,14792460,432,mRNA
45928,14792661,14793264,603,mRNA
45929,14793743,14798449,4706,mRNA
45930,14798565,14801089,2524,mRNA
45931,14790551,14790604,53,mRNA
45932,14791871,14791960,89,mRNA
45933,14792028,14792460,432,mRNA
45934,14792661,14793264,603,mRNA
45935,14793743,14798449,4706,mRNA
45936,14798565,14799948,1383,mRNA
45937,14791437,14791550,113,mRNA
45938,14791871,14791960,89,mRNA
45939,14792028,14792460,432,mRNA
45940,14792661,14793264,603,mRNA
45941,14793743,14798449,4706,mRNA
45942,14798565,14799350,785,mRNA
45943,14792131,14792460,329,CDS
45944,14792661,14793264,603,CDS
45945,14793743,14798449,4706,CDS
45946,14798565,14799235,670,CDS
45947,14792131,14792460,329,CDS
45948,14792661,14793264,603,CDS
45949,14793743,14798449,4706,CDS
45950,14798565,14799235,670,CDS
45951,14792131,14792460,329,CDS
45952,14792661,14793264,603,CDS
45953,14793743,14798449,4706,CDS
45954,14798565,14799235,670,CDS
45955,14801328,14802168,840,gene
45956,14801840,14802168,328,mRNA
45957,14801328,14801779,451,mRNA
45958,14801840,14802168,328,mRNA
45959,14801442,14801779,337,mRNA
45960,14801840,14802090,250,CDS
45961,14801548,14801779,231,CDS
45962,14801840,14802090,250,CDS
45963,14801548,14801779,231,CDS
45964,14802380,14803360,980,gene
45965,14803232,14803360,128,mRNA
45966,14802380,14803173,793,mRNA
45967,14803232,14803259,27,CDS
45968,14802479,14803173,694,CDS
45969,14805136,14882224,77088,gene
45970,14805136,14805490,354,mRNA
45971,14805563,14805629,66,mRNA
45972,14839218,14839307,89,mRNA
45973,14864837,14864930,93,mRNA
45974,14865003,14865173,170,mRNA
45975,14865242,14865379,137,mRNA
45976,14865717,14866839,1122,mRNA
45977,14867394,14867607,213,mRNA
45978,14867921,14868194,273,mRNA
45979,14869397,14869717,320,mRNA
45980,14870544,14870860,316,mRNA
45981,14877327,14877480,153,mRNA
45982,14877563,14877680,117,mRNA
45983,14878084,14878276,192,mRNA
45984,14878334,14878580,246,mRNA
45985,14878883,14879561,678,mRNA
45986,14880206,14880516,310,mRNA
45987,14880594,14880838,244,mRNA
45988,14881345,14882224,879,mRNA
45989,14805136,14805490,354,mRNA
45990,14805563,14805629,66,mRNA
45991,14839218,14839307,89,mRNA
45992,14864837,14864930,93,mRNA
45993,14865003,14865173,170,mRNA
45994,14865242,14865379,137,mRNA
45995,14865717,14866839,1122,mRNA
45996,14867394,14867705,311,mRNA
45997,14825181,14832850,7669,mobile_element
45998,14864855,14864930,75,CDS
45999,14865003,14865173,170,CDS
46000,14865242,14865379,137,CDS
46001,14865717,14866839,1122,CDS
46002,14867394,14867607,213,CDS
46003,14867921,14868194,273,CDS
46004,14869397,14869717,320,CDS
46005,14870544,14870860,316,CDS
46006,14877327,14877480,153,CDS
46007,14877563,14877680,117,CDS
46008,14878084,14878276,192,CDS
46009,14878334,14878580,246,CDS
46010,14878883,14879561,678,CDS
46011,14880206,14880516,310,CDS
46012,14880594,14880838,244,CDS
46013,14881345,14881734,389,CDS
46014,14864855,14864930,75,CDS
46015,14865003,14865173,170,CDS
46016,14865242,14865379,137,CDS
46017,14865717,14866839,1122,CDS
46018,14867394,14867649,255,CDS
46019,14885341,14886183,842,gene
46020,14885341,14885883,542,ncRNA
46021,14885935,14886183,248,ncRNA
46022,14890090,14890503,413,gene
46023,14890090,14890503,413,ncRNA
46024,14893734,14894416,682,gene
46025,14894112,14894416,304,mRNA
46026,14893734,14893988,254,mRNA
46027,14894112,14894326,214,CDS
46028,14893808,14893988,180,CDS
46029,14903805,14942907,39102,gene
46030,14903805,14904980,1175,mRNA
46031,14931725,14931919,194,mRNA
46032,14939011,14939127,116,mRNA
46033,14939408,14939796,388,mRNA
46034,14939857,14940006,149,mRNA
46035,14940124,14940295,171,mRNA
46036,14940357,14940452,95,mRNA
46037,14940517,14940915,398,mRNA
46038,14941000,14941417,417,mRNA
46039,14941507,14941903,396,mRNA
46040,14942025,14942907,882,mRNA
46041,14903805,14904980,1175,mRNA
46042,14931725,14931919,194,mRNA
46043,14939011,14939127,116,mRNA
46044,14939408,14939796,388,mRNA
46045,14939857,14940006,149,mRNA
46046,14940124,14940295,171,mRNA
46047,14940357,14940452,95,mRNA
46048,14940517,14940915,398,mRNA
46049,14941000,14941417,417,mRNA
46050,14941507,14941903,396,mRNA
46051,14942025,14942907,882,mRNA
46052,14904237,14904980,743,CDS
46053,14931725,14931919,194,CDS
46054,14939011,14939127,116,CDS
46055,14939408,14939796,388,CDS
46056,14939857,14940006,149,CDS
46057,14940124,14940295,171,CDS
46058,14940357,14940452,95,CDS
46059,14940517,14940915,398,CDS
46060,14941000,14941417,417,CDS
46061,14941507,14941903,396,CDS
46062,14942025,14942304,279,CDS
46063,14904237,14904980,743,CDS
46064,14931725,14931919,194,CDS
46065,14939011,14939127,116,CDS
46066,14939408,14939796,388,CDS
46067,14939857,14940006,149,CDS
46068,14940124,14940295,171,CDS
46069,14940357,14940452,95,CDS
46070,14940517,14940915,398,CDS
46071,14941000,14941417,417,CDS
46072,14941507,14941903,396,CDS
46073,14942025,14942178,153,CDS
46074,14921692,14921891,199,mRNA
46075,14931725,14931919,194,mRNA
46076,14939011,14939127,116,mRNA
46077,14939408,14939796,388,mRNA
46078,14939857,14940006,149,mRNA
46079,14940124,14940295,171,mRNA
46080,14940357,14940452,95,mRNA
46081,14940517,14940915,398,mRNA
46082,14941000,14941417,417,mRNA
46083,14941507,14941903,396,mRNA
46084,14942025,14942906,881,mRNA
46085,14926432,14926670,238,mRNA
46086,14931725,14931919,194,mRNA
46087,14939011,14939127,116,mRNA
46088,14939408,14939796,388,mRNA
46089,14939857,14940006,149,mRNA
46090,14940124,14940295,171,mRNA
46091,14940357,14940452,95,mRNA
46092,14940517,14940915,398,mRNA
46093,14941000,14941417,417,mRNA
46094,14941507,14941903,396,mRNA
46095,14942025,14942469,444,mRNA
46096,14926602,14926670,68,CDS
46097,14931725,14931919,194,CDS
46098,14939011,14939127,116,CDS
46099,14939408,14939796,388,CDS
46100,14939857,14940006,149,CDS
46101,14940124,14940295,171,CDS
46102,14940357,14940452,95,CDS
46103,14940517,14940915,398,CDS
46104,14941000,14941417,417,CDS
46105,14941507,14941903,396,CDS
46106,14942025,14942178,153,CDS
46107,14931752,14931919,167,CDS
46108,14939011,14939127,116,CDS
46109,14939408,14939796,388,CDS
46110,14939857,14940006,149,CDS
46111,14940124,14940295,171,CDS
46112,14940357,14940452,95,CDS
46113,14940517,14940915,398,CDS
46114,14941000,14941417,417,CDS
46115,14941507,14941903,396,CDS
46116,14942025,14942178,153,CDS
46117,14943730,14944331,601,gene
46118,14943730,14944331,601,mRNA
46119,14944056,14944292,236,CDS
46120,14945499,14946125,626,gene
46121,14945499,14946125,626,mRNA
46122,14945832,14946068,236,CDS
46123,14949884,14950703,819,gene
46124,14949884,14950703,819,ncRNA
46125,14951135,14951341,206,mobile_element
46126,14951617,14951679,62,mobile_element
46127,14951722,14951985,263,mobile_element
46128,14954422,14956032,1610,mobile_element
46129,14969344,14970306,962,gene
46130,14969344,14970306,962,mRNA
46131,14969427,14969903,476,CDS
46132,14970820,14971064,244,mobile_element
46133,14972667,14973198,531,gene
46134,14972667,14973198,531,mRNA
46135,14972739,14972984,245,CDS
46136,14974848,14976040,1192,gene
46137,14974848,14976040,1192,mRNA
46138,14975183,14976040,857,mRNA
46139,14975304,14975753,449,CDS
46140,14975304,14975753,449,CDS
46141,14976626,14977631,1005,gene
46142,14977481,14977631,150,ncRNA
46143,14976626,14977388,762,ncRNA
46144,14976945,14977631,686,ncRNA
46145,14979620,14982432,2812,gene
46146,14979620,14979688,68,mRNA
46147,14980094,14982432,2338,mRNA
46148,14979638,14979688,50,CDS
46149,14980094,14982343,2249,CDS
46150,14982835,14984486,1651,gene
46151,14982835,14983850,1015,mRNA
46152,14983913,14984120,207,mRNA
46153,14984211,14984486,275,mRNA
46154,14982835,14983790,955,mRNA
46155,14983913,14984120,207,mRNA
46156,14984211,14984486,275,mRNA
46157,14982935,14983850,915,CDS
46158,14983913,14984120,207,CDS
46159,14984211,14984424,213,CDS
46160,14982935,14983790,855,CDS
46161,14983913,14984120,207,CDS
46162,14984211,14984424,213,CDS
46163,14985100,14991667,6567,gene
46164,14985100,14985154,54,mRNA
46165,14987582,14988249,667,mRNA
46166,14989849,14990067,218,mRNA
46167,14990146,14990741,595,mRNA
46168,14990830,14991667,837,mRNA
46169,14985100,14985154,54,mRNA
46170,14987912,14988249,337,mRNA
46171,14989849,14990067,218,mRNA
46172,14990146,14990741,595,mRNA
46173,14990830,14991667,837,mRNA
46174,14987412,14988249,837,mRNA
46175,14989849,14990067,218,mRNA
46176,14990146,14990741,595,mRNA
46177,14990830,14991667,837,mRNA
46178,14987952,14988249,297,CDS
46179,14989849,14990067,218,CDS
46180,14990146,14990741,595,CDS
46181,14990830,14991216,386,CDS
46182,14987952,14988249,297,CDS
46183,14989849,14990067,218,CDS
46184,14990146,14990741,595,CDS
46185,14990830,14991216,386,CDS
46186,14987952,14988249,297,CDS
46187,14989849,14990067,218,CDS
46188,14990146,14990741,595,CDS
46189,14990830,14991216,386,CDS
46190,14992289,14997983,5694,gene
46191,14992289,14992615,326,mRNA
46192,14994583,14994865,282,mRNA
46193,14996146,14996442,296,mRNA
46194,14996500,14997983,1483,mRNA
46195,14992289,14992615,326,mRNA
46196,14994583,14994865,282,mRNA
46197,14996146,14996442,296,mRNA
46198,14996500,14997817,1317,mRNA
46199,14992472,14992615,143,CDS
46200,14994583,14994865,282,CDS
46201,14996146,14996442,296,CDS
46202,14996500,14997494,994,CDS
46203,14992472,14992615,143,CDS
46204,14994583,14994865,282,CDS
46205,14996146,14996442,296,CDS
46206,14996500,14997494,994,CDS
46207,14997981,14999666,1685,gene
46208,14999537,14999666,129,mRNA
46209,14998961,14999285,324,mRNA
46210,14998796,14998896,100,mRNA
46211,14998180,14998622,442,mRNA
46212,14997981,14998118,137,mRNA
46213,14999537,14999609,72,CDS
46214,14998961,14999285,324,CDS
46215,14998796,14998896,100,CDS
46216,14998180,14998622,442,CDS
46217,14998059,14998118,59,CDS
46218,14999951,15001319,1368,gene
46219,14999951,15000129,178,mRNA
46220,15000200,15000379,179,mRNA
46221,15000645,15001319,674,mRNA
46222,15000068,15000129,61,CDS
46223,15000200,15000379,179,CDS
46224,15000645,15001221,576,CDS
46225,15001238,15014062,12824,gene
46226,15013871,15014062,191,mRNA
46227,15011193,15011764,571,mRNA
46228,15007935,15007990,55,mRNA
46229,15004948,15005062,114,mRNA
46230,15004669,15004874,205,mRNA
46231,15004353,15004494,141,mRNA
46232,15002727,15004292,1565,mRNA
46233,15001238,15002624,1386,mRNA
46234,15013839,15014062,223,mRNA
46235,15011193,15011764,571,mRNA
46236,15007935,15007990,55,mRNA
46237,15004948,15005062,114,mRNA
46238,15004669,15004874,205,mRNA
46239,15004353,15004494,141,mRNA
46240,15002727,15004292,1565,mRNA
46241,15001238,15002624,1386,mRNA
46242,15011193,15011520,327,CDS
46243,15007935,15007990,55,CDS
46244,15004948,15005062,114,CDS
46245,15004669,15004874,205,CDS
46246,15004353,15004494,141,CDS
46247,15002727,15004292,1565,CDS
46248,15001822,15002624,802,CDS
46249,15011193,15011520,327,CDS
46250,15007935,15007990,55,CDS
46251,15004948,15005062,114,CDS
46252,15004669,15004874,205,CDS
46253,15004353,15004494,141,CDS
46254,15002727,15004292,1565,CDS
46255,15001822,15002624,802,CDS
46256,15014695,15064977,50282,gene
46257,15064562,15064977,415,mRNA
46258,15048732,15048926,194,mRNA
46259,15018690,15018947,257,mRNA
46260,15018131,15018620,489,mRNA
46261,15017270,15017550,280,mRNA
46262,15017063,15017212,149,mRNA
46263,15016825,15016965,140,mRNA
46264,15014695,15016617,1922,mRNA
46265,15033881,15034196,315,mRNA
46266,15019015,15019407,392,mRNA
46267,15018690,15018947,257,mRNA
46268,15018131,15018620,489,mRNA
46269,15017270,15017550,280,mRNA
46270,15017063,15017212,149,mRNA
46271,15016825,15016965,140,mRNA
46272,15014695,15016617,1922,mRNA
46273,15048732,15048905,173,CDS
46274,15018690,15018947,257,CDS
46275,15018131,15018620,489,CDS
46276,15017270,15017550,280,CDS
46277,15017063,15017212,149,CDS
46278,15016825,15016965,140,CDS
46279,15016471,15016617,146,CDS
46280,15019015,15019356,341,CDS
46281,15018690,15018947,257,CDS
46282,15018131,15018620,489,CDS
46283,15017270,15017550,280,CDS
46284,15017063,15017212,149,CDS
46285,15016825,15016965,140,CDS
46286,15016471,15016617,146,CDS
46287,15023492,15024009,517,gene
46288,15023492,15023725,233,mRNA
46289,15023788,15024009,221,mRNA
46290,15023566,15023725,159,CDS
46291,15023788,15023879,91,CDS
46292,15041631,15042570,939,gene
46293,15041631,15042570,939,mRNA
46294,15041716,15042504,788,CDS
46295,15042799,15043924,1125,gene
46296,15042799,15043924,1125,mRNA
46297,15042902,15043864,962,CDS
46298,15049179,15049495,316,gene
46299,15049179,15049495,316,mRNA
46300,15049208,15049462,254,CDS
46301,15049550,15050209,659,gene
46302,15049550,15050209,659,mRNA
46303,15049696,15050199,503,CDS
46304,15050263,15050806,543,gene
46305,15050263,15050806,543,mRNA
46306,15050421,15050765,344,CDS
46307,15050856,15051425,569,gene
46308,15051316,15051425,109,mRNA
46309,15050856,15051261,405,mRNA
46310,15050856,15051230,374,mRNA
46311,15051023,15051214,191,CDS
46312,15051023,15051214,191,CDS
46313,15051931,15052490,559,gene
46314,15051931,15052490,559,mRNA
46315,15052062,15052475,413,CDS
46316,15052710,15052764,54,mobile_element
46317,15052998,15053351,353,gene
46318,15052998,15053351,353,mRNA
46319,15053146,15053295,149,CDS
46320,15053568,15054135,567,gene
46321,15053568,15054135,567,mRNA
46322,15053647,15054135,488,mRNA
46323,15053825,15054103,278,CDS
46324,15053825,15054103,278,CDS
46325,15054777,15055565,788,gene
46326,15054777,15055565,788,mRNA
46327,15054822,15055457,635,CDS
46328,15056356,15056430,74,mobile_element
46329,15061029,15061705,676,gene
46330,15061029,15061705,676,mRNA
46331,15061068,15061676,608,CDS
46332,15062207,15062622,415,gene
46333,15062207,15062622,415,ncRNA
46334,15066081,15094724,28643,gene
46335,15094469,15094724,255,mRNA
46336,15094248,15094348,100,mRNA
46337,15082585,15084594,2009,mRNA
46338,15081625,15082518,893,mRNA
46339,15081333,15081473,140,mRNA
46340,15075920,15076045,125,mRNA
46341,15074684,15075847,1163,mRNA
46342,15072529,15073194,665,mRNA
46343,15069932,15070633,701,mRNA
46344,15067678,15069833,2155,mRNA
46345,15067502,15067612,110,mRNA
46346,15066081,15066978,897,mRNA
46347,15094469,15094724,255,mRNA
46348,15094248,15094348,100,mRNA
46349,15082585,15084594,2009,mRNA
46350,15081625,15082518,893,mRNA
46351,15081333,15081473,140,mRNA
46352,15075920,15076045,125,mRNA
46353,15074684,15075847,1163,mRNA
46354,15074325,15074492,167,mRNA
46355,15072529,15073194,665,mRNA
46356,15069932,15070633,701,mRNA
46357,15067678,15069833,2155,mRNA
46358,15067502,15067612,110,mRNA
46359,15066241,15066978,737,mRNA
46360,15094469,15094724,255,mRNA
46361,15094248,15094348,100,mRNA
46362,15082585,15084594,2009,mRNA
46363,15081625,15082518,893,mRNA
46364,15081333,15081473,140,mRNA
46365,15080946,15081161,215,mRNA
46366,15075920,15076045,125,mRNA
46367,15074684,15075847,1163,mRNA
46368,15072529,15073194,665,mRNA
46369,15069932,15070633,701,mRNA
46370,15067678,15069833,2155,mRNA
46371,15067502,15067612,110,mRNA
46372,15066241,15066978,737,mRNA
46373,15094469,15094724,255,mRNA
46374,15094248,15094348,100,mRNA
46375,15082585,15084594,2009,mRNA
46376,15081625,15082518,893,mRNA
46377,15081333,15081473,140,mRNA
46378,15080946,15081161,215,mRNA
46379,15075920,15076045,125,mRNA
46380,15074684,15075847,1163,mRNA
46381,15074325,15074492,167,mRNA
46382,15073307,15073330,23,mRNA
46383,15072529,15073194,665,mRNA
46384,15069932,15070633,701,mRNA
46385,15067678,15069833,2155,mRNA
46386,15067502,15067612,110,mRNA
46387,15066241,15066978,737,mRNA
46388,15089792,15090193,401,mRNA
46389,15082585,15084594,2009,mRNA
46390,15081625,15082518,893,mRNA
46391,15081333,15081473,140,mRNA
46392,15075920,15076045,125,mRNA
46393,15074684,15075847,1163,mRNA
46394,15072529,15073194,665,mRNA
46395,15069932,15070633,701,mRNA
46396,15067678,15069833,2155,mRNA
46397,15067502,15067612,110,mRNA
46398,15066241,15066978,737,mRNA
46399,15089792,15090193,401,mRNA
46400,15082585,15084594,2009,mRNA
46401,15081625,15082518,893,mRNA
46402,15081333,15081473,140,mRNA
46403,15075920,15076045,125,mRNA
46404,15074684,15075847,1163,mRNA
46405,15074325,15074492,167,mRNA
46406,15073307,15073330,23,mRNA
46407,15072529,15073194,665,mRNA
46408,15069932,15070633,701,mRNA
46409,15067678,15069833,2155,mRNA
46410,15067502,15067612,110,mRNA
46411,15066241,15066978,737,mRNA
46412,15089792,15090193,401,mRNA
46413,15082585,15084594,2009,mRNA
46414,15081625,15082518,893,mRNA
46415,15081333,15081473,140,mRNA
46416,15080946,15081161,215,mRNA
46417,15075920,15076045,125,mRNA
46418,15074684,15075847,1163,mRNA
46419,15072529,15073194,665,mRNA
46420,15069932,15070633,701,mRNA
46421,15067678,15069833,2155,mRNA
46422,15067502,15067612,110,mRNA
46423,15066241,15066978,737,mRNA
46424,15089792,15090193,401,mRNA
46425,15082585,15084594,2009,mRNA
46426,15081625,15082518,893,mRNA
46427,15081333,15081473,140,mRNA
46428,15080946,15081161,215,mRNA
46429,15075920,15076045,125,mRNA
46430,15074684,15075847,1163,mRNA
46431,15074325,15074492,167,mRNA
46432,15072529,15073194,665,mRNA
46433,15069932,15070633,701,mRNA
46434,15067678,15069833,2155,mRNA
46435,15067502,15067612,110,mRNA
46436,15066241,15066978,737,mRNA
46437,15088311,15088553,242,mRNA
46438,15082585,15084594,2009,mRNA
46439,15081625,15082518,893,mRNA
46440,15081333,15081473,140,mRNA
46441,15080946,15081161,215,mRNA
46442,15075920,15076045,125,mRNA
46443,15074684,15075847,1163,mRNA
46444,15074325,15074492,167,mRNA
46445,15072529,15073194,665,mRNA
46446,15069932,15070633,701,mRNA
46447,15067678,15069833,2155,mRNA
46448,15067502,15067612,110,mRNA
46449,15066241,15066978,737,mRNA
46450,15079082,15079425,343,mRNA
46451,15075920,15076045,125,mRNA
46452,15074684,15075847,1163,mRNA
46453,15072529,15073194,665,mRNA
46454,15069932,15070633,701,mRNA
46455,15067678,15069833,2155,mRNA
46456,15067502,15067612,110,mRNA
46457,15066241,15066978,737,mRNA
46458,15079082,15079425,343,mRNA
46459,15075920,15076045,125,mRNA
46460,15074684,15075847,1163,mRNA
46461,15074325,15074492,167,mRNA
46462,15072529,15073194,665,mRNA
46463,15069932,15070633,701,mRNA
46464,15067678,15069833,2155,mRNA
46465,15067502,15067612,110,mRNA
46466,15066241,15066978,737,mRNA
46467,15071980,15072151,171,mRNA
46468,15069932,15070633,701,mRNA
46469,15067678,15069833,2155,mRNA
46470,15067502,15067612,110,mRNA
46471,15066241,15066978,737,mRNA
46472,15089792,15089818,26,CDS
46473,15082585,15084594,2009,CDS
46474,15081625,15082518,893,CDS
46475,15081333,15081473,140,CDS
46476,15075920,15076045,125,CDS
46477,15074684,15075847,1163,CDS
46478,15072529,15073194,665,CDS
46479,15069932,15070633,701,CDS
46480,15067678,15069833,2155,CDS
46481,15067502,15067612,110,CDS
46482,15066672,15066978,306,CDS
46483,15089792,15089818,26,CDS
46484,15082585,15084594,2009,CDS
46485,15081625,15082518,893,CDS
46486,15081333,15081473,140,CDS
46487,15075920,15076045,125,CDS
46488,15074684,15075847,1163,CDS
46489,15074325,15074492,167,CDS
46490,15073307,15073330,23,CDS
46491,15072529,15073194,665,CDS
46492,15069932,15070633,701,CDS
46493,15067678,15069833,2155,CDS
46494,15067502,15067612,110,CDS
46495,15066672,15066978,306,CDS
46496,15089792,15089818,26,CDS
46497,15082585,15084594,2009,CDS
46498,15081625,15082518,893,CDS
46499,15081333,15081473,140,CDS
46500,15080946,15081161,215,CDS
46501,15075920,15076045,125,CDS
46502,15074684,15075847,1163,CDS
46503,15072529,15073194,665,CDS
46504,15069932,15070633,701,CDS
46505,15067678,15069833,2155,CDS
46506,15067502,15067612,110,CDS
46507,15066672,15066978,306,CDS
46508,15089792,15089818,26,CDS
46509,15082585,15084594,2009,CDS
46510,15081625,15082518,893,CDS
46511,15081333,15081473,140,CDS
46512,15080946,15081161,215,CDS
46513,15075920,15076045,125,CDS
46514,15074684,15075847,1163,CDS
46515,15074325,15074492,167,CDS
46516,15072529,15073194,665,CDS
46517,15069932,15070633,701,CDS
46518,15067678,15069833,2155,CDS
46519,15067502,15067612,110,CDS
46520,15066672,15066978,306,CDS
46521,15088311,15088325,14,CDS
46522,15082585,15084594,2009,CDS
46523,15081625,15082518,893,CDS
46524,15081333,15081473,140,CDS
46525,15080946,15081161,215,CDS
46526,15075920,15076045,125,CDS
46527,15074684,15075847,1163,CDS
46528,15074325,15074492,167,CDS
46529,15072529,15073194,665,CDS
46530,15069932,15070633,701,CDS
46531,15067678,15069833,2155,CDS
46532,15067502,15067612,110,CDS
46533,15066672,15066978,306,CDS
46534,15082585,15084102,1517,CDS
46535,15081625,15082518,893,CDS
46536,15081333,15081473,140,CDS
46537,15075920,15076045,125,CDS
46538,15074684,15075847,1163,CDS
46539,15072529,15073194,665,CDS
46540,15069932,15070633,701,CDS
46541,15067678,15069833,2155,CDS
46542,15067502,15067612,110,CDS
46543,15066672,15066978,306,CDS
46544,15082585,15084102,1517,CDS
46545,15081625,15082518,893,CDS
46546,15081333,15081473,140,CDS
46547,15075920,15076045,125,CDS
46548,15074684,15075847,1163,CDS
46549,15074325,15074492,167,CDS
46550,15072529,15073194,665,CDS
46551,15069932,15070633,701,CDS
46552,15067678,15069833,2155,CDS
46553,15067502,15067612,110,CDS
46554,15066672,15066978,306,CDS
46555,15082585,15084102,1517,CDS
46556,15081625,15082518,893,CDS
46557,15081333,15081473,140,CDS
46558,15080946,15081161,215,CDS
46559,15075920,15076045,125,CDS
46560,15074684,15075847,1163,CDS
46561,15072529,15073194,665,CDS
46562,15069932,15070633,701,CDS
46563,15067678,15069833,2155,CDS
46564,15067502,15067612,110,CDS
46565,15066672,15066978,306,CDS
46566,15082585,15084102,1517,CDS
46567,15081625,15082518,893,CDS
46568,15081333,15081473,140,CDS
46569,15080946,15081161,215,CDS
46570,15075920,15076045,125,CDS
46571,15074684,15075847,1163,CDS
46572,15074325,15074492,167,CDS
46573,15073307,15073330,23,CDS
46574,15072529,15073194,665,CDS
46575,15069932,15070633,701,CDS
46576,15067678,15069833,2155,CDS
46577,15067502,15067612,110,CDS
46578,15066672,15066978,306,CDS
46579,15074684,15075847,1163,CDS
46580,15072529,15073194,665,CDS
46581,15069932,15070633,701,CDS
46582,15067678,15069833,2155,CDS
46583,15067502,15067612,110,CDS
46584,15066672,15066978,306,CDS
46585,15074684,15075847,1163,CDS
46586,15074325,15074492,167,CDS
46587,15072529,15073194,665,CDS
46588,15069932,15070633,701,CDS
46589,15067678,15069833,2155,CDS
46590,15067502,15067612,110,CDS
46591,15066672,15066978,306,CDS
46592,15071980,15072033,53,CDS
46593,15069932,15070633,701,CDS
46594,15067678,15069833,2155,CDS
46595,15067502,15067612,110,CDS
46596,15066672,15066978,306,CDS
46597,15076907,15078447,1540,gene
46598,15077677,15078447,770,mRNA
46599,15077307,15077573,266,mRNA
46600,15076907,15077256,349,mRNA
46601,15077632,15078447,815,mRNA
46602,15077307,15077573,266,mRNA
46603,15076907,15077256,349,mRNA
46604,15077677,15078447,770,CDS
46605,15077307,15077573,266,CDS
46606,15077203,15077256,53,CDS
46607,15077632,15078447,815,CDS
46608,15077307,15077573,266,CDS
46609,15077203,15077256,53,CDS
46610,15085107,15086212,1105,mobile_element
46611,15090823,15094719,3896,gene
46612,15094469,15094719,250,mRNA
46613,15094248,15094348,100,mRNA
46614,15090823,15093324,2501,mRNA
46615,15091354,15093261,1907,CDS
46616,15095142,15097686,2544,gene
46617,15095142,15097686,2544,mRNA
46618,15095142,15095185,43,mRNA
46619,15095255,15097686,2431,mRNA
46620,15095142,15095185,43,mRNA
46621,15095274,15097686,2412,mRNA
46622,15095262,15097559,2297,CDS
46623,15095262,15097559,2297,CDS
46624,15095520,15097559,2039,CDS
46625,15097914,15113003,15089,gene
46626,15097914,15098516,602,mRNA
46627,15110816,15110986,170,mRNA
46628,15111087,15111588,501,mRNA
46629,15111653,15113003,1350,mRNA
46630,15098135,15098516,381,mRNA
46631,15110816,15110986,170,mRNA
46632,15111087,15111588,501,mRNA
46633,15111653,15113003,1350,mRNA
46634,15098351,15098516,165,CDS
46635,15110816,15110986,170,CDS
46636,15111087,15111588,501,CDS
46637,15111653,15112697,1044,CDS
46638,15098351,15098516,165,CDS
46639,15110816,15110986,170,CDS
46640,15111087,15111588,501,CDS
46641,15111653,15112697,1044,CDS
46642,15098534,15099502,968,gene
46643,15099261,15099502,241,ncRNA
46644,15098844,15098865,21,ncRNA
46645,15098534,15098787,253,ncRNA
46646,15100054,15102040,1986,gene
46647,15100054,15100640,586,exon
46648,15100987,15102040,1053,exon
46649,15105882,15106068,186,mRNA
46650,15108747,15108958,211,mRNA
46651,15110816,15110986,170,mRNA
46652,15111087,15111588,501,mRNA
46653,15111653,15113003,1350,mRNA
46654,15105882,15110730,4848,gene
46655,15105882,15106068,186,mRNA
46656,15108616,15108958,342,mRNA
46657,15109338,15109487,149,mRNA
46658,15109544,15110730,1186,mRNA
46659,15105882,15106068,186,mRNA
46660,15108616,15108958,342,mRNA
46661,15109544,15110730,1186,mRNA
46662,15108001,15108935,934,gene
46663,15108782,15108935,153,ncRNA
46664,15108001,15108686,685,ncRNA
46665,15108805,15108958,153,CDS
46666,15110816,15110986,170,CDS
46667,15111087,15111588,501,CDS
46668,15111653,15112697,1044,CDS
46669,15108805,15108958,153,CDS
46670,15109338,15109487,149,CDS
46671,15109544,15110529,985,CDS
46672,15108805,15108958,153,CDS
46673,15109544,15110529,985,CDS
46674,15113557,15116373,2816,gene
46675,15113557,15114283,726,mRNA
46676,15114344,15114501,157,mRNA
46677,15114823,15114967,144,mRNA
46678,15115039,15115446,407,mRNA
46679,15115507,15115783,276,mRNA
46680,15115844,15115950,106,mRNA
46681,15116008,15116373,365,mRNA
46682,15113770,15114283,513,CDS
46683,15114344,15114501,157,CDS
46684,15114823,15114967,144,CDS
46685,15115039,15115446,407,CDS
46686,15115507,15115783,276,CDS
46687,15115844,15115950,106,CDS
46688,15116008,15116303,295,CDS
46689,15114676,15114738,62,mobile_element
46690,15116737,15128029,11292,gene
46691,15116737,15116959,222,mRNA
46692,15117021,15117095,74,mRNA
46693,15117474,15117600,126,mRNA
46694,15117661,15117813,152,mRNA
46695,15117911,15119306,1395,mRNA
46696,15119375,15119585,210,mRNA
46697,15119648,15119763,115,mRNA
46698,15126216,15126341,125,mRNA
46699,15126494,15126647,153,mRNA
46700,15126703,15126827,124,mRNA
46701,15127017,15127284,267,mRNA
46702,15127466,15127651,185,mRNA
46703,15127745,15128029,284,mRNA
46704,15116737,15116959,222,mRNA
46705,15117021,15117095,74,mRNA
46706,15117474,15117600,126,mRNA
46707,15117661,15117813,152,mRNA
46708,15117911,15119306,1395,mRNA
46709,15119375,15119585,210,mRNA
46710,15119648,15119763,115,mRNA
46711,15126216,15126341,125,mRNA
46712,15126494,15126647,153,mRNA
46713,15126721,15126827,106,mRNA
46714,15127017,15127409,392,mRNA
46715,15127466,15127651,185,mRNA
46716,15127745,15128029,284,mRNA
46717,15116737,15116959,222,mRNA
46718,15117021,15117095,74,mRNA
46719,15117474,15117600,126,mRNA
46720,15117661,15117813,152,mRNA
46721,15117911,15119306,1395,mRNA
46722,15119375,15119585,210,mRNA
46723,15119648,15119763,115,mRNA
46724,15126216,15126341,125,mRNA
46725,15126494,15126647,153,mRNA
46726,15126721,15126827,106,mRNA
46727,15127017,15127284,267,mRNA
46728,15127466,15127651,185,mRNA
46729,15127745,15128029,284,mRNA
46730,15116861,15116959,98,CDS
46731,15117021,15117095,74,CDS
46732,15117474,15117600,126,CDS
46733,15117661,15117813,152,CDS
46734,15117911,15119306,1395,CDS
46735,15119375,15119585,210,CDS
46736,15119648,15119763,115,CDS
46737,15126216,15126341,125,CDS
46738,15126494,15126647,153,CDS
46739,15126703,15126827,124,CDS
46740,15127017,15127284,267,CDS
46741,15127466,15127651,185,CDS
46742,15127745,15127906,161,CDS
46743,15116861,15116959,98,CDS
46744,15117021,15117095,74,CDS
46745,15117474,15117600,126,CDS
46746,15117661,15117813,152,CDS
46747,15117911,15119306,1395,CDS
46748,15119375,15119585,210,CDS
46749,15119648,15119763,115,CDS
46750,15126216,15126341,125,CDS
46751,15126494,15126647,153,CDS
46752,15126721,15126827,106,CDS
46753,15127017,15127284,267,CDS
46754,15127466,15127651,185,CDS
46755,15127745,15127906,161,CDS
46756,15116861,15116959,98,CDS
46757,15117021,15117095,74,CDS
46758,15117474,15117600,126,CDS
46759,15117661,15117813,152,CDS
46760,15117911,15119306,1395,CDS
46761,15119375,15119585,210,CDS
46762,15119648,15119763,115,CDS
46763,15126216,15126341,125,CDS
46764,15126494,15126647,153,CDS
46765,15126721,15126827,106,CDS
46766,15127017,15127335,318,CDS
46767,15119878,15125321,5443,gene
46768,15125261,15125321,60,mRNA
46769,15124125,15124324,199,mRNA
46770,15122624,15123061,437,mRNA
46771,15121064,15121407,343,mRNA
46772,15120280,15120949,669,mRNA
46773,15119878,15120030,152,mRNA
46774,15125084,15125321,237,mRNA
46775,15122624,15123061,437,mRNA
46776,15121064,15121407,343,mRNA
46777,15120280,15120949,669,mRNA
46778,15119878,15120030,152,mRNA
46779,15125084,15125321,237,mRNA
46780,15122624,15123061,437,mRNA
46781,15121064,15121407,343,mRNA
46782,15119878,15120949,1071,mRNA
46783,15125084,15125321,237,mRNA
46784,15124125,15124324,199,mRNA
46785,15122624,15123061,437,mRNA
46786,15121064,15121407,343,mRNA
46787,15120280,15120949,669,mRNA
46788,15119878,15120030,152,mRNA
46789,15125084,15125321,237,mRNA
46790,15124125,15124324,199,mRNA
46791,15122624,15123061,437,mRNA
46792,15121064,15121407,343,mRNA
46793,15119878,15120949,1071,mRNA
46794,15122624,15123054,430,CDS
46795,15121064,15121407,343,CDS
46796,15120280,15120949,669,CDS
46797,15120006,15120030,24,CDS
46798,15122624,15123054,430,CDS
46799,15121064,15121407,343,CDS
46800,15120280,15120949,669,CDS
46801,15120006,15120030,24,CDS
46802,15122624,15123054,430,CDS
46803,15121064,15121407,343,CDS
46804,15120280,15120949,669,CDS
46805,15120006,15120030,24,CDS
46806,15122624,15123054,430,CDS
46807,15121064,15121407,343,CDS
46808,15120213,15120949,736,CDS
46809,15122624,15123054,430,CDS
46810,15121064,15121407,343,CDS
46811,15120213,15120949,736,CDS
46812,15121572,15122301,729,gene
46813,15121572,15122301,729,mRNA
46814,15121622,15122116,494,CDS
46815,15127940,15131378,3438,gene
46816,15131268,15131378,110,mRNA
46817,15128356,15131210,2854,mRNA
46818,15127940,15128250,310,mRNA
46819,15131268,15131378,110,mRNA
46820,15128356,15131217,2861,mRNA
46821,15127940,15128250,310,mRNA
46822,15131268,15131289,21,CDS
46823,15128356,15131217,2861,CDS
46824,15128063,15128250,187,CDS
46825,15128356,15130936,2580,CDS
46826,15128063,15128250,187,CDS
46827,15131508,15136934,5426,gene
46828,15136474,15136934,460,mRNA
46829,15136032,15136304,272,mRNA
46830,15135606,15135971,365,mRNA
46831,15134890,15135220,330,mRNA
46832,15133662,15134472,810,mRNA
46833,15131508,15133594,2086,mRNA
46834,15136032,15136357,325,mRNA
46835,15135606,15135971,365,mRNA
46836,15134890,15135220,330,mRNA
46837,15133662,15134472,810,mRNA
46838,15131508,15133594,2086,mRNA
46839,15136032,15136300,268,CDS
46840,15135606,15135971,365,CDS
46841,15134890,15135220,330,CDS
46842,15133662,15134472,810,CDS
46843,15131805,15133594,1789,CDS
46844,15136032,15136300,268,CDS
46845,15135606,15135971,365,CDS
46846,15134890,15135220,330,CDS
46847,15133662,15134472,810,CDS
46848,15131805,15133594,1789,CDS
46849,15134550,15134660,110,gene
46850,15134550,15134660,110,ncRNA
46851,15137738,15142840,5102,gene
46852,15142300,15142840,540,mRNA
46853,15137738,15139524,1786,mRNA
46854,15142300,15142592,292,mRNA
46855,15137738,15139524,1786,mRNA
46856,15142300,15142453,153,CDS
46857,15138188,15139524,1336,CDS
46858,15142300,15142453,153,CDS
46859,15138188,15139524,1336,CDS
46860,15142131,15142800,669,gene
46861,15142131,15142800,669,ncRNA
46862,15143063,15144059,996,gene
46863,15143797,15144059,262,mRNA
46864,15143063,15143710,647,mRNA
46865,15143797,15144009,212,CDS
46866,15143249,15143710,461,CDS
46867,15143801,15144170,369,gene
46868,15143801,15144170,369,ncRNA
46869,15144355,15146379,2024,gene
46870,15144355,15144549,194,mRNA
46871,15144669,15146379,1710,mRNA
46872,15144355,15144535,180,mRNA
46873,15144669,15146046,1377,mRNA
46874,15144782,15145939,1157,CDS
46875,15144782,15145939,1157,CDS
46876,15146628,15146682,54,mobile_element
46877,15147137,15154395,7258,gene
46878,15147137,15147402,265,mRNA
46879,15150812,15151001,189,mRNA
46880,15151468,15152184,716,mRNA
46881,15152370,15152553,183,mRNA
46882,15152620,15154395,1775,mRNA
46883,15150506,15150710,204,mRNA
46884,15150812,15151001,189,mRNA
46885,15151468,15152184,716,mRNA
46886,15152370,15152553,183,mRNA
46887,15152620,15154297,1677,mRNA
46888,15150916,15151001,85,CDS
46889,15151468,15152184,716,CDS
46890,15152370,15152553,183,CDS
46891,15152620,15153144,524,CDS
46892,15150916,15151001,85,CDS
46893,15151468,15152184,716,CDS
46894,15152370,15152553,183,CDS
46895,15152620,15153144,524,CDS
46896,15154233,15158562,4329,gene
46897,15157486,15158562,1076,mRNA
46898,15157098,15157427,329,mRNA
46899,15155426,15157033,1607,mRNA
46900,15154872,15155357,485,mRNA
46901,15154233,15154811,578,mRNA
46902,15157486,15158487,1001,CDS
46903,15157098,15157427,329,CDS
46904,15155426,15157033,1607,CDS
46905,15154872,15155357,485,CDS
46906,15154665,15154811,146,CDS
46907,15159100,15161138,2038,gene
46908,15159100,15159268,168,mRNA
46909,15159325,15159776,451,mRNA
46910,15159839,15160457,618,mRNA
46911,15160517,15161138,621,mRNA
46912,15159170,15159268,98,CDS
46913,15159325,15159776,451,CDS
46914,15159839,15160457,618,CDS
46915,15160517,15160852,335,CDS
46916,15160876,15163628,2752,gene
46917,15163408,15163628,220,mRNA
46918,15162987,15163338,351,mRNA
46919,15162500,15162837,337,mRNA
46920,15161165,15161372,207,mRNA
46921,15160876,15161099,223,mRNA
46922,15163408,15163495,87,CDS
46923,15162987,15163338,351,CDS
46924,15162500,15162837,337,CDS
46925,15161165,15161372,207,CDS
46926,15160964,15161099,135,CDS
46927,15161817,15162470,653,gene
46928,15161817,15162133,316,mRNA
46929,15162257,15162470,213,mRNA
46930,15162003,15162133,130,CDS
46931,15162257,15162365,108,CDS
46932,15172529,15172731,202,mobile_element
46933,15190440,15190998,558,gene
46934,15190440,15190998,558,ncRNA
46935,15207844,15208586,742,gene
46936,15207844,15208586,742,mRNA
46937,15207926,15208516,590,CDS
46938,15235619,15242832,7213,gene
46939,15235619,15242832,7213,mRNA
46940,15236121,15240161,4040,CDS
46941,15295823,15298608,2785,mobile_element
46942,15298958,15300942,1984,gene
46943,15298958,15299059,101,mRNA
46944,15299126,15299236,110,mRNA
46945,15299285,15300032,747,mRNA
46946,15300126,15300317,191,mRNA
46947,15300374,15300587,213,mRNA
46948,15300648,15300942,294,mRNA
46949,15298989,15299059,70,CDS
46950,15299126,15299236,110,CDS
46951,15299285,15300032,747,CDS
46952,15300126,15300317,191,CDS
46953,15300374,15300587,213,CDS
46954,15300648,15300892,244,CDS
46955,15300915,15302785,1870,gene
46956,15302670,15302785,115,mRNA
46957,15302500,15302610,110,mRNA
46958,15301889,15302432,543,mRNA
46959,15300915,15301837,922,mRNA
46960,15302670,15302740,70,CDS
46961,15302500,15302610,110,CDS
46962,15301889,15302432,543,CDS
46963,15300956,15301837,881,CDS
46964,15304255,15311195,6940,gene
46965,15304255,15304876,621,mRNA
46966,15305298,15305486,188,mRNA
46967,15305551,15305679,128,mRNA
46968,15306513,15306798,285,mRNA
46969,15306957,15307241,284,mRNA
46970,15307309,15307413,104,mRNA
46971,15307675,15308490,815,mRNA
46972,15308560,15308835,275,mRNA
46973,15310958,15311195,237,mRNA
46974,15304255,15304876,621,mRNA
46975,15305298,15305486,188,mRNA
46976,15305571,15305679,108,mRNA
46977,15306513,15306798,285,mRNA
46978,15306957,15307241,284,mRNA
46979,15307309,15307413,104,mRNA
46980,15307675,15308490,815,mRNA
46981,15308560,15308835,275,mRNA
46982,15308921,15311195,2274,mRNA
46983,15304255,15304876,621,mRNA
46984,15305298,15305486,188,mRNA
46985,15305577,15305679,102,mRNA
46986,15306513,15306798,285,mRNA
46987,15306957,15307241,284,mRNA
46988,15307309,15307413,104,mRNA
46989,15307675,15308490,815,mRNA
46990,15308560,15308835,275,mRNA
46991,15310958,15311195,237,mRNA
46992,15305461,15305679,218,mRNA
46993,15306513,15306798,285,mRNA
46994,15306957,15307241,284,mRNA
46995,15307309,15307413,104,mRNA
46996,15307675,15308490,815,mRNA
46997,15308560,15308835,275,mRNA
46998,15308921,15311195,2274,mRNA
46999,15305461,15305679,218,mRNA
47000,15306513,15306798,285,mRNA
47001,15306957,15307241,284,mRNA
47002,15307309,15307413,104,mRNA
47003,15307675,15308490,815,mRNA
47004,15308560,15308835,275,mRNA
47005,15310958,15311195,237,mRNA
47006,15306558,15306798,240,CDS
47007,15306957,15307241,284,CDS
47008,15307309,15307413,104,CDS
47009,15307675,15308490,815,CDS
47010,15308560,15308835,275,CDS
47011,15310958,15311058,100,CDS
47012,15306558,15306798,240,CDS
47013,15306957,15307241,284,CDS
47014,15307309,15307413,104,CDS
47015,15307675,15308490,815,CDS
47016,15308560,15308835,275,CDS
47017,15310958,15311058,100,CDS
47018,15306558,15306798,240,CDS
47019,15306957,15307241,284,CDS
47020,15307309,15307413,104,CDS
47021,15307675,15308490,815,CDS
47022,15308560,15308835,275,CDS
47023,15310958,15311058,100,CDS
47024,15306558,15306798,240,CDS
47025,15306957,15307241,284,CDS
47026,15307309,15307413,104,CDS
47027,15307675,15308490,815,CDS
47028,15308560,15308835,275,CDS
47029,15308921,15310389,1468,CDS
47030,15306558,15306798,240,CDS
47031,15306957,15307241,284,CDS
47032,15307309,15307413,104,CDS
47033,15307675,15308490,815,CDS
47034,15308560,15308835,275,CDS
47035,15308921,15310389,1468,CDS
47036,15319923,15320356,433,gene
47037,15319923,15319999,76,ncRNA
47038,15320065,15320356,291,ncRNA
47039,15332246,15332877,631,gene
47040,15332246,15332381,135,ncRNA
47041,15332451,15332877,426,ncRNA
47042,15334782,15336171,1389,gene
47043,15334782,15334884,102,ncRNA
47044,15335886,15336171,285,ncRNA
47045,15336692,15344315,7623,gene
47046,15336692,15344315,7623,mRNA
47047,15336692,15342437,5745,mRNA
47048,15336692,15342208,5516,mRNA
47049,15337225,15341769,4544,CDS
47050,15337225,15341769,4544,CDS
47051,15337225,15341769,4544,CDS
47052,15407832,15408267,435,gene
47053,15407832,15408267,435,mRNA
47054,15407849,15408208,359,CDS
47055,15423798,15426602,2804,mobile_element
47056,15437201,15437713,512,gene
47057,15437201,15437713,512,ncRNA
47058,15457491,15457878,387,gene
47059,15457491,15457878,387,ncRNA
47060,15457953,15458309,356,gene
47061,15457953,15458309,356,ncRNA
47062,15472197,15474110,1913,gene
47063,15474019,15474110,91,mRNA
47064,15473703,15473886,183,mRNA
47065,15472197,15473642,1445,mRNA
47066,15474019,15474110,91,mRNA
47067,15472197,15473886,1689,mRNA
47068,15472622,15473578,956,CDS
47069,15472622,15473578,956,CDS
47070,15484396,15485402,1006,gene
47071,15484396,15485402,1006,mRNA
47072,15484705,15485358,653,CDS
47073,15492964,15495549,2585,gene
47074,15495239,15495549,310,mRNA
47075,15493469,15493581,112,mRNA
47076,15492964,15493330,366,mRNA
47077,15495239,15495549,310,mRNA
47078,15494760,15494902,142,mRNA
47079,15494567,15494658,91,mRNA
47080,15493469,15493581,112,mRNA
47081,15492964,15493330,366,mRNA
47082,15494760,15495004,244,mRNA
47083,15494567,15494658,91,mRNA
47084,15493469,15493581,112,mRNA
47085,15492964,15493330,366,mRNA
47086,15493940,15494277,337,mRNA
47087,15493469,15493581,112,mRNA
47088,15492964,15493330,366,mRNA
47089,15494760,15494891,131,CDS
47090,15494567,15494658,91,CDS
47091,15493469,15493581,112,CDS
47092,15493053,15493330,277,CDS
47093,15494760,15494891,131,CDS
47094,15494567,15494658,91,CDS
47095,15493469,15493581,112,CDS
47096,15493053,15493330,277,CDS
47097,15493053,15493328,275,CDS
47098,15493053,15493328,275,CDS
47099,15496574,15498055,1481,gene
47100,15496574,15497274,700,mRNA
47101,15497343,15498055,712,mRNA
47102,15496715,15497274,559,CDS
47103,15497343,15497916,573,CDS
47104,15498202,15498821,619,gene
47105,15498202,15498821,619,mRNA
47106,15498246,15498761,515,CDS
47107,15498959,15500561,1602,gene
47108,15498959,15499129,170,mRNA
47109,15499182,15499896,714,mRNA
47110,15499953,15500561,608,mRNA
47111,15499060,15499129,69,CDS
47112,15499182,15499896,714,CDS
47113,15499953,15500508,555,CDS
47114,15500938,15503769,2831,gene
47115,15500938,15501260,322,mRNA
47116,15502837,15503242,405,mRNA
47117,15503308,15503769,461,mRNA
47118,15501091,15501260,169,CDS
47119,15502837,15503242,405,CDS
47120,15503308,15503418,110,CDS
47121,15503600,15504894,1294,gene
47122,15504219,15504894,675,mRNA
47123,15503600,15504157,557,mRNA
47124,15504219,15504813,594,CDS
47125,15503814,15504157,343,CDS
47126,15505188,15508252,3064,gene
47127,15507799,15508252,453,mRNA
47128,15507473,15507566,93,mRNA
47129,15506227,15506345,118,mRNA
47130,15505188,15506148,960,mRNA
47131,15507799,15508252,453,mRNA
47132,15507473,15507566,93,mRNA
47133,15506227,15506345,118,mRNA
47134,15505439,15506148,709,mRNA
47135,15507799,15507850,51,CDS
47136,15507473,15507566,93,CDS
47137,15506227,15506345,118,CDS
47138,15505889,15506148,259,CDS
47139,15507799,15507850,51,CDS
47140,15507473,15507566,93,CDS
47141,15506227,15506345,118,CDS
47142,15505889,15506148,259,CDS
47143,15509061,15509513,452,gene
47144,15509061,15509513,452,mRNA
47145,15509124,15509396,272,CDS
47146,15509445,15511047,1602,gene
47147,15509445,15509881,436,mRNA
47148,15509937,15510231,294,mRNA
47149,15510605,15511047,442,mRNA
47150,15509445,15510837,1392,gene
47151,15509445,15509881,436,mRNA
47152,15509937,15510231,294,mRNA
47153,15510605,15510837,232,mRNA
47154,15509445,15509881,436,mRNA
47155,15509937,15510231,294,mRNA
47156,15510605,15510837,232,mRNA
47157,15509549,15509668,119,CDS
47158,15509598,15509881,283,mRNA
47159,15509937,15510231,294,mRNA
47160,15510605,15511047,442,mRNA
47161,15509736,15509881,145,CDS
47162,15509937,15510231,294,CDS
47163,15510605,15510748,143,CDS
47164,15509736,15509881,145,CDS
47165,15509937,15510231,294,CDS
47166,15510605,15510748,143,CDS
47167,15509736,15509881,145,CDS
47168,15509937,15510231,294,CDS
47169,15510605,15510748,143,CDS
47170,15511052,15513202,2150,gene
47171,15511052,15511169,117,mRNA
47172,15512172,15512736,564,mRNA
47173,15512796,15513202,406,mRNA
47174,15511052,15511169,117,mRNA
47175,15512172,15512365,193,mRNA
47176,15512476,15512736,260,mRNA
47177,15512796,15513202,406,mRNA
47178,15511052,15511169,117,mRNA
47179,15512172,15512365,193,mRNA
47180,15512476,15512736,260,mRNA
47181,15512796,15513202,406,mRNA
47182,15511052,15511169,117,mRNA
47183,15512172,15512353,181,mRNA
47184,15512476,15512736,260,mRNA
47185,15512796,15513202,406,mRNA
47186,15511119,15511169,50,CDS
47187,15512172,15512365,193,CDS
47188,15512476,15512736,260,CDS
47189,15512796,15513075,279,CDS
47190,15511119,15511169,50,CDS
47191,15512172,15512365,193,CDS
47192,15512476,15512736,260,CDS
47193,15512796,15513030,234,CDS
47194,15511119,15511169,50,CDS
47195,15512172,15512353,181,CDS
47196,15512476,15512736,260,CDS
47197,15512796,15513030,234,CDS
47198,15511119,15511169,50,CDS
47199,15512172,15512369,197,CDS
47200,15511563,15511632,69,mRNA
47201,15512172,15512365,193,mRNA
47202,15512476,15512736,260,mRNA
47203,15512796,15513202,406,mRNA
47204,15511603,15511632,29,CDS
47205,15512172,15512365,193,CDS
47206,15512476,15512736,260,CDS
47207,15512796,15513030,234,CDS
47208,15511889,15512082,193,mRNA
47209,15512172,15512365,193,mRNA
47210,15512476,15512736,260,mRNA
47211,15512796,15513202,406,mRNA
47212,15512035,15512082,47,CDS
47213,15512172,15512365,193,CDS
47214,15512476,15512736,260,CDS
47215,15512796,15513030,234,CDS
47216,15516533,15517056,523,gene
47217,15516533,15517056,523,mRNA
47218,15516688,15517026,338,CDS
47219,15517424,15519592,2168,gene
47220,15519457,15519592,135,mRNA
47221,15517424,15518028,604,mRNA
47222,15518308,15518785,477,mRNA
47223,15517473,15518028,555,mRNA
47224,15518308,15518461,153,mRNA
47225,15517473,15518028,555,mRNA
47226,15519457,15519509,52,CDS
47227,15517830,15518028,198,CDS
47228,15518308,15518360,52,CDS
47229,15517830,15518028,198,CDS
47230,15518308,15518360,52,CDS
47231,15517830,15518028,198,CDS
47232,15520318,15521554,1236,gene
47233,15521396,15521554,158,ncRNA
47234,15520318,15521333,1015,ncRNA
47235,15520620,15521653,1033,gene
47236,15520620,15521653,1033,mRNA
47237,15520620,15521648,1028,CDS
47238,15521711,15524137,2426,gene
47239,15523833,15524137,304,mRNA
47240,15522968,15523464,496,mRNA
47241,15522560,15522580,20,mRNA
47242,15522360,15522502,142,mRNA
47243,15521711,15522195,484,mRNA
47244,15523512,15524137,625,mRNA
47245,15522560,15522580,20,mRNA
47246,15522360,15522502,142,mRNA
47247,15521711,15522195,484,mRNA
47248,15523512,15523717,205,CDS
47249,15522560,15522580,20,CDS
47250,15522360,15522502,142,CDS
47251,15521819,15522195,376,CDS
47252,15522968,15523215,247,CDS
47253,15522560,15522580,20,CDS
47254,15522360,15522502,142,CDS
47255,15521819,15522195,376,CDS
47256,15524325,15525253,928,gene
47257,15525208,15525253,45,mRNA
47258,15524325,15525149,824,mRNA
47259,15525208,15525223,15,CDS
47260,15524332,15525149,817,CDS
47261,15525891,15526812,921,gene
47262,15526193,15526812,619,mRNA
47263,15525891,15526130,239,mRNA
47264,15526193,15526807,614,CDS
47265,15525912,15526130,218,CDS
47266,15526910,15527516,606,gene
47267,15526910,15527516,606,mRNA
47268,15526951,15527508,557,CDS
47269,15527620,15528196,576,gene
47270,15527620,15528196,576,mRNA
47271,15527711,15528181,470,CDS
47272,15528265,15529243,978,gene
47273,15528670,15529243,573,mRNA
47274,15528265,15528605,340,mRNA
47275,15528670,15529230,560,CDS
47276,15528357,15528605,248,CDS
47277,15530085,15531473,1388,gene
47278,15531378,15531473,95,mRNA
47279,15530085,15530527,442,mRNA
47280,15530664,15530970,306,mRNA
47281,15530085,15530527,442,mRNA
47282,15530664,15530806,142,CDS
47283,15530305,15530527,222,CDS
47284,15530305,15530463,158,CDS
47285,15535395,15553214,17819,gene
47286,15535395,15536455,1060,mRNA
47287,15547876,15548086,210,mRNA
47288,15549549,15550045,496,mRNA
47289,15550147,15550596,449,mRNA
47290,15550864,15551007,143,mRNA
47291,15551080,15553214,2134,mRNA
47292,15535395,15536455,1060,mRNA
47293,15547876,15548086,210,mRNA
47294,15549549,15550045,496,mRNA
47295,15550147,15550596,449,mRNA
47296,15550864,15551007,143,mRNA
47297,15551080,15551905,825,mRNA
47298,15536402,15536455,53,CDS
47299,15547876,15548086,210,CDS
47300,15549549,15550045,496,CDS
47301,15550147,15550596,449,CDS
47302,15550864,15551007,143,CDS
47303,15551080,15551274,194,CDS
47304,15536402,15536455,53,CDS
47305,15547876,15548086,210,CDS
47306,15549549,15550045,496,CDS
47307,15550147,15550596,449,CDS
47308,15550864,15551007,143,CDS
47309,15551080,15551274,194,CDS
47310,15553487,15553631,144,mobile_element
47311,15553632,15553950,318,mobile_element
47312,15554113,15561042,6929,gene
47313,15554113,15554472,359,mRNA
47314,15556850,15558117,1267,mRNA
47315,15558250,15558338,88,mRNA
47316,15558394,15559003,609,mRNA
47317,15559100,15560116,1016,mRNA
47318,15560208,15560578,370,mRNA
47319,15560641,15561042,401,mRNA
47320,15554113,15554222,109,mRNA
47321,15554290,15554472,182,mRNA
47322,15556850,15558117,1267,mRNA
47323,15558250,15558338,88,mRNA
47324,15558394,15559003,609,mRNA
47325,15559100,15560116,1016,mRNA
47326,15560208,15560578,370,mRNA
47327,15560641,15561042,401,mRNA
47328,15554207,15554222,15,CDS
47329,15554290,15554472,182,CDS
47330,15556850,15558117,1267,CDS
47331,15558250,15558338,88,CDS
47332,15558394,15559003,609,CDS
47333,15559100,15560116,1016,CDS
47334,15560208,15560578,370,CDS
47335,15560641,15560731,90,CDS
47336,15554265,15554472,207,CDS
47337,15556850,15558117,1267,CDS
47338,15558250,15558338,88,CDS
47339,15558394,15559003,609,CDS
47340,15559100,15560116,1016,CDS
47341,15560208,15560578,370,CDS
47342,15560641,15560731,90,CDS
47343,15554974,15556705,1731,mobile_element
47344,15556823,15558117,1294,mRNA
47345,15558250,15558338,88,mRNA
47346,15558394,15559003,609,mRNA
47347,15559100,15560116,1016,mRNA
47348,15560208,15560578,370,mRNA
47349,15560641,15561042,401,mRNA
47350,15557932,15558117,185,CDS
47351,15558250,15558338,88,CDS
47352,15558394,15559003,609,CDS
47353,15559100,15560116,1016,CDS
47354,15560208,15560578,370,CDS
47355,15560641,15560731,90,CDS
47356,15560726,15563065,2339,gene
47357,15562743,15563065,322,mRNA
47358,15560726,15562683,1957,mRNA
47359,15562743,15562935,192,CDS
47360,15561086,15562683,1597,CDS
47361,15563427,15565559,2132,gene
47362,15563427,15563729,302,mRNA
47363,15564262,15565559,1297,mRNA
47364,15563427,15563928,501,mRNA
47365,15564262,15565272,1010,mRNA
47366,15563427,15563729,302,mRNA
47367,15564016,15564085,69,mRNA
47368,15564159,15565272,1113,mRNA
47369,15563427,15563519,92,mRNA
47370,15563608,15563729,121,mRNA
47371,15564016,15565272,1256,mRNA
47372,15563427,15563519,92,mRNA
47373,15563608,15563729,121,mRNA
47374,15564262,15565272,1010,mRNA
47375,15563727,15563729,2,CDS
47376,15564262,15565125,863,CDS
47377,15563727,15563729,2,CDS
47378,15564262,15565125,863,CDS
47379,15563899,15563928,29,CDS
47380,15564262,15565125,863,CDS
47381,15564250,15565125,875,CDS
47382,15564250,15565125,875,CDS
47383,15566013,15576313,10300,gene
47384,15566013,15566799,786,mRNA
47385,15568206,15568970,764,mRNA
47386,15569408,15569934,526,mRNA
47387,15570007,15570566,559,mRNA
47388,15570689,15571958,1269,mRNA
47389,15572023,15572419,396,mRNA
47390,15572483,15572856,373,mRNA
47391,15572929,15574086,1157,mRNA
47392,15574156,15574471,315,mRNA
47393,15574536,15575489,953,mRNA
47394,15575554,15576313,759,mRNA
47395,15566013,15566153,140,mRNA
47396,15568206,15568970,764,mRNA
47397,15569408,15569934,526,mRNA
47398,15570007,15570566,559,mRNA
47399,15570689,15571958,1269,mRNA
47400,15572023,15572419,396,mRNA
47401,15572483,15572856,373,mRNA
47402,15572929,15574086,1157,mRNA
47403,15574156,15574471,315,mRNA
47404,15574536,15575489,953,mRNA
47405,15575554,15576313,759,mRNA
47406,15568307,15568970,663,CDS
47407,15569408,15569934,526,CDS
47408,15570007,15570566,559,CDS
47409,15570689,15571958,1269,CDS
47410,15572023,15572419,396,CDS
47411,15572483,15572856,373,CDS
47412,15572929,15574086,1157,CDS
47413,15574156,15574471,315,CDS
47414,15574536,15575489,953,CDS
47415,15575554,15575753,199,CDS
47416,15568307,15568970,663,CDS
47417,15569408,15569934,526,CDS
47418,15570007,15570566,559,CDS
47419,15570689,15571958,1269,CDS
47420,15572023,15572419,396,CDS
47421,15572483,15572856,373,CDS
47422,15572929,15574086,1157,CDS
47423,15574156,15574471,315,CDS
47424,15574536,15575489,953,CDS
47425,15575554,15575753,199,CDS
47426,15576570,15578674,2104,gene
47427,15576570,15576702,132,mRNA
47428,15576762,15578674,1912,mRNA
47429,15576664,15576702,38,CDS
47430,15576762,15578546,1784,CDS
47431,15578769,15580537,1768,gene
47432,15580208,15580537,329,mRNA
47433,15578769,15580152,1383,mRNA
47434,15580208,15580506,298,CDS
47435,15578952,15580152,1200,CDS
47436,15580800,15583373,2573,gene
47437,15580800,15581294,494,mRNA
47438,15581354,15583373,2019,mRNA
47439,15580890,15581294,404,CDS
47440,15581354,15583264,1910,CDS
47441,15583638,15585347,1709,gene
47442,15583638,15583881,243,mRNA
47443,15583997,15584095,98,mRNA
47444,15584287,15584439,152,mRNA
47445,15584640,15584868,228,mRNA
47446,15584923,15585347,424,mRNA
47447,15583638,15583881,243,mRNA
47448,15584287,15584439,152,mRNA
47449,15584640,15584868,228,mRNA
47450,15584923,15585347,424,mRNA
47451,15583735,15583881,146,CDS
47452,15583997,15584095,98,CDS
47453,15584287,15584439,152,CDS
47454,15584640,15584868,228,CDS
47455,15584923,15585299,376,CDS
47456,15583735,15583881,146,CDS
47457,15584287,15584439,152,CDS
47458,15584640,15584868,228,CDS
47459,15584923,15585299,376,CDS
47460,15585431,15588175,2744,gene
47461,15587005,15587867,862,mRNA
47462,15585431,15586594,1163,mRNA
47463,15588055,15588175,120,mRNA
47464,15587005,15587596,591,mRNA
47465,15585804,15586594,790,mRNA
47466,15587005,15587867,862,mRNA
47467,15586054,15586600,546,mRNA
47468,15588055,15588175,120,mRNA
47469,15587005,15587596,591,mRNA
47470,15586080,15586600,520,mRNA
47471,15587005,15587565,560,CDS
47472,15586202,15586594,392,CDS
47473,15587005,15587565,560,CDS
47474,15586202,15586594,392,CDS
47475,15587005,15587565,560,CDS
47476,15586202,15586600,398,CDS
47477,15587005,15587565,560,CDS
47478,15586202,15586600,398,CDS
47479,15588860,15609125,20265,gene
47480,15588860,15589996,1136,mRNA
47481,15600416,15600617,201,mRNA
47482,15600688,15600871,183,mRNA
47483,15601233,15601295,62,mRNA
47484,15601635,15602515,880,mRNA
47485,15604836,15605755,919,mRNA
47486,15606659,15609125,2466,mRNA
47487,15588860,15589996,1136,mRNA
47488,15600416,15600617,201,mRNA
47489,15600688,15600871,183,mRNA
47490,15601233,15601295,62,mRNA
47491,15601635,15602515,880,mRNA
47492,15604836,15605280,444,mRNA
47493,15606659,15609125,2466,mRNA
47494,15588860,15589996,1136,mRNA
47495,15600416,15600617,201,mRNA
47496,15600688,15600871,183,mRNA
47497,15601233,15601295,62,mRNA
47498,15601635,15602515,880,mRNA
47499,15606659,15609125,2466,mRNA
47500,15588860,15589996,1136,mRNA
47501,15600416,15600617,201,mRNA
47502,15600688,15600871,183,mRNA
47503,15601233,15601295,62,mRNA
47504,15604836,15605280,444,mRNA
47505,15606659,15609125,2466,mRNA
47506,15588860,15589996,1136,mRNA
47507,15600416,15600617,201,mRNA
47508,15600688,15600871,183,mRNA
47509,15601233,15601295,62,mRNA
47510,15606659,15609125,2466,mRNA
47511,15588860,15589996,1136,mRNA
47512,15600416,15600617,201,mRNA
47513,15600688,15600871,183,mRNA
47514,15601233,15601295,62,mRNA
47515,15601635,15603119,1484,mRNA
47516,15588860,15589996,1136,mRNA
47517,15600416,15600617,201,mRNA
47518,15600688,15600871,183,mRNA
47519,15601233,15601295,62,mRNA
47520,15601635,15602515,880,mRNA
47521,15602665,15603119,454,mRNA
47522,15589548,15589996,448,CDS
47523,15600416,15600617,201,CDS
47524,15600688,15600871,183,CDS
47525,15601233,15601295,62,CDS
47526,15601635,15602515,880,CDS
47527,15604836,15605280,444,CDS
47528,15606659,15607125,466,CDS
47529,15589548,15589996,448,CDS
47530,15600416,15600617,201,CDS
47531,15600688,15600871,183,CDS
47532,15601233,15601295,62,CDS
47533,15606659,15607125,466,CDS
47534,15589548,15589996,448,CDS
47535,15600416,15600617,201,CDS
47536,15600688,15600871,183,CDS
47537,15601233,15601295,62,CDS
47538,15601635,15602515,880,CDS
47539,15604836,15605755,919,CDS
47540,15606659,15606680,21,CDS
47541,15589548,15589996,448,CDS
47542,15600416,15600617,201,CDS
47543,15600688,15600871,183,CDS
47544,15601233,15601295,62,CDS
47545,15601635,15602515,880,CDS
47546,15606659,15606676,17,CDS
47547,15589548,15589996,448,CDS
47548,15600416,15600617,201,CDS
47549,15600688,15600871,183,CDS
47550,15601233,15601295,62,CDS
47551,15604836,15604843,7,CDS
47552,15589548,15589996,448,CDS
47553,15600416,15600617,201,CDS
47554,15600688,15600871,183,CDS
47555,15601233,15601295,62,CDS
47556,15601635,15602515,880,CDS
47557,15602665,15602700,35,CDS
47558,15589548,15589996,448,CDS
47559,15600416,15600617,201,CDS
47560,15600688,15600871,183,CDS
47561,15601233,15601295,62,CDS
47562,15601635,15602557,922,CDS
47563,15608707,15610386,1679,gene
47564,15608707,15610386,1679,mRNA
47565,15609454,15610284,830,CDS
47566,15610631,15612828,2197,gene
47567,15612763,15612828,65,mRNA
47568,15611820,15612561,741,mRNA
47569,15611479,15611723,244,mRNA
47570,15611249,15611417,168,mRNA
47571,15610631,15611189,558,mRNA
47572,15611479,15611717,238,mRNA
47573,15611249,15611417,168,mRNA
47574,15610631,15611189,558,mRNA
47575,15612763,15612828,65,CDS
47576,15611820,15612561,741,CDS
47577,15611479,15611723,244,CDS
47578,15611249,15611417,168,CDS
47579,15610699,15611189,490,CDS
47580,15611249,15611384,135,CDS
47581,15610699,15611189,490,CDS
47582,15613184,15647762,34578,gene
47583,15647200,15647762,562,mRNA
47584,15613184,15614022,838,mRNA
47585,15634182,15634490,308,mRNA
47586,15631898,15632804,906,mRNA
47587,15613184,15614022,838,mRNA
47588,15631898,15632580,682,mRNA
47589,15613184,15614022,838,mRNA
47590,15647200,15647617,417,CDS
47591,15613304,15614022,718,CDS
47592,15631898,15632450,552,CDS
47593,15613304,15614022,718,CDS
47594,15631898,15632450,552,CDS
47595,15613304,15614022,718,CDS
47596,15619901,15624130,4229,gene
47597,15619901,15621600,1699,mRNA
47598,15621659,15624130,2471,mRNA
47599,15620038,15621600,1562,CDS
47600,15621659,15623011,1352,CDS
47601,15629293,15629693,400,gene
47602,15629293,15629693,400,ncRNA
47603,15648571,15649125,554,gene
47604,15648571,15648624,53,mRNA
47605,15648682,15648918,236,mRNA
47606,15648987,15649125,138,mRNA
47607,15648576,15648624,48,CDS
47608,15648682,15648918,236,CDS
47609,15648987,15649093,106,CDS
47610,15649126,15649661,535,gene
47611,15649579,15649661,82,mRNA
47612,15649317,15649517,200,mRNA
47613,15649126,15649253,127,mRNA
47614,15649579,15649612,33,CDS
47615,15649317,15649517,200,CDS
47616,15649186,15649253,67,CDS
47617,15649936,15650541,605,gene
47618,15649936,15650008,72,mRNA
47619,15650083,15650283,200,mRNA
47620,15650344,15650541,197,mRNA
47621,15649936,15650008,72,mRNA
47622,15650083,15650283,200,mRNA
47623,15650344,15650494,150,mRNA
47624,15649984,15650008,24,CDS
47625,15650083,15650283,200,CDS
47626,15650344,15650405,61,CDS
47627,15649984,15650008,24,CDS
47628,15650083,15650283,200,CDS
47629,15650344,15650405,61,CDS
47630,15650852,15651392,540,gene
47631,15650852,15650954,102,mRNA
47632,15651046,15651392,346,mRNA
47633,15650891,15650954,63,CDS
47634,15651046,15651326,280,CDS
47635,15651479,15652254,775,gene
47636,15652191,15652254,63,mRNA
47637,15651922,15652131,209,mRNA
47638,15651479,15651843,364,mRNA
47639,15652191,15652215,24,CDS
47640,15651922,15652131,209,CDS
47641,15651557,15651843,286,CDS
47642,15652537,15653096,559,gene
47643,15652537,15652631,94,mRNA
47644,15652701,15652901,200,mRNA
47645,15652978,15653096,118,mRNA
47646,15652598,15652631,33,CDS
47647,15652701,15652901,200,CDS
47648,15652978,15653042,64,CDS
47649,15654472,15656010,1538,gene
47650,15655959,15656010,51,mRNA
47651,15654472,15655905,1433,mRNA
47652,15655959,15655986,27,CDS
47653,15654596,15655905,1309,CDS
47654,15656655,15657390,735,gene
47655,15657126,15657390,264,mRNA
47656,15656655,15656809,154,mRNA
47657,15657126,15657357,231,CDS
47658,15656745,15656809,64,CDS
47659,15657628,15658149,521,gene
47660,15657628,15657689,61,mRNA
47661,15657743,15657952,209,mRNA
47662,15658009,15658149,140,mRNA
47663,15657665,15657689,24,CDS
47664,15657743,15657952,209,CDS
47665,15658009,15658070,61,CDS
47666,15658936,15659441,505,gene
47667,15659192,15659441,249,mRNA
47668,15658936,15659128,192,mRNA
47669,15659192,15659417,225,CDS
47670,15659049,15659128,79,CDS
47671,15659707,15660351,644,gene
47672,15659707,15659766,59,mRNA
47673,15659821,15660039,218,mRNA
47674,15660101,15660351,250,mRNA
47675,15659707,15659766,59,mRNA
47676,15659821,15660039,218,mRNA
47677,15660101,15660214,113,mRNA
47678,15659742,15659766,24,CDS
47679,15659821,15660039,218,CDS
47680,15660101,15660165,64,CDS
47681,15659742,15659766,24,CDS
47682,15659821,15660039,218,CDS
47683,15660101,15660165,64,CDS
47684,15660549,15661015,466,gene
47685,15660772,15661015,243,mRNA
47686,15660549,15660707,158,mRNA
47687,15660772,15661003,231,CDS
47688,15660643,15660707,64,CDS
47689,15661248,15661809,561,gene
47690,15661248,15661296,48,mRNA
47691,15661358,15661564,206,mRNA
47692,15661621,15661809,188,mRNA
47693,15661272,15661296,24,CDS
47694,15661358,15661564,206,CDS
47695,15661621,15661682,61,CDS
47696,15661867,15662279,412,gene
47697,15661867,15661891,24,mRNA
47698,15661949,15662155,206,mRNA
47699,15662218,15662279,61,mRNA
47700,15661867,15661891,24,CDS
47701,15661949,15662155,206,CDS
47702,15662218,15662279,61,CDS
47703,15679720,15681470,1750,gene
47704,15679720,15680808,1088,mRNA
47705,15680868,15681470,602,mRNA
47706,15679720,15680808,1088,CDS
47707,15680868,15681470,602,CDS
47708,15681633,15683445,1812,gene
47709,15683182,15683445,263,mRNA
47710,15682362,15683127,765,mRNA
47711,15681633,15682283,650,mRNA
47712,15683182,15683297,115,CDS
47713,15682362,15683127,765,CDS
47714,15681669,15682283,614,CDS
47715,15683872,15686598,2726,gene
47716,15683872,15684315,443,mRNA
47717,15684752,15685529,777,mRNA
47718,15685622,15686598,976,mRNA
47719,15683969,15684315,346,CDS
47720,15684752,15685529,777,CDS
47721,15685622,15686269,647,CDS
47722,15686352,15687902,1550,gene
47723,15687232,15687902,670,mRNA
47724,15687072,15687168,96,mRNA
47725,15686658,15686954,296,mRNA
47726,15686352,15686583,231,mRNA
47727,15687232,15687632,400,mRNA
47728,15687072,15687168,96,mRNA
47729,15686658,15686954,296,mRNA
47730,15686352,15686583,231,mRNA
47731,15687232,15687632,400,CDS
47732,15687072,15687168,96,CDS
47733,15686658,15686954,296,CDS
47734,15686422,15686583,161,CDS
47735,15687232,15687632,400,CDS
47736,15687072,15687168,96,CDS
47737,15686658,15686954,296,CDS
47738,15686422,15686583,161,CDS
47739,15688517,15692047,3530,gene
47740,15691662,15692047,385,mRNA
47741,15689343,15689448,105,mRNA
47742,15688975,15689259,284,mRNA
47743,15688517,15688911,394,mRNA
47744,15691662,15692047,385,mRNA
47745,15689343,15689448,105,mRNA
47746,15688975,15689259,284,mRNA
47747,15688744,15688911,167,mRNA
47748,15691662,15692047,385,mRNA
47749,15689505,15689813,308,mRNA
47750,15689343,15689448,105,mRNA
47751,15688975,15689259,284,mRNA
47752,15688744,15688911,167,mRNA
47753,15691662,15691894,232,CDS
47754,15689343,15689448,105,CDS
47755,15688975,15689259,284,CDS
47756,15688774,15688911,137,CDS
47757,15691662,15691894,232,CDS
47758,15689343,15689448,105,CDS
47759,15688975,15689259,284,CDS
47760,15688774,15688911,137,CDS
47761,15689343,15689420,77,CDS
47762,15688975,15689259,284,CDS
47763,15688774,15688911,137,CDS
47764,15697594,15699850,2256,gene
47765,15699202,15699850,648,mRNA
47766,15697594,15698460,866,mRNA
47767,15699202,15699661,459,CDS
47768,15697889,15698460,571,CDS
47769,15716453,15717749,1296,gene
47770,15716453,15716640,187,mRNA
47771,15716696,15716840,144,mRNA
47772,15716895,15717026,131,mRNA
47773,15717079,15717234,155,mRNA
47774,15717292,15717526,234,mRNA
47775,15717583,15717749,166,mRNA
47776,15716534,15716640,106,CDS
47777,15716696,15716840,144,CDS
47778,15716895,15717026,131,CDS
47779,15717079,15717234,155,CDS
47780,15717292,15717526,234,CDS
47781,15717583,15717686,103,CDS
47782,15717819,15720073,2254,gene
47783,15717819,15718047,228,mRNA
47784,15718098,15718242,144,mRNA
47785,15718304,15718435,131,mRNA
47786,15718495,15718650,155,mRNA
47787,15718703,15718937,234,mRNA
47788,15718994,15720073,1079,mRNA
47789,15717819,15718047,228,mRNA
47790,15718098,15718242,144,mRNA
47791,15718304,15718435,131,mRNA
47792,15718495,15718650,155,mRNA
47793,15718703,15718934,231,mRNA
47794,15718994,15720073,1079,mRNA
47795,15717923,15718047,124,CDS
47796,15718098,15718242,144,CDS
47797,15718304,15718435,131,CDS
47798,15718495,15718650,155,CDS
47799,15718703,15718937,234,CDS
47800,15718994,15720033,1039,CDS
47801,15717923,15718047,124,CDS
47802,15718098,15718242,144,CDS
47803,15718304,15718435,131,CDS
47804,15718495,15718650,155,CDS
47805,15718703,15718934,231,CDS
47806,15718994,15720033,1039,CDS
47807,15721511,15728430,6919,gene
47808,15727697,15728430,733,mRNA
47809,15721511,15723271,1760,mRNA
47810,15727697,15728430,733,mRNA
47811,15722328,15723271,943,mRNA
47812,15727697,15728204,507,CDS
47813,15722667,15723271,604,CDS
47814,15727697,15728204,507,CDS
47815,15722667,15723271,604,CDS
47816,15747403,15748699,1296,gene
47817,15747403,15748699,1296,ncRNA
47818,15758026,15759201,1175,gene
47819,15758026,15758314,288,ncRNA
47820,15758500,15759201,701,ncRNA
47821,15808322,15808883,561,gene
47822,15808322,15808533,211,mRNA
47823,15808587,15808883,296,mRNA
47824,15808418,15808533,115,CDS
47825,15808587,15808719,132,CDS
47826,15809485,15809977,492,gene
47827,15809485,15809531,46,mRNA
47828,15809594,15809977,383,mRNA
47829,15809498,15809531,33,CDS
47830,15809594,15809883,289,CDS
47831,15810081,15816410,6329,gene
47832,15816274,15816410,136,mRNA
47833,15815936,15816056,120,mRNA
47834,15813419,15813626,207,mRNA
47835,15813246,15813353,107,mRNA
47836,15810081,15810848,767,mRNA
47837,15816274,15816410,136,mRNA
47838,15815936,15816056,120,mRNA
47839,15813419,15813626,207,mRNA
47840,15813246,15813353,107,mRNA
47841,15811220,15812241,1021,mRNA
47842,15810081,15810848,767,mRNA
47843,15816274,15816410,136,mRNA
47844,15815936,15816056,120,mRNA
47845,15813419,15813626,207,mRNA
47846,15813246,15813353,107,mRNA
47847,15811220,15812897,1677,mRNA
47848,15810081,15810848,767,mRNA
47849,15816274,15816276,2,CDS
47850,15815936,15816056,120,CDS
47851,15813419,15813626,207,CDS
47852,15813246,15813353,107,CDS
47853,15810704,15810848,144,CDS
47854,15816274,15816276,2,CDS
47855,15815936,15816056,120,CDS
47856,15813419,15813626,207,CDS
47857,15813246,15813353,107,CDS
47858,15812208,15812241,33,CDS
47859,15816274,15816276,2,CDS
47860,15815936,15816056,120,CDS
47861,15813419,15813626,207,CDS
47862,15813246,15813353,107,CDS
47863,15812759,15812897,138,CDS
47864,15816979,15818621,1642,gene
47865,15816979,15817173,194,mRNA
47866,15817232,15818621,1389,mRNA
47867,15817048,15817173,125,CDS
47868,15817232,15818338,1106,CDS
47869,15818734,15826423,7689,gene
47870,15825471,15826423,952,mRNA
47871,15823247,15823989,742,mRNA
47872,15822963,15823181,218,mRNA
47873,15822071,15822808,737,mRNA
47874,15818734,15822014,3280,mRNA
47875,15826286,15826423,137,mRNA
47876,15823247,15823989,742,mRNA
47877,15822963,15823181,218,mRNA
47878,15822071,15822808,737,mRNA
47879,15821000,15822011,1011,mRNA
47880,15825471,15826423,952,mRNA
47881,15823247,15823989,742,mRNA
47882,15822963,15823181,218,mRNA
47883,15822071,15822808,737,mRNA
47884,15821000,15822011,1011,mRNA
47885,15824168,15824204,36,mRNA
47886,15823815,15823989,174,mRNA
47887,15823247,15823755,508,mRNA
47888,15822963,15823181,218,mRNA
47889,15822071,15822808,737,mRNA
47890,15821000,15822011,1011,mRNA
47891,15825471,15825579,108,CDS
47892,15823247,15823989,742,CDS
47893,15822963,15823181,218,CDS
47894,15822071,15822808,737,CDS
47895,15821445,15822011,566,CDS
47896,15825471,15825579,108,CDS
47897,15823247,15823989,742,CDS
47898,15822963,15823181,218,CDS
47899,15822071,15822808,737,CDS
47900,15821445,15822014,569,CDS
47901,15823247,15823417,170,CDS
47902,15822963,15823181,218,CDS
47903,15822071,15822808,737,CDS
47904,15821445,15822011,566,CDS
47905,15823247,15823417,170,CDS
47906,15822963,15823181,218,CDS
47907,15822071,15822808,737,CDS
47908,15821445,15822011,566,CDS
47909,15826888,15832004,5116,gene
47910,15826888,15827096,208,mRNA
47911,15827946,15828051,105,mRNA
47912,15828319,15829037,718,mRNA
47913,15829186,15829877,691,mRNA
47914,15830016,15830205,189,mRNA
47915,15830271,15832004,1733,mRNA
47916,15826888,15827096,208,mRNA
47917,15827946,15828051,105,mRNA
47918,15828319,15829037,718,mRNA
47919,15829186,15829877,691,mRNA
47920,15830016,15830205,189,mRNA
47921,15830271,15830458,187,mRNA
47922,15830579,15831660,1081,mRNA
47923,15828003,15828051,48,CDS
47924,15828319,15829037,718,CDS
47925,15829186,15829877,691,CDS
47926,15830016,15830205,189,CDS
47927,15830271,15830458,187,CDS
47928,15830579,15830603,24,CDS
47929,15828003,15828051,48,CDS
47930,15828319,15829037,718,CDS
47931,15829186,15829877,691,CDS
47932,15830016,15830205,189,CDS
47933,15830271,15830492,221,CDS
47934,15832464,15833947,1483,gene
47935,15832464,15832787,323,mRNA
47936,15832856,15833344,488,mRNA
47937,15833410,15833947,537,mRNA
47938,15832528,15832787,259,CDS
47939,15832856,15833344,488,CDS
47940,15833410,15833650,240,CDS
47941,15833795,15835388,1593,gene
47942,15835194,15835276,82,mRNA
47943,15834734,15834879,145,mRNA
47944,15833795,15834451,656,mRNA
47945,15835194,15835388,194,mRNA
47946,15834734,15834879,145,mRNA
47947,15834076,15834451,375,mRNA
47948,15835194,15835388,194,mRNA
47949,15834734,15834883,149,mRNA
47950,15834076,15834451,375,mRNA
47951,15834734,15834877,143,CDS
47952,15834362,15834451,89,CDS
47953,15834734,15834877,143,CDS
47954,15834362,15834451,89,CDS
47955,15834734,15834877,143,CDS
47956,15834362,15834451,89,CDS
47957,15835693,15837482,1789,gene
47958,15837257,15837482,225,mRNA
47959,15837092,15837128,36,mRNA
47960,15836780,15836929,149,mRNA
47961,15835693,15836248,555,mRNA
47962,15837257,15837482,225,mRNA
47963,15836780,15836929,149,mRNA
47964,15835890,15836248,358,mRNA
47965,15836780,15836923,143,CDS
47966,15836159,15836248,89,CDS
47967,15836780,15836923,143,CDS
47968,15836159,15836248,89,CDS
47969,15837773,15844062,6289,gene
47970,15843544,15844062,518,mRNA
47971,15840732,15841129,397,mRNA
47972,15839837,15839996,159,mRNA
47973,15839509,15839654,145,mRNA
47974,15837773,15838752,979,mRNA
47975,15843544,15843747,203,mRNA
47976,15840732,15841129,397,mRNA
47977,15839837,15839996,159,mRNA
47978,15837773,15838752,979,mRNA
47979,15843544,15843747,203,mRNA
47980,15840732,15841129,397,mRNA
47981,15839837,15839996,159,mRNA
47982,15839509,15839654,145,mRNA
47983,15837773,15838752,979,mRNA
47984,15840732,15841085,353,CDS
47985,15839837,15839996,159,CDS
47986,15839509,15839654,145,CDS
47987,15837838,15838752,914,CDS
47988,15840732,15841085,353,CDS
47989,15839837,15839996,159,CDS
47990,15839509,15839654,145,CDS
47991,15837838,15838752,914,CDS
47992,15840732,15841085,353,CDS
47993,15839837,15839996,159,CDS
47994,15838727,15838752,25,CDS
47995,15843406,15843495,89,gene
47996,15843406,15843495,89,precursor_RNA
47997,15843420,15843441,21,ncRNA
47998,15843460,15843480,20,ncRNA
47999,15848578,15899029,50451,gene
48000,15898936,15899029,93,mRNA
48001,15893620,15893961,341,mRNA
48002,15879320,15879396,76,mRNA
48003,15869830,15870807,977,mRNA
48004,15868559,15868647,88,mRNA
48005,15867555,15867619,64,mRNA
48006,15867266,15867486,220,mRNA
48007,15865758,15865840,82,mRNA
48008,15864602,15864739,137,mRNA
48009,15863084,15863236,152,mRNA
48010,15859812,15860026,214,mRNA
48011,15858101,15858151,50,mRNA
48012,15853431,15853433,2,mRNA
48013,15852139,15852249,110,mRNA
48014,15848578,15851898,3320,mRNA
48015,15898832,15898920,88,mRNA
48016,15893620,15893961,341,mRNA
48017,15879320,15879396,76,mRNA
48018,15869830,15870807,977,mRNA
48019,15869248,15869268,20,mRNA
48020,15868559,15868647,88,mRNA
48021,15867983,15868057,74,mRNA
48022,15867555,15867619,64,mRNA
48023,15867266,15867486,220,mRNA
48024,15865758,15865840,82,mRNA
48025,15864602,15864739,137,mRNA
48026,15863084,15863236,152,mRNA
48027,15859812,15860026,214,mRNA
48028,15858101,15858151,50,mRNA
48029,15855757,15856353,596,mRNA
48030,15852695,15852697,2,mRNA
48031,15852139,15852249,110,mRNA
48032,15848578,15851898,3320,mRNA
48033,15898936,15899029,93,mRNA
48034,15893620,15893961,341,mRNA
48035,15879320,15879396,76,mRNA
48036,15869830,15870807,977,mRNA
48037,15868559,15868647,88,mRNA
48038,15867555,15867619,64,mRNA
48039,15867266,15867486,220,mRNA
48040,15865758,15865840,82,mRNA
48041,15864602,15864739,137,mRNA
48042,15863084,15863236,152,mRNA
48043,15859812,15860026,214,mRNA
48044,15858101,15858151,50,mRNA
48045,15852139,15852276,137,mRNA
48046,15851317,15851898,581,mRNA
48047,15898936,15899029,93,mRNA
48048,15893620,15893961,341,mRNA
48049,15879320,15879396,76,mRNA
48050,15869830,15870807,977,mRNA
48051,15868559,15868647,88,mRNA
48052,15867555,15867619,64,mRNA
48053,15867266,15867486,220,mRNA
48054,15865758,15865840,82,mRNA
48055,15864602,15864739,137,mRNA
48056,15863968,15864120,152,mRNA
48057,15859812,15860026,214,mRNA
48058,15858101,15858151,50,mRNA
48059,15852139,15852249,110,mRNA
48060,15851317,15851898,581,mRNA
48061,15898936,15899029,93,mRNA
48062,15893620,15893961,341,mRNA
48063,15879320,15879396,76,mRNA
48064,15869830,15870807,977,mRNA
48065,15868559,15868647,88,mRNA
48066,15867983,15868057,74,mRNA
48067,15867555,15867619,64,mRNA
48068,15867266,15867486,220,mRNA
48069,15865758,15865840,82,mRNA
48070,15864602,15864739,137,mRNA
48071,15863084,15863236,152,mRNA
48072,15859812,15860026,214,mRNA
48073,15858101,15858151,50,mRNA
48074,15853431,15853433,2,mRNA
48075,15852139,15852249,110,mRNA
48076,15851317,15851898,581,mRNA
48077,15898936,15899029,93,mRNA
48078,15893620,15893961,341,mRNA
48079,15879320,15879396,76,mRNA
48080,15869830,15870807,977,mRNA
48081,15868559,15868647,88,mRNA
48082,15867983,15868057,74,mRNA
48083,15867555,15867619,64,mRNA
48084,15867266,15867486,220,mRNA
48085,15865758,15865840,82,mRNA
48086,15864602,15864739,137,mRNA
48087,15863084,15863236,152,mRNA
48088,15859812,15860026,214,mRNA
48089,15858101,15858151,50,mRNA
48090,15853431,15853433,2,mRNA
48091,15852139,15852249,110,mRNA
48092,15851317,15851898,581,mRNA
48093,15898936,15899029,93,mRNA
48094,15893620,15893961,341,mRNA
48095,15879320,15879396,76,mRNA
48096,15869830,15870807,977,mRNA
48097,15869248,15869268,20,mRNA
48098,15868559,15868647,88,mRNA
48099,15867555,15867619,64,mRNA
48100,15867266,15867486,220,mRNA
48101,15865758,15865840,82,mRNA
48102,15864602,15864739,137,mRNA
48103,15863968,15864120,152,mRNA
48104,15859812,15860026,214,mRNA
48105,15858101,15858151,50,mRNA
48106,15852695,15852697,2,mRNA
48107,15852139,15852249,110,mRNA
48108,15851317,15851898,581,mRNA
48109,15898936,15899029,93,mRNA
48110,15893620,15893961,341,mRNA
48111,15879320,15879396,76,mRNA
48112,15869830,15870807,977,mRNA
48113,15869248,15869268,20,mRNA
48114,15868559,15868647,88,mRNA
48115,15867983,15868057,74,mRNA
48116,15867555,15867619,64,mRNA
48117,15867266,15867486,220,mRNA
48118,15865758,15865840,82,mRNA
48119,15864602,15864739,137,mRNA
48120,15863084,15863236,152,mRNA
48121,15859812,15860026,214,mRNA
48122,15852695,15852697,2,mRNA
48123,15852139,15852249,110,mRNA
48124,15851317,15851898,581,mRNA
48125,15898936,15899029,93,mRNA
48126,15893620,15893961,341,mRNA
48127,15879320,15879396,76,mRNA
48128,15869830,15870807,977,mRNA
48129,15869248,15869268,20,mRNA
48130,15868559,15868647,88,mRNA
48131,15867983,15868057,74,mRNA
48132,15867555,15867619,64,mRNA
48133,15867266,15867486,220,mRNA
48134,15865758,15865840,82,mRNA
48135,15864602,15864739,137,mRNA
48136,15863968,15864120,152,mRNA
48137,15859812,15860026,214,mRNA
48138,15852139,15852276,137,mRNA
48139,15851317,15851898,581,mRNA
48140,15898835,15898920,85,mRNA
48141,15893620,15893961,341,mRNA
48142,15879320,15879396,76,mRNA
48143,15869830,15870807,977,mRNA
48144,15869248,15869268,20,mRNA
48145,15868559,15868647,88,mRNA
48146,15867555,15867619,64,mRNA
48147,15867266,15867486,220,mRNA
48148,15865758,15865840,82,mRNA
48149,15864602,15864739,137,mRNA
48150,15863084,15863236,152,mRNA
48151,15859812,15860026,214,mRNA
48152,15852695,15852697,2,mRNA
48153,15852139,15852249,110,mRNA
48154,15851317,15851898,581,mRNA
48155,15898835,15898920,85,mRNA
48156,15893620,15893961,341,mRNA
48157,15879320,15879396,76,mRNA
48158,15869830,15870807,977,mRNA
48159,15869248,15869268,20,mRNA
48160,15868559,15868647,88,mRNA
48161,15867983,15868057,74,mRNA
48162,15867555,15867619,64,mRNA
48163,15867266,15867486,220,mRNA
48164,15865758,15865840,82,mRNA
48165,15864602,15864739,137,mRNA
48166,15863968,15864120,152,mRNA
48167,15859812,15860026,214,mRNA
48168,15852695,15852697,2,mRNA
48169,15852139,15852249,110,mRNA
48170,15851317,15851898,581,mRNA
48171,15898832,15898920,88,mRNA
48172,15893620,15893961,341,mRNA
48173,15879320,15879396,76,mRNA
48174,15869830,15870807,977,mRNA
48175,15868559,15868647,88,mRNA
48176,15867555,15867619,64,mRNA
48177,15867266,15867486,220,mRNA
48178,15865758,15865840,82,mRNA
48179,15864602,15864739,137,mRNA
48180,15863968,15864120,152,mRNA
48181,15859812,15860026,214,mRNA
48182,15855757,15856353,596,mRNA
48183,15852695,15852697,2,mRNA
48184,15852139,15852249,110,mRNA
48185,15851317,15851898,581,mRNA
48186,15898832,15898920,88,mRNA
48187,15893620,15893961,341,mRNA
48188,15879320,15879396,76,mRNA
48189,15869830,15870807,977,mRNA
48190,15868559,15868647,88,mRNA
48191,15867983,15868057,74,mRNA
48192,15867555,15867619,64,mRNA
48193,15867266,15867486,220,mRNA
48194,15865758,15865840,82,mRNA
48195,15864602,15864739,137,mRNA
48196,15863084,15863236,152,mRNA
48197,15859812,15860026,214,mRNA
48198,15852139,15852249,110,mRNA
48199,15851317,15851898,581,mRNA
48200,15898832,15898920,88,mRNA
48201,15893620,15893961,341,mRNA
48202,15879320,15879396,76,mRNA
48203,15869830,15870807,977,mRNA
48204,15868559,15868647,88,mRNA
48205,15867983,15868057,74,mRNA
48206,15867555,15867619,64,mRNA
48207,15867266,15867486,220,mRNA
48208,15865758,15865840,82,mRNA
48209,15864602,15864739,137,mRNA
48210,15863084,15863236,152,mRNA
48211,15859812,15860026,214,mRNA
48212,15855757,15856353,596,mRNA
48213,15852695,15852697,2,mRNA
48214,15852139,15852249,110,mRNA
48215,15851317,15851898,581,mRNA
48216,15898832,15898920,88,mRNA
48217,15893620,15893961,341,mRNA
48218,15879320,15879396,76,mRNA
48219,15869830,15870807,977,mRNA
48220,15869248,15869268,20,mRNA
48221,15868559,15868647,88,mRNA
48222,15867983,15868057,74,mRNA
48223,15867555,15867619,64,mRNA
48224,15867266,15867486,220,mRNA
48225,15865758,15865840,82,mRNA
48226,15864602,15864739,137,mRNA
48227,15863968,15864120,152,mRNA
48228,15859812,15860026,214,mRNA
48229,15852139,15852697,558,mRNA
48230,15851317,15851898,581,mRNA
48231,15898832,15898920,88,mRNA
48232,15893620,15893961,341,mRNA
48233,15879320,15879396,76,mRNA
48234,15869830,15870807,977,mRNA
48235,15869248,15869268,20,mRNA
48236,15868559,15868647,88,mRNA
48237,15867983,15868057,74,mRNA
48238,15867555,15867619,64,mRNA
48239,15867266,15867486,220,mRNA
48240,15865758,15865840,82,mRNA
48241,15864602,15864739,137,mRNA
48242,15863968,15864120,152,mRNA
48243,15859812,15860026,214,mRNA
48244,15858101,15858151,50,mRNA
48245,15852695,15852697,2,mRNA
48246,15852139,15852249,110,mRNA
48247,15851317,15851898,581,mRNA
48248,15869830,15870797,967,CDS
48249,15868559,15868647,88,CDS
48250,15867983,15868057,74,CDS
48251,15867555,15867619,64,CDS
48252,15867266,15867486,220,CDS
48253,15865758,15865840,82,CDS
48254,15864602,15864739,137,CDS
48255,15863084,15863236,152,CDS
48256,15859812,15860026,214,CDS
48257,15858101,15858151,50,CDS
48258,15853431,15853433,2,CDS
48259,15852139,15852249,110,CDS
48260,15851746,15851898,152,CDS
48261,15869830,15870797,967,CDS
48262,15868559,15868647,88,CDS
48263,15867555,15867619,64,CDS
48264,15867266,15867486,220,CDS
48265,15865758,15865840,82,CDS
48266,15864602,15864739,137,CDS
48267,15863084,15863236,152,CDS
48268,15859812,15860026,214,CDS
48269,15858101,15858151,50,CDS
48270,15852139,15852276,137,CDS
48271,15851752,15851898,146,CDS
48272,15869830,15870797,967,CDS
48273,15868559,15868647,88,CDS
48274,15867555,15867619,64,CDS
48275,15867266,15867486,220,CDS
48276,15865758,15865840,82,CDS
48277,15864602,15864739,137,CDS
48278,15863084,15863236,152,CDS
48279,15859812,15860026,214,CDS
48280,15858101,15858151,50,CDS
48281,15853431,15853433,2,CDS
48282,15852139,15852249,110,CDS
48283,15851752,15851898,146,CDS
48284,15869830,15870797,967,CDS
48285,15868559,15868647,88,CDS
48286,15867555,15867619,64,CDS
48287,15867266,15867486,220,CDS
48288,15865758,15865840,82,CDS
48289,15864602,15864739,137,CDS
48290,15863968,15864120,152,CDS
48291,15859812,15860026,214,CDS
48292,15855757,15856353,596,CDS
48293,15852695,15852697,2,CDS
48294,15852139,15852249,110,CDS
48295,15851752,15851898,146,CDS
48296,15869830,15870797,967,CDS
48297,15868559,15868647,88,CDS
48298,15867555,15867619,64,CDS
48299,15867266,15867486,220,CDS
48300,15865758,15865840,82,CDS
48301,15864602,15864739,137,CDS
48302,15863968,15864120,152,CDS
48303,15859812,15860026,214,CDS
48304,15858101,15858151,50,CDS
48305,15852139,15852249,110,CDS
48306,15851752,15851898,146,CDS
48307,15869830,15870797,967,CDS
48308,15868559,15868647,88,CDS
48309,15867983,15868057,74,CDS
48310,15867555,15867619,64,CDS
48311,15867266,15867486,220,CDS
48312,15865758,15865840,82,CDS
48313,15864602,15864739,137,CDS
48314,15863084,15863236,152,CDS
48315,15859812,15860026,214,CDS
48316,15852139,15852249,110,CDS
48317,15851752,15851898,146,CDS
48318,15869830,15870797,967,CDS
48319,15868559,15868647,88,CDS
48320,15867983,15868057,74,CDS
48321,15867555,15867619,64,CDS
48322,15867266,15867486,220,CDS
48323,15865758,15865840,82,CDS
48324,15864602,15864739,137,CDS
48325,15863084,15863236,152,CDS
48326,15859812,15860026,214,CDS
48327,15855757,15856353,596,CDS
48328,15852695,15852697,2,CDS
48329,15852139,15852249,110,CDS
48330,15851752,15851898,146,CDS
48331,15869830,15870797,967,CDS
48332,15868559,15868647,88,CDS
48333,15867983,15868057,74,CDS
48334,15867555,15867619,64,CDS
48335,15867266,15867486,220,CDS
48336,15865758,15865840,82,CDS
48337,15864602,15864739,137,CDS
48338,15863084,15863236,152,CDS
48339,15859812,15860026,214,CDS
48340,15858101,15858151,50,CDS
48341,15853431,15853433,2,CDS
48342,15852139,15852249,110,CDS
48343,15851752,15851898,146,CDS
48344,15869830,15870797,967,CDS
48345,15869248,15869268,20,CDS
48346,15868559,15868647,88,CDS
48347,15867555,15867619,64,CDS
48348,15867266,15867486,220,CDS
48349,15865758,15865840,82,CDS
48350,15864602,15864739,137,CDS
48351,15863084,15863236,152,CDS
48352,15859812,15860026,214,CDS
48353,15852695,15852697,2,CDS
48354,15852139,15852249,110,CDS
48355,15851752,15851898,146,CDS
48356,15869830,15870797,967,CDS
48357,15869248,15869268,20,CDS
48358,15868559,15868647,88,CDS
48359,15867555,15867619,64,CDS
48360,15867266,15867486,220,CDS
48361,15865758,15865840,82,CDS
48362,15864602,15864739,137,CDS
48363,15863968,15864120,152,CDS
48364,15859812,15860026,214,CDS
48365,15858101,15858151,50,CDS
48366,15852695,15852697,2,CDS
48367,15852139,15852249,110,CDS
48368,15851752,15851898,146,CDS
48369,15869830,15870797,967,CDS
48370,15869248,15869268,20,CDS
48371,15868559,15868647,88,CDS
48372,15867983,15868057,74,CDS
48373,15867555,15867619,64,CDS
48374,15867266,15867486,220,CDS
48375,15865758,15865840,82,CDS
48376,15864602,15864739,137,CDS
48377,15863084,15863236,152,CDS
48378,15859812,15860026,214,CDS
48379,15852695,15852697,2,CDS
48380,15852139,15852249,110,CDS
48381,15851752,15851898,146,CDS
48382,15869830,15870797,967,CDS
48383,15869248,15869268,20,CDS
48384,15868559,15868647,88,CDS
48385,15867983,15868057,74,CDS
48386,15867555,15867619,64,CDS
48387,15867266,15867486,220,CDS
48388,15865758,15865840,82,CDS
48389,15864602,15864739,137,CDS
48390,15863084,15863236,152,CDS
48391,15859812,15860026,214,CDS
48392,15858101,15858151,50,CDS
48393,15855757,15856353,596,CDS
48394,15852695,15852697,2,CDS
48395,15852139,15852249,110,CDS
48396,15851752,15851898,146,CDS
48397,15869830,15870797,967,CDS
48398,15869248,15869268,20,CDS
48399,15868559,15868647,88,CDS
48400,15867983,15868057,74,CDS
48401,15867555,15867619,64,CDS
48402,15867266,15867486,220,CDS
48403,15865758,15865840,82,CDS
48404,15864602,15864739,137,CDS
48405,15863968,15864120,152,CDS
48406,15859812,15860026,214,CDS
48407,15852139,15852276,137,CDS
48408,15851752,15851898,146,CDS
48409,15869830,15870797,967,CDS
48410,15869248,15869268,20,CDS
48411,15868559,15868647,88,CDS
48412,15867983,15868057,74,CDS
48413,15867555,15867619,64,CDS
48414,15867266,15867486,220,CDS
48415,15865758,15865840,82,CDS
48416,15864602,15864739,137,CDS
48417,15863968,15864120,152,CDS
48418,15859812,15860026,214,CDS
48419,15852695,15852697,2,CDS
48420,15852139,15852249,110,CDS
48421,15851752,15851898,146,CDS
48422,15869830,15870797,967,CDS
48423,15869248,15869268,20,CDS
48424,15868559,15868647,88,CDS
48425,15867983,15868057,74,CDS
48426,15867555,15867619,64,CDS
48427,15867266,15867486,220,CDS
48428,15865758,15865840,82,CDS
48429,15864602,15864739,137,CDS
48430,15863968,15864120,152,CDS
48431,15859812,15860026,214,CDS
48432,15858101,15858151,50,CDS
48433,15852695,15852697,2,CDS
48434,15852139,15852249,110,CDS
48435,15851752,15851898,146,CDS
48436,15869830,15870797,967,CDS
48437,15869248,15869268,20,CDS
48438,15868559,15868647,88,CDS
48439,15867983,15868057,74,CDS
48440,15867555,15867619,64,CDS
48441,15867266,15867486,220,CDS
48442,15865758,15865840,82,CDS
48443,15864602,15864739,137,CDS
48444,15863968,15864120,152,CDS
48445,15859812,15860026,214,CDS
48446,15852680,15852697,17,CDS
48447,15898832,15898920,88,mRNA
48448,15893620,15893961,341,mRNA
48449,15879320,15879396,76,mRNA
48450,15869830,15870807,977,mRNA
48451,15869248,15869268,20,mRNA
48452,15868559,15868647,88,mRNA
48453,15867983,15868057,74,mRNA
48454,15867555,15867619,64,mRNA
48455,15867266,15867486,220,mRNA
48456,15865758,15865840,82,mRNA
48457,15863419,15864739,1320,mRNA
48458,15869830,15870797,967,CDS
48459,15869248,15869268,20,CDS
48460,15868559,15868647,88,CDS
48461,15867983,15868057,74,CDS
48462,15867555,15867619,64,CDS
48463,15867266,15867486,220,CDS
48464,15865758,15865840,82,CDS
48465,15864348,15864739,391,CDS
48466,15876091,15876472,381,gene
48467,15876091,15876472,381,ncRNA
48468,15884593,15885747,1154,gene
48469,15884593,15885747,1154,ncRNA
48470,15899285,15899784,499,mobile_element
48471,15900156,15924861,24705,gene
48472,15924288,15924861,573,mRNA
48473,15911154,15911652,498,mRNA
48474,15910501,15910595,94,mRNA
48475,15908925,15909151,226,mRNA
48476,15908708,15908858,150,mRNA
48477,15906637,15906852,215,mRNA
48478,15905994,15906193,199,mRNA
48479,15905703,15905927,224,mRNA
48480,15905197,15905636,439,mRNA
48481,15904707,15904865,158,mRNA
48482,15904484,15904650,166,mRNA
48483,15904317,15904421,104,mRNA
48484,15904183,15904258,75,mRNA
48485,15903949,15904121,172,mRNA
48486,15903759,15903889,130,mRNA
48487,15900156,15903454,3298,mRNA
48488,15924288,15924861,573,mRNA
48489,15911154,15911652,498,mRNA
48490,15910501,15910595,94,mRNA
48491,15908925,15909151,226,mRNA
48492,15908708,15908858,150,mRNA
48493,15906637,15906852,215,mRNA
48494,15905994,15906193,199,mRNA
48495,15905703,15905927,224,mRNA
48496,15905179,15905636,457,mRNA
48497,15904707,15904865,158,mRNA
48498,15904484,15904650,166,mRNA
48499,15904317,15904421,104,mRNA
48500,15904183,15904258,75,mRNA
48501,15903949,15904121,172,mRNA
48502,15903759,15903889,130,mRNA
48503,15900156,15903454,3298,mRNA
48504,15924288,15924861,573,mRNA
48505,15911154,15911652,498,mRNA
48506,15910501,15910595,94,mRNA
48507,15908925,15909151,226,mRNA
48508,15908708,15908858,150,mRNA
48509,15906637,15906852,215,mRNA
48510,15905994,15906193,199,mRNA
48511,15905703,15905927,224,mRNA
48512,15905149,15905636,487,mRNA
48513,15904707,15904865,158,mRNA
48514,15904484,15904650,166,mRNA
48515,15904317,15904421,104,mRNA
48516,15904183,15904258,75,mRNA
48517,15903949,15904121,172,mRNA
48518,15903759,15903889,130,mRNA
48519,15900156,15903454,3298,mRNA
48520,15911154,15911241,87,CDS
48521,15910501,15910595,94,CDS
48522,15908925,15909151,226,CDS
48523,15908708,15908858,150,CDS
48524,15906637,15906852,215,CDS
48525,15905994,15906193,199,CDS
48526,15905703,15905927,224,CDS
48527,15905197,15905636,439,CDS
48528,15904707,15904865,158,CDS
48529,15904484,15904650,166,CDS
48530,15904317,15904421,104,CDS
48531,15904183,15904258,75,CDS
48532,15903949,15904121,172,CDS
48533,15903759,15903889,130,CDS
48534,15903370,15903454,84,CDS
48535,15911154,15911241,87,CDS
48536,15910501,15910595,94,CDS
48537,15908925,15909151,226,CDS
48538,15908708,15908858,150,CDS
48539,15906637,15906852,215,CDS
48540,15905994,15906193,199,CDS
48541,15905703,15905927,224,CDS
48542,15905179,15905636,457,CDS
48543,15904707,15904865,158,CDS
48544,15904484,15904650,166,CDS
48545,15904317,15904421,104,CDS
48546,15904183,15904258,75,CDS
48547,15903949,15904121,172,CDS
48548,15903759,15903889,130,CDS
48549,15903370,15903454,84,CDS
48550,15911154,15911241,87,CDS
48551,15910501,15910595,94,CDS
48552,15908925,15909151,226,CDS
48553,15908708,15908858,150,CDS
48554,15906637,15906852,215,CDS
48555,15905994,15906193,199,CDS
48556,15905703,15905927,224,CDS
48557,15905149,15905636,487,CDS
48558,15904707,15904865,158,CDS
48559,15904484,15904650,166,CDS
48560,15904317,15904421,104,CDS
48561,15904183,15904258,75,CDS
48562,15903949,15904121,172,CDS
48563,15903759,15903889,130,CDS
48564,15903370,15903454,84,CDS
48565,15925805,15954797,28992,gene
48566,15952102,15952993,891,mRNA
48567,15946908,15947579,671,mRNA
48568,15928760,15928928,168,mRNA
48569,15928289,15928398,109,mRNA
48570,15927978,15928223,245,mRNA
48571,15927736,15927917,181,mRNA
48572,15927065,15927142,77,mRNA
48573,15925805,15926336,531,mRNA
48574,15954651,15954797,146,mRNA
48575,15954525,15954587,62,mRNA
48576,15946908,15947579,671,mRNA
48577,15928760,15928928,168,mRNA
48578,15928289,15928398,109,mRNA
48579,15927978,15928223,245,mRNA
48580,15927736,15927917,181,mRNA
48581,15927065,15927142,77,mRNA
48582,15926001,15926336,335,mRNA
48583,15954651,15954756,105,CDS
48584,15954525,15954587,62,CDS
48585,15946908,15947579,671,CDS
48586,15928760,15928928,168,CDS
48587,15928289,15928398,109,CDS
48588,15927978,15928223,245,CDS
48589,15927736,15927917,181,CDS
48590,15927065,15927142,77,CDS
48591,15926211,15926336,125,CDS
48592,15946908,15947499,591,CDS
48593,15928760,15928928,168,CDS
48594,15928289,15928398,109,CDS
48595,15927978,15928223,245,CDS
48596,15927736,15927917,181,CDS
48597,15927065,15927142,77,CDS
48598,15926211,15926336,125,CDS
48599,15929252,15938340,9088,mobile_element
48600,15955096,15956465,1369,gene
48601,15955096,15955309,213,mRNA
48602,15955388,15955547,159,mRNA
48603,15955611,15956465,854,mRNA
48604,15955096,15955314,218,mRNA
48605,15955388,15955547,159,mRNA
48606,15955611,15956252,641,mRNA
48607,15955096,15955309,213,mRNA
48608,15955388,15955547,159,mRNA
48609,15955611,15956252,641,mRNA
48610,15955220,15955309,89,CDS
48611,15955388,15955547,159,CDS
48612,15955611,15956053,442,CDS
48613,15955220,15955309,89,CDS
48614,15955388,15955547,159,CDS
48615,15955611,15956053,442,CDS
48616,15955220,15955314,94,CDS
48617,15955388,15955391,3,CDS
48618,15956550,15958433,1883,gene
48619,15956550,15956839,289,mRNA
48620,15956923,15957065,142,mRNA
48621,15957139,15957583,444,mRNA
48622,15957639,15957804,165,mRNA
48623,15957867,15958433,566,mRNA
48624,15956627,15956839,212,mRNA
48625,15956923,15957065,142,mRNA
48626,15957139,15957583,444,mRNA
48627,15957639,15957804,165,mRNA
48628,15957867,15958433,566,mRNA
48629,15956750,15956839,89,CDS
48630,15956923,15957065,142,CDS
48631,15957139,15957583,444,CDS
48632,15957639,15957804,165,CDS
48633,15957867,15957970,103,CDS
48634,15956750,15956839,89,CDS
48635,15956923,15957065,142,CDS
48636,15957139,15957583,444,CDS
48637,15957639,15957804,165,CDS
48638,15957867,15957970,103,CDS
48639,15958843,15960609,1766,gene
48640,15958843,15959383,540,mRNA
48641,15959688,15960609,921,mRNA
48642,15959179,15959383,204,mRNA
48643,15959688,15960609,921,mRNA
48644,15959266,15959383,117,CDS
48645,15959688,15960508,820,CDS
48646,15959266,15959383,117,CDS
48647,15959688,15960508,820,CDS
48648,15960836,15967872,7036,gene
48649,15967708,15967872,164,mRNA
48650,15966916,15967611,695,mRNA
48651,15962115,15966858,4743,mRNA
48652,15961876,15962050,174,mRNA
48653,15961538,15961820,282,mRNA
48654,15960836,15961479,643,mRNA
48655,15967708,15967752,44,CDS
48656,15966916,15967611,695,CDS
48657,15962115,15966858,4743,CDS
48658,15961876,15962050,174,CDS
48659,15961538,15961820,282,CDS
48660,15960994,15961479,485,CDS
48661,15968204,15969902,1698,gene
48662,15968204,15968693,489,mRNA
48663,15968999,15969560,561,mRNA
48664,15969626,15969902,276,mRNA
48665,15968370,15968693,323,CDS
48666,15968999,15969560,561,CDS
48667,15969626,15969768,142,CDS
48668,15970082,15982869,12787,gene
48669,15982803,15982869,66,mRNA
48670,15982268,15982563,295,mRNA
48671,15982123,15982199,76,mRNA
48672,15972159,15975096,2937,mRNA
48673,15971294,15972085,791,mRNA
48674,15970082,15971233,1151,mRNA
48675,15982803,15982869,66,mRNA
48676,15982268,15982568,300,mRNA
48677,15982123,15982199,76,mRNA
48678,15972159,15975096,2937,mRNA
48679,15971294,15972085,791,mRNA
48680,15970082,15971233,1151,mRNA
48681,15982803,15982869,66,mRNA
48682,15982268,15982568,300,mRNA
48683,15982123,15982199,76,mRNA
48684,15975226,15975249,23,mRNA
48685,15972159,15975096,2937,mRNA
48686,15971294,15972085,791,mRNA
48687,15970082,15971233,1151,mRNA
48688,15982803,15982869,66,mRNA
48689,15982268,15982568,300,mRNA
48690,15982123,15982211,88,mRNA
48691,15972159,15975096,2937,mRNA
48692,15971294,15972085,791,mRNA
48693,15970082,15971233,1151,mRNA
48694,15982803,15982869,66,mRNA
48695,15982268,15982568,300,mRNA
48696,15982123,15982211,88,mRNA
48697,15972159,15975096,2937,mRNA
48698,15971294,15972085,791,mRNA
48699,15970082,15971233,1151,mRNA
48700,15982268,15982849,581,mRNA
48701,15982123,15982211,88,mRNA
48702,15972159,15975096,2937,mRNA
48703,15971294,15972085,791,mRNA
48704,15970082,15971233,1151,mRNA
48705,15982268,15982508,240,CDS
48706,15982123,15982211,88,CDS
48707,15972159,15975096,2937,CDS
48708,15971294,15972085,791,CDS
48709,15970317,15971233,916,CDS
48710,15982268,15982508,240,CDS
48711,15982123,15982199,76,CDS
48712,15972159,15975096,2937,CDS
48713,15971294,15972085,791,CDS
48714,15970377,15971233,856,CDS
48715,15982268,15982508,240,CDS
48716,15982123,15982199,76,CDS
48717,15972159,15975096,2937,CDS
48718,15971294,15972085,791,CDS
48719,15970377,15971233,856,CDS
48720,15982268,15982508,240,CDS
48721,15982123,15982199,76,CDS
48722,15975226,15975249,23,CDS
48723,15972159,15975096,2937,CDS
48724,15971294,15972085,791,CDS
48725,15970377,15971233,856,CDS
48726,15982268,15982508,240,CDS
48727,15982123,15982211,88,CDS
48728,15972159,15975096,2937,CDS
48729,15971294,15972085,791,CDS
48730,15970377,15971233,856,CDS
48731,15982268,15982508,240,CDS
48732,15982123,15982211,88,CDS
48733,15972159,15975096,2937,CDS
48734,15971294,15972085,791,CDS
48735,15970377,15971233,856,CDS
48736,15975368,15976428,1060,gene
48737,15975368,15976041,673,mRNA
48738,15976099,15976428,329,mRNA
48739,15975458,15976041,583,CDS
48740,15976099,15976369,270,CDS
48741,15976870,15978435,1565,gene
48742,15976870,15977555,685,mRNA
48743,15977955,15978435,480,mRNA
48744,15977033,15977555,522,mRNA
48745,15977955,15978435,480,mRNA
48746,15977076,15977555,479,CDS
48747,15977955,15978329,374,CDS
48748,15977076,15977555,479,CDS
48749,15977955,15978329,374,CDS
48750,15978524,15980004,1480,gene
48751,15978524,15979022,498,mRNA
48752,15979304,15979407,103,mRNA
48753,15979468,15980004,536,mRNA
48754,15978524,15979022,498,mRNA
48755,15979304,15979407,103,mRNA
48756,15979468,15979757,289,mRNA
48757,15978543,15979022,479,CDS
48758,15979304,15979407,103,CDS
48759,15979468,15979738,270,CDS
48760,15978543,15979022,479,CDS
48761,15979304,15979407,103,CDS
48762,15979468,15979738,270,CDS
48763,15980100,15981888,1788,gene
48764,15980100,15980953,853,mRNA
48765,15981185,15981888,703,mRNA
48766,15980296,15980953,657,mRNA
48767,15981185,15981888,703,mRNA
48768,15980370,15980953,583,CDS
48769,15981185,15981467,282,CDS
48770,15980370,15980953,583,CDS
48771,15981185,15981467,282,CDS
48772,15983135,15984362,1227,gene
48773,15983135,15983280,145,mRNA
48774,15983378,15983594,216,mRNA
48775,15983863,15984362,499,mRNA
48776,15983277,15983280,3,CDS
48777,15983378,15983594,216,CDS
48778,15983863,15984184,321,CDS
48779,15984322,15987815,3493,gene
48780,15987663,15987815,152,mRNA
48781,15984322,15987608,3286,mRNA
48782,15987663,15987718,55,CDS
48783,15984386,15987608,3222,CDS
48784,15987784,15988041,257,gene
48785,15987784,15988041,257,ncRNA
48786,15988236,15992464,4228,gene
48787,15988236,15989188,952,mRNA
48788,15989386,15990060,674,mRNA
48789,15990129,15990408,279,mRNA
48790,15990463,15992464,2001,mRNA
48791,15988236,15989188,952,mRNA
48792,15989386,15990060,674,mRNA
48793,15990129,15990408,279,mRNA
48794,15990463,15991640,1177,mRNA
48795,15988236,15989188,952,mRNA
48796,15989386,15990060,674,mRNA
48797,15990129,15990408,279,mRNA
48798,15990463,15991640,1177,mRNA
48799,15988625,15989188,563,CDS
48800,15989386,15990060,674,CDS
48801,15990129,15990408,279,CDS
48802,15990463,15990911,448,CDS
48803,15988625,15989188,563,CDS
48804,15989386,15990060,674,CDS
48805,15990129,15990408,279,CDS
48806,15990463,15990857,394,CDS
48807,15988625,15989188,563,CDS
48808,15989386,15990060,674,CDS
48809,15990129,15990408,279,CDS
48810,15990463,15990857,394,CDS
48811,15992669,16004736,12067,gene
48812,16004349,16004736,387,mRNA
48813,16003899,16004074,175,mRNA
48814,15995610,15995845,235,mRNA
48815,15995358,15995539,181,mRNA
48816,15995135,15995288,153,mRNA
48817,15992669,15995066,2397,mRNA
48818,16004349,16004736,387,mRNA
48819,16003899,16004074,175,mRNA
48820,15999170,15999238,68,mRNA
48821,15995610,15995845,235,mRNA
48822,15995358,15995539,181,mRNA
48823,15995135,15995288,153,mRNA
48824,15992669,15995066,2397,mRNA
48825,16003899,16003980,81,CDS
48826,15995610,15995845,235,CDS
48827,15995358,15995539,181,CDS
48828,15995135,15995288,153,CDS
48829,15994731,15995066,335,CDS
48830,16003899,16003980,81,CDS
48831,15999170,15999238,68,CDS
48832,15995610,15995845,235,CDS
48833,15995358,15995539,181,CDS
48834,15995135,15995288,153,CDS
48835,15994731,15995066,335,CDS
48836,16005193,16006599,1406,gene
48837,16005193,16005327,134,mRNA
48838,16005392,16005847,455,mRNA
48839,16005914,16006599,685,mRNA
48840,16005290,16005327,37,CDS
48841,16005392,16005847,455,CDS
48842,16005914,16006550,636,CDS
48843,16006552,16011812,5260,gene
48844,16011280,16011812,532,mRNA
48845,16008930,16010162,1232,mRNA
48846,16006933,16008870,1937,mRNA
48847,16006552,16006873,321,mRNA
48848,16010241,16010309,68,mRNA
48849,16008930,16010162,1232,mRNA
48850,16006933,16008870,1937,mRNA
48851,16006552,16006873,321,mRNA
48852,16011280,16011648,368,CDS
48853,16008930,16010162,1232,CDS
48854,16006933,16008870,1937,CDS
48855,16006733,16006873,140,CDS
48856,16010241,16010276,35,CDS
48857,16008930,16010162,1232,CDS
48858,16006933,16008870,1937,CDS
48859,16006733,16006873,140,CDS
48860,16017165,16018317,1152,gene
48861,16017165,16018317,1152,ncRNA
48862,16017537,16021582,4045,gene
48863,16017537,16017858,321,ncRNA
48864,16017936,16018324,388,ncRNA
48865,16018818,16019221,403,ncRNA
48866,16019629,16019996,367,ncRNA
48867,16020474,16021582,1108,ncRNA
48868,16017537,16017858,321,ncRNA
48869,16017936,16018324,388,ncRNA
48870,16018818,16019221,403,ncRNA
48871,16020474,16021582,1108,ncRNA
48872,16020409,16021506,1097,gene
48873,16020409,16021506,1097,ncRNA
48874,16023480,16032752,9272,gene
48875,16023480,16023919,439,mRNA
48876,16029271,16029664,393,mRNA
48877,16029731,16030243,512,mRNA
48878,16030308,16032752,2444,mRNA
48879,16023845,16023919,74,CDS
48880,16029271,16029664,393,CDS
48881,16029731,16030243,512,CDS
48882,16030308,16031341,1033,CDS
48883,16031189,16031291,102,gene
48884,16031189,16031291,102,precursor_RNA
48885,16031212,16031232,20,ncRNA
48886,16031248,16031271,23,ncRNA
48887,16032762,16033190,428,gene
48888,16033064,16033190,126,mRNA
48889,16032762,16033007,245,mRNA
48890,16033064,16033157,93,CDS
48891,16032811,16033007,196,CDS
48892,16033778,16034170,392,gene
48893,16033778,16033859,81,mRNA
48894,16033928,16034170,242,mRNA
48895,16033778,16033859,81,CDS
48896,16033928,16034139,211,CDS
48897,16034524,16034853,329,gene
48898,16034524,16034602,78,mRNA
48899,16034663,16034853,190,mRNA
48900,16034524,16034602,78,CDS
48901,16034663,16034853,190,CDS
48902,16035485,16037227,1742,gene
48903,16035485,16035636,151,mRNA
48904,16035733,16036291,558,mRNA
48905,16036352,16036701,349,mRNA
48906,16036777,16037227,450,mRNA
48907,16035570,16035636,66,CDS
48908,16035733,16036291,558,CDS
48909,16036352,16036701,349,CDS
48910,16036777,16037162,385,CDS
48911,16035678,16036291,613,mRNA
48912,16036352,16036701,349,mRNA
48913,16036777,16037227,450,mRNA
48914,16035921,16036291,370,CDS
48915,16036352,16036701,349,CDS
48916,16036777,16037162,385,CDS
48917,16038410,16051034,12624,gene
48918,16050458,16051034,576,mRNA
48919,16038410,16040065,1655,mRNA
48920,16050458,16050671,213,mRNA
48921,16038410,16040065,1655,mRNA
48922,16046485,16046846,361,mRNA
48923,16038410,16040065,1655,mRNA
48924,16046485,16046846,361,mRNA
48925,16042786,16043071,285,mRNA
48926,16038410,16040065,1655,mRNA
48927,16042407,16042570,163,mRNA
48928,16038410,16040065,1655,mRNA
48929,16040438,16040535,97,mRNA
48930,16038410,16040065,1655,mRNA
48931,16038672,16039988,1316,CDS
48932,16038672,16039988,1316,CDS
48933,16038672,16039988,1316,CDS
48934,16038672,16039988,1316,CDS
48935,16038672,16039988,1316,CDS
48936,16038672,16039988,1316,CDS
48937,16042395,16042968,573,gene
48938,16042395,16042968,573,ncRNA
48939,16049235,16050303,1068,gene
48940,16049235,16049509,274,ncRNA
48941,16049584,16050303,719,ncRNA
48942,16051959,16082026,30067,gene
48943,16051959,16052174,215,mRNA
48944,16052755,16053560,805,mRNA
48945,16062131,16062243,112,mRNA
48946,16062308,16062862,554,mRNA
48947,16063085,16063173,88,mRNA
48948,16063886,16063999,113,mRNA
48949,16064227,16064317,90,mRNA
48950,16065048,16065434,386,mRNA
48951,16066023,16066109,86,mRNA
48952,16066185,16066313,128,mRNA
48953,16066613,16066829,216,mRNA
48954,16068113,16068943,830,mRNA
48955,16070120,16070264,144,mRNA
48956,16070328,16070570,242,mRNA
48957,16070833,16070930,97,mRNA
48958,16071109,16071171,62,mRNA
48959,16076982,16077124,142,mRNA
48960,16077192,16077282,90,mRNA
48961,16080759,16082026,1267,mRNA
48962,16051959,16052174,215,mRNA
48963,16053005,16053560,555,mRNA
48964,16062131,16062243,112,mRNA
48965,16062308,16062862,554,mRNA
48966,16063088,16063173,85,mRNA
48967,16063886,16063999,113,mRNA
48968,16064227,16064317,90,mRNA
48969,16065048,16065434,386,mRNA
48970,16066023,16066109,86,mRNA
48971,16066185,16066313,128,mRNA
48972,16066613,16066829,216,mRNA
48973,16068113,16068943,830,mRNA
48974,16070120,16070264,144,mRNA
48975,16070328,16070570,242,mRNA
48976,16070833,16070930,97,mRNA
48977,16071109,16071171,62,mRNA
48978,16076982,16077124,142,mRNA
48979,16077192,16077282,90,mRNA
48980,16077723,16077809,86,mRNA
48981,16080759,16082026,1267,mRNA
48982,16051959,16052174,215,mRNA
48983,16053005,16053560,555,mRNA
48984,16062131,16062243,112,mRNA
48985,16062308,16062862,554,mRNA
48986,16063088,16063173,85,mRNA
48987,16063886,16063999,113,mRNA
48988,16064230,16064317,87,mRNA
48989,16065048,16065434,386,mRNA
48990,16066023,16066109,86,mRNA
48991,16066185,16066313,128,mRNA
48992,16066613,16066829,216,mRNA
48993,16068113,16068943,830,mRNA
48994,16070120,16070264,144,mRNA
48995,16070328,16070570,242,mRNA
48996,16070833,16070930,97,mRNA
48997,16071109,16071171,62,mRNA
48998,16076982,16077124,142,mRNA
48999,16077192,16077282,90,mRNA
49000,16080759,16082026,1267,mRNA
49001,16051959,16052150,191,mRNA
49002,16053005,16053560,555,mRNA
49003,16062131,16062243,112,mRNA
49004,16062308,16062862,554,mRNA
49005,16063088,16063173,85,mRNA
49006,16063543,16063737,194,mRNA
49007,16063886,16063999,113,mRNA
49008,16064227,16064317,90,mRNA
49009,16066023,16066109,86,mRNA
49010,16066613,16066829,216,mRNA
49011,16070120,16070264,144,mRNA
49012,16070328,16070570,242,mRNA
49013,16070833,16070930,97,mRNA
49014,16071109,16071171,62,mRNA
49015,16076982,16077124,142,mRNA
49016,16077192,16077282,90,mRNA
49017,16080759,16082026,1267,mRNA
49018,16051959,16052150,191,mRNA
49019,16053005,16053560,555,mRNA
49020,16062131,16062243,112,mRNA
49021,16062308,16062862,554,mRNA
49022,16063088,16063173,85,mRNA
49023,16063886,16063999,113,mRNA
49024,16064227,16064317,90,mRNA
49025,16066023,16066109,86,mRNA
49026,16066613,16066829,216,mRNA
49027,16070120,16070264,144,mRNA
49028,16070328,16070570,242,mRNA
49029,16070833,16070930,97,mRNA
49030,16071109,16071171,62,mRNA
49031,16076982,16077124,142,mRNA
49032,16077192,16077282,90,mRNA
49033,16080759,16082026,1267,mRNA
49034,16051959,16052150,191,mRNA
49035,16053012,16053560,548,mRNA
49036,16062131,16062243,112,mRNA
49037,16062308,16062862,554,mRNA
49038,16063085,16063173,88,mRNA
49039,16063886,16063999,113,mRNA
49040,16064227,16064317,90,mRNA
49041,16065048,16065434,386,mRNA
49042,16066023,16066109,86,mRNA
49043,16066613,16066829,216,mRNA
49044,16070120,16070264,144,mRNA
49045,16070328,16070570,242,mRNA
49046,16070833,16070930,97,mRNA
49047,16071109,16071171,62,mRNA
49048,16076982,16077124,142,mRNA
49049,16077192,16077282,90,mRNA
49050,16080759,16082026,1267,mRNA
49051,16051959,16052150,191,mRNA
49052,16053012,16053560,548,mRNA
49053,16062131,16062243,112,mRNA
49054,16062308,16062862,554,mRNA
49055,16063088,16063173,85,mRNA
49056,16063886,16063999,113,mRNA
49057,16064227,16064317,90,mRNA
49058,16066023,16066109,86,mRNA
49059,16066185,16066313,128,mRNA
49060,16066613,16066829,216,mRNA
49061,16068113,16068943,830,mRNA
49062,16070120,16070264,144,mRNA
49063,16070328,16070570,242,mRNA
49064,16070833,16070930,97,mRNA
49065,16071109,16071171,62,mRNA
49066,16076982,16077124,142,mRNA
49067,16077192,16077282,90,mRNA
49068,16077723,16077809,86,mRNA
49069,16080759,16082026,1267,mRNA
49070,16051959,16052150,191,mRNA
49071,16053030,16053560,530,mRNA
49072,16062131,16062243,112,mRNA
49073,16062308,16062862,554,mRNA
49074,16063088,16063173,85,mRNA
49075,16063886,16063999,113,mRNA
49076,16064227,16064317,90,mRNA
49077,16066023,16066109,86,mRNA
49078,16066613,16066829,216,mRNA
49079,16068113,16068943,830,mRNA
49080,16070120,16070264,144,mRNA
49081,16070328,16070570,242,mRNA
49082,16070833,16070930,97,mRNA
49083,16071109,16071171,62,mRNA
49084,16076982,16077124,142,mRNA
49085,16077192,16077282,90,mRNA
49086,16077723,16077809,86,mRNA
49087,16080759,16082026,1267,mRNA
49088,16051959,16052150,191,mRNA
49089,16052755,16053560,805,mRNA
49090,16062131,16062243,112,mRNA
49091,16062308,16062862,554,mRNA
49092,16063088,16063173,85,mRNA
49093,16063886,16063999,113,mRNA
49094,16064227,16064317,90,mRNA
49095,16065048,16065434,386,mRNA
49096,16066023,16066109,86,mRNA
49097,16066613,16066829,216,mRNA
49098,16068113,16068943,830,mRNA
49099,16070120,16070264,144,mRNA
49100,16070328,16070570,242,mRNA
49101,16070833,16070930,97,mRNA
49102,16071109,16071171,62,mRNA
49103,16076982,16077124,142,mRNA
49104,16077192,16077282,90,mRNA
49105,16077723,16077809,86,mRNA
49106,16080759,16081187,428,mRNA
49107,16051959,16052150,191,mRNA
49108,16053005,16053560,555,mRNA
49109,16062131,16062243,112,mRNA
49110,16062308,16062862,554,mRNA
49111,16063088,16063173,85,mRNA
49112,16063299,16063737,438,mRNA
49113,16063886,16063999,113,mRNA
49114,16064227,16064317,90,mRNA
49115,16066023,16066109,86,mRNA
49116,16066613,16066829,216,mRNA
49117,16070120,16070264,144,mRNA
49118,16070328,16070570,242,mRNA
49119,16070833,16070930,97,mRNA
49120,16071109,16071171,62,mRNA
49121,16076982,16077124,142,mRNA
49122,16077192,16077282,90,mRNA
49123,16078820,16079589,769,mRNA
49124,16051959,16052150,191,mRNA
49125,16053005,16053560,555,mRNA
49126,16062131,16062243,112,mRNA
49127,16062308,16062862,554,mRNA
49128,16063088,16063173,85,mRNA
49129,16063886,16063999,113,mRNA
49130,16064227,16064317,90,mRNA
49131,16066023,16066109,86,mRNA
49132,16066613,16066829,216,mRNA
49133,16068113,16068943,830,mRNA
49134,16070120,16070264,144,mRNA
49135,16070328,16070570,242,mRNA
49136,16070833,16070930,97,mRNA
49137,16071109,16071171,62,mRNA
49138,16076982,16077124,142,mRNA
49139,16077192,16077282,90,mRNA
49140,16077723,16077809,86,mRNA
49141,16078820,16079589,769,mRNA
49142,16053306,16053560,254,CDS
49143,16062131,16062243,112,CDS
49144,16062308,16062862,554,CDS
49145,16063085,16063173,88,CDS
49146,16063886,16063999,113,CDS
49147,16064227,16064317,90,CDS
49148,16065048,16065434,386,CDS
49149,16066023,16066109,86,CDS
49150,16066185,16066313,128,CDS
49151,16066613,16066829,216,CDS
49152,16068113,16068943,830,CDS
49153,16070120,16070264,144,CDS
49154,16070328,16070570,242,CDS
49155,16070833,16070930,97,CDS
49156,16071109,16071171,62,CDS
49157,16076982,16077124,142,CDS
49158,16077192,16077282,90,CDS
49159,16080759,16080845,86,CDS
49160,16053306,16053560,254,CDS
49161,16062131,16062243,112,CDS
49162,16062308,16062862,554,CDS
49163,16063085,16063173,88,CDS
49164,16063886,16063999,113,CDS
49165,16064227,16064317,90,CDS
49166,16065048,16065434,386,CDS
49167,16066023,16066109,86,CDS
49168,16066613,16066829,216,CDS
49169,16070120,16070264,144,CDS
49170,16070328,16070570,242,CDS
49171,16070833,16070930,97,CDS
49172,16071109,16071171,62,CDS
49173,16076982,16077124,142,CDS
49174,16077192,16077282,90,CDS
49175,16080759,16080845,86,CDS
49176,16053306,16053560,254,CDS
49177,16062131,16062243,112,CDS
49178,16062308,16062862,554,CDS
49179,16063088,16063173,85,CDS
49180,16063543,16063737,194,CDS
49181,16063886,16063999,113,CDS
49182,16064227,16064317,90,CDS
49183,16066023,16066109,86,CDS
49184,16066613,16066829,216,CDS
49185,16070120,16070264,144,CDS
49186,16070328,16070570,242,CDS
49187,16070833,16070930,97,CDS
49188,16071109,16071171,62,CDS
49189,16076982,16077124,142,CDS
49190,16077192,16077282,90,CDS
49191,16080759,16080845,86,CDS
49192,16053306,16053560,254,CDS
49193,16062131,16062243,112,CDS
49194,16062308,16062862,554,CDS
49195,16063088,16063173,85,CDS
49196,16063886,16063999,113,CDS
49197,16064227,16064317,90,CDS
49198,16065048,16065434,386,CDS
49199,16066023,16066109,86,CDS
49200,16066185,16066313,128,CDS
49201,16066613,16066829,216,CDS
49202,16068113,16068943,830,CDS
49203,16070120,16070264,144,CDS
49204,16070328,16070570,242,CDS
49205,16070833,16070930,97,CDS
49206,16071109,16071171,62,CDS
49207,16076982,16077124,142,CDS
49208,16077192,16077282,90,CDS
49209,16077723,16077809,86,CDS
49210,16080759,16080845,86,CDS
49211,16053306,16053560,254,CDS
49212,16062131,16062243,112,CDS
49213,16062308,16062862,554,CDS
49214,16063088,16063173,85,CDS
49215,16063886,16063999,113,CDS
49216,16064227,16064317,90,CDS
49217,16065048,16065434,386,CDS
49218,16066023,16066109,86,CDS
49219,16066613,16066829,216,CDS
49220,16068113,16068943,830,CDS
49221,16070120,16070264,144,CDS
49222,16070328,16070570,242,CDS
49223,16070833,16070930,97,CDS
49224,16071109,16071171,62,CDS
49225,16076982,16077124,142,CDS
49226,16077192,16077282,90,CDS
49227,16077723,16077809,86,CDS
49228,16080759,16080845,86,CDS
49229,16053306,16053560,254,CDS
49230,16062131,16062243,112,CDS
49231,16062308,16062862,554,CDS
49232,16063088,16063173,85,CDS
49233,16063886,16063999,113,CDS
49234,16064227,16064317,90,CDS
49235,16066023,16066109,86,CDS
49236,16066185,16066313,128,CDS
49237,16066613,16066829,216,CDS
49238,16068113,16068943,830,CDS
49239,16070120,16070264,144,CDS
49240,16070328,16070570,242,CDS
49241,16070833,16070930,97,CDS
49242,16071109,16071171,62,CDS
49243,16076982,16077124,142,CDS
49244,16077192,16077282,90,CDS
49245,16077723,16077809,86,CDS
49246,16080759,16080845,86,CDS
49247,16053306,16053560,254,CDS
49248,16062131,16062243,112,CDS
49249,16062308,16062862,554,CDS
49250,16063088,16063173,85,CDS
49251,16063886,16063999,113,CDS
49252,16064227,16064317,90,CDS
49253,16066023,16066109,86,CDS
49254,16066613,16066829,216,CDS
49255,16068113,16068943,830,CDS
49256,16070120,16070264,144,CDS
49257,16070328,16070570,242,CDS
49258,16070833,16070930,97,CDS
49259,16071109,16071171,62,CDS
49260,16076982,16077124,142,CDS
49261,16077192,16077282,90,CDS
49262,16077723,16077809,86,CDS
49263,16080759,16080845,86,CDS
49264,16053306,16053560,254,CDS
49265,16062131,16062243,112,CDS
49266,16062308,16062862,554,CDS
49267,16063088,16063173,85,CDS
49268,16063886,16063999,113,CDS
49269,16064227,16064317,90,CDS
49270,16066023,16066109,86,CDS
49271,16066613,16066829,216,CDS
49272,16070120,16070264,144,CDS
49273,16070328,16070570,242,CDS
49274,16070833,16070930,97,CDS
49275,16071109,16071171,62,CDS
49276,16076982,16077124,142,CDS
49277,16077192,16077282,90,CDS
49278,16080759,16080845,86,CDS
49279,16053306,16053560,254,CDS
49280,16062131,16062243,112,CDS
49281,16062308,16062862,554,CDS
49282,16063088,16063173,85,CDS
49283,16063886,16063999,113,CDS
49284,16064230,16064317,87,CDS
49285,16065048,16065434,386,CDS
49286,16066023,16066109,86,CDS
49287,16066185,16066313,128,CDS
49288,16066613,16066829,216,CDS
49289,16068113,16068943,830,CDS
49290,16070120,16070264,144,CDS
49291,16070328,16070570,242,CDS
49292,16070833,16070930,97,CDS
49293,16071109,16071171,62,CDS
49294,16076982,16077124,142,CDS
49295,16077192,16077282,90,CDS
49296,16080759,16080845,86,CDS
49297,16053306,16053560,254,CDS
49298,16062131,16062243,112,CDS
49299,16062308,16062862,554,CDS
49300,16063088,16063173,85,CDS
49301,16063886,16063999,113,CDS
49302,16064227,16064317,90,CDS
49303,16066023,16066109,86,CDS
49304,16066613,16066829,216,CDS
49305,16068113,16068943,830,CDS
49306,16070120,16070264,144,CDS
49307,16070328,16070570,242,CDS
49308,16070833,16070930,97,CDS
49309,16071109,16071171,62,CDS
49310,16076982,16077124,142,CDS
49311,16077192,16077282,90,CDS
49312,16077723,16077809,86,CDS
49313,16078820,16078936,116,CDS
49314,16053306,16053560,254,CDS
49315,16062131,16062243,112,CDS
49316,16062308,16062862,554,CDS
49317,16063088,16063173,85,CDS
49318,16063299,16063315,16,CDS
49319,16073366,16073470,104,mRNA
49320,16075474,16075764,290,mRNA
49321,16076230,16076648,418,mRNA
49322,16076982,16077124,142,mRNA
49323,16077192,16077282,90,mRNA
49324,16077723,16077809,86,mRNA
49325,16080759,16082026,1267,mRNA
49326,16073366,16073470,104,mRNA
49327,16075474,16075764,290,mRNA
49328,16076230,16076648,418,mRNA
49329,16076982,16077124,142,mRNA
49330,16077192,16077282,90,mRNA
49331,16077723,16077809,86,mRNA
49332,16078820,16079589,769,mRNA
49333,16075488,16075764,276,CDS
49334,16076230,16076648,418,CDS
49335,16076982,16077124,142,CDS
49336,16077192,16077282,90,CDS
49337,16077723,16077809,86,CDS
49338,16080759,16080845,86,CDS
49339,16075488,16075764,276,CDS
49340,16076230,16076648,418,CDS
49341,16076982,16077124,142,CDS
49342,16077192,16077282,90,CDS
49343,16077723,16077809,86,CDS
49344,16078820,16078936,116,CDS
49345,16082551,16083638,1087,gene
49346,16082551,16082724,173,mRNA
49347,16082779,16083089,310,mRNA
49348,16083160,16083638,478,mRNA
49349,16082551,16082724,173,mRNA
49350,16082779,16083089,310,mRNA
49351,16083160,16083493,333,mRNA
49352,16082592,16082724,132,CDS
49353,16082779,16083089,310,CDS
49354,16083160,16083474,314,CDS
49355,16082592,16082724,132,CDS
49356,16082779,16083089,310,CDS
49357,16083160,16083474,314,CDS
49358,16083993,16085264,1271,gene
49359,16083993,16084168,175,mRNA
49360,16084238,16084560,322,mRNA
49361,16084615,16085264,649,mRNA
49362,16084036,16084168,132,CDS
49363,16084238,16084560,322,CDS
49364,16084615,16085178,563,CDS
49365,16085221,16087525,2304,gene
49366,16087413,16087525,112,mRNA
49367,16086351,16087336,985,mRNA
49368,16085221,16086280,1059,mRNA
49369,16087413,16087525,112,mRNA
49370,16086351,16087336,985,mRNA
49371,16085877,16086280,403,mRNA
49372,16087413,16087440,27,CDS
49373,16086351,16087336,985,CDS
49374,16086197,16086280,83,CDS
49375,16087413,16087440,27,CDS
49376,16086351,16087336,985,CDS
49377,16086197,16086280,83,CDS
49378,16087627,16090392,2765,gene
49379,16089764,16090392,628,mRNA
49380,16087627,16089708,2081,mRNA
49381,16089764,16090392,628,mRNA
49382,16087817,16089708,1891,mRNA
49383,16089764,16090252,488,CDS
49384,16088101,16089708,1607,CDS
49385,16089764,16090252,488,CDS
49386,16088101,16089708,1607,CDS
49387,16090454,16096151,5697,gene
49388,16090454,16090918,464,mRNA
49389,16091516,16091858,342,mRNA
49390,16092532,16092698,166,mRNA
49391,16092756,16092959,203,mRNA
49392,16093016,16093648,632,mRNA
49393,16093705,16093922,217,mRNA
49394,16093988,16094548,560,mRNA
49395,16094607,16094770,163,mRNA
49396,16094829,16095042,213,mRNA
49397,16095106,16096003,897,mRNA
49398,16096057,16096151,94,mRNA
49399,16090454,16090918,464,mRNA
49400,16091516,16091858,342,mRNA
49401,16092532,16092698,166,mRNA
49402,16092756,16092959,203,mRNA
49403,16093016,16093648,632,mRNA
49404,16093705,16093922,217,mRNA
49405,16093988,16094548,560,mRNA
49406,16094607,16094770,163,mRNA
49407,16094829,16095042,213,mRNA
49408,16095106,16095854,748,mRNA
49409,16090456,16090521,65,mRNA
49410,16091516,16091858,342,mRNA
49411,16092532,16092698,166,mRNA
49412,16092756,16092959,203,mRNA
49413,16093016,16093648,632,mRNA
49414,16093705,16093922,217,mRNA
49415,16093988,16094548,560,mRNA
49416,16094607,16094770,163,mRNA
49417,16094829,16095042,213,mRNA
49418,16095106,16095854,748,mRNA
49419,16090832,16090918,86,CDS
49420,16091516,16091858,342,CDS
49421,16092532,16092698,166,CDS
49422,16092756,16092959,203,CDS
49423,16093016,16093648,632,CDS
49424,16093705,16093922,217,CDS
49425,16093988,16094548,560,CDS
49426,16094607,16094770,163,CDS
49427,16094829,16095042,213,CDS
49428,16095106,16095196,90,CDS
49429,16090832,16090918,86,CDS
49430,16091516,16091858,342,CDS
49431,16092532,16092698,166,CDS
49432,16092756,16092959,203,CDS
49433,16093016,16093648,632,CDS
49434,16093705,16093922,217,CDS
49435,16093988,16094548,560,CDS
49436,16094607,16094770,163,CDS
49437,16094829,16095042,213,CDS
49438,16095106,16095196,90,CDS
49439,16091642,16091858,216,CDS
49440,16092532,16092698,166,CDS
49441,16092756,16092959,203,CDS
49442,16093016,16093648,632,CDS
49443,16093705,16093922,217,CDS
49444,16093988,16094548,560,CDS
49445,16094607,16094770,163,CDS
49446,16094829,16095042,213,CDS
49447,16095106,16095196,90,CDS
49448,16095768,16097493,1725,gene
49449,16096666,16097493,827,mRNA
49450,16096316,16096592,276,mRNA
49451,16096062,16096255,193,mRNA
49452,16095768,16096001,233,mRNA
49453,16096666,16097489,823,CDS
49454,16096316,16096592,276,CDS
49455,16096062,16096255,193,CDS
49456,16095941,16096001,60,CDS
49457,16097834,16100088,2254,gene
49458,16097834,16097934,100,mRNA
49459,16097998,16098392,394,mRNA
49460,16098549,16100088,1539,mRNA
49461,16097904,16097934,30,CDS
49462,16097998,16098392,394,CDS
49463,16098549,16099991,1442,CDS
49464,16100280,16103482,3202,gene
49465,16100280,16100469,189,mRNA
49466,16100528,16100804,276,mRNA
49467,16100860,16101064,204,mRNA
49468,16101117,16102310,1193,mRNA
49469,16102394,16102730,336,mRNA
49470,16102786,16103482,696,mRNA
49471,16100305,16100469,164,CDS
49472,16100528,16100804,276,CDS
49473,16100860,16101064,204,CDS
49474,16101117,16102310,1193,CDS
49475,16102394,16102730,336,CDS
49476,16102786,16103433,647,CDS
49477,16103432,16105627,2195,gene
49478,16105555,16105627,72,mRNA
49479,16104336,16105493,1157,mRNA
49480,16103432,16104278,846,mRNA
49481,16105555,16105563,8,CDS
49482,16104336,16105493,1157,CDS
49483,16103481,16104278,797,CDS
49484,16105852,16106428,576,gene
49485,16105852,16105902,50,mRNA
49486,16105976,16106428,452,mRNA
49487,16105852,16105902,50,CDS
49488,16105976,16106428,452,CDS
49489,16106594,16112626,6032,gene
49490,16112332,16112626,294,mRNA
49491,16111998,16112098,100,mRNA
49492,16110483,16111881,1398,mRNA
49493,16109622,16110122,500,mRNA
49494,16107596,16107786,190,mRNA
49495,16106594,16107529,935,mRNA
49496,16112332,16112410,78,mRNA
49497,16110483,16111881,1398,mRNA
49498,16109622,16110122,500,mRNA
49499,16107596,16107786,190,mRNA
49500,16106594,16107529,935,mRNA
49501,16112332,16112410,78,mRNA
49502,16111998,16112098,100,mRNA
49503,16110483,16111881,1398,mRNA
49504,16109622,16110122,500,mRNA
49505,16107596,16107786,190,mRNA
49506,16106594,16107529,935,mRNA
49507,16112332,16112410,78,mRNA
49508,16111998,16112098,100,mRNA
49509,16110483,16111881,1398,mRNA
49510,16109622,16110122,500,mRNA
49511,16108852,16109054,202,mRNA
49512,16107596,16107786,190,mRNA
49513,16106594,16107529,935,mRNA
49514,16112332,16112410,78,mRNA
49515,16111998,16112098,100,mRNA
49516,16110483,16111881,1398,mRNA
49517,16107596,16110122,2526,mRNA
49518,16106594,16107529,935,mRNA
49519,16112332,16112410,78,mRNA
49520,16111998,16112098,100,mRNA
49521,16110483,16111914,1431,mRNA
49522,16109622,16110122,500,mRNA
49523,16107596,16107786,190,mRNA
49524,16106594,16107529,935,mRNA
49525,16110483,16111869,1386,CDS
49526,16109622,16110122,500,CDS
49527,16107596,16107786,190,CDS
49528,16106954,16107529,575,CDS
49529,16110483,16111869,1386,CDS
49530,16109622,16110122,500,CDS
49531,16107596,16107786,190,CDS
49532,16106954,16107529,575,CDS
49533,16110483,16111869,1386,CDS
49534,16109622,16110122,500,CDS
49535,16107596,16107786,190,CDS
49536,16106954,16107529,575,CDS
49537,16110483,16111869,1386,CDS
49538,16109622,16110122,500,CDS
49539,16107596,16107786,190,CDS
49540,16106954,16107529,575,CDS
49541,16110483,16111869,1386,CDS
49542,16109622,16110122,500,CDS
49543,16109035,16109054,19,CDS
49544,16110483,16111869,1386,CDS
49545,16109614,16110122,508,CDS
49546,16113212,16121651,8439,gene
49547,16113212,16113365,153,mRNA
49548,16113885,16114141,256,mRNA
49549,16114312,16114720,408,mRNA
49550,16115669,16115830,161,mRNA
49551,16116032,16116241,209,mRNA
49552,16117545,16118108,563,mRNA
49553,16118172,16118399,227,mRNA
49554,16118507,16119400,893,mRNA
49555,16119458,16119631,173,mRNA
49556,16119692,16119817,125,mRNA
49557,16119914,16121651,1737,mRNA
49558,16113212,16113365,153,mRNA
49559,16113885,16114141,256,mRNA
49560,16114312,16114843,531,mRNA
49561,16115669,16115830,161,mRNA
49562,16116032,16116619,587,mRNA
49563,16117545,16118108,563,mRNA
49564,16118172,16118399,227,mRNA
49565,16118507,16119400,893,mRNA
49566,16119458,16119631,173,mRNA
49567,16119692,16119817,125,mRNA
49568,16119914,16121368,1454,mRNA
49569,16113212,16113365,153,mRNA
49570,16113885,16114141,256,mRNA
49571,16114312,16114843,531,mRNA
49572,16115669,16115830,161,mRNA
49573,16116032,16116241,209,mRNA
49574,16117545,16118108,563,mRNA
49575,16118172,16118399,227,mRNA
49576,16118507,16119400,893,mRNA
49577,16119458,16119631,173,mRNA
49578,16119692,16119817,125,mRNA
49579,16119914,16121368,1454,mRNA
49580,16113212,16113365,153,mRNA
49581,16113885,16114141,256,mRNA
49582,16114312,16114720,408,mRNA
49583,16115669,16115830,161,mRNA
49584,16116032,16116619,587,mRNA
49585,16117545,16118108,563,mRNA
49586,16118172,16118399,227,mRNA
49587,16118507,16119400,893,mRNA
49588,16119458,16119631,173,mRNA
49589,16119692,16119817,125,mRNA
49590,16119914,16121368,1454,mRNA
49591,16113212,16113365,153,mRNA
49592,16113885,16114141,256,mRNA
49593,16114312,16114720,408,mRNA
49594,16115669,16115830,161,mRNA
49595,16117545,16118108,563,mRNA
49596,16118172,16118399,227,mRNA
49597,16118507,16119400,893,mRNA
49598,16119458,16119631,173,mRNA
49599,16119692,16119817,125,mRNA
49600,16119914,16121368,1454,mRNA
49601,16113212,16113365,153,mRNA
49602,16113896,16114141,245,mRNA
49603,16114312,16114720,408,mRNA
49604,16115669,16115830,161,mRNA
49605,16116032,16116241,209,mRNA
49606,16117545,16118108,563,mRNA
49607,16118172,16118399,227,mRNA
49608,16118507,16119400,893,mRNA
49609,16119458,16119631,173,mRNA
49610,16119692,16119817,125,mRNA
49611,16119914,16121368,1454,mRNA
49612,16113212,16113365,153,mRNA
49613,16114312,16114720,408,mRNA
49614,16115669,16115830,161,mRNA
49615,16117545,16118108,563,mRNA
49616,16118172,16118399,227,mRNA
49617,16118507,16119400,893,mRNA
49618,16119458,16119631,173,mRNA
49619,16119692,16119817,125,mRNA
49620,16119914,16121368,1454,mRNA
49621,16113790,16114141,351,mRNA
49622,16114312,16114720,408,mRNA
49623,16115669,16115830,161,mRNA
49624,16116032,16116241,209,mRNA
49625,16117545,16118108,563,mRNA
49626,16118172,16118399,227,mRNA
49627,16118507,16119400,893,mRNA
49628,16119458,16119631,173,mRNA
49629,16119692,16119817,125,mRNA
49630,16119914,16121368,1454,mRNA
49631,16114308,16114720,412,mRNA
49632,16115669,16115830,161,mRNA
49633,16116032,16116241,209,mRNA
49634,16117545,16118108,563,mRNA
49635,16118172,16118399,227,mRNA
49636,16118507,16119400,893,mRNA
49637,16119458,16119631,173,mRNA
49638,16119692,16119817,125,mRNA
49639,16119914,16121368,1454,mRNA
49640,16114472,16114843,371,CDS
49641,16115669,16115830,161,CDS
49642,16116032,16116619,587,CDS
49643,16117545,16118108,563,CDS
49644,16118172,16118399,227,CDS
49645,16118507,16119400,893,CDS
49646,16119458,16119631,173,CDS
49647,16119692,16119817,125,CDS
49648,16119914,16120072,158,CDS
49649,16114472,16114843,371,CDS
49650,16115669,16115830,161,CDS
49651,16116032,16116241,209,CDS
49652,16117545,16118108,563,CDS
49653,16118172,16118399,227,CDS
49654,16118507,16119400,893,CDS
49655,16119458,16119631,173,CDS
49656,16119692,16119817,125,CDS
49657,16119914,16120072,158,CDS
49658,16114472,16114720,248,CDS
49659,16115669,16115830,161,CDS
49660,16116032,16116619,587,CDS
49661,16117545,16118108,563,CDS
49662,16118172,16118399,227,CDS
49663,16118507,16119400,893,CDS
49664,16119458,16119631,173,CDS
49665,16119692,16119817,125,CDS
49666,16119914,16120072,158,CDS
49667,16114472,16114720,248,CDS
49668,16115669,16115830,161,CDS
49669,16116032,16116241,209,CDS
49670,16117545,16118108,563,CDS
49671,16118172,16118399,227,CDS
49672,16118507,16119400,893,CDS
49673,16119458,16119631,173,CDS
49674,16119692,16119817,125,CDS
49675,16119914,16120072,158,CDS
49676,16114472,16114720,248,CDS
49677,16115669,16115830,161,CDS
49678,16116032,16116241,209,CDS
49679,16117545,16118108,563,CDS
49680,16118172,16118399,227,CDS
49681,16118507,16119400,893,CDS
49682,16119458,16119631,173,CDS
49683,16119692,16119817,125,CDS
49684,16119914,16120072,158,CDS
49685,16114472,16114720,248,CDS
49686,16115669,16115830,161,CDS
49687,16116032,16116241,209,CDS
49688,16117545,16118108,563,CDS
49689,16118172,16118399,227,CDS
49690,16118507,16119400,893,CDS
49691,16119458,16119631,173,CDS
49692,16119692,16119817,125,CDS
49693,16119914,16120072,158,CDS
49694,16114472,16114720,248,CDS
49695,16115669,16115830,161,CDS
49696,16116032,16116241,209,CDS
49697,16117545,16118108,563,CDS
49698,16118172,16118399,227,CDS
49699,16118507,16119400,893,CDS
49700,16119458,16119631,173,CDS
49701,16119692,16119817,125,CDS
49702,16119914,16120072,158,CDS
49703,16114472,16114720,248,CDS
49704,16115669,16115830,161,CDS
49705,16117545,16118108,563,CDS
49706,16118172,16118399,227,CDS
49707,16118507,16119400,893,CDS
49708,16119458,16119631,173,CDS
49709,16119692,16119817,125,CDS
49710,16119914,16120072,158,CDS
49711,16114472,16114720,248,CDS
49712,16115669,16115830,161,CDS
49713,16117545,16118108,563,CDS
49714,16118172,16118399,227,CDS
49715,16118507,16119400,893,CDS
49716,16119458,16119631,173,CDS
49717,16119692,16119817,125,CDS
49718,16119914,16120072,158,CDS
49719,16122002,16126052,4050,gene
49720,16122002,16122305,303,mRNA
49721,16122362,16122464,102,mRNA
49722,16122524,16125351,2827,mRNA
49723,16125412,16125783,371,mRNA
49724,16125846,16126052,206,mRNA
49725,16122002,16122093,91,mRNA
49726,16122146,16122305,159,mRNA
49727,16122362,16122464,102,mRNA
49728,16122524,16125351,2827,mRNA
49729,16125412,16125783,371,mRNA
49730,16125846,16126052,206,mRNA
49731,16122002,16122093,91,mRNA
49732,16122146,16122305,159,mRNA
49733,16122362,16122464,102,mRNA
49734,16122596,16125351,2755,mRNA
49735,16125412,16125783,371,mRNA
49736,16125846,16126052,206,mRNA
49737,16122187,16122305,118,CDS
49738,16122362,16122464,102,CDS
49739,16122524,16125351,2827,CDS
49740,16125412,16125783,371,CDS
49741,16125846,16125999,153,CDS
49742,16122187,16122305,118,CDS
49743,16122362,16122464,102,CDS
49744,16122524,16125351,2827,CDS
49745,16125412,16125783,371,CDS
49746,16125846,16125999,153,CDS
49747,16122187,16122305,118,CDS
49748,16122362,16122464,102,CDS
49749,16122596,16125351,2755,CDS
49750,16125412,16125783,371,CDS
49751,16125846,16125999,153,CDS
49752,16126018,16128531,2513,gene
49753,16128413,16128531,118,mRNA
49754,16128095,16128341,246,mRNA
49755,16126342,16127560,1218,mRNA
49756,16126018,16126275,257,mRNA
49757,16128413,16128490,77,CDS
49758,16128095,16128341,246,CDS
49759,16126342,16127560,1218,CDS
49760,16126137,16126275,138,CDS
49761,16129617,16130983,1366,gene
49762,16129617,16129712,95,mRNA
49763,16129908,16130283,375,mRNA
49764,16130506,16130983,477,mRNA
49765,16129909,16130283,374,CDS
49766,16130506,16130703,197,CDS
49767,16131001,16131632,631,gene
49768,16131496,16131632,136,mRNA
49769,16131001,16131438,437,mRNA
49770,16131496,16131582,86,CDS
49771,16131106,16131438,332,CDS
49772,16132028,16136691,4663,gene
49773,16132028,16133238,1210,mRNA
49774,16133294,16135786,2492,mRNA
49775,16136196,16136691,495,mRNA
49776,16132028,16132289,261,mRNA
49777,16132386,16133238,852,mRNA
49778,16133294,16135786,2492,mRNA
49779,16136196,16136691,495,mRNA
49780,16132028,16132289,261,mRNA
49781,16132540,16133238,698,mRNA
49782,16133294,16135786,2492,mRNA
49783,16136196,16136691,495,mRNA
49784,16132514,16133238,724,CDS
49785,16133294,16135786,2492,CDS
49786,16136196,16136466,270,CDS
49787,16132682,16133238,556,CDS
49788,16133294,16135786,2492,CDS
49789,16136196,16136466,270,CDS
49790,16132682,16133238,556,CDS
49791,16133294,16135786,2492,CDS
49792,16136196,16136466,270,CDS
49793,16136487,16137879,1392,gene
49794,16136487,16137879,1392,mRNA
49795,16136702,16137061,359,CDS
49796,16137802,16164701,26899,gene
49797,16163669,16164701,1032,mRNA
49798,16148408,16148958,550,mRNA
49799,16142040,16142128,88,mRNA
49800,16141327,16141915,588,mRNA
49801,16137802,16141264,3462,mRNA
49802,16149290,16149309,19,mRNA
49803,16148408,16148958,550,mRNA
49804,16142040,16142128,88,mRNA
49805,16141327,16141915,588,mRNA
49806,16139501,16141264,1763,mRNA
49807,16139501,16144036,4535,gene
49808,16142202,16144036,1834,mRNA
49809,16142040,16142128,88,mRNA
49810,16141327,16141915,588,mRNA
49811,16139501,16141264,1763,mRNA
49812,16142202,16144036,1834,mRNA
49813,16142040,16142128,88,mRNA
49814,16141327,16141915,588,mRNA
49815,16139501,16141264,1763,mRNA
49816,16142202,16143732,1530,mRNA
49817,16142040,16142128,88,mRNA
49818,16141327,16141915,588,mRNA
49819,16139501,16141264,1763,mRNA
49820,16142202,16143732,1530,mRNA
49821,16142040,16142128,88,mRNA
49822,16141327,16141915,588,mRNA
49823,16139501,16141264,1763,mRNA
49824,16142040,16142128,88,CDS
49825,16141327,16141915,588,CDS
49826,16140461,16141264,803,CDS
49827,16142040,16142128,88,CDS
49828,16141327,16141915,588,CDS
49829,16140461,16141264,803,CDS
49830,16142040,16142128,88,CDS
49831,16141327,16141915,588,CDS
49832,16140461,16141264,803,CDS
49833,16142040,16142128,88,CDS
49834,16141327,16141915,588,CDS
49835,16140461,16141264,803,CDS
49836,16142202,16143275,1073,CDS
49837,16142202,16143275,1073,CDS
49838,16164961,16164998,37,mobile_element
49839,16169455,16170106,651,gene
49840,16170041,16170106,65,mRNA
49841,16169671,16169988,317,mRNA
49842,16169455,16169610,155,mRNA
49843,16170041,16170106,65,CDS
49844,16169671,16169988,317,CDS
49845,16169455,16169610,155,CDS
49846,16170452,16170504,52,mobile_element
49847,16170729,16171380,651,gene
49848,16171318,16171380,62,mRNA
49849,16170940,16171257,317,mRNA
49850,16170729,16170884,155,mRNA
49851,16171318,16171380,62,CDS
49852,16170940,16171257,317,CDS
49853,16170729,16170884,155,CDS
49854,16176810,16177256,446,gene
49855,16176810,16177256,446,ncRNA
49856,16177345,16177635,290,gene
49857,16177345,16177635,290,ncRNA
49858,16184180,16188908,4728,mobile_element
49859,16196502,16197219,717,gene
49860,16196776,16197219,443,ncRNA
49861,16196502,16196690,188,ncRNA
49862,16196502,16197219,717,ncRNA
49863,16197614,16197655,41,mobile_element
49864,16197868,16198852,984,gene
49865,16197868,16197895,27,mRNA
49866,16197975,16198123,148,mRNA
49867,16198177,16198350,173,mRNA
49868,16198412,16198852,440,mRNA
49869,16197868,16197895,27,CDS
49870,16197975,16198123,148,CDS
49871,16198177,16198350,173,CDS
49872,16198412,16198570,158,CDS
49873,16199220,16199926,706,gene
49874,16199220,16199264,44,mRNA
49875,16199322,16199484,162,mRNA
49876,16199546,16199703,157,mRNA
49877,16199765,16199926,161,mRNA
49878,16199220,16199264,44,CDS
49879,16199322,16199484,162,CDS
49880,16199546,16199703,157,CDS
49881,16199765,16199926,161,CDS
49882,16200229,16200926,697,gene
49883,16200229,16200273,44,mRNA
49884,16200328,16200486,158,mRNA
49885,16200541,16200705,164,mRNA
49886,16200759,16200926,167,mRNA
49887,16200229,16200273,44,CDS
49888,16200328,16200486,158,CDS
49889,16200541,16200705,164,CDS
49890,16200759,16200926,167,CDS
49891,16201328,16202032,704,gene
49892,16201328,16201372,44,mRNA
49893,16201427,16201606,179,mRNA
49894,16201681,16201806,125,mRNA
49895,16201871,16202032,161,mRNA
49896,16201328,16201372,44,CDS
49897,16201427,16201606,179,CDS
49898,16201681,16201806,125,CDS
49899,16201871,16202032,161,CDS
49900,16213051,16217303,4252,gene
49901,16217115,16217303,188,mRNA
49902,16213051,16214361,1310,mRNA
49903,16213051,16214106,1055,CDS
49904,16213928,16214376,448,gene
49905,16213928,16214376,448,ncRNA
49906,16222031,16222103,72,gene
49907,16222031,16222103,72,tRNA
49908,16226126,16228737,2611,gene
49909,16228491,16228737,246,mRNA
49910,16226587,16228420,1833,mRNA
49911,16226126,16226358,232,mRNA
49912,16228491,16228737,246,mRNA
49913,16226578,16228420,1842,mRNA
49914,16226126,16226358,232,mRNA
49915,16228491,16228627,136,CDS
49916,16226587,16228420,1833,CDS
49917,16226239,16226358,119,CDS
49918,16228491,16228627,136,CDS
49919,16226578,16228420,1842,CDS
49920,16226239,16226358,119,CDS
49921,16229100,16231139,2039,gene
49922,16229100,16229340,240,mRNA
49923,16229405,16229643,238,mRNA
49924,16229701,16230324,623,mRNA
49925,16230382,16231139,757,mRNA
49926,16229301,16229340,39,CDS
49927,16229405,16229643,238,CDS
49928,16229701,16230324,623,CDS
49929,16230382,16230771,389,CDS
49930,16231081,16232038,957,gene
49931,16231840,16232038,198,mRNA
49932,16231474,16231588,114,mRNA
49933,16231081,16231416,335,mRNA
49934,16231840,16231902,62,CDS
49935,16231474,16231588,114,CDS
49936,16231193,16231416,223,CDS
49937,16232084,16232777,693,gene
49938,16232084,16232323,239,mRNA
49939,16232380,16232777,397,mRNA
49940,16232084,16232323,239,mRNA
49941,16232380,16232736,356,mRNA
49942,16232202,16232323,121,CDS
49943,16232380,16232659,279,CDS
49944,16232202,16232323,121,CDS
49945,16232380,16232659,279,CDS
49946,16233127,16234165,1038,gene
49947,16233127,16233417,290,mRNA
49948,16233470,16233582,112,mRNA
49949,16233643,16234165,522,mRNA
49950,16233196,16233417,221,CDS
49951,16233470,16233582,112,CDS
49952,16233643,16234030,387,CDS
49953,16234140,16236999,2859,gene
49954,16234140,16234988,848,mRNA
49955,16235212,16235262,50,mRNA
49956,16235323,16235552,229,mRNA
49957,16235613,16236999,1386,mRNA
49958,16234777,16234988,211,CDS
49959,16235212,16235262,50,CDS
49960,16235323,16235552,229,CDS
49961,16235613,16236241,628,CDS
49962,16237399,16237486,87,mobile_element
49963,16237723,16239462,1739,gene
49964,16237723,16237936,213,mRNA
49965,16238539,16239462,923,mRNA
49966,16237758,16237936,178,CDS
49967,16238539,16239397,858,CDS
49968,16249560,16252355,2795,gene
49969,16249560,16252355,2795,mRNA
49970,16250977,16252355,1378,mRNA
49971,16251120,16252049,929,CDS
49972,16251120,16252049,929,CDS
49973,16255852,16257191,1339,gene
49974,16255852,16257191,1339,mRNA
49975,16256091,16257035,944,CDS
49976,16259037,16259722,685,gene
49977,16259409,16259722,313,mRNA
49978,16259037,16259342,305,mRNA
49979,16259409,16259460,51,mRNA
49980,16259037,16259342,305,mRNA
49981,16259409,16259426,17,CDS
49982,16259085,16259342,257,CDS
49983,16259409,16259426,17,CDS
49984,16259085,16259342,257,CDS
49985,16261185,16261605,420,gene
49986,16261568,16261605,37,mRNA
49987,16261185,16261499,314,mRNA
49988,16261568,16261576,8,CDS
49989,16261257,16261499,242,CDS
49990,16262740,16263247,507,gene
49991,16262740,16262848,108,mRNA
49992,16262923,16263247,324,mRNA
49993,16262837,16262848,11,CDS
49994,16262923,16263120,197,CDS
49995,16263343,16264151,808,gene
49996,16263343,16263386,43,mRNA
49997,16263628,16264151,523,mRNA
49998,16263372,16263386,14,CDS
49999,16263628,16264071,443,CDS
50000,16264713,16265100,387,gene
50001,16264713,16265100,387,mRNA
50002,16264814,16265065,251,CDS
50003,16265385,16265804,419,gene
50004,16265385,16265804,419,mRNA
50005,16265430,16265723,293,CDS
50006,16265797,16268156,2359,gene
50007,16265797,16268156,2359,mRNA
50008,16266361,16268156,1795,mRNA
50009,16266417,16268141,1724,CDS
50010,16266417,16268141,1724,CDS
50011,16269392,16269911,519,gene
50012,16269392,16269446,54,mRNA
50013,16269517,16269911,394,mRNA
50014,16269435,16269446,11,CDS
50015,16269517,16269834,317,CDS
50016,16270369,16270902,533,gene
50017,16270848,16270902,54,mRNA
50018,16270369,16270765,396,mRNA
50019,16270370,16270902,532,mRNA
50020,16270848,16270862,14,CDS
50021,16270502,16270765,263,CDS
50022,16270502,16270798,296,CDS
50023,16271282,16271918,636,gene
50024,16271282,16271351,69,mRNA
50025,16271425,16271918,493,mRNA
50026,16271340,16271351,11,CDS
50027,16271425,16271652,227,CDS
50028,16272909,16273608,699,gene
50029,16272909,16272978,69,mRNA
50030,16273178,16273608,430,mRNA
50031,16272967,16272978,11,CDS
50032,16273178,16273447,269,CDS
50033,16277435,16278180,745,gene
50034,16277435,16277498,63,mRNA
50035,16277568,16278180,612,mRNA
50036,16277487,16277498,11,CDS
50037,16277568,16277978,410,CDS
50038,16278458,16279271,813,gene
50039,16279201,16279271,70,mRNA
50040,16278458,16279080,622,mRNA
50041,16279201,16279209,8,CDS
50042,16278658,16279080,422,CDS
50043,16280404,16280860,456,gene
50044,16280404,16280487,83,mRNA
50045,16280551,16280860,309,mRNA
50046,16280479,16280487,8,CDS
50047,16280551,16280805,254,CDS
50048,16281132,16281930,798,gene
50049,16281849,16281930,81,mRNA
50050,16281132,16281785,653,mRNA
50051,16281849,16281866,17,CDS
50052,16281258,16281785,527,CDS
50053,16282809,16283921,1112,gene
50054,16283853,16283921,68,mRNA
50055,16283640,16283743,103,mRNA
50056,16282809,16283580,771,mRNA
50057,16283640,16283727,87,mRNA
50058,16282809,16283580,771,mRNA
50059,16283640,16283657,17,CDS
50060,16282978,16283580,602,CDS
50061,16283640,16283657,17,CDS
50062,16282978,16283580,602,CDS
50063,16284680,16285396,716,gene
50064,16285344,16285396,52,mRNA
50065,16284680,16285265,585,mRNA
50066,16285344,16285355,11,CDS
50067,16284765,16285265,500,CDS
50068,16287580,16288422,842,gene
50069,16288311,16288422,111,mRNA
50070,16287580,16288248,668,mRNA
50071,16288311,16288322,11,CDS
50072,16287715,16288248,533,CDS
50073,16289412,16289531,119,mobile_element
50074,16289712,16290950,1238,gene
50075,16290876,16290950,74,mRNA
50076,16289712,16290818,1106,mRNA
50077,16290234,16290797,563,CDS
50078,16294711,16295547,836,gene
50079,16295472,16295547,75,mRNA
50080,16294711,16295408,697,mRNA
50081,16295472,16295483,11,CDS
50082,16295049,16295408,359,CDS
50083,16301453,16302027,574,gene
50084,16301453,16301495,42,mRNA
50085,16301559,16302027,468,mRNA
50086,16301484,16301495,11,CDS
50087,16301559,16301888,329,CDS
50088,16302490,16303178,688,gene
50089,16303102,16303178,76,mRNA
50090,16302490,16303036,546,mRNA
50091,16302544,16303531,987,gene
50092,16302544,16303531,987,ncRNA
50093,16303102,16303113,11,CDS
50094,16302581,16303036,455,CDS
50095,16303722,16303788,66,mobile_element
50096,16304282,16304662,380,gene
50097,16304282,16304320,38,mRNA
50098,16304378,16304662,284,mRNA
50099,16304300,16304320,20,CDS
50100,16304378,16304590,212,CDS
50101,16305225,16305870,645,gene
50102,16305225,16305870,645,mRNA
50103,16305345,16305791,446,CDS
50104,16306600,16307205,605,gene
50105,16306600,16306658,58,mRNA
50106,16306721,16307205,484,mRNA
50107,16306647,16306658,11,CDS
50108,16306721,16307098,377,CDS
50109,16307846,16308480,634,gene
50110,16308404,16308480,76,mRNA
50111,16307846,16308339,493,mRNA
50112,16308404,16308415,11,CDS
50113,16307998,16308339,341,CDS
50114,16308940,16311318,2378,gene
50115,16308940,16309517,577,ncRNA
50116,16309759,16311318,1559,ncRNA
50117,16314285,16315149,864,gene
50118,16314285,16314538,253,mRNA
50119,16314603,16315149,546,mRNA
50120,16314527,16314538,11,CDS
50121,16314603,16314947,344,CDS
50122,16318024,16318690,666,gene
50123,16318024,16318069,45,mRNA
50124,16318199,16318690,491,mRNA
50125,16318058,16318069,11,CDS
50126,16318199,16318459,260,CDS
50127,16318941,16319263,322,gene
50128,16318941,16319263,322,ncRNA
50129,16318954,16319526,572,gene
50130,16319448,16319526,78,mRNA
50131,16318954,16319387,433,mRNA
50132,16319448,16319459,11,CDS
50133,16319025,16319387,362,CDS
50134,16319440,16319931,491,gene
50135,16319440,16319931,491,ncRNA
50136,16319856,16320454,598,gene
50137,16319856,16319937,81,mRNA
50138,16319998,16320454,456,mRNA
50139,16319926,16319937,11,CDS
50140,16319998,16320381,383,CDS
50141,16320830,16321272,442,gene
50142,16321208,16321272,64,mRNA
50143,16320830,16321115,285,mRNA
50144,16321208,16321219,11,CDS
50145,16320888,16321115,227,CDS
50146,16323672,16324308,636,gene
50147,16323672,16323742,70,mRNA
50148,16323808,16324308,500,mRNA
50149,16323731,16323742,11,CDS
50150,16323808,16324263,455,CDS
50151,16325083,16326757,1674,gene
50152,16326426,16326757,331,mRNA
50153,16325757,16326234,477,mRNA
50154,16325083,16325691,608,mRNA
50155,16325757,16325806,49,mRNA
50156,16325083,16325691,608,mRNA
50157,16325757,16325768,11,CDS
50158,16325146,16325691,545,CDS
50159,16325757,16325768,11,CDS
50160,16325146,16325691,545,CDS
50161,16326057,16326762,705,gene
50162,16326057,16326762,705,mRNA
50163,16326307,16326681,374,CDS
50164,16327258,16327893,635,gene
50165,16327717,16327893,176,mRNA
50166,16327258,16327589,331,mRNA
50167,16327717,16327728,11,CDS
50168,16327317,16327589,272,CDS
50169,16328841,16329534,693,gene
50170,16328841,16328879,38,mRNA
50171,16328968,16329534,566,mRNA
50172,16328868,16328879,11,CDS
50173,16328968,16329402,434,CDS
50174,16329795,16331227,1432,gene
50175,16329795,16330144,349,mRNA
50176,16330230,16330522,292,mRNA
50177,16330583,16331227,644,mRNA
50178,16329795,16330144,349,mRNA
50179,16330250,16330522,272,mRNA
50180,16330583,16331227,644,mRNA
50181,16329858,16330144,286,CDS
50182,16330250,16330522,272,CDS
50183,16330583,16330871,288,CDS
50184,16329858,16330144,286,CDS
50185,16330230,16330293,63,CDS
50186,16331040,16331767,727,gene
50187,16331040,16331128,88,mRNA
50188,16331389,16331767,378,mRNA
50189,16331402,16331767,365,CDS
50190,16331933,16332789,856,gene
50191,16331933,16331991,58,mRNA
50192,16332051,16332789,738,mRNA
50193,16331980,16331991,11,CDS
50194,16332051,16332614,563,CDS
50195,16333313,16333782,469,gene
50196,16333313,16333349,36,mRNA
50197,16333418,16333782,364,mRNA
50198,16333335,16333349,14,CDS
50199,16333418,16333702,284,CDS
50200,16339003,16345241,6238,gene
50201,16339003,16339148,145,mRNA
50202,16340436,16342216,1780,mRNA
50203,16342605,16343486,881,mRNA
50204,16343794,16344092,298,mRNA
50205,16344158,16345241,1083,mRNA
50206,16339003,16339148,145,mRNA
50207,16340436,16342216,1780,mRNA
50208,16343794,16344092,298,mRNA
50209,16344158,16345241,1083,mRNA
50210,16340444,16342216,1772,CDS
50211,16342605,16343486,881,CDS
50212,16343794,16344092,298,CDS
50213,16344158,16344761,603,CDS
50214,16340444,16342216,1772,CDS
50215,16343794,16344092,298,CDS
50216,16344158,16344761,603,CDS
50217,16343189,16345241,2052,gene
50218,16343189,16343486,297,ncRNA
50219,16343794,16344092,298,ncRNA
50220,16344158,16345241,1083,ncRNA
50221,16346323,16347620,1297,gene
50222,16346323,16346368,45,mRNA
50223,16346674,16347620,946,mRNA
50224,16346323,16346368,45,CDS
50225,16346674,16347620,946,CDS
50226,16348074,16348782,708,gene
50227,16348074,16348782,708,mRNA
50228,16348167,16348733,566,CDS
50229,16348747,16351951,3204,gene
50230,16351120,16351951,831,mRNA
50231,16350833,16350952,119,mRNA
50232,16350710,16350773,63,mRNA
50233,16350493,16350647,154,mRNA
50234,16350289,16350431,142,mRNA
50235,16350025,16350205,180,mRNA
50236,16348747,16349810,1063,mRNA
50237,16351120,16351839,719,CDS
50238,16350833,16350952,119,CDS
50239,16350710,16350773,63,CDS
50240,16350493,16350647,154,CDS
50241,16350289,16350431,142,CDS
50242,16350025,16350205,180,CDS
50243,16348863,16349810,947,CDS
50244,16349917,16349989,72,gene
50245,16349917,16349989,72,tRNA
50246,16351991,16353286,1295,gene
50247,16351991,16352168,177,mRNA
50248,16352230,16352915,685,mRNA
50249,16352971,16353286,315,mRNA
50250,16352054,16352168,114,CDS
50251,16352230,16352915,685,CDS
50252,16352971,16353213,242,CDS
50253,16353233,16354297,1064,gene
50254,16354138,16354297,159,mRNA
50255,16353680,16354078,398,mRNA
50256,16353233,16353615,382,mRNA
50257,16354138,16354297,159,mRNA
50258,16353680,16354081,401,mRNA
50259,16353233,16353615,382,mRNA
50260,16354138,16354272,134,mRNA
50261,16353680,16354081,401,mRNA
50262,16353233,16353615,382,mRNA
50263,16354138,16354268,130,mRNA
50264,16353680,16354078,398,mRNA
50265,16353233,16353615,382,mRNA
50266,16354138,16354281,143,CDS
50267,16353680,16354078,398,CDS
50268,16353325,16353615,290,CDS
50269,16354138,16354281,143,CDS
50270,16353680,16354081,401,CDS
50271,16353325,16353615,290,CDS
50272,16354138,16354230,92,CDS
50273,16353680,16354078,398,CDS
50274,16353325,16353615,290,CDS
50275,16354138,16354230,92,CDS
50276,16353680,16354081,401,CDS
50277,16353325,16353615,290,CDS
50278,16353498,16353916,418,gene
50279,16353498,16353916,418,ncRNA
50280,16354746,16359428,4682,gene
50281,16359299,16359428,129,mRNA
50282,16355634,16356036,402,mRNA
50283,16354746,16355367,621,mRNA
50284,16356305,16356448,143,mRNA
50285,16355634,16356036,402,mRNA
50286,16354746,16355367,621,mRNA
50287,16359299,16359428,129,mRNA
50288,16355634,16356036,402,mRNA
50289,16355032,16355367,335,mRNA
50290,16356091,16356191,100,mRNA
50291,16355634,16356036,402,mRNA
50292,16355032,16355367,335,mRNA
50293,16355634,16356029,395,CDS
50294,16355185,16355367,182,CDS
50295,16355634,16356029,395,CDS
50296,16355185,16355367,182,CDS
50297,16355634,16356029,395,CDS
50298,16355185,16355367,182,CDS
50299,16355634,16356029,395,CDS
50300,16355185,16355367,182,CDS
50301,16362603,16363750,1147,gene
50302,16362603,16363750,1147,mRNA
50303,16362650,16363675,1025,CDS
50304,16364899,16365707,808,gene
50305,16364899,16365707,808,mRNA
50306,16364997,16365650,653,CDS
50307,16365894,16367340,1446,gene
50308,16365894,16367340,1446,mRNA
50309,16366019,16367308,1289,CDS
50310,16368389,16369518,1129,gene
50311,16368389,16368549,160,mRNA
50312,16368608,16368835,227,mRNA
50313,16368905,16369078,173,mRNA
50314,16369148,16369518,370,mRNA
50315,16368457,16368549,92,CDS
50316,16368608,16368835,227,CDS
50317,16368905,16369078,173,CDS
50318,16369148,16369432,284,CDS
50319,16369826,16370945,1119,gene
50320,16369826,16369968,142,mRNA
50321,16370024,16370251,227,mRNA
50322,16370306,16370479,173,mRNA
50323,16370535,16370945,410,mRNA
50324,16369876,16369968,92,CDS
50325,16370024,16370251,227,CDS
50326,16370306,16370479,173,CDS
50327,16370535,16370843,308,CDS
50328,16370938,16378566,7628,gene
50329,16378432,16378566,134,mRNA
50330,16377076,16377238,162,mRNA
50331,16374860,16377010,2150,mRNA
50332,16370938,16374667,3729,mRNA
50333,16378432,16378566,134,mRNA
50334,16377076,16377238,162,mRNA
50335,16374860,16377010,2150,mRNA
50336,16372437,16374667,2230,mRNA
50337,16378432,16378566,134,mRNA
50338,16377076,16377238,162,mRNA
50339,16374860,16377010,2150,mRNA
50340,16373216,16374667,1451,mRNA
50341,16377076,16377237,161,CDS
50342,16374860,16377010,2150,CDS
50343,16374521,16374667,146,CDS
50344,16377076,16377237,161,CDS
50345,16374860,16377010,2150,CDS
50346,16374521,16374667,146,CDS
50347,16377076,16377237,161,CDS
50348,16374860,16377010,2150,CDS
50349,16374521,16374667,146,CDS
50350,16378974,16381570,2596,gene
50351,16381298,16381570,272,mRNA
50352,16380471,16380637,166,mRNA
50353,16379700,16380235,535,mRNA
50354,16379270,16379627,357,mRNA
50355,16378974,16379209,235,mRNA
50356,16381298,16381570,272,mRNA
50357,16380471,16380642,171,mRNA
50358,16379700,16380235,535,mRNA
50359,16379270,16379627,357,mRNA
50360,16378974,16379209,235,mRNA
50361,16381129,16381181,52,mRNA
50362,16380471,16380642,171,mRNA
50363,16379700,16380235,535,mRNA
50364,16379270,16379627,357,mRNA
50365,16378974,16379209,235,mRNA
50366,16380471,16380636,165,CDS
50367,16379700,16380235,535,CDS
50368,16379270,16379627,357,CDS
50369,16379127,16379209,82,CDS
50370,16380471,16380636,165,CDS
50371,16379700,16380235,535,CDS
50372,16379270,16379627,357,CDS
50373,16379127,16379209,82,CDS
50374,16380471,16380636,165,CDS
50375,16379700,16380235,535,CDS
50376,16379270,16379627,357,CDS
50377,16379127,16379209,82,CDS
50378,16381772,16385957,4185,gene
50379,16385820,16385957,137,mRNA
50380,16383927,16384113,186,mRNA
50381,16383331,16383866,535,mRNA
50382,16382382,16382739,357,mRNA
50383,16381772,16382157,385,mRNA
50384,16385428,16385809,381,mRNA
50385,16383927,16384113,186,mRNA
50386,16383331,16383866,535,mRNA
50387,16382382,16382739,357,mRNA
50388,16381772,16382157,385,mRNA
50389,16384271,16384479,208,mRNA
50390,16383927,16384113,186,mRNA
50391,16383331,16383866,535,mRNA
50392,16382382,16382739,357,mRNA
50393,16381772,16382157,385,mRNA
50394,16384167,16384371,204,mRNA
50395,16383927,16384113,186,mRNA
50396,16383331,16383866,535,mRNA
50397,16382382,16382739,357,mRNA
50398,16381772,16382157,385,mRNA
50399,16382832,16382932,100,mRNA
50400,16382382,16382739,357,mRNA
50401,16381772,16382157,385,mRNA
50402,16385428,16385454,26,CDS
50403,16383927,16384113,186,CDS
50404,16383331,16383866,535,CDS
50405,16382382,16382739,357,CDS
50406,16382072,16382157,85,CDS
50407,16383927,16384107,180,CDS
50408,16383331,16383866,535,CDS
50409,16382382,16382739,357,CDS
50410,16382072,16382157,85,CDS
50411,16383927,16384107,180,CDS
50412,16383331,16383866,535,CDS
50413,16382382,16382739,357,CDS
50414,16382072,16382157,85,CDS
50415,16383927,16384107,180,CDS
50416,16383331,16383866,535,CDS
50417,16382382,16382739,357,CDS
50418,16382072,16382157,85,CDS
50419,16382382,16382727,345,CDS
50420,16382072,16382157,85,CDS
50421,16386327,16390816,4489,gene
50422,16386327,16386570,243,mRNA
50423,16386626,16386956,330,mRNA
50424,16387021,16389348,2327,mRNA
50425,16389405,16389620,215,mRNA
50426,16389679,16389877,198,mRNA
50427,16389936,16390184,248,mRNA
50428,16390302,16390816,514,mRNA
50429,16386327,16386570,243,mRNA
50430,16386632,16386956,324,mRNA
50431,16387021,16389348,2327,mRNA
50432,16389405,16389620,215,mRNA
50433,16389679,16389877,198,mRNA
50434,16389936,16390184,248,mRNA
50435,16390302,16390816,514,mRNA
50436,16386327,16386494,167,mRNA
50437,16386626,16386956,330,mRNA
50438,16387021,16389348,2327,mRNA
50439,16389405,16389620,215,mRNA
50440,16389679,16389877,198,mRNA
50441,16389936,16390184,248,mRNA
50442,16390302,16390816,514,mRNA
50443,16386637,16386956,319,CDS
50444,16387021,16389348,2327,CDS
50445,16389405,16389620,215,CDS
50446,16389679,16389877,198,CDS
50447,16389936,16390184,248,CDS
50448,16390302,16390343,41,CDS
50449,16386637,16386956,319,CDS
50450,16387021,16389348,2327,CDS
50451,16389405,16389620,215,CDS
50452,16389679,16389877,198,CDS
50453,16389936,16390184,248,CDS
50454,16390302,16390343,41,CDS
50455,16386637,16386956,319,CDS
50456,16387021,16389348,2327,CDS
50457,16389405,16389620,215,CDS
50458,16389679,16389877,198,CDS
50459,16389936,16390184,248,CDS
50460,16390302,16390343,41,CDS
50461,16390952,16400275,9323,gene
50462,16391477,16391805,328,mRNA
50463,16390952,16391352,400,mRNA
50464,16399583,16400275,692,mRNA
50465,16399467,16399525,58,mRNA
50466,16399162,16399285,123,mRNA
50467,16398912,16399092,180,mRNA
50468,16398633,16398825,192,mRNA
50469,16396943,16398040,1097,mRNA
50470,16391477,16391617,140,mRNA
50471,16391092,16391352,260,mRNA
50472,16399583,16400057,474,CDS
50473,16399467,16399525,58,CDS
50474,16399162,16399285,123,CDS
50475,16398912,16399092,180,CDS
50476,16398633,16398825,192,CDS
50477,16396943,16398040,1097,CDS
50478,16391477,16391617,140,CDS
50479,16391122,16391352,230,CDS
50480,16391477,16391479,2,CDS
50481,16391122,16391352,230,CDS
50482,16394586,16396880,2294,gene
50483,16394586,16396880,2294,mRNA
50484,16394838,16396342,1504,mRNA
50485,16394950,16396008,1058,CDS
50486,16394950,16396008,1058,CDS
50487,16402796,16411828,9032,gene
50488,16411002,16411828,826,mRNA
50489,16407021,16407359,338,mRNA
50490,16405502,16405845,343,mRNA
50491,16405326,16405428,102,mRNA
50492,16402796,16405170,2374,mRNA
50493,16408328,16408449,121,mRNA
50494,16407021,16407359,338,mRNA
50495,16405502,16405836,334,mRNA
50496,16405326,16405428,102,mRNA
50497,16402796,16405170,2374,mRNA
50498,16408328,16408449,121,mRNA
50499,16407021,16407359,338,mRNA
50500,16405502,16405845,343,mRNA
50501,16405326,16405428,102,mRNA
50502,16402796,16405170,2374,mRNA
50503,16408107,16408163,56,mRNA
50504,16407021,16407359,338,mRNA
50505,16405502,16405836,334,mRNA
50506,16405326,16405428,102,mRNA
50507,16402796,16405170,2374,mRNA
50508,16408107,16408163,56,mRNA
50509,16407021,16407359,338,mRNA
50510,16405502,16405845,343,mRNA
50511,16405326,16405428,102,mRNA
50512,16402796,16405170,2374,mRNA
50513,16411002,16411784,782,mRNA
50514,16407021,16407359,338,mRNA
50515,16405502,16405836,334,mRNA
50516,16405326,16405428,102,mRNA
50517,16403578,16405170,1592,mRNA
50518,16411002,16411418,416,CDS
50519,16407021,16407359,338,CDS
50520,16405502,16405836,334,CDS
50521,16405326,16405428,102,CDS
50522,16405117,16405170,53,CDS
50523,16411002,16411418,416,CDS
50524,16407021,16407359,338,CDS
50525,16405502,16405845,343,CDS
50526,16405326,16405428,102,CDS
50527,16405117,16405170,53,CDS
50528,16408328,16408336,8,CDS
50529,16407021,16407359,338,CDS
50530,16405502,16405836,334,CDS
50531,16405326,16405428,102,CDS
50532,16405117,16405170,53,CDS
50533,16408328,16408336,8,CDS
50534,16407021,16407359,338,CDS
50535,16405502,16405845,343,CDS
50536,16405326,16405428,102,CDS
50537,16405117,16405170,53,CDS
50538,16407021,16407344,323,CDS
50539,16405502,16405836,334,CDS
50540,16405326,16405428,102,CDS
50541,16405117,16405170,53,CDS
50542,16407021,16407344,323,CDS
50543,16405502,16405845,343,CDS
50544,16405326,16405428,102,CDS
50545,16405117,16405170,53,CDS
50546,16412722,16415386,2664,gene
50547,16412722,16412880,158,mRNA
50548,16413248,16413803,555,mRNA
50549,16413869,16413978,109,mRNA
50550,16414038,16414221,183,mRNA
50551,16414284,16414493,209,mRNA
50552,16414794,16414956,162,mRNA
50553,16415021,16415386,365,mRNA
50554,16412722,16412880,158,mRNA
50555,16413248,16413803,555,mRNA
50556,16413869,16413978,109,mRNA
50557,16414038,16414221,183,mRNA
50558,16414284,16414493,209,mRNA
50559,16414803,16414956,153,mRNA
50560,16415002,16415386,384,mRNA
50561,16412722,16412880,158,mRNA
50562,16413248,16413803,555,mRNA
50563,16413869,16413978,109,mRNA
50564,16414038,16414221,183,mRNA
50565,16414284,16414493,209,mRNA
50566,16414803,16414956,153,mRNA
50567,16415021,16415386,365,mRNA
50568,16412722,16412880,158,mRNA
50569,16413248,16413803,555,mRNA
50570,16413869,16413978,109,mRNA
50571,16414038,16414221,183,mRNA
50572,16414284,16414493,209,mRNA
50573,16414806,16414956,150,mRNA
50574,16415021,16415386,365,mRNA
50575,16412722,16412880,158,mRNA
50576,16413248,16413803,555,mRNA
50577,16413869,16413978,109,mRNA
50578,16414038,16414221,183,mRNA
50579,16414284,16414493,209,mRNA
50580,16414815,16414956,141,mRNA
50581,16415021,16415386,365,mRNA
50582,16412722,16412880,158,mRNA
50583,16413248,16413803,555,mRNA
50584,16413869,16413978,109,mRNA
50585,16414038,16414221,183,mRNA
50586,16414284,16414493,209,mRNA
50587,16414821,16414956,135,mRNA
50588,16415021,16415386,365,mRNA
50589,16412845,16412880,35,CDS
50590,16413248,16413803,555,CDS
50591,16413869,16413978,109,CDS
50592,16414038,16414221,183,CDS
50593,16414284,16414493,209,CDS
50594,16414794,16414956,162,CDS
50595,16415021,16415159,138,CDS
50596,16412845,16412880,35,CDS
50597,16413248,16413803,555,CDS
50598,16413869,16413978,109,CDS
50599,16414038,16414221,183,CDS
50600,16414284,16414493,209,CDS
50601,16414803,16414956,153,CDS
50602,16415021,16415159,138,CDS
50603,16412845,16412880,35,CDS
50604,16413248,16413803,555,CDS
50605,16413869,16413978,109,CDS
50606,16414038,16414221,183,CDS
50607,16414284,16414493,209,CDS
50608,16414806,16414956,150,CDS
50609,16415021,16415159,138,CDS
50610,16412845,16412880,35,CDS
50611,16413248,16413803,555,CDS
50612,16413869,16413978,109,CDS
50613,16414038,16414221,183,CDS
50614,16414284,16414493,209,CDS
50615,16414815,16414956,141,CDS
50616,16415021,16415159,138,CDS
50617,16412845,16412880,35,CDS
50618,16413248,16413803,555,CDS
50619,16413869,16413978,109,CDS
50620,16414038,16414221,183,CDS
50621,16414284,16414493,209,CDS
50622,16414821,16414956,135,CDS
50623,16415021,16415159,138,CDS
50624,16412845,16412880,35,CDS
50625,16413248,16413803,555,CDS
50626,16413869,16413978,109,CDS
50627,16414038,16414221,183,CDS
50628,16414284,16414493,209,CDS
50629,16414803,16414956,153,CDS
50630,16415002,16415155,153,CDS
50631,16415292,16417177,1885,gene
50632,16416786,16417177,391,mRNA
50633,16416315,16416725,410,mRNA
50634,16415862,16416248,386,mRNA
50635,16415292,16415801,509,mRNA
50636,16416786,16417111,325,CDS
50637,16416315,16416725,410,CDS
50638,16415862,16416248,386,CDS
50639,16415390,16415801,411,CDS
50640,16417349,16419302,1953,gene
50641,16418604,16419302,698,mRNA
50642,16418175,16418541,366,mRNA
50643,16417789,16418112,323,mRNA
50644,16417349,16417729,380,mRNA
50645,16418604,16419243,639,CDS
50646,16418175,16418541,366,CDS
50647,16417789,16418112,323,CDS
50648,16417483,16417729,246,CDS
50649,16419597,16496560,76963,gene
50650,16419597,16421977,2380,mRNA
50651,16422040,16422469,429,mRNA
50652,16422533,16422646,113,mRNA
50653,16485437,16485621,184,mRNA
50654,16491510,16491718,208,mRNA
50655,16496444,16496560,116,mRNA
50656,16419794,16421977,2183,CDS
50657,16422040,16422469,429,CDS
50658,16422533,16422646,113,CDS
50659,16485437,16485621,184,CDS
50660,16491510,16491698,188,CDS
50661,16422795,16451958,29163,gene
50662,16450147,16451958,1811,mRNA
50663,16426767,16426915,148,mRNA
50664,16426577,16426655,78,mRNA
50665,16424168,16424318,150,mRNA
50666,16422795,16424099,1304,mRNA
50667,16450147,16451613,1466,CDS
50668,16426767,16426915,148,CDS
50669,16426577,16426655,78,CDS
50670,16424168,16424318,150,CDS
50671,16423387,16424099,712,CDS
50672,16443902,16446186,2284,mobile_element
50673,16470386,16483650,13264,gene
50674,16482681,16483650,969,mRNA
50675,16471821,16472374,553,mRNA
50676,16471580,16471751,171,mRNA
50677,16470386,16471511,1125,mRNA
50678,16482681,16483076,395,CDS
50679,16471821,16472374,553,CDS
50680,16471580,16471751,171,CDS
50681,16471299,16471511,212,CDS
50682,16491838,16543370,51532,gene
50683,16543165,16543370,205,mRNA
50684,16539146,16539191,45,mRNA
50685,16530430,16530656,226,mRNA
50686,16529627,16529914,287,mRNA
50687,16522799,16522910,111,mRNA
50688,16520878,16521032,154,mRNA
50689,16520069,16520541,472,mRNA
50690,16518211,16518596,385,mRNA
50691,16518026,16518146,120,mRNA
50692,16517480,16517660,180,mRNA
50693,16516652,16516801,149,mRNA
50694,16515857,16515978,121,mRNA
50695,16514357,16514449,92,mRNA
50696,16513334,16513480,146,mRNA
50697,16512965,16513123,158,mRNA
50698,16511031,16511175,144,mRNA
50699,16510872,16510966,94,mRNA
50700,16510651,16510810,159,mRNA
50701,16510337,16510434,97,mRNA
50702,16510018,16510108,90,mRNA
50703,16509829,16509942,113,mRNA
50704,16508465,16508614,149,mRNA
50705,16507905,16508065,160,mRNA
50706,16507334,16507845,511,mRNA
50707,16506377,16506486,109,mRNA
50708,16505061,16505230,169,mRNA
50709,16504760,16504941,181,mRNA
50710,16504322,16504446,124,mRNA
50711,16492662,16493000,338,mRNA
50712,16492171,16492499,328,mRNA
50713,16491838,16492103,265,mRNA
50714,16491838,16496236,4398,gene
50715,16496139,16496236,97,mRNA
50716,16495300,16495536,236,mRNA
50717,16493146,16493940,794,mRNA
50718,16492662,16493000,338,mRNA
50719,16492171,16492499,328,mRNA
50720,16491838,16492103,265,mRNA
50721,16496053,16496236,183,mRNA
50722,16495300,16495536,236,mRNA
50723,16493146,16493940,794,mRNA
50724,16492662,16493000,338,mRNA
50725,16492171,16492499,328,mRNA
50726,16491838,16492103,265,mRNA
50727,16494911,16495268,357,mRNA
50728,16493146,16493940,794,mRNA
50729,16492662,16493000,338,mRNA
50730,16492171,16492499,328,mRNA
50731,16491838,16492103,265,mRNA
50732,16495300,16495314,14,CDS
50733,16493146,16493940,794,CDS
50734,16492662,16493000,338,CDS
50735,16492171,16492499,328,CDS
50736,16491980,16492103,123,CDS
50737,16495300,16495314,14,CDS
50738,16493146,16493940,794,CDS
50739,16492662,16493000,338,CDS
50740,16492171,16492499,328,CDS
50741,16491980,16492103,123,CDS
50742,16494911,16494919,8,CDS
50743,16493146,16493940,794,CDS
50744,16492662,16493000,338,CDS
50745,16492171,16492499,328,CDS
50746,16491980,16492103,123,CDS
50747,16494049,16494489,440,mobile_element
50748,16497651,16500460,2809,gene
50749,16497651,16498067,416,mRNA
50750,16498246,16498295,49,mRNA
50751,16498404,16498540,136,mRNA
50752,16498726,16499691,965,mRNA
50753,16499769,16500010,241,mRNA
50754,16500070,16500170,100,mRNA
50755,16500228,16500460,232,mRNA
50756,16497739,16498067,328,CDS
50757,16498246,16498295,49,CDS
50758,16498404,16498540,136,CDS
50759,16498726,16499691,965,CDS
50760,16499769,16500010,241,CDS
50761,16500070,16500170,100,CDS
50762,16500228,16500403,175,CDS
50763,16543165,16543370,205,mRNA
50764,16539146,16539340,194,mRNA
50765,16530430,16530656,226,mRNA
50766,16529627,16529914,287,mRNA
50767,16522799,16522910,111,mRNA
50768,16520878,16521032,154,mRNA
50769,16520069,16520541,472,mRNA
50770,16518211,16518596,385,mRNA
50771,16518026,16518146,120,mRNA
50772,16517480,16517660,180,mRNA
50773,16516652,16516801,149,mRNA
50774,16515857,16515978,121,mRNA
50775,16514357,16514449,92,mRNA
50776,16513334,16513480,146,mRNA
50777,16512965,16513123,158,mRNA
50778,16511031,16511175,144,mRNA
50779,16510872,16510966,94,mRNA
50780,16510651,16510810,159,mRNA
50781,16510337,16510434,97,mRNA
50782,16510018,16510108,90,mRNA
50783,16509829,16509942,113,mRNA
50784,16508465,16508614,149,mRNA
50785,16507905,16508065,160,mRNA
50786,16507334,16507467,133,mRNA
50787,16506377,16506486,109,mRNA
50788,16505061,16505230,169,mRNA
50789,16504760,16504941,181,mRNA
50790,16504322,16504446,124,mRNA
50791,16502034,16503529,1495,mRNA
50792,16530430,16530633,203,CDS
50793,16529627,16529914,287,CDS
50794,16522799,16522910,111,CDS
50795,16520878,16521032,154,CDS
50796,16520069,16520541,472,CDS
50797,16518211,16518596,385,CDS
50798,16518026,16518146,120,CDS
50799,16517480,16517660,180,CDS
50800,16516652,16516801,149,CDS
50801,16515857,16515978,121,CDS
50802,16514357,16514449,92,CDS
50803,16513334,16513480,146,CDS
50804,16512965,16513123,158,CDS
50805,16511031,16511175,144,CDS
50806,16510872,16510966,94,CDS
50807,16510651,16510810,159,CDS
50808,16510337,16510434,97,CDS
50809,16510018,16510108,90,CDS
50810,16509829,16509942,113,CDS
50811,16508465,16508614,149,CDS
50812,16507905,16508065,160,CDS
50813,16507334,16507467,133,CDS
50814,16506377,16506486,109,CDS
50815,16505061,16505230,169,CDS
50816,16504760,16504941,181,CDS
50817,16504322,16504446,124,CDS
50818,16502291,16503529,1238,CDS
50819,16530430,16530633,203,CDS
50820,16529627,16529914,287,CDS
50821,16522799,16522910,111,CDS
50822,16520878,16521032,154,CDS
50823,16520069,16520541,472,CDS
50824,16518211,16518596,385,CDS
50825,16518026,16518146,120,CDS
50826,16517480,16517660,180,CDS
50827,16516652,16516801,149,CDS
50828,16515857,16515978,121,CDS
50829,16514357,16514449,92,CDS
50830,16513334,16513480,146,CDS
50831,16512965,16513123,158,CDS
50832,16511031,16511175,144,CDS
50833,16510872,16510966,94,CDS
50834,16510651,16510810,159,CDS
50835,16510337,16510434,97,CDS
50836,16510018,16510108,90,CDS
50837,16509829,16509942,113,CDS
50838,16508465,16508614,149,CDS
50839,16507905,16508065,160,CDS
50840,16507728,16507845,117,CDS
50841,16523336,16528459,5123,mobile_element
50842,16544567,16545628,1061,gene
50843,16545534,16545628,94,mRNA
50844,16544567,16545299,732,mRNA
50845,16545534,16545536,2,CDS
50846,16544667,16545299,632,CDS
50847,16556823,16557958,1135,gene
50848,16556823,16556898,75,mRNA
50849,16557086,16557958,872,mRNA
50850,16556896,16556898,2,CDS
50851,16557086,16557853,767,CDS
50852,16563448,16573334,9886,gene
50853,16572274,16572401,127,mRNA
50854,16565609,16565867,258,mRNA
50855,16565033,16565269,236,mRNA
50856,16564719,16564960,241,mRNA
50857,16564576,16564648,72,mRNA
50858,16563448,16564517,1069,mRNA
50859,16573266,16573334,68,mRNA
50860,16565609,16565867,258,mRNA
50861,16565033,16565269,236,mRNA
50862,16564719,16564960,241,mRNA
50863,16564576,16564648,72,mRNA
50864,16563629,16564517,888,mRNA
50865,16572274,16572401,127,mRNA
50866,16565609,16565867,258,mRNA
50867,16565033,16565269,236,mRNA
50868,16564719,16564960,241,mRNA
50869,16564576,16564648,72,mRNA
50870,16563629,16564517,888,mRNA
50871,16565609,16565863,254,CDS
50872,16565033,16565269,236,CDS
50873,16564719,16564960,241,CDS
50874,16564576,16564648,72,CDS
50875,16563921,16564517,596,CDS
50876,16565609,16565863,254,CDS
50877,16565033,16565269,236,CDS
50878,16564719,16564960,241,CDS
50879,16564576,16564648,72,CDS
50880,16563921,16564517,596,CDS
50881,16565609,16565863,254,CDS
50882,16565033,16565269,236,CDS
50883,16564719,16564960,241,CDS
50884,16564576,16564648,72,CDS
50885,16563921,16564517,596,CDS
50886,16566750,16567300,550,gene
50887,16566750,16566932,182,mRNA
50888,16567052,16567300,248,mRNA
50889,16566853,16566932,79,CDS
50890,16567052,16567190,138,CDS
50891,16574436,16576871,2435,gene
50892,16574436,16574455,19,mRNA
50893,16574525,16574752,227,mRNA
50894,16574853,16574976,123,mRNA
50895,16575187,16575347,160,mRNA
50896,16575717,16576408,691,mRNA
50897,16574645,16574976,331,mRNA
50898,16575187,16575347,160,mRNA
50899,16575717,16576871,1154,mRNA
50900,16574645,16574752,107,mRNA
50901,16574853,16574976,123,mRNA
50902,16575187,16575347,160,mRNA
50903,16575717,16576871,1154,mRNA
50904,16574645,16574752,107,mRNA
50905,16574853,16574976,123,mRNA
50906,16575187,16575347,160,mRNA
50907,16575717,16576408,691,mRNA
50908,16574645,16574752,107,mRNA
50909,16574853,16574976,123,mRNA
50910,16575187,16575347,160,mRNA
50911,16575717,16576408,691,mRNA
50912,16574853,16574976,123,CDS
50913,16575187,16575347,160,CDS
50914,16575717,16575998,281,CDS
50915,16574853,16574976,123,CDS
50916,16575187,16575347,160,CDS
50917,16575717,16575869,152,CDS
50918,16574853,16574976,123,CDS
50919,16575187,16575347,160,CDS
50920,16575717,16575869,152,CDS
50921,16574853,16574976,123,CDS
50922,16575187,16575347,160,CDS
50923,16575717,16575869,152,CDS
50924,16574853,16574976,123,CDS
50925,16575187,16575347,160,CDS
50926,16575717,16575869,152,CDS
50927,16576859,16580306,3447,gene
50928,16580161,16580306,145,mRNA
50929,16579652,16579940,288,mRNA
50930,16579136,16579591,455,mRNA
50931,16578946,16579083,137,mRNA
50932,16578737,16578883,146,mRNA
50933,16578576,16578677,101,mRNA
50934,16577383,16578513,1130,mRNA
50935,16576859,16577312,453,mRNA
50936,16579652,16579994,342,mRNA
50937,16579136,16579591,455,mRNA
50938,16578946,16579083,137,mRNA
50939,16578737,16578883,146,mRNA
50940,16578576,16578677,101,mRNA
50941,16577383,16578465,1082,mRNA
50942,16576859,16577312,453,mRNA
50943,16579652,16579994,342,mRNA
50944,16579136,16579591,455,mRNA
50945,16578946,16579083,137,mRNA
50946,16578737,16578883,146,mRNA
50947,16578576,16578677,101,mRNA
50948,16577383,16578513,1130,mRNA
50949,16576859,16577312,453,mRNA
50950,16576994,16577693,699,mobile_element
50951,16579652,16579897,245,CDS
50952,16579136,16579591,455,CDS
50953,16578946,16579083,137,CDS
50954,16578737,16578883,146,CDS
50955,16578576,16578677,101,CDS
50956,16577383,16578465,1082,CDS
50957,16577007,16577312,305,CDS
50958,16579652,16579897,245,CDS
50959,16579136,16579591,455,CDS
50960,16578946,16579083,137,CDS
50961,16578737,16578883,146,CDS
50962,16578576,16578677,101,CDS
50963,16577383,16578513,1130,CDS
50964,16577007,16577312,305,CDS
50965,16579652,16579897,245,CDS
50966,16579136,16579591,455,CDS
50967,16578946,16579083,137,CDS
50968,16578737,16578883,146,CDS
50969,16578576,16578677,101,CDS
50970,16577383,16578513,1130,CDS
50971,16577007,16577312,305,CDS
50972,16580398,16581547,1149,gene
50973,16581452,16581547,95,mRNA
50974,16580398,16581387,989,mRNA
50975,16580398,16581276,878,mRNA
50976,16580502,16581182,680,CDS
50977,16580502,16581182,680,CDS
50978,16581637,16582767,1130,gene
50979,16581637,16582767,1130,exon
50980,16583028,16584022,994,gene
50981,16583028,16584022,994,mRNA
50982,16583100,16583894,794,CDS
50983,16584124,16586111,1987,gene
50984,16584124,16584444,320,mRNA
50985,16584589,16584722,133,mRNA
50986,16584779,16585082,303,mRNA
50987,16585185,16586111,926,mRNA
50988,16584273,16584444,171,mRNA
50989,16584589,16584722,133,mRNA
50990,16584779,16585082,303,mRNA
50991,16585185,16586111,926,mRNA
50992,16584400,16584444,44,CDS
50993,16584589,16584722,133,CDS
50994,16584779,16585082,303,CDS
50995,16585185,16586024,839,CDS
50996,16584400,16584444,44,CDS
50997,16584589,16584722,133,CDS
50998,16584779,16585082,303,CDS
50999,16585185,16586024,839,CDS
51000,16586108,16587057,949,gene
51001,16586441,16587057,616,mRNA
51002,16586108,16586387,279,mRNA
51003,16586441,16586978,537,CDS
51004,16586227,16586387,160,CDS
51005,16587111,16587805,694,gene
51006,16587531,16587805,274,ncRNA
51007,16587111,16587467,356,ncRNA
51008,16587531,16587805,274,ncRNA
51009,16587111,16587471,360,ncRNA
51010,16587157,16588143,986,gene
51011,16587157,16587247,90,mRNA
51012,16587510,16588143,633,mRNA
51013,16587289,16588143,854,mRNA
51014,16587369,16587800,431,CDS
51015,16587618,16587800,182,CDS
51016,16588475,16590132,1657,gene
51017,16588475,16588957,482,mRNA
51018,16589020,16589172,152,mRNA
51019,16589247,16589530,283,mRNA
51020,16589649,16590132,483,mRNA
51021,16588557,16588957,400,mRNA
51022,16589020,16589172,152,mRNA
51023,16589247,16589530,283,mRNA
51024,16589649,16590132,483,mRNA
51025,16588852,16588957,105,CDS
51026,16589020,16589172,152,CDS
51027,16589247,16589530,283,CDS
51028,16589649,16589774,125,CDS
51029,16588852,16588957,105,CDS
51030,16589020,16589172,152,CDS
51031,16589247,16589530,283,CDS
51032,16589649,16589774,125,CDS
51033,16590059,16591050,991,gene
51034,16591004,16591050,46,mRNA
51035,16590352,16590755,403,mRNA
51036,16590059,16590294,235,mRNA
51037,16591004,16591050,46,mRNA
51038,16590352,16590930,578,mRNA
51039,16590059,16590294,235,mRNA
51040,16591004,16591043,39,CDS
51041,16590352,16590755,403,CDS
51042,16590145,16590294,149,CDS
51043,16591004,16591043,39,CDS
51044,16590860,16590930,70,CDS
51045,16591207,16595014,3807,gene
51046,16594882,16595014,132,mRNA
51047,16594064,16594820,756,mRNA
51048,16591207,16594002,2795,mRNA
51049,16594882,16594966,84,CDS
51050,16594064,16594820,756,CDS
51051,16591404,16594002,2598,CDS
51052,16595181,16600459,5278,gene
51053,16595181,16595599,418,mRNA
51054,16596087,16596259,172,mRNA
51055,16596319,16596676,357,mRNA
51056,16596737,16597034,297,mRNA
51057,16597094,16597500,406,mRNA
51058,16598027,16598136,109,mRNA
51059,16598196,16599318,1122,mRNA
51060,16599444,16599661,217,mRNA
51061,16599741,16600459,718,mRNA
51062,16595420,16595599,179,mRNA
51063,16596087,16596259,172,mRNA
51064,16596319,16597037,718,mRNA
51065,16597094,16597500,406,mRNA
51066,16598027,16598136,109,mRNA
51067,16598196,16599318,1122,mRNA
51068,16599444,16599661,217,mRNA
51069,16599741,16600459,718,mRNA
51070,16595420,16595599,179,mRNA
51071,16596087,16596259,172,mRNA
51072,16596319,16596676,357,mRNA
51073,16596737,16597034,297,mRNA
51074,16597094,16597500,406,mRNA
51075,16598027,16598136,109,mRNA
51076,16598196,16599318,1122,mRNA
51077,16599444,16599661,217,mRNA
51078,16599741,16600459,718,mRNA
51079,16595534,16595599,65,CDS
51080,16596087,16596259,172,CDS
51081,16596319,16597037,718,CDS
51082,16597094,16597500,406,CDS
51083,16598027,16598136,109,CDS
51084,16598196,16599318,1122,CDS
51085,16599444,16599661,217,CDS
51086,16599741,16600167,426,CDS
51087,16595534,16595599,65,CDS
51088,16596087,16596259,172,CDS
51089,16596319,16596676,357,CDS
51090,16596737,16597034,297,CDS
51091,16597094,16597500,406,CDS
51092,16598027,16598136,109,CDS
51093,16598196,16599318,1122,CDS
51094,16599444,16599661,217,CDS
51095,16599741,16600167,426,CDS
51096,16595534,16595599,65,CDS
51097,16596087,16596259,172,CDS
51098,16596319,16596676,357,CDS
51099,16596737,16597034,297,CDS
51100,16597094,16597500,406,CDS
51101,16598027,16598136,109,CDS
51102,16598196,16599318,1122,CDS
51103,16599444,16599661,217,CDS
51104,16599741,16600167,426,CDS
51105,16600448,16602723,2275,gene
51106,16600448,16600955,507,exon
51107,16601012,16601669,657,exon
51108,16601731,16602489,758,exon
51109,16602549,16602723,174,exon
51110,16603053,16608146,5093,gene
51111,16603053,16603277,224,mRNA
51112,16603774,16603946,172,mRNA
51113,16604006,16604724,718,mRNA
51114,16604781,16605187,406,mRNA
51115,16605714,16605823,109,mRNA
51116,16605883,16607005,1122,mRNA
51117,16607131,16607348,217,mRNA
51118,16607428,16608146,718,mRNA
51119,16603053,16603277,224,mRNA
51120,16603774,16603946,172,mRNA
51121,16604006,16604721,715,mRNA
51122,16604781,16605187,406,mRNA
51123,16605714,16605823,109,mRNA
51124,16605883,16607005,1122,mRNA
51125,16607131,16607348,217,mRNA
51126,16607428,16608146,718,mRNA
51127,16603212,16603277,65,CDS
51128,16603774,16603946,172,CDS
51129,16604006,16604724,718,CDS
51130,16604781,16605187,406,CDS
51131,16605714,16605823,109,CDS
51132,16605883,16607005,1122,CDS
51133,16607131,16607348,217,CDS
51134,16607428,16607854,426,CDS
51135,16603212,16603277,65,CDS
51136,16603774,16603946,172,CDS
51137,16604006,16604721,715,CDS
51138,16604781,16605187,406,CDS
51139,16605714,16605823,109,CDS
51140,16605883,16607005,1122,CDS
51141,16607131,16607348,217,CDS
51142,16607428,16607854,426,CDS
51143,16608138,16609347,1209,gene
51144,16608699,16609347,648,mRNA
51145,16608138,16608642,504,mRNA
51146,16608699,16609207,508,CDS
51147,16608228,16608642,414,CDS
51148,16609400,16610418,1018,gene
51149,16610230,16610418,188,mRNA
51150,16609400,16610154,754,mRNA
51151,16610230,16610318,88,CDS
51152,16609536,16610154,618,CDS
51153,16610662,16612199,1537,gene
51154,16611363,16612199,836,mRNA
51155,16610892,16611298,406,mRNA
51156,16610662,16610829,167,mRNA
51157,16611363,16612117,754,CDS
51158,16610892,16611298,406,CDS
51159,16610738,16610829,91,CDS
51160,16612486,16612950,464,gene
51161,16612486,16612950,464,mRNA
51162,16612500,16612827,327,gene
51163,16612500,16612827,327,ncRNA
51164,16612576,16612839,263,CDS
51165,16613218,16615472,2254,gene
51166,16613218,16615472,2254,mRNA
51167,16613574,16615472,1898,mRNA
51168,16614150,16615169,1019,CDS
51169,16614150,16615169,1019,CDS
51170,16615866,16647882,32016,gene
51171,16646810,16647882,1072,mRNA
51172,16628663,16629206,543,mRNA
51173,16628174,16628589,415,mRNA
51174,16627502,16628088,586,mRNA
51175,16626922,16627192,270,mRNA
51176,16626743,16626863,120,mRNA
51177,16626528,16626616,88,mRNA
51178,16615866,16625274,9408,mRNA
51179,16646810,16647882,1072,mRNA
51180,16631377,16631430,53,mRNA
51181,16628663,16629206,543,mRNA
51182,16628174,16628589,415,mRNA
51183,16627502,16628088,586,mRNA
51184,16626922,16627192,270,mRNA
51185,16626743,16626863,120,mRNA
51186,16626528,16626616,88,mRNA
51187,16615866,16625274,9408,mRNA
51188,16616565,16621835,5270,mobile_element
51189,16646810,16647882,1072,mRNA
51190,16628663,16629206,543,mRNA
51191,16628174,16628589,415,mRNA
51192,16627502,16628088,586,mRNA
51193,16626922,16627192,270,mRNA
51194,16626743,16626863,120,mRNA
51195,16626528,16626616,88,mRNA
51196,16623637,16625274,1637,mRNA
51197,16622370,16623288,918,mRNA
51198,16646810,16647882,1072,mRNA
51199,16628663,16629206,543,mRNA
51200,16628174,16628589,415,mRNA
51201,16627502,16628088,586,mRNA
51202,16626922,16627192,270,mRNA
51203,16626743,16626863,120,mRNA
51204,16626528,16626616,88,mRNA
51205,16622370,16625274,2904,mRNA
51206,16646810,16647882,1072,mRNA
51207,16628663,16629206,543,mRNA
51208,16628174,16628589,415,mRNA
51209,16627502,16628088,586,mRNA
51210,16626922,16627192,270,mRNA
51211,16626743,16626863,120,mRNA
51212,16626273,16626616,343,mRNA
51213,16623637,16625274,1637,mRNA
51214,16622370,16623288,918,mRNA
51215,16646810,16647882,1072,mRNA
51216,16628663,16629206,543,mRNA
51217,16628174,16628589,415,mRNA
51218,16627502,16628088,586,mRNA
51219,16626922,16627192,270,mRNA
51220,16626743,16626863,120,mRNA
51221,16626273,16626616,343,mRNA
51222,16622370,16625274,2904,mRNA
51223,16646810,16647882,1072,mRNA
51224,16631377,16631430,53,mRNA
51225,16628663,16629206,543,mRNA
51226,16628174,16628589,415,mRNA
51227,16627502,16628088,586,mRNA
51228,16626922,16627192,270,mRNA
51229,16626743,16626863,120,mRNA
51230,16626528,16626616,88,mRNA
51231,16623637,16625274,1637,mRNA
51232,16622370,16623288,918,mRNA
51233,16646810,16647882,1072,mRNA
51234,16631377,16631430,53,mRNA
51235,16628663,16629206,543,mRNA
51236,16628174,16628589,415,mRNA
51237,16627502,16628088,586,mRNA
51238,16626922,16627192,270,mRNA
51239,16626743,16626863,120,mRNA
51240,16626528,16626616,88,mRNA
51241,16622370,16625274,2904,mRNA
51242,16646810,16647882,1072,mRNA
51243,16631377,16631430,53,mRNA
51244,16628663,16629206,543,mRNA
51245,16628174,16628589,415,mRNA
51246,16627502,16628088,586,mRNA
51247,16626922,16627192,270,mRNA
51248,16626743,16626863,120,mRNA
51249,16626273,16626616,343,mRNA
51250,16623637,16625274,1637,mRNA
51251,16622370,16623288,918,mRNA
51252,16646810,16647882,1072,mRNA
51253,16631377,16631430,53,mRNA
51254,16628663,16629206,543,mRNA
51255,16628174,16628589,415,mRNA
51256,16627502,16628088,586,mRNA
51257,16626922,16627192,270,mRNA
51258,16626743,16626863,120,mRNA
51259,16626273,16626616,343,mRNA
51260,16622370,16625274,2904,mRNA
51261,16646810,16647143,333,CDS
51262,16631377,16631430,53,CDS
51263,16628663,16629206,543,CDS
51264,16628174,16628589,415,CDS
51265,16627502,16628088,586,CDS
51266,16626922,16627192,270,CDS
51267,16626743,16626863,120,CDS
51268,16626528,16626616,88,CDS
51269,16622690,16625274,2584,CDS
51270,16646810,16647143,333,CDS
51271,16628663,16629206,543,CDS
51272,16628174,16628589,415,CDS
51273,16627502,16628088,586,CDS
51274,16626922,16627192,270,CDS
51275,16626743,16626863,120,CDS
51276,16626528,16626616,88,CDS
51277,16623637,16625274,1637,CDS
51278,16622774,16623288,514,CDS
51279,16646810,16647143,333,CDS
51280,16628663,16629206,543,CDS
51281,16628174,16628589,415,CDS
51282,16627502,16628088,586,CDS
51283,16626922,16627192,270,CDS
51284,16626743,16626863,120,CDS
51285,16626528,16626616,88,CDS
51286,16622774,16625274,2500,CDS
51287,16646810,16647143,333,CDS
51288,16628663,16629206,543,CDS
51289,16628174,16628589,415,CDS
51290,16627502,16628088,586,CDS
51291,16626922,16627192,270,CDS
51292,16626743,16626863,120,CDS
51293,16626528,16626616,88,CDS
51294,16622774,16625274,2500,CDS
51295,16646810,16647143,333,CDS
51296,16628663,16629206,543,CDS
51297,16628174,16628589,415,CDS
51298,16627502,16628088,586,CDS
51299,16626922,16627192,270,CDS
51300,16626743,16626863,120,CDS
51301,16626273,16626616,343,CDS
51302,16623637,16625274,1637,CDS
51303,16622774,16623288,514,CDS
51304,16646810,16647143,333,CDS
51305,16628663,16629206,543,CDS
51306,16628174,16628589,415,CDS
51307,16627502,16628088,586,CDS
51308,16626922,16627192,270,CDS
51309,16626743,16626863,120,CDS
51310,16626273,16626616,343,CDS
51311,16622774,16625274,2500,CDS
51312,16646810,16647143,333,CDS
51313,16631377,16631430,53,CDS
51314,16628663,16629206,543,CDS
51315,16628174,16628589,415,CDS
51316,16627502,16628088,586,CDS
51317,16626922,16627192,270,CDS
51318,16626743,16626863,120,CDS
51319,16626528,16626616,88,CDS
51320,16623637,16625274,1637,CDS
51321,16622774,16623288,514,CDS
51322,16646810,16647143,333,CDS
51323,16631377,16631430,53,CDS
51324,16628663,16629206,543,CDS
51325,16628174,16628589,415,CDS
51326,16627502,16628088,586,CDS
51327,16626922,16627192,270,CDS
51328,16626743,16626863,120,CDS
51329,16626528,16626616,88,CDS
51330,16622774,16625274,2500,CDS
51331,16646810,16647143,333,CDS
51332,16631377,16631430,53,CDS
51333,16628663,16629206,543,CDS
51334,16628174,16628589,415,CDS
51335,16627502,16628088,586,CDS
51336,16626922,16627192,270,CDS
51337,16626743,16626863,120,CDS
51338,16626273,16626616,343,CDS
51339,16623637,16625274,1637,CDS
51340,16622774,16623288,514,CDS
51341,16646810,16647143,333,CDS
51342,16631377,16631430,53,CDS
51343,16628663,16629206,543,CDS
51344,16628174,16628589,415,CDS
51345,16627502,16628088,586,CDS
51346,16626922,16627192,270,CDS
51347,16626743,16626863,120,CDS
51348,16626273,16626616,343,CDS
51349,16622774,16625274,2500,CDS
51350,16648442,16661615,13173,gene
51351,16661471,16661615,144,mRNA
51352,16659230,16659466,236,mRNA
51353,16651398,16651535,137,mRNA
51354,16651133,16651255,122,mRNA
51355,16648442,16650582,2140,mRNA
51356,16661411,16661615,204,mRNA
51357,16659230,16659466,236,mRNA
51358,16651398,16651535,137,mRNA
51359,16651133,16651255,122,mRNA
51360,16648841,16650582,1741,mRNA
51361,16659230,16659411,181,CDS
51362,16651398,16651535,137,CDS
51363,16651133,16651255,122,CDS
51364,16650075,16650582,507,CDS
51365,16659230,16659411,181,CDS
51366,16651398,16651535,137,CDS
51367,16651133,16651255,122,CDS
51368,16650075,16650582,507,CDS
51369,16653769,16654006,237,gene
51370,16653769,16654006,237,ncRNA
51371,16662557,16667934,5377,gene
51372,16667591,16667934,343,mRNA
51373,16665080,16665301,221,mRNA
51374,16664741,16664909,168,mRNA
51375,16663642,16663739,97,mRNA
51376,16662557,16663548,991,mRNA
51377,16667591,16667601,10,CDS
51378,16665080,16665301,221,CDS
51379,16664741,16664909,168,CDS
51380,16663642,16663739,97,CDS
51381,16662849,16663548,699,CDS
51382,16663903,16664913,1010,gene
51383,16663903,16664913,1010,ncRNA
51384,16670355,16670741,386,gene
51385,16670355,16670741,386,ncRNA
51386,16671664,16673555,1891,gene
51387,16673523,16673555,32,mRNA
51388,16673057,16673424,367,mRNA
51389,16672454,16672544,90,mRNA
51390,16671664,16671842,178,mRNA
51391,16673482,16673537,55,mRNA
51392,16673057,16673424,367,mRNA
51393,16672454,16672544,90,mRNA
51394,16671664,16671842,178,mRNA
51395,16673482,16673499,17,CDS
51396,16673057,16673424,367,CDS
51397,16672454,16672544,90,CDS
51398,16671795,16671842,47,CDS
51399,16673057,16673409,352,CDS
51400,16672454,16672544,90,CDS
51401,16671795,16671842,47,CDS
51402,16673482,16673537,55,mRNA
51403,16673057,16673424,367,mRNA
51404,16671939,16672544,605,mRNA
51405,16673482,16673499,17,CDS
51406,16673057,16673424,367,CDS
51407,16672421,16672544,123,CDS
51408,16673964,16676264,2300,gene
51409,16673964,16675545,1581,mRNA
51410,16675602,16675975,373,mRNA
51411,16676034,16676264,230,mRNA
51412,16674148,16675545,1397,CDS
51413,16675602,16675975,373,CDS
51414,16676034,16676244,210,CDS
51415,16676406,16711677,35271,gene
51416,16676406,16711677,35271,gene
51417,16710943,16711677,734,mRNA
51418,16694202,16694296,94,mRNA
51419,16681238,16681370,132,mRNA
51420,16680812,16680947,135,mRNA
51421,16678808,16679932,1124,mRNA
51422,16678425,16678660,235,mRNA
51423,16676406,16678358,1952,mRNA
51424,16710943,16711677,734,mRNA
51425,16694202,16694296,94,mRNA
51426,16681238,16681370,132,mRNA
51427,16680812,16680947,135,mRNA
51428,16678808,16679932,1124,mRNA
51429,16678425,16678660,235,mRNA
51430,16676406,16678358,1952,mRNA
51431,16710943,16711677,734,mRNA
51432,16694202,16694296,94,mRNA
51433,16681238,16681370,132,mRNA
51434,16680812,16680947,135,mRNA
51435,16678425,16678660,235,mRNA
51436,16677567,16678358,791,mRNA
51437,16710943,16711677,734,mRNA
51438,16694202,16694296,94,mRNA
51439,16681238,16681370,132,mRNA
51440,16680812,16680947,135,mRNA
51441,16678808,16679473,665,mRNA
51442,16678425,16678660,235,mRNA
51443,16677567,16678358,791,mRNA
51444,16710943,16711677,734,mRNA
51445,16694202,16694296,94,mRNA
51446,16681238,16681370,132,mRNA
51447,16680812,16680947,135,mRNA
51448,16678808,16679869,1061,mRNA
51449,16678425,16678660,235,mRNA
51450,16677567,16678358,791,mRNA
51451,16677816,16678172,356,CDS
51452,16710943,16711011,68,CDS
51453,16694202,16694296,94,CDS
51454,16681238,16681370,132,CDS
51455,16680812,16680947,135,CDS
51456,16678425,16678660,235,CDS
51457,16678179,16678358,179,CDS
51458,16710943,16711011,68,CDS
51459,16694202,16694296,94,CDS
51460,16681238,16681370,132,CDS
51461,16680812,16680947,135,CDS
51462,16678808,16679473,665,CDS
51463,16678425,16678660,235,CDS
51464,16678179,16678358,179,CDS
51465,16710943,16711011,68,CDS
51466,16694202,16694296,94,CDS
51467,16681238,16681370,132,CDS
51468,16680812,16680947,135,CDS
51469,16678808,16679869,1061,CDS
51470,16678425,16678660,235,CDS
51471,16678179,16678358,179,CDS
51472,16710943,16711011,68,CDS
51473,16694202,16694296,94,CDS
51474,16681238,16681370,132,CDS
51475,16680812,16680947,135,CDS
51476,16678808,16679932,1124,CDS
51477,16678425,16678660,235,CDS
51478,16678179,16678358,179,CDS
51479,16684075,16689237,5162,mobile_element
51480,16689268,16697897,8629,gene
51481,16689268,16689507,239,ncRNA
51482,16697309,16697897,588,ncRNA
51483,16689268,16689507,239,ncRNA
51484,16689646,16689905,259,ncRNA
51485,16700829,16701469,640,gene
51486,16700829,16701469,640,ncRNA
51487,16704973,16706428,1455,gene
51488,16704973,16705046,73,mRNA
51489,16705110,16706428,1318,mRNA
51490,16704973,16705046,73,mRNA
51491,16705114,16706428,1314,mRNA
51492,16705017,16705046,29,CDS
51493,16705110,16706228,1118,CDS
51494,16705476,16706228,752,CDS
51495,16712126,16724575,12449,gene
51496,16712126,16712934,808,mRNA
51497,16715441,16715511,70,mRNA
51498,16715573,16716169,596,mRNA
51499,16716231,16716837,606,mRNA
51500,16717607,16717840,233,mRNA
51501,16718022,16721016,2994,mRNA
51502,16721087,16721190,103,mRNA
51503,16721258,16722001,743,mRNA
51504,16722064,16722193,129,mRNA
51505,16722258,16724415,2157,mRNA
51506,16712126,16712934,808,mRNA
51507,16715441,16715511,70,mRNA
51508,16715573,16716169,596,mRNA
51509,16716231,16716837,606,mRNA
51510,16717607,16717840,233,mRNA
51511,16718022,16721016,2994,mRNA
51512,16721087,16721190,103,mRNA
51513,16721258,16722001,743,mRNA
51514,16722064,16722193,129,mRNA
51515,16722258,16724415,2157,mRNA
51516,16712126,16712934,808,mRNA
51517,16715441,16715511,70,mRNA
51518,16715573,16716169,596,mRNA
51519,16716231,16716837,606,mRNA
51520,16718247,16721016,2769,mRNA
51521,16721087,16721190,103,mRNA
51522,16721258,16722001,743,mRNA
51523,16722064,16722193,129,mRNA
51524,16722258,16724415,2157,mRNA
51525,16712898,16712934,36,CDS
51526,16715441,16715511,70,CDS
51527,16715573,16716169,596,CDS
51528,16716231,16716837,606,CDS
51529,16717607,16717840,233,CDS
51530,16718022,16721016,2994,CDS
51531,16721087,16721190,103,CDS
51532,16721258,16722001,743,CDS
51533,16722064,16722193,129,CDS
51534,16722258,16723749,1491,CDS
51535,16712898,16712934,36,CDS
51536,16715441,16715511,70,CDS
51537,16715573,16716169,596,CDS
51538,16716231,16716837,606,CDS
51539,16717607,16717840,233,CDS
51540,16718022,16721016,2994,CDS
51541,16721087,16721190,103,CDS
51542,16721258,16722001,743,CDS
51543,16722064,16722193,129,CDS
51544,16722258,16723341,1083,CDS
51545,16712898,16712934,36,CDS
51546,16715441,16715511,70,CDS
51547,16715573,16716169,596,CDS
51548,16716231,16716837,606,CDS
51549,16718247,16721016,2769,CDS
51550,16721087,16721190,103,CDS
51551,16721258,16722001,743,CDS
51552,16722064,16722193,129,CDS
51553,16722258,16723341,1083,CDS
51554,16713660,16714320,660,mRNA
51555,16715441,16715511,70,mRNA
51556,16715573,16716169,596,mRNA
51557,16716231,16716837,606,mRNA
51558,16717607,16717840,233,mRNA
51559,16718022,16721016,2994,mRNA
51560,16721087,16721190,103,mRNA
51561,16721258,16722001,743,mRNA
51562,16722064,16722193,129,mRNA
51563,16722258,16724575,2317,mRNA
51564,16713660,16714320,660,mRNA
51565,16715441,16715511,70,mRNA
51566,16715573,16716169,596,mRNA
51567,16716231,16716837,606,mRNA
51568,16717607,16717840,233,mRNA
51569,16718022,16721016,2994,mRNA
51570,16721087,16721190,103,mRNA
51571,16721258,16722001,743,mRNA
51572,16722064,16722193,129,mRNA
51573,16722258,16724415,2157,mRNA
51574,16713660,16714320,660,mRNA
51575,16715441,16715511,70,mRNA
51576,16715573,16716169,596,mRNA
51577,16716231,16716837,606,mRNA
51578,16717607,16717840,233,mRNA
51579,16718247,16721016,2769,mRNA
51580,16721087,16721190,103,mRNA
51581,16721258,16722001,743,mRNA
51582,16722064,16722193,129,mRNA
51583,16722258,16724415,2157,mRNA
51584,16713660,16714320,660,mRNA
51585,16715441,16715511,70,mRNA
51586,16715573,16716169,596,mRNA
51587,16716231,16716837,606,mRNA
51588,16718022,16721016,2994,mRNA
51589,16721087,16721190,103,mRNA
51590,16721258,16722001,743,mRNA
51591,16722064,16722193,129,mRNA
51592,16722258,16724415,2157,mRNA
51593,16713660,16714320,660,mRNA
51594,16715441,16715511,70,mRNA
51595,16715573,16716169,596,mRNA
51596,16716231,16716837,606,mRNA
51597,16718247,16721016,2769,mRNA
51598,16721087,16721190,103,mRNA
51599,16721258,16722001,743,mRNA
51600,16722064,16722193,129,mRNA
51601,16722258,16724415,2157,mRNA
51602,16714212,16714320,108,CDS
51603,16715441,16715511,70,CDS
51604,16715573,16716169,596,CDS
51605,16716231,16716837,606,CDS
51606,16717607,16717840,233,CDS
51607,16718022,16721016,2994,CDS
51608,16721087,16721190,103,CDS
51609,16721258,16722001,743,CDS
51610,16722064,16722193,129,CDS
51611,16722258,16723749,1491,CDS
51612,16714212,16714320,108,CDS
51613,16715441,16715511,70,CDS
51614,16715573,16716169,596,CDS
51615,16716231,16716837,606,CDS
51616,16717607,16717840,233,CDS
51617,16718022,16721016,2994,CDS
51618,16721087,16721190,103,CDS
51619,16721258,16722001,743,CDS
51620,16722064,16722193,129,CDS
51621,16722258,16723341,1083,CDS
51622,16714212,16714320,108,CDS
51623,16715441,16715511,70,CDS
51624,16715573,16716169,596,CDS
51625,16716231,16716837,606,CDS
51626,16717607,16717840,233,CDS
51627,16718247,16721016,2769,CDS
51628,16721087,16721190,103,CDS
51629,16721258,16722001,743,CDS
51630,16722064,16722193,129,CDS
51631,16722258,16723341,1083,CDS
51632,16714212,16714320,108,CDS
51633,16715441,16715511,70,CDS
51634,16715573,16716169,596,CDS
51635,16716231,16716837,606,CDS
51636,16718022,16721016,2994,CDS
51637,16721087,16721190,103,CDS
51638,16721258,16722001,743,CDS
51639,16722064,16722193,129,CDS
51640,16722258,16723341,1083,CDS
51641,16714212,16714320,108,CDS
51642,16715441,16715511,70,CDS
51643,16715573,16716169,596,CDS
51644,16716231,16716837,606,CDS
51645,16718247,16721016,2769,CDS
51646,16721087,16721190,103,CDS
51647,16721258,16722001,743,CDS
51648,16722064,16722193,129,CDS
51649,16722258,16723341,1083,CDS
51650,16724678,16726169,1491,gene
51651,16726116,16726169,53,mRNA
51652,16724678,16726054,1376,mRNA
51653,16724861,16725375,514,gene
51654,16724861,16724902,41,mRNA
51655,16724958,16725375,417,mRNA
51656,16724891,16724902,11,CDS
51657,16724958,16725314,356,CDS
51658,16726116,16726169,53,mRNA
51659,16725510,16726054,544,mRNA
51660,16726116,16726124,8,CDS
51661,16725707,16726054,347,CDS
51662,16726116,16726124,8,CDS
51663,16725707,16726054,347,CDS
51664,16726541,16727288,747,gene
51665,16726541,16726911,370,mRNA
51666,16726972,16727288,316,mRNA
51667,16726541,16726911,370,mRNA
51668,16726992,16727288,296,mRNA
51669,16726548,16726911,363,CDS
51670,16726992,16727203,211,CDS
51671,16726548,16726911,363,CDS
51672,16726972,16727156,184,CDS
51673,16727299,16727989,690,gene
51674,16727929,16727989,60,mRNA
51675,16727299,16727860,561,mRNA
51676,16727929,16727983,54,CDS
51677,16727343,16727860,517,CDS
51678,16728496,16730818,2322,gene
51679,16730712,16730818,106,mRNA
51680,16729837,16730657,820,mRNA
51681,16728496,16729776,1280,mRNA
51682,16730712,16730734,22,CDS
51683,16729837,16730657,820,CDS
51684,16728557,16729776,1219,CDS
51685,16730986,16731111,125,mobile_element
51686,16733546,16739364,5818,gene
51687,16733546,16733800,254,mRNA
51688,16734422,16734623,201,mRNA
51689,16737225,16738118,893,mRNA
51690,16738711,16739364,653,mRNA
51691,16733760,16733800,40,CDS
51692,16734422,16734623,201,CDS
51693,16737225,16738118,893,CDS
51694,16738711,16739199,488,CDS
51695,16755489,16755720,231,gene
51696,16755489,16755524,35,mRNA
51697,16755592,16755720,128,mRNA
51698,16755500,16755524,24,CDS
51699,16755592,16755665,73,CDS
51700,16759393,16762683,3290,gene
51701,16762454,16762683,229,ncRNA
51702,16759393,16762285,2892,ncRNA
51703,16766072,16777465,11393,gene
51704,16766072,16766540,468,mRNA
51705,16773714,16774366,652,mRNA
51706,16774430,16777465,3035,mRNA
51707,16766072,16766540,468,mRNA
51708,16773714,16774366,652,mRNA
51709,16774430,16776830,2400,mRNA
51710,16773520,16773642,122,mRNA
51711,16773714,16774366,652,mRNA
51712,16774430,16776830,2400,mRNA
51713,16773757,16774366,609,CDS
51714,16774430,16776360,1930,CDS
51715,16773757,16774366,609,CDS
51716,16774430,16776360,1930,CDS
51717,16773757,16774366,609,CDS
51718,16774430,16776360,1930,CDS
51719,16776531,16779736,3205,gene
51720,16778215,16779736,1521,mRNA
51721,16776531,16778153,1622,mRNA
51722,16778215,16779736,1521,mRNA
51723,16777449,16778153,704,mRNA
51724,16778215,16779481,1266,CDS
51725,16777594,16778153,559,CDS
51726,16778215,16779481,1266,CDS
51727,16777594,16778153,559,CDS
51728,16780100,16782419,2319,gene
51729,16780100,16780790,690,mRNA
51730,16781463,16781585,122,mRNA
51731,16781664,16782419,755,mRNA
51732,16780100,16780420,320,mRNA
51733,16780505,16780790,285,mRNA
51734,16781463,16781585,122,mRNA
51735,16781664,16782419,755,mRNA
51736,16780635,16780790,155,mRNA
51737,16781463,16781585,122,mRNA
51738,16781664,16782419,755,mRNA
51739,16780657,16780790,133,CDS
51740,16781463,16781585,122,CDS
51741,16781664,16781838,174,CDS
51742,16780657,16780790,133,CDS
51743,16781463,16781585,122,CDS
51744,16781664,16781838,174,CDS
51745,16780657,16780790,133,CDS
51746,16781463,16781585,122,CDS
51747,16781664,16781838,174,CDS
51748,16783010,16785246,2236,gene
51749,16783010,16783245,235,mRNA
51750,16783308,16784712,1404,mRNA
51751,16784878,16785246,368,mRNA
51752,16783010,16783245,235,mRNA
51753,16783308,16784712,1404,mRNA
51754,16784878,16785246,368,mRNA
51755,16783256,16784712,1456,mRNA
51756,16784878,16785246,368,mRNA
51757,16783309,16784712,1403,CDS
51758,16784878,16785066,188,CDS
51759,16783309,16784712,1403,CDS
51760,16784878,16785051,173,CDS
51761,16783309,16784712,1403,CDS
51762,16784878,16785051,173,CDS
51763,16785242,16786941,1699,gene
51764,16786744,16786941,197,mRNA
51765,16786257,16786649,392,mRNA
51766,16785242,16786170,928,mRNA
51767,16786744,16786833,89,CDS
51768,16786257,16786649,392,CDS
51769,16785346,16786170,824,CDS
51770,16787573,16807731,20158,gene
51771,16807533,16807731,198,mRNA
51772,16799484,16799954,470,mRNA
51773,16799045,16799172,127,mRNA
51774,16795251,16796337,1086,mRNA
51775,16794499,16794665,166,mRNA
51776,16793274,16794437,1163,mRNA
51777,16793076,16793206,130,mRNA
51778,16792649,16793007,358,mRNA
51779,16792441,16792586,145,mRNA
51780,16791581,16791690,109,mRNA
51781,16791391,16791524,133,mRNA
51782,16790999,16791330,331,mRNA
51783,16789459,16790943,1484,mRNA
51784,16788662,16789320,658,mRNA
51785,16787573,16788543,970,mRNA
51786,16800101,16800189,88,mRNA
51787,16799484,16799954,470,mRNA
51788,16799045,16799172,127,mRNA
51789,16795251,16796337,1086,mRNA
51790,16794499,16794665,166,mRNA
51791,16793274,16794437,1163,mRNA
51792,16793076,16793206,130,mRNA
51793,16792649,16793007,358,mRNA
51794,16791581,16792586,1005,mRNA
51795,16791391,16791524,133,mRNA
51796,16790999,16791330,331,mRNA
51797,16789459,16790943,1484,mRNA
51798,16788662,16789320,658,mRNA
51799,16787573,16788543,970,mRNA
51800,16800101,16800189,88,mRNA
51801,16799484,16799954,470,mRNA
51802,16799045,16799172,127,mRNA
51803,16795251,16796337,1086,mRNA
51804,16794837,16794839,2,mRNA
51805,16794499,16794665,166,mRNA
51806,16793274,16794437,1163,mRNA
51807,16793076,16793206,130,mRNA
51808,16792649,16793007,358,mRNA
51809,16792441,16792586,145,mRNA
51810,16791581,16791690,109,mRNA
51811,16791391,16791524,133,mRNA
51812,16790999,16791330,331,mRNA
51813,16789459,16790943,1484,mRNA
51814,16788662,16789320,658,mRNA
51815,16787573,16788543,970,mRNA
51816,16800072,16800189,117,mRNA
51817,16799484,16799954,470,mRNA
51818,16799045,16799172,127,mRNA
51819,16795251,16796337,1086,mRNA
51820,16794837,16794839,2,mRNA
51821,16794499,16794665,166,mRNA
51822,16793274,16794437,1163,mRNA
51823,16793076,16793206,130,mRNA
51824,16792649,16793007,358,mRNA
51825,16792441,16792586,145,mRNA
51826,16791581,16791690,109,mRNA
51827,16791391,16791524,133,mRNA
51828,16790999,16791330,331,mRNA
51829,16789459,16790943,1484,mRNA
51830,16788662,16789320,658,mRNA
51831,16787573,16788543,970,mRNA
51832,16800101,16800189,88,mRNA
51833,16799484,16799954,470,mRNA
51834,16799045,16799172,127,mRNA
51835,16795251,16796337,1086,mRNA
51836,16794499,16794665,166,mRNA
51837,16793274,16794437,1163,mRNA
51838,16793076,16793206,130,mRNA
51839,16792649,16793007,358,mRNA
51840,16792441,16792586,145,mRNA
51841,16791581,16791690,109,mRNA
51842,16791391,16791524,133,mRNA
51843,16790999,16791330,331,mRNA
51844,16789459,16790943,1484,mRNA
51845,16788662,16789320,658,mRNA
51846,16788249,16788543,294,mRNA
51847,16800101,16800189,88,mRNA
51848,16799484,16799954,470,mRNA
51849,16799045,16799172,127,mRNA
51850,16795251,16796337,1086,mRNA
51851,16794499,16794665,166,mRNA
51852,16793274,16794437,1163,mRNA
51853,16793076,16793206,130,mRNA
51854,16792649,16793007,358,mRNA
51855,16792441,16792586,145,mRNA
51856,16791819,16792335,516,mRNA
51857,16791581,16791690,109,mRNA
51858,16791391,16791524,133,mRNA
51859,16790999,16791330,331,mRNA
51860,16789459,16790943,1484,mRNA
51861,16788662,16789320,658,mRNA
51862,16788249,16788543,294,mRNA
51863,16800093,16800189,96,mRNA
51864,16799484,16799954,470,mRNA
51865,16799045,16799172,127,mRNA
51866,16795251,16796337,1086,mRNA
51867,16794499,16794665,166,mRNA
51868,16793274,16794437,1163,mRNA
51869,16793076,16793206,130,mRNA
51870,16792649,16793007,358,mRNA
51871,16792441,16792586,145,mRNA
51872,16791819,16792335,516,mRNA
51873,16791581,16791690,109,mRNA
51874,16791391,16791524,133,mRNA
51875,16790999,16791330,331,mRNA
51876,16789459,16790943,1484,mRNA
51877,16788662,16789320,658,mRNA
51878,16788249,16788543,294,mRNA
51879,16799484,16799792,308,CDS
51880,16799045,16799172,127,CDS
51881,16795251,16796337,1086,CDS
51882,16794499,16794665,166,CDS
51883,16793274,16794437,1163,CDS
51884,16793076,16793206,130,CDS
51885,16792649,16793007,358,CDS
51886,16792441,16792586,145,CDS
51887,16791581,16791690,109,CDS
51888,16791391,16791524,133,CDS
51889,16790999,16791330,331,CDS
51890,16789459,16790943,1484,CDS
51891,16788662,16789320,658,CDS
51892,16788410,16788543,133,CDS
51893,16799484,16799792,308,CDS
51894,16799045,16799172,127,CDS
51895,16795251,16796337,1086,CDS
51896,16794499,16794665,166,CDS
51897,16793274,16794437,1163,CDS
51898,16793076,16793206,130,CDS
51899,16792649,16793007,358,CDS
51900,16792441,16792586,145,CDS
51901,16791581,16791690,109,CDS
51902,16791391,16791524,133,CDS
51903,16790999,16791330,331,CDS
51904,16789459,16790943,1484,CDS
51905,16788662,16789320,658,CDS
51906,16788410,16788543,133,CDS
51907,16799484,16799792,308,CDS
51908,16799045,16799172,127,CDS
51909,16795251,16796337,1086,CDS
51910,16794837,16794839,2,CDS
51911,16794499,16794665,166,CDS
51912,16793274,16794437,1163,CDS
51913,16793076,16793206,130,CDS
51914,16792649,16793007,358,CDS
51915,16792441,16792586,145,CDS
51916,16791581,16791690,109,CDS
51917,16791391,16791524,133,CDS
51918,16790999,16791330,331,CDS
51919,16789459,16790943,1484,CDS
51920,16788662,16789320,658,CDS
51921,16788410,16788543,133,CDS
51922,16799484,16799792,308,CDS
51923,16799045,16799172,127,CDS
51924,16795251,16796337,1086,CDS
51925,16794837,16794839,2,CDS
51926,16794499,16794665,166,CDS
51927,16793274,16794437,1163,CDS
51928,16793076,16793206,130,CDS
51929,16792649,16793007,358,CDS
51930,16792441,16792586,145,CDS
51931,16791581,16791690,109,CDS
51932,16791391,16791524,133,CDS
51933,16790999,16791330,331,CDS
51934,16789459,16790943,1484,CDS
51935,16788662,16789320,658,CDS
51936,16788410,16788543,133,CDS
51937,16799484,16799792,308,CDS
51938,16799045,16799172,127,CDS
51939,16795251,16796337,1086,CDS
51940,16794499,16794665,166,CDS
51941,16793274,16794437,1163,CDS
51942,16793076,16793206,130,CDS
51943,16792649,16793007,358,CDS
51944,16792441,16792586,145,CDS
51945,16792332,16792335,3,CDS
51946,16799484,16799792,308,CDS
51947,16799045,16799172,127,CDS
51948,16795251,16796337,1086,CDS
51949,16794499,16794665,166,CDS
51950,16793274,16794437,1163,CDS
51951,16793076,16793206,130,CDS
51952,16792649,16793007,358,CDS
51953,16792441,16792586,145,CDS
51954,16792332,16792335,3,CDS
51955,16799484,16799792,308,CDS
51956,16799045,16799172,127,CDS
51957,16795251,16796337,1086,CDS
51958,16794499,16794665,166,CDS
51959,16793274,16794437,1163,CDS
51960,16793076,16793206,130,CDS
51961,16792649,16793007,358,CDS
51962,16792437,16792586,149,CDS
51963,16804994,16819532,14538,gene
51964,16804994,16805352,358,mRNA
51965,16808394,16808619,225,mRNA
51966,16808695,16808978,283,mRNA
51967,16809168,16809357,189,mRNA
51968,16818907,16819304,397,mRNA
51969,16819368,16819532,164,mRNA
51970,16808419,16808619,200,mRNA
51971,16808695,16808978,283,mRNA
51972,16809168,16809357,189,mRNA
51973,16818907,16819304,397,mRNA
51974,16819368,16819532,164,mRNA
51975,16808545,16808619,74,CDS
51976,16808695,16808978,283,CDS
51977,16809168,16809357,189,CDS
51978,16818907,16819304,397,CDS
51979,16819368,16819419,51,CDS
51980,16808545,16808619,74,CDS
51981,16808695,16808978,283,CDS
51982,16809168,16809357,189,CDS
51983,16818907,16819304,397,CDS
51984,16819368,16819419,51,CDS
51985,16809658,16829074,19416,gene
51986,16828471,16829074,603,mRNA
51987,16810595,16810867,272,mRNA
51988,16810084,16810489,405,mRNA
51989,16809658,16810024,366,mRNA
51990,16811678,16812040,362,mRNA
51991,16810595,16810867,272,mRNA
51992,16810084,16810489,405,mRNA
51993,16809658,16810024,366,mRNA
51994,16828471,16828488,17,CDS
51995,16810595,16810867,272,CDS
51996,16810084,16810489,405,CDS
51997,16809996,16810024,28,CDS
51998,16810595,16810867,272,CDS
51999,16810084,16810489,405,CDS
52000,16809996,16810024,28,CDS
52001,16842294,16844585,2291,gene
52002,16842294,16842676,382,mRNA
52003,16842792,16842876,84,mRNA
52004,16842967,16843032,65,mRNA
52005,16843103,16843378,275,mRNA
52006,16843510,16843730,220,mRNA
52007,16843792,16844138,346,mRNA
52008,16844207,16844585,378,mRNA
52009,16842632,16842676,44,CDS
52010,16842792,16842876,84,CDS
52011,16842967,16843032,65,CDS
52012,16843103,16843378,275,CDS
52013,16843510,16843730,220,CDS
52014,16843792,16844138,346,CDS
52015,16844207,16844393,186,CDS
52016,16844568,16844991,423,gene
52017,16844942,16844991,49,mRNA
52018,16844568,16844862,294,mRNA
52019,16844920,16844991,71,mRNA
52020,16844568,16844862,294,mRNA
52021,16844625,16844861,236,CDS
52022,16844625,16844861,236,CDS
52023,16845386,16852350,6964,gene
52024,16845386,16845509,123,mRNA
52025,16845568,16845889,321,mRNA
52026,16847161,16849314,2153,mRNA
52027,16849377,16849576,199,mRNA
52028,16849635,16849772,137,mRNA
52029,16849835,16852350,2515,mRNA
52030,16845501,16845509,8,CDS
52031,16845568,16845889,321,CDS
52032,16847161,16849314,2153,CDS
52033,16849377,16849576,199,CDS
52034,16849635,16849772,137,CDS
52035,16849835,16852216,2381,CDS
52036,16846227,16847000,773,gene
52037,16846227,16847000,773,mRNA
52038,16846297,16846983,686,CDS
52039,16852527,16862517,9990,gene
52040,16861882,16862517,635,mRNA
52041,16852527,16853239,712,mRNA
52042,16861882,16862470,588,CDS
52043,16852692,16853239,547,CDS
52044,16853751,16858712,4961,gene
52045,16853751,16854525,774,mRNA
52046,16856297,16858712,2415,mRNA
52047,16853751,16853952,201,mRNA
52048,16854020,16854525,505,mRNA
52049,16856297,16858712,2415,mRNA
52050,16855919,16855984,65,mRNA
52051,16856297,16858712,2415,mRNA
52052,16856418,16857362,944,CDS
52053,16856418,16857362,944,CDS
52054,16856418,16857362,944,CDS
52055,16859080,16860529,1449,gene
52056,16859080,16860529,1449,mRNA
52057,16859258,16860313,1055,CDS
52058,16860622,16861838,1216,gene
52059,16860622,16861041,419,mRNA
52060,16861154,16861251,97,mRNA
52061,16861310,16861838,528,mRNA
52062,16860697,16861041,344,CDS
52063,16861154,16861251,97,CDS
52064,16861310,16861733,423,CDS
52065,16861261,16861838,577,mRNA
52066,16861335,16861733,398,CDS
52067,16863164,16864989,1825,gene
52068,16863164,16864989,1825,mRNA
52069,16863246,16864913,1667,CDS
52070,16865295,16922487,57192,gene
52071,16865295,16865437,142,mRNA
52072,16866666,16866946,280,mRNA
52073,16883919,16884004,85,mRNA
52074,16896804,16897180,376,mRNA
52075,16897384,16897628,244,mRNA
52076,16912129,16912329,200,mRNA
52077,16913224,16913398,174,mRNA
52078,16920882,16921051,169,mRNA
52079,16921180,16921366,186,mRNA
52080,16921437,16922487,1050,mRNA
52081,16865295,16865426,131,mRNA
52082,16866666,16866946,280,mRNA
52083,16883919,16884004,85,mRNA
52084,16896804,16897180,376,mRNA
52085,16897384,16897628,244,mRNA
52086,16912129,16912329,200,mRNA
52087,16913224,16913398,174,mRNA
52088,16920882,16921051,169,mRNA
52089,16921180,16921366,186,mRNA
52090,16921437,16922487,1050,mRNA
52091,16865295,16865404,109,mRNA
52092,16866521,16866946,425,mRNA
52093,16883919,16884004,85,mRNA
52094,16896804,16897180,376,mRNA
52095,16897384,16897628,244,mRNA
52096,16912129,16912329,200,mRNA
52097,16913224,16913398,174,mRNA
52098,16920882,16921051,169,mRNA
52099,16921180,16921366,186,mRNA
52100,16921437,16922487,1050,mRNA
52101,16866866,16866946,80,CDS
52102,16883919,16884004,85,CDS
52103,16896804,16897180,376,CDS
52104,16897384,16897628,244,CDS
52105,16912129,16912329,200,CDS
52106,16913224,16913398,174,CDS
52107,16920882,16921051,169,CDS
52108,16921180,16921366,186,CDS
52109,16921437,16921594,157,CDS
52110,16866866,16866946,80,CDS
52111,16883919,16884004,85,CDS
52112,16896804,16897180,376,CDS
52113,16897384,16897628,244,CDS
52114,16912129,16912329,200,CDS
52115,16913224,16913398,174,CDS
52116,16920882,16921051,169,CDS
52117,16921180,16921366,186,CDS
52118,16921437,16921594,157,CDS
52119,16866866,16866946,80,CDS
52120,16883919,16884004,85,CDS
52121,16896804,16897180,376,CDS
52122,16897384,16897628,244,CDS
52123,16912129,16912329,200,CDS
52124,16913224,16913398,174,CDS
52125,16920882,16921051,169,CDS
52126,16921180,16921366,186,CDS
52127,16921437,16921594,157,CDS
52128,16877309,16879372,2063,gene
52129,16877309,16879372,2063,mRNA
52130,16877459,16879081,1622,CDS
52131,16882191,16882539,348,gene
52132,16882191,16882539,348,ncRNA
52133,16887106,16887389,283,mRNA
52134,16896804,16897180,376,mRNA
52135,16897384,16897628,244,mRNA
52136,16912129,16912329,200,mRNA
52137,16913224,16913398,174,mRNA
52138,16920882,16921051,169,mRNA
52139,16921180,16921366,186,mRNA
52140,16921437,16922487,1050,mRNA
52141,16887313,16887389,76,CDS
52142,16896804,16897180,376,CDS
52143,16897384,16897628,244,CDS
52144,16912129,16912329,200,CDS
52145,16913224,16913398,174,CDS
52146,16920882,16921051,169,CDS
52147,16921180,16921366,186,CDS
52148,16921437,16921594,157,CDS
52149,16891226,16891318,92,mRNA
52150,16896235,16896347,112,mRNA
52151,16896408,16896599,191,mRNA
52152,16896804,16897180,376,mRNA
52153,16897384,16897628,244,mRNA
52154,16912129,16912329,200,mRNA
52155,16913224,16913398,174,mRNA
52156,16920882,16921051,169,mRNA
52157,16921180,16921366,186,mRNA
52158,16921437,16922487,1050,mRNA
52159,16891226,16891314,88,mRNA
52160,16896235,16896599,364,mRNA
52161,16896804,16897180,376,mRNA
52162,16897384,16897628,244,mRNA
52163,16912129,16912329,200,mRNA
52164,16913224,16913398,174,mRNA
52165,16920882,16921051,169,mRNA
52166,16921180,16921366,186,mRNA
52167,16921437,16922487,1050,mRNA
52168,16896436,16896599,163,CDS
52169,16896804,16897180,376,CDS
52170,16897384,16897628,244,CDS
52171,16912129,16912329,200,CDS
52172,16913224,16913398,174,CDS
52173,16920882,16921051,169,CDS
52174,16921180,16921366,186,CDS
52175,16921437,16921594,157,CDS
52176,16896436,16896599,163,CDS
52177,16896804,16897180,376,CDS
52178,16897384,16897628,244,CDS
52179,16912129,16912329,200,CDS
52180,16913224,16913398,174,CDS
52181,16920882,16921051,169,CDS
52182,16921180,16921366,186,CDS
52183,16921437,16921594,157,CDS
52184,16899415,16902068,2653,mRNA
52185,16902129,16902191,62,mRNA
52186,16912129,16912329,200,mRNA
52187,16913224,16913398,174,mRNA
52188,16920882,16921051,169,mRNA
52189,16921180,16921366,186,mRNA
52190,16921437,16922487,1050,mRNA
52191,16899415,16902068,2653,mRNA
52192,16902129,16902191,62,mRNA
52193,16902378,16906750,4372,mRNA
52194,16906823,16907156,333,mRNA
52195,16899415,16902068,2653,mRNA
52196,16902129,16902191,62,mRNA
52197,16906823,16907156,333,mRNA
52198,16900053,16902068,2015,CDS
52199,16902129,16902191,62,CDS
52200,16912129,16912329,200,CDS
52201,16913224,16913398,174,CDS
52202,16920882,16921051,169,CDS
52203,16921180,16921366,186,CDS
52204,16921437,16921594,157,CDS
52205,16900053,16902068,2015,CDS
52206,16902129,16902191,62,CDS
52207,16906823,16906828,5,CDS
52208,16900053,16902068,2015,CDS
52209,16902129,16902191,62,CDS
52210,16902378,16906742,4364,CDS
52211,16911266,16911591,325,mRNA
52212,16912129,16912329,200,mRNA
52213,16913224,16913398,174,mRNA
52214,16920882,16921051,169,mRNA
52215,16921180,16921366,186,mRNA
52216,16921437,16922487,1050,mRNA
52217,16911266,16911591,325,mRNA
52218,16912140,16912329,189,mRNA
52219,16913224,16913398,174,mRNA
52220,16920882,16921051,169,mRNA
52221,16921180,16921366,186,mRNA
52222,16921437,16922487,1050,mRNA
52223,16911452,16911591,139,CDS
52224,16912140,16912329,189,CDS
52225,16913224,16913398,174,CDS
52226,16920882,16921051,169,CDS
52227,16921180,16921366,186,CDS
52228,16921437,16921594,157,CDS
52229,16911770,16911879,109,mRNA
52230,16912129,16912329,200,mRNA
52231,16913224,16913398,174,mRNA
52232,16920882,16921051,169,mRNA
52233,16921180,16921366,186,mRNA
52234,16921437,16922487,1050,mRNA
52235,16912159,16912329,170,CDS
52236,16913224,16913398,174,CDS
52237,16920882,16921051,169,CDS
52238,16921180,16921366,186,CDS
52239,16921437,16921594,157,CDS
52240,16912159,16912329,170,CDS
52241,16913224,16913398,174,CDS
52242,16920882,16921051,169,CDS
52243,16921180,16921366,186,CDS
52244,16921437,16921594,157,CDS
52245,16916255,16916446,191,mRNA
52246,16919471,16919702,231,mRNA
52247,16920882,16921051,169,mRNA
52248,16921180,16921366,186,mRNA
52249,16921437,16922487,1050,mRNA
52250,16916255,16916424,169,mRNA
52251,16919467,16919702,235,mRNA
52252,16920882,16921051,169,mRNA
52253,16921180,16921366,186,mRNA
52254,16921437,16922487,1050,mRNA
52255,16916255,16916424,169,mRNA
52256,16919471,16919702,231,mRNA
52257,16920882,16921051,169,mRNA
52258,16921180,16921366,186,mRNA
52259,16921437,16922487,1050,mRNA
52260,16919480,16919702,222,CDS
52261,16920882,16921051,169,CDS
52262,16921180,16921366,186,CDS
52263,16921437,16921594,157,CDS
52264,16919480,16919702,222,CDS
52265,16920882,16921051,169,CDS
52266,16921180,16921366,186,CDS
52267,16921437,16921594,157,CDS
52268,16919480,16919702,222,CDS
52269,16920882,16921051,169,CDS
52270,16921180,16921366,186,CDS
52271,16921437,16921594,157,CDS
52272,16923252,16923994,742,gene
52273,16923252,16923994,742,mRNA
52274,16923331,16923888,557,CDS
52275,16923914,16927434,3520,gene
52276,16927235,16927434,199,mRNA
52277,16924919,16925985,1066,mRNA
52278,16923914,16924862,948,mRNA
52279,16927235,16927434,199,mRNA
52280,16924919,16925985,1066,mRNA
52281,16924338,16924862,524,mRNA
52282,16924919,16925984,1065,CDS
52283,16924693,16924862,169,CDS
52284,16924919,16925984,1065,CDS
52285,16924693,16924862,169,CDS
52286,16928381,16935536,7155,gene
52287,16935488,16935536,48,mRNA
52288,16935194,16935305,111,mRNA
52289,16933293,16933360,67,mRNA
52290,16929022,16929707,685,mRNA
52291,16928381,16928956,575,mRNA
52292,16935457,16935536,79,mRNA
52293,16935194,16935305,111,mRNA
52294,16933293,16933360,67,mRNA
52295,16929022,16929710,688,mRNA
52296,16928381,16928956,575,mRNA
52297,16935365,16935536,171,mRNA
52298,16935194,16935305,111,mRNA
52299,16933293,16933360,67,mRNA
52300,16929022,16929707,685,mRNA
52301,16928381,16928956,575,mRNA
52302,16935194,16935536,342,mRNA
52303,16933293,16933360,67,mRNA
52304,16929022,16929707,685,mRNA
52305,16928381,16928956,575,mRNA
52306,16935194,16935208,14,CDS
52307,16933293,16933360,67,CDS
52308,16929022,16929707,685,CDS
52309,16928514,16928956,442,CDS
52310,16935194,16935208,14,CDS
52311,16933293,16933360,67,CDS
52312,16929022,16929707,685,CDS
52313,16928514,16928956,442,CDS
52314,16935194,16935208,14,CDS
52315,16933293,16933360,67,CDS
52316,16929022,16929707,685,CDS
52317,16928514,16928956,442,CDS
52318,16935194,16935208,14,CDS
52319,16933293,16933360,67,CDS
52320,16929022,16929710,688,CDS
52321,16928514,16928956,442,CDS
52322,16935488,16935536,48,mRNA
52323,16935194,16935305,111,mRNA
52324,16933293,16933360,67,mRNA
52325,16929854,16930981,1127,mRNA
52326,16935365,16935536,171,mRNA
52327,16935194,16935305,111,mRNA
52328,16933293,16933360,67,mRNA
52329,16929854,16930981,1127,mRNA
52330,16935194,16935536,342,mRNA
52331,16933293,16933360,67,mRNA
52332,16929854,16930981,1127,mRNA
52333,16935194,16935208,14,CDS
52334,16933293,16933360,67,CDS
52335,16930117,16930981,864,CDS
52336,16935194,16935208,14,CDS
52337,16933293,16933360,67,CDS
52338,16930117,16930981,864,CDS
52339,16935194,16935208,14,CDS
52340,16933293,16933360,67,CDS
52341,16930117,16930981,864,CDS
52342,16935488,16935536,48,mRNA
52343,16935194,16935305,111,mRNA
52344,16933293,16933360,67,mRNA
52345,16931172,16933011,1839,mRNA
52346,16935365,16935536,171,mRNA
52347,16935194,16935305,111,mRNA
52348,16933293,16933360,67,mRNA
52349,16931172,16933011,1839,mRNA
52350,16935194,16935536,342,mRNA
52351,16933293,16933360,67,mRNA
52352,16931172,16933011,1839,mRNA
52353,16935194,16935208,14,CDS
52354,16933293,16933360,67,CDS
52355,16931271,16933011,1740,CDS
52356,16935194,16935208,14,CDS
52357,16933293,16933360,67,CDS
52358,16931271,16933011,1740,CDS
52359,16935194,16935208,14,CDS
52360,16933293,16933360,67,CDS
52361,16931271,16933011,1740,CDS
52362,16938330,16938952,622,gene
52363,16938330,16938952,622,mRNA
52364,16938346,16938942,596,CDS
52365,16939100,16957689,18589,gene
52366,16957025,16957689,664,mRNA
52367,16955326,16955532,206,mRNA
52368,16941601,16941738,137,mRNA
52369,16940636,16940817,181,mRNA
52370,16939100,16940583,1483,mRNA
52371,16942596,16942949,353,mRNA
52372,16941601,16941738,137,mRNA
52373,16940636,16940817,181,mRNA
52374,16939100,16940583,1483,mRNA
52375,16942596,16942723,127,CDS
52376,16941601,16941738,137,CDS
52377,16940636,16940817,181,CDS
52378,16939238,16940583,1345,CDS
52379,16940636,16940783,147,CDS
52380,16939238,16940583,1345,CDS
52381,16944361,16954942,10581,gene
52382,16944361,16944603,242,mRNA
52383,16944663,16944937,274,mRNA
52384,16945555,16945779,224,mRNA
52385,16954880,16954942,62,mRNA
52386,16944361,16944603,242,mRNA
52387,16944663,16944937,274,mRNA
52388,16945555,16945878,323,mRNA
52389,16944423,16944603,180,CDS
52390,16944663,16944937,274,CDS
52391,16945555,16945779,224,CDS
52392,16954880,16954942,62,CDS
52393,16944423,16944603,180,CDS
52394,16944663,16944937,274,CDS
52395,16945555,16945878,323,CDS
52396,16945783,16954877,9094,mobile_element
52397,16954822,16968724,13902,gene
52398,16954822,16955043,221,mRNA
52399,16955328,16955542,214,mRNA
52400,16959099,16959216,117,mRNA
52401,16959285,16959422,137,mRNA
52402,16959705,16959884,179,mRNA
52403,16961500,16961602,102,mRNA
52404,16962335,16962413,78,mRNA
52405,16962476,16962887,411,mRNA
52406,16962943,16963811,868,mRNA
52407,16963870,16964764,894,mRNA
52408,16964824,16964978,154,mRNA
52409,16966068,16966358,290,mRNA
52410,16967382,16968080,698,mRNA
52411,16955500,16955591,91,mRNA
52412,16959099,16959216,117,mRNA
52413,16959285,16959422,137,mRNA
52414,16959705,16959884,179,mRNA
52415,16961500,16961602,102,mRNA
52416,16962335,16962413,78,mRNA
52417,16962476,16962887,411,mRNA
52418,16962943,16963811,868,mRNA
52419,16963870,16964764,894,mRNA
52420,16964824,16964978,154,mRNA
52421,16967382,16968724,1342,mRNA
52422,16955500,16955542,42,mRNA
52423,16959099,16959216,117,mRNA
52424,16959285,16959422,137,mRNA
52425,16959705,16959884,179,mRNA
52426,16960538,16960667,129,mRNA
52427,16962335,16962413,78,mRNA
52428,16962476,16962887,411,mRNA
52429,16962943,16963811,868,mRNA
52430,16963870,16964764,894,mRNA
52431,16964824,16964978,154,mRNA
52432,16967382,16968080,698,mRNA
52433,16955500,16955542,42,mRNA
52434,16959099,16959216,117,mRNA
52435,16959285,16959422,137,mRNA
52436,16959705,16959884,179,mRNA
52437,16961500,16961602,102,mRNA
52438,16962335,16962413,78,mRNA
52439,16962476,16962887,411,mRNA
52440,16962943,16963811,868,mRNA
52441,16963870,16964764,894,mRNA
52442,16964824,16964978,154,mRNA
52443,16967382,16968080,698,mRNA
52444,16955764,16955813,49,mRNA
52445,16959099,16959216,117,mRNA
52446,16959285,16959422,137,mRNA
52447,16959705,16959884,179,mRNA
52448,16961500,16961602,102,mRNA
52449,16962335,16962413,78,mRNA
52450,16962476,16962887,411,mRNA
52451,16962943,16963811,868,mRNA
52452,16963870,16964764,894,mRNA
52453,16964824,16964978,154,mRNA
52454,16967382,16968080,698,mRNA
52455,16957439,16957527,88,mRNA
52456,16959099,16959216,117,mRNA
52457,16959285,16959422,137,mRNA
52458,16959705,16959884,179,mRNA
52459,16961500,16961602,102,mRNA
52460,16962335,16962413,78,mRNA
52461,16962476,16962887,411,mRNA
52462,16962943,16963811,868,mRNA
52463,16963870,16964764,894,mRNA
52464,16964824,16964978,154,mRNA
52465,16967382,16968724,1342,mRNA
52466,16957439,16957527,88,mRNA
52467,16959099,16959216,117,mRNA
52468,16959285,16959422,137,mRNA
52469,16959705,16959884,179,mRNA
52470,16961500,16961602,102,mRNA
52471,16962335,16962413,78,mRNA
52472,16962476,16962887,411,mRNA
52473,16962943,16963811,868,mRNA
52474,16963870,16964764,894,mRNA
52475,16964824,16964978,154,mRNA
52476,16966068,16966358,290,mRNA
52477,16967382,16968080,698,mRNA
52478,16957439,16957505,66,mRNA
52479,16959099,16959216,117,mRNA
52480,16959285,16959422,137,mRNA
52481,16959705,16959884,179,mRNA
52482,16960538,16960667,129,mRNA
52483,16962335,16962413,78,mRNA
52484,16962476,16962887,411,mRNA
52485,16962943,16963811,868,mRNA
52486,16963870,16964764,894,mRNA
52487,16964824,16964978,154,mRNA
52488,16967382,16968080,698,mRNA
52489,16959121,16959216,95,CDS
52490,16959285,16959422,137,CDS
52491,16959705,16959884,179,CDS
52492,16960538,16960667,129,CDS
52493,16962335,16962413,78,CDS
52494,16962476,16962887,411,CDS
52495,16962943,16963811,868,CDS
52496,16963870,16964764,894,CDS
52497,16964824,16964978,154,CDS
52498,16967382,16967481,99,CDS
52499,16959121,16959216,95,CDS
52500,16959285,16959422,137,CDS
52501,16959705,16959884,179,CDS
52502,16960538,16960667,129,CDS
52503,16962335,16962413,78,CDS
52504,16962476,16962887,411,CDS
52505,16962943,16963811,868,CDS
52506,16963870,16964764,894,CDS
52507,16964824,16964978,154,CDS
52508,16967382,16967481,99,CDS
52509,16959121,16959216,95,CDS
52510,16959285,16959422,137,CDS
52511,16959705,16959884,179,CDS
52512,16961500,16961602,102,CDS
52513,16962335,16962413,78,CDS
52514,16962476,16962887,411,CDS
52515,16962943,16963811,868,CDS
52516,16963870,16964764,894,CDS
52517,16964824,16964978,154,CDS
52518,16966068,16966358,290,CDS
52519,16967382,16967481,99,CDS
52520,16959121,16959216,95,CDS
52521,16959285,16959422,137,CDS
52522,16959705,16959884,179,CDS
52523,16961500,16961602,102,CDS
52524,16962335,16962413,78,CDS
52525,16962476,16962887,411,CDS
52526,16962943,16963811,868,CDS
52527,16963870,16964764,894,CDS
52528,16964824,16964978,154,CDS
52529,16966068,16966358,290,CDS
52530,16967382,16967481,99,CDS
52531,16959121,16959216,95,CDS
52532,16959285,16959422,137,CDS
52533,16959705,16959884,179,CDS
52534,16961500,16961602,102,CDS
52535,16962335,16962413,78,CDS
52536,16962476,16962887,411,CDS
52537,16962943,16963811,868,CDS
52538,16963870,16964764,894,CDS
52539,16964824,16964978,154,CDS
52540,16967382,16967481,99,CDS
52541,16959121,16959216,95,CDS
52542,16959285,16959422,137,CDS
52543,16959705,16959884,179,CDS
52544,16961500,16961602,102,CDS
52545,16962335,16962413,78,CDS
52546,16962476,16962887,411,CDS
52547,16962943,16963811,868,CDS
52548,16963870,16964764,894,CDS
52549,16964824,16964978,154,CDS
52550,16967382,16967481,99,CDS
52551,16959121,16959216,95,CDS
52552,16959285,16959422,137,CDS
52553,16959705,16959884,179,CDS
52554,16961500,16961602,102,CDS
52555,16962335,16962413,78,CDS
52556,16962476,16962887,411,CDS
52557,16962943,16963811,868,CDS
52558,16963870,16964764,894,CDS
52559,16964824,16964978,154,CDS
52560,16967382,16967481,99,CDS
52561,16959121,16959216,95,CDS
52562,16959285,16959422,137,CDS
52563,16959705,16959884,179,CDS
52564,16961500,16961602,102,CDS
52565,16962335,16962413,78,CDS
52566,16962476,16962887,411,CDS
52567,16962943,16963811,868,CDS
52568,16963870,16964764,894,CDS
52569,16964824,16964978,154,CDS
52570,16967382,16967481,99,CDS
52571,16970013,16994388,24375,gene
52572,16970013,16970540,527,mRNA
52573,16980559,16983862,3303,mRNA
52574,16985236,16985339,103,mRNA
52575,16991014,16991261,247,mRNA
52576,16991324,16992298,974,mRNA
52577,16992360,16992549,189,mRNA
52578,16992617,16993638,1021,mRNA
52579,16993709,16993913,204,mRNA
52580,16993978,16994388,410,mRNA
52581,16976344,16976771,427,mRNA
52582,16980559,16983862,3303,mRNA
52583,16985236,16985339,103,mRNA
52584,16991014,16991261,247,mRNA
52585,16991324,16992298,974,mRNA
52586,16992360,16992549,189,mRNA
52587,16992617,16993638,1021,mRNA
52588,16993709,16993913,204,mRNA
52589,16993978,16994388,410,mRNA
52590,16980681,16983862,3181,CDS
52591,16985236,16985339,103,CDS
52592,16991014,16991261,247,CDS
52593,16991324,16992298,974,CDS
52594,16992360,16992549,189,CDS
52595,16992617,16993638,1021,CDS
52596,16993709,16993913,204,CDS
52597,16993978,16994141,163,CDS
52598,16980681,16983862,3181,CDS
52599,16985236,16985339,103,CDS
52600,16991014,16991261,247,CDS
52601,16991324,16992298,974,CDS
52602,16992360,16992549,189,CDS
52603,16992617,16993638,1021,CDS
52604,16993709,16993913,204,CDS
52605,16993978,16994141,163,CDS
52606,16986635,16986711,76,mRNA
52607,16990502,16990879,377,mRNA
52608,16991014,16991261,247,mRNA
52609,16991324,16992298,974,mRNA
52610,16992360,16992549,189,mRNA
52611,16992617,16993638,1021,mRNA
52612,16993709,16993913,204,mRNA
52613,16993978,16994388,410,mRNA
52614,16986635,16986680,45,mRNA
52615,16990502,16990879,377,mRNA
52616,16991014,16991261,247,mRNA
52617,16991324,16992298,974,mRNA
52618,16992360,16992549,189,mRNA
52619,16992617,16993638,1021,mRNA
52620,16993709,16993913,204,mRNA
52621,16993978,16994388,410,mRNA
52622,16986651,16986720,69,mRNA
52623,16990502,16990879,377,mRNA
52624,16991014,16991261,247,mRNA
52625,16991324,16992298,974,mRNA
52626,16992360,16992549,189,mRNA
52627,16992617,16993638,1021,mRNA
52628,16993709,16993913,204,mRNA
52629,16993978,16994388,410,mRNA
52630,16990528,16990879,351,CDS
52631,16991014,16991261,247,CDS
52632,16991324,16992298,974,CDS
52633,16992360,16992549,189,CDS
52634,16992617,16993638,1021,CDS
52635,16993709,16993913,204,CDS
52636,16993978,16994141,163,CDS
52637,16990528,16990879,351,CDS
52638,16991014,16991261,247,CDS
52639,16991324,16992298,974,CDS
52640,16992360,16992549,189,CDS
52641,16992617,16993638,1021,CDS
52642,16993709,16993913,204,CDS
52643,16993978,16994141,163,CDS
52644,16990528,16990879,351,CDS
52645,16991014,16991261,247,CDS
52646,16991324,16992298,974,CDS
52647,16992360,16992549,189,CDS
52648,16992617,16993638,1021,CDS
52649,16993709,16993913,204,CDS
52650,16993978,16994141,163,CDS
52651,16994717,17012565,17848,gene
52652,17011389,17012565,1176,mRNA
52653,16999739,17000012,273,mRNA
52654,16998525,16999547,1022,mRNA
52655,16998270,16998457,187,mRNA
52656,16996015,16998184,2169,mRNA
52657,16995677,16995946,269,mRNA
52658,16994717,16995615,898,mRNA
52659,17002222,17002360,138,mRNA
52660,17001516,17001644,128,mRNA
52661,16999739,17000012,273,mRNA
52662,16998525,16999547,1022,mRNA
52663,16998270,16998457,187,mRNA
52664,16996015,16998184,2169,mRNA
52665,16995677,16995946,269,mRNA
52666,16994717,16995615,898,mRNA
52667,17002222,17002360,138,mRNA
52668,17001516,17001747,231,mRNA
52669,16999739,17000012,273,mRNA
52670,16998525,16999547,1022,mRNA
52671,16998270,16998457,187,mRNA
52672,16996015,16998184,2169,mRNA
52673,16995677,16995946,269,mRNA
52674,16994717,16995615,898,mRNA
52675,17011389,17011666,277,CDS
52676,16999739,17000012,273,CDS
52677,16998525,16999547,1022,CDS
52678,16998270,16998457,187,CDS
52679,16996015,16998184,2169,CDS
52680,16995677,16995946,269,CDS
52681,16995409,16995615,206,CDS
52682,17001516,17001541,25,CDS
52683,16999739,17000012,273,CDS
52684,16998525,16999547,1022,CDS
52685,16998270,16998457,187,CDS
52686,16996015,16998184,2169,CDS
52687,16995677,16995946,269,CDS
52688,16995409,16995615,206,CDS
52689,17001516,17001541,25,CDS
52690,16999739,17000012,273,CDS
52691,16998525,16999547,1022,CDS
52692,16998270,16998457,187,CDS
52693,16996015,16998184,2169,CDS
52694,16995677,16995946,269,CDS
52695,16995409,16995615,206,CDS
52696,16998457,16998524,67,gene
52697,16998457,16998524,67,precursor_RNA
52698,16998458,16998479,21,ncRNA
52699,16998500,16998524,24,ncRNA
52700,16999637,16999682,45,mobile_element
52701,17012886,17016180,3294,gene
52702,17015743,17016180,437,mRNA
52703,17015141,17015258,117,mRNA
52704,17014987,17015077,90,mRNA
52705,17013993,17014904,911,mRNA
52706,17012886,17013929,1043,mRNA
52707,17015743,17016051,308,mRNA
52708,17015141,17015266,125,mRNA
52709,17014987,17015077,90,mRNA
52710,17013993,17014904,911,mRNA
52711,17012886,17013929,1043,mRNA
52712,17015673,17016051,378,mRNA
52713,17015141,17015266,125,mRNA
52714,17014987,17015077,90,mRNA
52715,17013993,17014904,911,mRNA
52716,17012886,17013929,1043,mRNA
52717,17015141,17015256,115,CDS
52718,17014987,17015077,90,CDS
52719,17013993,17014904,911,CDS
52720,17013450,17013929,479,CDS
52721,17015141,17015256,115,CDS
52722,17014987,17015077,90,CDS
52723,17013993,17014904,911,CDS
52724,17013450,17013929,479,CDS
52725,17015141,17015256,115,CDS
52726,17014987,17015077,90,CDS
52727,17013993,17014904,911,CDS
52728,17013450,17013929,479,CDS
52729,17016536,17020270,3734,gene
52730,17016536,17018424,1888,mRNA
52731,17018485,17020270,1785,mRNA
52732,17016639,17018424,1785,CDS
52733,17018485,17020178,1693,CDS
52734,17020348,17022856,2508,gene
52735,17022560,17022856,296,mRNA
52736,17021998,17022486,488,mRNA
52737,17021700,17021925,225,mRNA
52738,17020885,17021646,761,mRNA
52739,17020348,17020817,469,mRNA
52740,17022560,17022633,73,CDS
52741,17021998,17022486,488,CDS
52742,17021700,17021925,225,CDS
52743,17020885,17021646,761,CDS
52744,17020554,17020817,263,CDS
52745,17023123,17023741,618,gene
52746,17023451,17023741,290,mRNA
52747,17023123,17023398,275,mRNA
52748,17023451,17023721,270,CDS
52749,17023202,17023398,196,CDS
52750,17024328,17027117,2789,gene
52751,17024328,17027117,2789,mRNA
52752,17024658,17026805,2147,CDS
52753,17027515,17029814,2299,gene
52754,17027515,17027769,254,mRNA
52755,17027828,17028707,879,mRNA
52756,17028766,17028917,151,mRNA
52757,17028979,17029814,835,mRNA
52758,17027669,17027769,100,CDS
52759,17027828,17028707,879,CDS
52760,17028766,17028917,151,CDS
52761,17028979,17029591,612,CDS
52762,17029812,17032080,2268,gene
52763,17031886,17032080,194,mRNA
52764,17030709,17030907,198,mRNA
52765,17029812,17030284,472,mRNA
52766,17031886,17031897,11,CDS
52767,17030709,17030907,198,CDS
52768,17030043,17030284,241,CDS
52769,17032055,17032608,553,gene
52770,17032055,17032608,553,ncRNA
52771,17033119,17033676,557,gene
52772,17033370,17033676,306,ncRNA
52773,17033119,17033152,33,ncRNA
52774,17034996,17035119,123,mobile_element
52775,17035668,17036865,1197,gene
52776,17035668,17036865,1197,mRNA
52777,17035699,17036838,1139,CDS
52778,17036859,17042574,5715,gene
52779,17042438,17042574,136,mRNA
52780,17042103,17042273,170,mRNA
52781,17041694,17042040,346,mRNA
52782,17040439,17040601,162,mRNA
52783,17039556,17039630,74,mRNA
52784,17039257,17039333,76,mRNA
52785,17038995,17039193,198,mRNA
52786,17037931,17038932,1001,mRNA
52787,17037706,17037873,167,mRNA
52788,17037320,17037634,314,mRNA
52789,17037084,17037255,171,mRNA
52790,17036859,17037030,171,mRNA
52791,17042438,17042574,136,mRNA
52792,17042103,17042273,170,mRNA
52793,17041694,17042040,346,mRNA
52794,17040439,17040601,162,mRNA
52795,17040138,17040210,72,mRNA
52796,17039556,17039630,74,mRNA
52797,17039257,17039333,76,mRNA
52798,17038995,17039193,198,mRNA
52799,17037931,17038932,1001,mRNA
52800,17037706,17037873,167,mRNA
52801,17037320,17037634,314,mRNA
52802,17037084,17037255,171,mRNA
52803,17036859,17037030,171,mRNA
52804,17042438,17042459,21,CDS
52805,17042103,17042273,170,CDS
52806,17041694,17042040,346,CDS
52807,17040439,17040601,162,CDS
52808,17040138,17040210,72,CDS
52809,17039556,17039630,74,CDS
52810,17039257,17039333,76,CDS
52811,17038995,17039193,198,CDS
52812,17037931,17038932,1001,CDS
52813,17037706,17037873,167,CDS
52814,17037320,17037634,314,CDS
52815,17037084,17037255,171,CDS
52816,17036932,17037030,98,CDS
52817,17042438,17042459,21,CDS
52818,17042103,17042273,170,CDS
52819,17041694,17042040,346,CDS
52820,17040439,17040601,162,CDS
52821,17039578,17039630,52,CDS
52822,17042438,17042574,136,mRNA
52823,17042103,17042273,170,mRNA
52824,17040934,17042040,1106,mRNA
52825,17042438,17042459,21,CDS
52826,17042103,17042273,170,CDS
52827,17041685,17042040,355,CDS
52828,17042797,17044465,1668,gene
52829,17042797,17043917,1120,mRNA
52830,17043974,17044155,181,mRNA
52831,17044218,17044465,247,mRNA
52832,17043066,17043917,851,CDS
52833,17043974,17044155,181,CDS
52834,17044218,17044374,156,CDS
52835,17044401,17045038,637,gene
52836,17045006,17045038,32,mRNA
52837,17044713,17044950,237,mRNA
52838,17044401,17044659,258,mRNA
52839,17044713,17044974,261,mRNA
52840,17044401,17044659,258,mRNA
52841,17045006,17045025,19,CDS
52842,17044713,17044950,237,CDS
52843,17044480,17044659,179,CDS
52844,17044713,17044781,68,CDS
52845,17044480,17044659,179,CDS
52846,17046063,17048390,2327,gene
52847,17046063,17046268,205,mRNA
52848,17046341,17046458,117,mRNA
52849,17046523,17046579,56,mRNA
52850,17047350,17047601,251,mRNA
52851,17047965,17048390,425,mRNA
52852,17046160,17046268,108,mRNA
52853,17046341,17046458,117,mRNA
52854,17046523,17046579,56,mRNA
52855,17047350,17047601,251,mRNA
52856,17047965,17048390,425,mRNA
52857,17046257,17046268,11,CDS
52858,17046341,17046458,117,CDS
52859,17046523,17046579,56,CDS
52860,17047350,17047601,251,CDS
52861,17047965,17047993,28,CDS
52862,17046257,17046268,11,CDS
52863,17046341,17046458,117,CDS
52864,17046523,17046579,56,CDS
52865,17047350,17047601,251,CDS
52866,17047965,17047993,28,CDS
52867,17049512,17055454,5942,gene
52868,17049512,17049737,225,mRNA
52869,17050513,17050637,124,mRNA
52870,17051321,17051454,133,mRNA
52871,17051861,17051932,71,mRNA
52872,17052003,17052134,131,mRNA
52873,17052721,17052878,157,mRNA
52874,17052955,17053285,330,mRNA
52875,17054298,17055454,1156,mRNA
52876,17049727,17049737,10,CDS
52877,17050513,17050637,124,CDS
52878,17051321,17051454,133,CDS
52879,17051861,17051932,71,CDS
52880,17052003,17052134,131,CDS
52881,17052721,17052878,157,CDS
52882,17052955,17053285,330,CDS
52883,17054298,17054366,68,CDS
52884,17051277,17051454,177,mRNA
52885,17051861,17051932,71,mRNA
52886,17052003,17052134,131,mRNA
52887,17052721,17052878,157,mRNA
52888,17052955,17053285,330,mRNA
52889,17054298,17055454,1156,mRNA
52890,17051410,17051454,44,CDS
52891,17051861,17051932,71,CDS
52892,17052003,17052134,131,CDS
52893,17052721,17052878,157,CDS
52894,17052955,17053285,330,CDS
52895,17054298,17054366,68,CDS
52896,17055613,17058533,2920,gene
52897,17055613,17055677,64,mRNA
52898,17056993,17057348,355,mRNA
52899,17057462,17057737,275,mRNA
52900,17057813,17058533,720,mRNA
52901,17057030,17057348,318,CDS
52902,17057462,17057737,275,CDS
52903,17057813,17058414,601,CDS
52904,17058774,17238212,179438,gene
52905,17237832,17238212,380,mRNA
52906,17235352,17236062,710,mRNA
52907,17221802,17221842,40,mRNA
52908,17179294,17179375,81,mRNA
52909,17167015,17167099,84,mRNA
52910,17164913,17164954,41,mRNA
52911,17128879,17128971,92,mRNA
52912,17084108,17084156,48,mRNA
52913,17078116,17078198,82,mRNA
52914,17077622,17077706,84,mRNA
52915,17074353,17074388,35,mRNA
52916,17074193,17074276,83,mRNA
52917,17067993,17068058,65,mRNA
52918,17067137,17067378,241,mRNA
52919,17058774,17065708,6934,mRNA
52920,17147107,17147969,862,mRNA
52921,17128879,17128971,92,mRNA
52922,17084108,17084156,48,mRNA
52923,17078116,17078198,82,mRNA
52924,17077622,17077706,84,mRNA
52925,17074353,17074388,35,mRNA
52926,17074193,17074276,83,mRNA
52927,17067993,17068058,65,mRNA
52928,17067137,17067378,241,mRNA
52929,17058907,17065708,6801,mRNA
52930,17147107,17147969,862,mRNA
52931,17128879,17128971,92,mRNA
52932,17084108,17084156,48,mRNA
52933,17078116,17078198,82,mRNA
52934,17077622,17077706,84,mRNA
52935,17074353,17074388,35,mRNA
52936,17074193,17074276,83,mRNA
52937,17067993,17068058,65,mRNA
52938,17067137,17067378,241,mRNA
52939,17066625,17066840,215,mRNA
52940,17065266,17065708,442,mRNA
52941,17147107,17147969,862,mRNA
52942,17128879,17128971,92,mRNA
52943,17084108,17084156,48,mRNA
52944,17078116,17078198,82,mRNA
52945,17077622,17077706,84,mRNA
52946,17074353,17074388,35,mRNA
52947,17074193,17074276,83,mRNA
52948,17070291,17072948,2657,mRNA
52949,17067993,17068058,65,mRNA
52950,17067137,17067378,241,mRNA
52951,17066625,17066840,215,mRNA
52952,17065266,17065708,442,mRNA
52953,17235352,17235437,85,CDS
52954,17221802,17221842,40,CDS
52955,17179294,17179375,81,CDS
52956,17167015,17167099,84,CDS
52957,17164913,17164954,41,CDS
52958,17128879,17128971,92,CDS
52959,17084108,17084156,48,CDS
52960,17078116,17078198,82,CDS
52961,17077622,17077706,84,CDS
52962,17074353,17074388,35,CDS
52963,17074193,17074276,83,CDS
52964,17067993,17068058,65,CDS
52965,17067137,17067378,241,CDS
52966,17065667,17065708,41,CDS
52967,17128879,17128971,92,CDS
52968,17084108,17084156,48,CDS
52969,17078116,17078198,82,CDS
52970,17077622,17077706,84,CDS
52971,17074353,17074388,35,CDS
52972,17074193,17074276,83,CDS
52973,17067993,17068058,65,CDS
52974,17067137,17067378,241,CDS
52975,17065667,17065708,41,CDS
52976,17237832,17238212,380,mRNA
52977,17235352,17236062,710,mRNA
52978,17221802,17221842,40,mRNA
52979,17179294,17179375,81,mRNA
52980,17167015,17167099,84,mRNA
52981,17164913,17164954,41,mRNA
52982,17128879,17128971,92,mRNA
52983,17084108,17084156,48,mRNA
52984,17078116,17078198,82,mRNA
52985,17077622,17077706,84,mRNA
52986,17074353,17074388,35,mRNA
52987,17074193,17074276,83,mRNA
52988,17067993,17068058,65,mRNA
52989,17067137,17067378,241,mRNA
52990,17066748,17066840,92,mRNA
52991,17235352,17235437,85,CDS
52992,17221802,17221842,40,CDS
52993,17179294,17179375,81,CDS
52994,17167015,17167099,84,CDS
52995,17164913,17164954,41,CDS
52996,17128879,17128971,92,CDS
52997,17084108,17084156,48,CDS
52998,17078116,17078198,82,CDS
52999,17077622,17077706,84,CDS
53000,17074353,17074388,35,CDS
53001,17074193,17074276,83,CDS
53002,17067993,17068058,65,CDS
53003,17067137,17067378,241,CDS
53004,17066805,17066840,35,CDS
53005,17128879,17128971,92,CDS
53006,17084108,17084156,48,CDS
53007,17078116,17078198,82,CDS
53008,17077622,17077706,84,CDS
53009,17074353,17074388,35,CDS
53010,17074193,17074276,83,CDS
53011,17067993,17068058,65,CDS
53012,17067137,17067378,241,CDS
53013,17066805,17066840,35,CDS
53014,17128879,17128971,92,CDS
53015,17084108,17084156,48,CDS
53016,17078116,17078198,82,CDS
53017,17077622,17077706,84,CDS
53018,17074353,17074388,35,CDS
53019,17074193,17074276,83,CDS
53020,17072701,17072948,247,CDS
53021,17147107,17147969,862,mRNA
53022,17128879,17128971,92,mRNA
53023,17084108,17084156,48,mRNA
53024,17078116,17078198,82,mRNA
53025,17077622,17077706,84,mRNA
53026,17074353,17074388,35,mRNA
53027,17074193,17074276,83,mRNA
53028,17073643,17073790,147,mRNA
53029,17128879,17128971,92,CDS
53030,17084108,17084156,48,CDS
53031,17078116,17078198,82,CDS
53032,17077622,17077706,84,CDS
53033,17074353,17074388,35,CDS
53034,17074193,17074276,83,CDS
53035,17073732,17073790,58,CDS
53036,17237832,17238212,380,mRNA
53037,17235352,17236062,710,mRNA
53038,17221802,17221842,40,mRNA
53039,17179294,17179375,81,mRNA
53040,17167015,17167099,84,mRNA
53041,17164913,17164954,41,mRNA
53042,17128879,17128971,92,mRNA
53043,17084108,17084156,48,mRNA
53044,17078116,17078198,82,mRNA
53045,17074906,17077706,2800,mRNA
53046,17235352,17235437,85,CDS
53047,17221802,17221842,40,CDS
53048,17179294,17179375,81,CDS
53049,17167015,17167099,84,CDS
53050,17164913,17164954,41,CDS
53051,17128879,17128971,92,CDS
53052,17084108,17084156,48,CDS
53053,17078116,17078198,82,CDS
53054,17076768,17077706,938,CDS
53055,17085060,17094150,9090,mobile_element
53056,17166863,17167542,679,gene
53057,17166863,17167045,182,ncRNA
53058,17167110,17167542,432,ncRNA
53059,17238613,17242128,3515,gene
53060,17241955,17242128,173,mRNA
53061,17241217,17241466,249,mRNA
53062,17240663,17241058,395,mRNA
53063,17238613,17240608,1995,mRNA
53064,17241785,17242128,343,mRNA
53065,17241217,17241719,502,mRNA
53066,17240663,17241058,395,mRNA
53067,17238747,17240608,1861,mRNA
53068,17241785,17241868,83,CDS
53069,17241217,17241719,502,CDS
53070,17240663,17241058,395,CDS
53071,17239111,17240608,1497,CDS
53072,17241217,17241416,199,CDS
53073,17240663,17241058,395,CDS
53074,17239111,17240608,1497,CDS
53075,17242604,17243176,572,mobile_element
53076,17243436,17244746,1310,gene
53077,17243436,17243765,329,mRNA
53078,17243814,17244047,233,mRNA
53079,17244110,17244309,199,mRNA
53080,17244373,17244746,373,mRNA
53081,17243529,17243765,236,CDS
53082,17243814,17244047,233,CDS
53083,17244110,17244309,199,CDS
53084,17244373,17244664,291,CDS
53085,17245042,17245738,696,mobile_element
53086,17245882,17264290,18408,gene
53087,17245882,17246032,150,ncRNA
53088,17263838,17264290,452,ncRNA
53089,17246300,17246402,102,mobile_element
53090,17247216,17247338,122,mobile_element
53091,17252377,17253937,1560,gene
53092,17252377,17253937,1560,mRNA
53093,17252732,17253937,1205,mRNA
53094,17253167,17253823,656,CDS
53095,17253167,17253823,656,CDS
53096,17259661,17260449,788,gene
53097,17259661,17260449,788,ncRNA
53098,17264416,17264986,570,gene
53099,17264416,17264986,570,mRNA
53100,17264500,17264832,332,CDS
53101,17275050,17275549,499,gene
53102,17275050,17275549,499,ncRNA
53103,17315006,17315105,99,gene
53104,17315006,17315105,99,precursor_RNA
53105,17315024,17315044,20,ncRNA
53106,17315064,17315085,21,ncRNA
53107,17319969,17320811,842,gene
53108,17319969,17320811,842,mRNA
53109,17320013,17320729,716,CDS
53110,17322841,17324493,1652,gene
53111,17322841,17324493,1652,mRNA
53112,17322841,17324493,1652,CDS
53113,17324618,17325518,900,gene
53114,17324618,17325518,900,mRNA
53115,17324825,17325424,599,CDS
53116,17327733,17329169,1436,gene
53117,17328285,17329169,884,mRNA
53118,17328078,17328173,95,mRNA
53119,17327841,17328023,182,mRNA
53120,17327733,17327783,50,mRNA
53121,17328285,17329169,884,CDS
53122,17328078,17328173,95,CDS
53123,17327841,17328023,182,CDS
53124,17327733,17327783,50,CDS
53125,17334006,17334499,493,gene
53126,17334006,17334499,493,ncRNA
53127,17335921,17337097,1176,gene
53128,17336660,17337097,437,ncRNA
53129,17335921,17336437,516,ncRNA
53130,17337172,17339262,2090,gene
53131,17339157,17339262,105,mRNA
53132,17338796,17339100,304,mRNA
53133,17338129,17338718,589,mRNA
53134,17337743,17338072,329,mRNA
53135,17337172,17337683,511,mRNA
53136,17339157,17339262,105,mRNA
53137,17338796,17339100,304,mRNA
53138,17338129,17338736,607,mRNA
53139,17337743,17338072,329,mRNA
53140,17337172,17337683,511,mRNA
53141,17338796,17339136,340,mRNA
53142,17338129,17338736,607,mRNA
53143,17337743,17338072,329,mRNA
53144,17337172,17337683,511,mRNA
53145,17339157,17339179,22,CDS
53146,17338796,17339100,304,CDS
53147,17338129,17338718,589,CDS
53148,17337743,17338072,329,CDS
53149,17337321,17337683,362,CDS
53150,17339157,17339179,22,CDS
53151,17338796,17339100,304,CDS
53152,17338129,17338736,607,CDS
53153,17337743,17338072,329,CDS
53154,17337321,17337683,362,CDS
53155,17338796,17339111,315,CDS
53156,17338129,17338736,607,CDS
53157,17337743,17338072,329,CDS
53158,17337321,17337683,362,CDS
53159,17339909,17339980,71,gene
53160,17339909,17339980,71,tRNA
53161,17340279,17341316,1037,gene
53162,17340923,17341316,393,mRNA
53163,17340279,17340793,514,mRNA
53164,17340923,17341316,393,CDS
53165,17340279,17340793,514,CDS
53166,17342050,17344696,2646,gene
53167,17344535,17344696,161,mRNA
53168,17344130,17344468,338,mRNA
53169,17343617,17343988,371,mRNA
53170,17342841,17343559,718,mRNA
53171,17342050,17342758,708,mRNA
53172,17344130,17344696,566,mRNA
53173,17343617,17343988,371,mRNA
53174,17342841,17343559,718,mRNA
53175,17342050,17342758,708,mRNA
53176,17344535,17344669,134,CDS
53177,17344130,17344468,338,CDS
53178,17343617,17343988,371,CDS
53179,17342841,17343559,718,CDS
53180,17342179,17342758,579,CDS
53181,17344130,17344669,539,CDS
53182,17343617,17343988,371,CDS
53183,17342841,17343559,718,CDS
53184,17342179,17342758,579,CDS
53185,17344947,17349666,4719,gene
53186,17349380,17349666,286,mRNA
53187,17344947,17346055,1108,mRNA
53188,17345418,17346053,635,CDS
53189,17351822,17358056,6234,gene
53190,17351822,17352579,757,mRNA
53191,17353132,17353244,112,mRNA
53192,17353311,17353737,426,mRNA
53193,17353793,17354043,250,mRNA
53194,17354106,17354699,593,mRNA
53195,17354758,17355571,813,mRNA
53196,17355667,17358056,2389,mRNA
53197,17352419,17352579,160,mRNA
53198,17353132,17353244,112,mRNA
53199,17353311,17353737,426,mRNA
53200,17353793,17354043,250,mRNA
53201,17354106,17354699,593,mRNA
53202,17354758,17355571,813,mRNA
53203,17355667,17358056,2389,mRNA
53204,17353042,17353244,202,mRNA
53205,17353311,17353737,426,mRNA
53206,17353793,17354043,250,mRNA
53207,17354106,17354699,593,mRNA
53208,17354758,17355571,813,mRNA
53209,17355664,17358056,2392,mRNA
53210,17353042,17353244,202,mRNA
53211,17353311,17353737,426,mRNA
53212,17353796,17354043,247,mRNA
53213,17354106,17354699,593,mRNA
53214,17354758,17355571,813,mRNA
53215,17355664,17358056,2392,mRNA
53216,17353158,17353244,86,CDS
53217,17353311,17353737,426,CDS
53218,17353793,17354043,250,CDS
53219,17354106,17354699,593,CDS
53220,17354758,17355571,813,CDS
53221,17355664,17357465,1801,CDS
53222,17353158,17353244,86,CDS
53223,17353311,17353737,426,CDS
53224,17353793,17354043,250,CDS
53225,17354106,17354699,593,CDS
53226,17354758,17355571,813,CDS
53227,17355667,17357465,1798,CDS
53228,17353158,17353244,86,CDS
53229,17353311,17353737,426,CDS
53230,17353793,17354043,250,CDS
53231,17354106,17354699,593,CDS
53232,17354758,17355571,813,CDS
53233,17355667,17357465,1798,CDS
53234,17353158,17353244,86,CDS
53235,17353311,17353737,426,CDS
53236,17353796,17354043,247,CDS
53237,17354106,17354699,593,CDS
53238,17354758,17355571,813,CDS
53239,17355664,17357465,1801,CDS
53240,17359682,17361811,2129,gene
53241,17359682,17361811,2129,mRNA
53242,17359793,17360989,1196,CDS
53243,17366775,17367365,590,gene
53244,17366775,17367365,590,ncRNA
53245,17367753,17379530,11777,gene
53246,17379361,17379530,169,mRNA
53247,17378286,17378592,306,mRNA
53248,17373786,17374150,364,mRNA
53249,17372218,17373715,1497,mRNA
53250,17371894,17372155,261,mRNA
53251,17370220,17371834,1614,mRNA
53252,17369855,17370157,302,mRNA
53253,17368644,17369785,1141,mRNA
53254,17367753,17368583,830,mRNA
53255,17379346,17379530,184,mRNA
53256,17378286,17378592,306,mRNA
53257,17373786,17374150,364,mRNA
53258,17372218,17373715,1497,mRNA
53259,17371894,17372155,261,mRNA
53260,17370220,17371834,1614,mRNA
53261,17369855,17370157,302,mRNA
53262,17368644,17369785,1141,mRNA
53263,17367753,17368583,830,mRNA
53264,17379346,17379530,184,mRNA
53265,17378286,17378863,577,mRNA
53266,17373786,17374150,364,mRNA
53267,17372218,17373715,1497,mRNA
53268,17371894,17372155,261,mRNA
53269,17370220,17371834,1614,mRNA
53270,17369855,17370157,302,mRNA
53271,17368644,17369785,1141,mRNA
53272,17367753,17368583,830,mRNA
53273,17378286,17378436,150,CDS
53274,17373786,17374150,364,CDS
53275,17372218,17373715,1497,CDS
53276,17371894,17372155,261,CDS
53277,17370220,17371834,1614,CDS
53278,17369855,17370157,302,CDS
53279,17368644,17369785,1141,CDS
53280,17368457,17368583,126,CDS
53281,17378286,17378436,150,CDS
53282,17373786,17374150,364,CDS
53283,17372218,17373715,1497,CDS
53284,17371894,17372155,261,CDS
53285,17370220,17371834,1614,CDS
53286,17369855,17370157,302,CDS
53287,17368644,17369785,1141,CDS
53288,17368457,17368583,126,CDS
53289,17378286,17378436,150,CDS
53290,17373786,17374150,364,CDS
53291,17372218,17373715,1497,CDS
53292,17371894,17372155,261,CDS
53293,17370220,17371834,1614,CDS
53294,17369855,17370157,302,CDS
53295,17368644,17369785,1141,CDS
53296,17368457,17368583,126,CDS
53297,17380026,17382728,2702,gene
53298,17382520,17382728,208,mRNA
53299,17380026,17382320,2294,mRNA
53300,17382520,17382633,113,CDS
53301,17380173,17382320,2147,CDS
53302,17383636,17388956,5320,gene
53303,17388745,17388956,211,mRNA
53304,17386394,17386462,68,mRNA
53305,17383636,17386334,2698,mRNA
53306,17388745,17388747,2,CDS
53307,17386394,17386462,68,CDS
53308,17384028,17386334,2306,CDS
53309,17396031,17421514,25483,gene
53310,17421354,17421514,160,mRNA
53311,17409225,17409872,647,mRNA
53312,17401611,17401842,231,mRNA
53313,17398587,17398732,145,mRNA
53314,17398395,17398531,136,mRNA
53315,17396031,17398330,2299,mRNA
53316,17415221,17415811,590,mRNA
53317,17409225,17409872,647,mRNA
53318,17401611,17401842,231,mRNA
53319,17398587,17398732,145,mRNA
53320,17398395,17398531,136,mRNA
53321,17396031,17398330,2299,mRNA
53322,17406410,17406521,111,mRNA
53323,17401611,17401842,231,mRNA
53324,17398587,17398732,145,mRNA
53325,17398395,17398531,136,mRNA
53326,17396031,17398330,2299,mRNA
53327,17404588,17404619,31,mRNA
53328,17403493,17403734,241,mRNA
53329,17401611,17401842,231,mRNA
53330,17398587,17398732,145,mRNA
53331,17398395,17398531,136,mRNA
53332,17396031,17398330,2299,mRNA
53333,17403493,17403734,241,mRNA
53334,17401611,17401842,231,mRNA
53335,17398587,17398732,145,mRNA
53336,17398395,17398531,136,mRNA
53337,17396031,17398330,2299,mRNA
53338,17409225,17409863,638,CDS
53339,17401611,17401842,231,CDS
53340,17398587,17398732,145,CDS
53341,17398395,17398531,136,CDS
53342,17396554,17398330,1776,CDS
53343,17409225,17409863,638,CDS
53344,17401611,17401842,231,CDS
53345,17398587,17398732,145,CDS
53346,17398395,17398531,136,CDS
53347,17396554,17398330,1776,CDS
53348,17406410,17406427,17,CDS
53349,17401611,17401842,231,CDS
53350,17398587,17398732,145,CDS
53351,17398395,17398531,136,CDS
53352,17396554,17398330,1776,CDS
53353,17403493,17403630,137,CDS
53354,17401611,17401842,231,CDS
53355,17398587,17398732,145,CDS
53356,17398395,17398531,136,CDS
53357,17396554,17398330,1776,CDS
53358,17403493,17403630,137,CDS
53359,17401611,17401842,231,CDS
53360,17398587,17398732,145,CDS
53361,17398395,17398531,136,CDS
53362,17396554,17398330,1776,CDS
53363,17400272,17401348,1076,gene
53364,17400272,17401348,1076,ncRNA
53365,17421787,17425217,3430,gene
53366,17424446,17425217,771,mRNA
53367,17424160,17424387,227,mRNA
53368,17423652,17424101,449,mRNA
53369,17423098,17423579,481,mRNA
53370,17422534,17423041,507,mRNA
53371,17421787,17422455,668,mRNA
53372,17424446,17425099,653,CDS
53373,17424160,17424387,227,CDS
53374,17423652,17424101,449,CDS
53375,17423098,17423579,481,CDS
53376,17422534,17423041,507,CDS
53377,17422108,17422455,347,CDS
53378,17425477,17426282,805,gene
53379,17425477,17425517,40,mRNA
53380,17425579,17425640,61,mRNA
53381,17425910,17426079,169,mRNA
53382,17426139,17426282,143,mRNA
53383,17425595,17425640,45,CDS
53384,17425910,17426079,169,CDS
53385,17426139,17426195,56,CDS
53386,17426286,17427130,844,gene
53387,17426926,17427130,204,mRNA
53388,17426728,17426856,128,mRNA
53389,17426286,17426670,384,mRNA
53390,17426926,17427069,143,CDS
53391,17426728,17426856,128,CDS
53392,17426308,17426670,362,CDS
53393,17427305,17428836,1531,gene
53394,17428646,17428836,190,mRNA
53395,17427862,17428561,699,mRNA
53396,17427305,17427804,499,mRNA
53397,17428646,17428745,99,CDS
53398,17427862,17428561,699,CDS
53399,17427588,17427804,216,CDS
53400,17428936,17433621,4685,gene
53401,17433599,17433621,22,mRNA
53402,17430117,17430343,226,mRNA
53403,17429855,17430059,204,mRNA
53404,17429377,17429600,223,mRNA
53405,17428936,17429303,367,mRNA
53406,17433550,17433589,39,mRNA
53407,17430117,17430343,226,mRNA
53408,17429855,17430059,204,mRNA
53409,17429377,17429600,223,mRNA
53410,17428936,17429303,367,mRNA
53411,17428936,17433190,4254,gene
53412,17430117,17433190,3073,mRNA
53413,17429855,17430059,204,mRNA
53414,17429377,17429600,223,mRNA
53415,17428936,17429303,367,mRNA
53416,17430117,17433190,3073,mRNA
53417,17429855,17430059,204,mRNA
53418,17429377,17429600,223,mRNA
53419,17428936,17429303,367,mRNA
53420,17430117,17430337,220,CDS
53421,17429855,17430059,204,CDS
53422,17429377,17429600,223,CDS
53423,17429147,17429303,156,CDS
53424,17430117,17430337,220,CDS
53425,17429855,17430059,204,CDS
53426,17429377,17429600,223,CDS
53427,17429147,17429303,156,CDS
53428,17430117,17430337,220,CDS
53429,17429855,17430059,204,CDS
53430,17429377,17429600,223,CDS
53431,17429147,17429303,156,CDS
53432,17431582,17433190,1608,mRNA
53433,17431854,17432975,1121,CDS
53434,17431854,17432975,1121,CDS
53435,17433868,17437971,4103,gene
53436,17433868,17434137,269,mRNA
53437,17434189,17434333,144,mRNA
53438,17434394,17434456,62,mRNA
53439,17436324,17436377,53,mRNA
53440,17436513,17437543,1030,mRNA
53441,17437607,17437971,364,mRNA
53442,17433937,17434137,200,CDS
53443,17434189,17434333,144,CDS
53444,17434394,17434456,62,CDS
53445,17436324,17436377,53,CDS
53446,17436513,17437543,1030,CDS
53447,17437607,17437858,251,CDS
53448,17434472,17436431,1959,gene
53449,17434472,17436431,1959,mRNA
53450,17434532,17436247,1715,CDS
53451,17439401,17457461,18060,gene
53452,17439401,17439511,110,mRNA
53453,17449393,17457461,8068,mRNA
53454,17439401,17439913,512,mRNA
53455,17449393,17455283,5890,mRNA
53456,17446549,17446800,251,mRNA
53457,17449393,17455283,5890,mRNA
53458,17449407,17453375,3968,CDS
53459,17449407,17453375,3968,CDS
53460,17449407,17453375,3968,CDS
53461,17460109,17460496,387,gene
53462,17460109,17460380,271,ncRNA
53463,17460445,17460496,51,ncRNA
53464,17465945,17466768,823,gene
53465,17465945,17466136,191,mRNA
53466,17466199,17466768,569,mRNA
53467,17466126,17466136,10,CDS
53468,17466199,17466556,357,CDS
53469,17470127,17474517,4390,gene
53470,17470127,17470780,653,mRNA
53471,17472430,17472548,118,mRNA
53472,17472609,17473007,398,mRNA
53473,17473077,17473235,158,mRNA
53474,17473291,17473446,155,mRNA
53475,17473692,17474071,379,mRNA
53476,17474136,17474517,381,mRNA
53477,17470426,17470780,354,mRNA
53478,17472430,17472548,118,mRNA
53479,17472609,17473007,398,mRNA
53480,17473077,17473235,158,mRNA
53481,17473291,17473446,155,mRNA
53482,17473692,17474071,379,mRNA
53483,17474136,17474517,381,mRNA
53484,17470707,17470780,73,CDS
53485,17472430,17472548,118,CDS
53486,17472609,17473007,398,CDS
53487,17473077,17473235,158,CDS
53488,17473291,17473446,155,CDS
53489,17473692,17474071,379,CDS
53490,17474136,17474378,242,CDS
53491,17470707,17470780,73,CDS
53492,17472430,17472548,118,CDS
53493,17472609,17473007,398,CDS
53494,17473077,17473235,158,CDS
53495,17473291,17473446,155,CDS
53496,17473692,17474071,379,CDS
53497,17474136,17474378,242,CDS
53498,17474761,17476124,1363,gene
53499,17474761,17474834,73,mRNA
53500,17474894,17475135,241,mRNA
53501,17475410,17475594,184,mRNA
53502,17475651,17475803,152,mRNA
53503,17474761,17474834,73,mRNA
53504,17474923,17475135,212,mRNA
53505,17475410,17475594,184,mRNA
53506,17475651,17475803,152,mRNA
53507,17475049,17475135,86,mRNA
53508,17475410,17475594,184,mRNA
53509,17475651,17476124,473,mRNA
53510,17475049,17475135,86,mRNA
53511,17475410,17475594,184,mRNA
53512,17475651,17475803,152,mRNA
53513,17475420,17475594,174,CDS
53514,17475651,17475745,94,CDS
53515,17475420,17475594,174,CDS
53516,17475651,17475745,94,CDS
53517,17475420,17475594,174,CDS
53518,17475651,17475745,94,CDS
53519,17475420,17475594,174,CDS
53520,17475651,17475745,94,CDS
53521,17476222,17477103,881,gene
53522,17476222,17476471,249,mRNA
53523,17476569,17477103,534,mRNA
53524,17476222,17476551,329,mRNA
53525,17476311,17476471,160,CDS
53526,17476569,17476626,57,CDS
53527,17476311,17476475,164,CDS
53528,17477795,17478926,1131,gene
53529,17477795,17478926,1131,mRNA
53530,17477949,17478806,857,CDS
53531,17479096,17480141,1045,gene
53532,17479096,17479251,155,mRNA
53533,17479308,17480141,833,mRNA
53534,17479308,17480141,833,mRNA
53535,17479362,17480063,701,CDS
53536,17479362,17480063,701,CDS
53537,17480129,17486230,6101,gene
53538,17486191,17486230,39,mRNA
53539,17482205,17482302,97,mRNA
53540,17480129,17482123,1994,mRNA
53541,17481484,17481675,191,mRNA
53542,17480133,17480968,835,mRNA
53543,17480245,17480865,620,CDS
53544,17480245,17480865,620,CDS
53545,17487118,17511693,24575,gene
53546,17487118,17487200,82,mRNA
53547,17488065,17488332,267,mRNA
53548,17501445,17501478,33,mRNA
53549,17507625,17509304,1679,mRNA
53550,17509446,17509809,363,mRNA
53551,17510144,17510328,184,mRNA
53552,17510391,17510534,143,mRNA
53553,17510599,17510775,176,mRNA
53554,17510914,17511693,779,mRNA
53555,17487118,17487189,71,mRNA
53556,17488065,17488332,267,mRNA
53557,17501445,17501478,33,mRNA
53558,17507625,17509304,1679,mRNA
53559,17509446,17509809,363,mRNA
53560,17510144,17510328,184,mRNA
53561,17510391,17510534,143,mRNA
53562,17510599,17510775,176,mRNA
53563,17510914,17511693,779,mRNA
53564,17487634,17488332,698,mRNA
53565,17501445,17501478,33,mRNA
53566,17507625,17509304,1679,mRNA
53567,17509446,17509809,363,mRNA
53568,17510144,17510328,184,mRNA
53569,17510391,17510534,143,mRNA
53570,17510599,17510775,176,mRNA
53571,17510914,17511693,779,mRNA
53572,17487634,17487659,25,mRNA
53573,17488065,17488332,267,mRNA
53574,17501445,17501478,33,mRNA
53575,17507625,17509304,1679,mRNA
53576,17509446,17509809,363,mRNA
53577,17510144,17510328,184,mRNA
53578,17510391,17510534,143,mRNA
53579,17510599,17510775,176,mRNA
53580,17510914,17511693,779,mRNA
53581,17494880,17495300,420,gene
53582,17494880,17495300,420,mRNA
53583,17494889,17495236,347,CDS
53584,17507897,17509304,1407,CDS
53585,17509446,17509809,363,CDS
53586,17510144,17510328,184,CDS
53587,17510391,17510534,143,CDS
53588,17510599,17510775,176,CDS
53589,17510914,17511095,181,CDS
53590,17507897,17509304,1407,CDS
53591,17509446,17509809,363,CDS
53592,17510144,17510328,184,CDS
53593,17510391,17510534,143,CDS
53594,17510599,17510775,176,CDS
53595,17510914,17511095,181,CDS
53596,17507897,17509304,1407,CDS
53597,17509446,17509809,363,CDS
53598,17510144,17510328,184,CDS
53599,17510391,17510534,143,CDS
53600,17510599,17510775,176,CDS
53601,17510914,17511095,181,CDS
53602,17507897,17509304,1407,CDS
53603,17509446,17509809,363,CDS
53604,17510144,17510328,184,CDS
53605,17510391,17510534,143,CDS
53606,17510599,17510775,176,CDS
53607,17510914,17511095,181,CDS
53608,17511855,17513912,2057,gene
53609,17511855,17513912,2057,mRNA
53610,17512120,17513781,1661,CDS
53611,17514298,17524740,10442,gene
53612,17514298,17524740,10442,mRNA
53613,17514298,17515752,1454,mRNA
53614,17524524,17524740,216,mRNA
53615,17514298,17516936,2638,mRNA
53616,17514298,17515884,1586,mRNA
53617,17514468,17515730,1262,CDS
53618,17514468,17515730,1262,CDS
53619,17514468,17515730,1262,CDS
53620,17514468,17515730,1262,CDS
53621,17517035,17524535,7500,mobile_element
53622,17525333,17529861,4528,gene
53623,17528909,17529861,952,mRNA
53624,17527706,17528620,914,mRNA
53625,17527483,17527643,160,mRNA
53626,17527336,17527420,84,mRNA
53627,17525333,17527280,1947,mRNA
53628,17528909,17529468,559,CDS
53629,17527706,17528620,914,CDS
53630,17527483,17527643,160,CDS
53631,17527336,17527420,84,CDS
53632,17526959,17527280,321,CDS
53633,17528700,17528840,140,gene
53634,17528700,17528840,140,ncRNA
53635,17529868,17530202,334,gene
53636,17529976,17530202,226,ncRNA
53637,17529868,17529887,19,ncRNA
53638,17529907,17530202,295,ncRNA
53639,17530081,17546660,16579,gene
53640,17530081,17530422,341,mRNA
53641,17530809,17531035,226,mRNA
53642,17538662,17538744,82,mRNA
53643,17538814,17538895,81,mRNA
53644,17539456,17539494,38,mRNA
53645,17539567,17539736,169,mRNA
53646,17540691,17540838,147,mRNA
53647,17540902,17541026,124,mRNA
53648,17541301,17541403,102,mRNA
53649,17542200,17542384,184,mRNA
53650,17542551,17542812,261,mRNA
53651,17542891,17542962,71,mRNA
53652,17543505,17543612,107,mRNA
53653,17543764,17544001,237,mRNA
53654,17544060,17544184,124,mRNA
53655,17544256,17544397,141,mRNA
53656,17544461,17544617,156,mRNA
53657,17544677,17544970,293,mRNA
53658,17545035,17545433,398,mRNA
53659,17545508,17546660,1152,mRNA
53660,17530081,17530422,341,mRNA
53661,17530809,17531035,226,mRNA
53662,17538662,17538744,82,mRNA
53663,17538814,17538895,81,mRNA
53664,17539456,17539494,38,mRNA
53665,17539567,17539736,169,mRNA
53666,17540688,17540838,150,mRNA
53667,17540902,17541026,124,mRNA
53668,17541310,17541403,93,mRNA
53669,17542200,17542384,184,mRNA
53670,17542551,17542812,261,mRNA
53671,17542891,17542962,71,mRNA
53672,17543505,17543612,107,mRNA
53673,17543764,17544001,237,mRNA
53674,17544060,17544184,124,mRNA
53675,17544256,17544397,141,mRNA
53676,17544461,17544617,156,mRNA
53677,17544677,17544970,293,mRNA
53678,17545035,17545433,398,mRNA
53679,17545508,17546376,868,mRNA
53680,17530081,17530422,341,mRNA
53681,17530809,17531035,226,mRNA
53682,17538662,17538744,82,mRNA
53683,17538814,17538895,81,mRNA
53684,17539456,17539494,38,mRNA
53685,17539567,17539736,169,mRNA
53686,17540691,17540838,147,mRNA
53687,17540902,17541026,124,mRNA
53688,17541301,17541403,102,mRNA
53689,17541676,17541966,290,mRNA
53690,17543505,17543612,107,mRNA
53691,17543764,17544001,237,mRNA
53692,17544060,17544184,124,mRNA
53693,17544256,17544397,141,mRNA
53694,17544461,17544617,156,mRNA
53695,17544677,17544970,293,mRNA
53696,17545035,17545433,398,mRNA
53697,17545508,17546376,868,mRNA
53698,17530081,17530422,341,mRNA
53699,17530809,17531035,226,mRNA
53700,17538662,17538744,82,mRNA
53701,17538814,17538895,81,mRNA
53702,17539456,17539494,38,mRNA
53703,17539567,17539736,169,mRNA
53704,17540691,17540838,147,mRNA
53705,17540902,17541026,124,mRNA
53706,17541301,17541403,102,mRNA
53707,17542200,17542384,184,mRNA
53708,17542551,17542812,261,mRNA
53709,17543505,17543612,107,mRNA
53710,17543764,17544001,237,mRNA
53711,17544060,17544184,124,mRNA
53712,17544256,17544397,141,mRNA
53713,17544461,17544617,156,mRNA
53714,17544677,17544970,293,mRNA
53715,17545035,17545433,398,mRNA
53716,17545508,17546376,868,mRNA
53717,17530081,17530422,341,mRNA
53718,17530809,17531035,226,mRNA
53719,17538662,17538744,82,mRNA
53720,17538814,17538895,81,mRNA
53721,17539456,17539494,38,mRNA
53722,17539567,17539736,169,mRNA
53723,17540691,17540838,147,mRNA
53724,17540902,17541026,124,mRNA
53725,17541301,17541403,102,mRNA
53726,17542200,17542384,184,mRNA
53727,17542590,17542812,222,mRNA
53728,17542891,17542962,71,mRNA
53729,17543505,17543612,107,mRNA
53730,17543764,17544001,237,mRNA
53731,17544060,17544184,124,mRNA
53732,17544256,17544397,141,mRNA
53733,17544461,17544617,156,mRNA
53734,17544677,17544970,293,mRNA
53735,17545035,17545433,398,mRNA
53736,17545508,17546376,868,mRNA
53737,17530081,17530422,341,mRNA
53738,17530809,17531035,226,mRNA
53739,17538662,17538744,82,mRNA
53740,17538814,17538895,81,mRNA
53741,17539456,17539494,38,mRNA
53742,17539567,17539736,169,mRNA
53743,17540691,17540838,147,mRNA
53744,17540902,17541026,124,mRNA
53745,17541301,17541403,102,mRNA
53746,17543505,17543612,107,mRNA
53747,17543764,17544001,237,mRNA
53748,17544060,17544184,124,mRNA
53749,17544256,17544397,141,mRNA
53750,17544461,17544617,156,mRNA
53751,17544677,17544970,293,mRNA
53752,17545035,17545433,398,mRNA
53753,17545508,17546376,868,mRNA
53754,17530081,17530422,341,mRNA
53755,17530809,17531035,226,mRNA
53756,17538662,17538744,82,mRNA
53757,17538814,17538895,81,mRNA
53758,17539456,17539494,38,mRNA
53759,17539567,17539727,160,mRNA
53760,17540691,17540838,147,mRNA
53761,17540902,17541026,124,mRNA
53762,17541301,17541403,102,mRNA
53763,17542200,17542384,184,mRNA
53764,17542551,17542812,261,mRNA
53765,17543096,17543152,56,mRNA
53766,17543505,17543612,107,mRNA
53767,17543764,17544001,237,mRNA
53768,17544060,17544184,124,mRNA
53769,17544256,17544397,141,mRNA
53770,17544461,17544617,156,mRNA
53771,17544677,17544970,293,mRNA
53772,17545035,17545433,398,mRNA
53773,17545508,17546376,868,mRNA
53774,17530847,17531035,188,CDS
53775,17538662,17538744,82,CDS
53776,17538814,17538895,81,CDS
53777,17539456,17539494,38,CDS
53778,17539567,17539736,169,CDS
53779,17540688,17540838,150,CDS
53780,17540902,17541026,124,CDS
53781,17541310,17541403,93,CDS
53782,17542200,17542384,184,CDS
53783,17542551,17542812,261,CDS
53784,17542891,17542962,71,CDS
53785,17543505,17543612,107,CDS
53786,17543764,17544001,237,CDS
53787,17544060,17544184,124,CDS
53788,17544256,17544397,141,CDS
53789,17544461,17544617,156,CDS
53790,17544677,17544970,293,CDS
53791,17545035,17545433,398,CDS
53792,17545508,17545610,102,CDS
53793,17530847,17531035,188,CDS
53794,17538662,17538744,82,CDS
53795,17538814,17538895,81,CDS
53796,17539456,17539494,38,CDS
53797,17539567,17539736,169,CDS
53798,17540691,17540838,147,CDS
53799,17540902,17541026,124,CDS
53800,17541301,17541403,102,CDS
53801,17541676,17541966,290,CDS
53802,17543505,17543612,107,CDS
53803,17543764,17544001,237,CDS
53804,17544060,17544184,124,CDS
53805,17544256,17544397,141,CDS
53806,17544461,17544617,156,CDS
53807,17544677,17544970,293,CDS
53808,17545035,17545433,398,CDS
53809,17545508,17545610,102,CDS
53810,17530847,17531035,188,CDS
53811,17538662,17538744,82,CDS
53812,17538814,17538895,81,CDS
53813,17539456,17539494,38,CDS
53814,17539567,17539736,169,CDS
53815,17540691,17540838,147,CDS
53816,17540902,17541026,124,CDS
53817,17541301,17541403,102,CDS
53818,17542200,17542384,184,CDS
53819,17542551,17542812,261,CDS
53820,17542891,17542962,71,CDS
53821,17543505,17543612,107,CDS
53822,17543764,17544001,237,CDS
53823,17544060,17544184,124,CDS
53824,17544256,17544397,141,CDS
53825,17544461,17544617,156,CDS
53826,17544677,17544970,293,CDS
53827,17545035,17545433,398,CDS
53828,17545508,17545610,102,CDS
53829,17530847,17531035,188,CDS
53830,17538662,17538744,82,CDS
53831,17538814,17538895,81,CDS
53832,17539456,17539494,38,CDS
53833,17539567,17539736,169,CDS
53834,17540691,17540838,147,CDS
53835,17540902,17541026,124,CDS
53836,17541301,17541403,102,CDS
53837,17542200,17542384,184,CDS
53838,17542551,17542812,261,CDS
53839,17543505,17543612,107,CDS
53840,17543764,17544001,237,CDS
53841,17544060,17544184,124,CDS
53842,17544256,17544397,141,CDS
53843,17544461,17544617,156,CDS
53844,17544677,17544970,293,CDS
53845,17545035,17545433,398,CDS
53846,17545508,17545610,102,CDS
53847,17530847,17531035,188,CDS
53848,17538662,17538744,82,CDS
53849,17538814,17538895,81,CDS
53850,17539456,17539494,38,CDS
53851,17539567,17539736,169,CDS
53852,17540691,17540838,147,CDS
53853,17540902,17541026,124,CDS
53854,17541301,17541403,102,CDS
53855,17542200,17542384,184,CDS
53856,17542590,17542812,222,CDS
53857,17542891,17542962,71,CDS
53858,17543505,17543612,107,CDS
53859,17543764,17544001,237,CDS
53860,17544060,17544184,124,CDS
53861,17544256,17544397,141,CDS
53862,17544461,17544617,156,CDS
53863,17544677,17544970,293,CDS
53864,17545035,17545433,398,CDS
53865,17545508,17545610,102,CDS
53866,17530847,17531035,188,CDS
53867,17538662,17538744,82,CDS
53868,17538814,17538895,81,CDS
53869,17539456,17539494,38,CDS
53870,17539567,17539736,169,CDS
53871,17540691,17540838,147,CDS
53872,17540902,17541026,124,CDS
53873,17541301,17541403,102,CDS
53874,17543505,17543612,107,CDS
53875,17543764,17544001,237,CDS
53876,17544060,17544184,124,CDS
53877,17544256,17544397,141,CDS
53878,17544461,17544617,156,CDS
53879,17544677,17544970,293,CDS
53880,17545035,17545433,398,CDS
53881,17545508,17545610,102,CDS
53882,17530847,17531035,188,CDS
53883,17538662,17538744,82,CDS
53884,17538814,17538895,81,CDS
53885,17539456,17539494,38,CDS
53886,17539567,17539727,160,CDS
53887,17540691,17540838,147,CDS
53888,17540902,17541026,124,CDS
53889,17541301,17541403,102,CDS
53890,17542200,17542384,184,CDS
53891,17542551,17542812,261,CDS
53892,17543096,17543152,56,CDS
53893,17543505,17543612,107,CDS
53894,17543764,17544001,237,CDS
53895,17544060,17544184,124,CDS
53896,17544256,17544397,141,CDS
53897,17544461,17544617,156,CDS
53898,17544677,17544970,293,CDS
53899,17545035,17545433,398,CDS
53900,17545508,17545610,102,CDS
53901,17533506,17533648,142,mRNA
53902,17534351,17534562,211,mRNA
53903,17538662,17538744,82,mRNA
53904,17538814,17538895,81,mRNA
53905,17539456,17539494,38,mRNA
53906,17539567,17539736,169,mRNA
53907,17540691,17540838,147,mRNA
53908,17540902,17541026,124,mRNA
53909,17541301,17541403,102,mRNA
53910,17542200,17542384,184,mRNA
53911,17542590,17542812,222,mRNA
53912,17542891,17542962,71,mRNA
53913,17543505,17543612,107,mRNA
53914,17543764,17544001,237,mRNA
53915,17544060,17544184,124,mRNA
53916,17544256,17544397,141,mRNA
53917,17544461,17544617,156,mRNA
53918,17544677,17544970,293,mRNA
53919,17545035,17545433,398,mRNA
53920,17545508,17546376,868,mRNA
53921,17533751,17533849,98,mRNA
53922,17534351,17534562,211,mRNA
53923,17538662,17538744,82,mRNA
53924,17538814,17538895,81,mRNA
53925,17539456,17539494,38,mRNA
53926,17539567,17539727,160,mRNA
53927,17540691,17540838,147,mRNA
53928,17540902,17541026,124,mRNA
53929,17541301,17541403,102,mRNA
53930,17543505,17543612,107,mRNA
53931,17543764,17544001,237,mRNA
53932,17544060,17544184,124,mRNA
53933,17544256,17544397,141,mRNA
53934,17544461,17544617,156,mRNA
53935,17544677,17544970,293,mRNA
53936,17545035,17545433,398,mRNA
53937,17545508,17546376,868,mRNA
53938,17534488,17534562,74,CDS
53939,17538662,17538744,82,CDS
53940,17538814,17538895,81,CDS
53941,17539456,17539494,38,CDS
53942,17539567,17539736,169,CDS
53943,17540691,17540838,147,CDS
53944,17540902,17541026,124,CDS
53945,17541301,17541403,102,CDS
53946,17542200,17542384,184,CDS
53947,17542590,17542812,222,CDS
53948,17542891,17542962,71,CDS
53949,17543505,17543612,107,CDS
53950,17543764,17544001,237,CDS
53951,17544060,17544184,124,CDS
53952,17544256,17544397,141,CDS
53953,17544461,17544617,156,CDS
53954,17544677,17544970,293,CDS
53955,17545035,17545433,398,CDS
53956,17545508,17545610,102,CDS
53957,17534488,17534562,74,CDS
53958,17538662,17538744,82,CDS
53959,17538814,17538895,81,CDS
53960,17539456,17539494,38,CDS
53961,17539567,17539727,160,CDS
53962,17540691,17540838,147,CDS
53963,17540902,17541026,124,CDS
53964,17541301,17541403,102,CDS
53965,17543505,17543612,107,CDS
53966,17543764,17544001,237,CDS
53967,17544060,17544184,124,CDS
53968,17544256,17544397,141,CDS
53969,17544461,17544617,156,CDS
53970,17544677,17544970,293,CDS
53971,17545035,17545433,398,CDS
53972,17545508,17545610,102,CDS
53973,17548077,17549127,1050,gene
53974,17548874,17549127,253,mRNA
53975,17548550,17548812,262,mRNA
53976,17548077,17548462,385,mRNA
53977,17548874,17549112,238,CDS
53978,17548550,17548812,262,CDS
53979,17548149,17548462,313,CDS
53980,17549826,17550980,1154,gene
53981,17549826,17550980,1154,mRNA
53982,17549826,17550658,832,mRNA
53983,17549837,17550649,812,CDS
53984,17549837,17550649,812,CDS
53985,17551004,17557788,6784,gene
53986,17556496,17557788,1292,mRNA
53987,17556374,17556419,45,mRNA
53988,17554935,17555530,595,mRNA
53989,17551004,17554878,3874,mRNA
53990,17556496,17557788,1292,mRNA
53991,17556143,17556419,276,mRNA
53992,17554935,17555530,595,mRNA
53993,17551004,17554878,3874,mRNA
53994,17556496,17557788,1292,mRNA
53995,17556374,17556419,45,mRNA
53996,17554935,17555530,595,mRNA
53997,17552509,17554878,2369,mRNA
53998,17554935,17555831,896,mRNA
53999,17552509,17554878,2369,mRNA
54000,17556496,17557072,576,CDS
54001,17556374,17556419,45,CDS
54002,17554935,17555530,595,CDS
54003,17552804,17554878,2074,CDS
54004,17556496,17557072,576,CDS
54005,17556374,17556419,45,CDS
54006,17554935,17555530,595,CDS
54007,17552804,17554878,2074,CDS
54008,17554935,17555514,579,CDS
54009,17552804,17554878,2074,CDS
54010,17554935,17555514,579,CDS
54011,17552804,17554878,2074,CDS
54012,17558672,17619325,60653,gene
54013,17574793,17576320,1527,mRNA
54014,17565357,17565725,368,mRNA
54015,17564606,17564860,254,mRNA
54016,17558672,17562758,4086,mRNA
54017,17618651,17619325,674,mRNA
54018,17602675,17603383,708,mRNA
54019,17598821,17599433,612,mRNA
54020,17598187,17598468,281,mRNA
54021,17597460,17597967,507,mRNA
54022,17565357,17565725,368,mRNA
54023,17564606,17564860,254,mRNA
54024,17560158,17562758,2600,mRNA
54025,17618651,17619325,674,mRNA
54026,17602675,17603383,708,mRNA
54027,17598821,17599433,612,mRNA
54028,17598187,17598468,281,mRNA
54029,17597460,17597967,507,mRNA
54030,17565357,17565725,368,mRNA
54031,17564606,17564860,254,mRNA
54032,17560158,17562758,2600,mRNA
54033,17618651,17619325,674,mRNA
54034,17602675,17603383,708,mRNA
54035,17598821,17599433,612,mRNA
54036,17598187,17598468,281,mRNA
54037,17597460,17597967,507,mRNA
54038,17565357,17565725,368,mRNA
54039,17564606,17564860,254,mRNA
54040,17560158,17562758,2600,mRNA
54041,17574793,17576626,1833,mRNA
54042,17565357,17565725,368,mRNA
54043,17564606,17564860,254,mRNA
54044,17560158,17562758,2600,mRNA
54045,17598821,17599024,203,CDS
54046,17598187,17598468,281,CDS
54047,17597460,17597967,507,CDS
54048,17565357,17565725,368,CDS
54049,17564606,17564860,254,CDS
54050,17561770,17562758,988,CDS
54051,17598821,17598952,131,CDS
54052,17598187,17598468,281,CDS
54053,17597460,17597967,507,CDS
54054,17565357,17565725,368,CDS
54055,17564606,17564860,254,CDS
54056,17561770,17562758,988,CDS
54057,17598821,17598907,86,CDS
54058,17598187,17598468,281,CDS
54059,17597460,17597967,507,CDS
54060,17565357,17565725,368,CDS
54061,17564606,17564860,254,CDS
54062,17561770,17562758,988,CDS
54063,17574793,17575831,1038,CDS
54064,17565357,17565725,368,CDS
54065,17564606,17564860,254,CDS
54066,17561770,17562758,988,CDS
54067,17574793,17575831,1038,CDS
54068,17565357,17565725,368,CDS
54069,17564606,17564860,254,CDS
54070,17561770,17562758,988,CDS
54071,17566042,17566162,120,gene
54072,17566042,17566162,120,ncRNA
54073,17620123,17621625,1502,gene
54074,17621310,17621625,315,mRNA
54075,17621101,17621252,151,mRNA
54076,17620729,17620894,165,mRNA
54077,17620419,17620649,230,mRNA
54078,17620123,17620357,234,mRNA
54079,17621310,17621505,195,mRNA
54080,17621101,17621252,151,mRNA
54081,17620729,17620894,165,mRNA
54082,17620419,17620649,230,mRNA
54083,17620123,17620357,234,mRNA
54084,17621310,17621378,68,CDS
54085,17621101,17621252,151,CDS
54086,17620729,17620894,165,CDS
54087,17620419,17620649,230,CDS
54088,17620295,17620357,62,CDS
54089,17621310,17621378,68,CDS
54090,17621101,17621252,151,CDS
54091,17620729,17620894,165,CDS
54092,17620419,17620649,230,CDS
54093,17620295,17620357,62,CDS
54094,17621824,17630971,9147,gene
54095,17621824,17622493,669,mRNA
54096,17626108,17626397,289,mRNA
54097,17626493,17626632,139,mRNA
54098,17626693,17627024,331,mRNA
54099,17627087,17627252,165,mRNA
54100,17627315,17627554,239,mRNA
54101,17627613,17627804,191,mRNA
54102,17627865,17628018,153,mRNA
54103,17628279,17628371,92,mRNA
54104,17628427,17628799,372,mRNA
54105,17628860,17629234,374,mRNA
54106,17629290,17629415,125,mRNA
54107,17629785,17630971,1186,mRNA
54108,17621824,17622493,669,mRNA
54109,17626108,17626397,289,mRNA
54110,17626493,17626632,139,mRNA
54111,17626693,17627024,331,mRNA
54112,17627087,17627252,165,mRNA
54113,17627315,17627554,239,mRNA
54114,17627613,17627804,191,mRNA
54115,17627865,17628018,153,mRNA
54116,17628279,17628347,68,mRNA
54117,17628427,17628799,372,mRNA
54118,17628860,17629234,374,mRNA
54119,17629290,17629415,125,mRNA
54120,17629785,17630480,695,mRNA
54121,17622303,17622493,190,CDS
54122,17626108,17626397,289,CDS
54123,17626493,17626632,139,CDS
54124,17626693,17627024,331,CDS
54125,17627087,17627252,165,CDS
54126,17627315,17627554,239,CDS
54127,17627613,17627804,191,CDS
54128,17627865,17628018,153,CDS
54129,17628279,17628371,92,CDS
54130,17628427,17628799,372,CDS
54131,17628860,17629234,374,CDS
54132,17629290,17629415,125,CDS
54133,17629785,17629986,201,CDS
54134,17622303,17622493,190,CDS
54135,17626108,17626397,289,CDS
54136,17626493,17626632,139,CDS
54137,17626693,17627024,331,CDS
54138,17627087,17627252,165,CDS
54139,17627315,17627554,239,CDS
54140,17627613,17627804,191,CDS
54141,17627865,17628018,153,CDS
54142,17628279,17628347,68,CDS
54143,17628427,17628799,372,CDS
54144,17628860,17629234,374,CDS
54145,17629290,17629415,125,CDS
54146,17629785,17629986,201,CDS
54147,17628057,17628203,146,gene
54148,17628057,17628203,146,ncRNA
54149,17631390,17632253,863,gene
54150,17631390,17632253,863,ncRNA
54151,17633040,17633317,277,gene
54152,17633040,17633317,277,ncRNA
54153,17633449,17638001,4552,gene
54154,17633449,17633945,496,mRNA
54155,17636319,17636535,216,mRNA
54156,17636693,17636885,192,mRNA
54157,17636946,17637301,355,mRNA
54158,17637443,17638001,558,mRNA
54159,17633449,17633945,496,mRNA
54160,17636319,17636535,216,mRNA
54161,17636693,17636885,192,mRNA
54162,17636946,17637301,355,mRNA
54163,17637443,17637875,432,mRNA
54164,17633740,17633945,205,CDS
54165,17636319,17636535,216,CDS
54166,17636693,17636885,192,CDS
54167,17636946,17637301,355,CDS
54168,17637443,17637709,266,CDS
54169,17633740,17633945,205,CDS
54170,17636319,17636535,216,CDS
54171,17636693,17636885,192,CDS
54172,17636946,17637301,355,CDS
54173,17637443,17637709,266,CDS
54174,17638103,17645036,6933,gene
54175,17644949,17645036,87,mRNA
54176,17643363,17643719,356,mRNA
54177,17641026,17641255,229,mRNA
54178,17638103,17640053,1950,mRNA
54179,17644891,17645036,145,mRNA
54180,17643363,17643726,363,mRNA
54181,17641026,17641255,229,mRNA
54182,17638103,17640053,1950,mRNA
54183,17644891,17645036,145,mRNA
54184,17643979,17644079,100,mRNA
54185,17643363,17643726,363,mRNA
54186,17641026,17641255,229,mRNA
54187,17638103,17640053,1950,mRNA
54188,17644891,17645036,145,mRNA
54189,17643363,17643726,363,mRNA
54190,17638118,17640053,1935,mRNA
54191,17643979,17643986,7,CDS
54192,17643363,17643726,363,CDS
54193,17641026,17641255,229,CDS
54194,17638505,17640053,1548,CDS
54195,17643363,17643665,302,CDS
54196,17641026,17641255,229,CDS
54197,17638505,17640053,1548,CDS
54198,17643363,17643665,302,CDS
54199,17641026,17641255,229,CDS
54200,17638505,17640053,1548,CDS
54201,17643363,17643665,302,CDS
54202,17640027,17640053,26,CDS
54203,17645486,17646737,1251,gene
54204,17646381,17646737,356,mRNA
54205,17645486,17646321,835,mRNA
54206,17646381,17646469,88,mRNA
54207,17645486,17646321,835,mRNA
54208,17646381,17646440,59,CDS
54209,17645614,17646321,707,CDS
54210,17646381,17646440,59,CDS
54211,17645614,17646321,707,CDS
54212,17647442,17654280,6838,gene
54213,17653992,17654280,288,mRNA
54214,17647442,17649246,1804,mRNA
54215,17648441,17649244,803,CDS
54216,17649562,17654280,4718,gene
54217,17653992,17654280,288,mRNA
54218,17649562,17650626,1064,mRNA
54219,17649879,17650532,653,CDS
54220,17654617,17655645,1028,gene
54221,17654617,17654726,109,mRNA
54222,17654782,17654900,118,mRNA
54223,17655218,17655645,427,mRNA
54224,17654688,17654726,38,CDS
54225,17654782,17654900,118,CDS
54226,17655218,17655596,378,CDS
54227,17659818,17669234,9416,gene
54228,17668107,17669234,1127,mRNA
54229,17659818,17664646,4828,mRNA
54230,17668107,17669234,1127,mRNA
54231,17659818,17664646,4828,mRNA
54232,17668107,17669234,1127,mRNA
54233,17661628,17664646,3018,mRNA
54234,17661950,17664619,2669,CDS
54235,17662226,17664619,2393,CDS
54236,17662226,17664619,2393,CDS
54237,17668588,17668730,142,gene
54238,17668588,17668730,142,ncRNA
54239,17671622,17683581,11959,gene
54240,17671622,17671677,55,mRNA
54241,17673651,17673837,186,mRNA
54242,17677402,17677574,172,mRNA
54243,17682939,17683581,642,mRNA
54244,17671796,17672011,215,mRNA
54245,17673651,17673837,186,mRNA
54246,17677402,17677574,172,mRNA
54247,17682939,17683166,227,mRNA
54248,17673657,17673837,180,CDS
54249,17677402,17677574,172,CDS
54250,17682939,17683142,203,CDS
54251,17673657,17673837,180,CDS
54252,17677402,17677574,172,CDS
54253,17682939,17683142,203,CDS
54254,17690015,17748839,58824,gene
54255,17690015,17690475,460,mRNA
54256,17711058,17711143,85,mRNA
54257,17715967,17716062,95,mRNA
54258,17716164,17716185,21,mRNA
54259,17721809,17721888,79,mRNA
54260,17723141,17723285,144,mRNA
54261,17729584,17729873,289,mRNA
54262,17730189,17730341,152,mRNA
54263,17738639,17738926,287,mRNA
54264,17747683,17748839,1156,mRNA
54265,17696391,17696967,576,gene
54266,17696391,17696967,576,ncRNA
54267,17698327,17698838,511,mobile_element
54268,17700473,17700518,45,mobile_element
54269,17715970,17716062,92,CDS
54270,17716164,17716185,21,CDS
54271,17721809,17721888,79,CDS
54272,17723141,17723285,144,CDS
54273,17729584,17729873,289,CDS
54274,17730189,17730341,152,CDS
54275,17738639,17738926,287,CDS
54276,17747683,17748024,341,CDS
54277,17719193,17719854,661,gene
54278,17719420,17719854,434,mRNA
54279,17719193,17719366,173,mRNA
54280,17719420,17719854,434,CDS
54281,17719193,17719366,173,CDS
54282,17723718,17729244,5526,gene
54283,17724176,17729244,5068,mRNA
54284,17723718,17723752,34,mRNA
54285,17724176,17729244,5068,CDS
54286,17723719,17723752,33,CDS
54287,17730906,17738178,7272,mobile_element
54288,17730906,17731510,604,mobile_element
54289,17731511,17737054,5543,mobile_element
54290,17737055,17738178,1123,mobile_element
54291,17740540,17742540,2000,gene
54292,17740540,17742540,2000,mRNA
54293,17740727,17742540,1813,mRNA
54294,17740825,17742285,1460,CDS
54295,17740825,17742285,1460,CDS
54296,17745173,17746860,1687,gene
54297,17745173,17746860,1687,mRNA
54298,17745373,17746812,1439,CDS
54299,17748833,17750588,1755,gene
54300,17749531,17750588,1057,mRNA
54301,17748833,17749468,635,mRNA
54302,17749531,17750493,962,CDS
54303,17748869,17749468,599,CDS
54304,17751731,17764158,12427,gene
54305,17764062,17764158,96,mRNA
54306,17753467,17754421,954,mRNA
54307,17753135,17753317,182,mRNA
54308,17751731,17753079,1348,mRNA
54309,17764062,17764158,96,mRNA
54310,17753467,17754425,958,mRNA
54311,17753135,17753317,182,mRNA
54312,17751731,17753079,1348,mRNA
54313,17753467,17754318,851,CDS
54314,17753135,17753317,182,CDS
54315,17752453,17753079,626,CDS
54316,17753467,17754318,851,CDS
54317,17753135,17753317,182,CDS
54318,17752453,17753079,626,CDS
54319,17754936,17764158,9222,gene
54320,17764062,17764158,96,mRNA
54321,17755944,17756819,875,mRNA
54322,17755633,17755815,182,mRNA
54323,17754936,17755573,637,mRNA
54324,17764062,17764158,96,mRNA
54325,17755944,17756825,881,mRNA
54326,17755633,17755815,182,mRNA
54327,17754936,17755573,637,mRNA
54328,17755944,17756936,992,mRNA
54329,17755633,17755815,182,mRNA
54330,17754936,17755573,637,mRNA
54331,17755944,17756840,896,CDS
54332,17755633,17755815,182,CDS
54333,17754968,17755573,605,CDS
54334,17755944,17756783,839,CDS
54335,17755633,17755815,182,CDS
54336,17754968,17755573,605,CDS
54337,17755944,17756783,839,CDS
54338,17755633,17755815,182,CDS
54339,17754968,17755573,605,CDS
54340,17758112,17759553,1441,gene
54341,17758112,17759553,1441,mRNA
54342,17758165,17759424,1259,CDS
54343,17759697,17762904,3207,gene
54344,17759697,17759882,185,mRNA
54345,17759968,17760241,273,mRNA
54346,17760314,17760346,32,mRNA
54347,17760401,17760574,173,mRNA
54348,17760628,17760660,32,mRNA
54349,17760721,17760975,254,mRNA
54350,17761034,17761141,107,mRNA
54351,17761202,17761261,59,mRNA
54352,17761361,17761456,95,mRNA
54353,17761595,17761846,251,mRNA
54354,17761899,17761971,72,mRNA
54355,17762038,17762465,427,mRNA
54356,17762601,17762904,303,mRNA
54357,17760146,17760241,95,CDS
54358,17760314,17760346,32,CDS
54359,17760401,17760574,173,CDS
54360,17760628,17760660,32,CDS
54361,17760721,17760975,254,CDS
54362,17761034,17761141,107,CDS
54363,17761202,17761261,59,CDS
54364,17761361,17761456,95,CDS
54365,17761595,17761846,251,CDS
54366,17761899,17761971,72,CDS
54367,17762038,17762465,427,CDS
54368,17762601,17762705,104,CDS
54369,17784788,17785284,496,gene
54370,17784788,17785284,496,ncRNA
54371,17791079,17791486,407,gene
54372,17791079,17791486,407,mRNA
54373,17791156,17791461,305,CDS
54374,17792088,17797594,5506,gene
54375,17797443,17797594,151,mRNA
54376,17796889,17797378,489,mRNA
54377,17795613,17796827,1214,mRNA
54378,17794828,17795460,632,mRNA
54379,17793938,17794772,834,mRNA
54380,17793613,17793870,257,mRNA
54381,17793253,17793541,288,mRNA
54382,17792880,17793189,309,mRNA
54383,17792484,17792809,325,mRNA
54384,17792363,17792428,65,mRNA
54385,17792088,17792290,202,mRNA
54386,17796889,17797140,251,CDS
54387,17795613,17796827,1214,CDS
54388,17794828,17795460,632,CDS
54389,17793938,17794772,834,CDS
54390,17793613,17793870,257,CDS
54391,17793253,17793541,288,CDS
54392,17792880,17793189,309,CDS
54393,17792484,17792809,325,CDS
54394,17792363,17792428,65,CDS
54395,17792095,17792290,195,CDS
54396,17797738,17802279,4541,gene
54397,17801892,17802279,387,mRNA
54398,17797738,17799552,1814,mRNA
54399,17801892,17802134,242,CDS
54400,17798086,17799552,1466,CDS
54401,17799864,17801595,1731,mobile_element
54402,17802490,17804715,2225,gene
54403,17804602,17804715,113,mRNA
54404,17803173,17804548,1375,mRNA
54405,17802490,17803111,621,mRNA
54406,17804602,17804664,62,CDS
54407,17803173,17804548,1375,CDS
54408,17802766,17803111,345,CDS
54409,17804916,17806365,1449,gene
54410,17805964,17806365,401,mRNA
54411,17804916,17805839,923,mRNA
54412,17805964,17806293,329,CDS
54413,17804940,17805839,899,CDS
54414,17806451,17809146,2695,gene
54415,17808637,17809146,509,mRNA
54416,17808420,17808579,159,mRNA
54417,17807842,17808330,488,mRNA
54418,17806876,17807772,896,mRNA
54419,17806451,17806813,362,mRNA
54420,17808637,17808804,167,mRNA
54421,17808420,17808579,159,mRNA
54422,17807842,17808330,488,mRNA
54423,17806876,17807772,896,mRNA
54424,17806451,17806813,362,mRNA
54425,17808637,17808747,110,CDS
54426,17808420,17808579,159,CDS
54427,17807842,17808330,488,CDS
54428,17806876,17807772,896,CDS
54429,17806776,17806813,37,CDS
54430,17808637,17808747,110,CDS
54431,17808420,17808579,159,CDS
54432,17807842,17808330,488,CDS
54433,17806876,17807772,896,CDS
54434,17806776,17806813,37,CDS
54435,17809231,17814119,4888,gene
54436,17814060,17814119,59,mRNA
54437,17810786,17810999,213,mRNA
54438,17810583,17810713,130,mRNA
54439,17810336,17810494,158,mRNA
54440,17809937,17810276,339,mRNA
54441,17809231,17809879,648,mRNA
54442,17812796,17812891,95,mRNA
54443,17810786,17810999,213,mRNA
54444,17810583,17810713,130,mRNA
54445,17810336,17810494,158,mRNA
54446,17809937,17810276,339,mRNA
54447,17809231,17809879,648,mRNA
54448,17810786,17810989,203,CDS
54449,17810583,17810713,130,CDS
54450,17810336,17810494,158,CDS
54451,17809937,17810276,339,CDS
54452,17809445,17809879,434,CDS
54453,17810786,17810989,203,CDS
54454,17810583,17810713,130,CDS
54455,17810336,17810494,158,CDS
54456,17809937,17810276,339,CDS
54457,17809445,17809879,434,CDS
54458,17815570,17817921,2351,gene
54459,17817825,17817921,96,mRNA
54460,17817580,17817764,184,mRNA
54461,17817184,17817523,339,mRNA
54462,17816986,17817133,147,mRNA
54463,17816323,17816935,612,mRNA
54464,17815985,17816265,280,mRNA
54465,17815570,17815887,317,mRNA
54466,17817825,17817921,96,CDS
54467,17817580,17817764,184,CDS
54468,17817184,17817523,339,CDS
54469,17816986,17817133,147,CDS
54470,17816323,17816935,612,CDS
54471,17815985,17816265,280,CDS
54472,17815662,17815887,225,CDS
54473,17818073,17820193,2120,gene
54474,17820115,17820193,78,mRNA
54475,17819880,17820046,166,mRNA
54476,17819479,17819820,341,mRNA
54477,17819287,17819423,136,mRNA
54478,17818349,17819230,881,mRNA
54479,17818073,17818283,210,mRNA
54480,17820115,17820193,78,CDS
54481,17819880,17820046,166,CDS
54482,17819479,17819820,341,CDS
54483,17819287,17819423,136,CDS
54484,17818349,17819230,881,CDS
54485,17818073,17818283,210,CDS
54486,17820493,17822834,2341,gene
54487,17822741,17822834,93,mRNA
54488,17822514,17822689,175,mRNA
54489,17822034,17822372,338,mRNA
54490,17821844,17821980,136,mRNA
54491,17821172,17821778,606,mRNA
54492,17820493,17821011,518,mRNA
54493,17822741,17822834,93,CDS
54494,17822514,17822689,175,CDS
54495,17822034,17822372,338,CDS
54496,17821844,17821980,136,CDS
54497,17821172,17821778,606,CDS
54498,17820493,17821011,518,CDS
54499,17823333,17839767,16434,gene
54500,17823333,17823500,167,mRNA
54501,17828562,17829701,1139,mRNA
54502,17831122,17831189,67,mRNA
54503,17831559,17831862,303,mRNA
54504,17837278,17837643,365,mRNA
54505,17837743,17839767,2024,mRNA
54506,17829314,17829701,387,CDS
54507,17831122,17831189,67,CDS
54508,17831559,17831862,303,CDS
54509,17837278,17837643,365,CDS
54510,17837743,17838677,934,CDS
54511,17833277,17833625,348,gene
54512,17833277,17833625,348,mRNA
54513,17833277,17833594,317,CDS
54514,17834612,17834730,118,mobile_element
54515,17834745,17835174,429,gene
54516,17834745,17835174,429,mRNA
54517,17834824,17835141,317,CDS
54518,17835839,17836181,342,mobile_element
54519,17838650,17841427,2777,gene
54520,17841287,17841427,140,mRNA
54521,17840036,17840723,687,mRNA
54522,17838650,17839982,1332,mRNA
54523,17841287,17841427,140,mRNA
54524,17840036,17840723,687,mRNA
54525,17839791,17839982,191,mRNA
54526,17841287,17841383,96,CDS
54527,17840036,17840723,687,CDS
54528,17839820,17839982,162,CDS
54529,17841287,17841383,96,CDS
54530,17840036,17840723,687,CDS
54531,17839820,17839982,162,CDS
54532,17841540,17843544,2004,gene
54533,17843275,17843544,269,mRNA
54534,17841540,17842557,1017,mRNA
54535,17841671,17842599,928,gene
54536,17841671,17842301,630,ncRNA
54537,17842358,17842599,241,ncRNA
54538,17843275,17843416,141,CDS
54539,17841707,17842557,850,CDS
54540,17843725,17846501,2776,gene
54541,17845754,17846501,747,mRNA
54542,17844780,17844894,114,mRNA
54543,17843725,17844714,989,mRNA
54544,17845754,17846501,747,mRNA
54545,17844780,17844894,114,mRNA
54546,17843815,17844714,899,mRNA
54547,17845754,17846191,437,CDS
54548,17844780,17844894,114,CDS
54549,17844254,17844714,460,CDS
54550,17845754,17846191,437,CDS
54551,17844780,17844894,114,CDS
54552,17844254,17844714,460,CDS
54553,17846916,17849601,2685,gene
54554,17846916,17847238,322,mRNA
54555,17847547,17848074,527,mRNA
54556,17848138,17849016,878,mRNA
54557,17849080,17849601,521,mRNA
54558,17847036,17847238,202,mRNA
54559,17847547,17848074,527,mRNA
54560,17848138,17849016,878,mRNA
54561,17849080,17849372,292,mRNA
54562,17847197,17847238,41,CDS
54563,17847547,17848074,527,CDS
54564,17848138,17849016,878,CDS
54565,17849080,17849145,65,CDS
54566,17847197,17847238,41,CDS
54567,17847547,17848074,527,CDS
54568,17848138,17849016,878,CDS
54569,17849080,17849145,65,CDS
54570,17849727,17852453,2726,gene
54571,17849727,17850098,371,mRNA
54572,17850161,17850588,427,mRNA
54573,17850777,17852453,1676,mRNA
54574,17849727,17850098,371,mRNA
54575,17850161,17850588,427,mRNA
54576,17850777,17852189,1412,mRNA
54577,17849880,17850098,218,CDS
54578,17850161,17850588,427,CDS
54579,17850777,17852127,1350,CDS
54580,17849880,17850098,218,CDS
54581,17850161,17850588,427,CDS
54582,17850777,17852127,1350,CDS
54583,17852624,17856794,4170,gene
54584,17856646,17856794,148,mRNA
54585,17854340,17854707,367,mRNA
54586,17854009,17854269,260,mRNA
54587,17853169,17853954,785,mRNA
54588,17852624,17853099,475,mRNA
54589,17855433,17855688,255,mRNA
54590,17854340,17854707,367,mRNA
54591,17854009,17854269,260,mRNA
54592,17853169,17853954,785,mRNA
54593,17852624,17853099,475,mRNA
54594,17856646,17856671,25,CDS
54595,17854340,17854707,367,CDS
54596,17854009,17854269,260,CDS
54597,17853169,17853954,785,CDS
54598,17852648,17853099,451,CDS
54599,17854340,17854706,366,CDS
54600,17854009,17854269,260,CDS
54601,17853169,17853954,785,CDS
54602,17852648,17853099,451,CDS
54603,17858474,17860482,2008,gene
54604,17858474,17858620,146,mRNA
54605,17859410,17859801,391,mRNA
54606,17859874,17860482,608,mRNA
54607,17858474,17858620,146,CDS
54608,17859410,17859801,391,CDS
54609,17859874,17860387,513,CDS
54610,17858895,17859394,499,mobile_element
54611,17860914,17861259,345,mobile_element
54612,17861269,17861333,64,mobile_element
54613,17861744,17861819,75,mobile_element
54614,17861829,17863485,1656,mobile_element
54615,17863843,17868557,4714,mobile_element
54616,17868740,17870573,1833,gene
54617,17868740,17868867,127,exon
54618,17869141,17869600,459,mobile_element
54619,17869616,17870007,391,exon
54620,17870079,17870573,494,exon
54621,17871251,17874018,2767,mobile_element
54622,17871336,17873086,1750,mobile_element
54623,17872681,17873086,405,mobile_element
54624,17874715,17876573,1858,gene
54625,17874715,17874842,127,exon
54626,17875116,17875615,499,mobile_element
54627,17875631,17876022,391,exon
54628,17876095,17876573,478,exon
54629,17879096,17883653,4557,gene
54630,17879096,17879248,152,mRNA
54631,17879878,17880064,186,mRNA
54632,17880130,17880297,167,mRNA
54633,17880353,17880512,159,mRNA
54634,17880582,17880808,226,mRNA
54635,17881048,17881470,422,mRNA
54636,17881801,17883653,1852,mRNA
54637,17879096,17879248,152,mRNA
54638,17879950,17880064,114,mRNA
54639,17880130,17880297,167,mRNA
54640,17880353,17880512,159,mRNA
54641,17880582,17880808,226,mRNA
54642,17881048,17881470,422,mRNA
54643,17881801,17883653,1852,mRNA
54644,17879096,17879248,152,mRNA
54645,17879977,17880064,87,mRNA
54646,17880130,17880297,167,mRNA
54647,17880353,17880512,159,mRNA
54648,17880582,17880808,226,mRNA
54649,17881048,17881470,422,mRNA
54650,17881801,17882682,881,mRNA
54651,17880163,17880297,134,CDS
54652,17880353,17880512,159,CDS
54653,17880582,17880808,226,CDS
54654,17881048,17881470,422,CDS
54655,17881801,17882613,812,CDS
54656,17880163,17880297,134,CDS
54657,17880353,17880512,159,CDS
54658,17880582,17880808,226,CDS
54659,17881048,17881470,422,CDS
54660,17881801,17882613,812,CDS
54661,17880163,17880297,134,CDS
54662,17880353,17880512,159,CDS
54663,17880582,17880808,226,CDS
54664,17881048,17881470,422,CDS
54665,17881801,17882613,812,CDS
54666,17883649,17884376,727,gene
54667,17884279,17884376,97,mRNA
54668,17883649,17884211,562,mRNA
54669,17884279,17884345,66,CDS
54670,17883736,17884211,475,CDS
54671,17885254,17885528,274,gene
54672,17885254,17885418,164,exon
54673,17885457,17885528,71,exon
54674,17885580,17885754,174,mobile_element
54675,17885948,17886645,697,gene
54676,17885948,17886645,697,mRNA
54677,17886066,17886641,575,CDS
54678,17887705,17891404,3699,gene
54679,17887705,17887790,85,mRNA
54680,17889331,17889462,131,mRNA
54681,17889527,17889686,159,mRNA
54682,17889746,17890231,485,mRNA
54683,17890307,17890464,157,mRNA
54684,17890533,17891404,871,mRNA
54685,17889349,17889462,113,CDS
54686,17889527,17889686,159,CDS
54687,17889746,17890231,485,CDS
54688,17890307,17890464,157,CDS
54689,17890533,17891354,821,CDS
54690,17891820,17895862,4042,gene
54691,17895766,17895862,96,mRNA
54692,17895031,17895212,181,mRNA
54693,17893300,17893386,86,mRNA
54694,17893031,17893222,191,mRNA
54695,17892717,17892812,95,mRNA
54696,17892357,17892653,296,mRNA
54697,17891820,17892282,462,mRNA
54698,17895766,17895862,96,mRNA
54699,17895031,17895212,181,mRNA
54700,17893452,17893556,104,mRNA
54701,17893300,17893386,86,mRNA
54702,17893031,17893222,191,mRNA
54703,17892717,17892812,95,mRNA
54704,17892357,17892653,296,mRNA
54705,17891820,17892282,462,mRNA
54706,17893300,17893377,77,CDS
54707,17893031,17893222,191,CDS
54708,17892717,17892812,95,CDS
54709,17892357,17892653,296,CDS
54710,17892235,17892282,47,CDS
54711,17893300,17893377,77,CDS
54712,17893031,17893222,191,CDS
54713,17892717,17892812,95,CDS
54714,17892357,17892653,296,CDS
54715,17892235,17892282,47,CDS
54716,17898889,17907812,8923,gene
54717,17907232,17907812,580,mRNA
54718,17901728,17902116,388,mRNA
54719,17900958,17901663,705,mRNA
54720,17900158,17900901,743,mRNA
54721,17899943,17900091,148,mRNA
54722,17898889,17899872,983,mRNA
54723,17901728,17901753,25,CDS
54724,17900958,17901663,705,CDS
54725,17900158,17900901,743,CDS
54726,17899943,17900091,148,CDS
54727,17899269,17899872,603,CDS
54728,17908143,17909683,1540,gene
54729,17908143,17908528,385,mRNA
54730,17908585,17909683,1098,mRNA
54731,17908254,17908528,274,CDS
54732,17908585,17909437,852,CDS
54733,17909483,17912565,3082,gene
54734,17912248,17912565,317,mRNA
54735,17911826,17912196,370,mRNA
54736,17911269,17911771,502,mRNA
54737,17909483,17911207,1724,mRNA
54738,17912248,17912311,63,CDS
54739,17911826,17912196,370,CDS
54740,17911269,17911771,502,CDS
54741,17909749,17911207,1458,CDS
54742,17915868,17916008,140,mobile_element
54743,17918427,17921174,2747,mobile_element
54744,17934032,17946114,12082,gene
54745,17934032,17934345,313,ncRNA
54746,17945337,17946114,777,ncRNA
54747,17934032,17934345,313,ncRNA
54748,17934744,17935572,828,ncRNA
54749,17947192,17947700,508,gene
54750,17947192,17947700,508,ncRNA
54751,17950953,18064696,113743,gene
54752,18064511,18064696,185,mRNA
54753,18060422,18060854,432,mRNA
54754,18058237,18060274,2037,mRNA
54755,17992908,17992996,88,mRNA
54756,17969363,17969507,144,mRNA
54757,17959382,17959620,238,mRNA
54758,17955215,17956223,1008,mRNA
54759,17950953,17955049,4096,mRNA
54760,17998423,17999821,1398,mRNA
54761,17992908,17992996,88,mRNA
54762,17969363,17969507,144,mRNA
54763,17959382,17959620,238,mRNA
54764,17955215,17956223,1008,mRNA
54765,17952162,17955049,2887,mRNA
54766,17969644,17971439,1795,mRNA
54767,17969363,17969507,144,mRNA
54768,17959382,17959620,238,mRNA
54769,17955215,17956223,1008,mRNA
54770,17952162,17955049,2887,mRNA
54771,18060946,18061453,507,mRNA
54772,18060422,18060550,128,mRNA
54773,18058237,18060274,2037,mRNA
54774,17992908,17992996,88,mRNA
54775,17969363,17969507,144,mRNA
54776,17959382,17959620,238,mRNA
54777,17955215,17956223,1008,mRNA
54778,17953358,17955049,1691,mRNA
54779,18058237,18059598,1361,mRNA
54780,17992908,17992996,88,mRNA
54781,17969363,17969507,144,mRNA
54782,17959382,17959620,238,mRNA
54783,17955215,17956223,1008,mRNA
54784,17953358,17955049,1691,mRNA
54785,18025331,18026032,701,mRNA
54786,17992908,17992996,88,mRNA
54787,17969363,17969507,144,mRNA
54788,17959382,17959620,238,mRNA
54789,17955215,17956223,1008,mRNA
54790,17953358,17955049,1691,mRNA
54791,17961005,17961814,809,mRNA
54792,17959382,17959620,238,mRNA
54793,17955215,17956223,1008,mRNA
54794,17953358,17955049,1691,mRNA
54795,18058237,18059584,1347,CDS
54796,17992908,17992996,88,CDS
54797,17969363,17969507,144,CDS
54798,17959382,17959620,238,CDS
54799,17955215,17956223,1008,CDS
54800,17953641,17955049,1408,CDS
54801,18058237,18059584,1347,CDS
54802,17992908,17992996,88,CDS
54803,17969363,17969507,144,CDS
54804,17959382,17959620,238,CDS
54805,17955215,17956223,1008,CDS
54806,17953641,17955049,1408,CDS
54807,18058237,18059584,1347,CDS
54808,17992908,17992996,88,CDS
54809,17969363,17969507,144,CDS
54810,17959382,17959620,238,CDS
54811,17955215,17956223,1008,CDS
54812,17953641,17955049,1408,CDS
54813,18025331,18025415,84,CDS
54814,17992908,17992996,88,CDS
54815,17969363,17969507,144,CDS
54816,17959382,17959620,238,CDS
54817,17955215,17956223,1008,CDS
54818,17953641,17955049,1408,CDS
54819,17998423,17999131,708,CDS
54820,17992908,17992996,88,CDS
54821,17969363,17969507,144,CDS
54822,17959382,17959620,238,CDS
54823,17955215,17956223,1008,CDS
54824,17953641,17955049,1408,CDS
54825,17969644,17970909,1265,CDS
54826,17969363,17969507,144,CDS
54827,17959382,17959620,238,CDS
54828,17955215,17956223,1008,CDS
54829,17953641,17955049,1408,CDS
54830,17961005,17961068,63,CDS
54831,17959382,17959620,238,CDS
54832,17955215,17956223,1008,CDS
54833,17953641,17955049,1408,CDS
54834,17981321,17981841,520,gene
54835,17981321,17981841,520,ncRNA
54836,18002978,18003078,100,gene
54837,18002978,18003078,100,ncRNA
54838,18037723,18038280,557,gene
54839,18037723,18038280,557,ncRNA
54840,18040317,18041738,1421,gene
54841,18040317,18040689,372,mRNA
54842,18040763,18040844,81,mRNA
54843,18040928,18041125,197,mRNA
54844,18041184,18041329,145,mRNA
54845,18041546,18041738,192,mRNA
54846,18040317,18040689,372,mRNA
54847,18040772,18040844,72,mRNA
54848,18040928,18041125,197,mRNA
54849,18041184,18041329,145,mRNA
54850,18041546,18041738,192,mRNA
54851,18040420,18040689,269,CDS
54852,18040763,18040844,81,CDS
54853,18040928,18040986,58,CDS
54854,18040420,18040689,269,CDS
54855,18040772,18040844,72,CDS
54856,18040928,18040986,58,CDS
54857,18042733,18044214,1481,gene
54858,18042733,18043110,377,mRNA
54859,18043186,18043267,81,mRNA
54860,18043331,18043678,347,mRNA
54861,18043734,18043870,136,mRNA
54862,18044018,18044214,196,mRNA
54863,18042844,18043110,266,CDS
54864,18043186,18043267,81,CDS
54865,18043331,18043389,58,CDS
54866,18047763,18056761,8998,mobile_element
54867,18068728,18070150,1422,gene
54868,18069617,18070150,533,mRNA
54869,18068924,18069486,562,mRNA
54870,18068728,18068870,142,mRNA
54871,18069617,18070115,498,CDS
54872,18068924,18069486,562,CDS
54873,18068808,18068870,62,CDS
54874,18070300,18072123,1823,gene
54875,18071577,18072123,546,mRNA
54876,18070660,18071222,562,mRNA
54877,18070300,18070595,295,mRNA
54878,18071577,18072123,546,mRNA
54879,18070660,18071222,562,mRNA
54880,18070459,18070595,136,mRNA
54881,18071577,18072069,492,CDS
54882,18070660,18071222,562,CDS
54883,18070539,18070595,56,CDS
54884,18071577,18072069,492,CDS
54885,18070660,18071222,562,CDS
54886,18070539,18070595,56,CDS
54887,18072362,18073863,1501,gene
54888,18073334,18073863,529,mRNA
54889,18072629,18073185,556,mRNA
54890,18072362,18072576,214,mRNA
54891,18073334,18073863,529,mRNA
54892,18072629,18073185,556,mRNA
54893,18072460,18072576,116,mRNA
54894,18073334,18073829,495,CDS
54895,18072629,18073185,556,CDS
54896,18072523,18072576,53,CDS
54897,18073334,18073829,495,CDS
54898,18072629,18073185,556,CDS
54899,18072523,18072576,53,CDS
54900,18074504,18075084,580,gene
54901,18074504,18075084,580,exon
54902,18077581,18078103,522,gene
54903,18077581,18078103,522,ncRNA
54904,18081121,18085310,4189,gene
54905,18085017,18085310,293,ncRNA
54906,18084817,18084926,109,ncRNA
54907,18081121,18081544,423,ncRNA
54908,18085305,18087058,1753,gene
54909,18087037,18087058,21,ncRNA
54910,18085305,18086961,1656,ncRNA
54911,18086674,18087320,646,gene
54912,18087125,18087320,195,mRNA
54913,18086674,18086961,287,mRNA
54914,18087125,18087197,72,CDS
54915,18086696,18086961,265,CDS
54916,18087749,18088077,328,mobile_element
54917,18088417,18106149,17732,gene
54918,18105581,18106149,568,mRNA
54919,18099401,18099486,85,mRNA
54920,18090448,18090610,162,mRNA
54921,18090279,18090386,107,mRNA
54922,18090012,18090176,164,mRNA
54923,18089846,18089946,100,mRNA
54924,18088417,18089642,1225,mRNA
54925,18105581,18106149,568,mRNA
54926,18090448,18090610,162,mRNA
54927,18090279,18090386,107,mRNA
54928,18090012,18090176,164,mRNA
54929,18089846,18089946,100,mRNA
54930,18089132,18089642,510,mRNA
54931,18090448,18090562,114,CDS
54932,18090279,18090386,107,CDS
54933,18090012,18090176,164,CDS
54934,18089846,18089946,100,CDS
54935,18089181,18089642,461,CDS
54936,18090448,18090562,114,CDS
54937,18090279,18090386,107,CDS
54938,18090012,18090176,164,CDS
54939,18089846,18089946,100,CDS
54940,18089181,18089642,461,CDS
54941,18106579,18107499,920,gene
54942,18106579,18106870,291,mRNA
54943,18106967,18107499,532,mRNA
54944,18106662,18106870,208,CDS
54945,18106967,18107435,468,CDS
54946,18107848,18109574,1726,gene
54947,18109160,18109574,414,mRNA
54948,18108721,18109100,379,mRNA
54949,18108580,18108648,68,mRNA
54950,18107848,18108527,679,mRNA
54951,18109160,18109392,232,CDS
54952,18108721,18109100,379,CDS
54953,18108580,18108648,68,CDS
54954,18107962,18108527,565,CDS
54955,18109814,18112847,3033,gene
54956,18109814,18110550,736,mRNA
54957,18110630,18112130,1500,mRNA
54958,18112204,18112383,179,mRNA
54959,18112450,18112847,397,mRNA
54960,18109915,18110550,635,CDS
54961,18110630,18112130,1500,CDS
54962,18112204,18112383,179,CDS
54963,18112450,18112673,223,CDS
54964,18112959,18121003,8044,gene
54965,18112959,18113181,222,mRNA
54966,18119772,18121003,1231,mRNA
54967,18112959,18113181,222,mRNA
54968,18119791,18121003,1212,mRNA
54969,18112959,18119150,6191,gene
54970,18112959,18113181,222,mRNA
54971,18114369,18114757,388,mRNA
54972,18114823,18115279,456,mRNA
54973,18115344,18119150,3806,mRNA
54974,18112959,18113181,222,mRNA
54975,18114369,18114757,388,mRNA
54976,18114823,18115279,456,mRNA
54977,18115344,18115975,631,mRNA
54978,18114284,18114757,473,mRNA
54979,18114823,18115279,456,mRNA
54980,18115344,18115975,631,mRNA
54981,18114426,18114757,331,CDS
54982,18114823,18115279,456,CDS
54983,18115344,18115760,416,CDS
54984,18114426,18114757,331,CDS
54985,18114823,18115279,456,CDS
54986,18115344,18115760,416,CDS
54987,18114426,18114757,331,CDS
54988,18114823,18115279,456,CDS
54989,18115344,18115760,416,CDS
54990,18119817,18120890,1073,CDS
54991,18119817,18120890,1073,CDS
54992,18120932,18121989,1057,gene
54993,18121435,18121989,554,mRNA
54994,18120932,18121377,445,mRNA
54995,18121435,18121927,492,CDS
54996,18121016,18121377,361,CDS
54997,18122108,18122245,137,mobile_element
54998,18128940,18132689,3749,gene
54999,18131438,18132689,1251,mRNA
55000,18130571,18131130,559,mRNA
55001,18128940,18130510,1570,mRNA
55002,18131438,18132095,657,mRNA
55003,18130571,18131130,559,mRNA
55004,18130101,18130510,409,mRNA
55005,18131438,18132066,628,CDS
55006,18130571,18131130,559,CDS
55007,18130167,18130510,343,CDS
55008,18131438,18132066,628,CDS
55009,18130571,18131130,559,CDS
55010,18130167,18130510,343,CDS
55011,18135786,18136231,445,gene
55012,18135786,18136231,445,ncRNA
55013,18139402,18145418,6016,gene
55014,18139402,18140020,618,mRNA
55015,18143502,18143703,201,mRNA
55016,18144922,18145418,496,mRNA
55017,18139789,18140020,231,CDS
55018,18143502,18143703,201,CDS
55019,18144922,18145108,186,CDS
55020,18148923,18153807,4884,gene
55021,18148923,18149253,330,mRNA
55022,18150677,18150890,213,mRNA
55023,18153187,18153807,620,mRNA
55024,18148923,18149253,330,mRNA
55025,18150677,18150890,213,mRNA
55026,18153187,18153627,440,mRNA
55027,18149046,18149253,207,CDS
55028,18150677,18150890,213,CDS
55029,18153187,18153346,159,CDS
55030,18149046,18149253,207,CDS
55031,18150677,18150890,213,CDS
55032,18153187,18153346,159,CDS
55033,18154897,18162522,7625,gene
55034,18162307,18162522,215,mRNA
55035,18159869,18160056,187,mRNA
55036,18158756,18159626,870,mRNA
55037,18158021,18158577,556,mRNA
55038,18156963,18157083,120,mRNA
55039,18154897,18156698,1801,mRNA
55040,18159869,18159966,97,CDS
55041,18158756,18159626,870,CDS
55042,18158021,18158577,556,CDS
55043,18156963,18157083,120,CDS
55044,18155190,18156698,1508,CDS
55045,18167745,18185641,17896,gene
55046,18184792,18185641,849,mRNA
55047,18173047,18173554,507,mRNA
55048,18172060,18172372,312,mRNA
55049,18167745,18170091,2346,mRNA
55050,18184792,18185641,849,mRNA
55051,18173047,18173554,507,mRNA
55052,18172060,18172372,312,mRNA
55053,18169573,18170091,518,mRNA
55054,18184792,18185122,330,CDS
55055,18173047,18173554,507,CDS
55056,18172060,18172372,312,CDS
55057,18170011,18170091,80,CDS
55058,18184792,18185122,330,CDS
55059,18173047,18173554,507,CDS
55060,18172060,18172372,312,CDS
55061,18170011,18170091,80,CDS
55062,18189644,18190189,545,mobile_element
55063,18196172,18196932,760,gene
55064,18196172,18196932,760,ncRNA
55065,18201494,18203637,2143,gene
55066,18201494,18201574,80,mRNA
55067,18201636,18201763,127,mRNA
55068,18201824,18203637,1813,mRNA
55069,18201505,18201574,69,CDS
55070,18201636,18201763,127,CDS
55071,18201824,18203566,1742,CDS
55072,18230629,18231056,427,gene
55073,18230629,18231056,427,ncRNA
55074,18234246,18234760,514,gene
55075,18234246,18234760,514,ncRNA
55076,18243700,18244239,539,gene
55077,18243700,18244239,539,ncRNA
55078,18252088,18252846,758,gene
55079,18252088,18252138,50,mRNA
55080,18252199,18252846,647,mRNA
55081,18252088,18252138,50,CDS
55082,18252199,18252702,503,CDS
55083,18292125,18294262,2137,gene
55084,18293410,18294262,852,mRNA
55085,18292125,18293345,1220,mRNA
55086,18293410,18294228,818,CDS
55087,18292293,18293345,1052,CDS
55088,18294604,18295800,1196,gene
55089,18294604,18294751,147,ncRNA
55090,18295272,18295541,269,ncRNA
55091,18295598,18295800,202,ncRNA
55092,18298742,18301260,2518,gene
55093,18300835,18301260,425,mRNA
55094,18300692,18300774,82,mRNA
55095,18299969,18300619,650,mRNA
55096,18299832,18299915,83,mRNA
55097,18299733,18299765,32,mRNA
55098,18299606,18299650,44,mRNA
55099,18299440,18299511,71,mRNA
55100,18299074,18299389,315,mRNA
55101,18298895,18299013,118,mRNA
55102,18298742,18298844,102,mRNA
55103,18300835,18301260,425,mRNA
55104,18300692,18300774,82,mRNA
55105,18299969,18300619,650,mRNA
55106,18299832,18299915,83,mRNA
55107,18299733,18299768,35,mRNA
55108,18299606,18299650,44,mRNA
55109,18299440,18299511,71,mRNA
55110,18299074,18299389,315,mRNA
55111,18298895,18299013,118,mRNA
55112,18298742,18298844,102,mRNA
55113,18300835,18301260,425,mRNA
55114,18300692,18300774,82,mRNA
55115,18299969,18300619,650,mRNA
55116,18299823,18299915,92,mRNA
55117,18299733,18299765,32,mRNA
55118,18299606,18299650,44,mRNA
55119,18299440,18299511,71,mRNA
55120,18299074,18299389,315,mRNA
55121,18298895,18299013,118,mRNA
55122,18298742,18298844,102,mRNA
55123,18300835,18301260,425,mRNA
55124,18300692,18300774,82,mRNA
55125,18299969,18300619,650,mRNA
55126,18299823,18299915,92,mRNA
55127,18299733,18299768,35,mRNA
55128,18299606,18299650,44,mRNA
55129,18299440,18299511,71,mRNA
55130,18299074,18299389,315,mRNA
55131,18298895,18299013,118,mRNA
55132,18298742,18298844,102,mRNA
55133,18300835,18301133,298,CDS
55134,18300692,18300774,82,CDS
55135,18299969,18300619,650,CDS
55136,18299832,18299915,83,CDS
55137,18299733,18299765,32,CDS
55138,18299606,18299650,44,CDS
55139,18299440,18299511,71,CDS
55140,18299074,18299389,315,CDS
55141,18298895,18299013,118,CDS
55142,18298831,18298844,13,CDS
55143,18300835,18301133,298,CDS
55144,18300692,18300774,82,CDS
55145,18299969,18300619,650,CDS
55146,18299832,18299915,83,CDS
55147,18299733,18299768,35,CDS
55148,18299606,18299650,44,CDS
55149,18299440,18299511,71,CDS
55150,18299074,18299389,315,CDS
55151,18298895,18299013,118,CDS
55152,18298831,18298844,13,CDS
55153,18300835,18301133,298,CDS
55154,18300692,18300774,82,CDS
55155,18299969,18300619,650,CDS
55156,18299823,18299915,92,CDS
55157,18299733,18299765,32,CDS
55158,18299606,18299650,44,CDS
55159,18299440,18299511,71,CDS
55160,18299074,18299389,315,CDS
55161,18298895,18299013,118,CDS
55162,18298831,18298844,13,CDS
55163,18300835,18301133,298,CDS
55164,18300692,18300774,82,CDS
55165,18299969,18300619,650,CDS
55166,18299823,18299915,92,CDS
55167,18299733,18299768,35,CDS
55168,18299606,18299650,44,CDS
55169,18299440,18299511,71,CDS
55170,18299074,18299389,315,CDS
55171,18298895,18299013,118,CDS
55172,18298831,18298844,13,CDS
55173,18302719,18304417,1698,gene
55174,18302719,18304417,1698,mRNA
55175,18302801,18303341,540,gene
55176,18302801,18303341,540,ncRNA
55177,18303431,18304179,748,gene
55178,18303431,18304179,748,ncRNA
55179,18303683,18304099,416,CDS
55180,18323584,18323985,401,gene
55181,18323584,18323985,401,ncRNA
55182,18397535,18398435,900,gene
55183,18397535,18398435,900,mRNA
55184,18398038,18398235,197,CDS
55185,18428524,18429255,731,gene
55186,18428524,18429255,731,ncRNA
55187,18438561,18439942,1381,gene
55188,18438561,18439942,1381,mRNA
55189,18439501,18439827,326,CDS
55190,18440730,18441871,1141,gene
55191,18440730,18440951,221,ncRNA
55192,18441007,18441871,864,ncRNA
55193,18440730,18440951,221,ncRNA
55194,18441007,18441178,171,ncRNA
55195,18441601,18441871,270,ncRNA
55196,18456399,18456800,401,gene
55197,18456399,18456800,401,ncRNA
55198,18457201,18457550,349,gene
55199,18457201,18457550,349,ncRNA
55200,18459464,18461024,1560,gene
55201,18460869,18461024,155,mRNA
55202,18459936,18460069,133,mRNA
55203,18459464,18459876,412,mRNA
55204,18460869,18461024,155,mRNA
55205,18460224,18460346,122,mRNA
55206,18459936,18460069,133,mRNA
55207,18459464,18459876,412,mRNA
55208,18460869,18460880,11,CDS
55209,18459936,18460069,133,CDS
55210,18459558,18459876,318,CDS
55211,18460869,18460880,11,CDS
55212,18460224,18460346,122,CDS
55213,18459936,18460069,133,CDS
55214,18459558,18459876,318,CDS
55215,18461957,18463163,1206,gene
55216,18462719,18463163,444,mRNA
55217,18461957,18462540,583,mRNA
55218,18462719,18463068,349,CDS
55219,18462228,18462540,312,CDS
55220,18463700,18464102,402,mobile_element
55221,18469378,18469618,240,gene
55222,18469378,18469618,240,mRNA
55223,18469443,18469598,155,CDS
55224,18469825,18471291,1466,mobile_element
55225,18472143,18472384,241,gene
55226,18472143,18472384,241,mRNA
55227,18472209,18472364,155,CDS
55228,18475298,18475679,381,gene
55229,18475298,18475679,381,ncRNA
55230,18475877,18475939,62,mobile_element
55231,18478822,18479223,401,gene
55232,18478822,18479223,401,ncRNA
55233,18478822,18478910,88,ncRNA
55234,18478960,18479223,263,ncRNA
55235,18485137,18502557,17420,gene
55236,18502215,18502557,342,mRNA
55237,18487716,18488954,1238,mRNA
55238,18487455,18487502,47,mRNA
55239,18485137,18487241,2104,mRNA
55240,18502215,18502557,342,mRNA
55241,18487716,18488954,1238,mRNA
55242,18487455,18487502,47,mRNA
55243,18485137,18487241,2104,mRNA
55244,18502215,18502557,342,mRNA
55245,18487716,18488954,1238,mRNA
55246,18487455,18487502,47,mRNA
55247,18486502,18487241,739,mRNA
55248,18502215,18502557,342,mRNA
55249,18487716,18488954,1238,mRNA
55250,18487455,18487502,47,mRNA
55251,18486502,18487241,739,mRNA
55252,18487716,18488804,1088,CDS
55253,18487455,18487502,47,CDS
55254,18486597,18487241,644,CDS
55255,18487716,18488804,1088,CDS
55256,18487455,18487502,47,CDS
55257,18486675,18487241,566,CDS
55258,18487716,18488804,1088,CDS
55259,18487455,18487502,47,CDS
55260,18486729,18487241,512,CDS
55261,18487716,18488804,1088,CDS
55262,18487455,18487502,47,CDS
55263,18486729,18487241,512,CDS
55264,18506186,18509586,3400,mobile_element
55265,18514973,18520090,5117,mobile_element
55266,18526976,18527445,469,gene
55267,18526976,18527445,469,mRNA
55268,18526990,18527400,410,CDS
55269,18528683,18537785,9102,mobile_element
55270,18560258,18576326,16068,gene
55271,18560258,18560704,446,mRNA
55272,18573742,18574733,991,mRNA
55273,18574798,18574845,47,mRNA
55274,18574902,18576326,1424,mRNA
55275,18567881,18568037,156,mobile_element
55276,18573840,18574733,893,CDS
55277,18574798,18574845,47,CDS
55278,18574902,18575411,509,CDS
55279,18583437,18584235,798,gene
55280,18583437,18584235,798,ncRNA
55281,18588759,18590165,1406,gene
55282,18588759,18590165,1406,mRNA
55283,18588859,18590142,1283,CDS
55284,18590703,18591377,674,mobile_element
55285,18592303,18593771,1468,gene
55286,18592303,18593771,1468,mRNA
55287,18592325,18593611,1286,CDS
55288,18594004,18595923,1919,mobile_element
55289,18596322,18596792,470,gene
55290,18596322,18596792,470,ncRNA
55291,18597995,18598429,434,gene
55292,18597995,18598429,434,ncRNA
55293,18600150,18617943,17793,gene
55294,18600150,18617943,17793,gene
55295,18617611,18617943,332,mRNA
55296,18617148,18617511,363,mRNA
55297,18616727,18617091,364,mRNA
55298,18616000,18616445,445,mRNA
55299,18615741,18615844,103,mRNA
55300,18601856,18602053,197,mRNA
55301,18601513,18601803,290,mRNA
55302,18601264,18601463,199,mRNA
55303,18600639,18601201,562,mRNA
55304,18600429,18600576,147,mRNA
55305,18600150,18600368,218,mRNA
55306,18617611,18617943,332,mRNA
55307,18617148,18617511,363,mRNA
55308,18616727,18617091,364,mRNA
55309,18616000,18616445,445,mRNA
55310,18615741,18615844,103,mRNA
55311,18601856,18602053,197,mRNA
55312,18601513,18601803,290,mRNA
55313,18601264,18601463,199,mRNA
55314,18600639,18601201,562,mRNA
55315,18600429,18600576,147,mRNA
55316,18600150,18600368,218,mRNA
55317,18617611,18617943,332,mRNA
55318,18617148,18617511,363,mRNA
55319,18616727,18617091,364,mRNA
55320,18616000,18616445,445,mRNA
55321,18615741,18615844,103,mRNA
55322,18615491,18615687,196,mRNA
55323,18601856,18602053,197,mRNA
55324,18601513,18601803,290,mRNA
55325,18601264,18601463,199,mRNA
55326,18600639,18601201,562,mRNA
55327,18600429,18600576,147,mRNA
55328,18600150,18600368,218,mRNA
55329,18617611,18617943,332,mRNA
55330,18617148,18617511,363,mRNA
55331,18616727,18617091,364,mRNA
55332,18616000,18616445,445,mRNA
55333,18615741,18615844,103,mRNA
55334,18615491,18615687,196,mRNA
55335,18601856,18602053,197,mRNA
55336,18601513,18601803,290,mRNA
55337,18601264,18601463,199,mRNA
55338,18600639,18601201,562,mRNA
55339,18600429,18600576,147,mRNA
55340,18600150,18600368,218,mRNA
55341,18601856,18602064,208,mRNA
55342,18601513,18601803,290,mRNA
55343,18601264,18601463,199,mRNA
55344,18600639,18601201,562,mRNA
55345,18600429,18600576,147,mRNA
55346,18600150,18600368,218,mRNA
55347,18601856,18602052,196,CDS
55348,18601513,18601803,290,CDS
55349,18601264,18601463,199,CDS
55350,18600639,18601201,562,CDS
55351,18600429,18600576,147,CDS
55352,18600346,18600368,22,CDS
55353,18601856,18602052,196,CDS
55354,18601513,18601803,290,CDS
55355,18601264,18601463,199,CDS
55356,18600639,18601201,562,CDS
55357,18600429,18600576,147,CDS
55358,18600346,18600368,22,CDS
55359,18601856,18602052,196,CDS
55360,18601513,18601803,290,CDS
55361,18601264,18601463,199,CDS
55362,18600639,18601201,562,CDS
55363,18600429,18600576,147,CDS
55364,18600346,18600368,22,CDS
55365,18603425,18605415,1990,gene
55366,18603425,18603621,196,mRNA
55367,18603673,18603978,305,mRNA
55368,18604035,18604234,199,mRNA
55369,18604291,18604406,115,mRNA
55370,18604464,18604889,425,mRNA
55371,18604951,18604989,38,mRNA
55372,18605064,18605229,165,mRNA
55373,18605291,18605415,124,mRNA
55374,18603440,18603621,181,CDS
55375,18603673,18603978,305,CDS
55376,18604035,18604234,199,CDS
55377,18604291,18604406,115,CDS
55378,18604464,18604889,425,CDS
55379,18604951,18604989,38,CDS
55380,18605064,18605229,165,CDS
55381,18605291,18605403,112,CDS
55382,18605472,18607349,1877,gene
55383,18605472,18605674,202,mRNA
55384,18605733,18606035,302,mRNA
55385,18606120,18606304,184,mRNA
55386,18606372,18606988,616,mRNA
55387,18607050,18607215,165,mRNA
55388,18607276,18607349,73,mRNA
55389,18605472,18605674,202,CDS
55390,18605733,18606035,302,CDS
55391,18606120,18606304,184,CDS
55392,18606372,18606988,616,CDS
55393,18607050,18607215,165,CDS
55394,18607276,18607349,73,CDS
55395,18607462,18609512,2050,gene
55396,18607462,18607662,200,mRNA
55397,18607718,18607869,151,mRNA
55398,18608004,18608154,150,mRNA
55399,18608210,18608406,196,mRNA
55400,18608461,18608990,529,mRNA
55401,18609137,18609287,150,mRNA
55402,18609347,18609512,165,mRNA
55403,18607505,18607662,157,CDS
55404,18607718,18607869,151,CDS
55405,18608004,18608154,150,CDS
55406,18608210,18608406,196,CDS
55407,18608461,18608990,529,CDS
55408,18609137,18609287,150,CDS
55409,18609347,18609420,73,CDS
55410,18609620,18611862,2242,gene
55411,18609620,18609837,217,mRNA
55412,18609888,18610039,151,mRNA
55413,18610237,18610387,150,mRNA
55414,18610442,18610638,196,mRNA
55415,18610691,18611319,628,mRNA
55416,18611375,18611540,165,mRNA
55417,18611603,18611862,259,mRNA
55418,18609629,18609837,208,CDS
55419,18609888,18610039,151,CDS
55420,18610237,18610387,150,CDS
55421,18610442,18610638,196,CDS
55422,18610691,18611319,628,CDS
55423,18611375,18611540,165,CDS
55424,18611603,18611661,58,CDS
55425,18611900,18614004,2104,gene
55426,18611900,18612096,196,mRNA
55427,18612206,18612508,302,mRNA
55428,18612567,18612763,196,mRNA
55429,18612831,18613462,631,mRNA
55430,18613522,18613575,53,mRNA
55431,18613636,18613801,165,mRNA
55432,18613862,18614004,142,mRNA
55433,18611978,18612096,118,CDS
55434,18612206,18612508,302,CDS
55435,18612567,18612763,196,CDS
55436,18612831,18613462,631,CDS
55437,18613522,18613575,53,CDS
55438,18613636,18613801,165,CDS
55439,18613862,18613920,58,CDS
55440,18617148,18617285,137,mRNA
55441,18616727,18617091,364,mRNA
55442,18616222,18616445,223,mRNA
55443,18617148,18617157,9,CDS
55444,18616727,18617091,364,CDS
55445,18616311,18616445,134,CDS
55446,18617148,18617157,9,CDS
55447,18616727,18617091,364,CDS
55448,18616311,18616445,134,CDS
55449,18617148,18617157,9,CDS
55450,18616727,18617091,364,CDS
55451,18616311,18616445,134,CDS
55452,18618305,18622129,3824,gene
55453,18621372,18622129,757,mRNA
55454,18620431,18620832,401,mRNA
55455,18620259,18620369,110,mRNA
55456,18619377,18620191,814,mRNA
55457,18618305,18619207,902,mRNA
55458,18618390,18618461,71,gene
55459,18618390,18618461,71,tRNA
55460,18621372,18622129,757,mRNA
55461,18620431,18620832,401,mRNA
55462,18620259,18620369,110,mRNA
55463,18619377,18620191,814,mRNA
55464,18618806,18619207,401,mRNA
55465,18621372,18621491,119,CDS
55466,18620431,18620832,401,CDS
55467,18620259,18620369,110,CDS
55468,18619377,18620191,814,CDS
55469,18619165,18619207,42,CDS
55470,18621372,18621491,119,CDS
55471,18620431,18620832,401,CDS
55472,18620259,18620369,110,CDS
55473,18619377,18620191,814,CDS
55474,18619165,18619207,42,CDS
55475,18622692,18624751,2059,gene
55476,18622692,18623064,372,mRNA
55477,18623123,18624751,1628,mRNA
55478,18622787,18623064,277,CDS
55479,18623123,18624464,1341,CDS
55480,18625959,18667177,41218,gene
55481,18625959,18626291,332,mRNA
55482,18626865,18627031,166,mRNA
55483,18661357,18662043,686,mRNA
55484,18662624,18663326,702,mRNA
55485,18663492,18663617,125,mRNA
55486,18663679,18663754,75,mRNA
55487,18664140,18664260,120,mRNA
55488,18664324,18664820,496,mRNA
55489,18666016,18667177,1161,mRNA
55490,18625959,18626076,117,mRNA
55491,18626865,18627031,166,mRNA
55492,18652909,18652949,40,mRNA
55493,18661357,18662043,686,mRNA
55494,18662624,18663326,702,mRNA
55495,18663492,18663617,125,mRNA
55496,18663679,18663754,75,mRNA
55497,18664140,18664260,120,mRNA
55498,18664324,18664820,496,mRNA
55499,18665698,18667177,1479,mRNA
55500,18625959,18626076,117,mRNA
55501,18626865,18627031,166,mRNA
55502,18661357,18662043,686,mRNA
55503,18662624,18663326,702,mRNA
55504,18663492,18663617,125,mRNA
55505,18663679,18663754,75,mRNA
55506,18664140,18664260,120,mRNA
55507,18664324,18664820,496,mRNA
55508,18665698,18667177,1479,mRNA
55509,18641391,18642363,972,mRNA
55510,18661357,18662043,686,mRNA
55511,18662624,18663326,702,mRNA
55512,18663492,18663617,125,mRNA
55513,18663679,18663754,75,mRNA
55514,18664140,18664260,120,mRNA
55515,18664324,18664820,496,mRNA
55516,18665698,18667177,1479,mRNA
55517,18661898,18662043,145,CDS
55518,18662624,18663326,702,CDS
55519,18663492,18663617,125,CDS
55520,18663679,18663754,75,CDS
55521,18664140,18664260,120,CDS
55522,18664324,18664820,496,CDS
55523,18665698,18666254,556,CDS
55524,18661898,18662043,145,CDS
55525,18662624,18663326,702,CDS
55526,18663492,18663617,125,CDS
55527,18663679,18663754,75,CDS
55528,18664140,18664260,120,CDS
55529,18664324,18664820,496,CDS
55530,18665698,18666254,556,CDS
55531,18661898,18662043,145,CDS
55532,18662624,18663326,702,CDS
55533,18663492,18663617,125,CDS
55534,18663679,18663754,75,CDS
55535,18664140,18664260,120,CDS
55536,18664324,18664820,496,CDS
55537,18665698,18666254,556,CDS
55538,18661898,18662043,145,CDS
55539,18662624,18663326,702,CDS
55540,18663492,18663617,125,CDS
55541,18663679,18663754,75,CDS
55542,18664140,18664260,120,CDS
55543,18664324,18664820,496,CDS
55544,18666016,18666254,238,CDS
55545,18667361,18668135,774,gene
55546,18667361,18667579,218,mRNA
55547,18667648,18667793,145,mRNA
55548,18667847,18668135,288,mRNA
55549,18667435,18667579,144,CDS
55550,18667648,18667793,145,CDS
55551,18667847,18667984,137,CDS
55552,18668153,18673324,5171,gene
55553,18672631,18673324,693,mRNA
55554,18671490,18671672,182,mRNA
55555,18671268,18671434,166,mRNA
55556,18668153,18671188,3035,mRNA
55557,18672631,18673160,529,mRNA
55558,18671490,18671672,182,mRNA
55559,18671268,18671434,166,mRNA
55560,18668153,18671188,3035,mRNA
55561,18672631,18673011,380,CDS
55562,18671490,18671672,182,CDS
55563,18671268,18671434,166,CDS
55564,18669034,18671188,2154,CDS
55565,18672631,18673011,380,CDS
55566,18671490,18671672,182,CDS
55567,18671268,18671434,166,CDS
55568,18669034,18671188,2154,CDS
55569,18673474,18675413,1939,gene
55570,18675379,18675413,34,mRNA
55571,18674545,18674977,432,mRNA
55572,18674169,18674482,313,mRNA
55573,18674048,18674104,56,mRNA
55574,18673474,18673975,501,mRNA
55575,18675338,18675413,75,mRNA
55576,18675219,18675275,56,mRNA
55577,18674545,18674977,432,mRNA
55578,18674169,18674482,313,mRNA
55579,18674048,18674104,56,mRNA
55580,18673474,18673975,501,mRNA
55581,18675219,18675413,194,mRNA
55582,18674545,18674977,432,mRNA
55583,18674169,18674482,313,mRNA
55584,18674048,18674104,56,mRNA
55585,18673474,18673975,501,mRNA
55586,18675219,18675342,123,CDS
55587,18674545,18674977,432,CDS
55588,18674169,18674482,313,CDS
55589,18674048,18674104,56,CDS
55590,18673518,18673975,457,CDS
55591,18675219,18675255,36,CDS
55592,18674545,18674977,432,CDS
55593,18674169,18674482,313,CDS
55594,18674048,18674104,56,CDS
55595,18673518,18673975,457,CDS
55596,18674545,18674948,403,CDS
55597,18674169,18674482,313,CDS
55598,18674048,18674104,56,CDS
55599,18673518,18673975,457,CDS
55600,18675800,18677876,2076,gene
55601,18675800,18676123,323,mRNA
55602,18676296,18677080,784,mRNA
55603,18677145,18677522,377,mRNA
55604,18677579,18677876,297,mRNA
55605,18676006,18676123,117,CDS
55606,18676296,18677080,784,CDS
55607,18677145,18677522,377,CDS
55608,18677579,18677776,197,CDS
55609,18680409,18680779,370,gene
55610,18680409,18680528,119,mRNA
55611,18680582,18680779,197,mRNA
55612,18680409,18680528,119,CDS
55613,18680582,18680779,197,CDS
55614,18681037,18681836,799,gene
55615,18681037,18681836,799,mRNA
55616,18681098,18681688,590,CDS
55617,18682184,18682860,676,gene
55618,18682184,18682377,193,mRNA
55619,18682439,18682860,421,mRNA
55620,18682277,18682377,100,CDS
55621,18682439,18682763,324,CDS
55622,18682895,18684061,1166,gene
55623,18683880,18684061,181,mRNA
55624,18682895,18683808,913,mRNA
55625,18683880,18684061,181,mRNA
55626,18683144,18683808,664,mRNA
55627,18683880,18683901,21,CDS
55628,18683219,18683808,589,CDS
55629,18683880,18683901,21,CDS
55630,18683219,18683808,589,CDS
55631,18684259,18686319,2060,gene
55632,18685869,18686319,450,mRNA
55633,18684259,18685691,1432,mRNA
55634,18685869,18686319,450,mRNA
55635,18684529,18685691,1162,mRNA
55636,18685869,18686293,424,CDS
55637,18684542,18685691,1149,CDS
55638,18685869,18686293,424,CDS
55639,18684542,18685691,1149,CDS
55640,18693352,18693952,600,gene
55641,18693352,18693952,600,ncRNA
55642,18694187,18695648,1461,gene
55643,18694187,18694384,197,mRNA
55644,18694439,18694587,148,mRNA
55645,18694768,18695141,373,mRNA
55646,18695206,18695648,442,mRNA
55647,18694524,18694587,63,CDS
55648,18694768,18695141,373,CDS
55649,18695206,18695520,314,CDS
55650,18696402,18698412,2010,gene
55651,18698070,18698412,342,mRNA
55652,18697764,18698007,243,mRNA
55653,18697567,18697699,132,mRNA
55654,18696402,18697492,1090,mRNA
55655,18698070,18698412,342,mRNA
55656,18697768,18698007,239,mRNA
55657,18697567,18697699,132,mRNA
55658,18697069,18697492,423,mRNA
55659,18698070,18698412,342,mRNA
55660,18697764,18698007,243,mRNA
55661,18697567,18697699,132,mRNA
55662,18697069,18697492,423,mRNA
55663,18698070,18698271,201,CDS
55664,18697764,18698007,243,CDS
55665,18697567,18697699,132,CDS
55666,18697163,18697492,329,CDS
55667,18698070,18698271,201,CDS
55668,18697764,18698007,243,CDS
55669,18697567,18697699,132,CDS
55670,18697163,18697492,329,CDS
55671,18698070,18698271,201,CDS
55672,18697768,18698007,239,CDS
55673,18697620,18697699,79,CDS
55674,18702743,18702790,47,mobile_element
55675,18707933,18708692,759,gene
55676,18707933,18708205,272,ncRNA
55677,18708302,18708692,390,ncRNA
55678,18707933,18708189,256,ncRNA
55679,18708302,18708692,390,ncRNA
55680,18707933,18707994,61,ncRNA
55681,18708302,18708692,390,ncRNA
55682,18710814,18718708,7894,mobile_element
55683,18721893,18723272,1379,gene
55684,18723189,18723272,83,mRNA
55685,18721893,18723133,1240,mRNA
55686,18722330,18723127,797,CDS
55687,18723807,18724312,505,gene
55688,18723807,18724312,505,ncRNA
55689,18742899,18743182,283,mobile_element
55690,18744488,18745699,1211,gene
55691,18744488,18745699,1211,mRNA
55692,18744509,18745645,1136,CDS
55693,18745856,18746623,767,gene
55694,18745856,18745975,119,mRNA
55695,18746031,18746623,592,mRNA
55696,18745903,18745975,72,CDS
55697,18746031,18746488,457,CDS
55698,18746611,18748367,1756,gene
55699,18748117,18748367,250,mRNA
55700,18747776,18748056,280,mRNA
55701,18746611,18747718,1107,mRNA
55702,18748117,18748308,191,CDS
55703,18747776,18748056,280,CDS
55704,18746656,18747718,1062,CDS
55705,18748687,18750483,1796,gene
55706,18748687,18748889,202,mRNA
55707,18749344,18749479,135,mRNA
55708,18749548,18749738,190,mRNA
55709,18749793,18750483,690,mRNA
55710,18748818,18748889,71,CDS
55711,18749344,18749479,135,CDS
55712,18749548,18749738,190,CDS
55713,18749793,18750386,593,CDS
55714,18750607,18801309,50702,gene
55715,18763329,18765744,2415,mRNA
55716,18755656,18755873,217,mRNA
55717,18755134,18755504,370,mRNA
55718,18754577,18754633,56,mRNA
55719,18754314,18754512,198,mRNA
55720,18753185,18753443,258,mRNA
55721,18753018,18753118,100,mRNA
55722,18750607,18752895,2288,mRNA
55723,18763329,18765744,2415,mRNA
55724,18755656,18755873,217,mRNA
55725,18754984,18755504,520,mRNA
55726,18754577,18754633,56,mRNA
55727,18754314,18754512,198,mRNA
55728,18753185,18753443,258,mRNA
55729,18753018,18753118,100,mRNA
55730,18750607,18752895,2288,mRNA
55731,18800108,18801309,1201,mRNA
55732,18797537,18798855,1318,mRNA
55733,18763329,18763862,533,mRNA
55734,18755656,18755873,217,mRNA
55735,18755134,18755504,370,mRNA
55736,18754577,18754633,56,mRNA
55737,18754314,18754512,198,mRNA
55738,18753185,18753443,258,mRNA
55739,18753018,18753118,100,mRNA
55740,18751749,18752895,1146,mRNA
55741,18763329,18764956,1627,mRNA
55742,18755656,18755873,217,mRNA
55743,18755134,18755504,370,mRNA
55744,18754577,18754633,56,mRNA
55745,18754314,18754512,198,mRNA
55746,18753185,18753443,258,mRNA
55747,18753018,18753118,100,mRNA
55748,18751749,18752895,1146,mRNA
55749,18797537,18798731,1194,CDS
55750,18763329,18763862,533,CDS
55751,18755656,18755873,217,CDS
55752,18755134,18755504,370,CDS
55753,18754577,18754633,56,CDS
55754,18754314,18754512,198,CDS
55755,18753185,18753443,258,CDS
55756,18753018,18753118,100,CDS
55757,18752746,18752895,149,CDS
55758,18763329,18764385,1056,CDS
55759,18755656,18755873,217,CDS
55760,18755134,18755504,370,CDS
55761,18754577,18754633,56,CDS
55762,18754314,18754512,198,CDS
55763,18753185,18753443,258,CDS
55764,18753018,18753118,100,CDS
55765,18752746,18752895,149,CDS
55766,18763329,18764385,1056,CDS
55767,18755656,18755873,217,CDS
55768,18755134,18755504,370,CDS
55769,18754577,18754633,56,CDS
55770,18754314,18754512,198,CDS
55771,18753185,18753443,258,CDS
55772,18753018,18753118,100,CDS
55773,18752746,18752895,149,CDS
55774,18763329,18764385,1056,CDS
55775,18755656,18755873,217,CDS
55776,18754984,18755504,520,CDS
55777,18754577,18754633,56,CDS
55778,18754314,18754512,198,CDS
55779,18753185,18753443,258,CDS
55780,18753018,18753118,100,CDS
55781,18752746,18752895,149,CDS
55782,18753797,18754085,288,gene
55783,18753797,18754085,288,ncRNA
55784,18772086,18801312,29226,gene
55785,18800108,18801312,1204,ncRNA
55786,18797537,18798855,1318,ncRNA
55787,18772086,18772364,278,ncRNA
55788,18772464,18781086,8622,mobile_element
55789,18802265,18820675,18410,gene
55790,18820400,18820675,275,mRNA
55791,18819311,18819899,588,mRNA
55792,18804024,18809421,5397,mRNA
55793,18803829,18803957,128,mRNA
55794,18803063,18803730,667,mRNA
55795,18802265,18802997,732,mRNA
55796,18820400,18820675,275,mRNA
55797,18819311,18819910,599,mRNA
55798,18804024,18809421,5397,mRNA
55799,18803829,18803957,128,mRNA
55800,18803063,18803730,667,mRNA
55801,18802265,18802997,732,mRNA
55802,18804024,18809412,5388,CDS
55803,18803829,18803957,128,CDS
55804,18803063,18803730,667,CDS
55805,18802782,18802997,215,CDS
55806,18804024,18809412,5388,CDS
55807,18803829,18803957,128,CDS
55808,18803063,18803730,667,CDS
55809,18802782,18802997,215,CDS
55810,18821171,18822353,1182,gene
55811,18821171,18822353,1182,mRNA
55812,18821173,18821249,76,mRNA
55813,18821307,18822353,1046,mRNA
55814,18821307,18821972,665,CDS
55815,18821307,18821972,665,CDS
55816,18822604,18828188,5584,gene
55817,18822604,18822842,238,mRNA
55818,18826338,18827258,920,mRNA
55819,18827356,18828188,832,mRNA
55820,18822786,18822842,56,CDS
55821,18826338,18827258,920,CDS
55822,18827356,18827898,542,CDS
55823,18828632,18846267,17635,gene
55824,18846036,18846267,231,mRNA
55825,18831947,18831984,37,mRNA
55826,18831495,18831621,126,mRNA
55827,18831311,18831427,116,mRNA
55828,18831093,18831241,148,mRNA
55829,18830840,18831028,188,mRNA
55830,18830276,18830734,458,mRNA
55831,18829579,18829957,378,mRNA
55832,18828632,18829513,881,mRNA
55833,18841152,18841411,259,mRNA
55834,18831947,18831984,37,mRNA
55835,18831495,18831621,126,mRNA
55836,18831311,18831427,116,mRNA
55837,18831093,18831241,148,mRNA
55838,18830840,18831028,188,mRNA
55839,18830276,18830734,458,mRNA
55840,18829579,18829957,378,mRNA
55841,18828632,18829513,881,mRNA
55842,18840373,18840516,143,mRNA
55843,18831947,18831984,37,mRNA
55844,18831495,18831621,126,mRNA
55845,18831311,18831427,116,mRNA
55846,18831093,18831241,148,mRNA
55847,18830840,18831028,188,mRNA
55848,18830276,18830734,458,mRNA
55849,18829579,18829957,378,mRNA
55850,18828632,18829513,881,mRNA
55851,18840276,18840516,240,mRNA
55852,18831947,18831984,37,mRNA
55853,18831495,18831621,126,mRNA
55854,18831311,18831427,116,mRNA
55855,18831093,18831241,148,mRNA
55856,18830840,18831028,188,mRNA
55857,18830276,18830734,458,mRNA
55858,18829579,18829957,378,mRNA
55859,18828632,18829513,881,mRNA
55860,18846036,18846059,23,CDS
55861,18831947,18831984,37,CDS
55862,18831495,18831621,126,CDS
55863,18831311,18831427,116,CDS
55864,18831093,18831241,148,CDS
55865,18830840,18831028,188,CDS
55866,18830276,18830734,458,CDS
55867,18829579,18829957,378,CDS
55868,18829223,18829513,290,CDS
55869,18831947,18831954,7,CDS
55870,18831495,18831621,126,CDS
55871,18831311,18831427,116,CDS
55872,18831093,18831241,148,CDS
55873,18830840,18831028,188,CDS
55874,18830276,18830734,458,CDS
55875,18829579,18829957,378,CDS
55876,18829223,18829513,290,CDS
55877,18831947,18831954,7,CDS
55878,18831495,18831621,126,CDS
55879,18831311,18831427,116,CDS
55880,18831093,18831241,148,CDS
55881,18830840,18831028,188,CDS
55882,18830276,18830734,458,CDS
55883,18829579,18829957,378,CDS
55884,18829223,18829513,290,CDS
55885,18831947,18831954,7,CDS
55886,18831495,18831621,126,CDS
55887,18831311,18831427,116,CDS
55888,18831093,18831241,148,CDS
55889,18830840,18831028,188,CDS
55890,18830276,18830734,458,CDS
55891,18829579,18829957,378,CDS
55892,18829223,18829513,290,CDS
55893,18833837,18834940,1103,mobile_element
55894,18841579,18842786,1207,gene
55895,18841579,18842148,569,ncRNA
55896,18842214,18842266,52,ncRNA
55897,18842346,18842786,440,ncRNA
55898,18847853,18847987,134,mobile_element
55899,18852573,18861363,8790,gene
55900,18852573,18853000,427,ncRNA
55901,18856890,18861363,4473,ncRNA
55902,18854317,18854622,305,gene
55903,18854317,18854622,305,ncRNA
55904,18858690,18866107,7417,gene
55905,18865258,18866107,849,ncRNA
55906,18858690,18864568,5878,ncRNA
55907,18865258,18866107,849,ncRNA
55908,18858690,18865127,6437,ncRNA
55909,18864906,18866107,1201,ncRNA
55910,18858690,18864568,5878,ncRNA
55911,18860971,18861054,83,gene
55912,18860971,18861054,83,precursor_RNA
55913,18860982,18861003,21,ncRNA
55914,18861024,18861045,21,ncRNA
55915,18863647,18865514,1867,gene
55916,18863647,18863787,140,mRNA
55917,18864256,18864594,338,mRNA
55918,18864908,18865203,295,mRNA
55919,18865266,18865514,248,mRNA
55920,18863721,18863787,66,CDS
55921,18864256,18864594,338,CDS
55922,18864908,18865203,295,CDS
55923,18865266,18865421,155,CDS
55924,18866225,18867431,1206,gene
55925,18866225,18866261,36,mRNA
55926,18866320,18867431,1111,mRNA
55927,18866339,18867349,1010,CDS
55928,18867771,18869219,1448,gene
55929,18867771,18868645,874,mRNA
55930,18868704,18869219,515,mRNA
55931,18867771,18868645,874,mRNA
55932,18868704,18868945,241,mRNA
55933,18867880,18868645,765,CDS
55934,18868704,18868804,100,CDS
55935,18867880,18868645,765,CDS
55936,18868704,18868804,100,CDS
55937,18869230,18870057,827,gene
55938,18869230,18869330,100,mRNA
55939,18869427,18869646,219,mRNA
55940,18869707,18869811,104,mRNA
55941,18869877,18870057,180,mRNA
55942,18869338,18869646,308,mRNA
55943,18869707,18869811,104,mRNA
55944,18869877,18870057,180,mRNA
55945,18869503,18869646,143,CDS
55946,18869707,18869811,104,CDS
55947,18869877,18869972,95,CDS
55948,18869503,18869646,143,CDS
55949,18869707,18869811,104,CDS
55950,18869877,18869972,95,CDS
55951,18870045,18872553,2508,gene
55952,18872451,18872553,102,mRNA
55953,18872168,18872394,226,mRNA
55954,18871962,18872113,151,mRNA
55955,18870998,18871853,855,mRNA
55956,18870648,18870780,132,mRNA
55957,18870045,18870352,307,mRNA
55958,18870224,18870897,673,gene
55959,18870224,18870370,146,mRNA
55960,18870428,18870560,132,mRNA
55961,18870614,18870897,283,mRNA
55962,18870308,18870370,62,CDS
55963,18870428,18870560,132,CDS
55964,18870614,18870852,238,CDS
55965,18872451,18872484,33,CDS
55966,18872168,18872394,226,CDS
55967,18871962,18872113,151,CDS
55968,18870998,18871853,855,CDS
55969,18870679,18870780,101,CDS
55970,18872451,18872553,102,mRNA
55971,18872168,18872394,226,mRNA
55972,18871962,18872113,151,mRNA
55973,18870896,18871853,957,mRNA
55974,18872451,18872484,33,CDS
55975,18872168,18872394,226,CDS
55976,18871962,18872113,151,CDS
55977,18870896,18871853,957,CDS
55978,18872747,18878245,5498,gene
55979,18872747,18873178,431,mRNA
55980,18873362,18878245,4883,mRNA
55981,18872950,18873178,228,CDS
55982,18873362,18877779,4417,CDS
55983,18878250,18890483,12233,gene
55984,18890346,18890483,137,mRNA
55985,18890190,18890281,91,mRNA
55986,18887553,18887746,193,mRNA
55987,18887061,18887215,154,mRNA
55988,18881078,18881251,173,mRNA
55989,18879802,18880979,1177,mRNA
55990,18879511,18879739,228,mRNA
55991,18879287,18879460,173,mRNA
55992,18878250,18879224,974,mRNA
55993,18890190,18890483,293,mRNA
55994,18887553,18887746,193,mRNA
55995,18887061,18887215,154,mRNA
55996,18881078,18881251,173,mRNA
55997,18879802,18880979,1177,mRNA
55998,18879511,18879739,228,mRNA
55999,18879287,18879460,173,mRNA
56000,18878250,18879224,974,mRNA
56001,18884802,18884845,43,mRNA
56002,18882319,18882530,211,mRNA
56003,18882143,18882178,35,mRNA
56004,18881078,18881251,173,mRNA
56005,18879802,18880979,1177,mRNA
56006,18879511,18879739,228,mRNA
56007,18879287,18879460,173,mRNA
56008,18878250,18879224,974,mRNA
56009,18884736,18884845,109,mRNA
56010,18882319,18882530,211,mRNA
56011,18881078,18881251,173,mRNA
56012,18879802,18880979,1177,mRNA
56013,18879511,18879739,228,mRNA
56014,18879287,18879460,173,mRNA
56015,18878653,18879224,571,mRNA
56016,18887553,18887619,66,CDS
56017,18887061,18887215,154,CDS
56018,18881078,18881251,173,CDS
56019,18879802,18880979,1177,CDS
56020,18879511,18879739,228,CDS
56021,18879287,18879460,173,CDS
56022,18879087,18879224,137,CDS
56023,18887553,18887619,66,CDS
56024,18887061,18887215,154,CDS
56025,18881078,18881251,173,CDS
56026,18879802,18880979,1177,CDS
56027,18879511,18879739,228,CDS
56028,18879287,18879460,173,CDS
56029,18879087,18879224,137,CDS
56030,18882319,18882390,71,CDS
56031,18881078,18881251,173,CDS
56032,18879802,18880979,1177,CDS
56033,18879511,18879739,228,CDS
56034,18879287,18879460,173,CDS
56035,18879087,18879224,137,CDS
56036,18882319,18882390,71,CDS
56037,18882143,18882178,35,CDS
56038,18881078,18881251,173,CDS
56039,18879802,18880979,1177,CDS
56040,18879511,18879739,228,CDS
56041,18879287,18879460,173,CDS
56042,18879087,18879224,137,CDS
56043,18892383,18893278,895,gene
56044,18892383,18892638,255,mRNA
56045,18892741,18892895,154,mRNA
56046,18892949,18893278,329,mRNA
56047,18892383,18892638,255,CDS
56048,18892741,18892895,154,CDS
56049,18892949,18893083,134,CDS
56050,18893120,18898293,5173,gene
56051,18898140,18898293,153,mRNA
56052,18897944,18898049,105,mRNA
56053,18894356,18894834,478,mRNA
56054,18893120,18893965,845,mRNA
56055,18898140,18898175,35,CDS
56056,18897944,18898049,105,CDS
56057,18894356,18894834,478,CDS
56058,18893342,18893965,623,CDS
56059,18896189,18896456,267,gene
56060,18896189,18896456,267,ncRNA
56061,18898875,18900408,1533,gene
56062,18898875,18898914,39,mRNA
56063,18899306,18899917,611,mRNA
56064,18899104,18899139,35,mRNA
56065,18899306,18900408,1102,mRNA
56066,18899104,18899139,35,mRNA
56067,18899306,18899917,611,mRNA
56068,18899320,18899769,449,CDS
56069,18899320,18899769,449,CDS
56070,18899320,18899769,449,CDS
56071,18900595,18901554,959,gene
56072,18901320,18901554,234,mRNA
56073,18900595,18901251,656,mRNA
56074,18901320,18901472,152,CDS
56075,18900901,18901251,350,CDS
56076,18901594,18902952,1358,gene
56077,18901594,18901802,208,mRNA
56078,18901881,18902952,1071,mRNA
56079,18901731,18901802,71,CDS
56080,18901881,18902909,1028,CDS
56081,18903057,18904930,1873,gene
56082,18904762,18904930,168,mRNA
56083,18903057,18904689,1632,mRNA
56084,18904762,18904794,32,CDS
56085,18903145,18904689,1544,CDS
56086,18905372,18908974,3602,gene
56087,18905372,18905591,219,mRNA
56088,18905659,18907177,1518,mRNA
56089,18907259,18908212,953,mRNA
56090,18908286,18908974,688,mRNA
56091,18905372,18905591,219,mRNA
56092,18905659,18907177,1518,mRNA
56093,18907259,18908212,953,mRNA
56094,18908286,18908901,615,mRNA
56095,18905494,18905591,97,CDS
56096,18905659,18907177,1518,CDS
56097,18907259,18908212,953,CDS
56098,18908286,18908510,224,CDS
56099,18905494,18905591,97,CDS
56100,18905659,18907177,1518,CDS
56101,18907259,18908212,953,CDS
56102,18908286,18908510,224,CDS
56103,18908260,18914150,5890,gene
56104,18913956,18914150,194,mRNA
56105,18913806,18913901,95,mRNA
56106,18913500,18913742,242,mRNA
56107,18913027,18913448,421,mRNA
56108,18909981,18910686,705,mRNA
56109,18909024,18909907,883,mRNA
56110,18908260,18908790,530,mRNA
56111,18908260,18911182,2922,gene
56112,18910969,18911182,213,mRNA
56113,18909981,18910686,705,mRNA
56114,18909024,18909884,860,mRNA
56115,18908260,18908790,530,mRNA
56116,18910969,18911182,213,CDS
56117,18909981,18910686,705,CDS
56118,18909024,18909884,860,CDS
56119,18908544,18908790,246,CDS
56120,18913956,18914150,194,mRNA
56121,18913806,18913901,95,mRNA
56122,18913500,18913742,242,mRNA
56123,18912974,18913448,474,mRNA
56124,18913956,18914070,114,CDS
56125,18913806,18913901,95,CDS
56126,18913500,18913742,242,CDS
56127,18913033,18913448,415,CDS
56128,18913956,18914070,114,CDS
56129,18913806,18913901,95,CDS
56130,18913500,18913742,242,CDS
56131,18913033,18913448,415,CDS
56132,18917581,18919259,1678,gene
56133,18917581,18917746,165,mRNA
56134,18918101,18919259,1158,mRNA
56135,18917581,18917746,165,CDS
56136,18918101,18919227,1126,CDS
56137,18919224,18920319,1095,gene
56138,18920008,18920319,311,mRNA
56139,18919672,18919948,276,mRNA
56140,18919224,18919622,398,mRNA
56141,18920008,18920300,292,CDS
56142,18919672,18919948,276,CDS
56143,18919224,18919622,398,CDS
56144,18920004,18920319,315,mRNA
56145,18919672,18919948,276,mRNA
56146,18919226,18919622,396,mRNA
56147,18920004,18920300,296,CDS
56148,18920430,18922108,1678,gene
56149,18921957,18922108,151,mRNA
56150,18920430,18921699,1269,mRNA
56151,18921957,18922108,151,mRNA
56152,18920524,18921699,1175,mRNA
56153,18921957,18922092,135,CDS
56154,18920564,18921699,1135,CDS
56155,18921957,18922092,135,CDS
56156,18920564,18921699,1135,CDS
56157,18922419,18946038,23619,gene
56158,18945733,18946038,305,mRNA
56159,18932758,18933052,294,mRNA
56160,18930591,18930678,87,mRNA
56161,18930065,18930150,85,mRNA
56162,18928150,18928257,107,mRNA
56163,18926180,18926239,59,mRNA
56164,18924704,18924775,71,mRNA
56165,18922419,18924392,1973,mRNA
56166,18932758,18932865,107,CDS
56167,18930591,18930678,87,CDS
56168,18930065,18930150,85,CDS
56169,18928150,18928257,107,CDS
56170,18926180,18926239,59,CDS
56171,18924704,18924775,71,CDS
56172,18923808,18924392,584,CDS
56173,18925090,18926108,1018,gene
56174,18925090,18925387,297,mRNA
56175,18925436,18925585,149,mRNA
56176,18925814,18926108,294,mRNA
56177,18925091,18925387,296,mRNA
56178,18925454,18925585,131,mRNA
56179,18925814,18926108,294,mRNA
56180,18925169,18925387,218,CDS
56181,18925436,18925585,149,CDS
56182,18925814,18926086,272,CDS
56183,18925169,18925387,218,CDS
56184,18925454,18925585,131,CDS
56185,18925814,18926086,272,CDS
56186,18933429,18933497,68,mobile_element
56187,18950629,18955406,4777,gene
56188,18950629,18950714,85,mRNA
56189,18953598,18953886,288,mRNA
56190,18954254,18954666,412,mRNA
56191,18954729,18954859,130,mRNA
56192,18954925,18955115,190,mRNA
56193,18955208,18955406,198,mRNA
56194,18953763,18953886,123,CDS
56195,18954254,18954666,412,CDS
56196,18954729,18954859,130,CDS
56197,18954925,18955115,190,CDS
56198,18955208,18955335,127,CDS
56199,18979368,18979590,222,gene
56200,18979368,18979590,222,ncRNA
56201,18984961,18985634,673,gene
56202,18984961,18985634,673,mRNA
56203,18985014,18985481,467,CDS
56204,18985905,18988323,2418,gene
56205,18985905,18988323,2418,mRNA
56206,18986059,18988158,2099,CDS
56207,18988736,18989815,1079,gene
56208,18989603,18989815,212,mRNA
56209,18989467,18989533,66,mRNA
56210,18988736,18989217,481,mRNA
56211,18989603,18989722,119,CDS
56212,18989467,18989533,66,CDS
56213,18988898,18989217,319,CDS
56214,18990026,18998283,8257,gene
56215,18998001,18998283,282,mRNA
56216,18990026,18992725,2699,mRNA
56217,18995431,18995809,378,mRNA
56218,18990026,18992725,2699,mRNA
56219,18993726,18993993,267,mRNA
56220,18990026,18992725,2699,mRNA
56221,18990026,18993167,3141,mRNA
56222,18990026,18992816,2790,mRNA
56223,18998001,18998012,11,CDS
56224,18990827,18992725,1898,CDS
56225,18995431,18995493,62,CDS
56226,18990827,18992725,1898,CDS
56227,18993726,18993962,236,CDS
56228,18990827,18992725,1898,CDS
56229,18990827,18993139,2312,CDS
56230,18990827,18992776,1949,CDS
56231,18997875,19000608,2733,gene
56232,19000299,19000608,309,mRNA
56233,18998946,19000242,1296,mRNA
56234,18998508,18998851,343,mRNA
56235,18997875,18998445,570,mRNA
56236,19000299,19000520,221,CDS
56237,18998946,19000242,1296,CDS
56238,18998523,18998851,328,CDS
56239,19000985,19003252,2267,gene
56240,19002067,19003252,1185,mRNA
56241,19001449,19001710,261,mRNA
56242,19000985,19001392,407,mRNA
56243,19002067,19003086,1019,CDS
56244,19001449,19001710,261,CDS
56245,19001082,19001392,310,CDS
56246,19003741,19045449,41708,gene
56247,19044304,19045449,1145,mRNA
56248,19010595,19011058,463,mRNA
56249,19007442,19008254,812,mRNA
56250,19003741,19005991,2250,mRNA
56251,19044304,19045449,1145,mRNA
56252,19010595,19011058,463,mRNA
56253,19007442,19008254,812,mRNA
56254,19006546,19006922,376,mRNA
56255,19003741,19005991,2250,mRNA
56256,19044304,19045449,1145,mRNA
56257,19010595,19011058,463,mRNA
56258,19007431,19008254,823,mRNA
56259,19003741,19005991,2250,mRNA
56260,19044304,19044367,63,CDS
56261,19010595,19011058,463,CDS
56262,19007442,19008254,812,CDS
56263,19006546,19006922,376,CDS
56264,19004923,19005991,1068,CDS
56265,19044304,19044367,63,CDS
56266,19010595,19011058,463,CDS
56267,19007431,19008254,823,CDS
56268,19004923,19005991,1068,CDS
56269,19044304,19044367,63,CDS
56270,19010595,19011058,463,CDS
56271,19007442,19008254,812,CDS
56272,19005671,19005991,320,CDS
56273,19008900,19009168,268,mobile_element
56274,19033317,19033900,583,gene
56275,19033317,19033900,583,ncRNA
56276,19050757,19052026,1269,gene
56277,19051033,19052026,993,mRNA
56278,19050757,19050960,203,mRNA
56279,19051033,19052026,993,mRNA
56280,19050757,19050963,206,mRNA
56281,19051033,19052026,993,CDS
56282,19050791,19050960,169,CDS
56283,19051033,19052026,993,CDS
56284,19050791,19050963,172,CDS
56285,19052302,19052790,488,gene
56286,19052302,19052790,488,ncRNA
56287,19052902,19053389,487,gene
56288,19052902,19053389,487,mRNA
56289,19053022,19053389,367,mRNA
56290,19053166,19053297,131,CDS
56291,19053166,19053297,131,CDS
56292,19059400,19062816,3416,gene
56293,19062003,19062816,813,mRNA
56294,19061741,19061935,194,mRNA
56295,19061387,19061600,213,mRNA
56296,19059400,19061330,1930,mRNA
56297,19062003,19062816,813,mRNA
56298,19061741,19061935,194,mRNA
56299,19061387,19061600,213,mRNA
56300,19059772,19061330,1558,mRNA
56301,19062003,19062448,445,CDS
56302,19061741,19061935,194,CDS
56303,19061387,19061600,213,CDS
56304,19060275,19061330,1055,CDS
56305,19062003,19062448,445,CDS
56306,19061741,19061935,194,CDS
56307,19061387,19061600,213,CDS
56308,19060275,19061330,1055,CDS
56309,19063165,19066151,2986,gene
56310,19063165,19063716,551,mRNA
56311,19064327,19064595,268,mRNA
56312,19064845,19065383,538,mRNA
56313,19065450,19066151,701,mRNA
56314,19063701,19063716,15,CDS
56315,19064327,19064595,268,CDS
56316,19064845,19065383,538,CDS
56317,19065450,19065609,159,CDS
56318,19066155,19086426,20271,gene
56319,19085321,19086426,1105,mRNA
56320,19069982,19070099,117,mRNA
56321,19069682,19069889,207,mRNA
56322,19069487,19069622,135,mRNA
56323,19066155,19069282,3127,mRNA
56324,19085321,19086426,1105,mRNA
56325,19069982,19070099,117,mRNA
56326,19069682,19069889,207,mRNA
56327,19069487,19069622,135,mRNA
56328,19067732,19069282,1550,mRNA
56329,19072357,19072396,39,mRNA
56330,19069982,19070099,117,mRNA
56331,19069682,19069889,207,mRNA
56332,19069487,19069622,135,mRNA
56333,19067732,19069282,1550,mRNA
56334,19085321,19086426,1105,mRNA
56335,19069982,19070099,117,mRNA
56336,19069682,19069889,207,mRNA
56337,19069487,19069622,135,mRNA
56338,19068368,19069282,914,mRNA
56339,19085321,19085723,402,CDS
56340,19069982,19070099,117,CDS
56341,19069682,19069889,207,CDS
56342,19069487,19069622,135,CDS
56343,19068654,19069282,628,CDS
56344,19085321,19085723,402,CDS
56345,19069982,19070099,117,CDS
56346,19069682,19069889,207,CDS
56347,19069487,19069622,135,CDS
56348,19068912,19069282,370,CDS
56349,19085321,19085723,402,CDS
56350,19069982,19070099,117,CDS
56351,19069682,19069889,207,CDS
56352,19069487,19069622,135,CDS
56353,19068912,19069282,370,CDS
56354,19069982,19069992,10,CDS
56355,19069682,19069889,207,CDS
56356,19069487,19069622,135,CDS
56357,19068912,19069282,370,CDS
56358,19090583,19090975,392,gene
56359,19090583,19090975,392,ncRNA
56360,19092670,19094760,2090,gene
56361,19092670,19093320,650,mRNA
56362,19093399,19093440,41,mRNA
56363,19093663,19094760,1097,mRNA
56364,19092670,19093320,650,mRNA
56365,19093663,19094760,1097,mRNA
56366,19092810,19093320,510,CDS
56367,19093399,19093440,41,CDS
56368,19093663,19094564,901,CDS
56369,19092810,19093320,510,CDS
56370,19093663,19094564,901,CDS
56371,19094890,19096217,1327,gene
56372,19094890,19096217,1327,mRNA
56373,19095477,19096142,665,CDS
56374,19096399,19097709,1310,gene
56375,19097306,19097709,403,mRNA
56376,19096399,19097227,828,mRNA
56377,19097306,19097632,326,CDS
56378,19096652,19097227,575,CDS
56379,19097999,19099064,1065,gene
56380,19097999,19098210,211,mRNA
56381,19098269,19099064,795,mRNA
56382,19098163,19098210,47,CDS
56383,19098269,19099030,761,CDS
56384,19099123,19100363,1240,gene
56385,19100344,19100363,19,mRNA
56386,19100054,19100276,222,mRNA
56387,19099123,19100002,879,mRNA
56388,19100054,19100355,301,mRNA
56389,19099123,19100002,879,mRNA
56390,19100054,19100269,215,CDS
56391,19099481,19100002,521,CDS
56392,19100054,19100269,215,CDS
56393,19099481,19100002,521,CDS
56394,19105381,19138975,33594,gene
56395,19138878,19138975,97,mRNA
56396,19136442,19136788,346,mRNA
56397,19112414,19112519,105,mRNA
56398,19110093,19110392,299,mRNA
56399,19105381,19108390,3009,mRNA
56400,19138878,19138975,97,mRNA
56401,19136442,19136788,346,mRNA
56402,19112414,19112519,105,mRNA
56403,19110093,19110392,299,mRNA
56404,19106843,19108390,1547,mRNA
56405,19138878,19138975,97,mRNA
56406,19136442,19136788,346,mRNA
56407,19112414,19112519,105,mRNA
56408,19110093,19110392,299,mRNA
56409,19106843,19108390,1547,mRNA
56410,19112414,19112419,5,CDS
56411,19110093,19110392,299,CDS
56412,19107104,19108390,1286,CDS
56413,19112414,19112419,5,CDS
56414,19110093,19110392,299,CDS
56415,19107275,19108390,1115,CDS
56416,19112414,19112419,5,CDS
56417,19110093,19110392,299,CDS
56418,19107275,19108390,1115,CDS
56419,19115676,19115812,136,mobile_element
56420,19117098,19124487,7389,mobile_element
56421,19128450,19129665,1215,gene
56422,19128714,19129665,951,mRNA
56423,19128450,19128646,196,mRNA
56424,19128714,19129665,951,CDS
56425,19128528,19128646,118,CDS
56426,19140975,19235373,94398,gene
56427,19170519,19170648,129,mRNA
56428,19160619,19160685,66,mRNA
56429,19140975,19146473,5498,mRNA
56430,19169844,19170648,804,mRNA
56431,19160619,19160685,66,mRNA
56432,19142233,19146473,4240,mRNA
56433,19235014,19235373,359,mRNA
56434,19232324,19232572,248,mRNA
56435,19211467,19211511,44,mRNA
56436,19185668,19185715,47,mRNA
56437,19160619,19160685,66,mRNA
56438,19142898,19146473,3575,mRNA
56439,19234805,19235373,568,mRNA
56440,19232324,19232572,248,mRNA
56441,19211467,19211511,44,mRNA
56442,19199472,19199514,42,mRNA
56443,19185668,19185715,47,mRNA
56444,19160619,19160685,66,mRNA
56445,19142898,19146473,3575,mRNA
56446,19170453,19170648,195,mRNA
56447,19160619,19160685,66,mRNA
56448,19142898,19146473,3575,mRNA
56449,19169844,19170648,804,mRNA
56450,19160619,19160685,66,mRNA
56451,19142898,19146473,3575,mRNA
56452,19146664,19146760,96,mRNA
56453,19142898,19146473,3575,mRNA
56454,19143866,19146286,2420,CDS
56455,19144202,19146286,2084,CDS
56456,19144202,19146286,2084,CDS
56457,19144202,19146286,2084,CDS
56458,19144202,19146286,2084,CDS
56459,19144202,19146286,2084,CDS
56460,19144202,19146286,2084,CDS
56461,19183998,19184726,728,gene
56462,19183998,19184726,728,ncRNA
56463,19208114,19209429,1315,mobile_element
56464,19229061,19230102,1041,gene
56465,19229061,19230102,1041,ncRNA
56466,19236360,19237057,697,gene
56467,19236360,19236434,74,mRNA
56468,19236494,19236811,317,mRNA
56469,19236878,19237057,179,mRNA
56470,19236360,19236434,74,CDS
56471,19236494,19236811,317,CDS
56472,19236878,19237057,179,CDS
56473,19239864,19240139,275,gene
56474,19240090,19240139,49,ncRNA
56475,19239864,19240032,168,ncRNA
56476,19240086,19240139,53,ncRNA
56477,19239864,19240032,168,ncRNA
56478,19248529,19249689,1160,gene
56479,19248529,19248816,287,ncRNA
56480,19249128,19249689,561,ncRNA
56481,19253290,19255061,1771,gene
56482,19254910,19255061,151,mRNA
56483,19253290,19254833,1543,mRNA
56484,19254910,19255061,151,mRNA
56485,19254120,19254833,713,mRNA
56486,19254910,19255061,151,mRNA
56487,19254244,19254833,589,mRNA
56488,19254910,19254979,69,CDS
56489,19254298,19254833,535,CDS
56490,19254910,19254979,69,CDS
56491,19254298,19254833,535,CDS
56492,19254910,19254979,69,CDS
56493,19254298,19254833,535,CDS
56494,19255340,19257111,1771,gene
56495,19255340,19257111,1771,mRNA
56496,19255340,19255383,43,mRNA
56497,19255442,19257111,1669,mRNA
56498,19255340,19257046,1706,mRNA
56499,19255515,19256960,1445,CDS
56500,19255515,19256960,1445,CDS
56501,19255515,19256960,1445,CDS
56502,19257282,19260679,3397,gene
56503,19260533,19260679,146,mRNA
56504,19260115,19260230,115,mRNA
56505,19258538,19259568,1030,mRNA
56506,19257282,19258364,1082,mRNA
56507,19260549,19260679,130,mRNA
56508,19260115,19260230,115,mRNA
56509,19258538,19259568,1030,mRNA
56510,19257412,19258364,952,mRNA
56511,19260646,19260679,33,mRNA
56512,19260115,19260230,115,mRNA
56513,19258538,19259568,1030,mRNA
56514,19257878,19258364,486,mRNA
56515,19260115,19260223,108,CDS
56516,19258538,19259568,1030,CDS
56517,19258011,19258364,353,CDS
56518,19260115,19260223,108,CDS
56519,19258538,19259568,1030,CDS
56520,19258011,19258364,353,CDS
56521,19260115,19260223,108,CDS
56522,19258538,19259568,1030,CDS
56523,19258011,19258364,353,CDS
56524,19260040,19260895,855,gene
56525,19260040,19260895,855,ncRNA
56526,19261394,19262437,1043,gene
56527,19261394,19261655,261,mRNA
56528,19261713,19262437,724,mRNA
56529,19261394,19261607,213,mRNA
56530,19261713,19262154,441,mRNA
56531,19261750,19262103,353,CDS
56532,19261750,19262103,353,CDS
56533,19262232,19264184,1952,gene
56534,19263981,19264184,203,mRNA
56535,19263840,19263905,65,mRNA
56536,19263417,19263524,107,mRNA
56537,19263084,19263207,123,mRNA
56538,19262232,19263018,786,mRNA
56539,19263981,19264184,203,mRNA
56540,19263840,19263905,65,mRNA
56541,19263417,19263524,107,mRNA
56542,19263084,19263207,123,mRNA
56543,19262526,19263018,492,mRNA
56544,19263981,19264184,203,mRNA
56545,19263840,19263905,65,mRNA
56546,19263417,19263524,107,mRNA
56547,19263084,19263207,123,mRNA
56548,19262699,19263018,319,mRNA
56549,19263981,19264025,44,CDS
56550,19263840,19263905,65,CDS
56551,19263417,19263524,107,CDS
56552,19263084,19263207,123,CDS
56553,19262876,19263018,142,CDS
56554,19263981,19264025,44,CDS
56555,19263840,19263905,65,CDS
56556,19263417,19263524,107,CDS
56557,19263084,19263207,123,CDS
56558,19262876,19263018,142,CDS
56559,19263981,19264025,44,CDS
56560,19263840,19263905,65,CDS
56561,19263417,19263524,107,CDS
56562,19263084,19263207,123,CDS
56563,19262876,19263018,142,CDS
56564,19263766,19266838,3072,gene
56565,19263766,19266838,3072,gene
56566,19263766,19264096,330,mRNA
56567,19264327,19264622,295,mRNA
56568,19264681,19265443,762,mRNA
56569,19266594,19266838,244,mRNA
56570,19263766,19264096,330,mRNA
56571,19264327,19264622,295,mRNA
56572,19264681,19265443,762,mRNA
56573,19266594,19266838,244,mRNA
56574,19264404,19264622,218,mRNA
56575,19264681,19265443,762,mRNA
56576,19266594,19266838,244,mRNA
56577,19264404,19264622,218,mRNA
56578,19264681,19265443,762,mRNA
56579,19266594,19266838,244,mRNA
56580,19264497,19264622,125,CDS
56581,19264681,19264944,263,CDS
56582,19264497,19264622,125,CDS
56583,19264681,19264944,263,CDS
56584,19264956,19265443,487,CDS
56585,19266594,19266747,153,CDS
56586,19264956,19265443,487,CDS
56587,19266594,19266747,153,CDS
56588,19265613,19265735,122,mobile_element
56589,19266061,19266838,777,gene
56590,19266061,19266358,297,mRNA
56591,19266594,19266838,244,mRNA
56592,19266061,19266472,411,mRNA
56593,19266079,19266357,278,CDS
56594,19266079,19266357,278,CDS
56595,19266473,19268913,2440,gene
56596,19268849,19268913,64,mRNA
56597,19266473,19268460,1987,mRNA
56598,19266837,19268459,1622,CDS
56599,19269351,19274168,4817,gene
56600,19269351,19269514,163,mRNA
56601,19269573,19269676,103,mRNA
56602,19271212,19271293,81,mRNA
56603,19271353,19272114,761,mRNA
56604,19272209,19272620,411,mRNA
56605,19272685,19273149,464,mRNA
56606,19273210,19274168,958,mRNA
56607,19269440,19269514,74,CDS
56608,19269573,19269676,103,CDS
56609,19271212,19271293,81,CDS
56610,19271353,19272114,761,CDS
56611,19272209,19272620,411,CDS
56612,19272685,19273149,464,CDS
56613,19273210,19273934,724,CDS
56614,19269772,19270642,870,gene
56615,19269772,19270642,870,mRNA
56616,19269772,19270642,870,CDS
56617,19275791,19279919,4128,gene
56618,19275791,19276719,928,mRNA
56619,19278929,19278989,60,mRNA
56620,19279040,19279114,74,mRNA
56621,19279385,19279633,248,mRNA
56622,19279698,19279919,221,mRNA
56623,19276593,19276719,126,CDS
56624,19278929,19278989,60,CDS
56625,19279040,19279114,74,CDS
56626,19279385,19279633,248,CDS
56627,19279698,19279824,126,CDS
56628,19280120,19280800,680,gene
56629,19280120,19280800,680,mRNA
56630,19280126,19280800,674,CDS
56631,19281364,19292766,11402,gene
56632,19291480,19292766,1286,mRNA
56633,19285224,19285413,189,mRNA
56634,19281364,19285100,3736,mRNA
56635,19291480,19292524,1044,mRNA
56636,19285224,19285413,189,mRNA
56637,19281928,19285100,3172,mRNA
56638,19291480,19291672,192,mRNA
56639,19285224,19285413,189,mRNA
56640,19281928,19285100,3172,mRNA
56641,19288392,19288569,177,mRNA
56642,19285224,19285413,189,mRNA
56643,19281928,19285100,3172,mRNA
56644,19285224,19285391,167,CDS
56645,19283223,19285100,1877,CDS
56646,19285224,19285391,167,CDS
56647,19283223,19285100,1877,CDS
56648,19285224,19285391,167,CDS
56649,19283223,19285100,1877,CDS
56650,19285224,19285391,167,CDS
56651,19283223,19285100,1877,CDS
56652,19293983,19294253,270,mobile_element
56653,19294564,19298830,4266,gene
56654,19294564,19295098,534,mRNA
56655,19297046,19297212,166,mRNA
56656,19297277,19297448,171,mRNA
56657,19297519,19298219,700,mRNA
56658,19298278,19298830,552,mRNA
56659,19294727,19295198,471,gene
56660,19294727,19295198,471,ncRNA
56661,19294767,19295098,331,mRNA
56662,19296143,19296296,153,mRNA
56663,19296351,19296559,208,mRNA
56664,19296613,19296843,230,mRNA
56665,19297046,19297212,166,mRNA
56666,19297277,19297448,171,mRNA
56667,19297519,19298219,700,mRNA
56668,19298278,19298830,552,mRNA
56669,19294767,19295098,331,mRNA
56670,19297046,19297212,166,mRNA
56671,19297277,19297448,171,mRNA
56672,19297519,19298219,700,mRNA
56673,19298278,19298830,552,mRNA
56674,19297046,19297212,166,CDS
56675,19297277,19297448,171,CDS
56676,19297519,19298219,700,CDS
56677,19298278,19298344,66,CDS
56678,19297046,19297212,166,CDS
56679,19297277,19297448,171,CDS
56680,19297519,19298219,700,CDS
56681,19298278,19298344,66,CDS
56682,19297046,19297212,166,CDS
56683,19297277,19297448,171,CDS
56684,19297519,19298219,700,CDS
56685,19298278,19298344,66,CDS
56686,19298623,19337609,38986,gene
56687,19337342,19337609,267,mRNA
56688,19318784,19318950,166,mRNA
56689,19313156,19313214,58,mRNA
56690,19299638,19300197,559,mRNA
56691,19299396,19299550,154,mRNA
56692,19298623,19299137,514,mRNA
56693,19337342,19337430,88,CDS
56694,19318784,19318950,166,CDS
56695,19313156,19313214,58,CDS
56696,19299638,19300197,559,CDS
56697,19299396,19299550,154,CDS
56698,19298926,19299137,211,CDS
56699,19337342,19337609,267,mRNA
56700,19318784,19318950,166,mRNA
56701,19313156,19313214,58,mRNA
56702,19300971,19301530,559,mRNA
56703,19300764,19300918,154,mRNA
56704,19300401,19300681,280,mRNA
56705,19337342,19337430,88,CDS
56706,19318784,19318950,166,CDS
56707,19313156,19313214,58,CDS
56708,19300971,19301530,559,CDS
56709,19300764,19300918,154,CDS
56710,19300506,19300681,175,CDS
56711,19337342,19337609,267,mRNA
56712,19318784,19318950,166,mRNA
56713,19313156,19313214,58,mRNA
56714,19301936,19302495,559,mRNA
56715,19301551,19301873,322,mRNA
56716,19337342,19337430,88,CDS
56717,19318784,19318950,166,CDS
56718,19313156,19313214,58,CDS
56719,19301936,19302495,559,CDS
56720,19301672,19301873,201,CDS
56721,19337342,19337609,267,mRNA
56722,19318784,19318950,166,mRNA
56723,19313156,19313214,58,mRNA
56724,19303110,19303669,559,mRNA
56725,19302884,19303038,154,mRNA
56726,19302505,19302827,322,mRNA
56727,19337342,19337430,88,CDS
56728,19318784,19318950,166,CDS
56729,19313156,19313214,58,CDS
56730,19303110,19303669,559,CDS
56731,19302884,19303038,154,CDS
56732,19302640,19302827,187,CDS
56733,19337342,19337609,267,mRNA
56734,19318784,19318950,166,mRNA
56735,19313156,19313214,58,mRNA
56736,19304360,19304922,562,mRNA
56737,19304140,19304294,154,mRNA
56738,19303672,19304073,401,mRNA
56739,19337342,19337430,88,CDS
56740,19318784,19318950,166,CDS
56741,19313156,19313214,58,CDS
56742,19304360,19304922,562,CDS
56743,19304140,19304294,154,CDS
56744,19303883,19304073,190,CDS
56745,19337342,19337609,267,mRNA
56746,19318784,19318950,166,mRNA
56747,19313156,19313214,58,mRNA
56748,19305953,19306512,559,mRNA
56749,19305740,19305894,154,mRNA
56750,19305255,19305554,299,mRNA
56751,19337342,19337430,88,CDS
56752,19318784,19318950,166,CDS
56753,19313156,19313214,58,CDS
56754,19305953,19306512,559,CDS
56755,19305740,19305894,154,CDS
56756,19305328,19305554,226,CDS
56757,19337342,19337609,267,mRNA
56758,19318784,19318950,166,mRNA
56759,19313156,19313214,58,mRNA
56760,19307324,19307880,556,mRNA
56761,19306948,19307102,154,mRNA
56762,19306651,19306885,234,mRNA
56763,19337342,19337430,88,CDS
56764,19318784,19318950,166,CDS
56765,19313156,19313214,58,CDS
56766,19307324,19307880,556,CDS
56767,19306948,19307102,154,CDS
56768,19306719,19306885,166,CDS
56769,19337342,19337609,267,mRNA
56770,19318784,19318950,166,mRNA
56771,19313156,19313214,58,mRNA
56772,19308756,19309073,317,mRNA
56773,19308455,19308699,244,mRNA
56774,19308241,19308395,154,mRNA
56775,19307994,19308178,184,mRNA
56776,19337342,19337430,88,CDS
56777,19318784,19318950,166,CDS
56778,19313156,19313214,58,CDS
56779,19308756,19309073,317,CDS
56780,19308455,19308699,244,CDS
56781,19308241,19308395,154,CDS
56782,19308000,19308178,178,CDS
56783,19337342,19337609,267,mRNA
56784,19318784,19318950,166,mRNA
56785,19313156,19313214,58,mRNA
56786,19309952,19310793,841,mRNA
56787,19309741,19309895,154,mRNA
56788,19309331,19309684,353,mRNA
56789,19337342,19337609,267,mRNA
56790,19318784,19318950,166,mRNA
56791,19313156,19313214,58,mRNA
56792,19309952,19310796,844,mRNA
56793,19309741,19309895,154,mRNA
56794,19309331,19309684,353,mRNA
56795,19337342,19337430,88,CDS
56796,19318784,19318950,166,CDS
56797,19313156,19313214,58,CDS
56798,19309952,19310793,841,CDS
56799,19309741,19309895,154,CDS
56800,19309455,19309684,229,CDS
56801,19337342,19337430,88,CDS
56802,19318784,19318950,166,CDS
56803,19313156,19313214,58,CDS
56804,19309952,19310796,844,CDS
56805,19309741,19309895,154,CDS
56806,19309455,19309684,229,CDS
56807,19337342,19337609,267,mRNA
56808,19318784,19318950,166,mRNA
56809,19313156,19313214,58,mRNA
56810,19311619,19312184,565,mRNA
56811,19310894,19311311,417,mRNA
56812,19337342,19337430,88,CDS
56813,19318784,19318950,166,CDS
56814,19313156,19313214,58,CDS
56815,19311619,19312184,565,CDS
56816,19310972,19311311,339,CDS
56817,19340321,19412912,72591,gene
56818,19412374,19412912,538,mRNA
56819,19385855,19386125,270,mRNA
56820,19385398,19385534,136,mRNA
56821,19381372,19381497,125,mRNA
56822,19374736,19374840,104,mRNA
56823,19373492,19373583,91,mRNA
56824,19372166,19372402,236,mRNA
56825,19371086,19371244,158,mRNA
56826,19364620,19364798,178,mRNA
56827,19355391,19355578,187,mRNA
56828,19350234,19350884,650,mRNA
56829,19347872,19348803,931,mRNA
56830,19345352,19345710,358,mRNA
56831,19340321,19343617,3296,mRNA
56832,19412374,19412912,538,mRNA
56833,19385855,19386125,270,mRNA
56834,19385398,19385534,136,mRNA
56835,19381372,19381497,125,mRNA
56836,19374736,19374840,104,mRNA
56837,19373492,19373583,91,mRNA
56838,19372166,19372402,236,mRNA
56839,19371086,19371244,158,mRNA
56840,19364620,19364798,178,mRNA
56841,19355391,19355578,187,mRNA
56842,19350234,19350884,650,mRNA
56843,19347872,19348803,931,mRNA
56844,19345352,19345710,358,mRNA
56845,19340321,19343617,3296,mRNA
56846,19385855,19386125,270,CDS
56847,19385398,19385534,136,CDS
56848,19381372,19381497,125,CDS
56849,19374736,19374840,104,CDS
56850,19373492,19373583,91,CDS
56851,19372166,19372402,236,CDS
56852,19371086,19371244,158,CDS
56853,19364620,19364798,178,CDS
56854,19355391,19355578,187,CDS
56855,19350234,19350884,650,CDS
56856,19347872,19348803,931,CDS
56857,19345352,19345710,358,CDS
56858,19343217,19343617,400,CDS
56859,19385855,19386125,270,CDS
56860,19385398,19385534,136,CDS
56861,19381372,19381497,125,CDS
56862,19374736,19374840,104,CDS
56863,19373492,19373583,91,CDS
56864,19372166,19372402,236,CDS
56865,19371086,19371244,158,CDS
56866,19364620,19364798,178,CDS
56867,19355391,19355578,187,CDS
56868,19350234,19350884,650,CDS
56869,19347872,19348803,931,CDS
56870,19345352,19345710,358,CDS
56871,19343271,19343617,346,CDS
56872,19387580,19390033,2453,gene
56873,19387580,19387771,191,mRNA
56874,19387834,19387866,32,mRNA
56875,19387927,19390033,2106,mRNA
56876,19387602,19387771,169,CDS
56877,19387834,19387866,32,CDS
56878,19387927,19390033,2106,CDS
56879,19390125,19390167,42,mobile_element
56880,19398952,19403653,4701,mobile_element
56881,19405539,19406013,474,gene
56882,19405539,19405573,34,ncRNA
56883,19405737,19406013,276,ncRNA
56884,19420390,19424183,3793,gene
56885,19423774,19424183,409,ncRNA
56886,19423379,19423567,188,ncRNA
56887,19422581,19423323,742,ncRNA
56888,19420390,19422192,1802,ncRNA
56889,19422362,19422580,218,mobile_element
56890,19423774,19424183,409,ncRNA
56891,19423379,19423567,188,ncRNA
56892,19422838,19423323,485,ncRNA
56893,19423379,19424183,804,ncRNA
56894,19422838,19423323,485,ncRNA
56895,19423758,19424146,388,gene
56896,19423758,19423769,11,exon
56897,19423829,19424146,317,exon
56898,19424702,19424926,224,gene
56899,19424702,19424926,224,exon
56900,19425115,19425182,67,mobile_element
56901,19439927,19441195,1268,gene
56902,19440748,19441195,447,ncRNA
56903,19439927,19440675,748,ncRNA
56904,19441719,19446444,4725,gene
56905,19446393,19446444,51,mRNA
56906,19446035,19446310,275,mRNA
56907,19441939,19442393,454,mRNA
56908,19441719,19441868,149,mRNA
56909,19446035,19446383,348,mRNA
56910,19441939,19442393,454,mRNA
56911,19441719,19441868,149,mRNA
56912,19446035,19446118,83,CDS
56913,19442103,19442393,290,CDS
56914,19446035,19446118,83,CDS
56915,19442103,19442393,290,CDS
56916,19447173,19450238,3065,gene
56917,19447173,19450238,3065,mRNA
56918,19447249,19449927,2678,CDS
56919,19454760,19455672,912,gene
56920,19454760,19455672,912,ncRNA
56921,19457455,19457508,53,mobile_element
56922,19464049,19464759,710,gene
56923,19464679,19464759,80,mRNA
56924,19464049,19464608,559,mRNA
56925,19464679,19464690,11,CDS
56926,19464132,19464608,476,CDS
56927,19466567,19467079,512,gene
56928,19467018,19467079,61,mRNA
56929,19466567,19466962,395,mRNA
56930,19467018,19467029,11,CDS
56931,19466606,19466962,356,CDS
56932,19467346,19468160,814,gene
56933,19467346,19467411,65,mRNA
56934,19467471,19468160,689,mRNA
56935,19467346,19467411,65,mRNA
56936,19467471,19467869,398,mRNA
56937,19467400,19467411,11,CDS
56938,19467471,19467809,338,CDS
56939,19467400,19467411,11,CDS
56940,19467471,19467809,338,CDS
56941,19468212,19468810,598,mobile_element
56942,19469083,19471156,2073,mobile_element
56943,19471433,19471469,36,mobile_element
56944,19471470,19471546,76,mobile_element
56945,19471656,19472228,572,gene
56946,19472166,19472228,62,mRNA
56947,19471656,19472106,450,mRNA
56948,19472166,19472177,11,CDS
56949,19471729,19472106,377,CDS
56950,19472491,19473145,654,gene
56951,19472491,19472554,63,mRNA
56952,19472610,19473145,535,mRNA
56953,19472491,19472554,63,mRNA
56954,19472610,19473052,442,mRNA
56955,19472543,19472554,11,CDS
56956,19472610,19472993,383,CDS
56957,19472543,19472554,11,CDS
56958,19472610,19472993,383,CDS
56959,19474731,19475642,911,gene
56960,19474731,19475642,911,ncRNA
56961,19475017,19475578,561,gene
56962,19475513,19475578,65,mRNA
56963,19475017,19475457,440,mRNA
56964,19475513,19475524,11,CDS
56965,19475044,19475457,413,CDS
56966,19475839,19476423,584,gene
56967,19475839,19475901,62,mRNA
56968,19475961,19476423,462,mRNA
56969,19475890,19475901,11,CDS
56970,19475961,19476338,377,CDS
56971,19476516,19476555,39,mobile_element
56972,19476556,19476579,23,mobile_element
56973,19476580,19476894,314,mobile_element
56974,19477121,19477317,196,mobile_element
56975,19477329,19478720,1391,gene
56976,19478300,19478720,420,ncRNA
56977,19477907,19478095,188,ncRNA
56978,19477329,19477851,522,ncRNA
56979,19478284,19478670,386,gene
56980,19478284,19478295,11,exon
56981,19478353,19478670,317,exon
56982,19483826,19486498,2672,gene
56983,19483826,19486498,2672,mRNA
56984,19484283,19486469,2186,CDS
56985,19486745,19488439,1694,gene
56986,19487970,19488439,469,ncRNA
56987,19486745,19487106,361,ncRNA
56988,19487970,19488439,469,ncRNA
56989,19487162,19487249,87,ncRNA
56990,19486745,19487106,361,ncRNA
56991,19487970,19488439,469,ncRNA
56992,19487675,19487767,92,ncRNA
56993,19487162,19487249,87,ncRNA
56994,19486745,19487106,361,ncRNA
56995,19487226,19487657,431,mobile_element
56996,19487560,19488348,788,gene
56997,19487560,19487965,405,mRNA
56998,19488025,19488348,323,mRNA
56999,19487954,19487965,11,CDS
57000,19488025,19488348,323,CDS
57001,19488843,19488983,140,mobile_element
57002,19490973,19491031,58,mobile_element
57003,19492053,19497723,5670,gene
57004,19496551,19497723,1172,mRNA
57005,19494820,19494918,98,mRNA
57006,19494338,19494421,83,mRNA
57007,19493500,19493658,158,mRNA
57008,19492053,19493126,1073,mRNA
57009,19496551,19497290,739,mRNA
57010,19494820,19494918,98,mRNA
57011,19494338,19494421,83,mRNA
57012,19493500,19493658,158,mRNA
57013,19492270,19493126,856,mRNA
57014,19496551,19497042,491,mRNA
57015,19494820,19494918,98,mRNA
57016,19494338,19494421,83,mRNA
57017,19493500,19493658,158,mRNA
57018,19492270,19493126,856,mRNA
57019,19496551,19496704,153,mRNA
57020,19494820,19494918,98,mRNA
57021,19494338,19494421,83,mRNA
57022,19493500,19493658,158,mRNA
57023,19492270,19493126,856,mRNA
57024,19496551,19496712,161,CDS
57025,19494820,19494918,98,CDS
57026,19494338,19494421,83,CDS
57027,19493500,19493658,158,CDS
57028,19492416,19493126,710,CDS
57029,19496551,19496712,161,CDS
57030,19494820,19494918,98,CDS
57031,19494338,19494421,83,CDS
57032,19493500,19493658,158,CDS
57033,19492416,19493126,710,CDS
57034,19496551,19496712,161,CDS
57035,19494820,19494918,98,CDS
57036,19494338,19494421,83,CDS
57037,19493500,19493658,158,CDS
57038,19492416,19493126,710,CDS
57039,19496551,19496673,122,CDS
57040,19494820,19494918,98,CDS
57041,19494338,19494421,83,CDS
57042,19493500,19493658,158,CDS
57043,19492416,19493126,710,CDS
57044,19496551,19497042,491,mRNA
57045,19494820,19494918,98,mRNA
57046,19494338,19494421,83,mRNA
57047,19493339,19493658,319,mRNA
57048,19496551,19496704,153,mRNA
57049,19494820,19494918,98,mRNA
57050,19494338,19494421,83,mRNA
57051,19493339,19493658,319,mRNA
57052,19496551,19496712,161,CDS
57053,19494820,19494918,98,CDS
57054,19494338,19494421,83,CDS
57055,19493470,19493658,188,CDS
57056,19496551,19496673,122,CDS
57057,19494820,19494918,98,CDS
57058,19494338,19494421,83,CDS
57059,19493470,19493658,188,CDS
57060,19498197,19500798,2601,gene
57061,19500538,19500798,260,mRNA
57062,19499623,19499721,98,mRNA
57063,19499475,19499558,83,mRNA
57064,19499256,19499414,158,mRNA
57065,19498197,19499185,988,mRNA
57066,19500538,19500798,260,mRNA
57067,19499623,19499721,98,mRNA
57068,19499475,19499558,83,mRNA
57069,19499256,19499414,158,mRNA
57070,19498402,19499185,783,mRNA
57071,19500538,19500720,182,CDS
57072,19499623,19499721,98,CDS
57073,19499475,19499558,83,CDS
57074,19499256,19499414,158,CDS
57075,19498478,19499185,707,CDS
57076,19500538,19500720,182,CDS
57077,19499623,19499721,98,CDS
57078,19499475,19499558,83,CDS
57079,19499256,19499414,158,CDS
57080,19498478,19499185,707,CDS
57081,19501010,19503870,2860,gene
57082,19503323,19503870,547,mRNA
57083,19502542,19502625,83,mRNA
57084,19502326,19502484,158,mRNA
57085,19501746,19502273,527,mRNA
57086,19501010,19501342,332,mRNA
57087,19503323,19503622,299,CDS
57088,19502542,19502625,83,CDS
57089,19502326,19502484,158,CDS
57090,19501746,19502273,527,CDS
57091,19501145,19501342,197,CDS
57092,19504986,19505295,309,gene
57093,19504986,19505295,309,ncRNA
57094,19517552,19518332,780,gene
57095,19517552,19518332,780,mRNA
57096,19517661,19518275,614,CDS
57097,19519649,19520419,770,gene
57098,19519649,19520419,770,mRNA
57099,19519695,19520291,596,CDS
57100,19520945,19527272,6327,gene
57101,19520945,19521391,446,mRNA
57102,19523237,19523377,140,mRNA
57103,19526023,19527272,1249,mRNA
57104,19521267,19521391,124,mRNA
57105,19523237,19523377,140,mRNA
57106,19526023,19527272,1249,mRNA
57107,19521380,19521391,11,CDS
57108,19523237,19523377,140,CDS
57109,19526023,19527144,1121,CDS
57110,19521380,19521391,11,CDS
57111,19523237,19523377,140,CDS
57112,19526023,19527144,1121,CDS
57113,19532743,19538289,5546,gene
57114,19532743,19533095,352,mRNA
57115,19533603,19536702,3099,mRNA
57116,19536762,19537105,343,mRNA
57117,19537168,19537414,246,mRNA
57118,19537809,19538289,480,mRNA
57119,19532743,19533095,352,mRNA
57120,19533603,19536702,3099,mRNA
57121,19536771,19537105,334,mRNA
57122,19537168,19537414,246,mRNA
57123,19537809,19538289,480,mRNA
57124,19532743,19533095,352,mRNA
57125,19533603,19536702,3099,mRNA
57126,19536771,19537105,334,mRNA
57127,19537168,19537414,246,mRNA
57128,19537809,19537848,39,mRNA
57129,19537920,19538289,369,mRNA
57130,19533090,19533095,5,CDS
57131,19533603,19536702,3099,CDS
57132,19536762,19537105,343,CDS
57133,19537168,19537413,245,CDS
57134,19533090,19533095,5,CDS
57135,19533603,19536702,3099,CDS
57136,19536771,19537105,334,CDS
57137,19537168,19537413,245,CDS
57138,19533090,19533095,5,CDS
57139,19533603,19536702,3099,CDS
57140,19536771,19537105,334,CDS
57141,19537168,19537413,245,CDS
57142,19538425,19544172,5747,gene
57143,19542535,19544172,1637,mRNA
57144,19542298,19542468,170,mRNA
57145,19540278,19542180,1902,mRNA
57146,19538425,19540216,1791,mRNA
57147,19542535,19542954,419,mRNA
57148,19542298,19542468,170,mRNA
57149,19540278,19542180,1902,mRNA
57150,19538425,19540216,1791,mRNA
57151,19542535,19542876,341,CDS
57152,19542298,19542468,170,CDS
57153,19540278,19542180,1902,CDS
57154,19538613,19540216,1603,CDS
57155,19542535,19542876,341,CDS
57156,19542298,19542468,170,CDS
57157,19540278,19542180,1902,CDS
57158,19538613,19540216,1603,CDS
57159,19543100,19543622,522,gene
57160,19543100,19543126,26,mRNA
57161,19543203,19543622,419,mRNA
57162,19543283,19543471,188,CDS
57163,19544345,19552290,7945,gene
57164,19552220,19552290,70,mRNA
57165,19551365,19552158,793,mRNA
57166,19551128,19551307,179,mRNA
57167,19550030,19551071,1041,mRNA
57168,19548664,19549971,1307,mRNA
57169,19548377,19548609,232,mRNA
57170,19548132,19548315,183,mRNA
57171,19547799,19548074,275,mRNA
57172,19547297,19547731,434,mRNA
57173,19547118,19547229,111,mRNA
57174,19545309,19545520,211,mRNA
57175,19544847,19545038,191,mRNA
57176,19544605,19544772,167,mRNA
57177,19544345,19544541,196,mRNA
57178,19552220,19552267,47,CDS
57179,19551365,19552158,793,CDS
57180,19551128,19551307,179,CDS
57181,19550030,19551071,1041,CDS
57182,19548664,19549971,1307,CDS
57183,19548377,19548609,232,CDS
57184,19548132,19548315,183,CDS
57185,19547799,19548074,275,CDS
57186,19547297,19547731,434,CDS
57187,19547118,19547229,111,CDS
57188,19545309,19545520,211,CDS
57189,19544847,19545038,191,CDS
57190,19544605,19544772,167,CDS
57191,19544482,19544541,59,CDS
57192,19545110,19547293,2183,gene
57193,19545110,19545549,439,mRNA
57194,19545683,19545964,281,mRNA
57195,19546133,19546716,583,mRNA
57196,19546773,19547293,520,mRNA
57197,19545604,19545964,360,mRNA
57198,19546133,19546716,583,mRNA
57199,19546773,19547293,520,mRNA
57200,19545684,19545964,280,CDS
57201,19546133,19546716,583,CDS
57202,19546773,19547101,328,CDS
57203,19545684,19545964,280,CDS
57204,19546133,19546716,583,CDS
57205,19546773,19547101,328,CDS
57206,19552420,19554767,2347,gene
57207,19552420,19552607,187,mRNA
57208,19552666,19552830,164,mRNA
57209,19552885,19553248,363,mRNA
57210,19553329,19554767,1438,mRNA
57211,19552476,19552607,131,CDS
57212,19552666,19552830,164,CDS
57213,19552885,19553248,363,CDS
57214,19553329,19554689,1360,CDS
57215,19555533,19557202,1669,gene
57216,19556760,19557202,442,ncRNA
57217,19556221,19556558,337,ncRNA
57218,19555533,19556037,504,ncRNA
57219,19560820,19561190,370,gene
57220,19560820,19561190,370,ncRNA
57221,19562636,19566533,3897,gene
57222,19562636,19566533,3897,ncRNA
57223,19565131,19565208,77,gene
57224,19565131,19565208,77,precursor_RNA
57225,19565140,19565162,22,ncRNA
57226,19565179,19565200,21,ncRNA
57227,19566851,19584568,17717,gene
57228,19584322,19584568,246,mRNA
57229,19574494,19575059,565,mRNA
57230,19572999,19573911,912,mRNA
57231,19572714,19572876,162,mRNA
57232,19572291,19572479,188,mRNA
57233,19569661,19569813,152,mRNA
57234,19566851,19568716,1865,mRNA
57235,19584322,19584568,246,mRNA
57236,19574494,19575059,565,mRNA
57237,19572999,19573911,912,mRNA
57238,19572714,19572876,162,mRNA
57239,19572291,19572479,188,mRNA
57240,19568438,19568716,278,mRNA
57241,19574494,19574695,201,CDS
57242,19572999,19573911,912,CDS
57243,19572714,19572876,162,CDS
57244,19572291,19572479,188,CDS
57245,19568621,19568716,95,CDS
57246,19574494,19574695,201,CDS
57247,19572999,19573911,912,CDS
57248,19572714,19572876,162,CDS
57249,19572291,19572479,188,CDS
57250,19569661,19569813,152,CDS
57251,19568621,19568716,95,CDS
57252,19584311,19584568,257,mRNA
57253,19574494,19575059,565,mRNA
57254,19572999,19573911,912,mRNA
57255,19572714,19572876,162,mRNA
57256,19572291,19572479,188,mRNA
57257,19571582,19572079,497,mRNA
57258,19574494,19574695,201,CDS
57259,19572999,19573911,912,CDS
57260,19572714,19572876,162,CDS
57261,19572291,19572479,188,CDS
57262,19572074,19572079,5,CDS
57263,19585093,19586003,910,gene
57264,19585749,19586003,254,mRNA
57265,19585093,19585684,591,mRNA
57266,19585749,19585970,221,mRNA
57267,19585093,19585684,591,mRNA
57268,19585749,19585915,166,CDS
57269,19585474,19585684,210,CDS
57270,19585749,19585915,166,CDS
57271,19585474,19585684,210,CDS
57272,19586253,19589111,2858,gene
57273,19586253,19586469,216,mRNA
57274,19586535,19586791,256,mRNA
57275,19586892,19587115,223,mRNA
57276,19587174,19587821,647,mRNA
57277,19587881,19588054,173,mRNA
57278,19588123,19588613,490,mRNA
57279,19588680,19588771,91,mRNA
57280,19588831,19589111,280,mRNA
57281,19586382,19586469,87,CDS
57282,19586535,19586791,256,CDS
57283,19586892,19587115,223,CDS
57284,19587174,19587821,647,CDS
57285,19587881,19588054,173,CDS
57286,19588123,19588613,490,CDS
57287,19588680,19588771,91,CDS
57288,19588831,19588983,152,CDS
57289,19589072,19590524,1452,gene
57290,19589403,19590524,1121,mRNA
57291,19589072,19589342,270,mRNA
57292,19589403,19590478,1075,CDS
57293,19589195,19589342,147,CDS
57294,19590773,19598755,7982,gene
57295,19598386,19598755,369,mRNA
57296,19598156,19598256,100,mRNA
57297,19593351,19598093,4742,mRNA
57298,19591818,19593287,1469,mRNA
57299,19591552,19591758,206,mRNA
57300,19590773,19591481,708,mRNA
57301,19598371,19598755,384,mRNA
57302,19598156,19598256,100,mRNA
57303,19593351,19598093,4742,mRNA
57304,19591818,19593287,1469,mRNA
57305,19591552,19591758,206,mRNA
57306,19590773,19591481,708,mRNA
57307,19598156,19598236,80,CDS
57308,19593351,19598093,4742,CDS
57309,19591818,19593287,1469,CDS
57310,19591552,19591758,206,CDS
57311,19591302,19591481,179,CDS
57312,19598156,19598236,80,CDS
57313,19593351,19598093,4742,CDS
57314,19591818,19593287,1469,CDS
57315,19591552,19591758,206,CDS
57316,19591302,19591481,179,CDS
57317,19599088,19601382,2294,gene
57318,19599088,19600044,956,mRNA
57319,19600107,19600276,169,mRNA
57320,19600334,19600789,455,mRNA
57321,19600910,19601382,472,mRNA
57322,19599088,19600044,956,mRNA
57323,19600107,19600276,169,mRNA
57324,19600334,19600789,455,mRNA
57325,19600913,19601382,469,mRNA
57326,19599160,19600044,884,CDS
57327,19600107,19600276,169,CDS
57328,19600334,19600789,455,CDS
57329,19600910,19601219,309,CDS
57330,19599160,19600044,884,CDS
57331,19600107,19600276,169,CDS
57332,19600334,19600789,455,CDS
57333,19600913,19601219,306,CDS
57334,19601633,19604120,2487,gene
57335,19601633,19601976,343,mRNA
57336,19602042,19604120,2078,mRNA
57337,19601633,19601976,343,mRNA
57338,19602042,19602060,18,mRNA
57339,19602656,19604120,1464,mRNA
57340,19601633,19601976,343,mRNA
57341,19602042,19602060,18,mRNA
57342,19602671,19604120,1449,mRNA
57343,19601773,19601976,203,CDS
57344,19602042,19602060,18,CDS
57345,19602656,19602981,325,CDS
57346,19601773,19601976,203,CDS
57347,19602042,19602060,18,CDS
57348,19602671,19602981,310,CDS
57349,19601773,19601976,203,CDS
57350,19602042,19602101,59,CDS
57351,19604398,19606090,1692,gene
57352,19606062,19606090,28,mRNA
57353,19605030,19605446,416,mRNA
57354,19604824,19604974,150,mRNA
57355,19604398,19604763,365,mRNA
57356,19605956,19605971,15,mRNA
57357,19605030,19605446,416,mRNA
57358,19604824,19604974,150,mRNA
57359,19604408,19604763,355,mRNA
57360,19605030,19605251,221,CDS
57361,19604824,19604974,150,CDS
57362,19604675,19604763,88,CDS
57363,19605030,19605251,221,CDS
57364,19604824,19604974,150,CDS
57365,19604675,19604763,88,CDS
57366,19606208,19608368,2160,gene
57367,19606208,19606668,460,mRNA
57368,19606833,19606981,148,mRNA
57369,19607041,19607177,136,mRNA
57370,19607246,19607825,579,mRNA
57371,19608003,19608368,365,mRNA
57372,19606581,19606668,87,CDS
57373,19606833,19606981,148,CDS
57374,19607041,19607177,136,CDS
57375,19607246,19607825,579,CDS
57376,19608003,19608275,272,CDS
57377,19607857,19612199,4342,gene
57378,19611744,19612199,455,mRNA
57379,19611325,19611580,255,mRNA
57380,19610802,19611207,405,mRNA
57381,19610615,19610744,129,mRNA
57382,19610252,19610556,304,mRNA
57383,19609766,19610188,422,mRNA
57384,19608981,19609709,728,mRNA
57385,19608732,19608921,189,mRNA
57386,19607857,19608668,811,mRNA
57387,19611744,19612199,455,mRNA
57388,19611325,19611580,255,mRNA
57389,19610802,19611261,459,mRNA
57390,19610615,19610744,129,mRNA
57391,19610252,19610556,304,mRNA
57392,19609766,19610188,422,mRNA
57393,19608981,19609709,728,mRNA
57394,19608732,19608921,189,mRNA
57395,19607857,19608668,811,mRNA
57396,19611744,19612082,338,CDS
57397,19611325,19611580,255,CDS
57398,19610802,19611207,405,CDS
57399,19610615,19610744,129,CDS
57400,19610252,19610556,304,CDS
57401,19609766,19610188,422,CDS
57402,19608981,19609709,728,CDS
57403,19608732,19608921,189,CDS
57404,19608426,19608668,242,CDS
57405,19611744,19612082,338,CDS
57406,19611325,19611580,255,CDS
57407,19610802,19611261,459,CDS
57408,19610615,19610744,129,CDS
57409,19610252,19610556,304,CDS
57410,19609766,19610188,422,CDS
57411,19608981,19609709,728,CDS
57412,19608732,19608921,189,CDS
57413,19608426,19608668,242,CDS
57414,19612455,19613489,1034,gene
57415,19612455,19613489,1034,mRNA
57416,19612551,19613261,710,CDS
57417,19613427,19618521,5094,gene
57418,19618280,19618521,241,mRNA
57419,19617824,19617985,161,mRNA
57420,19616840,19617764,924,mRNA
57421,19616534,19616782,248,mRNA
57422,19616017,19616479,462,mRNA
57423,19615010,19615922,912,mRNA
57424,19614524,19614949,425,mRNA
57425,19613427,19614393,966,mRNA
57426,19618280,19618521,241,mRNA
57427,19617824,19617985,161,mRNA
57428,19616840,19617764,924,mRNA
57429,19616534,19616782,248,mRNA
57430,19616017,19616479,462,mRNA
57431,19615010,19615922,912,mRNA
57432,19614524,19614949,425,mRNA
57433,19613680,19614393,713,mRNA
57434,19618280,19618445,165,CDS
57435,19617824,19617985,161,CDS
57436,19616840,19617764,924,CDS
57437,19616534,19616782,248,CDS
57438,19616017,19616479,462,CDS
57439,19615010,19615922,912,CDS
57440,19614524,19614949,425,CDS
57441,19613738,19614393,655,CDS
57442,19618280,19618445,165,CDS
57443,19617824,19617985,161,CDS
57444,19616840,19617764,924,CDS
57445,19616534,19616782,248,CDS
57446,19616017,19616479,462,CDS
57447,19615010,19615922,912,CDS
57448,19614524,19614949,425,CDS
57449,19613738,19614393,655,CDS
57450,19618894,19620398,1504,gene
57451,19618894,19620398,1504,mRNA
57452,19618894,19620022,1128,mRNA
57453,19619179,19619835,656,CDS
57454,19619179,19619835,656,CDS
57455,19620502,19624309,3807,gene
57456,19620502,19620692,190,mRNA
57457,19620755,19624309,3554,mRNA
57458,19620607,19620692,85,CDS
57459,19620755,19624193,3438,CDS
57460,19624406,19635783,11377,gene
57461,19635431,19635783,352,mRNA
57462,19634232,19634463,231,mRNA
57463,19629265,19629753,488,mRNA
57464,19628152,19628343,191,mRNA
57465,19627444,19628097,653,mRNA
57466,19627231,19627384,153,mRNA
57467,19626012,19626910,898,mRNA
57468,19624406,19625944,1538,mRNA
57469,19635422,19635646,224,mRNA
57470,19634232,19634463,231,mRNA
57471,19629265,19629753,488,mRNA
57472,19628152,19628343,191,mRNA
57473,19627444,19628097,653,mRNA
57474,19627231,19627384,153,mRNA
57475,19626012,19626910,898,mRNA
57476,19624406,19625944,1538,mRNA
57477,19635481,19635628,147,mRNA
57478,19634232,19634463,231,mRNA
57479,19629265,19629753,488,mRNA
57480,19628152,19628343,191,mRNA
57481,19627444,19628097,653,mRNA
57482,19627231,19627384,153,mRNA
57483,19626012,19626910,898,mRNA
57484,19624406,19625944,1538,mRNA
57485,19632367,19633096,729,mRNA
57486,19629265,19629753,488,mRNA
57487,19628152,19628343,191,mRNA
57488,19627444,19628097,653,mRNA
57489,19627231,19627384,153,mRNA
57490,19626012,19626910,898,mRNA
57491,19625418,19625944,526,mRNA
57492,19634232,19634380,148,CDS
57493,19629265,19629753,488,CDS
57494,19628152,19628343,191,CDS
57495,19627444,19628097,653,CDS
57496,19627231,19627384,153,CDS
57497,19626012,19626910,898,CDS
57498,19625548,19625944,396,CDS
57499,19634232,19634380,148,CDS
57500,19629265,19629753,488,CDS
57501,19628152,19628343,191,CDS
57502,19627444,19628097,653,CDS
57503,19627231,19627384,153,CDS
57504,19626012,19626910,898,CDS
57505,19625548,19625944,396,CDS
57506,19634232,19634380,148,CDS
57507,19629265,19629753,488,CDS
57508,19628152,19628343,191,CDS
57509,19627444,19628097,653,CDS
57510,19627231,19627384,153,CDS
57511,19626012,19626910,898,CDS
57512,19625548,19625944,396,CDS
57513,19632367,19632434,67,CDS
57514,19629265,19629753,488,CDS
57515,19628152,19628343,191,CDS
57516,19627444,19628097,653,CDS
57517,19627231,19627384,153,CDS
57518,19626012,19626910,898,CDS
57519,19625548,19625944,396,CDS
57520,19628542,19629120,578,mobile_element
57521,19637207,19642816,5609,gene
57522,19642352,19642816,464,mRNA
57523,19641894,19642024,130,mRNA
57524,19641065,19641218,153,mRNA
57525,19637207,19640318,3111,mRNA
57526,19642352,19642816,464,mRNA
57527,19641894,19642024,130,mRNA
57528,19641065,19641218,153,mRNA
57529,19639884,19640318,434,mRNA
57530,19637768,19638545,777,mRNA
57531,19642352,19642667,315,CDS
57532,19641894,19642024,130,CDS
57533,19641065,19641218,153,CDS
57534,19639884,19640318,434,CDS
57535,19638451,19638545,94,CDS
57536,19642352,19642816,464,mRNA
57537,19641894,19642024,130,mRNA
57538,19641065,19641218,153,mRNA
57539,19639402,19640318,916,mRNA
57540,19642352,19642667,315,CDS
57541,19641894,19642024,130,CDS
57542,19641065,19641218,153,CDS
57543,19639573,19640318,745,CDS
57544,19642352,19642667,315,CDS
57545,19641894,19642024,130,CDS
57546,19641065,19641218,153,CDS
57547,19639573,19640318,745,CDS
57548,19642352,19642816,464,mRNA
57549,19641894,19642024,130,mRNA
57550,19641065,19641218,153,mRNA
57551,19640359,19640984,625,mRNA
57552,19642352,19642667,315,CDS
57553,19641894,19642024,130,CDS
57554,19641065,19641218,153,CDS
57555,19640488,19640984,496,CDS
57556,19647280,19649851,2571,gene
57557,19649441,19649851,410,mRNA
57558,19647611,19648425,814,mRNA
57559,19647280,19647554,274,mRNA
57560,19649441,19649760,319,CDS
57561,19647611,19648425,814,CDS
57562,19647394,19647554,160,CDS
57563,19650506,19664104,13598,gene
57564,19663279,19663664,385,mRNA
57565,19657096,19657341,245,mRNA
57566,19656810,19656963,153,mRNA
57567,19653290,19653915,625,mRNA
57568,19653068,19653226,158,mRNA
57569,19652647,19652950,303,mRNA
57570,19652148,19652418,270,mRNA
57571,19651471,19651711,240,mRNA
57572,19650506,19651231,725,mRNA
57573,19663279,19663664,385,mRNA
57574,19657096,19657371,275,mRNA
57575,19656810,19656963,153,mRNA
57576,19653290,19653915,625,mRNA
57577,19653068,19653226,158,mRNA
57578,19652647,19652950,303,mRNA
57579,19652148,19652418,270,mRNA
57580,19651414,19651711,297,mRNA
57581,19650506,19651231,725,mRNA
57582,19663874,19664104,230,mRNA
57583,19657096,19657341,245,mRNA
57584,19656810,19656963,153,mRNA
57585,19653290,19653915,625,mRNA
57586,19653068,19653226,158,mRNA
57587,19652647,19652950,303,mRNA
57588,19652148,19652418,270,mRNA
57589,19651471,19651711,240,mRNA
57590,19650818,19651231,413,mRNA
57591,19663279,19663664,385,mRNA
57592,19657096,19657371,275,mRNA
57593,19656810,19656963,153,mRNA
57594,19653290,19653915,625,mRNA
57595,19653068,19653226,158,mRNA
57596,19652647,19652950,303,mRNA
57597,19652148,19652418,270,mRNA
57598,19651471,19651711,240,mRNA
57599,19650818,19651227,409,mRNA
57600,19663279,19663395,116,CDS
57601,19657096,19657341,245,CDS
57602,19656810,19656963,153,CDS
57603,19653290,19653915,625,CDS
57604,19653068,19653226,158,CDS
57605,19652647,19652950,303,CDS
57606,19652148,19652418,270,CDS
57607,19651471,19651711,240,CDS
57608,19650968,19651231,263,CDS
57609,19663279,19663395,116,CDS
57610,19657096,19657371,275,CDS
57611,19656810,19656963,153,CDS
57612,19653290,19653915,625,CDS
57613,19653068,19653226,158,CDS
57614,19652647,19652950,303,CDS
57615,19652148,19652418,270,CDS
57616,19651414,19651711,297,CDS
57617,19650968,19651231,263,CDS
57618,19657096,19657314,218,CDS
57619,19656810,19656963,153,CDS
57620,19653290,19653915,625,CDS
57621,19653068,19653226,158,CDS
57622,19652647,19652950,303,CDS
57623,19652148,19652418,270,CDS
57624,19651471,19651711,240,CDS
57625,19650968,19651231,263,CDS
57626,19663279,19663395,116,CDS
57627,19657096,19657371,275,CDS
57628,19656810,19656963,153,CDS
57629,19653290,19653915,625,CDS
57630,19653068,19653226,158,CDS
57631,19652647,19652950,303,CDS
57632,19652148,19652418,270,CDS
57633,19651471,19651711,240,CDS
57634,19651222,19651227,5,CDS
57635,19678921,19680121,1200,gene
57636,19678921,19680121,1200,ncRNA
57637,19683941,19687353,3412,gene
57638,19687148,19687353,205,mRNA
57639,19686995,19687085,90,mRNA
57640,19686795,19686936,141,mRNA
57641,19685958,19686646,688,mRNA
57642,19685738,19685891,153,mRNA
57643,19683941,19685678,1737,mRNA
57644,19686995,19687353,358,mRNA
57645,19686795,19686936,141,mRNA
57646,19685958,19686640,682,mRNA
57647,19685738,19685891,153,mRNA
57648,19683941,19685678,1737,mRNA
57649,19686995,19687353,358,mRNA
57650,19686795,19686936,141,mRNA
57651,19685958,19686646,688,mRNA
57652,19685738,19685891,153,mRNA
57653,19683941,19685678,1737,mRNA
57654,19684180,19684685,505,mobile_element
57655,19686995,19687235,240,CDS
57656,19686795,19686936,141,CDS
57657,19685958,19686640,682,CDS
57658,19685738,19685891,153,CDS
57659,19684832,19685678,846,CDS
57660,19686995,19687235,240,CDS
57661,19686795,19686936,141,CDS
57662,19685958,19686646,688,CDS
57663,19685738,19685891,153,CDS
57664,19684832,19685678,846,CDS
57665,19686795,19686907,112,CDS
57666,19685958,19686646,688,CDS
57667,19685738,19685891,153,CDS
57668,19684832,19685678,846,CDS
57669,19687637,19689992,2355,gene
57670,19687637,19687796,159,mRNA
57671,19688218,19688663,445,mRNA
57672,19688718,19688919,201,mRNA
57673,19689059,19689188,129,mRNA
57674,19689272,19689358,86,mRNA
57675,19689552,19689992,440,mRNA
57676,19687728,19687796,68,CDS
57677,19688218,19688663,445,CDS
57678,19688718,19688919,201,CDS
57679,19689059,19689188,129,CDS
57680,19689272,19689358,86,CDS
57681,19689552,19689658,106,CDS
57682,19690033,19695260,5227,gene
57683,19695165,19695260,95,mRNA
57684,19694973,19695042,69,mRNA
57685,19692983,19693094,111,mRNA
57686,19692265,19692377,112,mRNA
57687,19691809,19691958,149,mRNA
57688,19690033,19691656,1623,mRNA
57689,19695165,19695260,95,mRNA
57690,19694973,19695042,69,mRNA
57691,19692983,19693094,111,mRNA
57692,19692721,19692851,130,mRNA
57693,19691809,19691958,149,mRNA
57694,19690033,19691656,1623,mRNA
57695,19695165,19695260,95,mRNA
57696,19694973,19695042,69,mRNA
57697,19693500,19693571,71,mRNA
57698,19692983,19693094,111,mRNA
57699,19692721,19692851,130,mRNA
57700,19691809,19691958,149,mRNA
57701,19690033,19691656,1623,mRNA
57702,19694973,19695024,51,CDS
57703,19692983,19693094,111,CDS
57704,19692265,19692377,112,CDS
57705,19691809,19691958,149,CDS
57706,19690506,19691656,1150,CDS
57707,19694973,19695024,51,CDS
57708,19692983,19693094,111,CDS
57709,19692721,19692851,130,CDS
57710,19691809,19691958,149,CDS
57711,19690506,19691656,1150,CDS
57712,19694973,19695024,51,CDS
57713,19693500,19693571,71,CDS
57714,19692983,19693094,111,CDS
57715,19692721,19692851,130,CDS
57716,19691809,19691958,149,CDS
57717,19690506,19691656,1150,CDS
57718,19700977,19708015,7038,gene
57719,19707420,19708015,595,mRNA
57720,19706225,19706397,172,mRNA
57721,19705809,19706058,249,mRNA
57722,19700977,19702498,1521,mRNA
57723,19707420,19707700,280,mRNA
57724,19706225,19706397,172,mRNA
57725,19705809,19706058,249,mRNA
57726,19700977,19702498,1521,mRNA
57727,19707420,19707474,54,CDS
57728,19706225,19706397,172,CDS
57729,19705809,19706058,249,CDS
57730,19701351,19702498,1147,CDS
57731,19707420,19707474,54,CDS
57732,19706225,19706397,172,CDS
57733,19705809,19706058,249,CDS
57734,19701351,19702498,1147,CDS
57735,19708521,19713241,4720,mobile_element
57736,19714418,19718328,3910,gene
57737,19717700,19718328,628,mRNA
57738,19716148,19716998,850,mRNA
57739,19714418,19716007,1589,mRNA
57740,19717700,19718068,368,CDS
57741,19716148,19716998,850,CDS
57742,19715269,19716007,738,CDS
57743,19719527,19793569,74042,gene
57744,19793454,19793569,115,mRNA
57745,19789964,19790254,290,mRNA
57746,19780040,19780279,239,mRNA
57747,19726648,19726873,225,mRNA
57748,19726310,19726507,197,mRNA
57749,19726121,19726186,65,mRNA
57750,19725281,19725493,212,mRNA
57751,19725052,19725206,154,mRNA
57752,19724757,19724979,222,mRNA
57753,19724516,19724687,171,mRNA
57754,19724279,19724439,160,mRNA
57755,19723868,19724158,290,mRNA
57756,19723474,19723806,332,mRNA
57757,19723191,19723356,165,mRNA
57758,19722815,19723121,306,mRNA
57759,19722521,19722749,228,mRNA
57760,19722262,19722426,164,mRNA
57761,19719527,19722174,2647,mRNA
57762,19793454,19793569,115,mRNA
57763,19791448,19791610,162,mRNA
57764,19789964,19790254,290,mRNA
57765,19780040,19780279,239,mRNA
57766,19726648,19726873,225,mRNA
57767,19726310,19726507,197,mRNA
57768,19726121,19726186,65,mRNA
57769,19725281,19725493,212,mRNA
57770,19725052,19725206,154,mRNA
57771,19724757,19724979,222,mRNA
57772,19724516,19724687,171,mRNA
57773,19724279,19724439,160,mRNA
57774,19723868,19724158,290,mRNA
57775,19723474,19723806,332,mRNA
57776,19723191,19723356,165,mRNA
57777,19722815,19723121,306,mRNA
57778,19722521,19722749,228,mRNA
57779,19722262,19722426,164,mRNA
57780,19719527,19722174,2647,mRNA
57781,19790884,19791041,157,mRNA
57782,19789964,19790254,290,mRNA
57783,19780040,19780279,239,mRNA
57784,19726648,19726873,225,mRNA
57785,19726310,19726507,197,mRNA
57786,19726121,19726186,65,mRNA
57787,19725281,19725493,212,mRNA
57788,19725052,19725206,154,mRNA
57789,19724757,19724979,222,mRNA
57790,19724516,19724687,171,mRNA
57791,19724279,19724439,160,mRNA
57792,19723868,19724158,290,mRNA
57793,19723474,19723806,332,mRNA
57794,19723191,19723356,165,mRNA
57795,19722815,19723121,306,mRNA
57796,19722521,19722749,228,mRNA
57797,19722262,19722426,164,mRNA
57798,19719527,19722174,2647,mRNA
57799,19726648,19726815,167,CDS
57800,19726310,19726507,197,CDS
57801,19726121,19726186,65,CDS
57802,19725281,19725493,212,CDS
57803,19725052,19725206,154,CDS
57804,19724757,19724979,222,CDS
57805,19724516,19724687,171,CDS
57806,19724279,19724439,160,CDS
57807,19723868,19724158,290,CDS
57808,19723474,19723806,332,CDS
57809,19723191,19723356,165,CDS
57810,19722815,19723121,306,CDS
57811,19722521,19722749,228,CDS
57812,19722262,19722426,164,CDS
57813,19720444,19722174,1730,CDS
57814,19726648,19726815,167,CDS
57815,19726310,19726507,197,CDS
57816,19726121,19726186,65,CDS
57817,19725281,19725493,212,CDS
57818,19725052,19725206,154,CDS
57819,19724757,19724979,222,CDS
57820,19724516,19724687,171,CDS
57821,19724279,19724439,160,CDS
57822,19723868,19724158,290,CDS
57823,19723474,19723806,332,CDS
57824,19723191,19723356,165,CDS
57825,19722815,19723121,306,CDS
57826,19722521,19722749,228,CDS
57827,19722262,19722426,164,CDS
57828,19720444,19722174,1730,CDS
57829,19726648,19726815,167,CDS
57830,19726310,19726507,197,CDS
57831,19726121,19726186,65,CDS
57832,19725281,19725493,212,CDS
57833,19725052,19725206,154,CDS
57834,19724757,19724979,222,CDS
57835,19724516,19724687,171,CDS
57836,19724279,19724439,160,CDS
57837,19723868,19724158,290,CDS
57838,19723474,19723806,332,CDS
57839,19723191,19723356,165,CDS
57840,19722815,19723121,306,CDS
57841,19722521,19722749,228,CDS
57842,19722262,19722426,164,CDS
57843,19720444,19722174,1730,CDS
57844,19728994,19730402,1408,gene
57845,19728994,19730402,1408,mRNA
57846,19729416,19730222,806,CDS
57847,19745834,19749744,3910,gene
57848,19749116,19749744,628,mRNA
57849,19747564,19748414,850,mRNA
57850,19745834,19747423,1589,mRNA
57851,19749116,19749484,368,CDS
57852,19747564,19748414,850,CDS
57853,19746685,19747423,738,CDS
57854,19750943,19793569,42626,gene
57855,19793454,19793569,115,mRNA
57856,19789964,19790254,290,mRNA
57857,19780040,19780279,239,mRNA
57858,19758063,19758288,225,mRNA
57859,19757725,19757922,197,mRNA
57860,19757536,19757601,65,mRNA
57861,19756697,19756909,212,mRNA
57862,19756468,19756622,154,mRNA
57863,19756173,19756395,222,mRNA
57864,19755932,19756103,171,mRNA
57865,19755695,19755855,160,mRNA
57866,19755284,19755574,290,mRNA
57867,19754890,19755222,332,mRNA
57868,19754607,19754772,165,mRNA
57869,19754231,19754537,306,mRNA
57870,19753937,19754165,228,mRNA
57871,19753678,19753842,164,mRNA
57872,19750943,19753590,2647,mRNA
57873,19793454,19793569,115,mRNA
57874,19791448,19791610,162,mRNA
57875,19789964,19790254,290,mRNA
57876,19780040,19780279,239,mRNA
57877,19758063,19758288,225,mRNA
57878,19757725,19757922,197,mRNA
57879,19757536,19757601,65,mRNA
57880,19756697,19756909,212,mRNA
57881,19756468,19756622,154,mRNA
57882,19756173,19756395,222,mRNA
57883,19755932,19756103,171,mRNA
57884,19755695,19755855,160,mRNA
57885,19755284,19755574,290,mRNA
57886,19754890,19755222,332,mRNA
57887,19754607,19754772,165,mRNA
57888,19754231,19754537,306,mRNA
57889,19753937,19754165,228,mRNA
57890,19753678,19753842,164,mRNA
57891,19750943,19753590,2647,mRNA
57892,19793428,19793569,141,mRNA
57893,19789964,19790254,290,mRNA
57894,19780040,19780279,239,mRNA
57895,19758063,19758288,225,mRNA
57896,19757725,19757922,197,mRNA
57897,19757536,19757601,65,mRNA
57898,19756697,19756909,212,mRNA
57899,19756468,19756622,154,mRNA
57900,19756173,19756395,222,mRNA
57901,19755932,19756103,171,mRNA
57902,19755695,19755855,160,mRNA
57903,19755284,19755574,290,mRNA
57904,19754890,19755222,332,mRNA
57905,19754607,19754772,165,mRNA
57906,19754231,19754537,306,mRNA
57907,19753937,19754165,228,mRNA
57908,19753678,19753842,164,mRNA
57909,19750943,19753590,2647,mRNA
57910,19790884,19791041,157,mRNA
57911,19789964,19790254,290,mRNA
57912,19780040,19780279,239,mRNA
57913,19758063,19758288,225,mRNA
57914,19757725,19757922,197,mRNA
57915,19757536,19757601,65,mRNA
57916,19756697,19756909,212,mRNA
57917,19756468,19756622,154,mRNA
57918,19756173,19756395,222,mRNA
57919,19755932,19756103,171,mRNA
57920,19755695,19755855,160,mRNA
57921,19755284,19755574,290,mRNA
57922,19754890,19755222,332,mRNA
57923,19754607,19754772,165,mRNA
57924,19754231,19754537,306,mRNA
57925,19753937,19754165,228,mRNA
57926,19753678,19753842,164,mRNA
57927,19750943,19753590,2647,mRNA
57928,19758063,19758230,167,CDS
57929,19757725,19757922,197,CDS
57930,19757536,19757601,65,CDS
57931,19756697,19756909,212,CDS
57932,19756468,19756622,154,CDS
57933,19756173,19756395,222,CDS
57934,19755932,19756103,171,CDS
57935,19755695,19755855,160,CDS
57936,19755284,19755574,290,CDS
57937,19754890,19755222,332,CDS
57938,19754607,19754772,165,CDS
57939,19754231,19754537,306,CDS
57940,19753937,19754165,228,CDS
57941,19753678,19753842,164,CDS
57942,19751860,19753590,1730,CDS
57943,19758063,19758230,167,CDS
57944,19757725,19757922,197,CDS
57945,19757536,19757601,65,CDS
57946,19756697,19756909,212,CDS
57947,19756468,19756622,154,CDS
57948,19756173,19756395,222,CDS
57949,19755932,19756103,171,CDS
57950,19755695,19755855,160,CDS
57951,19755284,19755574,290,CDS
57952,19754890,19755222,332,CDS
57953,19754607,19754772,165,CDS
57954,19754231,19754537,306,CDS
57955,19753937,19754165,228,CDS
57956,19753678,19753842,164,CDS
57957,19751860,19753590,1730,CDS
57958,19758063,19758230,167,CDS
57959,19757725,19757922,197,CDS
57960,19757536,19757601,65,CDS
57961,19756697,19756909,212,CDS
57962,19756468,19756622,154,CDS
57963,19756173,19756395,222,CDS
57964,19755932,19756103,171,CDS
57965,19755695,19755855,160,CDS
57966,19755284,19755574,290,CDS
57967,19754890,19755222,332,CDS
57968,19754607,19754772,165,CDS
57969,19754231,19754537,306,CDS
57970,19753937,19754165,228,CDS
57971,19753678,19753842,164,CDS
57972,19751860,19753590,1730,CDS
57973,19758063,19758230,167,CDS
57974,19757725,19757922,197,CDS
57975,19757536,19757601,65,CDS
57976,19756697,19756909,212,CDS
57977,19756468,19756622,154,CDS
57978,19756173,19756395,222,CDS
57979,19755932,19756103,171,CDS
57980,19755695,19755855,160,CDS
57981,19755284,19755574,290,CDS
57982,19754890,19755222,332,CDS
57983,19754607,19754772,165,CDS
57984,19754231,19754537,306,CDS
57985,19753937,19754165,228,CDS
57986,19753678,19753842,164,CDS
57987,19751860,19753590,1730,CDS
57988,19760409,19761817,1408,gene
57989,19760409,19761817,1408,mRNA
57990,19760831,19761637,806,CDS
57991,19761955,19762013,58,mobile_element
57992,19771346,19776073,4727,mobile_element
57993,19793935,19798979,5044,gene
57994,19793935,19794159,224,mRNA
57995,19794224,19794325,101,mRNA
57996,19794899,19796392,1493,mRNA
57997,19796453,19797258,805,mRNA
57998,19797328,19797719,391,mRNA
57999,19797780,19797906,126,mRNA
58000,19798133,19798300,167,mRNA
58001,19798374,19798979,605,mRNA
58002,19793935,19794159,224,mRNA
58003,19794564,19794699,135,mRNA
58004,19794902,19796392,1490,mRNA
58005,19796453,19797258,805,mRNA
58006,19797328,19797719,391,mRNA
58007,19797780,19797906,126,mRNA
58008,19798133,19798300,167,mRNA
58009,19798374,19798979,605,mRNA
58010,19793935,19794159,224,mRNA
58011,19794674,19794699,25,mRNA
58012,19794902,19796392,1490,mRNA
58013,19796453,19797258,805,mRNA
58014,19797328,19797719,391,mRNA
58015,19797780,19797906,126,mRNA
58016,19798133,19798300,167,mRNA
58017,19798374,19798979,605,mRNA
58018,19793935,19794159,224,mRNA
58019,19794899,19796392,1493,mRNA
58020,19796453,19797258,805,mRNA
58021,19797328,19797719,391,mRNA
58022,19797780,19797906,126,mRNA
58023,19798133,19798300,167,mRNA
58024,19798374,19798979,605,mRNA
58025,19794910,19796392,1482,CDS
58026,19796453,19797258,805,CDS
58027,19797328,19797719,391,CDS
58028,19797780,19797906,126,CDS
58029,19798133,19798300,167,CDS
58030,19798374,19798739,365,CDS
58031,19794910,19796392,1482,CDS
58032,19796453,19797258,805,CDS
58033,19797328,19797719,391,CDS
58034,19797780,19797906,126,CDS
58035,19798133,19798300,167,CDS
58036,19798374,19798739,365,CDS
58037,19794910,19796392,1482,CDS
58038,19796453,19797258,805,CDS
58039,19797328,19797719,391,CDS
58040,19797780,19797906,126,CDS
58041,19798133,19798300,167,CDS
58042,19798374,19798739,365,CDS
58043,19794910,19796392,1482,CDS
58044,19796453,19797258,805,CDS
58045,19797328,19797719,391,CDS
58046,19797780,19797906,126,CDS
58047,19798133,19798300,167,CDS
58048,19798374,19798739,365,CDS
58049,19797961,19798059,98,gene
58050,19797961,19798059,98,precursor_RNA
58051,19797986,19798006,20,ncRNA
58052,19798025,19798046,21,ncRNA
58053,19798975,19801291,2316,gene
58054,19800729,19801291,562,mRNA
58055,19799820,19800526,706,mRNA
58056,19798975,19799759,784,mRNA
58057,19799278,19803427,4149,gene
58058,19799278,19799332,54,mRNA
58059,19799384,19799625,241,mRNA
58060,19801446,19801608,162,mRNA
58061,19801666,19801928,262,mRNA
58062,19801991,19802114,123,mRNA
58063,19802166,19802274,108,mRNA
58064,19802336,19802840,504,mRNA
58065,19802898,19803427,529,mRNA
58066,19799278,19799332,54,CDS
58067,19799384,19799625,241,CDS
58068,19801446,19801608,162,CDS
58069,19801666,19801928,262,CDS
58070,19801991,19802114,123,CDS
58071,19802166,19802274,108,CDS
58072,19802336,19802840,504,CDS
58073,19802898,19803377,479,CDS
58074,19800729,19801236,507,CDS
58075,19799820,19800526,706,CDS
58076,19799649,19799759,110,CDS
58077,19801330,19801406,76,mRNA
58078,19801456,19801608,152,mRNA
58079,19801666,19801928,262,mRNA
58080,19801991,19802114,123,mRNA
58081,19802166,19802274,108,mRNA
58082,19802336,19802840,504,mRNA
58083,19802898,19803427,529,mRNA
58084,19801418,19801608,190,mRNA
58085,19801666,19801928,262,mRNA
58086,19801978,19802114,136,mRNA
58087,19802166,19802274,108,mRNA
58088,19802336,19802840,504,mRNA
58089,19802898,19803427,529,mRNA
58090,19801418,19801608,190,mRNA
58091,19801666,19801928,262,mRNA
58092,19801991,19802114,123,mRNA
58093,19802166,19802274,108,mRNA
58094,19802336,19802840,504,mRNA
58095,19802898,19803427,529,mRNA
58096,19801542,19801608,66,CDS
58097,19801666,19801928,262,CDS
58098,19801991,19802114,123,CDS
58099,19802166,19802274,108,CDS
58100,19802336,19802840,504,CDS
58101,19802898,19803377,479,CDS
58102,19801542,19801608,66,CDS
58103,19801666,19801928,262,CDS
58104,19801991,19802114,123,CDS
58105,19802166,19802274,108,CDS
58106,19802336,19802840,504,CDS
58107,19802898,19803377,479,CDS
58108,19801542,19801608,66,CDS
58109,19801666,19801928,262,CDS
58110,19801978,19802013,35,CDS
58111,19803738,19805080,1342,gene
58112,19804477,19805080,603,mRNA
58113,19804288,19804409,121,mRNA
58114,19803738,19804232,494,mRNA
58115,19804477,19805080,603,mRNA
58116,19804288,19804409,121,mRNA
58117,19803923,19804232,309,mRNA
58118,19804477,19805029,552,CDS
58119,19804288,19804409,121,CDS
58120,19804002,19804232,230,CDS
58121,19804477,19805029,552,CDS
58122,19804288,19804409,121,CDS
58123,19804002,19804232,230,CDS
58124,19805181,19806932,1751,gene
58125,19805181,19806452,1271,mRNA
58126,19806510,19806632,122,mRNA
58127,19806686,19806932,246,mRNA
58128,19805241,19806036,795,gene
58129,19805241,19806036,795,mRNA
58130,19805368,19806003,635,CDS
58131,19806095,19806237,142,mRNA
58132,19806295,19806452,157,mRNA
58133,19806510,19806632,122,mRNA
58134,19806686,19806932,246,mRNA
58135,19806095,19806237,142,mRNA
58136,19806306,19806452,146,mRNA
58137,19806510,19806632,122,mRNA
58138,19806686,19806932,246,mRNA
58139,19806202,19806237,35,CDS
58140,19806306,19806452,146,CDS
58141,19806510,19806632,122,CDS
58142,19806686,19806790,104,CDS
58143,19806321,19806452,131,CDS
58144,19806510,19806632,122,CDS
58145,19806686,19806790,104,CDS
58146,19806321,19806452,131,CDS
58147,19806510,19806632,122,CDS
58148,19806686,19806790,104,CDS
58149,19806811,19807199,388,gene
58150,19806811,19807199,388,mRNA
58151,19806940,19807146,206,CDS
58152,19807232,19810398,3166,gene
58153,19807232,19807319,87,mRNA
58154,19807913,19808137,224,mRNA
58155,19808200,19808684,484,mRNA
58156,19808744,19809007,263,mRNA
58157,19809075,19809574,499,mRNA
58158,19809639,19810398,759,mRNA
58159,19807937,19808137,200,CDS
58160,19808200,19808684,484,CDS
58161,19808744,19809007,263,CDS
58162,19809075,19809574,499,CDS
58163,19809639,19809820,181,CDS
58164,19810403,19813339,2936,gene
58165,19813109,19813339,230,mRNA
58166,19812170,19812207,37,mRNA
58167,19810403,19811934,1531,mRNA
58168,19813109,19813202,93,CDS
58169,19812170,19812207,37,CDS
58170,19810552,19811934,1382,CDS
58171,19813770,19815938,2168,gene
58172,19815755,19815938,183,mRNA
58173,19815421,19815495,74,mRNA
58174,19814807,19815261,454,mRNA
58175,19814307,19814736,429,mRNA
58176,19813770,19814250,480,mRNA
58177,19815755,19815774,19,CDS
58178,19815421,19815495,74,CDS
58179,19814807,19815261,454,CDS
58180,19814307,19814736,429,CDS
58181,19813989,19814250,261,CDS
58182,19816085,19817967,1882,gene
58183,19817750,19817790,40,mRNA
58184,19817617,19817695,78,mRNA
58185,19817231,19817549,318,mRNA
58186,19817060,19817167,107,mRNA
58187,19816871,19817003,132,mRNA
58188,19816720,19816820,100,mRNA
58189,19816593,19816661,68,mRNA
58190,19816346,19816531,185,mRNA
58191,19816085,19816281,196,mRNA
58192,19817750,19817967,217,mRNA
58193,19817617,19817695,78,mRNA
58194,19817231,19817549,318,mRNA
58195,19817060,19817167,107,mRNA
58196,19816871,19817003,132,mRNA
58197,19816720,19816820,100,mRNA
58198,19816593,19816661,68,mRNA
58199,19816346,19816531,185,mRNA
58200,19816165,19816281,116,mRNA
58201,19817750,19817790,40,mRNA
58202,19817617,19817695,78,mRNA
58203,19817231,19817549,318,mRNA
58204,19817060,19817167,107,mRNA
58205,19816871,19817003,132,mRNA
58206,19816720,19816820,100,mRNA
58207,19816593,19816674,81,mRNA
58208,19816346,19816531,185,mRNA
58209,19816165,19816281,116,mRNA
58210,19817617,19817790,173,mRNA
58211,19817231,19817549,318,mRNA
58212,19817060,19817167,107,mRNA
58213,19816871,19817003,132,mRNA
58214,19816720,19816820,100,mRNA
58215,19816593,19816661,68,mRNA
58216,19816346,19816531,185,mRNA
58217,19816165,19816281,116,mRNA
58218,19817231,19817790,559,mRNA
58219,19817060,19817167,107,mRNA
58220,19816871,19817003,132,mRNA
58221,19816720,19816820,100,mRNA
58222,19816593,19816661,68,mRNA
58223,19816346,19816531,185,mRNA
58224,19816165,19816281,116,mRNA
58225,19817231,19817502,271,CDS
58226,19817060,19817167,107,CDS
58227,19816871,19817003,132,CDS
58228,19816720,19816820,100,CDS
58229,19816593,19816661,68,CDS
58230,19816346,19816531,185,CDS
58231,19816203,19816281,78,CDS
58232,19817231,19817502,271,CDS
58233,19817060,19817167,107,CDS
58234,19816871,19817003,132,CDS
58235,19816720,19816820,100,CDS
58236,19816593,19816661,68,CDS
58237,19816346,19816531,185,CDS
58238,19816203,19816281,78,CDS
58239,19817231,19817502,271,CDS
58240,19817060,19817167,107,CDS
58241,19816871,19817003,132,CDS
58242,19816720,19816820,100,CDS
58243,19816593,19816661,68,CDS
58244,19816346,19816531,185,CDS
58245,19816203,19816281,78,CDS
58246,19817231,19817502,271,CDS
58247,19817060,19817167,107,CDS
58248,19816871,19817003,132,CDS
58249,19816720,19816820,100,CDS
58250,19816593,19816661,68,CDS
58251,19816346,19816531,185,CDS
58252,19816203,19816281,78,CDS
58253,19817231,19817502,271,CDS
58254,19817060,19817167,107,CDS
58255,19816871,19817003,132,CDS
58256,19816720,19816820,100,CDS
58257,19816662,19816674,12,CDS
58258,19818174,19830686,12512,gene
58259,19818174,19818666,492,mRNA
58260,19819212,19820010,798,mRNA
58261,19828317,19828945,628,mRNA
58262,19829020,19830686,1666,mRNA
58263,19818174,19818666,492,mRNA
58264,19819212,19820010,798,mRNA
58265,19828317,19828945,628,mRNA
58266,19829020,19829523,503,mRNA
58267,19818174,19818666,492,mRNA
58268,19819212,19820001,789,mRNA
58269,19828317,19828945,628,mRNA
58270,19829020,19829523,503,mRNA
58271,19818535,19818666,131,CDS
58272,19819212,19820010,798,CDS
58273,19828317,19828945,628,CDS
58274,19829020,19829190,170,CDS
58275,19818535,19818666,131,CDS
58276,19819212,19820010,798,CDS
58277,19828317,19828945,628,CDS
58278,19829020,19829190,170,CDS
58279,19818535,19818666,131,CDS
58280,19819212,19820001,789,CDS
58281,19828317,19828945,628,CDS
58282,19829020,19829190,170,CDS
58283,19819102,19820010,908,mRNA
58284,19828317,19828945,628,mRNA
58285,19829020,19829523,503,mRNA
58286,19819102,19820001,899,mRNA
58287,19828317,19828945,628,mRNA
58288,19829020,19829523,503,mRNA
58289,19819191,19820010,819,CDS
58290,19828317,19828945,628,CDS
58291,19829020,19829190,170,CDS
58292,19819191,19820001,810,CDS
58293,19828317,19828945,628,CDS
58294,19829020,19829190,170,CDS
58295,19820341,19827846,7505,mobile_element
58296,19830864,19834304,3440,gene
58297,19833610,19834304,694,mRNA
58298,19832934,19833143,209,mRNA
58299,19832770,19832876,106,mRNA
58300,19832228,19832724,496,mRNA
58301,19830864,19832170,1306,mRNA
58302,19833610,19834304,694,mRNA
58303,19832934,19833143,209,mRNA
58304,19832770,19832876,106,mRNA
58305,19832228,19832712,484,mRNA
58306,19831391,19832170,779,mRNA
58307,19833610,19834092,482,CDS
58308,19832934,19833143,209,CDS
58309,19832770,19832876,106,CDS
58310,19832228,19832712,484,CDS
58311,19832076,19832170,94,CDS
58312,19833610,19834092,482,CDS
58313,19832934,19833143,209,CDS
58314,19832770,19832876,106,CDS
58315,19832228,19832724,496,CDS
58316,19832076,19832170,94,CDS
58317,19834670,19836413,1743,gene
58318,19834670,19835290,620,mRNA
58319,19835354,19836045,691,mRNA
58320,19836121,19836413,292,mRNA
58321,19834801,19835290,489,CDS
58322,19835354,19836045,691,CDS
58323,19836121,19836237,116,CDS
58324,19836614,19844944,8330,gene
58325,19836614,19837288,674,mRNA
58326,19837350,19840017,2667,mRNA
58327,19840092,19841805,1713,mRNA
58328,19841864,19842232,368,mRNA
58329,19842292,19842606,314,mRNA
58330,19842678,19842989,311,mRNA
58331,19843194,19843500,306,mRNA
58332,19843565,19844944,1379,mRNA
58333,19836676,19837288,612,CDS
58334,19837350,19840017,2667,CDS
58335,19840092,19841805,1713,CDS
58336,19841864,19842232,368,CDS
58337,19842292,19842606,314,CDS
58338,19842678,19842989,311,CDS
58339,19843194,19843500,306,CDS
58340,19843565,19844862,1297,CDS
58341,19843094,19843129,35,mRNA
58342,19843194,19843500,306,mRNA
58343,19843565,19844944,1379,mRNA
58344,19843194,19843500,306,CDS
58345,19843565,19844862,1297,CDS
58346,19845293,19860925,15632,gene
58347,19845293,19845630,337,mRNA
58348,19848170,19848398,228,mRNA
58349,19858378,19858492,114,mRNA
58350,19858815,19860340,1525,mRNA
58351,19860405,19860925,520,mRNA
58352,19845293,19845630,337,mRNA
58353,19858378,19858492,114,mRNA
58354,19858815,19860340,1525,mRNA
58355,19860405,19860925,520,mRNA
58356,19845293,19845428,135,mRNA
58357,19845497,19845630,133,mRNA
58358,19858378,19858492,114,mRNA
58359,19858815,19860340,1525,mRNA
58360,19860405,19860925,520,mRNA
58361,19845293,19845428,135,mRNA
58362,19845512,19845630,118,mRNA
58363,19858378,19858492,114,mRNA
58364,19858815,19860340,1525,mRNA
58365,19860405,19860925,520,mRNA
58366,19845293,19845428,135,mRNA
58367,19845535,19845630,95,mRNA
58368,19858378,19858492,114,mRNA
58369,19858815,19860340,1525,mRNA
58370,19860405,19860925,520,mRNA
58371,19845589,19845630,41,CDS
58372,19858378,19858492,114,CDS
58373,19858815,19860340,1525,CDS
58374,19860405,19860611,206,CDS
58375,19845589,19845630,41,CDS
58376,19858378,19858492,114,CDS
58377,19858815,19860340,1525,CDS
58378,19860405,19860611,206,CDS
58379,19845589,19845630,41,CDS
58380,19858378,19858492,114,CDS
58381,19858815,19860340,1525,CDS
58382,19860405,19860611,206,CDS
58383,19845589,19845630,41,CDS
58384,19858378,19858492,114,CDS
58385,19858815,19860340,1525,CDS
58386,19860405,19860611,206,CDS
58387,19847309,19847603,294,mRNA
58388,19848170,19848398,228,mRNA
58389,19858378,19858492,114,mRNA
58390,19858815,19860340,1525,mRNA
58391,19860405,19860925,520,mRNA
58392,19847309,19847603,294,mRNA
58393,19858378,19858492,114,mRNA
58394,19858815,19860340,1525,mRNA
58395,19860405,19860925,520,mRNA
58396,19847478,19847603,125,CDS
58397,19858378,19858492,114,CDS
58398,19858815,19860340,1525,CDS
58399,19860405,19860611,206,CDS
58400,19848165,19848398,233,mRNA
58401,19858378,19858492,114,mRNA
58402,19858815,19860340,1525,mRNA
58403,19860405,19860925,520,mRNA
58404,19848354,19848398,44,CDS
58405,19858378,19858492,114,CDS
58406,19858815,19860340,1525,CDS
58407,19860405,19860611,206,CDS
58408,19848354,19848398,44,CDS
58409,19858378,19858492,114,CDS
58410,19858815,19860340,1525,CDS
58411,19860405,19860611,206,CDS
58412,19848354,19848398,44,CDS
58413,19858378,19858492,114,CDS
58414,19858815,19860340,1525,CDS
58415,19860405,19860611,206,CDS
58416,19848557,19857686,9129,mobile_element
58417,19861289,19861405,116,mobile_element
58418,19861458,19861869,411,gene
58419,19861458,19861869,411,ncRNA
58420,19861875,19863607,1732,mobile_element
58421,19864201,19867041,2840,mobile_element
58422,19867488,19871078,3590,gene
58423,19870381,19871078,697,mRNA
58424,19869368,19869428,60,mRNA
58425,19869103,19869307,204,mRNA
58426,19868724,19868864,140,mRNA
58427,19867488,19868645,1157,mRNA
58428,19870381,19871078,697,mRNA
58429,19869368,19869428,60,mRNA
58430,19869103,19869307,204,mRNA
58431,19868724,19868864,140,mRNA
58432,19867708,19868645,937,mRNA
58433,19869508,19869558,50,mRNA
58434,19869368,19869428,60,mRNA
58435,19869103,19869307,204,mRNA
58436,19868724,19868864,140,mRNA
58437,19868036,19868645,609,mRNA
58438,19870381,19870504,123,CDS
58439,19869368,19869428,60,CDS
58440,19869103,19869307,204,CDS
58441,19868724,19868864,140,CDS
58442,19868553,19868645,92,CDS
58443,19870381,19870504,123,CDS
58444,19869368,19869428,60,CDS
58445,19869103,19869307,204,CDS
58446,19868724,19868864,140,CDS
58447,19868553,19868645,92,CDS
58448,19869508,19869526,18,CDS
58449,19869368,19869428,60,CDS
58450,19869103,19869307,204,CDS
58451,19868724,19868864,140,CDS
58452,19868553,19868645,92,CDS
58453,19871139,19881783,10644,gene
58454,19871139,19871454,315,mRNA
58455,19873761,19873995,234,mRNA
58456,19874063,19874339,276,mRNA
58457,19874541,19874769,228,mRNA
58458,19874833,19875692,859,mRNA
58459,19875759,19876890,1131,mRNA
58460,19876964,19877266,302,mRNA
58461,19877323,19877630,307,mRNA
58462,19878833,19879479,646,mRNA
58463,19879536,19879702,166,mRNA
58464,19879767,19879954,187,mRNA
58465,19880011,19880196,185,mRNA
58466,19880258,19880725,467,mRNA
58467,19880789,19881783,994,mRNA
58468,19871139,19871454,315,mRNA
58469,19873761,19873995,234,mRNA
58470,19874063,19874339,276,mRNA
58471,19874541,19874769,228,mRNA
58472,19874833,19875692,859,mRNA
58473,19875759,19876890,1131,mRNA
58474,19876964,19877266,302,mRNA
58475,19877323,19877630,307,mRNA
58476,19878833,19879479,646,mRNA
58477,19879545,19879702,157,mRNA
58478,19879767,19879954,187,mRNA
58479,19880011,19880196,185,mRNA
58480,19880258,19880725,467,mRNA
58481,19880789,19881783,994,mRNA
58482,19871139,19871454,315,mRNA
58483,19873761,19873995,234,mRNA
58484,19874063,19874339,276,mRNA
58485,19874541,19874769,228,mRNA
58486,19874833,19875692,859,mRNA
58487,19875759,19876890,1131,mRNA
58488,19876964,19877266,302,mRNA
58489,19877323,19877573,250,mRNA
58490,19878833,19879479,646,mRNA
58491,19879536,19879702,166,mRNA
58492,19879767,19879954,187,mRNA
58493,19880011,19880196,185,mRNA
58494,19880258,19880725,467,mRNA
58495,19880789,19881783,994,mRNA
58496,19871139,19871454,315,mRNA
58497,19873761,19873995,234,mRNA
58498,19874063,19874339,276,mRNA
58499,19874541,19874769,228,mRNA
58500,19874833,19875692,859,mRNA
58501,19875759,19876890,1131,mRNA
58502,19876964,19877266,302,mRNA
58503,19877323,19877573,250,mRNA
58504,19878833,19879479,646,mRNA
58505,19879545,19879702,157,mRNA
58506,19879767,19879954,187,mRNA
58507,19880011,19880196,185,mRNA
58508,19880258,19880725,467,mRNA
58509,19880789,19881783,994,mRNA
58510,19873892,19873995,103,CDS
58511,19874063,19874339,276,CDS
58512,19874541,19874769,228,CDS
58513,19874833,19875692,859,CDS
58514,19875759,19876890,1131,CDS
58515,19876964,19877266,302,CDS
58516,19877323,19877630,307,CDS
58517,19878833,19879479,646,CDS
58518,19879536,19879702,166,CDS
58519,19879767,19879954,187,CDS
58520,19880011,19880196,185,CDS
58521,19880258,19880725,467,CDS
58522,19880789,19881067,278,CDS
58523,19873892,19873995,103,CDS
58524,19874063,19874339,276,CDS
58525,19874541,19874769,228,CDS
58526,19874833,19875692,859,CDS
58527,19875759,19876890,1131,CDS
58528,19876964,19877266,302,CDS
58529,19877323,19877630,307,CDS
58530,19878833,19879479,646,CDS
58531,19879545,19879702,157,CDS
58532,19879767,19879954,187,CDS
58533,19880011,19880196,185,CDS
58534,19880258,19880725,467,CDS
58535,19880789,19881067,278,CDS
58536,19873892,19873995,103,CDS
58537,19874063,19874339,276,CDS
58538,19874541,19874769,228,CDS
58539,19874833,19875692,859,CDS
58540,19875759,19876890,1131,CDS
58541,19876964,19877266,302,CDS
58542,19877323,19877573,250,CDS
58543,19878833,19879479,646,CDS
58544,19879536,19879702,166,CDS
58545,19879767,19879954,187,CDS
58546,19880011,19880196,185,CDS
58547,19880258,19880725,467,CDS
58548,19880789,19881067,278,CDS
58549,19873892,19873995,103,CDS
58550,19874063,19874339,276,CDS
58551,19874541,19874769,228,CDS
58552,19874833,19875692,859,CDS
58553,19875759,19876890,1131,CDS
58554,19876964,19877266,302,CDS
58555,19877323,19877573,250,CDS
58556,19878833,19879479,646,CDS
58557,19879545,19879702,157,CDS
58558,19879767,19879954,187,CDS
58559,19880011,19880196,185,CDS
58560,19880258,19880725,467,CDS
58561,19880789,19881067,278,CDS
58562,19882051,19910215,28164,gene
58563,19910043,19910215,172,mRNA
58564,19888538,19888614,76,mRNA
58565,19888232,19888475,243,mRNA
58566,19882654,19888104,5450,mRNA
58567,19882365,19882588,223,mRNA
58568,19882051,19882297,246,mRNA
58569,19910043,19910215,172,mRNA
58570,19888538,19888614,76,mRNA
58571,19888232,19888475,243,mRNA
58572,19882654,19888104,5450,mRNA
58573,19882051,19882588,537,mRNA
58574,19910043,19910215,172,mRNA
58575,19888538,19888614,76,mRNA
58576,19888232,19888478,246,mRNA
58577,19882654,19888104,5450,mRNA
58578,19882051,19882588,537,mRNA
58579,19888701,19888814,113,mRNA
58580,19888538,19888614,76,mRNA
58581,19888232,19888475,243,mRNA
58582,19882654,19888104,5450,mRNA
58583,19882051,19882588,537,mRNA
58584,19910043,19910079,36,CDS
58585,19888538,19888614,76,CDS
58586,19888232,19888475,243,CDS
58587,19882654,19888104,5450,CDS
58588,19882449,19882588,139,CDS
58589,19910043,19910079,36,CDS
58590,19888538,19888614,76,CDS
58591,19888232,19888475,243,CDS
58592,19882654,19888104,5450,CDS
58593,19882449,19882588,139,CDS
58594,19910043,19910079,36,CDS
58595,19888538,19888614,76,CDS
58596,19888232,19888478,246,CDS
58597,19882654,19888104,5450,CDS
58598,19882449,19882588,139,CDS
58599,19888701,19888710,9,CDS
58600,19888538,19888614,76,CDS
58601,19888232,19888475,243,CDS
58602,19882654,19888104,5450,CDS
58603,19882449,19882588,139,CDS
58604,19889120,19909410,20290,gene
58605,19909247,19909410,163,mRNA
58606,19897318,19897408,90,mRNA
58607,19896912,19897259,347,mRNA
58608,19896798,19896847,49,mRNA
58609,19889120,19895038,5918,mRNA
58610,19909198,19909410,212,mRNA
58611,19897318,19897408,90,mRNA
58612,19896912,19897259,347,mRNA
58613,19896798,19896847,49,mRNA
58614,19889120,19895038,5918,mRNA
58615,19909247,19909410,163,mRNA
58616,19897318,19897413,95,mRNA
58617,19896912,19897259,347,mRNA
58618,19896798,19896847,49,mRNA
58619,19891405,19895038,3633,mRNA
58620,19891524,19894703,3179,CDS
58621,19891524,19894703,3179,CDS
58622,19891524,19894703,3179,CDS
58623,19895216,19896391,1175,gene
58624,19895216,19896391,1175,ncRNA
58625,19909365,19910203,838,gene
58626,19909365,19909579,214,ncRNA
58627,19909634,19910203,569,ncRNA
58628,19910300,19912504,2204,gene
58629,19910300,19910432,132,mRNA
58630,19910502,19911519,1017,mRNA
58631,19911574,19912504,930,mRNA
58632,19910303,19911519,1216,mRNA
58633,19911574,19912504,930,mRNA
58634,19910478,19911519,1041,CDS
58635,19911574,19912328,754,CDS
58636,19910688,19911519,831,CDS
58637,19911574,19912328,754,CDS
58638,19912405,19913715,1310,gene
58639,19913479,19913715,236,mRNA
58640,19912405,19913420,1015,mRNA
58641,19913479,19913629,150,CDS
58642,19912591,19913420,829,CDS
58643,19915051,19918160,3109,gene
58644,19915051,19917113,2062,mRNA
58645,19917183,19918160,977,mRNA
58646,19915191,19917113,1922,CDS
58647,19917183,19918019,836,CDS
58648,19918242,19923462,5220,gene
58649,19922799,19923462,663,mRNA
58650,19922685,19922731,46,mRNA
58651,19921967,19922456,489,mRNA
58652,19921052,19921904,852,mRNA
58653,19920154,19920986,832,mRNA
58654,19918242,19919290,1048,mRNA
58655,19922799,19923462,663,mRNA
58656,19922685,19922731,46,mRNA
58657,19921967,19922456,489,mRNA
58658,19921052,19921904,852,mRNA
58659,19920154,19920986,832,mRNA
58660,19919359,19919520,161,mRNA
58661,19918242,19919290,1048,mRNA
58662,19922799,19922988,189,CDS
58663,19922685,19922731,46,CDS
58664,19921967,19922456,489,CDS
58665,19921052,19921904,852,CDS
58666,19920154,19920986,832,CDS
58667,19919001,19919290,289,CDS
58668,19922799,19922988,189,CDS
58669,19922685,19922731,46,CDS
58670,19921967,19922456,489,CDS
58671,19921052,19921904,852,CDS
58672,19920154,19920986,832,CDS
58673,19919366,19919520,154,CDS
58674,19923671,19924688,1017,gene
58675,19923671,19923894,223,mRNA
58676,19923982,19924207,225,mRNA
58677,19924292,19924688,396,mRNA
58678,19923671,19923894,223,mRNA
58679,19923982,19924207,225,mRNA
58680,19924292,19924491,199,mRNA
58681,19923822,19923894,72,CDS
58682,19923982,19924207,225,CDS
58683,19924292,19924370,78,CDS
58684,19923822,19923894,72,CDS
58685,19923982,19924207,225,CDS
58686,19924292,19924370,78,CDS
58687,19924943,19927175,2232,gene
58688,19924943,19925106,163,mRNA
58689,19925543,19927175,1632,mRNA
58690,19925061,19925106,45,CDS
58691,19925543,19926879,1336,CDS
58692,19927194,19928508,1314,gene
58693,19928354,19928508,154,mRNA
58694,19927194,19928280,1086,mRNA
58695,19928354,19928437,83,CDS
58696,19927555,19928280,725,CDS
58697,19928743,19932930,4187,gene
58698,19928743,19928908,165,mRNA
58699,19930815,19931014,199,mRNA
58700,19931088,19931197,109,mRNA
58701,19931263,19931377,114,mRNA
58702,19931982,19932930,948,mRNA
58703,19928743,19928810,67,mRNA
58704,19930815,19931014,199,mRNA
58705,19931088,19931197,109,mRNA
58706,19931263,19931377,114,mRNA
58707,19931982,19932930,948,mRNA
58708,19930831,19931014,183,CDS
58709,19931088,19931197,109,CDS
58710,19931263,19931377,114,CDS
58711,19931982,19932178,196,CDS
58712,19930831,19931014,183,CDS
58713,19931088,19931197,109,CDS
58714,19931263,19931377,114,CDS
58715,19931982,19932178,196,CDS
58716,19933720,19934201,481,gene
58717,19933720,19934201,481,ncRNA
58718,19939287,19977960,38673,gene
58719,19939287,19939542,255,mRNA
58720,19949262,19949605,343,mRNA
58721,19964268,19964401,133,mRNA
58722,19964622,19964819,197,mRNA
58723,19964880,19965002,122,mRNA
58724,19965727,19965921,194,mRNA
58725,19966229,19966456,227,mRNA
58726,19966734,19966861,127,mRNA
58727,19969082,19969240,158,mRNA
58728,19970860,19971611,751,mRNA
58729,19971924,19972022,98,mRNA
58730,19972853,19972971,118,mRNA
58731,19973341,19973567,226,mRNA
58732,19973636,19973843,207,mRNA
58733,19974268,19974581,313,mRNA
58734,19974669,19974831,162,mRNA
58735,19974890,19975102,212,mRNA
58736,19975371,19975475,104,mRNA
58737,19975599,19975613,14,mRNA
58738,19976091,19976333,242,mRNA
58739,19976864,19977960,1096,mRNA
58740,19939287,19939542,255,mRNA
58741,19949262,19949605,343,mRNA
58742,19964268,19964401,133,mRNA
58743,19964622,19964819,197,mRNA
58744,19964880,19965002,122,mRNA
58745,19965727,19965921,194,mRNA
58746,19966229,19966456,227,mRNA
58747,19966734,19966861,127,mRNA
58748,19969082,19969240,158,mRNA
58749,19970860,19971611,751,mRNA
58750,19971924,19972022,98,mRNA
58751,19972853,19972971,118,mRNA
58752,19973341,19973567,226,mRNA
58753,19973636,19973843,207,mRNA
58754,19974268,19974581,313,mRNA
58755,19974669,19974831,162,mRNA
58756,19974890,19975102,212,mRNA
58757,19975371,19975475,104,mRNA
58758,19976091,19976333,242,mRNA
58759,19976864,19977960,1096,mRNA
58760,19949422,19949605,183,CDS
58761,19964268,19964401,133,CDS
58762,19964622,19964819,197,CDS
58763,19964880,19965002,122,CDS
58764,19965727,19965921,194,CDS
58765,19966229,19966456,227,CDS
58766,19966734,19966861,127,CDS
58767,19969082,19969240,158,CDS
58768,19970860,19971611,751,CDS
58769,19971924,19972022,98,CDS
58770,19972853,19972971,118,CDS
58771,19973341,19973567,226,CDS
58772,19973636,19973843,207,CDS
58773,19974268,19974581,313,CDS
58774,19974669,19974831,162,CDS
58775,19974890,19975102,212,CDS
58776,19975371,19975475,104,CDS
58777,19975599,19975613,14,CDS
58778,19976091,19976333,242,CDS
58779,19976864,19976995,131,CDS
58780,19949422,19949605,183,CDS
58781,19964268,19964401,133,CDS
58782,19964622,19964819,197,CDS
58783,19964880,19965002,122,CDS
58784,19965727,19965921,194,CDS
58785,19966229,19966456,227,CDS
58786,19966734,19966861,127,CDS
58787,19969082,19969240,158,CDS
58788,19970860,19971611,751,CDS
58789,19971924,19972022,98,CDS
58790,19972853,19972971,118,CDS
58791,19973341,19973567,226,CDS
58792,19973636,19973843,207,CDS
58793,19974268,19974581,313,CDS
58794,19974669,19974831,162,CDS
58795,19974890,19975102,212,CDS
58796,19975371,19975475,104,CDS
58797,19976091,19976333,242,CDS
58798,19976864,19976995,131,CDS
58799,19950023,19951135,1112,gene
58800,19951003,19951135,132,mRNA
58801,19950766,19950936,170,mRNA
58802,19950023,19950715,692,mRNA
58803,19951003,19951072,69,CDS
58804,19950766,19950936,170,CDS
58805,19950504,19950715,211,CDS
58806,19951235,19951968,733,gene
58807,19951854,19951968,114,mRNA
58808,19951626,19951796,170,mRNA
58809,19951235,19951571,336,mRNA
58810,19951854,19951956,102,CDS
58811,19951626,19951796,170,CDS
58812,19951348,19951571,223,CDS
58813,19951954,19952790,836,gene
58814,19952685,19952790,105,mRNA
58815,19952457,19952627,170,mRNA
58816,19951954,19952391,437,mRNA
58817,19952685,19952790,105,CDS
58818,19952457,19952627,170,CDS
58819,19952180,19952391,211,CDS
58820,19952971,19953712,741,gene
58821,19953550,19953712,162,mRNA
58822,19953463,19953498,35,mRNA
58823,19953343,19953413,70,mRNA
58824,19953117,19953279,162,mRNA
58825,19952971,19953056,85,mRNA
58826,19953550,19953658,108,CDS
58827,19953463,19953498,35,CDS
58828,19953343,19953413,70,CDS
58829,19953117,19953279,162,CDS
58830,19952971,19953056,85,CDS
58831,19953794,19954526,732,gene
58832,19954390,19954526,136,mRNA
58833,19954292,19954327,35,mRNA
58834,19954146,19954231,85,mRNA
58835,19953932,19954023,91,mRNA
58836,19953794,19953874,80,mRNA
58837,19954390,19954526,136,mRNA
58838,19954292,19954327,35,mRNA
58839,19954146,19954231,85,mRNA
58840,19953932,19954094,162,mRNA
58841,19953794,19953874,80,mRNA
58842,19954390,19954510,120,CDS
58843,19954292,19954327,35,CDS
58844,19954146,19954231,85,CDS
58845,19953932,19954094,162,CDS
58846,19953795,19953874,79,CDS
58847,19954390,19954510,120,CDS
58848,19954292,19954327,35,CDS
58849,19954146,19954231,85,CDS
58850,19953982,19954023,41,CDS
58851,19954547,19955799,1252,gene
58852,19955608,19955799,191,mRNA
58853,19955453,19955547,94,mRNA
58854,19955247,19955403,156,mRNA
58855,19954547,19955191,644,mRNA
58856,19955608,19955752,144,CDS
58857,19955453,19955547,94,CDS
58858,19955247,19955403,156,CDS
58859,19955100,19955191,91,CDS
58860,19968718,19968750,32,mobile_element
58861,19978713,19979812,1099,gene
58862,19979657,19979812,155,mRNA
58863,19978713,19979588,875,mRNA
58864,19979703,19979812,109,mRNA
58865,19978813,19979588,775,mRNA
58866,19979657,19979812,155,mRNA
58867,19978813,19979588,775,mRNA
58868,19979657,19979812,155,mRNA
58869,19979119,19979588,469,mRNA
58870,19979657,19979762,105,CDS
58871,19979188,19979588,400,CDS
58872,19979657,19979762,105,CDS
58873,19979188,19979588,400,CDS
58874,19979657,19979762,105,CDS
58875,19979188,19979588,400,CDS
58876,19979188,19979568,380,CDS
58877,19981685,19984191,2506,gene
58878,19981685,19981767,82,mRNA
58879,19981838,19982047,209,mRNA
58880,19982112,19984191,2079,mRNA
58881,19981685,19981767,82,CDS
58882,19981838,19982047,209,CDS
58883,19982112,19984191,2079,CDS
58884,19984426,19985868,1442,gene
58885,19985555,19985868,313,mRNA
58886,19984426,19985495,1069,mRNA
58887,19985555,19985775,220,CDS
58888,19984496,19985495,999,CDS
58889,19986093,19988072,1979,gene
58890,19986093,19986719,626,mRNA
58891,19986783,19988072,1289,mRNA
58892,19986164,19986719,555,CDS
58893,19986783,19988032,1249,CDS
58894,19988027,19988947,920,gene
58895,19988905,19988947,42,mRNA
58896,19988662,19988852,190,mRNA
58897,19988401,19988605,204,mRNA
58898,19988027,19988345,318,mRNA
58899,19988662,19988743,81,CDS
58900,19988401,19988605,204,CDS
58901,19988069,19988345,276,CDS
58902,19989551,19991220,1669,gene
58903,19991149,19991220,71,mRNA
58904,19990371,19990634,263,mRNA
58905,19990149,19990304,155,mRNA
58906,19989551,19990086,535,mRNA
58907,19990852,19991123,271,mRNA
58908,19990371,19990634,263,mRNA
58909,19990149,19990304,155,mRNA
58910,19989551,19990086,535,mRNA
58911,19989706,19990739,1033,gene
58912,19989706,19990739,1033,ncRNA
58913,19989706,19989853,147,ncRNA
58914,19990295,19990739,444,ncRNA
58915,19990371,19990630,259,CDS
58916,19990149,19990304,155,CDS
58917,19989954,19990086,132,CDS
58918,19990371,19990630,259,CDS
58919,19990149,19990304,155,CDS
58920,19989954,19990086,132,CDS
58921,19991887,19997568,5681,gene
58922,19991887,19992042,155,mRNA
58923,19993265,19993322,57,mRNA
58924,19996681,19996780,99,mRNA
58925,19996850,19996968,118,mRNA
58926,19997031,19997219,188,mRNA
58927,19997292,19997568,276,mRNA
58928,19991887,19996269,4382,gene
58929,19991887,19992042,155,mRNA
58930,19993265,19993322,57,mRNA
58931,19994168,19994735,567,mRNA
58932,19994808,19994951,143,mRNA
58933,19995374,19995502,128,mRNA
58934,19995629,19996269,640,mRNA
58935,19991887,19992042,155,mRNA
58936,19993265,19993322,57,mRNA
58937,19995374,19995502,128,mRNA
58938,19995629,19995912,283,mRNA
58939,19994323,19994735,412,mRNA
58940,19994808,19994951,143,mRNA
58941,19995374,19995502,128,mRNA
58942,19995629,19995912,283,mRNA
58943,19994625,19994735,110,CDS
58944,19994808,19994951,143,CDS
58945,19995374,19995502,128,CDS
58946,19995629,19995805,176,CDS
58947,19994625,19994735,110,CDS
58948,19994808,19994951,143,CDS
58949,19995374,19995502,128,CDS
58950,19995629,19995805,176,CDS
58951,19995443,19995502,59,CDS
58952,19995629,19995805,176,CDS
58953,19996711,19996780,69,CDS
58954,19996850,19996968,118,CDS
58955,19997031,19997219,188,CDS
58956,19997292,19997486,194,CDS
58957,19997714,20000686,2972,gene
58958,20000588,20000626,38,mRNA
58959,20000121,20000402,281,mRNA
58960,19999936,20000060,124,mRNA
58961,19999572,19999743,171,mRNA
58962,19999288,19999450,162,mRNA
58963,19997714,19999183,1469,mRNA
58964,20000639,20000686,47,mRNA
58965,20000443,20000473,30,mRNA
58966,20000121,20000234,113,mRNA
58967,19999936,20000060,124,mRNA
58968,19999572,19999743,171,mRNA
58969,19999288,19999450,162,mRNA
58970,19998104,19999183,1079,mRNA
58971,20000121,20000362,241,mRNA
58972,19999936,20000060,124,mRNA
58973,19999572,19999743,171,mRNA
58974,19999288,19999450,162,mRNA
58975,19998104,19999183,1079,mRNA
58976,20000121,20000247,126,mRNA
58977,19999936,20000060,124,mRNA
58978,19999572,19999743,171,mRNA
58979,19999288,19999450,162,mRNA
58980,19998104,19999183,1079,mRNA
58981,20000121,20000157,36,CDS
58982,19999936,20000060,124,CDS
58983,19999572,19999743,171,CDS
58984,19999288,19999450,162,CDS
58985,19998220,19999183,963,CDS
58986,20000121,20000157,36,CDS
58987,19999936,20000060,124,CDS
58988,19999572,19999743,171,CDS
58989,19999288,19999450,162,CDS
58990,19998220,19999183,963,CDS
58991,20000121,20000157,36,CDS
58992,19999936,20000060,124,CDS
58993,19999572,19999743,171,CDS
58994,19999288,19999450,162,CDS
58995,19998220,19999183,963,CDS
58996,20000121,20000157,36,CDS
58997,19999936,20000060,124,CDS
58998,19999572,19999743,171,CDS
58999,19999288,19999450,162,CDS
59000,19998220,19999183,963,CDS
59001,20000644,20002446,1802,gene
59002,20000644,20000672,28,mRNA
59003,20000991,20001296,305,mRNA
59004,20001361,20001436,75,mRNA
59005,20001850,20002446,596,mRNA
59006,20001088,20001296,208,mRNA
59007,20001361,20001436,75,mRNA
59008,20001850,20002307,457,mRNA
59009,20001167,20001296,129,CDS
59010,20001361,20001436,75,CDS
59011,20001850,20002159,309,CDS
59012,20001167,20001296,129,CDS
59013,20001361,20001436,75,CDS
59014,20001850,20002159,309,CDS
59015,20002736,20004834,2098,gene
59016,20002736,20002992,256,mRNA
59017,20003303,20004363,1060,mRNA
59018,20004417,20004834,417,mRNA
59019,20002736,20002992,256,mRNA
59020,20003303,20004363,1060,mRNA
59021,20004417,20004604,187,mRNA
59022,20002918,20002992,74,CDS
59023,20003303,20004363,1060,CDS
59024,20004417,20004549,132,CDS
59025,20002918,20002992,74,CDS
59026,20003303,20004363,1060,CDS
59027,20004417,20004549,132,CDS
59028,20005301,20024607,19306,gene
59029,20005301,20005489,188,mRNA
59030,20008800,20012252,3452,mRNA
59031,20012311,20012417,106,mRNA
59032,20012476,20012683,207,mRNA
59033,20012739,20012800,61,mRNA
59034,20012865,20013020,155,mRNA
59035,20013083,20013455,372,mRNA
59036,20013518,20014526,1008,mRNA
59037,20014582,20014767,185,mRNA
59038,20014827,20015001,174,mRNA
59039,20015058,20015320,262,mRNA
59040,20015378,20016107,729,mRNA
59041,20016169,20016346,177,mRNA
59042,20016409,20016849,440,mRNA
59043,20016907,20017307,400,mRNA
59044,20017373,20017681,308,mRNA
59045,20017744,20023048,5304,mRNA
59046,20023111,20023392,281,mRNA
59047,20023451,20023639,188,mRNA
59048,20024156,20024287,131,mRNA
59049,20024349,20024607,258,mRNA
59050,20006584,20006653,69,mRNA
59051,20008800,20012252,3452,mRNA
59052,20012311,20012417,106,mRNA
59053,20012476,20012683,207,mRNA
59054,20012739,20012800,61,mRNA
59055,20012865,20013020,155,mRNA
59056,20013083,20013455,372,mRNA
59057,20013518,20014526,1008,mRNA
59058,20014582,20014767,185,mRNA
59059,20014827,20015001,174,mRNA
59060,20015058,20015320,262,mRNA
59061,20015378,20016107,729,mRNA
59062,20016169,20016346,177,mRNA
59063,20016409,20016849,440,mRNA
59064,20016907,20017307,400,mRNA
59065,20017373,20017681,308,mRNA
59066,20017744,20023048,5304,mRNA
59067,20023111,20023392,281,mRNA
59068,20023451,20023639,188,mRNA
59069,20024156,20024287,131,mRNA
59070,20024349,20024607,258,mRNA
59071,20006584,20006653,69,mRNA
59072,20008800,20012252,3452,mRNA
59073,20012311,20012417,106,mRNA
59074,20012476,20012683,207,mRNA
59075,20012739,20012800,61,mRNA
59076,20012865,20013020,155,mRNA
59077,20013083,20013455,372,mRNA
59078,20013518,20014526,1008,mRNA
59079,20014582,20014767,185,mRNA
59080,20014827,20015001,174,mRNA
59081,20015058,20015320,262,mRNA
59082,20015378,20016107,729,mRNA
59083,20016169,20016346,177,mRNA
59084,20016409,20016849,440,mRNA
59085,20016907,20017307,400,mRNA
59086,20017373,20017681,308,mRNA
59087,20017744,20023048,5304,mRNA
59088,20023111,20023392,281,mRNA
59089,20023451,20023639,188,mRNA
59090,20023953,20023982,29,mRNA
59091,20024156,20024287,131,mRNA
59092,20024349,20024510,161,mRNA
59093,20008826,20012252,3426,CDS
59094,20012311,20012417,106,CDS
59095,20012476,20012683,207,CDS
59096,20012739,20012800,61,CDS
59097,20012865,20013020,155,CDS
59098,20013083,20013455,372,CDS
59099,20013518,20014526,1008,CDS
59100,20014582,20014767,185,CDS
59101,20014827,20015001,174,CDS
59102,20015058,20015320,262,CDS
59103,20015378,20016107,729,CDS
59104,20016169,20016346,177,CDS
59105,20016409,20016849,440,CDS
59106,20016907,20017307,400,CDS
59107,20017373,20017681,308,CDS
59108,20017744,20023048,5304,CDS
59109,20023111,20023392,281,CDS
59110,20023451,20023639,188,CDS
59111,20023953,20023982,29,CDS
59112,20024156,20024287,131,CDS
59113,20024349,20024485,136,CDS
59114,20008826,20012252,3426,CDS
59115,20012311,20012417,106,CDS
59116,20012476,20012683,207,CDS
59117,20012739,20012800,61,CDS
59118,20012865,20013020,155,CDS
59119,20013083,20013455,372,CDS
59120,20013518,20014526,1008,CDS
59121,20014582,20014767,185,CDS
59122,20014827,20015001,174,CDS
59123,20015058,20015320,262,CDS
59124,20015378,20016107,729,CDS
59125,20016169,20016346,177,CDS
59126,20016409,20016849,440,CDS
59127,20016907,20017307,400,CDS
59128,20017373,20017681,308,CDS
59129,20017744,20023048,5304,CDS
59130,20023111,20023392,281,CDS
59131,20023451,20023639,188,CDS
59132,20024156,20024287,131,CDS
59133,20024349,20024485,136,CDS
59134,20008826,20012252,3426,CDS
59135,20012311,20012417,106,CDS
59136,20012476,20012683,207,CDS
59137,20012739,20012800,61,CDS
59138,20012865,20013020,155,CDS
59139,20013083,20013455,372,CDS
59140,20013518,20014526,1008,CDS
59141,20014582,20014767,185,CDS
59142,20014827,20015001,174,CDS
59143,20015058,20015320,262,CDS
59144,20015378,20016107,729,CDS
59145,20016169,20016346,177,CDS
59146,20016409,20016849,440,CDS
59147,20016907,20017307,400,CDS
59148,20017373,20017681,308,CDS
59149,20017744,20023048,5304,CDS
59150,20023111,20023392,281,CDS
59151,20023451,20023639,188,CDS
59152,20024156,20024287,131,CDS
59153,20024349,20024485,136,CDS
59154,20024687,20027835,3148,gene
59155,20027026,20027835,809,mRNA
59156,20026647,20026971,324,mRNA
59157,20026300,20026589,289,mRNA
59158,20026081,20026237,156,mRNA
59159,20025769,20026032,263,mRNA
59160,20025540,20025697,157,mRNA
59161,20024872,20025455,583,mRNA
59162,20024687,20024810,123,mRNA
59163,20027026,20027761,735,CDS
59164,20026647,20026971,324,CDS
59165,20026300,20026589,289,CDS
59166,20026081,20026237,156,CDS
59167,20025769,20026032,263,CDS
59168,20025540,20025697,157,CDS
59169,20024872,20025455,583,CDS
59170,20024706,20024810,104,CDS
59171,20027819,20029020,1201,gene
59172,20028872,20029020,148,mRNA
59173,20028646,20028809,163,mRNA
59174,20028245,20028378,133,mRNA
59175,20028115,20028185,70,mRNA
59176,20027819,20028059,240,mRNA
59177,20028872,20029020,148,mRNA
59178,20028646,20028809,163,mRNA
59179,20028245,20028378,133,mRNA
59180,20028115,20028185,70,mRNA
59181,20027922,20028059,137,mRNA
59182,20028872,20028952,80,CDS
59183,20028646,20028809,163,CDS
59184,20028245,20028378,133,CDS
59185,20028115,20028185,70,CDS
59186,20027967,20028059,92,CDS
59187,20028872,20028952,80,CDS
59188,20028646,20028809,163,CDS
59189,20028245,20028378,133,CDS
59190,20028115,20028185,70,CDS
59191,20027967,20028059,92,CDS
59192,20034051,20034172,121,mobile_element
59193,20040572,20040908,336,mobile_element
59194,20055567,20055634,67,mobile_element
59195,20058511,20089007,30496,gene
59196,20088870,20089007,137,mRNA
59197,20074107,20076131,2024,mRNA
59198,20058511,20060721,2210,mRNA
59199,20088498,20089007,509,mRNA
59200,20074107,20076131,2024,mRNA
59201,20060014,20060721,707,mRNA
59202,20074113,20075915,1802,CDS
59203,20074113,20075915,1802,CDS
59204,20098084,20103827,5743,gene
59205,20102415,20103827,1412,mRNA
59206,20101224,20101665,441,mRNA
59207,20100603,20100995,392,mRNA
59208,20099243,20099420,177,mRNA
59209,20098084,20099179,1095,mRNA
59210,20102415,20103360,945,CDS
59211,20101224,20101665,441,CDS
59212,20100603,20100995,392,CDS
59213,20099243,20099420,177,CDS
59214,20099024,20099179,155,CDS
59215,20104503,20105544,1041,gene
59216,20104503,20105544,1041,ncRNA
59217,20106094,20107557,1463,gene
59218,20106094,20106450,356,mRNA
59219,20106518,20107557,1039,mRNA
59220,20106121,20106450,329,CDS
59221,20106518,20107396,878,CDS
59222,20107698,20108216,518,mobile_element
59223,20108484,20111534,3050,gene
59224,20110976,20111534,558,mRNA
59225,20110565,20110904,339,mRNA
59226,20110224,20110417,193,mRNA
59227,20109450,20109751,301,mRNA
59228,20108484,20109396,912,mRNA
59229,20110976,20111437,461,CDS
59230,20110565,20110904,339,CDS
59231,20110224,20110417,193,CDS
59232,20109450,20109751,301,CDS
59233,20108784,20109396,612,CDS
59234,20112265,20112847,582,gene
59235,20112762,20112847,85,mRNA
59236,20112265,20112616,351,mRNA
59237,20112762,20112847,85,mRNA
59238,20112265,20112670,405,mRNA
59239,20112762,20112825,63,CDS
59240,20112354,20112616,262,CDS
59241,20112762,20112825,63,CDS
59242,20112354,20112670,316,CDS
59243,20113713,20122911,9198,mobile_element
59244,20124298,20127381,3083,gene
59245,20127160,20127381,221,mRNA
59246,20126019,20126219,200,mRNA
59247,20124865,20125662,797,mRNA
59248,20124298,20124746,448,mRNA
59249,20126284,20126502,218,mRNA
59250,20126019,20126219,200,mRNA
59251,20124865,20125662,797,mRNA
59252,20124298,20124746,448,mRNA
59253,20126019,20126207,188,CDS
59254,20124865,20125662,797,CDS
59255,20124459,20124746,287,CDS
59256,20126019,20126207,188,CDS
59257,20124865,20125662,797,CDS
59258,20124459,20124746,287,CDS
59259,20129181,20139010,9829,gene
59260,20129181,20129363,182,mRNA
59261,20129425,20129555,130,mRNA
59262,20129621,20129872,251,mRNA
59263,20129932,20130068,136,mRNA
59264,20130126,20130300,174,mRNA
59265,20133503,20133709,206,mRNA
59266,20133764,20134678,914,mRNA
59267,20134748,20135354,606,mRNA
59268,20135421,20135620,199,mRNA
59269,20135678,20135934,256,mRNA
59270,20135995,20138068,2073,mRNA
59271,20138130,20138273,143,mRNA
59272,20138379,20138549,170,mRNA
59273,20138605,20138700,95,mRNA
59274,20138765,20139010,245,mRNA
59275,20129181,20129363,182,mRNA
59276,20129425,20129555,130,mRNA
59277,20129621,20129872,251,mRNA
59278,20129932,20130068,136,mRNA
59279,20130126,20130300,174,mRNA
59280,20133503,20133709,206,mRNA
59281,20133764,20134678,914,mRNA
59282,20134748,20135354,606,mRNA
59283,20135421,20135620,199,mRNA
59284,20135687,20135934,247,mRNA
59285,20135995,20138068,2073,mRNA
59286,20138130,20138273,143,mRNA
59287,20138379,20138549,170,mRNA
59288,20138605,20138700,95,mRNA
59289,20138765,20139010,245,mRNA
59290,20129309,20129363,54,CDS
59291,20129425,20129555,130,CDS
59292,20129621,20129872,251,CDS
59293,20129932,20130068,136,CDS
59294,20130126,20130300,174,CDS
59295,20133503,20133709,206,CDS
59296,20133764,20134678,914,CDS
59297,20134748,20135354,606,CDS
59298,20135421,20135620,199,CDS
59299,20135678,20135934,256,CDS
59300,20135995,20138068,2073,CDS
59301,20138130,20138273,143,CDS
59302,20138379,20138549,170,CDS
59303,20138605,20138700,95,CDS
59304,20138765,20138887,122,CDS
59305,20129309,20129363,54,CDS
59306,20129425,20129555,130,CDS
59307,20129621,20129872,251,CDS
59308,20129932,20130068,136,CDS
59309,20130126,20130300,174,CDS
59310,20133503,20133709,206,CDS
59311,20133764,20134678,914,CDS
59312,20134748,20135354,606,CDS
59313,20135421,20135620,199,CDS
59314,20135687,20135934,247,CDS
59315,20135995,20138068,2073,CDS
59316,20138130,20138273,143,CDS
59317,20138379,20138549,170,CDS
59318,20138605,20138700,95,CDS
59319,20138765,20138887,122,CDS
59320,20130451,20131743,1292,gene
59321,20131690,20131743,53,mRNA
59322,20130451,20131631,1180,mRNA
59323,20131690,20131696,6,CDS
59324,20130577,20131631,1054,CDS
59325,20132032,20133268,1236,gene
59326,20132032,20133268,1236,mRNA
59327,20132140,20133258,1118,CDS
59328,20139210,20140607,1397,gene
59329,20139210,20140607,1397,mRNA
59330,20139363,20140283,920,CDS
59331,20149614,20198317,48703,gene
59332,20197912,20198317,405,mRNA
59333,20197482,20197802,320,mRNA
59334,20190658,20192299,1641,mRNA
59335,20158480,20158668,188,mRNA
59336,20155901,20155998,97,mRNA
59337,20155733,20155827,94,mRNA
59338,20155538,20155659,121,mRNA
59339,20154901,20155278,377,mRNA
59340,20154611,20154838,227,mRNA
59341,20154204,20154548,344,mRNA
59342,20153469,20154144,675,mRNA
59343,20153164,20153335,171,mRNA
59344,20149614,20151890,2276,mRNA
59345,20197912,20198317,405,mRNA
59346,20197482,20197802,320,mRNA
59347,20190658,20192299,1641,mRNA
59348,20168476,20169063,587,mRNA
59349,20162455,20164430,1975,mRNA
59350,20158480,20158668,188,mRNA
59351,20155901,20155998,97,mRNA
59352,20155733,20155827,94,mRNA
59353,20155538,20155659,121,mRNA
59354,20154901,20155278,377,mRNA
59355,20154611,20154838,227,mRNA
59356,20154204,20154548,344,mRNA
59357,20153469,20154144,675,mRNA
59358,20153164,20153335,171,mRNA
59359,20149614,20151890,2276,mRNA
59360,20197482,20198317,835,mRNA
59361,20190658,20192299,1641,mRNA
59362,20158480,20158668,188,mRNA
59363,20155901,20155998,97,mRNA
59364,20155733,20155827,94,mRNA
59365,20155538,20155659,121,mRNA
59366,20154901,20155278,377,mRNA
59367,20154611,20154838,227,mRNA
59368,20154204,20154548,344,mRNA
59369,20153469,20154144,675,mRNA
59370,20153164,20153335,171,mRNA
59371,20149614,20151890,2276,mRNA
59372,20197482,20198317,835,mRNA
59373,20190658,20192299,1641,mRNA
59374,20168476,20169063,587,mRNA
59375,20162455,20164430,1975,mRNA
59376,20158480,20158668,188,mRNA
59377,20155901,20155998,97,mRNA
59378,20155733,20155827,94,mRNA
59379,20155538,20155659,121,mRNA
59380,20154901,20155278,377,mRNA
59381,20154611,20154838,227,mRNA
59382,20154204,20154548,344,mRNA
59383,20153469,20154144,675,mRNA
59384,20153164,20153335,171,mRNA
59385,20152201,20152305,104,mRNA
59386,20149614,20151890,2276,mRNA
59387,20197482,20198317,835,mRNA
59388,20190658,20192299,1641,mRNA
59389,20168476,20169063,587,mRNA
59390,20162455,20164430,1975,mRNA
59391,20158480,20158668,188,mRNA
59392,20156680,20157222,542,mRNA
59393,20155901,20155998,97,mRNA
59394,20155733,20155827,94,mRNA
59395,20155538,20155659,121,mRNA
59396,20154901,20155278,377,mRNA
59397,20154611,20154838,227,mRNA
59398,20154204,20154548,344,mRNA
59399,20153469,20154144,675,mRNA
59400,20153164,20153335,171,mRNA
59401,20149614,20151890,2276,mRNA
59402,20197482,20198317,835,mRNA
59403,20190658,20192299,1641,mRNA
59404,20168476,20169063,587,mRNA
59405,20162455,20164430,1975,mRNA
59406,20158480,20158668,188,mRNA
59407,20156680,20157222,542,mRNA
59408,20155901,20155998,97,mRNA
59409,20155733,20155827,94,mRNA
59410,20155538,20155659,121,mRNA
59411,20154901,20155278,377,mRNA
59412,20154611,20154838,227,mRNA
59413,20154204,20154548,344,mRNA
59414,20153469,20154144,675,mRNA
59415,20153164,20153335,171,mRNA
59416,20152201,20152305,104,mRNA
59417,20149614,20151890,2276,mRNA
59418,20184963,20185385,422,mRNA
59419,20158480,20158668,188,mRNA
59420,20155901,20155998,97,mRNA
59421,20155733,20155827,94,mRNA
59422,20155538,20155659,121,mRNA
59423,20154901,20155278,377,mRNA
59424,20154611,20154838,227,mRNA
59425,20154204,20154548,344,mRNA
59426,20153469,20154144,675,mRNA
59427,20153164,20153335,171,mRNA
59428,20149614,20151890,2276,mRNA
59429,20190658,20192274,1616,CDS
59430,20158480,20158668,188,CDS
59431,20155901,20155998,97,CDS
59432,20155733,20155827,94,CDS
59433,20155538,20155659,121,CDS
59434,20154901,20155278,377,CDS
59435,20154611,20154838,227,CDS
59436,20154204,20154548,344,CDS
59437,20153469,20154144,675,CDS
59438,20153164,20153335,171,CDS
59439,20151572,20151890,318,CDS
59440,20190658,20192274,1616,CDS
59441,20158480,20158668,188,CDS
59442,20155901,20155998,97,CDS
59443,20155733,20155827,94,CDS
59444,20155538,20155659,121,CDS
59445,20154901,20155278,377,CDS
59446,20154611,20154838,227,CDS
59447,20154204,20154548,344,CDS
59448,20153469,20154144,675,CDS
59449,20153164,20153335,171,CDS
59450,20151572,20151890,318,CDS
59451,20162455,20164170,1715,CDS
59452,20158480,20158668,188,CDS
59453,20155901,20155998,97,CDS
59454,20155733,20155827,94,CDS
59455,20155538,20155659,121,CDS
59456,20154901,20155278,377,CDS
59457,20154611,20154838,227,CDS
59458,20154204,20154548,344,CDS
59459,20153469,20154144,675,CDS
59460,20153164,20153335,171,CDS
59461,20151572,20151890,318,CDS
59462,20162455,20164170,1715,CDS
59463,20158480,20158668,188,CDS
59464,20155901,20155998,97,CDS
59465,20155733,20155827,94,CDS
59466,20155538,20155659,121,CDS
59467,20154901,20155278,377,CDS
59468,20154611,20154838,227,CDS
59469,20154204,20154548,344,CDS
59470,20153469,20154144,675,CDS
59471,20153164,20153335,171,CDS
59472,20152201,20152305,104,CDS
59473,20151572,20151890,318,CDS
59474,20162455,20164170,1715,CDS
59475,20158480,20158668,188,CDS
59476,20156680,20157222,542,CDS
59477,20155901,20155998,97,CDS
59478,20155733,20155827,94,CDS
59479,20155538,20155659,121,CDS
59480,20154901,20155278,377,CDS
59481,20154611,20154838,227,CDS
59482,20154204,20154548,344,CDS
59483,20153469,20154144,675,CDS
59484,20153164,20153335,171,CDS
59485,20151572,20151890,318,CDS
59486,20162455,20164170,1715,CDS
59487,20158480,20158668,188,CDS
59488,20156680,20157222,542,CDS
59489,20155901,20155998,97,CDS
59490,20155733,20155827,94,CDS
59491,20155538,20155659,121,CDS
59492,20154901,20155278,377,CDS
59493,20154611,20154838,227,CDS
59494,20154204,20154548,344,CDS
59495,20153469,20154144,675,CDS
59496,20153164,20153335,171,CDS
59497,20152201,20152305,104,CDS
59498,20151572,20151890,318,CDS
59499,20158480,20158593,113,CDS
59500,20155901,20155998,97,CDS
59501,20155733,20155827,94,CDS
59502,20155538,20155659,121,CDS
59503,20154901,20155278,377,CDS
59504,20154611,20154838,227,CDS
59505,20154204,20154548,344,CDS
59506,20153469,20154144,675,CDS
59507,20153164,20153335,171,CDS
59508,20151572,20151890,318,CDS
59509,20159990,20160486,496,gene
59510,20159990,20160486,496,ncRNA
59511,20188522,20189779,1257,gene
59512,20188522,20188762,240,mRNA
59513,20188992,20189188,196,mRNA
59514,20189320,20189779,459,mRNA
59515,20188522,20188614,92,mRNA
59516,20188676,20188762,86,mRNA
59517,20188992,20189188,196,mRNA
59518,20189320,20189779,459,mRNA
59519,20188712,20188762,50,CDS
59520,20188992,20189188,196,CDS
59521,20189320,20189560,240,CDS
59522,20188712,20188762,50,CDS
59523,20188992,20189188,196,CDS
59524,20189320,20189560,240,CDS
59525,20200093,20200487,394,gene
59526,20200093,20200487,394,mRNA
59527,20200118,20200381,263,CDS
59528,20200443,20201638,1195,gene
59529,20201475,20201638,163,mRNA
59530,20200443,20201347,904,mRNA
59531,20201475,20201597,122,CDS
59532,20200490,20201347,857,CDS
59533,20202070,20203687,1617,gene
59534,20203596,20203687,91,mRNA
59535,20202914,20203503,589,mRNA
59536,20202070,20202710,640,mRNA
59537,20203596,20203602,6,CDS
59538,20202914,20203503,589,CDS
59539,20202198,20202710,512,CDS
59540,20204309,20206046,1737,gene
59541,20205998,20206046,48,mRNA
59542,20204309,20205926,1617,mRNA
59543,20205998,20206046,48,mRNA
59544,20204618,20205926,1308,mRNA
59545,20205998,20206001,3,CDS
59546,20204671,20205926,1255,CDS
59547,20205998,20206001,3,CDS
59548,20204671,20205926,1255,CDS
59549,20207534,20209600,2066,gene
59550,20207534,20207628,94,mRNA
59551,20207868,20209600,1732,mRNA
59552,20207534,20207628,94,mRNA
59553,20207868,20209149,1281,mRNA
59554,20207625,20207628,3,CDS
59555,20207868,20208958,1090,CDS
59556,20207625,20207628,3,CDS
59557,20207868,20208958,1090,CDS
59558,20207866,20208801,935,gene
59559,20207866,20208801,935,ncRNA
59560,20210292,20212122,1830,gene
59561,20212024,20212122,98,mRNA
59562,20210292,20211752,1460,mRNA
59563,20212024,20212122,98,mRNA
59564,20210438,20211752,1314,mRNA
59565,20212024,20212033,9,CDS
59566,20210683,20211752,1069,CDS
59567,20212024,20212033,9,CDS
59568,20210683,20211752,1069,CDS
59569,20212660,20218179,5519,mobile_element
59570,20218500,20220420,1920,gene
59571,20220345,20220420,75,mRNA
59572,20218500,20219663,1163,mRNA
59573,20220345,20220420,75,mRNA
59574,20220097,20220235,138,mRNA
59575,20218502,20219663,1161,mRNA
59576,20220345,20220420,75,mRNA
59577,20220061,20220235,174,mRNA
59578,20218502,20219663,1161,mRNA
59579,20220061,20220181,120,mRNA
59580,20218502,20219663,1161,mRNA
59581,20220097,20220180,83,mRNA
59582,20218502,20219663,1161,mRNA
59583,20220345,20220351,6,CDS
59584,20218615,20219663,1048,CDS
59585,20220097,20220103,6,CDS
59586,20218615,20219663,1048,CDS
59587,20220097,20220103,6,CDS
59588,20218615,20219663,1048,CDS
59589,20220061,20220103,42,CDS
59590,20218615,20219663,1048,CDS
59591,20220061,20220103,42,CDS
59592,20218615,20219663,1048,CDS
59593,20221814,20223197,1383,gene
59594,20221814,20221858,44,mRNA
59595,20221920,20223197,1277,mRNA
59596,20221814,20221858,44,mRNA
59597,20221920,20222966,1046,mRNA
59598,20221852,20221858,6,CDS
59599,20221920,20222917,997,CDS
59600,20221852,20221858,6,CDS
59601,20221920,20222917,997,CDS
59602,20223932,20225324,1392,gene
59603,20223932,20224029,97,mRNA
59604,20224287,20225324,1037,mRNA
59605,20224023,20224029,6,CDS
59606,20224287,20225293,1006,CDS
59607,20225409,20225492,83,mobile_element
59608,20226381,20230250,3869,gene
59609,20226381,20228344,1963,mRNA
59610,20228417,20228955,538,mRNA
59611,20229073,20230250,1177,mRNA
59612,20226381,20226706,325,mRNA
59613,20226773,20228344,1571,mRNA
59614,20228417,20228955,538,mRNA
59615,20229073,20230250,1177,mRNA
59616,20226381,20226706,325,mRNA
59617,20226773,20227517,744,mRNA
59618,20227578,20228344,766,mRNA
59619,20228417,20228955,538,mRNA
59620,20229073,20230250,1177,mRNA
59621,20226816,20228344,1528,CDS
59622,20228417,20228955,538,CDS
59623,20229073,20229677,604,CDS
59624,20226816,20228344,1528,CDS
59625,20228417,20228955,538,CDS
59626,20229073,20229677,604,CDS
59627,20226816,20227517,701,CDS
59628,20227578,20228344,766,CDS
59629,20228417,20228955,538,CDS
59630,20229073,20229677,604,CDS
59631,20231669,20233255,1586,gene
59632,20231669,20232496,827,mRNA
59633,20232557,20233255,698,mRNA
59634,20231720,20232496,776,CDS
59635,20232557,20233072,515,CDS
59636,20233173,20241903,8730,gene
59637,20241845,20241903,58,mRNA
59638,20239863,20240532,669,mRNA
59639,20238738,20239547,809,mRNA
59640,20236434,20237910,1476,mRNA
59641,20235502,20235677,175,mRNA
59642,20235135,20235434,299,mRNA
59643,20234929,20235066,137,mRNA
59644,20234619,20234868,249,mRNA
59645,20234264,20234547,283,mRNA
59646,20234008,20234190,182,mRNA
59647,20233173,20233948,775,mRNA
59648,20241319,20241518,199,mRNA
59649,20239863,20240532,669,mRNA
59650,20238738,20239610,872,mRNA
59651,20236434,20237910,1476,mRNA
59652,20235502,20235677,175,mRNA
59653,20235135,20235434,299,mRNA
59654,20234929,20235066,137,mRNA
59655,20234619,20234868,249,mRNA
59656,20234264,20234547,283,mRNA
59657,20234008,20234190,182,mRNA
59658,20233173,20233948,775,mRNA
59659,20241319,20241518,199,mRNA
59660,20239863,20240532,669,mRNA
59661,20236434,20237910,1476,mRNA
59662,20235502,20235677,175,mRNA
59663,20235135,20235434,299,mRNA
59664,20234929,20235066,137,mRNA
59665,20234619,20234868,249,mRNA
59666,20234264,20234547,283,mRNA
59667,20234008,20234190,182,mRNA
59668,20233549,20233948,399,mRNA
59669,20241275,20241518,243,mRNA
59670,20239863,20240532,669,mRNA
59671,20238738,20239613,875,mRNA
59672,20236434,20237910,1476,mRNA
59673,20235502,20235677,175,mRNA
59674,20235135,20235434,299,mRNA
59675,20234929,20235066,137,mRNA
59676,20234619,20234868,249,mRNA
59677,20234264,20234547,283,mRNA
59678,20234008,20234190,182,mRNA
59679,20233549,20233948,399,mRNA
59680,20239863,20240495,632,CDS
59681,20236434,20237910,1476,CDS
59682,20235502,20235677,175,CDS
59683,20235135,20235434,299,CDS
59684,20234929,20235066,137,CDS
59685,20234619,20234868,249,CDS
59686,20234264,20234547,283,CDS
59687,20234008,20234190,182,CDS
59688,20233868,20233948,80,CDS
59689,20239863,20240495,632,CDS
59690,20238738,20239547,809,CDS
59691,20236434,20237910,1476,CDS
59692,20235502,20235677,175,CDS
59693,20235135,20235434,299,CDS
59694,20234929,20235066,137,CDS
59695,20234619,20234868,249,CDS
59696,20234264,20234547,283,CDS
59697,20234008,20234190,182,CDS
59698,20233868,20233948,80,CDS
59699,20239863,20240495,632,CDS
59700,20238738,20239610,872,CDS
59701,20236434,20237910,1476,CDS
59702,20235502,20235677,175,CDS
59703,20235135,20235434,299,CDS
59704,20234929,20235066,137,CDS
59705,20234619,20234868,249,CDS
59706,20234264,20234547,283,CDS
59707,20234008,20234190,182,CDS
59708,20233868,20233948,80,CDS
59709,20239863,20240495,632,CDS
59710,20238738,20239613,875,CDS
59711,20236434,20237910,1476,CDS
59712,20235502,20235677,175,CDS
59713,20235135,20235434,299,CDS
59714,20234929,20235066,137,CDS
59715,20234619,20234868,249,CDS
59716,20234264,20234547,283,CDS
59717,20234008,20234190,182,CDS
59718,20233868,20233948,80,CDS
59719,20241319,20241518,199,mRNA
59720,20239863,20240532,669,mRNA
59721,20236028,20237910,1882,mRNA
59722,20241319,20241518,199,mRNA
59723,20239863,20240532,669,mRNA
59724,20238738,20239547,809,mRNA
59725,20236434,20237910,1476,mRNA
59726,20236028,20236328,300,mRNA
59727,20241275,20241518,243,mRNA
59728,20239863,20240532,669,mRNA
59729,20238738,20239544,806,mRNA
59730,20236434,20237910,1476,mRNA
59731,20236028,20236328,300,mRNA
59732,20241119,20241518,399,mRNA
59733,20239863,20240532,669,mRNA
59734,20236028,20237910,1882,mRNA
59735,20239863,20240495,632,CDS
59736,20236225,20237910,1685,CDS
59737,20239863,20240495,632,CDS
59738,20236225,20237910,1685,CDS
59739,20239863,20240495,632,CDS
59740,20238738,20239544,806,CDS
59741,20236434,20237910,1476,CDS
59742,20236225,20236328,103,CDS
59743,20239863,20240495,632,CDS
59744,20238738,20239547,809,CDS
59745,20236434,20237910,1476,CDS
59746,20236225,20236328,103,CDS
59747,20241053,20243735,2682,gene
59748,20241053,20241106,53,mRNA
59749,20242785,20243735,950,mRNA
59750,20241267,20245312,4045,gene
59751,20241267,20241540,273,mRNA
59752,20244165,20244577,412,mRNA
59753,20244938,20245312,374,mRNA
59754,20241563,20241684,121,mRNA
59755,20244165,20244577,412,mRNA
59756,20244938,20245312,374,mRNA
59757,20241563,20241684,121,mRNA
59758,20242785,20243735,950,mRNA
59759,20242506,20243735,1229,mRNA
59760,20242506,20242667,161,mRNA
59761,20242785,20243735,950,mRNA
59762,20242798,20243457,659,CDS
59763,20242798,20243457,659,CDS
59764,20242798,20243457,659,CDS
59765,20242798,20243457,659,CDS
59766,20244167,20244577,410,CDS
59767,20244938,20245138,200,CDS
59768,20244167,20244577,410,CDS
59769,20244938,20245138,200,CDS
59770,20248080,20265554,17474,gene
59771,20248080,20248325,245,mRNA
59772,20255898,20256638,740,mRNA
59773,20260862,20260989,127,mRNA
59774,20261213,20261294,81,mRNA
59775,20261536,20261660,124,mRNA
59776,20261724,20261891,167,mRNA
59777,20261949,20262152,203,mRNA
59778,20262312,20262461,149,mRNA
59779,20262529,20262594,65,mRNA
59780,20262656,20262841,185,mRNA
59781,20263177,20263584,407,mRNA
59782,20263634,20263733,99,mRNA
59783,20263795,20265554,1759,mRNA
59784,20248080,20248150,70,mRNA
59785,20255898,20256638,740,mRNA
59786,20260862,20260989,127,mRNA
59787,20261213,20261294,81,mRNA
59788,20261536,20261660,124,mRNA
59789,20261724,20261891,167,mRNA
59790,20261949,20262152,203,mRNA
59791,20262312,20262461,149,mRNA
59792,20262529,20262594,65,mRNA
59793,20262656,20262841,185,mRNA
59794,20263177,20263584,407,mRNA
59795,20263634,20263733,99,mRNA
59796,20263795,20265554,1759,mRNA
59797,20248628,20249060,432,mRNA
59798,20255898,20256638,740,mRNA
59799,20260862,20260989,127,mRNA
59800,20261213,20261294,81,mRNA
59801,20261536,20261660,124,mRNA
59802,20261724,20261891,167,mRNA
59803,20261949,20262152,203,mRNA
59804,20262312,20262461,149,mRNA
59805,20262529,20262594,65,mRNA
59806,20262656,20262841,185,mRNA
59807,20263177,20263584,407,mRNA
59808,20263634,20263733,99,mRNA
59809,20263795,20265554,1759,mRNA
59810,20256371,20256638,267,CDS
59811,20260862,20260989,127,CDS
59812,20261213,20261294,81,CDS
59813,20261536,20261660,124,CDS
59814,20261724,20261891,167,CDS
59815,20261949,20262152,203,CDS
59816,20262312,20262461,149,CDS
59817,20262529,20262594,65,CDS
59818,20262656,20262841,185,CDS
59819,20263177,20263584,407,CDS
59820,20263634,20263733,99,CDS
59821,20263795,20264150,355,CDS
59822,20256371,20256638,267,CDS
59823,20260862,20260989,127,CDS
59824,20261213,20261294,81,CDS
59825,20261536,20261660,124,CDS
59826,20261724,20261891,167,CDS
59827,20261949,20262152,203,CDS
59828,20262312,20262461,149,CDS
59829,20262529,20262594,65,CDS
59830,20262656,20262841,185,CDS
59831,20263177,20263584,407,CDS
59832,20263634,20263733,99,CDS
59833,20263795,20264150,355,CDS
59834,20256371,20256638,267,CDS
59835,20260862,20260989,127,CDS
59836,20261213,20261294,81,CDS
59837,20261536,20261660,124,CDS
59838,20261724,20261891,167,CDS
59839,20261949,20262152,203,CDS
59840,20262312,20262461,149,CDS
59841,20262529,20262594,65,CDS
59842,20262656,20262841,185,CDS
59843,20263177,20263584,407,CDS
59844,20263634,20263733,99,CDS
59845,20263795,20264150,355,CDS
59846,20257385,20258451,1066,mobile_element
59847,20259544,20259622,78,mobile_element
59848,20259986,20260487,501,mRNA
59849,20260862,20260989,127,mRNA
59850,20261213,20261294,81,mRNA
59851,20261536,20261660,124,mRNA
59852,20261724,20261891,167,mRNA
59853,20261949,20262152,203,mRNA
59854,20262312,20262461,149,mRNA
59855,20262529,20262594,65,mRNA
59856,20262656,20262841,185,mRNA
59857,20263177,20263584,407,mRNA
59858,20263634,20263733,99,mRNA
59859,20263795,20265554,1759,mRNA
59860,20259986,20260310,324,mRNA
59861,20260862,20260989,127,mRNA
59862,20261213,20261294,81,mRNA
59863,20261536,20261660,124,mRNA
59864,20261724,20261891,167,mRNA
59865,20261949,20262152,203,mRNA
59866,20262312,20262461,149,mRNA
59867,20262529,20262594,65,mRNA
59868,20262656,20262841,185,mRNA
59869,20263177,20263584,407,mRNA
59870,20263634,20263733,99,mRNA
59871,20263795,20265554,1759,mRNA
59872,20260250,20260310,60,CDS
59873,20260862,20260989,127,CDS
59874,20261213,20261294,81,CDS
59875,20261536,20261660,124,CDS
59876,20261724,20261891,167,CDS
59877,20261949,20262152,203,CDS
59878,20262312,20262461,149,CDS
59879,20262529,20262594,65,CDS
59880,20262656,20262841,185,CDS
59881,20263177,20263584,407,CDS
59882,20263634,20263733,99,CDS
59883,20263795,20264150,355,CDS
59884,20260475,20260487,12,CDS
59885,20260862,20260989,127,CDS
59886,20261213,20261294,81,CDS
59887,20261536,20261660,124,CDS
59888,20261724,20261891,167,CDS
59889,20261949,20262152,203,CDS
59890,20262312,20262461,149,CDS
59891,20262529,20262594,65,CDS
59892,20262656,20262841,185,CDS
59893,20263177,20263584,407,CDS
59894,20263634,20263733,99,CDS
59895,20263795,20264150,355,CDS
59896,20265598,20266200,602,gene
59897,20266077,20266200,123,ncRNA
59898,20265866,20266010,144,ncRNA
59899,20265746,20265806,60,ncRNA
59900,20265598,20265688,90,ncRNA
59901,20266077,20266200,123,ncRNA
59902,20265746,20266010,264,ncRNA
59903,20265598,20265688,90,ncRNA
59904,20265746,20266200,454,ncRNA
59905,20265598,20265688,90,ncRNA
59906,20265814,20268800,2986,gene
59907,20265814,20268800,2986,mRNA
59908,20265814,20268561,2747,CDS
59909,20268859,20295133,26274,gene
59910,20294761,20295133,372,mRNA
59911,20279688,20280147,459,mRNA
59912,20277653,20278870,1217,mRNA
59913,20277184,20277314,130,mRNA
59914,20272987,20273217,230,mRNA
59915,20271516,20271804,288,mRNA
59916,20271286,20271450,164,mRNA
59917,20270937,20271222,285,mRNA
59918,20270448,20270886,438,mRNA
59919,20268859,20270365,1506,mRNA
59920,20279688,20279826,138,CDS
59921,20277653,20278870,1217,CDS
59922,20277184,20277314,130,CDS
59923,20272987,20273217,230,CDS
59924,20271516,20271804,288,CDS
59925,20271286,20271450,164,CDS
59926,20270937,20271222,285,CDS
59927,20270448,20270886,438,CDS
59928,20269445,20270365,920,CDS
59929,20273389,20275335,1946,gene
59930,20273389,20275335,1946,mRNA
59931,20273458,20275254,1796,CDS
59932,20283884,20283942,58,mobile_element
59933,20290702,20291152,450,gene
59934,20291104,20291152,48,ncRNA
59935,20290702,20290948,246,ncRNA
59936,20295802,20296971,1169,gene
59937,20296842,20296971,129,mRNA
59938,20296607,20296789,182,mRNA
59939,20296344,20296542,198,mRNA
59940,20296085,20296284,199,mRNA
59941,20295802,20295992,190,mRNA
59942,20296842,20296900,58,CDS
59943,20296607,20296789,182,CDS
59944,20296344,20296542,198,CDS
59945,20296085,20296284,199,CDS
59946,20295845,20295992,147,CDS
59947,20297129,20302141,5012,gene
59948,20300957,20302141,1184,mRNA
59949,20299498,20300900,1402,mRNA
59950,20298965,20299228,263,mRNA
59951,20298204,20298903,699,mRNA
59952,20297564,20298145,581,mRNA
59953,20297129,20297498,369,mRNA
59954,20300957,20302021,1064,CDS
59955,20299498,20300900,1402,CDS
59956,20298965,20299228,263,CDS
59957,20298204,20298903,699,CDS
59958,20297564,20298145,581,CDS
59959,20297460,20297498,38,CDS
59960,20299410,20309511,10101,gene
59961,20299410,20299475,65,mRNA
59962,20303067,20303115,48,mRNA
59963,20303174,20303345,171,mRNA
59964,20307831,20307922,91,mRNA
59965,20308094,20308347,253,mRNA
59966,20308409,20308616,207,mRNA
59967,20308747,20309194,447,mRNA
59968,20299410,20302295,2885,gene
59969,20299410,20299475,65,ncRNA
59970,20299535,20302295,2760,ncRNA
59971,20302431,20302837,406,mRNA
59972,20303067,20303115,48,mRNA
59973,20303174,20303345,171,mRNA
59974,20307831,20307922,91,mRNA
59975,20308094,20308347,253,mRNA
59976,20308409,20308616,207,mRNA
59977,20308747,20309511,764,mRNA
59978,20302431,20302502,71,mRNA
59979,20303067,20303115,48,mRNA
59980,20303174,20303345,171,mRNA
59981,20307831,20307922,91,mRNA
59982,20308094,20308347,253,mRNA
59983,20308409,20308616,207,mRNA
59984,20308747,20309194,447,mRNA
59985,20303233,20303345,112,CDS
59986,20307831,20307922,91,CDS
59987,20308094,20308347,253,CDS
59988,20308409,20308616,207,CDS
59989,20308747,20308826,79,CDS
59990,20303233,20303345,112,CDS
59991,20307831,20307922,91,CDS
59992,20308094,20308347,253,CDS
59993,20308409,20308616,207,CDS
59994,20308747,20308826,79,CDS
59995,20303233,20303345,112,CDS
59996,20307831,20307922,91,CDS
59997,20308094,20308347,253,CDS
59998,20308409,20308616,207,CDS
59999,20308747,20308826,79,CDS
60000,20304310,20306283,1973,gene
60001,20306067,20306283,216,mRNA
60002,20305822,20305904,82,mRNA
60003,20305511,20305759,248,mRNA
60004,20304701,20305110,409,mRNA
60005,20304310,20304643,333,mRNA
60006,20306067,20306169,102,CDS
60007,20305822,20305904,82,CDS
60008,20305511,20305759,248,CDS
60009,20304701,20305110,409,CDS
60010,20304601,20304643,42,CDS
60011,20307650,20307757,107,mRNA
60012,20307831,20307922,91,mRNA
60013,20308094,20308347,253,mRNA
60014,20308409,20308616,207,mRNA
60015,20308747,20309511,764,mRNA
60016,20307750,20307757,7,CDS
60017,20307831,20307922,91,CDS
60018,20308094,20308347,253,CDS
60019,20308409,20308616,207,CDS
60020,20308747,20308826,79,CDS
60021,20309654,20313466,3812,gene
60022,20309654,20310408,754,mRNA
60023,20311049,20311273,224,mRNA
60024,20311335,20312117,782,mRNA
60025,20312183,20312611,428,mRNA
60026,20312679,20313466,787,mRNA
60027,20310047,20310408,361,mRNA
60028,20311049,20311273,224,mRNA
60029,20311335,20312117,782,mRNA
60030,20312183,20312611,428,mRNA
60031,20312679,20313203,524,mRNA
60032,20310310,20310408,98,CDS
60033,20311049,20311273,224,CDS
60034,20311335,20312117,782,CDS
60035,20312183,20312611,428,CDS
60036,20312679,20312873,194,CDS
60037,20310310,20310408,98,CDS
60038,20311049,20311273,224,CDS
60039,20311335,20312117,782,CDS
60040,20312183,20312611,428,CDS
60041,20312679,20312873,194,CDS
60042,20313632,20316577,2945,gene
60043,20313632,20313884,252,mRNA
60044,20314608,20314923,315,mRNA
60045,20314983,20315303,320,mRNA
60046,20315398,20316577,1179,mRNA
60047,20313793,20313884,91,CDS
60048,20314608,20314923,315,CDS
60049,20314983,20315303,320,CDS
60050,20315398,20315547,149,CDS
60051,20315134,20317283,2149,gene
60052,20316891,20317283,392,ncRNA
60053,20315134,20315538,404,ncRNA
60054,20317190,20320116,2926,gene
60055,20317190,20317788,598,mRNA
60056,20318384,20318813,429,mRNA
60057,20318871,20319141,270,mRNA
60058,20319198,20319566,368,mRNA
60059,20319625,20320116,491,mRNA
60060,20317190,20317788,598,mRNA
60061,20318384,20318813,429,mRNA
60062,20318871,20319141,270,mRNA
60063,20319198,20319566,368,mRNA
60064,20319625,20319947,322,mRNA
60065,20317190,20317416,226,mRNA
60066,20317479,20317788,309,mRNA
60067,20318384,20318813,429,mRNA
60068,20318871,20319141,270,mRNA
60069,20319198,20319566,368,mRNA
60070,20319625,20319947,322,mRNA
60071,20317773,20317788,15,CDS
60072,20318384,20318813,429,CDS
60073,20318871,20319141,270,CDS
60074,20319198,20319566,368,CDS
60075,20319625,20319891,266,CDS
60076,20317773,20317788,15,CDS
60077,20318384,20318813,429,CDS
60078,20318871,20319141,270,CDS
60079,20319198,20319566,368,CDS
60080,20319625,20319891,266,CDS
60081,20317773,20317788,15,CDS
60082,20318384,20318813,429,CDS
60083,20318871,20319141,270,CDS
60084,20319198,20319566,368,CDS
60085,20319625,20319891,266,CDS
60086,20320952,20322358,1406,gene
60087,20320952,20320963,11,mRNA
60088,20321019,20321201,182,mRNA
60089,20321269,20321572,303,mRNA
60090,20321640,20321993,353,mRNA
60091,20322051,20322358,307,mRNA
60092,20321041,20321201,160,CDS
60093,20321269,20321572,303,CDS
60094,20321640,20321993,353,CDS
60095,20322051,20322320,269,CDS
60096,20322377,20323209,832,gene
60097,20322377,20322644,267,exon
60098,20322704,20322823,119,exon
60099,20322877,20323058,181,exon
60100,20323121,20323209,88,exon
60101,20323295,20324650,1355,mobile_element
60102,20324793,20342344,17551,mobile_element
60103,20327779,20334790,7011,mobile_element
60104,20334833,20341683,6850,mobile_element
60105,20336937,20337212,275,mobile_element
60106,20342634,20344319,1685,gene
60107,20342634,20342650,16,mRNA
60108,20342706,20343060,354,mRNA
60109,20343128,20343431,303,mRNA
60110,20343499,20343852,353,mRNA
60111,20343910,20344319,409,mRNA
60112,20342634,20342650,16,mRNA
60113,20342716,20343060,344,mRNA
60114,20343128,20343431,303,mRNA
60115,20343499,20343852,353,mRNA
60116,20343910,20344319,409,mRNA
60117,20342738,20343060,322,CDS
60118,20343128,20343431,303,CDS
60119,20343499,20343852,353,CDS
60120,20343910,20344179,269,CDS
60121,20342738,20343060,322,CDS
60122,20343128,20343431,303,CDS
60123,20343499,20343852,353,CDS
60124,20343910,20344179,269,CDS
60125,20344619,20344697,78,mobile_element
60126,20345122,20345720,598,gene
60127,20345122,20345720,598,exon
60128,20345736,20347942,2206,gene
60129,20347891,20347942,51,mRNA
60130,20347613,20347833,220,mRNA
60131,20347352,20347558,206,mRNA
60132,20347108,20347289,181,mRNA
60133,20346935,20347054,119,mRNA
60134,20346244,20346875,631,mRNA
60135,20345736,20346174,438,mRNA
60136,20347891,20347909,18,CDS
60137,20347613,20347833,220,CDS
60138,20347352,20347558,206,CDS
60139,20347108,20347289,181,CDS
60140,20346935,20347054,119,CDS
60141,20346244,20346875,631,CDS
60142,20346086,20346174,88,CDS
60143,20348355,20353873,5518,gene
60144,20348355,20348385,30,mRNA
60145,20348942,20349206,264,mRNA
60146,20350305,20350480,175,mRNA
60147,20350559,20351028,469,mRNA
60148,20351094,20351249,155,mRNA
60149,20351324,20351521,197,mRNA
60150,20351583,20351730,147,mRNA
60151,20353445,20353873,428,mRNA
60152,20348355,20349206,851,mRNA
60153,20350305,20350480,175,mRNA
60154,20350559,20351028,469,mRNA
60155,20351094,20351249,155,mRNA
60156,20351324,20351521,197,mRNA
60157,20351583,20351730,147,mRNA
60158,20352807,20353127,320,mRNA
60159,20348355,20348650,295,mRNA
60160,20348942,20349206,264,mRNA
60161,20350305,20350480,175,mRNA
60162,20350559,20351028,469,mRNA
60163,20351094,20351249,155,mRNA
60164,20351324,20351521,197,mRNA
60165,20351583,20351730,147,mRNA
60166,20352807,20353127,320,mRNA
60167,20348355,20348421,66,mRNA
60168,20348942,20349206,264,mRNA
60169,20350305,20350480,175,mRNA
60170,20350559,20351028,469,mRNA
60171,20351094,20351249,155,mRNA
60172,20351324,20351521,197,mRNA
60173,20351583,20351730,147,mRNA
60174,20352807,20353127,320,mRNA
60175,20348355,20348408,53,mRNA
60176,20348942,20349206,264,mRNA
60177,20350305,20350480,175,mRNA
60178,20350559,20351028,469,mRNA
60179,20351094,20351249,155,mRNA
60180,20351324,20351521,197,mRNA
60181,20351583,20351730,147,mRNA
60182,20352807,20353127,320,mRNA
60183,20348355,20348385,30,mRNA
60184,20348942,20349206,264,mRNA
60185,20350305,20350480,175,mRNA
60186,20350559,20351028,469,mRNA
60187,20351094,20351249,155,mRNA
60188,20351324,20351521,197,mRNA
60189,20351583,20351730,147,mRNA
60190,20352807,20353127,320,mRNA
60191,20348355,20348385,30,mRNA
60192,20348942,20349206,264,mRNA
60193,20350305,20350480,175,mRNA
60194,20350559,20351028,469,mRNA
60195,20351094,20351249,155,mRNA
60196,20351324,20351521,197,mRNA
60197,20351583,20351730,147,mRNA
60198,20351899,20352260,361,mRNA
60199,20348937,20349206,269,mRNA
60200,20350305,20350480,175,mRNA
60201,20350559,20351028,469,mRNA
60202,20351094,20351249,155,mRNA
60203,20351324,20351521,197,mRNA
60204,20351583,20351730,147,mRNA
60205,20352807,20353127,320,mRNA
60206,20349121,20349206,85,CDS
60207,20350305,20350480,175,CDS
60208,20350559,20351028,469,CDS
60209,20351094,20351249,155,CDS
60210,20351324,20351521,197,CDS
60211,20351583,20351730,147,CDS
60212,20353445,20353554,109,CDS
60213,20349121,20349206,85,CDS
60214,20350305,20350480,175,CDS
60215,20350559,20351028,469,CDS
60216,20351094,20351249,155,CDS
60217,20351324,20351521,197,CDS
60218,20351583,20351730,147,CDS
60219,20352807,20352889,82,CDS
60220,20349121,20349206,85,CDS
60221,20350305,20350480,175,CDS
60222,20350559,20351028,469,CDS
60223,20351094,20351249,155,CDS
60224,20351324,20351521,197,CDS
60225,20351583,20351730,147,CDS
60226,20352807,20352889,82,CDS
60227,20349121,20349206,85,CDS
60228,20350305,20350480,175,CDS
60229,20350559,20351028,469,CDS
60230,20351094,20351249,155,CDS
60231,20351324,20351521,197,CDS
60232,20351583,20351730,147,CDS
60233,20352807,20352889,82,CDS
60234,20349121,20349206,85,CDS
60235,20350305,20350480,175,CDS
60236,20350559,20351028,469,CDS
60237,20351094,20351249,155,CDS
60238,20351324,20351521,197,CDS
60239,20351583,20351730,147,CDS
60240,20352807,20352889,82,CDS
60241,20349121,20349206,85,CDS
60242,20350305,20350480,175,CDS
60243,20350559,20351028,469,CDS
60244,20351094,20351249,155,CDS
60245,20351324,20351521,197,CDS
60246,20351583,20351730,147,CDS
60247,20352807,20352889,82,CDS
60248,20349121,20349206,85,CDS
60249,20350305,20350480,175,CDS
60250,20350559,20351028,469,CDS
60251,20351094,20351249,155,CDS
60252,20351324,20351521,197,CDS
60253,20351583,20351730,147,CDS
60254,20352807,20352889,82,CDS
60255,20349121,20349206,85,CDS
60256,20350305,20350480,175,CDS
60257,20350559,20351028,469,CDS
60258,20351094,20351249,155,CDS
60259,20351324,20351521,197,CDS
60260,20351583,20351730,147,CDS
60261,20351899,20351978,79,CDS
60262,20353449,20356632,3183,gene
60263,20353449,20353637,188,mRNA
60264,20353959,20354405,446,mRNA
60265,20354800,20355129,329,mRNA
60266,20355305,20356280,975,mRNA
60267,20356345,20356632,287,mRNA
60268,20353920,20354405,485,mRNA
60269,20354800,20354987,187,mRNA
60270,20355305,20356280,975,mRNA
60271,20356345,20356632,287,mRNA
60272,20353920,20354405,485,mRNA
60273,20355305,20356280,975,mRNA
60274,20356345,20356632,287,mRNA
60275,20354226,20354405,179,CDS
60276,20354800,20354987,187,CDS
60277,20355305,20356280,975,CDS
60278,20356345,20356533,188,CDS
60279,20355429,20356280,851,CDS
60280,20356345,20356533,188,CDS
60281,20355429,20356280,851,CDS
60282,20356345,20356533,188,CDS
60283,20356807,20358331,1524,gene
60284,20356807,20357868,1061,mRNA
60285,20357941,20358331,390,mRNA
60286,20356897,20357868,971,CDS
60287,20357941,20358141,200,CDS
60288,20358512,20359820,1308,gene
60289,20358512,20358707,195,mRNA
60290,20358777,20359036,259,mRNA
60291,20359089,20359820,731,mRNA
60292,20358512,20358707,195,mRNA
60293,20358777,20359036,259,mRNA
60294,20359089,20359224,135,mRNA
60295,20359282,20359820,538,mRNA
60296,20358512,20358707,195,CDS
60297,20358777,20359036,259,CDS
60298,20359089,20359820,731,CDS
60299,20358512,20358707,195,CDS
60300,20358777,20359036,259,CDS
60301,20359089,20359224,135,CDS
60302,20359282,20359820,538,CDS
60303,20359833,20361585,1752,gene
60304,20359833,20361585,1752,mRNA
60305,20359906,20361507,1601,CDS
60306,20361843,20366724,4881,gene
60307,20366140,20366724,584,mRNA
60308,20365624,20365923,299,mRNA
60309,20364666,20364896,230,mRNA
60310,20364341,20364562,221,mRNA
60311,20362507,20364125,1618,mRNA
60312,20362309,20362436,127,mRNA
60313,20361843,20362247,404,mRNA
60314,20365624,20365923,299,mRNA
60315,20364666,20364896,230,mRNA
60316,20362507,20364125,1618,mRNA
60317,20362309,20362436,127,mRNA
60318,20361843,20362247,404,mRNA
60319,20365624,20365923,299,mRNA
60320,20364666,20364896,230,mRNA
60321,20364341,20364562,221,mRNA
60322,20362507,20364125,1618,mRNA
60323,20362309,20362436,127,mRNA
60324,20361843,20362247,404,mRNA
60325,20365624,20365918,294,CDS
60326,20364666,20364896,230,CDS
60327,20362507,20364125,1618,CDS
60328,20362309,20362436,127,CDS
60329,20362040,20362247,207,CDS
60330,20365624,20365918,294,CDS
60331,20364666,20364896,230,CDS
60332,20364341,20364562,221,CDS
60333,20362507,20364125,1618,CDS
60334,20362309,20362436,127,CDS
60335,20362040,20362247,207,CDS
60336,20365624,20365918,294,CDS
60337,20364666,20364896,230,CDS
60338,20364341,20364562,221,CDS
60339,20362507,20364125,1618,CDS
60340,20362309,20362436,127,CDS
60341,20362040,20362247,207,CDS
60342,20367198,20370259,3061,gene
60343,20367198,20370259,3061,mRNA
60344,20367316,20369925,2609,CDS
60345,20370313,20371746,1433,gene
60346,20370313,20370749,436,mRNA
60347,20370810,20371283,473,mRNA
60348,20371353,20371746,393,mRNA
60349,20370450,20370749,299,mRNA
60350,20370810,20371283,473,mRNA
60351,20371353,20371746,393,mRNA
60352,20370512,20370749,237,CDS
60353,20370810,20371283,473,CDS
60354,20371353,20371699,346,CDS
60355,20370512,20370749,237,CDS
60356,20370810,20371283,473,CDS
60357,20371353,20371699,346,CDS
60358,20371672,20375896,4224,gene
60359,20375618,20375896,278,mRNA
60360,20375420,20375554,134,mRNA
60361,20375227,20375361,134,mRNA
60362,20374899,20375169,270,mRNA
60363,20374615,20374843,228,mRNA
60364,20374362,20374564,202,mRNA
60365,20374187,20374272,85,mRNA
60366,20373671,20374130,459,mRNA
60367,20373263,20373613,350,mRNA
60368,20372969,20373200,231,mRNA
60369,20372699,20372905,206,mRNA
60370,20372348,20372640,292,mRNA
60371,20372080,20372289,209,mRNA
60372,20371672,20372019,347,mRNA
60373,20375420,20375487,67,CDS
60374,20375227,20375361,134,CDS
60375,20374899,20375169,270,CDS
60376,20374615,20374843,228,CDS
60377,20374362,20374564,202,CDS
60378,20374187,20374272,85,CDS
60379,20373671,20374130,459,CDS
60380,20373263,20373613,350,CDS
60381,20372969,20373200,231,CDS
60382,20372699,20372905,206,CDS
60383,20372348,20372640,292,CDS
60384,20372080,20372289,209,CDS
60385,20371792,20372019,227,CDS
60386,20376242,20382398,6156,gene
60387,20376242,20376601,359,mRNA
60388,20378431,20378648,217,mRNA
60389,20378712,20378815,103,mRNA
60390,20378882,20379079,197,mRNA
60391,20379312,20379848,536,mRNA
60392,20379911,20380169,258,mRNA
60393,20380235,20380348,113,mRNA
60394,20380413,20380499,86,mRNA
60395,20380570,20380653,83,mRNA
60396,20380715,20380957,242,mRNA
60397,20381022,20381292,270,mRNA
60398,20381547,20381721,174,mRNA
60399,20381792,20382398,606,mRNA
60400,20376242,20376601,359,mRNA
60401,20378431,20378648,217,mRNA
60402,20378712,20378815,103,mRNA
60403,20378882,20379079,197,mRNA
60404,20379312,20379848,536,mRNA
60405,20379911,20380169,258,mRNA
60406,20380235,20380348,113,mRNA
60407,20380413,20380499,86,mRNA
60408,20380570,20380653,83,mRNA
60409,20380715,20380957,242,mRNA
60410,20381022,20381292,270,mRNA
60411,20381547,20381721,174,mRNA
60412,20381792,20382398,606,mRNA
60413,20377742,20377839,97,mRNA
60414,20378431,20378648,217,mRNA
60415,20378712,20378815,103,mRNA
60416,20378882,20379079,197,mRNA
60417,20379312,20379848,536,mRNA
60418,20379911,20380169,258,mRNA
60419,20380235,20380348,113,mRNA
60420,20380413,20380499,86,mRNA
60421,20380570,20380653,83,mRNA
60422,20380715,20380957,242,mRNA
60423,20381022,20381292,270,mRNA
60424,20381568,20381721,153,mRNA
60425,20381792,20382398,606,mRNA
60426,20378460,20378648,188,CDS
60427,20378712,20378815,103,CDS
60428,20378882,20379079,197,CDS
60429,20379312,20379848,536,CDS
60430,20379911,20380169,258,CDS
60431,20380235,20380348,113,CDS
60432,20380413,20380499,86,CDS
60433,20380570,20380653,83,CDS
60434,20380715,20380957,242,CDS
60435,20381022,20381292,270,CDS
60436,20381547,20381721,174,CDS
60437,20381792,20381882,90,CDS
60438,20378460,20378648,188,CDS
60439,20378712,20378815,103,CDS
60440,20378882,20379079,197,CDS
60441,20379312,20379848,536,CDS
60442,20379911,20380169,258,CDS
60443,20380235,20380348,113,CDS
60444,20380413,20380499,86,CDS
60445,20380570,20380653,83,CDS
60446,20380715,20380957,242,CDS
60447,20381022,20381292,270,CDS
60448,20381547,20381698,151,CDS
60449,20378460,20378648,188,CDS
60450,20378712,20378815,103,CDS
60451,20378882,20379079,197,CDS
60452,20379312,20379848,536,CDS
60453,20379911,20380169,258,CDS
60454,20380235,20380348,113,CDS
60455,20380413,20380499,86,CDS
60456,20380570,20380653,83,CDS
60457,20380715,20380957,242,CDS
60458,20381022,20381292,270,CDS
60459,20381568,20381698,130,CDS
60460,20382405,20384109,1704,gene
60461,20383553,20384109,556,mRNA
60462,20383281,20383500,219,mRNA
60463,20383010,20383219,209,mRNA
60464,20382405,20382940,535,mRNA
60465,20383553,20384023,470,CDS
60466,20383281,20383500,219,CDS
60467,20383010,20383219,209,CDS
60468,20382495,20382940,445,CDS
60469,20384429,20391913,7484,gene
60470,20384429,20384858,429,mRNA
60471,20388669,20388847,178,mRNA
60472,20389916,20390208,292,mRNA
60473,20390268,20390393,125,mRNA
60474,20390458,20390634,176,mRNA
60475,20390690,20390825,135,mRNA
60476,20390886,20391454,568,mRNA
60477,20384813,20384858,45,CDS
60478,20388669,20388847,178,CDS
60479,20389916,20390208,292,CDS
60480,20390268,20390393,125,CDS
60481,20390458,20390634,176,CDS
60482,20390690,20390825,135,CDS
60483,20390886,20391182,296,CDS
60484,20386408,20386854,446,mRNA
60485,20388669,20388847,178,mRNA
60486,20389916,20390208,292,mRNA
60487,20390268,20390393,125,mRNA
60488,20390458,20390634,176,mRNA
60489,20390690,20390825,135,mRNA
60490,20390886,20391913,1027,mRNA
60491,20386524,20386854,330,CDS
60492,20388669,20388847,178,CDS
60493,20389916,20390208,292,CDS
60494,20390268,20390393,125,CDS
60495,20390458,20390634,176,CDS
60496,20390690,20390825,135,CDS
60497,20390886,20391182,296,CDS
60498,20387616,20388028,412,mRNA
60499,20388669,20388847,178,mRNA
60500,20389916,20390208,292,mRNA
60501,20390268,20390393,125,mRNA
60502,20390458,20390634,176,mRNA
60503,20390690,20390825,135,mRNA
60504,20390886,20391913,1027,mRNA
60505,20387616,20388001,385,mRNA
60506,20388669,20388847,178,mRNA
60507,20389916,20390208,292,mRNA
60508,20390268,20390393,125,mRNA
60509,20390458,20390634,176,mRNA
60510,20390690,20390825,135,mRNA
60511,20390886,20391454,568,mRNA
60512,20387950,20388028,78,CDS
60513,20388669,20388847,178,CDS
60514,20389916,20390208,292,CDS
60515,20390268,20390393,125,CDS
60516,20390458,20390634,176,CDS
60517,20390690,20390825,135,CDS
60518,20390886,20391182,296,CDS
60519,20387950,20388001,51,CDS
60520,20388669,20388847,178,CDS
60521,20389916,20390208,292,CDS
60522,20390268,20390393,125,CDS
60523,20390458,20390634,176,CDS
60524,20390690,20390825,135,CDS
60525,20390886,20391182,296,CDS
60526,20388414,20388567,153,mRNA
60527,20388669,20388847,178,mRNA
60528,20389916,20390208,292,mRNA
60529,20390268,20390393,125,mRNA
60530,20390458,20390634,176,mRNA
60531,20390690,20390825,135,mRNA
60532,20390886,20391913,1027,mRNA
60533,20388608,20388847,239,mRNA
60534,20389916,20390208,292,mRNA
60535,20390268,20390393,125,mRNA
60536,20390458,20390634,176,mRNA
60537,20390690,20390825,135,mRNA
60538,20390886,20391454,568,mRNA
60539,20388671,20388847,176,CDS
60540,20389916,20390208,292,CDS
60541,20390268,20390393,125,CDS
60542,20390458,20390634,176,CDS
60543,20390690,20390825,135,CDS
60544,20390886,20391182,296,CDS
60545,20388671,20388847,176,CDS
60546,20389916,20390208,292,CDS
60547,20390268,20390393,125,CDS
60548,20390458,20390634,176,CDS
60549,20390690,20390825,135,CDS
60550,20390886,20391182,296,CDS
60551,20389164,20389232,68,mRNA
60552,20389916,20390208,292,mRNA
60553,20390268,20390393,125,mRNA
60554,20390458,20390634,176,mRNA
60555,20390690,20390825,135,mRNA
60556,20390886,20391454,568,mRNA
60557,20389853,20391387,1534,gene
60558,20389853,20391387,1534,ncRNA
60559,20389916,20390208,292,CDS
60560,20390268,20390393,125,CDS
60561,20390458,20390634,176,CDS
60562,20390690,20390825,135,CDS
60563,20390886,20391182,296,CDS
60564,20391685,20393553,1868,gene
60565,20393279,20393553,274,mRNA
60566,20392641,20393216,575,mRNA
60567,20391685,20392489,804,mRNA
60568,20393279,20393553,274,mRNA
60569,20392641,20393225,584,mRNA
60570,20391685,20392489,804,mRNA
60571,20393279,20393481,202,CDS
60572,20392641,20393216,575,CDS
60573,20392045,20392489,444,CDS
60574,20393279,20393481,202,CDS
60575,20392641,20393225,584,CDS
60576,20392045,20392489,444,CDS
60577,20395394,20395851,457,gene
60578,20395394,20395851,457,ncRNA
60579,20396288,20401609,5321,gene
60580,20400426,20401609,1183,mRNA
60581,20396288,20397475,1187,mRNA
60582,20400426,20401255,829,CDS
60583,20396851,20397475,624,CDS
60584,20404270,20407558,3288,gene
60585,20404270,20407558,3288,ncRNA
60586,20404270,20405658,1388,ncRNA
60587,20406526,20407558,1032,ncRNA
60588,20407103,20410566,3463,gene
60589,20410263,20410566,303,mRNA
60590,20407103,20409654,2551,mRNA
60591,20410263,20410404,141,CDS
60592,20407787,20409654,1867,CDS
60593,20413604,20424309,10705,gene
60594,20413604,20413666,62,mRNA
60595,20417206,20417273,67,mRNA
60596,20417350,20417588,238,mRNA
60597,20417649,20424309,6660,mRNA
60598,20417232,20417273,41,CDS
60599,20417350,20417588,238,CDS
60600,20417649,20424222,6573,CDS
60601,20424424,20426071,1647,gene
60602,20425126,20426071,945,mRNA
60603,20424898,20425073,175,mRNA
60604,20424424,20424844,420,mRNA
60605,20425126,20425959,833,CDS
60606,20424898,20425073,175,CDS
60607,20424499,20424844,345,CDS
60608,20426199,20427666,1467,gene
60609,20427651,20427666,15,mRNA
60610,20427471,20427585,114,mRNA
60611,20426199,20427418,1219,mRNA
60612,20427471,20427624,153,mRNA
60613,20426199,20427418,1219,mRNA
60614,20427471,20427570,99,CDS
60615,20426397,20427418,1021,CDS
60616,20427471,20427570,99,CDS
60617,20426397,20427418,1021,CDS
60618,20427962,20430475,2513,gene
60619,20430313,20430475,162,mRNA
60620,20429516,20430009,493,mRNA
60621,20429169,20429389,220,mRNA
60622,20427962,20429116,1154,mRNA
60623,20430313,20430475,162,mRNA
60624,20429516,20430009,493,mRNA
60625,20429169,20429389,220,mRNA
60626,20428100,20429116,1016,mRNA
60627,20430313,20430363,50,CDS
60628,20429516,20430009,493,CDS
60629,20429169,20429389,220,CDS
60630,20428353,20429116,763,CDS
60631,20430313,20430363,50,CDS
60632,20429516,20430009,493,CDS
60633,20429169,20429389,220,CDS
60634,20428353,20429116,763,CDS
60635,20430605,20432361,1756,gene
60636,20432210,20432361,151,mRNA
60637,20431818,20432150,332,mRNA
60638,20431448,20431604,156,mRNA
60639,20431333,20431390,57,mRNA
60640,20430605,20431277,672,mRNA
60641,20432210,20432260,50,CDS
60642,20431818,20432150,332,CDS
60643,20431448,20431604,156,CDS
60644,20431333,20431390,57,CDS
60645,20430743,20431277,534,CDS
60646,20432468,20435156,2688,gene
60647,20432468,20432707,239,mRNA
60648,20432767,20433006,239,mRNA
60649,20433072,20433310,238,mRNA
60650,20433378,20433587,209,mRNA
60651,20433641,20433861,220,mRNA
60652,20433934,20434032,98,mRNA
60653,20434087,20434344,257,mRNA
60654,20434548,20434712,164,mRNA
60655,20434781,20435156,375,mRNA
60656,20432595,20432707,112,mRNA
60657,20432767,20433006,239,mRNA
60658,20433072,20433310,238,mRNA
60659,20433378,20433587,209,mRNA
60660,20433641,20433861,220,mRNA
60661,20433934,20434032,98,mRNA
60662,20434087,20434302,215,mRNA
60663,20434548,20434712,164,mRNA
60664,20434781,20435156,375,mRNA
60665,20432595,20432707,112,mRNA
60666,20432797,20433006,209,mRNA
60667,20433072,20433310,238,mRNA
60668,20433378,20433587,209,mRNA
60669,20433641,20433861,220,mRNA
60670,20433934,20434032,98,mRNA
60671,20434087,20434344,257,mRNA
60672,20434548,20434712,164,mRNA
60673,20434781,20435156,375,mRNA
60674,20432595,20432707,112,mRNA
60675,20432797,20433006,209,mRNA
60676,20433072,20433310,238,mRNA
60677,20433378,20433587,209,mRNA
60678,20433641,20433861,220,mRNA
60679,20433934,20434032,98,mRNA
60680,20434087,20434302,215,mRNA
60681,20434548,20434712,164,mRNA
60682,20434781,20435156,375,mRNA
60683,20432639,20432707,68,mRNA
60684,20432767,20433006,239,mRNA
60685,20433072,20433310,238,mRNA
60686,20433378,20433587,209,mRNA
60687,20433641,20433861,220,mRNA
60688,20433934,20434032,98,mRNA
60689,20434087,20434245,158,mRNA
60690,20434548,20434712,164,mRNA
60691,20434781,20435156,375,mRNA
60692,20432842,20433006,164,CDS
60693,20433072,20433310,238,CDS
60694,20433378,20433587,209,CDS
60695,20433641,20433861,220,CDS
60696,20433934,20434032,98,CDS
60697,20434087,20434344,257,CDS
60698,20434548,20434712,164,CDS
60699,20434781,20435049,268,CDS
60700,20432842,20433006,164,CDS
60701,20433072,20433310,238,CDS
60702,20433378,20433587,209,CDS
60703,20433641,20433861,220,CDS
60704,20433934,20434032,98,CDS
60705,20434087,20434344,257,CDS
60706,20434548,20434712,164,CDS
60707,20434781,20435049,268,CDS
60708,20432842,20433006,164,CDS
60709,20433072,20433310,238,CDS
60710,20433378,20433587,209,CDS
60711,20433641,20433861,220,CDS
60712,20433934,20434032,98,CDS
60713,20434087,20434302,215,CDS
60714,20434548,20434712,164,CDS
60715,20434781,20435049,268,CDS
60716,20432842,20433006,164,CDS
60717,20433072,20433310,238,CDS
60718,20433378,20433587,209,CDS
60719,20433641,20433861,220,CDS
60720,20433934,20434032,98,CDS
60721,20434087,20434302,215,CDS
60722,20434548,20434712,164,CDS
60723,20434781,20435049,268,CDS
60724,20432842,20433006,164,CDS
60725,20433072,20433310,238,CDS
60726,20433378,20433587,209,CDS
60727,20433641,20433861,220,CDS
60728,20433934,20434032,98,CDS
60729,20434087,20434245,158,CDS
60730,20434548,20434712,164,CDS
60731,20434781,20435049,268,CDS
60732,20435110,20436209,1099,gene
60733,20435986,20436209,223,mRNA
60734,20435110,20435914,804,mRNA
60735,20435986,20436090,104,CDS
60736,20435159,20435914,755,CDS
60737,20436250,20438370,2120,gene
60738,20436250,20436469,219,mRNA
60739,20436527,20437112,585,mRNA
60740,20437247,20437875,628,mRNA
60741,20437940,20438370,430,mRNA
60742,20436250,20436469,219,mRNA
60743,20436527,20437112,585,mRNA
60744,20437254,20437875,621,mRNA
60745,20437940,20438370,430,mRNA
60746,20436382,20436469,87,CDS
60747,20436527,20437112,585,CDS
60748,20437254,20437875,621,CDS
60749,20437940,20438125,185,CDS
60750,20436382,20436469,87,CDS
60751,20436527,20437112,585,CDS
60752,20437247,20437310,63,CDS
60753,20438166,20439872,1706,gene
60754,20439772,20439872,100,mRNA
60755,20439528,20439554,26,mRNA
60756,20439077,20439460,383,mRNA
60757,20438365,20439018,653,mRNA
60758,20438166,20438300,134,mRNA
60759,20439528,20439872,344,mRNA
60760,20439077,20439460,383,mRNA
60761,20438365,20439018,653,mRNA
60762,20438166,20438300,134,mRNA
60763,20439772,20439774,2,CDS
60764,20439528,20439554,26,CDS
60765,20439077,20439460,383,CDS
60766,20438365,20439018,653,CDS
60767,20438226,20438300,74,CDS
60768,20439077,20439232,155,CDS
60769,20438365,20439018,653,CDS
60770,20438226,20438300,74,CDS
60771,20439600,20439921,321,gene
60772,20439600,20439921,321,ncRNA
60773,20439954,20440563,609,gene
60774,20439954,20440563,609,ncRNA
60775,20442419,20450580,8161,gene
60776,20442419,20442469,50,mRNA
60777,20445948,20446401,453,mRNA
60778,20446746,20446819,73,mRNA
60779,20446880,20446922,42,mRNA
60780,20449510,20449635,125,mRNA
60781,20450266,20450580,314,mRNA
60782,20445158,20445293,135,mRNA
60783,20445948,20446401,453,mRNA
60784,20446746,20446819,73,mRNA
60785,20446880,20446922,42,mRNA
60786,20449510,20449635,125,mRNA
60787,20450266,20450580,314,mRNA
60788,20446020,20446401,381,CDS
60789,20446746,20446819,73,CDS
60790,20446880,20446922,42,CDS
60791,20449510,20449635,125,CDS
60792,20450266,20450396,130,CDS
60793,20446020,20446401,381,CDS
60794,20446746,20446819,73,CDS
60795,20446880,20446922,42,CDS
60796,20449510,20449635,125,CDS
60797,20450266,20450396,130,CDS
60798,20450532,20452864,2332,gene
60799,20452677,20452864,187,mRNA
60800,20451875,20452599,724,mRNA
60801,20450532,20451257,725,mRNA
60802,20452673,20452864,191,mRNA
60803,20451875,20452599,724,mRNA
60804,20450532,20451257,725,mRNA
60805,20451875,20452575,700,CDS
60806,20450810,20451257,447,CDS
60807,20451875,20452575,700,CDS
60808,20450810,20451257,447,CDS
60809,20453293,20454731,1438,gene
60810,20453293,20453516,223,ncRNA
60811,20453902,20453962,60,ncRNA
60812,20454152,20454212,60,ncRNA
60813,20454395,20454457,62,ncRNA
60814,20454645,20454731,86,ncRNA
60815,20453733,20453821,88,gene
60816,20453733,20453821,88,ncRNA
60817,20454007,20454085,78,gene
60818,20454007,20454085,78,ncRNA
60819,20454246,20454324,78,gene
60820,20454246,20454324,78,ncRNA
60821,20454496,20454574,78,gene
60822,20454496,20454574,78,ncRNA
60823,20454690,20464862,10172,gene
60824,20464746,20464862,116,mRNA
60825,20459429,20459621,192,mRNA
60826,20456870,20459369,2499,mRNA
60827,20456684,20456807,123,mRNA
60828,20454690,20456628,1938,mRNA
60829,20464034,20464348,314,mRNA
60830,20459429,20459621,192,mRNA
60831,20456870,20459369,2499,mRNA
60832,20456684,20456807,123,mRNA
60833,20454690,20456628,1938,mRNA
60834,20459429,20459621,192,mRNA
60835,20456870,20459369,2499,mRNA
60836,20456684,20456807,123,mRNA
60837,20454690,20456628,1938,mRNA
60838,20459429,20459556,127,CDS
60839,20456870,20459369,2499,CDS
60840,20456684,20456807,123,CDS
60841,20454773,20456628,1855,CDS
60842,20459429,20459556,127,CDS
60843,20456870,20459369,2499,CDS
60844,20456684,20456807,123,CDS
60845,20454773,20456628,1855,CDS
60846,20459429,20459556,127,CDS
60847,20456870,20459369,2499,CDS
60848,20456684,20456807,123,CDS
60849,20454773,20456628,1855,CDS
60850,20460683,20462274,1591,gene
60851,20460683,20461516,833,mRNA
60852,20461632,20462274,642,mRNA
60853,20460704,20461516,812,CDS
60854,20461632,20462018,386,CDS
60855,20464714,20466041,1327,gene
60856,20465881,20466041,160,mRNA
60857,20465412,20465540,128,mRNA
60858,20465050,20465351,301,mRNA
60859,20464714,20464993,279,mRNA
60860,20465621,20465676,55,mRNA
60861,20465412,20465540,128,mRNA
60862,20465050,20465351,301,mRNA
60863,20464714,20464993,279,mRNA
60864,20465621,20465676,55,mRNA
60865,20465050,20465540,490,mRNA
60866,20464714,20464993,279,mRNA
60867,20465881,20465904,23,CDS
60868,20465412,20465540,128,CDS
60869,20465050,20465351,301,CDS
60870,20464759,20464993,234,CDS
60871,20465621,20465653,32,CDS
60872,20465412,20465540,128,CDS
60873,20465050,20465351,301,CDS
60874,20464759,20464993,234,CDS
60875,20465621,20465653,32,CDS
60876,20465406,20465540,134,CDS
60877,20466944,20469592,2648,gene
60878,20466944,20467165,221,mRNA
60879,20467719,20467968,249,mRNA
60880,20468127,20468253,126,mRNA
60881,20468313,20468460,147,mRNA
60882,20468966,20469071,105,mRNA
60883,20469132,20469592,460,mRNA
60884,20467012,20467165,153,CDS
60885,20467719,20467968,249,CDS
60886,20468127,20468253,126,CDS
60887,20468313,20468460,147,CDS
60888,20468966,20469071,105,CDS
60889,20469132,20469450,318,CDS
60890,20469674,20473723,4049,gene
60891,20472641,20473372,731,mRNA
60892,20470954,20471148,194,mRNA
60893,20469674,20469984,310,mRNA
60894,20472641,20472974,333,CDS
60895,20470954,20471148,194,CDS
60896,20469797,20469984,187,CDS
60897,20473594,20473723,129,mRNA
60898,20472641,20473188,547,mRNA
60899,20470023,20471148,1125,mRNA
60900,20472641,20473372,731,mRNA
60901,20470668,20471148,480,mRNA
60902,20472641,20472974,333,CDS
60903,20470895,20471148,253,CDS
60904,20472641,20472974,333,CDS
60905,20470895,20471148,253,CDS
60906,20473783,20474791,1008,gene
60907,20473783,20473969,186,mRNA
60908,20474032,20474791,759,mRNA
60909,20473898,20473969,71,CDS
60910,20474032,20474277,245,CDS
60911,20474466,20477003,2537,gene
60912,20474466,20474643,177,mRNA
60913,20475565,20477003,1438,mRNA
60914,20474527,20474643,116,CDS
60915,20475565,20476512,947,CDS
60916,20474962,20475497,535,mRNA
60917,20475565,20477003,1438,mRNA
60918,20475387,20475497,110,CDS
60919,20475565,20476512,947,CDS
60920,20476808,20484350,7542,mobile_element
60921,20484293,20494921,10628,gene
60922,20494663,20494921,258,mRNA
60923,20488133,20488322,189,mRNA
60924,20485489,20486194,705,mRNA
60925,20484293,20485424,1131,mRNA
60926,20493242,20493490,248,mRNA
60927,20488133,20488322,189,mRNA
60928,20485489,20486194,705,mRNA
60929,20484293,20485424,1131,mRNA
60930,20488133,20488318,185,CDS
60931,20485489,20486194,705,CDS
60932,20484775,20485424,649,CDS
60933,20488133,20488318,185,CDS
60934,20485489,20486194,705,CDS
60935,20484775,20485424,649,CDS
60936,20487727,20487887,160,mobile_element
60937,20492082,20497084,5002,gene
60938,20492082,20492214,132,mRNA
60939,20495352,20495519,167,mRNA
60940,20495625,20496075,450,mRNA
60941,20496158,20496523,365,mRNA
60942,20496592,20497084,492,mRNA
60943,20495347,20495519,172,mRNA
60944,20495625,20496075,450,mRNA
60945,20496158,20496523,365,mRNA
60946,20496592,20497084,492,mRNA
60947,20495480,20495519,39,CDS
60948,20495625,20496075,450,CDS
60949,20496158,20496523,365,CDS
60950,20496592,20496985,393,CDS
60951,20495480,20495519,39,CDS
60952,20495625,20496075,450,CDS
60953,20496158,20496523,365,CDS
60954,20496592,20496985,393,CDS
60955,20497323,20514107,16784,gene
60956,20497323,20497425,102,mRNA
60957,20510030,20510779,749,mRNA
60958,20511937,20512385,448,mRNA
60959,20512521,20513075,554,mRNA
60960,20513138,20514107,969,mRNA
60961,20497323,20497425,102,mRNA
60962,20511937,20512385,448,mRNA
60963,20512521,20513075,554,mRNA
60964,20513138,20514107,969,mRNA
60965,20497323,20498464,1141,mRNA
60966,20510030,20511058,1028,mRNA
60967,20497636,20498464,828,CDS
60968,20510030,20510793,763,CDS
60969,20499231,20499285,54,mobile_element
60970,20499836,20501500,1664,gene
60971,20499836,20501500,1664,mRNA
60972,20499872,20501500,1628,CDS
60973,20501558,20502154,596,mobile_element
60974,20502491,20502802,311,mobile_element
60975,20503177,20503452,275,mobile_element
60976,20504186,20505700,1514,gene
60977,20504186,20505700,1514,mRNA
60978,20504186,20505700,1514,CDS
60979,20506032,20507375,1343,gene
60980,20506032,20507375,1343,mRNA
60981,20506032,20507375,1343,CDS
60982,20509687,20509775,88,mRNA
60983,20510030,20510779,749,mRNA
60984,20511937,20512385,448,mRNA
60985,20512521,20513075,554,mRNA
60986,20513138,20514107,969,mRNA
60987,20509900,20509960,60,mRNA
60988,20510030,20511058,1028,mRNA
60989,20510053,20510779,726,CDS
60990,20511937,20512385,448,CDS
60991,20512521,20513075,554,CDS
60992,20513138,20513686,548,CDS
60993,20510053,20510779,726,CDS
60994,20511937,20512385,448,CDS
60995,20512521,20513075,554,CDS
60996,20513138,20513686,548,CDS
60997,20510053,20510793,740,CDS
60998,20512047,20512385,338,CDS
60999,20512521,20513075,554,CDS
61000,20513138,20513686,548,CDS
61001,20514598,20519393,4795,gene
61002,20519217,20519393,176,mRNA
61003,20515861,20516132,271,mRNA
61004,20515725,20515786,61,mRNA
61005,20515444,20515623,179,mRNA
61006,20514598,20515383,785,mRNA
61007,20517261,20517304,43,mRNA
61008,20515861,20516132,271,mRNA
61009,20515725,20515786,61,mRNA
61010,20515444,20515623,179,mRNA
61011,20514598,20515383,785,mRNA
61012,20517062,20517304,242,mRNA
61013,20515861,20516132,271,mRNA
61014,20515725,20515786,61,mRNA
61015,20515444,20515623,179,mRNA
61016,20514598,20515383,785,mRNA
61017,20518968,20519393,425,mRNA
61018,20515861,20516132,271,mRNA
61019,20515725,20515786,61,mRNA
61020,20515444,20515623,179,mRNA
61021,20514599,20515383,784,mRNA
61022,20516699,20517304,605,mRNA
61023,20515861,20516132,271,mRNA
61024,20515725,20515786,61,mRNA
61025,20515444,20515623,179,mRNA
61026,20514599,20515383,784,mRNA
61027,20518968,20519007,39,CDS
61028,20515861,20516132,271,CDS
61029,20515725,20515786,61,CDS
61030,20515444,20515623,179,CDS
61031,20515332,20515383,51,CDS
61032,20517261,20517276,15,CDS
61033,20515861,20516132,271,CDS
61034,20515725,20515786,61,CDS
61035,20515444,20515623,179,CDS
61036,20515332,20515383,51,CDS
61037,20515861,20516100,239,CDS
61038,20515725,20515786,61,CDS
61039,20515444,20515623,179,CDS
61040,20515332,20515383,51,CDS
61041,20515861,20516100,239,CDS
61042,20515725,20515786,61,CDS
61043,20515444,20515623,179,CDS
61044,20515332,20515383,51,CDS
61045,20515861,20516100,239,CDS
61046,20515725,20515786,61,CDS
61047,20515444,20515623,179,CDS
61048,20515332,20515383,51,CDS
61049,20519590,20520772,1182,gene
61050,20519954,20520772,818,mRNA
61051,20519590,20519894,304,mRNA
61052,20519954,20520740,786,CDS
61053,20519617,20519894,277,CDS
61054,20521009,20522434,1425,gene
61055,20521009,20521227,218,mRNA
61056,20521415,20521584,169,mRNA
61057,20521660,20521777,117,mRNA
61058,20522155,20522434,279,mRNA
61059,20521156,20521227,71,CDS
61060,20521415,20521584,169,CDS
61061,20521660,20521777,117,CDS
61062,20522155,20522286,131,CDS
61063,20522440,20526174,3734,gene
61064,20525486,20526174,688,mRNA
61065,20524255,20524513,258,mRNA
61066,20523630,20524195,565,mRNA
61067,20523352,20523562,210,mRNA
61068,20523203,20523281,78,mRNA
61069,20522440,20522681,241,mRNA
61070,20525486,20526174,688,mRNA
61071,20524255,20524513,258,mRNA
61072,20523630,20524195,565,mRNA
61073,20523352,20523562,210,mRNA
61074,20523203,20523284,81,mRNA
61075,20522593,20522681,88,mRNA
61076,20525486,20525826,340,CDS
61077,20524255,20524513,258,CDS
61078,20523630,20524195,565,CDS
61079,20523352,20523562,210,CDS
61080,20523203,20523281,78,CDS
61081,20522644,20522681,37,CDS
61082,20525486,20525826,340,CDS
61083,20524255,20524513,258,CDS
61084,20523630,20524195,565,CDS
61085,20523352,20523562,210,CDS
61086,20523203,20523284,81,CDS
61087,20522644,20522681,37,CDS
61088,20526576,20527910,1334,gene
61089,20526576,20526764,188,mRNA
61090,20526838,20527280,442,mRNA
61091,20527593,20527910,317,mRNA
61092,20526654,20526764,110,CDS
61093,20526838,20527280,442,CDS
61094,20527593,20527821,228,CDS
61095,20527972,20540417,12445,gene
61096,20540134,20540417,283,mRNA
61097,20538898,20539074,176,mRNA
61098,20527972,20529755,1783,mRNA
61099,20538898,20538949,51,CDS
61100,20528449,20529755,1306,CDS
61101,20533709,20535335,1626,gene
61102,20533709,20533792,83,mRNA
61103,20534198,20534533,335,mRNA
61104,20535177,20535335,158,mRNA
61105,20533709,20533792,83,CDS
61106,20534198,20534533,335,CDS
61107,20535177,20535335,158,CDS
61108,20534198,20534533,335,mRNA
61109,20535177,20535335,158,mRNA
61110,20534285,20534533,248,CDS
61111,20535177,20535335,158,CDS
61112,20535876,20536132,256,mobile_element
61113,20557218,20557810,592,gene
61114,20557218,20557810,592,ncRNA
61115,20558197,20558520,323,gene
61116,20558197,20558520,323,ncRNA
61117,20564708,20564758,50,mobile_element
61118,20590119,20590600,481,mobile_element
61119,20597141,20620659,23518,gene
61120,20619742,20620659,917,mRNA
61121,20617388,20617460,72,mRNA
61122,20602193,20602270,77,mRNA
61123,20597141,20599980,2839,mRNA
61124,20619742,20620659,917,mRNA
61125,20617388,20617460,72,mRNA
61126,20602193,20602270,77,mRNA
61127,20598125,20599980,1855,mRNA
61128,20617388,20617414,26,CDS
61129,20602193,20602270,77,CDS
61130,20598142,20599980,1838,CDS
61131,20617388,20617414,26,CDS
61132,20602193,20602270,77,CDS
61133,20598142,20599980,1838,CDS
61134,20623851,20624491,640,gene
61135,20623851,20624491,640,ncRNA
61136,20626580,20628498,1918,gene
61137,20627956,20628498,542,ncRNA
61138,20626580,20627573,993,ncRNA
61139,20626580,20627057,477,ncRNA
61140,20626601,20627624,1023,gene
61141,20626601,20627624,1023,ncRNA
61142,20633020,20633484,464,gene
61143,20633020,20633484,464,ncRNA
61144,20634172,20634651,479,gene
61145,20634172,20634651,479,ncRNA
61146,20637199,20640910,3711,gene
61147,20637199,20637305,106,mRNA
61148,20637364,20638399,1035,mRNA
61149,20638641,20640910,2269,mRNA
61150,20637230,20637305,75,CDS
61151,20637364,20638399,1035,CDS
61152,20638641,20640795,2154,CDS
61153,20641114,20641206,92,mobile_element
61154,20652906,20654126,1220,gene
61155,20652906,20653522,616,ncRNA
61156,20653732,20654126,394,ncRNA
61157,20659518,20659809,291,mobile_element
61158,20692330,20695378,3048,gene
61159,20695075,20695378,303,mRNA
61160,20694263,20694340,77,mRNA
61161,20692330,20694047,1717,mRNA
61162,20694442,20694556,114,mRNA
61163,20694263,20694340,77,mRNA
61164,20692330,20694047,1717,mRNA
61165,20694442,20694456,14,CDS
61166,20694263,20694340,77,CDS
61167,20692836,20694047,1211,CDS
61168,20694263,20694340,77,CDS
61169,20692836,20694047,1211,CDS
61170,20711832,20711937,105,mobile_element
61171,20712048,20712105,57,mobile_element
61172,20712137,20712539,402,mobile_element
61173,20712558,20712743,185,mobile_element
61174,20712838,20719200,6362,gene
61175,20719010,20719200,190,mRNA
61176,20716799,20717310,511,mRNA
61177,20715553,20715683,130,mRNA
61178,20713681,20713877,196,mRNA
61179,20713484,20713611,127,mRNA
61180,20712838,20713300,462,mRNA
61181,20719010,20719200,190,mRNA
61182,20715553,20717310,1757,mRNA
61183,20713681,20713877,196,mRNA
61184,20713484,20713611,127,mRNA
61185,20712838,20713300,462,mRNA
61186,20718994,20719200,206,mRNA
61187,20716799,20717310,511,mRNA
61188,20715553,20715683,130,mRNA
61189,20713681,20713877,196,mRNA
61190,20713484,20713611,127,mRNA
61191,20712838,20713300,462,mRNA
61192,20716799,20717145,346,CDS
61193,20715553,20715683,130,CDS
61194,20713681,20713877,196,CDS
61195,20713484,20713611,127,CDS
61196,20713282,20713300,18,CDS
61197,20716799,20717145,346,CDS
61198,20715553,20715683,130,CDS
61199,20713681,20713877,196,CDS
61200,20713484,20713611,127,CDS
61201,20713282,20713300,18,CDS
61202,20714100,20715158,1058,gene
61203,20714100,20714159,59,mRNA
61204,20714212,20714532,320,mRNA
61205,20714997,20715158,161,mRNA
61206,20714100,20714159,59,CDS
61207,20714212,20714532,320,CDS
61208,20714997,20715152,155,CDS
61209,20716795,20717145,350,CDS
61210,20729274,20729656,382,gene
61211,20729274,20729656,382,ncRNA
61212,20730591,20744508,13917,gene
61213,20730591,20730870,279,mRNA
61214,20737139,20737470,331,mRNA
61215,20742589,20744508,1919,mRNA
61216,20737386,20737470,84,CDS
61217,20742589,20743658,1069,CDS
61218,20737569,20739430,1861,gene
61219,20738243,20739430,1187,mRNA
61220,20737569,20737776,207,mRNA
61221,20738243,20739430,1187,CDS
61222,20737615,20737776,161,CDS
61223,20754976,20755685,709,gene
61224,20755623,20755685,62,mRNA
61225,20755419,20755574,155,mRNA
61226,20755228,20755350,122,mRNA
61227,20754976,20755131,155,mRNA
61228,20755623,20755685,62,CDS
61229,20755419,20755574,155,CDS
61230,20755228,20755350,122,CDS
61231,20754976,20755131,155,CDS
61232,20756359,20756390,31,mobile_element
61233,20758883,20759192,309,gene
61234,20758883,20758946,63,mRNA
61235,20759007,20759192,185,mRNA
61236,20758916,20758946,30,CDS
61237,20759007,20759095,88,CDS
61238,20768207,20769482,1275,gene
61239,20769417,20769482,65,mRNA
61240,20768593,20769361,768,mRNA
61241,20768207,20768528,321,mRNA
61242,20769417,20769482,65,mRNA
61243,20768593,20769361,768,mRNA
61244,20768342,20768528,186,mRNA
61245,20768593,20769358,765,CDS
61246,20768407,20768528,121,CDS
61247,20768593,20769358,765,CDS
61248,20768407,20768528,121,CDS
61249,20769586,20770138,552,gene
61250,20769586,20769685,99,mRNA
61251,20769739,20769837,98,mRNA
61252,20769894,20770138,244,mRNA
61253,20769586,20769685,99,mRNA
61254,20769739,20769837,98,mRNA
61255,20769894,20770080,186,mRNA
61256,20769641,20769685,44,CDS
61257,20769739,20769837,98,CDS
61258,20769894,20770007,113,CDS
61259,20769641,20769685,44,CDS
61260,20769739,20769837,98,CDS
61261,20769894,20770007,113,CDS
61262,20770143,20771507,1364,gene
61263,20771434,20771507,73,mRNA
61264,20770143,20771058,915,mRNA
61265,20770143,20771093,950,mRNA
61266,20770203,20771057,854,CDS
61267,20770203,20771057,854,CDS
61268,20771528,20776931,5403,gene
61269,20771528,20771864,336,mRNA
61270,20773794,20776053,2259,mRNA
61271,20776174,20776931,757,mRNA
61272,20771528,20771608,80,mRNA
61273,20771668,20771864,196,mRNA
61274,20773794,20776053,2259,mRNA
61275,20776174,20776931,757,mRNA
61276,20771528,20771864,336,mRNA
61277,20772605,20772963,358,mRNA
61278,20773794,20776053,2259,mRNA
61279,20776174,20776837,663,mRNA
61280,20771528,20771864,336,mRNA
61281,20773116,20776053,2937,mRNA
61282,20776174,20776837,663,mRNA
61283,20771528,20771608,80,mRNA
61284,20771668,20771864,196,mRNA
61285,20772605,20776053,3448,mRNA
61286,20776174,20776837,663,mRNA
61287,20771800,20771864,64,CDS
61288,20773794,20776053,2259,CDS
61289,20776174,20776707,533,CDS
61290,20771800,20771864,64,CDS
61291,20773794,20776053,2259,CDS
61292,20776174,20776707,533,CDS
61293,20774251,20776053,1802,CDS
61294,20776174,20776707,533,CDS
61295,20774251,20776053,1802,CDS
61296,20776174,20776707,533,CDS
61297,20774251,20776053,1802,CDS
61298,20776174,20776707,533,CDS
61299,20776766,20778264,1498,gene
61300,20778043,20778264,221,mRNA
61301,20776766,20777982,1216,mRNA
61302,20778043,20778154,111,CDS
61303,20777069,20777982,913,CDS
61304,20778799,20780378,1579,gene
61305,20778799,20779043,244,mRNA
61306,20779103,20779405,302,mRNA
61307,20779678,20780378,700,mRNA
61308,20778933,20779043,110,CDS
61309,20779103,20779405,302,CDS
61310,20779678,20780106,428,CDS
61311,20780350,20786197,5847,gene
61312,20786029,20786197,168,mRNA
61313,20782773,20784621,1848,mRNA
61314,20782585,20782710,125,mRNA
61315,20782391,20782519,128,mRNA
61316,20780350,20782330,1980,mRNA
61317,20782773,20784607,1834,CDS
61318,20782585,20782710,125,CDS
61319,20782391,20782519,128,CDS
61320,20781658,20782330,672,CDS
61321,20786340,20788137,1797,gene
61322,20787791,20788137,346,mRNA
61323,20787129,20787713,584,mRNA
61324,20786889,20787064,175,mRNA
61325,20786340,20786832,492,mRNA
61326,20787791,20788102,311,CDS
61327,20787129,20787713,584,CDS
61328,20786889,20787064,175,CDS
61329,20786451,20786832,381,CDS
61330,20788886,20792777,3891,gene
61331,20792128,20792777,649,mRNA
61332,20790720,20791114,394,mRNA
61333,20790136,20790653,517,mRNA
61334,20788886,20789171,285,mRNA
61335,20792128,20792354,226,mRNA
61336,20790720,20791114,394,mRNA
61337,20790136,20790653,517,mRNA
61338,20788886,20789171,285,mRNA
61339,20792128,20792287,159,CDS
61340,20790720,20791114,394,CDS
61341,20790136,20790653,517,CDS
61342,20789066,20789171,105,CDS
61343,20792128,20792287,159,CDS
61344,20790720,20791114,394,CDS
61345,20790136,20790653,517,CDS
61346,20789066,20789171,105,CDS
61347,20795019,20795678,659,gene
61348,20795452,20795678,226,ncRNA
61349,20795019,20795369,350,ncRNA
61350,20795916,20796502,586,gene
61351,20796284,20796502,218,ncRNA
61352,20795916,20796229,313,ncRNA
61353,20797241,20798375,1134,gene
61354,20797241,20798375,1134,mRNA
61355,20797329,20798351,1022,CDS
61356,20798645,20800081,1436,gene
61357,20798645,20798718,73,mRNA
61358,20799143,20800081,938,mRNA
61359,20798682,20798988,306,mRNA
61360,20799143,20800066,923,mRNA
61361,20798707,20798859,152,mRNA
61362,20799143,20800081,938,mRNA
61363,20798790,20798988,198,CDS
61364,20799143,20799990,847,CDS
61365,20798790,20798859,69,CDS
61366,20799143,20799990,847,CDS
61367,20799175,20799990,815,CDS
61368,20800410,20806853,6443,gene
61369,20800410,20800505,95,mRNA
61370,20800567,20800670,103,mRNA
61371,20800723,20801468,745,mRNA
61372,20801545,20805859,4314,mRNA
61373,20805922,20806374,452,mRNA
61374,20806434,20806853,419,mRNA
61375,20800410,20800670,260,mRNA
61376,20800723,20801468,745,mRNA
61377,20801545,20805859,4314,mRNA
61378,20805922,20806374,452,mRNA
61379,20806434,20806741,307,mRNA
61380,20800479,20800505,26,CDS
61381,20800567,20800670,103,CDS
61382,20800723,20801468,745,CDS
61383,20801545,20805859,4314,CDS
61384,20805922,20806374,452,CDS
61385,20806434,20806671,237,CDS
61386,20800543,20800670,127,CDS
61387,20800723,20801468,745,CDS
61388,20801545,20805859,4314,CDS
61389,20805922,20806374,452,CDS
61390,20806434,20806671,237,CDS
61391,20806868,20809272,2404,gene
61392,20808839,20809247,408,mRNA
61393,20806868,20808773,1905,mRNA
61394,20809244,20809272,28,mRNA
61395,20808839,20809187,348,mRNA
61396,20807127,20808773,1646,mRNA
61397,20808839,20809247,408,mRNA
61398,20807127,20808773,1646,mRNA
61399,20808839,20808977,138,CDS
61400,20807299,20808773,1474,CDS
61401,20808839,20808977,138,CDS
61402,20807299,20808773,1474,CDS
61403,20808839,20808977,138,CDS
61404,20807299,20808773,1474,CDS
61405,20809669,20813332,3663,gene
61406,20809669,20810928,1259,mRNA
61407,20810981,20811450,469,mRNA
61408,20811524,20812197,673,mRNA
61409,20812257,20812467,210,mRNA
61410,20812524,20812670,146,mRNA
61411,20812726,20813332,606,mRNA
61412,20809669,20810928,1259,mRNA
61413,20810981,20811450,469,mRNA
61414,20811524,20812197,673,mRNA
61415,20812257,20812464,207,mRNA
61416,20812524,20812670,146,mRNA
61417,20812726,20813332,606,mRNA
61418,20809669,20810928,1259,mRNA
61419,20810981,20811450,469,mRNA
61420,20811530,20812197,667,mRNA
61421,20812257,20812467,210,mRNA
61422,20812524,20812670,146,mRNA
61423,20812726,20813332,606,mRNA
61424,20809669,20810928,1259,mRNA
61425,20810981,20811450,469,mRNA
61426,20811530,20812197,667,mRNA
61427,20812257,20812464,207,mRNA
61428,20812524,20812670,146,mRNA
61429,20812726,20813332,606,mRNA
61430,20809803,20810928,1125,CDS
61431,20810981,20811450,469,CDS
61432,20811524,20812197,673,CDS
61433,20812257,20812467,210,CDS
61434,20812524,20812670,146,CDS
61435,20812726,20812878,152,CDS
61436,20809803,20810928,1125,CDS
61437,20810981,20811450,469,CDS
61438,20811524,20812197,673,CDS
61439,20812257,20812464,207,CDS
61440,20812524,20812670,146,CDS
61441,20812726,20812878,152,CDS
61442,20809803,20810928,1125,CDS
61443,20810981,20811450,469,CDS
61444,20811530,20812197,667,CDS
61445,20812257,20812467,210,CDS
61446,20812524,20812670,146,CDS
61447,20812726,20812878,152,CDS
61448,20809803,20810928,1125,CDS
61449,20810981,20811450,469,CDS
61450,20811530,20812197,667,CDS
61451,20812257,20812464,207,CDS
61452,20812524,20812670,146,CDS
61453,20812726,20812878,152,CDS
61454,20813353,20816075,2722,gene
61455,20816029,20816075,46,mRNA
61456,20815903,20815962,59,mRNA
61457,20813353,20815804,2451,mRNA
61458,20815903,20816039,136,mRNA
61459,20813353,20815804,2451,mRNA
61460,20813520,20815799,2279,CDS
61461,20813520,20815799,2279,CDS
61462,20816118,20836048,19930,gene
61463,20816118,20816833,715,mRNA
61464,20832846,20833205,359,mRNA
61465,20833283,20833657,374,mRNA
61466,20833730,20833869,139,mRNA
61467,20834002,20836048,2046,mRNA
61468,20816118,20816833,715,mRNA
61469,20832846,20833205,359,mRNA
61470,20833283,20833657,374,mRNA
61471,20833733,20833869,136,mRNA
61472,20834002,20836048,2046,mRNA
61473,20816118,20816171,53,mRNA
61474,20816230,20816833,603,mRNA
61475,20832846,20833205,359,mRNA
61476,20833283,20833657,374,mRNA
61477,20833730,20833869,139,mRNA
61478,20834002,20836048,2046,mRNA
61479,20816118,20816171,53,mRNA
61480,20816230,20816833,603,mRNA
61481,20832846,20833205,359,mRNA
61482,20833283,20833657,374,mRNA
61483,20833733,20833869,136,mRNA
61484,20834002,20836048,2046,mRNA
61485,20816118,20816171,53,mRNA
61486,20816567,20816833,266,mRNA
61487,20832846,20833205,359,mRNA
61488,20833283,20833657,374,mRNA
61489,20833730,20833869,139,mRNA
61490,20834002,20836048,2046,mRNA
61491,20816118,20816171,53,mRNA
61492,20816567,20816833,266,mRNA
61493,20832846,20833205,359,mRNA
61494,20833283,20833657,374,mRNA
61495,20833733,20833869,136,mRNA
61496,20834002,20836048,2046,mRNA
61497,20816118,20816164,46,mRNA
61498,20816230,20816833,603,mRNA
61499,20832846,20833205,359,mRNA
61500,20833283,20833657,374,mRNA
61501,20833733,20833869,136,mRNA
61502,20834002,20836048,2046,mRNA
61503,20816118,20816833,715,mRNA
61504,20832846,20833205,359,mRNA
61505,20833283,20833657,374,mRNA
61506,20833733,20833869,136,mRNA
61507,20834002,20835280,1278,mRNA
61508,20816118,20816833,715,mRNA
61509,20832846,20833205,359,mRNA
61510,20833283,20833657,374,mRNA
61511,20833733,20833869,136,mRNA
61512,20834002,20834658,656,mRNA
61513,20816660,20816833,173,CDS
61514,20832846,20833205,359,CDS
61515,20833283,20833657,374,CDS
61516,20833730,20833869,139,CDS
61517,20834002,20834086,84,CDS
61518,20816660,20816833,173,CDS
61519,20832846,20833205,359,CDS
61520,20833283,20833657,374,CDS
61521,20833730,20833869,139,CDS
61522,20834002,20834086,84,CDS
61523,20816660,20816833,173,CDS
61524,20832846,20833205,359,CDS
61525,20833283,20833657,374,CDS
61526,20833730,20833869,139,CDS
61527,20834002,20834086,84,CDS
61528,20816660,20816833,173,CDS
61529,20832846,20833205,359,CDS
61530,20833283,20833657,374,CDS
61531,20833733,20833869,136,CDS
61532,20834002,20834086,84,CDS
61533,20816660,20816833,173,CDS
61534,20832846,20833205,359,CDS
61535,20833283,20833657,374,CDS
61536,20833733,20833869,136,CDS
61537,20834002,20834086,84,CDS
61538,20816660,20816833,173,CDS
61539,20832846,20833205,359,CDS
61540,20833283,20833657,374,CDS
61541,20833733,20833869,136,CDS
61542,20834002,20834086,84,CDS
61543,20816660,20816833,173,CDS
61544,20832846,20833205,359,CDS
61545,20833283,20833657,374,CDS
61546,20833733,20833869,136,CDS
61547,20834002,20834086,84,CDS
61548,20816660,20816833,173,CDS
61549,20832846,20833205,359,CDS
61550,20833283,20833657,374,CDS
61551,20833733,20833869,136,CDS
61552,20834002,20834086,84,CDS
61553,20816660,20816833,173,CDS
61554,20832846,20833205,359,CDS
61555,20833283,20833657,374,CDS
61556,20833733,20833869,136,CDS
61557,20834002,20834086,84,CDS
61558,20816901,20818027,1126,gene
61559,20817597,20818027,430,mRNA
61560,20816901,20817534,633,mRNA
61561,20817597,20817878,281,CDS
61562,20817169,20817534,365,CDS
61563,20818229,20818368,139,mobile_element
61564,20818965,20819469,504,mRNA
61565,20832846,20833205,359,mRNA
61566,20833283,20833657,374,mRNA
61567,20833733,20833869,136,mRNA
61568,20834002,20836048,2046,mRNA
61569,20818965,20819469,504,mRNA
61570,20832846,20833205,359,mRNA
61571,20833283,20833657,374,mRNA
61572,20833730,20833869,139,mRNA
61573,20834002,20834269,267,mRNA
61574,20819035,20819469,434,CDS
61575,20832846,20833205,359,CDS
61576,20833283,20833657,374,CDS
61577,20833730,20833869,139,CDS
61578,20834002,20834086,84,CDS
61579,20819035,20819469,434,CDS
61580,20832846,20833205,359,CDS
61581,20833283,20833657,374,CDS
61582,20833733,20833869,136,CDS
61583,20834002,20834086,84,CDS
61584,20820331,20820726,395,mRNA
61585,20832846,20833205,359,mRNA
61586,20833283,20833657,374,mRNA
61587,20833730,20833869,139,mRNA
61588,20834002,20836048,2046,mRNA
61589,20820331,20820726,395,mRNA
61590,20832846,20833205,359,mRNA
61591,20833283,20833657,374,mRNA
61592,20833733,20833869,136,mRNA
61593,20834002,20836048,2046,mRNA
61594,20820724,20820726,2,CDS
61595,20832846,20833205,359,CDS
61596,20833283,20833657,374,CDS
61597,20833730,20833869,139,CDS
61598,20834002,20834086,84,CDS
61599,20820724,20820726,2,CDS
61600,20832846,20833205,359,CDS
61601,20833283,20833657,374,CDS
61602,20833733,20833869,136,CDS
61603,20834002,20834086,84,CDS
61604,20821333,20824739,3406,mobile_element
61605,20823034,20823992,958,mobile_element
61606,20825974,20826122,148,mRNA
61607,20832846,20833205,359,mRNA
61608,20833283,20833657,374,mRNA
61609,20833733,20833869,136,mRNA
61610,20834002,20836048,2046,mRNA
61611,20828018,20828340,322,mRNA
61612,20832846,20833205,359,mRNA
61613,20833283,20833657,374,mRNA
61614,20833730,20833869,139,mRNA
61615,20834002,20836048,2046,mRNA
61616,20828018,20828340,322,mRNA
61617,20832846,20833205,359,mRNA
61618,20833283,20833657,374,mRNA
61619,20833733,20833869,136,mRNA
61620,20834002,20836048,2046,mRNA
61621,20828225,20828340,115,mRNA
61622,20829385,20829540,155,mRNA
61623,20832846,20833205,359,mRNA
61624,20833283,20833657,374,mRNA
61625,20833730,20833869,139,mRNA
61626,20834002,20835280,1278,mRNA
61627,20828225,20828340,115,mRNA
61628,20829385,20829540,155,mRNA
61629,20832846,20833205,359,mRNA
61630,20833283,20833657,374,mRNA
61631,20833733,20833869,136,mRNA
61632,20834002,20835280,1278,mRNA
61633,20829532,20829540,8,CDS
61634,20832846,20833205,359,CDS
61635,20833283,20833657,374,CDS
61636,20833730,20833869,139,CDS
61637,20834002,20834086,84,CDS
61638,20829532,20829540,8,CDS
61639,20832846,20833205,359,CDS
61640,20833283,20833657,374,CDS
61641,20833733,20833869,136,CDS
61642,20834002,20834086,84,CDS
61643,20830334,20830385,51,mobile_element
61644,20832912,20833205,293,CDS
61645,20833283,20833657,374,CDS
61646,20833730,20833869,139,CDS
61647,20834002,20834086,84,CDS
61648,20832912,20833205,293,CDS
61649,20833283,20833657,374,CDS
61650,20833733,20833869,136,CDS
61651,20834002,20834086,84,CDS
61652,20832912,20833205,293,CDS
61653,20833283,20833657,374,CDS
61654,20833733,20833869,136,CDS
61655,20834002,20834086,84,CDS
61656,20836112,20837135,1023,gene
61657,20836112,20837135,1023,ncRNA
61658,20836182,20837153,971,gene
61659,20836182,20836520,338,mRNA
61660,20836585,20837153,568,mRNA
61661,20836182,20836520,338,mRNA
61662,20836585,20837035,450,mRNA
61663,20836211,20836520,309,CDS
61664,20836585,20836955,370,CDS
61665,20836211,20836520,309,CDS
61666,20836585,20836955,370,CDS
61667,20837488,20838839,1351,gene
61668,20837488,20838839,1351,mRNA
61669,20837900,20838839,939,mRNA
61670,20838313,20838700,387,gene
61671,20838313,20838700,387,ncRNA
61672,20838382,20838585,203,CDS
61673,20838382,20838585,203,CDS
61674,20839096,20841576,2480,gene
61675,20841410,20841576,166,mRNA
61676,20841048,20841296,248,mRNA
61677,20840726,20840988,262,mRNA
61678,20840473,20840667,194,mRNA
61679,20840225,20840401,176,mRNA
61680,20839766,20839897,131,mRNA
61681,20839524,20839706,182,mRNA
61682,20839398,20839465,67,mRNA
61683,20839096,20839340,244,mRNA
61684,20841410,20841464,54,CDS
61685,20841048,20841296,248,CDS
61686,20840726,20840988,262,CDS
61687,20840473,20840667,194,CDS
61688,20840225,20840401,176,CDS
61689,20839766,20839897,131,CDS
61690,20839524,20839706,182,CDS
61691,20839398,20839465,67,CDS
61692,20839325,20839340,15,CDS
61693,20841987,20844340,2353,gene
61694,20841987,20842349,362,mRNA
61695,20842403,20843358,955,mRNA
61696,20843421,20843586,165,mRNA
61697,20843927,20844024,97,mRNA
61698,20844118,20844340,222,mRNA
61699,20841987,20842349,362,mRNA
61700,20842403,20842928,525,mRNA
61701,20842981,20843358,377,mRNA
61702,20843421,20843586,165,mRNA
61703,20843927,20844024,97,mRNA
61704,20844118,20844340,222,mRNA
61705,20841987,20842349,362,mRNA
61706,20842403,20842928,525,mRNA
61707,20842981,20843358,377,mRNA
61708,20843421,20843586,165,mRNA
61709,20842051,20842349,298,CDS
61710,20842403,20842928,525,CDS
61711,20842981,20843358,377,CDS
61712,20843421,20843555,134,CDS
61713,20842051,20842349,298,CDS
61714,20842403,20842928,525,CDS
61715,20842981,20843358,377,CDS
61716,20843421,20843555,134,CDS
61717,20842051,20842349,298,CDS
61718,20842403,20843084,681,CDS
61719,20844332,20885188,40856,gene
61720,20884990,20885188,198,mRNA
61721,20881630,20881810,180,mRNA
61722,20859680,20860426,746,mRNA
61723,20856426,20856562,136,mRNA
61724,20855104,20855291,187,mRNA
61725,20854937,20855040,103,mRNA
61726,20854605,20854868,263,mRNA
61727,20854057,20854187,130,mRNA
61728,20852579,20852761,182,mRNA
61729,20848323,20848514,191,mRNA
61730,20847836,20848245,409,mRNA
61731,20847565,20847780,215,mRNA
61732,20847178,20847511,333,mRNA
61733,20846854,20847120,266,mRNA
61734,20846612,20846795,183,mRNA
61735,20846349,20846555,206,mRNA
61736,20846090,20846291,201,mRNA
61737,20845929,20846022,93,mRNA
61738,20844332,20844548,216,mRNA
61739,20884990,20885188,198,mRNA
61740,20881630,20881810,180,mRNA
61741,20859680,20860426,746,mRNA
61742,20856426,20856562,136,mRNA
61743,20855104,20855291,187,mRNA
61744,20854937,20855040,103,mRNA
61745,20854605,20854868,263,mRNA
61746,20854057,20854187,130,mRNA
61747,20852579,20852761,182,mRNA
61748,20851413,20851442,29,mRNA
61749,20848323,20848514,191,mRNA
61750,20847836,20848245,409,mRNA
61751,20847565,20847780,215,mRNA
61752,20847178,20847511,333,mRNA
61753,20846854,20847120,266,mRNA
61754,20846612,20846795,183,mRNA
61755,20846349,20846555,206,mRNA
61756,20846090,20846291,201,mRNA
61757,20845929,20846022,93,mRNA
61758,20844332,20844548,216,mRNA
61759,20881630,20881633,3,CDS
61760,20859680,20860426,746,CDS
61761,20856426,20856562,136,CDS
61762,20855104,20855291,187,CDS
61763,20854937,20855040,103,CDS
61764,20854605,20854868,263,CDS
61765,20854057,20854187,130,CDS
61766,20852579,20852761,182,CDS
61767,20848323,20848514,191,CDS
61768,20847836,20848245,409,CDS
61769,20847565,20847780,215,CDS
61770,20847178,20847511,333,CDS
61771,20846854,20847120,266,CDS
61772,20846612,20846795,183,CDS
61773,20846349,20846555,206,CDS
61774,20846090,20846291,201,CDS
61775,20845929,20846022,93,CDS
61776,20844519,20844548,29,CDS
61777,20881630,20881633,3,CDS
61778,20859680,20860426,746,CDS
61779,20856426,20856562,136,CDS
61780,20855104,20855291,187,CDS
61781,20854937,20855040,103,CDS
61782,20854605,20854868,263,CDS
61783,20854057,20854187,130,CDS
61784,20852579,20852761,182,CDS
61785,20851413,20851442,29,CDS
61786,20848323,20848514,191,CDS
61787,20847836,20848245,409,CDS
61788,20847565,20847780,215,CDS
61789,20847178,20847511,333,CDS
61790,20846854,20847120,266,CDS
61791,20846612,20846795,183,CDS
61792,20846349,20846555,206,CDS
61793,20846090,20846291,201,CDS
61794,20845929,20846022,93,CDS
61795,20844519,20844548,29,CDS
61796,20887006,20888002,996,gene
61797,20887006,20888002,996,ncRNA
61798,20895297,20895582,285,mobile_element
61799,20895769,20895886,117,mobile_element
61800,20896268,20897417,1149,gene
61801,20897320,20897417,97,mRNA
61802,20896268,20897262,994,mRNA
61803,20897320,20897417,97,mRNA
61804,20897042,20897262,220,mRNA
61805,20897320,20897398,78,CDS
61806,20897093,20897262,169,CDS
61807,20897320,20897398,78,CDS
61808,20897093,20897262,169,CDS
61809,20897557,20898501,944,gene
61810,20897557,20898501,944,mRNA
61811,20897718,20898014,296,CDS
61812,20901854,20902524,670,gene
61813,20901854,20902524,670,ncRNA
61814,20905093,20905361,268,mobile_element
61815,20905795,20906331,536,gene
61816,20905795,20906331,536,mRNA
61817,20905845,20906141,296,CDS
61818,20912890,20913169,279,gene
61819,20912890,20913169,279,ncRNA
61820,20913158,20913705,547,gene
61821,20913436,20913705,269,ncRNA
61822,20913158,20913373,215,ncRNA
61823,20920802,20921073,271,gene
61824,20920802,20921073,271,ncRNA
61825,20921182,20921749,567,gene
61826,20921569,20921749,180,ncRNA
61827,20921182,20921479,297,ncRNA
61828,20925891,20949512,23621,gene
61829,20949170,20949512,342,mRNA
61830,20943564,20943968,404,mRNA
61831,20936666,20936714,48,mRNA
61832,20935413,20935515,102,mRNA
61833,20927709,20927847,138,mRNA
61834,20926699,20926873,174,mRNA
61835,20925891,20926635,744,mRNA
61836,20949170,20949301,131,CDS
61837,20943564,20943968,404,CDS
61838,20936666,20936714,48,CDS
61839,20935413,20935515,102,CDS
61840,20927709,20927847,138,CDS
61841,20926699,20926873,174,CDS
61842,20926400,20926635,235,CDS
61843,20927826,20929190,1364,gene
61844,20927826,20929190,1364,mRNA
61845,20927951,20929111,1160,CDS
61846,20950359,20950783,424,gene
61847,20950359,20950783,424,ncRNA
61848,20955755,20956750,995,gene
61849,20956126,20956750,624,mRNA
61850,20955755,20956012,257,mRNA
61851,20956126,20956729,603,CDS
61852,20955789,20956012,223,CDS
61853,20956934,20960660,3726,gene
61854,20956934,20960660,3726,mRNA
61855,20956934,20960170,3236,mRNA
61856,20956981,20960157,3176,CDS
61857,20956981,20960157,3176,CDS
61858,20960398,20961386,988,gene
61859,20960727,20961386,659,mRNA
61860,20960398,20960650,252,mRNA
61861,20960727,20961384,657,CDS
61862,20960430,20960650,220,CDS
61863,20961537,20962555,1018,gene
61864,20961936,20962555,619,mRNA
61865,20961537,20961782,245,mRNA
61866,20961936,20962555,619,mRNA
61867,20961845,20961883,38,mRNA
61868,20961537,20961782,245,mRNA
61869,20961845,20962555,710,mRNA
61870,20961537,20961782,245,mRNA
61871,20961936,20962545,609,CDS
61872,20961562,20961782,220,CDS
61873,20961936,20962545,609,CDS
61874,20961845,20961883,38,CDS
61875,20961562,20961782,220,CDS
61876,20961868,20962545,677,CDS
61877,20962655,20966762,4107,gene
61878,20966576,20966762,186,mRNA
61879,20966129,20966517,388,mRNA
61880,20965810,20965911,101,mRNA
61881,20965468,20965755,287,mRNA
61882,20965202,20965409,207,mRNA
61883,20963690,20965143,1453,mRNA
61884,20963449,20963620,171,mRNA
61885,20963048,20963392,344,mRNA
61886,20962655,20962988,333,mRNA
61887,20966576,20966762,186,mRNA
61888,20966129,20966517,388,mRNA
61889,20965810,20966063,253,mRNA
61890,20965468,20965755,287,mRNA
61891,20965202,20965409,207,mRNA
61892,20963690,20965143,1453,mRNA
61893,20963449,20963620,171,mRNA
61894,20963048,20963392,344,mRNA
61895,20962655,20962988,333,mRNA
61896,20966576,20966762,186,mRNA
61897,20965810,20966517,707,mRNA
61898,20965468,20965755,287,mRNA
61899,20965202,20965409,207,mRNA
61900,20963690,20965143,1453,mRNA
61901,20963449,20963620,171,mRNA
61902,20963048,20963392,344,mRNA
61903,20962655,20962988,333,mRNA
61904,20966576,20966762,186,mRNA
61905,20966129,20966517,388,mRNA
61906,20965978,20966063,85,mRNA
61907,20965810,20965911,101,mRNA
61908,20965468,20965755,287,mRNA
61909,20965202,20965409,207,mRNA
61910,20963690,20965143,1453,mRNA
61911,20963449,20963620,171,mRNA
61912,20963048,20963392,344,mRNA
61913,20962659,20962988,329,mRNA
61914,20966576,20966762,186,mRNA
61915,20966129,20966517,388,mRNA
61916,20965468,20965755,287,mRNA
61917,20965202,20965409,207,mRNA
61918,20963690,20965143,1453,mRNA
61919,20963449,20963620,171,mRNA
61920,20963048,20963392,344,mRNA
61921,20962661,20962988,327,mRNA
61922,20966576,20966714,138,CDS
61923,20966129,20966517,388,CDS
61924,20965978,20966063,85,CDS
61925,20965810,20965911,101,CDS
61926,20965468,20965755,287,CDS
61927,20965202,20965409,207,CDS
61928,20963690,20965143,1453,CDS
61929,20963449,20963620,171,CDS
61930,20963048,20963392,344,CDS
61931,20962857,20962988,131,CDS
61932,20966576,20966714,138,CDS
61933,20966129,20966517,388,CDS
61934,20965618,20965755,137,CDS
61935,20966576,20966714,138,CDS
61936,20966129,20966517,388,CDS
61937,20965900,20965911,11,CDS
61938,20966576,20966714,138,CDS
61939,20966129,20966517,388,CDS
61940,20965974,20966063,89,CDS
61941,20966576,20966714,138,CDS
61942,20966093,20966517,424,CDS
61943,20966766,20970663,3897,gene
61944,20970501,20970663,162,mRNA
61945,20970054,20970445,391,mRNA
61946,20969918,20970003,85,mRNA
61947,20969762,20969863,101,mRNA
61948,20969179,20969704,525,mRNA
61949,20967690,20969113,1423,mRNA
61950,20967457,20967628,171,mRNA
61951,20967059,20967403,344,mRNA
61952,20966766,20966989,223,mRNA
61953,20970501,20970627,126,CDS
61954,20970054,20970445,391,CDS
61955,20969918,20970003,85,CDS
61956,20969762,20969863,101,CDS
61957,20969179,20969704,525,CDS
61958,20967690,20969113,1423,CDS
61959,20967457,20967628,171,CDS
61960,20967059,20967403,344,CDS
61961,20966858,20966989,131,CDS
61962,20970812,20974700,3888,gene
61963,20974509,20974700,191,mRNA
61964,20974066,20974454,388,mRNA
61965,20973926,20974011,85,mRNA
61966,20973766,20973867,101,mRNA
61967,20973190,20973706,516,mRNA
61968,20971699,20972993,1294,mRNA
61969,20971469,20971640,171,mRNA
61970,20971065,20971409,344,mRNA
61971,20970812,20971007,195,mRNA
61972,20974509,20974659,150,CDS
61973,20974066,20974454,388,CDS
61974,20973926,20974011,85,CDS
61975,20973766,20973867,101,CDS
61976,20973190,20973706,516,CDS
61977,20971699,20972993,1294,CDS
61978,20971469,20971640,171,CDS
61979,20971065,20971409,344,CDS
61980,20970876,20971007,131,CDS
61981,20978765,20979650,885,gene
61982,20978765,20978973,208,exon
61983,20979037,20979277,240,exon
61984,20979363,20979650,287,exon
61985,20991673,20992930,1257,gene
61986,20991673,20992160,487,mRNA
61987,20992595,20992930,335,mRNA
61988,20991716,20992160,444,CDS
61989,20992595,20992737,142,CDS
61990,20992311,20992506,195,mobile_element
61991,20992447,20992531,84,mRNA
61992,20992595,20992930,335,mRNA
61993,20992639,20992737,98,CDS
61994,20992814,21027434,34620,gene
61995,21027296,21027434,138,mRNA
61996,21024952,21025548,596,mRNA
61997,21012211,21012526,315,mRNA
61998,21006708,21006801,93,mRNA
61999,21006557,21006640,83,mRNA
62000,21005732,21006180,448,mRNA
62001,21004978,21005662,684,mRNA
62002,21002017,21002197,180,mRNA
62003,21001343,21001926,583,mRNA
62004,20996502,21001281,4779,mRNA
62005,20996324,20996438,114,mRNA
62006,20996149,20996264,115,mRNA
62007,20992814,20996087,3273,mRNA
62008,21027140,21027434,294,mRNA
62009,21024952,21025548,596,mRNA
62010,21012211,21012526,315,mRNA
62011,21006708,21006801,93,mRNA
62012,21006557,21006640,83,mRNA
62013,21005732,21006180,448,mRNA
62014,21004978,21005662,684,mRNA
62015,21003736,21004185,449,mRNA
62016,21002017,21002197,180,mRNA
62017,21001343,21001926,583,mRNA
62018,20996502,21001281,4779,mRNA
62019,20996324,20996438,114,mRNA
62020,20996149,20996264,115,mRNA
62021,20994131,20996087,1956,mRNA
62022,21026928,21027434,506,mRNA
62023,21024952,21025548,596,mRNA
62024,21012211,21012526,315,mRNA
62025,21006708,21006801,93,mRNA
62026,21006557,21006640,83,mRNA
62027,21005732,21006180,448,mRNA
62028,21004978,21005662,684,mRNA
62029,21002017,21002197,180,mRNA
62030,21001343,21001926,583,mRNA
62031,20996502,21001281,4779,mRNA
62032,20996324,20996438,114,mRNA
62033,20996149,20996264,115,mRNA
62034,20994131,20996087,1956,mRNA
62035,21026130,21026204,74,mRNA
62036,21024952,21025548,596,mRNA
62037,21012211,21012526,315,mRNA
62038,21006708,21006801,93,mRNA
62039,21006557,21006640,83,mRNA
62040,21005732,21006180,448,mRNA
62041,21004978,21005662,684,mRNA
62042,21002017,21002197,180,mRNA
62043,21001343,21001875,532,mRNA
62044,20996502,21001281,4779,mRNA
62045,20996324,20996438,114,mRNA
62046,20996149,20996264,115,mRNA
62047,20994131,20996087,1956,mRNA
62048,21024952,21025020,68,CDS
62049,21012211,21012526,315,CDS
62050,21006708,21006801,93,CDS
62051,21006557,21006640,83,CDS
62052,21005732,21006180,448,CDS
62053,21004978,21005662,684,CDS
62054,21002017,21002197,180,CDS
62055,21001343,21001875,532,CDS
62056,20996502,21001281,4779,CDS
62057,20996324,20996438,114,CDS
62058,20996149,20996264,115,CDS
62059,20995704,20996087,383,CDS
62060,21024952,21025020,68,CDS
62061,21012211,21012526,315,CDS
62062,21006708,21006801,93,CDS
62063,21006557,21006640,83,CDS
62064,21005732,21006180,448,CDS
62065,21004978,21005662,684,CDS
62066,21002017,21002197,180,CDS
62067,21001343,21001926,583,CDS
62068,20996502,21001281,4779,CDS
62069,20996324,20996438,114,CDS
62070,20996149,20996264,115,CDS
62071,20995704,20996087,383,CDS
62072,21024952,21025020,68,CDS
62073,21012211,21012526,315,CDS
62074,21006708,21006801,93,CDS
62075,21006557,21006640,83,CDS
62076,21005732,21006180,448,CDS
62077,21004978,21005662,684,CDS
62078,21002017,21002197,180,CDS
62079,21001343,21001926,583,CDS
62080,20996502,21001281,4779,CDS
62081,20996324,20996438,114,CDS
62082,20996149,20996264,115,CDS
62083,20995704,20996087,383,CDS
62084,21024952,21025020,68,CDS
62085,21012211,21012526,315,CDS
62086,21006708,21006801,93,CDS
62087,21006557,21006640,83,CDS
62088,21005732,21006180,448,CDS
62089,21004978,21005662,684,CDS
62090,21003736,21004185,449,CDS
62091,21002017,21002197,180,CDS
62092,21001343,21001926,583,CDS
62093,20996502,21001281,4779,CDS
62094,20996324,20996438,114,CDS
62095,20996149,20996264,115,CDS
62096,20995704,20996087,383,CDS
62097,21003707,21004201,494,gene
62098,21003707,21004201,494,ncRNA
62099,21006379,21006520,141,gene
62100,21006379,21006520,141,ncRNA
62101,21014969,21023393,8424,mobile_element
62102,21027915,21030141,2226,gene
62103,21027915,21028657,742,mRNA
62104,21028716,21028905,189,mRNA
62105,21029085,21030141,1056,mRNA
62106,21028206,21028657,451,mRNA
62107,21028716,21028905,189,mRNA
62108,21029085,21030141,1056,mRNA
62109,21028308,21028657,349,CDS
62110,21028716,21028905,189,CDS
62111,21029085,21029891,806,CDS
62112,21028308,21028657,349,CDS
62113,21028716,21028905,189,CDS
62114,21029085,21029891,806,CDS
62115,21028959,21029701,742,gene
62116,21028959,21029701,742,ncRNA
62117,21030280,21031360,1080,gene
62118,21030280,21031360,1080,mRNA
62119,21030425,21031249,824,CDS
62120,21031825,21033561,1736,gene
62121,21031825,21033051,1226,mRNA
62122,21033116,21033561,445,mRNA
62123,21031825,21031921,96,mRNA
62124,21031981,21033051,1070,mRNA
62125,21033116,21033561,445,mRNA
62126,21031889,21031921,32,CDS
62127,21031981,21033051,1070,CDS
62128,21033116,21033472,356,CDS
62129,21031951,21033051,1100,CDS
62130,21033116,21033472,356,CDS
62131,21033554,21034203,649,gene
62132,21034147,21034203,56,mRNA
62133,21033554,21034083,529,mRNA
62134,21034147,21034192,45,CDS
62135,21033560,21034083,523,CDS
62136,21034535,21075444,40909,gene
62137,21034535,21035301,766,mRNA
62138,21068714,21069265,551,mRNA
62139,21070620,21071062,442,mRNA
62140,21071852,21073152,1300,mRNA
62141,21073214,21074051,837,mRNA
62142,21074216,21075444,1228,mRNA
62143,21034919,21035301,382,CDS
62144,21068714,21069265,551,CDS
62145,21070620,21071062,442,CDS
62146,21071852,21073152,1300,CDS
62147,21073214,21074051,837,CDS
62148,21074216,21074676,460,CDS
62149,21048226,21048793,567,mRNA
62150,21068714,21069265,551,mRNA
62151,21070620,21071062,442,mRNA
62152,21071852,21073152,1300,mRNA
62153,21073214,21074051,837,mRNA
62154,21074216,21075444,1228,mRNA
62155,21048726,21048793,67,CDS
62156,21068714,21069265,551,CDS
62157,21070620,21071062,442,CDS
62158,21071852,21073152,1300,CDS
62159,21073214,21074051,837,CDS
62160,21074216,21074676,460,CDS
62161,21058832,21059071,239,mRNA
62162,21063991,21064701,710,mRNA
62163,21068714,21069265,551,mRNA
62164,21070620,21071062,442,mRNA
62165,21071852,21073152,1300,mRNA
62166,21073214,21074051,837,mRNA
62167,21074216,21075444,1228,mRNA
62168,21061412,21061465,53,mobile_element
62169,21064355,21064701,346,CDS
62170,21068714,21069265,551,CDS
62171,21070620,21071062,442,CDS
62172,21071852,21073152,1300,CDS
62173,21073214,21074051,837,CDS
62174,21074216,21074676,460,CDS
62175,21065852,21066238,386,gene
62176,21065852,21066238,386,mRNA
62177,21065938,21066186,248,CDS
62178,21067888,21068178,290,mRNA
62179,21068714,21069265,551,mRNA
62180,21070620,21071062,442,mRNA
62181,21071852,21073152,1300,mRNA
62182,21073214,21074051,837,mRNA
62183,21074216,21075444,1228,mRNA
62184,21068141,21068178,37,CDS
62185,21068714,21069265,551,CDS
62186,21070620,21071062,442,CDS
62187,21071852,21073152,1300,CDS
62188,21073214,21074051,837,CDS
62189,21074216,21074676,460,CDS
62190,21075581,21131159,55578,gene
62191,21130805,21131159,354,mRNA
62192,21099461,21100193,732,mRNA
62193,21089039,21089234,195,mRNA
62194,21079048,21079306,258,mRNA
62195,21078708,21078952,244,mRNA
62196,21078408,21078635,227,mRNA
62197,21078197,21078348,151,mRNA
62198,21075581,21078122,2541,mRNA
62199,21099461,21100100,639,mRNA
62200,21089039,21089234,195,mRNA
62201,21079048,21079306,258,mRNA
62202,21078708,21078952,244,mRNA
62203,21078408,21078635,227,mRNA
62204,21078197,21078348,151,mRNA
62205,21075581,21078122,2541,mRNA
62206,21099461,21099595,134,CDS
62207,21089039,21089234,195,CDS
62208,21079048,21079306,258,CDS
62209,21078708,21078952,244,CDS
62210,21078408,21078635,227,CDS
62211,21078197,21078348,151,CDS
62212,21076188,21078122,1934,CDS
62213,21099461,21099595,134,CDS
62214,21089039,21089234,195,CDS
62215,21079048,21079306,258,CDS
62216,21078708,21078952,244,CDS
62217,21078408,21078635,227,CDS
62218,21078197,21078348,151,CDS
62219,21076188,21078122,1934,CDS
62220,21088223,21088989,766,gene
62221,21088223,21088989,766,mRNA
62222,21088263,21088934,671,CDS
62223,21119413,21119801,388,gene
62224,21119413,21119801,388,ncRNA
62225,21121653,21123415,1762,gene
62226,21121653,21122549,896,mRNA
62227,21122827,21123415,588,mRNA
62228,21122273,21122524,251,CDS
62229,21123753,21124884,1131,gene
62230,21123753,21124884,1131,mRNA
62231,21124315,21124662,347,CDS
62232,21131446,21133310,1864,gene
62233,21131446,21132378,932,mRNA
62234,21132448,21132687,239,mRNA
62235,21132749,21133310,561,mRNA
62236,21131719,21132378,659,mRNA
62237,21132448,21132687,239,mRNA
62238,21132749,21133310,561,mRNA
62239,21131797,21132378,581,CDS
62240,21132448,21132687,239,CDS
62241,21132749,21133162,413,CDS
62242,21131797,21132378,581,CDS
62243,21132448,21132687,239,CDS
62244,21132749,21133162,413,CDS
62245,21133250,21136353,3103,gene
62246,21135618,21136353,735,mRNA
62247,21135364,21135509,145,mRNA
62248,21133250,21134905,1655,mRNA
62249,21135618,21136052,434,mRNA
62250,21135364,21135509,145,mRNA
62251,21133250,21134905,1655,mRNA
62252,21135618,21135877,259,CDS
62253,21135364,21135509,145,CDS
62254,21133371,21134905,1534,CDS
62255,21135618,21135877,259,CDS
62256,21135364,21135509,145,CDS
62257,21133371,21134905,1534,CDS
62258,21136447,21171930,35483,gene
62259,21171652,21171930,278,mRNA
62260,21160638,21161002,364,mRNA
62261,21147495,21147933,438,mRNA
62262,21147134,21147428,294,mRNA
62263,21146586,21146890,304,mRNA
62264,21146307,21146448,141,mRNA
62265,21145992,21146173,181,mRNA
62266,21145720,21145921,201,mRNA
62267,21144808,21144941,133,mRNA
62268,21144648,21144737,89,mRNA
62269,21144184,21144345,161,mRNA
62270,21142364,21142500,136,mRNA
62271,21141091,21141231,140,mRNA
62272,21140310,21140862,552,mRNA
62273,21140152,21140247,95,mRNA
62274,21139950,21140089,139,mRNA
62275,21139667,21139821,154,mRNA
62276,21138804,21139570,766,mRNA
62277,21138653,21138748,95,mRNA
62278,21138331,21138511,180,mRNA
62279,21137854,21138257,403,mRNA
62280,21137566,21137794,228,mRNA
62281,21137358,21137503,145,mRNA
62282,21136447,21137220,773,mRNA
62283,21171652,21171930,278,mRNA
62284,21160638,21161002,364,mRNA
62285,21147495,21147933,438,mRNA
62286,21147134,21147431,297,mRNA
62287,21146586,21146890,304,mRNA
62288,21146307,21146448,141,mRNA
62289,21145992,21146173,181,mRNA
62290,21145720,21145921,201,mRNA
62291,21144808,21144941,133,mRNA
62292,21144648,21144737,89,mRNA
62293,21144184,21144345,161,mRNA
62294,21142364,21142500,136,mRNA
62295,21141091,21141231,140,mRNA
62296,21140310,21140862,552,mRNA
62297,21140152,21140247,95,mRNA
62298,21139950,21140089,139,mRNA
62299,21139667,21139821,154,mRNA
62300,21138804,21139570,766,mRNA
62301,21138653,21138748,95,mRNA
62302,21138331,21138511,180,mRNA
62303,21137854,21138257,403,mRNA
62304,21137566,21137794,228,mRNA
62305,21137358,21137503,145,mRNA
62306,21136447,21137220,773,mRNA
62307,21171652,21171930,278,mRNA
62308,21160638,21161002,364,mRNA
62309,21147495,21147933,438,mRNA
62310,21147134,21147431,297,mRNA
62311,21146586,21146890,304,mRNA
62312,21146307,21146448,141,mRNA
62313,21145992,21146173,181,mRNA
62314,21145720,21145921,201,mRNA
62315,21144808,21144941,133,mRNA
62316,21144648,21144737,89,mRNA
62317,21144184,21144345,161,mRNA
62318,21142364,21142500,136,mRNA
62319,21141091,21141231,140,mRNA
62320,21140310,21140862,552,mRNA
62321,21140152,21140247,95,mRNA
62322,21139950,21140089,139,mRNA
62323,21139667,21139821,154,mRNA
62324,21138804,21139570,766,mRNA
62325,21138653,21138748,95,mRNA
62326,21138331,21138511,180,mRNA
62327,21137854,21138257,403,mRNA
62328,21137566,21137794,228,mRNA
62329,21137358,21137503,145,mRNA
62330,21136447,21137220,773,mRNA
62331,21150211,21150643,432,mRNA
62332,21147495,21147933,438,mRNA
62333,21147134,21147431,297,mRNA
62334,21146586,21146890,304,mRNA
62335,21146307,21146448,141,mRNA
62336,21145992,21146173,181,mRNA
62337,21145720,21145921,201,mRNA
62338,21144808,21144941,133,mRNA
62339,21144648,21144737,89,mRNA
62340,21144184,21144345,161,mRNA
62341,21142364,21142500,136,mRNA
62342,21141091,21141231,140,mRNA
62343,21140310,21140862,552,mRNA
62344,21140152,21140247,95,mRNA
62345,21139950,21140089,139,mRNA
62346,21139667,21139821,154,mRNA
62347,21138804,21139570,766,mRNA
62348,21138653,21138748,95,mRNA
62349,21138331,21138511,180,mRNA
62350,21137854,21138257,403,mRNA
62351,21137566,21137794,228,mRNA
62352,21137358,21137503,145,mRNA
62353,21136447,21137220,773,mRNA
62354,21145720,21145921,201,mRNA
62355,21144808,21144941,133,mRNA
62356,21144648,21144737,89,mRNA
62357,21144184,21144345,161,mRNA
62358,21142364,21142500,136,mRNA
62359,21141091,21141231,140,mRNA
62360,21140310,21140862,552,mRNA
62361,21140152,21140247,95,mRNA
62362,21139950,21140089,139,mRNA
62363,21139667,21139821,154,mRNA
62364,21138804,21139570,766,mRNA
62365,21138653,21138748,95,mRNA
62366,21138331,21138511,180,mRNA
62367,21137854,21138257,403,mRNA
62368,21137566,21137794,228,mRNA
62369,21137358,21137503,145,mRNA
62370,21136447,21137220,773,mRNA
62371,21160638,21160681,43,CDS
62372,21147495,21147933,438,CDS
62373,21147134,21147431,297,CDS
62374,21146586,21146890,304,CDS
62375,21146307,21146448,141,CDS
62376,21145992,21146173,181,CDS
62377,21145720,21145921,201,CDS
62378,21144808,21144941,133,CDS
62379,21144648,21144737,89,CDS
62380,21144184,21144345,161,CDS
62381,21142364,21142500,136,CDS
62382,21141091,21141231,140,CDS
62383,21140310,21140862,552,CDS
62384,21140152,21140247,95,CDS
62385,21139950,21140089,139,CDS
62386,21139667,21139821,154,CDS
62387,21138804,21139570,766,CDS
62388,21138653,21138748,95,CDS
62389,21138331,21138511,180,CDS
62390,21137854,21138257,403,CDS
62391,21137566,21137794,228,CDS
62392,21137358,21137503,145,CDS
62393,21137080,21137220,140,CDS
62394,21160638,21160681,43,CDS
62395,21147495,21147933,438,CDS
62396,21147134,21147428,294,CDS
62397,21146586,21146890,304,CDS
62398,21146307,21146448,141,CDS
62399,21145992,21146173,181,CDS
62400,21145720,21145921,201,CDS
62401,21144808,21144941,133,CDS
62402,21144648,21144737,89,CDS
62403,21144184,21144345,161,CDS
62404,21142364,21142500,136,CDS
62405,21141091,21141231,140,CDS
62406,21140310,21140862,552,CDS
62407,21140152,21140247,95,CDS
62408,21139950,21140089,139,CDS
62409,21139667,21139821,154,CDS
62410,21138804,21139570,766,CDS
62411,21138653,21138748,95,CDS
62412,21138331,21138511,180,CDS
62413,21137854,21138257,403,CDS
62414,21137566,21137794,228,CDS
62415,21137358,21137503,145,CDS
62416,21137107,21137220,113,CDS
62417,21160638,21160681,43,CDS
62418,21147495,21147933,438,CDS
62419,21147134,21147431,297,CDS
62420,21146586,21146890,304,CDS
62421,21146307,21146448,141,CDS
62422,21145992,21146173,181,CDS
62423,21145720,21145921,201,CDS
62424,21144808,21144941,133,CDS
62425,21144648,21144737,89,CDS
62426,21144184,21144345,161,CDS
62427,21142364,21142500,136,CDS
62428,21141091,21141231,140,CDS
62429,21140310,21140862,552,CDS
62430,21140152,21140247,95,CDS
62431,21139950,21140089,139,CDS
62432,21139667,21139821,154,CDS
62433,21138804,21139570,766,CDS
62434,21138653,21138748,95,CDS
62435,21138331,21138511,180,CDS
62436,21137854,21138257,403,CDS
62437,21137566,21137794,228,CDS
62438,21137358,21137503,145,CDS
62439,21137107,21137220,113,CDS
62440,21147495,21147905,410,CDS
62441,21147134,21147431,297,CDS
62442,21146586,21146890,304,CDS
62443,21146307,21146448,141,CDS
62444,21145992,21146173,181,CDS
62445,21145720,21145921,201,CDS
62446,21144808,21144941,133,CDS
62447,21144648,21144737,89,CDS
62448,21144184,21144345,161,CDS
62449,21142364,21142500,136,CDS
62450,21141091,21141231,140,CDS
62451,21140310,21140862,552,CDS
62452,21140152,21140247,95,CDS
62453,21139950,21140089,139,CDS
62454,21139667,21139821,154,CDS
62455,21138804,21139570,766,CDS
62456,21138653,21138748,95,CDS
62457,21138331,21138511,180,CDS
62458,21137854,21138257,403,CDS
62459,21137566,21137794,228,CDS
62460,21137358,21137503,145,CDS
62461,21137107,21137220,113,CDS
62462,21145720,21145843,123,CDS
62463,21144808,21144941,133,CDS
62464,21144648,21144737,89,CDS
62465,21144184,21144345,161,CDS
62466,21142364,21142500,136,CDS
62467,21141091,21141231,140,CDS
62468,21140310,21140862,552,CDS
62469,21140152,21140247,95,CDS
62470,21139950,21140089,139,CDS
62471,21139667,21139821,154,CDS
62472,21138804,21139570,766,CDS
62473,21138653,21138748,95,CDS
62474,21138331,21138511,180,CDS
62475,21137854,21138257,403,CDS
62476,21137566,21137794,228,CDS
62477,21137358,21137503,145,CDS
62478,21137107,21137220,113,CDS
62479,21143362,21143429,67,mobile_element
62480,21145540,21145674,134,mobile_element
62481,21151919,21156945,5026,mobile_element
62482,21157189,21157255,66,mobile_element
62483,21172853,21183278,10425,gene
62484,21172853,21173045,192,mRNA
62485,21178097,21183278,5181,mRNA
62486,21173118,21174973,1855,gene
62487,21173118,21174973,1855,mRNA
62488,21173200,21174876,1676,CDS
62489,21175781,21176528,747,mRNA
62490,21178097,21183278,5181,mRNA
62491,21177861,21177942,81,mRNA
62492,21178097,21183278,5181,mRNA
62493,21178133,21182608,4475,CDS
62494,21178133,21182608,4475,CDS
62495,21178133,21182608,4475,CDS
62496,21183313,21193363,10050,gene
62497,21192903,21193363,460,mRNA
62498,21188787,21189972,1185,mRNA
62499,21186207,21186400,193,mRNA
62500,21185171,21185533,362,mRNA
62501,21183313,21185018,1705,mRNA
62502,21192903,21193363,460,mRNA
62503,21188787,21189972,1185,mRNA
62504,21186207,21186400,193,mRNA
62505,21185171,21185533,362,mRNA
62506,21184464,21185018,554,mRNA
62507,21188787,21189705,918,CDS
62508,21186207,21186400,193,CDS
62509,21185171,21185533,362,CDS
62510,21184662,21185018,356,CDS
62511,21188787,21189705,918,CDS
62512,21186207,21186400,193,CDS
62513,21185171,21185533,362,CDS
62514,21184662,21185018,356,CDS
62515,21194617,21196136,1519,gene
62516,21194617,21195646,1029,ncRNA
62517,21195787,21196136,349,ncRNA
62518,21194754,21196853,2099,gene
62519,21196776,21196853,77,mRNA
62520,21196445,21196712,267,mRNA
62521,21196193,21196385,192,mRNA
62522,21195772,21196117,345,mRNA
62523,21195186,21195630,444,mRNA
62524,21195034,21195130,96,mRNA
62525,21194754,21194956,202,mRNA
62526,21196445,21196769,324,mRNA
62527,21196193,21196385,192,mRNA
62528,21195772,21196117,345,mRNA
62529,21195186,21195630,444,mRNA
62530,21195034,21195130,96,mRNA
62531,21194754,21194956,202,mRNA
62532,21196445,21196702,257,CDS
62533,21196193,21196385,192,CDS
62534,21195772,21196117,345,CDS
62535,21195186,21195630,444,CDS
62536,21195034,21195130,96,CDS
62537,21194847,21194956,109,CDS
62538,21196445,21196702,257,CDS
62539,21196193,21196385,192,CDS
62540,21195772,21196117,345,CDS
62541,21195186,21195630,444,CDS
62542,21195034,21195130,96,CDS
62543,21194847,21194956,109,CDS
62544,21196831,21197738,907,gene
62545,21196831,21197017,186,mRNA
62546,21197071,21197245,174,mRNA
62547,21197305,21197738,433,mRNA
62548,21196896,21197017,121,CDS
62549,21197071,21197245,174,CDS
62550,21197305,21197454,149,CDS
62551,21197411,21202882,5471,gene
62552,21202748,21202882,134,mRNA
62553,21197760,21198103,343,mRNA
62554,21197411,21197637,226,mRNA
62555,21197760,21198170,410,mRNA
62556,21197549,21197637,88,mRNA
62557,21197411,21197490,79,mRNA
62558,21197760,21198125,365,CDS
62559,21197549,21197637,88,CDS
62560,21197460,21197490,30,CDS
62561,21197760,21198065,305,CDS
62562,21197482,21197637,155,CDS
62563,21198261,21203232,4971,gene
62564,21203078,21203232,154,mRNA
62565,21199995,21200514,519,mRNA
62566,21199246,21199404,158,mRNA
62567,21198881,21199183,302,mRNA
62568,21198261,21198728,467,mRNA
62569,21202748,21202882,134,mRNA
62570,21200408,21200514,106,mRNA
62571,21199995,21200341,346,mRNA
62572,21199246,21199404,158,mRNA
62573,21198881,21199183,302,mRNA
62574,21198261,21198728,467,mRNA
62575,21200625,21200688,63,mRNA
62576,21200408,21200514,106,mRNA
62577,21199995,21200341,346,mRNA
62578,21199246,21199404,158,mRNA
62579,21198881,21199183,302,mRNA
62580,21198261,21198728,467,mRNA
62581,21200408,21200688,280,mRNA
62582,21199995,21200341,346,mRNA
62583,21199246,21199335,89,mRNA
62584,21198881,21199183,302,mRNA
62585,21198261,21198728,467,mRNA
62586,21200408,21200688,280,mRNA
62587,21199995,21200341,346,mRNA
62588,21199246,21199404,158,mRNA
62589,21198881,21199183,302,mRNA
62590,21198261,21198728,467,mRNA
62591,21199995,21200294,299,CDS
62592,21199246,21199335,89,CDS
62593,21198881,21199183,302,CDS
62594,21198459,21198728,269,CDS
62595,21199995,21200294,299,CDS
62596,21199246,21199404,158,CDS
62597,21198881,21199183,302,CDS
62598,21198459,21198728,269,CDS
62599,21199995,21200294,299,CDS
62600,21199246,21199404,158,CDS
62601,21198881,21199183,302,CDS
62602,21198459,21198728,269,CDS
62603,21199995,21200294,299,CDS
62604,21199246,21199404,158,CDS
62605,21198881,21199183,302,CDS
62606,21198459,21198728,269,CDS
62607,21199995,21200294,299,CDS
62608,21199246,21199404,158,CDS
62609,21198881,21199183,302,CDS
62610,21198459,21198728,269,CDS
62611,21202920,21208092,5172,gene
62612,21202920,21203322,402,mRNA
62613,21205677,21206626,949,mRNA
62614,21207436,21208092,656,mRNA
62615,21203091,21203322,231,CDS
62616,21205677,21206626,949,CDS
62617,21207436,21207594,158,CDS
62618,21204787,21204838,51,mRNA
62619,21205677,21206626,949,mRNA
62620,21207436,21208092,656,mRNA
62621,21205274,21205508,234,mRNA
62622,21205677,21206626,949,mRNA
62623,21207436,21208092,656,mRNA
62624,21205472,21205508,36,CDS
62625,21205677,21206626,949,CDS
62626,21207436,21207594,158,CDS
62627,21205580,21206626,1046,mRNA
62628,21207436,21208092,656,mRNA
62629,21205700,21206626,926,CDS
62630,21207436,21207594,158,CDS
62631,21205700,21206626,926,CDS
62632,21207436,21207594,158,CDS
62633,21206665,21206771,106,mobile_element
62634,21208148,21210084,1936,gene
62635,21209824,21210084,260,mRNA
62636,21208798,21209673,875,mRNA
62637,21208148,21208742,594,mRNA
62638,21209824,21209994,170,CDS
62639,21208798,21209673,875,CDS
62640,21208218,21208742,524,CDS
62641,21210215,21216051,5836,gene
62642,21210215,21210804,589,mRNA
62643,21212050,21212158,108,mRNA
62644,21212227,21212388,161,mRNA
62645,21212782,21212957,175,mRNA
62646,21213129,21213491,362,mRNA
62647,21213844,21214097,253,mRNA
62648,21214151,21214376,225,mRNA
62649,21214612,21215112,500,mRNA
62650,21215373,21215501,128,mRNA
62651,21215576,21216051,475,mRNA
62652,21210215,21210804,589,mRNA
62653,21212050,21212158,108,mRNA
62654,21212227,21212388,161,mRNA
62655,21212782,21212957,175,mRNA
62656,21213844,21214097,253,mRNA
62657,21214151,21214376,225,mRNA
62658,21215373,21215501,128,mRNA
62659,21215576,21216051,475,mRNA
62660,21210215,21210804,589,mRNA
62661,21212050,21212158,108,mRNA
62662,21212230,21212388,158,mRNA
62663,21212782,21212957,175,mRNA
62664,21213129,21213491,362,mRNA
62665,21213844,21214097,253,mRNA
62666,21214151,21214376,225,mRNA
62667,21214612,21215112,500,mRNA
62668,21215373,21215501,128,mRNA
62669,21215576,21216051,475,mRNA
62670,21210731,21210804,73,CDS
62671,21212050,21212158,108,CDS
62672,21212227,21212388,161,CDS
62673,21212782,21212957,175,CDS
62674,21213129,21213491,362,CDS
62675,21213844,21214097,253,CDS
62676,21214151,21214376,225,CDS
62677,21214612,21215112,500,CDS
62678,21215373,21215501,128,CDS
62679,21215576,21215783,207,CDS
62680,21210731,21210804,73,CDS
62681,21212050,21212158,108,CDS
62682,21212227,21212388,161,CDS
62683,21212782,21212957,175,CDS
62684,21213844,21214097,253,CDS
62685,21214151,21214376,225,CDS
62686,21215373,21215501,128,CDS
62687,21215576,21215783,207,CDS
62688,21210731,21210804,73,CDS
62689,21212050,21212158,108,CDS
62690,21212230,21212388,158,CDS
62691,21212782,21212957,175,CDS
62692,21213129,21213491,362,CDS
62693,21213844,21214097,253,CDS
62694,21214151,21214376,225,CDS
62695,21214612,21215112,500,CDS
62696,21215373,21215501,128,CDS
62697,21215576,21215783,207,CDS
62698,21213762,21214097,335,mRNA
62699,21214151,21214376,225,mRNA
62700,21214612,21215314,702,mRNA
62701,21213848,21214097,249,CDS
62702,21214151,21214376,225,CDS
62703,21214612,21215125,513,CDS
62704,21215995,21216839,844,gene
62705,21216644,21216839,195,mRNA
62706,21216477,21216578,101,mRNA
62707,21215995,21216323,328,mRNA
62708,21216644,21216721,77,CDS
62709,21216477,21216578,101,CDS
62710,21216129,21216323,194,CDS
62711,21216901,21219240,2339,gene
62712,21216901,21217152,251,mRNA
62713,21217567,21217732,165,mRNA
62714,21217791,21218336,545,mRNA
62715,21218399,21219240,841,mRNA
62716,21216901,21217571,670,mRNA
62717,21217064,21217152,88,CDS
62718,21217567,21217732,165,CDS
62719,21217791,21218336,545,CDS
62720,21218399,21218944,545,CDS
62721,21217064,21217156,92,CDS
62722,21220400,21223118,2718,gene
62723,21220400,21220853,453,mRNA
62724,21222908,21223118,210,mRNA
62725,21220768,21220853,85,CDS
62726,21222908,21223118,210,CDS
62727,21226609,21266503,39894,gene
62728,21226609,21226806,197,mRNA
62729,21227258,21228391,1133,mRNA
62730,21230880,21231112,232,mRNA
62731,21231169,21231310,141,mRNA
62732,21262996,21263636,640,mRNA
62733,21263712,21263987,275,mRNA
62734,21264046,21265613,1567,mRNA
62735,21226609,21226662,53,mRNA
62736,21227258,21228391,1133,mRNA
62737,21230880,21231112,232,mRNA
62738,21231169,21231310,141,mRNA
62739,21262996,21263636,640,mRNA
62740,21263712,21263987,275,mRNA
62741,21264046,21265106,1060,mRNA
62742,21226919,21228391,1472,mRNA
62743,21230880,21231112,232,mRNA
62744,21231169,21231310,141,mRNA
62745,21262996,21263636,640,mRNA
62746,21263712,21263987,275,mRNA
62747,21264046,21266503,2457,mRNA
62748,21227473,21228391,918,CDS
62749,21230880,21231112,232,CDS
62750,21231169,21231310,141,CDS
62751,21262996,21263636,640,CDS
62752,21263712,21263987,275,CDS
62753,21264046,21264423,377,CDS
62754,21227473,21228391,918,CDS
62755,21230880,21231112,232,CDS
62756,21231169,21231310,141,CDS
62757,21262996,21263636,640,CDS
62758,21263712,21263987,275,CDS
62759,21264046,21264423,377,CDS
62760,21227473,21228391,918,CDS
62761,21230880,21231112,232,CDS
62762,21231169,21231310,141,CDS
62763,21262996,21263636,640,CDS
62764,21263712,21263987,275,CDS
62765,21264046,21264423,377,CDS
62766,21237902,21238136,234,mobile_element
62767,21240347,21240803,456,mRNA
62768,21262996,21263636,640,mRNA
62769,21263712,21263987,275,mRNA
62770,21264046,21266503,2457,mRNA
62771,21243800,21251305,7505,mobile_element
62772,21243865,21251304,7439,mobile_element
62773,21258020,21258758,738,gene
62774,21258020,21258058,38,mRNA
62775,21258116,21258758,642,mRNA
62776,21258049,21258058,9,CDS
62777,21258116,21258654,538,CDS
62778,21263112,21263636,524,CDS
62779,21263712,21263987,275,CDS
62780,21264046,21264423,377,CDS
62781,21266680,21268335,1655,gene
62782,21268209,21268335,126,mRNA
62783,21267791,21267905,114,mRNA
62784,21267587,21267720,133,mRNA
62785,21267167,21267535,368,mRNA
62786,21266680,21267105,425,mRNA
62787,21267791,21267965,174,mRNA
62788,21267587,21267720,133,mRNA
62789,21267167,21267535,368,mRNA
62790,21266680,21267105,425,mRNA
62791,21267791,21267859,68,CDS
62792,21267587,21267720,133,CDS
62793,21267167,21267535,368,CDS
62794,21266841,21267105,264,CDS
62795,21267791,21267859,68,CDS
62796,21267587,21267720,133,CDS
62797,21267167,21267535,368,CDS
62798,21266841,21267105,264,CDS
62799,21268392,21270580,2188,gene
62800,21269417,21270580,1163,mRNA
62801,21268967,21269338,371,mRNA
62802,21268392,21268898,506,mRNA
62803,21269417,21270426,1009,CDS
62804,21268967,21269338,371,CDS
62805,21268490,21268898,408,CDS
62806,21268601,21269142,541,gene
62807,21268601,21268921,320,ncRNA
62808,21268987,21269142,155,ncRNA
62809,21270722,21280243,9521,gene
62810,21279475,21280243,768,mRNA
62811,21272951,21273689,738,mRNA
62812,21272723,21272877,154,mRNA
62813,21272499,21272667,168,mRNA
62814,21272248,21272437,189,mRNA
62815,21270722,21272153,1431,mRNA
62816,21279475,21279981,506,mRNA
62817,21272951,21273689,738,mRNA
62818,21272723,21272877,154,mRNA
62819,21272499,21272667,168,mRNA
62820,21272248,21272437,189,mRNA
62821,21271209,21272153,944,mRNA
62822,21276195,21276345,150,mRNA
62823,21272951,21273689,738,mRNA
62824,21272723,21272877,154,mRNA
62825,21272499,21272667,168,mRNA
62826,21272248,21272437,189,mRNA
62827,21271209,21272153,944,mRNA
62828,21279475,21279785,310,CDS
62829,21272951,21273689,738,CDS
62830,21272723,21272877,154,CDS
62831,21272499,21272667,168,CDS
62832,21272248,21272437,189,CDS
62833,21271705,21272153,448,CDS
62834,21279475,21279785,310,CDS
62835,21272951,21273689,738,CDS
62836,21272723,21272877,154,CDS
62837,21272499,21272667,168,CDS
62838,21272248,21272437,189,CDS
62839,21271705,21272153,448,CDS
62840,21272951,21273562,611,CDS
62841,21272723,21272877,154,CDS
62842,21272499,21272667,168,CDS
62843,21272248,21272437,189,CDS
62844,21271705,21272153,448,CDS
62845,21280491,21281506,1015,gene
62846,21281185,21281506,321,mRNA
62847,21280851,21281129,278,mRNA
62848,21280491,21280789,298,mRNA
62849,21281185,21281302,117,CDS
62850,21280851,21281129,278,CDS
62851,21280689,21280789,100,CDS
62852,21281752,21285962,4210,gene
62853,21285055,21285436,381,mRNA
62854,21284182,21284470,288,mRNA
62855,21283146,21283477,331,mRNA
62856,21282581,21282654,73,mRNA
62857,21281752,21282518,766,mRNA
62858,21285055,21285436,381,mRNA
62859,21284182,21284470,288,mRNA
62860,21283146,21283477,331,mRNA
62861,21282581,21282654,73,mRNA
62862,21281990,21282518,528,mRNA
62863,21284689,21285436,747,mRNA
62864,21284182,21284470,288,mRNA
62865,21283146,21283477,331,mRNA
62866,21282581,21282654,73,mRNA
62867,21281990,21282518,528,mRNA
62868,21285814,21285962,148,mRNA
62869,21285648,21285740,92,mRNA
62870,21284182,21284470,288,mRNA
62871,21283146,21283477,331,mRNA
62872,21282581,21282654,73,mRNA
62873,21282014,21282518,504,mRNA
62874,21285055,21285135,80,CDS
62875,21284182,21284470,288,CDS
62876,21283146,21283477,331,CDS
62877,21282581,21282654,73,CDS
62878,21282203,21282518,315,CDS
62879,21285055,21285135,80,CDS
62880,21284182,21284470,288,CDS
62881,21283146,21283477,331,CDS
62882,21282581,21282654,73,CDS
62883,21282203,21282518,315,CDS
62884,21284182,21284452,270,CDS
62885,21283146,21283477,331,CDS
62886,21282581,21282654,73,CDS
62887,21282203,21282518,315,CDS
62888,21284182,21284452,270,CDS
62889,21283146,21283477,331,CDS
62890,21282581,21282654,73,CDS
62891,21282203,21282518,315,CDS
62892,21286099,21290310,4211,gene
62893,21286099,21287067,968,mRNA
62894,21287128,21289546,2418,mRNA
62895,21289606,21290310,704,mRNA
62896,21286099,21287067,968,mRNA
62897,21287128,21289546,2418,mRNA
62898,21289606,21290041,435,mRNA
62899,21286437,21287067,630,CDS
62900,21287128,21289487,2359,CDS
62901,21286437,21287067,630,CDS
62902,21287128,21289487,2359,CDS
62903,21291860,21292800,940,gene
62904,21292650,21292800,150,mRNA
62905,21291860,21292584,724,mRNA
62906,21292650,21292667,17,CDS
62907,21292219,21292584,365,CDS
62908,21294492,21296698,2206,gene
62909,21294492,21295577,1085,mRNA
62910,21295661,21296698,1037,mRNA
62911,21295396,21295577,181,mRNA
62912,21295661,21296698,1037,mRNA
62913,21295566,21295577,11,CDS
62914,21295661,21296071,410,CDS
62915,21295566,21295577,11,CDS
62916,21295661,21296071,410,CDS
62917,21296763,21297803,1040,gene
62918,21297716,21297803,87,mRNA
62919,21296763,21297641,878,mRNA
62920,21297716,21297803,87,mRNA
62921,21297184,21297641,457,mRNA
62922,21297716,21297727,11,CDS
62923,21297285,21297641,356,CDS
62924,21297716,21297727,11,CDS
62925,21297285,21297641,356,CDS
62926,21298675,21299063,388,gene
62927,21298675,21298704,29,mRNA
62928,21298789,21299063,274,mRNA
62929,21298702,21298704,2,CDS
62930,21298789,21299010,221,CDS
62931,21298744,21299063,319,mRNA
62932,21298777,21299010,233,CDS
62933,21300580,21301171,591,gene
62934,21300580,21300632,52,mRNA
62935,21300703,21301171,468,mRNA
62936,21300621,21300632,11,CDS
62937,21300703,21301050,347,CDS
62938,21301477,21302159,682,gene
62939,21301477,21302159,682,ncRNA
62940,21301785,21304658,2873,gene
62941,21304290,21304467,177,mRNA
62942,21303910,21304091,181,mRNA
62943,21301785,21303549,1764,mRNA
62944,21304388,21304467,79,mRNA
62945,21303910,21304091,181,mRNA
62946,21302276,21303549,1273,mRNA
62947,21304290,21304467,177,mRNA
62948,21303910,21304091,181,mRNA
62949,21303808,21303837,29,mRNA
62950,21302276,21303549,1273,mRNA
62951,21302421,21304135,1714,gene
62952,21302421,21303554,1133,ncRNA
62953,21303625,21303746,121,ncRNA
62954,21303819,21304135,316,ncRNA
62955,21304609,21304658,49,mRNA
62956,21303910,21304091,181,mRNA
62957,21302480,21303549,1069,mRNA
62958,21304290,21304467,177,mRNA
62959,21303910,21304091,181,mRNA
62960,21302480,21303549,1069,mRNA
62961,21303910,21304045,135,mRNA
62962,21302480,21303549,1069,mRNA
62963,21303910,21304011,101,CDS
62964,21302605,21303549,944,CDS
62965,21303910,21304011,101,CDS
62966,21302605,21303549,944,CDS
62967,21303910,21304011,101,CDS
62968,21302605,21303549,944,CDS
62969,21303910,21304011,101,CDS
62970,21302605,21303549,944,CDS
62971,21303910,21304011,101,CDS
62972,21302605,21303549,944,CDS
62973,21303910,21304011,101,CDS
62974,21303808,21303837,29,CDS
62975,21302605,21303549,944,CDS
62976,21304697,21306197,1500,gene
62977,21304697,21305019,322,mRNA
62978,21305079,21306197,1118,mRNA
62979,21304697,21304965,268,mRNA
62980,21305079,21306197,1118,mRNA
62981,21304921,21305019,98,CDS
62982,21305079,21305972,893,CDS
62983,21304921,21304965,44,CDS
62984,21305079,21305972,893,CDS
62985,21306138,21318020,11882,gene
62986,21317797,21318020,223,mRNA
62987,21315306,21317482,2176,mRNA
62988,21306138,21306198,60,mRNA
62989,21306203,21315303,9100,mobile_element
62990,21317797,21317910,113,CDS
62991,21316424,21317482,1058,CDS
62992,21318223,21318650,427,gene
62993,21318223,21318650,427,ncRNA
62994,21318774,21335027,16253,gene
62995,21318774,21320631,1857,mRNA
62996,21332603,21332711,108,mRNA
62997,21333154,21333264,110,mRNA
62998,21333350,21333494,144,mRNA
62999,21333896,21335027,1131,mRNA
63000,21318774,21320631,1857,mRNA
63001,21327588,21328269,681,mRNA
63002,21329799,21329909,110,mRNA
63003,21332603,21332711,108,mRNA
63004,21333154,21333264,110,mRNA
63005,21333350,21333494,144,mRNA
63006,21333896,21334190,294,mRNA
63007,21318774,21320631,1857,mRNA
63008,21332603,21332711,108,mRNA
63009,21333154,21333264,110,mRNA
63010,21333350,21333494,144,mRNA
63011,21333896,21334190,294,mRNA
63012,21319945,21320631,686,CDS
63013,21332603,21332711,108,CDS
63014,21333154,21333264,110,CDS
63015,21333350,21333494,144,CDS
63016,21333896,21334010,114,CDS
63017,21319945,21320631,686,CDS
63018,21332603,21332711,108,CDS
63019,21333154,21333264,110,CDS
63020,21333350,21333494,144,CDS
63021,21333896,21334010,114,CDS
63022,21320007,21320631,624,mRNA
63023,21327588,21328269,681,mRNA
63024,21329799,21329909,110,mRNA
63025,21332603,21332711,108,mRNA
63026,21333154,21333264,110,mRNA
63027,21333350,21333494,144,mRNA
63028,21333896,21334190,294,mRNA
63029,21322381,21322585,204,mRNA
63030,21327588,21328269,681,mRNA
63031,21329799,21329909,110,mRNA
63032,21332603,21332711,108,mRNA
63033,21333154,21333264,110,mRNA
63034,21333350,21333494,144,mRNA
63035,21333896,21334190,294,mRNA
63036,21322381,21322585,204,mRNA
63037,21327588,21328269,681,mRNA
63038,21332603,21332711,108,mRNA
63039,21333154,21333264,110,mRNA
63040,21333350,21333494,144,mRNA
63041,21333896,21334190,294,mRNA
63042,21327628,21328269,641,CDS
63043,21329799,21329909,110,CDS
63044,21332603,21332711,108,CDS
63045,21333154,21333264,110,CDS
63046,21333350,21333494,144,CDS
63047,21333896,21334010,114,CDS
63048,21327628,21328269,641,CDS
63049,21329799,21329909,110,CDS
63050,21332603,21332711,108,CDS
63051,21333154,21333264,110,CDS
63052,21333350,21333494,144,CDS
63053,21333896,21334010,114,CDS
63054,21327628,21328269,641,CDS
63055,21329799,21329909,110,CDS
63056,21332603,21332711,108,CDS
63057,21333154,21333264,110,CDS
63058,21333350,21333494,144,CDS
63059,21333896,21334010,114,CDS
63060,21327628,21328269,641,CDS
63061,21332603,21332711,108,CDS
63062,21333154,21333264,110,CDS
63063,21333350,21333494,144,CDS
63064,21333896,21334010,114,CDS
63065,21333010,21333511,501,gene
63066,21333311,21333511,200,ncRNA
63067,21333010,21333208,198,ncRNA
63068,21335215,21338232,3017,gene
63069,21335215,21335428,213,mRNA
63070,21335493,21337054,1561,mRNA
63071,21337109,21337375,266,mRNA
63072,21337432,21338232,800,mRNA
63073,21335323,21335428,105,CDS
63074,21335493,21337054,1561,CDS
63075,21337109,21337375,266,CDS
63076,21337432,21337941,509,CDS
63077,21337681,21343716,6035,gene
63078,21343576,21343716,140,mRNA
63079,21342931,21343097,166,mRNA
63080,21342194,21342452,258,mRNA
63081,21341575,21342136,561,mRNA
63082,21341367,21341515,148,mRNA
63083,21339896,21341291,1395,mRNA
63084,21339614,21339831,217,mRNA
63085,21339326,21339555,229,mRNA
63086,21338870,21339220,350,mRNA
63087,21338724,21338812,88,mRNA
63088,21337681,21338658,977,mRNA
63089,21343576,21343716,140,mRNA
63090,21342931,21343097,166,mRNA
63091,21342194,21342452,258,mRNA
63092,21341575,21342136,561,mRNA
63093,21341367,21341515,148,mRNA
63094,21339896,21341291,1395,mRNA
63095,21339614,21339831,217,mRNA
63096,21338870,21339555,685,mRNA
63097,21338724,21338812,88,mRNA
63098,21338150,21338658,508,mRNA
63099,21343576,21343619,43,CDS
63100,21342931,21343097,166,CDS
63101,21342194,21342452,258,CDS
63102,21341575,21342136,561,CDS
63103,21341367,21341515,148,CDS
63104,21339896,21341291,1395,CDS
63105,21339614,21339831,217,CDS
63106,21339326,21339555,229,CDS
63107,21338870,21339220,350,CDS
63108,21338724,21338812,88,CDS
63109,21338353,21338658,305,CDS
63110,21343576,21343619,43,CDS
63111,21342931,21343097,166,CDS
63112,21342194,21342452,258,CDS
63113,21341575,21342136,561,CDS
63114,21341367,21341515,148,CDS
63115,21339896,21341291,1395,CDS
63116,21339614,21339831,217,CDS
63117,21338870,21339555,685,CDS
63118,21338724,21338812,88,CDS
63119,21338353,21338658,305,CDS
63120,21344033,21355049,11016,gene
63121,21344033,21344662,629,mRNA
63122,21350015,21350261,246,mRNA
63123,21350339,21350462,123,mRNA
63124,21350549,21353013,2464,mRNA
63125,21353109,21355049,1940,mRNA
63126,21344108,21344662,554,CDS
63127,21350015,21350261,246,CDS
63128,21350339,21350462,123,CDS
63129,21350549,21353013,2464,CDS
63130,21353109,21354931,1822,CDS
63131,21344768,21349288,4520,gene
63132,21349042,21349288,246,mRNA
63133,21346689,21346954,265,mRNA
63134,21344768,21346075,1307,mRNA
63135,21347038,21347069,31,mRNA
63136,21346689,21346954,265,mRNA
63137,21344768,21346075,1307,mRNA
63138,21346689,21346754,65,CDS
63139,21345038,21346075,1037,CDS
63140,21346689,21346754,65,CDS
63141,21345038,21346075,1037,CDS
63142,21355100,21356495,1395,gene
63143,21356476,21356495,19,mRNA
63144,21356140,21356233,93,mRNA
63145,21355100,21355954,854,mRNA
63146,21356140,21356159,19,mRNA
63147,21355100,21355954,854,mRNA
63148,21356476,21356495,19,CDS
63149,21356140,21356233,93,CDS
63150,21355277,21355954,677,CDS
63151,21356140,21356142,2,CDS
63152,21355277,21355954,677,CDS
63153,21357269,21357341,72,mobile_element
63154,21357683,21359867,2184,gene
63155,21357683,21359867,2184,mRNA
63156,21357864,21359816,1952,CDS
63157,21360179,21361229,1050,gene
63158,21360179,21360530,351,mRNA
63159,21360949,21361229,280,mRNA
63160,21360364,21360530,166,CDS
63161,21360949,21361039,90,CDS
63162,21361775,21362678,903,mobile_element
63163,21363113,21363437,324,mobile_element
63164,21365893,21371264,5371,mobile_element
63165,21371401,21371432,31,mobile_element
63166,21372776,21379225,6449,mobile_element
63167,21382501,21424416,41915,gene
63168,21382501,21383084,583,mRNA
63169,21411530,21411578,48,mRNA
63170,21419607,21419797,190,mRNA
63171,21419859,21420170,311,mRNA
63172,21420251,21420362,111,mRNA
63173,21420465,21420689,224,mRNA
63174,21421568,21424416,2848,mRNA
63175,21382501,21383084,583,mRNA
63176,21411530,21411578,48,mRNA
63177,21419607,21419797,190,mRNA
63178,21419859,21420170,311,mRNA
63179,21420251,21420362,111,mRNA
63180,21420441,21420689,248,mRNA
63181,21421568,21424061,2493,mRNA
63182,21382501,21383084,583,mRNA
63183,21419607,21419797,190,mRNA
63184,21419859,21420170,311,mRNA
63185,21420251,21420362,111,mRNA
63186,21420441,21420689,248,mRNA
63187,21421568,21424061,2493,mRNA
63188,21382501,21383084,583,mRNA
63189,21419607,21419797,190,mRNA
63190,21419859,21420170,311,mRNA
63191,21420251,21420362,111,mRNA
63192,21420465,21420689,224,mRNA
63193,21421568,21424061,2493,mRNA
63194,21398317,21398941,624,gene
63195,21398317,21398941,624,ncRNA
63196,21405425,21406738,1313,gene
63197,21406582,21406738,156,mRNA
63198,21405940,21406518,578,mRNA
63199,21405425,21405644,219,mRNA
63200,21406582,21406696,114,CDS
63201,21405940,21406518,578,CDS
63202,21405511,21405644,133,CDS
63203,21408126,21408224,98,mobile_element
63204,21413303,21413643,340,gene
63205,21413303,21413643,340,ncRNA
63206,21419746,21419797,51,CDS
63207,21419859,21420170,311,CDS
63208,21420251,21420362,111,CDS
63209,21420441,21420689,248,CDS
63210,21421568,21423269,1701,CDS
63211,21419746,21419797,51,CDS
63212,21419859,21420170,311,CDS
63213,21420251,21420362,111,CDS
63214,21420441,21420689,248,CDS
63215,21421568,21423269,1701,CDS
63216,21419746,21419797,51,CDS
63217,21419859,21420170,311,CDS
63218,21420251,21420362,111,CDS
63219,21420465,21420689,224,CDS
63220,21421568,21423269,1701,CDS
63221,21419746,21419797,51,CDS
63222,21419859,21420170,311,CDS
63223,21420251,21420362,111,CDS
63224,21420465,21420689,224,CDS
63225,21421568,21423269,1701,CDS
63226,21420388,21433134,12746,gene
63227,21432855,21433134,279,mRNA
63228,21424718,21425545,827,mRNA
63229,21424454,21424656,202,mRNA
63230,21421361,21421527,166,mRNA
63231,21421106,21421292,186,mRNA
63232,21420918,21421054,136,mRNA
63233,21420388,21420857,469,mRNA
63234,21432840,21433134,294,mRNA
63235,21424718,21425545,827,mRNA
63236,21424454,21424656,202,mRNA
63237,21421361,21421527,166,mRNA
63238,21421106,21421292,186,mRNA
63239,21420918,21421054,136,mRNA
63240,21420388,21420857,469,mRNA
63241,21424718,21425537,819,CDS
63242,21424454,21424656,202,CDS
63243,21421361,21421527,166,CDS
63244,21421106,21421292,186,CDS
63245,21420918,21421054,136,CDS
63246,21420701,21420857,156,CDS
63247,21424718,21425537,819,CDS
63248,21424454,21424656,202,CDS
63249,21421361,21421527,166,CDS
63250,21421106,21421292,186,CDS
63251,21420918,21421054,136,CDS
63252,21420701,21420857,156,CDS
63253,21426786,21426855,69,mobile_element
63254,21427790,21433066,5276,gene
63255,21427790,21428197,407,mRNA
63256,21429191,21429400,209,mRNA
63257,21429873,21430088,215,mRNA
63258,21430150,21432804,2654,mRNA
63259,21432866,21433066,200,mRNA
63260,21428059,21428197,138,CDS
63261,21429191,21429400,209,CDS
63262,21429873,21430088,215,CDS
63263,21430150,21432804,2654,CDS
63264,21432866,21432993,127,CDS
63265,21433422,21438639,5217,gene
63266,21433422,21433701,279,mRNA
63267,21435025,21436009,984,mRNA
63268,21436073,21437491,1418,mRNA
63269,21433422,21433701,279,mRNA
63270,21435025,21435130,105,mRNA
63271,21435193,21436009,816,mRNA
63272,21436073,21437491,1418,mRNA
63273,21433428,21433701,273,mRNA
63274,21435025,21436009,984,mRNA
63275,21436073,21438639,2566,mRNA
63276,21433873,21434047,174,mRNA
63277,21435025,21436009,984,mRNA
63278,21436073,21437491,1418,mRNA
63279,21435220,21436009,789,CDS
63280,21436073,21436647,574,CDS
63281,21435220,21436009,789,CDS
63282,21436073,21436209,136,CDS
63283,21435220,21436009,789,CDS
63284,21436073,21436209,136,CDS
63285,21435220,21436009,789,CDS
63286,21436073,21436209,136,CDS
63287,21438628,21441363,2735,gene
63288,21440513,21441363,850,mRNA
63289,21439789,21440454,665,mRNA
63290,21438628,21439731,1103,mRNA
63291,21440513,21441363,850,mRNA
63292,21439789,21440454,665,mRNA
63293,21438628,21439740,1112,mRNA
63294,21440513,21441169,656,CDS
63295,21439789,21440454,665,CDS
63296,21438919,21439731,812,CDS
63297,21440513,21441169,656,CDS
63298,21439789,21440454,665,CDS
63299,21439732,21439740,8,CDS
63300,21441565,21442116,551,mobile_element
63301,21442227,21444819,2592,gene
63302,21444675,21444819,144,mRNA
63303,21443841,21444100,259,mRNA
63304,21442632,21443736,1104,mRNA
63305,21442227,21442501,274,mRNA
63306,21444675,21444819,144,mRNA
63307,21443841,21444100,259,mRNA
63308,21442632,21443736,1104,mRNA
63309,21442227,21442522,295,mRNA
63310,21444675,21444750,75,CDS
63311,21443841,21444100,259,CDS
63312,21442632,21443736,1104,CDS
63313,21442371,21442501,130,CDS
63314,21444675,21444750,75,CDS
63315,21443841,21444100,259,CDS
63316,21442632,21443736,1104,CDS
63317,21442371,21442522,151,CDS
63318,21445834,21448128,2294,gene
63319,21445834,21446023,189,mRNA
63320,21446161,21446375,214,mRNA
63321,21446443,21446512,69,mRNA
63322,21446863,21447007,144,mRNA
63323,21447081,21447497,416,mRNA
63324,21447556,21448128,572,mRNA
63325,21445834,21446023,189,mRNA
63326,21446198,21446375,177,mRNA
63327,21446443,21446512,69,mRNA
63328,21446863,21447007,144,mRNA
63329,21447081,21447497,416,mRNA
63330,21447556,21448128,572,mRNA
63331,21446255,21446375,120,CDS
63332,21446443,21446512,69,CDS
63333,21446863,21447007,144,CDS
63334,21447081,21447497,416,CDS
63335,21447556,21447651,95,CDS
63336,21446255,21446375,120,CDS
63337,21446443,21446512,69,CDS
63338,21446863,21447007,144,CDS
63339,21447081,21447497,416,CDS
63340,21447556,21447651,95,CDS
63341,21474133,21476479,2346,gene
63342,21474133,21476479,2346,mRNA
63343,21474668,21476194,1526,CDS
63344,21482810,21482906,96,mobile_element
63345,21484279,21484456,177,mobile_element
63346,21484891,21490586,5695,gene
63347,21490480,21490586,106,mRNA
63348,21489092,21490050,958,mRNA
63349,21484891,21484950,59,mRNA
63350,21489092,21490001,909,CDS
63351,21484934,21484950,16,CDS
63352,21485202,21488805,3603,mobile_element
63353,21490480,21490586,106,mRNA
63354,21488850,21490050,1200,mRNA
63355,21488853,21490001,1148,CDS
63356,21491399,21492773,1374,gene
63357,21492577,21492773,196,mRNA
63358,21491399,21492187,788,mRNA
63359,21492577,21492706,129,CDS
63360,21491448,21492187,739,CDS
63361,21493083,21493907,824,gene
63362,21493083,21493196,113,mRNA
63363,21493248,21493355,107,mRNA
63364,21493420,21493907,487,mRNA
63365,21493083,21493196,113,mRNA
63366,21493248,21493355,107,mRNA
63367,21493447,21493907,460,mRNA
63368,21493185,21493196,11,CDS
63369,21493248,21493355,107,CDS
63370,21493420,21493782,362,CDS
63371,21493185,21493196,11,CDS
63372,21493248,21493355,107,CDS
63373,21493447,21493782,335,CDS
63374,21494019,21497494,3475,gene
63375,21497291,21497494,203,mRNA
63376,21496820,21496907,87,mRNA
63377,21496427,21496741,314,mRNA
63378,21495599,21495868,269,mRNA
63379,21494019,21495480,1461,mRNA
63380,21497291,21497494,203,mRNA
63381,21496820,21496907,87,mRNA
63382,21496421,21496741,320,mRNA
63383,21495599,21495868,269,mRNA
63384,21494019,21495480,1461,mRNA
63385,21497143,21497183,40,mRNA
63386,21496820,21496907,87,mRNA
63387,21496421,21496741,320,mRNA
63388,21495599,21495868,269,mRNA
63389,21494019,21495480,1461,mRNA
63390,21496820,21496941,121,mRNA
63391,21496421,21496741,320,mRNA
63392,21495599,21495868,269,mRNA
63393,21494019,21495480,1461,mRNA
63394,21497291,21497494,203,mRNA
63395,21496820,21496877,57,mRNA
63396,21496421,21496741,320,mRNA
63397,21495599,21495868,269,mRNA
63398,21494068,21495480,1412,mRNA
63399,21497291,21497494,203,mRNA
63400,21496820,21496922,102,mRNA
63401,21496421,21496741,320,mRNA
63402,21495599,21495868,269,mRNA
63403,21494068,21495480,1412,mRNA
63404,21496820,21496859,39,CDS
63405,21496427,21496741,314,CDS
63406,21495599,21495868,269,CDS
63407,21494306,21495480,1174,CDS
63408,21496820,21496859,39,CDS
63409,21496421,21496741,320,CDS
63410,21495599,21495868,269,CDS
63411,21494306,21495480,1174,CDS
63412,21496820,21496859,39,CDS
63413,21496421,21496741,320,CDS
63414,21495599,21495868,269,CDS
63415,21494306,21495480,1174,CDS
63416,21496820,21496859,39,CDS
63417,21496421,21496741,320,CDS
63418,21495599,21495868,269,CDS
63419,21494306,21495480,1174,CDS
63420,21496820,21496859,39,CDS
63421,21496421,21496741,320,CDS
63422,21495599,21495868,269,CDS
63423,21494306,21495480,1174,CDS
63424,21496820,21496859,39,CDS
63425,21496421,21496741,320,CDS
63426,21495599,21495868,269,CDS
63427,21494306,21495480,1174,CDS
63428,21496393,21498830,2437,gene
63429,21496393,21497021,628,ncRNA
63430,21498231,21498830,599,ncRNA
63431,21497537,21497594,57,ncRNA
63432,21498231,21498830,599,ncRNA
63433,21497549,21507538,9989,gene
63434,21506428,21507538,1110,mRNA
63435,21505016,21506225,1209,mRNA
63436,21504554,21504939,385,mRNA
63437,21503991,21504359,368,mRNA
63438,21500558,21500927,369,mRNA
63439,21497549,21498492,943,mRNA
63440,21506428,21507538,1110,mRNA
63441,21505016,21506225,1209,mRNA
63442,21504542,21504939,397,mRNA
63443,21503991,21504359,368,mRNA
63444,21500558,21500927,369,mRNA
63445,21497549,21498492,943,mRNA
63446,21506428,21507126,698,CDS
63447,21505016,21506225,1209,CDS
63448,21504554,21504939,385,CDS
63449,21503991,21504359,368,CDS
63450,21500558,21500927,369,CDS
63451,21498215,21498492,277,CDS
63452,21506428,21507126,698,CDS
63453,21505016,21506225,1209,CDS
63454,21504542,21504939,397,CDS
63455,21503991,21504359,368,CDS
63456,21500558,21500927,369,CDS
63457,21498215,21498492,277,CDS
63458,21498892,21501246,2354,mobile_element
63459,21501046,21501160,114,mobile_element
63460,21501421,21503959,2538,gene
63461,21501421,21501722,301,mRNA
63462,21502166,21502309,143,mRNA
63463,21502464,21503115,651,mRNA
63464,21503173,21503363,190,mRNA
63465,21503422,21503959,537,mRNA
63466,21501465,21501722,257,CDS
63467,21502166,21502309,143,CDS
63468,21502464,21503115,651,CDS
63469,21503173,21503363,190,CDS
63470,21503422,21503856,434,CDS
63471,21507852,21512749,4897,gene
63472,21507852,21508267,415,mRNA
63473,21508750,21508945,195,mRNA
63474,21510068,21510280,212,mRNA
63475,21511091,21511250,159,mRNA
63476,21511309,21511613,304,mRNA
63477,21511670,21512749,1079,mRNA
63478,21507852,21508267,415,mRNA
63479,21508750,21508945,195,mRNA
63480,21511091,21511250,159,mRNA
63481,21511309,21511613,304,mRNA
63482,21511670,21512749,1079,mRNA
63483,21507852,21508267,415,mRNA
63484,21510068,21510280,212,mRNA
63485,21511091,21511250,159,mRNA
63486,21511309,21511613,304,mRNA
63487,21511670,21512749,1079,mRNA
63488,21507852,21508267,415,mRNA
63489,21511091,21511250,159,mRNA
63490,21511309,21512749,1440,mRNA
63491,21507852,21508267,415,mRNA
63492,21511091,21511250,159,mRNA
63493,21511309,21511613,304,mRNA
63494,21511670,21512749,1079,mRNA
63495,21508264,21508267,3,CDS
63496,21510068,21510280,212,CDS
63497,21511091,21511250,159,CDS
63498,21511309,21511613,304,CDS
63499,21511670,21511947,277,CDS
63500,21508264,21508267,3,CDS
63501,21511091,21511250,159,CDS
63502,21511309,21511613,304,CDS
63503,21511670,21511947,277,CDS
63504,21508264,21508267,3,CDS
63505,21511091,21511250,159,CDS
63506,21511309,21511708,399,CDS
63507,21508795,21508945,150,CDS
63508,21510068,21510280,212,CDS
63509,21511091,21511250,159,CDS
63510,21511309,21511613,304,CDS
63511,21511670,21511947,277,CDS
63512,21508795,21508945,150,CDS
63513,21511091,21511250,159,CDS
63514,21511309,21511613,304,CDS
63515,21511670,21511947,277,CDS
63516,21509881,21510280,399,mRNA
63517,21511091,21511250,159,mRNA
63518,21511309,21511613,304,mRNA
63519,21511670,21512749,1079,mRNA
63520,21510079,21510280,201,CDS
63521,21511091,21511250,159,CDS
63522,21511309,21511613,304,CDS
63523,21511670,21511947,277,CDS
63524,21512141,21515887,3746,gene
63525,21515716,21515887,171,mRNA
63526,21515561,21515656,95,mRNA
63527,21514739,21515507,768,mRNA
63528,21514220,21514673,453,mRNA
63529,21513643,21514159,516,mRNA
63530,21513436,21513585,149,mRNA
63531,21512141,21513353,1212,mRNA
63532,21515716,21515751,35,CDS
63533,21515561,21515656,95,CDS
63534,21514739,21515507,768,CDS
63535,21514220,21514673,453,CDS
63536,21513643,21514159,516,CDS
63537,21513436,21513585,149,CDS
63538,21513066,21513353,287,CDS
63539,21516306,21522684,6378,gene
63540,21516306,21516654,348,mRNA
63541,21517250,21517790,540,mRNA
63542,21517846,21518699,853,mRNA
63543,21518758,21518917,159,mRNA
63544,21519111,21520338,1227,mRNA
63545,21520402,21520790,388,mRNA
63546,21521082,21521555,473,mRNA
63547,21521622,21522156,534,mRNA
63548,21517187,21517790,603,mRNA
63549,21517846,21518699,853,mRNA
63550,21518758,21518917,159,mRNA
63551,21519111,21520338,1227,mRNA
63552,21520402,21520790,388,mRNA
63553,21521082,21521555,473,mRNA
63554,21521622,21522684,1062,mRNA
63555,21517187,21517790,603,mRNA
63556,21517846,21518699,853,mRNA
63557,21518758,21518917,159,mRNA
63558,21519111,21520338,1227,mRNA
63559,21520402,21520790,388,mRNA
63560,21521082,21521555,473,mRNA
63561,21521622,21522156,534,mRNA
63562,21517582,21517790,208,CDS
63563,21517846,21518699,853,CDS
63564,21518758,21518917,159,CDS
63565,21519111,21520338,1227,CDS
63566,21520402,21520790,388,CDS
63567,21521082,21521555,473,CDS
63568,21521622,21521781,159,CDS
63569,21517582,21517790,208,CDS
63570,21517846,21518699,853,CDS
63571,21518758,21518917,159,CDS
63572,21519111,21520338,1227,CDS
63573,21520402,21520790,388,CDS
63574,21521082,21521555,473,CDS
63575,21521622,21521781,159,CDS
63576,21517582,21517790,208,CDS
63577,21517846,21518699,853,CDS
63578,21518758,21518917,159,CDS
63579,21519111,21520338,1227,CDS
63580,21520402,21520790,388,CDS
63581,21521082,21521555,473,CDS
63582,21521622,21521781,159,CDS
63583,21523186,21528163,4977,gene
63584,21523186,21525716,2530,mRNA
63585,21525984,21526936,952,mRNA
63586,21527184,21528163,979,mRNA
63587,21523186,21524067,881,mRNA
63588,21524722,21525716,994,mRNA
63589,21525984,21526936,952,mRNA
63590,21527184,21528163,979,mRNA
63591,21523186,21523627,441,mRNA
63592,21524722,21525716,994,mRNA
63593,21525984,21526936,952,mRNA
63594,21527184,21528163,979,mRNA
63595,21523186,21523605,419,mRNA
63596,21524722,21525716,994,mRNA
63597,21525984,21526936,952,mRNA
63598,21527184,21528163,979,mRNA
63599,21523186,21523400,214,mRNA
63600,21524722,21525716,994,mRNA
63601,21525984,21526936,952,mRNA
63602,21527184,21528163,979,mRNA
63603,21523186,21523298,112,mRNA
63604,21524693,21525716,1023,mRNA
63605,21525984,21526936,952,mRNA
63606,21527184,21528163,979,mRNA
63607,21523186,21523298,112,mRNA
63608,21524722,21525716,994,mRNA
63609,21525984,21526936,952,mRNA
63610,21527184,21528163,979,mRNA
63611,21523186,21523229,43,mRNA
63612,21524693,21525716,1023,mRNA
63613,21525984,21526936,952,mRNA
63614,21527184,21528163,979,mRNA
63615,21523186,21523229,43,mRNA
63616,21524722,21525716,994,mRNA
63617,21525984,21526936,952,mRNA
63618,21527184,21528163,979,mRNA
63619,21525258,21525716,458,CDS
63620,21525984,21526936,952,CDS
63621,21527184,21527664,480,CDS
63622,21525258,21525716,458,CDS
63623,21525984,21526936,952,CDS
63624,21527184,21527664,480,CDS
63625,21525258,21525716,458,CDS
63626,21525984,21526936,952,CDS
63627,21527184,21527664,480,CDS
63628,21525258,21525716,458,CDS
63629,21525984,21526936,952,CDS
63630,21527184,21527664,480,CDS
63631,21525258,21525716,458,CDS
63632,21525984,21526936,952,CDS
63633,21527184,21527664,480,CDS
63634,21525258,21525716,458,CDS
63635,21525984,21526936,952,CDS
63636,21527184,21527664,480,CDS
63637,21525258,21525716,458,CDS
63638,21525984,21526936,952,CDS
63639,21527184,21527664,480,CDS
63640,21525258,21525716,458,CDS
63641,21525984,21526936,952,CDS
63642,21527184,21527664,480,CDS
63643,21525258,21525716,458,CDS
63644,21525984,21526936,952,CDS
63645,21527184,21527664,480,CDS
63646,21528218,21529333,1115,gene
63647,21529146,21529333,187,mRNA
63648,21528966,21529085,119,mRNA
63649,21528770,21528908,138,mRNA
63650,21528218,21528704,486,mRNA
63651,21529146,21529333,187,mRNA
63652,21528958,21529085,127,mRNA
63653,21528770,21528896,126,mRNA
63654,21528218,21528704,486,mRNA
63655,21529146,21529333,187,mRNA
63656,21528958,21529085,127,mRNA
63657,21528770,21528908,138,mRNA
63658,21528218,21528704,486,mRNA
63659,21529146,21529241,95,CDS
63660,21528966,21529085,119,CDS
63661,21528770,21528908,138,CDS
63662,21528343,21528704,361,CDS
63663,21528546,21529115,569,gene
63664,21528546,21528729,183,ncRNA
63665,21528786,21529115,329,ncRNA
63666,21529146,21529241,95,CDS
63667,21528958,21529085,127,CDS
63668,21528770,21528896,126,CDS
63669,21528690,21528704,14,CDS
63670,21529146,21529241,95,CDS
63671,21528958,21529085,127,CDS
63672,21528770,21528908,138,CDS
63673,21528690,21528704,14,CDS
63674,21529959,21533713,3754,gene
63675,21533567,21533713,146,mRNA
63676,21532339,21533186,847,mRNA
63677,21531758,21532031,273,mRNA
63678,21529959,21531573,1614,mRNA
63679,21533641,21533713,72,mRNA
63680,21532339,21533186,847,mRNA
63681,21531758,21532031,273,mRNA
63682,21530606,21531573,967,mRNA
63683,21533567,21533713,146,mRNA
63684,21532339,21533178,839,mRNA
63685,21531758,21532031,273,mRNA
63686,21530606,21531573,967,mRNA
63687,21532339,21533120,781,CDS
63688,21531758,21532031,273,CDS
63689,21531469,21531573,104,CDS
63690,21532339,21533120,781,CDS
63691,21531758,21532031,273,CDS
63692,21531469,21531573,104,CDS
63693,21532339,21533120,781,CDS
63694,21531758,21532031,273,CDS
63695,21531469,21531573,104,CDS
63696,21534660,21536861,2201,gene
63697,21534660,21534813,153,mRNA
63698,21534877,21534976,99,mRNA
63699,21535030,21535290,260,mRNA
63700,21535343,21535553,210,mRNA
63701,21535612,21536197,585,mRNA
63702,21536749,21536861,112,mRNA
63703,21534660,21534813,153,CDS
63704,21534877,21534976,99,CDS
63705,21535030,21535290,260,CDS
63706,21535343,21535553,210,CDS
63707,21535612,21536197,585,CDS
63708,21536749,21536861,112,CDS
63709,21534660,21534813,153,mRNA
63710,21534877,21534976,99,mRNA
63711,21535030,21535290,260,mRNA
63712,21535343,21535553,210,mRNA
63713,21535612,21536092,480,mRNA
63714,21536154,21536267,113,mRNA
63715,21534660,21534813,153,CDS
63716,21534877,21534976,99,CDS
63717,21535030,21535290,260,CDS
63718,21535343,21535553,210,CDS
63719,21535612,21536092,480,CDS
63720,21536154,21536164,10,CDS
63721,21537000,21538582,1582,gene
63722,21537000,21537138,138,mRNA
63723,21537240,21537380,140,mRNA
63724,21537441,21538582,1141,mRNA
63725,21537066,21537138,72,mRNA
63726,21537240,21537380,140,mRNA
63727,21537441,21538582,1141,mRNA
63728,21537113,21537138,25,CDS
63729,21537240,21537380,140,CDS
63730,21537441,21538464,1023,CDS
63731,21537113,21537138,25,CDS
63732,21537240,21537380,140,CDS
63733,21537441,21538464,1023,CDS
63734,21538859,21539447,588,gene
63735,21539244,21539447,203,mRNA
63736,21538859,21539167,308,mRNA
63737,21539244,21539447,203,mRNA
63738,21538966,21539167,201,mRNA
63739,21539244,21539354,110,CDS
63740,21539072,21539167,95,CDS
63741,21539244,21539354,110,CDS
63742,21539072,21539167,95,CDS
63743,21539862,21541215,1353,gene
63744,21539862,21540082,220,mRNA
63745,21540153,21540200,47,mRNA
63746,21540269,21541215,946,mRNA
63747,21539862,21540082,220,mRNA
63748,21540153,21540200,47,mRNA
63749,21540269,21540698,429,mRNA
63750,21539988,21540082,94,CDS
63751,21540153,21540200,47,CDS
63752,21540269,21540395,126,CDS
63753,21539988,21540082,94,CDS
63754,21540153,21540200,47,CDS
63755,21540269,21540395,126,CDS
63756,21542359,21543012,653,gene
63757,21542359,21543012,653,mRNA
63758,21542429,21542944,515,CDS
63759,21543850,21554928,11078,gene
63760,21554554,21554928,374,mRNA
63761,21554025,21554180,155,mRNA
63762,21552204,21553593,1389,mRNA
63763,21551800,21551972,172,mRNA
63764,21548909,21551738,2829,mRNA
63765,21548721,21548852,131,mRNA
63766,21548083,21548145,62,mRNA
63767,21546555,21547388,833,mRNA
63768,21545878,21546297,419,mRNA
63769,21544744,21545803,1059,mRNA
63770,21544559,21544623,64,mRNA
63771,21544326,21544497,171,mRNA
63772,21543850,21544268,418,mRNA
63773,21554381,21554928,547,mRNA
63774,21554025,21554180,155,mRNA
63775,21552204,21553593,1389,mRNA
63776,21551800,21551972,172,mRNA
63777,21548909,21551738,2829,mRNA
63778,21548721,21548852,131,mRNA
63779,21546555,21547388,833,mRNA
63780,21545878,21546297,419,mRNA
63781,21544744,21545803,1059,mRNA
63782,21544559,21544623,64,mRNA
63783,21544326,21544497,171,mRNA
63784,21543850,21544268,418,mRNA
63785,21554554,21554928,374,mRNA
63786,21554025,21554180,155,mRNA
63787,21552204,21553593,1389,mRNA
63788,21551800,21551972,172,mRNA
63789,21548909,21551738,2829,mRNA
63790,21548721,21548852,131,mRNA
63791,21546555,21547388,833,mRNA
63792,21545878,21546297,419,mRNA
63793,21544744,21545803,1059,mRNA
63794,21544559,21544623,64,mRNA
63795,21544326,21544497,171,mRNA
63796,21543960,21544268,308,mRNA
63797,21554554,21554928,374,mRNA
63798,21554025,21554180,155,mRNA
63799,21552204,21553593,1389,mRNA
63800,21551800,21551972,172,mRNA
63801,21548909,21551738,2829,mRNA
63802,21548721,21548852,131,mRNA
63803,21546555,21547388,833,mRNA
63804,21545878,21546297,419,mRNA
63805,21544744,21545803,1059,mRNA
63806,21544559,21544623,64,mRNA
63807,21544326,21544497,171,mRNA
63808,21543960,21544268,308,mRNA
63809,21554025,21554143,118,CDS
63810,21552204,21553593,1389,CDS
63811,21551800,21551972,172,CDS
63812,21548909,21551738,2829,CDS
63813,21548721,21548852,131,CDS
63814,21546555,21547388,833,CDS
63815,21545878,21546297,419,CDS
63816,21544744,21545803,1059,CDS
63817,21544559,21544623,64,CDS
63818,21544326,21544497,171,CDS
63819,21544138,21544268,130,CDS
63820,21554025,21554143,118,CDS
63821,21552204,21553593,1389,CDS
63822,21551800,21551972,172,CDS
63823,21548909,21551738,2829,CDS
63824,21548721,21548852,131,CDS
63825,21546555,21547388,833,CDS
63826,21545878,21546297,419,CDS
63827,21544744,21545803,1059,CDS
63828,21544559,21544623,64,CDS
63829,21544326,21544497,171,CDS
63830,21544138,21544268,130,CDS
63831,21554025,21554143,118,CDS
63832,21552204,21553593,1389,CDS
63833,21551800,21551972,172,CDS
63834,21548909,21551738,2829,CDS
63835,21548721,21548852,131,CDS
63836,21548083,21548145,62,CDS
63837,21546555,21547388,833,CDS
63838,21545878,21546297,419,CDS
63839,21544744,21545803,1059,CDS
63840,21544559,21544623,64,CDS
63841,21544326,21544497,171,CDS
63842,21544138,21544268,130,CDS
63843,21552204,21553118,914,CDS
63844,21551800,21551972,172,CDS
63845,21548909,21551738,2829,CDS
63846,21548721,21548852,131,CDS
63847,21546555,21547388,833,CDS
63848,21545878,21546297,419,CDS
63849,21544744,21545803,1059,CDS
63850,21544559,21544623,64,CDS
63851,21544326,21544497,171,CDS
63852,21544138,21544268,130,CDS
63853,21555373,21558226,2853,gene
63854,21556291,21558226,1935,mRNA
63855,21555752,21555941,189,mRNA
63856,21555373,21555685,312,mRNA
63857,21556291,21557760,1469,CDS
63858,21555752,21555941,189,CDS
63859,21555651,21555685,34,CDS
63860,21558974,21562181,3207,gene
63861,21561791,21562181,390,mRNA
63862,21561356,21561506,150,mRNA
63863,21561201,21561291,90,mRNA
63864,21560942,21561141,199,mRNA
63865,21560529,21560702,173,mRNA
63866,21560398,21560472,74,mRNA
63867,21560190,21560334,144,mRNA
63868,21559976,21560135,159,mRNA
63869,21559795,21559896,101,mRNA
63870,21558974,21559306,332,mRNA
63871,21561791,21562181,390,mRNA
63872,21561356,21561506,150,mRNA
63873,21561201,21561291,90,mRNA
63874,21560942,21561141,199,mRNA
63875,21560529,21560702,173,mRNA
63876,21560398,21560472,74,mRNA
63877,21560190,21560339,149,mRNA
63878,21559976,21560135,159,mRNA
63879,21559795,21559896,101,mRNA
63880,21558974,21559306,332,mRNA
63881,21561791,21562000,209,CDS
63882,21561356,21561506,150,CDS
63883,21561201,21561291,90,CDS
63884,21560942,21561141,199,CDS
63885,21560529,21560702,173,CDS
63886,21560398,21560472,74,CDS
63887,21560190,21560334,144,CDS
63888,21559976,21560135,159,CDS
63889,21559795,21559896,101,CDS
63890,21559181,21559306,125,CDS
63891,21561791,21562000,209,CDS
63892,21561356,21561506,150,CDS
63893,21561201,21561291,90,CDS
63894,21560942,21561141,199,CDS
63895,21560529,21560702,173,CDS
63896,21560398,21560472,74,CDS
63897,21560335,21560339,4,CDS
63898,21562387,21562534,147,mobile_element
63899,21565426,21567785,2359,gene
63900,21565426,21565808,382,mRNA
63901,21565867,21566030,163,mRNA
63902,21566088,21566267,179,mRNA
63903,21566326,21566441,115,mRNA
63904,21566506,21566599,93,mRNA
63905,21566662,21566838,176,mRNA
63906,21566894,21567183,289,mRNA
63907,21567234,21567379,145,mRNA
63908,21567444,21567785,341,mRNA
63909,21565520,21565808,288,CDS
63910,21565867,21566030,163,CDS
63911,21566088,21566267,179,CDS
63912,21566326,21566441,115,CDS
63913,21566506,21566599,93,CDS
63914,21566662,21566838,176,CDS
63915,21566894,21567183,289,CDS
63916,21567234,21567379,145,CDS
63917,21567444,21567727,283,CDS
63918,21567875,21567903,28,mobile_element
63919,21568059,21568898,839,gene
63920,21568059,21568898,839,mRNA
63921,21568135,21568833,698,CDS
63922,21569176,21573523,4347,gene
63923,21569176,21569452,276,mRNA
63924,21569521,21569893,372,mRNA
63925,21569957,21570135,178,mRNA
63926,21570257,21570503,246,mRNA
63927,21570720,21571007,287,mRNA
63928,21571062,21571163,101,mRNA
63929,21571222,21571430,208,mRNA
63930,21571490,21571653,163,mRNA
63931,21571732,21572061,329,mRNA
63932,21572117,21572334,217,mRNA
63933,21572391,21572615,224,mRNA
63934,21572686,21572910,224,mRNA
63935,21572976,21573133,157,mRNA
63936,21573190,21573307,117,mRNA
63937,21573368,21573523,155,mRNA
63938,21569252,21569452,200,mRNA
63939,21569521,21569893,372,mRNA
63940,21569957,21570135,178,mRNA
63941,21570257,21570503,246,mRNA
63942,21570556,21570654,98,mRNA
63943,21570720,21571007,287,mRNA
63944,21571062,21571163,101,mRNA
63945,21571222,21571430,208,mRNA
63946,21571490,21571653,163,mRNA
63947,21571732,21572061,329,mRNA
63948,21572117,21572334,217,mRNA
63949,21572391,21572615,224,mRNA
63950,21572686,21572910,224,mRNA
63951,21572976,21573133,157,mRNA
63952,21573190,21573307,117,mRNA
63953,21573368,21573523,155,mRNA
63954,21569252,21569452,200,mRNA
63955,21569521,21569893,372,mRNA
63956,21569957,21570135,178,mRNA
63957,21570257,21570503,246,mRNA
63958,21570556,21570654,98,mRNA
63959,21570720,21571007,287,mRNA
63960,21571062,21571163,101,mRNA
63961,21571222,21571430,208,mRNA
63962,21571490,21571653,163,mRNA
63963,21571732,21572061,329,mRNA
63964,21572117,21572334,217,mRNA
63965,21572391,21572615,224,mRNA
63966,21572686,21572910,224,mRNA
63967,21573003,21573133,130,mRNA
63968,21573190,21573307,117,mRNA
63969,21573368,21573523,155,mRNA
63970,21569252,21569452,200,mRNA
63971,21569521,21569893,372,mRNA
63972,21569957,21570135,178,mRNA
63973,21570257,21570503,246,mRNA
63974,21570720,21571007,287,mRNA
63975,21571062,21571163,101,mRNA
63976,21571222,21571430,208,mRNA
63977,21571490,21571653,163,mRNA
63978,21571732,21572061,329,mRNA
63979,21572117,21572334,217,mRNA
63980,21572391,21572615,224,mRNA
63981,21572686,21572910,224,mRNA
63982,21573003,21573133,130,mRNA
63983,21573190,21573307,117,mRNA
63984,21573368,21573523,155,mRNA
63985,21569379,21569452,73,CDS
63986,21569521,21569893,372,CDS
63987,21569957,21570135,178,CDS
63988,21570257,21570503,246,CDS
63989,21570556,21570654,98,CDS
63990,21570720,21571007,287,CDS
63991,21571062,21571163,101,CDS
63992,21571222,21571430,208,CDS
63993,21571490,21571653,163,CDS
63994,21571732,21572061,329,CDS
63995,21572117,21572334,217,CDS
63996,21572391,21572615,224,CDS
63997,21572686,21572910,224,CDS
63998,21572976,21573133,157,CDS
63999,21573190,21573307,117,CDS
64000,21573368,21573463,95,CDS
64001,21569379,21569452,73,CDS
64002,21569521,21569893,372,CDS
64003,21569957,21570135,178,CDS
64004,21570257,21570503,246,CDS
64005,21570556,21570654,98,CDS
64006,21570720,21571007,287,CDS
64007,21571062,21571163,101,CDS
64008,21571222,21571430,208,CDS
64009,21571490,21571653,163,CDS
64010,21571732,21572061,329,CDS
64011,21572117,21572334,217,CDS
64012,21572391,21572615,224,CDS
64013,21572686,21572910,224,CDS
64014,21573003,21573133,130,CDS
64015,21573190,21573307,117,CDS
64016,21573368,21573463,95,CDS
64017,21569379,21569452,73,CDS
64018,21569521,21569893,372,CDS
64019,21569957,21570135,178,CDS
64020,21570257,21570503,246,CDS
64021,21570720,21571007,287,CDS
64022,21571062,21571163,101,CDS
64023,21571222,21571430,208,CDS
64024,21571490,21571653,163,CDS
64025,21571732,21572061,329,CDS
64026,21572117,21572334,217,CDS
64027,21572391,21572615,224,CDS
64028,21572686,21572910,224,CDS
64029,21572976,21573133,157,CDS
64030,21573190,21573307,117,CDS
64031,21573368,21573463,95,CDS
64032,21569379,21569452,73,CDS
64033,21569521,21569893,372,CDS
64034,21569957,21570135,178,CDS
64035,21570257,21570503,246,CDS
64036,21570720,21571007,287,CDS
64037,21571062,21571163,101,CDS
64038,21571222,21571430,208,CDS
64039,21571490,21571653,163,CDS
64040,21571732,21572061,329,CDS
64041,21572117,21572334,217,CDS
64042,21572391,21572615,224,CDS
64043,21572686,21572910,224,CDS
64044,21573003,21573133,130,CDS
64045,21573190,21573307,117,CDS
64046,21573368,21573463,95,CDS
64047,21574014,21574121,107,gene
64048,21574014,21574121,107,precursor_RNA
64049,21574032,21574053,21,ncRNA
64050,21574086,21574107,21,ncRNA
64051,21574131,21575874,1743,gene
64052,21574131,21574275,144,mRNA
64053,21574744,21574911,167,mRNA
64054,21575227,21575610,383,mRNA
64055,21575670,21575874,204,mRNA
64056,21574255,21574275,20,CDS
64057,21574744,21574911,167,CDS
64058,21575227,21575610,383,CDS
64059,21575670,21575741,71,CDS
64060,21574557,21574686,129,mRNA
64061,21574744,21574911,167,mRNA
64062,21575227,21575610,383,mRNA
64063,21575670,21575874,204,mRNA
64064,21574627,21574686,59,CDS
64065,21574744,21574911,167,CDS
64066,21575227,21575610,383,CDS
64067,21575670,21575741,71,CDS
64068,21576033,21577219,1186,gene
64069,21577146,21577219,73,ncRNA
64070,21576389,21576763,374,ncRNA
64071,21576033,21576334,301,ncRNA
64072,21576460,21576661,201,gene
64073,21576460,21576661,201,ncRNA
64074,21586828,21613349,26521,gene
64075,21586828,21586896,68,mRNA
64076,21609419,21609649,230,mRNA
64077,21609701,21609886,185,mRNA
64078,21611143,21611350,207,mRNA
64079,21611995,21612184,189,mRNA
64080,21612245,21612509,264,mRNA
64081,21612613,21612780,167,mRNA
64082,21612844,21613349,505,mRNA
64083,21586828,21586896,68,mRNA
64084,21609419,21609649,230,mRNA
64085,21609719,21609886,167,mRNA
64086,21611143,21611350,207,mRNA
64087,21611995,21612184,189,mRNA
64088,21612245,21612509,264,mRNA
64089,21612613,21612780,167,mRNA
64090,21612844,21613349,505,mRNA
64091,21586858,21586896,38,CDS
64092,21609419,21609649,230,CDS
64093,21609701,21609886,185,CDS
64094,21611143,21611350,207,CDS
64095,21611995,21612184,189,CDS
64096,21612245,21612509,264,CDS
64097,21612613,21612780,167,CDS
64098,21612844,21612954,110,CDS
64099,21586858,21586896,38,CDS
64100,21609419,21609649,230,CDS
64101,21609719,21609886,167,CDS
64102,21611143,21611350,207,CDS
64103,21611995,21612184,189,CDS
64104,21612245,21612509,264,CDS
64105,21612613,21612780,167,CDS
64106,21612844,21612954,110,CDS
64107,21594597,21595460,863,gene
64108,21594597,21595460,863,ncRNA
64109,21598856,21599338,482,mRNA
64110,21609419,21609649,230,mRNA
64111,21609701,21609886,185,mRNA
64112,21611143,21611350,207,mRNA
64113,21611995,21612184,189,mRNA
64114,21612245,21612509,264,mRNA
64115,21612613,21612780,167,mRNA
64116,21612844,21613349,505,mRNA
64117,21598856,21599338,482,mRNA
64118,21609419,21609649,230,mRNA
64119,21609719,21609886,167,mRNA
64120,21611143,21611350,207,mRNA
64121,21611995,21612184,189,mRNA
64122,21612245,21612509,264,mRNA
64123,21612613,21612780,167,mRNA
64124,21612844,21613349,505,mRNA
64125,21599282,21599338,56,CDS
64126,21609419,21609649,230,CDS
64127,21609701,21609886,185,CDS
64128,21611143,21611350,207,CDS
64129,21611995,21612184,189,CDS
64130,21612245,21612509,264,CDS
64131,21612613,21612780,167,CDS
64132,21612844,21612954,110,CDS
64133,21599282,21599338,56,CDS
64134,21609419,21609649,230,CDS
64135,21609719,21609886,167,CDS
64136,21611143,21611350,207,CDS
64137,21611995,21612184,189,CDS
64138,21612245,21612509,264,CDS
64139,21612613,21612780,167,CDS
64140,21612844,21612954,110,CDS
64141,21608123,21608380,257,mRNA
64142,21609419,21609649,230,mRNA
64143,21609701,21609886,185,mRNA
64144,21611143,21611350,207,mRNA
64145,21611995,21612184,189,mRNA
64146,21612245,21612509,264,mRNA
64147,21612613,21612780,167,mRNA
64148,21612844,21613349,505,mRNA
64149,21608123,21608380,257,mRNA
64150,21609419,21609649,230,mRNA
64151,21609719,21609886,167,mRNA
64152,21611143,21611350,207,mRNA
64153,21611995,21612184,189,mRNA
64154,21612245,21612509,264,mRNA
64155,21612613,21612780,167,mRNA
64156,21612844,21613349,505,mRNA
64157,21608336,21608380,44,CDS
64158,21609419,21609649,230,CDS
64159,21609701,21609886,185,CDS
64160,21611143,21611350,207,CDS
64161,21611995,21612184,189,CDS
64162,21612245,21612509,264,CDS
64163,21612613,21612780,167,CDS
64164,21612844,21612954,110,CDS
64165,21608336,21608380,44,CDS
64166,21609419,21609649,230,CDS
64167,21609719,21609886,167,CDS
64168,21611143,21611350,207,CDS
64169,21611995,21612184,189,CDS
64170,21612245,21612509,264,CDS
64171,21612613,21612780,167,CDS
64172,21612844,21612954,110,CDS
64173,21613797,21617376,3579,gene
64174,21617149,21617376,227,mRNA
64175,21616431,21616970,539,mRNA
64176,21615520,21616372,852,mRNA
64177,21614680,21615419,739,mRNA
64178,21614065,21614623,558,mRNA
64179,21613797,21614012,215,mRNA
64180,21617149,21617307,158,CDS
64181,21616431,21616970,539,CDS
64182,21615520,21616372,852,CDS
64183,21614680,21615419,739,CDS
64184,21614065,21614623,558,CDS
64185,21613825,21614012,187,CDS
64186,21617623,21619873,2250,gene
64187,21617623,21617690,67,mRNA
64188,21618354,21618627,273,mRNA
64189,21618688,21618975,287,mRNA
64190,21619036,21619163,127,mRNA
64191,21619225,21619617,392,mRNA
64192,21619674,21619873,199,mRNA
64193,21617671,21617882,211,mRNA
64194,21618354,21618627,273,mRNA
64195,21618688,21618975,287,mRNA
64196,21619036,21619163,127,mRNA
64197,21619225,21619617,392,mRNA
64198,21619674,21619873,199,mRNA
64199,21618368,21618627,259,CDS
64200,21618688,21618975,287,CDS
64201,21619036,21619163,127,CDS
64202,21619225,21619617,392,CDS
64203,21619674,21619819,145,CDS
64204,21618368,21618627,259,CDS
64205,21618688,21618975,287,CDS
64206,21619036,21619163,127,CDS
64207,21619225,21619617,392,CDS
64208,21619674,21619819,145,CDS
64209,21620000,21625647,5647,gene
64210,21625471,21625647,176,mRNA
64211,21623691,21623757,66,mRNA
64212,21623222,21623548,326,mRNA
64213,21622891,21623160,269,mRNA
64214,21622725,21622822,97,mRNA
64215,21622346,21622648,302,mRNA
64216,21622114,21622284,170,mRNA
64217,21620000,21622052,2052,mRNA
64218,21625471,21625647,176,mRNA
64219,21623691,21623757,66,mRNA
64220,21623222,21623548,326,mRNA
64221,21622891,21623160,269,mRNA
64222,21622725,21622822,97,mRNA
64223,21622346,21622648,302,mRNA
64224,21622114,21622284,170,mRNA
64225,21621393,21622052,659,mRNA
64226,21625471,21625473,2,CDS
64227,21623691,21623757,66,CDS
64228,21623222,21623548,326,CDS
64229,21622891,21623160,269,CDS
64230,21622725,21622822,97,CDS
64231,21622346,21622648,302,CDS
64232,21622114,21622284,170,CDS
64233,21621888,21622052,164,CDS
64234,21625471,21625473,2,CDS
64235,21623691,21623757,66,CDS
64236,21623222,21623548,326,CDS
64237,21622891,21623160,269,CDS
64238,21622725,21622822,97,CDS
64239,21622346,21622648,302,CDS
64240,21622114,21622284,170,CDS
64241,21621888,21622052,164,CDS
64242,21625806,21628571,2765,gene
64243,21625806,21625963,157,mRNA
64244,21626248,21626378,130,mRNA
64245,21626432,21626624,192,mRNA
64246,21626942,21627400,458,mRNA
64247,21627462,21628135,673,mRNA
64248,21628193,21628571,378,mRNA
64249,21626266,21626378,112,mRNA
64250,21626432,21626624,192,mRNA
64251,21626942,21627400,458,mRNA
64252,21627462,21628135,673,mRNA
64253,21628193,21628316,123,mRNA
64254,21626359,21626378,19,CDS
64255,21626432,21626624,192,CDS
64256,21626942,21627400,458,CDS
64257,21627462,21628135,673,CDS
64258,21628193,21628274,81,CDS
64259,21626359,21626378,19,CDS
64260,21626432,21626624,192,CDS
64261,21626942,21627400,458,CDS
64262,21627462,21628135,673,CDS
64263,21628193,21628274,81,CDS
64264,21628325,21634446,6121,gene
64265,21634262,21634446,184,mRNA
64266,21632916,21634196,1280,mRNA
64267,21630933,21632839,1906,mRNA
64268,21628325,21629908,1583,mRNA
64269,21634262,21634446,184,mRNA
64270,21632916,21634196,1280,mRNA
64271,21630933,21632839,1906,mRNA
64272,21628325,21629913,1588,mRNA
64273,21634262,21634295,33,CDS
64274,21632916,21634196,1280,CDS
64275,21630933,21632839,1906,CDS
64276,21628708,21629913,1205,CDS
64277,21634262,21634295,33,CDS
64278,21632916,21634196,1280,CDS
64279,21630933,21632839,1906,CDS
64280,21629705,21629908,203,CDS
64281,21634262,21634446,184,mRNA
64282,21632916,21634196,1280,mRNA
64283,21630121,21632839,2718,mRNA
64284,21634262,21634295,33,CDS
64285,21632916,21634196,1280,CDS
64286,21630912,21632839,1927,CDS
64287,21635305,21636251,946,gene
64288,21635305,21635561,256,mRNA
64289,21635618,21635769,151,mRNA
64290,21635987,21636251,264,mRNA
64291,21635385,21635561,176,CDS
64292,21635618,21635769,151,CDS
64293,21635987,21636122,135,CDS
64294,21636643,21637314,671,gene
64295,21636643,21637314,671,ncRNA
64296,21636947,21639060,2113,gene
64297,21636947,21637312,365,mRNA
64298,21638147,21639060,913,mRNA
64299,21636986,21637312,326,CDS
64300,21638147,21638932,785,CDS
64301,21637647,21637915,268,mobile_element
64302,21639359,21640710,1351,gene
64303,21639359,21640710,1351,mRNA
64304,21639476,21640579,1103,CDS
64305,21640995,21642599,1604,gene
64306,21640995,21641195,200,mRNA
64307,21641287,21641362,75,mRNA
64308,21641974,21642599,625,mRNA
64309,21640995,21641195,200,mRNA
64310,21641287,21641362,75,mRNA
64311,21641974,21642599,625,mRNA
64312,21641190,21641195,5,CDS
64313,21641287,21641362,75,CDS
64314,21641974,21642161,187,CDS
64315,21641190,21641195,5,CDS
64316,21641287,21641362,75,CDS
64317,21641974,21642107,133,CDS
64318,21642654,21644202,1548,gene
64319,21642654,21644202,1548,ncRNA
64320,21644958,21666306,21348,gene
64321,21644958,21645587,629,mRNA
64322,21652182,21652389,207,mRNA
64323,21661220,21662770,1550,mRNA
64324,21662943,21663549,606,mRNA
64325,21663698,21664466,768,mRNA
64326,21664913,21665276,363,mRNA
64327,21665388,21665715,327,mRNA
64328,21665778,21666306,528,mRNA
64329,21646923,21646959,36,mobile_element
64330,21652271,21652389,118,CDS
64331,21661220,21662770,1550,CDS
64332,21662943,21663549,606,CDS
64333,21663698,21664466,768,CDS
64334,21664913,21665276,363,CDS
64335,21665388,21665715,327,CDS
64336,21665778,21666020,242,CDS
64337,21658222,21659162,940,mRNA
64338,21661220,21662770,1550,mRNA
64339,21662943,21663549,606,mRNA
64340,21663698,21664466,768,mRNA
64341,21664913,21665276,363,mRNA
64342,21665388,21665715,327,mRNA
64343,21665778,21666306,528,mRNA
64344,21658375,21659162,787,CDS
64345,21661220,21662770,1550,CDS
64346,21662943,21663549,606,CDS
64347,21663698,21664466,768,CDS
64348,21664913,21665276,363,CDS
64349,21665388,21665715,327,CDS
64350,21665778,21666020,242,CDS
64351,21666452,21666980,528,gene
64352,21666945,21666980,35,mRNA
64353,21666452,21666878,426,mRNA
64354,21666945,21666956,11,CDS
64355,21666477,21666878,401,CDS
64356,21667424,21668057,633,gene
64357,21667424,21668057,633,ncRNA
64358,21668035,21670043,2008,gene
64359,21668035,21670043,2008,ncRNA
64360,21668714,21668802,88,gene
64361,21668714,21668802,88,precursor_RNA
64362,21668728,21668749,21,ncRNA
64363,21668766,21668787,21,ncRNA
64364,21672139,21674518,2379,gene
64365,21672139,21672656,517,mRNA
64366,21672927,21674518,1591,mRNA
64367,21672191,21672656,465,CDS
64368,21672927,21674389,1462,CDS
64369,21674394,21679755,5361,gene
64370,21677170,21679755,2585,mRNA
64371,21676432,21677050,618,mRNA
64372,21675232,21676368,1136,mRNA
64373,21675022,21675173,151,mRNA
64374,21674394,21674962,568,mRNA
64375,21677170,21679498,2328,CDS
64376,21676432,21677050,618,CDS
64377,21675232,21676368,1136,CDS
64378,21675022,21675173,151,CDS
64379,21674739,21674962,223,CDS
64380,21678002,21679713,1711,gene
64381,21678002,21679713,1711,ncRNA
64382,21680050,21683231,3181,gene
64383,21680050,21680232,182,mRNA
64384,21680300,21682433,2133,mRNA
64385,21682495,21682623,128,mRNA
64386,21682680,21683231,551,mRNA
64387,21680050,21680223,173,mRNA
64388,21680300,21682433,2133,mRNA
64389,21682495,21682623,128,mRNA
64390,21682680,21683231,551,mRNA
64391,21680050,21680152,102,mRNA
64392,21680300,21682433,2133,mRNA
64393,21682495,21682623,128,mRNA
64394,21682680,21683231,551,mRNA
64395,21680307,21682433,2126,CDS
64396,21682495,21682623,128,CDS
64397,21682680,21682916,236,CDS
64398,21680307,21682433,2126,CDS
64399,21682495,21682623,128,CDS
64400,21682680,21682916,236,CDS
64401,21680307,21682433,2126,CDS
64402,21682495,21682623,128,CDS
64403,21682680,21682916,236,CDS
64404,21683098,21684042,944,gene
64405,21684019,21684042,23,mRNA
64406,21683777,21683964,187,mRNA
64407,21683665,21683725,60,mRNA
64408,21683098,21683602,504,mRNA
64409,21683665,21683964,299,mRNA
64410,21683098,21683602,504,mRNA
64411,21683777,21683842,65,CDS
64412,21683665,21683725,60,CDS
64413,21683328,21683602,274,CDS
64414,21683665,21683842,177,CDS
64415,21683328,21683602,274,CDS
64416,21684000,21684951,951,gene
64417,21684000,21684951,951,ncRNA
64418,21690612,21706365,15753,gene
64419,21704548,21706365,1817,mRNA
64420,21690612,21693721,3109,mRNA
64421,21704548,21706365,1817,mRNA
64422,21694316,21694504,188,mRNA
64423,21691929,21693721,1792,mRNA
64424,21704548,21706365,1817,mRNA
64425,21694316,21694567,251,mRNA
64426,21692803,21693721,918,mRNA
64427,21704548,21706153,1605,CDS
64428,21693603,21693721,118,CDS
64429,21704548,21706153,1605,CDS
64430,21694316,21694504,188,CDS
64431,21693603,21693721,118,CDS
64432,21704548,21706153,1605,CDS
64433,21694316,21694567,251,CDS
64434,21693603,21693721,118,CDS
64435,21724326,21728806,4480,gene
64436,21728451,21728806,355,mRNA
64437,21728287,21728392,105,mRNA
64438,21726163,21726937,774,mRNA
64439,21725555,21725950,395,mRNA
64440,21724326,21725495,1169,mRNA
64441,21728451,21728673,222,mRNA
64442,21726163,21726937,774,mRNA
64443,21725555,21725950,395,mRNA
64444,21724326,21725495,1169,mRNA
64445,21728287,21728673,386,mRNA
64446,21726163,21726727,564,mRNA
64447,21725555,21725950,395,mRNA
64448,21724326,21725495,1169,mRNA
64449,21728287,21728673,386,mRNA
64450,21726163,21726937,774,mRNA
64451,21725555,21725950,395,mRNA
64452,21724326,21725495,1169,mRNA
64453,21726163,21726738,575,CDS
64454,21725555,21725950,395,CDS
64455,21724899,21725495,596,CDS
64456,21726163,21726738,575,CDS
64457,21725555,21725950,395,CDS
64458,21724899,21725495,596,CDS
64459,21726163,21726738,575,CDS
64460,21725555,21725950,395,CDS
64461,21724899,21725495,596,CDS
64462,21725555,21725938,383,CDS
64463,21724899,21725495,596,CDS
64464,21728932,21729694,762,gene
64465,21728932,21729116,184,mRNA
64466,21729188,21729694,506,mRNA
64467,21729193,21729642,449,CDS
64468,21729675,21730454,779,gene
64469,21729675,21730454,779,mRNA
64470,21729742,21730428,686,CDS
64471,21730725,21731550,825,gene
64472,21730725,21731550,825,mRNA
64473,21730835,21730870,35,mobile_element
64474,21730934,21731521,587,CDS
64475,21732134,21732582,448,mobile_element
64476,21732806,21733487,681,gene
64477,21732806,21733487,681,mRNA
64478,21732937,21733452,515,CDS
64479,21734099,21734788,689,gene
64480,21734099,21734788,689,mRNA
64481,21734131,21734709,578,CDS
64482,21735866,21736201,335,gene
64483,21735866,21736201,335,ncRNA
64484,21736946,21737348,402,mobile_element
64485,21737706,21738430,724,gene
64486,21737706,21738430,724,mRNA
64487,21737762,21738334,572,CDS
64488,21739479,21740309,830,gene
64489,21739755,21740309,554,mRNA
64490,21739479,21739630,151,mRNA
64491,21739755,21740309,554,mRNA
64492,21739479,21739633,154,mRNA
64493,21739766,21740266,500,CDS
64494,21739766,21740266,500,CDS
64495,21741534,21742441,907,gene
64496,21741534,21742441,907,mRNA
64497,21741577,21742350,773,CDS
64498,21743248,21744269,1021,gene
64499,21743248,21744269,1021,mRNA
64500,21743425,21744234,809,CDS
64501,21745359,21770534,25175,gene
64502,21770446,21770534,88,mRNA
64503,21760958,21761265,307,mRNA
64504,21760031,21760512,481,mRNA
64505,21747992,21748201,209,mRNA
64506,21747508,21747800,292,mRNA
64507,21747103,21747297,194,mRNA
64508,21746669,21747037,368,mRNA
64509,21745359,21746616,1257,mRNA
64510,21770446,21770534,88,mRNA
64511,21760958,21761265,307,mRNA
64512,21760031,21760515,484,mRNA
64513,21747992,21748201,209,mRNA
64514,21747502,21747800,298,mRNA
64515,21747103,21747297,194,mRNA
64516,21746669,21747037,368,mRNA
64517,21745359,21746616,1257,mRNA
64518,21769918,21770534,616,mRNA
64519,21760958,21761265,307,mRNA
64520,21760031,21760515,484,mRNA
64521,21747992,21748201,209,mRNA
64522,21747508,21747800,292,mRNA
64523,21747103,21747297,194,mRNA
64524,21746669,21747037,368,mRNA
64525,21745359,21746616,1257,mRNA
64526,21769918,21770534,616,mRNA
64527,21760958,21761265,307,mRNA
64528,21760031,21760515,484,mRNA
64529,21747992,21748201,209,mRNA
64530,21747502,21747800,298,mRNA
64531,21747103,21747297,194,mRNA
64532,21746669,21747037,368,mRNA
64533,21745359,21746616,1257,mRNA
64534,21760958,21761199,241,CDS
64535,21760031,21760512,481,CDS
64536,21747992,21748201,209,CDS
64537,21747508,21747800,292,CDS
64538,21747103,21747297,194,CDS
64539,21746669,21747037,368,CDS
64540,21746533,21746616,83,CDS
64541,21760958,21761199,241,CDS
64542,21760031,21760515,484,CDS
64543,21747992,21748201,209,CDS
64544,21747508,21747800,292,CDS
64545,21747103,21747297,194,CDS
64546,21746669,21747037,368,CDS
64547,21746533,21746616,83,CDS
64548,21760958,21761199,241,CDS
64549,21760031,21760515,484,CDS
64550,21747992,21748201,209,CDS
64551,21747502,21747800,298,CDS
64552,21747103,21747297,194,CDS
64553,21746669,21747037,368,CDS
64554,21746533,21746616,83,CDS
64555,21760958,21761199,241,CDS
64556,21760031,21760515,484,CDS
64557,21747992,21748201,209,CDS
64558,21747502,21747800,298,CDS
64559,21747103,21747297,194,CDS
64560,21746669,21747037,368,CDS
64561,21746533,21746616,83,CDS
64562,21749384,21754470,5086,mobile_element
64563,21749443,21754164,4721,mobile_element
64564,21757157,21758046,889,gene
64565,21757157,21758046,889,mRNA
64566,21757157,21757981,824,CDS
64567,21767229,21767915,686,gene
64568,21767229,21767915,686,ncRNA
64569,21768742,21768852,110,mobile_element
64570,21769815,21771321,1506,gene
64571,21769815,21770058,243,mRNA
64572,21770156,21771321,1165,mRNA
64573,21770198,21770422,224,CDS
64574,21776700,21777160,460,gene
64575,21776700,21777160,460,ncRNA
64576,21787010,21787076,66,mobile_element
64577,21808703,21817600,8897,gene
64578,21808703,21808804,101,mRNA
64579,21814779,21814856,77,mRNA
64580,21816278,21817600,1322,mRNA
64581,21808839,21809237,398,mRNA
64582,21814779,21814856,77,mRNA
64583,21816278,21817600,1322,mRNA
64584,21813005,21813698,693,gene
64585,21813365,21813698,333,mRNA
64586,21813005,21813274,269,mRNA
64587,21813086,21813253,167,CDS
64588,21813834,21814131,297,mobile_element
64589,21814779,21814856,77,CDS
64590,21816278,21817321,1043,CDS
64591,21814779,21814856,77,CDS
64592,21816278,21817321,1043,CDS
64593,21815413,21815543,130,mRNA
64594,21816278,21817600,1322,mRNA
64595,21815520,21815543,23,CDS
64596,21816278,21817321,1043,CDS
64597,21820841,21820871,30,mobile_element
64598,21821997,21823309,1312,gene
64599,21821997,21822319,322,mRNA
64600,21822396,21822597,201,mRNA
64601,21822657,21822885,228,mRNA
64602,21822941,21823052,111,mRNA
64603,21823111,21823309,198,mRNA
64604,21822006,21822319,313,CDS
64605,21822396,21822597,201,CDS
64606,21822657,21822885,228,CDS
64607,21822941,21823052,111,CDS
64608,21823111,21823228,117,CDS
64609,21823461,21824571,1110,gene
64610,21823461,21823663,202,mRNA
64611,21823726,21824571,845,mRNA
64612,21823532,21823663,131,CDS
64613,21823726,21824100,374,CDS
64614,21824740,21827856,3116,gene
64615,21824740,21825077,337,mRNA
64616,21825250,21826414,1164,mRNA
64617,21826475,21827035,560,mRNA
64618,21827094,21827856,762,mRNA
64619,21824740,21825077,337,mRNA
64620,21825250,21826414,1164,mRNA
64621,21826475,21826752,277,mRNA
64622,21827094,21827856,762,mRNA
64623,21824965,21825077,112,mRNA
64624,21825250,21826414,1164,mRNA
64625,21826475,21827035,560,mRNA
64626,21827094,21827856,762,mRNA
64627,21824965,21825077,112,mRNA
64628,21825250,21826414,1164,mRNA
64629,21826475,21826752,277,mRNA
64630,21827094,21827856,762,mRNA
64631,21825038,21825077,39,CDS
64632,21825250,21826414,1164,CDS
64633,21826475,21826752,277,CDS
64634,21827094,21827527,433,CDS
64635,21825038,21825077,39,CDS
64636,21825250,21826414,1164,CDS
64637,21826475,21826752,277,CDS
64638,21827094,21827527,433,CDS
64639,21825038,21825077,39,CDS
64640,21825250,21826414,1164,CDS
64641,21826475,21826937,462,CDS
64642,21825038,21825077,39,CDS
64643,21825250,21826414,1164,CDS
64644,21826475,21826937,462,CDS
64645,21827774,21828480,706,gene
64646,21828452,21828480,28,mRNA
64647,21828071,21828326,255,mRNA
64648,21827774,21828004,230,mRNA
64649,21828071,21828195,124,mRNA
64650,21827774,21828004,230,mRNA
64651,21828071,21828169,98,CDS
64652,21827846,21828004,158,CDS
64653,21828071,21828169,98,CDS
64654,21827846,21828004,158,CDS
64655,21829254,21830219,965,gene
64656,21830044,21830219,175,ncRNA
64657,21829254,21829995,741,ncRNA
64658,21830544,21832253,1709,gene
64659,21831546,21832253,707,mRNA
64660,21830790,21831486,696,mRNA
64661,21830544,21830732,188,mRNA
64662,21831546,21832096,550,CDS
64663,21830790,21831486,696,CDS
64664,21830616,21830732,116,CDS
64665,21832774,21836685,3911,gene
64666,21832774,21832977,203,mRNA
64667,21833180,21834829,1649,mRNA
64668,21835071,21835229,158,mRNA
64669,21835467,21836685,1218,mRNA
64670,21832774,21832977,203,mRNA
64671,21833180,21834829,1649,mRNA
64672,21835071,21835229,158,mRNA
64673,21835983,21836685,702,mRNA
64674,21832774,21832977,203,mRNA
64675,21833180,21834829,1649,mRNA
64676,21835074,21835229,155,mRNA
64677,21835983,21836685,702,mRNA
64678,21832774,21832977,203,mRNA
64679,21833180,21834829,1649,mRNA
64680,21835467,21836685,1218,mRNA
64681,21832879,21832977,98,CDS
64682,21833180,21834829,1649,CDS
64683,21835071,21835229,158,CDS
64684,21835983,21836135,152,CDS
64685,21832879,21832977,98,CDS
64686,21833180,21834829,1649,CDS
64687,21835074,21835229,155,CDS
64688,21835983,21836135,152,CDS
64689,21832879,21832977,98,CDS
64690,21833180,21834829,1649,CDS
64691,21835071,21835229,158,CDS
64692,21835467,21835880,413,CDS
64693,21832879,21832977,98,CDS
64694,21833180,21834829,1649,CDS
64695,21835467,21835880,413,CDS
64696,21836665,21841356,4691,gene
64697,21841231,21841356,125,mRNA
64698,21839666,21839827,161,mRNA
64699,21839061,21839534,473,mRNA
64700,21838741,21838912,171,mRNA
64701,21838492,21838679,187,mRNA
64702,21838212,21838434,222,mRNA
64703,21837777,21838144,367,mRNA
64704,21836665,21837723,1058,mRNA
64705,21841231,21841356,125,mRNA
64706,21839666,21839831,165,mRNA
64707,21839061,21839534,473,mRNA
64708,21838741,21838912,171,mRNA
64709,21838492,21838679,187,mRNA
64710,21838212,21838434,222,mRNA
64711,21837777,21838144,367,mRNA
64712,21836665,21837723,1058,mRNA
64713,21841026,21841198,172,mRNA
64714,21839666,21839831,165,mRNA
64715,21839061,21839534,473,mRNA
64716,21838741,21838912,171,mRNA
64717,21838492,21838679,187,mRNA
64718,21838212,21838434,222,mRNA
64719,21837777,21838144,367,mRNA
64720,21836665,21837723,1058,mRNA
64721,21840099,21840127,28,mRNA
64722,21839666,21839831,165,mRNA
64723,21839061,21839534,473,mRNA
64724,21838741,21838912,171,mRNA
64725,21838492,21838679,187,mRNA
64726,21838212,21838434,222,mRNA
64727,21837777,21838144,367,mRNA
64728,21836665,21837723,1058,mRNA
64729,21840051,21840127,76,mRNA
64730,21839666,21839831,165,mRNA
64731,21839061,21839534,473,mRNA
64732,21838741,21838912,171,mRNA
64733,21838492,21838679,187,mRNA
64734,21838212,21838434,222,mRNA
64735,21837777,21838144,367,mRNA
64736,21836665,21837723,1058,mRNA
64737,21839666,21839730,64,CDS
64738,21839061,21839534,473,CDS
64739,21838741,21838912,171,CDS
64740,21838492,21838679,187,CDS
64741,21838212,21838434,222,CDS
64742,21837777,21838144,367,CDS
64743,21837489,21837723,234,CDS
64744,21839666,21839730,64,CDS
64745,21839061,21839534,473,CDS
64746,21838741,21838912,171,CDS
64747,21838492,21838679,187,CDS
64748,21838212,21838434,222,CDS
64749,21837777,21838144,367,CDS
64750,21837489,21837723,234,CDS
64751,21839666,21839730,64,CDS
64752,21839061,21839534,473,CDS
64753,21838741,21838912,171,CDS
64754,21838492,21838679,187,CDS
64755,21838212,21838434,222,CDS
64756,21837777,21838144,367,CDS
64757,21837489,21837723,234,CDS
64758,21839666,21839730,64,CDS
64759,21839061,21839534,473,CDS
64760,21838741,21838912,171,CDS
64761,21838492,21838679,187,CDS
64762,21838212,21838434,222,CDS
64763,21837777,21838144,367,CDS
64764,21837489,21837723,234,CDS
64765,21839666,21839730,64,CDS
64766,21839061,21839534,473,CDS
64767,21838741,21838912,171,CDS
64768,21838492,21838679,187,CDS
64769,21838212,21838434,222,CDS
64770,21837777,21838144,367,CDS
64771,21837489,21837723,234,CDS
64772,21841808,21842386,578,gene
64773,21842058,21842386,328,mRNA
64774,21841808,21841977,169,mRNA
64775,21842058,21842355,297,CDS
64776,21841907,21841977,70,CDS
64777,21844788,21932702,87914,gene
64778,21844788,21845235,447,mRNA
64779,21875297,21875325,28,mRNA
64780,21907346,21907920,574,mRNA
64781,21914776,21914832,56,mRNA
64782,21914893,21915009,116,mRNA
64783,21915114,21915195,81,mRNA
64784,21915261,21915424,163,mRNA
64785,21915536,21915655,119,mRNA
64786,21920903,21920987,84,mRNA
64787,21921057,21921327,270,mRNA
64788,21925180,21932702,7522,mRNA
64789,21844788,21845235,447,mRNA
64790,21875297,21875325,28,mRNA
64791,21907346,21907920,574,mRNA
64792,21914776,21914832,56,mRNA
64793,21914893,21915009,116,mRNA
64794,21915102,21915195,93,mRNA
64795,21915261,21915424,163,mRNA
64796,21915536,21915655,119,mRNA
64797,21918336,21918476,140,mRNA
64798,21920903,21921327,424,mRNA
64799,21925180,21926699,1519,mRNA
64800,21844788,21845235,447,mRNA
64801,21875297,21875325,28,mRNA
64802,21907346,21907920,574,mRNA
64803,21914776,21914832,56,mRNA
64804,21914893,21915009,116,mRNA
64805,21915114,21915195,81,mRNA
64806,21915261,21915424,163,mRNA
64807,21915536,21915655,119,mRNA
64808,21920903,21920987,84,mRNA
64809,21921057,21921327,270,mRNA
64810,21925180,21926699,1519,mRNA
64811,21844788,21845235,447,mRNA
64812,21875297,21875325,28,mRNA
64813,21907346,21907920,574,mRNA
64814,21914776,21914832,56,mRNA
64815,21914893,21915009,116,mRNA
64816,21915114,21915195,81,mRNA
64817,21915261,21915424,163,mRNA
64818,21915536,21915655,119,mRNA
64819,21920903,21921327,424,mRNA
64820,21922579,21924114,1535,mRNA
64821,21854094,21854165,71,gene
64822,21854094,21854165,71,tRNA
64823,21857165,21857355,190,mobile_element
64824,21858413,21858667,254,mobile_element
64825,21877689,21877919,230,mobile_element
64826,21879577,21879941,364,mRNA
64827,21907346,21907920,574,mRNA
64828,21914776,21914832,56,mRNA
64829,21914893,21915009,116,mRNA
64830,21915102,21915195,93,mRNA
64831,21915261,21915424,163,mRNA
64832,21915536,21915655,119,mRNA
64833,21918336,21918476,140,mRNA
64834,21920903,21920987,84,mRNA
64835,21921042,21921327,285,mRNA
64836,21925180,21932702,7522,mRNA
64837,21879577,21879941,364,mRNA
64838,21907346,21907920,574,mRNA
64839,21914776,21914832,56,mRNA
64840,21914893,21915009,116,mRNA
64841,21915102,21915195,93,mRNA
64842,21915261,21915424,163,mRNA
64843,21915536,21915655,119,mRNA
64844,21920903,21920987,84,mRNA
64845,21921054,21921327,273,mRNA
64846,21922579,21932702,10123,mRNA
64847,21879577,21879941,364,mRNA
64848,21907346,21907920,574,mRNA
64849,21914776,21914832,56,mRNA
64850,21914893,21915009,116,mRNA
64851,21915102,21915195,93,mRNA
64852,21915261,21915424,163,mRNA
64853,21915536,21915655,119,mRNA
64854,21920903,21920987,84,mRNA
64855,21921054,21921327,273,mRNA
64856,21925180,21932702,7522,mRNA
64857,21879577,21879941,364,mRNA
64858,21907346,21907920,574,mRNA
64859,21914776,21914832,56,mRNA
64860,21914893,21915009,116,mRNA
64861,21915102,21915195,93,mRNA
64862,21915261,21915424,163,mRNA
64863,21915536,21915655,119,mRNA
64864,21920903,21921327,424,mRNA
64865,21925180,21926699,1519,mRNA
64866,21879577,21879941,364,mRNA
64867,21888634,21888692,58,mRNA
64868,21907346,21907920,574,mRNA
64869,21914776,21914832,56,mRNA
64870,21914893,21915009,116,mRNA
64871,21915102,21915195,93,mRNA
64872,21915261,21915424,163,mRNA
64873,21915536,21915655,119,mRNA
64874,21920903,21920987,84,mRNA
64875,21921042,21921327,285,mRNA
64876,21925180,21926225,1045,mRNA
64877,21879577,21879941,364,mRNA
64878,21907346,21907920,574,mRNA
64879,21914776,21914832,56,mRNA
64880,21914893,21915009,116,mRNA
64881,21915102,21915195,93,mRNA
64882,21915261,21915424,163,mRNA
64883,21915536,21915655,119,mRNA
64884,21918336,21918476,140,mRNA
64885,21920903,21920987,84,mRNA
64886,21921093,21921327,234,mRNA
64887,21922579,21924114,1535,mRNA
64888,21879577,21879941,364,mRNA
64889,21907346,21907920,574,mRNA
64890,21914776,21914832,56,mRNA
64891,21914893,21915009,116,mRNA
64892,21915114,21915195,81,mRNA
64893,21915261,21915424,163,mRNA
64894,21915536,21915655,119,mRNA
64895,21920903,21921327,424,mRNA
64896,21922579,21924114,1535,mRNA
64897,21879577,21879941,364,mRNA
64898,21907346,21907920,574,mRNA
64899,21914776,21914832,56,mRNA
64900,21914893,21915009,116,mRNA
64901,21915114,21915195,81,mRNA
64902,21915261,21915424,163,mRNA
64903,21915536,21915655,119,mRNA
64904,21920903,21920987,84,mRNA
64905,21921042,21921327,285,mRNA
64906,21922579,21924114,1535,mRNA
64907,21881187,21881457,270,mobile_element
64908,21884511,21887039,2528,gene
64909,21886950,21887039,89,ncRNA
64910,21884511,21885056,545,ncRNA
64911,21904173,21904862,689,gene
64912,21904173,21904862,689,ncRNA
64913,21907822,21907920,98,CDS
64914,21914776,21914832,56,CDS
64915,21914893,21915009,116,CDS
64916,21915102,21915195,93,CDS
64917,21915261,21915424,163,CDS
64918,21915536,21915655,119,CDS
64919,21918336,21918476,140,CDS
64920,21920903,21921327,424,CDS
64921,21925180,21925264,84,CDS
64922,21907822,21907920,98,CDS
64923,21914776,21914832,56,CDS
64924,21914893,21915009,116,CDS
64925,21915102,21915195,93,CDS
64926,21915261,21915424,163,CDS
64927,21915536,21915655,119,CDS
64928,21918336,21918476,140,CDS
64929,21920903,21920987,84,CDS
64930,21921042,21921327,285,CDS
64931,21925180,21925264,84,CDS
64932,21907822,21907920,98,CDS
64933,21914776,21914832,56,CDS
64934,21914893,21915009,116,CDS
64935,21915102,21915195,93,CDS
64936,21915261,21915424,163,CDS
64937,21915536,21915655,119,CDS
64938,21920903,21921327,424,CDS
64939,21925180,21925264,84,CDS
64940,21907822,21907920,98,CDS
64941,21914776,21914832,56,CDS
64942,21914893,21915009,116,CDS
64943,21915102,21915195,93,CDS
64944,21915261,21915424,163,CDS
64945,21915536,21915655,119,CDS
64946,21920903,21920987,84,CDS
64947,21921042,21921327,285,CDS
64948,21925180,21925264,84,CDS
64949,21907822,21907920,98,CDS
64950,21914776,21914832,56,CDS
64951,21914893,21915009,116,CDS
64952,21915102,21915195,93,CDS
64953,21915261,21915424,163,CDS
64954,21915536,21915655,119,CDS
64955,21920903,21920987,84,CDS
64956,21921054,21921327,273,CDS
64957,21925180,21925264,84,CDS
64958,21907822,21907920,98,CDS
64959,21914776,21914832,56,CDS
64960,21914893,21915009,116,CDS
64961,21915114,21915195,81,CDS
64962,21915261,21915424,163,CDS
64963,21915536,21915655,119,CDS
64964,21920903,21920987,84,CDS
64965,21921057,21921327,270,CDS
64966,21925180,21925264,84,CDS
64967,21907822,21907920,98,CDS
64968,21914776,21914832,56,CDS
64969,21914893,21915009,116,CDS
64970,21915114,21915195,81,CDS
64971,21915261,21915424,163,CDS
64972,21915536,21915655,119,CDS
64973,21920903,21920987,84,CDS
64974,21921057,21921327,270,CDS
64975,21925180,21925264,84,CDS
64976,21907822,21907920,98,CDS
64977,21914776,21914832,56,CDS
64978,21914893,21915009,116,CDS
64979,21915102,21915195,93,CDS
64980,21915261,21915424,163,CDS
64981,21915536,21915655,119,CDS
64982,21918336,21918476,140,CDS
64983,21920903,21920987,84,CDS
64984,21921093,21921327,234,CDS
64985,21922579,21923188,609,CDS
64986,21907822,21907920,98,CDS
64987,21914776,21914832,56,CDS
64988,21914893,21915009,116,CDS
64989,21915102,21915195,93,CDS
64990,21915261,21915424,163,CDS
64991,21915536,21915655,119,CDS
64992,21920903,21920987,84,CDS
64993,21921054,21921327,273,CDS
64994,21922579,21923188,609,CDS
64995,21907822,21907920,98,CDS
64996,21914776,21914832,56,CDS
64997,21914893,21915009,116,CDS
64998,21915114,21915195,81,CDS
64999,21915261,21915424,163,CDS
65000,21915536,21915655,119,CDS
65001,21920903,21921327,424,CDS
65002,21922579,21923188,609,CDS
65003,21907822,21907920,98,CDS
65004,21914776,21914832,56,CDS
65005,21914893,21915009,116,CDS
65006,21915114,21915195,81,CDS
65007,21915261,21915424,163,CDS
65008,21915536,21915655,119,CDS
65009,21920903,21921327,424,CDS
65010,21922579,21923188,609,CDS
65011,21907822,21907920,98,CDS
65012,21914776,21914832,56,CDS
65013,21914893,21915009,116,CDS
65014,21915114,21915195,81,CDS
65015,21915261,21915424,163,CDS
65016,21915536,21915655,119,CDS
65017,21920903,21920987,84,CDS
65018,21921042,21921327,285,CDS
65019,21922579,21923188,609,CDS
65020,21934704,21938636,3932,gene
65021,21934704,21935177,473,mRNA
65022,21935267,21935504,237,mRNA
65023,21937139,21937242,103,mRNA
65024,21937303,21938254,951,mRNA
65025,21938320,21938636,316,mRNA
65026,21934963,21935177,214,CDS
65027,21935267,21935504,237,CDS
65028,21937139,21937242,103,CDS
65029,21937303,21938254,951,CDS
65030,21938320,21938517,197,CDS
65031,21935901,21936032,131,mobile_element
65032,21936102,21936139,37,mobile_element
65033,21938634,21941812,3178,gene
65034,21941338,21941812,474,mRNA
65035,21940787,21941283,496,mRNA
65036,21938634,21940728,2094,mRNA
65037,21941338,21941769,431,CDS
65038,21940787,21941283,496,CDS
65039,21939000,21940728,1728,CDS
65040,21942221,21949866,7645,gene
65041,21942221,21942454,233,mRNA
65042,21943737,21944058,321,mRNA
65043,21944117,21946118,2001,mRNA
65044,21946793,21947197,404,mRNA
65045,21947248,21948703,1455,mRNA
65046,21948849,21948942,93,mRNA
65047,21949002,21949866,864,mRNA
65048,21942221,21942454,233,mRNA
65049,21943737,21944058,321,mRNA
65050,21944117,21946118,2001,mRNA
65051,21946793,21947197,404,mRNA
65052,21947248,21948703,1455,mRNA
65053,21948849,21948942,93,mRNA
65054,21949002,21949452,450,mRNA
65055,21943746,21944058,312,CDS
65056,21944117,21946118,2001,CDS
65057,21946793,21947197,404,CDS
65058,21947248,21948703,1455,CDS
65059,21948849,21948942,93,CDS
65060,21949002,21949342,340,CDS
65061,21943746,21944058,312,CDS
65062,21944117,21946118,2001,CDS
65063,21946793,21947197,404,CDS
65064,21947248,21948703,1455,CDS
65065,21948849,21948942,93,CDS
65066,21949002,21949342,340,CDS
65067,21946256,21946377,121,mobile_element
65068,21949825,21951550,1725,gene
65069,21949825,21950400,575,exon
65070,21950101,21951548,1447,gene
65071,21950101,21951548,1447,ncRNA
65072,21950456,21950684,228,exon
65073,21950737,21950801,64,exon
65074,21950857,21951095,238,exon
65075,21951154,21951313,159,exon
65076,21951374,21951550,176,exon
65077,21952548,21953207,659,mobile_element
65078,21954523,21954896,373,mobile_element
65079,21955110,21958041,2931,gene
65080,21955110,21955549,439,mRNA
65081,21955613,21955859,246,mRNA
65082,21956380,21956483,103,mRNA
65083,21956547,21957316,769,mRNA
65084,21957376,21957557,181,mRNA
65085,21957619,21958041,422,mRNA
65086,21955302,21955549,247,CDS
65087,21955613,21955859,246,CDS
65088,21956380,21956483,103,CDS
65089,21956547,21957316,769,CDS
65090,21957376,21957557,181,CDS
65091,21957619,21957786,167,CDS
65092,21958450,21958748,298,mobile_element
65093,21958769,21959136,367,mobile_element
65094,21959254,21960503,1249,gene
65095,21959254,21959778,524,exon
65096,21959838,21960019,181,exon
65097,21960081,21960503,422,exon
65098,21960912,21961210,298,mobile_element
65099,21961231,21961598,367,mobile_element
65100,21961871,21962196,325,gene
65101,21961871,21962196,325,ncRNA
65102,21962401,21969964,7563,gene
65103,21962401,21962477,76,mRNA
65104,21962540,21962781,241,mRNA
65105,21962840,21963012,172,mRNA
65106,21963481,21963607,126,mRNA
65107,21963709,21963915,206,mRNA
65108,21964403,21964578,175,mRNA
65109,21964688,21965251,563,mRNA
65110,21966068,21966317,249,mRNA
65111,21967126,21968355,1229,mRNA
65112,21968502,21969964,1462,mRNA
65113,21962401,21962477,76,mRNA
65114,21962540,21962781,241,mRNA
65115,21962843,21963012,169,mRNA
65116,21963481,21963607,126,mRNA
65117,21963709,21963915,206,mRNA
65118,21964403,21964578,175,mRNA
65119,21964688,21965251,563,mRNA
65120,21966068,21966317,249,mRNA
65121,21967126,21968355,1229,mRNA
65122,21968502,21969964,1462,mRNA
65123,21962431,21962477,46,CDS
65124,21962540,21962781,241,CDS
65125,21962840,21963012,172,CDS
65126,21963481,21963607,126,CDS
65127,21963709,21963915,206,CDS
65128,21964403,21964578,175,CDS
65129,21964688,21965251,563,CDS
65130,21966068,21966317,249,CDS
65131,21967126,21968355,1229,CDS
65132,21968502,21969667,1165,CDS
65133,21962431,21962477,46,CDS
65134,21962540,21962781,241,CDS
65135,21962843,21963012,169,CDS
65136,21963481,21963607,126,CDS
65137,21963709,21963915,206,CDS
65138,21964403,21964578,175,CDS
65139,21964688,21965251,563,CDS
65140,21966068,21966317,249,CDS
65141,21967126,21968355,1229,CDS
65142,21968502,21969667,1165,CDS
65143,21972002,21984606,12604,gene
65144,21972002,21972242,240,mRNA
65145,21976295,21976459,164,mRNA
65146,21976584,21976724,140,mRNA
65147,21976786,21976893,107,mRNA
65148,21976968,21977135,167,mRNA
65149,21977193,21977381,188,mRNA
65150,21977435,21977630,195,mRNA
65151,21978133,21978374,241,mRNA
65152,21980304,21980561,257,mRNA
65153,21980632,21980857,225,mRNA
65154,21980917,21981195,278,mRNA
65155,21982134,21984606,2472,mRNA
65156,21972002,21972242,240,mRNA
65157,21976295,21976459,164,mRNA
65158,21976584,21976724,140,mRNA
65159,21976786,21976893,107,mRNA
65160,21976968,21977135,167,mRNA
65161,21977193,21977381,188,mRNA
65162,21977435,21977630,195,mRNA
65163,21978133,21978374,241,mRNA
65164,21980304,21980561,257,mRNA
65165,21980632,21980857,225,mRNA
65166,21980917,21981195,278,mRNA
65167,21982134,21982788,654,mRNA
65168,21972147,21972242,95,CDS
65169,21976295,21976459,164,CDS
65170,21976584,21976724,140,CDS
65171,21976786,21976893,107,CDS
65172,21976968,21977135,167,CDS
65173,21977193,21977381,188,CDS
65174,21977435,21977630,195,CDS
65175,21978133,21978374,241,CDS
65176,21980304,21980561,257,CDS
65177,21980632,21980857,225,CDS
65178,21980917,21981195,278,CDS
65179,21982134,21982396,262,CDS
65180,21972147,21972242,95,CDS
65181,21976295,21976459,164,CDS
65182,21976584,21976724,140,CDS
65183,21976786,21976893,107,CDS
65184,21976968,21977135,167,CDS
65185,21977193,21977381,188,CDS
65186,21977435,21977630,195,CDS
65187,21978133,21978374,241,CDS
65188,21980304,21980561,257,CDS
65189,21980632,21980857,225,CDS
65190,21980917,21981195,278,CDS
65191,21982134,21982396,262,CDS
65192,21985210,21987190,1980,gene
65193,21985210,21986275,1065,mRNA
65194,21986638,21987190,552,mRNA
65195,21985210,21985248,38,mRNA
65196,21985325,21986275,950,mRNA
65197,21986638,21987190,552,mRNA
65198,21985351,21986275,924,CDS
65199,21986638,21986843,205,CDS
65200,21985351,21986275,924,CDS
65201,21986638,21986843,205,CDS
65202,22007365,22007454,89,mobile_element
65203,22013705,22013821,116,mobile_element
65204,22016682,22016745,63,mobile_element
65205,22017109,22017403,294,mobile_element
65206,22021152,22021280,128,mobile_element
65207,22026230,22028325,2095,gene
65208,22026230,22028325,2095,mRNA
65209,22026580,22028181,1601,CDS
65210,22028710,22028763,53,mobile_element
65211,22029453,22029770,317,gene
65212,22029453,22029770,317,mRNA
65213,22029504,22029728,224,CDS
65214,22029969,22030641,672,gene
65215,22029969,22030641,672,ncRNA
65216,22035003,22065279,30276,gene
65217,22035003,22035565,562,mRNA
65218,22060973,22061404,431,mRNA
65219,22061964,22063052,1088,mRNA
65220,22063682,22065279,1597,mRNA
65221,22035003,22035565,562,mRNA
65222,22060980,22061404,424,mRNA
65223,22061964,22063052,1088,mRNA
65224,22063682,22065279,1597,mRNA
65225,22036821,22037152,331,mobile_element
65226,22061081,22061404,323,CDS
65227,22061964,22063052,1088,CDS
65228,22063682,22064074,392,CDS
65229,22061081,22061404,323,CDS
65230,22061964,22063052,1088,CDS
65231,22063682,22064074,392,CDS
65232,22063188,22063510,322,mobile_element
65233,22065907,22067216,1309,gene
65234,22065907,22067216,1309,mRNA
65235,22065907,22066967,1060,mRNA
65236,22066133,22066717,584,CDS
65237,22066133,22066717,584,CDS
65238,22067270,22071848,4578,gene
65239,22071652,22071848,196,mRNA
65240,22070768,22071555,787,mRNA
65241,22069376,22070162,786,mRNA
65242,22067905,22069195,1290,mRNA
65243,22067270,22067847,577,mRNA
65244,22070768,22071526,758,CDS
65245,22069376,22070162,786,CDS
65246,22067905,22069195,1290,CDS
65247,22067775,22067847,72,CDS
65248,22072219,22072309,90,mobile_element
65249,22072369,22072620,251,gene
65250,22072369,22072620,251,ncRNA
65251,22072925,22073024,99,mobile_element
65252,22073068,22074523,1455,gene
65253,22073068,22074523,1455,mRNA
65254,22073275,22074336,1061,CDS
65255,22075056,22075756,700,gene
65256,22075056,22075756,700,mRNA
65257,22075248,22075634,386,CDS
65258,22075867,22077487,1620,gene
65259,22075867,22075926,59,mRNA
65260,22076035,22076136,101,mRNA
65261,22076248,22076341,93,mRNA
65262,22076416,22077487,1071,mRNA
65263,22076092,22076136,44,mRNA
65264,22076248,22076341,93,mRNA
65265,22076416,22077487,1071,mRNA
65266,22076288,22076341,53,CDS
65267,22076416,22077315,899,CDS
65268,22076288,22076341,53,CDS
65269,22076416,22077315,899,CDS
65270,22080322,22080554,232,gene
65271,22080322,22080554,232,mRNA
65272,22080339,22080446,107,CDS
65273,22082720,22083367,647,gene
65274,22082720,22083367,647,mRNA
65275,22082808,22083184,376,mRNA
65276,22082833,22083084,251,CDS
65277,22082833,22083084,251,CDS
65278,22083478,22083532,54,mobile_element
65279,22086072,22086318,246,mobile_element
65280,22089275,22089413,138,mobile_element
65281,22099731,22105858,6127,mobile_element
65282,22121932,22122746,814,gene
65283,22121932,22122216,284,ncRNA
65284,22122499,22122746,247,ncRNA
65285,22136090,22247702,111612,gene
65286,22136090,22136809,719,mRNA
65287,22183786,22184602,816,mRNA
65288,22206830,22206985,155,mRNA
65289,22221700,22221984,284,mRNA
65290,22222488,22222673,185,mRNA
65291,22223652,22223847,195,mRNA
65292,22228997,22229166,169,mRNA
65293,22229260,22229422,162,mRNA
65294,22231224,22231359,135,mRNA
65295,22239167,22239335,168,mRNA
65296,22242348,22247702,5354,mRNA
65297,22136090,22136809,719,mRNA
65298,22183786,22184602,816,mRNA
65299,22206830,22206985,155,mRNA
65300,22221700,22221984,284,mRNA
65301,22222488,22222673,185,mRNA
65302,22223652,22223847,195,mRNA
65303,22228997,22229166,169,mRNA
65304,22229260,22229422,162,mRNA
65305,22231224,22231359,135,mRNA
65306,22239167,22239335,168,mRNA
65307,22242348,22242792,444,mRNA
65308,22176423,22177599,1176,gene
65309,22176423,22177599,1176,ncRNA
65310,22184093,22184602,509,CDS
65311,22206830,22206985,155,CDS
65312,22221700,22221984,284,CDS
65313,22222488,22222673,185,CDS
65314,22223652,22223847,195,CDS
65315,22228997,22229166,169,CDS
65316,22229260,22229422,162,CDS
65317,22231224,22231359,135,CDS
65318,22239167,22239335,168,CDS
65319,22242348,22242659,311,CDS
65320,22184093,22184602,509,CDS
65321,22206830,22206985,155,CDS
65322,22221700,22221984,284,CDS
65323,22222488,22222673,185,CDS
65324,22223652,22223847,195,CDS
65325,22228997,22229166,169,CDS
65326,22229260,22229422,162,CDS
65327,22231224,22231359,135,CDS
65328,22239167,22239335,168,CDS
65329,22242348,22242659,311,CDS
65330,22197783,22198241,458,gene
65331,22197783,22198241,458,ncRNA
65332,22225520,22225878,358,gene
65333,22225773,22225878,105,ncRNA
65334,22225520,22225715,195,ncRNA
65335,22257749,22262921,5172,gene
65336,22262758,22262921,163,mRNA
65337,22260624,22262696,2072,mRNA
65338,22257749,22260373,2624,mRNA
65339,22262754,22262921,167,mRNA
65340,22260624,22262696,2072,mRNA
65341,22257749,22260373,2624,mRNA
65342,22260624,22262678,2054,CDS
65343,22258139,22260373,2234,CDS
65344,22260624,22262678,2054,CDS
65345,22258139,22260373,2234,CDS
65346,22263369,22266017,2648,gene
65347,22263369,22263498,129,mRNA
65348,22263553,22263604,51,mRNA
65349,22263658,22265327,1669,mRNA
65350,22265400,22266017,617,mRNA
65351,22263483,22263498,15,CDS
65352,22263553,22263604,51,CDS
65353,22263658,22265327,1669,CDS
65354,22265400,22265845,445,CDS
65355,22265806,22266679,873,gene
65356,22265806,22266679,873,mRNA
65357,22266078,22266554,476,CDS
65358,22267141,22267311,170,mobile_element
65359,22267382,22273745,6363,gene
65360,22267382,22267787,405,mRNA
65361,22269353,22269491,138,mRNA
65362,22269574,22269726,152,mRNA
65363,22269789,22269920,131,mRNA
65364,22270914,22270976,62,mRNA
65365,22271558,22271762,204,mRNA
65366,22272369,22273298,929,mRNA
65367,22267568,22267787,219,mRNA
65368,22269353,22269491,138,mRNA
65369,22269574,22269726,152,mRNA
65370,22269789,22269920,131,mRNA
65371,22270914,22270976,62,mRNA
65372,22271558,22273745,2187,mRNA
65373,22267568,22267787,219,mRNA
65374,22269353,22269491,138,mRNA
65375,22269574,22269726,152,mRNA
65376,22269789,22269920,131,mRNA
65377,22271558,22273745,2187,mRNA
65378,22267568,22267787,219,mRNA
65379,22269353,22269491,138,mRNA
65380,22269574,22269726,152,mRNA
65381,22269789,22269920,131,mRNA
65382,22271558,22271762,204,mRNA
65383,22272369,22273745,1376,mRNA
65384,22267568,22267787,219,mRNA
65385,22269353,22269491,138,mRNA
65386,22269574,22269726,152,mRNA
65387,22269789,22269920,131,mRNA
65388,22270914,22270976,62,mRNA
65389,22271558,22271762,204,mRNA
65390,22272369,22273298,929,mRNA
65391,22267568,22267787,219,mRNA
65392,22269353,22269491,138,mRNA
65393,22269574,22269726,152,mRNA
65394,22269789,22269920,131,mRNA
65395,22270914,22270976,62,mRNA
65396,22271558,22272348,790,mRNA
65397,22267753,22267787,34,CDS
65398,22269353,22269491,138,CDS
65399,22269574,22269726,152,CDS
65400,22269789,22269920,131,CDS
65401,22270914,22270976,62,CDS
65402,22271558,22271762,204,CDS
65403,22272369,22272391,22,CDS
65404,22267753,22267787,34,CDS
65405,22269353,22269491,138,CDS
65406,22269574,22269726,152,CDS
65407,22269789,22269920,131,CDS
65408,22270914,22270976,62,CDS
65409,22271558,22271762,204,CDS
65410,22272369,22272391,22,CDS
65411,22267753,22267787,34,CDS
65412,22269353,22269491,138,CDS
65413,22269574,22269726,152,CDS
65414,22269789,22269920,131,CDS
65415,22271558,22271762,204,CDS
65416,22272369,22272391,22,CDS
65417,22267753,22267787,34,CDS
65418,22269353,22269491,138,CDS
65419,22269574,22269726,152,CDS
65420,22269789,22269920,131,CDS
65421,22270914,22270976,62,CDS
65422,22271558,22271770,212,CDS
65423,22267753,22267787,34,CDS
65424,22269353,22269491,138,CDS
65425,22269574,22269726,152,CDS
65426,22269789,22269920,131,CDS
65427,22270914,22270976,62,CDS
65428,22271558,22271770,212,CDS
65429,22267753,22267787,34,CDS
65430,22269353,22269491,138,CDS
65431,22269574,22269726,152,CDS
65432,22269789,22269920,131,CDS
65433,22271558,22271770,212,CDS
65434,22269932,22270220,288,gene
65435,22269932,22270220,288,ncRNA
65436,22273985,22284335,10350,gene
65437,22273985,22275438,1453,mRNA
65438,22278823,22279044,221,mRNA
65439,22279108,22279559,451,mRNA
65440,22279614,22279936,322,mRNA
65441,22280159,22280317,158,mRNA
65442,22281679,22281783,104,mRNA
65443,22282562,22282832,270,mRNA
65444,22282904,22283149,245,mRNA
65445,22283203,22284335,1132,mRNA
65446,22273985,22275438,1453,mRNA
65447,22278823,22279044,221,mRNA
65448,22279108,22279559,451,mRNA
65449,22279614,22279936,322,mRNA
65450,22281232,22281783,551,mRNA
65451,22282562,22282832,270,mRNA
65452,22282904,22284335,1431,mRNA
65453,22273985,22275438,1453,mRNA
65454,22278823,22279044,221,mRNA
65455,22279108,22279559,451,mRNA
65456,22279614,22279936,322,mRNA
65457,22281679,22281783,104,mRNA
65458,22282562,22282832,270,mRNA
65459,22282904,22283149,245,mRNA
65460,22283203,22284335,1132,mRNA
65461,22273985,22275438,1453,mRNA
65462,22278823,22279044,221,mRNA
65463,22279108,22279559,451,mRNA
65464,22279614,22279936,322,mRNA
65465,22280159,22280317,158,mRNA
65466,22281232,22281783,551,mRNA
65467,22282562,22282832,270,mRNA
65468,22282904,22283149,245,mRNA
65469,22283203,22283423,220,mRNA
65470,22274083,22275716,1633,gene
65471,22275546,22275716,170,ncRNA
65472,22274083,22275491,1408,ncRNA
65473,22274558,22275438,880,CDS
65474,22278823,22279044,221,CDS
65475,22279108,22279559,451,CDS
65476,22279614,22279936,322,CDS
65477,22280159,22280317,158,CDS
65478,22281232,22281783,551,CDS
65479,22282562,22282832,270,CDS
65480,22282904,22283100,196,CDS
65481,22274558,22275438,880,CDS
65482,22278823,22279044,221,CDS
65483,22279108,22279559,451,CDS
65484,22279614,22279936,322,CDS
65485,22280159,22280317,158,CDS
65486,22281679,22281783,104,CDS
65487,22282562,22282832,270,CDS
65488,22282904,22283100,196,CDS
65489,22274558,22275438,880,CDS
65490,22278823,22279044,221,CDS
65491,22279108,22279559,451,CDS
65492,22279614,22279936,322,CDS
65493,22281232,22281783,551,CDS
65494,22282562,22282832,270,CDS
65495,22282904,22283100,196,CDS
65496,22274558,22275438,880,CDS
65497,22278823,22279044,221,CDS
65498,22279108,22279559,451,CDS
65499,22279614,22279936,322,CDS
65500,22281679,22281783,104,CDS
65501,22282562,22282832,270,CDS
65502,22282904,22283100,196,CDS
65503,22277364,22277427,63,mRNA
65504,22277788,22278731,943,mRNA
65505,22278823,22279044,221,mRNA
65506,22279108,22279559,451,mRNA
65507,22279614,22279936,322,mRNA
65508,22280159,22280317,158,mRNA
65509,22281679,22281783,104,mRNA
65510,22282562,22282832,270,mRNA
65511,22282904,22283149,245,mRNA
65512,22283203,22284335,1132,mRNA
65513,22277364,22277427,63,mRNA
65514,22277788,22278731,943,mRNA
65515,22278823,22279044,221,mRNA
65516,22279108,22279559,451,mRNA
65517,22279614,22279936,322,mRNA
65518,22281679,22281783,104,mRNA
65519,22282562,22282832,270,mRNA
65520,22282904,22283149,245,mRNA
65521,22283203,22284335,1132,mRNA
65522,22277375,22278731,1356,mRNA
65523,22278823,22279044,221,mRNA
65524,22279108,22279559,451,mRNA
65525,22279614,22279936,322,mRNA
65526,22280159,22280317,158,mRNA
65527,22281235,22281783,548,mRNA
65528,22282562,22282832,270,mRNA
65529,22282904,22284335,1431,mRNA
65530,22277713,22278731,1018,mRNA
65531,22278823,22279044,221,mRNA
65532,22279108,22279559,451,mRNA
65533,22279614,22279936,322,mRNA
65534,22280159,22280317,158,mRNA
65535,22281679,22281783,104,mRNA
65536,22282562,22282832,270,mRNA
65537,22282904,22283149,245,mRNA
65538,22283203,22284335,1132,mRNA
65539,22277713,22278731,1018,mRNA
65540,22278823,22279044,221,mRNA
65541,22279108,22279559,451,mRNA
65542,22279614,22279936,322,mRNA
65543,22281679,22281783,104,mRNA
65544,22282562,22282832,270,mRNA
65545,22282904,22283149,245,mRNA
65546,22283203,22284335,1132,mRNA
65547,22277713,22278731,1018,mRNA
65548,22278823,22279044,221,mRNA
65549,22279108,22279559,451,mRNA
65550,22279614,22279936,322,mRNA
65551,22280159,22280317,158,mRNA
65552,22281232,22281783,551,mRNA
65553,22282562,22282832,270,mRNA
65554,22282904,22283423,519,mRNA
65555,22277713,22278731,1018,mRNA
65556,22278823,22279044,221,mRNA
65557,22279108,22279559,451,mRNA
65558,22279614,22279936,322,mRNA
65559,22281232,22281783,551,mRNA
65560,22282562,22282832,270,mRNA
65561,22282904,22283423,519,mRNA
65562,22278052,22278731,679,CDS
65563,22278823,22279044,221,CDS
65564,22279108,22279559,451,CDS
65565,22279614,22279936,322,CDS
65566,22280159,22280317,158,CDS
65567,22281232,22281783,551,CDS
65568,22282562,22282832,270,CDS
65569,22282904,22283100,196,CDS
65570,22278052,22278731,679,CDS
65571,22278823,22279044,221,CDS
65572,22279108,22279559,451,CDS
65573,22279614,22279936,322,CDS
65574,22280159,22280317,158,CDS
65575,22281235,22281783,548,CDS
65576,22282562,22282832,270,CDS
65577,22282904,22283100,196,CDS
65578,22278052,22278731,679,CDS
65579,22278823,22279044,221,CDS
65580,22279108,22279559,451,CDS
65581,22279614,22279936,322,CDS
65582,22280159,22280317,158,CDS
65583,22281679,22281783,104,CDS
65584,22282562,22282832,270,CDS
65585,22282904,22283100,196,CDS
65586,22278052,22278731,679,CDS
65587,22278823,22279044,221,CDS
65588,22279108,22279559,451,CDS
65589,22279614,22279936,322,CDS
65590,22280159,22280317,158,CDS
65591,22281679,22281783,104,CDS
65592,22282562,22282832,270,CDS
65593,22282904,22283100,196,CDS
65594,22278052,22278731,679,CDS
65595,22278823,22279044,221,CDS
65596,22279108,22279559,451,CDS
65597,22279614,22279936,322,CDS
65598,22281232,22281783,551,CDS
65599,22282562,22282832,270,CDS
65600,22282904,22283100,196,CDS
65601,22278052,22278731,679,CDS
65602,22278823,22279044,221,CDS
65603,22279108,22279559,451,CDS
65604,22279614,22279936,322,CDS
65605,22281679,22281783,104,CDS
65606,22282562,22282832,270,CDS
65607,22282904,22283100,196,CDS
65608,22278052,22278731,679,CDS
65609,22278823,22279044,221,CDS
65610,22279108,22279559,451,CDS
65611,22279614,22279936,322,CDS
65612,22281679,22281783,104,CDS
65613,22282562,22282832,270,CDS
65614,22282904,22283100,196,CDS
65615,22282340,22282395,55,mobile_element
65616,22284354,22288195,3841,gene
65617,22286808,22288195,1387,mRNA
65618,22284354,22286742,2388,mRNA
65619,22286808,22287987,1179,CDS
65620,22284542,22286742,2200,CDS
65621,22288665,22292810,4145,gene
65622,22288665,22288939,274,mRNA
65623,22289004,22290255,1251,mRNA
65624,22290313,22291163,850,mRNA
65625,22291229,22291721,492,mRNA
65626,22291783,22292810,1027,mRNA
65627,22288665,22288740,75,mRNA
65628,22288795,22288939,144,mRNA
65629,22289004,22290255,1251,mRNA
65630,22290313,22291163,850,mRNA
65631,22291229,22291721,492,mRNA
65632,22291783,22292810,1027,mRNA
65633,22288665,22288715,50,mRNA
65634,22288795,22288939,144,mRNA
65635,22289004,22290255,1251,mRNA
65636,22290313,22291163,850,mRNA
65637,22291229,22291721,492,mRNA
65638,22291783,22292810,1027,mRNA
65639,22288797,22288939,142,CDS
65640,22289004,22290255,1251,CDS
65641,22290313,22291163,850,CDS
65642,22291229,22291721,492,CDS
65643,22291783,22292733,950,CDS
65644,22288797,22288939,142,CDS
65645,22289004,22290255,1251,CDS
65646,22290313,22291163,850,CDS
65647,22291229,22291721,492,CDS
65648,22291783,22292733,950,CDS
65649,22288797,22288939,142,CDS
65650,22289004,22290255,1251,CDS
65651,22290313,22291163,850,CDS
65652,22291229,22291721,492,CDS
65653,22291783,22292733,950,CDS
65654,22293044,22407863,114819,gene
65655,22406892,22407863,971,mRNA
65656,22340462,22340641,179,mRNA
65657,22307547,22308191,644,mRNA
65658,22304246,22304529,283,mRNA
65659,22303699,22304110,411,mRNA
65660,22303063,22303608,545,mRNA
65661,22302795,22303002,207,mRNA
65662,22297989,22301316,3327,mRNA
65663,22293044,22297879,4835,mRNA
65664,22406892,22407863,971,mRNA
65665,22340462,22340641,179,mRNA
65666,22307547,22308191,644,mRNA
65667,22306042,22306914,872,mRNA
65668,22304967,22305764,797,mRNA
65669,22304246,22304529,283,mRNA
65670,22303699,22304110,411,mRNA
65671,22303063,22303608,545,mRNA
65672,22302795,22303002,207,mRNA
65673,22301926,22301952,26,mRNA
65674,22297989,22301316,3327,mRNA
65675,22293984,22297879,3895,mRNA
65676,22406892,22407863,971,mRNA
65677,22340462,22340641,179,mRNA
65678,22307547,22308191,644,mRNA
65679,22306042,22306914,872,mRNA
65680,22304967,22305764,797,mRNA
65681,22304246,22304529,283,mRNA
65682,22303699,22304110,411,mRNA
65683,22303063,22303608,545,mRNA
65684,22302795,22303002,207,mRNA
65685,22301926,22301952,26,mRNA
65686,22297989,22301316,3327,mRNA
65687,22293984,22297879,3895,mRNA
65688,22406892,22407192,300,CDS
65689,22340462,22340641,179,CDS
65690,22307547,22308191,644,CDS
65691,22306042,22306914,872,CDS
65692,22304967,22305764,797,CDS
65693,22304246,22304529,283,CDS
65694,22303699,22304110,411,CDS
65695,22303063,22303608,545,CDS
65696,22302795,22303002,207,CDS
65697,22301926,22301952,26,CDS
65698,22297989,22301316,3327,CDS
65699,22295432,22297879,2447,CDS
65700,22406892,22407192,300,CDS
65701,22340462,22340641,179,CDS
65702,22307547,22308191,644,CDS
65703,22304246,22304529,283,CDS
65704,22303699,22304110,411,CDS
65705,22303063,22303608,545,CDS
65706,22302795,22303002,207,CDS
65707,22297989,22301316,3327,CDS
65708,22295588,22297879,2291,CDS
65709,22406892,22407192,300,CDS
65710,22340462,22340641,179,CDS
65711,22307547,22308191,644,CDS
65712,22306042,22306914,872,CDS
65713,22304967,22305764,797,CDS
65714,22304246,22304529,283,CDS
65715,22303699,22304110,411,CDS
65716,22303063,22303608,545,CDS
65717,22302795,22303002,207,CDS
65718,22301926,22301952,26,CDS
65719,22297989,22301316,3327,CDS
65720,22295588,22297879,2291,CDS
65721,22329778,22330657,879,gene
65722,22329778,22330157,379,mRNA
65723,22330217,22330657,440,mRNA
65724,22329894,22330157,263,CDS
65725,22330217,22330429,212,CDS
65726,22345383,22346236,853,gene
65727,22345383,22346236,853,ncRNA
65728,22348168,22407547,59379,gene
65729,22406892,22407547,655,ncRNA
65730,22348168,22350098,1930,ncRNA
65731,22350701,22351500,799,gene
65732,22350701,22351500,799,ncRNA
65733,22359458,22360868,1410,gene
65734,22359458,22360868,1410,ncRNA
65735,22420855,22421200,345,gene
65736,22420855,22421200,345,ncRNA
65737,22424469,22424909,440,gene
65738,22424469,22424909,440,ncRNA
65739,22454373,22455989,1616,gene
65740,22454373,22455989,1616,mRNA
65741,22454373,22455989,1616,CDS
65742,22458816,22461131,2315,gene
65743,22458816,22461131,2315,mRNA
65744,22459554,22460558,1004,CDS
65745,22465619,22468076,2457,gene
65746,22465619,22468076,2457,mRNA
65747,22466832,22468076,1244,mRNA
65748,22466910,22467935,1025,CDS
65749,22466910,22467935,1025,CDS
65750,22468862,22469853,991,gene
65751,22468862,22469853,991,mRNA
65752,22468873,22469790,917,CDS
65753,22470556,22473509,2953,gene
65754,22470556,22470794,238,mRNA
65755,22471867,22473509,1642,mRNA
65756,22472218,22473240,1022,CDS
65757,22473952,22474431,479,gene
65758,22473952,22474431,479,ncRNA
65759,22474795,22475792,997,gene
65760,22474795,22475792,997,mRNA
65761,22474833,22475750,917,CDS
65762,22496342,22497114,772,gene
65763,22496342,22497114,772,ncRNA
65764,22498310,22498839,529,gene
65765,22498310,22498839,529,ncRNA
65766,22501600,22502417,817,gene
65767,22501600,22502417,817,mRNA
65768,22501615,22502250,635,CDS
65769,22502978,22503830,852,gene
65770,22502978,22503830,852,mRNA
65771,22502994,22503755,761,CDS
65772,22503869,22504423,554,gene
65773,22503869,22504423,554,mRNA
65774,22503911,22504423,512,CDS
65775,22504487,22505218,731,gene
65776,22504487,22505218,731,mRNA
65777,22504594,22505178,584,CDS
65778,22507397,22507452,55,mobile_element
65779,22507993,22508158,165,mobile_element
65780,22510266,22511067,801,gene
65781,22510266,22511067,801,ncRNA
65782,22511861,22512300,439,mobile_element
65783,22518196,22518291,95,gene
65784,22518196,22518291,95,precursor_RNA
65785,22518210,22518231,21,ncRNA
65786,22518255,22518277,22,ncRNA
65787,22519073,22519112,39,mobile_element
65788,22532307,22533849,1542,mobile_element
65789,22547967,22548312,345,mobile_element
65790,22548437,22549342,905,gene
65791,22548437,22548544,107,mRNA
65792,22548592,22548752,160,mRNA
65793,22548806,22549342,536,mRNA
65794,22548437,22548544,107,mRNA
65795,22548601,22548752,151,mRNA
65796,22548806,22549342,536,mRNA
65797,22548460,22548544,84,CDS
65798,22548592,22548752,160,CDS
65799,22548806,22549129,323,CDS
65800,22548460,22548544,84,CDS
65801,22548601,22548752,151,CDS
65802,22548806,22549129,323,CDS
65803,22550226,22552019,1793,gene
65804,22550226,22552019,1793,mRNA
65805,22550321,22551871,1550,CDS
65806,22555825,22563237,7412,mobile_element
65807,22570364,22572033,1669,gene
65808,22570364,22572033,1669,ncRNA
65809,22573114,22637916,64802,gene
65810,22637195,22637916,721,mRNA
65811,22615708,22615794,86,mRNA
65812,22595872,22595910,38,mRNA
65813,22583003,22583362,359,mRNA
65814,22573114,22577137,4023,mRNA
65815,22637195,22637916,721,mRNA
65816,22615708,22615794,86,mRNA
65817,22595872,22595910,38,mRNA
65818,22583003,22583362,359,mRNA
65819,22575770,22577137,1367,mRNA
65820,22615708,22615726,18,CDS
65821,22595872,22595910,38,CDS
65822,22583003,22583362,359,CDS
65823,22577085,22577137,52,CDS
65824,22615708,22615726,18,CDS
65825,22595872,22595910,38,CDS
65826,22583003,22583362,359,CDS
65827,22577085,22577137,52,CDS
65828,22577677,22582395,4718,mobile_element
65829,22606369,22607126,757,gene
65830,22606369,22607126,757,mRNA
65831,22606439,22606876,437,CDS
65832,22607749,22608370,621,gene
65833,22607749,22608370,621,ncRNA
65834,22609700,22609777,77,mobile_element
65835,22617245,22624639,7394,mobile_element
65836,22638980,22639091,111,mobile_element
65837,22639153,22639504,351,mobile_element
65838,22640425,22640738,313,mobile_element
65839,22640762,22641123,361,mobile_element
65840,22641245,22641856,611,mobile_element
65841,22643881,22644470,589,gene
65842,22643881,22644470,589,ncRNA
65843,22645627,22646236,609,gene
65844,22645627,22645689,62,mRNA
65845,22645763,22646236,473,mRNA
65846,22645627,22645689,62,CDS
65847,22645763,22646236,473,CDS
65848,22646307,22646959,652,gene
65849,22646307,22646417,110,mRNA
65850,22646504,22646959,455,mRNA
65851,22646307,22646417,110,CDS
65852,22646504,22646959,455,CDS
65853,22647163,22647748,585,gene
65854,22647163,22647213,50,mRNA
65855,22647272,22647748,476,mRNA
65856,22647163,22647213,50,CDS
65857,22647272,22647748,476,CDS
65858,22647927,22648519,592,gene
65859,22647927,22647995,68,mRNA
65860,22648049,22648519,470,mRNA
65861,22647927,22647995,68,CDS
65862,22648049,22648519,470,CDS
65863,22648672,22649287,615,gene
65864,22648672,22648755,83,mRNA
65865,22648814,22649287,473,mRNA
65866,22648672,22648755,83,CDS
65867,22648814,22649287,473,CDS
65868,22649396,22649988,592,gene
65869,22649396,22649473,77,mRNA
65870,22649530,22649988,458,mRNA
65871,22649396,22649473,77,CDS
65872,22649530,22649988,458,CDS
65873,22651855,22652525,670,gene
65874,22652451,22652525,74,mRNA
65875,22652073,22652396,323,mRNA
65876,22651855,22652013,158,mRNA
65877,22652451,22652525,74,CDS
65878,22652073,22652396,323,CDS
65879,22651855,22652013,158,CDS
65880,22665300,22669528,4228,gene
65881,22669250,22669528,278,ncRNA
65882,22665300,22668580,3280,ncRNA
65883,22669289,22669380,91,gene
65884,22669289,22669380,91,precursor_RNA
65885,22669302,22669323,21,ncRNA
65886,22669343,22669365,22,ncRNA
65887,22669956,22680034,10078,gene
65888,22669956,22670029,73,mRNA
65889,22678296,22678717,421,mRNA
65890,22678793,22679144,351,mRNA
65891,22679203,22679356,153,mRNA
65892,22679418,22679701,283,mRNA
65893,22679764,22680034,270,mRNA
65894,22669956,22670029,73,mRNA
65895,22678296,22678717,421,mRNA
65896,22679052,22679144,92,mRNA
65897,22679203,22679356,153,mRNA
65898,22679418,22679701,283,mRNA
65899,22679764,22680034,270,mRNA
65900,22669956,22670029,73,mRNA
65901,22678296,22678717,421,mRNA
65902,22679055,22679144,89,mRNA
65903,22679203,22679356,153,mRNA
65904,22679418,22679701,283,mRNA
65905,22679764,22680034,270,mRNA
65906,22678633,22678717,84,CDS
65907,22679052,22679144,92,CDS
65908,22679203,22679356,153,CDS
65909,22679418,22679701,283,CDS
65910,22679764,22679963,199,CDS
65911,22678633,22678717,84,CDS
65912,22679055,22679144,89,CDS
65913,22679203,22679356,153,CDS
65914,22679418,22679701,283,CDS
65915,22679764,22679963,199,CDS
65916,22679467,22679701,234,CDS
65917,22679764,22679963,199,CDS
65918,22686360,22687087,727,gene
65919,22687006,22687087,81,mRNA
65920,22686360,22686940,580,mRNA
65921,22687006,22687083,77,CDS
65922,22686434,22686940,506,CDS
65923,22687222,22688288,1066,gene
65924,22687222,22687450,228,mRNA
65925,22687513,22687827,314,mRNA
65926,22687890,22688288,398,mRNA
65927,22687365,22687450,85,mRNA
65928,22687513,22687827,314,mRNA
65929,22687935,22688288,353,mRNA
65930,22687385,22687450,65,CDS
65931,22687513,22687827,314,CDS
65932,22687890,22688150,260,CDS
65933,22687385,22687450,65,CDS
65934,22687513,22687827,314,CDS
65935,22687935,22688150,215,CDS
65936,22691674,22692528,854,gene
65937,22691674,22692528,854,mRNA
65938,22692084,22692528,444,mRNA
65939,22692150,22692512,362,CDS
65940,22692150,22692512,362,CDS
65941,22693107,22693185,78,mobile_element
65942,22693324,22693812,488,gene
65943,22693324,22693812,488,mRNA
65944,22693436,22693789,353,CDS
65945,22694083,22694648,565,gene
65946,22694083,22694648,565,mRNA
65947,22694102,22694503,401,CDS
65948,22694907,22695243,336,mobile_element
65949,22695362,22696652,1290,mobile_element
65950,22695953,22696435,482,gene
65951,22695953,22696435,482,mRNA
65952,22695970,22696323,353,CDS
65953,22697230,22697970,740,gene
65954,22697230,22697970,740,mRNA
65955,22697230,22697673,443,mRNA
65956,22697247,22697609,362,CDS
65957,22697247,22697609,362,CDS
65958,22698076,22698332,256,mobile_element
65959,22699433,22699870,437,gene
65960,22699433,22699870,437,mRNA
65961,22699474,22699830,356,CDS
65962,22708936,22709918,982,gene
65963,22709719,22709918,199,ncRNA
65964,22709510,22709662,152,ncRNA
65965,22708936,22709446,510,ncRNA
65966,22712155,22713660,1505,gene
65967,22712155,22712383,228,mRNA
65968,22712502,22712672,170,mRNA
65969,22712738,22713660,922,mRNA
65970,22712155,22712383,228,mRNA
65971,22712502,22712672,170,mRNA
65972,22712753,22713660,907,mRNA
65973,22712305,22712383,78,CDS
65974,22712502,22712672,170,CDS
65975,22712738,22713528,790,CDS
65976,22712305,22712383,78,CDS
65977,22712502,22712672,170,CDS
65978,22712753,22713528,775,CDS
65979,22714313,22717577,3264,gene
65980,22717491,22717577,86,mRNA
65981,22716971,22717363,392,mRNA
65982,22716569,22716892,323,mRNA
65983,22716298,22716414,116,mRNA
65984,22716056,22716202,146,mRNA
65985,22715155,22715998,843,mRNA
65986,22714313,22715089,776,mRNA
65987,22717491,22717577,86,mRNA
65988,22716971,22717349,378,mRNA
65989,22716569,22716892,323,mRNA
65990,22716298,22716414,116,mRNA
65991,22716056,22716202,146,mRNA
65992,22715155,22715998,843,mRNA
65993,22714408,22715089,681,mRNA
65994,22717194,22717276,82,mRNA
65995,22716971,22717066,95,mRNA
65996,22716569,22716892,323,mRNA
65997,22716298,22716414,116,mRNA
65998,22716056,22716205,149,mRNA
65999,22715155,22715998,843,mRNA
66000,22714408,22715089,681,mRNA
66001,22717194,22717276,82,mRNA
66002,22716971,22717080,109,mRNA
66003,22716569,22716892,323,mRNA
66004,22716056,22716202,146,mRNA
66005,22715155,22715998,843,mRNA
66006,22714408,22715089,681,mRNA
66007,22717194,22717276,82,mRNA
66008,22716971,22717080,109,mRNA
66009,22716569,22716892,323,mRNA
66010,22716056,22716205,149,mRNA
66011,22715155,22715998,843,mRNA
66012,22714408,22715089,681,mRNA
66013,22717194,22717276,82,mRNA
66014,22716971,22717080,109,mRNA
66015,22716569,22716892,323,mRNA
66016,22716307,22716414,107,mRNA
66017,22716056,22716202,146,mRNA
66018,22715155,22715998,843,mRNA
66019,22714408,22715089,681,mRNA
66020,22717194,22717276,82,mRNA
66021,22716971,22717080,109,mRNA
66022,22716569,22716892,323,mRNA
66023,22716298,22716414,116,mRNA
66024,22716056,22716202,146,mRNA
66025,22715155,22715998,843,mRNA
66026,22714408,22715089,681,mRNA
66027,22716971,22717051,80,CDS
66028,22716569,22716892,323,CDS
66029,22716056,22716202,146,CDS
66030,22715155,22715998,843,CDS
66031,22714944,22715089,145,CDS
66032,22716971,22717051,80,CDS
66033,22716569,22716892,323,CDS
66034,22716056,22716205,149,CDS
66035,22715155,22715998,843,CDS
66036,22714944,22715089,145,CDS
66037,22716971,22717051,80,CDS
66038,22716569,22716892,323,CDS
66039,22716307,22716414,107,CDS
66040,22716056,22716202,146,CDS
66041,22715155,22715998,843,CDS
66042,22714944,22715089,145,CDS
66043,22716971,22717051,80,CDS
66044,22716569,22716892,323,CDS
66045,22716298,22716414,116,CDS
66046,22716056,22716202,146,CDS
66047,22715155,22715998,843,CDS
66048,22714944,22715089,145,CDS
66049,22716971,22717051,80,CDS
66050,22716569,22716892,323,CDS
66051,22716298,22716414,116,CDS
66052,22716056,22716202,146,CDS
66053,22715155,22715998,843,CDS
66054,22714944,22715089,145,CDS
66055,22716971,22717051,80,CDS
66056,22716569,22716892,323,CDS
66057,22716298,22716414,116,CDS
66058,22716056,22716202,146,CDS
66059,22715155,22715998,843,CDS
66060,22714944,22715089,145,CDS
66061,22716971,22717051,80,CDS
66062,22716569,22716892,323,CDS
66063,22716298,22716414,116,CDS
66064,22716056,22716205,149,CDS
66065,22715155,22715998,843,CDS
66066,22714944,22715089,145,CDS
66067,22717728,22719943,2215,gene
66068,22717728,22717888,160,mRNA
66069,22717975,22719943,1968,mRNA
66070,22717728,22719745,2017,mRNA
66071,22717728,22717888,160,mRNA
66072,22717975,22719745,1770,mRNA
66073,22717978,22719702,1724,CDS
66074,22717978,22719702,1724,CDS
66075,22717978,22719702,1724,CDS
66076,22720019,22720507,488,mobile_element
66077,22720519,22721098,579,mobile_element
66078,22721203,22726234,5031,gene
66079,22721203,22721475,272,mRNA
66080,22724193,22724685,492,mRNA
66081,22724740,22724929,189,mRNA
66082,22724986,22725542,556,mRNA
66083,22725605,22726234,629,mRNA
66084,22721230,22722091,861,gene
66085,22721230,22722091,861,mRNA
66086,22721247,22722041,794,CDS
66087,22722246,22722421,175,mobile_element
66088,22722902,22723682,780,mobile_element
66089,22723159,22723571,412,mobile_element
66090,22724233,22724685,452,mRNA
66091,22724731,22724929,198,mRNA
66092,22724986,22725542,556,mRNA
66093,22725605,22726234,629,mRNA
66094,22724233,22724685,452,mRNA
66095,22724740,22724929,189,mRNA
66096,22724986,22725542,556,mRNA
66097,22725605,22726234,629,mRNA
66098,22724233,22724412,179,mRNA
66099,22724484,22724685,201,mRNA
66100,22724740,22724929,189,mRNA
66101,22724986,22725542,556,mRNA
66102,22725605,22726234,629,mRNA
66103,22724566,22724685,119,CDS
66104,22724731,22724929,198,CDS
66105,22724986,22725542,556,CDS
66106,22725605,22726117,512,CDS
66107,22724566,22724685,119,CDS
66108,22724740,22724929,189,CDS
66109,22724986,22725542,556,CDS
66110,22725605,22726117,512,CDS
66111,22724566,22724685,119,CDS
66112,22724740,22724929,189,CDS
66113,22724986,22725542,556,CDS
66114,22725605,22726117,512,CDS
66115,22724566,22724685,119,CDS
66116,22724740,22724929,189,CDS
66117,22724986,22725542,556,CDS
66118,22725605,22726117,512,CDS
66119,22726234,22727789,1555,gene
66120,22727532,22727789,257,mRNA
66121,22726234,22727477,1243,mRNA
66122,22727528,22727789,261,mRNA
66123,22726234,22727477,1243,mRNA
66124,22727532,22727716,184,CDS
66125,22726544,22727477,933,CDS
66126,22727528,22727716,188,CDS
66127,22728111,22733446,5335,gene
66128,22728111,22729093,982,mRNA
66129,22732017,22732140,123,mRNA
66130,22732581,22732742,161,mRNA
66131,22732920,22733446,526,mRNA
66132,22728411,22729093,682,CDS
66133,22732017,22732140,123,CDS
66134,22732581,22732742,161,CDS
66135,22732920,22733039,119,CDS
66136,22729766,22731600,1834,gene
66137,22729766,22731600,1834,mRNA
66138,22729809,22731413,1604,CDS
66139,22732013,22738420,6407,gene
66140,22738248,22738420,172,mRNA
66141,22736442,22736766,324,mRNA
66142,22734909,22735983,1074,mRNA
66143,22732013,22733588,1575,mRNA
66144,22738248,22738420,172,mRNA
66145,22736442,22736766,324,mRNA
66146,22734909,22735983,1074,mRNA
66147,22733152,22733588,436,mRNA
66148,22738248,22738269,21,CDS
66149,22736442,22736766,324,CDS
66150,22734909,22735983,1074,CDS
66151,22733454,22733588,134,CDS
66152,22738248,22738269,21,CDS
66153,22736442,22736766,324,CDS
66154,22734909,22735983,1074,CDS
66155,22733454,22733588,134,CDS
66156,22738248,22738420,172,mRNA
66157,22736442,22736766,324,mRNA
66158,22734909,22735983,1074,mRNA
66159,22734436,22734736,300,mRNA
66160,22738248,22738269,21,CDS
66161,22736442,22736766,324,CDS
66162,22734909,22735983,1074,CDS
66163,22734632,22734736,104,CDS
66164,22737440,22737492,52,mobile_element
66165,22738602,22741388,2786,gene
66166,22740519,22741388,869,mRNA
66167,22739656,22740452,796,mRNA
66168,22739272,22739462,190,mRNA
66169,22738602,22739212,610,mRNA
66170,22738708,22739434,726,gene
66171,22738708,22738850,142,ncRNA
66172,22739084,22739231,147,ncRNA
66173,22739288,22739434,146,ncRNA
66174,22740519,22741176,657,CDS
66175,22739656,22740452,796,CDS
66176,22739272,22739462,190,CDS
66177,22739101,22739212,111,CDS
66178,22741793,22748614,6821,gene
66179,22741793,22742551,758,mRNA
66180,22745386,22746886,1500,mRNA
66181,22746956,22747099,143,mRNA
66182,22747161,22747363,202,mRNA
66183,22747432,22748614,1182,mRNA
66184,22742955,22743071,116,mobile_element
66185,22743571,22751730,8159,mobile_element
66186,22744915,22744979,64,mobile_element
66187,22745477,22746886,1409,CDS
66188,22746956,22747099,143,CDS
66189,22747161,22747363,202,CDS
66190,22747432,22747717,285,CDS
66191,22749444,22787631,38187,gene
66192,22749444,22749992,548,mRNA
66193,22777111,22778824,1713,mRNA
66194,22783420,22783735,315,mRNA
66195,22783788,22784752,964,mRNA
66196,22785260,22787631,2371,mRNA
66197,22749618,22749992,374,CDS
66198,22777111,22778824,1713,CDS
66199,22783420,22783735,315,CDS
66200,22783788,22784487,699,CDS
66201,22756216,22756255,39,mobile_element
66202,22756796,22757328,532,gene
66203,22756796,22757328,532,ncRNA
66204,22759024,22759146,122,mobile_element
66205,22759977,22760240,263,mRNA
66206,22760789,22760809,20,mRNA
66207,22777111,22778824,1713,mRNA
66208,22783065,22783238,173,mRNA
66209,22783420,22783735,315,mRNA
66210,22783788,22785235,1447,mRNA
66211,22759977,22760240,263,mRNA
66212,22777111,22778824,1713,mRNA
66213,22783420,22783735,315,mRNA
66214,22783788,22785235,1447,mRNA
66215,22759977,22760240,263,CDS
66216,22760789,22760809,20,CDS
66217,22777111,22778824,1713,CDS
66218,22783065,22783238,173,CDS
66219,22783420,22783735,315,CDS
66220,22783788,22784487,699,CDS
66221,22759977,22760240,263,CDS
66222,22777111,22778824,1713,CDS
66223,22783420,22783735,315,CDS
66224,22783788,22784487,699,CDS
66225,22760879,22761314,435,mobile_element
66226,22761446,22766814,5368,mobile_element
66227,22773536,22773716,180,mRNA
66228,22774738,22775137,399,mRNA
66229,22777111,22778824,1713,mRNA
66230,22783420,22783735,315,mRNA
66231,22783788,22785235,1447,mRNA
66232,22773536,22773716,180,mRNA
66233,22775315,22775371,56,mRNA
66234,22777111,22778824,1713,mRNA
66235,22783420,22783735,315,mRNA
66236,22783788,22785235,1447,mRNA
66237,22773536,22773716,180,mRNA
66238,22777111,22778824,1713,mRNA
66239,22783420,22783735,315,mRNA
66240,22783788,22785235,1447,mRNA
66241,22773536,22773716,180,mRNA
66242,22777111,22778824,1713,mRNA
66243,22783420,22783735,315,mRNA
66244,22783788,22785235,1447,mRNA
66245,22774037,22774403,366,mRNA
66246,22774738,22775137,399,mRNA
66247,22777111,22778824,1713,mRNA
66248,22783420,22783735,315,mRNA
66249,22783788,22785235,1447,mRNA
66250,22775114,22775137,23,CDS
66251,22777111,22778824,1713,CDS
66252,22783420,22783735,315,CDS
66253,22783788,22784487,699,CDS
66254,22775114,22775137,23,CDS
66255,22777111,22778824,1713,CDS
66256,22783420,22783735,315,CDS
66257,22783788,22784487,699,CDS
66258,22775327,22775371,44,CDS
66259,22777111,22778824,1713,CDS
66260,22783420,22783735,315,CDS
66261,22783788,22784487,699,CDS
66262,22777135,22778824,1689,CDS
66263,22783420,22783735,315,CDS
66264,22783788,22784532,744,CDS
66265,22777135,22778824,1689,CDS
66266,22783420,22783735,315,CDS
66267,22783788,22784487,699,CDS
66268,22780109,22780638,529,mobile_element
66269,22786396,22786530,134,mobile_element
66270,22788074,22788105,31,mobile_element
66271,22788439,22789247,808,gene
66272,22788439,22789247,808,mRNA
66273,22788521,22789138,617,CDS
66274,22789233,22835194,45961,gene
66275,22835169,22835194,25,mRNA
66276,22831937,22833799,1862,mRNA
66277,22800850,22801741,891,mRNA
66278,22799941,22800784,843,mRNA
66279,22799251,22799448,197,mRNA
66280,22798802,22799190,388,mRNA
66281,22789233,22798478,9245,mRNA
66282,22824041,22824835,794,mRNA
66283,22800850,22801741,891,mRNA
66284,22799941,22800784,843,mRNA
66285,22799251,22799448,197,mRNA
66286,22798799,22799202,403,mRNA
66287,22789233,22798478,9245,mRNA
66288,22835169,22835194,25,mRNA
66289,22831937,22833799,1862,mRNA
66290,22800850,22801741,891,mRNA
66291,22799941,22800784,843,mRNA
66292,22799251,22799448,197,mRNA
66293,22798802,22799190,388,mRNA
66294,22795977,22798478,2501,mRNA
66295,22831937,22833388,1451,mRNA
66296,22800850,22801741,891,mRNA
66297,22800025,22800784,759,mRNA
66298,22799251,22799448,197,mRNA
66299,22798802,22799190,388,mRNA
66300,22795977,22798478,2501,mRNA
66301,22824041,22824835,794,mRNA
66302,22800850,22801741,891,mRNA
66303,22800025,22800784,759,mRNA
66304,22799251,22799448,197,mRNA
66305,22798799,22799190,391,mRNA
66306,22795977,22798481,2504,mRNA
66307,22824041,22824835,794,mRNA
66308,22800850,22801741,891,mRNA
66309,22799941,22800784,843,mRNA
66310,22799251,22799448,197,mRNA
66311,22798802,22799190,388,mRNA
66312,22795977,22798478,2501,mRNA
66313,22800850,22801665,815,mRNA
66314,22799941,22800784,843,mRNA
66315,22799251,22799448,197,mRNA
66316,22798802,22799190,388,mRNA
66317,22795977,22798478,2501,mRNA
66318,22800850,22801314,464,CDS
66319,22799941,22800784,843,CDS
66320,22799251,22799448,197,CDS
66321,22798802,22799190,388,CDS
66322,22797558,22798478,920,CDS
66323,22800850,22801314,464,CDS
66324,22800025,22800784,759,CDS
66325,22799251,22799448,197,CDS
66326,22798802,22799190,388,CDS
66327,22797912,22798478,566,CDS
66328,22800850,22801314,464,CDS
66329,22800025,22800784,759,CDS
66330,22799251,22799448,197,CDS
66331,22798799,22799190,391,CDS
66332,22797912,22798481,569,CDS
66333,22800850,22801314,464,CDS
66334,22799941,22800784,843,CDS
66335,22799251,22799448,197,CDS
66336,22798802,22799190,388,CDS
66337,22797912,22798478,566,CDS
66338,22800850,22801314,464,CDS
66339,22799941,22800784,843,CDS
66340,22799251,22799448,197,CDS
66341,22798802,22799190,388,CDS
66342,22797912,22798478,566,CDS
66343,22800850,22801314,464,CDS
66344,22799941,22800784,843,CDS
66345,22799251,22799448,197,CDS
66346,22798802,22799190,388,CDS
66347,22797912,22798478,566,CDS
66348,22800850,22801314,464,CDS
66349,22799941,22800784,843,CDS
66350,22799251,22799448,197,CDS
66351,22798799,22799202,403,CDS
66352,22797912,22798478,566,CDS
66353,22803767,22811374,7607,mobile_element
66354,22811916,22812230,314,mobile_element
66355,22812270,22819638,7368,mobile_element
66356,22819753,22820076,323,mobile_element
66357,22836555,22837070,515,gene
66358,22836555,22837070,515,mRNA
66359,22836735,22837022,287,CDS
66360,22837068,22838170,1102,gene
66361,22837068,22838170,1102,mRNA
66362,22837146,22837736,590,CDS
66363,22840293,22841302,1009,gene
66364,22840293,22841302,1009,ncRNA
66365,22840898,22841302,404,ncRNA
66366,22843264,22843346,82,gene
66367,22843264,22843346,82,tRNA
66368,22844778,22845214,436,mobile_element
66369,22847725,22847796,71,gene
66370,22847725,22847796,71,tRNA
66371,22848616,22848646,30,mobile_element
66372,22850111,22854434,4323,gene
66373,22850111,22850372,261,ncRNA
66374,22852411,22854434,2023,ncRNA
66375,22852141,22852194,53,ncRNA
66376,22852411,22853768,1357,ncRNA
66377,22852270,22853512,1242,gene
66378,22852270,22853512,1242,mRNA
66379,22852394,22853248,854,CDS
66380,22854191,22854399,208,mobile_element
66381,22854583,22856059,1476,gene
66382,22855792,22856059,267,mRNA
66383,22855547,22855738,191,mRNA
66384,22854583,22855498,915,mRNA
66385,22855792,22855995,203,CDS
66386,22855547,22855738,191,CDS
66387,22854827,22855498,671,CDS
66388,22860787,22861490,703,gene
66389,22860787,22861490,703,mRNA
66390,22860787,22861245,458,CDS
66391,22861391,22861453,62,mobile_element
66392,22863864,22864496,632,gene
66393,22863864,22864496,632,mRNA
66394,22863864,22864259,395,mRNA
66395,22863983,22864159,176,CDS
66396,22863983,22864159,176,CDS
66397,22864600,22867535,2935,gene
66398,22864600,22864925,325,mRNA
66399,22865771,22865824,53,mRNA
66400,22865878,22865960,82,mRNA
66401,22867400,22867535,135,mRNA
66402,22864842,22864925,83,mRNA
66403,22865771,22865824,53,mRNA
66404,22865878,22865960,82,mRNA
66405,22867400,22867535,135,mRNA
66406,22864911,22864925,14,CDS
66407,22865771,22865824,53,CDS
66408,22865878,22865960,82,CDS
66409,22867400,22867463,63,CDS
66410,22864911,22864925,14,CDS
66411,22865771,22865824,53,CDS
66412,22865878,22865960,82,CDS
66413,22867400,22867463,63,CDS
66414,22865486,22865696,210,mRNA
66415,22865771,22865824,53,mRNA
66416,22865878,22866034,156,mRNA
66417,22867116,22867535,419,mRNA
66418,22865541,22865696,155,CDS
66419,22865771,22865824,53,CDS
66420,22865878,22865964,86,CDS
66421,22866039,22867112,1073,mobile_element
66422,22867175,22868243,1068,gene
66423,22868097,22868243,146,mRNA
66424,22867907,22868036,129,mRNA
66425,22867175,22867854,679,mRNA
66426,22868097,22868243,146,mRNA
66427,22867907,22868036,129,mRNA
66428,22867488,22867854,366,mRNA
66429,22868097,22868152,55,CDS
66430,22867907,22868036,129,CDS
66431,22867540,22867854,314,CDS
66432,22868097,22868152,55,CDS
66433,22867907,22868036,129,CDS
66434,22867540,22867854,314,CDS
66435,22868380,22872231,3851,gene
66436,22871924,22872052,128,mRNA
66437,22869842,22870065,223,mRNA
66438,22869665,22869774,109,mRNA
66439,22869346,22869471,125,mRNA
66440,22868380,22869246,866,mRNA
66441,22872057,22872231,174,mRNA
66442,22869842,22870150,308,mRNA
66443,22869665,22869774,109,mRNA
66444,22869346,22869471,125,mRNA
66445,22868508,22869246,738,mRNA
66446,22871924,22872052,128,mRNA
66447,22869842,22870150,308,mRNA
66448,22869665,22869774,109,mRNA
66449,22869346,22869471,125,mRNA
66450,22868508,22869246,738,mRNA
66451,22871924,22872052,128,mRNA
66452,22870215,22870294,79,mRNA
66453,22869842,22870150,308,mRNA
66454,22869665,22869774,109,mRNA
66455,22869346,22869471,125,mRNA
66456,22868508,22869246,738,mRNA
66457,22871460,22871724,264,mRNA
66458,22869842,22870065,223,mRNA
66459,22869665,22869774,109,mRNA
66460,22869346,22869471,125,mRNA
66461,22868508,22869246,738,mRNA
66462,22871460,22871724,264,mRNA
66463,22869842,22870150,308,mRNA
66464,22869665,22869774,109,mRNA
66465,22869346,22869471,125,mRNA
66466,22868508,22869246,738,mRNA
66467,22871320,22871559,239,mRNA
66468,22869842,22870150,308,mRNA
66469,22869665,22869774,109,mRNA
66470,22869346,22869471,125,mRNA
66471,22868508,22869246,738,mRNA
66472,22870847,22871087,240,mRNA
66473,22869842,22870150,308,mRNA
66474,22869665,22869774,109,mRNA
66475,22869346,22869471,125,mRNA
66476,22868508,22869246,738,mRNA
66477,22869842,22869989,147,CDS
66478,22869665,22869774,109,CDS
66479,22869346,22869471,125,CDS
66480,22869082,22869246,164,CDS
66481,22869842,22869989,147,CDS
66482,22869665,22869774,109,CDS
66483,22869346,22869471,125,CDS
66484,22869082,22869246,164,CDS
66485,22869842,22869989,147,CDS
66486,22869665,22869774,109,CDS
66487,22869346,22869471,125,CDS
66488,22869082,22869246,164,CDS
66489,22869842,22869989,147,CDS
66490,22869665,22869774,109,CDS
66491,22869346,22869471,125,CDS
66492,22869082,22869246,164,CDS
66493,22869842,22869989,147,CDS
66494,22869665,22869774,109,CDS
66495,22869346,22869471,125,CDS
66496,22869082,22869246,164,CDS
66497,22869842,22869989,147,CDS
66498,22869665,22869774,109,CDS
66499,22869346,22869471,125,CDS
66500,22869082,22869246,164,CDS
66501,22869842,22869989,147,CDS
66502,22869665,22869774,109,CDS
66503,22869346,22869471,125,CDS
66504,22869082,22869246,164,CDS
66505,22869842,22869989,147,CDS
66506,22869665,22869774,109,CDS
66507,22869346,22869471,125,CDS
66508,22869082,22869246,164,CDS
66509,22869545,22869622,77,gene
66510,22869545,22869622,77,ncRNA
66511,22871813,22872107,294,gene
66512,22871813,22872107,294,ncRNA
66513,22872200,22873702,1502,gene
66514,22872200,22872346,146,mRNA
66515,22872435,22873702,1267,mRNA
66516,22872258,22873702,1444,mRNA
66517,22872281,22872346,65,CDS
66518,22872435,22873688,1253,CDS
66519,22872380,22873723,1343,gene
66520,22872380,22873723,1343,ncRNA
66521,22872612,22873688,1076,CDS
66522,22873702,22878984,5282,gene
66523,22878634,22878984,350,mRNA
66524,22877937,22878018,81,mRNA
66525,22877450,22877875,425,mRNA
66526,22876457,22877388,931,mRNA
66527,22875124,22876390,1266,mRNA
66528,22873702,22874699,997,mRNA
66529,22878703,22878768,65,mRNA
66530,22877937,22878018,81,mRNA
66531,22877450,22877875,425,mRNA
66532,22876457,22877388,931,mRNA
66533,22875124,22876390,1266,mRNA
66534,22873702,22874699,997,mRNA
66535,22878634,22878768,134,mRNA
66536,22877937,22878018,81,mRNA
66537,22877450,22877875,425,mRNA
66538,22876457,22877388,931,mRNA
66539,22875124,22876390,1266,mRNA
66540,22873702,22874699,997,mRNA
66541,22878634,22878768,134,mRNA
66542,22878151,22878225,74,mRNA
66543,22877937,22878018,81,mRNA
66544,22877450,22877875,425,mRNA
66545,22876457,22877388,931,mRNA
66546,22875124,22876390,1266,mRNA
66547,22873702,22874699,997,mRNA
66548,22877937,22878184,247,mRNA
66549,22877450,22877875,425,mRNA
66550,22876457,22877388,931,mRNA
66551,22875124,22876390,1266,mRNA
66552,22873702,22874699,997,mRNA
66553,22877937,22877994,57,CDS
66554,22877450,22877875,425,CDS
66555,22876457,22877388,931,CDS
66556,22875124,22876390,1266,CDS
66557,22874602,22874699,97,CDS
66558,22877937,22877994,57,CDS
66559,22877450,22877875,425,CDS
66560,22876457,22877388,931,CDS
66561,22875124,22876390,1266,CDS
66562,22874602,22874699,97,CDS
66563,22877937,22877994,57,CDS
66564,22877450,22877875,425,CDS
66565,22876457,22877388,931,CDS
66566,22875124,22876390,1266,CDS
66567,22874602,22874699,97,CDS
66568,22877937,22877994,57,CDS
66569,22877450,22877875,425,CDS
66570,22876457,22877388,931,CDS
66571,22875124,22876390,1266,CDS
66572,22874602,22874699,97,CDS
66573,22877937,22877994,57,CDS
66574,22877450,22877875,425,CDS
66575,22876457,22877388,931,CDS
66576,22875124,22876390,1266,CDS
66577,22874602,22874699,97,CDS
66578,22874925,22875069,144,mobile_element
66579,22879089,22880963,1874,gene
66580,22879089,22879148,59,mRNA
66581,22879206,22879430,224,mRNA
66582,22879484,22879825,341,mRNA
66583,22879878,22880963,1085,mRNA
66584,22879246,22879430,184,mRNA
66585,22879484,22879825,341,mRNA
66586,22879878,22880963,1085,mRNA
66587,22879259,22880399,1140,gene
66588,22879259,22880399,1140,ncRNA
66589,22879366,22879430,64,CDS
66590,22879484,22879825,341,CDS
66591,22879878,22880787,909,CDS
66592,22879366,22879430,64,CDS
66593,22879484,22879825,341,CDS
66594,22879878,22880787,909,CDS
66595,22881045,22893821,12776,gene
66596,22881045,22881398,353,mRNA
66597,22891365,22892495,1130,mRNA
66598,22892563,22893821,1258,mRNA
66599,22883443,22883529,86,mobile_element
66600,22884585,22884738,153,mobile_element
66601,22884800,22885018,218,mobile_element
66602,22885175,22885437,262,mRNA
66603,22891365,22892495,1130,mRNA
66604,22892563,22893821,1258,mRNA
66605,22889263,22889395,132,mRNA
66606,22891365,22892495,1130,mRNA
66607,22892563,22893821,1258,mRNA
66608,22890587,22890811,224,mobile_element
66609,22891367,22892495,1128,CDS
66610,22892563,22893248,685,CDS
66611,22891367,22892495,1128,CDS
66612,22892563,22893248,685,CDS
66613,22891367,22892495,1128,CDS
66614,22892563,22893248,685,CDS
66615,22896127,22896619,492,gene
66616,22896127,22896619,492,ncRNA
66617,22898191,22898580,389,gene
66618,22898191,22898580,389,ncRNA
66619,22898744,22900262,1518,gene
66620,22898744,22899270,526,mRNA
66621,22899411,22900262,851,mRNA
66622,22899174,22899270,96,mRNA
66623,22899411,22900262,851,mRNA
66624,22899268,22899270,2,CDS
66625,22899411,22900097,686,CDS
66626,22899268,22899270,2,CDS
66627,22899411,22900097,686,CDS
66628,22901912,22905470,3558,gene
66629,22901912,22905470,3558,mRNA
66630,22902004,22905183,3179,CDS
66631,22905485,22905694,209,mobile_element
66632,22905974,22906368,394,mobile_element
66633,22908551,22908614,63,mobile_element
66634,22909318,22909687,369,gene
66635,22909318,22909687,369,ncRNA
66636,22910491,22923532,13041,gene
66637,22910491,22910572,81,mRNA
66638,22911590,22911755,165,mRNA
66639,22911834,22912233,399,mRNA
66640,22913264,22914299,1035,mRNA
66641,22923362,22923532,170,mRNA
66642,22910491,22910572,81,mRNA
66643,22911834,22912233,399,mRNA
66644,22913264,22914299,1035,mRNA
66645,22923362,22923532,170,mRNA
66646,22910491,22910555,64,mRNA
66647,22911834,22912233,399,mRNA
66648,22913264,22914758,1494,mRNA
66649,22910833,22911151,318,mRNA
66650,22911834,22912233,399,mRNA
66651,22913264,22914758,1494,mRNA
66652,22911926,22912233,307,CDS
66653,22913264,22914245,981,CDS
66654,22911926,22912233,307,CDS
66655,22913264,22914245,981,CDS
66656,22911926,22912233,307,CDS
66657,22913264,22914245,981,CDS
66658,22911926,22912233,307,CDS
66659,22913264,22914245,981,CDS
66660,22912345,22912684,339,mobile_element
66661,22915802,22916299,497,mobile_element
66662,22932576,22932759,183,mobile_element
66663,22932794,22933268,474,mobile_element
66664,22938400,22938922,522,mobile_element
66665,22938923,22939836,913,mobile_element
66666,22940078,22940168,90,mobile_element
66667,22942021,22942250,229,mobile_element
66668,22942775,22942982,207,mobile_element
66669,22943032,22943106,74,mobile_element
66670,22944079,22944318,239,mobile_element
66671,22944373,22944653,280,mobile_element
66672,22944658,22944718,60,mobile_element
66673,22945116,22945207,91,gene
66674,22945116,22945207,91,precursor_RNA
66675,22945131,22945153,22,ncRNA
66676,22945171,22945192,21,ncRNA
66677,22945657,22952248,6591,gene
66678,22945657,22945940,283,mRNA
66679,22946270,22946570,300,mRNA
66680,22950532,22952248,1716,mRNA
66681,22945787,22945940,153,CDS
66682,22946270,22946570,300,CDS
66683,22950532,22951390,858,CDS
66684,22945995,22946184,189,mRNA
66685,22946270,22946570,300,mRNA
66686,22950532,22952248,1716,mRNA
66687,22946311,22946570,259,CDS
66688,22950532,22951390,858,CDS
66689,22953840,22954240,400,mobile_element
66690,22954421,22955302,881,gene
66691,22954421,22955302,881,mRNA
66692,22954527,22955285,758,CDS
66693,22955686,22955750,64,mobile_element
66694,22957601,22957889,288,mobile_element
66695,22960930,22961668,738,gene
66696,22960930,22961668,738,ncRNA
66697,22963064,22963200,136,mobile_element
66698,22965782,22966265,483,mobile_element
66699,22968033,22968160,127,mobile_element
66700,22968745,22968952,207,mobile_element
66701,22971397,22971483,86,mobile_element
66702,22972516,22972576,60,mobile_element
66703,22972667,22972728,61,mobile_element
66704,22973487,22973563,76,mobile_element
66705,22973653,22973781,128,mobile_element
66706,22973964,22974096,132,mobile_element
66707,22976134,22976266,132,mobile_element
66708,22976632,22976944,312,mobile_element
66709,22976953,22977127,174,mobile_element
66710,22977179,22977414,235,mobile_element
66711,22980719,22980756,37,mobile_element
66712,22980824,22981708,884,mobile_element
66713,22982507,22982836,329,mobile_element
66714,22983079,22983128,49,mobile_element
66715,22983229,22983561,332,mobile_element
66716,22984202,22984285,83,mobile_element
66717,22986322,22986415,93,mobile_element
66718,22986429,22986643,214,mobile_element
66719,22986815,22986878,63,mobile_element
66720,22987642,22988262,620,gene
66721,22987642,22988262,620,mRNA
66722,22987642,22987792,150,mRNA
66723,22987859,22988262,403,mRNA
66724,22987669,22988160,491,CDS
66725,22987669,22987792,123,CDS
66726,22987859,22988160,301,CDS
66727,22988421,22988498,77,mobile_element
66728,22988530,22988605,75,mobile_element
66729,22989917,22996833,6916,mobile_element
66730,22997612,22997889,277,mobile_element
66731,22998372,23040300,41928,gene
66732,22998372,22998766,394,mRNA
66733,23002053,23002443,390,mRNA
66734,23007328,23007499,171,mRNA
66735,23007559,23007707,148,mRNA
66736,23010850,23011020,170,mRNA
66737,23011438,23011596,158,mRNA
66738,23011741,23011817,76,mRNA
66739,23012723,23012821,98,mRNA
66740,23012880,23013039,159,mRNA
66741,23013194,23013305,111,mRNA
66742,23013769,23013950,181,mRNA
66743,23014019,23014194,175,mRNA
66744,23014431,23014562,131,mRNA
66745,23014633,23014748,115,mRNA
66746,23015178,23015562,384,mRNA
66747,23018968,23019097,129,mRNA
66748,23019155,23019250,95,mRNA
66749,23019309,23019467,158,mRNA
66750,23019530,23019612,82,mRNA
66751,23020656,23020842,186,mRNA
66752,23024029,23024169,140,mRNA
66753,23029837,23029931,94,mRNA
66754,23030819,23032201,1382,mRNA
66755,23033494,23034387,893,mRNA
66756,23038012,23040300,2288,mRNA
66757,22998372,22998766,394,mRNA
66758,23002053,23002443,390,mRNA
66759,23007328,23007499,171,mRNA
66760,23007559,23007707,148,mRNA
66761,23010850,23011020,170,mRNA
66762,23011438,23011596,158,mRNA
66763,23011741,23011817,76,mRNA
66764,23012723,23012821,98,mRNA
66765,23012880,23013039,159,mRNA
66766,23013194,23013305,111,mRNA
66767,23013769,23013950,181,mRNA
66768,23014019,23014194,175,mRNA
66769,23014431,23014562,131,mRNA
66770,23014633,23015562,929,mRNA
66771,23018968,23019097,129,mRNA
66772,23019155,23019250,95,mRNA
66773,23019309,23019467,158,mRNA
66774,23019530,23019612,82,mRNA
66775,23020656,23020842,186,mRNA
66776,23021679,23021708,29,mRNA
66777,23024029,23024169,140,mRNA
66778,23029837,23029931,94,mRNA
66779,23037638,23037753,115,mRNA
66780,23038012,23038277,265,mRNA
66781,22998372,22998766,394,mRNA
66782,23002053,23002443,390,mRNA
66783,23007328,23007499,171,mRNA
66784,23007559,23007707,148,mRNA
66785,23010850,23011020,170,mRNA
66786,23011438,23011596,158,mRNA
66787,23011741,23011817,76,mRNA
66788,23012723,23012821,98,mRNA
66789,23012880,23013039,159,mRNA
66790,23013194,23013305,111,mRNA
66791,23013769,23013950,181,mRNA
66792,23014019,23014194,175,mRNA
66793,23014431,23014562,131,mRNA
66794,23014633,23014748,115,mRNA
66795,23015178,23015562,384,mRNA
66796,23018968,23019097,129,mRNA
66797,23019155,23019250,95,mRNA
66798,23019309,23019467,158,mRNA
66799,23019530,23019612,82,mRNA
66800,23020656,23020842,186,mRNA
66801,23021679,23021708,29,mRNA
66802,23024029,23024169,140,mRNA
66803,23029837,23029931,94,mRNA
66804,23038012,23038277,265,mRNA
66805,22998372,22998766,394,mRNA
66806,23002053,23002443,390,mRNA
66807,23007328,23007499,171,mRNA
66808,23007559,23007707,148,mRNA
66809,23010850,23011020,170,mRNA
66810,23011438,23011596,158,mRNA
66811,23011741,23011817,76,mRNA
66812,23012723,23012821,98,mRNA
66813,23012880,23013039,159,mRNA
66814,23013194,23013305,111,mRNA
66815,23013769,23013950,181,mRNA
66816,23014019,23014194,175,mRNA
66817,23014431,23014562,131,mRNA
66818,23014633,23014748,115,mRNA
66819,23015178,23015562,384,mRNA
66820,23018968,23019097,129,mRNA
66821,23019155,23019250,95,mRNA
66822,23019309,23019467,158,mRNA
66823,23019530,23019612,82,mRNA
66824,23020656,23020842,186,mRNA
66825,23024029,23024169,140,mRNA
66826,23025086,23025119,33,mRNA
66827,23025544,23026187,643,mRNA
66828,23026308,23026667,359,mRNA
66829,23029837,23029931,94,mRNA
66830,23030819,23032201,1382,mRNA
66831,23033494,23034387,893,mRNA
66832,23038012,23038277,265,mRNA
66833,22998372,22998766,394,mRNA
66834,23002053,23002443,390,mRNA
66835,23007328,23007499,171,mRNA
66836,23007559,23007707,148,mRNA
66837,23010850,23011020,170,mRNA
66838,23011438,23011596,158,mRNA
66839,23011741,23011817,76,mRNA
66840,23012723,23012821,98,mRNA
66841,23012880,23013039,159,mRNA
66842,23013194,23013305,111,mRNA
66843,23013769,23013950,181,mRNA
66844,23014019,23014194,175,mRNA
66845,23014431,23014562,131,mRNA
66846,23014633,23014748,115,mRNA
66847,23015178,23015562,384,mRNA
66848,23018968,23019097,129,mRNA
66849,23019155,23019250,95,mRNA
66850,23019309,23019467,158,mRNA
66851,23019530,23019612,82,mRNA
66852,23020656,23020842,186,mRNA
66853,23024029,23024169,140,mRNA
66854,23025086,23025119,33,mRNA
66855,23029837,23029931,94,mRNA
66856,23038012,23038277,265,mRNA
66857,22998372,22998766,394,mRNA
66858,23002053,23002443,390,mRNA
66859,23007328,23007499,171,mRNA
66860,23007559,23007707,148,mRNA
66861,23010850,23011020,170,mRNA
66862,23011438,23011596,158,mRNA
66863,23011741,23011817,76,mRNA
66864,23012723,23012821,98,mRNA
66865,23012880,23013039,159,mRNA
66866,23013194,23013305,111,mRNA
66867,23013769,23013950,181,mRNA
66868,23014019,23014194,175,mRNA
66869,23014431,23014562,131,mRNA
66870,23014633,23014748,115,mRNA
66871,23015178,23015562,384,mRNA
66872,23018968,23019097,129,mRNA
66873,23019155,23019250,95,mRNA
66874,23019309,23019467,158,mRNA
66875,23019530,23019612,82,mRNA
66876,23020656,23020842,186,mRNA
66877,23024029,23024169,140,mRNA
66878,23029837,23029931,94,mRNA
66879,23038012,23038277,265,mRNA
66880,22999734,23000135,401,mobile_element
66881,23000939,23001687,748,mobile_element
66882,23002308,23002443,135,CDS
66883,23007328,23007499,171,CDS
66884,23007559,23007707,148,CDS
66885,23010850,23011020,170,CDS
66886,23011438,23011596,158,CDS
66887,23011741,23011817,76,CDS
66888,23012723,23012821,98,CDS
66889,23012880,23013039,159,CDS
66890,23013194,23013305,111,CDS
66891,23013769,23013950,181,CDS
66892,23014019,23014194,175,CDS
66893,23014431,23014562,131,CDS
66894,23014633,23014748,115,CDS
66895,23015178,23015562,384,CDS
66896,23018968,23019097,129,CDS
66897,23019155,23019250,95,CDS
66898,23019309,23019467,158,CDS
66899,23019530,23019612,82,CDS
66900,23020656,23020842,186,CDS
66901,23021679,23021708,29,CDS
66902,23024029,23024169,140,CDS
66903,23029837,23029931,94,CDS
66904,23038012,23038158,146,CDS
66905,23002308,23002443,135,CDS
66906,23007328,23007499,171,CDS
66907,23007559,23007707,148,CDS
66908,23010850,23011020,170,CDS
66909,23011438,23011596,158,CDS
66910,23011741,23011817,76,CDS
66911,23012723,23012821,98,CDS
66912,23012880,23013039,159,CDS
66913,23013194,23013305,111,CDS
66914,23013769,23013950,181,CDS
66915,23014019,23014194,175,CDS
66916,23014431,23014562,131,CDS
66917,23014633,23014748,115,CDS
66918,23015178,23015562,384,CDS
66919,23018968,23019097,129,CDS
66920,23019155,23019250,95,CDS
66921,23019309,23019467,158,CDS
66922,23019530,23019612,82,CDS
66923,23020656,23020842,186,CDS
66924,23024029,23024169,140,CDS
66925,23025086,23025119,33,CDS
66926,23025544,23026187,643,CDS
66927,23026308,23026667,359,CDS
66928,23029837,23029931,94,CDS
66929,23030819,23032201,1382,CDS
66930,23033494,23034387,893,CDS
66931,23038012,23038158,146,CDS
66932,23002308,23002443,135,CDS
66933,23007328,23007499,171,CDS
66934,23007559,23007707,148,CDS
66935,23010850,23011020,170,CDS
66936,23011438,23011596,158,CDS
66937,23011741,23011817,76,CDS
66938,23012723,23012821,98,CDS
66939,23012880,23013039,159,CDS
66940,23013194,23013305,111,CDS
66941,23013769,23013950,181,CDS
66942,23014019,23014194,175,CDS
66943,23014431,23014562,131,CDS
66944,23014633,23014748,115,CDS
66945,23015178,23015562,384,CDS
66946,23018968,23019097,129,CDS
66947,23019155,23019250,95,CDS
66948,23019309,23019467,158,CDS
66949,23019530,23019612,82,CDS
66950,23020656,23020842,186,CDS
66951,23024029,23024169,140,CDS
66952,23029837,23029931,94,CDS
66953,23030819,23032201,1382,CDS
66954,23033494,23034387,893,CDS
66955,23038012,23038158,146,CDS
66956,23002308,23002443,135,CDS
66957,23007328,23007499,171,CDS
66958,23007559,23007707,148,CDS
66959,23010850,23011020,170,CDS
66960,23011438,23011596,158,CDS
66961,23011741,23011817,76,CDS
66962,23012723,23012821,98,CDS
66963,23012880,23013039,159,CDS
66964,23013194,23013305,111,CDS
66965,23013769,23013950,181,CDS
66966,23014019,23014194,175,CDS
66967,23014431,23014562,131,CDS
66968,23014633,23014748,115,CDS
66969,23015178,23015562,384,CDS
66970,23018968,23019097,129,CDS
66971,23019155,23019250,95,CDS
66972,23019309,23019467,158,CDS
66973,23019530,23019612,82,CDS
66974,23020656,23020842,186,CDS
66975,23024029,23024169,140,CDS
66976,23029837,23029931,94,CDS
66977,23038012,23038158,146,CDS
66978,23002308,23002443,135,CDS
66979,23007328,23007499,171,CDS
66980,23007559,23007707,148,CDS
66981,23010850,23011020,170,CDS
66982,23011438,23011596,158,CDS
66983,23011741,23011817,76,CDS
66984,23012723,23012821,98,CDS
66985,23012880,23013039,159,CDS
66986,23013194,23013305,111,CDS
66987,23013769,23013950,181,CDS
66988,23014019,23014194,175,CDS
66989,23014431,23014562,131,CDS
66990,23014633,23015562,929,CDS
66991,23018968,23019097,129,CDS
66992,23019155,23019250,95,CDS
66993,23019309,23019467,158,CDS
66994,23019530,23019612,82,CDS
66995,23020656,23020842,186,CDS
66996,23021679,23021708,29,CDS
66997,23024029,23024169,140,CDS
66998,23029837,23029931,94,CDS
66999,23037638,23037691,53,CDS
67000,23002308,23002443,135,CDS
67001,23007328,23007499,171,CDS
67002,23007559,23007707,148,CDS
67003,23010850,23011020,170,CDS
67004,23011438,23011596,158,CDS
67005,23011741,23011817,76,CDS
67006,23012723,23012821,98,CDS
67007,23012880,23013039,159,CDS
67008,23013194,23013305,111,CDS
67009,23013769,23013950,181,CDS
67010,23014019,23014194,175,CDS
67011,23014431,23014562,131,CDS
67012,23014633,23014748,115,CDS
67013,23015178,23015562,384,CDS
67014,23018968,23019097,129,CDS
67015,23019155,23019250,95,CDS
67016,23019309,23019467,158,CDS
67017,23019530,23019612,82,CDS
67018,23020656,23020842,186,CDS
67019,23024029,23024169,140,CDS
67020,23025086,23025119,33,CDS
67021,23029837,23029891,54,CDS
67022,23002677,23002950,273,mobile_element
67023,23003670,23003771,101,mobile_element
67024,23004182,23004312,130,mobile_element
67025,23004700,23004842,142,mobile_element
67026,23005640,23006278,638,mobile_element
67027,23006313,23006847,534,mobile_element
67028,23008290,23008406,116,mobile_element
67029,23008600,23008913,313,mobile_element
67030,23016685,23017861,1176,mobile_element
67031,23018033,23018300,267,mobile_element
67032,23021443,23021574,131,mobile_element
67033,23022458,23023339,881,mobile_element
67034,23022550,23023214,664,mobile_element
67035,23023576,23023803,227,mobile_element
67036,23026952,23027092,140,mobile_element
67037,23027806,23029190,1384,mobile_element
67038,23032403,23032718,315,mobile_element
67039,23035368,23035571,203,mobile_element
67040,23036067,23036402,335,mobile_element
67041,23036420,23036598,178,mobile_element
67042,23039222,23039688,466,mobile_element
67043,23040569,23040802,233,mobile_element
67044,23040988,23041099,111,mobile_element
67045,23042332,23048781,6449,mobile_element
67046,23049106,23049899,793,mobile_element
67047,23049249,23049832,583,mobile_element
67048,23049900,23053301,3401,mobile_element
67049,23053311,23054210,899,mobile_element
67050,23054474,23054955,481,mobile_element
67051,23054956,23055001,45,mobile_element
67052,23055008,23055408,400,mobile_element
67053,23055986,23057424,1438,mobile_element
67054,23057480,23060851,3371,mobile_element
67055,23061575,23062678,1103,mobile_element
67056,23062982,23063035,53,mobile_element
67057,23064787,23064970,183,mobile_element
67058,23065031,23065345,314,mobile_element
67059,23065350,23066420,1070,mobile_element
67060,23066421,23066617,196,mobile_element
67061,23066618,23068219,1601,mobile_element
67062,23069429,23069712,283,mobile_element
67063,23069746,23070677,931,mobile_element
67064,23070953,23071830,877,mobile_element
67065,23072281,23079602,7321,mobile_element
67066,23080432,23081420,988,mobile_element
67067,23081775,23081951,176,mobile_element
67068,23083575,23084756,1181,mobile_element
67069,23083668,23084655,987,mobile_element
67070,23085084,23085209,125,mobile_element
67071,23085382,23086899,1517,mobile_element
67072,23086918,23087165,247,mobile_element
67073,23087166,23087579,413,mobile_element
67074,23088679,23088868,189,mobile_element
67075,23089320,23090522,1202,mobile_element
67076,23092505,23092993,488,mobile_element
67077,23093190,23095471,2281,gene
67078,23095437,23095471,34,mRNA
67079,23095275,23095305,30,mRNA
67080,23094906,23095211,305,mRNA
67081,23094684,23094846,162,mRNA
67082,23093190,23093878,688,mRNA
67083,23095437,23095471,34,mRNA
67084,23095275,23095305,30,mRNA
67085,23094906,23095211,305,mRNA
67086,23094684,23094846,162,mRNA
67087,23093636,23093878,242,mRNA
67088,23095426,23095471,45,mRNA
67089,23095275,23095305,30,mRNA
67090,23094906,23095211,305,mRNA
67091,23094684,23094846,162,mRNA
67092,23093636,23093878,242,mRNA
67093,23095275,23095297,22,CDS
67094,23094906,23095211,305,CDS
67095,23094684,23094846,162,CDS
67096,23093714,23093878,164,CDS
67097,23095275,23095297,22,CDS
67098,23094906,23095211,305,CDS
67099,23094684,23094846,162,CDS
67100,23093714,23093878,164,CDS
67101,23095275,23095297,22,CDS
67102,23094906,23095211,305,CDS
67103,23094684,23094846,162,CDS
67104,23093714,23093878,164,CDS
67105,23096281,23097342,1061,mobile_element
67106,23097072,23103460,6388,gene
67107,23097072,23097474,402,mRNA
67108,23097560,23097757,197,mRNA
67109,23100245,23100357,112,mRNA
67110,23102122,23103460,1338,mRNA
67111,23097629,23097757,128,mRNA
67112,23100245,23100357,112,mRNA
67113,23102122,23103460,1338,mRNA
67114,23097850,23099411,1561,mobile_element
67115,23099640,23099723,83,mRNA
67116,23100220,23100357,137,mRNA
67117,23102122,23103460,1338,mRNA
67118,23099640,23099723,83,mRNA
67119,23100245,23100357,112,mRNA
67120,23102122,23103460,1338,mRNA
67121,23099640,23099723,83,mRNA
67122,23102122,23103460,1338,mRNA
67123,23100216,23100357,141,mRNA
67124,23102122,23103460,1338,mRNA
67125,23101006,23101095,89,mRNA
67126,23102122,23103460,1338,mRNA
67127,23102252,23103262,1010,CDS
67128,23102252,23103262,1010,CDS
67129,23102252,23103262,1010,CDS
67130,23102252,23103262,1010,CDS
67131,23102252,23103262,1010,CDS
67132,23102252,23103262,1010,CDS
67133,23102252,23103262,1010,CDS
67134,23103649,23104623,974,mobile_element
67135,23105722,23105884,162,mobile_element
67136,23106133,23107996,1863,mobile_element
67137,23108014,23109474,1460,mobile_element
67138,23109639,23109942,303,mobile_element
67139,23110937,23111030,93,mobile_element
67140,23112594,23117891,5297,mobile_element
67141,23118038,23118150,112,mobile_element
67142,23118675,23122671,3996,mobile_element
67143,23118958,23122448,3490,mobile_element
67144,23122756,23122961,205,mobile_element
67145,23123727,23124622,895,mobile_element
67146,23124166,23124508,342,mobile_element
67147,23124965,23125508,543,mobile_element
67148,23126025,23132209,6184,gene
67149,23126025,23126118,93,mRNA
67150,23126200,23126400,200,mRNA
67151,23126717,23127251,534,mRNA
67152,23127313,23127489,176,mRNA
67153,23128260,23128370,110,mRNA
67154,23130510,23130654,144,mRNA
67155,23131189,23131350,161,mRNA
67156,23131408,23132209,801,mRNA
67157,23126208,23126400,192,CDS
67158,23126717,23127251,534,CDS
67159,23127313,23127489,176,CDS
67160,23128260,23128370,110,CDS
67161,23130510,23130654,144,CDS
67162,23131189,23131350,161,CDS
67163,23131408,23132184,776,CDS
67164,23128412,23128804,392,mobile_element
67165,23128851,23129583,732,mobile_element
67166,23129587,23129727,140,mobile_element
67167,23130102,23130365,263,mobile_element
67168,23130371,23130403,32,mobile_element
67169,23132381,23133490,1109,mobile_element
67170,23134075,23134482,407,mobile_element
67171,23134719,23134846,127,mobile_element
67172,23135341,23136466,1125,mobile_element
67173,23136472,23136504,32,mobile_element
67174,23136623,23138271,1648,gene
67175,23136623,23136755,132,exon
67176,23137290,23137451,161,exon
67177,23137509,23138271,762,exon
67178,23138482,23139591,1109,mobile_element
67179,23140176,23140583,407,mobile_element
67180,23140820,23140947,127,mobile_element
67181,23141442,23142547,1105,mobile_element
67182,23142884,23143311,427,mobile_element
67183,23144415,23144487,72,mobile_element
67184,23145011,23145542,531,mobile_element
67185,23146549,23147584,1035,mobile_element
67186,23147656,23150499,2843,gene
67187,23147656,23150499,2843,mRNA
67188,23147895,23150387,2492,CDS
67189,23149530,23150668,1138,gene
67190,23149530,23150204,674,ncRNA
67191,23150264,23150329,65,ncRNA
67192,23150453,23150668,215,ncRNA
67193,23151110,23155317,4207,mobile_element
67194,23152512,23152716,204,mobile_element
67195,23152717,23153182,465,mobile_element
67196,23155855,23156631,776,mobile_element
67197,23157197,23164583,7386,mobile_element
67198,23164590,23164690,100,mobile_element
67199,23164718,23165868,1150,mobile_element
67200,23165965,23173351,7386,mobile_element
67201,23174020,23174093,73,mobile_element
67202,23174446,23185750,11304,gene
67203,23174446,23174641,195,mRNA
67204,23185137,23185331,194,mRNA
67205,23185402,23185750,348,mRNA
67206,23174467,23174641,174,CDS
67207,23185137,23185331,194,CDS
67208,23185402,23185691,289,CDS
67209,23175025,23175348,323,mobile_element
67210,23175454,23175701,247,mobile_element
67211,23176406,23179123,2717,mobile_element
67212,23176616,23178952,2336,mobile_element
67213,23179139,23181667,2528,mobile_element
67214,23179215,23180642,1427,mobile_element
67215,23183599,23183913,314,gene
67216,23183884,23183913,29,ncRNA
67217,23183599,23183813,214,ncRNA
67218,23184344,23184418,74,mobile_element
67219,23186088,23186170,82,mobile_element
67220,23186316,23186378,62,mobile_element
67221,23186496,23186610,114,mobile_element
67222,23186637,23186812,175,mobile_element
67223,23187507,23187964,457,mobile_element
67224,23188103,23188892,789,gene
67225,23188103,23188892,789,ncRNA
67226,23189715,23189877,162,mobile_element
67227,23191338,23191820,482,mobile_element
67228,23192017,23194217,2200,mobile_element
67229,23192441,23192485,44,mobile_element
67230,23194273,23194694,421,mobile_element
67231,23196098,23196483,385,mobile_element
67232,23196484,23197368,884,mobile_element
67233,23198025,23198306,281,mobile_element
67234,23198694,23198787,93,mobile_element
67235,23198868,23200934,2066,mobile_element
67236,23199035,23200837,1802,mobile_element
67237,23200948,23208226,7278,mobile_element
67238,23204352,23205039,687,mobile_element
67239,23205747,23207684,1937,mobile_element
67240,23206669,23287448,80779,gene
67241,23206669,23207019,350,mRNA
67242,23210852,23211160,308,mRNA
67243,23216063,23216107,44,mRNA
67244,23227438,23227547,109,mRNA
67245,23238837,23239017,180,mRNA
67246,23262708,23262823,115,mRNA
67247,23263799,23263967,168,mRNA
67248,23264034,23264170,136,mRNA
67249,23264221,23264364,143,mRNA
67250,23269404,23269523,119,mRNA
67251,23278216,23278462,246,mRNA
67252,23283733,23287448,3715,mRNA
67253,23206669,23207019,350,mRNA
67254,23210852,23211160,308,mRNA
67255,23216063,23216107,44,mRNA
67256,23227438,23227547,109,mRNA
67257,23247007,23247187,180,mRNA
67258,23262708,23262823,115,mRNA
67259,23263799,23263967,168,mRNA
67260,23264034,23264170,136,mRNA
67261,23264221,23264364,143,mRNA
67262,23269404,23269523,119,mRNA
67263,23278216,23278462,246,mRNA
67264,23283733,23287448,3715,mRNA
67265,23206669,23207019,350,mRNA
67266,23210852,23211160,308,mRNA
67267,23216063,23216107,44,mRNA
67268,23227438,23227547,109,mRNA
67269,23262708,23262823,115,mRNA
67270,23263799,23263967,168,mRNA
67271,23264034,23264170,136,mRNA
67272,23264221,23264364,143,mRNA
67273,23269404,23269523,119,mRNA
67274,23278216,23278462,246,mRNA
67275,23283733,23287448,3715,mRNA
67276,23206669,23207019,350,mRNA
67277,23210852,23211160,308,mRNA
67278,23216063,23216107,44,mRNA
67279,23227438,23227547,109,mRNA
67280,23251453,23251579,126,mRNA
67281,23262708,23262823,115,mRNA
67282,23263799,23263967,168,mRNA
67283,23264034,23264170,136,mRNA
67284,23264221,23264364,143,mRNA
67285,23269404,23269523,119,mRNA
67286,23278216,23278462,246,mRNA
67287,23283733,23284211,478,mRNA
67288,23206669,23207019,350,mRNA
67289,23210852,23211160,308,mRNA
67290,23216063,23216107,44,mRNA
67291,23227438,23227547,109,mRNA
67292,23238837,23239017,180,mRNA
67293,23262708,23262823,115,mRNA
67294,23263799,23263967,168,mRNA
67295,23264034,23264170,136,mRNA
67296,23264221,23264364,143,mRNA
67297,23278216,23278462,246,mRNA
67298,23283733,23284204,471,mRNA
67299,23208228,23209160,932,mobile_element
67300,23209425,23209931,506,mobile_element
67301,23211008,23211160,152,CDS
67302,23216063,23216107,44,CDS
67303,23227438,23227547,109,CDS
67304,23238837,23239017,180,CDS
67305,23262708,23262823,115,CDS
67306,23263799,23263967,168,CDS
67307,23264034,23264170,136,CDS
67308,23264221,23264364,143,CDS
67309,23269404,23269523,119,CDS
67310,23278216,23278462,246,CDS
67311,23283733,23283930,197,CDS
67312,23211008,23211160,152,CDS
67313,23216063,23216107,44,CDS
67314,23227438,23227547,109,CDS
67315,23238837,23239017,180,CDS
67316,23262708,23262823,115,CDS
67317,23263799,23263967,168,CDS
67318,23264034,23264170,136,CDS
67319,23264221,23264364,143,CDS
67320,23278216,23278462,246,CDS
67321,23283733,23283930,197,CDS
67322,23211008,23211160,152,CDS
67323,23216063,23216107,44,CDS
67324,23227438,23227547,109,CDS
67325,23247007,23247187,180,CDS
67326,23262708,23262823,115,CDS
67327,23263799,23263967,168,CDS
67328,23264034,23264170,136,CDS
67329,23264221,23264364,143,CDS
67330,23269404,23269523,119,CDS
67331,23278216,23278462,246,CDS
67332,23283733,23283930,197,CDS
67333,23211210,23212647,1437,mobile_element
67334,23212723,23212908,185,mobile_element
67335,23214034,23214082,48,mobile_element
67336,23214167,23214297,130,mobile_element
67337,23214600,23214924,324,mobile_element
67338,23215676,23215900,224,mobile_element
67339,23216353,23216596,243,mobile_element
67340,23216718,23216758,40,mobile_element
67341,23218788,23219072,284,mobile_element
67342,23219681,23219797,116,mobile_element
67343,23219852,23224264,4412,mobile_element
67344,23219958,23220245,287,mobile_element
67345,23221385,23224264,2879,mobile_element
67346,23225809,23226574,765,mobile_element
67347,23226793,23226970,177,mobile_element
67348,23228423,23228527,104,mobile_element
67349,23229253,23230040,787,mobile_element
67350,23230899,23231156,257,mobile_element
67351,23231291,23231507,216,mobile_element
67352,23233883,23234943,1060,mobile_element
67353,23235181,23237412,2231,mobile_element
67354,23235636,23235971,335,mobile_element
67355,23241916,23243038,1122,mobile_element
67356,23248105,23248334,229,mobile_element
67357,23248902,23250522,1620,mobile_element
67358,23249029,23249125,96,mRNA
67359,23262708,23262823,115,mRNA
67360,23263799,23263967,168,mRNA
67361,23264034,23264170,136,mRNA
67362,23264221,23264364,143,mRNA
67363,23269404,23269523,119,mRNA
67364,23278216,23278462,246,mRNA
67365,23283733,23284211,478,mRNA
67366,23249102,23249125,23,CDS
67367,23262708,23262823,115,CDS
67368,23263799,23263967,168,CDS
67369,23264034,23264170,136,CDS
67370,23264221,23264364,143,CDS
67371,23269404,23269523,119,CDS
67372,23278216,23278462,246,CDS
67373,23283733,23283930,197,CDS
67374,23252656,23252973,317,mobile_element
67375,23256350,23256483,133,mobile_element
67376,23258297,23260404,2107,mobile_element
67377,23260747,23261112,365,mobile_element
67378,23261384,23261823,439,mobile_element
67379,23262723,23262823,100,CDS
67380,23263799,23263967,168,CDS
67381,23264034,23264170,136,CDS
67382,23264221,23264364,143,CDS
67383,23269404,23269523,119,CDS
67384,23278216,23278462,246,CDS
67385,23283733,23283930,197,CDS
67386,23262723,23262823,100,CDS
67387,23263799,23263967,168,CDS
67388,23264034,23264170,136,CDS
67389,23264221,23264364,143,CDS
67390,23269404,23269523,119,CDS
67391,23278216,23278462,246,CDS
67392,23283733,23283930,197,CDS
67393,23263364,23263438,74,mobile_element
67394,23265080,23265203,123,mobile_element
67395,23265933,23267837,1904,mobile_element
67396,23267007,23267531,524,mobile_element
67397,23268579,23268895,316,mobile_element
67398,23269225,23269363,138,mobile_element
67399,23271761,23276816,5055,mobile_element
67400,23277858,23277953,95,mobile_element
67401,23279101,23279206,105,mobile_element
67402,23279422,23279467,45,mobile_element
67403,23279468,23283577,4109,mobile_element
67404,23279613,23279961,348,mobile_element
67405,23282059,23283258,1199,mobile_element
67406,23284826,23284948,122,mobile_element
67407,23286500,23286608,108,mobile_element
67408,23287792,23288016,224,mobile_element
67409,23288595,23288682,87,mobile_element
67410,23289136,23289532,396,mobile_element
67411,23290583,23295310,4727,mobile_element
67412,23296049,23297930,1881,mobile_element
67413,23296958,23297560,602,mobile_element
67414,23297949,23298922,973,mobile_element
67415,23298934,23315187,16253,mobile_element
67416,23300255,23300390,135,mobile_element
67417,23300391,23301822,1431,mobile_element
67418,23301860,23304368,2508,mobile_element
67419,23304596,23313095,8499,mobile_element
67420,23307897,23311562,3665,mobile_element
67421,23315191,23315338,147,mobile_element
67422,23316591,23317381,790,mobile_element
67423,23317648,23317743,95,mobile_element
67424,23318194,23318328,134,mobile_element
67425,23318646,23338100,19454,gene
67426,23337875,23338100,225,mRNA
67427,23334364,23334740,376,mRNA
67428,23330698,23331015,317,mRNA
67429,23329886,23330089,203,mRNA
67430,23328714,23329398,684,mRNA
67431,23327494,23327645,151,mRNA
67432,23326688,23326760,72,mRNA
67433,23325889,23325956,67,mRNA
67434,23325642,23325823,181,mRNA
67435,23319234,23319474,240,mRNA
67436,23319061,23319177,116,mRNA
67437,23318646,23319002,356,mRNA
67438,23337875,23338100,225,mRNA
67439,23334364,23334740,376,mRNA
67440,23330698,23331015,317,mRNA
67441,23328714,23330089,1375,mRNA
67442,23327494,23327645,151,mRNA
67443,23326688,23326760,72,mRNA
67444,23325889,23325956,67,mRNA
67445,23325642,23325823,181,mRNA
67446,23319234,23319474,240,mRNA
67447,23319061,23319177,116,mRNA
67448,23318646,23319002,356,mRNA
67449,23337875,23338046,171,CDS
67450,23334364,23334740,376,CDS
67451,23330698,23331015,317,CDS
67452,23329886,23330089,203,CDS
67453,23328714,23329398,684,CDS
67454,23327494,23327645,151,CDS
67455,23326688,23326760,72,CDS
67456,23325889,23325956,67,CDS
67457,23325642,23325823,181,CDS
67458,23319234,23319474,240,CDS
67459,23319061,23319177,116,CDS
67460,23318838,23319002,164,CDS
67461,23319895,23319946,51,mobile_element
67462,23320611,23321125,514,mobile_element
67463,23321171,23322809,1638,mobile_element
67464,23323343,23323401,58,mobile_element
67465,23324531,23324586,55,mobile_element
67466,23324617,23325172,555,mobile_element
67467,23326112,23326428,316,mobile_element
67468,23329420,23329827,407,mobile_element
67469,23337875,23338046,171,CDS
67470,23334364,23334740,376,CDS
67471,23330698,23331015,317,CDS
67472,23329838,23330089,251,CDS
67473,23331503,23334162,2659,mobile_element
67474,23331664,23333817,2153,mobile_element
67475,23335526,23335600,74,mobile_element
67476,23335639,23335860,221,mobile_element
67477,23335858,23336510,652,mobile_element
67478,23336533,23336582,49,mobile_element
67479,23336720,23337358,638,mobile_element
67480,23337040,23337150,110,mobile_element
67481,23337395,23337550,155,mobile_element
67482,23338529,23338949,420,mobile_element
67483,23339228,23339337,109,gene
67484,23339228,23339337,109,precursor_RNA
67485,23339287,23339308,21,ncRNA
67486,23339326,23345936,6610,gene
67487,23339326,23339476,150,mRNA
67488,23339534,23339680,146,mRNA
67489,23341457,23341602,145,mRNA
67490,23345843,23345936,93,mRNA
67491,23339326,23339476,150,mRNA
67492,23339534,23339680,146,mRNA
67493,23341457,23341597,140,mRNA
67494,23339326,23339369,43,mRNA
67495,23339430,23339476,46,mRNA
67496,23339534,23339680,146,mRNA
67497,23341457,23341597,140,mRNA
67498,23339435,23339476,41,CDS
67499,23339534,23339680,146,CDS
67500,23341457,23341519,62,CDS
67501,23339435,23339476,41,CDS
67502,23339534,23339680,146,CDS
67503,23341457,23341519,62,CDS
67504,23339435,23339476,41,CDS
67505,23339534,23339680,146,CDS
67506,23341457,23341519,62,CDS
67507,23339885,23340321,436,mobile_element
67508,23342703,23342768,65,mobile_element
67509,23342775,23343119,344,mobile_element
67510,23344099,23344783,684,mobile_element
67511,23345144,23345778,634,mobile_element
67512,23346203,23346404,201,mobile_element
67513,23346486,23346637,151,mobile_element
67514,23347324,23349212,1888,mobile_element
67515,23348060,23348175,115,mobile_element
67516,23349218,23352341,3123,mobile_element
67517,23352669,23352802,133,mobile_element
67518,23353580,23353793,213,mobile_element
67519,23354699,23355051,352,mobile_element
67520,23355059,23358587,3528,mobile_element
67521,23355059,23358525,3466,mobile_element
67522,23355077,23358754,3677,mobile_element
67523,23359314,23366480,7166,mobile_element
67524,23369576,23369733,157,mobile_element
67525,23369576,23369733,157,mobile_element
67526,23369837,23371566,1729,mobile_element
67527,23369948,23371676,1728,mobile_element
67528,23371788,23378382,6594,mobile_element
67529,23371867,23372147,280,mobile_element
67530,23371867,23372147,280,mobile_element
67531,23372206,23379705,7499,mobile_element
67532,23372207,23372724,517,mobile_element
67533,23379727,23380758,1031,mobile_element
67534,23380763,23380967,204,mobile_element
67535,23380968,23382071,1103,mobile_element
67536,23382692,23384030,1338,mobile_element
67537,23384792,23384976,184,mobile_element
67538,23384977,23385169,192,mobile_element
67539,23394226,23394590,364,mobile_element
67540,23394687,23394785,98,mobile_element
67541,23394991,23395109,118,mobile_element
67542,23395370,23395429,59,mobile_element
67543,23396064,23397841,1777,mobile_element
67544,23397950,23398233,283,mobile_element
67545,23398316,23399884,1568,mobile_element
67546,23399885,23400157,272,mobile_element
67547,23400643,23400702,59,mobile_element
67548,23400748,23400836,88,mobile_element
67549,23402625,23403082,457,mobile_element
67550,23403127,23425849,22722,mobile_element
67551,23403217,23404535,1318,mobile_element
67552,23404576,23404814,238,mobile_element
67553,23404854,23418023,13169,mobile_element
67554,23407467,23412593,5126,mobile_element
67555,23410459,23411681,1222,mobile_element
67556,23415943,23416457,514,mobile_element
67557,23416813,23417080,267,mobile_element
67558,23418328,23421922,3594,mobile_element
67559,23418873,23420560,1687,mobile_element
67560,23419776,23420063,287,mobile_element
67561,23422294,23425847,3553,mobile_element
67562,23425985,23426127,142,mobile_element
67563,23427016,23427067,51,mobile_element
67564,23428648,23428810,162,mobile_element
67565,23429556,23432055,2499,mobile_element
67566,23432062,23432160,98,mobile_element
67567,23432161,23433796,1635,mobile_element
67568,23434752,23435522,770,mobile_element
67569,23435650,23436122,472,mobile_element
67570,23436586,23436872,286,mobile_element
67571,23437602,23444933,7331,mobile_element
67572,23445442,23445562,120,mobile_element
67573,23446891,23448051,1160,mobile_element
67574,23449000,23449265,265,mobile_element
67575,23453530,23453912,382,mobile_element
67576,23457047,23457319,272,mobile_element
67577,23458165,23459000,835,mobile_element
67578,23459024,23460555,1531,mobile_element
67579,23460583,23464807,4224,mobile_element
67580,23464816,23465555,739,mobile_element
67581,23465593,23465954,361,mobile_element
67582,23465955,23466326,371,mobile_element
67583,23466738,23467411,673,mobile_element
67584,23468383,23470188,1805,mobile_element
67585,23470271,23470364,93,mobile_element
67586,23470747,23470821,74,mobile_element
67587,23470838,23471030,192,mobile_element
67588,23471031,23477343,6312,mobile_element
67589,23471892,23476474,4582,mobile_element
67590,23474157,23474372,215,mobile_element
67591,23474406,23474526,120,mobile_element
67592,23474989,23475436,447,mobile_element
67593,23477391,23480653,3262,mobile_element
67594,23480654,23480802,148,mobile_element
67595,23480848,23481573,725,mobile_element
67596,23482053,23482288,235,mobile_element
67597,23482302,23484794,2492,mobile_element
67598,23485006,23485527,521,mobile_element
67599,23485528,23485638,110,mobile_element
67600,23486259,23486992,733,mobile_element
67601,23486586,23486813,227,mobile_element
67602,23487052,23487152,100,mobile_element
67603,23487266,23487319,53,mobile_element
67604,23487410,23487725,315,mobile_element
67605,23487853,23488108,255,mobile_element
67606,23488266,23489366,1100,mobile_element
67607,23489698,23489757,59,mobile_element
67608,23489786,23489849,63,mobile_element
67609,23489895,23490405,510,mobile_element
67610,23492171,23492289,118,mobile_element
67611,23492326,23492774,448,mobile_element
67612,23492794,23492999,205,mobile_element
67613,23493071,23494093,1022,mobile_element
67614,23494735,23496259,1524,mobile_element
67615,23494846,23495929,1083,mobile_element
67616,23496734,23503467,6733,mobile_element
67617,23497308,23499181,1873,mobile_element
67618,23504019,23531694,27675,mobile_element
67619,23505008,23507874,2866,mobile_element
67620,23511658,23512225,567,mobile_element
67621,23512720,23512891,171,mobile_element
67622,23513018,23513657,639,mobile_element
67623,23515334,23529036,13702,mobile_element
67624,23515381,23523221,7840,mobile_element
67625,23526524,23527633,1109,mobile_element
67626,23529902,23531606,1704,mobile_element
67627,23533023,23535491,2468,mobile_element
67628,23534995,23535216,221,mobile_element
67629,23537687,23538972,1285,mobile_element
67630,23539682,23540139,457,mobile_element
67631,23541891,23542053,162,mobile_element
67632,23543535,23543960,425,mobile_element
67633,23544206,23547828,3622,mobile_element
67634,23544630,23544674,44,mobile_element
67635,23546456,23546877,421,mobile_element
67636,23547829,23547931,102,mobile_element
67637,23548282,23548667,385,mobile_element
67638,23548686,23549609,923,mobile_element
67639,23550267,23553792,3525,mobile_element
67640,23554004,23554237,233,mobile_element
67641,23554593,23689640,135047,gene
67642,23554593,23554890,297,mRNA
67643,23566839,23567214,375,mRNA
67644,23568547,23569958,1411,mRNA
67645,23583181,23583364,183,mRNA
67646,23618474,23618639,165,mRNA
67647,23634250,23634382,132,mRNA
67648,23649124,23649372,248,mRNA
67649,23689485,23689640,155,mRNA
67650,23554593,23554689,96,mRNA
67651,23566839,23567214,375,mRNA
67652,23568547,23569958,1411,mRNA
67653,23583181,23583364,183,mRNA
67654,23618474,23618639,165,mRNA
67655,23634250,23634382,132,mRNA
67656,23649124,23649372,248,mRNA
67657,23689485,23689640,155,mRNA
67658,23555332,23555470,138,mobile_element
67659,23555925,23556048,123,mRNA
67660,23566839,23567214,375,mRNA
67661,23568547,23569958,1411,mRNA
67662,23583181,23583364,183,mRNA
67663,23618474,23618639,165,mRNA
67664,23634250,23634382,132,mRNA
67665,23649124,23649372,248,mRNA
67666,23689485,23689640,155,mRNA
67667,23555925,23556048,123,mRNA
67668,23566839,23567214,375,mRNA
67669,23568547,23569958,1411,mRNA
67670,23583181,23583364,183,mRNA
67671,23618474,23618639,165,mRNA
67672,23634250,23634382,132,mRNA
67673,23649124,23649456,332,mRNA
67674,23556291,23564561,8270,mobile_element
67675,23557459,23559016,1557,mobile_element
67676,23559306,23559567,261,mobile_element
67677,23559621,23560020,399,mobile_element
67678,23560175,23560454,279,mobile_element
67679,23561817,23563262,1445,mobile_element
67680,23561860,23563119,1259,mobile_element
67681,23564562,23564897,335,mobile_element
67682,23566234,23566378,144,mobile_element
67683,23566455,23566513,58,mobile_element
67684,23566842,23567214,372,CDS
67685,23568547,23569958,1411,CDS
67686,23583181,23583364,183,CDS
67687,23618474,23618639,165,CDS
67688,23634250,23634382,132,CDS
67689,23649124,23649372,248,CDS
67690,23689485,23689571,86,CDS
67691,23566842,23567214,372,CDS
67692,23568547,23569958,1411,CDS
67693,23583181,23583364,183,CDS
67694,23618474,23618639,165,CDS
67695,23634250,23634382,132,CDS
67696,23649124,23649372,248,CDS
67697,23689485,23689571,86,CDS
67698,23566842,23567214,372,CDS
67699,23568547,23569958,1411,CDS
67700,23583181,23583364,183,CDS
67701,23618474,23618639,165,CDS
67702,23634250,23634382,132,CDS
67703,23649124,23649372,248,CDS
67704,23689485,23689571,86,CDS
67705,23566842,23567214,372,CDS
67706,23568547,23569958,1411,CDS
67707,23583181,23583364,183,CDS
67708,23618474,23618639,165,CDS
67709,23634250,23634382,132,CDS
67710,23649124,23649456,332,CDS
67711,23567922,23568360,438,mobile_element
67712,23570563,23571406,843,mobile_element
67713,23573030,23578054,5024,mobile_element
67714,23578165,23578389,224,mobile_element
67715,23578718,23579309,591,mobile_element
67716,23579746,23579844,98,mobile_element
67717,23579845,23580227,382,mobile_element
67718,23580900,23583068,2168,mobile_element
67719,23581895,23582982,1087,mobile_element
67720,23583646,23583880,234,mobile_element
67721,23584313,23584482,169,mobile_element
67722,23584508,23586826,2318,mobile_element
67723,23586827,23587135,308,mobile_element
67724,23587138,23587223,85,mobile_element
67725,23587272,23588633,1361,mobile_element
67726,23587600,23588378,778,mobile_element
67727,23588379,23588527,148,mobile_element
67728,23588763,23588827,64,mobile_element
67729,23588945,23589011,66,mobile_element
67730,23589012,23589090,78,mobile_element
67731,23589304,23589356,52,mobile_element
67732,23589469,23589847,378,mobile_element
67733,23591540,23592122,582,mobile_element
67734,23594121,23594341,220,mobile_element
67735,23594713,23600753,6040,mobile_element
67736,23596846,23599714,2868,mobile_element
67737,23599889,23600309,420,mobile_element
67738,23600754,23602437,1683,mobile_element
67739,23603360,23607713,4353,mobile_element
67740,23608556,23609267,711,mobile_element
67741,23609268,23610746,1478,mobile_element
67742,23611484,23612236,752,mobile_element
67743,23612488,23612987,499,mobile_element
67744,23613523,23613960,437,mobile_element
67745,23613961,23614216,255,mobile_element
67746,23615093,23617766,2673,mobile_element
67747,23615682,23616887,1205,mobile_element
67748,23617025,23617237,212,mobile_element
67749,23617767,23618959,1192,mobile_element
67750,23618150,23618250,100,mobile_element
67751,23619360,23620581,1221,mobile_element
67752,23620654,23625375,4721,mobile_element
67753,23625392,23625845,453,mobile_element
67754,23627231,23627289,58,mobile_element
67755,23627366,23627510,144,mobile_element
67756,23628845,23629180,335,mobile_element
67757,23629181,23629638,457,mobile_element
67758,23630480,23631924,1444,mobile_element
67759,23630623,23631881,1258,mobile_element
67760,23632603,23632677,74,mobile_element
67761,23633613,23633909,296,mobile_element
67762,23635082,23635447,365,mobile_element
67763,23637625,23644445,6820,mobile_element
67764,23637661,23639375,1714,mobile_element
67765,23639714,23640401,687,mobile_element
67766,23640402,23642259,1857,mobile_element
67767,23645192,23645726,534,mobile_element
67768,23646984,23648084,1100,mobile_element
67769,23648256,23648408,152,mobile_element
67770,23648443,23648701,258,mobile_element
67771,23649728,23650186,458,mobile_element
67772,23650387,23651476,1089,mobile_element
67773,23652460,23653590,1130,mobile_element
67774,23653666,23654025,359,mobile_element
67775,23654285,23655248,963,mobile_element
67776,23655493,23655916,423,mobile_element
67777,23656426,23657062,636,mobile_element
67778,23657339,23661870,4531,mobile_element
67779,23661896,23662342,446,mobile_element
67780,23662793,23662996,203,mobile_element
67781,23663145,23664818,1673,mobile_element
67782,23665328,23665420,92,mobile_element
67783,23665557,23666062,505,mobile_element
67784,23666519,23666746,227,mobile_element
67785,23666781,23678110,11329,mobile_element
67786,23667509,23672703,5194,mobile_element
67787,23668448,23668765,317,mobile_element
67788,23672722,23673768,1046,mobile_element
67789,23678267,23678905,638,mobile_element
67790,23679850,23679895,45,mobile_element
67791,23679938,23680025,87,mobile_element
67792,23680043,23680414,371,mobile_element
67793,23680415,23680519,104,mobile_element
67794,23680520,23680718,198,mobile_element
67795,23680720,23682776,2056,mobile_element
67796,23681533,23681641,108,mobile_element
67797,23681664,23682448,784,mobile_element
67798,23682825,23682910,85,mobile_element
67799,23682913,23683224,311,mobile_element
67800,23683225,23685577,2352,mobile_element
67801,23685604,23685773,169,mobile_element
67802,23685785,23685853,68,mobile_element
67803,23686205,23686418,213,mobile_element
67804,23686691,23687810,1119,mobile_element
67805,23689212,23689323,111,mobile_element
67806,23690329,23690413,84,mobile_element
67807,23690626,23691668,1042,gene
67808,23690626,23691668,1042,ncRNA
67809,23691355,23691617,262,mobile_element
67810,23691703,23692866,1163,mobile_element
67811,23693129,23693172,43,mobile_element
67812,23694449,23694721,272,mobile_element
67813,23694900,23695467,567,mobile_element
67814,23695479,23695985,506,mobile_element
67815,23695986,23698302,2316,mobile_element
67816,23696640,23697736,1096,mobile_element
67817,23698469,23698921,452,mobile_element
67818,23698922,23702200,3278,mobile_element
67819,23699453,23702153,2700,mobile_element
67820,23702611,23703067,456,mobile_element
67821,23703352,23704169,817,mobile_element
67822,23704281,23704692,411,mobile_element
67823,23704413,23704589,176,mobile_element
67824,23704946,23709956,5010,mobile_element
67825,23709982,23710428,446,mobile_element
67826,23710549,23714035,3486,mobile_element
67827,23711451,23711507,56,mobile_element
67828,23711640,23711732,92,mobile_element
67829,23714185,23714349,164,mobile_element
67830,23715023,23716689,1666,gene
67831,23715023,23715166,143,mRNA
67832,23715902,23716320,418,mRNA
67833,23716373,23716689,316,mRNA
67834,23715125,23715166,41,CDS
67835,23715902,23716320,418,CDS
67836,23716373,23716643,270,CDS
67837,23715291,23715717,426,mRNA
67838,23715902,23716320,418,mRNA
67839,23716373,23716689,316,mRNA
67840,23715715,23715717,2,CDS
67841,23715902,23716320,418,CDS
67842,23716373,23716643,270,CDS
67843,23716824,23720346,3522,mobile_element
67844,23720350,23720873,523,mobile_element
67845,23721999,23722177,178,mobile_element
67846,23723049,23723091,42,mobile_element
67847,23724105,23725626,1521,mobile_element
67848,23726829,23727989,1160,gene
67849,23726829,23727989,1160,mRNA
67850,23726867,23727946,1079,CDS
67851,23729249,23729497,248,mobile_element
67852,23729675,23729799,124,mobile_element
67853,23729800,23729877,77,mobile_element
67854,23730063,23730733,670,mobile_element
67855,23730829,23731068,239,mobile_element
67856,23731070,23731206,136,mobile_element
67857,23731317,23731421,104,mobile_element
67858,23731614,23732177,563,gene
67859,23731614,23732177,563,ncRNA
67860,23732621,23732884,263,mobile_element
67861,23732885,23735757,2872,mobile_element
67862,23736000,23736975,975,mobile_element
67863,23737960,23749058,11098,gene
67864,23737960,23738184,224,mRNA
67865,23740161,23741084,923,mRNA
67866,23746190,23746544,354,mRNA
67867,23747759,23747812,53,mRNA
67868,23747873,23748060,187,mRNA
67869,23748140,23748373,233,mRNA
67870,23748424,23748716,292,mRNA
67871,23748772,23749058,286,mRNA
67872,23737960,23738184,224,mRNA
67873,23740161,23741084,923,mRNA
67874,23746190,23746544,354,mRNA
67875,23747759,23747812,53,mRNA
67876,23747873,23748060,187,mRNA
67877,23748424,23748716,292,mRNA
67878,23748772,23749058,286,mRNA
67879,23737960,23738184,224,mRNA
67880,23740161,23741084,923,mRNA
67881,23746190,23746544,354,mRNA
67882,23747873,23748060,187,mRNA
67883,23748140,23748373,233,mRNA
67884,23748424,23748716,292,mRNA
67885,23748772,23749058,286,mRNA
67886,23737960,23738184,224,mRNA
67887,23746190,23746544,354,mRNA
67888,23747873,23748060,187,mRNA
67889,23748140,23748373,233,mRNA
67890,23748424,23748716,292,mRNA
67891,23748772,23749058,286,mRNA
67892,23738747,23739064,317,mobile_element
67893,23739755,23739845,90,mobile_element
67894,23740212,23741084,872,CDS
67895,23746190,23746544,354,CDS
67896,23747759,23747812,53,CDS
67897,23747873,23748060,187,CDS
67898,23748140,23748373,233,CDS
67899,23748424,23748716,292,CDS
67900,23748772,23748859,87,CDS
67901,23740212,23741084,872,CDS
67902,23746190,23746544,354,CDS
67903,23747759,23747812,53,CDS
67904,23747873,23748060,187,CDS
67905,23748424,23748716,292,CDS
67906,23748772,23748859,87,CDS
67907,23740212,23741084,872,CDS
67908,23746190,23746544,354,CDS
67909,23747873,23748060,187,CDS
67910,23748140,23748373,233,CDS
67911,23748424,23748716,292,CDS
67912,23748772,23748859,87,CDS
67913,23741578,23742357,779,mobile_element
67914,23742418,23742556,138,mobile_element
67915,23743186,23743363,177,mobile_element
67916,23743809,23744963,1154,mobile_element
67917,23745072,23745302,230,mobile_element
67918,23745583,23745628,45,mobile_element
67919,23745932,23746068,136,mobile_element
67920,23746247,23746544,297,CDS
67921,23747873,23748060,187,CDS
67922,23748140,23748373,233,CDS
67923,23748424,23748716,292,CDS
67924,23748772,23748859,87,CDS
67925,23749918,23750002,84,mobile_element
67926,23751194,23751248,54,mobile_element
67927,23751267,23751342,75,mobile_element
67928,23751574,23751602,28,mobile_element
67929,23752548,23753179,631,mobile_element
67930,23753700,23754499,799,mobile_element
67931,23754544,23754730,186,mobile_element
67932,23754776,23755021,245,mobile_element
67933,23755096,23758279,3183,mobile_element
67934,23758323,23758548,225,mobile_element
67935,23758863,23765137,6274,mobile_element
67936,23759080,23759353,273,mobile_element
67937,23759859,23764580,4721,mobile_element
67938,23765234,23765951,717,mobile_element
67939,23765953,23767536,1583,mobile_element
67940,23767845,23768006,161,mobile_element
67941,23769056,23769709,653,mobile_element
67942,23769725,23770033,308,mobile_element
67943,23771712,23772121,409,mobile_element
67944,23772396,23772510,114,mobile_element
67945,23774586,23775551,965,mobile_element
67946,23778962,23780076,1114,mobile_element
67947,23782727,23782912,185,mobile_element
67948,23784231,23787405,3174,gene
67949,23784231,23784333,102,mRNA
67950,23784406,23787405,2999,mRNA
67951,23784253,23784333,80,CDS
67952,23784406,23787405,2999,CDS
67953,23787719,23788042,323,mobile_element
67954,23788067,23793980,5913,mobile_element
67955,23788157,23789407,1250,mobile_element
67956,23790241,23793725,3484,mobile_element
67957,23795379,23797647,2268,mobile_element
67958,23795502,23795766,264,mobile_element
67959,23795898,23797179,1281,mobile_element
67960,23797165,23797500,335,mobile_element
67961,23798440,23798570,130,mobile_element
67962,23798571,23798649,78,mobile_element
67963,23798697,23801834,3137,mobile_element
67964,23798848,23799425,577,mobile_element
67965,23799869,23800822,953,mobile_element
67966,23801146,23801545,399,mobile_element
67967,23802322,23802356,34,mobile_element
67968,23804072,23805590,1518,mobile_element
67969,23805597,23806568,971,mobile_element
67970,23806591,23807683,1092,mobile_element
67971,23807684,23809408,1724,mobile_element
67972,23809409,23809701,292,mobile_element
67973,23809702,23810763,1061,mobile_element
67974,23810369,23810763,394,mobile_element
67975,23811066,23811230,164,mobile_element
67976,23811268,23811725,457,mobile_element
67977,23811726,23813054,1328,mobile_element
67978,23813061,23814132,1071,mobile_element
67979,23814138,23819844,5706,mobile_element
67980,23816290,23817205,915,mobile_element
67981,23817752,23817875,123,mobile_element
67982,23819845,23821420,1575,mobile_element
67983,23821421,23821756,335,mobile_element
67984,23821975,23823855,1880,mobile_element
67985,23824615,23824820,205,mobile_element
67986,23824849,23832233,7384,mobile_element
67987,23825415,23825446,31,mobile_element
67988,23839860,23986410,146550,gene
67989,23986264,23986410,146,mRNA
67990,23974598,23974660,62,mRNA
67991,23934880,23935121,241,mRNA
67992,23934555,23934825,270,mRNA
67993,23934415,23934494,79,mRNA
67994,23912278,23912455,177,mRNA
67995,23890061,23890206,145,mRNA
67996,23889860,23890010,150,mRNA
67997,23889105,23889799,694,mRNA
67998,23874248,23874431,183,mRNA
67999,23873992,23874188,196,mRNA
68000,23873610,23873924,314,mRNA
68001,23839860,23840180,320,mRNA
68002,23986264,23986308,44,CDS
68003,23974598,23974660,62,CDS
68004,23934880,23935121,241,CDS
68005,23934555,23934825,270,CDS
68006,23934415,23934494,79,CDS
68007,23912278,23912455,177,CDS
68008,23890061,23890206,145,CDS
68009,23889860,23890010,150,CDS
68010,23889105,23889799,694,CDS
68011,23874248,23874431,183,CDS
68012,23873992,23874188,196,CDS
68013,23873610,23873924,314,CDS
68014,23839922,23840180,258,CDS
68015,23881735,23883142,1407,gene
68016,23882940,23883142,202,ncRNA
68017,23881735,23882883,1148,ncRNA
68018,23909119,23910123,1004,gene
68019,23909119,23909271,152,ncRNA
68020,23909373,23910123,750,ncRNA
68021,24009931,24011363,1432,gene
68022,24011233,24011363,130,ncRNA
68023,24009931,24011160,1229,ncRNA
68024,24028515,24035859,7344,gene
68025,24028515,24028723,208,mRNA
68026,24028811,24028938,127,mRNA
68027,24030755,24030857,102,mRNA
68028,24035432,24035859,427,mRNA
68029,24028515,24028723,208,mRNA
68030,24030755,24030857,102,mRNA
68031,24034878,24035018,140,mRNA
68032,24035432,24035859,427,mRNA
68033,24028515,24028723,208,mRNA
68034,24030755,24030857,102,mRNA
68035,24035432,24035859,427,mRNA
68036,24028515,24028723,208,mRNA
68037,24030755,24030854,99,mRNA
68038,24035432,24035859,427,mRNA
68039,24028678,24028723,45,CDS
68040,24030755,24030857,102,CDS
68041,24035432,24035789,357,CDS
68042,24028678,24028723,45,CDS
68043,24030755,24030854,99,CDS
68044,24035432,24035789,357,CDS
68045,24034978,24035018,40,CDS
68046,24035432,24035789,357,CDS
68047,24035496,24035789,293,CDS
68048,24074180,24299205,225025,gene
68049,24074180,24074310,130,mRNA
68050,24079465,24079558,93,mRNA
68051,24131196,24131237,41,mRNA
68052,24161131,24161179,48,mRNA
68053,24210021,24210138,117,mRNA
68054,24253793,24253921,128,mRNA
68055,24258492,24258636,144,mRNA
68056,24297681,24299205,1524,mRNA
68057,24074180,24074310,130,mRNA
68058,24079465,24079558,93,mRNA
68059,24131196,24131237,41,mRNA
68060,24167763,24167811,48,mRNA
68061,24210021,24210138,117,mRNA
68062,24253793,24253921,128,mRNA
68063,24258492,24258636,144,mRNA
68064,24297681,24299205,1524,mRNA
68065,24079466,24079558,92,CDS
68066,24131196,24131237,41,CDS
68067,24161131,24161179,48,CDS
68068,24210021,24210138,117,CDS
68069,24253793,24253921,128,CDS
68070,24258492,24258636,144,CDS
68071,24297681,24297743,62,CDS
68072,24079466,24079558,92,CDS
68073,24131196,24131237,41,CDS
68074,24167763,24167811,48,CDS
68075,24210021,24210138,117,CDS
68076,24253793,24253921,128,CDS
68077,24258492,24258636,144,CDS
68078,24297681,24297743,62,CDS
68079,24290290,24290864,574,gene
68080,24290611,24290864,253,ncRNA
68081,24290290,24290547,257,ncRNA
68082,24324866,24401655,76789,gene
68083,24324866,24325202,336,mRNA
68084,24348329,24348722,393,mRNA
68085,24365759,24366062,303,mRNA
68086,24400855,24400966,111,mRNA
68087,24401021,24401194,173,mRNA
68088,24401255,24401655,400,mRNA
68089,24325056,24325202,146,CDS
68090,24348329,24348722,393,CDS
68091,24365759,24366062,303,CDS
68092,24400855,24400966,111,CDS
68093,24401021,24401194,173,CDS
68094,24401255,24401413,158,CDS
68095,24534090,24535468,1378,gene
68096,24534090,24534373,283,exon
68097,24534991,24535468,477,exon
68098,24537236,24543534,6298,gene
68099,24537236,24537313,77,mRNA
68100,24537398,24537616,218,mRNA
68101,24542410,24543534,1124,mRNA
68102,24537363,24537616,253,mRNA
68103,24542410,24543534,1124,mRNA
68104,24537363,24537616,253,mRNA
68105,24537911,24538135,224,mRNA
68106,24537475,24537616,141,CDS
68107,24542410,24543491,1081,CDS
68108,24537475,24537616,141,CDS
68109,24542410,24543491,1081,CDS
68110,24537475,24537616,141,CDS
68111,24537911,24537912,1,CDS
68112,24546138,24546986,848,gene
68113,24546138,24546986,848,exon
68114,24549636,24550445,809,gene
68115,24549636,24550445,809,exon
68116,24553110,24554200,1090,gene
68117,24553110,24554200,1090,exon
68118,24724162,24758036,33874,gene
68119,24724162,24724430,268,mRNA
68120,24725824,24726292,468,mRNA
68121,24728297,24728508,211,mRNA
68122,24734036,24734187,151,mRNA
68123,24740905,24741000,95,mRNA
68124,24748408,24748494,86,mRNA
68125,24757361,24758036,675,mRNA
68126,24724162,24724430,268,mRNA
68127,24725824,24726292,468,mRNA
68128,24728297,24728508,211,mRNA
68129,24734036,24734187,151,mRNA
68130,24740905,24741000,95,mRNA
68131,24757361,24758036,675,mRNA
68132,24724162,24724430,268,mRNA
68133,24728297,24728508,211,mRNA
68134,24734036,24734187,151,mRNA
68135,24740905,24741000,95,mRNA
68136,24748408,24748494,86,mRNA
68137,24757361,24758036,675,mRNA
68138,24724162,24724430,268,mRNA
68139,24725824,24726292,468,mRNA
68140,24728297,24728508,211,mRNA
68141,24734036,24734331,295,mRNA
68142,24725865,24726292,427,CDS
68143,24728297,24728508,211,CDS
68144,24734036,24734187,151,CDS
68145,24740905,24741000,95,CDS
68146,24748408,24748494,86,CDS
68147,24757361,24757792,431,CDS
68148,24725865,24726292,427,CDS
68149,24728297,24728508,211,CDS
68150,24734036,24734187,151,CDS
68151,24740905,24741000,95,CDS
68152,24757361,24757792,431,CDS
68153,24725865,24726292,427,CDS
68154,24728297,24728508,211,CDS
68155,24734036,24734277,241,CDS
68156,24728352,24728508,156,CDS
68157,24734036,24734187,151,CDS
68158,24740905,24741000,95,CDS
68159,24748408,24748494,86,CDS
68160,24757361,24757792,431,CDS
68161,24927130,24927710,580,gene
68162,24927130,24927352,222,mRNA
68163,24927407,24927530,123,mRNA
68164,24927598,24927710,112,mRNA
68165,24927264,24927352,88,CDS
68166,24927407,24927530,123,CDS
68167,24927598,24927669,71,CDS
68168,24976254,24977118,864,gene
68169,24976254,24976434,180,mRNA
68170,24976489,24976612,123,mRNA
68171,24976679,24977118,439,mRNA
68172,24976254,24976434,180,mRNA
68173,24976489,24976612,123,mRNA
68174,24976679,24976818,139,mRNA
68175,24976346,24976434,88,CDS
68176,24976489,24976612,123,CDS
68177,24976679,24976750,71,CDS
68178,24976346,24976434,88,CDS
68179,24976489,24976612,123,CDS
68180,24976679,24976750,71,CDS
68181,25107594,25115180,7586,gene
68182,25107594,25107630,36,mRNA
68183,25109301,25109604,303,mRNA
68184,25109660,25109909,249,mRNA
68185,25109964,25113571,3607,mRNA
68186,25114034,25114667,633,mRNA
68187,25114724,25115180,456,mRNA
68188,25108997,25109238,241,mRNA
68189,25109301,25109604,303,mRNA
68190,25109660,25109909,249,mRNA
68191,25109964,25113571,3607,mRNA
68192,25114034,25114667,633,mRNA
68193,25114724,25115180,456,mRNA
68194,25108997,25109238,241,mRNA
68195,25109310,25109604,294,mRNA
68196,25109660,25109909,249,mRNA
68197,25109964,25113571,3607,mRNA
68198,25114034,25114667,633,mRNA
68199,25114724,25115180,456,mRNA
68200,25108997,25109069,72,mRNA
68201,25109231,25109238,7,mRNA
68202,25109324,25109604,280,mRNA
68203,25109660,25109909,249,mRNA
68204,25109964,25113571,3607,mRNA
68205,25114034,25114667,633,mRNA
68206,25114724,25115180,456,mRNA
68207,25108997,25109069,72,mRNA
68208,25109301,25109604,303,mRNA
68209,25109660,25109909,249,mRNA
68210,25109964,25113571,3607,mRNA
68211,25114034,25114667,633,mRNA
68212,25114724,25115180,456,mRNA
68213,25108997,25109069,72,mRNA
68214,25109310,25109604,294,mRNA
68215,25109660,25109909,249,mRNA
68216,25109964,25113571,3607,mRNA
68217,25114034,25114667,633,mRNA
68218,25114724,25115180,456,mRNA
68219,25108997,25109069,72,mRNA
68220,25109324,25109604,280,mRNA
68221,25109660,25109909,249,mRNA
68222,25109964,25113571,3607,mRNA
68223,25114034,25114667,633,mRNA
68224,25114724,25115180,456,mRNA
68225,25109213,25109238,25,mRNA
68226,25109301,25109604,303,mRNA
68227,25109660,25109909,249,mRNA
68228,25109964,25113571,3607,mRNA
68229,25114034,25114667,633,mRNA
68230,25114724,25115180,456,mRNA
68231,25109278,25109604,326,mRNA
68232,25109660,25109909,249,mRNA
68233,25109964,25113571,3607,mRNA
68234,25114034,25114667,633,mRNA
68235,25114724,25115180,456,mRNA
68236,25109345,25109604,259,CDS
68237,25109660,25109909,249,CDS
68238,25109964,25113571,3607,CDS
68239,25114034,25114667,633,CDS
68240,25114724,25114897,173,CDS
68241,25109345,25109604,259,CDS
68242,25109660,25109909,249,CDS
68243,25109964,25113571,3607,CDS
68244,25114034,25114667,633,CDS
68245,25114724,25114897,173,CDS
68246,25109345,25109604,259,CDS
68247,25109660,25109909,249,CDS
68248,25109964,25113571,3607,CDS
68249,25114034,25114667,633,CDS
68250,25114724,25114897,173,CDS
68251,25109345,25109604,259,CDS
68252,25109660,25109909,249,CDS
68253,25109964,25113571,3607,CDS
68254,25114034,25114667,633,CDS
68255,25114724,25114897,173,CDS
68256,25109345,25109604,259,CDS
68257,25109660,25109909,249,CDS
68258,25109964,25113571,3607,CDS
68259,25114034,25114667,633,CDS
68260,25114724,25114897,173,CDS
68261,25109345,25109604,259,CDS
68262,25109660,25109909,249,CDS
68263,25109964,25113571,3607,CDS
68264,25114034,25114667,633,CDS
68265,25114724,25114897,173,CDS
68266,25109345,25109604,259,CDS
68267,25109660,25109909,249,CDS
68268,25109964,25113571,3607,CDS
68269,25114034,25114667,633,CDS
68270,25114724,25114897,173,CDS
68271,25109345,25109604,259,CDS
68272,25109660,25109909,249,CDS
68273,25109964,25113571,3607,CDS
68274,25114034,25114667,633,CDS
68275,25114724,25114897,173,CDS
68276,25109345,25109604,259,CDS
68277,25109660,25109909,249,CDS
68278,25109964,25113571,3607,CDS
68279,25114034,25114667,633,CDS
68280,25114724,25114897,173,CDS
68281,25114924,25115946,1022,gene
68282,25115829,25115946,117,mRNA
68283,25115662,25115724,62,mRNA
68284,25114924,25115605,681,mRNA
68285,25115662,25115838,176,mRNA
68286,25114924,25115605,681,mRNA
68287,25115662,25115703,41,CDS
68288,25115219,25115605,386,CDS
68289,25115662,25115703,41,CDS
68290,25115219,25115605,386,CDS
68291,25120709,25126171,5462,gene
68292,25120709,25120796,87,mRNA
68293,25120894,25120985,91,mRNA
68294,25121044,25121297,253,mRNA
68295,25120749,25120818,69,mRNA
68296,25120894,25120985,91,mRNA
68297,25121618,25121813,195,mRNA
68298,25122890,25122986,96,mRNA
68299,25125544,25126171,627,mRNA
68300,25120749,25120818,69,mRNA
68301,25120878,25120985,107,mRNA
68302,25121618,25121959,341,mRNA
68303,25120749,25120818,69,mRNA
68304,25120878,25120985,107,mRNA
68305,25121044,25121371,327,mRNA
68306,25120749,25120818,69,mRNA
68307,25120894,25120985,91,mRNA
68308,25121044,25121297,253,mRNA
68309,25120902,25120985,83,CDS
68310,25121618,25121641,23,CDS
68311,25120902,25120985,83,CDS
68312,25121618,25121641,23,CDS
68313,25120902,25120985,83,CDS
68314,25121044,25121217,173,CDS
68315,25120902,25120985,83,CDS
68316,25121044,25121217,173,CDS
68317,25120902,25120985,83,CDS
68318,25121044,25121217,173,CDS
68319,25201942,25203341,1399,gene
68320,25201942,25203341,1399,exon
68321,25236940,25670980,434040,gene
68322,25670919,25670980,61,mRNA
68323,25670674,25670851,177,mRNA
68324,25480784,25481046,262,mRNA
68325,25421436,25421783,347,mRNA
68326,25421161,25421381,220,mRNA
68327,25303845,25304278,433,mRNA
68328,25303603,25303777,174,mRNA
68329,25236940,25237225,285,mRNA
68330,25670674,25670849,175,CDS
68331,25480784,25481046,262,CDS
68332,25421436,25421783,347,CDS
68333,25421161,25421381,220,CDS
68334,25303845,25304278,433,CDS
68335,25303603,25303777,174,CDS
68336,25236995,25237225,230,CDS
68337,25403776,25405940,2164,gene
68338,25403776,25404489,713,exon
68339,25404618,25405274,656,exon
68340,25405536,25405587,51,exon
68341,25405672,25405940,268,exon
68342,25708177,25709251,1074,gene
68343,25708177,25708572,395,ncRNA
68344,25708624,25708978,354,ncRNA
68345,25709037,25709251,214,ncRNA
68346,25752859,25762779,9920,gene
68347,25762533,25762779,246,mRNA
68348,25760152,25760669,517,mRNA
68349,25758282,25760099,1817,mRNA
68350,25757801,25758224,423,mRNA
68351,25756461,25757738,1277,mRNA
68352,25755784,25756396,612,mRNA
68353,25755264,25755538,274,mRNA
68354,25754853,25755202,349,mRNA
68355,25753695,25754790,1095,mRNA
68356,25752859,25753634,775,mRNA
68357,25762533,25762670,137,CDS
68358,25760152,25760669,517,CDS
68359,25758282,25760099,1817,CDS
68360,25757801,25758224,423,CDS
68361,25756461,25757738,1277,CDS
68362,25755784,25756396,612,CDS
68363,25755264,25755538,274,CDS
68364,25754853,25755202,349,CDS
68365,25753695,25754790,1095,CDS
68366,25752960,25753634,674,CDS
68367,25798441,26014112,215671,gene
68368,26014021,26014112,91,mRNA
68369,26013543,26013568,25,mRNA
68370,25977967,25978150,183,mRNA
68371,25969230,25969627,397,mRNA
68372,25969034,25969180,146,mRNA
68373,25961360,25961540,180,mRNA
68374,25933196,25933410,214,mRNA
68375,25924296,25924456,160,mRNA
68376,25874142,25874384,242,mRNA
68377,25873860,25874085,225,mRNA
68378,25843725,25844107,382,mRNA
68379,25798441,25798742,301,mRNA
68380,26013543,26013721,178,mRNA
68381,25977967,25978150,183,mRNA
68382,25969230,25969627,397,mRNA
68383,25969034,25969180,146,mRNA
68384,25961360,25961540,180,mRNA
68385,25933196,25933410,214,mRNA
68386,25924296,25924456,160,mRNA
68387,25874142,25874384,242,mRNA
68388,25873860,25874085,225,mRNA
68389,25843725,25844107,382,mRNA
68390,25798441,25798742,301,mRNA
68391,26013543,26013721,178,mRNA
68392,26010107,26010354,247,mRNA
68393,26008061,26008177,116,mRNA
68394,25977967,25978150,183,mRNA
68395,25969230,25969627,397,mRNA
68396,25969034,25969180,146,mRNA
68397,25961360,25961540,180,mRNA
68398,25933196,25933410,214,mRNA
68399,25924296,25924456,160,mRNA
68400,25874142,25874384,242,mRNA
68401,25873860,25874085,225,mRNA
68402,25843725,25844107,382,mRNA
68403,25798441,25798742,301,mRNA
68404,25977967,25978136,169,CDS
68405,25969230,25969627,397,CDS
68406,25969034,25969180,146,CDS
68407,25961360,25961540,180,CDS
68408,25933196,25933410,214,CDS
68409,25924296,25924456,160,CDS
68410,25874142,25874384,242,CDS
68411,25873860,25874085,225,CDS
68412,25843725,25844107,382,CDS
68413,25798524,25798742,218,CDS
68414,25977967,25978136,169,CDS
68415,25969230,25969627,397,CDS
68416,25969034,25969180,146,CDS
68417,25961360,25961540,180,CDS
68418,25933196,25933410,214,CDS
68419,25924296,25924456,160,CDS
68420,25874142,25874384,242,CDS
68421,25873860,25874085,225,CDS
68422,25843725,25844107,382,CDS
68423,25798524,25798742,218,CDS
68424,25977967,25978136,169,CDS
68425,25969230,25969627,397,CDS
68426,25969034,25969180,146,CDS
68427,25961360,25961540,180,CDS
68428,25933196,25933410,214,CDS
68429,25924296,25924456,160,CDS
68430,25874142,25874384,242,CDS
68431,25873860,25874085,225,CDS
68432,25843725,25844107,382,CDS
68433,25798524,25798742,218,CDS
68434,25843821,25844502,681,gene
68435,25843821,25843958,137,ncRNA
68436,25844008,25844121,113,ncRNA
68437,25844172,25844502,330,ncRNA
68438,25843821,25843958,137,ncRNA
68439,25844008,25844121,113,ncRNA
68440,25844288,25844502,214,ncRNA
68441,26165235,26178793,13558,gene
68442,26165235,26165630,395,exon
68443,26165680,26165826,146,exon
68444,26178613,26178793,180,exon
68445,26215815,26229433,13618,gene
68446,26215815,26215898,83,mRNA
68447,26224649,26229433,4784,mRNA
68448,26215815,26215898,83,mRNA
68449,26219968,26220152,184,mRNA
68450,26224649,26226006,1357,mRNA
68451,26221945,26222077,132,mRNA
68452,26224649,26226006,1357,mRNA
68453,26221945,26222064,119,mRNA
68454,26224649,26226006,1357,mRNA
68455,26221945,26222031,86,mRNA
68456,26224649,26226006,1357,mRNA
68457,26221945,26222008,63,mRNA
68458,26224649,26226006,1357,mRNA
68459,26224649,26225914,1265,CDS
68460,26224649,26225914,1265,CDS
68461,26224649,26225914,1265,CDS
68462,26224649,26225914,1265,CDS
68463,26224649,26225914,1265,CDS
68464,26224649,26225914,1265,CDS
68465,26298455,26305572,7117,gene
68466,26305208,26305572,364,mRNA
68467,26304980,26305152,172,mRNA
68468,26298455,26298939,484,mRNA
68469,26305208,26305572,364,CDS
68470,26304980,26305152,172,CDS
68471,26298455,26298939,484,CDS
68472,26354140,26371356,17216,gene
68473,26371227,26371356,129,mRNA
68474,26355873,26356242,369,mRNA
68475,26355645,26355817,172,mRNA
68476,26354140,26354624,484,mRNA
68477,26355873,26356237,364,CDS
68478,26355645,26355817,172,CDS
68479,26354140,26354624,484,CDS
68480,27082091,27083906,1815,gene
68481,27083724,27083906,182,mRNA
68482,27082091,27083593,1502,mRNA
68483,27083739,27083906,167,mRNA
68484,27083338,27083593,255,mRNA
68485,27083737,27083906,169,mRNA
68486,27083338,27083593,255,mRNA
68487,27083724,27083906,182,mRNA
68488,27083338,27083593,255,mRNA
68489,27083739,27083839,100,CDS
68490,27083461,27083593,132,CDS
68491,27083724,27083839,115,CDS
68492,27083461,27083593,132,CDS
68493,27083724,27083839,115,CDS
68494,27083461,27083593,132,CDS
68495,27083737,27083839,102,CDS
68496,27083565,27083593,28,CDS
68497,27091705,27092199,494,gene
68498,27091976,27092199,223,ncRNA
68499,27091705,27091920,215,ncRNA
68500,27135184,27135726,542,gene
68501,27135184,27135372,188,ncRNA
68502,27135426,27135726,300,ncRNA
68503,27135424,27136049,625,gene
68504,27135945,27136049,104,ncRNA
68505,27135424,27135886,462,ncRNA
68506,27136525,27157999,21474,gene
68507,27136525,27136869,344,mRNA
68508,27136946,27137236,290,mRNA
68509,27140119,27140242,123,mRNA
68510,27146395,27146574,179,mRNA
68511,27146628,27146883,255,mRNA
68512,27146945,27147695,750,mRNA
68513,27147770,27147997,227,mRNA
68514,27156010,27156171,161,mRNA
68515,27157810,27157999,189,mRNA
68516,27136525,27136869,344,mRNA
68517,27136946,27137236,290,mRNA
68518,27140119,27140242,123,mRNA
68519,27146395,27146574,179,mRNA
68520,27146628,27146883,255,mRNA
68521,27146945,27147695,750,mRNA
68522,27156010,27156171,161,mRNA
68523,27157810,27157999,189,mRNA
68524,27136612,27136869,257,CDS
68525,27136946,27137236,290,CDS
68526,27140119,27140242,123,CDS
68527,27146395,27146574,179,CDS
68528,27146628,27146883,255,CDS
68529,27146945,27147695,750,CDS
68530,27156010,27156171,161,CDS
68531,27157810,27157935,125,CDS
68532,27136612,27136869,257,CDS
68533,27136946,27137236,290,CDS
68534,27140119,27140242,123,CDS
68535,27146395,27146574,179,CDS
68536,27146628,27146883,255,CDS
68537,27146945,27147695,750,CDS
68538,27147770,27147811,41,CDS
68539,27170036,27170567,531,gene
68540,27170036,27170567,531,exon
68541,27267255,27268445,1190,gene
68542,27267255,27267523,268,mRNA
68543,27267592,27267918,326,mRNA
68544,27268092,27268445,353,mRNA
68545,27267255,27267455,200,mRNA
68546,27267592,27267918,326,mRNA
68547,27268092,27268445,353,mRNA
68548,27267255,27267283,28,mRNA
68549,27267514,27267918,404,mRNA
68550,27268092,27268445,353,mRNA
68551,27267255,27267283,28,mRNA
68552,27267608,27267918,310,mRNA
68553,27268092,27268445,353,mRNA
68554,27267256,27267918,662,mRNA
68555,27268092,27268445,353,mRNA
68556,27267256,27267459,203,mRNA
68557,27267592,27267918,326,mRNA
68558,27268092,27268445,353,mRNA
68559,27267256,27267455,199,mRNA
68560,27267514,27267918,404,mRNA
68561,27268092,27268445,353,mRNA
68562,27267256,27267283,27,mRNA
68563,27267592,27267918,326,mRNA
68564,27268092,27268445,353,mRNA
68565,27267383,27267450,67,gene
68566,27267383,27267450,67,ncRNA
68567,27267610,27267918,308,CDS
68568,27268092,27268397,305,CDS
68569,27267610,27267918,308,CDS
68570,27268092,27268397,305,CDS
68571,27267610,27267918,308,CDS
68572,27268092,27268397,305,CDS
68573,27267610,27267918,308,CDS
68574,27268092,27268397,305,CDS
68575,27267610,27267918,308,CDS
68576,27268092,27268397,305,CDS
68577,27267610,27267918,308,CDS
68578,27268092,27268397,305,CDS
68579,27267610,27267918,308,CDS
68580,27268092,27268397,305,CDS
68581,27267610,27267918,308,CDS
68582,27268092,27268397,305,CDS
68583,27267954,27268023,69,gene
68584,27267954,27268023,69,ncRNA
68585,27279316,27422159,142843,gene
68586,27279316,27279422,106,mRNA
68587,27279481,27279539,58,mRNA
68588,27292882,27293013,131,mRNA
68589,27293076,27293271,195,mRNA
68590,27331994,27332108,114,mRNA
68591,27332169,27332346,177,mRNA
68592,27350220,27350321,101,mRNA
68593,27380953,27381088,135,mRNA
68594,27390944,27391053,109,mRNA
68595,27420679,27420841,162,mRNA
68596,27420952,27421014,62,mRNA
68597,27421957,27422159,202,mRNA
68598,27279316,27279422,106,mRNA
68599,27279481,27279539,58,mRNA
68600,27292882,27293013,131,mRNA
68601,27293076,27293271,195,mRNA
68602,27331994,27332108,114,mRNA
68603,27332169,27332346,177,mRNA
68604,27350220,27350321,101,mRNA
68605,27380953,27381088,135,mRNA
68606,27420679,27420841,162,mRNA
68607,27420901,27421014,113,mRNA
68608,27421957,27422159,202,mRNA
68609,27279316,27279422,106,mRNA
68610,27279481,27279539,58,mRNA
68611,27323294,27323574,280,mRNA
68612,27331994,27332108,114,mRNA
68613,27332169,27332346,177,mRNA
68614,27350220,27350321,101,mRNA
68615,27380953,27381088,135,mRNA
68616,27420679,27420841,162,mRNA
68617,27420901,27421014,113,mRNA
68618,27421957,27422159,202,mRNA
68619,27279316,27279422,106,mRNA
68620,27279481,27279539,58,mRNA
68621,27292882,27293013,131,mRNA
68622,27293076,27293271,195,mRNA
68623,27331994,27332108,114,mRNA
68624,27332169,27332346,177,mRNA
68625,27350220,27350321,101,mRNA
68626,27380953,27381088,135,mRNA
68627,27420679,27420841,162,mRNA
68628,27420901,27421171,270,mRNA
68629,27279316,27279422,106,mRNA
68630,27279481,27279539,58,mRNA
68631,27292882,27293013,131,mRNA
68632,27293076,27293271,195,mRNA
68633,27331994,27332108,114,mRNA
68634,27332169,27332346,177,mRNA
68635,27350220,27350321,101,mRNA
68636,27350597,27350910,313,mRNA
68637,27279375,27279422,47,CDS
68638,27279481,27279539,58,CDS
68639,27292882,27293013,131,CDS
68640,27293076,27293271,195,CDS
68641,27331994,27332108,114,CDS
68642,27332169,27332346,177,CDS
68643,27350220,27350321,101,CDS
68644,27380953,27381088,135,CDS
68645,27420679,27420841,162,CDS
68646,27420901,27421014,113,CDS
68647,27421957,27422159,202,CDS
68648,27279375,27279422,47,CDS
68649,27279481,27279539,58,CDS
68650,27292882,27293013,131,CDS
68651,27293076,27293271,195,CDS
68652,27331994,27332108,114,CDS
68653,27332169,27332346,177,CDS
68654,27350220,27350321,101,CDS
68655,27380953,27381088,135,CDS
68656,27420679,27420841,162,CDS
68657,27420901,27421115,214,CDS
68658,27279375,27279422,47,CDS
68659,27279481,27279539,58,CDS
68660,27292882,27293013,131,CDS
68661,27293076,27293271,195,CDS
68662,27331994,27332108,114,CDS
68663,27332169,27332346,177,CDS
68664,27350220,27350321,101,CDS
68665,27380953,27381088,135,CDS
68666,27390944,27391042,98,CDS
68667,27279375,27279422,47,CDS
68668,27279481,27279539,58,CDS
68669,27292882,27293013,131,CDS
68670,27293076,27293271,195,CDS
68671,27331994,27332108,114,CDS
68672,27332169,27332346,177,CDS
68673,27350220,27350321,101,CDS
68674,27350597,27350606,9,CDS
68675,27332054,27332108,54,CDS
68676,27332169,27332346,177,CDS
68677,27350220,27350321,101,CDS
68678,27380953,27381088,135,CDS
68679,27420679,27420841,162,CDS
68680,27420901,27421014,113,CDS
68681,27421957,27422159,202,CDS
68682,27364828,27365990,1162,gene
68683,27365557,27365990,433,ncRNA
68684,27365290,27365492,202,ncRNA
68685,27364828,27365146,318,ncRNA
68686,27842669,27858271,15602,gene
68687,27858191,27858271,80,mRNA
68688,27856784,27857935,1151,mRNA
68689,27844505,27844604,99,mRNA
68690,27842669,27842778,109,mRNA
68691,27858191,27858271,80,mRNA
68692,27856784,27857935,1151,mRNA
68693,27847425,27847485,60,mRNA
68694,27844505,27844604,99,mRNA
68695,27842669,27842778,109,mRNA
68696,27858191,27858203,12,CDS
68697,27856784,27857935,1151,CDS
68698,27847425,27847485,60,CDS
68699,27844505,27844604,99,CDS
68700,27842725,27842778,53,CDS
68701,27858191,27858203,12,CDS
68702,27856784,27857935,1151,CDS
68703,27844591,27844604,13,CDS
68704,27849226,27850751,1525,gene
68705,27849226,27849390,164,exon
68706,27849950,27850025,75,exon
68707,27850066,27850751,685,exon
68708,27858191,27858271,80,mRNA
68709,27856784,27857935,1151,mRNA
68710,27856366,27856707,341,mRNA
68711,27858191,27858271,80,mRNA
68712,27856366,27857935,1569,mRNA
68713,27858191,27858203,12,CDS
68714,27856784,27857935,1151,CDS
68715,27856703,27856707,4,CDS
68716,27858191,27858203,12,CDS
68717,27856776,27857935,1159,CDS
68718,27967244,28012599,45355,gene
68719,28012537,28012599,62,mRNA
68720,28012381,28012483,102,mRNA
68721,27987738,27988702,964,mRNA
68722,27967244,27974140,6896,mRNA
68723,28012537,28012551,14,CDS
68724,28012381,28012483,102,CDS
68725,27987738,27988702,964,CDS
68726,27967331,27974140,6809,CDS
68727,28012537,28012599,62,mRNA
68728,28012381,28012483,102,mRNA
68729,28011343,28011717,374,mRNA
68730,28012537,28012551,14,CDS
68731,28012381,28012483,102,CDS
68732,28011710,28011717,7,CDS
