,start,end,lenght,feature
0,7529,9484,1955,gene
1,7529,8116,587,mRNA
2,8193,9484,1291,mRNA
3,7529,8116,587,mRNA
4,8193,8589,396,mRNA
5,8668,9484,816,mRNA
6,7529,8116,587,mRNA
7,8229,9484,1255,mRNA
8,7680,8116,436,CDS
9,8193,8589,396,CDS
10,8668,9276,608,CDS
11,7680,8116,436,CDS
12,8193,8610,417,CDS
13,7680,8116,436,CDS
14,8229,8610,381,CDS
15,9726,9859,133,mobile_element
16,9839,21376,11537,gene
17,21349,21376,27,mRNA
18,21066,21200,134,mRNA
19,19880,20020,140,mRNA
20,14933,15711,778,mRNA
21,13683,14874,1191,mRNA
22,13520,13625,105,mRNA
23,12286,12928,642,mRNA
24,11779,12221,442,mRNA
25,11410,11518,108,mRNA
26,9839,11344,1505,mRNA
27,21136,21376,240,mRNA
28,17053,17212,159,mRNA
29,14933,15711,778,mRNA
30,13683,14874,1191,mRNA
31,13520,13625,105,mRNA
32,12286,12928,642,mRNA
33,11779,12221,442,mRNA
34,11410,11518,108,mRNA
35,9839,11344,1505,mRNA
36,21136,21376,240,mRNA
37,19880,20015,135,mRNA
38,17053,17212,159,mRNA
39,14933,15711,778,mRNA
40,13683,14874,1191,mRNA
41,13520,13625,105,mRNA
42,12286,12928,642,mRNA
43,11779,12221,442,mRNA
44,11410,11518,108,mRNA
45,9839,11344,1505,mRNA
46,21136,21376,240,mRNA
47,19885,20020,135,mRNA
48,14933,15711,778,mRNA
49,13683,14874,1191,mRNA
50,13520,13625,105,mRNA
51,12286,12928,642,mRNA
52,11779,12221,442,mRNA
53,11410,11518,108,mRNA
54,9839,11344,1505,mRNA
55,21066,21376,310,mRNA
56,19880,20015,135,mRNA
57,14933,15711,778,mRNA
58,13683,14874,1191,mRNA
59,13520,13625,105,mRNA
60,12286,12928,642,mRNA
61,11779,12221,442,mRNA
62,11410,11518,108,mRNA
63,9839,11344,1505,mRNA
64,21066,21376,310,mRNA
65,19880,20020,140,mRNA
66,14933,15711,778,mRNA
67,13683,14874,1191,mRNA
68,13520,13625,105,mRNA
69,12286,12928,642,mRNA
70,11779,12221,442,mRNA
71,11410,11518,108,mRNA
72,9839,11344,1505,mRNA
73,21066,21376,310,mRNA
74,19880,20020,140,mRNA
75,17053,17212,159,mRNA
76,14933,15711,778,mRNA
77,13683,14874,1191,mRNA
78,13520,13625,105,mRNA
79,12286,12928,642,mRNA
80,11779,12221,442,mRNA
81,9839,11344,1505,mRNA
82,21066,21376,310,mRNA
83,19880,20020,140,mRNA
84,17053,17212,159,mRNA
85,14933,15711,778,mRNA
86,13683,14874,1191,mRNA
87,13520,13625,105,mRNA
88,12286,12928,642,mRNA
89,11779,12221,442,mRNA
90,11410,11518,108,mRNA
91,9839,11344,1505,mRNA
92,21066,21376,310,mRNA
93,20831,20973,142,mRNA
94,19880,20015,135,mRNA
95,17053,17212,159,mRNA
96,14933,15711,778,mRNA
97,13683,14874,1191,mRNA
98,13520,13625,105,mRNA
99,12286,12928,642,mRNA
100,11779,12221,442,mRNA
101,11410,11518,108,mRNA
102,9839,11344,1505,mRNA
103,18261,18570,309,mRNA
104,17053,17212,159,mRNA
105,14933,15711,778,mRNA
106,13683,14874,1191,mRNA
107,13520,13625,105,mRNA
108,12286,12928,642,mRNA
109,11779,12221,442,mRNA
110,11410,11518,108,mRNA
111,9839,11344,1505,mRNA
112,18261,18570,309,mRNA
113,18026,18168,142,mRNA
114,17053,17212,159,mRNA
115,14933,15711,778,mRNA
116,13683,14874,1191,mRNA
117,13520,13625,105,mRNA
118,12286,12928,642,mRNA
119,11779,12221,442,mRNA
120,11410,11518,108,mRNA
121,9839,11344,1505,mRNA
122,9888,9949,61,mobile_element
123,19885,19944,59,CDS
124,14933,15711,778,CDS
125,13683,14874,1191,CDS
126,13520,13625,105,CDS
127,12286,12928,642,CDS
128,11779,12221,442,CDS
129,11410,11518,108,CDS
130,11215,11344,129,CDS
131,17053,17136,83,CDS
132,14933,15711,778,CDS
133,13683,14874,1191,CDS
134,13520,13625,105,CDS
135,12286,12928,642,CDS
136,11779,12221,442,CDS
137,11410,11518,108,CDS
138,11215,11344,129,CDS
139,17053,17136,83,CDS
140,14933,15711,778,CDS
141,13683,14874,1191,CDS
142,13520,13625,105,CDS
143,12286,12928,642,CDS
144,11779,12221,442,CDS
145,11410,11518,108,CDS
146,11215,11344,129,CDS
147,17053,17136,83,CDS
148,14933,15711,778,CDS
149,13683,14874,1191,CDS
150,13520,13625,105,CDS
151,12286,12928,642,CDS
152,11779,12221,442,CDS
153,11410,11518,108,CDS
154,11215,11344,129,CDS
155,17053,17136,83,CDS
156,14933,15711,778,CDS
157,13683,14874,1191,CDS
158,13520,13625,105,CDS
159,12286,12928,642,CDS
160,11779,12221,442,CDS
161,11410,11518,108,CDS
162,11215,11344,129,CDS
163,17053,17136,83,CDS
164,14933,15711,778,CDS
165,13683,14874,1191,CDS
166,13520,13625,105,CDS
167,12286,12928,642,CDS
168,11779,12221,442,CDS
169,11410,11518,108,CDS
170,11215,11344,129,CDS
171,17053,17136,83,CDS
172,14933,15711,778,CDS
173,13683,14874,1191,CDS
174,13520,13625,105,CDS
175,12286,12928,642,CDS
176,11779,12221,442,CDS
177,11410,11518,108,CDS
178,11215,11344,129,CDS
179,14933,15648,715,CDS
180,13683,14874,1191,CDS
181,13520,13625,105,CDS
182,12286,12928,642,CDS
183,11779,12221,442,CDS
184,11410,11518,108,CDS
185,11215,11344,129,CDS
186,14933,15648,715,CDS
187,13683,14874,1191,CDS
188,13520,13625,105,CDS
189,12286,12928,642,CDS
190,11779,12221,442,CDS
191,11410,11518,108,CDS
192,11215,11344,129,CDS
193,14933,15648,715,CDS
194,13683,14874,1191,CDS
195,13520,13625,105,CDS
196,12286,12928,642,CDS
197,11779,12221,442,CDS
198,11410,11518,108,CDS
199,11215,11344,129,CDS
200,17053,17136,83,CDS
201,14933,15711,778,CDS
202,13683,14874,1191,CDS
203,13520,13625,105,CDS
204,12286,12928,642,CDS
205,11779,12221,442,CDS
206,11310,11344,34,CDS
207,21823,25155,3332,gene
208,24747,25155,408,mRNA
209,23929,24210,281,mRNA
210,22994,23873,879,mRNA
211,22743,22935,192,mRNA
212,21823,22687,864,mRNA
213,24747,25151,404,CDS
214,23929,24210,281,CDS
215,22994,23873,879,CDS
216,22743,22935,192,CDS
217,21919,22687,768,CDS
218,21952,24237,2285,gene
219,21952,22941,989,ncRNA
220,22998,24237,1239,ncRNA
221,24236,24462,226,mobile_element
222,25402,65404,40002,gene
223,65346,65404,58,mRNA
224,58081,58182,101,mRNA
225,39301,39857,556,mRNA
226,38535,38731,196,mRNA
227,35746,38298,2552,mRNA
228,34720,34912,192,mRNA
229,34558,34604,46,mRNA
230,33845,34288,443,mRNA
231,28982,29068,86,mRNA
232,28733,28926,193,mRNA
233,28015,28240,225,mRNA
234,27053,27490,437,mRNA
235,26766,26964,198,mRNA
236,25402,26688,1286,mRNA
237,59190,59268,78,mRNA
238,58081,58176,95,mRNA
239,39301,39857,556,mRNA
240,38535,38731,196,mRNA
241,34720,35212,492,mRNA
242,34558,34604,46,mRNA
243,33845,34288,443,mRNA
244,28982,29068,86,mRNA
245,28733,28926,193,mRNA
246,28411,28639,228,mRNA
247,27053,27490,437,mRNA
248,26766,26964,198,mRNA
249,25402,26688,1286,mRNA
250,59190,59268,78,mRNA
251,58081,58182,101,mRNA
252,39301,39857,556,mRNA
253,38535,38731,196,mRNA
254,34720,35212,492,mRNA
255,34558,34604,46,mRNA
256,33845,34288,443,mRNA
257,28982,29068,86,mRNA
258,28733,28926,193,mRNA
259,28015,28240,225,mRNA
260,27053,27490,437,mRNA
261,26766,26964,198,mRNA
262,25402,26688,1286,mRNA
263,59190,59268,78,mRNA
264,58081,58182,101,mRNA
265,39301,39857,556,mRNA
266,38535,38731,196,mRNA
267,34720,35212,492,mRNA
268,34558,34604,46,mRNA
269,33845,34288,443,mRNA
270,30394,33270,2876,mRNA
271,28982,29068,86,mRNA
272,28733,28926,193,mRNA
273,28015,28240,225,mRNA
274,27053,27490,437,mRNA
275,26766,26964,198,mRNA
276,25402,26688,1286,mRNA
277,59190,59268,78,mRNA
278,58081,58193,112,mRNA
279,39301,39857,556,mRNA
280,38535,38731,196,mRNA
281,34720,35212,492,mRNA
282,34558,34604,46,mRNA
283,28982,29068,86,mRNA
284,28733,28926,193,mRNA
285,28015,28240,225,mRNA
286,27053,27490,437,mRNA
287,26766,26964,198,mRNA
288,25402,26688,1286,mRNA
289,59190,59268,78,mRNA
290,58249,58350,101,mRNA
291,58081,58182,101,mRNA
292,39301,39857,556,mRNA
293,38535,38731,196,mRNA
294,35746,38298,2552,mRNA
295,34720,35212,492,mRNA
296,34558,34604,46,mRNA
297,33845,34288,443,mRNA
298,28982,29068,86,mRNA
299,28733,28926,193,mRNA
300,28015,28240,225,mRNA
301,27053,27490,437,mRNA
302,26766,26964,198,mRNA
303,25402,26688,1286,mRNA
304,59190,59268,78,mRNA
305,58249,58731,482,mRNA
306,58081,58182,101,mRNA
307,39301,39857,556,mRNA
308,38535,38731,196,mRNA
309,34720,35212,492,mRNA
310,34558,34604,46,mRNA
311,30394,33270,2876,mRNA
312,28982,29068,86,mRNA
313,28733,28926,193,mRNA
314,28015,28240,225,mRNA
315,27053,27490,437,mRNA
316,26766,26964,198,mRNA
317,25402,26688,1286,mRNA
318,58959,59268,309,mRNA
319,58081,58182,101,mRNA
320,39301,39857,556,mRNA
321,38535,38731,196,mRNA
322,35746,38298,2552,mRNA
323,28982,29068,86,mRNA
324,28733,28926,193,mRNA
325,28015,28240,225,mRNA
326,27053,27490,437,mRNA
327,26766,26964,198,mRNA
328,25402,26688,1286,mRNA
329,58081,58150,69,CDS
330,39301,39857,556,CDS
331,38535,38731,196,CDS
332,34720,35212,492,CDS
333,34558,34604,46,CDS
334,28982,29068,86,CDS
335,28733,28926,193,CDS
336,28015,28240,225,CDS
337,27053,27490,437,CDS
338,26766,26964,198,CDS
339,26521,26688,167,CDS
340,58081,58150,69,CDS
341,39301,39857,556,CDS
342,38535,38731,196,CDS
343,34720,35212,492,CDS
344,34558,34604,46,CDS
345,30394,33270,2876,CDS
346,28982,29068,86,CDS
347,28733,28926,193,CDS
348,28015,28240,225,CDS
349,27053,27490,437,CDS
350,26766,26964,198,CDS
351,26521,26688,167,CDS
352,58081,58150,69,CDS
353,39301,39857,556,CDS
354,38535,38731,196,CDS
355,34720,35212,492,CDS
356,34558,34604,46,CDS
357,33845,34288,443,CDS
358,28982,29068,86,CDS
359,28733,28926,193,CDS
360,28015,28240,225,CDS
361,27053,27490,437,CDS
362,26766,26964,198,CDS
363,26521,26688,167,CDS
364,58081,58150,69,CDS
365,39301,39857,556,CDS
366,38535,38731,196,CDS
367,34720,35212,492,CDS
368,34558,34604,46,CDS
369,33845,34288,443,CDS
370,28982,29068,86,CDS
371,28733,28926,193,CDS
372,28411,28639,228,CDS
373,27053,27490,437,CDS
374,26766,26964,198,CDS
375,26521,26688,167,CDS
376,58081,58150,69,CDS
377,39301,39857,556,CDS
378,38535,38731,196,CDS
379,34720,35212,492,CDS
380,34558,34604,46,CDS
381,33845,34288,443,CDS
382,30394,33270,2876,CDS
383,28982,29068,86,CDS
384,28733,28926,193,CDS
385,28015,28240,225,CDS
386,27053,27490,437,CDS
387,26766,26964,198,CDS
388,26521,26688,167,CDS
389,58081,58150,69,CDS
390,39301,39857,556,CDS
391,38535,38731,196,CDS
392,35746,38298,2552,CDS
393,28982,29068,86,CDS
394,28733,28926,193,CDS
395,28015,28240,225,CDS
396,27053,27490,437,CDS
397,26766,26964,198,CDS
398,26521,26688,167,CDS
399,58081,58150,69,CDS
400,39301,39857,556,CDS
401,38535,38731,196,CDS
402,35746,38298,2552,CDS
403,34720,34912,192,CDS
404,34558,34604,46,CDS
405,33845,34288,443,CDS
406,28982,29068,86,CDS
407,28733,28926,193,CDS
408,28015,28240,225,CDS
409,27053,27490,437,CDS
410,26766,26964,198,CDS
411,26521,26688,167,CDS
412,58081,58150,69,CDS
413,39301,39857,556,CDS
414,38535,38731,196,CDS
415,35746,38298,2552,CDS
416,34720,35212,492,CDS
417,34558,34604,46,CDS
418,33845,34288,443,CDS
419,28982,29068,86,CDS
420,28733,28926,193,CDS
421,28015,28240,225,CDS
422,27053,27490,437,CDS
423,26766,26964,198,CDS
424,26521,26688,167,CDS
425,27530,27788,258,mobile_element
426,47514,52519,5005,mobile_element
427,54817,55767,950,gene
428,54817,55767,950,ncRNA
429,60240,60580,340,mobile_element
430,60663,60773,110,mobile_element
431,64316,64936,620,mobile_element
432,65664,65698,34,mobile_element
433,65999,66242,243,gene
434,65999,66242,243,ncRNA
435,66318,66524,206,gene
436,66318,66524,206,ncRNA
437,66482,71390,4908,gene
438,66482,66612,130,mRNA
439,66676,67003,327,mRNA
440,67389,67507,118,mRNA
441,67569,67762,193,mRNA
442,67892,68023,131,mRNA
443,68085,70549,2464,mRNA
444,70607,71390,783,mRNA
445,67043,67507,464,mRNA
446,67569,67762,193,mRNA
447,67892,68023,131,mRNA
448,68085,70549,2464,mRNA
449,70607,71390,783,mRNA
450,67043,67137,94,mRNA
451,67389,67507,118,mRNA
452,67569,67762,193,mRNA
453,67892,68023,131,mRNA
454,68085,70549,2464,mRNA
455,70607,71390,783,mRNA
456,67043,67507,464,mRNA
457,67569,67762,193,mRNA
458,67892,68023,131,mRNA
459,68085,70549,2464,mRNA
460,70607,71081,474,mRNA
461,67043,67111,68,mRNA
462,67389,67507,118,mRNA
463,67569,67762,193,mRNA
464,67892,68023,131,mRNA
465,68085,70549,2464,mRNA
466,70607,71081,474,mRNA
467,67625,67762,137,CDS
468,67892,68023,131,CDS
469,68085,70549,2464,CDS
470,70607,70895,288,CDS
471,67625,67762,137,CDS
472,67892,68023,131,CDS
473,68085,70549,2464,CDS
474,70607,70895,288,CDS
475,67625,67762,137,CDS
476,67892,68023,131,CDS
477,68085,70549,2464,CDS
478,70607,70895,288,CDS
479,67625,67762,137,CDS
480,67892,68023,131,CDS
481,68085,70549,2464,CDS
482,70607,70895,288,CDS
483,67625,67762,137,CDS
484,67892,68023,131,CDS
485,68085,70549,2464,CDS
486,70607,70895,288,CDS
487,71039,73836,2797,gene
488,73755,73836,81,ncRNA
489,71039,73642,2603,ncRNA
490,71039,73836,2797,ncRNA
491,71757,76211,4454,gene
492,71757,71804,47,mRNA
493,71950,72081,131,mRNA
494,74903,75018,115,mRNA
495,75078,76211,1133,mRNA
496,72013,72081,68,CDS
497,74903,75018,115,CDS
498,75078,76098,1020,CDS
499,72387,72977,590,mRNA
500,74903,75018,115,mRNA
501,75078,76211,1133,mRNA
502,72603,72977,374,CDS
503,74903,75018,115,CDS
504,75078,76098,1020,CDS
505,73485,73692,207,mRNA
506,73820,73897,77,mRNA
507,74903,75018,115,mRNA
508,75078,76211,1133,mRNA
509,73485,73692,207,mRNA
510,74903,75018,115,mRNA
511,75078,76211,1133,mRNA
512,73570,73692,122,CDS
513,74903,75018,115,CDS
514,75078,76098,1020,CDS
515,74129,74572,443,mRNA
516,74903,75018,115,mRNA
517,75078,76211,1133,mRNA
518,74501,74572,71,CDS
519,74903,75018,115,CDS
520,75078,76098,1020,CDS
521,75280,76098,818,CDS
522,76348,77783,1435,gene
523,76348,77583,1235,mRNA
524,77642,77783,141,mRNA
525,76446,77583,1137,CDS
526,77642,77709,67,CDS
527,82421,87387,4966,gene
528,87020,87387,367,mRNA
529,82421,84277,1856,mRNA
530,87020,87387,367,mRNA
531,82984,84277,1293,mRNA
532,87020,87092,72,CDS
533,83268,84277,1009,CDS
534,87020,87092,72,CDS
535,83268,84277,1009,CDS
536,94739,102086,7347,gene
537,94739,94892,153,mRNA
538,94989,95070,81,mRNA
539,95132,95301,169,mRNA
540,95354,97833,2479,mRNA
541,97884,98470,586,mRNA
542,98527,99723,1196,mRNA
543,99785,100516,731,mRNA
544,100572,100703,131,mRNA
545,100762,100942,180,mRNA
546,101016,101194,178,mRNA
547,101249,101619,370,mRNA
548,101876,102086,210,mRNA
549,94852,94892,40,CDS
550,94989,95070,81,CDS
551,95132,95301,169,CDS
552,95354,97833,2479,CDS
553,97884,98470,586,CDS
554,98527,99723,1196,CDS
555,99785,100516,731,CDS
556,100572,100703,131,CDS
557,100762,100942,180,CDS
558,101016,101194,178,CDS
559,101249,101619,370,CDS
560,101876,101918,42,CDS
561,102380,104142,1762,gene
562,102380,102906,526,mRNA
563,103006,103434,428,mRNA
564,103516,104142,626,mRNA
565,102380,102906,526,mRNA
566,103006,103434,428,mRNA
567,103878,104142,264,mRNA
568,102459,102906,447,CDS
569,103006,103434,428,CDS
570,103878,103936,58,CDS
571,102459,102906,447,CDS
572,103006,103434,428,CDS
573,103516,103763,247,CDS
574,103962,106732,2770,gene
575,105969,106732,763,mRNA
576,105512,105915,403,mRNA
577,105391,105455,64,mRNA
578,105005,105336,331,mRNA
579,103962,104947,985,mRNA
580,105969,106642,673,CDS
581,105512,105915,403,CDS
582,105391,105455,64,CDS
583,105005,105336,331,CDS
584,104473,104947,474,CDS
585,106903,114432,7529,gene
586,106903,107000,97,mRNA
587,107765,107838,73,mRNA
588,108588,108809,221,mRNA
589,110406,110483,77,mRNA
590,110755,110877,122,mRNA
591,111907,112019,112,mRNA
592,112690,113369,679,mRNA
593,113434,114432,998,mRNA
594,107761,107956,195,mRNA
595,108588,108809,221,mRNA
596,110406,110483,77,mRNA
597,110755,110877,122,mRNA
598,112690,113369,679,mRNA
599,113434,114432,998,mRNA
600,107761,107838,77,mRNA
601,108588,108809,221,mRNA
602,110406,110483,77,mRNA
603,110755,110877,122,mRNA
604,111907,112019,112,mRNA
605,112690,113369,679,mRNA
606,113434,114432,998,mRNA
607,107761,107838,77,mRNA
608,108588,108809,221,mRNA
609,110406,110483,77,mRNA
610,110755,110877,122,mRNA
611,111005,111117,112,mRNA
612,111907,112019,112,mRNA
613,112690,113369,679,mRNA
614,113434,114210,776,mRNA
615,107761,107838,77,mRNA
616,108588,108809,221,mRNA
617,110406,110483,77,mRNA
618,110755,111337,582,mRNA
619,107937,108101,164,mRNA
620,108588,108809,221,mRNA
621,110406,110483,77,mRNA
622,110755,110877,122,mRNA
623,111005,111117,112,mRNA
624,112690,113369,679,mRNA
625,113434,114432,998,mRNA
626,107937,108101,164,mRNA
627,108588,108809,221,mRNA
628,110406,110483,77,mRNA
629,110755,110877,122,mRNA
630,111907,112019,112,mRNA
631,112690,113369,679,mRNA
632,113434,114432,998,mRNA
633,107937,108226,289,mRNA
634,108588,108809,221,mRNA
635,110406,110483,77,mRNA
636,110755,110877,122,mRNA
637,111907,112019,112,mRNA
638,112690,113369,679,mRNA
639,113434,114210,776,mRNA
640,108089,108226,137,mRNA
641,108588,108809,221,mRNA
642,110406,110483,77,mRNA
643,110755,110877,122,mRNA
644,111907,112019,112,mRNA
645,112690,113369,679,mRNA
646,113434,114432,998,mRNA
647,108133,108346,213,mRNA
648,108588,108809,221,mRNA
649,110406,110483,77,mRNA
650,110755,110877,122,mRNA
651,111907,112019,112,mRNA
652,112690,113369,679,mRNA
653,113434,114432,998,mRNA
654,108133,108226,93,mRNA
655,108588,108809,221,mRNA
656,110406,110483,77,mRNA
657,110755,110877,122,mRNA
658,111005,111117,112,mRNA
659,112690,113369,679,mRNA
660,113434,114432,998,mRNA
661,108686,108809,123,CDS
662,110406,110483,77,CDS
663,110755,110877,122,CDS
664,111005,111117,112,CDS
665,112690,113369,679,CDS
666,113434,113542,108,CDS
667,108686,108809,123,CDS
668,110406,110483,77,CDS
669,110755,110877,122,CDS
670,111005,111117,112,CDS
671,112690,113369,679,CDS
672,113434,113542,108,CDS
673,108686,108809,123,CDS
674,110406,110483,77,CDS
675,110755,110877,122,CDS
676,111907,112019,112,CDS
677,112690,113369,679,CDS
678,113434,113542,108,CDS
679,108686,108809,123,CDS
680,110406,110483,77,CDS
681,110755,110877,122,CDS
682,111907,112019,112,CDS
683,112690,113369,679,CDS
684,113434,113542,108,CDS
685,108686,108809,123,CDS
686,110406,110483,77,CDS
687,110755,110877,122,CDS
688,111907,112019,112,CDS
689,112690,113369,679,CDS
690,113434,113542,108,CDS
691,108686,108809,123,CDS
692,110406,110483,77,CDS
693,110755,110877,122,CDS
694,111907,112019,112,CDS
695,112690,113369,679,CDS
696,113434,113542,108,CDS
697,108686,108809,123,CDS
698,110406,110483,77,CDS
699,110755,110877,122,CDS
700,111907,112019,112,CDS
701,112690,113369,679,CDS
702,113434,113542,108,CDS
703,108686,108809,123,CDS
704,110406,110483,77,CDS
705,110755,110877,122,CDS
706,111907,112019,112,CDS
707,112690,113369,679,CDS
708,113434,113542,108,CDS
709,108686,108809,123,CDS
710,110406,110483,77,CDS
711,110755,110877,122,CDS
712,112690,112781,91,CDS
713,108686,108809,123,CDS
714,110406,110483,77,CDS
715,110755,110877,122,CDS
716,111005,111117,112,CDS
717,111907,112019,112,CDS
718,112690,112741,51,CDS
719,108686,108809,123,CDS
720,110406,110483,77,CDS
721,110755,110900,145,CDS
722,109594,109793,199,mRNA
723,110406,110483,77,mRNA
724,110755,110877,122,mRNA
725,111005,111117,112,mRNA
726,112690,113369,679,mRNA
727,113434,114210,776,mRNA
728,109751,109793,42,CDS
729,110406,110483,77,CDS
730,110755,110877,122,CDS
731,111005,111117,112,CDS
732,112690,113369,679,CDS
733,113434,113542,108,CDS
734,114726,156030,41304,gene
735,114726,114991,265,mRNA
736,155546,155784,238,mRNA
737,155858,156030,172,mRNA
738,114726,114991,265,mRNA
739,155567,155784,217,mRNA
740,155858,156030,172,mRNA
741,114726,114991,265,mRNA
742,155638,155784,146,mRNA
743,155858,156030,172,mRNA
744,115365,116488,1123,gene
745,115365,116488,1123,mRNA
746,115365,116182,817,mRNA
747,115713,116117,404,CDS
748,115713,116117,404,CDS
749,116518,116976,458,mobile_element
750,116970,121754,4784,gene
751,120511,120631,120,mRNA
752,119828,120265,437,mRNA
753,119431,119554,123,mRNA
754,119288,119375,87,mRNA
755,119134,119235,101,mRNA
756,118931,119076,145,mRNA
757,118361,118874,513,mRNA
758,118136,118304,168,mRNA
759,117820,118076,256,mRNA
760,116970,117759,789,mRNA
761,121633,121754,121,mRNA
762,119828,120080,252,mRNA
763,119431,119554,123,mRNA
764,119288,119375,87,mRNA
765,119134,119235,101,mRNA
766,118931,119076,145,mRNA
767,118361,118874,513,mRNA
768,118136,118304,168,mRNA
769,117820,118076,256,mRNA
770,117079,117759,680,mRNA
771,119828,121754,1926,mRNA
772,119431,119554,123,mRNA
773,119288,119375,87,mRNA
774,119134,119235,101,mRNA
775,118931,119076,145,mRNA
776,118361,118874,513,mRNA
777,118136,118304,168,mRNA
778,117820,118076,256,mRNA
779,117079,117759,680,mRNA
780,120421,120742,321,mRNA
781,119828,120080,252,mRNA
782,119431,119554,123,mRNA
783,119288,119375,87,mRNA
784,119134,119235,101,mRNA
785,118931,119076,145,mRNA
786,118361,118874,513,mRNA
787,118136,118304,168,mRNA
788,117820,118076,256,mRNA
789,117079,117759,680,mRNA
790,120421,120631,210,mRNA
791,119828,120080,252,mRNA
792,119431,119554,123,mRNA
793,119134,119235,101,mRNA
794,118931,119076,145,mRNA
795,118361,118874,513,mRNA
796,118136,118304,168,mRNA
797,117820,118076,256,mRNA
798,117079,117759,680,mRNA
799,120421,120631,210,mRNA
800,119828,120080,252,mRNA
801,119431,119554,123,mRNA
802,119134,119375,241,mRNA
803,118931,119076,145,mRNA
804,118361,118874,513,mRNA
805,118136,118304,168,mRNA
806,117820,118076,256,mRNA
807,117079,117759,680,mRNA
808,120421,120631,210,mRNA
809,120168,120364,196,mRNA
810,119828,120080,252,mRNA
811,119431,119554,123,mRNA
812,119288,119375,87,mRNA
813,119134,119235,101,mRNA
814,118931,119076,145,mRNA
815,118361,118874,513,mRNA
816,118136,118304,168,mRNA
817,117820,118076,256,mRNA
818,117079,117759,680,mRNA
819,119828,120631,803,mRNA
820,119431,119554,123,mRNA
821,119288,119375,87,mRNA
822,119134,119235,101,mRNA
823,118931,119076,145,mRNA
824,118361,118874,513,mRNA
825,118136,118304,168,mRNA
826,117820,118076,256,mRNA
827,117079,117759,680,mRNA
828,120421,120631,210,mRNA
829,119828,120080,252,mRNA
830,119288,119554,266,mRNA
831,119134,119235,101,mRNA
832,118931,119076,145,mRNA
833,118361,118874,513,mRNA
834,118136,118304,168,mRNA
835,117820,118076,256,mRNA
836,117174,117759,585,mRNA
837,119828,120032,204,CDS
838,119431,119554,123,CDS
839,119288,119375,87,CDS
840,119134,119235,101,CDS
841,118931,119076,145,CDS
842,118361,118874,513,CDS
843,118136,118304,168,CDS
844,117820,118076,256,CDS
845,117331,117759,428,CDS
846,119828,120032,204,CDS
847,119431,119554,123,CDS
848,119288,119375,87,CDS
849,119134,119235,101,CDS
850,118931,119076,145,CDS
851,118361,118874,513,CDS
852,118136,118304,168,CDS
853,117820,118076,256,CDS
854,117331,117759,428,CDS
855,119828,120032,204,CDS
856,119431,119554,123,CDS
857,119288,119375,87,CDS
858,119134,119235,101,CDS
859,118931,119076,145,CDS
860,118361,118874,513,CDS
861,118136,118304,168,CDS
862,117820,118076,256,CDS
863,117331,117759,428,CDS
864,119828,120032,204,CDS
865,119431,119554,123,CDS
866,119288,119375,87,CDS
867,119134,119235,101,CDS
868,118931,119076,145,CDS
869,118361,118874,513,CDS
870,118136,118304,168,CDS
871,117820,118076,256,CDS
872,117331,117759,428,CDS
873,119828,120032,204,CDS
874,119431,119554,123,CDS
875,119288,119375,87,CDS
876,119134,119235,101,CDS
877,118931,119076,145,CDS
878,118361,118874,513,CDS
879,118136,118304,168,CDS
880,117820,118076,256,CDS
881,117331,117759,428,CDS
882,119828,120032,204,CDS
883,119431,119554,123,CDS
884,119288,119375,87,CDS
885,119134,119235,101,CDS
886,118931,119076,145,CDS
887,118361,118874,513,CDS
888,118136,118304,168,CDS
889,117820,118076,256,CDS
890,117331,117759,428,CDS
891,119828,120032,204,CDS
892,119431,119554,123,CDS
893,119202,119235,33,CDS
894,119828,120032,204,CDS
895,119431,119554,123,CDS
896,119270,119375,105,CDS
897,119828,120032,204,CDS
898,119427,119554,127,CDS
899,122624,130791,8167,gene
900,130508,130791,283,mRNA
901,128800,128942,142,mRNA
902,126110,126227,117,mRNA
903,125077,125266,189,mRNA
904,124087,124920,833,mRNA
905,123856,124024,168,mRNA
906,123694,123794,100,mRNA
907,123081,123629,548,mRNA
908,122624,122994,370,mRNA
909,130508,130791,283,mRNA
910,128800,128942,142,mRNA
911,126110,126227,117,mRNA
912,125077,125266,189,mRNA
913,124087,124920,833,mRNA
914,123856,124024,168,mRNA
915,123694,123794,100,mRNA
916,122624,123629,1005,mRNA
917,128800,129245,445,mRNA
918,126110,126227,117,mRNA
919,125077,125266,189,mRNA
920,124087,124920,833,mRNA
921,123856,124024,168,mRNA
922,123694,123794,100,mRNA
923,123081,123629,548,mRNA
924,122624,122994,370,mRNA
925,128800,129245,445,mRNA
926,126110,126227,117,mRNA
927,125077,125266,189,mRNA
928,124087,124920,833,mRNA
929,123856,124024,168,mRNA
930,123694,123794,100,mRNA
931,122624,123629,1005,mRNA
932,122837,124031,1194,gene
933,122837,123072,235,ncRNA
934,123140,123258,118,ncRNA
935,123325,124031,706,ncRNA
936,130508,130551,43,CDS
937,128800,128942,142,CDS
938,126110,126227,117,CDS
939,125077,125266,189,CDS
940,124087,124920,833,CDS
941,123856,124024,168,CDS
942,123694,123794,100,CDS
943,123129,123629,500,CDS
944,130508,130551,43,CDS
945,128800,128942,142,CDS
946,126110,126227,117,CDS
947,125077,125266,189,CDS
948,124087,124920,833,CDS
949,123856,124024,168,CDS
950,123694,123794,100,CDS
951,123129,123629,500,CDS
952,128800,128983,183,CDS
953,126110,126227,117,CDS
954,125077,125266,189,CDS
955,124087,124920,833,CDS
956,123856,124024,168,CDS
957,123694,123794,100,CDS
958,123129,123629,500,CDS
959,128800,128983,183,CDS
960,126110,126227,117,CDS
961,125077,125266,189,CDS
962,124087,124920,833,CDS
963,123856,124024,168,CDS
964,123694,123794,100,CDS
965,123129,123629,500,CDS
966,123547,123635,88,mobile_element
967,132077,134472,2395,gene
968,132077,134472,2395,mRNA
969,132077,132255,178,mRNA
970,132476,134472,1996,mRNA
971,132077,132255,178,mRNA
972,132476,133995,1519,mRNA
973,132483,133682,1199,CDS
974,132483,133682,1199,CDS
975,132483,133682,1199,CDS
976,135402,136128,726,gene
977,135402,136128,726,ncRNA
978,136144,136701,557,gene
979,136144,136216,72,ncRNA
980,136273,136701,428,ncRNA
981,138384,140992,2608,gene
982,138384,140992,2608,gene
983,140114,140992,878,mRNA
984,139741,139954,213,mRNA
985,139442,139687,245,mRNA
986,139256,139385,129,mRNA
987,138669,139198,529,mRNA
988,138384,138590,206,mRNA
989,140114,140992,878,mRNA
990,139741,139954,213,mRNA
991,139442,139687,245,mRNA
992,139256,139385,129,mRNA
993,138669,139198,529,mRNA
994,138384,138590,206,mRNA
995,139442,139588,146,mRNA
996,139256,139385,129,mRNA
997,138669,139198,529,mRNA
998,138384,138590,206,mRNA
999,139256,139336,80,CDS
1000,138695,139198,503,CDS
1001,139256,139336,80,CDS
1002,138695,139198,503,CDS
1003,140114,140992,878,mRNA
1004,139741,139954,213,mRNA
1005,139446,139687,241,mRNA
1006,140114,140933,819,CDS
1007,139741,139954,213,CDS
1008,139471,139687,216,CDS
1009,140114,140933,819,CDS
1010,139741,139954,213,CDS
1011,139471,139687,216,CDS
1012,141077,143091,2014,gene
1013,142724,143091,367,mRNA
1014,141671,142662,991,mRNA
1015,141396,141609,213,mRNA
1016,141077,141340,263,mRNA
1017,141662,143091,1429,mRNA
1018,141396,141609,213,mRNA
1019,141077,141340,263,mRNA
1020,141671,142572,901,mRNA
1021,141396,141609,213,mRNA
1022,141077,141340,263,mRNA
1023,141671,142487,816,CDS
1024,141396,141609,213,CDS
1025,141130,141340,210,CDS
1026,141671,142487,816,CDS
1027,141396,141609,213,CDS
1028,141130,141340,210,CDS
1029,141662,142487,825,CDS
1030,141396,141609,213,CDS
1031,141130,141340,210,CDS
1032,143323,144227,904,gene
1033,143323,144227,904,mRNA
1034,143378,144094,716,CDS
1035,144231,153300,9069,gene
1036,151115,153300,2185,mRNA
1037,148879,149226,347,mRNA
1038,148338,148825,487,mRNA
1039,148092,148173,81,mRNA
1040,147995,148037,42,mRNA
1041,147765,147936,171,mRNA
1042,147511,147710,199,mRNA
1043,147355,147454,99,mRNA
1044,144231,145910,1679,mRNA
1045,151115,153300,2185,mRNA
1046,148879,149226,347,mRNA
1047,148338,148825,487,mRNA
1048,148092,148173,81,mRNA
1049,147995,148037,42,mRNA
1050,147765,147936,171,mRNA
1051,147511,147710,199,mRNA
1052,147349,147454,105,mRNA
1053,144231,145910,1679,mRNA
1054,151115,153106,1991,CDS
1055,148879,149226,347,CDS
1056,148338,148825,487,CDS
1057,148092,148173,81,CDS
1058,147995,148037,42,CDS
1059,147765,147936,171,CDS
1060,147511,147710,199,CDS
1061,147355,147454,99,CDS
1062,144374,145910,1536,CDS
1063,151115,153106,1991,CDS
1064,148879,149226,347,CDS
1065,148338,148825,487,CDS
1066,148092,148173,81,CDS
1067,147995,148037,42,CDS
1068,147765,147936,171,CDS
1069,147511,147710,199,CDS
1070,147349,147454,105,CDS
1071,144374,145910,1536,CDS
1072,153539,155305,1766,gene
1073,155128,155305,177,mRNA
1074,153539,155059,1520,mRNA
1075,155128,155247,119,CDS
1076,153677,155059,1382,CDS
1077,155089,155784,695,mRNA
1078,155858,156030,172,mRNA
1079,155089,155178,89,mRNA
1080,155250,155784,534,mRNA
1081,155858,156030,172,mRNA
1082,155335,155784,449,mRNA
1083,155858,156030,172,mRNA
1084,155335,155429,94,mRNA
1085,155546,155784,238,mRNA
1086,155858,156030,172,mRNA
1087,155335,155429,94,mRNA
1088,155567,155784,217,mRNA
1089,155858,156030,172,mRNA
1090,155335,155429,94,mRNA
1091,155638,155784,146,mRNA
1092,155858,156030,172,mRNA
1093,155335,155410,75,mRNA
1094,155466,155784,318,mRNA
1095,155858,156030,172,mRNA
1096,155572,155784,212,CDS
1097,155858,155950,92,CDS
1098,155572,155784,212,CDS
1099,155858,155950,92,CDS
1100,155572,155784,212,CDS
1101,155858,155950,92,CDS
1102,155572,155784,212,CDS
1103,155858,155950,92,CDS
1104,155572,155784,212,CDS
1105,155858,155950,92,CDS
1106,155572,155784,212,CDS
1107,155858,155950,92,CDS
1108,155572,155784,212,CDS
1109,155858,155950,92,CDS
1110,155572,155784,212,CDS
1111,155858,155950,92,CDS
1112,155665,155784,119,CDS
1113,155858,155950,92,CDS
1114,155665,155784,119,CDS
1115,155858,155950,92,CDS
1116,156029,157666,1637,gene
1117,156029,156348,319,mRNA
1118,156423,156552,129,mRNA
1119,156736,157666,930,mRNA
1120,156149,156348,199,mRNA
1121,156423,156552,129,mRNA
1122,156736,157666,930,mRNA
1123,156241,156348,107,CDS
1124,156423,156552,129,CDS
1125,156736,157541,805,CDS
1126,156241,156348,107,CDS
1127,156423,156552,129,CDS
1128,156736,157541,805,CDS
1129,157836,158664,828,gene
1130,158436,158664,228,mRNA
1131,157836,158375,539,mRNA
1132,158436,158603,167,CDS
1133,157944,158375,431,CDS
1134,159032,203397,44365,gene
1135,159032,159819,787,mRNA
1136,162592,163001,409,mRNA
1137,183761,185082,1321,mRNA
1138,185152,186123,971,mRNA
1139,186193,187016,823,mRNA
1140,187482,199575,12093,mRNA
1141,199637,199743,106,mRNA
1142,200120,200315,195,mRNA
1143,200376,200675,299,mRNA
1144,200742,201061,319,mRNA
1145,201127,203397,2270,mRNA
1146,159032,159819,787,mRNA
1147,162592,163001,409,mRNA
1148,175361,175447,86,mRNA
1149,183761,185082,1321,mRNA
1150,185152,186123,971,mRNA
1151,186193,186855,662,mRNA
1152,186910,187016,106,mRNA
1153,187482,199575,12093,mRNA
1154,199637,199743,106,mRNA
1155,199903,199983,80,mRNA
1156,200120,200315,195,mRNA
1157,200376,200675,299,mRNA
1158,200742,201061,319,mRNA
1159,201127,203250,2123,mRNA
1160,159032,159823,791,mRNA
1161,162592,163001,409,mRNA
1162,183761,185082,1321,mRNA
1163,185152,186123,971,mRNA
1164,186193,187016,823,mRNA
1165,187482,199575,12093,mRNA
1166,199637,199743,106,mRNA
1167,199903,199983,80,mRNA
1168,200120,200315,195,mRNA
1169,200376,200675,299,mRNA
1170,200742,201061,319,mRNA
1171,201127,201588,461,mRNA
1172,159032,159819,787,mRNA
1173,160009,163001,2992,mRNA
1174,164159,164234,75,mRNA
1175,175361,175447,86,mRNA
1176,183761,185082,1321,mRNA
1177,185152,186123,971,mRNA
1178,186193,187016,823,mRNA
1179,187482,199575,12093,mRNA
1180,199637,199743,106,mRNA
1181,199903,199983,80,mRNA
1182,200120,200315,195,mRNA
1183,200376,200675,299,mRNA
1184,200742,201061,319,mRNA
1185,201127,201588,461,mRNA
1186,159032,159819,787,mRNA
1187,162592,163001,409,mRNA
1188,175361,175447,86,mRNA
1189,183761,185082,1321,mRNA
1190,185152,186123,971,mRNA
1191,186193,187016,823,mRNA
1192,187482,199575,12093,mRNA
1193,199637,199743,106,mRNA
1194,199903,199983,80,mRNA
1195,200120,200315,195,mRNA
1196,200376,200675,299,mRNA
1197,200742,201061,319,mRNA
1198,201127,201588,461,mRNA
1199,162823,163001,178,CDS
1200,183761,185082,1321,CDS
1201,185152,186123,971,CDS
1202,186193,187016,823,CDS
1203,187482,199575,12093,CDS
1204,199637,199743,106,CDS
1205,199903,199983,80,CDS
1206,200120,200315,195,CDS
1207,200376,200675,299,CDS
1208,200742,201061,319,CDS
1209,201127,201414,287,CDS
1210,162823,163001,178,CDS
1211,183761,185082,1321,CDS
1212,185152,186123,971,CDS
1213,186193,187016,823,CDS
1214,187482,199575,12093,CDS
1215,199637,199743,106,CDS
1216,200120,200315,195,CDS
1217,200376,200675,299,CDS
1218,200742,201061,319,CDS
1219,201127,201414,287,CDS
1220,172692,172724,32,mobile_element
1221,173743,173778,35,mobile_element
1222,175434,175447,13,CDS
1223,183761,185082,1321,CDS
1224,185152,186123,971,CDS
1225,186193,187016,823,CDS
1226,187482,199575,12093,CDS
1227,199637,199743,106,CDS
1228,199903,199983,80,CDS
1229,200120,200315,195,CDS
1230,200376,200675,299,CDS
1231,200742,201061,319,CDS
1232,201127,201414,287,CDS
1233,175434,175447,13,CDS
1234,183761,185082,1321,CDS
1235,185152,186123,971,CDS
1236,186193,187016,823,CDS
1237,187482,199575,12093,CDS
1238,199637,199743,106,CDS
1239,199903,199983,80,CDS
1240,200120,200315,195,CDS
1241,200376,200675,299,CDS
1242,200742,201061,319,CDS
1243,201127,201414,287,CDS
1244,175434,175447,13,CDS
1245,183761,185082,1321,CDS
1246,185152,186123,971,CDS
1247,186193,186855,662,CDS
1248,186910,187016,106,CDS
1249,187482,199575,12093,CDS
1250,199637,199743,106,CDS
1251,199903,199983,80,CDS
1252,200120,200315,195,CDS
1253,200376,200675,299,CDS
1254,200742,201061,319,CDS
1255,201127,201414,287,CDS
1256,176393,176512,119,mobile_element
1257,178279,178467,188,mobile_element
1258,179822,179909,87,mobile_element
1259,182820,183419,599,mRNA
1260,183761,185082,1321,mRNA
1261,185152,186123,971,mRNA
1262,186193,187016,823,mRNA
1263,187482,199575,12093,mRNA
1264,199637,199743,106,mRNA
1265,200120,200315,195,mRNA
1266,200376,200675,299,mRNA
1267,200742,201061,319,mRNA
1268,201127,203250,2123,mRNA
1269,182820,182913,93,mRNA
1270,183761,185082,1321,mRNA
1271,185152,186123,971,mRNA
1272,186193,187016,823,mRNA
1273,187482,199575,12093,mRNA
1274,199637,199743,106,mRNA
1275,199903,199983,80,mRNA
1276,200120,200315,195,mRNA
1277,200376,200675,299,mRNA
1278,200742,201061,319,mRNA
1279,201127,203250,2123,mRNA
1280,182820,183419,599,mRNA
1281,183761,185082,1321,mRNA
1282,185152,186123,971,mRNA
1283,186193,186855,662,mRNA
1284,186910,187016,106,mRNA
1285,187482,199575,12093,mRNA
1286,199637,199743,106,mRNA
1287,200120,200315,195,mRNA
1288,200376,200675,299,mRNA
1289,200742,201061,319,mRNA
1290,201127,201588,461,mRNA
1291,182885,182913,28,CDS
1292,183761,185082,1321,CDS
1293,185152,186123,971,CDS
1294,186193,187016,823,CDS
1295,187482,199575,12093,CDS
1296,199637,199743,106,CDS
1297,199903,199983,80,CDS
1298,200120,200315,195,CDS
1299,200376,200675,299,CDS
1300,200742,201061,319,CDS
1301,201127,201414,287,CDS
1302,183412,183419,7,CDS
1303,183761,185082,1321,CDS
1304,185152,186123,971,CDS
1305,186193,187016,823,CDS
1306,187482,199575,12093,CDS
1307,199637,199743,106,CDS
1308,200120,200315,195,CDS
1309,200376,200675,299,CDS
1310,200742,201061,319,CDS
1311,201127,201414,287,CDS
1312,183412,183419,7,CDS
1313,183761,185082,1321,CDS
1314,185152,186123,971,CDS
1315,186193,186855,662,CDS
1316,186910,187016,106,CDS
1317,187482,199575,12093,CDS
1318,199637,199743,106,CDS
1319,200120,200315,195,CDS
1320,200376,200675,299,CDS
1321,200742,201061,319,CDS
1322,201127,201414,287,CDS
1323,203779,204782,1003,gene
1324,203779,203891,112,mRNA
1325,203993,204782,789,mRNA
1326,203870,203891,21,CDS
1327,203993,204717,724,CDS
1328,204743,207297,2554,gene
1329,207231,207297,66,mRNA
1330,206001,206050,49,mRNA
1331,205272,205943,671,mRNA
1332,204743,205212,469,mRNA
1333,206700,206797,97,mRNA
1334,206001,206050,49,mRNA
1335,205272,205943,671,mRNA
1336,204743,205212,469,mRNA
1337,206001,206044,43,CDS
1338,205272,205943,671,CDS
1339,205044,205212,168,CDS
1340,206001,206044,43,CDS
1341,205272,205943,671,CDS
1342,205044,205212,168,CDS
1343,207179,210725,3546,gene
1344,207179,207631,452,mRNA
1345,207711,208608,897,mRNA
1346,208729,210506,1777,mRNA
1347,207406,207631,225,mRNA
1348,207711,208608,897,mRNA
1349,208729,210725,1996,mRNA
1350,207406,207631,225,mRNA
1351,207711,208608,897,mRNA
1352,208729,210506,1777,mRNA
1353,207512,207631,119,CDS
1354,207711,208608,897,CDS
1355,208729,209858,1129,CDS
1356,207512,207631,119,CDS
1357,207711,208608,897,CDS
1358,208729,209858,1129,CDS
1359,207512,207631,119,CDS
1360,207711,208608,897,CDS
1361,208729,209858,1129,CDS
1362,210735,250823,40088,gene
1363,250757,250823,66,mRNA
1364,242244,242744,500,mRNA
1365,234237,242143,7906,mRNA
1366,233997,234174,177,mRNA
1367,232292,232379,87,mRNA
1368,231963,232101,138,mRNA
1369,230758,231034,276,mRNA
1370,230538,230627,89,mRNA
1371,228133,228281,148,mRNA
1372,227372,227547,175,mRNA
1373,226116,226508,392,mRNA
1374,216632,218885,2253,mRNA
1375,216345,216573,228,mRNA
1376,216077,216275,198,mRNA
1377,215773,216007,234,mRNA
1378,215034,215676,642,mRNA
1379,210735,214942,4207,mRNA
1380,250757,250823,66,mRNA
1381,242244,242744,500,mRNA
1382,234237,242143,7906,mRNA
1383,233997,234174,177,mRNA
1384,232292,232379,87,mRNA
1385,231963,232101,138,mRNA
1386,230758,231034,276,mRNA
1387,230538,230627,89,mRNA
1388,229173,229382,209,mRNA
1389,228133,228281,148,mRNA
1390,227372,227547,175,mRNA
1391,226116,226508,392,mRNA
1392,216632,218885,2253,mRNA
1393,216345,216573,228,mRNA
1394,216077,216275,198,mRNA
1395,215773,216007,234,mRNA
1396,215034,215676,642,mRNA
1397,210735,214942,4207,mRNA
1398,250757,250823,66,mRNA
1399,242244,242744,500,mRNA
1400,234237,242143,7906,mRNA
1401,233997,234174,177,mRNA
1402,232292,232379,87,mRNA
1403,231963,232101,138,mRNA
1404,230758,231034,276,mRNA
1405,230538,230627,89,mRNA
1406,229173,229382,209,mRNA
1407,227372,228281,909,mRNA
1408,226116,226508,392,mRNA
1409,216632,218885,2253,mRNA
1410,216345,216573,228,mRNA
1411,216077,216275,198,mRNA
1412,215773,216007,234,mRNA
1413,215034,215676,642,mRNA
1414,210735,214942,4207,mRNA
1415,250757,250823,66,mRNA
1416,242244,242744,500,mRNA
1417,234237,242143,7906,mRNA
1418,233997,234174,177,mRNA
1419,232292,232379,87,mRNA
1420,231948,232101,153,mRNA
1421,230758,231034,276,mRNA
1422,230538,230627,89,mRNA
1423,229930,229977,47,mRNA
1424,229173,229382,209,mRNA
1425,228133,228281,148,mRNA
1426,227372,227547,175,mRNA
1427,226116,226508,392,mRNA
1428,216632,218885,2253,mRNA
1429,216345,216573,228,mRNA
1430,216077,216275,198,mRNA
1431,215773,216007,234,mRNA
1432,215034,215676,642,mRNA
1433,210735,214942,4207,mRNA
1434,250757,250823,66,mRNA
1435,242244,242925,681,mRNA
1436,234237,242143,7906,mRNA
1437,233997,234174,177,mRNA
1438,232292,232379,87,mRNA
1439,231963,232101,138,mRNA
1440,230758,231034,276,mRNA
1441,230538,230627,89,mRNA
1442,229173,229382,209,mRNA
1443,228133,228281,148,mRNA
1444,227372,227547,175,mRNA
1445,216632,218885,2253,mRNA
1446,216345,216573,228,mRNA
1447,216077,216275,198,mRNA
1448,215773,216007,234,mRNA
1449,215034,215676,642,mRNA
1450,210735,214942,4207,mRNA
1451,221506,221962,456,mRNA
1452,216632,218885,2253,mRNA
1453,216345,216573,228,mRNA
1454,216077,216275,198,mRNA
1455,215773,216007,234,mRNA
1456,215034,215676,642,mRNA
1457,210735,214942,4207,mRNA
1458,242244,242287,43,CDS
1459,234237,242143,7906,CDS
1460,233997,234174,177,CDS
1461,232292,232379,87,CDS
1462,231963,232101,138,CDS
1463,230758,231034,276,CDS
1464,230538,230627,89,CDS
1465,228133,228281,148,CDS
1466,227372,227547,175,CDS
1467,226116,226508,392,CDS
1468,216632,218885,2253,CDS
1469,216345,216573,228,CDS
1470,216077,216275,198,CDS
1471,215773,216007,234,CDS
1472,215034,215676,642,CDS
1473,212185,214942,2757,CDS
1474,242244,242287,43,CDS
1475,234237,242143,7906,CDS
1476,233997,234174,177,CDS
1477,232292,232379,87,CDS
1478,231963,232101,138,CDS
1479,230758,231034,276,CDS
1480,230538,230627,89,CDS
1481,229173,229382,209,CDS
1482,228133,228281,148,CDS
1483,227372,227547,175,CDS
1484,216632,218885,2253,CDS
1485,216345,216573,228,CDS
1486,216077,216275,198,CDS
1487,215773,216007,234,CDS
1488,215034,215676,642,CDS
1489,212185,214942,2757,CDS
1490,242244,242287,43,CDS
1491,234237,242143,7906,CDS
1492,233997,234174,177,CDS
1493,232292,232379,87,CDS
1494,231963,232101,138,CDS
1495,230758,231034,276,CDS
1496,230538,230627,89,CDS
1497,229173,229382,209,CDS
1498,228133,228281,148,CDS
1499,227372,227547,175,CDS
1500,226116,226508,392,CDS
1501,216632,218885,2253,CDS
1502,216345,216573,228,CDS
1503,216077,216275,198,CDS
1504,215773,216007,234,CDS
1505,215034,215676,642,CDS
1506,212185,214942,2757,CDS
1507,242244,242287,43,CDS
1508,234237,242143,7906,CDS
1509,233997,234174,177,CDS
1510,232292,232379,87,CDS
1511,231963,232101,138,CDS
1512,230758,231034,276,CDS
1513,230538,230627,89,CDS
1514,229173,229382,209,CDS
1515,227372,228281,909,CDS
1516,226116,226508,392,CDS
1517,216632,218885,2253,CDS
1518,216345,216573,228,CDS
1519,216077,216275,198,CDS
1520,215773,216007,234,CDS
1521,215034,215676,642,CDS
1522,212185,214942,2757,CDS
1523,242244,242287,43,CDS
1524,234237,242143,7906,CDS
1525,233997,234174,177,CDS
1526,232292,232379,87,CDS
1527,231948,232101,153,CDS
1528,230758,231034,276,CDS
1529,230538,230627,89,CDS
1530,229930,229977,47,CDS
1531,229173,229382,209,CDS
1532,228133,228281,148,CDS
1533,227372,227547,175,CDS
1534,226116,226508,392,CDS
1535,216632,218885,2253,CDS
1536,216345,216573,228,CDS
1537,216077,216275,198,CDS
1538,215773,216007,234,CDS
1539,215034,215676,642,CDS
1540,212185,214942,2757,CDS
1541,221506,221643,137,CDS
1542,216632,218885,2253,CDS
1543,216345,216573,228,CDS
1544,216077,216275,198,CDS
1545,215773,216007,234,CDS
1546,215034,215676,642,CDS
1547,212185,214942,2757,CDS
1548,219651,220050,399,gene
1549,219651,220050,399,ncRNA
1550,223519,224708,1189,gene
1551,223519,224708,1189,ncRNA
1552,228037,228588,551,gene
1553,228037,228588,551,ncRNA
1554,232166,232253,87,gene
1555,232166,232253,87,ncRNA
1556,232487,234208,1721,gene
1557,232487,233154,667,mRNA
1558,233217,234208,991,mRNA
1559,232572,233154,582,CDS
1560,233217,233965,748,CDS
1561,243035,243141,106,gene
1562,243035,243141,106,precursor_RNA
1563,243055,243076,21,ncRNA
1564,243096,243118,22,ncRNA
1565,248909,249812,903,gene
1566,248909,249812,903,ncRNA
1567,251039,252373,1334,gene
1568,252227,252373,146,mRNA
1569,251979,252166,187,mRNA
1570,251856,251924,68,mRNA
1571,251527,251801,274,mRNA
1572,251039,251464,425,mRNA
1573,252227,252373,146,mRNA
1574,251979,252166,187,mRNA
1575,251856,251924,68,mRNA
1576,251527,251801,274,mRNA
1577,251163,251464,301,mRNA
1578,252227,252317,90,CDS
1579,251979,252166,187,CDS
1580,251856,251924,68,CDS
1581,251527,251801,274,CDS
1582,251194,251464,270,CDS
1583,252227,252317,90,CDS
1584,251979,252166,187,CDS
1585,251856,251924,68,CDS
1586,251527,251801,274,CDS
1587,251194,251464,270,CDS
1588,252589,271744,19155,gene
1589,271629,271744,115,mRNA
1590,253956,254397,441,mRNA
1591,253446,253890,444,mRNA
1592,253220,253385,165,mRNA
1593,252589,253145,556,mRNA
1594,271629,271744,115,mRNA
1595,253956,254424,468,mRNA
1596,253446,253890,444,mRNA
1597,253220,253385,165,mRNA
1598,252589,253145,556,mRNA
1599,254562,254750,188,mRNA
1600,253956,254397,441,mRNA
1601,253446,253890,444,mRNA
1602,253220,253385,165,mRNA
1603,252589,253145,556,mRNA
1604,253956,254379,423,CDS
1605,253446,253890,444,CDS
1606,253220,253385,165,CDS
1607,252663,253145,482,CDS
1608,253956,254379,423,CDS
1609,253446,253890,444,CDS
1610,253220,253385,165,CDS
1611,252663,253145,482,CDS
1612,253956,254379,423,CDS
1613,253446,253890,444,CDS
1614,253220,253385,165,CDS
1615,252663,253145,482,CDS
1616,259949,267505,7556,gene
1617,259949,267505,7556,mRNA
1618,262203,263003,800,gene
1619,262203,262597,394,ncRNA
1620,262645,263003,358,ncRNA
1621,263466,267505,4039,mRNA
1622,263782,266688,2906,CDS
1623,263782,266688,2906,CDS
1624,269088,271626,2538,gene
1625,269088,269389,301,mRNA
1626,269458,270606,1148,mRNA
1627,270661,271626,965,mRNA
1628,269192,269389,197,CDS
1629,269458,270606,1148,CDS
1630,270661,271314,653,CDS
1631,271912,273715,1803,gene
1632,272555,273715,1160,mRNA
1633,271912,272506,594,mRNA
1634,272555,273634,1079,CDS
1635,271967,272506,539,CDS
1636,273836,274766,930,gene
1637,273836,274694,858,mRNA
1638,273937,274766,829,mRNA
1639,273986,274651,665,CDS
1640,273986,274651,665,CDS
1641,274740,278234,3494,gene
1642,276959,278234,1275,mRNA
1643,276739,276903,164,mRNA
1644,275319,276497,1178,mRNA
1645,274740,275251,511,mRNA
1646,276974,277212,238,mRNA
1647,276739,276903,164,mRNA
1648,275319,276497,1178,mRNA
1649,274740,275251,511,mRNA
1650,276959,277212,253,mRNA
1651,276739,276897,158,mRNA
1652,275319,276497,1178,mRNA
1653,274740,275251,511,mRNA
1654,276959,277212,253,mRNA
1655,276739,276903,164,mRNA
1656,275319,276497,1178,mRNA
1657,274740,275251,511,mRNA
1658,276974,277142,168,CDS
1659,276739,276903,164,CDS
1660,275319,276497,1178,CDS
1661,274947,275251,304,CDS
1662,276959,277142,183,CDS
1663,276739,276897,158,CDS
1664,275319,276497,1178,CDS
1665,274947,275251,304,CDS
1666,276959,277142,183,CDS
1667,276739,276903,164,CDS
1668,275319,276497,1178,CDS
1669,274947,275251,304,CDS
1670,276959,277142,183,CDS
1671,276739,276903,164,CDS
1672,275319,276497,1178,CDS
1673,274947,275251,304,CDS
1674,277582,282167,4585,gene
1675,277582,277863,281,mRNA
1676,277930,278323,393,mRNA
1677,278643,279124,481,mRNA
1678,279185,279805,620,mRNA
1679,279870,280040,170,mRNA
1680,280110,282167,2057,mRNA
1681,277826,277863,37,CDS
1682,277930,278323,393,CDS
1683,278643,279124,481,CDS
1684,279185,279805,620,CDS
1685,279870,280040,170,CDS
1686,280110,281514,1404,CDS
1687,281670,283269,1599,gene
1688,282654,283195,541,mRNA
1689,281670,282505,835,mRNA
1690,282654,283269,615,mRNA
1691,281971,282505,534,mRNA
1692,282654,283195,541,mRNA
1693,281971,282505,534,mRNA
1694,282654,283147,493,CDS
1695,282172,282505,333,CDS
1696,282654,283147,493,CDS
1697,282172,282505,333,CDS
1698,282654,283147,493,CDS
1699,282172,282505,333,CDS
1700,283385,291795,8410,gene
1701,291661,291795,134,mRNA
1702,290813,291031,218,mRNA
1703,284748,284968,220,mRNA
1704,283385,284210,825,mRNA
1705,291607,291795,188,mRNA
1706,290813,291031,218,mRNA
1707,284748,284968,220,mRNA
1708,283385,284210,825,mRNA
1709,285433,285726,293,mRNA
1710,284748,284968,220,mRNA
1711,283385,284210,825,mRNA
1712,286307,286531,224,mRNA
1713,284748,284968,220,mRNA
1714,283662,284210,548,mRNA
1715,283807,284255,448,gene
1716,283807,284255,448,ncRNA
1717,290813,291010,197,CDS
1718,284748,284968,220,CDS
1719,283886,284210,324,CDS
1720,290813,291010,197,CDS
1721,284748,284968,220,CDS
1722,283886,284210,324,CDS
1723,286307,286498,191,CDS
1724,284748,284968,220,CDS
1725,283886,284210,324,CDS
1726,285433,285633,200,CDS
1727,284748,284968,220,CDS
1728,283886,284210,324,CDS
1729,286383,288292,1909,gene
1730,286383,286662,279,ncRNA
1731,286753,288292,1539,ncRNA
1732,287252,289144,1892,gene
1733,287252,289144,1892,mRNA
1734,287252,288932,1680,mRNA
1735,287402,288919,1517,CDS
1736,287402,288919,1517,CDS
1737,292419,293222,803,gene
1738,292419,292660,241,mRNA
1739,292717,293222,505,mRNA
1740,292569,292660,91,CDS
1741,292717,293002,285,CDS
1742,292959,294681,1722,gene
1743,294441,294681,240,mRNA
1744,292959,294372,1413,mRNA
1745,294441,294681,240,mRNA
1746,293353,294372,1019,mRNA
1747,294441,294484,43,CDS
1748,293622,294372,750,CDS
1749,294441,294484,43,CDS
1750,293622,294372,750,CDS
1751,295122,297449,2327,gene
1752,295122,295280,158,mRNA
1753,295346,295628,282,mRNA
1754,295704,296811,1107,mRNA
1755,296977,297449,472,mRNA
1756,295272,295280,8,CDS
1757,295346,295628,282,CDS
1758,295704,296811,1107,CDS
1759,296977,297049,72,CDS
1760,297880,305233,7353,gene
1761,297880,298403,523,mRNA
1762,299033,299918,885,mRNA
1763,302026,305233,3207,mRNA
1764,297880,298403,523,mRNA
1765,299033,299918,885,mRNA
1766,302026,303934,1908,mRNA
1767,299062,299918,856,CDS
1768,302026,302659,633,CDS
1769,299062,299918,856,CDS
1770,302026,302659,633,CDS
1771,301706,305233,3527,mRNA
1772,301706,301944,238,mRNA
1773,302026,305233,3207,mRNA
1774,302066,302659,593,CDS
1775,302066,302659,593,CDS
1776,305935,355566,49631,gene
1777,305935,306389,454,mRNA
1778,317743,318120,377,mRNA
1779,325678,325824,146,mRNA
1780,334120,334257,137,mRNA
1781,335415,335548,133,mRNA
1782,336018,336203,185,mRNA
1783,336349,336546,197,mRNA
1784,337016,337198,182,mRNA
1785,337938,338118,180,mRNA
1786,339207,339441,234,mRNA
1787,340710,340855,145,mRNA
1788,342579,342792,213,mRNA
1789,342866,343729,863,mRNA
1790,344024,344489,465,mRNA
1791,344576,344947,371,mRNA
1792,345009,345153,144,mRNA
1793,345215,347936,2721,mRNA
1794,355384,355566,182,mRNA
1795,305935,306389,454,mRNA
1796,317743,318120,377,mRNA
1797,325678,325824,146,mRNA
1798,334120,334257,137,mRNA
1799,335415,335548,133,mRNA
1800,336018,336203,185,mRNA
1801,336349,336546,197,mRNA
1802,337016,337198,182,mRNA
1803,337938,338118,180,mRNA
1804,339207,339441,234,mRNA
1805,340710,340855,145,mRNA
1806,342579,342792,213,mRNA
1807,342866,343729,863,mRNA
1808,344042,344489,447,mRNA
1809,344555,344947,392,mRNA
1810,345009,345153,144,mRNA
1811,345215,346255,1040,mRNA
1812,305935,306389,454,mRNA
1813,317743,318120,377,mRNA
1814,325678,325824,146,mRNA
1815,334120,334257,137,mRNA
1816,335415,335548,133,mRNA
1817,336018,336203,185,mRNA
1818,336349,336546,197,mRNA
1819,337938,338118,180,mRNA
1820,339207,339441,234,mRNA
1821,340710,340855,145,mRNA
1822,342579,342792,213,mRNA
1823,342866,343729,863,mRNA
1824,344024,344489,465,mRNA
1825,344576,344947,371,mRNA
1826,345009,345153,144,mRNA
1827,345215,346255,1040,mRNA
1828,308537,309348,811,gene
1829,308997,309348,351,ncRNA
1830,308537,308842,305,ncRNA
1831,308537,309348,811,ncRNA
1832,310200,310605,405,mRNA
1833,317743,318120,377,mRNA
1834,325678,325824,146,mRNA
1835,334120,334257,137,mRNA
1836,335415,335548,133,mRNA
1837,336018,336203,185,mRNA
1838,336349,336546,197,mRNA
1839,337016,337198,182,mRNA
1840,337938,338118,180,mRNA
1841,339207,339441,234,mRNA
1842,340710,340855,145,mRNA
1843,342579,342792,213,mRNA
1844,342866,343729,863,mRNA
1845,344024,344489,465,mRNA
1846,344555,344947,392,mRNA
1847,345009,345153,144,mRNA
1848,345215,347927,2712,mRNA
1849,310200,310605,405,mRNA
1850,317743,318120,377,mRNA
1851,325678,325824,146,mRNA
1852,334120,334257,137,mRNA
1853,335415,335548,133,mRNA
1854,336018,336203,185,mRNA
1855,336349,336546,197,mRNA
1856,337016,337198,182,mRNA
1857,337938,338118,180,mRNA
1858,339207,339441,234,mRNA
1859,340710,340855,145,mRNA
1860,342579,342792,213,mRNA
1861,342866,343729,863,mRNA
1862,344042,344489,447,mRNA
1863,344555,344947,392,mRNA
1864,345009,345153,144,mRNA
1865,345215,346541,1326,mRNA
1866,310200,310605,405,mRNA
1867,317743,318120,377,mRNA
1868,325678,325824,146,mRNA
1869,334120,334257,137,mRNA
1870,335415,335548,133,mRNA
1871,336018,336203,185,mRNA
1872,336349,336546,197,mRNA
1873,337016,337198,182,mRNA
1874,337938,338118,180,mRNA
1875,339207,339441,234,mRNA
1876,340710,340855,145,mRNA
1877,342579,342792,213,mRNA
1878,342866,343729,863,mRNA
1879,344039,344489,450,mRNA
1880,344576,344947,371,mRNA
1881,345009,345153,144,mRNA
1882,345215,346255,1040,mRNA
1883,318028,318120,92,CDS
1884,325678,325824,146,CDS
1885,334120,334257,137,CDS
1886,335415,335548,133,CDS
1887,336018,336203,185,CDS
1888,336349,336546,197,CDS
1889,337016,337198,182,CDS
1890,337938,338118,180,CDS
1891,339207,339441,234,CDS
1892,340710,340855,145,CDS
1893,342579,342792,213,CDS
1894,342866,343729,863,CDS
1895,344024,344489,465,CDS
1896,344555,344947,392,CDS
1897,345009,345153,144,CDS
1898,345215,345448,233,CDS
1899,318028,318120,92,CDS
1900,325678,325824,146,CDS
1901,334120,334257,137,CDS
1902,335415,335548,133,CDS
1903,336018,336203,185,CDS
1904,336349,336546,197,CDS
1905,337016,337198,182,CDS
1906,337938,338118,180,CDS
1907,339207,339441,234,CDS
1908,340710,340855,145,CDS
1909,342579,342792,213,CDS
1910,342866,343729,863,CDS
1911,344024,344489,465,CDS
1912,344576,344947,371,CDS
1913,345009,345153,144,CDS
1914,345215,345448,233,CDS
1915,318028,318120,92,CDS
1916,325678,325824,146,CDS
1917,334120,334257,137,CDS
1918,335415,335548,133,CDS
1919,336018,336203,185,CDS
1920,336349,336546,197,CDS
1921,337016,337198,182,CDS
1922,337938,338118,180,CDS
1923,339207,339441,234,CDS
1924,340710,340855,145,CDS
1925,342579,342792,213,CDS
1926,342866,343729,863,CDS
1927,344039,344489,450,CDS
1928,344576,344947,371,CDS
1929,345009,345153,144,CDS
1930,345215,345448,233,CDS
1931,318028,318120,92,CDS
1932,325678,325824,146,CDS
1933,334120,334257,137,CDS
1934,335415,335548,133,CDS
1935,336018,336203,185,CDS
1936,336349,336546,197,CDS
1937,337016,337198,182,CDS
1938,337938,338118,180,CDS
1939,339207,339441,234,CDS
1940,340710,340855,145,CDS
1941,342579,342792,213,CDS
1942,342866,343729,863,CDS
1943,344042,344489,447,CDS
1944,344555,344947,392,CDS
1945,345009,345153,144,CDS
1946,345215,345448,233,CDS
1947,318028,318120,92,CDS
1948,325678,325824,146,CDS
1949,334120,334257,137,CDS
1950,335415,335548,133,CDS
1951,336018,336203,185,CDS
1952,336349,336546,197,CDS
1953,337016,337198,182,CDS
1954,337938,338118,180,CDS
1955,339207,339441,234,CDS
1956,340710,340855,145,CDS
1957,342579,342792,213,CDS
1958,342866,343729,863,CDS
1959,344042,344489,447,CDS
1960,344555,344947,392,CDS
1961,345009,345153,144,CDS
1962,345215,345448,233,CDS
1963,318028,318120,92,CDS
1964,325678,325824,146,CDS
1965,334120,334257,137,CDS
1966,335415,335548,133,CDS
1967,336018,336203,185,CDS
1968,336349,336546,197,CDS
1969,337938,338118,180,CDS
1970,339207,339441,234,CDS
1971,340710,340855,145,CDS
1972,342579,342792,213,CDS
1973,342866,343729,863,CDS
1974,344024,344489,465,CDS
1975,344576,344947,371,CDS
1976,345009,345153,144,CDS
1977,345215,345448,233,CDS
1978,318362,319259,897,gene
1979,318362,319259,897,mRNA
1980,318418,319233,815,CDS
1981,320279,321248,969,gene
1982,320279,321248,969,mRNA
1983,320388,321221,833,CDS
1984,322101,323091,990,gene
1985,322101,323091,990,mRNA
1986,322131,322985,854,CDS
1987,325522,329761,4239,gene
1988,328593,329761,1168,mRNA
1989,325522,326061,539,mRNA
1990,328593,329625,1032,CDS
1991,325871,326061,190,CDS
1992,327429,329761,2332,mRNA
1993,327574,329622,2048,CDS
1994,329910,332335,2425,gene
1995,329910,332335,2425,mRNA
1996,329991,332132,2141,CDS
1997,347941,355383,7442,mobile_element
1998,355565,357874,2309,gene
1999,357816,357874,58,mRNA
2000,357423,357748,325,mRNA
2001,356891,357191,300,mRNA
2002,356367,356837,470,mRNA
2003,355565,356312,747,mRNA
2004,357816,357874,58,mRNA
2005,357423,357766,343,mRNA
2006,356891,357191,300,mRNA
2007,356367,356837,470,mRNA
2008,355565,356312,747,mRNA
2009,357423,357874,451,mRNA
2010,356891,357191,300,mRNA
2011,356367,356837,470,mRNA
2012,355565,356312,747,mRNA
2013,355663,356891,1228,gene
2014,355663,356891,1228,ncRNA
2015,357423,357686,263,CDS
2016,356891,357191,300,CDS
2017,356367,356837,470,CDS
2018,355918,356312,394,CDS
2019,357423,357686,263,CDS
2020,356891,357191,300,CDS
2021,356367,356837,470,CDS
2022,355918,356312,394,CDS
2023,357423,357686,263,CDS
2024,356891,357191,300,CDS
2025,356367,356837,470,CDS
2026,355918,356312,394,CDS
2027,357329,358174,845,gene
2028,357329,358174,845,ncRNA
2029,378112,387439,9327,gene
2030,378112,378481,369,mRNA
2031,384511,384894,383,mRNA
2032,385701,385746,45,mRNA
2033,386308,386576,268,mRNA
2034,386703,387439,736,mRNA
2035,384551,384894,343,CDS
2036,385701,385746,45,CDS
2037,386308,386576,268,CDS
2038,386703,387270,567,CDS
2039,396120,396571,451,gene
2040,396120,396571,451,ncRNA
2041,396595,402198,5603,gene
2042,401007,402198,1191,mRNA
2043,400725,400942,217,mRNA
2044,400523,400667,144,mRNA
2045,399848,400456,608,mRNA
2046,396595,398866,2271,mRNA
2047,401007,402054,1047,mRNA
2048,400725,400942,217,mRNA
2049,400523,400667,144,mRNA
2050,399848,400456,608,mRNA
2051,396595,398866,2271,mRNA
2052,401007,401663,656,CDS
2053,400725,400942,217,CDS
2054,400523,400667,144,CDS
2055,399848,400456,608,CDS
2056,396734,398866,2132,CDS
2057,401007,401663,656,CDS
2058,400725,400942,217,CDS
2059,400523,400667,144,CDS
2060,399848,400456,608,CDS
2061,396734,398866,2132,CDS
2062,404285,407969,3684,gene
2063,404285,404473,188,mRNA
2064,404536,406035,1499,mRNA
2065,406095,407969,1874,mRNA
2066,404384,404473,89,CDS
2067,404536,406035,1499,CDS
2068,406095,407894,1799,CDS
2069,408030,414777,6747,gene
2070,414443,414777,334,mRNA
2071,413396,413654,258,mRNA
2072,412447,412658,211,mRNA
2073,411782,412237,455,mRNA
2074,411129,411718,589,mRNA
2075,410127,411060,933,mRNA
2076,409790,410073,283,mRNA
2077,409532,409736,204,mRNA
2078,408030,409465,1435,mRNA
2079,412725,412885,160,mRNA
2080,412447,412658,211,mRNA
2081,411782,412237,455,mRNA
2082,411129,411718,589,mRNA
2083,410127,411060,933,mRNA
2084,409790,410073,283,mRNA
2085,409532,409736,204,mRNA
2086,408876,409465,589,mRNA
2087,413396,413459,63,CDS
2088,412447,412658,211,CDS
2089,411782,412237,455,CDS
2090,411129,411718,589,CDS
2091,410127,411060,933,CDS
2092,409790,410073,283,CDS
2093,409532,409736,204,CDS
2094,409388,409465,77,CDS
2095,412725,412824,99,CDS
2096,412447,412658,211,CDS
2097,411782,412237,455,CDS
2098,411129,411718,589,CDS
2099,410127,411060,933,CDS
2100,409790,410073,283,CDS
2101,409532,409736,204,CDS
2102,409388,409465,77,CDS
2103,415067,418536,3469,gene
2104,415067,415446,379,mRNA
2105,415512,416710,1198,mRNA
2106,416789,418536,1747,mRNA
2107,415389,415446,57,CDS
2108,415512,416710,1198,CDS
2109,416789,417634,845,CDS
2110,418434,419652,1218,gene
2111,418434,419652,1218,mRNA
2112,418557,419600,1043,CDS
2113,419952,420864,912,gene
2114,419952,420146,194,mRNA
2115,420292,420864,572,mRNA
2116,419952,420146,194,mRNA
2117,420292,420697,405,mRNA
2118,420075,420146,71,CDS
2119,420292,420558,266,CDS
2120,420075,420146,71,CDS
2121,420292,420558,266,CDS
2122,420895,421450,555,gene
2123,420895,421450,555,mRNA
2124,420941,421366,425,CDS
2125,421771,422489,718,gene
2126,421771,422188,417,mRNA
2127,422243,422489,246,mRNA
2128,421800,422188,388,CDS
2129,422243,422435,192,CDS
2130,422873,425321,2448,gene
2131,422873,423845,972,mRNA
2132,423916,424763,847,mRNA
2133,424824,425012,188,mRNA
2134,425073,425321,248,mRNA
2135,423452,423845,393,CDS
2136,423916,424763,847,CDS
2137,424824,425012,188,CDS
2138,425073,425291,218,CDS
2139,431227,448701,17474,gene
2140,431227,432117,890,mRNA
2141,438380,438516,136,mRNA
2142,438582,438727,145,mRNA
2143,443082,443161,79,mRNA
2144,443226,446583,3357,mRNA
2145,446642,448701,2059,mRNA
2146,431227,431899,672,mRNA
2147,438380,438516,136,mRNA
2148,438582,438727,145,mRNA
2149,443082,443161,79,mRNA
2150,443226,446583,3357,mRNA
2151,446642,448701,2059,mRNA
2152,438425,438516,91,CDS
2153,438582,438727,145,CDS
2154,443082,443161,79,CDS
2155,443226,446583,3357,CDS
2156,446642,447249,607,CDS
2157,438425,438516,91,CDS
2158,438582,438727,145,CDS
2159,443082,443161,79,CDS
2160,443226,446583,3357,CDS
2161,446642,447249,607,CDS
2162,439539,440104,565,gene
2163,439539,440104,565,ncRNA
2164,448254,453024,4770,gene
2165,452798,453024,226,mRNA
2166,452577,452736,159,mRNA
2167,450666,450878,212,mRNA
2168,449435,450540,1105,mRNA
2169,449230,449320,90,mRNA
2170,448254,449170,916,mRNA
2171,452577,453024,447,mRNA
2172,450666,450878,212,mRNA
2173,449435,450540,1105,mRNA
2174,449230,449320,90,mRNA
2175,448254,449170,916,mRNA
2176,452987,453024,37,mRNA
2177,452577,452736,159,mRNA
2178,450666,450878,212,mRNA
2179,449435,450540,1105,mRNA
2180,449230,449320,90,mRNA
2181,448716,449170,454,mRNA
2182,452577,452752,175,mRNA
2183,450666,450878,212,mRNA
2184,449435,450540,1105,mRNA
2185,449230,449320,90,mRNA
2186,448716,449170,454,mRNA
2187,451230,451302,72,mRNA
2188,450666,450878,212,mRNA
2189,449435,450540,1105,mRNA
2190,449230,449320,90,mRNA
2191,448716,449170,454,mRNA
2192,450666,450794,128,CDS
2193,449435,450540,1105,CDS
2194,449230,449320,90,CDS
2195,449021,449170,149,CDS
2196,450666,450794,128,CDS
2197,449435,450540,1105,CDS
2198,449230,449320,90,CDS
2199,449021,449170,149,CDS
2200,450666,450794,128,CDS
2201,449435,450540,1105,CDS
2202,449230,449320,90,CDS
2203,449021,449170,149,CDS
2204,450666,450794,128,CDS
2205,449435,450540,1105,CDS
2206,449230,449320,90,CDS
2207,449021,449170,149,CDS
2208,450666,450794,128,CDS
2209,449435,450540,1105,CDS
2210,449230,449320,90,CDS
2211,449021,449170,149,CDS
2212,451600,451692,92,mobile_element
2213,453108,454654,1546,gene
2214,453108,454270,1162,mRNA
2215,454330,454654,324,mRNA
2216,453262,454270,1008,CDS
2217,454330,454385,55,CDS
2218,454754,455313,559,gene
2219,454754,454929,175,exon
2220,454989,455313,324,exon
2221,455531,458745,3214,gene
2222,455531,455827,296,mRNA
2223,456086,456223,137,mRNA
2224,456289,456468,179,mRNA
2225,456539,456729,190,mRNA
2226,456797,457338,541,mRNA
2227,457400,457562,162,mRNA
2228,457615,458745,1130,mRNA
2229,455531,455827,296,mRNA
2230,456086,456223,137,mRNA
2231,456289,456468,179,mRNA
2232,456539,456729,190,mRNA
2233,456797,457338,541,mRNA
2234,457400,457562,162,mRNA
2235,457628,458745,1117,mRNA
2236,455531,455827,296,mRNA
2237,456086,456223,137,mRNA
2238,456289,456468,179,mRNA
2239,456539,456729,190,mRNA
2240,456797,456897,100,mRNA
2241,456973,457338,365,mRNA
2242,457400,457562,162,mRNA
2243,457628,458745,1117,mRNA
2244,455801,455827,26,CDS
2245,456086,456223,137,CDS
2246,456289,456468,179,CDS
2247,456539,456729,190,CDS
2248,456797,457338,541,CDS
2249,457400,457562,162,CDS
2250,457628,458390,762,CDS
2251,455801,455827,26,CDS
2252,456086,456223,137,CDS
2253,456289,456468,179,CDS
2254,456539,456729,190,CDS
2255,456797,456897,100,CDS
2256,456973,457338,365,CDS
2257,457400,457562,162,CDS
2258,457628,458390,762,CDS
2259,455801,455827,26,CDS
2260,456086,456223,137,CDS
2261,456289,456468,179,CDS
2262,456539,456729,190,CDS
2263,456797,457338,541,CDS
2264,457400,457562,162,CDS
2265,457615,458125,510,CDS
2266,458876,472200,13324,gene
2267,471398,472200,802,mRNA
2268,458876,464941,6065,mRNA
2269,471398,471555,157,mRNA
2270,458876,464941,6065,mRNA
2271,460515,464933,4418,CDS
2272,460515,464933,4418,CDS
2273,473013,476170,3157,gene
2274,473013,473165,152,mRNA
2275,473223,473994,771,mRNA
2276,474054,474765,711,mRNA
2277,475036,475178,142,mRNA
2278,475233,475851,618,mRNA
2279,475916,476015,99,mRNA
2280,476078,476170,92,mRNA
2281,473113,473165,52,CDS
2282,473223,473994,771,CDS
2283,474054,474765,711,CDS
2284,475036,475178,142,CDS
2285,475233,475802,569,CDS
2286,476220,540560,64340,gene
2287,476220,476331,111,mRNA
2288,489517,491358,1841,mRNA
2289,525392,525436,44,mRNA
2290,536023,536966,943,mRNA
2291,537037,537431,394,mRNA
2292,537549,537749,200,mRNA
2293,537863,539249,1386,mRNA
2294,539310,539452,142,mRNA
2295,539518,540532,1014,mRNA
2296,476220,476331,111,mRNA
2297,525392,525436,44,mRNA
2298,536023,536966,943,mRNA
2299,537037,537431,394,mRNA
2300,537549,537749,200,mRNA
2301,537863,539249,1386,mRNA
2302,539310,539452,142,mRNA
2303,539518,540532,1014,mRNA
2304,476446,479688,3242,gene
2305,479407,479688,281,mRNA
2306,476446,478204,1758,mRNA
2307,479087,479688,601,mRNA
2308,476446,478204,1758,mRNA
2309,476446,479688,3242,mRNA
2310,479407,479475,68,CDS
2311,476987,478204,1217,CDS
2312,476987,478030,1043,CDS
2313,476987,478030,1043,CDS
2314,490835,491358,523,mRNA
2315,525392,525436,44,mRNA
2316,536023,536966,943,mRNA
2317,537037,537431,394,mRNA
2318,537549,537749,200,mRNA
2319,537863,539249,1386,mRNA
2320,539310,539452,142,mRNA
2321,539518,540532,1014,mRNA
2322,490835,492649,1814,gene
2323,490835,492649,1814,ncRNA
2324,491316,491358,42,CDS
2325,525392,525436,44,CDS
2326,536023,536966,943,CDS
2327,537037,537431,394,CDS
2328,537549,537749,200,CDS
2329,537863,539249,1386,CDS
2330,539310,539452,142,CDS
2331,539518,539956,438,CDS
2332,491316,491358,42,CDS
2333,525392,525436,44,CDS
2334,536023,536966,943,CDS
2335,537037,537431,394,CDS
2336,537549,537749,200,CDS
2337,537863,539249,1386,CDS
2338,539310,539452,142,CDS
2339,539518,539956,438,CDS
2340,491879,492649,770,ncRNA
2341,500873,502236,1363,gene
2342,500873,502236,1363,ncRNA
2343,523466,524059,593,mRNA
2344,525392,525436,44,mRNA
2345,536023,536966,943,mRNA
2346,537037,537431,394,mRNA
2347,537549,537749,200,mRNA
2348,537863,539249,1386,mRNA
2349,539310,539452,142,mRNA
2350,539518,540560,1042,mRNA
2351,523736,524059,323,mRNA
2352,525392,525436,44,mRNA
2353,536023,536966,943,mRNA
2354,537037,537431,394,mRNA
2355,537549,537749,200,mRNA
2356,537863,539249,1386,mRNA
2357,539310,539452,142,mRNA
2358,539518,540560,1042,mRNA
2359,524038,524059,21,CDS
2360,525392,525436,44,CDS
2361,536023,536966,943,CDS
2362,537037,537431,394,CDS
2363,537549,537749,200,CDS
2364,537863,539249,1386,CDS
2365,539310,539452,142,CDS
2366,539518,540019,501,CDS
2367,524038,524059,21,CDS
2368,525392,525436,44,CDS
2369,536023,536966,943,CDS
2370,537037,537431,394,CDS
2371,537549,537749,200,CDS
2372,537863,539249,1386,CDS
2373,539310,539452,142,CDS
2374,539518,539956,438,CDS
2375,525418,525436,18,CDS
2376,536023,536966,943,CDS
2377,537037,537431,394,CDS
2378,537549,537749,200,CDS
2379,537863,539249,1386,CDS
2380,539310,539452,142,CDS
2381,539518,539956,438,CDS
2382,540599,542580,1981,gene
2383,542430,542580,150,mRNA
2384,541709,542350,641,mRNA
2385,540599,541168,569,mRNA
2386,542430,542580,150,mRNA
2387,541237,542379,1142,mRNA
2388,542430,542580,150,mRNA
2389,541393,542346,953,mRNA
2390,542430,542580,150,mRNA
2391,541393,542350,957,mRNA
2392,541768,542247,479,CDS
2393,541768,542247,479,CDS
2394,541768,542247,479,CDS
2395,541768,542247,479,CDS
2396,542786,544653,1867,gene
2397,544333,544653,320,mRNA
2398,543416,544266,850,mRNA
2399,542786,543349,563,mRNA
2400,544333,544542,209,CDS
2401,543416,544266,850,CDS
2402,543241,543349,108,CDS
2403,544925,552923,7998,gene
2404,551158,552454,1296,mRNA
2405,547978,548218,240,mRNA
2406,546533,547900,1367,mRNA
2407,544925,546479,1554,mRNA
2408,545129,547096,1967,gene
2409,545129,545306,177,mRNA
2410,545371,545564,193,mRNA
2411,545816,546443,627,mRNA
2412,546565,547096,531,mRNA
2413,545192,545306,114,CDS
2414,545371,545564,193,CDS
2415,545816,546443,627,CDS
2416,546565,546953,388,CDS
2417,551158,552923,1765,mRNA
2418,547978,548218,240,mRNA
2419,547016,547900,884,mRNA
2420,551158,552454,1296,mRNA
2421,547978,548218,240,mRNA
2422,547016,547900,884,mRNA
2423,549026,549502,476,mRNA
2424,547978,548218,240,mRNA
2425,547016,547900,884,mRNA
2426,551158,551857,699,CDS
2427,547978,548218,240,CDS
2428,547414,547900,486,CDS
2429,551158,551857,699,CDS
2430,547978,548218,240,CDS
2431,547414,547900,486,CDS
2432,551158,551857,699,CDS
2433,547978,548218,240,CDS
2434,547414,547900,486,CDS
2435,549026,549215,189,CDS
2436,547978,548218,240,CDS
2437,547414,547900,486,CDS
2438,553742,560310,6568,gene
2439,559563,560310,747,mRNA
2440,557943,558541,598,mRNA
2441,557722,557882,160,mRNA
2442,555510,557665,2155,mRNA
2443,554336,555446,1110,mRNA
2444,553742,554274,532,mRNA
2445,558616,559079,463,mRNA
2446,557943,558541,598,mRNA
2447,557722,557882,160,mRNA
2448,555510,557665,2155,mRNA
2449,554336,555446,1110,mRNA
2450,553742,554274,532,mRNA
2451,559563,559574,11,CDS
2452,557943,558541,598,CDS
2453,557722,557882,160,CDS
2454,555510,557665,2155,CDS
2455,554336,555446,1110,CDS
2456,553937,554274,337,CDS
2457,558616,558762,146,CDS
2458,557943,558541,598,CDS
2459,557722,557882,160,CDS
2460,555510,557665,2155,CDS
2461,554336,555446,1110,CDS
2462,553937,554274,337,CDS
2463,559612,560523,911,gene
2464,559612,560037,425,mRNA
2465,560097,560523,426,mRNA
2466,559699,560037,338,CDS
2467,560097,560315,218,CDS
2468,560568,563819,3251,gene
2469,563259,563819,560,mRNA
2470,560568,563189,2621,mRNA
2471,563277,563347,70,mRNA
2472,560568,563189,2621,mRNA
2473,563254,563347,93,mRNA
2474,560568,563189,2621,mRNA
2475,560568,563347,2779,mRNA
2476,560794,563181,2387,CDS
2477,560794,563181,2387,CDS
2478,560794,563181,2387,CDS
2479,560794,563181,2387,CDS
2480,564163,566472,2309,gene
2481,564163,566472,2309,mRNA
2482,564227,566329,2102,CDS
2483,566366,568121,1755,gene
2484,567089,568121,1032,mRNA
2485,566680,567030,350,mRNA
2486,566498,566624,126,mRNA
2487,566366,566438,72,mRNA
2488,567089,568064,975,CDS
2489,566680,567030,350,CDS
2490,566498,566624,126,CDS
2491,566426,566438,12,CDS
2492,568340,572907,4567,gene
2493,568340,568433,93,mRNA
2494,568599,569290,691,mRNA
2495,569348,572907,3559,mRNA
2496,568340,568433,93,mRNA
2497,568599,569290,691,mRNA
2498,569348,572716,3368,mRNA
2499,568406,568433,27,CDS
2500,568599,569290,691,CDS
2501,569348,572650,3302,CDS
2502,568406,568433,27,CDS
2503,568599,569290,691,CDS
2504,569348,572650,3302,CDS
2505,573033,574264,1231,gene
2506,573033,574264,1231,mRNA
2507,573206,574135,929,CDS
2508,574291,575734,1443,gene
2509,574291,574355,64,mRNA
2510,574634,574698,64,mRNA
2511,574780,575090,310,mRNA
2512,575144,575734,590,mRNA
2513,574508,574698,190,mRNA
2514,574780,575090,310,mRNA
2515,575144,575734,590,mRNA
2516,574641,574698,57,CDS
2517,574780,575090,310,CDS
2518,575144,575236,92,CDS
2519,574641,574698,57,CDS
2520,574780,575090,310,CDS
2521,575144,575236,92,CDS
2522,575711,576896,1185,gene
2523,576514,576896,382,mRNA
2524,576081,576404,323,mRNA
2525,575711,576022,311,mRNA
2526,576514,576550,36,mRNA
2527,576081,576404,323,mRNA
2528,575711,576022,311,mRNA
2529,576081,576550,469,mRNA
2530,575711,576022,311,mRNA
2531,576514,576600,86,CDS
2532,576081,576404,323,CDS
2533,575777,576022,245,CDS
2534,576514,576522,8,CDS
2535,576081,576404,323,CDS
2536,575777,576022,245,CDS
2537,576081,576389,308,CDS
2538,575777,576022,245,CDS
2539,577486,579549,2063,gene
2540,577486,578033,547,mRNA
2541,578155,578420,265,mRNA
2542,578484,579549,1065,mRNA
2543,577993,578033,40,CDS
2544,578155,578420,265,CDS
2545,578484,579250,766,CDS
2546,583540,594685,11145,gene
2547,587830,588047,217,mRNA
2548,583540,584445,905,mRNA
2549,593588,594685,1097,mRNA
2550,592272,592633,361,mRNA
2551,583544,584445,901,mRNA
2552,593588,594685,1097,mRNA
2553,592272,592633,361,mRNA
2554,583544,584445,901,mRNA
2555,593588,594380,792,CDS
2556,592272,592633,361,CDS
2557,584179,584445,266,CDS
2558,593588,594206,618,CDS
2559,592272,592633,361,CDS
2560,584179,584445,266,CDS
2561,587830,587886,56,CDS
2562,584179,584445,266,CDS
2563,588048,588784,736,gene
2564,588048,588579,531,ncRNA
2565,588647,588784,137,ncRNA
2566,588148,588579,431,ncRNA
2567,588647,588784,137,ncRNA
2568,602813,604430,1617,gene
2569,602813,602949,136,mRNA
2570,603074,604430,1356,mRNA
2571,602813,603006,193,mRNA
2572,603074,603562,488,mRNA
2573,602871,603006,135,CDS
2574,603074,603339,265,CDS
2575,602871,602949,78,CDS
2576,603074,603339,265,CDS
2577,605914,606412,498,gene
2578,605914,606412,498,ncRNA
2579,608340,609134,794,gene
2580,608340,609134,794,ncRNA
2581,620298,621201,903,gene
2582,620298,621201,903,mRNA
2583,620433,621182,749,CDS
2584,623107,623665,558,gene
2585,623107,623665,558,ncRNA
2586,623900,624323,423,gene
2587,623900,624323,423,ncRNA
2588,624617,625556,939,gene
2589,624617,625556,939,mRNA
2590,624644,625453,809,CDS
2591,625652,628200,2548,gene
2592,625652,628200,2548,mRNA
2593,625663,628143,2480,CDS
2594,628729,629052,323,gene
2595,628729,629052,323,ncRNA
2596,634184,634245,61,mobile_element
2597,640013,714983,74970,gene
2598,714275,714983,708,mRNA
2599,705871,707867,1996,mRNA
2600,656712,657384,672,mRNA
2601,655274,655866,592,mRNA
2602,654247,654700,453,mRNA
2603,652786,653288,502,mRNA
2604,649934,650293,359,mRNA
2605,648991,649765,774,mRNA
2606,648479,648886,407,mRNA
2607,647989,648361,372,mRNA
2608,644437,645716,1279,mRNA
2609,640013,644314,4301,mRNA
2610,714275,714983,708,mRNA
2611,705871,707867,1996,mRNA
2612,656712,657384,672,mRNA
2613,655274,655866,592,mRNA
2614,654247,654700,453,mRNA
2615,652786,653288,502,mRNA
2616,649934,650293,359,mRNA
2617,648991,649765,774,mRNA
2618,648479,648886,407,mRNA
2619,647989,648361,372,mRNA
2620,644437,645716,1279,mRNA
2621,640306,644314,4008,mRNA
2622,705871,707766,1895,CDS
2623,656712,657384,672,CDS
2624,655274,655866,592,CDS
2625,654247,654700,453,CDS
2626,652786,653288,502,CDS
2627,649934,650293,359,CDS
2628,648991,649765,774,CDS
2629,648479,648886,407,CDS
2630,647989,648361,372,CDS
2631,644437,645716,1279,CDS
2632,640959,644314,3355,CDS
2633,705871,707766,1895,CDS
2634,656712,657384,672,CDS
2635,655274,655866,592,CDS
2636,654247,654700,453,CDS
2637,652786,653288,502,CDS
2638,649934,650293,359,CDS
2639,648991,649765,774,CDS
2640,648479,648886,407,CDS
2641,647989,648361,372,CDS
2642,644437,645716,1279,CDS
2643,640959,644314,3355,CDS
2644,686974,695955,8981,mobile_element
2645,710568,715307,4739,gene
2646,710568,710667,99,ncRNA
2647,714859,715307,448,ncRNA
2648,721985,724833,2848,gene
2649,724081,724833,752,ncRNA
2650,721985,724015,2030,ncRNA
2651,728362,730564,2202,gene
2652,728362,730564,2202,mRNA
2653,728508,730454,1946,CDS
2654,737212,744395,7183,gene
2655,744196,744395,199,mRNA
2656,743338,743623,285,mRNA
2657,740800,740964,164,mRNA
2658,740357,740690,333,mRNA
2659,739445,740014,569,mRNA
2660,738508,738837,329,mRNA
2661,738321,738435,114,mRNA
2662,737212,738268,1056,mRNA
2663,744084,744395,311,mRNA
2664,743338,743623,285,mRNA
2665,740800,740964,164,mRNA
2666,740357,740690,333,mRNA
2667,739445,740014,569,mRNA
2668,738508,738837,329,mRNA
2669,738321,738435,114,mRNA
2670,737212,738268,1056,mRNA
2671,740800,741791,991,mRNA
2672,740357,740690,333,mRNA
2673,739445,740014,569,mRNA
2674,738508,738837,329,mRNA
2675,738321,738435,114,mRNA
2676,737212,738268,1056,mRNA
2677,740800,740995,195,CDS
2678,740357,740690,333,CDS
2679,739445,740014,569,CDS
2680,738508,738837,329,CDS
2681,738321,738435,114,CDS
2682,738074,738268,194,CDS
2683,740800,740947,147,CDS
2684,740357,740690,333,CDS
2685,739445,740014,569,CDS
2686,738508,738837,329,CDS
2687,738321,738435,114,CDS
2688,738074,738268,194,CDS
2689,740800,740947,147,CDS
2690,740357,740690,333,CDS
2691,739445,740014,569,CDS
2692,738508,738837,329,CDS
2693,738321,738435,114,CDS
2694,738074,738268,194,CDS
2695,749945,762399,12454,gene
2696,749945,750400,455,mRNA
2697,752731,753730,999,mRNA
2698,754487,754630,143,mRNA
2699,755021,755296,275,mRNA
2700,755829,756080,251,mRNA
2701,756668,757030,362,mRNA
2702,757128,757429,301,mRNA
2703,757800,757938,138,mRNA
2704,758847,759122,275,mRNA
2705,759231,759549,318,mRNA
2706,759679,762142,2463,mRNA
2707,750609,750803,194,mRNA
2708,752731,753730,999,mRNA
2709,754487,754630,143,mRNA
2710,755021,755296,275,mRNA
2711,755829,756080,251,mRNA
2712,756668,757030,362,mRNA
2713,757128,757429,301,mRNA
2714,757800,757938,138,mRNA
2715,758847,759122,275,mRNA
2716,759231,759549,318,mRNA
2717,759679,762399,2720,mRNA
2718,750609,750803,194,mRNA
2719,752731,753730,999,mRNA
2720,754487,754630,143,mRNA
2721,755021,755296,275,mRNA
2722,755829,756080,251,mRNA
2723,756668,757030,362,mRNA
2724,757128,757429,301,mRNA
2725,757800,757938,138,mRNA
2726,758847,759122,275,mRNA
2727,759231,759549,318,mRNA
2728,759679,762142,2463,mRNA
2729,752800,753730,930,mRNA
2730,754487,754630,143,mRNA
2731,755021,755296,275,mRNA
2732,755662,756080,418,mRNA
2733,756668,757030,362,mRNA
2734,757128,757429,301,mRNA
2735,757800,757938,138,mRNA
2736,758847,759122,275,mRNA
2737,759231,759549,318,mRNA
2738,759679,762142,2463,mRNA
2739,752800,753730,930,mRNA
2740,754487,754630,143,mRNA
2741,755021,755296,275,mRNA
2742,755829,756080,251,mRNA
2743,756334,757030,696,mRNA
2744,757128,757429,301,mRNA
2745,757800,757938,138,mRNA
2746,758847,759122,275,mRNA
2747,759231,759549,318,mRNA
2748,759679,762142,2463,mRNA
2749,752800,753730,930,mRNA
2750,754487,754630,143,mRNA
2751,755021,755296,275,mRNA
2752,755829,756080,251,mRNA
2753,756668,757030,362,mRNA
2754,757128,757429,301,mRNA
2755,757800,757938,138,mRNA
2756,758847,759122,275,mRNA
2757,759231,759549,318,mRNA
2758,759679,762142,2463,mRNA
2759,752800,753730,930,mRNA
2760,754487,754630,143,mRNA
2761,755021,755296,275,mRNA
2762,755829,756080,251,mRNA
2763,756668,757030,362,mRNA
2764,757128,757520,392,mRNA
2765,753119,753730,611,CDS
2766,754487,754630,143,CDS
2767,755021,755296,275,CDS
2768,755829,756080,251,CDS
2769,756668,757030,362,CDS
2770,757128,757429,301,CDS
2771,757800,757938,138,CDS
2772,758847,759122,275,CDS
2773,759231,759549,318,CDS
2774,759679,760913,1234,CDS
2775,753119,753730,611,CDS
2776,754487,754630,143,CDS
2777,755021,755296,275,CDS
2778,755829,756080,251,CDS
2779,756668,757030,362,CDS
2780,757128,757429,301,CDS
2781,757800,757938,138,CDS
2782,758847,759122,275,CDS
2783,759231,759549,318,CDS
2784,759679,760913,1234,CDS
2785,753119,753730,611,CDS
2786,754487,754630,143,CDS
2787,755021,755296,275,CDS
2788,755829,756080,251,CDS
2789,756668,757030,362,CDS
2790,757128,757429,301,CDS
2791,757800,757938,138,CDS
2792,758847,759122,275,CDS
2793,759231,759549,318,CDS
2794,759679,760913,1234,CDS
2795,753119,753730,611,CDS
2796,754487,754630,143,CDS
2797,755021,755296,275,CDS
2798,755829,756080,251,CDS
2799,756668,757030,362,CDS
2800,757128,757429,301,CDS
2801,757800,757938,138,CDS
2802,758847,759122,275,CDS
2803,759231,759549,318,CDS
2804,759679,760913,1234,CDS
2805,753119,753730,611,CDS
2806,754487,754630,143,CDS
2807,755021,755296,275,CDS
2808,755829,756080,251,CDS
2809,756668,757030,362,CDS
2810,757128,757433,305,CDS
2811,753119,753730,611,CDS
2812,754487,754630,143,CDS
2813,755021,755296,275,CDS
2814,755829,756080,251,CDS
2815,756334,756402,68,CDS
2816,753119,753730,611,CDS
2817,754487,754630,143,CDS
2818,755021,755296,275,CDS
2819,755662,755703,41,CDS
2820,770516,772243,1727,mobile_element
2821,772514,773093,579,gene
2822,772514,773093,579,ncRNA
2823,773547,774017,470,gene
2824,773547,774017,470,mRNA
2825,773595,773918,323,CDS
2826,776536,776941,405,gene
2827,776536,776941,405,mRNA
2828,776542,776841,299,CDS
2829,779173,779655,482,gene
2830,779173,779655,482,mRNA
2831,779204,779563,359,CDS
2832,780482,782885,2403,gene
2833,780482,782048,1566,mRNA
2834,782124,782181,57,mRNA
2835,782238,782441,203,mRNA
2836,782495,782885,390,mRNA
2837,781276,782048,772,mRNA
2838,782124,782181,57,mRNA
2839,782238,782441,203,mRNA
2840,782495,782885,390,mRNA
2841,781297,782048,751,CDS
2842,782124,782181,57,CDS
2843,782238,782441,203,CDS
2844,782495,782824,329,CDS
2845,781297,782048,751,CDS
2846,782124,782181,57,CDS
2847,782238,782441,203,CDS
2848,782495,782824,329,CDS
2849,784336,788776,4440,gene
2850,784336,786427,2091,mRNA
2851,786510,788776,2266,mRNA
2852,784336,786158,1822,mRNA
2853,784421,786139,1718,CDS
2854,784421,786139,1718,CDS
2855,786153,790798,4645,gene
2856,790489,790798,309,mRNA
2857,788242,788612,370,mRNA
2858,786733,788178,1445,mRNA
2859,786479,786664,185,mRNA
2860,786153,786422,269,mRNA
2861,790489,790629,140,CDS
2862,788242,788612,370,CDS
2863,786733,788178,1445,CDS
2864,786479,786664,185,CDS
2865,786260,786422,162,CDS
2866,799856,800323,467,gene
2867,799856,800323,467,ncRNA
2868,810577,811531,954,gene
2869,810577,810758,181,mRNA
2870,810809,811021,212,mRNA
2871,811089,811203,114,mRNA
2872,811259,811531,272,mRNA
2873,810646,810758,112,CDS
2874,810809,811021,212,CDS
2875,811089,811203,114,CDS
2876,811259,811432,173,CDS
2877,811584,813380,1796,gene
2878,811584,812496,912,mRNA
2879,812562,813380,818,mRNA
2880,811636,812496,860,CDS
2881,812562,813311,749,CDS
2882,813314,815950,2636,gene
2883,815475,815950,475,mRNA
2884,815275,815412,137,mRNA
2885,814243,815221,978,mRNA
2886,813951,814184,233,mRNA
2887,813314,813893,579,mRNA
2888,815475,815950,475,mRNA
2889,815275,815421,146,mRNA
2890,814243,815221,978,mRNA
2891,813951,814184,233,mRNA
2892,813314,813893,579,mRNA
2893,815475,815831,356,CDS
2894,815275,815412,137,CDS
2895,814243,815221,978,CDS
2896,813951,814184,233,CDS
2897,813457,813893,436,CDS
2898,815475,815831,356,CDS
2899,815275,815421,146,CDS
2900,814243,815221,978,CDS
2901,813951,814184,233,CDS
2902,813457,813893,436,CDS
2903,815993,818096,2103,gene
2904,815993,818096,2103,mRNA
2905,815993,817032,1039,mRNA
2906,816083,816976,893,CDS
2907,816083,816976,893,CDS
2908,816994,817950,956,gene
2909,817244,817950,706,mRNA
2910,816994,817182,188,mRNA
2911,817244,817898,654,CDS
2912,817046,817182,136,CDS
2913,818079,819508,1429,gene
2914,818704,819508,804,mRNA
2915,818079,818643,564,mRNA
2916,818704,819334,630,CDS
2917,818507,818643,136,CDS
2918,819964,821209,1245,gene
2919,819964,821209,1245,mRNA
2920,820079,820969,890,CDS
2921,821289,824337,3048,gene
2922,821289,821659,370,mRNA
2923,822858,823569,711,mRNA
2924,823637,824137,500,mRNA
2925,824191,824337,146,mRNA
2926,821422,823569,2147,mRNA
2927,823637,824337,700,mRNA
2928,821422,821659,237,mRNA
2929,822858,823569,711,mRNA
2930,823637,824337,700,mRNA
2931,821422,821659,237,mRNA
2932,822858,823569,711,mRNA
2933,823637,824137,500,mRNA
2934,824219,824337,118,mRNA
2935,821552,821659,107,CDS
2936,822858,823569,711,CDS
2937,823637,823776,139,CDS
2938,821552,821659,107,CDS
2939,822858,823569,711,CDS
2940,823637,823776,139,CDS
2941,821552,821659,107,CDS
2942,822858,823569,711,CDS
2943,823637,823776,139,CDS
2944,822900,823569,669,CDS
2945,823637,823776,139,CDS
2946,824329,825861,1532,gene
2947,824329,825861,1532,mRNA
2948,824433,825797,1364,CDS
2949,825969,833241,7272,gene
2950,825969,826507,538,mRNA
2951,829305,829971,666,mRNA
2952,830145,830349,204,mRNA
2953,830738,831083,345,mRNA
2954,831177,831626,449,mRNA
2955,831714,833241,1527,mRNA
2956,825969,826507,538,mRNA
2957,829422,829971,549,mRNA
2958,830145,830349,204,mRNA
2959,830738,831083,345,mRNA
2960,831177,831626,449,mRNA
2961,831714,833241,1527,mRNA
2962,825969,826507,538,mRNA
2963,829457,829971,514,mRNA
2964,830145,830349,204,mRNA
2965,830738,831083,345,mRNA
2966,831177,831626,449,mRNA
2967,831714,833241,1527,mRNA
2968,825969,826507,538,mRNA
2969,829305,829971,666,mRNA
2970,830145,830349,204,mRNA
2971,830738,831083,345,mRNA
2972,831177,831626,449,mRNA
2973,831714,832331,617,mRNA
2974,829536,829971,435,CDS
2975,830145,830349,204,CDS
2976,830738,831083,345,CDS
2977,831177,831626,449,CDS
2978,831714,831923,209,CDS
2979,829536,829971,435,CDS
2980,830145,830349,204,CDS
2981,830738,831083,345,CDS
2982,831177,831626,449,CDS
2983,831714,831923,209,CDS
2984,829536,829971,435,CDS
2985,830145,830349,204,CDS
2986,830738,831083,345,CDS
2987,831177,831626,449,CDS
2988,831714,831923,209,CDS
2989,829950,829971,21,CDS
2990,830145,830349,204,CDS
2991,830738,831083,345,CDS
2992,831177,831626,449,CDS
2993,831714,831923,209,CDS
2994,833584,851071,17487,gene
2995,849899,851071,1172,mRNA
2996,836546,837378,832,mRNA
2997,835353,835547,194,mRNA
2998,834974,835290,316,mRNA
2999,833584,834583,999,mRNA
3000,849899,851071,1172,mRNA
3001,836546,837378,832,mRNA
3002,835704,836171,467,mRNA
3003,835353,835547,194,mRNA
3004,834974,835290,316,mRNA
3005,833584,834583,999,mRNA
3006,842614,842943,329,mRNA
3007,836546,837378,832,mRNA
3008,835704,836171,467,mRNA
3009,835353,835547,194,mRNA
3010,834974,835290,316,mRNA
3011,833584,834583,999,mRNA
3012,842614,842943,329,mRNA
3013,836546,837378,832,mRNA
3014,835353,835547,194,mRNA
3015,834974,835290,316,mRNA
3016,833587,834583,996,mRNA
3017,849899,850068,169,CDS
3018,836546,837378,832,CDS
3019,835353,835547,194,CDS
3020,834974,835290,316,CDS
3021,834545,834583,38,CDS
3022,849899,850068,169,CDS
3023,836546,837378,832,CDS
3024,835704,836171,467,CDS
3025,835353,835547,194,CDS
3026,834974,835290,316,CDS
3027,834545,834583,38,CDS
3028,836546,837338,792,CDS
3029,835353,835547,194,CDS
3030,834974,835290,316,CDS
3031,834545,834583,38,CDS
3032,836546,837338,792,CDS
3033,835704,836171,467,CDS
3034,835353,835547,194,CDS
3035,834974,835290,316,CDS
3036,834545,834583,38,CDS
3037,849899,851071,1172,mRNA
3038,836546,837378,832,mRNA
3039,835353,835547,194,mRNA
3040,834867,835290,423,mRNA
3041,849899,850068,169,CDS
3042,836546,837378,832,CDS
3043,835353,835547,194,CDS
3044,834944,835290,346,CDS
3045,850702,851163,461,gene
3046,850702,851163,461,ncRNA
3047,851251,852730,1479,gene
3048,852628,852730,102,mRNA
3049,852499,852571,72,mRNA
3050,851718,852442,724,mRNA
3051,851251,851659,408,mRNA
3052,852628,852730,102,mRNA
3053,852499,852571,72,mRNA
3054,851718,852442,724,mRNA
3055,851316,851659,343,mRNA
3056,852628,852629,1,CDS
3057,852499,852571,72,CDS
3058,851718,852442,724,CDS
3059,851443,851659,216,CDS
3060,852628,852629,1,CDS
3061,852499,852571,72,CDS
3062,851718,852442,724,CDS
3063,851443,851659,216,CDS
3064,852768,854539,1771,gene
3065,852768,853005,237,mRNA
3066,853192,853278,86,mRNA
3067,853545,854539,994,mRNA
3068,852848,853005,157,mRNA
3069,853192,853278,86,mRNA
3070,853545,854539,994,mRNA
3071,852936,853005,69,CDS
3072,853192,853278,86,CDS
3073,853545,854383,838,CDS
3074,852936,853005,69,CDS
3075,853192,853278,86,CDS
3076,853545,854383,838,CDS
3077,855337,856639,1302,gene
3078,855337,855623,286,mRNA
3079,855687,855810,123,mRNA
3080,855868,856236,368,mRNA
3081,855471,855623,152,mRNA
3082,855687,855810,123,mRNA
3083,855868,856639,771,mRNA
3084,855471,855623,152,mRNA
3085,855687,855810,123,mRNA
3086,855868,856236,368,mRNA
3087,855550,855623,73,CDS
3088,855687,855810,123,CDS
3089,855868,856107,239,CDS
3090,855550,855623,73,CDS
3091,855687,855810,123,CDS
3092,855868,856107,239,CDS
3093,855550,855623,73,CDS
3094,855687,855810,123,CDS
3095,855868,856107,239,CDS
3096,857403,860079,2676,gene
3097,857403,860079,2676,ncRNA
3098,857542,857632,90,gene
3099,857542,857632,90,precursor_RNA
3100,857556,857579,23,ncRNA
3101,857596,857617,21,ncRNA
3102,860197,861806,1609,gene
3103,860197,860409,212,mRNA
3104,860764,861357,593,mRNA
3105,861429,861806,377,mRNA
3106,860309,860409,100,mRNA
3107,860764,861357,593,mRNA
3108,861429,861806,377,mRNA
3109,860321,860409,88,CDS
3110,860764,861357,593,CDS
3111,861429,861696,267,CDS
3112,860321,860409,88,CDS
3113,860764,861357,593,CDS
3114,861429,861696,267,CDS
3115,861849,868354,6505,gene
3116,868032,868354,322,mRNA
3117,864398,864794,396,mRNA
3118,864195,864338,143,mRNA
3119,862563,864134,1571,mRNA
3120,862319,862498,179,mRNA
3121,861849,862258,409,mRNA
3122,867814,868013,199,mRNA
3123,864398,864794,396,mRNA
3124,864195,864338,143,mRNA
3125,862563,864134,1571,mRNA
3126,862319,862498,179,mRNA
3127,861849,862258,409,mRNA
3128,865827,865861,34,mRNA
3129,864877,865060,183,mRNA
3130,864398,864794,396,mRNA
3131,864195,864338,143,mRNA
3132,862563,864134,1571,mRNA
3133,862319,862498,179,mRNA
3134,861849,862258,409,mRNA
3135,864877,864908,31,CDS
3136,864398,864794,396,CDS
3137,864195,864338,143,CDS
3138,862563,864134,1571,CDS
3139,862319,862498,179,CDS
3140,862166,862258,92,CDS
3141,864398,864745,347,CDS
3142,864195,864338,143,CDS
3143,862563,864134,1571,CDS
3144,862319,862498,179,CDS
3145,862166,862258,92,CDS
3146,864398,864745,347,CDS
3147,864195,864338,143,CDS
3148,862563,864134,1571,CDS
3149,862319,862498,179,CDS
3150,862166,862258,92,CDS
3151,865366,865493,127,gene
3152,865366,865493,127,ncRNA
3153,868673,869857,1184,gene
3154,868673,869857,1184,mRNA
3155,868739,869776,1037,CDS
3156,870465,877038,6573,gene
3157,870465,871576,1111,mRNA
3158,871641,871738,97,mRNA
3159,871806,872080,274,mRNA
3160,872208,873539,1331,mRNA
3161,875038,877038,2000,mRNA
3162,870465,870552,87,mRNA
3163,871341,871576,235,mRNA
3164,871641,871738,97,mRNA
3165,871806,872080,274,mRNA
3166,872208,873539,1331,mRNA
3167,875038,877038,2000,mRNA
3168,870465,870552,87,mRNA
3169,871341,871576,235,mRNA
3170,871641,871738,97,mRNA
3171,871806,872080,274,mRNA
3172,872208,874149,1941,mRNA
3173,871095,871274,179,mRNA
3174,871341,871576,235,mRNA
3175,871641,871738,97,mRNA
3176,871806,872080,274,mRNA
3177,872208,874149,1941,mRNA
3178,871574,871576,2,CDS
3179,871641,871738,97,CDS
3180,871806,872080,274,CDS
3181,872208,873539,1331,CDS
3182,875038,876737,1699,CDS
3183,871574,871576,2,CDS
3184,871641,871738,97,CDS
3185,871806,872080,274,CDS
3186,872208,873539,1331,CDS
3187,875038,876737,1699,CDS
3188,871574,871576,2,CDS
3189,871641,871738,97,CDS
3190,871806,872080,274,CDS
3191,872208,873718,1510,CDS
3192,871574,871576,2,CDS
3193,871641,871738,97,CDS
3194,871806,872080,274,CDS
3195,872208,873718,1510,CDS
3196,877172,885141,7969,gene
3197,884908,885141,233,mRNA
3198,884722,884846,124,mRNA
3199,884442,884652,210,mRNA
3200,884256,884388,132,mRNA
3201,884052,884185,133,mRNA
3202,883365,883991,626,mRNA
3203,883096,883297,201,mRNA
3204,882660,883039,379,mRNA
3205,882048,882604,556,mRNA
3206,881648,881947,299,mRNA
3207,880974,881585,611,mRNA
3208,879865,880914,1049,mRNA
3209,878838,879799,961,mRNA
3210,878392,878773,381,mRNA
3211,877172,878334,1162,mRNA
3212,877302,878270,968,gene
3213,877302,877871,569,mRNA
3214,877970,878270,300,mRNA
3215,877362,877871,509,CDS
3216,877970,878173,203,CDS
3217,884908,885141,233,mRNA
3218,884722,884846,124,mRNA
3219,884442,884652,210,mRNA
3220,884256,884388,132,mRNA
3221,884052,884185,133,mRNA
3222,883365,883991,626,mRNA
3223,883096,883297,201,mRNA
3224,882660,883039,379,mRNA
3225,882048,882604,556,mRNA
3226,881648,881947,299,mRNA
3227,880974,881585,611,mRNA
3228,879865,880914,1049,mRNA
3229,878838,879799,961,mRNA
3230,878392,878773,381,mRNA
3231,878181,878334,153,mRNA
3232,884908,885052,144,CDS
3233,884722,884846,124,CDS
3234,884442,884652,210,CDS
3235,884256,884388,132,CDS
3236,884052,884185,133,CDS
3237,883365,883991,626,CDS
3238,883096,883297,201,CDS
3239,882660,883039,379,CDS
3240,882048,882604,556,CDS
3241,881648,881947,299,CDS
3242,880974,881585,611,CDS
3243,879865,880914,1049,CDS
3244,878838,879799,961,CDS
3245,878392,878773,381,CDS
3246,878281,878334,53,CDS
3247,884908,885052,144,CDS
3248,884722,884846,124,CDS
3249,884442,884652,210,CDS
3250,884256,884388,132,CDS
3251,884052,884185,133,CDS
3252,883365,883991,626,CDS
3253,883096,883297,201,CDS
3254,882660,883039,379,CDS
3255,882048,882604,556,CDS
3256,881648,881947,299,CDS
3257,880974,881585,611,CDS
3258,879865,880914,1049,CDS
3259,878838,879799,961,CDS
3260,878392,878773,381,CDS
3261,878281,878334,53,CDS
3262,897453,898050,597,gene
3263,897453,898050,597,ncRNA
3264,898500,901316,2816,gene
3265,898500,898941,441,mRNA
3266,899010,901316,2306,mRNA
3267,898644,898941,297,mRNA
3268,899010,901316,2306,mRNA
3269,898732,898941,209,CDS
3270,899010,901169,2159,CDS
3271,898732,898941,209,CDS
3272,899010,901169,2159,CDS
3273,901491,901654,163,gene
3274,901491,901654,163,ncRNA
3275,901976,902082,106,gene
3276,901976,902082,106,ncRNA
3277,904029,904347,318,gene
3278,904029,904347,318,ncRNA
3279,912981,913305,324,gene
3280,912981,913305,324,ncRNA
3281,914086,917805,3719,gene
3282,914086,914279,193,mRNA
3283,914338,914493,155,mRNA
3284,914553,914615,62,mRNA
3285,914800,915003,203,mRNA
3286,915058,915269,211,mRNA
3287,915325,915447,122,mRNA
3288,915508,915750,242,mRNA
3289,915815,916231,416,mRNA
3290,916282,916653,371,mRNA
3291,916707,917387,680,mRNA
3292,917467,917805,338,mRNA
3293,914198,914279,81,CDS
3294,914338,914493,155,CDS
3295,914553,914615,62,CDS
3296,914800,915003,203,CDS
3297,915058,915269,211,CDS
3298,915325,915447,122,CDS
3299,915508,915750,242,CDS
3300,915815,916231,416,CDS
3301,916282,916653,371,CDS
3302,916707,917387,680,CDS
3303,917467,917736,269,CDS
3304,922793,958098,35305,gene
3305,922793,923219,426,mRNA
3306,930065,930423,358,mRNA
3307,950492,950578,86,mRNA
3308,951587,952142,555,mRNA
3309,952256,953333,1077,mRNA
3310,953396,953510,114,mRNA
3311,956249,956334,85,mRNA
3312,956404,956792,388,mRNA
3313,956860,956944,84,mRNA
3314,957052,957209,157,mRNA
3315,957279,958098,819,mRNA
3316,922793,923219,426,mRNA
3317,950492,950578,86,mRNA
3318,951587,952142,555,mRNA
3319,952256,953333,1077,mRNA
3320,953396,953510,114,mRNA
3321,956249,956334,85,mRNA
3322,956404,956792,388,mRNA
3323,956860,956944,84,mRNA
3324,957052,957209,157,mRNA
3325,957279,958098,819,mRNA
3326,930335,930423,88,CDS
3327,950492,950578,86,CDS
3328,951587,952142,555,CDS
3329,952256,953333,1077,CDS
3330,953396,953510,114,CDS
3331,956249,956334,85,CDS
3332,956404,956792,388,CDS
3333,956860,956944,84,CDS
3334,957052,957209,157,CDS
3335,957279,957452,173,CDS
3336,950493,950578,85,CDS
3337,951587,952142,555,CDS
3338,952256,953333,1077,CDS
3339,953396,953510,114,CDS
3340,956249,956334,85,CDS
3341,956404,956792,388,CDS
3342,956860,956944,84,CDS
3343,957052,957209,157,CDS
3344,957279,957452,173,CDS
3345,976935,984512,7577,mobile_element
3346,987807,991300,3493,gene
3347,990870,991300,430,ncRNA
3348,989772,990311,539,ncRNA
3349,987807,989357,1550,ncRNA
3350,990870,991300,430,ncRNA
3351,989417,990311,894,ncRNA
3352,987807,989104,1297,ncRNA
3353,996780,1005816,9036,mobile_element
3354,1008378,1048053,39675,gene
3355,1047956,1048053,97,mRNA
3356,1046810,1047022,212,mRNA
3357,1033687,1034190,503,mRNA
3358,1019268,1019321,53,mRNA
3359,1017711,1017768,57,mRNA
3360,1016139,1017641,1502,mRNA
3361,1015993,1016076,83,mRNA
3362,1015315,1015927,612,mRNA
3363,1015035,1015256,221,mRNA
3364,1014777,1014974,197,mRNA
3365,1014550,1014716,166,mRNA
3366,1008378,1014484,6106,mRNA
3367,1042964,1043218,254,mRNA
3368,1033687,1034190,503,mRNA
3369,1019268,1019321,53,mRNA
3370,1017711,1017768,57,mRNA
3371,1016139,1017641,1502,mRNA
3372,1015993,1016076,83,mRNA
3373,1015315,1015927,612,mRNA
3374,1015035,1015256,221,mRNA
3375,1014777,1014974,197,mRNA
3376,1014550,1014716,166,mRNA
3377,1011421,1014484,3063,mRNA
3378,1034402,1034582,180,mRNA
3379,1033687,1034190,503,mRNA
3380,1019268,1019321,53,mRNA
3381,1017711,1017768,57,mRNA
3382,1016139,1017641,1502,mRNA
3383,1015993,1016076,83,mRNA
3384,1015315,1015927,612,mRNA
3385,1015035,1015256,221,mRNA
3386,1014777,1014974,197,mRNA
3387,1014550,1014716,166,mRNA
3388,1011421,1014484,3063,mRNA
3389,1042964,1042988,24,CDS
3390,1033687,1034190,503,CDS
3391,1019268,1019321,53,CDS
3392,1017711,1017768,57,CDS
3393,1016139,1017641,1502,CDS
3394,1015993,1016076,83,CDS
3395,1015315,1015927,612,CDS
3396,1015035,1015256,221,CDS
3397,1014777,1014974,197,CDS
3398,1014550,1014716,166,CDS
3399,1013953,1014484,531,CDS
3400,1034402,1034423,21,CDS
3401,1033687,1034190,503,CDS
3402,1019268,1019321,53,CDS
3403,1017711,1017768,57,CDS
3404,1016139,1017641,1502,CDS
3405,1015993,1016076,83,CDS
3406,1015315,1015927,612,CDS
3407,1015035,1015256,221,CDS
3408,1014777,1014974,197,CDS
3409,1014550,1014716,166,CDS
3410,1013953,1014484,531,CDS
3411,1033687,1034176,489,CDS
3412,1019268,1019321,53,CDS
3413,1017711,1017768,57,CDS
3414,1016139,1017641,1502,CDS
3415,1015993,1016076,83,CDS
3416,1015315,1015927,612,CDS
3417,1015035,1015256,221,CDS
3418,1014777,1014974,197,CDS
3419,1014550,1014716,166,CDS
3420,1013953,1014484,531,CDS
3421,1026105,1026897,792,gene
3422,1026105,1026897,792,mRNA
3423,1026276,1026785,509,CDS
3424,1037246,1038685,1439,gene
3425,1037246,1038506,1260,mRNA
3426,1038579,1038685,106,mRNA
3427,1037246,1038533,1287,mRNA
3428,1037379,1038422,1043,CDS
3429,1037379,1038422,1043,CDS
3430,1049674,1077815,28141,gene
3431,1076835,1077815,980,mRNA
3432,1061234,1062213,979,mRNA
3433,1052566,1053053,487,mRNA
3434,1052331,1052495,164,mRNA
3435,1049674,1052265,2591,mRNA
3436,1077652,1077811,159,mRNA
3437,1061234,1062213,979,mRNA
3438,1052566,1053053,487,mRNA
3439,1052331,1052495,164,mRNA
3440,1051792,1052265,473,mRNA
3441,1061234,1062146,912,CDS
3442,1052566,1053053,487,CDS
3443,1052331,1052495,164,CDS
3444,1052038,1052265,227,CDS
3445,1061234,1062146,912,CDS
3446,1052566,1053053,487,CDS
3447,1052331,1052495,164,CDS
3448,1052038,1052265,227,CDS
3449,1077948,1080803,2855,gene
3450,1077948,1078568,620,mRNA
3451,1078625,1079065,440,mRNA
3452,1079121,1080803,1682,mRNA
3453,1078035,1078568,533,CDS
3454,1078625,1079065,440,CDS
3455,1079121,1080710,1589,CDS
3456,1080911,1085380,4469,gene
3457,1080911,1081427,516,mRNA
3458,1081578,1081920,342,mRNA
3459,1081977,1082056,79,mRNA
3460,1082120,1082665,545,mRNA
3461,1082792,1085380,2588,mRNA
3462,1080911,1081427,516,mRNA
3463,1081578,1081920,342,mRNA
3464,1081977,1082056,79,mRNA
3465,1082120,1082665,545,mRNA
3466,1082789,1083378,589,mRNA
3467,1081244,1081427,183,CDS
3468,1081578,1081920,342,CDS
3469,1081977,1082056,79,CDS
3470,1082120,1082665,545,CDS
3471,1082789,1082871,82,CDS
3472,1081244,1081427,183,CDS
3473,1081578,1081920,342,CDS
3474,1081977,1082056,79,CDS
3475,1082120,1082665,545,CDS
3476,1082792,1082871,79,CDS
3477,1083091,1102504,19413,gene
3478,1102323,1102504,181,mRNA
3479,1101921,1101968,47,mRNA
3480,1087695,1088106,411,mRNA
3481,1085927,1086026,99,mRNA
3482,1085744,1085861,117,mRNA
3483,1085524,1085680,156,mRNA
3484,1085201,1085309,108,mRNA
3485,1084894,1085136,242,mRNA
3486,1083091,1084836,1745,mRNA
3487,1102323,1102504,181,mRNA
3488,1087695,1088106,411,mRNA
3489,1085927,1086026,99,mRNA
3490,1085744,1085861,117,mRNA
3491,1085524,1085680,156,mRNA
3492,1085201,1085309,108,mRNA
3493,1084894,1085136,242,mRNA
3494,1083248,1084836,1588,mRNA
3495,1087695,1087862,167,CDS
3496,1085927,1086026,99,CDS
3497,1085744,1085861,117,CDS
3498,1085524,1085680,156,CDS
3499,1085201,1085309,108,CDS
3500,1084894,1085136,242,CDS
3501,1084019,1084836,817,CDS
3502,1087695,1087862,167,CDS
3503,1085927,1086026,99,CDS
3504,1085744,1085861,117,CDS
3505,1085524,1085680,156,CDS
3506,1085201,1085309,108,CDS
3507,1084894,1085136,242,CDS
3508,1084019,1084836,817,CDS
3509,1103254,1108373,5119,gene
3510,1108016,1108373,357,mRNA
3511,1107812,1107949,137,mRNA
3512,1107373,1107757,384,mRNA
3513,1107161,1107316,155,mRNA
3514,1106356,1107106,750,mRNA
3515,1105159,1106298,1139,mRNA
3516,1103879,1105101,1222,mRNA
3517,1103254,1103820,566,mRNA
3518,1108016,1108373,357,mRNA
3519,1107812,1107949,137,mRNA
3520,1107373,1107757,384,mRNA
3521,1107161,1107316,155,mRNA
3522,1106356,1107106,750,mRNA
3523,1105159,1106298,1139,mRNA
3524,1103879,1105101,1222,mRNA
3525,1103483,1103820,337,mRNA
3526,1108016,1108202,186,CDS
3527,1107812,1107949,137,CDS
3528,1107373,1107757,384,CDS
3529,1107161,1107316,155,CDS
3530,1106356,1107106,750,CDS
3531,1105159,1106298,1139,CDS
3532,1103879,1105101,1222,CDS
3533,1103691,1103820,129,CDS
3534,1108016,1108202,186,CDS
3535,1107812,1107949,137,CDS
3536,1107373,1107757,384,CDS
3537,1107161,1107316,155,CDS
3538,1106356,1107106,750,CDS
3539,1105159,1106298,1139,CDS
3540,1103879,1105101,1222,CDS
3541,1103691,1103820,129,CDS
3542,1108540,1112694,4154,gene
3543,1108540,1109895,1355,mRNA
3544,1109963,1110423,460,mRNA
3545,1110480,1110674,194,mRNA
3546,1111264,1111397,133,mRNA
3547,1111454,1111967,513,mRNA
3548,1112028,1112444,416,mRNA
3549,1112506,1112694,188,mRNA
3550,1108701,1109895,1194,CDS
3551,1109963,1110423,460,CDS
3552,1110480,1110674,194,CDS
3553,1111264,1111397,133,CDS
3554,1111454,1111967,513,CDS
3555,1112028,1112444,416,CDS
3556,1112506,1112643,137,CDS
3557,1112941,1114138,1197,gene
3558,1112941,1113152,211,mRNA
3559,1113204,1113501,297,mRNA
3560,1113559,1113765,206,mRNA
3561,1113826,1114138,312,mRNA
3562,1112988,1113152,164,CDS
3563,1113204,1113501,297,CDS
3564,1113559,1113765,206,CDS
3565,1113826,1113950,124,CDS
3566,1114654,1128953,14299,gene
3567,1128804,1128953,149,mRNA
3568,1128129,1128345,216,mRNA
3569,1117444,1117516,72,mRNA
3570,1116441,1116690,249,mRNA
3571,1114654,1115943,1289,mRNA
3572,1118566,1119031,465,mRNA
3573,1117444,1117516,72,mRNA
3574,1116441,1116690,249,mRNA
3575,1114654,1115943,1289,mRNA
3576,1118566,1119031,465,mRNA
3577,1117867,1117917,50,mRNA
3578,1117444,1117516,72,mRNA
3579,1116441,1116690,249,mRNA
3580,1114654,1115943,1289,mRNA
3581,1128129,1128345,216,CDS
3582,1117444,1117516,72,CDS
3583,1116441,1116690,249,CDS
3584,1115734,1115943,209,CDS
3585,1117444,1117499,55,CDS
3586,1116441,1116690,249,CDS
3587,1115734,1115943,209,CDS
3588,1117444,1117499,55,CDS
3589,1116441,1116690,249,CDS
3590,1115734,1115943,209,CDS
3591,1129316,1132411,3095,gene
3592,1129316,1129505,189,mRNA
3593,1129819,1131181,1362,mRNA
3594,1131264,1132411,1147,mRNA
3595,1129489,1129505,16,CDS
3596,1129819,1131181,1362,CDS
3597,1131264,1131953,689,CDS
3598,1132332,1134098,1766,gene
3599,1132332,1134098,1766,mRNA
3600,1132478,1134073,1595,CDS
3601,1134693,1141156,6463,gene
3602,1134693,1135081,388,mRNA
3603,1138621,1139067,446,mRNA
3604,1139124,1139385,261,mRNA
3605,1139483,1139763,280,mRNA
3606,1139829,1141156,1327,mRNA
3607,1134693,1135081,388,mRNA
3608,1138621,1139067,446,mRNA
3609,1139124,1139385,261,mRNA
3610,1139483,1139763,280,mRNA
3611,1139832,1140988,1156,mRNA
3612,1134859,1135081,222,CDS
3613,1138621,1139067,446,CDS
3614,1139124,1139385,261,CDS
3615,1139483,1139763,280,CDS
3616,1139829,1139956,127,CDS
3617,1134859,1135081,222,CDS
3618,1138621,1139067,446,CDS
3619,1139124,1139385,261,CDS
3620,1139483,1139763,280,CDS
3621,1139832,1139956,124,CDS
3622,1142869,1143216,347,gene
3623,1142869,1143216,347,ncRNA
3624,1143201,1147395,4194,gene
3625,1143201,1143410,209,mRNA
3626,1145444,1146472,1028,mRNA
3627,1146539,1146825,286,mRNA
3628,1146893,1147395,502,mRNA
3629,1143371,1143410,39,CDS
3630,1145444,1146472,1028,CDS
3631,1146539,1146825,286,CDS
3632,1146893,1147075,182,CDS
3633,1147822,1149449,1627,gene
3634,1147822,1149449,1627,mRNA
3635,1147865,1149376,1511,CDS
3636,1149445,1150677,1232,gene
3637,1150617,1150677,60,mRNA
3638,1150379,1150559,180,mRNA
3639,1150131,1150326,195,mRNA
3640,1149651,1150069,418,mRNA
3641,1149445,1149586,141,mRNA
3642,1150617,1150647,30,CDS
3643,1150379,1150559,180,CDS
3644,1150131,1150326,195,CDS
3645,1149651,1150069,418,CDS
3646,1149514,1149586,72,CDS
3647,1150766,1151764,998,gene
3648,1150766,1151764,998,mRNA
3649,1150863,1151411,548,CDS
3650,1151678,1158262,6584,gene
3651,1158079,1158262,183,mRNA
3652,1153386,1153731,345,mRNA
3653,1152771,1153318,547,mRNA
3654,1152177,1152700,523,mRNA
3655,1151678,1152115,437,mRNA
3656,1155746,1156311,565,mRNA
3657,1153386,1153731,345,mRNA
3658,1152771,1153318,547,mRNA
3659,1152177,1152700,523,mRNA
3660,1151678,1152115,437,mRNA
3661,1155746,1156311,565,mRNA
3662,1154552,1155053,501,mRNA
3663,1154282,1154406,124,mRNA
3664,1153386,1153731,345,mRNA
3665,1152771,1153318,547,mRNA
3666,1152177,1152700,523,mRNA
3667,1151678,1152115,437,mRNA
3668,1155746,1155968,222,CDS
3669,1154552,1155053,501,CDS
3670,1154282,1154406,124,CDS
3671,1153386,1153731,345,CDS
3672,1152771,1153318,547,CDS
3673,1152177,1152700,523,CDS
3674,1152032,1152115,83,CDS
3675,1153386,1153504,118,CDS
3676,1152771,1153318,547,CDS
3677,1152177,1152700,523,CDS
3678,1152032,1152115,83,CDS
3679,1153386,1153504,118,CDS
3680,1152771,1153318,547,CDS
3681,1152177,1152700,523,CDS
3682,1152032,1152115,83,CDS
3683,1158576,1159355,779,gene
3684,1158576,1159355,779,ncRNA
3685,1158661,1160220,1559,gene
3686,1158661,1159467,806,mRNA
3687,1159756,1160220,464,mRNA
3688,1158661,1158782,121,mRNA
3689,1158857,1159467,610,mRNA
3690,1159756,1160220,464,mRNA
3691,1158976,1159467,491,CDS
3692,1159756,1160100,344,CDS
3693,1158976,1159467,491,CDS
3694,1159756,1160100,344,CDS
3695,1160290,1163886,3596,gene
3696,1163760,1163886,126,mRNA
3697,1163000,1163149,149,mRNA
3698,1161927,1162146,219,mRNA
3699,1161290,1161869,579,mRNA
3700,1160290,1161219,929,mRNA
3701,1163417,1163886,469,mRNA
3702,1163000,1163149,149,mRNA
3703,1161927,1162146,219,mRNA
3704,1161290,1161869,579,mRNA
3705,1160290,1161219,929,mRNA
3706,1163000,1163886,886,mRNA
3707,1161927,1162146,219,mRNA
3708,1161290,1161869,579,mRNA
3709,1160290,1161219,929,mRNA
3710,1163000,1163088,88,CDS
3711,1161927,1162146,219,CDS
3712,1161290,1161869,579,CDS
3713,1160444,1161219,775,CDS
3714,1163000,1163088,88,CDS
3715,1161927,1162146,219,CDS
3716,1161290,1161869,579,CDS
3717,1160444,1161219,775,CDS
3718,1163000,1163088,88,CDS
3719,1161927,1162146,219,CDS
3720,1161290,1161869,579,CDS
3721,1160444,1161219,775,CDS
3722,1164443,1166425,1982,gene
3723,1164443,1165080,637,mRNA
3724,1165139,1166425,1286,mRNA
3725,1164540,1165080,540,CDS
3726,1165139,1166361,1222,CDS
3727,1166506,1167211,705,gene
3728,1166506,1166922,416,mRNA
3729,1166983,1167211,228,mRNA
3730,1166560,1166922,362,CDS
3731,1166983,1167162,179,CDS
3732,1167172,1170365,3193,gene
3733,1170228,1170365,137,mRNA
3734,1169628,1169958,330,mRNA
3735,1168695,1169561,866,mRNA
3736,1168012,1168638,626,mRNA
3737,1167172,1167954,782,mRNA
3738,1169628,1170079,451,mRNA
3739,1168695,1169561,866,mRNA
3740,1168012,1168638,626,mRNA
3741,1167172,1167954,782,mRNA
3742,1169628,1169942,314,mRNA
3743,1168695,1169561,866,mRNA
3744,1168012,1168638,626,mRNA
3745,1167172,1167954,782,mRNA
3746,1169628,1169785,157,CDS
3747,1168695,1169561,866,CDS
3748,1168012,1168638,626,CDS
3749,1167243,1167954,711,CDS
3750,1169628,1169785,157,CDS
3751,1168695,1169561,866,CDS
3752,1168012,1168638,626,CDS
3753,1167243,1167954,711,CDS
3754,1169628,1169785,157,CDS
3755,1168695,1169561,866,CDS
3756,1168012,1168638,626,CDS
3757,1167243,1167954,711,CDS
3758,1170181,1170789,608,gene
3759,1170181,1170363,182,mRNA
3760,1170419,1170553,134,mRNA
3761,1170611,1170789,178,mRNA
3762,1170234,1170363,129,CDS
3763,1170419,1170553,134,CDS
3764,1170611,1170765,154,CDS
3765,1170753,1172805,2052,gene
3766,1172023,1172805,782,mRNA
3767,1171714,1171913,199,mRNA
3768,1171030,1171643,613,mRNA
3769,1170753,1170956,203,mRNA
3770,1172023,1172619,596,CDS
3771,1171714,1171913,199,CDS
3772,1171030,1171643,613,CDS
3773,1170793,1170956,163,CDS
3774,1173009,1177589,4580,gene
3775,1173009,1173319,310,mRNA
3776,1173380,1173829,449,mRNA
3777,1173884,1174130,246,mRNA
3778,1174197,1174266,69,mRNA
3779,1174497,1174570,73,mRNA
3780,1174910,1174987,77,mRNA
3781,1175047,1175173,126,mRNA
3782,1175287,1175523,236,mRNA
3783,1175579,1176043,464,mRNA
3784,1176101,1176881,780,mRNA
3785,1176942,1177191,249,mRNA
3786,1177256,1177589,333,mRNA
3787,1173009,1173319,310,mRNA
3788,1173380,1173829,449,mRNA
3789,1173884,1174130,246,mRNA
3790,1174197,1174266,69,mRNA
3791,1174497,1174570,73,mRNA
3792,1174910,1174987,77,mRNA
3793,1175047,1175173,126,mRNA
3794,1175287,1175523,236,mRNA
3795,1175579,1176043,464,mRNA
3796,1176101,1176881,780,mRNA
3797,1176942,1177191,249,mRNA
3798,1177256,1177496,240,mRNA
3799,1173201,1173319,118,CDS
3800,1173380,1173829,449,CDS
3801,1173884,1174130,246,CDS
3802,1174197,1174266,69,CDS
3803,1174497,1174570,73,CDS
3804,1174910,1174987,77,CDS
3805,1175047,1175173,126,CDS
3806,1175287,1175523,236,CDS
3807,1175579,1176043,464,CDS
3808,1176101,1176881,780,CDS
3809,1176942,1177191,249,CDS
3810,1177256,1177372,116,CDS
3811,1173201,1173319,118,CDS
3812,1173380,1173829,449,CDS
3813,1173884,1174130,246,CDS
3814,1174197,1174266,69,CDS
3815,1174497,1174570,73,CDS
3816,1174910,1174987,77,CDS
3817,1175047,1175173,126,CDS
3818,1175287,1175523,236,CDS
3819,1175579,1176043,464,CDS
3820,1176101,1176881,780,CDS
3821,1176942,1177191,249,CDS
3822,1177256,1177372,116,CDS
3823,1177690,1182454,4764,gene
3824,1177690,1178044,354,mRNA
3825,1178108,1178467,359,mRNA
3826,1178841,1179069,228,mRNA
3827,1179127,1179937,810,mRNA
3828,1179997,1180449,452,mRNA
3829,1180513,1180926,413,mRNA
3830,1180995,1181793,798,mRNA
3831,1181855,1182104,249,mRNA
3832,1182170,1182454,284,mRNA
3833,1177690,1177868,178,mRNA
3834,1177948,1178044,96,mRNA
3835,1178108,1178467,359,mRNA
3836,1178847,1179069,222,mRNA
3837,1179127,1179196,69,mRNA
3838,1179452,1179525,73,mRNA
3839,1179860,1179937,77,mRNA
3840,1179997,1180123,126,mRNA
3841,1180213,1180449,236,mRNA
3842,1180513,1180926,413,mRNA
3843,1180995,1181793,798,mRNA
3844,1181855,1182104,249,mRNA
3845,1182170,1182454,284,mRNA
3846,1177690,1177861,171,mRNA
3847,1177948,1178044,96,mRNA
3848,1178108,1178467,359,mRNA
3849,1178841,1179069,228,mRNA
3850,1179127,1179937,810,mRNA
3851,1179997,1180123,126,mRNA
3852,1180213,1180449,236,mRNA
3853,1180513,1180926,413,mRNA
3854,1180995,1181793,798,mRNA
3855,1181855,1182104,249,mRNA
3856,1182170,1182454,284,mRNA
3857,1177690,1177861,171,mRNA
3858,1177948,1178044,96,mRNA
3859,1178108,1178467,359,mRNA
3860,1178841,1179069,228,mRNA
3861,1179127,1179196,69,mRNA
3862,1179452,1179525,73,mRNA
3863,1179860,1179937,77,mRNA
3864,1179997,1180123,126,mRNA
3865,1180213,1180449,236,mRNA
3866,1180513,1180926,413,mRNA
3867,1180995,1181793,798,mRNA
3868,1181855,1182104,249,mRNA
3869,1182170,1182454,284,mRNA
3870,1177690,1177861,171,mRNA
3871,1177948,1178044,96,mRNA
3872,1178108,1178467,359,mRNA
3873,1178841,1179069,228,mRNA
3874,1179127,1179196,69,mRNA
3875,1179860,1179937,77,mRNA
3876,1179997,1180123,126,mRNA
3877,1180213,1180449,236,mRNA
3878,1180513,1180926,413,mRNA
3879,1180995,1181793,798,mRNA
3880,1181855,1182104,249,mRNA
3881,1182170,1182454,284,mRNA
3882,1177950,1178044,94,CDS
3883,1178108,1178467,359,CDS
3884,1178841,1179069,228,CDS
3885,1179127,1179196,69,CDS
3886,1179452,1179525,73,CDS
3887,1179860,1179937,77,CDS
3888,1179997,1180123,126,CDS
3889,1180213,1180449,236,CDS
3890,1180513,1180926,413,CDS
3891,1180995,1181793,798,CDS
3892,1181855,1182104,249,CDS
3893,1182170,1182286,116,CDS
3894,1177950,1178044,94,CDS
3895,1178108,1178467,359,CDS
3896,1178847,1179069,222,CDS
3897,1179127,1179196,69,CDS
3898,1179452,1179525,73,CDS
3899,1179860,1179937,77,CDS
3900,1179997,1180123,126,CDS
3901,1180213,1180449,236,CDS
3902,1180513,1180926,413,CDS
3903,1180995,1181793,798,CDS
3904,1181855,1182104,249,CDS
3905,1182170,1182286,116,CDS
3906,1177950,1178044,94,CDS
3907,1178108,1178467,359,CDS
3908,1178841,1179069,228,CDS
3909,1179127,1179196,69,CDS
3910,1179860,1179903,43,CDS
3911,1177950,1178044,94,CDS
3912,1178108,1178467,359,CDS
3913,1178841,1179069,228,CDS
3914,1179127,1179231,104,CDS
3915,1177950,1178044,94,CDS
3916,1178108,1178467,359,CDS
3917,1178841,1179069,228,CDS
3918,1179127,1179231,104,CDS
3919,1182297,1184020,1723,gene
3920,1183529,1184020,491,mRNA
3921,1182297,1183471,1174,mRNA
3922,1183529,1183919,390,CDS
3923,1182495,1183471,976,CDS
3924,1184065,1185698,1633,gene
3925,1184065,1184254,189,mRNA
3926,1184323,1185698,1375,mRNA
3927,1184166,1184254,88,CDS
3928,1184323,1185517,1194,CDS
3929,1185757,1196807,11050,gene
3930,1185757,1186015,258,mRNA
3931,1191403,1191534,131,mRNA
3932,1191599,1191909,310,mRNA
3933,1191970,1192198,228,mRNA
3934,1192256,1192625,369,mRNA
3935,1196216,1196807,591,mRNA
3936,1185895,1186015,120,mRNA
3937,1191403,1191534,131,mRNA
3938,1191599,1191909,310,mRNA
3939,1191970,1192198,228,mRNA
3940,1192256,1192625,369,mRNA
3941,1196216,1196807,591,mRNA
3942,1186254,1186452,198,mRNA
3943,1191403,1191538,135,mRNA
3944,1191599,1191909,310,mRNA
3945,1191970,1192198,228,mRNA
3946,1192268,1192625,357,mRNA
3947,1196216,1196807,591,mRNA
3948,1186254,1186452,198,mRNA
3949,1191403,1191534,131,mRNA
3950,1191599,1191909,310,mRNA
3951,1191970,1192198,228,mRNA
3952,1192256,1192625,369,mRNA
3953,1196216,1196807,591,mRNA
3954,1191684,1191909,225,CDS
3955,1191970,1192198,228,CDS
3956,1192256,1192625,369,CDS
3957,1196216,1196443,227,CDS
3958,1191684,1191909,225,CDS
3959,1191970,1192198,228,CDS
3960,1192256,1192625,369,CDS
3961,1196216,1196443,227,CDS
3962,1191684,1191909,225,CDS
3963,1191970,1192198,228,CDS
3964,1192256,1192625,369,CDS
3965,1196216,1196443,227,CDS
3966,1191684,1191909,225,CDS
3967,1191970,1192198,228,CDS
3968,1192268,1192625,357,CDS
3969,1196216,1196443,227,CDS
3970,1198465,1199266,801,gene
3971,1198465,1199266,801,mRNA
3972,1198599,1199138,539,CDS
3973,1199412,1199924,512,gene
3974,1199412,1199924,512,mRNA
3975,1199412,1199709,297,mRNA
3976,1199450,1199578,128,CDS
3977,1199450,1199578,128,CDS
3978,1200205,1200663,458,gene
3979,1200205,1200663,458,mRNA
3980,1200205,1200580,375,mRNA
3981,1200240,1200452,212,CDS
3982,1200240,1200452,212,CDS
3983,1200671,1201220,549,gene
3984,1200671,1201220,549,mRNA
3985,1200778,1201220,442,mRNA
3986,1200860,1201102,242,CDS
3987,1200860,1201102,242,CDS
3988,1204215,1205250,1035,gene
3989,1204215,1204464,249,mRNA
3990,1204565,1204687,122,mRNA
3991,1204763,1204841,78,mRNA
3992,1204901,1205250,349,mRNA
3993,1204316,1204464,148,CDS
3994,1204565,1204687,122,CDS
3995,1204763,1204841,78,CDS
3996,1204901,1204975,74,CDS
3997,1214649,1215293,644,gene
3998,1214649,1215293,644,ncRNA
3999,1216854,1217785,931,gene
4000,1217485,1217785,300,ncRNA
4001,1216854,1217384,530,ncRNA
4002,1219293,1229802,10509,gene
4003,1219293,1219591,298,mRNA
4004,1219657,1220035,378,mRNA
4005,1227702,1227763,61,mRNA
4006,1227828,1228137,309,mRNA
4007,1228192,1228408,216,mRNA
4008,1228465,1228652,187,mRNA
4009,1228714,1229185,471,mRNA
4010,1229253,1229802,549,mRNA
4011,1219363,1219591,228,CDS
4012,1219657,1220035,378,CDS
4013,1227702,1227763,61,CDS
4014,1227828,1228137,309,CDS
4015,1228192,1228408,216,CDS
4016,1228465,1228652,187,CDS
4017,1228714,1229185,471,CDS
4018,1229253,1229471,218,CDS
4019,1220184,1227592,7408,mobile_element
4020,1240036,1243018,2982,gene
4021,1240036,1240970,934,mRNA
4022,1241051,1243018,1967,mRNA
4023,1240036,1240970,934,mRNA
4024,1241051,1242205,1154,mRNA
4025,1240068,1240970,902,CDS
4026,1241051,1242145,1094,CDS
4027,1240068,1240970,902,CDS
4028,1241051,1242145,1094,CDS
4029,1256417,1296596,40179,gene
4030,1256417,1256945,528,mRNA
4031,1273585,1273778,193,mRNA
4032,1280599,1280701,102,mRNA
4033,1284606,1284890,284,mRNA
4034,1285304,1285444,140,mRNA
4035,1285506,1285637,131,mRNA
4036,1285745,1287049,1304,mRNA
4037,1287161,1287259,98,mRNA
4038,1287501,1287741,240,mRNA
4039,1288133,1288293,160,mRNA
4040,1289455,1289728,273,mRNA
4041,1292648,1296596,3948,mRNA
4042,1256417,1256945,528,mRNA
4043,1273585,1273778,193,mRNA
4044,1280599,1280701,102,mRNA
4045,1284606,1284890,284,mRNA
4046,1285304,1285444,140,mRNA
4047,1285506,1285637,131,mRNA
4048,1285745,1287049,1304,mRNA
4049,1287161,1287259,98,mRNA
4050,1287501,1287741,240,mRNA
4051,1288133,1288293,160,mRNA
4052,1289455,1289728,273,mRNA
4053,1292648,1294687,2039,mRNA
4054,1256891,1256945,54,CDS
4055,1273585,1273778,193,CDS
4056,1280599,1280701,102,CDS
4057,1284606,1284890,284,CDS
4058,1285304,1285444,140,CDS
4059,1285506,1285637,131,CDS
4060,1285745,1287049,1304,CDS
4061,1287161,1287259,98,CDS
4062,1287501,1287741,240,CDS
4063,1288133,1288293,160,CDS
4064,1289455,1289728,273,CDS
4065,1292648,1293686,1038,CDS
4066,1256891,1256945,54,CDS
4067,1273585,1273778,193,CDS
4068,1280599,1280701,102,CDS
4069,1284606,1284890,284,CDS
4070,1285304,1285444,140,CDS
4071,1285506,1285637,131,CDS
4072,1285745,1287049,1304,CDS
4073,1287161,1287259,98,CDS
4074,1287501,1287741,240,CDS
4075,1288133,1288293,160,CDS
4076,1289455,1289728,273,CDS
4077,1292648,1293686,1038,CDS
4078,1301807,1302288,481,mobile_element
4079,1329161,1329993,832,gene
4080,1329161,1329324,163,mRNA
4081,1329382,1329993,611,mRNA
4082,1329178,1329324,146,CDS
4083,1329382,1329867,485,CDS
4084,1334128,1335514,1386,gene
4085,1334128,1334759,631,mRNA
4086,1334819,1335514,695,mRNA
4087,1334128,1334759,631,mRNA
4088,1334819,1334932,113,mRNA
4089,1334269,1334759,490,CDS
4090,1334819,1334837,18,CDS
4091,1334269,1334759,490,CDS
4092,1334819,1334837,18,CDS
4093,1341365,1342095,730,gene
4094,1342039,1342095,56,mRNA
4095,1341829,1341984,155,mRNA
4096,1341589,1341756,167,mRNA
4097,1341365,1341520,155,mRNA
4098,1342039,1342095,56,CDS
4099,1341829,1341984,155,CDS
4100,1341589,1341756,167,CDS
4101,1341365,1341520,155,CDS
4102,1343443,1344171,728,gene
4103,1344115,1344171,56,mRNA
4104,1343904,1344059,155,mRNA
4105,1343659,1343826,167,mRNA
4106,1343443,1343598,155,mRNA
4107,1344115,1344171,56,CDS
4108,1343904,1344059,155,CDS
4109,1343659,1343826,167,CDS
4110,1343443,1343598,155,CDS
4111,1344400,1345135,735,gene
4112,1344400,1344515,115,mRNA
4113,1344581,1345135,554,mRNA
4114,1344461,1345135,674,mRNA
4115,1344461,1344515,54,mRNA
4116,1344570,1345135,565,mRNA
4117,1344616,1344885,269,CDS
4118,1344616,1344885,269,CDS
4119,1344616,1344885,269,CDS
4120,1345501,1345840,339,gene
4121,1345501,1345840,339,ncRNA
4122,1345965,1346331,366,gene
4123,1345965,1346331,366,ncRNA
4124,1351728,1352868,1140,gene
4125,1352698,1352868,170,mRNA
4126,1351728,1352641,913,mRNA
4127,1352698,1352868,170,mRNA
4128,1351805,1352641,836,mRNA
4129,1352698,1352815,117,CDS
4130,1351860,1352641,781,CDS
4131,1352698,1352815,117,CDS
4132,1351860,1352641,781,CDS
4133,1352970,1354109,1139,gene
4134,1353888,1354109,221,mRNA
4135,1352970,1353838,868,mRNA
4136,1353888,1354005,117,CDS
4137,1353039,1353838,799,CDS
4138,1354101,1354919,818,gene
4139,1354101,1354919,818,mRNA
4140,1354181,1354891,710,CDS
4141,1354911,1355924,1013,gene
4142,1355702,1355924,222,mRNA
4143,1354911,1355629,718,mRNA
4144,1355702,1355768,66,CDS
4145,1354974,1355629,655,CDS
4146,1358925,1359790,865,gene
4147,1359761,1359790,29,mRNA
4148,1359467,1359697,230,mRNA
4149,1359332,1359417,85,mRNA
4150,1359172,1359270,98,mRNA
4151,1358925,1359110,185,mRNA
4152,1359467,1359790,323,mRNA
4153,1359332,1359417,85,mRNA
4154,1359172,1359270,98,mRNA
4155,1358925,1359110,185,mRNA
4156,1359761,1359783,22,CDS
4157,1359467,1359697,230,CDS
4158,1359332,1359417,85,CDS
4159,1359172,1359270,98,CDS
4160,1358971,1359110,139,CDS
4161,1359467,1359669,202,CDS
4162,1359332,1359417,85,CDS
4163,1359172,1359270,98,CDS
4164,1358971,1359110,139,CDS
4165,1359837,1361821,1984,gene
4166,1361641,1361821,180,mRNA
4167,1361458,1361578,120,mRNA
4168,1360796,1360926,130,mRNA
4169,1360657,1360736,79,mRNA
4170,1360492,1360590,98,mRNA
4171,1359837,1360373,536,mRNA
4172,1361641,1361735,94,mRNA
4173,1361458,1361578,120,mRNA
4174,1360796,1360926,130,mRNA
4175,1360657,1360736,79,mRNA
4176,1360492,1360590,98,mRNA
4177,1359983,1360373,390,mRNA
4178,1361641,1361735,94,mRNA
4179,1361458,1361578,120,mRNA
4180,1360796,1360926,130,mRNA
4181,1360657,1360736,79,mRNA
4182,1360492,1360590,98,mRNA
4183,1359983,1360373,390,mRNA
4184,1361641,1361657,16,CDS
4185,1361458,1361578,120,CDS
4186,1360796,1360926,130,CDS
4187,1360657,1360736,79,CDS
4188,1360492,1360590,98,CDS
4189,1360084,1360373,289,CDS
4190,1361641,1361657,16,CDS
4191,1361458,1361578,120,CDS
4192,1360796,1360926,130,CDS
4193,1360657,1360736,79,CDS
4194,1360492,1360590,98,CDS
4195,1360147,1360373,226,CDS
4196,1361641,1361657,16,CDS
4197,1361458,1361578,120,CDS
4198,1360796,1360926,130,CDS
4199,1360657,1360736,79,CDS
4200,1360492,1360590,98,CDS
4201,1360147,1360373,226,CDS
4202,1367996,1369050,1054,gene
4203,1367996,1368313,317,mRNA
4204,1368366,1368479,113,mRNA
4205,1368530,1369050,520,mRNA
4206,1368089,1368313,224,mRNA
4207,1368366,1368479,113,mRNA
4208,1368530,1369050,520,mRNA
4209,1368089,1368109,20,mRNA
4210,1368215,1368313,98,mRNA
4211,1368366,1368479,113,mRNA
4212,1368530,1369050,520,mRNA
4213,1368242,1368313,71,CDS
4214,1368366,1368479,113,CDS
4215,1368530,1368964,434,CDS
4216,1368242,1368313,71,CDS
4217,1368366,1368479,113,CDS
4218,1368530,1368964,434,CDS
4219,1368242,1368313,71,CDS
4220,1368366,1368479,113,CDS
4221,1368530,1368964,434,CDS
4222,1380083,1381326,1243,gene
4223,1380083,1381326,1243,ncRNA
4224,1380086,1420453,40367,gene
4225,1419904,1420453,549,mRNA
4226,1397062,1397252,190,mRNA
4227,1395903,1396005,102,mRNA
4228,1394474,1394758,284,mRNA
4229,1394192,1394332,140,mRNA
4230,1392690,1392821,131,mRNA
4231,1391587,1392524,937,mRNA
4232,1391389,1391508,119,mRNA
4233,1390893,1391298,405,mRNA
4234,1387431,1387526,95,mRNA
4235,1387107,1387353,246,mRNA
4236,1386848,1387011,163,mRNA
4237,1384927,1385212,285,mRNA
4238,1380086,1382632,2546,mRNA
4239,1419904,1420453,549,mRNA
4240,1397062,1397252,190,mRNA
4241,1395903,1396005,102,mRNA
4242,1394474,1394758,284,mRNA
4243,1394192,1394332,140,mRNA
4244,1392690,1392821,131,mRNA
4245,1391587,1392524,937,mRNA
4246,1391389,1391508,119,mRNA
4247,1390893,1391298,405,mRNA
4248,1387431,1387526,95,mRNA
4249,1387107,1387353,246,mRNA
4250,1386848,1387011,163,mRNA
4251,1384927,1385212,285,mRNA
4252,1380086,1382632,2546,mRNA
4253,1381211,1382796,1585,gene
4254,1381211,1382796,1585,ncRNA
4255,1419904,1420165,261,CDS
4256,1397062,1397252,190,CDS
4257,1395903,1396005,102,CDS
4258,1394474,1394758,284,CDS
4259,1394192,1394332,140,CDS
4260,1392690,1392821,131,CDS
4261,1391587,1392524,937,CDS
4262,1391389,1391508,119,CDS
4263,1390893,1391298,405,CDS
4264,1387431,1387526,95,CDS
4265,1387107,1387353,246,CDS
4266,1386848,1387011,163,CDS
4267,1384927,1385212,285,CDS
4268,1381444,1382632,1188,CDS
4269,1419904,1420165,261,CDS
4270,1397062,1397252,190,CDS
4271,1395903,1396005,102,CDS
4272,1394474,1394758,284,CDS
4273,1394192,1394332,140,CDS
4274,1392690,1392821,131,CDS
4275,1391587,1392524,937,CDS
4276,1391389,1391508,119,CDS
4277,1390893,1391298,405,CDS
4278,1387431,1387526,95,CDS
4279,1387107,1387353,246,CDS
4280,1386848,1387011,163,CDS
4281,1384927,1385212,285,CDS
4282,1381612,1382632,1020,CDS
4283,1428474,1429159,685,gene
4284,1428474,1429159,685,mRNA
4285,1428474,1428981,507,mRNA
4286,1428668,1428847,179,CDS
4287,1428668,1428847,179,CDS
4288,1432711,1432921,210,gene
4289,1432711,1432921,210,ncRNA
4290,1442627,1443832,1205,gene
4291,1442627,1443832,1205,mRNA
4292,1442726,1443316,590,mRNA
4293,1442787,1443281,494,CDS
4294,1442787,1443281,494,CDS
4295,1492295,1493859,1564,gene
4296,1492295,1493859,1564,mRNA
4297,1492295,1493645,1350,mRNA
4298,1492314,1493570,1256,CDS
4299,1492314,1493570,1256,CDS
4300,1494070,1495456,1386,gene
4301,1494070,1495456,1386,mRNA
4302,1494146,1495363,1217,CDS
4303,1495460,1497071,1611,gene
4304,1495460,1497071,1611,mRNA
4305,1495729,1497071,1342,mRNA
4306,1495747,1496979,1232,CDS
4307,1495747,1496979,1232,CDS
4308,1497243,1498583,1340,gene
4309,1497243,1498583,1340,mRNA
4310,1497254,1498435,1181,CDS
4311,1498455,1500608,2153,gene
4312,1500409,1500608,199,mRNA
4313,1500114,1500202,88,mRNA
4314,1499675,1500045,370,mRNA
4315,1498455,1499421,966,mRNA
4316,1500409,1500608,199,mRNA
4317,1500114,1500202,88,mRNA
4318,1499558,1500045,487,mRNA
4319,1498455,1499421,966,mRNA
4320,1500409,1500438,29,mRNA
4321,1500114,1500199,85,mRNA
4322,1499675,1500045,370,mRNA
4323,1498455,1499421,966,mRNA
4324,1500409,1500429,20,mRNA
4325,1500114,1500202,88,mRNA
4326,1499558,1500045,487,mRNA
4327,1498455,1499421,966,mRNA
4328,1500114,1500286,172,mRNA
4329,1499675,1500045,370,mRNA
4330,1498455,1499421,966,mRNA
4331,1500114,1500286,172,mRNA
4332,1499558,1500045,487,mRNA
4333,1498455,1499421,966,mRNA
4334,1500114,1500192,78,CDS
4335,1499675,1500045,370,CDS
4336,1498666,1499421,755,CDS
4337,1500114,1500192,78,CDS
4338,1499675,1500045,370,CDS
4339,1498666,1499421,755,CDS
4340,1500114,1500192,78,CDS
4341,1499675,1500045,370,CDS
4342,1498666,1499421,755,CDS
4343,1500114,1500192,78,CDS
4344,1499558,1500045,487,CDS
4345,1498666,1499421,755,CDS
4346,1500114,1500192,78,CDS
4347,1499558,1500045,487,CDS
4348,1498666,1499421,755,CDS
4349,1500114,1500192,78,CDS
4350,1499558,1500045,487,CDS
4351,1498666,1499421,755,CDS
4352,1500784,1502904,2120,gene
4353,1502611,1502904,293,mRNA
4354,1501933,1502184,251,mRNA
4355,1501099,1501872,773,mRNA
4356,1500784,1501036,252,mRNA
4357,1500830,1504204,3374,gene
4358,1500830,1501054,224,ncRNA
4359,1501124,1501429,305,ncRNA
4360,1503570,1504204,634,ncRNA
4361,1502611,1502904,293,mRNA
4362,1501933,1502184,251,mRNA
4363,1501097,1501872,775,mRNA
4364,1500835,1501036,201,mRNA
4365,1502611,1502628,17,CDS
4366,1501933,1502184,251,CDS
4367,1501099,1501872,773,CDS
4368,1500914,1501036,122,CDS
4369,1502611,1502628,17,CDS
4370,1501933,1502184,251,CDS
4371,1501097,1501872,775,CDS
4372,1500946,1501036,90,CDS
4373,1516795,1517478,683,gene
4374,1516795,1517478,683,mRNA
4375,1516860,1517438,578,CDS
4376,1517533,1518148,615,gene
4377,1517533,1518148,615,mRNA
4378,1517732,1518061,329,CDS
4379,1520491,1522156,1665,gene
4380,1520491,1520740,249,mRNA
4381,1520801,1521439,638,mRNA
4382,1521559,1521916,357,mRNA
4383,1521983,1522156,173,mRNA
4384,1520613,1520740,127,CDS
4385,1520801,1521439,638,CDS
4386,1521559,1521916,357,CDS
4387,1521983,1522051,68,CDS
4388,1522697,1524257,1560,gene
4389,1522697,1522830,133,mRNA
4390,1522891,1523529,638,mRNA
4391,1523670,1524027,357,mRNA
4392,1524091,1524257,166,mRNA
4393,1522703,1522830,127,CDS
4394,1522891,1523529,638,CDS
4395,1523670,1524027,357,CDS
4396,1524091,1524159,68,CDS
4397,1555129,1609389,54260,gene
4398,1555129,1555211,82,mRNA
4399,1556833,1556915,82,mRNA
4400,1600616,1600825,209,mRNA
4401,1600962,1601912,950,mRNA
4402,1602322,1602657,335,mRNA
4403,1602944,1603629,685,mRNA
4404,1604198,1604336,138,mRNA
4405,1604761,1604885,124,mRNA
4406,1605099,1605485,386,mRNA
4407,1606390,1609389,2999,mRNA
4408,1555129,1555753,624,mRNA
4409,1556324,1556915,591,mRNA
4410,1600616,1600825,209,mRNA
4411,1600962,1601912,950,mRNA
4412,1602322,1602657,335,mRNA
4413,1602944,1603629,685,mRNA
4414,1604198,1604336,138,mRNA
4415,1604761,1604885,124,mRNA
4416,1605096,1605485,389,mRNA
4417,1606390,1608404,2014,mRNA
4418,1555129,1555205,76,mRNA
4419,1556540,1556915,375,mRNA
4420,1600616,1600825,209,mRNA
4421,1600962,1601912,950,mRNA
4422,1602322,1602657,335,mRNA
4423,1602944,1603629,685,mRNA
4424,1604198,1604336,138,mRNA
4425,1604761,1604885,124,mRNA
4426,1605096,1605485,389,mRNA
4427,1606390,1608404,2014,mRNA
4428,1555129,1555205,76,mRNA
4429,1556540,1556915,375,mRNA
4430,1600616,1600825,209,mRNA
4431,1600962,1601912,950,mRNA
4432,1602322,1602657,335,mRNA
4433,1602944,1603629,685,mRNA
4434,1604198,1604336,138,mRNA
4435,1604761,1604885,124,mRNA
4436,1606390,1608404,2014,mRNA
4437,1555129,1555205,76,mRNA
4438,1556833,1556915,82,mRNA
4439,1600616,1600825,209,mRNA
4440,1600962,1601912,950,mRNA
4441,1602322,1602657,335,mRNA
4442,1602944,1603629,685,mRNA
4443,1604198,1604336,138,mRNA
4444,1604761,1604885,124,mRNA
4445,1605099,1605485,386,mRNA
4446,1606390,1608404,2014,mRNA
4447,1555129,1555205,76,mRNA
4448,1556833,1556915,82,mRNA
4449,1600616,1600825,209,mRNA
4450,1600962,1601912,950,mRNA
4451,1602322,1602657,335,mRNA
4452,1602944,1603629,685,mRNA
4453,1604198,1604336,138,mRNA
4454,1604761,1604885,124,mRNA
4455,1605099,1605485,386,mRNA
4456,1606390,1608404,2014,mRNA
4457,1555129,1555205,76,mRNA
4458,1556833,1556915,82,mRNA
4459,1600616,1600825,209,mRNA
4460,1600962,1601912,950,mRNA
4461,1602322,1602657,335,mRNA
4462,1602944,1603629,685,mRNA
4463,1604198,1604336,138,mRNA
4464,1604761,1604885,124,mRNA
4465,1605099,1605485,386,mRNA
4466,1606390,1608404,2014,mRNA
4467,1555129,1555205,76,mRNA
4468,1556833,1556915,82,mRNA
4469,1600616,1600825,209,mRNA
4470,1600962,1601912,950,mRNA
4471,1602322,1602657,335,mRNA
4472,1602944,1603629,685,mRNA
4473,1604198,1604336,138,mRNA
4474,1604761,1604885,124,mRNA
4475,1605099,1605485,386,mRNA
4476,1606390,1608404,2014,mRNA
4477,1570745,1573554,2809,mobile_element
4478,1584866,1587155,2289,gene
4479,1586852,1587155,303,mRNA
4480,1584866,1586788,1922,mRNA
4481,1586852,1587032,180,CDS
4482,1584990,1586788,1798,CDS
4483,1594822,1611157,16335,gene
4484,1609755,1611157,1402,mRNA
4485,1609486,1609658,172,mRNA
4486,1595892,1596421,529,mRNA
4487,1595598,1595827,229,mRNA
4488,1594822,1595543,721,mRNA
4489,1609755,1611071,1316,CDS
4490,1609486,1609658,172,CDS
4491,1595892,1596421,529,CDS
4492,1595598,1595827,229,CDS
4493,1595043,1595543,500,CDS
4494,1600634,1600825,191,CDS
4495,1600962,1601912,950,CDS
4496,1602322,1602657,335,CDS
4497,1602944,1603629,685,CDS
4498,1604198,1604336,138,CDS
4499,1604761,1604885,124,CDS
4500,1605099,1605485,386,CDS
4501,1606390,1607617,1227,CDS
4502,1600634,1600825,191,CDS
4503,1600962,1601912,950,CDS
4504,1602322,1602657,335,CDS
4505,1602944,1603629,685,CDS
4506,1604198,1604336,138,CDS
4507,1604761,1604885,124,CDS
4508,1605099,1605485,386,CDS
4509,1606390,1606579,189,CDS
4510,1600634,1600825,191,CDS
4511,1600962,1601912,950,CDS
4512,1602322,1602657,335,CDS
4513,1602944,1603629,685,CDS
4514,1604198,1604336,138,CDS
4515,1604761,1604885,124,CDS
4516,1605099,1605485,386,CDS
4517,1606390,1606540,150,CDS
4518,1600634,1600825,191,CDS
4519,1600962,1601912,950,CDS
4520,1602322,1602657,335,CDS
4521,1602944,1603629,685,CDS
4522,1604198,1604336,138,CDS
4523,1604761,1604885,124,CDS
4524,1605096,1605485,389,CDS
4525,1606390,1606519,129,CDS
4526,1600634,1600825,191,CDS
4527,1600962,1601912,950,CDS
4528,1602322,1602657,335,CDS
4529,1602944,1603629,685,CDS
4530,1604198,1604336,138,CDS
4531,1604761,1604885,124,CDS
4532,1605096,1605485,389,CDS
4533,1606390,1606519,129,CDS
4534,1600634,1600825,191,CDS
4535,1600962,1601912,950,CDS
4536,1602322,1602657,335,CDS
4537,1602944,1603629,685,CDS
4538,1604198,1604336,138,CDS
4539,1604761,1604885,124,CDS
4540,1605099,1605485,386,CDS
4541,1606390,1606519,129,CDS
4542,1600634,1600825,191,CDS
4543,1600962,1601912,950,CDS
4544,1602322,1602657,335,CDS
4545,1602944,1603629,685,CDS
4546,1604198,1604336,138,CDS
4547,1604761,1604885,124,CDS
4548,1605099,1605485,386,CDS
4549,1606390,1606519,129,CDS
4550,1600634,1600825,191,CDS
4551,1600962,1601912,950,CDS
4552,1602322,1602657,335,CDS
4553,1602944,1603629,685,CDS
4554,1604198,1604336,138,CDS
4555,1604761,1604885,124,CDS
4556,1606390,1606519,129,CDS
4557,1611410,1612576,1166,gene
4558,1611410,1611868,458,mRNA
4559,1612006,1612576,570,mRNA
4560,1611508,1611868,360,CDS
4561,1612006,1612400,394,CDS
4562,1612429,1614160,1731,gene
4563,1613983,1614160,177,mRNA
4564,1613044,1613423,379,mRNA
4565,1612429,1612988,559,mRNA
4566,1613983,1614160,177,mRNA
4567,1613044,1613423,379,mRNA
4568,1612547,1612988,441,mRNA
4569,1613983,1614160,177,mRNA
4570,1613044,1613423,379,mRNA
4571,1612696,1612988,292,mRNA
4572,1613983,1614076,93,CDS
4573,1613044,1613423,379,CDS
4574,1612770,1612988,218,CDS
4575,1613983,1614076,93,CDS
4576,1613044,1613423,379,CDS
4577,1612770,1612988,218,CDS
4578,1613983,1614076,93,CDS
4579,1613044,1613423,379,CDS
4580,1612770,1612988,218,CDS
4581,1618309,1618557,248,mobile_element
4582,1618637,1626021,7384,gene
4583,1620040,1626021,5981,ncRNA
4584,1618637,1619970,1333,ncRNA
4585,1620040,1623478,3438,ncRNA
4586,1619412,1619970,558,ncRNA
4587,1646932,1647163,231,gene
4588,1646932,1647163,231,ncRNA
4589,1651258,1704682,53424,gene
4590,1651258,1651712,454,mRNA
4591,1652775,1653835,1060,mRNA
4592,1690117,1690755,638,mRNA
4593,1694224,1694441,217,mRNA
4594,1694547,1695376,829,mRNA
4595,1695439,1695586,147,mRNA
4596,1695649,1704682,9033,mRNA
4597,1651258,1651712,454,mRNA
4598,1652775,1653835,1060,mRNA
4599,1690117,1690755,638,mRNA
4600,1694224,1694441,217,mRNA
4601,1694547,1695376,829,mRNA
4602,1695439,1695586,147,mRNA
4603,1695649,1698617,2968,mRNA
4604,1651258,1651429,171,mRNA
4605,1652775,1653835,1060,mRNA
4606,1678869,1678920,51,mRNA
4607,1690117,1690755,638,mRNA
4608,1694224,1694441,217,mRNA
4609,1694547,1695376,829,mRNA
4610,1695439,1695586,147,mRNA
4611,1695649,1698617,2968,mRNA
4612,1651258,1651411,153,mRNA
4613,1652775,1653835,1060,mRNA
4614,1690117,1690755,638,mRNA
4615,1694224,1694441,217,mRNA
4616,1694547,1695376,829,mRNA
4617,1695439,1695586,147,mRNA
4618,1695649,1698617,2968,mRNA
4619,1667847,1667981,134,mRNA
4620,1670144,1670189,45,mRNA
4621,1678869,1678920,51,mRNA
4622,1690117,1690755,638,mRNA
4623,1694224,1694441,217,mRNA
4624,1694547,1695376,829,mRNA
4625,1695439,1695586,147,mRNA
4626,1695649,1698617,2968,mRNA
4627,1667847,1667981,134,mRNA
4628,1690117,1690755,638,mRNA
4629,1694224,1694441,217,mRNA
4630,1694547,1695376,829,mRNA
4631,1695439,1695586,147,mRNA
4632,1695649,1697837,2188,mRNA
4633,1679032,1686439,7407,mobile_element
4634,1690638,1690755,117,CDS
4635,1694224,1694441,217,CDS
4636,1694547,1695376,829,CDS
4637,1695439,1695586,147,CDS
4638,1695649,1696857,1208,CDS
4639,1690638,1690755,117,CDS
4640,1694224,1694441,217,CDS
4641,1694547,1695376,829,CDS
4642,1695439,1695586,147,CDS
4643,1695649,1696857,1208,CDS
4644,1690638,1690755,117,CDS
4645,1694224,1694441,217,CDS
4646,1694547,1695376,829,CDS
4647,1695439,1695586,147,CDS
4648,1695649,1696149,500,CDS
4649,1690638,1690755,117,CDS
4650,1694224,1694441,217,CDS
4651,1694547,1695376,829,CDS
4652,1695439,1695586,147,CDS
4653,1695649,1696149,500,CDS
4654,1690638,1690755,117,CDS
4655,1694224,1694441,217,CDS
4656,1694547,1695376,829,CDS
4657,1695439,1695586,147,CDS
4658,1695649,1696149,500,CDS
4659,1690638,1690755,117,CDS
4660,1694224,1694441,217,CDS
4661,1694547,1695376,829,CDS
4662,1695439,1695586,147,CDS
4663,1695649,1696149,500,CDS
4664,1704902,1706962,2060,gene
4665,1704902,1705114,212,mRNA
4666,1705400,1706777,1377,mRNA
4667,1705112,1705114,2,CDS
4668,1705400,1706227,827,CDS
4669,1705131,1705280,149,mRNA
4670,1705400,1706962,1562,mRNA
4671,1705278,1705280,2,CDS
4672,1705400,1706227,827,CDS
4673,1707132,1710421,3289,gene
4674,1710208,1710421,213,mRNA
4675,1710043,1710103,60,mRNA
4676,1709878,1709963,85,mRNA
4677,1709617,1709811,194,mRNA
4678,1709174,1709332,158,mRNA
4679,1708821,1709104,283,mRNA
4680,1708462,1708677,215,mRNA
4681,1708282,1708402,120,mRNA
4682,1708061,1708214,153,mRNA
4683,1707132,1707998,866,mRNA
4684,1710208,1710315,107,CDS
4685,1710043,1710103,60,CDS
4686,1709878,1709963,85,CDS
4687,1709617,1709811,194,CDS
4688,1709174,1709332,158,CDS
4689,1708821,1709104,283,CDS
4690,1708462,1708677,215,CDS
4691,1708282,1708402,120,CDS
4692,1708061,1708214,153,CDS
4693,1707772,1707998,226,CDS
4694,1708452,1709244,792,gene
4695,1708452,1708739,287,ncRNA
4696,1708810,1709244,434,ncRNA
4697,1710462,1711465,1003,gene
4698,1710462,1710537,75,mRNA
4699,1710599,1710697,98,mRNA
4700,1710851,1711465,614,mRNA
4701,1710462,1710537,75,mRNA
4702,1710599,1710697,98,mRNA
4703,1710851,1711365,514,mRNA
4704,1710526,1710537,11,CDS
4705,1710599,1710697,98,CDS
4706,1710851,1711285,434,CDS
4707,1710526,1710537,11,CDS
4708,1710599,1710697,98,CDS
4709,1710851,1711285,434,CDS
4710,1711302,1715851,4549,gene
4711,1715139,1715851,712,mRNA
4712,1714173,1714473,300,mRNA
4713,1713167,1714117,950,mRNA
4714,1712612,1713108,496,mRNA
4715,1712145,1712542,397,mRNA
4716,1711928,1712087,159,mRNA
4717,1711302,1711867,565,mRNA
4718,1715139,1715851,712,mRNA
4719,1714173,1714473,300,mRNA
4720,1713167,1714117,950,mRNA
4721,1712597,1713108,511,mRNA
4722,1712145,1712542,397,mRNA
4723,1711928,1712087,159,mRNA
4724,1711302,1711867,565,mRNA
4725,1711411,1711678,267,mobile_element
4726,1715139,1715851,712,mRNA
4727,1714173,1714473,300,mRNA
4728,1713167,1714117,950,mRNA
4729,1712597,1713108,511,mRNA
4730,1712145,1712542,397,mRNA
4731,1711928,1712087,159,mRNA
4732,1711600,1711867,267,mRNA
4733,1715139,1715556,417,CDS
4734,1714173,1714473,300,CDS
4735,1713167,1714117,950,CDS
4736,1712612,1713108,496,CDS
4737,1712145,1712542,397,CDS
4738,1711928,1712087,159,CDS
4739,1711752,1711867,115,CDS
4740,1715139,1715556,417,CDS
4741,1714173,1714473,300,CDS
4742,1713167,1714117,950,CDS
4743,1712597,1713108,511,CDS
4744,1712145,1712542,397,CDS
4745,1711928,1712087,159,CDS
4746,1711752,1711867,115,CDS
4747,1715139,1715556,417,CDS
4748,1714173,1714473,300,CDS
4749,1713167,1714117,950,CDS
4750,1712597,1713108,511,CDS
4751,1712145,1712542,397,CDS
4752,1711928,1712087,159,CDS
4753,1711752,1711867,115,CDS
4754,1716244,1724388,8144,gene
4755,1723882,1724388,506,mRNA
4756,1718740,1718903,163,mRNA
4757,1718421,1718491,70,mRNA
4758,1718227,1718358,131,mRNA
4759,1717878,1718151,273,mRNA
4760,1717598,1717815,217,mRNA
4761,1716244,1717229,985,mRNA
4762,1723882,1724388,506,mRNA
4763,1718696,1718903,207,mRNA
4764,1718421,1718491,70,mRNA
4765,1718227,1718358,131,mRNA
4766,1717878,1718151,273,mRNA
4767,1717598,1717815,217,mRNA
4768,1716244,1717229,985,mRNA
4769,1723882,1724388,506,mRNA
4770,1718675,1718903,228,mRNA
4771,1718421,1718491,70,mRNA
4772,1718227,1718358,131,mRNA
4773,1717878,1718151,273,mRNA
4774,1717598,1717815,217,mRNA
4775,1716899,1717229,330,mRNA
4776,1723882,1723928,46,CDS
4777,1718696,1718903,207,CDS
4778,1718421,1718491,70,CDS
4779,1718227,1718358,131,CDS
4780,1717878,1718151,273,CDS
4781,1717598,1717815,217,CDS
4782,1717103,1717229,126,CDS
4783,1723882,1723928,46,CDS
4784,1718675,1718903,228,CDS
4785,1718421,1718491,70,CDS
4786,1718227,1718358,131,CDS
4787,1717878,1718151,273,CDS
4788,1717598,1717815,217,CDS
4789,1717103,1717229,126,CDS
4790,1718421,1718488,67,CDS
4791,1718227,1718358,131,CDS
4792,1717878,1718151,273,CDS
4793,1717598,1717815,217,CDS
4794,1717103,1717229,126,CDS
4795,1724768,1729636,4868,gene
4796,1729275,1729636,361,mRNA
4797,1728054,1728232,178,mRNA
4798,1727646,1727880,234,mRNA
4799,1724768,1726655,1887,mRNA
4800,1729550,1729636,86,mRNA
4801,1728054,1728232,178,mRNA
4802,1727646,1727880,234,mRNA
4803,1724974,1726655,1681,mRNA
4804,1728362,1728463,101,mRNA
4805,1728054,1728232,178,mRNA
4806,1727646,1727880,234,mRNA
4807,1724974,1726655,1681,mRNA
4808,1728303,1728463,160,mRNA
4809,1728054,1728232,178,mRNA
4810,1727646,1727880,234,mRNA
4811,1724974,1726655,1681,mRNA
4812,1727646,1727717,71,mRNA
4813,1724974,1726655,1681,mRNA
4814,1726753,1727717,964,mRNA
4815,1725060,1726655,1595,mRNA
4816,1727646,1727833,187,CDS
4817,1725341,1726655,1314,CDS
4818,1727646,1727833,187,CDS
4819,1725341,1726655,1314,CDS
4820,1727646,1727833,187,CDS
4821,1725341,1726655,1314,CDS
4822,1727646,1727833,187,CDS
4823,1725341,1726655,1314,CDS
4824,1725341,1726642,1301,CDS
4825,1725341,1726642,1301,CDS
4826,1728732,1729762,1030,gene
4827,1728732,1729762,1030,mRNA
4828,1728732,1729575,843,mRNA
4829,1728829,1729527,698,CDS
4830,1728829,1729527,698,CDS
4831,1729887,1731070,1183,gene
4832,1729887,1731070,1183,mRNA
4833,1729984,1730949,965,CDS
4834,1731033,1732356,1323,gene
4835,1732144,1732356,212,mRNA
4836,1731880,1732080,200,mRNA
4837,1731033,1731816,783,mRNA
4838,1732144,1732356,212,mRNA
4839,1731880,1732080,200,mRNA
4840,1731358,1731816,458,mRNA
4841,1732144,1732263,119,CDS
4842,1731880,1732080,200,CDS
4843,1731403,1731816,413,CDS
4844,1732144,1732263,119,CDS
4845,1731880,1732080,200,CDS
4846,1731403,1731816,413,CDS
4847,1732524,1750612,18088,gene
4848,1732524,1732654,130,mRNA
4849,1741660,1742076,416,mRNA
4850,1742143,1742260,117,mRNA
4851,1743345,1743540,195,mRNA
4852,1743634,1743779,145,mRNA
4853,1744923,1745161,238,mRNA
4854,1745221,1745361,140,mRNA
4855,1745719,1746029,310,mRNA
4856,1747692,1747860,168,mRNA
4857,1748774,1748874,100,mRNA
4858,1749518,1749676,158,mRNA
4859,1749742,1750612,870,mRNA
4860,1737467,1738019,552,mRNA
4861,1741660,1742076,416,mRNA
4862,1742143,1742260,117,mRNA
4863,1743345,1743540,195,mRNA
4864,1743634,1743779,145,mRNA
4865,1744923,1745161,238,mRNA
4866,1745221,1745361,140,mRNA
4867,1745719,1746029,310,mRNA
4868,1747692,1747860,168,mRNA
4869,1748774,1748874,100,mRNA
4870,1749518,1749676,158,mRNA
4871,1749742,1750612,870,mRNA
4872,1741701,1742076,375,CDS
4873,1742143,1742260,117,CDS
4874,1743345,1743540,195,CDS
4875,1743634,1743779,145,CDS
4876,1744923,1745161,238,CDS
4877,1745221,1745361,140,CDS
4878,1745719,1746029,310,CDS
4879,1747692,1747860,168,CDS
4880,1748774,1748874,100,CDS
4881,1749518,1749676,158,CDS
4882,1749742,1750086,344,CDS
4883,1741701,1742076,375,CDS
4884,1742143,1742260,117,CDS
4885,1743345,1743540,195,CDS
4886,1743634,1743779,145,CDS
4887,1744923,1745161,238,CDS
4888,1745221,1745361,140,CDS
4889,1745719,1746029,310,CDS
4890,1747692,1747860,168,CDS
4891,1748774,1748874,100,CDS
4892,1749518,1749676,158,CDS
4893,1749742,1750086,344,CDS
4894,1750687,1752122,1435,gene
4895,1750687,1752122,1435,mRNA
4896,1750871,1752025,1154,CDS
4897,1752308,1752848,540,gene
4898,1752308,1752848,540,mRNA
4899,1752383,1752769,386,CDS
4900,1755253,1756451,1198,gene
4901,1755468,1756451,983,mRNA
4902,1755253,1755405,152,mRNA
4903,1755468,1756451,983,CDS
4904,1755253,1755405,152,CDS
4905,1758286,1759093,807,gene
4906,1758933,1759093,160,mRNA
4907,1758286,1758658,372,mRNA
4908,1758933,1759052,119,CDS
4909,1758401,1758658,257,CDS
4910,1784062,1785286,1224,gene
4911,1784062,1785078,1016,mRNA
4912,1785134,1785286,152,mRNA
4913,1784062,1785078,1016,CDS
4914,1785134,1785286,152,CDS
4915,1789141,1790361,1220,gene
4916,1789352,1790361,1009,mRNA
4917,1789141,1789293,152,mRNA
4918,1789352,1790361,1009,CDS
4919,1789141,1789293,152,CDS
4920,1790617,1791823,1206,gene
4921,1790825,1791823,998,mRNA
4922,1790617,1790769,152,mRNA
4923,1790825,1791823,998,CDS
4924,1790617,1790769,152,CDS
4925,1792057,1793268,1211,gene
4926,1792261,1793268,1007,mRNA
4927,1792057,1792209,152,mRNA
4928,1792261,1793268,1007,CDS
4929,1792057,1792209,152,CDS
4930,1793668,1794917,1249,gene
4931,1793897,1794917,1020,mRNA
4932,1793668,1793831,163,mRNA
4933,1793897,1794917,1020,CDS
4934,1793668,1793831,163,CDS
4935,1801273,1806792,5519,mobile_element
4936,1821256,1823331,2075,gene
4937,1821256,1823331,2075,mRNA
4938,1821270,1823291,2021,CDS
4939,1824172,1826500,2328,gene
4940,1826329,1826500,171,mRNA
4941,1825987,1826274,287,mRNA
4942,1825186,1825904,718,mRNA
4943,1824762,1825133,371,mRNA
4944,1824172,1824695,523,mRNA
4945,1826329,1826500,171,mRNA
4946,1825987,1826274,287,mRNA
4947,1825186,1825901,715,mRNA
4948,1824762,1825133,371,mRNA
4949,1824273,1824695,422,mRNA
4950,1826329,1826478,149,CDS
4951,1825987,1826274,287,CDS
4952,1825186,1825901,715,CDS
4953,1824762,1825133,371,CDS
4954,1824404,1824695,291,CDS
4955,1826329,1826478,149,CDS
4956,1825987,1826274,287,CDS
4957,1825186,1825904,718,CDS
4958,1824762,1825133,371,CDS
4959,1824404,1824695,291,CDS
4960,1831627,1832565,938,gene
4961,1832424,1832565,141,mRNA
4962,1831627,1832366,739,mRNA
4963,1831685,1831799,114,gene
4964,1831685,1831799,114,precursor_RNA
4965,1831710,1831731,21,ncRNA
4966,1831749,1831770,21,ncRNA
4967,1832424,1832454,30,CDS
4968,1831792,1832366,574,CDS
4969,1836538,1858550,22012,gene
4970,1836538,1836652,114,mRNA
4971,1837173,1837406,233,mRNA
4972,1842899,1844720,1821,mRNA
4973,1848065,1848213,148,mRNA
4974,1851107,1851273,166,mRNA
4975,1851692,1851964,272,mRNA
4976,1852054,1852150,96,mRNA
4977,1852658,1852785,127,mRNA
4978,1853454,1853596,142,mRNA
4979,1854186,1854308,122,mRNA
4980,1855373,1855475,102,mRNA
4981,1855616,1855797,181,mRNA
4982,1856430,1858550,2120,mRNA
4983,1836538,1836652,114,mRNA
4984,1837173,1837406,233,mRNA
4985,1842899,1844720,1821,mRNA
4986,1848065,1848213,148,mRNA
4987,1851110,1851273,163,mRNA
4988,1851692,1851964,272,mRNA
4989,1852054,1852150,96,mRNA
4990,1852658,1852785,127,mRNA
4991,1853454,1853596,142,mRNA
4992,1854186,1854308,122,mRNA
4993,1855364,1855475,111,mRNA
4994,1855616,1855797,181,mRNA
4995,1856430,1858550,2120,mRNA
4996,1836538,1836652,114,mRNA
4997,1842899,1844720,1821,mRNA
4998,1848065,1848213,148,mRNA
4999,1851110,1851273,163,mRNA
5000,1851692,1851964,272,mRNA
5001,1852054,1852150,96,mRNA
5002,1852658,1852785,127,mRNA
5003,1853454,1853596,142,mRNA
5004,1854186,1854308,122,mRNA
5005,1855373,1855475,102,mRNA
5006,1855616,1855797,181,mRNA
5007,1856430,1858550,2120,mRNA
5008,1839494,1839896,402,gene
5009,1839494,1839896,402,ncRNA
5010,1840070,1840808,738,gene
5011,1840586,1840808,222,ncRNA
5012,1840070,1840530,460,ncRNA
5013,1842999,1844720,1721,CDS
5014,1848065,1848213,148,CDS
5015,1851107,1851273,166,CDS
5016,1851692,1851964,272,CDS
5017,1852054,1852150,96,CDS
5018,1852658,1852785,127,CDS
5019,1853454,1853596,142,CDS
5020,1854186,1854308,122,CDS
5021,1855373,1855475,102,CDS
5022,1855616,1855797,181,CDS
5023,1856430,1856810,380,CDS
5024,1842999,1844720,1721,CDS
5025,1848065,1848213,148,CDS
5026,1851110,1851273,163,CDS
5027,1851692,1851964,272,CDS
5028,1852054,1852150,96,CDS
5029,1852658,1852785,127,CDS
5030,1853454,1853596,142,CDS
5031,1854186,1854308,122,CDS
5032,1855364,1855475,111,CDS
5033,1855616,1855797,181,CDS
5034,1856430,1856810,380,CDS
5035,1842999,1844720,1721,CDS
5036,1848065,1848213,148,CDS
5037,1851110,1851273,163,CDS
5038,1851692,1851964,272,CDS
5039,1852054,1852150,96,CDS
5040,1852658,1852785,127,CDS
5041,1853454,1853596,142,CDS
5042,1854186,1854308,122,CDS
5043,1855373,1855475,102,CDS
5044,1855616,1855797,181,CDS
5045,1856430,1856810,380,CDS
5046,1858609,1881480,22871,gene
5047,1881312,1881480,168,mRNA
5048,1879967,1880671,704,mRNA
5049,1876469,1876591,122,mRNA
5050,1875012,1875175,163,mRNA
5051,1869074,1869527,453,mRNA
5052,1866966,1867365,399,mRNA
5053,1866467,1866897,430,mRNA
5054,1866221,1866365,144,mRNA
5055,1865987,1866138,151,mRNA
5056,1865459,1865775,316,mRNA
5057,1864932,1865216,284,mRNA
5058,1862720,1862827,107,mRNA
5059,1858609,1859001,392,mRNA
5060,1879967,1880672,705,mRNA
5061,1876469,1876591,122,mRNA
5062,1875012,1875175,163,mRNA
5063,1869074,1869527,453,mRNA
5064,1866966,1867365,399,mRNA
5065,1866467,1866897,430,mRNA
5066,1866221,1866365,144,mRNA
5067,1865987,1866138,151,mRNA
5068,1865459,1865775,316,mRNA
5069,1864932,1865216,284,mRNA
5070,1858609,1859001,392,mRNA
5071,1879967,1880672,705,mRNA
5072,1876469,1876591,122,mRNA
5073,1875012,1875175,163,mRNA
5074,1869074,1869527,453,mRNA
5075,1866966,1867365,399,mRNA
5076,1866467,1866897,430,mRNA
5077,1866221,1866365,144,mRNA
5078,1865987,1866138,151,mRNA
5079,1865459,1865775,316,mRNA
5080,1864932,1865216,284,mRNA
5081,1862720,1862827,107,mRNA
5082,1858609,1859001,392,mRNA
5083,1879967,1880114,147,CDS
5084,1876469,1876591,122,CDS
5085,1875012,1875175,163,CDS
5086,1869074,1869527,453,CDS
5087,1866966,1867365,399,CDS
5088,1866467,1866897,430,CDS
5089,1866221,1866365,144,CDS
5090,1865987,1866138,151,CDS
5091,1865459,1865775,316,CDS
5092,1864932,1865216,284,CDS
5093,1858828,1859001,173,CDS
5094,1879967,1880114,147,CDS
5095,1876469,1876591,122,CDS
5096,1875012,1875175,163,CDS
5097,1869074,1869527,453,CDS
5098,1866966,1867365,399,CDS
5099,1866467,1866897,430,CDS
5100,1866221,1866365,144,CDS
5101,1865987,1866138,151,CDS
5102,1865459,1865775,316,CDS
5103,1864932,1865216,284,CDS
5104,1862720,1862827,107,CDS
5105,1858828,1859001,173,CDS
5106,1879967,1880114,147,CDS
5107,1876469,1876591,122,CDS
5108,1875012,1875175,163,CDS
5109,1869074,1869527,453,CDS
5110,1866966,1867365,399,CDS
5111,1866467,1866897,430,CDS
5112,1866221,1866365,144,CDS
5113,1865987,1866138,151,CDS
5114,1865459,1865775,316,CDS
5115,1864932,1865216,284,CDS
5116,1862720,1862827,107,CDS
5117,1858828,1859001,173,CDS
5118,1869803,1871032,1229,gene
5119,1869803,1871032,1229,mRNA
5120,1869803,1870956,1153,mRNA
5121,1869912,1870829,917,CDS
5122,1869912,1870829,917,CDS
5123,1872693,1873511,818,gene
5124,1872693,1873511,818,ncRNA
5125,1882008,1883214,1206,gene
5126,1882008,1883214,1206,mRNA
5127,1882257,1883214,957,mRNA
5128,1882415,1883173,758,CDS
5129,1882415,1883173,758,CDS
5130,1884622,1944289,59667,gene
5131,1884622,1885318,696,mRNA
5132,1909669,1909992,323,mRNA
5133,1910067,1910149,82,mRNA
5134,1932056,1932147,91,mRNA
5135,1933806,1934049,243,mRNA
5136,1934119,1934328,209,mRNA
5137,1934479,1934898,419,mRNA
5138,1934961,1935683,722,mRNA
5139,1935739,1936991,1252,mRNA
5140,1937054,1937373,319,mRNA
5141,1937441,1937583,142,mRNA
5142,1938508,1938619,111,mRNA
5143,1941582,1941677,95,mRNA
5144,1941755,1941903,148,mRNA
5145,1941971,1942046,75,mRNA
5146,1942108,1942182,74,mRNA
5147,1942251,1942451,200,mRNA
5148,1942510,1942663,153,mRNA
5149,1942785,1943818,1033,mRNA
5150,1884622,1885318,696,mRNA
5151,1909669,1909992,323,mRNA
5152,1910067,1910149,82,mRNA
5153,1932056,1932147,91,mRNA
5154,1933806,1934049,243,mRNA
5155,1934119,1934328,209,mRNA
5156,1934479,1934898,419,mRNA
5157,1934961,1935683,722,mRNA
5158,1935739,1936991,1252,mRNA
5159,1937054,1937373,319,mRNA
5160,1937441,1937583,142,mRNA
5161,1938508,1938619,111,mRNA
5162,1941582,1941677,95,mRNA
5163,1941755,1941903,148,mRNA
5164,1941971,1942046,75,mRNA
5165,1942108,1942182,74,mRNA
5166,1942251,1942451,200,mRNA
5167,1942510,1942663,153,mRNA
5168,1942785,1943461,676,mRNA
5169,1884622,1885318,696,mRNA
5170,1909669,1909992,323,mRNA
5171,1910067,1910149,82,mRNA
5172,1932056,1932147,91,mRNA
5173,1933806,1934049,243,mRNA
5174,1934119,1934328,209,mRNA
5175,1934479,1934898,419,mRNA
5176,1934961,1935683,722,mRNA
5177,1935739,1936991,1252,mRNA
5178,1937054,1937373,319,mRNA
5179,1937441,1937583,142,mRNA
5180,1938508,1938619,111,mRNA
5181,1941755,1941903,148,mRNA
5182,1941971,1942046,75,mRNA
5183,1942108,1942182,74,mRNA
5184,1942251,1942451,200,mRNA
5185,1942510,1942663,153,mRNA
5186,1942785,1943461,676,mRNA
5187,1910072,1910149,77,CDS
5188,1932056,1932147,91,CDS
5189,1933806,1934049,243,CDS
5190,1934119,1934328,209,CDS
5191,1934479,1934898,419,CDS
5192,1934961,1935683,722,CDS
5193,1935739,1936991,1252,CDS
5194,1937054,1937373,319,CDS
5195,1937441,1937583,142,CDS
5196,1938508,1938619,111,CDS
5197,1941582,1941677,95,CDS
5198,1941755,1941903,148,CDS
5199,1941971,1942046,75,CDS
5200,1942108,1942182,74,CDS
5201,1942251,1942451,200,CDS
5202,1942510,1942663,153,CDS
5203,1942785,1942965,180,CDS
5204,1910072,1910149,77,CDS
5205,1932056,1932147,91,CDS
5206,1933806,1934049,243,CDS
5207,1934119,1934328,209,CDS
5208,1934479,1934898,419,CDS
5209,1934961,1935683,722,CDS
5210,1935739,1936991,1252,CDS
5211,1937054,1937373,319,CDS
5212,1937441,1937583,142,CDS
5213,1938508,1938619,111,CDS
5214,1941582,1941677,95,CDS
5215,1941755,1941903,148,CDS
5216,1941971,1942046,75,CDS
5217,1942108,1942182,74,CDS
5218,1942251,1942451,200,CDS
5219,1942510,1942663,153,CDS
5220,1942785,1942965,180,CDS
5221,1910072,1910149,77,CDS
5222,1932056,1932147,91,CDS
5223,1933806,1934049,243,CDS
5224,1934119,1934328,209,CDS
5225,1934479,1934898,419,CDS
5226,1934961,1935683,722,CDS
5227,1935739,1936991,1252,CDS
5228,1937054,1937373,319,CDS
5229,1937441,1937583,142,CDS
5230,1938508,1938619,111,CDS
5231,1941755,1941903,148,CDS
5232,1941971,1942046,75,CDS
5233,1942108,1942182,74,CDS
5234,1942251,1942451,200,CDS
5235,1942510,1942663,153,CDS
5236,1942785,1942965,180,CDS
5237,1911742,1912234,492,mRNA
5238,1913209,1913663,454,mRNA
5239,1932056,1932147,91,mRNA
5240,1933806,1934049,243,mRNA
5241,1934119,1934328,209,mRNA
5242,1934479,1934898,419,mRNA
5243,1934961,1935683,722,mRNA
5244,1935739,1936991,1252,mRNA
5245,1937054,1937373,319,mRNA
5246,1937441,1937583,142,mRNA
5247,1938508,1938619,111,mRNA
5248,1941582,1941677,95,mRNA
5249,1941755,1941903,148,mRNA
5250,1941971,1942046,75,mRNA
5251,1942108,1942182,74,mRNA
5252,1942251,1942451,200,mRNA
5253,1942510,1942663,153,mRNA
5254,1942785,1944289,1504,mRNA
5255,1911742,1911869,127,mRNA
5256,1913209,1913663,454,mRNA
5257,1932056,1932147,91,mRNA
5258,1933806,1934049,243,mRNA
5259,1934119,1934328,209,mRNA
5260,1934479,1934898,419,mRNA
5261,1934961,1935683,722,mRNA
5262,1935739,1936991,1252,mRNA
5263,1937054,1937373,319,mRNA
5264,1937441,1937583,142,mRNA
5265,1937866,1937910,44,mRNA
5266,1938508,1938619,111,mRNA
5267,1938865,1941393,2528,mRNA
5268,1941582,1941677,95,mRNA
5269,1941755,1941903,148,mRNA
5270,1941971,1942046,75,mRNA
5271,1942108,1942182,74,mRNA
5272,1942251,1942451,200,mRNA
5273,1942510,1942663,153,mRNA
5274,1942785,1943818,1033,mRNA
5275,1911742,1911869,127,mRNA
5276,1913209,1913663,454,mRNA
5277,1932056,1932147,91,mRNA
5278,1933806,1934049,243,mRNA
5279,1934119,1934328,209,mRNA
5280,1934479,1934898,419,mRNA
5281,1934961,1935683,722,mRNA
5282,1935739,1936991,1252,mRNA
5283,1937054,1937373,319,mRNA
5284,1937441,1937583,142,mRNA
5285,1937866,1937910,44,mRNA
5286,1938508,1938619,111,mRNA
5287,1941582,1941677,95,mRNA
5288,1941755,1941903,148,mRNA
5289,1941971,1942046,75,mRNA
5290,1942108,1942182,74,mRNA
5291,1942251,1942451,200,mRNA
5292,1942510,1942663,153,mRNA
5293,1942785,1943818,1033,mRNA
5294,1913493,1913663,170,CDS
5295,1932056,1932147,91,CDS
5296,1933806,1934049,243,CDS
5297,1934119,1934328,209,CDS
5298,1934479,1934898,419,CDS
5299,1934961,1935683,722,CDS
5300,1935739,1936991,1252,CDS
5301,1937054,1937373,319,CDS
5302,1937441,1937583,142,CDS
5303,1937866,1937910,44,CDS
5304,1938508,1938619,111,CDS
5305,1938865,1941393,2528,CDS
5306,1941582,1941677,95,CDS
5307,1941755,1941903,148,CDS
5308,1941971,1942046,75,CDS
5309,1942108,1942182,74,CDS
5310,1942251,1942451,200,CDS
5311,1942510,1942663,153,CDS
5312,1942785,1942965,180,CDS
5313,1913493,1913663,170,CDS
5314,1932056,1932147,91,CDS
5315,1933806,1934049,243,CDS
5316,1934119,1934328,209,CDS
5317,1934479,1934898,419,CDS
5318,1934961,1935683,722,CDS
5319,1935739,1936991,1252,CDS
5320,1937054,1937373,319,CDS
5321,1937441,1937583,142,CDS
5322,1937866,1937910,44,CDS
5323,1938508,1938619,111,CDS
5324,1941582,1941677,95,CDS
5325,1941755,1941903,148,CDS
5326,1941971,1942046,75,CDS
5327,1942108,1942182,74,CDS
5328,1942251,1942451,200,CDS
5329,1942510,1942663,153,CDS
5330,1942785,1942965,180,CDS
5331,1913493,1913663,170,CDS
5332,1932056,1932147,91,CDS
5333,1933806,1934049,243,CDS
5334,1934119,1934328,209,CDS
5335,1934479,1934898,419,CDS
5336,1934961,1935683,722,CDS
5337,1935739,1936991,1252,CDS
5338,1937054,1937373,319,CDS
5339,1937441,1937583,142,CDS
5340,1938508,1938619,111,CDS
5341,1941582,1941677,95,CDS
5342,1941755,1941903,148,CDS
5343,1941971,1942046,75,CDS
5344,1942108,1942182,74,CDS
5345,1942251,1942451,200,CDS
5346,1942510,1942663,153,CDS
5347,1942785,1942965,180,CDS
5348,1927753,1928575,822,mRNA
5349,1932056,1932147,91,mRNA
5350,1933806,1934049,243,mRNA
5351,1934119,1934328,209,mRNA
5352,1934479,1934898,419,mRNA
5353,1934961,1935683,722,mRNA
5354,1935739,1936991,1252,mRNA
5355,1937054,1937373,319,mRNA
5356,1937441,1937583,142,mRNA
5357,1938508,1938619,111,mRNA
5358,1938865,1941393,2528,mRNA
5359,1941582,1941677,95,mRNA
5360,1941755,1941903,148,mRNA
5361,1941971,1942046,75,mRNA
5362,1942108,1942182,74,mRNA
5363,1942251,1942451,200,mRNA
5364,1942510,1942663,153,mRNA
5365,1942785,1943947,1162,mRNA
5366,1927753,1928575,822,mRNA
5367,1932056,1932147,91,mRNA
5368,1933806,1934049,243,mRNA
5369,1934119,1934328,209,mRNA
5370,1934479,1934898,419,mRNA
5371,1934961,1935683,722,mRNA
5372,1935739,1936991,1252,mRNA
5373,1937054,1937373,319,mRNA
5374,1937441,1937583,142,mRNA
5375,1938508,1938619,111,mRNA
5376,1941582,1941677,95,mRNA
5377,1941755,1941903,148,mRNA
5378,1941971,1942046,75,mRNA
5379,1942108,1942182,74,mRNA
5380,1942251,1942451,200,mRNA
5381,1942510,1942663,153,mRNA
5382,1942785,1943939,1154,mRNA
5383,1928510,1928575,65,CDS
5384,1932056,1932147,91,CDS
5385,1933806,1934049,243,CDS
5386,1934119,1934328,209,CDS
5387,1934479,1934898,419,CDS
5388,1934961,1935683,722,CDS
5389,1935739,1936991,1252,CDS
5390,1937054,1937373,319,CDS
5391,1937441,1937583,142,CDS
5392,1938508,1938619,111,CDS
5393,1938865,1941393,2528,CDS
5394,1941582,1941677,95,CDS
5395,1941755,1941903,148,CDS
5396,1941971,1942046,75,CDS
5397,1942108,1942182,74,CDS
5398,1942251,1942451,200,CDS
5399,1942510,1942663,153,CDS
5400,1942785,1942965,180,CDS
5401,1928510,1928575,65,CDS
5402,1932056,1932147,91,CDS
5403,1933806,1934049,243,CDS
5404,1934119,1934328,209,CDS
5405,1934479,1934898,419,CDS
5406,1934961,1935683,722,CDS
5407,1935739,1936991,1252,CDS
5408,1937054,1937373,319,CDS
5409,1937441,1937583,142,CDS
5410,1938508,1938619,111,CDS
5411,1941582,1941677,95,CDS
5412,1941755,1941903,148,CDS
5413,1941971,1942046,75,CDS
5414,1942108,1942182,74,CDS
5415,1942251,1942451,200,CDS
5416,1942510,1942663,153,CDS
5417,1942785,1942965,180,CDS
5418,1938089,1938159,70,gene
5419,1938089,1938159,70,tRNA
5420,1945150,1945709,559,gene
5421,1945150,1945709,559,mRNA
5422,1945225,1945709,484,mRNA
5423,1945305,1945652,347,CDS
5424,1945305,1945652,347,CDS
5425,1945815,1946728,913,gene
5426,1946562,1946728,166,mRNA
5427,1946255,1946503,248,mRNA
5428,1945815,1946196,381,mRNA
5429,1946562,1946663,101,CDS
5430,1946255,1946503,248,CDS
5431,1945840,1946196,356,CDS
5432,1950239,1970362,20123,gene
5433,1969953,1970362,409,mRNA
5434,1950239,1952879,2640,mRNA
5435,1954314,1954553,239,mRNA
5436,1950239,1952879,2640,mRNA
5437,1954314,1954553,239,mRNA
5438,1950239,1952879,2640,mRNA
5439,1954314,1954553,239,mRNA
5440,1950239,1952879,2640,mRNA
5441,1954314,1954325,11,CDS
5442,1950795,1952879,2084,CDS
5443,1954314,1954325,11,CDS
5444,1950927,1952879,1952,CDS
5445,1954314,1954325,11,CDS
5446,1951056,1952879,1823,CDS
5447,1951056,1952867,1811,CDS
5448,1965426,1965498,72,gene
5449,1965426,1965498,72,tRNA
5450,1973957,1975413,1456,gene
5451,1973957,1974480,523,mRNA
5452,1974564,1974818,254,mRNA
5453,1974881,1974991,110,mRNA
5454,1975061,1975413,352,mRNA
5455,1974112,1974480,368,mRNA
5456,1974564,1974818,254,mRNA
5457,1974881,1974991,110,mRNA
5458,1975061,1975413,352,mRNA
5459,1974236,1974480,244,CDS
5460,1974564,1974818,254,CDS
5461,1974881,1974991,110,CDS
5462,1975061,1975187,126,CDS
5463,1974236,1974480,244,CDS
5464,1974564,1974818,254,CDS
5465,1974881,1974991,110,CDS
5466,1975061,1975187,126,CDS
5467,1975463,1980755,5292,gene
5468,1980552,1980755,203,mRNA
5469,1980253,1980427,174,mRNA
5470,1979910,1980180,270,mRNA
5471,1976910,1979202,2292,mRNA
5472,1975463,1976813,1350,mRNA
5473,1980552,1980612,60,CDS
5474,1980253,1980427,174,CDS
5475,1979910,1980180,270,CDS
5476,1976910,1979202,2292,CDS
5477,1976542,1976813,271,CDS
5478,1981176,1982099,923,gene
5479,1981176,1981583,407,mRNA
5480,1981642,1981832,190,mRNA
5481,1981886,1982099,213,mRNA
5482,1981310,1981583,273,CDS
5483,1981642,1981832,190,CDS
5484,1981886,1981927,41,CDS
5485,1982217,1984514,2297,gene
5486,1982217,1982498,281,mRNA
5487,1982547,1983960,1413,mRNA
5488,1984019,1984143,124,mRNA
5489,1984206,1984514,308,mRNA
5490,1982312,1982498,186,CDS
5491,1982547,1983960,1413,CDS
5492,1984019,1984143,124,CDS
5493,1984206,1984393,187,CDS
5494,1984512,1987758,3246,gene
5495,1987585,1987758,173,mRNA
5496,1985946,1986105,159,mRNA
5497,1985782,1985883,101,mRNA
5498,1985471,1985719,248,mRNA
5499,1984512,1985401,889,mRNA
5500,1986797,1986955,158,mRNA
5501,1985946,1986105,159,mRNA
5502,1985782,1985883,101,mRNA
5503,1985471,1985719,248,mRNA
5504,1984512,1985401,889,mRNA
5505,1987585,1987652,67,CDS
5506,1985946,1986105,159,CDS
5507,1985782,1985883,101,CDS
5508,1985471,1985719,248,CDS
5509,1984706,1985401,695,CDS
5510,1986797,1986885,88,CDS
5511,1985946,1986105,159,CDS
5512,1985782,1985883,101,CDS
5513,1985471,1985719,248,CDS
5514,1984706,1985401,695,CDS
5515,1988290,1988940,650,gene
5516,1988290,1988940,650,mRNA
5517,1988389,1988835,446,CDS
5518,1989450,1990894,1444,gene
5519,1989450,1989841,391,ncRNA
5520,1989913,1990894,981,ncRNA
5521,1991381,1992160,779,gene
5522,1992093,1992160,67,mRNA
5523,1991381,1992039,658,mRNA
5524,1992093,1992160,67,mRNA
5525,1991705,1992039,334,mRNA
5526,1992093,1992152,59,CDS
5527,1991746,1992039,293,CDS
5528,1992093,1992152,59,CDS
5529,1991746,1992039,293,CDS
5530,1997102,2006313,9211,gene
5531,2005561,2006313,752,mRNA
5532,2002669,2002920,251,mRNA
5533,2002173,2002313,140,mRNA
5534,2001380,2001511,131,mRNA
5535,2000934,2001086,152,mRNA
5536,1998232,1998720,488,mRNA
5537,1997102,1997958,856,mRNA
5538,2005561,2005615,54,CDS
5539,2002669,2002920,251,CDS
5540,2002173,2002313,140,CDS
5541,2001380,2001511,131,CDS
5542,2000934,2001086,152,CDS
5543,1998232,1998720,488,CDS
5544,1997774,1997958,184,CDS
5545,2000058,2003935,3877,gene
5546,2000058,2000351,293,ncRNA
5547,2000414,2001210,796,ncRNA
5548,2001403,2001953,550,ncRNA
5549,2002033,2002346,313,ncRNA
5550,2003445,2003935,490,ncRNA
5551,2006763,2007193,430,gene
5552,2007135,2007193,58,mRNA
5553,2006763,2007053,290,mRNA
5554,2006867,2007688,821,gene
5555,2006867,2007688,821,ncRNA
5556,2007135,2007146,11,CDS
5557,2006904,2007053,149,CDS
5558,2008414,2009072,658,gene
5559,2008414,2008541,127,mRNA
5560,2008673,2009072,399,mRNA
5561,2008456,2008541,85,mRNA
5562,2008673,2008966,293,mRNA
5563,2008530,2008541,11,CDS
5564,2008673,2008855,182,CDS
5565,2008530,2008541,11,CDS
5566,2008673,2008855,182,CDS
5567,2009155,2009226,71,gene
5568,2009155,2009226,71,tRNA
5569,2009538,2009609,71,gene
5570,2009538,2009609,71,tRNA
5571,2009859,2030788,20929,gene
5572,2009859,2010313,454,mRNA
5573,2026768,2027210,442,mRNA
5574,2027279,2027791,512,mRNA
5575,2027852,2028050,198,mRNA
5576,2028113,2028249,136,mRNA
5577,2028303,2029028,725,mRNA
5578,2029092,2029418,326,mRNA
5579,2029494,2029756,262,mRNA
5580,2029836,2030536,700,mRNA
5581,2009859,2010313,454,mRNA
5582,2026768,2027210,442,mRNA
5583,2027279,2027791,512,mRNA
5584,2027852,2028050,198,mRNA
5585,2028113,2028249,136,mRNA
5586,2028321,2029028,707,mRNA
5587,2029092,2029418,326,mRNA
5588,2029494,2029756,262,mRNA
5589,2029836,2030536,700,mRNA
5590,2010118,2010313,195,CDS
5591,2026768,2027210,442,CDS
5592,2027279,2027791,512,CDS
5593,2027852,2028050,198,CDS
5594,2028113,2028249,136,CDS
5595,2028303,2029028,725,CDS
5596,2029092,2029418,326,CDS
5597,2029494,2029756,262,CDS
5598,2029836,2029938,102,CDS
5599,2010118,2010313,195,CDS
5600,2026768,2027210,442,CDS
5601,2027279,2027791,512,CDS
5602,2027852,2028050,198,CDS
5603,2028113,2028249,136,CDS
5604,2028321,2029028,707,CDS
5605,2029092,2029418,326,CDS
5606,2029494,2029756,262,CDS
5607,2029836,2029938,102,CDS
5608,2010646,2010717,71,gene
5609,2010646,2010717,71,tRNA
5610,2010869,2010940,71,gene
5611,2010869,2010940,71,tRNA
5612,2011716,2011785,69,mRNA
5613,2017524,2017851,327,mRNA
5614,2026768,2027210,442,mRNA
5615,2027279,2027791,512,mRNA
5616,2027852,2028050,198,mRNA
5617,2028113,2028249,136,mRNA
5618,2028303,2029028,725,mRNA
5619,2029092,2029418,326,mRNA
5620,2029494,2029756,262,mRNA
5621,2029836,2030536,700,mRNA
5622,2013179,2013250,71,gene
5623,2013179,2013250,71,tRNA
5624,2014449,2014575,126,gene
5625,2014449,2014575,126,ncRNA
5626,2017540,2017851,311,mRNA
5627,2026768,2027210,442,mRNA
5628,2027279,2027791,512,mRNA
5629,2027852,2028050,198,mRNA
5630,2028113,2028249,136,mRNA
5631,2028303,2029028,725,mRNA
5632,2029092,2029418,326,mRNA
5633,2029494,2029756,262,mRNA
5634,2029836,2030788,952,mRNA
5635,2017540,2017851,311,mRNA
5636,2026768,2027210,442,mRNA
5637,2027279,2027791,512,mRNA
5638,2027852,2028050,198,mRNA
5639,2028113,2028249,136,mRNA
5640,2028303,2029028,725,mRNA
5641,2029092,2029418,326,mRNA
5642,2029494,2029756,262,mRNA
5643,2029836,2030536,700,mRNA
5644,2017776,2017851,75,CDS
5645,2026768,2027210,442,CDS
5646,2027279,2027791,512,CDS
5647,2027852,2028050,198,CDS
5648,2028113,2028249,136,CDS
5649,2028303,2029028,725,CDS
5650,2029092,2029418,326,CDS
5651,2029494,2029756,262,CDS
5652,2029836,2029938,102,CDS
5653,2017776,2017851,75,CDS
5654,2026768,2027210,442,CDS
5655,2027279,2027791,512,CDS
5656,2027852,2028050,198,CDS
5657,2028113,2028249,136,CDS
5658,2028303,2029028,725,CDS
5659,2029092,2029418,326,CDS
5660,2029494,2029756,262,CDS
5661,2029836,2029938,102,CDS
5662,2017776,2017851,75,CDS
5663,2026768,2027210,442,CDS
5664,2027279,2027791,512,CDS
5665,2027852,2028050,198,CDS
5666,2028113,2028249,136,CDS
5667,2028303,2029028,725,CDS
5668,2029092,2029418,326,CDS
5669,2029494,2029756,262,CDS
5670,2029836,2029938,102,CDS
5671,2024012,2024265,253,mRNA
5672,2026768,2027210,442,mRNA
5673,2027279,2027791,512,mRNA
5674,2027852,2028050,198,mRNA
5675,2028113,2028249,136,mRNA
5676,2028303,2029028,725,mRNA
5677,2029092,2029418,326,mRNA
5678,2029494,2029756,262,mRNA
5679,2029836,2030788,952,mRNA
5680,2024012,2024265,253,mRNA
5681,2026768,2027210,442,mRNA
5682,2027279,2027791,512,mRNA
5683,2027852,2028050,198,mRNA
5684,2028113,2028249,136,mRNA
5685,2028303,2029028,725,mRNA
5686,2029092,2029418,326,mRNA
5687,2029494,2029756,262,mRNA
5688,2029836,2030536,700,mRNA
5689,2024043,2024265,222,CDS
5690,2026768,2027210,442,CDS
5691,2027279,2027791,512,CDS
5692,2027852,2028050,198,CDS
5693,2028113,2028249,136,CDS
5694,2028303,2029028,725,CDS
5695,2029092,2029418,326,CDS
5696,2029494,2029756,262,CDS
5697,2029836,2029938,102,CDS
5698,2024043,2024265,222,CDS
5699,2026768,2027210,442,CDS
5700,2027279,2027791,512,CDS
5701,2027852,2028050,198,CDS
5702,2028113,2028249,136,CDS
5703,2028303,2029028,725,CDS
5704,2029092,2029418,326,CDS
5705,2029494,2029756,262,CDS
5706,2029836,2029938,102,CDS
5707,2031692,2031762,70,gene
5708,2031692,2031762,70,tRNA
5709,2032519,2036041,3522,gene
5710,2035882,2036041,159,mRNA
5711,2032519,2035564,3045,mRNA
5712,2035882,2035936,54,CDS
5713,2032635,2035564,2929,CDS
5714,2036409,2037265,856,gene
5715,2036409,2037265,856,mRNA
5716,2036456,2037247,791,CDS
5717,2037714,2044372,6658,gene
5718,2037714,2038224,510,mRNA
5719,2039930,2040154,224,mRNA
5720,2040217,2040359,142,mRNA
5721,2040422,2041573,1151,mRNA
5722,2041647,2042569,922,mRNA
5723,2042653,2042851,198,mRNA
5724,2042914,2044372,1458,mRNA
5725,2037714,2038008,294,mRNA
5726,2039930,2040154,224,mRNA
5727,2040217,2040359,142,mRNA
5728,2040422,2041573,1151,mRNA
5729,2041647,2042569,922,mRNA
5730,2042653,2042851,198,mRNA
5731,2042914,2044372,1458,mRNA
5732,2037714,2038008,294,mRNA
5733,2039930,2040154,224,mRNA
5734,2040217,2040359,142,mRNA
5735,2040422,2041573,1151,mRNA
5736,2041647,2042569,922,mRNA
5737,2042653,2042851,198,mRNA
5738,2042914,2043677,763,mRNA
5739,2038528,2038641,113,mRNA
5740,2039930,2040154,224,mRNA
5741,2040217,2040359,142,mRNA
5742,2040422,2041573,1151,mRNA
5743,2041647,2042569,922,mRNA
5744,2042653,2042851,198,mRNA
5745,2042914,2043677,763,mRNA
5746,2039733,2039804,71,mRNA
5747,2039930,2040154,224,mRNA
5748,2040217,2040359,142,mRNA
5749,2040422,2041573,1151,mRNA
5750,2041647,2042569,922,mRNA
5751,2042653,2042851,198,mRNA
5752,2042914,2044372,1458,mRNA
5753,2039992,2040154,162,CDS
5754,2040217,2040359,142,CDS
5755,2040422,2041573,1151,CDS
5756,2041647,2042569,922,CDS
5757,2042653,2042851,198,CDS
5758,2042914,2043183,269,CDS
5759,2039992,2040154,162,CDS
5760,2040217,2040359,142,CDS
5761,2040422,2041573,1151,CDS
5762,2041647,2042569,922,CDS
5763,2042653,2042851,198,CDS
5764,2042914,2043183,269,CDS
5765,2039992,2040154,162,CDS
5766,2040217,2040359,142,CDS
5767,2040422,2041573,1151,CDS
5768,2041647,2042569,922,CDS
5769,2042653,2042851,198,CDS
5770,2042914,2043183,269,CDS
5771,2039992,2040154,162,CDS
5772,2040217,2040359,142,CDS
5773,2040422,2041573,1151,CDS
5774,2041647,2042569,922,CDS
5775,2042653,2042851,198,CDS
5776,2042914,2043183,269,CDS
5777,2039992,2040154,162,CDS
5778,2040217,2040359,142,CDS
5779,2040422,2041573,1151,CDS
5780,2041647,2042569,922,CDS
5781,2042653,2042851,198,CDS
5782,2042914,2043183,269,CDS
5783,2044517,2045381,864,gene
5784,2044517,2045381,864,ncRNA
5785,2045494,2048054,2560,gene
5786,2045494,2045641,147,mRNA
5787,2045700,2046011,311,mRNA
5788,2046069,2046218,149,mRNA
5789,2046428,2047639,1211,mRNA
5790,2047704,2048054,350,mRNA
5791,2045494,2045641,147,mRNA
5792,2045700,2046011,311,mRNA
5793,2046066,2046218,152,mRNA
5794,2046428,2048002,1574,mRNA
5795,2045610,2045641,31,CDS
5796,2045700,2046011,311,CDS
5797,2046066,2046218,152,CDS
5798,2046428,2047577,1149,CDS
5799,2045610,2045641,31,CDS
5800,2045700,2046011,311,CDS
5801,2046069,2046218,149,CDS
5802,2046428,2047577,1149,CDS
5803,2054589,2057967,3378,gene
5804,2054589,2055112,523,mRNA
5805,2055327,2055517,190,mRNA
5806,2055599,2055786,187,mRNA
5807,2057034,2057135,101,mRNA
5808,2057673,2057825,152,mRNA
5809,2057917,2057967,50,mRNA
5810,2054589,2055112,523,CDS
5811,2055327,2055517,190,CDS
5812,2055599,2055786,187,CDS
5813,2057034,2057135,101,CDS
5814,2057673,2057825,152,CDS
5815,2057917,2057967,50,CDS
5816,2058790,2109878,51088,gene
5817,2109726,2109878,152,mRNA
5818,2094413,2095172,759,mRNA
5819,2066742,2067160,418,mRNA
5820,2066520,2066597,77,mRNA
5821,2065611,2065743,132,mRNA
5822,2061975,2062299,324,mRNA
5823,2061810,2061907,97,mRNA
5824,2058790,2059983,1193,mRNA
5825,2109819,2109878,59,mRNA
5826,2094413,2095172,759,mRNA
5827,2066742,2067160,418,mRNA
5828,2066520,2066597,77,mRNA
5829,2065611,2065743,132,mRNA
5830,2061975,2062299,324,mRNA
5831,2061810,2061907,97,mRNA
5832,2058859,2059983,1124,mRNA
5833,2109819,2109878,59,mRNA
5834,2094413,2095172,759,mRNA
5835,2066742,2067160,418,mRNA
5836,2066520,2066597,77,mRNA
5837,2065611,2065743,132,mRNA
5838,2061975,2062299,324,mRNA
5839,2061810,2061907,97,mRNA
5840,2059124,2059983,859,mRNA
5841,2094413,2094797,384,CDS
5842,2066742,2067160,418,CDS
5843,2066520,2066597,77,CDS
5844,2065611,2065743,132,CDS
5845,2061975,2062299,324,CDS
5846,2061810,2061907,97,CDS
5847,2059853,2059983,130,CDS
5848,2094413,2094797,384,CDS
5849,2066742,2067160,418,CDS
5850,2066520,2066597,77,CDS
5851,2065611,2065743,132,CDS
5852,2061975,2062299,324,CDS
5853,2061810,2061907,97,CDS
5854,2059853,2059983,130,CDS
5855,2094413,2094797,384,CDS
5856,2066742,2067160,418,CDS
5857,2066520,2066597,77,CDS
5858,2065611,2065743,132,CDS
5859,2061975,2062299,324,CDS
5860,2061810,2061907,97,CDS
5861,2059853,2059983,130,CDS
5862,2079919,2081286,1367,gene
5863,2079919,2080123,204,mRNA
5864,2080208,2081066,858,mRNA
5865,2081132,2081286,154,mRNA
5866,2079919,2080123,204,mRNA
5867,2080208,2081066,858,mRNA
5868,2081135,2081286,151,mRNA
5869,2080077,2080123,46,CDS
5870,2080208,2081066,858,CDS
5871,2081132,2081170,38,CDS
5872,2080077,2080123,46,CDS
5873,2080208,2081066,858,CDS
5874,2081135,2081170,35,CDS
5875,2082031,2082347,316,gene
5876,2082031,2082347,316,ncRNA
5877,2083362,2084419,1057,gene
5878,2083362,2084225,863,ncRNA
5879,2084278,2084419,141,ncRNA
5880,2100430,2109522,9092,mobile_element
5881,2112168,2119774,7606,mobile_element
5882,2127309,2129237,1928,gene
5883,2129133,2129237,104,mRNA
5884,2127309,2129070,1761,mRNA
5885,2129133,2129237,104,mRNA
5886,2128212,2129070,858,mRNA
5887,2129133,2129207,74,CDS
5888,2128333,2129070,737,CDS
5889,2129133,2129207,74,CDS
5890,2128333,2129070,737,CDS
5891,2130813,2137296,6483,gene
5892,2130813,2131254,441,mRNA
5893,2134439,2134967,528,mRNA
5894,2135038,2136644,1606,mRNA
5895,2136731,2137296,565,mRNA
5896,2130813,2131254,441,mRNA
5897,2134439,2134967,528,mRNA
5898,2135038,2136644,1606,mRNA
5899,2136731,2137043,312,mRNA
5900,2131012,2131254,242,CDS
5901,2134439,2134967,528,CDS
5902,2135038,2136644,1606,CDS
5903,2136731,2136886,155,CDS
5904,2131012,2131254,242,CDS
5905,2134439,2134967,528,CDS
5906,2135038,2136644,1606,CDS
5907,2136731,2136886,155,CDS
5908,2137350,2145187,7837,gene
5909,2144805,2145187,382,mRNA
5910,2144457,2144625,168,mRNA
5911,2144119,2144366,247,mRNA
5912,2143920,2144053,133,mRNA
5913,2143449,2143849,400,mRNA
5914,2142642,2143391,749,mRNA
5915,2142191,2142580,389,mRNA
5916,2141785,2142132,347,mRNA
5917,2141129,2141722,593,mRNA
5918,2140380,2141070,690,mRNA
5919,2139728,2140312,584,mRNA
5920,2139630,2139673,43,mRNA
5921,2137984,2138158,174,mRNA
5922,2137883,2137926,43,mRNA
5923,2137350,2137794,444,mRNA
5924,2144805,2145187,382,mRNA
5925,2144457,2144625,168,mRNA
5926,2144119,2144366,247,mRNA
5927,2143920,2144053,133,mRNA
5928,2143449,2143849,400,mRNA
5929,2142642,2143391,749,mRNA
5930,2142191,2142580,389,mRNA
5931,2141785,2142132,347,mRNA
5932,2141129,2141722,593,mRNA
5933,2140380,2141070,690,mRNA
5934,2139728,2140312,584,mRNA
5935,2139630,2139676,46,mRNA
5936,2137984,2138155,171,mRNA
5937,2137883,2137926,43,mRNA
5938,2137350,2137794,444,mRNA
5939,2144805,2145187,382,mRNA
5940,2144457,2144625,168,mRNA
5941,2144119,2144366,247,mRNA
5942,2143920,2144053,133,mRNA
5943,2143449,2143849,400,mRNA
5944,2142642,2143391,749,mRNA
5945,2142191,2142580,389,mRNA
5946,2141785,2142132,347,mRNA
5947,2141129,2141722,593,mRNA
5948,2140380,2141070,690,mRNA
5949,2139728,2140312,584,mRNA
5950,2139630,2139676,46,mRNA
5951,2137984,2138158,174,mRNA
5952,2137883,2137926,43,mRNA
5953,2137350,2137794,444,mRNA
5954,2144805,2145031,226,CDS
5955,2144457,2144625,168,CDS
5956,2144119,2144366,247,CDS
5957,2143920,2144053,133,CDS
5958,2143449,2143849,400,CDS
5959,2142642,2143391,749,CDS
5960,2142191,2142580,389,CDS
5961,2141785,2142132,347,CDS
5962,2141129,2141722,593,CDS
5963,2140380,2141070,690,CDS
5964,2139728,2140312,584,CDS
5965,2139630,2139673,43,CDS
5966,2137984,2138158,174,CDS
5967,2137883,2137926,43,CDS
5968,2137669,2137794,125,CDS
5969,2144805,2145031,226,CDS
5970,2144457,2144625,168,CDS
5971,2144119,2144366,247,CDS
5972,2143920,2144053,133,CDS
5973,2143449,2143849,400,CDS
5974,2142642,2143391,749,CDS
5975,2142191,2142580,389,CDS
5976,2141785,2142132,347,CDS
5977,2141129,2141722,593,CDS
5978,2140380,2141070,690,CDS
5979,2139728,2140312,584,CDS
5980,2139630,2139676,46,CDS
5981,2137984,2138155,171,CDS
5982,2137883,2137926,43,CDS
5983,2137669,2137794,125,CDS
5984,2144805,2145031,226,CDS
5985,2144457,2144625,168,CDS
5986,2144119,2144366,247,CDS
5987,2143920,2144053,133,CDS
5988,2143449,2143849,400,CDS
5989,2142642,2143391,749,CDS
5990,2142191,2142580,389,CDS
5991,2141785,2142132,347,CDS
5992,2141129,2141722,593,CDS
5993,2140380,2141070,690,CDS
5994,2139728,2140312,584,CDS
5995,2139630,2139676,46,CDS
5996,2137984,2138158,174,CDS
5997,2137883,2137926,43,CDS
5998,2137669,2137794,125,CDS
5999,2145297,2147275,1978,gene
6000,2146886,2147275,389,mRNA
6001,2145297,2146813,1516,mRNA
6002,2146886,2147275,389,mRNA
6003,2145497,2146813,1316,mRNA
6004,2146886,2147024,138,CDS
6005,2145900,2146813,913,CDS
6006,2146886,2147024,138,CDS
6007,2145900,2146813,913,CDS
6008,2147518,2151664,4146,gene
6009,2147518,2148589,1071,mRNA
6010,2148647,2149780,1133,mRNA
6011,2149842,2150261,419,mRNA
6012,2150329,2150795,466,mRNA
6013,2150848,2151664,816,mRNA
6014,2147647,2148589,942,CDS
6015,2148647,2149780,1133,CDS
6016,2149842,2150261,419,CDS
6017,2150329,2150795,466,CDS
6018,2150848,2151453,605,CDS
6019,2151754,2155389,3635,gene
6020,2151754,2152146,392,mRNA
6021,2152233,2152462,229,mRNA
6022,2152663,2152944,281,mRNA
6023,2153003,2153105,102,mRNA
6024,2153282,2153531,249,mRNA
6025,2153596,2154410,814,mRNA
6026,2154473,2155389,916,mRNA
6027,2151754,2152146,392,mRNA
6028,2152233,2152270,37,mRNA
6029,2152663,2152944,281,mRNA
6030,2153003,2153105,102,mRNA
6031,2153282,2153531,249,mRNA
6032,2153596,2154410,814,mRNA
6033,2154473,2155389,916,mRNA
6034,2151754,2152146,392,mRNA
6035,2152233,2152465,232,mRNA
6036,2152663,2152944,281,mRNA
6037,2153003,2153105,102,mRNA
6038,2153282,2153531,249,mRNA
6039,2153596,2154410,814,mRNA
6040,2154473,2155105,632,mRNA
6041,2152035,2152146,111,CDS
6042,2152233,2152465,232,CDS
6043,2152663,2152944,281,CDS
6044,2153003,2153105,102,CDS
6045,2153282,2153531,249,CDS
6046,2153596,2154410,814,CDS
6047,2154473,2154897,424,CDS
6048,2152035,2152146,111,CDS
6049,2152233,2152462,229,CDS
6050,2152663,2152944,281,CDS
6051,2153003,2153105,102,CDS
6052,2153282,2153531,249,CDS
6053,2153596,2154410,814,CDS
6054,2154473,2154897,424,CDS
6055,2152035,2152146,111,CDS
6056,2152233,2152270,37,CDS
6057,2152663,2152944,281,CDS
6058,2153003,2153105,102,CDS
6059,2153282,2153531,249,CDS
6060,2153596,2154410,814,CDS
6061,2154473,2154897,424,CDS
6062,2155753,2156790,1037,gene
6063,2155753,2156790,1037,mRNA
6064,2155783,2156256,473,CDS
6065,2156484,2178754,22270,gene
6066,2177847,2178754,907,mRNA
6067,2159312,2160582,1270,mRNA
6068,2158468,2159245,777,mRNA
6069,2156484,2158405,1921,mRNA
6070,2177847,2178754,907,mRNA
6071,2171142,2171198,56,mRNA
6072,2159312,2160582,1270,mRNA
6073,2158468,2159245,777,mRNA
6074,2156484,2158405,1921,mRNA
6075,2161233,2161527,294,mRNA
6076,2159312,2160582,1270,mRNA
6077,2158468,2159245,777,mRNA
6078,2156484,2158405,1921,mRNA
6079,2161010,2161527,517,mRNA
6080,2159312,2160582,1270,mRNA
6081,2158468,2159245,777,mRNA
6082,2156792,2158405,1613,mRNA
6083,2177847,2178754,907,mRNA
6084,2159312,2160582,1270,mRNA
6085,2158468,2159245,777,mRNA
6086,2157427,2158405,978,mRNA
6087,2159312,2160491,1179,CDS
6088,2158468,2159245,777,CDS
6089,2158165,2158405,240,CDS
6090,2159312,2160491,1179,CDS
6091,2158468,2159245,777,CDS
6092,2158165,2158405,240,CDS
6093,2159312,2160491,1179,CDS
6094,2158468,2159245,777,CDS
6095,2158165,2158405,240,CDS
6096,2159312,2160491,1179,CDS
6097,2158468,2159245,777,CDS
6098,2158165,2158405,240,CDS
6099,2159312,2160491,1179,CDS
6100,2158468,2159245,777,CDS
6101,2158165,2158405,240,CDS
6102,2181962,2185495,3533,gene
6103,2181962,2184233,2271,ncRNA
6104,2184363,2185495,1132,ncRNA
6105,2186975,2187970,995,gene
6106,2186975,2187970,995,ncRNA
6107,2187007,2187079,72,gene
6108,2187007,2187079,72,tRNA
6109,2188620,2189405,785,gene
6110,2189343,2189405,62,ncRNA
6111,2188620,2189154,534,ncRNA
6112,2189914,2192386,2472,gene
6113,2192147,2192386,239,mRNA
6114,2191850,2192090,240,mRNA
6115,2190707,2190784,77,mRNA
6116,2189914,2190643,729,mRNA
6117,2192147,2192386,239,mRNA
6118,2191850,2192090,240,mRNA
6119,2190707,2190784,77,mRNA
6120,2189914,2190646,732,mRNA
6121,2192147,2192386,239,mRNA
6122,2191850,2192090,240,mRNA
6123,2190707,2191078,371,mRNA
6124,2189914,2190643,729,mRNA
6125,2192147,2192386,239,mRNA
6126,2191850,2192090,240,mRNA
6127,2190707,2191078,371,mRNA
6128,2189914,2190646,732,mRNA
6129,2190191,2191272,1081,gene
6130,2190191,2191272,1081,ncRNA
6131,2192147,2192263,116,CDS
6132,2191850,2192090,240,CDS
6133,2190707,2190784,77,CDS
6134,2190423,2190643,220,CDS
6135,2192147,2192263,116,CDS
6136,2191850,2192090,240,CDS
6137,2190707,2190784,77,CDS
6138,2190423,2190646,223,CDS
6139,2192147,2192263,116,CDS
6140,2191850,2192090,240,CDS
6141,2190707,2191078,371,CDS
6142,2190423,2190643,220,CDS
6143,2192147,2192263,116,CDS
6144,2191850,2192090,240,CDS
6145,2190707,2191078,371,CDS
6146,2190423,2190646,223,CDS
6147,2192525,2197912,5387,gene
6148,2197309,2197912,603,mRNA
6149,2192778,2192848,70,mRNA
6150,2192525,2192715,190,mRNA
6151,2192975,2193010,35,mRNA
6152,2192778,2192845,67,mRNA
6153,2192525,2192715,190,mRNA
6154,2192975,2193010,35,mRNA
6155,2192778,2192848,70,mRNA
6156,2192525,2192715,190,mRNA
6157,2192923,2192963,40,mRNA
6158,2192778,2192848,70,mRNA
6159,2192525,2192715,190,mRNA
6160,2192778,2192822,44,CDS
6161,2192572,2192715,143,CDS
6162,2192778,2192822,44,CDS
6163,2192572,2192715,143,CDS
6164,2192778,2192822,44,CDS
6165,2192572,2192715,143,CDS
6166,2192778,2192822,44,CDS
6167,2192572,2192715,143,CDS
6168,2203721,2206166,2445,gene
6169,2205934,2206166,232,mRNA
6170,2205718,2205867,149,mRNA
6171,2205487,2205646,159,mRNA
6172,2205365,2205430,65,mRNA
6173,2205256,2205307,51,mRNA
6174,2205126,2205193,67,mRNA
6175,2204657,2205070,413,mRNA
6176,2203908,2204599,691,mRNA
6177,2203721,2203848,127,mRNA
6178,2205934,2206028,94,CDS
6179,2205718,2205867,149,CDS
6180,2205487,2205646,159,CDS
6181,2205365,2205430,65,CDS
6182,2205256,2205307,51,CDS
6183,2205126,2205193,67,CDS
6184,2204657,2205070,413,CDS
6185,2203908,2204599,691,CDS
6186,2203773,2203848,75,CDS
6187,2206525,2209102,2577,gene
6188,2208812,2209102,290,mRNA
6189,2208608,2208751,143,mRNA
6190,2208388,2208547,159,mRNA
6191,2208270,2208335,65,mRNA
6192,2208162,2208213,51,mRNA
6193,2208036,2208103,67,mRNA
6194,2207562,2207975,413,mRNA
6195,2206800,2207491,691,mRNA
6196,2206525,2206731,206,mRNA
6197,2208812,2208906,94,CDS
6198,2208608,2208751,143,CDS
6199,2208388,2208547,159,CDS
6200,2208270,2208335,65,CDS
6201,2208162,2208213,51,CDS
6202,2208036,2208103,67,CDS
6203,2207562,2207975,413,CDS
6204,2206800,2207491,691,CDS
6205,2206656,2206731,75,CDS
6206,2209574,2212571,2997,gene
6207,2212279,2212571,292,mRNA
6208,2211773,2212091,318,mRNA
6209,2211577,2211717,140,mRNA
6210,2210925,2211510,585,mRNA
6211,2209574,2210869,1295,mRNA
6212,2212279,2212571,292,mRNA
6213,2211773,2212091,318,mRNA
6214,2211577,2211717,140,mRNA
6215,2210925,2211510,585,mRNA
6216,2209946,2210869,923,mRNA
6217,2212279,2212375,96,CDS
6218,2211773,2212091,318,CDS
6219,2211577,2211717,140,CDS
6220,2210925,2211510,585,CDS
6221,2210249,2210869,620,CDS
6222,2212279,2212375,96,CDS
6223,2211773,2212091,318,CDS
6224,2211577,2211717,140,CDS
6225,2210925,2211510,585,CDS
6226,2210249,2210869,620,CDS
6227,2212738,2214211,1473,gene
6228,2213896,2214211,315,mRNA
6229,2213616,2213756,140,mRNA
6230,2213415,2213557,142,mRNA
6231,2212738,2213333,595,mRNA
6232,2213896,2214059,163,mRNA
6233,2213616,2213756,140,mRNA
6234,2213415,2213548,133,mRNA
6235,2212738,2213333,595,mRNA
6236,2213896,2214059,163,mRNA
6237,2213616,2213756,140,mRNA
6238,2213415,2213557,142,mRNA
6239,2212738,2213333,595,mRNA
6240,2213896,2213931,35,CDS
6241,2213616,2213756,140,CDS
6242,2213415,2213548,133,CDS
6243,2212970,2213333,363,CDS
6244,2213896,2213931,35,CDS
6245,2213616,2213756,140,CDS
6246,2213415,2213557,142,CDS
6247,2212970,2213333,363,CDS
6248,2213896,2213931,35,CDS
6249,2213616,2213756,140,CDS
6250,2213415,2213557,142,CDS
6251,2212970,2213333,363,CDS
6252,2214266,2215167,901,gene
6253,2214266,2214384,118,mRNA
6254,2214438,2214884,446,mRNA
6255,2215014,2215167,153,mRNA
6256,2214312,2214384,72,CDS
6257,2214438,2214884,446,CDS
6258,2215014,2215147,133,CDS
6259,2214972,2216311,1339,gene
6260,2215515,2216311,796,mRNA
6261,2214972,2215456,484,mRNA
6262,2215515,2216311,796,mRNA
6263,2214972,2215459,487,mRNA
6264,2215515,2216225,710,CDS
6265,2215331,2215456,125,CDS
6266,2215515,2216225,710,CDS
6267,2215331,2215459,128,CDS
6268,2216503,2217246,743,gene
6269,2216503,2217246,743,gene
6270,2217013,2217246,233,mRNA
6271,2216503,2216959,456,mRNA
6272,2217013,2217246,233,mRNA
6273,2216503,2216959,456,mRNA
6274,2216575,2216808,233,CDS
6275,2217013,2217142,129,CDS
6276,2216826,2216959,133,CDS
6277,2217290,2220625,3335,gene
6278,2217290,2217544,254,mRNA
6279,2217598,2217771,173,mRNA
6280,2217830,2218081,251,mRNA
6281,2218174,2219104,930,mRNA
6282,2219161,2219716,555,mRNA
6283,2219777,2220258,481,mRNA
6284,2220320,2220625,305,mRNA
6285,2217427,2217544,117,CDS
6286,2217598,2217771,173,CDS
6287,2217830,2218081,251,CDS
6288,2218174,2219104,930,CDS
6289,2219161,2219716,555,CDS
6290,2219777,2220258,481,CDS
6291,2220320,2220410,90,CDS
6292,2220748,2225544,4796,gene
6293,2220748,2220951,203,mRNA
6294,2223243,2223633,390,mRNA
6295,2223705,2224526,821,mRNA
6296,2224579,2224685,106,mRNA
6297,2224744,2225544,800,mRNA
6298,2222089,2222298,209,mRNA
6299,2223243,2223633,390,mRNA
6300,2223705,2224526,821,mRNA
6301,2224579,2224685,106,mRNA
6302,2224744,2225544,800,mRNA
6303,2222657,2222770,113,mRNA
6304,2223243,2223633,390,mRNA
6305,2223705,2224526,821,mRNA
6306,2224579,2224685,106,mRNA
6307,2224744,2225544,800,mRNA
6308,2223200,2223633,433,mRNA
6309,2223705,2224526,821,mRNA
6310,2224579,2224685,106,mRNA
6311,2224744,2225357,613,mRNA
6312,2225410,2225544,134,mRNA
6313,2223329,2223633,304,CDS
6314,2223705,2224526,821,CDS
6315,2224579,2224685,106,CDS
6316,2224744,2225240,496,CDS
6317,2223329,2223633,304,CDS
6318,2223705,2224526,821,CDS
6319,2224579,2224685,106,CDS
6320,2224744,2225240,496,CDS
6321,2223329,2223633,304,CDS
6322,2223705,2224526,821,CDS
6323,2224579,2224685,106,CDS
6324,2224744,2225240,496,CDS
6325,2223329,2223633,304,CDS
6326,2223705,2224526,821,CDS
6327,2224579,2224685,106,CDS
6328,2224744,2225240,496,CDS
6329,2225545,2226294,749,gene
6330,2226059,2226294,235,mRNA
6331,2225545,2226001,456,mRNA
6332,2226059,2226205,146,CDS
6333,2225798,2226001,203,CDS
6334,2226342,2231099,4757,gene
6335,2226342,2227281,939,mRNA
6336,2229266,2229393,127,mRNA
6337,2229457,2229575,118,mRNA
6338,2229638,2229813,175,mRNA
6339,2229878,2231099,1221,mRNA
6340,2226521,2227281,760,mRNA
6341,2229266,2229393,127,mRNA
6342,2229457,2229575,118,mRNA
6343,2229638,2229813,175,mRNA
6344,2229878,2231088,1210,mRNA
6345,2226521,2227281,760,mRNA
6346,2229266,2229393,127,mRNA
6347,2229457,2229575,118,mRNA
6348,2229638,2229813,175,mRNA
6349,2229878,2230413,535,mRNA
6350,2226753,2227604,851,gene
6351,2227364,2227604,240,ncRNA
6352,2226753,2227305,552,ncRNA
6353,2227069,2227281,212,CDS
6354,2229266,2229393,127,CDS
6355,2229457,2229575,118,CDS
6356,2229638,2229813,175,CDS
6357,2229878,2230126,248,CDS
6358,2227069,2227281,212,CDS
6359,2229266,2229393,127,CDS
6360,2229457,2229575,118,CDS
6361,2229638,2229813,175,CDS
6362,2229878,2230126,248,CDS
6363,2227069,2227281,212,CDS
6364,2229266,2229393,127,CDS
6365,2229457,2229575,118,CDS
6366,2229638,2229813,175,CDS
6367,2229878,2230126,248,CDS
6368,2231106,2236844,5738,gene
6369,2236308,2236844,536,mRNA
6370,2234928,2235899,971,mRNA
6371,2234409,2234868,459,mRNA
6372,2234235,2234350,115,mRNA
6373,2233110,2233977,867,mRNA
6374,2232257,2233047,790,mRNA
6375,2231106,2232188,1082,mRNA
6376,2236308,2236844,536,mRNA
6377,2234928,2235899,971,mRNA
6378,2234409,2234868,459,mRNA
6379,2234235,2234350,115,mRNA
6380,2233110,2233977,867,mRNA
6381,2232257,2233047,790,mRNA
6382,2231778,2232188,410,mRNA
6383,2236308,2236844,536,mRNA
6384,2234928,2235899,971,mRNA
6385,2234409,2234868,459,mRNA
6386,2234235,2234350,115,mRNA
6387,2233110,2233977,867,mRNA
6388,2232257,2233047,790,mRNA
6389,2231778,2232188,410,mRNA
6390,2236308,2236541,233,CDS
6391,2234928,2235899,971,CDS
6392,2234409,2234868,459,CDS
6393,2234235,2234350,115,CDS
6394,2233110,2233977,867,CDS
6395,2232257,2233047,790,CDS
6396,2231934,2232188,254,CDS
6397,2236308,2236541,233,CDS
6398,2234928,2235899,971,CDS
6399,2234409,2234868,459,CDS
6400,2234235,2234350,115,CDS
6401,2233110,2233977,867,CDS
6402,2232257,2233047,790,CDS
6403,2232048,2232188,140,CDS
6404,2236308,2236541,233,CDS
6405,2234928,2235899,971,CDS
6406,2234409,2234868,459,CDS
6407,2234235,2234350,115,CDS
6408,2233110,2233977,867,CDS
6409,2232257,2233047,790,CDS
6410,2232048,2232188,140,CDS
6411,2236347,2237022,675,gene
6412,2236347,2237022,675,ncRNA
6413,2237076,2238251,1175,gene
6414,2238037,2238251,214,mRNA
6415,2237076,2237974,898,mRNA
6416,2238037,2238207,170,CDS
6417,2237132,2237974,842,CDS
6418,2238304,2239384,1080,gene
6419,2239192,2239384,192,mRNA
6420,2238304,2239128,824,mRNA
6421,2239192,2239365,173,CDS
6422,2238346,2239128,782,CDS
6423,2239414,2240593,1179,gene
6424,2240341,2240593,252,mRNA
6425,2239414,2240268,854,mRNA
6426,2240341,2240502,161,CDS
6427,2239471,2240268,797,CDS
6428,2242378,2245274,2896,gene
6429,2242378,2242591,213,mRNA
6430,2242693,2242945,252,mRNA
6431,2243560,2245274,1714,mRNA
6432,2242378,2242591,213,mRNA
6433,2242693,2242945,252,mRNA
6434,2243560,2244414,854,mRNA
6435,2242522,2242591,69,CDS
6436,2242693,2242945,252,CDS
6437,2243560,2244361,801,CDS
6438,2242522,2242591,69,CDS
6439,2242693,2242945,252,CDS
6440,2243560,2244361,801,CDS
6441,2245230,2247383,2153,gene
6442,2245230,2245494,264,ncRNA
6443,2245545,2247383,1838,ncRNA
6444,2245230,2245494,264,ncRNA
6445,2245551,2246207,656,ncRNA
6446,2245230,2245494,264,ncRNA
6447,2245545,2245901,356,ncRNA
6448,2250431,2251275,844,gene
6449,2250431,2251275,844,mRNA
6450,2250533,2251270,737,CDS
6451,2251510,2252341,831,gene
6452,2251510,2252341,831,mRNA
6453,2251572,2252341,769,mRNA
6454,2251584,2252330,746,CDS
6455,2251584,2252330,746,CDS
6456,2253045,2253852,807,gene
6457,2253045,2253852,807,mRNA
6458,2253079,2253834,755,CDS
6459,2254176,2255050,874,gene
6460,2254176,2255050,874,mRNA
6461,2254273,2255040,767,CDS
6462,2257635,2258000,365,gene
6463,2257635,2258000,365,ncRNA
6464,2259396,2259730,334,gene
6465,2259396,2259730,334,ncRNA
6466,2263442,2264241,799,gene
6467,2263442,2263755,313,mRNA
6468,2263816,2264042,226,mRNA
6469,2264097,2264241,144,mRNA
6470,2263442,2263755,313,mRNA
6471,2263816,2264085,269,mRNA
6472,2263558,2263755,197,CDS
6473,2263816,2264042,226,CDS
6474,2264097,2264184,87,CDS
6475,2263558,2263755,197,CDS
6476,2263816,2264046,230,CDS
6477,2264231,2265321,1090,gene
6478,2264772,2265321,549,mRNA
6479,2264483,2264709,226,mRNA
6480,2264231,2264420,189,mRNA
6481,2264772,2265311,539,CDS
6482,2264483,2264709,226,CDS
6483,2264267,2264420,153,CDS
6484,2268106,2269140,1034,gene
6485,2268106,2269140,1034,mRNA
6486,2268299,2269140,841,mRNA
6487,2268356,2269093,737,CDS
6488,2268356,2269093,737,CDS
6489,2271319,2279714,8395,gene
6490,2279630,2279714,84,ncRNA
6491,2271319,2272500,1181,ncRNA
6492,2279630,2279714,84,ncRNA
6493,2275918,2276391,473,ncRNA
6494,2279630,2279714,84,ncRNA
6495,2278118,2279251,1133,ncRNA
6496,2283705,2285003,1298,gene
6497,2284495,2285003,508,ncRNA
6498,2283705,2284325,620,ncRNA
6499,2284767,2285003,236,ncRNA
6500,2283785,2284325,540,ncRNA
6501,2285163,2285926,763,gene
6502,2285163,2285926,763,mRNA
6503,2285174,2285902,728,CDS
6504,2285925,2286873,948,gene
6505,2285925,2286873,948,mRNA
6506,2286050,2286844,794,CDS
6507,2287025,2287933,908,gene
6508,2287682,2287933,251,mRNA
6509,2287539,2287619,80,mRNA
6510,2287025,2287456,431,mRNA
6511,2287682,2287918,236,CDS
6512,2287539,2287619,80,CDS
6513,2287379,2287456,77,CDS
6514,2288503,2289416,913,gene
6515,2288503,2289416,913,mRNA
6516,2288629,2289207,578,CDS
6517,2290224,2290738,514,gene
6518,2290704,2290738,34,mRNA
6519,2290224,2290642,418,mRNA
6520,2290224,2290698,474,mRNA
6521,2290329,2290622,293,CDS
6522,2290329,2290622,293,CDS
6523,2294097,2299243,5146,mobile_element
6524,2300103,2300888,785,gene
6525,2300103,2300504,401,mRNA
6526,2300583,2300888,305,mRNA
6527,2300103,2300795,692,mRNA
6528,2300181,2300717,536,CDS
6529,2300181,2300504,323,CDS
6530,2300583,2300717,134,CDS
6531,2307948,2308872,924,gene
6532,2307948,2308041,93,mRNA
6533,2308142,2308249,107,mRNA
6534,2308305,2308531,226,mRNA
6535,2308581,2308872,291,mRNA
6536,2308027,2308041,14,CDS
6537,2308142,2308249,107,CDS
6538,2308305,2308531,226,CDS
6539,2308581,2308671,90,CDS
6540,2308761,2357356,48595,gene
6541,2357078,2357356,278,mRNA
6542,2323351,2323449,98,mRNA
6543,2310662,2310870,208,mRNA
6544,2310126,2310449,323,mRNA
6545,2309516,2309702,186,mRNA
6546,2308761,2309290,529,mRNA
6547,2357078,2357356,278,mRNA
6548,2330656,2330810,154,mRNA
6549,2323351,2323449,98,mRNA
6550,2310662,2310870,208,mRNA
6551,2310126,2310449,323,mRNA
6552,2309516,2309702,186,mRNA
6553,2308761,2309290,529,mRNA
6554,2357078,2357356,278,mRNA
6555,2330656,2330810,154,mRNA
6556,2310662,2310870,208,mRNA
6557,2310126,2310449,323,mRNA
6558,2309516,2309702,186,mRNA
6559,2308798,2309290,492,mRNA
6560,2310126,2310427,301,CDS
6561,2309516,2309702,186,CDS
6562,2308883,2309290,407,CDS
6563,2310126,2310427,301,CDS
6564,2309516,2309702,186,CDS
6565,2308883,2309290,407,CDS
6566,2310126,2310427,301,CDS
6567,2309516,2309702,186,CDS
6568,2308883,2309290,407,CDS
6569,2311680,2358944,47264,gene
6570,2311680,2312179,499,mRNA
6571,2323383,2324256,873,mRNA
6572,2327404,2327552,148,mRNA
6573,2338380,2338532,152,mRNA
6574,2338765,2341094,2329,mRNA
6575,2346827,2347179,352,mRNA
6576,2350759,2351031,272,mRNA
6577,2352444,2352736,292,mRNA
6578,2352802,2353462,660,mRNA
6579,2353538,2353701,163,mRNA
6580,2353769,2354500,731,mRNA
6581,2354580,2354822,242,mRNA
6582,2356431,2356931,500,mRNA
6583,2357690,2358944,1254,mRNA
6584,2311680,2312179,499,mRNA
6585,2323383,2324256,873,mRNA
6586,2327404,2327552,148,mRNA
6587,2338380,2338532,152,mRNA
6588,2338765,2341094,2329,mRNA
6589,2346827,2347179,352,mRNA
6590,2350759,2351031,272,mRNA
6591,2352444,2352736,292,mRNA
6592,2352802,2353462,660,mRNA
6593,2353538,2353701,163,mRNA
6594,2353769,2354500,731,mRNA
6595,2354580,2354822,242,mRNA
6596,2356431,2356931,500,mRNA
6597,2357690,2358167,477,mRNA
6598,2323766,2324256,490,CDS
6599,2327404,2327552,148,CDS
6600,2338380,2338532,152,CDS
6601,2338765,2341094,2329,CDS
6602,2346827,2347179,352,CDS
6603,2350759,2351031,272,CDS
6604,2352444,2352736,292,CDS
6605,2352802,2353462,660,CDS
6606,2353538,2353701,163,CDS
6607,2353769,2354500,731,CDS
6608,2354580,2354822,242,CDS
6609,2356431,2356931,500,CDS
6610,2357690,2357877,187,CDS
6611,2323766,2324256,490,CDS
6612,2327404,2327552,148,CDS
6613,2338380,2338532,152,CDS
6614,2338765,2341094,2329,CDS
6615,2346827,2347179,352,CDS
6616,2350759,2351031,272,CDS
6617,2352444,2352736,292,CDS
6618,2352802,2353462,660,CDS
6619,2353538,2353701,163,CDS
6620,2353769,2354500,731,CDS
6621,2354580,2354822,242,CDS
6622,2356431,2356931,500,CDS
6623,2357690,2357877,187,CDS
6624,2359142,2365273,6131,gene
6625,2364313,2364721,408,mRNA
6626,2361160,2361585,425,mRNA
6627,2360972,2361092,120,mRNA
6628,2360633,2360801,168,mRNA
6629,2360456,2360569,113,mRNA
6630,2359142,2360393,1251,mRNA
6631,2363405,2363504,99,mRNA
6632,2361160,2361585,425,mRNA
6633,2360972,2361092,120,mRNA
6634,2360633,2360801,168,mRNA
6635,2360456,2360569,113,mRNA
6636,2359142,2360393,1251,mRNA
6637,2365061,2365273,212,mRNA
6638,2361160,2361585,425,mRNA
6639,2360972,2361092,120,mRNA
6640,2360633,2360801,168,mRNA
6641,2360456,2360569,113,mRNA
6642,2359566,2360393,827,mRNA
6643,2364890,2364954,64,mRNA
6644,2361160,2361585,425,mRNA
6645,2360972,2361092,120,mRNA
6646,2360633,2360801,168,mRNA
6647,2360460,2360569,109,mRNA
6648,2359566,2360393,827,mRNA
6649,2364837,2364954,117,mRNA
6650,2361160,2361585,425,mRNA
6651,2360972,2361092,120,mRNA
6652,2360633,2360801,168,mRNA
6653,2360460,2360569,109,mRNA
6654,2359566,2360393,827,mRNA
6655,2364641,2364721,80,mRNA
6656,2361160,2361585,425,mRNA
6657,2360972,2361092,120,mRNA
6658,2360633,2360801,168,mRNA
6659,2360456,2360569,113,mRNA
6660,2359566,2360393,827,mRNA
6661,2364595,2364721,126,mRNA
6662,2361160,2361585,425,mRNA
6663,2360972,2361092,120,mRNA
6664,2360633,2360801,168,mRNA
6665,2360456,2360569,113,mRNA
6666,2359566,2360393,827,mRNA
6667,2362675,2362781,106,mRNA
6668,2361160,2361585,425,mRNA
6669,2360972,2361092,120,mRNA
6670,2360633,2360801,168,mRNA
6671,2360456,2360569,113,mRNA
6672,2359566,2360393,827,mRNA
6673,2361739,2361855,116,mRNA
6674,2361160,2361585,425,mRNA
6675,2360972,2361092,120,mRNA
6676,2360633,2360801,168,mRNA
6677,2360456,2360569,113,mRNA
6678,2359566,2360393,827,mRNA
6679,2361160,2361428,268,CDS
6680,2360972,2361092,120,CDS
6681,2360633,2360801,168,CDS
6682,2360469,2360569,100,CDS
6683,2361160,2361428,268,CDS
6684,2360972,2361092,120,CDS
6685,2360633,2360801,168,CDS
6686,2360469,2360569,100,CDS
6687,2361160,2361428,268,CDS
6688,2360972,2361092,120,CDS
6689,2360633,2360801,168,CDS
6690,2360469,2360569,100,CDS
6691,2361160,2361428,268,CDS
6692,2360972,2361092,120,CDS
6693,2360633,2360801,168,CDS
6694,2360469,2360569,100,CDS
6695,2361160,2361428,268,CDS
6696,2360972,2361092,120,CDS
6697,2360633,2360801,168,CDS
6698,2360469,2360569,100,CDS
6699,2361160,2361428,268,CDS
6700,2360972,2361092,120,CDS
6701,2360633,2360801,168,CDS
6702,2360469,2360569,100,CDS
6703,2361160,2361428,268,CDS
6704,2360972,2361092,120,CDS
6705,2360633,2360801,168,CDS
6706,2360469,2360569,100,CDS
6707,2361160,2361428,268,CDS
6708,2360972,2361092,120,CDS
6709,2360633,2360801,168,CDS
6710,2360469,2360569,100,CDS
6711,2361160,2361428,268,CDS
6712,2360972,2361092,120,CDS
6713,2360633,2360801,168,CDS
6714,2360469,2360569,100,CDS
6715,2365345,2370137,4792,gene
6716,2365345,2365901,556,mRNA
6717,2366275,2368213,1938,mRNA
6718,2368316,2370137,1821,mRNA
6719,2365345,2365728,383,mRNA
6720,2366275,2368213,1938,mRNA
6721,2368316,2370137,1821,mRNA
6722,2365345,2365390,45,mRNA
6723,2366275,2368213,1938,mRNA
6724,2368316,2370137,1821,mRNA
6725,2365594,2365728,134,mRNA
6726,2366275,2368213,1938,mRNA
6727,2368316,2370137,1821,mRNA
6728,2366321,2368213,1892,CDS
6729,2368316,2368981,665,CDS
6730,2366321,2368213,1892,CDS
6731,2368316,2368981,665,CDS
6732,2366321,2368213,1892,CDS
6733,2368316,2368981,665,CDS
6734,2366321,2368213,1892,CDS
6735,2368316,2368981,665,CDS
6736,2370152,2371524,1372,gene
6737,2371048,2371524,476,mRNA
6738,2370612,2370988,376,mRNA
6739,2370152,2370520,368,mRNA
6740,2371042,2371524,482,mRNA
6741,2370612,2370988,376,mRNA
6742,2370152,2370520,368,mRNA
6743,2371048,2371426,378,CDS
6744,2370612,2370988,376,CDS
6745,2370269,2370520,251,CDS
6746,2371042,2371426,384,CDS
6747,2370612,2370988,376,CDS
6748,2370269,2370520,251,CDS
6749,2372455,2374627,2172,gene
6750,2374489,2374627,138,mRNA
6751,2373494,2373722,228,mRNA
6752,2373134,2373425,291,mRNA
6753,2372830,2373076,246,mRNA
6754,2372455,2372770,315,mRNA
6755,2373936,2374061,125,mRNA
6756,2373494,2373722,228,mRNA
6757,2373134,2373425,291,mRNA
6758,2372830,2373076,246,mRNA
6759,2372455,2372770,315,mRNA
6760,2373494,2373737,243,mRNA
6761,2373134,2373425,291,mRNA
6762,2372830,2373076,246,mRNA
6763,2372455,2372770,315,mRNA
6764,2373494,2373701,207,CDS
6765,2373134,2373425,291,CDS
6766,2372830,2373076,246,CDS
6767,2372510,2372770,260,CDS
6768,2373494,2373701,207,CDS
6769,2373134,2373425,291,CDS
6770,2372830,2373076,246,CDS
6771,2372510,2372770,260,CDS
6772,2373494,2373701,207,CDS
6773,2373134,2373425,291,CDS
6774,2372830,2373076,246,CDS
6775,2372510,2372770,260,CDS
6776,2374713,2375697,984,gene
6777,2374713,2374809,96,mRNA
6778,2374866,2375697,831,mRNA
6779,2374756,2374809,53,CDS
6780,2374866,2375639,773,CDS
6781,2374955,2375582,627,gene
6782,2375372,2375582,210,ncRNA
6783,2374955,2375292,337,ncRNA
6784,2375841,2380506,4665,gene
6785,2375841,2376143,302,mRNA
6786,2377132,2378275,1143,mRNA
6787,2378336,2380506,2170,mRNA
6788,2375841,2376143,302,mRNA
6789,2377132,2378275,1143,mRNA
6790,2378336,2380268,1932,mRNA
6791,2376109,2376263,154,mRNA
6792,2377132,2378275,1143,mRNA
6793,2378336,2380268,1932,mRNA
6794,2376333,2376672,339,mRNA
6795,2377132,2378275,1143,mRNA
6796,2378336,2380506,2170,mRNA
6797,2377202,2378275,1073,CDS
6798,2378336,2380177,1841,CDS
6799,2377202,2378275,1073,CDS
6800,2378336,2380177,1841,CDS
6801,2377202,2378275,1073,CDS
6802,2378336,2380177,1841,CDS
6803,2377202,2378275,1073,CDS
6804,2378336,2380177,1841,CDS
6805,2381097,2383073,1976,gene
6806,2381097,2382296,1199,mRNA
6807,2382349,2382560,211,mRNA
6808,2382617,2383073,456,mRNA
6809,2381097,2381125,28,mRNA
6810,2381189,2382296,1107,mRNA
6811,2382349,2382560,211,mRNA
6812,2382617,2383073,456,mRNA
6813,2381334,2382296,962,CDS
6814,2382349,2382560,211,CDS
6815,2382617,2383004,387,CDS
6816,2381334,2382296,962,CDS
6817,2382349,2382560,211,CDS
6818,2382617,2383004,387,CDS
6819,2383202,2384747,1545,gene
6820,2383202,2384043,841,mRNA
6821,2384097,2384747,650,mRNA
6822,2383299,2384043,744,CDS
6823,2384097,2384731,634,CDS
6824,2384761,2385792,1031,gene
6825,2385507,2385792,285,mRNA
6826,2384761,2385415,654,mRNA
6827,2385507,2385792,285,mRNA
6828,2384761,2385445,684,mRNA
6829,2385507,2385792,285,mRNA
6830,2384761,2385451,690,mRNA
6831,2385507,2385702,195,CDS
6832,2384832,2385415,583,CDS
6833,2385507,2385702,195,CDS
6834,2384832,2385445,613,CDS
6835,2385507,2385702,195,CDS
6836,2384832,2385451,619,CDS
6837,2389578,2390689,1111,gene
6838,2389578,2390689,1111,mRNA
6839,2389816,2390689,873,mRNA
6840,2389856,2390635,779,CDS
6841,2389856,2390635,779,CDS
6842,2391660,2410662,19002,gene
6843,2391660,2392117,457,mRNA
6844,2401107,2401333,226,mRNA
6845,2401890,2402294,404,mRNA
6846,2404727,2405057,330,mRNA
6847,2405502,2405738,236,mRNA
6848,2406207,2406857,650,mRNA
6849,2406911,2407096,185,mRNA
6850,2407160,2407375,215,mRNA
6851,2407471,2410662,3191,mRNA
6852,2400295,2400350,55,mRNA
6853,2401107,2401333,226,mRNA
6854,2401890,2402294,404,mRNA
6855,2404727,2405057,330,mRNA
6856,2405502,2405738,236,mRNA
6857,2406207,2406857,650,mRNA
6858,2406911,2407096,185,mRNA
6859,2407160,2407375,215,mRNA
6860,2407471,2410662,3191,mRNA
6861,2400751,2400965,214,mRNA
6862,2401107,2401333,226,mRNA
6863,2401890,2402294,404,mRNA
6864,2404727,2405057,330,mRNA
6865,2405502,2405738,236,mRNA
6866,2406207,2406857,650,mRNA
6867,2406911,2407096,185,mRNA
6868,2407160,2407375,215,mRNA
6869,2407471,2410662,3191,mRNA
6870,2402245,2402294,49,CDS
6871,2404727,2405057,330,CDS
6872,2405502,2405738,236,CDS
6873,2406207,2406857,650,CDS
6874,2406911,2407096,185,CDS
6875,2407160,2407375,215,CDS
6876,2407471,2407698,227,CDS
6877,2402245,2402294,49,CDS
6878,2404727,2405057,330,CDS
6879,2405502,2405738,236,CDS
6880,2406207,2406857,650,CDS
6881,2406911,2407096,185,CDS
6882,2407160,2407375,215,CDS
6883,2407471,2407698,227,CDS
6884,2402245,2402294,49,CDS
6885,2404727,2405057,330,CDS
6886,2405502,2405738,236,CDS
6887,2406207,2406857,650,CDS
6888,2406911,2407096,185,CDS
6889,2407160,2407375,215,CDS
6890,2407471,2407698,227,CDS
6891,2410624,2415322,4698,gene
6892,2414809,2415322,513,mRNA
6893,2411286,2412026,740,mRNA
6894,2411052,2411220,168,mRNA
6895,2410624,2410989,365,mRNA
6896,2414809,2414902,93,CDS
6897,2411286,2412026,740,CDS
6898,2411052,2411220,168,CDS
6899,2410884,2410989,105,CDS
6900,2415359,2416720,1361,gene
6901,2415359,2416720,1361,mRNA
6902,2416436,2416656,220,mRNA
6903,2415434,2416379,945,mRNA
6904,2415503,2416621,1118,CDS
6905,2416436,2416470,34,CDS
6906,2415503,2416379,876,CDS
6907,2416792,2417965,1173,gene
6908,2417814,2417965,151,mRNA
6909,2416990,2417751,761,mRNA
6910,2416792,2416929,137,mRNA
6911,2417814,2417965,151,CDS
6912,2416990,2417751,761,CDS
6913,2416809,2416929,120,CDS
6914,2418422,2420013,1591,gene
6915,2419734,2420013,279,mRNA
6916,2419551,2419665,114,mRNA
6917,2418422,2419498,1076,mRNA
6918,2419734,2419804,70,mRNA
6919,2419551,2419665,114,mRNA
6920,2418422,2419498,1076,mRNA
6921,2419734,2419764,30,CDS
6922,2419551,2419665,114,CDS
6923,2418475,2419498,1023,CDS
6924,2419734,2419764,30,CDS
6925,2419551,2419665,114,CDS
6926,2418475,2419498,1023,CDS
6927,2420830,2424647,3817,gene
6928,2420830,2422029,1199,mRNA
6929,2422086,2424647,2561,mRNA
6930,2420830,2422029,1199,mRNA
6931,2422086,2422910,824,mRNA
6932,2420896,2422029,1133,CDS
6933,2422086,2422415,329,CDS
6934,2420896,2422029,1133,CDS
6935,2422086,2422415,329,CDS
6936,2424797,2425041,244,gene
6937,2424797,2425041,244,mRNA
6938,2424841,2425011,170,CDS
6939,2427050,2427881,831,gene
6940,2427050,2427881,831,ncRNA
6941,2428372,2459823,31451,gene
6942,2428372,2429050,678,mRNA
6943,2455057,2455938,881,mRNA
6944,2457662,2459823,2161,mRNA
6945,2450193,2450325,132,mRNA
6946,2455057,2455938,881,mRNA
6947,2457662,2459823,2161,mRNA
6948,2451229,2452414,1185,mRNA
6949,2455057,2455938,881,mRNA
6950,2457662,2459823,2161,mRNA
6951,2454737,2454908,171,mRNA
6952,2455057,2455938,881,mRNA
6953,2457662,2459823,2161,mRNA
6954,2455071,2455938,867,CDS
6955,2457662,2458560,898,CDS
6956,2455071,2455938,867,CDS
6957,2457662,2458560,898,CDS
6958,2455071,2455938,867,CDS
6959,2457662,2458560,898,CDS
6960,2455071,2455938,867,CDS
6961,2457662,2458560,898,CDS
6962,2459924,2460044,120,gene
6963,2460008,2460044,36,tRNA
6964,2459924,2459959,35,tRNA
6965,2462593,2462686,93,gene
6966,2462593,2462629,36,tRNA
6967,2462651,2462686,35,tRNA
6968,2471644,2472978,1334,gene
6969,2471644,2472978,1334,ncRNA
6970,2488197,2492671,4474,gene
6971,2492493,2492671,178,mRNA
6972,2492259,2492418,159,mRNA
6973,2491513,2492201,688,mRNA
6974,2490733,2491442,709,mRNA
6975,2488197,2490678,2481,mRNA
6976,2492493,2492671,178,mRNA
6977,2492259,2492418,159,mRNA
6978,2491513,2492201,688,mRNA
6979,2490733,2491442,709,mRNA
6980,2490220,2490678,458,mRNA
6981,2492493,2492520,27,CDS
6982,2492259,2492418,159,CDS
6983,2491513,2492201,688,CDS
6984,2490733,2491442,709,CDS
6985,2490346,2490678,332,CDS
6986,2492493,2492520,27,CDS
6987,2492259,2492418,159,CDS
6988,2491513,2492201,688,CDS
6989,2490733,2491442,709,CDS
6990,2490346,2490678,332,CDS
6991,2492955,2498846,5891,gene
6992,2492955,2493296,341,mRNA
6993,2495374,2495487,113,mRNA
6994,2495570,2495888,318,mRNA
6995,2496399,2498846,2447,mRNA
6996,2492955,2493296,341,mRNA
6997,2495374,2495487,113,mRNA
6998,2495570,2495888,318,mRNA
6999,2496399,2498846,2447,mRNA
7000,2492955,2493296,341,mRNA
7001,2495374,2495487,113,mRNA
7002,2495570,2495888,318,mRNA
7003,2496399,2498454,2055,mRNA
7004,2492955,2493296,341,mRNA
7005,2495374,2495487,113,mRNA
7006,2495570,2495888,318,mRNA
7007,2496399,2497357,958,mRNA
7008,2493030,2493296,266,CDS
7009,2495374,2495487,113,CDS
7010,2495570,2495888,318,CDS
7011,2496399,2497162,763,CDS
7012,2493030,2493296,266,CDS
7013,2495374,2495487,113,CDS
7014,2495570,2495888,318,CDS
7015,2496399,2496697,298,CDS
7016,2493030,2493296,266,CDS
7017,2495374,2495487,113,CDS
7018,2495570,2495888,318,CDS
7019,2496399,2496697,298,CDS
7020,2493030,2493296,266,CDS
7021,2495374,2495487,113,CDS
7022,2495570,2495888,318,CDS
7023,2496399,2496697,298,CDS
7024,2507312,2507596,284,gene
7025,2507312,2507596,284,ncRNA
7026,2517102,2518037,935,gene
7027,2517651,2518037,386,mRNA
7028,2517102,2517597,495,mRNA
7029,2517651,2517956,305,CDS
7030,2517196,2517597,401,CDS
7031,2517205,2518845,1640,gene
7032,2517205,2517595,390,ncRNA
7033,2517669,2518845,1176,ncRNA
7034,2532999,2533569,570,gene
7035,2532999,2533569,570,ncRNA
7036,2551145,2552825,1680,gene
7037,2552500,2552825,325,mRNA
7038,2551145,2552329,1184,mRNA
7039,2552500,2552754,254,CDS
7040,2551397,2552329,932,CDS
7041,2555750,2556089,339,gene
7042,2555750,2556089,339,ncRNA
7043,2562483,2564830,2347,gene
7044,2564577,2564830,253,mRNA
7045,2564171,2564522,351,mRNA
7046,2563700,2564119,419,mRNA
7047,2563504,2563627,123,mRNA
7048,2563133,2563396,263,mRNA
7049,2562483,2563065,582,mRNA
7050,2564577,2564830,253,mRNA
7051,2564171,2564522,351,mRNA
7052,2563700,2564119,419,mRNA
7053,2563504,2563627,123,mRNA
7054,2563133,2563396,263,mRNA
7055,2562885,2563065,180,mRNA
7056,2564577,2564776,199,CDS
7057,2564171,2564522,351,CDS
7058,2563700,2564119,419,CDS
7059,2563504,2563627,123,CDS
7060,2563133,2563396,263,CDS
7061,2562905,2563065,160,CDS
7062,2564577,2564776,199,CDS
7063,2564171,2564522,351,CDS
7064,2563700,2564119,419,CDS
7065,2563504,2563627,123,CDS
7066,2563133,2563396,263,CDS
7067,2562905,2563065,160,CDS
7068,2564886,2573037,8151,gene
7069,2572720,2573037,317,mRNA
7070,2572315,2572666,351,mRNA
7071,2571831,2572253,422,mRNA
7072,2571650,2571773,123,mRNA
7073,2565304,2565567,263,mRNA
7074,2564886,2565248,362,mRNA
7075,2572720,2573009,289,CDS
7076,2572315,2572666,351,CDS
7077,2571831,2572253,422,CDS
7078,2571650,2571773,123,CDS
7079,2565304,2565567,263,CDS
7080,2565085,2565248,163,CDS
7081,2565593,2571603,6010,mobile_element
7082,2573436,2575052,1616,gene
7083,2573436,2575052,1616,gene
7084,2574876,2575052,176,mRNA
7085,2574276,2574815,539,mRNA
7086,2573436,2574202,766,mRNA
7087,2574876,2575052,176,mRNA
7088,2574276,2574815,539,mRNA
7089,2573436,2574202,766,mRNA
7090,2574276,2574380,104,CDS
7091,2573483,2574202,719,CDS
7092,2574876,2574981,105,CDS
7093,2574382,2574815,433,CDS
7094,2575280,2576997,1717,gene
7095,2576637,2576997,360,mRNA
7096,2575280,2576572,1292,mRNA
7097,2576637,2576678,41,mRNA
7098,2575280,2576572,1292,mRNA
7099,2576637,2576645,8,CDS
7100,2575451,2576572,1121,CDS
7101,2576637,2576645,8,CDS
7102,2575451,2576572,1121,CDS
7103,2577687,2579179,1492,gene
7104,2577687,2579179,1492,mRNA
7105,2577863,2579008,1145,CDS
7106,2579201,2580172,971,gene
7107,2580015,2580047,32,mRNA
7108,2579860,2579955,95,mRNA
7109,2579619,2579796,177,mRNA
7110,2579483,2579567,84,mRNA
7111,2579201,2579426,225,mRNA
7112,2580140,2580172,32,mRNA
7113,2579860,2580070,210,mRNA
7114,2579619,2579796,177,mRNA
7115,2579483,2579567,84,mRNA
7116,2579257,2579426,169,mRNA
7117,2579860,2580047,187,mRNA
7118,2579619,2579796,177,mRNA
7119,2579483,2579567,84,mRNA
7120,2579257,2579426,169,mRNA
7121,2579860,2579954,94,CDS
7122,2579619,2579796,177,CDS
7123,2579483,2579567,84,CDS
7124,2579356,2579426,70,CDS
7125,2579860,2579954,94,CDS
7126,2579619,2579796,177,CDS
7127,2579483,2579567,84,CDS
7128,2579356,2579426,70,CDS
7129,2579860,2579954,94,CDS
7130,2579619,2579796,177,CDS
7131,2579483,2579567,84,CDS
7132,2579356,2579426,70,CDS
7133,2580292,2581423,1131,gene
7134,2580292,2580581,289,mRNA
7135,2580644,2581423,779,mRNA
7136,2580292,2580581,289,mRNA
7137,2580644,2581138,494,mRNA
7138,2580369,2580581,212,CDS
7139,2580644,2580886,242,CDS
7140,2580369,2580581,212,CDS
7141,2580644,2580886,242,CDS
7142,2581281,2585430,4149,gene
7143,2585170,2585430,260,mRNA
7144,2584257,2584401,144,mRNA
7145,2583534,2584198,664,mRNA
7146,2582867,2583318,451,mRNA
7147,2582466,2582811,345,mRNA
7148,2582174,2582402,228,mRNA
7149,2581898,2582109,211,mRNA
7150,2581281,2581838,557,mRNA
7151,2585170,2585430,260,mRNA
7152,2584257,2584401,144,mRNA
7153,2583534,2584198,664,mRNA
7154,2582867,2583318,451,mRNA
7155,2582466,2582811,345,mRNA
7156,2582174,2582402,228,mRNA
7157,2581898,2582109,211,mRNA
7158,2581438,2581838,400,mRNA
7159,2585170,2585271,101,CDS
7160,2584257,2584401,144,CDS
7161,2583534,2584198,664,CDS
7162,2582867,2583318,451,CDS
7163,2582466,2582811,345,CDS
7164,2582174,2582402,228,CDS
7165,2581898,2582109,211,CDS
7166,2581782,2581838,56,CDS
7167,2585170,2585271,101,CDS
7168,2584257,2584401,144,CDS
7169,2583534,2584198,664,CDS
7170,2582867,2583318,451,CDS
7171,2582466,2582811,345,CDS
7172,2582174,2582402,228,CDS
7173,2581898,2582109,211,CDS
7174,2581782,2581838,56,CDS
7175,2591869,2592773,904,gene
7176,2591869,2592009,140,mRNA
7177,2592071,2592229,158,mRNA
7178,2592289,2592773,484,mRNA
7179,2592128,2592229,101,mRNA
7180,2592289,2592773,484,mRNA
7181,2592160,2592229,69,CDS
7182,2592289,2592698,409,CDS
7183,2592160,2592229,69,CDS
7184,2592289,2592698,409,CDS
7185,2598608,2599860,1252,gene
7186,2599516,2599860,344,ncRNA
7187,2598608,2599105,497,ncRNA
7188,2601033,2601721,688,gene
7189,2601033,2601721,688,ncRNA
7190,2609994,2611283,1289,gene
7191,2609994,2610421,427,mRNA
7192,2610478,2611283,805,mRNA
7193,2610167,2610421,254,CDS
7194,2610478,2611050,572,CDS
7195,2620187,2620782,595,gene
7196,2620187,2620782,595,mRNA
7197,2620433,2620561,128,CDS
7198,2625456,2627986,2530,gene
7199,2625456,2627986,2530,ncRNA
7200,2637669,2638540,871,gene
7201,2637669,2638540,871,ncRNA
7202,2639185,2640081,896,gene
7203,2639185,2640081,896,ncRNA
7204,2646030,2646281,251,gene
7205,2646030,2646281,251,ncRNA
7206,2646577,2647720,1143,gene
7207,2646577,2647720,1143,mRNA
7208,2646686,2647645,959,CDS
7209,2647886,2648361,475,gene
7210,2647886,2648361,475,mRNA
7211,2647924,2648361,437,CDS
7212,2648360,2652414,4054,gene
7213,2652123,2652414,291,mRNA
7214,2650033,2652062,2029,mRNA
7215,2648360,2649967,1607,mRNA
7216,2652123,2652414,291,mRNA
7217,2648360,2652062,3702,mRNA
7218,2652123,2652291,168,CDS
7219,2648440,2652062,3622,CDS
7220,2652123,2652291,168,CDS
7221,2650033,2652062,2029,CDS
7222,2649956,2649967,11,CDS
7223,2653046,2653926,880,gene
7224,2653046,2653237,191,mRNA
7225,2653289,2653926,637,mRNA
7226,2653147,2653237,90,CDS
7227,2653289,2653845,556,CDS
7228,2654049,2655462,1413,gene
7229,2654049,2654858,809,mRNA
7230,2654910,2655462,552,mRNA
7231,2654143,2654858,715,CDS
7232,2654910,2655333,423,CDS
7233,2655394,2657102,1708,gene
7234,2655394,2655556,162,mRNA
7235,2655619,2657102,1483,mRNA
7236,2655394,2655556,162,mRNA
7237,2655619,2656212,593,mRNA
7238,2655460,2655556,96,CDS
7239,2655619,2656154,535,CDS
7240,2655460,2655556,96,CDS
7241,2655619,2656154,535,CDS
7242,2661258,2663025,1767,mobile_element
7243,2665062,2666265,1203,gene
7244,2665062,2665198,136,mRNA
7245,2665256,2666265,1009,mRNA
7246,2665143,2665198,55,CDS
7247,2665256,2666195,939,CDS
7248,2669823,2672186,2363,gene
7249,2669823,2670692,869,mRNA
7250,2671862,2672020,158,mRNA
7251,2672076,2672186,110,mRNA
7252,2669823,2670692,869,CDS
7253,2671862,2672020,158,CDS
7254,2672076,2672159,83,CDS
7255,2670923,2671804,881,mRNA
7256,2671862,2672020,158,mRNA
7257,2672076,2672186,110,mRNA
7258,2670923,2671804,881,CDS
7259,2671862,2672020,158,CDS
7260,2672076,2672159,83,CDS
7261,2677734,2719431,41697,gene
7262,2677734,2678057,323,mRNA
7263,2683868,2684151,283,mRNA
7264,2704926,2705036,110,mRNA
7265,2710499,2711916,1417,mRNA
7266,2712022,2712136,114,mRNA
7267,2718294,2718774,480,mRNA
7268,2718840,2718924,84,mRNA
7269,2719002,2719431,429,mRNA
7270,2684123,2684151,28,CDS
7271,2704926,2705036,110,CDS
7272,2710499,2711916,1417,CDS
7273,2712022,2712136,114,CDS
7274,2718294,2718774,480,CDS
7275,2718840,2718924,84,CDS
7276,2719002,2719342,340,CDS
7277,2695330,2696437,1107,gene
7278,2696394,2696437,43,mRNA
7279,2696053,2696337,284,mRNA
7280,2695330,2695994,664,mRNA
7281,2696394,2696407,13,CDS
7282,2696053,2696337,284,CDS
7283,2695376,2695994,618,CDS
7284,2713414,2713444,30,mobile_element
7285,2725674,2739830,14156,gene
7286,2725674,2725738,64,mRNA
7287,2726227,2726335,108,mRNA
7288,2737032,2737321,289,mRNA
7289,2737422,2737567,145,mRNA
7290,2737662,2737900,238,mRNA
7291,2738075,2738382,307,mRNA
7292,2738447,2738615,168,mRNA
7293,2738683,2738783,100,mRNA
7294,2738869,2739024,155,mRNA
7295,2739089,2739297,208,mRNA
7296,2739362,2739830,468,mRNA
7297,2725730,2725738,8,CDS
7298,2726227,2726335,108,CDS
7299,2737032,2737321,289,CDS
7300,2737422,2737567,145,CDS
7301,2737662,2737900,238,CDS
7302,2738075,2738382,307,CDS
7303,2738447,2738615,168,CDS
7304,2738683,2738783,100,CDS
7305,2738869,2739024,155,CDS
7306,2739089,2739297,208,CDS
7307,2739362,2739500,138,CDS
7308,2730104,2730469,365,mRNA
7309,2736130,2736430,300,mRNA
7310,2737032,2737321,289,mRNA
7311,2737422,2737567,145,mRNA
7312,2737662,2737900,238,mRNA
7313,2738075,2738382,307,mRNA
7314,2738447,2738615,168,mRNA
7315,2738683,2738783,100,mRNA
7316,2738869,2739024,155,mRNA
7317,2739089,2739297,208,mRNA
7318,2739362,2739830,468,mRNA
7319,2730104,2730469,365,mRNA
7320,2736174,2736430,256,mRNA
7321,2737032,2737321,289,mRNA
7322,2737422,2737567,145,mRNA
7323,2737662,2737900,238,mRNA
7324,2738075,2738382,307,mRNA
7325,2738447,2738615,168,mRNA
7326,2738683,2738783,100,mRNA
7327,2738869,2739024,155,mRNA
7328,2739089,2739297,208,mRNA
7329,2739362,2739830,468,mRNA
7330,2730104,2730372,268,mRNA
7331,2736174,2736430,256,mRNA
7332,2737032,2737321,289,mRNA
7333,2737422,2737567,145,mRNA
7334,2737662,2737900,238,mRNA
7335,2738075,2738382,307,mRNA
7336,2738447,2738615,168,mRNA
7337,2738683,2738783,100,mRNA
7338,2738869,2739024,155,mRNA
7339,2739089,2739297,208,mRNA
7340,2739362,2739830,468,mRNA
7341,2730104,2730372,268,mRNA
7342,2736311,2736430,119,mRNA
7343,2737032,2737321,289,mRNA
7344,2737422,2737567,145,mRNA
7345,2737662,2737900,238,mRNA
7346,2738075,2738382,307,mRNA
7347,2738447,2738615,168,mRNA
7348,2738683,2738783,100,mRNA
7349,2738869,2739024,155,mRNA
7350,2739089,2739297,208,mRNA
7351,2739362,2739830,468,mRNA
7352,2730836,2730892,56,mRNA
7353,2736174,2736430,256,mRNA
7354,2737032,2737321,289,mRNA
7355,2737422,2737567,145,mRNA
7356,2737662,2737900,238,mRNA
7357,2738075,2738382,307,mRNA
7358,2738447,2738615,168,mRNA
7359,2738683,2738783,100,mRNA
7360,2738869,2739024,155,mRNA
7361,2739089,2739297,208,mRNA
7362,2739362,2739830,468,mRNA
7363,2735814,2736430,616,mRNA
7364,2737032,2737321,289,mRNA
7365,2737422,2737567,145,mRNA
7366,2737662,2737900,238,mRNA
7367,2738075,2738382,307,mRNA
7368,2738447,2738615,168,mRNA
7369,2738683,2738783,100,mRNA
7370,2738869,2739024,155,mRNA
7371,2739089,2739297,208,mRNA
7372,2739362,2739830,468,mRNA
7373,2735814,2736136,322,mRNA
7374,2736311,2736430,119,mRNA
7375,2737032,2737321,289,mRNA
7376,2737422,2737567,145,mRNA
7377,2737662,2737900,238,mRNA
7378,2738075,2738382,307,mRNA
7379,2738447,2738615,168,mRNA
7380,2738683,2738783,100,mRNA
7381,2738869,2739024,155,mRNA
7382,2739089,2739297,208,mRNA
7383,2739362,2739830,468,mRNA
7384,2736340,2736430,90,CDS
7385,2737032,2737321,289,CDS
7386,2737422,2737567,145,CDS
7387,2737662,2737900,238,CDS
7388,2738075,2738382,307,CDS
7389,2738447,2738615,168,CDS
7390,2738683,2738783,100,CDS
7391,2738869,2739024,155,CDS
7392,2739089,2739297,208,CDS
7393,2739362,2739500,138,CDS
7394,2736340,2736430,90,CDS
7395,2737032,2737321,289,CDS
7396,2737422,2737567,145,CDS
7397,2737662,2737900,238,CDS
7398,2738075,2738382,307,CDS
7399,2738447,2738615,168,CDS
7400,2738683,2738783,100,CDS
7401,2738869,2739024,155,CDS
7402,2739089,2739297,208,CDS
7403,2739362,2739500,138,CDS
7404,2736340,2736430,90,CDS
7405,2737032,2737321,289,CDS
7406,2737422,2737567,145,CDS
7407,2737662,2737900,238,CDS
7408,2738075,2738382,307,CDS
7409,2738447,2738615,168,CDS
7410,2738683,2738783,100,CDS
7411,2738869,2739024,155,CDS
7412,2739089,2739297,208,CDS
7413,2739362,2739500,138,CDS
7414,2736340,2736430,90,CDS
7415,2737032,2737321,289,CDS
7416,2737422,2737567,145,CDS
7417,2737662,2737900,238,CDS
7418,2738075,2738382,307,CDS
7419,2738447,2738615,168,CDS
7420,2738683,2738783,100,CDS
7421,2738869,2739024,155,CDS
7422,2739089,2739297,208,CDS
7423,2739362,2739500,138,CDS
7424,2736340,2736430,90,CDS
7425,2737032,2737321,289,CDS
7426,2737422,2737567,145,CDS
7427,2737662,2737900,238,CDS
7428,2738075,2738382,307,CDS
7429,2738447,2738615,168,CDS
7430,2738683,2738783,100,CDS
7431,2738869,2739024,155,CDS
7432,2739089,2739297,208,CDS
7433,2739362,2739500,138,CDS
7434,2736340,2736430,90,CDS
7435,2737032,2737321,289,CDS
7436,2737422,2737567,145,CDS
7437,2737662,2737900,238,CDS
7438,2738075,2738382,307,CDS
7439,2738447,2738615,168,CDS
7440,2738683,2738783,100,CDS
7441,2738869,2739024,155,CDS
7442,2739089,2739297,208,CDS
7443,2739362,2739500,138,CDS
7444,2736340,2736430,90,CDS
7445,2737032,2737321,289,CDS
7446,2737422,2737567,145,CDS
7447,2737662,2737900,238,CDS
7448,2738075,2738382,307,CDS
7449,2738447,2738615,168,CDS
7450,2738683,2738783,100,CDS
7451,2738869,2739024,155,CDS
7452,2739089,2739297,208,CDS
7453,2739362,2739500,138,CDS
7454,2737568,2737661,93,gene
7455,2737568,2737661,93,precursor_RNA
7456,2737568,2737589,21,ncRNA
7457,2739986,2743377,3391,gene
7458,2739986,2740034,48,mRNA
7459,2740140,2740211,71,mRNA
7460,2740389,2740473,84,mRNA
7461,2740520,2740784,264,mRNA
7462,2741108,2741482,374,mRNA
7463,2741559,2743377,1818,mRNA
7464,2740042,2740211,169,mRNA
7465,2740389,2740473,84,mRNA
7466,2740520,2740784,264,mRNA
7467,2741108,2741482,374,mRNA
7468,2741559,2743377,1818,mRNA
7469,2740181,2740211,30,CDS
7470,2740389,2740473,84,CDS
7471,2740520,2740784,264,CDS
7472,2741108,2741482,374,CDS
7473,2741559,2743085,1526,CDS
7474,2740181,2740211,30,CDS
7475,2740389,2740473,84,CDS
7476,2740520,2740784,264,CDS
7477,2741108,2741482,374,CDS
7478,2741559,2743085,1526,CDS
7479,2740995,2741051,56,mRNA
7480,2741108,2741482,374,mRNA
7481,2741559,2743377,1818,mRNA
7482,2741010,2741051,41,CDS
7483,2741108,2741482,374,CDS
7484,2741559,2743085,1526,CDS
7485,2743375,2744934,1559,gene
7486,2744767,2744934,167,mRNA
7487,2744615,2744712,97,mRNA
7488,2743375,2744537,1162,mRNA
7489,2744767,2744934,167,mRNA
7490,2744604,2744712,108,mRNA
7491,2743375,2744537,1162,mRNA
7492,2744767,2744924,157,CDS
7493,2744604,2744712,108,CDS
7494,2743458,2744537,1079,CDS
7495,2744767,2744924,157,CDS
7496,2744615,2744712,97,CDS
7497,2744485,2744537,52,CDS
7498,2745098,2746944,1846,gene
7499,2745098,2745216,118,mRNA
7500,2745272,2745494,222,mRNA
7501,2745557,2746944,1387,mRNA
7502,2745199,2745216,17,CDS
7503,2745272,2745494,222,CDS
7504,2745557,2746881,1324,CDS
7505,2746880,2753068,6188,gene
7506,2752995,2753068,73,mRNA
7507,2748320,2748792,472,mRNA
7508,2747311,2748255,944,mRNA
7509,2746880,2747252,372,mRNA
7510,2750914,2750989,75,mRNA
7511,2748320,2748792,472,mRNA
7512,2747311,2748255,944,mRNA
7513,2746880,2747252,372,mRNA
7514,2750079,2750147,68,mRNA
7515,2748320,2748792,472,mRNA
7516,2747311,2748255,944,mRNA
7517,2746880,2747252,372,mRNA
7518,2749212,2749313,101,mRNA
7519,2748320,2748792,472,mRNA
7520,2747311,2748255,944,mRNA
7521,2746880,2747252,372,mRNA
7522,2748320,2748487,167,mRNA
7523,2747311,2748255,944,mRNA
7524,2746880,2747252,372,mRNA
7525,2748320,2748381,61,CDS
7526,2747311,2748255,944,CDS
7527,2747012,2747252,240,CDS
7528,2748320,2748381,61,CDS
7529,2747311,2748255,944,CDS
7530,2747012,2747252,240,CDS
7531,2748320,2748381,61,CDS
7532,2747311,2748255,944,CDS
7533,2747012,2747252,240,CDS
7534,2748320,2748381,61,CDS
7535,2747311,2748255,944,CDS
7536,2747012,2747252,240,CDS
7537,2748320,2748381,61,CDS
7538,2747311,2748255,944,CDS
7539,2747012,2747252,240,CDS
7540,2752445,2757975,5530,gene
7541,2752445,2752840,395,mRNA
7542,2753372,2753660,288,mRNA
7543,2756008,2756170,162,mRNA
7544,2756245,2757920,1675,mRNA
7545,2752800,2752837,37,mRNA
7546,2753372,2753660,288,mRNA
7547,2756008,2756170,162,mRNA
7548,2756245,2757975,1730,mRNA
7549,2752800,2752840,40,mRNA
7550,2753372,2753660,288,mRNA
7551,2756008,2756170,162,mRNA
7552,2756245,2756663,418,mRNA
7553,2753233,2753660,427,mRNA
7554,2756008,2756170,162,mRNA
7555,2756245,2756663,418,mRNA
7556,2753415,2753660,245,CDS
7557,2756008,2756170,162,CDS
7558,2756245,2756294,49,CDS
7559,2753415,2753660,245,CDS
7560,2756008,2756170,162,CDS
7561,2756245,2756294,49,CDS
7562,2753415,2753660,245,CDS
7563,2756008,2756170,162,CDS
7564,2756245,2756294,49,CDS
7565,2753415,2753660,245,CDS
7566,2756008,2756170,162,CDS
7567,2756245,2756294,49,CDS
7568,2757940,2758176,236,gene
7569,2757940,2758176,236,ncRNA
7570,2758427,2759677,1250,gene
7571,2758427,2759677,1250,gene
7572,2758427,2759677,1250,mRNA
7573,2758427,2759677,1250,mRNA
7574,2758550,2759224,674,CDS
7575,2759243,2759647,404,CDS
7576,2759924,2763889,3965,gene
7577,2759924,2760146,222,mRNA
7578,2760217,2761308,1091,mRNA
7579,2761504,2761670,166,mRNA
7580,2761724,2763088,1364,mRNA
7581,2763151,2763889,738,mRNA
7582,2759924,2760146,222,mRNA
7583,2760217,2761308,1091,mRNA
7584,2761504,2761670,166,mRNA
7585,2761724,2763088,1364,mRNA
7586,2763151,2763610,459,mRNA
7587,2760033,2760146,113,CDS
7588,2760217,2761308,1091,CDS
7589,2761504,2761670,166,CDS
7590,2761724,2763088,1364,CDS
7591,2763151,2763211,60,CDS
7592,2760033,2760146,113,CDS
7593,2760217,2761308,1091,CDS
7594,2761504,2761670,166,CDS
7595,2761724,2763088,1364,CDS
7596,2763151,2763211,60,CDS
7597,2763416,2765665,2249,gene
7598,2765505,2765665,160,mRNA
7599,2765284,2765427,143,mRNA
7600,2764505,2765198,693,mRNA
7601,2763416,2764441,1025,mRNA
7602,2765496,2765665,169,mRNA
7603,2765284,2765427,143,mRNA
7604,2764505,2765198,693,mRNA
7605,2764078,2764441,363,mRNA
7606,2765496,2765502,6,CDS
7607,2765284,2765427,143,CDS
7608,2764505,2765198,693,CDS
7609,2764306,2764441,135,CDS
7610,2765284,2765416,132,CDS
7611,2764505,2765198,693,CDS
7612,2764306,2764441,135,CDS
7613,2766233,2767281,1048,gene
7614,2766233,2766707,474,mRNA
7615,2766767,2767281,514,mRNA
7616,2766233,2766707,474,mRNA
7617,2766767,2767154,387,mRNA
7618,2766315,2766707,392,CDS
7619,2766767,2767090,323,CDS
7620,2766315,2766707,392,CDS
7621,2766767,2767090,323,CDS
7622,2767286,2767845,559,gene
7623,2767286,2767845,559,mRNA
7624,2767337,2767777,440,CDS
7625,2767890,2768612,722,gene
7626,2767890,2768226,336,mRNA
7627,2768286,2768612,326,mRNA
7628,2767981,2768226,245,CDS
7629,2768286,2768543,257,CDS
7630,2768590,2770069,1479,gene
7631,2768590,2770069,1479,mRNA
7632,2768618,2770066,1448,mRNA
7633,2768645,2769565,920,CDS
7634,2768645,2769565,920,CDS
7635,2770135,2770904,769,gene
7636,2770135,2770191,56,mRNA
7637,2770259,2770400,141,mRNA
7638,2770460,2770904,444,mRNA
7639,2770135,2770191,56,mRNA
7640,2770259,2770400,141,mRNA
7641,2770460,2770808,348,mRNA
7642,2770151,2770191,40,CDS
7643,2770259,2770400,141,CDS
7644,2770460,2770729,269,CDS
7645,2770151,2770191,40,CDS
7646,2770259,2770400,141,CDS
7647,2770460,2770729,269,CDS
7648,2770194,2770400,206,mRNA
7649,2770460,2770808,348,mRNA
7650,2770290,2770400,110,CDS
7651,2770460,2770729,269,CDS
7652,2770884,2771776,892,gene
7653,2771675,2771776,101,mRNA
7654,2770884,2771605,721,mRNA
7655,2771675,2771735,60,CDS
7656,2770938,2771605,667,CDS
7657,2772327,2799979,27652,gene
7658,2799909,2799979,70,mRNA
7659,2798486,2798836,350,mRNA
7660,2793648,2793908,260,mRNA
7661,2793328,2793587,259,mRNA
7662,2793175,2793264,89,mRNA
7663,2792482,2792676,194,mRNA
7664,2792195,2792371,176,mRNA
7665,2787054,2787168,114,mRNA
7666,2785539,2785672,133,mRNA
7667,2783041,2783274,233,mRNA
7668,2779183,2782839,3656,mRNA
7669,2772327,2772653,326,mRNA
7670,2772653,2779175,6522,mobile_element
7671,2799909,2799979,70,mRNA
7672,2793648,2793908,260,mRNA
7673,2793328,2793587,259,mRNA
7674,2793175,2793264,89,mRNA
7675,2792482,2792676,194,mRNA
7676,2792195,2792371,176,mRNA
7677,2787054,2787168,114,mRNA
7678,2785539,2785672,133,mRNA
7679,2783041,2783274,233,mRNA
7680,2779267,2782839,3572,mRNA
7681,2795489,2795544,55,mRNA
7682,2793648,2793908,260,mRNA
7683,2793328,2793587,259,mRNA
7684,2793175,2793270,95,mRNA
7685,2792482,2792676,194,mRNA
7686,2792195,2792371,176,mRNA
7687,2787054,2787162,108,mRNA
7688,2785539,2785672,133,mRNA
7689,2783041,2783274,233,mRNA
7690,2779267,2782940,3673,mRNA
7691,2799909,2799979,70,mRNA
7692,2798486,2798836,350,mRNA
7693,2793648,2793908,260,mRNA
7694,2793328,2793587,259,mRNA
7695,2793175,2793264,89,mRNA
7696,2792482,2792676,194,mRNA
7697,2792195,2792371,176,mRNA
7698,2787054,2787168,114,mRNA
7699,2785539,2785672,133,mRNA
7700,2783041,2783274,233,mRNA
7701,2780741,2782839,2098,mRNA
7702,2799909,2799979,70,mRNA
7703,2798486,2798836,350,mRNA
7704,2793648,2793908,260,mRNA
7705,2793328,2793587,259,mRNA
7706,2793175,2793270,95,mRNA
7707,2792482,2792676,194,mRNA
7708,2792195,2792371,176,mRNA
7709,2787054,2787165,111,mRNA
7710,2785539,2785672,133,mRNA
7711,2783041,2783274,233,mRNA
7712,2780741,2782839,2098,mRNA
7713,2799909,2799979,70,mRNA
7714,2798486,2798836,350,mRNA
7715,2793648,2793908,260,mRNA
7716,2793328,2793587,259,mRNA
7717,2793175,2793270,95,mRNA
7718,2792482,2792676,194,mRNA
7719,2792195,2792371,176,mRNA
7720,2787054,2787168,114,mRNA
7721,2785539,2785672,133,mRNA
7722,2783041,2783274,233,mRNA
7723,2780741,2782839,2098,mRNA
7724,2799909,2799979,70,mRNA
7725,2798486,2798836,350,mRNA
7726,2793648,2793908,260,mRNA
7727,2793328,2793587,259,mRNA
7728,2793175,2793270,95,mRNA
7729,2792482,2792676,194,mRNA
7730,2792195,2792371,176,mRNA
7731,2789347,2789946,599,mRNA
7732,2787054,2787168,114,mRNA
7733,2785539,2785672,133,mRNA
7734,2783041,2783274,233,mRNA
7735,2780741,2782839,2098,mRNA
7736,2799909,2799979,70,mRNA
7737,2798486,2798836,350,mRNA
7738,2793648,2793908,260,mRNA
7739,2792482,2793587,1105,mRNA
7740,2792195,2792371,176,mRNA
7741,2787054,2787168,114,mRNA
7742,2785539,2785672,133,mRNA
7743,2783041,2783274,233,mRNA
7744,2780741,2782839,2098,mRNA
7745,2793648,2793888,240,CDS
7746,2793328,2793587,259,CDS
7747,2793175,2793264,89,CDS
7748,2792482,2792676,194,CDS
7749,2792195,2792371,176,CDS
7750,2787054,2787168,114,CDS
7751,2785539,2785672,133,CDS
7752,2783068,2783274,206,CDS
7753,2793648,2793888,240,CDS
7754,2793328,2793587,259,CDS
7755,2793175,2793264,89,CDS
7756,2792482,2792676,194,CDS
7757,2792195,2792371,176,CDS
7758,2787054,2787168,114,CDS
7759,2785539,2785672,133,CDS
7760,2783068,2783274,206,CDS
7761,2793648,2793888,240,CDS
7762,2793328,2793587,259,CDS
7763,2793175,2793264,89,CDS
7764,2792482,2792676,194,CDS
7765,2792195,2792371,176,CDS
7766,2787054,2787168,114,CDS
7767,2785539,2785672,133,CDS
7768,2783068,2783274,206,CDS
7769,2793648,2793888,240,CDS
7770,2793328,2793587,259,CDS
7771,2793175,2793270,95,CDS
7772,2792482,2792676,194,CDS
7773,2792195,2792371,176,CDS
7774,2787054,2787162,108,CDS
7775,2785539,2785672,133,CDS
7776,2783068,2783274,206,CDS
7777,2793648,2793888,240,CDS
7778,2793328,2793587,259,CDS
7779,2793175,2793270,95,CDS
7780,2792482,2792676,194,CDS
7781,2792195,2792371,176,CDS
7782,2787054,2787165,111,CDS
7783,2785539,2785672,133,CDS
7784,2783068,2783274,206,CDS
7785,2793648,2793888,240,CDS
7786,2793328,2793587,259,CDS
7787,2793175,2793270,95,CDS
7788,2792482,2792676,194,CDS
7789,2792195,2792371,176,CDS
7790,2787054,2787168,114,CDS
7791,2785539,2785672,133,CDS
7792,2783068,2783274,206,CDS
7793,2793648,2793888,240,CDS
7794,2793328,2793587,259,CDS
7795,2793175,2793270,95,CDS
7796,2792482,2792676,194,CDS
7797,2792195,2792371,176,CDS
7798,2789920,2789946,26,CDS
7799,2793648,2793888,240,CDS
7800,2793316,2793587,271,CDS
7801,2797832,2798321,489,gene
7802,2797832,2798321,489,ncRNA
7803,2805261,2812376,7115,gene
7804,2805261,2805601,340,mRNA
7805,2808980,2810253,1273,mRNA
7806,2810368,2810643,275,mRNA
7807,2811149,2811528,379,mRNA
7808,2811598,2812376,778,mRNA
7809,2805261,2805601,340,mRNA
7810,2808980,2810253,1273,mRNA
7811,2810368,2810643,275,mRNA
7812,2811149,2811528,379,mRNA
7813,2811598,2812145,547,mRNA
7814,2808322,2808536,214,mRNA
7815,2808980,2810253,1273,mRNA
7816,2810368,2810643,275,mRNA
7817,2811149,2811528,379,mRNA
7818,2811598,2812145,547,mRNA
7819,2809311,2810253,942,CDS
7820,2810368,2810643,275,CDS
7821,2811149,2811528,379,CDS
7822,2811598,2811759,161,CDS
7823,2809311,2810253,942,CDS
7824,2810368,2810643,275,CDS
7825,2811149,2811528,379,CDS
7826,2811598,2811759,161,CDS
7827,2809311,2810253,942,CDS
7828,2810368,2810643,275,CDS
7829,2811149,2811528,379,CDS
7830,2811598,2811759,161,CDS
7831,2812437,2814429,1992,gene
7832,2812437,2814179,1742,mRNA
7833,2814243,2814429,186,mRNA
7834,2812538,2814179,1641,CDS
7835,2814243,2814265,22,CDS
7836,2814336,2815760,1424,gene
7837,2815604,2815760,156,mRNA
7838,2815380,2815544,164,mRNA
7839,2814807,2815305,498,mRNA
7840,2814638,2814756,118,mRNA
7841,2814336,2814589,253,mRNA
7842,2815604,2815689,85,CDS
7843,2815380,2815544,164,CDS
7844,2814807,2815305,498,CDS
7845,2814638,2814756,118,CDS
7846,2814406,2814589,183,CDS
7847,2815970,2830248,14278,gene
7848,2830177,2830248,71,mRNA
7849,2827588,2827995,407,mRNA
7850,2821230,2821310,80,mRNA
7851,2820688,2821037,349,mRNA
7852,2820425,2820629,204,mRNA
7853,2819964,2820367,403,mRNA
7854,2819631,2819908,277,mRNA
7855,2816718,2819574,2856,mRNA
7856,2816533,2816661,128,mRNA
7857,2815970,2816470,500,mRNA
7858,2830126,2830248,122,mRNA
7859,2827588,2827995,407,mRNA
7860,2821230,2821310,80,mRNA
7861,2820688,2821037,349,mRNA
7862,2820425,2820629,204,mRNA
7863,2819964,2820367,403,mRNA
7864,2819631,2819908,277,mRNA
7865,2816718,2819574,2856,mRNA
7866,2816533,2816661,128,mRNA
7867,2815970,2816470,500,mRNA
7868,2827588,2827768,180,CDS
7869,2821230,2821310,80,CDS
7870,2820688,2821037,349,CDS
7871,2820425,2820629,204,CDS
7872,2819964,2820367,403,CDS
7873,2819631,2819908,277,CDS
7874,2816718,2819574,2856,CDS
7875,2816533,2816661,128,CDS
7876,2816342,2816470,128,CDS
7877,2827588,2827768,180,CDS
7878,2821230,2821310,80,CDS
7879,2820688,2821037,349,CDS
7880,2820425,2820629,204,CDS
7881,2819964,2820367,403,CDS
7882,2819631,2819908,277,CDS
7883,2816718,2819574,2856,CDS
7884,2816533,2816661,128,CDS
7885,2816342,2816470,128,CDS
7886,2823546,2825506,1960,gene
7887,2823546,2825506,1960,mRNA
7888,2823600,2825504,1904,CDS
7889,2834887,2837833,2946,gene
7890,2837346,2837833,487,mRNA
7891,2837193,2837286,93,mRNA
7892,2835255,2835551,296,mRNA
7893,2834887,2835200,313,mRNA
7894,2837346,2837788,442,CDS
7895,2837193,2837286,93,CDS
7896,2835255,2835551,296,CDS
7897,2834967,2835200,233,CDS
7898,2837346,2837833,487,mRNA
7899,2837193,2837286,93,mRNA
7900,2836079,2836178,99,mRNA
7901,2837346,2837788,442,CDS
7902,2837193,2837286,93,CDS
7903,2836161,2836178,17,CDS
7904,2838411,2839547,1136,gene
7905,2838411,2838485,74,mRNA
7906,2838557,2839547,990,mRNA
7907,2838474,2838485,11,CDS
7908,2838557,2839453,896,CDS
7909,2840025,2840316,291,gene
7910,2840240,2840316,76,ncRNA
7911,2840025,2840149,124,ncRNA
7912,2840124,2842638,2514,gene
7913,2840124,2840627,503,mRNA
7914,2840975,2841502,527,mRNA
7915,2841563,2841659,96,mRNA
7916,2841822,2842094,272,mRNA
7917,2842157,2842638,481,mRNA
7918,2840997,2841502,505,CDS
7919,2841563,2841659,96,CDS
7920,2841822,2842094,272,CDS
7921,2842157,2842438,281,CDS
7922,2842589,2844513,1924,gene
7923,2843758,2844513,755,mRNA
7924,2842871,2843707,836,mRNA
7925,2842589,2842808,219,mRNA
7926,2843758,2844513,755,CDS
7927,2842871,2843707,836,CDS
7928,2842635,2842808,173,CDS
7929,2844601,2845734,1133,gene
7930,2845526,2845734,208,mRNA
7931,2844601,2845464,863,mRNA
7932,2845526,2845711,185,CDS
7933,2844619,2845464,845,CDS
7934,2845926,2847212,1286,gene
7935,2847009,2847212,203,mRNA
7936,2845926,2846938,1012,mRNA
7937,2847009,2847197,188,CDS
7938,2846084,2846938,854,CDS
7939,2847632,2848997,1365,gene
7940,2847632,2848459,827,mRNA
7941,2848519,2848997,478,mRNA
7942,2847641,2848459,818,CDS
7943,2848519,2848734,215,CDS
7944,2848989,2855778,6789,gene
7945,2855618,2855778,160,mRNA
7946,2853251,2853605,354,mRNA
7947,2852147,2852257,110,mRNA
7948,2850335,2850631,296,mRNA
7949,2848989,2850277,1288,mRNA
7950,2855186,2855309,123,mRNA
7951,2853251,2853605,354,mRNA
7952,2852147,2852257,110,mRNA
7953,2850335,2850631,296,mRNA
7954,2849232,2850277,1045,mRNA
7955,2854724,2855309,585,mRNA
7956,2853251,2853605,354,mRNA
7957,2852147,2852257,110,mRNA
7958,2850335,2850631,296,mRNA
7959,2849232,2850277,1045,mRNA
7960,2853251,2853262,11,CDS
7961,2852147,2852257,110,CDS
7962,2850335,2850631,296,CDS
7963,2849732,2850277,545,CDS
7964,2853251,2853262,11,CDS
7965,2852147,2852257,110,CDS
7966,2850335,2850631,296,CDS
7967,2849732,2850277,545,CDS
7968,2853251,2853262,11,CDS
7969,2852147,2852257,110,CDS
7970,2850335,2850631,296,CDS
7971,2849732,2850277,545,CDS
7972,2856070,2857029,959,gene
7973,2856070,2856175,105,mRNA
7974,2856247,2856305,58,mRNA
7975,2856377,2856705,328,mRNA
7976,2856111,2856175,64,mRNA
7977,2856247,2856305,58,mRNA
7978,2856377,2856568,191,mRNA
7979,2856631,2857029,398,mRNA
7980,2856111,2856175,64,mRNA
7981,2856247,2856305,58,mRNA
7982,2856377,2856568,191,mRNA
7983,2856631,2856672,41,mRNA
7984,2856769,2857029,260,mRNA
7985,2856111,2856175,64,mRNA
7986,2856223,2856305,82,mRNA
7987,2856377,2856568,191,mRNA
7988,2856631,2856705,74,mRNA
7989,2856111,2856175,64,mRNA
7990,2856247,2856305,58,mRNA
7991,2856377,2856568,191,mRNA
7992,2856631,2856705,74,mRNA
7993,2856256,2856305,49,CDS
7994,2856377,2856568,191,CDS
7995,2856631,2856640,9,CDS
7996,2856256,2856305,49,CDS
7997,2856377,2856568,191,CDS
7998,2856631,2856640,9,CDS
7999,2856256,2856305,49,CDS
8000,2856377,2856568,191,CDS
8001,2856631,2856640,9,CDS
8002,2856256,2856305,49,CDS
8003,2856377,2856568,191,CDS
8004,2856631,2856640,9,CDS
8005,2856256,2856305,49,CDS
8006,2856377,2856572,195,CDS
8007,2857164,2868548,11384,gene
8008,2857164,2857576,412,mRNA
8009,2859625,2859714,89,mRNA
8010,2864969,2865418,449,mRNA
8011,2865482,2865577,95,mRNA
8012,2866332,2866741,409,mRNA
8013,2866814,2867230,416,mRNA
8014,2867337,2868548,1211,mRNA
8015,2857164,2857576,412,mRNA
8016,2864969,2865418,449,mRNA
8017,2865482,2865577,95,mRNA
8018,2866332,2866741,409,mRNA
8019,2866814,2867230,416,mRNA
8020,2867337,2868548,1211,mRNA
8021,2862537,2862840,303,mRNA
8022,2864969,2865418,449,mRNA
8023,2865482,2865577,95,mRNA
8024,2866332,2866741,409,mRNA
8025,2866814,2867230,416,mRNA
8026,2867337,2868548,1211,mRNA
8027,2864984,2865418,434,CDS
8028,2865482,2865577,95,CDS
8029,2866332,2866741,409,CDS
8030,2866814,2867230,416,CDS
8031,2867337,2867667,330,CDS
8032,2864984,2865418,434,CDS
8033,2865482,2865577,95,CDS
8034,2866332,2866741,409,CDS
8035,2866814,2867230,416,CDS
8036,2867337,2867667,330,CDS
8037,2864984,2865418,434,CDS
8038,2865482,2865577,95,CDS
8039,2866332,2866741,409,CDS
8040,2866814,2867230,416,CDS
8041,2867337,2867667,330,CDS
8042,2868627,2874489,5862,gene
8043,2873636,2874489,853,mRNA
8044,2871004,2871688,684,mRNA
8045,2870689,2870932,243,mRNA
8046,2869323,2869550,227,mRNA
8047,2868627,2869254,627,mRNA
8048,2873636,2873672,36,CDS
8049,2871004,2871688,684,CDS
8050,2870689,2870932,243,CDS
8051,2869323,2869550,227,CDS
8052,2869171,2869254,83,CDS
8053,2869652,2870649,997,gene
8054,2869652,2870649,997,mRNA
8055,2869746,2870600,854,CDS
8056,2874890,2877168,2278,gene
8057,2874890,2875264,374,mRNA
8058,2875386,2876410,1024,mRNA
8059,2876784,2877168,384,mRNA
8060,2875388,2876362,974,CDS
8061,2877091,2878232,1141,gene
8062,2877864,2878232,368,mRNA
8063,2877611,2877803,192,mRNA
8064,2877091,2877389,298,mRNA
8065,2877864,2878137,273,CDS
8066,2877611,2877803,192,CDS
8067,2877188,2877389,201,CDS
8068,2878344,2879001,657,gene
8069,2878344,2879001,657,mRNA
8070,2878520,2879001,481,mRNA
8071,2878593,2878958,365,CDS
8072,2878593,2878958,365,CDS
8073,2879112,2880708,1596,gene
8074,2879112,2879879,767,mRNA
8075,2880044,2880708,664,mRNA
8076,2879264,2879879,615,CDS
8077,2880044,2880471,427,CDS
8078,2880704,2885850,5146,gene
8079,2885633,2885850,217,mRNA
8080,2882692,2882833,141,mRNA
8081,2881382,2882511,1129,mRNA
8082,2880704,2881320,616,mRNA
8083,2884993,2885214,221,mRNA
8084,2882692,2882833,141,mRNA
8085,2881382,2882511,1129,mRNA
8086,2880704,2881320,616,mRNA
8087,2884993,2885214,221,mRNA
8088,2881382,2882833,1451,mRNA
8089,2880704,2881320,616,mRNA
8090,2882692,2883126,434,mRNA
8091,2881382,2882511,1129,mRNA
8092,2880704,2881320,616,mRNA
8093,2882920,2883126,206,mRNA
8094,2882692,2882833,141,mRNA
8095,2881382,2882511,1129,mRNA
8096,2880705,2881320,615,mRNA
8097,2884993,2885022,29,CDS
8098,2882692,2882833,141,CDS
8099,2881382,2882511,1129,CDS
8100,2881228,2881320,92,CDS
8101,2884993,2885022,29,CDS
8102,2881382,2882833,1451,CDS
8103,2881228,2881320,92,CDS
8104,2882920,2882940,20,CDS
8105,2882692,2882833,141,CDS
8106,2881382,2882511,1129,CDS
8107,2881228,2881320,92,CDS
8108,2881382,2882104,722,CDS
8109,2881228,2881320,92,CDS
8110,2881382,2882104,722,CDS
8111,2881228,2881320,92,CDS
8112,2885929,2954406,68477,gene
8113,2885929,2886578,649,mRNA
8114,2889674,2890916,1242,mRNA
8115,2945030,2945792,762,mRNA
8116,2946709,2947435,726,mRNA
8117,2947609,2948030,421,mRNA
8118,2948089,2948145,56,mRNA
8119,2948205,2951111,2906,mRNA
8120,2951191,2951382,191,mRNA
8121,2951470,2951556,86,mRNA
8122,2951640,2951805,165,mRNA
8123,2951877,2952027,150,mRNA
8124,2952089,2954406,2317,mRNA
8125,2885929,2886578,649,mRNA
8126,2889674,2890916,1242,mRNA
8127,2946709,2947435,726,mRNA
8128,2947609,2948030,421,mRNA
8129,2948089,2948145,56,mRNA
8130,2948205,2951111,2906,mRNA
8131,2951191,2951382,191,mRNA
8132,2951470,2951556,86,mRNA
8133,2951640,2951805,165,mRNA
8134,2951877,2952027,150,mRNA
8135,2952089,2953077,988,mRNA
8136,2885929,2886578,649,mRNA
8137,2889674,2890916,1242,mRNA
8138,2929984,2930151,167,mRNA
8139,2945030,2945792,762,mRNA
8140,2946709,2947435,726,mRNA
8141,2947609,2948030,421,mRNA
8142,2948089,2948145,56,mRNA
8143,2948205,2951111,2906,mRNA
8144,2951191,2951382,191,mRNA
8145,2951470,2951556,86,mRNA
8146,2951640,2951805,165,mRNA
8147,2951877,2952027,150,mRNA
8148,2952089,2952511,422,mRNA
8149,2885929,2886578,649,mRNA
8150,2889674,2890916,1242,mRNA
8151,2946709,2947435,726,mRNA
8152,2947609,2948030,421,mRNA
8153,2948089,2948145,56,mRNA
8154,2948205,2951111,2906,mRNA
8155,2951191,2951382,191,mRNA
8156,2951470,2951556,86,mRNA
8157,2951640,2951805,165,mRNA
8158,2951877,2952027,150,mRNA
8159,2952089,2952511,422,mRNA
8160,2885929,2886133,204,mRNA
8161,2946709,2947435,726,mRNA
8162,2947609,2948030,421,mRNA
8163,2948089,2948145,56,mRNA
8164,2948205,2951111,2906,mRNA
8165,2951191,2951382,191,mRNA
8166,2951470,2951556,86,mRNA
8167,2951640,2951805,165,mRNA
8168,2951877,2952027,150,mRNA
8169,2952089,2952511,422,mRNA
8170,2888284,2888598,314,mRNA
8171,2890450,2890916,466,mRNA
8172,2945030,2945792,762,mRNA
8173,2946709,2947435,726,mRNA
8174,2947609,2948030,421,mRNA
8175,2948089,2948145,56,mRNA
8176,2948205,2951111,2906,mRNA
8177,2951191,2951382,191,mRNA
8178,2951470,2951556,86,mRNA
8179,2951640,2951805,165,mRNA
8180,2951877,2952027,150,mRNA
8181,2952089,2953077,988,mRNA
8182,2888284,2888598,314,mRNA
8183,2912768,2912888,120,mRNA
8184,2946709,2947435,726,mRNA
8185,2947609,2948030,421,mRNA
8186,2948089,2948145,56,mRNA
8187,2948205,2951111,2906,mRNA
8188,2951191,2951382,191,mRNA
8189,2951470,2951556,86,mRNA
8190,2951640,2951805,165,mRNA
8191,2951877,2952027,150,mRNA
8192,2952089,2953077,988,mRNA
8193,2890171,2890916,745,mRNA
8194,2924914,2925144,230,mRNA
8195,2945030,2945792,762,mRNA
8196,2946709,2947435,726,mRNA
8197,2947609,2948030,421,mRNA
8198,2948089,2948145,56,mRNA
8199,2948205,2951111,2906,mRNA
8200,2951191,2951382,191,mRNA
8201,2951470,2951556,86,mRNA
8202,2951640,2951805,165,mRNA
8203,2951877,2952027,150,mRNA
8204,2952089,2953077,988,mRNA
8205,2890882,2890916,34,CDS
8206,2946709,2947435,726,CDS
8207,2947609,2948030,421,CDS
8208,2948089,2948145,56,CDS
8209,2948205,2951111,2906,CDS
8210,2951191,2951382,191,CDS
8211,2951470,2951556,86,CDS
8212,2951640,2951805,165,CDS
8213,2951877,2952027,150,CDS
8214,2952089,2952225,136,CDS
8215,2909337,2909363,26,mobile_element
8216,2933354,2935475,2121,mobile_element
8217,2945617,2945792,175,CDS
8218,2946709,2947435,726,CDS
8219,2947609,2948030,421,CDS
8220,2948089,2948145,56,CDS
8221,2948205,2951111,2906,CDS
8222,2951191,2951382,191,CDS
8223,2951470,2951556,86,CDS
8224,2951640,2951805,165,CDS
8225,2951877,2952027,150,CDS
8226,2952089,2952225,136,CDS
8227,2945617,2945792,175,CDS
8228,2946709,2947435,726,CDS
8229,2947609,2948030,421,CDS
8230,2948089,2948145,56,CDS
8231,2948205,2951111,2906,CDS
8232,2951191,2951382,191,CDS
8233,2951470,2951556,86,CDS
8234,2951640,2951805,165,CDS
8235,2951877,2952027,150,CDS
8236,2952089,2952225,136,CDS
8237,2945617,2945792,175,CDS
8238,2946709,2947435,726,CDS
8239,2947609,2948030,421,CDS
8240,2948089,2948145,56,CDS
8241,2948205,2951111,2906,CDS
8242,2951191,2951382,191,CDS
8243,2951470,2951556,86,CDS
8244,2951640,2951805,165,CDS
8245,2951877,2952027,150,CDS
8246,2952089,2952225,136,CDS
8247,2945617,2945792,175,CDS
8248,2946709,2947435,726,CDS
8249,2947609,2948030,421,CDS
8250,2948089,2948145,56,CDS
8251,2948205,2951111,2906,CDS
8252,2951191,2951382,191,CDS
8253,2951470,2951556,86,CDS
8254,2951640,2951805,165,CDS
8255,2951877,2952027,150,CDS
8256,2952089,2952225,136,CDS
8257,2946563,2946658,95,mRNA
8258,2946709,2947435,726,mRNA
8259,2947609,2948030,421,mRNA
8260,2948089,2948145,56,mRNA
8261,2948205,2951111,2906,mRNA
8262,2951191,2951382,191,mRNA
8263,2951470,2951556,86,mRNA
8264,2951640,2951805,165,mRNA
8265,2951877,2952027,150,mRNA
8266,2952089,2952511,422,mRNA
8267,2946710,2947435,725,CDS
8268,2947609,2948030,421,CDS
8269,2948089,2948145,56,CDS
8270,2948205,2951111,2906,CDS
8271,2951191,2951382,191,CDS
8272,2951470,2951556,86,CDS
8273,2951640,2951805,165,CDS
8274,2951877,2952027,150,CDS
8275,2952089,2952225,136,CDS
8276,2946710,2947435,725,CDS
8277,2947609,2948030,421,CDS
8278,2948089,2948145,56,CDS
8279,2948205,2951111,2906,CDS
8280,2951191,2951382,191,CDS
8281,2951470,2951556,86,CDS
8282,2951640,2951805,165,CDS
8283,2951877,2952027,150,CDS
8284,2952089,2952225,136,CDS
8285,2946710,2947435,725,CDS
8286,2947609,2948030,421,CDS
8287,2948089,2948145,56,CDS
8288,2948205,2951111,2906,CDS
8289,2951191,2951382,191,CDS
8290,2951470,2951556,86,CDS
8291,2951640,2951805,165,CDS
8292,2951877,2952027,150,CDS
8293,2952089,2952225,136,CDS
8294,2946710,2947435,725,CDS
8295,2947609,2948030,421,CDS
8296,2948089,2948145,56,CDS
8297,2948205,2951111,2906,CDS
8298,2951191,2951382,191,CDS
8299,2951470,2951556,86,CDS
8300,2951640,2951805,165,CDS
8301,2951877,2952027,150,CDS
8302,2952089,2952225,136,CDS
8303,2954762,2968434,13672,gene
8304,2954762,2955313,551,mRNA
8305,2955380,2955507,127,mRNA
8306,2961218,2961672,454,mRNA
8307,2961739,2961996,257,mRNA
8308,2962272,2962286,14,mRNA
8309,2962586,2962865,279,mRNA
8310,2962955,2963132,177,mRNA
8311,2963225,2964851,1626,mRNA
8312,2954762,2955313,551,mRNA
8313,2955380,2955507,127,mRNA
8314,2961218,2961672,454,mRNA
8315,2961739,2961996,257,mRNA
8316,2962586,2962865,279,mRNA
8317,2962955,2963132,177,mRNA
8318,2963225,2964851,1626,mRNA
8319,2956911,2957264,353,mRNA
8320,2960690,2960835,145,mRNA
8321,2960895,2960986,91,mRNA
8322,2961215,2961672,457,mRNA
8323,2961739,2961996,257,mRNA
8324,2962586,2962865,279,mRNA
8325,2962955,2963132,177,mRNA
8326,2963225,2968434,5209,mRNA
8327,2956911,2957264,353,mRNA
8328,2960690,2960839,149,mRNA
8329,2960895,2960986,91,mRNA
8330,2961218,2961672,454,mRNA
8331,2961739,2961996,257,mRNA
8332,2962272,2962286,14,mRNA
8333,2962586,2962865,279,mRNA
8334,2962955,2963132,177,mRNA
8335,2963225,2964851,1626,mRNA
8336,2956911,2957264,353,mRNA
8337,2960690,2960835,145,mRNA
8338,2960895,2960991,96,mRNA
8339,2961218,2961672,454,mRNA
8340,2961739,2961996,257,mRNA
8341,2962586,2962865,279,mRNA
8342,2962955,2963132,177,mRNA
8343,2963225,2964851,1626,mRNA
8344,2956911,2957264,353,mRNA
8345,2960690,2960835,145,mRNA
8346,2960895,2960986,91,mRNA
8347,2961218,2961672,454,mRNA
8348,2961739,2961996,257,mRNA
8349,2962586,2962865,279,mRNA
8350,2962955,2963132,177,mRNA
8351,2963225,2964851,1626,mRNA
8352,2959147,2959520,373,mRNA
8353,2960690,2960835,145,mRNA
8354,2960895,2960986,91,mRNA
8355,2961218,2961672,454,mRNA
8356,2961739,2961996,257,mRNA
8357,2962272,2962286,14,mRNA
8358,2962586,2962865,279,mRNA
8359,2962955,2963132,177,mRNA
8360,2963225,2964851,1626,mRNA
8361,2959147,2959520,373,mRNA
8362,2960690,2960835,145,mRNA
8363,2960895,2960986,91,mRNA
8364,2961221,2961672,451,mRNA
8365,2961739,2961996,257,mRNA
8366,2962586,2962865,279,mRNA
8367,2962955,2963132,177,mRNA
8368,2963225,2964851,1626,mRNA
8369,2959147,2959520,373,mRNA
8370,2961218,2961672,454,mRNA
8371,2961739,2961996,257,mRNA
8372,2962272,2962286,14,mRNA
8373,2962586,2962865,279,mRNA
8374,2962955,2963132,177,mRNA
8375,2963225,2964851,1626,mRNA
8376,2961231,2961672,441,CDS
8377,2961739,2961996,257,CDS
8378,2962586,2962865,279,CDS
8379,2962955,2963132,177,CDS
8380,2963225,2964121,896,CDS
8381,2961231,2961672,441,CDS
8382,2961739,2961996,257,CDS
8383,2962272,2962286,14,CDS
8384,2962586,2962865,279,CDS
8385,2962955,2963132,177,CDS
8386,2963225,2963386,161,CDS
8387,2961231,2961672,441,CDS
8388,2961739,2961996,257,CDS
8389,2962272,2962286,14,CDS
8390,2962586,2962865,279,CDS
8391,2962955,2963132,177,CDS
8392,2963225,2963386,161,CDS
8393,2961231,2961672,441,CDS
8394,2961739,2961996,257,CDS
8395,2962272,2962286,14,CDS
8396,2962586,2962865,279,CDS
8397,2962955,2963132,177,CDS
8398,2963225,2963386,161,CDS
8399,2961231,2961672,441,CDS
8400,2961739,2961996,257,CDS
8401,2962272,2962286,14,CDS
8402,2962586,2962865,279,CDS
8403,2962955,2963132,177,CDS
8404,2963225,2963386,161,CDS
8405,2961231,2961672,441,CDS
8406,2961739,2961996,257,CDS
8407,2962586,2962865,279,CDS
8408,2962955,2963132,177,CDS
8409,2963225,2963386,161,CDS
8410,2961231,2961672,441,CDS
8411,2961739,2961996,257,CDS
8412,2962586,2962865,279,CDS
8413,2962955,2963132,177,CDS
8414,2963225,2963386,161,CDS
8415,2961231,2961672,441,CDS
8416,2961739,2961996,257,CDS
8417,2962586,2962865,279,CDS
8418,2962955,2963132,177,CDS
8419,2963225,2963386,161,CDS
8420,2961231,2961672,441,CDS
8421,2961739,2961996,257,CDS
8422,2962586,2962865,279,CDS
8423,2962955,2963132,177,CDS
8424,2963225,2963386,161,CDS
8425,2968293,2969638,1345,gene
8426,2968293,2969638,1345,mRNA
8427,2968503,2969638,1135,mRNA
8428,2968605,2969570,965,CDS
8429,2968605,2969570,965,CDS
8430,2969773,2972508,2735,gene
8431,2971256,2972508,1252,mRNA
8432,2971117,2971194,77,mRNA
8433,2970986,2971054,68,mRNA
8434,2970714,2970904,190,mRNA
8435,2969773,2970651,878,mRNA
8436,2971256,2972508,1252,mRNA
8437,2971117,2971194,77,mRNA
8438,2970714,2971054,340,mRNA
8439,2969773,2970651,878,mRNA
8440,2971256,2972297,1041,CDS
8441,2971117,2971194,77,CDS
8442,2970986,2971054,68,CDS
8443,2970714,2970904,190,CDS
8444,2969992,2970651,659,CDS
8445,2971256,2972297,1041,CDS
8446,2971117,2971194,77,CDS
8447,2970714,2971054,340,CDS
8448,2969992,2970651,659,CDS
8449,2972891,2974858,1967,gene
8450,2972891,2973107,216,mRNA
8451,2973166,2973368,202,mRNA
8452,2973429,2974858,1429,mRNA
8453,2973059,2973107,48,CDS
8454,2973166,2973368,202,CDS
8455,2973429,2974604,1175,CDS
8456,2974859,2976862,2003,gene
8457,2976819,2976862,43,mRNA
8458,2975151,2976554,1403,mRNA
8459,2974859,2975079,220,mRNA
8460,2975151,2976862,1711,mRNA
8461,2974859,2975079,220,mRNA
8462,2975178,2976785,1607,CDS
8463,2975178,2976509,1331,CDS
8464,2977122,2978500,1378,gene
8465,2977122,2977530,408,mRNA
8466,2977587,2978500,913,mRNA
8467,2977122,2977530,408,mRNA
8468,2977587,2978398,811,mRNA
8469,2977242,2977530,288,CDS
8470,2977587,2978353,766,CDS
8471,2977242,2977530,288,CDS
8472,2977587,2978353,766,CDS
8473,2978411,2979288,877,gene
8474,2978411,2979288,877,mRNA
8475,2978526,2979288,762,mRNA
8476,2978546,2979205,659,CDS
8477,2978546,2979205,659,CDS
8478,2979562,2987723,8161,gene
8479,2987512,2987723,211,mRNA
8480,2985641,2986150,509,mRNA
8481,2985476,2985585,109,mRNA
8482,2985240,2985413,173,mRNA
8483,2980636,2985177,4541,mRNA
8484,2980470,2980568,98,mRNA
8485,2979562,2980377,815,mRNA
8486,2987512,2987723,211,mRNA
8487,2985641,2986150,509,mRNA
8488,2985476,2985585,109,mRNA
8489,2985240,2985413,173,mRNA
8490,2980636,2985177,4541,mRNA
8491,2980470,2980574,104,mRNA
8492,2979699,2980377,678,mRNA
8493,2987387,2987482,95,mRNA
8494,2985641,2986150,509,mRNA
8495,2985476,2985585,109,mRNA
8496,2985240,2985413,173,mRNA
8497,2980636,2985177,4541,mRNA
8498,2980470,2980574,104,mRNA
8499,2979699,2980377,678,mRNA
8500,2987512,2987520,8,CDS
8501,2985641,2986150,509,CDS
8502,2985476,2985585,109,CDS
8503,2985240,2985413,173,CDS
8504,2980636,2985177,4541,CDS
8505,2980470,2980568,98,CDS
8506,2980176,2980377,201,CDS
8507,2987512,2987520,8,CDS
8508,2985641,2986150,509,CDS
8509,2985476,2985585,109,CDS
8510,2985240,2985413,173,CDS
8511,2980636,2985177,4541,CDS
8512,2980470,2980574,104,CDS
8513,2980176,2980377,201,CDS
8514,2987387,2987446,59,CDS
8515,2985641,2986150,509,CDS
8516,2985476,2985585,109,CDS
8517,2985240,2985413,173,CDS
8518,2980636,2985177,4541,CDS
8519,2980470,2980574,104,CDS
8520,2980176,2980377,201,CDS
8521,2988116,2990075,1959,gene
8522,2988116,2988383,267,mRNA
8523,2988437,2988678,241,mRNA
8524,2988740,2989081,341,mRNA
8525,2989159,2989337,178,mRNA
8526,2989397,2990075,678,mRNA
8527,2988245,2988383,138,CDS
8528,2988437,2988678,241,CDS
8529,2988740,2989081,341,CDS
8530,2989159,2989337,178,CDS
8531,2989397,2989511,114,CDS
8532,2989594,2992759,3165,gene
8533,2992707,2992759,52,mRNA
8534,2991335,2992649,1314,mRNA
8535,2991125,2991278,153,mRNA
8536,2990661,2991066,405,mRNA
8537,2990436,2990599,163,mRNA
8538,2989594,2990379,785,mRNA
8539,2992707,2992709,2,CDS
8540,2991335,2992649,1314,CDS
8541,2991125,2991278,153,CDS
8542,2990661,2991066,405,CDS
8543,2990436,2990599,163,CDS
8544,2990067,2990379,312,CDS
8545,2992870,2998726,5856,gene
8546,2992870,2992947,77,mRNA
8547,2993014,2993377,363,mRNA
8548,2993545,2994408,863,mRNA
8549,2994674,2995070,396,mRNA
8550,2995412,2996435,1023,mRNA
8551,2996502,2997059,557,mRNA
8552,2997791,2998726,935,mRNA
8553,2992973,2993409,436,mRNA
8554,2993545,2994408,863,mRNA
8555,2994674,2995070,396,mRNA
8556,2995412,2996435,1023,mRNA
8557,2996502,2997059,557,mRNA
8558,2997492,2997530,38,mRNA
8559,2997791,2998726,935,mRNA
8560,2992973,2993377,404,mRNA
8561,2993545,2994408,863,mRNA
8562,2994674,2995070,396,mRNA
8563,2995436,2996435,999,mRNA
8564,2996502,2997059,557,mRNA
8565,2997492,2997530,38,mRNA
8566,2997791,2998726,935,mRNA
8567,2992973,2993377,404,mRNA
8568,2993545,2994408,863,mRNA
8569,2994674,2995070,396,mRNA
8570,2995436,2996435,999,mRNA
8571,2996502,2997059,557,mRNA
8572,2997791,2998726,935,mRNA
8573,2993735,2994408,673,CDS
8574,2994674,2995070,396,CDS
8575,2995412,2996435,1023,CDS
8576,2996502,2997059,557,CDS
8577,2997492,2997530,38,CDS
8578,2997791,2998248,457,CDS
8579,2993735,2994408,673,CDS
8580,2994674,2995070,396,CDS
8581,2995412,2996435,1023,CDS
8582,2996502,2997059,557,CDS
8583,2997791,2998248,457,CDS
8584,2993735,2994408,673,CDS
8585,2994674,2995070,396,CDS
8586,2995436,2996435,999,CDS
8587,2996502,2997059,557,CDS
8588,2997492,2997530,38,CDS
8589,2997791,2998248,457,CDS
8590,2993735,2994408,673,CDS
8591,2994674,2995070,396,CDS
8592,2995436,2996435,999,CDS
8593,2996502,2997059,557,CDS
8594,2997791,2998248,457,CDS
8595,2999286,3016069,16783,gene
8596,2999286,3000001,715,mRNA
8597,3013388,3014572,1184,mRNA
8598,3014639,3014884,245,mRNA
8599,3014956,3016069,1113,mRNA
8600,3004458,3004518,60,mobile_element
8601,3013502,3014572,1070,CDS
8602,3014639,3014884,245,CDS
8603,3014956,3015462,506,CDS
8604,3016441,3018308,1867,gene
8605,3018164,3018308,144,mRNA
8606,3017959,3018024,65,mRNA
8607,3017780,3017903,123,mRNA
8608,3017384,3017725,341,mRNA
8609,3017179,3017320,141,mRNA
8610,3016926,3017119,193,mRNA
8611,3016441,3016865,424,mRNA
8612,3018082,3018308,226,mRNA
8613,3017959,3018024,65,mRNA
8614,3017780,3017903,123,mRNA
8615,3017384,3017725,341,mRNA
8616,3017179,3017320,141,mRNA
8617,3016926,3017119,193,mRNA
8618,3016441,3016865,424,mRNA
8619,3018164,3018308,144,mRNA
8620,3017959,3018081,122,mRNA
8621,3017780,3017903,123,mRNA
8622,3017384,3017725,341,mRNA
8623,3017179,3017320,141,mRNA
8624,3016926,3017119,193,mRNA
8625,3016685,3016865,180,mRNA
8626,3017959,3018093,134,mRNA
8627,3017780,3017903,123,mRNA
8628,3017384,3017725,341,mRNA
8629,3017179,3017320,141,mRNA
8630,3016926,3017119,193,mRNA
8631,3016685,3016865,180,mRNA
8632,3017959,3017969,10,CDS
8633,3017780,3017903,123,CDS
8634,3017384,3017725,341,CDS
8635,3017179,3017320,141,CDS
8636,3016926,3017119,193,CDS
8637,3016776,3016865,89,CDS
8638,3017959,3017969,10,CDS
8639,3017780,3017903,123,CDS
8640,3017384,3017725,341,CDS
8641,3017179,3017320,141,CDS
8642,3016926,3017119,193,CDS
8643,3016776,3016865,89,CDS
8644,3017959,3017969,10,CDS
8645,3017780,3017903,123,CDS
8646,3017384,3017725,341,CDS
8647,3017179,3017320,141,CDS
8648,3016926,3017119,193,CDS
8649,3016776,3016865,89,CDS
8650,3017959,3017969,10,CDS
8651,3017780,3017903,123,CDS
8652,3017384,3017725,341,CDS
8653,3017179,3017320,141,CDS
8654,3016926,3017119,193,CDS
8655,3016776,3016865,89,CDS
8656,3018508,3021506,2998,gene
8657,3018508,3018624,116,mRNA
8658,3018727,3019403,676,mRNA
8659,3019510,3019929,419,mRNA
8660,3019987,3021506,1519,mRNA
8661,3018667,3019403,736,mRNA
8662,3019510,3019929,419,mRNA
8663,3019987,3021506,1519,mRNA
8664,3018950,3019403,453,CDS
8665,3019510,3019929,419,CDS
8666,3019987,3021227,1240,CDS
8667,3018950,3019403,453,CDS
8668,3019510,3019929,419,CDS
8669,3019987,3021227,1240,CDS
8670,3021309,3023141,1832,gene
8671,3023029,3023141,112,mRNA
8672,3022423,3022963,540,mRNA
8673,3021309,3022368,1059,mRNA
8674,3022423,3022949,526,CDS
8675,3021786,3022368,582,CDS
8676,3023226,3026439,3213,gene
8677,3023226,3023794,568,mRNA
8678,3023854,3024086,232,mRNA
8679,3024143,3025191,1048,mRNA
8680,3025257,3025622,365,mRNA
8681,3025689,3025769,80,mRNA
8682,3025832,3026439,607,mRNA
8683,3023388,3023794,406,CDS
8684,3023854,3024086,232,CDS
8685,3024143,3025191,1048,CDS
8686,3025257,3025622,365,CDS
8687,3025689,3025769,80,CDS
8688,3025832,3026116,284,CDS
8689,3026252,3029168,2916,gene
8690,3029064,3029168,104,mRNA
8691,3028366,3029006,640,mRNA
8692,3027339,3028308,969,mRNA
8693,3027038,3027282,244,mRNA
8694,3026252,3026974,722,mRNA
8695,3029064,3029168,104,mRNA
8696,3028366,3029006,640,mRNA
8697,3027339,3028308,969,mRNA
8698,3027038,3027282,244,mRNA
8699,3026533,3026974,441,mRNA
8700,3029064,3029087,23,CDS
8701,3028366,3029006,640,CDS
8702,3027339,3028308,969,CDS
8703,3027038,3027282,244,CDS
8704,3026605,3026974,369,CDS
8705,3029064,3029087,23,CDS
8706,3028366,3029006,640,CDS
8707,3027339,3028308,969,CDS
8708,3027038,3027282,244,CDS
8709,3026605,3026974,369,CDS
8710,3029253,3030616,1363,gene
8711,3029253,3029298,45,mRNA
8712,3029358,3029932,574,mRNA
8713,3029985,3030616,631,mRNA
8714,3029420,3029932,512,CDS
8715,3029985,3030395,410,CDS
8716,3030412,3030903,491,gene
8717,3030412,3030903,491,ncRNA
8718,3030539,3032300,1761,gene
8719,3030539,3031893,1354,mRNA
8720,3031954,3032300,346,mRNA
8721,3030539,3030947,408,mRNA
8722,3031000,3031893,893,mRNA
8723,3031954,3032300,346,mRNA
8724,3030539,3030575,36,mRNA
8725,3030670,3030947,277,mRNA
8726,3031000,3031893,893,mRNA
8727,3031954,3032300,346,mRNA
8728,3030539,3030575,36,mRNA
8729,3030776,3030947,171,mRNA
8730,3031000,3031893,893,mRNA
8731,3031954,3032300,346,mRNA
8732,3030760,3030947,187,CDS
8733,3031000,3031893,893,CDS
8734,3031954,3032134,180,CDS
8735,3030760,3030947,187,CDS
8736,3031000,3031893,893,CDS
8737,3031954,3032134,180,CDS
8738,3031043,3031893,850,CDS
8739,3031954,3032134,180,CDS
8740,3031043,3031893,850,CDS
8741,3031954,3032134,180,CDS
8742,3032210,3035348,3138,gene
8743,3035021,3035348,327,mRNA
8744,3033632,3034968,1336,mRNA
8745,3033183,3033573,390,mRNA
8746,3032895,3033131,236,mRNA
8747,3032551,3032834,283,mRNA
8748,3032210,3032486,276,mRNA
8749,3035021,3035348,327,mRNA
8750,3033632,3034971,1339,mRNA
8751,3033183,3033573,390,mRNA
8752,3032895,3033131,236,mRNA
8753,3032551,3032834,283,mRNA
8754,3032210,3032486,276,mRNA
8755,3035021,3035348,327,mRNA
8756,3033632,3034977,1345,mRNA
8757,3033183,3033573,390,mRNA
8758,3032895,3033131,236,mRNA
8759,3032551,3032834,283,mRNA
8760,3032210,3032486,276,mRNA
8761,3035021,3035242,221,CDS
8762,3033632,3034968,1336,CDS
8763,3033183,3033573,390,CDS
8764,3032895,3033131,236,CDS
8765,3032551,3032834,283,CDS
8766,3032336,3032486,150,CDS
8767,3035021,3035242,221,CDS
8768,3033632,3034971,1339,CDS
8769,3033183,3033573,390,CDS
8770,3032895,3033131,236,CDS
8771,3032551,3032834,283,CDS
8772,3032336,3032486,150,CDS
8773,3035021,3035242,221,CDS
8774,3033632,3034977,1345,CDS
8775,3033183,3033573,390,CDS
8776,3032895,3033131,236,CDS
8777,3032551,3032834,283,CDS
8778,3032336,3032486,150,CDS
8779,3035493,3037403,1910,gene
8780,3035493,3037403,1910,mRNA
8781,3035493,3037263,1770,mRNA
8782,3035645,3037150,1505,CDS
8783,3035645,3037150,1505,CDS
8784,3037230,3038793,1563,gene
8785,3037230,3037271,41,mRNA
8786,3037530,3038793,1263,mRNA
8787,3037411,3038793,1382,mRNA
8788,3037506,3038793,1287,mRNA
8789,3037594,3038688,1094,CDS
8790,3037594,3038688,1094,CDS
8791,3037594,3038688,1094,CDS
8792,3038826,3039812,986,gene
8793,3039643,3039812,169,mRNA
8794,3039268,3039590,322,mRNA
8795,3038826,3039203,377,mRNA
8796,3039643,3039720,77,CDS
8797,3039268,3039590,322,CDS
8798,3039131,3039203,72,CDS
8799,3039976,3041890,1914,gene
8800,3039976,3040011,35,mRNA
8801,3040238,3040740,502,mRNA
8802,3040792,3041397,605,mRNA
8803,3041453,3041626,173,mRNA
8804,3040112,3040740,628,mRNA
8805,3040792,3041397,605,mRNA
8806,3041453,3041890,437,mRNA
8807,3040112,3040740,628,mRNA
8808,3040792,3041397,605,mRNA
8809,3041453,3041626,173,mRNA
8810,3040228,3040740,512,CDS
8811,3040792,3041397,605,CDS
8812,3041453,3041575,122,CDS
8813,3040228,3040740,512,CDS
8814,3040792,3041397,605,CDS
8815,3041453,3041575,122,CDS
8816,3040381,3040740,359,CDS
8817,3040792,3041397,605,CDS
8818,3041453,3041575,122,CDS
8819,3042551,3043593,1042,gene
8820,3042551,3042738,187,mRNA
8821,3042836,3043103,267,mRNA
8822,3043181,3043593,412,mRNA
8823,3042919,3043103,184,mRNA
8824,3043181,3043593,412,mRNA
8825,3043037,3043103,66,CDS
8826,3043181,3043530,349,CDS
8827,3043037,3043103,66,CDS
8828,3043181,3043530,349,CDS
8829,3043947,3056143,12196,gene
8830,3043947,3044160,213,mRNA
8831,3045654,3045883,229,mRNA
8832,3046950,3048427,1477,mRNA
8833,3049392,3054623,5231,mRNA
8834,3054688,3054783,95,mRNA
8835,3055170,3055313,143,mRNA
8836,3055377,3056143,766,mRNA
8837,3043947,3044160,213,mRNA
8838,3045654,3045883,229,mRNA
8839,3046950,3048427,1477,mRNA
8840,3049392,3054620,5228,mRNA
8841,3054688,3054783,95,mRNA
8842,3055170,3055313,143,mRNA
8843,3055377,3055601,224,mRNA
8844,3045712,3045883,171,CDS
8845,3046950,3048427,1477,CDS
8846,3049392,3054623,5231,CDS
8847,3054688,3054783,95,CDS
8848,3055170,3055313,143,CDS
8849,3055377,3055487,110,CDS
8850,3045712,3045883,171,CDS
8851,3046950,3048427,1477,CDS
8852,3049392,3054620,5228,CDS
8853,3054688,3054783,95,CDS
8854,3055170,3055313,143,CDS
8855,3055377,3055487,110,CDS
8856,3046765,3046880,115,gene
8857,3046765,3046880,115,ncRNA
8858,3048701,3048831,130,gene
8859,3048701,3048831,130,ncRNA
8860,3056598,3068177,11579,gene
8861,3056598,3056924,326,mRNA
8862,3059605,3060142,537,mRNA
8863,3060230,3066957,6727,mRNA
8864,3067020,3067115,95,mRNA
8865,3067184,3067327,143,mRNA
8866,3067389,3068177,788,mRNA
8867,3056989,3057110,121,mRNA
8868,3059605,3060142,537,mRNA
8869,3060230,3066957,6727,mRNA
8870,3067020,3067115,95,mRNA
8871,3067184,3067327,143,mRNA
8872,3067389,3068177,788,mRNA
8873,3057108,3057110,2,CDS
8874,3059605,3060142,537,CDS
8875,3060230,3066957,6727,CDS
8876,3067020,3067115,95,CDS
8877,3067184,3067327,143,CDS
8878,3067389,3067502,113,CDS
8879,3059908,3060142,234,CDS
8880,3060230,3066957,6727,CDS
8881,3067020,3067115,95,CDS
8882,3067184,3067327,143,CDS
8883,3067389,3067502,113,CDS
8884,3068345,3144786,76441,gene
8885,3144339,3144786,447,mRNA
8886,3125102,3127790,2688,mRNA
8887,3124015,3124957,942,mRNA
8888,3108725,3108861,136,mRNA
8889,3097922,3098065,143,mRNA
8890,3094217,3094375,158,mRNA
8891,3080994,3081268,274,mRNA
8892,3080651,3080887,236,mRNA
8893,3071569,3071764,195,mRNA
8894,3070823,3071504,681,mRNA
8895,3068345,3070731,2386,mRNA
8896,3107916,3108142,226,mRNA
8897,3099453,3099932,479,mRNA
8898,3097922,3098065,143,mRNA
8899,3080994,3081268,274,mRNA
8900,3080651,3080887,236,mRNA
8901,3071569,3071764,195,mRNA
8902,3070823,3071504,681,mRNA
8903,3068345,3070731,2386,mRNA
8904,3107916,3108142,226,mRNA
8905,3099453,3099932,479,mRNA
8906,3097922,3098065,143,mRNA
8907,3094217,3094375,158,mRNA
8908,3080994,3081268,274,mRNA
8909,3080651,3080887,236,mRNA
8910,3071569,3071764,195,mRNA
8911,3070823,3071504,681,mRNA
8912,3068345,3070731,2386,mRNA
8913,3107916,3108142,226,mRNA
8914,3099453,3099932,479,mRNA
8915,3097922,3098065,143,mRNA
8916,3094217,3094375,158,mRNA
8917,3080994,3081268,274,mRNA
8918,3080651,3080887,236,mRNA
8919,3071569,3071764,195,mRNA
8920,3070823,3071504,681,mRNA
8921,3068345,3070731,2386,mRNA
8922,3089835,3090911,1076,mRNA
8923,3080994,3081268,274,mRNA
8924,3080651,3080887,236,mRNA
8925,3071569,3071764,195,mRNA
8926,3070823,3071504,681,mRNA
8927,3068345,3070731,2386,mRNA
8928,3086004,3086491,487,mRNA
8929,3080994,3081268,274,mRNA
8930,3080651,3080887,236,mRNA
8931,3071569,3071764,195,mRNA
8932,3070823,3071504,681,mRNA
8933,3068345,3070731,2386,mRNA
8934,3072156,3072371,215,mRNA
8935,3071569,3071764,195,mRNA
8936,3070823,3071504,681,mRNA
8937,3069301,3070731,1430,mRNA
8938,3112093,3112336,243,mRNA
8939,3108725,3108861,136,mRNA
8940,3094217,3094375,158,mRNA
8941,3080994,3081268,274,mRNA
8942,3080651,3080887,236,mRNA
8943,3071569,3071764,195,mRNA
8944,3070823,3071504,681,mRNA
8945,3069396,3070731,1335,mRNA
8946,3112093,3112336,243,mRNA
8947,3108725,3108861,136,mRNA
8948,3097922,3098065,143,mRNA
8949,3094217,3094375,158,mRNA
8950,3080994,3081268,274,mRNA
8951,3080651,3080887,236,mRNA
8952,3071569,3071764,195,mRNA
8953,3070823,3071504,681,mRNA
8954,3069396,3070731,1335,mRNA
8955,3094460,3094695,235,mRNA
8956,3094217,3094375,158,mRNA
8957,3080994,3081268,274,mRNA
8958,3080651,3080887,236,mRNA
8959,3071569,3071764,195,mRNA
8960,3070823,3071504,681,mRNA
8961,3069396,3070731,1335,mRNA
8962,3099453,3099579,126,CDS
8963,3097922,3098065,143,CDS
8964,3094217,3094375,158,CDS
8965,3080994,3081268,274,CDS
8966,3080651,3080887,236,CDS
8967,3071569,3071764,195,CDS
8968,3070823,3071504,681,CDS
8969,3069570,3070731,1161,CDS
8970,3144339,3144347,8,CDS
8971,3125102,3127790,2688,CDS
8972,3124015,3124957,942,CDS
8973,3108725,3108861,136,CDS
8974,3097922,3098065,143,CDS
8975,3094217,3094375,158,CDS
8976,3080994,3081268,274,CDS
8977,3080651,3080887,236,CDS
8978,3071569,3071764,195,CDS
8979,3070823,3071504,681,CDS
8980,3069714,3070731,1017,CDS
8981,3112093,3112199,106,CDS
8982,3108725,3108861,136,CDS
8983,3094217,3094375,158,CDS
8984,3080994,3081268,274,CDS
8985,3080651,3080887,236,CDS
8986,3071569,3071764,195,CDS
8987,3070823,3071504,681,CDS
8988,3069714,3070731,1017,CDS
8989,3112093,3112199,106,CDS
8990,3108725,3108861,136,CDS
8991,3097922,3098065,143,CDS
8992,3094217,3094375,158,CDS
8993,3080994,3081268,274,CDS
8994,3080651,3080887,236,CDS
8995,3071569,3071764,195,CDS
8996,3070823,3071504,681,CDS
8997,3069714,3070731,1017,CDS
8998,3099453,3099579,126,CDS
8999,3097922,3098065,143,CDS
9000,3080994,3081268,274,CDS
9001,3080651,3080887,236,CDS
9002,3071569,3071764,195,CDS
9003,3070823,3071504,681,CDS
9004,3069714,3070731,1017,CDS
9005,3099453,3099579,126,CDS
9006,3097922,3098065,143,CDS
9007,3094217,3094375,158,CDS
9008,3080994,3081268,274,CDS
9009,3080651,3080887,236,CDS
9010,3071569,3071764,195,CDS
9011,3070823,3071504,681,CDS
9012,3069714,3070731,1017,CDS
9013,3094460,3094559,99,CDS
9014,3094217,3094375,158,CDS
9015,3080994,3081268,274,CDS
9016,3080651,3080887,236,CDS
9017,3071569,3071764,195,CDS
9018,3070823,3071504,681,CDS
9019,3069714,3070731,1017,CDS
9020,3089835,3090408,573,CDS
9021,3080994,3081268,274,CDS
9022,3080651,3080887,236,CDS
9023,3071569,3071764,195,CDS
9024,3070823,3071504,681,CDS
9025,3069714,3070731,1017,CDS
9026,3086004,3086118,114,CDS
9027,3080994,3081268,274,CDS
9028,3080651,3080887,236,CDS
9029,3071569,3071764,195,CDS
9030,3070823,3071504,681,CDS
9031,3069714,3070731,1017,CDS
9032,3072156,3072308,152,CDS
9033,3071569,3071764,195,CDS
9034,3070823,3071504,681,CDS
9035,3069714,3070731,1017,CDS
9036,3073087,3078231,5144,mobile_element
9037,3109672,3110998,1326,gene
9038,3109672,3110998,1326,mRNA
9039,3109720,3110730,1010,CDS
9040,3128635,3129489,854,gene
9041,3128635,3129489,854,mRNA
9042,3128765,3129367,602,CDS
9043,3144953,3145848,895,gene
9044,3145528,3145848,320,mRNA
9045,3145305,3145448,143,mRNA
9046,3144953,3145249,296,mRNA
9047,3145528,3145721,193,mRNA
9048,3145305,3145448,143,mRNA
9049,3145130,3145249,119,mRNA
9050,3145528,3145684,156,CDS
9051,3145305,3145448,143,CDS
9052,3145200,3145249,49,CDS
9053,3145528,3145684,156,CDS
9054,3145305,3145448,143,CDS
9055,3145200,3145249,49,CDS
9056,3146056,3159643,13587,gene
9057,3152429,3152753,324,mRNA
9058,3148804,3149279,475,mRNA
9059,3148047,3148737,690,mRNA
9060,3146056,3147825,1769,mRNA
9061,3159494,3159643,149,mRNA
9062,3148804,3149279,475,mRNA
9063,3148047,3148737,690,mRNA
9064,3146452,3147825,1373,mRNA
9065,3152429,3152432,3,CDS
9066,3148804,3149279,475,CDS
9067,3148047,3148737,690,CDS
9068,3147419,3147825,406,CDS
9069,3148804,3149073,269,CDS
9070,3148047,3148737,690,CDS
9071,3147419,3147825,406,CDS
9072,3159950,3162399,2449,gene
9073,3159950,3160148,198,mRNA
9074,3160203,3160749,546,mRNA
9075,3160810,3161199,389,mRNA
9076,3161255,3161852,597,mRNA
9077,3161913,3162399,486,mRNA
9078,3160073,3160148,75,CDS
9079,3160203,3160749,546,CDS
9080,3160810,3161199,389,CDS
9081,3161255,3161852,597,CDS
9082,3161913,3162044,131,CDS
9083,3162515,3163289,774,gene
9084,3162515,3162955,440,exon
9085,3163016,3163289,273,exon
9086,3163645,3169462,5817,gene
9087,3163645,3164074,429,mRNA
9088,3166970,3167139,169,mRNA
9089,3167204,3167558,354,mRNA
9090,3167624,3167973,349,mRNA
9091,3168035,3169462,1427,mRNA
9092,3163645,3164074,429,mRNA
9093,3166528,3166651,123,mRNA
9094,3166970,3167139,169,mRNA
9095,3167204,3167558,354,mRNA
9096,3167624,3167973,349,mRNA
9097,3168035,3168988,953,mRNA
9098,3163645,3164074,429,mRNA
9099,3166970,3167139,169,mRNA
9100,3167204,3167558,354,mRNA
9101,3167624,3167973,349,mRNA
9102,3168035,3168988,953,mRNA
9103,3163920,3164074,154,CDS
9104,3166970,3167139,169,CDS
9105,3167204,3167558,354,CDS
9106,3167624,3167973,349,CDS
9107,3168035,3168201,166,CDS
9108,3163920,3164074,154,CDS
9109,3166970,3167139,169,CDS
9110,3167204,3167558,354,CDS
9111,3167624,3167973,349,CDS
9112,3168035,3168201,166,CDS
9113,3167076,3167139,63,CDS
9114,3167204,3167558,354,CDS
9115,3167624,3167973,349,CDS
9116,3168035,3168201,166,CDS
9117,3169582,3169663,81,gene
9118,3169582,3169663,81,tRNA
9119,3169820,3171092,1272,gene
9120,3169820,3171092,1272,mRNA
9121,3169914,3170951,1037,CDS
9122,3171035,3172799,1764,gene
9123,3171035,3172645,1610,exon
9124,3171381,3171417,36,mobile_element
9125,3172702,3172799,97,exon
9126,3173003,3173084,81,gene
9127,3173003,3173084,81,tRNA
9128,3173205,3173840,635,gene
9129,3173480,3173840,360,mRNA
9130,3173205,3173412,207,mRNA
9131,3173480,3173840,360,mRNA
9132,3173283,3173412,129,mRNA
9133,3173480,3173825,345,CDS
9134,3173303,3173412,109,CDS
9135,3173480,3173825,345,CDS
9136,3173303,3173412,109,CDS
9137,3173972,3174504,532,gene
9138,3173972,3174238,266,mRNA
9139,3174304,3174504,200,mRNA
9140,3173972,3174238,266,mRNA
9141,3174304,3174442,138,mRNA
9142,3173992,3174238,246,CDS
9143,3174304,3174425,121,CDS
9144,3173992,3174238,246,CDS
9145,3174304,3174425,121,CDS
9146,3175112,3200496,25384,gene
9147,3199264,3199701,437,mRNA
9148,3192464,3193111,647,mRNA
9149,3192117,3192218,101,mRNA
9150,3191794,3191907,113,mRNA
9151,3190602,3190798,196,mRNA
9152,3190412,3190529,117,mRNA
9153,3189979,3190119,140,mRNA
9154,3189364,3189495,131,mRNA
9155,3188582,3188725,143,mRNA
9156,3185272,3185536,264,mRNA
9157,3184877,3185078,201,mRNA
9158,3183316,3183482,166,mRNA
9159,3175112,3175398,286,mRNA
9160,3200470,3200496,26,mRNA
9161,3192464,3193111,647,mRNA
9162,3192117,3192218,101,mRNA
9163,3191794,3191907,113,mRNA
9164,3190602,3190798,196,mRNA
9165,3190412,3190529,117,mRNA
9166,3189979,3190119,140,mRNA
9167,3189364,3189495,131,mRNA
9168,3188582,3188725,143,mRNA
9169,3185272,3185536,264,mRNA
9170,3184877,3185078,201,mRNA
9171,3183316,3183482,166,mRNA
9172,3175190,3175398,208,mRNA
9173,3192464,3192886,422,CDS
9174,3192117,3192218,101,CDS
9175,3191794,3191907,113,CDS
9176,3190602,3190798,196,CDS
9177,3190412,3190529,117,CDS
9178,3189979,3190119,140,CDS
9179,3189364,3189495,131,CDS
9180,3188582,3188725,143,CDS
9181,3185272,3185536,264,CDS
9182,3184877,3185078,201,CDS
9183,3183316,3183482,166,CDS
9184,3175328,3175398,70,CDS
9185,3192464,3192886,422,CDS
9186,3192117,3192218,101,CDS
9187,3191794,3191907,113,CDS
9188,3190602,3190798,196,CDS
9189,3190412,3190529,117,CDS
9190,3189979,3190119,140,CDS
9191,3189364,3189495,131,CDS
9192,3188582,3188725,143,CDS
9193,3185272,3185536,264,CDS
9194,3184877,3185078,201,CDS
9195,3183316,3183482,166,CDS
9196,3175328,3175398,70,CDS
9197,3202794,3210165,7371,mobile_element
9198,3210515,3211156,641,gene
9199,3210515,3211156,641,ncRNA
9200,3251549,3259058,7509,mobile_element
9201,3260973,3261281,308,gene
9202,3260973,3261281,308,ncRNA
9203,3261638,3262007,369,gene
9204,3261638,3262007,369,ncRNA
9205,3264168,3265714,1546,gene
9206,3264168,3265714,1546,ncRNA
9207,3268269,3268646,377,gene
9208,3268269,3268646,377,ncRNA
9209,3269437,3271806,2369,gene
9210,3269437,3269849,412,mRNA
9211,3269913,3269986,73,mRNA
9212,3270044,3270794,750,mRNA
9213,3270853,3271806,953,mRNA
9214,3269721,3269849,128,mRNA
9215,3269913,3269986,73,mRNA
9216,3270044,3270794,750,mRNA
9217,3270853,3271806,953,mRNA
9218,3269817,3269849,32,CDS
9219,3269913,3269986,73,CDS
9220,3270044,3270794,750,CDS
9221,3270853,3271611,758,CDS
9222,3269817,3269849,32,CDS
9223,3269913,3269986,73,CDS
9224,3270044,3270794,750,CDS
9225,3270853,3271611,758,CDS
9226,3275800,3280534,4734,gene
9227,3280308,3280534,226,mRNA
9228,3277829,3277981,152,mRNA
9229,3277543,3277760,217,mRNA
9230,3276533,3277477,944,mRNA
9231,3275800,3276472,672,mRNA
9232,3279254,3279470,216,mRNA
9233,3277829,3277981,152,mRNA
9234,3277543,3277760,217,mRNA
9235,3276533,3277477,944,mRNA
9236,3275800,3276472,672,mRNA
9237,3279254,3279470,216,mRNA
9238,3278157,3278603,446,mRNA
9239,3277829,3277981,152,mRNA
9240,3277543,3277760,217,mRNA
9241,3276533,3277477,944,mRNA
9242,3275800,3276472,672,mRNA
9243,3279254,3279470,216,mRNA
9244,3278157,3278606,449,mRNA
9245,3277829,3277981,152,mRNA
9246,3277543,3277760,217,mRNA
9247,3276533,3277477,944,mRNA
9248,3275800,3276472,672,mRNA
9249,3280308,3280363,55,CDS
9250,3277829,3277981,152,CDS
9251,3277543,3277760,217,CDS
9252,3276533,3277477,944,CDS
9253,3275955,3276472,517,CDS
9254,3279254,3279363,109,CDS
9255,3277829,3277981,152,CDS
9256,3277543,3277760,217,CDS
9257,3276533,3277477,944,CDS
9258,3275955,3276472,517,CDS
9259,3279254,3279363,109,CDS
9260,3278157,3278603,446,CDS
9261,3277829,3277981,152,CDS
9262,3277543,3277760,217,CDS
9263,3276533,3277477,944,CDS
9264,3275955,3276472,517,CDS
9265,3279254,3279363,109,CDS
9266,3278157,3278606,449,CDS
9267,3277829,3277981,152,CDS
9268,3277543,3277760,217,CDS
9269,3276533,3277477,944,CDS
9270,3275955,3276472,517,CDS
9271,3287822,3288591,769,gene
9272,3287822,3288591,769,ncRNA
9273,3291245,3294706,3461,gene
9274,3294584,3294706,122,mRNA
9275,3293323,3293949,626,mRNA
9276,3293076,3293265,189,mRNA
9277,3292633,3293017,384,mRNA
9278,3292460,3292576,116,mRNA
9279,3292174,3292301,127,mRNA
9280,3291245,3292112,867,mRNA
9281,3294231,3294706,475,mRNA
9282,3293323,3293949,626,mRNA
9283,3293076,3293265,189,mRNA
9284,3292629,3293017,388,mRNA
9285,3292174,3292576,402,mRNA
9286,3291245,3292112,867,mRNA
9287,3294083,3294706,623,mRNA
9288,3293323,3293949,626,mRNA
9289,3293076,3293265,189,mRNA
9290,3292633,3293017,384,mRNA
9291,3292460,3292576,116,mRNA
9292,3292174,3292298,124,mRNA
9293,3291245,3292112,867,mRNA
9294,3294049,3294706,657,mRNA
9295,3293323,3293949,626,mRNA
9296,3293076,3293265,189,mRNA
9297,3292633,3293017,384,mRNA
9298,3292460,3292576,116,mRNA
9299,3292174,3292301,127,mRNA
9300,3291245,3292112,867,mRNA
9301,3293323,3293552,229,CDS
9302,3293076,3293265,189,CDS
9303,3292633,3293017,384,CDS
9304,3292460,3292576,116,CDS
9305,3292174,3292298,124,CDS
9306,3291333,3292112,779,CDS
9307,3293323,3293552,229,CDS
9308,3293076,3293265,189,CDS
9309,3292633,3293017,384,CDS
9310,3292460,3292576,116,CDS
9311,3292174,3292301,127,CDS
9312,3291333,3292112,779,CDS
9313,3293323,3293552,229,CDS
9314,3293076,3293265,189,CDS
9315,3292633,3293017,384,CDS
9316,3292460,3292576,116,CDS
9317,3292174,3292301,127,CDS
9318,3291333,3292112,779,CDS
9319,3293323,3293552,229,CDS
9320,3293076,3293265,189,CDS
9321,3292629,3293017,388,CDS
9322,3292534,3292576,42,CDS
9323,3294926,3303130,8204,gene
9324,3303046,3303130,84,mRNA
9325,3301123,3301753,630,mRNA
9326,3297447,3297564,117,mRNA
9327,3297053,3297388,335,mRNA
9328,3296756,3296994,238,mRNA
9329,3296544,3296690,146,mRNA
9330,3295994,3296485,491,mRNA
9331,3294926,3295939,1013,mRNA
9332,3301123,3301615,492,CDS
9333,3297447,3297564,117,CDS
9334,3297053,3297388,335,CDS
9335,3296756,3296994,238,CDS
9336,3296544,3296690,146,CDS
9337,3295994,3296485,491,CDS
9338,3295338,3295939,601,CDS
9339,3304100,3317418,13318,gene
9340,3304100,3304835,735,mRNA
9341,3313310,3313571,261,mRNA
9342,3313718,3313820,102,mRNA
9343,3313967,3314209,242,mRNA
9344,3314275,3314458,183,mRNA
9345,3314876,3315108,232,mRNA
9346,3315174,3315214,40,mRNA
9347,3315274,3315428,154,mRNA
9348,3315487,3315526,39,mRNA
9349,3315588,3315753,165,mRNA
9350,3315812,3315966,154,mRNA
9351,3316037,3316268,231,mRNA
9352,3316332,3316458,126,mRNA
9353,3316527,3316632,105,mRNA
9354,3316727,3317418,691,mRNA
9355,3309222,3311682,2460,gene
9356,3309222,3309499,277,mRNA
9357,3309771,3310003,232,mRNA
9358,3310074,3310204,130,mRNA
9359,3310624,3310976,352,mRNA
9360,3311032,3311682,650,mRNA
9361,3309427,3309499,72,CDS
9362,3309771,3310003,232,CDS
9363,3310074,3310204,130,CDS
9364,3310624,3310976,352,CDS
9365,3311032,3311651,619,CDS
9366,3313347,3313571,224,CDS
9367,3313718,3313820,102,CDS
9368,3313967,3314209,242,CDS
9369,3314275,3314458,183,CDS
9370,3314876,3315108,232,CDS
9371,3315174,3315214,40,CDS
9372,3315274,3315428,154,CDS
9373,3315487,3315526,39,CDS
9374,3315588,3315753,165,CDS
9375,3315812,3315966,154,CDS
9376,3316037,3316268,231,CDS
9377,3316332,3316458,126,CDS
9378,3316527,3316632,105,CDS
9379,3316727,3317086,359,CDS
9380,3316794,3319872,3078,gene
9381,3319748,3319872,124,mRNA
9382,3319239,3319683,444,mRNA
9383,3318970,3319112,142,mRNA
9384,3318815,3318909,94,mRNA
9385,3318457,3318746,289,mRNA
9386,3317913,3318332,419,mRNA
9387,3317548,3317684,136,mRNA
9388,3316794,3317430,636,mRNA
9389,3319748,3319872,124,mRNA
9390,3319239,3319683,444,mRNA
9391,3318970,3319112,142,mRNA
9392,3318815,3318909,94,mRNA
9393,3318457,3318746,289,mRNA
9394,3317913,3318332,419,mRNA
9395,3317476,3317684,208,mRNA
9396,3319748,3319806,58,CDS
9397,3319239,3319683,444,CDS
9398,3318970,3319112,142,CDS
9399,3318815,3318909,94,CDS
9400,3318457,3318746,289,CDS
9401,3317913,3318332,419,CDS
9402,3317565,3317684,119,CDS
9403,3319748,3319806,58,CDS
9404,3319239,3319683,444,CDS
9405,3318970,3319112,142,CDS
9406,3318815,3318909,94,CDS
9407,3318457,3318746,289,CDS
9408,3317913,3318332,419,CDS
9409,3317565,3317684,119,CDS
9410,3320245,3323141,2896,gene
9411,3320245,3320445,200,mRNA
9412,3320515,3320647,132,mRNA
9413,3320805,3321037,232,mRNA
9414,3321517,3322191,674,mRNA
9415,3322308,3322511,203,mRNA
9416,3322691,3322756,65,mRNA
9417,3322816,3323141,325,mRNA
9418,3320245,3320445,200,mRNA
9419,3320518,3320647,129,mRNA
9420,3320805,3321037,232,mRNA
9421,3321517,3322191,674,mRNA
9422,3322308,3322511,203,mRNA
9423,3322691,3322756,65,mRNA
9424,3322816,3323141,325,mRNA
9425,3320590,3320647,57,CDS
9426,3320805,3321037,232,CDS
9427,3321517,3322191,674,CDS
9428,3322308,3322511,203,CDS
9429,3322691,3322756,65,CDS
9430,3322816,3323037,221,CDS
9431,3320590,3320647,57,CDS
9432,3320805,3321037,232,CDS
9433,3321517,3322191,674,CDS
9434,3322308,3322511,203,CDS
9435,3322691,3322756,65,CDS
9436,3322816,3323037,221,CDS
9437,3324237,3326637,2400,gene
9438,3324237,3324415,178,mRNA
9439,3324649,3324881,232,mRNA
9440,3324937,3325067,130,mRNA
9441,3325121,3325482,361,mRNA
9442,3325882,3326363,481,mRNA
9443,3326431,3326637,206,mRNA
9444,3324367,3324415,48,CDS
9445,3324649,3324881,232,CDS
9446,3324937,3325067,130,CDS
9447,3325121,3325482,361,CDS
9448,3325882,3326363,481,CDS
9449,3326431,3326577,146,CDS
9450,3327903,3329792,1889,gene
9451,3327903,3328005,102,mRNA
9452,3328073,3328302,229,mRNA
9453,3328360,3328490,130,mRNA
9454,3328545,3328882,337,mRNA
9455,3328939,3329351,412,mRNA
9456,3329425,3329792,367,mRNA
9457,3327936,3328005,69,CDS
9458,3328073,3328302,229,CDS
9459,3328360,3328490,130,CDS
9460,3328545,3328882,337,CDS
9461,3328939,3329351,412,CDS
9462,3329425,3329625,200,CDS
9463,3330928,3332876,1948,gene
9464,3330928,3331056,128,mRNA
9465,3331118,3331347,229,mRNA
9466,3331414,3331544,130,mRNA
9467,3331612,3331943,331,mRNA
9468,3332003,3332415,412,mRNA
9469,3332481,3332876,395,mRNA
9470,3330928,3331056,128,mRNA
9471,3331118,3331347,229,mRNA
9472,3331414,3331544,130,mRNA
9473,3331612,3331943,331,mRNA
9474,3332003,3332415,412,mRNA
9475,3332481,3332840,359,mRNA
9476,3330963,3331056,93,CDS
9477,3331118,3331347,229,CDS
9478,3331414,3331544,130,CDS
9479,3331612,3331943,331,CDS
9480,3332003,3332415,412,CDS
9481,3332481,3332681,200,CDS
9482,3330963,3331056,93,CDS
9483,3331118,3331347,229,CDS
9484,3331414,3331544,130,CDS
9485,3331612,3331943,331,CDS
9486,3332003,3332415,412,CDS
9487,3332481,3332681,200,CDS
9488,3332814,3334790,1976,gene
9489,3332814,3332989,175,mRNA
9490,3333055,3333284,229,mRNA
9491,3333344,3333474,130,mRNA
9492,3333640,3333986,346,mRNA
9493,3334042,3334454,412,mRNA
9494,3334523,3334790,267,mRNA
9495,3332911,3332989,78,CDS
9496,3333055,3333284,229,CDS
9497,3333344,3333474,130,CDS
9498,3333640,3333986,346,CDS
9499,3334042,3334454,412,CDS
9500,3334523,3334723,200,CDS
9501,3334875,3354829,19954,gene
9502,3354591,3354829,238,mRNA
9503,3352476,3353714,1238,mRNA
9504,3338227,3338436,209,mRNA
9505,3337483,3337894,411,mRNA
9506,3337163,3337418,255,mRNA
9507,3336461,3337099,638,mRNA
9508,3336242,3336398,156,mRNA
9509,3335914,3336180,266,mRNA
9510,3334875,3335852,977,mRNA
9511,3354474,3354829,355,mRNA
9512,3352476,3353714,1238,mRNA
9513,3338227,3338436,209,mRNA
9514,3337483,3337894,411,mRNA
9515,3337163,3337418,255,mRNA
9516,3336461,3337099,638,mRNA
9517,3336242,3336398,156,mRNA
9518,3335914,3336180,266,mRNA
9519,3334875,3335852,977,mRNA
9520,3353839,3354829,990,mRNA
9521,3352476,3353714,1238,mRNA
9522,3338227,3338436,209,mRNA
9523,3337483,3337894,411,mRNA
9524,3337163,3337418,255,mRNA
9525,3336461,3337099,638,mRNA
9526,3336242,3336398,156,mRNA
9527,3335914,3336180,266,mRNA
9528,3334875,3335852,977,mRNA
9529,3352476,3353392,916,CDS
9530,3338227,3338436,209,CDS
9531,3337483,3337894,411,CDS
9532,3337163,3337418,255,CDS
9533,3336461,3337099,638,CDS
9534,3336242,3336398,156,CDS
9535,3335914,3336180,266,CDS
9536,3335657,3335852,195,CDS
9537,3352476,3353392,916,CDS
9538,3338227,3338436,209,CDS
9539,3337483,3337894,411,CDS
9540,3337163,3337418,255,CDS
9541,3336461,3337099,638,CDS
9542,3336242,3336398,156,CDS
9543,3335914,3336180,266,CDS
9544,3335657,3335852,195,CDS
9545,3352476,3353392,916,CDS
9546,3338227,3338436,209,CDS
9547,3337483,3337894,411,CDS
9548,3337163,3337418,255,CDS
9549,3336461,3337099,638,CDS
9550,3336242,3336398,156,CDS
9551,3335914,3336180,266,CDS
9552,3335657,3335852,195,CDS
9553,3357646,3358618,972,gene
9554,3357646,3358618,972,mRNA
9555,3357750,3358421,671,CDS
9556,3358640,3373372,14732,gene
9557,3372779,3373372,593,mRNA
9558,3367245,3367719,474,mRNA
9559,3365427,3365673,246,mRNA
9560,3363827,3364940,1113,mRNA
9561,3363510,3363762,252,mRNA
9562,3363307,3363437,130,mRNA
9563,3362999,3363195,196,mRNA
9564,3362443,3362718,275,mRNA
9565,3360996,3361443,447,mRNA
9566,3358640,3360928,2288,mRNA
9567,3372779,3373372,593,mRNA
9568,3367904,3368194,290,mRNA
9569,3367245,3367719,474,mRNA
9570,3365427,3365676,249,mRNA
9571,3363827,3364940,1113,mRNA
9572,3363510,3363762,252,mRNA
9573,3363307,3363437,130,mRNA
9574,3362999,3363195,196,mRNA
9575,3360996,3361443,447,mRNA
9576,3358640,3360928,2288,mRNA
9577,3370906,3371362,456,mRNA
9578,3367904,3368194,290,mRNA
9579,3367245,3367719,474,mRNA
9580,3365427,3365676,249,mRNA
9581,3363827,3364940,1113,mRNA
9582,3363510,3363762,252,mRNA
9583,3363307,3363437,130,mRNA
9584,3362999,3363195,196,mRNA
9585,3362416,3362718,302,mRNA
9586,3360996,3361443,447,mRNA
9587,3358640,3360928,2288,mRNA
9588,3369116,3369234,118,mRNA
9589,3367904,3368194,290,mRNA
9590,3367245,3367719,474,mRNA
9591,3365427,3365676,249,mRNA
9592,3363827,3364940,1113,mRNA
9593,3363510,3363762,252,mRNA
9594,3363307,3363437,130,mRNA
9595,3362999,3363195,196,mRNA
9596,3360996,3361443,447,mRNA
9597,3358640,3360928,2288,mRNA
9598,3369116,3369234,118,mRNA
9599,3367904,3368194,290,mRNA
9600,3367245,3367719,474,mRNA
9601,3365427,3365676,249,mRNA
9602,3363827,3364940,1113,mRNA
9603,3363510,3363762,252,mRNA
9604,3363307,3363437,130,mRNA
9605,3362999,3363195,196,mRNA
9606,3362416,3362718,302,mRNA
9607,3360996,3361443,447,mRNA
9608,3358640,3360928,2288,mRNA
9609,3365019,3365219,200,mRNA
9610,3363827,3364940,1113,mRNA
9611,3363510,3363762,252,mRNA
9612,3363307,3363437,130,mRNA
9613,3362999,3363195,196,mRNA
9614,3362416,3362718,302,mRNA
9615,3360996,3361443,447,mRNA
9616,3358640,3360928,2288,mRNA
9617,3372779,3373047,268,CDS
9618,3367245,3367719,474,CDS
9619,3365427,3365673,246,CDS
9620,3363827,3364940,1113,CDS
9621,3363510,3363762,252,CDS
9622,3363307,3363437,130,CDS
9623,3362999,3363195,196,CDS
9624,3362443,3362718,275,CDS
9625,3360996,3361443,447,CDS
9626,3360718,3360928,210,CDS
9627,3372779,3373047,268,CDS
9628,3367904,3368194,290,CDS
9629,3367245,3367719,474,CDS
9630,3365427,3365676,249,CDS
9631,3363827,3364940,1113,CDS
9632,3363510,3363762,252,CDS
9633,3363307,3363437,130,CDS
9634,3362999,3363195,196,CDS
9635,3360996,3361443,447,CDS
9636,3360718,3360928,210,CDS
9637,3370906,3370982,76,CDS
9638,3367904,3368194,290,CDS
9639,3367245,3367719,474,CDS
9640,3365427,3365676,249,CDS
9641,3363827,3364940,1113,CDS
9642,3363510,3363762,252,CDS
9643,3363307,3363437,130,CDS
9644,3362999,3363195,196,CDS
9645,3362416,3362718,302,CDS
9646,3360996,3361443,447,CDS
9647,3360718,3360928,210,CDS
9648,3369116,3369162,46,CDS
9649,3367904,3368194,290,CDS
9650,3367245,3367719,474,CDS
9651,3365427,3365676,249,CDS
9652,3363827,3364940,1113,CDS
9653,3363510,3363762,252,CDS
9654,3363307,3363437,130,CDS
9655,3362999,3363195,196,CDS
9656,3360996,3361443,447,CDS
9657,3360718,3360928,210,CDS
9658,3369116,3369162,46,CDS
9659,3367904,3368194,290,CDS
9660,3367245,3367719,474,CDS
9661,3365427,3365676,249,CDS
9662,3363827,3364940,1113,CDS
9663,3363510,3363762,252,CDS
9664,3363307,3363437,130,CDS
9665,3362999,3363195,196,CDS
9666,3362416,3362718,302,CDS
9667,3360996,3361443,447,CDS
9668,3360718,3360928,210,CDS
9669,3363827,3364698,871,CDS
9670,3363510,3363762,252,CDS
9671,3363307,3363437,130,CDS
9672,3362999,3363195,196,CDS
9673,3362416,3362718,302,CDS
9674,3360996,3361443,447,CDS
9675,3360718,3360928,210,CDS
9676,3373567,3375711,2144,gene
9677,3375085,3375711,626,mRNA
9678,3374121,3375028,907,mRNA
9679,3373984,3374065,81,mRNA
9680,3373811,3373927,116,mRNA
9681,3373567,3373691,124,mRNA
9682,3375085,3375711,626,mRNA
9683,3374121,3375028,907,mRNA
9684,3373984,3374065,81,mRNA
9685,3373781,3373927,146,mRNA
9686,3373567,3373691,124,mRNA
9687,3375085,3375408,323,CDS
9688,3374121,3375028,907,CDS
9689,3373984,3374065,81,CDS
9690,3373811,3373927,116,CDS
9691,3373680,3373691,11,CDS
9692,3375085,3375408,323,CDS
9693,3374121,3375028,907,CDS
9694,3373984,3374065,81,CDS
9695,3373781,3373927,146,CDS
9696,3375832,3376737,905,gene
9697,3376481,3376737,256,mRNA
9698,3375832,3376420,588,mRNA
9699,3376481,3376737,256,mRNA
9700,3375883,3376420,537,mRNA
9701,3376481,3376619,138,CDS
9702,3376110,3376420,310,CDS
9703,3376481,3376619,138,CDS
9704,3376110,3376420,310,CDS
9705,3377002,3378590,1588,gene
9706,3377002,3377126,124,mRNA
9707,3377182,3377805,623,mRNA
9708,3377862,3378070,208,mRNA
9709,3378156,3378590,434,mRNA
9710,3377099,3377126,27,CDS
9711,3377182,3377805,623,CDS
9712,3377862,3378070,208,CDS
9713,3378156,3378491,335,CDS
9714,3386863,3387278,415,gene
9715,3386863,3387278,415,ncRNA
9716,3387354,3387743,389,gene
9717,3387642,3387743,101,mRNA
9718,3387354,3387573,219,mRNA
9719,3387642,3387708,66,CDS
9720,3387404,3387573,169,CDS
9721,3387882,3388496,614,gene
9722,3388332,3388496,164,mRNA
9723,3387882,3388269,387,mRNA
9724,3388332,3388496,164,mRNA
9725,3388024,3388269,245,mRNA
9726,3388332,3388398,66,CDS
9727,3388097,3388269,172,CDS
9728,3388332,3388398,66,CDS
9729,3388097,3388269,172,CDS
9730,3388653,3388838,185,mobile_element
9731,3389348,3389753,405,gene
9732,3389348,3389753,405,ncRNA
9733,3397323,3398444,1121,gene
9734,3397323,3398444,1121,ncRNA
9735,3398023,3398684,661,gene
9736,3398023,3398684,661,mRNA
9737,3398135,3398395,260,CDS
9738,3404460,3426719,22259,gene
9739,3426486,3426719,233,mRNA
9740,3421488,3421698,210,mRNA
9741,3407758,3408030,272,mRNA
9742,3407472,3407683,211,mRNA
9743,3407246,3407412,166,mRNA
9744,3406460,3407147,687,mRNA
9745,3406067,3406239,172,mRNA
9746,3404460,3405878,1418,mRNA
9747,3422760,3422957,197,mRNA
9748,3421488,3421698,210,mRNA
9749,3407758,3408030,272,mRNA
9750,3407472,3407683,211,mRNA
9751,3407246,3407412,166,mRNA
9752,3406460,3407147,687,mRNA
9753,3406067,3406239,172,mRNA
9754,3404460,3405878,1418,mRNA
9755,3421488,3421574,86,CDS
9756,3407758,3408030,272,CDS
9757,3407472,3407683,211,CDS
9758,3407246,3407412,166,CDS
9759,3406460,3407147,687,CDS
9760,3406067,3406239,172,CDS
9761,3405577,3405878,301,CDS
9762,3421488,3421574,86,CDS
9763,3407758,3408030,272,CDS
9764,3407472,3407683,211,CDS
9765,3407246,3407412,166,CDS
9766,3406460,3407147,687,CDS
9767,3406067,3406239,172,CDS
9768,3405577,3405878,301,CDS
9769,3410560,3411199,639,gene
9770,3410560,3411199,639,mRNA
9771,3410690,3411106,416,CDS
9772,3416693,3418068,1375,gene
9773,3416693,3418068,1375,mRNA
9774,3416693,3417869,1176,mRNA
9775,3416865,3417410,545,CDS
9776,3416865,3417410,545,CDS
9777,3445992,3447589,1597,gene
9778,3445992,3446142,150,mRNA
9779,3446349,3447089,740,mRNA
9780,3447144,3447589,445,mRNA
9781,3446038,3446142,104,CDS
9782,3446349,3447089,740,CDS
9783,3447144,3447548,404,CDS
9784,3449683,3452106,2423,gene
9785,3449683,3449977,294,mRNA
9786,3450185,3450288,103,mRNA
9787,3450358,3451243,885,mRNA
9788,3451301,3451453,152,mRNA
9789,3451517,3452106,589,mRNA
9790,3449683,3449977,294,mRNA
9791,3450185,3450288,103,mRNA
9792,3450358,3451243,885,mRNA
9793,3451307,3451453,146,mRNA
9794,3451517,3452106,589,mRNA
9795,3449795,3449977,182,CDS
9796,3450185,3450288,103,CDS
9797,3450358,3451243,885,CDS
9798,3451301,3451453,152,CDS
9799,3451517,3451567,50,CDS
9800,3449795,3449977,182,CDS
9801,3450185,3450288,103,CDS
9802,3450358,3451243,885,CDS
9803,3451307,3451453,146,CDS
9804,3451517,3451567,50,CDS
9805,3452466,3453755,1289,gene
9806,3452466,3452671,205,mRNA
9807,3452740,3453278,538,mRNA
9808,3453429,3453755,326,mRNA
9809,3452617,3452671,54,CDS
9810,3452740,3453278,538,CDS
9811,3453429,3453596,167,CDS
9812,3453697,3457064,3367,gene
9813,3456871,3457064,193,mRNA
9814,3456302,3456814,512,mRNA
9815,3455757,3456244,487,mRNA
9816,3455564,3455703,139,mRNA
9817,3455344,3455504,160,mRNA
9818,3455156,3455285,129,mRNA
9819,3454359,3455101,742,mRNA
9820,3453697,3454300,603,mRNA
9821,3456871,3457035,164,CDS
9822,3456302,3456814,512,CDS
9823,3455757,3456244,487,CDS
9824,3455564,3455703,139,CDS
9825,3455344,3455504,160,CDS
9826,3455156,3455285,129,CDS
9827,3454359,3455101,742,CDS
9828,3453923,3454300,377,CDS
9829,3457302,3460367,3065,gene
9830,3457302,3457514,212,mRNA
9831,3457585,3458199,614,mRNA
9832,3458254,3460075,1821,mRNA
9833,3460133,3460367,234,mRNA
9834,3457406,3457514,108,CDS
9835,3457585,3458199,614,CDS
9836,3458254,3460075,1821,CDS
9837,3460133,3460271,138,CDS
9838,3460322,3461952,1630,gene
9839,3461770,3461952,182,mRNA
9840,3461438,3461706,268,mRNA
9841,3460322,3461380,1058,mRNA
9842,3461770,3461851,81,CDS
9843,3461438,3461706,268,CDS
9844,3460394,3461380,986,CDS
9845,3462218,3466112,3894,gene
9846,3466052,3466112,60,mRNA
9847,3463707,3465918,2211,mRNA
9848,3462218,3463654,1436,mRNA
9849,3463707,3466112,2405,mRNA
9850,3462218,3463654,1436,mRNA
9851,3462712,3463066,354,mobile_element
9852,3463707,3465639,1932,CDS
9853,3463266,3463654,388,CDS
9854,3463707,3465639,1932,CDS
9855,3463266,3463654,388,CDS
9856,3463290,3463400,110,gene
9857,3463290,3463400,110,precursor_RNA
9858,3463362,3463383,21,ncRNA
9859,3466157,3467334,1177,gene
9860,3466157,3466416,259,mRNA
9861,3466787,3467062,275,mRNA
9862,3467133,3467334,201,mRNA
9863,3466157,3466228,71,mRNA
9864,3466316,3466416,100,mRNA
9865,3466787,3467062,275,mRNA
9866,3467133,3467334,201,mRNA
9867,3466335,3466416,81,CDS
9868,3466787,3467062,275,CDS
9869,3467133,3467254,121,CDS
9870,3466335,3466416,81,CDS
9871,3466787,3467062,275,CDS
9872,3467133,3467254,121,CDS
9873,3467342,3470004,2662,gene
9874,3468950,3470004,1054,mRNA
9875,3467342,3468897,1555,mRNA
9876,3468950,3470004,1054,mRNA
9877,3467424,3468897,1473,mRNA
9878,3468950,3469894,944,CDS
9879,3467851,3468897,1046,CDS
9880,3468950,3469894,944,CDS
9881,3467851,3468897,1046,CDS
9882,3470182,3472364,2182,gene
9883,3470182,3470680,498,mRNA
9884,3470734,3471076,342,mRNA
9885,3471137,3471559,422,mRNA
9886,3471666,3472364,698,mRNA
9887,3470214,3470680,466,CDS
9888,3470734,3471076,342,CDS
9889,3471137,3471559,422,CDS
9890,3471666,3472325,659,CDS
9891,3472603,3475338,2735,gene
9892,3472603,3473302,699,mRNA
9893,3473362,3473704,342,mRNA
9894,3473770,3474198,428,mRNA
9895,3474268,3475338,1070,mRNA
9896,3472735,3473302,567,mRNA
9897,3473362,3473704,342,mRNA
9898,3473770,3474198,428,mRNA
9899,3474268,3475338,1070,mRNA
9900,3472803,3473302,499,CDS
9901,3473362,3473704,342,CDS
9902,3473770,3474198,428,CDS
9903,3474268,3474930,662,CDS
9904,3472803,3473302,499,CDS
9905,3473362,3473704,342,CDS
9906,3473770,3474198,428,CDS
9907,3474268,3474930,662,CDS
9908,3475365,3476058,693,gene
9909,3475365,3476058,693,ncRNA
9910,3476343,3477648,1305,gene
9911,3476343,3477011,668,ncRNA
9912,3477077,3477648,571,ncRNA
9913,3476851,3477011,160,ncRNA
9914,3477077,3477648,571,ncRNA
9915,3478434,3479612,1178,gene
9916,3478434,3478760,326,mRNA
9917,3479185,3479612,427,mRNA
9918,3478522,3478760,238,mRNA
9919,3479185,3479612,427,mRNA
9920,3478616,3478760,144,CDS
9921,3479185,3479393,208,CDS
9922,3478616,3478760,144,CDS
9923,3479185,3479393,208,CDS
9924,3480755,3491071,10316,gene
9925,3490832,3491071,239,mRNA
9926,3480755,3481916,1161,mRNA
9927,3480954,3481916,962,CDS
9928,3493986,3508119,14133,gene
9929,3508054,3508119,65,mRNA
9930,3506558,3506756,198,mRNA
9931,3504361,3504578,217,mRNA
9932,3503689,3504299,610,mRNA
9933,3503251,3503592,341,mRNA
9934,3502646,3503193,547,mRNA
9935,3502416,3502557,141,mRNA
9936,3501618,3502126,508,mRNA
9937,3501363,3501561,198,mRNA
9938,3501172,3501299,127,mRNA
9939,3500638,3500791,153,mRNA
9940,3500423,3500575,152,mRNA
9941,3500001,3500361,360,mRNA
9942,3499511,3499763,252,mRNA
9943,3499321,3499422,101,mRNA
9944,3495480,3495878,398,mRNA
9945,3493986,3494621,635,mRNA
9946,3507766,3508119,353,mRNA
9947,3506558,3506756,198,mRNA
9948,3504361,3504578,217,mRNA
9949,3503251,3504299,1048,mRNA
9950,3502646,3503193,547,mRNA
9951,3502416,3502557,141,mRNA
9952,3501618,3502126,508,mRNA
9953,3501363,3501561,198,mRNA
9954,3501172,3501299,127,mRNA
9955,3500638,3500791,153,mRNA
9956,3500423,3500575,152,mRNA
9957,3500001,3500361,360,mRNA
9958,3499511,3499763,252,mRNA
9959,3499321,3499422,101,mRNA
9960,3495480,3495878,398,mRNA
9961,3493986,3494621,635,mRNA
9962,3507766,3508119,353,mRNA
9963,3506558,3506756,198,mRNA
9964,3504361,3504578,217,mRNA
9965,3503251,3504299,1048,mRNA
9966,3502646,3503193,547,mRNA
9967,3502416,3502557,141,mRNA
9968,3501618,3502126,508,mRNA
9969,3501363,3501561,198,mRNA
9970,3501172,3501299,127,mRNA
9971,3500638,3500791,153,mRNA
9972,3500423,3500575,152,mRNA
9973,3499511,3500361,850,mRNA
9974,3499321,3499422,101,mRNA
9975,3495480,3495878,398,mRNA
9976,3493986,3494621,635,mRNA
9977,3507196,3507218,22,mRNA
9978,3506558,3506756,198,mRNA
9979,3504361,3504578,217,mRNA
9980,3503689,3504299,610,mRNA
9981,3503251,3503592,341,mRNA
9982,3502646,3503193,547,mRNA
9983,3502416,3502557,141,mRNA
9984,3501618,3502126,508,mRNA
9985,3501363,3501561,198,mRNA
9986,3501172,3501299,127,mRNA
9987,3500638,3500791,153,mRNA
9988,3500423,3500575,152,mRNA
9989,3499511,3500361,850,mRNA
9990,3499321,3499422,101,mRNA
9991,3495480,3495878,398,mRNA
9992,3493986,3494621,635,mRNA
9993,3507196,3507218,22,mRNA
9994,3506558,3506756,198,mRNA
9995,3504361,3504578,217,mRNA
9996,3503251,3504299,1048,mRNA
9997,3502646,3503193,547,mRNA
9998,3502416,3502557,141,mRNA
9999,3501618,3502126,508,mRNA
10000,3501363,3501561,198,mRNA
10001,3501172,3501299,127,mRNA
10002,3500638,3500791,153,mRNA
10003,3500423,3500575,152,mRNA
10004,3500001,3500361,360,mRNA
10005,3499511,3499763,252,mRNA
10006,3499321,3499422,101,mRNA
10007,3495480,3495878,398,mRNA
10008,3493986,3494621,635,mRNA
10009,3507196,3507218,22,mRNA
10010,3506558,3506756,198,mRNA
10011,3504361,3504578,217,mRNA
10012,3503251,3504299,1048,mRNA
10013,3502646,3503193,547,mRNA
10014,3502416,3502557,141,mRNA
10015,3501618,3502126,508,mRNA
10016,3501363,3501561,198,mRNA
10017,3501172,3501299,127,mRNA
10018,3500638,3500791,153,mRNA
10019,3500423,3500575,152,mRNA
10020,3500001,3500361,360,mRNA
10021,3499511,3499763,252,mRNA
10022,3499321,3499422,101,mRNA
10023,3495480,3495878,398,mRNA
10024,3493986,3494621,635,mRNA
10025,3507189,3507218,29,mRNA
10026,3506558,3506756,198,mRNA
10027,3504361,3504578,217,mRNA
10028,3503251,3504299,1048,mRNA
10029,3502646,3503193,547,mRNA
10030,3502416,3502557,141,mRNA
10031,3501618,3502123,505,mRNA
10032,3501363,3501561,198,mRNA
10033,3501172,3501299,127,mRNA
10034,3500638,3500791,153,mRNA
10035,3500423,3500575,152,mRNA
10036,3500001,3500361,360,mRNA
10037,3499511,3499763,252,mRNA
10038,3499321,3499422,101,mRNA
10039,3495480,3495878,398,mRNA
10040,3493986,3494621,635,mRNA
10041,3504361,3504526,165,CDS
10042,3503251,3504299,1048,CDS
10043,3502646,3503193,547,CDS
10044,3502416,3502557,141,CDS
10045,3501618,3502126,508,CDS
10046,3501363,3501561,198,CDS
10047,3501172,3501299,127,CDS
10048,3500638,3500791,153,CDS
10049,3500423,3500575,152,CDS
10050,3500001,3500361,360,CDS
10051,3499511,3499763,252,CDS
10052,3499321,3499422,101,CDS
10053,3495480,3495878,398,CDS
10054,3494519,3494621,102,CDS
10055,3504361,3504457,96,CDS
10056,3503689,3504299,610,CDS
10057,3503251,3503592,341,CDS
10058,3502646,3503193,547,CDS
10059,3502416,3502557,141,CDS
10060,3501618,3502126,508,CDS
10061,3501363,3501561,198,CDS
10062,3501172,3501299,127,CDS
10063,3500638,3500791,153,CDS
10064,3500423,3500575,152,CDS
10065,3500001,3500361,360,CDS
10066,3499511,3499763,252,CDS
10067,3499321,3499422,101,CDS
10068,3495480,3495878,398,CDS
10069,3494519,3494621,102,CDS
10070,3504361,3504457,96,CDS
10071,3503251,3504299,1048,CDS
10072,3502646,3503193,547,CDS
10073,3502416,3502557,141,CDS
10074,3501618,3502123,505,CDS
10075,3501363,3501561,198,CDS
10076,3501172,3501299,127,CDS
10077,3500638,3500791,153,CDS
10078,3500423,3500575,152,CDS
10079,3500001,3500361,360,CDS
10080,3499511,3499763,252,CDS
10081,3499321,3499422,101,CDS
10082,3495480,3495878,398,CDS
10083,3494519,3494621,102,CDS
10084,3504361,3504457,96,CDS
10085,3503251,3504299,1048,CDS
10086,3502646,3503193,547,CDS
10087,3502416,3502557,141,CDS
10088,3501618,3502126,508,CDS
10089,3501363,3501561,198,CDS
10090,3501172,3501299,127,CDS
10091,3500638,3500791,153,CDS
10092,3500423,3500575,152,CDS
10093,3500001,3500361,360,CDS
10094,3499511,3499763,252,CDS
10095,3499321,3499422,101,CDS
10096,3495480,3495878,398,CDS
10097,3494519,3494621,102,CDS
10098,3504361,3504457,96,CDS
10099,3503251,3504299,1048,CDS
10100,3502646,3503193,547,CDS
10101,3502416,3502557,141,CDS
10102,3501618,3502126,508,CDS
10103,3501363,3501561,198,CDS
10104,3501172,3501299,127,CDS
10105,3500638,3500791,153,CDS
10106,3500423,3500575,152,CDS
10107,3500001,3500361,360,CDS
10108,3499511,3499763,252,CDS
10109,3499321,3499422,101,CDS
10110,3495480,3495878,398,CDS
10111,3494519,3494621,102,CDS
10112,3504361,3504457,96,CDS
10113,3503689,3504299,610,CDS
10114,3503251,3503592,341,CDS
10115,3502646,3503193,547,CDS
10116,3502416,3502557,141,CDS
10117,3501618,3502126,508,CDS
10118,3501363,3501561,198,CDS
10119,3501172,3501299,127,CDS
10120,3500638,3500791,153,CDS
10121,3500423,3500575,152,CDS
10122,3499945,3500361,416,CDS
10123,3504361,3504457,96,CDS
10124,3503251,3504299,1048,CDS
10125,3502646,3503193,547,CDS
10126,3502416,3502557,141,CDS
10127,3501618,3502126,508,CDS
10128,3501363,3501561,198,CDS
10129,3501172,3501299,127,CDS
10130,3500638,3500791,153,CDS
10131,3500423,3500575,152,CDS
10132,3499945,3500361,416,CDS
10133,3507196,3507604,408,mRNA
10134,3506558,3506756,198,mRNA
10135,3504361,3504578,217,mRNA
10136,3503251,3504299,1048,mRNA
10137,3502646,3503193,547,mRNA
10138,3502416,3502557,141,mRNA
10139,3501618,3502126,508,mRNA
10140,3501363,3501561,198,mRNA
10141,3501048,3501299,251,mRNA
10142,3507196,3507218,22,mRNA
10143,3506558,3506756,198,mRNA
10144,3504361,3504578,217,mRNA
10145,3503251,3504299,1048,mRNA
10146,3502646,3503193,547,mRNA
10147,3502416,3502557,141,mRNA
10148,3501618,3502123,505,mRNA
10149,3501363,3501561,198,mRNA
10150,3501048,3501299,251,mRNA
10151,3504361,3504457,96,CDS
10152,3503251,3504299,1048,CDS
10153,3502646,3503193,547,CDS
10154,3502416,3502557,141,CDS
10155,3501618,3502123,505,CDS
10156,3501363,3501561,198,CDS
10157,3501168,3501299,131,CDS
10158,3504361,3504457,96,CDS
10159,3503251,3504299,1048,CDS
10160,3502646,3503193,547,CDS
10161,3502416,3502557,141,CDS
10162,3501618,3502126,508,CDS
10163,3501363,3501561,198,CDS
10164,3501168,3501299,131,CDS
10165,3504032,3504182,150,gene
10166,3504032,3504182,150,ncRNA
10167,3508598,3509036,438,gene
10168,3508598,3509036,438,ncRNA
10169,3509058,3510102,1044,gene
10170,3509795,3510102,307,mRNA
10171,3509058,3509727,669,mRNA
10172,3509099,3509440,341,gene
10173,3509099,3509440,341,ncRNA
10174,3509795,3510072,277,CDS
10175,3509172,3509727,555,CDS
10176,3510328,3514656,4328,gene
10177,3514530,3514656,126,mRNA
10178,3513542,3514377,835,mRNA
10179,3512903,3513474,571,mRNA
10180,3512385,3512843,458,mRNA
10181,3511088,3512328,1240,mRNA
10182,3510328,3511026,698,mRNA
10183,3514530,3514656,126,mRNA
10184,3513542,3514377,835,mRNA
10185,3512903,3513474,571,mRNA
10186,3512385,3512843,458,mRNA
10187,3511088,3512328,1240,mRNA
10188,3510478,3511026,548,mRNA
10189,3514530,3514532,2,CDS
10190,3513542,3514377,835,CDS
10191,3512903,3513474,571,CDS
10192,3512385,3512843,458,CDS
10193,3511088,3512328,1240,CDS
10194,3510589,3511026,437,CDS
10195,3514530,3514532,2,CDS
10196,3513542,3514377,835,CDS
10197,3512903,3513474,571,CDS
10198,3512385,3512843,458,CDS
10199,3511088,3512328,1240,CDS
10200,3510589,3511026,437,CDS
10201,3514872,3517264,2392,gene
10202,3514872,3515277,405,mRNA
10203,3515720,3516268,548,mRNA
10204,3516330,3516677,347,mRNA
10205,3516736,3517264,528,mRNA
10206,3514872,3515277,405,mRNA
10207,3515720,3516268,548,mRNA
10208,3516330,3516677,347,mRNA
10209,3516736,3517106,370,mRNA
10210,3514984,3515277,293,CDS
10211,3515720,3516268,548,CDS
10212,3516330,3516677,347,CDS
10213,3516736,3516975,239,CDS
10214,3514984,3515277,293,CDS
10215,3515720,3516268,548,CDS
10216,3516330,3516677,347,CDS
10217,3516736,3516975,239,CDS
10218,3517273,3519651,2378,gene
10219,3517273,3519651,2378,mRNA
10220,3517433,3519463,2030,CDS
10221,3519677,3522555,2878,gene
10222,3519677,3519948,271,mRNA
10223,3520379,3521308,929,mRNA
10224,3521368,3522555,1187,mRNA
10225,3519712,3519948,236,CDS
10226,3520379,3521308,929,CDS
10227,3521368,3522372,1004,CDS
10228,3520222,3521308,1086,mRNA
10229,3521368,3522555,1187,mRNA
10230,3520379,3521308,929,CDS
10231,3521368,3522372,1004,CDS
10232,3522521,3524056,1535,gene
10233,3523753,3524056,303,mRNA
10234,3523144,3523672,528,mRNA
10235,3522521,3523077,556,mRNA
10236,3523753,3523960,207,CDS
10237,3523144,3523672,528,CDS
10238,3522594,3523077,483,CDS
10239,3525131,3527588,2457,gene
10240,3525131,3527200,2069,mRNA
10241,3527261,3527588,327,mRNA
10242,3525209,3527200,1991,CDS
10243,3527387,3530317,2930,gene
10244,3529768,3530317,549,mRNA
10245,3529538,3529703,165,mRNA
10246,3529256,3529471,215,mRNA
10247,3529056,3529197,141,mRNA
10248,3528817,3528915,98,mRNA
10249,3527387,3528756,1369,mRNA
10250,3529768,3530286,518,CDS
10251,3529538,3529703,165,CDS
10252,3529256,3529471,215,CDS
10253,3529056,3529197,141,CDS
10254,3528817,3528915,98,CDS
10255,3527553,3528756,1203,CDS
10256,3530789,3532678,1889,gene
10257,3530789,3531199,410,mRNA
10258,3531254,3532016,762,mRNA
10259,3532369,3532678,309,mRNA
10260,3530903,3531199,296,CDS
10261,3531254,3532016,762,CDS
10262,3532369,3532526,157,CDS
10263,3537844,3538333,489,gene
10264,3537844,3538004,160,ncRNA
10265,3538068,3538333,265,ncRNA
10266,3539247,3548423,9176,gene
10267,3539247,3539391,144,mRNA
10268,3545074,3545807,733,mRNA
10269,3546731,3548423,1692,mRNA
10270,3539733,3539977,244,mRNA
10271,3545074,3545807,733,mRNA
10272,3546731,3548081,1350,mRNA
10273,3539733,3539977,244,mRNA
10274,3545074,3545807,733,mRNA
10275,3547262,3548081,819,mRNA
10276,3545587,3545807,220,CDS
10277,3547262,3547307,45,CDS
10278,3545587,3545807,220,CDS
10279,3546731,3546755,24,CDS
10280,3545587,3545807,220,CDS
10281,3546731,3546755,24,CDS
10282,3562038,3563118,1080,gene
10283,3562038,3562610,572,ncRNA
10284,3562657,3563118,461,ncRNA
10285,3563308,3563540,232,gene
10286,3563308,3563540,232,ncRNA
10287,3575350,3575806,456,gene
10288,3575350,3575806,456,ncRNA
10289,3576210,3576623,413,gene
10290,3576210,3576623,413,mRNA
10291,3576264,3576428,164,CDS
10292,3578013,3580769,2756,gene
10293,3578855,3580769,1914,mRNA
10294,3578013,3578708,695,mRNA
10295,3578855,3580179,1324,CDS
10296,3578297,3578708,411,CDS
10297,3587068,3587469,401,gene
10298,3587068,3587469,401,ncRNA
10299,3588485,3590301,1816,gene
10300,3589685,3590301,616,ncRNA
10301,3588485,3589571,1086,ncRNA
10302,3604224,3606756,2532,gene
10303,3606286,3606756,470,mRNA
10304,3604224,3606099,1875,mRNA
10305,3606286,3606358,72,CDS
10306,3604994,3606099,1105,CDS
10307,3616296,3617619,1323,gene
10308,3616296,3617619,1323,ncRNA
10309,3619097,3621573,2476,gene
10310,3619097,3620390,1293,mRNA
10311,3620509,3620725,216,mRNA
10312,3620782,3621573,791,mRNA
10313,3619278,3620390,1112,mRNA
10314,3620509,3620725,216,mRNA
10315,3620782,3621171,389,mRNA
10316,3619286,3620390,1104,CDS
10317,3620509,3620725,216,CDS
10318,3620782,3621073,291,CDS
10319,3619286,3620390,1104,CDS
10320,3620509,3620725,216,CDS
10321,3620782,3621073,291,CDS
10322,3621110,3621704,594,gene
10323,3621389,3621704,315,mRNA
10324,3621110,3621324,214,mRNA
10325,3621389,3621653,264,mRNA
10326,3621110,3621324,214,mRNA
10327,3621389,3621506,117,CDS
10328,3621149,3621324,175,CDS
10329,3621389,3621506,117,CDS
10330,3621149,3621324,175,CDS
10331,3622074,3656953,34879,gene
10332,3656722,3656953,231,mRNA
10333,3655270,3655585,315,mRNA
10334,3638939,3640517,1578,mRNA
10335,3634239,3634405,166,mRNA
10336,3625997,3626216,219,mRNA
10337,3624440,3624676,236,mRNA
10338,3624224,3624373,149,mRNA
10339,3623262,3623881,619,mRNA
10340,3623006,3623195,189,mRNA
10341,3622074,3622943,869,mRNA
10342,3656708,3656953,245,mRNA
10343,3655270,3655585,315,mRNA
10344,3634239,3634405,166,mRNA
10345,3625997,3626216,219,mRNA
10346,3624440,3624676,236,mRNA
10347,3624224,3624373,149,mRNA
10348,3623262,3623881,619,mRNA
10349,3623006,3623195,189,mRNA
10350,3622074,3622943,869,mRNA
10351,3656708,3656953,245,mRNA
10352,3655270,3655585,315,mRNA
10353,3638939,3640517,1578,mRNA
10354,3634239,3634405,166,mRNA
10355,3625997,3626216,219,mRNA
10356,3624440,3624676,236,mRNA
10357,3624224,3624373,149,mRNA
10358,3623262,3623881,619,mRNA
10359,3623006,3623195,189,mRNA
10360,3622074,3622943,869,mRNA
10361,3645856,3646138,282,mRNA
10362,3634239,3634405,166,mRNA
10363,3625997,3626216,219,mRNA
10364,3624440,3624676,236,mRNA
10365,3624224,3624373,149,mRNA
10366,3623262,3623881,619,mRNA
10367,3623006,3623195,189,mRNA
10368,3622074,3622943,869,mRNA
10369,3645856,3646138,282,mRNA
10370,3638939,3640517,1578,mRNA
10371,3634239,3634405,166,mRNA
10372,3625997,3626216,219,mRNA
10373,3624440,3624676,236,mRNA
10374,3624224,3624373,149,mRNA
10375,3623262,3623881,619,mRNA
10376,3623006,3623195,189,mRNA
10377,3622074,3622943,869,mRNA
10378,3638939,3639920,981,mRNA
10379,3634239,3634405,166,mRNA
10380,3625997,3626216,219,mRNA
10381,3624440,3624676,236,mRNA
10382,3624224,3624373,149,mRNA
10383,3623262,3623881,619,mRNA
10384,3623006,3623195,189,mRNA
10385,3622074,3622943,869,mRNA
10386,3631975,3632154,179,mRNA
10387,3625997,3626216,219,mRNA
10388,3624440,3624676,236,mRNA
10389,3624224,3624373,149,mRNA
10390,3623262,3623881,619,mRNA
10391,3623006,3623195,189,mRNA
10392,3622074,3622943,869,mRNA
10393,3631975,3632154,179,mRNA
10394,3625997,3627635,1638,mRNA
10395,3624440,3624676,236,mRNA
10396,3624224,3624373,149,mRNA
10397,3623262,3623881,619,mRNA
10398,3623006,3623195,189,mRNA
10399,3622074,3622943,869,mRNA
10400,3631963,3632154,191,mRNA
10401,3626337,3627635,1298,mRNA
10402,3625997,3626216,219,mRNA
10403,3624440,3624676,236,mRNA
10404,3624224,3624373,149,mRNA
10405,3623262,3623881,619,mRNA
10406,3623006,3623195,189,mRNA
10407,3622074,3622943,869,mRNA
10408,3631805,3632154,349,mRNA
10409,3626337,3627525,1188,mRNA
10410,3625997,3626216,219,mRNA
10411,3624440,3624676,236,mRNA
10412,3624224,3624373,149,mRNA
10413,3623262,3623881,619,mRNA
10414,3623006,3623195,189,mRNA
10415,3622074,3622943,869,mRNA
10416,3631523,3632154,631,mRNA
10417,3626337,3627635,1298,mRNA
10418,3625997,3626216,219,mRNA
10419,3624440,3624676,236,mRNA
10420,3624224,3624373,149,mRNA
10421,3623262,3623881,619,mRNA
10422,3623006,3623195,189,mRNA
10423,3622074,3622943,869,mRNA
10424,3631523,3632154,631,mRNA
10425,3625997,3627635,1638,mRNA
10426,3624440,3624676,236,mRNA
10427,3624224,3624373,149,mRNA
10428,3623262,3623881,619,mRNA
10429,3623006,3623195,189,mRNA
10430,3622074,3622943,869,mRNA
10431,3631975,3632154,179,mRNA
10432,3626337,3627635,1298,mRNA
10433,3625997,3626216,219,mRNA
10434,3624440,3624676,236,mRNA
10435,3624224,3624373,149,mRNA
10436,3623262,3623881,619,mRNA
10437,3623006,3623195,189,mRNA
10438,3622617,3622943,326,mRNA
10439,3638939,3640455,1516,CDS
10440,3634239,3634405,166,CDS
10441,3625997,3626216,219,CDS
10442,3624440,3624676,236,CDS
10443,3624224,3624373,149,CDS
10444,3623262,3623881,619,CDS
10445,3623006,3623195,189,CDS
10446,3622778,3622943,165,CDS
10447,3638939,3640455,1516,CDS
10448,3634239,3634405,166,CDS
10449,3625997,3626216,219,CDS
10450,3624440,3624676,236,CDS
10451,3624224,3624373,149,CDS
10452,3623262,3623881,619,CDS
10453,3623006,3623195,189,CDS
10454,3622778,3622943,165,CDS
10455,3638939,3640455,1516,CDS
10456,3634239,3634405,166,CDS
10457,3625997,3626216,219,CDS
10458,3624440,3624676,236,CDS
10459,3624224,3624373,149,CDS
10460,3623262,3623881,619,CDS
10461,3623006,3623195,189,CDS
10462,3622778,3622943,165,CDS
10463,3638939,3639417,478,CDS
10464,3634239,3634405,166,CDS
10465,3625997,3626216,219,CDS
10466,3624440,3624676,236,CDS
10467,3624224,3624373,149,CDS
10468,3623262,3623881,619,CDS
10469,3623006,3623195,189,CDS
10470,3622778,3622943,165,CDS
10471,3634239,3634362,123,CDS
10472,3625997,3626216,219,CDS
10473,3624440,3624676,236,CDS
10474,3624224,3624373,149,CDS
10475,3623262,3623881,619,CDS
10476,3623006,3623195,189,CDS
10477,3622778,3622943,165,CDS
10478,3634239,3634362,123,CDS
10479,3625997,3626216,219,CDS
10480,3624440,3624676,236,CDS
10481,3624224,3624373,149,CDS
10482,3623262,3623881,619,CDS
10483,3623006,3623195,189,CDS
10484,3622778,3622943,165,CDS
10485,3626337,3627438,1101,CDS
10486,3625997,3626216,219,CDS
10487,3624440,3624676,236,CDS
10488,3624224,3624373,149,CDS
10489,3623262,3623881,619,CDS
10490,3623006,3623195,189,CDS
10491,3622778,3622943,165,CDS
10492,3626337,3627438,1101,CDS
10493,3625997,3626216,219,CDS
10494,3624440,3624676,236,CDS
10495,3624224,3624373,149,CDS
10496,3623262,3623881,619,CDS
10497,3623006,3623195,189,CDS
10498,3622778,3622943,165,CDS
10499,3626337,3627438,1101,CDS
10500,3625997,3626216,219,CDS
10501,3624440,3624676,236,CDS
10502,3624224,3624373,149,CDS
10503,3623262,3623881,619,CDS
10504,3623006,3623195,189,CDS
10505,3622778,3622943,165,CDS
10506,3626337,3627438,1101,CDS
10507,3625997,3626216,219,CDS
10508,3624440,3624676,236,CDS
10509,3624224,3624373,149,CDS
10510,3623262,3623881,619,CDS
10511,3623006,3623195,189,CDS
10512,3622778,3622943,165,CDS
10513,3625997,3627438,1441,CDS
10514,3624440,3624676,236,CDS
10515,3624224,3624373,149,CDS
10516,3623262,3623881,619,CDS
10517,3623006,3623195,189,CDS
10518,3622778,3622943,165,CDS
10519,3625997,3627438,1441,CDS
10520,3624440,3624676,236,CDS
10521,3624224,3624373,149,CDS
10522,3623262,3623881,619,CDS
10523,3623006,3623195,189,CDS
10524,3622778,3622943,165,CDS
10525,3625997,3626049,52,CDS
10526,3624440,3624676,236,CDS
10527,3624224,3624373,149,CDS
10528,3623262,3623881,619,CDS
10529,3623006,3623195,189,CDS
10530,3622778,3622943,165,CDS
10531,3636967,3637073,106,gene
10532,3636967,3637073,106,precursor_RNA
10533,3636992,3637013,21,ncRNA
10534,3637028,3637049,21,ncRNA
10535,3649843,3654987,5144,mobile_element
10536,3662745,3692114,29369,gene
10537,3662745,3663306,561,mRNA
10538,3673178,3673301,123,mRNA
10539,3678211,3678302,91,mRNA
10540,3678363,3678464,101,mRNA
10541,3683867,3683968,101,mRNA
10542,3684062,3684633,571,mRNA
10543,3690322,3690479,157,mRNA
10544,3690838,3692114,1276,mRNA
10545,3662745,3663306,561,mRNA
10546,3673178,3673301,123,mRNA
10547,3678211,3678302,91,mRNA
10548,3678363,3678464,101,mRNA
10549,3683867,3683968,101,mRNA
10550,3684062,3684633,571,mRNA
10551,3690322,3690479,157,mRNA
10552,3690838,3691737,899,mRNA
10553,3667977,3668551,574,gene
10554,3668471,3668551,80,mRNA
10555,3667977,3668417,440,mRNA
10556,3668471,3668531,60,CDS
10557,3668113,3668417,304,CDS
10558,3668691,3669134,443,gene
10559,3669054,3669134,80,mRNA
10560,3668691,3668993,302,mRNA
10561,3669054,3669120,66,CDS
10562,3668725,3668993,268,CDS
10563,3669261,3669775,514,gene
10564,3669643,3669775,132,mRNA
10565,3669261,3669583,322,mRNA
10566,3669643,3669709,66,CDS
10567,3669318,3669583,265,CDS
10568,3670131,3670581,450,gene
10569,3670461,3670581,120,mRNA
10570,3670131,3670395,264,mRNA
10571,3670461,3670527,66,CDS
10572,3670160,3670395,235,CDS
10573,3673205,3673301,96,CDS
10574,3678211,3678302,91,CDS
10575,3678363,3678464,101,CDS
10576,3683867,3683968,101,CDS
10577,3684062,3684633,571,CDS
10578,3690322,3690479,157,CDS
10579,3690838,3691478,640,CDS
10580,3673205,3673301,96,CDS
10581,3678211,3678302,91,CDS
10582,3678363,3678464,101,CDS
10583,3683867,3683968,101,CDS
10584,3684062,3684633,571,CDS
10585,3690322,3690479,157,CDS
10586,3690838,3691478,640,CDS
10587,3692123,3692587,464,gene
10588,3692471,3692587,116,mRNA
10589,3692123,3692355,232,mRNA
10590,3692471,3692587,116,mRNA
10591,3692138,3692355,217,mRNA
10592,3692471,3692540,69,CDS
10593,3692186,3692355,169,CDS
10594,3692471,3692540,69,CDS
10595,3692186,3692355,169,CDS
10596,3692699,3693182,483,gene
10597,3693090,3693182,92,mRNA
10598,3692699,3693028,329,mRNA
10599,3693090,3693168,78,CDS
10600,3692841,3693028,187,CDS
10601,3693184,3693905,721,gene
10602,3693794,3693905,111,mRNA
10603,3693184,3693724,540,mRNA
10604,3693794,3693889,95,mRNA
10605,3693479,3693724,245,mRNA
10606,3693794,3693860,66,CDS
10607,3693555,3693724,169,CDS
10608,3693794,3693860,66,CDS
10609,3693555,3693724,169,CDS
10610,3694105,3694418,313,gene
10611,3694105,3694274,169,exon
10612,3694337,3694418,81,exon
10613,3694431,3695020,589,gene
10614,3694742,3695020,278,mRNA
10615,3694431,3694683,252,mRNA
10616,3694742,3694808,66,CDS
10617,3694463,3694683,220,CDS
10618,3695032,3695411,379,gene
10619,3695290,3695411,121,mRNA
10620,3695032,3695234,202,mRNA
10621,3695290,3695356,66,CDS
10622,3695053,3695234,181,CDS
10623,3696218,3696658,440,gene
10624,3696532,3696658,126,mRNA
10625,3696218,3696471,253,mRNA
10626,3696532,3696658,126,mRNA
10627,3696240,3696471,231,mRNA
10628,3696532,3696598,66,CDS
10629,3696290,3696471,181,CDS
10630,3696532,3696598,66,CDS
10631,3696290,3696471,181,CDS
10632,3697242,3697872,630,gene
10633,3697242,3697872,630,mRNA
10634,3697242,3697812,570,mRNA
10635,3697373,3697771,398,CDS
10636,3697373,3697771,398,CDS
10637,3698451,3699092,641,gene
10638,3698827,3699092,265,mRNA
10639,3698451,3698761,310,mRNA
10640,3698827,3699040,213,CDS
10641,3698586,3698761,175,CDS
10642,3699464,3699826,362,gene
10643,3699464,3699556,92,mRNA
10644,3699620,3699826,206,mRNA
10645,3699493,3699556,63,CDS
10646,3699620,3699819,199,CDS
10647,3700195,3700658,463,gene
10648,3700195,3700302,107,mRNA
10649,3700366,3700658,292,mRNA
10650,3700245,3700302,57,CDS
10651,3700366,3700529,163,CDS
10652,3700674,3701092,418,gene
10653,3700674,3700763,89,mRNA
10654,3700820,3701092,272,mRNA
10655,3700700,3700763,63,CDS
10656,3700820,3700998,178,CDS
10657,3701290,3701699,409,gene
10658,3701290,3701373,83,mRNA
10659,3701423,3701699,276,mRNA
10660,3701307,3701373,66,CDS
10661,3701423,3701604,181,CDS
10662,3701826,3702248,422,gene
10663,3701826,3701911,85,mRNA
10664,3701974,3702248,274,mRNA
10665,3701848,3701911,63,CDS
10666,3701974,3702131,157,CDS
10667,3702614,3702947,333,gene
10668,3702614,3702947,333,ncRNA
10669,3703659,3704253,594,gene
10670,3703659,3703812,153,mRNA
10671,3703866,3704253,387,mRNA
10672,3703731,3703812,81,CDS
10673,3703866,3704038,172,CDS
10674,3704106,3705488,1382,gene
10675,3704880,3705488,608,mRNA
10676,3704106,3704633,527,mRNA
10677,3704880,3705488,608,mRNA
10678,3704325,3704633,308,mRNA
10679,3704880,3704973,93,CDS
10680,3704419,3704633,214,CDS
10681,3704880,3704973,93,CDS
10682,3704419,3704633,214,CDS
10683,3706551,3707063,512,gene
10684,3706922,3707063,141,mRNA
10685,3706551,3706791,240,mRNA
10686,3706922,3707039,117,CDS
10687,3706580,3706791,211,CDS
10688,3707230,3711748,4518,gene
10689,3710737,3711748,1011,mRNA
10690,3710102,3710681,579,mRNA
10691,3709817,3710045,228,mRNA
10692,3709634,3709750,116,mRNA
10693,3709475,3709577,102,mRNA
10694,3709276,3709415,139,mRNA
10695,3708978,3709212,234,mRNA
10696,3708491,3708666,175,mRNA
10697,3708298,3708431,133,mRNA
10698,3708015,3708235,220,mRNA
10699,3707516,3707579,63,mRNA
10700,3707230,3707454,224,mRNA
10701,3710737,3711618,881,CDS
10702,3710102,3710681,579,CDS
10703,3709817,3710045,228,CDS
10704,3709634,3709750,116,CDS
10705,3709475,3709577,102,CDS
10706,3709276,3709415,139,CDS
10707,3708978,3709212,234,CDS
10708,3708491,3708666,175,CDS
10709,3708298,3708431,133,CDS
10710,3708015,3708235,220,CDS
10711,3707516,3707579,63,CDS
10712,3707354,3707454,100,CDS
10713,3711881,3713105,1224,gene
10714,3712498,3712866,368,mRNA
10715,3712226,3712445,219,mRNA
10716,3711881,3712068,187,mRNA
10717,3712498,3713105,607,mRNA
10718,3712154,3712445,291,mRNA
10719,3712768,3712866,98,mRNA
10720,3712154,3712445,291,mRNA
10721,3712498,3712866,368,mRNA
10722,3712154,3712445,291,mRNA
10723,3712768,3712782,14,CDS
10724,3712269,3712445,176,CDS
10725,3712498,3712782,284,CDS
10726,3712269,3712445,176,CDS
10727,3712498,3712782,284,CDS
10728,3712269,3712445,176,CDS
10729,3712498,3712782,284,CDS
10730,3712269,3712445,176,CDS
10731,3713360,3716810,3450,gene
10732,3713360,3713736,376,mRNA
10733,3714092,3714491,399,mRNA
10734,3714647,3716104,1457,mRNA
10735,3716157,3716303,146,mRNA
10736,3716389,3716810,421,mRNA
10737,3714093,3714491,398,CDS
10738,3714647,3716104,1457,CDS
10739,3716157,3716303,146,CDS
10740,3716389,3716508,119,CDS
10741,3714383,3714583,200,mRNA
10742,3714647,3716104,1457,mRNA
10743,3716157,3716303,146,mRNA
10744,3716389,3716810,421,mRNA
10745,3714806,3716104,1298,CDS
10746,3716157,3716303,146,CDS
10747,3716389,3716508,119,CDS
10748,3716800,3717773,973,gene
10749,3716800,3717773,973,mRNA
10750,3716880,3717728,848,CDS
10751,3718185,3729145,10960,gene
10752,3718185,3718485,300,mRNA
10753,3720875,3720904,29,mRNA
10754,3720968,3721091,123,mRNA
10755,3721379,3721589,210,mRNA
10756,3721645,3721762,117,mRNA
10757,3721823,3722017,194,mRNA
10758,3722353,3722571,218,mRNA
10759,3722653,3723256,603,mRNA
10760,3723636,3723764,128,mRNA
10761,3726697,3729145,2448,mRNA
10762,3718185,3718485,300,mRNA
10763,3721379,3721589,210,mRNA
10764,3721645,3721762,117,mRNA
10765,3721823,3722017,194,mRNA
10766,3722353,3722571,218,mRNA
10767,3722653,3723256,603,mRNA
10768,3723636,3723764,128,mRNA
10769,3724884,3725196,312,mRNA
10770,3726679,3729145,2466,mRNA
10771,3718185,3718485,300,mRNA
10772,3720875,3720904,29,mRNA
10773,3720968,3721091,123,mRNA
10774,3721379,3721589,210,mRNA
10775,3721645,3721762,117,mRNA
10776,3721823,3722017,194,mRNA
10777,3722353,3722571,218,mRNA
10778,3722653,3723256,603,mRNA
10779,3723636,3723764,128,mRNA
10780,3725656,3725901,245,mRNA
10781,3726679,3727587,908,mRNA
10782,3718185,3718485,300,mRNA
10783,3720875,3720904,29,mRNA
10784,3720968,3721091,123,mRNA
10785,3721379,3721589,210,mRNA
10786,3721645,3721762,117,mRNA
10787,3721823,3722017,194,mRNA
10788,3722353,3722571,218,mRNA
10789,3722653,3723256,603,mRNA
10790,3723636,3723764,128,mRNA
10791,3726679,3727587,908,mRNA
10792,3721336,3721589,253,mRNA
10793,3721645,3721762,117,mRNA
10794,3721823,3722017,194,mRNA
10795,3722353,3722571,218,mRNA
10796,3722653,3723256,603,mRNA
10797,3723636,3723764,128,mRNA
10798,3726679,3727587,908,mRNA
10799,3721336,3721589,253,CDS
10800,3721645,3721762,117,CDS
10801,3721823,3722017,194,CDS
10802,3722353,3722571,218,CDS
10803,3722653,3723256,603,CDS
10804,3723636,3723764,128,CDS
10805,3726679,3727019,340,CDS
10806,3721381,3721589,208,CDS
10807,3721645,3721762,117,CDS
10808,3721823,3722017,194,CDS
10809,3722353,3722571,218,CDS
10810,3722653,3723256,603,CDS
10811,3723636,3723764,128,CDS
10812,3726679,3727019,340,CDS
10813,3721381,3721589,208,CDS
10814,3721645,3721762,117,CDS
10815,3721823,3722017,194,CDS
10816,3722353,3722571,218,CDS
10817,3722653,3723256,603,CDS
10818,3723636,3723764,128,CDS
10819,3726697,3727019,322,CDS
10820,3721381,3721589,208,CDS
10821,3721645,3721762,117,CDS
10822,3721823,3722017,194,CDS
10823,3722353,3722571,218,CDS
10824,3722653,3723256,603,CDS
10825,3723636,3723764,128,CDS
10826,3725656,3725678,22,CDS
10827,3721381,3721589,208,CDS
10828,3721645,3721762,117,CDS
10829,3721823,3722017,194,CDS
10830,3722353,3722571,218,CDS
10831,3722653,3723256,603,CDS
10832,3723636,3723764,128,CDS
10833,3724884,3724942,58,CDS
10834,3730466,3754617,24151,gene
10835,3730466,3730792,326,mRNA
10836,3745429,3746046,617,mRNA
10837,3746212,3746823,611,mRNA
10838,3747117,3747289,172,mRNA
10839,3747590,3747731,141,mRNA
10840,3748606,3748779,173,mRNA
10841,3749022,3749323,301,mRNA
10842,3749416,3749571,155,mRNA
10843,3749725,3749886,161,mRNA
10844,3749998,3750169,171,mRNA
10845,3750234,3750715,481,mRNA
10846,3750798,3750961,163,mRNA
10847,3751770,3753407,1637,mRNA
10848,3745394,3746046,652,mRNA
10849,3746212,3746823,611,mRNA
10850,3747117,3747289,172,mRNA
10851,3747590,3747731,141,mRNA
10852,3748606,3748779,173,mRNA
10853,3749022,3749323,301,mRNA
10854,3749416,3749571,155,mRNA
10855,3749725,3749886,161,mRNA
10856,3749998,3750169,171,mRNA
10857,3750234,3750715,481,mRNA
10858,3750798,3750961,163,mRNA
10859,3751770,3754617,2847,mRNA
10860,3745692,3746046,354,CDS
10861,3746212,3746823,611,CDS
10862,3747117,3747289,172,CDS
10863,3747590,3747731,141,CDS
10864,3748606,3748779,173,CDS
10865,3749022,3749323,301,CDS
10866,3749416,3749571,155,CDS
10867,3749725,3749886,161,CDS
10868,3749998,3750169,171,CDS
10869,3750234,3750715,481,CDS
10870,3750798,3750961,163,CDS
10871,3751770,3752190,420,CDS
10872,3745692,3746046,354,CDS
10873,3746212,3746823,611,CDS
10874,3747117,3747289,172,CDS
10875,3747590,3747731,141,CDS
10876,3748606,3748779,173,CDS
10877,3749022,3749323,301,CDS
10878,3749416,3749571,155,CDS
10879,3749725,3749886,161,CDS
10880,3749998,3750169,171,CDS
10881,3750234,3750715,481,CDS
10882,3750798,3750961,163,CDS
10883,3751770,3752190,420,CDS
10884,3757256,3769525,12269,gene
10885,3757256,3757955,699,mRNA
10886,3758043,3758089,46,mRNA
10887,3758539,3758676,137,mRNA
10888,3758738,3758919,181,mRNA
10889,3758981,3759154,173,mRNA
10890,3760068,3760148,80,mRNA
10891,3760207,3760553,346,mRNA
10892,3760693,3761014,321,mRNA
10893,3761094,3762564,1470,mRNA
10894,3762618,3762856,238,mRNA
10895,3763027,3763205,178,mRNA
10896,3763649,3765054,1405,mRNA
10897,3765170,3765359,189,mRNA
10898,3765909,3766043,134,mRNA
10899,3766937,3767349,412,mRNA
10900,3767415,3767620,205,mRNA
10901,3767689,3767852,163,mRNA
10902,3767936,3768077,141,mRNA
10903,3768140,3769525,1385,mRNA
10904,3757256,3757955,699,mRNA
10905,3758043,3758089,46,mRNA
10906,3758539,3758676,137,mRNA
10907,3758738,3758919,181,mRNA
10908,3758981,3759806,825,mRNA
10909,3760068,3760148,80,mRNA
10910,3760207,3760517,310,mRNA
10911,3760693,3761014,321,mRNA
10912,3761094,3762564,1470,mRNA
10913,3762618,3762856,238,mRNA
10914,3763027,3763151,124,mRNA
10915,3763649,3765054,1405,mRNA
10916,3765170,3765359,189,mRNA
10917,3765909,3766043,134,mRNA
10918,3766937,3767349,412,mRNA
10919,3767415,3767620,205,mRNA
10920,3767689,3767852,163,mRNA
10921,3767936,3768077,141,mRNA
10922,3768140,3769235,1095,mRNA
10923,3757256,3757955,699,mRNA
10924,3758043,3758089,46,mRNA
10925,3758539,3758676,137,mRNA
10926,3758738,3758919,181,mRNA
10927,3758981,3759154,173,mRNA
10928,3760068,3760148,80,mRNA
10929,3760207,3760553,346,mRNA
10930,3760693,3761014,321,mRNA
10931,3761094,3762564,1470,mRNA
10932,3762618,3762856,238,mRNA
10933,3763027,3763205,178,mRNA
10934,3763649,3765054,1405,mRNA
10935,3765170,3765359,189,mRNA
10936,3765909,3766043,134,mRNA
10937,3766937,3767349,412,mRNA
10938,3767415,3767620,205,mRNA
10939,3767689,3767852,163,mRNA
10940,3767936,3768077,141,mRNA
10941,3768140,3769235,1095,mRNA
10942,3757256,3757955,699,mRNA
10943,3758043,3758089,46,mRNA
10944,3758539,3758676,137,mRNA
10945,3758738,3758919,181,mRNA
10946,3758981,3759154,173,mRNA
10947,3760068,3760148,80,mRNA
10948,3760207,3760517,310,mRNA
10949,3760693,3761014,321,mRNA
10950,3761094,3762564,1470,mRNA
10951,3762618,3762856,238,mRNA
10952,3763027,3763151,124,mRNA
10953,3763649,3765054,1405,mRNA
10954,3765170,3765359,189,mRNA
10955,3765909,3766043,134,mRNA
10956,3766377,3766460,83,mRNA
10957,3766571,3766696,125,mRNA
10958,3766937,3767349,412,mRNA
10959,3767415,3767620,205,mRNA
10960,3767689,3767852,163,mRNA
10961,3767936,3768077,141,mRNA
10962,3768140,3769235,1095,mRNA
10963,3757256,3757955,699,mRNA
10964,3758043,3758089,46,mRNA
10965,3758539,3758676,137,mRNA
10966,3758738,3758919,181,mRNA
10967,3758981,3759154,173,mRNA
10968,3760068,3760148,80,mRNA
10969,3760207,3760517,310,mRNA
10970,3760693,3761014,321,mRNA
10971,3761094,3762564,1470,mRNA
10972,3762618,3762856,238,mRNA
10973,3763027,3763151,124,mRNA
10974,3763649,3765054,1405,mRNA
10975,3765170,3765359,189,mRNA
10976,3766377,3766460,83,mRNA
10977,3766571,3766696,125,mRNA
10978,3766937,3767349,412,mRNA
10979,3767415,3767620,205,mRNA
10980,3767689,3767852,163,mRNA
10981,3767936,3768077,141,mRNA
10982,3768140,3769235,1095,mRNA
10983,3757898,3757955,57,CDS
10984,3758043,3758089,46,CDS
10985,3758539,3758676,137,CDS
10986,3758738,3758919,181,CDS
10987,3758981,3759154,173,CDS
10988,3760068,3760148,80,CDS
10989,3760207,3760553,346,CDS
10990,3760693,3761014,321,CDS
10991,3761094,3762564,1470,CDS
10992,3762618,3762856,238,CDS
10993,3763027,3763205,178,CDS
10994,3763649,3765054,1405,CDS
10995,3765170,3765359,189,CDS
10996,3765909,3766043,134,CDS
10997,3766937,3767349,412,CDS
10998,3767415,3767620,205,CDS
10999,3767689,3767852,163,CDS
11000,3767936,3768077,141,CDS
11001,3768140,3768269,129,CDS
11002,3757898,3757955,57,CDS
11003,3758043,3758089,46,CDS
11004,3758539,3758676,137,CDS
11005,3758738,3758919,181,CDS
11006,3758981,3759154,173,CDS
11007,3760068,3760148,80,CDS
11008,3760207,3760553,346,CDS
11009,3760693,3761014,321,CDS
11010,3761094,3762564,1470,CDS
11011,3762618,3762856,238,CDS
11012,3763027,3763205,178,CDS
11013,3763649,3765054,1405,CDS
11014,3765170,3765359,189,CDS
11015,3765909,3766043,134,CDS
11016,3766937,3767349,412,CDS
11017,3767415,3767620,205,CDS
11018,3767689,3767852,163,CDS
11019,3767936,3768077,141,CDS
11020,3768140,3768191,51,CDS
11021,3757898,3757955,57,CDS
11022,3758043,3758089,46,CDS
11023,3758539,3758676,137,CDS
11024,3758738,3758919,181,CDS
11025,3758981,3759154,173,CDS
11026,3760068,3760148,80,CDS
11027,3760207,3760517,310,CDS
11028,3760693,3761014,321,CDS
11029,3761094,3762564,1470,CDS
11030,3762618,3762856,238,CDS
11031,3763027,3763151,124,CDS
11032,3763649,3765054,1405,CDS
11033,3765170,3765359,189,CDS
11034,3765909,3766043,134,CDS
11035,3766377,3766460,83,CDS
11036,3766571,3766696,125,CDS
11037,3766937,3767349,412,CDS
11038,3767415,3767620,205,CDS
11039,3767689,3767852,163,CDS
11040,3767936,3768077,141,CDS
11041,3768140,3768191,51,CDS
11042,3757898,3757955,57,CDS
11043,3758043,3758089,46,CDS
11044,3758539,3758676,137,CDS
11045,3758738,3758919,181,CDS
11046,3758981,3759154,173,CDS
11047,3760068,3760148,80,CDS
11048,3760207,3760517,310,CDS
11049,3760693,3761014,321,CDS
11050,3761094,3762564,1470,CDS
11051,3762618,3762856,238,CDS
11052,3763027,3763151,124,CDS
11053,3763649,3765054,1405,CDS
11054,3765170,3765359,189,CDS
11055,3766377,3766460,83,CDS
11056,3766571,3766696,125,CDS
11057,3766937,3767349,412,CDS
11058,3767415,3767620,205,CDS
11059,3767689,3767852,163,CDS
11060,3767936,3768077,141,CDS
11061,3768140,3768191,51,CDS
11062,3759978,3760148,170,mRNA
11063,3760207,3760517,310,mRNA
11064,3760693,3761014,321,mRNA
11065,3761094,3762564,1470,mRNA
11066,3762618,3762856,238,mRNA
11067,3763027,3763151,124,mRNA
11068,3763649,3765054,1405,mRNA
11069,3765170,3765359,189,mRNA
11070,3765909,3766043,134,mRNA
11071,3766937,3767349,412,mRNA
11072,3767415,3767620,205,mRNA
11073,3767689,3767852,163,mRNA
11074,3767936,3768077,141,mRNA
11075,3768140,3769235,1095,mRNA
11076,3760096,3760148,52,CDS
11077,3760207,3760517,310,CDS
11078,3760693,3761014,321,CDS
11079,3761094,3762564,1470,CDS
11080,3762618,3762856,238,CDS
11081,3763027,3763151,124,CDS
11082,3763649,3765054,1405,CDS
11083,3765170,3765359,189,CDS
11084,3765909,3766043,134,CDS
11085,3766937,3767349,412,CDS
11086,3767415,3767620,205,CDS
11087,3767689,3767852,163,CDS
11088,3767936,3768077,141,CDS
11089,3768140,3768191,51,CDS
11090,3760096,3760148,52,CDS
11091,3760207,3760517,310,CDS
11092,3760693,3761014,321,CDS
11093,3761094,3762564,1470,CDS
11094,3762618,3762856,238,CDS
11095,3763027,3763151,124,CDS
11096,3763649,3765054,1405,CDS
11097,3765170,3765359,189,CDS
11098,3765909,3766043,134,CDS
11099,3766937,3767349,412,CDS
11100,3767415,3767620,205,CDS
11101,3767689,3767852,163,CDS
11102,3767936,3768077,141,CDS
11103,3768140,3768191,51,CDS
11104,3765494,3765863,369,gene
11105,3765494,3765585,91,mRNA
11106,3765638,3765863,225,mRNA
11107,3765519,3765585,66,CDS
11108,3765638,3765825,187,CDS
11109,3766309,3766460,151,mRNA
11110,3766571,3766696,125,mRNA
11111,3766937,3767349,412,mRNA
11112,3767415,3767620,205,mRNA
11113,3767689,3767852,163,mRNA
11114,3767936,3768077,141,mRNA
11115,3768140,3769235,1095,mRNA
11116,3766454,3766460,6,CDS
11117,3766571,3766696,125,CDS
11118,3766937,3767349,412,CDS
11119,3767415,3767620,205,CDS
11120,3767689,3767852,163,CDS
11121,3767936,3768077,141,CDS
11122,3768140,3768191,51,CDS
11123,3767621,3767688,67,gene
11124,3767621,3767688,67,precursor_RNA
11125,3767621,3767643,22,ncRNA
11126,3767667,3767688,21,ncRNA
11127,3769926,3770454,528,gene
11128,3769926,3770454,528,ncRNA
11129,3771700,3784121,12421,gene
11130,3771700,3771873,173,mRNA
11131,3772461,3772694,233,mRNA
11132,3779693,3780579,886,mRNA
11133,3781904,3784121,2217,mRNA
11134,3771700,3771867,167,mRNA
11135,3772461,3772694,233,mRNA
11136,3779693,3780579,886,mRNA
11137,3781904,3784121,2217,mRNA
11138,3771700,3771784,84,mRNA
11139,3772461,3772694,233,mRNA
11140,3779693,3780579,886,mRNA
11141,3781904,3784121,2217,mRNA
11142,3771700,3771754,54,mRNA
11143,3772461,3772694,233,mRNA
11144,3779693,3780579,886,mRNA
11145,3781904,3784121,2217,mRNA
11146,3771920,3772015,95,mRNA
11147,3772461,3772694,233,mRNA
11148,3779693,3780579,886,mRNA
11149,3781904,3784121,2217,mRNA
11150,3772026,3772316,290,mRNA
11151,3772461,3772694,233,mRNA
11152,3779693,3780579,886,mRNA
11153,3781904,3784121,2217,mRNA
11154,3778938,3779317,379,mRNA
11155,3779693,3780579,886,mRNA
11156,3781904,3784121,2217,mRNA
11157,3779726,3780579,853,CDS
11158,3781904,3783284,1380,CDS
11159,3779726,3780579,853,CDS
11160,3781904,3783284,1380,CDS
11161,3779726,3780579,853,CDS
11162,3781904,3783284,1380,CDS
11163,3779726,3780579,853,CDS
11164,3781904,3783284,1380,CDS
11165,3779726,3780579,853,CDS
11166,3781904,3783284,1380,CDS
11167,3779726,3780579,853,CDS
11168,3781904,3783284,1380,CDS
11169,3779726,3780579,853,CDS
11170,3781904,3783284,1380,CDS
11171,3784947,3785622,675,gene
11172,3784947,3785622,675,mRNA
11173,3785030,3785476,446,CDS
11174,3785738,3786343,605,gene
11175,3785738,3786343,605,exon
11176,3787167,3802726,15559,gene
11177,3787167,3787318,151,mRNA
11178,3790538,3791145,607,mRNA
11179,3792596,3792774,178,mRNA
11180,3792833,3796886,4053,mRNA
11181,3796949,3799154,2205,mRNA
11182,3799217,3799428,211,mRNA
11183,3799498,3799853,355,mRNA
11184,3799912,3800037,125,mRNA
11185,3800208,3800231,23,mRNA
11186,3800290,3800387,97,mRNA
11187,3800451,3800821,370,mRNA
11188,3800880,3801104,224,mRNA
11189,3801208,3802726,1518,mRNA
11190,3787167,3787318,151,mRNA
11191,3790538,3791145,607,mRNA
11192,3792596,3792774,178,mRNA
11193,3792833,3796886,4053,mRNA
11194,3796949,3799154,2205,mRNA
11195,3799217,3799428,211,mRNA
11196,3799498,3799853,355,mRNA
11197,3799912,3800037,125,mRNA
11198,3800290,3800387,97,mRNA
11199,3800451,3800821,370,mRNA
11200,3800880,3801104,224,mRNA
11201,3801208,3802726,1518,mRNA
11202,3789986,3790078,92,mRNA
11203,3790538,3791145,607,mRNA
11204,3792596,3792774,178,mRNA
11205,3792833,3796886,4053,mRNA
11206,3796949,3799154,2205,mRNA
11207,3799217,3799428,211,mRNA
11208,3799498,3799853,355,mRNA
11209,3799912,3800037,125,mRNA
11210,3800208,3800231,23,mRNA
11211,3800290,3800387,97,mRNA
11212,3800451,3800821,370,mRNA
11213,3800880,3801104,224,mRNA
11214,3801208,3802726,1518,mRNA
11215,3790663,3791145,482,CDS
11216,3792596,3792774,178,CDS
11217,3792833,3796886,4053,CDS
11218,3796949,3799154,2205,CDS
11219,3799217,3799428,211,CDS
11220,3799498,3799853,355,CDS
11221,3799912,3800037,125,CDS
11222,3800208,3800231,23,CDS
11223,3800290,3800387,97,CDS
11224,3800451,3800821,370,CDS
11225,3800880,3801104,224,CDS
11226,3801208,3802245,1037,CDS
11227,3790663,3791145,482,CDS
11228,3792596,3792774,178,CDS
11229,3792833,3796886,4053,CDS
11230,3796949,3799154,2205,CDS
11231,3799217,3799428,211,CDS
11232,3799498,3799853,355,CDS
11233,3799912,3800037,125,CDS
11234,3800208,3800231,23,CDS
11235,3800290,3800387,97,CDS
11236,3800451,3800821,370,CDS
11237,3800880,3801104,224,CDS
11238,3801208,3802245,1037,CDS
11239,3790663,3791145,482,CDS
11240,3792596,3792774,178,CDS
11241,3792833,3796886,4053,CDS
11242,3796949,3799154,2205,CDS
11243,3799217,3799428,211,CDS
11244,3799498,3799853,355,CDS
11245,3799912,3800037,125,CDS
11246,3800290,3800387,97,CDS
11247,3800451,3800821,370,CDS
11248,3800880,3801104,224,CDS
11249,3801208,3802245,1037,CDS
11250,3803545,3810671,7126,gene
11251,3803545,3803730,185,mRNA
11252,3806969,3807056,87,mRNA
11253,3807133,3807461,328,mRNA
11254,3807525,3810671,3146,mRNA
11255,3805682,3806821,1139,mRNA
11256,3806969,3807056,87,mRNA
11257,3807133,3807461,328,mRNA
11258,3807525,3808895,1370,mRNA
11259,3806750,3806821,71,CDS
11260,3806969,3807056,87,CDS
11261,3807133,3807461,328,CDS
11262,3807525,3808241,716,CDS
11263,3807047,3807056,9,CDS
11264,3807133,3807461,328,CDS
11265,3807525,3808241,716,CDS
11266,3810801,3813410,2609,gene
11267,3813289,3813410,121,mRNA
11268,3812595,3813221,626,mRNA
11269,3811571,3812534,963,mRNA
11270,3810801,3811505,704,mRNA
11271,3813289,3813330,41,CDS
11272,3812595,3813221,626,CDS
11273,3811571,3812534,963,CDS
11274,3810994,3811505,511,CDS
11275,3815438,3815948,510,gene
11276,3815438,3815948,510,ncRNA
11277,3817724,3818534,810,gene
11278,3817724,3818534,810,ncRNA
11279,3825675,3827099,1424,gene
11280,3825675,3827099,1424,mRNA
11281,3825784,3826752,968,CDS
11282,3836840,3839185,2345,gene
11283,3836840,3839185,2345,mRNA
11284,3837198,3838553,1355,CDS
11285,3845130,3845716,586,gene
11286,3845390,3845716,326,ncRNA
11287,3845130,3845334,204,ncRNA
11288,3851951,3852604,653,gene
11289,3851951,3852291,340,ncRNA
11290,3852414,3852604,190,ncRNA
11291,3854288,3854994,706,gene
11292,3854748,3854994,246,ncRNA
11293,3854288,3854689,401,ncRNA
11294,3856478,3857172,694,gene
11295,3856478,3857172,694,ncRNA
11296,3861405,3862097,692,gene
11297,3861644,3862097,453,ncRNA
11298,3861405,3861516,111,ncRNA
11299,3862668,3867507,4839,gene
11300,3862668,3862825,157,mRNA
11301,3863555,3864195,640,mRNA
11302,3864542,3865001,459,mRNA
11303,3865061,3865432,371,mRNA
11304,3865498,3865684,186,mRNA
11305,3865747,3865917,170,mRNA
11306,3865978,3866986,1008,mRNA
11307,3867069,3867507,438,mRNA
11308,3862668,3862825,157,mRNA
11309,3863555,3864195,640,mRNA
11310,3864542,3865001,459,mRNA
11311,3865061,3865432,371,mRNA
11312,3865498,3865684,186,mRNA
11313,3865747,3865917,170,mRNA
11314,3865978,3867504,1526,mRNA
11315,3863130,3863368,238,mRNA
11316,3863555,3864195,640,mRNA
11317,3864542,3865001,459,mRNA
11318,3865061,3865432,371,mRNA
11319,3865498,3865684,186,mRNA
11320,3865747,3865917,170,mRNA
11321,3865978,3866986,1008,mRNA
11322,3867069,3867507,438,mRNA
11323,3863581,3864195,614,CDS
11324,3864542,3865001,459,CDS
11325,3865061,3865432,371,CDS
11326,3865498,3865684,186,CDS
11327,3865747,3865917,170,CDS
11328,3865978,3866986,1008,CDS
11329,3867069,3867224,155,CDS
11330,3863581,3864195,614,CDS
11331,3864542,3865001,459,CDS
11332,3865061,3865432,371,CDS
11333,3865498,3865684,186,CDS
11334,3865747,3865917,170,CDS
11335,3865978,3866986,1008,CDS
11336,3867069,3867224,155,CDS
11337,3863581,3864195,614,CDS
11338,3864542,3865001,459,CDS
11339,3865061,3865432,371,CDS
11340,3865498,3865684,186,CDS
11341,3865747,3865917,170,CDS
11342,3865978,3867121,1143,CDS
11343,3867697,3871425,3728,gene
11344,3867697,3867988,291,mRNA
11345,3868380,3868540,160,mRNA
11346,3868604,3869061,457,mRNA
11347,3869118,3869476,358,mRNA
11348,3869543,3869803,260,mRNA
11349,3869873,3870049,176,mRNA
11350,3870125,3870554,429,mRNA
11351,3870622,3871425,803,mRNA
11352,3867982,3867988,6,CDS
11353,3868380,3868540,160,CDS
11354,3868604,3869061,457,CDS
11355,3869118,3869476,358,CDS
11356,3869543,3869803,260,CDS
11357,3869873,3870049,176,CDS
11358,3870125,3870554,429,CDS
11359,3870622,3871189,567,CDS
11360,3870090,3870554,464,mRNA
11361,3870622,3871425,803,mRNA
11362,3870202,3870554,352,CDS
11363,3870622,3871189,567,CDS
11364,3871271,3872458,1187,gene
11365,3872173,3872458,285,mRNA
11366,3871271,3871869,598,mRNA
11367,3872173,3872458,285,mRNA
11368,3871480,3871869,389,mRNA
11369,3872173,3872335,162,CDS
11370,3871553,3871869,316,CDS
11371,3872173,3872335,162,CDS
11372,3871553,3871869,316,CDS
11373,3872646,3902860,30214,gene
11374,3879652,3880067,415,mRNA
11375,3878895,3879067,172,mRNA
11376,3874450,3875302,852,mRNA
11377,3873385,3874395,1010,mRNA
11378,3873019,3873322,303,mRNA
11379,3872646,3872947,301,mRNA
11380,3902595,3902860,265,mRNA
11381,3893262,3893604,342,mRNA
11382,3884036,3884518,482,mRNA
11383,3878895,3879067,172,mRNA
11384,3874450,3875302,852,mRNA
11385,3873385,3874395,1010,mRNA
11386,3873019,3873322,303,mRNA
11387,3872660,3872947,287,mRNA
11388,3902595,3902860,265,mRNA
11389,3893262,3893604,342,mRNA
11390,3886984,3887556,572,mRNA
11391,3884036,3884518,482,mRNA
11392,3878895,3879067,172,mRNA
11393,3874450,3875302,852,mRNA
11394,3873385,3874395,1010,mRNA
11395,3873019,3873322,303,mRNA
11396,3872660,3872947,287,mRNA
11397,3902595,3902860,265,mRNA
11398,3893262,3893604,342,mRNA
11399,3886984,3887799,815,mRNA
11400,3884036,3884518,482,mRNA
11401,3878895,3879067,172,mRNA
11402,3874450,3875302,852,mRNA
11403,3873385,3874395,1010,mRNA
11404,3873019,3873322,303,mRNA
11405,3872660,3872947,287,mRNA
11406,3895613,3896108,495,mRNA
11407,3893262,3893604,342,mRNA
11408,3889431,3889784,353,mRNA
11409,3884036,3884518,482,mRNA
11410,3878895,3879067,172,mRNA
11411,3874450,3875302,852,mRNA
11412,3873385,3874395,1010,mRNA
11413,3873019,3873322,303,mRNA
11414,3872660,3872947,287,mRNA
11415,3889431,3890031,600,mRNA
11416,3884036,3884518,482,mRNA
11417,3878895,3879067,172,mRNA
11418,3874450,3875302,852,mRNA
11419,3873385,3874395,1010,mRNA
11420,3873019,3873322,303,mRNA
11421,3872660,3872947,287,mRNA
11422,3889431,3890031,600,mRNA
11423,3886984,3887556,572,mRNA
11424,3884036,3884518,482,mRNA
11425,3878895,3879067,172,mRNA
11426,3874450,3875302,852,mRNA
11427,3873385,3874395,1010,mRNA
11428,3873019,3873322,303,mRNA
11429,3872660,3872947,287,mRNA
11430,3889863,3890025,162,mRNA
11431,3889431,3889784,353,mRNA
11432,3884036,3884518,482,mRNA
11433,3878895,3879067,172,mRNA
11434,3874450,3875302,852,mRNA
11435,3873385,3874395,1010,mRNA
11436,3873019,3873322,303,mRNA
11437,3872660,3872947,287,mRNA
11438,3888649,3888824,175,mRNA
11439,3886984,3887556,572,mRNA
11440,3884036,3884518,482,mRNA
11441,3878895,3879067,172,mRNA
11442,3874450,3875302,852,mRNA
11443,3873385,3874395,1010,mRNA
11444,3873019,3873322,303,mRNA
11445,3872660,3872947,287,mRNA
11446,3893262,3893589,327,CDS
11447,3884036,3884518,482,CDS
11448,3878895,3879067,172,CDS
11449,3874450,3875302,852,CDS
11450,3873385,3874395,1010,CDS
11451,3873019,3873322,303,CDS
11452,3872830,3872947,117,CDS
11453,3893262,3893589,327,CDS
11454,3886984,3887556,572,CDS
11455,3884036,3884518,482,CDS
11456,3878895,3879067,172,CDS
11457,3874450,3875302,852,CDS
11458,3873385,3874395,1010,CDS
11459,3873019,3873322,303,CDS
11460,3872830,3872947,117,CDS
11461,3893262,3893589,327,CDS
11462,3886984,3887799,815,CDS
11463,3884036,3884518,482,CDS
11464,3878895,3879067,172,CDS
11465,3874450,3875302,852,CDS
11466,3873385,3874395,1010,CDS
11467,3873019,3873322,303,CDS
11468,3872830,3872947,117,CDS
11469,3893262,3893589,327,CDS
11470,3889431,3889784,353,CDS
11471,3884036,3884518,482,CDS
11472,3878895,3879067,172,CDS
11473,3874450,3875302,852,CDS
11474,3873385,3874395,1010,CDS
11475,3873019,3873322,303,CDS
11476,3872830,3872947,117,CDS
11477,3889431,3889812,381,CDS
11478,3884036,3884518,482,CDS
11479,3878895,3879067,172,CDS
11480,3874450,3875302,852,CDS
11481,3873385,3874395,1010,CDS
11482,3873019,3873322,303,CDS
11483,3872830,3872947,117,CDS
11484,3889431,3889812,381,CDS
11485,3886984,3887556,572,CDS
11486,3884036,3884518,482,CDS
11487,3878895,3879067,172,CDS
11488,3874450,3875302,852,CDS
11489,3873385,3874395,1010,CDS
11490,3873019,3873322,303,CDS
11491,3872830,3872947,117,CDS
11492,3889431,3889638,207,CDS
11493,3884036,3884518,482,CDS
11494,3878895,3879067,172,CDS
11495,3874450,3875302,852,CDS
11496,3873385,3874395,1010,CDS
11497,3873019,3873322,303,CDS
11498,3872830,3872947,117,CDS
11499,3886984,3887221,237,CDS
11500,3884036,3884518,482,CDS
11501,3878895,3879067,172,CDS
11502,3874450,3875302,852,CDS
11503,3873385,3874395,1010,CDS
11504,3873019,3873322,303,CDS
11505,3872830,3872947,117,CDS
11506,3879652,3879991,339,CDS
11507,3878895,3879067,172,CDS
11508,3874450,3875302,852,CDS
11509,3873385,3874395,1010,CDS
11510,3873019,3873322,303,CDS
11511,3872830,3872947,117,CDS
11512,3902928,3991713,88785,gene
11513,3991548,3991713,165,mRNA
11514,3989393,3989800,407,mRNA
11515,3946496,3946697,201,mRNA
11516,3929775,3930035,260,mRNA
11517,3929307,3929503,196,mRNA
11518,3917563,3919794,2231,mRNA
11519,3916781,3917455,674,mRNA
11520,3910989,3911336,347,mRNA
11521,3902928,3905587,2659,mRNA
11522,3991548,3991713,165,mRNA
11523,3989393,3989800,407,mRNA
11524,3946496,3946697,201,mRNA
11525,3929775,3930035,260,mRNA
11526,3929307,3929503,196,mRNA
11527,3917563,3919794,2231,mRNA
11528,3916781,3917455,674,mRNA
11529,3914728,3915096,368,mRNA
11530,3910989,3911336,347,mRNA
11531,3905524,3905587,63,mRNA
11532,3991548,3991713,165,mRNA
11533,3989393,3989800,407,mRNA
11534,3946496,3946697,201,mRNA
11535,3929775,3930035,260,mRNA
11536,3929307,3929503,196,mRNA
11537,3917563,3919794,2231,mRNA
11538,3916781,3917455,674,mRNA
11539,3914728,3915099,371,mRNA
11540,3910989,3911336,347,mRNA
11541,3905524,3905587,63,mRNA
11542,3989393,3989420,27,CDS
11543,3946496,3946697,201,CDS
11544,3929775,3930035,260,CDS
11545,3929307,3929503,196,CDS
11546,3917563,3919794,2231,CDS
11547,3916781,3917455,674,CDS
11548,3910989,3911336,347,CDS
11549,3905559,3905587,28,CDS
11550,3989393,3989420,27,CDS
11551,3946496,3946697,201,CDS
11552,3929775,3930035,260,CDS
11553,3929307,3929503,196,CDS
11554,3917563,3919794,2231,CDS
11555,3916781,3917455,674,CDS
11556,3914728,3915099,371,CDS
11557,3910989,3911336,347,CDS
11558,3905559,3905587,28,CDS
11559,3911796,3914288,2492,gene
11560,3911796,3914288,2492,mRNA
11561,3911904,3914180,2276,CDS
11562,3989393,3989420,27,CDS
11563,3946496,3946697,201,CDS
11564,3929775,3930035,260,CDS
11565,3929307,3929503,196,CDS
11566,3917563,3919794,2231,CDS
11567,3916781,3917455,674,CDS
11568,3915095,3915096,1,CDS
11569,3964495,3964521,26,mobile_element
11570,3994179,3994260,81,mobile_element
11571,4000018,4000806,788,gene
11572,4000018,4000806,788,mRNA
11573,4000042,4000740,698,CDS
11574,4001084,4001620,536,gene
11575,4001084,4001620,536,ncRNA
11576,4004080,4004480,400,gene
11577,4004080,4004480,400,mRNA
11578,4004131,4004382,251,CDS
11579,4004984,4005670,686,gene
11580,4004984,4005670,686,mRNA
11581,4005056,4005370,314,CDS
11582,4006041,4006606,565,gene
11583,4006041,4006606,565,mRNA
11584,4006113,4006436,323,CDS
11585,4007690,4007984,294,gene
11586,4007690,4007984,294,mRNA
11587,4007703,4007930,227,CDS
11588,4008653,4009090,437,gene
11589,4008653,4009090,437,mRNA
11590,4008712,4008999,287,CDS
11591,4030513,4030743,230,mobile_element
11592,4031377,4115749,84372,gene
11593,4031377,4031555,178,mRNA
11594,4032423,4032769,346,mRNA
11595,4074514,4074712,198,mRNA
11596,4079504,4079764,260,mRNA
11597,4079826,4080022,196,mRNA
11598,4097850,4100039,2189,mRNA
11599,4100622,4101128,506,mRNA
11600,4107436,4107804,368,mRNA
11601,4113621,4115749,2128,mRNA
11602,4031377,4031555,178,mRNA
11603,4032423,4032769,346,mRNA
11604,4074514,4074712,198,mRNA
11605,4079504,4079764,260,mRNA
11606,4079826,4080022,196,mRNA
11607,4097850,4100039,2189,mRNA
11608,4100622,4101128,506,mRNA
11609,4107436,4107804,368,mRNA
11610,4113298,4113344,46,mRNA
11611,4113621,4114436,815,mRNA
11612,4031377,4031555,178,mRNA
11613,4032423,4032769,346,mRNA
11614,4074514,4074712,198,mRNA
11615,4079504,4079764,260,mRNA
11616,4079826,4080022,196,mRNA
11617,4097850,4100039,2189,mRNA
11618,4100622,4101128,506,mRNA
11619,4107436,4107804,368,mRNA
11620,4113621,4114436,815,mRNA
11621,4032676,4032769,93,CDS
11622,4074514,4074712,198,CDS
11623,4079504,4079764,260,CDS
11624,4079826,4080022,196,CDS
11625,4097850,4100039,2189,CDS
11626,4100622,4101128,506,CDS
11627,4107436,4107804,368,CDS
11628,4113621,4113802,181,CDS
11629,4032676,4032769,93,CDS
11630,4074514,4074712,198,CDS
11631,4079504,4079764,260,CDS
11632,4079826,4080022,196,CDS
11633,4097850,4100039,2189,CDS
11634,4100622,4101128,506,CDS
11635,4107436,4107804,368,CDS
11636,4113621,4113802,181,CDS
11637,4032676,4032769,93,CDS
11638,4074514,4074712,198,CDS
11639,4079504,4079764,260,CDS
11640,4079826,4080022,196,CDS
11641,4097850,4100039,2189,CDS
11642,4100622,4101128,506,CDS
11643,4107436,4107804,368,CDS
11644,4113298,4113326,28,CDS
11645,4066105,4068854,2749,mobile_element
11646,4074279,4075952,1673,gene
11647,4075448,4075952,504,ncRNA
11648,4074279,4074728,449,ncRNA
11649,4085890,4086005,115,gene
11650,4085890,4086005,115,ncRNA
11651,4120343,4121627,1284,gene
11652,4120343,4120597,254,mRNA
11653,4120655,4121195,540,mRNA
11654,4121256,4121627,371,mRNA
11655,4120363,4120597,234,CDS
11656,4120655,4121195,540,CDS
11657,4121256,4121442,186,CDS
11658,4121702,4124153,2451,gene
11659,4121702,4121979,277,mRNA
11660,4122046,4122583,537,mRNA
11661,4122709,4123478,769,mRNA
11662,4123538,4124153,615,mRNA
11663,4121702,4121979,277,mRNA
11664,4122046,4122583,537,mRNA
11665,4122709,4123478,769,mRNA
11666,4123538,4124006,468,mRNA
11667,4121760,4121979,219,CDS
11668,4122046,4122583,537,CDS
11669,4122709,4123478,769,CDS
11670,4123538,4123899,361,CDS
11671,4121760,4121979,219,CDS
11672,4122046,4122583,537,CDS
11673,4122709,4123478,769,CDS
11674,4123538,4123899,361,CDS
11675,4149279,4151203,1924,gene
11676,4149279,4151203,1924,mRNA
11677,4149349,4151046,1697,CDS
11678,4164689,4166134,1445,gene
11679,4165614,4166134,520,mRNA
11680,4165160,4165532,372,mRNA
11681,4165009,4165107,98,mRNA
11682,4164801,4164953,152,mRNA
11683,4164689,4164739,50,mRNA
11684,4165614,4166134,520,CDS
11685,4165160,4165532,372,CDS
11686,4165009,4165107,98,CDS
11687,4164801,4164953,152,CDS
11688,4164689,4164739,50,CDS
11689,4181240,4181288,48,mobile_element
11690,4181327,4183901,2574,mobile_element
11691,4185268,4186093,825,gene
11692,4185896,4186093,197,ncRNA
11693,4185268,4185766,498,ncRNA
11694,4185401,4186187,786,gene
11695,4185401,4185657,256,ncRNA
11696,4185893,4186187,294,ncRNA
11697,4186250,4187793,1543,gene
11698,4187711,4187793,82,mRNA
11699,4186250,4187499,1249,mRNA
11700,4187567,4187793,226,mRNA
11701,4186250,4187499,1249,mRNA
11702,4186416,4187483,1067,CDS
11703,4186416,4187483,1067,CDS
11704,4188123,4189284,1161,gene
11705,4188123,4189284,1161,mRNA
11706,4188148,4189227,1079,CDS
11707,4189340,4198071,8731,gene
11708,4197965,4198071,106,mRNA
11709,4196475,4196779,304,mRNA
11710,4195734,4195904,170,mRNA
11711,4195539,4195665,126,mRNA
11712,4195017,4195100,83,mRNA
11713,4194818,4194945,127,mRNA
11714,4193539,4193679,140,mRNA
11715,4193325,4193481,156,mRNA
11716,4190559,4190824,265,mRNA
11717,4190083,4190492,409,mRNA
11718,4189340,4190019,679,mRNA
11719,4197147,4197380,233,mRNA
11720,4196475,4196814,339,mRNA
11721,4195734,4195904,170,mRNA
11722,4195539,4195665,126,mRNA
11723,4195017,4195100,83,mRNA
11724,4194818,4194945,127,mRNA
11725,4193539,4193679,140,mRNA
11726,4193310,4193481,171,mRNA
11727,4192633,4192968,335,mRNA
11728,4190559,4190824,265,mRNA
11729,4190083,4190492,409,mRNA
11730,4189340,4190019,679,mRNA
11731,4197965,4198071,106,mRNA
11732,4196475,4196779,304,mRNA
11733,4195734,4195904,170,mRNA
11734,4195539,4195665,126,mRNA
11735,4195017,4195100,83,mRNA
11736,4194818,4194945,127,mRNA
11737,4193539,4193679,140,mRNA
11738,4193310,4193481,171,mRNA
11739,4192633,4192968,335,mRNA
11740,4190559,4190824,265,mRNA
11741,4190083,4190492,409,mRNA
11742,4189526,4190019,493,mRNA
11743,4197965,4198071,106,mRNA
11744,4196475,4196814,339,mRNA
11745,4195734,4195904,170,mRNA
11746,4195539,4195665,126,mRNA
11747,4195017,4195100,83,mRNA
11748,4194818,4194945,127,mRNA
11749,4193539,4193679,140,mRNA
11750,4193310,4193481,171,mRNA
11751,4192633,4192968,335,mRNA
11752,4190559,4190824,265,mRNA
11753,4190083,4190492,409,mRNA
11754,4189526,4190019,493,mRNA
11755,4197873,4198071,198,mRNA
11756,4196475,4196779,304,mRNA
11757,4195734,4195904,170,mRNA
11758,4195539,4195665,126,mRNA
11759,4195017,4195100,83,mRNA
11760,4194818,4194945,127,mRNA
11761,4193539,4193679,140,mRNA
11762,4193325,4193481,156,mRNA
11763,4192633,4192968,335,mRNA
11764,4190559,4190824,265,mRNA
11765,4190083,4190492,409,mRNA
11766,4189526,4190019,493,mRNA
11767,4197252,4197380,128,mRNA
11768,4197147,4197191,44,mRNA
11769,4196475,4196779,304,mRNA
11770,4195734,4195904,170,mRNA
11771,4195539,4195665,126,mRNA
11772,4195017,4195100,83,mRNA
11773,4194818,4194945,127,mRNA
11774,4193539,4193679,140,mRNA
11775,4193310,4193481,171,mRNA
11776,4192633,4192968,335,mRNA
11777,4190559,4190824,265,mRNA
11778,4190083,4190492,409,mRNA
11779,4189526,4190019,493,mRNA
11780,4197147,4197380,233,mRNA
11781,4196475,4196779,304,mRNA
11782,4195734,4195904,170,mRNA
11783,4195539,4195665,126,mRNA
11784,4195017,4195100,83,mRNA
11785,4194818,4194945,127,mRNA
11786,4193539,4193679,140,mRNA
11787,4193310,4193481,171,mRNA
11788,4190559,4190824,265,mRNA
11789,4190083,4190492,409,mRNA
11790,4189526,4190019,493,mRNA
11791,4197147,4197380,233,mRNA
11792,4196475,4196779,304,mRNA
11793,4195734,4195904,170,mRNA
11794,4195539,4195665,126,mRNA
11795,4195017,4195100,83,mRNA
11796,4194818,4194945,127,mRNA
11797,4193539,4193679,140,mRNA
11798,4193310,4193481,171,mRNA
11799,4192633,4192968,335,mRNA
11800,4190559,4190824,265,mRNA
11801,4190083,4190492,409,mRNA
11802,4189526,4190019,493,mRNA
11803,4196475,4196565,90,CDS
11804,4195734,4195904,170,CDS
11805,4195539,4195665,126,CDS
11806,4195017,4195100,83,CDS
11807,4194818,4194945,127,CDS
11808,4193539,4193679,140,CDS
11809,4193325,4193481,156,CDS
11810,4190559,4190824,265,CDS
11811,4190083,4190492,409,CDS
11812,4189942,4190019,77,CDS
11813,4196475,4196565,90,CDS
11814,4195734,4195904,170,CDS
11815,4195539,4195665,126,CDS
11816,4195017,4195100,83,CDS
11817,4194818,4194945,127,CDS
11818,4193539,4193679,140,CDS
11819,4193325,4193481,156,CDS
11820,4192633,4192968,335,CDS
11821,4190559,4190824,265,CDS
11822,4190083,4190492,409,CDS
11823,4189942,4190019,77,CDS
11824,4196475,4196565,90,CDS
11825,4195734,4195904,170,CDS
11826,4195539,4195665,126,CDS
11827,4195017,4195100,83,CDS
11828,4194818,4194945,127,CDS
11829,4193539,4193679,140,CDS
11830,4193310,4193481,171,CDS
11831,4190559,4190824,265,CDS
11832,4190083,4190492,409,CDS
11833,4189942,4190019,77,CDS
11834,4196475,4196565,90,CDS
11835,4195734,4195904,170,CDS
11836,4195539,4195665,126,CDS
11837,4195017,4195100,83,CDS
11838,4194818,4194945,127,CDS
11839,4193539,4193679,140,CDS
11840,4193310,4193481,171,CDS
11841,4192633,4192968,335,CDS
11842,4190559,4190824,265,CDS
11843,4190083,4190492,409,CDS
11844,4189942,4190019,77,CDS
11845,4196475,4196565,90,CDS
11846,4195734,4195904,170,CDS
11847,4195539,4195665,126,CDS
11848,4195017,4195100,83,CDS
11849,4194818,4194945,127,CDS
11850,4193539,4193679,140,CDS
11851,4193310,4193481,171,CDS
11852,4192633,4192968,335,CDS
11853,4190559,4190824,265,CDS
11854,4190083,4190492,409,CDS
11855,4189942,4190019,77,CDS
11856,4196475,4196565,90,CDS
11857,4195734,4195904,170,CDS
11858,4195539,4195665,126,CDS
11859,4195017,4195100,83,CDS
11860,4194818,4194945,127,CDS
11861,4193539,4193679,140,CDS
11862,4193310,4193481,171,CDS
11863,4192633,4192968,335,CDS
11864,4190559,4190824,265,CDS
11865,4190083,4190492,409,CDS
11866,4189942,4190019,77,CDS
11867,4196475,4196565,90,CDS
11868,4195734,4195904,170,CDS
11869,4195539,4195665,126,CDS
11870,4195017,4195100,83,CDS
11871,4194818,4194945,127,CDS
11872,4193539,4193679,140,CDS
11873,4193310,4193481,171,CDS
11874,4192633,4192968,335,CDS
11875,4190559,4190824,265,CDS
11876,4190083,4190492,409,CDS
11877,4189942,4190019,77,CDS
11878,4196475,4196565,90,CDS
11879,4195734,4195904,170,CDS
11880,4195539,4195665,126,CDS
11881,4195017,4195100,83,CDS
11882,4194818,4194945,127,CDS
11883,4193539,4193679,140,CDS
11884,4193310,4193481,171,CDS
11885,4192633,4192968,335,CDS
11886,4190559,4190824,265,CDS
11887,4190083,4190492,409,CDS
11888,4189942,4190019,77,CDS
11889,4198404,4221796,23392,gene
11890,4221253,4221796,543,mRNA
11891,4212417,4217976,5559,mRNA
11892,4209457,4209765,308,mRNA
11893,4209150,4209383,233,mRNA
11894,4208888,4209089,201,mRNA
11895,4208539,4208825,286,mRNA
11896,4205478,4208240,2762,mRNA
11897,4201865,4205421,3556,mRNA
11898,4198404,4201799,3395,mRNA
11899,4212417,4217840,5423,CDS
11900,4209457,4209765,308,CDS
11901,4209150,4209383,233,CDS
11902,4208888,4209089,201,CDS
11903,4208539,4208825,286,CDS
11904,4205478,4208240,2762,CDS
11905,4201865,4205421,3556,CDS
11906,4199132,4201799,2667,CDS
11907,4224650,4227097,2447,gene
11908,4226847,4227097,250,mRNA
11909,4224650,4226767,2117,mRNA
11910,4226847,4226980,133,mRNA
11911,4224650,4226767,2117,mRNA
11912,4226847,4226888,41,CDS
11913,4224884,4226767,1883,CDS
11914,4226847,4226888,41,CDS
11915,4224884,4226767,1883,CDS
11916,4227699,4228561,862,gene
11917,4227699,4227807,108,mRNA
11918,4228012,4228561,549,mRNA
11919,4227699,4227749,50,mRNA
11920,4228012,4228547,535,mRNA
11921,4228025,4228411,386,CDS
11922,4228025,4228411,386,CDS
11923,4228921,4229458,537,gene
11924,4228921,4229458,537,ncRNA
11925,4240014,4240820,806,gene
11926,4240014,4240820,806,ncRNA
11927,4241070,4242397,1327,gene
11928,4241070,4241681,611,ncRNA
11929,4241823,4242397,574,ncRNA
11930,4241070,4241735,665,ncRNA
11931,4246209,4249676,3467,gene
11932,4249181,4249676,495,ncRNA
11933,4246209,4246783,574,ncRNA
11934,4255720,4256085,365,gene
11935,4255720,4256085,365,ncRNA
11936,4256132,4256519,387,gene
11937,4256132,4256519,387,ncRNA
11938,4256798,4257295,497,gene
11939,4256798,4257295,497,ncRNA
11940,4257572,4258425,853,gene
11941,4257572,4258173,601,mRNA
11942,4258233,4258425,192,mRNA
11943,4257650,4258173,523,CDS
11944,4258233,4258326,93,CDS
11945,4259946,4261101,1155,gene
11946,4261016,4261101,85,ncRNA
11947,4259946,4260953,1007,ncRNA
11948,4277696,4281324,3628,gene
11949,4281200,4281324,124,mRNA
11950,4279084,4279349,265,mRNA
11951,4278796,4279025,229,mRNA
11952,4277696,4278669,973,mRNA
11953,4279084,4279315,231,mRNA
11954,4278796,4279025,229,mRNA
11955,4277696,4278669,973,mRNA
11956,4279084,4279290,206,CDS
11957,4278796,4279025,229,CDS
11958,4278039,4278669,630,CDS
11959,4279084,4279290,206,CDS
11960,4278796,4279025,229,CDS
11961,4278039,4278669,630,CDS
11962,4283148,4323781,40633,gene
11963,4283148,4283252,104,mRNA
11964,4284759,4285074,315,mRNA
11965,4295163,4295621,458,mRNA
11966,4299068,4299189,121,mRNA
11967,4303336,4303618,282,mRNA
11968,4304600,4304841,241,mRNA
11969,4307191,4307461,270,mRNA
11970,4307563,4308426,863,mRNA
11971,4308776,4308859,83,mRNA
11972,4314202,4314615,413,mRNA
11973,4318594,4318708,114,mRNA
11974,4318907,4318977,70,mRNA
11975,4319330,4323781,4451,mRNA
11976,4283148,4283252,104,mRNA
11977,4284701,4285074,373,mRNA
11978,4295163,4295621,458,mRNA
11979,4299068,4299189,121,mRNA
11980,4303336,4303618,282,mRNA
11981,4304600,4304841,241,mRNA
11982,4305349,4305423,74,mRNA
11983,4307191,4307461,270,mRNA
11984,4307563,4308426,863,mRNA
11985,4308776,4308859,83,mRNA
11986,4314202,4314615,413,mRNA
11987,4318594,4318708,114,mRNA
11988,4319330,4323357,4027,mRNA
11989,4283148,4283252,104,mRNA
11990,4284759,4285074,315,mRNA
11991,4295163,4295621,458,mRNA
11992,4299068,4299189,121,mRNA
11993,4303336,4303618,282,mRNA
11994,4304600,4304841,241,mRNA
11995,4307191,4307461,270,mRNA
11996,4307563,4308426,863,mRNA
11997,4308776,4308859,83,mRNA
11998,4312028,4312111,83,mRNA
11999,4314202,4314615,413,mRNA
12000,4318594,4318708,114,mRNA
12001,4318907,4318977,70,mRNA
12002,4319330,4321233,1903,mRNA
12003,4283148,4283252,104,mRNA
12004,4284759,4285074,315,mRNA
12005,4295163,4295621,458,mRNA
12006,4299068,4299189,121,mRNA
12007,4303336,4303618,282,mRNA
12008,4304600,4304841,241,mRNA
12009,4307191,4307461,270,mRNA
12010,4307563,4308426,863,mRNA
12011,4308776,4308859,83,mRNA
12012,4312028,4312111,83,mRNA
12013,4314202,4314615,413,mRNA
12014,4318594,4318708,114,mRNA
12015,4319330,4321233,1903,mRNA
12016,4283148,4283252,104,mRNA
12017,4284759,4285074,315,mRNA
12018,4295163,4295621,458,mRNA
12019,4299068,4299189,121,mRNA
12020,4303336,4303618,282,mRNA
12021,4304600,4304841,241,mRNA
12022,4307191,4307461,270,mRNA
12023,4307563,4308426,863,mRNA
12024,4308776,4308859,83,mRNA
12025,4314202,4314615,413,mRNA
12026,4318594,4318708,114,mRNA
12027,4318907,4318977,70,mRNA
12028,4319330,4321233,1903,mRNA
12029,4283148,4283252,104,mRNA
12030,4284759,4285074,315,mRNA
12031,4295163,4295621,458,mRNA
12032,4299068,4299189,121,mRNA
12033,4303336,4303618,282,mRNA
12034,4304600,4304841,241,mRNA
12035,4307191,4307461,270,mRNA
12036,4307563,4308426,863,mRNA
12037,4308776,4308859,83,mRNA
12038,4314202,4314615,413,mRNA
12039,4318594,4318708,114,mRNA
12040,4319330,4321233,1903,mRNA
12041,4283148,4283252,104,mRNA
12042,4284759,4285074,315,mRNA
12043,4295163,4295621,458,mRNA
12044,4299068,4299189,121,mRNA
12045,4303336,4303618,282,mRNA
12046,4304600,4304841,241,mRNA
12047,4307191,4307461,270,mRNA
12048,4307563,4308426,863,mRNA
12049,4308776,4308859,83,mRNA
12050,4314202,4314615,413,mRNA
12051,4318577,4318804,227,mRNA
12052,4283148,4283252,104,mRNA
12053,4284759,4285074,315,mRNA
12054,4295163,4295621,458,mRNA
12055,4299068,4299189,121,mRNA
12056,4303336,4303618,282,mRNA
12057,4304600,4304841,241,mRNA
12058,4307191,4307461,270,mRNA
12059,4307563,4308426,863,mRNA
12060,4308776,4308859,83,mRNA
12061,4314202,4316050,1848,mRNA
12062,4283148,4283252,104,mRNA
12063,4284759,4285074,315,mRNA
12064,4295163,4295621,458,mRNA
12065,4299068,4299189,121,mRNA
12066,4303336,4303618,282,mRNA
12067,4304600,4304841,241,mRNA
12068,4305349,4305695,346,mRNA
12069,4284250,4284302,52,mRNA
12070,4284759,4285074,315,mRNA
12071,4295163,4295621,458,mRNA
12072,4299068,4299189,121,mRNA
12073,4303336,4303618,282,mRNA
12074,4304600,4304841,241,mRNA
12075,4307191,4307461,270,mRNA
12076,4307563,4308426,863,mRNA
12077,4308776,4308859,83,mRNA
12078,4314202,4314615,413,mRNA
12079,4318594,4318708,114,mRNA
12080,4319330,4321233,1903,mRNA
12081,4295225,4295621,396,CDS
12082,4299068,4299189,121,CDS
12083,4303336,4303618,282,CDS
12084,4304600,4304841,241,CDS
12085,4305349,4305423,74,CDS
12086,4307191,4307461,270,CDS
12087,4307563,4308426,863,CDS
12088,4308776,4308859,83,CDS
12089,4314202,4314615,413,CDS
12090,4318594,4318708,114,CDS
12091,4319330,4321064,1734,CDS
12092,4295225,4295621,396,CDS
12093,4299068,4299189,121,CDS
12094,4303336,4303618,282,CDS
12095,4304600,4304841,241,CDS
12096,4307191,4307461,270,CDS
12097,4307563,4308426,863,CDS
12098,4308776,4308859,83,CDS
12099,4312028,4312111,83,CDS
12100,4314202,4314615,413,CDS
12101,4318594,4318708,114,CDS
12102,4319330,4321064,1734,CDS
12103,4295225,4295621,396,CDS
12104,4299068,4299189,121,CDS
12105,4303336,4303618,282,CDS
12106,4304600,4304841,241,CDS
12107,4307191,4307461,270,CDS
12108,4307563,4308426,863,CDS
12109,4308776,4308859,83,CDS
12110,4314202,4314615,413,CDS
12111,4318594,4318708,114,CDS
12112,4319330,4321064,1734,CDS
12113,4295225,4295621,396,CDS
12114,4299068,4299189,121,CDS
12115,4303336,4303618,282,CDS
12116,4304600,4304841,241,CDS
12117,4307191,4307461,270,CDS
12118,4307563,4308426,863,CDS
12119,4308776,4308859,83,CDS
12120,4314202,4314615,413,CDS
12121,4318594,4318708,114,CDS
12122,4319330,4321064,1734,CDS
12123,4295225,4295621,396,CDS
12124,4299068,4299189,121,CDS
12125,4303336,4303618,282,CDS
12126,4304600,4304841,241,CDS
12127,4307191,4307461,270,CDS
12128,4307563,4308426,863,CDS
12129,4308776,4308859,83,CDS
12130,4312028,4312111,83,CDS
12131,4314202,4314615,413,CDS
12132,4318594,4318708,114,CDS
12133,4318907,4318977,70,CDS
12134,4319330,4319358,28,CDS
12135,4295225,4295621,396,CDS
12136,4299068,4299189,121,CDS
12137,4303336,4303618,282,CDS
12138,4304600,4304841,241,CDS
12139,4307191,4307461,270,CDS
12140,4307563,4308426,863,CDS
12141,4308776,4308859,83,CDS
12142,4314202,4314615,413,CDS
12143,4318594,4318708,114,CDS
12144,4318907,4318977,70,CDS
12145,4319330,4319358,28,CDS
12146,4295225,4295621,396,CDS
12147,4299068,4299189,121,CDS
12148,4303336,4303618,282,CDS
12149,4304600,4304841,241,CDS
12150,4307191,4307461,270,CDS
12151,4307563,4308426,863,CDS
12152,4308776,4308859,83,CDS
12153,4314202,4314615,413,CDS
12154,4318594,4318708,114,CDS
12155,4318907,4318977,70,CDS
12156,4319330,4319358,28,CDS
12157,4295225,4295621,396,CDS
12158,4299068,4299189,121,CDS
12159,4303336,4303618,282,CDS
12160,4304600,4304841,241,CDS
12161,4307191,4307461,270,CDS
12162,4307563,4308426,863,CDS
12163,4308776,4308859,83,CDS
12164,4314202,4314615,413,CDS
12165,4318577,4318608,31,CDS
12166,4295225,4295621,396,CDS
12167,4299068,4299189,121,CDS
12168,4303336,4303618,282,CDS
12169,4304600,4304841,241,CDS
12170,4307191,4307461,270,CDS
12171,4307563,4308426,863,CDS
12172,4308776,4308859,83,CDS
12173,4314202,4314650,448,CDS
12174,4295225,4295621,396,CDS
12175,4299068,4299189,121,CDS
12176,4303336,4303618,282,CDS
12177,4304600,4304841,241,CDS
12178,4305349,4305438,89,CDS
12179,4324554,4331830,7276,gene
12180,4324554,4325129,575,mRNA
12181,4328938,4329445,507,mRNA
12182,4329511,4329920,409,mRNA
12183,4330313,4330541,228,mRNA
12184,4330756,4330962,206,mRNA
12185,4331031,4331830,799,mRNA
12186,4324908,4325129,221,CDS
12187,4328938,4329445,507,CDS
12188,4329511,4329920,409,CDS
12189,4330313,4330541,228,CDS
12190,4330756,4330962,206,CDS
12191,4331031,4331614,583,CDS
12192,4333913,4345776,11863,gene
12193,4333913,4334439,526,mRNA
12194,4336450,4336957,507,mRNA
12195,4341884,4342198,314,mRNA
12196,4342398,4343695,1297,mRNA
12197,4343757,4343857,100,mRNA
12198,4343920,4344208,288,mRNA
12199,4344269,4345776,1507,mRNA
12200,4333913,4334439,526,mRNA
12201,4336450,4336957,507,mRNA
12202,4341884,4342198,314,mRNA
12203,4342398,4343695,1297,mRNA
12204,4343757,4343857,100,mRNA
12205,4343920,4344208,288,mRNA
12206,4344269,4345411,1142,mRNA
12207,4333913,4334104,191,mRNA
12208,4336450,4336957,507,mRNA
12209,4341884,4342198,314,mRNA
12210,4342398,4343695,1297,mRNA
12211,4343757,4343857,100,mRNA
12212,4343920,4344208,288,mRNA
12213,4344269,4345411,1142,mRNA
12214,4336674,4336957,283,CDS
12215,4341884,4342198,314,CDS
12216,4342398,4343695,1297,CDS
12217,4343757,4343857,100,CDS
12218,4343920,4344208,288,CDS
12219,4344269,4344480,211,CDS
12220,4336674,4336957,283,CDS
12221,4341884,4342198,314,CDS
12222,4342398,4343695,1297,CDS
12223,4343757,4343857,100,CDS
12224,4343920,4344208,288,CDS
12225,4344269,4344480,211,CDS
12226,4336674,4336957,283,CDS
12227,4341884,4342198,314,CDS
12228,4342398,4343695,1297,CDS
12229,4343757,4343857,100,CDS
12230,4343920,4344208,288,CDS
12231,4344269,4344480,211,CDS
12232,4338724,4339117,393,mRNA
12233,4341501,4341804,303,mRNA
12234,4341884,4342198,314,mRNA
12235,4342398,4343695,1297,mRNA
12236,4343757,4343857,100,mRNA
12237,4343920,4344208,288,mRNA
12238,4344269,4345776,1507,mRNA
12239,4341563,4341804,241,CDS
12240,4341884,4342198,314,CDS
12241,4342398,4343695,1297,CDS
12242,4343757,4343857,100,CDS
12243,4343920,4344208,288,CDS
12244,4344269,4344480,211,CDS
12245,4343696,4343756,60,gene
12246,4343696,4343756,60,precursor_RNA
12247,4343736,4343756,20,ncRNA
12248,4347501,4347954,453,gene
12249,4347501,4347780,279,ncRNA
12250,4347840,4347954,114,ncRNA
12251,4348318,4348678,360,gene
12252,4348318,4348678,360,ncRNA
12253,4349172,4349685,513,gene
12254,4349172,4349435,263,ncRNA
12255,4349524,4349685,161,ncRNA
12256,4350999,4351449,450,gene
12257,4350999,4351449,450,ncRNA
12258,4352975,4354034,1059,gene
12259,4352975,4353195,220,mRNA
12260,4353250,4353615,365,mRNA
12261,4353679,4354034,355,mRNA
12262,4352975,4353193,218,mRNA
12263,4353250,4353615,365,mRNA
12264,4353679,4354034,355,mRNA
12265,4353049,4353195,146,CDS
12266,4353250,4353615,365,CDS
12267,4353679,4353813,134,CDS
12268,4353415,4353615,200,CDS
12269,4353679,4353813,134,CDS
12270,4361689,4371303,9614,gene
12271,4371014,4371303,289,ncRNA
12272,4361689,4364235,2546,ncRNA
12273,4363529,4364252,723,ncRNA
12274,4361689,4362988,1299,ncRNA
12275,4361925,4380716,18791,gene
12276,4361925,4362721,796,mRNA
12277,4363136,4363202,66,mRNA
12278,4378906,4380716,1810,mRNA
12279,4362549,4362721,172,CDS
12280,4363136,4363202,66,CDS
12281,4378906,4380099,1193,CDS
12282,4371990,4372539,549,mRNA
12283,4378906,4380716,1810,mRNA
12284,4372273,4372539,266,CDS
12285,4378906,4380099,1193,CDS
12286,4380722,4382735,2013,gene
12287,4382697,4382735,38,mRNA
12288,4380722,4382643,1921,mRNA
12289,4380722,4382661,1939,mRNA
12290,4380783,4382639,1856,CDS
12291,4380783,4382639,1856,CDS
12292,4382925,4386062,3137,gene
12293,4385883,4386062,179,mRNA
12294,4385316,4385822,506,mRNA
12295,4384085,4385259,1174,mRNA
12296,4382925,4384022,1097,mRNA
12297,4385883,4385978,95,CDS
12298,4385316,4385822,506,CDS
12299,4384085,4385259,1174,CDS
12300,4383137,4384022,885,CDS
12301,4386182,4387356,1174,gene
12302,4387320,4387356,36,mRNA
12303,4386764,4387013,249,mRNA
12304,4386182,4386705,523,mRNA
12305,4386764,4387070,306,mRNA
12306,4386182,4386705,523,mRNA
12307,4386764,4387008,244,CDS
12308,4386339,4386705,366,CDS
12309,4386764,4387008,244,CDS
12310,4386339,4386705,366,CDS
12311,4388327,4392778,4451,gene
12312,4388327,4388858,531,mRNA
12313,4390165,4390705,540,mRNA
12314,4390798,4391690,892,mRNA
12315,4391756,4392377,621,mRNA
12316,4392447,4392778,331,mRNA
12317,4388725,4388858,133,CDS
12318,4390165,4390705,540,CDS
12319,4390798,4391690,892,CDS
12320,4391756,4392377,621,CDS
12321,4392447,4392686,239,CDS
12322,4392770,4393876,1106,gene
12323,4393773,4393876,103,mRNA
12324,4393502,4393715,213,mRNA
12325,4393262,4393433,171,mRNA
12326,4393042,4393199,157,mRNA
12327,4392770,4392988,218,mRNA
12328,4393773,4393790,17,CDS
12329,4393502,4393715,213,CDS
12330,4393262,4393433,171,CDS
12331,4393042,4393199,157,CDS
12332,4392876,4392988,112,CDS
12333,4394196,4400487,6291,gene
12334,4394196,4394489,293,mRNA
12335,4394545,4395178,633,mRNA
12336,4395236,4395950,714,mRNA
12337,4396010,4396127,117,mRNA
12338,4396810,4396906,96,mRNA
12339,4396969,4399074,2105,mRNA
12340,4399137,4399299,162,mRNA
12341,4399354,4399600,246,mRNA
12342,4399661,4400487,826,mRNA
12343,4394196,4394489,293,mRNA
12344,4394545,4395178,633,mRNA
12345,4395236,4395950,714,mRNA
12346,4396010,4396172,162,mRNA
12347,4396810,4396906,96,mRNA
12348,4396969,4399074,2105,mRNA
12349,4399137,4399299,162,mRNA
12350,4399354,4399600,246,mRNA
12351,4399661,4400105,444,mRNA
12352,4394196,4394489,293,mRNA
12353,4394545,4395178,633,mRNA
12354,4395236,4395950,714,mRNA
12355,4396010,4396127,117,mRNA
12356,4396810,4396906,96,mRNA
12357,4396969,4399074,2105,mRNA
12358,4399137,4399299,162,mRNA
12359,4399354,4399600,246,mRNA
12360,4399661,4400105,444,mRNA
12361,4394338,4394489,151,CDS
12362,4394545,4395178,633,CDS
12363,4395236,4395950,714,CDS
12364,4396010,4396172,162,CDS
12365,4396810,4396906,96,CDS
12366,4396969,4399074,2105,CDS
12367,4399137,4399299,162,CDS
12368,4399354,4399600,246,CDS
12369,4399661,4399733,72,CDS
12370,4394338,4394489,151,CDS
12371,4394545,4395178,633,CDS
12372,4395236,4395950,714,CDS
12373,4396010,4396127,117,CDS
12374,4396810,4396906,96,CDS
12375,4396969,4399074,2105,CDS
12376,4399137,4399299,162,CDS
12377,4399354,4399600,246,CDS
12378,4399661,4399733,72,CDS
12379,4394338,4394489,151,CDS
12380,4394545,4395178,633,CDS
12381,4395236,4395950,714,CDS
12382,4396010,4396127,117,CDS
12383,4396810,4396906,96,CDS
12384,4396969,4399074,2105,CDS
12385,4399137,4399299,162,CDS
12386,4399354,4399600,246,CDS
12387,4399661,4399733,72,CDS
12388,4400953,4403142,2189,gene
12389,4400953,4401289,336,mRNA
12390,4401350,4401768,418,mRNA
12391,4401866,4403142,1276,mRNA
12392,4400953,4401289,336,mRNA
12393,4401350,4401693,343,mRNA
12394,4401866,4403142,1276,mRNA
12395,4401120,4401289,169,CDS
12396,4401350,4401768,418,CDS
12397,4401866,4403091,1225,CDS
12398,4401120,4401289,169,CDS
12399,4401350,4401693,343,CDS
12400,4401866,4403091,1225,CDS
12401,4403251,4403955,704,gene
12402,4403251,4403414,163,mRNA
12403,4403514,4403955,441,mRNA
12404,4403337,4403414,77,CDS
12405,4403514,4403864,350,CDS
12406,4403992,4441282,37290,gene
12407,4441158,4441282,124,mRNA
12408,4439099,4439486,387,mRNA
12409,4408576,4409370,794,mRNA
12410,4408196,4408506,310,mRNA
12411,4403992,4408120,4128,mRNA
12412,4439099,4440146,1047,mRNA
12413,4408576,4409370,794,mRNA
12414,4408196,4408506,310,mRNA
12415,4403992,4408120,4128,mRNA
12416,4408576,4409353,777,CDS
12417,4408196,4408506,310,CDS
12418,4406129,4408120,1991,CDS
12419,4408576,4409353,777,CDS
12420,4408196,4408506,310,CDS
12421,4406129,4408120,1991,CDS
12422,4411155,4411824,669,gene
12423,4411155,4411244,89,mRNA
12424,4411312,4411824,512,mRNA
12425,4411157,4411244,87,CDS
12426,4411312,4411766,454,CDS
12427,4418977,4419048,71,gene
12428,4418977,4419048,71,tRNA
12429,4433908,4435057,1149,gene
12430,4433908,4435057,1149,gene
12431,4433908,4434238,330,mRNA
12432,4434298,4434569,271,mRNA
12433,4434621,4434753,132,mRNA
12434,4434854,4435057,203,mRNA
12435,4433908,4434056,148,mRNA
12436,4434115,4434238,123,mRNA
12437,4434298,4434569,271,mRNA
12438,4434621,4434753,132,mRNA
12439,4434854,4435057,203,mRNA
12440,4433908,4434056,148,mRNA
12441,4434115,4434238,123,mRNA
12442,4434298,4434569,271,mRNA
12443,4434621,4434753,132,mRNA
12444,4434854,4435057,203,mRNA
12445,4433960,4434056,96,CDS
12446,4434115,4434238,123,CDS
12447,4434298,4434400,102,CDS
12448,4434415,4434569,154,mRNA
12449,4434621,4434753,132,mRNA
12450,4434854,4435057,203,mRNA
12451,4434467,4434569,102,CDS
12452,4434621,4434753,132,CDS
12453,4434854,4434956,102,CDS
12454,4434467,4434569,102,CDS
12455,4434621,4434753,132,CDS
12456,4434854,4434956,102,CDS
12457,4434467,4434569,102,CDS
12458,4434621,4434753,132,CDS
12459,4434854,4434956,102,CDS
12460,4437787,4438201,414,gene
12461,4437787,4437846,59,mRNA
12462,4437906,4438055,149,mRNA
12463,4438109,4438201,92,mRNA
12464,4437819,4437846,27,CDS
12465,4437906,4438055,149,CDS
12466,4438109,4438179,70,CDS
12467,4441429,4442060,631,gene
12468,4441976,4442060,84,mRNA
12469,4441429,4441921,492,mRNA
12470,4441976,4442060,84,mRNA
12471,4441443,4441921,478,mRNA
12472,4441976,4442051,75,CDS
12473,4441470,4441921,451,CDS
12474,4441976,4442051,75,CDS
12475,4441470,4441921,451,CDS
12476,4442320,4442985,665,gene
12477,4442320,4442368,48,mRNA
12478,4442478,4442985,507,mRNA
12479,4442393,4442420,27,mRNA
12480,4442478,4442985,507,mRNA
12481,4442429,4442985,556,mRNA
12482,4442498,4442854,356,CDS
12483,4442498,4442854,356,CDS
12484,4442498,4442854,356,CDS
12485,4442870,4444680,1810,gene
12486,4444464,4444680,216,mRNA
12487,4442870,4444401,1531,mRNA
12488,4444464,4444607,143,CDS
12489,4443070,4444401,1331,CDS
12490,4444732,4446765,2033,gene
12491,4444732,4444832,100,mRNA
12492,4444895,4445136,241,mRNA
12493,4445193,4446058,865,mRNA
12494,4446112,4446765,653,mRNA
12495,4444811,4444832,21,CDS
12496,4444895,4445136,241,CDS
12497,4445193,4446058,865,CDS
12498,4446112,4446640,528,CDS
12499,4446670,4448635,1965,gene
12500,4448360,4448635,275,mRNA
12501,4447906,4448293,387,mRNA
12502,4446670,4447851,1181,mRNA
12503,4448360,4448427,67,CDS
12504,4447906,4448293,387,CDS
12505,4446988,4447851,863,CDS
12506,4449295,4453038,3743,gene
12507,4450773,4453038,2265,mRNA
12508,4449295,4450363,1068,mRNA
12509,4450773,4452951,2178,CDS
12510,4449516,4450363,847,CDS
12511,4453169,4454453,1284,gene
12512,4454327,4454453,126,mRNA
12513,4453169,4454265,1096,mRNA
12514,4454327,4454362,35,CDS
12515,4453291,4454265,974,CDS
12516,4454626,4455207,581,gene
12517,4454626,4454826,200,mRNA
12518,4454888,4454994,106,mRNA
12519,4455056,4455207,151,mRNA
12520,4454729,4454826,97,CDS
12521,4454888,4454994,106,CDS
12522,4455056,4455138,82,CDS
12523,4455137,4456807,1670,gene
12524,4456726,4456807,81,mRNA
12525,4456386,4456520,134,mRNA
12526,4455857,4456075,218,mRNA
12527,4455137,4455738,601,mRNA
12528,4456724,4456807,83,mRNA
12529,4456386,4456520,134,mRNA
12530,4456114,4456332,218,mRNA
12531,4455193,4455738,545,mRNA
12532,4456386,4456449,63,CDS
12533,4455857,4456075,218,CDS
12534,4455326,4455738,412,CDS
12535,4456386,4456449,63,CDS
12536,4456114,4456332,218,CDS
12537,4455326,4455738,412,CDS
12538,4457186,4458364,1178,gene
12539,4458289,4458364,75,mRNA
12540,4457740,4458057,317,mRNA
12541,4457375,4457509,134,mRNA
12542,4457186,4457289,103,mRNA
12543,4458289,4458344,55,mRNA
12544,4457740,4458057,317,mRNA
12545,4457375,4457509,134,mRNA
12546,4457186,4457289,103,mRNA
12547,4458289,4458317,28,mRNA
12548,4457740,4458057,317,mRNA
12549,4457375,4457509,134,mRNA
12550,4457186,4457289,103,mRNA
12551,4458289,4458291,2,CDS
12552,4457740,4458057,317,CDS
12553,4457381,4457509,128,CDS
12554,4458289,4458291,2,CDS
12555,4457740,4458057,317,CDS
12556,4457381,4457509,128,CDS
12557,4458289,4458291,2,CDS
12558,4457740,4458057,317,CDS
12559,4457381,4457509,128,CDS
12560,4457603,4457674,71,gene
12561,4457603,4457674,71,ncRNA
12562,4458595,4459638,1043,gene
12563,4459484,4459602,118,mRNA
12564,4459266,4459429,163,mRNA
12565,4458595,4459207,612,mRNA
12566,4459484,4459638,154,mRNA
12567,4459266,4459429,163,mRNA
12568,4458980,4459207,227,mRNA
12569,4459484,4459602,118,mRNA
12570,4459266,4459429,163,mRNA
12571,4458980,4459207,227,mRNA
12572,4459484,4459532,48,CDS
12573,4459266,4459429,163,CDS
12574,4459004,4459207,203,CDS
12575,4459484,4459532,48,CDS
12576,4459266,4459429,163,CDS
12577,4459004,4459207,203,CDS
12578,4459484,4459532,48,CDS
12579,4459266,4459429,163,CDS
12580,4459004,4459207,203,CDS
12581,4459729,4461746,2017,gene
12582,4459729,4460133,404,mRNA
12583,4460204,4461746,1542,mRNA
12584,4459870,4460133,263,mRNA
12585,4460204,4461746,1542,mRNA
12586,4459978,4460133,155,CDS
12587,4460204,4461559,1355,CDS
12588,4459978,4460133,155,CDS
12589,4460204,4461559,1355,CDS
12590,4461657,4463447,1790,gene
12591,4462624,4463447,823,mRNA
12592,4461657,4462563,906,mRNA
12593,4462624,4462994,370,mRNA
12594,4461657,4462563,906,mRNA
12595,4462624,4462960,336,CDS
12596,4461824,4462563,739,CDS
12597,4462624,4462960,336,CDS
12598,4461824,4462563,739,CDS
12599,4463611,4465075,1464,gene
12600,4463611,4463786,175,mRNA
12601,4463841,4465075,1234,mRNA
12602,4463846,4464886,1040,CDS
12603,4465174,4468022,2848,gene
12604,4465174,4465318,144,mRNA
12605,4465380,4467003,1623,mRNA
12606,4467063,4468022,959,mRNA
12607,4465238,4465318,80,CDS
12608,4465380,4467003,1623,CDS
12609,4467063,4467934,871,CDS
12610,4468000,4477022,9022,gene
12611,4476935,4477022,87,mRNA
12612,4474332,4475375,1043,mRNA
12613,4473685,4473976,291,mRNA
12614,4471980,4472158,178,mRNA
12615,4470994,4471128,134,mRNA
12616,4469836,4469965,129,mRNA
12617,4469675,4469767,92,mRNA
12618,4468667,4469618,951,mRNA
12619,4468425,4468601,176,mRNA
12620,4468000,4468361,361,mRNA
12621,4476666,4477022,356,mRNA
12622,4474332,4475318,986,mRNA
12623,4473685,4473976,291,mRNA
12624,4471980,4472158,178,mRNA
12625,4470994,4471128,134,mRNA
12626,4469836,4469965,129,mRNA
12627,4469675,4469767,92,mRNA
12628,4468667,4469618,951,mRNA
12629,4468425,4468601,176,mRNA
12630,4468000,4468361,361,mRNA
12631,4472949,4473192,243,mRNA
12632,4471980,4472158,178,mRNA
12633,4470994,4471128,134,mRNA
12634,4469836,4469965,129,mRNA
12635,4469675,4469767,92,mRNA
12636,4468667,4469618,951,mRNA
12637,4468425,4468601,176,mRNA
12638,4468000,4468361,361,mRNA
12639,4476842,4477022,180,mRNA
12640,4474332,4475296,964,mRNA
12641,4473685,4473976,291,mRNA
12642,4471980,4472158,178,mRNA
12643,4470994,4471128,134,mRNA
12644,4469836,4469965,129,mRNA
12645,4469675,4469767,92,mRNA
12646,4468667,4469618,951,mRNA
12647,4468425,4468601,176,mRNA
12648,4468030,4468361,331,mRNA
12649,4476842,4477022,180,mRNA
12650,4474332,4475318,986,mRNA
12651,4473685,4473976,291,mRNA
12652,4471980,4472158,178,mRNA
12653,4470994,4471128,134,mRNA
12654,4469836,4469965,129,mRNA
12655,4469675,4469767,92,mRNA
12656,4468667,4469618,951,mRNA
12657,4468425,4468601,176,mRNA
12658,4468030,4468361,331,mRNA
12659,4474332,4474977,645,CDS
12660,4473685,4473976,291,CDS
12661,4471980,4472158,178,CDS
12662,4470994,4471128,134,CDS
12663,4469836,4469965,129,CDS
12664,4469675,4469767,92,CDS
12665,4468667,4469618,951,CDS
12666,4468425,4468601,176,CDS
12667,4468134,4468361,227,CDS
12668,4474332,4474977,645,CDS
12669,4473685,4473976,291,CDS
12670,4471980,4472158,178,CDS
12671,4470994,4471128,134,CDS
12672,4469836,4469965,129,CDS
12673,4469675,4469767,92,CDS
12674,4468667,4469618,951,CDS
12675,4468425,4468601,176,CDS
12676,4468134,4468361,227,CDS
12677,4474332,4474977,645,CDS
12678,4473685,4473976,291,CDS
12679,4471980,4472158,178,CDS
12680,4470994,4471128,134,CDS
12681,4469836,4469965,129,CDS
12682,4469675,4469767,92,CDS
12683,4468667,4469618,951,CDS
12684,4468425,4468601,176,CDS
12685,4468134,4468361,227,CDS
12686,4474332,4474977,645,CDS
12687,4473685,4473976,291,CDS
12688,4471980,4472158,178,CDS
12689,4470994,4471128,134,CDS
12690,4469836,4469965,129,CDS
12691,4469675,4469767,92,CDS
12692,4468667,4469618,951,CDS
12693,4468425,4468601,176,CDS
12694,4468134,4468361,227,CDS
12695,4472949,4473031,82,CDS
12696,4471980,4472158,178,CDS
12697,4470994,4471128,134,CDS
12698,4469836,4469965,129,CDS
12699,4469675,4469767,92,CDS
12700,4468667,4469618,951,CDS
12701,4468425,4468601,176,CDS
12702,4468134,4468361,227,CDS
12703,4477462,4614300,136838,gene
12704,4614237,4614300,63,mRNA
12705,4612292,4612560,268,mRNA
12706,4591513,4591848,335,mRNA
12707,4574284,4574342,58,mRNA
12708,4570857,4571085,228,mRNA
12709,4570680,4570781,101,mRNA
12710,4570479,4570595,116,mRNA
12711,4563680,4564189,509,mRNA
12712,4563111,4563467,356,mRNA
12713,4555206,4562483,7277,mRNA
12714,4554351,4554659,308,mRNA
12715,4552397,4554205,1808,mRNA
12716,4552243,4552335,92,mRNA
12717,4548005,4548802,797,mRNA
12718,4540442,4546933,6491,mRNA
12719,4538913,4540356,1443,mRNA
12720,4535244,4538827,3583,mRNA
12721,4533571,4534974,1403,mRNA
12722,4532243,4532386,143,mRNA
12723,4532103,4532180,77,mRNA
12724,4531353,4531970,617,mRNA
12725,4530832,4531053,221,mRNA
12726,4530531,4530713,182,mRNA
12727,4529792,4530277,485,mRNA
12728,4527296,4529728,2432,mRNA
12729,4526606,4527229,623,mRNA
12730,4526224,4526541,317,mRNA
12731,4525604,4525927,323,mRNA
12732,4525087,4525404,317,mRNA
12733,4524691,4525023,332,mRNA
12734,4524298,4524624,326,mRNA
12735,4523752,4524069,317,mRNA
12736,4523031,4523357,326,mRNA
12737,4522641,4522964,323,mRNA
12738,4521813,4522442,629,mRNA
12739,4521417,4521755,338,mRNA
12740,4521043,4521351,308,mRNA
12741,4520377,4520703,326,mRNA
12742,4518710,4520299,1589,mRNA
12743,4515397,4518588,3191,mRNA
12744,4485508,4487193,1685,mRNA
12745,4484948,4485148,200,mRNA
12746,4484692,4484886,194,mRNA
12747,4483635,4484630,995,mRNA
12748,4480334,4483561,3227,mRNA
12749,4479844,4480269,425,mRNA
12750,4477462,4479779,2317,mRNA
12751,4594950,4595054,104,mRNA
12752,4591513,4591848,335,mRNA
12753,4574284,4574342,58,mRNA
12754,4570857,4571085,228,mRNA
12755,4570680,4570781,101,mRNA
12756,4570479,4570595,116,mRNA
12757,4563680,4564189,509,mRNA
12758,4563111,4563467,356,mRNA
12759,4555206,4562483,7277,mRNA
12760,4554351,4554659,308,mRNA
12761,4552397,4554205,1808,mRNA
12762,4552243,4552335,92,mRNA
12763,4548005,4548802,797,mRNA
12764,4540442,4546933,6491,mRNA
12765,4538913,4540356,1443,mRNA
12766,4535244,4538827,3583,mRNA
12767,4533571,4534974,1403,mRNA
12768,4532243,4532386,143,mRNA
12769,4532103,4532180,77,mRNA
12770,4530531,4530713,182,mRNA
12771,4529792,4530277,485,mRNA
12772,4527296,4529728,2432,mRNA
12773,4526606,4527229,623,mRNA
12774,4526224,4526541,317,mRNA
12775,4525604,4525927,323,mRNA
12776,4525087,4525404,317,mRNA
12777,4524691,4525023,332,mRNA
12778,4524298,4524624,326,mRNA
12779,4523752,4524069,317,mRNA
12780,4523031,4523357,326,mRNA
12781,4522641,4522964,323,mRNA
12782,4521813,4522442,629,mRNA
12783,4521417,4521755,338,mRNA
12784,4521043,4521351,308,mRNA
12785,4520377,4520703,326,mRNA
12786,4518710,4520299,1589,mRNA
12787,4515397,4518588,3191,mRNA
12788,4485508,4487193,1685,mRNA
12789,4484948,4485148,200,mRNA
12790,4484692,4484886,194,mRNA
12791,4483635,4484630,995,mRNA
12792,4480334,4483561,3227,mRNA
12793,4479844,4480269,425,mRNA
12794,4477462,4479779,2317,mRNA
12795,4594950,4595054,104,mRNA
12796,4591513,4591848,335,mRNA
12797,4574284,4574342,58,mRNA
12798,4570857,4571085,228,mRNA
12799,4570680,4570781,101,mRNA
12800,4570479,4570595,116,mRNA
12801,4563680,4564189,509,mRNA
12802,4563111,4563467,356,mRNA
12803,4555206,4562483,7277,mRNA
12804,4554351,4554659,308,mRNA
12805,4552397,4554205,1808,mRNA
12806,4552243,4552335,92,mRNA
12807,4548005,4548802,797,mRNA
12808,4540442,4546933,6491,mRNA
12809,4538913,4540356,1443,mRNA
12810,4535244,4538827,3583,mRNA
12811,4533571,4534974,1403,mRNA
12812,4532243,4532386,143,mRNA
12813,4532103,4532180,77,mRNA
12814,4530531,4530713,182,mRNA
12815,4529792,4530277,485,mRNA
12816,4527296,4529728,2432,mRNA
12817,4526606,4527229,623,mRNA
12818,4526224,4526541,317,mRNA
12819,4525604,4525927,323,mRNA
12820,4525087,4525404,317,mRNA
12821,4524691,4525023,332,mRNA
12822,4524298,4524624,326,mRNA
12823,4523752,4524069,317,mRNA
12824,4523031,4523357,326,mRNA
12825,4522641,4522964,323,mRNA
12826,4521813,4522442,629,mRNA
12827,4521417,4521755,338,mRNA
12828,4521043,4521351,308,mRNA
12829,4520377,4520703,326,mRNA
12830,4518710,4520299,1589,mRNA
12831,4515397,4518588,3191,mRNA
12832,4513435,4513761,326,mRNA
12833,4513056,4513376,320,mRNA
12834,4512650,4512994,344,mRNA
12835,4512290,4512586,296,mRNA
12836,4511933,4512235,302,mRNA
12837,4511231,4511878,647,mRNA
12838,4510859,4511176,317,mRNA
12839,4510466,4510801,335,mRNA
12840,4509782,4510396,614,mRNA
12841,4509082,4509726,644,mRNA
12842,4508713,4509024,311,mRNA
12843,4508311,4508649,338,mRNA
12844,4507939,4508247,308,mRNA
12845,4506934,4507878,944,mRNA
12846,4506559,4506870,311,mRNA
12847,4506154,4506498,344,mRNA
12848,4505794,4506093,299,mRNA
12849,4504777,4505727,950,mRNA
12850,4488454,4489113,659,mRNA
12851,4487449,4488387,938,mRNA
12852,4485508,4487193,1685,mRNA
12853,4484948,4485148,200,mRNA
12854,4484692,4484886,194,mRNA
12855,4483635,4484630,995,mRNA
12856,4480334,4483561,3227,mRNA
12857,4479844,4480269,425,mRNA
12858,4477462,4479779,2317,mRNA
12859,4591513,4591963,450,mRNA
12860,4574284,4574342,58,mRNA
12861,4570857,4571085,228,mRNA
12862,4570680,4570781,101,mRNA
12863,4570479,4570595,116,mRNA
12864,4563680,4564189,509,mRNA
12865,4554351,4554659,308,mRNA
12866,4552397,4554205,1808,mRNA
12867,4552243,4552335,92,mRNA
12868,4548005,4548802,797,mRNA
12869,4540442,4546933,6491,mRNA
12870,4538913,4540356,1443,mRNA
12871,4535244,4538827,3583,mRNA
12872,4533571,4534974,1403,mRNA
12873,4532243,4532386,143,mRNA
12874,4532103,4532180,77,mRNA
12875,4531353,4531970,617,mRNA
12876,4530832,4531053,221,mRNA
12877,4530531,4530713,182,mRNA
12878,4529792,4530277,485,mRNA
12879,4527296,4529728,2432,mRNA
12880,4526606,4527229,623,mRNA
12881,4526224,4526541,317,mRNA
12882,4525604,4525927,323,mRNA
12883,4525087,4525404,317,mRNA
12884,4524691,4525023,332,mRNA
12885,4524298,4524624,326,mRNA
12886,4523752,4524069,317,mRNA
12887,4523031,4523357,326,mRNA
12888,4522641,4522964,323,mRNA
12889,4521813,4522442,629,mRNA
12890,4521417,4521755,338,mRNA
12891,4521043,4521351,308,mRNA
12892,4520377,4520703,326,mRNA
12893,4518710,4520299,1589,mRNA
12894,4515397,4518588,3191,mRNA
12895,4513435,4513761,326,mRNA
12896,4513056,4513376,320,mRNA
12897,4512650,4512994,344,mRNA
12898,4512290,4512586,296,mRNA
12899,4511933,4512235,302,mRNA
12900,4511231,4511878,647,mRNA
12901,4510859,4511176,317,mRNA
12902,4510466,4510801,335,mRNA
12903,4509782,4510396,614,mRNA
12904,4509082,4509726,644,mRNA
12905,4508713,4509024,311,mRNA
12906,4508311,4508649,338,mRNA
12907,4507939,4508247,308,mRNA
12908,4506934,4507878,944,mRNA
12909,4506559,4506870,311,mRNA
12910,4506154,4506498,344,mRNA
12911,4505794,4506093,299,mRNA
12912,4504777,4505727,950,mRNA
12913,4504354,4504671,317,mRNA
12914,4503958,4504290,332,mRNA
12915,4503585,4503899,314,mRNA
12916,4503221,4503526,305,mRNA
12917,4502517,4503164,647,mRNA
12918,4502140,4502451,311,mRNA
12919,4501726,4502064,338,mRNA
12920,4500404,4501666,1262,mRNA
12921,4500025,4500339,314,mRNA
12922,4498362,4499960,1598,mRNA
12923,4497984,4498298,314,mRNA
12924,4497276,4497923,647,mRNA
12925,4496247,4497209,962,mRNA
12926,4494171,4496159,1988,mRNA
12927,4493799,4494104,305,mRNA
12928,4490376,4493720,3344,mRNA
12929,4489668,4490318,650,mRNA
12930,4488454,4489113,659,mRNA
12931,4487449,4488387,938,mRNA
12932,4485508,4487193,1685,mRNA
12933,4484948,4485148,200,mRNA
12934,4484692,4484886,194,mRNA
12935,4483635,4484630,995,mRNA
12936,4480334,4483561,3227,mRNA
12937,4479844,4480269,425,mRNA
12938,4477462,4479779,2317,mRNA
12939,4591513,4591963,450,mRNA
12940,4574284,4574342,58,mRNA
12941,4570857,4571085,228,mRNA
12942,4570680,4570781,101,mRNA
12943,4570479,4570595,116,mRNA
12944,4563680,4564189,509,mRNA
12945,4563111,4563467,356,mRNA
12946,4555206,4562483,7277,mRNA
12947,4554351,4554659,308,mRNA
12948,4552397,4554205,1808,mRNA
12949,4552243,4552335,92,mRNA
12950,4532243,4532386,143,mRNA
12951,4532103,4532180,77,mRNA
12952,4530531,4530713,182,mRNA
12953,4529792,4530277,485,mRNA
12954,4527296,4529728,2432,mRNA
12955,4526606,4527229,623,mRNA
12956,4526224,4526541,317,mRNA
12957,4525604,4525927,323,mRNA
12958,4525087,4525404,317,mRNA
12959,4524691,4525023,332,mRNA
12960,4524298,4524624,326,mRNA
12961,4523752,4524069,317,mRNA
12962,4523031,4523357,326,mRNA
12963,4522641,4522964,323,mRNA
12964,4521813,4522442,629,mRNA
12965,4521417,4521755,338,mRNA
12966,4521043,4521351,308,mRNA
12967,4520377,4520703,326,mRNA
12968,4518710,4520299,1589,mRNA
12969,4515397,4518588,3191,mRNA
12970,4513435,4513761,326,mRNA
12971,4513056,4513376,320,mRNA
12972,4512650,4512994,344,mRNA
12973,4512290,4512586,296,mRNA
12974,4511933,4512235,302,mRNA
12975,4511231,4511878,647,mRNA
12976,4510859,4511176,317,mRNA
12977,4510466,4510801,335,mRNA
12978,4509782,4510396,614,mRNA
12979,4509082,4509726,644,mRNA
12980,4508713,4509024,311,mRNA
12981,4508311,4508649,338,mRNA
12982,4507939,4508247,308,mRNA
12983,4506934,4507878,944,mRNA
12984,4506559,4506870,311,mRNA
12985,4506154,4506498,344,mRNA
12986,4505794,4506093,299,mRNA
12987,4504777,4505727,950,mRNA
12988,4504354,4504671,317,mRNA
12989,4503958,4504290,332,mRNA
12990,4503585,4503899,314,mRNA
12991,4503221,4503526,305,mRNA
12992,4502517,4503164,647,mRNA
12993,4502140,4502451,311,mRNA
12994,4501726,4502064,338,mRNA
12995,4500404,4501666,1262,mRNA
12996,4500025,4500339,314,mRNA
12997,4498362,4499960,1598,mRNA
12998,4497984,4498298,314,mRNA
12999,4497276,4497923,647,mRNA
13000,4496247,4497209,962,mRNA
13001,4488454,4489113,659,mRNA
13002,4487449,4488387,938,mRNA
13003,4485508,4487193,1685,mRNA
13004,4484948,4485148,200,mRNA
13005,4484692,4484886,194,mRNA
13006,4483635,4484630,995,mRNA
13007,4480334,4483561,3227,mRNA
13008,4479844,4480269,425,mRNA
13009,4477462,4479779,2317,mRNA
13010,4591513,4591963,450,mRNA
13011,4574284,4574342,58,mRNA
13012,4570857,4571085,228,mRNA
13013,4570680,4570781,101,mRNA
13014,4570479,4570595,116,mRNA
13015,4563680,4564189,509,mRNA
13016,4563111,4563467,356,mRNA
13017,4555206,4562483,7277,mRNA
13018,4554351,4554659,308,mRNA
13019,4552397,4554205,1808,mRNA
13020,4552243,4552335,92,mRNA
13021,4548005,4548802,797,mRNA
13022,4540442,4546933,6491,mRNA
13023,4538913,4540356,1443,mRNA
13024,4535244,4538827,3583,mRNA
13025,4533571,4534974,1403,mRNA
13026,4532243,4532386,143,mRNA
13027,4532103,4532180,77,mRNA
13028,4531353,4531970,617,mRNA
13029,4530832,4531053,221,mRNA
13030,4530531,4530713,182,mRNA
13031,4529792,4530277,485,mRNA
13032,4527296,4529728,2432,mRNA
13033,4526606,4527229,623,mRNA
13034,4526224,4526541,317,mRNA
13035,4518710,4520299,1589,mRNA
13036,4515397,4518588,3191,mRNA
13037,4513435,4513761,326,mRNA
13038,4513056,4513376,320,mRNA
13039,4512650,4512994,344,mRNA
13040,4512290,4512586,296,mRNA
13041,4511933,4512235,302,mRNA
13042,4511231,4511878,647,mRNA
13043,4510859,4511176,317,mRNA
13044,4510466,4510801,335,mRNA
13045,4509782,4510396,614,mRNA
13046,4509082,4509726,644,mRNA
13047,4508713,4509024,311,mRNA
13048,4508311,4508649,338,mRNA
13049,4507939,4508247,308,mRNA
13050,4506934,4507878,944,mRNA
13051,4506559,4506870,311,mRNA
13052,4506154,4506498,344,mRNA
13053,4505794,4506093,299,mRNA
13054,4504777,4505727,950,mRNA
13055,4504354,4504671,317,mRNA
13056,4503958,4504290,332,mRNA
13057,4503585,4503899,314,mRNA
13058,4503221,4503526,305,mRNA
13059,4502517,4503164,647,mRNA
13060,4502140,4502451,311,mRNA
13061,4501726,4502064,338,mRNA
13062,4500404,4501666,1262,mRNA
13063,4500025,4500339,314,mRNA
13064,4498362,4499960,1598,mRNA
13065,4497984,4498298,314,mRNA
13066,4497276,4497923,647,mRNA
13067,4496247,4497209,962,mRNA
13068,4494171,4496159,1988,mRNA
13069,4493799,4494104,305,mRNA
13070,4490376,4493720,3344,mRNA
13071,4489668,4490318,650,mRNA
13072,4488454,4489113,659,mRNA
13073,4487449,4488387,938,mRNA
13074,4485508,4487193,1685,mRNA
13075,4484948,4485148,200,mRNA
13076,4484692,4484886,194,mRNA
13077,4483635,4484630,995,mRNA
13078,4480334,4483561,3227,mRNA
13079,4479844,4480269,425,mRNA
13080,4477462,4479779,2317,mRNA
13081,4591513,4591963,450,mRNA
13082,4574284,4574342,58,mRNA
13083,4570857,4571085,228,mRNA
13084,4570680,4570781,101,mRNA
13085,4570479,4570595,116,mRNA
13086,4563680,4564189,509,mRNA
13087,4563111,4563467,356,mRNA
13088,4555206,4562483,7277,mRNA
13089,4554351,4554659,308,mRNA
13090,4552397,4554205,1808,mRNA
13091,4552243,4552335,92,mRNA
13092,4548005,4548802,797,mRNA
13093,4540442,4546933,6491,mRNA
13094,4538913,4540356,1443,mRNA
13095,4535244,4538827,3583,mRNA
13096,4533571,4534974,1403,mRNA
13097,4532243,4532386,143,mRNA
13098,4532103,4532180,77,mRNA
13099,4531353,4531970,617,mRNA
13100,4530832,4531053,221,mRNA
13101,4530531,4530713,182,mRNA
13102,4529792,4530277,485,mRNA
13103,4527296,4529728,2432,mRNA
13104,4526606,4527229,623,mRNA
13105,4526224,4526541,317,mRNA
13106,4522641,4522964,323,mRNA
13107,4521813,4522442,629,mRNA
13108,4521417,4521755,338,mRNA
13109,4521043,4521351,308,mRNA
13110,4520377,4520703,326,mRNA
13111,4518710,4520299,1589,mRNA
13112,4515397,4518588,3191,mRNA
13113,4513435,4513761,326,mRNA
13114,4513056,4513376,320,mRNA
13115,4512650,4512994,344,mRNA
13116,4512290,4512586,296,mRNA
13117,4511933,4512235,302,mRNA
13118,4511231,4511878,647,mRNA
13119,4510859,4511176,317,mRNA
13120,4510466,4510801,335,mRNA
13121,4509782,4510396,614,mRNA
13122,4509082,4509726,644,mRNA
13123,4508713,4509024,311,mRNA
13124,4508311,4508649,338,mRNA
13125,4507939,4508247,308,mRNA
13126,4506934,4507878,944,mRNA
13127,4506559,4506870,311,mRNA
13128,4506154,4506498,344,mRNA
13129,4505794,4506093,299,mRNA
13130,4504777,4505727,950,mRNA
13131,4504354,4504671,317,mRNA
13132,4503958,4504290,332,mRNA
13133,4503585,4503899,314,mRNA
13134,4503221,4503526,305,mRNA
13135,4502517,4503164,647,mRNA
13136,4502140,4502451,311,mRNA
13137,4501726,4502064,338,mRNA
13138,4500404,4501666,1262,mRNA
13139,4500025,4500339,314,mRNA
13140,4498362,4499960,1598,mRNA
13141,4497984,4498298,314,mRNA
13142,4497276,4497923,647,mRNA
13143,4496247,4497209,962,mRNA
13144,4494171,4496159,1988,mRNA
13145,4493799,4494104,305,mRNA
13146,4490376,4493720,3344,mRNA
13147,4489668,4490318,650,mRNA
13148,4488454,4489113,659,mRNA
13149,4487449,4488387,938,mRNA
13150,4485508,4487193,1685,mRNA
13151,4484948,4485148,200,mRNA
13152,4484692,4484886,194,mRNA
13153,4483635,4484630,995,mRNA
13154,4480334,4483561,3227,mRNA
13155,4479844,4480269,425,mRNA
13156,4477462,4479779,2317,mRNA
13157,4591513,4591963,450,mRNA
13158,4574284,4574342,58,mRNA
13159,4570857,4571085,228,mRNA
13160,4570680,4570781,101,mRNA
13161,4570479,4570595,116,mRNA
13162,4563680,4564189,509,mRNA
13163,4563111,4563467,356,mRNA
13164,4555206,4562483,7277,mRNA
13165,4554351,4554659,308,mRNA
13166,4552397,4554205,1808,mRNA
13167,4552243,4552335,92,mRNA
13168,4548005,4548802,797,mRNA
13169,4540442,4546933,6491,mRNA
13170,4538913,4540356,1443,mRNA
13171,4535244,4538827,3583,mRNA
13172,4533571,4534974,1403,mRNA
13173,4532243,4532386,143,mRNA
13174,4532103,4532180,77,mRNA
13175,4531353,4531970,617,mRNA
13176,4530832,4531053,221,mRNA
13177,4530531,4530713,182,mRNA
13178,4529792,4530277,485,mRNA
13179,4527296,4529728,2432,mRNA
13180,4526606,4527229,623,mRNA
13181,4526224,4526541,317,mRNA
13182,4525604,4525927,323,mRNA
13183,4525087,4525404,317,mRNA
13184,4524691,4525023,332,mRNA
13185,4524298,4524624,326,mRNA
13186,4523752,4524069,317,mRNA
13187,4523031,4523357,326,mRNA
13188,4522641,4522964,323,mRNA
13189,4521813,4522442,629,mRNA
13190,4521417,4521755,338,mRNA
13191,4521043,4521351,308,mRNA
13192,4520377,4520703,326,mRNA
13193,4518710,4520299,1589,mRNA
13194,4515397,4518588,3191,mRNA
13195,4513435,4513761,326,mRNA
13196,4513056,4513376,320,mRNA
13197,4512650,4512994,344,mRNA
13198,4512290,4512586,296,mRNA
13199,4511933,4512235,302,mRNA
13200,4511231,4511878,647,mRNA
13201,4510859,4511176,317,mRNA
13202,4510466,4510801,335,mRNA
13203,4509782,4510396,614,mRNA
13204,4509082,4509726,644,mRNA
13205,4508713,4509024,311,mRNA
13206,4508311,4508649,338,mRNA
13207,4507939,4508247,308,mRNA
13208,4506934,4507878,944,mRNA
13209,4506559,4506870,311,mRNA
13210,4506154,4506498,344,mRNA
13211,4505794,4506093,299,mRNA
13212,4504777,4505727,950,mRNA
13213,4504354,4504671,317,mRNA
13214,4503958,4504290,332,mRNA
13215,4503585,4503899,314,mRNA
13216,4503221,4503526,305,mRNA
13217,4502517,4503164,647,mRNA
13218,4502140,4502451,311,mRNA
13219,4501726,4502064,338,mRNA
13220,4500404,4501666,1262,mRNA
13221,4500025,4500339,314,mRNA
13222,4498362,4499960,1598,mRNA
13223,4497984,4498298,314,mRNA
13224,4497276,4497923,647,mRNA
13225,4496247,4497209,962,mRNA
13226,4494171,4496159,1988,mRNA
13227,4493799,4494104,305,mRNA
13228,4490376,4493720,3344,mRNA
13229,4489668,4490318,650,mRNA
13230,4488454,4489113,659,mRNA
13231,4487449,4488387,938,mRNA
13232,4485508,4487193,1685,mRNA
13233,4484948,4485148,200,mRNA
13234,4484692,4484886,194,mRNA
13235,4483635,4484630,995,mRNA
13236,4480334,4483561,3227,mRNA
13237,4479844,4480269,425,mRNA
13238,4477462,4479779,2317,mRNA
13239,4594950,4595054,104,mRNA
13240,4591513,4591848,335,mRNA
13241,4574284,4574342,58,mRNA
13242,4570857,4571085,228,mRNA
13243,4570680,4570781,101,mRNA
13244,4570479,4570595,116,mRNA
13245,4563680,4564189,509,mRNA
13246,4563111,4563467,356,mRNA
13247,4555206,4562483,7277,mRNA
13248,4554351,4554659,308,mRNA
13249,4552397,4554205,1808,mRNA
13250,4552243,4552335,92,mRNA
13251,4532243,4532386,143,mRNA
13252,4532103,4532180,77,mRNA
13253,4530531,4530713,182,mRNA
13254,4529792,4530277,485,mRNA
13255,4527296,4529728,2432,mRNA
13256,4526606,4527229,623,mRNA
13257,4526224,4526541,317,mRNA
13258,4525604,4525927,323,mRNA
13259,4525087,4525404,317,mRNA
13260,4524691,4525023,332,mRNA
13261,4524298,4524624,326,mRNA
13262,4523752,4524069,317,mRNA
13263,4523031,4523357,326,mRNA
13264,4522641,4522964,323,mRNA
13265,4521813,4522442,629,mRNA
13266,4521417,4521755,338,mRNA
13267,4521043,4521351,308,mRNA
13268,4520377,4520703,326,mRNA
13269,4518710,4520299,1589,mRNA
13270,4515397,4518588,3191,mRNA
13271,4513435,4513761,326,mRNA
13272,4513056,4513376,320,mRNA
13273,4512650,4512994,344,mRNA
13274,4512290,4512586,296,mRNA
13275,4511933,4512235,302,mRNA
13276,4511231,4511878,647,mRNA
13277,4510859,4511176,317,mRNA
13278,4510466,4510801,335,mRNA
13279,4509782,4510396,614,mRNA
13280,4509082,4509726,644,mRNA
13281,4508713,4509024,311,mRNA
13282,4508311,4508649,338,mRNA
13283,4507939,4508247,308,mRNA
13284,4506934,4507878,944,mRNA
13285,4506559,4506870,311,mRNA
13286,4506154,4506498,344,mRNA
13287,4505794,4506093,299,mRNA
13288,4504777,4505727,950,mRNA
13289,4504354,4504671,317,mRNA
13290,4503958,4504290,332,mRNA
13291,4503585,4503899,314,mRNA
13292,4503221,4503526,305,mRNA
13293,4502517,4503164,647,mRNA
13294,4502140,4502451,311,mRNA
13295,4501726,4502064,338,mRNA
13296,4500404,4501666,1262,mRNA
13297,4500025,4500339,314,mRNA
13298,4498362,4499960,1598,mRNA
13299,4497984,4498298,314,mRNA
13300,4497276,4497923,647,mRNA
13301,4496247,4497209,962,mRNA
13302,4494171,4496159,1988,mRNA
13303,4493799,4494104,305,mRNA
13304,4490376,4493720,3344,mRNA
13305,4489668,4490318,650,mRNA
13306,4488454,4489113,659,mRNA
13307,4487449,4488387,938,mRNA
13308,4485508,4487193,1685,mRNA
13309,4484948,4485148,200,mRNA
13310,4484692,4484886,194,mRNA
13311,4483635,4484630,995,mRNA
13312,4480334,4483561,3227,mRNA
13313,4479844,4480269,425,mRNA
13314,4479471,4479779,308,mRNA
13315,4594950,4595054,104,mRNA
13316,4591513,4591848,335,mRNA
13317,4574284,4574342,58,mRNA
13318,4570857,4571085,228,mRNA
13319,4570680,4570781,101,mRNA
13320,4570479,4570595,116,mRNA
13321,4563680,4564189,509,mRNA
13322,4563111,4563467,356,mRNA
13323,4555206,4562483,7277,mRNA
13324,4554351,4554659,308,mRNA
13325,4552397,4554205,1808,mRNA
13326,4552243,4552335,92,mRNA
13327,4548005,4548802,797,mRNA
13328,4540442,4546933,6491,mRNA
13329,4538913,4540356,1443,mRNA
13330,4535244,4538827,3583,mRNA
13331,4533571,4534974,1403,mRNA
13332,4532243,4532386,143,mRNA
13333,4532103,4532180,77,mRNA
13334,4530832,4531053,221,mRNA
13335,4530531,4530713,182,mRNA
13336,4529792,4530277,485,mRNA
13337,4527296,4529728,2432,mRNA
13338,4526606,4527229,623,mRNA
13339,4526224,4526541,317,mRNA
13340,4525604,4525927,323,mRNA
13341,4525087,4525404,317,mRNA
13342,4524691,4525023,332,mRNA
13343,4524298,4524624,326,mRNA
13344,4523752,4524069,317,mRNA
13345,4523031,4523357,326,mRNA
13346,4522641,4522964,323,mRNA
13347,4521813,4522442,629,mRNA
13348,4521417,4521755,338,mRNA
13349,4521043,4521351,308,mRNA
13350,4520377,4520703,326,mRNA
13351,4518710,4520299,1589,mRNA
13352,4515397,4518588,3191,mRNA
13353,4513435,4513761,326,mRNA
13354,4513056,4513376,320,mRNA
13355,4512650,4512994,344,mRNA
13356,4512290,4512586,296,mRNA
13357,4511933,4512235,302,mRNA
13358,4511231,4511878,647,mRNA
13359,4510859,4511176,317,mRNA
13360,4510466,4510801,335,mRNA
13361,4509782,4510396,614,mRNA
13362,4509082,4509726,644,mRNA
13363,4508713,4509024,311,mRNA
13364,4508311,4508649,338,mRNA
13365,4507939,4508247,308,mRNA
13366,4506934,4507878,944,mRNA
13367,4506559,4506870,311,mRNA
13368,4506154,4506498,344,mRNA
13369,4505794,4506093,299,mRNA
13370,4504777,4505727,950,mRNA
13371,4504354,4504671,317,mRNA
13372,4503958,4504290,332,mRNA
13373,4503585,4503899,314,mRNA
13374,4503221,4503526,305,mRNA
13375,4502517,4503164,647,mRNA
13376,4502140,4502451,311,mRNA
13377,4501726,4502064,338,mRNA
13378,4500404,4501666,1262,mRNA
13379,4500025,4500339,314,mRNA
13380,4498362,4499960,1598,mRNA
13381,4497984,4498298,314,mRNA
13382,4497276,4497923,647,mRNA
13383,4496247,4497209,962,mRNA
13384,4494171,4496159,1988,mRNA
13385,4493799,4494104,305,mRNA
13386,4490376,4493720,3344,mRNA
13387,4489668,4490318,650,mRNA
13388,4488454,4489113,659,mRNA
13389,4487449,4488387,938,mRNA
13390,4485508,4487193,1685,mRNA
13391,4484948,4485148,200,mRNA
13392,4484692,4484886,194,mRNA
13393,4483635,4484630,995,mRNA
13394,4480334,4483561,3227,mRNA
13395,4479844,4480269,425,mRNA
13396,4479471,4479779,308,mRNA
13397,4591513,4591963,450,mRNA
13398,4574284,4574342,58,mRNA
13399,4570857,4571085,228,mRNA
13400,4570680,4570781,101,mRNA
13401,4570479,4570595,116,mRNA
13402,4563680,4564189,509,mRNA
13403,4554351,4554659,308,mRNA
13404,4552397,4554205,1808,mRNA
13405,4552243,4552335,92,mRNA
13406,4548005,4548802,797,mRNA
13407,4532243,4532386,143,mRNA
13408,4532103,4532180,77,mRNA
13409,4530832,4531053,221,mRNA
13410,4530531,4530713,182,mRNA
13411,4529792,4530277,485,mRNA
13412,4527296,4529728,2432,mRNA
13413,4526606,4527229,623,mRNA
13414,4526224,4526541,317,mRNA
13415,4525604,4525927,323,mRNA
13416,4525087,4525404,317,mRNA
13417,4524691,4525023,332,mRNA
13418,4524298,4524624,326,mRNA
13419,4523752,4524069,317,mRNA
13420,4523031,4523357,326,mRNA
13421,4522641,4522964,323,mRNA
13422,4521813,4522442,629,mRNA
13423,4521417,4521755,338,mRNA
13424,4521043,4521351,308,mRNA
13425,4520377,4520703,326,mRNA
13426,4518710,4520299,1589,mRNA
13427,4515397,4518588,3191,mRNA
13428,4488454,4489113,659,mRNA
13429,4487449,4488387,938,mRNA
13430,4485508,4487193,1685,mRNA
13431,4484948,4485148,200,mRNA
13432,4484692,4484886,194,mRNA
13433,4483635,4484630,995,mRNA
13434,4480334,4483561,3227,mRNA
13435,4479844,4480269,425,mRNA
13436,4479471,4479779,308,mRNA
13437,4591513,4591963,450,mRNA
13438,4574284,4574342,58,mRNA
13439,4570857,4571085,228,mRNA
13440,4570680,4570781,101,mRNA
13441,4570479,4570595,116,mRNA
13442,4563680,4564189,509,mRNA
13443,4555206,4562483,7277,mRNA
13444,4554351,4554659,308,mRNA
13445,4552397,4554205,1808,mRNA
13446,4552243,4552335,92,mRNA
13447,4548005,4548802,797,mRNA
13448,4540442,4546933,6491,mRNA
13449,4538913,4540356,1443,mRNA
13450,4535244,4538827,3583,mRNA
13451,4533571,4534974,1403,mRNA
13452,4532243,4532386,143,mRNA
13453,4532103,4532180,77,mRNA
13454,4531353,4531970,617,mRNA
13455,4530832,4531053,221,mRNA
13456,4530531,4530713,182,mRNA
13457,4529792,4530277,485,mRNA
13458,4527296,4529728,2432,mRNA
13459,4526606,4527229,623,mRNA
13460,4526224,4526541,317,mRNA
13461,4525604,4525927,323,mRNA
13462,4525087,4525404,317,mRNA
13463,4524691,4525023,332,mRNA
13464,4524298,4524624,326,mRNA
13465,4523752,4524069,317,mRNA
13466,4523031,4523357,326,mRNA
13467,4522641,4522964,323,mRNA
13468,4521813,4522442,629,mRNA
13469,4521417,4521755,338,mRNA
13470,4521043,4521351,308,mRNA
13471,4520377,4520703,326,mRNA
13472,4518710,4520299,1589,mRNA
13473,4515397,4518588,3191,mRNA
13474,4513435,4513761,326,mRNA
13475,4513056,4513376,320,mRNA
13476,4512650,4512994,344,mRNA
13477,4512290,4512586,296,mRNA
13478,4511933,4512235,302,mRNA
13479,4511231,4511878,647,mRNA
13480,4510859,4511176,317,mRNA
13481,4510466,4510801,335,mRNA
13482,4509782,4510396,614,mRNA
13483,4509082,4509726,644,mRNA
13484,4508713,4509024,311,mRNA
13485,4508311,4508649,338,mRNA
13486,4507939,4508247,308,mRNA
13487,4506934,4507878,944,mRNA
13488,4506559,4506870,311,mRNA
13489,4506154,4506498,344,mRNA
13490,4505794,4506093,299,mRNA
13491,4504777,4505727,950,mRNA
13492,4504354,4504671,317,mRNA
13493,4503958,4504290,332,mRNA
13494,4503585,4503899,314,mRNA
13495,4503221,4503526,305,mRNA
13496,4502517,4503164,647,mRNA
13497,4502140,4502451,311,mRNA
13498,4501726,4502064,338,mRNA
13499,4500404,4501666,1262,mRNA
13500,4500025,4500339,314,mRNA
13501,4498362,4499960,1598,mRNA
13502,4497984,4498298,314,mRNA
13503,4497276,4497923,647,mRNA
13504,4496247,4497209,962,mRNA
13505,4494171,4496159,1988,mRNA
13506,4493799,4494104,305,mRNA
13507,4490376,4493720,3344,mRNA
13508,4489668,4490318,650,mRNA
13509,4488454,4489113,659,mRNA
13510,4487449,4488387,938,mRNA
13511,4485508,4487193,1685,mRNA
13512,4484948,4485148,200,mRNA
13513,4484692,4484886,194,mRNA
13514,4483635,4484630,995,mRNA
13515,4480334,4483561,3227,mRNA
13516,4479844,4480269,425,mRNA
13517,4479471,4479779,308,mRNA
13518,4591513,4591963,450,mRNA
13519,4574284,4574342,58,mRNA
13520,4570857,4571085,228,mRNA
13521,4570680,4570781,101,mRNA
13522,4570479,4570595,116,mRNA
13523,4563680,4564189,509,mRNA
13524,4563111,4563467,356,mRNA
13525,4555206,4562483,7277,mRNA
13526,4554351,4554659,308,mRNA
13527,4552397,4554205,1808,mRNA
13528,4552243,4552335,92,mRNA
13529,4548005,4548802,797,mRNA
13530,4532243,4532386,143,mRNA
13531,4532103,4532180,77,mRNA
13532,4531353,4531970,617,mRNA
13533,4530832,4531053,221,mRNA
13534,4530531,4530713,182,mRNA
13535,4529792,4530277,485,mRNA
13536,4527296,4529728,2432,mRNA
13537,4526606,4527229,623,mRNA
13538,4526224,4526541,317,mRNA
13539,4525604,4525927,323,mRNA
13540,4525087,4525404,317,mRNA
13541,4524691,4525023,332,mRNA
13542,4524298,4524624,326,mRNA
13543,4523752,4524069,317,mRNA
13544,4523031,4523357,326,mRNA
13545,4522641,4522964,323,mRNA
13546,4521813,4522442,629,mRNA
13547,4521417,4521755,338,mRNA
13548,4521043,4521351,308,mRNA
13549,4520377,4520703,326,mRNA
13550,4518710,4520299,1589,mRNA
13551,4515397,4518588,3191,mRNA
13552,4513435,4513761,326,mRNA
13553,4513056,4513376,320,mRNA
13554,4512650,4512994,344,mRNA
13555,4512290,4512586,296,mRNA
13556,4511933,4512235,302,mRNA
13557,4511231,4511878,647,mRNA
13558,4510859,4511176,317,mRNA
13559,4510466,4510801,335,mRNA
13560,4509782,4510396,614,mRNA
13561,4509082,4509726,644,mRNA
13562,4508713,4509024,311,mRNA
13563,4508311,4508649,338,mRNA
13564,4507939,4508247,308,mRNA
13565,4506934,4507878,944,mRNA
13566,4506559,4506870,311,mRNA
13567,4506154,4506498,344,mRNA
13568,4505794,4506093,299,mRNA
13569,4504777,4505727,950,mRNA
13570,4504354,4504671,317,mRNA
13571,4503958,4504290,332,mRNA
13572,4503585,4503899,314,mRNA
13573,4503221,4503526,305,mRNA
13574,4502517,4503164,647,mRNA
13575,4502140,4502451,311,mRNA
13576,4501726,4502064,338,mRNA
13577,4500404,4501666,1262,mRNA
13578,4500025,4500339,314,mRNA
13579,4498362,4499960,1598,mRNA
13580,4497984,4498298,314,mRNA
13581,4497276,4497923,647,mRNA
13582,4496247,4497209,962,mRNA
13583,4494171,4496159,1988,mRNA
13584,4493799,4494104,305,mRNA
13585,4490376,4493720,3344,mRNA
13586,4489668,4490318,650,mRNA
13587,4488454,4489113,659,mRNA
13588,4487449,4488387,938,mRNA
13589,4485508,4487193,1685,mRNA
13590,4484948,4485148,200,mRNA
13591,4484692,4484886,194,mRNA
13592,4483635,4484630,995,mRNA
13593,4480334,4483561,3227,mRNA
13594,4479844,4480269,425,mRNA
13595,4479471,4479779,308,mRNA
13596,4591513,4591963,450,mRNA
13597,4574284,4574342,58,mRNA
13598,4570857,4571085,228,mRNA
13599,4570680,4570781,101,mRNA
13600,4570479,4570595,116,mRNA
13601,4563680,4564189,509,mRNA
13602,4563111,4563467,356,mRNA
13603,4555206,4562483,7277,mRNA
13604,4554351,4554659,308,mRNA
13605,4552397,4554205,1808,mRNA
13606,4552243,4552335,92,mRNA
13607,4548005,4548802,797,mRNA
13608,4540442,4546933,6491,mRNA
13609,4538913,4540356,1443,mRNA
13610,4535244,4538827,3583,mRNA
13611,4533571,4534974,1403,mRNA
13612,4532243,4532386,143,mRNA
13613,4532103,4532180,77,mRNA
13614,4531353,4531970,617,mRNA
13615,4530832,4531053,221,mRNA
13616,4530531,4530713,182,mRNA
13617,4529792,4530277,485,mRNA
13618,4527296,4529728,2432,mRNA
13619,4526606,4527229,623,mRNA
13620,4526224,4526541,317,mRNA
13621,4518710,4520299,1589,mRNA
13622,4515397,4518588,3191,mRNA
13623,4513435,4513761,326,mRNA
13624,4513056,4513376,320,mRNA
13625,4512650,4512994,344,mRNA
13626,4512290,4512586,296,mRNA
13627,4511933,4512235,302,mRNA
13628,4511231,4511878,647,mRNA
13629,4510859,4511176,317,mRNA
13630,4510466,4510801,335,mRNA
13631,4509782,4510396,614,mRNA
13632,4509082,4509726,644,mRNA
13633,4508713,4509024,311,mRNA
13634,4508311,4508649,338,mRNA
13635,4507939,4508247,308,mRNA
13636,4506934,4507878,944,mRNA
13637,4506559,4506870,311,mRNA
13638,4506154,4506498,344,mRNA
13639,4505794,4506093,299,mRNA
13640,4504777,4505727,950,mRNA
13641,4504354,4504671,317,mRNA
13642,4503958,4504290,332,mRNA
13643,4503585,4503899,314,mRNA
13644,4503221,4503526,305,mRNA
13645,4502517,4503164,647,mRNA
13646,4502140,4502451,311,mRNA
13647,4501726,4502064,338,mRNA
13648,4500404,4501666,1262,mRNA
13649,4500025,4500339,314,mRNA
13650,4498362,4499960,1598,mRNA
13651,4497984,4498298,314,mRNA
13652,4497276,4497923,647,mRNA
13653,4496247,4497209,962,mRNA
13654,4488454,4489113,659,mRNA
13655,4487449,4488387,938,mRNA
13656,4485508,4487193,1685,mRNA
13657,4484948,4485148,200,mRNA
13658,4484692,4484886,194,mRNA
13659,4483635,4484630,995,mRNA
13660,4480334,4483561,3227,mRNA
13661,4479844,4480269,425,mRNA
13662,4479471,4479779,308,mRNA
13663,4591513,4591963,450,mRNA
13664,4574284,4574342,58,mRNA
13665,4570857,4571085,228,mRNA
13666,4570680,4570781,101,mRNA
13667,4570479,4570595,116,mRNA
13668,4563680,4564189,509,mRNA
13669,4563111,4563467,356,mRNA
13670,4555206,4562483,7277,mRNA
13671,4554351,4554659,308,mRNA
13672,4552397,4554205,1808,mRNA
13673,4552243,4552335,92,mRNA
13674,4548005,4548802,797,mRNA
13675,4540442,4546933,6491,mRNA
13676,4538913,4540356,1443,mRNA
13677,4535244,4538827,3583,mRNA
13678,4533571,4534974,1403,mRNA
13679,4532243,4532386,143,mRNA
13680,4532103,4532180,77,mRNA
13681,4531353,4531970,617,mRNA
13682,4530832,4531053,221,mRNA
13683,4530531,4530713,182,mRNA
13684,4529792,4530277,485,mRNA
13685,4527296,4529728,2432,mRNA
13686,4526606,4527229,623,mRNA
13687,4526224,4526541,317,mRNA
13688,4525604,4525927,323,mRNA
13689,4525087,4525404,317,mRNA
13690,4524691,4525023,332,mRNA
13691,4524298,4524624,326,mRNA
13692,4523752,4524069,317,mRNA
13693,4523031,4523357,326,mRNA
13694,4522641,4522964,323,mRNA
13695,4521813,4522442,629,mRNA
13696,4521417,4521755,338,mRNA
13697,4521043,4521351,308,mRNA
13698,4520377,4520703,326,mRNA
13699,4518710,4520299,1589,mRNA
13700,4515397,4518588,3191,mRNA
13701,4488454,4489113,659,mRNA
13702,4487449,4488387,938,mRNA
13703,4485508,4487193,1685,mRNA
13704,4484948,4485148,200,mRNA
13705,4484692,4484886,194,mRNA
13706,4483635,4484630,995,mRNA
13707,4480334,4483561,3227,mRNA
13708,4479844,4480269,425,mRNA
13709,4479471,4479779,308,mRNA
13710,4591513,4591963,450,mRNA
13711,4574284,4574342,58,mRNA
13712,4570857,4571085,228,mRNA
13713,4570680,4570781,101,mRNA
13714,4570479,4570595,116,mRNA
13715,4563680,4564189,509,mRNA
13716,4563111,4563467,356,mRNA
13717,4555206,4562483,7277,mRNA
13718,4554351,4554659,308,mRNA
13719,4552397,4554205,1808,mRNA
13720,4552243,4552335,92,mRNA
13721,4548005,4548802,797,mRNA
13722,4540442,4546933,6491,mRNA
13723,4538913,4540356,1443,mRNA
13724,4535244,4538827,3583,mRNA
13725,4533571,4534974,1403,mRNA
13726,4532243,4532386,143,mRNA
13727,4532103,4532180,77,mRNA
13728,4531353,4531970,617,mRNA
13729,4530832,4531053,221,mRNA
13730,4530531,4530713,182,mRNA
13731,4529792,4530277,485,mRNA
13732,4527296,4529728,2432,mRNA
13733,4526606,4527229,623,mRNA
13734,4526224,4526541,317,mRNA
13735,4525604,4525927,323,mRNA
13736,4525087,4525404,317,mRNA
13737,4524691,4525023,332,mRNA
13738,4524298,4524624,326,mRNA
13739,4523752,4524069,317,mRNA
13740,4523031,4523357,326,mRNA
13741,4522641,4522964,323,mRNA
13742,4521813,4522442,629,mRNA
13743,4521417,4521755,338,mRNA
13744,4521043,4521351,308,mRNA
13745,4520377,4520703,326,mRNA
13746,4518710,4520299,1589,mRNA
13747,4515397,4518588,3191,mRNA
13748,4505794,4506093,299,mRNA
13749,4504777,4505727,950,mRNA
13750,4504354,4504671,317,mRNA
13751,4503958,4504290,332,mRNA
13752,4503585,4503899,314,mRNA
13753,4503221,4503526,305,mRNA
13754,4502517,4503164,647,mRNA
13755,4502140,4502451,311,mRNA
13756,4501726,4502064,338,mRNA
13757,4500404,4501666,1262,mRNA
13758,4500025,4500339,314,mRNA
13759,4498362,4499960,1598,mRNA
13760,4497984,4498298,314,mRNA
13761,4497276,4497923,647,mRNA
13762,4496247,4497209,962,mRNA
13763,4494171,4496159,1988,mRNA
13764,4493799,4494104,305,mRNA
13765,4490376,4493720,3344,mRNA
13766,4489668,4490318,650,mRNA
13767,4488454,4489113,659,mRNA
13768,4487449,4488387,938,mRNA
13769,4485508,4487193,1685,mRNA
13770,4484948,4485148,200,mRNA
13771,4484692,4484886,194,mRNA
13772,4483635,4484630,995,mRNA
13773,4480334,4483561,3227,mRNA
13774,4479844,4480269,425,mRNA
13775,4479471,4479779,308,mRNA
13776,4574284,4574337,53,CDS
13777,4570857,4571085,228,CDS
13778,4570680,4570781,101,CDS
13779,4570479,4570595,116,CDS
13780,4563680,4564189,509,CDS
13781,4554351,4554659,308,CDS
13782,4552397,4554205,1808,CDS
13783,4552243,4552335,92,CDS
13784,4548005,4548802,797,CDS
13785,4532243,4532386,143,CDS
13786,4532103,4532180,77,CDS
13787,4530832,4531053,221,CDS
13788,4530531,4530713,182,CDS
13789,4529792,4530277,485,CDS
13790,4527296,4529728,2432,CDS
13791,4526606,4527229,623,CDS
13792,4526224,4526541,317,CDS
13793,4525604,4525927,323,CDS
13794,4525087,4525404,317,CDS
13795,4524691,4525023,332,CDS
13796,4524298,4524624,326,CDS
13797,4523752,4524069,317,CDS
13798,4523031,4523357,326,CDS
13799,4522641,4522964,323,CDS
13800,4521813,4522442,629,CDS
13801,4521417,4521755,338,CDS
13802,4521043,4521351,308,CDS
13803,4520377,4520703,326,CDS
13804,4518710,4520299,1589,CDS
13805,4515397,4518588,3191,CDS
13806,4488454,4489113,659,CDS
13807,4487449,4488387,938,CDS
13808,4485508,4487193,1685,CDS
13809,4484948,4485148,200,CDS
13810,4484692,4484886,194,CDS
13811,4483635,4484630,995,CDS
13812,4480334,4483561,3227,CDS
13813,4479844,4480269,425,CDS
13814,4479538,4479779,241,CDS
13815,4574284,4574337,53,CDS
13816,4570857,4571085,228,CDS
13817,4570680,4570781,101,CDS
13818,4570479,4570595,116,CDS
13819,4563680,4564189,509,CDS
13820,4554351,4554659,308,CDS
13821,4552397,4554205,1808,CDS
13822,4552243,4552335,92,CDS
13823,4548005,4548802,797,CDS
13824,4540442,4546933,6491,CDS
13825,4538913,4540356,1443,CDS
13826,4535244,4538827,3583,CDS
13827,4533571,4534974,1403,CDS
13828,4532243,4532386,143,CDS
13829,4532103,4532180,77,CDS
13830,4531353,4531970,617,CDS
13831,4530832,4531053,221,CDS
13832,4530531,4530713,182,CDS
13833,4529792,4530277,485,CDS
13834,4527296,4529728,2432,CDS
13835,4526606,4527229,623,CDS
13836,4526224,4526541,317,CDS
13837,4525604,4525927,323,CDS
13838,4525087,4525404,317,CDS
13839,4524691,4525023,332,CDS
13840,4524298,4524624,326,CDS
13841,4523752,4524069,317,CDS
13842,4523031,4523357,326,CDS
13843,4522641,4522964,323,CDS
13844,4521813,4522442,629,CDS
13845,4521417,4521755,338,CDS
13846,4521043,4521351,308,CDS
13847,4520377,4520703,326,CDS
13848,4518710,4520299,1589,CDS
13849,4515397,4518588,3191,CDS
13850,4513435,4513761,326,CDS
13851,4513056,4513376,320,CDS
13852,4512650,4512994,344,CDS
13853,4512290,4512586,296,CDS
13854,4511933,4512235,302,CDS
13855,4511231,4511878,647,CDS
13856,4510859,4511176,317,CDS
13857,4510466,4510801,335,CDS
13858,4509782,4510396,614,CDS
13859,4509082,4509726,644,CDS
13860,4508713,4509024,311,CDS
13861,4508311,4508649,338,CDS
13862,4507939,4508247,308,CDS
13863,4506934,4507878,944,CDS
13864,4506559,4506870,311,CDS
13865,4506154,4506498,344,CDS
13866,4505794,4506093,299,CDS
13867,4504777,4505727,950,CDS
13868,4504354,4504671,317,CDS
13869,4503958,4504290,332,CDS
13870,4503585,4503899,314,CDS
13871,4503221,4503526,305,CDS
13872,4502517,4503164,647,CDS
13873,4502140,4502451,311,CDS
13874,4501726,4502064,338,CDS
13875,4500404,4501666,1262,CDS
13876,4500025,4500339,314,CDS
13877,4498362,4499960,1598,CDS
13878,4497984,4498298,314,CDS
13879,4497276,4497923,647,CDS
13880,4496247,4497209,962,CDS
13881,4494171,4496159,1988,CDS
13882,4493799,4494104,305,CDS
13883,4490376,4493720,3344,CDS
13884,4489668,4490318,650,CDS
13885,4488454,4489113,659,CDS
13886,4487449,4488387,938,CDS
13887,4485508,4487193,1685,CDS
13888,4484948,4485148,200,CDS
13889,4484692,4484886,194,CDS
13890,4483635,4484630,995,CDS
13891,4480334,4483561,3227,CDS
13892,4479844,4480269,425,CDS
13893,4479538,4479779,241,CDS
13894,4574284,4574337,53,CDS
13895,4570857,4571085,228,CDS
13896,4570680,4570781,101,CDS
13897,4570479,4570595,116,CDS
13898,4563680,4564189,509,CDS
13899,4555206,4562483,7277,CDS
13900,4554351,4554659,308,CDS
13901,4552397,4554205,1808,CDS
13902,4552243,4552335,92,CDS
13903,4548005,4548802,797,CDS
13904,4540442,4546933,6491,CDS
13905,4538913,4540356,1443,CDS
13906,4535244,4538827,3583,CDS
13907,4533571,4534974,1403,CDS
13908,4532243,4532386,143,CDS
13909,4532103,4532180,77,CDS
13910,4531353,4531970,617,CDS
13911,4530832,4531053,221,CDS
13912,4530531,4530713,182,CDS
13913,4529792,4530277,485,CDS
13914,4527296,4529728,2432,CDS
13915,4526606,4527229,623,CDS
13916,4526224,4526541,317,CDS
13917,4525604,4525927,323,CDS
13918,4525087,4525404,317,CDS
13919,4524691,4525023,332,CDS
13920,4524298,4524624,326,CDS
13921,4523752,4524069,317,CDS
13922,4523031,4523357,326,CDS
13923,4522641,4522964,323,CDS
13924,4521813,4522442,629,CDS
13925,4521417,4521755,338,CDS
13926,4521043,4521351,308,CDS
13927,4520377,4520703,326,CDS
13928,4518710,4520299,1589,CDS
13929,4515397,4518588,3191,CDS
13930,4513435,4513761,326,CDS
13931,4513056,4513376,320,CDS
13932,4512650,4512994,344,CDS
13933,4512290,4512586,296,CDS
13934,4511933,4512235,302,CDS
13935,4511231,4511878,647,CDS
13936,4510859,4511176,317,CDS
13937,4510466,4510801,335,CDS
13938,4509782,4510396,614,CDS
13939,4509082,4509726,644,CDS
13940,4508713,4509024,311,CDS
13941,4508311,4508649,338,CDS
13942,4507939,4508247,308,CDS
13943,4506934,4507878,944,CDS
13944,4506559,4506870,311,CDS
13945,4506154,4506498,344,CDS
13946,4505794,4506093,299,CDS
13947,4504777,4505727,950,CDS
13948,4504354,4504671,317,CDS
13949,4503958,4504290,332,CDS
13950,4503585,4503899,314,CDS
13951,4503221,4503526,305,CDS
13952,4502517,4503164,647,CDS
13953,4502140,4502451,311,CDS
13954,4501726,4502064,338,CDS
13955,4500404,4501666,1262,CDS
13956,4500025,4500339,314,CDS
13957,4498362,4499960,1598,CDS
13958,4497984,4498298,314,CDS
13959,4497276,4497923,647,CDS
13960,4496247,4497209,962,CDS
13961,4494171,4496159,1988,CDS
13962,4493799,4494104,305,CDS
13963,4490376,4493720,3344,CDS
13964,4489668,4490318,650,CDS
13965,4488454,4489113,659,CDS
13966,4487449,4488387,938,CDS
13967,4485508,4487193,1685,CDS
13968,4484948,4485148,200,CDS
13969,4484692,4484886,194,CDS
13970,4483635,4484630,995,CDS
13971,4480334,4483561,3227,CDS
13972,4479844,4480269,425,CDS
13973,4479538,4479779,241,CDS
13974,4574284,4574337,53,CDS
13975,4570857,4571085,228,CDS
13976,4570680,4570781,101,CDS
13977,4570479,4570595,116,CDS
13978,4563680,4564189,509,CDS
13979,4563111,4563467,356,CDS
13980,4555206,4562483,7277,CDS
13981,4554351,4554659,308,CDS
13982,4552397,4554205,1808,CDS
13983,4552243,4552335,92,CDS
13984,4532243,4532386,143,CDS
13985,4532103,4532180,77,CDS
13986,4530531,4530713,182,CDS
13987,4529792,4530277,485,CDS
13988,4527296,4529728,2432,CDS
13989,4526606,4527229,623,CDS
13990,4526224,4526541,317,CDS
13991,4525604,4525927,323,CDS
13992,4525087,4525404,317,CDS
13993,4524691,4525023,332,CDS
13994,4524298,4524624,326,CDS
13995,4523752,4524069,317,CDS
13996,4523031,4523357,326,CDS
13997,4522641,4522964,323,CDS
13998,4521813,4522442,629,CDS
13999,4521417,4521755,338,CDS
14000,4521043,4521351,308,CDS
14001,4520377,4520703,326,CDS
14002,4518710,4520299,1589,CDS
14003,4515397,4518588,3191,CDS
14004,4513435,4513761,326,CDS
14005,4513056,4513376,320,CDS
14006,4512650,4512994,344,CDS
14007,4512290,4512586,296,CDS
14008,4511933,4512235,302,CDS
14009,4511231,4511878,647,CDS
14010,4510859,4511176,317,CDS
14011,4510466,4510801,335,CDS
14012,4509782,4510396,614,CDS
14013,4509082,4509726,644,CDS
14014,4508713,4509024,311,CDS
14015,4508311,4508649,338,CDS
14016,4507939,4508247,308,CDS
14017,4506934,4507878,944,CDS
14018,4506559,4506870,311,CDS
14019,4506154,4506498,344,CDS
14020,4505794,4506093,299,CDS
14021,4504777,4505727,950,CDS
14022,4504354,4504671,317,CDS
14023,4503958,4504290,332,CDS
14024,4503585,4503899,314,CDS
14025,4503221,4503526,305,CDS
14026,4502517,4503164,647,CDS
14027,4502140,4502451,311,CDS
14028,4501726,4502064,338,CDS
14029,4500404,4501666,1262,CDS
14030,4500025,4500339,314,CDS
14031,4498362,4499960,1598,CDS
14032,4497984,4498298,314,CDS
14033,4497276,4497923,647,CDS
14034,4496247,4497209,962,CDS
14035,4488454,4489113,659,CDS
14036,4487449,4488387,938,CDS
14037,4485508,4487193,1685,CDS
14038,4484948,4485148,200,CDS
14039,4484692,4484886,194,CDS
14040,4483635,4484630,995,CDS
14041,4480334,4483561,3227,CDS
14042,4479844,4480269,425,CDS
14043,4479538,4479779,241,CDS
14044,4574284,4574337,53,CDS
14045,4570857,4571085,228,CDS
14046,4570680,4570781,101,CDS
14047,4570479,4570595,116,CDS
14048,4563680,4564189,509,CDS
14049,4563111,4563467,356,CDS
14050,4555206,4562483,7277,CDS
14051,4554351,4554659,308,CDS
14052,4552397,4554205,1808,CDS
14053,4552243,4552335,92,CDS
14054,4532243,4532386,143,CDS
14055,4532103,4532180,77,CDS
14056,4530531,4530713,182,CDS
14057,4529792,4530277,485,CDS
14058,4527296,4529728,2432,CDS
14059,4526606,4527229,623,CDS
14060,4526224,4526541,317,CDS
14061,4525604,4525927,323,CDS
14062,4525087,4525404,317,CDS
14063,4524691,4525023,332,CDS
14064,4524298,4524624,326,CDS
14065,4523752,4524069,317,CDS
14066,4523031,4523357,326,CDS
14067,4522641,4522964,323,CDS
14068,4521813,4522442,629,CDS
14069,4521417,4521755,338,CDS
14070,4521043,4521351,308,CDS
14071,4520377,4520703,326,CDS
14072,4518710,4520299,1589,CDS
14073,4515397,4518588,3191,CDS
14074,4513435,4513761,326,CDS
14075,4513056,4513376,320,CDS
14076,4512650,4512994,344,CDS
14077,4512290,4512586,296,CDS
14078,4511933,4512235,302,CDS
14079,4511231,4511878,647,CDS
14080,4510859,4511176,317,CDS
14081,4510466,4510801,335,CDS
14082,4509782,4510396,614,CDS
14083,4509082,4509726,644,CDS
14084,4508713,4509024,311,CDS
14085,4508311,4508649,338,CDS
14086,4507939,4508247,308,CDS
14087,4506934,4507878,944,CDS
14088,4506559,4506870,311,CDS
14089,4506154,4506498,344,CDS
14090,4505794,4506093,299,CDS
14091,4504777,4505727,950,CDS
14092,4504354,4504671,317,CDS
14093,4503958,4504290,332,CDS
14094,4503585,4503899,314,CDS
14095,4503221,4503526,305,CDS
14096,4502517,4503164,647,CDS
14097,4502140,4502451,311,CDS
14098,4501726,4502064,338,CDS
14099,4500404,4501666,1262,CDS
14100,4500025,4500339,314,CDS
14101,4498362,4499960,1598,CDS
14102,4497984,4498298,314,CDS
14103,4497276,4497923,647,CDS
14104,4496247,4497209,962,CDS
14105,4494171,4496159,1988,CDS
14106,4493799,4494104,305,CDS
14107,4490376,4493720,3344,CDS
14108,4489668,4490318,650,CDS
14109,4488454,4489113,659,CDS
14110,4487449,4488387,938,CDS
14111,4485508,4487193,1685,CDS
14112,4484948,4485148,200,CDS
14113,4484692,4484886,194,CDS
14114,4483635,4484630,995,CDS
14115,4480334,4483561,3227,CDS
14116,4479844,4480269,425,CDS
14117,4479538,4479779,241,CDS
14118,4574284,4574337,53,CDS
14119,4570857,4571085,228,CDS
14120,4570680,4570781,101,CDS
14121,4570479,4570595,116,CDS
14122,4563680,4564189,509,CDS
14123,4563111,4563467,356,CDS
14124,4555206,4562483,7277,CDS
14125,4554351,4554659,308,CDS
14126,4552397,4554205,1808,CDS
14127,4552243,4552335,92,CDS
14128,4548005,4548802,797,CDS
14129,4532243,4532386,143,CDS
14130,4532103,4532180,77,CDS
14131,4531353,4531970,617,CDS
14132,4530832,4531053,221,CDS
14133,4530531,4530713,182,CDS
14134,4529792,4530277,485,CDS
14135,4527296,4529728,2432,CDS
14136,4526606,4527229,623,CDS
14137,4526224,4526541,317,CDS
14138,4525604,4525927,323,CDS
14139,4525087,4525404,317,CDS
14140,4524691,4525023,332,CDS
14141,4524298,4524624,326,CDS
14142,4523752,4524069,317,CDS
14143,4523031,4523357,326,CDS
14144,4522641,4522964,323,CDS
14145,4521813,4522442,629,CDS
14146,4521417,4521755,338,CDS
14147,4521043,4521351,308,CDS
14148,4520377,4520703,326,CDS
14149,4518710,4520299,1589,CDS
14150,4515397,4518588,3191,CDS
14151,4513435,4513761,326,CDS
14152,4513056,4513376,320,CDS
14153,4512650,4512994,344,CDS
14154,4512290,4512586,296,CDS
14155,4511933,4512235,302,CDS
14156,4511231,4511878,647,CDS
14157,4510859,4511176,317,CDS
14158,4510466,4510801,335,CDS
14159,4509782,4510396,614,CDS
14160,4509082,4509726,644,CDS
14161,4508713,4509024,311,CDS
14162,4508311,4508649,338,CDS
14163,4507939,4508247,308,CDS
14164,4506934,4507878,944,CDS
14165,4506559,4506870,311,CDS
14166,4506154,4506498,344,CDS
14167,4505794,4506093,299,CDS
14168,4504777,4505727,950,CDS
14169,4504354,4504671,317,CDS
14170,4503958,4504290,332,CDS
14171,4503585,4503899,314,CDS
14172,4503221,4503526,305,CDS
14173,4502517,4503164,647,CDS
14174,4502140,4502451,311,CDS
14175,4501726,4502064,338,CDS
14176,4500404,4501666,1262,CDS
14177,4500025,4500339,314,CDS
14178,4498362,4499960,1598,CDS
14179,4497984,4498298,314,CDS
14180,4497276,4497923,647,CDS
14181,4496247,4497209,962,CDS
14182,4494171,4496159,1988,CDS
14183,4493799,4494104,305,CDS
14184,4490376,4493720,3344,CDS
14185,4489668,4490318,650,CDS
14186,4488454,4489113,659,CDS
14187,4487449,4488387,938,CDS
14188,4485508,4487193,1685,CDS
14189,4484948,4485148,200,CDS
14190,4484692,4484886,194,CDS
14191,4483635,4484630,995,CDS
14192,4480334,4483561,3227,CDS
14193,4479844,4480269,425,CDS
14194,4479538,4479779,241,CDS
14195,4574284,4574337,53,CDS
14196,4570857,4571085,228,CDS
14197,4570680,4570781,101,CDS
14198,4570479,4570595,116,CDS
14199,4563680,4564189,509,CDS
14200,4563111,4563467,356,CDS
14201,4555206,4562483,7277,CDS
14202,4554351,4554659,308,CDS
14203,4552397,4554205,1808,CDS
14204,4552243,4552335,92,CDS
14205,4548005,4548802,797,CDS
14206,4540442,4546933,6491,CDS
14207,4538913,4540356,1443,CDS
14208,4535244,4538827,3583,CDS
14209,4533571,4534974,1403,CDS
14210,4532243,4532386,143,CDS
14211,4532103,4532180,77,CDS
14212,4530531,4530713,182,CDS
14213,4529792,4530277,485,CDS
14214,4527296,4529728,2432,CDS
14215,4526606,4527229,623,CDS
14216,4526224,4526541,317,CDS
14217,4525604,4525927,323,CDS
14218,4525087,4525404,317,CDS
14219,4524691,4525023,332,CDS
14220,4524298,4524624,326,CDS
14221,4523752,4524069,317,CDS
14222,4523031,4523357,326,CDS
14223,4522641,4522964,323,CDS
14224,4521813,4522442,629,CDS
14225,4521417,4521755,338,CDS
14226,4521043,4521351,308,CDS
14227,4520377,4520703,326,CDS
14228,4518710,4520299,1589,CDS
14229,4515397,4518588,3191,CDS
14230,4485508,4487193,1685,CDS
14231,4484948,4485148,200,CDS
14232,4484692,4484886,194,CDS
14233,4483635,4484630,995,CDS
14234,4480334,4483561,3227,CDS
14235,4479844,4480269,425,CDS
14236,4479538,4479779,241,CDS
14237,4574284,4574337,53,CDS
14238,4570857,4571085,228,CDS
14239,4570680,4570781,101,CDS
14240,4570479,4570595,116,CDS
14241,4563680,4564189,509,CDS
14242,4563111,4563467,356,CDS
14243,4555206,4562483,7277,CDS
14244,4554351,4554659,308,CDS
14245,4552397,4554205,1808,CDS
14246,4552243,4552335,92,CDS
14247,4548005,4548802,797,CDS
14248,4540442,4546933,6491,CDS
14249,4538913,4540356,1443,CDS
14250,4535244,4538827,3583,CDS
14251,4533571,4534974,1403,CDS
14252,4532243,4532386,143,CDS
14253,4532103,4532180,77,CDS
14254,4530531,4530713,182,CDS
14255,4529792,4530277,485,CDS
14256,4527296,4529728,2432,CDS
14257,4526606,4527229,623,CDS
14258,4526224,4526541,317,CDS
14259,4525604,4525927,323,CDS
14260,4525087,4525404,317,CDS
14261,4524691,4525023,332,CDS
14262,4524298,4524624,326,CDS
14263,4523752,4524069,317,CDS
14264,4523031,4523357,326,CDS
14265,4522641,4522964,323,CDS
14266,4521813,4522442,629,CDS
14267,4521417,4521755,338,CDS
14268,4521043,4521351,308,CDS
14269,4520377,4520703,326,CDS
14270,4518710,4520299,1589,CDS
14271,4515397,4518588,3191,CDS
14272,4513435,4513761,326,CDS
14273,4513056,4513376,320,CDS
14274,4512650,4512994,344,CDS
14275,4512290,4512586,296,CDS
14276,4511933,4512235,302,CDS
14277,4511231,4511878,647,CDS
14278,4510859,4511176,317,CDS
14279,4510466,4510801,335,CDS
14280,4509782,4510396,614,CDS
14281,4509082,4509726,644,CDS
14282,4508713,4509024,311,CDS
14283,4508311,4508649,338,CDS
14284,4507939,4508247,308,CDS
14285,4506934,4507878,944,CDS
14286,4506559,4506870,311,CDS
14287,4506154,4506498,344,CDS
14288,4505794,4506093,299,CDS
14289,4504777,4505727,950,CDS
14290,4488454,4489113,659,CDS
14291,4487449,4488387,938,CDS
14292,4485508,4487193,1685,CDS
14293,4484948,4485148,200,CDS
14294,4484692,4484886,194,CDS
14295,4483635,4484630,995,CDS
14296,4480334,4483561,3227,CDS
14297,4479844,4480269,425,CDS
14298,4479538,4479779,241,CDS
14299,4574284,4574337,53,CDS
14300,4570857,4571085,228,CDS
14301,4570680,4570781,101,CDS
14302,4570479,4570595,116,CDS
14303,4563680,4564189,509,CDS
14304,4563111,4563467,356,CDS
14305,4555206,4562483,7277,CDS
14306,4554351,4554659,308,CDS
14307,4552397,4554205,1808,CDS
14308,4552243,4552335,92,CDS
14309,4548005,4548802,797,CDS
14310,4540442,4546933,6491,CDS
14311,4538913,4540356,1443,CDS
14312,4535244,4538827,3583,CDS
14313,4533571,4534974,1403,CDS
14314,4532243,4532386,143,CDS
14315,4532103,4532180,77,CDS
14316,4530832,4531053,221,CDS
14317,4530531,4530713,182,CDS
14318,4529792,4530277,485,CDS
14319,4527296,4529728,2432,CDS
14320,4526606,4527229,623,CDS
14321,4526224,4526541,317,CDS
14322,4525604,4525927,323,CDS
14323,4525087,4525404,317,CDS
14324,4524691,4525023,332,CDS
14325,4524298,4524624,326,CDS
14326,4523752,4524069,317,CDS
14327,4523031,4523357,326,CDS
14328,4522641,4522964,323,CDS
14329,4521813,4522442,629,CDS
14330,4521417,4521755,338,CDS
14331,4521043,4521351,308,CDS
14332,4520377,4520703,326,CDS
14333,4518710,4520299,1589,CDS
14334,4515397,4518588,3191,CDS
14335,4513435,4513761,326,CDS
14336,4513056,4513376,320,CDS
14337,4512650,4512994,344,CDS
14338,4512290,4512586,296,CDS
14339,4511933,4512235,302,CDS
14340,4511231,4511878,647,CDS
14341,4510859,4511176,317,CDS
14342,4510466,4510801,335,CDS
14343,4509782,4510396,614,CDS
14344,4509082,4509726,644,CDS
14345,4508713,4509024,311,CDS
14346,4508311,4508649,338,CDS
14347,4507939,4508247,308,CDS
14348,4506934,4507878,944,CDS
14349,4506559,4506870,311,CDS
14350,4506154,4506498,344,CDS
14351,4505794,4506093,299,CDS
14352,4504777,4505727,950,CDS
14353,4504354,4504671,317,CDS
14354,4503958,4504290,332,CDS
14355,4503585,4503899,314,CDS
14356,4503221,4503526,305,CDS
14357,4502517,4503164,647,CDS
14358,4502140,4502451,311,CDS
14359,4501726,4502064,338,CDS
14360,4500404,4501666,1262,CDS
14361,4500025,4500339,314,CDS
14362,4498362,4499960,1598,CDS
14363,4497984,4498298,314,CDS
14364,4497276,4497923,647,CDS
14365,4496247,4497209,962,CDS
14366,4494171,4496159,1988,CDS
14367,4493799,4494104,305,CDS
14368,4490376,4493720,3344,CDS
14369,4489668,4490318,650,CDS
14370,4488454,4489113,659,CDS
14371,4487449,4488387,938,CDS
14372,4485508,4487193,1685,CDS
14373,4484948,4485148,200,CDS
14374,4484692,4484886,194,CDS
14375,4483635,4484630,995,CDS
14376,4480334,4483561,3227,CDS
14377,4479844,4480269,425,CDS
14378,4479538,4479779,241,CDS
14379,4574284,4574337,53,CDS
14380,4570857,4571085,228,CDS
14381,4570680,4570781,101,CDS
14382,4570479,4570595,116,CDS
14383,4563680,4564189,509,CDS
14384,4563111,4563467,356,CDS
14385,4555206,4562483,7277,CDS
14386,4554351,4554659,308,CDS
14387,4552397,4554205,1808,CDS
14388,4552243,4552335,92,CDS
14389,4548005,4548802,797,CDS
14390,4540442,4546933,6491,CDS
14391,4538913,4540356,1443,CDS
14392,4535244,4538827,3583,CDS
14393,4533571,4534974,1403,CDS
14394,4532243,4532386,143,CDS
14395,4532103,4532180,77,CDS
14396,4531353,4531970,617,CDS
14397,4530832,4531053,221,CDS
14398,4530531,4530713,182,CDS
14399,4529792,4530277,485,CDS
14400,4527296,4529728,2432,CDS
14401,4526606,4527229,623,CDS
14402,4526224,4526541,317,CDS
14403,4518710,4520299,1589,CDS
14404,4515397,4518588,3191,CDS
14405,4513435,4513761,326,CDS
14406,4513056,4513376,320,CDS
14407,4512650,4512994,344,CDS
14408,4512290,4512586,296,CDS
14409,4511933,4512235,302,CDS
14410,4511231,4511878,647,CDS
14411,4510859,4511176,317,CDS
14412,4510466,4510801,335,CDS
14413,4509782,4510396,614,CDS
14414,4509082,4509726,644,CDS
14415,4508713,4509024,311,CDS
14416,4508311,4508649,338,CDS
14417,4507939,4508247,308,CDS
14418,4506934,4507878,944,CDS
14419,4506559,4506870,311,CDS
14420,4506154,4506498,344,CDS
14421,4505794,4506093,299,CDS
14422,4504777,4505727,950,CDS
14423,4504354,4504671,317,CDS
14424,4503958,4504290,332,CDS
14425,4503585,4503899,314,CDS
14426,4503221,4503526,305,CDS
14427,4502517,4503164,647,CDS
14428,4502140,4502451,311,CDS
14429,4501726,4502064,338,CDS
14430,4500404,4501666,1262,CDS
14431,4500025,4500339,314,CDS
14432,4498362,4499960,1598,CDS
14433,4497984,4498298,314,CDS
14434,4497276,4497923,647,CDS
14435,4496247,4497209,962,CDS
14436,4488454,4489113,659,CDS
14437,4487449,4488387,938,CDS
14438,4485508,4487193,1685,CDS
14439,4484948,4485148,200,CDS
14440,4484692,4484886,194,CDS
14441,4483635,4484630,995,CDS
14442,4480334,4483561,3227,CDS
14443,4479844,4480269,425,CDS
14444,4479538,4479779,241,CDS
14445,4574284,4574337,53,CDS
14446,4570857,4571085,228,CDS
14447,4570680,4570781,101,CDS
14448,4570479,4570595,116,CDS
14449,4563680,4564189,509,CDS
14450,4563111,4563467,356,CDS
14451,4555206,4562483,7277,CDS
14452,4554351,4554659,308,CDS
14453,4552397,4554205,1808,CDS
14454,4552243,4552335,92,CDS
14455,4548005,4548802,797,CDS
14456,4540442,4546933,6491,CDS
14457,4538913,4540356,1443,CDS
14458,4535244,4538827,3583,CDS
14459,4533571,4534974,1403,CDS
14460,4532243,4532386,143,CDS
14461,4532103,4532180,77,CDS
14462,4531353,4531970,617,CDS
14463,4530832,4531053,221,CDS
14464,4530531,4530713,182,CDS
14465,4529792,4530277,485,CDS
14466,4527296,4529728,2432,CDS
14467,4526606,4527229,623,CDS
14468,4526224,4526541,317,CDS
14469,4518710,4520299,1589,CDS
14470,4515397,4518588,3191,CDS
14471,4513435,4513761,326,CDS
14472,4513056,4513376,320,CDS
14473,4512650,4512994,344,CDS
14474,4512290,4512586,296,CDS
14475,4511933,4512235,302,CDS
14476,4511231,4511878,647,CDS
14477,4510859,4511176,317,CDS
14478,4510466,4510801,335,CDS
14479,4509782,4510396,614,CDS
14480,4509082,4509726,644,CDS
14481,4508713,4509024,311,CDS
14482,4508311,4508649,338,CDS
14483,4507939,4508247,308,CDS
14484,4506934,4507878,944,CDS
14485,4506559,4506870,311,CDS
14486,4506154,4506498,344,CDS
14487,4505794,4506093,299,CDS
14488,4504777,4505727,950,CDS
14489,4504354,4504671,317,CDS
14490,4503958,4504290,332,CDS
14491,4503585,4503899,314,CDS
14492,4503221,4503526,305,CDS
14493,4502517,4503164,647,CDS
14494,4502140,4502451,311,CDS
14495,4501726,4502064,338,CDS
14496,4500404,4501666,1262,CDS
14497,4500025,4500339,314,CDS
14498,4498362,4499960,1598,CDS
14499,4497984,4498298,314,CDS
14500,4497276,4497923,647,CDS
14501,4496247,4497209,962,CDS
14502,4494171,4496159,1988,CDS
14503,4493799,4494104,305,CDS
14504,4490376,4493720,3344,CDS
14505,4489668,4490318,650,CDS
14506,4488454,4489113,659,CDS
14507,4487449,4488387,938,CDS
14508,4485508,4487193,1685,CDS
14509,4484948,4485148,200,CDS
14510,4484692,4484886,194,CDS
14511,4483635,4484630,995,CDS
14512,4480334,4483561,3227,CDS
14513,4479844,4480269,425,CDS
14514,4479538,4479779,241,CDS
14515,4574284,4574337,53,CDS
14516,4570857,4571085,228,CDS
14517,4570680,4570781,101,CDS
14518,4570479,4570595,116,CDS
14519,4563680,4564189,509,CDS
14520,4563111,4563467,356,CDS
14521,4555206,4562483,7277,CDS
14522,4554351,4554659,308,CDS
14523,4552397,4554205,1808,CDS
14524,4552243,4552335,92,CDS
14525,4548005,4548802,797,CDS
14526,4540442,4546933,6491,CDS
14527,4538913,4540356,1443,CDS
14528,4535244,4538827,3583,CDS
14529,4533571,4534974,1403,CDS
14530,4532243,4532386,143,CDS
14531,4532103,4532180,77,CDS
14532,4531353,4531970,617,CDS
14533,4530832,4531053,221,CDS
14534,4530531,4530713,182,CDS
14535,4529792,4530277,485,CDS
14536,4527296,4529728,2432,CDS
14537,4526606,4527229,623,CDS
14538,4526224,4526541,317,CDS
14539,4522641,4522964,323,CDS
14540,4521813,4522442,629,CDS
14541,4521417,4521755,338,CDS
14542,4521043,4521351,308,CDS
14543,4520377,4520703,326,CDS
14544,4518710,4520299,1589,CDS
14545,4515397,4518588,3191,CDS
14546,4513435,4513761,326,CDS
14547,4513056,4513376,320,CDS
14548,4512650,4512994,344,CDS
14549,4512290,4512586,296,CDS
14550,4511933,4512235,302,CDS
14551,4511231,4511878,647,CDS
14552,4510859,4511176,317,CDS
14553,4510466,4510801,335,CDS
14554,4509782,4510396,614,CDS
14555,4509082,4509726,644,CDS
14556,4508713,4509024,311,CDS
14557,4508311,4508649,338,CDS
14558,4507939,4508247,308,CDS
14559,4506934,4507878,944,CDS
14560,4506559,4506870,311,CDS
14561,4506154,4506498,344,CDS
14562,4505794,4506093,299,CDS
14563,4504777,4505727,950,CDS
14564,4504354,4504671,317,CDS
14565,4503958,4504290,332,CDS
14566,4503585,4503899,314,CDS
14567,4503221,4503526,305,CDS
14568,4502517,4503164,647,CDS
14569,4502140,4502451,311,CDS
14570,4501726,4502064,338,CDS
14571,4500404,4501666,1262,CDS
14572,4500025,4500339,314,CDS
14573,4498362,4499960,1598,CDS
14574,4497984,4498298,314,CDS
14575,4497276,4497923,647,CDS
14576,4496247,4497209,962,CDS
14577,4494171,4496159,1988,CDS
14578,4493799,4494104,305,CDS
14579,4490376,4493720,3344,CDS
14580,4489668,4490318,650,CDS
14581,4488454,4489113,659,CDS
14582,4487449,4488387,938,CDS
14583,4485508,4487193,1685,CDS
14584,4484948,4485148,200,CDS
14585,4484692,4484886,194,CDS
14586,4483635,4484630,995,CDS
14587,4480334,4483561,3227,CDS
14588,4479844,4480269,425,CDS
14589,4479538,4479779,241,CDS
14590,4574284,4574337,53,CDS
14591,4570857,4571085,228,CDS
14592,4570680,4570781,101,CDS
14593,4570479,4570595,116,CDS
14594,4563680,4564189,509,CDS
14595,4563111,4563467,356,CDS
14596,4555206,4562483,7277,CDS
14597,4554351,4554659,308,CDS
14598,4552397,4554205,1808,CDS
14599,4552243,4552335,92,CDS
14600,4548005,4548802,797,CDS
14601,4540442,4546933,6491,CDS
14602,4538913,4540356,1443,CDS
14603,4535244,4538827,3583,CDS
14604,4533571,4534974,1403,CDS
14605,4532243,4532386,143,CDS
14606,4532103,4532180,77,CDS
14607,4531353,4531970,617,CDS
14608,4530832,4531053,221,CDS
14609,4530531,4530713,182,CDS
14610,4529792,4530277,485,CDS
14611,4527296,4529728,2432,CDS
14612,4526606,4527229,623,CDS
14613,4526224,4526541,317,CDS
14614,4525604,4525927,323,CDS
14615,4525087,4525404,317,CDS
14616,4524691,4525023,332,CDS
14617,4524298,4524624,326,CDS
14618,4523752,4524069,317,CDS
14619,4523031,4523357,326,CDS
14620,4522641,4522964,323,CDS
14621,4521813,4522442,629,CDS
14622,4521417,4521755,338,CDS
14623,4521043,4521351,308,CDS
14624,4520377,4520703,326,CDS
14625,4518710,4520299,1589,CDS
14626,4515397,4518588,3191,CDS
14627,4485508,4487193,1685,CDS
14628,4484948,4485148,200,CDS
14629,4484692,4484886,194,CDS
14630,4483635,4484630,995,CDS
14631,4480334,4483561,3227,CDS
14632,4479844,4480269,425,CDS
14633,4479538,4479779,241,CDS
14634,4574284,4574337,53,CDS
14635,4570857,4571085,228,CDS
14636,4570680,4570781,101,CDS
14637,4570479,4570595,116,CDS
14638,4563680,4564189,509,CDS
14639,4563111,4563467,356,CDS
14640,4555206,4562483,7277,CDS
14641,4554351,4554659,308,CDS
14642,4552397,4554205,1808,CDS
14643,4552243,4552335,92,CDS
14644,4548005,4548802,797,CDS
14645,4540442,4546933,6491,CDS
14646,4538913,4540356,1443,CDS
14647,4535244,4538827,3583,CDS
14648,4533571,4534974,1403,CDS
14649,4532243,4532386,143,CDS
14650,4532103,4532180,77,CDS
14651,4531353,4531970,617,CDS
14652,4530832,4531053,221,CDS
14653,4530531,4530713,182,CDS
14654,4529792,4530277,485,CDS
14655,4527296,4529728,2432,CDS
14656,4526606,4527229,623,CDS
14657,4526224,4526541,317,CDS
14658,4525604,4525927,323,CDS
14659,4525087,4525404,317,CDS
14660,4524691,4525023,332,CDS
14661,4524298,4524624,326,CDS
14662,4523752,4524069,317,CDS
14663,4523031,4523357,326,CDS
14664,4522641,4522964,323,CDS
14665,4521813,4522442,629,CDS
14666,4521417,4521755,338,CDS
14667,4521043,4521351,308,CDS
14668,4520377,4520703,326,CDS
14669,4518710,4520299,1589,CDS
14670,4515397,4518588,3191,CDS
14671,4488454,4489113,659,CDS
14672,4487449,4488387,938,CDS
14673,4485508,4487193,1685,CDS
14674,4484948,4485148,200,CDS
14675,4484692,4484886,194,CDS
14676,4483635,4484630,995,CDS
14677,4480334,4483561,3227,CDS
14678,4479844,4480269,425,CDS
14679,4479538,4479779,241,CDS
14680,4574284,4574337,53,CDS
14681,4570857,4571085,228,CDS
14682,4570680,4570781,101,CDS
14683,4570479,4570595,116,CDS
14684,4563680,4564189,509,CDS
14685,4563111,4563467,356,CDS
14686,4555206,4562483,7277,CDS
14687,4554351,4554659,308,CDS
14688,4552397,4554205,1808,CDS
14689,4552243,4552335,92,CDS
14690,4548005,4548802,797,CDS
14691,4540442,4546933,6491,CDS
14692,4538913,4540356,1443,CDS
14693,4535244,4538827,3583,CDS
14694,4533571,4534974,1403,CDS
14695,4532243,4532386,143,CDS
14696,4532103,4532180,77,CDS
14697,4531353,4531970,617,CDS
14698,4530832,4531053,221,CDS
14699,4530531,4530713,182,CDS
14700,4529792,4530277,485,CDS
14701,4527296,4529728,2432,CDS
14702,4526606,4527229,623,CDS
14703,4526224,4526541,317,CDS
14704,4525604,4525927,323,CDS
14705,4525087,4525404,317,CDS
14706,4524691,4525023,332,CDS
14707,4524298,4524624,326,CDS
14708,4523752,4524069,317,CDS
14709,4523031,4523357,326,CDS
14710,4522641,4522964,323,CDS
14711,4521813,4522442,629,CDS
14712,4521417,4521755,338,CDS
14713,4521043,4521351,308,CDS
14714,4520377,4520703,326,CDS
14715,4518710,4520299,1589,CDS
14716,4515397,4518588,3191,CDS
14717,4505794,4506093,299,CDS
14718,4504777,4505727,950,CDS
14719,4504354,4504671,317,CDS
14720,4503958,4504290,332,CDS
14721,4503585,4503899,314,CDS
14722,4503221,4503526,305,CDS
14723,4502517,4503164,647,CDS
14724,4502140,4502451,311,CDS
14725,4501726,4502064,338,CDS
14726,4500404,4501666,1262,CDS
14727,4500025,4500339,314,CDS
14728,4498362,4499960,1598,CDS
14729,4497984,4498298,314,CDS
14730,4497276,4497923,647,CDS
14731,4496247,4497209,962,CDS
14732,4494171,4496159,1988,CDS
14733,4493799,4494104,305,CDS
14734,4490376,4493720,3344,CDS
14735,4489668,4490318,650,CDS
14736,4488454,4489113,659,CDS
14737,4487449,4488387,938,CDS
14738,4485508,4487193,1685,CDS
14739,4484948,4485148,200,CDS
14740,4484692,4484886,194,CDS
14741,4483635,4484630,995,CDS
14742,4480334,4483561,3227,CDS
14743,4479844,4480269,425,CDS
14744,4479538,4479779,241,CDS
14745,4574284,4574337,53,CDS
14746,4570857,4571085,228,CDS
14747,4570680,4570781,101,CDS
14748,4570479,4570595,116,CDS
14749,4563680,4564189,509,CDS
14750,4563111,4563467,356,CDS
14751,4555206,4562483,7277,CDS
14752,4554351,4554659,308,CDS
14753,4552397,4554205,1808,CDS
14754,4552243,4552335,92,CDS
14755,4548005,4548802,797,CDS
14756,4540442,4546933,6491,CDS
14757,4538913,4540356,1443,CDS
14758,4535244,4538827,3583,CDS
14759,4533571,4534974,1403,CDS
14760,4532243,4532386,143,CDS
14761,4532103,4532180,77,CDS
14762,4531353,4531970,617,CDS
14763,4530832,4531053,221,CDS
14764,4530531,4530713,182,CDS
14765,4529792,4530277,485,CDS
14766,4527296,4529728,2432,CDS
14767,4526606,4527229,623,CDS
14768,4526224,4526541,317,CDS
14769,4525604,4525927,323,CDS
14770,4525087,4525404,317,CDS
14771,4524691,4525023,332,CDS
14772,4524298,4524624,326,CDS
14773,4523752,4524069,317,CDS
14774,4523031,4523357,326,CDS
14775,4522641,4522964,323,CDS
14776,4521813,4522442,629,CDS
14777,4521417,4521755,338,CDS
14778,4521043,4521351,308,CDS
14779,4520377,4520703,326,CDS
14780,4518710,4520299,1589,CDS
14781,4515397,4518588,3191,CDS
14782,4513435,4513761,326,CDS
14783,4513056,4513376,320,CDS
14784,4512650,4512994,344,CDS
14785,4512290,4512586,296,CDS
14786,4511933,4512235,302,CDS
14787,4511231,4511878,647,CDS
14788,4510859,4511176,317,CDS
14789,4510466,4510801,335,CDS
14790,4509782,4510396,614,CDS
14791,4509082,4509726,644,CDS
14792,4508713,4509024,311,CDS
14793,4508311,4508649,338,CDS
14794,4507939,4508247,308,CDS
14795,4506934,4507878,944,CDS
14796,4506559,4506870,311,CDS
14797,4506154,4506498,344,CDS
14798,4505794,4506093,299,CDS
14799,4504777,4505727,950,CDS
14800,4504354,4504671,317,CDS
14801,4503958,4504290,332,CDS
14802,4503585,4503899,314,CDS
14803,4503221,4503526,305,CDS
14804,4502517,4503164,647,CDS
14805,4502140,4502451,311,CDS
14806,4501726,4502064,338,CDS
14807,4500404,4501666,1262,CDS
14808,4500025,4500339,314,CDS
14809,4498362,4499960,1598,CDS
14810,4497984,4498298,314,CDS
14811,4497276,4497923,647,CDS
14812,4496247,4497209,962,CDS
14813,4494171,4496159,1988,CDS
14814,4493799,4494104,305,CDS
14815,4490376,4493720,3344,CDS
14816,4489668,4490318,650,CDS
14817,4488454,4489113,659,CDS
14818,4487449,4488387,938,CDS
14819,4485508,4487193,1685,CDS
14820,4484948,4485148,200,CDS
14821,4484692,4484886,194,CDS
14822,4483635,4484630,995,CDS
14823,4480334,4483561,3227,CDS
14824,4479844,4480269,425,CDS
14825,4479538,4479779,241,CDS
14826,4577719,4578218,499,gene
14827,4577719,4578218,499,mRNA
14828,4577783,4578103,320,CDS
14829,4582250,4582968,718,gene
14830,4582876,4582968,92,ncRNA
14831,4582250,4582803,553,ncRNA
14832,4601759,4609142,7383,mobile_element
14833,4619587,4620918,1331,gene
14834,4619587,4620530,943,ncRNA
14835,4620608,4620918,310,ncRNA
14836,4633881,4634342,461,gene
14837,4633881,4634342,461,ncRNA
14838,4641296,4642872,1576,gene
14839,4641296,4641390,94,mRNA
14840,4641449,4642872,1423,mRNA
14841,4641296,4641390,94,mRNA
14842,4641449,4642747,1298,mRNA
14843,4641313,4641390,77,CDS
14844,4641449,4642618,1169,CDS
14845,4641313,4641390,77,CDS
14846,4641449,4642618,1169,CDS
14847,4642972,4646562,3590,gene
14848,4642972,4643050,78,mRNA
14849,4643110,4646562,3452,mRNA
14850,4643003,4643050,47,CDS
14851,4643110,4646472,3362,CDS
14852,4647051,4647920,869,gene
14853,4647051,4647177,126,mRNA
14854,4647232,4647341,109,mRNA
14855,4647411,4647920,509,mRNA
14856,4647100,4647177,77,CDS
14857,4647232,4647341,109,CDS
14858,4647411,4647864,453,CDS
14859,4651403,4652892,1489,gene
14860,4651403,4651688,285,mRNA
14861,4651765,4652877,1112,mRNA
14862,4651455,4651688,233,mRNA
14863,4651765,4652156,391,mRNA
14864,4652423,4652892,469,mRNA
14865,4651490,4651688,198,CDS
14866,4651765,4652156,391,CDS
14867,4652423,4652776,353,CDS
14868,4651490,4651688,198,CDS
14869,4651765,4652216,451,CDS
14870,4655478,4656209,731,gene
14871,4655478,4656209,731,ncRNA
14872,4661880,4669406,7526,mobile_element
14873,4682677,4687232,4555,gene
14874,4682677,4682921,244,mRNA
14875,4682977,4683044,67,mRNA
14876,4684512,4687232,2720,mRNA
14877,4682677,4682921,244,mRNA
14878,4682980,4683044,64,mRNA
14879,4684512,4687232,2720,mRNA
14880,4682824,4682921,97,CDS
14881,4682977,4683044,67,CDS
14882,4684512,4687105,2593,CDS
14883,4682824,4682921,97,CDS
14884,4682980,4683044,64,CDS
14885,4684512,4687105,2593,CDS
14886,4683052,4684461,1409,gene
14887,4684371,4684461,90,mRNA
14888,4683052,4684312,1260,mRNA
14889,4684371,4684373,2,CDS
14890,4683224,4684312,1088,CDS
14891,4687511,4688956,1445,gene
14892,4687511,4688956,1445,mRNA
14893,4687649,4688788,1139,CDS
14894,4688965,4690702,1737,gene
14895,4690558,4690702,144,mRNA
14896,4688965,4690504,1539,mRNA
14897,4690558,4690600,42,CDS
14898,4689060,4690504,1444,CDS
14899,4694721,4722465,27744,gene
14900,4694721,4694991,270,mRNA
14901,4705478,4705823,345,mRNA
14902,4712289,4712455,166,mRNA
14903,4717725,4717861,136,mRNA
14904,4719805,4719981,176,mRNA
14905,4720341,4722465,2124,mRNA
14906,4694721,4694991,270,mRNA
14907,4705478,4705823,345,mRNA
14908,4712289,4712455,166,mRNA
14909,4717725,4717861,136,mRNA
14910,4719805,4719981,176,mRNA
14911,4720341,4722465,2124,mRNA
14912,4700835,4701485,650,gene
14913,4701277,4701485,208,mRNA
14914,4700835,4701216,381,mRNA
14915,4701277,4701468,191,CDS
14916,4700992,4701216,224,CDS
14917,4705737,4705823,86,CDS
14918,4712289,4712455,166,CDS
14919,4717725,4717861,136,CDS
14920,4719805,4719981,176,CDS
14921,4720341,4720474,133,CDS
14922,4705737,4705823,86,CDS
14923,4712289,4712455,166,CDS
14924,4717725,4717861,136,CDS
14925,4719805,4719981,176,CDS
14926,4720341,4720453,112,CDS
14927,4732413,4734458,2045,gene
14928,4734306,4734458,152,mRNA
14929,4732413,4734244,1831,mRNA
14930,4734306,4734458,152,mRNA
14931,4732413,4734254,1841,mRNA
14932,4734306,4734426,120,CDS
14933,4732507,4734254,1747,CDS
14934,4732507,4734228,1721,CDS
14935,4734592,4794044,59452,gene
14936,4793638,4794044,406,mRNA
14937,4738260,4738454,194,mRNA
14938,4737603,4737713,110,mRNA
14939,4737363,4737500,137,mRNA
14940,4737059,4737211,152,mRNA
14941,4735849,4736340,491,mRNA
14942,4734592,4735767,1175,mRNA
14943,4793638,4793680,42,CDS
14944,4738260,4738454,194,CDS
14945,4737603,4737713,110,CDS
14946,4737363,4737500,137,CDS
14947,4737059,4737211,152,CDS
14948,4735849,4736340,491,CDS
14949,4735547,4735767,220,CDS
14950,4762895,4763951,1056,gene
14951,4762895,4763621,726,mRNA
14952,4763684,4763951,267,mRNA
14953,4762895,4763537,642,mRNA
14954,4762981,4763535,554,CDS
14955,4762981,4763535,554,CDS
14956,4785696,4785747,51,mobile_element
14957,4794549,4796581,2032,gene
14958,4794549,4794685,136,mRNA
14959,4794753,4795571,818,mRNA
14960,4795843,4795975,132,mRNA
14961,4796093,4796219,126,mRNA
14962,4796287,4796576,289,mRNA
14963,4794658,4794685,27,mRNA
14964,4794753,4795571,818,mRNA
14965,4795843,4795946,103,mRNA
14966,4796063,4796219,156,mRNA
14967,4796287,4796581,294,mRNA
14968,4794672,4794685,13,CDS
14969,4794753,4795571,818,CDS
14970,4795843,4795946,103,CDS
14971,4796063,4796219,156,CDS
14972,4796287,4796563,276,CDS
14973,4794672,4794685,13,CDS
14974,4794753,4795571,818,CDS
14975,4795843,4795954,111,CDS
14976,4796600,4801923,5323,gene
14977,4801817,4801923,106,mRNA
14978,4799746,4799878,132,mRNA
14979,4796600,4797638,1038,mRNA
14980,4801444,4801923,479,mRNA
14981,4799746,4799878,132,mRNA
14982,4796600,4797638,1038,mRNA
14983,4799746,4799878,132,CDS
14984,4797076,4797638,562,CDS
14985,4799746,4799878,132,CDS
14986,4797076,4797638,562,CDS
14987,4811711,4811945,234,gene
14988,4811711,4811945,234,ncRNA
14989,4813009,4815891,2882,gene
14990,4813009,4813509,500,mRNA
14991,4814770,4814887,117,mRNA
14992,4815023,4815623,600,mRNA
14993,4815680,4815891,211,mRNA
14994,4813354,4813509,155,CDS
14995,4814770,4814887,117,CDS
14996,4815023,4815623,600,CDS
14997,4815680,4815782,102,CDS
14998,4815613,4818245,2632,gene
14999,4818038,4818245,207,mRNA
15000,4817882,4817973,91,mRNA
15001,4817722,4817815,93,mRNA
15002,4815916,4817663,1747,mRNA
15003,4815613,4815857,244,mRNA
15004,4818038,4818166,128,CDS
15005,4817882,4817973,91,CDS
15006,4817722,4817815,93,CDS
15007,4815942,4817663,1721,CDS
15008,4817816,4817881,65,gene
15009,4817816,4817881,65,precursor_RNA
15010,4817861,4817881,20,ncRNA
15011,4821774,4828945,7171,gene
15012,4821774,4823235,1461,mRNA
15013,4825608,4825711,103,mRNA
15014,4826447,4826563,116,mRNA
15015,4826625,4827100,475,mRNA
15016,4827173,4828945,1772,mRNA
15017,4821774,4823235,1461,mRNA
15018,4825608,4825711,103,mRNA
15019,4826447,4826563,116,mRNA
15020,4826625,4827100,475,mRNA
15021,4827173,4828557,1384,mRNA
15022,4825610,4825711,101,CDS
15023,4826447,4826563,116,CDS
15024,4826625,4827100,475,CDS
15025,4827173,4827572,399,CDS
15026,4825610,4825711,101,CDS
15027,4826447,4826563,116,CDS
15028,4826625,4827100,475,CDS
15029,4827173,4827572,399,CDS
15030,4829214,4830693,1479,gene
15031,4830469,4830693,224,mRNA
15032,4830040,4830400,360,mRNA
15033,4829214,4829979,765,mRNA
15034,4830469,4830693,224,mRNA
15035,4830040,4830400,360,mRNA
15036,4829381,4829979,598,mRNA
15037,4830469,4830607,138,CDS
15038,4830040,4830400,360,CDS
15039,4829484,4829979,495,CDS
15040,4830469,4830607,138,CDS
15041,4830040,4830400,360,CDS
15042,4829484,4829979,495,CDS
15043,4829980,4830039,59,gene
15044,4829980,4830039,59,precursor_RNA
15045,4830017,4830039,22,ncRNA
15046,4830846,4835300,4454,gene
15047,4835247,4835300,53,mRNA
15048,4834874,4834972,98,mRNA
15049,4834107,4834256,149,mRNA
15050,4833769,4834044,275,mRNA
15051,4833266,4833704,438,mRNA
15052,4833102,4833216,114,mRNA
15053,4832795,4833040,245,mRNA
15054,4832004,4832596,592,mRNA
15055,4831417,4831932,515,mRNA
15056,4830846,4831361,515,mRNA
15057,4834874,4835161,287,mRNA
15058,4834107,4834256,149,mRNA
15059,4833769,4834044,275,mRNA
15060,4833266,4833704,438,mRNA
15061,4833102,4833216,114,mRNA
15062,4832795,4833040,245,mRNA
15063,4832004,4832596,592,mRNA
15064,4831417,4831932,515,mRNA
15065,4830846,4831361,515,mRNA
15066,4834567,4835161,594,mRNA
15067,4834107,4834256,149,mRNA
15068,4833769,4834044,275,mRNA
15069,4833266,4833704,438,mRNA
15070,4833102,4833216,114,mRNA
15071,4832795,4833040,245,mRNA
15072,4832004,4832596,592,mRNA
15073,4831417,4831932,515,mRNA
15074,4830846,4831361,515,mRNA
15075,4834107,4834343,236,mRNA
15076,4833769,4834044,275,mRNA
15077,4833266,4833704,438,mRNA
15078,4833102,4833216,114,mRNA
15079,4832795,4833040,245,mRNA
15080,4832004,4832596,592,mRNA
15081,4831417,4831932,515,mRNA
15082,4830846,4831361,515,mRNA
15083,4834874,4834949,75,CDS
15084,4834107,4834256,149,CDS
15085,4833769,4834044,275,CDS
15086,4833266,4833704,438,CDS
15087,4833102,4833216,114,CDS
15088,4832795,4833040,245,CDS
15089,4832004,4832596,592,CDS
15090,4831417,4831932,515,CDS
15091,4830968,4831361,393,CDS
15092,4834874,4834949,75,CDS
15093,4834107,4834256,149,CDS
15094,4833769,4834044,275,CDS
15095,4833266,4833704,438,CDS
15096,4833102,4833216,114,CDS
15097,4832795,4833040,245,CDS
15098,4832004,4832596,592,CDS
15099,4831417,4831932,515,CDS
15100,4830968,4831361,393,CDS
15101,4834567,4834681,114,CDS
15102,4834107,4834256,149,CDS
15103,4833769,4834044,275,CDS
15104,4833266,4833704,438,CDS
15105,4833102,4833216,114,CDS
15106,4832795,4833040,245,CDS
15107,4832004,4832596,592,CDS
15108,4831417,4831932,515,CDS
15109,4830968,4831361,393,CDS
15110,4834107,4834317,210,CDS
15111,4833769,4834044,275,CDS
15112,4833266,4833704,438,CDS
15113,4833102,4833216,114,CDS
15114,4832795,4833040,245,CDS
15115,4832004,4832596,592,CDS
15116,4831417,4831932,515,CDS
15117,4830968,4831361,393,CDS
15118,4835335,4837999,2664,gene
15119,4837849,4837999,150,mRNA
15120,4837602,4837779,177,mRNA
15121,4837235,4837533,298,mRNA
15122,4836483,4837157,674,mRNA
15123,4835335,4836244,909,mRNA
15124,4837845,4837999,154,mRNA
15125,4837602,4837639,37,mRNA
15126,4837235,4837533,298,mRNA
15127,4836483,4837157,674,mRNA
15128,4835335,4836244,909,mRNA
15129,4837602,4837616,14,CDS
15130,4837235,4837533,298,CDS
15131,4836483,4837157,674,CDS
15132,4835740,4836244,504,CDS
15133,4837602,4837616,14,CDS
15134,4837235,4837533,298,CDS
15135,4836483,4837157,674,CDS
15136,4835740,4836244,504,CDS
15137,4838347,4841465,3118,gene
15138,4838347,4838377,30,mRNA
15139,4838992,4839510,518,mRNA
15140,4839577,4840104,527,mRNA
15141,4840164,4840641,477,mRNA
15142,4840695,4840813,118,mRNA
15143,4840884,4841465,581,mRNA
15144,4838347,4838377,30,mRNA
15145,4838992,4839510,518,mRNA
15146,4839577,4840104,527,mRNA
15147,4840164,4840641,477,mRNA
15148,4840695,4840813,118,mRNA
15149,4840884,4840983,99,mRNA
15150,4841136,4841465,329,mRNA
15151,4838462,4838530,68,mRNA
15152,4838992,4839510,518,mRNA
15153,4839577,4840104,527,mRNA
15154,4840164,4840641,477,mRNA
15155,4840695,4840813,118,mRNA
15156,4840884,4841465,581,mRNA
15157,4839303,4839510,207,CDS
15158,4839577,4840104,527,CDS
15159,4840164,4840641,477,CDS
15160,4840695,4840813,118,CDS
15161,4840884,4840983,99,CDS
15162,4841136,4841193,57,CDS
15163,4839303,4839510,207,CDS
15164,4839577,4840104,527,CDS
15165,4840164,4840641,477,CDS
15166,4840695,4840813,118,CDS
15167,4840884,4841008,124,CDS
15168,4839303,4839510,207,CDS
15169,4839577,4840104,527,CDS
15170,4840164,4840641,477,CDS
15171,4840695,4840813,118,CDS
15172,4840884,4841008,124,CDS
15173,4841482,4847295,5813,gene
15174,4847239,4847295,56,mRNA
15175,4845642,4846216,574,mRNA
15176,4845254,4845575,321,mRNA
15177,4845087,4845158,71,mRNA
15178,4844712,4844772,60,mRNA
15179,4844309,4844646,337,mRNA
15180,4844169,4844242,73,mRNA
15181,4843718,4844111,393,mRNA
15182,4843540,4843658,118,mRNA
15183,4841482,4842347,865,mRNA
15184,4847164,4847295,131,mRNA
15185,4845642,4846216,574,mRNA
15186,4845254,4845575,321,mRNA
15187,4845087,4845158,71,mRNA
15188,4844712,4844772,60,mRNA
15189,4844169,4844646,477,mRNA
15190,4843718,4844111,393,mRNA
15191,4843540,4843658,118,mRNA
15192,4841482,4842347,865,mRNA
15193,4847239,4847295,56,mRNA
15194,4845642,4846216,574,mRNA
15195,4845254,4845575,321,mRNA
15196,4844712,4844772,60,mRNA
15197,4844169,4844646,477,mRNA
15198,4843718,4844111,393,mRNA
15199,4843540,4843658,118,mRNA
15200,4842090,4842347,257,mRNA
15201,4847239,4847295,56,mRNA
15202,4845642,4846216,574,mRNA
15203,4845254,4845575,321,mRNA
15204,4845087,4845158,71,mRNA
15205,4844712,4844772,60,mRNA
15206,4844169,4844646,477,mRNA
15207,4843718,4844111,393,mRNA
15208,4843540,4843658,118,mRNA
15209,4842090,4842347,257,mRNA
15210,4846716,4846764,48,mRNA
15211,4845642,4846216,574,mRNA
15212,4845254,4845575,321,mRNA
15213,4845087,4845158,71,mRNA
15214,4844712,4844772,60,mRNA
15215,4844169,4844646,477,mRNA
15216,4843718,4844111,393,mRNA
15217,4843540,4843658,118,mRNA
15218,4842090,4842347,257,mRNA
15219,4846279,4846350,71,mRNA
15220,4845642,4846216,574,mRNA
15221,4845254,4845575,321,mRNA
15222,4845087,4845158,71,mRNA
15223,4844712,4844772,60,mRNA
15224,4844169,4844646,477,mRNA
15225,4843718,4844111,393,mRNA
15226,4843540,4843658,118,mRNA
15227,4842090,4842347,257,mRNA
15228,4845642,4846043,401,CDS
15229,4845254,4845575,321,CDS
15230,4844712,4844772,60,CDS
15231,4844169,4844646,477,CDS
15232,4843718,4844111,393,CDS
15233,4843540,4843658,118,CDS
15234,4842234,4842347,113,CDS
15235,4845642,4846043,401,CDS
15236,4845254,4845575,321,CDS
15237,4845087,4845158,71,CDS
15238,4844712,4844772,60,CDS
15239,4844309,4844646,337,CDS
15240,4844169,4844242,73,CDS
15241,4843718,4844111,393,CDS
15242,4843540,4843658,118,CDS
15243,4842234,4842347,113,CDS
15244,4845642,4846043,401,CDS
15245,4845254,4845575,321,CDS
15246,4845087,4845158,71,CDS
15247,4844712,4844772,60,CDS
15248,4844169,4844646,477,CDS
15249,4843718,4844111,393,CDS
15250,4843540,4843658,118,CDS
15251,4842234,4842347,113,CDS
15252,4845642,4846043,401,CDS
15253,4845254,4845575,321,CDS
15254,4845087,4845158,71,CDS
15255,4844712,4844772,60,CDS
15256,4844169,4844646,477,CDS
15257,4843718,4844111,393,CDS
15258,4843540,4843658,118,CDS
15259,4842234,4842347,113,CDS
15260,4845642,4846043,401,CDS
15261,4845254,4845575,321,CDS
15262,4845087,4845158,71,CDS
15263,4844712,4844772,60,CDS
15264,4844169,4844646,477,CDS
15265,4843718,4844111,393,CDS
15266,4843540,4843658,118,CDS
15267,4842234,4842347,113,CDS
15268,4845642,4846043,401,CDS
15269,4845254,4845575,321,CDS
15270,4845087,4845158,71,CDS
15271,4844712,4844772,60,CDS
15272,4844169,4844646,477,CDS
15273,4843718,4844111,393,CDS
15274,4843540,4843658,118,CDS
15275,4842234,4842347,113,CDS
15276,4847239,4847295,56,mRNA
15277,4845642,4846216,574,mRNA
15278,4845254,4845575,321,mRNA
15279,4845087,4845158,71,mRNA
15280,4844712,4844772,60,mRNA
15281,4844169,4844646,477,mRNA
15282,4843718,4844111,393,mRNA
15283,4842584,4843658,1074,mRNA
15284,4845642,4846043,401,CDS
15285,4845254,4845575,321,CDS
15286,4845087,4845158,71,CDS
15287,4844712,4844772,60,CDS
15288,4844169,4844646,477,CDS
15289,4843718,4844111,393,CDS
15290,4843060,4843658,598,CDS
15291,4847766,4849499,1733,gene
15292,4847766,4849499,1733,mRNA
15293,4847855,4849324,1469,CDS
15294,4849439,4850419,980,gene
15295,4850339,4850419,80,mRNA
15296,4849439,4850281,842,mRNA
15297,4850339,4850363,24,CDS
15298,4849512,4850281,769,CDS
15299,4850641,4852640,1999,gene
15300,4850641,4851343,702,mRNA
15301,4851408,4851559,151,mRNA
15302,4851614,4852640,1026,mRNA
15303,4850751,4851343,592,CDS
15304,4851408,4851559,151,CDS
15305,4851614,4852455,841,CDS
15306,4852864,4876792,23928,gene
15307,4852864,4853016,152,mRNA
15308,4854398,4854728,330,mRNA
15309,4865148,4866130,982,mRNA
15310,4870478,4870717,239,mRNA
15311,4870778,4870836,58,mRNA
15312,4871076,4871195,119,mRNA
15313,4871258,4871338,80,mRNA
15314,4871416,4871764,348,mRNA
15315,4871825,4871893,68,mRNA
15316,4871955,4872356,401,mRNA
15317,4872499,4872693,194,mRNA
15318,4873872,4873999,127,mRNA
15319,4874058,4874169,111,mRNA
15320,4874887,4876792,1905,mRNA
15321,4852864,4853016,152,mRNA
15322,4854398,4854728,330,mRNA
15323,4865148,4866130,982,mRNA
15324,4870478,4870717,239,mRNA
15325,4870778,4870836,58,mRNA
15326,4871076,4871195,119,mRNA
15327,4871258,4871338,80,mRNA
15328,4871416,4871764,348,mRNA
15329,4871825,4871893,68,mRNA
15330,4871955,4872356,401,mRNA
15331,4872499,4872693,194,mRNA
15332,4873818,4873999,181,mRNA
15333,4874058,4875233,1175,mRNA
15334,4852864,4853016,152,mRNA
15335,4854398,4854728,330,mRNA
15336,4865148,4866130,982,mRNA
15337,4870478,4870717,239,mRNA
15338,4870778,4870836,58,mRNA
15339,4871076,4871195,119,mRNA
15340,4871258,4871338,80,mRNA
15341,4871416,4871764,348,mRNA
15342,4871825,4871893,68,mRNA
15343,4871955,4872356,401,mRNA
15344,4872499,4872693,194,mRNA
15345,4873818,4873999,181,mRNA
15346,4874058,4874169,111,mRNA
15347,4874542,4874562,20,mRNA
15348,4874887,4875233,346,mRNA
15349,4852864,4853016,152,mRNA
15350,4854435,4854728,293,mRNA
15351,4865148,4866130,982,mRNA
15352,4870478,4870717,239,mRNA
15353,4870778,4870836,58,mRNA
15354,4871076,4871195,119,mRNA
15355,4871258,4871338,80,mRNA
15356,4871416,4871764,348,mRNA
15357,4871825,4871893,68,mRNA
15358,4871955,4872356,401,mRNA
15359,4872499,4872693,194,mRNA
15360,4873596,4873999,403,mRNA
15361,4874058,4874169,111,mRNA
15362,4874887,4875233,346,mRNA
15363,4852864,4853016,152,mRNA
15364,4854435,4854728,293,mRNA
15365,4865148,4866130,982,mRNA
15366,4870478,4870717,239,mRNA
15367,4870778,4870836,58,mRNA
15368,4871076,4871195,119,mRNA
15369,4871258,4871338,80,mRNA
15370,4871416,4871764,348,mRNA
15371,4871825,4871893,68,mRNA
15372,4871955,4872356,401,mRNA
15373,4872499,4872693,194,mRNA
15374,4873818,4873999,181,mRNA
15375,4874058,4874169,111,mRNA
15376,4874887,4875233,346,mRNA
15377,4865303,4866130,827,CDS
15378,4870478,4870717,239,CDS
15379,4870778,4870836,58,CDS
15380,4871076,4871195,119,CDS
15381,4871258,4871338,80,CDS
15382,4871416,4871764,348,CDS
15383,4871825,4871893,68,CDS
15384,4871955,4872356,401,CDS
15385,4872499,4872693,194,CDS
15386,4873818,4873999,181,CDS
15387,4874058,4874169,111,CDS
15388,4874542,4874562,20,CDS
15389,4874887,4875084,197,CDS
15390,4865303,4866130,827,CDS
15391,4870478,4870717,239,CDS
15392,4870778,4870836,58,CDS
15393,4871076,4871195,119,CDS
15394,4871258,4871338,80,CDS
15395,4871416,4871764,348,CDS
15396,4871825,4871893,68,CDS
15397,4871955,4872356,401,CDS
15398,4872499,4872693,194,CDS
15399,4873818,4873999,181,CDS
15400,4874058,4874169,111,CDS
15401,4874887,4875084,197,CDS
15402,4865303,4866130,827,CDS
15403,4870478,4870717,239,CDS
15404,4870778,4870836,58,CDS
15405,4871076,4871195,119,CDS
15406,4871258,4871338,80,CDS
15407,4871416,4871764,348,CDS
15408,4871825,4871893,68,CDS
15409,4871955,4872356,401,CDS
15410,4872499,4872693,194,CDS
15411,4873872,4873999,127,CDS
15412,4874058,4874169,111,CDS
15413,4874887,4875084,197,CDS
15414,4865303,4866130,827,CDS
15415,4870478,4870717,239,CDS
15416,4870778,4870836,58,CDS
15417,4871076,4871195,119,CDS
15418,4871258,4871338,80,CDS
15419,4871416,4871764,348,CDS
15420,4871825,4871893,68,CDS
15421,4871955,4872356,401,CDS
15422,4872499,4872693,194,CDS
15423,4873818,4873999,181,CDS
15424,4874058,4874217,159,CDS
15425,4865303,4866130,827,CDS
15426,4870478,4870717,239,CDS
15427,4870778,4870836,58,CDS
15428,4871076,4871195,119,CDS
15429,4871258,4871338,80,CDS
15430,4871416,4871764,348,CDS
15431,4871825,4871893,68,CDS
15432,4871955,4872356,401,CDS
15433,4872499,4872693,194,CDS
15434,4873596,4873625,29,CDS
15435,4876891,4883107,6216,gene
15436,4882865,4883107,242,mRNA
15437,4881215,4882801,1586,mRNA
15438,4880378,4880472,94,mRNA
15439,4876891,4879196,2305,mRNA
15440,4882889,4883107,218,mRNA
15441,4881215,4882492,1277,mRNA
15442,4880378,4880472,94,mRNA
15443,4877110,4879196,2086,mRNA
15444,4882889,4883107,218,mRNA
15445,4881215,4882492,1277,mRNA
15446,4880294,4880472,178,mRNA
15447,4877110,4879196,2086,mRNA
15448,4882865,4883107,242,mRNA
15449,4881215,4882365,1150,mRNA
15450,4880378,4880472,94,mRNA
15451,4877110,4879196,2086,mRNA
15452,4882865,4883107,242,mRNA
15453,4881215,4882492,1277,mRNA
15454,4880378,4880472,94,mRNA
15455,4877110,4879196,2086,mRNA
15456,4882865,4883107,242,mRNA
15457,4881215,4882492,1277,mRNA
15458,4880378,4880472,94,mRNA
15459,4877110,4879196,2086,mRNA
15460,4881215,4882392,1177,CDS
15461,4880378,4880472,94,CDS
15462,4878856,4879196,340,CDS
15463,4881215,4882392,1177,CDS
15464,4880378,4880472,94,CDS
15465,4879021,4879196,175,CDS
15466,4881215,4882392,1177,CDS
15467,4880378,4880472,94,CDS
15468,4879021,4879196,175,CDS
15469,4881215,4882392,1177,CDS
15470,4880378,4880472,94,CDS
15471,4879021,4879196,175,CDS
15472,4881215,4882392,1177,CDS
15473,4880294,4880472,178,CDS
15474,4879021,4879196,175,CDS
15475,4881215,4882239,1024,CDS
15476,4880378,4880472,94,CDS
15477,4879021,4879196,175,CDS
15478,4883298,4885669,2371,gene
15479,4883298,4883587,289,mRNA
15480,4883646,4884339,693,mRNA
15481,4884391,4885669,1278,mRNA
15482,4883647,4884339,692,CDS
15483,4884391,4885509,1118,CDS
15484,4889995,4891277,1282,gene
15485,4889995,4890367,372,mRNA
15486,4890429,4891277,848,mRNA
15487,4890077,4890367,290,CDS
15488,4890429,4891187,758,CDS
15489,4891327,4891845,518,gene
15490,4891327,4891845,518,exon
15491,4892112,4903889,11777,gene
15492,4892112,4892604,492,mRNA
15493,4893935,4893994,59,mRNA
15494,4901402,4901917,515,mRNA
15495,4902025,4902395,370,mRNA
15496,4902461,4902593,132,mRNA
15497,4902664,4902905,241,mRNA
15498,4902974,4903889,915,mRNA
15499,4892112,4892604,492,mRNA
15500,4893935,4893994,59,mRNA
15501,4901402,4901917,515,mRNA
15502,4902025,4902395,370,mRNA
15503,4902461,4902593,132,mRNA
15504,4902664,4902905,241,mRNA
15505,4902974,4903458,484,mRNA
15506,4893955,4893994,39,CDS
15507,4901402,4901917,515,CDS
15508,4902025,4902395,370,CDS
15509,4902461,4902593,132,CDS
15510,4902664,4902905,241,CDS
15511,4902974,4903153,179,CDS
15512,4893955,4893994,39,CDS
15513,4901402,4901917,515,CDS
15514,4902025,4902395,370,CDS
15515,4902461,4902593,132,CDS
15516,4902664,4902905,241,CDS
15517,4902974,4903153,179,CDS
15518,4903865,4906762,2897,gene
15519,4906699,4906762,63,mRNA
15520,4905753,4905863,110,mRNA
15521,4904893,4904979,86,mRNA
15522,4903865,4904833,968,mRNA
15523,4906714,4906762,48,mRNA
15524,4905753,4905863,110,mRNA
15525,4904893,4904979,86,mRNA
15526,4904070,4904833,763,mRNA
15527,4906664,4906762,98,mRNA
15528,4905753,4905863,110,mRNA
15529,4904893,4904979,86,mRNA
15530,4904070,4904833,763,mRNA
15531,4906636,4906762,126,mRNA
15532,4905753,4905863,110,mRNA
15533,4904893,4904979,86,mRNA
15534,4904070,4904833,763,mRNA
15535,4905753,4905822,69,CDS
15536,4904893,4904979,86,CDS
15537,4904223,4904833,610,CDS
15538,4905753,4905822,69,CDS
15539,4904893,4904979,86,CDS
15540,4904223,4904833,610,CDS
15541,4905753,4905822,69,CDS
15542,4904893,4904979,86,CDS
15543,4904223,4904833,610,CDS
15544,4905753,4905822,69,CDS
15545,4904893,4904979,86,CDS
15546,4904223,4904833,610,CDS
15547,4908581,4932384,23803,gene
15548,4931914,4932384,470,mRNA
15549,4912672,4912778,106,mRNA
15550,4911723,4911867,144,mRNA
15551,4911581,4911641,60,mRNA
15552,4910469,4911512,1043,mRNA
15553,4910083,4910412,329,mRNA
15554,4909678,4910025,347,mRNA
15555,4909476,4909623,147,mRNA
15556,4909315,4909408,93,mRNA
15557,4908581,4909254,673,mRNA
15558,4931914,4932302,388,mRNA
15559,4912672,4912778,106,mRNA
15560,4911723,4911867,144,mRNA
15561,4911581,4911641,60,mRNA
15562,4910469,4911512,1043,mRNA
15563,4910083,4910412,329,mRNA
15564,4909678,4910025,347,mRNA
15565,4909476,4909623,147,mRNA
15566,4909315,4909408,93,mRNA
15567,4908581,4909254,673,mRNA
15568,4928244,4928393,149,mRNA
15569,4925829,4926278,449,mRNA
15570,4912672,4912778,106,mRNA
15571,4911723,4911867,144,mRNA
15572,4911581,4911641,60,mRNA
15573,4910469,4911512,1043,mRNA
15574,4910083,4910412,329,mRNA
15575,4909678,4910025,347,mRNA
15576,4909476,4909623,147,mRNA
15577,4909315,4909408,93,mRNA
15578,4908742,4909254,512,mRNA
15579,4928244,4928393,149,mRNA
15580,4925829,4926346,517,mRNA
15581,4912672,4912778,106,mRNA
15582,4911723,4911867,144,mRNA
15583,4911581,4911641,60,mRNA
15584,4910469,4911512,1043,mRNA
15585,4910083,4910412,329,mRNA
15586,4909678,4910025,347,mRNA
15587,4909476,4909623,147,mRNA
15588,4909315,4909408,93,mRNA
15589,4908742,4909254,512,mRNA
15590,4928244,4928393,149,mRNA
15591,4925829,4926350,521,mRNA
15592,4912672,4912778,106,mRNA
15593,4911723,4911867,144,mRNA
15594,4911581,4911641,60,mRNA
15595,4910469,4911512,1043,mRNA
15596,4910083,4910412,329,mRNA
15597,4909678,4910025,347,mRNA
15598,4909476,4909623,147,mRNA
15599,4909315,4909408,93,mRNA
15600,4908742,4909254,512,mRNA
15601,4928228,4928393,165,mRNA
15602,4925829,4926346,517,mRNA
15603,4912672,4912778,106,mRNA
15604,4911723,4911867,144,mRNA
15605,4911581,4911641,60,mRNA
15606,4910469,4911512,1043,mRNA
15607,4910083,4910412,329,mRNA
15608,4909678,4910025,347,mRNA
15609,4909476,4909623,147,mRNA
15610,4909315,4909408,93,mRNA
15611,4908742,4909254,512,mRNA
15612,4928198,4928393,195,mRNA
15613,4925829,4926346,517,mRNA
15614,4912672,4912778,106,mRNA
15615,4911723,4911867,144,mRNA
15616,4911581,4911671,90,mRNA
15617,4910469,4911512,1043,mRNA
15618,4910083,4910412,329,mRNA
15619,4909678,4910025,347,mRNA
15620,4909476,4909623,147,mRNA
15621,4909315,4909408,93,mRNA
15622,4908742,4909254,512,mRNA
15623,4928194,4928393,199,mRNA
15624,4925829,4926350,521,mRNA
15625,4912672,4912778,106,mRNA
15626,4911723,4911867,144,mRNA
15627,4911581,4911641,60,mRNA
15628,4910469,4911512,1043,mRNA
15629,4910083,4910412,329,mRNA
15630,4909678,4910025,347,mRNA
15631,4909476,4909623,147,mRNA
15632,4909315,4909408,93,mRNA
15633,4908742,4909254,512,mRNA
15634,4915047,4915502,455,mRNA
15635,4912672,4912778,106,mRNA
15636,4911723,4911867,144,mRNA
15637,4911581,4911641,60,mRNA
15638,4910469,4911512,1043,mRNA
15639,4910083,4910412,329,mRNA
15640,4909678,4910025,347,mRNA
15641,4909476,4909623,147,mRNA
15642,4909315,4909408,93,mRNA
15643,4908742,4909254,512,mRNA
15644,4931914,4932092,178,CDS
15645,4912672,4912778,106,CDS
15646,4911723,4911867,144,CDS
15647,4911581,4911641,60,CDS
15648,4910469,4911512,1043,CDS
15649,4910083,4910412,329,CDS
15650,4909678,4910025,347,CDS
15651,4909476,4909623,147,CDS
15652,4909315,4909408,93,CDS
15653,4909170,4909254,84,CDS
15654,4931914,4932092,178,CDS
15655,4912672,4912778,106,CDS
15656,4911723,4911867,144,CDS
15657,4911581,4911641,60,CDS
15658,4910469,4911512,1043,CDS
15659,4910083,4910412,329,CDS
15660,4909678,4910025,347,CDS
15661,4909476,4909623,147,CDS
15662,4909315,4909408,93,CDS
15663,4909170,4909254,84,CDS
15664,4925829,4925905,76,CDS
15665,4912672,4912778,106,CDS
15666,4911723,4911867,144,CDS
15667,4911581,4911641,60,CDS
15668,4910469,4911512,1043,CDS
15669,4910083,4910412,329,CDS
15670,4909678,4910025,347,CDS
15671,4909476,4909623,147,CDS
15672,4909315,4909408,93,CDS
15673,4909170,4909254,84,CDS
15674,4925829,4925905,76,CDS
15675,4912672,4912778,106,CDS
15676,4911723,4911867,144,CDS
15677,4911581,4911641,60,CDS
15678,4910469,4911512,1043,CDS
15679,4910083,4910412,329,CDS
15680,4909678,4910025,347,CDS
15681,4909476,4909623,147,CDS
15682,4909315,4909408,93,CDS
15683,4909170,4909254,84,CDS
15684,4925829,4925905,76,CDS
15685,4912672,4912778,106,CDS
15686,4911723,4911867,144,CDS
15687,4911581,4911641,60,CDS
15688,4910469,4911512,1043,CDS
15689,4910083,4910412,329,CDS
15690,4909678,4910025,347,CDS
15691,4909476,4909623,147,CDS
15692,4909315,4909408,93,CDS
15693,4909170,4909254,84,CDS
15694,4925829,4925905,76,CDS
15695,4912672,4912778,106,CDS
15696,4911723,4911867,144,CDS
15697,4911581,4911641,60,CDS
15698,4910469,4911512,1043,CDS
15699,4910083,4910412,329,CDS
15700,4909678,4910025,347,CDS
15701,4909476,4909623,147,CDS
15702,4909315,4909408,93,CDS
15703,4909170,4909254,84,CDS
15704,4925829,4925905,76,CDS
15705,4912672,4912778,106,CDS
15706,4911723,4911867,144,CDS
15707,4911581,4911641,60,CDS
15708,4910469,4911512,1043,CDS
15709,4910083,4910412,329,CDS
15710,4909678,4910025,347,CDS
15711,4909476,4909623,147,CDS
15712,4909315,4909408,93,CDS
15713,4909170,4909254,84,CDS
15714,4915047,4915096,49,CDS
15715,4912672,4912778,106,CDS
15716,4911723,4911867,144,CDS
15717,4911581,4911641,60,CDS
15718,4910469,4911512,1043,CDS
15719,4910083,4910412,329,CDS
15720,4909678,4910025,347,CDS
15721,4909476,4909623,147,CDS
15722,4909315,4909408,93,CDS
15723,4909170,4909254,84,CDS
15724,4910469,4911440,971,CDS
15725,4910083,4910412,329,CDS
15726,4909678,4910025,347,CDS
15727,4909476,4909623,147,CDS
15728,4909315,4909408,93,CDS
15729,4909170,4909254,84,CDS
15730,4918233,4923234,5001,mobile_element
15731,4933047,4936450,3403,gene
15732,4936113,4936450,337,mRNA
15733,4935509,4935910,401,mRNA
15734,4935263,4935435,172,mRNA
15735,4934840,4935185,345,mRNA
15736,4934396,4934784,388,mRNA
15737,4934012,4934338,326,mRNA
15738,4933047,4933959,912,mRNA
15739,4936113,4936341,228,CDS
15740,4935509,4935910,401,CDS
15741,4935263,4935435,172,CDS
15742,4934840,4935185,345,CDS
15743,4934396,4934784,388,CDS
15744,4934012,4934338,326,CDS
15745,4933285,4933959,674,CDS
15746,4937409,4941423,4014,gene
15747,4937409,4937468,59,mRNA
15748,4937534,4941423,3889,mRNA
15749,4937441,4937468,27,CDS
15750,4937534,4941366,3832,CDS
15751,4942742,4944305,1563,gene
15752,4942742,4942944,202,mRNA
15753,4943011,4943280,269,mRNA
15754,4943348,4943748,400,mRNA
15755,4943803,4943988,185,mRNA
15756,4944048,4944305,257,mRNA
15757,4942852,4942944,92,CDS
15758,4943011,4943280,269,CDS
15759,4943348,4943748,400,CDS
15760,4943803,4943988,185,CDS
15761,4944048,4944234,186,CDS
15762,4944256,4945361,1105,gene
15763,4945192,4945361,169,mRNA
15764,4944927,4945080,153,mRNA
15765,4944475,4944864,389,mRNA
15766,4944256,4944416,160,mRNA
15767,4945192,4945275,83,CDS
15768,4944927,4945080,153,CDS
15769,4944475,4944864,389,CDS
15770,4944301,4944416,115,CDS
15771,4945579,4948324,2745,gene
15772,4945579,4945681,102,mRNA
15773,4945902,4946013,111,mRNA
15774,4946071,4946221,150,mRNA
15775,4946907,4948324,1417,mRNA
15776,4945579,4945681,102,mRNA
15777,4945902,4946013,111,mRNA
15778,4946071,4946221,150,mRNA
15779,4946907,4947734,827,mRNA
15780,4947826,4948324,498,mRNA
15781,4945904,4946013,109,CDS
15782,4946071,4946221,150,CDS
15783,4946907,4947734,827,CDS
15784,4947826,4947867,41,CDS
15785,4945904,4946013,109,CDS
15786,4946071,4946221,150,CDS
15787,4946907,4947833,926,CDS
15788,4948206,4949784,1578,gene
15789,4948898,4949784,886,mRNA
15790,4948206,4948559,353,mRNA
15791,4948898,4949784,886,mRNA
15792,4948206,4948771,565,mRNA
15793,4948898,4949673,775,CDS
15794,4948394,4948559,165,CDS
15795,4948898,4949673,775,CDS
15796,4948588,4948771,183,CDS
15797,4949941,4950767,826,gene
15798,4949941,4950767,826,mRNA
15799,4949972,4950748,776,CDS
15800,4952243,4953136,893,gene
15801,4952243,4953136,893,mRNA
15802,4952253,4953136,883,mRNA
15803,4952284,4953114,830,CDS
15804,4952284,4953114,830,CDS
15805,4953566,4953751,185,mobile_element
15806,4954279,4955144,865,gene
15807,4954279,4955144,865,mRNA
15808,4954323,4955123,800,CDS
15809,4955509,4958292,2783,gene
15810,4955509,4956349,840,mRNA
15811,4956408,4956898,490,mRNA
15812,4956958,4957108,150,mRNA
15813,4957178,4957342,164,mRNA
15814,4957408,4957690,282,mRNA
15815,4957752,4957946,194,mRNA
15816,4958008,4958292,284,mRNA
15817,4955583,4956349,766,CDS
15818,4956408,4956898,490,CDS
15819,4956958,4957108,150,CDS
15820,4957178,4957342,164,CDS
15821,4957408,4957690,282,CDS
15822,4957752,4957946,194,CDS
15823,4958008,4958223,215,CDS
15824,4958411,4965430,7019,gene
15825,4958411,4958572,161,mRNA
15826,4958630,4958792,162,mRNA
15827,4958851,4960667,1816,mRNA
15828,4960730,4961374,644,mRNA
15829,4961426,4961533,107,mRNA
15830,4961807,4962434,627,mRNA
15831,4962499,4963491,992,mRNA
15832,4963545,4963967,422,mRNA
15833,4964025,4964249,224,mRNA
15834,4964305,4964631,326,mRNA
15835,4964688,4965430,742,mRNA
15836,4958478,4958572,94,CDS
15837,4958630,4958792,162,CDS
15838,4958851,4960667,1816,CDS
15839,4960730,4961374,644,CDS
15840,4961426,4961533,107,CDS
15841,4961807,4962434,627,CDS
15842,4962499,4963491,992,CDS
15843,4963545,4963967,422,CDS
15844,4964025,4964249,224,CDS
15845,4964305,4964631,326,CDS
15846,4964688,4965275,587,CDS
15847,4963976,4965425,1449,gene
15848,4964671,4965425,754,ncRNA
15849,4963976,4964618,642,ncRNA
15850,4965673,4966399,726,gene
15851,4965673,4965822,149,mRNA
15852,4965882,4966399,517,mRNA
15853,4965736,4965822,86,CDS
15854,4965882,4966274,392,CDS
15855,4966367,4967775,1408,gene
15856,4967691,4967775,84,mRNA
15857,4967024,4967513,489,mRNA
15858,4966367,4966968,601,mRNA
15859,4967691,4967693,2,CDS
15860,4967024,4967513,489,CDS
15861,4966481,4966968,487,CDS
15862,4967832,4968935,1103,gene
15863,4968432,4968935,503,mRNA
15864,4967832,4968368,536,mRNA
15865,4968432,4968825,393,CDS
15866,4968007,4968368,361,CDS
15867,4969004,4970216,1212,gene
15868,4969004,4969224,220,mRNA
15869,4969285,4970216,931,mRNA
15870,4969085,4969224,139,CDS
15871,4969285,4970146,861,CDS
15872,4970135,4973921,3786,gene
15873,4973719,4973921,202,mRNA
15874,4971087,4971322,235,mRNA
15875,4970135,4970784,649,mRNA
15876,4971087,4971485,398,mRNA
15877,4970135,4970784,649,mRNA
15878,4971054,4971485,431,mRNA
15879,4970135,4970784,649,mRNA
15880,4971087,4971296,209,CDS
15881,4970212,4970784,572,CDS
15882,4971087,4971296,209,CDS
15883,4970212,4970784,572,CDS
15884,4971054,4971296,242,CDS
15885,4970212,4970784,572,CDS
15886,4971702,4973687,1985,gene
15887,4971702,4973687,1985,mRNA
15888,4971812,4973614,1802,CDS
15889,4973719,4973925,206,mobile_element
15890,4973976,4975316,1340,gene
15891,4973976,4974157,181,mRNA
15892,4974277,4975100,823,mRNA
15893,4975153,4975316,163,mRNA
15894,4973976,4974157,181,mRNA
15895,4974277,4975100,823,mRNA
15896,4975153,4975284,131,mRNA
15897,4974137,4974157,20,CDS
15898,4974277,4975100,823,CDS
15899,4975153,4975216,63,CDS
15900,4974137,4974157,20,CDS
15901,4974277,4975100,823,CDS
15902,4975153,4975216,63,CDS
15903,4975300,4977023,1723,gene
15904,4976759,4977023,264,mRNA
15905,4976220,4976655,435,mRNA
15906,4975300,4976159,859,mRNA
15907,4976759,4976929,170,CDS
15908,4976220,4976655,435,CDS
15909,4975579,4976159,580,CDS
15910,4977312,4978567,1255,gene
15911,4977312,4977685,373,mRNA
15912,4977748,4978567,819,mRNA
15913,4977598,4977685,87,CDS
15914,4977748,4978418,670,CDS
15915,4978484,4979379,895,gene
15916,4979145,4979379,234,mRNA
15917,4978776,4979085,309,mRNA
15918,4978484,4978707,223,mRNA
15919,4979145,4979268,123,CDS
15920,4978776,4979085,309,CDS
15921,4978566,4978707,141,CDS
15922,4979513,4981592,2079,gene
15923,4981453,4981592,139,mRNA
15924,4979513,4981379,1866,mRNA
15925,4979513,4981587,2074,mRNA
15926,4981384,4981587,203,mRNA
15927,4979537,4981284,1747,mRNA
15928,4979537,4981311,1774,mRNA
15929,4979684,4981174,1490,CDS
15930,4979684,4981174,1490,CDS
15931,4979684,4981174,1490,CDS
15932,4979684,4981174,1490,CDS
15933,4981614,4992702,11088,gene
15934,4981614,4982072,458,mRNA
15935,4983714,4983915,201,mRNA
15936,4983983,4984609,626,mRNA
15937,4984713,4985424,711,mRNA
15938,4985862,4985954,92,mRNA
15939,4986017,4987089,1072,mRNA
15940,4987159,4987318,159,mRNA
15941,4987907,4988048,141,mRNA
15942,4988115,4988672,557,mRNA
15943,4988734,4988848,114,mRNA
15944,4989390,4989410,20,mRNA
15945,4990308,4990450,142,mRNA
15946,4990506,4990629,123,mRNA
15947,4990692,4990839,147,mRNA
15948,4990908,4991082,174,mRNA
15949,4991145,4991262,117,mRNA
15950,4991561,4992702,1141,mRNA
15951,4981614,4982072,458,mRNA
15952,4983714,4983915,201,mRNA
15953,4983983,4984609,626,mRNA
15954,4984713,4985424,711,mRNA
15955,4985862,4985954,92,mRNA
15956,4986017,4987089,1072,mRNA
15957,4987159,4987240,81,mRNA
15958,4987907,4988048,141,mRNA
15959,4988115,4988672,557,mRNA
15960,4988734,4988848,114,mRNA
15961,4989390,4989410,20,mRNA
15962,4990308,4990450,142,mRNA
15963,4990506,4990629,123,mRNA
15964,4990692,4990839,147,mRNA
15965,4990908,4991082,174,mRNA
15966,4991145,4991262,117,mRNA
15967,4991561,4992702,1141,mRNA
15968,4981614,4982072,458,mRNA
15969,4983714,4983915,201,mRNA
15970,4983983,4984609,626,mRNA
15971,4984713,4985424,711,mRNA
15972,4985733,4985762,29,mRNA
15973,4985862,4985954,92,mRNA
15974,4986017,4987089,1072,mRNA
15975,4987159,4987318,159,mRNA
15976,4987907,4988048,141,mRNA
15977,4988115,4988672,557,mRNA
15978,4988734,4988848,114,mRNA
15979,4990308,4990450,142,mRNA
15980,4990506,4990629,123,mRNA
15981,4990692,4990839,147,mRNA
15982,4990908,4991082,174,mRNA
15983,4991145,4991262,117,mRNA
15984,4991561,4992435,874,mRNA
15985,4981614,4982072,458,mRNA
15986,4983714,4983915,201,mRNA
15987,4983983,4984609,626,mRNA
15988,4984713,4985424,711,mRNA
15989,4985862,4985954,92,mRNA
15990,4986017,4987089,1072,mRNA
15991,4987159,4987318,159,mRNA
15992,4987907,4988048,141,mRNA
15993,4988115,4988672,557,mRNA
15994,4988734,4988848,114,mRNA
15995,4989390,4989410,20,mRNA
15996,4990308,4990450,142,mRNA
15997,4990506,4990629,123,mRNA
15998,4990692,4990839,147,mRNA
15999,4990908,4991082,174,mRNA
16000,4991145,4991262,117,mRNA
16001,4991385,4991436,51,mRNA
16002,4991561,4992435,874,mRNA
16003,4981614,4982072,458,mRNA
16004,4983714,4983915,201,mRNA
16005,4983983,4984609,626,mRNA
16006,4984713,4985424,711,mRNA
16007,4985862,4985954,92,mRNA
16008,4986017,4987089,1072,mRNA
16009,4987159,4987318,159,mRNA
16010,4987907,4988048,141,mRNA
16011,4988115,4988672,557,mRNA
16012,4988734,4988848,114,mRNA
16013,4989390,4989410,20,mRNA
16014,4990308,4990450,142,mRNA
16015,4990506,4990629,123,mRNA
16016,4990692,4990839,147,mRNA
16017,4990908,4991082,174,mRNA
16018,4991145,4991262,117,mRNA
16019,4991561,4992435,874,mRNA
16020,4982029,4982072,43,CDS
16021,4983714,4983915,201,CDS
16022,4983983,4984609,626,CDS
16023,4984713,4985424,711,CDS
16024,4985862,4985954,92,CDS
16025,4986017,4987089,1072,CDS
16026,4987159,4987318,159,CDS
16027,4987907,4988048,141,CDS
16028,4988115,4988672,557,CDS
16029,4988734,4988848,114,CDS
16030,4989390,4989410,20,CDS
16031,4990308,4990450,142,CDS
16032,4990506,4990629,123,CDS
16033,4990692,4990839,147,CDS
16034,4990908,4991082,174,CDS
16035,4991145,4991262,117,CDS
16036,4991561,4991662,101,CDS
16037,4982029,4982072,43,CDS
16038,4983714,4983915,201,CDS
16039,4983983,4984609,626,CDS
16040,4984713,4985424,711,CDS
16041,4985733,4985762,29,CDS
16042,4985862,4985954,92,CDS
16043,4986017,4987089,1072,CDS
16044,4987159,4987318,159,CDS
16045,4987907,4988048,141,CDS
16046,4988115,4988672,557,CDS
16047,4988734,4988848,114,CDS
16048,4990308,4990450,142,CDS
16049,4990506,4990629,123,CDS
16050,4990692,4990839,147,CDS
16051,4990908,4991082,174,CDS
16052,4991145,4991262,117,CDS
16053,4991561,4991611,50,CDS
16054,4982029,4982072,43,CDS
16055,4983714,4983915,201,CDS
16056,4983983,4984609,626,CDS
16057,4984713,4985424,711,CDS
16058,4985862,4985954,92,CDS
16059,4986017,4987089,1072,CDS
16060,4987159,4987318,159,CDS
16061,4987907,4988048,141,CDS
16062,4988115,4988672,557,CDS
16063,4988734,4988848,114,CDS
16064,4989390,4989410,20,CDS
16065,4990308,4990450,142,CDS
16066,4990506,4990629,123,CDS
16067,4990692,4990839,147,CDS
16068,4990908,4991082,174,CDS
16069,4991145,4991262,117,CDS
16070,4991561,4991611,50,CDS
16071,4982029,4982072,43,CDS
16072,4983714,4983915,201,CDS
16073,4983983,4984609,626,CDS
16074,4984713,4985424,711,CDS
16075,4985862,4985954,92,CDS
16076,4986017,4987089,1072,CDS
16077,4987159,4987240,81,CDS
16078,4987907,4988048,141,CDS
16079,4988115,4988672,557,CDS
16080,4988734,4988848,114,CDS
16081,4989390,4989410,20,CDS
16082,4990308,4990450,142,CDS
16083,4990506,4990629,123,CDS
16084,4990692,4990839,147,CDS
16085,4990908,4991082,174,CDS
16086,4991145,4991262,117,CDS
16087,4991561,4991611,50,CDS
16088,4982029,4982072,43,CDS
16089,4983714,4983915,201,CDS
16090,4983983,4984609,626,CDS
16091,4984713,4985424,711,CDS
16092,4985862,4985954,92,CDS
16093,4986017,4987089,1072,CDS
16094,4987159,4987318,159,CDS
16095,4987907,4988048,141,CDS
16096,4988115,4988672,557,CDS
16097,4988734,4988848,114,CDS
16098,4989390,4989410,20,CDS
16099,4990308,4990450,142,CDS
16100,4990506,4990629,123,CDS
16101,4990692,4990839,147,CDS
16102,4990908,4991082,174,CDS
16103,4991145,4991262,117,CDS
16104,4991385,4991436,51,CDS
16105,4991561,4991598,37,CDS
16106,4992808,5009720,16912,gene
16107,5006445,5006565,120,mRNA
16108,5004614,5004774,160,mRNA
16109,5004172,5004207,35,mRNA
16110,4994787,4994994,207,mRNA
16111,4994508,4994716,208,mRNA
16112,4994339,4994444,105,mRNA
16113,4992808,4994277,1469,mRNA
16114,4999225,4999502,277,mRNA
16115,4994787,4994994,207,mRNA
16116,4994508,4994716,208,mRNA
16117,4994339,4994444,105,mRNA
16118,4992808,4994277,1469,mRNA
16119,5008181,5009720,1539,mRNA
16120,4994787,4994994,207,mRNA
16121,4994508,4994716,208,mRNA
16122,4994339,4994444,105,mRNA
16123,4993641,4994277,636,mRNA
16124,5006428,5006565,137,mRNA
16125,5004614,5004774,160,mRNA
16126,5004172,5004207,35,mRNA
16127,4994787,4994994,207,mRNA
16128,4994508,4994716,208,mRNA
16129,4994339,4994444,105,mRNA
16130,4993641,4994277,636,mRNA
16131,5006384,5006565,181,mRNA
16132,5004614,5004774,160,mRNA
16133,5004172,5004207,35,mRNA
16134,4994787,4994994,207,mRNA
16135,4994508,4994716,208,mRNA
16136,4994339,4994444,105,mRNA
16137,4993641,4994277,636,mRNA
16138,5004614,5004928,314,mRNA
16139,4994787,4994994,207,mRNA
16140,4994508,4994716,208,mRNA
16141,4994339,4994444,105,mRNA
16142,4993641,4994277,636,mRNA
16143,5004614,5004928,314,mRNA
16144,5004172,5004207,35,mRNA
16145,4994787,4994994,207,mRNA
16146,4994508,4994716,208,mRNA
16147,4994339,4994444,105,mRNA
16148,4993641,4994277,636,mRNA
16149,4997114,4997381,267,mRNA
16150,4994787,4994994,207,mRNA
16151,4994508,4994716,208,mRNA
16152,4994339,4994444,105,mRNA
16153,4993641,4994277,636,mRNA
16154,4995376,4995482,106,mRNA
16155,4994787,4994994,207,mRNA
16156,4994508,4994716,208,mRNA
16157,4994339,4994444,105,mRNA
16158,4993641,4994277,636,mRNA
16159,5000249,5000370,121,mRNA
16160,4999225,4999385,160,mRNA
16161,4994787,4994994,207,mRNA
16162,4994508,4994716,208,mRNA
16163,4994339,4994444,105,mRNA
16164,4994084,4994277,193,mRNA
16165,5008181,5009720,1539,mRNA
16166,5004172,5004207,35,mRNA
16167,4994787,4994994,207,mRNA
16168,4994508,4994716,208,mRNA
16169,4994339,4994444,105,mRNA
16170,4994146,4994277,131,mRNA
16171,5008181,5009375,1194,CDS
16172,4994787,4994994,207,CDS
16173,4994508,4994716,208,CDS
16174,4994339,4994444,105,CDS
16175,4994208,4994277,69,CDS
16176,5008181,5009375,1194,CDS
16177,5004172,5004207,35,CDS
16178,4994787,4994994,207,CDS
16179,4994508,4994716,208,CDS
16180,4994339,4994444,105,CDS
16181,4994208,4994277,69,CDS
16182,5004614,5004689,75,CDS
16183,4994787,4994994,207,CDS
16184,4994508,4994716,208,CDS
16185,4994339,4994444,105,CDS
16186,4994208,4994277,69,CDS
16187,5004614,5004689,75,CDS
16188,5004172,5004207,35,CDS
16189,4994787,4994994,207,CDS
16190,4994508,4994716,208,CDS
16191,4994339,4994444,105,CDS
16192,4994208,4994277,69,CDS
16193,5004614,5004689,75,CDS
16194,5004172,5004207,35,CDS
16195,4994787,4994994,207,CDS
16196,4994508,4994716,208,CDS
16197,4994339,4994444,105,CDS
16198,4994208,4994277,69,CDS
16199,5004614,5004689,75,CDS
16200,5004172,5004207,35,CDS
16201,4994787,4994994,207,CDS
16202,4994508,4994716,208,CDS
16203,4994339,4994444,105,CDS
16204,4994208,4994277,69,CDS
16205,5004614,5004689,75,CDS
16206,5004172,5004207,35,CDS
16207,4994787,4994994,207,CDS
16208,4994508,4994716,208,CDS
16209,4994339,4994444,105,CDS
16210,4994208,4994277,69,CDS
16211,4999225,4999306,81,CDS
16212,4994787,4994994,207,CDS
16213,4994508,4994716,208,CDS
16214,4994339,4994444,105,CDS
16215,4994208,4994277,69,CDS
16216,4999225,4999306,81,CDS
16217,4994787,4994994,207,CDS
16218,4994508,4994716,208,CDS
16219,4994339,4994444,105,CDS
16220,4994208,4994277,69,CDS
16221,4997114,4997189,75,CDS
16222,4994787,4994994,207,CDS
16223,4994508,4994716,208,CDS
16224,4994339,4994444,105,CDS
16225,4994208,4994277,69,CDS
16226,4995376,4995391,15,CDS
16227,4994787,4994994,207,CDS
16228,4994508,4994716,208,CDS
16229,4994339,4994444,105,CDS
16230,4994208,4994277,69,CDS
16231,5009931,5010834,903,gene
16232,5009931,5010834,903,gene
16233,5010732,5010834,102,mRNA
16234,5009931,5010673,742,mRNA
16235,5010732,5010834,102,mRNA
16236,5009931,5010673,742,mRNA
16237,5009977,5010432,455,CDS
16238,5010732,5010766,34,CDS
16239,5010487,5010673,186,CDS
16240,5010922,5012127,1205,gene
16241,5010922,5011335,413,mRNA
16242,5011412,5012127,715,mRNA
16243,5011092,5011335,243,mRNA
16244,5011412,5012127,715,mRNA
16245,5011092,5011131,39,mRNA
16246,5011184,5011335,151,mRNA
16247,5011412,5012127,715,mRNA
16248,5011190,5011335,145,CDS
16249,5011412,5011862,450,CDS
16250,5011190,5011335,145,CDS
16251,5011412,5011862,450,CDS
16252,5011190,5011335,145,CDS
16253,5011412,5011862,450,CDS
16254,5012144,5028191,16047,gene
16255,5028119,5028191,72,mRNA
16256,5027037,5027221,184,mRNA
16257,5018575,5018757,182,mRNA
16258,5018468,5018512,44,mRNA
16259,5015691,5018301,2610,mRNA
16260,5013675,5015592,1917,mRNA
16261,5013497,5013611,114,mRNA
16262,5013212,5013435,223,mRNA
16263,5012144,5013144,1000,mRNA
16264,5027352,5027445,93,mRNA
16265,5027037,5027221,184,mRNA
16266,5018575,5018757,182,mRNA
16267,5018468,5018512,44,mRNA
16268,5015691,5018301,2610,mRNA
16269,5013675,5015592,1917,mRNA
16270,5013497,5013611,114,mRNA
16271,5013212,5013435,223,mRNA
16272,5012144,5013144,1000,mRNA
16273,5027298,5027445,147,mRNA
16274,5027037,5027221,184,mRNA
16275,5018575,5018757,182,mRNA
16276,5018468,5018512,44,mRNA
16277,5015691,5018301,2610,mRNA
16278,5013675,5015592,1917,mRNA
16279,5013497,5013611,114,mRNA
16280,5013212,5013435,223,mRNA
16281,5012144,5013144,1000,mRNA
16282,5027037,5027129,92,CDS
16283,5018575,5018757,182,CDS
16284,5018468,5018512,44,CDS
16285,5015691,5018301,2610,CDS
16286,5013675,5015592,1917,CDS
16287,5013497,5013611,114,CDS
16288,5013212,5013435,223,CDS
16289,5012511,5013144,633,CDS
16290,5027037,5027129,92,CDS
16291,5018575,5018757,182,CDS
16292,5018468,5018512,44,CDS
16293,5015691,5018301,2610,CDS
16294,5013675,5015592,1917,CDS
16295,5013497,5013611,114,CDS
16296,5013212,5013435,223,CDS
16297,5012511,5013144,633,CDS
16298,5027037,5027129,92,CDS
16299,5018575,5018757,182,CDS
16300,5018468,5018512,44,CDS
16301,5015691,5018301,2610,CDS
16302,5013675,5015592,1917,CDS
16303,5013497,5013611,114,CDS
16304,5013212,5013435,223,CDS
16305,5012511,5013144,633,CDS
16306,5029609,5037279,7670,gene
16307,5029609,5029746,137,mRNA
16308,5030137,5030237,100,mRNA
16309,5030742,5030790,48,mRNA
16310,5030855,5031802,947,mRNA
16311,5031878,5032374,496,mRNA
16312,5032500,5033950,1450,mRNA
16313,5034013,5034981,968,mRNA
16314,5035064,5036208,1144,mRNA
16315,5036477,5037279,802,mRNA
16316,5029609,5029810,201,mRNA
16317,5030137,5030237,100,mRNA
16318,5030742,5030790,48,mRNA
16319,5030855,5031802,947,mRNA
16320,5031878,5032374,496,mRNA
16321,5032500,5033950,1450,mRNA
16322,5034013,5034981,968,mRNA
16323,5035064,5036208,1144,mRNA
16324,5036477,5037114,637,mRNA
16325,5029616,5029636,20,mRNA
16326,5030137,5030237,100,mRNA
16327,5030742,5030790,48,mRNA
16328,5030855,5031802,947,mRNA
16329,5031878,5032374,496,mRNA
16330,5032500,5033950,1450,mRNA
16331,5034013,5034981,968,mRNA
16332,5035064,5036208,1144,mRNA
16333,5036477,5036930,453,mRNA
16334,5030218,5030237,19,CDS
16335,5030742,5030790,48,CDS
16336,5030855,5031802,947,CDS
16337,5031878,5032374,496,CDS
16338,5032500,5033950,1450,CDS
16339,5034013,5034981,968,CDS
16340,5035064,5036208,1144,CDS
16341,5036477,5036737,260,CDS
16342,5030218,5030237,19,CDS
16343,5030742,5030790,48,CDS
16344,5030855,5031802,947,CDS
16345,5031878,5032374,496,CDS
16346,5032500,5033950,1450,CDS
16347,5034013,5034981,968,CDS
16348,5035064,5036208,1144,CDS
16349,5036477,5036737,260,CDS
16350,5030218,5030237,19,CDS
16351,5030742,5030790,48,CDS
16352,5030855,5031802,947,CDS
16353,5031878,5032374,496,CDS
16354,5032500,5033950,1450,CDS
16355,5034013,5034981,968,CDS
16356,5035064,5036208,1144,CDS
16357,5036477,5036737,260,CDS
16358,5037709,5040818,3109,gene
16359,5037709,5040818,3109,gene
16360,5037709,5039740,2031,mRNA
16361,5039809,5040818,1009,mRNA
16362,5037709,5039740,2031,mRNA
16363,5039809,5040818,1009,mRNA
16364,5037798,5039740,1942,mRNA
16365,5039809,5040027,218,mRNA
16366,5040120,5040622,502,mRNA
16367,5037798,5039740,1942,mRNA
16368,5039809,5040027,218,mRNA
16369,5040120,5040622,502,mRNA
16370,5037798,5039025,1227,mRNA
16371,5038122,5038757,635,CDS
16372,5038122,5038757,635,CDS
16373,5038122,5038757,635,CDS
16374,5039067,5039740,673,mRNA
16375,5039809,5040622,813,mRNA
16376,5039067,5039740,673,mRNA
16377,5039809,5040027,218,mRNA
16378,5040120,5040622,502,mRNA
16379,5039111,5039740,629,CDS
16380,5039809,5040027,218,CDS
16381,5040120,5040176,56,CDS
16382,5039111,5039740,629,CDS
16383,5039809,5040027,218,CDS
16384,5040120,5040176,56,CDS
16385,5039111,5039740,629,CDS
16386,5039809,5040060,251,CDS
16387,5039111,5039740,629,CDS
16388,5039809,5040060,251,CDS
16389,5040648,5044712,4064,gene
16390,5044539,5044712,173,mRNA
16391,5042491,5042890,399,mRNA
16392,5041689,5041836,147,mRNA
16393,5040648,5041539,891,mRNA
16394,5043802,5044008,206,mRNA
16395,5042491,5042890,399,mRNA
16396,5041689,5041836,147,mRNA
16397,5040648,5041539,891,mRNA
16398,5043078,5043158,80,mRNA
16399,5042491,5042884,393,mRNA
16400,5041689,5041836,147,mRNA
16401,5040648,5041539,891,mRNA
16402,5043078,5043158,80,mRNA
16403,5042491,5042887,396,mRNA
16404,5041698,5041836,138,mRNA
16405,5040648,5041539,891,mRNA
16406,5043078,5043158,80,mRNA
16407,5042491,5042890,399,mRNA
16408,5041689,5041836,147,mRNA
16409,5040648,5041539,891,mRNA
16410,5042984,5043158,174,mRNA
16411,5042491,5042890,399,mRNA
16412,5041689,5041836,147,mRNA
16413,5040648,5041539,891,mRNA
16414,5042961,5043158,197,mRNA
16415,5042491,5042890,399,mRNA
16416,5041689,5041836,147,mRNA
16417,5040648,5041539,891,mRNA
16418,5042491,5042713,222,CDS
16419,5041698,5041836,138,CDS
16420,5040882,5041539,657,CDS
16421,5042491,5042713,222,CDS
16422,5041689,5041836,147,CDS
16423,5040882,5041539,657,CDS
16424,5042491,5042713,222,CDS
16425,5041689,5041836,147,CDS
16426,5040882,5041539,657,CDS
16427,5042491,5042713,222,CDS
16428,5041689,5041836,147,CDS
16429,5040882,5041539,657,CDS
16430,5042491,5042713,222,CDS
16431,5041689,5041836,147,CDS
16432,5040882,5041539,657,CDS
16433,5042491,5042713,222,CDS
16434,5041689,5041836,147,CDS
16435,5040882,5041539,657,CDS
16436,5042491,5042713,222,CDS
16437,5041689,5041836,147,CDS
16438,5040882,5041539,657,CDS
16439,5043270,5048365,5095,gene
16440,5043270,5048365,5095,gene
16441,5043270,5048365,5095,gene
16442,5043270,5043383,113,mRNA
16443,5044307,5044689,382,mRNA
16444,5045822,5045925,103,mRNA
16445,5046147,5047206,1059,mRNA
16446,5047273,5047479,206,mRNA
16447,5047543,5048365,822,mRNA
16448,5043270,5043383,113,mRNA
16449,5044307,5044689,382,mRNA
16450,5045822,5045925,103,mRNA
16451,5046147,5047206,1059,mRNA
16452,5047273,5047479,206,mRNA
16453,5047543,5048365,822,mRNA
16454,5043270,5043383,113,mRNA
16455,5044307,5044689,382,mRNA
16456,5045822,5045925,103,mRNA
16457,5046147,5047206,1059,mRNA
16458,5047273,5047479,206,mRNA
16459,5047543,5048365,822,mRNA
16460,5043270,5043383,113,mRNA
16461,5044583,5044689,106,mRNA
16462,5045822,5045925,103,mRNA
16463,5046147,5047206,1059,mRNA
16464,5047273,5047479,206,mRNA
16465,5047543,5048365,822,mRNA
16466,5043270,5043383,113,mRNA
16467,5044583,5044689,106,mRNA
16468,5045822,5045925,103,mRNA
16469,5046147,5047206,1059,mRNA
16470,5047273,5047479,206,mRNA
16471,5047543,5048365,822,mRNA
16472,5043270,5043383,113,mRNA
16473,5044583,5044689,106,mRNA
16474,5045822,5045925,103,mRNA
16475,5046147,5047206,1059,mRNA
16476,5047273,5047479,206,mRNA
16477,5047543,5048365,822,mRNA
16478,5043270,5043383,113,mRNA
16479,5045822,5045925,103,mRNA
16480,5046147,5047206,1059,mRNA
16481,5047273,5047479,206,mRNA
16482,5047543,5048365,822,mRNA
16483,5043270,5043383,113,mRNA
16484,5045822,5045925,103,mRNA
16485,5046147,5047206,1059,mRNA
16486,5047273,5047479,206,mRNA
16487,5047543,5048365,822,mRNA
16488,5044453,5044689,236,mRNA
16489,5045822,5045925,103,mRNA
16490,5046147,5047206,1059,mRNA
16491,5047273,5047479,206,mRNA
16492,5047543,5048365,822,mRNA
16493,5044453,5044689,236,mRNA
16494,5045822,5045925,103,mRNA
16495,5046147,5047206,1059,mRNA
16496,5047273,5047479,206,mRNA
16497,5047543,5048365,822,mRNA
16498,5044453,5044689,236,mRNA
16499,5045822,5045925,103,mRNA
16500,5046147,5047206,1059,mRNA
16501,5047273,5047479,206,mRNA
16502,5047543,5048365,822,mRNA
16503,5044608,5044689,81,CDS
16504,5045822,5045925,103,CDS
16505,5046147,5046344,197,CDS
16506,5044608,5044689,81,CDS
16507,5045822,5045925,103,CDS
16508,5046147,5046344,197,CDS
16509,5044608,5044689,81,CDS
16510,5045822,5045925,103,CDS
16511,5046147,5046344,197,CDS
16512,5045397,5045483,86,mRNA
16513,5045822,5045925,103,mRNA
16514,5046147,5047206,1059,mRNA
16515,5047273,5047479,206,mRNA
16516,5047543,5048365,822,mRNA
16517,5045397,5045483,86,mRNA
16518,5045822,5045925,103,mRNA
16519,5046147,5047206,1059,mRNA
16520,5047273,5047479,206,mRNA
16521,5047543,5048365,822,mRNA
16522,5046568,5046975,407,CDS
16523,5046568,5046975,407,CDS
16524,5046568,5046975,407,CDS
16525,5046568,5046975,407,CDS
16526,5046568,5046975,407,CDS
16527,5047104,5047206,102,CDS
16528,5047273,5047479,206,CDS
16529,5047543,5047778,235,CDS
16530,5047104,5047206,102,CDS
16531,5047273,5047479,206,CDS
16532,5047543,5047778,235,CDS
16533,5047104,5047206,102,CDS
16534,5047273,5047479,206,CDS
16535,5047543,5047778,235,CDS
16536,5047104,5047206,102,CDS
16537,5047273,5047479,206,CDS
16538,5047543,5047778,235,CDS
16539,5047104,5047206,102,CDS
16540,5047273,5047479,206,CDS
16541,5047543,5047778,235,CDS
16542,5047818,5051062,3244,gene
16543,5050956,5051062,106,mRNA
16544,5048791,5050017,1226,mRNA
16545,5047818,5048719,901,mRNA
16546,5050658,5050975,317,mRNA
16547,5048791,5050017,1226,mRNA
16548,5047818,5048719,901,mRNA
16549,5050658,5050975,317,mRNA
16550,5050129,5050248,119,mRNA
16551,5048791,5050017,1226,mRNA
16552,5047818,5048719,901,mRNA
16553,5048791,5050080,1289,mRNA
16554,5047818,5048719,901,mRNA
16555,5050658,5050877,219,CDS
16556,5048791,5050017,1226,CDS
16557,5048364,5048719,355,CDS
16558,5048791,5049976,1185,CDS
16559,5048364,5048719,355,CDS
16560,5048791,5049976,1185,CDS
16561,5048364,5048719,355,CDS
16562,5048791,5049976,1185,CDS
16563,5048364,5048719,355,CDS
16564,5051193,5053094,1901,gene
16565,5052655,5053094,439,mRNA
16566,5051637,5052314,677,mRNA
16567,5051193,5051570,377,mRNA
16568,5052655,5052780,125,mRNA
16569,5051637,5052314,677,mRNA
16570,5051193,5051570,377,mRNA
16571,5052655,5052735,80,CDS
16572,5051637,5052314,677,CDS
16573,5051313,5051570,257,CDS
16574,5052655,5052735,80,CDS
16575,5051637,5052314,677,CDS
16576,5051313,5051570,257,CDS
16577,5052843,5054575,1732,gene
16578,5052843,5053168,325,mRNA
16579,5053239,5053356,117,mRNA
16580,5053415,5054575,1160,mRNA
16581,5053084,5053168,84,CDS
16582,5053239,5053356,117,CDS
16583,5053415,5054378,963,CDS
16584,5054579,5055016,437,gene
16585,5054579,5055016,437,mRNA
16586,5054671,5054952,281,CDS
16587,5055058,5056149,1091,gene
16588,5055058,5055540,482,mRNA
16589,5055631,5055995,364,mRNA
16590,5055134,5055540,406,mRNA
16591,5055631,5056149,518,mRNA
16592,5055134,5055540,406,mRNA
16593,5055631,5055995,364,mRNA
16594,5055259,5055540,281,CDS
16595,5055631,5055759,128,CDS
16596,5055259,5055540,281,CDS
16597,5055631,5055759,128,CDS
16598,5055259,5055540,281,CDS
16599,5055631,5055759,128,CDS
16600,5055982,5058248,2266,gene
16601,5055982,5058248,2266,mRNA
16602,5056247,5058136,1889,CDS
16603,5058404,5059790,1386,gene
16604,5059630,5059790,160,mRNA
16605,5058786,5059559,773,mRNA
16606,5058404,5058676,272,mRNA
16607,5058786,5059550,764,CDS
16608,5058515,5058676,161,CDS
16609,5060473,5060806,333,gene
16610,5060473,5060806,333,ncRNA
16611,5060815,5070750,9935,gene
16612,5060815,5060990,175,mRNA
16613,5062741,5063210,469,mRNA
16614,5066870,5067249,379,mRNA
16615,5067309,5068227,918,mRNA
16616,5068296,5068394,98,mRNA
16617,5069127,5069219,92,mRNA
16618,5070097,5070750,653,mRNA
16619,5060815,5060990,175,mRNA
16620,5062741,5063210,469,mRNA
16621,5066870,5067249,379,mRNA
16622,5067309,5068227,918,mRNA
16623,5068296,5068394,98,mRNA
16624,5070097,5070750,653,mRNA
16625,5060815,5060990,175,mRNA
16626,5062741,5063210,469,mRNA
16627,5066870,5067249,379,mRNA
16628,5067309,5068227,918,mRNA
16629,5068296,5068394,98,mRNA
16630,5069127,5069219,92,mRNA
16631,5070097,5070653,556,mRNA
16632,5062636,5063442,806,gene
16633,5062636,5063442,806,ncRNA
16634,5062743,5063210,467,CDS
16635,5066870,5067249,379,CDS
16636,5067309,5068227,918,CDS
16637,5068296,5068394,98,CDS
16638,5069127,5069219,92,CDS
16639,5070097,5070303,206,CDS
16640,5062743,5063210,467,CDS
16641,5066870,5067249,379,CDS
16642,5067309,5068227,918,CDS
16643,5068296,5068394,98,CDS
16644,5069127,5069219,92,CDS
16645,5070097,5070303,206,CDS
16646,5062743,5063210,467,CDS
16647,5066870,5067249,379,CDS
16648,5067309,5068227,918,CDS
16649,5068296,5068394,98,CDS
16650,5070097,5070303,206,CDS
16651,5062972,5063210,238,mRNA
16652,5066870,5067249,379,mRNA
16653,5067309,5068227,918,mRNA
16654,5068296,5068394,98,mRNA
16655,5069127,5069219,92,mRNA
16656,5070097,5070750,653,mRNA
16657,5062972,5063210,238,mRNA
16658,5066870,5067249,379,mRNA
16659,5067309,5068227,918,mRNA
16660,5068296,5068394,98,mRNA
16661,5070097,5070750,653,mRNA
16662,5063184,5063210,26,CDS
16663,5066870,5067249,379,CDS
16664,5067309,5068227,918,CDS
16665,5068296,5068394,98,CDS
16666,5069127,5069219,92,CDS
16667,5070097,5070303,206,CDS
16668,5063184,5063210,26,CDS
16669,5066870,5067249,379,CDS
16670,5067309,5068227,918,CDS
16671,5068296,5068394,98,CDS
16672,5070097,5070303,206,CDS
16673,5064372,5064581,209,mRNA
16674,5066870,5067249,379,mRNA
16675,5067309,5068227,918,mRNA
16676,5068296,5068394,98,mRNA
16677,5069127,5069219,92,mRNA
16678,5070097,5070750,653,mRNA
16679,5064372,5064581,209,mRNA
16680,5066870,5067249,379,mRNA
16681,5067309,5068227,918,mRNA
16682,5068296,5068394,98,mRNA
16683,5070097,5070750,653,mRNA
16684,5064372,5064581,209,mRNA
16685,5066870,5067249,379,mRNA
16686,5067309,5068227,918,mRNA
16687,5068296,5068803,507,mRNA
16688,5064579,5064581,2,CDS
16689,5066870,5067249,379,CDS
16690,5067309,5068227,918,CDS
16691,5068296,5068394,98,CDS
16692,5069127,5069219,92,CDS
16693,5070097,5070303,206,CDS
16694,5064579,5064581,2,CDS
16695,5066870,5067249,379,CDS
16696,5067309,5068227,918,CDS
16697,5068296,5068394,98,CDS
16698,5070097,5070303,206,CDS
16699,5064579,5064581,2,CDS
16700,5066870,5067249,379,CDS
16701,5067309,5068227,918,CDS
16702,5068296,5068466,170,CDS
16703,5066012,5066071,59,mRNA
16704,5066870,5067249,379,mRNA
16705,5067309,5068227,918,mRNA
16706,5068296,5068394,98,mRNA
16707,5069127,5069219,92,mRNA
16708,5070097,5070299,202,mRNA
16709,5070353,5070581,228,mRNA
16710,5066012,5066071,59,mRNA
16711,5066870,5067249,379,mRNA
16712,5067309,5068227,918,mRNA
16713,5068296,5068394,98,mRNA
16714,5070097,5070299,202,mRNA
16715,5070353,5070581,228,mRNA
16716,5066012,5066167,155,mRNA
16717,5066870,5067249,379,mRNA
16718,5067309,5068227,918,mRNA
16719,5068296,5068394,98,mRNA
16720,5069127,5069219,92,mRNA
16721,5070097,5070299,202,mRNA
16722,5070353,5070543,190,mRNA
16723,5066012,5066167,155,mRNA
16724,5066870,5067249,379,mRNA
16725,5067309,5068227,918,mRNA
16726,5068296,5068394,98,mRNA
16727,5070097,5070299,202,mRNA
16728,5070353,5070543,190,mRNA
16729,5066069,5066167,98,CDS
16730,5066870,5067249,379,CDS
16731,5067309,5068227,918,CDS
16732,5068296,5068394,98,CDS
16733,5069127,5069219,92,CDS
16734,5070097,5070299,202,CDS
16735,5070353,5070440,87,CDS
16736,5066069,5066167,98,CDS
16737,5066870,5067249,379,CDS
16738,5067309,5068227,918,CDS
16739,5068296,5068394,98,CDS
16740,5070097,5070299,202,CDS
16741,5070353,5070440,87,CDS
16742,5066069,5066071,2,CDS
16743,5066870,5067249,379,CDS
16744,5067309,5068227,918,CDS
16745,5068296,5068394,98,CDS
16746,5069127,5069219,92,CDS
16747,5070097,5070299,202,CDS
16748,5070353,5070440,87,CDS
16749,5066069,5066071,2,CDS
16750,5066870,5067249,379,CDS
16751,5067309,5068227,918,CDS
16752,5068296,5068394,98,CDS
16753,5070097,5070299,202,CDS
16754,5070353,5070440,87,CDS
16755,5068570,5068684,114,gene
16756,5068570,5068684,114,precursor_RNA
16757,5068596,5068617,21,ncRNA
16758,5068635,5068658,23,ncRNA
16759,5070887,5071109,222,gene
16760,5070887,5071109,222,ncRNA
16761,5070957,5072055,1098,gene
16762,5070957,5071030,73,mRNA
16763,5071103,5071157,54,mRNA
16764,5071227,5071355,128,mRNA
16765,5071609,5072055,446,mRNA
16766,5071000,5071157,157,mRNA
16767,5071227,5071355,128,mRNA
16768,5071609,5071904,295,mRNA
16769,5071000,5071030,30,mRNA
16770,5071103,5071157,54,mRNA
16771,5071227,5071355,128,mRNA
16772,5071609,5071904,295,mRNA
16773,5071155,5071157,2,CDS
16774,5071227,5071355,128,CDS
16775,5071609,5071755,146,CDS
16776,5071155,5071157,2,CDS
16777,5071227,5071355,128,CDS
16778,5071609,5071755,146,CDS
16779,5071155,5071157,2,CDS
16780,5071227,5071355,128,CDS
16781,5071609,5071755,146,CDS
16782,5072170,5093592,21422,gene
16783,5093445,5093592,147,mRNA
16784,5078462,5079574,1112,mRNA
16785,5078234,5078400,166,mRNA
16786,5077774,5078092,318,mRNA
16787,5077535,5077712,177,mRNA
16788,5075649,5075829,180,mRNA
16789,5074390,5074529,139,mRNA
16790,5074092,5074325,233,mRNA
16791,5072170,5074029,1859,mRNA
16792,5093445,5093592,147,mRNA
16793,5092875,5092898,23,mRNA
16794,5078462,5079574,1112,mRNA
16795,5078234,5078400,166,mRNA
16796,5077774,5078092,318,mRNA
16797,5077535,5077712,177,mRNA
16798,5077077,5077257,180,mRNA
16799,5074390,5074529,139,mRNA
16800,5074092,5074325,233,mRNA
16801,5072170,5074029,1859,mRNA
16802,5078462,5078988,526,CDS
16803,5078234,5078400,166,CDS
16804,5077774,5078092,318,CDS
16805,5077535,5077712,177,CDS
16806,5075649,5075829,180,CDS
16807,5074390,5074529,139,CDS
16808,5074092,5074325,233,CDS
16809,5073883,5074029,146,CDS
16810,5078462,5078988,526,CDS
16811,5078234,5078400,166,CDS
16812,5077774,5078092,318,CDS
16813,5077535,5077712,177,CDS
16814,5077077,5077257,180,CDS
16815,5074390,5074529,139,CDS
16816,5074092,5074325,233,CDS
16817,5073883,5074029,146,CDS
16818,5093976,5095910,1934,gene
16819,5093976,5095910,1934,mRNA
16820,5094012,5095439,1427,mRNA
16821,5094106,5095191,1085,CDS
16822,5094106,5095191,1085,CDS
16823,5096227,5099294,3067,gene
16824,5096227,5096700,473,mRNA
16825,5097036,5097226,190,mRNA
16826,5097537,5097651,114,mRNA
16827,5097710,5098034,324,mRNA
16828,5098094,5098613,519,mRNA
16829,5096371,5096700,329,mRNA
16830,5097033,5097235,202,mRNA
16831,5097537,5097651,114,mRNA
16832,5097710,5098034,324,mRNA
16833,5098094,5099294,1200,mRNA
16834,5096371,5096700,329,mRNA
16835,5097036,5097226,190,mRNA
16836,5097537,5097651,114,mRNA
16837,5097710,5098034,324,mRNA
16838,5098094,5099294,1200,mRNA
16839,5096651,5096700,49,CDS
16840,5097036,5097226,190,CDS
16841,5097537,5097651,114,CDS
16842,5097710,5098034,324,CDS
16843,5098094,5098573,479,CDS
16844,5096651,5096700,49,CDS
16845,5097033,5097235,202,CDS
16846,5097537,5097651,114,CDS
16847,5097710,5098034,324,CDS
16848,5098094,5098384,290,CDS
16849,5096651,5096700,49,CDS
16850,5097036,5097226,190,CDS
16851,5097537,5097651,114,CDS
16852,5097710,5098034,324,CDS
16853,5098094,5098384,290,CDS
16854,5099177,5100288,1111,gene
16855,5100010,5100202,192,mRNA
16856,5099737,5099913,176,mRNA
16857,5099177,5099673,496,mRNA
16858,5100010,5100288,278,mRNA
16859,5099737,5099913,176,mRNA
16860,5099500,5099673,173,mRNA
16861,5100010,5100202,192,mRNA
16862,5099737,5099913,176,mRNA
16863,5099500,5099673,173,mRNA
16864,5100010,5100141,131,CDS
16865,5099737,5099913,176,CDS
16866,5099602,5099673,71,CDS
16867,5100010,5100141,131,CDS
16868,5099737,5099913,176,CDS
16869,5099602,5099673,71,CDS
16870,5100010,5100141,131,CDS
16871,5099737,5099913,176,CDS
16872,5099602,5099673,71,CDS
16873,5100877,5207002,106125,gene
16874,5100877,5101044,167,mRNA
16875,5102669,5103596,927,mRNA
16876,5117577,5117638,61,mRNA
16877,5121676,5121948,272,mRNA
16878,5122435,5122601,166,mRNA
16879,5122661,5122937,276,mRNA
16880,5123016,5125622,2606,mRNA
16881,5125828,5139015,13187,mRNA
16882,5139359,5139673,314,mRNA
16883,5139779,5140921,1142,mRNA
16884,5141311,5141517,206,mRNA
16885,5141653,5141890,237,mRNA
16886,5142003,5144785,2782,mRNA
16887,5146993,5147298,305,mRNA
16888,5148731,5148882,151,mRNA
16889,5154248,5155217,969,mRNA
16890,5155322,5155534,212,mRNA
16891,5155589,5155849,260,mRNA
16892,5187607,5187717,110,mRNA
16893,5188117,5188281,164,mRNA
16894,5188342,5195460,7118,mRNA
16895,5195979,5196284,305,mRNA
16896,5197867,5198124,257,mRNA
16897,5199343,5202302,2959,mRNA
16898,5203116,5203742,626,mRNA
16899,5204451,5204592,141,mRNA
16900,5204836,5204903,67,mRNA
16901,5205104,5207002,1898,mRNA
16902,5100877,5101044,167,mRNA
16903,5102669,5103596,927,mRNA
16904,5117577,5117638,61,mRNA
16905,5121676,5121948,272,mRNA
16906,5122196,5122249,53,mRNA
16907,5122435,5122601,166,mRNA
16908,5122661,5122937,276,mRNA
16909,5123016,5125622,2606,mRNA
16910,5125828,5127057,1229,mRNA
16911,5139359,5139673,314,mRNA
16912,5139779,5140921,1142,mRNA
16913,5141653,5141890,237,mRNA
16914,5142003,5144785,2782,mRNA
16915,5146993,5147298,305,mRNA
16916,5148731,5148882,151,mRNA
16917,5154248,5155217,969,mRNA
16918,5155322,5155534,212,mRNA
16919,5155589,5155849,260,mRNA
16920,5187607,5187717,110,mRNA
16921,5188117,5188281,164,mRNA
16922,5188342,5195460,7118,mRNA
16923,5195979,5196284,305,mRNA
16924,5197867,5198124,257,mRNA
16925,5199343,5202302,2959,mRNA
16926,5202765,5202803,38,mRNA
16927,5203116,5203742,626,mRNA
16928,5204451,5204592,141,mRNA
16929,5204836,5204903,67,mRNA
16930,5205104,5205389,285,mRNA
16931,5100877,5101044,167,mRNA
16932,5102669,5103596,927,mRNA
16933,5117577,5117638,61,mRNA
16934,5121676,5121948,272,mRNA
16935,5122435,5122601,166,mRNA
16936,5122661,5122937,276,mRNA
16937,5123016,5125622,2606,mRNA
16938,5125828,5139015,13187,mRNA
16939,5139359,5139673,314,mRNA
16940,5139779,5140921,1142,mRNA
16941,5141311,5141517,206,mRNA
16942,5141653,5141890,237,mRNA
16943,5142003,5144785,2782,mRNA
16944,5146993,5147298,305,mRNA
16945,5148731,5148882,151,mRNA
16946,5154248,5155217,969,mRNA
16947,5155322,5155534,212,mRNA
16948,5155589,5155849,260,mRNA
16949,5187607,5187717,110,mRNA
16950,5188117,5188281,164,mRNA
16951,5188342,5195460,7118,mRNA
16952,5195979,5196284,305,mRNA
16953,5197867,5198124,257,mRNA
16954,5199343,5202302,2959,mRNA
16955,5202765,5202803,38,mRNA
16956,5203116,5203742,626,mRNA
16957,5204451,5204592,141,mRNA
16958,5204836,5204903,67,mRNA
16959,5205104,5205389,285,mRNA
16960,5100877,5101044,167,mRNA
16961,5102669,5103596,927,mRNA
16962,5117577,5117638,61,mRNA
16963,5121676,5121948,272,mRNA
16964,5122435,5122601,166,mRNA
16965,5122661,5122937,276,mRNA
16966,5123016,5125622,2606,mRNA
16967,5125828,5139015,13187,mRNA
16968,5139359,5139673,314,mRNA
16969,5139779,5140921,1142,mRNA
16970,5141653,5141890,237,mRNA
16971,5142003,5144785,2782,mRNA
16972,5146993,5147298,305,mRNA
16973,5148731,5148882,151,mRNA
16974,5154248,5155217,969,mRNA
16975,5155322,5155534,212,mRNA
16976,5155589,5155849,260,mRNA
16977,5187607,5187717,110,mRNA
16978,5188117,5188281,164,mRNA
16979,5188342,5195460,7118,mRNA
16980,5195979,5196284,305,mRNA
16981,5197867,5198124,257,mRNA
16982,5199343,5202302,2959,mRNA
16983,5203116,5203742,626,mRNA
16984,5204451,5204592,141,mRNA
16985,5204836,5204903,67,mRNA
16986,5205104,5205389,285,mRNA
16987,5102798,5103596,798,CDS
16988,5117577,5117638,61,CDS
16989,5121676,5121948,272,CDS
16990,5122196,5122249,53,CDS
16991,5122435,5122601,166,CDS
16992,5122661,5122937,276,CDS
16993,5123016,5125622,2606,CDS
16994,5125828,5127057,1229,CDS
16995,5139359,5139673,314,CDS
16996,5139779,5140921,1142,CDS
16997,5141653,5141890,237,CDS
16998,5142003,5144785,2782,CDS
16999,5146993,5147298,305,CDS
17000,5148731,5148882,151,CDS
17001,5154248,5155217,969,CDS
17002,5155322,5155534,212,CDS
17003,5155589,5155849,260,CDS
17004,5187607,5187717,110,CDS
17005,5188117,5188281,164,CDS
17006,5188342,5195460,7118,CDS
17007,5195979,5196284,305,CDS
17008,5197867,5198124,257,CDS
17009,5199343,5202302,2959,CDS
17010,5202765,5202803,38,CDS
17011,5203116,5203742,626,CDS
17012,5204451,5204592,141,CDS
17013,5204836,5204903,67,CDS
17014,5205104,5205347,243,CDS
17015,5102798,5103596,798,CDS
17016,5117577,5117638,61,CDS
17017,5121676,5121948,272,CDS
17018,5122435,5122601,166,CDS
17019,5122661,5122937,276,CDS
17020,5123016,5125622,2606,CDS
17021,5125828,5139015,13187,CDS
17022,5139359,5139673,314,CDS
17023,5139779,5140921,1142,CDS
17024,5141311,5141517,206,CDS
17025,5141653,5141890,237,CDS
17026,5142003,5144785,2782,CDS
17027,5146993,5147298,305,CDS
17028,5148731,5148882,151,CDS
17029,5154248,5155217,969,CDS
17030,5155322,5155534,212,CDS
17031,5155589,5155849,260,CDS
17032,5187607,5187717,110,CDS
17033,5188117,5188281,164,CDS
17034,5188342,5195460,7118,CDS
17035,5195979,5196284,305,CDS
17036,5197867,5198124,257,CDS
17037,5199343,5202302,2959,CDS
17038,5202765,5202803,38,CDS
17039,5203116,5203742,626,CDS
17040,5204451,5204592,141,CDS
17041,5204836,5204903,67,CDS
17042,5205104,5205347,243,CDS
17043,5102798,5103596,798,CDS
17044,5117577,5117638,61,CDS
17045,5121676,5121948,272,CDS
17046,5122435,5122601,166,CDS
17047,5122661,5122937,276,CDS
17048,5123016,5125622,2606,CDS
17049,5125828,5139015,13187,CDS
17050,5139359,5139673,314,CDS
17051,5139779,5140921,1142,CDS
17052,5141311,5141517,206,CDS
17053,5141653,5141890,237,CDS
17054,5142003,5144785,2782,CDS
17055,5146993,5147298,305,CDS
17056,5148731,5148882,151,CDS
17057,5154248,5155217,969,CDS
17058,5155322,5155534,212,CDS
17059,5155589,5155849,260,CDS
17060,5187607,5187717,110,CDS
17061,5188117,5188281,164,CDS
17062,5188342,5195460,7118,CDS
17063,5195979,5196284,305,CDS
17064,5197867,5198124,257,CDS
17065,5199343,5202302,2959,CDS
17066,5203116,5203742,626,CDS
17067,5204451,5204592,141,CDS
17068,5204836,5204903,67,CDS
17069,5205104,5205347,243,CDS
17070,5102798,5103596,798,CDS
17071,5117577,5117638,61,CDS
17072,5121676,5121948,272,CDS
17073,5122435,5122601,166,CDS
17074,5122661,5122937,276,CDS
17075,5123016,5125622,2606,CDS
17076,5125828,5139015,13187,CDS
17077,5139359,5139673,314,CDS
17078,5139779,5140921,1142,CDS
17079,5141653,5141890,237,CDS
17080,5142003,5144785,2782,CDS
17081,5146993,5147298,305,CDS
17082,5148731,5148882,151,CDS
17083,5154248,5155217,969,CDS
17084,5155322,5155534,212,CDS
17085,5155589,5155849,260,CDS
17086,5187607,5187717,110,CDS
17087,5188117,5188281,164,CDS
17088,5188342,5195460,7118,CDS
17089,5195979,5196284,305,CDS
17090,5197867,5198124,257,CDS
17091,5199343,5202302,2959,CDS
17092,5203116,5203742,626,CDS
17093,5204451,5204592,141,CDS
17094,5204836,5204903,67,CDS
17095,5205104,5205347,243,CDS
17096,5108512,5111021,2509,mRNA
17097,5117577,5117638,61,mRNA
17098,5121676,5121948,272,mRNA
17099,5122435,5122601,166,mRNA
17100,5122661,5122937,276,mRNA
17101,5123016,5125622,2606,mRNA
17102,5125828,5139015,13187,mRNA
17103,5139359,5139673,314,mRNA
17104,5139779,5140921,1142,mRNA
17105,5141311,5141517,206,mRNA
17106,5141653,5141890,237,mRNA
17107,5142003,5144785,2782,mRNA
17108,5146993,5147298,305,mRNA
17109,5148731,5148882,151,mRNA
17110,5154248,5155217,969,mRNA
17111,5155322,5155534,212,mRNA
17112,5155589,5155849,260,mRNA
17113,5187607,5187717,110,mRNA
17114,5188117,5188281,164,mRNA
17115,5188342,5195460,7118,mRNA
17116,5195979,5196284,305,mRNA
17117,5197867,5198124,257,mRNA
17118,5199343,5202302,2959,mRNA
17119,5203116,5203742,626,mRNA
17120,5204451,5204592,141,mRNA
17121,5204836,5204903,67,mRNA
17122,5205104,5207002,1898,mRNA
17123,5108512,5111021,2509,mRNA
17124,5117577,5117638,61,mRNA
17125,5121676,5121948,272,mRNA
17126,5122435,5122601,166,mRNA
17127,5122661,5122937,276,mRNA
17128,5123016,5125622,2606,mRNA
17129,5125828,5139015,13187,mRNA
17130,5139359,5139673,314,mRNA
17131,5139779,5140921,1142,mRNA
17132,5141311,5141517,206,mRNA
17133,5141653,5141890,237,mRNA
17134,5142003,5144785,2782,mRNA
17135,5146993,5147298,305,mRNA
17136,5148731,5148882,151,mRNA
17137,5154248,5155217,969,mRNA
17138,5155322,5155534,212,mRNA
17139,5155589,5155849,260,mRNA
17140,5188117,5188281,164,mRNA
17141,5188342,5195460,7118,mRNA
17142,5195979,5196284,305,mRNA
17143,5197867,5198124,257,mRNA
17144,5199343,5202302,2959,mRNA
17145,5203116,5203742,626,mRNA
17146,5204451,5204592,141,mRNA
17147,5204836,5204903,67,mRNA
17148,5205104,5207002,1898,mRNA
17149,5108814,5111021,2207,mRNA
17150,5117577,5117638,61,mRNA
17151,5121676,5121948,272,mRNA
17152,5122435,5122601,166,mRNA
17153,5122661,5122937,276,mRNA
17154,5123016,5125622,2606,mRNA
17155,5125828,5139015,13187,mRNA
17156,5139359,5139673,314,mRNA
17157,5139779,5140921,1142,mRNA
17158,5141311,5141517,206,mRNA
17159,5141653,5141890,237,mRNA
17160,5142003,5144785,2782,mRNA
17161,5146993,5147298,305,mRNA
17162,5148731,5148882,151,mRNA
17163,5154248,5155217,969,mRNA
17164,5155322,5155534,212,mRNA
17165,5155589,5155849,260,mRNA
17166,5157874,5158263,389,mRNA
17167,5109146,5111021,1875,CDS
17168,5117577,5117638,61,CDS
17169,5121676,5121948,272,CDS
17170,5122435,5122601,166,CDS
17171,5122661,5122937,276,CDS
17172,5123016,5125622,2606,CDS
17173,5125828,5139015,13187,CDS
17174,5139359,5139673,314,CDS
17175,5139779,5140921,1142,CDS
17176,5141311,5141517,206,CDS
17177,5141653,5141890,237,CDS
17178,5142003,5144785,2782,CDS
17179,5146993,5147298,305,CDS
17180,5148731,5148882,151,CDS
17181,5154248,5155217,969,CDS
17182,5155322,5155534,212,CDS
17183,5155589,5155849,260,CDS
17184,5187607,5187717,110,CDS
17185,5188117,5188281,164,CDS
17186,5188342,5195460,7118,CDS
17187,5195979,5196284,305,CDS
17188,5197867,5198124,257,CDS
17189,5199343,5202302,2959,CDS
17190,5203116,5203742,626,CDS
17191,5204451,5204592,141,CDS
17192,5204836,5204903,67,CDS
17193,5205104,5205347,243,CDS
17194,5109146,5111021,1875,CDS
17195,5117577,5117638,61,CDS
17196,5121676,5121948,272,CDS
17197,5122435,5122601,166,CDS
17198,5122661,5122937,276,CDS
17199,5123016,5125622,2606,CDS
17200,5125828,5139015,13187,CDS
17201,5139359,5139673,314,CDS
17202,5139779,5140921,1142,CDS
17203,5141311,5141517,206,CDS
17204,5141653,5141890,237,CDS
17205,5142003,5144785,2782,CDS
17206,5146993,5147298,305,CDS
17207,5148731,5148882,151,CDS
17208,5154248,5155217,969,CDS
17209,5155322,5155534,212,CDS
17210,5155589,5155849,260,CDS
17211,5188117,5188281,164,CDS
17212,5188342,5195460,7118,CDS
17213,5195979,5196284,305,CDS
17214,5197867,5198124,257,CDS
17215,5199343,5202302,2959,CDS
17216,5203116,5203742,626,CDS
17217,5204451,5204592,141,CDS
17218,5204836,5204903,67,CDS
17219,5205104,5205347,243,CDS
17220,5109146,5111021,1875,CDS
17221,5117577,5117638,61,CDS
17222,5121676,5121948,272,CDS
17223,5122435,5122601,166,CDS
17224,5122661,5122937,276,CDS
17225,5123016,5125622,2606,CDS
17226,5125828,5139015,13187,CDS
17227,5139359,5139673,314,CDS
17228,5139779,5140921,1142,CDS
17229,5141311,5141517,206,CDS
17230,5141653,5141890,237,CDS
17231,5142003,5144785,2782,CDS
17232,5146993,5147298,305,CDS
17233,5148731,5148882,151,CDS
17234,5154248,5155217,969,CDS
17235,5155322,5155534,212,CDS
17236,5155589,5155849,260,CDS
17237,5157874,5157984,110,CDS
17238,5120301,5120402,101,mobile_element
17239,5146386,5146703,317,mRNA
17240,5146993,5147298,305,mRNA
17241,5148731,5148882,151,mRNA
17242,5154248,5155217,969,mRNA
17243,5155322,5155534,212,mRNA
17244,5155589,5155849,260,mRNA
17245,5157874,5158263,389,mRNA
17246,5151749,5151941,192,mRNA
17247,5152037,5152355,318,mRNA
17248,5154248,5155217,969,mRNA
17249,5155322,5155534,212,mRNA
17250,5155589,5155849,260,mRNA
17251,5158455,5185964,27509,mRNA
17252,5187607,5187717,110,mRNA
17253,5188117,5188281,164,mRNA
17254,5188342,5195460,7118,mRNA
17255,5195979,5196284,305,mRNA
17256,5197867,5198124,257,mRNA
17257,5199343,5202302,2959,mRNA
17258,5203116,5203742,626,mRNA
17259,5204451,5204592,141,mRNA
17260,5204836,5204903,67,mRNA
17261,5205104,5207002,1898,mRNA
17262,5151749,5151941,192,mRNA
17263,5152037,5152355,318,mRNA
17264,5154248,5155217,969,mRNA
17265,5155322,5155534,212,mRNA
17266,5155589,5155849,260,mRNA
17267,5158455,5165399,6944,mRNA
17268,5187607,5187717,110,mRNA
17269,5188117,5188281,164,mRNA
17270,5188342,5195460,7118,mRNA
17271,5195979,5196284,305,mRNA
17272,5197867,5198124,257,mRNA
17273,5199343,5202302,2959,mRNA
17274,5203116,5203742,626,mRNA
17275,5204451,5204592,141,mRNA
17276,5204836,5204903,67,mRNA
17277,5205104,5205389,285,mRNA
17278,5151749,5151941,192,mRNA
17279,5152037,5152355,318,mRNA
17280,5154248,5155217,969,mRNA
17281,5155322,5155534,212,mRNA
17282,5155589,5155849,260,mRNA
17283,5158455,5186528,28073,mRNA
17284,5154579,5155217,638,CDS
17285,5155322,5155534,212,CDS
17286,5155589,5155849,260,CDS
17287,5158455,5185964,27509,CDS
17288,5187607,5187717,110,CDS
17289,5188117,5188281,164,CDS
17290,5188342,5195460,7118,CDS
17291,5195979,5196284,305,CDS
17292,5197867,5198124,257,CDS
17293,5199343,5202302,2959,CDS
17294,5203116,5203742,626,CDS
17295,5204451,5204592,141,CDS
17296,5204836,5204903,67,CDS
17297,5205104,5205347,243,CDS
17298,5154579,5155217,638,CDS
17299,5155322,5155534,212,CDS
17300,5155589,5155849,260,CDS
17301,5158455,5165399,6944,CDS
17302,5187607,5187717,110,CDS
17303,5188117,5188281,164,CDS
17304,5188342,5195460,7118,CDS
17305,5195979,5196284,305,CDS
17306,5197867,5198124,257,CDS
17307,5199343,5202302,2959,CDS
17308,5203116,5203742,626,CDS
17309,5204451,5204592,141,CDS
17310,5204836,5204903,67,CDS
17311,5205104,5205347,243,CDS
17312,5154579,5155217,638,CDS
17313,5155322,5155534,212,CDS
17314,5155589,5155849,260,CDS
17315,5158455,5186162,27707,CDS
17316,5154579,5155217,638,CDS
17317,5155322,5155534,212,CDS
17318,5155589,5155849,260,CDS
17319,5157874,5157984,110,CDS
17320,5187778,5187922,144,gene
17321,5187778,5187922,144,ncRNA
17322,5193471,5193516,45,gene
17323,5193471,5193516,45,ncRNA
17324,5196035,5196097,62,gene
17325,5196035,5196097,62,ncRNA
17326,5202383,5202522,139,gene
17327,5202383,5202522,139,ncRNA
17328,5206205,5206361,156,gene
17329,5206205,5206361,156,ncRNA
17330,5207267,5209345,2078,gene
17331,5207267,5207501,234,mRNA
17332,5207658,5207796,138,mRNA
17333,5207858,5207965,107,mRNA
17334,5208023,5208650,627,mRNA
17335,5208721,5208993,272,mRNA
17336,5209056,5209345,289,mRNA
17337,5207308,5207501,193,CDS
17338,5207658,5207796,138,CDS
17339,5207858,5207965,107,CDS
17340,5208023,5208650,627,CDS
17341,5208721,5208993,272,CDS
17342,5209056,5209219,163,CDS
17343,5210460,5212445,1985,gene
17344,5210460,5210695,235,mRNA
17345,5210751,5210889,138,mRNA
17346,5210954,5211061,107,mRNA
17347,5211191,5211821,630,mRNA
17348,5211881,5212150,269,mRNA
17349,5212213,5212445,232,mRNA
17350,5210502,5210695,193,CDS
17351,5210751,5210889,138,CDS
17352,5210954,5211061,107,CDS
17353,5211191,5211821,630,CDS
17354,5211881,5212150,269,CDS
17355,5212213,5212379,166,CDS
17356,5212395,5215081,2686,gene
17357,5214317,5215081,764,mRNA
17358,5213837,5214023,186,mRNA
17359,5213690,5213783,93,mRNA
17360,5213388,5213640,252,mRNA
17361,5212863,5213332,469,mRNA
17362,5212715,5212796,81,mRNA
17363,5212395,5212662,267,mRNA
17364,5214317,5214856,539,mRNA
17365,5213837,5214023,186,mRNA
17366,5213690,5213783,93,mRNA
17367,5213388,5213640,252,mRNA
17368,5212863,5213332,469,mRNA
17369,5212715,5212796,81,mRNA
17370,5212395,5212662,267,mRNA
17371,5214317,5214730,413,mRNA
17372,5213837,5214023,186,mRNA
17373,5213690,5213783,93,mRNA
17374,5213388,5213640,252,mRNA
17375,5212863,5213332,469,mRNA
17376,5212715,5212796,81,mRNA
17377,5212395,5212662,267,mRNA
17378,5214086,5214160,74,mRNA
17379,5213837,5214023,186,mRNA
17380,5213690,5213783,93,mRNA
17381,5213388,5213640,252,mRNA
17382,5212863,5213332,469,mRNA
17383,5212715,5212796,81,mRNA
17384,5212395,5212662,267,mRNA
17385,5214317,5214586,269,CDS
17386,5213837,5214023,186,CDS
17387,5213690,5213783,93,CDS
17388,5213388,5213640,252,CDS
17389,5212863,5213332,469,CDS
17390,5212715,5212796,81,CDS
17391,5212489,5212662,173,CDS
17392,5214317,5214586,269,CDS
17393,5213837,5214023,186,CDS
17394,5213690,5213783,93,CDS
17395,5213388,5213640,252,CDS
17396,5212863,5213332,469,CDS
17397,5212715,5212796,81,CDS
17398,5212489,5212662,173,CDS
17399,5214317,5214586,269,CDS
17400,5213837,5214023,186,CDS
17401,5213690,5213783,93,CDS
17402,5213388,5213640,252,CDS
17403,5212863,5213332,469,CDS
17404,5212715,5212796,81,CDS
17405,5212489,5212662,173,CDS
17406,5214086,5214151,65,CDS
17407,5213837,5214023,186,CDS
17408,5213690,5213783,93,CDS
17409,5213388,5213640,252,CDS
17410,5212863,5213332,469,CDS
17411,5212715,5212796,81,CDS
17412,5212489,5212662,173,CDS
17413,5215189,5216542,1353,gene
17414,5216487,5216542,55,mRNA
17415,5216335,5216437,102,mRNA
17416,5215705,5216282,577,mRNA
17417,5215474,5215642,168,mRNA
17418,5215189,5215421,232,mRNA
17419,5216487,5216542,55,mRNA
17420,5216335,5216437,102,mRNA
17421,5215705,5216282,577,mRNA
17422,5215474,5215642,168,mRNA
17423,5215212,5215421,209,mRNA
17424,5216487,5216514,27,CDS
17425,5216335,5216437,102,CDS
17426,5215705,5216282,577,CDS
17427,5215474,5215642,168,CDS
17428,5215283,5215421,138,CDS
17429,5216487,5216514,27,CDS
17430,5216335,5216437,102,CDS
17431,5215705,5216282,577,CDS
17432,5215474,5215642,168,CDS
17433,5215283,5215421,138,CDS
17434,5216701,5219053,2352,gene
17435,5216701,5216843,142,mRNA
17436,5218447,5218864,417,mRNA
17437,5218927,5219053,126,mRNA
17438,5217792,5218353,561,mRNA
17439,5218447,5218864,417,mRNA
17440,5218927,5219053,126,mRNA
17441,5218254,5218353,99,mRNA
17442,5218447,5218864,417,mRNA
17443,5218927,5219053,126,mRNA
17444,5218351,5218353,2,CDS
17445,5218447,5218864,417,CDS
17446,5218927,5218955,28,CDS
17447,5218351,5218353,2,CDS
17448,5218447,5218864,417,CDS
17449,5218927,5218955,28,CDS
17450,5218462,5218864,402,CDS
17451,5218927,5218955,28,CDS
17452,5219000,5271384,52384,gene
17453,5271266,5271384,118,mRNA
17454,5241369,5241506,137,mRNA
17455,5221463,5221650,187,mRNA
17456,5219000,5221400,2400,mRNA
17457,5243982,5244139,157,mRNA
17458,5241369,5241506,137,mRNA
17459,5221463,5221650,187,mRNA
17460,5219000,5221400,2400,mRNA
17461,5242219,5242620,401,mRNA
17462,5241369,5241506,137,mRNA
17463,5221463,5221650,187,mRNA
17464,5219000,5221400,2400,mRNA
17465,5236336,5237362,1026,mRNA
17466,5221463,5221650,187,mRNA
17467,5219000,5221400,2400,mRNA
17468,5271266,5271323,57,CDS
17469,5241369,5241506,137,CDS
17470,5221463,5221650,187,CDS
17471,5220093,5221400,1307,CDS
17472,5243982,5244075,93,CDS
17473,5241369,5241506,137,CDS
17474,5221463,5221650,187,CDS
17475,5220093,5221400,1307,CDS
17476,5241369,5241468,99,CDS
17477,5221463,5221650,187,CDS
17478,5220093,5221400,1307,CDS
17479,5236336,5236369,33,CDS
17480,5221463,5221650,187,CDS
17481,5220093,5221400,1307,CDS
17482,5240766,5240837,71,gene
17483,5240766,5240837,71,tRNA
17484,5241106,5241177,71,gene
17485,5241106,5241177,71,tRNA
17486,5242699,5244239,1540,gene
17487,5242699,5244239,1540,exon
17488,5258942,5259992,1050,gene
17489,5258942,5259992,1050,ncRNA
17490,5258942,5259280,338,ncRNA
17491,5259343,5259903,560,ncRNA
17492,5264001,5265899,1898,gene
17493,5264001,5264235,234,mRNA
17494,5264296,5264499,203,mRNA
17495,5264558,5264639,81,mRNA
17496,5264696,5264796,100,mRNA
17497,5264856,5265899,1043,mRNA
17498,5264034,5264235,201,CDS
17499,5264296,5264499,203,CDS
17500,5264558,5264639,81,CDS
17501,5264696,5264796,100,CDS
17502,5264856,5265796,940,CDS
17503,5266392,5268455,2063,gene
17504,5266392,5266636,244,mRNA
17505,5266695,5266898,203,mRNA
17506,5266958,5267039,81,mRNA
17507,5267095,5267195,100,mRNA
17508,5267379,5268455,1076,mRNA
17509,5266432,5266636,204,CDS
17510,5266695,5266898,203,CDS
17511,5266958,5267039,81,CDS
17512,5267095,5267195,100,CDS
17513,5267379,5268322,943,CDS
17514,5268498,5270329,1831,gene
17515,5268498,5268747,249,mRNA
17516,5268800,5269003,203,mRNA
17517,5269054,5269135,81,mRNA
17518,5269200,5269300,100,mRNA
17519,5269361,5270329,968,mRNA
17520,5268546,5268747,201,CDS
17521,5268800,5269003,203,CDS
17522,5269054,5269135,81,CDS
17523,5269200,5269300,100,CDS
17524,5269361,5270301,940,CDS
17525,5271728,5278548,6820,gene
17526,5277958,5278548,590,mRNA
17527,5276936,5277180,244,mRNA
17528,5276512,5276731,219,mRNA
17529,5274019,5275780,1761,mRNA
17530,5273161,5273554,393,mRNA
17531,5272986,5273097,111,mRNA
17532,5271728,5272928,1200,mRNA
17533,5277934,5278548,614,mRNA
17534,5276936,5277180,244,mRNA
17535,5276512,5276731,219,mRNA
17536,5274019,5275780,1761,mRNA
17537,5273161,5273554,393,mRNA
17538,5272986,5273097,111,mRNA
17539,5271728,5272928,1200,mRNA
17540,5277934,5278548,614,mRNA
17541,5276936,5277180,244,mRNA
17542,5276512,5276731,219,mRNA
17543,5274019,5275780,1761,mRNA
17544,5273161,5273590,429,mRNA
17545,5272986,5273097,111,mRNA
17546,5271728,5272928,1200,mRNA
17547,5277934,5278548,614,mRNA
17548,5276936,5277180,244,mRNA
17549,5276512,5276731,219,mRNA
17550,5276288,5276368,80,mRNA
17551,5274019,5275780,1761,mRNA
17552,5273161,5273590,429,mRNA
17553,5272986,5273097,111,mRNA
17554,5271728,5272928,1200,mRNA
17555,5277247,5277341,94,mRNA
17556,5276936,5277180,244,mRNA
17557,5276512,5276731,219,mRNA
17558,5274019,5275780,1761,mRNA
17559,5273161,5273590,429,mRNA
17560,5272986,5273097,111,mRNA
17561,5271728,5272928,1200,mRNA
17562,5277958,5278189,231,CDS
17563,5276936,5277180,244,CDS
17564,5276512,5276731,219,CDS
17565,5274019,5275780,1761,CDS
17566,5273161,5273554,393,CDS
17567,5272986,5273097,111,CDS
17568,5272678,5272928,250,CDS
17569,5277934,5278189,255,CDS
17570,5276936,5277180,244,CDS
17571,5276512,5276731,219,CDS
17572,5274019,5275780,1761,CDS
17573,5273161,5273554,393,CDS
17574,5272986,5273097,111,CDS
17575,5272678,5272928,250,CDS
17576,5277934,5278189,255,CDS
17577,5276936,5277180,244,CDS
17578,5276512,5276731,219,CDS
17579,5274019,5275780,1761,CDS
17580,5273161,5273590,429,CDS
17581,5272986,5273097,111,CDS
17582,5272678,5272928,250,CDS
17583,5277934,5278189,255,CDS
17584,5276936,5277180,244,CDS
17585,5276512,5276731,219,CDS
17586,5276288,5276368,80,CDS
17587,5274019,5275780,1761,CDS
17588,5273161,5273590,429,CDS
17589,5272986,5273097,111,CDS
17590,5272678,5272928,250,CDS
17591,5277247,5277325,78,CDS
17592,5276936,5277180,244,CDS
17593,5276512,5276731,219,CDS
17594,5274019,5275780,1761,CDS
17595,5273161,5273590,429,CDS
17596,5272986,5273097,111,CDS
17597,5272678,5272928,250,CDS
17598,5277958,5278548,590,mRNA
17599,5276936,5277180,244,mRNA
17600,5276512,5276731,219,mRNA
17601,5273827,5275780,1953,mRNA
17602,5277247,5277341,94,mRNA
17603,5276936,5277180,244,mRNA
17604,5276512,5276731,219,mRNA
17605,5273827,5275780,1953,mRNA
17606,5277958,5278189,231,CDS
17607,5276936,5277180,244,CDS
17608,5276512,5276731,219,CDS
17609,5274015,5275780,1765,CDS
17610,5277247,5277325,78,CDS
17611,5276936,5277180,244,CDS
17612,5276512,5276731,219,CDS
17613,5274015,5275780,1765,CDS
17614,5278865,5283283,4418,gene
17615,5278865,5280271,1406,mRNA
17616,5280328,5281989,1661,mRNA
17617,5282074,5283002,928,mRNA
17618,5279053,5280271,1218,mRNA
17619,5280328,5281989,1661,mRNA
17620,5282074,5283283,1209,mRNA
17621,5279053,5280271,1218,mRNA
17622,5280328,5281989,1661,mRNA
17623,5282074,5283002,928,mRNA
17624,5279360,5280271,911,CDS
17625,5280328,5281989,1661,CDS
17626,5282074,5282799,725,CDS
17627,5279360,5280271,911,CDS
17628,5280328,5281989,1661,CDS
17629,5282074,5282799,725,CDS
17630,5279360,5280271,911,CDS
17631,5280328,5281989,1661,CDS
17632,5282074,5282799,725,CDS
17633,5287447,5288667,1220,gene
17634,5288429,5288667,238,ncRNA
17635,5287447,5288368,921,ncRNA
17636,5288429,5288667,238,ncRNA
17637,5287844,5288368,524,ncRNA
17638,5287848,5288361,513,gene
17639,5287848,5288361,513,ncRNA
17640,5288944,5311223,22279,gene
17641,5288944,5289509,565,mRNA
17642,5307565,5307912,347,mRNA
17643,5308021,5310996,2975,mRNA
17644,5297486,5297928,442,gene
17645,5297486,5297928,442,ncRNA
17646,5299647,5299751,104,mRNA
17647,5307565,5307912,347,mRNA
17648,5308021,5310625,2604,mRNA
17649,5305650,5306166,516,mRNA
17650,5307565,5307912,347,mRNA
17651,5308021,5311223,3202,mRNA
17652,5305650,5306166,516,mRNA
17653,5307565,5307912,347,mRNA
17654,5308021,5310996,2975,mRNA
17655,5305650,5306166,516,mRNA
17656,5307565,5307912,347,mRNA
17657,5308021,5310610,2589,mRNA
17658,5306025,5306166,141,CDS
17659,5307565,5307912,347,CDS
17660,5308021,5309720,1699,CDS
17661,5306025,5306166,141,CDS
17662,5307565,5307912,347,CDS
17663,5308021,5309720,1699,CDS
17664,5306025,5306166,141,CDS
17665,5307565,5307912,347,CDS
17666,5308021,5309720,1699,CDS
17667,5307780,5307912,132,CDS
17668,5308021,5309720,1699,CDS
17669,5307780,5307912,132,CDS
17670,5308021,5309720,1699,CDS
17671,5311311,5314895,3584,gene
17672,5314679,5314895,216,mRNA
17673,5313388,5313949,561,mRNA
17674,5313269,5313324,55,mRNA
17675,5311311,5313091,1780,mRNA
17676,5314679,5314895,216,mRNA
17677,5313388,5313949,561,mRNA
17678,5313269,5313324,55,mRNA
17679,5312129,5313091,962,mRNA
17680,5313388,5313884,496,CDS
17681,5313269,5313324,55,CDS
17682,5312310,5313091,781,CDS
17683,5313388,5313884,496,CDS
17684,5313269,5313324,55,CDS
17685,5312310,5313091,781,CDS
17686,5315290,5326683,11393,gene
17687,5325952,5326683,731,mRNA
17688,5324726,5324909,183,mRNA
17689,5323347,5324663,1316,mRNA
17690,5318511,5323229,4718,mRNA
17691,5317933,5318436,503,mRNA
17692,5315290,5317874,2584,mRNA
17693,5325952,5326683,731,mRNA
17694,5324726,5324909,183,mRNA
17695,5323347,5324663,1316,mRNA
17696,5318511,5323229,4718,mRNA
17697,5317933,5318436,503,mRNA
17698,5315426,5317874,2448,mRNA
17699,5325952,5326683,731,mRNA
17700,5324726,5324906,180,mRNA
17701,5323347,5324663,1316,mRNA
17702,5318511,5323229,4718,mRNA
17703,5317933,5318436,503,mRNA
17704,5316238,5317874,1636,mRNA
17705,5325952,5325966,14,CDS
17706,5324726,5324909,183,CDS
17707,5323347,5324663,1316,CDS
17708,5318511,5323229,4718,CDS
17709,5317933,5318436,503,CDS
17710,5317210,5317874,664,CDS
17711,5325952,5325966,14,CDS
17712,5324726,5324906,180,CDS
17713,5323347,5324663,1316,CDS
17714,5318511,5323229,4718,CDS
17715,5317933,5318436,503,CDS
17716,5317813,5317874,61,CDS
17717,5325952,5325966,14,CDS
17718,5324726,5324909,183,CDS
17719,5323347,5324663,1316,CDS
17720,5318511,5323229,4718,CDS
17721,5317933,5318436,503,CDS
17722,5317813,5317874,61,CDS
17723,5326504,5326832,328,gene
17724,5326504,5326648,144,ncRNA
17725,5326711,5326832,121,ncRNA
17726,5327227,5327969,742,gene
17727,5327227,5327286,59,mRNA
17728,5327503,5327676,173,mRNA
17729,5327744,5327969,225,mRNA
17730,5327227,5327286,59,mRNA
17731,5327503,5327676,173,mRNA
17732,5327744,5327905,161,mRNA
17733,5327289,5327350,61,mRNA
17734,5327503,5327676,173,mRNA
17735,5327744,5327905,161,mRNA
17736,5327507,5327676,169,CDS
17737,5327744,5327807,63,CDS
17738,5327507,5327676,169,CDS
17739,5327744,5327807,63,CDS
17740,5327507,5327676,169,CDS
17741,5327744,5327807,63,CDS
17742,5327975,5328879,904,gene
17743,5328570,5328879,309,mRNA
17744,5328253,5328379,126,mRNA
17745,5327975,5328189,214,mRNA
17746,5328570,5328844,274,mRNA
17747,5328253,5328379,126,mRNA
17748,5327975,5328189,214,mRNA
17749,5328570,5328633,63,CDS
17750,5328253,5328379,126,CDS
17751,5328075,5328189,114,CDS
17752,5328570,5328633,63,CDS
17753,5328253,5328379,126,CDS
17754,5328075,5328189,114,CDS
17755,5329857,5330464,607,gene
17756,5329857,5329912,55,mRNA
17757,5329969,5330464,495,mRNA
17758,5329857,5329912,55,mRNA
17759,5329969,5330423,454,mRNA
17760,5329890,5329912,22,CDS
17761,5329969,5330341,372,CDS
17762,5329890,5329912,22,CDS
17763,5329969,5330341,372,CDS
17764,5330470,5338073,7603,gene
17765,5337841,5338073,232,mRNA
17766,5331722,5332850,1128,mRNA
17767,5331508,5331660,152,mRNA
17768,5331263,5331446,183,mRNA
17769,5330470,5331199,729,mRNA
17770,5337751,5338073,322,mRNA
17771,5331722,5332850,1128,mRNA
17772,5331508,5331660,152,mRNA
17773,5331263,5331446,183,mRNA
17774,5330470,5331199,729,mRNA
17775,5335717,5336170,453,mRNA
17776,5331722,5332850,1128,mRNA
17777,5331508,5331660,152,mRNA
17778,5331263,5331446,183,mRNA
17779,5330470,5331199,729,mRNA
17780,5335664,5336170,506,mRNA
17781,5331722,5332850,1128,mRNA
17782,5331508,5331660,152,mRNA
17783,5331263,5331446,183,mRNA
17784,5330470,5331199,729,mRNA
17785,5335613,5336170,557,mRNA
17786,5331722,5332850,1128,mRNA
17787,5331508,5331660,152,mRNA
17788,5331263,5331446,183,mRNA
17789,5330470,5331199,729,mRNA
17790,5335459,5336170,711,mRNA
17791,5331722,5332850,1128,mRNA
17792,5331508,5331660,152,mRNA
17793,5331263,5331446,183,mRNA
17794,5330470,5331199,729,mRNA
17795,5331722,5332414,692,CDS
17796,5331508,5331660,152,CDS
17797,5331263,5331446,183,CDS
17798,5330868,5331199,331,CDS
17799,5331722,5332414,692,CDS
17800,5331508,5331660,152,CDS
17801,5331263,5331446,183,CDS
17802,5330868,5331199,331,CDS
17803,5331722,5332414,692,CDS
17804,5331508,5331660,152,CDS
17805,5331263,5331446,183,CDS
17806,5330868,5331199,331,CDS
17807,5331722,5332414,692,CDS
17808,5331508,5331660,152,CDS
17809,5331263,5331446,183,CDS
17810,5330868,5331199,331,CDS
17811,5331722,5332414,692,CDS
17812,5331508,5331660,152,CDS
17813,5331263,5331446,183,CDS
17814,5330868,5331199,331,CDS
17815,5331722,5332414,692,CDS
17816,5331508,5331660,152,CDS
17817,5331263,5331446,183,CDS
17818,5330868,5331199,331,CDS
17819,5339132,5342234,3102,gene
17820,5341985,5342234,249,mRNA
17821,5339545,5340997,1452,mRNA
17822,5339132,5339482,350,mRNA
17823,5341985,5342055,70,CDS
17824,5339545,5340997,1452,CDS
17825,5339225,5339482,257,CDS
17826,5342835,5345142,2307,mobile_element
17827,5346200,5365760,19560,gene
17828,5346200,5347229,1029,mRNA
17829,5348437,5348538,101,mRNA
17830,5352080,5352181,101,mRNA
17831,5353547,5353663,116,mRNA
17832,5355193,5355285,92,mRNA
17833,5356182,5356395,213,mRNA
17834,5356626,5356921,295,mRNA
17835,5356976,5357278,302,mRNA
17836,5357337,5358764,1427,mRNA
17837,5358826,5359362,536,mRNA
17838,5359431,5359637,206,mRNA
17839,5359712,5360405,693,mRNA
17840,5360792,5360878,86,mRNA
17841,5361998,5362209,211,mRNA
17842,5363656,5363784,128,mRNA
17843,5364309,5364417,108,mRNA
17844,5364774,5365760,986,mRNA
17845,5346200,5347229,1029,mRNA
17846,5348437,5348538,101,mRNA
17847,5352080,5352181,101,mRNA
17848,5353547,5353663,116,mRNA
17849,5355193,5355285,92,mRNA
17850,5356182,5356395,213,mRNA
17851,5356626,5356921,295,mRNA
17852,5356976,5357278,302,mRNA
17853,5357337,5358764,1427,mRNA
17854,5358826,5359362,536,mRNA
17855,5359431,5359637,206,mRNA
17856,5359712,5360405,693,mRNA
17857,5360792,5360878,86,mRNA
17858,5362583,5362812,229,mRNA
17859,5363656,5363784,128,mRNA
17860,5364309,5364417,108,mRNA
17861,5364774,5365760,986,mRNA
17862,5346200,5347229,1029,mRNA
17863,5348437,5348538,101,mRNA
17864,5352080,5352181,101,mRNA
17865,5353547,5353663,116,mRNA
17866,5355193,5355285,92,mRNA
17867,5356182,5356395,213,mRNA
17868,5356626,5356921,295,mRNA
17869,5356976,5357278,302,mRNA
17870,5357337,5358764,1427,mRNA
17871,5358826,5359362,536,mRNA
17872,5359431,5359637,206,mRNA
17873,5359712,5360405,693,mRNA
17874,5361998,5362209,211,mRNA
17875,5363656,5363784,128,mRNA
17876,5364309,5364417,108,mRNA
17877,5364774,5365760,986,mRNA
17878,5346200,5347229,1029,mRNA
17879,5348437,5348538,101,mRNA
17880,5352080,5352181,101,mRNA
17881,5353547,5353663,116,mRNA
17882,5355193,5355285,92,mRNA
17883,5356182,5356395,213,mRNA
17884,5356626,5356921,295,mRNA
17885,5356976,5357278,302,mRNA
17886,5357337,5358764,1427,mRNA
17887,5358826,5359362,536,mRNA
17888,5359431,5359637,206,mRNA
17889,5359712,5360405,693,mRNA
17890,5362583,5362812,229,mRNA
17891,5363656,5363784,128,mRNA
17892,5364309,5364426,117,mRNA
17893,5364774,5365760,986,mRNA
17894,5346200,5347229,1029,mRNA
17895,5348437,5348538,101,mRNA
17896,5352080,5352181,101,mRNA
17897,5353547,5353663,116,mRNA
17898,5355193,5355285,92,mRNA
17899,5356182,5356395,213,mRNA
17900,5356626,5356921,295,mRNA
17901,5356976,5357278,302,mRNA
17902,5357337,5358764,1427,mRNA
17903,5358826,5359362,536,mRNA
17904,5359431,5359637,206,mRNA
17905,5359712,5360405,693,mRNA
17906,5362583,5362812,229,mRNA
17907,5363656,5363784,128,mRNA
17908,5364309,5364417,108,mRNA
17909,5364774,5365382,608,mRNA
17910,5346858,5347229,371,CDS
17911,5348437,5348538,101,CDS
17912,5352080,5352181,101,CDS
17913,5353547,5353663,116,CDS
17914,5355193,5355285,92,CDS
17915,5356182,5356395,213,CDS
17916,5356626,5356921,295,CDS
17917,5356976,5357278,302,CDS
17918,5357337,5358764,1427,CDS
17919,5358826,5359362,536,CDS
17920,5359431,5359637,206,CDS
17921,5359712,5360405,693,CDS
17922,5360792,5360878,86,CDS
17923,5361998,5362209,211,CDS
17924,5363656,5363784,128,CDS
17925,5364309,5364417,108,CDS
17926,5364774,5365039,265,CDS
17927,5346858,5347229,371,CDS
17928,5348437,5348538,101,CDS
17929,5352080,5352181,101,CDS
17930,5353547,5353663,116,CDS
17931,5355193,5355285,92,CDS
17932,5356182,5356395,213,CDS
17933,5356626,5356921,295,CDS
17934,5356976,5357278,302,CDS
17935,5357337,5358764,1427,CDS
17936,5358826,5359362,536,CDS
17937,5359431,5359637,206,CDS
17938,5359712,5360405,693,CDS
17939,5360792,5360878,86,CDS
17940,5362583,5362812,229,CDS
17941,5363656,5363784,128,CDS
17942,5364309,5364417,108,CDS
17943,5364774,5365039,265,CDS
17944,5346858,5347229,371,CDS
17945,5348437,5348538,101,CDS
17946,5352080,5352181,101,CDS
17947,5353547,5353663,116,CDS
17948,5355193,5355285,92,CDS
17949,5356182,5356395,213,CDS
17950,5356626,5356921,295,CDS
17951,5356976,5357278,302,CDS
17952,5357337,5358764,1427,CDS
17953,5358826,5359362,536,CDS
17954,5359431,5359637,206,CDS
17955,5359712,5360405,693,CDS
17956,5361998,5362209,211,CDS
17957,5363656,5363784,128,CDS
17958,5364309,5364417,108,CDS
17959,5364774,5365039,265,CDS
17960,5346858,5347229,371,CDS
17961,5348437,5348538,101,CDS
17962,5352080,5352181,101,CDS
17963,5353547,5353663,116,CDS
17964,5355193,5355285,92,CDS
17965,5356182,5356395,213,CDS
17966,5356626,5356921,295,CDS
17967,5356976,5357278,302,CDS
17968,5357337,5358764,1427,CDS
17969,5358826,5359362,536,CDS
17970,5359431,5359637,206,CDS
17971,5359712,5360405,693,CDS
17972,5362583,5362812,229,CDS
17973,5363656,5363784,128,CDS
17974,5364309,5364426,117,CDS
17975,5364774,5365039,265,CDS
17976,5346858,5347229,371,CDS
17977,5348437,5348538,101,CDS
17978,5352080,5352181,101,CDS
17979,5353547,5353663,116,CDS
17980,5355193,5355285,92,CDS
17981,5356182,5356395,213,CDS
17982,5356626,5356921,295,CDS
17983,5356976,5357278,302,CDS
17984,5357337,5358764,1427,CDS
17985,5358826,5359362,536,CDS
17986,5359431,5359637,206,CDS
17987,5359712,5360405,693,CDS
17988,5362583,5362812,229,CDS
17989,5363656,5363784,128,CDS
17990,5364309,5364417,108,CDS
17991,5364774,5365039,265,CDS
17992,5379095,5381074,1979,gene
17993,5380393,5381074,681,ncRNA
17994,5379095,5380332,1237,ncRNA
17995,5379095,5381074,1979,ncRNA
17996,5387551,5388632,1081,gene
17997,5387551,5388632,1081,ncRNA
17998,5404280,5416593,12313,gene
17999,5404280,5405192,912,mRNA
18000,5406911,5407374,463,mRNA
18001,5407684,5407817,133,mRNA
18002,5413012,5413297,285,mRNA
18003,5413965,5414209,244,mRNA
18004,5415354,5415928,574,mRNA
18005,5404633,5405192,559,mRNA
18006,5406911,5407374,463,mRNA
18007,5407687,5407817,130,mRNA
18008,5413012,5413297,285,mRNA
18009,5413965,5414209,244,mRNA
18010,5415354,5416593,1239,mRNA
18011,5404880,5405192,312,CDS
18012,5406911,5407374,463,CDS
18013,5407684,5407817,133,CDS
18014,5413012,5413297,285,CDS
18015,5413965,5414209,244,CDS
18016,5415354,5415894,540,CDS
18017,5404880,5405192,312,CDS
18018,5406911,5407374,463,CDS
18019,5407687,5407817,130,CDS
18020,5413012,5413297,285,CDS
18021,5413965,5414209,244,CDS
18022,5415354,5415894,540,CDS
18023,5431842,5432604,762,gene
18024,5431842,5432604,762,ncRNA
18025,5432822,5433522,700,gene
18026,5432822,5433522,700,ncRNA
18027,5433676,5434236,560,gene
18028,5433676,5434236,560,ncRNA
18029,5435582,5439277,3695,gene
18030,5439228,5439277,49,ncRNA
18031,5436767,5437101,334,ncRNA
18032,5435582,5436711,1129,ncRNA
18033,5437634,5437749,115,gene
18034,5437634,5437749,115,ncRNA
18035,5461639,5467610,5971,gene
18036,5461639,5462104,465,mRNA
18037,5463819,5464269,450,mRNA
18038,5465220,5465505,285,mRNA
18039,5465894,5467610,1716,mRNA
18040,5461639,5462104,465,mRNA
18041,5463819,5464269,450,mRNA
18042,5465220,5465505,285,mRNA
18043,5465894,5466829,935,mRNA
18044,5461918,5462104,186,CDS
18045,5463819,5464269,450,CDS
18046,5465220,5465505,285,CDS
18047,5465894,5466712,818,CDS
18048,5461918,5462104,186,CDS
18049,5463819,5464269,450,CDS
18050,5465220,5465505,285,CDS
18051,5465894,5466712,818,CDS
18052,5486905,5487191,286,gene
18053,5486905,5487191,286,ncRNA
18054,5517737,5518949,1212,gene
18055,5517737,5518949,1212,mRNA
18056,5517737,5518949,1212,mRNA
18057,5517842,5518873,1031,CDS
18058,5517842,5518822,980,CDS
18059,5518893,5519896,1003,gene
18060,5519683,5519896,213,mRNA
18061,5519212,5519621,409,mRNA
18062,5518893,5519156,263,mRNA
18063,5519683,5519812,129,CDS
18064,5519212,5519621,409,CDS
18065,5518986,5519156,170,CDS
18066,5520135,5521382,1247,gene
18067,5520135,5520235,100,mRNA
18068,5520287,5520545,258,mRNA
18069,5520619,5520700,81,mRNA
18070,5521136,5521382,246,mRNA
18071,5520135,5520235,100,mRNA
18072,5520302,5520545,243,mRNA
18073,5520619,5520700,81,mRNA
18074,5521136,5521382,246,mRNA
18075,5520260,5520545,285,mRNA
18076,5520619,5520700,81,mRNA
18077,5521136,5521382,246,mRNA
18078,5520401,5520545,144,CDS
18079,5520619,5520700,81,CDS
18080,5521136,5521289,153,CDS
18081,5520401,5520545,144,CDS
18082,5520619,5520700,81,CDS
18083,5521136,5521289,153,CDS
18084,5520401,5520545,144,CDS
18085,5520619,5520700,81,CDS
18086,5521136,5521289,153,CDS
18087,5521281,5523898,2617,gene
18088,5523672,5523898,226,mRNA
18089,5523013,5523614,601,mRNA
18090,5522735,5522950,215,mRNA
18091,5522524,5522679,155,mRNA
18092,5522349,5522467,118,mRNA
18093,5522162,5522282,120,mRNA
18094,5521281,5522007,726,mRNA
18095,5523672,5523816,144,CDS
18096,5523013,5523614,601,CDS
18097,5522735,5522950,215,CDS
18098,5522524,5522679,155,CDS
18099,5522349,5522467,118,CDS
18100,5522162,5522282,120,CDS
18101,5521378,5522007,629,CDS
18102,5524139,5525809,1670,gene
18103,5524139,5525809,1670,mRNA
18104,5524298,5525809,1511,mRNA
18105,5524410,5525723,1313,CDS
18106,5524410,5525723,1313,CDS
18107,5525738,5526943,1205,gene
18108,5526781,5526943,162,ncRNA
18109,5525738,5526628,890,ncRNA
18110,5525905,5535958,10053,gene
18111,5525905,5526654,749,mRNA
18112,5532365,5532648,283,mRNA
18113,5532704,5533522,818,mRNA
18114,5533579,5533742,163,mRNA
18115,5533803,5534986,1183,mRNA
18116,5535050,5535303,253,mRNA
18117,5535365,5535958,593,mRNA
18118,5525905,5526654,749,mRNA
18119,5532365,5532648,283,mRNA
18120,5532704,5533522,818,mRNA
18121,5533579,5533742,163,mRNA
18122,5533803,5534986,1183,mRNA
18123,5535050,5535303,253,mRNA
18124,5535365,5535869,504,mRNA
18125,5525949,5526654,705,CDS
18126,5532365,5532648,283,CDS
18127,5532704,5533522,818,CDS
18128,5533579,5533742,163,CDS
18129,5533803,5534986,1183,CDS
18130,5535050,5535303,253,CDS
18131,5535365,5535757,392,CDS
18132,5525949,5526654,705,CDS
18133,5532365,5532648,283,CDS
18134,5532704,5533522,818,CDS
18135,5533579,5533742,163,CDS
18136,5533803,5534986,1183,CDS
18137,5535050,5535303,253,CDS
18138,5535365,5535757,392,CDS
18139,5526957,5527854,897,gene
18140,5526957,5527854,897,mRNA
18141,5527075,5527800,725,CDS
18142,5528123,5530682,2559,gene
18143,5528123,5528446,323,mRNA
18144,5528520,5530682,2162,mRNA
18145,5528253,5528446,193,CDS
18146,5528520,5530164,1644,CDS
18147,5530620,5532223,1603,gene
18148,5530620,5532223,1603,mRNA
18149,5530714,5532147,1433,CDS
18150,5535861,5536758,897,gene
18151,5536558,5536758,200,mRNA
18152,5535861,5536495,634,mRNA
18153,5536558,5536726,168,CDS
18154,5535933,5536495,562,CDS
18155,5536850,5539196,2346,gene
18156,5538757,5539196,439,mRNA
18157,5538088,5538683,595,mRNA
18158,5537801,5538029,228,mRNA
18159,5536850,5537732,882,mRNA
18160,5538757,5539110,353,CDS
18161,5538088,5538683,595,CDS
18162,5537801,5538029,228,CDS
18163,5537460,5537732,272,CDS
18164,5539326,5542314,2988,gene
18165,5542183,5542314,131,mRNA
18166,5541723,5541969,246,mRNA
18167,5541433,5541656,223,mRNA
18168,5541153,5541336,183,mRNA
18169,5540972,5541090,118,mRNA
18170,5540169,5540300,131,mRNA
18171,5539707,5540109,402,mRNA
18172,5539326,5539644,318,mRNA
18173,5541723,5541998,275,mRNA
18174,5541433,5541656,223,mRNA
18175,5541153,5541336,183,mRNA
18176,5540972,5541090,118,mRNA
18177,5540169,5540300,131,mRNA
18178,5539707,5540109,402,mRNA
18179,5539326,5539644,318,mRNA
18180,5542183,5542314,131,mRNA
18181,5541723,5541976,253,mRNA
18182,5541433,5541656,223,mRNA
18183,5541153,5541336,183,mRNA
18184,5540169,5541090,921,mRNA
18185,5539707,5540109,402,mRNA
18186,5539494,5539644,150,mRNA
18187,5542183,5542314,131,mRNA
18188,5541723,5541976,253,mRNA
18189,5541433,5541656,223,mRNA
18190,5541153,5541336,183,mRNA
18191,5540972,5541090,118,mRNA
18192,5540169,5540300,131,mRNA
18193,5539707,5540109,402,mRNA
18194,5539497,5539644,147,mRNA
18195,5541723,5541921,198,CDS
18196,5541433,5541656,223,CDS
18197,5541153,5541336,183,CDS
18198,5540972,5541090,118,CDS
18199,5540169,5540300,131,CDS
18200,5539707,5540109,402,CDS
18201,5539631,5539644,13,CDS
18202,5541723,5541921,198,CDS
18203,5541433,5541656,223,CDS
18204,5541153,5541336,183,CDS
18205,5540972,5541090,118,CDS
18206,5540169,5540300,131,CDS
18207,5539707,5540109,402,CDS
18208,5539631,5539644,13,CDS
18209,5541723,5541921,198,CDS
18210,5541433,5541656,223,CDS
18211,5541153,5541336,183,CDS
18212,5540972,5541090,118,CDS
18213,5540169,5540300,131,CDS
18214,5539707,5540109,402,CDS
18215,5539631,5539644,13,CDS
18216,5541723,5541921,198,CDS
18217,5541433,5541656,223,CDS
18218,5541153,5541336,183,CDS
18219,5540780,5541090,310,CDS
18220,5542480,5546642,4162,gene
18221,5542480,5542660,180,mRNA
18222,5543325,5543794,469,mRNA
18223,5544038,5544741,703,mRNA
18224,5544807,5546642,1835,mRNA
18225,5542542,5542660,118,mRNA
18226,5543325,5543794,469,mRNA
18227,5544038,5544741,703,mRNA
18228,5544807,5546642,1835,mRNA
18229,5542779,5543272,493,mRNA
18230,5543325,5543794,469,mRNA
18231,5544038,5544741,703,mRNA
18232,5544807,5546642,1835,mRNA
18233,5543100,5543794,694,mRNA
18234,5544038,5544741,703,mRNA
18235,5544807,5546642,1835,mRNA
18236,5543332,5543794,462,CDS
18237,5544038,5544741,703,CDS
18238,5544807,5545508,701,CDS
18239,5543332,5543794,462,CDS
18240,5544038,5544741,703,CDS
18241,5544807,5545508,701,CDS
18242,5543332,5543794,462,CDS
18243,5544038,5544741,703,CDS
18244,5544807,5545508,701,CDS
18245,5543332,5543794,462,CDS
18246,5544038,5544741,703,CDS
18247,5544807,5545508,701,CDS
18248,5547086,5549614,2528,gene
18249,5547086,5547105,19,mRNA
18250,5547233,5547412,179,mRNA
18251,5547808,5547912,104,mRNA
18252,5547973,5548100,127,mRNA
18253,5548168,5548709,541,mRNA
18254,5549017,5549076,59,mRNA
18255,5549444,5549614,170,mRNA
18256,5547203,5547412,209,mRNA
18257,5547808,5547912,104,mRNA
18258,5547973,5548100,127,mRNA
18259,5548168,5548709,541,mRNA
18260,5549017,5549076,59,mRNA
18261,5549136,5549218,82,mRNA
18262,5549444,5549614,170,mRNA
18263,5547203,5547412,209,mRNA
18264,5547808,5547912,104,mRNA
18265,5547973,5548100,127,mRNA
18266,5548168,5548709,541,mRNA
18267,5549017,5549076,59,mRNA
18268,5549444,5549614,170,mRNA
18269,5547203,5547412,209,mRNA
18270,5547808,5547912,104,mRNA
18271,5547973,5548100,127,mRNA
18272,5548168,5548709,541,mRNA
18273,5549444,5549614,170,mRNA
18274,5547203,5547412,209,mRNA
18275,5547808,5547912,104,mRNA
18276,5547973,5548100,127,mRNA
18277,5548168,5548709,541,mRNA
18278,5549017,5549419,402,mRNA
18279,5547203,5547412,209,mRNA
18280,5547726,5547756,30,mRNA
18281,5547808,5547912,104,mRNA
18282,5547973,5548100,127,mRNA
18283,5548168,5549279,1111,mRNA
18284,5547290,5547912,622,mRNA
18285,5547973,5548100,127,mRNA
18286,5548168,5548709,541,mRNA
18287,5549017,5549081,64,mRNA
18288,5549444,5549614,170,mRNA
18289,5547290,5547756,466,mRNA
18290,5547808,5547912,104,mRNA
18291,5547973,5548100,127,mRNA
18292,5548168,5548709,541,mRNA
18293,5549444,5549614,170,mRNA
18294,5547815,5547912,97,CDS
18295,5547973,5548100,127,CDS
18296,5548168,5548709,541,CDS
18297,5549444,5549494,50,CDS
18298,5547815,5547912,97,CDS
18299,5547973,5548100,127,CDS
18300,5548168,5548709,541,CDS
18301,5549444,5549494,50,CDS
18302,5547815,5547912,97,CDS
18303,5547973,5548100,127,CDS
18304,5548168,5548709,541,CDS
18305,5549017,5549070,53,CDS
18306,5547815,5547912,97,CDS
18307,5547973,5548100,127,CDS
18308,5548168,5548709,541,CDS
18309,5549017,5549070,53,CDS
18310,5547815,5547912,97,CDS
18311,5547973,5548100,127,CDS
18312,5548168,5548709,541,CDS
18313,5549017,5549070,53,CDS
18314,5547815,5547912,97,CDS
18315,5547973,5548100,127,CDS
18316,5548168,5548709,541,CDS
18317,5549017,5549070,53,CDS
18318,5547815,5547912,97,CDS
18319,5547973,5548100,127,CDS
18320,5548168,5548709,541,CDS
18321,5549017,5549070,53,CDS
18322,5547815,5547912,97,CDS
18323,5547973,5548100,127,CDS
18324,5548168,5548742,574,CDS
18325,5549709,5550835,1126,gene
18326,5549709,5550835,1126,mRNA
18327,5549821,5550807,986,CDS
18328,5551838,5552756,918,gene
18329,5551838,5552756,918,mRNA
18330,5552046,5552648,602,CDS
18331,5552843,5553850,1007,gene
18332,5553386,5553850,464,mRNA
18333,5552843,5553332,489,mRNA
18334,5553386,5553715,329,CDS
18335,5552937,5553332,395,CDS
18336,5553897,5555137,1240,gene
18337,5553897,5554304,407,mRNA
18338,5554367,5555137,770,mRNA
18339,5553978,5554304,326,CDS
18340,5554367,5554756,389,CDS
18341,5555072,5558994,3922,gene
18342,5555072,5555406,334,mRNA
18343,5555465,5555614,149,mRNA
18344,5555677,5555739,62,mRNA
18345,5555831,5556037,206,mRNA
18346,5556092,5556309,217,mRNA
18347,5556365,5556514,149,mRNA
18348,5556570,5557006,436,mRNA
18349,5557068,5557245,177,mRNA
18350,5557306,5557529,223,mRNA
18351,5557581,5557718,137,mRNA
18352,5557782,5558212,430,mRNA
18353,5558273,5558994,721,mRNA
18354,5555304,5555406,102,CDS
18355,5555465,5555614,149,CDS
18356,5555677,5555739,62,CDS
18357,5555831,5556037,206,CDS
18358,5556092,5556309,217,CDS
18359,5556365,5556514,149,CDS
18360,5556570,5557006,436,CDS
18361,5557068,5557245,177,CDS
18362,5557306,5557529,223,CDS
18363,5557581,5557718,137,CDS
18364,5557782,5558212,430,CDS
18365,5558273,5558697,424,CDS
18366,5559342,5563502,4160,gene
18367,5559342,5559532,190,mRNA
18368,5559586,5559732,146,mRNA
18369,5559795,5559857,62,mRNA
18370,5560323,5560532,209,mRNA
18371,5560647,5560858,211,mRNA
18372,5560928,5561086,158,mRNA
18373,5561152,5561310,158,mRNA
18374,5561372,5561652,280,mRNA
18375,5561706,5561895,189,mRNA
18376,5561972,5562333,361,mRNA
18377,5562412,5562842,430,mRNA
18378,5562902,5563161,259,mRNA
18379,5563219,5563502,283,mRNA
18380,5559451,5559532,81,CDS
18381,5559586,5559732,146,CDS
18382,5559795,5559857,62,CDS
18383,5560323,5560532,209,CDS
18384,5560647,5560858,211,CDS
18385,5560928,5561086,158,CDS
18386,5561152,5561310,158,CDS
18387,5561372,5561652,280,CDS
18388,5561706,5561895,189,CDS
18389,5561972,5562333,361,CDS
18390,5562412,5562842,430,CDS
18391,5562902,5563161,259,CDS
18392,5563219,5563404,185,CDS
18393,5564811,5565755,944,gene
18394,5564811,5565755,944,ncRNA
18395,5565619,5565766,147,gene
18396,5565619,5565766,147,ncRNA
18397,5579580,5581116,1536,gene
18398,5580966,5581116,150,mRNA
18399,5579580,5580902,1322,mRNA
18400,5580966,5581116,150,mRNA
18401,5579580,5580905,1325,mRNA
18402,5580966,5581116,150,mRNA
18403,5579580,5580910,1330,mRNA
18404,5579725,5580891,1166,CDS
18405,5579725,5580891,1166,CDS
18406,5579725,5580891,1166,CDS
18407,5587115,5588414,1299,gene
18408,5587971,5588414,443,mRNA
18409,5587115,5587913,798,mRNA
18410,5587971,5588414,443,mRNA
18411,5587149,5587913,764,mRNA
18412,5587971,5588291,320,CDS
18413,5587269,5587913,644,CDS
18414,5587971,5588291,320,CDS
18415,5587269,5587913,644,CDS
18416,5591183,5591241,58,mobile_element
18417,5596833,5598636,1803,gene
18418,5596833,5598636,1803,mRNA
18419,5596939,5598399,1460,CDS
18420,5601723,5617946,16223,gene
18421,5617655,5617946,291,mRNA
18422,5613374,5613586,212,mRNA
18423,5612886,5612983,97,mRNA
18424,5611144,5611289,145,mRNA
18425,5611028,5611089,61,mRNA
18426,5608791,5608949,158,mRNA
18427,5606039,5606167,128,mRNA
18428,5605842,5605979,137,mRNA
18429,5604716,5604868,152,mRNA
18430,5604591,5604644,53,mRNA
18431,5603909,5604001,92,mRNA
18432,5601723,5603173,1450,mRNA
18433,5617655,5617946,291,mRNA
18434,5613374,5613586,212,mRNA
18435,5612886,5612983,97,mRNA
18436,5611144,5611289,145,mRNA
18437,5611028,5611089,61,mRNA
18438,5608791,5608949,158,mRNA
18439,5606039,5606167,128,mRNA
18440,5605842,5605979,137,mRNA
18441,5604716,5604868,152,mRNA
18442,5604591,5604644,53,mRNA
18443,5603909,5604001,92,mRNA
18444,5602376,5603173,797,mRNA
18445,5613374,5613494,120,CDS
18446,5612886,5612983,97,CDS
18447,5611144,5611289,145,CDS
18448,5611028,5611089,61,CDS
18449,5608791,5608949,158,CDS
18450,5606039,5606167,128,CDS
18451,5605842,5605979,137,CDS
18452,5604716,5604868,152,CDS
18453,5604591,5604644,53,CDS
18454,5603909,5604001,92,CDS
18455,5602974,5603173,199,CDS
18456,5613374,5613494,120,CDS
18457,5612886,5612983,97,CDS
18458,5611144,5611289,145,CDS
18459,5611028,5611089,61,CDS
18460,5608791,5608949,158,CDS
18461,5606039,5606167,128,CDS
18462,5605842,5605979,137,CDS
18463,5604716,5604868,152,CDS
18464,5604591,5604644,53,CDS
18465,5603909,5604001,92,CDS
18466,5602974,5603173,199,CDS
18467,5608581,5608668,87,mobile_element
18468,5615230,5615661,431,gene
18469,5615230,5615661,431,ncRNA
18470,5619794,5620280,486,gene
18471,5619794,5620280,486,ncRNA
18472,5620615,5623762,3147,gene
18473,5623255,5623762,507,mRNA
18474,5622636,5623198,562,mRNA
18475,5620615,5622044,1429,mRNA
18476,5623255,5623762,507,mRNA
18477,5622636,5623198,562,mRNA
18478,5621541,5622044,503,mRNA
18479,5623255,5623740,485,CDS
18480,5622636,5623198,562,CDS
18481,5621602,5622044,442,CDS
18482,5623255,5623740,485,CDS
18483,5622636,5623198,562,CDS
18484,5621602,5622044,442,CDS
18485,5626291,5658560,32269,gene
18486,5658395,5658560,165,mRNA
18487,5651610,5652180,570,mRNA
18488,5645456,5645530,74,mRNA
18489,5641855,5641952,97,mRNA
18490,5640518,5640663,145,mRNA
18491,5640287,5640348,61,mRNA
18492,5636734,5636892,158,mRNA
18493,5635656,5635784,128,mRNA
18494,5634654,5634788,134,mRNA
18495,5632928,5633077,149,mRNA
18496,5632370,5632456,86,mRNA
18497,5632037,5632312,275,mRNA
18498,5626291,5627117,826,mRNA
18499,5651610,5651916,306,CDS
18500,5645456,5645530,74,CDS
18501,5641855,5641952,97,CDS
18502,5640518,5640663,145,CDS
18503,5640287,5640348,61,CDS
18504,5636734,5636892,158,CDS
18505,5635656,5635784,128,CDS
18506,5634654,5634788,134,CDS
18507,5632928,5633077,149,CDS
18508,5632370,5632456,86,CDS
18509,5632037,5632312,275,CDS
18510,5626921,5627117,196,CDS
18511,5629391,5629442,51,mobile_element
18512,5631624,5632660,1036,gene
18513,5632370,5632660,290,ncRNA
18514,5631624,5632312,688,ncRNA
18515,5640940,5641037,97,gene
18516,5640940,5641037,97,precursor_RNA
18517,5640959,5640979,20,ncRNA
18518,5641000,5641021,21,ncRNA
18519,5641063,5641155,92,gene
18520,5641063,5641155,92,precursor_RNA
18521,5641081,5641102,21,ncRNA
18522,5641119,5641140,21,ncRNA
18523,5641191,5641279,88,gene
18524,5641191,5641279,88,precursor_RNA
18525,5641208,5641229,21,ncRNA
18526,5641245,5641266,21,ncRNA
18527,5641298,5641389,91,gene
18528,5641298,5641389,91,precursor_RNA
18529,5641315,5641339,24,ncRNA
18530,5641352,5641373,21,ncRNA
18531,5641990,5642078,88,gene
18532,5641990,5642078,88,precursor_RNA
18533,5642005,5642028,23,ncRNA
18534,5642043,5642064,21,ncRNA
18535,5642102,5642201,99,gene
18536,5642102,5642201,99,precursor_RNA
18537,5642127,5642148,21,ncRNA
18538,5642165,5642186,21,ncRNA
18539,5661902,5662232,330,gene
18540,5661902,5662232,330,ncRNA
18541,5662849,5670838,7989,gene
18542,5662849,5662981,132,mRNA
18543,5668749,5668881,132,mRNA
18544,5668943,5670838,1895,mRNA
18545,5662849,5662981,132,mRNA
18546,5668818,5668881,63,mRNA
18547,5668943,5670838,1895,mRNA
18548,5662849,5662981,132,mRNA
18549,5668943,5670838,1895,mRNA
18550,5668949,5670679,1730,CDS
18551,5668949,5670679,1730,CDS
18552,5668949,5670679,1730,CDS
18553,5678582,5679499,917,gene
18554,5678582,5679499,917,mRNA
18555,5678582,5678729,147,mRNA
18556,5678783,5679223,440,mRNA
18557,5678582,5678725,143,mRNA
18558,5678783,5679223,440,mRNA
18559,5678698,5678725,27,CDS
18560,5678783,5679150,367,CDS
18561,5678785,5679150,365,CDS
18562,5678785,5679150,365,CDS
18563,5690529,5691770,1241,gene
18564,5690529,5690697,168,ncRNA
18565,5690786,5691770,984,ncRNA
18566,5690530,5691421,891,gene
18567,5690530,5691421,891,ncRNA
18568,5690781,5691421,640,ncRNA
18569,5706374,5713791,7417,gene
18570,5706374,5706819,445,mRNA
18571,5712238,5712424,186,mRNA
18572,5712482,5713354,872,mRNA
18573,5713416,5713648,232,mRNA
18574,5706752,5706819,67,CDS
18575,5712238,5712424,186,CDS
18576,5712482,5713354,872,CDS
18577,5713416,5713553,137,CDS
18578,5708391,5708567,176,mRNA
18579,5712238,5712424,186,mRNA
18580,5712482,5713354,872,mRNA
18581,5713416,5713791,375,mRNA
18582,5708449,5708567,118,CDS
18583,5712238,5712424,186,CDS
18584,5712482,5713354,872,CDS
18585,5713416,5713553,137,CDS
18586,5709950,5710138,188,mRNA
18587,5712238,5712424,186,mRNA
18588,5712482,5713354,872,mRNA
18589,5713416,5713648,232,mRNA
18590,5710098,5710138,40,CDS
18591,5712238,5712424,186,CDS
18592,5712482,5713354,872,CDS
18593,5713416,5713553,137,CDS
18594,5711903,5712149,246,mRNA
18595,5712238,5712424,186,mRNA
18596,5712482,5713354,872,mRNA
18597,5713416,5713648,232,mRNA
18598,5712040,5712149,109,CDS
18599,5712238,5712424,186,CDS
18600,5712482,5713354,872,CDS
18601,5713416,5713553,137,CDS
18602,5715349,5716680,1331,gene
18603,5716576,5716680,104,mRNA
18604,5716379,5716517,138,mRNA
18605,5716220,5716305,85,mRNA
18606,5716006,5716159,153,mRNA
18607,5715349,5715954,605,mRNA
18608,5716576,5716650,74,CDS
18609,5716379,5716517,138,CDS
18610,5716220,5716305,85,CDS
18611,5716006,5716159,153,CDS
18612,5715491,5715954,463,CDS
18613,5715678,5716426,748,gene
18614,5715678,5716426,748,ncRNA
18615,5716701,5718067,1366,gene
18616,5716701,5717034,333,mRNA
18617,5717089,5717221,132,mRNA
18618,5717329,5717414,85,mRNA
18619,5717474,5717627,153,mRNA
18620,5717685,5718067,382,mRNA
18621,5716960,5717034,74,CDS
18622,5717089,5717221,132,CDS
18623,5717329,5717414,85,CDS
18624,5717474,5717627,153,CDS
18625,5717685,5718067,382,CDS
18626,5718121,5720899,2778,gene
18627,5720775,5720899,124,mRNA
18628,5719511,5720027,516,mRNA
18629,5718656,5719430,774,mRNA
18630,5718121,5718601,480,mRNA
18631,5720775,5720899,124,mRNA
18632,5719511,5720027,516,mRNA
18633,5718121,5719430,1309,mRNA
18634,5720373,5720540,167,mRNA
18635,5719511,5720027,516,mRNA
18636,5718656,5719430,774,mRNA
18637,5718121,5718601,480,mRNA
18638,5720373,5720540,167,mRNA
18639,5719511,5720027,516,mRNA
18640,5718121,5719430,1309,mRNA
18641,5720315,5720540,225,mRNA
18642,5719511,5720027,516,mRNA
18643,5718656,5719430,774,mRNA
18644,5718121,5718601,480,mRNA
18645,5719511,5719962,451,CDS
18646,5718656,5719430,774,CDS
18647,5718401,5718601,200,CDS
18648,5719511,5719962,451,CDS
18649,5718656,5719430,774,CDS
18650,5718401,5718601,200,CDS
18651,5719511,5719962,451,CDS
18652,5718656,5719430,774,CDS
18653,5718401,5718601,200,CDS
18654,5719511,5719962,451,CDS
18655,5718401,5719430,1029,CDS
18656,5719511,5719962,451,CDS
18657,5718401,5719430,1029,CDS
18658,5721051,5723944,2893,gene
18659,5721051,5721244,193,mRNA
18660,5721296,5723574,2278,mRNA
18661,5723638,5723944,306,mRNA
18662,5721051,5721244,193,mRNA
18663,5721296,5723574,2278,mRNA
18664,5723638,5723791,153,mRNA
18665,5721136,5721244,108,CDS
18666,5721296,5723574,2278,CDS
18667,5723638,5723769,131,CDS
18668,5721136,5721244,108,CDS
18669,5721296,5723574,2278,CDS
18670,5723638,5723769,131,CDS
18671,5724656,5762420,37764,gene
18672,5724656,5725228,572,mRNA
18673,5758695,5759362,667,mRNA
18674,5759429,5759616,187,mRNA
18675,5759677,5762420,2743,mRNA
18676,5724656,5725228,572,mRNA
18677,5758695,5759362,667,mRNA
18678,5759429,5759616,187,mRNA
18679,5759677,5760047,370,mRNA
18680,5725220,5725228,8,CDS
18681,5758695,5759362,667,CDS
18682,5759429,5759616,187,CDS
18683,5759677,5759810,133,CDS
18684,5725220,5725228,8,CDS
18685,5758695,5759362,667,CDS
18686,5759429,5759616,187,CDS
18687,5759677,5759810,133,CDS
18688,5726415,5728811,2396,gene
18689,5726415,5728811,2396,mRNA
18690,5727221,5728811,1590,mRNA
18691,5727463,5728752,1289,CDS
18692,5727463,5728752,1289,CDS
18693,5733675,5741244,7569,gene
18694,5741217,5741244,27,mRNA
18695,5740661,5741058,397,mRNA
18696,5736821,5736933,112,mRNA
18697,5736339,5736761,422,mRNA
18698,5736182,5736275,93,mRNA
18699,5735771,5736117,346,mRNA
18700,5735299,5735714,415,mRNA
18701,5735060,5735246,186,mRNA
18702,5734558,5734823,265,mRNA
18703,5734407,5734493,86,mRNA
18704,5733675,5734340,665,mRNA
18705,5740661,5740954,293,mRNA
18706,5736821,5736938,117,mRNA
18707,5736339,5736761,422,mRNA
18708,5736182,5736275,93,mRNA
18709,5735771,5736117,346,mRNA
18710,5735299,5735714,415,mRNA
18711,5735060,5735246,186,mRNA
18712,5734558,5734823,265,mRNA
18713,5734407,5734493,86,mRNA
18714,5733675,5734340,665,mRNA
18715,5736821,5736924,103,CDS
18716,5736339,5736761,422,CDS
18717,5736182,5736275,93,CDS
18718,5735771,5736117,346,CDS
18719,5735299,5735714,415,CDS
18720,5735060,5735246,186,CDS
18721,5734558,5734823,265,CDS
18722,5734407,5734493,86,CDS
18723,5734129,5734340,211,CDS
18724,5736821,5736924,103,CDS
18725,5736339,5736761,422,CDS
18726,5736182,5736275,93,CDS
18727,5735771,5736117,346,CDS
18728,5735299,5735714,415,CDS
18729,5735060,5735246,186,CDS
18730,5734558,5734823,265,CDS
18731,5734407,5734493,86,CDS
18732,5734129,5734340,211,CDS
18733,5746157,5747961,1804,gene
18734,5746157,5747961,1804,mRNA
18735,5746277,5747620,1343,CDS
18736,5762553,5766142,3589,gene
18737,5765961,5766142,181,mRNA
18738,5762553,5763368,815,mRNA
18739,5765961,5766015,54,CDS
18740,5762674,5763368,694,CDS
18741,5765961,5766142,181,mRNA
18742,5763460,5764271,811,mRNA
18743,5765961,5766015,54,CDS
18744,5763598,5764271,673,CDS
18745,5767002,5800253,33251,gene
18746,5800044,5800173,129,mRNA
18747,5799118,5799277,159,mRNA
18748,5787965,5787984,19,mRNA
18749,5770951,5771209,258,mRNA
18750,5770014,5770888,874,mRNA
18751,5769748,5769944,196,mRNA
18752,5769574,5769686,112,mRNA
18753,5767002,5769513,2511,mRNA
18754,5773015,5773598,583,mRNA
18755,5770951,5771209,258,mRNA
18756,5770014,5770888,874,mRNA
18757,5769748,5769944,196,mRNA
18758,5769574,5769686,112,mRNA
18759,5767592,5769513,1921,mRNA
18760,5772147,5772516,369,mRNA
18761,5770951,5771209,258,mRNA
18762,5770014,5770888,874,mRNA
18763,5769748,5769944,196,mRNA
18764,5769574,5769686,112,mRNA
18765,5767592,5769513,1921,mRNA
18766,5800044,5800253,209,mRNA
18767,5799118,5799272,154,mRNA
18768,5787965,5787984,19,mRNA
18769,5770951,5771209,258,mRNA
18770,5770014,5770888,874,mRNA
18771,5769748,5769944,196,mRNA
18772,5769574,5769686,112,mRNA
18773,5768253,5769513,1260,mRNA
18774,5800044,5800173,129,mRNA
18775,5799118,5799411,293,mRNA
18776,5770951,5771209,258,mRNA
18777,5770014,5770888,874,mRNA
18778,5769748,5769944,196,mRNA
18779,5769574,5769686,112,mRNA
18780,5768253,5769513,1260,mRNA
18781,5770951,5771202,251,CDS
18782,5770014,5770888,874,CDS
18783,5769748,5769944,196,CDS
18784,5769574,5769686,112,CDS
18785,5769316,5769513,197,CDS
18786,5770951,5771202,251,CDS
18787,5770014,5770888,874,CDS
18788,5769748,5769944,196,CDS
18789,5769574,5769686,112,CDS
18790,5769316,5769513,197,CDS
18791,5770951,5771202,251,CDS
18792,5770014,5770888,874,CDS
18793,5769748,5769944,196,CDS
18794,5769574,5769686,112,CDS
18795,5769316,5769513,197,CDS
18796,5770951,5771202,251,CDS
18797,5770014,5770888,874,CDS
18798,5769748,5769944,196,CDS
18799,5769574,5769686,112,CDS
18800,5769316,5769513,197,CDS
18801,5770951,5771202,251,CDS
18802,5770014,5770888,874,CDS
18803,5769748,5769944,196,CDS
18804,5769574,5769686,112,CDS
18805,5769316,5769513,197,CDS
18806,5769752,5771537,1785,gene
18807,5769752,5770124,372,ncRNA
18808,5770199,5771537,1338,ncRNA
18809,5769752,5770124,372,ncRNA
18810,5770199,5771213,1014,ncRNA
18811,5784031,5784893,862,gene
18812,5784031,5784893,862,mRNA
18813,5784120,5784767,647,CDS
18814,5800517,5801975,1458,gene
18815,5801678,5801975,297,mRNA
18816,5800848,5801608,760,mRNA
18817,5800517,5800754,237,mRNA
18818,5801672,5801975,303,mRNA
18819,5800517,5801608,1091,mRNA
18820,5801678,5801886,208,CDS
18821,5800870,5801608,738,CDS
18822,5801672,5801886,214,CDS
18823,5800870,5801608,738,CDS
18824,5802220,5804030,1810,gene
18825,5802220,5802712,492,mRNA
18826,5802772,5804030,1258,mRNA
18827,5802405,5802712,307,CDS
18828,5802772,5803843,1071,CDS
18829,5804280,5804315,35,mobile_element
18830,5805395,5809063,3668,gene
18831,5805395,5805665,270,mRNA
18832,5806556,5806644,88,mRNA
18833,5806701,5807617,916,mRNA
18834,5807675,5808411,736,mRNA
18835,5808473,5808684,211,mRNA
18836,5808745,5809063,318,mRNA
18837,5805395,5805665,270,mRNA
18838,5806551,5806644,93,mRNA
18839,5806701,5807617,916,mRNA
18840,5807675,5808411,736,mRNA
18841,5808473,5808684,211,mRNA
18842,5808745,5808927,182,mRNA
18843,5805395,5805665,270,mRNA
18844,5806556,5806644,88,mRNA
18845,5806701,5807617,916,mRNA
18846,5807675,5808411,736,mRNA
18847,5808473,5808684,211,mRNA
18848,5808745,5808927,182,mRNA
18849,5805479,5805665,186,CDS
18850,5806556,5806644,88,CDS
18851,5806701,5807617,916,CDS
18852,5807675,5808411,736,CDS
18853,5808473,5808684,211,CDS
18854,5808745,5808858,113,CDS
18855,5805479,5805665,186,CDS
18856,5806556,5806644,88,CDS
18857,5806701,5807617,916,CDS
18858,5807675,5808411,736,CDS
18859,5808473,5808684,211,CDS
18860,5808745,5808858,113,CDS
18861,5805479,5805665,186,CDS
18862,5806551,5806621,70,CDS
18863,5809702,5810216,514,gene
18864,5809702,5810216,514,ncRNA
18865,5810352,5810835,483,gene
18866,5810352,5810835,483,ncRNA
18867,5811574,5811925,351,gene
18868,5811574,5811773,199,mRNA
18869,5811830,5811925,95,mRNA
18870,5811593,5811773,180,CDS
18871,5811830,5811900,70,CDS
18872,5817890,5818443,553,gene
18873,5818371,5818443,72,mRNA
18874,5817890,5818290,400,mRNA
18875,5818371,5818443,72,mRNA
18876,5817890,5818296,406,mRNA
18877,5818371,5818443,72,mRNA
18878,5817890,5818305,415,mRNA
18879,5818371,5818385,14,CDS
18880,5818048,5818290,242,CDS
18881,5818371,5818385,14,CDS
18882,5818048,5818296,248,CDS
18883,5818371,5818385,14,CDS
18884,5818048,5818305,257,CDS
18885,5824004,5856767,32763,gene
18886,5824004,5825249,1245,mRNA
18887,5845305,5845952,647,mRNA
18888,5848342,5848486,144,mRNA
18889,5850100,5850259,159,mRNA
18890,5850831,5851031,200,mRNA
18891,5851476,5851826,350,mRNA
18892,5852884,5852898,14,mRNA
18893,5852993,5853258,265,mRNA
18894,5856099,5856318,219,mRNA
18895,5856383,5856767,384,mRNA
18896,5824004,5825249,1245,mRNA
18897,5845305,5845952,647,mRNA
18898,5848342,5848486,144,mRNA
18899,5850100,5850259,159,mRNA
18900,5850831,5851031,200,mRNA
18901,5851476,5851826,350,mRNA
18902,5852993,5853258,265,mRNA
18903,5856099,5856318,219,mRNA
18904,5856404,5856767,363,mRNA
18905,5824794,5825249,455,mRNA
18906,5845305,5845952,647,mRNA
18907,5848342,5848486,144,mRNA
18908,5850100,5850259,159,mRNA
18909,5850831,5851031,200,mRNA
18910,5851476,5851826,350,mRNA
18911,5852884,5852898,14,mRNA
18912,5852993,5853258,265,mRNA
18913,5856099,5856318,219,mRNA
18914,5856404,5856767,363,mRNA
18915,5824794,5825249,455,mRNA
18916,5845305,5845952,647,mRNA
18917,5848342,5848486,144,mRNA
18918,5850100,5850259,159,mRNA
18919,5850831,5851031,200,mRNA
18920,5851476,5851826,350,mRNA
18921,5852993,5853258,265,mRNA
18922,5856099,5856318,219,mRNA
18923,5856404,5856767,363,mRNA
18924,5827763,5836712,8949,mobile_element
18925,5837184,5837224,40,mobile_element
18926,5845352,5845952,600,CDS
18927,5848342,5848486,144,CDS
18928,5850100,5850259,159,CDS
18929,5850831,5851031,200,CDS
18930,5851476,5851826,350,CDS
18931,5852884,5852898,14,CDS
18932,5852993,5853258,265,CDS
18933,5856099,5856318,219,CDS
18934,5856404,5856454,50,CDS
18935,5845352,5845952,600,CDS
18936,5848342,5848486,144,CDS
18937,5850100,5850259,159,CDS
18938,5850831,5851031,200,CDS
18939,5851476,5851826,350,CDS
18940,5852993,5853258,265,CDS
18941,5856099,5856318,219,CDS
18942,5856404,5856454,50,CDS
18943,5845352,5845952,600,CDS
18944,5848342,5848486,144,CDS
18945,5850100,5850259,159,CDS
18946,5850831,5851031,200,CDS
18947,5851476,5851826,350,CDS
18948,5852993,5853258,265,CDS
18949,5856099,5856318,219,CDS
18950,5856404,5856454,50,CDS
18951,5845352,5845952,600,CDS
18952,5848342,5848486,144,CDS
18953,5850100,5850259,159,CDS
18954,5850831,5851031,200,CDS
18955,5851476,5851826,350,CDS
18956,5852884,5852898,14,CDS
18957,5852993,5853258,265,CDS
18958,5856099,5856318,219,CDS
18959,5856383,5856403,20,CDS
18960,5859769,5879498,19729,gene
18961,5878988,5879498,510,mRNA
18962,5861425,5861607,182,mRNA
18963,5861252,5861361,109,mRNA
18964,5859769,5861179,1410,mRNA
18965,5878988,5879498,510,mRNA
18966,5870193,5870245,52,mRNA
18967,5861425,5861607,182,mRNA
18968,5861252,5861361,109,mRNA
18969,5859769,5861179,1410,mRNA
18970,5861425,5861607,182,CDS
18971,5861252,5861361,109,CDS
18972,5860180,5861179,999,CDS
18973,5861425,5861607,182,CDS
18974,5861252,5861361,109,CDS
18975,5860180,5861179,999,CDS
18976,5883741,5884345,604,gene
18977,5883741,5883821,80,mRNA
18978,5883879,5883959,80,mRNA
18979,5884015,5884345,330,mRNA
18980,5883782,5883821,39,CDS
18981,5883879,5883959,80,CDS
18982,5884015,5884319,304,CDS
18983,5884350,5884774,424,gene
18984,5884730,5884774,44,mRNA
18985,5884506,5884676,170,mRNA
18986,5884350,5884442,92,mRNA
18987,5884730,5884751,21,CDS
18988,5884506,5884676,170,CDS
18989,5884381,5884442,61,CDS
18990,5884888,5885491,603,gene
18991,5884888,5884985,97,mRNA
18992,5885051,5885203,152,mRNA
18993,5885266,5885491,225,mRNA
18994,5884932,5885203,271,mRNA
18995,5885266,5885457,191,mRNA
18996,5885173,5885203,30,CDS
18997,5885266,5885399,133,CDS
18998,5885173,5885203,30,CDS
18999,5885266,5885399,133,CDS
19000,5886002,5886609,607,gene
19001,5886002,5886053,51,mRNA
19002,5886101,5886609,508,mRNA
19003,5886002,5886053,51,mRNA
19004,5886119,5886609,490,mRNA
19005,5886020,5886053,33,CDS
19006,5886101,5886435,334,CDS
19007,5886020,5886053,33,CDS
19008,5886119,5886435,316,CDS
19009,5887204,5887989,785,gene
19010,5887944,5887989,45,ncRNA
19011,5887204,5887875,671,ncRNA
19012,5887944,5887989,45,ncRNA
19013,5887514,5887875,361,ncRNA
19014,5888149,5888484,335,gene
19015,5888149,5888484,335,ncRNA
19016,5892298,5892862,564,gene
19017,5892807,5892862,55,mRNA
19018,5892298,5892745,447,mRNA
19019,5892807,5892862,55,mRNA
19020,5892349,5892745,396,mRNA
19021,5892807,5892862,55,mRNA
19022,5892394,5892745,351,mRNA
19023,5892807,5892837,30,CDS
19024,5892504,5892745,241,CDS
19025,5892807,5892837,30,CDS
19026,5892504,5892745,241,CDS
19027,5892807,5892837,30,CDS
19028,5892504,5892745,241,CDS
19029,5892883,5893896,1013,gene
19030,5893838,5893896,58,mRNA
19031,5892883,5893781,898,mRNA
19032,5893838,5893871,33,CDS
19033,5893021,5893781,760,CDS
19034,5899949,5900380,431,gene
19035,5899949,5900380,431,ncRNA
19036,5903178,5904689,1511,gene
19037,5904590,5904689,99,mRNA
19038,5903178,5904459,1281,mRNA
19039,5904590,5904689,99,mRNA
19040,5903359,5904459,1100,mRNA
19041,5904590,5904661,71,CDS
19042,5903581,5904459,878,CDS
19043,5904590,5904661,71,CDS
19044,5903581,5904459,878,CDS
19045,5904958,5906250,1292,gene
19046,5906036,5906250,214,ncRNA
19047,5904958,5905899,941,ncRNA
19048,5906011,5906250,239,ncRNA
19049,5904958,5905899,941,ncRNA
19050,5907169,5922776,15607,gene
19051,5907169,5907287,118,mRNA
19052,5908313,5908635,322,mRNA
19053,5908690,5908935,245,mRNA
19054,5910417,5910771,354,mRNA
19055,5910831,5911017,186,mRNA
19056,5911073,5912398,1325,mRNA
19057,5912463,5913478,1015,mRNA
19058,5913536,5914115,579,mRNA
19059,5914175,5915367,1192,mRNA
19060,5915437,5918795,3358,mRNA
19061,5918852,5918955,103,mRNA
19062,5919023,5919935,912,mRNA
19063,5919994,5920168,174,mRNA
19064,5920241,5920447,206,mRNA
19065,5920502,5920603,101,mRNA
19066,5920662,5920796,134,mRNA
19067,5920864,5920978,114,mRNA
19068,5921077,5922776,1699,mRNA
19069,5908345,5908635,290,CDS
19070,5908690,5908935,245,CDS
19071,5910417,5910771,354,CDS
19072,5910831,5911017,186,CDS
19073,5911073,5912398,1325,CDS
19074,5912463,5913478,1015,CDS
19075,5913536,5914115,579,CDS
19076,5914175,5915367,1192,CDS
19077,5915437,5918795,3358,CDS
19078,5918852,5918955,103,CDS
19079,5919023,5919935,912,CDS
19080,5919994,5920168,174,CDS
19081,5920241,5920447,206,CDS
19082,5920502,5920603,101,CDS
19083,5920662,5920796,134,CDS
19084,5920864,5920978,114,CDS
19085,5921077,5921242,165,CDS
19086,5908927,5910289,1362,gene
19087,5908927,5910289,1362,mRNA
19088,5909048,5910244,1196,CDS
19089,5922876,5923653,777,gene
19090,5923539,5923653,114,mRNA
19091,5922876,5923479,603,mRNA
19092,5923534,5923653,119,mRNA
19093,5922876,5923479,603,mRNA
19094,5923214,5923471,257,CDS
19095,5923214,5923471,257,CDS
19096,5925205,5925961,756,gene
19097,5925205,5925961,756,ncRNA
19098,5925937,5939261,13324,gene
19099,5925937,5926201,264,mRNA
19100,5928069,5928152,83,mRNA
19101,5928210,5928371,161,mRNA
19102,5936140,5937476,1336,mRNA
19103,5937573,5939261,1688,mRNA
19104,5925937,5926201,264,mRNA
19105,5928069,5928152,83,mRNA
19106,5928210,5928371,161,mRNA
19107,5936140,5937476,1336,mRNA
19108,5937573,5938766,1193,mRNA
19109,5926192,5926201,9,CDS
19110,5928069,5928152,83,CDS
19111,5928210,5928371,161,CDS
19112,5936140,5937476,1336,CDS
19113,5937573,5938055,482,CDS
19114,5926192,5926201,9,CDS
19115,5928069,5928152,83,CDS
19116,5928210,5928371,161,CDS
19117,5936140,5937476,1336,CDS
19118,5937573,5938055,482,CDS
19119,5940033,5940250,217,gene
19120,5940033,5940250,217,ncRNA
19121,5941995,5942584,589,gene
19122,5941995,5942584,589,ncRNA
19123,5942246,5942584,338,ncRNA
19124,5942623,5943304,681,gene
19125,5943203,5943304,101,mRNA
19126,5942623,5943132,509,mRNA
19127,5943203,5943284,81,mRNA
19128,5942780,5943132,352,mRNA
19129,5943203,5943254,51,CDS
19130,5942819,5943132,313,CDS
19131,5943203,5943254,51,CDS
19132,5942819,5943132,313,CDS
19133,5943643,5948968,5325,gene
19134,5943643,5944153,510,mRNA
19135,5944268,5944445,177,mRNA
19136,5946044,5946250,206,mRNA
19137,5946316,5946688,372,mRNA
19138,5947018,5947171,153,mRNA
19139,5947240,5947332,92,mRNA
19140,5948407,5948968,561,mRNA
19141,5943643,5944153,510,mRNA
19142,5944268,5944445,177,mRNA
19143,5946044,5946250,206,mRNA
19144,5946316,5946688,372,mRNA
19145,5947018,5947171,153,mRNA
19146,5947240,5947332,92,mRNA
19147,5947857,5948843,986,mRNA
19148,5943643,5944153,510,mRNA
19149,5944268,5944445,177,mRNA
19150,5946044,5946250,206,mRNA
19151,5946316,5946688,372,mRNA
19152,5947018,5947171,153,mRNA
19153,5947240,5947617,377,mRNA
19154,5943965,5944153,188,mRNA
19155,5944268,5944445,177,mRNA
19156,5946044,5946250,206,mRNA
19157,5946316,5946688,372,mRNA
19158,5947018,5947171,153,mRNA
19159,5947240,5947332,92,mRNA
19160,5948407,5948843,436,mRNA
19161,5943965,5944153,188,mRNA
19162,5944268,5944445,177,mRNA
19163,5946044,5946250,206,mRNA
19164,5946316,5946688,372,mRNA
19165,5947018,5947171,153,mRNA
19166,5947240,5947332,92,mRNA
19167,5947857,5948313,456,mRNA
19168,5943965,5944153,188,mRNA
19169,5944268,5944445,177,mRNA
19170,5946044,5946250,206,mRNA
19171,5946316,5946688,372,mRNA
19172,5947018,5947171,153,mRNA
19173,5947240,5947872,632,mRNA
19174,5944110,5944153,43,CDS
19175,5944268,5944445,177,CDS
19176,5946044,5946250,206,CDS
19177,5946316,5946688,372,CDS
19178,5947018,5947171,153,CDS
19179,5947240,5947332,92,CDS
19180,5948407,5948419,12,CDS
19181,5944110,5944153,43,CDS
19182,5944268,5944445,177,CDS
19183,5946044,5946250,206,CDS
19184,5946316,5946688,372,CDS
19185,5947018,5947171,153,CDS
19186,5947240,5947332,92,CDS
19187,5948407,5948419,12,CDS
19188,5944110,5944153,43,CDS
19189,5944268,5944445,177,CDS
19190,5946044,5946250,206,CDS
19191,5946316,5946688,372,CDS
19192,5947018,5947171,153,CDS
19193,5947240,5947332,92,CDS
19194,5947857,5947890,33,CDS
19195,5944110,5944153,43,CDS
19196,5944268,5944445,177,CDS
19197,5946044,5946250,206,CDS
19198,5946316,5946688,372,CDS
19199,5947018,5947171,153,CDS
19200,5947240,5947332,92,CDS
19201,5947857,5947890,33,CDS
19202,5944110,5944153,43,CDS
19203,5944268,5944445,177,CDS
19204,5946044,5946250,206,CDS
19205,5946316,5946688,372,CDS
19206,5947018,5947171,153,CDS
19207,5947240,5947336,96,CDS
19208,5944110,5944153,43,CDS
19209,5944268,5944445,177,CDS
19210,5946044,5946250,206,CDS
19211,5946316,5946688,372,CDS
19212,5947018,5947171,153,CDS
19213,5947240,5947336,96,CDS
19214,5947647,5948397,750,gene
19215,5948200,5948397,197,ncRNA
19216,5947647,5948145,498,ncRNA
19217,5949450,5955235,5785,gene
19218,5949450,5949611,161,mRNA
19219,5949828,5949990,162,mRNA
19220,5950125,5951819,1694,mRNA
19221,5951877,5951997,120,mRNA
19222,5952056,5952191,135,mRNA
19223,5952252,5952384,132,mRNA
19224,5952445,5952627,182,mRNA
19225,5952989,5953057,68,mRNA
19226,5953416,5954477,1061,mRNA
19227,5954535,5955235,700,mRNA
19228,5949450,5949611,161,mRNA
19229,5949828,5949990,162,mRNA
19230,5950125,5951819,1694,mRNA
19231,5951877,5951997,120,mRNA
19232,5952056,5952191,135,mRNA
19233,5952252,5952384,132,mRNA
19234,5952445,5952627,182,mRNA
19235,5953416,5954477,1061,mRNA
19236,5954535,5955235,700,mRNA
19237,5949900,5949990,90,CDS
19238,5950125,5951819,1694,CDS
19239,5951877,5951997,120,CDS
19240,5952056,5952191,135,CDS
19241,5952252,5952384,132,CDS
19242,5952445,5952627,182,CDS
19243,5952989,5953057,68,CDS
19244,5953416,5954477,1061,CDS
19245,5954535,5955001,466,CDS
19246,5949900,5949990,90,CDS
19247,5950125,5951819,1694,CDS
19248,5951877,5951997,120,CDS
19249,5952056,5952191,135,CDS
19250,5952252,5952384,132,CDS
19251,5952445,5952627,182,CDS
19252,5953416,5954477,1061,CDS
19253,5954535,5955001,466,CDS
19254,5955312,5956466,1154,gene
19255,5956092,5956466,374,mRNA
19256,5955781,5956034,253,mRNA
19257,5955312,5955723,411,mRNA
19258,5956092,5956225,133,CDS
19259,5955781,5956034,253,CDS
19260,5955614,5955723,109,CDS
19261,5956489,5956819,330,gene
19262,5956489,5956819,330,mRNA
19263,5956512,5956805,293,CDS
19264,5957004,5957639,635,gene
19265,5957004,5957639,635,mRNA
19266,5957004,5957628,624,mRNA
19267,5957066,5957572,506,CDS
19268,5957066,5957572,506,CDS
19269,5958005,5958631,626,gene
19270,5958005,5958631,626,mRNA
19271,5958046,5958591,545,CDS
19272,5959596,5960340,744,gene
19273,5959596,5960340,744,mRNA
19274,5959700,5960340,640,mRNA
19275,5959834,5960259,425,CDS
19276,5959834,5960259,425,CDS
19277,5963087,5964951,1864,gene
19278,5964745,5964951,206,mRNA
19279,5963087,5964422,1335,mRNA
19280,5963087,5964322,1235,mRNA
19281,5963138,5964283,1145,CDS
19282,5963138,5964283,1145,CDS
19283,5965391,5967752,2361,gene
19284,5967620,5967752,132,mRNA
19285,5965391,5967562,2171,mRNA
19286,5967615,5967752,137,mRNA
19287,5965391,5967562,2171,mRNA
19288,5967615,5967752,137,mRNA
19289,5965391,5967565,2174,mRNA
19290,5965519,5967498,1979,CDS
19291,5965519,5967498,1979,CDS
19292,5965519,5967498,1979,CDS
19293,5968566,5969761,1195,gene
19294,5968566,5969761,1195,mRNA
19295,5968683,5969690,1007,CDS
19296,5969859,5971025,1166,gene
19297,5969859,5971025,1166,gene
19298,5969859,5970559,700,mRNA
19299,5970629,5971025,396,mRNA
19300,5969859,5970559,700,mRNA
19301,5970639,5971025,386,mRNA
19302,5969859,5971025,1166,ncRNA
19303,5969859,5970651,792,mRNA
19304,5969902,5970559,657,CDS
19305,5970629,5970984,355,CDS
19306,5969902,5970559,657,CDS
19307,5970639,5970667,28,CDS
19308,5969902,5970570,668,CDS
19309,5972115,5981018,8903,gene
19310,5980953,5981018,65,mRNA
19311,5979412,5979704,292,mRNA
19312,5976611,5976782,171,mRNA
19313,5972115,5973674,1559,mRNA
19314,5980209,5980481,272,mRNA
19315,5979412,5979704,292,mRNA
19316,5976611,5976782,171,mRNA
19317,5972900,5973674,774,mRNA
19318,5979940,5980101,161,mRNA
19319,5979412,5979704,292,mRNA
19320,5976611,5976782,171,mRNA
19321,5972900,5973674,774,mRNA
19322,5979960,5980101,141,mRNA
19323,5979412,5979704,292,mRNA
19324,5976611,5976782,171,mRNA
19325,5973007,5973674,667,mRNA
19326,5980951,5981018,67,mRNA
19327,5979412,5979704,292,mRNA
19328,5976611,5976782,171,mRNA
19329,5973203,5973674,471,mRNA
19330,5980847,5981018,171,mRNA
19331,5979412,5979704,292,mRNA
19332,5976611,5976782,171,mRNA
19333,5973324,5973674,350,mRNA
19334,5979412,5979522,110,CDS
19335,5976611,5976782,171,CDS
19336,5973577,5973674,97,CDS
19337,5979412,5979522,110,CDS
19338,5976611,5976782,171,CDS
19339,5973577,5973674,97,CDS
19340,5979412,5979522,110,CDS
19341,5976611,5976782,171,CDS
19342,5973577,5973674,97,CDS
19343,5979412,5979522,110,CDS
19344,5976611,5976782,171,CDS
19345,5973577,5973674,97,CDS
19346,5979412,5979522,110,CDS
19347,5976611,5976782,171,CDS
19348,5973577,5973674,97,CDS
19349,5979412,5979522,110,CDS
19350,5976611,5976782,171,CDS
19351,5973577,5973674,97,CDS
19352,5981764,5985909,4145,gene
19353,5981764,5981835,71,mRNA
19354,5983010,5983236,226,mRNA
19355,5984011,5984624,613,mRNA
19356,5984719,5984942,223,mRNA
19357,5985026,5985909,883,mRNA
19358,5981764,5981835,71,mRNA
19359,5983010,5983236,226,mRNA
19360,5984011,5984624,613,mRNA
19361,5984719,5984942,223,mRNA
19362,5985026,5985579,553,mRNA
19363,5981764,5981835,71,mRNA
19364,5983010,5983236,226,mRNA
19365,5984011,5984624,613,mRNA
19366,5984719,5984942,223,mRNA
19367,5985026,5985220,194,mRNA
19368,5985339,5985559,220,mRNA
19369,5981834,5981835,1,CDS
19370,5983010,5983236,226,CDS
19371,5984011,5984624,613,CDS
19372,5984719,5984942,223,CDS
19373,5985026,5985170,144,CDS
19374,5981834,5981835,1,CDS
19375,5983010,5983236,226,CDS
19376,5984011,5984624,613,CDS
19377,5984719,5984942,223,CDS
19378,5985026,5985170,144,CDS
19379,5981834,5981835,1,CDS
19380,5983010,5983236,226,CDS
19381,5984011,5984624,613,CDS
19382,5984719,5984942,223,CDS
19383,5985026,5985170,144,CDS
19384,5982363,5982821,458,mRNA
19385,5983010,5983236,226,mRNA
19386,5984011,5984624,613,mRNA
19387,5984719,5984942,223,mRNA
19388,5985026,5985220,194,mRNA
19389,5985339,5985579,240,mRNA
19390,5982594,5982821,227,mRNA
19391,5983010,5983236,226,mRNA
19392,5984011,5984624,613,mRNA
19393,5984719,5984942,223,mRNA
19394,5985026,5985220,194,mRNA
19395,5985343,5985793,450,mRNA
19396,5982594,5982821,227,mRNA
19397,5983010,5983236,226,mRNA
19398,5984011,5984624,613,mRNA
19399,5984719,5984942,223,mRNA
19400,5985026,5985579,553,mRNA
19401,5982820,5982821,1,CDS
19402,5983010,5983236,226,CDS
19403,5984011,5984624,613,CDS
19404,5984719,5984942,223,CDS
19405,5985026,5985170,144,CDS
19406,5982820,5982821,1,CDS
19407,5983010,5983236,226,CDS
19408,5984011,5984624,613,CDS
19409,5984719,5984942,223,CDS
19410,5985026,5985170,144,CDS
19411,5982820,5982821,1,CDS
19412,5983010,5983236,226,CDS
19413,5984011,5984624,613,CDS
19414,5984719,5984942,223,CDS
19415,5985026,5985170,144,CDS
19416,5985132,5985168,36,mobile_element
19417,5986348,5988854,2506,gene
19418,5986348,5986892,544,mRNA
19419,5987616,5988854,1238,mRNA
19420,5986495,5986892,397,CDS
19421,5987616,5988183,567,CDS
19422,5987078,5987494,416,mRNA
19423,5987616,5988854,1238,mRNA
19424,5987875,5988183,308,CDS
19425,5989400,5999501,10101,gene
19426,5999298,5999501,203,mRNA
19427,5995029,5996531,1502,mRNA
19428,5993472,5994886,1414,mRNA
19429,5992470,5993345,875,mRNA
19430,5989400,5992405,3005,mRNA
19431,5999298,5999501,203,mRNA
19432,5995029,5996531,1502,mRNA
19433,5993472,5994886,1414,mRNA
19434,5992470,5993345,875,mRNA
19435,5989463,5992405,2942,mRNA
19436,5999410,5999501,91,mRNA
19437,5995029,5996531,1502,mRNA
19438,5993472,5994886,1414,mRNA
19439,5992470,5993345,875,mRNA
19440,5990441,5992405,1964,mRNA
19441,5999298,5999501,203,mRNA
19442,5995029,5996531,1502,mRNA
19443,5993472,5994886,1414,mRNA
19444,5992470,5993345,875,mRNA
19445,5990441,5992405,1964,mRNA
19446,5997683,5997764,81,mRNA
19447,5995029,5996531,1502,mRNA
19448,5993472,5994886,1414,mRNA
19449,5992470,5993345,875,mRNA
19450,5990441,5992405,1964,mRNA
19451,5996714,5996785,71,mRNA
19452,5995029,5996531,1502,mRNA
19453,5993472,5994886,1414,mRNA
19454,5992470,5993345,875,mRNA
19455,5990441,5992405,1964,mRNA
19456,5995029,5996490,1461,CDS
19457,5993472,5994886,1414,CDS
19458,5992470,5993345,875,CDS
19459,5990642,5992405,1763,CDS
19460,5995029,5996490,1461,CDS
19461,5993472,5994886,1414,CDS
19462,5992470,5993345,875,CDS
19463,5990642,5992405,1763,CDS
19464,5995029,5996490,1461,CDS
19465,5993472,5994886,1414,CDS
19466,5992470,5993345,875,CDS
19467,5990642,5992405,1763,CDS
19468,5995029,5996490,1461,CDS
19469,5993472,5994886,1414,CDS
19470,5992470,5993345,875,CDS
19471,5990642,5992405,1763,CDS
19472,5995029,5996490,1461,CDS
19473,5993472,5994886,1414,CDS
19474,5992470,5993345,875,CDS
19475,5990642,5992405,1763,CDS
19476,5995029,5996490,1461,CDS
19477,5993472,5994886,1414,CDS
19478,5992470,5993345,875,CDS
19479,5990642,5992405,1763,CDS
19480,6000228,6003738,3510,gene
19481,6000228,6000599,371,mRNA
19482,6000664,6000744,80,mRNA
19483,6000805,6001083,278,mRNA
19484,6001159,6001269,110,mRNA
19485,6001477,6001593,116,mRNA
19486,6001669,6003738,2069,mRNA
19487,6000228,6000599,371,mRNA
19488,6000664,6000744,80,mRNA
19489,6000805,6001083,278,mRNA
19490,6001159,6001269,110,mRNA
19491,6001669,6003738,2069,mRNA
19492,6000228,6000599,371,mRNA
19493,6000664,6000744,80,mRNA
19494,6000805,6001083,278,mRNA
19495,6001477,6001593,116,mRNA
19496,6001669,6003738,2069,mRNA
19497,6000312,6000599,287,CDS
19498,6000664,6000744,80,CDS
19499,6000805,6001083,278,CDS
19500,6001159,6001269,110,CDS
19501,6001477,6001593,116,CDS
19502,6001669,6001737,68,CDS
19503,6000312,6000599,287,CDS
19504,6000664,6000744,80,CDS
19505,6000805,6001083,278,CDS
19506,6001159,6001269,110,CDS
19507,6001669,6001737,68,CDS
19508,6000312,6000599,287,CDS
19509,6000664,6000744,80,CDS
19510,6000805,6001083,278,CDS
19511,6001477,6001593,116,CDS
19512,6001669,6001737,68,CDS
19513,6003574,6006827,3253,gene
19514,6006567,6006827,260,mRNA
19515,6005904,6006061,157,mRNA
19516,6005686,6005836,150,mRNA
19517,6005213,6005552,339,mRNA
19518,6005006,6005153,147,mRNA
19519,6003574,6004854,1280,mRNA
19520,6006567,6006827,260,mRNA
19521,6005904,6006067,163,mRNA
19522,6005686,6005836,150,mRNA
19523,6005213,6005552,339,mRNA
19524,6005006,6005153,147,mRNA
19525,6003574,6004854,1280,mRNA
19526,6006567,6006689,122,CDS
19527,6005904,6006061,157,CDS
19528,6005686,6005836,150,CDS
19529,6005213,6005552,339,CDS
19530,6005006,6005153,147,CDS
19531,6003762,6004854,1092,CDS
19532,6006567,6006689,122,CDS
19533,6005904,6006067,163,CDS
19534,6005686,6005836,150,CDS
19535,6005213,6005552,339,CDS
19536,6005006,6005153,147,CDS
19537,6003762,6004854,1092,CDS
19538,6004167,6006333,2166,gene
19539,6004167,6004196,29,ncRNA
19540,6004422,6004884,462,ncRNA
19541,6004942,6005845,903,ncRNA
19542,6005899,6006333,434,ncRNA
19543,6007364,6012338,4974,gene
19544,6012179,6012338,159,mRNA
19545,6011986,6012111,125,mRNA
19546,6011783,6011924,141,mRNA
19547,6011555,6011726,171,mRNA
19548,6010313,6010670,357,mRNA
19549,6009245,6010240,995,mRNA
19550,6008755,6009189,434,mRNA
19551,6008096,6008502,406,mRNA
19552,6007364,6008037,673,mRNA
19553,6012179,6012338,159,mRNA
19554,6011986,6012111,125,mRNA
19555,6011783,6011935,152,mRNA
19556,6011555,6011726,171,mRNA
19557,6010313,6010670,357,mRNA
19558,6009245,6010240,995,mRNA
19559,6008755,6009189,434,mRNA
19560,6008096,6008502,406,mRNA
19561,6007364,6008037,673,mRNA
19562,6010965,6011233,268,mRNA
19563,6010313,6010670,357,mRNA
19564,6009245,6010240,995,mRNA
19565,6008755,6009189,434,mRNA
19566,6008096,6008502,406,mRNA
19567,6007505,6008037,532,mRNA
19568,6012179,6012236,57,CDS
19569,6011986,6012111,125,CDS
19570,6011783,6011935,152,CDS
19571,6011555,6011726,171,CDS
19572,6010313,6010670,357,CDS
19573,6009245,6010240,995,CDS
19574,6008755,6009189,434,CDS
19575,6008096,6008502,406,CDS
19576,6007908,6008037,129,CDS
19577,6010313,6010606,293,CDS
19578,6009245,6010240,995,CDS
19579,6008755,6009189,434,CDS
19580,6008096,6008502,406,CDS
19581,6007908,6008037,129,CDS
19582,6010313,6010606,293,CDS
19583,6009245,6010240,995,CDS
19584,6008755,6009189,434,CDS
19585,6008096,6008502,406,CDS
19586,6007908,6008037,129,CDS
19587,6013059,6019402,6343,gene
19588,6018677,6019402,725,mRNA
19589,6013600,6014096,496,mRNA
19590,6013059,6013497,438,mRNA
19591,6018677,6019193,516,CDS
19592,6013600,6014096,496,CDS
19593,6013255,6013497,242,CDS
19594,6020835,6021718,883,gene
19595,6020835,6021164,329,mRNA
19596,6021217,6021718,501,mRNA
19597,6020850,6021164,314,CDS
19598,6021217,6021672,455,CDS
19599,6022951,6024539,1588,gene
19600,6024440,6024539,99,mRNA
19601,6022951,6024384,1433,mRNA
19602,6024440,6024539,99,mRNA
19603,6023563,6024384,821,mRNA
19604,6024440,6024464,24,CDS
19605,6023609,6024384,775,CDS
19606,6024440,6024464,24,CDS
19607,6023609,6024384,775,CDS
19608,6025870,6034423,8553,gene
19609,6033931,6034423,492,mRNA
19610,6033739,6033875,136,mRNA
19611,6033322,6033589,267,mRNA
19612,6032794,6032926,132,mRNA
19613,6032324,6032477,153,mRNA
19614,6031284,6031826,542,mRNA
19615,6025870,6025950,80,mRNA
19616,6033931,6034423,492,mRNA
19617,6033739,6033875,136,mRNA
19618,6033322,6033589,267,mRNA
19619,6032794,6032926,132,mRNA
19620,6032324,6032477,153,mRNA
19621,6031293,6031859,566,mRNA
19622,6025870,6025950,80,mRNA
19623,6033931,6034323,392,CDS
19624,6033739,6033875,136,CDS
19625,6033322,6033589,267,CDS
19626,6032794,6032926,132,CDS
19627,6032324,6032477,153,CDS
19628,6031304,6031826,522,CDS
19629,6033931,6034323,392,CDS
19630,6033739,6033875,136,CDS
19631,6033322,6033589,267,CDS
19632,6032794,6032926,132,CDS
19633,6032324,6032477,153,CDS
19634,6031304,6031859,555,CDS
19635,6034731,6037015,2284,gene
19636,6035278,6037015,1737,mRNA
19637,6034731,6035222,491,mRNA
19638,6035278,6036917,1639,mRNA
19639,6034796,6035222,426,mRNA
19640,6035278,6036811,1533,CDS
19641,6034897,6035222,325,CDS
19642,6035278,6036811,1533,CDS
19643,6034897,6035222,325,CDS
19644,6036997,6037902,905,gene
19645,6036997,6037902,905,mRNA
19646,6037129,6037815,686,CDS
19647,6038117,6041283,3166,gene
19648,6038117,6039943,1826,mRNA
19649,6040008,6040287,279,mRNA
19650,6040339,6040613,274,mRNA
19651,6040669,6040864,195,mRNA
19652,6040924,6041283,359,mRNA
19653,6038117,6039943,1826,mRNA
19654,6040008,6040287,279,mRNA
19655,6040339,6040613,274,mRNA
19656,6040669,6040864,195,mRNA
19657,6040924,6041187,263,mRNA
19658,6038203,6039943,1740,CDS
19659,6040008,6040287,279,CDS
19660,6040339,6040613,274,CDS
19661,6040669,6040864,195,CDS
19662,6040924,6041131,207,CDS
19663,6038203,6039943,1740,CDS
19664,6040008,6040287,279,CDS
19665,6040339,6040613,274,CDS
19666,6040669,6040864,195,CDS
19667,6040924,6041131,207,CDS
19668,6041181,6046050,4869,gene
19669,6045921,6046050,129,mRNA
19670,6044428,6045526,1098,mRNA
19671,6042075,6044351,2276,mRNA
19672,6041181,6042011,830,mRNA
19673,6045894,6045967,73,mRNA
19674,6044428,6045526,1098,mRNA
19675,6042075,6044351,2276,mRNA
19676,6041181,6042011,830,mRNA
19677,6044428,6045596,1168,mRNA
19678,6042075,6044351,2276,mRNA
19679,6041181,6042011,830,mRNA
19680,6044428,6045517,1089,CDS
19681,6042075,6044351,2276,CDS
19682,6041314,6042011,697,CDS
19683,6044428,6045517,1089,CDS
19684,6042075,6044351,2276,CDS
19685,6041314,6042011,697,CDS
19686,6044428,6045517,1089,CDS
19687,6042075,6044351,2276,CDS
19688,6041314,6042011,697,CDS
19689,6045627,6045713,86,gene
19690,6045627,6045713,86,precursor_RNA
19691,6045642,6045663,21,ncRNA
19692,6045678,6045698,20,ncRNA
19693,6046516,6048706,2190,gene
19694,6046516,6047934,1418,mRNA
19695,6046651,6048706,2055,gene
19696,6048134,6048706,572,mRNA
19697,6046651,6047780,1129,mRNA
19698,6048134,6048706,572,mRNA
19699,6046651,6047780,1129,mRNA
19700,6046651,6048706,2055,mRNA
19701,6046651,6048706,2055,mRNA
19702,6047900,6047934,34,mRNA
19703,6046654,6047780,1126,mRNA
19704,6046654,6047934,1280,mRNA
19705,6047053,6047700,647,CDS
19706,6047053,6047700,647,CDS
19707,6047053,6047700,647,CDS
19708,6047053,6047700,647,CDS
19709,6047053,6047700,647,CDS
19710,6048134,6048643,509,CDS
19711,6047739,6047780,41,CDS
19712,6048002,6050474,2472,gene
19713,6048002,6048418,416,mRNA
19714,6048512,6048630,118,mRNA
19715,6048694,6048937,243,mRNA
19716,6049011,6049346,335,mRNA
19717,6049414,6049632,218,mRNA
19718,6050074,6050438,364,mRNA
19719,6048052,6048706,654,mRNA
19720,6048110,6048643,533,CDS
19721,6048110,6048643,533,CDS
19722,6048183,6048630,447,mRNA
19723,6048694,6048937,243,mRNA
19724,6049011,6049346,335,mRNA
19725,6049414,6049632,218,mRNA
19726,6050074,6050438,364,mRNA
19727,6048681,6048937,256,mRNA
19728,6049011,6049346,335,mRNA
19729,6049414,6049632,218,mRNA
19730,6050074,6050474,400,mRNA
19731,6048877,6048937,60,CDS
19732,6049011,6049346,335,CDS
19733,6049414,6049632,218,CDS
19734,6050074,6050348,274,CDS
19735,6048877,6048937,60,CDS
19736,6049011,6049346,335,CDS
19737,6049414,6049632,218,CDS
19738,6050074,6050348,274,CDS
19739,6048877,6048937,60,CDS
19740,6049011,6049346,335,CDS
19741,6049414,6049632,218,CDS
19742,6050074,6050348,274,CDS
19743,6050800,6053877,3077,gene
19744,6050800,6050921,121,mRNA
19745,6051617,6052022,405,mRNA
19746,6052080,6052661,581,mRNA
19747,6052722,6053482,760,mRNA
19748,6050839,6050921,82,mRNA
19749,6051617,6052022,405,mRNA
19750,6052080,6052661,581,mRNA
19751,6052722,6053877,1155,mRNA
19752,6050839,6051067,228,mRNA
19753,6051617,6052022,405,mRNA
19754,6052080,6052661,581,mRNA
19755,6052722,6053482,760,mRNA
19756,6050839,6050921,82,mRNA
19757,6051617,6052022,405,mRNA
19758,6052080,6052661,581,mRNA
19759,6052722,6053482,760,mRNA
19760,6051678,6052022,344,CDS
19761,6052080,6052661,581,CDS
19762,6052722,6053258,536,CDS
19763,6051678,6052022,344,CDS
19764,6052080,6052661,581,CDS
19765,6052722,6053258,536,CDS
19766,6051678,6052022,344,CDS
19767,6052080,6052661,581,CDS
19768,6052722,6053258,536,CDS
19769,6051678,6052022,344,CDS
19770,6052080,6052661,581,CDS
19771,6052722,6053258,536,CDS
19772,6054302,6060169,5867,gene
19773,6054302,6054713,411,mRNA
19774,6056884,6057506,622,mRNA
19775,6057571,6058247,676,mRNA
19776,6058428,6058681,253,mRNA
19777,6058757,6060169,1412,mRNA
19778,6057054,6057506,452,CDS
19779,6057571,6058247,676,CDS
19780,6058428,6058681,253,CDS
19781,6058757,6059010,253,CDS
19782,6060510,6060938,428,gene
19783,6060510,6060614,104,mRNA
19784,6060668,6060938,270,mRNA
19785,6060544,6060614,70,CDS
19786,6060668,6060827,159,CDS
19787,6060842,6062757,1915,gene
19788,6062642,6062757,115,mRNA
19789,6062079,6062435,356,mRNA
19790,6061187,6062021,834,mRNA
19791,6060842,6061123,281,mRNA
19792,6062642,6062720,78,mRNA
19793,6062079,6062435,356,mRNA
19794,6061187,6062021,834,mRNA
19795,6060842,6061123,281,mRNA
19796,6062642,6062687,45,CDS
19797,6062079,6062435,356,CDS
19798,6061187,6062021,834,CDS
19799,6060937,6061123,186,CDS
19800,6062642,6062687,45,CDS
19801,6062079,6062435,356,CDS
19802,6061187,6062021,834,CDS
19803,6060937,6061123,186,CDS
19804,6062989,6063671,682,gene
19805,6062989,6063230,241,mRNA
19806,6063283,6063671,388,mRNA
19807,6062989,6063230,241,mRNA
19808,6063283,6063629,346,mRNA
19809,6063023,6063230,207,CDS
19810,6063283,6063566,283,CDS
19811,6063023,6063230,207,CDS
19812,6063283,6063566,283,CDS
19813,6063562,6065953,2391,gene
19814,6065304,6065953,649,mRNA
19815,6063826,6065250,1424,mRNA
19816,6063562,6063771,209,mRNA
19817,6065304,6065765,461,CDS
19818,6063826,6065250,1424,CDS
19819,6063688,6063771,83,CDS
19820,6065997,6067635,1638,gene
19821,6065997,6066054,57,mRNA
19822,6066224,6066312,88,mRNA
19823,6066369,6067235,866,mRNA
19824,6067289,6067635,346,mRNA
19825,6065997,6066054,57,mRNA
19826,6066270,6066312,42,mRNA
19827,6066369,6067235,866,mRNA
19828,6067289,6067635,346,mRNA
19829,6066087,6066312,225,mRNA
19830,6066369,6067235,866,mRNA
19831,6067289,6067635,346,mRNA
19832,6066087,6066206,119,mRNA
19833,6066270,6066312,42,mRNA
19834,6066369,6067235,866,mRNA
19835,6067289,6067635,346,mRNA
19836,6066278,6066312,34,CDS
19837,6066369,6067235,866,CDS
19838,6067289,6067562,273,CDS
19839,6066278,6066312,34,CDS
19840,6066369,6067235,866,CDS
19841,6067289,6067562,273,CDS
19842,6066278,6066312,34,CDS
19843,6066369,6067235,866,CDS
19844,6067289,6067562,273,CDS
19845,6066278,6066312,34,CDS
19846,6066369,6067235,866,CDS
19847,6067289,6067562,273,CDS
19848,6067668,6068594,926,gene
19849,6067866,6068594,728,mRNA
19850,6067668,6067808,140,mRNA
19851,6067866,6068579,713,CDS
19852,6067767,6067808,41,CDS
19853,6069079,6069838,759,gene
19854,6069079,6069250,171,mRNA
19855,6069347,6069489,142,mRNA
19856,6069559,6069838,279,mRNA
19857,6069099,6069250,151,mRNA
19858,6069347,6069489,142,mRNA
19859,6069559,6069838,279,mRNA
19860,6069221,6069250,29,CDS
19861,6069347,6069489,142,CDS
19862,6069559,6069766,207,CDS
19863,6069221,6069250,29,CDS
19864,6069347,6069489,142,CDS
19865,6069559,6069766,207,CDS
19866,6069790,6070686,896,gene
19867,6070449,6070686,237,mRNA
19868,6070233,6070392,159,mRNA
19869,6069790,6070178,388,mRNA
19870,6070449,6070646,197,mRNA
19871,6070233,6070392,159,mRNA
19872,6069790,6070178,388,mRNA
19873,6070449,6070589,140,CDS
19874,6070233,6070392,159,CDS
19875,6069808,6070178,370,CDS
19876,6070449,6070589,140,CDS
19877,6070233,6070392,159,CDS
19878,6069808,6070178,370,CDS
19879,6070990,6073961,2971,gene
19880,6070990,6071187,197,mRNA
19881,6072414,6072676,262,mRNA
19882,6072734,6072983,249,mRNA
19883,6073040,6073173,133,mRNA
19884,6073237,6073961,724,mRNA
19885,6071069,6071187,118,mRNA
19886,6072414,6072676,262,mRNA
19887,6072734,6072983,249,mRNA
19888,6073040,6073173,133,mRNA
19889,6073237,6073961,724,mRNA
19890,6072213,6072676,463,mRNA
19891,6072734,6072983,249,mRNA
19892,6073040,6073173,133,mRNA
19893,6073237,6073712,475,mRNA
19894,6072456,6072676,220,CDS
19895,6072734,6072983,249,CDS
19896,6073040,6073173,133,CDS
19897,6073237,6073462,225,CDS
19898,6072456,6072676,220,CDS
19899,6072734,6072983,249,CDS
19900,6073040,6073173,133,CDS
19901,6073237,6073462,225,CDS
19902,6072456,6072676,220,CDS
19903,6072734,6072983,249,CDS
19904,6073040,6073173,133,CDS
19905,6073237,6073462,225,CDS
19906,6074251,6074796,545,gene
19907,6074251,6074796,545,ncRNA
19908,6078453,6079736,1283,gene
19909,6078453,6078639,186,ncRNA
19910,6078685,6079736,1051,ncRNA
19911,6079764,6080128,364,gene
19912,6079764,6079834,70,ncRNA
19913,6079892,6080128,236,ncRNA
19914,6082603,6096498,13895,gene
19915,6082603,6083740,1137,mRNA
19916,6092995,6093707,712,mRNA
19917,6093793,6095153,1360,mRNA
19918,6095238,6096498,1260,mRNA
19919,6091412,6096498,5086,gene
19920,6091412,6092244,832,mRNA
19921,6092995,6093707,712,mRNA
19922,6093793,6095153,1360,mRNA
19923,6095238,6096498,1260,mRNA
19924,6091412,6092244,832,mRNA
19925,6092995,6093707,712,mRNA
19926,6093793,6095153,1360,mRNA
19927,6095238,6096498,1260,mRNA
19928,6091569,6091820,251,CDS
19929,6092100,6092244,144,CDS
19930,6092995,6093707,712,CDS
19931,6093793,6095153,1360,CDS
19932,6095238,6095556,318,CDS
19933,6093012,6093707,695,CDS
19934,6093793,6095153,1360,CDS
19935,6095238,6095556,318,CDS
19936,6096698,6098966,2268,gene
19937,6098933,6098966,33,mRNA
19938,6098556,6098837,281,mRNA
19939,6097544,6098491,947,mRNA
19940,6097311,6097473,162,mRNA
19941,6096698,6097253,555,mRNA
19942,6098556,6098966,410,mRNA
19943,6097544,6098491,947,mRNA
19944,6097311,6097473,162,mRNA
19945,6096698,6097253,555,mRNA
19946,6098556,6098696,140,CDS
19947,6097544,6098491,947,CDS
19948,6097311,6097473,162,CDS
19949,6097168,6097253,85,CDS
19950,6098556,6098696,140,CDS
19951,6097544,6098491,947,CDS
19952,6097311,6097473,162,CDS
19953,6097168,6097253,85,CDS
19954,6100377,6124653,24276,gene
19955,6100377,6100549,172,mRNA
19956,6101694,6101798,104,mRNA
19957,6109773,6110224,451,mRNA
19958,6113030,6113113,83,mRNA
19959,6121774,6121943,169,mRNA
19960,6122005,6122190,185,mRNA
19961,6122264,6122410,146,mRNA
19962,6122698,6122853,155,mRNA
19963,6122978,6123899,921,mRNA
19964,6100377,6100549,172,mRNA
19965,6101694,6101798,104,mRNA
19966,6121774,6121943,169,mRNA
19967,6122005,6122190,185,mRNA
19968,6122264,6122410,146,mRNA
19969,6122698,6122853,155,mRNA
19970,6122978,6123899,921,mRNA
19971,6101131,6101639,508,mobile_element
19972,6101771,6101798,27,CDS
19973,6121774,6121943,169,CDS
19974,6122005,6122190,185,CDS
19975,6122264,6122410,146,CDS
19976,6122698,6122853,155,CDS
19977,6122978,6123064,86,CDS
19978,6107198,6107237,39,mobile_element
19979,6109667,6110224,557,mRNA
19980,6113030,6113113,83,mRNA
19981,6121774,6121943,169,mRNA
19982,6122005,6122190,185,mRNA
19983,6122264,6122410,146,mRNA
19984,6122698,6122853,155,mRNA
19985,6122978,6124653,1675,mRNA
19986,6109667,6110224,557,mRNA
19987,6113030,6113113,83,mRNA
19988,6121774,6121943,169,mRNA
19989,6122005,6122190,185,mRNA
19990,6122264,6122410,146,mRNA
19991,6122978,6123899,921,mRNA
19992,6110146,6110224,78,CDS
19993,6113030,6113113,83,CDS
19994,6121774,6121943,169,CDS
19995,6122005,6122190,185,CDS
19996,6122264,6122410,146,CDS
19997,6122698,6122853,155,CDS
19998,6122978,6123064,86,CDS
19999,6110146,6110224,78,CDS
20000,6113030,6113113,83,CDS
20001,6121774,6121943,169,CDS
20002,6122005,6122190,185,CDS
20003,6122264,6122410,146,CDS
20004,6122698,6122853,155,CDS
20005,6122978,6123064,86,CDS
20006,6110146,6110224,78,CDS
20007,6113030,6113113,83,CDS
20008,6121774,6121943,169,CDS
20009,6122005,6122190,185,CDS
20010,6122264,6122410,146,CDS
20011,6122978,6123064,86,CDS
20012,6118512,6120522,2010,gene
20013,6118512,6118568,56,mRNA
20014,6118630,6120522,1892,mRNA
20015,6118758,6120431,1673,CDS
20016,6120674,6121210,536,mRNA
20017,6121774,6121943,169,mRNA
20018,6122005,6122190,185,mRNA
20019,6122264,6122410,146,mRNA
20020,6122698,6122853,155,mRNA
20021,6122978,6124653,1675,mRNA
20022,6120811,6121210,399,CDS
20023,6121774,6121943,169,CDS
20024,6122005,6122190,185,CDS
20025,6122264,6122410,146,CDS
20026,6122698,6122853,155,CDS
20027,6122978,6123064,86,CDS
20028,6125132,6125911,779,gene
20029,6125132,6125755,623,mRNA
20030,6125824,6125911,87,mRNA
20031,6125249,6125755,506,CDS
20032,6125879,6127775,1896,gene
20033,6127610,6127775,165,mRNA
20034,6126902,6127553,651,mRNA
20035,6126655,6126843,188,mRNA
20036,6125879,6126595,716,mRNA
20037,6127610,6127653,43,mRNA
20038,6126902,6127553,651,mRNA
20039,6126655,6126843,188,mRNA
20040,6125879,6126595,716,mRNA
20041,6127610,6127736,126,CDS
20042,6126902,6127553,651,CDS
20043,6126655,6126843,188,CDS
20044,6125932,6126595,663,CDS
20045,6127610,6127619,9,CDS
20046,6126902,6127553,651,CDS
20047,6126655,6126843,188,CDS
20048,6125932,6126595,663,CDS
20049,6127872,6130651,2779,gene
20050,6127872,6130651,2779,gene
20051,6130463,6130651,188,mRNA
20052,6130040,6130391,351,mRNA
20053,6127872,6129980,2108,mRNA
20054,6130463,6130651,188,mRNA
20055,6130040,6130391,351,mRNA
20056,6127872,6129980,2108,mRNA
20057,6127911,6129884,1973,CDS
20058,6130463,6130550,87,CDS
20059,6130040,6130391,351,CDS
20060,6129887,6129980,93,CDS
20061,6131023,6132484,1461,gene
20062,6131023,6131226,203,mRNA
20063,6131286,6131688,402,mRNA
20064,6131748,6132058,310,mRNA
20065,6132113,6132484,371,mRNA
20066,6131187,6131226,39,CDS
20067,6131286,6131688,402,CDS
20068,6131748,6132058,310,CDS
20069,6132113,6132372,259,CDS
20070,6133258,6133674,416,gene
20071,6133258,6133674,416,ncRNA
20072,6138867,6139309,442,gene
20073,6138867,6139309,442,ncRNA
20074,6139382,6145010,5628,gene
20075,6139382,6145010,5628,mRNA
20076,6139549,6144852,5303,CDS
20077,6151969,6153701,1732,gene
20078,6151969,6152063,94,mRNA
20079,6152127,6153701,1574,mRNA
20080,6152048,6152063,15,CDS
20081,6152127,6153526,1399,CDS
20082,6153840,6155141,1301,gene
20083,6154949,6155141,192,mRNA
20084,6154644,6154895,251,mRNA
20085,6153840,6154027,187,mRNA
20086,6154949,6155072,123,mRNA
20087,6154644,6154882,238,mRNA
20088,6153904,6154027,123,mRNA
20089,6154699,6154875,176,CDS
20090,6154699,6154875,176,CDS
20091,6160400,6161309,909,gene
20092,6160400,6160961,561,mRNA
20093,6161017,6161309,292,mRNA
20094,6160532,6160939,407,CDS
20095,6179133,6211114,31981,gene
20096,6179133,6179699,566,mRNA
20097,6190439,6190696,257,mRNA
20098,6192754,6192859,105,mRNA
20099,6196544,6196775,231,mRNA
20100,6196849,6196996,147,mRNA
20101,6201262,6201441,179,mRNA
20102,6203179,6203318,139,mRNA
20103,6203411,6203618,207,mRNA
20104,6206210,6206425,215,mRNA
20105,6206635,6206867,232,mRNA
20106,6207537,6207675,138,mRNA
20107,6207893,6208912,1019,mRNA
20108,6209056,6211114,2058,mRNA
20109,6179133,6179699,566,mRNA
20110,6190439,6190696,257,mRNA
20111,6192754,6192859,105,mRNA
20112,6196544,6196775,231,mRNA
20113,6196849,6196996,147,mRNA
20114,6201262,6201441,179,mRNA
20115,6203179,6203318,139,mRNA
20116,6203411,6203618,207,mRNA
20117,6206210,6206425,215,mRNA
20118,6206635,6206867,232,mRNA
20119,6207537,6207675,138,mRNA
20120,6207893,6208912,1019,mRNA
20121,6209056,6211114,2058,mRNA
20122,6179133,6179699,566,mRNA
20123,6190439,6190696,257,mRNA
20124,6192754,6192859,105,mRNA
20125,6196544,6196775,231,mRNA
20126,6196849,6196996,147,mRNA
20127,6201262,6201441,179,mRNA
20128,6203179,6203318,139,mRNA
20129,6203411,6203618,207,mRNA
20130,6206210,6206425,215,mRNA
20131,6206635,6206867,232,mRNA
20132,6207537,6207675,138,mRNA
20133,6207893,6208912,1019,mRNA
20134,6209056,6209477,421,mRNA
20135,6190471,6190696,225,CDS
20136,6192754,6192859,105,CDS
20137,6196544,6196775,231,CDS
20138,6196849,6196996,147,CDS
20139,6201262,6201441,179,CDS
20140,6203179,6203318,139,CDS
20141,6203411,6203618,207,CDS
20142,6206210,6206425,215,CDS
20143,6206635,6206867,232,CDS
20144,6207537,6207675,138,CDS
20145,6207893,6208884,991,CDS
20146,6190471,6190696,225,CDS
20147,6192754,6192859,105,CDS
20148,6196544,6196775,231,CDS
20149,6196849,6196996,147,CDS
20150,6201262,6201441,179,CDS
20151,6203179,6203318,139,CDS
20152,6203411,6203618,207,CDS
20153,6206210,6206425,215,CDS
20154,6206635,6206867,232,CDS
20155,6207537,6207675,138,CDS
20156,6207893,6208383,490,CDS
20157,6190471,6190696,225,CDS
20158,6192754,6192859,105,CDS
20159,6196544,6196775,231,CDS
20160,6196849,6196996,147,CDS
20161,6201262,6201441,179,CDS
20162,6203179,6203318,139,CDS
20163,6203411,6203618,207,CDS
20164,6206210,6206425,215,CDS
20165,6206635,6206867,232,CDS
20166,6207537,6207675,138,CDS
20167,6207893,6208383,490,CDS
20168,6225048,6226842,1794,gene
20169,6225048,6225761,713,mRNA
20170,6225817,6226842,1025,mRNA
20171,6225079,6225761,682,CDS
20172,6225817,6226747,930,CDS
20173,6231807,6232160,353,gene
20174,6231807,6232160,353,ncRNA
20175,6253123,6323466,70343,gene
20176,6253123,6253329,206,mRNA
20177,6272750,6273126,376,mRNA
20178,6278679,6278784,105,mRNA
20179,6289765,6289996,231,mRNA
20180,6290544,6290691,147,mRNA
20181,6291006,6291185,179,mRNA
20182,6291245,6291378,133,mRNA
20183,6293485,6293692,207,mRNA
20184,6296604,6296741,137,mRNA
20185,6297024,6297235,211,mRNA
20186,6297589,6297736,147,mRNA
20187,6301154,6301682,528,mRNA
20188,6303095,6303343,248,mRNA
20189,6303758,6303850,92,mRNA
20190,6320228,6320390,162,mRNA
20191,6321759,6321908,149,mRNA
20192,6321971,6323466,1495,mRNA
20193,6253123,6253329,206,mRNA
20194,6272750,6273126,376,mRNA
20195,6278679,6278784,105,mRNA
20196,6289765,6289996,231,mRNA
20197,6290544,6290691,147,mRNA
20198,6291006,6291185,179,mRNA
20199,6291245,6291378,133,mRNA
20200,6293485,6293692,207,mRNA
20201,6296604,6296741,137,mRNA
20202,6297024,6297235,211,mRNA
20203,6297589,6297736,147,mRNA
20204,6301154,6301682,528,mRNA
20205,6303095,6303343,248,mRNA
20206,6303758,6303850,92,mRNA
20207,6320228,6320390,162,mRNA
20208,6321759,6321908,149,mRNA
20209,6321971,6323056,1085,mRNA
20210,6253123,6253329,206,mRNA
20211,6272750,6273126,376,mRNA
20212,6278679,6278784,105,mRNA
20213,6289765,6289996,231,mRNA
20214,6290544,6290691,147,mRNA
20215,6291006,6291185,179,mRNA
20216,6291245,6291684,439,mRNA
20217,6255859,6256822,963,gene
20218,6255859,6256822,963,mRNA
20219,6255859,6256715,856,mRNA
20220,6255876,6256526,650,CDS
20221,6255876,6256526,650,CDS
20222,6263557,6264490,933,gene
20223,6264360,6264490,130,mRNA
20224,6263557,6264302,745,mRNA
20225,6264360,6264453,93,CDS
20226,6263635,6264302,667,CDS
20227,6271024,6271468,444,gene
20228,6271024,6271468,444,ncRNA
20229,6272817,6273126,309,CDS
20230,6278679,6278784,105,CDS
20231,6289765,6289996,231,CDS
20232,6290544,6290691,147,CDS
20233,6291006,6291185,179,CDS
20234,6291245,6291378,133,CDS
20235,6293485,6293692,207,CDS
20236,6296604,6296741,137,CDS
20237,6297024,6297235,211,CDS
20238,6297589,6297736,147,CDS
20239,6301154,6301682,528,CDS
20240,6303095,6303343,248,CDS
20241,6303758,6303850,92,CDS
20242,6320228,6320390,162,CDS
20243,6321759,6321908,149,CDS
20244,6321971,6322135,164,CDS
20245,6272817,6273126,309,CDS
20246,6278679,6278784,105,CDS
20247,6289765,6289996,231,CDS
20248,6290544,6290691,147,CDS
20249,6291006,6291185,179,CDS
20250,6291245,6291378,133,CDS
20251,6293485,6293692,207,CDS
20252,6296604,6296741,137,CDS
20253,6297024,6297235,211,CDS
20254,6297589,6297736,147,CDS
20255,6301154,6301682,528,CDS
20256,6303095,6303343,248,CDS
20257,6303758,6303850,92,CDS
20258,6320228,6320390,162,CDS
20259,6321759,6321908,149,CDS
20260,6321971,6322135,164,CDS
20261,6272817,6273126,309,CDS
20262,6278679,6278784,105,CDS
20263,6289765,6289996,231,CDS
20264,6290544,6290691,147,CDS
20265,6291006,6291185,179,CDS
20266,6291245,6291411,166,CDS
20267,6308377,6308751,374,gene
20268,6308377,6308751,374,mRNA
20269,6308457,6308702,245,CDS
20270,6308819,6309475,656,gene
20271,6308819,6309475,656,mRNA
20272,6308867,6309169,302,CDS
20273,6323767,6332789,9022,gene
20274,6323767,6323993,226,mRNA
20275,6325173,6325297,124,mRNA
20276,6325357,6325602,245,mRNA
20277,6325713,6329487,3774,mRNA
20278,6329548,6329697,149,mRNA
20279,6330123,6330563,440,mRNA
20280,6330771,6330886,115,mRNA
20281,6331047,6332789,1742,mRNA
20282,6323767,6324118,351,mRNA
20283,6325173,6325297,124,mRNA
20284,6325357,6325602,245,mRNA
20285,6325713,6329487,3774,mRNA
20286,6329548,6329697,149,mRNA
20287,6330123,6330718,595,mRNA
20288,6330771,6330886,115,mRNA
20289,6331044,6331750,706,mRNA
20290,6323767,6324118,351,mRNA
20291,6325173,6325297,124,mRNA
20292,6325357,6325602,245,mRNA
20293,6325713,6329487,3774,mRNA
20294,6329548,6329697,149,mRNA
20295,6330123,6330563,440,mRNA
20296,6330771,6330886,115,mRNA
20297,6331044,6331750,706,mRNA
20298,6323767,6324118,351,mRNA
20299,6325173,6325297,124,mRNA
20300,6325357,6325602,245,mRNA
20301,6325713,6329487,3774,mRNA
20302,6329548,6329697,149,mRNA
20303,6330771,6330886,115,mRNA
20304,6331044,6331750,706,mRNA
20305,6325268,6325297,29,CDS
20306,6325357,6325602,245,CDS
20307,6325713,6329487,3774,CDS
20308,6329548,6329697,149,CDS
20309,6330123,6330563,440,CDS
20310,6330771,6330838,67,CDS
20311,6325268,6325297,29,CDS
20312,6325357,6325602,245,CDS
20313,6325713,6329487,3774,CDS
20314,6329548,6329697,149,CDS
20315,6330123,6330563,440,CDS
20316,6330771,6330838,67,CDS
20317,6325268,6325297,29,CDS
20318,6325357,6325602,245,CDS
20319,6325713,6329487,3774,CDS
20320,6329548,6329697,149,CDS
20321,6330771,6330838,67,CDS
20322,6325268,6325297,29,CDS
20323,6325357,6325602,245,CDS
20324,6325713,6329487,3774,CDS
20325,6329548,6329697,149,CDS
20326,6330123,6330643,520,CDS
20327,6332881,6338671,5790,gene
20328,6338648,6338671,23,mRNA
20329,6338058,6338493,435,mRNA
20330,6335315,6337271,1956,mRNA
20331,6334386,6335253,867,mRNA
20332,6334106,6334324,218,mRNA
20333,6333862,6334038,176,mRNA
20334,6333484,6333807,323,mRNA
20335,6332881,6333421,540,mRNA
20336,6338058,6338426,368,mRNA
20337,6335315,6337271,1956,mRNA
20338,6334386,6335253,867,mRNA
20339,6334106,6334324,218,mRNA
20340,6333862,6334038,176,mRNA
20341,6333484,6333807,323,mRNA
20342,6332881,6333421,540,mRNA
20343,6338058,6338142,84,CDS
20344,6335315,6337271,1956,CDS
20345,6334386,6335253,867,CDS
20346,6334106,6334324,218,CDS
20347,6333862,6334038,176,CDS
20348,6333484,6333807,323,CDS
20349,6333293,6333421,128,CDS
20350,6338058,6338142,84,CDS
20351,6335315,6337271,1956,CDS
20352,6334386,6335253,867,CDS
20353,6334106,6334324,218,CDS
20354,6333862,6334038,176,CDS
20355,6333484,6333807,323,CDS
20356,6333293,6333421,128,CDS
20357,6338836,6346280,7444,gene
20358,6338836,6339125,289,mRNA
20359,6342158,6342349,191,mRNA
20360,6342727,6343069,342,mRNA
20361,6344159,6344283,124,mRNA
20362,6344344,6344945,601,mRNA
20363,6345031,6345679,648,mRNA
20364,6345743,6346280,537,mRNA
20365,6339825,6340054,229,mRNA
20366,6342158,6342349,191,mRNA
20367,6342727,6343069,342,mRNA
20368,6344159,6344283,124,mRNA
20369,6344344,6344945,601,mRNA
20370,6345031,6345679,648,mRNA
20371,6345743,6346280,537,mRNA
20372,6341755,6341886,131,mRNA
20373,6342158,6342349,191,mRNA
20374,6342727,6343069,342,mRNA
20375,6344159,6344283,124,mRNA
20376,6344344,6344945,601,mRNA
20377,6345031,6345679,648,mRNA
20378,6345743,6346280,537,mRNA
20379,6342174,6342349,175,CDS
20380,6342727,6343069,342,CDS
20381,6344159,6344283,124,CDS
20382,6344344,6344945,601,CDS
20383,6345031,6345679,648,CDS
20384,6345743,6345887,144,CDS
20385,6342174,6342349,175,CDS
20386,6342727,6343069,342,CDS
20387,6344159,6344283,124,CDS
20388,6344344,6344945,601,CDS
20389,6345031,6345679,648,CDS
20390,6345743,6345887,144,CDS
20391,6342174,6342349,175,CDS
20392,6342727,6343069,342,CDS
20393,6344159,6344283,124,CDS
20394,6344344,6344945,601,CDS
20395,6345031,6345679,648,CDS
20396,6345743,6345887,144,CDS
20397,6343699,6343941,242,mRNA
20398,6344159,6344283,124,mRNA
20399,6344344,6344945,601,mRNA
20400,6345031,6345679,648,mRNA
20401,6345743,6346280,537,mRNA
20402,6343810,6343941,131,CDS
20403,6344159,6344283,124,CDS
20404,6344344,6344945,601,CDS
20405,6345031,6345679,648,CDS
20406,6345743,6345887,144,CDS
20407,6346430,6348427,1997,gene
20408,6347787,6348427,640,mRNA
20409,6347460,6347628,168,mRNA
20410,6346430,6347393,963,mRNA
20411,6347787,6348154,367,mRNA
20412,6347460,6347628,168,mRNA
20413,6346548,6347393,845,mRNA
20414,6347787,6348151,364,CDS
20415,6347460,6347628,168,CDS
20416,6346674,6347393,719,CDS
20417,6347787,6348151,364,CDS
20418,6347460,6347628,168,CDS
20419,6346674,6347393,719,CDS
20420,6349393,6351034,1641,gene
20421,6350588,6351034,446,mRNA
20422,6350355,6350523,168,mRNA
20423,6349393,6350290,897,mRNA
20424,6350588,6350961,373,CDS
20425,6350355,6350523,168,CDS
20426,6349559,6350290,731,CDS
20427,6352324,6354331,2007,gene
20428,6353354,6354331,977,mRNA
20429,6353156,6353288,132,mRNA
20430,6353045,6353098,53,mRNA
20431,6352741,6352983,242,mRNA
20432,6352324,6352637,313,mRNA
20433,6353354,6354331,977,CDS
20434,6353156,6353288,132,CDS
20435,6353045,6353098,53,CDS
20436,6352741,6352983,242,CDS
20437,6352324,6352637,313,CDS
20438,6354956,6356672,1716,gene
20439,6354956,6355155,199,mRNA
20440,6355209,6355797,588,mRNA
20441,6355896,6356484,588,mRNA
20442,6356536,6356672,136,mRNA
20443,6354956,6355155,199,CDS
20444,6355209,6355797,588,CDS
20445,6355896,6356484,588,CDS
20446,6356536,6356672,136,CDS
20447,6357005,6358318,1313,gene
20448,6358224,6358318,94,mRNA
20449,6358143,6358168,25,mRNA
20450,6357448,6358083,635,mRNA
20451,6357005,6357395,390,mRNA
20452,6358224,6358295,71,CDS
20453,6358143,6358168,25,CDS
20454,6357448,6358083,635,CDS
20455,6357251,6357395,144,CDS
20456,6358345,6359994,1649,gene
20457,6359612,6359994,382,ncRNA
20458,6358345,6359525,1180,ncRNA
20459,6359910,6359994,84,ncRNA
20460,6358609,6359571,962,ncRNA
20461,6360403,6361385,982,gene
20462,6360403,6361033,630,ncRNA
20463,6361091,6361385,294,ncRNA
20464,6363205,6366069,2864,mobile_element
20465,6367882,6370190,2308,gene
20466,6367882,6370190,2308,mRNA
20467,6368141,6370099,1958,CDS
20468,6372388,6377284,4896,gene
20469,6372388,6372581,193,mRNA
20470,6373296,6375307,2011,mRNA
20471,6375374,6377284,1910,mRNA
20472,6373515,6375307,1792,mRNA
20473,6375374,6377284,1910,mRNA
20474,6373577,6375307,1730,CDS
20475,6375374,6377164,1790,CDS
20476,6373577,6375307,1730,CDS
20477,6375374,6377164,1790,CDS
20478,6377771,6411326,33555,gene
20479,6410827,6411326,499,mRNA
20480,6408245,6408560,315,mRNA
20481,6394837,6394943,106,mRNA
20482,6391128,6391344,216,mRNA
20483,6386089,6386247,158,mRNA
20484,6385903,6386031,128,mRNA
20485,6385684,6385834,150,mRNA
20486,6380648,6380790,142,mRNA
20487,6379110,6379280,170,mRNA
20488,6377771,6379027,1256,mRNA
20489,6408245,6408383,138,CDS
20490,6394837,6394943,106,CDS
20491,6391128,6391344,216,CDS
20492,6386089,6386247,158,CDS
20493,6385903,6386031,128,CDS
20494,6385684,6385834,150,CDS
20495,6380648,6380790,142,CDS
20496,6379110,6379280,170,CDS
20497,6378840,6379027,187,CDS
20498,6381266,6383419,2153,gene
20499,6381266,6383419,2153,mRNA
20500,6381298,6383352,2054,CDS
20501,6383435,6385512,2077,gene
20502,6383435,6385512,2077,mRNA
20503,6383545,6385512,1967,CDS
20504,6395853,6397249,1396,gene
20505,6395853,6397249,1396,mRNA
20506,6395888,6397093,1205,CDS
20507,6412315,6415335,3020,gene
20508,6412315,6412858,543,mRNA
20509,6413181,6413366,185,mRNA
20510,6413423,6415335,1912,mRNA
20511,6412315,6412858,543,mRNA
20512,6413181,6413366,185,mRNA
20513,6413423,6414418,995,mRNA
20514,6412704,6412858,154,CDS
20515,6413181,6413366,185,CDS
20516,6413423,6414071,648,CDS
20517,6412704,6412858,154,CDS
20518,6413181,6413366,185,CDS
20519,6413423,6414071,648,CDS
20520,6415179,6423310,8131,gene
20521,6423128,6423310,182,mRNA
20522,6422260,6422520,260,mRNA
20523,6418686,6421951,3265,mRNA
20524,6417658,6418617,959,mRNA
20525,6415557,6417584,2027,mRNA
20526,6415179,6415498,319,mRNA
20527,6423128,6423310,182,mRNA
20528,6422260,6422520,260,mRNA
20529,6418686,6421951,3265,mRNA
20530,6417658,6418617,959,mRNA
20531,6415557,6417584,2027,mRNA
20532,6415268,6415498,230,mRNA
20533,6422260,6422509,249,CDS
20534,6418686,6421951,3265,CDS
20535,6417658,6418617,959,CDS
20536,6415557,6417584,2027,CDS
20537,6415436,6415498,62,CDS
20538,6422260,6422509,249,CDS
20539,6418686,6421951,3265,CDS
20540,6417658,6418617,959,CDS
20541,6415557,6417584,2027,CDS
20542,6415436,6415498,62,CDS
20543,6424336,6426371,2035,gene
20544,6424336,6425406,1070,mRNA
20545,6425466,6425669,203,mRNA
20546,6425729,6426371,642,mRNA
20547,6424526,6425406,880,CDS
20548,6425466,6425669,203,CDS
20549,6425729,6426122,393,CDS
20550,6426724,6448403,21679,gene
20551,6447942,6448022,80,mRNA
20552,6447607,6447766,159,mRNA
20553,6447301,6447435,134,mRNA
20554,6446750,6447240,490,mRNA
20555,6446196,6446673,477,mRNA
20556,6445861,6446131,270,mRNA
20557,6445642,6445796,154,mRNA
20558,6445287,6445577,290,mRNA
20559,6445119,6445229,110,mRNA
20560,6426724,6426911,187,mRNA
20561,6426911,6431563,4652,mobile_element
20562,6431564,6436013,4449,mobile_element
20563,6436014,6445112,9098,mobile_element
20564,6447942,6448403,461,mRNA
20565,6447607,6447766,159,mRNA
20566,6447301,6447435,134,mRNA
20567,6446750,6447240,490,mRNA
20568,6446196,6446673,477,mRNA
20569,6445861,6446131,270,mRNA
20570,6445642,6445796,154,mRNA
20571,6445287,6445577,290,mRNA
20572,6445070,6445229,159,mRNA
20573,6447942,6448022,80,mRNA
20574,6447607,6447766,159,mRNA
20575,6447301,6447435,134,mRNA
20576,6446750,6447240,490,mRNA
20577,6446196,6446673,477,mRNA
20578,6445861,6446131,270,mRNA
20579,6445642,6445796,154,mRNA
20580,6445287,6445577,290,mRNA
20581,6445070,6445229,159,mRNA
20582,6447607,6447862,255,mRNA
20583,6447301,6447435,134,mRNA
20584,6446750,6447240,490,mRNA
20585,6446196,6446673,477,mRNA
20586,6445861,6446131,270,mRNA
20587,6445642,6445796,154,mRNA
20588,6445287,6445577,290,mRNA
20589,6445070,6445229,159,mRNA
20590,6447942,6447961,19,CDS
20591,6447607,6447766,159,CDS
20592,6447301,6447435,134,CDS
20593,6446750,6447240,490,CDS
20594,6446196,6446673,477,CDS
20595,6445861,6446131,270,CDS
20596,6445642,6445796,154,CDS
20597,6445287,6445577,290,CDS
20598,6445119,6445229,110,CDS
20599,6447942,6447961,19,CDS
20600,6447607,6447766,159,CDS
20601,6447301,6447435,134,CDS
20602,6446750,6447240,490,CDS
20603,6446196,6446673,477,CDS
20604,6445861,6446131,270,CDS
20605,6445642,6445796,154,CDS
20606,6445287,6445577,290,CDS
20607,6445119,6445229,110,CDS
20608,6447942,6447961,19,CDS
20609,6447607,6447766,159,CDS
20610,6447301,6447435,134,CDS
20611,6446750,6447240,490,CDS
20612,6446196,6446673,477,CDS
20613,6445861,6446131,270,CDS
20614,6445642,6445796,154,CDS
20615,6445287,6445577,290,CDS
20616,6445119,6445229,110,CDS
20617,6447607,6447849,242,CDS
20618,6447301,6447435,134,CDS
20619,6446750,6447240,490,CDS
20620,6446196,6446673,477,CDS
20621,6445861,6446131,270,CDS
20622,6445642,6445796,154,CDS
20623,6445287,6445577,290,CDS
20624,6445119,6445229,110,CDS
20625,6448464,6455929,7465,gene
20626,6455535,6455929,394,mRNA
20627,6452122,6453057,935,mRNA
20628,6451797,6452055,258,mRNA
20629,6451618,6451736,118,mRNA
20630,6450693,6451014,321,mRNA
20631,6448464,6450132,1668,mRNA
20632,6455535,6455929,394,mRNA
20633,6452122,6453057,935,mRNA
20634,6451797,6452055,258,mRNA
20635,6451618,6451736,118,mRNA
20636,6450693,6451014,321,mRNA
20637,6448806,6450132,1326,mRNA
20638,6455535,6455929,394,mRNA
20639,6452122,6453057,935,mRNA
20640,6451797,6452055,258,mRNA
20641,6451618,6451736,118,mRNA
20642,6450693,6451014,321,mRNA
20643,6448806,6450132,1326,mRNA
20644,6455535,6455597,62,CDS
20645,6452122,6453057,935,CDS
20646,6451797,6452055,258,CDS
20647,6451618,6451736,118,CDS
20648,6450693,6451014,321,CDS
20649,6449708,6450132,424,CDS
20650,6455535,6455597,62,CDS
20651,6452122,6453057,935,CDS
20652,6451797,6452055,258,CDS
20653,6451618,6451736,118,CDS
20654,6450693,6451014,321,CDS
20655,6449852,6450132,280,CDS
20656,6455535,6455597,62,CDS
20657,6452122,6453057,935,CDS
20658,6451797,6452055,258,CDS
20659,6451618,6451736,118,CDS
20660,6450693,6451014,321,CDS
20661,6449852,6450132,280,CDS
20662,6456052,6459008,2956,gene
20663,6456052,6456208,156,mRNA
20664,6456365,6456682,317,mRNA
20665,6456744,6456864,120,mRNA
20666,6456921,6457113,192,mRNA
20667,6457338,6457489,151,mRNA
20668,6457540,6457916,376,mRNA
20669,6458171,6459008,837,mRNA
20670,6456267,6456682,415,mRNA
20671,6456744,6456864,120,mRNA
20672,6456921,6457113,192,mRNA
20673,6457338,6457489,151,mRNA
20674,6457540,6457916,376,mRNA
20675,6458171,6459008,837,mRNA
20676,6456471,6456682,211,CDS
20677,6456744,6456864,120,CDS
20678,6456921,6457113,192,CDS
20679,6457338,6457489,151,CDS
20680,6457540,6457916,376,CDS
20681,6458171,6458585,414,CDS
20682,6456471,6456682,211,CDS
20683,6456744,6456864,120,CDS
20684,6456921,6457113,192,CDS
20685,6457338,6457489,151,CDS
20686,6457540,6457916,376,CDS
20687,6458171,6458585,414,CDS
20688,6459015,6465669,6654,gene
20689,6465529,6465669,140,mRNA
20690,6463262,6464139,877,mRNA
20691,6460555,6460716,161,mRNA
20692,6460323,6460481,158,mRNA
20693,6459716,6459994,278,mRNA
20694,6459015,6459647,632,mRNA
20695,6465551,6465669,118,mRNA
20696,6463262,6464139,877,mRNA
20697,6460555,6460716,161,mRNA
20698,6460323,6460481,158,mRNA
20699,6459716,6459994,278,mRNA
20700,6459318,6459647,329,mRNA
20701,6463262,6463843,581,CDS
20702,6460555,6460716,161,CDS
20703,6460323,6460481,158,CDS
20704,6459716,6459994,278,CDS
20705,6459528,6459647,119,CDS
20706,6463262,6463843,581,CDS
20707,6460555,6460716,161,CDS
20708,6460323,6460481,158,CDS
20709,6459716,6459994,278,CDS
20710,6459528,6459647,119,CDS
20711,6466217,6467698,1481,gene
20712,6467399,6467698,299,mRNA
20713,6466819,6467339,520,mRNA
20714,6466217,6466764,547,mRNA
20715,6467399,6467698,299,mRNA
20716,6466819,6467339,520,mRNA
20717,6466365,6466764,399,mRNA
20718,6467399,6467608,209,CDS
20719,6466819,6467339,520,CDS
20720,6466524,6466764,240,CDS
20721,6467399,6467608,209,CDS
20722,6466819,6467339,520,CDS
20723,6466524,6466764,240,CDS
20724,6468538,6473904,5366,gene
20725,6473650,6473904,254,mRNA
20726,6471328,6471714,386,mRNA
20727,6468538,6469959,1421,mRNA
20728,6471961,6472072,111,mRNA
20729,6471328,6471714,386,mRNA
20730,6468538,6469959,1421,mRNA
20731,6473631,6473904,273,mRNA
20732,6471328,6471714,386,mRNA
20733,6468591,6469959,1368,mRNA
20734,6473631,6473691,60,CDS
20735,6471328,6471714,386,CDS
20736,6468845,6469959,1114,CDS
20737,6471328,6471664,336,CDS
20738,6468845,6469959,1114,CDS
20739,6471328,6471664,336,CDS
20740,6468845,6469959,1114,CDS
20741,6474438,6476975,2537,gene
20742,6476222,6476975,753,mRNA
20743,6475446,6475802,356,mRNA
20744,6474708,6475270,562,mRNA
20745,6474438,6474651,213,mRNA
20746,6476222,6476975,753,mRNA
20747,6475446,6475802,356,mRNA
20748,6474438,6475270,832,mRNA
20749,6476222,6476745,523,CDS
20750,6475446,6475802,356,CDS
20751,6474799,6475270,471,CDS
20752,6476222,6476745,523,CDS
20753,6475446,6475802,356,CDS
20754,6474799,6475270,471,CDS
20755,6477182,6480575,3393,gene
20756,6480324,6480575,251,mRNA
20757,6480034,6480101,67,mRNA
20758,6477971,6479062,1091,mRNA
20759,6477182,6477897,715,mRNA
20760,6480324,6480466,142,mRNA
20761,6480034,6480101,67,mRNA
20762,6477971,6479062,1091,mRNA
20763,6477182,6477897,715,mRNA
20764,6480324,6480330,6,CDS
20765,6480034,6480101,67,CDS
20766,6477971,6479062,1091,CDS
20767,6477634,6477897,263,CDS
20768,6480324,6480330,6,CDS
20769,6480034,6480101,67,CDS
20770,6477971,6479062,1091,CDS
20771,6477634,6477897,263,CDS
20772,6480661,6480930,269,gene
20773,6480661,6480930,269,ncRNA
20774,6480929,6487576,6647,gene
20775,6480929,6481250,321,mRNA
20776,6481983,6486111,4128,mRNA
20777,6486172,6486352,180,mRNA
20778,6486491,6487576,1085,mRNA
20779,6480929,6481250,321,mRNA
20780,6481983,6486111,4128,mRNA
20781,6486172,6486352,180,mRNA
20782,6486491,6487166,675,mRNA
20783,6481200,6481250,50,CDS
20784,6481983,6486111,4128,CDS
20785,6486172,6486352,180,CDS
20786,6486491,6487109,618,CDS
20787,6481200,6481250,50,CDS
20788,6481983,6486111,4128,CDS
20789,6486172,6486352,180,CDS
20790,6486491,6487109,618,CDS
20791,6487342,6488756,1414,gene
20792,6488425,6488756,331,mRNA
20793,6487342,6488372,1030,mRNA
20794,6488425,6488615,190,mRNA
20795,6487562,6488372,810,mRNA
20796,6488425,6488551,126,CDS
20797,6487597,6488372,775,CDS
20798,6488425,6488551,126,CDS
20799,6487597,6488372,775,CDS
20800,6489090,6490194,1104,gene
20801,6489090,6490194,1104,mRNA
20802,6489191,6490111,920,CDS
20803,6490155,6490843,688,gene
20804,6490706,6490843,137,mRNA
20805,6490439,6490629,190,mRNA
20806,6490288,6490373,85,mRNA
20807,6490155,6490222,67,mRNA
20808,6490706,6490757,51,CDS
20809,6490439,6490629,190,CDS
20810,6490288,6490373,85,CDS
20811,6490216,6490222,6,CDS
20812,6491061,6496988,5927,gene
20813,6491061,6491375,314,mRNA
20814,6491435,6491505,70,mRNA
20815,6491568,6491607,39,mRNA
20816,6491684,6492204,520,mRNA
20817,6492260,6492463,203,mRNA
20818,6492520,6492856,336,mRNA
20819,6494938,6495104,166,mRNA
20820,6495244,6495868,624,mRNA
20821,6496057,6496988,931,mRNA
20822,6491061,6491375,314,mRNA
20823,6491435,6491505,70,mRNA
20824,6491568,6491607,39,mRNA
20825,6491684,6492204,520,mRNA
20826,6492260,6492463,203,mRNA
20827,6492520,6492856,336,mRNA
20828,6494938,6495104,166,mRNA
20829,6496057,6496988,931,mRNA
20830,6491235,6491375,140,CDS
20831,6491435,6491505,70,CDS
20832,6491568,6491607,39,CDS
20833,6491684,6492204,520,CDS
20834,6492260,6492463,203,CDS
20835,6492520,6492856,336,CDS
20836,6494938,6495104,166,CDS
20837,6496057,6496120,63,CDS
20838,6491235,6491375,140,CDS
20839,6491435,6491505,70,CDS
20840,6491568,6491607,39,CDS
20841,6491684,6492204,520,CDS
20842,6492260,6492463,203,CDS
20843,6492520,6492856,336,CDS
20844,6494938,6495104,166,CDS
20845,6495244,6495868,624,CDS
20846,6496057,6496065,8,CDS
20847,6492974,6494532,1558,gene
20848,6493973,6494532,559,mRNA
20849,6492974,6493854,880,mRNA
20850,6493973,6494438,465,CDS
20851,6493061,6493854,793,CDS
20852,6497053,6498466,1413,gene
20853,6497053,6497723,670,mRNA
20854,6497786,6497962,176,mRNA
20855,6498017,6498466,449,mRNA
20856,6497134,6497723,589,CDS
20857,6497786,6497962,176,CDS
20858,6498017,6498341,324,CDS
20859,6498647,6526996,28349,gene
20860,6498647,6499819,1172,mRNA
20861,6525368,6525550,182,mRNA
20862,6525619,6525820,201,mRNA
20863,6525883,6526996,1113,mRNA
20864,6498647,6499819,1172,mRNA
20865,6525368,6525550,182,mRNA
20866,6525619,6525820,201,mRNA
20867,6525883,6526919,1036,mRNA
20868,6498876,6499819,943,CDS
20869,6525368,6525550,182,CDS
20870,6525619,6525820,201,CDS
20871,6525883,6526014,131,CDS
20872,6498876,6499819,943,CDS
20873,6525368,6525550,182,CDS
20874,6525619,6525820,201,CDS
20875,6525883,6526014,131,CDS
20876,6507424,6508404,980,gene
20877,6507424,6508404,980,ncRNA
20878,6527447,6546976,19529,gene
20879,6546449,6546976,527,mRNA
20880,6532906,6532952,46,mRNA
20881,6528575,6530329,1754,mRNA
20882,6528268,6528512,244,mRNA
20883,6527447,6528191,744,mRNA
20884,6535829,6536111,282,mRNA
20885,6532906,6532952,46,mRNA
20886,6528575,6530329,1754,mRNA
20887,6528268,6528512,244,mRNA
20888,6527447,6528191,744,mRNA
20889,6530423,6530509,86,mRNA
20890,6528575,6530329,1754,mRNA
20891,6528268,6528512,244,mRNA
20892,6527447,6528191,744,mRNA
20893,6546449,6546502,53,CDS
20894,6532906,6532952,46,CDS
20895,6528575,6530329,1754,CDS
20896,6528268,6528512,244,CDS
20897,6528010,6528191,181,CDS
20898,6535829,6535900,71,CDS
20899,6532906,6532952,46,CDS
20900,6528575,6530329,1754,CDS
20901,6528268,6528512,244,CDS
20902,6528010,6528191,181,CDS
20903,6528575,6530178,1603,CDS
20904,6528268,6528512,244,CDS
20905,6528010,6528191,181,CDS
20906,6551854,6552436,582,gene
20907,6551854,6552436,582,ncRNA
20908,6555717,6557502,1785,gene
20909,6557319,6557502,183,mRNA
20910,6556413,6557058,645,mRNA
20911,6555717,6556356,639,mRNA
20912,6557319,6557359,40,CDS
20913,6556413,6557058,645,CDS
20914,6555811,6556356,545,CDS
20915,6557800,6559308,1508,gene
20916,6557800,6557984,184,mRNA
20917,6558418,6558591,173,mRNA
20918,6558939,6559308,369,mRNA
20919,6557800,6557984,184,mRNA
20920,6558418,6558591,173,mRNA
20921,6558939,6559149,210,mRNA
20922,6557903,6557984,81,CDS
20923,6558418,6558591,173,CDS
20924,6558939,6559045,106,CDS
20925,6557903,6557984,81,CDS
20926,6558418,6558591,173,CDS
20927,6558939,6559045,106,CDS
20928,6559426,6562289,2863,gene
20929,6560577,6561660,1083,mRNA
20930,6559426,6560516,1090,mRNA
20931,6559431,6560133,702,gene
20932,6559431,6559711,280,mRNA
20933,6559768,6560133,365,mRNA
20934,6559531,6559711,180,CDS
20935,6559768,6560051,283,CDS
20936,6562209,6562289,80,mRNA
20937,6562026,6562112,86,mRNA
20938,6560577,6561635,1058,mRNA
20939,6560131,6560516,385,mRNA
20940,6560577,6561660,1083,mRNA
20941,6560131,6560516,385,mRNA
20942,6560577,6561567,990,CDS
20943,6560173,6560516,343,CDS
20944,6560577,6561567,990,CDS
20945,6560173,6560516,343,CDS
20946,6560577,6561567,990,CDS
20947,6560173,6560516,343,CDS
20948,6562325,6564709,2384,gene
20949,6562325,6564709,2384,mRNA
20950,6562325,6564396,2071,mRNA
20951,6562697,6564073,1376,CDS
20952,6562697,6564073,1376,CDS
20953,6564112,6566181,2069,gene
20954,6564112,6566181,2069,mRNA
20955,6564363,6566181,1818,mRNA
20956,6565170,6566117,947,CDS
20957,6565170,6566117,947,CDS
20958,6568400,6601068,32668,gene
20959,6600611,6601068,457,mRNA
20960,6586501,6587143,642,mRNA
20961,6580415,6580510,95,mRNA
20962,6579267,6579381,114,mRNA
20963,6578905,6578999,94,mRNA
20964,6577653,6577780,127,mRNA
20965,6577378,6577589,211,mRNA
20966,6576847,6577090,243,mRNA
20967,6576253,6576366,113,mRNA
20968,6576041,6576164,123,mRNA
20969,6575849,6575963,114,mRNA
20970,6575613,6575727,114,mRNA
20971,6574398,6575455,1057,mRNA
20972,6574016,6574320,304,mRNA
20973,6572196,6572542,346,mRNA
20974,6568400,6568865,465,mRNA
20975,6600611,6601068,457,mRNA
20976,6586501,6587143,642,mRNA
20977,6580415,6580510,95,mRNA
20978,6579267,6579381,114,mRNA
20979,6578905,6578999,94,mRNA
20980,6577653,6577780,127,mRNA
20981,6577378,6577589,211,mRNA
20982,6576847,6577090,243,mRNA
20983,6576253,6576366,113,mRNA
20984,6576041,6576164,123,mRNA
20985,6575849,6575963,114,mRNA
20986,6575613,6575727,114,mRNA
20987,6574398,6575455,1057,mRNA
20988,6574016,6574320,304,mRNA
20989,6568400,6572542,4142,mRNA
20990,6600611,6601068,457,mRNA
20991,6586501,6587143,642,mRNA
20992,6580415,6580510,95,mRNA
20993,6579267,6579381,114,mRNA
20994,6578905,6578999,94,mRNA
20995,6577653,6577780,127,mRNA
20996,6577378,6577589,211,mRNA
20997,6576847,6577090,243,mRNA
20998,6576253,6576366,113,mRNA
20999,6576041,6576164,123,mRNA
21000,6575849,6575963,114,mRNA
21001,6575613,6575727,114,mRNA
21002,6574398,6575455,1057,mRNA
21003,6574016,6574320,304,mRNA
21004,6573699,6573805,106,mRNA
21005,6571954,6572542,588,mRNA
21006,6586501,6586530,29,CDS
21007,6580415,6580510,95,CDS
21008,6579267,6579381,114,CDS
21009,6578905,6578999,94,CDS
21010,6577653,6577780,127,CDS
21011,6577378,6577589,211,CDS
21012,6576847,6577090,243,CDS
21013,6576253,6576366,113,CDS
21014,6576041,6576164,123,CDS
21015,6575849,6575963,114,CDS
21016,6575613,6575727,114,CDS
21017,6574398,6575455,1057,CDS
21018,6574016,6574320,304,CDS
21019,6572486,6572542,56,CDS
21020,6586501,6586530,29,CDS
21021,6580415,6580510,95,CDS
21022,6579267,6579381,114,CDS
21023,6578905,6578999,94,CDS
21024,6577653,6577780,127,CDS
21025,6577378,6577589,211,CDS
21026,6576847,6577090,243,CDS
21027,6576253,6576366,113,CDS
21028,6576041,6576164,123,CDS
21029,6575849,6575963,114,CDS
21030,6575613,6575727,114,CDS
21031,6574398,6575455,1057,CDS
21032,6574016,6574320,304,CDS
21033,6572486,6572542,56,CDS
21034,6586501,6586530,29,CDS
21035,6580415,6580510,95,CDS
21036,6579267,6579381,114,CDS
21037,6578905,6578999,94,CDS
21038,6577653,6577780,127,CDS
21039,6577378,6577589,211,CDS
21040,6576847,6577090,243,CDS
21041,6576253,6576366,113,CDS
21042,6576041,6576164,123,CDS
21043,6575849,6575963,114,CDS
21044,6575613,6575727,114,CDS
21045,6574398,6575455,1057,CDS
21046,6574016,6574320,304,CDS
21047,6573734,6573805,71,CDS
21048,6611011,6617117,6106,gene
21049,6611011,6611268,257,mRNA
21050,6612485,6612640,155,mRNA
21051,6612781,6613278,497,mRNA
21052,6615859,6616152,293,mRNA
21053,6616214,6617117,903,mRNA
21054,6611406,6611611,205,mRNA
21055,6612485,6612640,155,mRNA
21056,6612781,6613278,497,mRNA
21057,6615859,6616152,293,mRNA
21058,6616214,6617117,903,mRNA
21059,6611687,6611775,88,mRNA
21060,6612485,6612640,155,mRNA
21061,6612781,6613278,497,mRNA
21062,6615859,6616152,293,mRNA
21063,6616214,6617117,903,mRNA
21064,6612566,6612640,74,CDS
21065,6612781,6613278,497,CDS
21066,6615859,6616152,293,CDS
21067,6616214,6616513,299,CDS
21068,6612566,6612640,74,CDS
21069,6612781,6613278,497,CDS
21070,6615859,6616152,293,CDS
21071,6616214,6616513,299,CDS
21072,6612566,6612640,74,CDS
21073,6612781,6613278,497,CDS
21074,6615859,6616152,293,CDS
21075,6616214,6616513,299,CDS
21076,6617134,6621700,4566,gene
21077,6621426,6621700,274,mRNA
21078,6618175,6618418,243,mRNA
21079,6617760,6618115,355,mRNA
21080,6617425,6617706,281,mRNA
21081,6617293,6617364,71,mRNA
21082,6617134,6617231,97,mRNA
21083,6621426,6621510,84,CDS
21084,6618175,6618418,243,CDS
21085,6617760,6618115,355,CDS
21086,6617425,6617706,281,CDS
21087,6617293,6617364,71,CDS
21088,6617140,6617231,91,CDS
21089,6619080,6619446,366,gene
21090,6619080,6619446,366,ncRNA
21091,6623112,6625359,2247,gene
21092,6623112,6623343,231,mRNA
21093,6623404,6623558,154,mRNA
21094,6623681,6623831,150,mRNA
21095,6623885,6624081,196,mRNA
21096,6624136,6624656,520,mRNA
21097,6624723,6624767,44,mRNA
21098,6624828,6624993,165,mRNA
21099,6625050,6625359,309,mRNA
21100,6623123,6623343,220,CDS
21101,6623404,6623558,154,CDS
21102,6623681,6623831,150,CDS
21103,6623885,6624081,196,CDS
21104,6624136,6624656,520,CDS
21105,6624723,6624767,44,CDS
21106,6624828,6624993,165,CDS
21107,6625050,6625108,58,CDS
21108,6625138,6632407,7269,gene
21109,6632084,6632407,323,mRNA
21110,6628746,6629068,322,mRNA
21111,6628516,6628690,174,mRNA
21112,6627501,6627603,102,mRNA
21113,6625833,6626762,929,mRNA
21114,6625581,6625769,188,mRNA
21115,6625138,6625511,373,mRNA
21116,6632084,6632318,234,CDS
21117,6628746,6629068,322,CDS
21118,6628516,6628690,174,CDS
21119,6627501,6627603,102,CDS
21120,6625833,6626762,929,CDS
21121,6625581,6625769,188,CDS
21122,6625388,6625511,123,CDS
21123,6632798,6649114,16316,gene
21124,6649030,6649114,84,mRNA
21125,6645972,6646947,975,mRNA
21126,6640735,6640934,199,mRNA
21127,6640357,6640675,318,mRNA
21128,6639397,6640215,818,mRNA
21129,6637978,6639335,1357,mRNA
21130,6635653,6637024,1371,mRNA
21131,6632798,6635406,2608,mRNA
21132,6647921,6648145,224,mRNA
21133,6645972,6646947,975,mRNA
21134,6640735,6640934,199,mRNA
21135,6640357,6640675,318,mRNA
21136,6639397,6640215,818,mRNA
21137,6637978,6639335,1357,mRNA
21138,6637434,6637490,56,mRNA
21139,6635653,6637024,1371,mRNA
21140,6632798,6635406,2608,mRNA
21141,6649030,6649114,84,mRNA
21142,6645972,6646947,975,mRNA
21143,6640735,6640934,199,mRNA
21144,6640357,6640675,318,mRNA
21145,6639397,6640203,806,mRNA
21146,6637978,6639335,1357,mRNA
21147,6637434,6637490,56,mRNA
21148,6635653,6637024,1371,mRNA
21149,6634549,6635406,857,mRNA
21150,6647921,6648145,224,mRNA
21151,6645972,6646947,975,mRNA
21152,6640735,6640934,199,mRNA
21153,6640357,6640675,318,mRNA
21154,6639397,6640203,806,mRNA
21155,6637978,6639335,1357,mRNA
21156,6635653,6637024,1371,mRNA
21157,6634549,6635406,857,mRNA
21158,6645972,6646668,696,CDS
21159,6640735,6640934,199,CDS
21160,6640357,6640675,318,CDS
21161,6639397,6640203,806,CDS
21162,6637978,6639335,1357,CDS
21163,6635653,6637024,1371,CDS
21164,6634811,6635406,595,CDS
21165,6645972,6646668,696,CDS
21166,6640735,6640934,199,CDS
21167,6640357,6640675,318,CDS
21168,6639397,6640203,806,CDS
21169,6637978,6639335,1357,CDS
21170,6637434,6637490,56,CDS
21171,6635653,6637024,1371,CDS
21172,6634811,6635406,595,CDS
21173,6645972,6646668,696,CDS
21174,6640735,6640934,199,CDS
21175,6640357,6640675,318,CDS
21176,6639397,6640215,818,CDS
21177,6637978,6639335,1357,CDS
21178,6635653,6637024,1371,CDS
21179,6634811,6635406,595,CDS
21180,6645972,6646668,696,CDS
21181,6640735,6640934,199,CDS
21182,6640357,6640675,318,CDS
21183,6639397,6640215,818,CDS
21184,6637978,6639335,1357,CDS
21185,6637434,6637490,56,CDS
21186,6635653,6637024,1371,CDS
21187,6634811,6635406,595,CDS
21188,6648946,6649114,168,mRNA
21189,6645972,6646947,975,mRNA
21190,6640735,6640934,199,mRNA
21191,6640357,6640675,318,mRNA
21192,6639397,6640203,806,mRNA
21193,6637978,6639335,1357,mRNA
21194,6637434,6637490,56,mRNA
21195,6635545,6637024,1479,mRNA
21196,6647422,6649114,1692,mRNA
21197,6645972,6646947,975,mRNA
21198,6640735,6640934,199,mRNA
21199,6640357,6640675,318,mRNA
21200,6639397,6640203,806,mRNA
21201,6637978,6639335,1357,mRNA
21202,6635545,6637024,1479,mRNA
21203,6647998,6648145,147,mRNA
21204,6645972,6646947,975,mRNA
21205,6640735,6640934,199,mRNA
21206,6640357,6640675,318,mRNA
21207,6639397,6640215,818,mRNA
21208,6637978,6639335,1357,mRNA
21209,6635545,6637024,1479,mRNA
21210,6647951,6648145,194,mRNA
21211,6645972,6646947,975,mRNA
21212,6640735,6640934,199,mRNA
21213,6640357,6640675,318,mRNA
21214,6639397,6640215,818,mRNA
21215,6637978,6639335,1357,mRNA
21216,6637434,6637490,56,mRNA
21217,6635545,6637024,1479,mRNA
21218,6645972,6646668,696,CDS
21219,6640735,6640934,199,CDS
21220,6640357,6640675,318,CDS
21221,6639397,6640203,806,CDS
21222,6637978,6639335,1357,CDS
21223,6635648,6637024,1376,CDS
21224,6645972,6646668,696,CDS
21225,6640735,6640934,199,CDS
21226,6640357,6640675,318,CDS
21227,6639397,6640203,806,CDS
21228,6637978,6639335,1357,CDS
21229,6637434,6637490,56,CDS
21230,6635648,6637024,1376,CDS
21231,6645972,6646668,696,CDS
21232,6640735,6640934,199,CDS
21233,6640357,6640675,318,CDS
21234,6639397,6640215,818,CDS
21235,6637978,6639335,1357,CDS
21236,6635648,6637024,1376,CDS
21237,6645972,6646668,696,CDS
21238,6640735,6640934,199,CDS
21239,6640357,6640675,318,CDS
21240,6639397,6640215,818,CDS
21241,6637978,6639335,1357,CDS
21242,6637434,6637490,56,CDS
21243,6635648,6637024,1376,CDS
21244,6649388,6654574,5186,gene
21245,6649388,6649680,292,mRNA
21246,6649787,6651895,2108,mRNA
21247,6652008,6652444,436,mRNA
21248,6652497,6652629,132,mRNA
21249,6652753,6653377,624,mRNA
21250,6653435,6653536,101,mRNA
21251,6653595,6654574,979,mRNA
21252,6649388,6649680,292,mRNA
21253,6649787,6651895,2108,mRNA
21254,6652008,6652426,418,mRNA
21255,6652497,6652629,132,mRNA
21256,6652753,6653377,624,mRNA
21257,6653435,6653536,101,mRNA
21258,6653595,6654574,979,mRNA
21259,6649388,6649680,292,mRNA
21260,6649787,6651895,2108,mRNA
21261,6652008,6652444,436,mRNA
21262,6652497,6652629,132,mRNA
21263,6652753,6653377,624,mRNA
21264,6653435,6653536,101,mRNA
21265,6653595,6654416,821,mRNA
21266,6649533,6649680,147,CDS
21267,6649787,6651895,2108,CDS
21268,6652008,6652444,436,CDS
21269,6652497,6652629,132,CDS
21270,6652753,6653377,624,CDS
21271,6653435,6653536,101,CDS
21272,6653595,6654333,738,CDS
21273,6649533,6649680,147,CDS
21274,6649787,6651895,2108,CDS
21275,6652008,6652444,436,CDS
21276,6652497,6652629,132,CDS
21277,6652753,6653377,624,CDS
21278,6653435,6653536,101,CDS
21279,6653595,6654333,738,CDS
21280,6649533,6649680,147,CDS
21281,6649787,6651895,2108,CDS
21282,6652008,6652426,418,CDS
21283,6652497,6652629,132,CDS
21284,6652753,6653377,624,CDS
21285,6653435,6653536,101,CDS
21286,6653595,6654333,738,CDS
21287,6654760,6656321,1561,gene
21288,6656196,6656321,125,mRNA
21289,6655070,6656141,1071,mRNA
21290,6654760,6655013,253,mRNA
21291,6656196,6656233,37,CDS
21292,6655070,6656141,1071,CDS
21293,6654897,6655013,116,CDS
21294,6656459,6658152,1693,gene
21295,6657434,6658152,718,mRNA
21296,6657003,6657375,372,mRNA
21297,6656459,6656933,474,mRNA
21298,6657434,6657879,445,mRNA
21299,6657003,6657375,372,mRNA
21300,6656459,6656933,474,mRNA
21301,6657434,6657738,304,CDS
21302,6657003,6657375,372,CDS
21303,6656670,6656933,263,CDS
21304,6657434,6657738,304,CDS
21305,6657003,6657375,372,CDS
21306,6656670,6656933,263,CDS
21307,6658517,6662033,3516,gene
21308,6658517,6659318,801,mRNA
21309,6659379,6659761,382,mRNA
21310,6659828,6662033,2205,mRNA
21311,6658592,6659318,726,CDS
21312,6659379,6659761,382,CDS
21313,6659828,6661699,1871,CDS
21314,6662061,6663612,1551,gene
21315,6663436,6663612,176,mRNA
21316,6663132,6663374,242,mRNA
21317,6662061,6663067,1006,mRNA
21318,6663436,6663612,176,mRNA
21319,6663128,6663374,246,mRNA
21320,6662061,6663067,1006,mRNA
21321,6663436,6663577,141,CDS
21322,6663132,6663374,242,CDS
21323,6662097,6663067,970,CDS
21324,6663436,6663577,141,CDS
21325,6663128,6663374,246,CDS
21326,6662902,6663067,165,CDS
21327,6663664,6674780,11116,gene
21328,6663664,6674780,11116,gene
21329,6663664,6664587,923,mRNA
21330,6664931,6665791,860,mRNA
21331,6668342,6668887,545,mRNA
21332,6668946,6669690,744,mRNA
21333,6669764,6670513,749,mRNA
21334,6674301,6674780,479,mRNA
21335,6663664,6664587,923,mRNA
21336,6664931,6665791,860,mRNA
21337,6668342,6668887,545,mRNA
21338,6668946,6669690,744,mRNA
21339,6669764,6670513,749,mRNA
21340,6674301,6674780,479,mRNA
21341,6663968,6664587,619,mRNA
21342,6664931,6665791,860,mRNA
21343,6668342,6668887,545,mRNA
21344,6668946,6669690,744,mRNA
21345,6669764,6670513,749,mRNA
21346,6674301,6674780,479,mRNA
21347,6663968,6664587,619,mRNA
21348,6664931,6665791,860,mRNA
21349,6668342,6668887,545,mRNA
21350,6668946,6669690,744,mRNA
21351,6669764,6670513,749,mRNA
21352,6674301,6674780,479,mRNA
21353,6664150,6664587,437,CDS
21354,6664931,6665791,860,CDS
21355,6668342,6668887,545,CDS
21356,6668946,6669690,744,CDS
21357,6669764,6670513,749,CDS
21358,6674301,6674314,13,CDS
21359,6664150,6664587,437,CDS
21360,6664931,6665791,860,CDS
21361,6668342,6668887,545,CDS
21362,6668946,6669690,744,CDS
21363,6669764,6670513,749,CDS
21364,6674301,6674314,13,CDS
21365,6666264,6668033,1769,gene
21366,6667671,6668033,362,mRNA
21367,6667361,6667530,169,mRNA
21368,6667086,6667291,205,mRNA
21369,6666264,6667008,744,mRNA
21370,6667671,6668033,362,mRNA
21371,6667361,6667530,169,mRNA
21372,6667086,6667291,205,mRNA
21373,6666289,6667008,719,mRNA
21374,6667671,6667689,18,CDS
21375,6667361,6667530,169,CDS
21376,6667086,6667291,205,CDS
21377,6666351,6667008,657,CDS
21378,6667671,6667689,18,CDS
21379,6667361,6667530,169,CDS
21380,6667086,6667291,205,CDS
21381,6666351,6667008,657,CDS
21382,6671065,6673347,2282,gene
21383,6671065,6673347,2282,mRNA
21384,6671779,6673347,1568,mRNA
21385,6671832,6673175,1343,CDS
21386,6671832,6673175,1343,CDS
21387,6673964,6674228,264,mRNA
21388,6674301,6674741,440,mRNA
21389,6673964,6674228,264,mRNA
21390,6674306,6674741,435,mRNA
21391,6674059,6674228,169,CDS
21392,6674306,6674525,219,CDS
21393,6674301,6674525,224,CDS
21394,6674301,6674525,224,CDS
21395,6674301,6674525,224,CDS
21396,6674682,6676635,1953,gene
21397,6676431,6676635,204,mRNA
21398,6676240,6676371,131,mRNA
21399,6675760,6676174,414,mRNA
21400,6675330,6675701,371,mRNA
21401,6675122,6675271,149,mRNA
21402,6674682,6675062,380,mRNA
21403,6676431,6676567,136,mRNA
21404,6676240,6676371,131,mRNA
21405,6675760,6676174,414,mRNA
21406,6675330,6675701,371,mRNA
21407,6675122,6675271,149,mRNA
21408,6674682,6675062,380,mRNA
21409,6676431,6676550,119,CDS
21410,6676240,6676371,131,CDS
21411,6675760,6676174,414,CDS
21412,6675330,6675701,371,CDS
21413,6675122,6675271,149,CDS
21414,6674800,6675062,262,CDS
21415,6676431,6676550,119,CDS
21416,6676240,6676371,131,CDS
21417,6675760,6676174,414,CDS
21418,6675330,6675701,371,CDS
21419,6675122,6675271,149,CDS
21420,6674800,6675062,262,CDS
21421,6676649,6677625,976,gene
21422,6676649,6677625,976,mRNA
21423,6676739,6677625,886,mRNA
21424,6676841,6677548,707,CDS
21425,6676841,6677548,707,CDS
21426,6677835,6684364,6529,gene
21427,6683726,6684364,638,mRNA
21428,6682746,6682870,124,mRNA
21429,6682495,6682683,188,mRNA
21430,6682141,6682430,289,mRNA
21431,6681943,6682084,141,mRNA
21432,6681464,6681772,308,mRNA
21433,6681279,6681390,111,mRNA
21434,6681065,6681218,153,mRNA
21435,6680947,6680998,51,mRNA
21436,6680346,6680524,178,mRNA
21437,6680175,6680283,108,mRNA
21438,6679986,6680114,128,mRNA
21439,6677835,6678224,389,mRNA
21440,6683726,6684357,631,mRNA
21441,6682746,6682870,124,mRNA
21442,6682495,6682683,188,mRNA
21443,6682141,6682430,289,mRNA
21444,6681943,6682084,141,mRNA
21445,6681464,6681772,308,mRNA
21446,6681279,6681390,111,mRNA
21447,6681065,6681218,153,mRNA
21448,6680947,6680998,51,mRNA
21449,6680346,6680524,178,mRNA
21450,6680175,6680283,108,mRNA
21451,6679986,6680114,128,mRNA
21452,6677835,6678756,921,mRNA
21453,6683726,6684357,631,mRNA
21454,6682746,6682870,124,mRNA
21455,6682495,6682683,188,mRNA
21456,6682141,6682430,289,mRNA
21457,6681943,6682084,141,mRNA
21458,6681464,6681772,308,mRNA
21459,6681279,6681390,111,mRNA
21460,6681065,6681218,153,mRNA
21461,6680947,6680998,51,mRNA
21462,6680346,6680542,196,mRNA
21463,6680175,6680283,108,mRNA
21464,6679986,6680114,128,mRNA
21465,6677835,6678756,921,mRNA
21466,6683726,6684357,631,mRNA
21467,6682746,6682870,124,mRNA
21468,6682495,6682683,188,mRNA
21469,6682141,6682430,289,mRNA
21470,6681943,6682084,141,mRNA
21471,6681464,6681772,308,mRNA
21472,6681279,6681390,111,mRNA
21473,6681065,6681218,153,mRNA
21474,6680947,6680998,51,mRNA
21475,6680346,6680542,196,mRNA
21476,6680175,6680283,108,mRNA
21477,6679986,6680114,128,mRNA
21478,6678912,6679082,170,mRNA
21479,6677835,6678224,389,mRNA
21480,6683726,6684357,631,mRNA
21481,6682746,6682870,124,mRNA
21482,6682495,6682683,188,mRNA
21483,6682141,6682430,289,mRNA
21484,6681943,6682084,141,mRNA
21485,6681464,6681772,308,mRNA
21486,6681279,6681390,111,mRNA
21487,6681065,6681218,153,mRNA
21488,6680947,6680998,51,mRNA
21489,6680671,6680706,35,mRNA
21490,6680346,6680542,196,mRNA
21491,6680175,6680283,108,mRNA
21492,6679986,6680114,128,mRNA
21493,6678912,6679262,350,mRNA
21494,6677835,6678756,921,mRNA
21495,6683726,6683948,222,CDS
21496,6682746,6682870,124,CDS
21497,6682495,6682683,188,CDS
21498,6682141,6682430,289,CDS
21499,6681943,6682084,141,CDS
21500,6681464,6681772,308,CDS
21501,6681279,6681390,111,CDS
21502,6681065,6681218,153,CDS
21503,6680947,6680998,51,CDS
21504,6680346,6680524,178,CDS
21505,6680175,6680283,108,CDS
21506,6679986,6680114,128,CDS
21507,6678147,6678224,77,CDS
21508,6683726,6683948,222,CDS
21509,6682746,6682870,124,CDS
21510,6682495,6682683,188,CDS
21511,6682141,6682430,289,CDS
21512,6681943,6682084,141,CDS
21513,6681464,6681772,308,CDS
21514,6681279,6681390,111,CDS
21515,6681065,6681218,153,CDS
21516,6680947,6680998,51,CDS
21517,6680346,6680524,178,CDS
21518,6680175,6680283,108,CDS
21519,6679986,6680114,128,CDS
21520,6678724,6678756,32,CDS
21521,6683726,6683948,222,CDS
21522,6682746,6682870,124,CDS
21523,6682495,6682683,188,CDS
21524,6682141,6682430,289,CDS
21525,6681943,6682084,141,CDS
21526,6681464,6681772,308,CDS
21527,6681279,6681390,111,CDS
21528,6681065,6681218,153,CDS
21529,6680947,6680998,51,CDS
21530,6680346,6680542,196,CDS
21531,6680175,6680283,108,CDS
21532,6679986,6680114,128,CDS
21533,6678724,6678756,32,CDS
21534,6683726,6683948,222,CDS
21535,6682746,6682870,124,CDS
21536,6682495,6682683,188,CDS
21537,6682141,6682430,289,CDS
21538,6681943,6682084,141,CDS
21539,6681464,6681772,308,CDS
21540,6681279,6681390,111,CDS
21541,6681065,6681218,153,CDS
21542,6680947,6680998,51,CDS
21543,6680346,6680542,196,CDS
21544,6680175,6680283,108,CDS
21545,6679986,6680114,128,CDS
21546,6679065,6679082,17,CDS
21547,6683726,6683948,222,CDS
21548,6682746,6682870,124,CDS
21549,6682495,6682683,188,CDS
21550,6682141,6682430,289,CDS
21551,6681943,6682084,141,CDS
21552,6681464,6681772,308,CDS
21553,6681279,6681390,111,CDS
21554,6681065,6681218,153,CDS
21555,6680947,6680998,51,CDS
21556,6680671,6680706,35,CDS
21557,6680346,6680542,196,CDS
21558,6680175,6680283,108,CDS
21559,6679986,6680114,128,CDS
21560,6679194,6679262,68,CDS
21561,6682998,6683129,131,mRNA
21562,6682746,6682870,124,mRNA
21563,6682495,6682683,188,mRNA
21564,6682141,6682430,289,mRNA
21565,6681943,6682084,141,mRNA
21566,6681464,6681772,308,mRNA
21567,6681279,6681390,111,mRNA
21568,6681065,6681218,153,mRNA
21569,6680947,6680998,51,mRNA
21570,6680346,6680542,196,mRNA
21571,6680175,6680283,108,mRNA
21572,6679321,6680114,793,mRNA
21573,6682746,6682814,68,CDS
21574,6682495,6682683,188,CDS
21575,6682141,6682430,289,CDS
21576,6681943,6682084,141,CDS
21577,6681464,6681772,308,CDS
21578,6681279,6681390,111,CDS
21579,6681065,6681218,153,CDS
21580,6680947,6680998,51,CDS
21581,6680346,6680542,196,CDS
21582,6680175,6680283,108,CDS
21583,6679923,6680114,191,CDS
21584,6684842,6686712,1870,gene
21585,6686563,6686712,149,mRNA
21586,6684842,6686499,1657,mRNA
21587,6685067,6686494,1427,CDS
21588,6686791,6709086,22295,gene
21589,6708914,6709086,172,mRNA
21590,6708287,6708578,291,mRNA
21591,6701750,6701944,194,mRNA
21592,6700553,6700619,66,mRNA
21593,6700181,6700496,315,mRNA
21594,6699987,6700116,129,mRNA
21595,6699765,6699902,137,mRNA
21596,6697263,6697457,194,mRNA
21597,6697010,6697127,117,mRNA
21598,6690977,6691098,121,mRNA
21599,6688796,6689118,322,mRNA
21600,6687254,6688737,1483,mRNA
21601,6687064,6687197,133,mRNA
21602,6686791,6686995,204,mRNA
21603,6708287,6709086,799,mRNA
21604,6701750,6701944,194,mRNA
21605,6700553,6700619,66,mRNA
21606,6700181,6700496,315,mRNA
21607,6699987,6700116,129,mRNA
21608,6699765,6699902,137,mRNA
21609,6697263,6697457,194,mRNA
21610,6697010,6697127,117,mRNA
21611,6690977,6691098,121,mRNA
21612,6688796,6689118,322,mRNA
21613,6687254,6688737,1483,mRNA
21614,6687064,6687197,133,mRNA
21615,6686791,6686995,204,mRNA
21616,6689228,6689393,165,mRNA
21617,6688796,6689118,322,mRNA
21618,6687254,6688737,1483,mRNA
21619,6687064,6687197,133,mRNA
21620,6686791,6686995,204,mRNA
21621,6688796,6689336,540,mRNA
21622,6687254,6688737,1483,mRNA
21623,6687064,6687197,133,mRNA
21624,6686791,6686995,204,mRNA
21625,6701750,6701834,84,CDS
21626,6700553,6700619,66,CDS
21627,6700181,6700496,315,CDS
21628,6699987,6700116,129,CDS
21629,6699765,6699902,137,CDS
21630,6697263,6697457,194,CDS
21631,6697010,6697127,117,CDS
21632,6690977,6691098,121,CDS
21633,6688796,6689118,322,CDS
21634,6687254,6688737,1483,CDS
21635,6687064,6687197,133,CDS
21636,6686925,6686995,70,CDS
21637,6701750,6701834,84,CDS
21638,6700553,6700619,66,CDS
21639,6700181,6700496,315,CDS
21640,6699987,6700116,129,CDS
21641,6699765,6699902,137,CDS
21642,6697263,6697457,194,CDS
21643,6697010,6697127,117,CDS
21644,6690977,6691098,121,CDS
21645,6688796,6689118,322,CDS
21646,6687254,6688737,1483,CDS
21647,6687064,6687197,133,CDS
21648,6686925,6686995,70,CDS
21649,6688796,6689062,266,CDS
21650,6687254,6688737,1483,CDS
21651,6687064,6687197,133,CDS
21652,6686925,6686995,70,CDS
21653,6688796,6689062,266,CDS
21654,6687254,6688737,1483,CDS
21655,6687064,6687197,133,CDS
21656,6686925,6686995,70,CDS
21657,6709053,6709086,33,mRNA
21658,6708287,6708578,291,mRNA
21659,6701750,6701944,194,mRNA
21660,6700553,6700619,66,mRNA
21661,6700181,6700496,315,mRNA
21662,6699987,6700116,129,mRNA
21663,6699765,6699902,137,mRNA
21664,6697263,6697457,194,mRNA
21665,6697010,6697127,117,mRNA
21666,6690977,6691098,121,mRNA
21667,6689625,6690139,514,mRNA
21668,6709040,6709086,46,mRNA
21669,6708287,6708578,291,mRNA
21670,6701750,6701944,194,mRNA
21671,6700553,6700619,66,mRNA
21672,6700181,6700496,315,mRNA
21673,6699987,6700116,129,mRNA
21674,6699765,6699902,137,mRNA
21675,6697263,6697457,194,mRNA
21676,6697010,6697127,117,mRNA
21677,6690977,6691098,121,mRNA
21678,6689625,6690139,514,mRNA
21679,6708287,6708602,315,mRNA
21680,6701750,6701944,194,mRNA
21681,6700553,6700619,66,mRNA
21682,6700181,6700496,315,mRNA
21683,6699987,6700116,129,mRNA
21684,6699765,6699902,137,mRNA
21685,6697263,6697457,194,mRNA
21686,6697010,6697127,117,mRNA
21687,6690977,6691098,121,mRNA
21688,6689625,6690139,514,mRNA
21689,6701750,6701834,84,CDS
21690,6700553,6700619,66,CDS
21691,6700181,6700496,315,CDS
21692,6699987,6700116,129,CDS
21693,6699765,6699902,137,CDS
21694,6697263,6697457,194,CDS
21695,6697010,6697127,117,CDS
21696,6690977,6691098,121,CDS
21697,6690051,6690139,88,CDS
21698,6701750,6701834,84,CDS
21699,6700553,6700619,66,CDS
21700,6700181,6700496,315,CDS
21701,6699987,6700116,129,CDS
21702,6699765,6699902,137,CDS
21703,6697263,6697457,194,CDS
21704,6697010,6697127,117,CDS
21705,6690977,6691098,121,CDS
21706,6690051,6690139,88,CDS
21707,6701750,6701834,84,CDS
21708,6700553,6700619,66,CDS
21709,6700181,6700496,315,CDS
21710,6699987,6700116,129,CDS
21711,6699765,6699902,137,CDS
21712,6697263,6697457,194,CDS
21713,6697010,6697127,117,CDS
21714,6690977,6691098,121,CDS
21715,6690051,6690139,88,CDS
21716,6711286,6716186,4900,gene
21717,6716026,6716186,160,mRNA
21718,6714555,6714767,212,mRNA
21719,6713575,6713847,272,mRNA
21720,6713366,6713465,99,mRNA
21721,6712740,6713228,488,mRNA
21722,6712347,6712675,328,mRNA
21723,6711286,6711742,456,mRNA
21724,6716026,6716186,160,mRNA
21725,6714555,6714767,212,mRNA
21726,6713575,6713847,272,mRNA
21727,6713366,6713465,99,mRNA
21728,6712740,6713228,488,mRNA
21729,6712338,6712675,337,mRNA
21730,6711286,6711742,456,mRNA
21731,6716026,6716186,160,mRNA
21732,6715169,6715323,154,mRNA
21733,6714555,6714767,212,mRNA
21734,6713575,6713847,272,mRNA
21735,6713366,6713465,99,mRNA
21736,6712740,6713228,488,mRNA
21737,6711286,6712675,1389,mRNA
21738,6716026,6716186,160,mRNA
21739,6714555,6715323,768,mRNA
21740,6713575,6713847,272,mRNA
21741,6713366,6713465,99,mRNA
21742,6712740,6713228,488,mRNA
21743,6712338,6712675,337,mRNA
21744,6711286,6711742,456,mRNA
21745,6714555,6714691,136,CDS
21746,6713575,6713847,272,CDS
21747,6713366,6713465,99,CDS
21748,6712740,6713228,488,CDS
21749,6712347,6712675,328,CDS
21750,6711703,6711742,39,CDS
21751,6714555,6714691,136,CDS
21752,6713575,6713847,272,CDS
21753,6713366,6713465,99,CDS
21754,6712740,6713228,488,CDS
21755,6712343,6712675,332,CDS
21756,6714555,6714691,136,CDS
21757,6713575,6713847,272,CDS
21758,6713366,6713465,99,CDS
21759,6712740,6713228,488,CDS
21760,6712343,6712675,332,CDS
21761,6714555,6714691,136,CDS
21762,6713575,6713847,272,CDS
21763,6713366,6713465,99,CDS
21764,6712740,6713228,488,CDS
21765,6712343,6712675,332,CDS
21766,6717625,6719389,1764,gene
21767,6717625,6719074,1449,mRNA
21768,6719137,6719389,252,mRNA
21769,6717711,6719074,1363,CDS
21770,6719137,6719239,102,CDS
21771,6719394,6723359,3965,gene
21772,6723193,6723359,166,mRNA
21773,6722142,6722430,288,mRNA
21774,6721650,6722086,436,mRNA
21775,6721518,6721596,78,mRNA
21776,6721188,6721454,266,mRNA
21777,6720997,6721131,134,mRNA
21778,6719394,6720942,1548,mRNA
21779,6722797,6722930,133,mRNA
21780,6722142,6722430,288,mRNA
21781,6721650,6722086,436,mRNA
21782,6721518,6721596,78,mRNA
21783,6721188,6721454,266,mRNA
21784,6720997,6721131,134,mRNA
21785,6719896,6720942,1046,mRNA
21786,6722797,6722930,133,mRNA
21787,6722142,6722439,297,mRNA
21788,6721650,6722086,436,mRNA
21789,6721518,6721596,78,mRNA
21790,6721188,6721454,266,mRNA
21791,6720997,6721131,134,mRNA
21792,6719896,6720942,1046,mRNA
21793,6723193,6723359,166,mRNA
21794,6722142,6722430,288,mRNA
21795,6721650,6722086,436,mRNA
21796,6721518,6721596,78,mRNA
21797,6721188,6721454,266,mRNA
21798,6720997,6721131,134,mRNA
21799,6720396,6720942,546,mRNA
21800,6723193,6723359,166,mRNA
21801,6722142,6722430,288,mRNA
21802,6721650,6722086,436,mRNA
21803,6721518,6721596,78,mRNA
21804,6721188,6721454,266,mRNA
21805,6720997,6721131,134,mRNA
21806,6720396,6720942,546,mRNA
21807,6723193,6723359,166,mRNA
21808,6722142,6722439,297,mRNA
21809,6721650,6722086,436,mRNA
21810,6721518,6721596,78,mRNA
21811,6721188,6721454,266,mRNA
21812,6720997,6721131,134,mRNA
21813,6720396,6720942,546,mRNA
21814,6723193,6723197,4,CDS
21815,6722142,6722430,288,CDS
21816,6721650,6722086,436,CDS
21817,6721518,6721596,78,CDS
21818,6721188,6721454,266,CDS
21819,6720997,6721131,134,CDS
21820,6720559,6720942,383,CDS
21821,6723193,6723197,4,CDS
21822,6722142,6722430,288,CDS
21823,6721650,6722086,436,CDS
21824,6721518,6721596,78,CDS
21825,6721188,6721454,266,CDS
21826,6721024,6721131,107,CDS
21827,6723193,6723197,4,CDS
21828,6722142,6722430,288,CDS
21829,6721650,6722086,436,CDS
21830,6721518,6721596,78,CDS
21831,6721188,6721454,266,CDS
21832,6721024,6721131,107,CDS
21833,6723193,6723197,4,CDS
21834,6722142,6722439,297,CDS
21835,6721650,6722086,436,CDS
21836,6721518,6721596,78,CDS
21837,6721188,6721454,266,CDS
21838,6721024,6721131,107,CDS
21839,6722797,6722810,13,CDS
21840,6722142,6722430,288,CDS
21841,6721650,6722086,436,CDS
21842,6721518,6721596,78,CDS
21843,6721188,6721454,266,CDS
21844,6721024,6721131,107,CDS
21845,6722797,6722810,13,CDS
21846,6722142,6722439,297,CDS
21847,6721650,6722086,436,CDS
21848,6721518,6721596,78,CDS
21849,6721188,6721454,266,CDS
21850,6721024,6721131,107,CDS
21851,6723903,6732766,8863,gene
21852,6723903,6724084,181,mRNA
21853,6724178,6724389,211,mRNA
21854,6724827,6725096,269,mRNA
21855,6725158,6725259,101,mRNA
21856,6725776,6726129,353,mRNA
21857,6726202,6726303,101,mRNA
21858,6726373,6726540,167,mRNA
21859,6726599,6726718,119,mRNA
21860,6727863,6728780,917,mRNA
21861,6728878,6729503,625,mRNA
21862,6729570,6729772,202,mRNA
21863,6729827,6729934,107,mRNA
21864,6730047,6730366,319,mRNA
21865,6730423,6730539,116,mRNA
21866,6730599,6732766,2167,mRNA
21867,6723903,6724177,274,mRNA
21868,6724827,6725096,269,mRNA
21869,6725158,6725259,101,mRNA
21870,6725776,6726129,353,mRNA
21871,6726202,6726303,101,mRNA
21872,6726373,6726540,167,mRNA
21873,6726599,6726718,119,mRNA
21874,6727194,6727322,128,mRNA
21875,6727863,6728780,917,mRNA
21876,6728878,6729503,625,mRNA
21877,6729570,6729772,202,mRNA
21878,6729827,6729934,107,mRNA
21879,6730047,6730366,319,mRNA
21880,6730423,6730539,116,mRNA
21881,6730599,6731600,1001,mRNA
21882,6723903,6724084,181,mRNA
21883,6724178,6724393,215,mRNA
21884,6724827,6725096,269,mRNA
21885,6725158,6725259,101,mRNA
21886,6725776,6726129,353,mRNA
21887,6726202,6726303,101,mRNA
21888,6726373,6726540,167,mRNA
21889,6726599,6726718,119,mRNA
21890,6727194,6727334,140,mRNA
21891,6727863,6728780,917,mRNA
21892,6728878,6729503,625,mRNA
21893,6729570,6729772,202,mRNA
21894,6729827,6729934,107,mRNA
21895,6730047,6730366,319,mRNA
21896,6730423,6730539,116,mRNA
21897,6730599,6731600,1001,mRNA
21898,6723903,6724084,181,mRNA
21899,6724827,6725096,269,mRNA
21900,6725158,6725259,101,mRNA
21901,6725776,6726129,353,mRNA
21902,6726202,6726303,101,mRNA
21903,6726373,6726540,167,mRNA
21904,6726599,6726718,119,mRNA
21905,6727194,6727322,128,mRNA
21906,6727863,6728780,917,mRNA
21907,6728878,6729503,625,mRNA
21908,6729570,6729772,202,mRNA
21909,6729827,6729934,107,mRNA
21910,6730047,6730366,319,mRNA
21911,6730423,6730539,116,mRNA
21912,6730599,6731345,746,mRNA
21913,6723903,6724084,181,mRNA
21914,6724827,6725096,269,mRNA
21915,6725158,6725259,101,mRNA
21916,6725776,6726129,353,mRNA
21917,6726202,6726303,101,mRNA
21918,6726373,6726540,167,mRNA
21919,6726599,6726718,119,mRNA
21920,6727194,6727322,128,mRNA
21921,6727863,6728780,917,mRNA
21922,6728878,6729503,625,mRNA
21923,6729570,6729772,202,mRNA
21924,6729827,6729934,107,mRNA
21925,6730047,6730366,319,mRNA
21926,6730423,6730539,116,mRNA
21927,6730599,6731345,746,mRNA
21928,6724848,6725096,248,CDS
21929,6725158,6725259,101,CDS
21930,6725776,6726129,353,CDS
21931,6726202,6726303,101,CDS
21932,6726373,6726540,167,CDS
21933,6726599,6726718,119,CDS
21934,6727194,6727322,128,CDS
21935,6727863,6728780,917,CDS
21936,6728878,6729503,625,CDS
21937,6729570,6729772,202,CDS
21938,6729827,6729934,107,CDS
21939,6730047,6730366,319,CDS
21940,6730423,6730539,116,CDS
21941,6730599,6730727,128,CDS
21942,6724848,6725096,248,CDS
21943,6725158,6725259,101,CDS
21944,6725776,6726129,353,CDS
21945,6726202,6726303,101,CDS
21946,6726373,6726540,167,CDS
21947,6726599,6726718,119,CDS
21948,6727194,6727334,140,CDS
21949,6727863,6728780,917,CDS
21950,6728878,6729503,625,CDS
21951,6729570,6729772,202,CDS
21952,6729827,6729934,107,CDS
21953,6730047,6730366,319,CDS
21954,6730423,6730539,116,CDS
21955,6730599,6730688,89,CDS
21956,6724848,6725096,248,CDS
21957,6725158,6725259,101,CDS
21958,6725776,6726129,353,CDS
21959,6726202,6726303,101,CDS
21960,6726373,6726540,167,CDS
21961,6726599,6726718,119,CDS
21962,6727194,6727322,128,CDS
21963,6727863,6728780,917,CDS
21964,6728878,6729503,625,CDS
21965,6729570,6729772,202,CDS
21966,6729827,6729934,107,CDS
21967,6730047,6730366,319,CDS
21968,6730423,6730539,116,CDS
21969,6730599,6730688,89,CDS
21970,6724848,6725096,248,CDS
21971,6725158,6725259,101,CDS
21972,6725776,6726129,353,CDS
21973,6726202,6726303,101,CDS
21974,6726373,6726540,167,CDS
21975,6726599,6726718,119,CDS
21976,6727194,6727322,128,CDS
21977,6727863,6728780,917,CDS
21978,6728878,6729503,625,CDS
21979,6729570,6729772,202,CDS
21980,6729827,6729934,107,CDS
21981,6730047,6730366,319,CDS
21982,6730423,6730539,116,CDS
21983,6730599,6730688,89,CDS
21984,6724848,6725096,248,CDS
21985,6725158,6725259,101,CDS
21986,6725776,6726129,353,CDS
21987,6726202,6726303,101,CDS
21988,6726373,6726540,167,CDS
21989,6726599,6726718,119,CDS
21990,6727863,6728780,917,CDS
21991,6728878,6729503,625,CDS
21992,6729570,6729772,202,CDS
21993,6729827,6729934,107,CDS
21994,6730047,6730366,319,CDS
21995,6730423,6730539,116,CDS
21996,6730599,6730688,89,CDS
21997,6732866,6736149,3283,gene
21998,6732866,6734578,1712,mRNA
21999,6734651,6735459,808,mRNA
22000,6735544,6735730,186,mRNA
22001,6735784,6735900,116,mRNA
22002,6735959,6736149,190,mRNA
22003,6733249,6734578,1329,CDS
22004,6734651,6735459,808,CDS
22005,6735544,6735675,131,CDS
22006,6736364,6740188,3824,gene
22007,6738796,6740188,1392,mRNA
22008,6738090,6738157,67,mRNA
22009,6737585,6738029,444,mRNA
22010,6736364,6737533,1169,mRNA
22011,6738796,6740176,1380,CDS
22012,6738090,6738157,67,CDS
22013,6737585,6738029,444,CDS
22014,6736449,6737533,1084,CDS
22015,6742502,6756133,13631,gene
22016,6742502,6743029,527,mRNA
22017,6753940,6756133,2193,mRNA
22018,6742502,6743029,527,mRNA
22019,6753940,6755390,1450,mRNA
22020,6743017,6743029,12,CDS
22021,6753940,6755297,1357,CDS
22022,6743017,6743029,12,CDS
22023,6753940,6755297,1357,CDS
22024,6744663,6745622,959,gene
22025,6745163,6745622,459,mRNA
22026,6744663,6745107,444,mRNA
22027,6745163,6745542,379,CDS
22028,6744699,6745107,408,CDS
22029,6745000,6745078,78,gene
22030,6745000,6745078,78,ncRNA
22031,6747421,6747914,493,gene
22032,6747421,6747914,493,mRNA
22033,6747523,6747843,320,CDS
22034,6757864,6759628,1764,gene
22035,6757864,6759628,1764,mRNA
22036,6758052,6759494,1442,CDS
22037,6759829,6772755,12926,gene
22038,6772552,6772755,203,mRNA
22039,6770591,6770709,118,mRNA
22040,6770335,6770533,198,mRNA
22041,6770134,6770270,136,mRNA
22042,6769953,6770081,128,mRNA
22043,6769398,6769736,338,mRNA
22044,6768846,6769127,281,mRNA
22045,6768504,6768792,288,mRNA
22046,6767258,6768445,1187,mRNA
22047,6766586,6767013,427,mRNA
22048,6766094,6766526,432,mRNA
22049,6762107,6765882,3775,mRNA
22050,6761769,6762035,266,mRNA
22051,6761236,6761693,457,mRNA
22052,6760798,6761169,371,mRNA
22053,6760560,6760728,168,mRNA
22054,6759829,6760225,396,mRNA
22055,6772552,6772614,62,mRNA
22056,6770591,6770709,118,mRNA
22057,6770335,6770533,198,mRNA
22058,6770134,6770270,136,mRNA
22059,6769953,6770081,128,mRNA
22060,6769398,6769736,338,mRNA
22061,6768846,6768968,122,mRNA
22062,6768504,6768792,288,mRNA
22063,6767258,6768445,1187,mRNA
22064,6766586,6767013,427,mRNA
22065,6765971,6766526,555,mRNA
22066,6762107,6765882,3775,mRNA
22067,6761769,6762035,266,mRNA
22068,6761236,6761693,457,mRNA
22069,6760798,6761169,371,mRNA
22070,6760560,6760728,168,mRNA
22071,6759829,6760225,396,mRNA
22072,6770886,6770968,82,mRNA
22073,6770591,6770709,118,mRNA
22074,6770335,6770533,198,mRNA
22075,6770134,6770270,136,mRNA
22076,6769953,6770081,128,mRNA
22077,6769398,6769736,338,mRNA
22078,6768846,6768968,122,mRNA
22079,6768504,6768792,288,mRNA
22080,6767258,6768445,1187,mRNA
22081,6766586,6767013,427,mRNA
22082,6766094,6766526,432,mRNA
22083,6762107,6765882,3775,mRNA
22084,6761769,6762035,266,mRNA
22085,6761236,6761693,457,mRNA
22086,6760798,6761169,371,mRNA
22087,6760560,6760728,168,mRNA
22088,6759829,6760225,396,mRNA
22089,6770886,6770968,82,mRNA
22090,6770591,6770709,118,mRNA
22091,6770335,6770533,198,mRNA
22092,6770134,6770270,136,mRNA
22093,6769953,6770081,128,mRNA
22094,6769398,6769736,338,mRNA
22095,6768846,6769127,281,mRNA
22096,6768504,6768792,288,mRNA
22097,6767258,6768445,1187,mRNA
22098,6766586,6767013,427,mRNA
22099,6765971,6766526,555,mRNA
22100,6762107,6765882,3775,mRNA
22101,6761769,6762035,266,mRNA
22102,6761236,6761693,457,mRNA
22103,6760798,6761169,371,mRNA
22104,6760560,6760728,168,mRNA
22105,6759829,6760225,396,mRNA
22106,6770591,6770644,53,CDS
22107,6770335,6770533,198,CDS
22108,6770134,6770270,136,CDS
22109,6769953,6770081,128,CDS
22110,6769398,6769736,338,CDS
22111,6768846,6768968,122,CDS
22112,6768504,6768792,288,CDS
22113,6767258,6768445,1187,CDS
22114,6766586,6767013,427,CDS
22115,6766094,6766526,432,CDS
22116,6762107,6765882,3775,CDS
22117,6761769,6762035,266,CDS
22118,6761236,6761693,457,CDS
22119,6760798,6761169,371,CDS
22120,6760560,6760728,168,CDS
22121,6760190,6760225,35,CDS
22122,6770591,6770644,53,CDS
22123,6770335,6770533,198,CDS
22124,6770134,6770270,136,CDS
22125,6769953,6770081,128,CDS
22126,6769398,6769736,338,CDS
22127,6768846,6768968,122,CDS
22128,6768504,6768792,288,CDS
22129,6767258,6768445,1187,CDS
22130,6766586,6767013,427,CDS
22131,6765971,6766526,555,CDS
22132,6762107,6765882,3775,CDS
22133,6761769,6762035,266,CDS
22134,6761236,6761693,457,CDS
22135,6760798,6761169,371,CDS
22136,6760560,6760728,168,CDS
22137,6760190,6760225,35,CDS
22138,6770591,6770644,53,CDS
22139,6770335,6770533,198,CDS
22140,6770134,6770270,136,CDS
22141,6769953,6770081,128,CDS
22142,6769398,6769736,338,CDS
22143,6768846,6769127,281,CDS
22144,6768504,6768792,288,CDS
22145,6767258,6768445,1187,CDS
22146,6766586,6767013,427,CDS
22147,6766094,6766526,432,CDS
22148,6762107,6765882,3775,CDS
22149,6761769,6762035,266,CDS
22150,6761236,6761693,457,CDS
22151,6760798,6761169,371,CDS
22152,6760560,6760728,168,CDS
22153,6760190,6760225,35,CDS
22154,6770591,6770644,53,CDS
22155,6770335,6770533,198,CDS
22156,6770134,6770270,136,CDS
22157,6769953,6770081,128,CDS
22158,6769398,6769736,338,CDS
22159,6768846,6769127,281,CDS
22160,6768504,6768792,288,CDS
22161,6767258,6768445,1187,CDS
22162,6766586,6767013,427,CDS
22163,6765971,6766526,555,CDS
22164,6762107,6765882,3775,CDS
22165,6761769,6762035,266,CDS
22166,6761236,6761693,457,CDS
22167,6760798,6761169,371,CDS
22168,6760560,6760728,168,CDS
22169,6760190,6760225,35,CDS
22170,6772552,6772614,62,mRNA
22171,6770591,6770709,118,mRNA
22172,6770335,6770533,198,mRNA
22173,6770134,6770270,136,mRNA
22174,6769953,6770081,128,mRNA
22175,6769398,6769736,338,mRNA
22176,6768846,6769127,281,mRNA
22177,6768504,6768792,288,mRNA
22178,6767096,6768445,1349,mRNA
22179,6772342,6772538,196,mRNA
22180,6770591,6770709,118,mRNA
22181,6770335,6770533,198,mRNA
22182,6770134,6770270,136,mRNA
22183,6769953,6770081,128,mRNA
22184,6769398,6769736,338,mRNA
22185,6768846,6768968,122,mRNA
22186,6768504,6768792,288,mRNA
22187,6767096,6768445,1349,mRNA
22188,6770886,6770968,82,mRNA
22189,6770591,6770709,118,mRNA
22190,6770335,6770533,198,mRNA
22191,6770134,6770270,136,mRNA
22192,6769953,6770081,128,mRNA
22193,6769398,6769736,338,mRNA
22194,6768846,6768968,122,mRNA
22195,6768504,6768792,288,mRNA
22196,6767096,6768445,1349,mRNA
22197,6770591,6770644,53,CDS
22198,6770335,6770533,198,CDS
22199,6770134,6770270,136,CDS
22200,6769953,6770081,128,CDS
22201,6769398,6769736,338,CDS
22202,6768846,6768968,122,CDS
22203,6768504,6768792,288,CDS
22204,6767211,6768445,1234,CDS
22205,6770591,6770644,53,CDS
22206,6770335,6770533,198,CDS
22207,6770134,6770270,136,CDS
22208,6769953,6770081,128,CDS
22209,6769398,6769736,338,CDS
22210,6768846,6768968,122,CDS
22211,6768504,6768792,288,CDS
22212,6767211,6768445,1234,CDS
22213,6770591,6770644,53,CDS
22214,6770335,6770533,198,CDS
22215,6770134,6770270,136,CDS
22216,6769953,6770081,128,CDS
22217,6769398,6769736,338,CDS
22218,6768846,6769127,281,CDS
22219,6768504,6768792,288,CDS
22220,6767211,6768445,1234,CDS
22221,6772552,6772614,62,mRNA
22222,6770591,6770709,118,mRNA
22223,6770335,6770533,198,mRNA
22224,6770134,6770270,136,mRNA
22225,6769837,6770081,244,mRNA
22226,6770886,6770968,82,mRNA
22227,6770591,6770709,118,mRNA
22228,6770335,6770533,198,mRNA
22229,6770134,6770270,136,mRNA
22230,6769837,6770081,244,mRNA
22231,6770591,6770644,53,CDS
22232,6770335,6770533,198,CDS
22233,6770134,6770270,136,CDS
22234,6769929,6770081,152,CDS
22235,6770591,6770644,53,CDS
22236,6770335,6770533,198,CDS
22237,6770134,6770270,136,CDS
22238,6769929,6770081,152,CDS
22239,6774041,6778444,4403,gene
22240,6774041,6774887,846,mRNA
22241,6775831,6775894,63,mRNA
22242,6775965,6776078,113,mRNA
22243,6776139,6777426,1287,mRNA
22244,6777500,6777594,94,mRNA
22245,6777657,6777734,77,mRNA
22246,6777796,6778444,648,mRNA
22247,6774693,6774887,194,CDS
22248,6775831,6775894,63,CDS
22249,6775965,6776078,113,CDS
22250,6776139,6777426,1287,CDS
22251,6777500,6777594,94,CDS
22252,6777657,6777733,76,CDS
22253,6775712,6775894,182,mRNA
22254,6775965,6776078,113,mRNA
22255,6776139,6777426,1287,mRNA
22256,6777500,6777594,94,mRNA
22257,6777657,6777734,77,mRNA
22258,6777796,6778275,479,mRNA
22259,6775712,6775894,182,mRNA
22260,6775965,6776078,113,mRNA
22261,6776139,6777426,1287,mRNA
22262,6777500,6777594,94,mRNA
22263,6777657,6777734,77,mRNA
22264,6777799,6777975,176,mRNA
22265,6775783,6775894,111,CDS
22266,6775965,6776078,113,CDS
22267,6776139,6777426,1287,CDS
22268,6777500,6777594,94,CDS
22269,6777657,6777733,76,CDS
22270,6775783,6775894,111,CDS
22271,6775965,6776078,113,CDS
22272,6776139,6777426,1287,CDS
22273,6777500,6777594,94,CDS
22274,6777657,6777733,76,CDS
22275,6778555,6786861,8306,gene
22276,6786282,6786861,579,mRNA
22277,6780032,6780289,257,mRNA
22278,6779712,6779971,259,mRNA
22279,6778555,6779651,1096,mRNA
22280,6786282,6786861,579,mRNA
22281,6780032,6780289,257,mRNA
22282,6779712,6779971,259,mRNA
22283,6778824,6779651,827,mRNA
22284,6786282,6786414,132,CDS
22285,6780032,6780289,257,CDS
22286,6779712,6779971,259,CDS
22287,6779373,6779651,278,CDS
22288,6786282,6786414,132,CDS
22289,6780032,6780289,257,CDS
22290,6779712,6779971,259,CDS
22291,6779373,6779651,278,CDS
22292,6789770,6798862,9092,gene
22293,6798679,6798862,183,mRNA
22294,6798228,6798516,288,mRNA
22295,6796337,6796835,498,mRNA
22296,6791701,6791841,140,mRNA
22297,6791518,6791637,119,mRNA
22298,6791031,6791323,292,mRNA
22299,6790799,6790967,168,mRNA
22300,6789770,6790742,972,mRNA
22301,6797755,6798194,439,mRNA
22302,6796337,6796835,498,mRNA
22303,6791701,6791841,140,mRNA
22304,6791518,6791637,119,mRNA
22305,6791031,6791323,292,mRNA
22306,6790799,6790967,168,mRNA
22307,6789770,6790742,972,mRNA
22308,6796337,6796783,446,mRNA
22309,6791701,6791841,140,mRNA
22310,6791518,6791637,119,mRNA
22311,6791031,6791323,292,mRNA
22312,6790799,6790967,168,mRNA
22313,6789770,6790742,972,mRNA
22314,6794493,6794599,106,mRNA
22315,6793228,6793373,145,mRNA
22316,6791701,6791841,140,mRNA
22317,6791518,6791637,119,mRNA
22318,6791031,6791323,292,mRNA
22319,6790799,6790967,168,mRNA
22320,6789770,6790742,972,mRNA
22321,6794493,6794599,106,mRNA
22322,6793228,6793404,176,mRNA
22323,6791701,6791841,140,mRNA
22324,6791518,6791637,119,mRNA
22325,6791031,6791323,292,mRNA
22326,6790799,6790967,168,mRNA
22327,6789770,6790742,972,mRNA
22328,6794317,6794599,282,mRNA
22329,6793228,6793404,176,mRNA
22330,6791701,6791841,140,mRNA
22331,6791518,6791637,119,mRNA
22332,6791031,6791323,292,mRNA
22333,6790799,6790967,168,mRNA
22334,6789770,6790742,972,mRNA
22335,6796337,6796481,144,CDS
22336,6791701,6791841,140,CDS
22337,6791518,6791637,119,CDS
22338,6791031,6791323,292,CDS
22339,6790799,6790967,168,CDS
22340,6790639,6790742,103,CDS
22341,6796337,6796481,144,CDS
22342,6791701,6791841,140,CDS
22343,6791518,6791637,119,CDS
22344,6791031,6791323,292,CDS
22345,6790799,6790967,168,CDS
22346,6790639,6790742,103,CDS
22347,6796337,6796481,144,CDS
22348,6791701,6791841,140,CDS
22349,6791518,6791637,119,CDS
22350,6791031,6791323,292,CDS
22351,6790799,6790967,168,CDS
22352,6790639,6790742,103,CDS
22353,6793228,6793369,141,CDS
22354,6791701,6791841,140,CDS
22355,6791518,6791637,119,CDS
22356,6791031,6791323,292,CDS
22357,6790799,6790967,168,CDS
22358,6790639,6790742,103,CDS
22359,6793228,6793369,141,CDS
22360,6791701,6791841,140,CDS
22361,6791518,6791637,119,CDS
22362,6791031,6791323,292,CDS
22363,6790799,6790967,168,CDS
22364,6790639,6790742,103,CDS
22365,6793228,6793369,141,CDS
22366,6791701,6791841,140,CDS
22367,6791518,6791637,119,CDS
22368,6791031,6791323,292,CDS
22369,6790799,6790967,168,CDS
22370,6790639,6790742,103,CDS
22371,6799196,6799600,404,gene
22372,6799196,6799281,85,ncRNA
22373,6799346,6799600,254,ncRNA
22374,6799744,6799816,72,gene
22375,6799744,6799816,72,tRNA
22376,6799946,6800894,948,gene
22377,6800753,6800894,141,mRNA
22378,6800489,6800698,209,mRNA
22379,6799946,6800111,165,mRNA
22380,6800753,6800834,81,mRNA
22381,6800651,6800698,47,mRNA
22382,6800163,6800315,152,mRNA
22383,6799946,6800111,165,mRNA
22384,6800753,6800834,81,mRNA
22385,6800163,6800698,535,mRNA
22386,6799946,6800111,165,mRNA
22387,6800489,6800681,192,CDS
22388,6800101,6800111,10,CDS
22389,6800651,6800681,30,CDS
22390,6800209,6800315,106,CDS
22391,6800406,6800681,275,CDS
22392,6801358,6802840,1482,gene
22393,6802708,6802840,132,mRNA
22394,6802611,6802654,43,mRNA
22395,6802250,6802547,297,mRNA
22396,6801706,6801852,146,mRNA
22397,6801358,6801650,292,mRNA
22398,6802708,6802789,81,mRNA
22399,6802611,6802654,43,mRNA
22400,6802250,6802547,297,mRNA
22401,6801706,6801852,146,mRNA
22402,6801378,6801650,272,mRNA
22403,6802708,6802789,81,mRNA
22404,6802611,6802654,43,mRNA
22405,6802040,6802547,507,mRNA
22406,6801378,6801650,272,mRNA
22407,6802708,6802789,81,mRNA
22408,6802611,6802654,43,mRNA
22409,6801708,6802547,839,mRNA
22410,6801378,6801650,272,mRNA
22411,6802611,6802637,26,CDS
22412,6802040,6802547,507,CDS
22413,6801640,6801650,10,CDS
22414,6802611,6802637,26,CDS
22415,6802250,6802547,297,CDS
22416,6801851,6801852,1,CDS
22417,6802611,6802637,26,CDS
22418,6802250,6802547,297,CDS
22419,6801851,6801852,1,CDS
22420,6802611,6802637,26,CDS
22421,6801951,6802547,596,CDS
22422,6803011,6804372,1361,gene
22423,6803011,6803254,243,mRNA
22424,6803310,6803522,212,mRNA
22425,6803592,6803888,296,mRNA
22426,6803946,6804372,426,mRNA
22427,6803011,6803254,243,mRNA
22428,6803310,6803522,212,mRNA
22429,6803592,6803888,296,mRNA
22430,6803955,6804372,417,mRNA
22431,6803052,6803254,202,CDS
22432,6803310,6803522,212,CDS
22433,6803592,6803888,296,CDS
22434,6803946,6804258,312,CDS
22435,6803052,6803254,202,CDS
22436,6803310,6803522,212,CDS
22437,6803592,6803888,296,CDS
22438,6803955,6804258,303,CDS
22439,6804324,6805792,1468,gene
22440,6805594,6805792,198,mRNA
22441,6805432,6805542,110,mRNA
22442,6805246,6805359,113,mRNA
22443,6804324,6805179,855,mRNA
22444,6805598,6805792,194,mRNA
22445,6805432,6805542,110,mRNA
22446,6805246,6805359,113,mRNA
22447,6804619,6805179,560,mRNA
22448,6805594,6805792,198,mRNA
22449,6805432,6805542,110,mRNA
22450,6805246,6805359,113,mRNA
22451,6804619,6805179,560,mRNA
22452,6805598,6805677,79,CDS
22453,6805432,6805542,110,CDS
22454,6805246,6805359,113,CDS
22455,6804678,6805179,501,CDS
22456,6805594,6805595,1,CDS
22457,6805432,6805542,110,CDS
22458,6805246,6805359,113,CDS
22459,6804678,6805179,501,CDS
22460,6805594,6805595,1,CDS
22461,6805432,6805542,110,CDS
22462,6805246,6805359,113,CDS
22463,6804678,6805179,501,CDS
22464,6812640,6813110,470,gene
22465,6812640,6813110,470,ncRNA
22466,6821934,6838995,17061,gene
22467,6821934,6823059,1125,mRNA
22468,6831170,6831971,801,mRNA
22469,6832152,6832553,401,mRNA
22470,6833006,6833187,181,mRNA
22471,6837764,6838995,1231,mRNA
22472,6822317,6823059,742,mRNA
22473,6831170,6831971,801,mRNA
22474,6832152,6832553,401,mRNA
22475,6833006,6833187,181,mRNA
22476,6837764,6838995,1231,mRNA
22477,6822600,6823059,459,CDS
22478,6831170,6831971,801,CDS
22479,6832152,6832553,401,CDS
22480,6833006,6833187,181,CDS
22481,6837764,6838158,394,CDS
22482,6822600,6823059,459,CDS
22483,6831170,6831971,801,CDS
22484,6832152,6832553,401,CDS
22485,6833006,6833187,181,CDS
22486,6837764,6838158,394,CDS
22487,6852315,6853866,1551,gene
22488,6852315,6853866,1551,mRNA
22489,6852422,6853657,1235,CDS
22490,6854142,6860849,6707,gene
22491,6854142,6855414,1272,mRNA
22492,6855527,6855789,262,mRNA
22493,6855850,6859560,3710,mRNA
22494,6859625,6860849,1224,mRNA
22495,6854246,6855414,1168,CDS
22496,6855527,6855789,262,CDS
22497,6855850,6859560,3710,CDS
22498,6859625,6860772,1147,CDS
22499,6860905,6870389,9484,gene
22500,6870134,6870389,255,mRNA
22501,6864032,6864352,320,mRNA
22502,6863708,6863816,108,mRNA
22503,6862625,6862879,254,mRNA
22504,6862386,6862558,172,mRNA
22505,6860905,6862314,1409,mRNA
22506,6870134,6870389,255,mRNA
22507,6864419,6864639,220,mRNA
22508,6864032,6864352,320,mRNA
22509,6863708,6863816,108,mRNA
22510,6862625,6862879,254,mRNA
22511,6862386,6862558,172,mRNA
22512,6860921,6862314,1393,mRNA
22513,6864419,6864427,8,CDS
22514,6864032,6864352,320,CDS
22515,6863708,6863816,108,CDS
22516,6862625,6862879,254,CDS
22517,6862386,6862558,172,CDS
22518,6861034,6862314,1280,CDS
22519,6864032,6864340,308,CDS
22520,6863708,6863816,108,CDS
22521,6862625,6862879,254,CDS
22522,6862386,6862558,172,CDS
22523,6861034,6862314,1280,CDS
22524,6871335,6872536,1201,gene
22525,6872115,6872536,421,ncRNA
22526,6871335,6871505,170,ncRNA
22527,6872714,6874378,1664,gene
22528,6872714,6873544,830,ncRNA
22529,6873938,6874378,440,ncRNA
22530,6872714,6873544,830,ncRNA
22531,6873938,6874198,260,ncRNA
22532,6874900,6906656,31756,gene
22533,6874900,6875537,637,mRNA
22534,6897094,6898086,992,mRNA
22535,6901242,6901474,232,mRNA
22536,6902247,6902603,356,mRNA
22537,6902808,6903003,195,mRNA
22538,6903259,6903360,101,mRNA
22539,6903425,6903620,195,mRNA
22540,6903681,6903869,188,mRNA
22541,6903931,6904073,142,mRNA
22542,6904133,6904458,325,mRNA
22543,6904520,6904675,155,mRNA
22544,6904744,6904905,161,mRNA
22545,6904965,6906656,1691,mRNA
22546,6876832,6882964,6132,mobile_element
22547,6896832,6898086,1254,mRNA
22548,6901242,6901474,232,mRNA
22549,6902247,6902603,356,mRNA
22550,6902808,6903003,195,mRNA
22551,6903259,6903360,101,mRNA
22552,6903425,6903620,195,mRNA
22553,6903681,6903869,188,mRNA
22554,6903931,6904073,142,mRNA
22555,6904133,6904458,325,mRNA
22556,6904520,6904675,155,mRNA
22557,6904744,6904905,161,mRNA
22558,6904965,6906656,1691,mRNA
22559,6896832,6896862,30,mRNA
22560,6897094,6898086,992,mRNA
22561,6901242,6901474,232,mRNA
22562,6902247,6902603,356,mRNA
22563,6902808,6903003,195,mRNA
22564,6903259,6903360,101,mRNA
22565,6903425,6903620,195,mRNA
22566,6903681,6903869,188,mRNA
22567,6903931,6904073,142,mRNA
22568,6904133,6904458,325,mRNA
22569,6904520,6904675,155,mRNA
22570,6904744,6904905,161,mRNA
22571,6904965,6906656,1691,mRNA
22572,6897428,6898086,658,CDS
22573,6901242,6901474,232,CDS
22574,6902247,6902603,356,CDS
22575,6902808,6903003,195,CDS
22576,6903259,6903360,101,CDS
22577,6903425,6903620,195,CDS
22578,6903681,6903869,188,CDS
22579,6903931,6904073,142,CDS
22580,6904133,6904458,325,CDS
22581,6904520,6904675,155,CDS
22582,6904744,6904905,161,CDS
22583,6904965,6905992,1027,CDS
22584,6897428,6898086,658,CDS
22585,6901242,6901474,232,CDS
22586,6902247,6902603,356,CDS
22587,6902808,6903003,195,CDS
22588,6903259,6903360,101,CDS
22589,6903425,6903620,195,CDS
22590,6903681,6903869,188,CDS
22591,6903931,6904073,142,CDS
22592,6904133,6904458,325,CDS
22593,6904520,6904675,155,CDS
22594,6904744,6904905,161,CDS
22595,6904965,6905992,1027,CDS
22596,6897428,6898086,658,CDS
22597,6901242,6901474,232,CDS
22598,6902247,6902603,356,CDS
22599,6902808,6903003,195,CDS
22600,6903259,6903360,101,CDS
22601,6903425,6903620,195,CDS
22602,6903681,6903869,188,CDS
22603,6903931,6904073,142,CDS
22604,6904133,6904458,325,CDS
22605,6904520,6904675,155,CDS
22606,6904744,6904905,161,CDS
22607,6904965,6905992,1027,CDS
22608,6902062,6902152,90,gene
22609,6902062,6902152,90,precursor_RNA
22610,6902077,6902098,21,ncRNA
22611,6902116,6902137,21,ncRNA
22612,6906666,6907844,1178,gene
22613,6907232,6907844,612,mRNA
22614,6906666,6907133,467,mRNA
22615,6907232,6907777,545,CDS
22616,6906918,6907133,215,CDS
22617,6908083,6911423,3340,gene
22618,6908083,6911423,3340,mRNA
22619,6908083,6911057,2974,mRNA
22620,6908166,6910892,2726,CDS
22621,6908166,6910892,2726,CDS
22622,6911090,6914138,3048,gene
22623,6913426,6914138,712,mRNA
22624,6912945,6913281,336,mRNA
22625,6912184,6912888,704,mRNA
22626,6911949,6912082,133,mRNA
22627,6911090,6911852,762,mRNA
22628,6913426,6914138,712,mRNA
22629,6912945,6913281,336,mRNA
22630,6912184,6912888,704,mRNA
22631,6911949,6912082,133,mRNA
22632,6911343,6911852,509,mRNA
22633,6913426,6913927,501,CDS
22634,6912945,6913281,336,CDS
22635,6912184,6912888,704,CDS
22636,6911949,6912082,133,CDS
22637,6911701,6911852,151,CDS
22638,6913426,6913927,501,CDS
22639,6912945,6913281,336,CDS
22640,6912184,6912888,704,CDS
22641,6911949,6912082,133,CDS
22642,6911701,6911852,151,CDS
22643,6914301,6920210,5909,gene
22644,6919524,6920210,686,mRNA
22645,6914301,6915397,1096,mRNA
22646,6919524,6920210,686,mRNA
22647,6914381,6915400,1019,mRNA
22648,6919524,6919942,418,CDS
22649,6915043,6915397,354,CDS
22650,6919524,6919942,418,CDS
22651,6915043,6915400,357,CDS
22652,6915581,6916445,864,gene
22653,6915581,6916445,864,mRNA
22654,6915683,6916387,704,CDS
22655,6916753,6918743,1990,gene
22656,6917341,6918743,1402,mRNA
22657,6916753,6917162,409,mRNA
22658,6917341,6918611,1270,CDS
22659,6916898,6917162,264,CDS
22660,6917210,6917310,100,gene
22661,6917210,6917310,100,ncRNA
22662,6920704,6932057,11353,gene
22663,6920704,6920861,157,mRNA
22664,6922735,6922826,91,mRNA
22665,6923784,6924400,616,mRNA
22666,6924685,6932057,7372,mRNA
22667,6920704,6920861,157,mRNA
22668,6922731,6922826,95,mRNA
22669,6923784,6924400,616,mRNA
22670,6924685,6926806,2121,mRNA
22671,6920704,6920861,157,mRNA
22672,6923784,6924400,616,mRNA
22673,6924685,6926046,1361,mRNA
22674,6920966,6921073,107,mRNA
22675,6922731,6922826,95,mRNA
22676,6923784,6924400,616,mRNA
22677,6924685,6926806,2121,mRNA
22678,6921260,6921440,180,mRNA
22679,6923784,6924400,616,mRNA
22680,6924685,6928675,3990,mRNA
22681,6921260,6921440,180,mRNA
22682,6922731,6922826,95,mRNA
22683,6923784,6924400,616,mRNA
22684,6924685,6926046,1361,mRNA
22685,6921639,6921798,159,mRNA
22686,6922731,6922826,95,mRNA
22687,6923784,6924400,616,mRNA
22688,6924685,6925564,879,mRNA
22689,6927981,6932057,4076,mRNA
22690,6921639,6921673,34,mRNA
22691,6922731,6922826,95,mRNA
22692,6923784,6924400,616,mRNA
22693,6924685,6926046,1361,mRNA
22694,6923906,6924400,494,CDS
22695,6924685,6925455,770,CDS
22696,6923906,6924400,494,CDS
22697,6924685,6925455,770,CDS
22698,6923906,6924400,494,CDS
22699,6924685,6925455,770,CDS
22700,6923906,6924400,494,CDS
22701,6924685,6925455,770,CDS
22702,6923906,6924400,494,CDS
22703,6924685,6925455,770,CDS
22704,6923906,6924400,494,CDS
22705,6924685,6925455,770,CDS
22706,6923906,6924400,494,CDS
22707,6924685,6925455,770,CDS
22708,6923906,6924400,494,CDS
22709,6924685,6925455,770,CDS
22710,6932121,6932954,833,gene
22711,6932121,6932397,276,mRNA
22712,6932458,6932954,496,mRNA
22713,6932121,6932397,276,mRNA
22714,6932458,6932552,94,mRNA
22715,6932251,6932397,146,CDS
22716,6932458,6932463,5,CDS
22717,6932251,6932397,146,CDS
22718,6932458,6932463,5,CDS
22719,6932545,6942814,10269,gene
22720,6942144,6942814,670,mRNA
22721,6940737,6940951,214,mRNA
22722,6940611,6940681,70,mRNA
22723,6939525,6939715,190,mRNA
22724,6939265,6939458,193,mRNA
22725,6938203,6939205,1002,mRNA
22726,6937936,6938148,212,mRNA
22727,6937224,6937314,90,mRNA
22728,6934990,6936697,1707,mRNA
22729,6934806,6934908,102,mRNA
22730,6934572,6934742,170,mRNA
22731,6934047,6934511,464,mRNA
22732,6933418,6933933,515,mRNA
22733,6933110,6933337,227,mRNA
22734,6932813,6933052,239,mRNA
22735,6932545,6932750,205,mRNA
22736,6942144,6942814,670,mRNA
22737,6940737,6940951,214,mRNA
22738,6940611,6940681,70,mRNA
22739,6939525,6939715,190,mRNA
22740,6939265,6939458,193,mRNA
22741,6938203,6939205,1002,mRNA
22742,6937936,6938148,212,mRNA
22743,6937540,6937876,336,mRNA
22744,6934990,6936697,1707,mRNA
22745,6934806,6934908,102,mRNA
22746,6934572,6934742,170,mRNA
22747,6934047,6934511,464,mRNA
22748,6933418,6933933,515,mRNA
22749,6933110,6933337,227,mRNA
22750,6932813,6933052,239,mRNA
22751,6932545,6932750,205,mRNA
22752,6942144,6942814,670,mRNA
22753,6940737,6940951,214,mRNA
22754,6940611,6940681,70,mRNA
22755,6939525,6939733,208,mRNA
22756,6939265,6939458,193,mRNA
22757,6938203,6939205,1002,mRNA
22758,6937936,6938148,212,mRNA
22759,6937224,6937314,90,mRNA
22760,6934990,6936697,1707,mRNA
22761,6934806,6934908,102,mRNA
22762,6934572,6934742,170,mRNA
22763,6934047,6934511,464,mRNA
22764,6933418,6933933,515,mRNA
22765,6933110,6933337,227,mRNA
22766,6932813,6933052,239,mRNA
22767,6932545,6932750,205,mRNA
22768,6942144,6942814,670,mRNA
22769,6940737,6940951,214,mRNA
22770,6940611,6940681,70,mRNA
22771,6939525,6939733,208,mRNA
22772,6939265,6939458,193,mRNA
22773,6938203,6939205,1002,mRNA
22774,6937936,6938148,212,mRNA
22775,6937540,6937876,336,mRNA
22776,6934990,6936697,1707,mRNA
22777,6934806,6934908,102,mRNA
22778,6934572,6934742,170,mRNA
22779,6934047,6934511,464,mRNA
22780,6933418,6933933,515,mRNA
22781,6933110,6933337,227,mRNA
22782,6932813,6933052,239,mRNA
22783,6932545,6932750,205,mRNA
22784,6940737,6940918,181,CDS
22785,6940611,6940681,70,CDS
22786,6939525,6939715,190,CDS
22787,6939265,6939458,193,CDS
22788,6938203,6939205,1002,CDS
22789,6937936,6938148,212,CDS
22790,6937224,6937314,90,CDS
22791,6934990,6936697,1707,CDS
22792,6934806,6934908,102,CDS
22793,6934572,6934742,170,CDS
22794,6934047,6934511,464,CDS
22795,6933418,6933933,515,CDS
22796,6933110,6933337,227,CDS
22797,6932813,6933052,239,CDS
22798,6932685,6932750,65,CDS
22799,6940737,6940918,181,CDS
22800,6940611,6940681,70,CDS
22801,6939525,6939715,190,CDS
22802,6939265,6939458,193,CDS
22803,6938203,6939205,1002,CDS
22804,6937936,6938148,212,CDS
22805,6937540,6937876,336,CDS
22806,6934990,6936697,1707,CDS
22807,6934806,6934908,102,CDS
22808,6934572,6934742,170,CDS
22809,6934047,6934511,464,CDS
22810,6933418,6933933,515,CDS
22811,6933110,6933337,227,CDS
22812,6932813,6933052,239,CDS
22813,6932685,6932750,65,CDS
22814,6940737,6940918,181,CDS
22815,6940611,6940681,70,CDS
22816,6939525,6939733,208,CDS
22817,6939265,6939458,193,CDS
22818,6938203,6939205,1002,CDS
22819,6937936,6938148,212,CDS
22820,6937224,6937314,90,CDS
22821,6934990,6936697,1707,CDS
22822,6934806,6934908,102,CDS
22823,6934572,6934742,170,CDS
22824,6934047,6934511,464,CDS
22825,6933418,6933933,515,CDS
22826,6933110,6933337,227,CDS
22827,6932813,6933052,239,CDS
22828,6932685,6932750,65,CDS
22829,6940737,6940918,181,CDS
22830,6940611,6940681,70,CDS
22831,6939525,6939733,208,CDS
22832,6939265,6939458,193,CDS
22833,6938203,6939205,1002,CDS
22834,6937936,6938148,212,CDS
22835,6937540,6937876,336,CDS
22836,6934990,6936697,1707,CDS
22837,6934806,6934908,102,CDS
22838,6934572,6934742,170,CDS
22839,6934047,6934511,464,CDS
22840,6933418,6933933,515,CDS
22841,6933110,6933337,227,CDS
22842,6932813,6933052,239,CDS
22843,6932685,6932750,65,CDS
22844,6943178,6945289,2111,gene
22845,6945134,6945289,155,mRNA
22846,6943178,6945069,1891,mRNA
22847,6945134,6945289,155,mRNA
22848,6943740,6945069,1329,mRNA
22849,6944049,6944996,947,CDS
22850,6944049,6944996,947,CDS
22851,6945464,6948808,3344,gene
22852,6948494,6948808,314,mRNA
22853,6945464,6948424,2960,mRNA
22854,6945753,6948413,2660,CDS
22855,6949310,6950207,897,gene
22856,6949591,6950207,616,mRNA
22857,6949310,6949532,222,mRNA
22858,6949591,6950116,525,CDS
22859,6949375,6949532,157,CDS
22860,6950421,6954586,4165,gene
22861,6950421,6950609,188,mRNA
22862,6950673,6950988,315,mRNA
22863,6951045,6951218,173,mRNA
22864,6951274,6951573,299,mRNA
22865,6951627,6952060,433,mRNA
22866,6952120,6952955,835,mRNA
22867,6953015,6953373,358,mRNA
22868,6953434,6953724,290,mRNA
22869,6953787,6954327,540,mRNA
22870,6954393,6954586,193,mRNA
22871,6950539,6950609,70,CDS
22872,6950673,6950988,315,CDS
22873,6951045,6951218,173,CDS
22874,6951274,6951573,299,CDS
22875,6951627,6952060,433,CDS
22876,6952120,6952955,835,CDS
22877,6953015,6953373,358,CDS
22878,6953434,6953724,290,CDS
22879,6953787,6954327,540,CDS
22880,6954393,6954454,61,CDS
22881,6954357,6956950,2593,gene
22882,6956618,6956950,332,mRNA
22883,6955257,6956219,962,mRNA
22884,6954357,6955202,845,mRNA
22885,6956618,6956950,332,mRNA
22886,6955257,6956219,962,mRNA
22887,6954554,6955202,648,mRNA
22888,6956308,6956343,35,mRNA
22889,6955257,6956219,962,mRNA
22890,6954554,6955202,648,mRNA
22891,6956618,6956872,254,CDS
22892,6955257,6956219,962,CDS
22893,6954585,6955202,617,CDS
22894,6956618,6956872,254,CDS
22895,6955257,6956219,962,CDS
22896,6954585,6955202,617,CDS
22897,6955257,6956147,890,CDS
22898,6954585,6955202,617,CDS
22899,6957008,6959104,2096,gene
22900,6957008,6958287,1279,mRNA
22901,6958346,6958589,243,mRNA
22902,6958656,6959104,448,mRNA
22903,6957098,6958287,1189,CDS
22904,6958346,6958589,243,CDS
22905,6958656,6959039,383,CDS
22906,6959099,6960328,1229,gene
22907,6959099,6960328,1229,mRNA
22908,6959183,6960253,1070,CDS
22909,6960377,6961653,1276,gene
22910,6960377,6960487,110,mRNA
22911,6960547,6961653,1106,mRNA
22912,6960377,6960487,110,mRNA
22913,6960547,6961555,1008,mRNA
22914,6960443,6960487,44,CDS
22915,6960547,6961473,926,CDS
22916,6960443,6960487,44,CDS
22917,6960547,6961473,926,CDS
22918,6961516,6964074,2558,gene
22919,6963939,6964074,135,mRNA
22920,6961895,6963554,1659,mRNA
22921,6961516,6961830,314,mRNA
22922,6963939,6964074,135,mRNA
22923,6963744,6963855,111,mRNA
22924,6961895,6963554,1659,mRNA
22925,6961516,6961830,314,mRNA
22926,6963633,6963676,43,mRNA
22927,6961895,6963554,1659,mRNA
22928,6961516,6961830,314,mRNA
22929,6963611,6963656,45,mRNA
22930,6961895,6963554,1659,mRNA
22931,6961516,6961830,314,mRNA
22932,6961895,6963619,1724,mRNA
22933,6961516,6961830,314,mRNA
22934,6963744,6963817,73,CDS
22935,6961895,6963554,1659,CDS
22936,6961591,6961830,239,CDS
22937,6963633,6963655,22,CDS
22938,6961895,6963554,1659,CDS
22939,6961591,6961830,239,CDS
22940,6961895,6963532,1637,CDS
22941,6961591,6961830,239,CDS
22942,6961895,6963532,1637,CDS
22943,6961591,6961830,239,CDS
22944,6961895,6963532,1637,CDS
22945,6961591,6961830,239,CDS
22946,6964421,6965887,1466,gene
22947,6964421,6965887,1466,mRNA
22948,6964421,6965812,1391,mRNA
22949,6964519,6965691,1172,CDS
22950,6964519,6965691,1172,CDS
22951,6966272,6966342,70,mobile_element
22952,6966780,6967644,864,gene
22953,6967508,6967644,136,mRNA
22954,6966780,6967385,605,mRNA
22955,6967508,6967590,82,mRNA
22956,6966780,6967385,605,mRNA
22957,6967028,6967300,272,CDS
22958,6967028,6967300,272,CDS
22959,6967536,6967586,50,mobile_element
22960,6968711,6971737,3026,gene
22961,6971589,6971737,148,mRNA
22962,6968711,6971509,2798,mRNA
22963,6971589,6971737,148,mRNA
22964,6969825,6971509,1684,mRNA
22965,6970116,6971462,1346,CDS
22966,6970116,6971462,1346,CDS
22967,6972243,6972796,553,gene
22968,6972243,6972796,553,exon
22969,6972828,7010359,37531,gene
22970,7010293,7010359,66,mRNA
22971,6999742,6999903,161,mRNA
22972,6987119,6987200,81,mRNA
22973,6983583,6985013,1430,mRNA
22974,6983316,6983518,202,mRNA
22975,6981760,6983250,1490,mRNA
22976,6976373,6981691,5318,mRNA
22977,6975925,6976300,375,mRNA
22978,6975731,6975856,125,mRNA
22979,6973745,6975132,1387,mRNA
22980,6973574,6973684,110,mRNA
22981,6972828,6973508,680,mRNA
22982,7010293,7010359,66,mRNA
22983,6999742,6999903,161,mRNA
22984,6987119,6987200,81,mRNA
22985,6983583,6985013,1430,mRNA
22986,6983316,6983518,202,mRNA
22987,6981760,6983250,1490,mRNA
22988,6976373,6981691,5318,mRNA
22989,6975925,6976300,375,mRNA
22990,6975731,6975856,125,mRNA
22991,6975514,6975609,95,mRNA
22992,6973745,6975132,1387,mRNA
22993,6973574,6973684,110,mRNA
22994,6972828,6973508,680,mRNA
22995,7010293,7010359,66,mRNA
22996,7008400,7008646,246,mRNA
22997,6999742,6999903,161,mRNA
22998,6987119,6987200,81,mRNA
22999,6983583,6985013,1430,mRNA
23000,6983316,6983518,202,mRNA
23001,6981760,6983250,1490,mRNA
23002,6976373,6981691,5318,mRNA
23003,6975925,6976300,375,mRNA
23004,6975731,6975856,125,mRNA
23005,6975514,6975609,95,mRNA
23006,6973745,6975132,1387,mRNA
23007,6973574,6973684,110,mRNA
23008,6972828,6973508,680,mRNA
23009,7009873,7009909,36,mRNA
23010,7008400,7008646,246,mRNA
23011,6999742,6999903,161,mRNA
23012,6987119,6987200,81,mRNA
23013,6983583,6985013,1430,mRNA
23014,6983316,6983518,202,mRNA
23015,6981760,6983250,1490,mRNA
23016,6976373,6981691,5318,mRNA
23017,6975925,6976300,375,mRNA
23018,6975731,6975856,125,mRNA
23019,6973745,6975132,1387,mRNA
23020,6973574,6973684,110,mRNA
23021,6972828,6973508,680,mRNA
23022,7009873,7009909,36,mRNA
23023,7008400,7008646,246,mRNA
23024,6999742,6999903,161,mRNA
23025,6987119,6987200,81,mRNA
23026,6983583,6985013,1430,mRNA
23027,6983316,6983518,202,mRNA
23028,6981760,6983250,1490,mRNA
23029,6976373,6981691,5318,mRNA
23030,6975925,6976300,375,mRNA
23031,6975731,6975856,125,mRNA
23032,6975514,6975609,95,mRNA
23033,6973745,6975132,1387,mRNA
23034,6973574,6973684,110,mRNA
23035,6972828,6973508,680,mRNA
23036,7009873,7009909,36,mRNA
23037,7008400,7008649,249,mRNA
23038,6999742,6999903,161,mRNA
23039,6987119,6987200,81,mRNA
23040,6983583,6985013,1430,mRNA
23041,6983316,6983518,202,mRNA
23042,6981760,6983250,1490,mRNA
23043,6976373,6981691,5318,mRNA
23044,6975925,6976300,375,mRNA
23045,6975731,6975856,125,mRNA
23046,6975514,6975609,95,mRNA
23047,6973745,6975132,1387,mRNA
23048,6973574,6973684,110,mRNA
23049,6972828,6973508,680,mRNA
23050,6999742,6999856,114,CDS
23051,6987119,6987200,81,CDS
23052,6983583,6985013,1430,CDS
23053,6983316,6983518,202,CDS
23054,6981760,6983250,1490,CDS
23055,6976373,6981691,5318,CDS
23056,6975925,6976300,375,CDS
23057,6975731,6975856,125,CDS
23058,6973745,6975132,1387,CDS
23059,6973574,6973684,110,CDS
23060,6973477,6973508,31,CDS
23061,6999742,6999856,114,CDS
23062,6987119,6987200,81,CDS
23063,6983583,6985013,1430,CDS
23064,6983316,6983518,202,CDS
23065,6981760,6983250,1490,CDS
23066,6976373,6981691,5318,CDS
23067,6975925,6976300,375,CDS
23068,6975731,6975856,125,CDS
23069,6973745,6975132,1387,CDS
23070,6973574,6973684,110,CDS
23071,6973477,6973508,31,CDS
23072,6999742,6999856,114,CDS
23073,6987119,6987200,81,CDS
23074,6983583,6985013,1430,CDS
23075,6983316,6983518,202,CDS
23076,6981760,6983250,1490,CDS
23077,6976373,6981691,5318,CDS
23078,6975925,6976300,375,CDS
23079,6975731,6975856,125,CDS
23080,6975514,6975609,95,CDS
23081,6973745,6975132,1387,CDS
23082,6973574,6973684,110,CDS
23083,6973477,6973508,31,CDS
23084,6999742,6999856,114,CDS
23085,6987119,6987200,81,CDS
23086,6983583,6985013,1430,CDS
23087,6983316,6983518,202,CDS
23088,6981760,6983250,1490,CDS
23089,6976373,6981691,5318,CDS
23090,6975925,6976300,375,CDS
23091,6975731,6975856,125,CDS
23092,6975514,6975609,95,CDS
23093,6973745,6975132,1387,CDS
23094,6973574,6973684,110,CDS
23095,6973477,6973508,31,CDS
23096,6999742,6999856,114,CDS
23097,6987119,6987200,81,CDS
23098,6983583,6985013,1430,CDS
23099,6983316,6983518,202,CDS
23100,6981760,6983250,1490,CDS
23101,6976373,6981691,5318,CDS
23102,6975925,6976300,375,CDS
23103,6975731,6975856,125,CDS
23104,6975514,6975609,95,CDS
23105,6973745,6975132,1387,CDS
23106,6973574,6973684,110,CDS
23107,6973477,6973508,31,CDS
23108,6999742,6999856,114,CDS
23109,6987119,6987200,81,CDS
23110,6983583,6985013,1430,CDS
23111,6983316,6983518,202,CDS
23112,6981760,6983250,1490,CDS
23113,6976373,6981691,5318,CDS
23114,6975925,6976300,375,CDS
23115,6975731,6975856,125,CDS
23116,6975514,6975609,95,CDS
23117,6973745,6975132,1387,CDS
23118,6973574,6973684,110,CDS
23119,6973477,6973508,31,CDS
23120,6985961,6986750,789,gene
23121,6985961,6986750,789,ncRNA
23122,6991487,6998548,7061,mobile_element
23123,7012262,7012803,541,gene
23124,7012262,7012803,541,mRNA
23125,7012327,7012524,197,CDS
23126,7013396,7014737,1341,gene
23127,7013396,7013582,186,mRNA
23128,7013653,7014737,1084,mRNA
23129,7013496,7013582,86,CDS
23130,7013653,7014645,992,CDS
23131,7014623,7023898,9275,gene
23132,7023529,7023898,369,mRNA
23133,7019135,7019382,247,mRNA
23134,7018431,7019080,649,mRNA
23135,7018149,7018374,225,mRNA
23136,7017545,7017966,421,mRNA
23137,7016437,7017486,1049,mRNA
23138,7014623,7016374,1751,mRNA
23139,7023529,7023898,369,mRNA
23140,7019135,7019382,247,mRNA
23141,7018431,7019080,649,mRNA
23142,7018149,7018374,225,mRNA
23143,7017545,7017966,421,mRNA
23144,7016437,7017486,1049,mRNA
23145,7014861,7016374,1513,mRNA
23146,7023529,7023705,176,CDS
23147,7019135,7019382,247,CDS
23148,7018431,7019080,649,CDS
23149,7018149,7018374,225,CDS
23150,7017545,7017966,421,CDS
23151,7016437,7017486,1049,CDS
23152,7015086,7016374,1288,CDS
23153,7023529,7023705,176,CDS
23154,7019135,7019382,247,CDS
23155,7018431,7019080,649,CDS
23156,7018149,7018374,225,CDS
23157,7017545,7017966,421,CDS
23158,7016437,7017486,1049,CDS
23159,7015086,7016374,1288,CDS
23160,7023529,7023898,369,mRNA
23161,7019135,7019382,247,mRNA
23162,7018431,7019080,649,mRNA
23163,7018087,7018374,287,mRNA
23164,7023529,7023705,176,CDS
23165,7019135,7019382,247,CDS
23166,7018431,7019080,649,CDS
23167,7018145,7018374,229,CDS
23168,7021682,7022470,788,gene
23169,7021682,7021726,44,mRNA
23170,7021798,7022470,672,mRNA
23171,7021715,7021726,11,CDS
23172,7021798,7022340,542,CDS
23173,7024829,7027389,2560,gene
23174,7026724,7027389,665,mRNA
23175,7026157,7026635,478,mRNA
23176,7024829,7025818,989,mRNA
23177,7027194,7027287,93,mRNA
23178,7026724,7026981,257,mRNA
23179,7026157,7026635,478,mRNA
23180,7024829,7025818,989,mRNA
23181,7026724,7027287,563,mRNA
23182,7026157,7026635,478,mRNA
23183,7024829,7025818,989,mRNA
23184,7026724,7026777,53,CDS
23185,7026157,7026635,478,CDS
23186,7025173,7025818,645,CDS
23187,7026724,7026777,53,CDS
23188,7026157,7026635,478,CDS
23189,7025173,7025818,645,CDS
23190,7026724,7026777,53,CDS
23191,7026157,7026635,478,CDS
23192,7025173,7025818,645,CDS
23193,7027526,7028959,1433,gene
23194,7027526,7027927,401,mRNA
23195,7027988,7028420,432,mRNA
23196,7028490,7028666,176,mRNA
23197,7028727,7028959,232,mRNA
23198,7027811,7027927,116,CDS
23199,7027988,7028420,432,CDS
23200,7028490,7028666,176,CDS
23201,7028727,7028899,172,CDS
23202,7030493,7032606,2113,gene
23203,7032322,7032606,284,mRNA
23204,7030493,7032177,1684,mRNA
23205,7032311,7032606,295,mRNA
23206,7030493,7032177,1684,mRNA
23207,7032237,7032606,369,mRNA
23208,7030493,7032177,1684,mRNA
23209,7032245,7032606,361,mRNA
23210,7031235,7032177,942,mRNA
23211,7031434,7032105,671,CDS
23212,7031434,7032105,671,CDS
23213,7031434,7032105,671,CDS
23214,7031434,7032105,671,CDS
23215,7032721,7037878,5157,gene
23216,7032721,7033018,297,mRNA
23217,7034484,7034693,209,mRNA
23218,7034765,7034910,145,mRNA
23219,7035075,7035561,486,mRNA
23220,7035637,7036035,398,mRNA
23221,7036185,7036722,537,mRNA
23222,7036812,7037878,1066,mRNA
23223,7032721,7033018,297,mRNA
23224,7035407,7035561,154,mRNA
23225,7035637,7036035,398,mRNA
23226,7036185,7036722,537,mRNA
23227,7036812,7037878,1066,mRNA
23228,7032721,7033018,297,mRNA
23229,7034199,7034273,74,mRNA
23230,7034484,7034693,209,mRNA
23231,7034765,7034910,145,mRNA
23232,7035407,7035561,154,mRNA
23233,7035637,7036035,398,mRNA
23234,7036185,7036722,537,mRNA
23235,7036812,7037613,801,mRNA
23236,7032721,7032839,118,mRNA
23237,7032904,7033018,114,mRNA
23238,7034199,7034273,74,mRNA
23239,7034484,7034693,209,mRNA
23240,7034765,7034912,147,mRNA
23241,7035407,7035561,154,mRNA
23242,7035637,7036035,398,mRNA
23243,7036185,7036722,537,mRNA
23244,7036812,7037613,801,mRNA
23245,7032721,7032839,118,mRNA
23246,7032904,7033018,114,mRNA
23247,7034484,7034693,209,mRNA
23248,7034765,7034910,145,mRNA
23249,7035407,7035561,154,mRNA
23250,7035637,7036035,398,mRNA
23251,7036185,7036722,537,mRNA
23252,7036812,7037613,801,mRNA
23253,7032721,7032839,118,mRNA
23254,7032904,7033018,114,mRNA
23255,7035407,7035561,154,mRNA
23256,7035637,7036035,398,mRNA
23257,7036185,7036722,537,mRNA
23258,7036812,7037613,801,mRNA
23259,7032721,7032835,114,mRNA
23260,7032904,7033018,114,mRNA
23261,7035075,7035561,486,mRNA
23262,7035637,7036035,398,mRNA
23263,7036188,7036722,534,mRNA
23264,7036812,7037613,801,mRNA
23265,7032965,7033018,53,CDS
23266,7035407,7035561,154,CDS
23267,7035637,7036035,398,CDS
23268,7036185,7036722,537,CDS
23269,7036812,7037450,638,CDS
23270,7032965,7033018,53,CDS
23271,7035407,7035561,154,CDS
23272,7035637,7036035,398,CDS
23273,7036185,7036722,537,CDS
23274,7036812,7037450,638,CDS
23275,7032965,7033018,53,CDS
23276,7035075,7035089,14,CDS
23277,7032965,7033018,53,CDS
23278,7034484,7034498,14,CDS
23279,7032965,7033018,53,CDS
23280,7034484,7034498,14,CDS
23281,7032965,7033018,53,CDS
23282,7034199,7034210,11,CDS
23283,7032965,7033018,53,CDS
23284,7034199,7034210,11,CDS
23285,7037823,7056010,18187,gene
23286,7037823,7038366,543,mRNA
23287,7040473,7040780,307,mRNA
23288,7040950,7041159,209,mRNA
23289,7051367,7051645,278,mRNA
23290,7051760,7053365,1605,mRNA
23291,7053476,7056010,2534,mRNA
23292,7037823,7038278,455,mRNA
23293,7040473,7040780,307,mRNA
23294,7040950,7041159,209,mRNA
23295,7051367,7051645,278,mRNA
23296,7051760,7053365,1605,mRNA
23297,7053476,7054847,1371,mRNA
23298,7040606,7040780,174,CDS
23299,7040950,7041159,209,CDS
23300,7051367,7051645,278,CDS
23301,7051760,7053365,1605,CDS
23302,7053476,7054556,1080,CDS
23303,7040606,7040780,174,CDS
23304,7040950,7041159,209,CDS
23305,7051367,7051645,278,CDS
23306,7051760,7053365,1605,CDS
23307,7053476,7054556,1080,CDS
23308,7042359,7042512,153,mRNA
23309,7046254,7047214,960,mRNA
23310,7051367,7051645,278,mRNA
23311,7051760,7053365,1605,mRNA
23312,7053476,7056010,2534,mRNA
23313,7042359,7042512,153,mRNA
23314,7046320,7047214,894,mRNA
23315,7051367,7051645,278,mRNA
23316,7051760,7053365,1605,mRNA
23317,7053476,7056010,2534,mRNA
23318,7046410,7047214,804,CDS
23319,7051367,7051645,278,CDS
23320,7051760,7053365,1605,CDS
23321,7053476,7054556,1080,CDS
23322,7046410,7047214,804,CDS
23323,7051367,7051645,278,CDS
23324,7051760,7053365,1605,CDS
23325,7053476,7054556,1080,CDS
23326,7049272,7049725,453,mRNA
23327,7051367,7051645,278,mRNA
23328,7051760,7053365,1605,mRNA
23329,7053476,7054847,1371,mRNA
23330,7050368,7050983,615,mRNA
23331,7051367,7051645,278,mRNA
23332,7051760,7053365,1605,mRNA
23333,7053476,7054847,1371,mRNA
23334,7050581,7050983,402,CDS
23335,7051367,7051645,278,CDS
23336,7051760,7053365,1605,CDS
23337,7053476,7054556,1080,CDS
23338,7051393,7051645,252,CDS
23339,7051760,7053365,1605,CDS
23340,7053476,7054556,1080,CDS
23341,7056301,7063586,7285,gene
23342,7056301,7057156,855,mRNA
23343,7057224,7057674,450,mRNA
23344,7057864,7058325,461,mRNA
23345,7058393,7059198,805,mRNA
23346,7060966,7063586,2620,mRNA
23347,7056301,7057156,855,mRNA
23348,7057224,7057674,450,mRNA
23349,7057864,7058325,461,mRNA
23350,7058393,7059198,805,mRNA
23351,7060966,7062665,1699,mRNA
23352,7056301,7056536,235,mRNA
23353,7057348,7057674,326,mRNA
23354,7057864,7058325,461,mRNA
23355,7058393,7059294,901,mRNA
23356,7057407,7057674,267,CDS
23357,7057864,7058325,461,CDS
23358,7058393,7059198,805,CDS
23359,7060966,7061721,755,CDS
23360,7057407,7057674,267,CDS
23361,7057864,7058325,461,CDS
23362,7058393,7059198,805,CDS
23363,7060966,7061721,755,CDS
23364,7057407,7057674,267,CDS
23365,7057864,7058325,461,CDS
23366,7058393,7059255,862,CDS
23367,7059214,7060851,1637,gene
23368,7060832,7060851,19,mRNA
23369,7059214,7060767,1553,mRNA
23370,7060832,7060851,19,mRNA
23371,7059318,7060767,1449,mRNA
23372,7059435,7060709,1274,CDS
23373,7059435,7060709,1274,CDS
23374,7063986,7064467,481,gene
23375,7063986,7064197,211,mRNA
23376,7064253,7064467,214,mRNA
23377,7064086,7064197,111,CDS
23378,7064253,7064380,127,CDS
23379,7064431,7065837,1406,gene
23380,7065465,7065837,372,mRNA
23381,7065032,7065404,372,mRNA
23382,7064431,7064974,543,mRNA
23383,7065465,7065765,300,CDS
23384,7065032,7065404,372,CDS
23385,7064461,7064974,513,CDS
23386,7067983,7069546,1563,gene
23387,7067983,7068638,655,mRNA
23388,7068690,7069546,856,mRNA
23389,7067983,7068638,655,CDS
23390,7068690,7069542,852,CDS
23391,7069536,7084635,15099,gene
23392,7084482,7084635,153,mRNA
23393,7083186,7083728,542,mRNA
23394,7074254,7074356,102,mRNA
23395,7070421,7070946,525,mRNA
23396,7069536,7070311,775,mRNA
23397,7083186,7083623,437,CDS
23398,7074254,7074356,102,CDS
23399,7070421,7070946,525,CDS
23400,7070161,7070311,150,CDS
23401,7078895,7079399,504,gene
23402,7078895,7079399,504,ncRNA
23403,7088646,7088783,137,mobile_element
23404,7094515,7095248,733,gene
23405,7094515,7094702,187,ncRNA
23406,7094974,7095248,274,ncRNA
23407,7098188,7157695,59507,gene
23408,7155487,7157695,2208,mRNA
23409,7107419,7107551,132,mRNA
23410,7107141,7107352,211,mRNA
23411,7100278,7100555,277,mRNA
23412,7098188,7100207,2019,mRNA
23413,7132724,7133527,803,mRNA
23414,7118885,7118923,38,mRNA
23415,7107419,7107551,132,mRNA
23416,7107141,7107352,211,mRNA
23417,7100278,7100555,277,mRNA
23418,7098188,7100207,2019,mRNA
23419,7155487,7157695,2208,mRNA
23420,7118885,7118923,38,mRNA
23421,7107419,7107551,132,mRNA
23422,7107141,7107352,211,mRNA
23423,7100278,7100555,277,mRNA
23424,7099692,7100207,515,mRNA
23425,7132724,7134069,1345,mRNA
23426,7107419,7107551,132,mRNA
23427,7107141,7107352,211,mRNA
23428,7100278,7100555,277,mRNA
23429,7099692,7100207,515,mRNA
23430,7155487,7156665,1178,CDS
23431,7107419,7107551,132,CDS
23432,7107141,7107352,211,CDS
23433,7100278,7100555,277,CDS
23434,7100093,7100207,114,CDS
23435,7155487,7156665,1178,CDS
23436,7118885,7118923,38,CDS
23437,7107419,7107551,132,CDS
23438,7107141,7107352,211,CDS
23439,7100278,7100555,277,CDS
23440,7100093,7100207,114,CDS
23441,7132724,7133395,671,CDS
23442,7107419,7107551,132,CDS
23443,7107141,7107352,211,CDS
23444,7100278,7100555,277,CDS
23445,7100093,7100207,114,CDS
23446,7132724,7133395,671,CDS
23447,7118885,7118923,38,CDS
23448,7107419,7107551,132,CDS
23449,7107141,7107352,211,CDS
23450,7100278,7100555,277,CDS
23451,7100093,7100207,114,CDS
23452,7142304,7145263,2959,gene
23453,7142304,7145263,2959,ncRNA
23454,7172704,7172736,32,mobile_element
23455,7174368,7174790,422,gene
23456,7174368,7174790,422,ncRNA
23457,7176037,7176624,587,gene
23458,7176037,7176624,587,ncRNA
23459,7177879,7178171,292,gene
23460,7177879,7178171,292,ncRNA
23461,7182234,7185529,3295,gene
23462,7182234,7182639,405,mRNA
23463,7182707,7182899,192,mRNA
23464,7183503,7183665,162,mRNA
23465,7183778,7183815,37,mRNA
23466,7183872,7183986,114,mRNA
23467,7184043,7184203,160,mRNA
23468,7184615,7185074,459,mRNA
23469,7185138,7185529,391,mRNA
23470,7182234,7182639,405,mRNA
23471,7182707,7182899,192,mRNA
23472,7183163,7183322,159,mRNA
23473,7183778,7183815,37,mRNA
23474,7183872,7183986,114,mRNA
23475,7184043,7184203,160,mRNA
23476,7184615,7185074,459,mRNA
23477,7185138,7185519,381,mRNA
23478,7182347,7182639,292,CDS
23479,7182707,7182899,192,CDS
23480,7183163,7183322,159,CDS
23481,7183778,7183815,37,CDS
23482,7183872,7183986,114,CDS
23483,7184043,7184203,160,CDS
23484,7184615,7185074,459,CDS
23485,7185138,7185292,154,CDS
23486,7182347,7182639,292,CDS
23487,7182707,7182899,192,CDS
23488,7183503,7183665,162,CDS
23489,7183778,7183815,37,CDS
23490,7183872,7183986,114,CDS
23491,7184043,7184203,160,CDS
23492,7184615,7185074,459,CDS
23493,7185138,7185292,154,CDS
23494,7185461,7190010,4549,gene
23495,7187947,7188068,121,mRNA
23496,7186832,7187641,809,mRNA
23497,7185461,7186766,1305,mRNA
23498,7189485,7190010,525,mRNA
23499,7186832,7187641,809,mRNA
23500,7185480,7186766,1286,mRNA
23501,7187947,7188068,121,mRNA
23502,7186832,7187641,809,mRNA
23503,7185480,7186766,1286,mRNA
23504,7186832,7187636,804,CDS
23505,7185829,7186766,937,CDS
23506,7186832,7187636,804,CDS
23507,7185829,7186766,937,CDS
23508,7186832,7187636,804,CDS
23509,7185829,7186766,937,CDS
23510,7190431,7194588,4157,gene
23511,7194350,7194588,238,mRNA
23512,7192492,7193373,881,mRNA
23513,7190431,7192050,1619,mRNA
23514,7194350,7194413,63,mRNA
23515,7192492,7193373,881,mRNA
23516,7190431,7192050,1619,mRNA
23517,7192492,7193363,871,CDS
23518,7191402,7192050,648,CDS
23519,7192492,7193363,871,CDS
23520,7191402,7192050,648,CDS
23521,7194908,7204264,9356,gene
23522,7203939,7204264,325,mRNA
23523,7196313,7196857,544,mRNA
23524,7196112,7196235,123,mRNA
23525,7195703,7196052,349,mRNA
23526,7194908,7195640,732,mRNA
23527,7203935,7204264,329,mRNA
23528,7196751,7196857,106,mRNA
23529,7196313,7196695,382,mRNA
23530,7196112,7196235,123,mRNA
23531,7195703,7196052,349,mRNA
23532,7194908,7195640,732,mRNA
23533,7196313,7196674,361,CDS
23534,7196112,7196235,123,CDS
23535,7195703,7196052,349,CDS
23536,7195556,7195640,84,CDS
23537,7196313,7196674,361,CDS
23538,7196112,7196235,123,CDS
23539,7195703,7196052,349,CDS
23540,7195556,7195640,84,CDS
23541,7204538,7220033,15495,gene
23542,7218909,7220033,1124,mRNA
23543,7209523,7209653,130,mRNA
23544,7209349,7209438,89,mRNA
23545,7208417,7208581,164,mRNA
23546,7208189,7208343,154,mRNA
23547,7204538,7208099,3561,mRNA
23548,7219944,7220033,89,mRNA
23549,7218909,7219130,221,mRNA
23550,7209523,7209653,130,mRNA
23551,7209349,7209462,113,mRNA
23552,7208417,7208581,164,mRNA
23553,7208189,7208343,154,mRNA
23554,7205253,7208099,2846,mRNA
23555,7219919,7220033,114,mRNA
23556,7218909,7219130,221,mRNA
23557,7209523,7209653,130,mRNA
23558,7209349,7209462,113,mRNA
23559,7208417,7208581,164,mRNA
23560,7208189,7208343,154,mRNA
23561,7205253,7208099,2846,mRNA
23562,7219860,7220033,173,mRNA
23563,7218909,7219130,221,mRNA
23564,7209523,7209653,130,mRNA
23565,7209349,7209462,113,mRNA
23566,7208417,7208581,164,mRNA
23567,7208189,7208343,154,mRNA
23568,7205253,7208099,2846,mRNA
23569,7218909,7219111,202,CDS
23570,7209523,7209653,130,CDS
23571,7209349,7209462,113,CDS
23572,7208417,7208581,164,CDS
23573,7208189,7208343,154,CDS
23574,7205958,7208099,2141,CDS
23575,7218909,7219111,202,CDS
23576,7209523,7209653,130,CDS
23577,7209349,7209462,113,CDS
23578,7208417,7208581,164,CDS
23579,7208189,7208343,154,CDS
23580,7206348,7208099,1751,CDS
23581,7218909,7219111,202,CDS
23582,7209523,7209653,130,CDS
23583,7209349,7209438,89,CDS
23584,7208417,7208581,164,CDS
23585,7208189,7208343,154,CDS
23586,7208016,7208099,83,CDS
23587,7218909,7219111,202,CDS
23588,7209523,7209653,130,CDS
23589,7209349,7209462,113,CDS
23590,7208417,7208581,164,CDS
23591,7208189,7208343,154,CDS
23592,7208016,7208099,83,CDS
23593,7218909,7220033,1124,mRNA
23594,7218651,7218853,202,mRNA
23595,7218909,7219111,202,CDS
23596,7218853,7218853,0,CDS
23597,7220369,7223081,2712,gene
23598,7222909,7223081,172,mRNA
23599,7221141,7222815,1674,mRNA
23600,7220742,7221087,345,mRNA
23601,7220369,7220677,308,mRNA
23602,7222909,7222980,71,CDS
23603,7221141,7222815,1674,CDS
23604,7220742,7221087,345,CDS
23605,7220533,7220677,144,CDS
23606,7220567,7221093,526,gene
23607,7220567,7220647,80,ncRNA
23608,7220705,7221093,388,ncRNA
23609,7223328,7249343,26015,gene
23610,7248829,7249343,514,mRNA
23611,7237687,7237790,103,mRNA
23612,7236145,7236351,206,mRNA
23613,7234527,7234997,470,mRNA
23614,7230889,7231183,294,mRNA
23615,7229653,7230598,945,mRNA
23616,7229096,7229598,502,mRNA
23617,7228700,7229012,312,mRNA
23618,7227104,7227346,242,mRNA
23619,7225606,7225856,250,mRNA
23620,7223328,7223697,369,mRNA
23621,7240182,7240503,321,mRNA
23622,7237687,7237790,103,mRNA
23623,7234527,7234997,470,mRNA
23624,7231813,7231980,167,mRNA
23625,7230889,7231183,294,mRNA
23626,7229653,7230598,945,mRNA
23627,7229096,7229598,502,mRNA
23628,7228700,7229012,312,mRNA
23629,7227104,7227346,242,mRNA
23630,7223328,7223697,369,mRNA
23631,7237687,7237780,93,CDS
23632,7236145,7236351,206,CDS
23633,7234527,7234997,470,CDS
23634,7230889,7231183,294,CDS
23635,7229653,7230598,945,CDS
23636,7229096,7229598,502,CDS
23637,7228700,7229012,312,CDS
23638,7227104,7227346,242,CDS
23639,7225606,7225856,250,CDS
23640,7223616,7223697,81,CDS
23641,7240182,7240210,28,CDS
23642,7237687,7237790,103,CDS
23643,7234527,7234997,470,CDS
23644,7231813,7231980,167,CDS
23645,7230889,7231183,294,CDS
23646,7229653,7230598,945,CDS
23647,7229096,7229598,502,CDS
23648,7228700,7229012,312,CDS
23649,7227104,7227346,242,CDS
23650,7223629,7223697,68,CDS
23651,7240182,7240503,321,mRNA
23652,7237687,7237790,103,mRNA
23653,7236145,7236351,206,mRNA
23654,7234527,7234997,470,mRNA
23655,7230889,7231183,294,mRNA
23656,7229653,7230598,945,mRNA
23657,7229096,7229598,502,mRNA
23658,7228700,7229012,312,mRNA
23659,7227104,7227346,242,mRNA
23660,7225606,7225856,250,mRNA
23661,7224200,7225061,861,mRNA
23662,7240182,7240210,28,CDS
23663,7237687,7237790,103,CDS
23664,7236145,7236351,206,CDS
23665,7234527,7234997,470,CDS
23666,7230889,7231183,294,CDS
23667,7229653,7230598,945,CDS
23668,7229096,7229598,502,CDS
23669,7228700,7229012,312,CDS
23670,7227104,7227346,242,CDS
23671,7225606,7225856,250,CDS
23672,7224851,7225061,210,CDS
23673,7248829,7249343,514,mRNA
23674,7237687,7237790,103,mRNA
23675,7236145,7236351,206,mRNA
23676,7234527,7234997,470,mRNA
23677,7230889,7231183,294,mRNA
23678,7229653,7230598,945,mRNA
23679,7229096,7229598,502,mRNA
23680,7228700,7229012,312,mRNA
23681,7226138,7227346,1208,mRNA
23682,7240182,7240503,321,mRNA
23683,7237687,7237790,103,mRNA
23684,7234527,7234997,470,mRNA
23685,7233681,7233806,125,mRNA
23686,7230889,7231126,237,mRNA
23687,7229653,7230598,945,mRNA
23688,7229096,7229598,502,mRNA
23689,7228700,7229012,312,mRNA
23690,7226138,7227346,1208,mRNA
23691,7245287,7245430,143,mRNA
23692,7244974,7245083,109,mRNA
23693,7237687,7237790,103,mRNA
23694,7234527,7234997,470,mRNA
23695,7230889,7231126,237,mRNA
23696,7229653,7230598,945,mRNA
23697,7229096,7229598,502,mRNA
23698,7228700,7229012,312,mRNA
23699,7226462,7227346,884,mRNA
23700,7240182,7240503,321,mRNA
23701,7237687,7237790,103,mRNA
23702,7234527,7234997,470,mRNA
23703,7230889,7231183,294,mRNA
23704,7229653,7230598,945,mRNA
23705,7229096,7229598,502,mRNA
23706,7228700,7229012,312,mRNA
23707,7226462,7227346,884,mRNA
23708,7240182,7240503,321,mRNA
23709,7237687,7237790,103,mRNA
23710,7234527,7234997,470,mRNA
23711,7231813,7231980,167,mRNA
23712,7230889,7231126,237,mRNA
23713,7229653,7230598,945,mRNA
23714,7229096,7229598,502,mRNA
23715,7228700,7229012,312,mRNA
23716,7226462,7227346,884,mRNA
23717,7240182,7240503,321,mRNA
23718,7237687,7237790,103,mRNA
23719,7236145,7236351,206,mRNA
23720,7234527,7234997,470,mRNA
23721,7230889,7231183,294,mRNA
23722,7229653,7230598,945,mRNA
23723,7229096,7229598,502,mRNA
23724,7228700,7229012,312,mRNA
23725,7226462,7227346,884,mRNA
23726,7240182,7240503,321,mRNA
23727,7237687,7237790,103,mRNA
23728,7236145,7236351,206,mRNA
23729,7234527,7234997,470,mRNA
23730,7234204,7234341,137,mRNA
23731,7230889,7231126,237,mRNA
23732,7229653,7230598,945,mRNA
23733,7229096,7229598,502,mRNA
23734,7228700,7229012,312,mRNA
23735,7226462,7227346,884,mRNA
23736,7244974,7245050,76,CDS
23737,7237687,7237790,103,CDS
23738,7234527,7234997,470,CDS
23739,7230889,7231126,237,CDS
23740,7229653,7230598,945,CDS
23741,7229096,7229598,502,CDS
23742,7228700,7229012,312,CDS
23743,7226915,7227346,431,CDS
23744,7240182,7240210,28,CDS
23745,7237687,7237790,103,CDS
23746,7234527,7234997,470,CDS
23747,7230889,7231183,294,CDS
23748,7229653,7230598,945,CDS
23749,7229096,7229598,502,CDS
23750,7228700,7229012,312,CDS
23751,7226915,7227346,431,CDS
23752,7240182,7240210,28,CDS
23753,7237687,7237790,103,CDS
23754,7234527,7234997,470,CDS
23755,7231813,7231980,167,CDS
23756,7230889,7231126,237,CDS
23757,7229653,7230598,945,CDS
23758,7229096,7229598,502,CDS
23759,7228700,7229012,312,CDS
23760,7226915,7227346,431,CDS
23761,7240182,7240210,28,CDS
23762,7237687,7237790,103,CDS
23763,7234527,7234997,470,CDS
23764,7233681,7233806,125,CDS
23765,7230889,7231126,237,CDS
23766,7229653,7230598,945,CDS
23767,7229096,7229598,502,CDS
23768,7228700,7229012,312,CDS
23769,7226915,7227346,431,CDS
23770,7240182,7240210,28,CDS
23771,7237687,7237790,103,CDS
23772,7236145,7236351,206,CDS
23773,7234527,7234997,470,CDS
23774,7230889,7231183,294,CDS
23775,7229653,7230598,945,CDS
23776,7229096,7229598,502,CDS
23777,7228700,7229012,312,CDS
23778,7226915,7227346,431,CDS
23779,7240182,7240210,28,CDS
23780,7237687,7237790,103,CDS
23781,7236145,7236351,206,CDS
23782,7234527,7234997,470,CDS
23783,7234204,7234341,137,CDS
23784,7230889,7231126,237,CDS
23785,7229653,7230598,945,CDS
23786,7229096,7229598,502,CDS
23787,7228700,7229012,312,CDS
23788,7226915,7227346,431,CDS
23789,7237687,7237780,93,CDS
23790,7236145,7236351,206,CDS
23791,7234527,7234997,470,CDS
23792,7230889,7231183,294,CDS
23793,7229653,7230598,945,CDS
23794,7229096,7229598,502,CDS
23795,7228700,7229012,312,CDS
23796,7226915,7227346,431,CDS
23797,7227734,7228641,907,gene
23798,7227734,7227828,94,mRNA
23799,7227883,7228641,758,mRNA
23800,7227763,7227828,65,CDS
23801,7227883,7228566,683,CDS
23802,7232165,7232813,648,gene
23803,7232705,7232813,108,mRNA
23804,7232165,7232645,480,mRNA
23805,7232761,7232813,52,mRNA
23806,7232194,7232645,451,mRNA
23807,7232227,7232610,383,CDS
23808,7232227,7232610,383,CDS
23809,7232881,7233224,343,mobile_element
23810,7250607,7252982,2375,gene
23811,7252690,7252982,292,mRNA
23812,7251613,7252628,1015,mRNA
23813,7251444,7251554,110,mRNA
23814,7250607,7251371,764,mRNA
23815,7252690,7252772,82,CDS
23816,7251613,7252628,1015,CDS
23817,7251444,7251554,110,CDS
23818,7250719,7251371,652,CDS
23819,7255419,7277171,21752,gene
23820,7275360,7277171,1811,mRNA
23821,7256762,7257260,498,mRNA
23822,7256460,7256687,227,mRNA
23823,7255419,7256246,827,mRNA
23824,7275360,7277171,1811,mRNA
23825,7256762,7257260,498,mRNA
23826,7256460,7256687,227,mRNA
23827,7255848,7256246,398,mRNA
23828,7275360,7276009,649,CDS
23829,7256762,7257260,498,CDS
23830,7256460,7256687,227,CDS
23831,7256004,7256246,242,CDS
23832,7275360,7276009,649,CDS
23833,7256762,7257260,498,CDS
23834,7256460,7256687,227,CDS
23835,7256004,7256246,242,CDS
23836,7257364,7257437,73,mobile_element
23837,7257512,7258198,686,gene
23838,7257512,7257637,125,mRNA
23839,7257697,7258198,501,mRNA
23840,7257512,7257564,52,mRNA
23841,7257697,7258198,501,mRNA
23842,7257732,7258115,383,CDS
23843,7257732,7258115,383,CDS
23844,7307159,7316265,9106,gene
23845,7307159,7307707,548,mRNA
23846,7309386,7309636,250,mRNA
23847,7312838,7313139,301,mRNA
23848,7314318,7314748,430,mRNA
23849,7314880,7316265,1385,mRNA
23850,7307592,7307707,115,CDS
23851,7309386,7309636,250,CDS
23852,7312838,7313139,301,CDS
23853,7314318,7314748,430,CDS
23854,7314880,7315186,306,CDS
23855,7328944,7329519,575,gene
23856,7328944,7329519,575,ncRNA
23857,7333714,7352542,18828,gene
23858,7333714,7335105,1391,mRNA
23859,7342837,7343060,223,mRNA
23860,7351183,7351697,514,mRNA
23861,7351819,7352542,723,mRNA
23862,7333714,7335105,1391,mRNA
23863,7342837,7343060,223,mRNA
23864,7351183,7351697,514,mRNA
23865,7351819,7352524,705,mRNA
23866,7335044,7335105,61,CDS
23867,7342837,7343060,223,CDS
23868,7351183,7351697,514,CDS
23869,7351819,7352280,461,CDS
23870,7335044,7335105,61,CDS
23871,7342837,7343060,223,CDS
23872,7351183,7351697,514,CDS
23873,7351819,7352280,461,CDS
23874,7343381,7350438,7057,mobile_element
23875,7363379,7377528,14149,gene
23876,7363379,7363735,356,mRNA
23877,7364523,7365013,490,mRNA
23878,7369962,7370109,147,mRNA
23879,7370313,7370391,78,mRNA
23880,7374856,7375238,382,mRNA
23881,7375360,7375819,459,mRNA
23882,7377072,7377528,456,mRNA
23883,7364820,7365013,193,CDS
23884,7369962,7370109,147,CDS
23885,7370313,7370391,78,CDS
23886,7374856,7375238,382,CDS
23887,7375360,7375819,459,CDS
23888,7377072,7377259,187,CDS
23889,7369646,7370503,857,gene
23890,7370263,7370503,240,ncRNA
23891,7369646,7369829,183,ncRNA
23892,7377702,7384344,6642,gene
23893,7377702,7377865,163,mRNA
23894,7378385,7378688,303,mRNA
23895,7378784,7379647,863,mRNA
23896,7379706,7380643,937,mRNA
23897,7380712,7381004,292,mRNA
23898,7381064,7381335,271,mRNA
23899,7381403,7381689,286,mRNA
23900,7381756,7381905,149,mRNA
23901,7381961,7382058,97,mRNA
23902,7382122,7382175,53,mRNA
23903,7382758,7382945,187,mRNA
23904,7383011,7383426,415,mRNA
23905,7383479,7383755,276,mRNA
23906,7383807,7384344,537,mRNA
23907,7377736,7377865,129,mRNA
23908,7378385,7378688,303,mRNA
23909,7378784,7379647,863,mRNA
23910,7379706,7380643,937,mRNA
23911,7380712,7381004,292,mRNA
23912,7381064,7381335,271,mRNA
23913,7381403,7381689,286,mRNA
23914,7381756,7381905,149,mRNA
23915,7381961,7382058,97,mRNA
23916,7382122,7382661,539,mRNA
23917,7382758,7382945,187,mRNA
23918,7383011,7383426,415,mRNA
23919,7383479,7383755,276,mRNA
23920,7383807,7384344,537,mRNA
23921,7377736,7377865,129,mRNA
23922,7378385,7378688,303,mRNA
23923,7378784,7379647,863,mRNA
23924,7379706,7380643,937,mRNA
23925,7380712,7381004,292,mRNA
23926,7381064,7381335,271,mRNA
23927,7381403,7381689,286,mRNA
23928,7381756,7381905,149,mRNA
23929,7381961,7382058,97,mRNA
23930,7382122,7382776,654,mRNA
23931,7377736,7377865,129,mRNA
23932,7378385,7378688,303,mRNA
23933,7378784,7379647,863,mRNA
23934,7379706,7380643,937,mRNA
23935,7380712,7381004,292,mRNA
23936,7381064,7381335,271,mRNA
23937,7381403,7381689,286,mRNA
23938,7381756,7381905,149,mRNA
23939,7381961,7382058,97,mRNA
23940,7382122,7382432,310,mRNA
23941,7378401,7378688,287,CDS
23942,7378784,7379647,863,CDS
23943,7379706,7380643,937,CDS
23944,7380712,7381004,292,CDS
23945,7381064,7381335,271,CDS
23946,7381403,7381689,286,CDS
23947,7381756,7381905,149,CDS
23948,7381961,7382058,97,CDS
23949,7382122,7382175,53,CDS
23950,7382758,7382945,187,CDS
23951,7383011,7383426,415,CDS
23952,7383479,7383755,276,CDS
23953,7383807,7384187,380,CDS
23954,7378401,7378688,287,CDS
23955,7378784,7379647,863,CDS
23956,7379706,7380643,937,CDS
23957,7380712,7381004,292,CDS
23958,7381064,7381335,271,CDS
23959,7381403,7381689,286,CDS
23960,7381756,7381905,149,CDS
23961,7381961,7382058,97,CDS
23962,7382122,7382339,217,CDS
23963,7378401,7378688,287,CDS
23964,7378784,7379647,863,CDS
23965,7379706,7380643,937,CDS
23966,7380712,7381004,292,CDS
23967,7381064,7381335,271,CDS
23968,7381403,7381689,286,CDS
23969,7381756,7381905,149,CDS
23970,7381961,7382058,97,CDS
23971,7382122,7382339,217,CDS
23972,7378401,7378688,287,CDS
23973,7378784,7379647,863,CDS
23974,7379706,7380643,937,CDS
23975,7380712,7381004,292,CDS
23976,7381064,7381335,271,CDS
23977,7381403,7381689,286,CDS
23978,7381756,7381905,149,CDS
23979,7381961,7382058,97,CDS
23980,7382122,7382339,217,CDS
23981,7384486,7388253,3767,gene
23982,7387975,7388253,278,mRNA
23983,7386424,7386648,224,mRNA
23984,7385867,7386182,315,mRNA
23985,7385431,7385804,373,mRNA
23986,7385260,7385366,106,mRNA
23987,7385050,7385140,90,mRNA
23988,7384486,7384991,505,mRNA
23989,7387975,7388103,128,CDS
23990,7386424,7386648,224,CDS
23991,7385867,7386182,315,CDS
23992,7385431,7385804,373,CDS
23993,7385260,7385366,106,CDS
23994,7385050,7385140,90,CDS
23995,7384887,7384991,104,CDS
23996,7388508,7390902,2394,gene
23997,7388508,7389292,784,mRNA
23998,7389375,7390626,1251,mRNA
23999,7390688,7390902,214,mRNA
24000,7388676,7389292,616,CDS
24001,7389375,7390626,1251,CDS
24002,7390688,7390828,140,CDS
24003,7390984,7398750,7766,gene
24004,7398238,7398750,512,mRNA
24005,7392274,7392404,130,mRNA
24006,7392076,7392212,136,mRNA
24007,7391861,7392019,158,mRNA
24008,7391646,7391798,152,mRNA
24009,7390984,7391503,519,mRNA
24010,7395529,7395601,72,mRNA
24011,7392274,7392404,130,mRNA
24012,7392076,7392212,136,mRNA
24013,7391861,7392019,158,mRNA
24014,7391646,7391798,152,mRNA
24015,7390984,7391503,519,mRNA
24016,7392274,7392382,108,CDS
24017,7392076,7392212,136,CDS
24018,7391861,7392019,158,CDS
24019,7391646,7391798,152,CDS
24020,7391075,7391503,428,CDS
24021,7392274,7392382,108,CDS
24022,7392076,7392212,136,CDS
24023,7391861,7392019,158,CDS
24024,7391646,7391798,152,CDS
24025,7391075,7391503,428,CDS
24026,7399465,7399929,464,gene
24027,7399465,7399929,464,exon
24028,7401335,7404727,3392,gene
24029,7401335,7401438,103,mRNA
24030,7403229,7403361,132,mRNA
24031,7403542,7404163,621,mRNA
24032,7404230,7404526,296,mRNA
24033,7401438,7401438,0,CDS
24034,7403229,7403361,132,CDS
24035,7403542,7404163,621,CDS
24036,7404230,7404364,134,CDS
24037,7402856,7402985,129,mRNA
24038,7403229,7403361,132,mRNA
24039,7403542,7404163,621,mRNA
24040,7404230,7404727,497,mRNA
24041,7402904,7403361,457,mRNA
24042,7403542,7404163,621,mRNA
24043,7404230,7404526,296,mRNA
24044,7402904,7402985,81,mRNA
24045,7403229,7403361,132,mRNA
24046,7403542,7404163,621,mRNA
24047,7404230,7404526,296,mRNA
24048,7403144,7403361,217,mRNA
24049,7403542,7404163,621,mRNA
24050,7404230,7404526,296,mRNA
24051,7403297,7403361,64,CDS
24052,7403542,7404163,621,CDS
24053,7404230,7404364,134,CDS
24054,7403297,7403361,64,CDS
24055,7403542,7404163,621,CDS
24056,7404230,7404364,134,CDS
24057,7403297,7403361,64,CDS
24058,7403542,7404163,621,CDS
24059,7404230,7404364,134,CDS
24060,7403297,7403361,64,CDS
24061,7403542,7404163,621,CDS
24062,7404230,7404364,134,CDS
24063,7404747,7404973,226,gene
24064,7404747,7404973,226,ncRNA
24065,7405227,7408600,3373,gene
24066,7405227,7405382,155,mRNA
24067,7405448,7405772,324,mRNA
24068,7406000,7406186,186,mRNA
24069,7408146,7408600,454,mRNA
24070,7405227,7405382,155,mRNA
24071,7405448,7405772,324,mRNA
24072,7406000,7406186,186,mRNA
24073,7408146,7408475,329,mRNA
24074,7405318,7405382,64,CDS
24075,7405448,7405772,324,CDS
24076,7406000,7406186,186,CDS
24077,7408146,7408399,253,CDS
24078,7405318,7405382,64,CDS
24079,7405448,7405772,324,CDS
24080,7406000,7406186,186,CDS
24081,7408146,7408399,253,CDS
24082,7408533,7409809,1276,gene
24083,7409573,7409809,236,mRNA
24084,7408533,7409509,976,mRNA
24085,7409573,7409704,131,CDS
24086,7409027,7409509,482,CDS
24087,7410909,7412229,1320,gene
24088,7410909,7412229,1320,mRNA
24089,7410955,7411806,851,CDS
24090,7412417,7422736,10319,gene
24091,7412417,7413308,891,mRNA
24092,7413382,7414007,625,mRNA
24093,7414074,7414231,157,mRNA
24094,7414292,7414664,372,mRNA
24095,7417373,7417478,105,mRNA
24096,7421457,7421614,157,mRNA
24097,7421689,7421784,95,mRNA
24098,7421844,7422736,892,mRNA
24099,7412417,7413308,891,mRNA
24100,7413382,7414007,625,mRNA
24101,7414074,7414231,157,mRNA
24102,7414292,7414664,372,mRNA
24103,7417373,7417478,105,mRNA
24104,7421457,7421614,157,mRNA
24105,7421689,7421784,95,mRNA
24106,7421844,7422389,545,mRNA
24107,7412417,7413308,891,mRNA
24108,7413382,7414007,625,mRNA
24109,7414074,7414231,157,mRNA
24110,7414292,7414664,372,mRNA
24111,7417373,7417478,105,mRNA
24112,7417547,7417813,266,mRNA
24113,7412507,7413308,801,CDS
24114,7413382,7414007,625,CDS
24115,7414074,7414231,157,CDS
24116,7414292,7414664,372,CDS
24117,7417373,7417478,105,CDS
24118,7421457,7421614,157,CDS
24119,7421689,7421784,95,CDS
24120,7421844,7421960,116,CDS
24121,7412507,7413308,801,CDS
24122,7413382,7414007,625,CDS
24123,7414074,7414231,157,CDS
24124,7414292,7414664,372,CDS
24125,7417373,7417478,105,CDS
24126,7421457,7421614,157,CDS
24127,7421689,7421784,95,CDS
24128,7421844,7421960,116,CDS
24129,7412507,7413308,801,CDS
24130,7413382,7414007,625,CDS
24131,7414074,7414231,157,CDS
24132,7414292,7414664,372,CDS
24133,7417373,7417478,105,CDS
24134,7417547,7417593,46,CDS
24135,7423820,7425932,2112,gene
24136,7423820,7424363,543,ncRNA
24137,7425172,7425932,760,ncRNA
24138,7423820,7423991,171,ncRNA
24139,7425172,7425932,760,ncRNA
24140,7425795,7425892,97,gene
24141,7425795,7425892,97,precursor_RNA
24142,7425814,7425836,22,ncRNA
24143,7425853,7425875,22,ncRNA
24144,7425972,7426044,72,gene
24145,7425972,7426044,72,precursor_RNA
24146,7425979,7426001,22,ncRNA
24147,7426017,7426039,22,ncRNA
24148,7426866,7430329,3463,gene
24149,7426866,7427361,495,mRNA
24150,7428047,7428216,169,mRNA
24151,7428281,7428679,398,mRNA
24152,7428878,7429104,226,mRNA
24153,7429167,7429515,348,mRNA
24154,7429582,7429684,102,mRNA
24155,7429743,7430329,586,mRNA
24156,7427002,7427361,359,mRNA
24157,7428047,7428216,169,mRNA
24158,7428281,7428679,398,mRNA
24159,7428878,7429104,226,mRNA
24160,7429167,7429515,348,mRNA
24161,7429582,7429684,102,mRNA
24162,7429743,7430329,586,mRNA
24163,7427002,7427361,359,mRNA
24164,7428047,7428216,169,mRNA
24165,7428281,7428679,398,mRNA
24166,7428926,7429104,178,mRNA
24167,7429167,7429515,348,mRNA
24168,7429582,7429684,102,mRNA
24169,7429743,7430329,586,mRNA
24170,7427002,7427361,359,mRNA
24171,7428047,7428216,169,mRNA
24172,7428281,7428610,329,mRNA
24173,7428878,7429104,226,mRNA
24174,7429167,7429515,348,mRNA
24175,7429582,7429684,102,mRNA
24176,7429743,7430329,586,mRNA
24177,7427002,7427361,359,mRNA
24178,7428047,7428216,169,mRNA
24179,7428281,7428610,329,mRNA
24180,7428926,7429104,178,mRNA
24181,7429167,7429515,348,mRNA
24182,7429582,7429684,102,mRNA
24183,7429743,7430329,586,mRNA
24184,7427201,7427361,160,CDS
24185,7428047,7428216,169,CDS
24186,7428281,7428679,398,CDS
24187,7428878,7429104,226,CDS
24188,7429167,7429515,348,CDS
24189,7429582,7429684,102,CDS
24190,7429743,7429872,129,CDS
24191,7427201,7427361,160,CDS
24192,7428047,7428216,169,CDS
24193,7428281,7428679,398,CDS
24194,7428878,7429104,226,CDS
24195,7429167,7429515,348,CDS
24196,7429582,7429684,102,CDS
24197,7429743,7429872,129,CDS
24198,7427201,7427361,160,CDS
24199,7428047,7428216,169,CDS
24200,7428281,7428679,398,CDS
24201,7428926,7429104,178,CDS
24202,7429167,7429515,348,CDS
24203,7429582,7429684,102,CDS
24204,7429743,7429872,129,CDS
24205,7427201,7427361,160,CDS
24206,7428047,7428216,169,CDS
24207,7428281,7428610,329,CDS
24208,7428878,7429104,226,CDS
24209,7429167,7429515,348,CDS
24210,7429582,7429684,102,CDS
24211,7429743,7429872,129,CDS
24212,7427201,7427361,160,CDS
24213,7428047,7428216,169,CDS
24214,7428281,7428610,329,CDS
24215,7428926,7429104,178,CDS
24216,7429167,7429515,348,CDS
24217,7429582,7429684,102,CDS
24218,7429743,7429872,129,CDS
24219,7427728,7427773,45,mRNA
24220,7427871,7427944,73,mRNA
24221,7428047,7428216,169,mRNA
24222,7428281,7428679,398,mRNA
24223,7428878,7429104,226,mRNA
24224,7429167,7429515,348,mRNA
24225,7429582,7429684,102,mRNA
24226,7429743,7430329,586,mRNA
24227,7428159,7428216,57,CDS
24228,7428281,7428679,398,CDS
24229,7428878,7429104,226,CDS
24230,7429167,7429515,348,CDS
24231,7429582,7429684,102,CDS
24232,7429743,7429872,129,CDS
24233,7430530,7433516,2986,gene
24234,7433406,7433516,110,mRNA
24235,7432937,7433211,274,mRNA
24236,7431079,7431540,461,mRNA
24237,7430530,7430855,325,mRNA
24238,7432937,7433176,239,CDS
24239,7431079,7431540,461,CDS
24240,7430673,7430855,182,CDS
24241,7437492,7445882,8390,gene
24242,7437492,7437788,296,mRNA
24243,7443584,7443832,248,mRNA
24244,7443894,7443985,91,mRNA
24245,7444060,7444213,153,mRNA
24246,7444273,7444398,125,mRNA
24247,7444465,7444643,178,mRNA
24248,7444709,7444859,150,mRNA
24249,7444927,7445882,955,mRNA
24250,7437492,7437788,296,mRNA
24251,7443584,7443832,248,mRNA
24252,7443894,7443985,91,mRNA
24253,7444060,7444213,153,mRNA
24254,7444273,7444398,125,mRNA
24255,7444465,7444643,178,mRNA
24256,7444709,7444859,150,mRNA
24257,7444927,7445269,342,mRNA
24258,7440794,7441756,962,mRNA
24259,7443584,7443832,248,mRNA
24260,7443894,7443985,91,mRNA
24261,7444060,7444213,153,mRNA
24262,7444273,7444398,125,mRNA
24263,7444465,7444643,178,mRNA
24264,7444709,7444859,150,mRNA
24265,7444927,7445882,955,mRNA
24266,7440794,7440962,168,mRNA
24267,7443584,7443832,248,mRNA
24268,7443894,7443985,91,mRNA
24269,7444060,7444213,153,mRNA
24270,7444273,7444398,125,mRNA
24271,7444465,7444643,178,mRNA
24272,7444709,7444859,150,mRNA
24273,7444927,7445269,342,mRNA
24274,7440794,7440958,164,mRNA
24275,7443584,7443832,248,mRNA
24276,7443894,7443985,91,mRNA
24277,7444060,7444213,153,mRNA
24278,7444273,7444398,125,mRNA
24279,7444465,7444643,178,mRNA
24280,7444709,7444859,150,mRNA
24281,7444927,7445269,342,mRNA
24282,7440794,7440851,57,mRNA
24283,7443584,7443832,248,mRNA
24284,7443894,7443985,91,mRNA
24285,7444060,7444213,153,mRNA
24286,7444273,7444398,125,mRNA
24287,7444465,7444643,178,mRNA
24288,7444709,7444859,150,mRNA
24289,7444927,7445269,342,mRNA
24290,7443565,7443832,267,mRNA
24291,7443894,7443985,91,mRNA
24292,7444060,7444213,153,mRNA
24293,7444273,7444398,125,mRNA
24294,7444465,7444643,178,mRNA
24295,7444709,7444859,150,mRNA
24296,7444927,7445269,342,mRNA
24297,7443646,7443832,186,CDS
24298,7443894,7443985,91,CDS
24299,7444060,7444213,153,CDS
24300,7444273,7444398,125,CDS
24301,7444465,7444643,178,CDS
24302,7444709,7444859,150,CDS
24303,7444927,7444973,46,CDS
24304,7443646,7443832,186,CDS
24305,7443894,7443985,91,CDS
24306,7444060,7444213,153,CDS
24307,7444273,7444398,125,CDS
24308,7444465,7444643,178,CDS
24309,7444709,7444859,150,CDS
24310,7444927,7444973,46,CDS
24311,7443646,7443832,186,CDS
24312,7443894,7443985,91,CDS
24313,7444060,7444213,153,CDS
24314,7444273,7444398,125,CDS
24315,7444465,7444643,178,CDS
24316,7444709,7444859,150,CDS
24317,7444927,7444973,46,CDS
24318,7443646,7443832,186,CDS
24319,7443894,7443985,91,CDS
24320,7444060,7444213,153,CDS
24321,7444273,7444398,125,CDS
24322,7444465,7444643,178,CDS
24323,7444709,7444859,150,CDS
24324,7444927,7444973,46,CDS
24325,7443646,7443832,186,CDS
24326,7443894,7443985,91,CDS
24327,7444060,7444213,153,CDS
24328,7444273,7444398,125,CDS
24329,7444465,7444643,178,CDS
24330,7444709,7444859,150,CDS
24331,7444927,7444973,46,CDS
24332,7443646,7443832,186,CDS
24333,7443894,7443985,91,CDS
24334,7444060,7444213,153,CDS
24335,7444273,7444398,125,CDS
24336,7444465,7444643,178,CDS
24337,7444709,7444859,150,CDS
24338,7444927,7444973,46,CDS
24339,7443646,7443832,186,CDS
24340,7443894,7443985,91,CDS
24341,7444060,7444213,153,CDS
24342,7444273,7444398,125,CDS
24343,7444465,7444643,178,CDS
24344,7444709,7444859,150,CDS
24345,7444927,7444973,46,CDS
24346,7445355,7451244,5889,gene
24347,7450949,7451244,295,mRNA
24348,7447507,7447687,180,mRNA
24349,7446996,7447301,305,mRNA
24350,7446416,7446935,519,mRNA
24351,7445355,7446353,998,mRNA
24352,7447507,7451244,3737,mRNA
24353,7446996,7447301,305,mRNA
24354,7446416,7446935,519,mRNA
24355,7445355,7446353,998,mRNA
24356,7447507,7447647,140,CDS
24357,7446996,7447301,305,CDS
24358,7446416,7446935,519,CDS
24359,7445629,7446353,724,CDS
24360,7447507,7447647,140,CDS
24361,7446996,7447301,305,CDS
24362,7446416,7446935,519,CDS
24363,7445629,7446353,724,CDS
24364,7452520,7454212,1692,gene
24365,7453540,7454212,672,mRNA
24366,7452720,7453322,602,mRNA
24367,7452520,7452660,140,mRNA
24368,7453540,7454169,629,CDS
24369,7452720,7453322,602,CDS
24370,7452541,7452660,119,CDS
24371,7454826,7462247,7421,gene
24372,7461579,7462247,668,mRNA
24373,7455201,7455761,560,mRNA
24374,7454826,7455136,310,mRNA
24375,7459930,7460642,712,mRNA
24376,7455201,7455761,560,mRNA
24377,7454826,7455136,310,mRNA
24378,7458032,7458754,722,mRNA
24379,7455201,7455761,560,mRNA
24380,7454826,7455136,310,mRNA
24381,7456739,7457371,632,mRNA
24382,7455201,7455761,560,mRNA
24383,7454826,7455136,310,mRNA
24384,7455824,7456477,653,mRNA
24385,7455201,7455761,560,mRNA
24386,7454826,7455136,310,mRNA
24387,7461579,7462247,668,CDS
24388,7455201,7455761,560,CDS
24389,7455008,7455136,128,CDS
24390,7459930,7460571,641,CDS
24391,7455201,7455761,560,CDS
24392,7455008,7455136,128,CDS
24393,7458032,7458754,722,CDS
24394,7455201,7455761,560,CDS
24395,7455008,7455136,128,CDS
24396,7456739,7457371,632,CDS
24397,7455201,7455761,560,CDS
24398,7455008,7455136,128,CDS
24399,7455824,7456477,653,CDS
24400,7455201,7455761,560,CDS
24401,7455008,7455136,128,CDS
24402,7466543,7472493,5950,gene
24403,7466543,7466671,128,mRNA
24404,7471536,7472493,957,mRNA
24405,7471344,7471419,75,mRNA
24406,7471536,7472493,957,mRNA
24407,7471546,7472205,659,CDS
24408,7471546,7472205,659,CDS
24409,7472513,7496307,23794,gene
24410,7495513,7496307,794,mRNA
24411,7483511,7483627,116,mRNA
24412,7482893,7483428,535,mRNA
24413,7482528,7482831,303,mRNA
24414,7481643,7482464,821,mRNA
24415,7480952,7481584,632,mRNA
24416,7480561,7480896,335,mRNA
24417,7478851,7480323,1472,mRNA
24418,7477182,7478783,1601,mRNA
24419,7476979,7477125,146,mRNA
24420,7474295,7474505,210,mRNA
24421,7473948,7474236,288,mRNA
24422,7472513,7473889,1376,mRNA
24423,7495513,7496307,794,mRNA
24424,7483511,7483627,116,mRNA
24425,7482893,7483428,535,mRNA
24426,7482528,7482831,303,mRNA
24427,7481643,7482464,821,mRNA
24428,7480952,7481584,632,mRNA
24429,7480561,7480896,335,mRNA
24430,7478851,7480323,1472,mRNA
24431,7477182,7478792,1610,mRNA
24432,7476979,7477125,146,mRNA
24433,7474295,7474505,210,mRNA
24434,7473948,7474236,288,mRNA
24435,7473657,7473889,232,mRNA
24436,7472513,7473199,686,mRNA
24437,7495513,7496307,794,mRNA
24438,7483511,7483627,116,mRNA
24439,7482893,7483428,535,mRNA
24440,7482528,7482831,303,mRNA
24441,7481643,7482464,821,mRNA
24442,7480952,7481584,632,mRNA
24443,7480561,7480896,335,mRNA
24444,7478851,7480323,1472,mRNA
24445,7477182,7478792,1610,mRNA
24446,7476979,7477125,146,mRNA
24447,7474295,7474505,210,mRNA
24448,7473948,7474236,288,mRNA
24449,7472513,7473889,1376,mRNA
24450,7495513,7496307,794,mRNA
24451,7483511,7483627,116,mRNA
24452,7482893,7483428,535,mRNA
24453,7482528,7482831,303,mRNA
24454,7481643,7482464,821,mRNA
24455,7480952,7481584,632,mRNA
24456,7480561,7480896,335,mRNA
24457,7478851,7480326,1475,mRNA
24458,7477182,7478783,1601,mRNA
24459,7476979,7477125,146,mRNA
24460,7474295,7474505,210,mRNA
24461,7473948,7474236,288,mRNA
24462,7473298,7473889,591,mRNA
24463,7472513,7473199,686,mRNA
24464,7495513,7496307,794,mRNA
24465,7483511,7483627,116,mRNA
24466,7482893,7483428,535,mRNA
24467,7482528,7482831,303,mRNA
24468,7481643,7482464,821,mRNA
24469,7480952,7481584,632,mRNA
24470,7480561,7480896,335,mRNA
24471,7478851,7480326,1475,mRNA
24472,7477182,7478792,1610,mRNA
24473,7476979,7477125,146,mRNA
24474,7474295,7474505,210,mRNA
24475,7473948,7474236,288,mRNA
24476,7473420,7473889,469,mRNA
24477,7472513,7473199,686,mRNA
24478,7495513,7496307,794,mRNA
24479,7492185,7492226,41,mRNA
24480,7483511,7483627,116,mRNA
24481,7482893,7483428,535,mRNA
24482,7482528,7482831,303,mRNA
24483,7481643,7482464,821,mRNA
24484,7480952,7481584,632,mRNA
24485,7480561,7480896,335,mRNA
24486,7478851,7480323,1472,mRNA
24487,7477182,7478783,1601,mRNA
24488,7476979,7477125,146,mRNA
24489,7474295,7474505,210,mRNA
24490,7473948,7474236,288,mRNA
24491,7472513,7473889,1376,mRNA
24492,7495513,7496307,794,mRNA
24493,7492185,7492226,41,mRNA
24494,7483511,7483627,116,mRNA
24495,7482893,7483428,535,mRNA
24496,7482528,7482831,303,mRNA
24497,7481643,7482464,821,mRNA
24498,7480952,7481584,632,mRNA
24499,7480561,7480896,335,mRNA
24500,7478851,7480323,1472,mRNA
24501,7477182,7478792,1610,mRNA
24502,7476979,7477125,146,mRNA
24503,7474295,7474505,210,mRNA
24504,7473948,7474236,288,mRNA
24505,7472513,7473889,1376,mRNA
24506,7495513,7496307,794,mRNA
24507,7492185,7492226,41,mRNA
24508,7483511,7483627,116,mRNA
24509,7482893,7483428,535,mRNA
24510,7482528,7482831,303,mRNA
24511,7481643,7482464,821,mRNA
24512,7480952,7481584,632,mRNA
24513,7480561,7480896,335,mRNA
24514,7478851,7480326,1475,mRNA
24515,7477182,7478783,1601,mRNA
24516,7476979,7477125,146,mRNA
24517,7474295,7474505,210,mRNA
24518,7473948,7474236,288,mRNA
24519,7472513,7473889,1376,mRNA
24520,7495513,7496307,794,mRNA
24521,7492185,7492226,41,mRNA
24522,7483511,7483627,116,mRNA
24523,7482893,7483428,535,mRNA
24524,7482528,7482831,303,mRNA
24525,7481643,7482464,821,mRNA
24526,7480952,7481584,632,mRNA
24527,7480561,7480896,335,mRNA
24528,7478851,7480326,1475,mRNA
24529,7477182,7478792,1610,mRNA
24530,7476979,7477125,146,mRNA
24531,7474295,7474505,210,mRNA
24532,7473948,7474236,288,mRNA
24533,7472513,7473889,1376,mRNA
24534,7495513,7495608,95,CDS
24535,7483511,7483627,116,CDS
24536,7482893,7483428,535,CDS
24537,7482528,7482831,303,CDS
24538,7481643,7482464,821,CDS
24539,7480952,7481584,632,CDS
24540,7480561,7480896,335,CDS
24541,7478851,7480323,1472,CDS
24542,7477182,7478792,1610,CDS
24543,7476979,7477125,146,CDS
24544,7474295,7474505,210,CDS
24545,7473948,7474236,288,CDS
24546,7473657,7473889,232,CDS
24547,7473111,7473199,88,CDS
24548,7495513,7495608,95,CDS
24549,7483511,7483627,116,CDS
24550,7482893,7483428,535,CDS
24551,7482528,7482831,303,CDS
24552,7481643,7482464,821,CDS
24553,7480952,7481584,632,CDS
24554,7480561,7480896,335,CDS
24555,7478851,7480323,1472,CDS
24556,7477182,7478783,1601,CDS
24557,7476979,7477125,146,CDS
24558,7474295,7474505,210,CDS
24559,7473948,7474236,288,CDS
24560,7473646,7473889,243,CDS
24561,7495513,7495608,95,CDS
24562,7483511,7483627,116,CDS
24563,7482893,7483428,535,CDS
24564,7482528,7482831,303,CDS
24565,7481643,7482464,821,CDS
24566,7480952,7481584,632,CDS
24567,7480561,7480896,335,CDS
24568,7478851,7480323,1472,CDS
24569,7477182,7478792,1610,CDS
24570,7476979,7477125,146,CDS
24571,7474295,7474505,210,CDS
24572,7473948,7474236,288,CDS
24573,7473646,7473889,243,CDS
24574,7495513,7495608,95,CDS
24575,7483511,7483627,116,CDS
24576,7482893,7483428,535,CDS
24577,7482528,7482831,303,CDS
24578,7481643,7482464,821,CDS
24579,7480952,7481584,632,CDS
24580,7480561,7480896,335,CDS
24581,7478851,7480326,1475,CDS
24582,7477182,7478783,1601,CDS
24583,7476979,7477125,146,CDS
24584,7474295,7474505,210,CDS
24585,7473948,7474236,288,CDS
24586,7473646,7473889,243,CDS
24587,7495513,7495608,95,CDS
24588,7483511,7483627,116,CDS
24589,7482893,7483428,535,CDS
24590,7482528,7482831,303,CDS
24591,7481643,7482464,821,CDS
24592,7480952,7481584,632,CDS
24593,7480561,7480896,335,CDS
24594,7478851,7480326,1475,CDS
24595,7477182,7478792,1610,CDS
24596,7476979,7477125,146,CDS
24597,7474295,7474505,210,CDS
24598,7473948,7474236,288,CDS
24599,7473646,7473889,243,CDS
24600,7495513,7495608,95,CDS
24601,7492185,7492226,41,CDS
24602,7483511,7483627,116,CDS
24603,7482893,7483428,535,CDS
24604,7482528,7482831,303,CDS
24605,7481643,7482464,821,CDS
24606,7480952,7481584,632,CDS
24607,7480561,7480896,335,CDS
24608,7478851,7480323,1472,CDS
24609,7477182,7478783,1601,CDS
24610,7476979,7477125,146,CDS
24611,7474295,7474505,210,CDS
24612,7473948,7474236,288,CDS
24613,7473646,7473889,243,CDS
24614,7495513,7495608,95,CDS
24615,7492185,7492226,41,CDS
24616,7483511,7483627,116,CDS
24617,7482893,7483428,535,CDS
24618,7482528,7482831,303,CDS
24619,7481643,7482464,821,CDS
24620,7480952,7481584,632,CDS
24621,7480561,7480896,335,CDS
24622,7478851,7480323,1472,CDS
24623,7477182,7478792,1610,CDS
24624,7476979,7477125,146,CDS
24625,7474295,7474505,210,CDS
24626,7473948,7474236,288,CDS
24627,7473646,7473889,243,CDS
24628,7495513,7495608,95,CDS
24629,7492185,7492226,41,CDS
24630,7483511,7483627,116,CDS
24631,7482893,7483428,535,CDS
24632,7482528,7482831,303,CDS
24633,7481643,7482464,821,CDS
24634,7480952,7481584,632,CDS
24635,7480561,7480896,335,CDS
24636,7478851,7480326,1475,CDS
24637,7477182,7478783,1601,CDS
24638,7476979,7477125,146,CDS
24639,7474295,7474505,210,CDS
24640,7473948,7474236,288,CDS
24641,7473646,7473889,243,CDS
24642,7495513,7495608,95,CDS
24643,7492185,7492226,41,CDS
24644,7483511,7483627,116,CDS
24645,7482893,7483428,535,CDS
24646,7482528,7482831,303,CDS
24647,7481643,7482464,821,CDS
24648,7480952,7481584,632,CDS
24649,7480561,7480896,335,CDS
24650,7478851,7480326,1475,CDS
24651,7477182,7478792,1610,CDS
24652,7476979,7477125,146,CDS
24653,7474295,7474505,210,CDS
24654,7473948,7474236,288,CDS
24655,7473646,7473889,243,CDS
24656,7474704,7476952,2248,gene
24657,7474704,7475871,1167,mRNA
24658,7475932,7476444,512,mRNA
24659,7476579,7476711,132,mRNA
24660,7476774,7476952,178,mRNA
24661,7474704,7475871,1167,mRNA
24662,7475932,7476493,561,mRNA
24663,7474907,7475871,964,CDS
24664,7475932,7476444,512,CDS
24665,7476579,7476711,132,CDS
24666,7476774,7476839,65,CDS
24667,7474907,7475871,964,CDS
24668,7475932,7476448,516,CDS
24669,7496791,7497365,574,gene
24670,7496791,7497365,574,mRNA
24671,7496898,7497329,431,CDS
24672,7497805,7578980,81175,gene
24673,7578237,7578980,743,mRNA
24674,7536275,7536473,198,mRNA
24675,7499813,7501525,1712,mRNA
24676,7499266,7499754,488,mRNA
24677,7497805,7499180,1375,mRNA
24678,7576245,7576607,362,mRNA
24679,7568574,7568978,404,mRNA
24680,7536275,7536473,198,mRNA
24681,7499813,7501525,1712,mRNA
24682,7499266,7499754,488,mRNA
24683,7497805,7499180,1375,mRNA
24684,7575734,7576013,279,mRNA
24685,7568574,7568978,404,mRNA
24686,7536275,7536473,198,mRNA
24687,7499813,7501525,1712,mRNA
24688,7499266,7499754,488,mRNA
24689,7497805,7499180,1375,mRNA
24690,7543983,7544427,444,mRNA
24691,7536275,7536473,198,mRNA
24692,7499813,7501525,1712,mRNA
24693,7499266,7499754,488,mRNA
24694,7497805,7499180,1375,mRNA
24695,7529202,7530574,1372,mRNA
24696,7499813,7501525,1712,mRNA
24697,7499266,7499754,488,mRNA
24698,7497805,7499180,1375,mRNA
24699,7578237,7578559,322,CDS
24700,7536275,7536473,198,CDS
24701,7499813,7501525,1712,CDS
24702,7499266,7499754,488,CDS
24703,7499025,7499180,155,CDS
24704,7568574,7568818,244,CDS
24705,7536275,7536473,198,CDS
24706,7499813,7501525,1712,CDS
24707,7499266,7499754,488,CDS
24708,7499025,7499180,155,CDS
24709,7568574,7568818,244,CDS
24710,7536275,7536473,198,CDS
24711,7499813,7501525,1712,CDS
24712,7499266,7499754,488,CDS
24713,7499025,7499180,155,CDS
24714,7543983,7544056,73,CDS
24715,7536275,7536473,198,CDS
24716,7499813,7501525,1712,CDS
24717,7499266,7499754,488,CDS
24718,7499025,7499180,155,CDS
24719,7529202,7529396,194,CDS
24720,7499813,7501525,1712,CDS
24721,7499266,7499754,488,CDS
24722,7499025,7499180,155,CDS
24723,7519679,7520082,403,gene
24724,7519679,7520082,403,ncRNA
24725,7548136,7550514,2378,mobile_element
24726,7567929,7568438,509,gene
24727,7567929,7568438,509,ncRNA
24728,7579255,7579380,125,mobile_element
24729,7581924,7583333,1409,gene
24730,7581924,7581947,23,mRNA
24731,7582005,7582846,841,mRNA
24732,7582899,7583037,138,mRNA
24733,7583091,7583333,242,mRNA
24734,7581924,7581947,23,mRNA
24735,7582005,7582846,841,mRNA
24736,7582899,7583037,138,mRNA
24737,7583091,7583271,180,mRNA
24738,7581935,7581947,12,CDS
24739,7582005,7582846,841,CDS
24740,7582899,7583037,138,CDS
24741,7583091,7583233,142,CDS
24742,7581935,7581947,12,CDS
24743,7582005,7582846,841,CDS
24744,7582899,7583037,138,CDS
24745,7583091,7583233,142,CDS
24746,7604243,7604563,320,gene
24747,7604243,7604563,320,ncRNA
24748,7605600,7607701,2101,gene
24749,7605600,7605844,244,mRNA
24750,7605948,7606334,386,mRNA
24751,7606394,7606463,69,mRNA
24752,7606523,7606719,196,mRNA
24753,7606780,7607701,921,mRNA
24754,7605682,7605844,162,CDS
24755,7605948,7606334,386,CDS
24756,7606394,7606463,69,CDS
24757,7606523,7606719,196,CDS
24758,7606780,7607498,718,CDS
24759,7608389,7616533,8144,gene
24760,7608389,7608477,88,mRNA
24761,7613352,7614199,847,mRNA
24762,7614326,7614695,369,mRNA
24763,7614843,7615444,601,mRNA
24764,7615576,7615967,391,mRNA
24765,7616117,7616533,416,mRNA
24766,7608389,7608477,88,mRNA
24767,7613352,7614199,847,mRNA
24768,7614326,7614695,369,mRNA
24769,7614843,7615439,596,mRNA
24770,7615576,7615967,391,mRNA
24771,7616117,7616533,416,mRNA
24772,7613405,7614199,794,CDS
24773,7614326,7614695,369,CDS
24774,7614843,7615439,596,CDS
24775,7615576,7615967,391,CDS
24776,7616117,7616326,209,CDS
24777,7613405,7614199,794,CDS
24778,7614326,7614695,369,CDS
24779,7614843,7615444,601,CDS
24780,7615576,7615578,2,CDS
24781,7636113,7636608,495,gene
24782,7636113,7636354,241,ncRNA
24783,7636444,7636608,164,ncRNA
24784,7636951,7637324,373,gene
24785,7636951,7637324,373,ncRNA
24786,7642005,7675078,33073,gene
24787,7674439,7675078,639,mRNA
24788,7662789,7662874,85,mRNA
24789,7661698,7661774,76,mRNA
24790,7651536,7651743,207,mRNA
24791,7651238,7651474,236,mRNA
24792,7650971,7651152,181,mRNA
24793,7649304,7649514,210,mRNA
24794,7649189,7649200,11,mRNA
24795,7648958,7649083,125,mRNA
24796,7648747,7648889,142,mRNA
24797,7644924,7646010,1086,mRNA
24798,7642005,7644774,2769,mRNA
24799,7674439,7675078,639,mRNA
24800,7662789,7662874,85,mRNA
24801,7661698,7661774,76,mRNA
24802,7656000,7656463,463,mRNA
24803,7655545,7655664,119,mRNA
24804,7651536,7651743,207,mRNA
24805,7651238,7651474,236,mRNA
24806,7650971,7651152,181,mRNA
24807,7649304,7649514,210,mRNA
24808,7648958,7649083,125,mRNA
24809,7648747,7648889,142,mRNA
24810,7644924,7646010,1086,mRNA
24811,7642005,7644786,2781,mRNA
24812,7659192,7659567,375,mRNA
24813,7656000,7656463,463,mRNA
24814,7655545,7655664,119,mRNA
24815,7655054,7655221,167,mRNA
24816,7651536,7651743,207,mRNA
24817,7651238,7651474,236,mRNA
24818,7650971,7651152,181,mRNA
24819,7649304,7649514,210,mRNA
24820,7649189,7649200,11,mRNA
24821,7648958,7649083,125,mRNA
24822,7648747,7648889,142,mRNA
24823,7644924,7646010,1086,mRNA
24824,7643445,7644774,1329,mRNA
24825,7659192,7659567,375,mRNA
24826,7656679,7656742,63,mRNA
24827,7656000,7656463,463,mRNA
24828,7655545,7655664,119,mRNA
24829,7651536,7651743,207,mRNA
24830,7651238,7651474,236,mRNA
24831,7650971,7651152,181,mRNA
24832,7649304,7649514,210,mRNA
24833,7648958,7649083,125,mRNA
24834,7648747,7648889,142,mRNA
24835,7646943,7647266,323,mRNA
24836,7644924,7646010,1086,mRNA
24837,7643445,7644774,1329,mRNA
24838,7662789,7662833,44,CDS
24839,7661698,7661774,76,CDS
24840,7651536,7651743,207,CDS
24841,7651238,7651474,236,CDS
24842,7650971,7651152,181,CDS
24843,7649304,7649514,210,CDS
24844,7649189,7649200,11,CDS
24845,7648958,7649083,125,CDS
24846,7648747,7648889,142,CDS
24847,7644924,7646010,1086,CDS
24848,7643527,7644774,1247,CDS
24849,7661698,7661703,5,CDS
24850,7656000,7656463,463,CDS
24851,7655545,7655664,119,CDS
24852,7651536,7651743,207,CDS
24853,7651238,7651474,236,CDS
24854,7650971,7651152,181,CDS
24855,7649304,7649514,210,CDS
24856,7648958,7649083,125,CDS
24857,7648747,7648889,142,CDS
24858,7644924,7646010,1086,CDS
24859,7643527,7644786,1259,CDS
24860,7656000,7656100,100,CDS
24861,7655545,7655664,119,CDS
24862,7655054,7655221,167,CDS
24863,7651536,7651743,207,CDS
24864,7651238,7651474,236,CDS
24865,7650971,7651152,181,CDS
24866,7649304,7649514,210,CDS
24867,7649189,7649200,11,CDS
24868,7648958,7649083,125,CDS
24869,7648747,7648889,142,CDS
24870,7644924,7646010,1086,CDS
24871,7643527,7644774,1247,CDS
24872,7675012,7675078,66,mRNA
24873,7674439,7674856,417,mRNA
24874,7662789,7662874,85,mRNA
24875,7661698,7661774,76,mRNA
24876,7656000,7656463,463,mRNA
24877,7655545,7655664,119,mRNA
24878,7651536,7651743,207,mRNA
24879,7651238,7651474,236,mRNA
24880,7650971,7651152,181,mRNA
24881,7649304,7649514,210,mRNA
24882,7648958,7649083,125,mRNA
24883,7648747,7648889,142,mRNA
24884,7647053,7647266,213,mRNA
24885,7674439,7675078,639,mRNA
24886,7662789,7662874,85,mRNA
24887,7661698,7661774,76,mRNA
24888,7656000,7656463,463,mRNA
24889,7655545,7655664,119,mRNA
24890,7655054,7655221,167,mRNA
24891,7651536,7651743,207,mRNA
24892,7651238,7651474,236,mRNA
24893,7650971,7651152,181,mRNA
24894,7649304,7649514,210,mRNA
24895,7649189,7649200,11,mRNA
24896,7648958,7649083,125,mRNA
24897,7648747,7648889,142,mRNA
24898,7647053,7647266,213,mRNA
24899,7659192,7659567,375,mRNA
24900,7656000,7656463,463,mRNA
24901,7655545,7655664,119,mRNA
24902,7651536,7651743,207,mRNA
24903,7651238,7651474,236,mRNA
24904,7650971,7651152,181,mRNA
24905,7649304,7649514,210,mRNA
24906,7649189,7649200,11,mRNA
24907,7648958,7649083,125,mRNA
24908,7648747,7648889,142,mRNA
24909,7647053,7647266,213,mRNA
24910,7659192,7659567,375,mRNA
24911,7656000,7656463,463,mRNA
24912,7655545,7655664,119,mRNA
24913,7655054,7655221,167,mRNA
24914,7651536,7651743,207,mRNA
24915,7651238,7651474,236,mRNA
24916,7650971,7651152,181,mRNA
24917,7649304,7649514,210,mRNA
24918,7648958,7649083,125,mRNA
24919,7648747,7648889,142,mRNA
24920,7647053,7647266,213,mRNA
24921,7659192,7659567,375,mRNA
24922,7656000,7656463,463,mRNA
24923,7655545,7655664,119,mRNA
24924,7655054,7655221,167,mRNA
24925,7651536,7651743,207,mRNA
24926,7651238,7651474,236,mRNA
24927,7650971,7651152,181,mRNA
24928,7649304,7649514,210,mRNA
24929,7649189,7649200,11,mRNA
24930,7648958,7649083,125,mRNA
24931,7648747,7648889,142,mRNA
24932,7647053,7647266,213,mRNA
24933,7659192,7659567,375,mRNA
24934,7656679,7656742,63,mRNA
24935,7656000,7656463,463,mRNA
24936,7655545,7655664,119,mRNA
24937,7655054,7655221,167,mRNA
24938,7651536,7651743,207,mRNA
24939,7651238,7651474,236,mRNA
24940,7650971,7651152,181,mRNA
24941,7649304,7649514,210,mRNA
24942,7649189,7649200,11,mRNA
24943,7648958,7649083,125,mRNA
24944,7648747,7648889,142,mRNA
24945,7647053,7647266,213,mRNA
24946,7659192,7659567,375,mRNA
24947,7657185,7657235,50,mRNA
24948,7656000,7656463,463,mRNA
24949,7655545,7655664,119,mRNA
24950,7655054,7655221,167,mRNA
24951,7651536,7651743,207,mRNA
24952,7651238,7651474,236,mRNA
24953,7650971,7651152,181,mRNA
24954,7649304,7649514,210,mRNA
24955,7648958,7649083,125,mRNA
24956,7648747,7648889,142,mRNA
24957,7647053,7647266,213,mRNA
24958,7661698,7661703,5,CDS
24959,7656000,7656463,463,CDS
24960,7655545,7655664,119,CDS
24961,7651536,7651743,207,CDS
24962,7651238,7651474,236,CDS
24963,7650971,7651152,181,CDS
24964,7649304,7649514,210,CDS
24965,7648958,7649083,125,CDS
24966,7648747,7648889,142,CDS
24967,7647227,7647266,39,CDS
24968,7661698,7661703,5,CDS
24969,7656000,7656463,463,CDS
24970,7655545,7655664,119,CDS
24971,7655054,7655221,167,CDS
24972,7651536,7651743,207,CDS
24973,7651238,7651474,236,CDS
24974,7650971,7651152,181,CDS
24975,7649304,7649514,210,CDS
24976,7649189,7649200,11,CDS
24977,7648958,7649083,125,CDS
24978,7648747,7648889,142,CDS
24979,7647227,7647266,39,CDS
24980,7656000,7656100,100,CDS
24981,7655545,7655664,119,CDS
24982,7651536,7651743,207,CDS
24983,7651238,7651474,236,CDS
24984,7650971,7651152,181,CDS
24985,7649304,7649514,210,CDS
24986,7648958,7649083,125,CDS
24987,7648747,7648889,142,CDS
24988,7647227,7647266,39,CDS
24989,7656000,7656100,100,CDS
24990,7655545,7655664,119,CDS
24991,7651536,7651743,207,CDS
24992,7651238,7651474,236,CDS
24993,7650971,7651152,181,CDS
24994,7649304,7649514,210,CDS
24995,7649189,7649200,11,CDS
24996,7648958,7649083,125,CDS
24997,7648747,7648889,142,CDS
24998,7647227,7647266,39,CDS
24999,7656000,7656100,100,CDS
25000,7655545,7655664,119,CDS
25001,7655054,7655221,167,CDS
25002,7651536,7651743,207,CDS
25003,7651238,7651474,236,CDS
25004,7650971,7651152,181,CDS
25005,7649304,7649514,210,CDS
25006,7648958,7649083,125,CDS
25007,7648747,7648889,142,CDS
25008,7647227,7647266,39,CDS
25009,7656000,7656100,100,CDS
25010,7655545,7655664,119,CDS
25011,7655054,7655221,167,CDS
25012,7651536,7651743,207,CDS
25013,7651238,7651474,236,CDS
25014,7650971,7651152,181,CDS
25015,7649304,7649514,210,CDS
25016,7648958,7649083,125,CDS
25017,7648747,7648889,142,CDS
25018,7647227,7647266,39,CDS
25019,7656000,7656100,100,CDS
25020,7655545,7655664,119,CDS
25021,7655054,7655221,167,CDS
25022,7651536,7651743,207,CDS
25023,7651238,7651474,236,CDS
25024,7650971,7651152,181,CDS
25025,7649304,7649514,210,CDS
25026,7649189,7649200,11,CDS
25027,7648958,7649083,125,CDS
25028,7648747,7648889,142,CDS
25029,7647227,7647266,39,CDS
25030,7656000,7656100,100,CDS
25031,7655545,7655664,119,CDS
25032,7655054,7655221,167,CDS
25033,7651536,7651743,207,CDS
25034,7651238,7651474,236,CDS
25035,7650971,7651152,181,CDS
25036,7649304,7649514,210,CDS
25037,7649189,7649200,11,CDS
25038,7648958,7649083,125,CDS
25039,7648747,7648889,142,CDS
25040,7647227,7647266,39,CDS
25041,7666047,7689459,23412,gene
25042,7666047,7666103,56,mRNA
25043,7680608,7680871,263,mRNA
25044,7680936,7682057,1121,mRNA
25045,7682113,7682628,515,mRNA
25046,7682730,7683749,1019,mRNA
25047,7685763,7685972,209,mRNA
25048,7686027,7686325,298,mRNA
25049,7686388,7687923,1535,mRNA
25050,7687974,7688097,123,mRNA
25051,7688165,7689459,1294,mRNA
25052,7666047,7666103,56,mRNA
25053,7680608,7680871,263,mRNA
25054,7680936,7682057,1121,mRNA
25055,7682113,7682628,515,mRNA
25056,7682730,7684537,1807,mRNA
25057,7666077,7666103,26,CDS
25058,7680608,7680871,263,CDS
25059,7680936,7682057,1121,CDS
25060,7682113,7682628,515,CDS
25061,7682730,7683749,1019,CDS
25062,7685763,7685972,209,CDS
25063,7686027,7686325,298,CDS
25064,7686388,7687923,1535,CDS
25065,7687974,7688097,123,CDS
25066,7688165,7689415,1250,CDS
25067,7666077,7666103,26,CDS
25068,7680608,7680871,263,CDS
25069,7680936,7682057,1121,CDS
25070,7682113,7682628,515,CDS
25071,7682730,7683905,1175,CDS
25072,7678719,7678920,201,mRNA
25073,7680608,7680871,263,mRNA
25074,7680936,7682057,1121,mRNA
25075,7682113,7682628,515,mRNA
25076,7682730,7683749,1019,mRNA
25077,7685763,7685972,209,mRNA
25078,7686027,7686325,298,mRNA
25079,7686388,7687923,1535,mRNA
25080,7687974,7688097,123,mRNA
25081,7688165,7689459,1294,mRNA
25082,7678719,7678920,201,mRNA
25083,7680608,7680871,263,mRNA
25084,7680936,7682057,1121,mRNA
25085,7682113,7682628,515,mRNA
25086,7682730,7684537,1807,mRNA
25087,7678897,7678920,23,CDS
25088,7680608,7680871,263,CDS
25089,7680936,7682057,1121,CDS
25090,7682113,7682628,515,CDS
25091,7682730,7683749,1019,CDS
25092,7685763,7685972,209,CDS
25093,7686027,7686325,298,CDS
25094,7686388,7687923,1535,CDS
25095,7687974,7688097,123,CDS
25096,7688165,7689415,1250,CDS
25097,7678897,7678920,23,CDS
25098,7680608,7680871,263,CDS
25099,7680936,7682057,1121,CDS
25100,7682113,7682628,515,CDS
25101,7682730,7683905,1175,CDS
25102,7684482,7685341,859,gene
25103,7685023,7685341,318,ncRNA
25104,7684482,7684721,239,ncRNA
25105,7689311,7691061,1750,gene
25106,7690879,7691061,182,mRNA
25107,7690683,7690819,136,mRNA
25108,7690172,7690556,384,mRNA
25109,7689720,7690107,387,mRNA
25110,7689311,7689640,329,mRNA
25111,7690879,7691061,182,mRNA
25112,7690683,7690819,136,mRNA
25113,7690172,7690556,384,mRNA
25114,7689720,7690107,387,mRNA
25115,7689376,7689640,264,mRNA
25116,7690879,7691043,164,CDS
25117,7690683,7690819,136,CDS
25118,7690172,7690556,384,CDS
25119,7689720,7690107,387,CDS
25120,7689447,7689640,193,CDS
25121,7690879,7691043,164,CDS
25122,7690683,7690819,136,CDS
25123,7690172,7690556,384,CDS
25124,7689720,7690107,387,CDS
25125,7689447,7689640,193,CDS
25126,7691109,7692683,1574,gene
25127,7692499,7692683,184,mRNA
25128,7692320,7692447,127,mRNA
25129,7691870,7692260,390,mRNA
25130,7691426,7691813,387,mRNA
25131,7691109,7691366,257,mRNA
25132,7692499,7692669,170,CDS
25133,7692320,7692447,127,CDS
25134,7691870,7692260,390,CDS
25135,7691426,7691813,387,CDS
25136,7691155,7691366,211,CDS
25137,7693030,7693821,791,gene
25138,7693030,7693307,277,mRNA
25139,7693365,7693492,127,mRNA
25140,7693550,7693821,271,mRNA
25141,7693143,7693307,164,CDS
25142,7693365,7693492,127,CDS
25143,7693550,7693568,18,CDS
25144,7693727,7701601,7874,gene
25145,7701360,7701601,241,mRNA
25146,7699379,7700668,1289,mRNA
25147,7699055,7699316,261,mRNA
25148,7698725,7698992,267,mRNA
25149,7697401,7697581,180,mRNA
25150,7696028,7696206,178,mRNA
25151,7695073,7695971,898,mRNA
25152,7693727,7694996,1269,mRNA
25153,7701360,7701601,241,mRNA
25154,7699379,7700668,1289,mRNA
25155,7699055,7699316,261,mRNA
25156,7698725,7698992,267,mRNA
25157,7697977,7698130,153,mRNA
25158,7696028,7696206,178,mRNA
25159,7695073,7695971,898,mRNA
25160,7693727,7694996,1269,mRNA
25161,7701360,7701601,241,mRNA
25162,7699379,7700668,1289,mRNA
25163,7699055,7699316,261,mRNA
25164,7698725,7698992,267,mRNA
25165,7696594,7696807,213,mRNA
25166,7696028,7696206,178,mRNA
25167,7695073,7695971,898,mRNA
25168,7693812,7694996,1184,mRNA
25169,7701360,7701601,241,mRNA
25170,7699379,7700668,1289,mRNA
25171,7699055,7699316,261,mRNA
25172,7698725,7698992,267,mRNA
25173,7697007,7697157,150,mRNA
25174,7696028,7696206,178,mRNA
25175,7695073,7695971,898,mRNA
25176,7693812,7694996,1184,mRNA
25177,7701360,7701601,241,mRNA
25178,7699379,7700668,1289,mRNA
25179,7699055,7699316,261,mRNA
25180,7698725,7698992,267,mRNA
25181,7698374,7698551,177,mRNA
25182,7696028,7696206,178,mRNA
25183,7695073,7695971,898,mRNA
25184,7693812,7694996,1184,mRNA
25185,7701360,7701421,61,CDS
25186,7699379,7700668,1289,CDS
25187,7699055,7699316,261,CDS
25188,7698725,7698992,267,CDS
25189,7696594,7696807,213,CDS
25190,7696028,7696206,178,CDS
25191,7695073,7695971,898,CDS
25192,7693908,7694996,1088,CDS
25193,7701360,7701421,61,CDS
25194,7699379,7700668,1289,CDS
25195,7699055,7699316,261,CDS
25196,7698725,7698992,267,CDS
25197,7697007,7697157,150,CDS
25198,7696028,7696206,178,CDS
25199,7695073,7695971,898,CDS
25200,7693908,7694996,1088,CDS
25201,7701360,7701421,61,CDS
25202,7699379,7700668,1289,CDS
25203,7699055,7699316,261,CDS
25204,7698725,7698992,267,CDS
25205,7697401,7697581,180,CDS
25206,7696028,7696206,178,CDS
25207,7695073,7695971,898,CDS
25208,7693908,7694996,1088,CDS
25209,7701360,7701421,61,CDS
25210,7699379,7700668,1289,CDS
25211,7699055,7699316,261,CDS
25212,7698725,7698992,267,CDS
25213,7697977,7698130,153,CDS
25214,7696028,7696206,178,CDS
25215,7695073,7695971,898,CDS
25216,7693908,7694996,1088,CDS
25217,7701360,7701421,61,CDS
25218,7699379,7700668,1289,CDS
25219,7699055,7699316,261,CDS
25220,7698725,7698992,267,CDS
25221,7698374,7698551,177,CDS
25222,7696028,7696206,178,CDS
25223,7695073,7695971,898,CDS
25224,7693908,7694996,1088,CDS
25225,7702805,7710690,7885,gene
25226,7702805,7703232,427,mRNA
25227,7705402,7705579,177,mRNA
25228,7705641,7706119,478,mRNA
25229,7706181,7706511,330,mRNA
25230,7706567,7706850,283,mRNA
25231,7706913,7707024,111,mRNA
25232,7707088,7707234,146,mRNA
25233,7707291,7707966,675,mRNA
25234,7708028,7708159,131,mRNA
25235,7708222,7708640,418,mRNA
25236,7708710,7709057,347,mRNA
25237,7709111,7709288,177,mRNA
25238,7709346,7709701,355,mRNA
25239,7709762,7710218,456,mRNA
25240,7710288,7710690,402,mRNA
25241,7703147,7703232,85,CDS
25242,7705402,7705579,177,CDS
25243,7705641,7706119,478,CDS
25244,7706181,7706511,330,CDS
25245,7706567,7706850,283,CDS
25246,7706913,7707024,111,CDS
25247,7707088,7707234,146,CDS
25248,7707291,7707966,675,CDS
25249,7708028,7708159,131,CDS
25250,7708222,7708640,418,CDS
25251,7708710,7709057,347,CDS
25252,7709111,7709288,177,CDS
25253,7709346,7709701,355,CDS
25254,7709762,7710218,456,CDS
25255,7710288,7710514,226,CDS
25256,7708100,7710456,2356,gene
25257,7710275,7710456,181,ncRNA
25258,7709323,7709645,322,ncRNA
25259,7708723,7709042,319,ncRNA
25260,7708100,7708633,533,ncRNA
25261,7710880,7713991,3111,gene
25262,7710880,7711203,323,mRNA
25263,7711832,7712127,295,mRNA
25264,7712183,7712238,55,mRNA
25265,7712304,7712427,123,mRNA
25266,7712483,7712816,333,mRNA
25267,7712877,7713028,151,mRNA
25268,7713096,7713224,128,mRNA
25269,7713280,7713480,200,mRNA
25270,7713539,7713991,452,mRNA
25271,7711026,7711203,177,CDS
25272,7711832,7712127,295,CDS
25273,7712183,7712238,55,CDS
25274,7712304,7712427,123,CDS
25275,7712483,7712816,333,CDS
25276,7712877,7713028,151,CDS
25277,7713096,7713224,128,CDS
25278,7713280,7713480,200,CDS
25279,7713539,7713841,302,CDS
25280,7711476,7711661,185,gene
25281,7711476,7711512,36,tRNA
25282,7711626,7711661,35,tRNA
25283,7711487,7711601,114,mRNA
25284,7711832,7712127,295,mRNA
25285,7712183,7712238,55,mRNA
25286,7712304,7712427,123,mRNA
25287,7712483,7712816,333,mRNA
25288,7712877,7713028,151,mRNA
25289,7713096,7713224,128,mRNA
25290,7713280,7713480,200,mRNA
25291,7713539,7713991,452,mRNA
25292,7711568,7711601,33,CDS
25293,7711832,7712127,295,CDS
25294,7712183,7712238,55,CDS
25295,7712304,7712427,123,CDS
25296,7712483,7712816,333,CDS
25297,7712877,7713028,151,CDS
25298,7713096,7713224,128,CDS
25299,7713280,7713480,200,CDS
25300,7713539,7713841,302,CDS
25301,7713998,7716645,2647,gene
25302,7716391,7716645,254,mRNA
25303,7716085,7716216,131,mRNA
25304,7715862,7716025,163,mRNA
25305,7715728,7715804,76,mRNA
25306,7715165,7715619,454,mRNA
25307,7714895,7715043,148,mRNA
25308,7714703,7714831,128,mRNA
25309,7714433,7714639,206,mRNA
25310,7713998,7714378,380,mRNA
25311,7716391,7716645,254,mRNA
25312,7716085,7716216,131,mRNA
25313,7715862,7716025,163,mRNA
25314,7715728,7715804,76,mRNA
25315,7715165,7715619,454,mRNA
25316,7714895,7715043,148,mRNA
25317,7714703,7714831,128,mRNA
25318,7714433,7714639,206,mRNA
25319,7714069,7714378,309,mRNA
25320,7716391,7716553,162,CDS
25321,7716085,7716216,131,CDS
25322,7715862,7716025,163,CDS
25323,7715728,7715804,76,CDS
25324,7715165,7715619,454,CDS
25325,7714895,7715043,148,CDS
25326,7714703,7714831,128,CDS
25327,7714433,7714639,206,CDS
25328,7714097,7714378,281,CDS
25329,7716391,7716553,162,CDS
25330,7716085,7716216,131,CDS
25331,7715862,7716025,163,CDS
25332,7715728,7715804,76,CDS
25333,7715165,7715619,454,CDS
25334,7714895,7715043,148,CDS
25335,7714703,7714831,128,CDS
25336,7714433,7714639,206,CDS
25337,7714097,7714378,281,CDS
25338,7716974,7719487,2513,gene
25339,7719252,7719487,235,mRNA
25340,7718978,7719109,131,mRNA
25341,7718754,7718917,163,mRNA
25342,7718589,7718689,100,mRNA
25343,7718057,7718517,460,mRNA
25344,7717852,7718000,148,mRNA
25345,7717656,7717784,128,mRNA
25346,7717388,7717594,206,mRNA
25347,7716974,7717321,347,mRNA
25348,7719252,7719390,138,CDS
25349,7718978,7719109,131,CDS
25350,7718754,7718917,163,CDS
25351,7718589,7718689,100,CDS
25352,7718057,7718517,460,CDS
25353,7717852,7718000,148,CDS
25354,7717656,7717784,128,CDS
25355,7717388,7717594,206,CDS
25356,7717052,7717321,269,CDS
25357,7719847,7722823,2976,gene
25358,7722483,7722823,340,mRNA
25359,7722149,7722280,131,mRNA
25360,7721930,7722093,163,mRNA
25361,7721773,7721873,100,mRNA
25362,7721116,7721585,469,mRNA
25363,7720826,7720974,148,mRNA
25364,7720540,7720668,128,mRNA
25365,7720239,7720445,206,mRNA
25366,7719847,7720180,333,mRNA
25367,7722483,7722645,162,CDS
25368,7722149,7722280,131,CDS
25369,7721930,7722093,163,CDS
25370,7721773,7721873,100,CDS
25371,7721116,7721585,469,CDS
25372,7720826,7720974,148,CDS
25373,7720540,7720668,128,CDS
25374,7720239,7720445,206,CDS
25375,7719908,7720180,272,CDS
25376,7723045,7726298,3253,gene
25377,7725933,7726298,365,mRNA
25378,7725535,7725666,131,mRNA
25379,7725310,7725473,163,mRNA
25380,7725161,7725249,88,mRNA
25381,7724575,7725044,469,mRNA
25382,7724369,7724517,148,mRNA
25383,7724173,7724301,128,mRNA
25384,7723897,7724103,206,mRNA
25385,7723045,7723837,792,mRNA
25386,7725933,7726298,365,mRNA
25387,7725535,7725666,131,mRNA
25388,7725310,7725473,163,mRNA
25389,7725161,7725249,88,mRNA
25390,7724575,7725044,469,mRNA
25391,7724369,7724517,148,mRNA
25392,7724173,7724301,128,mRNA
25393,7723897,7724103,206,mRNA
25394,7723310,7723837,527,mRNA
25395,7725933,7726095,162,CDS
25396,7725535,7725666,131,CDS
25397,7725310,7725473,163,CDS
25398,7725161,7725249,88,CDS
25399,7724575,7725044,469,CDS
25400,7724369,7724517,148,CDS
25401,7724173,7724301,128,CDS
25402,7723897,7724103,206,CDS
25403,7723556,7723837,281,CDS
25404,7725933,7726095,162,CDS
25405,7725535,7725666,131,CDS
25406,7725310,7725473,163,CDS
25407,7725161,7725249,88,CDS
25408,7724575,7725044,469,CDS
25409,7724369,7724517,148,CDS
25410,7724173,7724301,128,CDS
25411,7723897,7724103,206,CDS
25412,7723556,7723837,281,CDS
25413,7724576,7724976,400,gene
25414,7724576,7724976,400,ncRNA
25415,7727157,7732670,5513,gene
25416,7732517,7732670,153,mRNA
25417,7730198,7730849,651,mRNA
25418,7729419,7729550,131,mRNA
25419,7729180,7729355,175,mRNA
25420,7729085,7729125,40,mRNA
25421,7728904,7729024,120,mRNA
25422,7728507,7728846,339,mRNA
25423,7728285,7728442,157,mRNA
25424,7728096,7728224,128,mRNA
25425,7727829,7728035,206,mRNA
25426,7727157,7727757,600,mRNA
25427,7732479,7732670,191,mRNA
25428,7730198,7730752,554,mRNA
25429,7729419,7729550,131,mRNA
25430,7729180,7729355,175,mRNA
25431,7729085,7729125,40,mRNA
25432,7728904,7729024,120,mRNA
25433,7728507,7728846,339,mRNA
25434,7728285,7728442,157,mRNA
25435,7728096,7728224,128,mRNA
25436,7727829,7728035,206,mRNA
25437,7727157,7727757,600,mRNA
25438,7732479,7732670,191,mRNA
25439,7730198,7730849,651,mRNA
25440,7729419,7729550,131,mRNA
25441,7729180,7729355,175,mRNA
25442,7729085,7729125,40,mRNA
25443,7728904,7729024,120,mRNA
25444,7728507,7728846,339,mRNA
25445,7728285,7728442,157,mRNA
25446,7728096,7728224,128,mRNA
25447,7727829,7728035,206,mRNA
25448,7727157,7727757,600,mRNA
25449,7732479,7732670,191,mRNA
25450,7730198,7730865,667,mRNA
25451,7729419,7729550,131,mRNA
25452,7729180,7729355,175,mRNA
25453,7729085,7729125,40,mRNA
25454,7728904,7729024,120,mRNA
25455,7728507,7728846,339,mRNA
25456,7728285,7728442,157,mRNA
25457,7728096,7728224,128,mRNA
25458,7727829,7728035,206,mRNA
25459,7727157,7727757,600,mRNA
25460,7730198,7730558,360,CDS
25461,7729419,7729550,131,CDS
25462,7729180,7729355,175,CDS
25463,7729085,7729125,40,CDS
25464,7728904,7729024,120,CDS
25465,7728507,7728846,339,CDS
25466,7728285,7728442,157,CDS
25467,7728096,7728224,128,CDS
25468,7727829,7728035,206,CDS
25469,7727497,7727757,260,CDS
25470,7730198,7730558,360,CDS
25471,7729419,7729550,131,CDS
25472,7729180,7729355,175,CDS
25473,7729085,7729125,40,CDS
25474,7728904,7729024,120,CDS
25475,7728507,7728846,339,CDS
25476,7728285,7728442,157,CDS
25477,7728096,7728224,128,CDS
25478,7727829,7728035,206,CDS
25479,7727497,7727757,260,CDS
25480,7730198,7730558,360,CDS
25481,7729419,7729550,131,CDS
25482,7729180,7729355,175,CDS
25483,7729085,7729125,40,CDS
25484,7728904,7729024,120,CDS
25485,7728507,7728846,339,CDS
25486,7728285,7728442,157,CDS
25487,7728096,7728224,128,CDS
25488,7727829,7728035,206,CDS
25489,7727497,7727757,260,CDS
25490,7730198,7730558,360,CDS
25491,7729419,7729550,131,CDS
25492,7729180,7729355,175,CDS
25493,7729085,7729125,40,CDS
25494,7728904,7729024,120,CDS
25495,7728507,7728846,339,CDS
25496,7728285,7728442,157,CDS
25497,7728096,7728224,128,CDS
25498,7727829,7728035,206,CDS
25499,7727497,7727757,260,CDS
25500,7734415,7738809,4394,gene
25501,7738619,7738809,190,mRNA
25502,7736338,7736989,651,mRNA
25503,7735559,7735690,131,mRNA
25504,7735320,7735495,175,mRNA
25505,7734415,7735206,791,mRNA
25506,7736338,7738809,2471,mRNA
25507,7735559,7735690,131,mRNA
25508,7735320,7735495,175,mRNA
25509,7734415,7735206,791,mRNA
25510,7736338,7736698,360,CDS
25511,7735559,7735690,131,CDS
25512,7735320,7735495,175,CDS
25513,7734664,7735206,542,CDS
25514,7736338,7736698,360,CDS
25515,7735559,7735690,131,CDS
25516,7735320,7735495,175,CDS
25517,7734664,7735206,542,CDS
25518,7740562,7741537,975,gene
25519,7741476,7741537,61,mRNA
25520,7740562,7741357,795,mRNA
25521,7741476,7741481,5,CDS
25522,7740956,7741357,401,CDS
25523,7743682,7744839,1157,gene
25524,7744748,7744839,91,mRNA
25525,7743682,7744630,948,mRNA
25526,7744748,7744753,5,CDS
25527,7744208,7744630,422,CDS
25528,7747275,7747874,599,gene
25529,7747275,7747420,145,mRNA
25530,7747474,7747874,400,mRNA
25531,7747381,7747420,39,CDS
25532,7747474,7747757,283,CDS
25533,7751362,7751414,52,mobile_element
25534,7752170,7753186,1016,gene
25535,7753102,7753186,84,mRNA
25536,7752170,7752814,644,mRNA
25537,7753102,7753153,51,mRNA
25538,7752170,7752814,644,mRNA
25539,7753102,7753107,5,CDS
25540,7752431,7752814,383,CDS
25541,7753102,7753107,5,CDS
25542,7752431,7752814,383,CDS
25543,7753183,7753383,200,gene
25544,7753183,7753383,200,ncRNA
25545,7754174,7765915,11741,gene
25546,7754174,7754394,220,mRNA
25547,7754461,7754549,88,mRNA
25548,7761885,7762035,150,mRNA
25549,7763310,7763444,134,mRNA
25550,7763506,7763696,190,mRNA
25551,7764541,7764687,146,mRNA
25552,7764755,7765154,399,mRNA
25553,7765214,7765915,701,mRNA
25554,7754174,7754394,220,mRNA
25555,7754461,7754549,88,mRNA
25556,7761885,7762035,150,mRNA
25557,7763310,7763444,134,mRNA
25558,7763506,7763696,190,mRNA
25559,7764541,7764687,146,mRNA
25560,7764755,7765154,399,mRNA
25561,7765214,7765716,502,mRNA
25562,7754335,7754394,59,CDS
25563,7754461,7754549,88,CDS
25564,7761885,7762035,150,CDS
25565,7763310,7763444,134,CDS
25566,7763506,7763696,190,CDS
25567,7764541,7764687,146,CDS
25568,7764755,7765154,399,CDS
25569,7765214,7765366,152,CDS
25570,7754335,7754394,59,CDS
25571,7754461,7754549,88,CDS
25572,7761885,7762035,150,CDS
25573,7763310,7763444,134,CDS
25574,7763506,7763696,190,CDS
25575,7764541,7764687,146,CDS
25576,7764755,7765154,399,CDS
25577,7765214,7765366,152,CDS
25578,7756222,7756930,708,mRNA
25579,7761885,7762035,150,mRNA
25580,7763310,7763444,134,mRNA
25581,7763506,7763696,190,mRNA
25582,7764541,7764687,146,mRNA
25583,7764755,7765154,399,mRNA
25584,7765214,7765915,701,mRNA
25585,7756317,7756930,613,CDS
25586,7761885,7762035,150,CDS
25587,7763310,7763444,134,CDS
25588,7763506,7763696,190,CDS
25589,7764541,7764687,146,CDS
25590,7764755,7765154,399,CDS
25591,7765214,7765366,152,CDS
25592,7764301,7764333,32,mRNA
25593,7764541,7764687,146,mRNA
25594,7764755,7765154,399,mRNA
25595,7765214,7765716,502,mRNA
25596,7764611,7764687,76,CDS
25597,7764755,7765154,399,CDS
25598,7765214,7765366,152,CDS
25599,7767628,7775033,7405,gene
25600,7767628,7767717,89,mRNA
25601,7771262,7771605,343,mRNA
25602,7773069,7773250,181,mRNA
25603,7773465,7773658,193,mRNA
25604,7774201,7775033,832,mRNA
25605,7767628,7767717,89,mRNA
25606,7771262,7771605,343,mRNA
25607,7773069,7773250,181,mRNA
25608,7773465,7773658,193,mRNA
25609,7774225,7775033,808,mRNA
25610,7771320,7771605,285,CDS
25611,7773069,7773250,181,CDS
25612,7773465,7773658,193,CDS
25613,7774201,7774396,195,CDS
25614,7771320,7771605,285,CDS
25615,7773069,7773250,181,CDS
25616,7773465,7773658,193,CDS
25617,7774225,7774396,171,CDS
25618,7775804,7778029,2225,gene
25619,7775804,7778029,2225,mRNA
25620,7775895,7777985,2090,CDS
25621,7780085,7781415,1330,gene
25622,7780085,7780691,606,mRNA
25623,7780761,7781415,654,mRNA
25624,7780118,7780691,573,CDS
25625,7780761,7781245,484,CDS
25626,7781465,7782760,1295,gene
25627,7781465,7781851,386,mRNA
25628,7781912,7782760,848,mRNA
25629,7781465,7781851,386,mRNA
25630,7781912,7782550,638,mRNA
25631,7781635,7781851,216,CDS
25632,7781912,7782540,628,CDS
25633,7781635,7781851,216,CDS
25634,7781912,7782540,628,CDS
25635,7782865,7786061,3196,gene
25636,7782865,7783048,183,mRNA
25637,7783299,7783921,622,mRNA
25638,7783975,7785640,1665,mRNA
25639,7785701,7786061,360,mRNA
25640,7782991,7783048,57,CDS
25641,7783299,7783921,622,CDS
25642,7783975,7785640,1665,CDS
25643,7785701,7785939,238,CDS
25644,7786160,7790557,4397,gene
25645,7790022,7790557,535,mRNA
25646,7788399,7788467,68,mRNA
25647,7788151,7788337,186,mRNA
25648,7787834,7788090,256,mRNA
25649,7787613,7787767,154,mRNA
25650,7787372,7787552,180,mRNA
25651,7787095,7787304,209,mRNA
25652,7786990,7787031,41,mRNA
25653,7786160,7786424,264,mRNA
25654,7790022,7790557,535,mRNA
25655,7788399,7788467,68,mRNA
25656,7788151,7788337,186,mRNA
25657,7787834,7788090,256,mRNA
25658,7787613,7787767,154,mRNA
25659,7787372,7787552,180,mRNA
25660,7787095,7787304,209,mRNA
25661,7786701,7787031,330,mRNA
25662,7786160,7786424,264,mRNA
25663,7790022,7790557,535,mRNA
25664,7788399,7788467,68,mRNA
25665,7788151,7788337,186,mRNA
25666,7787834,7788090,256,mRNA
25667,7787613,7787767,154,mRNA
25668,7787372,7787552,180,mRNA
25669,7787095,7787304,209,mRNA
25670,7786160,7787031,871,mRNA
25671,7790022,7790078,56,CDS
25672,7788399,7788467,68,CDS
25673,7788151,7788337,186,CDS
25674,7787834,7788090,256,CDS
25675,7787613,7787767,154,CDS
25676,7787372,7787552,180,CDS
25677,7787095,7787304,209,CDS
25678,7786990,7787031,41,CDS
25679,7786338,7786424,86,CDS
25680,7790022,7790078,56,CDS
25681,7788399,7788467,68,CDS
25682,7788151,7788337,186,CDS
25683,7787834,7788090,256,CDS
25684,7787613,7787767,154,CDS
25685,7787372,7787552,180,CDS
25686,7787095,7787304,209,CDS
25687,7786900,7787031,131,CDS
25688,7790022,7790078,56,CDS
25689,7788399,7788467,68,CDS
25690,7788151,7788337,186,CDS
25691,7787834,7788090,256,CDS
25692,7787613,7787767,154,CDS
25693,7787372,7787552,180,CDS
25694,7787095,7787304,209,CDS
25695,7786900,7787031,131,CDS
25696,7791175,7795959,4784,gene
25697,7795775,7795959,184,mRNA
25698,7795510,7795653,143,mRNA
25699,7794592,7794768,176,mRNA
25700,7794148,7794526,378,mRNA
25701,7793509,7794083,574,mRNA
25702,7792175,7793330,1155,mRNA
25703,7791939,7792115,176,mRNA
25704,7791175,7791876,701,mRNA
25705,7795775,7795959,184,mRNA
25706,7795510,7795653,143,mRNA
25707,7794592,7794768,176,mRNA
25708,7794148,7794526,378,mRNA
25709,7793509,7794083,574,mRNA
25710,7792175,7793330,1155,mRNA
25711,7791939,7792115,176,mRNA
25712,7791406,7791876,470,mRNA
25713,7795775,7795834,59,CDS
25714,7795510,7795653,143,CDS
25715,7794592,7794768,176,CDS
25716,7794148,7794526,378,CDS
25717,7793509,7794083,574,CDS
25718,7792175,7793330,1155,CDS
25719,7791939,7792115,176,CDS
25720,7791758,7791876,118,CDS
25721,7795775,7795834,59,CDS
25722,7795510,7795653,143,CDS
25723,7794592,7794768,176,CDS
25724,7794148,7794526,378,CDS
25725,7793509,7794083,574,CDS
25726,7792175,7793330,1155,CDS
25727,7791939,7792115,176,CDS
25728,7791758,7791876,118,CDS
25729,7795849,7796260,411,gene
25730,7795849,7796260,411,ncRNA
25731,7796314,7800058,3744,gene
25732,7799309,7800058,749,mRNA
25733,7798163,7798623,460,mRNA
25734,7797397,7797732,335,mRNA
25735,7796314,7797326,1012,mRNA
25736,7799309,7799847,538,mRNA
25737,7798163,7798623,460,mRNA
25738,7797397,7797732,335,mRNA
25739,7796546,7797326,780,mRNA
25740,7799309,7799512,203,CDS
25741,7798163,7798623,460,CDS
25742,7797397,7797732,335,CDS
25743,7796930,7797326,396,CDS
25744,7799309,7799512,203,CDS
25745,7798163,7798623,460,CDS
25746,7797397,7797732,335,CDS
25747,7796930,7797326,396,CDS
25748,7800147,7802098,1951,gene
25749,7800147,7800252,105,mRNA
25750,7800346,7800647,301,mRNA
25751,7800721,7802098,1377,mRNA
25752,7800147,7800647,500,mRNA
25753,7800721,7801575,854,mRNA
25754,7800382,7800647,265,mRNA
25755,7800721,7801575,854,mRNA
25756,7800503,7800647,144,CDS
25757,7800721,7801511,790,CDS
25758,7800503,7800647,144,CDS
25759,7800721,7801511,790,CDS
25760,7800503,7800647,144,CDS
25761,7800721,7801511,790,CDS
25762,7801668,7810703,9035,gene
25763,7810162,7810703,541,mRNA
25764,7806990,7807092,102,mRNA
25765,7806657,7806922,265,mRNA
25766,7805853,7806523,670,mRNA
25767,7805060,7805788,728,mRNA
25768,7804571,7804918,347,mRNA
25769,7801668,7803576,1908,mRNA
25770,7810162,7810703,541,mRNA
25771,7806990,7807092,102,mRNA
25772,7806657,7806922,265,mRNA
25773,7805853,7806523,670,mRNA
25774,7805060,7805788,728,mRNA
25775,7804571,7804915,344,mRNA
25776,7802415,7803043,628,mRNA
25777,7810162,7810703,541,mRNA
25778,7806990,7807092,102,mRNA
25779,7806657,7806922,265,mRNA
25780,7805853,7806523,670,mRNA
25781,7805060,7805788,728,mRNA
25782,7804571,7804915,344,mRNA
25783,7802415,7803743,1328,mRNA
25784,7810162,7810703,541,mRNA
25785,7806990,7807092,102,mRNA
25786,7806657,7806922,265,mRNA
25787,7805853,7806523,670,mRNA
25788,7805060,7805788,728,mRNA
25789,7804571,7804918,347,mRNA
25790,7802415,7803576,1161,mRNA
25791,7806990,7807044,54,CDS
25792,7806657,7806922,265,CDS
25793,7805853,7806523,670,CDS
25794,7805060,7805788,728,CDS
25795,7804571,7804918,347,CDS
25796,7802487,7803576,1089,CDS
25797,7806990,7807044,54,CDS
25798,7806657,7806922,265,CDS
25799,7805853,7806523,670,CDS
25800,7805060,7805788,728,CDS
25801,7804571,7804918,347,CDS
25802,7802487,7803576,1089,CDS
25803,7806990,7807044,54,CDS
25804,7806657,7806922,265,CDS
25805,7805853,7806523,670,CDS
25806,7805060,7805788,728,CDS
25807,7804571,7804915,344,CDS
25808,7803028,7803043,15,CDS
25809,7806990,7807044,54,CDS
25810,7806657,7806922,265,CDS
25811,7805853,7806523,670,CDS
25812,7805060,7805788,728,CDS
25813,7804571,7804915,344,CDS
25814,7803707,7803743,36,CDS
25815,7810162,7810703,541,mRNA
25816,7806990,7807092,102,mRNA
25817,7806657,7806922,265,mRNA
25818,7805853,7806523,670,mRNA
25819,7805060,7805788,728,mRNA
25820,7803925,7804918,993,mRNA
25821,7806990,7807044,54,CDS
25822,7806657,7806922,265,CDS
25823,7805853,7806523,670,CDS
25824,7805060,7805788,728,CDS
25825,7804567,7804918,351,CDS
25826,7811438,7820771,9333,gene
25827,7811438,7811772,334,mRNA
25828,7814576,7814651,75,mRNA
25829,7814811,7817656,2845,mRNA
25830,7817733,7820400,2667,mRNA
25831,7820462,7820771,309,mRNA
25832,7814354,7814400,46,mRNA
25833,7814576,7814651,75,mRNA
25834,7814811,7817656,2845,mRNA
25835,7817733,7820400,2667,mRNA
25836,7820462,7820771,309,mRNA
25837,7814948,7817656,2708,CDS
25838,7817733,7820390,2657,CDS
25839,7814948,7817656,2708,CDS
25840,7817733,7820390,2657,CDS
25841,7821034,7821343,309,gene
25842,7821034,7821343,309,ncRNA
25843,7821151,7825350,4199,gene
25844,7821151,7821308,157,mRNA
25845,7822923,7823100,177,mRNA
25846,7823452,7824028,576,mRNA
25847,7824088,7824351,263,mRNA
25848,7824428,7824480,52,mRNA
25849,7824580,7825350,770,mRNA
25850,7821151,7821308,157,mRNA
25851,7822929,7823100,171,mRNA
25852,7823452,7824028,576,mRNA
25853,7824088,7824351,263,mRNA
25854,7824428,7824480,52,mRNA
25855,7824580,7825350,770,mRNA
25856,7821269,7821308,39,CDS
25857,7822923,7823100,177,CDS
25858,7823452,7824028,576,CDS
25859,7824088,7824351,263,CDS
25860,7824428,7824480,52,CDS
25861,7824580,7824883,303,CDS
25862,7821269,7821308,39,CDS
25863,7822929,7823100,171,CDS
25864,7823452,7824028,576,CDS
25865,7824088,7824351,263,CDS
25866,7824428,7824480,52,CDS
25867,7824580,7824883,303,CDS
25868,7821535,7822056,521,mRNA
25869,7822642,7823100,458,mRNA
25870,7823452,7824028,576,mRNA
25871,7824088,7824351,263,mRNA
25872,7824428,7824480,52,mRNA
25873,7824580,7825350,770,mRNA
25874,7821535,7822056,521,mRNA
25875,7822676,7823100,424,mRNA
25876,7823452,7824028,576,mRNA
25877,7824088,7824351,263,mRNA
25878,7824428,7824480,52,mRNA
25879,7824580,7825350,770,mRNA
25880,7821535,7821648,113,mRNA
25881,7822642,7823100,458,mRNA
25882,7823452,7824028,576,mRNA
25883,7824088,7824351,263,mRNA
25884,7824428,7824480,52,mRNA
25885,7824580,7825350,770,mRNA
25886,7822724,7823100,376,CDS
25887,7823452,7824028,576,CDS
25888,7824088,7824351,263,CDS
25889,7824428,7824480,52,CDS
25890,7824580,7824883,303,CDS
25891,7822724,7823100,376,CDS
25892,7823452,7824028,576,CDS
25893,7824088,7824351,263,CDS
25894,7824428,7824480,52,CDS
25895,7824580,7824883,303,CDS
25896,7822724,7823100,376,CDS
25897,7823452,7824028,576,CDS
25898,7824088,7824351,263,CDS
25899,7824428,7824480,52,CDS
25900,7824580,7824883,303,CDS
25901,7825347,7827315,1968,gene
25902,7827061,7827246,185,mRNA
25903,7826770,7826981,211,mRNA
25904,7825347,7826336,989,mRNA
25905,7827061,7827315,254,mRNA
25906,7826770,7826981,211,mRNA
25907,7825629,7826336,707,mRNA
25908,7827061,7827246,185,mRNA
25909,7826770,7826981,211,mRNA
25910,7825629,7826336,707,mRNA
25911,7827061,7827246,185,mRNA
25912,7826534,7826981,447,mRNA
25913,7825629,7826336,707,mRNA
25914,7827061,7827169,108,CDS
25915,7826770,7826981,211,CDS
25916,7825701,7826336,635,CDS
25917,7827061,7827169,108,CDS
25918,7826770,7826981,211,CDS
25919,7825701,7826336,635,CDS
25920,7827061,7827169,108,CDS
25921,7826770,7826981,211,CDS
25922,7825701,7826336,635,CDS
25923,7827061,7827169,108,CDS
25924,7826761,7826981,220,CDS
25925,7827650,7833576,5926,gene
25926,7827650,7828153,503,mRNA
25927,7830462,7831025,563,mRNA
25928,7831469,7831659,190,mRNA
25929,7831734,7833576,1842,mRNA
25930,7827793,7828153,360,mRNA
25931,7830462,7831025,563,mRNA
25932,7831469,7831659,190,mRNA
25933,7831734,7832668,934,mRNA
25934,7827793,7828153,360,mRNA
25935,7830462,7831025,563,mRNA
25936,7831469,7831659,190,mRNA
25937,7831734,7832124,390,mRNA
25938,7828052,7828153,101,CDS
25939,7830462,7831025,563,CDS
25940,7831469,7831659,190,CDS
25941,7831734,7831806,72,CDS
25942,7828052,7828153,101,CDS
25943,7830462,7831025,563,CDS
25944,7831469,7831659,190,CDS
25945,7831734,7831806,72,CDS
25946,7828052,7828153,101,CDS
25947,7830462,7831025,563,CDS
25948,7831469,7831659,190,CDS
25949,7831734,7831806,72,CDS
25950,7839777,7840414,637,gene
25951,7839777,7840414,637,exon
25952,7840452,7841262,810,gene
25953,7840452,7841262,810,mRNA
25954,7840539,7841150,611,CDS
25955,7844905,7855475,10570,gene
25956,7855024,7855475,451,mRNA
25957,7852957,7853366,409,mRNA
25958,7851407,7851740,333,mRNA
25959,7850306,7850539,233,mRNA
25960,7848999,7849589,590,mRNA
25961,7847805,7848849,1044,mRNA
25962,7844905,7847664,2759,mRNA
25963,7855024,7855255,231,mRNA
25964,7852957,7853366,409,mRNA
25965,7851407,7851740,333,mRNA
25966,7850306,7850539,233,mRNA
25967,7848999,7849589,590,mRNA
25968,7847805,7848849,1044,mRNA
25969,7844905,7847664,2759,mRNA
25970,7852957,7853301,344,CDS
25971,7851407,7851740,333,CDS
25972,7850306,7850539,233,CDS
25973,7848999,7849589,590,CDS
25974,7847805,7848849,1044,CDS
25975,7846818,7847664,846,CDS
25976,7852957,7853301,344,CDS
25977,7851407,7851740,333,CDS
25978,7850306,7850539,233,CDS
25979,7848999,7849589,590,CDS
25980,7847805,7848849,1044,CDS
25981,7846818,7847664,846,CDS
25982,7857077,7860120,3043,gene
25983,7857077,7860120,3043,mRNA
25984,7857077,7858136,1059,mRNA
25985,7857121,7857878,757,CDS
25986,7857121,7857878,757,CDS
25987,7857957,7860839,2882,gene
25988,7860683,7860839,156,mRNA
25989,7860381,7860601,220,mRNA
25990,7857957,7858924,967,mRNA
25991,7860683,7860700,17,CDS
25992,7860381,7860601,220,CDS
25993,7858570,7858924,354,CDS
25994,7864642,7871432,6790,gene
25995,7871171,7871432,261,mRNA
25996,7870267,7870473,206,mRNA
25997,7864642,7866149,1507,mRNA
25998,7871171,7871341,170,mRNA
25999,7870267,7870473,206,mRNA
26000,7864642,7866149,1507,mRNA
26001,7870267,7870443,176,CDS
26002,7865904,7866149,245,CDS
26003,7870267,7870443,176,CDS
26004,7865904,7866149,245,CDS
26005,7871978,7872367,389,gene
26006,7871978,7872367,389,ncRNA
26007,7872849,7872919,70,gene
26008,7872849,7872919,70,tRNA
26009,7873495,7879552,6057,gene
26010,7878207,7879552,1345,mRNA
26011,7876031,7876164,133,mRNA
26012,7875213,7875337,124,mRNA
26013,7874032,7874511,479,mRNA
26014,7873495,7873961,466,mRNA
26015,7878207,7879146,939,CDS
26016,7876031,7876164,133,CDS
26017,7875213,7875337,124,CDS
26018,7874032,7874511,479,CDS
26019,7873805,7873961,156,CDS
26020,7883282,7887513,4231,gene
26021,7886928,7887513,585,mRNA
26022,7886535,7886697,162,mRNA
26023,7886308,7886470,162,mRNA
26024,7884655,7884788,133,mRNA
26025,7883911,7884581,670,mRNA
26026,7883282,7883828,546,mRNA
26027,7886928,7887513,585,mRNA
26028,7886535,7886697,162,mRNA
26029,7886308,7886470,162,mRNA
26030,7884655,7884788,133,mRNA
26031,7883911,7884581,670,mRNA
26032,7883471,7883828,357,mRNA
26033,7886928,7887052,124,CDS
26034,7886535,7886697,162,CDS
26035,7886308,7886470,162,CDS
26036,7884655,7884788,133,CDS
26037,7883911,7884581,670,CDS
26038,7883537,7883828,291,CDS
26039,7886928,7887052,124,CDS
26040,7886535,7886697,162,CDS
26041,7886308,7886470,162,CDS
26042,7884655,7884788,133,CDS
26043,7883911,7884581,670,CDS
26044,7883537,7883828,291,CDS
26045,7884930,7885450,520,gene
26046,7884930,7885450,520,mRNA
26047,7885059,7885343,284,CDS
26048,7885503,7886109,606,gene
26049,7885503,7885804,301,mRNA
26050,7885877,7886109,232,mRNA
26051,7885649,7885804,155,CDS
26052,7885877,7885975,98,CDS
26053,7887693,7889129,1436,gene
26054,7889100,7889129,29,mRNA
26055,7888205,7889043,838,mRNA
26056,7887988,7888150,162,mRNA
26057,7887693,7887930,237,mRNA
26058,7887744,7887787,43,mobile_element
26059,7889100,7889112,12,CDS
26060,7888205,7889043,838,CDS
26061,7887988,7888150,162,CDS
26062,7887791,7887930,139,CDS
26063,7889288,7890704,1416,gene
26064,7890662,7890704,42,mRNA
26065,7889775,7890592,817,mRNA
26066,7889559,7889721,162,mRNA
26067,7889288,7889492,204,mRNA
26068,7890662,7890692,30,CDS
26069,7889775,7890592,817,CDS
26070,7889559,7889721,162,CDS
26071,7889371,7889492,121,CDS
26072,7891187,7984196,93009,gene
26073,7984131,7984196,65,mRNA
26074,7975189,7976685,1496,mRNA
26075,7891187,7896754,5567,mRNA
26076,7984127,7984196,69,mRNA
26077,7975189,7977024,1835,mRNA
26078,7892325,7896754,4429,mRNA
26079,7975189,7977963,2774,mRNA
26080,7892325,7896754,4429,mRNA
26081,7975189,7977065,1876,mRNA
26082,7893431,7896754,3323,mRNA
26083,7975189,7976190,1001,CDS
26084,7894085,7896754,2669,CDS
26085,7975189,7976190,1001,CDS
26086,7894085,7896754,2669,CDS
26087,7975189,7976190,1001,CDS
26088,7894085,7896754,2669,CDS
26089,7975189,7976190,1001,CDS
26090,7894085,7896754,2669,CDS
26091,7959095,7960450,1355,mobile_element
26092,7977135,7984051,6916,mobile_element
26093,7983946,7986785,2839,gene
26094,7983946,7984238,292,mRNA
26095,7984541,7984810,269,mRNA
26096,7985553,7985768,215,mRNA
26097,7985834,7986084,250,mRNA
26098,7986139,7986785,646,mRNA
26099,7984768,7984810,42,CDS
26100,7985553,7985768,215,CDS
26101,7985834,7986084,250,CDS
26102,7986139,7986705,566,CDS
26103,7985275,7985493,218,mRNA
26104,7985553,7985768,215,mRNA
26105,7985834,7986075,241,mRNA
26106,7986139,7986785,646,mRNA
26107,7985283,7985441,158,mRNA
26108,7985553,7985768,215,mRNA
26109,7985834,7986075,241,mRNA
26110,7986139,7986785,646,mRNA
26111,7985283,7985433,150,mRNA
26112,7985553,7985768,215,mRNA
26113,7985834,7986075,241,mRNA
26114,7986139,7986785,646,mRNA
26115,7985675,7985768,93,CDS
26116,7985834,7986075,241,CDS
26117,7986139,7986705,566,CDS
26118,7985675,7985768,93,CDS
26119,7985834,7986075,241,CDS
26120,7986139,7986705,566,CDS
26121,7985675,7985768,93,CDS
26122,7985834,7986075,241,CDS
26123,7986139,7986705,566,CDS
26124,7986786,7994184,7398,gene
26125,7994110,7994184,74,mRNA
26126,7991358,7991619,261,mRNA
26127,7989243,7989551,308,mRNA
26128,7988393,7989177,784,mRNA
26129,7986786,7988327,1541,mRNA
26130,7993841,7994184,343,mRNA
26131,7991358,7991619,261,mRNA
26132,7989243,7989551,308,mRNA
26133,7988393,7989177,784,mRNA
26134,7987113,7988327,1214,mRNA
26135,7993352,7993577,225,mRNA
26136,7991358,7991619,261,mRNA
26137,7989243,7989551,308,mRNA
26138,7988393,7989177,784,mRNA
26139,7987113,7988327,1214,mRNA
26140,7993135,7993216,81,mRNA
26141,7991358,7991619,261,mRNA
26142,7989243,7989551,308,mRNA
26143,7988393,7989177,784,mRNA
26144,7987113,7988327,1214,mRNA
26145,7991358,7991580,222,mRNA
26146,7989243,7989551,308,mRNA
26147,7988393,7989177,784,mRNA
26148,7987113,7988327,1214,mRNA
26149,7991358,7991480,122,CDS
26150,7989243,7989551,308,CDS
26151,7988393,7989177,784,CDS
26152,7987877,7988327,450,CDS
26153,7991358,7991480,122,CDS
26154,7989243,7989551,308,CDS
26155,7988393,7989177,784,CDS
26156,7987877,7988327,450,CDS
26157,7991358,7991480,122,CDS
26158,7989243,7989551,308,CDS
26159,7988393,7989177,784,CDS
26160,7987877,7988327,450,CDS
26161,7991358,7991480,122,CDS
26162,7989243,7989551,308,CDS
26163,7988393,7989177,784,CDS
26164,7987877,7988327,450,CDS
26165,7991358,7991480,122,CDS
26166,7989243,7989551,308,CDS
26167,7988393,7989177,784,CDS
26168,7987877,7988327,450,CDS
26169,7991358,7991580,222,mRNA
26170,7990964,7991259,295,mRNA
26171,7991358,7991480,122,CDS
26172,7991119,7991259,140,CDS
26173,7994388,7998151,3763,gene
26174,7997361,7997704,343,mRNA
26175,7996114,7996810,696,mRNA
26176,7995756,7996053,297,mRNA
26177,7995412,7995691,279,mRNA
26178,7994388,7995346,958,mRNA
26179,7994798,7996494,1696,gene
26180,7994798,7995339,541,ncRNA
26181,7995398,7996494,1096,ncRNA
26182,7998067,7998151,84,mRNA
26183,7997361,7997761,400,mRNA
26184,7996114,7996810,696,mRNA
26185,7995756,7996053,297,mRNA
26186,7995412,7995691,279,mRNA
26187,7994838,7995346,508,mRNA
26188,7997361,7997704,343,mRNA
26189,7996114,7996810,696,mRNA
26190,7995756,7996053,297,mRNA
26191,7995412,7995691,279,mRNA
26192,7994838,7995346,508,mRNA
26193,7996114,7996752,638,CDS
26194,7995756,7996053,297,CDS
26195,7995412,7995691,279,CDS
26196,7995007,7995346,339,CDS
26197,7996114,7996752,638,CDS
26198,7995756,7996053,297,CDS
26199,7995412,7995691,279,CDS
26200,7995007,7995346,339,CDS
26201,7996114,7996752,638,CDS
26202,7995756,7996053,297,CDS
26203,7995412,7995691,279,CDS
26204,7995007,7995346,339,CDS
26205,7998869,7999676,807,gene
26206,7998869,7999167,298,mRNA
26207,7999249,7999676,427,mRNA
26208,7998946,7999167,221,mRNA
26209,7999249,7999676,427,mRNA
26210,7999113,7999167,54,CDS
26211,7999249,7999550,301,CDS
26212,7999113,7999167,54,CDS
26213,7999249,7999550,301,CDS
26214,7999670,8004286,4616,gene
26215,8004097,8004286,189,mRNA
26216,8003525,8004034,509,mRNA
26217,8003284,8003463,179,mRNA
26218,8000304,8000433,129,mRNA
26219,8000108,8000236,128,mRNA
26220,7999777,8000032,255,mRNA
26221,7999670,7999714,44,mRNA
26222,8004097,8004286,189,mRNA
26223,8003525,8004034,509,mRNA
26224,8003284,8003463,179,mRNA
26225,8000304,8000433,129,mRNA
26226,8000108,8000236,128,mRNA
26227,7999670,8000032,362,mRNA
26228,8004097,8004188,91,CDS
26229,8003525,8004034,509,CDS
26230,8003284,8003463,179,CDS
26231,8000304,8000433,129,CDS
26232,8000108,8000236,128,CDS
26233,7999844,8000032,188,CDS
26234,8004097,8004188,91,CDS
26235,8003525,8004034,509,CDS
26236,8003284,8003463,179,CDS
26237,8000304,8000433,129,CDS
26238,8000108,8000236,128,CDS
26239,7999844,8000032,188,CDS
26240,8004548,8007210,2662,gene
26241,8006432,8007210,778,mRNA
26242,8004548,8005560,1012,mRNA
26243,8006432,8007132,700,CDS
26244,8004651,8005560,909,CDS
26245,8008302,8009477,1175,gene
26246,8009256,8009477,221,mRNA
26247,8008948,8009195,247,mRNA
26248,8008718,8008873,155,mRNA
26249,8008302,8008652,350,mRNA
26250,8009256,8009477,221,mRNA
26251,8008948,8009195,247,mRNA
26252,8008718,8008891,173,mRNA
26253,8008321,8008652,331,mRNA
26254,8009256,8009459,203,CDS
26255,8008948,8009195,247,CDS
26256,8008718,8008873,155,CDS
26257,8008442,8008652,210,CDS
26258,8009256,8009459,203,CDS
26259,8008948,8009195,247,CDS
26260,8008718,8008891,173,CDS
26261,8008442,8008652,210,CDS
26262,8009603,8010652,1049,gene
26263,8010444,8010652,208,mRNA
26264,8010135,8010379,244,mRNA
26265,8009905,8010078,173,mRNA
26266,8009603,8009850,247,mRNA
26267,8010444,8010635,191,CDS
26268,8010135,8010379,244,CDS
26269,8009905,8010078,173,CDS
26270,8009625,8009850,225,CDS
26271,8011405,8026898,15493,gene
26272,8011405,8011883,478,mRNA
26273,8024517,8026483,1966,mRNA
26274,8026548,8026898,350,mRNA
26275,8011745,8011883,138,CDS
26276,8024517,8026483,1966,CDS
26277,8026548,8026772,224,CDS
26278,8012772,8013103,331,mRNA
26279,8024517,8026483,1966,mRNA
26280,8026548,8026849,301,mRNA
26281,8012989,8013103,114,CDS
26282,8024517,8026483,1966,CDS
26283,8026548,8026772,224,CDS
26284,8013669,8018814,5145,mobile_element
26285,8018860,8023579,4719,mobile_element
26286,8026914,8039788,12874,gene
26287,8039736,8039788,52,mRNA
26288,8028643,8028920,277,mRNA
26289,8028014,8028176,162,mRNA
26290,8027308,8027939,631,mRNA
26291,8026914,8027241,327,mRNA
26292,8039702,8039788,86,mRNA
26293,8028643,8028925,282,mRNA
26294,8028014,8028176,162,mRNA
26295,8027308,8027939,631,mRNA
26296,8026914,8027241,327,mRNA
26297,8028238,8028379,141,mRNA
26298,8028014,8028176,162,mRNA
26299,8027308,8027939,631,mRNA
26300,8026914,8027241,327,mRNA
26301,8028643,8028691,48,CDS
26302,8028014,8028176,162,CDS
26303,8027308,8027939,631,CDS
26304,8027009,8027241,232,CDS
26305,8028643,8028691,48,CDS
26306,8028014,8028176,162,CDS
26307,8027308,8027939,631,CDS
26308,8027009,8027241,232,CDS
26309,8028238,8028379,141,CDS
26310,8028014,8028176,162,CDS
26311,8027308,8027939,631,CDS
26312,8027009,8027241,232,CDS
26313,8029462,8030565,1103,gene
26314,8029462,8029733,271,mRNA
26315,8029816,8030565,749,mRNA
26316,8029462,8029733,271,mRNA
26317,8029816,8030150,334,mRNA
26318,8029608,8029733,125,CDS
26319,8029816,8029962,146,CDS
26320,8029608,8029733,125,CDS
26321,8029816,8029962,146,CDS
26322,8030721,8040826,10105,gene
26323,8030721,8030839,118,mRNA
26324,8032060,8032641,581,mRNA
26325,8035821,8036298,477,mRNA
26326,8036358,8036576,218,mRNA
26327,8037090,8040826,3736,mRNA
26328,8030721,8031035,314,mRNA
26329,8032060,8032641,581,mRNA
26330,8035821,8036298,477,mRNA
26331,8036358,8036576,218,mRNA
26332,8037090,8038498,1408,mRNA
26333,8030721,8030839,118,mRNA
26334,8032060,8032641,581,mRNA
26335,8035821,8036298,477,mRNA
26336,8036358,8036576,218,mRNA
26337,8036837,8036893,56,mRNA
26338,8037090,8038453,1363,mRNA
26339,8030721,8030839,118,mRNA
26340,8032060,8032641,581,mRNA
26341,8035821,8036298,477,mRNA
26342,8036382,8036576,194,mRNA
26343,8037090,8038453,1363,mRNA
26344,8030723,8031308,585,mRNA
26345,8032060,8032641,581,mRNA
26346,8035821,8036298,477,mRNA
26347,8036358,8036576,218,mRNA
26348,8037090,8038498,1408,mRNA
26349,8031010,8031308,298,mRNA
26350,8032060,8032641,581,mRNA
26351,8035821,8036298,477,mRNA
26352,8036358,8036576,218,mRNA
26353,8036843,8036893,50,mRNA
26354,8037090,8040826,3736,mRNA
26355,8031010,8031575,565,mRNA
26356,8032060,8032641,581,mRNA
26357,8035821,8036298,477,mRNA
26358,8036358,8036576,218,mRNA
26359,8037090,8038498,1408,mRNA
26360,8032258,8032641,383,CDS
26361,8035821,8036298,477,CDS
26362,8036358,8036576,218,CDS
26363,8036837,8036893,56,CDS
26364,8037090,8038201,1111,CDS
26365,8032258,8032641,383,CDS
26366,8035821,8036298,477,CDS
26367,8036358,8036576,218,CDS
26368,8036843,8036893,50,CDS
26369,8037090,8038201,1111,CDS
26370,8032258,8032641,383,CDS
26371,8035821,8036298,477,CDS
26372,8036358,8036576,218,CDS
26373,8037090,8038201,1111,CDS
26374,8032258,8032641,383,CDS
26375,8035821,8036298,477,CDS
26376,8036358,8036576,218,CDS
26377,8037090,8038201,1111,CDS
26378,8032258,8032641,383,CDS
26379,8035821,8036298,477,CDS
26380,8036358,8036576,218,CDS
26381,8037090,8038201,1111,CDS
26382,8032258,8032641,383,CDS
26383,8035821,8036298,477,CDS
26384,8036358,8036576,218,CDS
26385,8037090,8038201,1111,CDS
26386,8032258,8032641,383,CDS
26387,8035821,8036298,477,CDS
26388,8036382,8036576,194,CDS
26389,8037090,8038201,1111,CDS
26390,8041106,8041879,773,gene
26391,8041106,8041193,87,mRNA
26392,8041253,8041698,445,mRNA
26393,8041759,8041879,120,mRNA
26394,8041149,8041193,44,CDS
26395,8041253,8041698,445,CDS
26396,8041759,8041798,39,CDS
26397,8041873,8042909,1036,gene
26398,8042823,8042909,86,mRNA
26399,8042440,8042613,173,mRNA
26400,8041873,8042125,252,mRNA
26401,8042823,8042859,36,mRNA
26402,8042440,8042613,173,mRNA
26403,8041880,8042125,245,mRNA
26404,8042823,8042825,2,CDS
26405,8042440,8042613,173,CDS
26406,8041988,8042125,137,CDS
26407,8042823,8042825,2,CDS
26408,8042440,8042613,173,CDS
26409,8041988,8042125,137,CDS
26410,8042189,8042350,161,gene
26411,8042189,8042350,161,ncRNA
26412,8043471,8054326,10855,gene
26413,8043471,8044071,600,mRNA
26414,8044362,8044778,416,mRNA
26415,8044847,8046769,1922,mRNA
26416,8046824,8049217,2393,mRNA
26417,8049280,8051698,2418,mRNA
26418,8051880,8054326,2446,mRNA
26419,8043471,8044071,600,mRNA
26420,8044847,8046769,1922,mRNA
26421,8046824,8049217,2393,mRNA
26422,8049280,8051698,2418,mRNA
26423,8051880,8054326,2446,mRNA
26424,8043715,8044071,356,CDS
26425,8044362,8044778,416,CDS
26426,8044847,8046769,1922,CDS
26427,8046824,8049217,2393,CDS
26428,8049280,8051698,2418,CDS
26429,8051880,8053048,1168,CDS
26430,8043715,8044071,356,CDS
26431,8044847,8046769,1922,CDS
26432,8046824,8049217,2393,CDS
26433,8049280,8051698,2418,CDS
26434,8051880,8053048,1168,CDS
26435,8051765,8051802,37,mobile_element
26436,8054322,8071624,17302,gene
26437,8071448,8071624,176,mRNA
26438,8071172,8071266,94,mRNA
26439,8070636,8071048,412,mRNA
26440,8068214,8070380,2166,mRNA
26441,8067625,8068152,527,mRNA
26442,8061570,8067555,5985,mRNA
26443,8061308,8061512,204,mRNA
26444,8060566,8061258,692,mRNA
26445,8058841,8060504,1663,mRNA
26446,8058302,8058784,482,mRNA
26447,8056309,8058244,1935,mRNA
26448,8054657,8056253,1596,mRNA
26449,8054322,8054593,271,mRNA
26450,8071448,8071624,176,mRNA
26451,8071172,8071266,94,mRNA
26452,8070636,8071048,412,mRNA
26453,8068214,8070380,2166,mRNA
26454,8067625,8068152,527,mRNA
26455,8061570,8067555,5985,mRNA
26456,8061308,8061512,204,mRNA
26457,8060566,8061258,692,mRNA
26458,8058841,8060504,1663,mRNA
26459,8058302,8058784,482,mRNA
26460,8056309,8058244,1935,mRNA
26461,8054657,8056253,1596,mRNA
26462,8054380,8054593,213,mRNA
26463,8071448,8071566,118,CDS
26464,8071172,8071266,94,CDS
26465,8070636,8071048,412,CDS
26466,8068214,8070380,2166,CDS
26467,8067625,8068152,527,CDS
26468,8061570,8067555,5985,CDS
26469,8061308,8061512,204,CDS
26470,8060566,8061258,692,CDS
26471,8058841,8060504,1663,CDS
26472,8058302,8058784,482,CDS
26473,8056309,8058244,1935,CDS
26474,8054657,8056253,1596,CDS
26475,8054511,8054593,82,CDS
26476,8071448,8071566,118,CDS
26477,8071172,8071266,94,CDS
26478,8070636,8071048,412,CDS
26479,8068214,8070380,2166,CDS
26480,8067625,8068152,527,CDS
26481,8061570,8067555,5985,CDS
26482,8061308,8061512,204,CDS
26483,8060566,8061258,692,CDS
26484,8058841,8060504,1663,CDS
26485,8058302,8058784,482,CDS
26486,8056309,8058244,1935,CDS
26487,8054657,8056253,1596,CDS
26488,8054511,8054593,82,CDS
26489,8071812,8072848,1036,gene
26490,8071812,8072848,1036,mRNA
26491,8071812,8072848,1036,mRNA
26492,8071955,8072761,806,CDS
26493,8072003,8072761,758,CDS
26494,8072895,8073948,1053,gene
26495,8072895,8073125,230,mRNA
26496,8073197,8073948,751,mRNA
26497,8072971,8073125,154,CDS
26498,8073197,8073716,519,CDS
26499,8074117,8082982,8865,gene
26500,8082811,8082982,171,mRNA
26501,8079763,8080612,849,mRNA
26502,8075920,8079667,3747,mRNA
26503,8075663,8075856,193,mRNA
26504,8075428,8075602,174,mRNA
26505,8075254,8075359,105,mRNA
26506,8074117,8075167,1050,mRNA
26507,8079763,8080610,847,CDS
26508,8075920,8079667,3747,CDS
26509,8075663,8075856,193,CDS
26510,8075428,8075602,174,CDS
26511,8075254,8075359,105,CDS
26512,8074956,8075167,211,CDS
26513,8082859,8083107,248,gene
26514,8082859,8083107,248,ncRNA
26515,8083420,8116531,33111,gene
26516,8083420,8083521,101,mRNA
26517,8089185,8089736,551,mRNA
26518,8105692,8105809,117,mRNA
26519,8106840,8107000,160,mRNA
26520,8107066,8107173,107,mRNA
26521,8107238,8107438,200,mRNA
26522,8107748,8116531,8783,mRNA
26523,8083420,8083636,216,mRNA
26524,8089185,8089736,551,mRNA
26525,8105692,8105809,117,mRNA
26526,8106840,8107000,160,mRNA
26527,8107066,8107173,107,mRNA
26528,8107238,8107438,200,mRNA
26529,8107748,8109458,1710,mRNA
26530,8083420,8083636,216,mRNA
26531,8089394,8089736,342,mRNA
26532,8105692,8105809,117,mRNA
26533,8106840,8107000,160,mRNA
26534,8107066,8107173,107,mRNA
26535,8107238,8107438,200,mRNA
26536,8107748,8109458,1710,mRNA
26537,8083420,8083521,101,mRNA
26538,8089394,8089736,342,mRNA
26539,8105692,8105809,117,mRNA
26540,8106840,8107000,160,mRNA
26541,8107066,8107173,107,mRNA
26542,8107238,8107438,200,mRNA
26543,8107748,8109458,1710,mRNA
26544,8088304,8088516,212,mRNA
26545,8089394,8089736,342,mRNA
26546,8102300,8102518,218,mRNA
26547,8102598,8103503,905,mRNA
26548,8105692,8105809,117,mRNA
26549,8106840,8107000,160,mRNA
26550,8107066,8107173,107,mRNA
26551,8107238,8107438,200,mRNA
26552,8107748,8107880,132,mRNA
26553,8110481,8116531,6050,mRNA
26554,8088304,8088453,149,mRNA
26555,8088610,8088705,95,mRNA
26556,8089185,8089736,551,mRNA
26557,8105692,8105809,117,mRNA
26558,8106840,8107000,160,mRNA
26559,8107066,8107173,107,mRNA
26560,8107238,8107438,200,mRNA
26561,8107748,8116531,8783,mRNA
26562,8088304,8088453,149,mRNA
26563,8089185,8089736,551,mRNA
26564,8105692,8105809,117,mRNA
26565,8106840,8107000,160,mRNA
26566,8107066,8107173,107,mRNA
26567,8107238,8107438,200,mRNA
26568,8107748,8107880,132,mRNA
26569,8109297,8116531,7234,mRNA
26570,8088304,8088453,149,mRNA
26571,8089185,8089736,551,mRNA
26572,8105692,8105809,117,mRNA
26573,8106840,8107000,160,mRNA
26574,8107066,8107173,107,mRNA
26575,8107238,8107438,200,mRNA
26576,8107748,8109458,1710,mRNA
26577,8088304,8088453,149,mRNA
26578,8089394,8089736,342,mRNA
26579,8105692,8105809,117,mRNA
26580,8106840,8107000,160,mRNA
26581,8107066,8107173,107,mRNA
26582,8107238,8107438,200,mRNA
26583,8107748,8109458,1710,mRNA
26584,8089103,8089736,633,mRNA
26585,8105692,8105809,117,mRNA
26586,8106840,8107000,160,mRNA
26587,8107066,8107173,107,mRNA
26588,8107238,8107438,200,mRNA
26589,8107748,8109458,1710,mRNA
26590,8089664,8089736,72,CDS
26591,8102300,8102518,218,CDS
26592,8102598,8103503,905,CDS
26593,8105692,8105809,117,CDS
26594,8106840,8107000,160,CDS
26595,8107066,8107173,107,CDS
26596,8107238,8107438,200,CDS
26597,8107748,8107880,132,CDS
26598,8110481,8110508,27,CDS
26599,8089664,8089736,72,CDS
26600,8105692,8105809,117,CDS
26601,8106840,8107000,160,CDS
26602,8107066,8107173,107,CDS
26603,8107238,8107438,200,CDS
26604,8107748,8107880,132,CDS
26605,8109297,8109303,6,CDS
26606,8089664,8089736,72,CDS
26607,8105692,8105809,117,CDS
26608,8106840,8107000,160,CDS
26609,8107066,8107173,107,CDS
26610,8107238,8107438,200,CDS
26611,8107748,8107884,136,CDS
26612,8089664,8089736,72,CDS
26613,8105692,8105809,117,CDS
26614,8106840,8107000,160,CDS
26615,8107066,8107173,107,CDS
26616,8107238,8107438,200,CDS
26617,8107748,8107884,136,CDS
26618,8089664,8089736,72,CDS
26619,8105692,8105809,117,CDS
26620,8106840,8107000,160,CDS
26621,8107066,8107173,107,CDS
26622,8107238,8107438,200,CDS
26623,8107748,8107884,136,CDS
26624,8089664,8089736,72,CDS
26625,8105692,8105809,117,CDS
26626,8106840,8107000,160,CDS
26627,8107066,8107173,107,CDS
26628,8107238,8107438,200,CDS
26629,8107748,8107884,136,CDS
26630,8089664,8089736,72,CDS
26631,8105692,8105809,117,CDS
26632,8106840,8107000,160,CDS
26633,8107066,8107173,107,CDS
26634,8107238,8107438,200,CDS
26635,8107748,8107884,136,CDS
26636,8089664,8089736,72,CDS
26637,8105692,8105809,117,CDS
26638,8106840,8107000,160,CDS
26639,8107066,8107173,107,CDS
26640,8107238,8107438,200,CDS
26641,8107748,8107884,136,CDS
26642,8089664,8089736,72,CDS
26643,8105692,8105809,117,CDS
26644,8106840,8107000,160,CDS
26645,8107066,8107173,107,CDS
26646,8107238,8107438,200,CDS
26647,8107748,8107884,136,CDS
26648,8089664,8089736,72,CDS
26649,8105692,8105809,117,CDS
26650,8106840,8107000,160,CDS
26651,8107066,8107173,107,CDS
26652,8107238,8107438,200,CDS
26653,8107748,8107884,136,CDS
26654,8116965,8124010,7045,gene
26655,8123692,8124010,318,mRNA
26656,8123304,8123435,131,mRNA
26657,8122709,8123245,536,mRNA
26658,8121961,8122532,571,mRNA
26659,8121473,8121903,430,mRNA
26660,8120694,8121409,715,mRNA
26661,8120245,8120583,338,mRNA
26662,8119504,8120157,653,mRNA
26663,8119220,8119407,187,mRNA
26664,8118904,8119066,162,mRNA
26665,8117927,8118849,922,mRNA
26666,8117779,8117861,82,mRNA
26667,8116965,8117713,748,mRNA
26668,8123692,8124010,318,mRNA
26669,8123304,8123435,131,mRNA
26670,8122709,8123245,536,mRNA
26671,8121961,8122532,571,mRNA
26672,8121473,8121903,430,mRNA
26673,8120694,8121409,715,mRNA
26674,8120245,8120583,338,mRNA
26675,8119504,8120157,653,mRNA
26676,8119220,8119407,187,mRNA
26677,8118904,8119066,162,mRNA
26678,8117927,8118849,922,mRNA
26679,8117779,8117861,82,mRNA
26680,8117292,8117713,421,mRNA
26681,8123692,8123814,122,CDS
26682,8123304,8123435,131,CDS
26683,8122709,8123245,536,CDS
26684,8121961,8122532,571,CDS
26685,8121473,8121903,430,CDS
26686,8120694,8121409,715,CDS
26687,8120245,8120583,338,CDS
26688,8119504,8120157,653,CDS
26689,8119220,8119407,187,CDS
26690,8118904,8119066,162,CDS
26691,8117927,8118849,922,CDS
26692,8117779,8117861,82,CDS
26693,8117520,8117713,193,CDS
26694,8123692,8123814,122,CDS
26695,8123304,8123435,131,CDS
26696,8122709,8123245,536,CDS
26697,8121961,8122532,571,CDS
26698,8121473,8121903,430,CDS
26699,8120694,8121409,715,CDS
26700,8120245,8120583,338,CDS
26701,8119504,8120157,653,CDS
26702,8119220,8119407,187,CDS
26703,8118904,8119066,162,CDS
26704,8117927,8118849,922,CDS
26705,8117779,8117861,82,CDS
26706,8117520,8117713,193,CDS
26707,8124329,8125799,1470,gene
26708,8124329,8124737,408,mRNA
26709,8124805,8125799,994,mRNA
26710,8124392,8124737,345,CDS
26711,8124805,8125721,916,CDS
26712,8125668,8126890,1222,gene
26713,8126757,8126890,133,mRNA
26714,8125668,8126698,1030,mRNA
26715,8125803,8126681,878,CDS
26716,8127001,8133989,6988,gene
26717,8127001,8127972,971,mRNA
26718,8131287,8131912,625,mRNA
26719,8131973,8132194,221,mRNA
26720,8132595,8133989,1394,mRNA
26721,8127001,8127646,645,mRNA
26722,8131287,8131912,625,mRNA
26723,8131973,8132194,221,mRNA
26724,8132595,8133989,1394,mRNA
26725,8131426,8131912,486,CDS
26726,8131973,8132194,221,CDS
26727,8132595,8133643,1048,CDS
26728,8131426,8131912,486,CDS
26729,8131973,8132194,221,CDS
26730,8132595,8133643,1048,CDS
26731,8134247,8159638,25391,gene
26732,8159219,8159638,419,mRNA
26733,8136880,8140778,3898,mRNA
26734,8136705,8136819,114,mRNA
26735,8136155,8136631,476,mRNA
26736,8135674,8136092,418,mRNA
26737,8134842,8135614,772,mRNA
26738,8134578,8134773,195,mRNA
26739,8134247,8134512,265,mRNA
26740,8159219,8159575,356,mRNA
26741,8136880,8140778,3898,mRNA
26742,8136705,8136819,114,mRNA
26743,8136155,8136631,476,mRNA
26744,8135674,8136092,418,mRNA
26745,8134842,8135617,775,mRNA
26746,8134247,8134773,526,mRNA
26747,8156521,8156750,229,mRNA
26748,8136880,8140778,3898,mRNA
26749,8136705,8136819,114,mRNA
26750,8136155,8136631,476,mRNA
26751,8135674,8136092,418,mRNA
26752,8134842,8135617,775,mRNA
26753,8134247,8134773,526,mRNA
26754,8155773,8155905,132,mRNA
26755,8136880,8140778,3898,mRNA
26756,8136705,8136819,114,mRNA
26757,8136155,8136631,476,mRNA
26758,8135674,8136092,418,mRNA
26759,8134842,8135617,775,mRNA
26760,8134247,8134773,526,mRNA
26761,8159219,8159432,213,CDS
26762,8136880,8140778,3898,CDS
26763,8136705,8136819,114,CDS
26764,8136155,8136631,476,CDS
26765,8135674,8136092,418,CDS
26766,8134842,8135614,772,CDS
26767,8134623,8134773,150,CDS
26768,8159219,8159432,213,CDS
26769,8136880,8140778,3898,CDS
26770,8136705,8136819,114,CDS
26771,8136155,8136631,476,CDS
26772,8135674,8136092,418,CDS
26773,8134842,8135617,775,CDS
26774,8134623,8134773,150,CDS
26775,8136880,8136933,53,CDS
26776,8136705,8136819,114,CDS
26777,8136155,8136631,476,CDS
26778,8135674,8136092,418,CDS
26779,8134842,8135617,775,CDS
26780,8134623,8134773,150,CDS
26781,8136880,8136933,53,CDS
26782,8136705,8136819,114,CDS
26783,8136155,8136631,476,CDS
26784,8135674,8136092,418,CDS
26785,8134842,8135617,775,CDS
26786,8134623,8134773,150,CDS
26787,8141540,8141662,122,gene
26788,8141540,8141662,122,precursor_RNA
26789,8141568,8141589,21,ncRNA
26790,8141608,8141632,24,ncRNA
26791,8143401,8144047,646,gene
26792,8143989,8144047,58,mRNA
26793,8143401,8143934,533,mRNA
26794,8143989,8144027,38,CDS
26795,8143488,8143934,446,CDS
26796,8144391,8145107,716,gene
26797,8145038,8145107,69,mRNA
26798,8144391,8144980,589,mRNA
26799,8145038,8145088,50,CDS
26800,8144456,8144980,524,CDS
26801,8145758,8158786,13028,gene
26802,8145758,8145973,215,mRNA
26803,8152587,8153742,1155,mRNA
26804,8153835,8154052,217,mRNA
26805,8154159,8154311,152,mRNA
26806,8154982,8155111,129,mRNA
26807,8157062,8157256,194,mRNA
26808,8157537,8157948,411,mRNA
26809,8158017,8158179,162,mRNA
26810,8158244,8158786,542,mRNA
26811,8145758,8145973,215,mRNA
26812,8152587,8153742,1155,mRNA
26813,8153835,8154052,217,mRNA
26814,8154159,8154311,152,mRNA
26815,8154982,8155603,621,mRNA
26816,8147611,8148356,745,gene
26817,8147611,8147668,57,mRNA
26818,8147725,8148356,631,mRNA
26819,8147630,8147668,38,CDS
26820,8147725,8148279,554,CDS
26821,8148948,8149473,525,mRNA
26822,8152587,8153742,1155,mRNA
26823,8153835,8154052,217,mRNA
26824,8154159,8154311,152,mRNA
26825,8154982,8155111,129,mRNA
26826,8157062,8157256,194,mRNA
26827,8157537,8157948,411,mRNA
26828,8158017,8158179,162,mRNA
26829,8158244,8158786,542,mRNA
26830,8148948,8149473,525,mRNA
26831,8152587,8153742,1155,mRNA
26832,8153835,8154052,217,mRNA
26833,8154159,8154311,152,mRNA
26834,8154982,8155603,621,mRNA
26835,8148948,8149473,525,mRNA
26836,8152587,8153742,1155,mRNA
26837,8153835,8154052,217,mRNA
26838,8154159,8154726,567,mRNA
26839,8152635,8153742,1107,CDS
26840,8153835,8154052,217,CDS
26841,8154159,8154311,152,CDS
26842,8154982,8155111,129,CDS
26843,8157062,8157256,194,CDS
26844,8157537,8157948,411,CDS
26845,8158017,8158179,162,CDS
26846,8158244,8158711,467,CDS
26847,8152635,8153742,1107,CDS
26848,8153835,8154052,217,CDS
26849,8154159,8154311,152,CDS
26850,8154982,8155111,129,CDS
26851,8157062,8157256,194,CDS
26852,8157537,8157948,411,CDS
26853,8158017,8158179,162,CDS
26854,8158244,8158711,467,CDS
26855,8152635,8153742,1107,CDS
26856,8153835,8154052,217,CDS
26857,8154159,8154311,152,CDS
26858,8154982,8155116,134,CDS
26859,8152635,8153742,1107,CDS
26860,8153835,8154052,217,CDS
26861,8154159,8154311,152,CDS
26862,8154982,8155116,134,CDS
26863,8152635,8153742,1107,CDS
26864,8153835,8154052,217,CDS
26865,8154159,8154410,251,CDS
26866,8159832,8161800,1968,gene
26867,8159832,8160758,926,mRNA
26868,8160817,8161427,610,mRNA
26869,8161493,8161800,307,mRNA
26870,8160092,8160758,666,CDS
26871,8160817,8161427,610,CDS
26872,8161493,8161732,239,CDS
26873,8161796,8162452,656,gene
26874,8162311,8162452,141,mRNA
26875,8162123,8162237,114,mRNA
26876,8161796,8162063,267,mRNA
26877,8162311,8162418,107,mRNA
26878,8162123,8162237,114,mRNA
26879,8161796,8162063,267,mRNA
26880,8162311,8162325,14,CDS
26881,8162123,8162237,114,CDS
26882,8161921,8162063,142,CDS
26883,8162311,8162325,14,CDS
26884,8162123,8162237,114,CDS
26885,8161921,8162063,142,CDS
26886,8163073,8190137,27064,gene
26887,8163073,8163518,445,mRNA
26888,8173016,8173209,193,mRNA
26889,8173276,8173540,264,mRNA
26890,8173601,8173908,307,mRNA
26891,8174141,8174267,126,mRNA
26892,8174349,8174468,119,mRNA
26893,8174536,8174698,162,mRNA
26894,8175176,8175397,221,mRNA
26895,8175995,8176051,56,mRNA
26896,8176573,8176806,233,mRNA
26897,8176876,8177073,197,mRNA
26898,8177130,8177689,559,mRNA
26899,8177779,8178397,618,mRNA
26900,8178459,8178951,492,mRNA
26901,8179011,8179815,804,mRNA
26902,8179872,8180029,157,mRNA
26903,8181984,8182049,65,mRNA
26904,8182305,8182450,145,mRNA
26905,8183141,8183563,422,mRNA
26906,8183630,8183706,76,mRNA
26907,8184815,8184850,35,mRNA
26908,8186117,8186255,138,mRNA
26909,8186314,8186675,361,mRNA
26910,8186738,8186884,146,mRNA
26911,8186948,8187092,144,mRNA
26912,8187161,8188094,933,mRNA
26913,8188168,8188675,507,mRNA
26914,8188736,8188877,141,mRNA
26915,8188932,8190137,1205,mRNA
26916,8163073,8163518,445,mRNA
26917,8173016,8173209,193,mRNA
26918,8173276,8173540,264,mRNA
26919,8173601,8173908,307,mRNA
26920,8174141,8174267,126,mRNA
26921,8174349,8174468,119,mRNA
26922,8174536,8174698,162,mRNA
26923,8175176,8175397,221,mRNA
26924,8176573,8176806,233,mRNA
26925,8176876,8177073,197,mRNA
26926,8177130,8177689,559,mRNA
26927,8177779,8178397,618,mRNA
26928,8178459,8178951,492,mRNA
26929,8179011,8179815,804,mRNA
26930,8179872,8180029,157,mRNA
26931,8181984,8182049,65,mRNA
26932,8182305,8182450,145,mRNA
26933,8182627,8182878,251,mRNA
26934,8183189,8183563,374,mRNA
26935,8183630,8183706,76,mRNA
26936,8184127,8184393,266,mRNA
26937,8184815,8184850,35,mRNA
26938,8186117,8186255,138,mRNA
26939,8186314,8186675,361,mRNA
26940,8186738,8186884,146,mRNA
26941,8186948,8187092,144,mRNA
26942,8187161,8188094,933,mRNA
26943,8188168,8188675,507,mRNA
26944,8188736,8188877,141,mRNA
26945,8188932,8190137,1205,mRNA
26946,8163073,8163518,445,mRNA
26947,8173016,8173209,193,mRNA
26948,8173276,8173540,264,mRNA
26949,8173601,8173908,307,mRNA
26950,8174141,8174267,126,mRNA
26951,8174349,8174468,119,mRNA
26952,8174536,8174698,162,mRNA
26953,8175176,8175397,221,mRNA
26954,8176573,8176806,233,mRNA
26955,8176876,8177073,197,mRNA
26956,8177130,8177689,559,mRNA
26957,8177779,8178397,618,mRNA
26958,8178459,8178951,492,mRNA
26959,8179011,8179815,804,mRNA
26960,8179872,8180029,157,mRNA
26961,8181984,8182049,65,mRNA
26962,8182305,8182450,145,mRNA
26963,8182627,8182878,251,mRNA
26964,8183189,8183563,374,mRNA
26965,8183630,8183706,76,mRNA
26966,8184815,8184850,35,mRNA
26967,8185126,8185278,152,mRNA
26968,8186117,8186255,138,mRNA
26969,8186314,8186675,361,mRNA
26970,8186738,8186884,146,mRNA
26971,8186948,8187092,144,mRNA
26972,8187161,8188094,933,mRNA
26973,8188168,8188675,507,mRNA
26974,8188736,8188877,141,mRNA
26975,8188932,8190137,1205,mRNA
26976,8163073,8163518,445,mRNA
26977,8173016,8173209,193,mRNA
26978,8173276,8173540,264,mRNA
26979,8173601,8173908,307,mRNA
26980,8174141,8174267,126,mRNA
26981,8174349,8174468,119,mRNA
26982,8174536,8174698,162,mRNA
26983,8175995,8176051,56,mRNA
26984,8176573,8176806,233,mRNA
26985,8176876,8177073,197,mRNA
26986,8177121,8177689,568,mRNA
26987,8177779,8178397,618,mRNA
26988,8178459,8178951,492,mRNA
26989,8179011,8179815,804,mRNA
26990,8179872,8180029,157,mRNA
26991,8182305,8182450,145,mRNA
26992,8183189,8183563,374,mRNA
26993,8183630,8183706,76,mRNA
26994,8184127,8184393,266,mRNA
26995,8184815,8184850,35,mRNA
26996,8186117,8186255,138,mRNA
26997,8186314,8186675,361,mRNA
26998,8186738,8186884,146,mRNA
26999,8186948,8187092,144,mRNA
27000,8187161,8188094,933,mRNA
27001,8188168,8188675,507,mRNA
27002,8188736,8188877,141,mRNA
27003,8188932,8190137,1205,mRNA
27004,8163073,8163518,445,mRNA
27005,8173016,8173209,193,mRNA
27006,8173276,8173540,264,mRNA
27007,8173601,8173908,307,mRNA
27008,8174141,8174267,126,mRNA
27009,8174349,8174468,119,mRNA
27010,8174536,8174698,162,mRNA
27011,8175995,8176051,56,mRNA
27012,8176573,8176806,233,mRNA
27013,8176876,8177073,197,mRNA
27014,8177130,8177689,559,mRNA
27015,8177779,8178397,618,mRNA
27016,8178459,8178951,492,mRNA
27017,8179011,8179815,804,mRNA
27018,8179872,8180029,157,mRNA
27019,8181984,8182049,65,mRNA
27020,8182305,8182450,145,mRNA
27021,8183189,8183563,374,mRNA
27022,8183630,8183706,76,mRNA
27023,8184127,8184393,266,mRNA
27024,8184815,8184850,35,mRNA
27025,8186117,8186255,138,mRNA
27026,8186314,8186675,361,mRNA
27027,8186738,8186884,146,mRNA
27028,8186948,8187092,144,mRNA
27029,8187161,8188094,933,mRNA
27030,8188168,8188675,507,mRNA
27031,8188736,8188877,141,mRNA
27032,8188932,8190137,1205,mRNA
27033,8163073,8163518,445,mRNA
27034,8173016,8173209,193,mRNA
27035,8173276,8173540,264,mRNA
27036,8173601,8173908,307,mRNA
27037,8174141,8174267,126,mRNA
27038,8174349,8174468,119,mRNA
27039,8174536,8174698,162,mRNA
27040,8176573,8176806,233,mRNA
27041,8176876,8177073,197,mRNA
27042,8177130,8177689,559,mRNA
27043,8177779,8178397,618,mRNA
27044,8178459,8178951,492,mRNA
27045,8179011,8179815,804,mRNA
27046,8179872,8180029,157,mRNA
27047,8180196,8180860,664,mRNA
27048,8181059,8181320,261,mRNA
27049,8182305,8182450,145,mRNA
27050,8182627,8182878,251,mRNA
27051,8183189,8183563,374,mRNA
27052,8183630,8183706,76,mRNA
27053,8184127,8184393,266,mRNA
27054,8184815,8184850,35,mRNA
27055,8185126,8185278,152,mRNA
27056,8186117,8186255,138,mRNA
27057,8186314,8186675,361,mRNA
27058,8186738,8186884,146,mRNA
27059,8186948,8187092,144,mRNA
27060,8187161,8188094,933,mRNA
27061,8188168,8188675,507,mRNA
27062,8188736,8188877,141,mRNA
27063,8188932,8190137,1205,mRNA
27064,8163073,8163518,445,mRNA
27065,8173016,8173209,193,mRNA
27066,8173276,8173540,264,mRNA
27067,8173601,8173908,307,mRNA
27068,8174141,8174267,126,mRNA
27069,8174349,8174468,119,mRNA
27070,8174536,8174698,162,mRNA
27071,8176573,8176806,233,mRNA
27072,8176876,8177073,197,mRNA
27073,8177130,8177689,559,mRNA
27074,8177779,8178397,618,mRNA
27075,8178459,8178951,492,mRNA
27076,8179011,8179815,804,mRNA
27077,8179872,8180029,157,mRNA
27078,8180196,8180860,664,mRNA
27079,8181059,8181320,261,mRNA
27080,8182305,8182450,145,mRNA
27081,8183189,8183563,374,mRNA
27082,8183630,8183706,76,mRNA
27083,8184127,8184393,266,mRNA
27084,8184815,8184850,35,mRNA
27085,8186117,8186255,138,mRNA
27086,8186314,8186675,361,mRNA
27087,8186738,8186884,146,mRNA
27088,8186948,8187092,144,mRNA
27089,8187161,8188094,933,mRNA
27090,8188168,8188675,507,mRNA
27091,8188736,8188877,141,mRNA
27092,8188932,8190137,1205,mRNA
27093,8163073,8163518,445,mRNA
27094,8173016,8173209,193,mRNA
27095,8173276,8173540,264,mRNA
27096,8173601,8173908,307,mRNA
27097,8174141,8174267,126,mRNA
27098,8174349,8174468,119,mRNA
27099,8174536,8174698,162,mRNA
27100,8176573,8176806,233,mRNA
27101,8176876,8177073,197,mRNA
27102,8177130,8177689,559,mRNA
27103,8177779,8178397,618,mRNA
27104,8178459,8178951,492,mRNA
27105,8179011,8179815,804,mRNA
27106,8179872,8180029,157,mRNA
27107,8181984,8182049,65,mRNA
27108,8182305,8182450,145,mRNA
27109,8182627,8182878,251,mRNA
27110,8183189,8183563,374,mRNA
27111,8183630,8183706,76,mRNA
27112,8184127,8184393,266,mRNA
27113,8184815,8184850,35,mRNA
27114,8185126,8185278,152,mRNA
27115,8186117,8186255,138,mRNA
27116,8186314,8186675,361,mRNA
27117,8186738,8186884,146,mRNA
27118,8186948,8187092,144,mRNA
27119,8187161,8188094,933,mRNA
27120,8188168,8188675,507,mRNA
27121,8188736,8188877,141,mRNA
27122,8188932,8190137,1205,mRNA
27123,8163073,8163518,445,mRNA
27124,8173016,8173209,193,mRNA
27125,8173276,8173540,264,mRNA
27126,8173601,8173908,307,mRNA
27127,8174141,8174267,126,mRNA
27128,8174349,8174468,119,mRNA
27129,8174536,8174698,162,mRNA
27130,8176573,8176806,233,mRNA
27131,8176876,8177073,197,mRNA
27132,8177130,8177689,559,mRNA
27133,8177779,8178397,618,mRNA
27134,8178459,8178951,492,mRNA
27135,8179011,8179815,804,mRNA
27136,8179872,8180029,157,mRNA
27137,8181984,8182049,65,mRNA
27138,8182305,8182450,145,mRNA
27139,8182627,8182875,248,mRNA
27140,8183189,8183563,374,mRNA
27141,8183630,8183706,76,mRNA
27142,8186117,8186255,138,mRNA
27143,8186314,8186675,361,mRNA
27144,8186738,8186884,146,mRNA
27145,8186948,8187092,144,mRNA
27146,8187161,8188094,933,mRNA
27147,8188168,8188675,507,mRNA
27148,8188736,8188877,141,mRNA
27149,8188932,8190137,1205,mRNA
27150,8163073,8163518,445,mRNA
27151,8173016,8173209,193,mRNA
27152,8173276,8173540,264,mRNA
27153,8173601,8173908,307,mRNA
27154,8174141,8174267,126,mRNA
27155,8174349,8174468,119,mRNA
27156,8174536,8174698,162,mRNA
27157,8176573,8176806,233,mRNA
27158,8176876,8177073,197,mRNA
27159,8177130,8177689,559,mRNA
27160,8177779,8178397,618,mRNA
27161,8178459,8178951,492,mRNA
27162,8179011,8179815,804,mRNA
27163,8179872,8180029,157,mRNA
27164,8181984,8182049,65,mRNA
27165,8182305,8182450,145,mRNA
27166,8183189,8183563,374,mRNA
27167,8183630,8183706,76,mRNA
27168,8184127,8184393,266,mRNA
27169,8184815,8184850,35,mRNA
27170,8186117,8186255,138,mRNA
27171,8186314,8186675,361,mRNA
27172,8186738,8186884,146,mRNA
27173,8186948,8187092,144,mRNA
27174,8187161,8188094,933,mRNA
27175,8188168,8188675,507,mRNA
27176,8188736,8188877,141,mRNA
27177,8188932,8190137,1205,mRNA
27178,8163073,8163457,384,mRNA
27179,8173016,8173209,193,mRNA
27180,8173276,8173540,264,mRNA
27181,8173601,8173908,307,mRNA
27182,8174141,8174267,126,mRNA
27183,8174349,8174468,119,mRNA
27184,8174536,8174698,162,mRNA
27185,8175995,8176051,56,mRNA
27186,8176573,8176806,233,mRNA
27187,8176876,8177073,197,mRNA
27188,8177130,8177689,559,mRNA
27189,8177779,8178397,618,mRNA
27190,8178459,8178951,492,mRNA
27191,8179011,8179815,804,mRNA
27192,8179872,8180029,157,mRNA
27193,8181984,8182049,65,mRNA
27194,8182305,8182450,145,mRNA
27195,8183189,8183563,374,mRNA
27196,8183630,8183706,76,mRNA
27197,8184127,8184393,266,mRNA
27198,8184815,8184850,35,mRNA
27199,8185126,8185278,152,mRNA
27200,8186117,8186255,138,mRNA
27201,8186314,8186675,361,mRNA
27202,8186738,8186884,146,mRNA
27203,8186948,8187092,144,mRNA
27204,8187161,8188094,933,mRNA
27205,8188168,8188675,507,mRNA
27206,8188736,8188877,141,mRNA
27207,8188932,8190137,1205,mRNA
27208,8173146,8173209,63,CDS
27209,8173276,8173540,264,CDS
27210,8173601,8173908,307,CDS
27211,8174141,8174267,126,CDS
27212,8174349,8174468,119,CDS
27213,8174536,8174698,162,CDS
27214,8175176,8175397,221,CDS
27215,8175995,8176051,56,CDS
27216,8176573,8176806,233,CDS
27217,8176876,8177073,197,CDS
27218,8177130,8177689,559,CDS
27219,8177779,8178397,618,CDS
27220,8178459,8178951,492,CDS
27221,8179011,8179815,804,CDS
27222,8179872,8180029,157,CDS
27223,8181984,8182049,65,CDS
27224,8182305,8182450,145,CDS
27225,8183141,8183563,422,CDS
27226,8183630,8183706,76,CDS
27227,8184815,8184850,35,CDS
27228,8186117,8186255,138,CDS
27229,8186314,8186675,361,CDS
27230,8186738,8186884,146,CDS
27231,8186948,8187092,144,CDS
27232,8187161,8188094,933,CDS
27233,8188168,8188675,507,CDS
27234,8188736,8188877,141,CDS
27235,8188932,8189129,197,CDS
27236,8173146,8173209,63,CDS
27237,8173276,8173540,264,CDS
27238,8173601,8173908,307,CDS
27239,8174141,8174267,126,CDS
27240,8174349,8174468,119,CDS
27241,8174536,8174698,162,CDS
27242,8175176,8175397,221,CDS
27243,8176573,8176806,233,CDS
27244,8176876,8177073,197,CDS
27245,8177130,8177689,559,CDS
27246,8177779,8178397,618,CDS
27247,8178459,8178951,492,CDS
27248,8179011,8179815,804,CDS
27249,8179872,8180029,157,CDS
27250,8181984,8182049,65,CDS
27251,8182305,8182450,145,CDS
27252,8182627,8182878,251,CDS
27253,8183189,8183563,374,CDS
27254,8183630,8183706,76,CDS
27255,8184127,8184393,266,CDS
27256,8184815,8184850,35,CDS
27257,8186117,8186255,138,CDS
27258,8186314,8186675,361,CDS
27259,8186738,8186884,146,CDS
27260,8186948,8187092,144,CDS
27261,8187161,8188094,933,CDS
27262,8188168,8188675,507,CDS
27263,8188736,8188877,141,CDS
27264,8188932,8189129,197,CDS
27265,8173146,8173209,63,CDS
27266,8173276,8173540,264,CDS
27267,8173601,8173908,307,CDS
27268,8174141,8174267,126,CDS
27269,8174349,8174468,119,CDS
27270,8174536,8174698,162,CDS
27271,8175176,8175397,221,CDS
27272,8176573,8176806,233,CDS
27273,8176876,8177073,197,CDS
27274,8177130,8177689,559,CDS
27275,8177779,8178397,618,CDS
27276,8178459,8178951,492,CDS
27277,8179011,8179815,804,CDS
27278,8179872,8180029,157,CDS
27279,8181984,8182049,65,CDS
27280,8182305,8182450,145,CDS
27281,8182627,8182878,251,CDS
27282,8183189,8183563,374,CDS
27283,8183630,8183706,76,CDS
27284,8184815,8184850,35,CDS
27285,8185126,8185278,152,CDS
27286,8186117,8186255,138,CDS
27287,8186314,8186675,361,CDS
27288,8186738,8186884,146,CDS
27289,8186948,8187092,144,CDS
27290,8187161,8188094,933,CDS
27291,8188168,8188675,507,CDS
27292,8188736,8188877,141,CDS
27293,8188932,8189129,197,CDS
27294,8173146,8173209,63,CDS
27295,8173276,8173540,264,CDS
27296,8173601,8173908,307,CDS
27297,8174141,8174267,126,CDS
27298,8174349,8174468,119,CDS
27299,8174536,8174698,162,CDS
27300,8175995,8176051,56,CDS
27301,8176573,8176806,233,CDS
27302,8176876,8177073,197,CDS
27303,8177121,8177689,568,CDS
27304,8177779,8178397,618,CDS
27305,8178459,8178951,492,CDS
27306,8179011,8179815,804,CDS
27307,8179872,8180029,157,CDS
27308,8182305,8182450,145,CDS
27309,8183189,8183563,374,CDS
27310,8183630,8183706,76,CDS
27311,8184127,8184393,266,CDS
27312,8184815,8184850,35,CDS
27313,8186117,8186255,138,CDS
27314,8186314,8186675,361,CDS
27315,8186738,8186884,146,CDS
27316,8186948,8187092,144,CDS
27317,8187161,8188094,933,CDS
27318,8188168,8188675,507,CDS
27319,8188736,8188877,141,CDS
27320,8188932,8189129,197,CDS
27321,8173146,8173209,63,CDS
27322,8173276,8173540,264,CDS
27323,8173601,8173908,307,CDS
27324,8174141,8174267,126,CDS
27325,8174349,8174468,119,CDS
27326,8174536,8174698,162,CDS
27327,8175995,8176051,56,CDS
27328,8176573,8176806,233,CDS
27329,8176876,8177073,197,CDS
27330,8177130,8177689,559,CDS
27331,8177779,8178397,618,CDS
27332,8178459,8178951,492,CDS
27333,8179011,8179815,804,CDS
27334,8179872,8180029,157,CDS
27335,8181984,8182049,65,CDS
27336,8182305,8182450,145,CDS
27337,8183189,8183563,374,CDS
27338,8183630,8183706,76,CDS
27339,8184127,8184393,266,CDS
27340,8184815,8184850,35,CDS
27341,8185126,8185278,152,CDS
27342,8186117,8186255,138,CDS
27343,8186314,8186675,361,CDS
27344,8186738,8186884,146,CDS
27345,8186948,8187092,144,CDS
27346,8187161,8188094,933,CDS
27347,8188168,8188675,507,CDS
27348,8188736,8188877,141,CDS
27349,8188932,8189129,197,CDS
27350,8173146,8173209,63,CDS
27351,8173276,8173540,264,CDS
27352,8173601,8173908,307,CDS
27353,8174141,8174267,126,CDS
27354,8174349,8174468,119,CDS
27355,8174536,8174698,162,CDS
27356,8175995,8176051,56,CDS
27357,8176573,8176806,233,CDS
27358,8176876,8177073,197,CDS
27359,8177130,8177689,559,CDS
27360,8177779,8178397,618,CDS
27361,8178459,8178951,492,CDS
27362,8179011,8179815,804,CDS
27363,8179872,8180029,157,CDS
27364,8181984,8182049,65,CDS
27365,8182305,8182450,145,CDS
27366,8183189,8183563,374,CDS
27367,8183630,8183706,76,CDS
27368,8184127,8184393,266,CDS
27369,8184815,8184850,35,CDS
27370,8186117,8186255,138,CDS
27371,8186314,8186675,361,CDS
27372,8186738,8186884,146,CDS
27373,8186948,8187092,144,CDS
27374,8187161,8188094,933,CDS
27375,8188168,8188675,507,CDS
27376,8188736,8188877,141,CDS
27377,8188932,8189129,197,CDS
27378,8173146,8173209,63,CDS
27379,8173276,8173540,264,CDS
27380,8173601,8173908,307,CDS
27381,8174141,8174267,126,CDS
27382,8174349,8174468,119,CDS
27383,8174536,8174698,162,CDS
27384,8176573,8176806,233,CDS
27385,8176876,8177073,197,CDS
27386,8177130,8177689,559,CDS
27387,8177779,8178397,618,CDS
27388,8178459,8178951,492,CDS
27389,8179011,8179815,804,CDS
27390,8179872,8180029,157,CDS
27391,8180196,8180860,664,CDS
27392,8181059,8181320,261,CDS
27393,8182305,8182450,145,CDS
27394,8182627,8182878,251,CDS
27395,8183189,8183563,374,CDS
27396,8183630,8183706,76,CDS
27397,8184127,8184393,266,CDS
27398,8184815,8184850,35,CDS
27399,8185126,8185278,152,CDS
27400,8186117,8186255,138,CDS
27401,8186314,8186675,361,CDS
27402,8186738,8186884,146,CDS
27403,8186948,8187092,144,CDS
27404,8187161,8188094,933,CDS
27405,8188168,8188675,507,CDS
27406,8188736,8188877,141,CDS
27407,8188932,8189129,197,CDS
27408,8173146,8173209,63,CDS
27409,8173276,8173540,264,CDS
27410,8173601,8173908,307,CDS
27411,8174141,8174267,126,CDS
27412,8174349,8174468,119,CDS
27413,8174536,8174698,162,CDS
27414,8176573,8176806,233,CDS
27415,8176876,8177073,197,CDS
27416,8177130,8177689,559,CDS
27417,8177779,8178397,618,CDS
27418,8178459,8178951,492,CDS
27419,8179011,8179815,804,CDS
27420,8179872,8180029,157,CDS
27421,8180196,8180860,664,CDS
27422,8181059,8181320,261,CDS
27423,8182305,8182450,145,CDS
27424,8183189,8183563,374,CDS
27425,8183630,8183706,76,CDS
27426,8184127,8184393,266,CDS
27427,8184815,8184850,35,CDS
27428,8186117,8186255,138,CDS
27429,8186314,8186675,361,CDS
27430,8186738,8186884,146,CDS
27431,8186948,8187092,144,CDS
27432,8187161,8188094,933,CDS
27433,8188168,8188675,507,CDS
27434,8188736,8188877,141,CDS
27435,8188932,8189129,197,CDS
27436,8173146,8173209,63,CDS
27437,8173276,8173540,264,CDS
27438,8173601,8173908,307,CDS
27439,8174141,8174267,126,CDS
27440,8174349,8174468,119,CDS
27441,8174536,8174698,162,CDS
27442,8176573,8176806,233,CDS
27443,8176876,8177073,197,CDS
27444,8177130,8177689,559,CDS
27445,8177779,8178397,618,CDS
27446,8178459,8178951,492,CDS
27447,8179011,8179815,804,CDS
27448,8179872,8180029,157,CDS
27449,8181984,8182049,65,CDS
27450,8182305,8182450,145,CDS
27451,8182627,8182878,251,CDS
27452,8183189,8183563,374,CDS
27453,8183630,8183706,76,CDS
27454,8184127,8184393,266,CDS
27455,8184815,8184850,35,CDS
27456,8185126,8185278,152,CDS
27457,8186117,8186255,138,CDS
27458,8186314,8186675,361,CDS
27459,8186738,8186884,146,CDS
27460,8186948,8187092,144,CDS
27461,8187161,8188094,933,CDS
27462,8188168,8188675,507,CDS
27463,8188736,8188877,141,CDS
27464,8188932,8189129,197,CDS
27465,8173146,8173209,63,CDS
27466,8173276,8173540,264,CDS
27467,8173601,8173908,307,CDS
27468,8174141,8174267,126,CDS
27469,8174349,8174468,119,CDS
27470,8174536,8174698,162,CDS
27471,8176573,8176806,233,CDS
27472,8176876,8177073,197,CDS
27473,8177130,8177689,559,CDS
27474,8177779,8178397,618,CDS
27475,8178459,8178951,492,CDS
27476,8179011,8179815,804,CDS
27477,8179872,8180029,157,CDS
27478,8181984,8182049,65,CDS
27479,8182305,8182450,145,CDS
27480,8182627,8182875,248,CDS
27481,8183189,8183563,374,CDS
27482,8183630,8183706,76,CDS
27483,8186117,8186255,138,CDS
27484,8186314,8186675,361,CDS
27485,8186738,8186884,146,CDS
27486,8186948,8187092,144,CDS
27487,8187161,8188094,933,CDS
27488,8188168,8188675,507,CDS
27489,8188736,8188877,141,CDS
27490,8188932,8189129,197,CDS
27491,8173146,8173209,63,CDS
27492,8173276,8173540,264,CDS
27493,8173601,8173908,307,CDS
27494,8174141,8174267,126,CDS
27495,8174349,8174468,119,CDS
27496,8174536,8174698,162,CDS
27497,8176573,8176806,233,CDS
27498,8176876,8177073,197,CDS
27499,8177130,8177689,559,CDS
27500,8177779,8178397,618,CDS
27501,8178459,8178951,492,CDS
27502,8179011,8179815,804,CDS
27503,8179872,8180029,157,CDS
27504,8181984,8182049,65,CDS
27505,8182305,8182450,145,CDS
27506,8183189,8183563,374,CDS
27507,8183630,8183706,76,CDS
27508,8184127,8184393,266,CDS
27509,8184815,8184850,35,CDS
27510,8186117,8186255,138,CDS
27511,8186314,8186675,361,CDS
27512,8186738,8186884,146,CDS
27513,8186948,8187092,144,CDS
27514,8187161,8188094,933,CDS
27515,8188168,8188675,507,CDS
27516,8188736,8188877,141,CDS
27517,8188932,8189129,197,CDS
27518,8190297,8190781,484,gene
27519,8190297,8190781,484,mRNA
27520,8190381,8190740,359,CDS
27521,8190808,8196918,6110,gene
27522,8196796,8196918,122,mRNA
27523,8196584,8196735,151,mRNA
27524,8196037,8196389,352,mRNA
27525,8195629,8195976,347,mRNA
27526,8195021,8195569,548,mRNA
27527,8194045,8194059,14,mRNA
27528,8193125,8193229,104,mRNA
27529,8192492,8193064,572,mRNA
27530,8191813,8192429,616,mRNA
27531,8191485,8191757,272,mRNA
27532,8190808,8191430,622,mRNA
27533,8196796,8196918,122,mRNA
27534,8196584,8196735,151,mRNA
27535,8196037,8196389,352,mRNA
27536,8195629,8195976,347,mRNA
27537,8195021,8195569,548,mRNA
27538,8193125,8193229,104,mRNA
27539,8192492,8193064,572,mRNA
27540,8191813,8192429,616,mRNA
27541,8191485,8191757,272,mRNA
27542,8190954,8191430,476,mRNA
27543,8196796,8196918,122,mRNA
27544,8196584,8196735,151,mRNA
27545,8196037,8196389,352,mRNA
27546,8195629,8195976,347,mRNA
27547,8193125,8195569,2444,mRNA
27548,8192492,8193064,572,mRNA
27549,8191813,8192429,616,mRNA
27550,8191485,8191757,272,mRNA
27551,8190954,8191430,476,mRNA
27552,8196796,8196815,19,CDS
27553,8196584,8196735,151,CDS
27554,8196037,8196389,352,CDS
27555,8195629,8195976,347,CDS
27556,8195021,8195569,548,CDS
27557,8193125,8193229,104,CDS
27558,8192492,8193064,572,CDS
27559,8191813,8192429,616,CDS
27560,8191485,8191757,272,CDS
27561,8191139,8191430,291,CDS
27562,8196796,8196815,19,CDS
27563,8196584,8196735,151,CDS
27564,8196037,8196389,352,CDS
27565,8195629,8195976,347,CDS
27566,8195021,8195569,548,CDS
27567,8194045,8194059,14,CDS
27568,8193125,8193229,104,CDS
27569,8192492,8193064,572,CDS
27570,8191813,8192429,616,CDS
27571,8191485,8191757,272,CDS
27572,8191139,8191430,291,CDS
27573,8194509,8197049,2540,gene
27574,8194509,8197049,2540,ncRNA
27575,8196796,8196815,19,CDS
27576,8196584,8196735,151,CDS
27577,8196037,8196389,352,CDS
27578,8195629,8195976,347,CDS
27579,8194922,8195569,647,CDS
27580,8197193,8198813,1620,gene
27581,8197193,8197565,372,mRNA
27582,8197632,8197821,189,mRNA
27583,8197879,8198082,203,mRNA
27584,8198149,8198548,399,mRNA
27585,8198613,8198813,200,mRNA
27586,8197293,8197565,272,CDS
27587,8197632,8197821,189,CDS
27588,8197879,8198082,203,CDS
27589,8198149,8198548,399,CDS
27590,8198613,8198754,141,CDS
27591,8198882,8200652,1770,gene
27592,8198882,8199461,579,mRNA
27593,8199529,8200033,504,mRNA
27594,8200102,8200280,178,mRNA
27595,8200351,8200652,301,mRNA
27596,8198953,8199461,508,mRNA
27597,8199529,8200033,504,mRNA
27598,8200102,8200652,550,mRNA
27599,8198953,8199461,508,mRNA
27600,8199529,8200033,504,mRNA
27601,8200102,8200280,178,mRNA
27602,8200346,8200652,306,mRNA
27603,8199043,8199461,418,CDS
27604,8199529,8200033,504,CDS
27605,8200102,8200280,178,CDS
27606,8200346,8200355,9,CDS
27607,8199043,8199461,418,CDS
27608,8199529,8200033,504,CDS
27609,8200102,8200280,178,CDS
27610,8200351,8200351,0,CDS
27611,8199043,8199461,418,CDS
27612,8199529,8200033,504,CDS
27613,8200102,8200281,179,CDS
27614,8200465,8205132,4667,gene
27615,8204687,8205132,445,mRNA
27616,8203527,8203636,109,mRNA
27617,8203314,8203469,155,mRNA
27618,8203087,8203246,159,mRNA
27619,8202468,8202533,65,mRNA
27620,8202358,8202409,51,mRNA
27621,8202232,8202299,67,mRNA
27622,8201762,8202175,413,mRNA
27623,8201017,8201708,691,mRNA
27624,8200465,8200960,495,mRNA
27625,8204687,8204695,8,CDS
27626,8203527,8203636,109,CDS
27627,8203314,8203469,155,CDS
27628,8203087,8203246,159,CDS
27629,8202468,8202533,65,CDS
27630,8202358,8202409,51,CDS
27631,8202232,8202299,67,CDS
27632,8201762,8202175,413,CDS
27633,8201017,8201708,691,CDS
27634,8200885,8200960,75,CDS
27635,8201557,8205298,3741,gene
27636,8201557,8201724,167,ncRNA
27637,8201811,8202930,1119,ncRNA
27638,8204492,8205298,806,ncRNA
27639,8205367,8205648,281,gene
27640,8205367,8205648,281,ncRNA
27641,8205778,8206044,266,gene
27642,8205778,8206044,266,ncRNA
27643,8206171,8209637,3466,gene
27644,8206171,8207469,1298,mRNA
27645,8207527,8207775,248,mRNA
27646,8207838,8208396,558,mRNA
27647,8208450,8208598,148,mRNA
27648,8208654,8209637,983,mRNA
27649,8206279,8207469,1190,CDS
27650,8207527,8207775,248,CDS
27651,8207838,8208396,558,CDS
27652,8208450,8208598,148,CDS
27653,8208654,8209271,617,CDS
27654,8209626,8211122,1496,gene
27655,8210979,8211122,143,mRNA
27656,8210730,8210861,131,mRNA
27657,8210550,8210666,116,mRNA
27658,8210353,8210473,120,mRNA
27659,8209626,8210103,477,mRNA
27660,8210730,8211122,392,mRNA
27661,8210550,8210666,116,mRNA
27662,8210353,8210473,120,mRNA
27663,8209626,8210103,477,mRNA
27664,8210730,8210843,113,CDS
27665,8210550,8210666,116,CDS
27666,8210353,8210473,120,CDS
27667,8209835,8210103,268,CDS
27668,8210730,8210843,113,CDS
27669,8210550,8210666,116,CDS
27670,8210353,8210473,120,CDS
27671,8209835,8210103,268,CDS
27672,8211347,8211938,591,gene
27673,8211347,8211502,155,mRNA
27674,8211559,8211938,379,mRNA
27675,8211446,8211502,56,CDS
27676,8211559,8211834,275,CDS
27677,8212039,8212902,863,gene
27678,8212767,8212902,135,mRNA
27679,8212039,8212692,653,mRNA
27680,8212039,8212902,863,mRNA
27681,8212119,8212709,590,CDS
27682,8212119,8212655,536,CDS
27683,8212959,8214135,1176,gene
27684,8212959,8213023,64,mRNA
27685,8213109,8213282,173,mRNA
27686,8213337,8213529,192,mRNA
27687,8213781,8214135,354,mRNA
27688,8213117,8213282,165,mRNA
27689,8213337,8213529,192,mRNA
27690,8213781,8214135,354,mRNA
27691,8213219,8213282,63,CDS
27692,8213337,8213529,192,CDS
27693,8213781,8214000,219,CDS
27694,8213219,8213282,63,CDS
27695,8213337,8213529,192,CDS
27696,8213781,8214000,219,CDS
27697,8214045,8215239,1194,gene
27698,8214045,8214487,442,mRNA
27699,8214672,8215239,567,mRNA
27700,8214305,8214487,182,mRNA
27701,8214672,8215239,567,mRNA
27702,8214418,8214487,69,CDS
27703,8214672,8215114,442,CDS
27704,8214418,8214487,69,CDS
27705,8214672,8215114,442,CDS
27706,8215915,8216901,986,gene
27707,8215915,8216343,428,mRNA
27708,8216403,8216901,498,mRNA
27709,8215986,8216343,357,CDS
27710,8216403,8216839,436,CDS
27711,8216851,8218017,1166,gene
27712,8217687,8218017,330,mRNA
27713,8216851,8217624,773,mRNA
27714,8217687,8217899,212,CDS
27715,8216974,8217624,650,CDS
27716,8218071,8220741,2670,gene
27717,8220623,8220741,118,mRNA
27718,8220045,8220434,389,mRNA
27719,8219870,8219991,121,mRNA
27720,8219362,8219806,444,mRNA
27721,8219116,8219298,182,mRNA
27722,8218570,8218679,109,mRNA
27723,8218071,8218504,433,mRNA
27724,8220623,8220741,118,mRNA
27725,8220045,8220434,389,mRNA
27726,8219870,8219991,121,mRNA
27727,8219362,8219806,444,mRNA
27728,8219116,8219298,182,mRNA
27729,8218854,8218871,17,mRNA
27730,8218570,8218679,109,mRNA
27731,8218071,8218504,433,mRNA
27732,8220623,8220628,5,CDS
27733,8220045,8220434,389,CDS
27734,8219870,8219991,121,CDS
27735,8219362,8219806,444,CDS
27736,8219116,8219298,182,CDS
27737,8218570,8218679,109,CDS
27738,8218411,8218504,93,CDS
27739,8220623,8220628,5,CDS
27740,8220045,8220434,389,CDS
27741,8219870,8219991,121,CDS
27742,8219362,8219806,444,CDS
27743,8219116,8219298,182,CDS
27744,8218854,8218871,17,CDS
27745,8218570,8218679,109,CDS
27746,8218411,8218504,93,CDS
27747,8220980,8239878,18898,gene
27748,8239692,8239878,186,mRNA
27749,8230125,8230331,206,mRNA
27750,8228494,8229011,517,mRNA
27751,8227670,8227826,156,mRNA
27752,8226929,8227150,221,mRNA
27753,8226458,8226606,148,mRNA
27754,8226210,8226393,183,mRNA
27755,8225672,8226141,469,mRNA
27756,8225486,8225512,26,mRNA
27757,8225106,8225415,309,mRNA
27758,8224593,8225042,449,mRNA
27759,8224052,8224531,479,mRNA
27760,8223825,8223984,159,mRNA
27761,8223223,8223449,226,mRNA
27762,8222892,8223161,269,mRNA
27763,8222581,8222830,249,mRNA
27764,8222446,8222518,72,mRNA
27765,8222226,8222376,150,mRNA
27766,8220980,8221967,987,mRNA
27767,8239692,8239878,186,mRNA
27768,8230125,8230331,206,mRNA
27769,8228494,8229011,517,mRNA
27770,8227670,8227826,156,mRNA
27771,8226929,8227150,221,mRNA
27772,8226458,8226606,148,mRNA
27773,8226210,8226393,183,mRNA
27774,8225672,8226141,469,mRNA
27775,8225486,8225512,26,mRNA
27776,8225106,8225415,309,mRNA
27777,8224593,8225042,449,mRNA
27778,8224052,8224531,479,mRNA
27779,8223825,8223984,159,mRNA
27780,8223223,8223449,226,mRNA
27781,8222892,8223161,269,mRNA
27782,8222581,8222830,249,mRNA
27783,8222446,8222518,72,mRNA
27784,8222226,8222376,150,mRNA
27785,8220980,8222114,1134,mRNA
27786,8239692,8239878,186,mRNA
27787,8230125,8230331,206,mRNA
27788,8228494,8229011,517,mRNA
27789,8227670,8227826,156,mRNA
27790,8226458,8226606,148,mRNA
27791,8226210,8226393,183,mRNA
27792,8225672,8226141,469,mRNA
27793,8225486,8225512,26,mRNA
27794,8225106,8225415,309,mRNA
27795,8224593,8225042,449,mRNA
27796,8224052,8224531,479,mRNA
27797,8223825,8223984,159,mRNA
27798,8223223,8223344,121,mRNA
27799,8222892,8223161,269,mRNA
27800,8222581,8222830,249,mRNA
27801,8222446,8222518,72,mRNA
27802,8222226,8222376,150,mRNA
27803,8221127,8222114,987,mRNA
27804,8239692,8239878,186,mRNA
27805,8230125,8230331,206,mRNA
27806,8228494,8229011,517,mRNA
27807,8227670,8227826,156,mRNA
27808,8226929,8227150,221,mRNA
27809,8226458,8226606,148,mRNA
27810,8226210,8226393,183,mRNA
27811,8225672,8226141,469,mRNA
27812,8225106,8225415,309,mRNA
27813,8224593,8225042,449,mRNA
27814,8224052,8224531,479,mRNA
27815,8223825,8223984,159,mRNA
27816,8223223,8223449,226,mRNA
27817,8222892,8223161,269,mRNA
27818,8222581,8222830,249,mRNA
27819,8222446,8222518,72,mRNA
27820,8222226,8222376,150,mRNA
27821,8221127,8222114,987,mRNA
27822,8239692,8239878,186,mRNA
27823,8230125,8230331,206,mRNA
27824,8228494,8229011,517,mRNA
27825,8227652,8227826,174,mRNA
27826,8226458,8226603,145,mRNA
27827,8226210,8226393,183,mRNA
27828,8225672,8226141,469,mRNA
27829,8225106,8225415,309,mRNA
27830,8224593,8225042,449,mRNA
27831,8224052,8224531,479,mRNA
27832,8223825,8223984,159,mRNA
27833,8223223,8223449,226,mRNA
27834,8222892,8223161,269,mRNA
27835,8222581,8222830,249,mRNA
27836,8222446,8222518,72,mRNA
27837,8222226,8222376,150,mRNA
27838,8221127,8222114,987,mRNA
27839,8239692,8239878,186,mRNA
27840,8230125,8230331,206,mRNA
27841,8228494,8229011,517,mRNA
27842,8227652,8227826,174,mRNA
27843,8226458,8226606,148,mRNA
27844,8226210,8226393,183,mRNA
27845,8225672,8226141,469,mRNA
27846,8225106,8225415,309,mRNA
27847,8224593,8225042,449,mRNA
27848,8224052,8224531,479,mRNA
27849,8223825,8223984,159,mRNA
27850,8223223,8223449,226,mRNA
27851,8222892,8223161,269,mRNA
27852,8222581,8222830,249,mRNA
27853,8222446,8222518,72,mRNA
27854,8222226,8222376,150,mRNA
27855,8221127,8222114,987,mRNA
27856,8239692,8239878,186,mRNA
27857,8230125,8230331,206,mRNA
27858,8228494,8229011,517,mRNA
27859,8227652,8227826,174,mRNA
27860,8226458,8226606,148,mRNA
27861,8226210,8226393,183,mRNA
27862,8225672,8226141,469,mRNA
27863,8225486,8225512,26,mRNA
27864,8225106,8225415,309,mRNA
27865,8224593,8225042,449,mRNA
27866,8224052,8224531,479,mRNA
27867,8223825,8223984,159,mRNA
27868,8223223,8223449,226,mRNA
27869,8222892,8223161,269,mRNA
27870,8222581,8222830,249,mRNA
27871,8222446,8222518,72,mRNA
27872,8222226,8222376,150,mRNA
27873,8221127,8222114,987,mRNA
27874,8239692,8239878,186,mRNA
27875,8230125,8230331,206,mRNA
27876,8228494,8229011,517,mRNA
27877,8228083,8228257,174,mRNA
27878,8226458,8226603,145,mRNA
27879,8226210,8226393,183,mRNA
27880,8225672,8226141,469,mRNA
27881,8225106,8225415,309,mRNA
27882,8224593,8225042,449,mRNA
27883,8224052,8224531,479,mRNA
27884,8223825,8223984,159,mRNA
27885,8223223,8223449,226,mRNA
27886,8222892,8223161,269,mRNA
27887,8222581,8222830,249,mRNA
27888,8222446,8222518,72,mRNA
27889,8222226,8222376,150,mRNA
27890,8221127,8222114,987,mRNA
27891,8239692,8239878,186,mRNA
27892,8230125,8230331,206,mRNA
27893,8228494,8229011,517,mRNA
27894,8228083,8228257,174,mRNA
27895,8226458,8226606,148,mRNA
27896,8226210,8226393,183,mRNA
27897,8225672,8226141,469,mRNA
27898,8225486,8225512,26,mRNA
27899,8225106,8225415,309,mRNA
27900,8224593,8225042,449,mRNA
27901,8224052,8224531,479,mRNA
27902,8223825,8223984,159,mRNA
27903,8223223,8223449,226,mRNA
27904,8222892,8223161,269,mRNA
27905,8222581,8222830,249,mRNA
27906,8222446,8222518,72,mRNA
27907,8222226,8222376,150,mRNA
27908,8221127,8222114,987,mRNA
27909,8239075,8239878,803,mRNA
27910,8230125,8230331,206,mRNA
27911,8228494,8229011,517,mRNA
27912,8227652,8227826,174,mRNA
27913,8226458,8226606,148,mRNA
27914,8226210,8226393,183,mRNA
27915,8225672,8226141,469,mRNA
27916,8225486,8225512,26,mRNA
27917,8225106,8225415,309,mRNA
27918,8224593,8225042,449,mRNA
27919,8224052,8224531,479,mRNA
27920,8223825,8223984,159,mRNA
27921,8223223,8223344,121,mRNA
27922,8222892,8223161,269,mRNA
27923,8222581,8222830,249,mRNA
27924,8222446,8222518,72,mRNA
27925,8222226,8222376,150,mRNA
27926,8221127,8222114,987,mRNA
27927,8239075,8239878,803,mRNA
27928,8230125,8230331,206,mRNA
27929,8228494,8229011,517,mRNA
27930,8227652,8227826,174,mRNA
27931,8226458,8226606,148,mRNA
27932,8226210,8226393,183,mRNA
27933,8225672,8226141,469,mRNA
27934,8225486,8225512,26,mRNA
27935,8225106,8225415,309,mRNA
27936,8224593,8225042,449,mRNA
27937,8224052,8224531,479,mRNA
27938,8223825,8223984,159,mRNA
27939,8223223,8223449,226,mRNA
27940,8222892,8223161,269,mRNA
27941,8222581,8222830,249,mRNA
27942,8222446,8222518,72,mRNA
27943,8222226,8222376,150,mRNA
27944,8221127,8222114,987,mRNA
27945,8238919,8239158,239,mRNA
27946,8230125,8230331,206,mRNA
27947,8228494,8229011,517,mRNA
27948,8227670,8227826,156,mRNA
27949,8226458,8226606,148,mRNA
27950,8226210,8226393,183,mRNA
27951,8225672,8226141,469,mRNA
27952,8225486,8225512,26,mRNA
27953,8225106,8225415,309,mRNA
27954,8224593,8225042,449,mRNA
27955,8224052,8224531,479,mRNA
27956,8223825,8223984,159,mRNA
27957,8223223,8223449,226,mRNA
27958,8222892,8223161,269,mRNA
27959,8222581,8222830,249,mRNA
27960,8222446,8222518,72,mRNA
27961,8222226,8222376,150,mRNA
27962,8221127,8222114,987,mRNA
27963,8230618,8230677,59,mRNA
27964,8230125,8230331,206,mRNA
27965,8228494,8229011,517,mRNA
27966,8227652,8227826,174,mRNA
27967,8226458,8226606,148,mRNA
27968,8226210,8226393,183,mRNA
27969,8225672,8226141,469,mRNA
27970,8225486,8225512,26,mRNA
27971,8225106,8225415,309,mRNA
27972,8224593,8225042,449,mRNA
27973,8224052,8224531,479,mRNA
27974,8223825,8223984,159,mRNA
27975,8223223,8223449,226,mRNA
27976,8222892,8223161,269,mRNA
27977,8222581,8222830,249,mRNA
27978,8222446,8222518,72,mRNA
27979,8222226,8222376,150,mRNA
27980,8221127,8222114,987,mRNA
27981,8230125,8230194,69,CDS
27982,8228494,8229011,517,CDS
27983,8227670,8227826,156,CDS
27984,8226458,8226606,148,CDS
27985,8226210,8226393,183,CDS
27986,8225672,8226141,469,CDS
27987,8225486,8225512,26,CDS
27988,8225106,8225415,309,CDS
27989,8224593,8225042,449,CDS
27990,8224052,8224531,479,CDS
27991,8223825,8223984,159,CDS
27992,8223223,8223344,121,CDS
27993,8222892,8223161,269,CDS
27994,8222581,8222830,249,CDS
27995,8222446,8222518,72,CDS
27996,8222226,8222376,150,CDS
27997,8221549,8222114,565,CDS
27998,8230125,8230194,69,CDS
27999,8228494,8229011,517,CDS
28000,8227670,8227826,156,CDS
28001,8226458,8226606,148,CDS
28002,8226210,8226393,183,CDS
28003,8225672,8226141,469,CDS
28004,8225486,8225512,26,CDS
28005,8225106,8225415,309,CDS
28006,8224593,8225042,449,CDS
28007,8224052,8224531,479,CDS
28008,8223825,8223984,159,CDS
28009,8223223,8223449,226,CDS
28010,8222892,8223161,269,CDS
28011,8222581,8222830,249,CDS
28012,8222446,8222518,72,CDS
28013,8222226,8222376,150,CDS
28014,8221549,8222114,565,CDS
28015,8230125,8230194,69,CDS
28016,8228494,8229011,517,CDS
28017,8227670,8227826,156,CDS
28018,8226929,8227150,221,CDS
28019,8226458,8226606,148,CDS
28020,8226210,8226393,183,CDS
28021,8225672,8226141,469,CDS
28022,8225106,8225415,309,CDS
28023,8224593,8225042,449,CDS
28024,8224052,8224531,479,CDS
28025,8223825,8223984,159,CDS
28026,8223223,8223449,226,CDS
28027,8222892,8223161,269,CDS
28028,8222581,8222830,249,CDS
28029,8222446,8222518,72,CDS
28030,8222226,8222376,150,CDS
28031,8221549,8222114,565,CDS
28032,8230125,8230194,69,CDS
28033,8228494,8229011,517,CDS
28034,8227670,8227826,156,CDS
28035,8226929,8227150,221,CDS
28036,8226458,8226606,148,CDS
28037,8226210,8226393,183,CDS
28038,8225672,8226141,469,CDS
28039,8225486,8225512,26,CDS
28040,8225106,8225415,309,CDS
28041,8224593,8225042,449,CDS
28042,8224052,8224531,479,CDS
28043,8223825,8223984,159,CDS
28044,8223223,8223449,226,CDS
28045,8222892,8223161,269,CDS
28046,8222581,8222830,249,CDS
28047,8222446,8222518,72,CDS
28048,8222226,8222376,150,CDS
28049,8221549,8221967,418,CDS
28050,8230125,8230194,69,CDS
28051,8228494,8229011,517,CDS
28052,8227670,8227826,156,CDS
28053,8226929,8227150,221,CDS
28054,8226458,8226606,148,CDS
28055,8226210,8226393,183,CDS
28056,8225672,8226141,469,CDS
28057,8225486,8225512,26,CDS
28058,8225106,8225415,309,CDS
28059,8224593,8225042,449,CDS
28060,8224052,8224531,479,CDS
28061,8223825,8223984,159,CDS
28062,8223223,8223449,226,CDS
28063,8222892,8223161,269,CDS
28064,8222581,8222830,249,CDS
28065,8222446,8222518,72,CDS
28066,8222226,8222376,150,CDS
28067,8221549,8222114,565,CDS
28068,8230125,8230194,69,CDS
28069,8228494,8229011,517,CDS
28070,8227652,8227826,174,CDS
28071,8226458,8226603,145,CDS
28072,8226210,8226393,183,CDS
28073,8225672,8226141,469,CDS
28074,8225106,8225415,309,CDS
28075,8224593,8225042,449,CDS
28076,8224052,8224531,479,CDS
28077,8223825,8223984,159,CDS
28078,8223223,8223449,226,CDS
28079,8222892,8223161,269,CDS
28080,8222581,8222830,249,CDS
28081,8222446,8222518,72,CDS
28082,8222226,8222376,150,CDS
28083,8221549,8222114,565,CDS
28084,8230125,8230194,69,CDS
28085,8228494,8229011,517,CDS
28086,8227652,8227826,174,CDS
28087,8226458,8226606,148,CDS
28088,8226210,8226393,183,CDS
28089,8225672,8226141,469,CDS
28090,8225106,8225415,309,CDS
28091,8224593,8225042,449,CDS
28092,8224052,8224531,479,CDS
28093,8223825,8223984,159,CDS
28094,8223223,8223449,226,CDS
28095,8222892,8223161,269,CDS
28096,8222581,8222830,249,CDS
28097,8222446,8222518,72,CDS
28098,8222226,8222376,150,CDS
28099,8221549,8222114,565,CDS
28100,8230125,8230194,69,CDS
28101,8228494,8229011,517,CDS
28102,8227652,8227826,174,CDS
28103,8226458,8226606,148,CDS
28104,8226210,8226393,183,CDS
28105,8225672,8226141,469,CDS
28106,8225486,8225512,26,CDS
28107,8225106,8225415,309,CDS
28108,8224593,8225042,449,CDS
28109,8224052,8224531,479,CDS
28110,8223825,8223984,159,CDS
28111,8223223,8223344,121,CDS
28112,8222892,8223161,269,CDS
28113,8222581,8222830,249,CDS
28114,8222446,8222518,72,CDS
28115,8222226,8222376,150,CDS
28116,8221549,8222114,565,CDS
28117,8230125,8230194,69,CDS
28118,8228494,8229011,517,CDS
28119,8227652,8227826,174,CDS
28120,8226458,8226606,148,CDS
28121,8226210,8226393,183,CDS
28122,8225672,8226141,469,CDS
28123,8225486,8225512,26,CDS
28124,8225106,8225415,309,CDS
28125,8224593,8225042,449,CDS
28126,8224052,8224531,479,CDS
28127,8223825,8223984,159,CDS
28128,8223223,8223449,226,CDS
28129,8222892,8223161,269,CDS
28130,8222581,8222830,249,CDS
28131,8222446,8222518,72,CDS
28132,8222226,8222376,150,CDS
28133,8221549,8222114,565,CDS
28134,8230125,8230194,69,CDS
28135,8228494,8229011,517,CDS
28136,8227652,8227826,174,CDS
28137,8226458,8226606,148,CDS
28138,8226210,8226393,183,CDS
28139,8225672,8226141,469,CDS
28140,8225486,8225512,26,CDS
28141,8225106,8225415,309,CDS
28142,8224593,8225042,449,CDS
28143,8224052,8224531,479,CDS
28144,8223825,8223984,159,CDS
28145,8223223,8223449,226,CDS
28146,8222892,8223161,269,CDS
28147,8222581,8222830,249,CDS
28148,8222446,8222518,72,CDS
28149,8222226,8222376,150,CDS
28150,8221549,8222114,565,CDS
28151,8230125,8230194,69,CDS
28152,8228494,8229011,517,CDS
28153,8227652,8227826,174,CDS
28154,8226458,8226606,148,CDS
28155,8226210,8226393,183,CDS
28156,8225672,8226141,469,CDS
28157,8225486,8225512,26,CDS
28158,8225106,8225415,309,CDS
28159,8224593,8225042,449,CDS
28160,8224052,8224531,479,CDS
28161,8223825,8223984,159,CDS
28162,8223223,8223449,226,CDS
28163,8222892,8223161,269,CDS
28164,8222581,8222830,249,CDS
28165,8222446,8222518,72,CDS
28166,8222226,8222376,150,CDS
28167,8221549,8222114,565,CDS
28168,8230125,8230194,69,CDS
28169,8228494,8229011,517,CDS
28170,8228083,8228257,174,CDS
28171,8226458,8226603,145,CDS
28172,8226210,8226393,183,CDS
28173,8225672,8226141,469,CDS
28174,8225106,8225415,309,CDS
28175,8224593,8225042,449,CDS
28176,8224052,8224531,479,CDS
28177,8223825,8223984,159,CDS
28178,8223223,8223449,226,CDS
28179,8222892,8223161,269,CDS
28180,8222581,8222830,249,CDS
28181,8222446,8222518,72,CDS
28182,8222226,8222376,150,CDS
28183,8221549,8222114,565,CDS
28184,8230125,8230194,69,CDS
28185,8228494,8229011,517,CDS
28186,8228083,8228257,174,CDS
28187,8226458,8226606,148,CDS
28188,8226210,8226393,183,CDS
28189,8225672,8226141,469,CDS
28190,8225486,8225512,26,CDS
28191,8225106,8225415,309,CDS
28192,8224593,8225042,449,CDS
28193,8224052,8224531,479,CDS
28194,8223825,8223984,159,CDS
28195,8223223,8223449,226,CDS
28196,8222892,8223161,269,CDS
28197,8222581,8222830,249,CDS
28198,8222446,8222518,72,CDS
28199,8222226,8222376,150,CDS
28200,8221549,8222114,565,CDS
28201,8240414,8241800,1386,gene
28202,8241754,8241800,46,mRNA
28203,8240855,8241693,838,mRNA
28204,8240657,8240795,138,mRNA
28205,8240414,8240601,187,mRNA
28206,8241754,8241766,12,CDS
28207,8240855,8241693,838,CDS
28208,8240657,8240795,138,CDS
28209,8240465,8240601,136,CDS
28210,8242055,8242435,380,gene
28211,8242055,8242118,63,ncRNA
28212,8242180,8242435,255,ncRNA
28213,8242486,8243426,940,gene
28214,8242486,8242729,243,mRNA
28215,8242783,8243184,401,mRNA
28216,8243248,8243426,178,mRNA
28217,8242632,8242729,97,mRNA
28218,8242783,8243184,401,mRNA
28219,8243248,8243426,178,mRNA
28220,8242667,8242729,62,CDS
28221,8242783,8243184,401,CDS
28222,8243248,8243292,44,CDS
28223,8242667,8242729,62,CDS
28224,8242783,8243184,401,CDS
28225,8243248,8243292,44,CDS
28226,8243323,8244003,680,gene
28227,8243919,8244003,84,mRNA
28228,8243759,8243868,109,mRNA
28229,8243323,8243704,381,mRNA
28230,8243919,8244003,84,mRNA
28231,8243759,8243868,109,mRNA
28232,8243432,8243704,272,mRNA
28233,8243919,8243988,69,CDS
28234,8243759,8243868,109,CDS
28235,8243513,8243704,191,CDS
28236,8243919,8243988,69,CDS
28237,8243759,8243868,109,CDS
28238,8243513,8243704,191,CDS
28239,8244160,8257502,13342,gene
28240,8257078,8257502,424,mRNA
28241,8252595,8252775,180,mRNA
28242,8252228,8252533,305,mRNA
28243,8244970,8245223,253,mRNA
28244,8244160,8244501,341,mRNA
28245,8257078,8257502,424,mRNA
28246,8252595,8252775,180,mRNA
28247,8252228,8252533,305,mRNA
28248,8250583,8250681,98,mRNA
28249,8250402,8250500,98,mRNA
28250,8250232,8250330,98,mRNA
28251,8247060,8250128,3068,mRNA
28252,8246674,8246766,92,mRNA
28253,8245740,8246217,477,mRNA
28254,8244970,8245223,253,mRNA
28255,8244160,8244501,341,mRNA
28256,8252843,8252966,123,mRNA
28257,8252595,8252775,180,mRNA
28258,8252228,8252533,305,mRNA
28259,8250583,8250681,98,mRNA
28260,8250402,8250500,98,mRNA
28261,8250232,8250330,98,mRNA
28262,8247060,8250128,3068,mRNA
28263,8245740,8246217,477,mRNA
28264,8244970,8245223,253,mRNA
28265,8244160,8244501,341,mRNA
28266,8252843,8252966,123,mRNA
28267,8252595,8252775,180,mRNA
28268,8252228,8252533,305,mRNA
28269,8250583,8250681,98,mRNA
28270,8250402,8250500,98,mRNA
28271,8250232,8250330,98,mRNA
28272,8247060,8250128,3068,mRNA
28273,8246674,8246766,92,mRNA
28274,8246419,8246484,65,mRNA
28275,8245740,8246217,477,mRNA
28276,8244970,8245223,253,mRNA
28277,8244160,8244501,341,mRNA
28278,8252843,8252966,123,mRNA
28279,8252595,8252775,180,mRNA
28280,8252228,8252533,305,mRNA
28281,8250583,8250681,98,mRNA
28282,8250402,8250500,98,mRNA
28283,8250232,8250330,98,mRNA
28284,8247060,8250128,3068,mRNA
28285,8246861,8246959,98,mRNA
28286,8246674,8246766,92,mRNA
28287,8245740,8246217,477,mRNA
28288,8244970,8245223,253,mRNA
28289,8244160,8244501,341,mRNA
28290,8252843,8252966,123,mRNA
28291,8252595,8252775,180,mRNA
28292,8252228,8252533,305,mRNA
28293,8250583,8250681,98,mRNA
28294,8250402,8250500,98,mRNA
28295,8250232,8250330,98,mRNA
28296,8247060,8250128,3068,mRNA
28297,8246861,8246959,98,mRNA
28298,8246674,8246766,92,mRNA
28299,8246419,8246484,65,mRNA
28300,8245740,8246217,477,mRNA
28301,8244970,8245223,253,mRNA
28302,8244160,8244501,341,mRNA
28303,8252843,8252966,123,mRNA
28304,8252595,8252775,180,mRNA
28305,8252228,8252533,305,mRNA
28306,8250863,8250967,104,mRNA
28307,8250583,8250681,98,mRNA
28308,8250402,8250500,98,mRNA
28309,8250232,8250330,98,mRNA
28310,8247060,8250128,3068,mRNA
28311,8246861,8246959,98,mRNA
28312,8245740,8246217,477,mRNA
28313,8244970,8245223,253,mRNA
28314,8244160,8244501,341,mRNA
28315,8252843,8252966,123,mRNA
28316,8252595,8252775,180,mRNA
28317,8252228,8252533,305,mRNA
28318,8250863,8250967,104,mRNA
28319,8250583,8250681,98,mRNA
28320,8250402,8250500,98,mRNA
28321,8250232,8250330,98,mRNA
28322,8247060,8250128,3068,mRNA
28323,8246861,8246959,98,mRNA
28324,8246674,8246766,92,mRNA
28325,8246419,8246484,65,mRNA
28326,8245740,8246217,477,mRNA
28327,8244970,8245223,253,mRNA
28328,8244160,8244501,341,mRNA
28329,8252843,8252966,123,mRNA
28330,8252595,8252775,180,mRNA
28331,8252228,8252533,305,mRNA
28332,8251224,8251325,101,mRNA
28333,8250583,8250681,98,mRNA
28334,8250402,8250500,98,mRNA
28335,8250232,8250330,98,mRNA
28336,8247060,8250128,3068,mRNA
28337,8246861,8246959,98,mRNA
28338,8246674,8246766,92,mRNA
28339,8246419,8246484,65,mRNA
28340,8245740,8246217,477,mRNA
28341,8244970,8245223,253,mRNA
28342,8244160,8244501,341,mRNA
28343,8252843,8252966,123,mRNA
28344,8252595,8252775,180,mRNA
28345,8252228,8252533,305,mRNA
28346,8251224,8251325,101,mRNA
28347,8250863,8250967,104,mRNA
28348,8250583,8250681,98,mRNA
28349,8250402,8250500,98,mRNA
28350,8250232,8250330,98,mRNA
28351,8247060,8250128,3068,mRNA
28352,8246861,8246959,98,mRNA
28353,8246674,8246766,92,mRNA
28354,8246419,8246484,65,mRNA
28355,8245740,8246217,477,mRNA
28356,8244970,8245223,253,mRNA
28357,8244160,8244501,341,mRNA
28358,8252595,8252706,111,CDS
28359,8252228,8252533,305,CDS
28360,8244970,8245223,253,CDS
28361,8244388,8244501,113,CDS
28362,8257078,8257502,424,mRNA
28363,8252595,8252775,180,mRNA
28364,8252228,8252533,305,mRNA
28365,8244970,8245223,253,mRNA
28366,8244545,8244732,187,mRNA
28367,8252843,8252966,123,mRNA
28368,8252595,8252775,180,mRNA
28369,8252228,8252533,305,mRNA
28370,8244970,8245223,253,mRNA
28371,8244545,8244732,187,mRNA
28372,8252843,8252851,8,CDS
28373,8252595,8252775,180,CDS
28374,8252228,8252533,305,CDS
28375,8244970,8245223,253,CDS
28376,8244586,8244732,146,CDS
28377,8252595,8252706,111,CDS
28378,8252228,8252533,305,CDS
28379,8244970,8245223,253,CDS
28380,8244586,8244732,146,CDS
28381,8252843,8252851,8,CDS
28382,8252595,8252775,180,CDS
28383,8252228,8252533,305,CDS
28384,8250583,8250681,98,CDS
28385,8250402,8250500,98,CDS
28386,8250232,8250330,98,CDS
28387,8247060,8250128,3068,CDS
28388,8245740,8246217,477,CDS
28389,8245217,8245223,6,CDS
28390,8252843,8252851,8,CDS
28391,8252595,8252775,180,CDS
28392,8252228,8252533,305,CDS
28393,8250583,8250681,98,CDS
28394,8250402,8250500,98,CDS
28395,8250232,8250330,98,CDS
28396,8247060,8250128,3068,CDS
28397,8246674,8246766,92,CDS
28398,8246419,8246484,65,CDS
28399,8245740,8246217,477,CDS
28400,8245217,8245223,6,CDS
28401,8252843,8252851,8,CDS
28402,8252595,8252775,180,CDS
28403,8252228,8252533,305,CDS
28404,8250583,8250681,98,CDS
28405,8250402,8250500,98,CDS
28406,8250232,8250330,98,CDS
28407,8247060,8250128,3068,CDS
28408,8246861,8246959,98,CDS
28409,8246674,8246766,92,CDS
28410,8245740,8246217,477,CDS
28411,8245217,8245223,6,CDS
28412,8252843,8252851,8,CDS
28413,8252595,8252775,180,CDS
28414,8252228,8252533,305,CDS
28415,8250583,8250681,98,CDS
28416,8250402,8250500,98,CDS
28417,8250232,8250330,98,CDS
28418,8247060,8250128,3068,CDS
28419,8246861,8246959,98,CDS
28420,8246674,8246766,92,CDS
28421,8246419,8246484,65,CDS
28422,8245740,8246217,477,CDS
28423,8245217,8245223,6,CDS
28424,8252843,8252851,8,CDS
28425,8252595,8252775,180,CDS
28426,8252228,8252533,305,CDS
28427,8250863,8250967,104,CDS
28428,8250583,8250681,98,CDS
28429,8250402,8250500,98,CDS
28430,8250232,8250330,98,CDS
28431,8247060,8250128,3068,CDS
28432,8246861,8246959,98,CDS
28433,8245740,8246217,477,CDS
28434,8245217,8245223,6,CDS
28435,8252843,8252851,8,CDS
28436,8252595,8252775,180,CDS
28437,8252228,8252533,305,CDS
28438,8250863,8250967,104,CDS
28439,8250583,8250681,98,CDS
28440,8250402,8250500,98,CDS
28441,8250232,8250330,98,CDS
28442,8247060,8250128,3068,CDS
28443,8246861,8246959,98,CDS
28444,8246674,8246766,92,CDS
28445,8246419,8246484,65,CDS
28446,8245740,8246217,477,CDS
28447,8245217,8245223,6,CDS
28448,8252843,8252851,8,CDS
28449,8252595,8252775,180,CDS
28450,8252228,8252533,305,CDS
28451,8251224,8251325,101,CDS
28452,8250583,8250681,98,CDS
28453,8250402,8250500,98,CDS
28454,8250232,8250330,98,CDS
28455,8247060,8250128,3068,CDS
28456,8246861,8246959,98,CDS
28457,8246674,8246766,92,CDS
28458,8246419,8246484,65,CDS
28459,8245740,8246217,477,CDS
28460,8245217,8245223,6,CDS
28461,8252843,8252851,8,CDS
28462,8252595,8252775,180,CDS
28463,8252228,8252533,305,CDS
28464,8251224,8251325,101,CDS
28465,8250863,8250967,104,CDS
28466,8250583,8250681,98,CDS
28467,8250402,8250500,98,CDS
28468,8250232,8250330,98,CDS
28469,8247060,8250128,3068,CDS
28470,8246861,8246959,98,CDS
28471,8246674,8246766,92,CDS
28472,8246419,8246484,65,CDS
28473,8245740,8246217,477,CDS
28474,8245217,8245223,6,CDS
28475,8252595,8252706,111,CDS
28476,8252228,8252533,305,CDS
28477,8250583,8250681,98,CDS
28478,8250402,8250500,98,CDS
28479,8250232,8250330,98,CDS
28480,8247060,8250128,3068,CDS
28481,8246674,8246766,92,CDS
28482,8245740,8246217,477,CDS
28483,8245217,8245223,6,CDS
28484,8258373,8301079,42706,gene
28485,8300506,8300746,240,mRNA
28486,8298071,8298340,269,mRNA
28487,8284125,8284220,95,mRNA
28488,8283869,8284064,195,mRNA
28489,8283409,8283555,146,mRNA
28490,8262475,8262680,205,mRNA
28491,8262285,8262401,116,mRNA
28492,8262139,8262219,80,mRNA
28493,8261943,8262073,130,mRNA
28494,8261740,8261868,128,mRNA
28495,8260909,8261681,772,mRNA
28496,8260698,8260831,133,mRNA
28497,8258373,8260636,2263,mRNA
28498,8258616,8258692,76,gene
28499,8258616,8258692,76,precursor_RNA
28500,8258623,8258645,22,ncRNA
28501,8258662,8258684,22,ncRNA
28502,8277371,8277702,331,mRNA
28503,8271936,8272176,240,mRNA
28504,8262475,8262680,205,mRNA
28505,8262285,8262401,116,mRNA
28506,8262139,8262219,80,mRNA
28507,8261943,8262073,130,mRNA
28508,8261740,8261868,128,mRNA
28509,8260909,8261681,772,mRNA
28510,8260698,8260831,133,mRNA
28511,8258755,8260636,1881,mRNA
28512,8300818,8301079,261,mRNA
28513,8298071,8298340,269,mRNA
28514,8284125,8284220,95,mRNA
28515,8283869,8284064,195,mRNA
28516,8283409,8283555,146,mRNA
28517,8262475,8262680,205,mRNA
28518,8262285,8262401,116,mRNA
28519,8262139,8262219,80,mRNA
28520,8261943,8262073,130,mRNA
28521,8261740,8261868,128,mRNA
28522,8260909,8261681,772,mRNA
28523,8260698,8260831,133,mRNA
28524,8259505,8260636,1131,mRNA
28525,8296441,8297124,683,mRNA
28526,8284125,8284220,95,mRNA
28527,8283869,8284064,195,mRNA
28528,8283409,8283555,146,mRNA
28529,8262475,8262680,205,mRNA
28530,8262285,8262401,116,mRNA
28531,8262139,8262219,80,mRNA
28532,8261943,8262073,130,mRNA
28533,8261740,8261868,128,mRNA
28534,8260909,8261681,772,mRNA
28535,8260698,8260831,133,mRNA
28536,8259505,8260636,1131,mRNA
28537,8277371,8277702,331,mRNA
28538,8271936,8272179,243,mRNA
28539,8262475,8262680,205,mRNA
28540,8262285,8262401,116,mRNA
28541,8262139,8262219,80,mRNA
28542,8261943,8262073,130,mRNA
28543,8261740,8261868,128,mRNA
28544,8260909,8261681,772,mRNA
28545,8260698,8260831,133,mRNA
28546,8259505,8260636,1131,mRNA
28547,8271936,8274224,2288,mRNA
28548,8262475,8262680,205,mRNA
28549,8262285,8262401,116,mRNA
28550,8262139,8262219,80,mRNA
28551,8261943,8262073,130,mRNA
28552,8261740,8261868,128,mRNA
28553,8260909,8261681,772,mRNA
28554,8260698,8260831,133,mRNA
28555,8259505,8260636,1131,mRNA
28556,8265195,8265793,598,mRNA
28557,8262475,8262680,205,mRNA
28558,8262285,8262401,116,mRNA
28559,8262139,8262219,80,mRNA
28560,8261943,8262073,130,mRNA
28561,8261740,8261868,128,mRNA
28562,8260909,8261681,772,mRNA
28563,8260698,8260831,133,mRNA
28564,8259505,8260636,1131,mRNA
28565,8300506,8301079,573,mRNA
28566,8298071,8298340,269,mRNA
28567,8284125,8284220,95,mRNA
28568,8283869,8284064,195,mRNA
28569,8283409,8283555,146,mRNA
28570,8262475,8262680,205,mRNA
28571,8262285,8262401,116,mRNA
28572,8262139,8262219,80,mRNA
28573,8261943,8262073,130,mRNA
28574,8261740,8261868,128,mRNA
28575,8260909,8261681,772,mRNA
28576,8260698,8260831,133,mRNA
28577,8260071,8260636,565,mRNA
28578,8298071,8298322,251,CDS
28579,8284125,8284220,95,CDS
28580,8283869,8284064,195,CDS
28581,8283409,8283555,146,CDS
28582,8262475,8262680,205,CDS
28583,8262285,8262401,116,CDS
28584,8262139,8262219,80,CDS
28585,8261943,8262073,130,CDS
28586,8261740,8261868,128,CDS
28587,8260909,8261681,772,CDS
28588,8260698,8260831,133,CDS
28589,8260538,8260636,98,CDS
28590,8298071,8298322,251,CDS
28591,8284125,8284220,95,CDS
28592,8283869,8284064,195,CDS
28593,8283409,8283555,146,CDS
28594,8262475,8262680,205,CDS
28595,8262285,8262401,116,CDS
28596,8262139,8262219,80,CDS
28597,8261943,8262073,130,CDS
28598,8261740,8261868,128,CDS
28599,8260909,8261681,772,CDS
28600,8260698,8260831,133,CDS
28601,8260538,8260636,98,CDS
28602,8298071,8298322,251,CDS
28603,8284125,8284220,95,CDS
28604,8283869,8284064,195,CDS
28605,8283409,8283555,146,CDS
28606,8262475,8262680,205,CDS
28607,8262285,8262401,116,CDS
28608,8262139,8262219,80,CDS
28609,8261943,8262073,130,CDS
28610,8261740,8261868,128,CDS
28611,8260909,8261681,772,CDS
28612,8260698,8260831,133,CDS
28613,8260538,8260636,98,CDS
28614,8271936,8272077,141,CDS
28615,8262475,8262680,205,CDS
28616,8262285,8262401,116,CDS
28617,8262139,8262219,80,CDS
28618,8261943,8262073,130,CDS
28619,8261740,8261868,128,CDS
28620,8260909,8261681,772,CDS
28621,8260698,8260831,133,CDS
28622,8260538,8260636,98,CDS
28623,8271936,8272077,141,CDS
28624,8262475,8262680,205,CDS
28625,8262285,8262401,116,CDS
28626,8262139,8262219,80,CDS
28627,8261943,8262073,130,CDS
28628,8261740,8261868,128,CDS
28629,8260909,8261681,772,CDS
28630,8260698,8260831,133,CDS
28631,8260538,8260636,98,CDS
28632,8271936,8272077,141,CDS
28633,8262475,8262680,205,CDS
28634,8262285,8262401,116,CDS
28635,8262139,8262219,80,CDS
28636,8261943,8262073,130,CDS
28637,8261740,8261868,128,CDS
28638,8260909,8261681,772,CDS
28639,8260698,8260831,133,CDS
28640,8260538,8260636,98,CDS
28641,8265195,8265222,27,CDS
28642,8262475,8262680,205,CDS
28643,8262285,8262401,116,CDS
28644,8262139,8262219,80,CDS
28645,8261943,8262073,130,CDS
28646,8261740,8261868,128,CDS
28647,8260909,8261681,772,CDS
28648,8260698,8260831,133,CDS
28649,8260538,8260636,98,CDS
28650,8262285,8262332,47,CDS
28651,8262139,8262219,80,CDS
28652,8261943,8262073,130,CDS
28653,8261740,8261868,128,CDS
28654,8260909,8261681,772,CDS
28655,8260698,8260831,133,CDS
28656,8260538,8260636,98,CDS
28657,8290727,8290799,72,gene
28658,8290727,8290799,72,tRNA
28659,8295158,8295666,508,gene
28660,8295158,8295666,508,ncRNA
28661,8301345,8302985,1640,gene
28662,8302758,8302985,227,mRNA
28663,8302524,8302698,174,mRNA
28664,8301936,8302332,396,mRNA
28665,8301345,8301879,534,mRNA
28666,8302758,8302823,65,CDS
28667,8302524,8302698,174,CDS
28668,8301936,8302332,396,CDS
28669,8301537,8301879,342,CDS
28670,8303429,8305376,1947,gene
28671,8303429,8304100,671,mRNA
28672,8304173,8304577,404,mRNA
28673,8304662,8304772,110,mRNA
28674,8304844,8304987,143,mRNA
28675,8305052,8305376,324,mRNA
28676,8303429,8304100,671,mRNA
28677,8304173,8304577,404,mRNA
28678,8304662,8304772,110,mRNA
28679,8304844,8304987,143,mRNA
28680,8305052,8305376,324,mRNA
28681,8303429,8304100,671,mRNA
28682,8304173,8304577,404,mRNA
28683,8304844,8304987,143,mRNA
28684,8305052,8305376,324,mRNA
28685,8303541,8304100,559,CDS
28686,8304173,8304577,404,CDS
28687,8304662,8304772,110,CDS
28688,8304844,8304987,143,CDS
28689,8305052,8305193,141,CDS
28690,8303541,8304100,559,CDS
28691,8304173,8304577,404,CDS
28692,8304662,8304772,110,CDS
28693,8304844,8304987,143,CDS
28694,8305052,8305163,111,CDS
28695,8303541,8304100,559,CDS
28696,8304173,8304577,404,CDS
28697,8304844,8304987,143,CDS
28698,8305052,8305163,111,CDS
28699,8305586,8306741,1155,gene
28700,8305586,8306741,1155,mRNA
28701,8305685,8306665,980,CDS
28702,8306696,8308192,1496,gene
28703,8307983,8308192,209,mRNA
28704,8307147,8307873,726,mRNA
28705,8306906,8307068,162,mRNA
28706,8306696,8306840,144,mRNA
28707,8307983,8308069,86,CDS
28708,8307147,8307873,726,CDS
28709,8306906,8307068,162,CDS
28710,8306825,8306840,15,CDS
28711,8308427,8309961,1534,gene
28712,8308427,8308609,182,mRNA
28713,8308682,8309198,516,mRNA
28714,8309255,8309961,706,mRNA
28715,8308544,8308609,65,CDS
28716,8308682,8309198,516,CDS
28717,8309255,8309865,610,CDS
28718,8309876,8311195,1319,gene
28719,8309876,8311195,1319,mRNA
28720,8310029,8311123,1094,CDS
28721,8311399,8317011,5612,gene
28722,8311399,8311932,533,mRNA
28723,8312385,8314334,1949,mRNA
28724,8314396,8315096,700,mRNA
28725,8315157,8316126,969,mRNA
28726,8316195,8317011,816,mRNA
28727,8311569,8311932,363,CDS
28728,8312385,8314334,1949,CDS
28729,8314396,8315096,700,CDS
28730,8315157,8316126,969,CDS
28731,8316195,8316673,478,CDS
28732,8316889,8319908,3019,gene
28733,8319379,8319908,529,mRNA
28734,8319076,8319310,234,mRNA
28735,8317837,8318959,1122,mRNA
28736,8317634,8317780,146,mRNA
28737,8316889,8317354,465,mRNA
28738,8319379,8319908,529,mRNA
28739,8319076,8319310,234,mRNA
28740,8317837,8318959,1122,mRNA
28741,8317634,8317780,146,mRNA
28742,8317524,8317550,26,mRNA
28743,8316889,8317354,465,mRNA
28744,8319379,8319676,297,CDS
28745,8319076,8319310,234,CDS
28746,8317837,8318959,1122,CDS
28747,8317634,8317780,146,CDS
28748,8317208,8317354,146,CDS
28749,8319379,8319676,297,CDS
28750,8319076,8319310,234,CDS
28751,8317837,8318959,1122,CDS
28752,8317634,8317780,146,CDS
28753,8317539,8317550,11,CDS
28754,8320328,8321285,957,gene
28755,8320328,8320531,203,mRNA
28756,8320602,8321285,683,mRNA
28757,8320409,8320531,122,CDS
28758,8320602,8320847,245,CDS
28759,8321280,8325409,4129,gene
28760,8324959,8325409,450,mRNA
28761,8322774,8322947,173,mRNA
28762,8322309,8322702,393,mRNA
28763,8321280,8322241,961,mRNA
28764,8324959,8325262,303,mRNA
28765,8322774,8322947,173,mRNA
28766,8322309,8322702,393,mRNA
28767,8321280,8322241,961,mRNA
28768,8324959,8325013,54,CDS
28769,8322774,8322947,173,CDS
28770,8322488,8322702,214,CDS
28771,8324959,8325013,54,CDS
28772,8322774,8322947,173,CDS
28773,8322488,8322702,214,CDS
28774,8327456,8332911,5455,gene
28775,8327456,8327583,127,mRNA
28776,8329648,8329764,116,mRNA
28777,8332308,8332911,603,mRNA
28778,8329048,8329174,126,mRNA
28779,8329648,8329764,116,mRNA
28780,8332308,8332911,603,mRNA
28781,8329704,8329764,60,CDS
28782,8332308,8332693,385,CDS
28783,8329704,8329764,60,CDS
28784,8332308,8332693,385,CDS
28785,8338287,8342056,3769,gene
28786,8338287,8338488,201,mRNA
28787,8338580,8338665,85,mRNA
28788,8340184,8340310,126,mRNA
28789,8340864,8342056,1192,mRNA
28790,8338440,8338488,48,CDS
28791,8338580,8338665,85,CDS
28792,8340184,8340310,126,CDS
28793,8340864,8341165,301,CDS
28794,8342695,8344378,1683,gene
28795,8342695,8342989,294,mRNA
28796,8343383,8343841,458,mRNA
28797,8344072,8344378,306,mRNA
28798,8342929,8342989,60,CDS
28799,8343383,8343841,458,CDS
28800,8344072,8344310,238,CDS
28801,8343320,8345015,1695,gene
28802,8344061,8345015,954,ncRNA
28803,8343320,8343984,664,ncRNA
28804,8346620,8351112,4492,gene
28805,8346620,8346865,245,mRNA
28806,8349075,8349611,536,mRNA
28807,8349744,8351112,1368,mRNA
28808,8346620,8346865,245,mRNA
28809,8349075,8349611,536,mRNA
28810,8349744,8350197,453,mRNA
28811,8346805,8346865,60,CDS
28812,8349075,8349611,536,CDS
28813,8349744,8349955,211,CDS
28814,8346805,8346865,60,CDS
28815,8349075,8349611,536,CDS
28816,8349744,8349955,211,CDS
28817,8352187,8355172,2985,gene
28818,8352187,8352371,184,mRNA
28819,8353331,8353503,172,mRNA
28820,8353574,8354804,1230,mRNA
28821,8354878,8355172,294,mRNA
28822,8352308,8352371,63,CDS
28823,8353331,8353503,172,CDS
28824,8353574,8354804,1230,CDS
28825,8354878,8355077,199,CDS
28826,8355678,8362469,6791,gene
28827,8362039,8362469,430,mRNA
28828,8361101,8361198,97,mRNA
28829,8360947,8361032,85,mRNA
28830,8360210,8360518,308,mRNA
28831,8359636,8359844,208,mRNA
28832,8357943,8359570,1627,mRNA
28833,8357358,8357881,523,mRNA
28834,8357034,8357299,265,mRNA
28835,8356045,8356974,929,mRNA
28836,8355678,8355974,296,mRNA
28837,8362284,8362469,185,mRNA
28838,8361101,8361198,97,mRNA
28839,8360947,8361032,85,mRNA
28840,8360210,8360518,308,mRNA
28841,8359636,8359844,208,mRNA
28842,8357943,8359570,1627,mRNA
28843,8357358,8357881,523,mRNA
28844,8357034,8357299,265,mRNA
28845,8356045,8356974,929,mRNA
28846,8355686,8355974,288,mRNA
28847,8361101,8361177,76,CDS
28848,8360947,8361032,85,CDS
28849,8360210,8360518,308,CDS
28850,8359636,8359844,208,CDS
28851,8357943,8359570,1627,CDS
28852,8357358,8357881,523,CDS
28853,8357034,8357299,265,CDS
28854,8356045,8356974,929,CDS
28855,8355936,8355974,38,CDS
28856,8361101,8361177,76,CDS
28857,8360947,8361032,85,CDS
28858,8360210,8360518,308,CDS
28859,8359636,8359844,208,CDS
28860,8357943,8359570,1627,CDS
28861,8357358,8357881,523,CDS
28862,8357034,8357299,265,CDS
28863,8356045,8356974,929,CDS
28864,8355936,8355974,38,CDS
28865,8363477,8364662,1185,gene
28866,8364541,8364662,121,mRNA
28867,8364188,8364315,127,mRNA
28868,8363477,8364125,648,mRNA
28869,8364541,8364609,68,mRNA
28870,8364188,8364315,127,mRNA
28871,8363690,8364125,435,mRNA
28872,8364541,8364596,55,mRNA
28873,8364188,8364315,127,mRNA
28874,8363699,8364125,426,mRNA
28875,8364541,8364563,22,CDS
28876,8364188,8364315,127,CDS
28877,8363821,8364125,304,CDS
28878,8364541,8364563,22,CDS
28879,8364188,8364315,127,CDS
28880,8363821,8364125,304,CDS
28881,8364541,8364563,22,CDS
28882,8364188,8364315,127,CDS
28883,8363821,8364125,304,CDS
28884,8364855,8365663,808,gene
28885,8364855,8364979,124,mRNA
28886,8365040,8365104,64,mRNA
28887,8365153,8365328,175,mRNA
28888,8365389,8365663,274,mRNA
28889,8364923,8364979,56,CDS
28890,8365040,8365104,64,CDS
28891,8365153,8365328,175,CDS
28892,8365389,8365639,250,CDS
28893,8366038,8370090,4052,gene
28894,8366038,8366394,356,mRNA
28895,8367096,8367249,153,mRNA
28896,8367312,8367730,418,mRNA
28897,8367797,8367871,74,mRNA
28898,8367931,8368696,765,mRNA
28899,8368758,8369030,272,mRNA
28900,8369223,8369560,337,mRNA
28901,8369716,8370090,374,mRNA
28902,8366038,8366394,356,mRNA
28903,8367096,8367249,153,mRNA
28904,8367312,8367730,418,mRNA
28905,8367797,8367871,74,mRNA
28906,8367931,8368696,765,mRNA
28907,8368758,8369030,272,mRNA
28908,8369223,8369399,176,mRNA
28909,8369716,8370082,366,mRNA
28910,8366038,8366394,356,mRNA
28911,8367096,8367249,153,mRNA
28912,8367312,8367730,418,mRNA
28913,8367797,8367871,74,mRNA
28914,8367931,8368696,765,mRNA
28915,8368758,8369030,272,mRNA
28916,8369716,8370082,366,mRNA
28917,8366038,8366123,85,mRNA
28918,8366193,8366394,201,mRNA
28919,8367096,8367249,153,mRNA
28920,8367312,8367730,418,mRNA
28921,8367797,8367871,74,mRNA
28922,8367931,8368696,765,mRNA
28923,8368758,8369030,272,mRNA
28924,8369716,8370082,366,mRNA
28925,8366038,8366081,43,mRNA
28926,8366138,8366394,256,mRNA
28927,8367096,8367249,153,mRNA
28928,8367312,8367730,418,mRNA
28929,8367797,8367871,74,mRNA
28930,8367931,8368696,765,mRNA
28931,8368758,8369030,272,mRNA
28932,8369716,8370082,366,mRNA
28933,8366311,8366394,83,CDS
28934,8367096,8367249,153,CDS
28935,8367312,8367730,418,CDS
28936,8367797,8367871,74,CDS
28937,8367931,8368696,765,CDS
28938,8368758,8369030,272,CDS
28939,8369223,8369399,176,CDS
28940,8369716,8369720,4,CDS
28941,8366311,8366394,83,CDS
28942,8367096,8367249,153,CDS
28943,8367312,8367730,418,CDS
28944,8367797,8367871,74,CDS
28945,8367931,8368696,765,CDS
28946,8368758,8369030,272,CDS
28947,8369716,8369720,4,CDS
28948,8366311,8366394,83,CDS
28949,8367096,8367249,153,CDS
28950,8367312,8367730,418,CDS
28951,8367797,8367871,74,CDS
28952,8367931,8368696,765,CDS
28953,8368758,8369030,272,CDS
28954,8369716,8369720,4,CDS
28955,8366311,8366394,83,CDS
28956,8367096,8367249,153,CDS
28957,8367312,8367730,418,CDS
28958,8367797,8367871,74,CDS
28959,8367931,8368696,765,CDS
28960,8368758,8369030,272,CDS
28961,8369716,8369720,4,CDS
28962,8366311,8366394,83,CDS
28963,8367096,8367249,153,CDS
28964,8367312,8367730,418,CDS
28965,8367797,8367871,74,CDS
28966,8367931,8368696,765,CDS
28967,8368758,8369030,272,CDS
28968,8369223,8369404,181,CDS
28969,8370343,8370670,327,gene
28970,8370343,8370670,327,ncRNA
28971,8370454,8374250,3796,gene
28972,8370454,8370641,187,mRNA
28973,8372458,8372625,167,mRNA
28974,8372687,8372753,66,mRNA
28975,8372881,8373288,407,mRNA
28976,8373540,8373914,374,mRNA
28977,8373984,8374250,266,mRNA
28978,8370530,8371247,717,mRNA
28979,8372458,8372625,167,mRNA
28980,8372687,8372753,66,mRNA
28981,8372881,8373288,407,mRNA
28982,8373540,8373914,374,mRNA
28983,8373984,8374250,266,mRNA
28984,8370530,8370641,111,mRNA
28985,8372458,8372625,167,mRNA
28986,8372687,8372753,66,mRNA
28987,8372881,8373288,407,mRNA
28988,8373540,8373914,374,mRNA
28989,8373984,8374250,266,mRNA
28990,8372489,8372625,136,mRNA
28991,8372687,8372753,66,mRNA
28992,8372881,8373288,407,mRNA
28993,8373540,8373914,374,mRNA
28994,8373984,8374250,266,mRNA
28995,8372598,8372625,27,CDS
28996,8372687,8372753,66,CDS
28997,8372881,8373288,407,CDS
28998,8373540,8373914,374,CDS
28999,8373984,8374128,144,CDS
29000,8372598,8372625,27,CDS
29001,8372687,8372753,66,CDS
29002,8372881,8373288,407,CDS
29003,8373540,8373914,374,CDS
29004,8373984,8374128,144,CDS
29005,8372598,8372625,27,CDS
29006,8372687,8372753,66,CDS
29007,8372881,8373288,407,CDS
29008,8373540,8373914,374,CDS
29009,8373984,8374128,144,CDS
29010,8372598,8372625,27,CDS
29011,8372687,8372753,66,CDS
29012,8372881,8373288,407,CDS
29013,8373540,8373914,374,CDS
29014,8373984,8374128,144,CDS
29015,8374461,8375549,1088,gene
29016,8374461,8375549,1088,mRNA
29017,8374527,8375480,953,CDS
29018,8375502,8376797,1295,gene
29019,8376630,8376797,167,mRNA
29020,8375502,8376563,1061,mRNA
29021,8376630,8376773,143,CDS
29022,8375562,8376563,1001,CDS
29023,8377035,8378206,1171,gene
29024,8377035,8377172,137,mRNA
29025,8377225,8377521,296,mRNA
29026,8377577,8377793,216,mRNA
29027,8377847,8378206,359,mRNA
29028,8377084,8377172,88,CDS
29029,8377225,8377521,296,CDS
29030,8377577,8377793,216,CDS
29031,8377847,8378011,164,CDS
29032,8378262,8381764,3502,gene
29033,8381680,8381764,84,mRNA
29034,8380448,8381452,1004,mRNA
29035,8378262,8380324,2062,mRNA
29036,8380448,8381588,1140,mRNA
29037,8378262,8380324,2062,mRNA
29038,8380448,8381442,994,CDS
29039,8378419,8380324,1905,CDS
29040,8380448,8381442,994,CDS
29041,8378419,8380324,1905,CDS
29042,8381821,8382807,986,gene
29043,8382589,8382807,218,mRNA
29044,8381821,8382523,702,mRNA
29045,8382589,8382723,134,mRNA
29046,8381905,8382523,618,mRNA
29047,8382589,8382707,118,CDS
29048,8381971,8382523,552,CDS
29049,8382589,8382707,118,CDS
29050,8381971,8382523,552,CDS
29051,8382861,8383657,796,gene
29052,8382861,8383270,409,mRNA
29053,8383335,8383657,322,mRNA
29054,8382913,8383270,357,mRNA
29055,8383335,8383657,322,mRNA
29056,8382956,8383270,314,CDS
29057,8383335,8383619,284,CDS
29058,8382956,8383270,314,CDS
29059,8383335,8383619,284,CDS
29060,8383612,8384137,525,gene
29061,8383612,8384137,525,mRNA
29062,8383674,8384012,338,CDS
29063,8384455,8388804,4349,gene
29064,8384455,8384895,440,mRNA
29065,8384997,8385097,100,mRNA
29066,8386217,8386385,168,mRNA
29067,8386484,8387378,894,mRNA
29068,8387659,8387831,172,mRNA
29069,8387891,8388804,913,mRNA
29070,8384455,8384566,111,mRNA
29071,8384700,8384895,195,mRNA
29072,8384997,8385097,100,mRNA
29073,8386217,8386385,168,mRNA
29074,8386484,8387378,894,mRNA
29075,8387659,8387831,172,mRNA
29076,8387891,8388804,913,mRNA
29077,8384455,8384540,85,mRNA
29078,8384700,8385097,397,mRNA
29079,8386217,8386385,168,mRNA
29080,8386484,8387378,894,mRNA
29081,8387659,8387831,172,mRNA
29082,8387891,8388804,913,mRNA
29083,8384455,8384540,85,mRNA
29084,8384700,8384895,195,mRNA
29085,8384997,8385097,100,mRNA
29086,8386217,8386385,168,mRNA
29087,8386475,8387378,903,mRNA
29088,8387659,8387831,172,mRNA
29089,8387891,8388804,913,mRNA
29090,8384455,8384540,85,mRNA
29091,8384700,8384895,195,mRNA
29092,8384997,8385097,100,mRNA
29093,8386217,8386385,168,mRNA
29094,8386484,8387378,894,mRNA
29095,8387659,8387831,172,mRNA
29096,8387891,8388804,913,mRNA
29097,8384455,8384540,85,mRNA
29098,8384700,8384895,195,mRNA
29099,8384997,8385097,100,mRNA
29100,8386217,8386385,168,mRNA
29101,8386487,8387378,891,mRNA
29102,8387659,8387831,172,mRNA
29103,8387891,8388804,913,mRNA
29104,8384455,8384540,85,mRNA
29105,8384700,8384895,195,mRNA
29106,8386217,8386385,168,mRNA
29107,8386487,8387378,891,mRNA
29108,8387659,8387831,172,mRNA
29109,8387891,8388804,913,mRNA
29110,8384455,8384516,61,mRNA
29111,8384700,8384895,195,mRNA
29112,8384997,8385097,100,mRNA
29113,8386217,8386385,168,mRNA
29114,8386484,8387378,894,mRNA
29115,8387659,8387831,172,mRNA
29116,8387891,8388804,913,mRNA
29117,8384455,8384493,38,mRNA
29118,8384700,8384895,195,mRNA
29119,8384997,8385097,100,mRNA
29120,8386217,8386385,168,mRNA
29121,8386487,8387378,891,mRNA
29122,8387659,8387831,172,mRNA
29123,8387891,8388804,913,mRNA
29124,8384860,8384895,35,CDS
29125,8386217,8386385,168,CDS
29126,8386487,8387378,891,CDS
29127,8387659,8387831,172,CDS
29128,8387891,8388135,244,CDS
29129,8386139,8386385,246,mRNA
29130,8386475,8387378,903,mRNA
29131,8387659,8387831,172,mRNA
29132,8387891,8388804,913,mRNA
29133,8386139,8386385,246,mRNA
29134,8386487,8387378,891,mRNA
29135,8387659,8387831,172,mRNA
29136,8387891,8388804,913,mRNA
29137,8386247,8386385,138,CDS
29138,8386475,8387378,903,CDS
29139,8387659,8387831,172,CDS
29140,8387891,8388135,244,CDS
29141,8386247,8386385,138,CDS
29142,8386475,8387378,903,CDS
29143,8387659,8387831,172,CDS
29144,8387891,8388135,244,CDS
29145,8386247,8386385,138,CDS
29146,8386484,8387378,894,CDS
29147,8387659,8387831,172,CDS
29148,8387891,8388135,244,CDS
29149,8386247,8386385,138,CDS
29150,8386484,8387378,894,CDS
29151,8387659,8387831,172,CDS
29152,8387891,8388135,244,CDS
29153,8386247,8386385,138,CDS
29154,8386484,8387378,894,CDS
29155,8387659,8387831,172,CDS
29156,8387891,8388135,244,CDS
29157,8386247,8386385,138,CDS
29158,8386484,8387378,894,CDS
29159,8387659,8387831,172,CDS
29160,8387891,8388135,244,CDS
29161,8386247,8386385,138,CDS
29162,8386484,8387378,894,CDS
29163,8387659,8387831,172,CDS
29164,8387891,8388135,244,CDS
29165,8386247,8386385,138,CDS
29166,8386487,8387378,891,CDS
29167,8387659,8387831,172,CDS
29168,8387891,8388135,244,CDS
29169,8386247,8386385,138,CDS
29170,8386487,8387378,891,CDS
29171,8387659,8387831,172,CDS
29172,8387891,8388135,244,CDS
29173,8386247,8386385,138,CDS
29174,8386487,8387378,891,CDS
29175,8387659,8387831,172,CDS
29176,8387891,8388135,244,CDS
29177,8388728,8389331,603,gene
29178,8388728,8389331,603,mRNA
29179,8388829,8389269,440,CDS
29180,8389724,8389820,96,gene
29181,8389724,8389820,96,ncRNA
29182,8389881,8392398,2517,gene
29183,8391876,8392398,522,mRNA
29184,8391284,8391808,524,mRNA
29185,8389881,8391209,1328,mRNA
29186,8391876,8392295,419,CDS
29187,8391284,8391808,524,CDS
29188,8390085,8391209,1124,CDS
29189,8392456,8393222,766,gene
29190,8392456,8393222,766,mRNA
29191,8392507,8393211,704,CDS
29192,8393489,8394280,791,gene
29193,8393489,8394280,791,mRNA
29194,8393560,8394270,710,CDS
29195,8394429,8395332,903,gene
29196,8394429,8395332,903,ncRNA
29197,8394446,8394940,494,gene
29198,8394872,8394940,68,mRNA
29199,8394446,8394804,358,mRNA
29200,8394872,8394913,41,mRNA
29201,8394510,8394798,288,mRNA
29202,8394872,8394913,41,mRNA
29203,8394510,8394804,294,mRNA
29204,8394872,8394881,9,CDS
29205,8394533,8394798,265,CDS
29206,8394872,8394881,9,CDS
29207,8394533,8394804,271,CDS
29208,8394872,8394881,9,CDS
29209,8394533,8394804,271,CDS
29210,8395665,8396096,431,gene
29211,8396053,8396096,43,mRNA
29212,8395665,8395981,316,mRNA
29213,8396053,8396062,9,CDS
29214,8395713,8395981,268,CDS
29215,8396649,8397886,1237,gene
29216,8396649,8397886,1237,mRNA
29217,8396740,8397801,1061,CDS
29218,8399021,8400078,1057,gene
29219,8399021,8399371,350,mRNA
29220,8399446,8400078,632,mRNA
29221,8399044,8399371,327,CDS
29222,8399446,8399972,526,CDS
29223,8400421,8401592,1171,gene
29224,8400421,8401592,1171,mRNA
29225,8400476,8401477,1001,CDS
29226,8401476,8403280,1804,gene
29227,8403004,8403280,276,mRNA
29228,8401831,8402945,1114,mRNA
29229,8401476,8401771,295,mRNA
29230,8403004,8403139,135,mRNA
29231,8401831,8402945,1114,mRNA
29232,8401476,8401771,295,mRNA
29233,8403004,8403081,77,CDS
29234,8401831,8402945,1114,CDS
29235,8401714,8401771,57,CDS
29236,8403004,8403081,77,CDS
29237,8401831,8402945,1114,CDS
29238,8401714,8401771,57,CDS
29239,8403447,8403924,477,gene
29240,8403708,8403924,216,ncRNA
29241,8403447,8403644,197,ncRNA
29242,8403573,8408853,5280,gene
29243,8403573,8403660,87,mRNA
29244,8404005,8405779,1774,mRNA
29245,8405916,8406286,370,mRNA
29246,8406376,8406855,479,mRNA
29247,8406924,8407256,332,mRNA
29248,8407323,8407688,365,mRNA
29249,8407775,8408853,1078,mRNA
29250,8403573,8403660,87,mRNA
29251,8404005,8405779,1774,mRNA
29252,8405916,8406286,370,mRNA
29253,8406376,8406855,479,mRNA
29254,8406924,8407256,332,mRNA
29255,8407323,8407688,365,mRNA
29256,8407775,8408280,505,mRNA
29257,8404288,8405779,1491,CDS
29258,8405916,8406286,370,CDS
29259,8406376,8406855,479,CDS
29260,8406924,8407256,332,CDS
29261,8407323,8407688,365,CDS
29262,8407775,8407924,149,CDS
29263,8404288,8405779,1491,CDS
29264,8405916,8406286,370,CDS
29265,8406376,8406855,479,CDS
29266,8406924,8407256,332,CDS
29267,8407323,8407688,365,CDS
29268,8407775,8407924,149,CDS
29269,8408888,8411868,2980,gene
29270,8411287,8411608,321,mRNA
29271,8408888,8411207,2319,mRNA
29272,8411287,8411868,581,mRNA
29273,8409049,8411207,2158,mRNA
29274,8411287,8411544,257,CDS
29275,8409129,8411207,2078,CDS
29276,8411287,8411544,257,CDS
29277,8409129,8411207,2078,CDS
29278,8412144,8415256,3112,gene
29279,8414961,8415256,295,mRNA
29280,8412144,8414888,2744,mRNA
29281,8414961,8415256,295,mRNA
29282,8412411,8414888,2477,mRNA
29283,8413551,8414879,1328,CDS
29284,8413551,8414879,1328,CDS
29285,8415690,8431297,15607,gene
29286,8415690,8415886,196,mRNA
29287,8426874,8427093,219,mRNA
29288,8427158,8427553,395,mRNA
29289,8427615,8429462,1847,mRNA
29290,8430281,8430977,696,mRNA
29291,8415743,8415886,143,mRNA
29292,8426874,8427093,219,mRNA
29293,8427158,8427553,395,mRNA
29294,8427615,8428067,452,mRNA
29295,8430281,8431297,1016,mRNA
29296,8415743,8415886,143,mRNA
29297,8426874,8427093,219,mRNA
29298,8427158,8427553,395,mRNA
29299,8427615,8428067,452,mRNA
29300,8428320,8429462,1142,mRNA
29301,8430281,8430977,696,mRNA
29302,8415743,8415886,143,mRNA
29303,8426874,8427093,219,mRNA
29304,8427158,8427553,395,mRNA
29305,8427615,8428067,452,mRNA
29306,8428320,8429462,1142,mRNA
29307,8430281,8430544,263,mRNA
29308,8419872,8420064,192,mRNA
29309,8426874,8427093,219,mRNA
29310,8427158,8427553,395,mRNA
29311,8427615,8429462,1847,mRNA
29312,8430281,8430977,696,mRNA
29313,8419872,8420064,192,mRNA
29314,8426874,8427093,219,mRNA
29315,8427158,8427553,395,mRNA
29316,8427615,8428067,452,mRNA
29317,8430281,8430977,696,mRNA
29318,8426773,8427093,320,mRNA
29319,8427158,8427553,395,mRNA
29320,8427615,8428067,452,mRNA
29321,8430281,8430977,696,mRNA
29322,8426911,8427093,182,CDS
29323,8427158,8427553,395,CDS
29324,8427615,8429462,1847,CDS
29325,8430281,8430367,86,CDS
29326,8426911,8427093,182,CDS
29327,8427158,8427553,395,CDS
29328,8427615,8429462,1847,CDS
29329,8430281,8430367,86,CDS
29330,8426911,8427093,182,CDS
29331,8427158,8427553,395,CDS
29332,8427615,8428067,452,CDS
29333,8428320,8429462,1142,CDS
29334,8430281,8430367,86,CDS
29335,8426911,8427093,182,CDS
29336,8427158,8427553,395,CDS
29337,8427615,8428067,452,CDS
29338,8428320,8429462,1142,CDS
29339,8430281,8430367,86,CDS
29340,8426911,8427093,182,CDS
29341,8427158,8427553,395,CDS
29342,8427615,8428067,452,CDS
29343,8430281,8430367,86,CDS
29344,8426911,8427093,182,CDS
29345,8427158,8427553,395,CDS
29346,8427615,8428067,452,CDS
29347,8430281,8430367,86,CDS
29348,8426911,8427093,182,CDS
29349,8427158,8427553,395,CDS
29350,8427615,8428067,452,CDS
29351,8430281,8430367,86,CDS
29352,8431086,8433598,2512,gene
29353,8433415,8433598,183,mRNA
29354,8433013,8433272,259,mRNA
29355,8431877,8432494,617,mRNA
29356,8431086,8431741,655,mRNA
29357,8433013,8433082,69,CDS
29358,8431877,8432494,617,CDS
29359,8431542,8431741,199,CDS
29360,8434058,8437365,3307,gene
29361,8436285,8437365,1080,mRNA
29362,8434058,8436227,2169,mRNA
29363,8436285,8437175,890,CDS
29364,8434209,8436227,2018,CDS
29365,8437405,8437996,591,gene
29366,8437405,8437996,591,mRNA
29367,8437505,8437891,386,CDS
29368,8438169,8442342,4173,gene
29369,8438169,8438463,294,mRNA
29370,8438527,8438702,175,mRNA
29371,8438772,8440931,2159,mRNA
29372,8441024,8442342,1318,mRNA
29373,8438274,8438463,189,mRNA
29374,8438527,8438702,175,mRNA
29375,8438772,8440931,2159,mRNA
29376,8441024,8442342,1318,mRNA
29377,8438376,8438463,87,CDS
29378,8438527,8438702,175,CDS
29379,8438772,8440931,2159,CDS
29380,8441024,8442310,1286,CDS
29381,8438376,8438463,87,CDS
29382,8438527,8438702,175,CDS
29383,8438772,8440931,2159,CDS
29384,8441024,8442310,1286,CDS
29385,8442447,8445815,3368,gene
29386,8442447,8445815,3368,mRNA
29387,8442643,8445660,3017,CDS
29388,8445861,8449576,3715,gene
29389,8449159,8449576,417,mRNA
29390,8448759,8449097,338,mRNA
29391,8448425,8448706,281,mRNA
29392,8447920,8448353,433,mRNA
29393,8446565,8447868,1303,mRNA
29394,8445861,8446505,644,mRNA
29395,8449159,8449576,417,mRNA
29396,8448759,8449097,338,mRNA
29397,8448425,8448706,281,mRNA
29398,8447920,8448364,444,mRNA
29399,8446565,8447868,1303,mRNA
29400,8445861,8446505,644,mRNA
29401,8449159,8449576,417,mRNA
29402,8448759,8449097,338,mRNA
29403,8448425,8448706,281,mRNA
29404,8447920,8448353,433,mRNA
29405,8446565,8447868,1303,mRNA
29406,8445930,8446505,575,mRNA
29407,8449159,8449424,265,CDS
29408,8448759,8449097,338,CDS
29409,8448425,8448706,281,CDS
29410,8447920,8448353,433,CDS
29411,8446565,8447868,1303,CDS
29412,8446092,8446505,413,CDS
29413,8449159,8449424,265,CDS
29414,8448759,8449097,338,CDS
29415,8448425,8448706,281,CDS
29416,8447920,8448353,433,CDS
29417,8446565,8447868,1303,CDS
29418,8446092,8446505,413,CDS
29419,8449159,8449424,265,CDS
29420,8448759,8449097,338,CDS
29421,8448425,8448706,281,CDS
29422,8448280,8448364,84,CDS
29423,8449691,8463994,14303,gene
29424,8463627,8463994,367,mRNA
29425,8450794,8451004,210,mRNA
29426,8449691,8450728,1037,mRNA
29427,8463627,8463994,367,mRNA
29428,8451454,8451901,447,mRNA
29429,8450794,8451004,210,mRNA
29430,8449691,8450728,1037,mRNA
29431,8451454,8451515,61,mRNA
29432,8450794,8451004,210,mRNA
29433,8449691,8450728,1037,mRNA
29434,8450794,8451090,296,mRNA
29435,8449691,8450728,1037,mRNA
29436,8450794,8450969,175,CDS
29437,8450089,8450728,639,CDS
29438,8450794,8450969,175,CDS
29439,8450089,8450728,639,CDS
29440,8450794,8450969,175,CDS
29441,8450089,8450728,639,CDS
29442,8450794,8450969,175,CDS
29443,8450089,8450728,639,CDS
29444,8452476,8461588,9112,mobile_element
29445,8464488,8466694,2206,gene
29446,8464488,8464774,286,mRNA
29447,8464833,8466694,1861,mRNA
29448,8464488,8464774,286,mRNA
29449,8464833,8466529,1696,mRNA
29450,8464610,8464774,164,CDS
29451,8464833,8466344,1511,CDS
29452,8464610,8464774,164,CDS
29453,8464833,8466344,1511,CDS
29454,8466817,8488671,21854,gene
29455,8466817,8467133,316,mRNA
29456,8476252,8476709,457,mRNA
29457,8476806,8477023,217,mRNA
29458,8483130,8483416,286,mRNA
29459,8483566,8484153,587,mRNA
29460,8484810,8485514,704,mRNA
29461,8486022,8487681,1659,mRNA
29462,8487745,8487902,157,mRNA
29463,8487970,8488671,701,mRNA
29464,8476291,8476709,418,CDS
29465,8476806,8477023,217,CDS
29466,8483130,8483416,286,CDS
29467,8483566,8484153,587,CDS
29468,8484810,8485514,704,CDS
29469,8486022,8487681,1659,CDS
29470,8487745,8487902,157,CDS
29471,8487970,8488215,245,CDS
29472,8477349,8478088,739,gene
29473,8477349,8477416,67,mRNA
29474,8477471,8478088,617,mRNA
29475,8477354,8477416,62,CDS
29476,8477471,8477950,479,CDS
29477,8478705,8479724,1019,mRNA
29478,8483130,8483416,286,mRNA
29479,8483566,8484153,587,mRNA
29480,8484810,8485514,704,mRNA
29481,8486022,8487681,1659,mRNA
29482,8487745,8487902,157,mRNA
29483,8487970,8488671,701,mRNA
29484,8479634,8479724,90,CDS
29485,8483130,8483416,286,CDS
29486,8483566,8484153,587,CDS
29487,8484810,8485514,704,CDS
29488,8486022,8487681,1659,CDS
29489,8487745,8487902,157,CDS
29490,8487970,8488215,245,CDS
29491,8481777,8481848,71,gene
29492,8481777,8481848,71,tRNA
29493,8482084,8482155,71,gene
29494,8482084,8482155,71,tRNA
29495,8482374,8483005,631,gene
29496,8482374,8483005,631,mRNA
29497,8482478,8482861,383,CDS
29498,8485725,8485925,200,gene
29499,8485725,8485925,200,ncRNA
29500,8488981,8490546,1565,gene
29501,8488981,8489208,227,mRNA
29502,8489266,8490185,919,mRNA
29503,8490241,8490546,305,mRNA
29504,8489031,8489208,177,CDS
29505,8489266,8490185,919,CDS
29506,8490241,8490348,107,CDS
29507,8490739,8491360,621,gene
29508,8490739,8490951,212,mRNA
29509,8491010,8491360,350,mRNA
29510,8490826,8490951,125,CDS
29511,8491010,8491222,212,CDS
29512,8491868,8506845,14977,gene
29513,8506793,8506845,52,mRNA
29514,8506635,8506706,71,mRNA
29515,8493747,8493852,105,mRNA
29516,8492967,8493092,125,mRNA
29517,8491868,8492802,934,mRNA
29518,8506793,8506845,52,mRNA
29519,8506635,8506706,71,mRNA
29520,8493744,8493852,108,mRNA
29521,8492967,8493092,125,mRNA
29522,8491868,8492802,934,mRNA
29523,8493747,8493835,88,CDS
29524,8492967,8493092,125,CDS
29525,8492667,8492802,135,CDS
29526,8493744,8493835,91,CDS
29527,8492967,8493092,125,CDS
29528,8492667,8492802,135,CDS
29529,8494893,8496307,1414,gene
29530,8494893,8496307,1414,mRNA
29531,8495108,8496307,1199,mRNA
29532,8495150,8496268,1118,CDS
29533,8495150,8496268,1118,CDS
29534,8509069,8511866,2797,gene
29535,8510527,8511866,1339,mRNA
29536,8509069,8510178,1109,mRNA
29537,8510527,8511866,1339,mRNA
29538,8509251,8510178,927,mRNA
29539,8510527,8511768,1241,CDS
29540,8509375,8510178,803,CDS
29541,8510527,8511768,1241,CDS
29542,8509375,8510178,803,CDS
29543,8512174,8514868,2694,gene
29544,8514660,8514868,208,mRNA
29545,8512846,8514592,1746,mRNA
29546,8512174,8512739,565,mRNA
29547,8514660,8514754,94,CDS
29548,8512846,8514592,1746,CDS
29549,8512593,8512739,146,CDS
29550,8515096,8516755,1659,gene
29551,8515096,8515282,186,mRNA
29552,8515343,8515967,624,mRNA
29553,8516030,8516301,271,mRNA
29554,8516362,8516755,393,mRNA
29555,8515153,8515282,129,CDS
29556,8515343,8515967,624,CDS
29557,8516030,8516301,271,CDS
29558,8516362,8516615,253,CDS
29559,8516753,8517380,627,gene
29560,8516753,8517380,627,mRNA
29561,8516768,8517292,524,CDS
29562,8517411,8519176,1765,gene
29563,8517411,8517580,169,mRNA
29564,8517660,8519176,1516,mRNA
29565,8517411,8517580,169,mRNA
29566,8517663,8519176,1513,mRNA
29567,8517637,8519176,1539,mRNA
29568,8517667,8519028,1361,CDS
29569,8517667,8519028,1361,CDS
29570,8517667,8519028,1361,CDS
29571,8519690,8521809,2119,gene
29572,8519690,8519792,102,mRNA
29573,8519869,8519981,112,mRNA
29574,8520082,8520592,510,mRNA
29575,8520686,8521406,720,mRNA
29576,8521462,8521809,347,mRNA
29577,8519690,8519792,102,mRNA
29578,8519869,8519981,112,mRNA
29579,8520082,8520592,510,mRNA
29580,8520686,8521406,720,mRNA
29581,8521462,8521731,269,mRNA
29582,8519717,8519792,75,CDS
29583,8519869,8519981,112,CDS
29584,8520082,8520592,510,CDS
29585,8520686,8521406,720,CDS
29586,8521462,8521612,150,CDS
29587,8519717,8519792,75,CDS
29588,8519869,8519981,112,CDS
29589,8520082,8520592,510,CDS
29590,8520686,8521406,720,CDS
29591,8521462,8521612,150,CDS
29592,8521933,8525740,3807,gene
29593,8521933,8522325,392,mRNA
29594,8522402,8522966,564,mRNA
29595,8523443,8524684,1241,mRNA
29596,8524743,8525740,997,mRNA
29597,8521933,8522325,392,mRNA
29598,8522402,8522966,564,mRNA
29599,8523443,8524684,1241,mRNA
29600,8524743,8524884,141,mRNA
29601,8522278,8522325,47,CDS
29602,8522402,8522966,564,CDS
29603,8523443,8524684,1241,CDS
29604,8524743,8524780,37,CDS
29605,8522278,8522325,47,CDS
29606,8522402,8522966,564,CDS
29607,8523443,8524684,1241,CDS
29608,8524743,8524780,37,CDS
29609,8524999,8528618,3619,gene
29610,8524999,8528618,3619,gene
29611,8524999,8528505,3506,mRNA
29612,8524999,8528505,3506,mRNA
29613,8525553,8528505,2952,mRNA
29614,8525553,8528505,2952,mRNA
29615,8526605,8528618,2013,mRNA
29616,8526605,8528618,2013,mRNA
29617,8526605,8528066,1461,mRNA
29618,8526862,8527959,1097,CDS
29619,8526862,8527959,1097,CDS
29620,8526862,8527959,1097,CDS
29621,8526862,8527959,1097,CDS
29622,8527996,8528505,509,mRNA
29623,8528052,8528309,257,CDS
29624,8528052,8528309,257,CDS
29625,8528052,8528309,257,CDS
29626,8528052,8528309,257,CDS
29627,8529141,8541439,12298,gene
29628,8529141,8529557,416,mRNA
29629,8535918,8536079,161,mRNA
29630,8536207,8536268,61,mRNA
29631,8536894,8537071,177,mRNA
29632,8537231,8537463,232,mRNA
29633,8540458,8541439,981,mRNA
29634,8529141,8529367,226,mRNA
29635,8535918,8536079,161,mRNA
29636,8536207,8536268,61,mRNA
29637,8536894,8537071,177,mRNA
29638,8537231,8537463,232,mRNA
29639,8540458,8541439,981,mRNA
29640,8529141,8529367,226,mRNA
29641,8535918,8536079,161,mRNA
29642,8536207,8536268,61,mRNA
29643,8536894,8537071,177,mRNA
29644,8537231,8537932,701,mRNA
29645,8535786,8536079,293,mRNA
29646,8536207,8536268,61,mRNA
29647,8536894,8537071,177,mRNA
29648,8537231,8537463,232,mRNA
29649,8540458,8541439,981,mRNA
29650,8535786,8536079,293,mRNA
29651,8536207,8536268,61,mRNA
29652,8536894,8537071,177,mRNA
29653,8537231,8537932,701,mRNA
29654,8535786,8535845,59,mRNA
29655,8535918,8536079,161,mRNA
29656,8536207,8536268,61,mRNA
29657,8536894,8537071,177,mRNA
29658,8537231,8537932,701,mRNA
29659,8536060,8536079,19,CDS
29660,8536207,8536268,61,CDS
29661,8536894,8537071,177,CDS
29662,8537231,8537463,232,CDS
29663,8540458,8541236,778,CDS
29664,8536060,8536079,19,CDS
29665,8536207,8536268,61,CDS
29666,8536894,8537071,177,CDS
29667,8537231,8537463,232,CDS
29668,8540458,8541236,778,CDS
29669,8536060,8536079,19,CDS
29670,8536207,8536268,61,CDS
29671,8536894,8537071,177,CDS
29672,8537231,8537463,232,CDS
29673,8540458,8541236,778,CDS
29674,8536060,8536079,19,CDS
29675,8536207,8536268,61,CDS
29676,8536894,8537071,177,CDS
29677,8537231,8537597,366,CDS
29678,8536060,8536079,19,CDS
29679,8536207,8536268,61,CDS
29680,8536894,8537071,177,CDS
29681,8537231,8537597,366,CDS
29682,8536060,8536079,19,CDS
29683,8536207,8536268,61,CDS
29684,8536894,8537071,177,CDS
29685,8537231,8537597,366,CDS
29686,8541552,8541623,71,gene
29687,8541552,8541623,71,tRNA
29688,8541761,8541832,71,gene
29689,8541761,8541832,71,tRNA
29690,8542147,8672041,129894,gene
29691,8542147,8542212,65,mRNA
29692,8544544,8545233,689,mRNA
29693,8563739,8564296,557,mRNA
29694,8631027,8631123,96,mRNA
29695,8640587,8640695,108,mRNA
29696,8645027,8645222,195,mRNA
29697,8654105,8654209,104,mRNA
29698,8654907,8654995,88,mRNA
29699,8655231,8655372,141,mRNA
29700,8655703,8655824,121,mRNA
29701,8655901,8655981,80,mRNA
29702,8656361,8656506,145,mRNA
29703,8660282,8660364,82,mRNA
29704,8660431,8660574,143,mRNA
29705,8660648,8660759,111,mRNA
29706,8661146,8661288,142,mRNA
29707,8661359,8661487,128,mRNA
29708,8662439,8662646,207,mRNA
29709,8662865,8663135,270,mRNA
29710,8663198,8663251,53,mRNA
29711,8665446,8665518,72,mRNA
29712,8666036,8672041,6005,mRNA
29713,8542147,8542212,65,mRNA
29714,8543213,8543418,205,mRNA
29715,8544544,8545233,689,mRNA
29716,8563739,8564296,557,mRNA
29717,8631027,8631123,96,mRNA
29718,8640587,8640695,108,mRNA
29719,8645027,8645222,195,mRNA
29720,8654105,8654209,104,mRNA
29721,8654907,8654995,88,mRNA
29722,8655231,8655372,141,mRNA
29723,8655703,8655824,121,mRNA
29724,8655901,8655981,80,mRNA
29725,8656361,8656506,145,mRNA
29726,8660282,8660364,82,mRNA
29727,8660431,8660574,143,mRNA
29728,8660648,8660759,111,mRNA
29729,8661146,8661288,142,mRNA
29730,8661359,8661487,128,mRNA
29731,8662439,8662646,207,mRNA
29732,8662865,8663135,270,mRNA
29733,8663198,8663251,53,mRNA
29734,8665446,8665518,72,mRNA
29735,8666036,8671917,5881,mRNA
29736,8543330,8543674,344,mRNA
29737,8544544,8545233,689,mRNA
29738,8563739,8564296,557,mRNA
29739,8631027,8631123,96,mRNA
29740,8640587,8640695,108,mRNA
29741,8645027,8645222,195,mRNA
29742,8654105,8654209,104,mRNA
29743,8654907,8654995,88,mRNA
29744,8655231,8655372,141,mRNA
29745,8655703,8655824,121,mRNA
29746,8655901,8655981,80,mRNA
29747,8656361,8656506,145,mRNA
29748,8660282,8660364,82,mRNA
29749,8660431,8660574,143,mRNA
29750,8660648,8660759,111,mRNA
29751,8661146,8661288,142,mRNA
29752,8661359,8661487,128,mRNA
29753,8662457,8662646,189,mRNA
29754,8662865,8663135,270,mRNA
29755,8663198,8663251,53,mRNA
29756,8664158,8664220,62,mRNA
29757,8666036,8671917,5881,mRNA
29758,8543330,8543715,385,mRNA
29759,8544544,8545233,689,mRNA
29760,8563739,8564296,557,mRNA
29761,8631027,8631123,96,mRNA
29762,8640587,8640695,108,mRNA
29763,8645027,8645222,195,mRNA
29764,8654105,8654209,104,mRNA
29765,8654907,8654995,88,mRNA
29766,8655231,8655372,141,mRNA
29767,8655703,8655824,121,mRNA
29768,8655901,8655981,80,mRNA
29769,8656361,8656506,145,mRNA
29770,8660282,8660364,82,mRNA
29771,8660431,8660574,143,mRNA
29772,8660648,8660759,111,mRNA
29773,8661146,8661288,142,mRNA
29774,8661359,8661487,128,mRNA
29775,8662439,8662646,207,mRNA
29776,8662865,8663135,270,mRNA
29777,8663198,8663251,53,mRNA
29778,8664158,8664220,62,mRNA
29779,8665446,8665518,72,mRNA
29780,8666036,8670014,3978,mRNA
29781,8543330,8543715,385,mRNA
29782,8544544,8545233,689,mRNA
29783,8563739,8564296,557,mRNA
29784,8631027,8631123,96,mRNA
29785,8640587,8640695,108,mRNA
29786,8645027,8645222,195,mRNA
29787,8654105,8654209,104,mRNA
29788,8654907,8654995,88,mRNA
29789,8655231,8655372,141,mRNA
29790,8655703,8655824,121,mRNA
29791,8655901,8655981,80,mRNA
29792,8656361,8656506,145,mRNA
29793,8660282,8660364,82,mRNA
29794,8660431,8660574,143,mRNA
29795,8660648,8660759,111,mRNA
29796,8661146,8661288,142,mRNA
29797,8661359,8661487,128,mRNA
29798,8662457,8662646,189,mRNA
29799,8662865,8663135,270,mRNA
29800,8663198,8663251,53,mRNA
29801,8666036,8670014,3978,mRNA
29802,8543330,8543715,385,mRNA
29803,8544544,8545233,689,mRNA
29804,8563739,8564296,557,mRNA
29805,8631027,8631123,96,mRNA
29806,8640587,8640695,108,mRNA
29807,8645027,8645222,195,mRNA
29808,8654105,8654209,104,mRNA
29809,8654907,8654995,88,mRNA
29810,8655231,8655372,141,mRNA
29811,8655703,8655824,121,mRNA
29812,8655901,8655981,80,mRNA
29813,8656361,8656506,145,mRNA
29814,8660282,8660364,82,mRNA
29815,8660431,8660574,143,mRNA
29816,8660648,8660759,111,mRNA
29817,8661146,8661288,142,mRNA
29818,8661359,8661487,128,mRNA
29819,8662439,8662646,207,mRNA
29820,8662865,8663135,270,mRNA
29821,8663198,8663251,53,mRNA
29822,8665446,8665518,72,mRNA
29823,8666036,8667776,1740,mRNA
29824,8543330,8543715,385,mRNA
29825,8544544,8545233,689,mRNA
29826,8563739,8564296,557,mRNA
29827,8631027,8631123,96,mRNA
29828,8640587,8640695,108,mRNA
29829,8645027,8645222,195,mRNA
29830,8654105,8654209,104,mRNA
29831,8654907,8654995,88,mRNA
29832,8655231,8655372,141,mRNA
29833,8655703,8655824,121,mRNA
29834,8655901,8655981,80,mRNA
29835,8656361,8656506,145,mRNA
29836,8660282,8660364,82,mRNA
29837,8660431,8660574,143,mRNA
29838,8660648,8660759,111,mRNA
29839,8661146,8661288,142,mRNA
29840,8661359,8661487,128,mRNA
29841,8662457,8662646,189,mRNA
29842,8662865,8663135,270,mRNA
29843,8663198,8663251,53,mRNA
29844,8665446,8665518,72,mRNA
29845,8666036,8667776,1740,mRNA
29846,8564059,8564296,237,CDS
29847,8631027,8631123,96,CDS
29848,8640587,8640695,108,CDS
29849,8645027,8645222,195,CDS
29850,8654105,8654209,104,CDS
29851,8654907,8654995,88,CDS
29852,8655231,8655372,141,CDS
29853,8655703,8655824,121,CDS
29854,8655901,8655981,80,CDS
29855,8656361,8656506,145,CDS
29856,8660282,8660364,82,CDS
29857,8660431,8660574,143,CDS
29858,8660648,8660759,111,CDS
29859,8661146,8661288,142,CDS
29860,8661359,8661487,128,CDS
29861,8662439,8662646,207,CDS
29862,8662865,8663135,270,CDS
29863,8663198,8663251,53,CDS
29864,8665446,8665518,72,CDS
29865,8666036,8666889,853,CDS
29866,8564059,8564296,237,CDS
29867,8631027,8631123,96,CDS
29868,8640587,8640695,108,CDS
29869,8645027,8645222,195,CDS
29870,8654105,8654209,104,CDS
29871,8654907,8654995,88,CDS
29872,8655231,8655372,141,CDS
29873,8655703,8655824,121,CDS
29874,8655901,8655981,80,CDS
29875,8656361,8656506,145,CDS
29876,8660282,8660364,82,CDS
29877,8660431,8660574,143,CDS
29878,8660648,8660759,111,CDS
29879,8661146,8661288,142,CDS
29880,8661359,8661487,128,CDS
29881,8662439,8662646,207,CDS
29882,8662865,8663135,270,CDS
29883,8663198,8663251,53,CDS
29884,8665446,8665518,72,CDS
29885,8666036,8666211,175,CDS
29886,8564059,8564296,237,CDS
29887,8631027,8631123,96,CDS
29888,8640587,8640695,108,CDS
29889,8645027,8645222,195,CDS
29890,8654105,8654209,104,CDS
29891,8654907,8654995,88,CDS
29892,8655231,8655372,141,CDS
29893,8655703,8655824,121,CDS
29894,8655901,8655981,80,CDS
29895,8656361,8656506,145,CDS
29896,8660282,8660364,82,CDS
29897,8660431,8660574,143,CDS
29898,8660648,8660759,111,CDS
29899,8661146,8661288,142,CDS
29900,8661359,8661487,128,CDS
29901,8662439,8662646,207,CDS
29902,8662865,8663135,270,CDS
29903,8663198,8663251,53,CDS
29904,8665446,8665518,72,CDS
29905,8666036,8666211,175,CDS
29906,8564059,8564296,237,CDS
29907,8631027,8631123,96,CDS
29908,8640587,8640695,108,CDS
29909,8645027,8645222,195,CDS
29910,8654105,8654209,104,CDS
29911,8654907,8654995,88,CDS
29912,8655231,8655372,141,CDS
29913,8655703,8655824,121,CDS
29914,8655901,8655981,80,CDS
29915,8656361,8656506,145,CDS
29916,8660282,8660364,82,CDS
29917,8660431,8660574,143,CDS
29918,8660648,8660759,111,CDS
29919,8661146,8661288,142,CDS
29920,8661359,8661487,128,CDS
29921,8662457,8662646,189,CDS
29922,8662865,8663135,270,CDS
29923,8663198,8663251,53,CDS
29924,8665446,8665518,72,CDS
29925,8666036,8666211,175,CDS
29926,8564059,8564296,237,CDS
29927,8631027,8631123,96,CDS
29928,8640587,8640695,108,CDS
29929,8645027,8645222,195,CDS
29930,8654105,8654209,104,CDS
29931,8654907,8654995,88,CDS
29932,8655231,8655372,141,CDS
29933,8655703,8655824,121,CDS
29934,8655901,8655981,80,CDS
29935,8656361,8656506,145,CDS
29936,8660282,8660364,82,CDS
29937,8660431,8660574,143,CDS
29938,8660648,8660759,111,CDS
29939,8661146,8661288,142,CDS
29940,8661359,8661487,128,CDS
29941,8662457,8662646,189,CDS
29942,8662865,8663135,270,CDS
29943,8663198,8663251,53,CDS
29944,8666036,8666038,2,CDS
29945,8564059,8564296,237,CDS
29946,8631027,8631123,96,CDS
29947,8640587,8640695,108,CDS
29948,8645027,8645222,195,CDS
29949,8654105,8654209,104,CDS
29950,8654907,8654995,88,CDS
29951,8655231,8655372,141,CDS
29952,8655703,8655824,121,CDS
29953,8655901,8655981,80,CDS
29954,8656361,8656506,145,CDS
29955,8660282,8660364,82,CDS
29956,8660431,8660574,143,CDS
29957,8660648,8660759,111,CDS
29958,8661146,8661288,142,CDS
29959,8661359,8661487,128,CDS
29960,8662439,8662646,207,CDS
29961,8662865,8663135,270,CDS
29962,8663198,8663251,53,CDS
29963,8664158,8664169,11,CDS
29964,8564059,8564296,237,CDS
29965,8631027,8631123,96,CDS
29966,8640587,8640695,108,CDS
29967,8645027,8645222,195,CDS
29968,8654105,8654209,104,CDS
29969,8654907,8654995,88,CDS
29970,8655231,8655372,141,CDS
29971,8655703,8655824,121,CDS
29972,8655901,8655981,80,CDS
29973,8656361,8656506,145,CDS
29974,8660282,8660364,82,CDS
29975,8660431,8660574,143,CDS
29976,8660648,8660759,111,CDS
29977,8661146,8661288,142,CDS
29978,8661359,8661487,128,CDS
29979,8662457,8662646,189,CDS
29980,8662865,8663135,270,CDS
29981,8663198,8663251,53,CDS
29982,8664158,8664169,11,CDS
29983,8570888,8570960,72,gene
29984,8570888,8570960,72,tRNA
29985,8590370,8594489,4119,gene
29986,8594088,8594489,401,ncRNA
29987,8590370,8590599,229,ncRNA
29988,8590770,8590884,114,ncRNA
29989,8590370,8590599,229,ncRNA
29990,8594520,8601516,6996,mobile_element
29991,8620028,8620099,71,gene
29992,8620028,8620099,71,tRNA
29993,8672698,8676804,4106,gene
29994,8672698,8672783,85,mRNA
29995,8673125,8674369,1244,mRNA
29996,8674763,8676804,2041,mRNA
29997,8673152,8674369,1217,mRNA
29998,8674763,8676804,2041,mRNA
29999,8673202,8674369,1167,CDS
30000,8674763,8676675,1912,CDS
30001,8673202,8674369,1167,CDS
30002,8674763,8676675,1912,CDS
30003,8676777,8679812,3035,gene
30004,8679552,8679812,260,mRNA
30005,8678102,8678773,671,mRNA
30006,8677603,8677968,365,mRNA
30007,8676777,8677456,679,mRNA
30008,8679552,8679782,230,CDS
30009,8678102,8678773,671,CDS
30010,8677603,8677968,365,CDS
30011,8676848,8677456,608,CDS
30012,8679116,8679187,71,gene
30013,8679116,8679187,71,tRNA
30014,8681325,8684376,3051,gene
30015,8684006,8684376,370,mRNA
30016,8683150,8683305,155,mRNA
30017,8682364,8683060,696,mRNA
30018,8682102,8682298,196,mRNA
30019,8681325,8682032,707,mRNA
30020,8684006,8684350,344,CDS
30021,8683150,8683305,155,CDS
30022,8682364,8683060,696,CDS
30023,8682102,8682298,196,CDS
30024,8681403,8682032,629,CDS
30025,8683451,8683522,71,gene
30026,8683451,8683522,71,tRNA
30027,8683806,8683877,71,gene
30028,8683806,8683877,71,tRNA
30029,8684823,8685955,1132,gene
30030,8684823,8685955,1132,mRNA
30031,8685348,8685803,455,CDS
30032,8686231,8687052,821,gene
30033,8686231,8686492,261,mRNA
30034,8686550,8687052,502,mRNA
30035,8686318,8686492,174,CDS
30036,8686550,8687034,484,CDS
30037,8687226,8709611,22385,gene
30038,8708486,8709611,1125,mRNA
30039,8704361,8704540,179,mRNA
30040,8689814,8690252,438,mRNA
30041,8689129,8689625,496,mRNA
30042,8688921,8689058,137,mRNA
30043,8688621,8688857,236,mRNA
30044,8687889,8688548,659,mRNA
30045,8687226,8687824,598,mRNA
30046,8708486,8709042,556,mRNA
30047,8704361,8704540,179,mRNA
30048,8689814,8690252,438,mRNA
30049,8689129,8689625,496,mRNA
30050,8688921,8689058,137,mRNA
30051,8688621,8688857,236,mRNA
30052,8687889,8688548,659,mRNA
30053,8687226,8687824,598,mRNA
30054,8698849,8699905,1056,mRNA
30055,8689814,8690252,438,mRNA
30056,8689129,8689625,496,mRNA
30057,8688921,8689058,137,mRNA
30058,8688621,8688857,236,mRNA
30059,8687889,8688548,659,mRNA
30060,8687253,8687824,571,mRNA
30061,8692153,8692400,247,mRNA
30062,8689814,8690252,438,mRNA
30063,8689129,8689625,496,mRNA
30064,8688921,8689058,137,mRNA
30065,8688621,8688857,236,mRNA
30066,8687889,8688548,659,mRNA
30067,8687253,8687824,571,mRNA
30068,8691014,8691209,195,mRNA
30069,8689814,8690252,438,mRNA
30070,8689129,8689625,496,mRNA
30071,8688921,8689058,137,mRNA
30072,8688621,8688857,236,mRNA
30073,8687889,8688548,659,mRNA
30074,8687253,8687824,571,mRNA
30075,8704361,8704457,96,CDS
30076,8689814,8690252,438,CDS
30077,8689129,8689625,496,CDS
30078,8688921,8689058,137,CDS
30079,8688621,8688857,236,CDS
30080,8687889,8688548,659,CDS
30081,8687778,8687824,46,CDS
30082,8704361,8704457,96,CDS
30083,8689814,8690252,438,CDS
30084,8689129,8689625,496,CDS
30085,8688921,8689058,137,CDS
30086,8688621,8688857,236,CDS
30087,8687889,8688548,659,CDS
30088,8687778,8687824,46,CDS
30089,8698849,8698957,108,CDS
30090,8689814,8690252,438,CDS
30091,8689129,8689625,496,CDS
30092,8688921,8689058,137,CDS
30093,8688621,8688857,236,CDS
30094,8687889,8688548,659,CDS
30095,8687778,8687824,46,CDS
30096,8691014,8691194,180,CDS
30097,8689814,8690252,438,CDS
30098,8689129,8689625,496,CDS
30099,8688921,8689058,137,CDS
30100,8688621,8688857,236,CDS
30101,8687889,8688548,659,CDS
30102,8687778,8687824,46,CDS
30103,8689814,8690235,421,CDS
30104,8689129,8689625,496,CDS
30105,8688921,8689058,137,CDS
30106,8688621,8688857,236,CDS
30107,8687889,8688548,659,CDS
30108,8687778,8687824,46,CDS
30109,8703475,8705450,1975,gene
30110,8703475,8703943,468,ncRNA
30111,8704000,8705450,1450,ncRNA
30112,8705572,8707527,1955,gene
30113,8705572,8706534,962,mRNA
30114,8706598,8707527,929,mRNA
30115,8705572,8706534,962,mRNA
30116,8706598,8707440,842,mRNA
30117,8705695,8706534,839,CDS
30118,8706598,8707278,680,CDS
30119,8705695,8706534,839,CDS
30120,8706598,8707278,680,CDS
30121,8709880,8740660,30780,gene
30122,8740385,8740660,275,mRNA
30123,8713264,8713370,106,mRNA
30124,8713089,8713203,114,mRNA
30125,8712674,8713019,345,mRNA
30126,8712388,8712602,214,mRNA
30127,8712145,8712303,158,mRNA
30128,8711701,8712080,379,mRNA
30129,8710727,8711637,910,mRNA
30130,8709880,8710590,710,mRNA
30131,8740385,8740660,275,mRNA
30132,8734467,8735200,733,mRNA
30133,8713264,8713370,106,mRNA
30134,8713089,8713203,114,mRNA
30135,8712674,8713019,345,mRNA
30136,8712388,8712602,214,mRNA
30137,8712145,8712303,158,mRNA
30138,8711701,8712080,379,mRNA
30139,8710727,8711637,910,mRNA
30140,8709880,8710590,710,mRNA
30141,8735722,8735797,75,mRNA
30142,8734467,8735200,733,mRNA
30143,8713264,8713370,106,mRNA
30144,8713089,8713203,114,mRNA
30145,8712674,8713019,345,mRNA
30146,8712388,8712602,214,mRNA
30147,8712145,8712303,158,mRNA
30148,8711701,8712080,379,mRNA
30149,8710727,8711637,910,mRNA
30150,8709880,8710590,710,mRNA
30151,8734467,8735797,1330,mRNA
30152,8713264,8713370,106,mRNA
30153,8713089,8713203,114,mRNA
30154,8712674,8713019,345,mRNA
30155,8712388,8712602,214,mRNA
30156,8712145,8712303,158,mRNA
30157,8711701,8712080,379,mRNA
30158,8710727,8711637,910,mRNA
30159,8709880,8710590,710,mRNA
30160,8714124,8714583,459,mRNA
30161,8713264,8713370,106,mRNA
30162,8713089,8713203,114,mRNA
30163,8712674,8713019,345,mRNA
30164,8712388,8712602,214,mRNA
30165,8712145,8712303,158,mRNA
30166,8711701,8712080,379,mRNA
30167,8710727,8711637,910,mRNA
30168,8709880,8710590,710,mRNA
30169,8740385,8740413,28,CDS
30170,8713264,8713370,106,CDS
30171,8713089,8713203,114,CDS
30172,8712674,8713019,345,CDS
30173,8712388,8712602,214,CDS
30174,8712145,8712303,158,CDS
30175,8711701,8712080,379,CDS
30176,8710727,8711637,910,CDS
30177,8710435,8710590,155,CDS
30178,8734467,8735047,580,CDS
30179,8713264,8713370,106,CDS
30180,8713089,8713203,114,CDS
30181,8712674,8713019,345,CDS
30182,8712388,8712602,214,CDS
30183,8712145,8712303,158,CDS
30184,8711701,8712080,379,CDS
30185,8710727,8711637,910,CDS
30186,8710435,8710590,155,CDS
30187,8734467,8735047,580,CDS
30188,8713264,8713370,106,CDS
30189,8713089,8713203,114,CDS
30190,8712674,8713019,345,CDS
30191,8712388,8712602,214,CDS
30192,8712145,8712303,158,CDS
30193,8711701,8712080,379,CDS
30194,8710727,8711637,910,CDS
30195,8710435,8710590,155,CDS
30196,8734467,8735047,580,CDS
30197,8713264,8713370,106,CDS
30198,8713089,8713203,114,CDS
30199,8712674,8713019,345,CDS
30200,8712388,8712602,214,CDS
30201,8712145,8712303,158,CDS
30202,8711701,8712080,379,CDS
30203,8710727,8711637,910,CDS
30204,8710435,8710590,155,CDS
30205,8714124,8714233,109,CDS
30206,8713264,8713370,106,CDS
30207,8713089,8713203,114,CDS
30208,8712674,8713019,345,CDS
30209,8712388,8712602,214,CDS
30210,8712145,8712303,158,CDS
30211,8711701,8712080,379,CDS
30212,8710727,8711637,910,CDS
30213,8710435,8710590,155,CDS
30214,8723170,8731490,8320,mobile_element
30215,8751715,8752122,407,gene
30216,8751715,8752122,407,mRNA
30217,8751887,8751967,80,CDS
30218,8752285,8753209,924,gene
30219,8752285,8753209,924,mRNA
30220,8752400,8753125,725,CDS
30221,8765273,8768710,3437,gene
30222,8768589,8768710,121,mRNA
30223,8768160,8768530,370,mRNA
30224,8767627,8768097,470,mRNA
30225,8766660,8767569,909,mRNA
30226,8765273,8766596,1323,mRNA
30227,8768589,8768710,121,mRNA
30228,8768160,8768530,370,mRNA
30229,8767627,8768097,470,mRNA
30230,8766660,8767569,909,mRNA
30231,8765361,8766596,1235,mRNA
30232,8768589,8768669,80,CDS
30233,8768160,8768530,370,CDS
30234,8767627,8768097,470,CDS
30235,8766660,8767569,909,CDS
30236,8765418,8766596,1178,CDS
30237,8768589,8768669,80,CDS
30238,8768160,8768530,370,CDS
30239,8767627,8768097,470,CDS
30240,8766660,8767569,909,CDS
30241,8765418,8766596,1178,CDS
30242,8769159,8772344,3185,gene
30243,8772261,8772344,83,mRNA
30244,8771827,8772197,370,mRNA
30245,8771299,8771769,470,mRNA
30246,8770417,8771248,831,mRNA
30247,8769159,8770353,1194,mRNA
30248,8772261,8772344,83,CDS
30249,8771827,8772197,370,CDS
30250,8771299,8771769,470,CDS
30251,8770417,8771248,831,CDS
30252,8769175,8770353,1178,CDS
30253,8772946,8776263,3317,gene
30254,8776116,8776263,147,mRNA
30255,8775683,8776053,370,mRNA
30256,8775153,8775623,470,mRNA
30257,8774246,8775089,843,mRNA
30258,8772946,8774185,1239,mRNA
30259,8776116,8776263,147,mRNA
30260,8775683,8776053,370,mRNA
30261,8775153,8775623,470,mRNA
30262,8774246,8775089,843,mRNA
30263,8772957,8774185,1228,mRNA
30264,8776116,8776196,80,CDS
30265,8775683,8776053,370,CDS
30266,8775153,8775623,470,CDS
30267,8774246,8775089,843,CDS
30268,8773004,8774185,1181,CDS
30269,8776116,8776196,80,CDS
30270,8775683,8776053,370,CDS
30271,8775153,8775623,470,CDS
30272,8774246,8775089,843,CDS
30273,8773004,8774185,1181,CDS
30274,8776876,8777068,192,mobile_element
30275,8777661,8781252,3591,gene
30276,8781103,8781252,149,mRNA
30277,8780486,8780856,370,mRNA
30278,8779954,8780424,470,mRNA
30279,8778977,8779892,915,mRNA
30280,8777661,8778912,1251,mRNA
30281,8781103,8781186,83,CDS
30282,8780486,8780856,370,CDS
30283,8779954,8780424,470,CDS
30284,8778977,8779892,915,CDS
30285,8777731,8778912,1181,CDS
30286,8781799,8782500,701,gene
30287,8781799,8782500,701,mRNA
30288,8781897,8782403,506,CDS
30289,8825645,8829670,4025,gene
30290,8825645,8829670,4025,mRNA
30291,8825645,8829670,4025,mRNA
30292,8826494,8828779,2285,CDS
30293,8826494,8828212,1718,CDS
30294,8852009,8852664,655,gene
30295,8852009,8852664,655,ncRNA
30296,8862610,8867511,4901,gene
30297,8862610,8867511,4901,ncRNA
30298,8862776,8863743,967,gene
30299,8862776,8863743,967,mRNA
30300,8862807,8863679,872,CDS
30301,8863811,8864847,1036,gene
30302,8863811,8864847,1036,mRNA
30303,8863855,8864628,773,CDS
30304,8864864,8865692,828,gene
30305,8864864,8865692,828,mRNA
30306,8864904,8865671,767,CDS
30307,8865850,8866670,820,gene
30308,8865850,8866670,820,mRNA
30309,8865907,8866659,752,CDS
30310,8866767,8867686,919,gene
30311,8866767,8867686,919,mRNA
30312,8866867,8867595,728,CDS
30313,8867875,8868747,872,gene
30314,8867875,8868221,346,ncRNA
30315,8868282,8868747,465,ncRNA
30316,8886134,8888028,1894,gene
30317,8886134,8888028,1894,ncRNA
30318,8886567,8888028,1461,ncRNA
30319,8887405,8888028,623,ncRNA
30320,8891440,8892180,740,gene
30321,8891440,8891585,145,mRNA
30322,8891653,8892180,527,mRNA
30323,8891440,8891585,145,mRNA
30324,8891653,8891930,277,mRNA
30325,8891507,8891585,78,CDS
30326,8891653,8891852,199,CDS
30327,8891507,8891585,78,CDS
30328,8891653,8891852,199,CDS
30329,8898786,8933594,34808,gene
30330,8898786,8899734,948,mRNA
30331,8915354,8916053,699,mRNA
30332,8922938,8923456,518,mRNA
30333,8925204,8925529,325,mRNA
30334,8925617,8927003,1386,mRNA
30335,8927180,8927486,306,mRNA
30336,8927552,8927707,155,mRNA
30337,8928060,8928743,683,mRNA
30338,8928990,8929663,673,mRNA
30339,8929733,8930396,663,mRNA
30340,8931082,8931316,234,mRNA
30341,8932901,8933594,693,mRNA
30342,8898786,8898850,64,mRNA
30343,8915661,8916053,392,mRNA
30344,8922938,8923456,518,mRNA
30345,8925204,8925529,325,mRNA
30346,8925617,8927003,1386,mRNA
30347,8927180,8927486,306,mRNA
30348,8927552,8927707,155,mRNA
30349,8928060,8928743,683,mRNA
30350,8928990,8929663,673,mRNA
30351,8929733,8930396,663,mRNA
30352,8931082,8931316,234,mRNA
30353,8932901,8933537,636,mRNA
30354,8898786,8898948,162,mRNA
30355,8915661,8916053,392,mRNA
30356,8922938,8923456,518,mRNA
30357,8925204,8925529,325,mRNA
30358,8925617,8927003,1386,mRNA
30359,8927180,8927486,306,mRNA
30360,8927552,8927707,155,mRNA
30361,8928060,8928743,683,mRNA
30362,8928990,8929663,673,mRNA
30363,8929733,8930396,663,mRNA
30364,8931082,8931316,234,mRNA
30365,8932901,8933382,481,mRNA
30366,8898786,8898850,64,mRNA
30367,8915570,8916053,483,mRNA
30368,8922938,8923456,518,mRNA
30369,8925204,8925529,325,mRNA
30370,8925617,8927003,1386,mRNA
30371,8927180,8927486,306,mRNA
30372,8927552,8927707,155,mRNA
30373,8928990,8929663,673,mRNA
30374,8929733,8930396,663,mRNA
30375,8930484,8930550,66,mRNA
30376,8932901,8933382,481,mRNA
30377,8898786,8898850,64,mRNA
30378,8915661,8916053,392,mRNA
30379,8922938,8923456,518,mRNA
30380,8925204,8925529,325,mRNA
30381,8925617,8927003,1386,mRNA
30382,8927180,8927486,306,mRNA
30383,8927552,8927707,155,mRNA
30384,8928060,8928743,683,mRNA
30385,8928990,8929663,673,mRNA
30386,8929733,8930396,663,mRNA
30387,8930484,8930550,66,mRNA
30388,8931082,8931147,65,mRNA
30389,8932901,8933382,481,mRNA
30390,8898786,8898850,64,mRNA
30391,8915661,8916053,392,mRNA
30392,8925204,8925529,325,mRNA
30393,8925617,8927003,1386,mRNA
30394,8927180,8927486,306,mRNA
30395,8927552,8927707,155,mRNA
30396,8928060,8928743,683,mRNA
30397,8928990,8929663,673,mRNA
30398,8929733,8930396,663,mRNA
30399,8931082,8932323,1241,mRNA
30400,8932901,8933382,481,mRNA
30401,8898786,8898850,64,mRNA
30402,8915661,8916053,392,mRNA
30403,8925204,8925529,325,mRNA
30404,8925617,8927003,1386,mRNA
30405,8927180,8927486,306,mRNA
30406,8927552,8927707,155,mRNA
30407,8928060,8928743,683,mRNA
30408,8928990,8929663,673,mRNA
30409,8929733,8930396,663,mRNA
30410,8931082,8931316,234,mRNA
30411,8932901,8933382,481,mRNA
30412,8898786,8898948,162,mRNA
30413,8915570,8916053,483,mRNA
30414,8922938,8923456,518,mRNA
30415,8925204,8925529,325,mRNA
30416,8925617,8927003,1386,mRNA
30417,8927180,8927486,306,mRNA
30418,8927552,8927707,155,mRNA
30419,8928060,8928743,683,mRNA
30420,8928990,8929663,673,mRNA
30421,8929733,8930396,663,mRNA
30422,8931082,8932700,1618,mRNA
30423,8898786,8898948,162,mRNA
30424,8915570,8916053,483,mRNA
30425,8922938,8923456,518,mRNA
30426,8925204,8925529,325,mRNA
30427,8925617,8927003,1386,mRNA
30428,8927180,8927486,306,mRNA
30429,8927552,8927707,155,mRNA
30430,8928990,8929663,673,mRNA
30431,8929733,8930396,663,mRNA
30432,8931082,8932700,1618,mRNA
30433,8898786,8898850,64,mRNA
30434,8915570,8916053,483,mRNA
30435,8922938,8923456,518,mRNA
30436,8925204,8925529,325,mRNA
30437,8925617,8927003,1386,mRNA
30438,8927180,8927486,306,mRNA
30439,8927552,8927707,155,mRNA
30440,8928060,8928743,683,mRNA
30441,8928990,8929663,673,mRNA
30442,8929733,8930396,663,mRNA
30443,8931082,8932700,1618,mRNA
30444,8915835,8916053,218,CDS
30445,8922938,8923456,518,CDS
30446,8925204,8925529,325,CDS
30447,8925617,8927003,1386,CDS
30448,8927180,8927486,306,CDS
30449,8927552,8927707,155,CDS
30450,8928060,8928743,683,CDS
30451,8928990,8929663,673,CDS
30452,8929733,8930396,663,CDS
30453,8931082,8931316,234,CDS
30454,8932901,8933084,183,CDS
30455,8915835,8916053,218,CDS
30456,8922938,8923456,518,CDS
30457,8925204,8925529,325,CDS
30458,8925617,8927003,1386,CDS
30459,8927180,8927486,306,CDS
30460,8927552,8927707,155,CDS
30461,8928060,8928743,683,CDS
30462,8928990,8929663,673,CDS
30463,8929733,8930396,663,CDS
30464,8931082,8931316,234,CDS
30465,8932901,8933084,183,CDS
30466,8915835,8916053,218,CDS
30467,8922938,8923456,518,CDS
30468,8925204,8925529,325,CDS
30469,8925617,8927003,1386,CDS
30470,8927180,8927486,306,CDS
30471,8927552,8927707,155,CDS
30472,8928060,8928743,683,CDS
30473,8928990,8929663,673,CDS
30474,8929733,8930396,663,CDS
30475,8931082,8931316,234,CDS
30476,8932901,8933084,183,CDS
30477,8915835,8916053,218,CDS
30478,8922938,8923456,518,CDS
30479,8925204,8925529,325,CDS
30480,8925617,8927003,1386,CDS
30481,8927180,8927486,306,CDS
30482,8927552,8927707,155,CDS
30483,8928990,8929663,673,CDS
30484,8929733,8930396,663,CDS
30485,8930484,8930550,66,CDS
30486,8932901,8933084,183,CDS
30487,8915835,8916053,218,CDS
30488,8925204,8925529,325,CDS
30489,8925617,8927003,1386,CDS
30490,8927180,8927486,306,CDS
30491,8927552,8927707,155,CDS
30492,8928060,8928743,683,CDS
30493,8928990,8929663,673,CDS
30494,8929733,8930396,663,CDS
30495,8931082,8931316,234,CDS
30496,8932901,8933084,183,CDS
30497,8915835,8916053,218,CDS
30498,8922938,8923456,518,CDS
30499,8925204,8925529,325,CDS
30500,8925617,8927003,1386,CDS
30501,8927180,8927486,306,CDS
30502,8927552,8927707,155,CDS
30503,8928060,8928743,683,CDS
30504,8928990,8929663,673,CDS
30505,8929733,8930396,663,CDS
30506,8931082,8931938,856,CDS
30507,8915835,8916053,218,CDS
30508,8922938,8923456,518,CDS
30509,8925204,8925529,325,CDS
30510,8925617,8927003,1386,CDS
30511,8927180,8927486,306,CDS
30512,8927552,8927707,155,CDS
30513,8928060,8928743,683,CDS
30514,8928990,8929663,673,CDS
30515,8929733,8930396,663,CDS
30516,8931082,8931938,856,CDS
30517,8915835,8916053,218,CDS
30518,8922938,8923456,518,CDS
30519,8925204,8925529,325,CDS
30520,8925617,8927003,1386,CDS
30521,8927180,8927486,306,CDS
30522,8927552,8927707,155,CDS
30523,8928990,8929663,673,CDS
30524,8929733,8930396,663,CDS
30525,8931082,8931938,856,CDS
30526,8915835,8916053,218,CDS
30527,8925204,8925529,325,CDS
30528,8925617,8927003,1386,CDS
30529,8927180,8927486,306,CDS
30530,8927552,8927707,155,CDS
30531,8928060,8928743,683,CDS
30532,8928990,8929663,673,CDS
30533,8929733,8930396,663,CDS
30534,8931082,8931938,856,CDS
30535,8915835,8916053,218,CDS
30536,8922938,8923456,518,CDS
30537,8925204,8925529,325,CDS
30538,8925617,8927003,1386,CDS
30539,8927180,8927486,306,CDS
30540,8927552,8927707,155,CDS
30541,8928060,8928743,683,CDS
30542,8928990,8929663,673,CDS
30543,8929733,8930396,663,CDS
30544,8930484,8930550,66,CDS
30545,8931082,8931100,18,CDS
30546,8933962,8936096,2134,gene
30547,8933962,8934300,338,mRNA
30548,8934968,8935058,90,mRNA
30549,8935152,8935754,602,mRNA
30550,8935883,8936096,213,mRNA
30551,8933964,8934018,54,mRNA
30552,8934968,8935058,90,mRNA
30553,8935152,8935754,602,mRNA
30554,8935883,8936096,213,mRNA
30555,8934796,8935720,924,gene
30556,8935184,8935720,536,ncRNA
30557,8934796,8935031,235,ncRNA
30558,8934824,8935058,234,mRNA
30559,8935152,8935754,602,mRNA
30560,8935883,8936096,213,mRNA
30561,8934990,8935058,68,CDS
30562,8935152,8935754,602,CDS
30563,8935883,8935957,74,CDS
30564,8934990,8935058,68,CDS
30565,8935152,8935754,602,CDS
30566,8935883,8935957,74,CDS
30567,8934990,8935058,68,CDS
30568,8935152,8935754,602,CDS
30569,8935883,8935957,74,CDS
30570,8937390,8939743,2353,gene
30571,8937390,8937631,241,mRNA
30572,8938569,8938757,188,mRNA
30573,8938857,8939027,170,mRNA
30574,8939116,8939743,627,mRNA
30575,8937390,8937448,58,mRNA
30576,8937520,8937631,111,mRNA
30577,8938569,8938757,188,mRNA
30578,8938857,8939027,170,mRNA
30579,8939116,8939743,627,mRNA
30580,8937390,8937405,15,mRNA
30581,8937520,8937631,111,mRNA
30582,8938569,8938757,188,mRNA
30583,8938857,8939027,170,mRNA
30584,8939116,8939743,627,mRNA
30585,8937551,8937631,80,CDS
30586,8938569,8938757,188,CDS
30587,8938857,8939027,170,CDS
30588,8939116,8939601,485,CDS
30589,8937551,8937631,80,CDS
30590,8938569,8938757,188,CDS
30591,8938857,8939027,170,CDS
30592,8939116,8939601,485,CDS
30593,8937551,8937631,80,CDS
30594,8938569,8938757,188,CDS
30595,8938857,8939027,170,CDS
30596,8939116,8939601,485,CDS
30597,8939725,8942105,2380,gene
30598,8940998,8941763,765,mRNA
30599,8940255,8940655,400,mRNA
30600,8939725,8940197,472,mRNA
30601,8940998,8942105,1107,mRNA
30602,8940255,8940655,400,mRNA
30603,8939785,8940197,412,mRNA
30604,8940998,8941763,765,mRNA
30605,8940255,8940655,400,mRNA
30606,8939785,8940197,412,mRNA
30607,8940998,8941724,726,CDS
30608,8940255,8940655,400,CDS
30609,8939916,8940197,281,CDS
30610,8940998,8941724,726,CDS
30611,8940255,8940655,400,CDS
30612,8939916,8940197,281,CDS
30613,8940998,8941724,726,CDS
30614,8940255,8940655,400,CDS
30615,8939916,8940197,281,CDS
30616,8941945,8943257,1312,gene
30617,8943129,8943257,128,mRNA
30618,8942827,8943071,244,mRNA
30619,8942509,8942655,146,mRNA
30620,8941945,8942452,507,mRNA
30621,8943129,8943257,128,mRNA
30622,8942827,8943071,244,mRNA
30623,8942509,8942655,146,mRNA
30624,8942110,8942452,342,mRNA
30625,8943129,8943218,89,CDS
30626,8942827,8943071,244,CDS
30627,8942509,8942655,146,CDS
30628,8942305,8942452,147,CDS
30629,8943129,8943218,89,CDS
30630,8942827,8943071,244,CDS
30631,8942509,8942655,146,CDS
30632,8942305,8942452,147,CDS
30633,8943455,8951216,7761,gene
30634,8950978,8951216,238,mRNA
30635,8945358,8945534,176,mRNA
30636,8944233,8945122,889,mRNA
30637,8943455,8944167,712,mRNA
30638,8950770,8951216,446,mRNA
30639,8945358,8945534,176,mRNA
30640,8944233,8945122,889,mRNA
30641,8943455,8944167,712,mRNA
30642,8946463,8946613,150,mRNA
30643,8945358,8945534,176,mRNA
30644,8944233,8945122,889,mRNA
30645,8943455,8944167,712,mRNA
30646,8945358,8945400,42,CDS
30647,8944233,8945122,889,CDS
30648,8943934,8944167,233,CDS
30649,8945358,8945400,42,CDS
30650,8944233,8945122,889,CDS
30651,8943934,8944167,233,CDS
30652,8945358,8945400,42,CDS
30653,8944233,8945122,889,CDS
30654,8943934,8944167,233,CDS
30655,8952710,8952753,43,mobile_element
30656,8953481,8959051,5570,gene
30657,8958878,8959051,173,mRNA
30658,8953481,8955586,2105,mRNA
30659,8957518,8958113,595,mRNA
30660,8953481,8955586,2105,mRNA
30661,8955682,8955807,125,mRNA
30662,8953481,8955586,2105,mRNA
30663,8958878,8958977,99,CDS
30664,8954022,8955586,1564,CDS
30665,8955682,8955712,30,CDS
30666,8954022,8955586,1564,CDS
30667,8954022,8955575,1553,CDS
30668,8959255,8962354,3099,gene
30669,8961963,8962354,391,mRNA
30670,8959255,8961905,2650,mRNA
30671,8960285,8962354,2069,mRNA
30672,8961963,8962354,391,CDS
30673,8960318,8961905,1587,CDS
30674,8960318,8962354,2036,CDS
30675,8962533,8964620,2087,gene
30676,8962533,8962942,409,mRNA
30677,8963003,8963288,285,mRNA
30678,8963355,8964620,1265,mRNA
30679,8962539,8962942,403,CDS
30680,8963003,8963288,285,CDS
30681,8963355,8964599,1244,CDS
30682,8964957,8967035,2078,gene
30683,8964957,8965369,412,mRNA
30684,8965428,8965713,285,mRNA
30685,8965775,8967035,1260,mRNA
30686,8964957,8965369,412,CDS
30687,8965428,8965713,285,CDS
30688,8965775,8967028,1253,CDS
30689,8967535,8970627,3092,gene
30690,8967535,8968009,474,mRNA
30691,8968079,8968376,297,mRNA
30692,8968773,8970627,1854,mRNA
30693,8967535,8968009,474,mRNA
30694,8968079,8968376,297,mRNA
30695,8968773,8970259,1486,mRNA
30696,8967535,8968009,474,mRNA
30697,8968079,8968376,297,mRNA
30698,8968773,8970043,1270,mRNA
30699,8967570,8968009,439,CDS
30700,8968079,8968376,297,CDS
30701,8968773,8970026,1253,CDS
30702,8967570,8968009,439,CDS
30703,8968079,8968376,297,CDS
30704,8968773,8970026,1253,CDS
30705,8967570,8968009,439,CDS
30706,8968079,8968376,297,CDS
30707,8968773,8970026,1253,CDS
30708,8970520,8975428,4908,gene
30709,8974910,8975428,518,mRNA
30710,8973225,8973536,311,mRNA
30711,8972917,8973059,142,mRNA
30712,8972355,8972537,182,mRNA
30713,8972174,8972282,108,mRNA
30714,8971780,8972083,303,mRNA
30715,8971501,8971717,216,mRNA
30716,8971266,8971430,164,mRNA
30717,8970520,8971196,676,mRNA
30718,8974910,8974976,66,mRNA
30719,8973225,8973536,311,mRNA
30720,8972917,8973059,142,mRNA
30721,8972355,8972537,182,mRNA
30722,8971780,8972282,502,mRNA
30723,8971501,8971717,216,mRNA
30724,8971266,8971430,164,mRNA
30725,8970520,8971196,676,mRNA
30726,8974910,8974931,21,CDS
30727,8973225,8973536,311,CDS
30728,8972917,8973059,142,CDS
30729,8972355,8972537,182,CDS
30730,8972174,8972282,108,CDS
30731,8971780,8972083,303,CDS
30732,8971501,8971717,216,CDS
30733,8971266,8971430,164,CDS
30734,8970801,8971196,395,CDS
30735,8974910,8974931,21,CDS
30736,8973225,8973536,311,CDS
30737,8972917,8973059,142,CDS
30738,8972355,8972537,182,CDS
30739,8971780,8972282,502,CDS
30740,8971501,8971717,216,CDS
30741,8971266,8971430,164,CDS
30742,8970801,8971196,395,CDS
30743,8977834,8984872,7038,gene
30744,8984736,8984872,136,mRNA
30745,8983890,8984032,142,mRNA
30746,8980048,8980302,254,mRNA
30747,8978858,8979083,225,mRNA
30748,8978667,8978786,119,mRNA
30749,8978421,8978604,183,mRNA
30750,8977834,8978357,523,mRNA
30751,8984801,8984872,71,mRNA
30752,8983890,8984032,142,mRNA
30753,8980048,8980302,254,mRNA
30754,8978858,8979083,225,mRNA
30755,8978667,8978786,119,mRNA
30756,8978421,8978604,183,mRNA
30757,8977962,8978357,395,mRNA
30758,8980048,8980158,110,CDS
30759,8978858,8979083,225,CDS
30760,8978667,8978786,119,CDS
30761,8978421,8978604,183,CDS
30762,8978042,8978357,315,CDS
30763,8980048,8980158,110,CDS
30764,8978858,8979083,225,CDS
30765,8978667,8978786,119,CDS
30766,8978421,8978604,183,CDS
30767,8978042,8978357,315,CDS
30768,8980659,8981432,773,gene
30769,8980659,8980783,124,mRNA
30770,8980855,8981019,164,mRNA
30771,8981077,8981432,355,mRNA
30772,8980732,8980783,51,CDS
30773,8980855,8981019,164,CDS
30774,8981077,8981300,223,CDS
30775,8985936,8989539,3603,gene
30776,8989352,8989539,187,mRNA
30777,8988936,8989229,293,mRNA
30778,8986936,8987287,351,mRNA
30779,8986600,8986783,183,mRNA
30780,8985936,8986530,594,mRNA
30781,8988936,8989287,351,mRNA
30782,8986936,8987287,351,mRNA
30783,8986600,8986783,183,mRNA
30784,8985936,8986530,594,mRNA
30785,8988936,8989182,246,mRNA
30786,8986936,8987287,351,mRNA
30787,8986600,8986783,183,mRNA
30788,8985936,8986530,594,mRNA
30789,8988936,8989037,101,CDS
30790,8986936,8987287,351,CDS
30791,8986600,8986783,183,CDS
30792,8986341,8986530,189,CDS
30793,8988936,8989037,101,CDS
30794,8986936,8987287,351,CDS
30795,8986600,8986783,183,CDS
30796,8986341,8986530,189,CDS
30797,8988936,8989037,101,CDS
30798,8986936,8987287,351,CDS
30799,8986600,8986783,183,CDS
30800,8986341,8986530,189,CDS
30801,8991735,8993632,1897,gene
30802,8991735,8992384,649,mRNA
30803,8992691,8992792,101,mRNA
30804,8992850,8993036,186,mRNA
30805,8993094,8993632,538,mRNA
30806,8991967,8992384,417,mRNA
30807,8992691,8992792,101,mRNA
30808,8992850,8993036,186,mRNA
30809,8993094,8993632,538,mRNA
30810,8992063,8992384,321,CDS
30811,8992691,8992792,101,CDS
30812,8992850,8993036,186,CDS
30813,8993094,8993310,216,CDS
30814,8992063,8992384,321,CDS
30815,8992691,8992792,101,CDS
30816,8992850,8993036,186,CDS
30817,8993094,8993310,216,CDS
30818,8993818,8997379,3561,gene
30819,8997210,8997379,169,mRNA
30820,8996931,8997125,194,mRNA
30821,8996743,8996868,125,mRNA
30822,8996198,8996679,481,mRNA
30823,8995804,8996136,332,mRNA
30824,8995602,8995746,144,mRNA
30825,8993818,8995538,1720,mRNA
30826,8994391,8995617,1226,gene
30827,8994391,8994784,393,mRNA
30828,8994925,8995026,101,mRNA
30829,8995089,8995275,186,mRNA
30830,8995330,8995617,287,mRNA
30831,8994463,8994784,321,CDS
30832,8994925,8995026,101,CDS
30833,8995089,8995275,186,CDS
30834,8995330,8995546,216,CDS
30835,8997210,8997379,169,mRNA
30836,8996931,8997125,194,mRNA
30837,8996743,8996868,125,mRNA
30838,8996198,8996679,481,mRNA
30839,8995804,8996136,332,mRNA
30840,8995602,8995746,144,mRNA
30841,8994669,8995538,869,mRNA
30842,8997210,8997379,169,mRNA
30843,8996931,8997125,194,mRNA
30844,8996743,8996868,125,mRNA
30845,8996198,8996679,481,mRNA
30846,8995804,8996136,332,mRNA
30847,8995479,8995746,267,mRNA
30848,8997210,8997379,169,mRNA
30849,8996931,8997125,194,mRNA
30850,8996743,8996868,125,mRNA
30851,8996198,8996679,481,mRNA
30852,8995804,8996136,332,mRNA
30853,8995545,8995746,201,mRNA
30854,8997210,8997263,53,CDS
30855,8996931,8997125,194,CDS
30856,8996743,8996868,125,CDS
30857,8996198,8996679,481,CDS
30858,8995804,8996136,332,CDS
30859,8995602,8995746,144,CDS
30860,8997210,8997263,53,CDS
30861,8996931,8997125,194,CDS
30862,8996743,8996868,125,CDS
30863,8996198,8996679,481,CDS
30864,8995804,8996136,332,CDS
30865,8995602,8995746,144,CDS
30866,8997210,8997263,53,CDS
30867,8996931,8997125,194,CDS
30868,8996743,8996868,125,CDS
30869,8996198,8996679,481,CDS
30870,8995804,8996136,332,CDS
30871,8995602,8995746,144,CDS
30872,8997210,8997263,53,CDS
30873,8996931,8997125,194,CDS
30874,8996743,8996868,125,CDS
30875,8996198,8996679,481,CDS
30876,8995804,8996136,332,CDS
30877,8995602,8995746,144,CDS
30878,8997605,8998544,939,gene
30879,8997605,8997668,63,mRNA
30880,8997723,8998544,821,mRNA
30881,8997605,8997668,63,mRNA
30882,8997762,8998544,782,mRNA
30883,8997664,8997668,4,CDS
30884,8997723,8998386,663,CDS
30885,8997664,8997668,4,CDS
30886,8997762,8998386,624,CDS
30887,8998537,8999816,1279,gene
30888,8998537,8999816,1279,mRNA
30889,8998537,8999468,931,mRNA
30890,8998611,8999414,803,CDS
30891,8998611,8999414,803,CDS
30892,9000335,9007786,7451,mobile_element
30893,9010583,9011358,775,gene
30894,9010583,9010717,134,mRNA
30895,9010779,9010964,185,mRNA
30896,9011036,9011358,322,mRNA
30897,9010660,9010717,57,CDS
30898,9010779,9010964,185,CDS
30899,9011036,9011244,208,CDS
30900,9012188,9014149,1961,gene
30901,9012188,9012321,133,mRNA
30902,9012385,9012561,176,mRNA
30903,9012626,9014149,1523,mRNA
30904,9012188,9012321,133,mRNA
30905,9012385,9012561,176,mRNA
30906,9012626,9012890,264,mRNA
30907,9012264,9012321,57,CDS
30908,9012385,9012561,176,CDS
30909,9012626,9012843,217,CDS
30910,9012264,9012321,57,CDS
30911,9012385,9012561,176,CDS
30912,9012626,9012843,217,CDS
30913,9012885,9014068,1183,gene
30914,9012885,9014068,1183,mRNA
30915,9013050,9013922,872,CDS
30916,9024320,9031836,7516,gene
30917,9031624,9031836,212,mRNA
30918,9024320,9025393,1073,mRNA
30919,9024450,9025432,982,mRNA
30920,9024464,9025366,902,CDS
30921,9024464,9025366,902,CDS
30922,9025634,9031836,6202,gene
30923,9031624,9031836,212,ncRNA
30924,9025634,9026333,699,ncRNA
30925,9051631,9071164,19533,gene
30926,9070950,9071164,214,mRNA
30927,9066080,9066760,680,mRNA
30928,9062400,9062506,106,mRNA
30929,9060710,9060926,216,mRNA
30930,9059692,9059850,158,mRNA
30931,9059471,9059599,128,mRNA
30932,9055262,9055412,150,mRNA
30933,9055020,9055162,142,mRNA
30934,9053298,9053429,131,mRNA
30935,9051631,9053080,1449,mRNA
30936,9070950,9071164,214,mRNA
30937,9066080,9066760,680,mRNA
30938,9062400,9062506,106,mRNA
30939,9060710,9060926,216,mRNA
30940,9059692,9059850,158,mRNA
30941,9059471,9059599,128,mRNA
30942,9055262,9055412,150,mRNA
30943,9055020,9055162,142,mRNA
30944,9053298,9053429,131,mRNA
30945,9051631,9053140,1509,mRNA
30946,9070832,9071164,332,mRNA
30947,9066080,9066760,680,mRNA
30948,9062400,9062506,106,mRNA
30949,9060710,9060926,216,mRNA
30950,9059692,9059850,158,mRNA
30951,9059471,9059599,128,mRNA
30952,9055262,9055412,150,mRNA
30953,9055020,9055162,142,mRNA
30954,9053298,9053429,131,mRNA
30955,9051631,9053140,1509,mRNA
30956,9066080,9066401,321,CDS
30957,9062400,9062506,106,CDS
30958,9060710,9060926,216,CDS
30959,9059692,9059850,158,CDS
30960,9059471,9059599,128,CDS
30961,9055262,9055412,150,CDS
30962,9055020,9055162,142,CDS
30963,9053298,9053429,131,CDS
30964,9052902,9053080,178,CDS
30965,9066080,9066401,321,CDS
30966,9062400,9062506,106,CDS
30967,9060710,9060926,216,CDS
30968,9059692,9059850,158,CDS
30969,9059471,9059599,128,CDS
30970,9055262,9055412,150,CDS
30971,9055020,9055162,142,CDS
30972,9053298,9053429,131,CDS
30973,9052902,9053140,238,CDS
30974,9066080,9066401,321,CDS
30975,9062400,9062506,106,CDS
30976,9060710,9060926,216,CDS
30977,9059692,9059850,158,CDS
30978,9059471,9059599,128,CDS
30979,9055262,9055412,150,CDS
30980,9055020,9055162,142,CDS
30981,9053298,9053429,131,CDS
30982,9052902,9053140,238,CDS
30983,9071032,9071607,575,gene
30984,9071032,9071607,575,ncRNA
30985,9077121,9077988,867,gene
30986,9077121,9077988,867,mRNA
30987,9077121,9077152,31,mRNA
30988,9077222,9077988,766,mRNA
30989,9077242,9077937,695,CDS
30990,9077242,9077937,695,CDS
30991,9084107,9089440,5333,gene
30992,9084107,9084230,123,mRNA
30993,9085420,9085527,107,mRNA
30994,9086242,9086923,681,mRNA
30995,9086977,9089440,2463,mRNA
30996,9084107,9084230,123,CDS
30997,9085420,9085527,107,CDS
30998,9086242,9086923,681,CDS
30999,9086977,9089440,2463,CDS
31000,9097563,9098175,612,gene
31001,9097563,9097711,148,mRNA
31002,9097770,9098175,405,mRNA
31003,9097627,9097711,84,CDS
31004,9097770,9098056,286,CDS
31005,9099397,9099770,373,gene
31006,9099397,9099770,373,ncRNA
31007,9111814,9113285,1471,gene
31008,9111814,9112125,311,mRNA
31009,9112181,9112319,138,mRNA
31010,9112373,9112643,270,mRNA
31011,9112697,9112796,99,mRNA
31012,9112856,9112957,101,mRNA
31013,9113015,9113122,107,mRNA
31014,9113184,9113285,101,mRNA
31015,9111814,9112125,311,CDS
31016,9112181,9112319,138,CDS
31017,9112373,9112643,270,CDS
31018,9112697,9112796,99,CDS
31019,9112856,9112957,101,CDS
31020,9113015,9113122,107,CDS
31021,9113184,9113285,101,CDS
31022,9119582,9120040,458,gene
31023,9119582,9120040,458,ncRNA
31024,9121571,9121923,352,gene
31025,9121571,9121923,352,ncRNA
31026,9124032,9124500,468,gene
31027,9124032,9124500,468,ncRNA
31028,9125737,9163721,37984,gene
31029,9125737,9125940,203,mRNA
31030,9126761,9127466,705,mRNA
31031,9148755,9148799,44,mRNA
31032,9154659,9154765,106,mRNA
31033,9156498,9156594,96,mRNA
31034,9161131,9161268,137,mRNA
31035,9161385,9162012,627,mRNA
31036,9162076,9162308,232,mRNA
31037,9162363,9162708,345,mRNA
31038,9163295,9163721,426,mRNA
31039,9125737,9125940,203,mRNA
31040,9126770,9127466,696,mRNA
31041,9135118,9135384,266,mRNA
31042,9148755,9148799,44,mRNA
31043,9154659,9154765,106,mRNA
31044,9156498,9156594,96,mRNA
31045,9161131,9161268,137,mRNA
31046,9161385,9162012,627,mRNA
31047,9162076,9162708,632,mRNA
31048,9163141,9163721,580,mRNA
31049,9125737,9125940,203,mRNA
31050,9126881,9127466,585,mRNA
31051,9135118,9135384,266,mRNA
31052,9154659,9154765,106,mRNA
31053,9156498,9156594,96,mRNA
31054,9161131,9161268,137,mRNA
31055,9161385,9162012,627,mRNA
31056,9162076,9162708,632,mRNA
31057,9163141,9163721,580,mRNA
31058,9125737,9125940,203,mRNA
31059,9126881,9127466,585,mRNA
31060,9154659,9154765,106,mRNA
31061,9156498,9156594,96,mRNA
31062,9161131,9161268,137,mRNA
31063,9161385,9162012,627,mRNA
31064,9162076,9162308,232,mRNA
31065,9162363,9162708,345,mRNA
31066,9163295,9163721,426,mRNA
31067,9125737,9125940,203,mRNA
31068,9126881,9127466,585,mRNA
31069,9154659,9154765,106,mRNA
31070,9156498,9156594,96,mRNA
31071,9161385,9162012,627,mRNA
31072,9162076,9162708,632,mRNA
31073,9163295,9163721,426,mRNA
31074,9125737,9125940,203,mRNA
31075,9126881,9127466,585,mRNA
31076,9154659,9154765,106,mRNA
31077,9156498,9156594,96,mRNA
31078,9161131,9161268,137,mRNA
31079,9161385,9162012,627,mRNA
31080,9162076,9162308,232,mRNA
31081,9162363,9162708,345,mRNA
31082,9163295,9163716,421,mRNA
31083,9127023,9127466,443,CDS
31084,9154659,9154765,106,CDS
31085,9156498,9156594,96,CDS
31086,9161131,9161268,137,CDS
31087,9161385,9162012,627,CDS
31088,9162076,9162308,232,CDS
31089,9162363,9162708,345,CDS
31090,9163295,9163464,169,CDS
31091,9127023,9127466,443,CDS
31092,9148755,9148799,44,CDS
31093,9154659,9154765,106,CDS
31094,9156498,9156594,96,CDS
31095,9161131,9161268,137,CDS
31096,9161385,9162012,627,CDS
31097,9162076,9162308,232,CDS
31098,9162363,9162708,345,CDS
31099,9163295,9163449,154,CDS
31100,9127023,9127466,443,CDS
31101,9154659,9154765,106,CDS
31102,9156498,9156594,96,CDS
31103,9161131,9161268,137,CDS
31104,9161385,9162012,627,CDS
31105,9162076,9162308,232,CDS
31106,9162363,9162708,345,CDS
31107,9163295,9163449,154,CDS
31108,9127023,9127466,443,CDS
31109,9154659,9154765,106,CDS
31110,9156498,9156594,96,CDS
31111,9161385,9162012,627,CDS
31112,9162076,9162708,632,CDS
31113,9163295,9163449,154,CDS
31114,9127023,9127466,443,CDS
31115,9135118,9135384,266,CDS
31116,9148755,9148799,44,CDS
31117,9154659,9154765,106,CDS
31118,9156498,9156594,96,CDS
31119,9161131,9161268,137,CDS
31120,9161385,9162012,627,CDS
31121,9162076,9162708,632,CDS
31122,9163141,9163163,22,CDS
31123,9127023,9127466,443,CDS
31124,9135118,9135384,266,CDS
31125,9154659,9154765,106,CDS
31126,9156498,9156594,96,CDS
31127,9161131,9161268,137,CDS
31128,9161385,9162012,627,CDS
31129,9162076,9162708,632,CDS
31130,9163141,9163163,22,CDS
31131,9151199,9151440,241,mRNA
31132,9154659,9154765,106,mRNA
31133,9156498,9156594,96,mRNA
31134,9161131,9161268,137,mRNA
31135,9161385,9162012,627,mRNA
31136,9162076,9162708,632,mRNA
31137,9163141,9163721,580,mRNA
31138,9151414,9151440,26,CDS
31139,9154659,9154765,106,CDS
31140,9156498,9156594,96,CDS
31141,9161131,9161268,137,CDS
31142,9161385,9162012,627,CDS
31143,9162076,9162708,632,CDS
31144,9163141,9163163,22,CDS
31145,9164235,9165426,1191,gene
31146,9164235,9164848,613,mRNA
31147,9165020,9165426,406,mRNA
31148,9164348,9164848,500,CDS
31149,9165020,9165220,200,CDS
31150,9165421,9166514,1093,gene
31151,9166223,9166514,291,mRNA
31152,9165943,9166164,221,mRNA
31153,9165421,9165842,421,mRNA
31154,9166223,9166514,291,mRNA
31155,9165943,9166164,221,mRNA
31156,9165421,9165872,451,mRNA
31157,9166223,9166384,161,CDS
31158,9165943,9166164,221,CDS
31159,9165600,9165842,242,CDS
31160,9166223,9166384,161,CDS
31161,9165943,9166164,221,CDS
31162,9165600,9165872,272,CDS
31163,9166778,9250211,83433,gene
31164,9166778,9167438,660,mRNA
31165,9191615,9191813,198,mRNA
31166,9233988,9234657,669,mRNA
31167,9235102,9235263,161,mRNA
31168,9238958,9239762,804,mRNA
31169,9239822,9241269,1447,mRNA
31170,9241376,9241549,173,mRNA
31171,9241606,9243178,1572,mRNA
31172,9243235,9243545,310,mRNA
31173,9243612,9243900,288,mRNA
31174,9244263,9244586,323,mRNA
31175,9245386,9245712,326,mRNA
31176,9245777,9250211,4434,mRNA
31177,9166778,9167438,660,mRNA
31178,9191615,9191813,198,mRNA
31179,9233988,9234657,669,mRNA
31180,9235102,9235263,161,mRNA
31181,9238958,9239762,804,mRNA
31182,9239822,9241269,1447,mRNA
31183,9241376,9241549,173,mRNA
31184,9241606,9242929,1323,mRNA
31185,9242993,9243178,185,mRNA
31186,9243235,9243545,310,mRNA
31187,9243612,9243900,288,mRNA
31188,9244263,9244586,323,mRNA
31189,9245386,9245712,326,mRNA
31190,9245777,9247186,1409,mRNA
31191,9166778,9167438,660,mRNA
31192,9191615,9191813,198,mRNA
31193,9233988,9234657,669,mRNA
31194,9235102,9235263,161,mRNA
31195,9238958,9239762,804,mRNA
31196,9239822,9241269,1447,mRNA
31197,9241376,9241549,173,mRNA
31198,9241606,9242929,1323,mRNA
31199,9242993,9243178,185,mRNA
31200,9243235,9243545,310,mRNA
31201,9243612,9243900,288,mRNA
31202,9245386,9245712,326,mRNA
31203,9245777,9247186,1409,mRNA
31204,9176358,9176380,22,mRNA
31205,9177125,9177630,505,mRNA
31206,9191615,9191813,198,mRNA
31207,9233988,9234657,669,mRNA
31208,9235102,9235263,161,mRNA
31209,9238958,9239762,804,mRNA
31210,9239822,9241269,1447,mRNA
31211,9241376,9241549,173,mRNA
31212,9241606,9242929,1323,mRNA
31213,9242993,9243178,185,mRNA
31214,9243235,9243545,310,mRNA
31215,9243612,9243900,288,mRNA
31216,9245386,9245712,326,mRNA
31217,9245777,9250211,4434,mRNA
31218,9176358,9176380,22,mRNA
31219,9177122,9177630,508,mRNA
31220,9191615,9191813,198,mRNA
31221,9233988,9234657,669,mRNA
31222,9235102,9235263,161,mRNA
31223,9238958,9239762,804,mRNA
31224,9239822,9241269,1447,mRNA
31225,9241376,9241549,173,mRNA
31226,9241606,9242929,1323,mRNA
31227,9242993,9243178,185,mRNA
31228,9243235,9243545,310,mRNA
31229,9243648,9243900,252,mRNA
31230,9244263,9244586,323,mRNA
31231,9245386,9245712,326,mRNA
31232,9245777,9247186,1409,mRNA
31233,9176358,9176380,22,mRNA
31234,9177125,9177630,505,mRNA
31235,9191615,9191813,198,mRNA
31236,9233988,9234657,669,mRNA
31237,9235102,9235263,161,mRNA
31238,9238958,9239762,804,mRNA
31239,9239822,9241269,1447,mRNA
31240,9241376,9241549,173,mRNA
31241,9241606,9242929,1323,mRNA
31242,9242993,9243178,185,mRNA
31243,9243235,9243545,310,mRNA
31244,9243612,9243900,288,mRNA
31245,9244263,9244586,323,mRNA
31246,9245386,9245712,326,mRNA
31247,9245777,9247186,1409,mRNA
31248,9191785,9191813,28,CDS
31249,9233988,9234657,669,CDS
31250,9235102,9235263,161,CDS
31251,9238958,9239762,804,CDS
31252,9239822,9241269,1447,CDS
31253,9241376,9241549,173,CDS
31254,9241606,9243178,1572,CDS
31255,9243235,9243545,310,CDS
31256,9243612,9243900,288,CDS
31257,9244263,9244586,323,CDS
31258,9245386,9245712,326,CDS
31259,9245777,9245808,31,CDS
31260,9191785,9191813,28,CDS
31261,9233988,9234657,669,CDS
31262,9235102,9235263,161,CDS
31263,9238958,9239762,804,CDS
31264,9239822,9241269,1447,CDS
31265,9241376,9241549,173,CDS
31266,9241606,9242929,1323,CDS
31267,9242993,9243178,185,CDS
31268,9243235,9243545,310,CDS
31269,9243612,9243900,288,CDS
31270,9244263,9244586,323,CDS
31271,9245386,9245712,326,CDS
31272,9245777,9245808,31,CDS
31273,9191785,9191813,28,CDS
31274,9233988,9234657,669,CDS
31275,9235102,9235263,161,CDS
31276,9238958,9239762,804,CDS
31277,9239822,9241269,1447,CDS
31278,9241376,9241549,173,CDS
31279,9241606,9242929,1323,CDS
31280,9242993,9243178,185,CDS
31281,9243235,9243545,310,CDS
31282,9243612,9243900,288,CDS
31283,9244263,9244586,323,CDS
31284,9245386,9245712,326,CDS
31285,9245777,9245808,31,CDS
31286,9191785,9191813,28,CDS
31287,9233988,9234657,669,CDS
31288,9235102,9235263,161,CDS
31289,9238958,9239762,804,CDS
31290,9239822,9241269,1447,CDS
31291,9241376,9241549,173,CDS
31292,9241606,9242929,1323,CDS
31293,9242993,9243178,185,CDS
31294,9243235,9243545,310,CDS
31295,9243612,9243900,288,CDS
31296,9245386,9245712,326,CDS
31297,9245777,9245808,31,CDS
31298,9191785,9191813,28,CDS
31299,9233988,9234657,669,CDS
31300,9235102,9235263,161,CDS
31301,9238958,9239762,804,CDS
31302,9239822,9241269,1447,CDS
31303,9241376,9241549,173,CDS
31304,9241606,9242929,1323,CDS
31305,9242993,9243178,185,CDS
31306,9243235,9243545,310,CDS
31307,9243612,9243900,288,CDS
31308,9245386,9245712,326,CDS
31309,9245777,9245808,31,CDS
31310,9191785,9191813,28,CDS
31311,9233988,9234657,669,CDS
31312,9235102,9235263,161,CDS
31313,9238958,9239762,804,CDS
31314,9239822,9241269,1447,CDS
31315,9241376,9241549,173,CDS
31316,9241606,9242929,1323,CDS
31317,9242993,9243178,185,CDS
31318,9243235,9243545,310,CDS
31319,9243648,9243900,252,CDS
31320,9244263,9244586,323,CDS
31321,9245386,9245712,326,CDS
31322,9245777,9245808,31,CDS
31323,9194175,9194262,87,mobile_element
31324,9218029,9222748,4719,mobile_element
31325,9236521,9236594,73,gene
31326,9236521,9236594,73,tRNA
31327,9250048,9251042,994,gene
31328,9250753,9251042,289,mRNA
31329,9250048,9250686,638,mRNA
31330,9250753,9251042,289,mRNA
31331,9250088,9250686,598,mRNA
31332,9250753,9251008,255,CDS
31333,9250292,9250686,394,CDS
31334,9250753,9251008,255,CDS
31335,9250292,9250686,394,CDS
31336,9251138,9251459,321,gene
31337,9251138,9251459,321,exon
31338,9251472,9253118,1646,gene
31339,9252635,9253118,483,mRNA
31340,9251942,9252338,396,mRNA
31341,9251472,9251876,404,mRNA
31342,9252635,9253118,483,mRNA
31343,9251942,9252350,408,mRNA
31344,9251472,9251876,404,mRNA
31345,9252635,9252986,351,CDS
31346,9251942,9252338,396,CDS
31347,9251678,9251876,198,CDS
31348,9252635,9252986,351,CDS
31349,9251942,9252350,408,CDS
31350,9251678,9251876,198,CDS
31351,9254076,9254854,778,gene
31352,9254076,9254854,778,mRNA
31353,9254160,9254831,671,CDS
31354,9256563,9302494,45931,gene
31355,9256563,9257206,643,mRNA
31356,9272466,9272607,141,mRNA
31357,9291056,9302494,11438,mRNA
31358,9256563,9256696,133,mRNA
31359,9272466,9272607,141,mRNA
31360,9291056,9295521,4465,mRNA
31361,9256563,9257206,643,mRNA
31362,9272466,9272607,141,mRNA
31363,9291056,9293264,2208,mRNA
31364,9256563,9256696,133,mRNA
31365,9256893,9257206,313,mRNA
31366,9272466,9272607,141,mRNA
31367,9291056,9293264,2208,mRNA
31368,9256563,9256814,251,mRNA
31369,9256893,9257206,313,mRNA
31370,9272466,9272607,141,mRNA
31371,9291056,9291798,742,mRNA
31372,9256563,9256696,133,mRNA
31373,9272466,9272607,141,mRNA
31374,9291056,9291798,742,mRNA
31375,9256940,9257206,266,mRNA
31376,9259268,9259585,317,mRNA
31377,9272466,9272607,141,mRNA
31378,9291056,9291798,742,mRNA
31379,9261820,9262804,984,gene
31380,9262305,9262804,499,ncRNA
31381,9261820,9262243,423,ncRNA
31382,9272495,9272607,112,CDS
31383,9291056,9291659,603,CDS
31384,9272495,9272607,112,CDS
31385,9291056,9291161,105,CDS
31386,9272495,9272607,112,CDS
31387,9291056,9291161,105,CDS
31388,9272495,9272607,112,CDS
31389,9291056,9291161,105,CDS
31390,9272495,9272607,112,CDS
31391,9291056,9291161,105,CDS
31392,9272495,9272607,112,CDS
31393,9291056,9291161,105,CDS
31394,9272495,9272607,112,CDS
31395,9291056,9291161,105,CDS
31396,9272502,9272607,105,mRNA
31397,9291056,9291798,742,mRNA
31398,9272519,9272607,88,CDS
31399,9291056,9291161,105,CDS
31400,9304437,9305007,570,gene
31401,9304848,9305007,159,ncRNA
31402,9304437,9304780,343,ncRNA
31403,9314832,9314887,55,mobile_element
31404,9325845,9326721,876,gene
31405,9325845,9326721,876,ncRNA
31406,9327039,9327553,514,gene
31407,9327039,9327553,514,ncRNA
31408,9327744,9330332,2588,gene
31409,9327744,9327960,216,mRNA
31410,9328013,9328354,341,mRNA
31411,9328413,9328695,282,mRNA
31412,9328754,9328992,238,mRNA
31413,9329079,9329777,698,mRNA
31414,9329931,9330332,401,mRNA
31415,9327744,9328354,610,mRNA
31416,9328413,9328695,282,mRNA
31417,9328754,9328992,238,mRNA
31418,9329079,9329777,698,mRNA
31419,9329931,9330067,136,mRNA
31420,9327744,9327960,216,mRNA
31421,9328013,9328354,341,mRNA
31422,9328413,9328695,282,mRNA
31423,9328754,9328992,238,mRNA
31424,9329079,9329777,698,mRNA
31425,9329931,9330067,136,mRNA
31426,9327744,9327960,216,mRNA
31427,9328080,9328354,274,mRNA
31428,9328413,9328695,282,mRNA
31429,9328754,9328992,238,mRNA
31430,9329079,9329777,698,mRNA
31431,9329931,9330067,136,mRNA
31432,9327800,9327960,160,CDS
31433,9328013,9328354,341,CDS
31434,9328413,9328695,282,CDS
31435,9328754,9328992,238,CDS
31436,9329079,9329777,698,CDS
31437,9329931,9330033,102,CDS
31438,9327800,9327960,160,CDS
31439,9328013,9328354,341,CDS
31440,9328413,9328695,282,CDS
31441,9328754,9328992,238,CDS
31442,9329079,9329777,698,CDS
31443,9329931,9330033,102,CDS
31444,9327800,9327960,160,CDS
31445,9328080,9328098,18,CDS
31446,9327800,9327964,164,CDS
31447,9330763,9331981,1218,gene
31448,9330763,9331110,347,mRNA
31449,9331183,9331981,798,mRNA
31450,9331055,9331110,55,CDS
31451,9331183,9331351,168,CDS
31452,9333567,9341925,8358,gene
31453,9333567,9333827,260,mRNA
31454,9338007,9338339,332,mRNA
31455,9338426,9338521,95,mRNA
31456,9338588,9338755,167,mRNA
31457,9338818,9338860,42,mRNA
31458,9339514,9339556,42,mRNA
31459,9339620,9339803,183,mRNA
31460,9339866,9339996,130,mRNA
31461,9340059,9340488,429,mRNA
31462,9340544,9340640,96,mRNA
31463,9340700,9341925,1225,mRNA
31464,9333567,9333827,260,mRNA
31465,9338035,9338339,304,mRNA
31466,9338426,9338521,95,mRNA
31467,9338588,9338755,167,mRNA
31468,9338818,9338860,42,mRNA
31469,9339514,9339556,42,mRNA
31470,9339620,9339803,183,mRNA
31471,9339866,9339996,130,mRNA
31472,9340059,9340488,429,mRNA
31473,9340544,9340640,96,mRNA
31474,9340700,9341925,1225,mRNA
31475,9333567,9333659,92,mRNA
31476,9338035,9338339,304,mRNA
31477,9338426,9338521,95,mRNA
31478,9338588,9338755,167,mRNA
31479,9338818,9338860,42,mRNA
31480,9339514,9339556,42,mRNA
31481,9339620,9339803,183,mRNA
31482,9339866,9339996,130,mRNA
31483,9340059,9340488,429,mRNA
31484,9340544,9340640,96,mRNA
31485,9340700,9341925,1225,mRNA
31486,9337806,9337932,126,mRNA
31487,9338007,9338339,332,mRNA
31488,9338426,9338521,95,mRNA
31489,9338588,9338755,167,mRNA
31490,9338818,9338860,42,mRNA
31491,9339514,9339556,42,mRNA
31492,9339620,9339803,183,mRNA
31493,9339866,9339996,130,mRNA
31494,9340059,9340488,429,mRNA
31495,9340544,9340640,96,mRNA
31496,9340700,9341925,1225,mRNA
31497,9338155,9338339,184,CDS
31498,9338426,9338521,95,CDS
31499,9338588,9338755,167,CDS
31500,9338818,9338860,42,CDS
31501,9339514,9339556,42,CDS
31502,9339620,9339803,183,CDS
31503,9339866,9339996,130,CDS
31504,9340059,9340488,429,CDS
31505,9340544,9340640,96,CDS
31506,9340700,9340762,62,CDS
31507,9338155,9338339,184,CDS
31508,9338426,9338521,95,CDS
31509,9338588,9338755,167,CDS
31510,9338818,9338860,42,CDS
31511,9339514,9339556,42,CDS
31512,9339620,9339803,183,CDS
31513,9339866,9339996,130,CDS
31514,9340059,9340488,429,CDS
31515,9340544,9340640,96,CDS
31516,9340700,9340762,62,CDS
31517,9338155,9338339,184,CDS
31518,9338426,9338521,95,CDS
31519,9338588,9338755,167,CDS
31520,9338818,9338860,42,CDS
31521,9339514,9339556,42,CDS
31522,9339620,9339803,183,CDS
31523,9339866,9339996,130,CDS
31524,9340059,9340488,429,CDS
31525,9340544,9340640,96,CDS
31526,9340700,9340762,62,CDS
31527,9338155,9338339,184,CDS
31528,9338426,9338521,95,CDS
31529,9338588,9338755,167,CDS
31530,9338818,9338860,42,CDS
31531,9339514,9339556,42,CDS
31532,9339620,9339803,183,CDS
31533,9339866,9339996,130,CDS
31534,9340059,9340488,429,CDS
31535,9340544,9340640,96,CDS
31536,9340700,9340762,62,CDS
31537,9342832,9344777,1945,gene
31538,9342832,9344777,1945,mRNA
31539,9342832,9344491,1659,mRNA
31540,9342995,9344323,1328,CDS
31541,9342995,9344323,1328,CDS
31542,9348726,9349212,486,gene
31543,9348726,9349212,486,ncRNA
31544,9349546,9349963,417,gene
31545,9349546,9349629,83,mRNA
31546,9349688,9349963,275,mRNA
31547,9349546,9349629,83,mRNA
31548,9349688,9349921,233,mRNA
31549,9349557,9349629,72,CDS
31550,9349688,9349875,187,CDS
31551,9349557,9349629,72,CDS
31552,9349688,9349875,187,CDS
31553,9350470,9350996,526,gene
31554,9350470,9350996,526,mRNA
31555,9350548,9350949,401,CDS
31556,9364297,9364991,694,gene
31557,9364297,9364356,59,ncRNA
31558,9364452,9364991,539,ncRNA
31559,9367640,9368434,794,gene
31560,9367640,9368434,794,mRNA
31561,9367706,9368317,611,CDS
31562,9370309,9415156,44847,gene
31563,9414787,9415156,369,mRNA
31564,9405832,9406263,431,mRNA
31565,9384640,9384789,149,mRNA
31566,9381631,9381763,132,mRNA
31567,9381384,9381563,179,mRNA
31568,9380815,9381318,503,mRNA
31569,9380421,9380717,296,mRNA
31570,9380050,9380259,209,mRNA
31571,9379731,9379983,252,mRNA
31572,9374683,9374787,104,mRNA
31573,9370309,9373656,3347,mRNA
31574,9372102,9374004,1902,gene
31575,9372102,9372121,19,ncRNA
31576,9372178,9372338,160,ncRNA
31577,9372945,9374004,1059,ncRNA
31578,9414787,9415156,369,mRNA
31579,9405832,9406263,431,mRNA
31580,9384640,9384789,149,mRNA
31581,9381631,9381763,132,mRNA
31582,9381384,9381563,179,mRNA
31583,9380815,9381318,503,mRNA
31584,9380421,9380717,296,mRNA
31585,9380050,9380259,209,mRNA
31586,9379731,9379983,252,mRNA
31587,9377840,9378145,305,mRNA
31588,9374683,9374787,104,mRNA
31589,9372980,9373656,676,mRNA
31590,9405832,9405875,43,CDS
31591,9384640,9384789,149,CDS
31592,9381631,9381763,132,CDS
31593,9381384,9381563,179,CDS
31594,9380815,9381318,503,CDS
31595,9380421,9380717,296,CDS
31596,9380050,9380259,209,CDS
31597,9379731,9379983,252,CDS
31598,9374683,9374787,104,CDS
31599,9373025,9373656,631,CDS
31600,9405832,9405875,43,CDS
31601,9384640,9384789,149,CDS
31602,9381631,9381763,132,CDS
31603,9381384,9381563,179,CDS
31604,9380815,9381318,503,CDS
31605,9380421,9380717,296,CDS
31606,9380050,9380259,209,CDS
31607,9379731,9379983,252,CDS
31608,9377840,9378145,305,CDS
31609,9374683,9374787,104,CDS
31610,9373025,9373656,631,CDS
31611,9387389,9391567,4178,gene
31612,9387389,9387890,501,mRNA
31613,9389829,9389977,148,mRNA
31614,9390040,9390136,96,mRNA
31615,9390246,9391567,1321,mRNA
31616,9387559,9387890,331,mRNA
31617,9389829,9389977,148,mRNA
31618,9390040,9390136,96,mRNA
31619,9390246,9391567,1321,mRNA
31620,9387768,9387890,122,CDS
31621,9389829,9389977,148,CDS
31622,9390040,9390136,96,CDS
31623,9390246,9391439,1193,CDS
31624,9387768,9387890,122,CDS
31625,9389829,9389977,148,CDS
31626,9390040,9390136,96,CDS
31627,9390246,9391439,1193,CDS
31628,9393554,9396462,2908,mobile_element
31629,9396999,9397988,989,gene
31630,9397833,9397988,155,mRNA
31631,9396999,9397764,765,mRNA
31632,9397833,9397988,155,mRNA
31633,9397110,9397772,662,mRNA
31634,9397177,9397746,569,CDS
31635,9397177,9397746,569,CDS
31636,9416588,9426342,9754,gene
31637,9416588,9416654,66,mRNA
31638,9420523,9420878,355,mRNA
31639,9423293,9423474,181,mRNA
31640,9423545,9425629,2084,mRNA
31641,9425696,9426342,646,mRNA
31642,9416588,9416642,54,mRNA
31643,9420523,9420878,355,mRNA
31644,9423293,9423474,181,mRNA
31645,9423545,9425629,2084,mRNA
31646,9425696,9426342,646,mRNA
31647,9416588,9416622,34,mRNA
31648,9420523,9420878,355,mRNA
31649,9423293,9423474,181,mRNA
31650,9423545,9425629,2084,mRNA
31651,9425696,9426342,646,mRNA
31652,9420671,9420878,207,CDS
31653,9423293,9423474,181,CDS
31654,9423545,9425629,2084,CDS
31655,9425696,9426100,404,CDS
31656,9420671,9420878,207,CDS
31657,9423293,9423474,181,CDS
31658,9423545,9425629,2084,CDS
31659,9425696,9426100,404,CDS
31660,9420671,9420878,207,CDS
31661,9423293,9423474,181,CDS
31662,9423545,9425629,2084,CDS
31663,9425696,9426100,404,CDS
31664,9426784,9427917,1133,gene
31665,9426784,9427258,474,mRNA
31666,9427319,9427917,598,mRNA
31667,9426860,9427258,398,mRNA
31668,9427319,9427835,516,mRNA
31669,9426871,9427258,387,mRNA
31670,9427319,9427801,482,mRNA
31671,9426935,9427258,323,CDS
31672,9427319,9427765,446,CDS
31673,9426935,9427258,323,CDS
31674,9427319,9427765,446,CDS
31675,9426935,9427258,323,CDS
31676,9427319,9427765,446,CDS
31677,9427870,9428740,870,gene
31678,9427870,9428395,525,mRNA
31679,9428450,9428740,290,mRNA
31680,9428023,9428395,372,CDS
31681,9428450,9428502,52,CDS
31682,9428669,9431052,2383,gene
31683,9430697,9431052,355,mRNA
31684,9430023,9430429,406,mRNA
31685,9429412,9429589,177,mRNA
31686,9428669,9429345,676,mRNA
31687,9430697,9431052,355,mRNA
31688,9430023,9430429,406,mRNA
31689,9429412,9429589,177,mRNA
31690,9428771,9429345,574,mRNA
31691,9429412,9430000,588,mRNA
31692,9428771,9429345,574,mRNA
31693,9430697,9430930,233,CDS
31694,9430023,9430429,406,CDS
31695,9429412,9429589,177,CDS
31696,9428830,9429345,515,CDS
31697,9430697,9430930,233,CDS
31698,9430023,9430429,406,CDS
31699,9429412,9429589,177,CDS
31700,9428830,9429345,515,CDS
31701,9429412,9429519,107,CDS
31702,9428830,9429345,515,CDS
31703,9431405,9435341,3936,gene
31704,9431405,9431901,496,mRNA
31705,9432281,9435341,3060,mRNA
31706,9431714,9431901,187,CDS
31707,9432281,9434915,2634,CDS
31708,9435399,9436842,1443,gene
31709,9435399,9435713,314,mRNA
31710,9435825,9436842,1017,mRNA
31711,9435510,9435713,203,CDS
31712,9435825,9436727,902,CDS
31713,9436804,9437227,423,gene
31714,9436804,9436869,65,mRNA
31715,9436929,9437227,298,mRNA
31716,9436953,9437183,230,CDS
31717,9437469,9464184,26715,gene
31718,9437469,9437959,490,mRNA
31719,9447018,9447047,29,mRNA
31720,9460505,9460753,248,mRNA
31721,9460938,9463123,2185,mRNA
31722,9440011,9440740,729,gene
31723,9440678,9440740,62,mRNA
31724,9440466,9440621,155,mRNA
31725,9440235,9440402,167,mRNA
31726,9440011,9440166,155,mRNA
31727,9440678,9440740,62,CDS
31728,9440466,9440621,155,CDS
31729,9440235,9440402,167,CDS
31730,9440011,9440166,155,CDS
31731,9449830,9450381,551,mRNA
31732,9450596,9450620,24,mRNA
31733,9460047,9460368,321,mRNA
31734,9460505,9460753,248,mRNA
31735,9460938,9464184,3246,mRNA
31736,9449830,9450381,551,mRNA
31737,9460047,9460368,321,mRNA
31738,9460505,9460753,248,mRNA
31739,9460938,9463123,2185,mRNA
31740,9460288,9460368,80,CDS
31741,9460505,9460753,248,CDS
31742,9460938,9462278,1340,CDS
31743,9460288,9460368,80,CDS
31744,9460505,9460753,248,CDS
31745,9460938,9462278,1340,CDS
31746,9460547,9460753,206,CDS
31747,9460938,9462278,1340,CDS
31748,9470326,9470861,535,gene
31749,9470326,9470345,19,ncRNA
31750,9470420,9470861,441,ncRNA
31751,9491176,9494876,3700,gene
31752,9494222,9494876,654,mRNA
31753,9492628,9493103,475,mRNA
31754,9491176,9492545,1369,mRNA
31755,9494222,9494796,574,mRNA
31756,9492628,9493103,475,mRNA
31757,9491176,9492545,1369,mRNA
31758,9494222,9494796,574,mRNA
31759,9492628,9493103,475,mRNA
31760,9491936,9492545,609,mRNA
31761,9494222,9494615,393,CDS
31762,9492628,9493103,475,CDS
31763,9492084,9492545,461,CDS
31764,9494222,9494615,393,CDS
31765,9492628,9493103,475,CDS
31766,9492084,9492545,461,CDS
31767,9494222,9494615,393,CDS
31768,9492628,9493103,475,CDS
31769,9492084,9492545,461,CDS
31770,9495474,9520696,25222,gene
31771,9495474,9496255,781,mRNA
31772,9503593,9504813,1220,mRNA
31773,9515314,9515494,180,mRNA
31774,9515565,9515744,179,mRNA
31775,9515812,9515936,124,mRNA
31776,9515995,9517062,1067,mRNA
31777,9517130,9517461,331,mRNA
31778,9517531,9517903,372,mRNA
31779,9517992,9518159,167,mRNA
31780,9518219,9518558,339,mRNA
31781,9518623,9518808,185,mRNA
31782,9518876,9519076,200,mRNA
31783,9519147,9519334,187,mRNA
31784,9519394,9519534,140,mRNA
31785,9519720,9520696,976,mRNA
31786,9495474,9496255,781,mRNA
31787,9503593,9504813,1220,mRNA
31788,9515314,9515494,180,mRNA
31789,9515565,9515744,179,mRNA
31790,9515812,9515936,124,mRNA
31791,9515995,9517062,1067,mRNA
31792,9517130,9517461,331,mRNA
31793,9517531,9517903,372,mRNA
31794,9517992,9518159,167,mRNA
31795,9518219,9518558,339,mRNA
31796,9518623,9518808,185,mRNA
31797,9518876,9519076,200,mRNA
31798,9519147,9519334,187,mRNA
31799,9519394,9519479,85,mRNA
31800,9519720,9520696,976,mRNA
31801,9495474,9495711,237,mRNA
31802,9496145,9496255,110,mRNA
31803,9503593,9504813,1220,mRNA
31804,9515314,9515494,180,mRNA
31805,9515565,9515744,179,mRNA
31806,9515812,9515936,124,mRNA
31807,9515995,9517062,1067,mRNA
31808,9517130,9517461,331,mRNA
31809,9517531,9517903,372,mRNA
31810,9517992,9518159,167,mRNA
31811,9518219,9518558,339,mRNA
31812,9518623,9518808,185,mRNA
31813,9518876,9519076,200,mRNA
31814,9519147,9519334,187,mRNA
31815,9519394,9519479,85,mRNA
31816,9519720,9520696,976,mRNA
31817,9495474,9495656,182,mRNA
31818,9496145,9496255,110,mRNA
31819,9503593,9504813,1220,mRNA
31820,9515314,9515494,180,mRNA
31821,9515565,9515744,179,mRNA
31822,9515812,9515936,124,mRNA
31823,9515995,9517062,1067,mRNA
31824,9517130,9517461,331,mRNA
31825,9517531,9517903,372,mRNA
31826,9517992,9518159,167,mRNA
31827,9518219,9518558,339,mRNA
31828,9518623,9518808,185,mRNA
31829,9518876,9519076,200,mRNA
31830,9519147,9519334,187,mRNA
31831,9519394,9519479,85,mRNA
31832,9519720,9520696,976,mRNA
31833,9503225,9503351,126,mobile_element
31834,9503792,9504813,1021,CDS
31835,9515314,9515494,180,CDS
31836,9515565,9515744,179,CDS
31837,9515812,9515936,124,CDS
31838,9515995,9517062,1067,CDS
31839,9517130,9517461,331,CDS
31840,9517531,9517903,372,CDS
31841,9517992,9518159,167,CDS
31842,9518219,9518558,339,CDS
31843,9518623,9518808,185,CDS
31844,9518876,9519076,200,CDS
31845,9519147,9519334,187,CDS
31846,9519394,9519534,140,CDS
31847,9519720,9519768,48,CDS
31848,9503792,9504813,1021,CDS
31849,9515314,9515494,180,CDS
31850,9515565,9515744,179,CDS
31851,9515812,9515936,124,CDS
31852,9515995,9517062,1067,CDS
31853,9517130,9517461,331,CDS
31854,9517531,9517903,372,CDS
31855,9517992,9518159,167,CDS
31856,9518219,9518558,339,CDS
31857,9518623,9518808,185,CDS
31858,9518876,9519076,200,CDS
31859,9519147,9519334,187,CDS
31860,9519394,9519479,85,CDS
31861,9519720,9519754,34,CDS
31862,9503792,9504813,1021,CDS
31863,9515314,9515494,180,CDS
31864,9515565,9515744,179,CDS
31865,9515812,9515936,124,CDS
31866,9515995,9517062,1067,CDS
31867,9517130,9517461,331,CDS
31868,9517531,9517903,372,CDS
31869,9517992,9518159,167,CDS
31870,9518219,9518558,339,CDS
31871,9518623,9518808,185,CDS
31872,9518876,9519076,200,CDS
31873,9519147,9519334,187,CDS
31874,9519394,9519479,85,CDS
31875,9519720,9519754,34,CDS
31876,9503792,9504813,1021,CDS
31877,9515314,9515494,180,CDS
31878,9515565,9515744,179,CDS
31879,9515812,9515936,124,CDS
31880,9515995,9517062,1067,CDS
31881,9517130,9517461,331,CDS
31882,9517531,9517903,372,CDS
31883,9517992,9518159,167,CDS
31884,9518219,9518558,339,CDS
31885,9518623,9518808,185,CDS
31886,9518876,9519076,200,CDS
31887,9519147,9519334,187,CDS
31888,9519394,9519479,85,CDS
31889,9519720,9519754,34,CDS
31890,9521210,9540060,18850,gene
31891,9521210,9521495,285,mRNA
31892,9523163,9523343,180,mRNA
31893,9533514,9533751,237,mRNA
31894,9534887,9535908,1021,mRNA
31895,9535995,9536849,854,mRNA
31896,9536912,9537326,414,mRNA
31897,9537393,9537544,151,mRNA
31898,9537613,9537742,129,mRNA
31899,9537805,9540060,2255,mRNA
31900,9521210,9521440,230,mRNA
31901,9523163,9523343,180,mRNA
31902,9533514,9533751,237,mRNA
31903,9534887,9535908,1021,mRNA
31904,9535995,9536849,854,mRNA
31905,9536912,9537326,414,mRNA
31906,9537393,9537544,151,mRNA
31907,9537613,9537742,129,mRNA
31908,9537805,9540060,2255,mRNA
31909,9521210,9521495,285,mRNA
31910,9533514,9533751,237,mRNA
31911,9534887,9535908,1021,mRNA
31912,9535995,9536849,854,mRNA
31913,9536912,9537326,414,mRNA
31914,9537393,9537544,151,mRNA
31915,9537613,9537742,129,mRNA
31916,9537805,9540045,2240,mRNA
31917,9528515,9529648,1133,gene
31918,9528515,9529648,1133,mRNA
31919,9528528,9529514,986,CDS
31920,9533582,9533751,169,CDS
31921,9534887,9535908,1021,CDS
31922,9535995,9536849,854,CDS
31923,9536912,9537326,414,CDS
31924,9537393,9537544,151,CDS
31925,9537613,9537742,129,CDS
31926,9537805,9538654,849,CDS
31927,9533582,9533751,169,CDS
31928,9534887,9535908,1021,CDS
31929,9535995,9536849,854,CDS
31930,9536912,9537326,414,CDS
31931,9537393,9537544,151,CDS
31932,9537613,9537742,129,CDS
31933,9537805,9538654,849,CDS
31934,9533582,9533751,169,CDS
31935,9534887,9535908,1021,CDS
31936,9535995,9536849,854,CDS
31937,9536912,9537326,414,CDS
31938,9537393,9537544,151,CDS
31939,9537613,9537742,129,CDS
31940,9537805,9538654,849,CDS
31941,9534748,9534793,45,mRNA
31942,9534887,9535908,1021,mRNA
31943,9535995,9536849,854,mRNA
31944,9536912,9537326,414,mRNA
31945,9537393,9537544,151,mRNA
31946,9537613,9537742,129,mRNA
31947,9537805,9540060,2255,mRNA
31948,9534900,9535908,1008,CDS
31949,9535995,9536849,854,CDS
31950,9536912,9537326,414,CDS
31951,9537393,9537544,151,CDS
31952,9537613,9537742,129,CDS
31953,9537805,9538654,849,CDS
31954,9540523,9542480,1957,gene
31955,9540523,9540698,175,mRNA
31956,9540753,9541058,305,mRNA
31957,9541118,9541263,145,mRNA
31958,9541318,9541575,257,mRNA
31959,9541634,9542480,846,mRNA
31960,9540644,9540698,54,CDS
31961,9540753,9541058,305,CDS
31962,9541118,9541263,145,CDS
31963,9541318,9541575,257,CDS
31964,9541634,9541747,113,CDS
31965,9542878,9543658,780,gene
31966,9542878,9542958,80,mRNA
31967,9543029,9543658,629,mRNA
31968,9542947,9542958,11,CDS
31969,9543029,9543478,449,CDS
31970,9544171,9544875,704,gene
31971,9544171,9544875,704,mRNA
31972,9544175,9544792,617,CDS
31973,9545811,9547424,1613,gene
31974,9545811,9545932,121,mRNA
31975,9546017,9547424,1407,mRNA
31976,9546017,9547297,1280,CDS
31977,9547573,9547676,103,mobile_element
31978,9547720,9566750,19030,gene
31979,9566433,9566750,317,mRNA
31980,9555634,9556398,764,mRNA
31981,9555284,9555498,214,mRNA
31982,9554000,9554268,268,mRNA
31983,9553803,9553939,136,mRNA
31984,9553588,9553728,140,mRNA
31985,9551717,9553526,1809,mRNA
31986,9550204,9550404,200,mRNA
31987,9547720,9549665,1945,mRNA
31988,9565004,9565438,434,mRNA
31989,9555634,9556398,764,mRNA
31990,9555284,9555498,214,mRNA
31991,9554000,9554268,268,mRNA
31992,9553803,9553939,136,mRNA
31993,9553588,9553728,140,mRNA
31994,9551717,9553526,1809,mRNA
31995,9550204,9550404,200,mRNA
31996,9548258,9549665,1407,mRNA
31997,9560397,9560426,29,mRNA
31998,9555634,9556398,764,mRNA
31999,9555284,9555498,214,mRNA
32000,9554000,9554268,268,mRNA
32001,9553803,9553939,136,mRNA
32002,9553588,9553728,140,mRNA
32003,9551717,9553526,1809,mRNA
32004,9550204,9550404,200,mRNA
32005,9548258,9549665,1407,mRNA
32006,9550479,9551017,538,mRNA
32007,9550204,9550404,200,mRNA
32008,9548258,9549665,1407,mRNA
32009,9560088,9560181,93,mRNA
32010,9555634,9556398,764,mRNA
32011,9555284,9555498,214,mRNA
32012,9554000,9554268,268,mRNA
32013,9553803,9553939,136,mRNA
32014,9553588,9553728,140,mRNA
32015,9551717,9553526,1809,mRNA
32016,9550204,9550404,200,mRNA
32017,9549014,9549665,651,mRNA
32018,9555634,9555938,304,CDS
32019,9555284,9555498,214,CDS
32020,9554000,9554268,268,CDS
32021,9553803,9553939,136,CDS
32022,9553588,9553728,140,CDS
32023,9551717,9553526,1809,CDS
32024,9550204,9550404,200,CDS
32025,9549579,9549665,86,CDS
32026,9555634,9555938,304,CDS
32027,9555284,9555498,214,CDS
32028,9554000,9554268,268,CDS
32029,9553803,9553939,136,CDS
32030,9553588,9553728,140,CDS
32031,9551717,9553526,1809,CDS
32032,9550204,9550404,200,CDS
32033,9549579,9549665,86,CDS
32034,9555634,9555938,304,CDS
32035,9555284,9555498,214,CDS
32036,9554000,9554268,268,CDS
32037,9553803,9553939,136,CDS
32038,9553588,9553728,140,CDS
32039,9551717,9553526,1809,CDS
32040,9550204,9550404,200,CDS
32041,9549579,9549665,86,CDS
32042,9555634,9555938,304,CDS
32043,9555284,9555498,214,CDS
32044,9554000,9554268,268,CDS
32045,9553803,9553939,136,CDS
32046,9553588,9553728,140,CDS
32047,9551717,9553526,1809,CDS
32048,9550204,9550404,200,CDS
32049,9549579,9549665,86,CDS
32050,9550479,9550580,101,CDS
32051,9550204,9550404,200,CDS
32052,9549579,9549665,86,CDS
32053,9568155,9568785,630,gene
32054,9568155,9568785,630,ncRNA
32055,9568890,9573572,4682,gene
32056,9568890,9569198,308,mRNA
32057,9571477,9571753,276,mRNA
32058,9571842,9571894,52,mRNA
32059,9571956,9573572,1616,mRNA
32060,9570271,9571414,1143,mRNA
32061,9571477,9571753,276,mRNA
32062,9571842,9571894,52,mRNA
32063,9571956,9573572,1616,mRNA
32064,9571509,9571753,244,CDS
32065,9571842,9571894,52,CDS
32066,9571956,9572965,1009,CDS
32067,9571509,9571753,244,CDS
32068,9571842,9571894,52,CDS
32069,9571956,9572965,1009,CDS
32070,9573563,9576769,3206,gene
32071,9576518,9576769,251,mRNA
32072,9575502,9576380,878,mRNA
32073,9575295,9575435,140,mRNA
32074,9574469,9575238,769,mRNA
32075,9573563,9574406,843,mRNA
32076,9576518,9576769,251,mRNA
32077,9575502,9576229,727,mRNA
32078,9575295,9575435,140,mRNA
32079,9574469,9575238,769,mRNA
32080,9573573,9574406,833,mRNA
32081,9576518,9576593,75,CDS
32082,9575502,9576229,727,CDS
32083,9575295,9575435,140,CDS
32084,9574469,9575238,769,CDS
32085,9573770,9574406,636,CDS
32086,9575502,9576188,686,CDS
32087,9575295,9575435,140,CDS
32088,9574469,9575238,769,CDS
32089,9573770,9574406,636,CDS
32090,9578120,9579638,1518,gene
32091,9579511,9579638,127,mRNA
32092,9579093,9579447,354,mRNA
32093,9578120,9579031,911,mRNA
32094,9579511,9579638,127,mRNA
32095,9579093,9579447,354,mRNA
32096,9578555,9579031,476,mRNA
32097,9579511,9579564,53,CDS
32098,9579093,9579447,354,CDS
32099,9578814,9579031,217,CDS
32100,9579511,9579564,53,CDS
32101,9579093,9579447,354,CDS
32102,9578814,9579031,217,CDS
32103,9579498,9581745,2247,gene
32104,9581195,9581745,550,mRNA
32105,9579498,9581119,1621,mRNA
32106,9581195,9581745,550,mRNA
32107,9579760,9581119,1359,mRNA
32108,9581195,9581592,397,CDS
32109,9580003,9581119,1116,CDS
32110,9581195,9581592,397,CDS
32111,9580003,9581119,1116,CDS
32112,9584670,9586044,1374,gene
32113,9585964,9586044,80,ncRNA
32114,9584670,9585016,346,ncRNA
32115,9585964,9586044,80,ncRNA
32116,9585433,9585810,377,ncRNA
32117,9584670,9585016,346,ncRNA
32118,9589476,9591783,2307,gene
32119,9589476,9589585,109,mRNA
32120,9589656,9590677,1021,mRNA
32121,9590740,9591190,450,mRNA
32122,9591316,9591783,467,mRNA
32123,9589630,9590677,1047,mRNA
32124,9590740,9591190,450,mRNA
32125,9591316,9591783,467,mRNA
32126,9589666,9590677,1011,CDS
32127,9590740,9591190,450,CDS
32128,9591316,9591547,231,CDS
32129,9589666,9590677,1011,CDS
32130,9590740,9591190,450,CDS
32131,9591316,9591547,231,CDS
32132,9598880,9600872,1992,gene
32133,9599966,9600872,906,mRNA
32134,9599696,9599909,213,mRNA
32135,9599184,9599637,453,mRNA
32136,9598880,9599126,246,mRNA
32137,9599966,9600853,887,CDS
32138,9599696,9599909,213,CDS
32139,9599184,9599637,453,CDS
32140,9598940,9599126,186,CDS
32141,9608562,9612706,4144,gene
32142,9608562,9608908,346,mRNA
32143,9610602,9611346,744,mRNA
32144,9611412,9611502,90,mRNA
32145,9611562,9612706,1144,mRNA
32146,9608898,9608908,10,CDS
32147,9610602,9611346,744,CDS
32148,9611412,9611502,90,CDS
32149,9611562,9612535,973,CDS
32150,9613166,9616404,3238,gene
32151,9613166,9613375,209,mRNA
32152,9613433,9613540,107,mRNA
32153,9615302,9615448,146,mRNA
32154,9615532,9616404,872,mRNA
32155,9613414,9613540,126,mRNA
32156,9615302,9615448,146,mRNA
32157,9615532,9616047,515,mRNA
32158,9613517,9613540,23,CDS
32159,9615302,9615448,146,CDS
32160,9615532,9615681,149,CDS
32161,9613517,9613540,23,CDS
32162,9615302,9615448,146,CDS
32163,9615532,9615681,149,CDS
32164,9616469,9623109,6640,gene
32165,9616469,9616513,44,mRNA
32166,9621145,9621417,272,mRNA
32167,9621479,9621741,262,mRNA
32168,9621957,9622308,351,mRNA
32169,9622366,9623109,743,mRNA
32170,9616480,9616513,33,CDS
32171,9621145,9621417,272,CDS
32172,9621479,9621741,262,CDS
32173,9621957,9622308,351,CDS
32174,9622366,9622427,61,CDS
32175,9616836,9617609,773,mRNA
32176,9621145,9621417,272,mRNA
32177,9621479,9621741,262,mRNA
32178,9621957,9622308,351,mRNA
32179,9622366,9623109,743,mRNA
32180,9616836,9617840,1004,mRNA
32181,9621145,9621417,272,mRNA
32182,9621479,9621741,262,mRNA
32183,9621957,9622308,351,mRNA
32184,9622366,9622588,222,mRNA
32185,9617330,9617840,510,CDS
32186,9621145,9621417,272,CDS
32187,9621479,9621741,262,CDS
32188,9621957,9622308,351,CDS
32189,9622366,9622427,61,CDS
32190,9617330,9617609,279,CDS
32191,9621145,9621417,272,CDS
32192,9621479,9621741,262,CDS
32193,9621957,9622308,351,CDS
32194,9622366,9622427,61,CDS
32195,9624452,9625285,833,gene
32196,9624452,9625285,833,mRNA
32197,9624858,9625223,365,CDS
32198,9634179,9656026,21847,gene
32199,9634179,9634328,149,mRNA
32200,9641681,9641818,137,mRNA
32201,9641913,9642646,733,mRNA
32202,9642717,9642876,159,mRNA
32203,9642934,9643177,243,mRNA
32204,9643249,9645790,2541,mRNA
32205,9645858,9646201,343,mRNA
32206,9646265,9646475,210,mRNA
32207,9646538,9646896,358,mRNA
32208,9646955,9648917,1962,mRNA
32209,9648989,9649147,158,mRNA
32210,9649205,9650751,1546,mRNA
32211,9650809,9651433,624,mRNA
32212,9651492,9653760,2268,mRNA
32213,9653822,9653991,169,mRNA
32214,9654045,9654131,86,mRNA
32215,9654194,9654753,559,mRNA
32216,9654811,9655011,200,mRNA
32217,9655079,9655769,690,mRNA
32218,9655851,9656026,175,mRNA
32219,9641746,9641818,72,CDS
32220,9641913,9642646,733,CDS
32221,9642717,9642876,159,CDS
32222,9642934,9643177,243,CDS
32223,9643249,9645790,2541,CDS
32224,9645858,9646201,343,CDS
32225,9646265,9646475,210,CDS
32226,9646538,9646896,358,CDS
32227,9646955,9648917,1962,CDS
32228,9648989,9649147,158,CDS
32229,9649205,9650751,1546,CDS
32230,9650809,9651433,624,CDS
32231,9651492,9653760,2268,CDS
32232,9653822,9653991,169,CDS
32233,9654045,9654131,86,CDS
32234,9654194,9654753,559,CDS
32235,9654811,9655011,200,CDS
32236,9655079,9655769,690,CDS
32237,9655851,9655913,62,CDS
32238,9656600,9657424,824,gene
32239,9656600,9657424,824,mRNA
32240,9656600,9656656,56,mRNA
32241,9656720,9657424,704,mRNA
32242,9656645,9657226,581,CDS
32243,9656645,9656656,11,CDS
32244,9656720,9657226,506,CDS
32245,9663744,9668501,4757,gene
32246,9668453,9668501,48,ncRNA
32247,9665102,9665537,435,ncRNA
32248,9663744,9664225,481,ncRNA
32249,9669640,9671070,1430,gene
32250,9670799,9671070,271,ncRNA
32251,9669640,9670685,1045,ncRNA
32252,9682315,9699297,16982,gene
32253,9699115,9699297,182,mRNA
32254,9696191,9698233,2042,mRNA
32255,9682315,9685202,2887,mRNA
32256,9699115,9699297,182,mRNA
32257,9696191,9698431,2240,mRNA
32258,9682315,9685202,2887,mRNA
32259,9698702,9699297,595,mRNA
32260,9696191,9698233,2042,mRNA
32261,9683362,9685202,1840,mRNA
32262,9696505,9697566,1061,CDS
32263,9696505,9697566,1061,CDS
32264,9696505,9697566,1061,CDS
32265,9699791,9700459,668,gene
32266,9699791,9699937,146,mRNA
32267,9700000,9700459,459,mRNA
32268,9699829,9699937,108,mRNA
32269,9700000,9700459,459,mRNA
32270,9699935,9699937,2,CDS
32271,9700000,9700380,380,CDS
32272,9699935,9699937,2,CDS
32273,9700000,9700380,380,CDS
32274,9700810,9708883,8073,gene
32275,9700810,9701093,283,mRNA
32276,9701153,9701874,721,mRNA
32277,9701930,9702122,192,mRNA
32278,9706640,9706746,106,mRNA
32279,9708145,9708883,738,mRNA
32280,9701053,9701093,40,CDS
32281,9701153,9701874,721,CDS
32282,9701930,9702122,192,CDS
32283,9706640,9706746,106,CDS
32284,9708145,9708269,124,CDS
32285,9702442,9705954,3512,gene
32286,9705780,9705954,174,mRNA
32287,9703268,9703605,337,mRNA
32288,9702442,9703181,739,mRNA
32289,9705780,9705954,174,mRNA
32290,9703268,9703605,337,mRNA
32291,9702964,9703178,214,mRNA
32292,9704066,9704307,241,mRNA
32293,9703268,9703605,337,mRNA
32294,9702964,9703178,214,mRNA
32295,9703268,9703539,271,CDS
32296,9703082,9703178,96,CDS
32297,9703268,9703539,271,CDS
32298,9703082,9703178,96,CDS
32299,9703268,9703539,271,CDS
32300,9703082,9703181,99,CDS
32301,9708921,9711271,2350,gene
32302,9711120,9711271,151,mRNA
32303,9710782,9711015,233,mRNA
32304,9709622,9710720,1098,mRNA
32305,9708921,9709559,638,mRNA
32306,9711120,9711137,17,CDS
32307,9710782,9711015,233,CDS
32308,9709622,9710720,1098,CDS
32309,9709027,9709559,532,CDS
32310,9711512,9746495,34983,gene
32311,9746407,9746495,88,mRNA
32312,9742375,9744230,1855,mRNA
32313,9732955,9733532,577,mRNA
32314,9727028,9727256,228,mRNA
32315,9722761,9722954,193,mRNA
32316,9718266,9718520,254,mRNA
32317,9717870,9718006,136,mRNA
32318,9711512,9717763,6251,mRNA
32319,9746434,9746495,61,mRNA
32320,9742375,9744226,1851,mRNA
32321,9732916,9733532,616,mRNA
32322,9727028,9727256,228,mRNA
32323,9722761,9722942,181,mRNA
32324,9720091,9720165,74,mRNA
32325,9718266,9718520,254,mRNA
32326,9717870,9718006,136,mRNA
32327,9712616,9717763,5147,mRNA
32328,9746434,9746495,61,mRNA
32329,9742375,9744230,1855,mRNA
32330,9732955,9733532,577,mRNA
32331,9727028,9727256,228,mRNA
32332,9722761,9722954,193,mRNA
32333,9720091,9720165,74,mRNA
32334,9718266,9718520,254,mRNA
32335,9717870,9718006,136,mRNA
32336,9716190,9717763,1573,mRNA
32337,9746434,9746495,61,mRNA
32338,9742375,9744230,1855,mRNA
32339,9732916,9733532,616,mRNA
32340,9727028,9727256,228,mRNA
32341,9722761,9722942,181,mRNA
32342,9718266,9718520,254,mRNA
32343,9717870,9718006,136,mRNA
32344,9716190,9717763,1573,mRNA
32345,9746407,9746495,88,mRNA
32346,9742375,9744230,1855,mRNA
32347,9732916,9733532,616,mRNA
32348,9727028,9727256,228,mRNA
32349,9722761,9722942,181,mRNA
32350,9718266,9718520,254,mRNA
32351,9717870,9718006,136,mRNA
32352,9716190,9717763,1573,mRNA
32353,9742375,9743284,909,CDS
32354,9732955,9733532,577,CDS
32355,9727028,9727256,228,CDS
32356,9722761,9722954,193,CDS
32357,9718266,9718520,254,CDS
32358,9717870,9718006,136,CDS
32359,9717523,9717763,240,CDS
32360,9742375,9743284,909,CDS
32361,9732955,9733532,577,CDS
32362,9727028,9727256,228,CDS
32363,9722761,9722954,193,CDS
32364,9720091,9720165,74,CDS
32365,9718266,9718520,254,CDS
32366,9717870,9718006,136,CDS
32367,9717523,9717763,240,CDS
32368,9742375,9743284,909,CDS
32369,9732916,9733532,616,CDS
32370,9727028,9727256,228,CDS
32371,9722761,9722942,181,CDS
32372,9718266,9718520,254,CDS
32373,9717870,9718006,136,CDS
32374,9717523,9717763,240,CDS
32375,9742375,9743284,909,CDS
32376,9732916,9733532,616,CDS
32377,9727028,9727256,228,CDS
32378,9722761,9722942,181,CDS
32379,9718266,9718520,254,CDS
32380,9717870,9718006,136,CDS
32381,9717523,9717763,240,CDS
32382,9742375,9743284,909,CDS
32383,9732916,9733532,616,CDS
32384,9727028,9727256,228,CDS
32385,9722761,9722942,181,CDS
32386,9720091,9720165,74,CDS
32387,9718266,9718520,254,CDS
32388,9717870,9718006,136,CDS
32389,9717523,9717763,240,CDS
32390,9729940,9730945,1005,gene
32391,9729940,9730945,1005,mRNA
32392,9729940,9730910,970,mRNA
32393,9730004,9730633,629,CDS
32394,9730004,9730633,629,CDS
32395,9736645,9737949,1304,gene
32396,9736645,9737949,1304,mRNA
32397,9736645,9737329,684,mRNA
32398,9736710,9737042,332,CDS
32399,9736710,9737042,332,CDS
32400,9747839,9750071,2232,gene
32401,9749861,9750071,210,mRNA
32402,9749560,9749669,109,mRNA
32403,9749150,9749499,349,mRNA
32404,9748718,9749087,369,mRNA
32405,9748489,9748660,171,mRNA
32406,9747839,9748430,591,mRNA
32407,9749861,9750020,159,CDS
32408,9749560,9749669,109,CDS
32409,9749150,9749499,349,CDS
32410,9748718,9749087,369,CDS
32411,9748489,9748660,171,CDS
32412,9748012,9748430,418,CDS
32413,9758342,9762375,4033,gene
32414,9758342,9758753,411,mRNA
32415,9759680,9760053,373,mRNA
32416,9760121,9761499,1378,mRNA
32417,9761565,9762375,810,mRNA
32418,9758750,9758753,3,CDS
32419,9759680,9760053,373,CDS
32420,9760121,9761499,1378,CDS
32421,9761565,9762141,576,CDS
32422,9762424,9763262,838,gene
32423,9762906,9763262,356,mRNA
32424,9762424,9762843,419,mRNA
32425,9762906,9763174,268,CDS
32426,9762522,9762843,321,CDS
32427,9763369,9765338,1969,gene
32428,9763369,9763734,365,mRNA
32429,9763836,9764648,812,mRNA
32430,9764770,9765338,568,mRNA
32431,9763489,9763734,245,mRNA
32432,9763836,9764648,812,mRNA
32433,9764770,9765338,568,mRNA
32434,9763535,9763734,199,mRNA
32435,9763836,9764648,812,mRNA
32436,9764770,9765338,568,mRNA
32437,9763629,9763734,105,CDS
32438,9763836,9764648,812,CDS
32439,9764770,9765197,427,CDS
32440,9763629,9763734,105,CDS
32441,9763836,9764648,812,CDS
32442,9764770,9765197,427,CDS
32443,9763629,9763734,105,CDS
32444,9763836,9764648,812,CDS
32445,9764770,9765197,427,CDS
32446,9765357,9770996,5639,gene
32447,9770884,9770996,112,mRNA
32448,9770399,9770605,206,mRNA
32449,9766611,9766967,356,mRNA
32450,9766412,9766562,150,mRNA
32451,9766159,9766352,193,mRNA
32452,9765779,9766105,326,mRNA
32453,9765616,9765725,109,mRNA
32454,9765357,9765559,202,mRNA
32455,9770884,9770996,112,CDS
32456,9770399,9770605,206,CDS
32457,9766611,9766967,356,CDS
32458,9766412,9766562,150,CDS
32459,9766159,9766352,193,CDS
32460,9765779,9766105,326,CDS
32461,9765616,9765725,109,CDS
32462,9765357,9765559,202,CDS
32463,9767058,9768727,1669,gene
32464,9767058,9767758,700,mRNA
32465,9767813,9768727,914,mRNA
32466,9767072,9767758,686,CDS
32467,9767813,9768400,587,CDS
32468,9769060,9770409,1349,gene
32469,9769060,9770409,1349,mRNA
32470,9769084,9770376,1292,CDS
32471,9771155,9775030,3875,gene
32472,9771155,9775030,3875,gene
32473,9773902,9775030,1128,mRNA
32474,9773720,9773852,132,mRNA
32475,9773368,9773471,103,mRNA
32476,9772594,9773292,698,mRNA
32477,9772238,9772540,302,mRNA
32478,9771716,9772179,463,mRNA
32479,9771489,9771657,168,mRNA
32480,9771328,9771425,97,mRNA
32481,9771155,9771267,112,mRNA
32482,9773902,9775030,1128,mRNA
32483,9773720,9773852,132,mRNA
32484,9773368,9773471,103,mRNA
32485,9772594,9773292,698,mRNA
32486,9772238,9772540,302,mRNA
32487,9771716,9772179,463,mRNA
32488,9771489,9771657,168,mRNA
32489,9771328,9771425,97,mRNA
32490,9771155,9771267,112,mRNA
32491,9772594,9773042,448,CDS
32492,9772238,9772540,302,CDS
32493,9771716,9772179,463,CDS
32494,9771489,9771657,168,CDS
32495,9771328,9771425,97,CDS
32496,9771155,9771267,112,CDS
32497,9773902,9775030,1128,CDS
32498,9773720,9773852,132,CDS
32499,9773368,9773471,103,CDS
32500,9773108,9773292,184,CDS
32501,9778673,9778730,57,mobile_element
32502,9779278,9779360,82,mobile_element
32503,9782384,9788499,6115,gene
32504,9782384,9783063,679,mRNA
32505,9786686,9786802,116,mRNA
32506,9787150,9787259,109,mRNA
32507,9787352,9788499,1147,mRNA
32508,9782785,9783063,278,CDS
32509,9786686,9786802,116,CDS
32510,9787150,9787259,109,CDS
32511,9787352,9788171,819,CDS
32512,9786246,9786287,41,mRNA
32513,9786686,9786802,116,mRNA
32514,9787150,9787259,109,mRNA
32515,9787352,9788499,1147,mRNA
32516,9786776,9786802,26,CDS
32517,9787150,9787259,109,CDS
32518,9787352,9788171,819,CDS
32519,9787294,9790745,3451,gene
32520,9790616,9790745,129,ncRNA
32521,9789791,9790309,518,ncRNA
32522,9789367,9789615,248,ncRNA
32523,9788783,9789306,523,ncRNA
32524,9787294,9788370,1076,ncRNA
32525,9790616,9790745,129,ncRNA
32526,9789791,9790309,518,ncRNA
32527,9789675,9789732,57,ncRNA
32528,9789367,9789615,248,ncRNA
32529,9788783,9789306,523,ncRNA
32530,9787294,9788370,1076,ncRNA
32531,9790616,9790745,129,ncRNA
32532,9789791,9790309,518,ncRNA
32533,9789675,9789739,64,ncRNA
32534,9789367,9789615,248,ncRNA
32535,9788783,9789306,523,ncRNA
32536,9787294,9788370,1076,ncRNA
32537,9790882,9791958,1076,gene
32538,9790882,9790901,19,mRNA
32539,9790969,9791694,725,mRNA
32540,9791755,9791958,203,mRNA
32541,9790897,9791694,797,mRNA
32542,9791755,9791958,203,mRNA
32543,9790970,9791694,724,CDS
32544,9791755,9791944,189,CDS
32545,9790970,9791694,724,CDS
32546,9791755,9791944,189,CDS
32547,9791961,9793107,1146,gene
32548,9793064,9793107,43,mRNA
32549,9792881,9792965,84,mRNA
32550,9791961,9792827,866,mRNA
32551,9792881,9793107,226,mRNA
32552,9791961,9792820,859,mRNA
32553,9792881,9793107,226,mRNA
32554,9791961,9792827,866,mRNA
32555,9792881,9793006,125,CDS
32556,9791982,9792827,845,CDS
32557,9791982,9792794,812,CDS
32558,9791982,9792794,812,CDS
32559,9793317,9886250,92933,gene
32560,9885726,9886250,524,mRNA
32561,9869532,9870520,988,mRNA
32562,9825613,9825752,139,mRNA
32563,9819287,9819331,44,mRNA
32564,9815803,9815912,109,mRNA
32565,9809222,9809402,180,mRNA
32566,9807882,9807957,75,mRNA
32567,9807310,9807504,194,mRNA
32568,9802351,9802437,86,mRNA
32569,9798196,9798305,109,mRNA
32570,9797912,9798126,214,mRNA
32571,9797679,9797852,173,mRNA
32572,9793317,9797192,3875,mRNA
32573,9885932,9886250,318,mRNA
32574,9869532,9870520,988,mRNA
32575,9825613,9825752,139,mRNA
32576,9825297,9825341,44,mRNA
32577,9815803,9815912,109,mRNA
32578,9809222,9809402,180,mRNA
32579,9807882,9807957,75,mRNA
32580,9807310,9807504,194,mRNA
32581,9806444,9806530,86,mRNA
32582,9802351,9802437,86,mRNA
32583,9798196,9798305,109,mRNA
32584,9797912,9798126,214,mRNA
32585,9797679,9797852,173,mRNA
32586,9793426,9797192,3766,mRNA
32587,9885932,9886250,318,mRNA
32588,9877102,9878025,923,mRNA
32589,9869532,9870520,988,mRNA
32590,9825613,9825752,139,mRNA
32591,9819287,9819331,44,mRNA
32592,9815803,9815912,109,mRNA
32593,9809222,9809402,180,mRNA
32594,9807882,9807957,75,mRNA
32595,9807310,9807504,194,mRNA
32596,9806444,9806530,86,mRNA
32597,9798196,9798305,109,mRNA
32598,9797912,9798126,214,mRNA
32599,9797679,9797852,173,mRNA
32600,9793426,9797192,3766,mRNA
32601,9885726,9886250,524,mRNA
32602,9877102,9878025,923,mRNA
32603,9869532,9870520,988,mRNA
32604,9825613,9825752,139,mRNA
32605,9825297,9825341,44,mRNA
32606,9819287,9819331,44,mRNA
32607,9815803,9815912,109,mRNA
32608,9809222,9809402,180,mRNA
32609,9807882,9807957,75,mRNA
32610,9807310,9807504,194,mRNA
32611,9802351,9802437,86,mRNA
32612,9798196,9798305,109,mRNA
32613,9797912,9798126,214,mRNA
32614,9797679,9797852,173,mRNA
32615,9793426,9797192,3766,mRNA
32616,9885932,9886250,318,mRNA
32617,9877102,9878025,923,mRNA
32618,9869532,9870520,988,mRNA
32619,9825613,9825752,139,mRNA
32620,9825297,9825341,44,mRNA
32621,9815803,9815912,109,mRNA
32622,9809222,9809402,180,mRNA
32623,9807882,9807957,75,mRNA
32624,9807310,9807504,194,mRNA
32625,9806444,9806530,86,mRNA
32626,9798196,9798305,109,mRNA
32627,9797912,9798126,214,mRNA
32628,9797679,9797852,173,mRNA
32629,9796972,9797192,220,mRNA
32630,9885726,9886250,524,mRNA
32631,9869532,9870520,988,mRNA
32632,9825613,9825752,139,mRNA
32633,9819287,9819331,44,mRNA
32634,9815803,9815912,109,mRNA
32635,9809222,9809402,180,mRNA
32636,9807882,9807957,75,mRNA
32637,9807310,9807504,194,mRNA
32638,9806444,9806530,86,mRNA
32639,9798196,9798305,109,mRNA
32640,9797912,9798126,214,mRNA
32641,9797679,9797852,173,mRNA
32642,9796972,9797192,220,mRNA
32643,9885726,9886250,524,mRNA
32644,9877102,9878025,923,mRNA
32645,9869532,9870520,988,mRNA
32646,9825613,9825752,139,mRNA
32647,9825297,9825341,44,mRNA
32648,9815803,9815912,109,mRNA
32649,9809222,9809402,180,mRNA
32650,9807882,9807957,75,mRNA
32651,9807310,9807504,194,mRNA
32652,9802351,9802437,86,mRNA
32653,9798196,9798305,109,mRNA
32654,9797912,9798126,214,mRNA
32655,9797679,9797852,173,mRNA
32656,9796972,9797192,220,mRNA
32657,9869532,9869598,66,CDS
32658,9825613,9825752,139,CDS
32659,9819287,9819331,44,CDS
32660,9815803,9815912,109,CDS
32661,9809222,9809402,180,CDS
32662,9807882,9807957,75,CDS
32663,9807310,9807504,194,CDS
32664,9802351,9802437,86,CDS
32665,9798196,9798305,109,CDS
32666,9797912,9798126,214,CDS
32667,9797679,9797852,173,CDS
32668,9797108,9797192,84,CDS
32669,9869532,9869598,66,CDS
32670,9825613,9825752,139,CDS
32671,9819287,9819331,44,CDS
32672,9815803,9815912,109,CDS
32673,9809222,9809402,180,CDS
32674,9807882,9807957,75,CDS
32675,9807310,9807504,194,CDS
32676,9806444,9806530,86,CDS
32677,9798196,9798305,109,CDS
32678,9797912,9798126,214,CDS
32679,9797679,9797852,173,CDS
32680,9797108,9797192,84,CDS
32681,9869532,9869598,66,CDS
32682,9825613,9825752,139,CDS
32683,9819287,9819331,44,CDS
32684,9815803,9815912,109,CDS
32685,9809222,9809402,180,CDS
32686,9807882,9807957,75,CDS
32687,9807310,9807504,194,CDS
32688,9806444,9806530,86,CDS
32689,9798196,9798305,109,CDS
32690,9797912,9798126,214,CDS
32691,9797679,9797852,173,CDS
32692,9797108,9797192,84,CDS
32693,9869532,9869598,66,CDS
32694,9825613,9825752,139,CDS
32695,9825297,9825341,44,CDS
32696,9815803,9815912,109,CDS
32697,9809222,9809402,180,CDS
32698,9807882,9807957,75,CDS
32699,9807310,9807504,194,CDS
32700,9802351,9802437,86,CDS
32701,9798196,9798305,109,CDS
32702,9797912,9798126,214,CDS
32703,9797679,9797852,173,CDS
32704,9797108,9797192,84,CDS
32705,9869532,9869598,66,CDS
32706,9825613,9825752,139,CDS
32707,9825297,9825341,44,CDS
32708,9815803,9815912,109,CDS
32709,9809222,9809402,180,CDS
32710,9807882,9807957,75,CDS
32711,9807310,9807504,194,CDS
32712,9806444,9806530,86,CDS
32713,9798196,9798305,109,CDS
32714,9797912,9798126,214,CDS
32715,9797679,9797852,173,CDS
32716,9797108,9797192,84,CDS
32717,9869532,9869598,66,CDS
32718,9825613,9825752,139,CDS
32719,9825297,9825341,44,CDS
32720,9815803,9815912,109,CDS
32721,9809222,9809402,180,CDS
32722,9807882,9807957,75,CDS
32723,9807310,9807504,194,CDS
32724,9806444,9806530,86,CDS
32725,9802351,9802437,86,CDS
32726,9798196,9798305,109,CDS
32727,9797912,9798126,214,CDS
32728,9797679,9797852,173,CDS
32729,9797108,9797192,84,CDS
32730,9869532,9869598,66,CDS
32731,9825613,9825752,139,CDS
32732,9825297,9825341,44,CDS
32733,9819287,9819331,44,CDS
32734,9815803,9815912,109,CDS
32735,9809222,9809402,180,CDS
32736,9807882,9807957,75,CDS
32737,9807310,9807504,194,CDS
32738,9802351,9802437,86,CDS
32739,9798196,9798305,109,CDS
32740,9797912,9798126,214,CDS
32741,9797679,9797852,173,CDS
32742,9797108,9797192,84,CDS
32743,9848289,9848794,505,gene
32744,9848289,9848376,87,ncRNA
32745,9848436,9848794,358,ncRNA
32746,9887039,9887389,350,gene
32747,9887039,9887229,190,ncRNA
32748,9887287,9887389,102,ncRNA
32749,9888005,9890119,2114,gene
32750,9888005,9888338,333,mRNA
32751,9888404,9888546,142,mRNA
32752,9888667,9888787,120,mRNA
32753,9888847,9888985,138,mRNA
32754,9889048,9889405,357,mRNA
32755,9889460,9889570,110,mRNA
32756,9889632,9889769,137,mRNA
32757,9889877,9890119,242,mRNA
32758,9888098,9888338,240,mRNA
32759,9888404,9888546,142,mRNA
32760,9888667,9888787,120,mRNA
32761,9888847,9888985,138,mRNA
32762,9889048,9889405,357,mRNA
32763,9889460,9889570,110,mRNA
32764,9889632,9889769,137,mRNA
32765,9889877,9890119,242,mRNA
32766,9888143,9888338,195,CDS
32767,9888404,9888546,142,CDS
32768,9888667,9888787,120,CDS
32769,9888847,9888985,138,CDS
32770,9889048,9889405,357,CDS
32771,9889460,9889570,110,CDS
32772,9889632,9889769,137,CDS
32773,9889877,9889990,113,CDS
32774,9888143,9888338,195,CDS
32775,9888404,9888546,142,CDS
32776,9888667,9888787,120,CDS
32777,9888847,9888985,138,CDS
32778,9889048,9889405,357,CDS
32779,9889460,9889570,110,CDS
32780,9889632,9889769,137,CDS
32781,9889877,9889990,113,CDS
32782,9890061,9890772,711,gene
32783,9890712,9890772,60,mRNA
32784,9890542,9890653,111,mRNA
32785,9890386,9890483,97,mRNA
32786,9890061,9890322,261,mRNA
32787,9890712,9890740,28,CDS
32788,9890542,9890653,111,CDS
32789,9890386,9890483,97,CDS
32790,9890130,9890322,192,CDS
32791,9890885,9891336,451,gene
32792,9890885,9891073,188,mRNA
32793,9891133,9891336,203,mRNA
32794,9890910,9891073,163,CDS
32795,9891133,9891262,129,CDS
32796,9891255,9893446,2191,gene
32797,9893128,9893446,318,mRNA
32798,9892632,9893069,437,mRNA
32799,9891255,9892462,1207,mRNA
32800,9893128,9893419,291,CDS
32801,9892632,9893069,437,CDS
32802,9891351,9892462,1111,CDS
32803,9893805,9895003,1198,gene
32804,9894980,9895003,23,ncRNA
32805,9894576,9894725,149,ncRNA
32806,9894331,9894401,70,ncRNA
32807,9894064,9894132,68,ncRNA
32808,9893805,9893872,67,ncRNA
32809,9894943,9895003,60,ncRNA
32810,9894576,9894725,149,ncRNA
32811,9894331,9894401,70,ncRNA
32812,9894064,9894132,68,ncRNA
32813,9893805,9893872,67,ncRNA
32814,9893946,9894026,80,gene
32815,9893946,9894026,80,ncRNA
32816,9894205,9894285,80,gene
32817,9894205,9894285,80,ncRNA
32818,9894477,9894544,67,gene
32819,9894477,9894544,67,ncRNA
32820,9894795,9894907,112,gene
32821,9894795,9894907,112,ncRNA
32822,9895287,9896104,817,gene
32823,9895287,9895380,93,mRNA
32824,9895441,9896104,663,mRNA
32825,9895378,9895380,2,CDS
32826,9895441,9896040,599,CDS
32827,9896265,9897552,1287,gene
32828,9897473,9897552,79,mRNA
32829,9896265,9897131,866,mRNA
32830,9897473,9897521,48,mRNA
32831,9896265,9897131,866,mRNA
32832,9897212,9897521,309,mRNA
32833,9896265,9897131,866,mRNA
32834,9896327,9897130,803,CDS
32835,9896327,9897130,803,CDS
32836,9896327,9897130,803,CDS
32837,9897820,9903128,5308,gene
32838,9903115,9903128,13,mRNA
32839,9897820,9903058,5238,mRNA
32840,9903115,9903117,2,CDS
32841,9897953,9903058,5105,CDS
32842,9903279,9908633,5354,gene
32843,9908308,9908633,325,mRNA
32844,9907608,9907783,175,mRNA
32845,9907051,9907544,493,mRNA
32846,9906033,9906443,410,mRNA
32847,9905875,9905971,96,mRNA
32848,9904827,9905083,256,mRNA
32849,9904282,9904758,476,mRNA
32850,9904004,9904216,212,mRNA
32851,9903279,9903941,662,mRNA
32852,9908532,9908633,101,mRNA
32853,9907608,9907783,175,mRNA
32854,9907051,9907544,493,mRNA
32855,9906033,9906443,410,mRNA
32856,9905875,9905971,96,mRNA
32857,9905138,9905291,153,mRNA
32858,9904827,9905052,225,mRNA
32859,9904282,9904758,476,mRNA
32860,9904004,9904216,212,mRNA
32861,9903379,9903941,562,mRNA
32862,9908532,9908633,101,mRNA
32863,9907608,9907847,239,mRNA
32864,9907051,9907544,493,mRNA
32865,9906033,9906443,410,mRNA
32866,9905875,9905971,96,mRNA
32867,9904827,9905083,256,mRNA
32868,9904282,9904758,476,mRNA
32869,9904004,9904216,212,mRNA
32870,9903379,9903941,562,mRNA
32871,9908532,9908633,101,mRNA
32872,9907608,9907847,239,mRNA
32873,9907051,9907544,493,mRNA
32874,9906033,9906443,410,mRNA
32875,9905875,9905971,96,mRNA
32876,9905138,9905291,153,mRNA
32877,9904827,9905052,225,mRNA
32878,9904282,9904758,476,mRNA
32879,9904004,9904216,212,mRNA
32880,9903379,9903941,562,mRNA
32881,9908425,9908633,208,mRNA
32882,9907608,9907783,175,mRNA
32883,9907051,9907547,496,mRNA
32884,9906033,9906443,410,mRNA
32885,9905875,9905971,96,mRNA
32886,9905138,9905291,153,mRNA
32887,9904827,9905052,225,mRNA
32888,9904282,9904758,476,mRNA
32889,9904004,9904216,212,mRNA
32890,9903379,9903941,562,mRNA
32891,9908425,9908633,208,mRNA
32892,9907608,9907847,239,mRNA
32893,9907051,9907544,493,mRNA
32894,9906033,9906443,410,mRNA
32895,9905875,9905971,96,mRNA
32896,9905138,9905291,153,mRNA
32897,9904827,9905052,225,mRNA
32898,9904282,9904758,476,mRNA
32899,9904004,9904216,212,mRNA
32900,9903379,9903941,562,mRNA
32901,9908425,9908633,208,mRNA
32902,9907608,9907855,247,mRNA
32903,9907051,9907547,496,mRNA
32904,9906033,9906443,410,mRNA
32905,9905875,9905971,96,mRNA
32906,9905138,9905291,153,mRNA
32907,9904827,9905052,225,mRNA
32908,9904282,9904758,476,mRNA
32909,9904004,9904216,212,mRNA
32910,9903379,9903941,562,mRNA
32911,9908308,9908633,325,mRNA
32912,9907608,9907783,175,mRNA
32913,9907051,9907544,493,mRNA
32914,9906033,9906443,410,mRNA
32915,9905875,9905971,96,mRNA
32916,9905138,9905291,153,mRNA
32917,9904827,9905052,225,mRNA
32918,9904282,9904758,476,mRNA
32919,9904004,9904216,212,mRNA
32920,9903379,9903941,562,mRNA
32921,9908425,9908633,208,mRNA
32922,9907608,9907783,175,mRNA
32923,9907051,9907547,496,mRNA
32924,9906033,9906443,410,mRNA
32925,9905875,9905971,96,mRNA
32926,9904827,9905083,256,mRNA
32927,9904282,9904758,476,mRNA
32928,9904004,9904216,212,mRNA
32929,9903386,9903941,555,mRNA
32930,9906033,9906173,140,CDS
32931,9905875,9905971,96,CDS
32932,9904827,9905083,256,CDS
32933,9904282,9904758,476,CDS
32934,9904004,9904216,212,CDS
32935,9903717,9903941,224,CDS
32936,9906033,9906173,140,CDS
32937,9905875,9905971,96,CDS
32938,9904827,9905083,256,CDS
32939,9904282,9904758,476,CDS
32940,9904004,9904216,212,CDS
32941,9903717,9903941,224,CDS
32942,9906033,9906173,140,CDS
32943,9905875,9905971,96,CDS
32944,9904827,9905083,256,CDS
32945,9904282,9904758,476,CDS
32946,9904004,9904216,212,CDS
32947,9903717,9903941,224,CDS
32948,9906033,9906173,140,CDS
32949,9905875,9905971,96,CDS
32950,9905138,9905291,153,CDS
32951,9904827,9905052,225,CDS
32952,9904282,9904758,476,CDS
32953,9904004,9904216,212,CDS
32954,9903717,9903941,224,CDS
32955,9906033,9906173,140,CDS
32956,9905875,9905971,96,CDS
32957,9905138,9905291,153,CDS
32958,9904827,9905052,225,CDS
32959,9904282,9904758,476,CDS
32960,9904004,9904216,212,CDS
32961,9903717,9903941,224,CDS
32962,9906033,9906173,140,CDS
32963,9905875,9905971,96,CDS
32964,9905138,9905291,153,CDS
32965,9904827,9905052,225,CDS
32966,9904282,9904758,476,CDS
32967,9904004,9904216,212,CDS
32968,9903717,9903941,224,CDS
32969,9906033,9906173,140,CDS
32970,9905875,9905971,96,CDS
32971,9905138,9905291,153,CDS
32972,9904827,9905052,225,CDS
32973,9904282,9904758,476,CDS
32974,9904004,9904216,212,CDS
32975,9903717,9903941,224,CDS
32976,9906033,9906173,140,CDS
32977,9905875,9905971,96,CDS
32978,9905138,9905291,153,CDS
32979,9904827,9905052,225,CDS
32980,9904282,9904758,476,CDS
32981,9904004,9904216,212,CDS
32982,9903717,9903941,224,CDS
32983,9906033,9906173,140,CDS
32984,9905875,9905971,96,CDS
32985,9905138,9905291,153,CDS
32986,9904827,9905052,225,CDS
32987,9904282,9904758,476,CDS
32988,9904004,9904216,212,CDS
32989,9903717,9903941,224,CDS
32990,9908830,9912608,3778,gene
32991,9912344,9912608,264,mRNA
32992,9912125,9912285,160,mRNA
32993,9911209,9911771,562,mRNA
32994,9910817,9911149,332,mRNA
32995,9910489,9910756,267,mRNA
32996,9910286,9910432,146,mRNA
32997,9909924,9910226,302,mRNA
32998,9908830,9909865,1035,mRNA
32999,9912344,9912476,132,CDS
33000,9912125,9912285,160,CDS
33001,9911209,9911771,562,CDS
33002,9910817,9911149,332,CDS
33003,9910489,9910756,267,CDS
33004,9910286,9910432,146,CDS
33005,9909924,9910226,302,CDS
33006,9909239,9909865,626,CDS
33007,9912911,9915044,2133,gene
33008,9912911,9915044,2133,mRNA
33009,9913048,9914589,1541,CDS
33010,9915253,9917220,1967,gene
33011,9915253,9915366,113,mRNA
33012,9915625,9915791,166,mRNA
33013,9916052,9916980,928,mRNA
33014,9917040,9917220,180,mRNA
33015,9915348,9915366,18,CDS
33016,9915625,9915791,166,CDS
33017,9916052,9916980,928,CDS
33018,9917040,9917121,81,CDS
33019,9917221,9918330,1109,gene
33020,9917934,9918330,396,mRNA
33021,9917221,9917867,646,mRNA
33022,9917934,9918176,242,mRNA
33023,9917221,9917867,646,mRNA
33024,9917934,9918081,147,CDS
33025,9917443,9917867,424,CDS
33026,9917934,9918081,147,CDS
33027,9917443,9917867,424,CDS
33028,9918618,9920120,1502,gene
33029,9918618,9918707,89,mRNA
33030,9918875,9919108,233,mRNA
33031,9919170,9919316,146,mRNA
33032,9919376,9920120,744,mRNA
33033,9918618,9918707,89,mRNA
33034,9918875,9919108,233,mRNA
33035,9919170,9919316,146,mRNA
33036,9919376,9919901,525,mRNA
33037,9918881,9919108,227,CDS
33038,9919170,9919316,146,CDS
33039,9919376,9919846,470,CDS
33040,9918881,9919108,227,CDS
33041,9919170,9919316,146,CDS
33042,9919376,9919846,470,CDS
33043,9920160,9921459,1299,gene
33044,9920160,9920232,72,mRNA
33045,9920325,9920601,276,mRNA
33046,9920654,9920800,146,mRNA
33047,9920854,9921459,605,mRNA
33048,9920160,9920228,68,mRNA
33049,9920325,9920601,276,mRNA
33050,9920654,9920800,146,mRNA
33051,9920854,9921459,605,mRNA
33052,9920374,9920601,227,CDS
33053,9920654,9920800,146,CDS
33054,9920854,9921321,467,CDS
33055,9920374,9920601,227,CDS
33056,9920654,9920800,146,CDS
33057,9920854,9921321,467,CDS
33058,9921633,9922860,1227,gene
33059,9921633,9921995,362,mRNA
33060,9922064,9922210,146,mRNA
33061,9922266,9922860,594,mRNA
33062,9921633,9921995,362,mRNA
33063,9922064,9922210,146,mRNA
33064,9922266,9922766,500,mRNA
33065,9921741,9921995,254,CDS
33066,9922064,9922210,146,CDS
33067,9922266,9922727,461,CDS
33068,9921741,9921995,254,CDS
33069,9922064,9922210,146,CDS
33070,9922266,9922727,461,CDS
33071,9922737,9924865,2128,gene
33072,9924629,9924865,236,mRNA
33073,9924293,9924576,283,mRNA
33074,9923982,9924160,178,mRNA
33075,9923366,9923918,552,mRNA
33076,9922966,9923300,334,mRNA
33077,9922737,9922911,174,mRNA
33078,9924629,9924860,231,CDS
33079,9924293,9924576,283,CDS
33080,9923982,9924160,178,CDS
33081,9923366,9923918,552,CDS
33082,9922966,9923300,334,CDS
33083,9922794,9922911,117,CDS
33084,9925161,9930378,5217,gene
33085,9925161,9925282,121,mRNA
33086,9926568,9926768,200,mRNA
33087,9926839,9927006,167,mRNA
33088,9927066,9927404,338,mRNA
33089,9927470,9928494,1024,mRNA
33090,9928858,9929145,287,mRNA
33091,9929805,9930378,573,mRNA
33092,9925161,9925282,121,mRNA
33093,9926568,9926768,200,mRNA
33094,9926839,9927006,167,mRNA
33095,9927066,9927404,338,mRNA
33096,9927470,9928494,1024,mRNA
33097,9928858,9929145,287,mRNA
33098,9929805,9929914,109,mRNA
33099,9930087,9930378,291,mRNA
33100,9926613,9926768,155,CDS
33101,9926839,9927006,167,CDS
33102,9927066,9927404,338,CDS
33103,9927470,9928494,1024,CDS
33104,9928858,9929145,287,CDS
33105,9929805,9929914,109,CDS
33106,9930087,9930112,25,CDS
33107,9926613,9926768,155,CDS
33108,9926839,9927006,167,CDS
33109,9927066,9927404,338,CDS
33110,9927470,9928494,1024,CDS
33111,9928858,9929145,287,CDS
33112,9929805,9929949,144,CDS
33113,9930580,9931131,551,gene
33114,9930580,9930637,57,mRNA
33115,9930700,9931131,431,mRNA
33116,9930626,9930637,11,CDS
33117,9930700,9930999,299,CDS
33118,9932272,9933163,891,gene
33119,9933084,9933163,79,mRNA
33120,9932272,9933018,746,mRNA
33121,9933084,9933092,8,CDS
33122,9932587,9933018,431,CDS
33123,9934767,9938134,3367,gene
33124,9937658,9938134,476,mRNA
33125,9937238,9937510,272,mRNA
33126,9935486,9935569,83,mRNA
33127,9934767,9935423,656,mRNA
33128,9937658,9938134,476,mRNA
33129,9935486,9937510,2024,mRNA
33130,9934767,9935423,656,mRNA
33131,9937658,9938005,347,CDS
33132,9937238,9937510,272,CDS
33133,9935486,9935569,83,CDS
33134,9935256,9935423,167,CDS
33135,9937658,9938005,347,CDS
33136,9937004,9937510,506,CDS
33137,9937232,9938833,1601,gene
33138,9937232,9938833,1601,ncRNA
33139,9938178,9938790,612,gene
33140,9938569,9938790,221,mRNA
33141,9938178,9938510,332,mRNA
33142,9938569,9938738,169,CDS
33143,9938252,9938510,258,CDS
33144,9938863,9943058,4195,gene
33145,9938863,9940568,1705,mRNA
33146,9940629,9943058,2429,mRNA
33147,9938863,9940568,1705,mRNA
33148,9940629,9940845,216,mRNA
33149,9938964,9940568,1604,CDS
33150,9940629,9940736,107,CDS
33151,9938964,9940568,1604,CDS
33152,9940629,9940736,107,CDS
33153,9940773,9947648,6875,gene
33154,9947266,9947648,382,mRNA
33155,9944295,9944681,386,mRNA
33156,9942883,9943053,170,mRNA
33157,9942681,9942817,136,mRNA
33158,9942475,9942620,145,mRNA
33159,9942169,9942407,238,mRNA
33160,9941700,9942110,410,mRNA
33161,9941539,9941639,100,mRNA
33162,9941119,9941480,361,mRNA
33163,9940773,9941058,285,mRNA
33164,9947292,9947407,115,mRNA
33165,9944295,9944681,386,mRNA
33166,9942883,9943053,170,mRNA
33167,9942681,9942817,136,mRNA
33168,9942475,9942620,145,mRNA
33169,9942169,9942407,238,mRNA
33170,9941700,9942110,410,mRNA
33171,9941539,9941639,100,mRNA
33172,9941119,9941480,361,mRNA
33173,9940773,9941058,285,mRNA
33174,9947266,9947407,141,mRNA
33175,9944295,9944681,386,mRNA
33176,9942883,9943053,170,mRNA
33177,9942681,9942817,136,mRNA
33178,9942475,9942620,145,mRNA
33179,9942169,9942407,238,mRNA
33180,9941700,9942110,410,mRNA
33181,9941539,9941639,100,mRNA
33182,9941119,9941480,361,mRNA
33183,9940773,9941058,285,mRNA
33184,9944295,9944655,360,CDS
33185,9942883,9943053,170,CDS
33186,9942681,9942817,136,CDS
33187,9942475,9942620,145,CDS
33188,9942169,9942407,238,CDS
33189,9941700,9942110,410,CDS
33190,9941539,9941639,100,CDS
33191,9941119,9941480,361,CDS
33192,9940917,9941058,141,CDS
33193,9944295,9944655,360,CDS
33194,9942883,9943053,170,CDS
33195,9942681,9942817,136,CDS
33196,9942475,9942620,145,CDS
33197,9942169,9942407,238,CDS
33198,9941700,9942110,410,CDS
33199,9941539,9941639,100,CDS
33200,9941119,9941480,361,CDS
33201,9940917,9941058,141,CDS
33202,9944295,9944655,360,CDS
33203,9942883,9943053,170,CDS
33204,9942681,9942817,136,CDS
33205,9942475,9942620,145,CDS
33206,9942169,9942407,238,CDS
33207,9941700,9942110,410,CDS
33208,9941539,9941639,100,CDS
33209,9941119,9941480,361,CDS
33210,9940917,9941058,141,CDS
33211,9948908,9951122,2214,gene
33212,9948908,9951122,2214,ncRNA
33213,9950418,9950516,98,gene
33214,9950418,9950516,98,precursor_RNA
33215,9950433,9950456,23,ncRNA
33216,9950483,9950504,21,ncRNA
33217,9952072,9954181,2109,gene
33218,9953110,9954181,1071,mRNA
33219,9952758,9953047,289,mRNA
33220,9952072,9952698,626,mRNA
33221,9953110,9954181,1071,mRNA
33222,9952758,9953047,289,mRNA
33223,9952428,9952698,270,mRNA
33224,9953110,9954093,983,CDS
33225,9952758,9953047,289,CDS
33226,9952581,9952698,117,CDS
33227,9953110,9954093,983,CDS
33228,9952758,9953047,289,CDS
33229,9952581,9952698,117,CDS
33230,9954325,9956176,1851,gene
33231,9954325,9954534,209,mRNA
33232,9954596,9955513,917,mRNA
33233,9955574,9956176,602,mRNA
33234,9954454,9954534,80,mRNA
33235,9954596,9955513,917,mRNA
33236,9955574,9956176,602,mRNA
33237,9954514,9954534,20,CDS
33238,9954596,9955513,917,CDS
33239,9955574,9956176,602,CDS
33240,9954514,9954534,20,CDS
33241,9954596,9955513,917,CDS
33242,9955574,9956176,602,CDS
33243,9956175,9957237,1062,gene
33244,9956175,9957019,844,mRNA
33245,9957133,9957237,104,mRNA
33246,9956212,9957058,846,mRNA
33247,9956289,9956993,704,CDS
33248,9956289,9956993,704,CDS
33249,9957132,9960168,3036,gene
33250,9957132,9957900,768,mRNA
33251,9957960,9958885,925,mRNA
33252,9958940,9959111,171,mRNA
33253,9959550,9960168,618,mRNA
33254,9957295,9957900,605,mRNA
33255,9957960,9958885,925,mRNA
33256,9958940,9959111,171,mRNA
33257,9959550,9960168,618,mRNA
33258,9957295,9957329,34,mRNA
33259,9957403,9957900,497,mRNA
33260,9957960,9958885,925,mRNA
33261,9958940,9959111,171,mRNA
33262,9959550,9960168,618,mRNA
33263,9957295,9957329,34,mRNA
33264,9957429,9957900,471,mRNA
33265,9957960,9958885,925,mRNA
33266,9958940,9959111,171,mRNA
33267,9959550,9960168,618,mRNA
33268,9957295,9957900,605,mRNA
33269,9957960,9958885,925,mRNA
33270,9958940,9959360,420,mRNA
33271,9957589,9957900,311,CDS
33272,9957960,9958885,925,CDS
33273,9958940,9959111,171,CDS
33274,9959550,9959720,170,CDS
33275,9957589,9957900,311,CDS
33276,9957960,9958885,925,CDS
33277,9958940,9959111,171,CDS
33278,9959550,9959720,170,CDS
33279,9957589,9957900,311,CDS
33280,9957960,9958885,925,CDS
33281,9958940,9959111,171,CDS
33282,9959550,9959720,170,CDS
33283,9957589,9957900,311,CDS
33284,9957960,9958885,925,CDS
33285,9958940,9959111,171,CDS
33286,9959550,9959720,170,CDS
33287,9957589,9957900,311,CDS
33288,9957960,9958885,925,CDS
33289,9958940,9959177,237,CDS
33290,9959248,9963949,4701,gene
33291,9963093,9963755,662,mRNA
33292,9962735,9963012,277,mRNA
33293,9962471,9962677,206,mRNA
33294,9962318,9962414,96,mRNA
33295,9961729,9962059,330,mRNA
33296,9959248,9961617,2369,mRNA
33297,9959248,9960232,984,gene
33298,9959248,9960232,984,ncRNA
33299,9963093,9963949,856,mRNA
33300,9962735,9963012,277,mRNA
33301,9962471,9962677,206,mRNA
33302,9962318,9962414,96,mRNA
33303,9961729,9962059,330,mRNA
33304,9960450,9961614,1164,mRNA
33305,9963093,9963755,662,mRNA
33306,9962735,9963012,277,mRNA
33307,9962471,9962677,206,mRNA
33308,9962318,9962414,96,mRNA
33309,9961795,9962059,264,mRNA
33310,9960450,9961614,1164,mRNA
33311,9963093,9963755,662,mRNA
33312,9962735,9963012,277,mRNA
33313,9962471,9962677,206,mRNA
33314,9962318,9962414,96,mRNA
33315,9961795,9962059,264,mRNA
33316,9960450,9961617,1167,mRNA
33317,9963093,9963755,662,mRNA
33318,9962735,9963012,277,mRNA
33319,9962471,9962677,206,mRNA
33320,9962318,9962414,96,mRNA
33321,9961729,9962059,330,mRNA
33322,9960450,9961617,1167,mRNA
33323,9963093,9963755,662,mRNA
33324,9962735,9963012,277,mRNA
33325,9962471,9962677,206,mRNA
33326,9962318,9962414,96,mRNA
33327,9961729,9962059,330,mRNA
33328,9960450,9961617,1167,mRNA
33329,9963093,9963392,299,CDS
33330,9962735,9963012,277,CDS
33331,9962471,9962677,206,CDS
33332,9962318,9962414,96,CDS
33333,9961729,9962059,330,CDS
33334,9961004,9961617,613,CDS
33335,9961018,9962104,1086,gene
33336,9961018,9962104,1086,ncRNA
33337,9963093,9963392,299,CDS
33338,9962735,9963012,277,CDS
33339,9962471,9962677,206,CDS
33340,9962318,9962414,96,CDS
33341,9961795,9962059,264,CDS
33342,9961355,9961614,259,CDS
33343,9963093,9963392,299,CDS
33344,9962735,9963012,277,CDS
33345,9962471,9962677,206,CDS
33346,9962318,9962414,96,CDS
33347,9961795,9962059,264,CDS
33348,9961355,9961617,262,CDS
33349,9963093,9963392,299,CDS
33350,9962735,9963012,277,CDS
33351,9962471,9962677,206,CDS
33352,9962318,9962414,96,CDS
33353,9961729,9962059,330,CDS
33354,9961355,9961614,259,CDS
33355,9963093,9963392,299,CDS
33356,9962735,9963012,277,CDS
33357,9962471,9962677,206,CDS
33358,9962318,9962414,96,CDS
33359,9961729,9962059,330,CDS
33360,9961355,9961617,262,CDS
33361,9963093,9963392,299,CDS
33362,9962735,9963012,277,CDS
33363,9962471,9962677,206,CDS
33364,9962318,9962414,96,CDS
33365,9961729,9962059,330,CDS
33366,9961355,9961617,262,CDS
33367,9964147,9967229,3082,gene
33368,9965760,9967229,1469,mRNA
33369,9965376,9965668,292,mRNA
33370,9964928,9965315,387,mRNA
33371,9964147,9964867,720,mRNA
33372,9965760,9967229,1469,mRNA
33373,9965376,9965668,292,mRNA
33374,9964928,9965315,387,mRNA
33375,9964280,9964867,587,mRNA
33376,9965760,9966885,1125,CDS
33377,9965376,9965668,292,CDS
33378,9964928,9965315,387,CDS
33379,9964545,9964867,322,CDS
33380,9965760,9966885,1125,CDS
33381,9965376,9965668,292,CDS
33382,9964928,9965315,387,CDS
33383,9964545,9964867,322,CDS
33384,9967313,9968645,1332,gene
33385,9967313,9967358,45,mRNA
33386,9967617,9967877,260,mRNA
33387,9967939,9968247,308,mRNA
33388,9968317,9968491,174,mRNA
33389,9967330,9967877,547,mRNA
33390,9967939,9968247,308,mRNA
33391,9968317,9968645,328,mRNA
33392,9967330,9967358,28,mRNA
33393,9967617,9967877,260,mRNA
33394,9967939,9968247,308,mRNA
33395,9968317,9968491,174,mRNA
33396,9967635,9967877,242,CDS
33397,9967939,9968247,308,CDS
33398,9968317,9968421,104,CDS
33399,9967635,9967877,242,CDS
33400,9967939,9968247,308,CDS
33401,9968317,9968421,104,CDS
33402,9967635,9967877,242,CDS
33403,9967939,9968247,308,CDS
33404,9968317,9968421,104,CDS
33405,9973781,9980842,7061,mobile_element
33406,9983671,9984743,1072,gene
33407,9984486,9984743,257,ncRNA
33408,9983671,9984245,574,ncRNA
33409,9984645,9995538,10893,gene
33410,9984645,9985146,501,mRNA
33411,9986789,9986955,166,mRNA
33412,9987601,9987727,126,mRNA
33413,9992255,9992462,207,mRNA
33414,9993267,9995538,2271,mRNA
33415,9984645,9985146,501,mRNA
33416,9986789,9986955,166,mRNA
33417,9987601,9987727,126,mRNA
33418,9992255,9992462,207,mRNA
33419,9993267,9995538,2271,mRNA
33420,9984950,9985146,196,CDS
33421,9986789,9986955,166,CDS
33422,9987601,9987727,126,CDS
33423,9992255,9992462,207,CDS
33424,9993267,9994781,1514,CDS
33425,9984950,9985146,196,CDS
33426,9986789,9986955,166,CDS
33427,9987601,9987727,126,CDS
33428,9992255,9992462,207,CDS
33429,9993267,9994658,1391,CDS
33430,9995561,10002736,7175,gene
33431,10002676,10002736,60,mRNA
33432,10002528,10002617,89,mRNA
33433,10002297,10002342,45,mRNA
33434,10002188,10002237,49,mRNA
33435,9995561,9996492,931,mRNA
33436,10002528,10002736,208,mRNA
33437,10002297,10002342,45,mRNA
33438,10002184,10002237,53,mRNA
33439,9995561,9996492,931,mRNA
33440,10002406,10002736,330,mRNA
33441,10002297,10002342,45,mRNA
33442,10002184,10002237,53,mRNA
33443,9995561,9996492,931,mRNA
33444,9995561,9996572,1011,mRNA
33445,9996006,9996491,485,CDS
33446,9996006,9996491,485,CDS
33447,9996006,9996491,485,CDS
33448,9996006,9996491,485,CDS
33449,9996706,10002736,6030,gene
33450,10002724,10002736,12,mRNA
33451,10002528,10002617,89,mRNA
33452,10002297,10002342,45,mRNA
33453,10002188,10002237,49,mRNA
33454,9999110,10001433,2323,mRNA
33455,9996706,9999043,2337,mRNA
33456,10002676,10002736,60,mRNA
33457,10002528,10002617,89,mRNA
33458,10002297,10002342,45,mRNA
33459,10002188,10002237,49,mRNA
33460,9999110,10001433,2323,mRNA
33461,9996706,9999043,2337,mRNA
33462,9999110,10001428,2318,CDS
33463,9996932,9999043,2111,CDS
33464,9999110,10001428,2318,CDS
33465,9996932,9999043,2111,CDS
33466,10003832,10008889,5057,gene
33467,10003832,10004126,294,mRNA
33468,10004535,10004571,36,mRNA
33469,10005424,10005506,82,mRNA
33470,10005568,10006417,849,mRNA
33471,10006475,10006585,110,mRNA
33472,10006908,10007178,270,mRNA
33473,10007252,10007341,89,mRNA
33474,10007414,10007503,89,mRNA
33475,10007567,10008889,1322,mRNA
33476,10003832,10004126,294,mRNA
33477,10004535,10004571,36,mRNA
33478,10005424,10005506,82,mRNA
33479,10005568,10006417,849,mRNA
33480,10006475,10006585,110,mRNA
33481,10006908,10007178,270,mRNA
33482,10007255,10007341,86,mRNA
33483,10007414,10007503,89,mRNA
33484,10007567,10008889,1322,mRNA
33485,10003832,10004126,294,mRNA
33486,10004535,10004571,36,mRNA
33487,10005424,10005506,82,mRNA
33488,10005568,10006417,849,mRNA
33489,10006475,10006585,110,mRNA
33490,10006908,10007178,270,mRNA
33491,10007255,10007341,86,mRNA
33492,10007414,10007503,89,mRNA
33493,10007567,10007861,294,mRNA
33494,10004047,10004126,79,CDS
33495,10004535,10004571,36,CDS
33496,10005424,10005506,82,CDS
33497,10005568,10006417,849,CDS
33498,10006475,10006585,110,CDS
33499,10006908,10007178,270,CDS
33500,10007252,10007341,89,CDS
33501,10007414,10007503,89,CDS
33502,10007567,10007766,199,CDS
33503,10004047,10004126,79,CDS
33504,10004535,10004571,36,CDS
33505,10005424,10005506,82,CDS
33506,10005568,10006417,849,CDS
33507,10006475,10006585,110,CDS
33508,10006908,10007178,270,CDS
33509,10007255,10007341,86,CDS
33510,10007414,10007503,89,CDS
33511,10007567,10007766,199,CDS
33512,10004047,10004126,79,CDS
33513,10004535,10004571,36,CDS
33514,10005424,10005506,82,CDS
33515,10005568,10006417,849,CDS
33516,10006475,10006585,110,CDS
33517,10006908,10007178,270,CDS
33518,10007255,10007341,86,CDS
33519,10007414,10007503,89,CDS
33520,10007567,10007766,199,CDS
33521,10004310,10005043,733,gene
33522,10004310,10005043,733,ncRNA
33523,10009381,10013170,3789,gene
33524,10009381,10009536,155,mRNA
33525,10010737,10011552,815,mRNA
33526,10011607,10011908,301,mRNA
33527,10012400,10013170,770,mRNA
33528,10009381,10009536,155,mRNA
33529,10010737,10011552,815,mRNA
33530,10011607,10012118,511,mRNA
33531,10009501,10009536,35,CDS
33532,10010737,10011552,815,CDS
33533,10011607,10011908,301,CDS
33534,10012400,10012493,93,CDS
33535,10009501,10009536,35,CDS
33536,10010737,10011552,815,CDS
33537,10011607,10011912,305,CDS
33538,10010354,10010557,203,mRNA
33539,10010737,10011552,815,mRNA
33540,10011607,10011908,301,mRNA
33541,10012400,10013170,770,mRNA
33542,10010354,10010557,203,mRNA
33543,10010737,10011552,815,mRNA
33544,10011607,10012118,511,mRNA
33545,10010483,10010557,74,CDS
33546,10010737,10011552,815,CDS
33547,10011607,10011908,301,CDS
33548,10012400,10012493,93,CDS
33549,10010483,10010557,74,CDS
33550,10010737,10011552,815,CDS
33551,10011607,10011912,305,CDS
33552,10013227,10017463,4236,gene
33553,10016164,10017463,1299,mRNA
33554,10013634,10016109,2475,mRNA
33555,10013227,10013580,353,mRNA
33556,10016164,10017331,1167,CDS
33557,10013634,10016109,2475,CDS
33558,10013271,10013580,309,CDS
33559,10026676,10029298,2622,gene
33560,10026676,10029298,2622,mRNA
33561,10026762,10028966,2204,CDS
33562,10032690,10038954,6264,gene
33563,10032690,10032739,49,mRNA
33564,10032889,10032953,64,mRNA
33565,10036818,10037073,255,mRNA
33566,10037161,10037279,118,mRNA
33567,10038218,10038614,396,mRNA
33568,10038693,10038954,261,mRNA
33569,10032893,10032953,60,CDS
33570,10036818,10037073,255,CDS
33571,10037161,10037279,118,CDS
33572,10038218,10038614,396,CDS
33573,10038693,10038873,180,CDS
33574,10033628,10033667,39,mobile_element
33575,10049580,10051201,1621,gene
33576,10049580,10050642,1062,mRNA
33577,10050702,10051201,499,mRNA
33578,10049580,10050642,1062,mRNA
33579,10050702,10050956,254,mRNA
33580,10049616,10050642,1026,CDS
33581,10050702,10050898,196,CDS
33582,10049616,10050642,1026,CDS
33583,10050702,10050898,196,CDS
33584,10051362,10052289,927,gene
33585,10051362,10052289,927,ncRNA
33586,10053604,10054100,496,gene
33587,10053604,10054100,496,ncRNA
33588,10054213,10055935,1722,gene
33589,10054213,10054367,154,mRNA
33590,10054862,10055935,1073,mRNA
33591,10054356,10054367,11,CDS
33592,10054862,10055872,1010,CDS
33593,10056900,10060095,3195,gene
33594,10056900,10057204,304,mRNA
33595,10057622,10057759,137,mRNA
33596,10057821,10058134,313,mRNA
33597,10058199,10058769,570,mRNA
33598,10058847,10060095,1248,mRNA
33599,10057697,10057759,62,CDS
33600,10057821,10058134,313,CDS
33601,10058199,10058769,570,CDS
33602,10058847,10059467,620,CDS
33603,10060816,10063925,3109,gene
33604,10060816,10060999,183,mRNA
33605,10062565,10063441,876,mRNA
33606,10063501,10063654,153,mRNA
33607,10063713,10063925,212,mRNA
33608,10062572,10063441,869,CDS
33609,10063501,10063654,153,CDS
33610,10063713,10063837,124,CDS
33611,10064121,10180256,116135,gene
33612,10180107,10180256,149,mRNA
33613,10178041,10178477,436,mRNA
33614,10136646,10137559,913,mRNA
33615,10127770,10127877,107,mRNA
33616,10127518,10127609,91,mRNA
33617,10126001,10126230,229,mRNA
33618,10097783,10098010,227,mRNA
33619,10096914,10097053,139,mRNA
33620,10086201,10086306,105,mRNA
33621,10081248,10081946,698,mRNA
33622,10080375,10080491,116,mRNA
33623,10075919,10076265,346,mRNA
33624,10075221,10075370,149,mRNA
33625,10074346,10074528,182,mRNA
33626,10074139,10074277,138,mRNA
33627,10073175,10073384,209,mRNA
33628,10068636,10069672,1036,mRNA
33629,10068223,10068355,132,mRNA
33630,10066187,10066376,189,mRNA
33631,10065614,10066117,503,mRNA
33632,10064121,10065315,1194,mRNA
33633,10180107,10180256,149,mRNA
33634,10178041,10178477,436,mRNA
33635,10136646,10137559,913,mRNA
33636,10127770,10127877,107,mRNA
33637,10127518,10127609,91,mRNA
33638,10126001,10126230,229,mRNA
33639,10097783,10098010,227,mRNA
33640,10096914,10097053,139,mRNA
33641,10086201,10086306,105,mRNA
33642,10081248,10081946,698,mRNA
33643,10080375,10080491,116,mRNA
33644,10075919,10076265,346,mRNA
33645,10075221,10075370,149,mRNA
33646,10074346,10074528,182,mRNA
33647,10074139,10074277,138,mRNA
33648,10073175,10073384,209,mRNA
33649,10068636,10069672,1036,mRNA
33650,10068223,10068355,132,mRNA
33651,10066187,10066376,189,mRNA
33652,10065614,10066117,503,mRNA
33653,10064340,10065315,975,mRNA
33654,10136646,10137355,709,CDS
33655,10127770,10127877,107,CDS
33656,10127518,10127609,91,CDS
33657,10126001,10126230,229,CDS
33658,10097783,10098010,227,CDS
33659,10096914,10097053,139,CDS
33660,10086201,10086306,105,CDS
33661,10081248,10081946,698,CDS
33662,10080375,10080491,116,CDS
33663,10075919,10076265,346,CDS
33664,10075221,10075370,149,CDS
33665,10074346,10074528,182,CDS
33666,10074139,10074277,138,CDS
33667,10073175,10073384,209,CDS
33668,10068636,10069672,1036,CDS
33669,10068223,10068355,132,CDS
33670,10066187,10066376,189,CDS
33671,10065614,10066117,503,CDS
33672,10064798,10065315,517,CDS
33673,10136646,10137355,709,CDS
33674,10127770,10127877,107,CDS
33675,10127518,10127609,91,CDS
33676,10126001,10126230,229,CDS
33677,10097783,10098010,227,CDS
33678,10096914,10097053,139,CDS
33679,10086201,10086306,105,CDS
33680,10081248,10081946,698,CDS
33681,10080375,10080491,116,CDS
33682,10075919,10076265,346,CDS
33683,10075221,10075370,149,CDS
33684,10074346,10074528,182,CDS
33685,10074139,10074277,138,CDS
33686,10073175,10073384,209,CDS
33687,10068636,10069672,1036,CDS
33688,10068223,10068355,132,CDS
33689,10066187,10066376,189,CDS
33690,10065614,10066117,503,CDS
33691,10064798,10065315,517,CDS
33692,10091208,10092389,1181,gene
33693,10091208,10092389,1181,mRNA
33694,10091582,10092235,653,CDS
33695,10094088,10125736,31648,gene
33696,10094088,10094097,9,mRNA
33697,10101155,10101251,96,mRNA
33698,10103646,10104055,409,mRNA
33699,10104792,10104964,172,mRNA
33700,10106164,10106229,65,mRNA
33701,10107347,10107487,140,mRNA
33702,10107756,10107885,129,mRNA
33703,10110936,10111072,136,mRNA
33704,10114751,10114895,144,mRNA
33705,10117939,10118198,259,mRNA
33706,10120720,10120860,140,mRNA
33707,10121900,10122038,138,mRNA
33708,10125035,10125736,701,mRNA
33709,10101188,10101251,63,CDS
33710,10103646,10104055,409,CDS
33711,10104792,10104964,172,CDS
33712,10106164,10106229,65,CDS
33713,10107347,10107487,140,CDS
33714,10107756,10107885,129,CDS
33715,10110936,10111072,136,CDS
33716,10114751,10114895,144,CDS
33717,10117939,10118198,259,CDS
33718,10120720,10120860,140,CDS
33719,10121900,10122038,138,CDS
33720,10125035,10125631,596,CDS
33721,10118445,10118565,120,mobile_element
33722,10122129,10122771,642,gene
33723,10122129,10122771,642,mRNA
33724,10122196,10122771,575,mRNA
33725,10122341,10122739,398,CDS
33726,10122341,10122739,398,CDS
33727,10138214,10143384,5170,mobile_element
33728,10144776,10156407,11631,gene
33729,10144776,10147189,2413,mRNA
33730,10150338,10150409,71,mRNA
33731,10150732,10151655,923,mRNA
33732,10152697,10152845,148,mRNA
33733,10152952,10153235,283,mRNA
33734,10153323,10153492,169,mRNA
33735,10153561,10153799,238,mRNA
33736,10153862,10154182,320,mRNA
33737,10154254,10154485,231,mRNA
33738,10154701,10156407,1706,mRNA
33739,10144776,10145218,442,mRNA
33740,10146852,10147189,337,mRNA
33741,10150338,10150409,71,mRNA
33742,10150732,10151655,923,mRNA
33743,10152697,10152845,148,mRNA
33744,10152952,10153235,283,mRNA
33745,10153323,10153492,169,mRNA
33746,10153561,10153799,238,mRNA
33747,10153862,10154182,320,mRNA
33748,10154254,10154485,231,mRNA
33749,10154701,10155510,809,mRNA
33750,10147085,10147189,104,CDS
33751,10150338,10150409,71,CDS
33752,10150732,10151655,923,CDS
33753,10152697,10152845,148,CDS
33754,10152952,10153235,283,CDS
33755,10153323,10153492,169,CDS
33756,10153561,10153799,238,CDS
33757,10153862,10154182,320,CDS
33758,10154254,10154485,231,CDS
33759,10154701,10155216,515,CDS
33760,10147085,10147189,104,CDS
33761,10150338,10150409,71,CDS
33762,10150732,10151655,923,CDS
33763,10152697,10152845,148,CDS
33764,10152952,10153235,283,CDS
33765,10153323,10153492,169,CDS
33766,10153561,10153799,238,CDS
33767,10153862,10154182,320,CDS
33768,10154254,10154485,231,CDS
33769,10154701,10155216,515,CDS
33770,10156377,10163789,7412,mobile_element
33771,10172702,10174090,1388,gene
33772,10172702,10174090,1388,mRNA
33773,10172734,10174056,1322,CDS
33774,10181564,10181636,72,mobile_element
33775,10182557,10199117,16560,gene
33776,10198448,10199117,669,mRNA
33777,10196992,10197257,265,mRNA
33778,10196762,10196937,175,mRNA
33779,10195870,10196085,215,mRNA
33780,10195210,10195801,591,mRNA
33781,10194872,10194984,112,mRNA
33782,10194368,10194505,137,mRNA
33783,10194151,10194313,162,mRNA
33784,10193218,10194082,864,mRNA
33785,10191608,10191869,261,mRNA
33786,10189617,10189754,137,mRNA
33787,10189276,10189412,136,mRNA
33788,10189022,10189214,192,mRNA
33789,10188348,10188958,610,mRNA
33790,10188157,10188260,103,mRNA
33791,10186490,10187121,631,mRNA
33792,10185907,10186064,157,mRNA
33793,10185642,10185837,195,mRNA
33794,10184592,10185360,768,mRNA
33795,10184240,10184367,127,mRNA
33796,10183450,10183744,294,mRNA
33797,10183008,10183204,196,mRNA
33798,10182557,10182930,373,mRNA
33799,10198448,10198623,175,CDS
33800,10196992,10197257,265,CDS
33801,10196762,10196937,175,CDS
33802,10195870,10196085,215,CDS
33803,10195210,10195801,591,CDS
33804,10194872,10194984,112,CDS
33805,10194368,10194505,137,CDS
33806,10194151,10194313,162,CDS
33807,10193218,10194082,864,CDS
33808,10191608,10191869,261,CDS
33809,10189617,10189754,137,CDS
33810,10189276,10189412,136,CDS
33811,10189022,10189214,192,CDS
33812,10188348,10188958,610,CDS
33813,10188157,10188260,103,CDS
33814,10186490,10187121,631,CDS
33815,10185907,10186064,157,CDS
33816,10185642,10185837,195,CDS
33817,10184592,10185360,768,CDS
33818,10184240,10184367,127,CDS
33819,10183450,10183744,294,CDS
33820,10183008,10183204,196,CDS
33821,10182784,10182930,146,CDS
33822,10189820,10191496,1676,gene
33823,10191239,10191496,257,mRNA
33824,10189820,10191184,1364,mRNA
33825,10191239,10191424,185,CDS
33826,10189916,10191184,1268,CDS
33827,10199401,10200974,1573,gene
33828,10200869,10200974,105,mRNA
33829,10200416,10200666,250,mRNA
33830,10200291,10200356,65,mRNA
33831,10199401,10200236,835,mRNA
33832,10200416,10200538,122,CDS
33833,10200291,10200356,65,CDS
33834,10199832,10200236,404,CDS
33835,10201004,10202321,1317,gene
33836,10201004,10201148,144,mRNA
33837,10201230,10201528,298,mRNA
33838,10201599,10202321,722,mRNA
33839,10201100,10201148,48,mRNA
33840,10201230,10201528,298,mRNA
33841,10201599,10202145,546,mRNA
33842,10201230,10201528,298,CDS
33843,10201599,10202058,459,CDS
33844,10201230,10201528,298,CDS
33845,10201599,10202058,459,CDS
33846,10202520,10204317,1797,gene
33847,10204172,10204317,145,mRNA
33848,10203384,10203660,276,mRNA
33849,10202520,10203032,512,mRNA
33850,10204172,10204188,16,CDS
33851,10203384,10203660,276,CDS
33852,10202883,10203032,149,CDS
33853,10204757,10206961,2204,gene
33854,10204757,10206961,2204,mRNA
33855,10205369,10206841,1472,CDS
33856,10207085,10209744,2659,gene
33857,10209458,10209744,286,mRNA
33858,10208645,10208802,157,mRNA
33859,10208408,10208582,174,mRNA
33860,10207920,10208351,431,mRNA
33861,10207494,10207856,362,mRNA
33862,10207085,10207430,345,mRNA
33863,10208645,10208796,151,CDS
33864,10208408,10208582,174,CDS
33865,10207920,10208351,431,CDS
33866,10207494,10207856,362,CDS
33867,10207311,10207430,119,CDS
33868,10208741,10209786,1045,gene
33869,10208741,10209409,668,ncRNA
33870,10209000,10209397,397,ncRNA
33871,10209485,10209786,301,ncRNA
33872,10209853,10210681,828,gene
33873,10210225,10210681,456,mRNA
33874,10209853,10210167,314,mRNA
33875,10210225,10210603,378,CDS
33876,10209995,10210167,172,CDS
33877,10211143,10213721,2578,gene
33878,10211143,10211282,139,mRNA
33879,10211398,10212263,865,mRNA
33880,10212327,10212402,75,mRNA
33881,10212468,10213250,782,mRNA
33882,10213314,10213721,407,mRNA
33883,10211170,10211282,112,mRNA
33884,10211340,10212263,923,mRNA
33885,10212327,10212402,75,mRNA
33886,10212468,10213250,782,mRNA
33887,10213314,10213721,407,mRNA
33888,10211170,10211282,112,mRNA
33889,10211398,10212263,865,mRNA
33890,10212327,10212402,75,mRNA
33891,10212468,10213250,782,mRNA
33892,10213314,10213721,407,mRNA
33893,10211422,10212263,841,CDS
33894,10212327,10212402,75,CDS
33895,10212468,10213250,782,CDS
33896,10213314,10213697,383,CDS
33897,10211422,10212263,841,CDS
33898,10212327,10212402,75,CDS
33899,10212468,10213250,782,CDS
33900,10213314,10213697,383,CDS
33901,10211422,10212263,841,CDS
33902,10212327,10212402,75,CDS
33903,10212468,10213250,782,CDS
33904,10213314,10213697,383,CDS
33905,10213812,10221216,7404,gene
33906,10220869,10220952,83,mRNA
33907,10218779,10218889,110,mRNA
33908,10218232,10218402,170,mRNA
33909,10218016,10218172,156,mRNA
33910,10217883,10217959,76,mRNA
33911,10217600,10217818,218,mRNA
33912,10217341,10217533,192,mRNA
33913,10216861,10217180,319,mRNA
33914,10216510,10216800,290,mRNA
33915,10215058,10216450,1392,mRNA
33916,10214125,10214991,866,mRNA
33917,10213812,10214055,243,mRNA
33918,10221136,10221216,80,mRNA
33919,10218779,10218889,110,mRNA
33920,10218232,10218402,170,mRNA
33921,10218016,10218172,156,mRNA
33922,10217883,10217959,76,mRNA
33923,10217600,10217818,218,mRNA
33924,10217353,10217533,180,mRNA
33925,10216861,10217180,319,mRNA
33926,10216510,10216800,290,mRNA
33927,10215058,10216450,1392,mRNA
33928,10214125,10214991,866,mRNA
33929,10213892,10214055,163,mRNA
33930,10220835,10220952,117,mRNA
33931,10218779,10218889,110,mRNA
33932,10218232,10218402,170,mRNA
33933,10218016,10218172,156,mRNA
33934,10217883,10217959,76,mRNA
33935,10217600,10217818,218,mRNA
33936,10217341,10217533,192,mRNA
33937,10216861,10217180,319,mRNA
33938,10216510,10216800,290,mRNA
33939,10215058,10216450,1392,mRNA
33940,10214125,10214991,866,mRNA
33941,10213892,10214055,163,mRNA
33942,10220797,10220952,155,mRNA
33943,10218779,10218889,110,mRNA
33944,10218232,10218402,170,mRNA
33945,10218016,10218172,156,mRNA
33946,10217883,10217959,76,mRNA
33947,10217600,10217818,218,mRNA
33948,10217341,10217533,192,mRNA
33949,10216861,10217180,319,mRNA
33950,10216510,10216800,290,mRNA
33951,10215058,10216450,1392,mRNA
33952,10214125,10214991,866,mRNA
33953,10213892,10214055,163,mRNA
33954,10220693,10220952,259,mRNA
33955,10218779,10218889,110,mRNA
33956,10218232,10218402,170,mRNA
33957,10218016,10218172,156,mRNA
33958,10217883,10217959,76,mRNA
33959,10217600,10217818,218,mRNA
33960,10217353,10217533,180,mRNA
33961,10216861,10217180,319,mRNA
33962,10216510,10216800,290,mRNA
33963,10215058,10216450,1392,mRNA
33964,10214125,10214991,866,mRNA
33965,10213892,10214055,163,mRNA
33966,10220693,10220952,259,mRNA
33967,10218779,10218889,110,mRNA
33968,10218232,10218402,170,mRNA
33969,10218016,10218172,156,mRNA
33970,10217883,10217959,76,mRNA
33971,10217600,10217818,218,mRNA
33972,10217341,10217533,192,mRNA
33973,10216861,10217180,319,mRNA
33974,10216510,10216800,290,mRNA
33975,10215058,10216450,1392,mRNA
33976,10214125,10214991,866,mRNA
33977,10213892,10214055,163,mRNA
33978,10219879,10220952,1073,mRNA
33979,10218779,10218889,110,mRNA
33980,10218232,10218402,170,mRNA
33981,10218016,10218172,156,mRNA
33982,10217883,10217959,76,mRNA
33983,10217600,10217818,218,mRNA
33984,10217353,10217533,180,mRNA
33985,10216861,10217180,319,mRNA
33986,10216510,10216800,290,mRNA
33987,10215058,10216450,1392,mRNA
33988,10214125,10214991,866,mRNA
33989,10213892,10214055,163,mRNA
33990,10218779,10218871,92,CDS
33991,10218232,10218402,170,CDS
33992,10218016,10218172,156,CDS
33993,10217883,10217959,76,CDS
33994,10217600,10217818,218,CDS
33995,10217353,10217533,180,CDS
33996,10216861,10217180,319,CDS
33997,10216510,10216800,290,CDS
33998,10215058,10216450,1392,CDS
33999,10214125,10214991,866,CDS
34000,10213973,10214055,82,CDS
34001,10218779,10218871,92,CDS
34002,10218232,10218402,170,CDS
34003,10218016,10218172,156,CDS
34004,10217883,10217959,76,CDS
34005,10217600,10217818,218,CDS
34006,10217353,10217533,180,CDS
34007,10216861,10217180,319,CDS
34008,10216510,10216800,290,CDS
34009,10215058,10216450,1392,CDS
34010,10214125,10214991,866,CDS
34011,10213973,10214055,82,CDS
34012,10218779,10218871,92,CDS
34013,10218232,10218402,170,CDS
34014,10218016,10218172,156,CDS
34015,10217883,10217959,76,CDS
34016,10217600,10217818,218,CDS
34017,10217353,10217533,180,CDS
34018,10216861,10217180,319,CDS
34019,10216510,10216800,290,CDS
34020,10215058,10216450,1392,CDS
34021,10214125,10214991,866,CDS
34022,10213973,10214055,82,CDS
34023,10218779,10218871,92,CDS
34024,10218232,10218402,170,CDS
34025,10218016,10218172,156,CDS
34026,10217883,10217959,76,CDS
34027,10217600,10217818,218,CDS
34028,10217341,10217533,192,CDS
34029,10216861,10217180,319,CDS
34030,10216510,10216800,290,CDS
34031,10215058,10216450,1392,CDS
34032,10214125,10214991,866,CDS
34033,10213973,10214055,82,CDS
34034,10218779,10218871,92,CDS
34035,10218232,10218402,170,CDS
34036,10218016,10218172,156,CDS
34037,10217883,10217959,76,CDS
34038,10217600,10217818,218,CDS
34039,10217341,10217533,192,CDS
34040,10216861,10217180,319,CDS
34041,10216510,10216800,290,CDS
34042,10215058,10216450,1392,CDS
34043,10214125,10214991,866,CDS
34044,10213973,10214055,82,CDS
34045,10218779,10218871,92,CDS
34046,10218232,10218402,170,CDS
34047,10218016,10218172,156,CDS
34048,10217883,10217959,76,CDS
34049,10217600,10217818,218,CDS
34050,10217341,10217533,192,CDS
34051,10216861,10217180,319,CDS
34052,10216510,10216800,290,CDS
34053,10215058,10216450,1392,CDS
34054,10214125,10214991,866,CDS
34055,10213973,10214055,82,CDS
34056,10218779,10218871,92,CDS
34057,10218232,10218402,170,CDS
34058,10218016,10218172,156,CDS
34059,10217883,10217959,76,CDS
34060,10217600,10217818,218,CDS
34061,10217341,10217533,192,CDS
34062,10216861,10217180,319,CDS
34063,10216510,10216800,290,CDS
34064,10215058,10216450,1392,CDS
34065,10214125,10214991,866,CDS
34066,10213973,10214055,82,CDS
34067,10221351,10222546,1195,gene
34068,10221351,10221445,94,mRNA
34069,10221514,10222143,629,mRNA
34070,10222202,10222546,344,mRNA
34071,10221351,10221445,94,mRNA
34072,10221514,10222143,629,mRNA
34073,10222202,10222503,301,mRNA
34074,10221443,10221445,2,CDS
34075,10221514,10222143,629,CDS
34076,10222202,10222408,206,CDS
34077,10221443,10221445,2,CDS
34078,10221514,10222143,629,CDS
34079,10222202,10222408,206,CDS
34080,10222657,10224447,1790,gene
34081,10222657,10223059,402,mRNA
34082,10223141,10224447,1306,mRNA
34083,10222657,10222702,45,mRNA
34084,10223141,10224447,1306,mRNA
34085,10223146,10224441,1295,CDS
34086,10223146,10224441,1295,CDS
34087,10224457,10226808,2351,gene
34088,10226665,10226808,143,mRNA
34089,10225874,10225965,91,mRNA
34090,10225504,10225811,307,mRNA
34091,10225279,10225432,153,mRNA
34092,10224958,10225149,191,mRNA
34093,10224457,10224892,435,mRNA
34094,10226665,10226808,143,mRNA
34095,10225504,10225811,307,mRNA
34096,10225279,10225432,153,mRNA
34097,10224958,10225149,191,mRNA
34098,10224655,10224892,237,mRNA
34099,10226665,10226808,143,mRNA
34100,10225874,10225965,91,mRNA
34101,10225504,10225811,307,mRNA
34102,10225279,10225432,153,mRNA
34103,10224958,10225149,191,mRNA
34104,10224655,10224892,237,mRNA
34105,10225504,10225750,246,CDS
34106,10225279,10225432,153,CDS
34107,10224958,10225149,191,CDS
34108,10224760,10224892,132,CDS
34109,10225504,10225750,246,CDS
34110,10225279,10225432,153,CDS
34111,10224958,10225149,191,CDS
34112,10224760,10224892,132,CDS
34113,10225504,10225750,246,CDS
34114,10225279,10225432,153,CDS
34115,10224958,10225149,191,CDS
34116,10224760,10224892,132,CDS
34117,10227760,10231692,3932,gene
34118,10231539,10231692,153,mRNA
34119,10229705,10229955,250,mRNA
34120,10229414,10229611,197,mRNA
34121,10229185,10229346,161,mRNA
34122,10227760,10229126,1366,mRNA
34123,10231283,10231692,409,mRNA
34124,10229705,10229955,250,mRNA
34125,10229414,10229611,197,mRNA
34126,10229185,10229346,161,mRNA
34127,10227760,10229126,1366,mRNA
34128,10229705,10229950,245,CDS
34129,10229414,10229611,197,CDS
34130,10229185,10229346,161,CDS
34131,10227861,10229126,1265,CDS
34132,10229705,10229950,245,CDS
34133,10229414,10229611,197,CDS
34134,10229185,10229346,161,CDS
34135,10227861,10229126,1265,CDS
34136,10232507,10234450,1943,gene
34137,10232507,10232659,152,mRNA
34138,10233481,10233561,80,mRNA
34139,10233757,10234450,693,mRNA
34140,10232507,10232659,152,mRNA
34141,10233757,10234450,693,mRNA
34142,10232573,10232659,86,CDS
34143,10233481,10233561,80,CDS
34144,10233757,10234359,602,CDS
34145,10232573,10232659,86,CDS
34146,10233757,10234359,602,CDS
34147,10234585,10238317,3732,gene
34148,10236927,10238317,1390,mRNA
34149,10236375,10236547,172,mRNA
34150,10236031,10236286,255,mRNA
34151,10235727,10235805,78,mRNA
34152,10235485,10235663,178,mRNA
34153,10235028,10235414,386,mRNA
34154,10234585,10234950,365,mRNA
34155,10236927,10238317,1390,mRNA
34156,10236375,10236547,172,mRNA
34157,10236031,10236291,260,mRNA
34158,10235727,10235805,78,mRNA
34159,10235485,10235663,178,mRNA
34160,10235028,10235414,386,mRNA
34161,10234585,10234950,365,mRNA
34162,10236927,10237845,918,CDS
34163,10236375,10236547,172,CDS
34164,10236031,10236286,255,CDS
34165,10235727,10235805,78,CDS
34166,10235485,10235663,178,CDS
34167,10235028,10235414,386,CDS
34168,10234787,10234950,163,CDS
34169,10236927,10237845,918,CDS
34170,10236375,10236547,172,CDS
34171,10236250,10236291,41,CDS
34172,10239341,10242172,2831,gene
34173,10239341,10239585,244,mRNA
34174,10240492,10240591,99,mRNA
34175,10240680,10241058,378,mRNA
34176,10241133,10241780,647,mRNA
34177,10241846,10242172,326,mRNA
34178,10239536,10239585,49,CDS
34179,10240492,10240591,99,CDS
34180,10240680,10241058,378,CDS
34181,10241133,10241780,647,CDS
34182,10241846,10242048,202,CDS
34183,10239939,10240084,145,mRNA
34184,10240492,10240591,99,mRNA
34185,10240680,10241058,378,mRNA
34186,10241133,10241780,647,mRNA
34187,10241846,10242172,326,mRNA
34188,10240535,10240591,56,CDS
34189,10240680,10241058,378,CDS
34190,10241133,10241780,647,CDS
34191,10241846,10242048,202,CDS
34192,10242512,10247078,4566,gene
34193,10247025,10247078,53,mRNA
34194,10245655,10246039,384,mRNA
34195,10245410,10245590,180,mRNA
34196,10245220,10245351,131,mRNA
34197,10244910,10245103,193,mRNA
34198,10244601,10244853,252,mRNA
34199,10244457,10244545,88,mRNA
34200,10244219,10244387,168,mRNA
34201,10242512,10244158,1646,mRNA
34202,10246900,10247078,178,mRNA
34203,10245655,10246039,384,mRNA
34204,10245410,10245590,180,mRNA
34205,10245220,10245351,131,mRNA
34206,10244910,10245103,193,mRNA
34207,10244601,10244853,252,mRNA
34208,10244457,10244545,88,mRNA
34209,10244219,10244387,168,mRNA
34210,10242512,10244158,1646,mRNA
34211,10246900,10247078,178,mRNA
34212,10246185,10246533,348,mRNA
34213,10245655,10246039,384,mRNA
34214,10245410,10245590,180,mRNA
34215,10245220,10245351,131,mRNA
34216,10244910,10245103,193,mRNA
34217,10244601,10244853,252,mRNA
34218,10244457,10244545,88,mRNA
34219,10244219,10244387,168,mRNA
34220,10242512,10244158,1646,mRNA
34221,10245655,10246021,366,CDS
34222,10245410,10245590,180,CDS
34223,10245220,10245351,131,CDS
34224,10244910,10245103,193,CDS
34225,10244601,10244853,252,CDS
34226,10244457,10244545,88,CDS
34227,10244219,10244387,168,CDS
34228,10242637,10244158,1521,CDS
34229,10245655,10246021,366,CDS
34230,10245410,10245590,180,CDS
34231,10245220,10245351,131,CDS
34232,10244910,10245103,193,CDS
34233,10244601,10244853,252,CDS
34234,10244457,10244545,88,CDS
34235,10244219,10244387,168,CDS
34236,10242637,10244158,1521,CDS
34237,10245655,10246021,366,CDS
34238,10245410,10245590,180,CDS
34239,10245220,10245351,131,CDS
34240,10244910,10245103,193,CDS
34241,10244601,10244853,252,CDS
34242,10244457,10244545,88,CDS
34243,10244219,10244387,168,CDS
34244,10242637,10244158,1521,CDS
34245,10242685,10245977,3292,gene
34246,10242685,10242964,279,ncRNA
34247,10245878,10245977,99,ncRNA
34248,10247502,10250501,2999,gene
34249,10250281,10250501,220,mRNA
34250,10249095,10249259,164,mRNA
34251,10248785,10248914,129,mRNA
34252,10248525,10248722,197,mRNA
34253,10248197,10248461,264,mRNA
34254,10247852,10248135,283,mRNA
34255,10247502,10247773,271,mRNA
34256,10249095,10249742,647,mRNA
34257,10248785,10248914,129,mRNA
34258,10248525,10248722,197,mRNA
34259,10248197,10248461,264,mRNA
34260,10247852,10248135,283,mRNA
34261,10247502,10247773,271,mRNA
34262,10249095,10249600,505,mRNA
34263,10248785,10248914,129,mRNA
34264,10248525,10248722,197,mRNA
34265,10248197,10248461,264,mRNA
34266,10247852,10248135,283,mRNA
34267,10247502,10247773,271,mRNA
34268,10249095,10249210,115,CDS
34269,10248785,10248914,129,CDS
34270,10248525,10248722,197,CDS
34271,10248197,10248461,264,CDS
34272,10247852,10248135,283,CDS
34273,10247648,10247773,125,CDS
34274,10249095,10249210,115,CDS
34275,10248785,10248914,129,CDS
34276,10248525,10248722,197,CDS
34277,10248197,10248461,264,CDS
34278,10247852,10248135,283,CDS
34279,10247648,10247773,125,CDS
34280,10249095,10249210,115,CDS
34281,10248785,10248914,129,CDS
34282,10248525,10248722,197,CDS
34283,10248197,10248461,264,CDS
34284,10247852,10248135,283,CDS
34285,10247648,10247773,125,CDS
34286,10250737,10251714,977,gene
34287,10250737,10250827,90,mRNA
34288,10250896,10251594,698,mRNA
34289,10250793,10250827,34,mRNA
34290,10250896,10251714,818,mRNA
34291,10250819,10250827,8,CDS
34292,10250896,10251501,605,CDS
34293,10250819,10250827,8,CDS
34294,10250896,10251501,605,CDS
34295,10251843,10254686,2843,gene
34296,10251843,10252064,221,mRNA
34297,10252275,10252427,152,mRNA
34298,10252484,10253074,590,mRNA
34299,10253139,10253355,216,mRNA
34300,10253407,10253611,204,mRNA
34301,10253668,10254115,447,mRNA
34302,10254193,10254325,132,mRNA
34303,10254385,10254686,301,mRNA
34304,10251967,10252064,97,CDS
34305,10252275,10252427,152,CDS
34306,10252484,10253074,590,CDS
34307,10253139,10253355,216,CDS
34308,10253407,10253611,204,CDS
34309,10253668,10254115,447,CDS
34310,10254193,10254325,132,CDS
34311,10254385,10254597,212,CDS
34312,10254610,10255891,1281,gene
34313,10255721,10255891,170,mRNA
34314,10255078,10255270,192,mRNA
34315,10254610,10255014,404,mRNA
34316,10255721,10255815,94,CDS
34317,10255078,10255270,192,CDS
34318,10254832,10255014,182,CDS
34319,10256319,10261049,4730,gene
34320,10260854,10261049,195,mRNA
34321,10260254,10260584,330,mRNA
34322,10259476,10259690,214,mRNA
34323,10259241,10259413,172,mRNA
34324,10259029,10259173,144,mRNA
34325,10258728,10258915,187,mRNA
34326,10258549,10258656,107,mRNA
34327,10258235,10258397,162,mRNA
34328,10258064,10258173,109,mRNA
34329,10257778,10257993,215,mRNA
34330,10257395,10257716,321,mRNA
34331,10256319,10256506,187,mRNA
34332,10260854,10261049,195,mRNA
34333,10260254,10260584,330,mRNA
34334,10259476,10259690,214,mRNA
34335,10259241,10259413,172,mRNA
34336,10259029,10259173,144,mRNA
34337,10258728,10258915,187,mRNA
34338,10258549,10258656,107,mRNA
34339,10258235,10258397,162,mRNA
34340,10258064,10258173,109,mRNA
34341,10257778,10257993,215,mRNA
34342,10257395,10257716,321,mRNA
34343,10256910,10257122,212,mRNA
34344,10256319,10256506,187,mRNA
34345,10260742,10261049,307,mRNA
34346,10260254,10260584,330,mRNA
34347,10259476,10259690,214,mRNA
34348,10259241,10259413,172,mRNA
34349,10259029,10259173,144,mRNA
34350,10258728,10258915,187,mRNA
34351,10258549,10258656,107,mRNA
34352,10258235,10258397,162,mRNA
34353,10258064,10258173,109,mRNA
34354,10257778,10257993,215,mRNA
34355,10257395,10257716,321,mRNA
34356,10256319,10256506,187,mRNA
34357,10259476,10259987,511,mRNA
34358,10259241,10259413,172,mRNA
34359,10259029,10259173,144,mRNA
34360,10258728,10258915,187,mRNA
34361,10258549,10258656,107,mRNA
34362,10258235,10258397,162,mRNA
34363,10258064,10258173,109,mRNA
34364,10257778,10257993,215,mRNA
34365,10256319,10256506,187,mRNA
34366,10259476,10259987,511,mRNA
34367,10259241,10259413,172,mRNA
34368,10259029,10259173,144,mRNA
34369,10258728,10258915,187,mRNA
34370,10258549,10258656,107,mRNA
34371,10258235,10258397,162,mRNA
34372,10258064,10258173,109,mRNA
34373,10257778,10257993,215,mRNA
34374,10257395,10257716,321,mRNA
34375,10256319,10256506,187,mRNA
34376,10259476,10259987,511,mRNA
34377,10259241,10259413,172,mRNA
34378,10259029,10259173,144,mRNA
34379,10258728,10258915,187,mRNA
34380,10258549,10258656,107,mRNA
34381,10258235,10258397,162,mRNA
34382,10258064,10258173,109,mRNA
34383,10257778,10257993,215,mRNA
34384,10257395,10257716,321,mRNA
34385,10256910,10257122,212,mRNA
34386,10256319,10256506,187,mRNA
34387,10260254,10261049,795,mRNA
34388,10259476,10259690,214,mRNA
34389,10259241,10259413,172,mRNA
34390,10259029,10259173,144,mRNA
34391,10258728,10258915,187,mRNA
34392,10258549,10258656,107,mRNA
34393,10258235,10258397,162,mRNA
34394,10258064,10258173,109,mRNA
34395,10257778,10257993,215,mRNA
34396,10257395,10257716,321,mRNA
34397,10256326,10256506,180,mRNA
34398,10259476,10259575,99,CDS
34399,10259241,10259413,172,CDS
34400,10259029,10259173,144,CDS
34401,10258728,10258915,187,CDS
34402,10258549,10258656,107,CDS
34403,10258235,10258397,162,CDS
34404,10258064,10258173,109,CDS
34405,10257778,10257993,215,CDS
34406,10256453,10256506,53,CDS
34407,10259476,10259575,99,CDS
34408,10259241,10259413,172,CDS
34409,10259029,10259173,144,CDS
34410,10258728,10258915,187,CDS
34411,10258549,10258656,107,CDS
34412,10258235,10258397,162,CDS
34413,10258064,10258173,109,CDS
34414,10257778,10257993,215,CDS
34415,10257395,10257716,321,CDS
34416,10256487,10256506,19,CDS
34417,10259476,10259575,99,CDS
34418,10259241,10259413,172,CDS
34419,10259029,10259173,144,CDS
34420,10258728,10258915,187,CDS
34421,10258549,10258656,107,CDS
34422,10258235,10258397,162,CDS
34423,10258064,10258173,109,CDS
34424,10257778,10257993,215,CDS
34425,10257395,10257716,321,CDS
34426,10256487,10256506,19,CDS
34427,10259476,10259575,99,CDS
34428,10259241,10259413,172,CDS
34429,10259029,10259173,144,CDS
34430,10258728,10258915,187,CDS
34431,10258549,10258656,107,CDS
34432,10258235,10258397,162,CDS
34433,10258064,10258173,109,CDS
34434,10257778,10257993,215,CDS
34435,10257395,10257716,321,CDS
34436,10256487,10256506,19,CDS
34437,10259476,10259575,99,CDS
34438,10259241,10259413,172,CDS
34439,10259029,10259173,144,CDS
34440,10258728,10258915,187,CDS
34441,10258549,10258656,107,CDS
34442,10258235,10258397,162,CDS
34443,10258064,10258173,109,CDS
34444,10257778,10257993,215,CDS
34445,10257395,10257716,321,CDS
34446,10256487,10256506,19,CDS
34447,10259476,10259575,99,CDS
34448,10259241,10259413,172,CDS
34449,10259029,10259173,144,CDS
34450,10258728,10258915,187,CDS
34451,10258549,10258656,107,CDS
34452,10258235,10258397,162,CDS
34453,10258064,10258173,109,CDS
34454,10257778,10257993,215,CDS
34455,10257395,10257716,321,CDS
34456,10257118,10257122,4,CDS
34457,10259476,10259575,99,CDS
34458,10259241,10259413,172,CDS
34459,10259029,10259173,144,CDS
34460,10258728,10258915,187,CDS
34461,10258549,10258656,107,CDS
34462,10258235,10258397,162,CDS
34463,10258064,10258173,109,CDS
34464,10257778,10257993,215,CDS
34465,10257395,10257716,321,CDS
34466,10257118,10257122,4,CDS
34467,10261795,10263554,1759,gene
34468,10261795,10263554,1759,mRNA
34469,10262641,10263554,913,mRNA
34470,10262816,10263418,602,CDS
34471,10262816,10263418,602,CDS
34472,10264125,10265229,1104,gene
34473,10264125,10264264,139,mRNA
34474,10264549,10264633,84,mRNA
34475,10264764,10264889,125,mRNA
34476,10264947,10265229,282,mRNA
34477,10264125,10264264,139,mRNA
34478,10264552,10264633,81,mRNA
34479,10264764,10264885,121,mRNA
34480,10264947,10265229,282,mRNA
34481,10264125,10264264,139,mRNA
34482,10264552,10264633,81,mRNA
34483,10264764,10264889,125,mRNA
34484,10264947,10265114,167,mRNA
34485,10264125,10264264,139,mRNA
34486,10264549,10264633,84,mRNA
34487,10264764,10264885,121,mRNA
34488,10264947,10265111,164,mRNA
34489,10264208,10264264,56,CDS
34490,10264549,10264633,84,CDS
34491,10264764,10264885,121,CDS
34492,10264947,10265039,92,CDS
34493,10264208,10264264,56,CDS
34494,10264552,10264633,81,CDS
34495,10264764,10264885,121,CDS
34496,10264947,10265039,92,CDS
34497,10264208,10264264,56,CDS
34498,10264549,10264633,84,CDS
34499,10264764,10264889,125,CDS
34500,10264947,10264963,16,CDS
34501,10264208,10264264,56,CDS
34502,10264552,10264633,81,CDS
34503,10264764,10264889,125,CDS
34504,10264947,10264963,16,CDS
34505,10265336,10266570,1234,gene
34506,10265336,10265561,225,mRNA
34507,10265621,10265771,150,mRNA
34508,10265827,10265950,123,mRNA
34509,10266007,10266110,103,mRNA
34510,10266198,10266313,115,mRNA
34511,10266380,10266570,190,mRNA
34512,10265520,10265561,41,CDS
34513,10265621,10265771,150,CDS
34514,10265827,10265950,123,CDS
34515,10266007,10266110,103,CDS
34516,10266198,10266313,115,CDS
34517,10266380,10266505,125,CDS
34518,10266703,10268748,2045,gene
34519,10266703,10266852,149,mRNA
34520,10266913,10267300,387,mRNA
34521,10267424,10267736,312,mRNA
34522,10267799,10267927,128,mRNA
34523,10267983,10268748,765,mRNA
34524,10266810,10266852,42,CDS
34525,10266913,10267300,387,CDS
34526,10267424,10267736,312,CDS
34527,10267799,10267927,128,CDS
34528,10267983,10268426,443,CDS
34529,10268872,10269904,1032,gene
34530,10268872,10269319,447,mRNA
34531,10269376,10269550,174,mRNA
34532,10269613,10269708,95,mRNA
34533,10269763,10269904,141,mRNA
34534,10268961,10269319,358,CDS
34535,10269376,10269550,174,CDS
34536,10269613,10269708,95,CDS
34537,10269763,10269873,110,CDS
34538,10270051,10271465,1414,gene
34539,10270051,10270212,161,mRNA
34540,10270274,10270394,120,mRNA
34541,10270449,10271465,1016,mRNA
34542,10270115,10270212,97,CDS
34543,10270274,10270394,120,CDS
34544,10270449,10271456,1007,CDS
34545,10271443,10272324,881,gene
34546,10271443,10272324,881,mRNA
34547,10271502,10272209,707,CDS
34548,10272325,10278811,6486,gene
34549,10277395,10277551,156,mRNA
34550,10276392,10276567,175,mRNA
34551,10275984,10276112,128,mRNA
34552,10275697,10275922,225,mRNA
34553,10275449,10275629,180,mRNA
34554,10275127,10275387,260,mRNA
34555,10274934,10275066,132,mRNA
34556,10274165,10274868,703,mRNA
34557,10273966,10274105,139,mRNA
34558,10273463,10273882,419,mRNA
34559,10273197,10273406,209,mRNA
34560,10272996,10273122,126,mRNA
34561,10272325,10272906,581,mRNA
34562,10278649,10278811,162,mRNA
34563,10278250,10278596,346,mRNA
34564,10277814,10277925,111,mRNA
34565,10276392,10276567,175,mRNA
34566,10275984,10276112,128,mRNA
34567,10275697,10275922,225,mRNA
34568,10275449,10275629,180,mRNA
34569,10275127,10275384,257,mRNA
34570,10274934,10275066,132,mRNA
34571,10274165,10274868,703,mRNA
34572,10273966,10274090,124,mRNA
34573,10273463,10273882,419,mRNA
34574,10273197,10273406,209,mRNA
34575,10272996,10273122,126,mRNA
34576,10272627,10272906,279,mRNA
34577,10278649,10278811,162,mRNA
34578,10278250,10278596,346,mRNA
34579,10277814,10277925,111,mRNA
34580,10276392,10276567,175,mRNA
34581,10275984,10276112,128,mRNA
34582,10275697,10275922,225,mRNA
34583,10275449,10275629,180,mRNA
34584,10275127,10275387,260,mRNA
34585,10274934,10275066,132,mRNA
34586,10274165,10274868,703,mRNA
34587,10273966,10274105,139,mRNA
34588,10273463,10273882,419,mRNA
34589,10273197,10273406,209,mRNA
34590,10272996,10273122,126,mRNA
34591,10272627,10272906,279,mRNA
34592,10277407,10277551,144,mRNA
34593,10276392,10276567,175,mRNA
34594,10275984,10276112,128,mRNA
34595,10275697,10275922,225,mRNA
34596,10275449,10275629,180,mRNA
34597,10275127,10275387,260,mRNA
34598,10274934,10275066,132,mRNA
34599,10274165,10274868,703,mRNA
34600,10273966,10274105,139,mRNA
34601,10273463,10273882,419,mRNA
34602,10273197,10273406,209,mRNA
34603,10272996,10273122,126,mRNA
34604,10272627,10272906,279,mRNA
34605,10276812,10277161,349,mRNA
34606,10276392,10276567,175,mRNA
34607,10275984,10276112,128,mRNA
34608,10275697,10275922,225,mRNA
34609,10275449,10275629,180,mRNA
34610,10275127,10275387,260,mRNA
34611,10274934,10275066,132,mRNA
34612,10274165,10274868,703,mRNA
34613,10273966,10274090,124,mRNA
34614,10273463,10273882,419,mRNA
34615,10273197,10273406,209,mRNA
34616,10272996,10273122,126,mRNA
34617,10272627,10272906,279,mRNA
34618,10278649,10278698,49,CDS
34619,10278250,10278596,346,CDS
34620,10277814,10277925,111,CDS
34621,10276392,10276567,175,CDS
34622,10275984,10276112,128,CDS
34623,10275697,10275922,225,CDS
34624,10275449,10275629,180,CDS
34625,10275127,10275384,257,CDS
34626,10274934,10275066,132,CDS
34627,10274165,10274868,703,CDS
34628,10273966,10274090,124,CDS
34629,10273463,10273882,419,CDS
34630,10273197,10273406,209,CDS
34631,10272996,10273122,126,CDS
34632,10272712,10272906,194,CDS
34633,10278649,10278698,49,CDS
34634,10278250,10278596,346,CDS
34635,10277814,10277925,111,CDS
34636,10276392,10276567,175,CDS
34637,10275984,10276112,128,CDS
34638,10275697,10275922,225,CDS
34639,10275449,10275629,180,CDS
34640,10275127,10275387,260,CDS
34641,10274934,10275066,132,CDS
34642,10274165,10274868,703,CDS
34643,10273966,10274105,139,CDS
34644,10273463,10273882,419,CDS
34645,10273197,10273406,209,CDS
34646,10272996,10273122,126,CDS
34647,10272712,10272906,194,CDS
34648,10276392,10276485,93,CDS
34649,10275984,10276112,128,CDS
34650,10275697,10275922,225,CDS
34651,10275449,10275629,180,CDS
34652,10275127,10275387,260,CDS
34653,10274934,10275066,132,CDS
34654,10274165,10274868,703,CDS
34655,10273966,10274090,124,CDS
34656,10273463,10273882,419,CDS
34657,10273197,10273406,209,CDS
34658,10272996,10273122,126,CDS
34659,10272712,10272906,194,CDS
34660,10276392,10276485,93,CDS
34661,10275984,10276112,128,CDS
34662,10275697,10275922,225,CDS
34663,10275449,10275629,180,CDS
34664,10275127,10275387,260,CDS
34665,10274934,10275066,132,CDS
34666,10274165,10274868,703,CDS
34667,10273966,10274105,139,CDS
34668,10273463,10273882,419,CDS
34669,10273197,10273406,209,CDS
34670,10272996,10273122,126,CDS
34671,10272712,10272906,194,CDS
34672,10276392,10276485,93,CDS
34673,10275984,10276112,128,CDS
34674,10275697,10275922,225,CDS
34675,10275449,10275629,180,CDS
34676,10275127,10275387,260,CDS
34677,10274934,10275066,132,CDS
34678,10274165,10274868,703,CDS
34679,10273966,10274105,139,CDS
34680,10273463,10273882,419,CDS
34681,10273197,10273406,209,CDS
34682,10272996,10273122,126,CDS
34683,10272712,10272906,194,CDS
34684,10278951,10280872,1921,gene
34685,10280381,10280872,491,mRNA
34686,10280053,10280320,267,mRNA
34687,10279633,10279686,53,mRNA
34688,10279520,10279570,50,mRNA
34689,10279360,10279413,53,mRNA
34690,10278951,10279258,307,mRNA
34691,10280381,10280830,449,CDS
34692,10280053,10280320,267,CDS
34693,10279633,10279686,53,CDS
34694,10279520,10279570,50,CDS
34695,10279360,10279413,53,CDS
34696,10279119,10279258,139,CDS
34697,10281943,10292365,10422,gene
34698,10292210,10292365,155,mRNA
34699,10291107,10291143,36,mRNA
34700,10290351,10290490,139,mRNA
34701,10288564,10290283,1719,mRNA
34702,10288268,10288499,231,mRNA
34703,10287991,10288209,218,mRNA
34704,10282345,10287934,5589,mRNA
34705,10281943,10282279,336,mRNA
34706,10290351,10290490,139,CDS
34707,10288564,10290283,1719,CDS
34708,10288268,10288499,231,CDS
34709,10287991,10288209,218,CDS
34710,10282345,10287934,5589,CDS
34711,10281997,10282279,282,CDS
34712,10292679,10295385,2706,gene
34713,10295209,10295385,176,mRNA
34714,10294863,10295059,196,mRNA
34715,10294474,10294629,155,mRNA
34716,10292679,10292861,182,mRNA
34717,10295209,10295299,90,CDS
34718,10294863,10295059,196,CDS
34719,10294474,10294629,155,CDS
34720,10292781,10292861,80,CDS
34721,10295859,10299847,3988,gene
34722,10299747,10299847,100,mRNA
34723,10299044,10299220,176,mRNA
34724,10298781,10298989,208,mRNA
34725,10297705,10297936,231,mRNA
34726,10297431,10297606,175,mRNA
34727,10297216,10297370,154,mRNA
34728,10296938,10297156,218,mRNA
34729,10296625,10296859,234,mRNA
34730,10296424,10296565,141,mRNA
34731,10296172,10296368,196,mRNA
34732,10295859,10296110,251,mRNA
34733,10299762,10299847,85,mRNA
34734,10299044,10299220,176,mRNA
34735,10298781,10298989,208,mRNA
34736,10297705,10297936,231,mRNA
34737,10297431,10297606,175,mRNA
34738,10297216,10297370,154,mRNA
34739,10296938,10297156,218,mRNA
34740,10296625,10296859,234,mRNA
34741,10296424,10296565,141,mRNA
34742,10296172,10296368,196,mRNA
34743,10295866,10296110,244,mRNA
34744,10298023,10298267,244,mRNA
34745,10297705,10297936,231,mRNA
34746,10297431,10297606,175,mRNA
34747,10297216,10297370,154,mRNA
34748,10296938,10297156,218,mRNA
34749,10296625,10296859,234,mRNA
34750,10296424,10296565,141,mRNA
34751,10296172,10296368,196,mRNA
34752,10295866,10296110,244,mRNA
34753,10299044,10299204,160,CDS
34754,10298781,10298989,208,CDS
34755,10297705,10297936,231,CDS
34756,10297431,10297606,175,CDS
34757,10297216,10297370,154,CDS
34758,10296938,10297156,218,CDS
34759,10296625,10296859,234,CDS
34760,10296424,10296565,141,CDS
34761,10296172,10296368,196,CDS
34762,10295917,10296110,193,CDS
34763,10299044,10299204,160,CDS
34764,10298781,10298989,208,CDS
34765,10297705,10297936,231,CDS
34766,10297431,10297606,175,CDS
34767,10297216,10297370,154,CDS
34768,10296938,10297156,218,CDS
34769,10296625,10296859,234,CDS
34770,10296424,10296565,141,CDS
34771,10296172,10296368,196,CDS
34772,10295917,10296110,193,CDS
34773,10298023,10298128,105,CDS
34774,10297705,10297936,231,CDS
34775,10297431,10297606,175,CDS
34776,10297216,10297370,154,CDS
34777,10296938,10297156,218,CDS
34778,10296625,10296859,234,CDS
34779,10296424,10296565,141,CDS
34780,10296172,10296368,196,CDS
34781,10295917,10296110,193,CDS
34782,10297730,10298413,683,gene
34783,10297730,10297912,182,ncRNA
34784,10297978,10298116,138,ncRNA
34785,10298193,10298413,220,ncRNA
34786,10297730,10297897,167,ncRNA
34787,10297978,10298116,138,ncRNA
34788,10298193,10298413,220,ncRNA
34789,10298604,10298695,91,mobile_element
34790,10299977,10302018,2041,gene
34791,10301944,10302018,74,mRNA
34792,10299977,10301859,1882,mRNA
34793,10301944,10302018,74,mRNA
34794,10300101,10301859,1758,mRNA
34795,10301944,10301955,11,CDS
34796,10300222,10301859,1637,CDS
34797,10301944,10301955,11,CDS
34798,10300222,10301859,1637,CDS
34799,10302173,10303947,1774,gene
34800,10303655,10303947,292,mRNA
34801,10302173,10303598,1425,mRNA
34802,10303783,10303947,164,mRNA
34803,10302592,10303598,1006,mRNA
34804,10303655,10303947,292,mRNA
34805,10302592,10303598,1006,mRNA
34806,10303655,10303836,181,CDS
34807,10302671,10303598,927,CDS
34808,10303655,10303836,181,CDS
34809,10302671,10303598,927,CDS
34810,10302671,10303540,869,CDS
34811,10304069,10306594,2525,gene
34812,10306512,10306594,82,mRNA
34813,10305149,10305509,360,mRNA
34814,10304827,10305082,255,mRNA
34815,10304069,10304769,700,mRNA
34816,10306512,10306565,53,mRNA
34817,10305149,10305509,360,mRNA
34818,10304827,10305082,255,mRNA
34819,10304069,10304769,700,mRNA
34820,10305149,10305505,356,CDS
34821,10304827,10305082,255,CDS
34822,10304162,10304769,607,CDS
34823,10305149,10305505,356,CDS
34824,10304827,10305082,255,CDS
34825,10304162,10304769,607,CDS
34826,10306922,10308045,1123,gene
34827,10306922,10307119,197,mRNA
34828,10307194,10307493,299,mRNA
34829,10307558,10308045,487,mRNA
34830,10307045,10307119,74,CDS
34831,10307194,10307493,299,CDS
34832,10307558,10307971,413,CDS
34833,10308131,10310956,2825,gene
34834,10310544,10310956,412,mRNA
34835,10309372,10310309,937,mRNA
34836,10308813,10308950,137,mRNA
34837,10308548,10308753,205,mRNA
34838,10308131,10308475,344,mRNA
34839,10310544,10310774,230,mRNA
34840,10309372,10310309,937,mRNA
34841,10308813,10308950,137,mRNA
34842,10308548,10308753,205,mRNA
34843,10308131,10308475,344,mRNA
34844,10309372,10310304,932,CDS
34845,10308813,10308950,137,CDS
34846,10308548,10308753,205,CDS
34847,10308334,10308475,141,CDS
34848,10309372,10310304,932,CDS
34849,10308813,10308950,137,CDS
34850,10308548,10308753,205,CDS
34851,10308334,10308475,141,CDS
34852,10311050,10312099,1049,gene
34853,10311899,10312099,200,mRNA
34854,10311050,10311784,734,mRNA
34855,10311899,10312058,159,CDS
34856,10311330,10311784,454,CDS
34857,10312265,10314396,2131,gene
34858,10314296,10314396,100,mRNA
34859,10314064,10314239,175,mRNA
34860,10313901,10314005,104,mRNA
34861,10313306,10313688,382,mRNA
34862,10313084,10313240,156,mRNA
34863,10312962,10313027,65,mRNA
34864,10312265,10312908,643,mRNA
34865,10314296,10314370,74,mRNA
34866,10314064,10314239,175,mRNA
34867,10313901,10314005,104,mRNA
34868,10313306,10313688,382,mRNA
34869,10313084,10313240,156,mRNA
34870,10312962,10313027,65,mRNA
34871,10312316,10312908,592,mRNA
34872,10314296,10314311,15,CDS
34873,10314064,10314239,175,CDS
34874,10313901,10314005,104,CDS
34875,10313306,10313688,382,CDS
34876,10313084,10313240,156,CDS
34877,10312962,10313027,65,CDS
34878,10312384,10312908,524,CDS
34879,10314296,10314311,15,CDS
34880,10314064,10314239,175,CDS
34881,10313901,10314005,104,CDS
34882,10313306,10313688,382,CDS
34883,10313084,10313240,156,CDS
34884,10312962,10313027,65,CDS
34885,10312384,10312908,524,CDS
34886,10314792,10317569,2777,gene
34887,10314792,10315073,281,mRNA
34888,10315345,10315423,78,mRNA
34889,10315489,10315957,468,mRNA
34890,10316192,10316374,182,mRNA
34891,10316439,10316867,428,mRNA
34892,10316932,10317569,637,mRNA
34893,10314914,10315073,159,CDS
34894,10315345,10315423,78,CDS
34895,10315489,10315957,468,CDS
34896,10316192,10316374,182,CDS
34897,10316439,10316867,428,CDS
34898,10316932,10317297,365,CDS
34899,10317497,10323102,5605,gene
34900,10322892,10323102,210,mRNA
34901,10319847,10320053,206,mRNA
34902,10319618,10319713,95,mRNA
34903,10319488,10319560,72,mRNA
34904,10319320,10319423,103,mRNA
34905,10319131,10319257,126,mRNA
34906,10317497,10319076,1579,mRNA
34907,10321776,10321802,26,mRNA
34908,10319847,10320053,206,mRNA
34909,10319618,10319713,95,mRNA
34910,10319488,10319560,72,mRNA
34911,10319320,10319423,103,mRNA
34912,10319131,10319257,126,mRNA
34913,10317497,10319076,1579,mRNA
34914,10321776,10321802,26,mRNA
34915,10320564,10320656,92,mRNA
34916,10319847,10320053,206,mRNA
34917,10319618,10319713,95,mRNA
34918,10319488,10319560,72,mRNA
34919,10319320,10319423,103,mRNA
34920,10319131,10319257,126,mRNA
34921,10317497,10319076,1579,mRNA
34922,10321506,10321802,296,mRNA
34923,10319847,10320053,206,mRNA
34924,10319618,10319713,95,mRNA
34925,10319488,10319560,72,mRNA
34926,10319320,10319423,103,mRNA
34927,10319134,10319257,123,mRNA
34928,10317497,10319076,1579,mRNA
34929,10319847,10320019,172,CDS
34930,10319618,10319713,95,CDS
34931,10319488,10319560,72,CDS
34932,10319320,10319423,103,CDS
34933,10319134,10319257,123,CDS
34934,10317589,10319076,1487,CDS
34935,10319847,10320019,172,CDS
34936,10319618,10319713,95,CDS
34937,10319488,10319560,72,CDS
34938,10319320,10319423,103,CDS
34939,10319131,10319257,126,CDS
34940,10317589,10319076,1487,CDS
34941,10319847,10320019,172,CDS
34942,10319618,10319713,95,CDS
34943,10319488,10319560,72,CDS
34944,10319320,10319423,103,CDS
34945,10319131,10319257,126,CDS
34946,10317589,10319076,1487,CDS
34947,10319847,10320019,172,CDS
34948,10319618,10319713,95,CDS
34949,10319488,10319560,72,CDS
34950,10319320,10319423,103,CDS
34951,10319131,10319257,126,CDS
34952,10317589,10319076,1487,CDS
34953,10322476,10324990,2514,gene
34954,10322476,10322596,120,mRNA
34955,10322708,10322834,126,mRNA
34956,10323671,10323779,108,mRNA
34957,10323848,10324309,461,mRNA
34958,10324379,10324990,611,mRNA
34959,10322476,10322596,120,mRNA
34960,10322722,10322834,112,mRNA
34961,10323671,10323779,108,mRNA
34962,10323848,10324309,461,mRNA
34963,10324379,10324990,611,mRNA
34964,10322793,10322834,41,CDS
34965,10323671,10323779,108,CDS
34966,10323848,10324309,461,CDS
34967,10324379,10324965,586,CDS
34968,10322793,10322834,41,CDS
34969,10323671,10323779,108,CDS
34970,10323848,10324309,461,CDS
34971,10324379,10324965,586,CDS
34972,10323486,10323507,21,mRNA
34973,10323671,10323779,108,mRNA
34974,10323848,10324309,461,mRNA
34975,10324379,10324990,611,mRNA
34976,10323499,10323561,62,mRNA
34977,10323671,10323779,108,mRNA
34978,10323848,10324309,461,mRNA
34979,10324379,10324990,611,mRNA
34980,10323746,10323779,33,CDS
34981,10323848,10324309,461,CDS
34982,10324379,10324965,586,CDS
34983,10323746,10323779,33,CDS
34984,10323848,10324309,461,CDS
34985,10324379,10324965,586,CDS
34986,10325026,10327943,2917,gene
34987,10327827,10327943,116,mRNA
34988,10327687,10327775,88,mRNA
34989,10327277,10327454,177,mRNA
34990,10325026,10327218,2192,mRNA
34991,10327827,10327878,51,CDS
34992,10327687,10327775,88,CDS
34993,10327277,10327454,177,CDS
34994,10325099,10327218,2119,CDS
34995,10328200,10331116,2916,gene
34996,10331080,10331116,36,mRNA
34997,10329992,10330592,600,mRNA
34998,10329475,10329931,456,mRNA
34999,10329322,10329410,88,mRNA
35000,10329196,10329262,66,mRNA
35001,10328804,10329135,331,mRNA
35002,10328472,10328740,268,mRNA
35003,10328200,10328410,210,mRNA
35004,10331080,10331116,36,mRNA
35005,10329992,10330592,600,mRNA
35006,10329475,10329931,456,mRNA
35007,10329322,10329410,88,mRNA
35008,10329196,10329262,66,mRNA
35009,10328804,10329135,331,mRNA
35010,10328472,10328740,268,mRNA
35011,10328200,10328410,210,mRNA
35012,10329992,10330579,587,CDS
35013,10329475,10329931,456,CDS
35014,10329322,10329410,88,CDS
35015,10329196,10329262,66,CDS
35016,10328804,10329135,331,CDS
35017,10328472,10328740,268,CDS
35018,10328347,10328410,63,CDS
35019,10329992,10330564,572,CDS
35020,10329475,10329931,456,CDS
35021,10329322,10329410,88,CDS
35022,10329196,10329262,66,CDS
35023,10328804,10329135,331,CDS
35024,10328472,10328740,268,CDS
35025,10328347,10328410,63,CDS
35026,10331471,10333129,1658,gene
35027,10331471,10331681,210,mRNA
35028,10331747,10331930,183,mRNA
35029,10331988,10332674,686,mRNA
35030,10332739,10333129,390,mRNA
35031,10331610,10331681,71,CDS
35032,10331747,10331930,183,CDS
35033,10331988,10332674,686,CDS
35034,10332739,10332971,232,CDS
35035,10333734,10339185,5451,gene
35036,10333734,10334812,1078,mRNA
35037,10335781,10335924,143,mRNA
35038,10336022,10336883,861,mRNA
35039,10336945,10337072,127,mRNA
35040,10337141,10337293,152,mRNA
35041,10337368,10337596,228,mRNA
35042,10338019,10338116,97,mRNA
35043,10338232,10338441,209,mRNA
35044,10333914,10334812,898,mRNA
35045,10335781,10335924,143,mRNA
35046,10336022,10336883,861,mRNA
35047,10336945,10337072,127,mRNA
35048,10337141,10337293,152,mRNA
35049,10337368,10337596,228,mRNA
35050,10338019,10338116,97,mRNA
35051,10338232,10339185,953,mRNA
35052,10333914,10334812,898,mRNA
35053,10335781,10335924,143,mRNA
35054,10336022,10336883,861,mRNA
35055,10336945,10337072,127,mRNA
35056,10337141,10337293,152,mRNA
35057,10337368,10337596,228,mRNA
35058,10338019,10338116,97,mRNA
35059,10338232,10338441,209,mRNA
35060,10334075,10334812,737,CDS
35061,10335781,10335924,143,CDS
35062,10336022,10336883,861,CDS
35063,10336945,10337072,127,CDS
35064,10337141,10337293,152,CDS
35065,10337368,10337596,228,CDS
35066,10338019,10338116,97,CDS
35067,10338232,10338408,176,CDS
35068,10334075,10334812,737,CDS
35069,10335781,10335924,143,CDS
35070,10336022,10336883,861,CDS
35071,10336945,10337072,127,CDS
35072,10337141,10337293,152,CDS
35073,10337368,10337596,228,CDS
35074,10338019,10338116,97,CDS
35075,10338232,10338408,176,CDS
35076,10334075,10334812,737,CDS
35077,10335781,10335924,143,CDS
35078,10336022,10336883,861,CDS
35079,10336945,10337072,127,CDS
35080,10337141,10337293,152,CDS
35081,10337368,10337596,228,CDS
35082,10338019,10338116,97,CDS
35083,10338232,10338408,176,CDS
35084,10339457,10341503,2046,gene
35085,10339457,10339618,161,mRNA
35086,10340152,10340238,86,mRNA
35087,10340311,10340479,168,mRNA
35088,10340533,10340811,278,mRNA
35089,10340867,10340959,92,mRNA
35090,10341008,10341163,155,mRNA
35091,10341226,10341503,277,mRNA
35092,10339515,10339618,103,CDS
35093,10340152,10340238,86,CDS
35094,10340311,10340479,168,CDS
35095,10340533,10340811,278,CDS
35096,10340867,10340959,92,CDS
35097,10341008,10341163,155,CDS
35098,10341226,10341381,155,CDS
35099,10341616,10342523,907,gene
35100,10341616,10341765,149,mRNA
35101,10341822,10341932,110,mRNA
35102,10342150,10342233,83,mRNA
35103,10342289,10342523,234,mRNA
35104,10341616,10341765,149,mRNA
35105,10341822,10341932,110,mRNA
35106,10342156,10342233,77,mRNA
35107,10342289,10342523,234,mRNA
35108,10341682,10341765,83,CDS
35109,10341822,10341932,110,CDS
35110,10342150,10342233,83,CDS
35111,10342289,10342375,86,CDS
35112,10341682,10341765,83,CDS
35113,10341822,10341932,110,CDS
35114,10342156,10342233,77,CDS
35115,10342289,10342375,86,CDS
35116,10342594,10344223,1629,gene
35117,10342594,10342915,321,mRNA
35118,10342976,10343354,378,mRNA
35119,10343411,10343604,193,mRNA
35120,10343659,10344223,564,mRNA
35121,10342702,10342915,213,mRNA
35122,10342976,10343354,378,mRNA
35123,10343411,10343604,193,mRNA
35124,10343659,10344223,564,mRNA
35125,10342759,10342915,156,CDS
35126,10342976,10343354,378,CDS
35127,10343411,10343604,193,CDS
35128,10343659,10344041,382,CDS
35129,10342759,10342915,156,CDS
35130,10342976,10343354,378,CDS
35131,10343411,10343604,193,CDS
35132,10343659,10344041,382,CDS
35133,10344442,10347706,3264,gene
35134,10344442,10344743,301,mRNA
35135,10345471,10345575,104,mRNA
35136,10345647,10345689,42,mRNA
35137,10345749,10345922,173,mRNA
35138,10345987,10346366,379,mRNA
35139,10346423,10346511,88,mRNA
35140,10346573,10346787,214,mRNA
35141,10346929,10347706,777,mRNA
35142,10344654,10344743,89,CDS
35143,10345471,10345575,104,CDS
35144,10345647,10345689,42,CDS
35145,10345749,10345922,173,CDS
35146,10345987,10346366,379,CDS
35147,10346423,10346511,88,CDS
35148,10346573,10346787,214,CDS
35149,10346929,10347551,622,CDS
35150,10347851,10353905,6054,gene
35151,10353232,10353905,673,mRNA
35152,10351715,10352025,310,mRNA
35153,10350720,10350777,57,mRNA
35154,10348660,10348973,313,mRNA
35155,10347851,10348196,345,mRNA
35156,10351715,10352091,376,mRNA
35157,10348660,10348973,313,mRNA
35158,10347851,10348196,345,mRNA
35159,10351715,10352091,376,mRNA
35160,10350720,10350777,57,mRNA
35161,10348660,10348973,313,mRNA
35162,10347851,10348196,345,mRNA
35163,10353232,10353631,399,CDS
35164,10351715,10352025,310,CDS
35165,10350720,10350777,57,CDS
35166,10348660,10348973,313,CDS
35167,10348017,10348196,179,CDS
35168,10351715,10352056,341,CDS
35169,10350720,10350777,57,CDS
35170,10348660,10348973,313,CDS
35171,10348017,10348196,179,CDS
35172,10351715,10352056,341,CDS
35173,10348660,10348973,313,CDS
35174,10348181,10348196,15,CDS
35175,10354743,10356597,1854,gene
35176,10356157,10356597,440,mRNA
35177,10355948,10356100,152,mRNA
35178,10355482,10355868,386,mRNA
35179,10355066,10355226,160,mRNA
35180,10354743,10355005,262,mRNA
35181,10356157,10356276,119,CDS
35182,10355948,10356100,152,CDS
35183,10355482,10355868,386,CDS
35184,10355066,10355226,160,CDS
35185,10354810,10355005,195,CDS
35186,10356795,10358078,1283,gene
35187,10356795,10356956,161,mRNA
35188,10357010,10357435,425,mRNA
35189,10357492,10358078,586,mRNA
35190,10356795,10356956,161,mRNA
35191,10357010,10357435,425,mRNA
35192,10357492,10357876,384,mRNA
35193,10356915,10356956,41,CDS
35194,10357010,10357435,425,CDS
35195,10357492,10357785,293,CDS
35196,10356915,10356956,41,CDS
35197,10357010,10357435,425,CDS
35198,10357492,10357785,293,CDS
35199,10358134,10362707,4573,gene
35200,10362463,10362707,244,mRNA
35201,10362014,10362397,383,mRNA
35202,10361666,10361955,289,mRNA
35203,10361422,10361584,162,mRNA
35204,10360003,10361361,1358,mRNA
35205,10358711,10359938,1227,mRNA
35206,10358502,10358648,146,mRNA
35207,10358134,10358437,303,mRNA
35208,10362463,10362707,244,mRNA
35209,10362014,10362397,383,mRNA
35210,10361666,10361955,289,mRNA
35211,10361422,10361584,162,mRNA
35212,10360003,10361361,1358,mRNA
35213,10358711,10359938,1227,mRNA
35214,10358502,10358648,146,mRNA
35215,10358184,10358437,253,mRNA
35216,10362463,10362507,44,CDS
35217,10362014,10362397,383,CDS
35218,10361666,10361955,289,CDS
35219,10361422,10361584,162,CDS
35220,10360003,10361361,1358,CDS
35221,10358711,10359938,1227,CDS
35222,10358502,10358648,146,CDS
35223,10358307,10358437,130,CDS
35224,10362463,10362507,44,CDS
35225,10362014,10362397,383,CDS
35226,10361666,10361955,289,CDS
35227,10361422,10361584,162,CDS
35228,10360003,10361361,1358,CDS
35229,10358711,10359938,1227,CDS
35230,10358502,10358648,146,CDS
35231,10358307,10358437,130,CDS
35232,10362989,10364092,1103,gene
35233,10362989,10363138,149,mRNA
35234,10363202,10363525,323,mRNA
35235,10363589,10364092,503,mRNA
35236,10362989,10363138,149,mRNA
35237,10363202,10363525,323,mRNA
35238,10363589,10364046,457,mRNA
35239,10363099,10363138,39,CDS
35240,10363202,10363525,323,CDS
35241,10363589,10363824,235,CDS
35242,10363099,10363138,39,CDS
35243,10363202,10363525,323,CDS
35244,10363589,10363824,235,CDS
35245,10364471,10366410,1939,gene
35246,10364471,10364597,126,mRNA
35247,10365032,10365190,158,mRNA
35248,10365265,10365428,163,mRNA
35249,10365490,10365680,190,mRNA
35250,10365771,10366410,639,mRNA
35251,10364471,10364582,111,mRNA
35252,10365032,10365190,158,mRNA
35253,10365265,10365428,163,mRNA
35254,10365490,10365680,190,mRNA
35255,10365771,10366410,639,mRNA
35256,10365118,10365190,72,CDS
35257,10365265,10365428,163,CDS
35258,10365490,10365680,190,CDS
35259,10365771,10366149,378,CDS
35260,10365118,10365190,72,CDS
35261,10365265,10365428,163,CDS
35262,10365490,10365680,190,CDS
35263,10365771,10366149,378,CDS
35264,10366692,10367946,1254,gene
35265,10366692,10367946,1254,mRNA
35266,10366876,10367739,863,CDS
35267,10368025,10373900,5875,gene
35268,10373682,10373900,218,mRNA
35269,10370028,10372923,2895,mRNA
35270,10369591,10369932,341,mRNA
35271,10369275,10369529,254,mRNA
35272,10368948,10369205,257,mRNA
35273,10368601,10368885,284,mRNA
35274,10368025,10368454,429,mRNA
35275,10370028,10372898,2870,CDS
35276,10369591,10369932,341,CDS
35277,10369275,10369529,254,CDS
35278,10368948,10369205,257,CDS
35279,10368601,10368885,284,CDS
35280,10368176,10368454,278,CDS
35281,10373369,10375757,2388,gene
35282,10375148,10375757,609,mRNA
35283,10373369,10375091,1722,mRNA
35284,10375148,10375757,609,mRNA
35285,10374186,10375091,905,mRNA
35286,10375148,10375733,585,CDS
35287,10374301,10375091,790,CDS
35288,10375148,10375733,585,CDS
35289,10374301,10375091,790,CDS
35290,10376168,10379905,3737,gene
35291,10376168,10376553,385,mRNA
35292,10377248,10377388,140,mRNA
35293,10377797,10377942,145,mRNA
35294,10378011,10378221,210,mRNA
35295,10378288,10378399,111,mRNA
35296,10378491,10378864,373,mRNA
35297,10378923,10379905,982,mRNA
35298,10376478,10376884,406,mRNA
35299,10377248,10377388,140,mRNA
35300,10377797,10377942,145,mRNA
35301,10378011,10378221,210,mRNA
35302,10378288,10378399,111,mRNA
35303,10378491,10378864,373,mRNA
35304,10378923,10379905,982,mRNA
35305,10376478,10376553,75,mRNA
35306,10376766,10376884,118,mRNA
35307,10377248,10377388,140,mRNA
35308,10377797,10377942,145,mRNA
35309,10378011,10378221,210,mRNA
35310,10378288,10378399,111,mRNA
35311,10378491,10378864,373,mRNA
35312,10378923,10379905,982,mRNA
35313,10377322,10377388,66,CDS
35314,10377797,10377942,145,CDS
35315,10378011,10378221,210,CDS
35316,10378288,10378399,111,CDS
35317,10378491,10378864,373,CDS
35318,10378923,10379170,247,CDS
35319,10377322,10377388,66,CDS
35320,10377797,10377942,145,CDS
35321,10378011,10378221,210,CDS
35322,10378288,10378399,111,CDS
35323,10378491,10378864,373,CDS
35324,10378923,10379170,247,CDS
35325,10377322,10377388,66,CDS
35326,10377797,10377942,145,CDS
35327,10378011,10378221,210,CDS
35328,10378288,10378399,111,CDS
35329,10378491,10378864,373,CDS
35330,10378923,10379170,247,CDS
35331,10380103,10382864,2761,gene
35332,10380103,10380813,710,mRNA
35333,10380913,10381110,197,mRNA
35334,10381163,10381322,159,mRNA
35335,10381377,10382864,1487,mRNA
35336,10380103,10380813,710,mRNA
35337,10380913,10381110,197,mRNA
35338,10381163,10381322,159,mRNA
35339,10381377,10381828,451,mRNA
35340,10380149,10380813,664,CDS
35341,10380913,10381110,197,CDS
35342,10381163,10381322,159,CDS
35343,10381377,10381781,404,CDS
35344,10380149,10380813,664,CDS
35345,10380913,10381110,197,CDS
35346,10381163,10381322,159,CDS
35347,10381377,10381781,404,CDS
35348,10382263,10384723,2460,gene
35349,10382263,10382447,184,mRNA
35350,10383007,10383546,539,mRNA
35351,10383614,10383801,187,mRNA
35352,10383867,10383961,94,mRNA
35353,10384025,10384137,112,mRNA
35354,10384196,10384723,527,mRNA
35355,10382340,10382447,107,CDS
35356,10383007,10383546,539,CDS
35357,10383614,10383801,187,CDS
35358,10383867,10383961,94,CDS
35359,10384025,10384137,112,CDS
35360,10384196,10384627,431,CDS
35361,10384739,10386262,1523,gene
35362,10386029,10386262,233,mRNA
35363,10385140,10385643,503,mRNA
35364,10384739,10385082,343,mRNA
35365,10386029,10386177,148,CDS
35366,10385140,10385643,503,CDS
35367,10384842,10385082,240,CDS
35368,10386662,10387652,990,gene
35369,10386662,10386787,125,mRNA
35370,10386862,10387652,790,mRNA
35371,10386662,10386787,125,mRNA
35372,10386862,10387524,662,mRNA
35373,10386744,10386787,43,CDS
35374,10386862,10387474,612,CDS
35375,10386744,10386787,43,CDS
35376,10386862,10387474,612,CDS
35377,10388105,10393228,5123,gene
35378,10388105,10388527,422,mRNA
35379,10390049,10393228,3179,mRNA
35380,10388105,10388527,422,mRNA
35381,10390049,10392787,2738,mRNA
35382,10388105,10388527,422,mRNA
35383,10390049,10392787,2738,mRNA
35384,10388105,10388527,422,mRNA
35385,10390049,10392728,2679,mRNA
35386,10390062,10392389,2327,CDS
35387,10390062,10392194,2132,CDS
35388,10390062,10392194,2132,CDS
35389,10390062,10392194,2132,CDS
35390,10392867,10393434,567,gene
35391,10392867,10393434,567,ncRNA
35392,10393774,10396332,2558,gene
35393,10396215,10396332,117,mRNA
35394,10393774,10394944,1170,mRNA
35395,10396215,10396275,60,mRNA
35396,10393847,10394944,1097,mRNA
35397,10396215,10396217,2,CDS
35398,10393934,10394944,1010,CDS
35399,10396215,10396217,2,CDS
35400,10393934,10394944,1010,CDS
35401,10396716,10403206,6490,gene
35402,10396716,10396982,266,mRNA
35403,10398035,10398219,184,mRNA
35404,10398279,10398392,113,mRNA
35405,10398444,10398593,149,mRNA
35406,10398654,10398749,95,mRNA
35407,10399317,10399535,218,mRNA
35408,10399595,10399712,117,mRNA
35409,10399768,10400679,911,mRNA
35410,10400735,10400869,134,mRNA
35411,10400963,10400998,35,mRNA
35412,10401077,10401271,194,mRNA
35413,10401334,10401594,260,mRNA
35414,10401662,10401741,79,mRNA
35415,10401804,10401867,63,mRNA
35416,10401926,10402333,407,mRNA
35417,10402407,10402562,155,mRNA
35418,10402631,10403206,575,mRNA
35419,10396716,10396982,266,mRNA
35420,10398035,10398219,184,mRNA
35421,10398279,10398392,113,mRNA
35422,10398444,10398593,149,mRNA
35423,10398654,10398740,86,mRNA
35424,10399317,10399535,218,mRNA
35425,10399595,10399712,117,mRNA
35426,10399768,10400679,911,mRNA
35427,10400735,10400869,134,mRNA
35428,10400963,10400998,35,mRNA
35429,10401077,10401271,194,mRNA
35430,10401334,10401594,260,mRNA
35431,10401662,10401741,79,mRNA
35432,10401804,10401867,63,mRNA
35433,10401926,10402333,407,mRNA
35434,10402407,10402562,155,mRNA
35435,10402631,10403206,575,mRNA
35436,10396716,10396982,266,mRNA
35437,10398035,10398219,184,mRNA
35438,10398279,10398392,113,mRNA
35439,10398444,10398593,149,mRNA
35440,10398654,10398749,95,mRNA
35441,10399317,10399535,218,mRNA
35442,10399595,10399676,81,mRNA
35443,10399768,10400679,911,mRNA
35444,10400735,10400869,134,mRNA
35445,10400963,10400998,35,mRNA
35446,10401077,10401271,194,mRNA
35447,10401334,10401594,260,mRNA
35448,10401662,10401741,79,mRNA
35449,10401804,10401867,63,mRNA
35450,10401926,10402333,407,mRNA
35451,10402407,10402562,155,mRNA
35452,10402631,10402882,251,mRNA
35453,10396716,10396982,266,mRNA
35454,10398035,10398219,184,mRNA
35455,10398279,10398392,113,mRNA
35456,10398444,10398593,149,mRNA
35457,10398654,10398740,86,mRNA
35458,10399317,10399535,218,mRNA
35459,10399595,10399688,93,mRNA
35460,10399768,10400679,911,mRNA
35461,10400735,10400869,134,mRNA
35462,10400963,10400998,35,mRNA
35463,10401077,10401271,194,mRNA
35464,10401334,10401594,260,mRNA
35465,10401662,10401741,79,mRNA
35466,10401804,10401867,63,mRNA
35467,10401926,10402333,407,mRNA
35468,10402407,10402562,155,mRNA
35469,10402631,10402882,251,mRNA
35470,10396716,10396982,266,mRNA
35471,10398035,10398219,184,mRNA
35472,10398279,10398392,113,mRNA
35473,10398444,10398593,149,mRNA
35474,10398654,10398740,86,mRNA
35475,10399317,10399535,218,mRNA
35476,10399595,10399676,81,mRNA
35477,10399768,10400679,911,mRNA
35478,10400735,10400869,134,mRNA
35479,10400963,10400998,35,mRNA
35480,10401077,10401271,194,mRNA
35481,10401334,10401594,260,mRNA
35482,10401662,10401741,79,mRNA
35483,10401804,10401867,63,mRNA
35484,10401926,10402333,407,mRNA
35485,10402407,10402562,155,mRNA
35486,10402631,10402882,251,mRNA
35487,10396716,10396921,205,mRNA
35488,10398035,10398219,184,mRNA
35489,10398279,10398392,113,mRNA
35490,10398444,10398593,149,mRNA
35491,10398654,10398740,86,mRNA
35492,10399317,10399535,218,mRNA
35493,10399595,10399688,93,mRNA
35494,10399768,10400679,911,mRNA
35495,10400735,10400869,134,mRNA
35496,10400963,10400998,35,mRNA
35497,10401077,10401271,194,mRNA
35498,10401334,10401594,260,mRNA
35499,10401662,10401741,79,mRNA
35500,10401804,10401867,63,mRNA
35501,10401926,10402333,407,mRNA
35502,10402407,10402562,155,mRNA
35503,10402631,10402882,251,mRNA
35504,10396716,10396849,133,mRNA
35505,10396913,10396982,69,mRNA
35506,10398035,10398219,184,mRNA
35507,10398279,10398392,113,mRNA
35508,10398444,10398593,149,mRNA
35509,10398654,10398740,86,mRNA
35510,10399317,10399535,218,mRNA
35511,10399595,10399688,93,mRNA
35512,10399768,10400679,911,mRNA
35513,10400735,10400869,134,mRNA
35514,10400963,10400998,35,mRNA
35515,10401077,10401271,194,mRNA
35516,10401334,10401594,260,mRNA
35517,10401662,10401741,79,mRNA
35518,10401804,10401867,63,mRNA
35519,10401926,10402333,407,mRNA
35520,10402407,10402562,155,mRNA
35521,10402631,10402882,251,mRNA
35522,10396716,10396849,133,mRNA
35523,10398035,10398219,184,mRNA
35524,10398279,10398392,113,mRNA
35525,10398444,10398593,149,mRNA
35526,10398654,10398740,86,mRNA
35527,10399317,10399535,218,mRNA
35528,10399595,10399688,93,mRNA
35529,10399768,10400679,911,mRNA
35530,10400735,10400869,134,mRNA
35531,10400963,10400998,35,mRNA
35532,10401077,10401271,194,mRNA
35533,10401334,10401594,260,mRNA
35534,10401662,10401741,79,mRNA
35535,10401804,10401867,63,mRNA
35536,10401926,10402333,407,mRNA
35537,10402407,10402562,155,mRNA
35538,10402631,10402882,251,mRNA
35539,10397179,10397647,468,mRNA
35540,10398035,10398219,184,mRNA
35541,10398279,10398392,113,mRNA
35542,10398444,10398593,149,mRNA
35543,10398654,10398749,95,mRNA
35544,10399317,10399535,218,mRNA
35545,10399595,10399688,93,mRNA
35546,10399768,10400679,911,mRNA
35547,10400735,10400869,134,mRNA
35548,10400963,10400998,35,mRNA
35549,10401077,10401271,194,mRNA
35550,10401334,10401594,260,mRNA
35551,10401662,10401741,79,mRNA
35552,10401804,10401867,63,mRNA
35553,10401926,10402333,407,mRNA
35554,10402407,10402562,155,mRNA
35555,10402631,10402882,251,mRNA
35556,10397179,10397474,295,mRNA
35557,10398035,10398219,184,mRNA
35558,10398279,10398392,113,mRNA
35559,10398444,10398593,149,mRNA
35560,10398654,10398740,86,mRNA
35561,10399317,10399535,218,mRNA
35562,10399595,10399688,93,mRNA
35563,10399768,10400679,911,mRNA
35564,10400735,10400869,134,mRNA
35565,10400963,10400998,35,mRNA
35566,10401077,10401271,194,mRNA
35567,10401334,10401594,260,mRNA
35568,10401662,10401741,79,mRNA
35569,10401804,10401867,63,mRNA
35570,10401926,10402333,407,mRNA
35571,10402407,10402562,155,mRNA
35572,10402631,10402882,251,mRNA
35573,10398001,10398219,218,mRNA
35574,10398279,10398392,113,mRNA
35575,10398444,10398593,149,mRNA
35576,10398654,10398740,86,mRNA
35577,10399317,10399535,218,mRNA
35578,10399595,10399676,81,mRNA
35579,10399768,10400679,911,mRNA
35580,10400735,10400869,134,mRNA
35581,10400963,10400998,35,mRNA
35582,10401077,10401271,194,mRNA
35583,10401334,10401594,260,mRNA
35584,10401662,10401741,79,mRNA
35585,10401804,10401867,63,mRNA
35586,10401926,10402333,407,mRNA
35587,10402407,10402562,155,mRNA
35588,10402631,10402882,251,mRNA
35589,10398115,10398219,104,CDS
35590,10398279,10398392,113,CDS
35591,10398444,10398593,149,CDS
35592,10398654,10398749,95,CDS
35593,10399317,10399535,218,CDS
35594,10399595,10399712,117,CDS
35595,10399768,10400679,911,CDS
35596,10400735,10400869,134,CDS
35597,10400963,10400998,35,CDS
35598,10401077,10401271,194,CDS
35599,10401334,10401594,260,CDS
35600,10401662,10401741,79,CDS
35601,10401804,10401867,63,CDS
35602,10401926,10402333,407,CDS
35603,10402407,10402562,155,CDS
35604,10402631,10402770,139,CDS
35605,10398115,10398219,104,CDS
35606,10398279,10398392,113,CDS
35607,10398444,10398593,149,CDS
35608,10398654,10398749,95,CDS
35609,10399317,10399535,218,CDS
35610,10399595,10399688,93,CDS
35611,10399768,10400679,911,CDS
35612,10400735,10400869,134,CDS
35613,10400963,10400998,35,CDS
35614,10401077,10401271,194,CDS
35615,10401334,10401594,260,CDS
35616,10401662,10401741,79,CDS
35617,10401804,10401867,63,CDS
35618,10401926,10402333,407,CDS
35619,10402407,10402562,155,CDS
35620,10402631,10402770,139,CDS
35621,10398115,10398219,104,CDS
35622,10398279,10398392,113,CDS
35623,10398444,10398593,149,CDS
35624,10398654,10398749,95,CDS
35625,10399317,10399535,218,CDS
35626,10399595,10399676,81,CDS
35627,10399768,10400679,911,CDS
35628,10400735,10400869,134,CDS
35629,10400963,10400998,35,CDS
35630,10401077,10401271,194,CDS
35631,10401334,10401594,260,CDS
35632,10401662,10401741,79,CDS
35633,10401804,10401867,63,CDS
35634,10401926,10402333,407,CDS
35635,10402407,10402562,155,CDS
35636,10402631,10402770,139,CDS
35637,10398115,10398219,104,CDS
35638,10398279,10398392,113,CDS
35639,10398444,10398593,149,CDS
35640,10398654,10398740,86,CDS
35641,10399317,10399535,218,CDS
35642,10399595,10399712,117,CDS
35643,10399768,10400679,911,CDS
35644,10400735,10400869,134,CDS
35645,10400963,10400998,35,CDS
35646,10401077,10401271,194,CDS
35647,10401334,10401594,260,CDS
35648,10401662,10401741,79,CDS
35649,10401804,10401867,63,CDS
35650,10401926,10402333,407,CDS
35651,10402407,10402562,155,CDS
35652,10402631,10402770,139,CDS
35653,10398115,10398219,104,CDS
35654,10398279,10398392,113,CDS
35655,10398444,10398593,149,CDS
35656,10398654,10398740,86,CDS
35657,10399317,10399535,218,CDS
35658,10399595,10399688,93,CDS
35659,10399768,10400679,911,CDS
35660,10400735,10400869,134,CDS
35661,10400963,10400998,35,CDS
35662,10401077,10401271,194,CDS
35663,10401334,10401594,260,CDS
35664,10401662,10401741,79,CDS
35665,10401804,10401867,63,CDS
35666,10401926,10402333,407,CDS
35667,10402407,10402562,155,CDS
35668,10402631,10402770,139,CDS
35669,10398115,10398219,104,CDS
35670,10398279,10398392,113,CDS
35671,10398444,10398593,149,CDS
35672,10398654,10398740,86,CDS
35673,10399317,10399535,218,CDS
35674,10399595,10399688,93,CDS
35675,10399768,10400679,911,CDS
35676,10400735,10400869,134,CDS
35677,10400963,10400998,35,CDS
35678,10401077,10401271,194,CDS
35679,10401334,10401594,260,CDS
35680,10401662,10401741,79,CDS
35681,10401804,10401867,63,CDS
35682,10401926,10402333,407,CDS
35683,10402407,10402562,155,CDS
35684,10402631,10402770,139,CDS
35685,10398115,10398219,104,CDS
35686,10398279,10398392,113,CDS
35687,10398444,10398593,149,CDS
35688,10398654,10398740,86,CDS
35689,10399317,10399535,218,CDS
35690,10399595,10399688,93,CDS
35691,10399768,10400679,911,CDS
35692,10400735,10400869,134,CDS
35693,10400963,10400998,35,CDS
35694,10401077,10401271,194,CDS
35695,10401334,10401594,260,CDS
35696,10401662,10401741,79,CDS
35697,10401804,10401867,63,CDS
35698,10401926,10402333,407,CDS
35699,10402407,10402562,155,CDS
35700,10402631,10402770,139,CDS
35701,10398115,10398219,104,CDS
35702,10398279,10398392,113,CDS
35703,10398444,10398593,149,CDS
35704,10398654,10398740,86,CDS
35705,10399317,10399535,218,CDS
35706,10399595,10399688,93,CDS
35707,10399768,10400679,911,CDS
35708,10400735,10400869,134,CDS
35709,10400963,10400998,35,CDS
35710,10401077,10401271,194,CDS
35711,10401334,10401594,260,CDS
35712,10401662,10401741,79,CDS
35713,10401804,10401867,63,CDS
35714,10401926,10402333,407,CDS
35715,10402407,10402562,155,CDS
35716,10402631,10402770,139,CDS
35717,10398115,10398219,104,CDS
35718,10398279,10398392,113,CDS
35719,10398444,10398593,149,CDS
35720,10398654,10398740,86,CDS
35721,10399317,10399535,218,CDS
35722,10399595,10399688,93,CDS
35723,10399768,10400679,911,CDS
35724,10400735,10400869,134,CDS
35725,10400963,10400998,35,CDS
35726,10401077,10401271,194,CDS
35727,10401334,10401594,260,CDS
35728,10401662,10401741,79,CDS
35729,10401804,10401867,63,CDS
35730,10401926,10402333,407,CDS
35731,10402407,10402562,155,CDS
35732,10402631,10402770,139,CDS
35733,10398115,10398219,104,CDS
35734,10398279,10398392,113,CDS
35735,10398444,10398593,149,CDS
35736,10398654,10398740,86,CDS
35737,10399317,10399535,218,CDS
35738,10399595,10399676,81,CDS
35739,10399768,10400679,911,CDS
35740,10400735,10400869,134,CDS
35741,10400963,10400998,35,CDS
35742,10401077,10401271,194,CDS
35743,10401334,10401594,260,CDS
35744,10401662,10401741,79,CDS
35745,10401804,10401867,63,CDS
35746,10401926,10402333,407,CDS
35747,10402407,10402562,155,CDS
35748,10402631,10402770,139,CDS
35749,10398115,10398219,104,CDS
35750,10398279,10398392,113,CDS
35751,10398444,10398593,149,CDS
35752,10398654,10398740,86,CDS
35753,10399317,10399535,218,CDS
35754,10399595,10399676,81,CDS
35755,10399768,10400679,911,CDS
35756,10400735,10400869,134,CDS
35757,10400963,10400998,35,CDS
35758,10401077,10401271,194,CDS
35759,10401334,10401594,260,CDS
35760,10401662,10401741,79,CDS
35761,10401804,10401867,63,CDS
35762,10401926,10402333,407,CDS
35763,10402407,10402562,155,CDS
35764,10402631,10402770,139,CDS
35765,10403197,10405203,2006,gene
35766,10403197,10405203,2006,gene
35767,10404829,10405203,374,mRNA
35768,10404611,10404754,143,mRNA
35769,10403993,10404550,557,mRNA
35770,10403891,10403932,41,mRNA
35771,10403730,10403828,98,mRNA
35772,10403197,10403556,359,mRNA
35773,10404829,10405203,374,mRNA
35774,10404611,10404754,143,mRNA
35775,10403993,10404550,557,mRNA
35776,10403891,10403932,41,mRNA
35777,10403730,10403828,98,mRNA
35778,10403197,10403556,359,mRNA
35779,10403993,10404021,28,mRNA
35780,10403891,10403932,41,mRNA
35781,10403730,10403828,98,mRNA
35782,10403197,10403556,359,mRNA
35783,10403993,10403995,2,CDS
35784,10403891,10403932,41,CDS
35785,10403730,10403828,98,CDS
35786,10403236,10403556,320,CDS
35787,10403993,10403995,2,CDS
35788,10403891,10403932,41,CDS
35789,10403730,10403828,98,CDS
35790,10403236,10403556,320,CDS
35791,10404829,10405203,374,mRNA
35792,10404611,10404754,143,mRNA
35793,10404139,10404550,411,mRNA
35794,10404150,10404258,108,mobile_element
35795,10404829,10405136,307,CDS
35796,10404611,10404754,143,CDS
35797,10404385,10404550,165,CDS
35798,10404829,10405136,307,CDS
35799,10404611,10404754,143,CDS
35800,10404385,10404550,165,CDS
35801,10405565,10408197,2632,gene
35802,10405565,10405899,334,mRNA
35803,10405953,10406437,484,mRNA
35804,10406499,10407302,803,mRNA
35805,10407364,10407650,286,mRNA
35806,10407846,10408197,351,mRNA
35807,10405565,10405899,334,mRNA
35808,10405953,10406437,484,mRNA
35809,10406499,10407302,803,mRNA
35810,10407364,10407650,286,mRNA
35811,10407846,10407985,139,mRNA
35812,10408046,10408197,151,mRNA
35813,10405752,10405899,147,CDS
35814,10405953,10406437,484,CDS
35815,10406499,10407302,803,CDS
35816,10407364,10407650,286,CDS
35817,10407846,10407985,139,CDS
35818,10408046,10408128,82,CDS
35819,10405752,10405899,147,CDS
35820,10405953,10406437,484,CDS
35821,10406499,10407302,803,CDS
35822,10407364,10407650,286,CDS
35823,10407846,10408011,165,CDS
35824,10408352,10410456,2104,gene
35825,10408352,10408386,34,mRNA
35826,10409711,10410051,340,mRNA
35827,10410241,10410456,215,mRNA
35828,10408352,10409610,1258,gene
35829,10408352,10408386,34,mRNA
35830,10408739,10409610,871,mRNA
35831,10408352,10408621,269,mRNA
35832,10408739,10409604,865,mRNA
35833,10408767,10409546,779,CDS
35834,10408767,10409546,779,CDS
35835,10409731,10410051,320,CDS
35836,10410241,10410390,149,CDS
35837,10410537,10413463,2926,gene
35838,10413325,10413463,138,mRNA
35839,10412624,10413219,595,mRNA
35840,10412425,10412567,142,mRNA
35841,10412205,10412364,159,mRNA
35842,10412023,10412142,119,mRNA
35843,10411881,10411961,80,mRNA
35844,10411431,10411822,391,mRNA
35845,10411091,10411363,272,mRNA
35846,10410537,10411036,499,mRNA
35847,10413325,10413430,105,CDS
35848,10412624,10413219,595,CDS
35849,10412425,10412567,142,CDS
35850,10412205,10412364,159,CDS
35851,10412023,10412142,119,CDS
35852,10411881,10411961,80,CDS
35853,10411431,10411822,391,CDS
35854,10411091,10411363,272,CDS
35855,10410637,10411036,399,CDS
35856,10414017,10418991,4974,gene
35857,10414017,10414141,124,mRNA
35858,10414594,10414657,63,mRNA
35859,10414781,10414919,138,mRNA
35860,10414984,10415408,424,mRNA
35861,10415470,10416040,570,mRNA
35862,10416104,10416446,342,mRNA
35863,10416505,10416636,131,mRNA
35864,10416691,10416882,191,mRNA
35865,10416946,10417148,202,mRNA
35866,10417211,10418193,982,mRNA
35867,10418257,10418338,81,mRNA
35868,10418405,10418991,586,mRNA
35869,10414017,10414141,124,mRNA
35870,10414594,10414657,63,mRNA
35871,10414781,10414919,138,mRNA
35872,10414984,10415408,424,mRNA
35873,10415470,10416040,570,mRNA
35874,10416104,10416446,342,mRNA
35875,10416505,10416636,131,mRNA
35876,10416694,10416882,188,mRNA
35877,10416946,10417148,202,mRNA
35878,10417211,10418193,982,mRNA
35879,10418257,10418338,81,mRNA
35880,10418405,10418991,586,mRNA
35881,10414017,10414121,104,mRNA
35882,10414594,10414657,63,mRNA
35883,10414781,10414919,138,mRNA
35884,10414984,10415408,424,mRNA
35885,10415470,10416040,570,mRNA
35886,10416104,10416446,342,mRNA
35887,10416505,10416636,131,mRNA
35888,10416691,10416882,191,mRNA
35889,10416946,10417148,202,mRNA
35890,10417211,10418193,982,mRNA
35891,10418257,10418338,81,mRNA
35892,10418405,10418991,586,mRNA
35893,10414590,10414657,67,mRNA
35894,10414781,10414919,138,mRNA
35895,10414984,10415408,424,mRNA
35896,10415470,10416040,570,mRNA
35897,10416104,10416446,342,mRNA
35898,10416505,10416636,131,mRNA
35899,10416691,10416882,191,mRNA
35900,10416946,10417148,202,mRNA
35901,10417211,10418193,982,mRNA
35902,10418257,10418338,81,mRNA
35903,10418405,10418991,586,mRNA
35904,10414602,10414657,55,CDS
35905,10414781,10414919,138,CDS
35906,10414984,10415408,424,CDS
35907,10415470,10416040,570,CDS
35908,10416104,10416446,342,CDS
35909,10416505,10416636,131,CDS
35910,10416691,10416882,191,CDS
35911,10416946,10417148,202,CDS
35912,10417211,10418193,982,CDS
35913,10418257,10418338,81,CDS
35914,10418405,10418425,20,CDS
35915,10414602,10414657,55,CDS
35916,10414781,10414919,138,CDS
35917,10414984,10415408,424,CDS
35918,10415470,10416040,570,CDS
35919,10416104,10416446,342,CDS
35920,10416505,10416636,131,CDS
35921,10416691,10416882,191,CDS
35922,10416946,10417148,202,CDS
35923,10417211,10418193,982,CDS
35924,10418257,10418338,81,CDS
35925,10418405,10418425,20,CDS
35926,10414602,10414657,55,CDS
35927,10414781,10414919,138,CDS
35928,10414984,10415408,424,CDS
35929,10415470,10416040,570,CDS
35930,10416104,10416446,342,CDS
35931,10416505,10416636,131,CDS
35932,10416691,10416882,191,CDS
35933,10416946,10417148,202,CDS
35934,10417211,10418193,982,CDS
35935,10418257,10418338,81,CDS
35936,10418405,10418425,20,CDS
35937,10414602,10414657,55,CDS
35938,10414781,10414919,138,CDS
35939,10414984,10415408,424,CDS
35940,10415470,10416040,570,CDS
35941,10416104,10416446,342,CDS
35942,10416505,10416636,131,CDS
35943,10416694,10416882,188,CDS
35944,10416946,10417148,202,CDS
35945,10417211,10418193,982,CDS
35946,10418257,10418338,81,CDS
35947,10418405,10418425,20,CDS
35948,10419190,10420612,1422,gene
35949,10419190,10419302,112,mRNA
35950,10419359,10419423,64,mRNA
35951,10419480,10419930,450,mRNA
35952,10419991,10420205,214,mRNA
35953,10420268,10420345,77,mRNA
35954,10420401,10420612,211,mRNA
35955,10419265,10419302,37,CDS
35956,10419359,10419423,64,CDS
35957,10419480,10419930,450,CDS
35958,10419991,10420205,214,CDS
35959,10420268,10420345,77,CDS
35960,10420401,10420552,151,CDS
35961,10420625,10422780,2155,gene
35962,10422530,10422780,250,mRNA
35963,10420625,10422462,1837,mRNA
35964,10422530,10422780,250,mRNA
35965,10420711,10422462,1751,mRNA
35966,10422530,10422643,113,CDS
35967,10420828,10422462,1634,CDS
35968,10422530,10422643,113,CDS
35969,10420828,10422462,1634,CDS
35970,10423291,10425482,2191,gene
35971,10423291,10423346,55,mRNA
35972,10423429,10423680,251,mRNA
35973,10423751,10424098,347,mRNA
35974,10424371,10424483,112,mRNA
35975,10424544,10424670,126,mRNA
35976,10424734,10424930,196,mRNA
35977,10424992,10425482,490,mRNA
35978,10423334,10423680,346,mRNA
35979,10423751,10424098,347,mRNA
35980,10424371,10424483,112,mRNA
35981,10424544,10424670,126,mRNA
35982,10424734,10424930,196,mRNA
35983,10424992,10425482,490,mRNA
35984,10423520,10423680,160,CDS
35985,10423751,10424098,347,CDS
35986,10424371,10424483,112,CDS
35987,10424544,10424670,126,CDS
35988,10424734,10424930,196,CDS
35989,10424992,10425272,280,CDS
35990,10423520,10423680,160,CDS
35991,10423751,10424098,347,CDS
35992,10424371,10424483,112,CDS
35993,10424544,10424670,126,CDS
35994,10424734,10424930,196,CDS
35995,10424992,10425272,280,CDS
35996,10425483,10426627,1144,gene
35997,10426494,10426627,133,mRNA
35998,10425483,10426124,641,mRNA
35999,10426494,10426496,2,CDS
36000,10425528,10426124,596,CDS
36001,10426887,10428632,1745,gene
36002,10426887,10427008,121,mRNA
36003,10427076,10428632,1556,mRNA
36004,10426887,10428159,1272,mRNA
36005,10426887,10427003,116,mRNA
36006,10427076,10428159,1083,mRNA
36007,10427171,10427809,638,CDS
36008,10427171,10427809,638,CDS
36009,10427171,10427809,638,CDS
36010,10428829,10429988,1159,gene
36011,10428829,10428930,101,mRNA
36012,10428986,10429659,673,mRNA
36013,10429715,10429988,273,mRNA
36014,10428848,10428930,82,CDS
36015,10428986,10429659,673,CDS
36016,10429715,10429911,196,CDS
36017,10429920,10430918,998,gene
36018,10430439,10430918,479,mRNA
36019,10429920,10430382,462,mRNA
36020,10430439,10430714,275,CDS
36021,10430059,10430382,323,CDS
36022,10431338,10433116,1778,gene
36023,10431338,10431419,81,mRNA
36024,10431477,10431888,411,mRNA
36025,10431944,10432178,234,mRNA
36026,10432242,10433116,874,mRNA
36027,10431338,10431419,81,mRNA
36028,10431477,10431888,411,mRNA
36029,10431944,10432178,234,mRNA
36030,10432242,10432922,680,mRNA
36031,10431403,10431419,16,CDS
36032,10431477,10431888,411,CDS
36033,10431944,10432178,234,CDS
36034,10432242,10432525,283,CDS
36035,10431403,10431419,16,CDS
36036,10431477,10431888,411,CDS
36037,10431944,10432178,234,CDS
36038,10432242,10432525,283,CDS
36039,10432687,10435656,2969,gene
36040,10433853,10435656,1803,mRNA
36041,10432687,10433778,1091,mRNA
36042,10433853,10435337,1484,CDS
36043,10433155,10433778,623,CDS
36044,10435995,10437316,1321,gene
36045,10435995,10436189,194,mRNA
36046,10436249,10436441,192,mRNA
36047,10436507,10437316,809,mRNA
36048,10436086,10436189,103,CDS
36049,10436249,10436441,192,CDS
36050,10436507,10437169,662,CDS
36051,10437412,10437480,68,mobile_element
36052,10437548,10439240,1692,gene
36053,10437548,10437961,413,mRNA
36054,10438041,10438239,198,mRNA
36055,10438301,10438442,141,mRNA
36056,10438591,10438696,105,mRNA
36057,10438756,10438812,56,mRNA
36058,10438882,10439240,358,mRNA
36059,10437839,10437961,122,CDS
36060,10438041,10438239,198,CDS
36061,10438301,10438442,141,CDS
36062,10438591,10438696,105,CDS
36063,10438756,10438812,56,CDS
36064,10438882,10439124,242,CDS
36065,10439440,10441047,1607,gene
36066,10439440,10439619,179,mRNA
36067,10439671,10439888,217,mRNA
36068,10439945,10440112,167,mRNA
36069,10440176,10440505,329,mRNA
36070,10440561,10441047,486,mRNA
36071,10439440,10439619,179,mRNA
36072,10439671,10439888,217,mRNA
36073,10439945,10440112,167,mRNA
36074,10440176,10440505,329,mRNA
36075,10440561,10440693,132,mRNA
36076,10439529,10439619,90,CDS
36077,10439671,10439888,217,CDS
36078,10439945,10440112,167,CDS
36079,10440176,10440505,329,CDS
36080,10440561,10440626,65,CDS
36081,10439529,10439619,90,CDS
36082,10439671,10439888,217,CDS
36083,10439945,10440112,167,CDS
36084,10440176,10440505,329,CDS
36085,10440561,10440626,65,CDS
36086,10441820,10442204,384,gene
36087,10441820,10442204,384,ncRNA
36088,10442534,10450080,7546,gene
36089,10442534,10442802,268,mRNA
36090,10444752,10444785,33,mRNA
36091,10445161,10445236,75,mRNA
36092,10445509,10446032,523,mRNA
36093,10446185,10446366,181,mRNA
36094,10446523,10446680,157,mRNA
36095,10447781,10447982,201,mRNA
36096,10448049,10448230,181,mRNA
36097,10448292,10449299,1007,mRNA
36098,10449365,10449515,150,mRNA
36099,10449582,10450080,498,mRNA
36100,10442725,10442802,77,mRNA
36101,10444752,10444785,33,mRNA
36102,10445161,10445236,75,mRNA
36103,10445509,10446032,523,mRNA
36104,10446185,10446366,181,mRNA
36105,10446523,10446680,157,mRNA
36106,10447781,10447982,201,mRNA
36107,10448049,10448230,181,mRNA
36108,10448292,10449299,1007,mRNA
36109,10449365,10449515,150,mRNA
36110,10449579,10450080,501,mRNA
36111,10444760,10444785,25,CDS
36112,10445161,10445236,75,CDS
36113,10445509,10446032,523,CDS
36114,10446185,10446366,181,CDS
36115,10446523,10446680,157,CDS
36116,10447781,10447982,201,CDS
36117,10448049,10448230,181,CDS
36118,10448292,10449299,1007,CDS
36119,10449365,10449515,150,CDS
36120,10449579,10449712,133,CDS
36121,10444760,10444785,25,CDS
36122,10445161,10445236,75,CDS
36123,10445509,10446032,523,CDS
36124,10446185,10446366,181,CDS
36125,10446523,10446680,157,CDS
36126,10447781,10447982,201,CDS
36127,10448049,10448230,181,CDS
36128,10448292,10449299,1007,CDS
36129,10449365,10449515,150,CDS
36130,10449582,10449712,130,CDS
36131,10447636,10447721,85,mRNA
36132,10447781,10447982,201,mRNA
36133,10448049,10448230,181,mRNA
36134,10448292,10449299,1007,mRNA
36135,10449365,10449515,150,mRNA
36136,10449579,10450080,501,mRNA
36137,10447692,10447721,29,CDS
36138,10447781,10447982,201,CDS
36139,10448049,10448230,181,CDS
36140,10448292,10449299,1007,CDS
36141,10449365,10449515,150,CDS
36142,10449579,10449712,133,CDS
36143,10450134,10452396,2262,gene
36144,10452071,10452396,325,mRNA
36145,10451907,10452012,105,mRNA
36146,10451761,10451852,91,mRNA
36147,10451452,10451704,252,mRNA
36148,10451195,10451395,200,mRNA
36149,10451012,10451130,118,mRNA
36150,10450795,10450949,154,mRNA
36151,10450677,10450739,62,mRNA
36152,10450491,10450597,106,mRNA
36153,10450306,10450420,114,mRNA
36154,10450134,10450249,115,mRNA
36155,10452071,10452201,130,CDS
36156,10451907,10452012,105,CDS
36157,10451761,10451852,91,CDS
36158,10451452,10451704,252,CDS
36159,10451195,10451395,200,CDS
36160,10451012,10451130,118,CDS
36161,10450795,10450949,154,CDS
36162,10450677,10450739,62,CDS
36163,10450491,10450597,106,CDS
36164,10450306,10450420,114,CDS
36165,10450134,10450249,115,CDS
36166,10452677,10457241,4564,gene
36167,10457192,10457241,49,mRNA
36168,10455911,10456198,287,mRNA
36169,10455476,10455846,370,mRNA
36170,10454954,10455424,470,mRNA
36171,10454251,10454861,610,mRNA
36172,10453976,10454193,217,mRNA
36173,10452677,10453915,1238,mRNA
36174,10455911,10456136,225,mRNA
36175,10455476,10455846,370,mRNA
36176,10454954,10455424,470,mRNA
36177,10454251,10454861,610,mRNA
36178,10453976,10454193,217,mRNA
36179,10452677,10453915,1238,mRNA
36180,10455476,10455822,346,CDS
36181,10454954,10455424,470,CDS
36182,10454251,10454861,610,CDS
36183,10453976,10454193,217,CDS
36184,10452710,10453915,1205,CDS
36185,10455476,10455822,346,CDS
36186,10454954,10455424,470,CDS
36187,10454251,10454861,610,CDS
36188,10453976,10454193,217,CDS
36189,10452710,10453915,1205,CDS
36190,10457658,10462472,4814,gene
36191,10457658,10457962,304,mRNA
36192,10458448,10458818,370,mRNA
36193,10458880,10459085,205,mRNA
36194,10459144,10459280,136,mRNA
36195,10459384,10459517,133,mRNA
36196,10459880,10460520,640,mRNA
36197,10460581,10460801,220,mRNA
36198,10460869,10461280,411,mRNA
36199,10461343,10461785,442,mRNA
36200,10461844,10462472,628,mRNA
36201,10457658,10457962,304,mRNA
36202,10458448,10458818,370,mRNA
36203,10458880,10459085,205,mRNA
36204,10459144,10459280,136,mRNA
36205,10459662,10459795,133,mRNA
36206,10459880,10460520,640,mRNA
36207,10460581,10460801,220,mRNA
36208,10460869,10461280,411,mRNA
36209,10461343,10461785,442,mRNA
36210,10461844,10462472,628,mRNA
36211,10457852,10457962,110,CDS
36212,10458448,10458818,370,CDS
36213,10458880,10459085,205,CDS
36214,10459144,10459280,136,CDS
36215,10459384,10459517,133,CDS
36216,10459880,10460520,640,CDS
36217,10460581,10460801,220,CDS
36218,10460869,10461280,411,CDS
36219,10461343,10461785,442,CDS
36220,10461844,10462410,566,CDS
36221,10457852,10457962,110,CDS
36222,10458448,10458818,370,CDS
36223,10458880,10459085,205,CDS
36224,10459144,10459280,136,CDS
36225,10459662,10459795,133,CDS
36226,10459880,10460520,640,CDS
36227,10460581,10460801,220,CDS
36228,10460869,10461280,411,CDS
36229,10461343,10461785,442,CDS
36230,10461844,10462410,566,CDS
36231,10463340,10474349,11009,gene
36232,10474282,10474349,67,mRNA
36233,10471476,10472215,739,mRNA
36234,10466358,10466450,92,mRNA
36235,10466215,10466302,87,mRNA
36236,10465936,10466158,222,mRNA
36237,10464874,10465094,220,mRNA
36238,10464622,10464812,190,mRNA
36239,10464317,10464544,227,mRNA
36240,10463938,10464254,316,mRNA
36241,10463340,10463885,545,mRNA
36242,10474282,10474349,67,mRNA
36243,10471476,10472326,850,mRNA
36244,10466358,10466450,92,mRNA
36245,10466215,10466302,87,mRNA
36246,10465936,10466158,222,mRNA
36247,10465289,10465376,87,mRNA
36248,10464874,10465094,220,mRNA
36249,10464622,10464812,190,mRNA
36250,10464317,10464544,227,mRNA
36251,10463938,10464254,316,mRNA
36252,10463340,10463885,545,mRNA
36253,10474282,10474349,67,mRNA
36254,10471476,10472485,1009,mRNA
36255,10466358,10466450,92,mRNA
36256,10466215,10466302,87,mRNA
36257,10465936,10466158,222,mRNA
36258,10465289,10465376,87,mRNA
36259,10464874,10465094,220,mRNA
36260,10464622,10464812,190,mRNA
36261,10464317,10464544,227,mRNA
36262,10463938,10464254,316,mRNA
36263,10463340,10463885,545,mRNA
36264,10474148,10474349,201,mRNA
36265,10471476,10472485,1009,mRNA
36266,10466358,10466450,92,mRNA
36267,10466215,10466302,87,mRNA
36268,10465936,10466158,222,mRNA
36269,10465289,10465376,87,mRNA
36270,10464874,10465094,220,mRNA
36271,10464622,10464812,190,mRNA
36272,10464317,10464544,227,mRNA
36273,10463938,10464254,316,mRNA
36274,10463340,10463885,545,mRNA
36275,10471476,10472171,695,CDS
36276,10466358,10466450,92,CDS
36277,10466215,10466302,87,CDS
36278,10465936,10466158,222,CDS
36279,10465289,10465376,87,CDS
36280,10464874,10465094,220,CDS
36281,10464622,10464812,190,CDS
36282,10464317,10464544,227,CDS
36283,10463938,10464254,316,CDS
36284,10463811,10463885,74,CDS
36285,10471476,10472171,695,CDS
36286,10466358,10466450,92,CDS
36287,10466215,10466302,87,CDS
36288,10465936,10466158,222,CDS
36289,10465289,10465376,87,CDS
36290,10464874,10465094,220,CDS
36291,10464622,10464812,190,CDS
36292,10464317,10464544,227,CDS
36293,10463938,10464254,316,CDS
36294,10463811,10463885,74,CDS
36295,10471476,10472171,695,CDS
36296,10466358,10466450,92,CDS
36297,10466215,10466302,87,CDS
36298,10465936,10466158,222,CDS
36299,10465289,10465376,87,CDS
36300,10464874,10465094,220,CDS
36301,10464622,10464812,190,CDS
36302,10464317,10464544,227,CDS
36303,10463938,10464254,316,CDS
36304,10463811,10463885,74,CDS
36305,10471476,10472171,695,CDS
36306,10466358,10466450,92,CDS
36307,10466215,10466302,87,CDS
36308,10465936,10466158,222,CDS
36309,10465058,10465094,36,CDS
36310,10477073,10482975,5902,gene
36311,10477073,10477592,519,mRNA
36312,10481098,10481284,186,mRNA
36313,10481348,10481570,222,mRNA
36314,10481622,10481709,87,mRNA
36315,10481763,10481983,220,mRNA
36316,10482043,10482233,190,mRNA
36317,10482285,10482574,289,mRNA
36318,10482625,10482786,161,mRNA
36319,10482845,10482975,130,mRNA
36320,10477073,10477592,519,mRNA
36321,10481098,10481284,186,mRNA
36322,10481348,10481570,222,mRNA
36323,10481622,10481709,87,mRNA
36324,10481763,10481983,220,mRNA
36325,10482043,10482233,190,mRNA
36326,10482285,10482574,289,mRNA
36327,10482637,10482786,149,mRNA
36328,10482845,10482975,130,mRNA
36329,10477073,10477592,519,mRNA
36330,10481098,10481284,186,mRNA
36331,10481348,10481570,222,mRNA
36332,10481647,10481709,62,mRNA
36333,10481763,10481983,220,mRNA
36334,10482043,10482233,190,mRNA
36335,10482285,10482574,289,mRNA
36336,10482625,10482786,161,mRNA
36337,10482845,10482975,130,mRNA
36338,10477073,10477183,110,mRNA
36339,10477317,10477592,275,mRNA
36340,10481098,10481284,186,mRNA
36341,10481348,10481570,222,mRNA
36342,10481622,10481709,87,mRNA
36343,10481763,10481983,220,mRNA
36344,10482043,10482233,190,mRNA
36345,10482285,10482574,289,mRNA
36346,10482625,10482786,161,mRNA
36347,10482845,10482975,130,mRNA
36348,10477386,10477592,206,CDS
36349,10481098,10481284,186,CDS
36350,10481348,10481570,222,CDS
36351,10481622,10481709,87,CDS
36352,10481763,10481983,220,CDS
36353,10482043,10482233,190,CDS
36354,10482285,10482574,289,CDS
36355,10482625,10482786,161,CDS
36356,10482845,10482919,74,CDS
36357,10477386,10477592,206,CDS
36358,10481098,10481284,186,CDS
36359,10481348,10481570,222,CDS
36360,10481622,10481709,87,CDS
36361,10481763,10481983,220,CDS
36362,10482043,10482233,190,CDS
36363,10482285,10482574,289,CDS
36364,10482625,10482786,161,CDS
36365,10482845,10482919,74,CDS
36366,10477386,10477592,206,CDS
36367,10481098,10481284,186,CDS
36368,10481348,10481570,222,CDS
36369,10481622,10481709,87,CDS
36370,10481763,10481983,220,CDS
36371,10482043,10482233,190,CDS
36372,10482285,10482574,289,CDS
36373,10482637,10482786,149,CDS
36374,10482845,10482919,74,CDS
36375,10477386,10477592,206,CDS
36376,10481098,10481284,186,CDS
36377,10481348,10481570,222,CDS
36378,10481647,10481689,42,CDS
36379,10483295,10485857,2562,gene
36380,10483295,10483426,131,mRNA
36381,10483484,10483628,144,mRNA
36382,10483687,10483972,285,mRNA
36383,10484034,10484193,159,mRNA
36384,10484254,10484760,506,mRNA
36385,10484825,10485197,372,mRNA
36386,10485254,10485527,273,mRNA
36387,10485594,10485857,263,mRNA
36388,10483358,10483426,68,CDS
36389,10483484,10483628,144,CDS
36390,10483687,10483972,285,CDS
36391,10484034,10484193,159,CDS
36392,10484254,10484760,506,CDS
36393,10484825,10485197,372,CDS
36394,10485254,10485527,273,CDS
36395,10485594,10485732,138,CDS
36396,10485538,10488622,3084,gene
36397,10488411,10488622,211,mRNA
36398,10487617,10488353,736,mRNA
36399,10487244,10487559,315,mRNA
36400,10487062,10487192,130,mRNA
36401,10486398,10487001,603,mRNA
36402,10486152,10486337,185,mRNA
36403,10485855,10486081,226,mRNA
36404,10485538,10485790,252,mRNA
36405,10488411,10488497,86,CDS
36406,10487617,10488353,736,CDS
36407,10487244,10487559,315,CDS
36408,10487062,10487192,130,CDS
36409,10486398,10487001,603,CDS
36410,10486152,10486337,185,CDS
36411,10485855,10486081,226,CDS
36412,10485748,10485790,42,CDS
36413,10488694,10490461,1767,gene
36414,10488694,10488988,294,mRNA
36415,10489052,10490461,1409,mRNA
36416,10488846,10488988,142,mRNA
36417,10489052,10490461,1409,mRNA
36418,10488959,10488988,29,CDS
36419,10489052,10489708,656,CDS
36420,10488959,10488988,29,CDS
36421,10489052,10489708,656,CDS
36422,10489900,10491454,1554,gene
36423,10489900,10491454,1554,mRNA
36424,10490489,10491364,875,CDS
36425,10491814,10506779,14965,gene
36426,10506684,10506779,95,mRNA
36427,10505926,10506106,180,mRNA
36428,10497853,10498155,302,mRNA
36429,10496629,10496848,219,mRNA
36430,10494879,10495104,225,mRNA
36431,10494428,10494811,383,mRNA
36432,10494288,10494367,79,mRNA
36433,10492789,10494195,1406,mRNA
36434,10492557,10492714,157,mRNA
36435,10491814,10492499,685,mRNA
36436,10506543,10506779,236,mRNA
36437,10505926,10506106,180,mRNA
36438,10497853,10498155,302,mRNA
36439,10496629,10496848,219,mRNA
36440,10494879,10495104,225,mRNA
36441,10494428,10494811,383,mRNA
36442,10494288,10494367,79,mRNA
36443,10492789,10494195,1406,mRNA
36444,10492557,10492714,157,mRNA
36445,10491814,10492499,685,mRNA
36446,10505926,10506779,853,mRNA
36447,10497853,10498155,302,mRNA
36448,10496629,10496848,219,mRNA
36449,10494879,10495104,225,mRNA
36450,10494428,10494811,383,mRNA
36451,10494288,10494367,79,mRNA
36452,10492789,10494195,1406,mRNA
36453,10492557,10492714,157,mRNA
36454,10491814,10492499,685,mRNA
36455,10505926,10506014,88,CDS
36456,10497853,10498155,302,CDS
36457,10496629,10496848,219,CDS
36458,10494879,10495104,225,CDS
36459,10494428,10494811,383,CDS
36460,10494288,10494367,79,CDS
36461,10492789,10494195,1406,CDS
36462,10492557,10492714,157,CDS
36463,10492331,10492499,168,CDS
36464,10505926,10506014,88,CDS
36465,10497853,10498155,302,CDS
36466,10496629,10496848,219,CDS
36467,10494879,10495104,225,CDS
36468,10494428,10494811,383,CDS
36469,10494288,10494367,79,CDS
36470,10492789,10494195,1406,CDS
36471,10492557,10492714,157,CDS
36472,10492331,10492499,168,CDS
36473,10505926,10506014,88,CDS
36474,10497853,10498155,302,CDS
36475,10496629,10496848,219,CDS
36476,10494879,10495104,225,CDS
36477,10494428,10494811,383,CDS
36478,10494288,10494367,79,CDS
36479,10492789,10494195,1406,CDS
36480,10492557,10492714,157,CDS
36481,10492331,10492499,168,CDS
36482,10506301,10507015,714,gene
36483,10506301,10507015,714,ncRNA
36484,10507081,10508032,951,gene
36485,10507081,10507355,274,mRNA
36486,10507419,10508032,613,mRNA
36487,10507121,10507355,234,mRNA
36488,10507419,10507918,499,mRNA
36489,10507194,10507355,161,CDS
36490,10507419,10507868,449,CDS
36491,10507194,10507355,161,CDS
36492,10507419,10507868,449,CDS
36493,10507859,10510453,2594,gene
36494,10509706,10510453,747,mRNA
36495,10509500,10509643,143,mRNA
36496,10508270,10509284,1014,mRNA
36497,10507859,10508212,353,mRNA
36498,10509706,10510238,532,CDS
36499,10509500,10509643,143,CDS
36500,10508270,10509284,1014,CDS
36501,10508087,10508212,125,CDS
36502,10510672,10517218,6546,gene
36503,10516995,10517218,223,mRNA
36504,10516486,10516893,407,mRNA
36505,10512935,10513564,629,mRNA
36506,10512668,10512869,201,mRNA
36507,10510672,10512608,1936,mRNA
36508,10516995,10517218,223,mRNA
36509,10516816,10516893,77,mRNA
36510,10516486,10516739,253,mRNA
36511,10512935,10513564,629,mRNA
36512,10512668,10512869,201,mRNA
36513,10511253,10512608,1355,mRNA
36514,10516995,10517218,223,mRNA
36515,10516816,10516893,77,mRNA
36516,10516486,10516739,253,mRNA
36517,10512935,10513564,629,mRNA
36518,10512668,10512869,201,mRNA
36519,10511253,10512608,1355,mRNA
36520,10516486,10516668,182,mRNA
36521,10512935,10513564,629,mRNA
36522,10512668,10512869,201,mRNA
36523,10511253,10512608,1355,mRNA
36524,10516995,10517129,134,CDS
36525,10516816,10516893,77,CDS
36526,10516486,10516739,253,CDS
36527,10512935,10513564,629,CDS
36528,10512668,10512869,201,CDS
36529,10511667,10512608,941,CDS
36530,10516486,10516592,106,CDS
36531,10512935,10513564,629,CDS
36532,10512668,10512869,201,CDS
36533,10511667,10512608,941,CDS
36534,10516486,10516592,106,CDS
36535,10512935,10513564,629,CDS
36536,10512668,10512869,201,CDS
36537,10511667,10512608,941,CDS
36538,10516486,10516592,106,CDS
36539,10512935,10513564,629,CDS
36540,10512668,10512869,201,CDS
36541,10511667,10512608,941,CDS
36542,10517335,10519269,1934,gene
36543,10517335,10517998,663,mRNA
36544,10518060,10519269,1209,mRNA
36545,10517335,10517998,663,mRNA
36546,10518060,10518984,924,mRNA
36547,10517426,10517998,572,CDS
36548,10518060,10518773,713,CDS
36549,10517426,10517998,572,CDS
36550,10518060,10518773,713,CDS
36551,10527572,10531778,4206,gene
36552,10527572,10527856,284,mRNA
36553,10529562,10529749,187,mRNA
36554,10530078,10530255,177,mRNA
36555,10530314,10530675,361,mRNA
36556,10530856,10531778,922,mRNA
36557,10527790,10527856,66,CDS
36558,10529562,10529749,187,CDS
36559,10530078,10530255,177,CDS
36560,10530314,10530675,361,CDS
36561,10530856,10531407,551,CDS
36562,10529128,10529749,621,mRNA
36563,10530078,10530255,177,mRNA
36564,10530314,10530669,355,mRNA
36565,10530856,10531560,704,mRNA
36566,10529415,10529749,334,mRNA
36567,10530078,10530255,177,mRNA
36568,10530314,10530675,361,mRNA
36569,10530856,10531560,704,mRNA
36570,10529537,10529749,212,CDS
36571,10530078,10530255,177,CDS
36572,10530314,10530675,361,CDS
36573,10530856,10531407,551,CDS
36574,10529537,10529749,212,CDS
36575,10530078,10530255,177,CDS
36576,10530314,10530669,355,CDS
36577,10530856,10531407,551,CDS
36578,10531821,10533647,1826,gene
36579,10531821,10531989,168,mRNA
36580,10532335,10532512,177,mRNA
36581,10532569,10532930,361,mRNA
36582,10532986,10533647,661,mRNA
36583,10531852,10531989,137,CDS
36584,10532335,10532512,177,CDS
36585,10532569,10532930,361,CDS
36586,10532986,10533576,590,CDS
36587,10534322,10536587,2265,gene
36588,10534322,10535101,779,mRNA
36589,10535161,10535703,542,mRNA
36590,10535767,10536587,820,mRNA
36591,10534973,10535101,128,CDS
36592,10535161,10535703,542,CDS
36593,10535767,10536315,548,CDS
36594,10542860,10543522,662,gene
36595,10542860,10543522,662,ncRNA
36596,10544883,10628054,83171,gene
36597,10544883,10546300,1417,mRNA
36598,10619880,10619975,95,mRNA
36599,10620044,10620175,131,mRNA
36600,10620305,10620406,101,mRNA
36601,10620476,10620635,159,mRNA
36602,10621420,10621452,32,mRNA
36603,10622697,10622836,139,mRNA
36604,10623128,10623266,138,mRNA
36605,10625110,10625343,233,mRNA
36606,10626693,10628054,1361,mRNA
36607,10544883,10546300,1417,mRNA
36608,10619880,10619975,95,mRNA
36609,10620044,10620175,131,mRNA
36610,10620305,10620406,101,mRNA
36611,10620476,10620635,159,mRNA
36612,10622697,10622836,139,mRNA
36613,10623128,10623266,138,mRNA
36614,10625110,10625343,233,mRNA
36615,10626693,10627374,681,mRNA
36616,10545404,10546300,896,CDS
36617,10619880,10619975,95,CDS
36618,10620044,10620175,131,CDS
36619,10620305,10620406,101,CDS
36620,10620476,10620635,159,CDS
36621,10621420,10621452,32,CDS
36622,10622697,10622836,139,CDS
36623,10623128,10623266,138,CDS
36624,10625110,10625343,233,CDS
36625,10626693,10626982,289,CDS
36626,10545404,10546300,896,CDS
36627,10619880,10619975,95,CDS
36628,10620044,10620175,131,CDS
36629,10620305,10620406,101,CDS
36630,10620476,10620635,159,CDS
36631,10622697,10622836,139,CDS
36632,10623128,10623266,138,CDS
36633,10625110,10625343,233,CDS
36634,10626693,10626982,289,CDS
36635,10567255,10568012,757,gene
36636,10567255,10568012,757,mRNA
36637,10567383,10567940,557,CDS
36638,10575860,10577792,1932,gene
36639,10576756,10577792,1036,mRNA
36640,10575860,10576695,835,mRNA
36641,10576756,10577792,1036,mRNA
36642,10575869,10576692,823,mRNA
36643,10576756,10577717,961,CDS
36644,10576428,10576692,264,CDS
36645,10576756,10577717,961,CDS
36646,10576428,10576695,267,CDS
36647,10579753,10580324,571,gene
36648,10579753,10579921,168,mRNA
36649,10579997,10580324,327,mRNA
36650,10579905,10579921,16,CDS
36651,10579997,10580195,198,CDS
36652,10580957,10581702,745,gene
36653,10581502,10581702,200,mRNA
36654,10581424,10581440,16,mRNA
36655,10581261,10581370,109,mRNA
36656,10580957,10581205,248,mRNA
36657,10581502,10581702,200,mRNA
36658,10581424,10581440,16,mRNA
36659,10581261,10581355,94,mRNA
36660,10580966,10581205,239,mRNA
36661,10581502,10581702,200,mRNA
36662,10581424,10581440,16,mRNA
36663,10581261,10581370,109,mRNA
36664,10580971,10581205,234,mRNA
36665,10581502,10581637,135,CDS
36666,10581424,10581440,16,CDS
36667,10581261,10581355,94,CDS
36668,10581091,10581205,114,CDS
36669,10581502,10581637,135,CDS
36670,10581424,10581440,16,CDS
36671,10581261,10581370,109,CDS
36672,10581091,10581205,114,CDS
36673,10581502,10581637,135,CDS
36674,10581424,10581440,16,CDS
36675,10581261,10581370,109,CDS
36676,10581091,10581205,114,CDS
36677,10592897,10600501,7604,mobile_element
36678,10629352,10638471,9119,gene
36679,10638226,10638471,245,mRNA
36680,10630870,10631052,182,mRNA
36681,10630133,10630804,671,mRNA
36682,10629352,10630074,722,mRNA
36683,10630870,10631191,321,mRNA
36684,10630133,10630804,671,mRNA
36685,10629352,10630074,722,mRNA
36686,10630870,10630995,125,CDS
36687,10630133,10630804,671,CDS
36688,10629499,10630074,575,CDS
36689,10630870,10630995,125,CDS
36690,10630133,10630804,671,CDS
36691,10629499,10630074,575,CDS
36692,10638562,10639592,1030,gene
36693,10638562,10639592,1030,ncRNA
36694,10639931,10643539,3608,gene
36695,10639931,10642093,2162,mRNA
36696,10642177,10642716,539,mRNA
36697,10642784,10642939,155,mRNA
36698,10642998,10643539,541,mRNA
36699,10639931,10642093,2162,mRNA
36700,10642177,10642716,539,mRNA
36701,10642784,10642939,155,mRNA
36702,10642998,10643492,494,mRNA
36703,10639946,10642093,2147,CDS
36704,10642177,10642716,539,CDS
36705,10642784,10642939,155,CDS
36706,10642998,10643375,377,CDS
36707,10639946,10642093,2147,CDS
36708,10642177,10642716,539,CDS
36709,10642784,10642939,155,CDS
36710,10642998,10643375,377,CDS
36711,10643971,10645891,1920,gene
36712,10643971,10644150,179,mRNA
36713,10644345,10644485,140,mRNA
36714,10644558,10645097,539,mRNA
36715,10645160,10645315,155,mRNA
36716,10645370,10645891,521,mRNA
36717,10643971,10644150,179,mRNA
36718,10644345,10644485,140,mRNA
36719,10644558,10645097,539,mRNA
36720,10645160,10645315,155,mRNA
36721,10645370,10645812,442,mRNA
36722,10643995,10644150,155,CDS
36723,10644345,10644485,140,CDS
36724,10644558,10645097,539,CDS
36725,10645160,10645315,155,CDS
36726,10645370,10645750,380,CDS
36727,10643995,10644150,155,CDS
36728,10644345,10644485,140,CDS
36729,10644558,10645097,539,CDS
36730,10645160,10645315,155,CDS
36731,10645370,10645750,380,CDS
36732,10646415,10650152,3737,gene
36733,10646415,10646554,139,mRNA
36734,10646619,10648676,2057,mRNA
36735,10648742,10649281,539,mRNA
36736,10649440,10649598,158,mRNA
36737,10649658,10650152,494,mRNA
36738,10646435,10646554,119,CDS
36739,10646619,10648676,2057,CDS
36740,10648742,10649281,539,CDS
36741,10649440,10649598,158,CDS
36742,10649658,10650044,386,CDS
36743,10650857,10651454,597,gene
36744,10650857,10651016,159,ncRNA
36745,10651082,10651454,372,ncRNA
36746,10651613,10654499,2886,gene
36747,10651613,10653282,1669,mRNA
36748,10653433,10654499,1066,mRNA
36749,10652115,10653282,1167,CDS
36750,10653433,10654223,790,CDS
36751,10657627,10658031,404,gene
36752,10657627,10658031,404,ncRNA
36753,10658281,10658559,278,gene
36754,10658281,10658559,278,mRNA
36755,10658358,10658495,137,CDS
36756,10662081,10671487,9406,gene
36757,10662081,10662745,664,mRNA
36758,10668159,10668336,177,mRNA
36759,10668693,10669054,361,mRNA
36760,10669171,10669329,158,mRNA
36761,10670520,10671487,967,mRNA
36762,10662509,10662745,236,CDS
36763,10668159,10668336,177,CDS
36764,10668693,10669054,361,CDS
36765,10669171,10669329,158,CDS
36766,10670520,10671179,659,CDS
36767,10676361,10676397,36,mobile_element
36768,10677198,10679707,2509,gene
36769,10677198,10677464,266,mRNA
36770,10677747,10678805,1058,mRNA
36771,10678904,10679707,803,mRNA
36772,10677365,10677464,99,mRNA
36773,10677747,10678805,1058,mRNA
36774,10678904,10679507,603,mRNA
36775,10677817,10678805,988,mRNA
36776,10678904,10679507,603,mRNA
36777,10677908,10678805,897,CDS
36778,10678904,10679355,451,CDS
36779,10677908,10678805,897,CDS
36780,10678904,10679355,451,CDS
36781,10677908,10678805,897,CDS
36782,10678904,10679355,451,CDS
36783,10680151,10680480,329,gene
36784,10680151,10680480,329,ncRNA
36785,10681030,10681775,745,gene
36786,10681030,10681775,745,mRNA
36787,10681030,10681463,433,mRNA
36788,10681047,10681358,311,CDS
36789,10681047,10681358,311,CDS
36790,10681902,10682528,626,gene
36791,10681902,10682383,481,mRNA
36792,10681966,10682528,562,mRNA
36793,10681966,10682383,417,mRNA
36794,10681991,10682281,290,CDS
36795,10681991,10682281,290,CDS
36796,10681991,10682281,290,CDS
36797,10683188,10683243,55,mobile_element
36798,10683427,10684409,982,gene
36799,10683427,10684409,982,mRNA
36800,10683767,10684409,642,mRNA
36801,10683839,10684372,533,CDS
36802,10683839,10684372,533,CDS
36803,10686124,10687066,942,gene
36804,10686124,10687066,942,mRNA
36805,10686391,10686989,598,mRNA
36806,10686462,10686947,485,CDS
36807,10686462,10686947,485,CDS
36808,10688734,10689271,537,gene
36809,10688734,10689271,537,mRNA
36810,10688813,10689196,383,CDS
36811,10692940,10694103,1163,gene
36812,10692940,10694103,1163,mRNA
36813,10693032,10694060,1028,CDS
36814,10695000,10698043,3043,gene
36815,10695000,10698043,3043,mRNA
36816,10695058,10698195,3137,gene
36817,10695058,10698195,3137,ncRNA
36818,10695209,10698043,2834,mRNA
36819,10695364,10698024,2660,CDS
36820,10695364,10698024,2660,CDS
36821,10699408,10701544,2136,gene
36822,10701160,10701544,384,mRNA
36823,10700717,10700894,177,mRNA
36824,10700296,10700651,355,mRNA
36825,10700090,10700227,137,mRNA
36826,10699408,10700031,623,mRNA
36827,10701160,10701544,384,mRNA
36828,10700717,10700894,177,mRNA
36829,10700296,10700651,355,mRNA
36830,10700090,10700227,137,mRNA
36831,10699517,10700031,514,mRNA
36832,10701160,10701363,203,CDS
36833,10700717,10700894,177,CDS
36834,10700296,10700651,355,CDS
36835,10700090,10700227,137,CDS
36836,10699588,10700031,443,CDS
36837,10701160,10701363,203,CDS
36838,10700717,10700894,177,CDS
36839,10700296,10700651,355,CDS
36840,10700090,10700227,137,CDS
36841,10699588,10700031,443,CDS
36842,10701940,10709453,7513,gene
36843,10708859,10709453,594,mRNA
36844,10705701,10705878,177,mRNA
36845,10705232,10705497,265,mRNA
36846,10705028,10705177,149,mRNA
36847,10702868,10702996,128,mRNA
36848,10701940,10702805,865,mRNA
36849,10706083,10706190,107,mRNA
36850,10705701,10705878,177,mRNA
36851,10705232,10705497,265,mRNA
36852,10705028,10705177,149,mRNA
36853,10702868,10702996,128,mRNA
36854,10702235,10702805,570,mRNA
36855,10706083,10706190,107,CDS
36856,10705701,10705878,177,CDS
36857,10705232,10705497,265,CDS
36858,10705028,10705177,149,CDS
36859,10702868,10702996,128,CDS
36860,10702395,10702805,410,CDS
36861,10705701,10705878,177,CDS
36862,10705232,10705497,265,CDS
36863,10705028,10705177,149,CDS
36864,10702868,10702996,128,CDS
36865,10702395,10702805,410,CDS
36866,10703621,10704930,1309,gene
36867,10703621,10704092,471,mRNA
36868,10704149,10704930,781,mRNA
36869,10703634,10704092,458,CDS
36870,10704149,10704907,758,CDS
36871,10710101,10710733,632,gene
36872,10710101,10710733,632,ncRNA
36873,10724203,10728740,4537,gene
36874,10724203,10724346,143,mRNA
36875,10724417,10724546,129,mRNA
36876,10727605,10727753,148,mRNA
36877,10727834,10728268,434,mRNA
36878,10728352,10728556,204,mRNA
36879,10728613,10728740,127,mRNA
36880,10724274,10724346,72,CDS
36881,10724417,10724546,129,CDS
36882,10727605,10727753,148,CDS
36883,10727834,10728268,434,CDS
36884,10728352,10728556,204,CDS
36885,10728613,10728676,63,CDS
36886,10725515,10726144,629,mRNA
36887,10726302,10726443,141,mRNA
36888,10727605,10727753,148,mRNA
36889,10727834,10728268,434,mRNA
36890,10728352,10728556,204,mRNA
36891,10728613,10728740,127,mRNA
36892,10726099,10726144,45,CDS
36893,10726302,10726443,141,CDS
36894,10727605,10727753,148,CDS
36895,10727834,10728268,434,CDS
36896,10728352,10728556,204,CDS
36897,10728613,10728676,63,CDS
36898,10728978,10730302,1324,gene
36899,10728978,10729102,124,mRNA
36900,10729181,10729308,127,mRNA
36901,10729372,10730302,930,mRNA
36902,10729240,10729308,68,CDS
36903,10729372,10730202,830,CDS
36904,10730255,10731356,1101,gene
36905,10730255,10730382,127,mRNA
36906,10730440,10730631,191,mRNA
36907,10730698,10731356,658,mRNA
36908,10730299,10730382,83,CDS
36909,10730440,10730631,191,CDS
36910,10730698,10731267,569,CDS
36911,10731400,10732423,1023,gene
36912,10732186,10732423,237,mRNA
36913,10731400,10732125,725,mRNA
36914,10732186,10732334,148,CDS
36915,10731531,10732125,594,CDS
36916,10732653,10733307,654,gene
36917,10732653,10733307,654,mRNA
36918,10732818,10733222,404,CDS
36919,10733293,10736071,2778,gene
36920,10733773,10736071,2298,mRNA
36921,10733293,10733708,415,mRNA
36922,10733773,10735945,2172,CDS
36923,10733344,10733708,364,CDS
36924,10736319,10737043,724,gene
36925,10736319,10737043,724,mRNA
36926,10736376,10736957,581,CDS
36927,10737345,10740762,3417,gene
36928,10737345,10737767,422,mRNA
36929,10737876,10740762,2886,mRNA
36930,10737888,10740098,2210,CDS
36931,10740782,10743935,3153,gene
36932,10743822,10743935,113,mRNA
36933,10742693,10743770,1077,mRNA
36934,10742588,10742634,46,mRNA
36935,10740782,10742535,1753,mRNA
36936,10743822,10743874,52,CDS
36937,10742693,10743770,1077,CDS
36938,10742588,10742634,46,CDS
36939,10740879,10742535,1656,CDS
36940,10741885,10741987,102,gene
36941,10741885,10741987,102,precursor_RNA
36942,10741905,10741926,21,ncRNA
36943,10744075,10756325,12250,gene
36944,10755904,10756325,421,mRNA
36945,10745782,10746078,296,mRNA
36946,10745635,10745709,74,mRNA
36947,10744075,10745571,1496,mRNA
36948,10755904,10756325,421,mRNA
36949,10753317,10754014,697,mRNA
36950,10745782,10746078,296,mRNA
36951,10745635,10745709,74,mRNA
36952,10744075,10745571,1496,mRNA
36953,10755904,10756325,421,mRNA
36954,10745782,10746078,296,mRNA
36955,10745635,10745709,74,mRNA
36956,10745115,10745571,456,mRNA
36957,10745782,10745997,215,CDS
36958,10745635,10745709,74,CDS
36959,10745488,10745571,83,CDS
36960,10745782,10745997,215,CDS
36961,10745635,10745709,74,CDS
36962,10745488,10745571,83,CDS
36963,10745782,10745997,215,CDS
36964,10745635,10745709,74,CDS
36965,10745488,10745571,83,CDS
36966,10751877,10751938,61,gene
36967,10751877,10751938,61,precursor_RNA
36968,10751878,10751899,21,ncRNA
36969,10751915,10751938,23,ncRNA
36970,10761116,10764971,3855,gene
36971,10761116,10761650,534,mRNA
36972,10761827,10762318,491,mRNA
36973,10762526,10762644,118,mRNA
36974,10762716,10763091,375,mRNA
36975,10763857,10764386,529,mRNA
36976,10764443,10764971,528,mRNA
36977,10761506,10761650,144,CDS
36978,10761827,10762318,491,CDS
36979,10762526,10762644,118,CDS
36980,10762716,10763091,375,CDS
36981,10763857,10764386,529,CDS
36982,10764443,10764808,365,CDS
36983,10765010,10768006,2996,gene
36984,10767657,10767939,282,mRNA
36985,10766391,10767012,621,mRNA
36986,10766191,10766275,84,mRNA
36987,10765010,10766130,1120,mRNA
36988,10767657,10768006,349,mRNA
36989,10766391,10767012,621,mRNA
36990,10766191,10766275,84,mRNA
36991,10765563,10766130,567,mRNA
36992,10767657,10767939,282,mRNA
36993,10766391,10767012,621,mRNA
36994,10766191,10766275,84,mRNA
36995,10765563,10766130,567,mRNA
36996,10766391,10767086,695,mRNA
36997,10766191,10766275,84,mRNA
36998,10765563,10766130,567,mRNA
36999,10766391,10766991,600,CDS
37000,10766191,10766275,84,CDS
37001,10766118,10766130,12,CDS
37002,10766391,10766991,600,CDS
37003,10766191,10766275,84,CDS
37004,10766118,10766130,12,CDS
37005,10766391,10766991,600,CDS
37006,10766191,10766275,84,CDS
37007,10766118,10766130,12,CDS
37008,10766391,10766991,600,CDS
37009,10766191,10766275,84,CDS
37010,10766118,10766130,12,CDS
37011,10768234,10769952,1718,gene
37012,10769675,10769952,277,mRNA
37013,10768954,10769614,660,mRNA
37014,10768644,10768890,246,mRNA
37015,10768234,10768576,342,mRNA
37016,10769675,10769952,277,mRNA
37017,10768948,10769614,666,mRNA
37018,10768644,10768890,246,mRNA
37019,10768234,10768576,342,mRNA
37020,10769675,10769733,58,CDS
37021,10768954,10769614,660,CDS
37022,10768644,10768890,246,CDS
37023,10768287,10768576,289,CDS
37024,10769675,10769733,58,CDS
37025,10768948,10769614,666,CDS
37026,10768644,10768890,246,CDS
37027,10768287,10768576,289,CDS
37028,10770868,10771370,502,gene
37029,10770868,10770896,28,mRNA
37030,10770958,10771370,412,mRNA
37031,10770931,10771370,439,mRNA
37032,10770985,10771281,296,CDS
37033,10770985,10771281,296,CDS
37034,10772038,10801109,29071,gene
37035,10800841,10801109,268,mRNA
37036,10800679,10800739,60,mRNA
37037,10788739,10788977,238,mRNA
37038,10775574,10775744,170,mRNA
37039,10775365,10775478,113,mRNA
37040,10775203,10775286,83,mRNA
37041,10774739,10774840,101,mRNA
37042,10772038,10774665,2627,mRNA
37043,10800679,10801109,430,mRNA
37044,10788739,10788977,238,mRNA
37045,10775574,10775744,170,mRNA
37046,10775365,10775478,113,mRNA
37047,10775203,10775286,83,mRNA
37048,10774739,10774840,101,mRNA
37049,10772038,10774665,2627,mRNA
37050,10800679,10801109,430,mRNA
37051,10788739,10788977,238,mRNA
37052,10775574,10775744,170,mRNA
37053,10775365,10775478,113,mRNA
37054,10775203,10775286,83,mRNA
37055,10774739,10774931,192,mRNA
37056,10772038,10774665,2627,mRNA
37057,10788739,10788970,231,CDS
37058,10775574,10775744,170,CDS
37059,10775365,10775478,113,CDS
37060,10775203,10775286,83,CDS
37061,10774739,10774840,101,CDS
37062,10773035,10774665,1630,CDS
37063,10788739,10788970,231,CDS
37064,10775574,10775744,170,CDS
37065,10775365,10775478,113,CDS
37066,10775203,10775286,83,CDS
37067,10774739,10774840,101,CDS
37068,10773035,10774665,1630,CDS
37069,10774739,10774916,177,CDS
37070,10773035,10774665,1630,CDS
37071,10785503,10786173,670,gene
37072,10785503,10786173,670,ncRNA
37073,10790222,10791450,1228,gene
37074,10790222,10790367,145,mRNA
37075,10790427,10790709,282,mRNA
37076,10790783,10791450,667,mRNA
37077,10790222,10790758,536,mRNA
37078,10790222,10790367,145,mRNA
37079,10790416,10790758,342,mRNA
37080,10790222,10790367,145,mRNA
37081,10790427,10790758,331,mRNA
37082,10790352,10790367,15,CDS
37083,10790427,10790650,223,CDS
37084,10790352,10790367,15,CDS
37085,10790427,10790650,223,CDS
37086,10790447,10790650,203,CDS
37087,10790447,10790650,203,CDS
37088,10801595,10802801,1206,gene
37089,10802579,10802801,222,ncRNA
37090,10801595,10802420,825,ncRNA
37091,10804274,10837511,33237,gene
37092,10837280,10837511,231,mRNA
37093,10831329,10832096,767,mRNA
37094,10830600,10830714,114,mRNA
37095,10825949,10826085,136,mRNA
37096,10825674,10825836,162,mRNA
37097,10823761,10823852,91,mRNA
37098,10822968,10823109,141,mRNA
37099,10822107,10822246,139,mRNA
37100,10818392,10818566,174,mRNA
37101,10816963,10817144,181,mRNA
37102,10816024,10816233,209,mRNA
37103,10813301,10813445,144,mRNA
37104,10812464,10812568,104,mRNA
37105,10812287,10812354,67,mRNA
37106,10807291,10807624,333,mRNA
37107,10805985,10807127,1142,mRNA
37108,10805619,10805743,124,mRNA
37109,10804830,10804896,66,mRNA
37110,10804274,10804626,352,mRNA
37111,10837280,10837511,231,mRNA
37112,10831329,10832096,767,mRNA
37113,10830600,10830714,114,mRNA
37114,10825949,10826085,136,mRNA
37115,10825674,10825836,162,mRNA
37116,10823761,10823852,91,mRNA
37117,10822968,10823109,141,mRNA
37118,10822107,10822246,139,mRNA
37119,10818392,10818566,174,mRNA
37120,10816963,10817144,181,mRNA
37121,10816024,10816233,209,mRNA
37122,10813301,10813445,144,mRNA
37123,10812287,10812568,281,mRNA
37124,10807291,10807624,333,mRNA
37125,10805985,10807127,1142,mRNA
37126,10805619,10805743,124,mRNA
37127,10804830,10804896,66,mRNA
37128,10804274,10804626,352,mRNA
37129,10826540,10826958,418,mRNA
37130,10825949,10826085,136,mRNA
37131,10825674,10825836,162,mRNA
37132,10823761,10823852,91,mRNA
37133,10822968,10823109,141,mRNA
37134,10822107,10822246,139,mRNA
37135,10818392,10818566,174,mRNA
37136,10816963,10817144,181,mRNA
37137,10816024,10816233,209,mRNA
37138,10813301,10813445,144,mRNA
37139,10812464,10812568,104,mRNA
37140,10812287,10812354,67,mRNA
37141,10807291,10807624,333,mRNA
37142,10805985,10807127,1142,mRNA
37143,10805619,10805743,124,mRNA
37144,10804830,10804896,66,mRNA
37145,10804274,10804626,352,mRNA
37146,10831329,10831927,598,CDS
37147,10830600,10830714,114,CDS
37148,10825949,10826085,136,CDS
37149,10825674,10825836,162,CDS
37150,10823761,10823852,91,CDS
37151,10822968,10823109,141,CDS
37152,10822107,10822246,139,CDS
37153,10818392,10818566,174,CDS
37154,10816963,10817144,181,CDS
37155,10816024,10816233,209,CDS
37156,10813301,10813445,144,CDS
37157,10812464,10812568,104,CDS
37158,10812287,10812354,67,CDS
37159,10807291,10807624,333,CDS
37160,10805985,10807127,1142,CDS
37161,10805619,10805743,124,CDS
37162,10804830,10804896,66,CDS
37163,10804519,10804626,107,CDS
37164,10825949,10826046,97,CDS
37165,10825674,10825836,162,CDS
37166,10823761,10823852,91,CDS
37167,10822968,10823109,141,CDS
37168,10822107,10822246,139,CDS
37169,10818392,10818566,174,CDS
37170,10816963,10817144,181,CDS
37171,10816024,10816233,209,CDS
37172,10813301,10813445,144,CDS
37173,10812464,10812568,104,CDS
37174,10812287,10812354,67,CDS
37175,10807291,10807624,333,CDS
37176,10805985,10807127,1142,CDS
37177,10805619,10805743,124,CDS
37178,10804830,10804896,66,CDS
37179,10804519,10804626,107,CDS
37180,10831329,10831927,598,CDS
37181,10830600,10830714,114,CDS
37182,10825949,10826085,136,CDS
37183,10825674,10825836,162,CDS
37184,10823761,10823852,91,CDS
37185,10822968,10823109,141,CDS
37186,10822107,10822246,139,CDS
37187,10818392,10818566,174,CDS
37188,10816963,10817144,181,CDS
37189,10816024,10816233,209,CDS
37190,10813301,10813445,144,CDS
37191,10812398,10812568,170,CDS
37192,10819107,10820485,1378,gene
37193,10819107,10820485,1378,mRNA
37194,10819123,10820394,1271,CDS
37195,10820705,10821967,1262,gene
37196,10820705,10821967,1262,mRNA
37197,10820733,10821908,1175,CDS
37198,10837732,10842597,4865,gene
37199,10842381,10842597,216,mRNA
37200,10840867,10842273,1406,mRNA
37201,10840061,10840796,735,mRNA
37202,10839801,10840005,204,mRNA
37203,10839533,10839740,207,mRNA
37204,10837732,10839469,1737,mRNA
37205,10842385,10842597,212,mRNA
37206,10840867,10842273,1406,mRNA
37207,10840061,10840796,735,mRNA
37208,10839801,10840005,204,mRNA
37209,10839533,10839740,207,mRNA
37210,10837860,10839469,1609,mRNA
37211,10840867,10842188,1321,CDS
37212,10840061,10840796,735,CDS
37213,10839801,10840005,204,CDS
37214,10839533,10839740,207,CDS
37215,10839316,10839469,153,CDS
37216,10840867,10842188,1321,CDS
37217,10840061,10840796,735,CDS
37218,10839801,10840005,204,CDS
37219,10839533,10839740,207,CDS
37220,10839316,10839469,153,CDS
37221,10840345,10840476,131,gene
37222,10840345,10840476,131,precursor_RNA
37223,10840373,10840393,20,ncRNA
37224,10840425,10840447,22,ncRNA
37225,10843014,10845664,2650,gene
37226,10843014,10845664,2650,gene
37227,10845109,10845664,555,mRNA
37228,10844806,10845036,230,mRNA
37229,10843739,10844750,1011,mRNA
37230,10843440,10843670,230,mRNA
37231,10843014,10843381,367,mRNA
37232,10845109,10845664,555,mRNA
37233,10844806,10845036,230,mRNA
37234,10843739,10844750,1011,mRNA
37235,10843440,10843670,230,mRNA
37236,10843014,10843381,367,mRNA
37237,10843739,10844402,663,mRNA
37238,10843440,10843670,230,mRNA
37239,10843014,10843381,367,mRNA
37240,10843739,10844292,553,CDS
37241,10843440,10843670,230,CDS
37242,10843081,10843381,300,CDS
37243,10843739,10844292,553,CDS
37244,10843440,10843670,230,CDS
37245,10843081,10843381,300,CDS
37246,10845109,10845599,490,CDS
37247,10844806,10845036,230,CDS
37248,10844450,10844750,300,CDS
37249,10845788,10847044,1256,gene
37250,10846964,10847044,80,mRNA
37251,10846573,10846904,331,mRNA
37252,10846282,10846506,224,mRNA
37253,10845788,10846218,430,mRNA
37254,10846573,10847044,471,mRNA
37255,10846282,10846506,224,mRNA
37256,10845788,10846218,430,mRNA
37257,10846573,10846898,325,CDS
37258,10846282,10846506,224,CDS
37259,10845888,10846218,330,CDS
37260,10846573,10846898,325,CDS
37261,10846282,10846506,224,CDS
37262,10845888,10846218,330,CDS
37263,10847227,10850848,3621,gene
37264,10850217,10850340,123,mRNA
37265,10848544,10848863,319,mRNA
37266,10848241,10848468,227,mRNA
37267,10847227,10848168,941,mRNA
37268,10849031,10849065,34,mRNA
37269,10848544,10848863,319,mRNA
37270,10848241,10848468,227,mRNA
37271,10847227,10848168,941,mRNA
37272,10850754,10850848,94,mRNA
37273,10848544,10848863,319,mRNA
37274,10848241,10848468,227,mRNA
37275,10847425,10848168,743,mRNA
37276,10849516,10850848,1332,mRNA
37277,10848544,10848863,319,mRNA
37278,10848241,10848468,227,mRNA
37279,10847425,10848168,743,mRNA
37280,10850754,10850848,94,mRNA
37281,10848544,10848863,319,mRNA
37282,10848241,10848468,227,mRNA
37283,10847715,10848168,453,mRNA
37284,10848544,10848863,319,CDS
37285,10848241,10848468,227,CDS
37286,10847868,10848168,300,CDS
37287,10848544,10848863,319,CDS
37288,10848241,10848468,227,CDS
37289,10847868,10848168,300,CDS
37290,10848544,10848863,319,CDS
37291,10848241,10848468,227,CDS
37292,10847868,10848168,300,CDS
37293,10848544,10848863,319,CDS
37294,10848241,10848468,227,CDS
37295,10847868,10848168,300,CDS
37296,10848544,10848863,319,CDS
37297,10848241,10848468,227,CDS
37298,10847868,10848168,300,CDS
37299,10850141,10854604,4463,gene
37300,10850141,10850259,118,mRNA
37301,10851241,10851687,446,mRNA
37302,10852363,10852885,522,mRNA
37303,10853110,10853439,329,mRNA
37304,10853553,10853779,226,mRNA
37305,10853834,10854604,770,mRNA
37306,10850141,10850259,118,mRNA
37307,10851241,10851687,446,mRNA
37308,10853110,10853439,329,mRNA
37309,10853553,10853779,226,mRNA
37310,10853834,10854604,770,mRNA
37311,10851332,10851687,355,CDS
37312,10853110,10853439,329,CDS
37313,10853553,10853779,226,CDS
37314,10853834,10854432,598,CDS
37315,10852511,10852885,374,mRNA
37316,10853110,10853439,329,mRNA
37317,10853553,10853779,226,mRNA
37318,10853834,10854604,770,mRNA
37319,10852518,10852885,367,CDS
37320,10853110,10853439,329,CDS
37321,10853553,10853779,226,CDS
37322,10853834,10854432,598,CDS
37323,10852518,10852885,367,CDS
37324,10853110,10853439,329,CDS
37325,10853553,10853779,226,CDS
37326,10853834,10854432,598,CDS
37327,10854435,10856644,2209,gene
37328,10856163,10856644,481,mRNA
37329,10855655,10856098,443,mRNA
37330,10854435,10855457,1022,mRNA
37331,10856163,10856278,115,CDS
37332,10855655,10856098,443,CDS
37333,10855187,10855457,270,CDS
37334,10856797,10858094,1297,gene
37335,10857844,10858094,250,mRNA
37336,10857071,10857788,717,mRNA
37337,10856797,10857010,213,mRNA
37338,10857844,10857977,133,CDS
37339,10857071,10857788,717,CDS
37340,10856873,10857010,137,CDS
37341,10858536,10862006,3470,gene
37342,10858536,10858877,341,mRNA
37343,10859370,10859647,277,mRNA
37344,10859707,10860910,1203,mRNA
37345,10860977,10862006,1029,mRNA
37346,10858835,10858877,42,CDS
37347,10859370,10859647,277,CDS
37348,10859707,10860910,1203,CDS
37349,10860977,10861521,544,CDS
37350,10862194,10864697,2503,gene
37351,10864462,10864697,235,ncRNA
37352,10862804,10862901,97,ncRNA
37353,10862194,10862734,540,ncRNA
37354,10862904,10864437,1533,mobile_element
37355,10870167,10870722,555,gene
37356,10870167,10870722,555,mRNA
37357,10870240,10870656,416,CDS
37358,10870867,10871133,266,gene
37359,10870867,10871133,266,ncRNA
37360,10872014,10872384,370,gene
37361,10872014,10872384,370,ncRNA
37362,10876598,10883596,6998,mobile_element
37363,10886454,10887199,745,gene
37364,10886454,10886483,29,ncRNA
37365,10886962,10887199,237,ncRNA
37366,10887645,10888927,1282,gene
37367,10888276,10888927,651,mRNA
37368,10887645,10888217,572,mRNA
37369,10888897,10888927,30,mRNA
37370,10888269,10888822,553,mRNA
37371,10888269,10888927,658,mRNA
37372,10888368,10888778,410,CDS
37373,10888368,10888778,410,CDS
37374,10888368,10888778,410,CDS
37375,10894644,10895344,700,gene
37376,10894644,10895344,700,ncRNA
37377,10900501,10901785,1284,gene
37378,10901261,10901785,524,mRNA
37379,10900501,10901204,703,mRNA
37380,10901261,10901785,524,mRNA
37381,10900648,10901204,556,mRNA
37382,10901261,10901695,434,CDS
37383,10900884,10901204,320,CDS
37384,10901261,10901695,434,CDS
37385,10900884,10901204,320,CDS
37386,10901845,10901914,69,mobile_element
37387,10903731,10903959,228,gene
37388,10903731,10903959,228,ncRNA
37389,10906270,10908893,2623,gene
37390,10908805,10908893,88,mRNA
37391,10908600,10908741,141,mRNA
37392,10908282,10908547,265,mRNA
37393,10908115,10908229,114,mRNA
37394,10908013,10908062,49,mRNA
37395,10907828,10907950,122,mRNA
37396,10907081,10907762,681,mRNA
37397,10906847,10906963,116,mRNA
37398,10906270,10906778,508,mRNA
37399,10908805,10908812,7,CDS
37400,10908600,10908741,141,CDS
37401,10908282,10908547,265,CDS
37402,10908115,10908229,114,CDS
37403,10908013,10908062,49,CDS
37404,10907828,10907950,122,CDS
37405,10907081,10907762,681,CDS
37406,10906847,10906963,116,CDS
37407,10906695,10906778,83,CDS
37408,10910051,10910648,597,gene
37409,10910051,10910648,597,mRNA
37410,10910163,10910541,378,mRNA
37411,10910230,10910535,305,CDS
37412,10910230,10910535,305,CDS
37413,10917015,10964153,47138,gene
37414,10963226,10964153,927,mRNA
37415,10961086,10961367,281,mRNA
37416,10925239,10925510,271,mRNA
37417,10923593,10923670,77,mRNA
37418,10923147,10923279,132,mRNA
37419,10918745,10918988,243,mRNA
37420,10918114,10918211,97,mRNA
37421,10917015,10918018,1003,mRNA
37422,10963927,10964153,226,mRNA
37423,10961086,10961367,281,mRNA
37424,10925239,10925510,271,mRNA
37425,10923593,10923670,77,mRNA
37426,10923147,10923279,132,mRNA
37427,10918745,10918988,243,mRNA
37428,10918114,10918211,97,mRNA
37429,10917692,10918018,326,mRNA
37430,10961086,10961224,138,CDS
37431,10925239,10925510,271,CDS
37432,10923593,10923670,77,CDS
37433,10923147,10923279,132,CDS
37434,10918745,10918988,243,CDS
37435,10918114,10918211,97,CDS
37436,10917750,10918018,268,CDS
37437,10961086,10961224,138,CDS
37438,10925239,10925510,271,CDS
37439,10923593,10923670,77,CDS
37440,10923147,10923279,132,CDS
37441,10918745,10918988,243,CDS
37442,10918114,10918211,97,CDS
37443,10917750,10918018,268,CDS
37444,10936662,10937931,1269,gene
37445,10936662,10936713,51,mRNA
37446,10937077,10937234,157,mRNA
37447,10937306,10937456,150,mRNA
37448,10937515,10937931,416,mRNA
37449,10936662,10936713,51,mRNA
37450,10937077,10937191,114,mRNA
37451,10937306,10937456,150,mRNA
37452,10937515,10937931,416,mRNA
37453,10937353,10937456,103,mRNA
37454,10937515,10937931,416,mRNA
37455,10937385,10937456,71,CDS
37456,10937515,10937808,293,CDS
37457,10937385,10937456,71,CDS
37458,10937515,10937808,293,CDS
37459,10937385,10937456,71,CDS
37460,10937515,10937808,293,CDS
37461,10942358,10942949,591,gene
37462,10942358,10942949,591,ncRNA
37463,10943272,10943622,350,gene
37464,10943272,10943622,350,ncRNA
37465,10946999,10956155,9156,mobile_element
37466,10964905,10970275,5370,gene
37467,10970002,10970203,201,mRNA
37468,10969633,10969928,295,mRNA
37469,10968962,10969576,614,mRNA
37470,10968692,10968896,204,mRNA
37471,10968438,10968583,145,mRNA
37472,10965993,10966409,416,mRNA
37473,10965792,10965910,118,mRNA
37474,10964905,10965719,814,mRNA
37475,10968134,10968166,32,mRNA
37476,10966502,10966621,119,mRNA
37477,10965993,10966409,416,mRNA
37478,10965792,10965910,118,mRNA
37479,10964905,10965719,814,mRNA
37480,10968105,10968166,61,mRNA
37481,10966502,10966621,119,mRNA
37482,10965993,10966409,416,mRNA
37483,10965792,10965910,118,mRNA
37484,10964905,10965719,814,mRNA
37485,10967856,10968166,310,mRNA
37486,10966502,10966621,119,mRNA
37487,10965993,10966409,416,mRNA
37488,10965792,10965910,118,mRNA
37489,10964905,10965719,814,mRNA
37490,10966502,10966811,309,mRNA
37491,10965993,10966409,416,mRNA
37492,10965792,10965910,118,mRNA
37493,10964905,10965719,814,mRNA
37494,10966502,10966623,121,mRNA
37495,10965993,10966409,416,mRNA
37496,10965792,10965910,118,mRNA
37497,10964905,10965719,814,mRNA
37498,10970002,10970275,273,mRNA
37499,10969633,10969928,295,mRNA
37500,10968962,10969576,614,mRNA
37501,10968692,10968896,204,mRNA
37502,10968438,10968583,145,mRNA
37503,10965993,10966409,416,mRNA
37504,10965792,10965910,118,mRNA
37505,10965140,10965719,579,mRNA
37506,10970002,10970122,120,CDS
37507,10969633,10969928,295,CDS
37508,10968962,10969576,614,CDS
37509,10968692,10968896,204,CDS
37510,10968438,10968583,145,CDS
37511,10965993,10966409,416,CDS
37512,10965792,10965910,118,CDS
37513,10965605,10965719,114,CDS
37514,10970002,10970122,120,CDS
37515,10969633,10969928,295,CDS
37516,10968962,10969576,614,CDS
37517,10968692,10968896,204,CDS
37518,10968438,10968583,145,CDS
37519,10965993,10966409,416,CDS
37520,10965792,10965910,118,CDS
37521,10965605,10965719,114,CDS
37522,10966502,10966564,62,CDS
37523,10965993,10966409,416,CDS
37524,10965792,10965910,118,CDS
37525,10965605,10965719,114,CDS
37526,10966502,10966564,62,CDS
37527,10965993,10966409,416,CDS
37528,10965792,10965910,118,CDS
37529,10965605,10965719,114,CDS
37530,10966502,10966564,62,CDS
37531,10965993,10966409,416,CDS
37532,10965792,10965910,118,CDS
37533,10965605,10965719,114,CDS
37534,10966502,10966564,62,CDS
37535,10965993,10966409,416,CDS
37536,10965792,10965910,118,CDS
37537,10965605,10965719,114,CDS
37538,10966502,10966564,62,CDS
37539,10965993,10966409,416,CDS
37540,10965792,10965910,118,CDS
37541,10965605,10965719,114,CDS
37542,10970443,10972093,1650,gene
37543,10970443,10970687,244,mRNA
37544,10970748,10970880,132,mRNA
37545,10970957,10971257,300,mRNA
37546,10971317,10972093,776,mRNA
37547,10970443,10970687,244,mRNA
37548,10970748,10970880,132,mRNA
37549,10970957,10971257,300,mRNA
37550,10971317,10971870,553,mRNA
37551,10970554,10970687,133,CDS
37552,10970748,10970880,132,CDS
37553,10970957,10971257,300,CDS
37554,10971317,10971804,487,CDS
37555,10970554,10970687,133,CDS
37556,10970748,10970880,132,CDS
37557,10970957,10971257,300,CDS
37558,10971317,10971804,487,CDS
37559,10972280,10973408,1128,gene
37560,10972280,10972348,68,mRNA
37561,10972465,10973408,943,mRNA
37562,10972508,10973230,722,CDS
37563,10972598,10973339,741,mRNA
37564,10972652,10973230,578,CDS
37565,10973443,10975293,1850,gene
37566,10974268,10975293,1025,mRNA
37567,10973443,10974210,767,mRNA
37568,10974268,10975212,944,CDS
37569,10973536,10974210,674,CDS
37570,10975522,10976399,877,gene
37571,10976362,10976399,37,mRNA
37572,10976251,10976305,54,mRNA
37573,10975522,10976161,639,mRNA
37574,10976362,10976399,37,mRNA
37575,10976251,10976305,54,mRNA
37576,10975778,10976161,383,mRNA
37577,10976251,10976363,112,mRNA
37578,10975778,10976161,383,mRNA
37579,10976251,10976290,39,CDS
37580,10975902,10976161,259,CDS
37581,10976251,10976290,39,CDS
37582,10975902,10976161,259,CDS
37583,10976251,10976290,39,CDS
37584,10975902,10976161,259,CDS
37585,10976772,10982395,5623,gene
37586,10976772,10977070,298,mRNA
37587,10977898,10978706,808,mRNA
37588,10978880,10978981,101,mRNA
37589,10979633,10979713,80,mRNA
37590,10980445,10981112,667,mRNA
37591,10981179,10981428,249,mRNA
37592,10981487,10982395,908,mRNA
37593,10976772,10977070,298,mRNA
37594,10977898,10978706,808,mRNA
37595,10978880,10978981,101,mRNA
37596,10980445,10981112,667,mRNA
37597,10981179,10981428,249,mRNA
37598,10981487,10982395,908,mRNA
37599,10976772,10976968,196,mRNA
37600,10977898,10978706,808,mRNA
37601,10979633,10979713,80,mRNA
37602,10980445,10981112,667,mRNA
37603,10981179,10981428,249,mRNA
37604,10981487,10982395,908,mRNA
37605,10976772,10976968,196,mRNA
37606,10977898,10978706,808,mRNA
37607,10980445,10981112,667,mRNA
37608,10981179,10981428,249,mRNA
37609,10981487,10982395,908,mRNA
37610,10976772,10976968,196,mRNA
37611,10977898,10978706,808,mRNA
37612,10978880,10978963,83,mRNA
37613,10980445,10981112,667,mRNA
37614,10981179,10981428,249,mRNA
37615,10981487,10982293,806,mRNA
37616,10976772,10976968,196,mRNA
37617,10977898,10978706,808,mRNA
37618,10980445,10981112,667,mRNA
37619,10981179,10981428,249,mRNA
37620,10981487,10981854,367,mRNA
37621,10977962,10978706,744,CDS
37622,10980445,10981112,667,CDS
37623,10981179,10981428,249,CDS
37624,10981487,10981722,235,CDS
37625,10977962,10978706,744,CDS
37626,10978880,10978981,101,CDS
37627,10979633,10979713,80,CDS
37628,10980445,10981112,667,CDS
37629,10981179,10981428,249,CDS
37630,10981487,10981665,178,CDS
37631,10977962,10978706,744,CDS
37632,10978880,10978981,101,CDS
37633,10980445,10981112,667,CDS
37634,10981179,10981428,249,CDS
37635,10981487,10981665,178,CDS
37636,10977962,10978706,744,CDS
37637,10978880,10978963,83,CDS
37638,10980445,10981112,667,CDS
37639,10981179,10981428,249,CDS
37640,10981487,10981665,178,CDS
37641,10977962,10978706,744,CDS
37642,10979633,10979713,80,CDS
37643,10980445,10981112,667,CDS
37644,10981179,10981428,249,CDS
37645,10981487,10981665,178,CDS
37646,10977962,10978706,744,CDS
37647,10980445,10981112,667,CDS
37648,10981179,10981428,249,CDS
37649,10981487,10981665,178,CDS
37650,10982205,10987420,5215,gene
37651,10987249,10987420,171,mRNA
37652,10985544,10986128,584,mRNA
37653,10985167,10985487,320,mRNA
37654,10984946,10985100,154,mRNA
37655,10984141,10984341,200,mRNA
37656,10983896,10984087,191,mRNA
37657,10983666,10983776,110,mRNA
37658,10982205,10983540,1335,mRNA
37659,10987249,10987420,171,mRNA
37660,10985544,10986128,584,mRNA
37661,10985167,10985487,320,mRNA
37662,10984946,10985100,154,mRNA
37663,10984141,10984341,200,mRNA
37664,10983896,10984087,191,mRNA
37665,10983666,10983776,110,mRNA
37666,10982309,10983540,1231,mRNA
37667,10987249,10987332,83,CDS
37668,10985544,10986128,584,CDS
37669,10985167,10985487,320,CDS
37670,10984946,10985100,154,CDS
37671,10984141,10984341,200,CDS
37672,10983896,10984087,191,CDS
37673,10983666,10983776,110,CDS
37674,10982658,10983540,882,CDS
37675,10987249,10987332,83,CDS
37676,10985544,10986128,584,CDS
37677,10985167,10985487,320,CDS
37678,10984946,10985100,154,CDS
37679,10984141,10984341,200,CDS
37680,10983896,10984087,191,CDS
37681,10983666,10983776,110,CDS
37682,10982658,10983540,882,CDS
37683,10984377,10984668,291,mobile_element
37684,10984721,10984863,142,mobile_element
37685,10986683,10986799,116,mobile_element
37686,10987806,10989241,1435,gene
37687,10987806,10988155,349,mRNA
37688,10988286,10988982,696,mRNA
37689,10989049,10989241,192,mRNA
37690,10987835,10988155,320,CDS
37691,10988286,10988982,696,CDS
37692,10989049,10989167,118,CDS
37693,10989401,10997897,8496,gene
37694,10989401,10989590,189,mRNA
37695,10989656,10989874,218,mRNA
37696,10991059,10991885,826,mRNA
37697,10991970,10992320,350,mRNA
37698,10992374,10992731,357,mRNA
37699,10992798,10992922,124,mRNA
37700,10992995,10993434,439,mRNA
37701,10993503,10993673,170,mRNA
37702,10993743,10997897,4154,mRNA
37703,10989401,10989590,189,mRNA
37704,10989656,10989874,218,mRNA
37705,10989974,10990783,809,mRNA
37706,10991059,10991885,826,mRNA
37707,10991970,10992320,350,mRNA
37708,10992374,10992731,357,mRNA
37709,10992798,10992922,124,mRNA
37710,10992995,10993434,439,mRNA
37711,10993503,10993673,170,mRNA
37712,10993743,10994021,278,mRNA
37713,10997335,10997425,90,mRNA
37714,10997493,10997700,207,mRNA
37715,10989401,10989590,189,mRNA
37716,10989656,10989874,218,mRNA
37717,10990096,10990783,687,mRNA
37718,10991059,10991885,826,mRNA
37719,10991970,10992320,350,mRNA
37720,10992374,10992731,357,mRNA
37721,10992798,10992922,124,mRNA
37722,10992995,10993434,439,mRNA
37723,10993503,10993673,170,mRNA
37724,10993743,10994021,278,mRNA
37725,10997335,10997425,90,mRNA
37726,10997493,10997700,207,mRNA
37727,10989401,10989590,189,mRNA
37728,10989656,10989874,218,mRNA
37729,10991059,10991885,826,mRNA
37730,10991970,10992320,350,mRNA
37731,10992374,10992731,357,mRNA
37732,10992798,10992922,124,mRNA
37733,10992995,10993434,439,mRNA
37734,10993503,10993673,170,mRNA
37735,10993743,10994021,278,mRNA
37736,10997335,10997425,90,mRNA
37737,10997493,10997700,207,mRNA
37738,10989401,10989590,189,mRNA
37739,10989656,10989870,214,mRNA
37740,10990096,10990783,687,mRNA
37741,10991059,10991885,826,mRNA
37742,10991970,10992320,350,mRNA
37743,10992374,10992731,357,mRNA
37744,10992798,10992922,124,mRNA
37745,10992995,10993434,439,mRNA
37746,10993503,10993673,170,mRNA
37747,10993743,10994021,278,mRNA
37748,10997335,10997425,90,mRNA
37749,10997493,10997700,207,mRNA
37750,10989401,10989590,189,mRNA
37751,10989656,10989870,214,mRNA
37752,10991059,10991885,826,mRNA
37753,10991970,10992320,350,mRNA
37754,10992374,10992731,357,mRNA
37755,10992798,10992922,124,mRNA
37756,10992995,10993434,439,mRNA
37757,10993503,10993673,170,mRNA
37758,10993743,10994021,278,mRNA
37759,10997335,10997425,90,mRNA
37760,10997493,10997700,207,mRNA
37761,10989401,10989590,189,mRNA
37762,10989656,10989874,218,mRNA
37763,10990096,10990783,687,mRNA
37764,10991059,10991885,826,mRNA
37765,10991970,10992320,350,mRNA
37766,10992374,10992731,357,mRNA
37767,10992798,10992922,124,mRNA
37768,10992995,10993434,439,mRNA
37769,10993503,10993673,170,mRNA
37770,10993743,10997276,3533,mRNA
37771,10989401,10989590,189,mRNA
37772,10989656,10989870,214,mRNA
37773,10991059,10991885,826,mRNA
37774,10991970,10992320,350,mRNA
37775,10992374,10992731,357,mRNA
37776,10992798,10992922,124,mRNA
37777,10992995,10993434,439,mRNA
37778,10993503,10993673,170,mRNA
37779,10993743,10996541,2798,mRNA
37780,10989401,10989590,189,mRNA
37781,10989656,10989874,218,mRNA
37782,10989974,10990783,809,mRNA
37783,10991059,10991885,826,mRNA
37784,10991970,10992320,350,mRNA
37785,10992374,10992731,357,mRNA
37786,10992798,10992922,124,mRNA
37787,10992995,10993434,439,mRNA
37788,10993503,10993673,170,mRNA
37789,10993743,10995616,1873,mRNA
37790,10989401,10989590,189,mRNA
37791,10989656,10989870,214,mRNA
37792,10990096,10990783,687,mRNA
37793,10991059,10991885,826,mRNA
37794,10991970,10992320,350,mRNA
37795,10992374,10992731,357,mRNA
37796,10992798,10992922,124,mRNA
37797,10992995,10993434,439,mRNA
37798,10993503,10993673,170,mRNA
37799,10993743,10995006,1263,mRNA
37800,10990185,10990783,598,CDS
37801,10991059,10991885,826,CDS
37802,10991970,10992320,350,CDS
37803,10992374,10992731,357,CDS
37804,10992798,10992922,124,CDS
37805,10992995,10993434,439,CDS
37806,10993503,10993673,170,CDS
37807,10993743,10994021,278,CDS
37808,10997335,10997400,65,CDS
37809,10990185,10990783,598,CDS
37810,10991059,10991885,826,CDS
37811,10991970,10992320,350,CDS
37812,10992374,10992731,357,CDS
37813,10992798,10992922,124,CDS
37814,10992995,10993434,439,CDS
37815,10993503,10993673,170,CDS
37816,10993743,10994021,278,CDS
37817,10997335,10997400,65,CDS
37818,10990185,10990783,598,CDS
37819,10991059,10991885,826,CDS
37820,10991970,10992320,350,CDS
37821,10992374,10992731,357,CDS
37822,10992798,10992922,124,CDS
37823,10992995,10993434,439,CDS
37824,10993503,10993673,170,CDS
37825,10993743,10994021,278,CDS
37826,10997335,10997400,65,CDS
37827,10990185,10990783,598,CDS
37828,10991059,10991885,826,CDS
37829,10991970,10992320,350,CDS
37830,10992374,10992731,357,CDS
37831,10992798,10992922,124,CDS
37832,10992995,10993434,439,CDS
37833,10993503,10993673,170,CDS
37834,10993743,10994084,341,CDS
37835,10990185,10990783,598,CDS
37836,10991059,10991885,826,CDS
37837,10991970,10992320,350,CDS
37838,10992374,10992731,357,CDS
37839,10992798,10992922,124,CDS
37840,10992995,10993434,439,CDS
37841,10993503,10993673,170,CDS
37842,10993743,10994084,341,CDS
37843,10990185,10990783,598,CDS
37844,10991059,10991885,826,CDS
37845,10991970,10992320,350,CDS
37846,10992374,10992731,357,CDS
37847,10992798,10992922,124,CDS
37848,10992995,10993434,439,CDS
37849,10993503,10993673,170,CDS
37850,10993743,10994084,341,CDS
37851,10991189,10991885,696,CDS
37852,10991970,10992320,350,CDS
37853,10992374,10992731,357,CDS
37854,10992798,10992922,124,CDS
37855,10992995,10993434,439,CDS
37856,10993503,10993673,170,CDS
37857,10993743,10994021,278,CDS
37858,10997335,10997400,65,CDS
37859,10991189,10991885,696,CDS
37860,10991970,10992320,350,CDS
37861,10992374,10992731,357,CDS
37862,10992798,10992922,124,CDS
37863,10992995,10993434,439,CDS
37864,10993503,10993673,170,CDS
37865,10993743,10994021,278,CDS
37866,10997335,10997400,65,CDS
37867,10991189,10991885,696,CDS
37868,10991970,10992320,350,CDS
37869,10992374,10992731,357,CDS
37870,10992798,10992922,124,CDS
37871,10992995,10993434,439,CDS
37872,10993503,10993673,170,CDS
37873,10993743,10994084,341,CDS
37874,10991189,10991885,696,CDS
37875,10991970,10992320,350,CDS
37876,10992374,10992731,357,CDS
37877,10992798,10992922,124,CDS
37878,10992995,10993434,439,CDS
37879,10993503,10993673,170,CDS
37880,10993743,10994084,341,CDS
37881,10997819,11001476,3657,gene
37882,11001270,11001476,206,mRNA
37883,11000786,11000918,132,mRNA
37884,11000165,11000658,493,mRNA
37885,10999914,11000106,192,mRNA
37886,10999727,10999854,127,mRNA
37887,10999518,10999672,154,mRNA
37888,10999061,10999450,389,mRNA
37889,10998897,10999007,110,mRNA
37890,10997819,10998832,1013,mRNA
37891,11000786,11001108,322,mRNA
37892,11000165,11000658,493,mRNA
37893,10999914,11000106,192,mRNA
37894,10999727,10999854,127,mRNA
37895,10999518,10999672,154,mRNA
37896,10999061,10999450,389,mRNA
37897,10998897,10999007,110,mRNA
37898,10997819,10998832,1013,mRNA
37899,11001270,11001365,95,CDS
37900,11000786,11000918,132,CDS
37901,11000165,11000658,493,CDS
37902,10999914,11000106,192,CDS
37903,10999727,10999854,127,CDS
37904,10999518,10999672,154,CDS
37905,10999061,10999450,389,CDS
37906,10998897,10999007,110,CDS
37907,10997932,10998832,900,CDS
37908,11000786,11000801,15,CDS
37909,11000165,11000658,493,CDS
37910,10999914,11000106,192,CDS
37911,10999727,10999854,127,CDS
37912,10999518,10999672,154,CDS
37913,10999061,10999450,389,CDS
37914,10998897,10999007,110,CDS
37915,10997932,10998832,900,CDS
37916,11002072,11002738,666,gene
37917,11002072,11002208,136,mRNA
37918,11002264,11002738,474,mRNA
37919,11002083,11002208,125,CDS
37920,11002264,11002671,407,CDS
37921,11002758,11004189,1431,gene
37922,11004129,11004153,24,mRNA
37923,11004006,11004055,49,mRNA
37924,11003511,11003761,250,mRNA
37925,11002758,11003238,480,mRNA
37926,11004129,11004189,60,mRNA
37927,11004006,11004055,49,mRNA
37928,11003511,11003761,250,mRNA
37929,11002840,11003238,398,mRNA
37930,11004006,11004153,147,mRNA
37931,11003511,11003761,250,mRNA
37932,11002840,11003238,398,mRNA
37933,11003511,11003751,240,CDS
37934,11002907,11003238,331,CDS
37935,11003511,11003751,240,CDS
37936,11002907,11003238,331,CDS
37937,11003511,11003751,240,CDS
37938,11002907,11003238,331,CDS
37939,11004820,11010921,6101,gene
37940,11004820,11005078,258,mRNA
37941,11005139,11005301,162,mRNA
37942,11005368,11005861,493,mRNA
37943,11005921,11006093,172,mRNA
37944,11006162,11007132,970,mRNA
37945,11007192,11007431,239,mRNA
37946,11007495,11007656,161,mRNA
37947,11007715,11008261,546,mRNA
37948,11008320,11008845,525,mRNA
37949,11008911,11009377,466,mRNA
37950,11009443,11009565,122,mRNA
37951,11009627,11010921,1294,mRNA
37952,11004820,11005078,258,mRNA
37953,11005139,11005301,162,mRNA
37954,11005368,11005861,493,mRNA
37955,11005921,11006093,172,mRNA
37956,11006162,11007132,970,mRNA
37957,11007192,11007431,239,mRNA
37958,11007495,11007656,161,mRNA
37959,11007715,11008261,546,mRNA
37960,11008320,11008845,525,mRNA
37961,11008911,11009377,466,mRNA
37962,11009443,11009565,122,mRNA
37963,11009627,11009811,184,mRNA
37964,11009879,11010180,301,mRNA
37965,11004820,11005078,258,mRNA
37966,11005139,11005301,162,mRNA
37967,11005368,11005861,493,mRNA
37968,11005921,11006093,172,mRNA
37969,11006162,11007132,970,mRNA
37970,11007192,11007431,239,mRNA
37971,11007495,11007656,161,mRNA
37972,11007715,11008261,546,mRNA
37973,11008320,11008845,525,mRNA
37974,11008911,11009377,466,mRNA
37975,11009443,11009565,122,mRNA
37976,11009627,11009872,245,mRNA
37977,11004980,11005078,98,CDS
37978,11005139,11005301,162,CDS
37979,11005368,11005861,493,CDS
37980,11005921,11006093,172,CDS
37981,11006162,11007132,970,CDS
37982,11007192,11007431,239,CDS
37983,11007495,11007656,161,CDS
37984,11007715,11008261,546,CDS
37985,11008320,11008845,525,CDS
37986,11008911,11009377,466,CDS
37987,11009443,11009565,122,CDS
37988,11009627,11009759,132,CDS
37989,11004980,11005078,98,CDS
37990,11005139,11005301,162,CDS
37991,11005368,11005861,493,CDS
37992,11005921,11006093,172,CDS
37993,11006162,11007132,970,CDS
37994,11007192,11007431,239,CDS
37995,11007495,11007656,161,CDS
37996,11007715,11008261,546,CDS
37997,11008320,11008845,525,CDS
37998,11008911,11009377,466,CDS
37999,11009443,11009565,122,CDS
38000,11009627,11009759,132,CDS
38001,11004980,11005078,98,CDS
38002,11005139,11005301,162,CDS
38003,11005368,11005861,493,CDS
38004,11005921,11006093,172,CDS
38005,11006162,11007132,970,CDS
38006,11007192,11007431,239,CDS
38007,11007495,11007656,161,CDS
38008,11007715,11008261,546,CDS
38009,11008320,11008845,525,CDS
38010,11008911,11009377,466,CDS
38011,11009443,11009565,122,CDS
38012,11009627,11009759,132,CDS
38013,11009821,11011086,1265,gene
38014,11010954,11011086,132,mRNA
38015,11009821,11010897,1076,mRNA
38016,11010954,11010992,38,CDS
38017,11009911,11010897,986,CDS
38018,11011162,11012135,973,gene
38019,11011162,11012135,973,ncRNA
38020,11011312,11012135,823,gene
38021,11011312,11012135,823,mRNA
38022,11011312,11011418,106,mRNA
38023,11011472,11012135,663,mRNA
38024,11011312,11011379,67,mRNA
38025,11011454,11012135,681,mRNA
38026,11011312,11011379,67,mRNA
38027,11011472,11012135,663,mRNA
38028,11011441,11012007,566,CDS
38029,11011483,11012007,524,CDS
38030,11011483,11012007,524,CDS
38031,11011483,11012007,524,CDS
38032,11013206,11066998,53792,gene
38033,11066545,11066998,453,mRNA
38034,11055323,11055479,156,mRNA
38035,11035516,11036269,753,mRNA
38036,11030665,11031135,470,mRNA
38037,11029943,11030423,480,mRNA
38038,11028995,11029687,692,mRNA
38039,11013206,11014652,1446,mRNA
38040,11056412,11057464,1052,mRNA
38041,11055323,11055479,156,mRNA
38042,11035516,11036269,753,mRNA
38043,11030665,11031135,470,mRNA
38044,11029943,11030423,480,mRNA
38045,11028995,11029687,692,mRNA
38046,11013206,11014652,1446,mRNA
38047,11055323,11055377,54,CDS
38048,11035516,11036269,753,CDS
38049,11030665,11031135,470,CDS
38050,11029943,11030423,480,CDS
38051,11028995,11029687,692,CDS
38052,11014200,11014652,452,CDS
38053,11055323,11055377,54,CDS
38054,11035516,11036269,753,CDS
38055,11030665,11031135,470,CDS
38056,11029943,11030423,480,CDS
38057,11028995,11029687,692,CDS
38058,11014200,11014652,452,CDS
38059,11015620,11016571,951,gene
38060,11015620,11016423,803,mRNA
38061,11016490,11016571,81,mRNA
38062,11015620,11016423,803,mRNA
38063,11016494,11016571,77,mRNA
38064,11015645,11016403,758,CDS
38065,11015645,11016403,758,CDS
38066,11016995,11018778,1783,gene
38067,11016995,11018355,1360,mRNA
38068,11018424,11018778,354,mRNA
38069,11017172,11018355,1183,CDS
38070,11018424,11018739,315,CDS
38071,11066545,11066998,453,mRNA
38072,11055323,11055479,156,mRNA
38073,11035516,11036269,753,mRNA
38074,11030665,11031135,470,mRNA
38075,11029943,11030423,480,mRNA
38076,11028995,11029687,692,mRNA
38077,11028784,11028939,155,mRNA
38078,11056412,11057464,1052,mRNA
38079,11055323,11055479,156,mRNA
38080,11035516,11036269,753,mRNA
38081,11030665,11031135,470,mRNA
38082,11029943,11030423,480,mRNA
38083,11028995,11029687,692,mRNA
38084,11028784,11028939,155,mRNA
38085,11055323,11055377,54,CDS
38086,11035516,11036269,753,CDS
38087,11030665,11031135,470,CDS
38088,11029943,11030423,480,CDS
38089,11028995,11029687,692,CDS
38090,11028853,11028939,86,CDS
38091,11055323,11055377,54,CDS
38092,11035516,11036269,753,CDS
38093,11030665,11031135,470,CDS
38094,11029943,11030423,480,CDS
38095,11028995,11029687,692,CDS
38096,11028853,11028939,86,CDS
38097,11034795,11035308,513,gene
38098,11034795,11035308,513,mRNA
38099,11034852,11035235,383,CDS
38100,11070785,11071466,681,gene
38101,11070785,11071466,681,ncRNA
38102,11071027,11071532,505,gene
38103,11071027,11071532,505,mRNA
38104,11071061,11071423,362,CDS
38105,11074471,11074898,427,gene
38106,11074471,11074898,427,ncRNA
38107,11075513,11075962,449,gene
38108,11075513,11075962,449,mRNA
38109,11075548,11075742,194,CDS
38110,11076165,11081399,5234,gene
38111,11081154,11081399,245,mRNA
38112,11077123,11077238,115,mRNA
38113,11076927,11077066,139,mRNA
38114,11076165,11076861,696,mRNA
38115,11081154,11081399,245,mRNA
38116,11077123,11077238,115,mRNA
38117,11076927,11077066,139,mRNA
38118,11076165,11076864,699,mRNA
38119,11077123,11077221,98,CDS
38120,11076927,11077066,139,CDS
38121,11076735,11076861,126,CDS
38122,11077123,11077221,98,CDS
38123,11076927,11077066,139,CDS
38124,11076735,11076864,129,CDS
38125,11083459,11085229,1770,gene
38126,11084811,11085229,418,mRNA
38127,11084167,11084347,180,mRNA
38128,11084020,11084105,85,mRNA
38129,11083459,11083924,465,mRNA
38130,11084811,11085229,418,mRNA
38131,11084167,11084347,180,mRNA
38132,11084020,11084105,85,mRNA
38133,11083459,11083945,486,mRNA
38134,11084811,11085170,359,CDS
38135,11084167,11084347,180,CDS
38136,11084020,11084105,85,CDS
38137,11083787,11083924,137,CDS
38138,11084811,11085170,359,CDS
38139,11084167,11084347,180,CDS
38140,11084020,11084105,85,CDS
38141,11083787,11083945,158,CDS
38142,11086721,11090973,4252,gene
38143,11086721,11087152,431,mRNA
38144,11088358,11090973,2615,mRNA
38145,11086721,11087152,431,mRNA
38146,11088358,11090680,2322,mRNA
38147,11087097,11087152,55,CDS
38148,11088358,11090419,2061,CDS
38149,11087097,11087152,55,CDS
38150,11088358,11090419,2061,CDS
38151,11088331,11090680,2349,mRNA
38152,11088386,11090419,2033,CDS
38153,11091444,11095096,3652,gene
38154,11091444,11091878,434,mRNA
38155,11091942,11092152,210,mRNA
38156,11092209,11092492,283,mRNA
38157,11092553,11092726,173,mRNA
38158,11092782,11094635,1853,mRNA
38159,11094763,11095096,333,mRNA
38160,11091444,11091878,434,mRNA
38161,11091942,11092152,210,mRNA
38162,11092209,11092492,283,mRNA
38163,11092553,11092726,173,mRNA
38164,11092782,11094635,1853,mRNA
38165,11094763,11095001,238,mRNA
38166,11091567,11091878,311,CDS
38167,11091942,11092152,210,CDS
38168,11092209,11092492,283,CDS
38169,11092553,11092726,173,CDS
38170,11092782,11094635,1853,CDS
38171,11094763,11094837,74,CDS
38172,11091567,11091878,311,CDS
38173,11091942,11092152,210,CDS
38174,11092209,11092492,283,CDS
38175,11092553,11092726,173,CDS
38176,11092782,11094635,1853,CDS
38177,11094763,11094837,74,CDS
38178,11095150,11100888,5738,gene
38179,11100294,11100888,594,mRNA
38180,11100017,11100225,208,mRNA
38181,11099354,11099754,400,mRNA
38182,11099042,11099295,253,mRNA
38183,11097408,11098984,1576,mRNA
38184,11097062,11097299,237,mRNA
38185,11096765,11097005,240,mRNA
38186,11096536,11096701,165,mRNA
38187,11095953,11096475,522,mRNA
38188,11095150,11095877,727,mRNA
38189,11100658,11100888,230,mRNA
38190,11100294,11100574,280,mRNA
38191,11100017,11100225,208,mRNA
38192,11099354,11099754,400,mRNA
38193,11099042,11099295,253,mRNA
38194,11097408,11098984,1576,mRNA
38195,11097062,11097299,237,mRNA
38196,11096765,11097005,240,mRNA
38197,11096536,11096701,165,mRNA
38198,11095953,11096475,522,mRNA
38199,11095353,11095877,524,mRNA
38200,11100294,11100559,265,CDS
38201,11100017,11100225,208,CDS
38202,11099354,11099754,400,CDS
38203,11099042,11099295,253,CDS
38204,11097408,11098984,1576,CDS
38205,11097062,11097299,237,CDS
38206,11096765,11097005,240,CDS
38207,11096536,11096701,165,CDS
38208,11095953,11096475,522,CDS
38209,11095688,11095877,189,CDS
38210,11100294,11100559,265,CDS
38211,11100017,11100225,208,CDS
38212,11099354,11099754,400,CDS
38213,11099042,11099295,253,CDS
38214,11097408,11098984,1576,CDS
38215,11097062,11097299,237,CDS
38216,11096765,11097005,240,CDS
38217,11096536,11096701,165,CDS
38218,11095953,11096475,522,CDS
38219,11095688,11095877,189,CDS
38220,11100963,11106645,5682,gene
38221,11106067,11106645,578,mRNA
38222,11105607,11106011,404,mRNA
38223,11105205,11105524,319,mRNA
38224,11104352,11105136,784,mRNA
38225,11103844,11104280,436,mRNA
38226,11100963,11103169,2206,mRNA
38227,11106067,11106645,578,mRNA
38228,11105607,11106011,404,mRNA
38229,11105205,11105524,319,mRNA
38230,11104352,11105136,784,mRNA
38231,11103844,11104280,436,mRNA
38232,11103323,11103409,86,mRNA
38233,11100963,11103169,2206,mRNA
38234,11106067,11106213,146,CDS
38235,11105607,11106011,404,CDS
38236,11105205,11105524,319,CDS
38237,11104352,11105136,784,CDS
38238,11103844,11104280,436,CDS
38239,11102627,11103169,542,CDS
38240,11106067,11106213,146,CDS
38241,11105607,11106011,404,CDS
38242,11105205,11105524,319,CDS
38243,11104352,11105136,784,CDS
38244,11103844,11104280,436,CDS
38245,11103323,11103409,86,CDS
38246,11102627,11103169,542,CDS
38247,11106943,11110851,3908,gene
38248,11106943,11107121,178,mRNA
38249,11107209,11108807,1598,mRNA
38250,11108866,11109297,431,mRNA
38251,11109356,11109507,151,mRNA
38252,11110105,11110249,144,mRNA
38253,11110316,11110851,535,mRNA
38254,11106943,11107121,178,mRNA
38255,11107209,11108807,1598,mRNA
38256,11108866,11109297,431,mRNA
38257,11109356,11109507,151,mRNA
38258,11110159,11110249,90,mRNA
38259,11110316,11110851,535,mRNA
38260,11107065,11107121,56,CDS
38261,11107209,11108807,1598,CDS
38262,11108866,11109297,431,CDS
38263,11109356,11109507,151,CDS
38264,11110105,11110249,144,CDS
38265,11110316,11110435,119,CDS
38266,11107065,11107121,56,CDS
38267,11107209,11108807,1598,CDS
38268,11108866,11109297,431,CDS
38269,11109356,11109507,151,CDS
38270,11110159,11110249,90,CDS
38271,11110316,11110435,119,CDS
38272,11110557,11113061,2504,gene
38273,11112493,11113061,568,mRNA
38274,11112014,11112431,417,mRNA
38275,11110980,11111935,955,mRNA
38276,11110557,11110921,364,mRNA
38277,11112493,11112949,456,CDS
38278,11112014,11112431,417,CDS
38279,11110980,11111935,955,CDS
38280,11110842,11110921,79,CDS
38281,11114014,11115823,1809,gene
38282,11114014,11115319,1305,mRNA
38283,11115376,11115438,62,mRNA
38284,11115496,11115585,89,mRNA
38285,11115660,11115823,163,mRNA
38286,11114183,11115319,1136,CDS
38287,11115376,11115438,62,CDS
38288,11115496,11115585,89,CDS
38289,11115660,11115755,95,CDS
38290,11115635,11120319,4684,gene
38291,11118141,11120319,2178,mRNA
38292,11117166,11118075,909,mRNA
38293,11116910,11117106,196,mRNA
38294,11116702,11116844,142,mRNA
38295,11116509,11116641,132,mRNA
38296,11116311,11116454,143,mRNA
38297,11115635,11116255,620,mRNA
38298,11118141,11120171,2030,CDS
38299,11117166,11118075,909,CDS
38300,11116910,11117106,196,CDS
38301,11116702,11116844,142,CDS
38302,11116509,11116641,132,CDS
38303,11116311,11116454,143,CDS
38304,11116136,11116255,119,CDS
38305,11120642,11121714,1072,gene
38306,11121419,11121714,295,mRNA
38307,11120642,11121298,656,mRNA
38308,11121419,11121585,166,CDS
38309,11120743,11121298,555,CDS
38310,11122574,11123567,993,gene
38311,11123312,11123567,255,mRNA
38312,11122574,11123257,683,mRNA
38313,11123312,11123470,158,CDS
38314,11122802,11123257,455,CDS
38315,11123777,11129335,5558,gene
38316,11123777,11123975,198,mRNA
38317,11124040,11124142,102,mRNA
38318,11124196,11124687,491,mRNA
38319,11124745,11124926,181,mRNA
38320,11125000,11125409,409,mRNA
38321,11125483,11126149,666,mRNA
38322,11126215,11126320,105,mRNA
38323,11126389,11126550,161,mRNA
38324,11126606,11126848,242,mRNA
38325,11126904,11127022,118,mRNA
38326,11127078,11127692,614,mRNA
38327,11127758,11128279,521,mRNA
38328,11128336,11128733,397,mRNA
38329,11128807,11129335,528,mRNA
38330,11123777,11123975,198,mRNA
38331,11124040,11124142,102,mRNA
38332,11124196,11124687,491,mRNA
38333,11124745,11124926,181,mRNA
38334,11125000,11125409,409,mRNA
38335,11125483,11126149,666,mRNA
38336,11126215,11126320,105,mRNA
38337,11126389,11126550,161,mRNA
38338,11126606,11126848,242,mRNA
38339,11126904,11127022,118,mRNA
38340,11127078,11127692,614,mRNA
38341,11127758,11128279,521,mRNA
38342,11128336,11128733,397,mRNA
38343,11128807,11128992,185,mRNA
38344,11123879,11123975,96,CDS
38345,11124040,11124142,102,CDS
38346,11124196,11124687,491,CDS
38347,11124745,11124926,181,CDS
38348,11125000,11125409,409,CDS
38349,11125483,11126149,666,CDS
38350,11126215,11126320,105,CDS
38351,11126389,11126550,161,CDS
38352,11126606,11126848,242,CDS
38353,11126904,11127022,118,CDS
38354,11127078,11127692,614,CDS
38355,11127758,11128279,521,CDS
38356,11128336,11128733,397,CDS
38357,11128807,11128926,119,CDS
38358,11123879,11123975,96,CDS
38359,11124040,11124142,102,CDS
38360,11124196,11124687,491,CDS
38361,11124745,11124926,181,CDS
38362,11125000,11125409,409,CDS
38363,11125483,11126149,666,CDS
38364,11126215,11126320,105,CDS
38365,11126389,11126550,161,CDS
38366,11126606,11126848,242,CDS
38367,11126904,11127022,118,CDS
38368,11127078,11127692,614,CDS
38369,11127758,11128279,521,CDS
38370,11128336,11128733,397,CDS
38371,11128807,11128926,119,CDS
38372,11128932,11130645,1713,gene
38373,11130112,11130645,533,mRNA
38374,11128932,11130001,1069,mRNA
38375,11130112,11130317,205,mRNA
38376,11128932,11130001,1069,mRNA
38377,11130112,11130171,59,CDS
38378,11128991,11130001,1010,CDS
38379,11130112,11130171,59,CDS
38380,11128991,11130001,1010,CDS
38381,11130737,11136003,5266,gene
38382,11130737,11131203,466,mRNA
38383,11131264,11131621,357,mRNA
38384,11131675,11131762,87,mRNA
38385,11131887,11132056,169,mRNA
38386,11132122,11132370,248,mRNA
38387,11132453,11136003,3550,mRNA
38388,11130865,11131203,338,CDS
38389,11131264,11131621,357,CDS
38390,11131675,11131762,87,CDS
38391,11131887,11132056,169,CDS
38392,11132122,11132370,248,CDS
38393,11132453,11135487,3034,CDS
38394,11136393,11138565,2172,gene
38395,11136393,11136447,54,mRNA
38396,11136806,11137075,269,mRNA
38397,11137144,11137330,186,mRNA
38398,11137396,11137516,120,mRNA
38399,11137571,11137701,130,mRNA
38400,11137767,11138048,281,mRNA
38401,11138104,11138285,181,mRNA
38402,11138349,11138565,216,mRNA
38403,11136433,11136447,14,CDS
38404,11136806,11137075,269,CDS
38405,11137144,11137330,186,CDS
38406,11137396,11137516,120,CDS
38407,11137571,11137701,130,CDS
38408,11137767,11138048,281,CDS
38409,11138104,11138285,181,CDS
38410,11138349,11138480,131,CDS
38411,11138759,11149101,10342,gene
38412,11148708,11149101,393,mRNA
38413,11144144,11144277,133,mRNA
38414,11143913,11144024,111,mRNA
38415,11143509,11143583,74,mRNA
38416,11143339,11143446,107,mRNA
38417,11143165,11143288,123,mRNA
38418,11142949,11143098,149,mRNA
38419,11142647,11142647,0,mRNA
38420,11142331,11142415,84,mRNA
38421,11142088,11142240,152,mRNA
38422,11141855,11142007,152,mRNA
38423,11141617,11141798,181,mRNA
38424,11141452,11141560,108,mRNA
38425,11141321,11141387,66,mRNA
38426,11141167,11141264,97,mRNA
38427,11140794,11141104,310,mRNA
38428,11140440,11140609,169,mRNA
38429,11140176,11140365,189,mRNA
38430,11139968,11140108,140,mRNA
38431,11139720,11139912,192,mRNA
38432,11139460,11139666,206,mRNA
38433,11139235,11139393,158,mRNA
38434,11138759,11139178,419,mRNA
38435,11148708,11149101,393,mRNA
38436,11144144,11144277,133,mRNA
38437,11143913,11144024,111,mRNA
38438,11143509,11143583,74,mRNA
38439,11143339,11143446,107,mRNA
38440,11143165,11143288,123,mRNA
38441,11142949,11143098,149,mRNA
38442,11142776,11142884,108,mRNA
38443,11142331,11142415,84,mRNA
38444,11142088,11142240,152,mRNA
38445,11141855,11142007,152,mRNA
38446,11141617,11141798,181,mRNA
38447,11141452,11141560,108,mRNA
38448,11141321,11141387,66,mRNA
38449,11141167,11141264,97,mRNA
38450,11140794,11141104,310,mRNA
38451,11140440,11140609,169,mRNA
38452,11140176,11140365,189,mRNA
38453,11139968,11140108,140,mRNA
38454,11139720,11139912,192,mRNA
38455,11139460,11139666,206,mRNA
38456,11139235,11139393,158,mRNA
38457,11138759,11139178,419,mRNA
38458,11148708,11149101,393,mRNA
38459,11144144,11144277,133,mRNA
38460,11143913,11144024,111,mRNA
38461,11143509,11143583,74,mRNA
38462,11143339,11143446,107,mRNA
38463,11143165,11143288,123,mRNA
38464,11142949,11143098,149,mRNA
38465,11142776,11142884,108,mRNA
38466,11142647,11142647,0,mRNA
38467,11142088,11142240,152,mRNA
38468,11141855,11142007,152,mRNA
38469,11141617,11141798,181,mRNA
38470,11141452,11141560,108,mRNA
38471,11141321,11141387,66,mRNA
38472,11141167,11141264,97,mRNA
38473,11140794,11141104,310,mRNA
38474,11140440,11140609,169,mRNA
38475,11140176,11140365,189,mRNA
38476,11139968,11140108,140,mRNA
38477,11139720,11139912,192,mRNA
38478,11139460,11139666,206,mRNA
38479,11139235,11139393,158,mRNA
38480,11138759,11139178,419,mRNA
38481,11148708,11148875,167,CDS
38482,11144144,11144277,133,CDS
38483,11143913,11144024,111,CDS
38484,11143509,11143583,74,CDS
38485,11143339,11143446,107,CDS
38486,11143165,11143288,123,CDS
38487,11142949,11143098,149,CDS
38488,11142647,11142647,0,CDS
38489,11142331,11142415,84,CDS
38490,11142088,11142240,152,CDS
38491,11141855,11142007,152,CDS
38492,11141617,11141798,181,CDS
38493,11141452,11141560,108,CDS
38494,11141321,11141387,66,CDS
38495,11141167,11141264,97,CDS
38496,11140794,11141104,310,CDS
38497,11140440,11140609,169,CDS
38498,11140176,11140365,189,CDS
38499,11139968,11140108,140,CDS
38500,11139720,11139912,192,CDS
38501,11139460,11139666,206,CDS
38502,11139235,11139393,158,CDS
38503,11138801,11139178,377,CDS
38504,11148708,11148875,167,CDS
38505,11144144,11144277,133,CDS
38506,11143913,11144024,111,CDS
38507,11143509,11143583,74,CDS
38508,11143339,11143446,107,CDS
38509,11143165,11143288,123,CDS
38510,11142949,11143098,149,CDS
38511,11142776,11142884,108,CDS
38512,11142331,11142415,84,CDS
38513,11142088,11142240,152,CDS
38514,11141855,11142007,152,CDS
38515,11141617,11141798,181,CDS
38516,11141452,11141560,108,CDS
38517,11141321,11141387,66,CDS
38518,11141167,11141264,97,CDS
38519,11140794,11141104,310,CDS
38520,11140440,11140609,169,CDS
38521,11140176,11140365,189,CDS
38522,11139968,11140108,140,CDS
38523,11139720,11139912,192,CDS
38524,11139460,11139666,206,CDS
38525,11139235,11139393,158,CDS
38526,11138801,11139178,377,CDS
38527,11148708,11148875,167,CDS
38528,11144144,11144277,133,CDS
38529,11143913,11144024,111,CDS
38530,11143509,11143583,74,CDS
38531,11143339,11143446,107,CDS
38532,11143165,11143288,123,CDS
38533,11142949,11143098,149,CDS
38534,11142776,11142884,108,CDS
38535,11142647,11142647,0,CDS
38536,11142088,11142240,152,CDS
38537,11141855,11142007,152,CDS
38538,11141617,11141798,181,CDS
38539,11141452,11141560,108,CDS
38540,11141321,11141387,66,CDS
38541,11141167,11141264,97,CDS
38542,11140794,11141104,310,CDS
38543,11140440,11140609,169,CDS
38544,11140176,11140365,189,CDS
38545,11139968,11140108,140,CDS
38546,11139720,11139912,192,CDS
38547,11139460,11139666,206,CDS
38548,11139235,11139393,158,CDS
38549,11138801,11139178,377,CDS
38550,11144579,11145417,838,gene
38551,11144579,11145417,838,mRNA
38552,11144717,11145417,700,mRNA
38553,11144729,11145355,626,CDS
38554,11144729,11145355,626,CDS
38555,11151506,11155721,4215,gene
38556,11155518,11155721,203,mRNA
38557,11155083,11155133,50,mRNA
38558,11153410,11153564,154,mRNA
38559,11152335,11152554,219,mRNA
38560,11152139,11152271,132,mRNA
38561,11151506,11152026,520,mRNA
38562,11155518,11155601,83,CDS
38563,11155083,11155133,50,CDS
38564,11153410,11153564,154,CDS
38565,11152335,11152554,219,CDS
38566,11152139,11152271,132,CDS
38567,11151671,11152026,355,CDS
38568,11154012,11154293,281,mobile_element
38569,11156118,11203544,47426,gene
38570,11170368,11170873,505,mRNA
38571,11166027,11166143,116,mRNA
38572,11165745,11165966,221,mRNA
38573,11165585,11165678,93,mRNA
38574,11163453,11163949,496,mRNA
38575,11163222,11163389,167,mRNA
38576,11162984,11163098,114,mRNA
38577,11159880,11160336,456,mRNA
38578,11156118,11159729,3611,mRNA
38579,11203309,11203544,235,mRNA
38580,11199594,11199794,200,mRNA
38581,11175161,11175291,130,mRNA
38582,11166027,11166143,116,mRNA
38583,11165745,11165966,221,mRNA
38584,11165585,11165678,93,mRNA
38585,11163453,11163937,484,mRNA
38586,11163222,11163389,167,mRNA
38587,11162984,11163098,114,mRNA
38588,11162262,11162525,263,mRNA
38589,11159880,11160336,456,mRNA
38590,11157195,11159729,2534,mRNA
38591,11170368,11170876,508,mRNA
38592,11166027,11166143,116,mRNA
38593,11165745,11165966,221,mRNA
38594,11165585,11165678,93,mRNA
38595,11163453,11163937,484,mRNA
38596,11163222,11163389,167,mRNA
38597,11162984,11163098,114,mRNA
38598,11161555,11161834,279,mRNA
38599,11159880,11160336,456,mRNA
38600,11157195,11159729,2534,mRNA
38601,11170368,11170873,505,mRNA
38602,11166027,11166143,116,mRNA
38603,11165745,11165966,221,mRNA
38604,11165585,11165678,93,mRNA
38605,11163453,11163937,484,mRNA
38606,11163222,11163389,167,mRNA
38607,11162984,11163098,114,mRNA
38608,11162262,11162525,263,mRNA
38609,11159880,11160336,456,mRNA
38610,11157195,11159729,2534,mRNA
38611,11166690,11167896,1206,mRNA
38612,11166027,11166143,116,mRNA
38613,11165745,11165966,221,mRNA
38614,11165585,11165678,93,mRNA
38615,11163453,11163937,484,mRNA
38616,11163222,11163389,167,mRNA
38617,11162984,11163098,114,mRNA
38618,11159880,11160336,456,mRNA
38619,11157195,11159729,2534,mRNA
38620,11170368,11170873,505,mRNA
38621,11166027,11166143,116,mRNA
38622,11165745,11165966,221,mRNA
38623,11165585,11165678,93,mRNA
38624,11163453,11163937,484,mRNA
38625,11163222,11163389,167,mRNA
38626,11162984,11163098,114,mRNA
38627,11161068,11161290,222,mRNA
38628,11159880,11160336,456,mRNA
38629,11158378,11159729,1351,mRNA
38630,11166690,11167896,1206,mRNA
38631,11166027,11166143,116,mRNA
38632,11165745,11165966,221,mRNA
38633,11165564,11165678,114,mRNA
38634,11163453,11163937,484,mRNA
38635,11163222,11163389,167,mRNA
38636,11162984,11163098,114,mRNA
38637,11161068,11161290,222,mRNA
38638,11159880,11160336,456,mRNA
38639,11158378,11159729,1351,mRNA
38640,11166690,11167896,1206,mRNA
38641,11166027,11166143,116,mRNA
38642,11165745,11165966,221,mRNA
38643,11165564,11165678,114,mRNA
38644,11163453,11163949,496,mRNA
38645,11163222,11163389,167,mRNA
38646,11162984,11163098,114,mRNA
38647,11161555,11161834,279,mRNA
38648,11159880,11160336,456,mRNA
38649,11158378,11159729,1351,mRNA
38650,11166690,11167896,1206,mRNA
38651,11166027,11166143,116,mRNA
38652,11165745,11165966,221,mRNA
38653,11165564,11165678,114,mRNA
38654,11163453,11163949,496,mRNA
38655,11163222,11163389,167,mRNA
38656,11162984,11163098,114,mRNA
38657,11162262,11162525,263,mRNA
38658,11159880,11160336,456,mRNA
38659,11158378,11159729,1351,mRNA
38660,11170368,11170439,71,CDS
38661,11166027,11166143,116,CDS
38662,11165745,11165966,221,CDS
38663,11165585,11165678,93,CDS
38664,11163453,11163937,484,CDS
38665,11163222,11163389,167,CDS
38666,11162984,11163098,114,CDS
38667,11162262,11162525,263,CDS
38668,11159880,11160336,456,CDS
38669,11159270,11159729,459,CDS
38670,11170368,11170439,71,CDS
38671,11166027,11166143,116,CDS
38672,11165745,11165966,221,CDS
38673,11165585,11165678,93,CDS
38674,11163453,11163949,496,CDS
38675,11163222,11163389,167,CDS
38676,11162984,11163098,114,CDS
38677,11159880,11160336,456,CDS
38678,11159270,11159729,459,CDS
38679,11166690,11166809,119,CDS
38680,11166027,11166143,116,CDS
38681,11165745,11165966,221,CDS
38682,11165585,11165678,93,CDS
38683,11163453,11163937,484,CDS
38684,11163222,11163389,167,CDS
38685,11162984,11163098,114,CDS
38686,11159880,11160336,456,CDS
38687,11159270,11159729,459,CDS
38688,11166690,11166809,119,CDS
38689,11166027,11166143,116,CDS
38690,11165745,11165966,221,CDS
38691,11165564,11165678,114,CDS
38692,11163453,11163949,496,CDS
38693,11163222,11163389,167,CDS
38694,11162984,11163098,114,CDS
38695,11162262,11162525,263,CDS
38696,11159880,11160336,456,CDS
38697,11159270,11159729,459,CDS
38698,11165745,11165750,5,CDS
38699,11165585,11165678,93,CDS
38700,11163453,11163937,484,CDS
38701,11163222,11163389,167,CDS
38702,11162984,11163098,114,CDS
38703,11162262,11162525,263,CDS
38704,11159880,11160336,456,CDS
38705,11159270,11159729,459,CDS
38706,11170368,11170439,71,CDS
38707,11166027,11166143,116,CDS
38708,11165745,11165966,221,CDS
38709,11165585,11165678,93,CDS
38710,11163453,11163937,484,CDS
38711,11163222,11163389,167,CDS
38712,11162984,11163098,114,CDS
38713,11161265,11161290,25,CDS
38714,11166690,11166809,119,CDS
38715,11166027,11166143,116,CDS
38716,11165745,11165966,221,CDS
38717,11165564,11165678,114,CDS
38718,11163453,11163937,484,CDS
38719,11163222,11163389,167,CDS
38720,11162984,11163098,114,CDS
38721,11161265,11161290,25,CDS
38722,11170368,11170439,71,CDS
38723,11166027,11166143,116,CDS
38724,11165745,11165966,221,CDS
38725,11165585,11165678,93,CDS
38726,11163453,11163937,484,CDS
38727,11163222,11163389,167,CDS
38728,11162984,11163098,114,CDS
38729,11161788,11161834,46,CDS
38730,11166690,11166809,119,CDS
38731,11166027,11166143,116,CDS
38732,11165745,11165966,221,CDS
38733,11165564,11165678,114,CDS
38734,11163453,11163949,496,CDS
38735,11163222,11163389,167,CDS
38736,11162984,11163098,114,CDS
38737,11161788,11161834,46,CDS
38738,11171167,11171665,498,gene
38739,11171167,11171665,498,mRNA
38740,11171229,11171665,436,mRNA
38741,11171284,11171634,350,CDS
38742,11171284,11171634,350,CDS
38743,11179032,11180430,1398,gene
38744,11179032,11180430,1398,mRNA
38745,11179032,11180231,1199,mRNA
38746,11179232,11179990,758,CDS
38747,11179232,11179990,758,CDS
38748,11205528,11206092,564,gene
38749,11205528,11206092,564,ncRNA
38750,11210678,11261080,50402,gene
38751,11210678,11210747,69,mRNA
38752,11211768,11211963,195,mRNA
38753,11225694,11225884,190,mRNA
38754,11235275,11236066,791,mRNA
38755,11236204,11236828,624,mRNA
38756,11236930,11237220,290,mRNA
38757,11237356,11237554,198,mRNA
38758,11258215,11258916,701,mRNA
38759,11258983,11261080,2097,mRNA
38760,11210678,11210773,95,mRNA
38761,11211768,11211963,195,mRNA
38762,11225694,11225884,190,mRNA
38763,11235275,11236066,791,mRNA
38764,11236204,11236798,594,mRNA
38765,11236930,11237220,290,mRNA
38766,11237356,11237554,198,mRNA
38767,11258215,11258916,701,mRNA
38768,11258983,11260808,1825,mRNA
38769,11210678,11210725,47,mRNA
38770,11211768,11211963,195,mRNA
38771,11225694,11225884,190,mRNA
38772,11235275,11236066,791,mRNA
38773,11236204,11236798,594,mRNA
38774,11236930,11237220,290,mRNA
38775,11237356,11237554,198,mRNA
38776,11258215,11258916,701,mRNA
38777,11258983,11260808,1825,mRNA
38778,11211797,11211963,166,mRNA
38779,11225694,11225884,190,mRNA
38780,11235275,11236066,791,mRNA
38781,11236204,11236828,624,mRNA
38782,11236930,11237220,290,mRNA
38783,11237356,11237554,198,mRNA
38784,11255463,11257466,2003,mRNA
38785,11215132,11218743,3611,mobile_element
38786,11234835,11234912,77,gene
38787,11234835,11234912,77,ncRNA
38788,11234851,11234935,84,mRNA
38789,11235275,11236066,791,mRNA
38790,11236204,11236798,594,mRNA
38791,11236930,11237220,290,mRNA
38792,11237356,11237554,198,mRNA
38793,11258215,11258916,701,mRNA
38794,11258983,11260808,1825,mRNA
38795,11235597,11236066,469,CDS
38796,11236204,11236828,624,CDS
38797,11236930,11237220,290,CDS
38798,11237356,11237554,198,CDS
38799,11258215,11258916,701,CDS
38800,11258983,11259410,427,CDS
38801,11235597,11236066,469,CDS
38802,11236204,11236798,594,CDS
38803,11236930,11237220,290,CDS
38804,11237356,11237554,198,CDS
38805,11258215,11258916,701,CDS
38806,11258983,11259410,427,CDS
38807,11235597,11236066,469,CDS
38808,11236204,11236798,594,CDS
38809,11236930,11237220,290,CDS
38810,11237356,11237554,198,CDS
38811,11258215,11258916,701,CDS
38812,11258983,11259410,427,CDS
38813,11235597,11236066,469,CDS
38814,11236204,11236798,594,CDS
38815,11236930,11237220,290,CDS
38816,11237356,11237554,198,CDS
38817,11258215,11258916,701,CDS
38818,11258983,11259410,427,CDS
38819,11235597,11236066,469,CDS
38820,11236204,11236828,624,CDS
38821,11236930,11237220,290,CDS
38822,11237356,11237554,198,CDS
38823,11255463,11256577,1114,CDS
38824,11261026,11269002,7976,gene
38825,11268708,11269002,294,mRNA
38826,11268510,11268632,122,mRNA
38827,11268106,11268452,346,mRNA
38828,11267151,11268052,901,mRNA
38829,11262819,11266557,3738,mRNA
38830,11262617,11262751,134,mRNA
38831,11262486,11262560,74,mRNA
38832,11262244,11262429,185,mRNA
38833,11262063,11262180,117,mRNA
38834,11261511,11262004,493,mRNA
38835,11261026,11261448,422,mRNA
38836,11268708,11269002,294,mRNA
38837,11268510,11268632,122,mRNA
38838,11268106,11268452,346,mRNA
38839,11267151,11268052,901,mRNA
38840,11262819,11266557,3738,mRNA
38841,11262617,11262751,134,mRNA
38842,11262486,11262560,74,mRNA
38843,11262244,11262429,185,mRNA
38844,11262063,11262180,117,mRNA
38845,11261511,11262004,493,mRNA
38846,11261026,11261454,428,mRNA
38847,11268708,11269002,294,mRNA
38848,11268510,11268632,122,mRNA
38849,11268106,11268452,346,mRNA
38850,11267151,11268052,901,mRNA
38851,11266882,11267046,164,mRNA
38852,11262819,11266557,3738,mRNA
38853,11262617,11262751,134,mRNA
38854,11262486,11262560,74,mRNA
38855,11262244,11262420,176,mRNA
38856,11262063,11262180,117,mRNA
38857,11261511,11262004,493,mRNA
38858,11261026,11261454,428,mRNA
38859,11268708,11269002,294,mRNA
38860,11268510,11268632,122,mRNA
38861,11268106,11268452,346,mRNA
38862,11267151,11268052,901,mRNA
38863,11266882,11267046,164,mRNA
38864,11262819,11266557,3738,mRNA
38865,11262617,11262751,134,mRNA
38866,11262486,11262560,74,mRNA
38867,11262244,11262429,185,mRNA
38868,11262063,11262180,117,mRNA
38869,11261511,11262004,493,mRNA
38870,11261026,11261454,428,mRNA
38871,11268708,11268846,138,CDS
38872,11268510,11268632,122,CDS
38873,11268106,11268452,346,CDS
38874,11267151,11268052,901,CDS
38875,11262819,11266557,3738,CDS
38876,11262617,11262751,134,CDS
38877,11262486,11262560,74,CDS
38878,11262244,11262429,185,CDS
38879,11262063,11262180,117,CDS
38880,11261511,11262004,493,CDS
38881,11261308,11261448,140,CDS
38882,11268708,11268846,138,CDS
38883,11268510,11268632,122,CDS
38884,11268106,11268452,346,CDS
38885,11267151,11268052,901,CDS
38886,11262819,11266557,3738,CDS
38887,11262617,11262751,134,CDS
38888,11262486,11262560,74,CDS
38889,11262244,11262429,185,CDS
38890,11262063,11262180,117,CDS
38891,11261511,11262004,493,CDS
38892,11261308,11261454,146,CDS
38893,11268708,11268846,138,CDS
38894,11268510,11268632,122,CDS
38895,11268106,11268452,346,CDS
38896,11267151,11268052,901,CDS
38897,11266882,11267046,164,CDS
38898,11262819,11266557,3738,CDS
38899,11262617,11262751,134,CDS
38900,11262486,11262560,74,CDS
38901,11262244,11262420,176,CDS
38902,11262063,11262180,117,CDS
38903,11261511,11262004,493,CDS
38904,11261308,11261454,146,CDS
38905,11268708,11268846,138,CDS
38906,11268510,11268632,122,CDS
38907,11268106,11268452,346,CDS
38908,11267151,11268052,901,CDS
38909,11266882,11267046,164,CDS
38910,11262819,11266557,3738,CDS
38911,11262617,11262751,134,CDS
38912,11262486,11262560,74,CDS
38913,11262244,11262429,185,CDS
38914,11262063,11262180,117,CDS
38915,11261511,11262004,493,CDS
38916,11261308,11261454,146,CDS
38917,11269780,11277846,8066,gene
38918,11269780,11270042,262,mRNA
38919,11270118,11270240,122,mRNA
38920,11270298,11270644,346,mRNA
38921,11270698,11271533,835,mRNA
38922,11272685,11276075,3390,mRNA
38923,11276137,11276337,200,mRNA
38924,11276399,11276548,149,mRNA
38925,11276605,11276856,251,mRNA
38926,11276921,11277196,275,mRNA
38927,11277255,11277375,120,mRNA
38928,11277441,11277846,405,mRNA
38929,11269904,11270042,138,CDS
38930,11270118,11270240,122,CDS
38931,11270298,11270644,346,CDS
38932,11270698,11271533,835,CDS
38933,11272685,11276075,3390,CDS
38934,11276137,11276337,200,CDS
38935,11276399,11276548,149,CDS
38936,11276605,11276856,251,CDS
38937,11276921,11277196,275,CDS
38938,11277255,11277335,80,CDS
38939,11271810,11272291,481,mRNA
38940,11272685,11276075,3390,mRNA
38941,11276137,11276337,200,mRNA
38942,11276399,11276548,149,mRNA
38943,11276605,11276856,251,mRNA
38944,11276921,11277196,275,mRNA
38945,11277255,11277375,120,mRNA
38946,11277441,11277846,405,mRNA
38947,11271816,11272291,475,mRNA
38948,11272497,11272618,121,mRNA
38949,11272685,11276075,3390,mRNA
38950,11276137,11276337,200,mRNA
38951,11276399,11276548,149,mRNA
38952,11276605,11276856,251,mRNA
38953,11276921,11277196,275,mRNA
38954,11277255,11277375,120,mRNA
38955,11277441,11277846,405,mRNA
38956,11272806,11276075,3269,CDS
38957,11276137,11276337,200,CDS
38958,11276399,11276548,149,CDS
38959,11276605,11276856,251,CDS
38960,11276921,11277196,275,CDS
38961,11277255,11277335,80,CDS
38962,11272806,11276075,3269,CDS
38963,11276137,11276337,200,CDS
38964,11276399,11276548,149,CDS
38965,11276605,11276856,251,CDS
38966,11276921,11277196,275,CDS
38967,11277255,11277335,80,CDS
38968,11278021,11279982,1961,gene
38969,11278021,11278130,109,mRNA
38970,11278394,11278485,91,mRNA
38971,11278755,11279982,1227,mRNA
38972,11278021,11278130,109,mRNA
38973,11278394,11278485,91,mRNA
38974,11278575,11278673,98,mRNA
38975,11278755,11279847,1092,mRNA
38976,11278113,11278130,17,CDS
38977,11278394,11278485,91,CDS
38978,11278575,11278673,98,CDS
38979,11278755,11279463,708,CDS
38980,11278113,11278130,17,CDS
38981,11278394,11278485,91,CDS
38982,11278755,11279463,708,CDS
38983,11278151,11278322,171,mRNA
38984,11278394,11278485,91,mRNA
38985,11278575,11278673,98,mRNA
38986,11278755,11279847,1092,mRNA
38987,11278279,11278485,206,mRNA
38988,11278755,11279847,1092,mRNA
38989,11278370,11278485,115,CDS
38990,11278755,11279463,708,CDS
38991,11278451,11278485,34,CDS
38992,11278575,11278673,98,CDS
38993,11278755,11279463,708,CDS
38994,11280057,11280577,520,gene
38995,11280057,11280577,520,ncRNA
38996,11280298,11281920,1622,gene
38997,11280298,11280515,217,mRNA
38998,11280617,11280758,141,mRNA
38999,11280821,11280928,107,mRNA
39000,11281133,11281406,273,mRNA
39001,11281472,11281920,448,mRNA
39002,11280372,11280515,143,CDS
39003,11280617,11280758,141,CDS
39004,11280821,11280928,107,CDS
39005,11281133,11281406,273,CDS
39006,11281472,11281670,198,CDS
39007,11282090,11284335,2245,gene
39008,11282090,11282406,316,mRNA
39009,11282459,11283533,1074,mRNA
39010,11283593,11283753,160,mRNA
39011,11283809,11284118,309,mRNA
39012,11284186,11284335,149,mRNA
39013,11282180,11282406,226,CDS
39014,11282459,11283533,1074,CDS
39015,11283593,11283753,160,CDS
39016,11283809,11284118,309,CDS
39017,11284186,11284275,89,CDS
39018,11284327,11285706,1379,gene
39019,11284891,11285706,815,mRNA
39020,11284327,11284721,394,mRNA
39021,11284891,11285603,712,CDS
39022,11284586,11284721,135,CDS
39023,11290632,11291077,445,gene
39024,11290632,11291077,445,ncRNA
39025,11300407,11300445,38,mobile_element
39026,11307753,11308038,285,gene
39027,11307753,11308038,285,ncRNA
39028,11315294,11317659,2365,mobile_element
39029,11318944,11319259,315,gene
39030,11318944,11319259,315,ncRNA
39031,11321942,11321975,33,mobile_element
39032,11331889,11332736,847,gene
39033,11332707,11332736,29,ncRNA
39034,11331889,11332213,324,ncRNA
39035,11338551,11338920,369,gene
39036,11338551,11338920,369,ncRNA
39037,11342301,11343318,1017,gene
39038,11343100,11343318,218,mRNA
39039,11342837,11343045,208,mRNA
39040,11342583,11342779,196,mRNA
39041,11342301,11342528,227,mRNA
39042,11343100,11343263,163,mRNA
39043,11342837,11343045,208,mRNA
39044,11342583,11342779,196,mRNA
39045,11342336,11342528,192,mRNA
39046,11343100,11343238,138,mRNA
39047,11342837,11343045,208,mRNA
39048,11342583,11342779,196,mRNA
39049,11342336,11342528,192,mRNA
39050,11343100,11343168,68,CDS
39051,11342837,11343045,208,CDS
39052,11342583,11342779,196,CDS
39053,11342479,11342528,49,CDS
39054,11343100,11343168,68,CDS
39055,11342837,11343045,208,CDS
39056,11342583,11342779,196,CDS
39057,11342479,11342528,49,CDS
39058,11343100,11343168,68,CDS
39059,11342837,11343045,208,CDS
39060,11342583,11342779,196,CDS
39061,11342479,11342528,49,CDS
39062,11354001,11354329,328,gene
39063,11354001,11354329,328,ncRNA
39064,11358873,11373636,14763,gene
39065,11358873,11359761,888,mRNA
39066,11366344,11369008,2664,mRNA
39067,11369726,11369886,160,mRNA
39068,11371879,11372140,261,mRNA
39069,11372203,11372435,232,mRNA
39070,11372525,11372722,197,mRNA
39071,11372856,11373636,780,mRNA
39072,11365289,11365635,346,mRNA
39073,11366344,11369008,2664,mRNA
39074,11369726,11369886,160,mRNA
39075,11371879,11372140,261,mRNA
39076,11372203,11372435,232,mRNA
39077,11372525,11372722,197,mRNA
39078,11372856,11373397,541,mRNA
39079,11365289,11365369,80,mRNA
39080,11366344,11369008,2664,mRNA
39081,11369726,11369886,160,mRNA
39082,11371879,11372140,261,mRNA
39083,11372203,11372435,232,mRNA
39084,11372525,11372722,197,mRNA
39085,11372856,11373397,541,mRNA
39086,11366413,11369008,2595,CDS
39087,11369726,11369886,160,CDS
39088,11371879,11372140,261,CDS
39089,11372203,11372435,232,CDS
39090,11372525,11372722,197,CDS
39091,11372856,11373209,353,CDS
39092,11366413,11369008,2595,CDS
39093,11369726,11369886,160,CDS
39094,11371879,11372140,261,CDS
39095,11372203,11372435,232,CDS
39096,11372525,11372722,197,CDS
39097,11372856,11373209,353,CDS
39098,11366413,11369008,2595,CDS
39099,11369726,11369886,160,CDS
39100,11371879,11372140,261,CDS
39101,11372203,11372435,232,CDS
39102,11372525,11372722,197,CDS
39103,11372856,11373209,353,CDS
39104,11387870,11392320,4450,gene
39105,11392235,11392320,85,ncRNA
39106,11387870,11391418,3548,ncRNA
39107,11392235,11392298,63,ncRNA
39108,11390862,11391418,556,ncRNA
39109,11390111,11390639,528,ncRNA
39110,11434311,11445614,11303,gene
39111,11445028,11445614,586,mRNA
39112,11436416,11440251,3835,mRNA
39113,11436216,11436292,76,mRNA
39114,11434311,11435924,1613,mRNA
39115,11445028,11445614,586,mRNA
39116,11436416,11440251,3835,mRNA
39117,11436212,11436292,80,mRNA
39118,11434311,11435924,1613,mRNA
39119,11445028,11445178,150,CDS
39120,11436416,11440251,3835,CDS
39121,11436212,11436292,80,CDS
39122,11435895,11435924,29,CDS
39123,11445028,11445178,150,CDS
39124,11436416,11440251,3835,CDS
39125,11436216,11436292,76,CDS
39126,11435921,11435924,3,CDS
39127,11484707,11486949,2242,gene
39128,11484707,11486949,2242,gene
39129,11484707,11485031,324,mRNA
39130,11485181,11485754,573,mRNA
39131,11486082,11486221,139,mRNA
39132,11486292,11486949,657,mRNA
39133,11484707,11485031,324,mRNA
39134,11485181,11485754,573,mRNA
39135,11486082,11486221,139,mRNA
39136,11486292,11486949,657,mRNA
39137,11484820,11485031,211,mRNA
39138,11485181,11485783,602,mRNA
39139,11485215,11485727,512,CDS
39140,11485215,11485727,512,CDS
39141,11486182,11486221,39,mRNA
39142,11486292,11486949,657,mRNA
39143,11486210,11486221,11,CDS
39144,11486292,11486708,416,CDS
39145,11486210,11486221,11,CDS
39146,11486292,11486708,416,CDS
39147,11496804,11498948,2144,gene
39148,11498810,11498948,138,mRNA
39149,11498267,11498739,472,mRNA
39150,11497995,11498208,213,mRNA
39151,11497730,11497911,181,mRNA
39152,11496804,11497671,867,mRNA
39153,11498810,11498882,72,CDS
39154,11498267,11498739,472,CDS
39155,11497995,11498208,213,CDS
39156,11497730,11497911,181,CDS
39157,11496901,11497671,770,CDS
39158,11501715,11508649,6934,gene
39159,11501715,11502173,458,mRNA
39160,11506096,11507384,1288,mRNA
39161,11507444,11508649,1205,mRNA
39162,11502123,11502173,50,CDS
39163,11506096,11507384,1288,CDS
39164,11507444,11507897,453,CDS
39165,11508399,11517081,8682,gene
39166,11516866,11517081,215,mRNA
39167,11516723,11516801,78,mRNA
39168,11516509,11516657,148,mRNA
39169,11515726,11515817,91,mRNA
39170,11511609,11515673,4064,mRNA
39171,11511179,11511544,365,mRNA
39172,11510596,11510850,254,mRNA
39173,11510321,11510540,219,mRNA
39174,11510024,11510262,238,mRNA
39175,11509735,11509964,229,mRNA
39176,11509467,11509683,216,mRNA
39177,11508399,11509403,1004,mRNA
39178,11516723,11517081,358,mRNA
39179,11516509,11516657,148,mRNA
39180,11515726,11515817,91,mRNA
39181,11511609,11515673,4064,mRNA
39182,11511056,11511544,488,mRNA
39183,11510596,11510850,254,mRNA
39184,11510321,11510540,219,mRNA
39185,11510024,11510262,238,mRNA
39186,11509735,11509964,229,mRNA
39187,11509467,11509683,216,mRNA
39188,11508399,11509403,1004,mRNA
39189,11516509,11517081,572,mRNA
39190,11515726,11515817,91,mRNA
39191,11511609,11515670,4061,mRNA
39192,11511179,11511544,365,mRNA
39193,11510596,11510850,254,mRNA
39194,11510321,11510540,219,mRNA
39195,11510024,11510262,238,mRNA
39196,11509735,11509964,229,mRNA
39197,11509467,11509683,216,mRNA
39198,11508399,11509403,1004,mRNA
39199,11516509,11517081,572,mRNA
39200,11515726,11515817,91,mRNA
39201,11511609,11515673,4064,mRNA
39202,11511179,11511544,365,mRNA
39203,11510596,11510850,254,mRNA
39204,11510321,11510540,219,mRNA
39205,11510024,11510262,238,mRNA
39206,11509735,11509964,229,mRNA
39207,11509467,11509683,216,mRNA
39208,11508774,11509403,629,mRNA
39209,11515726,11515780,54,CDS
39210,11511609,11515670,4061,CDS
39211,11511179,11511544,365,CDS
39212,11510596,11510850,254,CDS
39213,11510321,11510540,219,CDS
39214,11510024,11510262,238,CDS
39215,11509735,11509964,229,CDS
39216,11509467,11509683,216,CDS
39217,11509300,11509403,103,CDS
39218,11515726,11515780,54,CDS
39219,11511609,11515673,4064,CDS
39220,11511179,11511544,365,CDS
39221,11510596,11510850,254,CDS
39222,11510321,11510540,219,CDS
39223,11510024,11510262,238,CDS
39224,11509735,11509964,229,CDS
39225,11509467,11509683,216,CDS
39226,11509300,11509403,103,CDS
39227,11515726,11515780,54,CDS
39228,11511609,11515673,4064,CDS
39229,11511179,11511544,365,CDS
39230,11510596,11510850,254,CDS
39231,11510321,11510540,219,CDS
39232,11510024,11510262,238,CDS
39233,11509735,11509964,229,CDS
39234,11509467,11509683,216,CDS
39235,11509300,11509403,103,CDS
39236,11515726,11515780,54,CDS
39237,11511609,11515673,4064,CDS
39238,11511171,11511544,373,CDS
39239,11517391,11519783,2392,gene
39240,11517391,11518952,1561,mRNA
39241,11519010,11519114,104,mRNA
39242,11519172,11519268,96,mRNA
39243,11519321,11519783,462,mRNA
39244,11517492,11518952,1460,CDS
39245,11519010,11519114,104,CDS
39246,11519172,11519268,96,CDS
39247,11519321,11519730,409,CDS
39248,11519832,11521444,1612,gene
39249,11519832,11520358,526,mRNA
39250,11520457,11521444,987,mRNA
39251,11519832,11520417,585,mRNA
39252,11519944,11520333,389,CDS
39253,11519944,11520333,389,CDS
39254,11520358,11521285,927,gene
39255,11521118,11521285,167,mRNA
39256,11520358,11521055,697,mRNA
39257,11521118,11521259,141,CDS
39258,11520451,11521055,604,CDS
39259,11521765,11522776,1011,gene
39260,11522664,11522776,112,mRNA
39261,11521765,11522380,615,mRNA
39262,11521807,11522379,572,CDS
39263,11523021,11528205,5184,gene
39264,11528121,11528205,84,mRNA
39265,11524568,11525667,1099,mRNA
39266,11523021,11524499,1478,mRNA
39267,11528121,11528205,84,mRNA
39268,11524568,11525667,1099,mRNA
39269,11523304,11524499,1195,mRNA
39270,11528121,11528205,84,mRNA
39271,11525917,11526012,95,mRNA
39272,11524568,11525667,1099,mRNA
39273,11523304,11524499,1195,mRNA
39274,11524568,11525666,1098,CDS
39275,11523550,11524499,949,CDS
39276,11524568,11525666,1098,CDS
39277,11523550,11524499,949,CDS
39278,11524568,11525666,1098,CDS
39279,11523550,11524499,949,CDS
39280,11529038,11531052,2014,gene
39281,11530574,11531052,478,mRNA
39282,11529038,11530183,1145,mRNA
39283,11530574,11531052,478,mRNA
39284,11529524,11530183,659,mRNA
39285,11530574,11530994,420,CDS
39286,11529549,11530183,634,CDS
39287,11530574,11530994,420,CDS
39288,11529549,11530183,634,CDS
39289,11531820,11533756,1936,gene
39290,11531820,11531907,87,mRNA
39291,11531962,11532179,217,mRNA
39292,11532236,11532851,615,mRNA
39293,11532916,11533443,527,mRNA
39294,11533502,11533756,254,mRNA
39295,11531881,11531907,26,CDS
39296,11531962,11532179,217,CDS
39297,11532236,11532851,615,CDS
39298,11532916,11533443,527,CDS
39299,11533502,11533720,218,CDS
39300,11531966,11534547,2581,gene
39301,11533877,11534547,670,ncRNA
39302,11533279,11533693,414,ncRNA
39303,11531966,11533194,1228,ncRNA
39304,11533877,11534547,670,ncRNA
39305,11532826,11533693,867,ncRNA
39306,11536145,11536844,699,gene
39307,11536145,11536446,301,mRNA
39308,11536507,11536844,337,mRNA
39309,11536546,11536713,167,CDS
39310,11540638,11547982,7344,mobile_element
39311,11548640,11550035,1395,gene
39312,11549749,11550035,286,ncRNA
39313,11548640,11549380,740,ncRNA
39314,11561201,11561966,765,gene
39315,11561201,11561966,765,ncRNA
39316,11562555,11562621,66,mobile_element
39317,11563692,11568837,5145,mobile_element
39318,11581937,11626883,44946,gene
39319,11581937,11583102,1165,mRNA
39320,11590748,11590793,45,mRNA
39321,11606514,11606544,30,mRNA
39322,11621188,11626883,5695,mRNA
39323,11585433,11586833,1400,gene
39324,11586688,11586833,145,mRNA
39325,11585433,11586614,1181,mRNA
39326,11586688,11586833,145,mRNA
39327,11586352,11586628,276,mRNA
39328,11585433,11586270,837,mRNA
39329,11586688,11586833,145,mRNA
39330,11585433,11586628,1195,mRNA
39331,11586352,11586603,251,CDS
39332,11585524,11586270,746,CDS
39333,11585524,11586603,1079,CDS
39334,11585524,11586603,1079,CDS
39335,11588576,11589181,605,gene
39336,11588576,11589181,605,ncRNA
39337,11591339,11591678,339,gene
39338,11591339,11591678,339,mRNA
39339,11591525,11591668,143,CDS
39340,11610510,11611772,1262,gene
39341,11611599,11611772,173,mRNA
39342,11610971,11611540,569,mRNA
39343,11610749,11610915,166,mRNA
39344,11610510,11610689,179,mRNA
39345,11611599,11611664,65,CDS
39346,11610971,11611540,569,CDS
39347,11610749,11610915,166,CDS
39348,11610665,11610689,24,CDS
39349,11614108,11615544,1436,mobile_element
39350,11621819,11624503,2684,CDS
39351,11644619,11648839,4220,gene
39352,11647450,11648839,1389,mRNA
39353,11646947,11647389,442,mRNA
39354,11646558,11646889,331,mRNA
39355,11645920,11646445,525,mRNA
39356,11645601,11645861,260,mRNA
39357,11645396,11645545,149,mRNA
39358,11644619,11645341,722,mRNA
39359,11647450,11648839,1389,mRNA
39360,11646947,11647389,442,mRNA
39361,11646558,11646889,331,mRNA
39362,11645920,11646450,530,mRNA
39363,11645601,11645861,260,mRNA
39364,11645396,11645545,149,mRNA
39365,11644619,11645341,722,mRNA
39366,11647450,11648839,1389,mRNA
39367,11646947,11647389,442,mRNA
39368,11646558,11646889,331,mRNA
39369,11645920,11646445,525,mRNA
39370,11645601,11645861,260,mRNA
39371,11645396,11645545,149,mRNA
39372,11645139,11645341,202,mRNA
39373,11647450,11648779,1329,CDS
39374,11646947,11647389,442,CDS
39375,11646558,11646889,331,CDS
39376,11645920,11646445,525,CDS
39377,11645601,11645861,260,CDS
39378,11645396,11645545,149,CDS
39379,11645207,11645341,134,CDS
39380,11647450,11648779,1329,CDS
39381,11646947,11647389,442,CDS
39382,11646558,11646889,331,CDS
39383,11645920,11646445,525,CDS
39384,11645601,11645861,260,CDS
39385,11645396,11645545,149,CDS
39386,11645207,11645341,134,CDS
39387,11647450,11648779,1329,CDS
39388,11646947,11647389,442,CDS
39389,11646558,11646889,331,CDS
39390,11646441,11646450,9,CDS
39391,11651331,11652010,679,gene
39392,11651331,11652010,679,mRNA
39393,11651391,11651939,548,CDS
39394,11652448,11654164,1716,gene
39395,11652448,11652569,121,mRNA
39396,11652621,11654164,1543,mRNA
39397,11652448,11652569,121,mRNA
39398,11652630,11653837,1207,mRNA
39399,11652655,11653758,1103,CDS
39400,11652655,11653758,1103,CDS
39401,11657410,11657992,582,gene
39402,11657410,11657992,582,mRNA
39403,11657469,11657849,380,CDS
39404,11660292,11660937,645,gene
39405,11660292,11660937,645,ncRNA
39406,11661690,11662172,482,gene
39407,11662043,11662172,129,ncRNA
39408,11661690,11661941,251,ncRNA
39409,11662002,11662404,402,gene
39410,11662002,11662404,402,ncRNA
39411,11663259,11663872,613,gene
39412,11663259,11663872,613,mRNA
39413,11663311,11663418,107,CDS
39414,11665241,11665810,569,gene
39415,11665241,11665810,569,ncRNA
39416,11694804,11696107,1303,gene
39417,11694804,11695206,402,mRNA
39418,11695293,11696107,814,mRNA
39419,11694880,11695206,326,CDS
39420,11695293,11696072,779,CDS
39421,11713562,11720972,7410,mobile_element
39422,11721286,11722098,812,gene
39423,11721286,11722098,812,ncRNA
39424,11736402,11737541,1139,gene
39425,11736402,11736801,399,ncRNA
39426,11736871,11737541,670,ncRNA
39427,11738948,11744524,5576,gene
39428,11738948,11739036,88,mRNA
39429,11741530,11743729,2199,mRNA
39430,11743834,11744005,171,mRNA
39431,11744068,11744524,456,mRNA
39432,11738948,11739036,88,mRNA
39433,11741530,11743729,2199,mRNA
39434,11743834,11744005,171,mRNA
39435,11744068,11744292,224,mRNA
39436,11741551,11743729,2178,CDS
39437,11743834,11744005,171,CDS
39438,11744068,11744161,93,CDS
39439,11741551,11743729,2178,CDS
39440,11743834,11744005,171,CDS
39441,11744068,11744161,93,CDS
39442,11743746,11744422,676,gene
39443,11743746,11744422,676,ncRNA
39444,11752973,11753555,582,gene
39445,11753458,11753555,97,mRNA
39446,11752973,11753401,428,mRNA
39447,11753458,11753530,72,CDS
39448,11753199,11753401,202,CDS
39449,11753640,11754022,382,gene
39450,11753938,11754022,84,mRNA
39451,11753640,11753884,244,mRNA
39452,11753938,11754022,84,CDS
39453,11753718,11753884,166,CDS
39454,11754085,11754502,417,gene
39455,11754404,11754502,98,mRNA
39456,11754085,11754344,259,mRNA
39457,11754404,11754479,75,CDS
39458,11754139,11754344,205,CDS
39459,11788334,11789475,1141,gene
39460,11788334,11788590,256,mRNA
39461,11788653,11788777,124,mRNA
39462,11788834,11789475,641,mRNA
39463,11788437,11788590,153,mRNA
39464,11788653,11788768,115,mRNA
39465,11788834,11789475,641,mRNA
39466,11788542,11788590,48,CDS
39467,11788653,11788777,124,CDS
39468,11788834,11789331,497,CDS
39469,11788542,11788590,48,CDS
39470,11788653,11788768,115,CDS
39471,11788834,11789331,497,CDS
39472,11789919,11791011,1092,gene
39473,11789919,11790005,86,mRNA
39474,11790059,11790115,56,mRNA
39475,11790176,11790214,38,mRNA
39476,11790272,11790310,38,mRNA
39477,11790370,11790426,56,mRNA
39478,11790483,11791011,528,mRNA
39479,11789919,11790005,86,mRNA
39480,11790059,11790115,56,mRNA
39481,11790176,11790214,38,mRNA
39482,11790370,11790426,56,mRNA
39483,11790483,11791011,528,mRNA
39484,11790004,11790005,1,CDS
39485,11790059,11790115,56,CDS
39486,11790176,11790214,38,CDS
39487,11790272,11790310,38,CDS
39488,11790370,11790426,56,CDS
39489,11790483,11790936,453,CDS
39490,11790004,11790005,1,CDS
39491,11790059,11790115,56,CDS
39492,11790176,11790214,38,CDS
39493,11790370,11790426,56,CDS
39494,11790483,11790936,453,CDS
39495,11791025,11792365,1340,gene
39496,11791551,11792365,814,mRNA
39497,11791268,11791375,107,mRNA
39498,11791025,11791212,187,mRNA
39499,11791551,11792303,752,CDS
39500,11791268,11791375,107,CDS
39501,11791093,11791212,119,CDS
39502,11792412,11794086,1674,gene
39503,11794026,11794086,60,mRNA
39504,11792412,11793946,1534,mRNA
39505,11794026,11794047,21,CDS
39506,11792631,11793946,1315,CDS
39507,11794327,11809438,15111,gene
39508,11809126,11809438,312,mRNA
39509,11803785,11803898,113,mRNA
39510,11802371,11803674,1303,mRNA
39511,11798665,11799402,737,mRNA
39512,11797829,11798041,212,mRNA
39513,11794327,11797741,3414,mRNA
39514,11809126,11809438,312,mRNA
39515,11803785,11803898,113,mRNA
39516,11802371,11803674,1303,mRNA
39517,11800155,11800322,167,mRNA
39518,11799235,11799405,170,mRNA
39519,11798665,11799150,485,mRNA
39520,11797829,11798041,212,mRNA
39521,11794327,11797741,3414,mRNA
39522,11809126,11809438,312,mRNA
39523,11806048,11806157,109,mRNA
39524,11803785,11803898,113,mRNA
39525,11802905,11803674,769,mRNA
39526,11800155,11800322,167,mRNA
39527,11798665,11799405,740,mRNA
39528,11794327,11797741,3414,mRNA
39529,11809126,11809438,312,mRNA
39530,11806048,11806157,109,mRNA
39531,11803785,11803898,113,mRNA
39532,11802287,11803674,1387,mRNA
39533,11799235,11799402,167,mRNA
39534,11798665,11799150,485,mRNA
39535,11797829,11798041,212,mRNA
39536,11794327,11797741,3414,mRNA
39537,11809126,11809438,312,mRNA
39538,11806048,11806157,109,mRNA
39539,11803785,11803898,113,mRNA
39540,11802287,11803674,1387,mRNA
39541,11800155,11800322,167,mRNA
39542,11798665,11799402,737,mRNA
39543,11797829,11798041,212,mRNA
39544,11795169,11797741,2572,mRNA
39545,11808014,11808972,958,mRNA
39546,11803785,11803898,113,mRNA
39547,11802287,11803674,1387,mRNA
39548,11800155,11800322,167,mRNA
39549,11798665,11799402,737,mRNA
39550,11797829,11798041,212,mRNA
39551,11795172,11797741,2569,mRNA
39552,11808014,11808972,958,mRNA
39553,11806048,11806157,109,mRNA
39554,11803785,11803898,113,mRNA
39555,11802905,11803674,769,mRNA
39556,11800155,11800322,167,mRNA
39557,11798665,11799402,737,mRNA
39558,11797829,11798041,212,mRNA
39559,11795172,11797741,2569,mRNA
39560,11808014,11808972,958,mRNA
39561,11806048,11806157,109,mRNA
39562,11803785,11803898,113,mRNA
39563,11802287,11803674,1387,mRNA
39564,11800155,11800322,167,mRNA
39565,11798665,11799402,737,mRNA
39566,11795172,11797741,2569,mRNA
39567,11808014,11808972,958,mRNA
39568,11806048,11806157,109,mRNA
39569,11803785,11803898,113,mRNA
39570,11802287,11803674,1387,mRNA
39571,11800155,11800322,167,mRNA
39572,11798665,11799402,737,mRNA
39573,11797829,11798041,212,mRNA
39574,11795496,11797741,2245,mRNA
39575,11802905,11803439,534,CDS
39576,11800155,11800322,167,CDS
39577,11798665,11799402,737,CDS
39578,11797829,11798041,212,CDS
39579,11797125,11797741,616,CDS
39580,11802905,11803439,534,CDS
39581,11800155,11800322,167,CDS
39582,11798665,11799405,740,CDS
39583,11797125,11797741,616,CDS
39584,11802371,11803439,1068,CDS
39585,11798665,11799402,737,CDS
39586,11797829,11798041,212,CDS
39587,11797125,11797741,616,CDS
39588,11802371,11803439,1068,CDS
39589,11800155,11800322,167,CDS
39590,11799235,11799405,170,CDS
39591,11798665,11799150,485,CDS
39592,11797829,11798041,212,CDS
39593,11797125,11797741,616,CDS
39594,11802287,11803439,1152,CDS
39595,11799235,11799402,167,CDS
39596,11798665,11799150,485,CDS
39597,11797829,11798041,212,CDS
39598,11797125,11797741,616,CDS
39599,11802287,11803439,1152,CDS
39600,11800155,11800322,167,CDS
39601,11798665,11799402,737,CDS
39602,11797125,11797741,616,CDS
39603,11802287,11803439,1152,CDS
39604,11800155,11800322,167,CDS
39605,11798665,11799402,737,CDS
39606,11797829,11798041,212,CDS
39607,11797125,11797741,616,CDS
39608,11802287,11803439,1152,CDS
39609,11800155,11800322,167,CDS
39610,11798665,11799402,737,CDS
39611,11797829,11798041,212,CDS
39612,11797125,11797741,616,CDS
39613,11802287,11803439,1152,CDS
39614,11800155,11800322,167,CDS
39615,11798665,11799402,737,CDS
39616,11797829,11798041,212,CDS
39617,11797125,11797741,616,CDS
39618,11798105,11798195,90,gene
39619,11798105,11798195,90,ncRNA
39620,11805123,11805161,38,mobile_element
39621,11810092,11813780,3688,gene
39622,11813725,11813780,55,mRNA
39623,11811594,11812682,1088,mRNA
39624,11810092,11811499,1407,mRNA
39625,11813725,11813780,55,mRNA
39626,11811594,11812682,1088,mRNA
39627,11810497,11811499,1002,mRNA
39628,11811594,11812431,837,CDS
39629,11811117,11811499,382,CDS
39630,11811594,11812431,837,CDS
39631,11811117,11811499,382,CDS
39632,11814156,11928572,114416,gene
39633,11928543,11928572,29,mRNA
39634,11925542,11925728,186,mRNA
39635,11911686,11911708,22,mRNA
39636,11838483,11838773,290,mRNA
39637,11835090,11835651,561,mRNA
39638,11833260,11833373,113,mRNA
39639,11830277,11830831,554,mRNA
39640,11818600,11818849,249,mRNA
39641,11817353,11818493,1140,mRNA
39642,11814156,11816706,2550,mRNA
39643,11821007,11821625,618,mRNA
39644,11818600,11818849,249,mRNA
39645,11817353,11818493,1140,mRNA
39646,11814156,11816706,2550,mRNA
39647,11896211,11896778,567,mRNA
39648,11838483,11838773,290,mRNA
39649,11835090,11835651,561,mRNA
39650,11833260,11833373,113,mRNA
39651,11818600,11818849,249,mRNA
39652,11817353,11818493,1140,mRNA
39653,11814930,11816706,1776,mRNA
39654,11896211,11896778,567,mRNA
39655,11838483,11838773,290,mRNA
39656,11835090,11835651,561,mRNA
39657,11833260,11833373,113,mRNA
39658,11832725,11832787,62,mRNA
39659,11830277,11830831,554,mRNA
39660,11818600,11818849,249,mRNA
39661,11817353,11818493,1140,mRNA
39662,11814930,11816706,1776,mRNA
39663,11877097,11877237,140,mRNA
39664,11838483,11838773,290,mRNA
39665,11835090,11835651,561,mRNA
39666,11833260,11833373,113,mRNA
39667,11832725,11832787,62,mRNA
39668,11830277,11830831,554,mRNA
39669,11818600,11818849,249,mRNA
39670,11817353,11818493,1140,mRNA
39671,11814930,11816706,1776,mRNA
39672,11874257,11874459,202,mRNA
39673,11858891,11859560,669,mRNA
39674,11838483,11838773,290,mRNA
39675,11835090,11835651,561,mRNA
39676,11833260,11833373,113,mRNA
39677,11830277,11830831,554,mRNA
39678,11818600,11818849,249,mRNA
39679,11817353,11818493,1140,mRNA
39680,11814930,11816706,1776,mRNA
39681,11874257,11874459,202,mRNA
39682,11858891,11859560,669,mRNA
39683,11838483,11838773,290,mRNA
39684,11835090,11835651,561,mRNA
39685,11833260,11833373,113,mRNA
39686,11832725,11832787,62,mRNA
39687,11818600,11818849,249,mRNA
39688,11817353,11818493,1140,mRNA
39689,11814930,11816706,1776,mRNA
39690,11928543,11928572,29,mRNA
39691,11925542,11925715,173,mRNA
39692,11911686,11911708,22,mRNA
39693,11838483,11838773,290,mRNA
39694,11835090,11835651,561,mRNA
39695,11833260,11833373,113,mRNA
39696,11830277,11830831,554,mRNA
39697,11818600,11818849,249,mRNA
39698,11817353,11818493,1140,mRNA
39699,11815985,11816706,721,mRNA
39700,11896211,11896778,567,mRNA
39701,11838483,11838773,290,mRNA
39702,11835090,11835651,561,mRNA
39703,11833260,11833373,113,mRNA
39704,11830277,11830831,554,mRNA
39705,11818600,11818849,249,mRNA
39706,11817353,11818493,1140,mRNA
39707,11815985,11816706,721,mRNA
39708,11896211,11896562,351,CDS
39709,11838483,11838773,290,CDS
39710,11835090,11835651,561,CDS
39711,11833260,11833373,113,CDS
39712,11818600,11818849,249,CDS
39713,11817353,11818493,1140,CDS
39714,11816558,11816706,148,CDS
39715,11896211,11896562,351,CDS
39716,11838483,11838773,290,CDS
39717,11835090,11835651,561,CDS
39718,11833260,11833373,113,CDS
39719,11830277,11830831,554,CDS
39720,11818600,11818849,249,CDS
39721,11817353,11818493,1140,CDS
39722,11816558,11816706,148,CDS
39723,11896211,11896562,351,CDS
39724,11838483,11838773,290,CDS
39725,11835090,11835651,561,CDS
39726,11833260,11833373,113,CDS
39727,11832725,11832787,62,CDS
39728,11830277,11830831,554,CDS
39729,11818600,11818849,249,CDS
39730,11817353,11818493,1140,CDS
39731,11816558,11816706,148,CDS
39732,11858891,11859350,459,CDS
39733,11838483,11838773,290,CDS
39734,11835090,11835651,561,CDS
39735,11833260,11833373,113,CDS
39736,11830277,11830831,554,CDS
39737,11818600,11818849,249,CDS
39738,11817353,11818493,1140,CDS
39739,11816558,11816706,148,CDS
39740,11858891,11859350,459,CDS
39741,11838483,11838773,290,CDS
39742,11835090,11835651,561,CDS
39743,11833260,11833373,113,CDS
39744,11832725,11832787,62,CDS
39745,11818600,11818849,249,CDS
39746,11817353,11818493,1140,CDS
39747,11816558,11816706,148,CDS
39748,11835090,11835385,295,CDS
39749,11833260,11833373,113,CDS
39750,11830277,11830831,554,CDS
39751,11818600,11818849,249,CDS
39752,11817353,11818493,1140,CDS
39753,11816558,11816706,148,CDS
39754,11835090,11835385,295,CDS
39755,11833260,11833373,113,CDS
39756,11830277,11830831,554,CDS
39757,11818600,11818849,249,CDS
39758,11817353,11818493,1140,CDS
39759,11816558,11816706,148,CDS
39760,11835090,11835385,295,CDS
39761,11833260,11833373,113,CDS
39762,11832725,11832787,62,CDS
39763,11830277,11830831,554,CDS
39764,11818600,11818849,249,CDS
39765,11817353,11818493,1140,CDS
39766,11816558,11816706,148,CDS
39767,11821007,11821284,277,CDS
39768,11818600,11818849,249,CDS
39769,11817353,11818493,1140,CDS
39770,11816558,11816706,148,CDS
39771,11827204,11829405,2201,gene
39772,11829176,11829405,229,mRNA
39773,11828970,11829103,133,mRNA
39774,11828736,11828907,171,mRNA
39775,11827204,11828371,1167,mRNA
39776,11829176,11829235,59,CDS
39777,11828970,11829103,133,CDS
39778,11828736,11828907,171,CDS
39779,11827460,11828371,911,CDS
39780,11834086,11834497,411,gene
39781,11834086,11834497,411,mRNA
39782,11834086,11834410,324,mRNA
39783,11834139,11834342,203,CDS
39784,11834139,11834342,203,CDS
39785,11834608,11834874,266,gene
39786,11834608,11834874,266,mRNA
39787,11834657,11834854,197,CDS
39788,11835320,11835903,583,gene
39789,11835320,11835903,583,ncRNA
39790,11836440,11836808,368,gene
39791,11836440,11836808,368,ncRNA
39792,11837047,11837104,57,mobile_element
39793,11837243,11837486,243,gene
39794,11837243,11837486,243,mRNA
39795,11837259,11837411,152,CDS
39796,11837713,11838049,336,gene
39797,11837713,11838049,336,mRNA
39798,11837729,11837881,152,CDS
39799,11839298,11839660,362,gene
39800,11839298,11839660,362,ncRNA
39801,11839912,11840329,417,gene
39802,11839912,11840329,417,mRNA
39803,11839935,11840234,299,CDS
39804,11840455,11840913,458,gene
39805,11840894,11840913,19,ncRNA
39806,11840455,11840839,384,ncRNA
39807,11840455,11840873,418,ncRNA
39808,11840691,11841204,513,gene
39809,11840691,11841204,513,mRNA
39810,11840691,11840998,307,mRNA
39811,11840712,11840918,206,CDS
39812,11840712,11840918,206,CDS
39813,11841502,11842445,943,gene
39814,11841502,11842226,724,mRNA
39815,11841596,11842445,849,mRNA
39816,11841958,11842197,239,CDS
39817,11841958,11842197,239,CDS
39818,11842828,11844012,1184,gene
39819,11842828,11843661,833,mRNA
39820,11843137,11844063,926,gene
39821,11843137,11844012,875,mRNA
39822,11843137,11844012,875,mRNA
39823,11843226,11843459,233,CDS
39824,11843226,11843459,233,CDS
39825,11843684,11844063,379,mRNA
39826,11843753,11843986,233,CDS
39827,11843753,11843986,233,CDS
39828,11847226,11849169,1943,gene
39829,11847226,11848421,1195,mRNA
39830,11848481,11848827,346,mRNA
39831,11848899,11849169,270,mRNA
39832,11847231,11848421,1190,CDS
39833,11848481,11848827,346,CDS
39834,11848899,11849115,216,CDS
39835,11849958,11852881,2923,gene
39836,11849958,11850048,90,mRNA
39837,11850390,11851551,1161,mRNA
39838,11851618,11851768,150,mRNA
39839,11851827,11852022,195,mRNA
39840,11852081,11852221,140,mRNA
39841,11852378,11852571,193,mRNA
39842,11850307,11851551,1244,mRNA
39843,11851618,11851768,150,mRNA
39844,11851827,11852022,195,mRNA
39845,11852081,11852221,140,mRNA
39846,11852378,11852881,503,mRNA
39847,11850307,11851551,1244,mRNA
39848,11851618,11851768,150,mRNA
39849,11851827,11852022,195,mRNA
39850,11852081,11852221,140,mRNA
39851,11852378,11852571,193,mRNA
39852,11850355,11851551,1196,CDS
39853,11851618,11851768,150,CDS
39854,11851827,11852022,195,CDS
39855,11852081,11852221,140,CDS
39856,11852378,11852444,66,CDS
39857,11850355,11851551,1196,CDS
39858,11851618,11851768,150,CDS
39859,11851827,11852022,195,CDS
39860,11852081,11852221,140,CDS
39861,11852378,11852444,66,CDS
39862,11850412,11851551,1139,CDS
39863,11851618,11851768,150,CDS
39864,11851827,11852022,195,CDS
39865,11852081,11852221,140,CDS
39866,11852378,11852444,66,CDS
39867,11853430,11853925,495,gene
39868,11853430,11853517,87,mRNA
39869,11853592,11853925,333,mRNA
39870,11853513,11853517,4,CDS
39871,11853592,11853718,126,CDS
39872,11897168,11900029,2861,mobile_element
39873,11934505,11935716,1211,gene
39874,11934505,11935226,721,mRNA
39875,11935302,11935716,414,mRNA
39876,11934505,11935226,721,CDS
39877,11935302,11935716,414,CDS
39878,11936181,11937501,1320,gene
39879,11936181,11936908,727,mRNA
39880,11937090,11937501,411,mRNA
39881,11936181,11936908,727,CDS
39882,11937090,11937501,411,CDS
39883,11937969,11939202,1233,gene
39884,11937969,11938699,730,mRNA
39885,11938779,11939202,423,mRNA
39886,11937969,11938699,730,CDS
39887,11938779,11939202,423,CDS
39888,11944129,11947131,3002,gene
39889,11944129,11944243,114,mRNA
39890,11944986,11947131,2145,mRNA
39891,11944129,11944243,114,mRNA
39892,11944986,11946756,1770,mRNA
39893,11944235,11944243,8,CDS
39894,11944986,11946410,1424,CDS
39895,11944235,11944243,8,CDS
39896,11944986,11946410,1424,CDS
39897,11947941,11948803,862,gene
39898,11947941,11948034,93,mRNA
39899,11948105,11948803,698,mRNA
39900,11947965,11948034,69,mRNA
39901,11948105,11948623,518,mRNA
39902,11948110,11948466,356,CDS
39903,11948110,11948466,356,CDS
39904,11952200,11971094,18894,gene
39905,11970257,11971094,837,ncRNA
39906,11952200,11962067,9867,ncRNA
39907,11953410,11953503,93,gene
39908,11953410,11953503,93,precursor_RNA
39909,11953424,11953445,21,ncRNA
39910,11953463,11953486,23,ncRNA
39911,11970257,11971094,837,ncRNA
39912,11961928,11962067,139,ncRNA
39913,11956230,11958670,2440,ncRNA
39914,11970257,11971094,837,ncRNA
39915,11956230,11962067,5837,ncRNA
39916,11981591,11984380,2789,gene
39917,11981591,11981723,132,mRNA
39918,11981981,11982354,373,mRNA
39919,11982414,11983101,687,mRNA
39920,11983157,11983675,518,mRNA
39921,11983737,11984233,496,mRNA
39922,11984292,11984380,88,mRNA
39923,11981632,11981723,91,CDS
39924,11981981,11982354,373,CDS
39925,11982414,11983101,687,CDS
39926,11983157,11983675,518,CDS
39927,11983737,11984233,496,CDS
39928,11984292,11984341,49,CDS
39929,11984327,11988039,3712,gene
39930,11987696,11988039,343,mRNA
39931,11986438,11987387,949,mRNA
39932,11985833,11986380,547,mRNA
39933,11985007,11985771,764,mRNA
39934,11984725,11984950,225,mRNA
39935,11984327,11984662,335,mRNA
39936,11987696,11988039,343,mRNA
39937,11987472,11987494,22,mRNA
39938,11986438,11987387,949,mRNA
39939,11985833,11986380,547,mRNA
39940,11985007,11985771,764,mRNA
39941,11984725,11984950,225,mRNA
39942,11984327,11984662,335,mRNA
39943,11987696,11988039,343,mRNA
39944,11987495,11987512,17,mRNA
39945,11986438,11987387,949,mRNA
39946,11985833,11986380,547,mRNA
39947,11985007,11985771,764,mRNA
39948,11984725,11984950,225,mRNA
39949,11984327,11984662,335,mRNA
39950,11987696,11987945,249,CDS
39951,11986438,11987387,949,CDS
39952,11985833,11986380,547,CDS
39953,11985007,11985771,764,CDS
39954,11984725,11984950,225,CDS
39955,11984507,11984662,155,CDS
39956,11987696,11987945,249,CDS
39957,11987495,11987512,17,CDS
39958,11986438,11987387,949,CDS
39959,11985833,11986380,547,CDS
39960,11985007,11985771,764,CDS
39961,11984725,11984950,225,CDS
39962,11984507,11984662,155,CDS
39963,11987696,11987945,249,CDS
39964,11987472,11987494,22,CDS
39965,11987331,11987387,56,CDS
39966,11988270,11988801,531,gene
39967,11988270,11988329,59,mRNA
39968,11988384,11988801,417,mRNA
39969,11988270,11988329,59,mRNA
39970,11988387,11988801,414,mRNA
39971,11988318,11988329,11,CDS
39972,11988384,11988635,251,CDS
39973,11988318,11988329,11,CDS
39974,11988387,11988635,248,CDS
39975,11988735,11989882,1147,gene
39976,11988735,11989882,1147,mRNA
39977,11989063,11989824,761,CDS
39978,11989936,11990979,1043,gene
39979,11989936,11990255,319,mRNA
39980,11990313,11990979,666,mRNA
39981,11989936,11990255,319,mRNA
39982,11990313,11990834,521,mRNA
39983,11990024,11990255,231,CDS
39984,11990313,11990776,463,CDS
39985,11990024,11990255,231,CDS
39986,11990313,11990776,463,CDS
39987,11990927,11992848,1921,gene
39988,11990927,11991271,344,mRNA
39989,11991330,11991519,189,mRNA
39990,11991575,11992848,1273,mRNA
39991,11990927,11991271,344,mRNA
39992,11991330,11991519,189,mRNA
39993,11991575,11992571,996,mRNA
39994,11990973,11991271,298,CDS
39995,11991330,11991519,189,CDS
39996,11991575,11992474,899,CDS
39997,11990973,11991271,298,CDS
39998,11991330,11991519,189,CDS
39999,11991575,11992474,899,CDS
40000,11992902,11994054,1152,gene
40001,11992902,11993792,890,mRNA
40002,11993857,11994054,197,mRNA
40003,11992993,11993792,799,CDS
40004,11993857,11993983,126,CDS
40005,11993989,11995432,1443,gene
40006,11995241,11995432,191,mRNA
40007,11993989,11995185,1196,mRNA
40008,11995241,11995317,76,CDS
40009,11994066,11995185,1119,CDS
40010,11995740,11996723,983,gene
40011,11995740,11995943,203,mRNA
40012,11996002,11996723,721,mRNA
40013,11995740,11995943,203,mRNA
40014,11996002,11996469,467,mRNA
40015,11995814,11995943,129,CDS
40016,11996002,11996243,241,CDS
40017,11995814,11995943,129,CDS
40018,11996002,11996243,241,CDS
40019,11996809,11997965,1156,gene
40020,11996809,11997703,894,mRNA
40021,11997768,11997965,197,mRNA
40022,11996834,11997703,869,mRNA
40023,11997768,11997965,197,mRNA
40024,11996904,11997703,799,CDS
40025,11997768,11997894,126,CDS
40026,11996904,11997703,799,CDS
40027,11997768,11997894,126,CDS
40028,11997900,11999340,1440,gene
40029,11999152,11999340,188,mRNA
40030,11997900,11999096,1196,mRNA
40031,11999152,11999228,76,CDS
40032,11997977,11999096,1119,CDS
40033,11999654,12001244,1590,gene
40034,11999654,11999854,200,mRNA
40035,11999913,12001244,1331,mRNA
40036,11999725,11999854,129,CDS
40037,11999913,12001171,1258,CDS
40038,12001234,12002266,1032,gene
40039,12001234,12002266,1032,mRNA
40040,12001414,12002151,737,CDS
40041,12008153,12009832,1679,gene
40042,12008153,12008684,531,mRNA
40043,12008743,12009089,346,mRNA
40044,12009140,12009832,692,mRNA
40045,12008378,12008684,306,mRNA
40046,12008743,12009089,346,mRNA
40047,12009140,12009832,692,mRNA
40048,12008449,12008684,235,CDS
40049,12008743,12009089,346,CDS
40050,12009140,12009705,565,CDS
40051,12008449,12008684,235,CDS
40052,12008743,12009089,346,CDS
40053,12009140,12009705,565,CDS
40054,12013528,12013899,371,gene
40055,12013528,12013899,371,ncRNA
40056,12014304,12020960,6656,gene
40057,12019102,12020960,1858,mRNA
40058,12016631,12019041,2410,mRNA
40059,12014991,12016566,1575,mRNA
40060,12014304,12014927,623,mRNA
40061,12019102,12020741,1639,CDS
40062,12016631,12019041,2410,CDS
40063,12014991,12016566,1575,CDS
40064,12014693,12014927,234,CDS
40065,12024056,12025202,1146,gene
40066,12024941,12025202,261,ncRNA
40067,12024056,12024866,810,ncRNA
40068,12027438,12034122,6684,gene
40069,12027438,12027821,383,mRNA
40070,12031893,12032071,178,mRNA
40071,12032131,12032577,446,mRNA
40072,12032646,12033269,623,mRNA
40073,12033331,12034122,791,mRNA
40074,12027782,12027821,39,CDS
40075,12031893,12032071,178,CDS
40076,12032131,12032577,446,CDS
40077,12032646,12033269,623,CDS
40078,12033331,12033531,200,CDS
40079,12034190,12036131,1941,gene
40080,12034190,12034267,77,mRNA
40081,12034346,12035133,787,mRNA
40082,12035194,12036131,937,mRNA
40083,12034225,12034267,42,CDS
40084,12034346,12035133,787,CDS
40085,12035194,12035985,791,CDS
40086,12035984,12038511,2527,gene
40087,12037155,12038310,1155,mRNA
40088,12035984,12037064,1080,mRNA
40089,12038372,12038511,139,mRNA
40090,12037155,12038170,1015,mRNA
40091,12036003,12037064,1061,mRNA
40092,12038293,12038511,218,mRNA
40093,12037155,12038170,1015,mRNA
40094,12036003,12037064,1061,mRNA
40095,12037155,12038130,975,CDS
40096,12036271,12037064,793,CDS
40097,12037155,12038130,975,CDS
40098,12036271,12037064,793,CDS
40099,12037155,12038130,975,CDS
40100,12036271,12037064,793,CDS
40101,12038631,12040689,2058,gene
40102,12040438,12040689,251,mRNA
40103,12040265,12040379,114,mRNA
40104,12039385,12040202,817,mRNA
40105,12038631,12039327,696,mRNA
40106,12040438,12040581,143,CDS
40107,12040265,12040379,114,CDS
40108,12039385,12040202,817,CDS
40109,12038827,12039327,500,CDS
40110,12040782,12041515,733,gene
40111,12040782,12041515,733,ncRNA
40112,12041054,12045200,4146,gene
40113,12042327,12045200,2873,mRNA
40114,12041514,12042234,720,mRNA
40115,12041054,12041438,384,mRNA
40116,12044100,12044349,249,mRNA
40117,12042327,12043581,1254,mRNA
40118,12041514,12042234,720,mRNA
40119,12041054,12041438,384,mRNA
40120,12042327,12043109,782,mRNA
40121,12041514,12042234,720,mRNA
40122,12041054,12041438,384,mRNA
40123,12042327,12042991,664,CDS
40124,12041514,12042234,720,CDS
40125,12041109,12041438,329,CDS
40126,12042327,12042991,664,CDS
40127,12041514,12042234,720,CDS
40128,12041109,12041438,329,CDS
40129,12042327,12042991,664,CDS
40130,12041514,12042234,720,CDS
40131,12041109,12041438,329,CDS
40132,12045343,12046118,775,gene
40133,12045343,12046118,775,mRNA
40134,12045766,12045975,209,CDS
40135,12046442,12046679,237,gene
40136,12046442,12046679,237,ncRNA
40137,12046711,12048918,2207,gene
40138,12048349,12048918,569,mRNA
40139,12046711,12048292,1581,mRNA
40140,12048349,12048918,569,mRNA
40141,12046857,12048292,1435,mRNA
40142,12048349,12048861,512,CDS
40143,12047396,12048292,896,CDS
40144,12048349,12048861,512,CDS
40145,12047396,12048292,896,CDS
40146,12049418,12052049,2631,gene
40147,12049418,12051032,1614,mRNA
40148,12051108,12051381,273,mRNA
40149,12051453,12052049,596,mRNA
40150,12049898,12051032,1134,mRNA
40151,12051108,12051381,273,mRNA
40152,12051453,12052049,596,mRNA
40153,12050096,12051032,936,CDS
40154,12051108,12051381,273,CDS
40155,12051453,12051690,237,CDS
40156,12050096,12051032,936,CDS
40157,12051108,12051381,273,CDS
40158,12051453,12051690,237,CDS
40159,12051755,12056042,4287,gene
40160,12055902,12056042,140,mRNA
40161,12055085,12055359,274,mRNA
40162,12054303,12054498,195,mRNA
40163,12053982,12054084,102,mRNA
40164,12053657,12053924,267,mRNA
40165,12052764,12053088,324,mRNA
40166,12052560,12052684,124,mRNA
40167,12051755,12052503,748,mRNA
40168,12055902,12055985,83,mRNA
40169,12055085,12055359,274,mRNA
40170,12054303,12054498,195,mRNA
40171,12053982,12054084,102,mRNA
40172,12053657,12053924,267,mRNA
40173,12052764,12053088,324,mRNA
40174,12052560,12052684,124,mRNA
40175,12051755,12052503,748,mRNA
40176,12055902,12055949,47,mRNA
40177,12055085,12055359,274,mRNA
40178,12054303,12054498,195,mRNA
40179,12053982,12054084,102,mRNA
40180,12053657,12053924,267,mRNA
40181,12052764,12053088,324,mRNA
40182,12052560,12052684,124,mRNA
40183,12051755,12052503,748,mRNA
40184,12055715,12055792,77,mRNA
40185,12055085,12055359,274,mRNA
40186,12054303,12054498,195,mRNA
40187,12053982,12054084,102,mRNA
40188,12053657,12053924,267,mRNA
40189,12052764,12053088,324,mRNA
40190,12052560,12052684,124,mRNA
40191,12051755,12052503,748,mRNA
40192,12055480,12055587,107,mRNA
40193,12055085,12055359,274,mRNA
40194,12054303,12054498,195,mRNA
40195,12053982,12054084,102,mRNA
40196,12053657,12053924,267,mRNA
40197,12052764,12053088,324,mRNA
40198,12052560,12052684,124,mRNA
40199,12051755,12052503,748,mRNA
40200,12055085,12055296,211,CDS
40201,12054303,12054498,195,CDS
40202,12053982,12054084,102,CDS
40203,12053657,12053924,267,CDS
40204,12052764,12053088,324,CDS
40205,12052560,12052684,124,CDS
40206,12052230,12052503,273,CDS
40207,12055085,12055296,211,CDS
40208,12054303,12054498,195,CDS
40209,12053982,12054084,102,CDS
40210,12053657,12053924,267,CDS
40211,12052764,12053088,324,CDS
40212,12052560,12052684,124,CDS
40213,12052230,12052503,273,CDS
40214,12055085,12055296,211,CDS
40215,12054303,12054498,195,CDS
40216,12053982,12054084,102,CDS
40217,12053657,12053924,267,CDS
40218,12052764,12053088,324,CDS
40219,12052560,12052684,124,CDS
40220,12052230,12052503,273,CDS
40221,12055085,12055296,211,CDS
40222,12054303,12054498,195,CDS
40223,12053982,12054084,102,CDS
40224,12053657,12053924,267,CDS
40225,12052764,12053088,324,CDS
40226,12052560,12052684,124,CDS
40227,12052230,12052503,273,CDS
40228,12055085,12055296,211,CDS
40229,12054303,12054498,195,CDS
40230,12053982,12054084,102,CDS
40231,12053657,12053924,267,CDS
40232,12052764,12053088,324,CDS
40233,12052560,12052684,124,CDS
40234,12052230,12052503,273,CDS
40235,12056326,12058251,1925,gene
40236,12056326,12056432,106,mRNA
40237,12056499,12057147,648,mRNA
40238,12057215,12057416,201,mRNA
40239,12056348,12058251,1903,gene
40240,12056348,12056432,84,mRNA
40241,12056499,12057147,648,mRNA
40242,12057215,12058251,1036,mRNA
40243,12056348,12056432,84,mRNA
40244,12056499,12057147,648,mRNA
40245,12057215,12058251,1036,mRNA
40246,12056348,12056432,84,mRNA
40247,12056499,12057147,648,mRNA
40248,12057215,12057416,201,mRNA
40249,12056422,12056432,10,CDS
40250,12056499,12057147,648,CDS
40251,12057215,12057328,113,CDS
40252,12056422,12056432,10,CDS
40253,12056499,12057147,648,CDS
40254,12057215,12057328,113,CDS
40255,12056422,12056432,10,CDS
40256,12056499,12057147,648,CDS
40257,12057215,12057328,113,CDS
40258,12057778,12058251,473,mRNA
40259,12057893,12058213,320,CDS
40260,12057893,12058213,320,CDS
40261,12058304,12063184,4880,gene
40262,12063081,12063184,103,mRNA
40263,12062716,12063025,309,mRNA
40264,12060869,12062662,1793,mRNA
40265,12060587,12060803,216,mRNA
40266,12060398,12060525,127,mRNA
40267,12059213,12060338,1125,mRNA
40268,12058830,12059027,197,mRNA
40269,12058304,12058763,459,mRNA
40270,12063081,12063184,103,mRNA
40271,12062716,12063025,309,mRNA
40272,12060869,12062662,1793,mRNA
40273,12060587,12060803,216,mRNA
40274,12060398,12060525,127,mRNA
40275,12059213,12060338,1125,mRNA
40276,12058830,12059027,197,mRNA
40277,12058304,12058766,462,mRNA
40278,12063081,12063156,75,CDS
40279,12062716,12063025,309,CDS
40280,12060869,12062662,1793,CDS
40281,12060587,12060803,216,CDS
40282,12060398,12060525,127,CDS
40283,12059213,12060338,1125,CDS
40284,12058830,12059027,197,CDS
40285,12058590,12058763,173,CDS
40286,12063081,12063156,75,CDS
40287,12062716,12063025,309,CDS
40288,12060869,12062662,1793,CDS
40289,12060587,12060803,216,CDS
40290,12060398,12060525,127,CDS
40291,12059213,12060338,1125,CDS
40292,12058830,12059027,197,CDS
40293,12058590,12058766,176,CDS
40294,12063457,12066775,3318,gene
40295,12066669,12066775,106,mRNA
40296,12066443,12066513,70,mRNA
40297,12065270,12065393,123,mRNA
40298,12064566,12064719,153,mRNA
40299,12064350,12064504,154,mRNA
40300,12063929,12064289,360,mRNA
40301,12063457,12063870,413,mRNA
40302,12066669,12066775,106,mRNA
40303,12065270,12065393,123,mRNA
40304,12064566,12064719,153,mRNA
40305,12064350,12064504,154,mRNA
40306,12063929,12064289,360,mRNA
40307,12063523,12063870,347,mRNA
40308,12065270,12066775,1505,mRNA
40309,12064566,12064719,153,mRNA
40310,12064350,12064504,154,mRNA
40311,12063929,12064289,360,mRNA
40312,12063523,12063870,347,mRNA
40313,12065270,12065292,22,CDS
40314,12064566,12064719,153,CDS
40315,12064350,12064504,154,CDS
40316,12063929,12064289,360,CDS
40317,12063607,12063870,263,CDS
40318,12065270,12065292,22,CDS
40319,12064566,12064719,153,CDS
40320,12064350,12064504,154,CDS
40321,12063929,12064289,360,CDS
40322,12063607,12063870,263,CDS
40323,12065270,12065292,22,CDS
40324,12064566,12064719,153,CDS
40325,12064350,12064504,154,CDS
40326,12063929,12064289,360,CDS
40327,12063607,12063870,263,CDS
40328,12067385,12074379,6994,mobile_element
40329,12076100,12077739,1639,gene
40330,12076100,12076191,91,mRNA
40331,12076797,12077739,942,mRNA
40332,12076823,12077635,812,CDS
40333,12079604,12080568,964,gene
40334,12079604,12080568,964,ncRNA
40335,12080805,12082074,1269,gene
40336,12080805,12082074,1269,ncRNA
40337,12082995,12085827,2832,gene
40338,12085463,12085827,364,mRNA
40339,12082995,12085088,2093,mRNA
40340,12085143,12085378,235,mRNA
40341,12082995,12085088,2093,mRNA
40342,12085463,12085529,66,CDS
40343,12083314,12085088,1774,CDS
40344,12083314,12085086,1772,CDS
40345,12085649,12086413,764,gene
40346,12085649,12086413,764,ncRNA
40347,12086621,12088025,1404,gene
40348,12086621,12088025,1404,ncRNA
40349,12091822,12095250,3428,gene
40350,12091822,12092126,304,mRNA
40351,12093688,12093910,222,mRNA
40352,12093994,12094111,117,mRNA
40353,12094178,12094481,303,mRNA
40354,12094548,12094711,163,mRNA
40355,12094769,12095250,481,mRNA
40356,12092009,12092358,349,gene
40357,12092009,12092358,349,ncRNA
40358,12093762,12093910,148,mRNA
40359,12093994,12094111,117,mRNA
40360,12094178,12094481,303,mRNA
40361,12094548,12094711,163,mRNA
40362,12094769,12095250,481,mRNA
40363,12093862,12093910,48,CDS
40364,12093994,12094111,117,CDS
40365,12094178,12094481,303,CDS
40366,12094548,12094711,163,CDS
40367,12094769,12095012,243,CDS
40368,12093862,12093910,48,CDS
40369,12093994,12094111,117,CDS
40370,12094178,12094481,303,CDS
40371,12094548,12094711,163,CDS
40372,12094769,12095012,243,CDS
40373,12095176,12096511,1335,gene
40374,12095176,12096511,1335,mRNA
40375,12095236,12096420,1184,CDS
40376,12096525,12097687,1162,gene
40377,12096525,12096646,121,mRNA
40378,12096696,12097687,991,mRNA
40379,12096550,12096646,96,mRNA
40380,12096696,12097687,991,mRNA
40381,12096586,12096646,60,CDS
40382,12096696,12097672,976,CDS
40383,12096586,12096646,60,CDS
40384,12096696,12097672,976,CDS
40385,12097838,12100839,3001,gene
40386,12097838,12098062,224,mRNA
40387,12098356,12099366,1010,mRNA
40388,12099427,12099978,551,mRNA
40389,12100042,12100839,797,mRNA
40390,12097951,12098062,111,CDS
40391,12098356,12099366,1010,CDS
40392,12099427,12099978,551,CDS
40393,12100042,12100541,499,CDS
40394,12100765,12103285,2520,gene
40395,12101495,12103285,1790,mRNA
40396,12100765,12101439,674,mRNA
40397,12101495,12103285,1790,mRNA
40398,12100765,12101439,674,mRNA
40399,12101495,12103285,1790,mRNA
40400,12100765,12101439,674,mRNA
40401,12101495,12103060,1565,CDS
40402,12101236,12101439,203,CDS
40403,12101495,12103144,1649,CDS
40404,12101248,12101439,191,CDS
40405,12101495,12103060,1565,CDS
40406,12101248,12101439,191,CDS
40407,12103751,12107170,3419,gene
40408,12103751,12104056,305,mRNA
40409,12104492,12104552,60,mRNA
40410,12104688,12105121,433,mRNA
40411,12105176,12107170,1994,mRNA
40412,12103751,12104056,305,mRNA
40413,12104492,12104552,60,mRNA
40414,12104688,12105121,433,mRNA
40415,12105176,12106894,1718,mRNA
40416,12103751,12103834,83,mRNA
40417,12104492,12104552,60,mRNA
40418,12104688,12105121,433,mRNA
40419,12105176,12106894,1718,mRNA
40420,12103895,12104056,161,CDS
40421,12104492,12104552,60,CDS
40422,12104688,12105121,433,CDS
40423,12105176,12106762,1586,CDS
40424,12103895,12104056,161,CDS
40425,12104492,12104552,60,CDS
40426,12104688,12105121,433,CDS
40427,12105176,12106762,1586,CDS
40428,12104283,12104382,99,mRNA
40429,12104492,12104552,60,mRNA
40430,12104688,12105121,433,mRNA
40431,12105176,12106894,1718,mRNA
40432,12104501,12104552,51,CDS
40433,12104688,12105121,433,CDS
40434,12105176,12106762,1586,CDS
40435,12104501,12104552,51,CDS
40436,12104688,12105121,433,CDS
40437,12105176,12106762,1586,CDS
40438,12107221,12109116,1895,gene
40439,12107221,12109116,1895,mRNA
40440,12107287,12109116,1829,mRNA
40441,12108173,12108799,626,CDS
40442,12108173,12108799,626,CDS
40443,12109417,12110664,1247,gene
40444,12109417,12110664,1247,mRNA
40445,12109619,12110522,903,mRNA
40446,12109643,12110455,812,CDS
40447,12109643,12110455,812,CDS
40448,12111110,12112256,1146,gene
40449,12111110,12112256,1146,mRNA
40450,12111110,12111995,885,mRNA
40451,12111148,12111945,797,CDS
40452,12111148,12111945,797,CDS
40453,12114360,12129896,15536,gene
40454,12114360,12114650,290,mRNA
40455,12124562,12125185,623,mRNA
40456,12125421,12125756,335,mRNA
40457,12125824,12125904,80,mRNA
40458,12125966,12128413,2447,mRNA
40459,12128518,12129896,1378,mRNA
40460,12125098,12125185,87,CDS
40461,12125421,12125756,335,CDS
40462,12125824,12125904,80,CDS
40463,12125966,12128413,2447,CDS
40464,12128518,12129629,1111,CDS
40465,12130516,12133411,2895,gene
40466,12133094,12133411,317,mRNA
40467,12131292,12131435,143,mRNA
40468,12130886,12131055,169,mRNA
40469,12130516,12130817,301,mRNA
40470,12133094,12133411,317,mRNA
40471,12131292,12131435,143,mRNA
40472,12130886,12131065,179,mRNA
40473,12130516,12130817,301,mRNA
40474,12133094,12133339,245,CDS
40475,12131292,12131435,143,CDS
40476,12130886,12131065,179,CDS
40477,12130596,12130817,221,CDS
40478,12133094,12133339,245,CDS
40479,12131292,12131435,143,CDS
40480,12130945,12131055,110,CDS
40481,12138008,12140392,2384,gene
40482,12138008,12138102,94,mRNA
40483,12138167,12138603,436,mRNA
40484,12138746,12139153,407,mRNA
40485,12139640,12140105,465,mRNA
40486,12140165,12140392,227,mRNA
40487,12138073,12138102,29,CDS
40488,12138167,12138603,436,CDS
40489,12138746,12139153,407,CDS
40490,12139640,12140105,465,CDS
40491,12140165,12140251,86,CDS
40492,12142780,12170508,27728,gene
40493,12142780,12142855,75,mRNA
40494,12145070,12145266,196,mRNA
40495,12153508,12153974,466,mRNA
40496,12155472,12155658,186,mRNA
40497,12160690,12160882,192,mRNA
40498,12161245,12161650,405,mRNA
40499,12162740,12163041,301,mRNA
40500,12163457,12163610,153,mRNA
40501,12166727,12166836,109,mRNA
40502,12166898,12167042,144,mRNA
40503,12167113,12167321,208,mRNA
40504,12168120,12168369,249,mRNA
40505,12168428,12168612,184,mRNA
40506,12168688,12170217,1529,mRNA
40507,12142780,12142833,53,mRNA
40508,12145070,12145266,196,mRNA
40509,12153508,12153974,466,mRNA
40510,12155472,12155658,186,mRNA
40511,12160690,12160882,192,mRNA
40512,12161245,12161650,405,mRNA
40513,12162740,12163041,301,mRNA
40514,12163457,12163610,153,mRNA
40515,12166727,12166836,109,mRNA
40516,12166898,12167042,144,mRNA
40517,12167113,12167321,208,mRNA
40518,12168120,12168369,249,mRNA
40519,12168428,12168612,184,mRNA
40520,12168688,12170217,1529,mRNA
40521,12145049,12145266,217,mRNA
40522,12153508,12153974,466,mRNA
40523,12155472,12155658,186,mRNA
40524,12160690,12160882,192,mRNA
40525,12161245,12161650,405,mRNA
40526,12162740,12163041,301,mRNA
40527,12163457,12163610,153,mRNA
40528,12166727,12166836,109,mRNA
40529,12166898,12167042,144,mRNA
40530,12167113,12167321,208,mRNA
40531,12168120,12168369,249,mRNA
40532,12168428,12168612,184,mRNA
40533,12168688,12170508,1820,mRNA
40534,12153528,12153974,446,CDS
40535,12155472,12155658,186,CDS
40536,12160690,12160882,192,CDS
40537,12161245,12161650,405,CDS
40538,12162740,12163041,301,CDS
40539,12163457,12163610,153,CDS
40540,12166727,12166836,109,CDS
40541,12166898,12167042,144,CDS
40542,12167113,12167321,208,CDS
40543,12168120,12168369,249,CDS
40544,12168428,12168612,184,CDS
40545,12168688,12169381,693,CDS
40546,12153528,12153974,446,CDS
40547,12155472,12155658,186,CDS
40548,12160690,12160882,192,CDS
40549,12161245,12161650,405,CDS
40550,12162740,12163041,301,CDS
40551,12163457,12163610,153,CDS
40552,12166727,12166836,109,CDS
40553,12166898,12167042,144,CDS
40554,12167113,12167321,208,CDS
40555,12168120,12168369,249,CDS
40556,12168428,12168612,184,CDS
40557,12168688,12168727,39,CDS
40558,12153528,12153974,446,CDS
40559,12155472,12155658,186,CDS
40560,12160690,12160882,192,CDS
40561,12161245,12161650,405,CDS
40562,12162740,12163041,301,CDS
40563,12163457,12163610,153,CDS
40564,12166727,12166836,109,CDS
40565,12166898,12167042,144,CDS
40566,12167113,12167321,208,CDS
40567,12168120,12168369,249,CDS
40568,12168428,12168612,184,CDS
40569,12168688,12168727,39,CDS
40570,12156966,12156999,33,mobile_element
40571,12161767,12162605,838,gene
40572,12161767,12161805,38,mRNA
40573,12161881,12162605,724,mRNA
40574,12162007,12162495,488,CDS
40575,12164241,12166704,2463,gene
40576,12164241,12165592,1351,mRNA
40577,12165793,12166704,911,mRNA
40578,12164241,12165585,1344,mRNA
40579,12165793,12166704,911,mRNA
40580,12164319,12165585,1266,CDS
40581,12165793,12166631,838,CDS
40582,12164319,12165592,1273,CDS
40583,12165793,12165829,36,CDS
40584,12170550,12171232,682,gene
40585,12170550,12170899,349,mRNA
40586,12170957,12171232,275,mRNA
40587,12170657,12170899,242,CDS
40588,12170957,12171196,239,CDS
40589,12171204,12172586,1382,gene
40590,12172423,12172586,163,mRNA
40591,12172117,12172302,185,mRNA
40592,12171204,12171924,720,mRNA
40593,12172423,12172474,51,CDS
40594,12172117,12172302,185,CDS
40595,12171698,12171924,226,CDS
40596,12172981,12174091,1110,gene
40597,12172981,12173130,149,mRNA
40598,12173209,12174091,882,mRNA
40599,12173070,12173130,60,CDS
40600,12173209,12173603,394,CDS
40601,12174090,12174638,548,gene
40602,12174576,12174638,62,ncRNA
40603,12174090,12174524,434,ncRNA
40604,12175004,12313438,138434,gene
40605,12175004,12175420,416,mRNA
40606,12271591,12272084,493,mRNA
40607,12278837,12278919,82,mRNA
40608,12282514,12282562,48,mRNA
40609,12298568,12298749,181,mRNA
40610,12298814,12299111,297,mRNA
40611,12299188,12299394,206,mRNA
40612,12304446,12304595,149,mRNA
40613,12310682,12312311,1629,mRNA
40614,12175451,12177886,2435,gene
40615,12177544,12177886,342,mRNA
40616,12176804,12176974,170,mRNA
40617,12175451,12175770,319,mRNA
40618,12177544,12177752,208,mRNA
40619,12176804,12176974,170,mRNA
40620,12175451,12175770,319,mRNA
40621,12177544,12177598,54,CDS
40622,12176804,12176974,170,CDS
40623,12175565,12175770,205,CDS
40624,12177544,12177598,54,CDS
40625,12176804,12176974,170,CDS
40626,12175565,12175770,205,CDS
40627,12197314,12197348,34,mobile_element
40628,12201326,12201771,445,mRNA
40629,12271591,12272084,493,mRNA
40630,12278837,12278919,82,mRNA
40631,12282514,12282562,48,mRNA
40632,12298568,12298749,181,mRNA
40633,12298814,12299111,297,mRNA
40634,12299188,12299394,206,mRNA
40635,12304446,12304595,149,mRNA
40636,12310682,12311203,521,mRNA
40637,12205843,12206130,287,mRNA
40638,12240868,12241780,912,mRNA
40639,12271591,12272084,493,mRNA
40640,12278837,12278919,82,mRNA
40641,12282514,12282562,48,mRNA
40642,12298568,12298749,181,mRNA
40643,12298814,12299111,297,mRNA
40644,12299188,12299394,206,mRNA
40645,12304446,12304595,149,mRNA
40646,12310682,12311093,411,mRNA
40647,12312376,12312465,89,mRNA
40648,12312526,12312795,269,mRNA
40649,12205843,12206130,287,mRNA
40650,12271591,12272084,493,mRNA
40651,12278837,12278919,82,mRNA
40652,12282514,12282562,48,mRNA
40653,12298568,12298749,181,mRNA
40654,12298814,12299111,297,mRNA
40655,12299188,12299394,206,mRNA
40656,12304446,12304595,149,mRNA
40657,12310682,12312311,1629,mRNA
40658,12207709,12210110,2401,gene
40659,12207709,12207961,252,mRNA
40660,12208020,12210008,1988,mRNA
40661,12207919,12210110,2191,mRNA
40662,12208216,12209910,1694,CDS
40663,12208216,12209910,1694,CDS
40664,12222197,12222337,140,mRNA
40665,12271591,12272084,493,mRNA
40666,12278837,12278919,82,mRNA
40667,12282514,12282562,48,mRNA
40668,12298568,12298749,181,mRNA
40669,12298814,12299111,297,mRNA
40670,12299188,12299394,206,mRNA
40671,12304446,12304595,149,mRNA
40672,12310682,12311093,411,mRNA
40673,12312376,12312465,89,mRNA
40674,12312526,12313438,912,mRNA
40675,12222197,12222337,140,mRNA
40676,12240868,12241780,912,mRNA
40677,12271591,12272084,493,mRNA
40678,12278837,12278919,82,mRNA
40679,12282514,12282562,48,mRNA
40680,12298568,12298749,181,mRNA
40681,12298814,12299111,297,mRNA
40682,12299188,12299394,206,mRNA
40683,12304446,12304595,149,mRNA
40684,12310682,12312311,1629,mRNA
40685,12241080,12241780,700,CDS
40686,12271591,12272084,493,CDS
40687,12278837,12278919,82,CDS
40688,12282514,12282562,48,CDS
40689,12298568,12298749,181,CDS
40690,12298814,12299111,297,CDS
40691,12299188,12299394,206,CDS
40692,12304446,12304595,149,CDS
40693,12310682,12310950,268,CDS
40694,12241080,12241780,700,CDS
40695,12271591,12272084,493,CDS
40696,12278837,12278919,82,CDS
40697,12282514,12282562,48,CDS
40698,12298568,12298749,181,CDS
40699,12298814,12299111,297,CDS
40700,12299188,12299394,206,CDS
40701,12304446,12304595,149,CDS
40702,12310682,12310950,268,CDS
40703,12262559,12262626,67,mobile_element
40704,12270932,12271347,415,mRNA
40705,12271591,12272084,493,mRNA
40706,12278837,12278919,82,mRNA
40707,12282514,12282562,48,mRNA
40708,12298568,12298749,181,mRNA
40709,12298814,12299111,297,mRNA
40710,12299188,12299394,206,mRNA
40711,12300361,12300396,35,mRNA
40712,12300610,12300621,11,mRNA
40713,12304446,12304595,149,mRNA
40714,12310682,12311093,411,mRNA
40715,12312376,12312465,89,mRNA
40716,12312526,12313438,912,mRNA
40717,12270932,12271347,415,mRNA
40718,12271591,12272084,493,mRNA
40719,12278837,12278919,82,mRNA
40720,12282514,12282562,48,mRNA
40721,12298568,12298749,181,mRNA
40722,12298814,12299111,297,mRNA
40723,12299188,12299394,206,mRNA
40724,12304446,12304595,149,mRNA
40725,12310682,12311093,411,mRNA
40726,12312376,12312465,89,mRNA
40727,12312526,12312795,269,mRNA
40728,12270932,12271347,415,mRNA
40729,12271591,12272084,493,mRNA
40730,12278837,12278919,82,mRNA
40731,12282514,12282562,48,mRNA
40732,12298568,12298749,181,mRNA
40733,12298814,12299111,297,mRNA
40734,12299188,12299394,206,mRNA
40735,12304446,12304595,149,mRNA
40736,12310682,12311104,422,mRNA
40737,12271265,12271347,82,CDS
40738,12271591,12272084,493,CDS
40739,12278837,12278919,82,CDS
40740,12282514,12282562,48,CDS
40741,12298568,12298749,181,CDS
40742,12298814,12299111,297,CDS
40743,12299188,12299394,206,CDS
40744,12300361,12300396,35,CDS
40745,12300610,12300621,11,CDS
40746,12304446,12304595,149,CDS
40747,12310682,12310950,268,CDS
40748,12271265,12271347,82,CDS
40749,12271591,12272084,493,CDS
40750,12278837,12278919,82,CDS
40751,12282514,12282562,48,CDS
40752,12298568,12298749,181,CDS
40753,12298814,12299111,297,CDS
40754,12299188,12299394,206,CDS
40755,12304446,12304595,149,CDS
40756,12310682,12310950,268,CDS
40757,12271265,12271347,82,CDS
40758,12271591,12272084,493,CDS
40759,12278837,12278919,82,CDS
40760,12282514,12282562,48,CDS
40761,12298568,12298749,181,CDS
40762,12298814,12299111,297,CDS
40763,12299188,12299394,206,CDS
40764,12304446,12304595,149,CDS
40765,12310682,12310950,268,CDS
40766,12271601,12272084,483,CDS
40767,12278837,12278919,82,CDS
40768,12282514,12282562,48,CDS
40769,12298568,12298749,181,CDS
40770,12298814,12299111,297,CDS
40771,12299188,12299394,206,CDS
40772,12304446,12304595,149,CDS
40773,12310682,12310950,268,CDS
40774,12271601,12272084,483,CDS
40775,12278837,12278919,82,CDS
40776,12282514,12282562,48,CDS
40777,12298568,12298749,181,CDS
40778,12298814,12299111,297,CDS
40779,12299188,12299394,206,CDS
40780,12304446,12304595,149,CDS
40781,12310682,12310950,268,CDS
40782,12271601,12272084,483,CDS
40783,12278837,12278919,82,CDS
40784,12282514,12282562,48,CDS
40785,12298568,12298749,181,CDS
40786,12298814,12299111,297,CDS
40787,12299188,12299394,206,CDS
40788,12304446,12304595,149,CDS
40789,12310682,12310950,268,CDS
40790,12271601,12272084,483,CDS
40791,12278837,12278919,82,CDS
40792,12282514,12282562,48,CDS
40793,12298568,12298749,181,CDS
40794,12298814,12299111,297,CDS
40795,12299188,12299394,206,CDS
40796,12304446,12304595,149,CDS
40797,12310682,12310950,268,CDS
40798,12285973,12286003,30,mobile_element
40799,12287223,12287808,585,mRNA
40800,12288905,12289344,439,mRNA
40801,12298568,12298749,181,mRNA
40802,12298814,12299111,297,mRNA
40803,12299188,12299394,206,mRNA
40804,12304446,12304595,149,mRNA
40805,12310682,12311203,521,mRNA
40806,12298588,12298749,161,CDS
40807,12298814,12299111,297,CDS
40808,12299188,12299394,206,CDS
40809,12304446,12304595,149,CDS
40810,12310682,12310950,268,CDS
40811,12315777,12316122,345,gene
40812,12315777,12316122,345,ncRNA
40813,12316272,12317313,1041,gene
40814,12316272,12317313,1041,ncRNA
40815,12316272,12317035,763,ncRNA
40816,12322001,12322055,54,mobile_element
40817,12338848,12339477,629,gene
40818,12338848,12339477,629,mRNA
40819,12338870,12339418,548,CDS
40820,12343643,12344266,623,gene
40821,12344135,12344266,131,mRNA
40822,12343643,12344055,412,mRNA
40823,12343764,12343877,113,CDS
40824,12344219,12397528,53309,gene
40825,12344219,12344550,331,mRNA
40826,12351704,12352783,1079,mRNA
40827,12358041,12358261,220,mRNA
40828,12359601,12359683,82,mRNA
40829,12362601,12362649,48,mRNA
40830,12385562,12385740,178,mRNA
40831,12389190,12389670,480,mRNA
40832,12393391,12393858,467,mRNA
40833,12395900,12396040,140,mRNA
40834,12396293,12397528,1235,mRNA
40835,12344219,12344550,331,mRNA
40836,12351704,12352783,1079,mRNA
40837,12358041,12358261,220,mRNA
40838,12359601,12359683,82,mRNA
40839,12362601,12362649,48,mRNA
40840,12385562,12385740,178,mRNA
40841,12389190,12389670,480,mRNA
40842,12393422,12393858,436,mRNA
40843,12395900,12396040,140,mRNA
40844,12396293,12397528,1235,mRNA
40845,12344219,12344550,331,mRNA
40846,12351704,12352783,1079,mRNA
40847,12358041,12358261,220,mRNA
40848,12359601,12359683,82,mRNA
40849,12362601,12362649,48,mRNA
40850,12385562,12385740,178,mRNA
40851,12389190,12389670,480,mRNA
40852,12395900,12396040,140,mRNA
40853,12396293,12397528,1235,mRNA
40854,12347741,12348355,614,mRNA
40855,12351704,12352783,1079,mRNA
40856,12358041,12358261,220,mRNA
40857,12359601,12359683,82,mRNA
40858,12362601,12362649,48,mRNA
40859,12385562,12385740,178,mRNA
40860,12389190,12389670,480,mRNA
40861,12395900,12396040,140,mRNA
40862,12396293,12397528,1235,mRNA
40863,12348117,12348355,238,mRNA
40864,12351704,12352783,1079,mRNA
40865,12358041,12358261,220,mRNA
40866,12359601,12359683,82,mRNA
40867,12362601,12362649,48,mRNA
40868,12385562,12385740,178,mRNA
40869,12389190,12389670,480,mRNA
40870,12391929,12392206,277,mRNA
40871,12395900,12396040,140,mRNA
40872,12396293,12397528,1235,mRNA
40873,12348117,12348355,238,mRNA
40874,12351704,12352783,1079,mRNA
40875,12358041,12358261,220,mRNA
40876,12359601,12359683,82,mRNA
40877,12362601,12362649,48,mRNA
40878,12385562,12385740,178,mRNA
40879,12389190,12389670,480,mRNA
40880,12393391,12393858,467,mRNA
40881,12395900,12396040,140,mRNA
40882,12396293,12397528,1235,mRNA
40883,12348117,12348355,238,mRNA
40884,12351704,12352783,1079,mRNA
40885,12358041,12358261,220,mRNA
40886,12359601,12359683,82,mRNA
40887,12362601,12362649,48,mRNA
40888,12385562,12385740,178,mRNA
40889,12389190,12389670,480,mRNA
40890,12393422,12393858,436,mRNA
40891,12395900,12396040,140,mRNA
40892,12396293,12397528,1235,mRNA
40893,12348117,12348355,238,mRNA
40894,12351704,12352783,1079,mRNA
40895,12358041,12358261,220,mRNA
40896,12362601,12362649,48,mRNA
40897,12385562,12385740,178,mRNA
40898,12389190,12389670,480,mRNA
40899,12393391,12393858,467,mRNA
40900,12395900,12396040,140,mRNA
40901,12396293,12397528,1235,mRNA
40902,12351996,12352783,787,CDS
40903,12358041,12358261,220,CDS
40904,12359601,12359683,82,CDS
40905,12362601,12362649,48,CDS
40906,12385562,12385740,178,CDS
40907,12389190,12389670,480,CDS
40908,12393391,12393858,467,CDS
40909,12395900,12396040,140,CDS
40910,12396293,12396564,271,CDS
40911,12351996,12352783,787,CDS
40912,12358041,12358261,220,CDS
40913,12359601,12359683,82,CDS
40914,12362601,12362649,48,CDS
40915,12385562,12385740,178,CDS
40916,12389190,12389670,480,CDS
40917,12393391,12393858,467,CDS
40918,12395900,12396040,140,CDS
40919,12396293,12396564,271,CDS
40920,12351996,12352783,787,CDS
40921,12358041,12358261,220,CDS
40922,12359601,12359683,82,CDS
40923,12362601,12362649,48,CDS
40924,12385562,12385740,178,CDS
40925,12389190,12389670,480,CDS
40926,12395900,12396040,140,CDS
40927,12396293,12396564,271,CDS
40928,12351996,12352783,787,CDS
40929,12358041,12358261,220,CDS
40930,12359601,12359683,82,CDS
40931,12362601,12362649,48,CDS
40932,12385562,12385740,178,CDS
40933,12389190,12389670,480,CDS
40934,12395900,12396040,140,CDS
40935,12396293,12396564,271,CDS
40936,12351996,12352783,787,CDS
40937,12358041,12358261,220,CDS
40938,12359601,12359683,82,CDS
40939,12362601,12362649,48,CDS
40940,12385562,12385740,178,CDS
40941,12389190,12389670,480,CDS
40942,12393422,12393615,193,CDS
40943,12351996,12352783,787,CDS
40944,12358041,12358261,220,CDS
40945,12359601,12359683,82,CDS
40946,12362601,12362649,48,CDS
40947,12385562,12385740,178,CDS
40948,12389190,12389670,480,CDS
40949,12393422,12393615,193,CDS
40950,12351996,12352783,787,CDS
40951,12358041,12358261,220,CDS
40952,12359601,12359683,82,CDS
40953,12362601,12362649,48,CDS
40954,12385562,12385740,178,CDS
40955,12389190,12389670,480,CDS
40956,12391929,12392026,97,CDS
40957,12351996,12352783,787,CDS
40958,12358041,12358261,220,CDS
40959,12362601,12362635,34,CDS
40960,12356441,12357906,1465,gene
40961,12356441,12356592,151,mRNA
40962,12356646,12357906,1260,mRNA
40963,12356537,12356592,55,CDS
40964,12356646,12357879,1233,CDS
40965,12366366,12366521,155,mRNA
40966,12373583,12374111,528,mRNA
40967,12385562,12385740,178,mRNA
40968,12389190,12389670,480,mRNA
40969,12393391,12393858,467,mRNA
40970,12395900,12396040,140,mRNA
40971,12396293,12397528,1235,mRNA
40972,12369836,12370082,246,mRNA
40973,12373583,12374111,528,mRNA
40974,12385562,12385740,178,mRNA
40975,12389190,12389670,480,mRNA
40976,12393391,12393858,467,mRNA
40977,12395900,12396040,140,mRNA
40978,12396293,12397528,1235,mRNA
40979,12369836,12370082,246,mRNA
40980,12385562,12385740,178,mRNA
40981,12389190,12389670,480,mRNA
40982,12395900,12396040,140,mRNA
40983,12396293,12397528,1235,mRNA
40984,12373697,12374111,414,CDS
40985,12385562,12385740,178,CDS
40986,12389190,12389670,480,CDS
40987,12393391,12393858,467,CDS
40988,12395900,12396040,140,CDS
40989,12396293,12396564,271,CDS
40990,12373697,12374111,414,CDS
40991,12385562,12385740,178,CDS
40992,12389190,12389670,480,CDS
40993,12393391,12393858,467,CDS
40994,12395900,12396040,140,CDS
40995,12396293,12396564,271,CDS
40996,12385582,12385740,158,CDS
40997,12389190,12389670,480,CDS
40998,12395900,12396040,140,CDS
40999,12396293,12396564,271,CDS
41000,12398274,12402023,3749,gene
41001,12398274,12399142,868,mRNA
41002,12399206,12399717,511,mRNA
41003,12399786,12400177,391,mRNA
41004,12400229,12400460,231,mRNA
41005,12400524,12400751,227,mRNA
41006,12400815,12401057,242,mRNA
41007,12401116,12401363,247,mRNA
41008,12401424,12401474,50,mRNA
41009,12401528,12402023,495,mRNA
41010,12398383,12399142,759,CDS
41011,12399206,12399717,511,CDS
41012,12399786,12400177,391,CDS
41013,12400229,12400460,231,CDS
41014,12400524,12400751,227,CDS
41015,12400815,12401057,242,CDS
41016,12401116,12401363,247,CDS
41017,12401424,12401474,50,CDS
41018,12401528,12401636,108,CDS
41019,12403270,12423439,20169,gene
41020,12423334,12423439,105,mRNA
41021,12421641,12421829,188,mRNA
41022,12409456,12409623,167,mRNA
41023,12407550,12407734,184,mRNA
41024,12407209,12407466,257,mRNA
41025,12403270,12404177,907,mRNA
41026,12423323,12423439,116,mRNA
41027,12421641,12421829,188,mRNA
41028,12409456,12409623,167,mRNA
41029,12407550,12407734,184,mRNA
41030,12407185,12407466,281,mRNA
41031,12403270,12404177,907,mRNA
41032,12421641,12421862,221,mRNA
41033,12409456,12409623,167,mRNA
41034,12407550,12407734,184,mRNA
41035,12407185,12407466,281,mRNA
41036,12403270,12404177,907,mRNA
41037,12404436,12404480,44,mRNA
41038,12403270,12404177,907,mRNA
41039,12404436,12404479,43,mRNA
41040,12403270,12404130,860,mRNA
41041,12421641,12421704,63,CDS
41042,12409456,12409623,167,CDS
41043,12407550,12407734,184,CDS
41044,12407209,12407466,257,CDS
41045,12403581,12404177,596,CDS
41046,12421641,12421704,63,CDS
41047,12409456,12409623,167,CDS
41048,12407550,12407734,184,CDS
41049,12407185,12407466,281,CDS
41050,12403581,12404177,596,CDS
41051,12421641,12421704,63,CDS
41052,12409456,12409623,167,CDS
41053,12407550,12407734,184,CDS
41054,12407185,12407466,281,CDS
41055,12403581,12404177,596,CDS
41056,12403581,12404048,467,CDS
41057,12403581,12404048,467,CDS
41058,12423334,12423439,105,mRNA
41059,12421641,12421829,188,mRNA
41060,12409456,12409623,167,mRNA
41061,12407550,12407734,184,mRNA
41062,12406994,12407466,472,mRNA
41063,12421641,12421862,221,mRNA
41064,12409456,12409623,167,mRNA
41065,12407550,12407734,184,mRNA
41066,12406994,12407466,472,mRNA
41067,12421641,12421704,63,CDS
41068,12409456,12409623,167,CDS
41069,12407550,12407734,184,CDS
41070,12407179,12407466,287,CDS
41071,12421641,12421704,63,CDS
41072,12409456,12409623,167,CDS
41073,12407550,12407734,184,CDS
41074,12407179,12407466,287,CDS
41075,12424904,12426440,1536,gene
41076,12424904,12425077,173,mRNA
41077,12425129,12425288,159,mRNA
41078,12425343,12425483,140,mRNA
41079,12425539,12426009,470,mRNA
41080,12426061,12426440,379,mRNA
41081,12424938,12425077,139,CDS
41082,12425129,12425288,159,CDS
41083,12425343,12425483,140,CDS
41084,12425539,12426009,470,CDS
41085,12426061,12426336,275,CDS
41086,12426631,12427709,1078,gene
41087,12427469,12427709,240,mRNA
41088,12426631,12427387,756,mRNA
41089,12427469,12427709,240,mRNA
41090,12426900,12427369,469,mRNA
41091,12427469,12427709,240,mRNA
41092,12426900,12427387,487,mRNA
41093,12427469,12427567,98,CDS
41094,12427226,12427369,143,CDS
41095,12427469,12427567,98,CDS
41096,12427226,12427387,161,CDS
41097,12427469,12427567,98,CDS
41098,12427226,12427387,161,CDS
41099,12428028,12430021,1993,gene
41100,12428028,12428083,55,mRNA
41101,12428143,12428597,454,mRNA
41102,12428661,12429740,1079,mRNA
41103,12429798,12430021,223,mRNA
41104,12428057,12428083,26,CDS
41105,12428143,12428597,454,CDS
41106,12428661,12429740,1079,CDS
41107,12429798,12429972,174,CDS
41108,12429827,12430892,1065,gene
41109,12430747,12430892,145,mRNA
41110,12430278,12430693,415,mRNA
41111,12429827,12430193,366,mRNA
41112,12430747,12430866,119,mRNA
41113,12430278,12430693,415,mRNA
41114,12429827,12430193,366,mRNA
41115,12430747,12430787,40,CDS
41116,12430278,12430693,415,CDS
41117,12430072,12430193,121,CDS
41118,12430747,12430787,40,CDS
41119,12430278,12430693,415,CDS
41120,12430072,12430193,121,CDS
41121,12431075,12434665,3590,gene
41122,12433835,12434038,203,mRNA
41123,12433579,12433709,130,mRNA
41124,12432309,12432723,414,mRNA
41125,12432122,12432204,82,mRNA
41126,12431075,12431682,607,mRNA
41127,12433835,12434038,203,mRNA
41128,12433579,12433709,130,mRNA
41129,12432309,12432723,414,mRNA
41130,12431075,12432204,1129,mRNA
41131,12434559,12434665,106,mRNA
41132,12433579,12433709,130,mRNA
41133,12432309,12432723,414,mRNA
41134,12431878,12432204,326,mRNA
41135,12433835,12434038,203,mRNA
41136,12433579,12433709,130,mRNA
41137,12432309,12432723,414,mRNA
41138,12431878,12432204,326,mRNA
41139,12433835,12433912,77,CDS
41140,12433579,12433709,130,CDS
41141,12432345,12432723,378,CDS
41142,12433835,12433912,77,CDS
41143,12433579,12433709,130,CDS
41144,12432345,12432723,378,CDS
41145,12433835,12433912,77,CDS
41146,12433579,12433709,130,CDS
41147,12432345,12432723,378,CDS
41148,12432345,12432683,338,CDS
41149,12432798,12432950,152,gene
41150,12432798,12432950,152,ncRNA
41151,12433025,12433180,155,gene
41152,12433025,12433180,155,ncRNA
41153,12434452,12441279,6827,gene
41154,12434452,12435423,971,mRNA
41155,12437813,12437998,185,mRNA
41156,12438072,12438841,769,mRNA
41157,12438902,12438988,86,mRNA
41158,12439054,12439230,176,mRNA
41159,12439296,12439464,168,mRNA
41160,12439521,12441279,1758,mRNA
41161,12434452,12435423,971,mRNA
41162,12437813,12437998,185,mRNA
41163,12438072,12438841,769,mRNA
41164,12438902,12438988,86,mRNA
41165,12439054,12439230,176,mRNA
41166,12439296,12439464,168,mRNA
41167,12439521,12440602,1081,mRNA
41168,12434892,12435423,531,mRNA
41169,12437813,12437998,185,mRNA
41170,12438072,12438841,769,mRNA
41171,12438902,12438988,86,mRNA
41172,12439054,12439230,176,mRNA
41173,12439296,12439464,168,mRNA
41174,12439521,12440602,1081,mRNA
41175,12434997,12435423,426,CDS
41176,12437813,12437998,185,CDS
41177,12438072,12438841,769,CDS
41178,12438902,12438988,86,CDS
41179,12439054,12439230,176,CDS
41180,12439296,12439464,168,CDS
41181,12439521,12439564,43,CDS
41182,12434997,12435423,426,CDS
41183,12437813,12437998,185,CDS
41184,12438072,12438841,769,CDS
41185,12438902,12438988,86,CDS
41186,12439054,12439230,176,CDS
41187,12439296,12439464,168,CDS
41188,12439521,12439564,43,CDS
41189,12434997,12435423,426,CDS
41190,12437813,12437998,185,CDS
41191,12438072,12438841,769,CDS
41192,12438902,12438988,86,CDS
41193,12439054,12439230,176,CDS
41194,12439296,12439464,168,CDS
41195,12439521,12439564,43,CDS
41196,12436690,12436978,288,mRNA
41197,12437813,12437998,185,mRNA
41198,12438072,12438841,769,mRNA
41199,12438902,12438988,86,mRNA
41200,12439054,12439230,176,mRNA
41201,12439296,12439464,168,mRNA
41202,12439521,12440602,1081,mRNA
41203,12436924,12436978,54,CDS
41204,12437813,12437998,185,CDS
41205,12438072,12438841,769,CDS
41206,12438902,12438988,86,CDS
41207,12439054,12439230,176,CDS
41208,12439296,12439464,168,CDS
41209,12439521,12439564,43,CDS
41210,12441401,12445924,4523,gene
41211,12445680,12445924,244,mRNA
41212,12444169,12444542,373,mRNA
41213,12443814,12444055,241,mRNA
41214,12443011,12443754,743,mRNA
41215,12442756,12442949,193,mRNA
41216,12442009,12442688,679,mRNA
41217,12441401,12441946,545,mRNA
41218,12445680,12445924,244,mRNA
41219,12444169,12444530,361,mRNA
41220,12443814,12444055,241,mRNA
41221,12443011,12443754,743,mRNA
41222,12442756,12442949,193,mRNA
41223,12442009,12442688,679,mRNA
41224,12441475,12441946,471,mRNA
41225,12444169,12444388,219,CDS
41226,12443814,12444055,241,CDS
41227,12443011,12443754,743,CDS
41228,12442756,12442949,193,CDS
41229,12442009,12442688,679,CDS
41230,12441789,12441946,157,CDS
41231,12444169,12444388,219,CDS
41232,12443814,12444055,241,CDS
41233,12443011,12443754,743,CDS
41234,12442756,12442949,193,CDS
41235,12442009,12442688,679,CDS
41236,12441789,12441946,157,CDS
41237,12446080,12448132,2052,gene
41238,12448016,12448132,116,mRNA
41239,12447854,12447959,105,mRNA
41240,12447544,12447793,249,mRNA
41241,12446766,12447380,614,mRNA
41242,12446080,12446614,534,mRNA
41243,12448016,12448132,116,mRNA
41244,12447854,12447959,105,mRNA
41245,12447544,12447793,249,mRNA
41246,12446766,12447380,614,mRNA
41247,12446224,12446614,390,mRNA
41248,12448016,12448113,97,CDS
41249,12447854,12447959,105,CDS
41250,12447544,12447793,249,CDS
41251,12446766,12447380,614,CDS
41252,12446403,12446614,211,CDS
41253,12448016,12448113,97,CDS
41254,12447854,12447959,105,CDS
41255,12447544,12447793,249,CDS
41256,12446766,12447380,614,CDS
41257,12446403,12446614,211,CDS
41258,12448484,12452047,3563,gene
41259,12448484,12448728,244,mRNA
41260,12448807,12448995,188,mRNA
41261,12449597,12449753,156,mRNA
41262,12449832,12451129,1297,mRNA
41263,12451194,12452047,853,mRNA
41264,12448662,12448728,66,CDS
41265,12448807,12448995,188,CDS
41266,12449597,12449753,156,CDS
41267,12449832,12451129,1297,CDS
41268,12451194,12451927,733,CDS
41269,12451945,12453242,1297,gene
41270,12453006,12453242,236,mRNA
41271,12451945,12452903,958,mRNA
41272,12453006,12453230,224,CDS
41273,12452061,12452903,842,CDS
41274,12453664,12454951,1287,gene
41275,12453664,12454951,1287,exon
41276,12455540,12546611,91071,gene
41277,12545643,12546611,968,mRNA
41278,12540516,12540900,384,mRNA
41279,12537746,12539486,1740,mRNA
41280,12537635,12537681,46,mRNA
41281,12536275,12537419,1144,mRNA
41282,12477115,12477166,51,mRNA
41283,12455540,12458223,2683,mRNA
41284,12504079,12504832,753,mRNA
41285,12477115,12477166,51,mRNA
41286,12455540,12458223,2683,mRNA
41287,12491689,12492620,931,mRNA
41288,12477115,12477166,51,mRNA
41289,12455540,12458223,2683,mRNA
41290,12546410,12546611,201,mRNA
41291,12540516,12540900,384,mRNA
41292,12537746,12539486,1740,mRNA
41293,12537635,12537681,46,mRNA
41294,12536275,12537419,1144,mRNA
41295,12516484,12517185,701,mRNA
41296,12477115,12477166,51,mRNA
41297,12456577,12458223,1646,mRNA
41298,12540516,12540902,386,mRNA
41299,12537746,12539486,1740,mRNA
41300,12537635,12537681,46,mRNA
41301,12536275,12537419,1144,mRNA
41302,12460589,12460760,171,mRNA
41303,12456577,12458223,1646,mRNA
41304,12504079,12504832,753,mRNA
41305,12498525,12498903,378,mRNA
41306,12477115,12477166,51,mRNA
41307,12456577,12458223,1646,mRNA
41308,12493426,12493497,71,mRNA
41309,12491689,12492023,334,mRNA
41310,12477115,12477166,51,mRNA
41311,12456577,12458223,1646,mRNA
41312,12482561,12483589,1028,mRNA
41313,12477115,12477166,51,mRNA
41314,12456577,12458223,1646,mRNA
41315,12546410,12546611,201,mRNA
41316,12537746,12540900,3154,mRNA
41317,12537635,12537681,46,mRNA
41318,12536275,12537419,1144,mRNA
41319,12477115,12477166,51,mRNA
41320,12456887,12458223,1336,mRNA
41321,12460589,12461256,667,mRNA
41322,12457138,12458223,1085,mRNA
41323,12537746,12539654,1908,CDS
41324,12537635,12537681,46,CDS
41325,12536275,12537419,1144,CDS
41326,12477115,12477166,51,CDS
41327,12457756,12458223,467,CDS
41328,12537746,12539327,1581,CDS
41329,12537635,12537681,46,CDS
41330,12536275,12537419,1144,CDS
41331,12460589,12460760,171,CDS
41332,12457756,12458223,467,CDS
41333,12537746,12539327,1581,CDS
41334,12537635,12537681,46,CDS
41335,12536275,12537419,1144,CDS
41336,12477115,12477166,51,CDS
41337,12457756,12458223,467,CDS
41338,12537746,12539327,1581,CDS
41339,12537635,12537681,46,CDS
41340,12536275,12537419,1144,CDS
41341,12516484,12517185,701,CDS
41342,12477115,12477166,51,CDS
41343,12457756,12458223,467,CDS
41344,12504079,12504137,58,CDS
41345,12477115,12477166,51,CDS
41346,12457756,12458223,467,CDS
41347,12498525,12498769,244,CDS
41348,12477115,12477166,51,CDS
41349,12457756,12458223,467,CDS
41350,12491689,12491849,160,CDS
41351,12477115,12477166,51,CDS
41352,12457756,12458223,467,CDS
41353,12491689,12491849,160,CDS
41354,12477115,12477166,51,CDS
41355,12457756,12458223,467,CDS
41356,12482561,12482700,139,CDS
41357,12477115,12477166,51,CDS
41358,12457756,12458223,467,CDS
41359,12460589,12460690,101,CDS
41360,12457756,12458223,467,CDS
41361,12460004,12460100,96,gene
41362,12460004,12460100,96,precursor_RNA
41363,12460014,12460036,22,ncRNA
41364,12460070,12460090,20,ncRNA
41365,12496616,12497333,717,gene
41366,12496616,12497333,717,mRNA
41367,12496645,12497295,650,CDS
41368,12507939,12508504,565,gene
41369,12507939,12508504,565,ncRNA
41370,12508108,12508254,146,gene
41371,12508108,12508254,146,ncRNA
41372,12543176,12544343,1167,gene
41373,12543176,12543598,422,ncRNA
41374,12543940,12544343,403,ncRNA
41375,12547702,12547756,54,mobile_element
41376,12558375,12565446,7071,mobile_element
41377,12570672,12571157,485,gene
41378,12570672,12571157,485,ncRNA
41379,12571160,12571606,446,gene
41380,12571160,12571606,446,ncRNA
41381,12581445,12582858,1413,gene
41382,12581445,12581710,265,ncRNA
41383,12581933,12582384,451,ncRNA
41384,12582615,12582858,243,ncRNA
41385,12582402,12583550,1148,gene
41386,12582402,12583550,1148,ncRNA
41387,12587625,12628135,40510,gene
41388,12587625,12588052,427,mRNA
41389,12593625,12594670,1045,mRNA
41390,12613676,12614212,536,mRNA
41391,12622975,12623019,44,mRNA
41392,12625455,12627183,1728,mRNA
41393,12627424,12628135,711,mRNA
41394,12593998,12594670,672,CDS
41395,12613676,12614212,536,CDS
41396,12622975,12623019,44,CDS
41397,12625455,12627085,1630,CDS
41398,12610517,12646356,35839,gene
41399,12646099,12646356,257,mRNA
41400,12640907,12641280,373,mRNA
41401,12610517,12611395,878,mRNA
41402,12645893,12646356,463,mRNA
41403,12640907,12641280,373,mRNA
41404,12610517,12611395,878,mRNA
41405,12611445,12611476,31,mRNA
41406,12610517,12611395,878,mRNA
41407,12610719,12611381,662,CDS
41408,12610719,12611381,662,CDS
41409,12610719,12611381,662,CDS
41410,12618345,12619125,780,mRNA
41411,12622975,12623019,44,mRNA
41412,12625455,12627183,1728,mRNA
41413,12627424,12628135,711,mRNA
41414,12618783,12619125,342,mRNA
41415,12622975,12623019,44,mRNA
41416,12625455,12627183,1728,mRNA
41417,12627424,12628135,711,mRNA
41418,12618996,12619125,129,CDS
41419,12622975,12623019,44,CDS
41420,12625455,12627085,1630,CDS
41421,12618996,12619125,129,CDS
41422,12622975,12623019,44,CDS
41423,12625455,12627085,1630,CDS
41424,12657165,12686306,29141,gene
41425,12657165,12658073,908,mRNA
41426,12660252,12660931,679,mRNA
41427,12672784,12673647,863,mRNA
41428,12680777,12680833,56,mRNA
41429,12684531,12686306,1775,mRNA
41430,12657722,12658073,351,mRNA
41431,12660252,12660931,679,mRNA
41432,12672784,12673647,863,mRNA
41433,12680777,12680833,56,mRNA
41434,12684531,12686306,1775,mRNA
41435,12657824,12658073,249,mRNA
41436,12660252,12660931,679,mRNA
41437,12672784,12673647,863,mRNA
41438,12680777,12680833,56,mRNA
41439,12684531,12686306,1775,mRNA
41440,12660466,12660931,465,CDS
41441,12672784,12673647,863,CDS
41442,12680777,12680833,56,CDS
41443,12684531,12685825,1294,CDS
41444,12660466,12660931,465,CDS
41445,12672784,12673647,863,CDS
41446,12680777,12680833,56,CDS
41447,12684531,12685825,1294,CDS
41448,12660466,12660931,465,CDS
41449,12672784,12673647,863,CDS
41450,12680777,12680833,56,CDS
41451,12684531,12685825,1294,CDS
41452,12667248,12669714,2466,gene
41453,12667248,12669714,2466,mRNA
41454,12667248,12669354,2106,mRNA
41455,12667265,12669274,2009,CDS
41456,12667265,12669274,2009,CDS
41457,12678604,12678941,337,mRNA
41458,12680777,12680833,56,mRNA
41459,12684531,12686306,1775,mRNA
41460,12678797,12678941,144,CDS
41461,12680777,12680833,56,CDS
41462,12684531,12685825,1294,CDS
41463,12690336,12692934,2598,gene
41464,12692717,12692934,217,mRNA
41465,12691565,12692217,652,mRNA
41466,12691363,12691502,139,mRNA
41467,12690619,12691303,684,mRNA
41468,12690336,12690555,219,mRNA
41469,12692717,12692822,105,CDS
41470,12691565,12692217,652,CDS
41471,12691363,12691502,139,CDS
41472,12690619,12691303,684,CDS
41473,12690538,12690555,17,CDS
41474,12692993,12693939,946,gene
41475,12692993,12693402,409,mRNA
41476,12693466,12693656,190,mRNA
41477,12693720,12693939,219,mRNA
41478,12692993,12693402,409,mRNA
41479,12693466,12693656,190,mRNA
41480,12693720,12693892,172,mRNA
41481,12693083,12693402,319,CDS
41482,12693466,12693656,190,CDS
41483,12693720,12693844,124,CDS
41484,12693083,12693402,319,CDS
41485,12693466,12693656,190,CDS
41486,12693720,12693844,124,CDS
41487,12693872,12694988,1116,gene
41488,12694874,12694988,114,mRNA
41489,12694574,12694815,241,mRNA
41490,12694494,12694517,23,mRNA
41491,12694304,12694426,122,mRNA
41492,12693872,12694248,376,mRNA
41493,12694874,12694912,38,CDS
41494,12694574,12694815,241,CDS
41495,12694494,12694517,23,CDS
41496,12694304,12694426,122,CDS
41497,12693987,12694248,261,CDS
41498,12695033,12698917,3884,gene
41499,12695033,12695162,129,mRNA
41500,12695305,12695523,218,mRNA
41501,12696267,12696378,111,mRNA
41502,12697466,12698917,1451,mRNA
41503,12695033,12695162,129,mRNA
41504,12696267,12696378,111,mRNA
41505,12697466,12698917,1451,mRNA
41506,12695116,12695162,46,CDS
41507,12695305,12695523,218,CDS
41508,12696267,12696378,111,CDS
41509,12697466,12698821,1355,CDS
41510,12695116,12695162,46,CDS
41511,12696267,12696378,111,CDS
41512,12697466,12698821,1355,CDS
41513,12695836,12696140,304,mRNA
41514,12696204,12696378,174,mRNA
41515,12697466,12698917,1451,mRNA
41516,12695836,12696136,300,mRNA
41517,12696267,12696378,111,mRNA
41518,12697466,12698917,1451,mRNA
41519,12696192,12696378,186,mRNA
41520,12697466,12698917,1451,mRNA
41521,12696271,12696378,107,CDS
41522,12697466,12698821,1355,CDS
41523,12696271,12696378,107,CDS
41524,12697466,12698821,1355,CDS
41525,12696271,12696378,107,CDS
41526,12697466,12698821,1355,CDS
41527,12696426,12697323,897,gene
41528,12696426,12697323,897,mRNA
41529,12696471,12697271,800,CDS
41530,12698918,12700746,1828,gene
41531,12699771,12700644,873,mRNA
41532,12698918,12699706,788,mRNA
41533,12699771,12700746,975,mRNA
41534,12699003,12699706,703,mRNA
41535,12699771,12700514,743,CDS
41536,12699152,12699706,554,CDS
41537,12699771,12700514,743,CDS
41538,12699152,12699706,554,CDS
41539,12700949,12704451,3502,gene
41540,12703995,12704451,456,mRNA
41541,12703445,12703936,491,mRNA
41542,12700949,12703391,2442,mRNA
41543,12703995,12704451,456,mRNA
41544,12703445,12703936,491,mRNA
41545,12701429,12703391,1962,mRNA
41546,12703995,12704400,405,CDS
41547,12703445,12703936,491,CDS
41548,12701890,12703391,1501,CDS
41549,12703995,12704400,405,CDS
41550,12703445,12703936,491,CDS
41551,12701890,12703391,1501,CDS
41552,12704725,12706683,1958,gene
41553,12704725,12705092,367,mRNA
41554,12705591,12706683,1092,mRNA
41555,12704725,12705092,367,mRNA
41556,12705591,12706683,1092,mRNA
41557,12704792,12705092,300,CDS
41558,12705591,12706471,880,CDS
41559,12704792,12705092,300,CDS
41560,12705591,12706447,856,CDS
41561,12706799,12707711,912,gene
41562,12706799,12707711,912,mRNA
41563,12706909,12707529,620,CDS
41564,12707661,12708680,1019,gene
41565,12707661,12708680,1019,mRNA
41566,12707771,12708544,773,CDS
41567,12708792,12712952,4160,gene
41568,12712855,12712952,97,mRNA
41569,12710362,12712531,2169,mRNA
41570,12709375,12710225,850,mRNA
41571,12708792,12709309,517,mRNA
41572,12710362,12712470,2108,mRNA
41573,12709375,12710225,850,mRNA
41574,12708792,12709309,517,mRNA
41575,12710362,12712306,1944,CDS
41576,12709375,12710225,850,CDS
41577,12709253,12709309,56,CDS
41578,12710362,12712306,1944,CDS
41579,12709375,12710225,850,CDS
41580,12709253,12709309,56,CDS
41581,12713276,12721843,8567,gene
41582,12721653,12721843,190,mRNA
41583,12721451,12721562,111,mRNA
41584,12713650,12714296,646,mRNA
41585,12713443,12713586,143,mRNA
41586,12713276,12713375,99,mRNA
41587,12721653,12721721,68,CDS
41588,12721451,12721562,111,CDS
41589,12713650,12714296,646,CDS
41590,12713443,12713586,143,CDS
41591,12713340,12713375,35,CDS
41592,12721653,12721843,190,mRNA
41593,12721451,12721562,111,mRNA
41594,12715894,12718056,2162,mRNA
41595,12714649,12715529,880,mRNA
41596,12714396,12714546,150,mRNA
41597,12721653,12721721,68,CDS
41598,12721451,12721562,111,CDS
41599,12715894,12718056,2162,CDS
41600,12714649,12715529,880,CDS
41601,12714487,12714546,59,CDS
41602,12719045,12766546,47501,gene
41603,12719045,12719240,195,mRNA
41604,12722355,12722484,129,mRNA
41605,12722559,12724070,1511,mRNA
41606,12724206,12724343,137,mRNA
41607,12724765,12724911,146,mRNA
41608,12725712,12725796,84,mRNA
41609,12725859,12726678,819,mRNA
41610,12726746,12727116,370,mRNA
41611,12728021,12728241,220,mRNA
41612,12737959,12738176,217,mRNA
41613,12738241,12738747,506,mRNA
41614,12738807,12739188,381,mRNA
41615,12766232,12766546,314,mRNA
41616,12719045,12719240,195,mRNA
41617,12722355,12722484,129,mRNA
41618,12722559,12724070,1511,mRNA
41619,12724206,12724343,137,mRNA
41620,12724472,12724618,146,mRNA
41621,12725712,12725796,84,mRNA
41622,12725859,12726678,819,mRNA
41623,12726746,12727116,370,mRNA
41624,12729931,12730151,220,mRNA
41625,12737959,12738176,217,mRNA
41626,12738241,12738747,506,mRNA
41627,12738807,12739188,381,mRNA
41628,12743980,12744807,827,mRNA
41629,12719045,12719240,195,mRNA
41630,12722355,12722484,129,mRNA
41631,12722559,12724070,1511,mRNA
41632,12724206,12724343,137,mRNA
41633,12724472,12724618,146,mRNA
41634,12725712,12725796,84,mRNA
41635,12725859,12726678,819,mRNA
41636,12726746,12727116,370,mRNA
41637,12730843,12731066,223,mRNA
41638,12737959,12738176,217,mRNA
41639,12738241,12738747,506,mRNA
41640,12738807,12739188,381,mRNA
41641,12743980,12744807,827,mRNA
41642,12719045,12719240,195,mRNA
41643,12722355,12722484,129,mRNA
41644,12722559,12724070,1511,mRNA
41645,12724206,12724343,137,mRNA
41646,12724472,12724618,146,mRNA
41647,12725712,12725796,84,mRNA
41648,12725859,12726678,819,mRNA
41649,12726746,12727116,370,mRNA
41650,12736036,12736256,220,mRNA
41651,12737959,12738176,217,mRNA
41652,12738241,12738747,506,mRNA
41653,12738807,12739188,381,mRNA
41654,12743980,12744807,827,mRNA
41655,12719045,12719240,195,mRNA
41656,12722355,12722484,129,mRNA
41657,12722559,12724070,1511,mRNA
41658,12724206,12724343,137,mRNA
41659,12724472,12724618,146,mRNA
41660,12725712,12725796,84,mRNA
41661,12725859,12726678,819,mRNA
41662,12726746,12727116,370,mRNA
41663,12736593,12736813,220,mRNA
41664,12737959,12738176,217,mRNA
41665,12738241,12738747,506,mRNA
41666,12738807,12739188,381,mRNA
41667,12743980,12744807,827,mRNA
41668,12719045,12719240,195,mRNA
41669,12722355,12722484,129,mRNA
41670,12722559,12724070,1511,mRNA
41671,12724206,12724343,137,mRNA
41672,12724765,12724911,146,mRNA
41673,12725712,12725796,84,mRNA
41674,12725859,12726678,819,mRNA
41675,12726746,12727116,370,mRNA
41676,12728021,12728241,220,mRNA
41677,12737959,12738176,217,mRNA
41678,12738241,12738747,506,mRNA
41679,12738807,12739188,381,mRNA
41680,12743980,12744807,827,mRNA
41681,12719045,12719240,195,mRNA
41682,12722355,12722484,129,mRNA
41683,12722559,12724070,1511,mRNA
41684,12724206,12724343,137,mRNA
41685,12724765,12724911,146,mRNA
41686,12725712,12725796,84,mRNA
41687,12725859,12726678,819,mRNA
41688,12726746,12727116,370,mRNA
41689,12728578,12728798,220,mRNA
41690,12737959,12738176,217,mRNA
41691,12738241,12738747,506,mRNA
41692,12738807,12739188,381,mRNA
41693,12743980,12744807,827,mRNA
41694,12719045,12719240,195,mRNA
41695,12722355,12722484,129,mRNA
41696,12722559,12724070,1511,mRNA
41697,12724206,12724343,137,mRNA
41698,12724765,12724911,146,mRNA
41699,12725712,12725796,84,mRNA
41700,12725859,12726678,819,mRNA
41701,12726746,12727116,370,mRNA
41702,12729185,12729405,220,mRNA
41703,12737959,12738176,217,mRNA
41704,12738241,12738747,506,mRNA
41705,12738807,12739188,381,mRNA
41706,12743980,12744807,827,mRNA
41707,12719045,12719240,195,mRNA
41708,12722355,12722484,129,mRNA
41709,12722559,12724070,1511,mRNA
41710,12724206,12724343,137,mRNA
41711,12724765,12724911,146,mRNA
41712,12725712,12725796,84,mRNA
41713,12725859,12726678,819,mRNA
41714,12726746,12727116,370,mRNA
41715,12737398,12737618,220,mRNA
41716,12737959,12738176,217,mRNA
41717,12738241,12738747,506,mRNA
41718,12738807,12739188,381,mRNA
41719,12743980,12744807,827,mRNA
41720,12722273,12722484,211,mRNA
41721,12722559,12724070,1511,mRNA
41722,12724206,12724343,137,mRNA
41723,12724472,12724618,146,mRNA
41724,12725712,12725796,84,mRNA
41725,12725859,12726678,819,mRNA
41726,12726746,12727116,370,mRNA
41727,12730843,12731066,223,mRNA
41728,12737959,12738176,217,mRNA
41729,12738241,12738747,506,mRNA
41730,12738807,12739188,381,mRNA
41731,12743980,12744807,827,mRNA
41732,12722277,12722484,207,mRNA
41733,12722559,12724070,1511,mRNA
41734,12724206,12724343,137,mRNA
41735,12724472,12724618,146,mRNA
41736,12725712,12725796,84,mRNA
41737,12725859,12726678,819,mRNA
41738,12726746,12727116,370,mRNA
41739,12728021,12728241,220,mRNA
41740,12737959,12738176,217,mRNA
41741,12738241,12738747,506,mRNA
41742,12738807,12739188,381,mRNA
41743,12743980,12744807,827,mRNA
41744,12722277,12722484,207,mRNA
41745,12722559,12724070,1511,mRNA
41746,12724206,12724343,137,mRNA
41747,12724472,12724618,146,mRNA
41748,12725712,12725796,84,mRNA
41749,12725859,12726678,819,mRNA
41750,12726746,12727116,370,mRNA
41751,12728578,12728798,220,mRNA
41752,12737959,12738176,217,mRNA
41753,12738241,12738747,506,mRNA
41754,12738807,12739188,381,mRNA
41755,12743980,12744807,827,mRNA
41756,12722277,12722484,207,mRNA
41757,12722559,12724070,1511,mRNA
41758,12724206,12724343,137,mRNA
41759,12724472,12724618,146,mRNA
41760,12725712,12725796,84,mRNA
41761,12725859,12726678,819,mRNA
41762,12726746,12727116,370,mRNA
41763,12729185,12729405,220,mRNA
41764,12737959,12738176,217,mRNA
41765,12738241,12738747,506,mRNA
41766,12738807,12739188,381,mRNA
41767,12743980,12744807,827,mRNA
41768,12722277,12722484,207,mRNA
41769,12722559,12724070,1511,mRNA
41770,12724206,12724343,137,mRNA
41771,12724472,12724618,146,mRNA
41772,12725712,12725796,84,mRNA
41773,12725859,12726678,819,mRNA
41774,12726746,12727116,370,mRNA
41775,12737398,12737618,220,mRNA
41776,12737959,12738176,217,mRNA
41777,12738241,12738747,506,mRNA
41778,12738807,12739188,381,mRNA
41779,12743980,12744807,827,mRNA
41780,12722277,12722484,207,mRNA
41781,12722559,12724070,1511,mRNA
41782,12724206,12724343,137,mRNA
41783,12724765,12724911,146,mRNA
41784,12725712,12725796,84,mRNA
41785,12725859,12726678,819,mRNA
41786,12726746,12727116,370,mRNA
41787,12730843,12731066,223,mRNA
41788,12737959,12738176,217,mRNA
41789,12738241,12738747,506,mRNA
41790,12738807,12739188,381,mRNA
41791,12743980,12744807,827,mRNA
41792,12722277,12722484,207,mRNA
41793,12722559,12724070,1511,mRNA
41794,12724206,12724343,137,mRNA
41795,12724765,12724911,146,mRNA
41796,12725712,12725796,84,mRNA
41797,12725859,12726678,819,mRNA
41798,12726746,12727116,370,mRNA
41799,12736036,12736256,220,mRNA
41800,12737959,12738176,217,mRNA
41801,12738241,12738747,506,mRNA
41802,12738807,12739188,381,mRNA
41803,12743980,12744807,827,mRNA
41804,12722277,12722484,207,mRNA
41805,12722559,12724070,1511,mRNA
41806,12724206,12724343,137,mRNA
41807,12724765,12724911,146,mRNA
41808,12725712,12725796,84,mRNA
41809,12725859,12726678,819,mRNA
41810,12726746,12727116,370,mRNA
41811,12736593,12736813,220,mRNA
41812,12737959,12738176,217,mRNA
41813,12738241,12738747,506,mRNA
41814,12738807,12739188,381,mRNA
41815,12743980,12744807,827,mRNA
41816,12722277,12722484,207,mRNA
41817,12722559,12724070,1511,mRNA
41818,12724206,12724343,137,mRNA
41819,12724765,12724911,146,mRNA
41820,12725712,12725796,84,mRNA
41821,12725859,12726678,819,mRNA
41822,12726746,12727116,370,mRNA
41823,12729931,12730151,220,mRNA
41824,12737959,12738176,217,mRNA
41825,12738241,12738747,506,mRNA
41826,12738807,12739188,381,mRNA
41827,12743980,12744806,826,mRNA
41828,12722431,12722484,53,CDS
41829,12722559,12724070,1511,CDS
41830,12724206,12724343,137,CDS
41831,12724765,12724911,146,CDS
41832,12725712,12725796,84,CDS
41833,12725859,12726678,819,CDS
41834,12726746,12727116,370,CDS
41835,12728021,12728241,220,CDS
41836,12737959,12738176,217,CDS
41837,12738241,12738747,506,CDS
41838,12738807,12739188,381,CDS
41839,12766232,12766255,23,CDS
41840,12722431,12722484,53,CDS
41841,12722559,12724070,1511,CDS
41842,12724206,12724343,137,CDS
41843,12724472,12724618,146,CDS
41844,12725712,12725796,84,CDS
41845,12725859,12726678,819,CDS
41846,12726746,12727116,370,CDS
41847,12728021,12728241,220,CDS
41848,12737959,12738176,217,CDS
41849,12738241,12738747,506,CDS
41850,12738807,12739188,381,CDS
41851,12743980,12744171,191,CDS
41852,12722431,12722484,53,CDS
41853,12722559,12724070,1511,CDS
41854,12724206,12724343,137,CDS
41855,12724472,12724618,146,CDS
41856,12725712,12725796,84,CDS
41857,12725859,12726678,819,CDS
41858,12726746,12727116,370,CDS
41859,12728578,12728798,220,CDS
41860,12737959,12738176,217,CDS
41861,12738241,12738747,506,CDS
41862,12738807,12739188,381,CDS
41863,12743980,12744171,191,CDS
41864,12722431,12722484,53,CDS
41865,12722559,12724070,1511,CDS
41866,12724206,12724343,137,CDS
41867,12724472,12724618,146,CDS
41868,12725712,12725796,84,CDS
41869,12725859,12726678,819,CDS
41870,12726746,12727116,370,CDS
41871,12729185,12729405,220,CDS
41872,12737959,12738176,217,CDS
41873,12738241,12738747,506,CDS
41874,12738807,12739188,381,CDS
41875,12743980,12744171,191,CDS
41876,12722431,12722484,53,CDS
41877,12722559,12724070,1511,CDS
41878,12724206,12724343,137,CDS
41879,12724472,12724618,146,CDS
41880,12725712,12725796,84,CDS
41881,12725859,12726678,819,CDS
41882,12726746,12727116,370,CDS
41883,12729931,12730151,220,CDS
41884,12737959,12738176,217,CDS
41885,12738241,12738747,506,CDS
41886,12738807,12739188,381,CDS
41887,12743980,12744171,191,CDS
41888,12722431,12722484,53,CDS
41889,12722559,12724070,1511,CDS
41890,12724206,12724343,137,CDS
41891,12724472,12724618,146,CDS
41892,12725712,12725796,84,CDS
41893,12725859,12726678,819,CDS
41894,12726746,12727116,370,CDS
41895,12730843,12731066,223,CDS
41896,12737959,12738176,217,CDS
41897,12738241,12738747,506,CDS
41898,12738807,12739188,381,CDS
41899,12743980,12744171,191,CDS
41900,12722431,12722484,53,CDS
41901,12722559,12724070,1511,CDS
41902,12724206,12724343,137,CDS
41903,12724472,12724618,146,CDS
41904,12725712,12725796,84,CDS
41905,12725859,12726678,819,CDS
41906,12726746,12727116,370,CDS
41907,12730843,12731066,223,CDS
41908,12737959,12738176,217,CDS
41909,12738241,12738747,506,CDS
41910,12738807,12739188,381,CDS
41911,12743980,12744171,191,CDS
41912,12722431,12722484,53,CDS
41913,12722559,12724070,1511,CDS
41914,12724206,12724343,137,CDS
41915,12724472,12724618,146,CDS
41916,12725712,12725796,84,CDS
41917,12725859,12726678,819,CDS
41918,12726746,12727116,370,CDS
41919,12736036,12736256,220,CDS
41920,12737959,12738176,217,CDS
41921,12738241,12738747,506,CDS
41922,12738807,12739188,381,CDS
41923,12743980,12744171,191,CDS
41924,12722431,12722484,53,CDS
41925,12722559,12724070,1511,CDS
41926,12724206,12724343,137,CDS
41927,12724472,12724618,146,CDS
41928,12725712,12725796,84,CDS
41929,12725859,12726678,819,CDS
41930,12726746,12727116,370,CDS
41931,12736593,12736813,220,CDS
41932,12737959,12738176,217,CDS
41933,12738241,12738747,506,CDS
41934,12738807,12739188,381,CDS
41935,12743980,12744171,191,CDS
41936,12722431,12722484,53,CDS
41937,12722559,12724070,1511,CDS
41938,12724206,12724343,137,CDS
41939,12724472,12724618,146,CDS
41940,12725712,12725796,84,CDS
41941,12725859,12726678,819,CDS
41942,12726746,12727116,370,CDS
41943,12737398,12737618,220,CDS
41944,12737959,12738176,217,CDS
41945,12738241,12738747,506,CDS
41946,12738807,12739188,381,CDS
41947,12743980,12744171,191,CDS
41948,12722431,12722484,53,CDS
41949,12722559,12724070,1511,CDS
41950,12724206,12724343,137,CDS
41951,12724765,12724911,146,CDS
41952,12725712,12725796,84,CDS
41953,12725859,12726678,819,CDS
41954,12726746,12727116,370,CDS
41955,12728021,12728241,220,CDS
41956,12737959,12738176,217,CDS
41957,12738241,12738747,506,CDS
41958,12738807,12739188,381,CDS
41959,12743980,12744171,191,CDS
41960,12722431,12722484,53,CDS
41961,12722559,12724070,1511,CDS
41962,12724206,12724343,137,CDS
41963,12724765,12724911,146,CDS
41964,12725712,12725796,84,CDS
41965,12725859,12726678,819,CDS
41966,12726746,12727116,370,CDS
41967,12728578,12728798,220,CDS
41968,12737959,12738176,217,CDS
41969,12738241,12738747,506,CDS
41970,12738807,12739188,381,CDS
41971,12743980,12744171,191,CDS
41972,12722431,12722484,53,CDS
41973,12722559,12724070,1511,CDS
41974,12724206,12724343,137,CDS
41975,12724765,12724911,146,CDS
41976,12725712,12725796,84,CDS
41977,12725859,12726678,819,CDS
41978,12726746,12727116,370,CDS
41979,12729185,12729405,220,CDS
41980,12737959,12738176,217,CDS
41981,12738241,12738747,506,CDS
41982,12738807,12739188,381,CDS
41983,12743980,12744171,191,CDS
41984,12722431,12722484,53,CDS
41985,12722559,12724070,1511,CDS
41986,12724206,12724343,137,CDS
41987,12724765,12724911,146,CDS
41988,12725712,12725796,84,CDS
41989,12725859,12726678,819,CDS
41990,12726746,12727116,370,CDS
41991,12729931,12730151,220,CDS
41992,12737959,12738176,217,CDS
41993,12738241,12738747,506,CDS
41994,12738807,12739188,381,CDS
41995,12743980,12744171,191,CDS
41996,12722431,12722484,53,CDS
41997,12722559,12724070,1511,CDS
41998,12724206,12724343,137,CDS
41999,12724765,12724911,146,CDS
42000,12725712,12725796,84,CDS
42001,12725859,12726678,819,CDS
42002,12726746,12727116,370,CDS
42003,12730843,12731066,223,CDS
42004,12737959,12738176,217,CDS
42005,12738241,12738747,506,CDS
42006,12738807,12739188,381,CDS
42007,12743980,12744171,191,CDS
42008,12722431,12722484,53,CDS
42009,12722559,12724070,1511,CDS
42010,12724206,12724343,137,CDS
42011,12724765,12724911,146,CDS
42012,12725712,12725796,84,CDS
42013,12725859,12726678,819,CDS
42014,12726746,12727116,370,CDS
42015,12736036,12736256,220,CDS
42016,12737959,12738176,217,CDS
42017,12738241,12738747,506,CDS
42018,12738807,12739188,381,CDS
42019,12743980,12744171,191,CDS
42020,12722431,12722484,53,CDS
42021,12722559,12724070,1511,CDS
42022,12724206,12724343,137,CDS
42023,12724765,12724911,146,CDS
42024,12725712,12725796,84,CDS
42025,12725859,12726678,819,CDS
42026,12726746,12727116,370,CDS
42027,12736593,12736813,220,CDS
42028,12737959,12738176,217,CDS
42029,12738241,12738747,506,CDS
42030,12738807,12739188,381,CDS
42031,12743980,12744171,191,CDS
42032,12722431,12722484,53,CDS
42033,12722559,12724070,1511,CDS
42034,12724206,12724343,137,CDS
42035,12724765,12724911,146,CDS
42036,12725712,12725796,84,CDS
42037,12725859,12726678,819,CDS
42038,12726746,12727116,370,CDS
42039,12737398,12737618,220,CDS
42040,12737959,12738176,217,CDS
42041,12738241,12738747,506,CDS
42042,12738807,12739188,381,CDS
42043,12743980,12744171,191,CDS
42044,12724957,12725025,68,gene
42045,12724957,12725025,68,precursor_RNA
42046,12724957,12724977,20,ncRNA
42047,12725003,12725024,21,ncRNA
42048,12728975,12729160,185,mobile_element
42049,12731125,12735818,4693,mobile_element
42050,12739229,12743947,4718,mobile_element
42051,12753459,12753654,195,mobile_element
42052,12760346,12761840,1494,gene
42053,12761118,12761840,722,mRNA
42054,12760346,12761004,658,mRNA
42055,12761118,12761792,674,CDS
42056,12760456,12761004,548,CDS
42057,12763895,12764039,144,mobile_element
42058,12767717,12768765,1048,gene
42059,12767717,12768765,1048,ncRNA
42060,12774054,12775252,1198,gene
42061,12774054,12775252,1198,ncRNA
42062,12781858,12789244,7386,mobile_element
42063,12791663,12795275,3612,mobile_element
42064,12807643,12808340,697,gene
42065,12808111,12808340,229,ncRNA
42066,12807643,12808056,413,ncRNA
42067,12817000,12822787,5787,gene
42068,12817000,12822787,5787,mRNA
42069,12818936,12822787,3851,mRNA
42070,12819018,12821660,2642,CDS
42071,12819018,12821660,2642,CDS
42072,12840895,12841323,428,gene
42073,12840895,12841323,428,ncRNA
42074,12840895,12840993,98,ncRNA
42075,12841080,12841323,243,ncRNA
42076,12841517,12841895,378,gene
42077,12841517,12841679,162,ncRNA
42078,12841743,12841895,152,ncRNA
42079,12861753,12863158,1405,mobile_element
42080,12868904,12868958,54,mobile_element
42081,12894076,12895481,1405,mobile_element
42082,12912530,12916774,4244,gene
42083,12912530,12912699,169,mRNA
42084,12912748,12912888,140,mRNA
42085,12912945,12913104,159,mRNA
42086,12913167,12913950,783,mRNA
42087,12914013,12914512,499,mRNA
42088,12914623,12915073,450,mRNA
42089,12915124,12915485,361,mRNA
42090,12915543,12915637,94,mRNA
42091,12915703,12915854,151,mRNA
42092,12915913,12916057,144,mRNA
42093,12916171,12916774,603,mRNA
42094,12912530,12912699,169,mRNA
42095,12912748,12912888,140,mRNA
42096,12912945,12913104,159,mRNA
42097,12913167,12913950,783,mRNA
42098,12914013,12914113,100,mRNA
42099,12914173,12914512,339,mRNA
42100,12914623,12915073,450,mRNA
42101,12915124,12915485,361,mRNA
42102,12915543,12915637,94,mRNA
42103,12915703,12915854,151,mRNA
42104,12915913,12916057,144,mRNA
42105,12916171,12916774,603,mRNA
42106,12912589,12912699,110,CDS
42107,12912748,12912888,140,CDS
42108,12912945,12913104,159,CDS
42109,12913167,12913950,783,CDS
42110,12914013,12914113,100,CDS
42111,12914173,12914512,339,CDS
42112,12914623,12915073,450,CDS
42113,12915124,12915485,361,CDS
42114,12915543,12915637,94,CDS
42115,12915703,12915854,151,CDS
42116,12915913,12916057,144,CDS
42117,12916171,12916721,550,CDS
42118,12912589,12912699,110,CDS
42119,12912748,12912888,140,CDS
42120,12912945,12913104,159,CDS
42121,12913167,12913950,783,CDS
42122,12914013,12914127,114,CDS
42123,12916814,12921008,4194,gene
42124,12916814,12916999,185,mRNA
42125,12917047,12917187,140,mRNA
42126,12917246,12917405,159,mRNA
42127,12917461,12918244,783,mRNA
42128,12918304,12918404,100,mRNA
42129,12918458,12918803,345,mRNA
42130,12918861,12919308,447,mRNA
42131,12919369,12919730,361,mRNA
42132,12919789,12919883,94,mRNA
42133,12919949,12920100,151,mRNA
42134,12920155,12920293,138,mRNA
42135,12920366,12921008,642,mRNA
42136,12916916,12916999,83,CDS
42137,12917047,12917187,140,CDS
42138,12917246,12917405,159,CDS
42139,12917461,12918244,783,CDS
42140,12918304,12918404,100,CDS
42141,12918458,12918803,345,CDS
42142,12918861,12919308,447,CDS
42143,12919369,12919730,361,CDS
42144,12919789,12919883,94,CDS
42145,12919949,12920100,151,CDS
42146,12920155,12920293,138,CDS
42147,12920366,12920898,532,CDS
42148,12921091,12925453,4362,gene
42149,12921091,12921215,124,mRNA
42150,12921267,12921407,140,mRNA
42151,12921462,12921621,159,mRNA
42152,12921774,12922554,780,mRNA
42153,12922692,12922792,100,mRNA
42154,12922847,12923192,345,mRNA
42155,12923255,12923705,450,mRNA
42156,12923766,12924127,361,mRNA
42157,12924185,12924279,94,mRNA
42158,12924331,12924495,164,mRNA
42159,12924544,12924688,144,mRNA
42160,12924759,12925453,694,mRNA
42161,12921091,12921215,124,mRNA
42162,12921267,12921407,140,mRNA
42163,12921462,12921621,159,mRNA
42164,12921774,12922554,780,mRNA
42165,12922692,12922792,100,mRNA
42166,12922847,12923192,345,mRNA
42167,12923255,12923705,450,mRNA
42168,12923766,12924127,361,mRNA
42169,12924185,12924279,94,mRNA
42170,12924344,12924495,151,mRNA
42171,12924544,12924688,144,mRNA
42172,12924759,12925453,694,mRNA
42173,12921091,12921215,124,mRNA
42174,12921267,12921407,140,mRNA
42175,12921462,12921621,159,mRNA
42176,12921774,12922554,780,mRNA
42177,12922692,12922792,100,mRNA
42178,12922847,12923192,345,mRNA
42179,12923255,12923705,450,mRNA
42180,12923766,12924127,361,mRNA
42181,12924185,12924279,94,mRNA
42182,12924344,12924495,151,mRNA
42183,12924559,12924688,129,mRNA
42184,12924759,12925453,694,mRNA
42185,12921091,12921215,124,mRNA
42186,12921267,12921407,140,mRNA
42187,12921462,12921621,159,mRNA
42188,12921774,12922549,775,mRNA
42189,12922692,12922792,100,mRNA
42190,12922847,12923192,345,mRNA
42191,12923255,12923705,450,mRNA
42192,12923766,12924127,361,mRNA
42193,12924185,12924279,94,mRNA
42194,12924344,12924495,151,mRNA
42195,12924544,12924688,144,mRNA
42196,12924759,12925453,694,mRNA
42197,12921091,12921215,124,mRNA
42198,12921267,12921407,140,mRNA
42199,12921462,12921621,159,mRNA
42200,12921774,12922549,775,mRNA
42201,12922754,12922792,38,mRNA
42202,12922847,12923192,345,mRNA
42203,12923255,12923705,450,mRNA
42204,12923766,12924127,361,mRNA
42205,12924185,12924279,94,mRNA
42206,12924331,12924495,164,mRNA
42207,12924544,12924688,144,mRNA
42208,12924759,12925453,694,mRNA
42209,12921114,12921215,101,CDS
42210,12921267,12921407,140,CDS
42211,12921462,12921621,159,CDS
42212,12921774,12922554,780,CDS
42213,12922692,12922792,100,CDS
42214,12922847,12923192,345,CDS
42215,12923255,12923705,450,CDS
42216,12923766,12924127,361,CDS
42217,12924185,12924279,94,CDS
42218,12924344,12924495,151,CDS
42219,12924544,12924688,144,CDS
42220,12924759,12925261,502,CDS
42221,12921114,12921215,101,CDS
42222,12921267,12921407,140,CDS
42223,12921462,12921621,159,CDS
42224,12921774,12922554,780,CDS
42225,12922692,12922792,100,CDS
42226,12922847,12923192,345,CDS
42227,12923255,12923705,450,CDS
42228,12923766,12924127,361,CDS
42229,12924185,12924279,94,CDS
42230,12924344,12924495,151,CDS
42231,12924559,12924688,129,CDS
42232,12924759,12925261,502,CDS
42233,12921114,12921215,101,CDS
42234,12921267,12921407,140,CDS
42235,12921462,12921621,159,CDS
42236,12921774,12922554,780,CDS
42237,12922692,12922792,100,CDS
42238,12922847,12923192,345,CDS
42239,12923255,12923705,450,CDS
42240,12923766,12924127,361,CDS
42241,12924185,12924279,94,CDS
42242,12924331,12924389,58,CDS
42243,12921114,12921215,101,CDS
42244,12921267,12921407,140,CDS
42245,12921462,12921621,159,CDS
42246,12921774,12922549,775,CDS
42247,12922692,12922792,100,CDS
42248,12922847,12922910,63,CDS
42249,12921114,12921215,101,CDS
42250,12921267,12921407,140,CDS
42251,12921462,12921621,159,CDS
42252,12921774,12922549,775,CDS
42253,12922754,12922759,5,CDS
42254,12925611,12929823,4212,gene
42255,12925611,12925690,79,mRNA
42256,12925752,12925892,140,mRNA
42257,12926033,12926192,159,mRNA
42258,12926256,12927027,771,mRNA
42259,12927107,12927207,100,mRNA
42260,12927265,12927622,357,mRNA
42261,12927686,12928139,453,mRNA
42262,12928204,12928565,361,mRNA
42263,12928623,12928717,94,mRNA
42264,12928778,12928929,151,mRNA
42265,12928994,12929129,135,mRNA
42266,12929187,12929823,636,mRNA
42267,12925619,12925690,71,CDS
42268,12925752,12925892,140,CDS
42269,12926033,12926192,159,CDS
42270,12926256,12927027,771,CDS
42271,12927107,12927207,100,CDS
42272,12927265,12927622,357,CDS
42273,12927686,12928139,453,CDS
42274,12928204,12928565,361,CDS
42275,12928623,12928717,94,CDS
42276,12928778,12928929,151,CDS
42277,12928994,12929129,135,CDS
42278,12929187,12929755,568,CDS
42279,12931551,12932340,789,gene
42280,12931551,12932340,789,ncRNA
42281,12933905,12941314,7409,mobile_element
42282,12961806,12961832,26,mobile_element
42283,12966590,12967810,1220,gene
42284,12966590,12966904,314,mRNA
42285,12967096,12967810,714,mRNA
42286,12966749,12966904,155,CDS
42287,12967096,12967788,692,CDS
42288,12974322,12978607,4285,gene
42289,12974322,12974443,121,mRNA
42290,12975614,12975712,98,mRNA
42291,12976126,12976823,697,mRNA
42292,12976932,12977909,977,mRNA
42293,12977977,12978607,630,mRNA
42294,12974364,12974443,79,mRNA
42295,12975614,12975712,98,mRNA
42296,12976126,12976823,697,mRNA
42297,12976932,12977909,977,mRNA
42298,12977977,12978607,630,mRNA
42299,12974364,12974421,57,mRNA
42300,12975614,12975712,98,mRNA
42301,12976126,12976823,697,mRNA
42302,12976932,12977909,977,mRNA
42303,12977977,12978607,630,mRNA
42304,12974622,12974746,124,mRNA
42305,12975614,12975712,98,mRNA
42306,12976126,12976823,697,mRNA
42307,12976932,12977909,977,mRNA
42308,12977977,12978607,630,mRNA
42309,12975186,12975223,37,mRNA
42310,12975614,12975712,98,mRNA
42311,12976126,12976823,697,mRNA
42312,12976932,12977909,977,mRNA
42313,12977977,12978607,630,mRNA
42314,12975402,12975469,67,mRNA
42315,12975614,12975712,98,mRNA
42316,12976126,12976823,697,mRNA
42317,12976932,12977909,977,mRNA
42318,12977977,12978607,630,mRNA
42319,12975637,12975712,75,CDS
42320,12976126,12976823,697,CDS
42321,12976932,12977909,977,CDS
42322,12977977,12978069,92,CDS
42323,12975637,12975712,75,CDS
42324,12976126,12976823,697,CDS
42325,12976932,12977909,977,CDS
42326,12977977,12978069,92,CDS
42327,12975637,12975712,75,CDS
42328,12976126,12976823,697,CDS
42329,12976932,12977909,977,CDS
42330,12977977,12978069,92,CDS
42331,12975637,12975712,75,CDS
42332,12976126,12976823,697,CDS
42333,12976932,12977909,977,CDS
42334,12977977,12978069,92,CDS
42335,12975637,12975712,75,CDS
42336,12976126,12976823,697,CDS
42337,12976932,12977909,977,CDS
42338,12977977,12978069,92,CDS
42339,12975637,12975712,75,CDS
42340,12976126,12976823,697,CDS
42341,12976932,12977909,977,CDS
42342,12977977,12978069,92,CDS
42343,12978786,12981293,2507,gene
42344,12978786,12980048,1262,mRNA
42345,12980112,12981293,1181,mRNA
42346,12978900,12980048,1148,CDS
42347,12980112,12981194,1082,CDS
42348,12986941,12987220,279,mobile_element
42349,12993757,13000635,6878,gene
42350,13000447,13000635,188,mRNA
42351,13000179,13000384,205,mRNA
42352,12999727,12999761,34,mRNA
42353,12997813,12997923,110,mRNA
42354,12997462,12997646,184,mRNA
42355,12993757,12994237,480,mRNA
42356,13000447,13000541,94,CDS
42357,13000179,13000384,205,CDS
42358,12999727,12999761,34,CDS
42359,12997813,12997923,110,CDS
42360,12997462,12997646,184,CDS
42361,12994075,12994237,162,CDS
42362,13000770,13004107,3337,gene
42363,13004041,13004107,66,mRNA
42364,13003584,13003715,131,mRNA
42365,13002623,13003320,697,mRNA
42366,13001560,13002537,977,mRNA
42367,13000770,13001504,734,mRNA
42368,13003974,13004107,133,mRNA
42369,13003584,13003715,131,mRNA
42370,13002623,13003320,697,mRNA
42371,13001560,13002537,977,mRNA
42372,13000965,13001504,539,mRNA
42373,13003584,13003659,75,CDS
42374,13002623,13003320,697,CDS
42375,13001560,13002537,977,CDS
42376,13001412,13001504,92,CDS
42377,13003584,13003659,75,CDS
42378,13002623,13003320,697,CDS
42379,13001560,13002537,977,CDS
42380,13001412,13001504,92,CDS
42381,13004480,13013197,8717,gene
42382,13004480,13005011,531,mRNA
42383,13005067,13005287,220,mRNA
42384,13005431,13005997,566,mRNA
42385,13006350,13007086,736,mRNA
42386,13007146,13009087,1941,mRNA
42387,13009136,13011691,2555,mRNA
42388,13011766,13013197,1431,mRNA
42389,13004480,13005011,531,mRNA
42390,13005067,13005287,220,mRNA
42391,13005431,13005997,566,mRNA
42392,13006353,13007086,733,mRNA
42393,13007146,13009087,1941,mRNA
42394,13009136,13011691,2555,mRNA
42395,13011766,13013197,1431,mRNA
42396,13004786,13005011,225,CDS
42397,13005067,13005287,220,CDS
42398,13005431,13005997,566,CDS
42399,13006350,13007086,736,CDS
42400,13007146,13009087,1941,CDS
42401,13009136,13011691,2555,CDS
42402,13011766,13012932,1166,CDS
42403,13004786,13005011,225,CDS
42404,13005067,13005287,220,CDS
42405,13005431,13005997,566,CDS
42406,13006353,13007086,733,CDS
42407,13007146,13009087,1941,CDS
42408,13009136,13011691,2555,CDS
42409,13011766,13012932,1166,CDS
42410,13013276,13019434,6158,gene
42411,13018790,13019434,644,mRNA
42412,13017829,13018177,348,mRNA
42413,13016255,13017661,1406,mRNA
42414,13015615,13016186,571,mRNA
42415,13015104,13015500,396,mRNA
42416,13014926,13015038,112,mRNA
42417,13014351,13014675,324,mRNA
42418,13013949,13014291,342,mRNA
42419,13013276,13013883,607,mRNA
42420,13018790,13019147,357,mRNA
42421,13017829,13018174,345,mRNA
42422,13016255,13017661,1406,mRNA
42423,13015615,13016186,571,mRNA
42424,13015104,13015500,396,mRNA
42425,13014926,13015038,112,mRNA
42426,13014351,13014675,324,mRNA
42427,13013949,13014291,342,mRNA
42428,13013388,13013883,495,mRNA
42429,13017829,13018056,227,CDS
42430,13016255,13017661,1406,CDS
42431,13015615,13016186,571,CDS
42432,13015104,13015500,396,CDS
42433,13014926,13015038,112,CDS
42434,13014351,13014675,324,CDS
42435,13013949,13014291,342,CDS
42436,13013615,13013883,268,CDS
42437,13017829,13018056,227,CDS
42438,13016255,13017661,1406,CDS
42439,13015615,13016186,571,CDS
42440,13015104,13015500,396,CDS
42441,13014926,13015038,112,CDS
42442,13014351,13014675,324,CDS
42443,13013949,13014291,342,CDS
42444,13013615,13013883,268,CDS
42445,13019575,13021312,1737,gene
42446,13020231,13021312,1081,mRNA
42447,13019798,13019926,128,mRNA
42448,13019575,13019729,154,mRNA
42449,13020231,13021178,947,CDS
42450,13019798,13019926,128,CDS
42451,13019676,13019729,53,CDS
42452,13021868,13060140,38272,gene
42453,13059217,13060140,923,mRNA
42454,13050138,13050179,41,mRNA
42455,13029727,13031394,1667,mRNA
42456,13028868,13029642,774,mRNA
42457,13027809,13028539,730,mRNA
42458,13026529,13027744,1215,mRNA
42459,13021868,13025497,3629,mRNA
42460,13059217,13060140,923,mRNA
42461,13050138,13050179,41,mRNA
42462,13029727,13031394,1667,mRNA
42463,13028868,13029642,774,mRNA
42464,13027809,13028551,742,mRNA
42465,13027345,13027744,399,mRNA
42466,13021868,13025497,3629,mRNA
42467,13059217,13060140,923,mRNA
42468,13050138,13050179,41,mRNA
42469,13029727,13031394,1667,mRNA
42470,13028868,13029642,774,mRNA
42471,13027809,13028539,730,mRNA
42472,13027066,13027744,678,mRNA
42473,13022671,13025497,2826,mRNA
42474,13059217,13060140,923,mRNA
42475,13050138,13050179,41,mRNA
42476,13029727,13031394,1667,mRNA
42477,13028868,13029642,774,mRNA
42478,13027809,13028551,742,mRNA
42479,13026529,13027744,1215,mRNA
42480,13022671,13025497,2826,mRNA
42481,13029727,13031333,1606,CDS
42482,13028868,13029642,774,CDS
42483,13027809,13028539,730,CDS
42484,13027066,13027744,678,CDS
42485,13023323,13025497,2174,CDS
42486,13029727,13031333,1606,CDS
42487,13028868,13029642,774,CDS
42488,13027809,13028539,730,CDS
42489,13026529,13027744,1215,CDS
42490,13023323,13025497,2174,CDS
42491,13029727,13031333,1606,CDS
42492,13028868,13029642,774,CDS
42493,13027809,13028551,742,CDS
42494,13027345,13027744,399,CDS
42495,13023323,13025497,2174,CDS
42496,13029727,13031333,1606,CDS
42497,13028868,13029642,774,CDS
42498,13027809,13028551,742,CDS
42499,13026529,13027744,1215,CDS
42500,13023323,13025497,2174,CDS
42501,13036300,13036480,180,mobile_element
42502,13089803,13090559,756,gene
42503,13089803,13090559,756,ncRNA
42504,13096994,13097298,304,gene
42505,13096994,13097298,304,ncRNA
42506,13104719,13105263,544,gene
42507,13104719,13105263,544,ncRNA
42508,13106807,13109468,2661,gene
42509,13106807,13106944,137,mRNA
42510,13107002,13107180,178,mRNA
42511,13107281,13108282,1001,mRNA
42512,13108416,13108626,210,mRNA
42513,13108894,13109468,574,mRNA
42514,13106871,13106944,73,mRNA
42515,13107002,13107180,178,mRNA
42516,13107281,13108282,1001,mRNA
42517,13108416,13108626,210,mRNA
42518,13108894,13109468,574,mRNA
42519,13106885,13106944,59,CDS
42520,13107002,13107180,178,CDS
42521,13107281,13108282,1001,CDS
42522,13108416,13108626,210,CDS
42523,13108894,13109409,515,CDS
42524,13106885,13106944,59,CDS
42525,13107002,13107180,178,CDS
42526,13107281,13108282,1001,CDS
42527,13108416,13108626,210,CDS
42528,13108894,13109409,515,CDS
42529,13118872,13119288,416,gene
42530,13118872,13119288,416,ncRNA
42531,13119294,13120767,1473,gene
42532,13119294,13119532,238,mRNA
42533,13119698,13119783,85,mRNA
42534,13119845,13119935,90,mRNA
42535,13119996,13120088,92,mRNA
42536,13120158,13120767,609,mRNA
42537,13119496,13119532,36,CDS
42538,13119698,13119783,85,CDS
42539,13119845,13119935,90,CDS
42540,13119996,13120088,92,CDS
42541,13120158,13120369,211,CDS
42542,13130591,13134804,4213,gene
42543,13130591,13130760,169,mRNA
42544,13130821,13133283,2462,mRNA
42545,13133373,13133821,448,mRNA
42546,13133880,13134804,924,mRNA
42547,13130722,13130760,38,CDS
42548,13130821,13133283,2462,CDS
42549,13133373,13133821,448,CDS
42550,13133880,13134720,840,CDS
42551,13140367,13140421,54,mobile_element
42552,13142445,13142903,458,gene
42553,13142445,13142903,458,mRNA
42554,13142494,13142903,409,mRNA
42555,13142545,13142865,320,CDS
42556,13142545,13142865,320,CDS
42557,13143214,13143622,408,gene
42558,13143214,13143622,408,mRNA
42559,13143307,13143597,290,CDS
42560,13146636,13146908,272,gene
42561,13146636,13146908,272,ncRNA
42562,13158810,13160173,1363,gene
42563,13158810,13158882,72,mRNA
42564,13158944,13160173,1229,mRNA
42565,13158879,13158882,3,CDS
42566,13158944,13160118,1174,CDS
42567,13160527,13163153,2626,gene
42568,13160527,13160586,59,mRNA
42569,13160793,13162362,1569,mRNA
42570,13162420,13163153,733,mRNA
42571,13160806,13162362,1556,CDS
42572,13162420,13163106,686,CDS
42573,13163209,13166072,2863,gene
42574,13164825,13165018,193,mRNA
42575,13164316,13164762,446,mRNA
42576,13163209,13164203,994,mRNA
42577,13165476,13166072,596,mRNA
42578,13164825,13164923,98,mRNA
42579,13164316,13164762,446,mRNA
42580,13163312,13164203,891,mRNA
42581,13164825,13165018,193,mRNA
42582,13164316,13164762,446,mRNA
42583,13163312,13164203,891,mRNA
42584,13164825,13164893,68,CDS
42585,13164316,13164762,446,CDS
42586,13163397,13164203,806,CDS
42587,13164825,13164893,68,CDS
42588,13164316,13164762,446,CDS
42589,13163550,13164203,653,CDS
42590,13164825,13164893,68,CDS
42591,13164316,13164762,446,CDS
42592,13163550,13164203,653,CDS
42593,13165564,13169551,3987,gene
42594,13165564,13167200,1636,mRNA
42595,13167380,13169551,2171,mRNA
42596,13165991,13167200,1209,CDS
42597,13167380,13168641,1261,CDS
42598,13169649,13176785,7136,gene
42599,13176614,13176785,171,mRNA
42600,13175667,13175952,285,mRNA
42601,13172643,13173941,1298,mRNA
42602,13172316,13172565,249,mRNA
42603,13171739,13172250,511,mRNA
42604,13171382,13171665,283,mRNA
42605,13169649,13170784,1135,mRNA
42606,13176614,13176785,171,mRNA
42607,13175667,13175952,285,mRNA
42608,13174439,13175276,837,mRNA
42609,13172643,13173941,1298,mRNA
42610,13172316,13172565,249,mRNA
42611,13171739,13172250,511,mRNA
42612,13171382,13171665,283,mRNA
42613,13169649,13170784,1135,mRNA
42614,13176614,13176785,171,mRNA
42615,13175667,13175952,285,mRNA
42616,13174439,13175276,837,mRNA
42617,13172643,13173941,1298,mRNA
42618,13172316,13172565,249,mRNA
42619,13171739,13172250,511,mRNA
42620,13171313,13171665,352,mRNA
42621,13169649,13170784,1135,mRNA
42622,13176223,13176382,159,mRNA
42623,13175667,13175952,285,mRNA
42624,13174439,13175276,837,mRNA
42625,13172643,13173941,1298,mRNA
42626,13172316,13172565,249,mRNA
42627,13171739,13172250,511,mRNA
42628,13171382,13171665,283,mRNA
42629,13169649,13170784,1135,mRNA
42630,13175667,13175813,146,CDS
42631,13174439,13175276,837,CDS
42632,13172643,13173941,1298,CDS
42633,13172316,13172565,249,CDS
42634,13171739,13172250,511,CDS
42635,13171382,13171665,283,CDS
42636,13170452,13170784,332,CDS
42637,13175667,13175813,146,CDS
42638,13174439,13175276,837,CDS
42639,13172643,13173941,1298,CDS
42640,13172316,13172565,249,CDS
42641,13171739,13172250,511,CDS
42642,13171382,13171665,283,CDS
42643,13170452,13170784,332,CDS
42644,13175667,13175813,146,CDS
42645,13174439,13175276,837,CDS
42646,13172643,13173941,1298,CDS
42647,13172316,13172565,249,CDS
42648,13171739,13172250,511,CDS
42649,13171313,13171665,352,CDS
42650,13170452,13170784,332,CDS
42651,13172643,13173870,1227,CDS
42652,13172316,13172565,249,CDS
42653,13171739,13172250,511,CDS
42654,13171382,13171665,283,CDS
42655,13170452,13170784,332,CDS
42656,13174227,13175365,1138,gene
42657,13174227,13175365,1138,ncRNA
42658,13176423,13176888,465,gene
42659,13176423,13176469,46,mRNA
42660,13176534,13176668,134,mRNA
42661,13176757,13176888,131,mRNA
42662,13176537,13176668,131,CDS
42663,13176757,13176888,131,CDS
42664,13177150,13178978,1828,gene
42665,13177150,13178978,1828,mRNA
42666,13177251,13178813,1562,CDS
42667,13179247,13183495,4248,gene
42668,13179247,13179623,376,mRNA
42669,13179683,13179824,141,mRNA
42670,13179887,13180100,213,mRNA
42671,13180161,13180395,234,mRNA
42672,13182907,13183495,588,mRNA
42673,13179478,13179623,145,CDS
42674,13179683,13179824,141,CDS
42675,13179887,13180100,213,CDS
42676,13180161,13180395,234,CDS
42677,13182907,13183399,492,CDS
42678,13180398,13182596,2198,gene
42679,13180398,13182596,2198,mRNA
42680,13180989,13182452,1463,CDS
42681,13183450,13184875,1425,gene
42682,13183450,13183663,213,mRNA
42683,13183828,13184875,1047,mRNA
42684,13183589,13183663,74,CDS
42685,13183828,13184787,959,CDS
42686,13183849,13191979,8130,gene
42687,13191904,13191979,75,mRNA
42688,13189692,13189756,64,mRNA
42689,13187573,13189618,2045,mRNA
42690,13187033,13187325,292,mRNA
42691,13186333,13186964,631,mRNA
42692,13183849,13186264,2415,mRNA
42693,13191904,13191979,75,mRNA
42694,13187573,13189618,2045,mRNA
42695,13187033,13187325,292,mRNA
42696,13186333,13186964,631,mRNA
42697,13184947,13186264,1317,mRNA
42698,13187573,13189573,2000,CDS
42699,13187033,13187325,292,CDS
42700,13186333,13186964,631,CDS
42701,13185417,13186264,847,CDS
42702,13187573,13189573,2000,CDS
42703,13187033,13187325,292,CDS
42704,13186333,13186964,631,CDS
42705,13185417,13186264,847,CDS
42706,13192201,13197281,5080,gene
42707,13192201,13192639,438,mRNA
42708,13192713,13193094,381,mRNA
42709,13193471,13193617,146,mRNA
42710,13193673,13194492,819,mRNA
42711,13194565,13194958,393,mRNA
42712,13195133,13195404,271,mRNA
42713,13195581,13195679,98,mRNA
42714,13195750,13197281,1531,mRNA
42715,13192201,13192639,438,mRNA
42716,13192713,13193094,381,mRNA
42717,13193471,13193617,146,mRNA
42718,13193673,13194492,819,mRNA
42719,13194565,13194958,393,mRNA
42720,13195133,13195377,244,mRNA
42721,13195581,13195679,98,mRNA
42722,13195750,13197281,1531,mRNA
42723,13192943,13193094,151,CDS
42724,13193471,13193617,146,CDS
42725,13193673,13194492,819,CDS
42726,13194565,13194958,393,CDS
42727,13195133,13195404,271,CDS
42728,13195581,13195679,98,CDS
42729,13195750,13196271,521,CDS
42730,13192943,13193094,151,CDS
42731,13193471,13193617,146,CDS
42732,13193673,13194492,819,CDS
42733,13194565,13194958,393,CDS
42734,13195133,13195377,244,CDS
42735,13195581,13195679,98,CDS
42736,13195750,13196271,521,CDS
42737,13197102,13203295,6193,gene
42738,13202544,13203295,751,mRNA
42739,13200711,13202408,1697,mRNA
42740,13198603,13200654,2051,mRNA
42741,13198345,13198543,198,mRNA
42742,13197102,13198282,1180,mRNA
42743,13202544,13203000,456,CDS
42744,13200711,13202408,1697,CDS
42745,13198603,13200654,2051,CDS
42746,13198345,13198543,198,CDS
42747,13197556,13198282,726,CDS
42748,13203762,13210828,7066,gene
42749,13203762,13204272,510,mRNA
42750,13208110,13208360,250,mRNA
42751,13208421,13208487,66,mRNA
42752,13208665,13208777,112,mRNA
42753,13209436,13209599,163,mRNA
42754,13209660,13209845,185,mRNA
42755,13209911,13210828,917,mRNA
42756,13203762,13204272,510,mRNA
42757,13208110,13208360,250,mRNA
42758,13208421,13208487,66,mRNA
42759,13208665,13208777,112,mRNA
42760,13209472,13209599,127,mRNA
42761,13209660,13209845,185,mRNA
42762,13209911,13210828,917,mRNA
42763,13203762,13204272,510,mRNA
42764,13208110,13208360,250,mRNA
42765,13208421,13208487,66,mRNA
42766,13208665,13208777,112,mRNA
42767,13209493,13209599,106,mRNA
42768,13209660,13209845,185,mRNA
42769,13209911,13210828,917,mRNA
42770,13203762,13204272,510,mRNA
42771,13208110,13208360,250,mRNA
42772,13208421,13208487,66,mRNA
42773,13208665,13208777,112,mRNA
42774,13209502,13209599,97,mRNA
42775,13209660,13209845,185,mRNA
42776,13209911,13210828,917,mRNA
42777,13204190,13204272,82,CDS
42778,13208110,13208360,250,CDS
42779,13208421,13208487,66,CDS
42780,13208665,13208777,112,CDS
42781,13209436,13209599,163,CDS
42782,13209660,13209845,185,CDS
42783,13209911,13210228,317,CDS
42784,13204190,13204272,82,CDS
42785,13208110,13208360,250,CDS
42786,13208421,13208487,66,CDS
42787,13208665,13208777,112,CDS
42788,13209472,13209599,127,CDS
42789,13209660,13209845,185,CDS
42790,13209911,13210228,317,CDS
42791,13204190,13204272,82,CDS
42792,13208110,13208360,250,CDS
42793,13208421,13208487,66,CDS
42794,13208665,13208777,112,CDS
42795,13209493,13209599,106,CDS
42796,13209660,13209845,185,CDS
42797,13209911,13210228,317,CDS
42798,13204190,13204272,82,CDS
42799,13208110,13208360,250,CDS
42800,13208421,13208487,66,CDS
42801,13208665,13208777,112,CDS
42802,13209502,13209599,97,CDS
42803,13209660,13209845,185,CDS
42804,13209911,13210228,317,CDS
42805,13210773,13211814,1041,gene
42806,13210773,13211814,1041,mRNA
42807,13210852,13211781,929,CDS
42808,13211925,13212116,191,gene
42809,13211925,13212116,191,ncRNA
42810,13212335,13215350,3015,gene
42811,13215301,13215350,49,mRNA
42812,13213009,13214825,1816,mRNA
42813,13212335,13212943,608,mRNA
42814,13214947,13215173,226,mRNA
42815,13213009,13214825,1816,mRNA
42816,13212335,13212943,608,mRNA
42817,13215082,13215152,70,mRNA
42818,13213009,13214825,1816,mRNA
42819,13212335,13212943,608,mRNA
42820,13213009,13214671,1662,CDS
42821,13212657,13212943,286,CDS
42822,13213009,13214671,1662,CDS
42823,13212657,13212943,286,CDS
42824,13213009,13214671,1662,CDS
42825,13212657,13212943,286,CDS
42826,13215839,13216030,191,gene
42827,13215839,13216030,191,ncRNA
42828,13216290,13219923,3633,gene
42829,13219037,13219923,886,mRNA
42830,13218785,13218976,191,mRNA
42831,13217676,13218520,844,mRNA
42832,13217361,13217616,255,mRNA
42833,13216290,13217293,1003,mRNA
42834,13219037,13219492,455,CDS
42835,13218785,13218976,191,CDS
42836,13217676,13218520,844,CDS
42837,13217361,13217616,255,CDS
42838,13217159,13217293,134,CDS
42839,13219979,13221398,1419,gene
42840,13219979,13221398,1419,mRNA
42841,13220087,13221265,1178,CDS
42842,13221397,13222429,1032,gene
42843,13222361,13222429,68,mRNA
42844,13221397,13222230,833,mRNA
42845,13221397,13222307,910,mRNA
42846,13221481,13222221,740,CDS
42847,13221481,13222221,740,CDS
42848,13222587,13224545,1958,gene
42849,13222587,13222747,160,mRNA
42850,13222872,13223288,416,mRNA
42851,13223345,13223932,587,mRNA
42852,13223991,13224545,554,mRNA
42853,13222729,13222747,18,CDS
42854,13222872,13223288,416,CDS
42855,13223345,13223932,587,CDS
42856,13223991,13224334,343,CDS
42857,13224620,13225275,655,gene
42858,13224620,13225275,655,mRNA
42859,13224706,13225206,500,CDS
42860,13227529,13228521,992,gene
42861,13227529,13227608,79,mRNA
42862,13227700,13228521,821,mRNA
42863,13227807,13228521,714,mRNA
42864,13227853,13228407,554,CDS
42865,13227853,13228407,554,CDS
42866,13229832,13230549,717,gene
42867,13229832,13230549,717,mRNA
42868,13229906,13230484,578,CDS
42869,13232039,13233058,1019,gene
42870,13232039,13233058,1019,mRNA
42871,13232108,13232977,869,CDS
42872,13233798,13234660,862,gene
42873,13233798,13234660,862,mRNA
42874,13233975,13234595,620,CDS
42875,13236494,13239297,2803,gene
42876,13236494,13236740,246,mRNA
42877,13238320,13238700,380,mRNA
42878,13238820,13238966,146,mRNA
42879,13239029,13239297,268,mRNA
42880,13236635,13236740,105,CDS
42881,13238320,13238700,380,CDS
42882,13238820,13238966,146,CDS
42883,13239029,13239183,154,CDS
42884,13239989,13241773,1784,gene
42885,13239989,13240275,286,mRNA
42886,13240336,13240710,374,mRNA
42887,13240763,13240909,146,mRNA
42888,13241504,13241773,269,mRNA
42889,13240119,13240275,156,mRNA
42890,13240336,13240710,374,mRNA
42891,13240763,13240909,146,mRNA
42892,13241504,13241727,223,mRNA
42893,13240197,13240275,78,CDS
42894,13240336,13240710,374,CDS
42895,13240763,13240909,146,CDS
42896,13241504,13241655,151,CDS
42897,13240197,13240275,78,CDS
42898,13240336,13240710,374,CDS
42899,13240763,13240909,146,CDS
42900,13241504,13241655,151,CDS
42901,13241807,13244724,2917,gene
42902,13241807,13242014,207,ncRNA
42903,13244343,13244724,381,ncRNA
42904,13241807,13242014,207,ncRNA
42905,13244585,13244724,139,ncRNA
42906,13242015,13244341,2326,mobile_element
42907,13244370,13244561,191,gene
42908,13244370,13244561,191,ncRNA
42909,13244848,13244974,126,gene
42910,13244848,13244974,126,ncRNA
42911,13246232,13250189,3957,gene
42912,13246232,13246860,628,mRNA
42913,13249122,13249538,416,mRNA
42914,13249604,13249753,149,mRNA
42915,13249812,13250189,377,mRNA
42916,13246650,13246860,210,CDS
42917,13249122,13249538,416,CDS
42918,13249604,13249753,149,CDS
42919,13249812,13249963,151,CDS
42920,13251509,13257426,5917,gene
42921,13251509,13252383,874,mRNA
42922,13255439,13256564,1125,mRNA
42923,13256621,13256756,135,mRNA
42924,13256835,13257131,296,mRNA
42925,13257189,13257426,237,mRNA
42926,13252179,13252383,204,CDS
42927,13255439,13256564,1125,CDS
42928,13256621,13256756,135,CDS
42929,13256835,13257131,296,CDS
42930,13257189,13257344,155,CDS
42931,13257477,13258644,1167,gene
42932,13257477,13258644,1167,mRNA
42933,13257477,13258336,859,mRNA
42934,13257680,13258294,614,CDS
42935,13257680,13258294,614,CDS
42936,13259064,13259743,679,gene
42937,13259064,13259743,679,mRNA
42938,13259147,13259635,488,CDS
42939,13261008,13284043,23035,gene
42940,13261008,13261692,684,mRNA
42941,13271296,13271972,676,mRNA
42942,13272234,13273048,814,mRNA
42943,13273619,13274116,497,mRNA
42944,13274310,13274376,66,mRNA
42945,13274691,13274850,159,mRNA
42946,13275588,13275865,277,mRNA
42947,13276247,13276291,44,mRNA
42948,13276378,13276512,134,mRNA
42949,13283361,13284043,682,mRNA
42950,13261008,13261177,169,mRNA
42951,13261501,13261692,191,mRNA
42952,13267595,13267972,377,mRNA
42953,13271296,13271972,676,mRNA
42954,13272234,13273048,814,mRNA
42955,13273619,13274116,497,mRNA
42956,13274310,13274376,66,mRNA
42957,13274643,13274850,207,mRNA
42958,13276247,13276291,44,mRNA
42959,13276378,13276512,134,mRNA
42960,13283361,13284043,682,mRNA
42961,13261008,13261177,169,mRNA
42962,13261501,13261692,191,mRNA
42963,13271296,13271972,676,mRNA
42964,13272234,13273048,814,mRNA
42965,13273619,13274116,497,mRNA
42966,13274310,13274376,66,mRNA
42967,13274643,13274850,207,mRNA
42968,13274990,13275061,71,mRNA
42969,13275588,13275865,277,mRNA
42970,13276247,13276291,44,mRNA
42971,13276378,13276512,134,mRNA
42972,13283361,13284043,682,mRNA
42973,13261008,13261177,169,mRNA
42974,13261501,13261692,191,mRNA
42975,13271296,13271972,676,mRNA
42976,13272234,13273048,814,mRNA
42977,13273619,13274116,497,mRNA
42978,13274310,13274376,66,mRNA
42979,13274643,13274850,207,mRNA
42980,13275588,13275865,277,mRNA
42981,13276247,13276291,44,mRNA
42982,13276378,13276512,134,mRNA
42983,13283361,13284043,682,mRNA
42984,13261008,13261177,169,mRNA
42985,13261501,13261692,191,mRNA
42986,13271296,13271972,676,mRNA
42987,13272234,13273048,814,mRNA
42988,13273619,13274116,497,mRNA
42989,13274310,13274376,66,mRNA
42990,13276247,13276291,44,mRNA
42991,13276378,13276512,134,mRNA
42992,13283361,13284043,682,mRNA
42993,13261008,13261177,169,mRNA
42994,13271296,13271972,676,mRNA
42995,13272234,13273048,814,mRNA
42996,13273619,13274116,497,mRNA
42997,13274310,13274376,66,mRNA
42998,13276247,13276291,44,mRNA
42999,13276378,13276512,134,mRNA
43000,13277044,13282336,5292,mRNA
43001,13283361,13284043,682,mRNA
43002,13261682,13261692,10,CDS
43003,13271296,13271972,676,CDS
43004,13272234,13273048,814,CDS
43005,13273619,13274116,497,CDS
43006,13274310,13274376,66,CDS
43007,13274643,13274850,207,CDS
43008,13274990,13275061,71,CDS
43009,13275588,13275865,277,CDS
43010,13276247,13276291,44,CDS
43011,13276378,13276512,134,CDS
43012,13283361,13283383,22,CDS
43013,13261682,13261692,10,CDS
43014,13271296,13271972,676,CDS
43015,13272234,13273048,814,CDS
43016,13273619,13274116,497,CDS
43017,13274310,13274376,66,CDS
43018,13274643,13274850,207,CDS
43019,13275588,13275865,277,CDS
43020,13276247,13276291,44,CDS
43021,13276378,13276512,134,CDS
43022,13283361,13283383,22,CDS
43023,13261682,13261692,10,CDS
43024,13271296,13271972,676,CDS
43025,13272234,13273048,814,CDS
43026,13273619,13274116,497,CDS
43027,13274310,13274376,66,CDS
43028,13274691,13274850,159,CDS
43029,13275588,13275865,277,CDS
43030,13276247,13276291,44,CDS
43031,13276378,13276512,134,CDS
43032,13283361,13283383,22,CDS
43033,13261682,13261692,10,CDS
43034,13271296,13271972,676,CDS
43035,13272234,13273048,814,CDS
43036,13273619,13274116,497,CDS
43037,13274310,13274376,66,CDS
43038,13276247,13276291,44,CDS
43039,13276378,13276512,134,CDS
43040,13283361,13283383,22,CDS
43041,13264996,13265876,880,gene
43042,13265782,13265876,94,mRNA
43043,13264996,13265716,720,mRNA
43044,13265782,13265784,2,CDS
43045,13265081,13265716,635,CDS
43046,13266869,13267231,362,mRNA
43047,13267595,13267972,377,mRNA
43048,13271296,13271972,676,mRNA
43049,13272234,13273048,814,mRNA
43050,13273619,13274116,497,mRNA
43051,13274310,13274376,66,mRNA
43052,13276247,13276291,44,mRNA
43053,13276378,13276512,134,mRNA
43054,13283361,13284043,682,mRNA
43055,13266869,13266996,127,mRNA
43056,13267595,13267972,377,mRNA
43057,13271296,13271972,676,mRNA
43058,13272234,13273048,814,mRNA
43059,13273619,13274116,497,mRNA
43060,13274310,13274376,66,mRNA
43061,13274691,13274850,159,mRNA
43062,13275588,13275865,277,mRNA
43063,13276247,13276291,44,mRNA
43064,13276378,13276512,134,mRNA
43065,13283361,13284043,682,mRNA
43066,13266869,13266988,119,mRNA
43067,13267595,13267972,377,mRNA
43068,13271296,13271972,676,mRNA
43069,13272234,13273048,814,mRNA
43070,13273619,13274116,497,mRNA
43071,13274310,13274376,66,mRNA
43072,13274691,13274850,159,mRNA
43073,13275588,13275865,277,mRNA
43074,13276247,13276291,44,mRNA
43075,13276378,13276512,134,mRNA
43076,13283361,13284043,682,mRNA
43077,13267475,13267972,497,mRNA
43078,13271296,13271972,676,mRNA
43079,13272234,13273048,814,mRNA
43080,13273619,13274116,497,mRNA
43081,13274310,13274376,66,mRNA
43082,13274652,13274850,198,mRNA
43083,13274990,13275061,71,mRNA
43084,13275588,13275838,250,mRNA
43085,13276247,13276291,44,mRNA
43086,13276378,13276512,134,mRNA
43087,13283361,13284043,682,mRNA
43088,13267475,13267972,497,mRNA
43089,13271296,13271972,676,mRNA
43090,13272234,13273048,814,mRNA
43091,13273619,13274116,497,mRNA
43092,13274310,13274376,66,mRNA
43093,13276247,13276291,44,mRNA
43094,13276378,13276512,134,mRNA
43095,13283361,13284043,682,mRNA
43096,13267475,13267972,497,mRNA
43097,13271296,13271627,331,mRNA
43098,13272234,13273048,814,mRNA
43099,13273619,13274116,497,mRNA
43100,13274310,13274376,66,mRNA
43101,13274691,13274850,159,mRNA
43102,13275588,13275865,277,mRNA
43103,13276247,13276291,44,mRNA
43104,13276378,13276512,134,mRNA
43105,13277044,13282336,5292,mRNA
43106,13283361,13284043,682,mRNA
43107,13267492,13267972,480,mRNA
43108,13271296,13271627,331,mRNA
43109,13272234,13273048,814,mRNA
43110,13273619,13274116,497,mRNA
43111,13274310,13274376,66,mRNA
43112,13274691,13274850,159,mRNA
43113,13275588,13275865,277,mRNA
43114,13276247,13276291,44,mRNA
43115,13276378,13276512,134,mRNA
43116,13283361,13284043,682,mRNA
43117,13267731,13267972,241,CDS
43118,13271296,13271972,676,CDS
43119,13272234,13273048,814,CDS
43120,13273619,13274116,497,CDS
43121,13274310,13274376,66,CDS
43122,13274652,13274850,198,CDS
43123,13274990,13275061,71,CDS
43124,13275588,13275838,250,CDS
43125,13276247,13276291,44,CDS
43126,13276378,13276512,134,CDS
43127,13283361,13283383,22,CDS
43128,13267731,13267972,241,CDS
43129,13271296,13271972,676,CDS
43130,13272234,13273048,814,CDS
43131,13273619,13274116,497,CDS
43132,13274310,13274376,66,CDS
43133,13274691,13274850,159,CDS
43134,13275588,13275865,277,CDS
43135,13276247,13276291,44,CDS
43136,13276378,13276512,134,CDS
43137,13283361,13283383,22,CDS
43138,13267731,13267972,241,CDS
43139,13271296,13271972,676,CDS
43140,13272234,13273048,814,CDS
43141,13273619,13274116,497,CDS
43142,13274310,13274376,66,CDS
43143,13274691,13274850,159,CDS
43144,13275588,13275865,277,CDS
43145,13276247,13276291,44,CDS
43146,13276378,13276512,134,CDS
43147,13283361,13283383,22,CDS
43148,13267731,13267972,241,CDS
43149,13271296,13271972,676,CDS
43150,13272234,13273048,814,CDS
43151,13273619,13274116,497,CDS
43152,13274310,13274376,66,CDS
43153,13276247,13276291,44,CDS
43154,13276378,13276512,134,CDS
43155,13283361,13283383,22,CDS
43156,13267731,13267972,241,CDS
43157,13271296,13271972,676,CDS
43158,13272234,13273048,814,CDS
43159,13273619,13274116,497,CDS
43160,13274310,13274376,66,CDS
43161,13276247,13276291,44,CDS
43162,13276378,13276512,134,CDS
43163,13283361,13283383,22,CDS
43164,13267731,13267972,241,CDS
43165,13271296,13271627,331,CDS
43166,13272234,13273048,814,CDS
43167,13273619,13274116,497,CDS
43168,13274310,13274376,66,CDS
43169,13274691,13274850,159,CDS
43170,13275588,13275865,277,CDS
43171,13276247,13276291,44,CDS
43172,13276378,13276512,134,CDS
43173,13283361,13283383,22,CDS
43174,13267731,13267972,241,CDS
43175,13271296,13271627,331,CDS
43176,13272234,13273048,814,CDS
43177,13273619,13274116,497,CDS
43178,13274310,13274376,66,CDS
43179,13274691,13274850,159,CDS
43180,13275588,13275865,277,CDS
43181,13276247,13276291,44,CDS
43182,13276378,13276512,134,CDS
43183,13277044,13281617,4573,CDS
43184,13267731,13267972,241,CDS
43185,13271296,13271972,676,CDS
43186,13272234,13273048,814,CDS
43187,13273619,13274116,497,CDS
43188,13274310,13274376,66,CDS
43189,13274643,13274850,207,CDS
43190,13276247,13276250,3,CDS
43191,13271366,13271972,606,CDS
43192,13272234,13273048,814,CDS
43193,13273619,13274116,497,CDS
43194,13274310,13274376,66,CDS
43195,13276247,13276291,44,CDS
43196,13276378,13276512,134,CDS
43197,13277044,13281617,4573,CDS
43198,13283912,13286462,2550,gene
43199,13286170,13286462,292,mRNA
43200,13285695,13285818,123,mRNA
43201,13283912,13285640,1728,mRNA
43202,13286170,13286409,239,CDS
43203,13285695,13285818,123,CDS
43204,13284652,13285640,988,CDS
43205,13284927,13286538,1611,gene
43206,13284927,13285825,898,ncRNA
43207,13285952,13286538,586,ncRNA
43208,13286777,13289556,2779,gene
43209,13286777,13287313,536,mRNA
43210,13287374,13288241,867,mRNA
43211,13288305,13288627,322,mRNA
43212,13288680,13289090,410,mRNA
43213,13289176,13289556,380,mRNA
43214,13286777,13286818,41,mRNA
43215,13286871,13287313,442,mRNA
43216,13287377,13288241,864,mRNA
43217,13288305,13288627,322,mRNA
43218,13288680,13289090,410,mRNA
43219,13289176,13289556,380,mRNA
43220,13286940,13287313,373,CDS
43221,13287374,13288241,867,CDS
43222,13288305,13288627,322,CDS
43223,13288680,13289090,410,CDS
43224,13289176,13289290,114,CDS
43225,13286940,13287313,373,CDS
43226,13287377,13288241,864,CDS
43227,13288305,13288627,322,CDS
43228,13288680,13289090,410,CDS
43229,13289176,13289290,114,CDS
43230,13288302,13289021,719,gene
43231,13288652,13289021,369,ncRNA
43232,13288302,13288562,260,ncRNA
43233,13289997,13301668,11671,gene
43234,13289997,13291291,1294,mRNA
43235,13297619,13298456,837,mRNA
43236,13298559,13299333,774,mRNA
43237,13299395,13300739,1344,mRNA
43238,13300801,13300874,73,mRNA
43239,13300932,13301516,584,mRNA
43240,13290687,13291291,604,CDS
43241,13297619,13298456,837,CDS
43242,13298559,13299333,774,CDS
43243,13299395,13300739,1344,CDS
43244,13300801,13300874,73,CDS
43245,13300932,13301065,133,CDS
43246,13290910,13291291,381,mRNA
43247,13297619,13298456,837,mRNA
43248,13298559,13299333,774,mRNA
43249,13299395,13300739,1344,mRNA
43250,13300801,13300874,73,mRNA
43251,13300932,13301516,584,mRNA
43252,13293009,13293415,406,gene
43253,13293009,13293415,406,mRNA
43254,13293079,13293273,194,CDS
43255,13295630,13295823,193,mRNA
43256,13297619,13298456,837,mRNA
43257,13298559,13299333,774,mRNA
43258,13299395,13300739,1344,mRNA
43259,13300801,13300874,73,mRNA
43260,13300932,13301668,736,mRNA
43261,13295759,13295823,64,CDS
43262,13297619,13298456,837,CDS
43263,13298559,13299333,774,CDS
43264,13299395,13300739,1344,CDS
43265,13300801,13300874,73,CDS
43266,13300932,13301065,133,CDS
43267,13296348,13296745,397,mRNA
43268,13297619,13298456,837,mRNA
43269,13298559,13299333,774,mRNA
43270,13299395,13300739,1344,mRNA
43271,13300801,13300874,73,mRNA
43272,13300932,13301668,736,mRNA
43273,13296648,13296745,97,CDS
43274,13297619,13298456,837,CDS
43275,13298559,13299333,774,CDS
43276,13299395,13300739,1344,CDS
43277,13300801,13300874,73,CDS
43278,13300932,13301065,133,CDS
43279,13297800,13298456,656,CDS
43280,13298559,13299333,774,CDS
43281,13299395,13300739,1344,CDS
43282,13300801,13300874,73,CDS
43283,13300932,13301065,133,CDS
43284,13301814,13331121,29307,gene
43285,13330799,13331121,322,mRNA
43286,13309640,13310264,624,mRNA
43287,13308410,13309571,1161,mRNA
43288,13307935,13308298,363,mRNA
43289,13305657,13305837,180,mRNA
43290,13301814,13305591,3777,mRNA
43291,13330799,13331121,322,mRNA
43292,13309640,13310264,624,mRNA
43293,13308410,13309571,1161,mRNA
43294,13307935,13308298,363,mRNA
43295,13305657,13305837,180,mRNA
43296,13301814,13305591,3777,mRNA
43297,13304788,13307807,3019,gene
43298,13304788,13307807,3019,mRNA
43299,13309640,13310097,457,CDS
43300,13308410,13309571,1161,CDS
43301,13307935,13308298,363,CDS
43302,13305657,13305837,180,CDS
43303,13304865,13305591,726,CDS
43304,13308410,13308493,83,CDS
43305,13307935,13308298,363,CDS
43306,13305657,13305837,180,CDS
43307,13304865,13305591,726,CDS
43308,13305920,13307807,1887,mRNA
43309,13305920,13306755,835,gene
43310,13305920,13306755,835,mRNA
43311,13305985,13306755,770,CDS
43312,13306841,13307686,845,CDS
43313,13306841,13307686,845,CDS
43314,13330799,13331121,322,mRNA
43315,13309640,13310264,624,mRNA
43316,13308410,13309571,1161,mRNA
43317,13307814,13308298,484,mRNA
43318,13309640,13310097,457,CDS
43319,13308410,13309571,1161,CDS
43320,13307927,13308298,371,CDS
43321,13347773,13349020,1247,gene
43322,13347773,13349020,1247,mRNA
43323,13347773,13348959,1186,mRNA
43324,13347797,13348822,1025,CDS
43325,13347797,13348822,1025,CDS
43326,13349823,13355073,5250,gene
43327,13354942,13355073,131,mRNA
43328,13354102,13354648,546,mRNA
43329,13353715,13353834,119,mRNA
43330,13353312,13353399,87,mRNA
43331,13352801,13353210,409,mRNA
43332,13351930,13352633,703,mRNA
43333,13351669,13351839,170,mRNA
43334,13351458,13351611,153,mRNA
43335,13349823,13351394,1571,mRNA
43336,13354102,13355073,971,mRNA
43337,13353715,13353834,119,mRNA
43338,13353312,13353399,87,mRNA
43339,13352801,13353210,409,mRNA
43340,13351930,13352633,703,mRNA
43341,13351669,13351839,170,mRNA
43342,13351458,13351611,153,mRNA
43343,13349823,13351394,1571,mRNA
43344,13354102,13354449,347,CDS
43345,13353715,13353834,119,CDS
43346,13353312,13353399,87,CDS
43347,13352801,13353210,409,CDS
43348,13351930,13352633,703,CDS
43349,13351669,13351839,170,CDS
43350,13351458,13351611,153,CDS
43351,13350867,13351394,527,CDS
43352,13354102,13354449,347,CDS
43353,13353715,13353834,119,CDS
43354,13353312,13353399,87,CDS
43355,13352801,13353210,409,CDS
43356,13351930,13352633,703,CDS
43357,13351669,13351839,170,CDS
43358,13351458,13351611,153,CDS
43359,13350867,13351394,527,CDS
43360,13359901,13361565,1664,gene
43361,13361268,13361565,297,mRNA
43362,13359901,13360793,892,mRNA
43363,13361268,13361483,215,CDS
43364,13359942,13360793,851,CDS
43365,13363308,13366189,2881,gene
43366,13363308,13366189,2881,mRNA
43367,13363408,13363455,47,mobile_element
43368,13364013,13366076,2063,CDS
43369,13366447,13367410,963,gene
43370,13366447,13366740,293,mRNA
43371,13366805,13367067,262,mRNA
43372,13367131,13367410,279,mRNA
43373,13366531,13366740,209,CDS
43374,13366805,13367067,262,CDS
43375,13367131,13367308,177,CDS
43376,13367617,13369021,1404,gene
43377,13367617,13367846,229,mRNA
43378,13367917,13369021,1104,mRNA
43379,13367724,13367846,122,CDS
43380,13367917,13368936,1019,CDS
43381,13369204,13370329,1125,gene
43382,13369204,13370329,1125,mRNA
43383,13369204,13369323,119,mRNA
43384,13369386,13370329,943,mRNA
43385,13369401,13369730,329,CDS
43386,13369401,13369730,329,CDS
43387,13370103,13371110,1007,gene
43388,13370842,13371026,184,mRNA
43389,13370624,13370763,139,mRNA
43390,13370103,13370564,461,mRNA
43391,13370842,13371110,268,mRNA
43392,13370624,13370763,139,mRNA
43393,13370287,13370564,277,mRNA
43394,13370842,13370939,97,CDS
43395,13370624,13370763,139,CDS
43396,13370368,13370564,196,CDS
43397,13370842,13370939,97,CDS
43398,13370624,13370763,139,CDS
43399,13370368,13370564,196,CDS
43400,13371427,13373890,2463,gene
43401,13372695,13373890,1195,mRNA
43402,13372308,13372636,328,mRNA
43403,13371427,13372238,811,mRNA
43404,13372695,13373824,1129,mRNA
43405,13372308,13372636,328,mRNA
43406,13371427,13372253,826,mRNA
43407,13372695,13373703,1008,CDS
43408,13372308,13372636,328,CDS
43409,13371504,13372238,734,CDS
43410,13372695,13373703,1008,CDS
43411,13372308,13372636,328,CDS
43412,13371504,13372253,749,CDS
43413,13374019,13376404,2385,gene
43414,13374019,13375151,1132,mRNA
43415,13375211,13376165,954,mRNA
43416,13374177,13375151,974,mRNA
43417,13375211,13376404,1193,mRNA
43418,13374177,13375151,974,mRNA
43419,13375211,13376165,954,mRNA
43420,13374504,13375151,647,CDS
43421,13375211,13375840,629,CDS
43422,13374504,13375151,647,CDS
43423,13375211,13375840,629,CDS
43424,13374504,13375151,647,CDS
43425,13375211,13375840,629,CDS
43426,13376455,13378538,2083,gene
43427,13377700,13378538,838,mRNA
43428,13377039,13377650,611,mRNA
43429,13376455,13376975,520,mRNA
43430,13377700,13378357,657,CDS
43431,13377039,13377650,611,CDS
43432,13376713,13376975,262,CDS
43433,13378902,13382382,3480,gene
43434,13378902,13379376,474,mRNA
43435,13379495,13380114,619,mRNA
43436,13380177,13380759,582,mRNA
43437,13380995,13382382,1387,mRNA
43438,13379022,13379376,354,CDS
43439,13379495,13380114,619,CDS
43440,13380177,13380759,582,CDS
43441,13380995,13382181,1186,CDS
43442,13382652,13385671,3019,gene
43443,13382652,13382787,135,mRNA
43444,13382896,13383664,768,mRNA
43445,13383737,13384022,285,mRNA
43446,13384527,13384794,267,mRNA
43447,13384984,13385671,687,mRNA
43448,13382652,13382787,135,mRNA
43449,13382896,13383664,768,mRNA
43450,13383737,13384022,285,mRNA
43451,13384657,13384794,137,mRNA
43452,13384984,13385671,687,mRNA
43453,13382652,13382787,135,mRNA
43454,13382896,13383664,768,mRNA
43455,13383737,13384022,285,mRNA
43456,13384657,13384794,137,mRNA
43457,13384987,13385671,684,mRNA
43458,13382652,13382787,135,mRNA
43459,13382896,13383664,768,mRNA
43460,13383737,13384022,285,mRNA
43461,13384984,13385671,687,mRNA
43462,13382652,13382787,135,mRNA
43463,13382896,13383664,768,mRNA
43464,13383737,13384022,285,mRNA
43465,13384987,13385671,684,mRNA
43466,13382652,13382787,135,mRNA
43467,13382896,13383664,768,mRNA
43468,13383737,13384165,428,mRNA
43469,13382940,13383664,724,CDS
43470,13383737,13384022,285,CDS
43471,13384657,13384794,137,CDS
43472,13384984,13385232,248,CDS
43473,13382940,13383664,724,CDS
43474,13383737,13384022,285,CDS
43475,13384657,13384794,137,CDS
43476,13384987,13385232,245,CDS
43477,13382940,13383664,724,CDS
43478,13383737,13384022,285,CDS
43479,13384984,13385232,248,CDS
43480,13382940,13383664,724,CDS
43481,13383737,13384022,285,CDS
43482,13384987,13385232,245,CDS
43483,13382940,13383664,724,CDS
43484,13383737,13384022,285,CDS
43485,13384527,13384667,140,CDS
43486,13382940,13383664,724,CDS
43487,13383737,13384091,354,CDS
43488,13384822,13385403,581,gene
43489,13384822,13385403,581,ncRNA
43490,13385848,13387312,1464,gene
43491,13387177,13387312,135,mRNA
43492,13386757,13387113,356,mRNA
43493,13386530,13386690,160,mRNA
43494,13386099,13386257,158,mRNA
43495,13385848,13386036,188,mRNA
43496,13387177,13387312,135,mRNA
43497,13386757,13387113,356,mRNA
43498,13386488,13386690,202,mRNA
43499,13386099,13386257,158,mRNA
43500,13385848,13386036,188,mRNA
43501,13387177,13387213,36,CDS
43502,13386757,13387113,356,CDS
43503,13386530,13386690,160,CDS
43504,13386099,13386257,158,CDS
43505,13385935,13386036,101,CDS
43506,13387177,13387213,36,CDS
43507,13386757,13387113,356,CDS
43508,13386488,13386690,202,CDS
43509,13386099,13386257,158,CDS
43510,13385935,13386036,101,CDS
43511,13387571,13393959,6388,gene
43512,13387571,13387720,149,mRNA
43513,13387779,13388331,552,mRNA
43514,13388386,13389121,735,mRNA
43515,13389196,13390215,1019,mRNA
43516,13390272,13391273,1001,mRNA
43517,13391333,13392699,1366,mRNA
43518,13392765,13393959,1194,mRNA
43519,13387636,13387720,84,CDS
43520,13387779,13388331,552,CDS
43521,13388386,13389121,735,CDS
43522,13389196,13390215,1019,CDS
43523,13390272,13391273,1001,CDS
43524,13391333,13392699,1366,CDS
43525,13392765,13393722,957,CDS
43526,13393687,13395131,1444,gene
43527,13395056,13395092,36,mRNA
43528,13394865,13394940,75,mRNA
43529,13393687,13394799,1112,mRNA
43530,13395056,13395131,75,mRNA
43531,13394865,13394940,75,mRNA
43532,13394123,13394799,676,mRNA
43533,13395056,13395092,36,mRNA
43534,13394865,13394940,75,mRNA
43535,13394123,13394799,676,mRNA
43536,13395056,13395060,4,CDS
43537,13394865,13394940,75,CDS
43538,13394413,13394799,386,CDS
43539,13395056,13395060,4,CDS
43540,13394865,13394940,75,CDS
43541,13394413,13394799,386,CDS
43542,13395056,13395060,4,CDS
43543,13394865,13394940,75,CDS
43544,13394413,13394799,386,CDS
43545,13395360,13396184,824,gene
43546,13395360,13396184,824,mRNA
43547,13395407,13396184,777,mRNA
43548,13395523,13396101,578,CDS
43549,13395523,13396101,578,CDS
43550,13396392,13398664,2272,gene
43551,13396874,13398664,1790,mRNA
43552,13396392,13396809,417,mRNA
43553,13396874,13398444,1570,mRNA
43554,13396392,13396809,417,mRNA
43555,13396874,13398421,1547,CDS
43556,13396474,13396809,335,CDS
43557,13396874,13398421,1547,CDS
43558,13396474,13396809,335,CDS
43559,13398858,13399831,973,gene
43560,13399764,13399831,67,ncRNA
43561,13398858,13399660,802,ncRNA
43562,13398991,13411047,12056,gene
43563,13398991,13399140,149,mRNA
43564,13399218,13399651,433,mRNA
43565,13403224,13403355,131,mRNA
43566,13403476,13403891,415,mRNA
43567,13403954,13404026,72,mRNA
43568,13404408,13405703,1295,mRNA
43569,13410508,13411047,539,mRNA
43570,13398991,13399140,149,mRNA
43571,13399218,13399651,433,mRNA
43572,13403224,13403355,131,mRNA
43573,13403476,13403891,415,mRNA
43574,13403954,13404026,72,mRNA
43575,13404408,13405703,1295,mRNA
43576,13410508,13410955,447,mRNA
43577,13399220,13399651,431,CDS
43578,13403224,13403355,131,CDS
43579,13403476,13403891,415,CDS
43580,13403954,13404026,72,CDS
43581,13404408,13405703,1295,CDS
43582,13410508,13410636,128,CDS
43583,13399220,13399651,431,CDS
43584,13403224,13403355,131,CDS
43585,13403476,13403891,415,CDS
43586,13403954,13404026,72,CDS
43587,13404408,13405703,1295,CDS
43588,13410508,13410636,128,CDS
43589,13405707,13410430,4723,mobile_element
43590,13411141,13411631,490,gene
43591,13411141,13411631,490,mRNA
43592,13411226,13411585,359,CDS
43593,13412519,13413716,1197,gene
43594,13412519,13413716,1197,mRNA
43595,13412593,13413357,764,CDS
43596,13413783,13414575,792,gene
43597,13414458,13414575,117,mRNA
43598,13413783,13414401,618,mRNA
43599,13414458,13414516,58,CDS
43600,13413861,13414401,540,CDS
43601,13415431,13500427,84996,gene
43602,13415431,13415776,345,mRNA
43603,13422992,13423345,353,mRNA
43604,13446515,13446711,196,mRNA
43605,13473806,13476433,2627,mRNA
43606,13496591,13496698,107,mRNA
43607,13497239,13497437,198,mRNA
43608,13497502,13497680,178,mRNA
43609,13497741,13497900,159,mRNA
43610,13497959,13500427,2468,mRNA
43611,13415431,13420645,5214,gene
43612,13415431,13415776,345,mRNA
43613,13420132,13420645,513,mRNA
43614,13419221,13419564,343,mRNA
43615,13420132,13420645,513,mRNA
43616,13420303,13420533,230,CDS
43617,13420303,13420533,230,CDS
43618,13435622,13439930,4308,gene
43619,13435622,13436794,1172,mRNA
43620,13437923,13439930,2007,mRNA
43621,13435622,13436794,1172,mRNA
43622,13437923,13439498,1575,mRNA
43623,13435749,13436794,1045,CDS
43624,13437923,13439264,1341,CDS
43625,13435749,13436794,1045,CDS
43626,13437923,13439264,1341,CDS
43627,13437895,13442410,4515,gene
43628,13437895,13442410,4515,ncRNA
43629,13444103,13445651,1548,gene
43630,13445480,13445651,171,mRNA
43631,13445046,13445397,351,mRNA
43632,13444634,13444979,345,mRNA
43633,13444103,13444567,464,mRNA
43634,13445480,13445560,80,CDS
43635,13445046,13445397,351,CDS
43636,13444634,13444979,345,CDS
43637,13444231,13444567,336,CDS
43638,13447538,13449497,1959,gene
43639,13449437,13449497,60,mRNA
43640,13447538,13449370,1832,mRNA
43641,13447538,13449497,1959,mRNA
43642,13447670,13449346,1676,CDS
43643,13447670,13449346,1676,CDS
43644,13449517,13456895,7378,mobile_element
43645,13457497,13458073,576,gene
43646,13457497,13458073,576,mRNA
43647,13457636,13458073,437,CDS
43648,13458290,13458605,315,gene
43649,13458290,13458605,315,ncRNA
43650,13459681,13460183,502,gene
43651,13459681,13460183,502,mRNA
43652,13459816,13460145,329,CDS
43653,13461774,13500427,38653,gene
43654,13461774,13462200,426,mRNA
43655,13483447,13485249,1802,mRNA
43656,13486918,13486977,59,mRNA
43657,13496591,13496698,107,mRNA
43658,13497239,13497437,198,mRNA
43659,13497502,13497680,178,mRNA
43660,13497741,13497900,159,mRNA
43661,13497959,13500427,2468,mRNA
43662,13461774,13462200,426,mRNA
43663,13483447,13485249,1802,mRNA
43664,13496591,13496698,107,mRNA
43665,13497239,13497437,198,mRNA
43666,13497502,13497680,178,mRNA
43667,13497741,13497900,159,mRNA
43668,13497959,13500427,2468,mRNA
43669,13461774,13462200,426,mRNA
43670,13483447,13485249,1802,mRNA
43671,13496591,13496698,107,mRNA
43672,13497239,13497437,198,mRNA
43673,13497502,13497680,178,mRNA
43674,13497741,13497900,159,mRNA
43675,13497959,13500427,2468,mRNA
43676,13475222,13476433,1211,CDS
43677,13496591,13496698,107,CDS
43678,13497239,13497437,198,CDS
43679,13497502,13497680,178,CDS
43680,13497741,13497900,159,CDS
43681,13497959,13499055,1096,CDS
43682,13479435,13479497,62,mobile_element
43683,13481503,13482044,541,mobile_element
43684,13484180,13484263,83,CDS
43685,13485106,13485249,143,CDS
43686,13486918,13486977,59,CDS
43687,13496591,13496698,107,CDS
43688,13497239,13497437,198,CDS
43689,13497502,13497680,178,CDS
43690,13497741,13497900,159,CDS
43691,13497959,13499055,1096,CDS
43692,13485106,13485249,143,CDS
43693,13496591,13496698,107,CDS
43694,13497239,13497437,198,CDS
43695,13497502,13497680,178,CDS
43696,13497741,13497900,159,CDS
43697,13497959,13499055,1096,CDS
43698,13496085,13496698,613,mRNA
43699,13497239,13497437,198,mRNA
43700,13497502,13497680,178,mRNA
43701,13497741,13497900,159,mRNA
43702,13497959,13500427,2468,mRNA
43703,13496543,13496698,155,CDS
43704,13497239,13497437,198,CDS
43705,13497502,13497680,178,CDS
43706,13497741,13497900,159,CDS
43707,13497959,13499055,1096,CDS
43708,13500624,13549328,48704,gene
43709,13549132,13549328,196,mRNA
43710,13546911,13547303,392,mRNA
43711,13534907,13535026,119,mRNA
43712,13512960,13513473,513,mRNA
43713,13509467,13509792,325,mRNA
43714,13508621,13509104,483,mRNA
43715,13500624,13506683,6059,mRNA
43716,13549132,13549328,196,mRNA
43717,13546911,13547161,250,mRNA
43718,13534907,13535026,119,mRNA
43719,13512960,13513473,513,mRNA
43720,13509467,13509792,325,mRNA
43721,13508621,13509104,483,mRNA
43722,13502656,13506683,4027,mRNA
43723,13547752,13547771,19,mRNA
43724,13546911,13547161,250,mRNA
43725,13534907,13535026,119,mRNA
43726,13512960,13513473,513,mRNA
43727,13509467,13509792,325,mRNA
43728,13508621,13509104,483,mRNA
43729,13502656,13506683,4027,mRNA
43730,13512960,13513293,333,CDS
43731,13509467,13509792,325,CDS
43732,13508621,13509104,483,CDS
43733,13504504,13506683,2179,CDS
43734,13512960,13513293,333,CDS
43735,13509467,13509792,325,CDS
43736,13508621,13509104,483,CDS
43737,13504504,13506683,2179,CDS
43738,13512960,13513293,333,CDS
43739,13509467,13509792,325,CDS
43740,13508621,13509104,483,CDS
43741,13504504,13506683,2179,CDS
43742,13522313,13527561,5248,mobile_element
43743,13527841,13528537,696,gene
43744,13527841,13528221,380,mRNA
43745,13528382,13528537,155,mRNA
43746,13527841,13528221,380,CDS
43747,13528382,13528537,155,CDS
43748,13529042,13529821,779,gene
43749,13529042,13529431,389,mRNA
43750,13529491,13529821,330,mRNA
43751,13529042,13529431,389,CDS
43752,13529491,13529646,155,CDS
43753,13529975,13530736,761,gene
43754,13529975,13530376,401,mRNA
43755,13530437,13530736,299,mRNA
43756,13529975,13530376,401,CDS
43757,13530437,13530598,161,CDS
43758,13531074,13531662,588,gene
43759,13531074,13531451,377,mRNA
43760,13531504,13531662,158,mRNA
43761,13531074,13531451,377,CDS
43762,13531504,13531662,158,CDS
43763,13532085,13532636,551,gene
43764,13532085,13532408,323,mRNA
43765,13532484,13532636,152,mRNA
43766,13532085,13532408,323,CDS
43767,13532484,13532636,152,CDS
43768,13532824,13533454,630,gene
43769,13532824,13533213,389,mRNA
43770,13533275,13533454,179,mRNA
43771,13532824,13533213,389,CDS
43772,13533275,13533454,179,CDS
43773,13535291,13535778,487,gene
43774,13535291,13535778,487,mRNA
43775,13535398,13535721,323,CDS
43776,13540751,13541646,895,gene
43777,13540751,13541064,313,mRNA
43778,13541126,13541646,520,mRNA
43779,13540800,13541064,264,CDS
43780,13541126,13541574,448,CDS
43781,13541638,13542576,938,gene
43782,13542180,13542576,396,mRNA
43783,13541638,13541991,353,mRNA
43784,13542180,13542468,288,CDS
43785,13541675,13541991,316,CDS
43786,13542268,13543633,1365,gene
43787,13542268,13543560,1292,mRNA
43788,13542581,13543633,1052,mRNA
43789,13542652,13543557,905,CDS
43790,13542652,13543557,905,CDS
43791,13543728,13543787,59,mobile_element
43792,13550139,13639411,89272,gene
43793,13550139,13550293,154,mRNA
43794,13551142,13551666,524,mRNA
43795,13558800,13558832,32,mRNA
43796,13609791,13609987,196,mRNA
43797,13610056,13610578,522,mRNA
43798,13630706,13631184,478,mRNA
43799,13633394,13633540,146,mRNA
43800,13634019,13634179,160,mRNA
43801,13634239,13634473,234,mRNA
43802,13634544,13635590,1046,mRNA
43803,13635649,13636213,564,mRNA
43804,13636384,13636843,459,mRNA
43805,13637288,13639411,2123,mRNA
43806,13550139,13550293,154,mRNA
43807,13551142,13551666,524,mRNA
43808,13558800,13558832,32,mRNA
43809,13609791,13609987,196,mRNA
43810,13610056,13610578,522,mRNA
43811,13630706,13631184,478,mRNA
43812,13633394,13633540,146,mRNA
43813,13634019,13634179,160,mRNA
43814,13634239,13634473,234,mRNA
43815,13634544,13635590,1046,mRNA
43816,13635649,13636001,352,mRNA
43817,13637288,13639411,2123,mRNA
43818,13550139,13550420,281,mRNA
43819,13551142,13551666,524,mRNA
43820,13558800,13558832,32,mRNA
43821,13609791,13609987,196,mRNA
43822,13610056,13610578,522,mRNA
43823,13630706,13631184,478,mRNA
43824,13633394,13633540,146,mRNA
43825,13634019,13634179,160,mRNA
43826,13634239,13634473,234,mRNA
43827,13634544,13635590,1046,mRNA
43828,13635649,13636213,564,mRNA
43829,13636384,13636843,459,mRNA
43830,13637288,13638238,950,mRNA
43831,13550139,13550293,154,mRNA
43832,13551142,13551666,524,mRNA
43833,13558800,13558832,32,mRNA
43834,13609791,13609987,196,mRNA
43835,13610056,13610578,522,mRNA
43836,13630706,13631184,478,mRNA
43837,13633394,13633540,146,mRNA
43838,13634019,13634179,160,mRNA
43839,13634239,13634473,234,mRNA
43840,13634544,13635590,1046,mRNA
43841,13635649,13636213,564,mRNA
43842,13637288,13638238,950,mRNA
43843,13550139,13550420,281,mRNA
43844,13551142,13551666,524,mRNA
43845,13558800,13558832,32,mRNA
43846,13609791,13609987,196,mRNA
43847,13610056,13610578,522,mRNA
43848,13630706,13631184,478,mRNA
43849,13633394,13633540,146,mRNA
43850,13634019,13634179,160,mRNA
43851,13634239,13634473,234,mRNA
43852,13634544,13635590,1046,mRNA
43853,13635649,13636995,1346,mRNA
43854,13551603,13551666,63,CDS
43855,13558800,13558832,32,CDS
43856,13609791,13609987,196,CDS
43857,13610056,13610578,522,CDS
43858,13630706,13631184,478,CDS
43859,13633394,13633540,146,CDS
43860,13634019,13634179,160,CDS
43861,13634239,13634473,234,CDS
43862,13634544,13635590,1046,CDS
43863,13635649,13636213,564,CDS
43864,13637288,13637496,208,CDS
43865,13551603,13551666,63,CDS
43866,13558800,13558832,32,CDS
43867,13609791,13609987,196,CDS
43868,13610056,13610578,522,CDS
43869,13630706,13631184,478,CDS
43870,13633394,13633540,146,CDS
43871,13634019,13634179,160,CDS
43872,13634239,13634473,234,CDS
43873,13634544,13635590,1046,CDS
43874,13635649,13636001,352,CDS
43875,13637288,13637321,33,CDS
43876,13551603,13551666,63,CDS
43877,13558800,13558832,32,CDS
43878,13609791,13609987,196,CDS
43879,13610056,13610578,522,CDS
43880,13630706,13631184,478,CDS
43881,13633394,13633540,146,CDS
43882,13634019,13634179,160,CDS
43883,13634239,13634473,234,CDS
43884,13634544,13635590,1046,CDS
43885,13635649,13636213,564,CDS
43886,13636384,13636649,265,CDS
43887,13551603,13551666,63,CDS
43888,13558800,13558832,32,CDS
43889,13609791,13609987,196,CDS
43890,13610056,13610578,522,CDS
43891,13630706,13631184,478,CDS
43892,13633394,13633540,146,CDS
43893,13634019,13634179,160,CDS
43894,13634239,13634473,234,CDS
43895,13634544,13635590,1046,CDS
43896,13635649,13636213,564,CDS
43897,13636384,13636649,265,CDS
43898,13551603,13551666,63,CDS
43899,13558800,13558832,32,CDS
43900,13609791,13609987,196,CDS
43901,13610056,13610578,522,CDS
43902,13630706,13631184,478,CDS
43903,13633394,13633540,146,CDS
43904,13634019,13634179,160,CDS
43905,13634239,13634473,234,CDS
43906,13634544,13635590,1046,CDS
43907,13635649,13636248,599,CDS
43908,13558440,13558488,48,mobile_element
43909,13560515,13565210,4695,mobile_element
43910,13581897,13581964,67,mobile_element
43911,13582569,13583033,464,gene
43912,13582569,13583033,464,ncRNA
43913,13595503,13597186,1683,gene
43914,13595503,13597186,1683,mRNA
43915,13595552,13596997,1445,CDS
43916,13599229,13600380,1151,mobile_element
43917,13609974,13610068,94,gene
43918,13609974,13610068,94,precursor_RNA
43919,13609978,13610006,28,ncRNA
43920,13610035,13610056,21,ncRNA
43921,13611261,13611320,59,mobile_element
43922,13632676,13633166,490,gene
43923,13632676,13633166,490,ncRNA
43924,13639447,13642602,3155,gene
43925,13642020,13642602,582,mRNA
43926,13641110,13641270,160,mRNA
43927,13639860,13640481,621,mRNA
43928,13639447,13639796,349,mRNA
43929,13642296,13642396,100,mRNA
43930,13642020,13642192,172,mRNA
43931,13641110,13641270,160,mRNA
43932,13639860,13640481,621,mRNA
43933,13639519,13639796,277,mRNA
43934,13641110,13641272,162,mRNA
43935,13639860,13640481,621,mRNA
43936,13639519,13639796,277,mRNA
43937,13641110,13641248,138,CDS
43938,13639860,13640481,621,CDS
43939,13639706,13639796,90,CDS
43940,13641110,13641248,138,CDS
43941,13639860,13640481,621,CDS
43942,13639706,13639796,90,CDS
43943,13641110,13641248,138,CDS
43944,13639860,13640481,621,CDS
43945,13639706,13639796,90,CDS
43946,13642821,13643230,409,gene
43947,13642821,13642907,86,ncRNA
43948,13642987,13643230,243,ncRNA
43949,13665525,13672967,7442,gene
43950,13665525,13666122,597,mRNA
43951,13667975,13668353,378,mRNA
43952,13668690,13668805,115,mRNA
43953,13668864,13669385,521,mRNA
43954,13670438,13670597,159,mRNA
43955,13672139,13672221,82,mRNA
43956,13672357,13672712,355,mRNA
43957,13672778,13672967,189,mRNA
43958,13665525,13666122,597,mRNA
43959,13667975,13668353,378,mRNA
43960,13668690,13668805,115,mRNA
43961,13668864,13669385,521,mRNA
43962,13670438,13670597,159,mRNA
43963,13671415,13671680,265,mRNA
43964,13665525,13666122,597,mRNA
43965,13667975,13668353,378,mRNA
43966,13668690,13668805,115,mRNA
43967,13668864,13669385,521,mRNA
43968,13670438,13671247,809,mRNA
43969,13665525,13666122,597,mRNA
43970,13667975,13668353,378,mRNA
43971,13668690,13668805,115,mRNA
43972,13668864,13669385,521,mRNA
43973,13670438,13670597,159,mRNA
43974,13671019,13671247,228,mRNA
43975,13665525,13666122,597,mRNA
43976,13667975,13668353,378,mRNA
43977,13668690,13668805,115,mRNA
43978,13668864,13669385,521,mRNA
43979,13669545,13669844,299,mRNA
43980,13665826,13666122,296,CDS
43981,13667975,13668353,378,CDS
43982,13668690,13668805,115,CDS
43983,13668864,13669385,521,CDS
43984,13670438,13670597,159,CDS
43985,13672139,13672164,25,CDS
43986,13665826,13666122,296,CDS
43987,13667975,13668353,378,CDS
43988,13668690,13668805,115,CDS
43989,13668864,13669385,521,CDS
43990,13670438,13670597,159,CDS
43991,13671415,13671473,58,CDS
43992,13665826,13666122,296,CDS
43993,13667975,13668353,378,CDS
43994,13668690,13668805,115,CDS
43995,13668864,13669385,521,CDS
43996,13670438,13670597,159,CDS
43997,13671019,13671077,58,CDS
43998,13665826,13666122,296,CDS
43999,13667975,13668353,378,CDS
44000,13668690,13668805,115,CDS
44001,13668864,13669385,521,CDS
44002,13670438,13670665,227,CDS
44003,13665826,13666122,296,CDS
44004,13667975,13668353,378,CDS
44005,13668690,13668805,115,CDS
44006,13668864,13669385,521,CDS
44007,13669545,13669775,230,CDS
44008,13676860,13717320,40460,gene
44009,13717021,13717320,299,mRNA
44010,13713973,13714166,193,mRNA
44011,13690490,13690531,41,mRNA
44012,13690084,13690289,205,mRNA
44013,13689948,13690013,65,mRNA
44014,13689845,13689884,39,mRNA
44015,13689590,13689745,155,mRNA
44016,13689356,13689484,128,mRNA
44017,13687521,13687658,137,mRNA
44018,13684384,13684548,164,mRNA
44019,13684204,13684263,59,mRNA
44020,13683123,13683209,86,mRNA
44021,13676860,13679117,2257,mRNA
44022,13717021,13717320,299,mRNA
44023,13713973,13714311,338,mRNA
44024,13690490,13690531,41,mRNA
44025,13690084,13690289,205,mRNA
44026,13689948,13690013,65,mRNA
44027,13689845,13689884,39,mRNA
44028,13689590,13689745,155,mRNA
44029,13689356,13689484,128,mRNA
44030,13687521,13687658,137,mRNA
44031,13684384,13684548,164,mRNA
44032,13684204,13684263,59,mRNA
44033,13678050,13679117,1067,mRNA
44034,13713973,13714138,165,CDS
44035,13690490,13690531,41,CDS
44036,13690084,13690289,205,CDS
44037,13689948,13690013,65,CDS
44038,13689845,13689884,39,CDS
44039,13689590,13689745,155,CDS
44040,13689356,13689484,128,CDS
44041,13687521,13687658,137,CDS
44042,13684384,13684548,164,CDS
44043,13684204,13684263,59,CDS
44044,13678354,13679117,763,CDS
44045,13713973,13714138,165,CDS
44046,13690490,13690531,41,CDS
44047,13690084,13690289,205,CDS
44048,13689948,13690013,65,CDS
44049,13689845,13689884,39,CDS
44050,13689590,13689745,155,CDS
44051,13689356,13689484,128,CDS
44052,13687521,13687658,137,CDS
44053,13684384,13684548,164,CDS
44054,13684204,13684263,59,CDS
44055,13683123,13683209,86,CDS
44056,13678354,13679117,763,CDS
44057,13708215,13710583,2368,gene
44058,13708215,13708895,680,mRNA
44059,13708949,13710583,1634,mRNA
44060,13708215,13708895,680,mRNA
44061,13708971,13710583,1612,mRNA
44062,13708515,13708895,380,CDS
44063,13708949,13710448,1499,CDS
44064,13708515,13708895,380,CDS
44065,13708971,13709036,65,CDS
44066,13722161,13723642,1481,gene
44067,13723532,13723642,110,mRNA
44068,13723069,13723475,406,mRNA
44069,13722161,13723010,849,mRNA
44070,13723532,13723642,110,mRNA
44071,13723069,13723484,415,mRNA
44072,13722161,13723010,849,mRNA
44073,13723069,13723437,368,CDS
44074,13722393,13723010,617,CDS
44075,13723069,13723437,368,CDS
44076,13722393,13723010,617,CDS
44077,13736138,13737030,892,gene
44078,13736138,13737030,892,mRNA
44079,13736138,13736790,652,mRNA
44080,13736193,13736711,518,CDS
44081,13736193,13736711,518,CDS
44082,13745448,13747888,2440,gene
44083,13745448,13747888,2440,ncRNA
44084,13746952,13773905,26953,gene
44085,13746952,13747109,157,mRNA
44086,13771045,13771246,201,mRNA
44087,13771337,13772571,1234,mRNA
44088,13772641,13772868,227,mRNA
44089,13772933,13773116,183,mRNA
44090,13773184,13773322,138,mRNA
44091,13773383,13773905,522,mRNA
44092,13746952,13756402,9450,gene
44093,13746952,13747109,157,ncRNA
44094,13755907,13756402,495,ncRNA
44095,13746952,13747109,157,ncRNA
44096,13753396,13753636,240,ncRNA
44097,13753707,13754242,535,ncRNA
44098,13747609,13747697,88,gene
44099,13747609,13747697,88,precursor_RNA
44100,13747621,13747642,21,ncRNA
44101,13747660,13747683,23,ncRNA
44102,13747748,13747839,91,gene
44103,13747748,13747839,91,precursor_RNA
44104,13747761,13747782,21,ncRNA
44105,13747801,13747824,23,ncRNA
44106,13761861,13762907,1046,mobile_element
44107,13771095,13771246,151,mRNA
44108,13771337,13772571,1234,mRNA
44109,13772641,13772868,227,mRNA
44110,13772933,13773116,183,mRNA
44111,13773184,13773322,138,mRNA
44112,13773383,13773905,522,mRNA
44113,13771241,13771246,5,CDS
44114,13771337,13772571,1234,CDS
44115,13772641,13772868,227,CDS
44116,13772933,13773116,183,CDS
44117,13773184,13773322,138,CDS
44118,13773383,13773483,100,CDS
44119,13771241,13771246,5,CDS
44120,13771337,13772571,1234,CDS
44121,13772641,13772868,227,CDS
44122,13772933,13773116,183,CDS
44123,13773184,13773322,138,CDS
44124,13773383,13773483,100,CDS
44125,13773997,13774355,358,gene
44126,13773997,13774104,107,mRNA
44127,13774161,13774355,194,mRNA
44128,13774033,13774104,71,CDS
44129,13774161,13774310,149,CDS
44130,13774340,13780165,5825,gene
44131,13779645,13780165,520,mRNA
44132,13777771,13777822,51,mRNA
44133,13776098,13776156,58,mRNA
44134,13775878,13776034,156,mRNA
44135,13775471,13775808,337,mRNA
44136,13775255,13775406,151,mRNA
44137,13774340,13775047,707,mRNA
44138,13779645,13780165,520,mRNA
44139,13777771,13777822,51,mRNA
44140,13776098,13776156,58,mRNA
44141,13775878,13776034,156,mRNA
44142,13775471,13775808,337,mRNA
44143,13775255,13775406,151,mRNA
44144,13774340,13775185,845,mRNA
44145,13779645,13780165,520,mRNA
44146,13777771,13777822,51,mRNA
44147,13776098,13776156,58,mRNA
44148,13775878,13776034,156,mRNA
44149,13775471,13775808,337,mRNA
44150,13774340,13775406,1066,mRNA
44151,13779645,13779732,87,CDS
44152,13777771,13777822,51,CDS
44153,13776098,13776156,58,CDS
44154,13775878,13776034,156,CDS
44155,13775471,13775808,337,CDS
44156,13775255,13775406,151,CDS
44157,13775000,13775047,47,CDS
44158,13779645,13779732,87,CDS
44159,13777771,13777822,51,CDS
44160,13776098,13776156,58,CDS
44161,13775878,13776034,156,CDS
44162,13775471,13775808,337,CDS
44163,13775255,13775406,151,CDS
44164,13775105,13775185,80,CDS
44165,13779645,13779732,87,CDS
44166,13777771,13777822,51,CDS
44167,13776098,13776156,58,CDS
44168,13775878,13776034,156,CDS
44169,13775471,13775808,337,CDS
44170,13775231,13775406,175,CDS
44171,13777195,13778124,929,gene
44172,13777195,13777835,640,ncRNA
44173,13777898,13778124,226,ncRNA
44174,13780689,13782611,1922,gene
44175,13780689,13780764,75,mRNA
44176,13780867,13782611,1744,mRNA
44177,13781000,13782097,1097,CDS
44178,13782231,13784338,2107,gene
44179,13784286,13784338,52,mRNA
44180,13782997,13783412,415,mRNA
44181,13782231,13782945,714,mRNA
44182,13782997,13783460,463,mRNA
44183,13782231,13782945,714,mRNA
44184,13782997,13783460,463,mRNA
44185,13782579,13782945,366,mRNA
44186,13782997,13783437,440,CDS
44187,13782610,13782945,335,CDS
44188,13782997,13783437,440,CDS
44189,13782610,13782945,335,CDS
44190,13782997,13783407,410,CDS
44191,13782610,13782945,335,CDS
44192,13783721,13783957,236,mobile_element
44193,13784084,13790562,6478,gene
44194,13784084,13784352,268,mRNA
44195,13784471,13784594,123,mRNA
44196,13784786,13784986,200,mRNA
44197,13785051,13785521,470,mRNA
44198,13785580,13785738,158,mRNA
44199,13785797,13785975,178,mRNA
44200,13786280,13786496,216,mRNA
44201,13786559,13786859,300,mRNA
44202,13786923,13787235,312,mRNA
44203,13787300,13787451,151,mRNA
44204,13787513,13787696,183,mRNA
44205,13787799,13788036,237,mRNA
44206,13788097,13788720,623,mRNA
44207,13788788,13789790,1002,mRNA
44208,13789857,13790562,705,mRNA
44209,13784084,13784352,268,mRNA
44210,13784471,13784594,123,mRNA
44211,13784786,13784986,200,mRNA
44212,13785051,13785521,470,mRNA
44213,13785580,13785732,152,mRNA
44214,13785797,13785975,178,mRNA
44215,13786210,13786401,191,mRNA
44216,13784170,13784352,182,CDS
44217,13784471,13784594,123,CDS
44218,13784786,13784986,200,CDS
44219,13785051,13785521,470,CDS
44220,13785580,13785738,158,CDS
44221,13785797,13785975,178,CDS
44222,13786280,13786496,216,CDS
44223,13786559,13786859,300,CDS
44224,13786923,13787235,312,CDS
44225,13787300,13787451,151,CDS
44226,13787513,13787696,183,CDS
44227,13787799,13788036,237,CDS
44228,13788097,13788720,623,CDS
44229,13788788,13789790,1002,CDS
44230,13789857,13790301,444,CDS
44231,13784170,13784352,182,CDS
44232,13784471,13784594,123,CDS
44233,13784786,13784986,200,CDS
44234,13785051,13785521,470,CDS
44235,13785580,13785732,152,CDS
44236,13785797,13785975,178,CDS
44237,13786210,13786254,44,CDS
44238,13784713,13785423,710,gene
44239,13784713,13785423,710,ncRNA
44240,13790648,13790700,52,mobile_element
44241,13790959,13793264,2305,gene
44242,13790959,13791595,636,mRNA
44243,13791665,13793264,1599,mRNA
44244,13790959,13791164,205,mRNA
44245,13791218,13791595,377,mRNA
44246,13791665,13793264,1599,mRNA
44247,13791028,13791164,136,CDS
44248,13791218,13791595,377,CDS
44249,13791665,13793135,1470,CDS
44250,13791399,13791595,196,CDS
44251,13791665,13793135,1470,CDS
44252,13793521,13799674,6153,gene
44253,13793521,13794628,1107,mRNA
44254,13794896,13798938,4042,mRNA
44255,13799008,13799674,666,mRNA
44256,13793848,13794628,780,CDS
44257,13794896,13798938,4042,CDS
44258,13799008,13799145,137,CDS
44259,13803626,13809994,6368,gene
44260,13803626,13803962,336,mRNA
44261,13808809,13808967,158,mRNA
44262,13809035,13809994,959,mRNA
44263,13803929,13803962,33,CDS
44264,13808809,13808967,158,CDS
44265,13809035,13809654,619,CDS
44266,13808360,13811474,3114,gene
44267,13810579,13811474,895,mRNA
44268,13809020,13810521,1501,mRNA
44269,13808360,13808964,604,mRNA
44270,13810579,13811474,895,mRNA
44271,13810101,13810521,420,mRNA
44272,13810579,13811450,871,CDS
44273,13810209,13810521,312,CDS
44274,13810579,13811450,871,CDS
44275,13810209,13810521,312,CDS
44276,13811522,13813316,1794,gene
44277,13811522,13811765,243,mRNA
44278,13811826,13811986,160,mRNA
44279,13812052,13812357,305,mRNA
44280,13812479,13813316,837,mRNA
44281,13811522,13811765,243,mRNA
44282,13811826,13811986,160,mRNA
44283,13812052,13812357,305,mRNA
44284,13812479,13812682,203,mRNA
44285,13811645,13811765,120,CDS
44286,13811826,13811986,160,CDS
44287,13812052,13812357,305,CDS
44288,13812479,13812634,155,CDS
44289,13811645,13811765,120,CDS
44290,13811826,13811986,160,CDS
44291,13812052,13812357,305,CDS
44292,13812479,13812634,155,CDS
44293,13812700,13813256,556,gene
44294,13812700,13813256,556,mRNA
44295,13812725,13813234,509,CDS
44296,13813816,13819824,6008,gene
44297,13813816,13815305,1489,mRNA
44298,13815359,13815716,357,mRNA
44299,13815779,13816701,922,mRNA
44300,13816766,13817614,848,mRNA
44301,13817677,13818567,890,mRNA
44302,13818636,13819269,633,mRNA
44303,13819335,13819824,489,mRNA
44304,13814214,13815305,1091,CDS
44305,13815359,13815716,357,CDS
44306,13815779,13816701,922,CDS
44307,13816766,13817614,848,CDS
44308,13817677,13818567,890,CDS
44309,13818636,13819269,633,CDS
44310,13819335,13819378,43,CDS
44311,13821248,13823979,2731,gene
44312,13821248,13822148,900,mRNA
44313,13822682,13823049,367,mRNA
44314,13823114,13823979,865,mRNA
44315,13821248,13822148,900,mRNA
44316,13822682,13823049,367,mRNA
44317,13823114,13823870,756,mRNA
44318,13821248,13822148,900,mRNA
44319,13822682,13823049,367,mRNA
44320,13823114,13823870,756,mRNA
44321,13821387,13822148,761,CDS
44322,13822682,13823049,367,CDS
44323,13823114,13823711,597,CDS
44324,13821387,13822148,761,CDS
44325,13822682,13823049,367,CDS
44326,13823114,13823711,597,CDS
44327,13821570,13822148,578,CDS
44328,13822682,13823049,367,CDS
44329,13823114,13823711,597,CDS
44330,13823980,13827772,3792,gene
44331,13825735,13827772,2037,mRNA
44332,13824857,13825679,822,mRNA
44333,13823980,13824797,817,mRNA
44334,13825735,13827691,1956,CDS
44335,13824857,13825679,822,CDS
44336,13824140,13824797,657,CDS
44337,13827941,13829741,1800,gene
44338,13829710,13829741,31,mRNA
44339,13829346,13829643,297,mRNA
44340,13827941,13829276,1335,mRNA
44341,13829346,13829741,395,mRNA
44342,13827941,13829276,1335,mRNA
44343,13829346,13829418,72,CDS
44344,13828216,13829276,1060,CDS
44345,13829346,13829418,72,CDS
44346,13828216,13829276,1060,CDS
44347,13829837,13831576,1739,gene
44348,13829837,13831134,1297,mRNA
44349,13831188,13831576,388,mRNA
44350,13830037,13831134,1097,CDS
44351,13831188,13831472,284,CDS
44352,13831482,13833105,1623,gene
44353,13831482,13833105,1623,gene
44354,13831938,13833105,1167,mRNA
44355,13831482,13831883,401,mRNA
44356,13831938,13833105,1167,mRNA
44357,13831482,13831883,401,mRNA
44358,13831938,13832628,690,CDS
44359,13831489,13831883,394,CDS
44360,13832625,13833071,446,CDS
44361,13833337,13834306,969,gene
44362,13833337,13834306,969,mRNA
44363,13833424,13834251,827,CDS
44364,13834250,13835072,822,gene
44365,13834939,13835072,133,mRNA
44366,13834722,13834883,161,mRNA
44367,13834250,13834660,410,mRNA
44368,13834939,13834982,43,CDS
44369,13834722,13834883,161,CDS
44370,13834297,13834660,363,CDS
44371,13835564,13898712,63148,gene
44372,13835564,13836432,868,mRNA
44373,13891300,13891532,232,mRNA
44374,13895029,13895170,141,mRNA
44375,13895255,13895389,134,mRNA
44376,13895457,13896740,1283,mRNA
44377,13896805,13896922,117,mRNA
44378,13896986,13897361,375,mRNA
44379,13897426,13898712,1286,mRNA
44380,13836057,13836432,375,CDS
44381,13891300,13891532,232,CDS
44382,13895029,13895170,141,CDS
44383,13895255,13895389,134,CDS
44384,13895457,13896740,1283,CDS
44385,13896805,13896922,117,CDS
44386,13896986,13897361,375,CDS
44387,13897426,13897749,323,CDS
44388,13839262,13841520,2258,gene
44389,13841444,13841520,76,mRNA
44390,13841096,13841374,278,mRNA
44391,13840802,13841035,233,mRNA
44392,13839262,13840503,1241,mRNA
44393,13841444,13841520,76,mRNA
44394,13841096,13841374,278,mRNA
44395,13840806,13841035,229,mRNA
44396,13841444,13841479,35,CDS
44397,13841096,13841374,278,CDS
44398,13840838,13841035,197,CDS
44399,13841444,13841479,35,CDS
44400,13841096,13841374,278,CDS
44401,13840838,13841035,197,CDS
44402,13842517,13842580,63,mobile_element
44403,13842888,13843742,854,gene
44404,13843628,13843742,114,mRNA
44405,13842888,13843572,684,mRNA
44406,13843628,13843706,78,CDS
44407,13842917,13843572,655,CDS
44408,13843915,13845325,1410,gene
44409,13845193,13845325,132,mRNA
44410,13843915,13845128,1213,mRNA
44411,13845193,13845325,132,mRNA
44412,13844377,13845128,751,mRNA
44413,13845193,13845262,69,CDS
44414,13844416,13845128,712,CDS
44415,13845193,13845262,69,CDS
44416,13844416,13845128,712,CDS
44417,13846752,13847799,1047,gene
44418,13846752,13846883,131,mRNA
44419,13846954,13847119,165,mRNA
44420,13847175,13847799,624,mRNA
44421,13846778,13846883,105,CDS
44422,13846954,13847119,165,CDS
44423,13847175,13847766,591,CDS
44424,13847925,13849223,1298,gene
44425,13847925,13848106,181,mRNA
44426,13848252,13849223,971,mRNA
44427,13847925,13848106,181,mRNA
44428,13848252,13849161,909,mRNA
44429,13847962,13848106,144,CDS
44430,13848252,13849000,748,CDS
44431,13847962,13848106,144,CDS
44432,13848252,13849000,748,CDS
44433,13849400,13850329,929,gene
44434,13849400,13849617,217,mRNA
44435,13849681,13850329,648,mRNA
44436,13849418,13849617,199,CDS
44437,13849681,13850233,552,CDS
44438,13853140,13862231,9091,mobile_element
44439,13865992,13866690,698,gene
44440,13866571,13866690,119,ncRNA
44441,13865992,13866508,516,ncRNA
44442,13878957,13879706,749,mRNA
44443,13891300,13891532,232,mRNA
44444,13895029,13895170,141,mRNA
44445,13895255,13895389,134,mRNA
44446,13895457,13896740,1283,mRNA
44447,13896805,13896922,117,mRNA
44448,13896986,13897361,375,mRNA
44449,13897426,13898256,830,mRNA
44450,13879535,13879706,171,CDS
44451,13891300,13891532,232,CDS
44452,13895029,13895170,141,CDS
44453,13895255,13895389,134,CDS
44454,13895457,13896740,1283,CDS
44455,13896805,13896922,117,CDS
44456,13896986,13897361,375,CDS
44457,13897426,13897749,323,CDS
44458,13894202,13894375,173,mRNA
44459,13895029,13895170,141,mRNA
44460,13895255,13895389,134,mRNA
44461,13895457,13896740,1283,mRNA
44462,13896805,13896922,117,mRNA
44463,13896986,13897361,375,mRNA
44464,13897426,13898712,1286,mRNA
44465,13895116,13895170,54,CDS
44466,13895255,13895389,134,CDS
44467,13895457,13896740,1283,CDS
44468,13896805,13896922,117,CDS
44469,13896986,13897361,375,CDS
44470,13897426,13897749,323,CDS
44471,13898828,13904661,5833,gene
44472,13904207,13904476,269,mRNA
44473,13903781,13903931,150,mRNA
44474,13902075,13903717,1642,mRNA
44475,13900632,13901981,1349,mRNA
44476,13900143,13900301,158,mRNA
44477,13898828,13900063,1235,mRNA
44478,13904105,13904208,103,mRNA
44479,13903781,13903931,150,mRNA
44480,13902075,13903717,1642,mRNA
44481,13900632,13901981,1349,mRNA
44482,13900143,13900301,158,mRNA
44483,13899369,13900063,694,mRNA
44484,13904398,13904661,263,mRNA
44485,13903781,13903931,150,mRNA
44486,13902075,13903717,1642,mRNA
44487,13900632,13901981,1349,mRNA
44488,13900143,13900301,158,mRNA
44489,13899610,13900063,453,mRNA
44490,13903781,13903920,139,CDS
44491,13902075,13903717,1642,CDS
44492,13900632,13901981,1349,CDS
44493,13900143,13900301,158,CDS
44494,13899822,13900063,241,CDS
44495,13903781,13903920,139,CDS
44496,13902075,13903717,1642,CDS
44497,13900632,13901981,1349,CDS
44498,13900143,13900301,158,CDS
44499,13899822,13900063,241,CDS
44500,13903781,13903920,139,CDS
44501,13902075,13903717,1642,CDS
44502,13900632,13901981,1349,CDS
44503,13900143,13900301,158,CDS
44504,13899822,13900063,241,CDS
44505,13905645,13909212,3567,gene
44506,13905645,13905718,73,mRNA
44507,13906566,13907172,606,mRNA
44508,13907599,13907962,363,mRNA
44509,13908024,13908590,566,mRNA
44510,13908648,13908788,140,mRNA
44511,13908856,13909028,172,mRNA
44512,13909093,13909170,77,mRNA
44513,13906429,13906504,75,mRNA
44514,13906566,13907172,606,mRNA
44515,13907599,13907962,363,mRNA
44516,13908024,13908590,566,mRNA
44517,13908648,13908788,140,mRNA
44518,13908856,13909028,172,mRNA
44519,13909093,13909212,119,mRNA
44520,13906434,13907172,738,mRNA
44521,13907599,13907962,363,mRNA
44522,13908024,13908590,566,mRNA
44523,13908648,13908788,140,mRNA
44524,13908856,13909028,172,mRNA
44525,13909093,13909170,77,mRNA
44526,13906587,13907172,585,CDS
44527,13907599,13907962,363,CDS
44528,13908024,13908590,566,CDS
44529,13908648,13908788,140,CDS
44530,13908856,13909028,172,CDS
44531,13909093,13909109,16,CDS
44532,13906587,13907172,585,CDS
44533,13907599,13907962,363,CDS
44534,13908024,13908590,566,CDS
44535,13908648,13908788,140,CDS
44536,13908856,13909028,172,CDS
44537,13909093,13909109,16,CDS
44538,13906587,13907172,585,CDS
44539,13907599,13907962,363,CDS
44540,13908024,13908590,566,CDS
44541,13908648,13908788,140,CDS
44542,13908856,13909028,172,CDS
44543,13909093,13909109,16,CDS
44544,13909333,13911719,2386,gene
44545,13909333,13909660,327,mRNA
44546,13909717,13910663,946,mRNA
44547,13910716,13911276,560,mRNA
44548,13911334,13911719,385,mRNA
44549,13909640,13909660,20,CDS
44550,13909717,13910663,946,CDS
44551,13910716,13911276,560,CDS
44552,13911334,13911640,306,CDS
44553,13912083,13912652,569,gene
44554,13912083,13912652,569,mRNA
44555,13912083,13912596,513,mRNA
44556,13912201,13912563,362,CDS
44557,13912201,13912563,362,CDS
44558,13914725,13956188,41463,gene
44559,13914725,13915250,525,mRNA
44560,13915399,13915905,506,mRNA
44561,13916406,13916564,158,mRNA
44562,13916621,13916861,240,mRNA
44563,13916926,13917650,724,mRNA
44564,13917977,13918080,103,mRNA
44565,13918147,13918245,98,mRNA
44566,13954717,13954857,140,mRNA
44567,13955265,13956188,923,mRNA
44568,13914725,13915250,525,mRNA
44569,13915399,13915905,506,mRNA
44570,13916406,13916564,158,mRNA
44571,13916621,13916861,240,mRNA
44572,13916926,13917650,724,mRNA
44573,13917977,13918080,103,mRNA
44574,13918147,13918245,98,mRNA
44575,13954717,13954857,140,mRNA
44576,13955265,13955743,478,mRNA
44577,13915008,13915250,242,CDS
44578,13915399,13915905,506,CDS
44579,13916406,13916564,158,CDS
44580,13916621,13916861,240,CDS
44581,13916926,13917650,724,CDS
44582,13917977,13918080,103,CDS
44583,13918147,13918245,98,CDS
44584,13954717,13954857,140,CDS
44585,13955265,13955580,315,CDS
44586,13915008,13915250,242,CDS
44587,13915399,13915905,506,CDS
44588,13916406,13916564,158,CDS
44589,13916621,13916861,240,CDS
44590,13916926,13917650,724,CDS
44591,13917977,13918080,103,CDS
44592,13918147,13918245,98,CDS
44593,13954717,13954857,140,CDS
44594,13955265,13955580,315,CDS
44595,13920707,13923553,2846,gene
44596,13923349,13923553,204,mRNA
44597,13922525,13922998,473,mRNA
44598,13921876,13922460,584,mRNA
44599,13920707,13921768,1061,mRNA
44600,13923349,13923553,204,mRNA
44601,13922525,13922998,473,mRNA
44602,13920707,13922460,1753,mRNA
44603,13923349,13923360,11,CDS
44604,13922525,13922998,473,CDS
44605,13921876,13922460,584,CDS
44606,13921763,13921768,5,CDS
44607,13923349,13923360,11,CDS
44608,13922525,13922998,473,CDS
44609,13921825,13922460,635,CDS
44610,13930322,13931362,1040,gene
44611,13931141,13931362,221,mRNA
44612,13930322,13931082,760,mRNA
44613,13931141,13931335,194,CDS
44614,13930717,13931082,365,CDS
44615,13932559,13934692,2133,gene
44616,13934598,13934692,94,mRNA
44617,13932559,13933796,1237,mRNA
44618,13934598,13934609,11,CDS
44619,13932996,13933796,800,CDS
44620,13944756,13947476,2720,gene
44621,13947398,13947476,78,mRNA
44622,13947089,13947127,38,mRNA
44623,13944756,13946050,1294,mRNA
44624,13947089,13947100,11,CDS
44625,13945229,13946050,821,CDS
44626,13957539,13963381,5842,gene
44627,13957539,13958152,613,mRNA
44628,13960831,13961005,174,mRNA
44629,13961064,13961181,117,mRNA
44630,13961249,13961956,707,mRNA
44631,13962120,13963381,1261,mRNA
44632,13957539,13958152,613,mRNA
44633,13960831,13961005,174,mRNA
44634,13961064,13961181,117,mRNA
44635,13961249,13961952,703,mRNA
44636,13962120,13963381,1261,mRNA
44637,13957785,13958152,367,mRNA
44638,13960831,13961005,174,mRNA
44639,13961064,13961181,117,mRNA
44640,13961249,13961952,703,mRNA
44641,13962120,13962939,819,mRNA
44642,13957850,13958152,302,CDS
44643,13960831,13961005,174,CDS
44644,13961064,13961181,117,CDS
44645,13961249,13961952,703,CDS
44646,13962120,13962517,397,CDS
44647,13957850,13958152,302,CDS
44648,13960831,13961005,174,CDS
44649,13961064,13961181,117,CDS
44650,13961249,13961952,703,CDS
44651,13962120,13962517,397,CDS
44652,13957850,13958152,302,CDS
44653,13960831,13961005,174,CDS
44654,13961064,13961181,117,CDS
44655,13961249,13961956,707,CDS
44656,13962120,13962138,18,CDS
44657,13963507,13965088,1581,gene
44658,13963507,13963738,231,mRNA
44659,13963899,13964456,557,mRNA
44660,13964535,13964738,203,mRNA
44661,13964794,13965088,294,mRNA
44662,13963507,13963738,231,mRNA
44663,13963899,13964456,557,mRNA
44664,13964535,13964738,203,mRNA
44665,13964797,13965088,291,mRNA
44666,13963548,13963738,190,CDS
44667,13963899,13964456,557,CDS
44668,13964535,13964738,203,CDS
44669,13964794,13965052,258,CDS
44670,13963548,13963738,190,CDS
44671,13963899,13964456,557,CDS
44672,13964535,13964738,203,CDS
44673,13964797,13965052,255,CDS
44674,13965012,13967018,2006,gene
44675,13966506,13967018,512,mRNA
44676,13965475,13966011,536,mRNA
44677,13965012,13965396,384,mRNA
44678,13966506,13966924,418,CDS
44679,13965475,13966011,536,CDS
44680,13965087,13965396,309,CDS
44681,13967464,13967985,521,gene
44682,13967751,13967985,234,mRNA
44683,13967464,13967694,230,mRNA
44684,13967751,13967911,160,CDS
44685,13967487,13967694,207,CDS
44686,13968280,13969976,1696,gene
44687,13969619,13969976,357,mRNA
44688,13968897,13969460,563,mRNA
44689,13968280,13968835,555,mRNA
44690,13969619,13969908,289,CDS
44691,13968897,13969460,563,CDS
44692,13968343,13968835,492,CDS
44693,13970177,13972173,1996,gene
44694,13970177,13970216,39,mRNA
44695,13970488,13970866,378,mRNA
44696,13971139,13971681,542,mRNA
44697,13971741,13972173,432,mRNA
44698,13970508,13970866,358,mRNA
44699,13971139,13971681,542,mRNA
44700,13971741,13972173,432,mRNA
44701,13970508,13970866,358,mRNA
44702,13971139,13971681,542,mRNA
44703,13971741,13971979,238,mRNA
44704,13970559,13970866,307,CDS
44705,13971139,13971681,542,CDS
44706,13971741,13971837,96,CDS
44707,13970559,13970866,307,CDS
44708,13971139,13971681,542,CDS
44709,13971741,13971837,96,CDS
44710,13970559,13970866,307,CDS
44711,13971139,13971681,542,CDS
44712,13971741,13971837,96,CDS
44713,13972096,13972947,851,gene
44714,13972791,13972947,156,mRNA
44715,13972096,13972611,515,mRNA
44716,13972791,13972947,156,mRNA
44717,13972216,13972611,395,mRNA
44718,13972791,13972889,98,CDS
44719,13972240,13972611,371,CDS
44720,13972791,13972889,98,CDS
44721,13972240,13972611,371,CDS
44722,13973158,13976769,3611,gene
44723,13975978,13976254,276,mRNA
44724,13973158,13975879,2721,mRNA
44725,13976477,13976769,292,mRNA
44726,13974119,13975879,1760,mRNA
44727,13975978,13976254,276,mRNA
44728,13974119,13975879,1760,mRNA
44729,13976477,13976689,212,CDS
44730,13974230,13975879,1649,CDS
44731,13975978,13976196,218,CDS
44732,13974230,13975879,1649,CDS
44733,13975978,13976196,218,CDS
44734,13974230,13975879,1649,CDS
44735,13977302,13979569,2267,gene
44736,13977302,13977547,245,mRNA
44737,13977692,13977938,246,mRNA
44738,13978003,13978107,104,mRNA
44739,13978195,13978741,546,mRNA
44740,13978808,13979074,266,mRNA
44741,13979216,13979569,353,mRNA
44742,13977360,13977547,187,CDS
44743,13977692,13977938,246,CDS
44744,13978003,13978107,104,CDS
44745,13978195,13978741,546,CDS
44746,13978808,13979074,266,CDS
44747,13979216,13979379,163,CDS
44748,13980126,13983269,3143,gene
44749,13980126,13980274,148,mRNA
44750,13980338,13980440,102,mRNA
44751,13980502,13980557,55,mRNA
44752,13980616,13981534,918,mRNA
44753,13981678,13983269,1591,mRNA
44754,13980126,13980274,148,mRNA
44755,13980338,13980440,102,mRNA
44756,13980502,13980557,55,mRNA
44757,13980616,13981534,918,mRNA
44758,13981678,13982952,1274,mRNA
44759,13980126,13980274,148,mRNA
44760,13980616,13981534,918,mRNA
44761,13981678,13982952,1274,mRNA
44762,13980210,13980274,64,CDS
44763,13980338,13980440,102,CDS
44764,13980502,13980557,55,CDS
44765,13980616,13981534,918,CDS
44766,13981678,13982640,962,CDS
44767,13980210,13980274,64,CDS
44768,13980338,13980440,102,CDS
44769,13980502,13980557,55,CDS
44770,13980616,13981534,918,CDS
44771,13981678,13982640,962,CDS
44772,13980210,13980274,64,CDS
44773,13980616,13981534,918,CDS
44774,13981678,13982640,962,CDS
44775,13982743,14001248,18505,gene
44776,14000968,14001248,280,mRNA
44777,13992937,13993830,893,mRNA
44778,13991642,13991713,71,mRNA
44779,13990915,13991058,143,mRNA
44780,13990446,13990589,143,mRNA
44781,13989783,13989854,71,mRNA
44782,13989637,13989708,71,mRNA
44783,13987821,13987889,68,mRNA
44784,13986594,13986731,137,mRNA
44785,13986398,13986538,140,mRNA
44786,13986267,13986332,65,mRNA
44787,13986066,13986209,143,mRNA
44788,13985637,13986004,367,mRNA
44789,13983799,13985580,1781,mRNA
44790,13982743,13983741,998,mRNA
44791,13992937,13993487,550,CDS
44792,13991642,13991713,71,CDS
44793,13990915,13991058,143,CDS
44794,13990446,13990589,143,CDS
44795,13989783,13989854,71,CDS
44796,13989637,13989708,71,CDS
44797,13987821,13987889,68,CDS
44798,13986594,13986731,137,CDS
44799,13986398,13986538,140,CDS
44800,13986267,13986332,65,CDS
44801,13986066,13986209,143,CDS
44802,13985637,13986004,367,CDS
44803,13983799,13985580,1781,CDS
44804,13983422,13983741,319,CDS
44805,14008101,14008820,719,gene
44806,14008101,14008306,205,mRNA
44807,14008364,14008435,71,mRNA
44808,14008496,14008820,324,mRNA
44809,14008101,14008306,205,mRNA
44810,14008364,14008799,435,mRNA
44811,14008189,14008306,117,CDS
44812,14008364,14008692,328,CDS
44813,14008189,14008306,117,CDS
44814,14008364,14008435,71,CDS
44815,14008496,14008692,196,CDS
44816,14010565,14010636,71,gene
44817,14010565,14010636,71,tRNA
44818,14013004,14019328,6324,gene
44819,14013004,14013138,134,mRNA
44820,14015787,14016034,247,mRNA
44821,14016132,14016477,345,mRNA
44822,14016538,14017037,499,mRNA
44823,14018035,14018626,591,mRNA
44824,14018686,14019328,642,mRNA
44825,14013746,14013917,171,mRNA
44826,14015787,14016034,247,mRNA
44827,14016132,14016477,345,mRNA
44828,14016538,14017037,499,mRNA
44829,14018035,14018626,591,mRNA
44830,14018686,14019328,642,mRNA
44831,14015796,14016034,238,CDS
44832,14016132,14016477,345,CDS
44833,14016538,14017037,499,CDS
44834,14018035,14018626,591,CDS
44835,14018686,14019009,323,CDS
44836,14015796,14016034,238,CDS
44837,14016132,14016477,345,CDS
44838,14016538,14017037,499,CDS
44839,14018035,14018626,591,CDS
44840,14018686,14019009,323,CDS
44841,14019357,14020208,851,gene
44842,14019357,14020208,851,mRNA
44843,14019395,14020325,930,gene
44844,14019395,14020325,930,ncRNA
44845,14019489,14020163,674,CDS
44846,14021583,14022033,450,gene
44847,14021583,14022033,450,ncRNA
44848,14023722,14024099,377,gene
44849,14023722,14024099,377,ncRNA
44850,14027001,14029368,2367,gene
44851,14027001,14028101,1100,mRNA
44852,14028264,14029368,1104,mRNA
44853,14027032,14028101,1069,CDS
44854,14028264,14029239,975,CDS
44855,14029262,14031539,2277,gene
44856,14030689,14031539,850,mRNA
44857,14029911,14030504,593,mRNA
44858,14029655,14029852,197,mRNA
44859,14029262,14029456,194,mRNA
44860,14030689,14031539,850,mRNA
44861,14029911,14030504,593,mRNA
44862,14029262,14029852,590,mRNA
44863,14030689,14031534,845,CDS
44864,14029911,14030504,593,CDS
44865,14029655,14029852,197,CDS
44866,14029400,14029456,56,CDS
44867,14030689,14031539,850,mRNA
44868,14029911,14030504,593,mRNA
44869,14029621,14029852,231,mRNA
44870,14030689,14031534,845,CDS
44871,14029911,14030504,593,CDS
44872,14029646,14029852,206,CDS
44873,14030689,14031534,845,CDS
44874,14029911,14030504,593,CDS
44875,14029646,14029852,206,CDS
44876,14032006,14038306,6300,gene
44877,14032006,14038306,6300,ncRNA
44878,14040170,14094401,54231,gene
44879,14040170,14040221,51,mRNA
44880,14041321,14042234,913,mRNA
44881,14060958,14062075,1117,mRNA
44882,14062171,14062621,450,mRNA
44883,14068867,14069006,139,mRNA
44884,14076580,14076915,335,mRNA
44885,14077123,14077198,75,mRNA
44886,14080540,14080734,194,mRNA
44887,14081660,14081746,86,mRNA
44888,14083458,14083567,109,mRNA
44889,14087977,14088128,151,mRNA
44890,14088486,14088608,122,mRNA
44891,14088723,14088861,138,mRNA
44892,14089108,14094292,5184,mRNA
44893,14094351,14094401,50,mRNA
44894,14040170,14040465,295,mRNA
44895,14041321,14042234,913,mRNA
44896,14060958,14062075,1117,mRNA
44897,14062171,14062621,450,mRNA
44898,14068867,14069006,139,mRNA
44899,14076580,14076915,335,mRNA
44900,14077123,14077198,75,mRNA
44901,14080540,14080734,194,mRNA
44902,14081660,14081746,86,mRNA
44903,14083458,14083567,109,mRNA
44904,14087977,14088128,151,mRNA
44905,14088486,14088608,122,mRNA
44906,14088723,14088861,138,mRNA
44907,14089108,14092725,3617,mRNA
44908,14040170,14040465,295,mRNA
44909,14041321,14042234,913,mRNA
44910,14060958,14062075,1117,mRNA
44911,14062171,14062621,450,mRNA
44912,14068867,14069006,139,mRNA
44913,14076580,14076915,335,mRNA
44914,14077123,14077198,75,mRNA
44915,14080540,14080734,194,mRNA
44916,14081660,14081746,86,mRNA
44917,14083458,14083567,109,mRNA
44918,14087977,14088128,151,mRNA
44919,14088486,14088608,122,mRNA
44920,14088723,14088861,138,mRNA
44921,14089108,14092725,3617,mRNA
44922,14040170,14040394,224,mRNA
44923,14041321,14042234,913,mRNA
44924,14060958,14062075,1117,mRNA
44925,14062171,14062621,450,mRNA
44926,14068867,14069006,139,mRNA
44927,14076580,14076915,335,mRNA
44928,14077123,14077198,75,mRNA
44929,14080540,14080734,194,mRNA
44930,14081660,14081746,86,mRNA
44931,14083458,14083567,109,mRNA
44932,14087977,14088128,151,mRNA
44933,14088486,14088608,122,mRNA
44934,14088723,14088861,138,mRNA
44935,14089108,14089437,329,mRNA
44936,14047582,14048863,1281,gene
44937,14047582,14048863,1281,mRNA
44938,14047631,14048764,1133,CDS
44939,14061611,14062075,464,CDS
44940,14062171,14062621,450,CDS
44941,14068867,14069006,139,CDS
44942,14076580,14076915,335,CDS
44943,14077123,14077198,75,CDS
44944,14080540,14080734,194,CDS
44945,14081660,14081746,86,CDS
44946,14083458,14083567,109,CDS
44947,14087977,14088128,151,CDS
44948,14088486,14088608,122,CDS
44949,14088723,14088861,138,CDS
44950,14089108,14089347,239,CDS
44951,14061611,14062075,464,CDS
44952,14062171,14062621,450,CDS
44953,14068867,14069006,139,CDS
44954,14076580,14076915,335,CDS
44955,14077123,14077198,75,CDS
44956,14080540,14080734,194,CDS
44957,14081660,14081746,86,CDS
44958,14083458,14083567,109,CDS
44959,14087977,14088128,151,CDS
44960,14088486,14088608,122,CDS
44961,14088723,14088861,138,CDS
44962,14089108,14089260,152,CDS
44963,14061611,14062075,464,CDS
44964,14062171,14062621,450,CDS
44965,14068867,14069006,139,CDS
44966,14076580,14076915,335,CDS
44967,14077123,14077198,75,CDS
44968,14080540,14080734,194,CDS
44969,14081660,14081746,86,CDS
44970,14083458,14083567,109,CDS
44971,14087977,14088128,151,CDS
44972,14088486,14088608,122,CDS
44973,14088723,14088861,138,CDS
44974,14089108,14089260,152,CDS
44975,14061611,14062075,464,CDS
44976,14062171,14062621,450,CDS
44977,14068867,14069006,139,CDS
44978,14076580,14076915,335,CDS
44979,14077123,14077198,75,CDS
44980,14080540,14080734,194,CDS
44981,14081660,14081746,86,CDS
44982,14083458,14083567,109,CDS
44983,14087977,14088128,151,CDS
44984,14088486,14088608,122,CDS
44985,14088723,14088861,138,CDS
44986,14089108,14089260,152,CDS
44987,14104090,14160587,56497,gene
44988,14104090,14104317,227,mRNA
44989,14104476,14105047,571,mRNA
44990,14105108,14105370,262,mRNA
44991,14105470,14106654,1184,mRNA
44992,14156862,14157404,542,mRNA
44993,14157529,14157729,200,mRNA
44994,14157834,14158533,699,mRNA
44995,14158648,14160587,1939,mRNA
44996,14104090,14104317,227,mRNA
44997,14104476,14105047,571,mRNA
44998,14105108,14105370,262,mRNA
44999,14105470,14106654,1184,mRNA
45000,14107252,14107461,209,mRNA
45001,14104090,14104317,227,mRNA
45002,14104476,14105047,571,mRNA
45003,14105108,14105370,262,mRNA
45004,14105470,14106791,1321,mRNA
45005,14104654,14105047,393,CDS
45006,14105108,14105370,262,CDS
45007,14105470,14106654,1184,CDS
45008,14156862,14157404,542,CDS
45009,14157529,14157729,200,CDS
45010,14157834,14158533,699,CDS
45011,14158648,14159075,427,CDS
45012,14104654,14105047,393,CDS
45013,14105108,14105370,262,CDS
45014,14105470,14106654,1184,CDS
45015,14107252,14107413,161,CDS
45016,14104654,14105047,393,CDS
45017,14105108,14105370,262,CDS
45018,14105470,14106684,1214,CDS
45019,14108057,14109447,1390,gene
45020,14109195,14109447,252,mRNA
45021,14108057,14109140,1083,mRNA
45022,14109195,14109290,95,mRNA
45023,14108057,14109140,1083,mRNA
45024,14109195,14109251,56,CDS
45025,14108196,14109140,944,CDS
45026,14109195,14109251,56,CDS
45027,14108196,14109140,944,CDS
45028,14109597,14110739,1142,gene
45029,14110632,14110739,107,mRNA
45030,14109597,14110574,977,mRNA
45031,14110632,14110685,53,CDS
45032,14109693,14110574,881,CDS
45033,14134472,14135135,663,mRNA
45034,14156862,14157404,542,mRNA
45035,14157529,14157729,200,mRNA
45036,14157834,14158533,699,mRNA
45037,14158648,14160587,1939,mRNA
45038,14135097,14135135,38,CDS
45039,14156862,14157404,542,CDS
45040,14157529,14157729,200,CDS
45041,14157834,14158533,699,CDS
45042,14158648,14159075,427,CDS
45043,14161144,14163222,2078,gene
45044,14163203,14163222,19,mRNA
45045,14161144,14163148,2004,mRNA
45046,14161235,14163121,1886,CDS
45047,14163508,14180686,17178,gene
45048,14180206,14180686,480,mRNA
45049,14167168,14167582,414,mRNA
45050,14164777,14167103,2326,mRNA
45051,14164577,14164714,137,mRNA
45052,14164309,14164516,207,mRNA
45053,14163508,14164252,744,mRNA
45054,14180206,14180307,101,CDS
45055,14167168,14167582,414,CDS
45056,14164777,14167103,2326,CDS
45057,14164577,14164714,137,CDS
45058,14164309,14164516,207,CDS
45059,14163942,14164252,310,CDS
45060,14184478,14234126,49648,gene
45061,14233648,14234126,478,mRNA
45062,14229459,14229536,77,mRNA
45063,14222017,14222081,64,mRNA
45064,14217027,14217069,42,mRNA
45065,14197657,14197867,210,mRNA
45066,14196927,14197293,366,mRNA
45067,14196075,14196247,172,mRNA
45068,14195733,14196010,277,mRNA
45069,14189095,14189233,138,mRNA
45070,14188864,14189035,171,mRNA
45071,14184478,14187153,2675,mRNA
45072,14233579,14234126,547,mRNA
45073,14229532,14229536,4,mRNA
45074,14222017,14222081,64,mRNA
45075,14217027,14217069,42,mRNA
45076,14197657,14197867,210,mRNA
45077,14196927,14197293,366,mRNA
45078,14196075,14196247,172,mRNA
45079,14195733,14196010,277,mRNA
45080,14189095,14189233,138,mRNA
45081,14188864,14189035,171,mRNA
45082,14184478,14187153,2675,mRNA
45083,14233894,14234108,214,mRNA
45084,14229459,14229536,77,mRNA
45085,14222017,14222081,64,mRNA
45086,14217027,14217069,42,mRNA
45087,14197657,14197867,210,mRNA
45088,14196927,14197293,366,mRNA
45089,14196075,14196247,172,mRNA
45090,14195733,14196010,277,mRNA
45091,14189095,14189233,138,mRNA
45092,14188864,14189035,171,mRNA
45093,14184478,14187153,2675,mRNA
45094,14233648,14234108,460,mRNA
45095,14229532,14229536,4,mRNA
45096,14222017,14222081,64,mRNA
45097,14217027,14217069,42,mRNA
45098,14197657,14197867,210,mRNA
45099,14196927,14197293,366,mRNA
45100,14196075,14196247,172,mRNA
45101,14195733,14196010,277,mRNA
45102,14189095,14189233,138,mRNA
45103,14188864,14189035,171,mRNA
45104,14184478,14187153,2675,mRNA
45105,14233648,14234108,460,mRNA
45106,14229459,14229536,77,mRNA
45107,14222017,14222081,64,mRNA
45108,14217027,14217069,42,mRNA
45109,14197657,14197867,210,mRNA
45110,14196927,14197293,366,mRNA
45111,14196075,14196247,172,mRNA
45112,14195733,14196010,277,mRNA
45113,14189095,14189233,138,mRNA
45114,14188864,14189035,171,mRNA
45115,14184478,14187153,2675,mRNA
45116,14233648,14234108,460,mRNA
45117,14222017,14222081,64,mRNA
45118,14217027,14217069,42,mRNA
45119,14197657,14197867,210,mRNA
45120,14196927,14197293,366,mRNA
45121,14196075,14196247,172,mRNA
45122,14195733,14196010,277,mRNA
45123,14189095,14189233,138,mRNA
45124,14188864,14189035,171,mRNA
45125,14185026,14187153,2127,mRNA
45126,14197363,14197567,204,mRNA
45127,14196927,14197293,366,mRNA
45128,14196075,14196247,172,mRNA
45129,14195733,14196010,277,mRNA
45130,14189095,14189233,138,mRNA
45131,14188864,14189035,171,mRNA
45132,14185662,14187153,1491,mRNA
45133,14197657,14197680,23,CDS
45134,14196927,14197293,366,CDS
45135,14196075,14196247,172,CDS
45136,14195733,14196010,277,CDS
45137,14189095,14189233,138,CDS
45138,14188864,14189035,171,CDS
45139,14186066,14187153,1087,CDS
45140,14197657,14197680,23,CDS
45141,14196927,14197293,366,CDS
45142,14196075,14196247,172,CDS
45143,14195733,14196010,277,CDS
45144,14189095,14189233,138,CDS
45145,14188864,14189035,171,CDS
45146,14186138,14187153,1015,CDS
45147,14197657,14197680,23,CDS
45148,14196927,14197293,366,CDS
45149,14196075,14196247,172,CDS
45150,14195733,14196010,277,CDS
45151,14189095,14189233,138,CDS
45152,14188864,14189035,171,CDS
45153,14186138,14187153,1015,CDS
45154,14197657,14197680,23,CDS
45155,14196927,14197293,366,CDS
45156,14196075,14196247,172,CDS
45157,14195733,14196010,277,CDS
45158,14189095,14189233,138,CDS
45159,14188864,14189035,171,CDS
45160,14186138,14187153,1015,CDS
45161,14197657,14197680,23,CDS
45162,14196927,14197293,366,CDS
45163,14196075,14196247,172,CDS
45164,14195733,14196010,277,CDS
45165,14189095,14189233,138,CDS
45166,14188864,14189035,171,CDS
45167,14186138,14187153,1015,CDS
45168,14197657,14197680,23,CDS
45169,14196927,14197293,366,CDS
45170,14196075,14196247,172,CDS
45171,14195733,14196010,277,CDS
45172,14189095,14189233,138,CDS
45173,14188864,14189035,171,CDS
45174,14186138,14187153,1015,CDS
45175,14197363,14197491,128,CDS
45176,14196927,14197293,366,CDS
45177,14196075,14196247,172,CDS
45178,14195733,14196010,277,CDS
45179,14189095,14189233,138,CDS
45180,14188864,14189035,171,CDS
45181,14186138,14187153,1015,CDS
45182,14234754,14235156,402,gene
45183,14234754,14235156,402,ncRNA
45184,14235318,14236307,989,gene
45185,14235318,14236307,989,ncRNA
45186,14241071,14241732,661,gene
45187,14241071,14241098,27,ncRNA
45188,14241157,14241314,157,ncRNA
45189,14241367,14241732,365,ncRNA
45190,14241144,14241314,170,ncRNA
45191,14241367,14241732,365,ncRNA
45192,14263027,14328262,65235,gene
45193,14263027,14264123,1096,mRNA
45194,14278219,14278559,340,mRNA
45195,14285956,14287847,1891,mRNA
45196,14288150,14288958,808,mRNA
45197,14319554,14320913,1359,mRNA
45198,14320989,14321244,255,mRNA
45199,14321309,14321705,396,mRNA
45200,14321791,14323478,1687,mRNA
45201,14323536,14324288,752,mRNA
45202,14324349,14324631,282,mRNA
45203,14324688,14324838,150,mRNA
45204,14324897,14325554,657,mRNA
45205,14326435,14327053,618,mRNA
45206,14327110,14327243,133,mRNA
45207,14327301,14327529,228,mRNA
45208,14327597,14328262,665,mRNA
45209,14263027,14264123,1096,mRNA
45210,14278219,14278559,340,mRNA
45211,14285956,14287847,1891,mRNA
45212,14288150,14288958,808,mRNA
45213,14319554,14320913,1359,mRNA
45214,14320989,14321244,255,mRNA
45215,14321309,14321705,396,mRNA
45216,14321791,14323478,1687,mRNA
45217,14323536,14324288,752,mRNA
45218,14324349,14324631,282,mRNA
45219,14324688,14324838,150,mRNA
45220,14324897,14325554,657,mRNA
45221,14325696,14326280,584,mRNA
45222,14263721,14264123,402,CDS
45223,14278219,14278559,340,CDS
45224,14285956,14287847,1891,CDS
45225,14288150,14288958,808,CDS
45226,14319554,14320913,1359,CDS
45227,14320989,14321244,255,CDS
45228,14321309,14321705,396,CDS
45229,14321791,14323478,1687,CDS
45230,14323536,14324288,752,CDS
45231,14324349,14324631,282,CDS
45232,14324688,14324838,150,CDS
45233,14324897,14325554,657,CDS
45234,14326435,14327053,618,CDS
45235,14327110,14327243,133,CDS
45236,14327301,14327529,228,CDS
45237,14327597,14327751,154,CDS
45238,14263721,14264123,402,CDS
45239,14278219,14278559,340,CDS
45240,14285956,14287847,1891,CDS
45241,14288150,14288958,808,CDS
45242,14319554,14320913,1359,CDS
45243,14320989,14321244,255,CDS
45244,14321309,14321705,396,CDS
45245,14321791,14323478,1687,CDS
45246,14323536,14324288,752,CDS
45247,14324349,14324631,282,CDS
45248,14324688,14324838,150,CDS
45249,14324897,14325554,657,CDS
45250,14325696,14325710,14,CDS
45251,14273721,14274454,733,gene
45252,14273721,14274454,733,ncRNA
45253,14274821,14278002,3181,gene
45254,14274821,14274940,119,mRNA
45255,14277313,14278002,689,mRNA
45256,14274821,14274940,119,mRNA
45257,14277313,14277400,87,mRNA
45258,14277462,14278002,540,mRNA
45259,14277211,14277400,189,mRNA
45260,14277462,14278002,540,mRNA
45261,14277480,14277917,437,CDS
45262,14277480,14277917,437,CDS
45263,14277480,14277917,437,CDS
45264,14291201,14291817,616,gene
45265,14291201,14291817,616,ncRNA
45266,14291201,14291234,33,ncRNA
45267,14291301,14291817,516,ncRNA
45268,14293275,14295394,2119,gene
45269,14294905,14295394,489,ncRNA
45270,14293275,14294644,1369,ncRNA
45271,14300999,14301758,759,mRNA
45272,14307949,14309177,1228,mRNA
45273,14319554,14320913,1359,mRNA
45274,14320989,14321244,255,mRNA
45275,14321309,14321705,396,mRNA
45276,14321791,14323478,1687,mRNA
45277,14323536,14324288,752,mRNA
45278,14324349,14324631,282,mRNA
45279,14324688,14324838,150,mRNA
45280,14324897,14325554,657,mRNA
45281,14326435,14327053,618,mRNA
45282,14327110,14327243,133,mRNA
45283,14327301,14327529,228,mRNA
45284,14327597,14328262,665,mRNA
45285,14300999,14301758,759,mRNA
45286,14308075,14309177,1102,mRNA
45287,14319554,14320913,1359,mRNA
45288,14320989,14321244,255,mRNA
45289,14321309,14321705,396,mRNA
45290,14321791,14323478,1687,mRNA
45291,14323536,14324288,752,mRNA
45292,14324349,14324631,282,mRNA
45293,14324688,14324838,150,mRNA
45294,14324897,14325554,657,mRNA
45295,14326435,14327053,618,mRNA
45296,14327110,14327243,133,mRNA
45297,14327301,14327529,228,mRNA
45298,14327597,14328262,665,mRNA
45299,14300999,14301758,759,mRNA
45300,14308136,14309177,1041,mRNA
45301,14319554,14320913,1359,mRNA
45302,14320989,14321244,255,mRNA
45303,14321309,14321705,396,mRNA
45304,14321791,14323478,1687,mRNA
45305,14323536,14324288,752,mRNA
45306,14324349,14324631,282,mRNA
45307,14324688,14324838,150,mRNA
45308,14324897,14325554,657,mRNA
45309,14326435,14327053,618,mRNA
45310,14327110,14327243,133,mRNA
45311,14327301,14327529,228,mRNA
45312,14327597,14328262,665,mRNA
45313,14300999,14301676,677,mRNA
45314,14308075,14309177,1102,mRNA
45315,14319554,14320913,1359,mRNA
45316,14320989,14321244,255,mRNA
45317,14321309,14321705,396,mRNA
45318,14321791,14323478,1687,mRNA
45319,14323536,14324288,752,mRNA
45320,14324349,14324631,282,mRNA
45321,14324688,14324838,150,mRNA
45322,14324897,14325554,657,mRNA
45323,14326435,14327053,618,mRNA
45324,14327110,14327243,133,mRNA
45325,14327301,14327529,228,mRNA
45326,14327597,14328262,665,mRNA
45327,14308157,14309177,1020,CDS
45328,14319554,14320913,1359,CDS
45329,14320989,14321244,255,CDS
45330,14321309,14321705,396,CDS
45331,14321791,14323478,1687,CDS
45332,14323536,14324288,752,CDS
45333,14324349,14324631,282,CDS
45334,14324688,14324838,150,CDS
45335,14324897,14325554,657,CDS
45336,14326435,14327053,618,CDS
45337,14327110,14327243,133,CDS
45338,14327301,14327529,228,CDS
45339,14327597,14327751,154,CDS
45340,14308157,14309177,1020,CDS
45341,14319554,14320913,1359,CDS
45342,14320989,14321244,255,CDS
45343,14321309,14321705,396,CDS
45344,14321791,14323478,1687,CDS
45345,14323536,14324288,752,CDS
45346,14324349,14324631,282,CDS
45347,14324688,14324838,150,CDS
45348,14324897,14325554,657,CDS
45349,14326435,14327053,618,CDS
45350,14327110,14327243,133,CDS
45351,14327301,14327529,228,CDS
45352,14327597,14327751,154,CDS
45353,14308157,14309177,1020,CDS
45354,14319554,14320913,1359,CDS
45355,14320989,14321244,255,CDS
45356,14321309,14321705,396,CDS
45357,14321791,14323478,1687,CDS
45358,14323536,14324288,752,CDS
45359,14324349,14324631,282,CDS
45360,14324688,14324838,150,CDS
45361,14324897,14325554,657,CDS
45362,14326435,14327053,618,CDS
45363,14327110,14327243,133,CDS
45364,14327301,14327529,228,CDS
45365,14327597,14327751,154,CDS
45366,14308157,14309177,1020,CDS
45367,14319554,14320913,1359,CDS
45368,14320989,14321244,255,CDS
45369,14321309,14321705,396,CDS
45370,14321791,14323478,1687,CDS
45371,14323536,14324288,752,CDS
45372,14324349,14324631,282,CDS
45373,14324688,14324838,150,CDS
45374,14324897,14325554,657,CDS
45375,14326435,14327053,618,CDS
45376,14327110,14327243,133,CDS
45377,14327301,14327529,228,CDS
45378,14327597,14327751,154,CDS
45379,14328429,14333860,5431,gene
45380,14328429,14328718,289,mRNA
45381,14328775,14329112,337,mRNA
45382,14329171,14330275,1104,mRNA
45383,14330338,14331086,748,mRNA
45384,14331149,14331952,803,mRNA
45385,14332068,14332687,619,mRNA
45386,14332763,14332917,154,mRNA
45387,14332978,14333185,207,mRNA
45388,14333244,14333351,107,mRNA
45389,14333412,14333860,448,mRNA
45390,14328469,14328718,249,CDS
45391,14328775,14329112,337,CDS
45392,14329171,14330275,1104,CDS
45393,14330338,14331086,748,CDS
45394,14331149,14331952,803,CDS
45395,14332068,14332687,619,CDS
45396,14332763,14332917,154,CDS
45397,14332978,14333185,207,CDS
45398,14333244,14333351,107,CDS
45399,14333412,14333775,363,CDS
45400,14334158,14345795,11637,gene
45401,14334158,14334570,412,mRNA
45402,14341307,14341576,269,mRNA
45403,14342853,14343370,517,mRNA
45404,14343437,14343692,255,mRNA
45405,14343750,14344123,373,mRNA
45406,14344183,14344416,233,mRNA
45407,14344481,14345795,1314,mRNA
45408,14334158,14334570,412,mRNA
45409,14341307,14341576,269,mRNA
45410,14342778,14343370,592,mRNA
45411,14343437,14343692,255,mRNA
45412,14343750,14344123,373,mRNA
45413,14344183,14344416,233,mRNA
45414,14344481,14345790,1309,mRNA
45415,14334158,14334570,412,mRNA
45416,14341307,14341576,269,mRNA
45417,14342784,14343370,586,mRNA
45418,14343437,14343692,255,mRNA
45419,14343750,14344123,373,mRNA
45420,14344183,14344416,233,mRNA
45421,14344481,14345790,1309,mRNA
45422,14334311,14334570,259,CDS
45423,14341307,14341576,269,CDS
45424,14342778,14343370,592,CDS
45425,14343437,14343692,255,CDS
45426,14343750,14344123,373,CDS
45427,14344183,14344416,233,CDS
45428,14344481,14345340,859,CDS
45429,14334311,14334570,259,CDS
45430,14341307,14341576,269,CDS
45431,14342784,14343370,586,CDS
45432,14343437,14343692,255,CDS
45433,14343750,14344123,373,CDS
45434,14344183,14344416,233,CDS
45435,14344481,14345340,859,CDS
45436,14334311,14334570,259,CDS
45437,14341307,14341576,269,CDS
45438,14342853,14343370,517,CDS
45439,14343437,14343692,255,CDS
45440,14343750,14344123,373,CDS
45441,14344183,14344416,233,CDS
45442,14344481,14345340,859,CDS
45443,14338240,14340080,1840,gene
45444,14338240,14340080,1840,mRNA
45445,14338240,14340053,1813,mRNA
45446,14338401,14339936,1535,CDS
45447,14338401,14339936,1535,CDS
45448,14342016,14342635,619,mRNA
45449,14342778,14343370,592,mRNA
45450,14343437,14343692,255,mRNA
45451,14343750,14344123,373,mRNA
45452,14344183,14344416,233,mRNA
45453,14344481,14345795,1314,mRNA
45454,14342553,14342635,82,CDS
45455,14342778,14343370,592,CDS
45456,14343437,14343692,255,CDS
45457,14343750,14344123,373,CDS
45458,14344183,14344416,233,CDS
45459,14344481,14345340,859,CDS
45460,14345802,14345844,42,mobile_element
45461,14345915,14346688,773,gene
45462,14345915,14346688,773,mRNA
45463,14345935,14346654,719,CDS
45464,14347239,14348790,1551,gene
45465,14348298,14348790,492,mRNA
45466,14347653,14348233,580,mRNA
45467,14347239,14347597,358,mRNA
45468,14348298,14348706,408,CDS
45469,14347653,14348233,580,CDS
45470,14347355,14347597,242,CDS
45471,14349020,14351513,2493,gene
45472,14351475,14351513,38,mRNA
45473,14349709,14349782,73,mRNA
45474,14349020,14349639,619,mRNA
45475,14349070,14349799,729,gene
45476,14349070,14349799,729,ncRNA
45477,14351458,14351513,55,mRNA
45478,14349709,14349782,73,mRNA
45479,14349114,14349639,525,mRNA
45480,14349709,14349780,71,CDS
45481,14349232,14349639,407,CDS
45482,14349709,14349780,71,CDS
45483,14349232,14349639,407,CDS
45484,14352077,14352619,542,gene
45485,14352077,14352345,268,mRNA
45486,14352398,14352619,221,mRNA
45487,14352156,14352345,189,CDS
45488,14352398,14352603,205,CDS
45489,14352594,14355085,2491,gene
45490,14354932,14355085,153,mRNA
45491,14354472,14354873,401,mRNA
45492,14353697,14354418,721,mRNA
45493,14352594,14353636,1042,mRNA
45494,14354932,14354997,65,CDS
45495,14354472,14354873,401,CDS
45496,14353697,14354418,721,CDS
45497,14352661,14353636,975,CDS
45498,14355145,14358764,3619,gene
45499,14355145,14355473,328,mRNA
45500,14357341,14357454,113,mRNA
45501,14357520,14357700,180,mRNA
45502,14357755,14357937,182,mRNA
45503,14358006,14358345,339,mRNA
45504,14355468,14356878,1410,gene
45505,14356273,14356878,605,ncRNA
45506,14355468,14355675,207,ncRNA
45507,14357041,14357271,230,mRNA
45508,14357341,14357454,113,mRNA
45509,14357520,14357700,180,mRNA
45510,14357755,14357937,182,mRNA
45511,14358006,14358764,758,mRNA
45512,14357208,14357271,63,CDS
45513,14357341,14357454,113,CDS
45514,14357520,14357700,180,CDS
45515,14357755,14357937,182,CDS
45516,14358006,14358183,177,CDS
45517,14357281,14357454,173,mRNA
45518,14357520,14357700,180,mRNA
45519,14357755,14357937,182,mRNA
45520,14358006,14358345,339,mRNA
45521,14357349,14357454,105,CDS
45522,14357520,14357700,180,CDS
45523,14357755,14357937,182,CDS
45524,14358006,14358183,177,CDS
45525,14357349,14357454,105,CDS
45526,14357520,14357700,180,CDS
45527,14357755,14357937,182,CDS
45528,14358006,14358183,177,CDS
45529,14359252,14361411,2159,gene
45530,14359252,14361411,2159,mRNA
45531,14359285,14361303,2018,gene
45532,14360708,14361303,595,ncRNA
45533,14359285,14360641,1356,ncRNA
45534,14359285,14361303,2018,ncRNA
45535,14359380,14361278,1898,CDS
45536,14362069,14366840,4771,gene
45537,14362069,14362186,117,mRNA
45538,14362246,14362295,49,mRNA
45539,14362356,14363140,784,mRNA
45540,14363206,14364293,1087,mRNA
45541,14364373,14364605,232,mRNA
45542,14364682,14366840,2158,mRNA
45543,14362069,14362186,117,mRNA
45544,14362246,14362295,49,mRNA
45545,14362356,14363140,784,mRNA
45546,14363206,14364293,1087,mRNA
45547,14364373,14364605,232,mRNA
45548,14364682,14365237,555,mRNA
45549,14365629,14366840,1211,mRNA
45550,14362069,14362186,117,mRNA
45551,14362246,14362295,49,mRNA
45552,14362356,14363140,784,mRNA
45553,14363206,14364293,1087,mRNA
45554,14364373,14364605,232,mRNA
45555,14364682,14365237,555,mRNA
45556,14365629,14365699,70,mRNA
45557,14362069,14362186,117,mRNA
45558,14362246,14362295,49,mRNA
45559,14362356,14363140,784,mRNA
45560,14363206,14364293,1087,mRNA
45561,14364373,14364605,232,mRNA
45562,14364682,14365568,886,mRNA
45563,14362138,14362186,48,CDS
45564,14362246,14362295,49,CDS
45565,14362356,14363140,784,CDS
45566,14363206,14364293,1087,CDS
45567,14364373,14364605,232,CDS
45568,14364682,14365230,548,CDS
45569,14362138,14362186,48,CDS
45570,14362246,14362295,49,CDS
45571,14362356,14363140,784,CDS
45572,14363206,14364293,1087,CDS
45573,14364373,14364605,232,CDS
45574,14364682,14365230,548,CDS
45575,14362138,14362186,48,CDS
45576,14362246,14362295,49,CDS
45577,14362356,14363140,784,CDS
45578,14363206,14364293,1087,CDS
45579,14364373,14364605,232,CDS
45580,14364682,14365230,548,CDS
45581,14362138,14362186,48,CDS
45582,14362246,14362295,49,CDS
45583,14362356,14363140,784,CDS
45584,14363206,14364293,1087,CDS
45585,14364373,14364605,232,CDS
45586,14364682,14365230,548,CDS
45587,14377133,14377236,103,mobile_element
45588,14378218,14381172,2954,gene
45589,14380863,14381172,309,mRNA
45590,14380542,14380805,263,mRNA
45591,14379847,14380357,510,mRNA
45592,14379652,14379791,139,mRNA
45593,14379455,14379585,130,mRNA
45594,14379155,14379395,240,mRNA
45595,14378218,14379082,864,mRNA
45596,14380863,14381134,271,CDS
45597,14380542,14380805,263,CDS
45598,14379847,14380357,510,CDS
45599,14379652,14379791,139,CDS
45600,14379455,14379585,130,CDS
45601,14379155,14379395,240,CDS
45602,14378821,14379082,261,CDS
45603,14390628,14409549,18921,gene
45604,14408368,14409549,1181,mRNA
45605,14392230,14393058,828,mRNA
45606,14390628,14391939,1311,mRNA
45607,14408368,14409549,1181,mRNA
45608,14392230,14393061,831,mRNA
45609,14390628,14391939,1311,mRNA
45610,14408368,14408436,68,CDS
45611,14392230,14393058,828,CDS
45612,14391179,14391939,760,CDS
45613,14408368,14408436,68,CDS
45614,14392230,14393061,831,CDS
45615,14391179,14391939,760,CDS
45616,14409755,14410045,290,gene
45617,14409755,14410045,290,ncRNA
45618,14416729,14417331,602,gene
45619,14417064,14417331,267,mRNA
45620,14416729,14417005,276,mRNA
45621,14417064,14417318,254,CDS
45622,14416835,14417005,170,CDS
45623,14424315,14425189,874,gene
45624,14425120,14425189,69,mRNA
45625,14424315,14425057,742,mRNA
45626,14425120,14425131,11,CDS
45627,14424413,14425057,644,CDS
45628,14428612,14430822,2210,gene
45629,14428612,14430822,2210,ncRNA
45630,14448409,14449009,600,gene
45631,14448409,14449009,600,ncRNA
45632,14450282,14450922,640,gene
45633,14450282,14450922,640,mRNA
45634,14450480,14450860,380,CDS
45635,14457113,14457338,225,gene
45636,14457113,14457338,225,ncRNA
45637,14465640,14469047,3407,mobile_element
45638,14466054,14467488,1434,mobile_element
45639,14486040,14486752,712,gene
45640,14486040,14486752,712,ncRNA
45641,14490859,14494019,3160,gene
45642,14490859,14491335,476,mRNA
45643,14491638,14494019,2381,mRNA
45644,14490859,14491335,476,mRNA
45645,14491638,14493833,2195,mRNA
45646,14491246,14491335,89,CDS
45647,14491638,14493161,1523,CDS
45648,14491246,14491335,89,CDS
45649,14491638,14493161,1523,CDS
45650,14495878,14495949,71,gene
45651,14495878,14495949,71,tRNA
45652,14496997,14498116,1119,gene
45653,14496997,14498116,1119,ncRNA
45654,14500576,14500603,27,mobile_element
45655,14509913,14512083,2170,gene
45656,14509913,14512083,2170,ncRNA
45657,14518091,14518161,70,gene
45658,14518091,14518161,70,tRNA
45659,14518307,14518377,70,gene
45660,14518307,14518377,70,tRNA
45661,14518621,14518691,70,gene
45662,14518621,14518691,70,tRNA
45663,14524312,14525656,1344,gene
45664,14524312,14524573,261,mRNA
45665,14525043,14525186,143,mRNA
45666,14525243,14525413,170,mRNA
45667,14525470,14525656,186,mRNA
45668,14524511,14524573,62,CDS
45669,14525043,14525186,143,CDS
45670,14525243,14525413,170,CDS
45671,14525470,14525625,155,CDS
45672,14524805,14524991,186,mRNA
45673,14525043,14525186,143,mRNA
45674,14525243,14525413,170,mRNA
45675,14525470,14525656,186,mRNA
45676,14524926,14524991,65,CDS
45677,14525043,14525186,143,CDS
45678,14525243,14525413,170,CDS
45679,14525470,14525625,155,CDS
45680,14530546,14530616,70,gene
45681,14530546,14530616,70,tRNA
45682,14530854,14530924,70,gene
45683,14530854,14530924,70,tRNA
45684,14532484,14533471,987,gene
45685,14532484,14533471,987,ncRNA
45686,14547498,14549109,1611,gene
45687,14548651,14549109,458,mRNA
45688,14547867,14548254,387,mRNA
45689,14547498,14547795,297,mRNA
45690,14548651,14549109,458,mRNA
45691,14547867,14548254,387,mRNA
45692,14547529,14547795,266,mRNA
45693,14548651,14549109,458,mRNA
45694,14547867,14548254,387,mRNA
45695,14547529,14547812,283,mRNA
45696,14548651,14548953,302,CDS
45697,14547867,14548254,387,CDS
45698,14547641,14547795,154,CDS
45699,14548651,14548953,302,CDS
45700,14547867,14548254,387,CDS
45701,14547641,14547795,154,CDS
45702,14548651,14548953,302,CDS
45703,14547867,14548254,387,CDS
45704,14547796,14547812,16,CDS
45705,14548651,14549109,458,mRNA
45706,14548415,14548585,170,mRNA
45707,14548651,14548953,302,CDS
45708,14548565,14548585,20,CDS
45709,14550395,14550960,565,gene
45710,14550395,14550960,565,ncRNA
45711,14557939,14558852,913,gene
45712,14558798,14558852,54,ncRNA
45713,14557939,14558426,487,ncRNA
45714,14560778,14561355,577,gene
45715,14560778,14561355,577,ncRNA
45716,14563015,14563726,711,gene
45717,14563015,14563726,711,mRNA
45718,14563074,14563726,652,mRNA
45719,14563124,14563579,455,CDS
45720,14563124,14563579,455,CDS
45721,14576473,14577097,624,gene
45722,14576473,14577097,624,ncRNA
45723,14587920,14588234,314,gene
45724,14588223,14588234,11,mRNA
45725,14587920,14588158,238,mRNA
45726,14588223,14588234,11,CDS
45727,14587988,14588158,170,CDS
45728,14598859,14598930,71,gene
45729,14598859,14598930,71,tRNA
45730,14599196,14689340,90144,gene
45731,14688466,14689340,874,mRNA
45732,14639743,14639769,26,mRNA
45733,14636079,14636159,80,mRNA
45734,14611851,14611916,65,mRNA
45735,14610684,14611260,576,mRNA
45736,14602591,14605244,2653,mRNA
45737,14602327,14602461,134,mRNA
45738,14602113,14602252,139,mRNA
45739,14601851,14602000,149,mRNA
45740,14601687,14601798,111,mRNA
45741,14601132,14601480,348,mRNA
45742,14599196,14600875,1679,mRNA
45743,14599396,14599467,71,gene
45744,14599396,14599467,71,tRNA
45745,14599674,14599745,71,gene
45746,14599674,14599745,71,tRNA
45747,14688466,14689340,874,mRNA
45748,14636079,14636159,80,mRNA
45749,14611851,14611916,65,mRNA
45750,14610684,14611260,576,mRNA
45751,14602591,14605244,2653,mRNA
45752,14602327,14602461,134,mRNA
45753,14602113,14602252,139,mRNA
45754,14601851,14602000,149,mRNA
45755,14601687,14601798,111,mRNA
45756,14599776,14600875,1099,mRNA
45757,14688466,14689340,874,mRNA
45758,14636079,14636159,80,mRNA
45759,14611851,14611916,65,mRNA
45760,14610684,14611260,576,mRNA
45761,14602591,14605244,2653,mRNA
45762,14602327,14602461,134,mRNA
45763,14602113,14602252,139,mRNA
45764,14601851,14602000,149,mRNA
45765,14601687,14601798,111,mRNA
45766,14601132,14601480,348,mRNA
45767,14599776,14600875,1099,mRNA
45768,14688466,14689340,874,mRNA
45769,14639743,14639769,26,mRNA
45770,14636079,14636159,80,mRNA
45771,14611851,14611916,65,mRNA
45772,14610684,14611260,576,mRNA
45773,14602591,14605244,2653,mRNA
45774,14602327,14602461,134,mRNA
45775,14602113,14602252,139,mRNA
45776,14601851,14602000,149,mRNA
45777,14601687,14601798,111,mRNA
45778,14599776,14600875,1099,mRNA
45779,14688466,14688678,212,CDS
45780,14636079,14636159,80,CDS
45781,14611851,14611916,65,CDS
45782,14610684,14611260,576,CDS
45783,14602591,14605244,2653,CDS
45784,14602327,14602461,134,CDS
45785,14602113,14602252,139,CDS
45786,14601851,14602000,149,CDS
45787,14601687,14601798,111,CDS
45788,14601132,14601480,348,CDS
45789,14600679,14600875,196,CDS
45790,14688466,14688678,212,CDS
45791,14639743,14639769,26,CDS
45792,14636079,14636159,80,CDS
45793,14611851,14611916,65,CDS
45794,14610684,14611260,576,CDS
45795,14602591,14605244,2653,CDS
45796,14602327,14602461,134,CDS
45797,14602113,14602252,139,CDS
45798,14601851,14602000,149,CDS
45799,14601687,14601798,111,CDS
45800,14601132,14601480,348,CDS
45801,14600679,14600875,196,CDS
45802,14688466,14688678,212,CDS
45803,14636079,14636159,80,CDS
45804,14611851,14611916,65,CDS
45805,14610684,14611260,576,CDS
45806,14602591,14605244,2653,CDS
45807,14602327,14602461,134,CDS
45808,14602113,14602252,139,CDS
45809,14601851,14602000,149,CDS
45810,14601687,14601798,111,CDS
45811,14600870,14600875,5,CDS
45812,14688466,14688678,212,CDS
45813,14639743,14639769,26,CDS
45814,14636079,14636159,80,CDS
45815,14611851,14611916,65,CDS
45816,14610684,14611260,576,CDS
45817,14602591,14605244,2653,CDS
45818,14602327,14602461,134,CDS
45819,14602113,14602252,139,CDS
45820,14601851,14602000,149,CDS
45821,14601687,14601798,111,CDS
45822,14600870,14600875,5,CDS
45823,14613258,14613621,363,gene
45824,14613258,14613621,363,ncRNA
45825,14615552,14618902,3350,gene
45826,14615552,14618902,3350,gene
45827,14615552,14615643,91,mRNA
45828,14616303,14616437,134,mRNA
45829,14616503,14616907,404,mRNA
45830,14616978,14617643,665,mRNA
45831,14618070,14618474,404,mRNA
45832,14618526,14618902,376,mRNA
45833,14615552,14615643,91,mRNA
45834,14616303,14616437,134,mRNA
45835,14616503,14616907,404,mRNA
45836,14616978,14617643,665,mRNA
45837,14618070,14618474,404,mRNA
45838,14618526,14618902,376,mRNA
45839,14615552,14615643,91,mRNA
45840,14616129,14616437,308,mRNA
45841,14616503,14616907,404,mRNA
45842,14616978,14617402,424,mRNA
45843,14615552,14615643,91,mRNA
45844,14616303,14616437,134,mRNA
45845,14616503,14616907,404,mRNA
45846,14616978,14617402,424,mRNA
45847,14616267,14616437,170,mRNA
45848,14616503,14616907,404,mRNA
45849,14616978,14617643,665,mRNA
45850,14618070,14618474,404,mRNA
45851,14618526,14618902,376,mRNA
45852,14616267,14616437,170,mRNA
45853,14616503,14616907,404,mRNA
45854,14616978,14617643,665,mRNA
45855,14618070,14618474,404,mRNA
45856,14618526,14618902,376,mRNA
45857,14616267,14616437,170,mRNA
45858,14616503,14616907,404,mRNA
45859,14616978,14617402,424,mRNA
45860,14616339,14616437,98,CDS
45861,14616503,14616907,404,CDS
45862,14616978,14617244,266,CDS
45863,14616339,14616437,98,CDS
45864,14616503,14616907,404,CDS
45865,14616978,14617244,266,CDS
45866,14616339,14616437,98,CDS
45867,14616503,14616907,404,CDS
45868,14616978,14617244,266,CDS
45869,14616339,14616437,98,CDS
45870,14616503,14616907,404,CDS
45871,14616978,14617244,266,CDS
45872,14616339,14616437,98,CDS
45873,14616503,14616907,404,CDS
45874,14616978,14617244,266,CDS
45875,14617511,14617643,132,mRNA
45876,14618070,14618474,404,mRNA
45877,14618526,14618902,376,mRNA
45878,14617548,14617643,95,CDS
45879,14618070,14618474,404,CDS
45880,14618526,14618843,317,CDS
45881,14617548,14617643,95,CDS
45882,14618070,14618474,404,CDS
45883,14618526,14618843,317,CDS
45884,14617548,14617643,95,CDS
45885,14618070,14618474,404,CDS
45886,14618526,14618843,317,CDS
45887,14618937,14619298,361,mobile_element
45888,14642626,14651730,9104,mobile_element
45889,14695333,14695406,73,mobile_element
45890,14712471,14713298,827,gene
45891,14712471,14712586,115,mRNA
45892,14712643,14712753,110,mRNA
45893,14712825,14713118,293,mRNA
45894,14712665,14712753,88,mRNA
45895,14712825,14713298,473,mRNA
45896,14712665,14712753,88,mRNA
45897,14712825,14713118,293,mRNA
45898,14712742,14712753,11,CDS
45899,14712825,14713052,227,CDS
45900,14712742,14712753,11,CDS
45901,14712825,14713052,227,CDS
45902,14712742,14712753,11,CDS
45903,14712825,14713052,227,CDS
45904,14713750,14714526,776,gene
45905,14713750,14713840,90,mRNA
45906,14713932,14714526,594,mRNA
45907,14713750,14713840,90,mRNA
45908,14713932,14714355,423,mRNA
45909,14713829,14713840,11,CDS
45910,14713932,14714219,287,CDS
45911,14713829,14713840,11,CDS
45912,14713932,14714219,287,CDS
45913,14724617,14730177,5560,gene
45914,14728750,14730177,1427,mRNA
45915,14728517,14728662,145,mRNA
45916,14728244,14728457,213,mRNA
45917,14726720,14728029,1309,mRNA
45918,14724617,14726520,1903,mRNA
45919,14728750,14730046,1296,CDS
45920,14728517,14728662,145,CDS
45921,14728244,14728457,213,CDS
45922,14726720,14728029,1309,CDS
45923,14724658,14726520,1862,CDS
45924,14732561,14733008,447,gene
45925,14732561,14733008,447,ncRNA
45926,14735843,14737067,1224,gene
45927,14735843,14737067,1224,mRNA
45928,14735951,14737000,1049,CDS
45929,14737090,14737769,679,gene
45930,14737719,14737769,50,mRNA
45931,14737090,14737651,561,mRNA
45932,14737719,14737769,50,mRNA
45933,14737332,14737651,319,mRNA
45934,14737719,14737730,11,CDS
45935,14737394,14737651,257,CDS
45936,14737719,14737730,11,CDS
45937,14737394,14737651,257,CDS
45938,14738268,14738313,45,mobile_element
45939,14739914,14741138,1224,gene
45940,14739914,14741138,1224,mRNA
45941,14740022,14741071,1049,CDS
45942,14741161,14741840,679,gene
45943,14741790,14741840,50,mRNA
45944,14741161,14741722,561,mRNA
45945,14741790,14741840,50,mRNA
45946,14741403,14741722,319,mRNA
45947,14741790,14741801,11,CDS
45948,14741465,14741722,257,CDS
45949,14741790,14741801,11,CDS
45950,14741465,14741722,257,CDS
45951,14743193,14743879,686,gene
45952,14743193,14743307,114,mRNA
45953,14743382,14743879,497,mRNA
45954,14743252,14743307,55,mRNA
45955,14743382,14743807,425,mRNA
45956,14743252,14743307,55,mRNA
45957,14743382,14743725,343,mRNA
45958,14743252,14743307,55,mRNA
45959,14743382,14743663,281,mRNA
45960,14743296,14743307,11,CDS
45961,14743382,14743618,236,CDS
45962,14743296,14743307,11,CDS
45963,14743382,14743618,236,CDS
45964,14743296,14743307,11,CDS
45965,14743382,14743618,236,CDS
45966,14743296,14743307,11,CDS
45967,14743382,14743618,236,CDS
45968,14743941,14744048,107,mobile_element
45969,14744421,14744817,396,gene
45970,14744421,14744446,25,mRNA
45971,14744500,14744817,317,mRNA
45972,14744435,14744446,11,CDS
45973,14744500,14744817,317,CDS
45974,14744845,14745210,365,gene
45975,14745168,14745210,42,mRNA
45976,14744845,14745080,235,mRNA
45977,14745168,14745185,17,CDS
45978,14744949,14745080,131,CDS
45979,14745329,14745538,209,gene
45980,14745329,14745538,209,ncRNA
45981,14745871,14746176,305,gene
45982,14745871,14746176,305,ncRNA
45983,14746807,14747080,273,gene
45984,14746807,14747080,273,exon
45985,14760767,14761924,1157,gene
45986,14760767,14761924,1157,mRNA
45987,14760971,14761759,788,CDS
45988,14761972,14762691,719,gene
45989,14761972,14762691,719,ncRNA
45990,14762765,14764065,1300,gene
45991,14762765,14764065,1300,mRNA
45992,14762861,14763955,1094,CDS
45993,14765908,14767225,1317,gene
45994,14765908,14767225,1317,mRNA
45995,14766007,14767161,1154,CDS
45996,14773814,14774981,1167,gene
45997,14774784,14774981,197,mRNA
45998,14774682,14774727,45,mRNA
45999,14774464,14774619,155,mRNA
46000,14773814,14774372,558,mRNA
46001,14774784,14774981,197,mRNA
46002,14774682,14774727,45,mRNA
46003,14774464,14774624,160,mRNA
46004,14773814,14774372,558,mRNA
46005,14774784,14774976,192,CDS
46006,14774682,14774727,45,CDS
46007,14774464,14774624,160,CDS
46008,14773873,14774372,499,CDS
46009,14774784,14774976,192,CDS
46010,14774682,14774727,45,CDS
46011,14774589,14774619,30,CDS
46012,14781715,14783110,1395,gene
46013,14781715,14782478,763,exon
46014,14782555,14782733,178,exon
46015,14782785,14782830,45,exon
46016,14782891,14783110,219,exon
46017,14783301,14784598,1297,gene
46018,14784352,14784598,246,mRNA
46019,14784229,14784274,45,mRNA
46020,14783990,14784165,175,mRNA
46021,14783301,14783934,633,mRNA
46022,14784352,14784586,234,CDS
46023,14784229,14784274,45,CDS
46024,14783990,14784165,175,CDS
46025,14783342,14783934,592,CDS
46026,14794516,14796642,2126,gene
46027,14796309,14796642,333,mRNA
46028,14796152,14796197,45,mRNA
46029,14795933,14796084,151,mRNA
46030,14794516,14795840,1324,mRNA
46031,14796309,14796537,228,CDS
46032,14796152,14796197,45,CDS
46033,14795933,14796084,151,CDS
46034,14795368,14795840,472,CDS
46035,14802334,14803293,959,gene
46036,14802334,14802971,637,mRNA
46037,14803023,14803293,270,mRNA
46038,14802438,14802971,533,CDS
46039,14803023,14803067,44,CDS
46040,14803935,14809079,5144,mobile_element
46041,14810761,14812599,1838,gene
46042,14810761,14810812,51,mRNA
46043,14810873,14812599,1726,mRNA
46044,14810807,14810812,5,CDS
46045,14810873,14812585,1712,CDS
46046,14840434,14842209,1775,gene
46047,14841799,14842209,410,ncRNA
46048,14840434,14841729,1295,ncRNA
46049,14841799,14842209,410,ncRNA
46050,14841481,14841729,248,ncRNA
46051,14842358,14843108,750,gene
46052,14842358,14842450,92,mRNA
46053,14842533,14843108,575,mRNA
46054,14842387,14842450,63,CDS
46055,14842533,14843101,568,CDS
46056,14844993,14851749,6756,gene
46057,14851282,14851749,467,mRNA
46058,14849039,14849141,102,mRNA
46059,14848674,14848977,303,mRNA
46060,14846790,14847057,267,mRNA
46061,14845753,14846494,741,mRNA
46062,14845417,14845693,276,mRNA
46063,14844993,14845361,368,mRNA
46064,14851282,14851749,467,mRNA
46065,14849039,14849141,102,mRNA
46066,14848674,14848977,303,mRNA
46067,14848005,14848254,249,mRNA
46068,14845753,14846494,741,mRNA
46069,14845417,14845693,276,mRNA
46070,14844993,14845361,368,mRNA
46071,14849039,14849188,149,mRNA
46072,14848674,14848977,303,mRNA
46073,14846790,14847057,267,mRNA
46074,14845753,14846494,741,mRNA
46075,14845417,14845693,276,mRNA
46076,14844993,14845361,368,mRNA
46077,14849039,14849122,83,CDS
46078,14848674,14848977,303,CDS
46079,14846790,14847057,267,CDS
46080,14845753,14846494,741,CDS
46081,14845417,14845693,276,CDS
46082,14845117,14845361,244,CDS
46083,14849039,14849122,83,CDS
46084,14848674,14848977,303,CDS
46085,14846790,14847057,267,CDS
46086,14845753,14846494,741,CDS
46087,14845417,14845693,276,CDS
46088,14845117,14845361,244,CDS
46089,14849039,14849122,83,CDS
46090,14848674,14848977,303,CDS
46091,14848005,14848254,249,CDS
46092,14845753,14846494,741,CDS
46093,14845417,14845693,276,CDS
46094,14845117,14845361,244,CDS
46095,14870371,14872022,1651,gene
46096,14871820,14872022,202,mRNA
46097,14871553,14871766,213,mRNA
46098,14871183,14871486,303,mRNA
46099,14870826,14871131,305,mRNA
46100,14870371,14870765,394,mRNA
46101,14871820,14872022,202,mRNA
46102,14871553,14871766,213,mRNA
46103,14871183,14871486,303,mRNA
46104,14870801,14871131,330,mRNA
46105,14871820,14871957,137,CDS
46106,14871553,14871766,213,CDS
46107,14871183,14871486,303,CDS
46108,14870969,14871131,162,CDS
46109,14871820,14871957,137,CDS
46110,14871553,14871766,213,CDS
46111,14871183,14871486,303,CDS
46112,14870969,14871131,162,CDS
46113,14874376,14876333,1957,gene
46114,14876156,14876333,177,mRNA
46115,14876002,14876098,96,mRNA
46116,14875757,14875947,190,mRNA
46117,14875506,14875697,191,mRNA
46118,14874376,14875431,1055,mRNA
46119,14876156,14876333,177,mRNA
46120,14876002,14876098,96,mRNA
46121,14875757,14875947,190,mRNA
46122,14875506,14875697,191,mRNA
46123,14875114,14875436,322,mRNA
46124,14876156,14876333,177,mRNA
46125,14876002,14876098,96,mRNA
46126,14875757,14875947,190,mRNA
46127,14875506,14875697,191,mRNA
46128,14875114,14875450,336,mRNA
46129,14876002,14876068,66,CDS
46130,14875757,14875947,190,CDS
46131,14875506,14875697,191,CDS
46132,14875399,14875431,32,CDS
46133,14876002,14876068,66,CDS
46134,14875757,14875947,190,CDS
46135,14875506,14875697,191,CDS
46136,14875406,14875450,44,CDS
46137,14876002,14876068,66,CDS
46138,14875757,14875947,190,CDS
46139,14875506,14875697,191,CDS
46140,14875413,14875436,23,CDS
46141,14876832,14877136,304,gene
46142,14876832,14877136,304,ncRNA
46143,14879050,14881652,2602,gene
46144,14881511,14881652,141,mRNA
46145,14879238,14879639,401,mRNA
46146,14879050,14879188,138,mRNA
46147,14881511,14881612,101,mRNA
46148,14879238,14879639,401,mRNA
46149,14879050,14879188,138,mRNA
46150,14879238,14879618,380,CDS
46151,14879129,14879188,59,CDS
46152,14879238,14879618,380,CDS
46153,14879129,14879188,59,CDS
46154,14882101,14883721,1620,gene
46155,14883602,14883721,119,mRNA
46156,14882307,14882708,401,mRNA
46157,14882101,14882257,156,mRNA
46158,14882307,14882687,380,CDS
46159,14882204,14882257,53,CDS
46160,14884909,14885040,131,mobile_element
46161,14885105,14885411,306,gene
46162,14885105,14885411,306,ncRNA
46163,14890023,14890375,352,mobile_element
46164,14907489,14972300,64811,gene
46165,14971543,14972300,757,mRNA
46166,14962893,14963359,466,mRNA
46167,14941518,14941644,126,mRNA
46168,14938911,14939028,117,mRNA
46169,14936731,14936815,84,mRNA
46170,14936506,14936619,113,mRNA
46171,14935887,14936090,203,mRNA
46172,14934869,14935014,145,mRNA
46173,14932514,14932658,144,mRNA
46174,14922949,14923079,130,mRNA
46175,14921938,14922097,159,mRNA
46176,14919168,14919270,102,mRNA
46177,14917373,14917484,111,mRNA
46178,14917139,14917220,81,mRNA
46179,14916100,14916241,141,mRNA
46180,14914268,14914449,181,mRNA
46181,14913146,14913333,187,mRNA
46182,14912873,14912981,108,mRNA
46183,14911971,14912212,241,mRNA
46184,14907489,14909171,1682,mRNA
46185,14971543,14972300,757,mRNA
46186,14962893,14963359,466,mRNA
46187,14941518,14941644,126,mRNA
46188,14938911,14939028,117,mRNA
46189,14936731,14936815,84,mRNA
46190,14936506,14936619,113,mRNA
46191,14935887,14936090,203,mRNA
46192,14934869,14935014,145,mRNA
46193,14932514,14932658,144,mRNA
46194,14922949,14923079,130,mRNA
46195,14921938,14922097,159,mRNA
46196,14919168,14919270,102,mRNA
46197,14917373,14917484,111,mRNA
46198,14917139,14917220,81,mRNA
46199,14916100,14916241,141,mRNA
46200,14914268,14914449,181,mRNA
46201,14913146,14913333,187,mRNA
46202,14912873,14912981,108,mRNA
46203,14911971,14912212,241,mRNA
46204,14907573,14909171,1598,mRNA
46205,14962893,14963046,153,CDS
46206,14941518,14941644,126,CDS
46207,14938911,14939028,117,CDS
46208,14936731,14936815,84,CDS
46209,14936506,14936619,113,CDS
46210,14935887,14936090,203,CDS
46211,14934869,14935014,145,CDS
46212,14932514,14932658,144,CDS
46213,14922949,14923079,130,CDS
46214,14921938,14922097,159,CDS
46215,14919168,14919270,102,CDS
46216,14917373,14917484,111,CDS
46217,14917139,14917220,81,CDS
46218,14916100,14916241,141,CDS
46219,14914268,14914449,181,CDS
46220,14913146,14913333,187,CDS
46221,14912873,14912981,108,CDS
46222,14911971,14912212,241,CDS
46223,14908521,14909171,650,CDS
46224,14962893,14963046,153,CDS
46225,14941518,14941644,126,CDS
46226,14938911,14939028,117,CDS
46227,14936731,14936815,84,CDS
46228,14936506,14936619,113,CDS
46229,14935887,14936090,203,CDS
46230,14934869,14935014,145,CDS
46231,14932514,14932658,144,CDS
46232,14922949,14923079,130,CDS
46233,14921938,14922097,159,CDS
46234,14919168,14919270,102,CDS
46235,14917373,14917484,111,CDS
46236,14917139,14917220,81,CDS
46237,14916100,14916241,141,CDS
46238,14914268,14914449,181,CDS
46239,14913146,14913333,187,CDS
46240,14912873,14912981,108,CDS
46241,14911971,14912212,241,CDS
46242,14908521,14909171,650,CDS
46243,14924590,14930565,5975,gene
46244,14924590,14928419,3829,mRNA
46245,14928480,14929659,1179,mRNA
46246,14929716,14930565,849,mRNA
46247,14924735,14928419,3684,CDS
46248,14928480,14929659,1179,CDS
46249,14929716,14930256,540,CDS
46250,14974468,14975001,533,gene
46251,14974468,14975001,533,ncRNA
46252,14975747,14997559,21812,gene
46253,14997516,14997559,43,mRNA
46254,14992307,14992506,199,mRNA
46255,14984196,14984253,57,mRNA
46256,14983950,14984084,134,mRNA
46257,14977215,14977646,431,mRNA
46258,14976492,14977083,591,mRNA
46259,14975747,14976358,611,mRNA
46260,14997516,14997559,43,mRNA
46261,14993899,14994035,136,mRNA
46262,14992307,14992506,199,mRNA
46263,14977215,14977646,431,mRNA
46264,14976492,14977083,591,mRNA
46265,14975747,14976358,611,mRNA
46266,14997516,14997559,43,mRNA
46267,14993899,14994035,136,mRNA
46268,14992307,14992506,199,mRNA
46269,14984196,14984253,57,mRNA
46270,14983950,14984084,134,mRNA
46271,14977215,14977646,431,mRNA
46272,14976492,14977083,591,mRNA
46273,14975747,14976358,611,mRNA
46274,14997271,14997559,288,mRNA
46275,14993899,14994035,136,mRNA
46276,14992307,14992506,199,mRNA
46277,14984196,14984253,57,mRNA
46278,14983950,14984084,134,mRNA
46279,14977215,14977646,431,mRNA
46280,14976492,14977083,591,mRNA
46281,14975747,14976358,611,mRNA
46282,14996714,14997559,845,mRNA
46283,14993899,14994035,136,mRNA
46284,14992307,14992506,199,mRNA
46285,14984196,14984253,57,mRNA
46286,14983950,14984084,134,mRNA
46287,14977215,14977646,431,mRNA
46288,14976492,14977083,591,mRNA
46289,14975747,14976358,611,mRNA
46290,14992307,14992471,164,CDS
46291,14984196,14984253,57,CDS
46292,14983950,14984084,134,CDS
46293,14977215,14977646,431,CDS
46294,14976492,14977083,591,CDS
46295,14976316,14976358,42,CDS
46296,14992307,14992471,164,CDS
46297,14984196,14984253,57,CDS
46298,14983950,14984084,134,CDS
46299,14977215,14977646,431,CDS
46300,14976492,14977083,591,CDS
46301,14976316,14976358,42,CDS
46302,14992307,14992471,164,CDS
46303,14984196,14984253,57,CDS
46304,14983950,14984084,134,CDS
46305,14977215,14977646,431,CDS
46306,14976492,14977083,591,CDS
46307,14976316,14976358,42,CDS
46308,14992307,14992471,164,CDS
46309,14984196,14984253,57,CDS
46310,14983950,14984084,134,CDS
46311,14977215,14977646,431,CDS
46312,14976492,14977083,591,CDS
46313,14976316,14976358,42,CDS
46314,14977215,14977572,357,CDS
46315,14976492,14977083,591,CDS
46316,14976316,14976358,42,CDS
46317,14984451,14991975,7524,mobile_element
46318,15004853,15005033,180,mobile_element
46319,15005733,15006607,874,gene
46320,15005733,15005872,139,mRNA
46321,15005961,15006260,299,mRNA
46322,15006318,15006607,289,mRNA
46323,15005825,15005872,47,CDS
46324,15005961,15006260,299,CDS
46325,15006318,15006539,221,CDS
46326,15006583,15007431,848,gene
46327,15007206,15007431,225,mRNA
46328,15006583,15007156,573,mRNA
46329,15007206,15007341,135,CDS
46330,15006645,15007156,511,CDS
46331,15007813,15008538,725,gene
46332,15007813,15008538,725,mRNA
46333,15007918,15008469,551,CDS
46334,15008489,15009724,1235,gene
46335,15009704,15009724,20,mRNA
46336,15009450,15009598,148,mRNA
46337,15008489,15009394,905,mRNA
46338,15009450,15009692,242,mRNA
46339,15008489,15009394,905,mRNA
46340,15009450,15009597,147,CDS
46341,15008682,15009394,712,CDS
46342,15009450,15009597,147,CDS
46343,15008682,15009394,712,CDS
46344,15009939,15011764,1825,gene
46345,15009939,15011218,1279,mRNA
46346,15011276,15011764,488,mRNA
46347,15010018,15011218,1200,CDS
46348,15011276,15011358,82,CDS
46349,15011815,15012667,852,gene
46350,15011815,15012667,852,ncRNA
46351,15016331,15034704,18373,gene
46352,15016331,15017396,1065,mRNA
46353,15021092,15021346,254,mRNA
46354,15025390,15025524,134,mRNA
46355,15025615,15025785,170,mRNA
46356,15025847,15026063,216,mRNA
46357,15026156,15026321,165,mRNA
46358,15026385,15026628,243,mRNA
46359,15026688,15026837,149,mRNA
46360,15029589,15029731,142,mRNA
46361,15029790,15029913,123,mRNA
46362,15029985,15030101,116,mRNA
46363,15030165,15030372,207,mRNA
46364,15030430,15030686,256,mRNA
46365,15030747,15030884,137,mRNA
46366,15032003,15032183,180,mRNA
46367,15032635,15034704,2069,mRNA
46368,15016331,15017396,1065,mRNA
46369,15021092,15021346,254,mRNA
46370,15025390,15025524,134,mRNA
46371,15025615,15025785,170,mRNA
46372,15025847,15026063,216,mRNA
46373,15026156,15026321,165,mRNA
46374,15026385,15026628,243,mRNA
46375,15026688,15026837,149,mRNA
46376,15029589,15029731,142,mRNA
46377,15029790,15029913,123,mRNA
46378,15029985,15030101,116,mRNA
46379,15030165,15030372,207,mRNA
46380,15030430,15030686,256,mRNA
46381,15030747,15030884,137,mRNA
46382,15032003,15032183,180,mRNA
46383,15032635,15033984,1349,mRNA
46384,15021095,15021346,251,CDS
46385,15025390,15025524,134,CDS
46386,15025615,15025785,170,CDS
46387,15025847,15026063,216,CDS
46388,15026156,15026321,165,CDS
46389,15026385,15026628,243,CDS
46390,15026688,15026837,149,CDS
46391,15029589,15029731,142,CDS
46392,15029790,15029913,123,CDS
46393,15029985,15030101,116,CDS
46394,15030165,15030372,207,CDS
46395,15030430,15030686,256,CDS
46396,15030747,15030884,137,CDS
46397,15032003,15032183,180,CDS
46398,15032635,15032657,22,CDS
46399,15021095,15021346,251,CDS
46400,15025390,15025524,134,CDS
46401,15025615,15025785,170,CDS
46402,15025847,15026063,216,CDS
46403,15026156,15026321,165,CDS
46404,15026385,15026628,243,CDS
46405,15026688,15026837,149,CDS
46406,15029589,15029731,142,CDS
46407,15029790,15029913,123,CDS
46408,15029985,15030101,116,CDS
46409,15030165,15030372,207,CDS
46410,15030430,15030686,256,CDS
46411,15030747,15030884,137,CDS
46412,15032003,15032183,180,CDS
46413,15032635,15032657,22,CDS
46414,15026882,15029513,2631,gene
46415,15026882,15029513,2631,mRNA
46416,15026882,15029512,2630,CDS
46417,15030928,15031750,822,gene
46418,15031161,15031750,589,mRNA
46419,15030928,15031099,171,mRNA
46420,15031161,15031720,559,CDS
46421,15030976,15031099,123,CDS
46422,15035394,15037841,2447,gene
46423,15035394,15035796,402,mRNA
46424,15036586,15036991,405,mRNA
46425,15037051,15037841,790,mRNA
46426,15035472,15035796,324,mRNA
46427,15036586,15036991,405,mRNA
46428,15037051,15037841,790,mRNA
46429,15035564,15035796,232,CDS
46430,15036586,15036991,405,CDS
46431,15037051,15037728,677,CDS
46432,15035564,15035796,232,CDS
46433,15036586,15036991,405,CDS
46434,15037051,15037728,677,CDS
46435,15036293,15038861,2568,gene
46436,15038640,15038861,221,mRNA
46437,15038054,15038550,496,mRNA
46438,15036575,15037985,1410,mRNA
46439,15036293,15036520,227,mRNA
46440,15038640,15038775,135,CDS
46441,15038054,15038550,496,CDS
46442,15037872,15037985,113,CDS
46443,15039488,15043334,3846,gene
46444,15039488,15040320,832,mRNA
46445,15041095,15041975,880,mRNA
46446,15042034,15042241,207,mRNA
46447,15042307,15043334,1027,mRNA
46448,15039488,15040320,832,mRNA
46449,15041095,15041975,880,mRNA
46450,15042034,15042241,207,mRNA
46451,15042307,15043017,710,mRNA
46452,15039937,15040320,383,CDS
46453,15041095,15041975,880,CDS
46454,15042034,15042241,207,CDS
46455,15042307,15042618,311,CDS
46456,15039937,15040320,383,CDS
46457,15041095,15041975,880,CDS
46458,15042034,15042241,207,CDS
46459,15042307,15042618,311,CDS
46460,15044963,15057862,12899,gene
46461,15057668,15057862,194,mRNA
46462,15053414,15053517,103,mRNA
46463,15052474,15052734,260,mRNA
46464,15051794,15052143,349,mRNA
46465,15051527,15051727,200,mRNA
46466,15049068,15051462,2394,mRNA
46467,15047561,15049011,1450,mRNA
46468,15046713,15047499,786,mRNA
46469,15046088,15046653,565,mRNA
46470,15045879,15046025,146,mRNA
46471,15045690,15045810,120,mRNA
46472,15044963,15045620,657,mRNA
46473,15057668,15057862,194,mRNA
46474,15053414,15053522,108,mRNA
46475,15052474,15052734,260,mRNA
46476,15051794,15052143,349,mRNA
46477,15051527,15051727,200,mRNA
46478,15049068,15051462,2394,mRNA
46479,15047561,15049011,1450,mRNA
46480,15046713,15047499,786,mRNA
46481,15046088,15046653,565,mRNA
46482,15045879,15046025,146,mRNA
46483,15045690,15045810,120,mRNA
46484,15044963,15045620,657,mRNA
46485,15057505,15057862,357,mRNA
46486,15053414,15053522,108,mRNA
46487,15052474,15052734,260,mRNA
46488,15051794,15052143,349,mRNA
46489,15051527,15051727,200,mRNA
46490,15049068,15051462,2394,mRNA
46491,15047561,15049011,1450,mRNA
46492,15046713,15047499,786,mRNA
46493,15046088,15046653,565,mRNA
46494,15045879,15046025,146,mRNA
46495,15045690,15045810,120,mRNA
46496,15044963,15045620,657,mRNA
46497,15057668,15057862,194,mRNA
46498,15053414,15053522,108,mRNA
46499,15052474,15052734,260,mRNA
46500,15051794,15052143,349,mRNA
46501,15051527,15051727,200,mRNA
46502,15049068,15051462,2394,mRNA
46503,15047561,15049011,1450,mRNA
46504,15046713,15047499,786,mRNA
46505,15046088,15046653,565,mRNA
46506,15045879,15046025,146,mRNA
46507,15045690,15045810,120,mRNA
46508,15045117,15045620,503,mRNA
46509,15053414,15053431,17,CDS
46510,15052474,15052734,260,CDS
46511,15051794,15052143,349,CDS
46512,15051527,15051727,200,CDS
46513,15049068,15051462,2394,CDS
46514,15047561,15049011,1450,CDS
46515,15046713,15047499,786,CDS
46516,15046088,15046653,565,CDS
46517,15045879,15046025,146,CDS
46518,15045690,15045810,120,CDS
46519,15045414,15045620,206,CDS
46520,15053414,15053431,17,CDS
46521,15052474,15052734,260,CDS
46522,15051794,15052143,349,CDS
46523,15051527,15051727,200,CDS
46524,15049068,15051462,2394,CDS
46525,15047561,15049011,1450,CDS
46526,15046713,15047499,786,CDS
46527,15046088,15046653,565,CDS
46528,15045879,15046025,146,CDS
46529,15045690,15045810,120,CDS
46530,15045414,15045620,206,CDS
46531,15053414,15053431,17,CDS
46532,15052474,15052734,260,CDS
46533,15051794,15052143,349,CDS
46534,15051527,15051727,200,CDS
46535,15049068,15051462,2394,CDS
46536,15047561,15049011,1450,CDS
46537,15046713,15047499,786,CDS
46538,15046088,15046653,565,CDS
46539,15045879,15046025,146,CDS
46540,15045690,15045810,120,CDS
46541,15045414,15045620,206,CDS
46542,15053414,15053431,17,CDS
46543,15052474,15052734,260,CDS
46544,15051794,15052143,349,CDS
46545,15051527,15051727,200,CDS
46546,15049068,15051462,2394,CDS
46547,15047561,15049011,1450,CDS
46548,15046713,15047499,786,CDS
46549,15046088,15046653,565,CDS
46550,15045879,15046025,146,CDS
46551,15045690,15045810,120,CDS
46552,15045414,15045620,206,CDS
46553,15058303,15059120,817,gene
46554,15058303,15058668,365,mRNA
46555,15058732,15059120,388,mRNA
46556,15058303,15058668,365,CDS
46557,15058732,15058887,155,CDS
46558,15058919,15060757,1838,gene
46559,15060433,15060757,324,mRNA
46560,15058919,15060366,1447,mRNA
46561,15060433,15060757,324,mRNA
46562,15059291,15060366,1075,mRNA
46563,15060433,15060498,65,CDS
46564,15059491,15060366,875,CDS
46565,15060433,15060498,65,CDS
46566,15059491,15060366,875,CDS
46567,15061656,15074311,12655,gene
46568,15061656,15061782,126,mRNA
46569,15068382,15068429,47,mRNA
46570,15068483,15068870,387,mRNA
46571,15072338,15072627,289,mRNA
46572,15072687,15073430,743,mRNA
46573,15073489,15073702,213,mRNA
46574,15073767,15074038,271,mRNA
46575,15074110,15074311,201,mRNA
46576,15061656,15061782,126,mRNA
46577,15068382,15068429,47,mRNA
46578,15068483,15068870,387,mRNA
46579,15072338,15072627,289,mRNA
46580,15072687,15073430,743,mRNA
46581,15073489,15073702,213,mRNA
46582,15073767,15074038,271,mRNA
46583,15074110,15074267,157,mRNA
46584,15061656,15061736,80,mRNA
46585,15068382,15068429,47,mRNA
46586,15068483,15068870,387,mRNA
46587,15072338,15072627,289,mRNA
46588,15072687,15073430,743,mRNA
46589,15073489,15073702,213,mRNA
46590,15073767,15074038,271,mRNA
46591,15074110,15074267,157,mRNA
46592,15061656,15072133,10477,gene
46593,15061656,15061782,126,mRNA
46594,15068382,15068429,47,mRNA
46595,15068483,15068870,387,mRNA
46596,15069034,15070096,1062,mRNA
46597,15070423,15072133,1710,mRNA
46598,15061656,15061736,80,mRNA
46599,15068382,15068429,47,mRNA
46600,15068483,15068870,387,mRNA
46601,15069034,15070096,1062,mRNA
46602,15070423,15072133,1710,mRNA
46603,15062931,15070316,7385,gene
46604,15070146,15070316,170,mRNA
46605,15066937,15067689,752,mRNA
46606,15065190,15065456,266,mRNA
46607,15062931,15064948,2017,mRNA
46608,15067953,15068078,125,mRNA
46609,15066937,15067689,752,mRNA
46610,15065190,15065456,266,mRNA
46611,15062931,15064948,2017,mRNA
46612,15067996,15068078,82,mRNA
46613,15066937,15067689,752,mRNA
46614,15065190,15065456,266,mRNA
46615,15064214,15064948,734,mRNA
46616,15067916,15068078,162,mRNA
46617,15066937,15067689,752,mRNA
46618,15065190,15065456,266,mRNA
46619,15064214,15064948,734,mRNA
46620,15066937,15067627,690,CDS
46621,15065190,15065456,266,CDS
46622,15064434,15064948,514,CDS
46623,15066937,15067627,690,CDS
46624,15065190,15065456,266,CDS
46625,15064434,15064948,514,CDS
46626,15066937,15067627,690,CDS
46627,15065190,15065456,266,CDS
46628,15064434,15064948,514,CDS
46629,15066937,15067627,690,CDS
46630,15065190,15065456,266,CDS
46631,15064434,15064948,514,CDS
46632,15068406,15068429,23,CDS
46633,15068483,15068870,387,CDS
46634,15072338,15072627,289,CDS
46635,15072687,15073430,743,CDS
46636,15073489,15073702,213,CDS
46637,15073767,15074038,271,CDS
46638,15074110,15074163,53,CDS
46639,15068406,15068429,23,CDS
46640,15068483,15068870,387,CDS
46641,15072338,15072627,289,CDS
46642,15072687,15073430,743,CDS
46643,15073489,15073702,213,CDS
46644,15073767,15074038,271,CDS
46645,15074110,15074163,53,CDS
46646,15068406,15068429,23,CDS
46647,15068483,15068870,387,CDS
46648,15072338,15072627,289,CDS
46649,15072687,15073430,743,CDS
46650,15073489,15073702,213,CDS
46651,15073767,15074038,271,CDS
46652,15074110,15074163,53,CDS
46653,15068406,15068429,23,CDS
46654,15068483,15068870,387,CDS
46655,15069034,15070096,1062,CDS
46656,15070423,15072043,1620,CDS
46657,15068406,15068429,23,CDS
46658,15068483,15068870,387,CDS
46659,15069034,15070096,1062,CDS
46660,15070423,15072043,1620,CDS
46661,15074776,15096915,22139,gene
46662,15074776,15075879,1103,mRNA
46663,15087040,15087292,252,mRNA
46664,15087385,15087755,370,mRNA
46665,15087917,15088209,292,mRNA
46666,15088275,15088430,155,mRNA
46667,15089045,15089110,65,mRNA
46668,15090899,15091034,135,mRNA
46669,15091099,15091229,130,mRNA
46670,15091295,15091576,281,mRNA
46671,15091643,15091972,329,mRNA
46672,15092123,15092485,362,mRNA
46673,15092550,15092641,91,mRNA
46674,15093419,15093683,264,mRNA
46675,15094679,15095177,498,mRNA
46676,15095298,15095443,145,mRNA
46677,15095502,15096915,1413,mRNA
46678,15074776,15075879,1103,mRNA
46679,15087040,15087292,252,mRNA
46680,15087385,15087755,370,mRNA
46681,15087917,15088209,292,mRNA
46682,15088275,15088430,155,mRNA
46683,15090899,15091034,135,mRNA
46684,15091099,15091229,130,mRNA
46685,15091295,15091576,281,mRNA
46686,15091643,15091972,329,mRNA
46687,15092123,15092485,362,mRNA
46688,15092550,15092641,91,mRNA
46689,15092899,15093036,137,mRNA
46690,15093419,15093683,264,mRNA
46691,15094134,15094232,98,mRNA
46692,15094679,15095177,498,mRNA
46693,15095298,15095443,145,mRNA
46694,15095502,15096915,1413,mRNA
46695,15074776,15075879,1103,mRNA
46696,15087040,15087292,252,mRNA
46697,15087385,15087755,370,mRNA
46698,15087917,15088209,292,mRNA
46699,15088275,15088430,155,mRNA
46700,15090899,15091034,135,mRNA
46701,15091099,15091229,130,mRNA
46702,15091295,15091576,281,mRNA
46703,15091643,15091972,329,mRNA
46704,15092123,15092485,362,mRNA
46705,15092550,15092641,91,mRNA
46706,15093419,15093683,264,mRNA
46707,15094679,15095177,498,mRNA
46708,15095298,15095443,145,mRNA
46709,15095502,15096915,1413,mRNA
46710,15074776,15074866,90,mRNA
46711,15075491,15075879,388,mRNA
46712,15087040,15087292,252,mRNA
46713,15087385,15087755,370,mRNA
46714,15087917,15088209,292,mRNA
46715,15088275,15088430,155,mRNA
46716,15089045,15089110,65,mRNA
46717,15090899,15091034,135,mRNA
46718,15091099,15091229,130,mRNA
46719,15091295,15091576,281,mRNA
46720,15091643,15091972,329,mRNA
46721,15092123,15092485,362,mRNA
46722,15092550,15092641,91,mRNA
46723,15093419,15093683,264,mRNA
46724,15094679,15095177,498,mRNA
46725,15095298,15095443,145,mRNA
46726,15095502,15096915,1413,mRNA
46727,15074776,15074866,90,mRNA
46728,15075491,15075879,388,mRNA
46729,15087040,15087292,252,mRNA
46730,15087385,15087755,370,mRNA
46731,15087917,15088209,292,mRNA
46732,15088275,15088430,155,mRNA
46733,15090899,15091034,135,mRNA
46734,15091099,15091229,130,mRNA
46735,15091295,15091576,281,mRNA
46736,15091643,15091972,329,mRNA
46737,15092123,15092485,362,mRNA
46738,15092550,15092641,91,mRNA
46739,15092899,15093036,137,mRNA
46740,15093419,15093683,264,mRNA
46741,15094679,15095177,498,mRNA
46742,15095298,15095443,145,mRNA
46743,15095502,15096915,1413,mRNA
46744,15074776,15074866,90,mRNA
46745,15075491,15075879,388,mRNA
46746,15087040,15087292,252,mRNA
46747,15087385,15087755,370,mRNA
46748,15087917,15088209,292,mRNA
46749,15088275,15088430,155,mRNA
46750,15090899,15091034,135,mRNA
46751,15091099,15091229,130,mRNA
46752,15091295,15091576,281,mRNA
46753,15091643,15091972,329,mRNA
46754,15092123,15092485,362,mRNA
46755,15092550,15092641,91,mRNA
46756,15093419,15093683,264,mRNA
46757,15094134,15094232,98,mRNA
46758,15094679,15095177,498,mRNA
46759,15095298,15095443,145,mRNA
46760,15095502,15096915,1413,mRNA
46761,15075645,15075879,234,CDS
46762,15087040,15087292,252,CDS
46763,15087385,15087755,370,CDS
46764,15087917,15088209,292,CDS
46765,15088275,15088430,155,CDS
46766,15089045,15089110,65,CDS
46767,15090899,15091034,135,CDS
46768,15091099,15091229,130,CDS
46769,15091295,15091576,281,CDS
46770,15091643,15091972,329,CDS
46771,15092123,15092485,362,CDS
46772,15092550,15092641,91,CDS
46773,15093419,15093683,264,CDS
46774,15094679,15095177,498,CDS
46775,15095298,15095443,145,CDS
46776,15095502,15095729,227,CDS
46777,15075645,15075879,234,CDS
46778,15087040,15087292,252,CDS
46779,15087385,15087755,370,CDS
46780,15087917,15088209,292,CDS
46781,15088275,15088430,155,CDS
46782,15089045,15089110,65,CDS
46783,15090899,15091034,135,CDS
46784,15091099,15091229,130,CDS
46785,15091295,15091576,281,CDS
46786,15091643,15091972,329,CDS
46787,15092123,15092485,362,CDS
46788,15092550,15092641,91,CDS
46789,15093419,15093683,264,CDS
46790,15094679,15095177,498,CDS
46791,15095298,15095443,145,CDS
46792,15095502,15095729,227,CDS
46793,15075645,15075879,234,CDS
46794,15087040,15087292,252,CDS
46795,15087385,15087755,370,CDS
46796,15087917,15088209,292,CDS
46797,15088275,15088430,155,CDS
46798,15090899,15091034,135,CDS
46799,15091099,15091229,130,CDS
46800,15091295,15091576,281,CDS
46801,15091643,15091972,329,CDS
46802,15092123,15092485,362,CDS
46803,15092550,15092641,91,CDS
46804,15092899,15093036,137,CDS
46805,15093419,15093683,264,CDS
46806,15094134,15094232,98,CDS
46807,15094679,15095177,498,CDS
46808,15095298,15095443,145,CDS
46809,15095502,15095729,227,CDS
46810,15075645,15075879,234,CDS
46811,15087040,15087292,252,CDS
46812,15087385,15087755,370,CDS
46813,15087917,15088209,292,CDS
46814,15088275,15088430,155,CDS
46815,15090899,15091034,135,CDS
46816,15091099,15091229,130,CDS
46817,15091295,15091576,281,CDS
46818,15091643,15091972,329,CDS
46819,15092123,15092485,362,CDS
46820,15092550,15092641,91,CDS
46821,15092899,15093036,137,CDS
46822,15093419,15093683,264,CDS
46823,15094679,15095177,498,CDS
46824,15095298,15095443,145,CDS
46825,15095502,15095729,227,CDS
46826,15075645,15075879,234,CDS
46827,15087040,15087292,252,CDS
46828,15087385,15087755,370,CDS
46829,15087917,15088209,292,CDS
46830,15088275,15088430,155,CDS
46831,15090899,15091034,135,CDS
46832,15091099,15091229,130,CDS
46833,15091295,15091576,281,CDS
46834,15091643,15091972,329,CDS
46835,15092123,15092485,362,CDS
46836,15092550,15092641,91,CDS
46837,15093419,15093683,264,CDS
46838,15094134,15094232,98,CDS
46839,15094679,15095177,498,CDS
46840,15095298,15095443,145,CDS
46841,15095502,15095729,227,CDS
46842,15075645,15075879,234,CDS
46843,15087040,15087292,252,CDS
46844,15087385,15087755,370,CDS
46845,15087917,15088209,292,CDS
46846,15088275,15088430,155,CDS
46847,15090899,15091034,135,CDS
46848,15091099,15091229,130,CDS
46849,15091295,15091576,281,CDS
46850,15091643,15091972,329,CDS
46851,15092123,15092485,362,CDS
46852,15092550,15092641,91,CDS
46853,15093419,15093683,264,CDS
46854,15094679,15095177,498,CDS
46855,15095298,15095443,145,CDS
46856,15095502,15095729,227,CDS
46857,15081483,15081541,58,mobile_element
46858,15109405,15113092,3687,gene
46859,15109405,15110526,1121,mRNA
46860,15112093,15113092,999,mRNA
46861,15109585,15110526,941,CDS
46862,15112093,15112914,821,CDS
46863,15113480,15118069,4589,gene
46864,15113480,15114234,754,mRNA
46865,15114300,15115753,1453,mRNA
46866,15116000,15117067,1067,mRNA
46867,15117140,15117491,351,mRNA
46868,15117554,15118069,515,mRNA
46869,15113480,15114234,754,mRNA
46870,15114312,15115753,1441,mRNA
46871,15116000,15117067,1067,mRNA
46872,15117140,15117491,351,mRNA
46873,15117554,15118069,515,mRNA
46874,15113480,15114213,733,mRNA
46875,15114300,15115753,1453,mRNA
46876,15116000,15117067,1067,mRNA
46877,15117140,15117491,351,mRNA
46878,15117554,15118069,515,mRNA
46879,15113480,15114213,733,mRNA
46880,15114312,15115753,1441,mRNA
46881,15116000,15117067,1067,mRNA
46882,15117140,15117491,351,mRNA
46883,15117554,15118069,515,mRNA
46884,15113890,15114234,344,CDS
46885,15114300,15115753,1453,CDS
46886,15116000,15117067,1067,CDS
46887,15117140,15117491,351,CDS
46888,15117554,15117655,101,CDS
46889,15113890,15114234,344,CDS
46890,15114312,15115753,1441,CDS
46891,15116000,15117067,1067,CDS
46892,15117140,15117491,351,CDS
46893,15117554,15117655,101,CDS
46894,15113890,15114213,323,CDS
46895,15114300,15115753,1453,CDS
46896,15116000,15117067,1067,CDS
46897,15117140,15117491,351,CDS
46898,15117554,15117655,101,CDS
46899,15113890,15114213,323,CDS
46900,15114312,15115753,1441,CDS
46901,15116000,15117067,1067,CDS
46902,15117140,15117491,351,CDS
46903,15117554,15117655,101,CDS
46904,15119783,15120819,1036,gene
46905,15119783,15119829,46,ncRNA
46906,15119880,15120819,939,ncRNA
46907,15128559,15128971,412,gene
46908,15128559,15128588,29,exon
46909,15128643,15128971,328,exon
46910,15129701,15130205,504,gene
46911,15129701,15130205,504,ncRNA
46912,15132306,15132389,83,gene
46913,15132306,15132389,83,tRNA
46914,15159508,15160126,618,gene
46915,15159508,15160126,618,ncRNA
46916,15160651,15161083,432,gene
46917,15160651,15161083,432,ncRNA
46918,15161882,15200459,38577,gene
46919,15200074,15200459,385,mRNA
46920,15178044,15178321,277,mRNA
46921,15171395,15171539,144,mRNA
46922,15167582,15167692,110,mRNA
46923,15164207,15167483,3276,mRNA
46924,15161882,15163764,1882,mRNA
46925,15200074,15200459,385,mRNA
46926,15178044,15178321,277,mRNA
46927,15171395,15171539,144,mRNA
46928,15167582,15167692,110,mRNA
46929,15164207,15167483,3276,mRNA
46930,15162122,15163764,1642,mRNA
46931,15178044,15178320,276,CDS
46932,15171395,15171539,144,CDS
46933,15167582,15167692,110,CDS
46934,15164207,15167483,3276,CDS
46935,15163582,15163764,182,CDS
46936,15178044,15178320,276,CDS
46937,15171395,15171539,144,CDS
46938,15167582,15167692,110,CDS
46939,15164207,15167483,3276,CDS
46940,15163582,15163764,182,CDS
46941,15201613,15202092,479,gene
46942,15202037,15202092,55,mRNA
46943,15201822,15201983,161,mRNA
46944,15201613,15201762,149,mRNA
46945,15202037,15202092,55,mRNA
46946,15201822,15201983,161,mRNA
46947,15201701,15201762,61,mRNA
46948,15202037,15202064,27,CDS
46949,15201822,15201983,161,CDS
46950,15201707,15201762,55,CDS
46951,15202037,15202064,27,CDS
46952,15201822,15201983,161,CDS
46953,15201707,15201762,55,CDS
46954,15202259,15203967,1708,gene
46955,15202259,15202328,69,ncRNA
46956,15203447,15203967,520,ncRNA
46957,15202259,15202328,69,ncRNA
46958,15203447,15203713,266,ncRNA
46959,15204079,15204156,77,mobile_element
46960,15207850,15208768,918,gene
46961,15207850,15208768,918,ncRNA
46962,15215222,15216160,938,gene
46963,15215222,15215233,11,mRNA
46964,15215303,15215542,239,mRNA
46965,15215614,15216160,546,mRNA
46966,15215432,15215542,110,CDS
46967,15215614,15215673,59,CDS
46968,15228728,15247714,18986,gene
46969,15247563,15247714,151,mRNA
46970,15246174,15246352,178,mRNA
46971,15241411,15241521,110,mRNA
46972,15240465,15240585,120,mRNA
46973,15236605,15236784,179,mRNA
46974,15229853,15230354,501,mRNA
46975,15229544,15229691,147,mRNA
46976,15228728,15229074,346,mRNA
46977,15245558,15245960,402,mRNA
46978,15241411,15241521,110,mRNA
46979,15240465,15240585,120,mRNA
46980,15236605,15236784,179,mRNA
46981,15229853,15230354,501,mRNA
46982,15229544,15229691,147,mRNA
46983,15228728,15229074,346,mRNA
46984,15247563,15247594,31,CDS
46985,15246174,15246352,178,CDS
46986,15241411,15241521,110,CDS
46987,15240465,15240585,120,CDS
46988,15236605,15236784,179,CDS
46989,15229853,15230354,501,CDS
46990,15229544,15229691,147,CDS
46991,15228929,15229074,145,CDS
46992,15245558,15245672,114,CDS
46993,15241411,15241521,110,CDS
46994,15240465,15240585,120,CDS
46995,15236605,15236784,179,CDS
46996,15229853,15230354,501,CDS
46997,15229544,15229691,147,CDS
46998,15228929,15229074,145,CDS
46999,15248879,15254715,5836,gene
47000,15248879,15249566,687,mRNA
47001,15250648,15250888,240,mRNA
47002,15251007,15251287,280,mRNA
47003,15251343,15252390,1047,mRNA
47004,15252452,15252794,342,mRNA
47005,15253234,15254715,1481,mRNA
47006,15248879,15249566,687,mRNA
47007,15250648,15250888,240,mRNA
47008,15251007,15251287,280,mRNA
47009,15251343,15252390,1047,mRNA
47010,15252452,15252794,342,mRNA
47011,15253234,15253607,373,mRNA
47012,15248879,15249566,687,mRNA
47013,15250648,15250888,240,mRNA
47014,15251007,15251287,280,mRNA
47015,15251343,15252390,1047,mRNA
47016,15252452,15252794,342,mRNA
47017,15252853,15253228,375,mRNA
47018,15249139,15249566,427,CDS
47019,15250648,15250888,240,CDS
47020,15251007,15251287,280,CDS
47021,15251343,15252390,1047,CDS
47022,15252452,15252794,342,CDS
47023,15253234,15253541,307,CDS
47024,15249139,15249566,427,CDS
47025,15250648,15250888,240,CDS
47026,15251007,15251287,280,CDS
47027,15251343,15252390,1047,CDS
47028,15252452,15252794,342,CDS
47029,15253234,15253541,307,CDS
47030,15249139,15249566,427,CDS
47031,15250648,15250888,240,CDS
47032,15251007,15251287,280,CDS
47033,15251343,15252390,1047,CDS
47034,15252452,15252794,342,CDS
47035,15252853,15252938,85,CDS
47036,15254819,15256304,1485,gene
47037,15254819,15256304,1485,mRNA
47038,15254914,15256304,1390,mRNA
47039,15254968,15256263,1295,CDS
47040,15254968,15256263,1295,CDS
47041,15256581,15257642,1061,gene
47042,15256581,15256697,116,mRNA
47043,15256749,15257642,893,mRNA
47044,15256581,15256697,116,mRNA
47045,15256749,15257297,548,mRNA
47046,15256651,15256697,46,CDS
47047,15256749,15257190,441,CDS
47048,15256651,15256697,46,CDS
47049,15256749,15257190,441,CDS
47050,15257267,15264692,7425,gene
47051,15263770,15264227,457,mRNA
47052,15263332,15263664,332,mRNA
47053,15262970,15263128,158,mRNA
47054,15262375,15262626,251,mRNA
47055,15262070,15262304,234,mRNA
47056,15261912,15262012,100,mRNA
47057,15261718,15261840,122,mRNA
47058,15258782,15258938,156,mRNA
47059,15258504,15258709,205,mRNA
47060,15258173,15258441,268,mRNA
47061,15257799,15258105,306,mRNA
47062,15257267,15257586,319,mRNA
47063,15262713,15262802,89,mRNA
47064,15262375,15262626,251,mRNA
47065,15262070,15262304,234,mRNA
47066,15261912,15262000,88,mRNA
47067,15261718,15261840,122,mRNA
47068,15258782,15258938,156,mRNA
47069,15258504,15258709,205,mRNA
47070,15258173,15258441,268,mRNA
47071,15257799,15258105,306,mRNA
47072,15257267,15257586,319,mRNA
47073,15262375,15262802,427,mRNA
47074,15262070,15262304,234,mRNA
47075,15261912,15262000,88,mRNA
47076,15261718,15261840,122,mRNA
47077,15258782,15258938,156,mRNA
47078,15258504,15258709,205,mRNA
47079,15258173,15258441,268,mRNA
47080,15257799,15258105,306,mRNA
47081,15257267,15257586,319,mRNA
47082,15259351,15259743,392,mRNA
47083,15259019,15259291,272,mRNA
47084,15258782,15258938,156,mRNA
47085,15258504,15258709,205,mRNA
47086,15258173,15258441,268,mRNA
47087,15257799,15258105,306,mRNA
47088,15257267,15257586,319,mRNA
47089,15263770,15264126,356,CDS
47090,15263332,15263664,332,CDS
47091,15262970,15263128,158,CDS
47092,15262375,15262626,251,CDS
47093,15262070,15262304,234,CDS
47094,15261912,15262012,100,CDS
47095,15261718,15261840,122,CDS
47096,15258782,15258938,156,CDS
47097,15258504,15258709,205,CDS
47098,15258173,15258441,268,CDS
47099,15257799,15258105,306,CDS
47100,15257413,15257586,173,CDS
47101,15262375,15262581,206,CDS
47102,15262070,15262304,234,CDS
47103,15261912,15262000,88,CDS
47104,15261718,15261840,122,CDS
47105,15258782,15258938,156,CDS
47106,15258504,15258709,205,CDS
47107,15258173,15258441,268,CDS
47108,15257799,15258105,306,CDS
47109,15257413,15257586,173,CDS
47110,15262375,15262581,206,CDS
47111,15262070,15262304,234,CDS
47112,15261912,15262000,88,CDS
47113,15261718,15261840,122,CDS
47114,15258782,15258938,156,CDS
47115,15258504,15258709,205,CDS
47116,15258173,15258441,268,CDS
47117,15257799,15258105,306,CDS
47118,15257413,15257586,173,CDS
47119,15259351,15259353,2,CDS
47120,15259019,15259291,272,CDS
47121,15258782,15258938,156,CDS
47122,15258504,15258709,205,CDS
47123,15258173,15258441,268,CDS
47124,15257799,15258105,306,CDS
47125,15257413,15257586,173,CDS
47126,15264462,15264692,230,mRNA
47127,15263770,15264118,348,mRNA
47128,15263332,15263664,332,mRNA
47129,15262970,15263128,158,mRNA
47130,15262375,15262626,251,mRNA
47131,15262070,15262304,234,mRNA
47132,15261912,15262012,100,mRNA
47133,15261718,15261840,122,mRNA
47134,15261209,15261637,428,mRNA
47135,15264151,15264692,541,mRNA
47136,15263770,15264095,325,mRNA
47137,15263332,15263664,332,mRNA
47138,15262970,15263128,158,mRNA
47139,15262375,15262626,251,mRNA
47140,15262070,15262304,234,mRNA
47141,15261912,15262012,100,mRNA
47142,15261718,15261840,122,mRNA
47143,15261209,15261637,428,mRNA
47144,15263770,15264692,922,mRNA
47145,15263332,15263664,332,mRNA
47146,15262970,15263128,158,mRNA
47147,15262375,15262626,251,mRNA
47148,15262070,15262304,234,mRNA
47149,15261912,15262012,100,mRNA
47150,15261718,15261840,122,mRNA
47151,15261209,15261637,428,mRNA
47152,15263770,15264126,356,CDS
47153,15263332,15263664,332,CDS
47154,15262970,15263128,158,CDS
47155,15262375,15262626,251,CDS
47156,15262070,15262304,234,CDS
47157,15261912,15262012,100,CDS
47158,15261718,15261840,122,CDS
47159,15261461,15261637,176,CDS
47160,15263770,15264084,314,CDS
47161,15263332,15263664,332,CDS
47162,15262970,15263128,158,CDS
47163,15262375,15262626,251,CDS
47164,15262070,15262304,234,CDS
47165,15261912,15262012,100,CDS
47166,15261718,15261840,122,CDS
47167,15261461,15261637,176,CDS
47168,15263770,15264084,314,CDS
47169,15263332,15263664,332,CDS
47170,15262970,15263128,158,CDS
47171,15262375,15262626,251,CDS
47172,15262070,15262304,234,CDS
47173,15261912,15262012,100,CDS
47174,15261718,15261840,122,CDS
47175,15261461,15261637,176,CDS
47176,15263770,15264227,457,mRNA
47177,15263167,15263664,497,mRNA
47178,15263770,15264126,356,CDS
47179,15263239,15263664,425,CDS
47180,15265245,15272024,6779,gene
47181,15271323,15272024,701,mRNA
47182,15270905,15271143,238,mRNA
47183,15268821,15269204,383,mRNA
47184,15267996,15268757,761,mRNA
47185,15267763,15267933,170,mRNA
47186,15267530,15267700,170,mRNA
47187,15267353,15267467,114,mRNA
47188,15267145,15267287,142,mRNA
47189,15266796,15267019,223,mRNA
47190,15266596,15266734,138,mRNA
47191,15265245,15266526,1281,mRNA
47192,15271834,15272024,190,mRNA
47193,15270905,15271143,238,mRNA
47194,15268821,15269204,383,mRNA
47195,15267996,15268757,761,mRNA
47196,15267763,15267933,170,mRNA
47197,15267530,15267700,170,mRNA
47198,15267353,15267467,114,mRNA
47199,15267145,15267287,142,mRNA
47200,15266796,15267019,223,mRNA
47201,15266596,15266734,138,mRNA
47202,15266029,15266526,497,mRNA
47203,15271203,15271628,425,mRNA
47204,15270905,15271143,238,mRNA
47205,15268821,15269204,383,mRNA
47206,15267996,15268757,761,mRNA
47207,15267763,15267933,170,mRNA
47208,15267530,15267700,170,mRNA
47209,15267353,15267467,114,mRNA
47210,15267145,15267287,142,mRNA
47211,15266796,15267019,223,mRNA
47212,15266596,15266734,138,mRNA
47213,15266029,15266526,497,mRNA
47214,15269374,15270324,950,mRNA
47215,15268821,15269204,383,mRNA
47216,15267996,15268757,761,mRNA
47217,15267763,15267933,170,mRNA
47218,15267530,15267700,170,mRNA
47219,15267353,15267467,114,mRNA
47220,15267145,15267287,142,mRNA
47221,15266796,15267019,223,mRNA
47222,15266596,15266734,138,mRNA
47223,15266029,15266526,497,mRNA
47224,15270905,15270964,59,CDS
47225,15268821,15269204,383,CDS
47226,15267996,15268757,761,CDS
47227,15267763,15267933,170,CDS
47228,15267530,15267700,170,CDS
47229,15267353,15267467,114,CDS
47230,15267145,15267287,142,CDS
47231,15266796,15267019,223,CDS
47232,15266596,15266734,138,CDS
47233,15266374,15266526,152,CDS
47234,15270905,15270964,59,CDS
47235,15268821,15269204,383,CDS
47236,15267996,15268757,761,CDS
47237,15267763,15267933,170,CDS
47238,15267530,15267700,170,CDS
47239,15267353,15267467,114,CDS
47240,15267145,15267287,142,CDS
47241,15266796,15267019,223,CDS
47242,15266596,15266734,138,CDS
47243,15266374,15266526,152,CDS
47244,15270905,15270964,59,CDS
47245,15268821,15269204,383,CDS
47246,15267996,15268757,761,CDS
47247,15267763,15267933,170,CDS
47248,15267530,15267700,170,CDS
47249,15267353,15267467,114,CDS
47250,15267145,15267287,142,CDS
47251,15266796,15267019,223,CDS
47252,15266596,15266734,138,CDS
47253,15266374,15266526,152,CDS
47254,15269374,15269916,542,CDS
47255,15268821,15269204,383,CDS
47256,15267996,15268757,761,CDS
47257,15267763,15267933,170,CDS
47258,15267530,15267700,170,CDS
47259,15267353,15267467,114,CDS
47260,15267145,15267287,142,CDS
47261,15266796,15267019,223,CDS
47262,15266596,15266734,138,CDS
47263,15266374,15266526,152,CDS
47264,15274181,15275091,910,gene
47265,15274922,15275091,169,mRNA
47266,15274620,15274849,229,mRNA
47267,15274181,15274390,209,mRNA
47268,15274922,15275091,169,mRNA
47269,15274620,15274849,229,mRNA
47270,15274238,15274390,152,mRNA
47271,15274922,15274986,64,CDS
47272,15274620,15274849,229,CDS
47273,15274269,15274390,121,CDS
47274,15274922,15274986,64,CDS
47275,15274620,15274849,229,CDS
47276,15274269,15274390,121,CDS
47277,15277797,15279497,1700,gene
47278,15277797,15277864,67,ncRNA
47279,15278911,15279497,586,ncRNA
47280,15280028,15280449,421,gene
47281,15280028,15280449,421,ncRNA
47282,15285000,15286047,1047,gene
47283,15285000,15286047,1047,mRNA
47284,15285027,15285905,878,CDS
47285,15291426,15292239,813,gene
47286,15291426,15292239,813,mRNA
47287,15291481,15292173,692,CDS
47288,15292468,15294136,1668,gene
47289,15292468,15292678,210,mRNA
47290,15292736,15292946,210,mRNA
47291,15293009,15293147,138,mRNA
47292,15293209,15294136,927,mRNA
47293,15292468,15292678,210,mRNA
47294,15292736,15292946,210,mRNA
47295,15293009,15293147,138,mRNA
47296,15293209,15293774,565,mRNA
47297,15292737,15292946,209,CDS
47298,15293009,15293147,138,CDS
47299,15293209,15293261,52,CDS
47300,15292737,15292946,209,CDS
47301,15293009,15293147,138,CDS
47302,15293209,15293261,52,CDS
47303,15295636,15297699,2063,gene
47304,15296506,15297699,1193,ncRNA
47305,15296222,15296400,178,ncRNA
47306,15295636,15296159,523,ncRNA
47307,15297808,15299367,1559,gene
47308,15297808,15299367,1559,mRNA
47309,15297947,15299263,1316,CDS
47310,15317954,15318901,947,gene
47311,15317954,15318901,947,mRNA
47312,15318109,15318846,737,CDS
47313,15333866,15336138,2272,gene
47314,15333866,15336138,2272,mRNA
47315,15334094,15335506,1412,CDS
47316,15360921,15361627,706,gene
47317,15360921,15361627,706,mRNA
47318,15360998,15361588,590,CDS
47319,15396334,15396934,600,gene
47320,15396334,15396934,600,ncRNA
47321,15398687,15399003,316,gene
47322,15398687,15399003,316,ncRNA
47323,15399560,15399858,298,gene
47324,15399560,15399858,298,ncRNA
47325,15400085,15400497,412,gene
47326,15400085,15400497,412,ncRNA
47327,15417929,15418361,432,gene
47328,15418039,15418361,322,mRNA
47329,15417929,15417983,54,mRNA
47330,15418039,15418239,200,CDS
47331,15417954,15417983,29,CDS
47332,15423297,15425580,2283,gene
47333,15425343,15425580,237,mRNA
47334,15423297,15425280,1983,mRNA
47335,15425343,15425430,87,CDS
47336,15423722,15425280,1558,CDS
47337,15433309,15435304,1995,gene
47338,15433309,15435304,1995,mRNA
47339,15433309,15435242,1933,mRNA
47340,15433455,15434909,1454,CDS
47341,15433455,15434909,1454,CDS
47342,15435747,15436320,573,gene
47343,15435747,15436320,573,ncRNA
47344,15441601,15442314,713,gene
47345,15441601,15442314,713,ncRNA
47346,15446106,15453517,7411,mobile_element
47347,15463254,15463666,412,gene
47348,15463254,15463666,412,ncRNA
47349,15468944,15469527,583,gene
47350,15468944,15469527,583,ncRNA
47351,15476593,15478260,1667,gene
47352,15476593,15478260,1667,mRNA
47353,15476935,15478107,1172,CDS
47354,15484729,15485545,816,gene
47355,15484729,15485545,816,mRNA
47356,15484729,15485489,760,mRNA
47357,15484837,15485367,530,CDS
47358,15484837,15485367,530,CDS
47359,15485697,15485951,254,gene
47360,15485697,15485951,254,ncRNA
47361,15499127,15505018,5891,gene
47362,15499127,15499424,297,mRNA
47363,15502117,15503226,1109,mRNA
47364,15503291,15503553,262,mRNA
47365,15503699,15505018,1319,mRNA
47366,15499127,15499424,297,mRNA
47367,15502117,15503226,1109,mRNA
47368,15503291,15503553,262,mRNA
47369,15503699,15504591,892,mRNA
47370,15499221,15499424,203,CDS
47371,15502117,15503226,1109,CDS
47372,15503291,15503553,262,CDS
47373,15503699,15503915,216,CDS
47374,15499221,15499424,203,CDS
47375,15502117,15503226,1109,CDS
47376,15503291,15503553,262,CDS
47377,15503699,15503915,216,CDS
47378,15515821,15516727,906,gene
47379,15515821,15516727,906,ncRNA
47380,15522002,15523993,1991,gene
47381,15522002,15522851,849,ncRNA
47382,15522926,15523373,447,ncRNA
47383,15523431,15523993,562,ncRNA
47384,15522002,15522851,849,ncRNA
47385,15522926,15523203,277,ncRNA
47386,15523261,15523993,732,ncRNA
47387,15534445,15534564,119,mobile_element
47388,15547519,15548243,724,gene
47389,15547519,15547612,93,mRNA
47390,15547668,15548243,575,mRNA
47391,15547565,15547612,47,CDS
47392,15547668,15548021,353,CDS
47393,15549869,15550276,407,gene
47394,15549869,15550276,407,ncRNA
47395,15550372,15552029,1657,gene
47396,15550372,15550629,257,mRNA
47397,15550781,15551038,257,mRNA
47398,15551097,15552029,932,mRNA
47399,15550372,15550629,257,mRNA
47400,15550781,15551038,257,mRNA
47401,15551097,15551364,267,mRNA
47402,15550472,15550629,157,CDS
47403,15550781,15551038,257,CDS
47404,15551097,15551121,24,CDS
47405,15550472,15550629,157,CDS
47406,15550781,15551038,257,CDS
47407,15551097,15551121,24,CDS
47408,15552723,15583978,31255,gene
47409,15552723,15552809,86,mRNA
47410,15554510,15555030,520,mRNA
47411,15578883,15580850,1967,mRNA
47412,15581859,15583978,2119,mRNA
47413,15552723,15552873,150,mRNA
47414,15554510,15555030,520,mRNA
47415,15578883,15580850,1967,mRNA
47416,15581859,15583579,1720,mRNA
47417,15578953,15580850,1897,CDS
47418,15581859,15583026,1167,CDS
47419,15578953,15580850,1897,CDS
47420,15581859,15583026,1167,CDS
47421,15586465,15593459,6994,mobile_element
47422,15610171,15611719,1548,gene
47423,15610171,15611719,1548,mRNA
47424,15610171,15610746,575,gene
47425,15610171,15610746,575,ncRNA
47426,15610732,15611719,987,mRNA
47427,15610900,15611685,785,CDS
47428,15610900,15611685,785,CDS
47429,15612494,15613335,841,gene
47430,15613125,15613335,210,mRNA
47431,15612494,15613071,577,mRNA
47432,15613125,15613326,201,CDS
47433,15612518,15613071,553,CDS
47434,15613905,15614828,923,gene
47435,15614575,15614828,253,mRNA
47436,15613905,15614518,613,mRNA
47437,15614575,15614828,253,mRNA
47438,15613948,15614518,570,mRNA
47439,15614575,15614791,216,CDS
47440,15613971,15614518,547,CDS
47441,15614575,15614791,216,CDS
47442,15613971,15614518,547,CDS
47443,15615357,15616351,994,gene
47444,15616123,15616351,228,mRNA
47445,15615357,15616069,712,mRNA
47446,15616123,15616333,210,CDS
47447,15615519,15616069,550,CDS
47448,15616997,15617915,918,gene
47449,15616997,15617209,212,mRNA
47450,15617280,15617915,635,mRNA
47451,15617002,15617209,207,CDS
47452,15617280,15617794,514,CDS
47453,15622068,15623558,1490,gene
47454,15622677,15623558,881,mRNA
47455,15622482,15622577,95,mRNA
47456,15622246,15622428,182,mRNA
47457,15622068,15622196,128,mRNA
47458,15622677,15623558,881,CDS
47459,15622482,15622577,95,CDS
47460,15622246,15622428,182,CDS
47461,15622128,15622196,68,CDS
47462,15628678,15629552,874,gene
47463,15628678,15628900,222,mRNA
47464,15628963,15629552,589,mRNA
47465,15628684,15628900,216,CDS
47466,15628963,15629510,547,CDS
47467,15630002,15634987,4985,gene
47468,15630002,15630374,372,mRNA
47469,15630441,15630543,102,mRNA
47470,15630661,15631618,957,mRNA
47471,15631685,15633004,1319,mRNA
47472,15630083,15630374,291,mRNA
47473,15630441,15630543,102,mRNA
47474,15630661,15631618,957,mRNA
47475,15631685,15634987,3302,mRNA
47476,15630083,15630374,291,mRNA
47477,15630441,15630543,102,mRNA
47478,15630661,15631618,957,mRNA
47479,15631685,15632618,933,mRNA
47480,15630193,15630374,181,CDS
47481,15630441,15630543,102,CDS
47482,15630661,15631618,957,CDS
47483,15631685,15632094,409,CDS
47484,15630193,15630374,181,CDS
47485,15630441,15630543,102,CDS
47486,15630661,15631618,957,CDS
47487,15631685,15632094,409,CDS
47488,15630193,15630374,181,CDS
47489,15630441,15630543,102,CDS
47490,15630661,15631618,957,CDS
47491,15631685,15632094,409,CDS
47492,15644183,15718272,74089,gene
47493,15717681,15718272,591,mRNA
47494,15714125,15714340,215,mRNA
47495,15707955,15708036,81,mRNA
47496,15698581,15698691,110,mRNA
47497,15652347,15652820,473,mRNA
47498,15651817,15652098,281,mRNA
47499,15651054,15651761,707,mRNA
47500,15650766,15650979,213,mRNA
47501,15650497,15650702,205,mRNA
47502,15650173,15650405,232,mRNA
47503,15649414,15649518,104,mRNA
47504,15649082,15649343,261,mRNA
47505,15648535,15649020,485,mRNA
47506,15648310,15648465,155,mRNA
47507,15648095,15648251,156,mRNA
47508,15644183,15648028,3845,mRNA
47509,15682684,15683275,591,mRNA
47510,15679128,15679343,215,mRNA
47511,15672958,15673039,81,mRNA
47512,15663584,15663694,110,mRNA
47513,15652347,15652820,473,mRNA
47514,15651817,15652098,281,mRNA
47515,15651054,15651761,707,mRNA
47516,15650766,15650979,213,mRNA
47517,15650497,15650702,205,mRNA
47518,15650173,15650405,232,mRNA
47519,15649414,15649518,104,mRNA
47520,15649082,15649343,261,mRNA
47521,15648535,15649020,485,mRNA
47522,15648310,15648465,155,mRNA
47523,15648095,15648251,156,mRNA
47524,15644183,15648028,3845,mRNA
47525,15717681,15718272,591,mRNA
47526,15714125,15714340,215,mRNA
47527,15707955,15708036,81,mRNA
47528,15698581,15698691,110,mRNA
47529,15652347,15652820,473,mRNA
47530,15651817,15652098,281,mRNA
47531,15651054,15651761,707,mRNA
47532,15650766,15650979,213,mRNA
47533,15650497,15650702,205,mRNA
47534,15650173,15650405,232,mRNA
47535,15649699,15649731,32,mRNA
47536,15649414,15649518,104,mRNA
47537,15649082,15649343,261,mRNA
47538,15648535,15649020,485,mRNA
47539,15648310,15648465,155,mRNA
47540,15648095,15648251,156,mRNA
47541,15646336,15648028,1692,mRNA
47542,15717681,15718272,591,mRNA
47543,15714618,15714697,79,mRNA
47544,15714125,15714340,215,mRNA
47545,15707955,15708036,81,mRNA
47546,15698581,15698691,110,mRNA
47547,15652347,15652820,473,mRNA
47548,15651817,15652098,281,mRNA
47549,15651054,15651761,707,mRNA
47550,15650766,15650979,213,mRNA
47551,15650497,15650702,205,mRNA
47552,15650173,15650405,232,mRNA
47553,15649414,15649518,104,mRNA
47554,15649082,15649343,261,mRNA
47555,15648535,15649020,485,mRNA
47556,15648310,15648465,155,mRNA
47557,15648095,15648251,156,mRNA
47558,15646336,15648028,1692,mRNA
47559,15714125,15714359,234,mRNA
47560,15707955,15708036,81,mRNA
47561,15698581,15698691,110,mRNA
47562,15652347,15652820,473,mRNA
47563,15651817,15652098,281,mRNA
47564,15651054,15651761,707,mRNA
47565,15650766,15650979,213,mRNA
47566,15650497,15650702,205,mRNA
47567,15650173,15650405,232,mRNA
47568,15649414,15649518,104,mRNA
47569,15649082,15649343,261,mRNA
47570,15648535,15649020,485,mRNA
47571,15648310,15648465,155,mRNA
47572,15648095,15648251,156,mRNA
47573,15646336,15648028,1692,mRNA
47574,15682684,15683275,591,mRNA
47575,15679128,15679343,215,mRNA
47576,15672958,15673039,81,mRNA
47577,15663584,15663694,110,mRNA
47578,15652347,15652820,473,mRNA
47579,15651817,15652098,281,mRNA
47580,15651054,15651761,707,mRNA
47581,15650766,15650979,213,mRNA
47582,15650497,15650702,205,mRNA
47583,15650173,15650405,232,mRNA
47584,15649699,15649731,32,mRNA
47585,15649414,15649518,104,mRNA
47586,15649082,15649343,261,mRNA
47587,15648535,15649020,485,mRNA
47588,15648310,15648465,155,mRNA
47589,15648095,15648251,156,mRNA
47590,15646336,15648028,1692,mRNA
47591,15682684,15683275,591,mRNA
47592,15679621,15679700,79,mRNA
47593,15679128,15679343,215,mRNA
47594,15672958,15673039,81,mRNA
47595,15663584,15663694,110,mRNA
47596,15652347,15652820,473,mRNA
47597,15651817,15652098,281,mRNA
47598,15651054,15651761,707,mRNA
47599,15650766,15650979,213,mRNA
47600,15650497,15650702,205,mRNA
47601,15650173,15650405,232,mRNA
47602,15649414,15649518,104,mRNA
47603,15649082,15649343,261,mRNA
47604,15648535,15649020,485,mRNA
47605,15648310,15648465,155,mRNA
47606,15648095,15648251,156,mRNA
47607,15646336,15648028,1692,mRNA
47608,15679128,15679362,234,mRNA
47609,15672958,15673039,81,mRNA
47610,15663584,15663694,110,mRNA
47611,15652347,15652820,473,mRNA
47612,15651817,15652098,281,mRNA
47613,15651054,15651761,707,mRNA
47614,15650766,15650979,213,mRNA
47615,15650497,15650702,205,mRNA
47616,15650173,15650405,232,mRNA
47617,15649414,15649518,104,mRNA
47618,15649082,15649343,261,mRNA
47619,15648535,15649020,485,mRNA
47620,15648310,15648465,155,mRNA
47621,15648095,15648251,156,mRNA
47622,15646336,15648028,1692,mRNA
47623,15714125,15714237,112,CDS
47624,15707955,15708036,81,CDS
47625,15698581,15698691,110,CDS
47626,15652347,15652820,473,CDS
47627,15651817,15652098,281,CDS
47628,15651054,15651761,707,CDS
47629,15650766,15650979,213,CDS
47630,15650497,15650702,205,CDS
47631,15650173,15650405,232,CDS
47632,15649414,15649518,104,CDS
47633,15649082,15649343,261,CDS
47634,15648535,15649020,485,CDS
47635,15648310,15648465,155,CDS
47636,15648095,15648251,156,CDS
47637,15647835,15648028,193,CDS
47638,15714125,15714237,112,CDS
47639,15707955,15708036,81,CDS
47640,15698581,15698691,110,CDS
47641,15652347,15652820,473,CDS
47642,15651817,15652098,281,CDS
47643,15651054,15651761,707,CDS
47644,15650766,15650979,213,CDS
47645,15650497,15650702,205,CDS
47646,15650173,15650405,232,CDS
47647,15649414,15649518,104,CDS
47648,15649082,15649343,261,CDS
47649,15648535,15649020,485,CDS
47650,15648310,15648465,155,CDS
47651,15648095,15648251,156,CDS
47652,15647835,15648028,193,CDS
47653,15714125,15714237,112,CDS
47654,15707955,15708036,81,CDS
47655,15698581,15698691,110,CDS
47656,15652347,15652820,473,CDS
47657,15651817,15652098,281,CDS
47658,15651054,15651761,707,CDS
47659,15650766,15650979,213,CDS
47660,15650497,15650702,205,CDS
47661,15650173,15650405,232,CDS
47662,15649414,15649518,104,CDS
47663,15649082,15649343,261,CDS
47664,15648535,15649020,485,CDS
47665,15648310,15648465,155,CDS
47666,15648095,15648251,156,CDS
47667,15647835,15648028,193,CDS
47668,15714125,15714237,112,CDS
47669,15707955,15708036,81,CDS
47670,15698581,15698691,110,CDS
47671,15652347,15652820,473,CDS
47672,15651817,15652098,281,CDS
47673,15651054,15651761,707,CDS
47674,15650766,15650979,213,CDS
47675,15650497,15650702,205,CDS
47676,15650173,15650405,232,CDS
47677,15649699,15649731,32,CDS
47678,15649414,15649518,104,CDS
47679,15649082,15649343,261,CDS
47680,15648535,15649020,485,CDS
47681,15648310,15648465,155,CDS
47682,15648095,15648251,156,CDS
47683,15647835,15648028,193,CDS
47684,15679128,15679240,112,CDS
47685,15672958,15673039,81,CDS
47686,15663584,15663694,110,CDS
47687,15652347,15652820,473,CDS
47688,15651817,15652098,281,CDS
47689,15651054,15651761,707,CDS
47690,15650766,15650979,213,CDS
47691,15650497,15650702,205,CDS
47692,15650173,15650405,232,CDS
47693,15649414,15649518,104,CDS
47694,15649082,15649343,261,CDS
47695,15648535,15649020,485,CDS
47696,15648310,15648465,155,CDS
47697,15648095,15648251,156,CDS
47698,15647835,15648028,193,CDS
47699,15679128,15679240,112,CDS
47700,15672958,15673039,81,CDS
47701,15663584,15663694,110,CDS
47702,15652347,15652820,473,CDS
47703,15651817,15652098,281,CDS
47704,15651054,15651761,707,CDS
47705,15650766,15650979,213,CDS
47706,15650497,15650702,205,CDS
47707,15650173,15650405,232,CDS
47708,15649414,15649518,104,CDS
47709,15649082,15649343,261,CDS
47710,15648535,15649020,485,CDS
47711,15648310,15648465,155,CDS
47712,15648095,15648251,156,CDS
47713,15647835,15648028,193,CDS
47714,15679128,15679240,112,CDS
47715,15672958,15673039,81,CDS
47716,15663584,15663694,110,CDS
47717,15652347,15652820,473,CDS
47718,15651817,15652098,281,CDS
47719,15651054,15651761,707,CDS
47720,15650766,15650979,213,CDS
47721,15650497,15650702,205,CDS
47722,15650173,15650405,232,CDS
47723,15649414,15649518,104,CDS
47724,15649082,15649343,261,CDS
47725,15648535,15649020,485,CDS
47726,15648310,15648465,155,CDS
47727,15648095,15648251,156,CDS
47728,15647835,15648028,193,CDS
47729,15679128,15679240,112,CDS
47730,15672958,15673039,81,CDS
47731,15663584,15663694,110,CDS
47732,15652347,15652820,473,CDS
47733,15651817,15652098,281,CDS
47734,15651054,15651761,707,CDS
47735,15650766,15650979,213,CDS
47736,15650497,15650702,205,CDS
47737,15650173,15650405,232,CDS
47738,15649699,15649731,32,CDS
47739,15649414,15649518,104,CDS
47740,15649082,15649343,261,CDS
47741,15648535,15649020,485,CDS
47742,15648310,15648465,155,CDS
47743,15648095,15648251,156,CDS
47744,15647835,15648028,193,CDS
47745,15653162,15654567,1405,mobile_element
47746,15659041,15659474,433,gene
47747,15659041,15659474,433,mRNA
47748,15659266,15659445,179,CDS
47749,15661041,15662753,1712,gene
47750,15661041,15661273,232,mRNA
47751,15661504,15662753,1249,mRNA
47752,15661046,15661273,227,CDS
47753,15661504,15662670,1166,CDS
47754,15670174,15671223,1049,gene
47755,15670174,15670322,148,mRNA
47756,15670423,15671223,800,mRNA
47757,15670239,15670322,83,CDS
47758,15670423,15671223,800,CDS
47759,15675582,15676102,520,gene
47760,15675582,15676102,520,mRNA
47761,15675655,15676059,404,CDS
47762,15683783,15686758,2975,mobile_element
47763,15686759,15688164,1405,mobile_element
47764,15694038,15694471,433,gene
47765,15694038,15694471,433,mRNA
47766,15694263,15694442,179,CDS
47767,15696038,15697750,1712,gene
47768,15696038,15696270,232,mRNA
47769,15696501,15697750,1249,mRNA
47770,15696043,15696270,227,CDS
47771,15696501,15697667,1166,CDS
47772,15705171,15706220,1049,gene
47773,15705171,15705319,148,mRNA
47774,15705420,15706220,800,mRNA
47775,15705236,15705319,83,CDS
47776,15705420,15706220,800,CDS
47777,15710579,15711099,520,gene
47778,15710579,15711099,520,mRNA
47779,15710652,15711056,404,CDS
47780,15718780,15727570,8790,mobile_element
47781,15721756,15723161,1405,mobile_element
47782,15727581,15748150,20569,gene
47783,15747986,15748150,164,mRNA
47784,15740772,15740899,127,mRNA
47785,15737628,15737964,336,mRNA
47786,15729566,15730836,1270,mRNA
47787,15729274,15729499,225,mRNA
47788,15727581,15729156,1575,mRNA
47789,15746455,15746610,155,mRNA
47790,15745392,15745643,251,mRNA
47791,15740772,15740899,127,mRNA
47792,15737628,15737964,336,mRNA
47793,15729566,15730836,1270,mRNA
47794,15729274,15729499,225,mRNA
47795,15727581,15729156,1575,mRNA
47796,15731002,15731784,782,mRNA
47797,15729566,15730836,1270,mRNA
47798,15729274,15729499,225,mRNA
47799,15727581,15729156,1575,mRNA
47800,15747833,15748150,317,mRNA
47801,15740772,15740899,127,mRNA
47802,15737628,15737964,336,mRNA
47803,15729566,15730836,1270,mRNA
47804,15729274,15729499,225,mRNA
47805,15727784,15729156,1372,mRNA
47806,15746455,15746610,155,mRNA
47807,15737628,15737964,336,mRNA
47808,15729566,15730836,1270,mRNA
47809,15729274,15729499,225,mRNA
47810,15727784,15729156,1372,mRNA
47811,15746455,15746610,155,mRNA
47812,15740772,15740899,127,mRNA
47813,15737628,15737964,336,mRNA
47814,15729566,15730836,1270,mRNA
47815,15729274,15729499,225,mRNA
47816,15727784,15729156,1372,mRNA
47817,15746455,15746483,28,CDS
47818,15737628,15737964,336,CDS
47819,15729566,15730836,1270,CDS
47820,15729274,15729499,225,CDS
47821,15728881,15729156,275,CDS
47822,15740772,15740791,19,CDS
47823,15737628,15737964,336,CDS
47824,15729566,15730836,1270,CDS
47825,15729274,15729499,225,CDS
47826,15728881,15729156,275,CDS
47827,15740772,15740791,19,CDS
47828,15737628,15737964,336,CDS
47829,15729566,15730836,1270,CDS
47830,15729274,15729499,225,CDS
47831,15728881,15729156,275,CDS
47832,15740772,15740791,19,CDS
47833,15737628,15737964,336,CDS
47834,15729566,15730836,1270,CDS
47835,15729274,15729499,225,CDS
47836,15728881,15729156,275,CDS
47837,15740772,15740791,19,CDS
47838,15737628,15737964,336,CDS
47839,15729566,15730836,1270,CDS
47840,15729274,15729499,225,CDS
47841,15728881,15729156,275,CDS
47842,15731002,15731037,35,CDS
47843,15729566,15730836,1270,CDS
47844,15729274,15729499,225,CDS
47845,15728881,15729156,275,CDS
47846,15746257,15747000,743,gene
47847,15746257,15746460,203,ncRNA
47848,15746519,15747000,481,ncRNA
47849,15748001,15748324,323,gene
47850,15748001,15748324,323,ncRNA
47851,15749319,15751078,1759,gene
47852,15750722,15751078,356,mRNA
47853,15750550,15750651,101,mRNA
47854,15749319,15749851,532,mRNA
47855,15750722,15751078,356,mRNA
47856,15750550,15750651,101,mRNA
47857,15749601,15749851,250,mRNA
47858,15750722,15750976,254,CDS
47859,15750550,15750651,101,CDS
47860,15749705,15749851,146,CDS
47861,15750722,15750976,254,CDS
47862,15750550,15750651,101,CDS
47863,15749705,15749851,146,CDS
47864,15751557,15751682,125,gene
47865,15751557,15751682,125,ncRNA
47866,15752263,15755900,3637,gene
47867,15752263,15753452,1189,mRNA
47868,15753506,15755900,2394,mRNA
47869,15752357,15753452,1095,CDS
47870,15753506,15755577,2071,CDS
47871,15756002,15762758,6756,gene
47872,15762689,15762758,69,mRNA
47873,15760402,15760574,172,mRNA
47874,15760210,15760342,132,mRNA
47875,15759417,15759845,428,mRNA
47876,15758141,15759360,1219,mRNA
47877,15757767,15758078,311,mRNA
47878,15757004,15757705,701,mRNA
47879,15756002,15756937,935,mRNA
47880,15762689,15762758,69,mRNA
47881,15762196,15762406,210,mRNA
47882,15760402,15760574,172,mRNA
47883,15760210,15760342,132,mRNA
47884,15759417,15759845,428,mRNA
47885,15758141,15759360,1219,mRNA
47886,15757767,15758078,311,mRNA
47887,15757004,15757705,701,mRNA
47888,15756002,15756937,935,mRNA
47889,15762569,15762758,189,mRNA
47890,15760402,15760574,172,mRNA
47891,15760210,15760342,132,mRNA
47892,15759417,15759845,428,mRNA
47893,15758141,15759360,1219,mRNA
47894,15757767,15758078,311,mRNA
47895,15757004,15757705,701,mRNA
47896,15756002,15756937,935,mRNA
47897,15762196,15762758,562,mRNA
47898,15760402,15760574,172,mRNA
47899,15760210,15760342,132,mRNA
47900,15759417,15759845,428,mRNA
47901,15758141,15759360,1219,mRNA
47902,15757767,15758078,311,mRNA
47903,15757004,15757705,701,mRNA
47904,15756002,15756937,935,mRNA
47905,15762307,15762408,101,mRNA
47906,15760402,15760574,172,mRNA
47907,15760210,15760342,132,mRNA
47908,15759417,15759845,428,mRNA
47909,15758141,15759360,1219,mRNA
47910,15757767,15758078,311,mRNA
47911,15757004,15757705,701,mRNA
47912,15756002,15756937,935,mRNA
47913,15760402,15760568,166,CDS
47914,15760210,15760342,132,CDS
47915,15759417,15759845,428,CDS
47916,15758141,15759360,1219,CDS
47917,15757767,15758078,311,CDS
47918,15757096,15757705,609,CDS
47919,15760402,15760568,166,CDS
47920,15760210,15760342,132,CDS
47921,15759417,15759845,428,CDS
47922,15758141,15759360,1219,CDS
47923,15757767,15758078,311,CDS
47924,15757096,15757705,609,CDS
47925,15760402,15760568,166,CDS
47926,15760210,15760342,132,CDS
47927,15759417,15759845,428,CDS
47928,15758141,15759360,1219,CDS
47929,15757767,15758078,311,CDS
47930,15757096,15757705,609,CDS
47931,15760402,15760568,166,CDS
47932,15760210,15760342,132,CDS
47933,15759417,15759845,428,CDS
47934,15758141,15759360,1219,CDS
47935,15757767,15758078,311,CDS
47936,15757096,15757705,609,CDS
47937,15760402,15760568,166,CDS
47938,15760210,15760342,132,CDS
47939,15759417,15759845,428,CDS
47940,15758141,15759360,1219,CDS
47941,15757767,15758078,311,CDS
47942,15757096,15757705,609,CDS
47943,15764220,15766267,2047,gene
47944,15764220,15764621,401,mRNA
47945,15764783,15765208,425,mRNA
47946,15765273,15765589,316,mRNA
47947,15765675,15766267,592,mRNA
47948,15764220,15764621,401,mRNA
47949,15764783,15765208,425,mRNA
47950,15765273,15765577,304,mRNA
47951,15765675,15766123,448,mRNA
47952,15764376,15764621,245,CDS
47953,15764783,15765208,425,CDS
47954,15765273,15765589,316,CDS
47955,15765675,15765711,36,CDS
47956,15764376,15764621,245,CDS
47957,15764783,15765208,425,CDS
47958,15765273,15765577,304,CDS
47959,15765675,15765711,36,CDS
47960,15766133,15768349,2216,gene
47961,15768106,15768349,243,mRNA
47962,15767140,15768045,905,mRNA
47963,15766733,15767079,346,mRNA
47964,15766133,15766668,535,mRNA
47965,15768106,15768349,243,mRNA
47966,15767140,15768045,905,mRNA
47967,15766733,15767079,346,mRNA
47968,15766475,15766668,193,mRNA
47969,15768106,15768231,125,CDS
47970,15767140,15768045,905,CDS
47971,15766733,15767079,346,CDS
47972,15766635,15766668,33,CDS
47973,15768106,15768231,125,CDS
47974,15767140,15768045,905,CDS
47975,15766733,15767079,346,CDS
47976,15766635,15766668,33,CDS
47977,15768630,15771159,2529,gene
47978,15771050,15771159,109,mRNA
47979,15770897,15770992,95,mRNA
47980,15770609,15770841,232,mRNA
47981,15770431,15770553,122,mRNA
47982,15768630,15770371,1741,mRNA
47983,15771050,15771064,14,CDS
47984,15770897,15770992,95,CDS
47985,15770609,15770841,232,CDS
47986,15770431,15770553,122,CDS
47987,15768739,15770371,1632,CDS
47988,15771263,15773113,1850,gene
47989,15773011,15773113,102,mRNA
47990,15772463,15772778,315,mRNA
47991,15772028,15772403,375,mRNA
47992,15771577,15771751,174,mRNA
47993,15771263,15771520,257,mRNA
47994,15772463,15772689,226,mRNA
47995,15772028,15772403,375,mRNA
47996,15771577,15771751,174,mRNA
47997,15771263,15771520,257,mRNA
47998,15772463,15772541,78,CDS
47999,15772028,15772403,375,CDS
48000,15771577,15771751,174,CDS
48001,15771344,15771520,176,CDS
48002,15772463,15772541,78,CDS
48003,15772028,15772403,375,CDS
48004,15771577,15771751,174,CDS
48005,15771344,15771520,176,CDS
48006,15773609,15773635,26,mobile_element
48007,15776442,15776852,410,gene
48008,15776442,15776852,410,mRNA
48009,15776533,15776769,236,CDS
48010,15784085,15790146,6061,gene
48011,15784085,15784169,84,mRNA
48012,15784231,15790146,5915,mRNA
48013,15784255,15790050,5795,CDS
48014,15807181,15810319,3138,gene
48015,15810075,15810319,244,ncRNA
48016,15807181,15810018,2837,ncRNA
48017,15810075,15810319,244,ncRNA
48018,15809342,15810018,676,ncRNA
48019,15810571,15812141,1570,gene
48020,15811930,15812141,211,mRNA
48021,15810571,15811871,1300,mRNA
48022,15811930,15812141,211,mRNA
48023,15810980,15811871,891,mRNA
48024,15811930,15812130,200,CDS
48025,15811341,15811871,530,CDS
48026,15811930,15812130,200,CDS
48027,15811341,15811871,530,CDS
48028,15822296,15822942,646,gene
48029,15822786,15822942,156,ncRNA
48030,15822296,15822702,406,ncRNA
48031,15822786,15822942,156,ncRNA
48032,15822345,15822702,357,ncRNA
48033,15826915,15829287,2372,mobile_element
48034,15834218,15834417,199,gene
48035,15834218,15834417,199,ncRNA
48036,15834569,15835658,1089,gene
48037,15834569,15835658,1089,mRNA
48038,15834610,15835608,998,CDS
48039,15836725,15837444,719,gene
48040,15836725,15837270,545,exon
48041,15837345,15837444,99,exon
48042,15838501,15839906,1405,mobile_element
48043,15841010,15841427,417,gene
48044,15841010,15841427,417,ncRNA
48045,15846954,15847381,427,gene
48046,15846954,15847381,427,ncRNA
48047,15852592,15854110,1518,gene
48048,15852592,15852700,108,mRNA
48049,15852753,15854110,1357,mRNA
48050,15852592,15852700,108,mRNA
48051,15852753,15854064,1311,mRNA
48052,15852697,15852700,3,CDS
48053,15852753,15853966,1213,CDS
48054,15852697,15852700,3,CDS
48055,15852753,15853966,1213,CDS
48056,15854126,15856450,2324,gene
48057,15854126,15854722,596,mRNA
48058,15854814,15855088,274,mRNA
48059,15855154,15856450,1296,mRNA
48060,15854268,15854722,454,mRNA
48061,15854814,15855088,274,mRNA
48062,15855154,15856450,1296,mRNA
48063,15854363,15854722,359,CDS
48064,15854814,15855088,274,CDS
48065,15855154,15856276,1122,CDS
48066,15854363,15854722,359,CDS
48067,15854814,15855088,274,CDS
48068,15855154,15856276,1122,CDS
48069,15863200,15863663,463,gene
48070,15863200,15863369,169,ncRNA
48071,15863424,15863663,239,ncRNA
48072,15864929,15865461,532,gene
48073,15865316,15865461,145,mRNA
48074,15864929,15865250,321,mRNA
48075,15865316,15865429,113,mRNA
48076,15864968,15865250,282,mRNA
48077,15865316,15865423,107,CDS
48078,15865092,15865250,158,CDS
48079,15865316,15865423,107,CDS
48080,15865092,15865250,158,CDS
48081,15876938,15880156,3218,gene
48082,15879560,15880156,596,mRNA
48083,15879351,15879506,155,mRNA
48084,15877936,15879292,1356,mRNA
48085,15876938,15877728,790,mRNA
48086,15879560,15880065,505,CDS
48087,15879351,15879506,155,CDS
48088,15877936,15879292,1356,CDS
48089,15877615,15877728,113,CDS
48090,15882783,15883190,407,gene
48091,15883066,15883190,124,mRNA
48092,15882783,15883000,217,mRNA
48093,15883066,15883173,107,CDS
48094,15882863,15883000,137,CDS
48095,15887905,15888583,678,gene
48096,15887905,15888583,678,exon
48097,15888640,15893811,5171,gene
48098,15893658,15893811,153,mRNA
48099,15891989,15893176,1187,mRNA
48100,15891666,15891927,261,mRNA
48101,15891374,15891599,225,mRNA
48102,15891298,15891318,20,mRNA
48103,15891180,15891236,56,mRNA
48104,15891007,15891115,108,mRNA
48105,15889860,15890955,1095,mRNA
48106,15888640,15889745,1105,mRNA
48107,15893658,15893719,61,CDS
48108,15891989,15893176,1187,CDS
48109,15891666,15891927,261,CDS
48110,15891374,15891599,225,CDS
48111,15891298,15891318,20,CDS
48112,15891180,15891236,56,CDS
48113,15891007,15891115,108,CDS
48114,15889860,15890955,1095,CDS
48115,15888702,15889745,1043,CDS
48116,15894093,15894263,170,mobile_element
48117,15895454,15897071,1617,gene
48118,15895454,15895701,247,mRNA
48119,15895755,15896267,512,mRNA
48120,15896338,15896648,310,mRNA
48121,15896745,15897071,326,mRNA
48122,15895454,15895701,247,mRNA
48123,15895755,15895811,56,mRNA
48124,15895869,15896267,398,mRNA
48125,15896338,15896648,310,mRNA
48126,15896745,15897071,326,mRNA
48127,15895897,15896267,370,CDS
48128,15896338,15896648,310,CDS
48129,15896745,15897001,256,CDS
48130,15895897,15896267,370,CDS
48131,15896338,15896648,310,CDS
48132,15896745,15897001,256,CDS
48133,15898879,15900524,1645,gene
48134,15900371,15900524,153,mRNA
48135,15899293,15900204,911,mRNA
48136,15898879,15899215,336,mRNA
48137,15900371,15900446,75,CDS
48138,15899293,15900204,911,CDS
48139,15898920,15899215,295,CDS
48140,15900935,15902410,1475,gene
48141,15901405,15902410,1005,mRNA
48142,15900935,15901351,416,mRNA
48143,15901405,15902410,1005,mRNA
48144,15900985,15901351,366,mRNA
48145,15901405,15902377,972,CDS
48146,15901041,15901351,310,CDS
48147,15901405,15902377,972,CDS
48148,15901041,15901351,310,CDS
48149,15902768,15902820,52,mobile_element
48150,15905134,15962435,57301,gene
48151,15962009,15962435,426,mRNA
48152,15939364,15940082,718,mRNA
48153,15908067,15908278,211,mRNA
48154,15906864,15906999,135,mRNA
48155,15906549,15906805,256,mRNA
48156,15906318,15906489,171,mRNA
48157,15905134,15905813,679,mRNA
48158,15962001,15962435,434,mRNA
48159,15939364,15940082,718,mRNA
48160,15908067,15908278,211,mRNA
48161,15906864,15906999,135,mRNA
48162,15906549,15906805,256,mRNA
48163,15906318,15906489,171,mRNA
48164,15905134,15905813,679,mRNA
48165,15939364,15939433,69,CDS
48166,15908067,15908278,211,CDS
48167,15906864,15906999,135,CDS
48168,15906549,15906805,256,CDS
48169,15906318,15906489,171,CDS
48170,15905677,15905813,136,CDS
48171,15939364,15939433,69,CDS
48172,15908067,15908278,211,CDS
48173,15906864,15906999,135,CDS
48174,15906549,15906805,256,CDS
48175,15906318,15906489,171,CDS
48176,15905677,15905813,136,CDS
48177,15911691,15912062,371,gene
48178,15911691,15912062,371,ncRNA
48179,15912558,15913109,551,gene
48180,15912558,15913109,551,ncRNA
48181,15916888,15917607,719,gene
48182,15916888,15917010,122,mRNA
48183,15917120,15917607,487,mRNA
48184,15916938,15917010,72,CDS
48185,15917120,15917355,235,CDS
48186,15922917,15923189,272,mobile_element
48187,15923395,15926287,2892,gene
48188,15923395,15923619,224,mRNA
48189,15923681,15926287,2606,mRNA
48190,15923410,15923619,209,CDS
48191,15923681,15926203,2522,CDS
48192,15941441,15942854,1413,gene
48193,15941441,15942062,621,mRNA
48194,15942125,15942420,295,mRNA
48195,15942480,15942854,374,mRNA
48196,15941506,15942062,556,CDS
48197,15942125,15942420,295,CDS
48198,15942480,15942685,205,CDS
48199,15956082,15957487,1405,mobile_element
48200,15957858,15959431,1573,gene
48201,15957858,15957975,117,mRNA
48202,15958031,15958132,101,mRNA
48203,15958186,15958584,398,mRNA
48204,15958699,15959027,328,mRNA
48205,15959097,15959431,334,mRNA
48206,15957858,15957972,114,mRNA
48207,15958031,15958132,101,mRNA
48208,15958186,15958584,398,mRNA
48209,15958699,15959027,328,mRNA
48210,15959097,15959431,334,mRNA
48211,15957858,15957975,117,mRNA
48212,15958031,15958132,101,mRNA
48213,15958186,15958584,398,mRNA
48214,15958699,15959027,328,mRNA
48215,15959097,15959424,327,mRNA
48216,15957941,15957975,34,CDS
48217,15958031,15958132,101,CDS
48218,15958186,15958584,398,CDS
48219,15958699,15959027,328,CDS
48220,15959097,15959350,253,CDS
48221,15957941,15957975,34,CDS
48222,15958031,15958132,101,CDS
48223,15958186,15958584,398,CDS
48224,15958699,15959027,328,CDS
48225,15959097,15959350,253,CDS
48226,15957941,15957972,31,CDS
48227,15958031,15958132,101,CDS
48228,15958186,15958584,398,CDS
48229,15958699,15959027,328,CDS
48230,15959097,15959350,253,CDS
48231,15960243,15961190,947,gene
48232,15960243,15960493,250,ncRNA
48233,15960558,15960718,160,ncRNA
48234,15960783,15961190,407,ncRNA
48235,15979486,15981455,1969,gene
48236,15979486,15980162,676,mRNA
48237,15980833,15981455,622,mRNA
48238,15979486,15980508,1022,mRNA
48239,15979486,15980177,691,mRNA
48240,15979572,15980120,548,CDS
48241,15979572,15980120,548,CDS
48242,15979572,15980120,548,CDS
48243,15989756,15989957,201,gene
48244,15989756,15989957,201,ncRNA
48245,16000291,16041703,41412,gene
48246,16000291,16001254,963,mRNA
48247,16013953,16014288,335,mRNA
48248,16032380,16032591,211,mRNA
48249,16034188,16034323,135,mRNA
48250,16034580,16034713,133,mRNA
48251,16037141,16037263,122,mRNA
48252,16037337,16037526,189,mRNA
48253,16038875,16041703,2828,mRNA
48254,16000520,16001254,734,mRNA
48255,16013953,16014288,335,mRNA
48256,16032380,16032591,211,mRNA
48257,16034188,16034323,135,mRNA
48258,16034580,16034713,133,mRNA
48259,16037141,16037263,122,mRNA
48260,16037337,16037526,189,mRNA
48261,16038875,16041703,2828,mRNA
48262,16000520,16001254,734,mRNA
48263,16013953,16014288,335,mRNA
48264,16032380,16032591,211,mRNA
48265,16034188,16034323,135,mRNA
48266,16034580,16034713,133,mRNA
48267,16037141,16037263,122,mRNA
48268,16037337,16037526,189,mRNA
48269,16038875,16040407,1532,mRNA
48270,16001785,16002401,616,gene
48271,16001785,16001876,91,ncRNA
48272,16001929,16002139,210,ncRNA
48273,16002196,16002401,205,ncRNA
48274,16002981,16003641,660,gene
48275,16002981,16003641,660,mRNA
48276,16003061,16003444,383,CDS
48277,16003756,16004292,536,gene
48278,16004273,16004292,19,ncRNA
48279,16003756,16004196,440,ncRNA
48280,16003756,16004292,536,ncRNA
48281,16004325,16005461,1136,gene
48282,16004325,16005461,1136,gene
48283,16004325,16005015,690,mRNA
48284,16005088,16005461,373,mRNA
48285,16004325,16005015,690,mRNA
48286,16005088,16005461,373,mRNA
48287,16004581,16005015,434,mRNA
48288,16005088,16005461,373,mRNA
48289,16004581,16005015,434,mRNA
48290,16005088,16005461,373,mRNA
48291,16004694,16004855,161,CDS
48292,16004694,16004855,161,CDS
48293,16004966,16005015,49,mRNA
48294,16005088,16005461,373,mRNA
48295,16005110,16005352,242,CDS
48296,16005110,16005352,242,CDS
48297,16005110,16005352,242,CDS
48298,16005789,16006279,490,gene
48299,16006167,16006279,112,mRNA
48300,16005789,16006094,305,mRNA
48301,16006167,16006279,112,mRNA
48302,16005789,16006115,326,mRNA
48303,16005906,16006094,188,CDS
48304,16005906,16006094,188,CDS
48305,16006300,16006713,413,gene
48306,16006300,16006713,413,ncRNA
48307,16014135,16014288,153,CDS
48308,16032380,16032591,211,CDS
48309,16034188,16034323,135,CDS
48310,16034580,16034713,133,CDS
48311,16037141,16037263,122,CDS
48312,16037337,16037526,189,CDS
48313,16038875,16039530,655,CDS
48314,16014135,16014288,153,CDS
48315,16032380,16032591,211,CDS
48316,16034188,16034323,135,CDS
48317,16034580,16034713,133,CDS
48318,16037141,16037263,122,CDS
48319,16037337,16037526,189,CDS
48320,16038875,16039530,655,CDS
48321,16014135,16014288,153,CDS
48322,16032380,16032591,211,CDS
48323,16034188,16034323,135,CDS
48324,16034580,16034713,133,CDS
48325,16037141,16037263,122,CDS
48326,16037337,16037526,189,CDS
48327,16038875,16039530,655,CDS
48328,16040641,16040682,41,mobile_element
48329,16042047,16048757,6710,gene
48330,16042047,16048757,6710,gene
48331,16042047,16042527,480,mRNA
48332,16043075,16043245,170,mRNA
48333,16043824,16044361,537,mRNA
48334,16044423,16044472,49,mRNA
48335,16044788,16044857,69,mRNA
48336,16044921,16045000,79,mRNA
48337,16045066,16045392,326,mRNA
48338,16045841,16045966,125,mRNA
48339,16046027,16046408,381,mRNA
48340,16046602,16047729,1127,mRNA
48341,16047958,16048626,668,mRNA
48342,16042047,16042527,480,mRNA
48343,16043075,16043245,170,mRNA
48344,16043824,16044361,537,mRNA
48345,16044423,16044472,49,mRNA
48346,16044788,16044857,69,mRNA
48347,16044921,16045000,79,mRNA
48348,16045066,16045392,326,mRNA
48349,16045841,16045966,125,mRNA
48350,16046027,16046408,381,mRNA
48351,16046602,16047729,1127,mRNA
48352,16047958,16048626,668,mRNA
48353,16042917,16043245,328,mRNA
48354,16043824,16044361,537,mRNA
48355,16044423,16044472,49,mRNA
48356,16044788,16044857,69,mRNA
48357,16044921,16045000,79,mRNA
48358,16045066,16045392,326,mRNA
48359,16045841,16045966,125,mRNA
48360,16046027,16046408,381,mRNA
48361,16046602,16047729,1127,mRNA
48362,16047958,16048757,799,mRNA
48363,16042917,16043245,328,mRNA
48364,16043824,16044361,537,mRNA
48365,16044423,16044472,49,mRNA
48366,16044788,16044857,69,mRNA
48367,16044921,16045000,79,mRNA
48368,16045066,16045392,326,mRNA
48369,16045841,16045966,125,mRNA
48370,16046027,16046408,381,mRNA
48371,16046602,16047729,1127,mRNA
48372,16047958,16048757,799,mRNA
48373,16043087,16043221,134,CDS
48374,16043087,16043221,134,CDS
48375,16044055,16044361,306,CDS
48376,16044423,16044472,49,CDS
48377,16044788,16044857,69,CDS
48378,16044921,16045000,79,CDS
48379,16045066,16045392,326,CDS
48380,16045841,16045966,125,CDS
48381,16046027,16046408,381,CDS
48382,16046602,16047729,1127,CDS
48383,16047958,16048205,247,CDS
48384,16044055,16044361,306,CDS
48385,16044423,16044472,49,CDS
48386,16044788,16044857,69,CDS
48387,16044921,16045000,79,CDS
48388,16045066,16045392,326,CDS
48389,16045841,16045966,125,CDS
48390,16046027,16046408,381,CDS
48391,16046602,16047729,1127,CDS
48392,16047958,16048205,247,CDS
48393,16044552,16044857,305,mRNA
48394,16044921,16045000,79,mRNA
48395,16045066,16045392,326,mRNA
48396,16045841,16045966,125,mRNA
48397,16046027,16046408,381,mRNA
48398,16046602,16047729,1127,mRNA
48399,16047958,16048626,668,mRNA
48400,16044791,16044857,66,CDS
48401,16044921,16045000,79,CDS
48402,16045066,16045392,326,CDS
48403,16045841,16045966,125,CDS
48404,16046027,16046408,381,CDS
48405,16046602,16047729,1127,CDS
48406,16047958,16048205,247,CDS
48407,16049965,16081684,31719,gene
48408,16049965,16050710,745,mRNA
48409,16056252,16056338,86,mRNA
48410,16075098,16075306,208,mRNA
48411,16076670,16076805,135,mRNA
48412,16078156,16078289,133,mRNA
48413,16079814,16079936,122,mRNA
48414,16080001,16080196,195,mRNA
48415,16080446,16081684,1238,mRNA
48416,16049965,16050710,745,mRNA
48417,16056252,16056338,86,mRNA
48418,16075098,16075306,208,mRNA
48419,16076670,16076805,135,mRNA
48420,16078156,16078289,133,mRNA
48421,16079814,16079936,122,mRNA
48422,16080001,16080196,195,mRNA
48423,16080476,16081684,1208,mRNA
48424,16056275,16056338,63,CDS
48425,16075098,16075306,208,CDS
48426,16076670,16076805,135,CDS
48427,16078156,16078289,133,CDS
48428,16079814,16079936,122,CDS
48429,16080001,16080196,195,CDS
48430,16080446,16080897,451,CDS
48431,16056275,16056338,63,CDS
48432,16075098,16075306,208,CDS
48433,16076670,16076805,135,CDS
48434,16078156,16078289,133,CDS
48435,16079814,16079936,122,CDS
48436,16080001,16080196,195,CDS
48437,16080476,16080897,421,CDS
48438,16072835,16073569,734,gene
48439,16072835,16073569,734,ncRNA
48440,16094997,16095944,947,gene
48441,16094997,16095944,947,mRNA
48442,16095036,16095944,908,CDS
48443,16120109,16120182,73,mobile_element
48444,16133508,16134412,904,gene
48445,16133508,16134412,904,mRNA
48446,16133716,16134288,572,CDS
48447,16134714,16135272,558,gene
48448,16135162,16135272,110,mRNA
48449,16134714,16135094,380,mRNA
48450,16134906,16135088,182,CDS
48451,16135365,16136204,839,gene
48452,16135365,16136204,839,ncRNA
48453,16141218,16146366,5148,mobile_element
48454,16153791,16160787,6996,mobile_element
48455,16163406,16163493,87,mobile_element
48456,16165831,16190540,24709,gene
48457,16165831,16165935,104,mRNA
48458,16166218,16166451,233,mRNA
48459,16171972,16173248,1276,mRNA
48460,16173319,16173544,225,mRNA
48461,16173718,16173823,105,mRNA
48462,16174057,16174196,139,mRNA
48463,16174416,16174522,106,mRNA
48464,16174855,16175007,152,mRNA
48465,16175435,16175616,181,mRNA
48466,16175717,16176236,519,mRNA
48467,16176300,16176525,225,mRNA
48468,16176592,16176802,210,mRNA
48469,16176865,16177074,209,mRNA
48470,16177133,16177251,118,mRNA
48471,16177336,16177394,58,mRNA
48472,16178375,16178492,117,mRNA
48473,16178907,16179036,129,mRNA
48474,16179201,16179367,166,mRNA
48475,16179459,16179546,87,mRNA
48476,16180139,16180246,107,mRNA
48477,16181804,16181911,107,mRNA
48478,16182779,16182831,52,mRNA
48479,16182893,16183039,146,mRNA
48480,16183104,16183575,471,mRNA
48481,16183630,16183713,83,mRNA
48482,16183769,16183834,65,mRNA
48483,16183890,16184078,188,mRNA
48484,16184138,16184386,248,mRNA
48485,16184447,16185106,659,mRNA
48486,16185193,16185626,433,mRNA
48487,16186111,16186151,40,mRNA
48488,16189025,16189155,130,mRNA
48489,16189211,16190540,1329,mRNA
48490,16165831,16165935,104,mRNA
48491,16166218,16166451,233,mRNA
48492,16171972,16173248,1276,mRNA
48493,16173319,16173544,225,mRNA
48494,16173718,16173823,105,mRNA
48495,16174057,16174196,139,mRNA
48496,16174416,16174522,106,mRNA
48497,16174855,16175007,152,mRNA
48498,16175435,16175616,181,mRNA
48499,16175717,16176236,519,mRNA
48500,16176300,16176525,225,mRNA
48501,16176592,16176802,210,mRNA
48502,16176865,16177074,209,mRNA
48503,16177133,16177251,118,mRNA
48504,16177336,16177394,58,mRNA
48505,16177678,16177804,126,mRNA
48506,16178907,16179036,129,mRNA
48507,16179201,16179367,166,mRNA
48508,16179459,16179546,87,mRNA
48509,16180139,16180246,107,mRNA
48510,16182779,16182831,52,mRNA
48511,16182893,16183039,146,mRNA
48512,16183104,16183575,471,mRNA
48513,16183630,16183713,83,mRNA
48514,16183769,16183834,65,mRNA
48515,16183890,16184078,188,mRNA
48516,16184138,16184386,248,mRNA
48517,16184447,16185106,659,mRNA
48518,16185193,16185626,433,mRNA
48519,16186111,16186151,40,mRNA
48520,16189025,16189155,130,mRNA
48521,16189211,16190079,868,mRNA
48522,16165831,16165935,104,mRNA
48523,16166218,16166451,233,mRNA
48524,16171972,16173248,1276,mRNA
48525,16173319,16173544,225,mRNA
48526,16173718,16173823,105,mRNA
48527,16174057,16174196,139,mRNA
48528,16174416,16174522,106,mRNA
48529,16174855,16175007,152,mRNA
48530,16175435,16175616,181,mRNA
48531,16175717,16176236,519,mRNA
48532,16176300,16176525,225,mRNA
48533,16176592,16176802,210,mRNA
48534,16176865,16177074,209,mRNA
48535,16177133,16177251,118,mRNA
48536,16177336,16177394,58,mRNA
48537,16178375,16178492,117,mRNA
48538,16178907,16179036,129,mRNA
48539,16179201,16179367,166,mRNA
48540,16179459,16179546,87,mRNA
48541,16180139,16180246,107,mRNA
48542,16182779,16182831,52,mRNA
48543,16182893,16183039,146,mRNA
48544,16183104,16183575,471,mRNA
48545,16183630,16183713,83,mRNA
48546,16183769,16183834,65,mRNA
48547,16183890,16184078,188,mRNA
48548,16184138,16184386,248,mRNA
48549,16184447,16185106,659,mRNA
48550,16185193,16185626,433,mRNA
48551,16186111,16186151,40,mRNA
48552,16189025,16189155,130,mRNA
48553,16189211,16190079,868,mRNA
48554,16165831,16165935,104,mRNA
48555,16166218,16166451,233,mRNA
48556,16171972,16173248,1276,mRNA
48557,16173319,16173544,225,mRNA
48558,16173718,16173823,105,mRNA
48559,16174057,16174196,139,mRNA
48560,16174416,16174522,106,mRNA
48561,16174855,16175007,152,mRNA
48562,16175435,16175616,181,mRNA
48563,16175717,16176236,519,mRNA
48564,16176300,16176525,225,mRNA
48565,16176592,16176802,210,mRNA
48566,16176865,16177074,209,mRNA
48567,16177133,16177251,118,mRNA
48568,16177336,16177394,58,mRNA
48569,16178375,16178492,117,mRNA
48570,16178907,16179036,129,mRNA
48571,16179201,16179367,166,mRNA
48572,16179459,16179546,87,mRNA
48573,16180139,16180246,107,mRNA
48574,16182779,16182831,52,mRNA
48575,16182893,16183039,146,mRNA
48576,16183104,16183575,471,mRNA
48577,16183630,16183713,83,mRNA
48578,16183769,16183834,65,mRNA
48579,16183890,16184078,188,mRNA
48580,16184138,16184386,248,mRNA
48581,16184447,16185106,659,mRNA
48582,16185193,16185626,433,mRNA
48583,16187455,16187840,385,mRNA
48584,16189025,16189155,130,mRNA
48585,16189211,16190079,868,mRNA
48586,16165831,16165935,104,mRNA
48587,16166218,16166451,233,mRNA
48588,16171972,16173248,1276,mRNA
48589,16173319,16173544,225,mRNA
48590,16173718,16173823,105,mRNA
48591,16174057,16174196,139,mRNA
48592,16174416,16174522,106,mRNA
48593,16174855,16175007,152,mRNA
48594,16175435,16175616,181,mRNA
48595,16175717,16176236,519,mRNA
48596,16176300,16176525,225,mRNA
48597,16176592,16176802,210,mRNA
48598,16176865,16177074,209,mRNA
48599,16177133,16177251,118,mRNA
48600,16177336,16177394,58,mRNA
48601,16178375,16178492,117,mRNA
48602,16178907,16179036,129,mRNA
48603,16179201,16179367,166,mRNA
48604,16179459,16179546,87,mRNA
48605,16181804,16181911,107,mRNA
48606,16182779,16182831,52,mRNA
48607,16182893,16183039,146,mRNA
48608,16183104,16183575,471,mRNA
48609,16183630,16183713,83,mRNA
48610,16183769,16183834,65,mRNA
48611,16183890,16184078,188,mRNA
48612,16184138,16184386,248,mRNA
48613,16184447,16185106,659,mRNA
48614,16185193,16185626,433,mRNA
48615,16186111,16186151,40,mRNA
48616,16189025,16189155,130,mRNA
48617,16189211,16190079,868,mRNA
48618,16168346,16168557,211,mRNA
48619,16169487,16169906,419,mRNA
48620,16170259,16171048,789,mRNA
48621,16171972,16173248,1276,mRNA
48622,16173319,16173544,225,mRNA
48623,16173718,16173823,105,mRNA
48624,16174057,16174196,139,mRNA
48625,16174416,16174522,106,mRNA
48626,16174855,16175007,152,mRNA
48627,16175435,16175616,181,mRNA
48628,16175717,16176236,519,mRNA
48629,16176300,16176525,225,mRNA
48630,16176592,16176802,210,mRNA
48631,16176865,16177074,209,mRNA
48632,16177133,16177251,118,mRNA
48633,16177336,16177394,58,mRNA
48634,16178375,16178492,117,mRNA
48635,16178907,16179036,129,mRNA
48636,16179201,16179367,166,mRNA
48637,16179459,16179546,87,mRNA
48638,16180139,16180246,107,mRNA
48639,16182779,16182831,52,mRNA
48640,16182893,16183039,146,mRNA
48641,16183104,16183575,471,mRNA
48642,16183630,16183713,83,mRNA
48643,16183769,16183834,65,mRNA
48644,16183890,16184078,188,mRNA
48645,16184138,16184386,248,mRNA
48646,16184447,16185106,659,mRNA
48647,16185193,16185626,433,mRNA
48648,16186111,16186151,40,mRNA
48649,16189025,16189155,130,mRNA
48650,16189211,16190540,1329,mRNA
48651,16168346,16168471,125,mRNA
48652,16169487,16169906,419,mRNA
48653,16170259,16171048,789,mRNA
48654,16171972,16173248,1276,mRNA
48655,16173319,16173544,225,mRNA
48656,16173718,16173823,105,mRNA
48657,16174057,16174196,139,mRNA
48658,16174416,16174522,106,mRNA
48659,16174855,16175007,152,mRNA
48660,16175435,16175616,181,mRNA
48661,16175717,16176236,519,mRNA
48662,16176300,16176525,225,mRNA
48663,16176592,16176802,210,mRNA
48664,16176865,16177074,209,mRNA
48665,16177133,16177251,118,mRNA
48666,16177336,16177394,58,mRNA
48667,16178375,16178492,117,mRNA
48668,16178907,16179036,129,mRNA
48669,16179201,16179367,166,mRNA
48670,16179459,16179546,87,mRNA
48671,16180139,16180246,107,mRNA
48672,16182779,16182831,52,mRNA
48673,16182893,16183039,146,mRNA
48674,16183104,16183575,471,mRNA
48675,16183630,16183713,83,mRNA
48676,16183769,16183834,65,mRNA
48677,16183890,16184078,188,mRNA
48678,16184138,16184386,248,mRNA
48679,16184447,16185106,659,mRNA
48680,16185193,16185626,433,mRNA
48681,16189025,16189155,130,mRNA
48682,16189211,16190540,1329,mRNA
48683,16168346,16168557,211,mRNA
48684,16169487,16169906,419,mRNA
48685,16170259,16171048,789,mRNA
48686,16171972,16173248,1276,mRNA
48687,16173319,16173544,225,mRNA
48688,16173718,16173823,105,mRNA
48689,16174057,16174196,139,mRNA
48690,16174416,16174522,106,mRNA
48691,16174855,16175007,152,mRNA
48692,16175435,16175616,181,mRNA
48693,16175717,16176236,519,mRNA
48694,16176300,16176525,225,mRNA
48695,16176592,16176802,210,mRNA
48696,16176865,16177074,209,mRNA
48697,16177133,16177251,118,mRNA
48698,16177336,16177394,58,mRNA
48699,16177678,16177804,126,mRNA
48700,16178907,16179036,129,mRNA
48701,16179201,16179367,166,mRNA
48702,16179459,16179546,87,mRNA
48703,16180139,16180246,107,mRNA
48704,16182779,16182831,52,mRNA
48705,16182893,16183039,146,mRNA
48706,16183104,16183575,471,mRNA
48707,16183630,16183713,83,mRNA
48708,16183769,16183834,65,mRNA
48709,16183890,16184078,188,mRNA
48710,16184138,16184386,248,mRNA
48711,16184447,16185106,659,mRNA
48712,16185193,16185626,433,mRNA
48713,16186111,16186151,40,mRNA
48714,16189025,16189155,130,mRNA
48715,16189211,16190079,868,mRNA
48716,16168346,16168471,125,mRNA
48717,16169487,16169906,419,mRNA
48718,16170259,16171144,885,mRNA
48719,16171972,16173248,1276,mRNA
48720,16173319,16173544,225,mRNA
48721,16173718,16173823,105,mRNA
48722,16174057,16174196,139,mRNA
48723,16174416,16174522,106,mRNA
48724,16174855,16175007,152,mRNA
48725,16175435,16175616,181,mRNA
48726,16175717,16176236,519,mRNA
48727,16176300,16176525,225,mRNA
48728,16176592,16176802,210,mRNA
48729,16176865,16177074,209,mRNA
48730,16177133,16177251,118,mRNA
48731,16177336,16177394,58,mRNA
48732,16177693,16177804,111,mRNA
48733,16178907,16179036,129,mRNA
48734,16179201,16179367,166,mRNA
48735,16179459,16179546,87,mRNA
48736,16181804,16181911,107,mRNA
48737,16182779,16182831,52,mRNA
48738,16182893,16183039,146,mRNA
48739,16183104,16183575,471,mRNA
48740,16183630,16183713,83,mRNA
48741,16183769,16183834,65,mRNA
48742,16183890,16184078,188,mRNA
48743,16184138,16184386,248,mRNA
48744,16184447,16185106,659,mRNA
48745,16185193,16185626,433,mRNA
48746,16186111,16186151,40,mRNA
48747,16189025,16189155,130,mRNA
48748,16189211,16190079,868,mRNA
48749,16168346,16168471,125,mRNA
48750,16169487,16169906,419,mRNA
48751,16170259,16171048,789,mRNA
48752,16171972,16173248,1276,mRNA
48753,16173319,16173544,225,mRNA
48754,16173718,16173823,105,mRNA
48755,16174057,16174196,139,mRNA
48756,16174416,16174522,106,mRNA
48757,16174855,16175007,152,mRNA
48758,16175435,16175616,181,mRNA
48759,16175717,16176236,519,mRNA
48760,16176300,16176525,225,mRNA
48761,16176592,16176802,210,mRNA
48762,16176865,16177074,209,mRNA
48763,16177133,16177251,118,mRNA
48764,16177336,16177394,58,mRNA
48765,16178375,16178492,117,mRNA
48766,16178907,16179036,129,mRNA
48767,16179201,16179367,166,mRNA
48768,16179459,16179546,87,mRNA
48769,16180139,16180246,107,mRNA
48770,16181804,16181911,107,mRNA
48771,16182779,16182831,52,mRNA
48772,16182893,16183039,146,mRNA
48773,16183104,16183575,471,mRNA
48774,16183630,16183713,83,mRNA
48775,16183769,16183834,65,mRNA
48776,16183890,16184078,188,mRNA
48777,16184138,16184386,248,mRNA
48778,16184447,16185106,659,mRNA
48779,16185193,16185626,433,mRNA
48780,16186111,16186151,40,mRNA
48781,16189025,16189155,130,mRNA
48782,16189211,16190079,868,mRNA
48783,16170708,16171144,436,CDS
48784,16171972,16173248,1276,CDS
48785,16173319,16173544,225,CDS
48786,16173718,16173823,105,CDS
48787,16174057,16174196,139,CDS
48788,16174416,16174522,106,CDS
48789,16174855,16175007,152,CDS
48790,16175435,16175616,181,CDS
48791,16175717,16176236,519,CDS
48792,16176300,16176525,225,CDS
48793,16176592,16176802,210,CDS
48794,16176865,16177074,209,CDS
48795,16177133,16177251,118,CDS
48796,16177336,16177394,58,CDS
48797,16177693,16177804,111,CDS
48798,16178907,16179036,129,CDS
48799,16179201,16179367,166,CDS
48800,16179459,16179546,87,CDS
48801,16181804,16181911,107,CDS
48802,16182779,16182831,52,CDS
48803,16182893,16183039,146,CDS
48804,16183104,16183575,471,CDS
48805,16183630,16183713,83,CDS
48806,16183769,16183834,65,CDS
48807,16183890,16184078,188,CDS
48808,16184138,16184386,248,CDS
48809,16184447,16185106,659,CDS
48810,16185193,16185626,433,CDS
48811,16186111,16186151,40,CDS
48812,16189025,16189155,130,CDS
48813,16189211,16189747,536,CDS
48814,16170708,16171048,340,CDS
48815,16171972,16173248,1276,CDS
48816,16173319,16173544,225,CDS
48817,16173718,16173823,105,CDS
48818,16174057,16174196,139,CDS
48819,16174416,16174522,106,CDS
48820,16174855,16175007,152,CDS
48821,16175435,16175616,181,CDS
48822,16175717,16176236,519,CDS
48823,16176300,16176525,225,CDS
48824,16176592,16176802,210,CDS
48825,16176865,16177074,209,CDS
48826,16177133,16177251,118,CDS
48827,16177336,16177394,58,CDS
48828,16177678,16177804,126,CDS
48829,16178907,16179036,129,CDS
48830,16179201,16179367,166,CDS
48831,16179459,16179546,87,CDS
48832,16180139,16180246,107,CDS
48833,16182779,16182831,52,CDS
48834,16182893,16183039,146,CDS
48835,16183104,16183575,471,CDS
48836,16183630,16183713,83,CDS
48837,16183769,16183834,65,CDS
48838,16183890,16184078,188,CDS
48839,16184138,16184386,248,CDS
48840,16184447,16185106,659,CDS
48841,16185193,16185626,433,CDS
48842,16186111,16186151,40,CDS
48843,16189025,16189155,130,CDS
48844,16189211,16189747,536,CDS
48845,16170708,16171048,340,CDS
48846,16171972,16173248,1276,CDS
48847,16173319,16173544,225,CDS
48848,16173718,16173823,105,CDS
48849,16174057,16174196,139,CDS
48850,16174416,16174522,106,CDS
48851,16174855,16175007,152,CDS
48852,16175435,16175616,181,CDS
48853,16175717,16176236,519,CDS
48854,16176300,16176525,225,CDS
48855,16176592,16176802,210,CDS
48856,16176865,16177074,209,CDS
48857,16177133,16177251,118,CDS
48858,16177336,16177394,58,CDS
48859,16178375,16178492,117,CDS
48860,16178907,16179036,129,CDS
48861,16179201,16179367,166,CDS
48862,16179459,16179546,87,CDS
48863,16180139,16180246,107,CDS
48864,16181804,16181911,107,CDS
48865,16182779,16182831,52,CDS
48866,16182893,16183039,146,CDS
48867,16183104,16183575,471,CDS
48868,16183630,16183713,83,CDS
48869,16183769,16183834,65,CDS
48870,16183890,16184078,188,CDS
48871,16184138,16184386,248,CDS
48872,16184447,16185106,659,CDS
48873,16185193,16185626,433,CDS
48874,16186111,16186151,40,CDS
48875,16189025,16189155,130,CDS
48876,16189211,16189747,536,CDS
48877,16170708,16171048,340,CDS
48878,16171972,16173248,1276,CDS
48879,16173319,16173544,225,CDS
48880,16173718,16173823,105,CDS
48881,16174057,16174196,139,CDS
48882,16174416,16174522,106,CDS
48883,16174855,16175007,152,CDS
48884,16175435,16175616,181,CDS
48885,16175717,16176236,519,CDS
48886,16176300,16176525,225,CDS
48887,16176592,16176802,210,CDS
48888,16176865,16177074,209,CDS
48889,16177133,16177251,118,CDS
48890,16177336,16177394,58,CDS
48891,16178375,16178492,117,CDS
48892,16178907,16179036,129,CDS
48893,16179201,16179367,166,CDS
48894,16179459,16179546,87,CDS
48895,16180139,16180246,107,CDS
48896,16182779,16182831,52,CDS
48897,16182893,16183039,146,CDS
48898,16183104,16183575,471,CDS
48899,16183630,16183713,83,CDS
48900,16183769,16183834,65,CDS
48901,16183890,16184078,188,CDS
48902,16184138,16184386,248,CDS
48903,16184447,16185106,659,CDS
48904,16185193,16185626,433,CDS
48905,16186111,16186151,40,CDS
48906,16189025,16189155,130,CDS
48907,16189211,16189747,536,CDS
48908,16170708,16171048,340,CDS
48909,16171972,16173248,1276,CDS
48910,16173319,16173544,225,CDS
48911,16173718,16173823,105,CDS
48912,16174057,16174196,139,CDS
48913,16174416,16174522,106,CDS
48914,16174855,16175007,152,CDS
48915,16175435,16175616,181,CDS
48916,16175717,16176236,519,CDS
48917,16176300,16176525,225,CDS
48918,16176592,16176802,210,CDS
48919,16176865,16177074,209,CDS
48920,16177133,16177251,118,CDS
48921,16177336,16177394,58,CDS
48922,16178375,16178492,117,CDS
48923,16178907,16179036,129,CDS
48924,16179201,16179367,166,CDS
48925,16179459,16179546,87,CDS
48926,16180139,16180246,107,CDS
48927,16182779,16182831,52,CDS
48928,16182893,16183039,146,CDS
48929,16183104,16183575,471,CDS
48930,16183630,16183713,83,CDS
48931,16183769,16183834,65,CDS
48932,16183890,16184078,188,CDS
48933,16184138,16184386,248,CDS
48934,16184447,16185106,659,CDS
48935,16185193,16185626,433,CDS
48936,16189025,16189085,60,CDS
48937,16173110,16173248,138,CDS
48938,16173319,16173544,225,CDS
48939,16173718,16173823,105,CDS
48940,16174057,16174196,139,CDS
48941,16174416,16174522,106,CDS
48942,16174855,16175007,152,CDS
48943,16175435,16175616,181,CDS
48944,16175717,16176236,519,CDS
48945,16176300,16176525,225,CDS
48946,16176592,16176802,210,CDS
48947,16176865,16177074,209,CDS
48948,16177133,16177251,118,CDS
48949,16177336,16177394,58,CDS
48950,16177678,16177804,126,CDS
48951,16178907,16179036,129,CDS
48952,16179201,16179367,166,CDS
48953,16179459,16179546,87,CDS
48954,16180139,16180246,107,CDS
48955,16182779,16182831,52,CDS
48956,16182893,16183039,146,CDS
48957,16183104,16183575,471,CDS
48958,16183630,16183713,83,CDS
48959,16183769,16183834,65,CDS
48960,16183890,16184078,188,CDS
48961,16184138,16184386,248,CDS
48962,16184447,16185106,659,CDS
48963,16185193,16185626,433,CDS
48964,16186111,16186151,40,CDS
48965,16189025,16189155,130,CDS
48966,16189211,16189747,536,CDS
48967,16173110,16173248,138,CDS
48968,16173319,16173544,225,CDS
48969,16173718,16173823,105,CDS
48970,16174057,16174196,139,CDS
48971,16174416,16174522,106,CDS
48972,16174855,16175007,152,CDS
48973,16175435,16175616,181,CDS
48974,16175717,16176236,519,CDS
48975,16176300,16176525,225,CDS
48976,16176592,16176802,210,CDS
48977,16176865,16177074,209,CDS
48978,16177133,16177251,118,CDS
48979,16177336,16177394,58,CDS
48980,16178375,16178492,117,CDS
48981,16178907,16179036,129,CDS
48982,16179201,16179367,166,CDS
48983,16179459,16179546,87,CDS
48984,16180139,16180246,107,CDS
48985,16181804,16181911,107,CDS
48986,16182779,16182831,52,CDS
48987,16182893,16183039,146,CDS
48988,16183104,16183575,471,CDS
48989,16183630,16183713,83,CDS
48990,16183769,16183834,65,CDS
48991,16183890,16184078,188,CDS
48992,16184138,16184386,248,CDS
48993,16184447,16185106,659,CDS
48994,16185193,16185626,433,CDS
48995,16186111,16186151,40,CDS
48996,16189025,16189155,130,CDS
48997,16189211,16189747,536,CDS
48998,16173110,16173248,138,CDS
48999,16173319,16173544,225,CDS
49000,16173718,16173823,105,CDS
49001,16174057,16174196,139,CDS
49002,16174416,16174522,106,CDS
49003,16174855,16175007,152,CDS
49004,16175435,16175616,181,CDS
49005,16175717,16176236,519,CDS
49006,16176300,16176525,225,CDS
49007,16176592,16176802,210,CDS
49008,16176865,16177074,209,CDS
49009,16177133,16177251,118,CDS
49010,16177336,16177394,58,CDS
49011,16178375,16178492,117,CDS
49012,16178907,16179036,129,CDS
49013,16179201,16179367,166,CDS
49014,16179459,16179546,87,CDS
49015,16180139,16180246,107,CDS
49016,16182779,16182831,52,CDS
49017,16182893,16183039,146,CDS
49018,16183104,16183575,471,CDS
49019,16183630,16183713,83,CDS
49020,16183769,16183834,65,CDS
49021,16183890,16184078,188,CDS
49022,16184138,16184386,248,CDS
49023,16184447,16185106,659,CDS
49024,16185193,16185626,433,CDS
49025,16186111,16186151,40,CDS
49026,16189025,16189155,130,CDS
49027,16189211,16189747,536,CDS
49028,16173110,16173248,138,CDS
49029,16173319,16173544,225,CDS
49030,16173718,16173823,105,CDS
49031,16174057,16174196,139,CDS
49032,16174416,16174522,106,CDS
49033,16174855,16175007,152,CDS
49034,16175435,16175616,181,CDS
49035,16175717,16176236,519,CDS
49036,16176300,16176525,225,CDS
49037,16176592,16176802,210,CDS
49038,16176865,16177074,209,CDS
49039,16177133,16177251,118,CDS
49040,16177336,16177394,58,CDS
49041,16178375,16178492,117,CDS
49042,16178907,16179036,129,CDS
49043,16179201,16179367,166,CDS
49044,16179459,16179546,87,CDS
49045,16181804,16181911,107,CDS
49046,16182779,16182831,52,CDS
49047,16182893,16183039,146,CDS
49048,16183104,16183575,471,CDS
49049,16183630,16183713,83,CDS
49050,16183769,16183834,65,CDS
49051,16183890,16184078,188,CDS
49052,16184138,16184386,248,CDS
49053,16184447,16185106,659,CDS
49054,16185193,16185626,433,CDS
49055,16186111,16186151,40,CDS
49056,16189025,16189155,130,CDS
49057,16189211,16189747,536,CDS
49058,16173110,16173248,138,CDS
49059,16173319,16173544,225,CDS
49060,16173718,16173823,105,CDS
49061,16174057,16174196,139,CDS
49062,16174416,16174522,106,CDS
49063,16174855,16175007,152,CDS
49064,16175435,16175616,181,CDS
49065,16175717,16176236,519,CDS
49066,16176300,16176525,225,CDS
49067,16176592,16176802,210,CDS
49068,16176865,16177074,209,CDS
49069,16177133,16177251,118,CDS
49070,16177336,16177394,58,CDS
49071,16178375,16178492,117,CDS
49072,16178907,16179036,129,CDS
49073,16179201,16179367,166,CDS
49074,16179459,16179546,87,CDS
49075,16180139,16180246,107,CDS
49076,16182779,16182831,52,CDS
49077,16182893,16183039,146,CDS
49078,16183104,16183575,471,CDS
49079,16183630,16183713,83,CDS
49080,16183769,16183834,65,CDS
49081,16183890,16184078,188,CDS
49082,16184138,16184386,248,CDS
49083,16184447,16185106,659,CDS
49084,16185193,16185626,433,CDS
49085,16187455,16187491,36,CDS
49086,16178318,16179188,870,gene
49087,16179143,16179188,45,ncRNA
49088,16178318,16179085,767,ncRNA
49089,16179143,16179188,45,ncRNA
49090,16178722,16179085,363,ncRNA
49091,16192011,16192072,61,mobile_element
49092,16195000,16195321,321,gene
49093,16195000,16195321,321,ncRNA
49094,16195845,16196245,400,gene
49095,16195845,16196245,400,ncRNA
49096,16203110,16203476,366,gene
49097,16203110,16203476,366,ncRNA
49098,16211459,16213304,1845,gene
49099,16211459,16212058,599,mRNA
49100,16212118,16213032,914,mRNA
49101,16213130,16213304,174,mRNA
49102,16211588,16212058,470,CDS
49103,16212118,16213032,914,CDS
49104,16213130,16213237,107,CDS
49105,16216239,16217044,805,gene
49106,16216722,16217044,322,ncRNA
49107,16216239,16216652,413,ncRNA
49108,16231475,16241527,10052,gene
49109,16231475,16232234,759,mRNA
49110,16235620,16236949,1329,mRNA
49111,16237134,16237310,176,mRNA
49112,16237368,16237445,77,mRNA
49113,16237510,16237886,376,mRNA
49114,16237951,16238099,148,mRNA
49115,16238155,16238660,505,mRNA
49116,16238728,16238970,242,mRNA
49117,16239042,16239135,93,mRNA
49118,16239202,16239623,421,mRNA
49119,16239813,16239984,171,mRNA
49120,16240046,16241527,1481,mRNA
49121,16231475,16232234,759,mRNA
49122,16235620,16236949,1329,mRNA
49123,16237134,16237310,176,mRNA
49124,16237368,16237445,77,mRNA
49125,16237510,16237886,376,mRNA
49126,16237951,16238099,148,mRNA
49127,16238155,16238660,505,mRNA
49128,16238728,16238970,242,mRNA
49129,16239042,16239135,93,mRNA
49130,16239202,16239623,421,mRNA
49131,16239813,16240595,782,mRNA
49132,16232074,16232234,160,CDS
49133,16235620,16236949,1329,CDS
49134,16237134,16237310,176,CDS
49135,16237368,16237445,77,CDS
49136,16237510,16237886,376,CDS
49137,16237951,16238099,148,CDS
49138,16238155,16238660,505,CDS
49139,16238728,16238970,242,CDS
49140,16239042,16239135,93,CDS
49141,16239202,16239623,421,CDS
49142,16239813,16239923,110,CDS
49143,16232074,16232234,160,CDS
49144,16235620,16236949,1329,CDS
49145,16237134,16237310,176,CDS
49146,16237368,16237445,77,CDS
49147,16237510,16237886,376,CDS
49148,16237951,16238099,148,CDS
49149,16238155,16238660,505,CDS
49150,16238728,16238970,242,CDS
49151,16239042,16239135,93,CDS
49152,16239202,16239623,421,CDS
49153,16239813,16239923,110,CDS
49154,16241939,16245559,3620,gene
49155,16241939,16244959,3020,mRNA
49156,16245017,16245154,137,mRNA
49157,16245219,16245559,340,mRNA
49158,16242081,16244959,2878,CDS
49159,16245017,16245154,137,CDS
49160,16245219,16245459,240,CDS
49161,16245835,16257606,11771,gene
49162,16257076,16257606,530,mRNA
49163,16250081,16250158,77,mRNA
49164,16248831,16249706,875,mRNA
49165,16248602,16248768,166,mRNA
49166,16247253,16247384,131,mRNA
49167,16245835,16247186,1351,mRNA
49168,16256050,16256155,105,mRNA
49169,16250081,16250158,77,mRNA
49170,16248831,16249091,260,mRNA
49171,16248602,16248768,166,mRNA
49172,16247253,16247384,131,mRNA
49173,16245835,16247186,1351,mRNA
49174,16245835,16251788,5953,gene
49175,16251624,16251788,164,mRNA
49176,16250081,16250158,77,mRNA
49177,16248831,16249706,875,mRNA
49178,16248602,16248768,166,mRNA
49179,16247253,16247384,131,mRNA
49180,16245835,16247186,1351,mRNA
49181,16251624,16251788,164,mRNA
49182,16250081,16250158,77,mRNA
49183,16248831,16249706,875,mRNA
49184,16248602,16248768,166,mRNA
49185,16247253,16247384,131,mRNA
49186,16245835,16247186,1351,mRNA
49187,16251241,16251788,547,mRNA
49188,16250081,16250158,77,mRNA
49189,16248831,16249706,875,mRNA
49190,16248602,16248768,166,mRNA
49191,16247253,16247384,131,mRNA
49192,16245835,16247186,1351,mRNA
49193,16248831,16248950,119,CDS
49194,16248602,16248768,166,CDS
49195,16247253,16247384,131,CDS
49196,16247075,16247186,111,CDS
49197,16248831,16248950,119,CDS
49198,16248602,16248768,166,CDS
49199,16247253,16247384,131,CDS
49200,16247075,16247186,111,CDS
49201,16248831,16248950,119,CDS
49202,16248602,16248768,166,CDS
49203,16247253,16247384,131,CDS
49204,16247075,16247186,111,CDS
49205,16248831,16248950,119,CDS
49206,16248602,16248768,166,CDS
49207,16247253,16247384,131,CDS
49208,16247075,16247186,111,CDS
49209,16251630,16251758,128,CDS
49210,16257688,16259511,1823,gene
49211,16257688,16257765,77,mRNA
49212,16258037,16258179,142,mRNA
49213,16258249,16259433,1184,mRNA
49214,16258005,16258179,174,mRNA
49215,16258249,16259511,1262,mRNA
49216,16258005,16258179,174,mRNA
49217,16258249,16259433,1184,mRNA
49218,16258114,16258179,65,CDS
49219,16258249,16259262,1013,CDS
49220,16258114,16258179,65,CDS
49221,16258249,16259262,1013,CDS
49222,16258114,16258179,65,CDS
49223,16258249,16259262,1013,CDS
49224,16259414,16261877,2463,gene
49225,16261591,16261877,286,mRNA
49226,16259414,16261505,2091,mRNA
49227,16261617,16261764,147,mRNA
49228,16259414,16261505,2091,mRNA
49229,16261591,16261877,286,mRNA
49230,16259877,16261505,1628,mRNA
49231,16261591,16261764,173,mRNA
49232,16259877,16261505,1628,mRNA
49233,16260225,16261505,1280,CDS
49234,16260225,16261505,1280,CDS
49235,16260225,16261505,1280,CDS
49236,16260225,16261505,1280,CDS
49237,16262141,16263483,1342,gene
49238,16262141,16262278,137,mRNA
49239,16262339,16262457,118,mRNA
49240,16262521,16262593,72,mRNA
49241,16262650,16263180,530,mRNA
49242,16263262,16263483,221,mRNA
49243,16262200,16262278,78,CDS
49244,16262339,16262457,118,CDS
49245,16262521,16262593,72,CDS
49246,16262650,16263180,530,CDS
49247,16263262,16263386,124,CDS
49248,16263556,16287730,24174,gene
49249,16287098,16287730,632,mRNA
49250,16278863,16279169,306,mRNA
49251,16263556,16267017,3461,mRNA
49252,16287098,16287730,632,mRNA
49253,16278863,16279169,306,mRNA
49254,16264421,16267017,2596,mRNA
49255,16287098,16287189,91,CDS
49256,16278863,16279169,306,CDS
49257,16265521,16267017,1496,CDS
49258,16287098,16287189,91,CDS
49259,16278863,16279169,306,CDS
49260,16265521,16267017,1496,CDS
49261,16280313,16281417,1104,mobile_element
49262,16288290,16291195,2905,gene
49263,16288290,16288471,181,mRNA
49264,16288600,16288872,272,mRNA
49265,16289143,16290201,1058,mRNA
49266,16290271,16291195,924,mRNA
49267,16288444,16288471,27,CDS
49268,16288600,16288872,272,CDS
49269,16289143,16290201,1058,CDS
49270,16290271,16290779,508,CDS
49271,16291284,16291948,664,gene
49272,16291284,16291948,664,mRNA
49273,16291342,16291830,488,CDS
49274,16292010,16293025,1015,gene
49275,16292960,16293025,65,mRNA
49276,16292010,16292754,744,mRNA
49277,16292960,16293024,64,mRNA
49278,16292010,16292730,720,mRNA
49279,16292960,16292970,10,CDS
49280,16292127,16292730,603,CDS
49281,16292960,16292970,10,CDS
49282,16292127,16292754,627,CDS
49283,16293069,16293721,652,gene
49284,16293069,16293721,652,ncRNA
49285,16293825,16293935,110,mobile_element
49286,16294183,16296969,2786,gene
49287,16294183,16296969,2786,mRNA
49288,16294183,16295996,1813,mRNA
49289,16294351,16295862,1511,CDS
49290,16294351,16295862,1511,CDS
49291,16296051,16299858,3807,gene
49292,16298872,16299858,986,mRNA
49293,16296051,16298193,2142,mRNA
49294,16298872,16299312,440,CDS
49295,16297555,16298193,638,CDS
49296,16299943,16301765,1822,gene
49297,16299943,16300015,72,mRNA
49298,16300493,16301765,1272,mRNA
49299,16299983,16300015,32,CDS
49300,16300493,16301608,1115,CDS
49301,16300214,16300436,222,mRNA
49302,16300493,16301765,1272,mRNA
49303,16300311,16300436,125,CDS
49304,16300493,16301608,1115,CDS
49305,16301656,16302954,1298,gene
49306,16302771,16302954,183,mRNA
49307,16302518,16302611,93,mRNA
49308,16302261,16302451,190,mRNA
49309,16301656,16302205,549,mRNA
49310,16302771,16302773,2,CDS
49311,16302518,16302611,93,CDS
49312,16302261,16302451,190,CDS
49313,16302077,16302205,128,CDS
49314,16303264,16305940,2676,gene
49315,16303264,16303482,218,mRNA
49316,16303562,16303725,163,mRNA
49317,16303782,16304062,280,mRNA
49318,16304122,16304305,183,mRNA
49319,16304360,16304744,384,mRNA
49320,16304797,16305104,307,mRNA
49321,16305163,16305297,134,mRNA
49322,16305355,16305940,585,mRNA
49323,16303352,16303482,130,CDS
49324,16303562,16303725,163,CDS
49325,16303782,16304062,280,CDS
49326,16304122,16304305,183,CDS
49327,16304360,16304744,384,CDS
49328,16304797,16305104,307,CDS
49329,16305163,16305297,134,CDS
49330,16305355,16305479,124,CDS
49331,16305801,16307298,1497,gene
49332,16306941,16307298,357,mRNA
49333,16306694,16306832,138,mRNA
49334,16306515,16306623,108,mRNA
49335,16305801,16306320,519,mRNA
49336,16306941,16307014,73,CDS
49337,16306694,16306832,138,CDS
49338,16306515,16306623,108,CDS
49339,16305959,16306320,361,CDS
49340,16307346,16309274,1928,gene
49341,16307346,16308329,983,mRNA
49342,16308398,16309274,876,mRNA
49343,16307346,16307389,43,mRNA
49344,16307483,16308329,846,mRNA
49345,16308398,16309274,876,mRNA
49346,16307660,16308329,669,CDS
49347,16308398,16309131,733,CDS
49348,16307660,16308329,669,CDS
49349,16308398,16309131,733,CDS
49350,16309292,16310726,1434,gene
49351,16310691,16310726,35,mRNA
49352,16310441,16310640,199,mRNA
49353,16310267,16310379,112,mRNA
49354,16310000,16310143,143,mRNA
49355,16309292,16309930,638,mRNA
49356,16310691,16310726,35,mRNA
49357,16310441,16310623,182,mRNA
49358,16310267,16310379,112,mRNA
49359,16310000,16310143,143,mRNA
49360,16309596,16309930,334,mRNA
49361,16310441,16310726,285,mRNA
49362,16310267,16310379,112,mRNA
49363,16310000,16310143,143,mRNA
49364,16309596,16309930,334,mRNA
49365,16310441,16310590,149,CDS
49366,16310267,16310379,112,CDS
49367,16310000,16310143,143,CDS
49368,16309903,16309930,27,CDS
49369,16310441,16310590,149,CDS
49370,16310267,16310379,112,CDS
49371,16310000,16310143,143,CDS
49372,16309903,16309930,27,CDS
49373,16310441,16310590,149,CDS
49374,16310267,16310379,112,CDS
49375,16310000,16310143,143,CDS
49376,16309903,16309930,27,CDS
49377,16310956,16313097,2141,gene
49378,16310956,16311412,456,mRNA
49379,16311506,16311827,321,mRNA
49380,16311881,16313097,1216,mRNA
49381,16311101,16311412,311,CDS
49382,16311506,16311827,321,CDS
49383,16311881,16312827,946,CDS
49384,16313036,16326207,13171,gene
49385,16325494,16325625,131,mRNA
49386,16324333,16325054,721,mRNA
49387,16323340,16323517,177,mRNA
49388,16322960,16323170,210,mRNA
49389,16314770,16314858,88,mRNA
49390,16314451,16314708,257,mRNA
49391,16313036,16313450,414,mRNA
49392,16326021,16326207,186,mRNA
49393,16324333,16325054,721,mRNA
49394,16323340,16323517,177,mRNA
49395,16322960,16323170,210,mRNA
49396,16314770,16314858,88,mRNA
49397,16314451,16314708,257,mRNA
49398,16313097,16313450,353,mRNA
49399,16326021,16326101,80,mRNA
49400,16324333,16325054,721,mRNA
49401,16323340,16323517,177,mRNA
49402,16322960,16323170,210,mRNA
49403,16314770,16314858,88,mRNA
49404,16314451,16314708,257,mRNA
49405,16313097,16313450,353,mRNA
49406,16324333,16325420,1087,mRNA
49407,16323340,16323517,177,mRNA
49408,16322960,16323170,210,mRNA
49409,16314770,16314858,88,mRNA
49410,16314451,16314708,257,mRNA
49411,16313097,16313450,353,mRNA
49412,16324333,16325027,694,CDS
49413,16323340,16323517,177,CDS
49414,16322960,16323170,210,CDS
49415,16314770,16314858,88,CDS
49416,16314451,16314708,257,CDS
49417,16313379,16313450,71,CDS
49418,16324333,16325027,694,CDS
49419,16323340,16323517,177,CDS
49420,16322960,16323170,210,CDS
49421,16314770,16314858,88,CDS
49422,16314451,16314708,257,CDS
49423,16313379,16313450,71,CDS
49424,16324333,16325027,694,CDS
49425,16323340,16323517,177,CDS
49426,16322960,16323170,210,CDS
49427,16314770,16314858,88,CDS
49428,16314451,16314708,257,CDS
49429,16313379,16313450,71,CDS
49430,16324333,16325027,694,CDS
49431,16323340,16323517,177,CDS
49432,16322960,16323170,210,CDS
49433,16314770,16314858,88,CDS
49434,16314451,16314708,257,CDS
49435,16313379,16313450,71,CDS
49436,16325494,16325625,131,mRNA
49437,16324333,16325054,721,mRNA
49438,16323340,16323517,177,mRNA
49439,16322960,16323170,210,mRNA
49440,16314770,16314858,88,mRNA
49441,16313685,16314708,1023,mRNA
49442,16324333,16325027,694,CDS
49443,16323340,16323517,177,CDS
49444,16322960,16323170,210,CDS
49445,16314770,16314858,88,CDS
49446,16314433,16314708,275,CDS
49447,16327069,16328131,1062,gene
49448,16327069,16328131,1062,mRNA
49449,16327157,16328035,878,CDS
49450,16328059,16329132,1073,gene
49451,16328412,16329132,720,mRNA
49452,16328059,16328349,290,mRNA
49453,16328412,16329082,670,CDS
49454,16328130,16328349,219,CDS
49455,16329925,16330521,596,gene
49456,16329925,16330019,94,mRNA
49457,16330079,16330521,442,mRNA
49458,16329925,16330019,94,mRNA
49459,16330079,16330367,288,mRNA
49460,16330008,16330019,11,CDS
49461,16330079,16330306,227,CDS
49462,16330008,16330019,11,CDS
49463,16330079,16330306,227,CDS
49464,16330560,16337885,7325,gene
49465,16337528,16337885,357,mRNA
49466,16336292,16337464,1172,mRNA
49467,16330560,16336231,5671,mRNA
49468,16337528,16337807,279,CDS
49469,16336292,16337464,1172,CDS
49470,16330623,16336231,5608,CDS
49471,16337989,16340368,2379,gene
49472,16339883,16340368,485,mRNA
49473,16339548,16339826,278,mRNA
49474,16339338,16339424,86,mRNA
49475,16339263,16339280,17,mRNA
49476,16339147,16339194,47,mRNA
49477,16338688,16339081,393,mRNA
49478,16337989,16338625,636,mRNA
49479,16339883,16340307,424,CDS
49480,16339548,16339826,278,CDS
49481,16339338,16339424,86,CDS
49482,16339263,16339280,17,CDS
49483,16339147,16339194,47,CDS
49484,16338688,16339081,393,CDS
49485,16338161,16338625,464,CDS
49486,16340392,16342324,1932,gene
49487,16340392,16342324,1932,mRNA
49488,16340468,16342243,1775,CDS
49489,16342430,16352628,10198,gene
49490,16342430,16352628,10198,gene
49491,16351927,16352628,701,mRNA
49492,16342822,16343304,482,mRNA
49493,16342430,16342751,321,mRNA
49494,16351927,16352628,701,mRNA
49495,16344426,16349472,5046,mRNA
49496,16342430,16343304,874,mRNA
49497,16351927,16352026,99,CDS
49498,16342822,16343304,482,CDS
49499,16342606,16342751,145,CDS
49500,16344426,16349453,5027,CDS
49501,16343197,16343304,107,CDS
49502,16351927,16352628,701,mRNA
49503,16343600,16349472,5872,mRNA
49504,16349987,16350283,296,mRNA
49505,16343600,16349472,5872,mRNA
49506,16344366,16349453,5087,CDS
49507,16344366,16349453,5087,CDS
49508,16352934,16354539,1605,gene
49509,16352934,16353134,200,mRNA
49510,16353213,16354539,1326,mRNA
49511,16353095,16353134,39,CDS
49512,16353213,16353553,340,CDS
49513,16354886,16356735,1849,gene
49514,16356540,16356735,195,mRNA
49515,16354886,16356470,1584,mRNA
49516,16356540,16356735,195,mRNA
49517,16354944,16356470,1526,mRNA
49518,16356540,16356552,12,CDS
49519,16355182,16356470,1288,CDS
49520,16356540,16356552,12,CDS
49521,16355182,16356470,1288,CDS
49522,16365903,16367039,1136,gene
49523,16365903,16366570,667,mRNA
49524,16366635,16367039,404,mRNA
49525,16365903,16366570,667,mRNA
49526,16366635,16366976,341,mRNA
49527,16365919,16366570,651,CDS
49528,16366635,16366876,241,CDS
49529,16365919,16366570,651,CDS
49530,16366635,16366876,241,CDS
49531,16400175,16448469,48294,gene
49532,16448314,16448469,155,mRNA
49533,16404939,16405955,1016,mRNA
49534,16404486,16404841,355,mRNA
49535,16400175,16400526,351,mRNA
49536,16404939,16405957,1018,mRNA
49537,16404486,16404841,355,mRNA
49538,16400175,16400526,351,mRNA
49539,16404939,16405924,985,CDS
49540,16404486,16404841,355,CDS
49541,16400501,16400526,25,CDS
49542,16404939,16405924,985,CDS
49543,16404486,16404841,355,CDS
49544,16400501,16400526,25,CDS
49545,16417750,16417884,134,gene
49546,16417750,16417884,134,ncRNA
49547,16445278,16446793,1515,gene
49548,16445278,16445989,711,mRNA
49549,16446061,16446793,732,mRNA
49550,16445329,16445989,660,CDS
49551,16446061,16446719,658,CDS
49552,16447330,16450508,3178,gene
49553,16447330,16447505,175,mRNA
49554,16448830,16449743,913,mRNA
49555,16449803,16450508,705,mRNA
49556,16447330,16447505,175,mRNA
49557,16449186,16449743,557,mRNA
49558,16449803,16450508,705,mRNA
49559,16447397,16447505,108,CDS
49560,16449186,16449743,557,CDS
49561,16449803,16450458,655,CDS
49562,16449025,16449127,102,mRNA
49563,16449186,16449743,557,mRNA
49564,16449803,16450508,705,mRNA
49565,16449293,16449743,450,CDS
49566,16449803,16450458,655,CDS
49567,16449293,16449743,450,CDS
49568,16449803,16450458,655,CDS
49569,16450907,16455194,4287,gene
49570,16450907,16451111,204,mRNA
49571,16451190,16451307,117,mRNA
49572,16451376,16451927,551,mRNA
49573,16452194,16453042,848,mRNA
49574,16451060,16451307,247,mRNA
49575,16451376,16451927,551,mRNA
49576,16452194,16455194,3000,mRNA
49577,16451060,16451307,247,mRNA
49578,16451376,16451927,551,mRNA
49579,16452194,16454538,2344,mRNA
49580,16451060,16451307,247,mRNA
49581,16451376,16451927,551,mRNA
49582,16452194,16453042,848,mRNA
49583,16451190,16451307,117,CDS
49584,16451376,16451927,551,CDS
49585,16452194,16452849,655,CDS
49586,16451190,16451307,117,CDS
49587,16451376,16451927,551,CDS
49588,16452194,16452849,655,CDS
49589,16451190,16451307,117,CDS
49590,16451376,16451927,551,CDS
49591,16452194,16452849,655,CDS
49592,16451190,16451307,117,CDS
49593,16451376,16451927,551,CDS
49594,16452194,16452849,655,CDS
49595,16466512,16485998,19486,gene
49596,16485437,16485998,561,mRNA
49597,16483808,16484807,999,mRNA
49598,16475275,16475405,130,mRNA
49599,16473200,16473595,395,mRNA
49600,16472770,16473072,302,mRNA
49601,16472128,16472643,515,mRNA
49602,16471856,16471939,83,mRNA
49603,16468995,16469255,260,mRNA
49604,16468493,16468730,237,mRNA
49605,16468053,16468246,193,mRNA
49606,16466512,16467754,1242,mRNA
49607,16485437,16485998,561,mRNA
49608,16483808,16484807,999,mRNA
49609,16475275,16475411,136,mRNA
49610,16473200,16473595,395,mRNA
49611,16472770,16473072,302,mRNA
49612,16472128,16472643,515,mRNA
49613,16471856,16471939,83,mRNA
49614,16468995,16469255,260,mRNA
49615,16468493,16468730,237,mRNA
49616,16468053,16468246,193,mRNA
49617,16466512,16467754,1242,mRNA
49618,16485437,16485998,561,mRNA
49619,16483808,16484807,999,mRNA
49620,16475275,16475432,157,mRNA
49621,16473200,16473595,395,mRNA
49622,16472770,16473072,302,mRNA
49623,16472128,16472643,515,mRNA
49624,16471856,16471939,83,mRNA
49625,16468995,16469255,260,mRNA
49626,16468493,16468730,237,mRNA
49627,16468053,16468246,193,mRNA
49628,16466512,16467754,1242,mRNA
49629,16485437,16485998,561,mRNA
49630,16483808,16484807,999,mRNA
49631,16481525,16481551,26,mRNA
49632,16475275,16475405,130,mRNA
49633,16473200,16473595,395,mRNA
49634,16472770,16473072,302,mRNA
49635,16472128,16472643,515,mRNA
49636,16471856,16471939,83,mRNA
49637,16468995,16469255,260,mRNA
49638,16468493,16468730,237,mRNA
49639,16468053,16468246,193,mRNA
49640,16466512,16467754,1242,mRNA
49641,16485437,16485998,561,mRNA
49642,16483808,16484807,999,mRNA
49643,16481525,16481551,26,mRNA
49644,16475275,16475411,136,mRNA
49645,16473200,16473595,395,mRNA
49646,16472770,16473072,302,mRNA
49647,16472128,16472643,515,mRNA
49648,16471856,16471939,83,mRNA
49649,16468995,16469255,260,mRNA
49650,16468493,16468730,237,mRNA
49651,16468053,16468246,193,mRNA
49652,16466512,16467754,1242,mRNA
49653,16485437,16485998,561,mRNA
49654,16483808,16484807,999,mRNA
49655,16481525,16481551,26,mRNA
49656,16475275,16475432,157,mRNA
49657,16473200,16473595,395,mRNA
49658,16472770,16473072,302,mRNA
49659,16472128,16472643,515,mRNA
49660,16471856,16471939,83,mRNA
49661,16468995,16469255,260,mRNA
49662,16468493,16468730,237,mRNA
49663,16468053,16468246,193,mRNA
49664,16466512,16467754,1242,mRNA
49665,16483808,16484742,934,CDS
49666,16475275,16475405,130,CDS
49667,16473200,16473595,395,CDS
49668,16472770,16473072,302,CDS
49669,16472128,16472643,515,CDS
49670,16471856,16471939,83,CDS
49671,16468995,16469255,260,CDS
49672,16468493,16468730,237,CDS
49673,16468053,16468246,193,CDS
49674,16467621,16467754,133,CDS
49675,16483808,16484742,934,CDS
49676,16475275,16475411,136,CDS
49677,16473200,16473595,395,CDS
49678,16472770,16473072,302,CDS
49679,16472128,16472643,515,CDS
49680,16471856,16471939,83,CDS
49681,16468995,16469255,260,CDS
49682,16468493,16468730,237,CDS
49683,16468053,16468246,193,CDS
49684,16467621,16467754,133,CDS
49685,16483808,16484742,934,CDS
49686,16475275,16475432,157,CDS
49687,16473200,16473595,395,CDS
49688,16472770,16473072,302,CDS
49689,16472128,16472643,515,CDS
49690,16471856,16471939,83,CDS
49691,16468995,16469255,260,CDS
49692,16468493,16468730,237,CDS
49693,16468053,16468246,193,CDS
49694,16467621,16467754,133,CDS
49695,16483808,16484742,934,CDS
49696,16481525,16481551,26,CDS
49697,16475275,16475405,130,CDS
49698,16473200,16473595,395,CDS
49699,16472770,16473072,302,CDS
49700,16472128,16472643,515,CDS
49701,16471856,16471939,83,CDS
49702,16468995,16469255,260,CDS
49703,16468493,16468730,237,CDS
49704,16468053,16468246,193,CDS
49705,16467621,16467754,133,CDS
49706,16483808,16484742,934,CDS
49707,16481525,16481551,26,CDS
49708,16475275,16475411,136,CDS
49709,16473200,16473595,395,CDS
49710,16472770,16473072,302,CDS
49711,16472128,16472643,515,CDS
49712,16471856,16471939,83,CDS
49713,16468995,16469255,260,CDS
49714,16468493,16468730,237,CDS
49715,16468053,16468246,193,CDS
49716,16467621,16467754,133,CDS
49717,16483808,16484742,934,CDS
49718,16481525,16481551,26,CDS
49719,16475275,16475432,157,CDS
49720,16473200,16473595,395,CDS
49721,16472770,16473072,302,CDS
49722,16472128,16472643,515,CDS
49723,16471856,16471939,83,CDS
49724,16468995,16469255,260,CDS
49725,16468493,16468730,237,CDS
49726,16468053,16468246,193,CDS
49727,16467621,16467754,133,CDS
49728,16488148,16490182,2034,gene
49729,16488148,16489595,1447,mRNA
49730,16489649,16490182,533,mRNA
49731,16488203,16489595,1392,CDS
49732,16489649,16490115,466,CDS
49733,16490224,16490890,666,gene
49734,16490616,16490890,274,ncRNA
49735,16490386,16490542,156,ncRNA
49736,16490224,16490323,99,ncRNA
49737,16491540,16507621,16081,gene
49738,16491540,16492051,511,mRNA
49739,16505496,16505948,452,mRNA
49740,16506008,16506852,844,mRNA
49741,16506929,16507621,692,mRNA
49742,16491540,16492051,511,mRNA
49743,16497011,16497151,140,mRNA
49744,16505496,16505948,452,mRNA
49745,16506008,16506852,844,mRNA
49746,16506929,16507350,421,mRNA
49747,16491540,16492051,511,mRNA
49748,16505496,16505948,452,mRNA
49749,16506008,16506852,844,mRNA
49750,16506929,16507234,305,mRNA
49751,16491912,16492051,139,CDS
49752,16505496,16505948,452,CDS
49753,16506008,16506852,844,CDS
49754,16506929,16507017,88,CDS
49755,16491912,16492051,139,CDS
49756,16505496,16505948,452,CDS
49757,16506008,16506852,844,CDS
49758,16506929,16507017,88,CDS
49759,16496769,16497151,382,mRNA
49760,16505496,16505948,452,mRNA
49761,16506008,16506852,844,mRNA
49762,16506929,16507350,421,mRNA
49763,16497144,16497151,7,CDS
49764,16505496,16505948,452,CDS
49765,16506008,16506852,844,CDS
49766,16506929,16507017,88,CDS
49767,16497144,16497151,7,CDS
49768,16505496,16505948,452,CDS
49769,16506008,16506852,844,CDS
49770,16506929,16507017,88,CDS
49771,16501918,16502074,156,mRNA
49772,16505496,16505948,452,mRNA
49773,16506008,16506852,844,mRNA
49774,16506929,16507350,421,mRNA
49775,16502025,16502074,49,CDS
49776,16505496,16505948,452,CDS
49777,16506008,16506852,844,CDS
49778,16506929,16507017,88,CDS
49779,16508078,16532877,24799,gene
49780,16532721,16532877,156,mRNA
49781,16527390,16528439,1049,mRNA
49782,16508078,16511446,3368,mRNA
49783,16532721,16532877,156,mRNA
49784,16527390,16528439,1049,mRNA
49785,16509120,16511446,2326,mRNA
49786,16532459,16532877,418,mRNA
49787,16527390,16528439,1049,mRNA
49788,16509120,16511446,2326,mRNA
49789,16519970,16520177,207,mRNA
49790,16509120,16511446,2326,mRNA
49791,16527390,16528184,794,CDS
49792,16510136,16511446,1310,CDS
49793,16527390,16528184,794,CDS
49794,16510136,16511446,1310,CDS
49795,16527390,16528184,794,CDS
49796,16510136,16511446,1310,CDS
49797,16519970,16520080,110,CDS
49798,16510136,16511446,1310,CDS
49799,16512018,16519074,7056,mobile_element
49800,16528375,16528491,116,gene
49801,16528375,16528491,116,precursor_RNA
49802,16528403,16528425,22,ncRNA
49803,16528441,16528462,21,ncRNA
49804,16528823,16528922,99,gene
49805,16528823,16528922,99,ncRNA
49806,16534057,16534488,431,gene
49807,16534057,16534488,431,ncRNA
49808,16534962,16535228,266,gene
49809,16534962,16535228,266,ncRNA
49810,16542546,16543263,717,gene
49811,16542546,16542783,237,mRNA
49812,16542993,16543263,270,mRNA
49813,16542673,16542783,110,CDS
49814,16542993,16543175,182,CDS
49815,16545016,16663218,118202,gene
49816,16545016,16545438,422,mRNA
49817,16557879,16559944,2065,mRNA
49818,16652743,16652912,169,mRNA
49819,16657499,16657952,453,mRNA
49820,16658024,16662012,3988,mRNA
49821,16549181,16549959,778,gene
49822,16549703,16549959,256,mRNA
49823,16549181,16549646,465,mRNA
49824,16549703,16549959,256,mRNA
49825,16549323,16549646,323,mRNA
49826,16549703,16549886,183,CDS
49827,16549351,16549646,295,CDS
49828,16549703,16549886,183,CDS
49829,16549351,16549646,295,CDS
49830,16558129,16559944,1815,CDS
49831,16652743,16652912,169,CDS
49832,16657499,16657952,453,CDS
49833,16658024,16661778,3754,CDS
49834,16561050,16561197,147,gene
49835,16561050,16561197,147,ncRNA
49836,16601827,16602085,258,mRNA
49837,16603824,16604396,572,mRNA
49838,16621836,16622841,1005,mRNA
49839,16634726,16634776,50,mRNA
49840,16652743,16652912,169,mRNA
49841,16657499,16657952,453,mRNA
49842,16658024,16663218,5194,mRNA
49843,16601913,16602085,172,mRNA
49844,16603824,16604396,572,mRNA
49845,16621836,16622841,1005,mRNA
49846,16652743,16652912,169,mRNA
49847,16657499,16657952,453,mRNA
49848,16658024,16662012,3988,mRNA
49849,16605822,16607321,1499,gene
49850,16605822,16607321,1499,mRNA
49851,16605946,16607277,1331,CDS
49852,16607370,16610037,2667,gene
49853,16607370,16610037,2667,mRNA
49854,16607490,16609880,2390,CDS
49855,16621932,16622841,909,CDS
49856,16634726,16634776,50,CDS
49857,16652743,16652912,169,CDS
49858,16657499,16657952,453,CDS
49859,16658024,16661778,3754,CDS
49860,16621932,16622841,909,CDS
49861,16652743,16652912,169,CDS
49862,16657499,16657952,453,CDS
49863,16658024,16661778,3754,CDS
49864,16628752,16629173,421,gene
49865,16628752,16629173,421,ncRNA
49866,16657097,16657429,332,mRNA
49867,16657499,16657952,453,mRNA
49868,16658024,16661995,3971,mRNA
49869,16657397,16657429,32,CDS
49870,16657499,16657952,453,CDS
49871,16658024,16661778,3754,CDS
49872,16663454,16676701,13247,gene
49873,16676571,16676701,130,mRNA
49874,16675423,16675552,129,mRNA
49875,16669499,16669677,178,mRNA
49876,16669070,16669438,368,mRNA
49877,16668681,16669013,332,mRNA
49878,16668436,16668618,182,mRNA
49879,16668143,16668377,234,mRNA
49880,16667778,16668073,295,mRNA
49881,16667453,16667721,268,mRNA
49882,16667168,16667284,116,mRNA
49883,16666916,16667111,195,mRNA
49884,16666650,16666844,194,mRNA
49885,16666356,16666581,225,mRNA
49886,16665919,16666281,362,mRNA
49887,16665342,16665617,275,mRNA
49888,16665162,16665280,118,mRNA
49889,16663454,16665110,1656,mRNA
49890,16676571,16676701,130,mRNA
49891,16675423,16675552,129,mRNA
49892,16669499,16669677,178,mRNA
49893,16669070,16669438,368,mRNA
49894,16668681,16669013,332,mRNA
49895,16668436,16668618,182,mRNA
49896,16668143,16668377,234,mRNA
49897,16667778,16668073,295,mRNA
49898,16667453,16667721,268,mRNA
49899,16667168,16667284,116,mRNA
49900,16666916,16667111,195,mRNA
49901,16666650,16666844,194,mRNA
49902,16666356,16666581,225,mRNA
49903,16665919,16666284,365,mRNA
49904,16665342,16665617,275,mRNA
49905,16665162,16665280,118,mRNA
49906,16664542,16665110,568,mRNA
49907,16676571,16676701,130,mRNA
49908,16675423,16675552,129,mRNA
49909,16671769,16671811,42,mRNA
49910,16669499,16669677,178,mRNA
49911,16669070,16669438,368,mRNA
49912,16668681,16669013,332,mRNA
49913,16668436,16668618,182,mRNA
49914,16668143,16668377,234,mRNA
49915,16667778,16668073,295,mRNA
49916,16667453,16667721,268,mRNA
49917,16667168,16667284,116,mRNA
49918,16666916,16667111,195,mRNA
49919,16666650,16666844,194,mRNA
49920,16666356,16666581,225,mRNA
49921,16665919,16666284,365,mRNA
49922,16665342,16665617,275,mRNA
49923,16665162,16665280,118,mRNA
49924,16664542,16665110,568,mRNA
49925,16669499,16669663,164,CDS
49926,16669070,16669438,368,CDS
49927,16668681,16669013,332,CDS
49928,16668436,16668618,182,CDS
49929,16668143,16668377,234,CDS
49930,16667778,16668073,295,CDS
49931,16667453,16667721,268,CDS
49932,16667168,16667284,116,CDS
49933,16666916,16667111,195,CDS
49934,16666650,16666844,194,CDS
49935,16666356,16666581,225,CDS
49936,16665919,16666281,362,CDS
49937,16665342,16665617,275,CDS
49938,16665162,16665280,118,CDS
49939,16664886,16665110,224,CDS
49940,16669070,16669420,350,CDS
49941,16668681,16669013,332,CDS
49942,16668436,16668618,182,CDS
49943,16668143,16668377,234,CDS
49944,16667778,16668073,295,CDS
49945,16667453,16667721,268,CDS
49946,16667168,16667284,116,CDS
49947,16666916,16667111,195,CDS
49948,16666650,16666844,194,CDS
49949,16666356,16666581,225,CDS
49950,16665919,16666284,365,CDS
49951,16665342,16665617,275,CDS
49952,16665162,16665280,118,CDS
49953,16664886,16665110,224,CDS
49954,16669070,16669420,350,CDS
49955,16668681,16669013,332,CDS
49956,16668436,16668618,182,CDS
49957,16668143,16668377,234,CDS
49958,16667778,16668073,295,CDS
49959,16667453,16667721,268,CDS
49960,16667168,16667284,116,CDS
49961,16666916,16667111,195,CDS
49962,16666650,16666844,194,CDS
49963,16666356,16666581,225,CDS
49964,16665919,16666284,365,CDS
49965,16665342,16665617,275,CDS
49966,16665162,16665280,118,CDS
49967,16664886,16665110,224,CDS
49968,16665658,16665715,57,mobile_element
49969,16677185,16679691,2506,gene
49970,16677185,16678249,1064,mRNA
49971,16678318,16678581,263,mRNA
49972,16678643,16679691,1048,mRNA
49973,16677185,16678249,1064,mRNA
49974,16678318,16678581,263,mRNA
49975,16678643,16679383,740,mRNA
49976,16677383,16678249,866,CDS
49977,16678318,16678581,263,CDS
49978,16678643,16678975,332,CDS
49979,16677383,16678249,866,CDS
49980,16678318,16678581,263,CDS
49981,16678643,16678975,332,CDS
49982,16678240,16678335,95,gene
49983,16678240,16678335,95,precursor_RNA
49984,16678250,16678274,24,ncRNA
49985,16678296,16678317,21,ncRNA
49986,16679128,16679231,103,mobile_element
49987,16679479,16679590,111,mobile_element
49988,16680054,16699926,19872,gene
49989,16680054,16680276,222,mRNA
49990,16684498,16684607,109,mRNA
49991,16690902,16691192,290,mRNA
49992,16691901,16692124,223,mRNA
49993,16696585,16696762,177,mRNA
49994,16697501,16697643,142,mRNA
49995,16698139,16698348,209,mRNA
49996,16698962,16699926,964,mRNA
49997,16680054,16680276,222,mRNA
49998,16690902,16691192,290,mRNA
49999,16691901,16692124,223,mRNA
50000,16696585,16696762,177,mRNA
50001,16697501,16697643,142,mRNA
50002,16698139,16698348,209,mRNA
50003,16698962,16699926,964,mRNA
50004,16680054,16680276,222,mRNA
50005,16690902,16691192,290,mRNA
50006,16696585,16696762,177,mRNA
50007,16697501,16697643,142,mRNA
50008,16698139,16698348,209,mRNA
50009,16698962,16699926,964,mRNA
50010,16680054,16681653,1599,gene
50011,16680054,16680276,222,mRNA
50012,16680450,16680650,200,mRNA
50013,16680706,16681653,947,mRNA
50014,16680054,16680276,222,mRNA
50015,16680706,16681653,947,mRNA
50016,16680570,16680650,80,mRNA
50017,16680706,16681653,947,mRNA
50018,16680719,16681444,725,CDS
50019,16680719,16681444,725,CDS
50020,16680719,16681444,725,CDS
50021,16681819,16684008,2189,gene
50022,16683610,16684008,398,mRNA
50023,16681819,16682350,531,mRNA
50024,16681819,16682402,583,mRNA
50025,16681899,16682366,467,CDS
50026,16681899,16682327,428,CDS
50027,16682503,16683290,787,gene
50028,16682503,16683290,787,mRNA
50029,16682619,16683092,473,CDS
50030,16685390,16685941,551,mRNA
50031,16690902,16691192,290,mRNA
50032,16691901,16692124,223,mRNA
50033,16696585,16696762,177,mRNA
50034,16697501,16697643,142,mRNA
50035,16698139,16698348,209,mRNA
50036,16698962,16699926,964,mRNA
50037,16691089,16691192,103,CDS
50038,16691901,16692124,223,CDS
50039,16696585,16696762,177,CDS
50040,16697501,16697643,142,CDS
50041,16698139,16698348,209,CDS
50042,16698962,16699641,679,CDS
50043,16691089,16691192,103,CDS
50044,16691901,16692124,223,CDS
50045,16696585,16696762,177,CDS
50046,16697501,16697643,142,CDS
50047,16698139,16698348,209,CDS
50048,16698962,16699641,679,CDS
50049,16691089,16691192,103,CDS
50050,16691901,16692124,223,CDS
50051,16696585,16696762,177,CDS
50052,16697501,16697643,142,CDS
50053,16698139,16698348,209,CDS
50054,16698962,16699641,679,CDS
50055,16695524,16695676,152,mRNA
50056,16696585,16696762,177,mRNA
50057,16697501,16697643,142,mRNA
50058,16698139,16698348,209,mRNA
50059,16698962,16699926,964,mRNA
50060,16696599,16696762,163,CDS
50061,16697501,16697643,142,CDS
50062,16698139,16698348,209,CDS
50063,16698962,16699641,679,CDS
50064,16696599,16696762,163,CDS
50065,16697501,16697643,142,CDS
50066,16698139,16698348,209,CDS
50067,16698962,16699641,679,CDS
50068,16697344,16697761,417,gene
50069,16697344,16697761,417,ncRNA
50070,16697924,16698015,91,gene
50071,16697924,16698015,91,precursor_RNA
50072,16697936,16697957,21,ncRNA
50073,16697984,16698005,21,ncRNA
50074,16698404,16698488,84,gene
50075,16698404,16698488,84,precursor_RNA
50076,16698418,16698439,21,ncRNA
50077,16698455,16698476,21,ncRNA
50078,16698554,16698650,96,gene
50079,16698554,16698650,96,precursor_RNA
50080,16698572,16698594,22,ncRNA
50081,16698613,16698634,21,ncRNA
50082,16698744,16698834,90,gene
50083,16698744,16698834,90,precursor_RNA
50084,16698758,16698780,22,ncRNA
50085,16698799,16698820,21,ncRNA
50086,16699921,16700825,904,gene
50087,16699921,16700648,727,exon
50088,16700709,16700825,116,exon
50089,16700940,16703197,2257,gene
50090,16700940,16702898,1958,exon
50091,16702973,16703096,123,exon
50092,16703149,16703197,48,exon
50093,16704286,16716195,11909,gene
50094,16715771,16716195,424,mRNA
50095,16704286,16705789,1503,mRNA
50096,16705522,16705692,170,CDS
50097,16715891,16719635,3744,gene
50098,16715891,16716217,326,mRNA
50099,16719126,16719635,509,mRNA
50100,16715961,16716217,256,mRNA
50101,16719126,16719635,509,mRNA
50102,16719135,16719452,317,CDS
50103,16719135,16719452,317,CDS
50104,16719932,16722644,2712,gene
50105,16719932,16719976,44,mRNA
50106,16722009,16722644,635,mRNA
50107,16722011,16722644,633,mRNA
50108,16722050,16722376,326,CDS
50109,16722050,16722376,326,CDS
50110,16722808,16722852,44,mobile_element
50111,16722883,16727826,4943,gene
50112,16727630,16727826,196,mRNA
50113,16727010,16727488,478,mRNA
50114,16724859,16724993,134,mRNA
50115,16724232,16724794,562,mRNA
50116,16724058,16724171,113,mRNA
50117,16722883,16723897,1014,mRNA
50118,16727630,16727826,196,mRNA
50119,16727010,16727488,478,mRNA
50120,16724859,16724993,134,mRNA
50121,16724232,16724794,562,mRNA
50122,16724069,16724171,102,mRNA
50123,16723232,16724001,769,mRNA
50124,16727630,16727826,196,mRNA
50125,16727010,16727488,478,mRNA
50126,16724859,16724993,134,mRNA
50127,16724232,16724794,562,mRNA
50128,16724058,16724171,113,mRNA
50129,16723232,16723897,665,mRNA
50130,16727630,16727826,196,mRNA
50131,16727010,16727488,478,mRNA
50132,16725892,16726113,221,mRNA
50133,16724859,16724993,134,mRNA
50134,16724232,16724794,562,mRNA
50135,16724058,16724171,113,mRNA
50136,16723232,16723897,665,mRNA
50137,16727630,16727666,36,CDS
50138,16727010,16727488,478,CDS
50139,16724859,16724993,134,CDS
50140,16724232,16724794,562,CDS
50141,16724058,16724171,113,CDS
50142,16723819,16723897,78,CDS
50143,16727630,16727666,36,CDS
50144,16727010,16727488,478,CDS
50145,16724859,16724993,134,CDS
50146,16724232,16724794,562,CDS
50147,16724058,16724171,113,CDS
50148,16723819,16723897,78,CDS
50149,16727630,16727666,36,CDS
50150,16727010,16727488,478,CDS
50151,16725892,16726113,221,CDS
50152,16724859,16724993,134,CDS
50153,16724232,16724794,562,CDS
50154,16724058,16724171,113,CDS
50155,16723819,16723897,78,CDS
50156,16727630,16727666,36,CDS
50157,16727010,16727488,478,CDS
50158,16724859,16724993,134,CDS
50159,16724232,16724794,562,CDS
50160,16724069,16724171,102,CDS
50161,16723993,16724001,8,CDS
50162,16724795,16724858,63,gene
50163,16724795,16724858,63,precursor_RNA
50164,16724795,16724817,22,ncRNA
50165,16724833,16724857,24,ncRNA
50166,16728035,16729681,1646,gene
50167,16728035,16729681,1646,exon
50168,16729697,16729786,89,mobile_element
50169,16729777,16731199,1422,gene
50170,16729777,16730216,439,mRNA
50171,16730271,16731199,928,mRNA
50172,16729778,16730216,438,CDS
50173,16730271,16730533,262,CDS
50174,16730458,16731039,581,gene
50175,16730909,16731039,130,mRNA
50176,16730458,16730855,397,mRNA
50177,16730909,16730960,51,CDS
50178,16730551,16730855,304,CDS
50179,16731180,16732133,953,gene
50180,16731943,16732133,190,mRNA
50181,16731643,16731868,225,mRNA
50182,16731180,16731577,397,mRNA
50183,16731943,16732133,190,mRNA
50184,16731643,16731868,225,mRNA
50185,16731221,16731577,356,mRNA
50186,16731943,16732033,90,CDS
50187,16731643,16731868,225,CDS
50188,16731289,16731577,288,CDS
50189,16731943,16732033,90,CDS
50190,16731643,16731868,225,CDS
50191,16731289,16731577,288,CDS
50192,16732550,16733624,1074,gene
50193,16732550,16733624,1074,mRNA
50194,16732632,16733567,935,CDS
50195,16733617,16738388,4771,gene
50196,16737142,16738388,1246,mRNA
50197,16736456,16737080,624,mRNA
50198,16736081,16736394,313,mRNA
50199,16734336,16736019,1683,mRNA
50200,16733617,16734267,650,mRNA
50201,16737142,16738277,1135,CDS
50202,16736456,16737080,624,CDS
50203,16736081,16736394,313,CDS
50204,16734336,16736019,1683,CDS
50205,16733797,16734267,470,CDS
50206,16738850,16742610,3760,gene
50207,16738850,16739194,344,mRNA
50208,16740572,16741304,732,mRNA
50209,16741366,16741888,522,mRNA
50210,16741947,16742610,663,mRNA
50211,16738996,16739194,198,CDS
50212,16740572,16741304,732,CDS
50213,16741366,16741888,522,CDS
50214,16741947,16742225,278,CDS
50215,16742315,16743100,785,gene
50216,16743046,16743100,54,mRNA
50217,16742626,16742986,360,mRNA
50218,16742315,16742442,127,mRNA
50219,16743046,16743100,54,mRNA
50220,16742337,16742986,649,mRNA
50221,16743046,16743100,54,mRNA
50222,16742576,16742986,410,mRNA
50223,16743046,16743060,14,CDS
50224,16742669,16742986,317,CDS
50225,16743046,16743060,14,CDS
50226,16742669,16742986,317,CDS
50227,16743046,16743060,14,CDS
50228,16742669,16742986,317,CDS
50229,16743405,16753704,10299,gene
50230,16743405,16743570,165,mRNA
50231,16743760,16744067,307,mRNA
50232,16744124,16744385,261,mRNA
50233,16744690,16745107,417,mRNA
50234,16746227,16746616,389,mRNA
50235,16749056,16749188,132,mRNA
50236,16749291,16753704,4413,mRNA
50237,16743405,16743570,165,mRNA
50238,16743760,16744067,307,mRNA
50239,16744124,16744385,261,mRNA
50240,16744690,16745107,417,mRNA
50241,16746227,16746616,389,mRNA
50242,16749056,16749188,132,mRNA
50243,16749291,16753704,4413,mRNA
50244,16743405,16743564,159,mRNA
50245,16743760,16744067,307,mRNA
50246,16744124,16744385,261,mRNA
50247,16744690,16745107,417,mRNA
50248,16746227,16746616,389,mRNA
50249,16749056,16749188,132,mRNA
50250,16749267,16753704,4437,mRNA
50251,16743405,16743570,165,mRNA
50252,16743760,16744067,307,mRNA
50253,16744124,16744385,261,mRNA
50254,16744690,16745107,417,mRNA
50255,16746227,16746616,389,mRNA
50256,16749056,16749188,132,mRNA
50257,16749291,16752013,2722,mRNA
50258,16743405,16743570,165,mRNA
50259,16743760,16744067,307,mRNA
50260,16744124,16744385,261,mRNA
50261,16744690,16745107,417,mRNA
50262,16746227,16746616,389,mRNA
50263,16749056,16749188,132,mRNA
50264,16749291,16749943,652,mRNA
50265,16743405,16743570,165,mRNA
50266,16743760,16744067,307,mRNA
50267,16744124,16744385,261,mRNA
50268,16744690,16745107,417,mRNA
50269,16746227,16748781,2554,mRNA
50270,16743405,16743570,165,mRNA
50271,16743760,16744067,307,mRNA
50272,16744124,16744385,261,mRNA
50273,16744690,16745565,875,mRNA
50274,16743530,16743570,40,CDS
50275,16743760,16744067,307,CDS
50276,16744124,16744385,261,CDS
50277,16744690,16745107,417,CDS
50278,16746227,16746616,389,CDS
50279,16749056,16749188,132,CDS
50280,16749291,16749607,316,CDS
50281,16743530,16743570,40,CDS
50282,16743760,16744067,307,CDS
50283,16744124,16744385,261,CDS
50284,16744690,16745107,417,CDS
50285,16746227,16746616,389,CDS
50286,16749056,16749188,132,CDS
50287,16749291,16749427,136,CDS
50288,16743530,16743570,40,CDS
50289,16743760,16744067,307,CDS
50290,16744124,16744385,261,CDS
50291,16744690,16745107,417,CDS
50292,16746227,16746616,389,CDS
50293,16749056,16749188,132,CDS
50294,16749291,16749427,136,CDS
50295,16743530,16743570,40,CDS
50296,16743760,16744067,307,CDS
50297,16744124,16744385,261,CDS
50298,16744690,16745107,417,CDS
50299,16746227,16746616,389,CDS
50300,16749056,16749188,132,CDS
50301,16749291,16749427,136,CDS
50302,16743530,16743564,34,CDS
50303,16743760,16744067,307,CDS
50304,16744124,16744385,261,CDS
50305,16744690,16745107,417,CDS
50306,16746227,16746616,389,CDS
50307,16749056,16749188,132,CDS
50308,16749267,16749427,160,CDS
50309,16743530,16743570,40,CDS
50310,16743760,16744067,307,CDS
50311,16744124,16744385,261,CDS
50312,16744690,16745107,417,CDS
50313,16746227,16746628,401,CDS
50314,16743530,16743570,40,CDS
50315,16743760,16744067,307,CDS
50316,16744124,16744385,261,CDS
50317,16744690,16745152,462,CDS
50318,16754336,16758283,3947,gene
50319,16754336,16754578,242,mRNA
50320,16755683,16755963,280,mRNA
50321,16756969,16758283,1314,mRNA
50322,16754336,16754398,62,mRNA
50323,16755683,16755963,280,mRNA
50324,16756969,16758283,1314,mRNA
50325,16755699,16755963,264,CDS
50326,16756969,16758065,1096,CDS
50327,16755699,16755963,264,CDS
50328,16756969,16758065,1096,CDS
50329,16758184,16760554,2370,gene
50330,16759880,16760554,674,mRNA
50331,16759607,16759760,153,mRNA
50332,16759343,16759546,203,mRNA
50333,16759136,16759284,148,mRNA
50334,16758953,16759083,130,mRNA
50335,16758738,16758888,150,mRNA
50336,16758567,16758680,113,mRNA
50337,16758184,16758508,324,mRNA
50338,16759880,16760138,258,mRNA
50339,16759607,16759760,153,mRNA
50340,16759343,16759546,203,mRNA
50341,16759136,16759284,148,mRNA
50342,16758953,16759083,130,mRNA
50343,16758738,16758888,150,mRNA
50344,16758567,16758680,113,mRNA
50345,16758184,16758508,324,mRNA
50346,16759880,16760113,233,CDS
50347,16759607,16759760,153,CDS
50348,16759343,16759546,203,CDS
50349,16759136,16759284,148,CDS
50350,16758953,16759083,130,CDS
50351,16758738,16758888,150,CDS
50352,16758567,16758680,113,CDS
50353,16758350,16758508,158,CDS
50354,16759880,16760113,233,CDS
50355,16759607,16759760,153,CDS
50356,16759343,16759546,203,CDS
50357,16759136,16759284,148,CDS
50358,16758953,16759083,130,CDS
50359,16758738,16758888,150,CDS
50360,16758567,16758680,113,CDS
50361,16758350,16758508,158,CDS
50362,16766566,16788766,22200,gene
50363,16766566,16766756,190,mRNA
50364,16768584,16768884,300,mRNA
50365,16769459,16769602,143,mRNA
50366,16770457,16770837,380,mRNA
50367,16770911,16770974,63,mRNA
50368,16771043,16771141,98,mRNA
50369,16773277,16773380,103,mRNA
50370,16774450,16774857,407,mRNA
50371,16775211,16775381,170,mRNA
50372,16776850,16777439,589,mRNA
50373,16777631,16777748,117,mRNA
50374,16780550,16780813,263,mRNA
50375,16782344,16782553,209,mRNA
50376,16782775,16783661,886,mRNA
50377,16783833,16783911,78,mRNA
50378,16784666,16785841,1175,mRNA
50379,16785909,16786814,905,mRNA
50380,16787079,16787580,501,mRNA
50381,16788021,16788766,745,mRNA
50382,16766734,16766756,22,mRNA
50383,16768584,16768884,300,mRNA
50384,16769147,16769290,143,mRNA
50385,16770457,16770837,380,mRNA
50386,16770911,16770974,63,mRNA
50387,16771043,16771141,98,mRNA
50388,16771343,16771446,103,mRNA
50389,16774450,16774857,407,mRNA
50390,16775683,16775853,170,mRNA
50391,16776850,16777439,589,mRNA
50392,16779093,16779210,117,mRNA
50393,16780550,16780813,263,mRNA
50394,16782344,16782553,209,mRNA
50395,16782775,16783661,886,mRNA
50396,16784251,16784329,78,mRNA
50397,16784666,16785841,1175,mRNA
50398,16785909,16786814,905,mRNA
50399,16788021,16788766,745,mRNA
50400,16766734,16766756,22,mRNA
50401,16768584,16768884,300,mRNA
50402,16769147,16769290,143,mRNA
50403,16770457,16770837,380,mRNA
50404,16770911,16770974,63,mRNA
50405,16771043,16771141,98,mRNA
50406,16771343,16771446,103,mRNA
50407,16774450,16774857,407,mRNA
50408,16775683,16775853,170,mRNA
50409,16776850,16777439,589,mRNA
50410,16779728,16779845,117,mRNA
50411,16780550,16780813,263,mRNA
50412,16782344,16782553,209,mRNA
50413,16782775,16783661,886,mRNA
50414,16784251,16784329,78,mRNA
50415,16784666,16785841,1175,mRNA
50416,16785909,16786814,905,mRNA
50417,16788021,16788766,745,mRNA
50418,16766734,16766756,22,mRNA
50419,16768584,16768884,300,mRNA
50420,16769147,16769290,143,mRNA
50421,16770457,16770837,380,mRNA
50422,16770911,16770974,63,mRNA
50423,16771043,16771141,98,mRNA
50424,16771343,16771446,103,mRNA
50425,16774450,16774857,407,mRNA
50426,16776263,16776433,170,mRNA
50427,16776850,16777439,589,mRNA
50428,16779728,16779845,117,mRNA
50429,16780550,16780813,263,mRNA
50430,16782344,16782553,209,mRNA
50431,16782775,16783661,886,mRNA
50432,16784251,16784329,78,mRNA
50433,16784666,16785841,1175,mRNA
50434,16785909,16786814,905,mRNA
50435,16788021,16788766,745,mRNA
50436,16766734,16766756,22,mRNA
50437,16768584,16768884,300,mRNA
50438,16769147,16769290,143,mRNA
50439,16770457,16770837,380,mRNA
50440,16770911,16770974,63,mRNA
50441,16771043,16771141,98,mRNA
50442,16771942,16772045,103,mRNA
50443,16774450,16774857,407,mRNA
50444,16775683,16775853,170,mRNA
50445,16776850,16777439,589,mRNA
50446,16778390,16778507,117,mRNA
50447,16780550,16780813,263,mRNA
50448,16782344,16782553,209,mRNA
50449,16782775,16783661,886,mRNA
50450,16784251,16784329,78,mRNA
50451,16784666,16785841,1175,mRNA
50452,16785909,16786814,905,mRNA
50453,16788021,16788766,745,mRNA
50454,16766734,16766756,22,mRNA
50455,16768584,16768884,300,mRNA
50456,16769459,16769602,143,mRNA
50457,16770457,16770837,380,mRNA
50458,16770911,16770974,63,mRNA
50459,16771043,16771141,98,mRNA
50460,16771343,16771446,103,mRNA
50461,16774450,16774857,407,mRNA
50462,16775683,16775853,170,mRNA
50463,16776850,16777439,589,mRNA
50464,16778005,16778122,117,mRNA
50465,16780550,16780813,263,mRNA
50466,16782344,16782553,209,mRNA
50467,16782775,16783661,886,mRNA
50468,16784251,16784329,78,mRNA
50469,16784666,16785841,1175,mRNA
50470,16785909,16786814,905,mRNA
50471,16788021,16788766,745,mRNA
50472,16766734,16766756,22,mRNA
50473,16768584,16768884,300,mRNA
50474,16769459,16769602,143,mRNA
50475,16770457,16770837,380,mRNA
50476,16770911,16770974,63,mRNA
50477,16771043,16771141,98,mRNA
50478,16771343,16771446,103,mRNA
50479,16774450,16774857,407,mRNA
50480,16775683,16775853,170,mRNA
50481,16776850,16777439,589,mRNA
50482,16779093,16779210,117,mRNA
50483,16780550,16780813,263,mRNA
50484,16782344,16782553,209,mRNA
50485,16782775,16783661,886,mRNA
50486,16784251,16784329,78,mRNA
50487,16784666,16785841,1175,mRNA
50488,16785909,16786814,905,mRNA
50489,16788021,16788766,745,mRNA
50490,16766734,16766756,22,mRNA
50491,16768584,16768884,300,mRNA
50492,16769459,16769602,143,mRNA
50493,16770457,16770837,380,mRNA
50494,16770911,16770974,63,mRNA
50495,16771043,16771141,98,mRNA
50496,16771343,16771446,103,mRNA
50497,16774450,16774857,407,mRNA
50498,16775683,16775853,170,mRNA
50499,16776850,16777439,589,mRNA
50500,16779728,16779845,117,mRNA
50501,16780550,16780813,263,mRNA
50502,16782344,16782553,209,mRNA
50503,16782775,16783661,886,mRNA
50504,16784251,16784329,78,mRNA
50505,16784666,16785841,1175,mRNA
50506,16785909,16786814,905,mRNA
50507,16787517,16787580,63,mRNA
50508,16788021,16788766,745,mRNA
50509,16766734,16766756,22,mRNA
50510,16768584,16768884,300,mRNA
50511,16769459,16769602,143,mRNA
50512,16770457,16770837,380,mRNA
50513,16770911,16770974,63,mRNA
50514,16771043,16771141,98,mRNA
50515,16771343,16771446,103,mRNA
50516,16774450,16774857,407,mRNA
50517,16775683,16775853,170,mRNA
50518,16776850,16777439,589,mRNA
50519,16779728,16779845,117,mRNA
50520,16780550,16780813,263,mRNA
50521,16782344,16782553,209,mRNA
50522,16782775,16783661,886,mRNA
50523,16784251,16784329,78,mRNA
50524,16784666,16785841,1175,mRNA
50525,16785909,16786814,905,mRNA
50526,16788021,16788766,745,mRNA
50527,16766734,16766756,22,mRNA
50528,16768584,16768884,300,mRNA
50529,16769459,16769602,143,mRNA
50530,16770457,16770837,380,mRNA
50531,16770911,16770974,63,mRNA
50532,16771043,16771141,98,mRNA
50533,16771343,16771446,103,mRNA
50534,16774450,16774857,407,mRNA
50535,16776263,16776433,170,mRNA
50536,16776850,16777439,589,mRNA
50537,16779093,16779210,117,mRNA
50538,16780550,16780813,263,mRNA
50539,16782344,16782553,209,mRNA
50540,16782775,16783661,886,mRNA
50541,16784251,16784329,78,mRNA
50542,16784666,16785841,1175,mRNA
50543,16785909,16786814,905,mRNA
50544,16788021,16788766,745,mRNA
50545,16766734,16766756,22,mRNA
50546,16768584,16768884,300,mRNA
50547,16769459,16769602,143,mRNA
50548,16770457,16770837,380,mRNA
50549,16770911,16770974,63,mRNA
50550,16771043,16771141,98,mRNA
50551,16771343,16771446,103,mRNA
50552,16774450,16774857,407,mRNA
50553,16776263,16776433,170,mRNA
50554,16776850,16777439,589,mRNA
50555,16779728,16779845,117,mRNA
50556,16780550,16780813,263,mRNA
50557,16782344,16782553,209,mRNA
50558,16782775,16783661,886,mRNA
50559,16784251,16784329,78,mRNA
50560,16784666,16785841,1175,mRNA
50561,16785909,16786814,905,mRNA
50562,16788021,16788766,745,mRNA
50563,16766734,16766756,22,mRNA
50564,16768584,16768884,300,mRNA
50565,16769459,16769602,143,mRNA
50566,16770457,16770837,380,mRNA
50567,16770911,16770974,63,mRNA
50568,16771043,16771141,98,mRNA
50569,16773277,16773380,103,mRNA
50570,16774450,16774857,407,mRNA
50571,16775211,16775381,170,mRNA
50572,16776850,16777439,589,mRNA
50573,16778390,16778507,117,mRNA
50574,16780550,16780813,263,mRNA
50575,16782344,16782553,209,mRNA
50576,16782775,16783661,886,mRNA
50577,16783833,16783911,78,mRNA
50578,16784666,16785841,1175,mRNA
50579,16785909,16786814,905,mRNA
50580,16787079,16787580,501,mRNA
50581,16788021,16788766,745,mRNA
50582,16766734,16766756,22,mRNA
50583,16768584,16768884,300,mRNA
50584,16769459,16769602,143,mRNA
50585,16770457,16770837,380,mRNA
50586,16770911,16770974,63,mRNA
50587,16771043,16771141,98,mRNA
50588,16773277,16773380,103,mRNA
50589,16774450,16774857,407,mRNA
50590,16775683,16775853,170,mRNA
50591,16776850,16777439,589,mRNA
50592,16778390,16778507,117,mRNA
50593,16780550,16780813,263,mRNA
50594,16782344,16782553,209,mRNA
50595,16782775,16783661,886,mRNA
50596,16783833,16783911,78,mRNA
50597,16784666,16785841,1175,mRNA
50598,16785909,16786814,905,mRNA
50599,16787079,16787580,501,mRNA
50600,16788021,16788766,745,mRNA
50601,16766734,16766756,22,mRNA
50602,16768584,16768884,300,mRNA
50603,16769459,16769602,143,mRNA
50604,16770457,16770837,380,mRNA
50605,16770911,16770974,63,mRNA
50606,16771043,16771141,98,mRNA
50607,16773277,16773380,103,mRNA
50608,16774450,16774857,407,mRNA
50609,16775683,16775853,170,mRNA
50610,16776850,16777439,589,mRNA
50611,16778390,16778507,117,mRNA
50612,16780550,16780813,263,mRNA
50613,16782344,16782553,209,mRNA
50614,16782775,16783661,886,mRNA
50615,16783833,16783911,78,mRNA
50616,16784666,16785841,1175,mRNA
50617,16785909,16786814,905,mRNA
50618,16787517,16787580,63,mRNA
50619,16788021,16788766,745,mRNA
50620,16766734,16766756,22,mRNA
50621,16768584,16768884,300,mRNA
50622,16769459,16769602,143,mRNA
50623,16770457,16770837,380,mRNA
50624,16770911,16770974,63,mRNA
50625,16771043,16771141,98,mRNA
50626,16773277,16773380,103,mRNA
50627,16774450,16774857,407,mRNA
50628,16775683,16775853,170,mRNA
50629,16776850,16777439,589,mRNA
50630,16778390,16778507,117,mRNA
50631,16780550,16780813,263,mRNA
50632,16782344,16782553,209,mRNA
50633,16782775,16783661,886,mRNA
50634,16783833,16783911,78,mRNA
50635,16784666,16785841,1175,mRNA
50636,16785909,16786814,905,mRNA
50637,16788021,16788766,745,mRNA
50638,16766926,16767110,184,mRNA
50639,16768584,16768884,300,mRNA
50640,16769147,16769290,143,mRNA
50641,16770457,16770837,380,mRNA
50642,16770911,16770974,63,mRNA
50643,16771043,16771141,98,mRNA
50644,16771343,16771446,103,mRNA
50645,16774450,16774857,407,mRNA
50646,16775683,16775853,170,mRNA
50647,16776850,16777439,589,mRNA
50648,16779728,16779845,117,mRNA
50649,16780550,16780813,263,mRNA
50650,16782344,16782553,209,mRNA
50651,16782775,16783661,886,mRNA
50652,16784251,16784329,78,mRNA
50653,16784666,16785841,1175,mRNA
50654,16785909,16786814,905,mRNA
50655,16788021,16788766,745,mRNA
50656,16767777,16767959,182,mRNA
50657,16768584,16768884,300,mRNA
50658,16769459,16769602,143,mRNA
50659,16770457,16770837,380,mRNA
50660,16770911,16770974,63,mRNA
50661,16771043,16771141,98,mRNA
50662,16771343,16771446,103,mRNA
50663,16774450,16774857,407,mRNA
50664,16775683,16775853,170,mRNA
50665,16776850,16777439,589,mRNA
50666,16779093,16779210,117,mRNA
50667,16780550,16780813,263,mRNA
50668,16782344,16782553,209,mRNA
50669,16782775,16783661,886,mRNA
50670,16784251,16784329,78,mRNA
50671,16784666,16785841,1175,mRNA
50672,16785909,16786814,905,mRNA
50673,16787517,16787580,63,mRNA
50674,16788021,16788766,745,mRNA
50675,16767777,16767954,177,mRNA
50676,16768584,16768884,300,mRNA
50677,16769147,16769290,143,mRNA
50678,16770457,16770837,380,mRNA
50679,16770911,16770974,63,mRNA
50680,16771043,16771141,98,mRNA
50681,16771942,16772045,103,mRNA
50682,16774450,16774857,407,mRNA
50683,16775683,16775853,170,mRNA
50684,16776850,16777439,589,mRNA
50685,16779728,16779845,117,mRNA
50686,16780550,16780813,263,mRNA
50687,16782344,16782553,209,mRNA
50688,16782775,16783661,886,mRNA
50689,16783833,16783911,78,mRNA
50690,16784666,16785841,1175,mRNA
50691,16785909,16786814,905,mRNA
50692,16788021,16788766,745,mRNA
50693,16767777,16767954,177,mRNA
50694,16768584,16768884,300,mRNA
50695,16769147,16769290,143,mRNA
50696,16770457,16770837,380,mRNA
50697,16770911,16770974,63,mRNA
50698,16771043,16771141,98,mRNA
50699,16772437,16772540,103,mRNA
50700,16774450,16774857,407,mRNA
50701,16775683,16775853,170,mRNA
50702,16776850,16777439,589,mRNA
50703,16779728,16779845,117,mRNA
50704,16780550,16780813,263,mRNA
50705,16782344,16782553,209,mRNA
50706,16782775,16783661,886,mRNA
50707,16783833,16783911,78,mRNA
50708,16784666,16785841,1175,mRNA
50709,16785909,16786814,905,mRNA
50710,16788021,16788766,745,mRNA
50711,16767777,16767941,164,mRNA
50712,16768584,16768884,300,mRNA
50713,16769147,16769290,143,mRNA
50714,16770457,16770837,380,mRNA
50715,16770911,16770974,63,mRNA
50716,16771043,16771141,98,mRNA
50717,16771942,16772045,103,mRNA
50718,16774450,16774857,407,mRNA
50719,16775683,16775853,170,mRNA
50720,16776850,16777439,589,mRNA
50721,16779728,16779845,117,mRNA
50722,16780550,16780813,263,mRNA
50723,16782344,16782553,209,mRNA
50724,16782775,16783661,886,mRNA
50725,16784251,16784329,78,mRNA
50726,16784666,16785841,1175,mRNA
50727,16785909,16786814,905,mRNA
50728,16788021,16788766,745,mRNA
50729,16768611,16768884,273,mRNA
50730,16769459,16769602,143,mRNA
50731,16770457,16770837,380,mRNA
50732,16770911,16770974,63,mRNA
50733,16771043,16771141,98,mRNA
50734,16771942,16772045,103,mRNA
50735,16774450,16774857,407,mRNA
50736,16775683,16775853,170,mRNA
50737,16776850,16777439,589,mRNA
50738,16777631,16777748,117,mRNA
50739,16780550,16780813,263,mRNA
50740,16782344,16782553,209,mRNA
50741,16782775,16783661,886,mRNA
50742,16784251,16784329,78,mRNA
50743,16784666,16785841,1175,mRNA
50744,16785909,16786814,905,mRNA
50745,16788021,16788766,745,mRNA
50746,16768681,16768884,203,CDS
50747,16769147,16769290,143,CDS
50748,16770457,16770837,380,CDS
50749,16770911,16770974,63,CDS
50750,16771043,16771141,98,CDS
50751,16771343,16771446,103,CDS
50752,16774450,16774857,407,CDS
50753,16775683,16775853,170,CDS
50754,16776850,16777439,589,CDS
50755,16779093,16779210,117,CDS
50756,16780550,16780813,263,CDS
50757,16782344,16782553,209,CDS
50758,16782775,16783661,886,CDS
50759,16784251,16784329,78,CDS
50760,16784666,16785841,1175,CDS
50761,16785909,16786814,905,CDS
50762,16788021,16788104,83,CDS
50763,16768681,16768884,203,CDS
50764,16769147,16769290,143,CDS
50765,16770457,16770837,380,CDS
50766,16770911,16770974,63,CDS
50767,16771043,16771141,98,CDS
50768,16771343,16771446,103,CDS
50769,16774450,16774857,407,CDS
50770,16775683,16775853,170,CDS
50771,16776850,16777439,589,CDS
50772,16779728,16779845,117,CDS
50773,16780550,16780813,263,CDS
50774,16782344,16782553,209,CDS
50775,16782775,16783661,886,CDS
50776,16784251,16784329,78,CDS
50777,16784666,16785841,1175,CDS
50778,16785909,16786814,905,CDS
50779,16788021,16788104,83,CDS
50780,16768681,16768884,203,CDS
50781,16769147,16769290,143,CDS
50782,16770457,16770837,380,CDS
50783,16770911,16770974,63,CDS
50784,16771043,16771141,98,CDS
50785,16771343,16771446,103,CDS
50786,16774450,16774857,407,CDS
50787,16775683,16775853,170,CDS
50788,16776850,16777439,589,CDS
50789,16779728,16779845,117,CDS
50790,16780550,16780813,263,CDS
50791,16782344,16782553,209,CDS
50792,16782775,16783661,886,CDS
50793,16784251,16784329,78,CDS
50794,16784666,16785841,1175,CDS
50795,16785909,16786814,905,CDS
50796,16788021,16788104,83,CDS
50797,16768681,16768884,203,CDS
50798,16769147,16769290,143,CDS
50799,16770457,16770837,380,CDS
50800,16770911,16770974,63,CDS
50801,16771043,16771141,98,CDS
50802,16771343,16771446,103,CDS
50803,16774450,16774857,407,CDS
50804,16776263,16776433,170,CDS
50805,16776850,16777439,589,CDS
50806,16779728,16779845,117,CDS
50807,16780550,16780813,263,CDS
50808,16782344,16782553,209,CDS
50809,16782775,16783661,886,CDS
50810,16784251,16784329,78,CDS
50811,16784666,16785841,1175,CDS
50812,16785909,16786814,905,CDS
50813,16788021,16788104,83,CDS
50814,16768681,16768884,203,CDS
50815,16769147,16769290,143,CDS
50816,16770457,16770837,380,CDS
50817,16770911,16770974,63,CDS
50818,16771043,16771141,98,CDS
50819,16771942,16772045,103,CDS
50820,16774450,16774857,407,CDS
50821,16775683,16775853,170,CDS
50822,16776850,16777439,589,CDS
50823,16778390,16778507,117,CDS
50824,16780550,16780813,263,CDS
50825,16782344,16782553,209,CDS
50826,16782775,16783661,886,CDS
50827,16784251,16784329,78,CDS
50828,16784666,16785841,1175,CDS
50829,16785909,16786814,905,CDS
50830,16788021,16788104,83,CDS
50831,16768681,16768884,203,CDS
50832,16769147,16769290,143,CDS
50833,16770457,16770837,380,CDS
50834,16770911,16770974,63,CDS
50835,16771043,16771141,98,CDS
50836,16771942,16772045,103,CDS
50837,16774450,16774857,407,CDS
50838,16775683,16775853,170,CDS
50839,16776850,16777439,589,CDS
50840,16779728,16779845,117,CDS
50841,16780550,16780813,263,CDS
50842,16782344,16782553,209,CDS
50843,16782775,16783661,886,CDS
50844,16783833,16783911,78,CDS
50845,16784666,16785841,1175,CDS
50846,16785909,16786814,905,CDS
50847,16788021,16788104,83,CDS
50848,16768681,16768884,203,CDS
50849,16769147,16769290,143,CDS
50850,16770457,16770837,380,CDS
50851,16770911,16770974,63,CDS
50852,16771043,16771141,98,CDS
50853,16771942,16772045,103,CDS
50854,16774450,16774857,407,CDS
50855,16775683,16775853,170,CDS
50856,16776850,16777439,589,CDS
50857,16779728,16779845,117,CDS
50858,16780550,16780813,263,CDS
50859,16782344,16782553,209,CDS
50860,16782775,16783661,886,CDS
50861,16784251,16784329,78,CDS
50862,16784666,16785841,1175,CDS
50863,16785909,16786814,905,CDS
50864,16788021,16788104,83,CDS
50865,16768681,16768884,203,CDS
50866,16769147,16769290,143,CDS
50867,16770457,16770837,380,CDS
50868,16770911,16770974,63,CDS
50869,16771043,16771141,98,CDS
50870,16772437,16772540,103,CDS
50871,16774450,16774857,407,CDS
50872,16775683,16775853,170,CDS
50873,16776850,16777439,589,CDS
50874,16779728,16779845,117,CDS
50875,16780550,16780813,263,CDS
50876,16782344,16782553,209,CDS
50877,16782775,16783661,886,CDS
50878,16783833,16783911,78,CDS
50879,16784666,16785841,1175,CDS
50880,16785909,16786814,905,CDS
50881,16788021,16788104,83,CDS
50882,16768681,16768884,203,CDS
50883,16769459,16769602,143,CDS
50884,16770457,16770837,380,CDS
50885,16770911,16770974,63,CDS
50886,16771043,16771141,98,CDS
50887,16771343,16771446,103,CDS
50888,16774450,16774857,407,CDS
50889,16775683,16775853,170,CDS
50890,16776850,16777439,589,CDS
50891,16778005,16778122,117,CDS
50892,16780550,16780813,263,CDS
50893,16782344,16782553,209,CDS
50894,16782775,16783661,886,CDS
50895,16784251,16784329,78,CDS
50896,16784666,16785841,1175,CDS
50897,16785909,16786814,905,CDS
50898,16788021,16788104,83,CDS
50899,16768681,16768884,203,CDS
50900,16769459,16769602,143,CDS
50901,16770457,16770837,380,CDS
50902,16770911,16770974,63,CDS
50903,16771043,16771141,98,CDS
50904,16771343,16771446,103,CDS
50905,16774450,16774857,407,CDS
50906,16775683,16775853,170,CDS
50907,16776850,16777439,589,CDS
50908,16779093,16779210,117,CDS
50909,16780550,16780813,263,CDS
50910,16782344,16782553,209,CDS
50911,16782775,16783661,886,CDS
50912,16784251,16784329,78,CDS
50913,16784666,16785841,1175,CDS
50914,16785909,16786814,905,CDS
50915,16788021,16788104,83,CDS
50916,16768681,16768884,203,CDS
50917,16769459,16769602,143,CDS
50918,16770457,16770837,380,CDS
50919,16770911,16770974,63,CDS
50920,16771043,16771141,98,CDS
50921,16771343,16771446,103,CDS
50922,16774450,16774857,407,CDS
50923,16775683,16775853,170,CDS
50924,16776850,16777439,589,CDS
50925,16779728,16779845,117,CDS
50926,16780550,16780813,263,CDS
50927,16782344,16782553,209,CDS
50928,16782775,16783661,886,CDS
50929,16784251,16784329,78,CDS
50930,16784666,16785841,1175,CDS
50931,16785909,16786814,905,CDS
50932,16788021,16788104,83,CDS
50933,16768681,16768884,203,CDS
50934,16769459,16769602,143,CDS
50935,16770457,16770837,380,CDS
50936,16770911,16770974,63,CDS
50937,16771043,16771141,98,CDS
50938,16771343,16771446,103,CDS
50939,16774450,16774857,407,CDS
50940,16776263,16776433,170,CDS
50941,16776850,16777439,589,CDS
50942,16779093,16779210,117,CDS
50943,16780550,16780813,263,CDS
50944,16782344,16782553,209,CDS
50945,16782775,16783661,886,CDS
50946,16784251,16784329,78,CDS
50947,16784666,16785841,1175,CDS
50948,16785909,16786814,905,CDS
50949,16788021,16788104,83,CDS
50950,16768681,16768884,203,CDS
50951,16769459,16769602,143,CDS
50952,16770457,16770837,380,CDS
50953,16770911,16770974,63,CDS
50954,16771043,16771141,98,CDS
50955,16771343,16771446,103,CDS
50956,16774450,16774857,407,CDS
50957,16776263,16776433,170,CDS
50958,16776850,16777439,589,CDS
50959,16779728,16779845,117,CDS
50960,16780550,16780813,263,CDS
50961,16782344,16782553,209,CDS
50962,16782775,16783661,886,CDS
50963,16784251,16784329,78,CDS
50964,16784666,16785841,1175,CDS
50965,16785909,16786814,905,CDS
50966,16788021,16788104,83,CDS
50967,16768681,16768884,203,CDS
50968,16769459,16769602,143,CDS
50969,16770457,16770837,380,CDS
50970,16770911,16770974,63,CDS
50971,16771043,16771141,98,CDS
50972,16771942,16772045,103,CDS
50973,16774450,16774857,407,CDS
50974,16775683,16775853,170,CDS
50975,16776850,16777439,589,CDS
50976,16777631,16777748,117,CDS
50977,16780550,16780813,263,CDS
50978,16782344,16782553,209,CDS
50979,16782775,16783661,886,CDS
50980,16784251,16784329,78,CDS
50981,16784666,16785841,1175,CDS
50982,16785909,16786814,905,CDS
50983,16788021,16788104,83,CDS
50984,16768681,16768884,203,CDS
50985,16769459,16769602,143,CDS
50986,16770457,16770837,380,CDS
50987,16770911,16770974,63,CDS
50988,16771043,16771141,98,CDS
50989,16773277,16773380,103,CDS
50990,16774450,16774857,407,CDS
50991,16775683,16775853,170,CDS
50992,16776850,16777439,589,CDS
50993,16778390,16778507,117,CDS
50994,16780550,16780813,263,CDS
50995,16782344,16782553,209,CDS
50996,16782775,16783661,886,CDS
50997,16783833,16783911,78,CDS
50998,16784666,16785841,1175,CDS
50999,16785909,16786814,905,CDS
51000,16788021,16788104,83,CDS
51001,16768681,16768884,203,CDS
51002,16769459,16769602,143,CDS
51003,16770457,16770837,380,CDS
51004,16770911,16770974,63,CDS
51005,16771043,16771141,98,CDS
51006,16771343,16771446,103,CDS
51007,16774450,16774857,407,CDS
51008,16775683,16775853,170,CDS
51009,16776850,16777439,589,CDS
51010,16779093,16779210,117,CDS
51011,16780550,16780813,263,CDS
51012,16782344,16782553,209,CDS
51013,16782775,16783661,886,CDS
51014,16784251,16784329,78,CDS
51015,16784666,16785841,1175,CDS
51016,16785909,16786814,905,CDS
51017,16787517,16787561,44,CDS
51018,16768681,16768884,203,CDS
51019,16769459,16769602,143,CDS
51020,16770457,16770837,380,CDS
51021,16770911,16770974,63,CDS
51022,16771043,16771141,98,CDS
51023,16771343,16771446,103,CDS
51024,16774450,16774857,407,CDS
51025,16775683,16775853,170,CDS
51026,16776850,16777439,589,CDS
51027,16779728,16779845,117,CDS
51028,16780550,16780813,263,CDS
51029,16782344,16782553,209,CDS
51030,16782775,16783661,886,CDS
51031,16784251,16784329,78,CDS
51032,16784666,16785841,1175,CDS
51033,16785909,16786814,905,CDS
51034,16787517,16787561,44,CDS
51035,16768681,16768884,203,CDS
51036,16769459,16769602,143,CDS
51037,16770457,16770837,380,CDS
51038,16770911,16770974,63,CDS
51039,16771043,16771141,98,CDS
51040,16773277,16773380,103,CDS
51041,16774450,16774857,407,CDS
51042,16775683,16775853,170,CDS
51043,16776850,16777439,589,CDS
51044,16778390,16778507,117,CDS
51045,16780550,16780813,263,CDS
51046,16782344,16782553,209,CDS
51047,16782775,16783661,886,CDS
51048,16783833,16783911,78,CDS
51049,16784666,16785841,1175,CDS
51050,16785909,16786814,905,CDS
51051,16787517,16787561,44,CDS
51052,16768681,16768884,203,CDS
51053,16769459,16769602,143,CDS
51054,16770457,16770837,380,CDS
51055,16770911,16770974,63,CDS
51056,16771043,16771141,98,CDS
51057,16773277,16773380,103,CDS
51058,16774450,16774857,407,CDS
51059,16775211,16775381,170,CDS
51060,16776850,16777439,589,CDS
51061,16777631,16777748,117,CDS
51062,16780550,16780813,263,CDS
51063,16782344,16782553,209,CDS
51064,16782775,16783661,886,CDS
51065,16783833,16783911,78,CDS
51066,16784666,16785841,1175,CDS
51067,16785909,16786814,905,CDS
51068,16787079,16787084,5,CDS
51069,16768681,16768884,203,CDS
51070,16769459,16769602,143,CDS
51071,16770457,16770837,380,CDS
51072,16770911,16770974,63,CDS
51073,16771043,16771141,98,CDS
51074,16773277,16773380,103,CDS
51075,16774450,16774857,407,CDS
51076,16775211,16775381,170,CDS
51077,16776850,16777439,589,CDS
51078,16778390,16778507,117,CDS
51079,16780550,16780813,263,CDS
51080,16782344,16782553,209,CDS
51081,16782775,16783661,886,CDS
51082,16783833,16783911,78,CDS
51083,16784666,16785841,1175,CDS
51084,16785909,16786814,905,CDS
51085,16787079,16787084,5,CDS
51086,16768681,16768884,203,CDS
51087,16769459,16769602,143,CDS
51088,16770457,16770837,380,CDS
51089,16770911,16770974,63,CDS
51090,16771043,16771141,98,CDS
51091,16773277,16773380,103,CDS
51092,16774450,16774857,407,CDS
51093,16775683,16775853,170,CDS
51094,16776850,16777439,589,CDS
51095,16778390,16778507,117,CDS
51096,16780550,16780813,263,CDS
51097,16782344,16782553,209,CDS
51098,16782775,16783661,886,CDS
51099,16783833,16783911,78,CDS
51100,16784666,16785841,1175,CDS
51101,16785909,16786814,905,CDS
51102,16787079,16787084,5,CDS
51103,16788774,16790721,1947,gene
51104,16790219,16790721,502,mRNA
51105,16789517,16789899,382,mRNA
51106,16788774,16789444,670,mRNA
51107,16790219,16790721,502,mRNA
51108,16789517,16789899,382,mRNA
51109,16788866,16789444,578,mRNA
51110,16790219,16790632,413,CDS
51111,16789517,16789899,382,CDS
51112,16788931,16789444,513,CDS
51113,16790219,16790632,413,CDS
51114,16789517,16789899,382,CDS
51115,16788931,16789444,513,CDS
51116,16791568,16793444,1876,gene
51117,16791568,16791869,301,mRNA
51118,16791943,16792273,330,mRNA
51119,16792370,16792752,382,mRNA
51120,16792810,16793444,634,mRNA
51121,16791568,16791707,139,mRNA
51122,16791764,16791869,105,mRNA
51123,16791943,16792273,330,mRNA
51124,16792370,16792752,382,mRNA
51125,16792810,16793444,634,mRNA
51126,16791772,16791869,97,CDS
51127,16791943,16792273,330,CDS
51128,16792370,16792752,382,CDS
51129,16792810,16793323,513,CDS
51130,16791772,16791869,97,CDS
51131,16791943,16792273,330,CDS
51132,16792370,16792752,382,CDS
51133,16792810,16793323,513,CDS
51134,16794211,16796009,1798,gene
51135,16794211,16796009,1798,mRNA
51136,16794211,16795827,1616,mRNA
51137,16794236,16795807,1571,CDS
51138,16794236,16795807,1571,CDS
51139,16796595,16798273,1678,gene
51140,16796595,16797292,697,mRNA
51141,16797352,16798273,921,mRNA
51142,16796595,16797292,697,CDS
51143,16797352,16798273,921,CDS
51144,16799025,16801584,2559,gene
51145,16799025,16799133,108,mRNA
51146,16799661,16800520,859,mRNA
51147,16800600,16801584,984,mRNA
51148,16799025,16799133,108,mRNA
51149,16799681,16800520,839,mRNA
51150,16800600,16801584,984,mRNA
51151,16799768,16800520,752,mRNA
51152,16800600,16801584,984,mRNA
51153,16799808,16800520,712,CDS
51154,16800600,16801518,918,CDS
51155,16799808,16800520,712,CDS
51156,16800600,16801518,918,CDS
51157,16799808,16800520,712,CDS
51158,16800600,16801518,918,CDS
51159,16802026,16821093,19067,gene
51160,16820943,16821093,150,mRNA
51161,16803271,16803675,404,mRNA
51162,16802924,16803203,279,mRNA
51163,16802620,16802866,246,mRNA
51164,16802026,16802566,540,mRNA
51165,16803957,16804077,120,mRNA
51166,16803271,16803675,404,mRNA
51167,16802924,16803203,279,mRNA
51168,16802620,16802866,246,mRNA
51169,16802026,16802566,540,mRNA
51170,16820943,16821006,63,CDS
51171,16803271,16803675,404,CDS
51172,16802924,16803203,279,CDS
51173,16802620,16802866,246,CDS
51174,16802141,16802566,425,CDS
51175,16803271,16803577,306,CDS
51176,16802924,16803203,279,CDS
51177,16802620,16802866,246,CDS
51178,16802141,16802566,425,CDS
51179,16804884,16816069,11185,gene
51180,16804884,16805262,378,mRNA
51181,16811598,16811863,265,mRNA
51182,16813464,16816069,2605,mRNA
51183,16807316,16807779,463,mRNA
51184,16811598,16811863,265,mRNA
51185,16813464,16816069,2605,mRNA
51186,16811665,16811863,198,CDS
51187,16813464,16815793,2329,CDS
51188,16811665,16811863,198,CDS
51189,16813464,16815793,2329,CDS
51190,16816660,16826964,10304,gene
51191,16816660,16817039,379,mRNA
51192,16820112,16820475,363,mRNA
51193,16820531,16820659,128,mRNA
51194,16820718,16820809,91,mRNA
51195,16820878,16820930,52,mRNA
51196,16825410,16825518,108,mRNA
51197,16825579,16825722,143,mRNA
51198,16825779,16826089,310,mRNA
51199,16826150,16826422,272,mRNA
51200,16826483,16826964,481,mRNA
51201,16816660,16816792,132,mRNA
51202,16820112,16820475,363,mRNA
51203,16820531,16820659,128,mRNA
51204,16820718,16820809,91,mRNA
51205,16820878,16820930,52,mRNA
51206,16825410,16825518,108,mRNA
51207,16825579,16825722,143,mRNA
51208,16825779,16826089,310,mRNA
51209,16826150,16826422,272,mRNA
51210,16826483,16826964,481,mRNA
51211,16816660,16816719,59,mRNA
51212,16820112,16820475,363,mRNA
51213,16820531,16820659,128,mRNA
51214,16820718,16820809,91,mRNA
51215,16820878,16820930,52,mRNA
51216,16825410,16825518,108,mRNA
51217,16825579,16825722,143,mRNA
51218,16825779,16826089,310,mRNA
51219,16826150,16826422,272,mRNA
51220,16826483,16826964,481,mRNA
51221,16817108,16817459,351,mRNA
51222,16820112,16820475,363,mRNA
51223,16820531,16820659,128,mRNA
51224,16820718,16820809,91,mRNA
51225,16820878,16820930,52,mRNA
51226,16825410,16825518,108,mRNA
51227,16825579,16825722,143,mRNA
51228,16825779,16826089,310,mRNA
51229,16826150,16826422,272,mRNA
51230,16826483,16826964,481,mRNA
51231,16820123,16820475,352,CDS
51232,16820531,16820659,128,CDS
51233,16820718,16820809,91,CDS
51234,16820878,16820930,52,CDS
51235,16825410,16825518,108,CDS
51236,16825579,16825722,143,CDS
51237,16825779,16826089,310,CDS
51238,16826150,16826422,272,CDS
51239,16826483,16826716,233,CDS
51240,16820123,16820475,352,CDS
51241,16820531,16820659,128,CDS
51242,16820718,16820809,91,CDS
51243,16820878,16820930,52,CDS
51244,16825410,16825518,108,CDS
51245,16825579,16825722,143,CDS
51246,16825779,16826089,310,CDS
51247,16826150,16826422,272,CDS
51248,16826483,16826716,233,CDS
51249,16820123,16820475,352,CDS
51250,16820531,16820659,128,CDS
51251,16820718,16820809,91,CDS
51252,16820878,16820930,52,CDS
51253,16825410,16825518,108,CDS
51254,16825579,16825722,143,CDS
51255,16825779,16826089,310,CDS
51256,16826150,16826422,272,CDS
51257,16826483,16826716,233,CDS
51258,16820123,16820475,352,CDS
51259,16820531,16820659,128,CDS
51260,16820718,16820809,91,CDS
51261,16820878,16820930,52,CDS
51262,16825410,16825518,108,CDS
51263,16825579,16825722,143,CDS
51264,16825779,16826089,310,CDS
51265,16826150,16826422,272,CDS
51266,16826483,16826716,233,CDS
51267,16821156,16825207,4051,gene
51268,16824982,16825207,225,mRNA
51269,16823640,16824499,859,mRNA
51270,16823085,16823568,483,mRNA
51271,16822714,16823016,302,mRNA
51272,16822492,16822648,156,mRNA
51273,16822135,16822435,300,mRNA
51274,16821156,16822061,905,mRNA
51275,16824982,16825066,84,CDS
51276,16823640,16824499,859,CDS
51277,16823085,16823568,483,CDS
51278,16822714,16823016,302,CDS
51279,16822492,16822648,156,CDS
51280,16822135,16822435,300,CDS
51281,16821324,16822061,737,CDS
51282,16827078,16832093,5015,gene
51283,16827078,16827246,168,mRNA
51284,16827494,16827644,150,mRNA
51285,16827721,16827889,168,mRNA
51286,16828052,16828552,500,mRNA
51287,16828617,16828795,178,mRNA
51288,16828857,16828946,89,mRNA
51289,16829003,16830460,1457,mRNA
51290,16830524,16831705,1181,mRNA
51291,16827359,16827393,34,mRNA
51292,16827494,16827644,150,mRNA
51293,16827721,16827889,168,mRNA
51294,16828052,16828552,500,mRNA
51295,16828617,16828795,178,mRNA
51296,16828857,16828946,89,mRNA
51297,16829003,16830460,1457,mRNA
51298,16830524,16832093,1569,mRNA
51299,16827359,16827644,285,mRNA
51300,16827721,16827889,168,mRNA
51301,16828052,16828552,500,mRNA
51302,16828617,16828795,178,mRNA
51303,16828857,16828946,89,mRNA
51304,16829003,16830460,1457,mRNA
51305,16830524,16831705,1181,mRNA
51306,16827724,16827889,165,CDS
51307,16828052,16828552,500,CDS
51308,16828617,16828795,178,CDS
51309,16828857,16828946,89,CDS
51310,16829003,16830460,1457,CDS
51311,16830524,16831378,854,CDS
51312,16827724,16827889,165,CDS
51313,16828052,16828552,500,CDS
51314,16828617,16828795,178,CDS
51315,16828857,16828946,89,CDS
51316,16829003,16830460,1457,CDS
51317,16830524,16831378,854,CDS
51318,16827724,16827889,165,CDS
51319,16828052,16828552,500,CDS
51320,16828617,16828795,178,CDS
51321,16828857,16828946,89,CDS
51322,16829003,16830460,1457,CDS
51323,16830524,16831378,854,CDS
51324,16832065,16834502,2437,gene
51325,16834355,16834502,147,mRNA
51326,16833864,16834013,149,mRNA
51327,16833437,16833808,371,mRNA
51328,16832865,16833296,431,mRNA
51329,16832065,16832806,741,mRNA
51330,16833864,16833998,134,mRNA
51331,16833437,16833808,371,mRNA
51332,16832865,16833296,431,mRNA
51333,16832065,16832806,741,mRNA
51334,16833864,16833900,36,CDS
51335,16833437,16833808,371,CDS
51336,16832865,16833296,431,CDS
51337,16832193,16832806,613,CDS
51338,16833864,16833900,36,CDS
51339,16833437,16833808,371,CDS
51340,16832865,16833296,431,CDS
51341,16832193,16832806,613,CDS
51342,16835136,16837258,2122,gene
51343,16835136,16837258,2122,mRNA
51344,16835260,16837218,1958,CDS
51345,16837972,16841884,3912,gene
51346,16837972,16841884,3912,gene
51347,16837972,16838006,34,mRNA
51348,16839213,16839355,142,mRNA
51349,16840270,16840578,308,mRNA
51350,16841345,16841425,80,mRNA
51351,16841499,16841884,385,mRNA
51352,16837972,16838006,34,mRNA
51353,16839213,16839355,142,mRNA
51354,16840270,16840578,308,mRNA
51355,16841345,16841425,80,mRNA
51356,16841499,16841884,385,mRNA
51357,16838591,16838663,72,mRNA
51358,16839213,16839355,142,mRNA
51359,16840270,16840578,308,mRNA
51360,16841345,16841425,80,mRNA
51361,16841499,16841884,385,mRNA
51362,16838591,16838663,72,mRNA
51363,16839213,16839355,142,mRNA
51364,16840270,16840578,308,mRNA
51365,16841345,16841425,80,mRNA
51366,16841499,16841884,385,mRNA
51367,16838591,16838663,72,mRNA
51368,16839213,16839355,142,mRNA
51369,16841345,16841425,80,mRNA
51370,16841499,16841884,385,mRNA
51371,16839227,16839313,86,CDS
51372,16839227,16839313,86,CDS
51373,16839227,16839313,86,CDS
51374,16840137,16840578,441,mRNA
51375,16841345,16841425,80,mRNA
51376,16841499,16841884,385,mRNA
51377,16840137,16840208,71,mRNA
51378,16840270,16840578,308,mRNA
51379,16841345,16841425,80,mRNA
51380,16841499,16841884,385,mRNA
51381,16840296,16840385,89,CDS
51382,16840296,16840385,89,CDS
51383,16840296,16840385,89,CDS
51384,16840296,16840385,89,CDS
51385,16842300,16848716,6416,gene
51386,16848600,16848716,116,mRNA
51387,16846751,16846964,213,mRNA
51388,16844679,16844801,122,mRNA
51389,16844509,16844619,110,mRNA
51390,16843513,16843961,448,mRNA
51391,16842300,16843394,1094,mRNA
51392,16846751,16847197,446,mRNA
51393,16844679,16844801,122,mRNA
51394,16844509,16844619,110,mRNA
51395,16843513,16843961,448,mRNA
51396,16842347,16843394,1047,mRNA
51397,16848600,16848716,116,mRNA
51398,16846751,16846964,213,mRNA
51399,16844679,16844801,122,mRNA
51400,16844509,16844619,110,mRNA
51401,16843513,16843961,448,mRNA
51402,16843209,16843394,185,mRNA
51403,16848600,16848716,116,mRNA
51404,16847817,16848063,246,mRNA
51405,16847503,16847731,228,mRNA
51406,16846751,16846964,213,mRNA
51407,16844679,16844801,122,mRNA
51408,16844509,16844619,110,mRNA
51409,16843513,16843961,448,mRNA
51410,16843209,16843394,185,mRNA
51411,16846751,16847197,446,mRNA
51412,16844679,16844801,122,mRNA
51413,16844509,16844619,110,mRNA
51414,16843513,16843961,448,mRNA
51415,16843209,16843394,185,mRNA
51416,16847503,16847505,2,CDS
51417,16846751,16846964,213,CDS
51418,16844679,16844801,122,CDS
51419,16844509,16844619,110,CDS
51420,16843513,16843961,448,CDS
51421,16843278,16843394,116,CDS
51422,16846751,16846970,219,CDS
51423,16844679,16844801,122,CDS
51424,16844509,16844619,110,CDS
51425,16843513,16843961,448,CDS
51426,16843278,16843394,116,CDS
51427,16846751,16846970,219,CDS
51428,16844679,16844801,122,CDS
51429,16844509,16844619,110,CDS
51430,16843513,16843961,448,CDS
51431,16843278,16843394,116,CDS
51432,16846751,16846928,177,CDS
51433,16844679,16844801,122,CDS
51434,16844509,16844619,110,CDS
51435,16843513,16843961,448,CDS
51436,16843278,16843394,116,CDS
51437,16846751,16846928,177,CDS
51438,16844679,16844801,122,CDS
51439,16844509,16844619,110,CDS
51440,16843513,16843961,448,CDS
51441,16843278,16843394,116,CDS
51442,16849018,16852368,3350,gene
51443,16852155,16852368,213,mRNA
51444,16850158,16850280,122,mRNA
51445,16849984,16850094,110,mRNA
51446,16849395,16849840,445,mRNA
51447,16849018,16849261,243,mRNA
51448,16852155,16852332,177,CDS
51449,16850158,16850280,122,CDS
51450,16849984,16850094,110,CDS
51451,16849395,16849840,445,CDS
51452,16849145,16849261,116,CDS
51453,16853620,16858714,5094,gene
51454,16858300,16858714,414,mRNA
51455,16854716,16854838,122,mRNA
51456,16854542,16854652,110,mRNA
51457,16853953,16854398,445,mRNA
51458,16853620,16853862,242,mRNA
51459,16858300,16858562,262,mRNA
51460,16854716,16854838,122,mRNA
51461,16854542,16854652,110,mRNA
51462,16853953,16854398,445,mRNA
51463,16853620,16853862,242,mRNA
51464,16858300,16858453,153,CDS
51465,16854716,16854838,122,CDS
51466,16854542,16854652,110,CDS
51467,16853953,16854398,445,CDS
51468,16853746,16853862,116,CDS
51469,16858300,16858453,153,CDS
51470,16854716,16854838,122,CDS
51471,16854542,16854652,110,CDS
51472,16853953,16854398,445,CDS
51473,16853746,16853862,116,CDS
51474,16854994,16855063,69,mobile_element
51475,16855068,16855215,147,mobile_element
51476,16855435,16855761,326,mobile_element
51477,16855798,16856954,1156,mobile_element
51478,16857078,16857176,98,mobile_element
51479,16858766,16859500,734,mobile_element
51480,16860029,16861489,1460,gene
51481,16861140,16861489,349,mRNA
51482,16860673,16860786,113,mRNA
51483,16860029,16860605,576,mRNA
51484,16861140,16861419,279,CDS
51485,16860673,16860786,113,CDS
51486,16860073,16860605,532,CDS
51487,16861497,16862431,934,gene
51488,16861497,16861516,19,ncRNA
51489,16862034,16862431,397,ncRNA
51490,16869346,16878300,8954,gene
51491,16869346,16870997,1651,ncRNA
51492,16876150,16876250,100,ncRNA
51493,16877497,16878300,803,ncRNA
51494,16869462,16870997,1535,ncRNA
51495,16875387,16875508,121,ncRNA
51496,16876150,16876250,100,ncRNA
51497,16877497,16878300,803,ncRNA
51498,16869462,16870997,1535,ncRNA
51499,16876150,16876250,100,ncRNA
51500,16877497,16878300,803,ncRNA
51501,16869462,16870997,1535,ncRNA
51502,16877497,16878300,803,ncRNA
51503,16869462,16870997,1535,ncRNA
51504,16877500,16878300,800,ncRNA
51505,16870490,16870997,507,ncRNA
51506,16875387,16875508,121,ncRNA
51507,16877497,16878300,803,ncRNA
51508,16878326,16879290,964,gene
51509,16879111,16879290,179,mRNA
51510,16879017,16879057,40,mRNA
51511,16878326,16878876,550,mRNA
51512,16879111,16879290,179,mRNA
51513,16879017,16879057,40,mRNA
51514,16878423,16878876,453,mRNA
51515,16879111,16879216,105,CDS
51516,16879017,16879057,40,CDS
51517,16878601,16878876,275,CDS
51518,16879111,16879216,105,CDS
51519,16879017,16879057,40,CDS
51520,16878601,16878876,275,CDS
51521,16879517,16886319,6802,gene
51522,16879517,16886319,6802,gene
51523,16879517,16879920,403,mRNA
51524,16880589,16880660,71,mRNA
51525,16881035,16881801,766,mRNA
51526,16885264,16885735,471,mRNA
51527,16885796,16886319,523,mRNA
51528,16879517,16879920,403,mRNA
51529,16880589,16880660,71,mRNA
51530,16881035,16881801,766,mRNA
51531,16885264,16885735,471,mRNA
51532,16885796,16886319,523,mRNA
51533,16879546,16879920,374,CDS
51534,16880589,16880660,71,CDS
51535,16881035,16881433,398,CDS
51536,16881212,16881801,589,mRNA
51537,16885264,16885735,471,mRNA
51538,16885796,16886319,523,mRNA
51539,16881514,16881801,287,CDS
51540,16885264,16885735,471,CDS
51541,16885796,16886025,229,CDS
51542,16881514,16881801,287,CDS
51543,16885264,16885735,471,CDS
51544,16885796,16886025,229,CDS
51545,16887109,16887966,857,gene
51546,16887793,16887966,173,mRNA
51547,16887109,16887677,568,mRNA
51548,16887793,16887966,173,mRNA
51549,16887125,16887677,552,mRNA
51550,16887793,16887834,41,CDS
51551,16887462,16887677,215,CDS
51552,16887793,16887834,41,CDS
51553,16887462,16887677,215,CDS
51554,16888490,16917052,28562,gene
51555,16888490,16889125,635,mRNA
51556,16891458,16891737,279,mRNA
51557,16891793,16894943,3150,mRNA
51558,16895001,16895204,203,mRNA
51559,16895287,16895830,543,mRNA
51560,16895891,16896171,280,mRNA
51561,16896237,16896357,120,mRNA
51562,16896809,16896904,95,mRNA
51563,16897488,16898068,580,mRNA
51564,16902528,16902864,336,mRNA
51565,16902932,16904131,1199,mRNA
51566,16904237,16904401,164,mRNA
51567,16904460,16904712,252,mRNA
51568,16905299,16905389,90,mRNA
51569,16905491,16905594,103,mRNA
51570,16905660,16906315,655,mRNA
51571,16906381,16906513,132,mRNA
51572,16906577,16907438,861,mRNA
51573,16907508,16908123,615,mRNA
51574,16910672,16911640,968,mRNA
51575,16911704,16915355,3651,mRNA
51576,16915421,16915621,200,mRNA
51577,16915672,16915820,148,mRNA
51578,16915881,16917052,1171,mRNA
51579,16888490,16889125,635,mRNA
51580,16891458,16891737,279,mRNA
51581,16891793,16894943,3150,mRNA
51582,16895001,16895204,203,mRNA
51583,16895287,16895830,543,mRNA
51584,16895891,16896171,280,mRNA
51585,16896237,16896357,120,mRNA
51586,16896809,16896904,95,mRNA
51587,16897488,16898068,580,mRNA
51588,16902528,16902864,336,mRNA
51589,16902932,16904131,1199,mRNA
51590,16904237,16904401,164,mRNA
51591,16904460,16904610,150,mRNA
51592,16905299,16905389,90,mRNA
51593,16905491,16905594,103,mRNA
51594,16905660,16906315,655,mRNA
51595,16906381,16906513,132,mRNA
51596,16906577,16907438,861,mRNA
51597,16907508,16908123,615,mRNA
51598,16910672,16911640,968,mRNA
51599,16911704,16915355,3651,mRNA
51600,16915421,16915621,200,mRNA
51601,16915690,16915820,130,mRNA
51602,16915881,16917052,1171,mRNA
51603,16888490,16889125,635,mRNA
51604,16891458,16891737,279,mRNA
51605,16891793,16894943,3150,mRNA
51606,16895001,16895204,203,mRNA
51607,16895287,16895830,543,mRNA
51608,16895891,16896171,280,mRNA
51609,16896237,16896357,120,mRNA
51610,16897488,16898068,580,mRNA
51611,16902528,16902864,336,mRNA
51612,16902932,16904143,1211,mRNA
51613,16904237,16904401,164,mRNA
51614,16904460,16904712,252,mRNA
51615,16905299,16905389,90,mRNA
51616,16905491,16905594,103,mRNA
51617,16905660,16906315,655,mRNA
51618,16906381,16906513,132,mRNA
51619,16906577,16907438,861,mRNA
51620,16907508,16908123,615,mRNA
51621,16910672,16911640,968,mRNA
51622,16911704,16915355,3651,mRNA
51623,16915421,16915621,200,mRNA
51624,16915690,16915820,130,mRNA
51625,16915881,16917052,1171,mRNA
51626,16888490,16889125,635,mRNA
51627,16891458,16891737,279,mRNA
51628,16891793,16894943,3150,mRNA
51629,16895001,16895204,203,mRNA
51630,16895287,16895830,543,mRNA
51631,16895891,16896171,280,mRNA
51632,16896237,16896357,120,mRNA
51633,16897488,16898068,580,mRNA
51634,16902528,16902864,336,mRNA
51635,16902932,16904143,1211,mRNA
51636,16904237,16904401,164,mRNA
51637,16904460,16904712,252,mRNA
51638,16905299,16905389,90,mRNA
51639,16905551,16905594,43,mRNA
51640,16905660,16906315,655,mRNA
51641,16906381,16906513,132,mRNA
51642,16906577,16907438,861,mRNA
51643,16907508,16908123,615,mRNA
51644,16910672,16911640,968,mRNA
51645,16911704,16915355,3651,mRNA
51646,16915421,16915621,200,mRNA
51647,16915690,16915820,130,mRNA
51648,16915881,16917052,1171,mRNA
51649,16888490,16889125,635,mRNA
51650,16891458,16891737,279,mRNA
51651,16891793,16894943,3150,mRNA
51652,16895001,16895204,203,mRNA
51653,16895287,16895830,543,mRNA
51654,16895891,16896171,280,mRNA
51655,16896237,16896357,120,mRNA
51656,16897488,16898068,580,mRNA
51657,16902528,16902864,336,mRNA
51658,16902932,16904131,1199,mRNA
51659,16904237,16904401,164,mRNA
51660,16904460,16904661,201,mRNA
51661,16905299,16905389,90,mRNA
51662,16905491,16905594,103,mRNA
51663,16905660,16906315,655,mRNA
51664,16906381,16906513,132,mRNA
51665,16906577,16907438,861,mRNA
51666,16907508,16908123,615,mRNA
51667,16910672,16911640,968,mRNA
51668,16911704,16915355,3651,mRNA
51669,16915421,16915621,200,mRNA
51670,16915690,16915820,130,mRNA
51671,16915881,16917052,1171,mRNA
51672,16888490,16889125,635,mRNA
51673,16891458,16891737,279,mRNA
51674,16891793,16894943,3150,mRNA
51675,16895001,16895204,203,mRNA
51676,16895287,16895830,543,mRNA
51677,16895891,16896171,280,mRNA
51678,16896237,16896357,120,mRNA
51679,16897488,16898068,580,mRNA
51680,16902528,16902864,336,mRNA
51681,16902932,16904131,1199,mRNA
51682,16904237,16904401,164,mRNA
51683,16904460,16904661,201,mRNA
51684,16905299,16905389,90,mRNA
51685,16905551,16905594,43,mRNA
51686,16905660,16906315,655,mRNA
51687,16906381,16906513,132,mRNA
51688,16906577,16907438,861,mRNA
51689,16907508,16908123,615,mRNA
51690,16910672,16911640,968,mRNA
51691,16911704,16915355,3651,mRNA
51692,16915421,16915621,200,mRNA
51693,16915690,16915820,130,mRNA
51694,16915881,16917052,1171,mRNA
51695,16888507,16889530,1023,gene
51696,16888507,16889125,618,ncRNA
51697,16889217,16889530,313,ncRNA
51698,16889003,16889125,122,CDS
51699,16891458,16891737,279,CDS
51700,16891793,16894943,3150,CDS
51701,16895001,16895204,203,CDS
51702,16895287,16895830,543,CDS
51703,16895891,16896171,280,CDS
51704,16896237,16896357,120,CDS
51705,16896809,16896904,95,CDS
51706,16897488,16898068,580,CDS
51707,16902528,16902864,336,CDS
51708,16902932,16904131,1199,CDS
51709,16904237,16904401,164,CDS
51710,16904460,16904712,252,CDS
51711,16905299,16905389,90,CDS
51712,16905491,16905594,103,CDS
51713,16905660,16906315,655,CDS
51714,16906381,16906513,132,CDS
51715,16906577,16907438,861,CDS
51716,16907508,16908123,615,CDS
51717,16910672,16911640,968,CDS
51718,16911704,16915355,3651,CDS
51719,16915421,16915621,200,CDS
51720,16915672,16915820,148,CDS
51721,16915881,16916564,683,CDS
51722,16889003,16889125,122,CDS
51723,16891458,16891737,279,CDS
51724,16891793,16894943,3150,CDS
51725,16895001,16895204,203,CDS
51726,16895287,16895830,543,CDS
51727,16895891,16896171,280,CDS
51728,16896237,16896357,120,CDS
51729,16896809,16896904,95,CDS
51730,16897488,16898068,580,CDS
51731,16902528,16902864,336,CDS
51732,16902932,16904131,1199,CDS
51733,16904237,16904401,164,CDS
51734,16904460,16904610,150,CDS
51735,16905299,16905389,90,CDS
51736,16905491,16905594,103,CDS
51737,16905660,16906315,655,CDS
51738,16906381,16906513,132,CDS
51739,16906577,16907438,861,CDS
51740,16907508,16908123,615,CDS
51741,16910672,16911640,968,CDS
51742,16911704,16915355,3651,CDS
51743,16915421,16915621,200,CDS
51744,16915690,16915820,130,CDS
51745,16915881,16916564,683,CDS
51746,16889003,16889125,122,CDS
51747,16891458,16891737,279,CDS
51748,16891793,16894943,3150,CDS
51749,16895001,16895204,203,CDS
51750,16895287,16895830,543,CDS
51751,16895891,16896171,280,CDS
51752,16896237,16896357,120,CDS
51753,16897488,16898068,580,CDS
51754,16902528,16902864,336,CDS
51755,16902932,16904143,1211,CDS
51756,16904237,16904401,164,CDS
51757,16904460,16904712,252,CDS
51758,16905299,16905389,90,CDS
51759,16905491,16905594,103,CDS
51760,16905660,16906315,655,CDS
51761,16906381,16906513,132,CDS
51762,16906577,16907438,861,CDS
51763,16907508,16908123,615,CDS
51764,16910672,16911640,968,CDS
51765,16911704,16915355,3651,CDS
51766,16915421,16915621,200,CDS
51767,16915690,16915820,130,CDS
51768,16915881,16916564,683,CDS
51769,16889003,16889125,122,CDS
51770,16891458,16891737,279,CDS
51771,16891793,16894943,3150,CDS
51772,16895001,16895204,203,CDS
51773,16895287,16895830,543,CDS
51774,16895891,16896171,280,CDS
51775,16896237,16896357,120,CDS
51776,16897488,16898068,580,CDS
51777,16902528,16902864,336,CDS
51778,16902932,16904143,1211,CDS
51779,16904237,16904401,164,CDS
51780,16904460,16904712,252,CDS
51781,16905299,16905389,90,CDS
51782,16905551,16905594,43,CDS
51783,16905660,16906315,655,CDS
51784,16906381,16906513,132,CDS
51785,16906577,16907438,861,CDS
51786,16907508,16908123,615,CDS
51787,16910672,16911640,968,CDS
51788,16911704,16915355,3651,CDS
51789,16915421,16915621,200,CDS
51790,16915690,16915820,130,CDS
51791,16915881,16916564,683,CDS
51792,16889003,16889125,122,CDS
51793,16891458,16891737,279,CDS
51794,16891793,16894943,3150,CDS
51795,16895001,16895204,203,CDS
51796,16895287,16895830,543,CDS
51797,16895891,16896171,280,CDS
51798,16896237,16896357,120,CDS
51799,16897488,16898068,580,CDS
51800,16902528,16902864,336,CDS
51801,16902932,16904131,1199,CDS
51802,16904237,16904401,164,CDS
51803,16904460,16904661,201,CDS
51804,16905299,16905389,90,CDS
51805,16905491,16905594,103,CDS
51806,16905660,16906315,655,CDS
51807,16906381,16906513,132,CDS
51808,16906577,16907438,861,CDS
51809,16907508,16908123,615,CDS
51810,16910672,16911640,968,CDS
51811,16911704,16915355,3651,CDS
51812,16915421,16915621,200,CDS
51813,16915690,16915820,130,CDS
51814,16915881,16916564,683,CDS
51815,16889003,16889125,122,CDS
51816,16891458,16891737,279,CDS
51817,16891793,16894943,3150,CDS
51818,16895001,16895204,203,CDS
51819,16895287,16895830,543,CDS
51820,16895891,16896171,280,CDS
51821,16896237,16896357,120,CDS
51822,16897488,16898068,580,CDS
51823,16902528,16902864,336,CDS
51824,16902932,16904131,1199,CDS
51825,16904237,16904401,164,CDS
51826,16904460,16904661,201,CDS
51827,16905299,16905389,90,CDS
51828,16905551,16905594,43,CDS
51829,16905660,16906315,655,CDS
51830,16906381,16906513,132,CDS
51831,16906577,16907438,861,CDS
51832,16907508,16908123,615,CDS
51833,16910672,16911640,968,CDS
51834,16911704,16915355,3651,CDS
51835,16915421,16915621,200,CDS
51836,16915690,16915820,130,CDS
51837,16915881,16916564,683,CDS
51838,16889908,16891239,1331,gene
51839,16889908,16891239,1331,mRNA
51840,16890273,16891046,773,CDS
51841,16898175,16900473,2298,gene
51842,16900354,16900473,119,mRNA
51843,16900101,16900299,198,mRNA
51844,16898746,16900042,1296,mRNA
51845,16898441,16898678,237,mRNA
51846,16898175,16898377,202,mRNA
51847,16900354,16900473,119,mRNA
51848,16900101,16900299,198,mRNA
51849,16898746,16900042,1296,mRNA
51850,16898441,16898678,237,mRNA
51851,16898175,16898387,212,mRNA
51852,16900354,16900473,119,mRNA
51853,16900101,16900299,198,mRNA
51854,16898746,16900046,1300,mRNA
51855,16898441,16898678,237,mRNA
51856,16898175,16898377,202,mRNA
51857,16900354,16900419,65,CDS
51858,16900101,16900299,198,CDS
51859,16898746,16900042,1296,CDS
51860,16898441,16898678,237,CDS
51861,16898262,16898387,125,CDS
51862,16900354,16900419,65,CDS
51863,16900101,16900299,198,CDS
51864,16898746,16900042,1296,CDS
51865,16898441,16898678,237,CDS
51866,16898366,16898377,11,CDS
51867,16900354,16900419,65,CDS
51868,16900101,16900299,198,CDS
51869,16900021,16900046,25,CDS
51870,16900535,16902218,1683,gene
51871,16901728,16902218,490,mRNA
51872,16901281,16901664,383,mRNA
51873,16900535,16901221,686,mRNA
51874,16901728,16902151,423,CDS
51875,16901281,16901664,383,CDS
51876,16900722,16901221,499,CDS
51877,16908229,16910418,2189,gene
51878,16910309,16910418,109,mRNA
51879,16908229,16910184,1955,mRNA
51880,16908229,16910418,2189,mRNA
51881,16908316,16910157,1841,CDS
51882,16908316,16910157,1841,CDS
51883,16936423,16936450,27,mobile_element
51884,16944723,16945374,651,gene
51885,16945220,16945374,154,ncRNA
51886,16944723,16945171,448,ncRNA
51887,16947610,16950070,2460,gene
51888,16949850,16950070,220,ncRNA
51889,16947610,16947940,330,ncRNA
51890,16958166,16962888,4722,mobile_element
51891,16965475,16965767,292,gene
51892,16965475,16965767,292,ncRNA
51893,16973091,16993984,20893,gene
51894,16973091,16973697,606,mRNA
51895,16976490,16977050,560,mRNA
51896,16984610,16984818,208,mRNA
51897,16986015,16986150,135,mRNA
51898,16990241,16990503,262,mRNA
51899,16991981,16992125,144,mRNA
51900,16992657,16993984,1327,mRNA
51901,16973091,16973697,606,mRNA
51902,16976490,16977050,560,mRNA
51903,16984610,16984818,208,mRNA
51904,16986015,16986150,135,mRNA
51905,16990241,16990503,262,mRNA
51906,16991981,16992125,144,mRNA
51907,16992657,16993984,1327,mRNA
51908,16976975,16977050,75,CDS
51909,16984610,16984818,208,CDS
51910,16986015,16986150,135,CDS
51911,16990241,16990503,262,CDS
51912,16991981,16992125,144,CDS
51913,16992657,16993042,385,CDS
51914,16976975,16977050,75,CDS
51915,16984610,16984818,208,CDS
51916,16986015,16986150,135,CDS
51917,16990241,16990473,232,CDS
51918,16981867,16982301,434,gene
51919,16982271,16982301,30,mRNA
51920,16982069,16982221,152,mRNA
51921,16981867,16982014,147,mRNA
51922,16982271,16982301,30,CDS
51923,16982069,16982221,152,CDS
51924,16981914,16982014,100,CDS
51925,16982483,16983085,602,gene
51926,16982483,16983085,602,ncRNA
51927,16984978,16985634,656,gene
51928,16984978,16985634,656,mRNA
51929,16984978,16985583,605,mRNA
51930,16985078,16985533,455,CDS
51931,16985078,16985533,455,CDS
51932,16998327,16998551,224,gene
51933,16998327,16998551,224,ncRNA
51934,16998683,16998941,258,gene
51935,16998683,16998941,258,ncRNA
51936,17011476,17014700,3224,gene
51937,17014607,17014700,93,mRNA
51938,17012674,17013099,425,mRNA
51939,17011476,17012612,1136,mRNA
51940,17012674,17013134,460,mRNA
51941,17011548,17012612,1064,mRNA
51942,17012674,17012935,261,CDS
51943,17011606,17012612,1006,CDS
51944,17012674,17012935,261,CDS
51945,17011606,17012612,1006,CDS
51946,17017747,17018049,302,gene
51947,17017747,17018049,302,ncRNA
51948,17042481,17043165,684,gene
51949,17043044,17043165,121,ncRNA
51950,17042481,17042937,456,ncRNA
51951,17042481,17043165,684,ncRNA
51952,17047161,17048281,1120,gene
51953,17048129,17048281,152,mRNA
51954,17047771,17048065,294,mRNA
51955,17047161,17047609,448,mRNA
51956,17047771,17048068,297,mRNA
51957,17047161,17047609,448,mRNA
51958,17047771,17047981,210,CDS
51959,17047248,17047609,361,CDS
51960,17047771,17047981,210,CDS
51961,17047248,17047609,361,CDS
51962,17085650,17086419,769,gene
51963,17085650,17085812,162,ncRNA
51964,17085864,17086419,555,ncRNA
51965,17085650,17085812,162,ncRNA
51966,17085864,17086170,306,ncRNA
51967,17087641,17089186,1545,gene
51968,17087641,17089186,1545,mRNA
51969,17087641,17088824,1183,mRNA
51970,17087725,17088588,863,CDS
51971,17087725,17088588,863,CDS
51972,17105145,17105687,542,gene
51973,17105145,17105687,542,ncRNA
51974,17123307,17125961,2654,gene
51975,17124145,17125961,1816,mRNA
51976,17123986,17124082,96,mRNA
51977,17123307,17123854,547,mRNA
51978,17124145,17125875,1730,CDS
51979,17123986,17124082,96,CDS
51980,17123391,17123854,463,CDS
51981,17131024,17173118,42094,gene
51982,17131024,17173118,42094,gene
51983,17131024,17131624,600,mRNA
51984,17133483,17133816,333,mRNA
51985,17158542,17158750,208,mRNA
51986,17161861,17161996,135,mRNA
51987,17169814,17170076,262,mRNA
51988,17170137,17170260,123,mRNA
51989,17170329,17173118,2789,mRNA
51990,17131024,17131624,600,mRNA
51991,17133483,17133816,333,mRNA
51992,17158542,17158750,208,mRNA
51993,17161861,17161996,135,mRNA
51994,17169814,17170076,262,mRNA
51995,17170137,17170260,123,mRNA
51996,17170329,17173118,2789,mRNA
51997,17131024,17131225,201,mRNA
51998,17133483,17133816,333,mRNA
51999,17158542,17158750,208,mRNA
52000,17161861,17161996,135,mRNA
52001,17169814,17170076,262,mRNA
52002,17170137,17170260,123,mRNA
52003,17170329,17170517,188,mRNA
52004,17133618,17133816,198,CDS
52005,17158542,17158750,208,CDS
52006,17161861,17161996,135,CDS
52007,17169814,17170076,262,CDS
52008,17170137,17170260,123,CDS
52009,17170329,17170429,100,CDS
52010,17133618,17133816,198,CDS
52011,17158542,17158750,208,CDS
52012,17161861,17161996,135,CDS
52013,17169814,17170076,262,CDS
52014,17170137,17170260,123,CDS
52015,17170329,17170429,100,CDS
52016,17144385,17151999,7614,mobile_element
52017,17167618,17167803,185,mobile_element
52018,17171412,17171967,555,mRNA
52019,17171480,17171848,368,CDS
52020,17171480,17171848,368,CDS
52021,17173481,17174105,624,gene
52022,17173481,17174105,624,mRNA
52023,17173597,17173971,374,CDS
52024,17175294,17175354,60,mobile_element
52025,17175763,17176385,622,gene
52026,17175763,17176150,387,exon
52027,17176203,17176385,182,exon
52028,17176618,17177921,1303,gene
52029,17176618,17176885,267,mRNA
52030,17176957,17177711,754,mRNA
52031,17177769,17177921,152,mRNA
52032,17176618,17176885,267,CDS
52033,17176957,17177711,754,CDS
52034,17177769,17177921,152,CDS
52035,17178772,17180064,1292,gene
52036,17178772,17179048,276,mRNA
52037,17179099,17179853,754,mRNA
52038,17179912,17180064,152,mRNA
52039,17178781,17179048,267,CDS
52040,17179099,17179853,754,CDS
52041,17179912,17180064,152,CDS
52042,17180338,17181632,1294,gene
52043,17180338,17180605,267,mRNA
52044,17180672,17181423,751,mRNA
52045,17181480,17181632,152,mRNA
52046,17180338,17180605,267,CDS
52047,17180672,17181423,751,CDS
52048,17181480,17181632,152,CDS
52049,17181938,17183654,1716,gene
52050,17181938,17182591,653,mRNA
52051,17183025,17183435,410,mRNA
52052,17183487,17183654,167,mRNA
52053,17181938,17182591,653,CDS
52054,17183025,17183435,410,CDS
52055,17183487,17183654,167,CDS
52056,17187637,17260734,73097,gene
52057,17260350,17260734,384,mRNA
52058,17251509,17251615,106,mRNA
52059,17196875,17197086,211,mRNA
52060,17193525,17193660,135,mRNA
52061,17190834,17191099,265,mRNA
52062,17190297,17190432,135,mRNA
52063,17187637,17190230,2593,mRNA
52064,17260350,17260734,384,mRNA
52065,17251509,17251615,106,mRNA
52066,17196875,17197086,211,mRNA
52067,17193525,17193660,135,mRNA
52068,17190834,17191099,265,mRNA
52069,17189830,17190432,602,mRNA
52070,17251509,17251563,54,CDS
52071,17196875,17197086,211,CDS
52072,17193525,17193660,135,CDS
52073,17190834,17191099,265,CDS
52074,17190297,17190432,135,CDS
52075,17189950,17190230,280,CDS
52076,17251509,17251563,54,CDS
52077,17196875,17197086,211,CDS
52078,17193525,17193660,135,CDS
52079,17190834,17191099,265,CDS
52080,17189950,17190432,482,CDS
52081,17199217,17200622,1405,mobile_element
52082,17245856,17246617,761,gene
52083,17245856,17246617,761,ncRNA
52084,17247161,17247656,495,gene
52085,17247161,17247656,495,ncRNA
52086,17273263,17277961,4698,mobile_element
52087,17280235,17280536,301,gene
52088,17280235,17280536,301,ncRNA
52089,17286240,17287663,1423,gene
52090,17286240,17286357,117,mRNA
52091,17286413,17286565,152,mRNA
52092,17286669,17287663,994,mRNA
52093,17286294,17286357,63,CDS
52094,17286413,17286565,152,CDS
52095,17286669,17287459,790,CDS
52096,17291075,17292202,1127,gene
52097,17291075,17292202,1127,mRNA
52098,17291134,17292202,1068,mRNA
52099,17291227,17292108,881,CDS
52100,17291227,17292108,881,CDS
52101,17311468,17311820,352,gene
52102,17311468,17311820,352,mRNA
52103,17311507,17311820,313,mRNA
52104,17311571,17311759,188,CDS
52105,17311571,17311759,188,CDS
52106,17319077,17319308,231,gene
52107,17319077,17319308,231,ncRNA
52108,17320250,17320712,462,gene
52109,17320250,17320712,462,mRNA
52110,17320318,17320530,212,CDS
52111,17335603,17336708,1105,mobile_element
52112,17353730,17354668,938,gene
52113,17354523,17354668,145,ncRNA
52114,17353730,17354452,722,ncRNA
52115,17354523,17354668,145,ncRNA
52116,17353855,17354452,597,ncRNA
52117,17354518,17354668,150,ncRNA
52118,17353903,17354452,549,ncRNA
52119,17354877,17355523,646,gene
52120,17354877,17355523,646,ncRNA
52121,17361039,17361511,472,gene
52122,17361039,17361064,25,ncRNA
52123,17361124,17361511,387,ncRNA
52124,17361747,17362140,393,mobile_element
52125,17363496,17364351,855,gene
52126,17363496,17364351,855,mRNA
52127,17363597,17364235,638,CDS
52128,17367511,17384115,16604,gene
52129,17383470,17384115,645,mRNA
52130,17374231,17374748,517,mRNA
52131,17373579,17374156,577,mRNA
52132,17372905,17373517,612,mRNA
52133,17372708,17372845,137,mRNA
52134,17372565,17372642,77,mRNA
52135,17367511,17368388,877,mRNA
52136,17383470,17384115,645,mRNA
52137,17374231,17374748,517,mRNA
52138,17373579,17374156,577,mRNA
52139,17372905,17373517,612,mRNA
52140,17372708,17372845,137,mRNA
52141,17372565,17372642,77,mRNA
52142,17370843,17371820,977,mRNA
52143,17367511,17368388,877,mRNA
52144,17383470,17383782,312,CDS
52145,17374231,17374748,517,CDS
52146,17373579,17374156,577,CDS
52147,17372905,17373517,612,CDS
52148,17372708,17372845,137,CDS
52149,17372565,17372642,77,CDS
52150,17368197,17368388,191,CDS
52151,17383470,17383782,312,CDS
52152,17374231,17374748,517,CDS
52153,17373579,17374156,577,CDS
52154,17372905,17373517,612,CDS
52155,17372708,17372845,137,CDS
52156,17372565,17372642,77,CDS
52157,17370843,17371820,977,CDS
52158,17368197,17368388,191,CDS
52159,17383470,17384115,645,mRNA
52160,17374231,17374748,517,mRNA
52161,17373579,17374156,577,mRNA
52162,17372905,17373517,612,mRNA
52163,17372708,17372845,137,mRNA
52164,17372565,17372642,77,mRNA
52165,17368742,17371820,3078,mRNA
52166,17383470,17383782,312,CDS
52167,17374231,17374748,517,CDS
52168,17373579,17374156,577,CDS
52169,17372905,17373517,612,CDS
52170,17372708,17372845,137,CDS
52171,17372565,17372642,77,CDS
52172,17370819,17371820,1001,CDS
52173,17384700,17409698,24998,gene
52174,17384700,17384839,139,mRNA
52175,17385444,17385495,51,mRNA
52176,17385561,17385895,334,mRNA
52177,17394430,17394492,62,mRNA
52178,17400396,17400551,155,mRNA
52179,17400612,17400827,215,mRNA
52180,17400893,17401058,165,mRNA
52181,17401113,17401290,177,mRNA
52182,17401519,17401581,62,mRNA
52183,17402375,17402485,110,mRNA
52184,17404730,17404840,110,mRNA
52185,17405356,17405422,66,mRNA
52186,17405485,17406941,1456,mRNA
52187,17406996,17408825,1829,mRNA
52188,17408893,17409023,130,mRNA
52189,17409091,17409299,208,mRNA
52190,17409359,17409698,339,mRNA
52191,17384700,17385495,795,mRNA
52192,17385561,17385895,334,mRNA
52193,17394430,17394492,62,mRNA
52194,17400396,17400551,155,mRNA
52195,17400612,17400827,215,mRNA
52196,17400893,17401058,165,mRNA
52197,17401113,17401290,177,mRNA
52198,17401519,17401581,62,mRNA
52199,17402375,17402485,110,mRNA
52200,17404061,17404640,579,mRNA
52201,17385015,17385495,480,mRNA
52202,17385561,17385895,334,mRNA
52203,17394430,17394492,62,mRNA
52204,17400396,17400551,155,mRNA
52205,17400612,17400827,215,mRNA
52206,17400893,17401058,165,mRNA
52207,17401113,17401290,177,mRNA
52208,17401516,17401581,65,mRNA
52209,17402375,17402485,110,mRNA
52210,17404730,17404840,110,mRNA
52211,17405356,17405422,66,mRNA
52212,17405485,17406941,1456,mRNA
52213,17406996,17408825,1829,mRNA
52214,17408893,17409023,130,mRNA
52215,17409091,17409299,208,mRNA
52216,17409359,17409698,339,mRNA
52217,17385015,17385495,480,mRNA
52218,17385561,17385895,334,mRNA
52219,17394430,17394492,62,mRNA
52220,17400396,17400551,155,mRNA
52221,17400612,17400827,215,mRNA
52222,17400893,17401058,165,mRNA
52223,17401113,17401290,177,mRNA
52224,17401516,17401581,65,mRNA
52225,17404730,17404840,110,mRNA
52226,17405356,17405422,66,mRNA
52227,17405485,17406941,1456,mRNA
52228,17406996,17408825,1829,mRNA
52229,17408893,17409023,130,mRNA
52230,17409091,17409299,208,mRNA
52231,17409359,17409698,339,mRNA
52232,17385015,17385495,480,mRNA
52233,17385561,17385895,334,mRNA
52234,17400396,17400551,155,mRNA
52235,17400612,17400827,215,mRNA
52236,17400893,17401058,165,mRNA
52237,17401113,17401290,177,mRNA
52238,17401519,17401581,62,mRNA
52239,17402375,17402485,110,mRNA
52240,17404730,17404840,110,mRNA
52241,17405356,17405422,66,mRNA
52242,17405485,17406941,1456,mRNA
52243,17406996,17408825,1829,mRNA
52244,17408893,17409023,130,mRNA
52245,17409091,17409299,208,mRNA
52246,17409359,17409698,339,mRNA
52247,17385631,17385895,264,CDS
52248,17394430,17394492,62,CDS
52249,17400396,17400551,155,CDS
52250,17400612,17400827,215,CDS
52251,17400893,17401058,165,CDS
52252,17401113,17401290,177,CDS
52253,17401516,17401581,65,CDS
52254,17402375,17402485,110,CDS
52255,17404730,17404840,110,CDS
52256,17405356,17405422,66,CDS
52257,17405485,17406941,1456,CDS
52258,17406996,17408825,1829,CDS
52259,17408893,17409023,130,CDS
52260,17409091,17409299,208,CDS
52261,17409359,17409405,46,CDS
52262,17385631,17385895,264,CDS
52263,17394430,17394492,62,CDS
52264,17400396,17400551,155,CDS
52265,17400612,17400827,215,CDS
52266,17400893,17401058,165,CDS
52267,17401113,17401290,177,CDS
52268,17401516,17401581,65,CDS
52269,17404730,17404840,110,CDS
52270,17405356,17405422,66,CDS
52271,17405485,17406941,1456,CDS
52272,17406996,17408825,1829,CDS
52273,17408893,17409023,130,CDS
52274,17409091,17409299,208,CDS
52275,17409359,17409405,46,CDS
52276,17385631,17385895,264,CDS
52277,17394430,17394492,62,CDS
52278,17400396,17400551,155,CDS
52279,17400612,17400827,215,CDS
52280,17400893,17401058,165,CDS
52281,17401113,17401290,177,CDS
52282,17401519,17401581,62,CDS
52283,17402375,17402485,110,CDS
52284,17404730,17404840,110,CDS
52285,17405356,17405422,66,CDS
52286,17405485,17406941,1456,CDS
52287,17406996,17408825,1829,CDS
52288,17408893,17409023,130,CDS
52289,17409091,17409299,208,CDS
52290,17409359,17409405,46,CDS
52291,17385631,17385895,264,CDS
52292,17400396,17400551,155,CDS
52293,17400612,17400827,215,CDS
52294,17400893,17401058,165,CDS
52295,17401113,17401290,177,CDS
52296,17401519,17401581,62,CDS
52297,17402375,17402485,110,CDS
52298,17404730,17404840,110,CDS
52299,17405356,17405422,66,CDS
52300,17405485,17406941,1456,CDS
52301,17406996,17408825,1829,CDS
52302,17408893,17409023,130,CDS
52303,17409091,17409299,208,CDS
52304,17409359,17409405,46,CDS
52305,17385631,17385895,264,CDS
52306,17394430,17394492,62,CDS
52307,17400396,17400551,155,CDS
52308,17400612,17400827,215,CDS
52309,17400893,17401058,165,CDS
52310,17401113,17401290,177,CDS
52311,17401519,17401581,62,CDS
52312,17402375,17402485,110,CDS
52313,17404061,17404213,152,CDS
52314,17386146,17386393,247,mRNA
52315,17394430,17394492,62,mRNA
52316,17400396,17400551,155,mRNA
52317,17400612,17400827,215,mRNA
52318,17400893,17401058,165,mRNA
52319,17401113,17401290,177,mRNA
52320,17401516,17401581,65,mRNA
52321,17402375,17402485,110,mRNA
52322,17404730,17404840,110,mRNA
52323,17405356,17405422,66,mRNA
52324,17405485,17406941,1456,mRNA
52325,17406996,17408825,1829,mRNA
52326,17408893,17409023,130,mRNA
52327,17409091,17409299,208,mRNA
52328,17409359,17409698,339,mRNA
52329,17386146,17386393,247,mRNA
52330,17394430,17394492,62,mRNA
52331,17400396,17400551,155,mRNA
52332,17400612,17400827,215,mRNA
52333,17400893,17401058,165,mRNA
52334,17401113,17401290,177,mRNA
52335,17402375,17402485,110,mRNA
52336,17404730,17404840,110,mRNA
52337,17405356,17405422,66,mRNA
52338,17405485,17406941,1456,mRNA
52339,17406996,17408825,1829,mRNA
52340,17408893,17409023,130,mRNA
52341,17409091,17409299,208,mRNA
52342,17409359,17409698,339,mRNA
52343,17386330,17386393,63,CDS
52344,17394430,17394492,62,CDS
52345,17400396,17400551,155,CDS
52346,17400612,17400827,215,CDS
52347,17400893,17401058,165,CDS
52348,17401113,17401290,177,CDS
52349,17401516,17401581,65,CDS
52350,17402375,17402485,110,CDS
52351,17404730,17404840,110,CDS
52352,17405356,17405422,66,CDS
52353,17405485,17406941,1456,CDS
52354,17406996,17408825,1829,CDS
52355,17408893,17409023,130,CDS
52356,17409091,17409299,208,CDS
52357,17409359,17409405,46,CDS
52358,17386330,17386393,63,CDS
52359,17394430,17394492,62,CDS
52360,17400396,17400551,155,CDS
52361,17400612,17400827,215,CDS
52362,17400893,17401058,165,CDS
52363,17401113,17401290,177,CDS
52364,17402375,17402485,110,CDS
52365,17404730,17404840,110,CDS
52366,17405356,17405422,66,CDS
52367,17405485,17406941,1456,CDS
52368,17406996,17408825,1829,CDS
52369,17408893,17409023,130,CDS
52370,17409091,17409299,208,CDS
52371,17409359,17409405,46,CDS
52372,17389341,17389530,189,mRNA
52373,17394430,17394492,62,mRNA
52374,17398597,17398716,119,mRNA
52375,17398854,17398895,41,mRNA
52376,17400396,17400551,155,mRNA
52377,17400612,17400827,215,mRNA
52378,17400893,17401058,165,mRNA
52379,17401113,17401290,177,mRNA
52380,17401516,17401581,65,mRNA
52381,17402375,17402485,110,mRNA
52382,17404730,17404840,110,mRNA
52383,17405356,17405422,66,mRNA
52384,17405485,17406941,1456,mRNA
52385,17406996,17408825,1829,mRNA
52386,17408893,17409023,130,mRNA
52387,17409091,17409299,208,mRNA
52388,17409359,17409698,339,mRNA
52389,17389341,17389530,189,mRNA
52390,17394430,17394492,62,mRNA
52391,17400396,17400551,155,mRNA
52392,17400612,17400827,215,mRNA
52393,17400893,17401058,165,mRNA
52394,17401113,17401290,177,mRNA
52395,17401516,17401581,65,mRNA
52396,17402375,17402485,110,mRNA
52397,17404730,17404840,110,mRNA
52398,17405356,17405422,66,mRNA
52399,17405485,17406941,1456,mRNA
52400,17406996,17408825,1829,mRNA
52401,17408893,17409023,130,mRNA
52402,17409091,17409299,208,mRNA
52403,17409359,17409698,339,mRNA
52404,17389341,17389530,189,mRNA
52405,17394430,17394492,62,mRNA
52406,17400396,17400551,155,mRNA
52407,17400612,17400827,215,mRNA
52408,17400893,17401058,165,mRNA
52409,17401113,17401290,177,mRNA
52410,17401516,17401581,65,mRNA
52411,17404061,17404640,579,mRNA
52412,17389341,17389530,189,mRNA
52413,17394430,17394492,62,mRNA
52414,17400396,17400551,155,mRNA
52415,17400612,17400827,215,mRNA
52416,17400893,17401058,165,mRNA
52417,17401113,17401290,177,mRNA
52418,17404061,17404640,579,mRNA
52419,17389341,17389530,189,mRNA
52420,17394433,17394492,59,mRNA
52421,17400396,17400551,155,mRNA
52422,17400612,17400827,215,mRNA
52423,17400893,17401058,165,mRNA
52424,17401113,17401290,177,mRNA
52425,17401516,17401581,65,mRNA
52426,17402375,17402485,110,mRNA
52427,17404061,17404640,579,mRNA
52428,17389341,17389530,189,mRNA
52429,17394430,17394492,62,mRNA
52430,17400396,17400551,155,mRNA
52431,17400612,17400827,215,mRNA
52432,17400893,17401058,165,mRNA
52433,17401113,17401290,177,mRNA
52434,17401519,17401581,62,mRNA
52435,17404061,17404385,324,mRNA
52436,17389341,17389530,189,mRNA
52437,17394430,17394492,62,mRNA
52438,17398597,17398716,119,mRNA
52439,17398854,17398895,41,mRNA
52440,17400396,17400551,155,mRNA
52441,17400612,17400827,215,mRNA
52442,17400893,17401058,165,mRNA
52443,17401113,17402059,946,mRNA
52444,17394441,17394492,51,CDS
52445,17398597,17398716,119,CDS
52446,17398854,17398895,41,CDS
52447,17400396,17400551,155,CDS
52448,17400612,17400827,215,CDS
52449,17400893,17401058,165,CDS
52450,17401113,17401290,177,CDS
52451,17401516,17401581,65,CDS
52452,17402375,17402485,110,CDS
52453,17404730,17404840,110,CDS
52454,17405356,17405422,66,CDS
52455,17405485,17406941,1456,CDS
52456,17406996,17408825,1829,CDS
52457,17408893,17409023,130,CDS
52458,17409091,17409299,208,CDS
52459,17409359,17409405,46,CDS
52460,17394441,17394492,51,CDS
52461,17400396,17400551,155,CDS
52462,17400612,17400827,215,CDS
52463,17400893,17401058,165,CDS
52464,17401113,17401290,177,CDS
52465,17401516,17401581,65,CDS
52466,17402375,17402485,110,CDS
52467,17404730,17404840,110,CDS
52468,17405356,17405422,66,CDS
52469,17405485,17406941,1456,CDS
52470,17406996,17408825,1829,CDS
52471,17408893,17409023,130,CDS
52472,17409091,17409299,208,CDS
52473,17409359,17409405,46,CDS
52474,17394441,17394492,51,CDS
52475,17400396,17400551,155,CDS
52476,17400612,17400827,215,CDS
52477,17400893,17401058,165,CDS
52478,17401113,17401290,177,CDS
52479,17401516,17401581,65,CDS
52480,17402375,17402485,110,CDS
52481,17404061,17404213,152,CDS
52482,17394441,17394492,51,CDS
52483,17400396,17400551,155,CDS
52484,17400612,17400827,215,CDS
52485,17400893,17401058,165,CDS
52486,17401113,17401290,177,CDS
52487,17401516,17401581,65,CDS
52488,17404061,17404213,152,CDS
52489,17394441,17394492,51,CDS
52490,17400396,17400551,155,CDS
52491,17400612,17400827,215,CDS
52492,17400893,17401058,165,CDS
52493,17401113,17401290,177,CDS
52494,17401519,17401581,62,CDS
52495,17404061,17404213,152,CDS
52496,17394441,17394492,51,CDS
52497,17400396,17400551,155,CDS
52498,17400612,17400827,215,CDS
52499,17400893,17401058,165,CDS
52500,17401113,17401290,177,CDS
52501,17404061,17404213,152,CDS
52502,17394441,17394492,51,CDS
52503,17398597,17398716,119,CDS
52504,17398854,17398895,41,CDS
52505,17400396,17400551,155,CDS
52506,17400612,17400827,215,CDS
52507,17400893,17401058,165,CDS
52508,17401113,17401296,183,CDS
52509,17409698,17410406,708,gene
52510,17410252,17410406,154,mRNA
52511,17410088,17410177,89,mRNA
52512,17409856,17410030,174,mRNA
52513,17409698,17409793,95,mRNA
52514,17410252,17410304,52,CDS
52515,17410088,17410177,89,CDS
52516,17409856,17410030,174,CDS
52517,17409758,17409793,35,CDS
52518,17410641,17413499,2858,gene
52519,17410641,17411618,977,mRNA
52520,17412795,17413499,704,mRNA
52521,17410781,17411618,837,CDS
52522,17412795,17413171,376,CDS
52523,17411649,17412633,984,gene
52524,17412240,17412633,393,mRNA
52525,17411649,17412183,534,mRNA
52526,17412240,17412587,347,CDS
52527,17411686,17412183,497,CDS
52528,17413248,17433161,19913,gene
52529,17432858,17433161,303,mRNA
52530,17420066,17420113,47,mRNA
52531,17418488,17419078,590,mRNA
52532,17417992,17418374,382,mRNA
52533,17417571,17417646,75,mRNA
52534,17415281,17415388,107,mRNA
52535,17413248,17414332,1084,mRNA
52536,17428008,17428199,191,mRNA
52537,17420066,17420113,47,mRNA
52538,17418488,17419078,590,mRNA
52539,17417992,17418374,382,mRNA
52540,17417571,17417646,75,mRNA
52541,17415281,17415388,107,mRNA
52542,17413248,17414332,1084,mRNA
52543,17427656,17428199,543,mRNA
52544,17420066,17420113,47,mRNA
52545,17418488,17419078,590,mRNA
52546,17417992,17418374,382,mRNA
52547,17417571,17417646,75,mRNA
52548,17415281,17415388,107,mRNA
52549,17413248,17414332,1084,mRNA
52550,17420066,17420093,27,CDS
52551,17418488,17419078,590,CDS
52552,17417992,17418374,382,CDS
52553,17417571,17417646,75,CDS
52554,17415281,17415388,107,CDS
52555,17413515,17414332,817,CDS
52556,17420066,17420093,27,CDS
52557,17418488,17419078,590,CDS
52558,17417992,17418374,382,CDS
52559,17417571,17417646,75,CDS
52560,17415281,17415388,107,CDS
52561,17413515,17414332,817,CDS
52562,17420066,17420093,27,CDS
52563,17418488,17419078,590,CDS
52564,17417992,17418374,382,CDS
52565,17417571,17417646,75,CDS
52566,17415281,17415388,107,CDS
52567,17413515,17414332,817,CDS
52568,17427656,17428199,543,mRNA
52569,17420066,17420113,47,mRNA
52570,17418488,17419078,590,mRNA
52571,17417992,17418374,382,mRNA
52572,17414907,17417646,2739,mRNA
52573,17420066,17420093,27,CDS
52574,17418488,17419078,590,CDS
52575,17417992,17418374,382,CDS
52576,17415685,17417646,1961,CDS
52577,17429706,17430157,451,gene
52578,17429706,17430157,451,ncRNA
52579,17432071,17432118,47,mobile_element
52580,17433862,17435800,1938,gene
52581,17433862,17434134,272,mRNA
52582,17434198,17434744,546,mRNA
52583,17434803,17435269,466,mRNA
52584,17435330,17435800,470,mRNA
52585,17433974,17434134,160,CDS
52586,17434198,17434744,546,CDS
52587,17434803,17435269,466,CDS
52588,17435330,17435654,324,CDS
52589,17435891,17436600,709,gene
52590,17436538,17436600,62,mRNA
52591,17436327,17436485,158,mRNA
52592,17436106,17436270,164,mRNA
52593,17435891,17436046,155,mRNA
52594,17436538,17436600,62,CDS
52595,17436327,17436485,158,CDS
52596,17436106,17436270,164,CDS
52597,17435891,17436046,155,CDS
52598,17436830,17450364,13534,gene
52599,17450220,17450364,144,mRNA
52600,17449296,17449368,72,mRNA
52601,17442652,17443005,353,mRNA
52602,17442404,17442582,178,mRNA
52603,17441940,17442334,394,mRNA
52604,17441801,17441879,78,mRNA
52605,17439190,17439297,107,mRNA
52606,17438150,17438212,62,mRNA
52607,17437419,17438017,598,mRNA
52608,17436830,17437323,493,mRNA
52609,17449876,17450364,488,mRNA
52610,17449296,17449368,72,mRNA
52611,17442652,17443005,353,mRNA
52612,17442404,17442582,178,mRNA
52613,17441940,17442334,394,mRNA
52614,17441801,17441879,78,mRNA
52615,17439190,17439297,107,mRNA
52616,17438150,17438212,62,mRNA
52617,17437419,17438017,598,mRNA
52618,17436830,17437323,493,mRNA
52619,17448278,17448510,232,mRNA
52620,17442652,17443005,353,mRNA
52621,17442404,17442582,178,mRNA
52622,17441940,17442334,394,mRNA
52623,17441801,17441879,78,mRNA
52624,17439190,17439297,107,mRNA
52625,17438150,17438212,62,mRNA
52626,17437419,17438017,598,mRNA
52627,17436830,17437323,493,mRNA
52628,17445249,17445567,318,mRNA
52629,17442652,17443005,353,mRNA
52630,17442404,17442582,178,mRNA
52631,17441940,17442334,394,mRNA
52632,17441801,17441879,78,mRNA
52633,17439190,17439297,107,mRNA
52634,17438150,17438212,62,mRNA
52635,17437419,17438017,598,mRNA
52636,17436830,17437323,493,mRNA
52637,17442652,17442986,334,CDS
52638,17442404,17442582,178,CDS
52639,17441940,17442334,394,CDS
52640,17441801,17441879,78,CDS
52641,17439190,17439297,107,CDS
52642,17438150,17438212,62,CDS
52643,17437419,17438017,598,CDS
52644,17437048,17437323,275,CDS
52645,17442652,17442986,334,CDS
52646,17442404,17442582,178,CDS
52647,17441940,17442334,394,CDS
52648,17441801,17441879,78,CDS
52649,17439190,17439297,107,CDS
52650,17438150,17438212,62,CDS
52651,17437419,17438017,598,CDS
52652,17437048,17437323,275,CDS
52653,17442652,17442986,334,CDS
52654,17442404,17442582,178,CDS
52655,17441940,17442334,394,CDS
52656,17441801,17441879,78,CDS
52657,17439190,17439297,107,CDS
52658,17438150,17438212,62,CDS
52659,17437419,17438017,598,CDS
52660,17437048,17437323,275,CDS
52661,17442652,17442986,334,CDS
52662,17442404,17442582,178,CDS
52663,17441940,17442334,394,CDS
52664,17441801,17441879,78,CDS
52665,17439190,17439297,107,CDS
52666,17438150,17438212,62,CDS
52667,17437419,17438017,598,CDS
52668,17437048,17437323,275,CDS
52669,17449876,17450364,488,mRNA
52670,17449296,17449368,72,mRNA
52671,17442652,17443005,353,mRNA
52672,17442404,17442582,178,mRNA
52673,17441940,17442334,394,mRNA
52674,17438646,17441879,3233,mRNA
52675,17445249,17445567,318,mRNA
52676,17442652,17443005,353,mRNA
52677,17442404,17442582,178,mRNA
52678,17441940,17442334,394,mRNA
52679,17438646,17441879,3233,mRNA
52680,17442652,17442986,334,CDS
52681,17442404,17442582,178,CDS
52682,17441940,17442334,394,CDS
52683,17439789,17441879,2090,CDS
52684,17442652,17442986,334,CDS
52685,17442404,17442582,178,CDS
52686,17441940,17442334,394,CDS
52687,17439789,17441879,2090,CDS
52688,17450494,17452384,1890,gene
52689,17450494,17452384,1890,ncRNA
52690,17452924,17458775,5851,gene
52691,17452924,17453437,513,mRNA
52692,17453515,17453724,209,mRNA
52693,17453884,17454173,289,mRNA
52694,17458476,17458775,299,mRNA
52695,17453099,17453437,338,mRNA
52696,17453515,17453724,209,mRNA
52697,17453884,17454173,289,mRNA
52698,17458476,17458775,299,mRNA
52699,17453225,17453437,212,CDS
52700,17453515,17453724,209,CDS
52701,17453884,17454173,289,CDS
52702,17458476,17458746,270,CDS
52703,17453225,17453437,212,CDS
52704,17453515,17453724,209,CDS
52705,17453884,17454173,289,CDS
52706,17458476,17458746,270,CDS
52707,17454263,17455923,1660,gene
52708,17455726,17455923,197,mRNA
52709,17454263,17455651,1388,mRNA
52710,17455726,17455896,170,CDS
52711,17454338,17455651,1313,CDS
52712,17456670,17458044,1374,gene
52713,17457870,17458044,174,mRNA
52714,17457756,17457806,50,mRNA
52715,17456670,17457694,1024,mRNA
52716,17457870,17458025,155,CDS
52717,17457756,17457806,50,CDS
52718,17456762,17457694,932,CDS
52719,17458171,17458381,210,mobile_element
52720,17459605,17473215,13610,gene
52721,17472097,17473215,1118,mRNA
52722,17464190,17464555,365,mRNA
52723,17463988,17464125,137,mRNA
52724,17463032,17463882,850,mRNA
52725,17462738,17462955,217,mRNA
52726,17462429,17462683,254,mRNA
52727,17462168,17462342,174,mRNA
52728,17459605,17461843,2238,mRNA
52729,17472097,17473215,1118,mRNA
52730,17464190,17464555,365,mRNA
52731,17463988,17464125,137,mRNA
52732,17463032,17463882,850,mRNA
52733,17462738,17462955,217,mRNA
52734,17462429,17462683,254,mRNA
52735,17462168,17462342,174,mRNA
52736,17460817,17461843,1026,mRNA
52737,17472097,17473215,1118,mRNA
52738,17464190,17464555,365,mRNA
52739,17463988,17464125,137,mRNA
52740,17463032,17463882,850,mRNA
52741,17462738,17462955,217,mRNA
52742,17462429,17462683,254,mRNA
52743,17462168,17462342,174,mRNA
52744,17460817,17461843,1026,mRNA
52745,17472097,17473215,1118,mRNA
52746,17464190,17464555,365,mRNA
52747,17463988,17464125,137,mRNA
52748,17463032,17463882,850,mRNA
52749,17462738,17462955,217,mRNA
52750,17462429,17462683,254,mRNA
52751,17462031,17462342,311,mRNA
52752,17461398,17461843,445,mRNA
52753,17472097,17472324,227,CDS
52754,17464190,17464555,365,CDS
52755,17463988,17464125,137,CDS
52756,17463032,17463882,850,CDS
52757,17462738,17462955,217,CDS
52758,17462429,17462683,254,CDS
52759,17462168,17462342,174,CDS
52760,17461666,17461843,177,CDS
52761,17472097,17472324,227,CDS
52762,17464190,17464555,365,CDS
52763,17463988,17464125,137,CDS
52764,17463032,17463882,850,CDS
52765,17462738,17462955,217,CDS
52766,17462429,17462683,254,CDS
52767,17462168,17462342,174,CDS
52768,17461726,17461843,117,CDS
52769,17472097,17472324,227,CDS
52770,17464190,17464555,365,CDS
52771,17463988,17464125,137,CDS
52772,17463032,17463882,850,CDS
52773,17462738,17462955,217,CDS
52774,17462429,17462683,254,CDS
52775,17462168,17462342,174,CDS
52776,17461726,17461843,117,CDS
52777,17472097,17472324,227,CDS
52778,17464190,17464555,365,CDS
52779,17463988,17464125,137,CDS
52780,17463032,17463882,850,CDS
52781,17462738,17462955,217,CDS
52782,17462429,17462683,254,CDS
52783,17462146,17462342,196,CDS
52784,17471603,17474773,3170,gene
52785,17471603,17471852,249,mRNA
52786,17473561,17474773,1212,mRNA
52787,17473490,17474773,1283,mRNA
52788,17473588,17474583,995,CDS
52789,17473588,17474583,995,CDS
52790,17474912,17477888,2976,gene
52791,17477649,17477888,239,mRNA
52792,17477399,17477560,161,mRNA
52793,17476693,17477226,533,mRNA
52794,17476417,17476617,200,mRNA
52795,17476159,17476361,202,mRNA
52796,17475910,17476096,186,mRNA
52797,17474912,17475842,930,mRNA
52798,17477649,17477717,68,CDS
52799,17477399,17477560,161,CDS
52800,17476693,17477226,533,CDS
52801,17476417,17476617,200,CDS
52802,17476159,17476361,202,CDS
52803,17475910,17476096,186,CDS
52804,17475588,17475842,254,CDS
52805,17478442,17481029,2587,gene
52806,17480973,17481029,56,mRNA
52807,17480296,17480919,623,mRNA
52808,17479172,17480242,1070,mRNA
52809,17478442,17479113,671,mRNA
52810,17480969,17481029,60,mRNA
52811,17480296,17480919,623,mRNA
52812,17479172,17480242,1070,mRNA
52813,17478442,17479113,671,mRNA
52814,17480296,17481029,733,mRNA
52815,17479172,17480242,1070,mRNA
52816,17478442,17479113,671,mRNA
52817,17480969,17480999,30,mRNA
52818,17480296,17480919,623,mRNA
52819,17479172,17480242,1070,mRNA
52820,17478442,17479113,671,mRNA
52821,17480296,17480999,703,mRNA
52822,17479172,17480242,1070,mRNA
52823,17478442,17479113,671,mRNA
52824,17480296,17480901,605,CDS
52825,17479172,17480242,1070,CDS
52826,17478535,17479113,578,CDS
52827,17480296,17480901,605,CDS
52828,17479172,17480242,1070,CDS
52829,17478535,17479113,578,CDS
52830,17480296,17480901,605,CDS
52831,17479172,17480242,1070,CDS
52832,17478535,17479113,578,CDS
52833,17480296,17480901,605,CDS
52834,17479172,17480242,1070,CDS
52835,17478535,17479113,578,CDS
52836,17480296,17480901,605,CDS
52837,17479172,17480242,1070,CDS
52838,17478535,17479113,578,CDS
52839,17481231,17482037,806,gene
52840,17481231,17481377,146,mRNA
52841,17481456,17482037,581,mRNA
52842,17481231,17481377,146,mRNA
52843,17481456,17481856,400,mRNA
52844,17481334,17481377,43,CDS
52845,17481456,17481786,330,CDS
52846,17481334,17481377,43,CDS
52847,17481456,17481786,330,CDS
52848,17481988,17484307,2319,gene
52849,17483156,17484307,1151,mRNA
52850,17481988,17483090,1102,mRNA
52851,17483156,17484307,1151,mRNA
52852,17482198,17483090,892,mRNA
52853,17483156,17484158,1002,CDS
52854,17482447,17483090,643,CDS
52855,17483156,17484158,1002,CDS
52856,17482447,17483090,643,CDS
52857,17484501,17485624,1123,gene
52858,17484501,17485228,727,mRNA
52859,17485302,17485624,322,mRNA
52860,17484578,17485228,650,CDS
52861,17485302,17485502,200,CDS
52862,17485757,17486365,608,gene
52863,17485757,17486365,608,gene
52864,17485757,17485851,94,mRNA
52865,17485962,17486219,257,mRNA
52866,17486297,17486365,68,mRNA
52867,17485757,17485851,94,mRNA
52868,17485962,17486219,257,mRNA
52869,17486297,17486365,68,mRNA
52870,17485791,17485851,60,CDS
52871,17485962,17486005,43,CDS
52872,17486153,17486219,66,CDS
52873,17486297,17486340,43,CDS
52874,17486564,17486801,237,gene
52875,17486564,17486654,90,mRNA
52876,17486730,17486801,71,mRNA
52877,17486597,17486654,57,CDS
52878,17486730,17486779,49,CDS
52879,17486806,17497208,10402,gene
52880,17496735,17497208,473,mRNA
52881,17489693,17489902,209,mRNA
52882,17489431,17489633,202,mRNA
52883,17488457,17489369,912,mRNA
52884,17487402,17488400,998,mRNA
52885,17487140,17487337,197,mRNA
52886,17486806,17487074,268,mRNA
52887,17491802,17492315,513,mRNA
52888,17489693,17489902,209,mRNA
52889,17489431,17489633,202,mRNA
52890,17488457,17489369,912,mRNA
52891,17487402,17488400,998,mRNA
52892,17487140,17487337,197,mRNA
52893,17486806,17487074,268,mRNA
52894,17491802,17492315,513,mRNA
52895,17489693,17489902,209,mRNA
52896,17489431,17489633,202,mRNA
52897,17488457,17489381,924,mRNA
52898,17487402,17488400,998,mRNA
52899,17487140,17487337,197,mRNA
52900,17486806,17487074,268,mRNA
52901,17496735,17496761,26,CDS
52902,17489693,17489902,209,CDS
52903,17489431,17489633,202,CDS
52904,17488457,17489369,912,CDS
52905,17487402,17488400,998,CDS
52906,17487140,17487337,197,CDS
52907,17486961,17487074,113,CDS
52908,17491802,17491831,29,CDS
52909,17489693,17489902,209,CDS
52910,17489431,17489633,202,CDS
52911,17488457,17489369,912,CDS
52912,17487402,17488400,998,CDS
52913,17487140,17487337,197,CDS
52914,17486961,17487074,113,CDS
52915,17491802,17491831,29,CDS
52916,17489693,17489902,209,CDS
52917,17489431,17489633,202,CDS
52918,17488457,17489381,924,CDS
52919,17487402,17488400,998,CDS
52920,17487140,17487337,197,CDS
52921,17486961,17487074,113,CDS
52922,17497011,17497697,686,gene
52923,17497011,17497697,686,ncRNA
52924,17497994,17498821,827,gene
52925,17498375,17498821,446,mRNA
52926,17497994,17498319,325,mRNA
52927,17498375,17498762,387,CDS
52928,17498087,17498319,232,CDS
52929,17499268,17501106,1838,gene
52930,17500492,17501106,614,mRNA
52931,17500035,17500283,248,mRNA
52932,17499268,17499929,661,mRNA
52933,17500492,17500668,176,CDS
52934,17500035,17500283,248,CDS
52935,17499399,17499929,530,CDS
52936,17501401,17525515,24114,gene
52937,17501401,17501999,598,mRNA
52938,17502062,17502286,224,mRNA
52939,17503980,17504142,162,mRNA
52940,17504244,17504477,233,mRNA
52941,17504541,17506120,1579,mRNA
52942,17506185,17506307,122,mRNA
52943,17506581,17506734,153,mRNA
52944,17506875,17508170,1295,mRNA
52945,17508230,17508676,446,mRNA
52946,17508744,17508857,113,mRNA
52947,17508926,17510439,1513,mRNA
52948,17510562,17511348,786,mRNA
52949,17511426,17511608,182,mRNA
52950,17511823,17512169,346,mRNA
52951,17512235,17513074,839,mRNA
52952,17513141,17513506,365,mRNA
52953,17516547,17516834,287,mRNA
52954,17516903,17517318,415,mRNA
52955,17517377,17517555,178,mRNA
52956,17518569,17519945,1376,mRNA
52957,17520365,17520614,249,mRNA
52958,17524731,17524882,151,mRNA
52959,17524948,17525515,567,mRNA
52960,17501467,17501999,532,CDS
52961,17502062,17502286,224,CDS
52962,17503980,17504142,162,CDS
52963,17504244,17504477,233,CDS
52964,17504541,17506120,1579,CDS
52965,17506185,17506307,122,CDS
52966,17506581,17506734,153,CDS
52967,17506875,17508170,1295,CDS
52968,17508230,17508676,446,CDS
52969,17508744,17508857,113,CDS
52970,17508926,17510439,1513,CDS
52971,17510562,17511348,786,CDS
52972,17511426,17511608,182,CDS
52973,17511823,17512169,346,CDS
52974,17512235,17513074,839,CDS
52975,17513141,17513506,365,CDS
52976,17516547,17516834,287,CDS
52977,17516903,17517318,415,CDS
52978,17517377,17517555,178,CDS
52979,17518569,17519945,1376,CDS
52980,17520365,17520614,249,CDS
52981,17524731,17524882,151,CDS
52982,17524948,17525454,506,CDS
52983,17520662,17520736,74,mobile_element
52984,17520892,17524549,3657,gene
52985,17524329,17524549,220,mRNA
52986,17524007,17524244,237,mRNA
52987,17520892,17523945,3053,mRNA
52988,17524329,17524521,192,CDS
52989,17524007,17524244,237,CDS
52990,17520918,17523945,3027,CDS
52991,17525585,17529122,3537,gene
52992,17528719,17529122,403,mRNA
52993,17528559,17528666,107,mRNA
52994,17528258,17528492,234,mRNA
52995,17525585,17528199,2614,mRNA
52996,17528719,17528995,276,CDS
52997,17528559,17528666,107,CDS
52998,17528258,17528492,234,CDS
52999,17525703,17528199,2496,CDS
53000,17529311,17532234,2923,gene
53001,17532009,17532234,225,mRNA
53002,17531706,17531943,237,mRNA
53003,17529311,17531633,2322,mRNA
53004,17532009,17532234,225,CDS
53005,17531706,17531943,237,CDS
53006,17529467,17531633,2166,CDS
53007,17541854,17542383,529,gene
53008,17541854,17541934,80,ncRNA
53009,17541996,17542383,387,ncRNA
53010,17547185,17547849,664,gene
53011,17547185,17547849,664,ncRNA
53012,17554354,17555765,1411,gene
53013,17554354,17555765,1411,mRNA
53014,17554439,17555611,1172,CDS
53015,17555993,17556045,52,mobile_element
53016,17560813,17566551,5738,gene
53017,17560813,17566551,5738,ncRNA
53018,17566107,17566551,444,ncRNA
53019,17566370,17566469,99,gene
53020,17566370,17566469,99,precursor_RNA
53021,17566392,17566414,22,ncRNA
53022,17566426,17566448,22,ncRNA
53023,17567503,17567565,62,mobile_element
53024,17574610,17574702,92,gene
53025,17574610,17574702,92,precursor_RNA
53026,17574674,17574694,20,ncRNA
53027,17575152,17575490,338,gene
53028,17575152,17575490,338,ncRNA
53029,17579478,17580006,528,gene
53030,17579478,17580006,528,ncRNA
53031,17583909,17584468,559,gene
53032,17583909,17584468,559,ncRNA
53033,17584725,17585095,370,gene
53034,17584725,17585095,370,ncRNA
53035,17588203,17588720,517,gene
53036,17588203,17588670,467,ncRNA
53037,17588432,17588720,288,ncRNA
53038,17589184,17591267,2083,gene
53039,17589184,17589579,395,mRNA
53040,17590212,17590811,599,mRNA
53041,17590872,17591267,395,mRNA
53042,17589402,17590811,1409,mRNA
53043,17590872,17591267,395,mRNA
53044,17589402,17589579,177,mRNA
53045,17590212,17590811,599,mRNA
53046,17590872,17591267,395,mRNA
53047,17589471,17589700,229,gene
53048,17589471,17589700,229,ncRNA
53049,17590140,17590811,671,mRNA
53050,17590872,17591267,395,mRNA
53051,17590240,17590811,571,CDS
53052,17590872,17590998,126,CDS
53053,17590240,17590811,571,CDS
53054,17590872,17590998,126,CDS
53055,17590240,17590811,571,CDS
53056,17590872,17590998,126,CDS
53057,17590240,17590811,571,CDS
53058,17590872,17590998,126,CDS
53059,17591315,17592299,984,gene
53060,17591315,17592299,984,mRNA
53061,17591448,17592299,851,mRNA
53062,17591698,17592111,413,CDS
53063,17591698,17592111,413,CDS
53064,17592260,17604387,12127,gene
53065,17592260,17592333,73,mRNA
53066,17600941,17601148,207,mRNA
53067,17601453,17601843,390,mRNA
53068,17601912,17602146,234,mRNA
53069,17602206,17602703,497,mRNA
53070,17603116,17603640,524,mRNA
53071,17592324,17592333,9,CDS
53072,17600941,17601148,207,CDS
53073,17601453,17601843,390,CDS
53074,17601912,17602146,234,CDS
53075,17602206,17602703,497,CDS
53076,17603116,17603288,172,CDS
53077,17592864,17593043,179,mRNA
53078,17600941,17601148,207,mRNA
53079,17601453,17601843,390,mRNA
53080,17601912,17602146,234,mRNA
53081,17602206,17602703,497,mRNA
53082,17603116,17603640,524,mRNA
53083,17594665,17594996,331,mRNA
53084,17600941,17601148,207,mRNA
53085,17601453,17601843,390,mRNA
53086,17601912,17602146,234,mRNA
53087,17602206,17602703,497,mRNA
53088,17603116,17604387,1271,mRNA
53089,17594665,17594996,331,mRNA
53090,17600941,17601148,207,mRNA
53091,17601453,17601843,390,mRNA
53092,17601912,17602146,234,mRNA
53093,17602206,17602703,497,mRNA
53094,17603116,17603640,524,mRNA
53095,17600961,17601148,187,CDS
53096,17601453,17601843,390,CDS
53097,17601912,17602146,234,CDS
53098,17602206,17602703,497,CDS
53099,17603116,17603288,172,CDS
53100,17600961,17601148,187,CDS
53101,17601453,17601843,390,CDS
53102,17601912,17602146,234,CDS
53103,17602206,17602703,497,CDS
53104,17603116,17603288,172,CDS
53105,17600961,17601148,187,CDS
53106,17601453,17601843,390,CDS
53107,17601912,17602146,234,CDS
53108,17602206,17602703,497,CDS
53109,17603116,17603288,172,CDS
53110,17606465,17607260,795,gene
53111,17606465,17607260,795,ncRNA
53112,17625098,17625690,592,gene
53113,17625098,17625690,592,ncRNA
53114,17625746,17626381,635,gene
53115,17625746,17626381,635,mRNA
53116,17625778,17626218,440,CDS
53117,17627859,17628389,530,gene
53118,17627859,17628389,530,mRNA
53119,17627901,17628311,410,CDS
53120,17644448,17644844,396,gene
53121,17644448,17644844,396,ncRNA
53122,17647053,17778340,131287,gene
53123,17778215,17778340,125,mRNA
53124,17777426,17777799,373,mRNA
53125,17761292,17761355,63,mRNA
53126,17737964,17739713,1749,mRNA
53127,17720654,17721104,450,mRNA
53128,17719925,17720141,216,mRNA
53129,17718916,17719701,785,mRNA
53130,17718094,17718327,233,mRNA
53131,17717843,17718034,191,mRNA
53132,17714306,17714496,190,mRNA
53133,17711220,17711409,189,mRNA
53134,17709439,17709621,182,mRNA
53135,17708034,17708220,186,mRNA
53136,17667967,17668110,143,mRNA
53137,17667702,17667817,115,mRNA
53138,17666612,17666776,164,mRNA
53139,17664087,17664224,137,mRNA
53140,17660956,17662279,1323,mRNA
53141,17657313,17659614,2301,mRNA
53142,17657063,17657233,170,mRNA
53143,17655669,17655910,241,mRNA
53144,17651279,17651491,212,mRNA
53145,17650983,17651153,170,mRNA
53146,17647053,17650505,3452,mRNA
53147,17751939,17752346,407,mRNA
53148,17737964,17739713,1749,mRNA
53149,17720654,17721104,450,mRNA
53150,17719925,17720141,216,mRNA
53151,17718916,17719701,785,mRNA
53152,17718094,17718327,233,mRNA
53153,17717843,17718034,191,mRNA
53154,17715723,17715913,190,mRNA
53155,17711220,17711409,189,mRNA
53156,17709439,17709621,182,mRNA
53157,17708034,17708220,186,mRNA
53158,17667967,17668110,143,mRNA
53159,17667702,17667817,115,mRNA
53160,17666612,17666776,164,mRNA
53161,17664087,17664224,137,mRNA
53162,17660956,17662279,1323,mRNA
53163,17657313,17659614,2301,mRNA
53164,17657063,17657233,170,mRNA
53165,17655669,17655910,241,mRNA
53166,17651279,17651491,212,mRNA
53167,17650983,17651153,170,mRNA
53168,17647053,17650505,3452,mRNA
53169,17751939,17752346,407,mRNA
53170,17737964,17739713,1749,mRNA
53171,17720654,17721104,450,mRNA
53172,17719925,17720141,216,mRNA
53173,17718916,17719701,785,mRNA
53174,17718094,17718327,233,mRNA
53175,17717843,17718034,191,mRNA
53176,17716678,17716689,11,mRNA
53177,17715723,17715913,190,mRNA
53178,17711220,17711409,189,mRNA
53179,17709439,17709621,182,mRNA
53180,17708034,17708220,186,mRNA
53181,17667967,17668110,143,mRNA
53182,17667702,17667817,115,mRNA
53183,17665379,17665540,161,mRNA
53184,17664087,17664224,137,mRNA
53185,17660956,17662279,1323,mRNA
53186,17657313,17659614,2301,mRNA
53187,17657063,17657233,170,mRNA
53188,17655669,17655910,241,mRNA
53189,17651279,17651491,212,mRNA
53190,17650983,17651153,170,mRNA
53191,17647053,17650505,3452,mRNA
53192,17751939,17752346,407,mRNA
53193,17737964,17739713,1749,mRNA
53194,17720654,17721104,450,mRNA
53195,17719925,17720141,216,mRNA
53196,17718916,17719701,785,mRNA
53197,17718094,17718327,233,mRNA
53198,17717843,17718034,191,mRNA
53199,17716678,17716689,11,mRNA
53200,17715723,17715913,190,mRNA
53201,17711220,17711409,189,mRNA
53202,17709439,17709621,182,mRNA
53203,17708034,17708220,186,mRNA
53204,17667967,17668110,143,mRNA
53205,17667702,17667817,115,mRNA
53206,17666612,17666776,164,mRNA
53207,17664087,17664224,137,mRNA
53208,17660956,17662279,1323,mRNA
53209,17657313,17659614,2301,mRNA
53210,17657063,17657233,170,mRNA
53211,17652667,17652905,238,mRNA
53212,17651279,17651491,212,mRNA
53213,17650983,17651153,170,mRNA
53214,17647053,17650505,3452,mRNA
53215,17751939,17752346,407,mRNA
53216,17737964,17739713,1749,mRNA
53217,17720654,17721104,450,mRNA
53218,17719925,17720141,216,mRNA
53219,17718916,17719701,785,mRNA
53220,17718094,17718327,233,mRNA
53221,17717843,17718034,191,mRNA
53222,17714306,17714496,190,mRNA
53223,17711220,17711409,189,mRNA
53224,17709439,17709621,182,mRNA
53225,17708034,17708220,186,mRNA
53226,17667967,17668110,143,mRNA
53227,17667702,17667817,115,mRNA
53228,17665379,17665540,161,mRNA
53229,17664087,17664224,137,mRNA
53230,17660956,17662279,1323,mRNA
53231,17657313,17659614,2301,mRNA
53232,17657063,17657233,170,mRNA
53233,17652667,17652905,238,mRNA
53234,17651279,17651491,212,mRNA
53235,17650983,17651153,170,mRNA
53236,17649866,17650505,639,mRNA
53237,17751939,17752346,407,mRNA
53238,17737964,17739713,1749,mRNA
53239,17720654,17721104,450,mRNA
53240,17719925,17720141,216,mRNA
53241,17718916,17719701,785,mRNA
53242,17718094,17718327,233,mRNA
53243,17717843,17718034,191,mRNA
53244,17714306,17714496,190,mRNA
53245,17711220,17711409,189,mRNA
53246,17709439,17709621,182,mRNA
53247,17708034,17708220,186,mRNA
53248,17667967,17668110,143,mRNA
53249,17667702,17667817,115,mRNA
53250,17665379,17665540,161,mRNA
53251,17664087,17664224,137,mRNA
53252,17660956,17662279,1323,mRNA
53253,17657313,17659614,2301,mRNA
53254,17657063,17657233,170,mRNA
53255,17655669,17655910,241,mRNA
53256,17651279,17651491,212,mRNA
53257,17650983,17651153,170,mRNA
53258,17649866,17650505,639,mRNA
53259,17751939,17752346,407,mRNA
53260,17737964,17739713,1749,mRNA
53261,17720654,17721104,450,mRNA
53262,17719925,17720141,216,mRNA
53263,17718916,17719701,785,mRNA
53264,17718094,17718327,233,mRNA
53265,17717843,17718034,191,mRNA
53266,17714306,17714496,190,mRNA
53267,17711220,17711409,189,mRNA
53268,17709439,17709621,182,mRNA
53269,17708034,17708220,186,mRNA
53270,17667967,17668110,143,mRNA
53271,17667702,17667817,115,mRNA
53272,17666612,17666776,164,mRNA
53273,17664087,17664224,137,mRNA
53274,17660956,17662279,1323,mRNA
53275,17657313,17659614,2301,mRNA
53276,17657063,17657233,170,mRNA
53277,17652667,17652905,238,mRNA
53278,17651279,17651491,212,mRNA
53279,17650983,17651153,170,mRNA
53280,17649866,17650505,639,mRNA
53281,17751939,17752346,407,mRNA
53282,17737964,17739713,1749,mRNA
53283,17720654,17721104,450,mRNA
53284,17719925,17720141,216,mRNA
53285,17718916,17719701,785,mRNA
53286,17718094,17718327,233,mRNA
53287,17717843,17718034,191,mRNA
53288,17715723,17715913,190,mRNA
53289,17711220,17711409,189,mRNA
53290,17709439,17709621,182,mRNA
53291,17708034,17708220,186,mRNA
53292,17667967,17668110,143,mRNA
53293,17667702,17667817,115,mRNA
53294,17665379,17665540,161,mRNA
53295,17664087,17664224,137,mRNA
53296,17660956,17662279,1323,mRNA
53297,17657313,17659614,2301,mRNA
53298,17657063,17657233,170,mRNA
53299,17652667,17652905,238,mRNA
53300,17651279,17651491,212,mRNA
53301,17650983,17651153,170,mRNA
53302,17649866,17650505,639,mRNA
53303,17751939,17752346,407,mRNA
53304,17737964,17739713,1749,mRNA
53305,17720654,17721104,450,mRNA
53306,17719925,17720141,216,mRNA
53307,17718916,17719701,785,mRNA
53308,17718094,17718327,233,mRNA
53309,17717843,17718034,191,mRNA
53310,17715723,17715913,190,mRNA
53311,17711220,17711409,189,mRNA
53312,17709439,17709621,182,mRNA
53313,17708034,17708220,186,mRNA
53314,17667967,17668110,143,mRNA
53315,17667702,17667817,115,mRNA
53316,17665379,17665540,161,mRNA
53317,17664087,17664224,137,mRNA
53318,17660956,17662279,1323,mRNA
53319,17657313,17659614,2301,mRNA
53320,17657063,17657233,170,mRNA
53321,17655669,17655910,241,mRNA
53322,17651279,17651491,212,mRNA
53323,17650983,17651153,170,mRNA
53324,17649866,17650505,639,mRNA
53325,17751939,17752346,407,mRNA
53326,17737964,17739713,1749,mRNA
53327,17720654,17721104,450,mRNA
53328,17719925,17720141,216,mRNA
53329,17718916,17719701,785,mRNA
53330,17718094,17718327,233,mRNA
53331,17717843,17718034,191,mRNA
53332,17715723,17715913,190,mRNA
53333,17711220,17711409,189,mRNA
53334,17709439,17709621,182,mRNA
53335,17708034,17708220,186,mRNA
53336,17667967,17668110,143,mRNA
53337,17667702,17667817,115,mRNA
53338,17666612,17666776,164,mRNA
53339,17664087,17664224,137,mRNA
53340,17660956,17662279,1323,mRNA
53341,17657313,17659614,2301,mRNA
53342,17657063,17657233,170,mRNA
53343,17652667,17652905,238,mRNA
53344,17651279,17651491,212,mRNA
53345,17650983,17651153,170,mRNA
53346,17649866,17650505,639,mRNA
53347,17751939,17752346,407,mRNA
53348,17737964,17739713,1749,mRNA
53349,17720654,17721104,450,mRNA
53350,17719925,17720141,216,mRNA
53351,17718916,17719701,785,mRNA
53352,17718094,17718327,233,mRNA
53353,17717843,17718034,191,mRNA
53354,17716678,17716689,11,mRNA
53355,17715723,17715913,190,mRNA
53356,17711220,17711409,189,mRNA
53357,17709439,17709621,182,mRNA
53358,17708034,17708220,186,mRNA
53359,17667967,17668110,143,mRNA
53360,17667702,17667817,115,mRNA
53361,17665379,17665540,161,mRNA
53362,17664087,17664224,137,mRNA
53363,17660956,17662279,1323,mRNA
53364,17657313,17659614,2301,mRNA
53365,17657063,17657233,170,mRNA
53366,17652667,17652905,238,mRNA
53367,17651279,17651491,212,mRNA
53368,17650983,17651153,170,mRNA
53369,17649866,17650505,639,mRNA
53370,17751939,17752346,407,mRNA
53371,17737964,17739713,1749,mRNA
53372,17720654,17721104,450,mRNA
53373,17719925,17720141,216,mRNA
53374,17718916,17719701,785,mRNA
53375,17718094,17718327,233,mRNA
53376,17717843,17718034,191,mRNA
53377,17716678,17716689,11,mRNA
53378,17715723,17715913,190,mRNA
53379,17711220,17711409,189,mRNA
53380,17709439,17709621,182,mRNA
53381,17708034,17708220,186,mRNA
53382,17667967,17668110,143,mRNA
53383,17667702,17667817,115,mRNA
53384,17666612,17666776,164,mRNA
53385,17664087,17664224,137,mRNA
53386,17660956,17662279,1323,mRNA
53387,17657313,17659614,2301,mRNA
53388,17657063,17657233,170,mRNA
53389,17655669,17655910,241,mRNA
53390,17651279,17651491,212,mRNA
53391,17650983,17651153,170,mRNA
53392,17649866,17650505,639,mRNA
53393,17737964,17739518,1554,CDS
53394,17720654,17721104,450,CDS
53395,17719925,17720141,216,CDS
53396,17718916,17719701,785,CDS
53397,17718094,17718327,233,CDS
53398,17717843,17718034,191,CDS
53399,17714306,17714496,190,CDS
53400,17711220,17711409,189,CDS
53401,17709439,17709621,182,CDS
53402,17708034,17708220,186,CDS
53403,17667967,17668110,143,CDS
53404,17667702,17667817,115,CDS
53405,17665379,17665540,161,CDS
53406,17664087,17664224,137,CDS
53407,17660956,17662279,1323,CDS
53408,17657313,17659614,2301,CDS
53409,17657063,17657233,170,CDS
53410,17652667,17652905,238,CDS
53411,17651279,17651491,212,CDS
53412,17650983,17651153,170,CDS
53413,17650384,17650505,121,CDS
53414,17737964,17739518,1554,CDS
53415,17720654,17721104,450,CDS
53416,17719925,17720141,216,CDS
53417,17718916,17719701,785,CDS
53418,17718094,17718327,233,CDS
53419,17717843,17718034,191,CDS
53420,17714306,17714496,190,CDS
53421,17711220,17711409,189,CDS
53422,17709439,17709621,182,CDS
53423,17708034,17708220,186,CDS
53424,17667967,17668110,143,CDS
53425,17667702,17667817,115,CDS
53426,17665379,17665540,161,CDS
53427,17664087,17664224,137,CDS
53428,17660956,17662279,1323,CDS
53429,17657313,17659614,2301,CDS
53430,17657063,17657233,170,CDS
53431,17655669,17655910,241,CDS
53432,17651279,17651491,212,CDS
53433,17650983,17651153,170,CDS
53434,17650384,17650505,121,CDS
53435,17737964,17739518,1554,CDS
53436,17720654,17721104,450,CDS
53437,17719925,17720141,216,CDS
53438,17718916,17719701,785,CDS
53439,17718094,17718327,233,CDS
53440,17717843,17718034,191,CDS
53441,17714306,17714496,190,CDS
53442,17711220,17711409,189,CDS
53443,17709439,17709621,182,CDS
53444,17708034,17708220,186,CDS
53445,17667967,17668110,143,CDS
53446,17667702,17667817,115,CDS
53447,17666612,17666776,164,CDS
53448,17664087,17664224,137,CDS
53449,17660956,17662279,1323,CDS
53450,17657313,17659614,2301,CDS
53451,17657063,17657233,170,CDS
53452,17652667,17652905,238,CDS
53453,17651279,17651491,212,CDS
53454,17650983,17651153,170,CDS
53455,17650384,17650505,121,CDS
53456,17737964,17739518,1554,CDS
53457,17720654,17721104,450,CDS
53458,17719925,17720141,216,CDS
53459,17718916,17719701,785,CDS
53460,17718094,17718327,233,CDS
53461,17717843,17718034,191,CDS
53462,17714306,17714496,190,CDS
53463,17711220,17711409,189,CDS
53464,17709439,17709621,182,CDS
53465,17708034,17708220,186,CDS
53466,17667967,17668110,143,CDS
53467,17667702,17667817,115,CDS
53468,17666612,17666776,164,CDS
53469,17664087,17664224,137,CDS
53470,17660956,17662279,1323,CDS
53471,17657313,17659614,2301,CDS
53472,17657063,17657233,170,CDS
53473,17655669,17655910,241,CDS
53474,17651279,17651491,212,CDS
53475,17650983,17651153,170,CDS
53476,17650384,17650505,121,CDS
53477,17737964,17739518,1554,CDS
53478,17720654,17721104,450,CDS
53479,17719925,17720141,216,CDS
53480,17718916,17719701,785,CDS
53481,17718094,17718327,233,CDS
53482,17717843,17718034,191,CDS
53483,17715723,17715913,190,CDS
53484,17711220,17711409,189,CDS
53485,17709439,17709621,182,CDS
53486,17708034,17708220,186,CDS
53487,17667967,17668110,143,CDS
53488,17667702,17667817,115,CDS
53489,17665379,17665540,161,CDS
53490,17664087,17664224,137,CDS
53491,17660956,17662279,1323,CDS
53492,17657313,17659614,2301,CDS
53493,17657063,17657233,170,CDS
53494,17652667,17652905,238,CDS
53495,17651279,17651491,212,CDS
53496,17650983,17651153,170,CDS
53497,17650384,17650505,121,CDS
53498,17737964,17739518,1554,CDS
53499,17720654,17721104,450,CDS
53500,17719925,17720141,216,CDS
53501,17718916,17719701,785,CDS
53502,17718094,17718327,233,CDS
53503,17717843,17718034,191,CDS
53504,17715723,17715913,190,CDS
53505,17711220,17711409,189,CDS
53506,17709439,17709621,182,CDS
53507,17708034,17708220,186,CDS
53508,17667967,17668110,143,CDS
53509,17667702,17667817,115,CDS
53510,17665379,17665540,161,CDS
53511,17664087,17664224,137,CDS
53512,17660956,17662279,1323,CDS
53513,17657313,17659614,2301,CDS
53514,17657063,17657233,170,CDS
53515,17655669,17655910,241,CDS
53516,17651279,17651491,212,CDS
53517,17650983,17651153,170,CDS
53518,17650384,17650505,121,CDS
53519,17737964,17739518,1554,CDS
53520,17720654,17721104,450,CDS
53521,17719925,17720141,216,CDS
53522,17718916,17719701,785,CDS
53523,17718094,17718327,233,CDS
53524,17717843,17718034,191,CDS
53525,17715723,17715913,190,CDS
53526,17711220,17711409,189,CDS
53527,17709439,17709621,182,CDS
53528,17708034,17708220,186,CDS
53529,17667967,17668110,143,CDS
53530,17667702,17667817,115,CDS
53531,17666612,17666776,164,CDS
53532,17664087,17664224,137,CDS
53533,17660956,17662279,1323,CDS
53534,17657313,17659614,2301,CDS
53535,17657063,17657233,170,CDS
53536,17652667,17652905,238,CDS
53537,17651279,17651491,212,CDS
53538,17650983,17651153,170,CDS
53539,17650384,17650505,121,CDS
53540,17737964,17739518,1554,CDS
53541,17720654,17721104,450,CDS
53542,17719925,17720141,216,CDS
53543,17718916,17719701,785,CDS
53544,17718094,17718327,233,CDS
53545,17717843,17718034,191,CDS
53546,17715723,17715913,190,CDS
53547,17711220,17711409,189,CDS
53548,17709439,17709621,182,CDS
53549,17708034,17708220,186,CDS
53550,17667967,17668110,143,CDS
53551,17667702,17667817,115,CDS
53552,17666612,17666776,164,CDS
53553,17664087,17664224,137,CDS
53554,17660956,17662279,1323,CDS
53555,17657313,17659614,2301,CDS
53556,17657063,17657233,170,CDS
53557,17655669,17655910,241,CDS
53558,17651279,17651491,212,CDS
53559,17650983,17651153,170,CDS
53560,17650384,17650505,121,CDS
53561,17737964,17739518,1554,CDS
53562,17720654,17721104,450,CDS
53563,17719925,17720141,216,CDS
53564,17718916,17719701,785,CDS
53565,17718094,17718327,233,CDS
53566,17717843,17718034,191,CDS
53567,17716678,17716689,11,CDS
53568,17715723,17715913,190,CDS
53569,17711220,17711409,189,CDS
53570,17709439,17709621,182,CDS
53571,17708034,17708220,186,CDS
53572,17667967,17668110,143,CDS
53573,17667702,17667817,115,CDS
53574,17665379,17665540,161,CDS
53575,17664087,17664224,137,CDS
53576,17660956,17662279,1323,CDS
53577,17657313,17659614,2301,CDS
53578,17657063,17657233,170,CDS
53579,17652667,17652905,238,CDS
53580,17651279,17651491,212,CDS
53581,17650983,17651153,170,CDS
53582,17650384,17650505,121,CDS
53583,17737964,17739518,1554,CDS
53584,17720654,17721104,450,CDS
53585,17719925,17720141,216,CDS
53586,17718916,17719701,785,CDS
53587,17718094,17718327,233,CDS
53588,17717843,17718034,191,CDS
53589,17716678,17716689,11,CDS
53590,17715723,17715913,190,CDS
53591,17711220,17711409,189,CDS
53592,17709439,17709621,182,CDS
53593,17708034,17708220,186,CDS
53594,17667967,17668110,143,CDS
53595,17667702,17667817,115,CDS
53596,17665379,17665540,161,CDS
53597,17664087,17664224,137,CDS
53598,17660956,17662279,1323,CDS
53599,17657313,17659614,2301,CDS
53600,17657063,17657233,170,CDS
53601,17655669,17655910,241,CDS
53602,17651279,17651491,212,CDS
53603,17650983,17651153,170,CDS
53604,17650384,17650505,121,CDS
53605,17737964,17739518,1554,CDS
53606,17720654,17721104,450,CDS
53607,17719925,17720141,216,CDS
53608,17718916,17719701,785,CDS
53609,17718094,17718327,233,CDS
53610,17717843,17718034,191,CDS
53611,17716678,17716689,11,CDS
53612,17715723,17715913,190,CDS
53613,17711220,17711409,189,CDS
53614,17709439,17709621,182,CDS
53615,17708034,17708220,186,CDS
53616,17667967,17668110,143,CDS
53617,17667702,17667817,115,CDS
53618,17666612,17666776,164,CDS
53619,17664087,17664224,137,CDS
53620,17660956,17662279,1323,CDS
53621,17657313,17659614,2301,CDS
53622,17657063,17657233,170,CDS
53623,17652667,17652905,238,CDS
53624,17651279,17651491,212,CDS
53625,17650983,17651153,170,CDS
53626,17650384,17650505,121,CDS
53627,17737964,17739518,1554,CDS
53628,17720654,17721104,450,CDS
53629,17719925,17720141,216,CDS
53630,17718916,17719701,785,CDS
53631,17718094,17718327,233,CDS
53632,17717843,17718034,191,CDS
53633,17716678,17716689,11,CDS
53634,17715723,17715913,190,CDS
53635,17711220,17711409,189,CDS
53636,17709439,17709621,182,CDS
53637,17708034,17708220,186,CDS
53638,17667967,17668110,143,CDS
53639,17667702,17667817,115,CDS
53640,17666612,17666776,164,CDS
53641,17664087,17664224,137,CDS
53642,17660956,17662279,1323,CDS
53643,17657313,17659614,2301,CDS
53644,17657063,17657233,170,CDS
53645,17655669,17655910,241,CDS
53646,17651279,17651491,212,CDS
53647,17650983,17651153,170,CDS
53648,17650384,17650505,121,CDS
53649,17687542,17692249,4707,mobile_element
53650,17704681,17706142,1461,gene
53651,17704681,17704910,229,mRNA
53652,17704973,17705202,229,mRNA
53653,17705262,17705833,571,mRNA
53654,17705995,17706142,147,mRNA
53655,17704842,17704910,68,CDS
53656,17704973,17705071,98,CDS
53657,17727904,17729309,1405,mobile_element
53658,17783626,17783710,84,mobile_element
53659,17786971,17875247,88276,gene
53660,17875228,17875247,19,mRNA
53661,17863937,17864685,748,mRNA
53662,17827421,17827883,462,mRNA
53663,17815574,17815717,143,mRNA
53664,17810823,17810938,115,mRNA
53665,17809238,17809402,164,mRNA
53666,17806368,17806505,137,mRNA
53667,17803077,17803497,420,mRNA
53668,17801697,17802605,908,mRNA
53669,17797348,17799673,2325,mRNA
53670,17796753,17796923,170,mRNA
53671,17794473,17794714,241,mRNA
53672,17789335,17789556,221,mRNA
53673,17789083,17789256,173,mRNA
53674,17786971,17788624,1653,mRNA
53675,17843534,17843608,74,mRNA
53676,17827421,17827883,462,mRNA
53677,17815574,17815717,143,mRNA
53678,17810823,17810938,115,mRNA
53679,17809238,17809402,164,mRNA
53680,17806368,17806505,137,mRNA
53681,17803077,17803497,420,mRNA
53682,17801697,17802605,908,mRNA
53683,17797348,17799673,2325,mRNA
53684,17796753,17796923,170,mRNA
53685,17794473,17794714,241,mRNA
53686,17789335,17789556,221,mRNA
53687,17789083,17789256,173,mRNA
53688,17786971,17788624,1653,mRNA
53689,17827421,17827472,51,CDS
53690,17815574,17815717,143,CDS
53691,17810823,17810938,115,CDS
53692,17809238,17809402,164,CDS
53693,17806368,17806505,137,CDS
53694,17803077,17803497,420,CDS
53695,17801697,17802605,908,CDS
53696,17797348,17799673,2325,CDS
53697,17796753,17796923,170,CDS
53698,17794473,17794714,241,CDS
53699,17789335,17789556,221,CDS
53700,17789083,17789256,173,CDS
53701,17788305,17788624,319,CDS
53702,17827421,17827472,51,CDS
53703,17815574,17815717,143,CDS
53704,17810823,17810938,115,CDS
53705,17809238,17809402,164,CDS
53706,17806368,17806505,137,CDS
53707,17803077,17803497,420,CDS
53708,17801697,17802605,908,CDS
53709,17797348,17799673,2325,CDS
53710,17796753,17796923,170,CDS
53711,17794473,17794714,241,CDS
53712,17789335,17789556,221,CDS
53713,17789083,17789256,173,CDS
53714,17788305,17788624,319,CDS
53715,17792412,17793694,1282,gene
53716,17792412,17793694,1282,ncRNA
53717,17811953,17812672,719,gene
53718,17811953,17812672,719,mRNA
53719,17812041,17812604,563,CDS
53720,17819978,17825122,5144,mobile_element
53721,17893812,17894734,922,gene
53722,17893812,17894734,922,ncRNA
53723,17901807,17902691,884,gene
53724,17901807,17902691,884,ncRNA
53725,17902778,17903073,295,gene
53726,17902778,17903073,295,ncRNA
53727,17912012,17914134,2122,mobile_element
53728,17914365,17915023,658,gene
53729,17914365,17914813,448,mRNA
53730,17914951,17915023,72,mRNA
53731,17914493,17914768,275,mRNA
53732,17914951,17915023,72,mRNA
53733,17914493,17914798,305,mRNA
53734,17914951,17915023,72,mRNA
53735,17914493,17914835,342,mRNA
53736,17914552,17914671,119,CDS
53737,17914552,17914671,119,CDS
53738,17914552,17914671,119,CDS
53739,17914552,17914671,119,CDS
53740,17918552,17919131,579,gene
53741,17919112,17919131,19,ncRNA
53742,17918552,17919050,498,ncRNA
53743,17924328,17924372,44,mobile_element
53744,17939019,17939715,696,gene
53745,17939481,17939715,234,ncRNA
53746,17939019,17939345,326,ncRNA
53747,17941321,17941428,107,mobile_element
53748,17948147,17951740,3593,gene
53749,17951621,17951740,119,ncRNA
53750,17948147,17948847,700,ncRNA
53751,17950115,17951740,1625,gene
53752,17951621,17951740,119,ncRNA
53753,17950115,17951054,939,ncRNA
53754,17952004,17953409,1405,mobile_element
53755,17962625,17982472,19847,gene
53756,17982436,17982472,36,mRNA
53757,17982049,17982365,316,mRNA
53758,17981678,17981762,84,mRNA
53759,17981467,17981596,129,mRNA
53760,17980954,17981414,460,mRNA
53761,17980373,17980901,528,mRNA
53762,17979883,17980306,423,mRNA
53763,17977920,17979829,1909,mRNA
53764,17977646,17977862,216,mRNA
53765,17977317,17977583,266,mRNA
53766,17976563,17977246,683,mRNA
53767,17976163,17976345,182,mRNA
53768,17974999,17975888,889,mRNA
53769,17971538,17971663,125,mRNA
53770,17971342,17971476,134,mRNA
53771,17970357,17971284,927,mRNA
53772,17970165,17970281,116,mRNA
53773,17969836,17969949,113,mRNA
53774,17969674,17969776,102,mRNA
53775,17968717,17969172,455,mRNA
53776,17967315,17968644,1329,mRNA
53777,17965949,17967249,1300,mRNA
53778,17964509,17965887,1378,mRNA
53779,17964144,17964449,305,mRNA
53780,17962625,17963016,391,mRNA
53781,17982436,17982472,36,CDS
53782,17982049,17982365,316,CDS
53783,17981678,17981762,84,CDS
53784,17981467,17981596,129,CDS
53785,17980954,17981414,460,CDS
53786,17980373,17980901,528,CDS
53787,17979883,17980306,423,CDS
53788,17977920,17979829,1909,CDS
53789,17977646,17977862,216,CDS
53790,17977317,17977583,266,CDS
53791,17976563,17977246,683,CDS
53792,17976163,17976345,182,CDS
53793,17974999,17975888,889,CDS
53794,17971538,17971663,125,CDS
53795,17971342,17971476,134,CDS
53796,17970357,17971284,927,CDS
53797,17970165,17970281,116,CDS
53798,17969836,17969949,113,CDS
53799,17969674,17969776,102,CDS
53800,17968717,17969172,455,CDS
53801,17967315,17968644,1329,CDS
53802,17965949,17967249,1300,CDS
53803,17964509,17965887,1378,CDS
53804,17964144,17964449,305,CDS
53805,17962735,17963016,281,CDS
53806,17963379,17974868,11489,gene
53807,17963379,17963605,226,mRNA
53808,17969372,17969518,146,mRNA
53809,17971872,17974868,2996,mRNA
53810,17963379,17963605,226,mRNA
53811,17969372,17969518,146,mRNA
53812,17971872,17972003,131,mRNA
53813,17972263,17974868,2605,mRNA
53814,17963379,17963605,226,mRNA
53815,17969372,17969518,146,mRNA
53816,17972263,17974868,2605,mRNA
53817,17963379,17963605,226,mRNA
53818,17972263,17974868,2605,mRNA
53819,17963546,17963605,59,CDS
53820,17969372,17969518,146,CDS
53821,17971872,17972003,131,CDS
53822,17972263,17973393,1130,CDS
53823,17963546,17963605,59,CDS
53824,17969372,17969518,146,CDS
53825,17972263,17973393,1130,CDS
53826,17963546,17963605,59,CDS
53827,17972263,17973393,1130,CDS
53828,17963546,17963605,59,CDS
53829,17969372,17969518,146,CDS
53830,17971872,17972123,251,CDS
53831,17973634,17974099,465,mobile_element
53832,17986399,17988619,2220,gene
53833,17986399,17986464,65,mRNA
53834,17986518,17988619,2101,mRNA
53835,17986528,17988135,1607,CDS
53836,17990418,17991951,1533,gene
53837,17990418,17991951,1533,mRNA
53838,17990418,17991499,1081,mRNA
53839,17990499,17991338,839,CDS
53840,17990499,17991338,839,CDS
53841,17993539,17994283,744,gene
53842,17993539,17994283,744,ncRNA
53843,17999804,17999874,70,mobile_element
53844,18002847,18003083,236,gene
53845,18002847,18003083,236,ncRNA
53846,18003368,18003616,248,gene
53847,18003368,18003616,248,ncRNA
53848,18006627,18007216,589,gene
53849,18006627,18007216,589,mRNA
53850,18006783,18007001,218,CDS
53851,18007360,18007842,482,gene
53852,18007360,18007493,133,mRNA
53853,18007548,18007842,294,mRNA
53854,18007568,18007717,149,CDS
53855,18007935,18008962,1027,gene
53856,18007935,18008962,1027,gene
53857,18007935,18008962,1027,mRNA
53858,18007935,18008962,1027,mRNA
53859,18007994,18008338,344,CDS
53860,18008326,18008962,636,mRNA
53861,18008428,18008826,398,CDS
53862,18008428,18008826,398,CDS
53863,18008953,18009694,741,gene
53864,18008953,18009098,145,mRNA
53865,18009235,18009694,459,mRNA
53866,18009308,18009493,185,CDS
53867,18009643,18011475,1832,gene
53868,18011263,18011475,212,mRNA
53869,18011078,18011206,128,mRNA
53870,18010934,18011011,77,mRNA
53871,18009643,18010865,1222,mRNA
53872,18011263,18011475,212,mRNA
53873,18011078,18011206,128,mRNA
53874,18010934,18011011,77,mRNA
53875,18009910,18010865,955,mRNA
53876,18011263,18011376,113,CDS
53877,18011078,18011206,128,CDS
53878,18010934,18011011,77,CDS
53879,18010497,18010865,368,CDS
53880,18011263,18011376,113,CDS
53881,18011078,18011206,128,CDS
53882,18010934,18011011,77,CDS
53883,18010497,18010865,368,CDS
53884,18011745,18012145,400,mobile_element
53885,18012380,18070246,57866,gene
53886,18012380,18013032,652,mRNA
53887,18026955,18027001,46,mRNA
53888,18033764,18033784,20,mRNA
53889,18051461,18051593,132,mRNA
53890,18062362,18062562,200,mRNA
53891,18063805,18063932,127,mRNA
53892,18064634,18064777,143,mRNA
53893,18064852,18064956,104,mRNA
53894,18065028,18065154,126,mRNA
53895,18065260,18065456,196,mRNA
53896,18065527,18065730,203,mRNA
53897,18066776,18066922,146,mRNA
53898,18067067,18067229,162,mRNA
53899,18067641,18067772,131,mRNA
53900,18068801,18070246,1445,mRNA
53901,18012380,18013032,652,mRNA
53902,18026955,18027001,46,mRNA
53903,18033764,18033784,20,mRNA
53904,18051461,18051593,132,mRNA
53905,18062362,18062562,200,mRNA
53906,18063805,18063932,127,mRNA
53907,18064634,18064777,143,mRNA
53908,18064852,18064956,104,mRNA
53909,18065028,18065154,126,mRNA
53910,18065260,18065456,196,mRNA
53911,18065575,18065730,155,mRNA
53912,18066776,18066922,146,mRNA
53913,18067067,18067229,162,mRNA
53914,18067641,18067772,131,mRNA
53915,18068801,18070246,1445,mRNA
53916,18051461,18051593,132,CDS
53917,18062362,18062562,200,CDS
53918,18063805,18063932,127,CDS
53919,18064634,18064777,143,CDS
53920,18064852,18064956,104,CDS
53921,18065028,18065154,126,CDS
53922,18065260,18065456,196,CDS
53923,18065527,18065730,203,CDS
53924,18066776,18066922,146,CDS
53925,18067067,18067229,162,CDS
53926,18067641,18067772,131,CDS
53927,18068801,18069393,592,CDS
53928,18051461,18051593,132,CDS
53929,18062362,18062562,200,CDS
53930,18063805,18063932,127,CDS
53931,18064634,18064777,143,CDS
53932,18064852,18064956,104,CDS
53933,18065028,18065154,126,CDS
53934,18065260,18065456,196,CDS
53935,18065575,18065730,155,CDS
53936,18066776,18066922,146,CDS
53937,18067067,18067229,162,CDS
53938,18067641,18067772,131,CDS
53939,18068801,18069393,592,CDS
53940,18051931,18061019,9088,mobile_element
53941,18078269,18081307,3038,gene
53942,18078269,18078496,227,mRNA
53943,18078916,18079723,807,mRNA
53944,18079957,18080086,129,mRNA
53945,18080147,18081307,1160,mRNA
53946,18078269,18078496,227,mRNA
53947,18078916,18079723,807,mRNA
53948,18079957,18080086,129,mRNA
53949,18080147,18080415,268,mRNA
53950,18078388,18078496,108,CDS
53951,18078916,18079723,807,CDS
53952,18079957,18080086,129,CDS
53953,18080147,18080194,47,CDS
53954,18078388,18078496,108,CDS
53955,18078916,18079723,807,CDS
53956,18079957,18080086,129,CDS
53957,18080147,18080194,47,CDS
53958,18078649,18078797,148,mRNA
53959,18078916,18079723,807,mRNA
53960,18079957,18080086,129,mRNA
53961,18080147,18080415,268,mRNA
53962,18078731,18078797,66,CDS
53963,18078916,18079723,807,CDS
53964,18079957,18080086,129,CDS
53965,18080147,18080194,47,CDS
53966,18081628,18083608,1980,gene
53967,18081628,18081793,165,mRNA
53968,18081853,18082155,302,mRNA
53969,18082224,18083035,811,mRNA
53970,18083099,18083189,90,mRNA
53971,18083254,18083608,354,mRNA
53972,18081628,18081793,165,mRNA
53973,18081853,18082155,302,mRNA
53974,18082224,18083096,872,mRNA
53975,18081665,18081793,128,CDS
53976,18081853,18082155,302,CDS
53977,18082224,18083035,811,CDS
53978,18083099,18083189,90,CDS
53979,18083254,18083460,206,CDS
53980,18081665,18081793,128,CDS
53981,18081853,18082155,302,CDS
53982,18082224,18083039,815,CDS
53983,18084256,18086714,2458,gene
53984,18084256,18084696,440,mRNA
53985,18084826,18085622,796,mRNA
53986,18085843,18085936,93,mRNA
53987,18086001,18086714,713,mRNA
53988,18084268,18084696,428,CDS
53989,18084826,18085622,796,CDS
53990,18085843,18085936,93,CDS
53991,18086001,18086156,155,CDS
53992,18090737,18092256,1519,gene
53993,18091469,18092256,787,mRNA
53994,18090737,18091265,528,mRNA
53995,18091469,18092238,769,CDS
53996,18090941,18091265,324,CDS
53997,18096568,18098120,1552,gene
53998,18096568,18098120,1552,mRNA
53999,18096692,18098044,1352,CDS
54000,18112830,18113179,349,gene
54001,18113131,18113179,48,mRNA
54002,18112830,18113070,240,mRNA
54003,18113131,18113135,4,CDS
54004,18112842,18113070,228,CDS
54005,18113589,18114199,610,mobile_element
54006,18114547,18115220,673,gene
54007,18114547,18115220,673,mRNA
54008,18114658,18115220,562,mRNA
54009,18114683,18115021,338,CDS
54010,18114683,18115021,338,CDS
54011,18119995,18129862,9867,gene
54012,18119995,18120204,209,mRNA
54013,18123349,18123908,559,mRNA
54014,18126497,18126839,342,mRNA
54015,18127466,18127869,403,mRNA
54016,18127945,18128066,121,mRNA
54017,18128131,18128246,115,mRNA
54018,18128302,18128419,117,mRNA
54019,18128474,18129862,1388,mRNA
54020,18119995,18120072,77,mRNA
54021,18123349,18123908,559,mRNA
54022,18126497,18126839,342,mRNA
54023,18127466,18127869,403,mRNA
54024,18127945,18128066,121,mRNA
54025,18128131,18128246,115,mRNA
54026,18128302,18128419,117,mRNA
54027,18128474,18129862,1388,mRNA
54028,18120130,18120204,74,mRNA
54029,18123349,18123908,559,mRNA
54030,18126497,18126839,342,mRNA
54031,18127466,18127869,403,mRNA
54032,18127945,18128066,121,mRNA
54033,18128131,18128246,115,mRNA
54034,18128302,18128419,117,mRNA
54035,18128474,18129862,1388,mRNA
54036,18122528,18122920,392,mRNA
54037,18123349,18123908,559,mRNA
54038,18126497,18126839,342,mRNA
54039,18127466,18127869,403,mRNA
54040,18127945,18128066,121,mRNA
54041,18128131,18128246,115,mRNA
54042,18128302,18128419,117,mRNA
54043,18128474,18129862,1388,mRNA
54044,18122528,18122588,60,mRNA
54045,18122841,18122920,79,mRNA
54046,18123349,18123908,559,mRNA
54047,18126497,18126839,342,mRNA
54048,18127466,18127869,403,mRNA
54049,18127945,18128066,121,mRNA
54050,18128131,18128246,115,mRNA
54051,18128302,18128419,117,mRNA
54052,18128474,18129862,1388,mRNA
54053,18122528,18122588,60,mRNA
54054,18123349,18123908,559,mRNA
54055,18126497,18126839,342,mRNA
54056,18127466,18127869,403,mRNA
54057,18127945,18128066,121,mRNA
54058,18128131,18128246,115,mRNA
54059,18128302,18128419,117,mRNA
54060,18128474,18129862,1388,mRNA
54061,18123605,18123908,303,CDS
54062,18126497,18126839,342,CDS
54063,18127466,18127869,403,CDS
54064,18127945,18128066,121,CDS
54065,18128131,18128246,115,CDS
54066,18128302,18128419,117,CDS
54067,18128474,18128944,470,CDS
54068,18123605,18123908,303,CDS
54069,18126497,18126839,342,CDS
54070,18127466,18127869,403,CDS
54071,18127945,18128066,121,CDS
54072,18128131,18128246,115,CDS
54073,18128302,18128419,117,CDS
54074,18128474,18128944,470,CDS
54075,18123605,18123908,303,CDS
54076,18126497,18126839,342,CDS
54077,18127466,18127869,403,CDS
54078,18127945,18128066,121,CDS
54079,18128131,18128246,115,CDS
54080,18128302,18128419,117,CDS
54081,18128474,18128944,470,CDS
54082,18123605,18123908,303,CDS
54083,18126497,18126839,342,CDS
54084,18127466,18127869,403,CDS
54085,18127945,18128066,121,CDS
54086,18128131,18128246,115,CDS
54087,18128302,18128419,117,CDS
54088,18128474,18128944,470,CDS
54089,18123605,18123908,303,CDS
54090,18126497,18126839,342,CDS
54091,18127466,18127869,403,CDS
54092,18127945,18128066,121,CDS
54093,18128131,18128246,115,CDS
54094,18128302,18128419,117,CDS
54095,18128474,18128944,470,CDS
54096,18123605,18123908,303,CDS
54097,18126497,18126839,342,CDS
54098,18127466,18127869,403,CDS
54099,18127945,18128066,121,CDS
54100,18128131,18128246,115,CDS
54101,18128302,18128419,117,CDS
54102,18128474,18128944,470,CDS
54103,18124098,18125749,1651,gene
54104,18125104,18125749,645,mRNA
54105,18124399,18125005,606,mRNA
54106,18124098,18124331,233,mRNA
54107,18125104,18125435,331,CDS
54108,18124399,18125005,606,CDS
54109,18124128,18124331,203,CDS
54110,18129884,18138083,8199,gene
54111,18137477,18138083,606,mRNA
54112,18135574,18135975,401,mRNA
54113,18133588,18134826,1238,mRNA
54114,18132963,18133525,562,mRNA
54115,18131582,18132609,1027,mRNA
54116,18129884,18131520,1636,mRNA
54117,18137477,18138083,606,mRNA
54118,18135574,18135975,401,mRNA
54119,18133588,18134826,1238,mRNA
54120,18132963,18133525,562,mRNA
54121,18131582,18132609,1027,mRNA
54122,18129884,18131520,1636,mRNA
54123,18137477,18137931,454,CDS
54124,18135574,18135975,401,CDS
54125,18133588,18134826,1238,CDS
54126,18132963,18133525,562,CDS
54127,18131582,18132609,1027,CDS
54128,18130774,18131520,746,CDS
54129,18137477,18137931,454,CDS
54130,18135574,18135975,401,CDS
54131,18133614,18134826,1212,CDS
54132,18138675,18152417,13742,gene
54133,18152209,18152417,208,mRNA
54134,18141744,18142580,836,mRNA
54135,18140443,18141250,807,mRNA
54136,18138675,18140154,1479,mRNA
54137,18152040,18152417,377,mRNA
54138,18141744,18142580,836,mRNA
54139,18140443,18141250,807,mRNA
54140,18138675,18140154,1479,mRNA
54141,18152040,18152417,377,mRNA
54142,18141744,18142580,836,mRNA
54143,18140443,18141250,807,mRNA
54144,18138675,18140154,1479,mRNA
54145,18141744,18142527,783,CDS
54146,18140443,18141250,807,CDS
54147,18139533,18140154,621,CDS
54148,18141744,18142527,783,CDS
54149,18140443,18141250,807,CDS
54150,18139845,18140154,309,CDS
54151,18141744,18142527,783,CDS
54152,18140443,18141250,807,CDS
54153,18139845,18140154,309,CDS
54154,18145098,18145499,401,gene
54155,18145098,18145499,401,ncRNA
54156,18153123,18154516,1393,gene
54157,18153123,18153629,506,mRNA
54158,18153689,18154092,403,mRNA
54159,18154146,18154516,370,mRNA
54160,18153417,18153629,212,CDS
54161,18153689,18154092,403,CDS
54162,18154146,18154410,264,CDS
54163,18154851,18155942,1091,gene
54164,18154851,18155060,209,mRNA
54165,18155120,18155352,232,mRNA
54166,18155415,18155528,113,mRNA
54167,18155591,18155942,351,mRNA
54168,18154851,18155057,206,mRNA
54169,18155120,18155352,232,mRNA
54170,18155415,18155528,113,mRNA
54171,18155591,18155942,351,mRNA
54172,18154866,18155060,194,CDS
54173,18155120,18155352,232,CDS
54174,18155415,18155528,113,CDS
54175,18155591,18155825,234,CDS
54176,18154866,18155057,191,CDS
54177,18155120,18155352,232,CDS
54178,18155415,18155528,113,CDS
54179,18155591,18155825,234,CDS
54180,18156043,18157162,1119,gene
54181,18156043,18156283,240,mRNA
54182,18156342,18156568,226,mRNA
54183,18156625,18156801,176,mRNA
54184,18156855,18157162,307,mRNA
54185,18156077,18156283,206,CDS
54186,18156342,18156568,226,CDS
54187,18156625,18156801,176,CDS
54188,18156855,18157107,252,CDS
54189,18157110,18159272,2162,gene
54190,18159082,18159272,190,mRNA
54191,18157918,18159013,1095,mRNA
54192,18157110,18157863,753,mRNA
54193,18157918,18158680,762,mRNA
54194,18157110,18157863,753,mRNA
54195,18157918,18158540,622,CDS
54196,18157209,18157863,654,CDS
54197,18157918,18158540,622,CDS
54198,18157209,18157863,654,CDS
54199,18159138,18159715,577,mobile_element
54200,18159811,18275770,115959,gene
54201,18275463,18275770,307,mRNA
54202,18270988,18271927,939,mRNA
54203,18246025,18246107,82,mRNA
54204,18215765,18215846,81,mRNA
54205,18215464,18215703,239,mRNA
54206,18210557,18211298,741,mRNA
54207,18209769,18210145,376,mRNA
54208,18203666,18204944,1278,mRNA
54209,18201288,18201386,98,mRNA
54210,18200811,18200937,126,mRNA
54211,18200623,18200719,96,mRNA
54212,18192932,18193064,132,mRNA
54213,18187212,18187432,220,mRNA
54214,18164933,18165194,261,mRNA
54215,18163892,18163967,75,mRNA
54216,18159811,18161657,1846,mRNA
54217,18275463,18275770,307,mRNA
54218,18270988,18271927,939,mRNA
54219,18246025,18246107,82,mRNA
54220,18215765,18215846,81,mRNA
54221,18210557,18211298,741,mRNA
54222,18209769,18210148,379,mRNA
54223,18203666,18204944,1278,mRNA
54224,18201288,18201386,98,mRNA
54225,18200811,18200937,126,mRNA
54226,18200623,18200719,96,mRNA
54227,18192932,18193064,132,mRNA
54228,18187212,18187432,220,mRNA
54229,18164933,18165194,261,mRNA
54230,18163892,18163967,75,mRNA
54231,18160421,18161657,1236,mRNA
54232,18210557,18210860,303,CDS
54233,18209769,18210145,376,CDS
54234,18203666,18204944,1278,CDS
54235,18201288,18201386,98,CDS
54236,18200811,18200937,126,CDS
54237,18200623,18200719,96,CDS
54238,18192932,18193064,132,CDS
54239,18187212,18187432,220,CDS
54240,18164933,18165194,261,CDS
54241,18163892,18163967,75,CDS
54242,18161429,18161657,228,CDS
54243,18210557,18210860,303,CDS
54244,18209769,18210148,379,CDS
54245,18203666,18204944,1278,CDS
54246,18201288,18201386,98,CDS
54247,18200811,18200937,126,CDS
54248,18200623,18200719,96,CDS
54249,18192932,18193064,132,CDS
54250,18187212,18187432,220,CDS
54251,18164933,18165194,261,CDS
54252,18163892,18163967,75,CDS
54253,18161429,18161657,228,CDS
54254,18177178,18177267,89,mobile_element
54255,18180884,18185007,4123,gene
54256,18184424,18184632,208,mRNA
54257,18180884,18184198,3314,mRNA
54258,18180996,18185007,4011,mRNA
54259,18184424,18184632,208,mRNA
54260,18180996,18184201,3205,mRNA
54261,18182069,18184117,2048,CDS
54262,18182069,18184117,2048,CDS
54263,18182069,18184117,2048,CDS
54264,18185160,18185857,697,gene
54265,18185160,18185857,697,ncRNA
54266,18200336,18201135,799,gene
54267,18200336,18200561,225,ncRNA
54268,18200650,18201135,485,ncRNA
54269,18200336,18200561,225,ncRNA
54270,18200650,18201020,370,ncRNA
54271,18208415,18209237,822,gene
54272,18208415,18209237,822,mRNA
54273,18208588,18209148,560,CDS
54274,18251381,18252697,1316,gene
54275,18251381,18251598,217,ncRNA
54276,18252330,18252697,367,ncRNA
54277,18251381,18251598,217,ncRNA
54278,18251653,18251909,256,ncRNA
54279,18256531,18257174,643,gene
54280,18256531,18257174,643,ncRNA
54281,18257494,18257978,484,gene
54282,18257834,18257978,144,mRNA
54283,18257494,18257773,279,mRNA
54284,18257834,18257902,68,mRNA
54285,18257494,18257773,279,mRNA
54286,18257834,18257838,4,CDS
54287,18257599,18257773,174,CDS
54288,18257834,18257838,4,CDS
54289,18257599,18257773,174,CDS
54290,18261073,18262298,1225,gene
54291,18261073,18262298,1225,ncRNA
54292,18278653,18279475,822,gene
54293,18278653,18279475,822,ncRNA
54294,18282997,18283073,76,mobile_element
54295,18284845,18285720,875,gene
54296,18284845,18285720,875,mRNA
54297,18284936,18285634,698,CDS
54298,18290427,18291236,809,gene
54299,18291034,18291236,202,ncRNA
54300,18290427,18290964,537,ncRNA
54301,18291253,18291462,209,gene
54302,18291398,18291462,64,mRNA
54303,18291253,18291339,86,mRNA
54304,18291398,18291428,30,CDS
54305,18291272,18291339,67,CDS
54306,18291682,18292092,410,gene
54307,18291682,18292092,410,ncRNA
54308,18292522,18292833,311,gene
54309,18292522,18292578,56,mRNA
54310,18292637,18292833,196,mRNA
54311,18292522,18292578,56,mRNA
54312,18292637,18292800,163,mRNA
54313,18292548,18292578,30,CDS
54314,18292637,18292713,76,CDS
54315,18292548,18292578,30,CDS
54316,18292637,18292713,76,CDS
54317,18293733,18294056,323,gene
54318,18293999,18294056,57,ncRNA
54319,18293733,18293945,212,ncRNA
54320,18293999,18294040,41,ncRNA
54321,18293733,18293945,212,ncRNA
54322,18294840,18297347,2507,gene
54323,18294840,18297347,2507,mRNA
54324,18294840,18297261,2421,mRNA
54325,18295149,18297146,1997,CDS
54326,18295149,18297146,1997,CDS
54327,18308088,18308684,596,gene
54328,18308601,18308684,83,ncRNA
54329,18308088,18308507,419,ncRNA
54330,18309187,18309446,259,gene
54331,18309377,18309446,69,mRNA
54332,18309187,18309320,133,mRNA
54333,18309377,18309407,30,CDS
54334,18309253,18309320,67,CDS
54335,18309629,18310010,381,gene
54336,18309629,18310010,381,ncRNA
54337,18310103,18310502,399,gene
54338,18310103,18310502,399,ncRNA
54339,18310879,18311356,477,gene
54340,18310879,18311356,477,ncRNA
54341,18313521,18314051,530,gene
54342,18313521,18314051,530,ncRNA
54343,18320102,18393441,73339,gene
54344,18320102,18320730,628,mRNA
54345,18383402,18383719,317,mRNA
54346,18383839,18384180,341,mRNA
54347,18384459,18384893,434,mRNA
54348,18387287,18387317,30,mRNA
54349,18391052,18391364,312,mRNA
54350,18392065,18392135,70,mRNA
54351,18392245,18393441,1196,mRNA
54352,18320102,18320730,628,mRNA
54353,18383402,18383719,317,mRNA
54354,18383839,18384180,341,mRNA
54355,18384459,18384893,434,mRNA
54356,18387287,18387317,30,mRNA
54357,18391052,18391364,312,mRNA
54358,18392245,18393441,1196,mRNA
54359,18320102,18320730,628,mRNA
54360,18383402,18383719,317,mRNA
54361,18383839,18384180,341,mRNA
54362,18384459,18384893,434,mRNA
54363,18387287,18387317,30,mRNA
54364,18392245,18393441,1196,mRNA
54365,18320102,18320730,628,mRNA
54366,18383402,18383719,317,mRNA
54367,18383839,18384180,341,mRNA
54368,18384459,18384893,434,mRNA
54369,18387287,18387317,30,mRNA
54370,18392245,18392911,666,mRNA
54371,18320102,18320730,628,mRNA
54372,18383402,18383719,317,mRNA
54373,18383839,18384180,341,mRNA
54374,18384459,18384893,434,mRNA
54375,18387287,18387317,30,mRNA
54376,18388382,18390710,2328,mRNA
54377,18320102,18320730,628,mRNA
54378,18383402,18383719,317,mRNA
54379,18383839,18384180,341,mRNA
54380,18384459,18384893,434,mRNA
54381,18387287,18387317,30,mRNA
54382,18388382,18388956,574,mRNA
54383,18389012,18389248,236,mRNA
54384,18320102,18320730,628,mRNA
54385,18383402,18383719,317,mRNA
54386,18383839,18384180,341,mRNA
54387,18384459,18384893,434,mRNA
54388,18386157,18387103,946,mRNA
54389,18320688,18320730,42,CDS
54390,18383402,18383719,317,CDS
54391,18383839,18384180,341,CDS
54392,18384459,18384893,434,CDS
54393,18387287,18387317,30,CDS
54394,18391052,18391364,312,CDS
54395,18392245,18392436,191,CDS
54396,18320688,18320730,42,CDS
54397,18383402,18383719,317,CDS
54398,18383839,18384180,341,CDS
54399,18384459,18384893,434,CDS
54400,18387287,18387317,30,CDS
54401,18392245,18392281,36,CDS
54402,18320688,18320730,42,CDS
54403,18383402,18383719,317,CDS
54404,18383839,18384180,341,CDS
54405,18384459,18384893,434,CDS
54406,18387287,18387317,30,CDS
54407,18392245,18392281,36,CDS
54408,18320688,18320730,42,CDS
54409,18383402,18383719,317,CDS
54410,18383839,18384180,341,CDS
54411,18384459,18384893,434,CDS
54412,18387287,18387317,30,CDS
54413,18391052,18391364,312,CDS
54414,18392065,18392109,44,CDS
54415,18320688,18320730,42,CDS
54416,18383402,18383719,317,CDS
54417,18383839,18384180,341,CDS
54418,18384459,18384893,434,CDS
54419,18387287,18387317,30,CDS
54420,18388382,18388946,564,CDS
54421,18320688,18320730,42,CDS
54422,18383402,18383719,317,CDS
54423,18383839,18384180,341,CDS
54424,18384459,18384893,434,CDS
54425,18387287,18387317,30,CDS
54426,18388382,18388946,564,CDS
54427,18320688,18320730,42,CDS
54428,18383402,18383719,317,CDS
54429,18383839,18384180,341,CDS
54430,18384459,18384893,434,CDS
54431,18386157,18386446,289,CDS
54432,18356047,18359026,2979,gene
54433,18358813,18359026,213,mRNA
54434,18356047,18358753,2706,mRNA
54435,18358813,18359026,213,mRNA
54436,18356125,18358753,2628,mRNA
54437,18358813,18359022,209,CDS
54438,18356225,18358753,2528,CDS
54439,18358813,18359022,209,CDS
54440,18356225,18358753,2528,CDS
54441,18378591,18379909,1318,gene
54442,18378591,18378852,261,mRNA
54443,18378906,18379183,277,mRNA
54444,18379242,18379909,667,mRNA
54445,18378591,18378852,261,mRNA
54446,18378906,18379179,273,mRNA
54447,18379242,18379909,667,mRNA
54448,18378626,18378852,226,CDS
54449,18378906,18379179,273,CDS
54450,18379242,18379619,377,CDS
54451,18378626,18378852,226,CDS
54452,18378906,18379183,277,CDS
54453,18379242,18379267,25,CDS
54454,18400462,18401232,770,gene
54455,18400462,18400694,232,ncRNA
54456,18400750,18401232,482,ncRNA
54457,18403948,18404600,652,gene
54458,18403948,18404066,118,ncRNA
54459,18404215,18404600,385,ncRNA
54460,18408082,18412800,4718,mobile_element
54461,18433459,18434096,637,gene
54462,18433459,18434096,637,ncRNA
54463,18441335,18443277,1942,gene
54464,18443153,18443228,75,mRNA
54465,18441335,18443070,1735,mRNA
54466,18443153,18443228,75,mRNA
54467,18442505,18443070,565,mRNA
54468,18442035,18442438,403,mRNA
54469,18443153,18443228,75,mRNA
54470,18442035,18443070,1035,mRNA
54471,18443153,18443277,124,mRNA
54472,18442507,18443073,566,mRNA
54473,18443153,18443228,75,mRNA
54474,18442507,18443070,563,mRNA
54475,18442718,18443062,344,CDS
54476,18442718,18443062,344,CDS
54477,18442718,18443062,344,CDS
54478,18442718,18443062,344,CDS
54479,18442718,18443062,344,CDS
54480,18444086,18444154,68,mobile_element
54481,18444507,18448957,4450,gene
54482,18448249,18448957,708,mRNA
54483,18446781,18448092,1311,mRNA
54484,18444507,18446716,2209,mRNA
54485,18448249,18448854,605,CDS
54486,18446781,18448092,1311,CDS
54487,18444642,18446716,2074,CDS
54488,18449517,18454587,5070,gene
54489,18454347,18454587,240,mRNA
54490,18453392,18453917,525,mRNA
54491,18452017,18453325,1308,mRNA
54492,18450239,18451960,1721,mRNA
54493,18449517,18450175,658,mRNA
54494,18454347,18454486,139,CDS
54495,18453392,18453917,525,CDS
54496,18452017,18453325,1308,CDS
54497,18450239,18451960,1721,CDS
54498,18449634,18450175,541,CDS
54499,18454649,18455419,770,gene
54500,18454649,18455419,770,mRNA
54501,18454767,18455159,392,CDS
54502,18455717,18473132,17415,gene
54503,18455717,18455963,246,ncRNA
54504,18470869,18472497,1628,ncRNA
54505,18472560,18473132,572,ncRNA
54506,18471434,18471533,99,gene
54507,18471434,18471533,99,precursor_RNA
54508,18471445,18471466,21,ncRNA
54509,18471484,18471505,21,ncRNA
54510,18472034,18472111,77,gene
54511,18472034,18472111,77,precursor_RNA
54512,18472044,18472064,20,ncRNA
54513,18472082,18472103,21,ncRNA
54514,18472315,18472424,109,gene
54515,18472315,18472424,109,precursor_RNA
54516,18472343,18472364,21,ncRNA
54517,18472382,18472402,20,ncRNA
54518,18472964,18484513,11549,gene
54519,18484374,18484513,139,mRNA
54520,18483894,18484316,422,mRNA
54521,18476976,18477038,62,mRNA
54522,18476775,18476913,138,mRNA
54523,18476394,18476508,114,mRNA
54524,18475336,18476334,998,mRNA
54525,18475154,18475273,119,mRNA
54526,18474903,18474956,53,mRNA
54527,18474119,18474582,463,mRNA
54528,18473396,18473496,100,mRNA
54529,18472964,18473328,364,mRNA
54530,18483894,18484513,619,mRNA
54531,18476976,18477038,62,mRNA
54532,18476775,18476913,138,mRNA
54533,18476394,18476508,114,mRNA
54534,18475336,18476334,998,mRNA
54535,18475154,18475273,119,mRNA
54536,18474903,18474956,53,mRNA
54537,18474119,18474582,463,mRNA
54538,18473396,18473496,100,mRNA
54539,18472964,18473328,364,mRNA
54540,18484374,18484438,64,mRNA
54541,18483894,18484316,422,mRNA
54542,18476976,18477038,62,mRNA
54543,18476775,18476913,138,mRNA
54544,18476394,18476508,114,mRNA
54545,18475330,18476334,1004,mRNA
54546,18475154,18475273,119,mRNA
54547,18474119,18474582,463,mRNA
54548,18473396,18473496,100,mRNA
54549,18472964,18473328,364,mRNA
54550,18483894,18484438,544,mRNA
54551,18476976,18477038,62,mRNA
54552,18476775,18476913,138,mRNA
54553,18476394,18476508,114,mRNA
54554,18475330,18476334,1004,mRNA
54555,18475154,18475273,119,mRNA
54556,18474119,18474582,463,mRNA
54557,18473396,18473496,100,mRNA
54558,18472964,18473328,364,mRNA
54559,18483894,18483969,75,CDS
54560,18476976,18477038,62,CDS
54561,18476775,18476913,138,CDS
54562,18476394,18476508,114,CDS
54563,18475336,18476334,998,CDS
54564,18475154,18475273,119,CDS
54565,18474903,18474956,53,CDS
54566,18474119,18474582,463,CDS
54567,18473396,18473496,100,CDS
54568,18473219,18473328,109,CDS
54569,18483894,18483969,75,CDS
54570,18476976,18477038,62,CDS
54571,18476775,18476913,138,CDS
54572,18476394,18476508,114,CDS
54573,18475336,18476334,998,CDS
54574,18475154,18475273,119,CDS
54575,18474903,18474956,53,CDS
54576,18474119,18474582,463,CDS
54577,18473396,18473496,100,CDS
54578,18473219,18473328,109,CDS
54579,18483894,18483969,75,CDS
54580,18476976,18477038,62,CDS
54581,18476775,18476913,138,CDS
54582,18476394,18476508,114,CDS
54583,18475330,18476334,1004,CDS
54584,18475154,18475273,119,CDS
54585,18474119,18474582,463,CDS
54586,18473396,18473496,100,CDS
54587,18473219,18473328,109,CDS
54588,18483894,18483969,75,CDS
54589,18476976,18477038,62,CDS
54590,18476775,18476913,138,CDS
54591,18476394,18476508,114,CDS
54592,18475330,18476334,1004,CDS
54593,18475154,18475273,119,CDS
54594,18474119,18474582,463,CDS
54595,18473396,18473496,100,CDS
54596,18473219,18473328,109,CDS
54597,18485417,18488021,2604,gene
54598,18485417,18486202,785,mRNA
54599,18486626,18486934,308,mRNA
54600,18487017,18488021,1004,mRNA
54601,18485417,18486202,785,mRNA
54602,18486626,18486934,308,mRNA
54603,18487017,18487710,693,mRNA
54604,18485968,18486202,234,CDS
54605,18486626,18486934,308,CDS
54606,18487017,18487198,181,CDS
54607,18485968,18486202,234,CDS
54608,18486626,18486934,308,CDS
54609,18487017,18487198,181,CDS
54610,18487747,18503978,16231,gene
54611,18503835,18503978,143,mRNA
54612,18500713,18501437,724,mRNA
54613,18495845,18496041,196,mRNA
54614,18495555,18495785,230,mRNA
54615,18495299,18495480,181,mRNA
54616,18494651,18495239,588,mRNA
54617,18493500,18494528,1028,mRNA
54618,18491754,18493153,1399,mRNA
54619,18491541,18491694,153,mRNA
54620,18490820,18491483,663,mRNA
54621,18489846,18490749,903,mRNA
54622,18487747,18489781,2034,mRNA
54623,18503813,18503978,165,mRNA
54624,18500713,18501437,724,mRNA
54625,18495845,18496041,196,mRNA
54626,18495555,18495785,230,mRNA
54627,18495299,18495480,181,mRNA
54628,18494651,18495239,588,mRNA
54629,18493500,18494528,1028,mRNA
54630,18491754,18493153,1399,mRNA
54631,18491541,18491694,153,mRNA
54632,18490820,18491483,663,mRNA
54633,18489846,18490749,903,mRNA
54634,18487747,18489781,2034,mRNA
54635,18500713,18500857,144,mRNA
54636,18495845,18496041,196,mRNA
54637,18495555,18495785,230,mRNA
54638,18495299,18495480,181,mRNA
54639,18494651,18495239,588,mRNA
54640,18493500,18494528,1028,mRNA
54641,18491754,18493153,1399,mRNA
54642,18491541,18491694,153,mRNA
54643,18490820,18491483,663,mRNA
54644,18489846,18490749,903,mRNA
54645,18487747,18489781,2034,mRNA
54646,18500713,18500800,87,CDS
54647,18495845,18496041,196,CDS
54648,18495555,18495785,230,CDS
54649,18495299,18495480,181,CDS
54650,18494651,18495239,588,CDS
54651,18493500,18494528,1028,CDS
54652,18491754,18493153,1399,CDS
54653,18491541,18491694,153,CDS
54654,18490820,18491483,663,CDS
54655,18489846,18490749,903,CDS
54656,18488074,18489781,1707,CDS
54657,18500713,18500800,87,CDS
54658,18495845,18496041,196,CDS
54659,18495555,18495785,230,CDS
54660,18495299,18495480,181,CDS
54661,18494651,18495239,588,CDS
54662,18493500,18494528,1028,CDS
54663,18491754,18493153,1399,CDS
54664,18491541,18491694,153,CDS
54665,18490820,18491483,663,CDS
54666,18489846,18490749,903,CDS
54667,18488074,18489781,1707,CDS
54668,18500713,18500800,87,CDS
54669,18495845,18496041,196,CDS
54670,18495555,18495785,230,CDS
54671,18495299,18495480,181,CDS
54672,18494651,18495239,588,CDS
54673,18493500,18494528,1028,CDS
54674,18491754,18493153,1399,CDS
54675,18491541,18491694,153,CDS
54676,18490820,18491483,663,CDS
54677,18489846,18490749,903,CDS
54678,18488074,18489781,1707,CDS
54679,18509560,18513512,3952,gene
54680,18509560,18509706,146,mRNA
54681,18511623,18511878,255,mRNA
54682,18511939,18512385,446,mRNA
54683,18512448,18513512,1064,mRNA
54684,18509560,18509778,218,mRNA
54685,18511623,18511878,255,mRNA
54686,18511939,18512385,446,mRNA
54687,18512448,18513481,1033,mRNA
54688,18511623,18511878,255,CDS
54689,18511939,18512385,446,CDS
54690,18512448,18513337,889,CDS
54691,18511623,18511878,255,CDS
54692,18511939,18512385,446,CDS
54693,18512448,18513337,889,CDS
54694,18517487,18531967,14480,gene
54695,18517487,18518218,731,mRNA
54696,18526866,18527446,580,mRNA
54697,18527514,18528249,735,mRNA
54698,18528506,18528781,275,mRNA
54699,18528841,18529058,217,mRNA
54700,18529126,18530658,1532,mRNA
54701,18530728,18531136,408,mRNA
54702,18531205,18531358,153,mRNA
54703,18531420,18531967,547,mRNA
54704,18517487,18518218,731,mRNA
54705,18526866,18527446,580,mRNA
54706,18527514,18528249,735,mRNA
54707,18528506,18528781,275,mRNA
54708,18528841,18529058,217,mRNA
54709,18529126,18530658,1532,mRNA
54710,18530728,18531136,408,mRNA
54711,18531205,18531358,153,mRNA
54712,18531420,18531780,360,mRNA
54713,18518181,18518218,37,CDS
54714,18526866,18527446,580,CDS
54715,18527514,18528249,735,CDS
54716,18528506,18528781,275,CDS
54717,18528841,18529058,217,CDS
54718,18529126,18530658,1532,CDS
54719,18530728,18531136,408,CDS
54720,18531205,18531358,153,CDS
54721,18531420,18531659,239,CDS
54722,18518181,18518218,37,CDS
54723,18526866,18527446,580,CDS
54724,18527514,18528249,735,CDS
54725,18528506,18528781,275,CDS
54726,18528841,18529058,217,CDS
54727,18529126,18530658,1532,CDS
54728,18530728,18531136,408,CDS
54729,18531205,18531358,153,CDS
54730,18531420,18531659,239,CDS
54731,18523271,18523941,670,gene
54732,18523271,18523941,670,ncRNA
54733,18532025,18590342,58317,gene
54734,18571243,18572286,1043,mRNA
54735,18565377,18565448,71,mRNA
54736,18543262,18543715,453,mRNA
54737,18541857,18542003,146,mRNA
54738,18541185,18541620,435,mRNA
54739,18540629,18540768,139,mRNA
54740,18539523,18539673,150,mRNA
54741,18538030,18538185,155,mRNA
54742,18537166,18537687,521,mRNA
54743,18536814,18536990,176,mRNA
54744,18535586,18535672,86,mRNA
54745,18535361,18535528,167,mRNA
54746,18535185,18535294,109,mRNA
54747,18534940,18535128,188,mRNA
54748,18534661,18534877,216,mRNA
54749,18534518,18534601,83,mRNA
54750,18534220,18534459,239,mRNA
54751,18532025,18534145,2120,mRNA
54752,18562710,18563172,462,mRNA
54753,18546525,18547044,519,mRNA
54754,18543262,18543715,453,mRNA
54755,18541857,18542003,146,mRNA
54756,18541185,18541620,435,mRNA
54757,18540629,18540768,139,mRNA
54758,18539523,18539673,150,mRNA
54759,18538030,18538185,155,mRNA
54760,18537166,18537687,521,mRNA
54761,18536814,18536990,176,mRNA
54762,18535586,18535672,86,mRNA
54763,18535361,18535528,167,mRNA
54764,18535185,18535294,109,mRNA
54765,18534940,18535128,188,mRNA
54766,18534661,18534877,216,mRNA
54767,18534518,18534601,83,mRNA
54768,18532025,18534459,2434,mRNA
54769,18590313,18590342,29,mRNA
54770,18589058,18589158,100,mRNA
54771,18565377,18565448,71,mRNA
54772,18543262,18543715,453,mRNA
54773,18541857,18542003,146,mRNA
54774,18541185,18541620,435,mRNA
54775,18540629,18540768,139,mRNA
54776,18539523,18539673,150,mRNA
54777,18538030,18538185,155,mRNA
54778,18537166,18537687,521,mRNA
54779,18536814,18536990,176,mRNA
54780,18535586,18535672,86,mRNA
54781,18535361,18535528,167,mRNA
54782,18535185,18535294,109,mRNA
54783,18534940,18535128,188,mRNA
54784,18534661,18534877,216,mRNA
54785,18534518,18534601,83,mRNA
54786,18532728,18534459,1731,mRNA
54787,18571243,18572286,1043,mRNA
54788,18565377,18565448,71,mRNA
54789,18543262,18543715,453,mRNA
54790,18541857,18542003,146,mRNA
54791,18541185,18541620,435,mRNA
54792,18540629,18540768,139,mRNA
54793,18539523,18539673,150,mRNA
54794,18538030,18538185,155,mRNA
54795,18537166,18537687,521,mRNA
54796,18536814,18536990,176,mRNA
54797,18535586,18535672,86,mRNA
54798,18535361,18535528,167,mRNA
54799,18535185,18535294,109,mRNA
54800,18534940,18535128,188,mRNA
54801,18534661,18534877,216,mRNA
54802,18534518,18534601,83,mRNA
54803,18532728,18534459,1731,mRNA
54804,18562883,18563172,289,mRNA
54805,18546525,18547044,519,mRNA
54806,18543262,18543715,453,mRNA
54807,18541857,18542003,146,mRNA
54808,18541185,18541620,435,mRNA
54809,18540629,18540768,139,mRNA
54810,18539523,18539673,150,mRNA
54811,18538030,18538185,155,mRNA
54812,18537166,18537687,521,mRNA
54813,18536814,18536990,176,mRNA
54814,18535586,18535672,86,mRNA
54815,18535361,18535528,167,mRNA
54816,18535185,18535294,109,mRNA
54817,18534940,18535128,188,mRNA
54818,18534661,18534877,216,mRNA
54819,18534518,18534601,83,mRNA
54820,18534220,18534459,239,mRNA
54821,18532728,18534145,1417,mRNA
54822,18562824,18563172,348,mRNA
54823,18546525,18547044,519,mRNA
54824,18543262,18543715,453,mRNA
54825,18541857,18542003,146,mRNA
54826,18541185,18541620,435,mRNA
54827,18540629,18540768,139,mRNA
54828,18539523,18539673,150,mRNA
54829,18538030,18538185,155,mRNA
54830,18537166,18537687,521,mRNA
54831,18536814,18536990,176,mRNA
54832,18535586,18535672,86,mRNA
54833,18535361,18535528,167,mRNA
54834,18535185,18535294,109,mRNA
54835,18534940,18535128,188,mRNA
54836,18534661,18534877,216,mRNA
54837,18534518,18534601,83,mRNA
54838,18532728,18534459,1731,mRNA
54839,18565377,18565437,60,CDS
54840,18543262,18543715,453,CDS
54841,18541857,18542003,146,CDS
54842,18541185,18541620,435,CDS
54843,18540629,18540768,139,CDS
54844,18539523,18539673,150,CDS
54845,18538030,18538185,155,CDS
54846,18537166,18537687,521,CDS
54847,18536814,18536990,176,CDS
54848,18535586,18535672,86,CDS
54849,18535361,18535528,167,CDS
54850,18535185,18535294,109,CDS
54851,18534940,18535128,188,CDS
54852,18534661,18534877,216,CDS
54853,18534518,18534601,83,CDS
54854,18533335,18534459,1124,CDS
54855,18565377,18565437,60,CDS
54856,18543262,18543715,453,CDS
54857,18541857,18542003,146,CDS
54858,18541185,18541620,435,CDS
54859,18540629,18540768,139,CDS
54860,18539523,18539673,150,CDS
54861,18538030,18538185,155,CDS
54862,18537166,18537687,521,CDS
54863,18536814,18536990,176,CDS
54864,18535586,18535672,86,CDS
54865,18535361,18535528,167,CDS
54866,18535185,18535294,109,CDS
54867,18534940,18535128,188,CDS
54868,18534661,18534877,216,CDS
54869,18534518,18534601,83,CDS
54870,18533335,18534459,1124,CDS
54871,18546525,18546717,192,CDS
54872,18543262,18543715,453,CDS
54873,18541857,18542003,146,CDS
54874,18541185,18541620,435,CDS
54875,18540629,18540768,139,CDS
54876,18539523,18539673,150,CDS
54877,18538030,18538185,155,CDS
54878,18537166,18537687,521,CDS
54879,18536814,18536990,176,CDS
54880,18535586,18535672,86,CDS
54881,18535361,18535528,167,CDS
54882,18535185,18535294,109,CDS
54883,18534940,18535128,188,CDS
54884,18534661,18534877,216,CDS
54885,18534518,18534601,83,CDS
54886,18533335,18534459,1124,CDS
54887,18546525,18546717,192,CDS
54888,18543262,18543715,453,CDS
54889,18541857,18542003,146,CDS
54890,18541185,18541620,435,CDS
54891,18540629,18540768,139,CDS
54892,18539523,18539673,150,CDS
54893,18538030,18538185,155,CDS
54894,18537166,18537687,521,CDS
54895,18536814,18536990,176,CDS
54896,18535586,18535672,86,CDS
54897,18535361,18535528,167,CDS
54898,18535185,18535294,109,CDS
54899,18534940,18535128,188,CDS
54900,18534661,18534877,216,CDS
54901,18534518,18534601,83,CDS
54902,18533335,18534459,1124,CDS
54903,18565377,18565437,60,CDS
54904,18543262,18543715,453,CDS
54905,18541857,18542003,146,CDS
54906,18541185,18541620,435,CDS
54907,18540629,18540768,139,CDS
54908,18539523,18539673,150,CDS
54909,18538030,18538185,155,CDS
54910,18537166,18537687,521,CDS
54911,18536814,18536990,176,CDS
54912,18535586,18535672,86,CDS
54913,18535361,18535528,167,CDS
54914,18535185,18535294,109,CDS
54915,18534940,18535128,188,CDS
54916,18534661,18534877,216,CDS
54917,18534518,18534601,83,CDS
54918,18534220,18534459,239,CDS
54919,18534131,18534145,14,CDS
54920,18546525,18546717,192,CDS
54921,18543262,18543715,453,CDS
54922,18541857,18542003,146,CDS
54923,18541185,18541620,435,CDS
54924,18540629,18540768,139,CDS
54925,18539523,18539673,150,CDS
54926,18538030,18538185,155,CDS
54927,18537166,18537687,521,CDS
54928,18536814,18536990,176,CDS
54929,18535586,18535672,86,CDS
54930,18535361,18535528,167,CDS
54931,18535185,18535294,109,CDS
54932,18534940,18535128,188,CDS
54933,18534661,18534877,216,CDS
54934,18534518,18534601,83,CDS
54935,18534220,18534459,239,CDS
54936,18534131,18534145,14,CDS
54937,18581421,18584216,2795,mobile_element
54938,18590891,18595429,4538,gene
54939,18590891,18591367,476,mRNA
54940,18591427,18591553,126,mRNA
54941,18591668,18592118,450,mRNA
54942,18592177,18592335,158,mRNA
54943,18592400,18593170,770,mRNA
54944,18593278,18593413,135,mRNA
54945,18593479,18593586,107,mRNA
54946,18593647,18595429,1782,mRNA
54947,18590891,18591367,476,mRNA
54948,18591427,18591553,126,mRNA
54949,18591668,18592118,450,mRNA
54950,18592177,18592335,158,mRNA
54951,18592400,18593170,770,mRNA
54952,18593290,18593413,123,mRNA
54953,18593479,18593586,107,mRNA
54954,18593647,18595429,1782,mRNA
54955,18590891,18591367,476,mRNA
54956,18591427,18591553,126,mRNA
54957,18591668,18592118,450,mRNA
54958,18592177,18592335,158,mRNA
54959,18592400,18593170,770,mRNA
54960,18593290,18593413,123,mRNA
54961,18593479,18593586,107,mRNA
54962,18593647,18594189,542,mRNA
54963,18595307,18595429,122,mRNA
54964,18591214,18591367,153,CDS
54965,18591427,18591553,126,CDS
54966,18591668,18592118,450,CDS
54967,18592177,18592335,158,CDS
54968,18592400,18593170,770,CDS
54969,18593290,18593413,123,CDS
54970,18593479,18593586,107,CDS
54971,18593647,18594189,542,CDS
54972,18595307,18595374,67,CDS
54973,18591214,18591367,153,CDS
54974,18591427,18591553,126,CDS
54975,18591668,18592118,450,CDS
54976,18592177,18592335,158,CDS
54977,18592400,18593170,770,CDS
54978,18593278,18593413,135,CDS
54979,18593479,18593586,107,CDS
54980,18593647,18594209,562,CDS
54981,18591214,18591367,153,CDS
54982,18591427,18591553,126,CDS
54983,18591668,18592118,450,CDS
54984,18592177,18592335,158,CDS
54985,18592400,18593170,770,CDS
54986,18593290,18593413,123,CDS
54987,18593479,18593586,107,CDS
54988,18593647,18594209,562,CDS
54989,18596136,18596921,785,gene
54990,18596136,18596921,785,mRNA
54991,18596310,18596906,596,CDS
54992,18599755,18605249,5494,gene
54993,18604656,18605249,593,mRNA
54994,18604433,18604567,134,mRNA
54995,18603707,18604050,343,mRNA
54996,18601609,18602876,1267,mRNA
54997,18601357,18601548,191,mRNA
54998,18601114,18601293,179,mRNA
54999,18599755,18601051,1296,mRNA
55000,18604656,18605022,366,mRNA
55001,18604433,18604567,134,mRNA
55002,18603707,18604050,343,mRNA
55003,18601609,18602876,1267,mRNA
55004,18601357,18601548,191,mRNA
55005,18601114,18601293,179,mRNA
55006,18599755,18601051,1296,mRNA
55007,18604656,18604920,264,CDS
55008,18604433,18604567,134,CDS
55009,18603707,18604050,343,CDS
55010,18601609,18602876,1267,CDS
55011,18601357,18601548,191,CDS
55012,18601114,18601293,179,CDS
55013,18600610,18601051,441,CDS
55014,18604656,18604920,264,CDS
55015,18604433,18604567,134,CDS
55016,18603707,18604050,343,CDS
55017,18601609,18602876,1267,CDS
55018,18601357,18601548,191,CDS
55019,18601114,18601293,179,CDS
55020,18600610,18601051,441,CDS
55021,18605928,18606684,756,gene
55022,18605928,18606115,187,mRNA
55023,18606178,18606684,506,mRNA
55024,18605928,18606115,187,mRNA
55025,18606178,18606523,345,mRNA
55026,18605928,18606115,187,mRNA
55027,18606178,18606461,283,mRNA
55028,18605942,18606115,173,CDS
55029,18606178,18606357,179,CDS
55030,18605942,18606115,173,CDS
55031,18606178,18606357,179,CDS
55032,18605942,18606115,173,CDS
55033,18606178,18606357,179,CDS
55034,18606832,18609550,2718,gene
55035,18606832,18607090,258,mRNA
55036,18607154,18609550,2396,mRNA
55037,18606924,18607090,166,CDS
55038,18607154,18609455,2301,CDS
55039,18609576,18612249,2673,gene
55040,18611769,18612249,480,mRNA
55041,18611557,18611708,151,mRNA
55042,18611327,18611501,174,mRNA
55043,18610029,18611260,1231,mRNA
55044,18609576,18609962,386,mRNA
55045,18611769,18612178,409,CDS
55046,18611557,18611708,151,CDS
55047,18611327,18611501,174,CDS
55048,18610029,18611260,1231,CDS
55049,18609607,18609962,355,CDS
55050,18612660,18612929,269,mobile_element
55051,18614339,18616106,1767,gene
55052,18615634,18616106,472,mRNA
55053,18614339,18615508,1169,mRNA
55054,18615634,18615819,185,CDS
55055,18614444,18615508,1064,CDS
55056,18617256,18661776,44520,gene
55057,18617256,18617724,468,mRNA
55058,18631743,18631774,31,mRNA
55059,18649598,18649627,29,mRNA
55060,18660209,18661776,1567,mRNA
55061,18617256,18617724,468,mRNA
55062,18631743,18631774,31,mRNA
55063,18649598,18649627,29,mRNA
55064,18660209,18661776,1567,mRNA
55065,18617256,18617724,468,mRNA
55066,18631743,18631774,31,mRNA
55067,18660209,18661776,1567,mRNA
55068,18617256,18617724,468,mRNA
55069,18649598,18649627,29,mRNA
55070,18660209,18661776,1567,mRNA
55071,18633668,18638390,4722,mobile_element
55072,18649625,18649627,2,CDS
55073,18660209,18661105,896,CDS
55074,18649625,18649627,2,CDS
55075,18660209,18661051,842,CDS
55076,18649625,18649627,2,CDS
55077,18660209,18661051,842,CDS
55078,18651058,18653010,1952,gene
55079,18652457,18653010,553,mRNA
55080,18652281,18652397,116,mRNA
55081,18652038,18652219,181,mRNA
55082,18651755,18651985,230,mRNA
55083,18651426,18651695,269,mRNA
55084,18651058,18651361,303,mRNA
55085,18652457,18652944,487,CDS
55086,18652281,18652397,116,CDS
55087,18652038,18652219,181,CDS
55088,18651755,18651985,230,CDS
55089,18651426,18651695,269,CDS
55090,18651171,18651361,190,CDS
55091,18660209,18661051,842,CDS
55092,18665132,18667548,2416,gene
55093,18665132,18665914,782,exon
55094,18666353,18666628,275,exon
55095,18666692,18667548,856,exon
55096,18666892,18671246,4354,gene
55097,18671032,18671246,214,mRNA
55098,18669438,18669563,125,mRNA
55099,18668541,18669365,824,mRNA
55100,18667607,18668479,872,mRNA
55101,18666892,18667546,654,mRNA
55102,18669892,18670043,151,mRNA
55103,18669438,18669563,125,mRNA
55104,18668541,18669365,824,mRNA
55105,18667607,18668479,872,mRNA
55106,18666892,18667546,654,mRNA
55107,18671032,18671187,155,CDS
55108,18669438,18669563,125,CDS
55109,18668541,18669365,824,CDS
55110,18667607,18668479,872,CDS
55111,18666965,18667546,581,CDS
55112,18669892,18669966,74,CDS
55113,18669438,18669563,125,CDS
55114,18668541,18669365,824,CDS
55115,18667607,18668479,872,CDS
55116,18666965,18667546,581,CDS
55117,18671604,18673285,1681,gene
55118,18672560,18673285,725,mRNA
55119,18672340,18672500,160,mRNA
55120,18671892,18672286,394,mRNA
55121,18671604,18671790,186,mRNA
55122,18672560,18673285,725,mRNA
55123,18672340,18672500,160,mRNA
55124,18671892,18672286,394,mRNA
55125,18671647,18671790,143,mRNA
55126,18672560,18673215,655,CDS
55127,18672340,18672500,160,CDS
55128,18671892,18672286,394,CDS
55129,18671782,18671790,8,CDS
55130,18672560,18673215,655,CDS
55131,18672340,18672500,160,CDS
55132,18671892,18672286,394,CDS
55133,18671782,18671790,8,CDS
55134,18673363,18675094,1731,gene
55135,18674342,18675094,752,mRNA
55136,18674114,18674277,163,mRNA
55137,18673684,18674060,376,mRNA
55138,18673363,18673626,263,mRNA
55139,18674342,18675033,691,CDS
55140,18674114,18674277,163,CDS
55141,18673684,18674060,376,CDS
55142,18673447,18673626,179,CDS
55143,18675183,18676998,1815,gene
55144,18676238,18676998,760,mRNA
55145,18676009,18676172,163,mRNA
55146,18675566,18675957,391,mRNA
55147,18675183,18675508,325,mRNA
55148,18676238,18676932,694,CDS
55149,18676009,18676172,163,CDS
55150,18675566,18675957,391,CDS
55151,18675263,18675508,245,CDS
55152,18677221,18683715,6494,gene
55153,18677221,18677472,251,mRNA
55154,18678839,18679161,322,mRNA
55155,18682265,18682389,124,mRNA
55156,18682445,18683715,1270,mRNA
55157,18677221,18677472,251,mRNA
55158,18678839,18679161,322,mRNA
55159,18682265,18682389,124,mRNA
55160,18682445,18683300,855,mRNA
55161,18683370,18683715,345,mRNA
55162,18677358,18677472,114,mRNA
55163,18678839,18679161,322,mRNA
55164,18682265,18682389,124,mRNA
55165,18682445,18683715,1270,mRNA
55166,18678716,18679161,445,mRNA
55167,18682265,18682389,124,mRNA
55168,18682445,18683715,1270,mRNA
55169,18678854,18679161,307,CDS
55170,18682265,18682389,124,CDS
55171,18682445,18683265,820,CDS
55172,18678854,18679161,307,CDS
55173,18682265,18682389,124,CDS
55174,18682445,18683265,820,CDS
55175,18678854,18679161,307,CDS
55176,18682265,18682389,124,CDS
55177,18682445,18683265,820,CDS
55178,18678854,18679161,307,CDS
55179,18682265,18682389,124,CDS
55180,18682445,18683265,820,CDS
55181,18679631,18682075,2444,gene
55182,18681155,18682075,920,mRNA
55183,18679631,18681099,1468,mRNA
55184,18681155,18681958,803,CDS
55185,18679705,18681099,1394,CDS
55186,18683720,18688800,5080,gene
55187,18687187,18688800,1613,mRNA
55188,18683720,18687126,3406,mRNA
55189,18687187,18688800,1613,mRNA
55190,18684984,18687126,2142,mRNA
55191,18687187,18688425,1238,CDS
55192,18685246,18687126,1880,CDS
55193,18687187,18688425,1238,CDS
55194,18685246,18687126,1880,CDS
55195,18689528,18690906,1378,gene
55196,18689528,18689710,182,mRNA
55197,18689777,18690906,1129,mRNA
55198,18689691,18690906,1215,mRNA
55199,18689794,18690717,923,CDS
55200,18689794,18690717,923,CDS
55201,18690904,18695602,4698,gene
55202,18695045,18695602,557,mRNA
55203,18692969,18693515,546,mRNA
55204,18692245,18692908,663,mRNA
55205,18690904,18692180,1276,mRNA
55206,18695045,18695426,381,mRNA
55207,18692969,18693515,546,mRNA
55208,18692245,18692908,663,mRNA
55209,18690904,18692180,1276,mRNA
55210,18695045,18695124,79,CDS
55211,18692969,18693515,546,CDS
55212,18692245,18692908,663,CDS
55213,18691117,18692180,1063,CDS
55214,18695045,18695124,79,CDS
55215,18692969,18693515,546,CDS
55216,18692245,18692908,663,CDS
55217,18691117,18692180,1063,CDS
55218,18695664,18698571,2907,gene
55219,18695664,18696208,544,mRNA
55220,18696568,18697358,790,mRNA
55221,18697421,18697754,333,mRNA
55222,18697824,18698571,747,mRNA
55223,18695731,18696208,477,mRNA
55224,18696568,18697358,790,mRNA
55225,18697421,18697754,333,mRNA
55226,18697824,18698571,747,mRNA
55227,18696142,18696208,66,CDS
55228,18696568,18697358,790,CDS
55229,18697421,18697754,333,CDS
55230,18697824,18697885,61,CDS
55231,18696142,18696208,66,CDS
55232,18696568,18697358,790,CDS
55233,18697421,18697754,333,CDS
55234,18697824,18697885,61,CDS
55235,18698714,18700645,1931,gene
55236,18698714,18698976,262,mRNA
55237,18699036,18700645,1609,mRNA
55238,18698714,18698976,262,mRNA
55239,18699039,18700645,1606,mRNA
55240,18698835,18698976,141,CDS
55241,18699036,18700588,1552,CDS
55242,18698835,18698976,141,CDS
55243,18699039,18700588,1549,CDS
55244,18700606,18703105,2499,gene
55245,18700606,18703105,2499,mRNA
55246,18701627,18702913,1286,CDS
55247,18703473,18704454,981,gene
55248,18703473,18703660,187,mRNA
55249,18703728,18703837,109,mRNA
55250,18703910,18704454,544,mRNA
55251,18703553,18703660,107,CDS
55252,18703728,18703837,109,CDS
55253,18703910,18704336,426,CDS
55254,18704570,18705703,1133,gene
55255,18704570,18705703,1133,mRNA
55256,18704754,18705503,749,CDS
55257,18706010,18708688,2678,gene
55258,18708116,18708599,483,mRNA
55259,18706797,18707861,1064,mRNA
55260,18706010,18706739,729,mRNA
55261,18708116,18708688,572,mRNA
55262,18706797,18707861,1064,mRNA
55263,18706400,18706739,339,mRNA
55264,18708116,18708238,122,CDS
55265,18706797,18707861,1064,CDS
55266,18706533,18706739,206,CDS
55267,18708116,18708238,122,CDS
55268,18706797,18707861,1064,CDS
55269,18706533,18706739,206,CDS
55270,18708846,18711297,2451,gene
55271,18708846,18709127,281,mRNA
55272,18709187,18709481,294,mRNA
55273,18709544,18710385,841,mRNA
55274,18710441,18711297,856,mRNA
55275,18708938,18709127,189,CDS
55276,18709187,18709481,294,CDS
55277,18709544,18710385,841,CDS
55278,18710441,18711054,613,CDS
55279,18711071,18713748,2677,gene
55280,18713306,18713748,442,mRNA
55281,18712952,18713150,198,mRNA
55282,18712189,18712584,395,mRNA
55283,18712004,18712110,106,mRNA
55284,18711071,18711733,662,mRNA
55285,18713306,18713748,442,mRNA
55286,18712952,18713162,210,mRNA
55287,18712189,18712584,395,mRNA
55288,18712004,18712110,106,mRNA
55289,18711071,18711733,662,mRNA
55290,18713306,18713535,229,CDS
55291,18712952,18713150,198,CDS
55292,18712189,18712584,395,CDS
55293,18712004,18712110,106,CDS
55294,18711337,18711733,396,CDS
55295,18713306,18713535,229,CDS
55296,18712952,18713162,210,CDS
55297,18712189,18712584,395,CDS
55298,18712004,18712110,106,CDS
55299,18711337,18711733,396,CDS
55300,18713306,18713748,442,mRNA
55301,18712676,18713150,474,mRNA
55302,18713306,18713535,229,CDS
55303,18712763,18713150,387,CDS
55304,18714453,18732524,18071,gene
55305,18730897,18732524,1627,mRNA
55306,18714453,18716702,2249,mRNA
55307,18730897,18731419,522,mRNA
55308,18714615,18716702,2087,mRNA
55309,18714830,18716452,1622,CDS
55310,18714830,18716452,1622,CDS
55311,18732464,18733323,859,gene
55312,18732464,18733323,859,ncRNA
55313,18735748,18736130,382,gene
55314,18735748,18736130,382,ncRNA
55315,18739320,18740110,790,gene
55316,18739320,18740110,790,mRNA
55317,18739518,18740006,488,CDS
55318,18740358,18740807,449,gene
55319,18740358,18740807,449,mRNA
55320,18740410,18740760,350,CDS
55321,18762874,18792906,30032,gene
55322,18792252,18792906,654,mRNA
55323,18779805,18780331,526,mRNA
55324,18776472,18776603,131,mRNA
55325,18776149,18776374,225,mRNA
55326,18771253,18771397,144,mRNA
55327,18769035,18769191,156,mRNA
55328,18764851,18765813,962,mRNA
55329,18762874,18764642,1768,mRNA
55330,18787178,18787500,322,mRNA
55331,18779805,18780331,526,mRNA
55332,18776472,18776603,131,mRNA
55333,18776149,18776374,225,mRNA
55334,18771253,18771397,144,mRNA
55335,18769035,18769191,156,mRNA
55336,18764851,18765813,962,mRNA
55337,18762874,18764642,1768,mRNA
55338,18782277,18782600,323,mRNA
55339,18779805,18780331,526,mRNA
55340,18776149,18776374,225,mRNA
55341,18771253,18771397,144,mRNA
55342,18769035,18769191,156,mRNA
55343,18764851,18765813,962,mRNA
55344,18762874,18764642,1768,mRNA
55345,18782277,18782600,323,mRNA
55346,18779805,18780331,526,mRNA
55347,18776472,18776603,131,mRNA
55348,18776149,18776374,225,mRNA
55349,18771253,18771397,144,mRNA
55350,18769035,18769191,156,mRNA
55351,18764851,18765813,962,mRNA
55352,18762874,18764642,1768,mRNA
55353,18771586,18771758,172,mRNA
55354,18771253,18771397,144,mRNA
55355,18769035,18769191,156,mRNA
55356,18764851,18765813,962,mRNA
55357,18762874,18764642,1768,mRNA
55358,18779805,18780005,200,CDS
55359,18776149,18776374,225,CDS
55360,18771253,18771397,144,CDS
55361,18769035,18769191,156,CDS
55362,18764851,18765813,962,CDS
55363,18763494,18764642,1148,CDS
55364,18779805,18780005,200,CDS
55365,18776472,18776603,131,CDS
55366,18776149,18776374,225,CDS
55367,18771253,18771397,144,CDS
55368,18769035,18769191,156,CDS
55369,18764851,18765813,962,CDS
55370,18763494,18764642,1148,CDS
55371,18779805,18780005,200,CDS
55372,18776472,18776603,131,CDS
55373,18776149,18776374,225,CDS
55374,18771253,18771397,144,CDS
55375,18769035,18769191,156,CDS
55376,18764851,18765813,962,CDS
55377,18763494,18764642,1148,CDS
55378,18779805,18780005,200,CDS
55379,18776472,18776603,131,CDS
55380,18776149,18776374,225,CDS
55381,18771253,18771397,144,CDS
55382,18769035,18769191,156,CDS
55383,18764851,18765813,962,CDS
55384,18763494,18764642,1148,CDS
55385,18764851,18765603,752,CDS
55386,18763494,18764642,1148,CDS
55387,18773314,18773837,523,gene
55388,18773314,18773837,523,ncRNA
55389,18791361,18791805,444,mobile_element
55390,18795824,18796180,356,gene
55391,18795824,18796180,356,ncRNA
55392,18804491,18805347,856,gene
55393,18804842,18805347,505,mRNA
55394,18804491,18804769,278,mRNA
55395,18805123,18805236,113,CDS
55396,18805445,18806205,760,gene
55397,18805878,18806205,327,ncRNA
55398,18805445,18805742,297,ncRNA
55399,18808694,18811252,2558,gene
55400,18808694,18811252,2558,gene
55401,18810819,18810986,167,mRNA
55402,18808694,18810684,1990,mRNA
55403,18810819,18810986,167,mRNA
55404,18808694,18810684,1990,mRNA
55405,18810819,18811252,433,mRNA
55406,18810036,18810684,648,mRNA
55407,18810819,18811252,433,mRNA
55408,18810036,18810684,648,mRNA
55409,18810819,18810986,167,mRNA
55410,18810036,18810684,648,mRNA
55411,18810819,18810986,167,mRNA
55412,18810036,18810684,648,mRNA
55413,18810261,18810482,221,CDS
55414,18810261,18810482,221,CDS
55415,18810261,18810482,221,CDS
55416,18810819,18810871,52,CDS
55417,18810585,18810684,99,CDS
55418,18810819,18810871,52,CDS
55419,18810585,18810684,99,CDS
55420,18810819,18810871,52,CDS
55421,18810585,18810684,99,CDS
55422,18812648,18813941,1293,gene
55423,18812648,18813941,1293,gene
55424,18812648,18813143,495,mRNA
55425,18813298,18813819,521,mRNA
55426,18812648,18813143,495,mRNA
55427,18813298,18813819,521,mRNA
55428,18813009,18813143,134,mRNA
55429,18813298,18813941,643,mRNA
55430,18813009,18813143,134,mRNA
55431,18813298,18813941,643,mRNA
55432,18813009,18813143,134,mRNA
55433,18813298,18813819,521,mRNA
55434,18813009,18813143,134,mRNA
55435,18813298,18813819,521,mRNA
55436,18813100,18813143,43,CDS
55437,18813298,18813400,102,CDS
55438,18813100,18813143,43,CDS
55439,18813298,18813400,102,CDS
55440,18813100,18813143,43,CDS
55441,18813298,18813400,102,CDS
55442,18813461,18813694,233,CDS
55443,18813461,18813694,233,CDS
55444,18813461,18813694,233,CDS
55445,18819344,18822573,3229,gene
55446,18819344,18819411,67,mRNA
55447,18820247,18820510,263,mRNA
55448,18820570,18820952,382,mRNA
55449,18821016,18821214,198,mRNA
55450,18821723,18822171,448,mRNA
55451,18822257,18822573,316,mRNA
55452,18820256,18820510,254,CDS
55453,18820570,18820952,382,CDS
55454,18821016,18821214,198,CDS
55455,18821723,18822171,448,CDS
55456,18822257,18822548,291,CDS
55457,18823548,18826716,3168,gene
55458,18823548,18823680,132,mRNA
55459,18824300,18824581,281,mRNA
55460,18824797,18825167,370,mRNA
55461,18825234,18825872,638,mRNA
55462,18825930,18826716,786,mRNA
55463,18823548,18823743,195,mRNA
55464,18824300,18824581,281,mRNA
55465,18824797,18825167,370,mRNA
55466,18825234,18825872,638,mRNA
55467,18825930,18826553,623,mRNA
55468,18823548,18823619,71,mRNA
55469,18824300,18824581,281,mRNA
55470,18824797,18825167,370,mRNA
55471,18825234,18825872,638,mRNA
55472,18825930,18826553,623,mRNA
55473,18823548,18823602,54,mRNA
55474,18824300,18824581,281,mRNA
55475,18824797,18825167,370,mRNA
55476,18825234,18825872,638,mRNA
55477,18825930,18826553,623,mRNA
55478,18824306,18824581,275,CDS
55479,18824797,18825167,370,CDS
55480,18825234,18825872,638,CDS
55481,18825930,18826203,273,CDS
55482,18824306,18824581,275,CDS
55483,18824797,18825167,370,CDS
55484,18825234,18825872,638,CDS
55485,18825930,18826203,273,CDS
55486,18824306,18824581,275,CDS
55487,18824797,18825167,370,CDS
55488,18825234,18825872,638,CDS
55489,18825930,18826203,273,CDS
55490,18824306,18824581,275,CDS
55491,18824797,18825167,370,CDS
55492,18825234,18825872,638,CDS
55493,18825930,18826203,273,CDS
55494,18826770,18829059,2289,gene
55495,18826770,18826823,53,mRNA
55496,18826902,18827259,357,mRNA
55497,18827510,18827886,376,mRNA
55498,18827946,18829059,1113,mRNA
55499,18826770,18826823,53,mRNA
55500,18826905,18827259,354,mRNA
55501,18827510,18827886,376,mRNA
55502,18827946,18829059,1113,mRNA
55503,18826770,18826823,53,mRNA
55504,18826917,18827259,342,mRNA
55505,18827510,18827886,376,mRNA
55506,18827946,18829059,1113,mRNA
55507,18826770,18826823,53,mRNA
55508,18826998,18827259,261,mRNA
55509,18827510,18827886,376,mRNA
55510,18827946,18829059,1113,mRNA
55511,18827002,18827259,257,CDS
55512,18827510,18827886,376,CDS
55513,18827946,18828864,918,CDS
55514,18827002,18827259,257,CDS
55515,18827510,18827886,376,CDS
55516,18827946,18828864,918,CDS
55517,18827002,18827259,257,CDS
55518,18827510,18827886,376,CDS
55519,18827946,18828864,918,CDS
55520,18827002,18827259,257,CDS
55521,18827510,18827886,376,CDS
55522,18827946,18828864,918,CDS
55523,18829012,18831153,2141,gene
55524,18830854,18831153,299,mRNA
55525,18830540,18830757,217,mRNA
55526,18830137,18830460,323,mRNA
55527,18829887,18830077,190,mRNA
55528,18829012,18829736,724,mRNA
55529,18830540,18830653,113,mRNA
55530,18830137,18830460,323,mRNA
55531,18829887,18830077,190,mRNA
55532,18829012,18829736,724,mRNA
55533,18830540,18830584,44,CDS
55534,18830137,18830460,323,CDS
55535,18829887,18830077,190,CDS
55536,18829073,18829736,663,CDS
55537,18830540,18830584,44,CDS
55538,18830137,18830460,323,CDS
55539,18829887,18830077,190,CDS
55540,18829073,18829736,663,CDS
55541,18831229,18833630,2401,gene
55542,18831229,18831386,157,mRNA
55543,18831723,18832046,323,mRNA
55544,18832106,18832296,190,mRNA
55545,18832361,18833244,883,mRNA
55546,18833305,18833630,325,mRNA
55547,18831342,18831386,44,CDS
55548,18831723,18832046,323,CDS
55549,18832106,18832296,190,CDS
55550,18832361,18833244,883,CDS
55551,18833305,18833495,190,CDS
55552,18833710,18839679,5969,gene
55553,18839524,18839679,155,mRNA
55554,18838883,18839455,572,mRNA
55555,18838509,18838792,283,mRNA
55556,18837127,18838158,1031,mRNA
55557,18836916,18837056,140,mRNA
55558,18836722,18836861,139,mRNA
55559,18836519,18836658,139,mRNA
55560,18836154,18836444,290,mRNA
55561,18833710,18836089,2379,mRNA
55562,18838883,18839679,796,mRNA
55563,18838509,18838795,286,mRNA
55564,18837127,18838158,1031,mRNA
55565,18836916,18837056,140,mRNA
55566,18836722,18836861,139,mRNA
55567,18836519,18836658,139,mRNA
55568,18836154,18836444,290,mRNA
55569,18833710,18836089,2379,mRNA
55570,18838509,18839679,1170,mRNA
55571,18837127,18838158,1031,mRNA
55572,18836916,18837056,140,mRNA
55573,18836722,18836861,139,mRNA
55574,18836519,18836658,139,mRNA
55575,18836154,18836444,290,mRNA
55576,18833710,18836089,2379,mRNA
55577,18838883,18839393,510,CDS
55578,18838509,18838792,283,CDS
55579,18837127,18838158,1031,CDS
55580,18836916,18837056,140,CDS
55581,18836722,18836861,139,CDS
55582,18836519,18836658,139,CDS
55583,18836154,18836444,290,CDS
55584,18834498,18836089,1591,CDS
55585,18838883,18839393,510,CDS
55586,18838509,18838795,286,CDS
55587,18837127,18838158,1031,CDS
55588,18836916,18837056,140,CDS
55589,18836722,18836861,139,CDS
55590,18836519,18836658,139,CDS
55591,18836154,18836444,290,CDS
55592,18834498,18836089,1591,CDS
55593,18838509,18839393,884,CDS
55594,18837127,18838158,1031,CDS
55595,18836916,18837056,140,CDS
55596,18836722,18836861,139,CDS
55597,18836519,18836658,139,CDS
55598,18836154,18836444,290,CDS
55599,18834498,18836089,1591,CDS
55600,18839628,18841310,1682,gene
55601,18841219,18841310,91,mRNA
55602,18840914,18841162,248,mRNA
55603,18839628,18840852,1224,mRNA
55604,18841219,18841278,59,CDS
55605,18840914,18841162,248,CDS
55606,18839929,18840852,923,CDS
55607,18841400,18844579,3179,gene
55608,18844419,18844579,160,mRNA
55609,18844258,18844349,91,mRNA
55610,18843219,18843507,288,mRNA
55611,18841400,18843158,1758,mRNA
55612,18844419,18844426,7,CDS
55613,18844258,18844349,91,CDS
55614,18843219,18843507,288,CDS
55615,18841478,18843158,1680,CDS
55616,18845184,18855110,9926,gene
55617,18845184,18845921,737,mRNA
55618,18852954,18853456,502,mRNA
55619,18853537,18853731,194,mRNA
55620,18853794,18853925,131,mRNA
55621,18853992,18854247,255,mRNA
55622,18854311,18855110,799,mRNA
55623,18845184,18845362,178,mRNA
55624,18852954,18853456,502,mRNA
55625,18853537,18853731,194,mRNA
55626,18853794,18853925,131,mRNA
55627,18853992,18854247,255,mRNA
55628,18854311,18855110,799,mRNA
55629,18852428,18852736,308,mobile_element
55630,18853112,18853456,344,CDS
55631,18853537,18853731,194,CDS
55632,18853794,18853925,131,CDS
55633,18853992,18854247,255,CDS
55634,18854311,18854504,193,CDS
55635,18853112,18853456,344,CDS
55636,18853537,18853731,194,CDS
55637,18853794,18853925,131,CDS
55638,18853992,18854247,255,CDS
55639,18854311,18854504,193,CDS
55640,18855126,18859248,4122,gene
55641,18859137,18859248,111,mRNA
55642,18858952,18859075,123,mRNA
55643,18857177,18857403,226,mRNA
55644,18856916,18857064,148,mRNA
55645,18856143,18856848,705,mRNA
55646,18855126,18856077,951,mRNA
55647,18857588,18857679,91,mRNA
55648,18857177,18857403,226,mRNA
55649,18856916,18857064,148,mRNA
55650,18856143,18856848,705,mRNA
55651,18855126,18856077,951,mRNA
55652,18857542,18857679,137,mRNA
55653,18857177,18857403,226,mRNA
55654,18856916,18857064,148,mRNA
55655,18856143,18856848,705,mRNA
55656,18855126,18856077,951,mRNA
55657,18859137,18859160,23,CDS
55658,18858952,18859075,123,CDS
55659,18857177,18857403,226,CDS
55660,18856916,18857064,148,CDS
55661,18856143,18856848,705,CDS
55662,18855253,18856077,824,CDS
55663,18857177,18857338,161,CDS
55664,18856916,18857064,148,CDS
55665,18856143,18856848,705,CDS
55666,18855253,18856077,824,CDS
55667,18857177,18857338,161,CDS
55668,18856916,18857064,148,CDS
55669,18856143,18856848,705,CDS
55670,18855253,18856077,824,CDS
55671,18858028,18859248,1220,gene
55672,18859137,18859248,111,mRNA
55673,18858952,18859075,123,mRNA
55674,18858028,18858462,434,mRNA
55675,18859137,18859160,23,CDS
55676,18858952,18859075,123,CDS
55677,18858074,18858462,388,CDS
55678,18859507,18881261,21754,gene
55679,18880657,18881261,604,mRNA
55680,18865470,18865659,189,mRNA
55681,18864393,18864523,130,mRNA
55682,18864095,18864283,188,mRNA
55683,18862180,18862300,120,mRNA
55684,18861956,18862118,162,mRNA
55685,18861682,18861897,215,mRNA
55686,18860977,18861205,228,mRNA
55687,18859507,18860913,1406,mRNA
55688,18880657,18881261,604,mRNA
55689,18865470,18865659,189,mRNA
55690,18864393,18864523,130,mRNA
55691,18864095,18864283,188,mRNA
55692,18862180,18862300,120,mRNA
55693,18861956,18862118,162,mRNA
55694,18861682,18861897,215,mRNA
55695,18859507,18861205,1698,mRNA
55696,18880657,18881261,604,mRNA
55697,18865470,18865659,189,mRNA
55698,18864393,18864523,130,mRNA
55699,18864095,18864283,188,mRNA
55700,18862180,18862300,120,mRNA
55701,18861956,18862118,162,mRNA
55702,18861682,18861897,215,mRNA
55703,18860977,18861205,228,mRNA
55704,18860488,18860913,425,mRNA
55705,18880657,18880795,138,CDS
55706,18865470,18865659,189,CDS
55707,18864393,18864523,130,CDS
55708,18864095,18864283,188,CDS
55709,18862180,18862300,120,CDS
55710,18861956,18862118,162,CDS
55711,18861682,18861897,215,CDS
55712,18860977,18861205,228,CDS
55713,18860687,18860913,226,CDS
55714,18880657,18880795,138,CDS
55715,18865470,18865659,189,CDS
55716,18864393,18864523,130,CDS
55717,18864095,18864283,188,CDS
55718,18862180,18862300,120,CDS
55719,18861956,18862118,162,CDS
55720,18861682,18861897,215,CDS
55721,18860977,18861205,228,CDS
55722,18860687,18860913,226,CDS
55723,18880657,18880795,138,CDS
55724,18865470,18865659,189,CDS
55725,18864393,18864523,130,CDS
55726,18864095,18864283,188,CDS
55727,18862180,18862300,120,CDS
55728,18861956,18862118,162,CDS
55729,18861682,18861897,215,CDS
55730,18860957,18861205,248,CDS
55731,18867046,18867161,115,gene
55732,18867046,18867161,115,precursor_RNA
55733,18867114,18867134,20,ncRNA
55734,18893611,18896798,3187,gene
55735,18893611,18895147,1536,ncRNA
55736,18895247,18895609,362,ncRNA
55737,18896293,18896798,505,ncRNA
55738,18899564,18900494,930,gene
55739,18899564,18900494,930,ncRNA
55740,18902811,18902855,44,mobile_element
55741,18906124,18906747,623,gene
55742,18906124,18906376,252,ncRNA
55743,18906466,18906747,281,ncRNA
55744,18916347,18943960,27613,gene
55745,18943283,18943960,677,mRNA
55746,18940688,18942958,2270,mRNA
55747,18939181,18940627,1446,mRNA
55748,18938754,18939011,257,mRNA
55749,18938562,18938685,123,mRNA
55750,18936425,18936564,139,mRNA
55751,18920471,18920616,145,mRNA
55752,18920279,18920371,92,mRNA
55753,18919925,18920016,91,mRNA
55754,18917190,18917516,326,mRNA
55755,18916347,18917088,741,mRNA
55756,18943277,18943960,683,mRNA
55757,18940688,18942958,2270,mRNA
55758,18939181,18940627,1446,mRNA
55759,18938754,18939011,257,mRNA
55760,18938562,18938685,123,mRNA
55761,18936425,18936564,139,mRNA
55762,18920471,18920616,145,mRNA
55763,18920279,18920371,92,mRNA
55764,18919925,18920016,91,mRNA
55765,18917190,18917516,326,mRNA
55766,18916525,18917088,563,mRNA
55767,18943283,18943466,183,CDS
55768,18940688,18942958,2270,CDS
55769,18939181,18940627,1446,CDS
55770,18938754,18939011,257,CDS
55771,18938562,18938685,123,CDS
55772,18936425,18936564,139,CDS
55773,18920471,18920616,145,CDS
55774,18920279,18920371,92,CDS
55775,18919925,18920016,91,CDS
55776,18917190,18917516,326,CDS
55777,18916978,18917088,110,CDS
55778,18943277,18943466,189,CDS
55779,18940688,18942958,2270,CDS
55780,18939181,18940627,1446,CDS
55781,18938754,18939011,257,CDS
55782,18938562,18938685,123,CDS
55783,18936425,18936564,139,CDS
55784,18920471,18920616,145,CDS
55785,18920279,18920371,92,CDS
55786,18919925,18920016,91,CDS
55787,18917190,18917516,326,CDS
55788,18916978,18917088,110,CDS
55789,18945498,18945589,91,mobile_element
55790,18945700,18946154,454,gene
55791,18945700,18946154,454,ncRNA
55792,18946305,18947082,777,gene
55793,18946305,18947082,777,mRNA
55794,18946386,18946559,173,CDS
55795,18948884,18950973,2089,gene
55796,18948884,18949141,257,mRNA
55797,18949203,18949372,169,mRNA
55798,18949429,18949894,465,mRNA
55799,18949947,18950973,1026,mRNA
55800,18948998,18949141,143,CDS
55801,18949203,18949372,169,CDS
55802,18949429,18949894,465,CDS
55803,18949947,18950924,977,CDS
55804,18951006,18951837,831,gene
55805,18951698,18951837,139,mRNA
55806,18951407,18951537,130,mRNA
55807,18951006,18951346,340,mRNA
55808,18951698,18951837,139,mRNA
55809,18951407,18951537,130,mRNA
55810,18951147,18951346,199,mRNA
55811,18951698,18951715,17,CDS
55812,18951407,18951537,130,CDS
55813,18951241,18951346,105,CDS
55814,18951698,18951715,17,CDS
55815,18951407,18951537,130,CDS
55816,18951241,18951346,105,CDS
55817,18952206,18954431,2225,gene
55818,18954272,18954431,159,mRNA
55819,18953404,18953573,169,mRNA
55820,18953158,18953337,179,mRNA
55821,18952206,18952997,791,mRNA
55822,18954272,18954431,159,mRNA
55823,18953674,18953790,116,mRNA
55824,18953404,18953573,169,mRNA
55825,18953158,18953337,179,mRNA
55826,18952206,18952997,791,mRNA
55827,18954272,18954431,159,mRNA
55828,18953404,18953790,386,mRNA
55829,18953158,18953337,179,mRNA
55830,18952206,18952997,791,mRNA
55831,18953404,18953560,156,CDS
55832,18953158,18953337,179,CDS
55833,18952339,18952997,658,CDS
55834,18953404,18953560,156,CDS
55835,18953158,18953337,179,CDS
55836,18952339,18952997,658,CDS
55837,18953404,18953560,156,CDS
55838,18953158,18953337,179,CDS
55839,18952339,18952997,658,CDS
55840,18954584,18954970,386,gene
55841,18954584,18954970,386,ncRNA
55842,18955481,18957311,1830,gene
55843,18956431,18957311,880,mRNA
55844,18955481,18956324,843,mRNA
55845,18956431,18957169,738,mRNA
55846,18955481,18956324,843,mRNA
55847,18956431,18957080,649,mRNA
55848,18955481,18956324,843,mRNA
55849,18956431,18957045,614,CDS
55850,18955944,18956324,380,CDS
55851,18956431,18957045,614,CDS
55852,18955944,18956324,380,CDS
55853,18956431,18957045,614,CDS
55854,18955944,18956324,380,CDS
55855,18957732,18968744,11012,gene
55856,18968253,18968744,491,mRNA
55857,18965456,18965589,133,mRNA
55858,18965259,18965392,133,mRNA
55859,18964631,18965183,552,mRNA
55860,18963993,18964564,571,mRNA
55861,18963171,18963469,298,mRNA
55862,18962885,18963115,230,mRNA
55863,18957732,18960680,2948,mRNA
55864,18968253,18968744,491,mRNA
55865,18965456,18965589,133,mRNA
55866,18965259,18965392,133,mRNA
55867,18964631,18965183,552,mRNA
55868,18963993,18964564,571,mRNA
55869,18963171,18963469,298,mRNA
55870,18962885,18963115,230,mRNA
55871,18957900,18960680,2780,mRNA
55872,18968253,18968415,162,CDS
55873,18965456,18965589,133,CDS
55874,18965259,18965392,133,CDS
55875,18964631,18965183,552,CDS
55876,18963993,18964564,571,CDS
55877,18963171,18963469,298,CDS
55878,18962885,18963115,230,CDS
55879,18958300,18960680,2380,CDS
55880,18968253,18968415,162,CDS
55881,18965456,18965589,133,CDS
55882,18965259,18965392,133,CDS
55883,18964631,18965183,552,CDS
55884,18963993,18964564,571,CDS
55885,18963171,18963469,298,CDS
55886,18962885,18963115,230,CDS
55887,18958300,18960680,2380,CDS
55888,18968253,18968744,491,mRNA
55889,18965456,18965589,133,mRNA
55890,18965259,18965392,133,mRNA
55891,18964631,18965183,552,mRNA
55892,18963993,18964564,571,mRNA
55893,18963171,18963469,298,mRNA
55894,18962885,18963115,230,mRNA
55895,18960927,18962791,1864,mRNA
55896,18968253,18968721,468,mRNA
55897,18965456,18965589,133,mRNA
55898,18965259,18965392,133,mRNA
55899,18964631,18965183,552,mRNA
55900,18963993,18964564,571,mRNA
55901,18963171,18963469,298,mRNA
55902,18961116,18963115,1999,mRNA
55903,18968253,18968415,162,CDS
55904,18965456,18965589,133,CDS
55905,18965259,18965392,133,CDS
55906,18964631,18965183,552,CDS
55907,18963993,18964564,571,CDS
55908,18963171,18963469,298,CDS
55909,18962885,18963115,230,CDS
55910,18962751,18962791,40,CDS
55911,18968253,18968415,162,CDS
55912,18965456,18965589,133,CDS
55913,18965259,18965392,133,CDS
55914,18964631,18965183,552,CDS
55915,18963993,18964564,571,CDS
55916,18963171,18963469,298,CDS
55917,18962874,18963115,241,CDS
55918,18969028,18972004,2976,gene
55919,18969028,18969159,131,mRNA
55920,18969218,18971419,2201,mRNA
55921,18971480,18972004,524,mRNA
55922,18969099,18969159,60,CDS
55923,18969218,18971419,2201,CDS
55924,18971480,18971982,502,CDS
55925,18971993,18974448,2455,gene
55926,18973917,18974448,531,mRNA
55927,18972602,18973459,857,mRNA
55928,18971993,18972547,554,mRNA
55929,18973917,18974373,456,mRNA
55930,18972602,18973459,857,mRNA
55931,18971993,18972547,554,mRNA
55932,18973917,18974188,271,mRNA
55933,18972602,18973459,857,mRNA
55934,18971993,18972547,554,mRNA
55935,18973917,18974038,121,CDS
55936,18972602,18973459,857,CDS
55937,18972160,18972547,387,CDS
55938,18973917,18974038,121,CDS
55939,18972602,18973459,857,CDS
55940,18972160,18972547,387,CDS
55941,18973917,18974038,121,CDS
55942,18972602,18973459,857,CDS
55943,18972160,18972547,387,CDS
55944,18973583,18973699,116,mobile_element
55945,18974710,18978187,3477,gene
55946,18974710,18974847,137,mRNA
55947,18974905,18977196,2291,mRNA
55948,18977263,18978187,924,mRNA
55949,18974710,18974847,137,mRNA
55950,18974905,18977196,2291,mRNA
55951,18977263,18977502,239,mRNA
55952,18974777,18974847,70,CDS
55953,18974905,18977122,2217,CDS
55954,18974777,18974847,70,CDS
55955,18974905,18977122,2217,CDS
55956,18977519,18987280,9761,gene
55957,18986672,18987280,608,mRNA
55958,18977519,18978769,1250,mRNA
55959,18986672,18987280,608,mRNA
55960,18977751,18978769,1018,mRNA
55961,18986672,18986910,238,CDS
55962,18978355,18978769,414,CDS
55963,18986672,18986910,238,CDS
55964,18978355,18978769,414,CDS
55965,18987707,18988331,624,gene
55966,18987707,18987870,163,mRNA
55967,18987936,18987988,52,mRNA
55968,18988057,18988331,274,mRNA
55969,18987789,18987870,81,CDS
55970,18987936,18987988,52,CDS
55971,18988057,18988251,194,CDS
55972,18988268,18990233,1965,gene
55973,18990155,18990233,78,mRNA
55974,18989953,18990084,131,mRNA
55975,18988268,18989771,1503,mRNA
55976,18990155,18990233,78,mRNA
55977,18989953,18990087,134,mRNA
55978,18988268,18989771,1503,mRNA
55979,18990155,18990227,72,CDS
55980,18989953,18990084,131,CDS
55981,18988294,18989771,1477,CDS
55982,18990155,18990227,72,CDS
55983,18989953,18990087,134,CDS
55984,18988294,18989771,1477,CDS
55985,18991020,18992409,1389,gene
55986,18991020,18992409,1389,mRNA
55987,18991075,18992112,1037,CDS
55988,18993360,18995934,2574,gene
55989,18995779,18995934,155,mRNA
55990,18995602,18995712,110,mRNA
55991,18994137,18995021,884,mRNA
55992,18993360,18993991,631,mRNA
55993,18995779,18995934,155,mRNA
55994,18995602,18995712,110,mRNA
55995,18994137,18995021,884,mRNA
55996,18993617,18993991,374,mRNA
55997,18995779,18995854,75,CDS
55998,18995602,18995712,110,CDS
55999,18994137,18995021,884,CDS
56000,18993786,18993991,205,CDS
56001,18995779,18995854,75,CDS
56002,18995602,18995712,110,CDS
56003,18994137,18995021,884,CDS
56004,18993786,18993991,205,CDS
56005,18995280,18995338,58,mobile_element
56006,18997448,19002713,5265,gene
56007,18997448,18997579,131,mRNA
56008,18997951,18998055,104,mRNA
56009,18998124,18998209,85,mRNA
56010,18998280,18998588,308,mRNA
56011,18998658,18998866,208,mRNA
56012,18998921,19000500,1579,mRNA
56013,19000565,19001034,469,mRNA
56014,19001094,19001359,265,mRNA
56015,19001422,19002351,929,mRNA
56016,19002411,19002713,302,mRNA
56017,18997448,18997579,131,mRNA
56018,18997951,18998055,104,mRNA
56019,18998124,18998209,85,mRNA
56020,18998280,18998588,308,mRNA
56021,18998658,18998866,208,mRNA
56022,18998921,19000500,1579,mRNA
56023,19000565,19001034,469,mRNA
56024,19001094,19001359,265,mRNA
56025,19001422,19002351,929,mRNA
56026,19002411,19002560,149,mRNA
56027,18997789,18997838,49,mobile_element
56028,18997979,18998055,76,CDS
56029,18998124,18998209,85,CDS
56030,18998280,18998588,308,CDS
56031,18998658,18998866,208,CDS
56032,18998921,19000500,1579,CDS
56033,19000565,19001034,469,CDS
56034,19001094,19001359,265,CDS
56035,19001422,19002351,929,CDS
56036,19002411,19002455,44,CDS
56037,18997979,18998055,76,CDS
56038,18998124,18998209,85,CDS
56039,18998280,18998588,308,CDS
56040,18998658,18998866,208,CDS
56041,18998921,19000500,1579,CDS
56042,19000565,19001034,469,CDS
56043,19001094,19001359,265,CDS
56044,19001422,19002351,929,CDS
56045,19002411,19002455,44,CDS
56046,19003367,19008234,4867,gene
56047,19003367,19003879,512,mRNA
56048,19003948,19004202,254,mRNA
56049,19004273,19004426,153,mRNA
56050,19004493,19006291,1798,mRNA
56051,19006351,19007977,1626,mRNA
56052,19008033,19008234,201,mRNA
56053,19003367,19003736,369,mRNA
56054,19003948,19004202,254,mRNA
56055,19004273,19004426,153,mRNA
56056,19004493,19006291,1798,mRNA
56057,19006351,19007977,1626,mRNA
56058,19008033,19008234,201,mRNA
56059,19003669,19003736,67,CDS
56060,19003948,19004202,254,CDS
56061,19004273,19004426,153,CDS
56062,19004493,19006291,1798,CDS
56063,19006351,19007977,1626,CDS
56064,19008033,19008053,20,CDS
56065,19004162,19004202,40,CDS
56066,19004273,19004426,153,CDS
56067,19004493,19006291,1798,CDS
56068,19006351,19007977,1626,CDS
56069,19008033,19008053,20,CDS
56070,19008031,19009306,1275,gene
56071,19009205,19009237,32,mRNA
56072,19008949,19009137,188,mRNA
56073,19008031,19008543,512,mRNA
56074,19009205,19009306,101,mRNA
56075,19008949,19009137,188,mRNA
56076,19008233,19008543,310,mRNA
56077,19009205,19009237,32,mRNA
56078,19008949,19009137,188,mRNA
56079,19008289,19008543,254,mRNA
56080,19008949,19009115,166,CDS
56081,19008375,19008543,168,CDS
56082,19008949,19009115,166,CDS
56083,19008375,19008543,168,CDS
56084,19008949,19009115,166,CDS
56085,19008375,19008543,168,CDS
56086,19008611,19008683,72,gene
56087,19008611,19008683,72,ncRNA
56088,19010866,19011532,666,gene
56089,19010866,19011532,666,mRNA
56090,19010996,19011343,347,CDS
56091,19011902,19012254,352,gene
56092,19011902,19012254,352,ncRNA
56093,19019396,19019871,475,gene
56094,19019396,19019871,475,ncRNA
56095,19022236,19022665,429,mobile_element
56096,19022417,19023646,1229,gene
56097,19022417,19022528,111,mRNA
56098,19023126,19023644,518,mRNA
56099,19022417,19022528,111,mRNA
56100,19023140,19023644,504,mRNA
56101,19022666,19022987,321,mobile_element
56102,19023018,19023646,628,mRNA
56103,19023018,19023086,68,mRNA
56104,19023140,19023644,504,mRNA
56105,19023179,19023526,347,CDS
56106,19023179,19023526,347,CDS
56107,19023179,19023526,347,CDS
56108,19023179,19023526,347,CDS
56109,19023671,19024440,769,gene
56110,19023855,19024440,585,ncRNA
56111,19023671,19023796,125,ncRNA
56112,19027710,19030780,3070,gene
56113,19027710,19028105,395,mRNA
56114,19028801,19029112,311,mRNA
56115,19029301,19030780,1479,mRNA
56116,19028057,19028105,48,CDS
56117,19028801,19029112,311,CDS
56118,19029301,19030463,1162,CDS
56119,19030844,19033498,2654,gene
56120,19033264,19033498,234,mRNA
56121,19032435,19033208,773,mRNA
56122,19031821,19032381,560,mRNA
56123,19031644,19031762,118,mRNA
56124,19031527,19031579,52,mRNA
56125,19031293,19031469,176,mRNA
56126,19030844,19031241,397,mRNA
56127,19033264,19033380,116,CDS
56128,19032435,19033208,773,CDS
56129,19031821,19032381,560,CDS
56130,19031644,19031762,118,CDS
56131,19031527,19031579,52,CDS
56132,19031293,19031469,176,CDS
56133,19031003,19031241,238,CDS
56134,19033657,19034576,919,gene
56135,19034420,19034576,156,mRNA
56136,19034205,19034362,157,mRNA
56137,19033989,19034150,161,mRNA
56138,19033657,19033930,273,mRNA
56139,19034420,19034456,36,CDS
56140,19034205,19034362,157,CDS
56141,19033989,19034150,161,CDS
56142,19033739,19033930,191,CDS
56143,19034444,19041541,7097,gene
56144,19034444,19035000,556,mRNA
56145,19035761,19035865,104,mRNA
56146,19037804,19037971,167,mRNA
56147,19038085,19038754,669,mRNA
56148,19038816,19038978,162,mRNA
56149,19039041,19041541,2500,mRNA
56150,19034641,19035000,359,mRNA
56151,19035761,19035865,104,mRNA
56152,19037804,19037971,167,mRNA
56153,19038085,19038754,669,mRNA
56154,19038816,19038978,162,mRNA
56155,19039041,19041473,2432,mRNA
56156,19035500,19035697,197,mRNA
56157,19035761,19035865,104,mRNA
56158,19037804,19037971,167,mRNA
56159,19038085,19038754,669,mRNA
56160,19038816,19038978,162,mRNA
56161,19039041,19041541,2500,mRNA
56162,19035799,19035865,66,CDS
56163,19037804,19037971,167,CDS
56164,19038085,19038754,669,CDS
56165,19038816,19038978,162,CDS
56166,19039041,19041122,2081,CDS
56167,19035799,19035865,66,CDS
56168,19037804,19037971,167,CDS
56169,19038085,19038754,669,CDS
56170,19038816,19038978,162,CDS
56171,19039041,19041122,2081,CDS
56172,19035799,19035865,66,CDS
56173,19037804,19037971,167,CDS
56174,19038085,19038754,669,CDS
56175,19038816,19038978,162,CDS
56176,19039041,19041122,2081,CDS
56177,19041862,19043614,1752,gene
56178,19041862,19042324,462,mRNA
56179,19042380,19043614,1234,mRNA
56180,19041946,19042324,378,CDS
56181,19042380,19043350,970,CDS
56182,19043535,19045148,1613,gene
56183,19044370,19045148,778,mRNA
56184,19044154,19044317,163,mRNA
56185,19043936,19044083,147,mRNA
56186,19043535,19043883,348,mRNA
56187,19044370,19044903,533,CDS
56188,19044154,19044317,163,CDS
56189,19043936,19044083,147,CDS
56190,19043620,19043883,263,CDS
56191,19045355,19048817,3462,gene
56192,19045355,19047047,1692,mRNA
56193,19047152,19047362,210,mRNA
56194,19047420,19047654,234,mRNA
56195,19047716,19047825,109,mRNA
56196,19047914,19048817,903,mRNA
56197,19045355,19045436,81,mRNA
56198,19045522,19047047,1525,mRNA
56199,19047152,19047362,210,mRNA
56200,19047420,19047654,234,mRNA
56201,19047716,19047825,109,mRNA
56202,19047914,19048633,719,mRNA
56203,19045355,19047047,1692,mRNA
56204,19047152,19047362,210,mRNA
56205,19047420,19047654,234,mRNA
56206,19047716,19047825,109,mRNA
56207,19047914,19048177,263,mRNA
56208,19045567,19047047,1480,CDS
56209,19047152,19047362,210,CDS
56210,19047420,19047654,234,CDS
56211,19047716,19047825,109,CDS
56212,19047914,19048096,182,CDS
56213,19045567,19047047,1480,CDS
56214,19047152,19047362,210,CDS
56215,19047420,19047654,234,CDS
56216,19047716,19047825,109,CDS
56217,19047914,19048096,182,CDS
56218,19045567,19047047,1480,CDS
56219,19047152,19047362,210,CDS
56220,19047420,19047654,234,CDS
56221,19047716,19047825,109,CDS
56222,19047914,19048096,182,CDS
56223,19049076,19049884,808,gene
56224,19049076,19049235,159,mRNA
56225,19049287,19049364,77,mRNA
56226,19049422,19049884,462,mRNA
56227,19049175,19049235,60,CDS
56228,19049287,19049364,77,CDS
56229,19049422,19049834,412,CDS
56230,19049843,19051612,1769,gene
56231,19051097,19051612,515,mRNA
56232,19049843,19051034,1191,mRNA
56233,19051097,19051498,401,CDS
56234,19049889,19051034,1145,CDS
56235,19051790,19053681,1891,gene
56236,19051790,19052217,427,mRNA
56237,19052279,19053681,1402,mRNA
56238,19051929,19052217,288,mRNA
56239,19052279,19053681,1402,mRNA
56240,19052054,19052217,163,CDS
56241,19052279,19053599,1320,CDS
56242,19052054,19052217,163,CDS
56243,19052279,19053599,1320,CDS
56244,19054078,19058821,4743,gene
56245,19054078,19055570,1492,mRNA
56246,19055629,19056072,443,mRNA
56247,19056252,19058821,2569,mRNA
56248,19054078,19055570,1492,mRNA
56249,19055629,19056072,443,mRNA
56250,19056252,19058410,2158,mRNA
56251,19054851,19055570,719,CDS
56252,19055629,19056072,443,CDS
56253,19056252,19057520,1268,CDS
56254,19054851,19055570,719,CDS
56255,19055629,19056072,443,CDS
56256,19056252,19057520,1268,CDS
56257,19059129,19063132,4003,gene
56258,19059129,19059850,721,mRNA
56259,19059965,19060118,153,mRNA
56260,19060398,19061194,796,mRNA
56261,19061279,19061899,620,mRNA
56262,19061961,19063132,1171,mRNA
56263,19059314,19059850,536,mRNA
56264,19059965,19060118,153,mRNA
56265,19060398,19061194,796,mRNA
56266,19061279,19061899,620,mRNA
56267,19061961,19063132,1171,mRNA
56268,19059647,19059850,203,CDS
56269,19059965,19060118,153,CDS
56270,19060398,19061194,796,CDS
56271,19061279,19061899,620,CDS
56272,19061961,19063049,1088,CDS
56273,19059647,19059850,203,CDS
56274,19059965,19060118,153,CDS
56275,19060398,19061194,796,CDS
56276,19061279,19061899,620,CDS
56277,19061961,19063049,1088,CDS
56278,19063295,19064726,1431,gene
56279,19063295,19063469,174,mRNA
56280,19063531,19064726,1195,mRNA
56281,19063382,19063469,87,CDS
56282,19063531,19064633,1102,CDS
56283,19064832,19069851,5019,gene
56284,19069763,19069851,88,mRNA
56285,19068203,19069218,1015,mRNA
56286,19067782,19068023,241,mRNA
56287,19067572,19067700,128,mRNA
56288,19067164,19067517,353,mRNA
56289,19066801,19067104,303,mRNA
56290,19064832,19066738,1906,mRNA
56291,19064929,19069673,4744,gene
56292,19064929,19065269,340,mRNA
56293,19069444,19069673,229,mRNA
56294,19064993,19065247,254,CDS
56295,19069763,19069851,88,mRNA
56296,19068203,19069551,1348,mRNA
56297,19067782,19068023,241,mRNA
56298,19067572,19067700,128,mRNA
56299,19067164,19067517,353,mRNA
56300,19066801,19067104,303,mRNA
56301,19065272,19066738,1466,mRNA
56302,19069471,19069851,380,mRNA
56303,19068203,19069218,1015,mRNA
56304,19067782,19068023,241,mRNA
56305,19067572,19067700,128,mRNA
56306,19067164,19067517,353,mRNA
56307,19066801,19067104,303,mRNA
56308,19065272,19066738,1466,mRNA
56309,19068203,19069851,1648,mRNA
56310,19067782,19068023,241,mRNA
56311,19067572,19067700,128,mRNA
56312,19067164,19067517,353,mRNA
56313,19066801,19067104,303,mRNA
56314,19065272,19066738,1466,mRNA
56315,19068203,19068577,374,CDS
56316,19067782,19068023,241,CDS
56317,19067572,19067700,128,CDS
56318,19067164,19067517,353,CDS
56319,19066801,19067104,303,CDS
56320,19065302,19066738,1436,CDS
56321,19068203,19068577,374,CDS
56322,19067782,19068023,241,CDS
56323,19067572,19067700,128,CDS
56324,19067164,19067517,353,CDS
56325,19066801,19067104,303,CDS
56326,19065302,19066738,1436,CDS
56327,19068203,19068577,374,CDS
56328,19067782,19068023,241,CDS
56329,19067572,19067700,128,CDS
56330,19067164,19067517,353,CDS
56331,19066801,19067104,303,CDS
56332,19065302,19066738,1436,CDS
56333,19068203,19068577,374,CDS
56334,19067782,19068023,241,CDS
56335,19067572,19067700,128,CDS
56336,19067164,19067517,353,CDS
56337,19066801,19067104,303,CDS
56338,19065302,19066738,1436,CDS
56339,19071131,19074149,3018,gene
56340,19073952,19074149,197,mRNA
56341,19073308,19073682,374,mRNA
56342,19073106,19073214,108,mRNA
56343,19072831,19073015,184,mRNA
56344,19071424,19071725,301,mRNA
56345,19071131,19071305,174,mRNA
56346,19073952,19074024,72,CDS
56347,19073308,19073682,374,CDS
56348,19073106,19073214,108,CDS
56349,19072831,19073015,184,CDS
56350,19071424,19071725,301,CDS
56351,19071192,19071305,113,CDS
56352,19074992,19075412,420,gene
56353,19074992,19075412,420,exon
56354,19076207,19076658,451,mobile_element
56355,19077276,19079028,1752,gene
56356,19077276,19079028,1752,mRNA
56357,19077376,19078995,1619,CDS
56358,19079256,19108427,29171,gene
56359,19107387,19108427,1040,mRNA
56360,19105723,19106165,442,mRNA
56361,19081820,19081994,174,mRNA
56362,19081492,19081694,202,mRNA
56363,19081230,19081422,192,mRNA
56364,19081015,19081166,151,mRNA
56365,19080561,19080755,194,mRNA
56366,19079256,19080496,1240,mRNA
56367,19108037,19108111,74,mRNA
56368,19105723,19106165,442,mRNA
56369,19081820,19081994,174,mRNA
56370,19081492,19081694,202,mRNA
56371,19081230,19081422,192,mRNA
56372,19081015,19081166,151,mRNA
56373,19080561,19080755,194,mRNA
56374,19079256,19080496,1240,mRNA
56375,19107387,19107785,398,mRNA
56376,19105723,19106165,442,mRNA
56377,19081820,19081994,174,mRNA
56378,19081492,19081694,202,mRNA
56379,19081230,19081422,192,mRNA
56380,19081015,19081166,151,mRNA
56381,19080561,19080755,194,mRNA
56382,19079256,19080496,1240,mRNA
56383,19105723,19106275,552,mRNA
56384,19081820,19081994,174,mRNA
56385,19081492,19081694,202,mRNA
56386,19081230,19081422,192,mRNA
56387,19081015,19081166,151,mRNA
56388,19080561,19080755,194,mRNA
56389,19079256,19080496,1240,mRNA
56390,19105723,19106275,552,mRNA
56391,19081820,19081994,174,mRNA
56392,19081492,19081694,202,mRNA
56393,19081230,19081422,192,mRNA
56394,19081015,19081166,151,mRNA
56395,19080561,19080755,194,mRNA
56396,19079256,19080496,1240,mRNA
56397,19082920,19083322,402,mRNA
56398,19081820,19081994,174,mRNA
56399,19081492,19081694,202,mRNA
56400,19081230,19081422,192,mRNA
56401,19081015,19081166,151,mRNA
56402,19080561,19080755,194,mRNA
56403,19079256,19080496,1240,mRNA
56404,19082097,19082221,124,mRNA
56405,19081820,19081994,174,mRNA
56406,19081492,19081694,202,mRNA
56407,19081230,19081422,192,mRNA
56408,19081015,19081166,151,mRNA
56409,19080561,19080755,194,mRNA
56410,19079256,19080496,1240,mRNA
56411,19105723,19106071,348,CDS
56412,19081820,19081994,174,CDS
56413,19081492,19081694,202,CDS
56414,19081230,19081422,192,CDS
56415,19081015,19081166,151,CDS
56416,19080561,19080755,194,CDS
56417,19080096,19080496,400,CDS
56418,19105723,19106071,348,CDS
56419,19081820,19081994,174,CDS
56420,19081492,19081694,202,CDS
56421,19081230,19081422,192,CDS
56422,19081015,19081166,151,CDS
56423,19080561,19080755,194,CDS
56424,19080201,19080496,295,CDS
56425,19105723,19106071,348,CDS
56426,19081820,19081994,174,CDS
56427,19081492,19081694,202,CDS
56428,19081230,19081422,192,CDS
56429,19081015,19081166,151,CDS
56430,19080561,19080755,194,CDS
56431,19080201,19080496,295,CDS
56432,19105723,19106071,348,CDS
56433,19081820,19081994,174,CDS
56434,19081492,19081694,202,CDS
56435,19081230,19081422,192,CDS
56436,19081015,19081166,151,CDS
56437,19080561,19080755,194,CDS
56438,19080201,19080496,295,CDS
56439,19105723,19106071,348,CDS
56440,19081820,19081994,174,CDS
56441,19081492,19081694,202,CDS
56442,19081230,19081422,192,CDS
56443,19081015,19081166,151,CDS
56444,19080561,19080755,194,CDS
56445,19080201,19080496,295,CDS
56446,19082920,19083028,108,CDS
56447,19081820,19081994,174,CDS
56448,19081492,19081694,202,CDS
56449,19081230,19081422,192,CDS
56450,19081015,19081166,151,CDS
56451,19080561,19080755,194,CDS
56452,19080201,19080496,295,CDS
56453,19082097,19082100,3,CDS
56454,19081820,19081994,174,CDS
56455,19081492,19081694,202,CDS
56456,19081230,19081422,192,CDS
56457,19081015,19081166,151,CDS
56458,19080561,19080755,194,CDS
56459,19080201,19080496,295,CDS
56460,19102044,19102909,865,gene
56461,19102044,19102909,865,gene
56462,19102044,19102104,60,mRNA
56463,19102168,19102909,741,mRNA
56464,19102044,19102104,60,mRNA
56465,19102168,19102909,741,mRNA
56466,19102168,19102350,182,CDS
56467,19102388,19102852,464,CDS
56468,19108785,19109883,1098,gene
56469,19108785,19109227,442,ncRNA
56470,19109419,19109883,464,ncRNA
56471,19110154,19114110,3956,gene
56472,19110154,19110350,196,mRNA
56473,19110412,19110646,234,mRNA
56474,19112794,19114110,1316,mRNA
56475,19110271,19110350,79,CDS
56476,19110412,19110646,234,CDS
56477,19112794,19114011,1217,CDS
56478,19111841,19112315,474,mRNA
56479,19112794,19114110,1316,mRNA
56480,19112001,19112315,314,CDS
56481,19112794,19114011,1217,CDS
56482,19114401,19116570,2169,gene
56483,19114401,19114566,165,mRNA
56484,19114623,19114843,220,mRNA
56485,19114906,19116570,1664,mRNA
56486,19114836,19114843,7,CDS
56487,19114906,19116412,1506,CDS
56488,19116483,19120306,3823,gene
56489,19120110,19120306,196,mRNA
56490,19119156,19119241,85,mRNA
56491,19116483,19118128,1645,mRNA
56492,19120110,19120306,196,mRNA
56493,19119319,19119474,155,mRNA
56494,19119156,19119241,85,mRNA
56495,19116483,19118128,1645,mRNA
56496,19119156,19120306,1150,mRNA
56497,19116483,19118128,1645,mRNA
56498,19119319,19119417,98,CDS
56499,19119156,19119241,85,CDS
56500,19116781,19118128,1347,CDS
56501,19119156,19119235,79,CDS
56502,19116781,19118128,1347,CDS
56503,19119156,19119235,79,CDS
56504,19116781,19118128,1347,CDS
56505,19121240,19121309,69,mobile_element
56506,19121345,19123869,2524,gene
56507,19123757,19123869,112,mRNA
56508,19123121,19123556,435,mRNA
56509,19121345,19122817,1472,mRNA
56510,19123121,19123653,532,mRNA
56511,19122026,19122817,791,mRNA
56512,19123757,19123869,112,mRNA
56513,19123121,19123556,435,mRNA
56514,19122040,19122817,777,mRNA
56515,19123121,19123552,431,CDS
56516,19122419,19122817,398,CDS
56517,19123121,19123552,431,CDS
56518,19122419,19122817,398,CDS
56519,19123121,19123552,431,CDS
56520,19122419,19122817,398,CDS
56521,19123998,19126976,2978,gene
56522,19126574,19126976,402,mRNA
56523,19126376,19126512,136,mRNA
56524,19124746,19126315,1569,mRNA
56525,19123998,19124678,680,mRNA
56526,19126574,19126923,349,CDS
56527,19126376,19126512,136,CDS
56528,19124746,19126315,1569,CDS
56529,19124051,19124678,627,CDS
56530,19127260,19129326,2066,gene
56531,19127260,19127392,132,mRNA
56532,19127455,19127656,201,mRNA
56533,19127714,19127843,129,mRNA
56534,19127971,19129326,1355,mRNA
56535,19127273,19127392,119,CDS
56536,19127455,19127656,201,CDS
56537,19127714,19127843,129,CDS
56538,19127971,19128961,990,CDS
56539,19129469,19131954,2485,gene
56540,19131797,19131954,157,mRNA
56541,19129469,19131685,2216,mRNA
56542,19131797,19131954,157,mRNA
56543,19129862,19131685,1823,mRNA
56544,19131797,19131830,33,CDS
56545,19130043,19131685,1642,CDS
56546,19131797,19131830,33,CDS
56547,19130043,19131685,1642,CDS
56548,19132323,19133097,774,gene
56549,19132323,19132416,93,mRNA
56550,19132484,19133097,613,mRNA
56551,19132400,19132416,16,CDS
56552,19132484,19133024,540,CDS
56553,19133023,19135233,2210,gene
56554,19134930,19135233,303,mRNA
56555,19133023,19133351,328,mRNA
56556,19134930,19135233,303,mRNA
56557,19133774,19133821,47,mRNA
56558,19133023,19133351,328,mRNA
56559,19133409,19133483,74,mRNA
56560,19133023,19133351,328,mRNA
56561,19134930,19134980,50,CDS
56562,19133052,19133351,299,CDS
56563,19134930,19134980,50,CDS
56564,19133774,19133821,47,CDS
56565,19133052,19133351,299,CDS
56566,19133409,19133426,17,CDS
56567,19133052,19133351,299,CDS
56568,19133816,19179758,45942,gene
56569,19133816,19134276,460,mRNA
56570,19145794,19145844,50,mRNA
56571,19166085,19166358,273,mRNA
56572,19168095,19171251,3156,mRNA
56573,19177444,19179758,2314,mRNA
56574,19133816,19134276,460,mRNA
56575,19145794,19145844,50,mRNA
56576,19166085,19166358,273,mRNA
56577,19168095,19171852,3757,mRNA
56578,19147425,19154402,6977,mobile_element
56579,19157868,19159299,1431,gene
56580,19158747,19159299,552,ncRNA
56581,19157868,19158665,797,ncRNA
56582,19158540,19158689,149,mRNA
56583,19166085,19166358,273,mRNA
56584,19168095,19179758,11663,mRNA
56585,19158540,19158755,215,mRNA
56586,19166085,19166358,273,mRNA
56587,19168095,19172567,4472,mRNA
56588,19165867,19165988,121,mRNA
56589,19166085,19166358,273,mRNA
56590,19168095,19172567,4472,mRNA
56591,19168146,19171251,3105,CDS
56592,19177444,19177523,79,CDS
56593,19168146,19171259,3113,CDS
56594,19168146,19171259,3113,CDS
56595,19168146,19171259,3113,CDS
56596,19168146,19171259,3113,CDS
56597,19179749,19181702,1953,gene
56598,19181454,19181702,248,mRNA
56599,19180042,19181396,1354,mRNA
56600,19179749,19179983,234,mRNA
56601,19181454,19181603,149,CDS
56602,19180042,19181396,1354,CDS
56603,19179947,19179983,36,CDS
56604,19181965,19182810,845,gene
56605,19182577,19182810,233,mRNA
56606,19181965,19182515,550,mRNA
56607,19182577,19182648,71,mRNA
56608,19182191,19182515,324,mRNA
56609,19182253,19182405,152,CDS
56610,19182253,19182405,152,CDS
56611,19183093,19183787,694,gene
56612,19183512,19183787,275,mRNA
56613,19183388,19183461,73,mRNA
56614,19183093,19183338,245,mRNA
56615,19183512,19183613,101,mRNA
56616,19183392,19183452,60,mRNA
56617,19183093,19183338,245,mRNA
56618,19183512,19183600,88,mRNA
56619,19183392,19183461,69,mRNA
56620,19183093,19183338,245,mRNA
56621,19183192,19183335,143,CDS
56622,19183192,19183335,143,CDS
56623,19183192,19183335,143,CDS
56624,19183863,19185726,1863,gene
56625,19185604,19185726,122,mRNA
56626,19185332,19185534,202,mRNA
56627,19184633,19185223,590,mRNA
56628,19183863,19184573,710,mRNA
56629,19185604,19185726,122,mRNA
56630,19185332,19185534,202,mRNA
56631,19184633,19185223,590,mRNA
56632,19183970,19184573,603,mRNA
56633,19185604,19185652,48,CDS
56634,19185332,19185534,202,CDS
56635,19184633,19185223,590,CDS
56636,19184043,19184573,530,CDS
56637,19185604,19185652,48,CDS
56638,19185332,19185534,202,CDS
56639,19184633,19185223,590,CDS
56640,19184043,19184573,530,CDS
56641,19186043,19189938,3895,gene
56642,19186043,19186192,149,mRNA
56643,19186251,19186655,404,mRNA
56644,19186719,19187020,301,mRNA
56645,19187079,19188242,1163,mRNA
56646,19188299,19188531,232,mRNA
56647,19188591,19188805,214,mRNA
56648,19188876,19189100,224,mRNA
56649,19189182,19189328,146,mRNA
56650,19189446,19189938,492,mRNA
56651,19186043,19186192,149,mRNA
56652,19186251,19186655,404,mRNA
56653,19186719,19187020,301,mRNA
56654,19187079,19188242,1163,mRNA
56655,19188299,19188531,232,mRNA
56656,19188591,19188805,214,mRNA
56657,19188876,19189100,224,mRNA
56658,19189446,19189938,492,mRNA
56659,19186129,19186192,63,CDS
56660,19186251,19186655,404,CDS
56661,19186719,19187020,301,CDS
56662,19187079,19188242,1163,CDS
56663,19188299,19188531,232,CDS
56664,19188591,19188805,214,CDS
56665,19188876,19189100,224,CDS
56666,19189446,19189585,139,CDS
56667,19186129,19186192,63,CDS
56668,19186251,19186655,404,CDS
56669,19186719,19187020,301,CDS
56670,19187079,19188242,1163,CDS
56671,19188299,19188531,232,CDS
56672,19188591,19188805,214,CDS
56673,19188876,19189100,224,CDS
56674,19189182,19189306,124,CDS
56675,19190342,19208621,18279,gene
56676,19190342,19190834,492,mRNA
56677,19205721,19207038,1317,mRNA
56678,19207205,19207501,296,mRNA
56679,19207626,19208621,995,mRNA
56680,19190342,19190834,492,mRNA
56681,19205721,19207038,1317,mRNA
56682,19207205,19207501,296,mRNA
56683,19207626,19208621,995,mRNA
56684,19190729,19190834,105,CDS
56685,19205721,19207038,1317,CDS
56686,19207205,19207501,296,CDS
56687,19207626,19207842,216,CDS
56688,19190729,19190834,105,CDS
56689,19205721,19207038,1317,CDS
56690,19207205,19207501,296,CDS
56691,19207626,19207737,111,CDS
56692,19215451,19215967,516,gene
56693,19215451,19215541,90,ncRNA
56694,19215601,19215967,366,ncRNA
56695,19217407,19218135,728,gene
56696,19217407,19217669,262,ncRNA
56697,19217730,19218135,405,ncRNA
56698,19259432,19262240,2808,gene
56699,19259432,19262240,2808,mRNA
56700,19259527,19262133,2606,CDS
56701,19262470,19263057,587,gene
56702,19262470,19263057,587,ncRNA
56703,19269114,19272861,3747,gene
56704,19272758,19272861,103,ncRNA
56705,19271322,19272405,1083,ncRNA
56706,19269114,19269834,720,ncRNA
56707,19272532,19272637,105,mobile_element
56708,19298345,19299933,1588,gene
56709,19299615,19299933,318,mRNA
56710,19298988,19299442,454,mRNA
56711,19298642,19298929,287,mRNA
56712,19298345,19298587,242,mRNA
56713,19299615,19299727,112,CDS
56714,19298988,19299442,454,CDS
56715,19298642,19298929,287,CDS
56716,19298436,19298587,151,CDS
56717,19300255,19301600,1345,gene
56718,19300255,19300485,230,mRNA
56719,19300548,19301002,454,mRNA
56720,19301058,19301347,289,mRNA
56721,19301402,19301600,198,mRNA
56722,19300255,19300485,230,mRNA
56723,19300548,19301002,454,mRNA
56724,19301058,19301345,287,mRNA
56725,19301400,19301600,200,mRNA
56726,19300373,19300485,112,CDS
56727,19300548,19301002,454,CDS
56728,19301058,19301347,289,CDS
56729,19301402,19301539,137,CDS
56730,19300373,19300485,112,CDS
56731,19300548,19301002,454,CDS
56732,19301058,19301345,287,CDS
56733,19301400,19301539,139,CDS
56734,19322938,19326106,3168,gene
56735,19322938,19326106,3168,ncRNA
56736,19327367,19327963,596,gene
56737,19327367,19327963,596,ncRNA
56738,19338669,19363227,24558,gene
56739,19362659,19363227,568,mRNA
56740,19339770,19340934,1164,mRNA
56741,19339355,19339651,296,mRNA
56742,19338669,19339276,607,mRNA
56743,19362659,19363227,568,mRNA
56744,19339770,19340934,1164,mRNA
56745,19339355,19339651,296,mRNA
56746,19338678,19339276,598,mRNA
56747,19362659,19362839,180,CDS
56748,19339770,19340934,1164,CDS
56749,19339355,19339651,296,CDS
56750,19339165,19339276,111,CDS
56751,19362659,19362839,180,CDS
56752,19339770,19340934,1164,CDS
56753,19339355,19339651,296,CDS
56754,19339165,19339276,111,CDS
56755,19345072,19357215,12143,mobile_element
56756,19347541,19354957,7416,mobile_element
56757,19364375,19365470,1095,gene
56758,19364375,19364567,192,mRNA
56759,19364974,19365470,496,mRNA
56760,19364375,19364567,192,mRNA
56761,19364974,19365397,423,mRNA
56762,19364375,19364522,147,mRNA
56763,19364974,19365397,423,mRNA
56764,19364394,19364567,173,CDS
56765,19364974,19365348,374,CDS
56766,19364394,19364567,173,CDS
56767,19364974,19365348,374,CDS
56768,19364394,19364522,128,CDS
56769,19364974,19365348,374,CDS
56770,19370445,19372711,2266,gene
56771,19370445,19370730,285,mRNA
56772,19370796,19370866,70,mRNA
56773,19370926,19371305,379,mRNA
56774,19372302,19372711,409,mRNA
56775,19370644,19370730,86,CDS
56776,19370796,19370866,70,CDS
56777,19370926,19371305,379,CDS
56778,19372302,19372564,262,CDS
56779,19380930,19383093,2163,gene
56780,19380930,19381084,154,mRNA
56781,19381865,19382131,266,mRNA
56782,19382198,19382335,137,mRNA
56783,19382539,19383093,554,mRNA
56784,19381012,19381084,72,CDS
56785,19381865,19382131,266,CDS
56786,19382198,19382335,137,CDS
56787,19382539,19383014,475,CDS
56788,19383138,19386205,3067,gene
56789,19386087,19386205,118,mRNA
56790,19385780,19385792,12,mRNA
56791,19385670,19385705,35,mRNA
56792,19383881,19385363,1482,mRNA
56793,19383138,19383762,624,mRNA
56794,19386087,19386205,118,mRNA
56795,19385780,19385792,12,mRNA
56796,19383881,19385363,1482,mRNA
56797,19383387,19383762,375,mRNA
56798,19386087,19386205,118,mRNA
56799,19385780,19385792,12,mRNA
56800,19385670,19385705,35,mRNA
56801,19383881,19385354,1473,mRNA
56802,19383489,19383762,273,mRNA
56803,19386087,19386205,118,mRNA
56804,19385780,19385792,12,mRNA
56805,19385670,19385705,35,mRNA
56806,19383881,19385363,1482,mRNA
56807,19383489,19383762,273,mRNA
56808,19386087,19386135,48,CDS
56809,19385780,19385792,12,CDS
56810,19383881,19385363,1482,CDS
56811,19383610,19383762,152,CDS
56812,19386087,19386135,48,CDS
56813,19385780,19385792,12,CDS
56814,19385670,19385705,35,CDS
56815,19383881,19385354,1473,CDS
56816,19383610,19383762,152,CDS
56817,19386087,19386135,48,CDS
56818,19385780,19385792,12,CDS
56819,19385670,19385705,35,CDS
56820,19383881,19385363,1482,CDS
56821,19383610,19383762,152,CDS
56822,19386087,19386135,48,CDS
56823,19385780,19385792,12,CDS
56824,19385670,19385705,35,CDS
56825,19383881,19385363,1482,CDS
56826,19383610,19383762,152,CDS
56827,19387050,19390075,3025,gene
56828,19389936,19390075,139,mRNA
56829,19388474,19388569,95,mRNA
56830,19388040,19388313,273,mRNA
56831,19387538,19387769,231,mRNA
56832,19387050,19387391,341,mRNA
56833,19389936,19390075,139,mRNA
56834,19388474,19388569,95,mRNA
56835,19388040,19388313,273,mRNA
56836,19387862,19387936,74,mRNA
56837,19387538,19387769,231,mRNA
56838,19387050,19387391,341,mRNA
56839,19389927,19390075,148,mRNA
56840,19388474,19388569,95,mRNA
56841,19388040,19388313,273,mRNA
56842,19387538,19387769,231,mRNA
56843,19387050,19387391,341,mRNA
56844,19389765,19389799,34,mRNA
56845,19388474,19388569,95,mRNA
56846,19388040,19388313,273,mRNA
56847,19387538,19387769,231,mRNA
56848,19387050,19387391,341,mRNA
56849,19389765,19389799,34,mRNA
56850,19388474,19388569,95,mRNA
56851,19388040,19388313,273,mRNA
56852,19387862,19387936,74,mRNA
56853,19387538,19387769,231,mRNA
56854,19387050,19387391,341,mRNA
56855,19388474,19388534,60,CDS
56856,19388040,19388313,273,CDS
56857,19387538,19387769,231,CDS
56858,19387170,19387391,221,CDS
56859,19388474,19388534,60,CDS
56860,19388040,19388313,273,CDS
56861,19387538,19387769,231,CDS
56862,19387170,19387391,221,CDS
56863,19388474,19388534,60,CDS
56864,19388040,19388313,273,CDS
56865,19387538,19387769,231,CDS
56866,19387170,19387391,221,CDS
56867,19388474,19388534,60,CDS
56868,19388040,19388313,273,CDS
56869,19387862,19387936,74,CDS
56870,19387538,19387769,231,CDS
56871,19387170,19387391,221,CDS
56872,19388474,19388534,60,CDS
56873,19388040,19388313,273,CDS
56874,19387862,19387936,74,CDS
56875,19387538,19387769,231,CDS
56876,19387170,19387391,221,CDS
56877,19390370,19398493,8123,gene
56878,19398351,19398493,142,mRNA
56879,19393497,19393656,159,mRNA
56880,19392066,19392989,923,mRNA
56881,19391839,19391964,125,mRNA
56882,19391438,19391783,345,mRNA
56883,19390370,19391219,849,mRNA
56884,19398347,19398493,146,mRNA
56885,19393497,19393656,159,mRNA
56886,19392066,19392989,923,mRNA
56887,19391839,19391964,125,mRNA
56888,19391438,19391783,345,mRNA
56889,19390370,19391219,849,mRNA
56890,19398335,19398493,158,mRNA
56891,19393497,19393656,159,mRNA
56892,19392066,19392989,923,mRNA
56893,19391839,19391964,125,mRNA
56894,19391438,19391783,345,mRNA
56895,19390370,19391219,849,mRNA
56896,19393768,19393835,67,mRNA
56897,19393497,19393656,159,mRNA
56898,19392066,19392989,923,mRNA
56899,19391839,19391964,125,mRNA
56900,19391438,19391783,345,mRNA
56901,19390370,19391219,849,mRNA
56902,19393497,19393631,134,CDS
56903,19392066,19392989,923,CDS
56904,19391839,19391964,125,CDS
56905,19391438,19391783,345,CDS
56906,19390669,19391219,550,CDS
56907,19393497,19393631,134,CDS
56908,19392066,19392989,923,CDS
56909,19391839,19391964,125,CDS
56910,19391438,19391783,345,CDS
56911,19390669,19391219,550,CDS
56912,19393497,19393631,134,CDS
56913,19392066,19392989,923,CDS
56914,19391839,19391964,125,CDS
56915,19391438,19391783,345,CDS
56916,19390669,19391219,550,CDS
56917,19393497,19393631,134,CDS
56918,19392066,19392989,923,CDS
56919,19391839,19391964,125,CDS
56920,19391438,19391783,345,CDS
56921,19390669,19391219,550,CDS
56922,19394160,19396190,2030,gene
56923,19394160,19395015,855,mRNA
56924,19395076,19395271,195,mRNA
56925,19395330,19396190,860,mRNA
56926,19394160,19395015,855,mRNA
56927,19395076,19395271,195,mRNA
56928,19395330,19395920,590,mRNA
56929,19394229,19395015,786,CDS
56930,19395076,19395271,195,CDS
56931,19395330,19395822,492,CDS
56932,19394229,19395015,786,CDS
56933,19395076,19395271,195,CDS
56934,19395330,19395822,492,CDS
56935,19399615,19400145,530,mobile_element
56936,19400392,19400571,179,mobile_element
56937,19400753,19426596,25843,gene
56938,19414412,19414477,65,mRNA
56939,19411537,19411711,174,mRNA
56940,19410480,19410643,163,mRNA
56941,19410248,19410413,165,mRNA
56942,19409769,19409910,141,mRNA
56943,19409612,19409703,91,mRNA
56944,19409404,19409549,145,mRNA
56945,19403999,19404682,683,mRNA
56946,19400753,19401372,619,mRNA
56947,19426206,19426596,390,mRNA
56948,19410480,19410643,163,mRNA
56949,19410248,19410413,165,mRNA
56950,19409769,19409910,141,mRNA
56951,19409612,19409703,91,mRNA
56952,19409404,19409549,145,mRNA
56953,19403999,19404682,683,mRNA
56954,19400781,19401372,591,mRNA
56955,19423415,19423552,137,mRNA
56956,19419869,19420191,322,mRNA
56957,19410480,19410643,163,mRNA
56958,19410248,19410413,165,mRNA
56959,19409769,19409910,141,mRNA
56960,19409612,19409703,91,mRNA
56961,19409404,19409549,145,mRNA
56962,19403999,19404682,683,mRNA
56963,19400781,19401372,591,mRNA
56964,19423279,19423552,273,mRNA
56965,19419869,19420191,322,mRNA
56966,19410480,19410643,163,mRNA
56967,19410248,19410413,165,mRNA
56968,19409769,19409910,141,mRNA
56969,19409612,19409703,91,mRNA
56970,19409404,19409549,145,mRNA
56971,19403999,19404682,683,mRNA
56972,19400781,19401372,591,mRNA
56973,19416414,19416470,56,mRNA
56974,19410480,19410643,163,mRNA
56975,19410248,19410413,165,mRNA
56976,19409769,19409910,141,mRNA
56977,19409612,19409703,91,mRNA
56978,19409404,19409549,145,mRNA
56979,19403999,19404682,683,mRNA
56980,19400781,19401372,591,mRNA
56981,19414412,19414477,65,mRNA
56982,19411537,19411719,182,mRNA
56983,19410480,19410643,163,mRNA
56984,19410248,19410413,165,mRNA
56985,19409769,19409910,141,mRNA
56986,19409612,19409703,91,mRNA
56987,19409404,19409549,145,mRNA
56988,19403999,19404682,683,mRNA
56989,19400781,19401372,591,mRNA
56990,19411537,19411803,266,mRNA
56991,19410480,19410643,163,mRNA
56992,19410248,19410413,165,mRNA
56993,19409769,19409910,141,mRNA
56994,19409612,19409703,91,mRNA
56995,19409404,19409549,145,mRNA
56996,19403999,19404682,683,mRNA
56997,19400781,19401372,591,mRNA
56998,19410845,19410955,110,mRNA
56999,19410480,19410643,163,mRNA
57000,19410248,19410413,165,mRNA
57001,19409769,19409910,141,mRNA
57002,19409612,19409703,91,mRNA
57003,19409404,19409549,145,mRNA
57004,19403999,19404682,683,mRNA
57005,19400781,19401372,591,mRNA
57006,19426206,19426218,12,CDS
57007,19410480,19410643,163,CDS
57008,19410248,19410413,165,CDS
57009,19409769,19409910,141,CDS
57010,19409612,19409703,91,CDS
57011,19409404,19409549,145,CDS
57012,19403999,19404682,683,CDS
57013,19401106,19401372,266,CDS
57014,19419869,19419953,84,CDS
57015,19410480,19410643,163,CDS
57016,19410248,19410413,165,CDS
57017,19409769,19409910,141,CDS
57018,19409612,19409703,91,CDS
57019,19409404,19409549,145,CDS
57020,19403999,19404682,683,CDS
57021,19401106,19401372,266,CDS
57022,19419869,19419953,84,CDS
57023,19410480,19410643,163,CDS
57024,19410248,19410413,165,CDS
57025,19409769,19409910,141,CDS
57026,19409612,19409703,91,CDS
57027,19409404,19409549,145,CDS
57028,19403999,19404682,683,CDS
57029,19401106,19401372,266,CDS
57030,19416414,19416423,9,CDS
57031,19410480,19410643,163,CDS
57032,19410248,19410413,165,CDS
57033,19409769,19409910,141,CDS
57034,19409612,19409703,91,CDS
57035,19409404,19409549,145,CDS
57036,19403999,19404682,683,CDS
57037,19401106,19401372,266,CDS
57038,19411537,19411621,84,CDS
57039,19410480,19410643,163,CDS
57040,19410248,19410413,165,CDS
57041,19409769,19409910,141,CDS
57042,19409612,19409703,91,CDS
57043,19409404,19409549,145,CDS
57044,19403999,19404682,683,CDS
57045,19401106,19401372,266,CDS
57046,19411537,19411621,84,CDS
57047,19410480,19410643,163,CDS
57048,19410248,19410413,165,CDS
57049,19409769,19409910,141,CDS
57050,19409612,19409703,91,CDS
57051,19409404,19409549,145,CDS
57052,19403999,19404682,683,CDS
57053,19401106,19401372,266,CDS
57054,19411537,19411621,84,CDS
57055,19410480,19410643,163,CDS
57056,19410248,19410413,165,CDS
57057,19409769,19409910,141,CDS
57058,19409612,19409703,91,CDS
57059,19409404,19409549,145,CDS
57060,19403999,19404682,683,CDS
57061,19401106,19401372,266,CDS
57062,19410845,19410875,30,CDS
57063,19410480,19410643,163,CDS
57064,19410248,19410413,165,CDS
57065,19409769,19409910,141,CDS
57066,19409612,19409703,91,CDS
57067,19409404,19409549,145,CDS
57068,19403999,19404682,683,CDS
57069,19401106,19401372,266,CDS
57070,19404750,19404789,39,mRNA
57071,19403999,19404682,683,mRNA
57072,19403061,19403716,655,mRNA
57073,19403535,19403568,33,gene
57074,19403535,19403568,33,ncRNA
57075,19403999,19404499,500,CDS
57076,19403624,19403716,92,CDS
57077,19408686,19408847,161,mobile_element
57078,19417447,19418274,827,gene
57079,19417447,19417550,103,mRNA
57080,19417620,19418274,654,mRNA
57081,19417447,19417550,103,mRNA
57082,19417620,19418217,597,mRNA
57083,19417460,19417550,90,CDS
57084,19417620,19418089,469,CDS
57085,19417460,19417550,90,CDS
57086,19417620,19418089,469,CDS
57087,19418317,19419029,712,gene
57088,19418317,19418408,91,mRNA
57089,19418471,19419029,558,mRNA
57090,19418317,19418408,91,mRNA
57091,19418471,19419016,545,mRNA
57092,19418318,19418408,90,CDS
57093,19418471,19418940,469,CDS
57094,19418318,19418408,90,CDS
57095,19418471,19418940,469,CDS
57096,19419075,19419767,692,gene
57097,19419075,19419175,100,mRNA
57098,19419307,19419767,460,mRNA
57099,19419075,19419175,100,mRNA
57100,19419307,19419753,446,mRNA
57101,19419097,19419175,78,CDS
57102,19419307,19419680,373,CDS
57103,19419097,19419175,78,CDS
57104,19419307,19419680,373,CDS
57105,19424050,19430270,6220,gene
57106,19424050,19424212,162,mRNA
57107,19429402,19430270,868,mRNA
57108,19424050,19429224,5174,gene
57109,19424050,19424212,162,mRNA
57110,19424269,19424809,540,mRNA
57111,19427209,19429224,2015,mRNA
57112,19424050,19424212,162,mRNA
57113,19427209,19429224,2015,mRNA
57114,19426298,19426698,400,mRNA
57115,19429402,19430270,868,mRNA
57116,19426298,19426698,400,mRNA
57117,19427209,19429224,2015,mRNA
57118,19426456,19426894,438,mRNA
57119,19427209,19429224,2015,mRNA
57120,19427087,19427120,33,mRNA
57121,19427209,19429224,2015,mRNA
57122,19427248,19429038,1790,CDS
57123,19427248,19429038,1790,CDS
57124,19427248,19429038,1790,CDS
57125,19427248,19429038,1790,CDS
57126,19427248,19429038,1790,CDS
57127,19429408,19430130,722,CDS
57128,19429408,19430130,722,CDS
57129,19430643,19432444,1801,gene
57130,19430643,19432063,1420,mRNA
57131,19432124,19432444,320,mRNA
57132,19430771,19432063,1292,CDS
57133,19432124,19432351,227,CDS
57134,19432574,19435841,3267,gene
57135,19432574,19433063,489,mRNA
57136,19434667,19434861,194,mRNA
57137,19434923,19435841,918,mRNA
57138,19432872,19433063,191,CDS
57139,19434667,19434861,194,CDS
57140,19434923,19435306,383,CDS
57141,19435850,19442727,6877,gene
57142,19442339,19442727,388,mRNA
57143,19441159,19441276,117,mRNA
57144,19437666,19437845,179,mRNA
57145,19437032,19437126,94,mRNA
57146,19436810,19436963,153,mRNA
57147,19435850,19436633,783,mRNA
57148,19441159,19441283,124,mRNA
57149,19437666,19437845,179,mRNA
57150,19437032,19437126,94,mRNA
57151,19436810,19436963,153,mRNA
57152,19435850,19436633,783,mRNA
57153,19440664,19440907,243,mRNA
57154,19437666,19437845,179,mRNA
57155,19437032,19437126,94,mRNA
57156,19436810,19436963,153,mRNA
57157,19435850,19436633,783,mRNA
57158,19438887,19438966,79,mRNA
57159,19438009,19438133,124,mRNA
57160,19437666,19437845,179,mRNA
57161,19437032,19437126,94,mRNA
57162,19436810,19436963,153,mRNA
57163,19435850,19436633,783,mRNA
57164,19438294,19438966,672,mRNA
57165,19438009,19438133,124,mRNA
57166,19437666,19437845,179,mRNA
57167,19437032,19437126,94,mRNA
57168,19436810,19436963,153,mRNA
57169,19435850,19436633,783,mRNA
57170,19440664,19440721,57,CDS
57171,19437666,19437845,179,CDS
57172,19437032,19437126,94,CDS
57173,19436810,19436963,153,CDS
57174,19436146,19436633,487,CDS
57175,19438009,19438012,3,CDS
57176,19437666,19437845,179,CDS
57177,19437032,19437126,94,CDS
57178,19436810,19436963,153,CDS
57179,19436146,19436633,487,CDS
57180,19438009,19438012,3,CDS
57181,19437666,19437845,179,CDS
57182,19437032,19437126,94,CDS
57183,19436810,19436963,153,CDS
57184,19436146,19436633,487,CDS
57185,19437666,19437834,168,CDS
57186,19437032,19437126,94,CDS
57187,19436810,19436963,153,CDS
57188,19436146,19436633,487,CDS
57189,19437666,19437834,168,CDS
57190,19437032,19437126,94,CDS
57191,19436810,19436963,153,CDS
57192,19436146,19436633,487,CDS
57193,19441959,19447317,5358,gene
57194,19441959,19442255,296,mRNA
57195,19444952,19445285,333,mRNA
57196,19445345,19446026,681,mRNA
57197,19446097,19446598,501,mRNA
57198,19446676,19446852,176,mRNA
57199,19446909,19447317,408,mRNA
57200,19441959,19442255,296,mRNA
57201,19445209,19445285,76,mRNA
57202,19445345,19446026,681,mRNA
57203,19446097,19446598,501,mRNA
57204,19446676,19446852,176,mRNA
57205,19446909,19447317,408,mRNA
57206,19442833,19444750,1917,gene
57207,19444493,19444750,257,mRNA
57208,19444109,19444427,318,mRNA
57209,19443912,19444050,138,mRNA
57210,19443631,19443851,220,mRNA
57211,19442833,19443547,714,mRNA
57212,19444493,19444619,126,CDS
57213,19444109,19444427,318,CDS
57214,19443912,19444050,138,CDS
57215,19443631,19443851,220,CDS
57216,19443304,19443547,243,CDS
57217,19445048,19445285,237,mRNA
57218,19445345,19446026,681,mRNA
57219,19446097,19446598,501,mRNA
57220,19446676,19446852,176,mRNA
57221,19446909,19447317,408,mRNA
57222,19445186,19445285,99,CDS
57223,19445345,19446026,681,CDS
57224,19446097,19446598,501,CDS
57225,19446676,19446852,176,CDS
57226,19446909,19447238,329,CDS
57227,19445186,19445285,99,CDS
57228,19445345,19446026,681,CDS
57229,19446097,19446598,501,CDS
57230,19446676,19446852,176,CDS
57231,19446909,19447238,329,CDS
57232,19445210,19445285,75,CDS
57233,19445345,19446026,681,CDS
57234,19446097,19446598,501,CDS
57235,19446676,19446852,176,CDS
57236,19446909,19447238,329,CDS
57237,19447365,19453490,6125,gene
57238,19453251,19453490,239,mRNA
57239,19452539,19452793,254,mRNA
57240,19451728,19452315,587,mRNA
57241,19451247,19451670,423,mRNA
57242,19448143,19451180,3037,mRNA
57243,19447365,19448061,696,mRNA
57244,19453251,19453490,239,mRNA
57245,19451728,19452315,587,mRNA
57246,19451247,19451670,423,mRNA
57247,19448143,19451180,3037,mRNA
57248,19447418,19448061,643,mRNA
57249,19451728,19452285,557,CDS
57250,19451247,19451670,423,CDS
57251,19448143,19451180,3037,CDS
57252,19447738,19448061,323,CDS
57253,19451728,19452285,557,CDS
57254,19451247,19451670,423,CDS
57255,19448143,19451180,3037,CDS
57256,19447738,19448061,323,CDS
57257,19454256,19457723,3467,gene
57258,19454256,19454563,307,mRNA
57259,19454731,19454980,249,mRNA
57260,19456409,19456568,159,mRNA
57261,19456630,19456724,94,mRNA
57262,19456824,19457168,344,mRNA
57263,19457228,19457406,178,mRNA
57264,19457476,19457723,247,mRNA
57265,19454865,19454980,115,mRNA
57266,19456409,19456568,159,mRNA
57267,19456630,19456724,94,mRNA
57268,19456824,19457168,344,mRNA
57269,19457228,19457406,178,mRNA
57270,19457476,19457723,247,mRNA
57271,19455678,19456183,505,mRNA
57272,19456409,19456568,159,mRNA
57273,19456630,19456724,94,mRNA
57274,19456824,19457168,344,mRNA
57275,19457228,19457406,178,mRNA
57276,19457476,19457723,247,mRNA
57277,19455678,19455857,179,mRNA
57278,19456409,19456568,159,mRNA
57279,19456630,19456724,94,mRNA
57280,19456824,19457168,344,mRNA
57281,19457228,19457406,178,mRNA
57282,19457476,19457723,247,mRNA
57283,19456181,19456183,2,CDS
57284,19456409,19456568,159,CDS
57285,19456630,19456724,94,CDS
57286,19456824,19457168,344,CDS
57287,19457228,19457406,178,CDS
57288,19457476,19457593,117,CDS
57289,19456433,19456568,135,CDS
57290,19456630,19456724,94,CDS
57291,19456824,19457168,344,CDS
57292,19457228,19457406,178,CDS
57293,19457476,19457593,117,CDS
57294,19456433,19456568,135,CDS
57295,19456630,19456724,94,CDS
57296,19456824,19457168,344,CDS
57297,19457228,19457406,178,CDS
57298,19457476,19457593,117,CDS
57299,19456433,19456568,135,CDS
57300,19456630,19456724,94,CDS
57301,19456824,19457168,344,CDS
57302,19457228,19457406,178,CDS
57303,19457476,19457593,117,CDS
57304,19464267,19467758,3491,gene
57305,19464267,19467758,3491,mRNA
57306,19464267,19467758,3491,mRNA
57307,19464756,19466423,1667,CDS
57308,19464756,19466291,1535,CDS
57309,19469126,19469894,768,gene
57310,19469126,19469894,768,ncRNA
57311,19470065,19470724,659,gene
57312,19470065,19470724,659,ncRNA
57313,19470844,19471627,783,gene
57314,19470844,19471627,783,ncRNA
57315,19482232,19484705,2473,gene
57316,19484512,19484705,193,mRNA
57317,19484214,19484458,244,mRNA
57318,19483889,19484146,257,mRNA
57319,19483692,19483773,81,mRNA
57320,19483427,19483634,207,mRNA
57321,19482232,19483362,1130,mRNA
57322,19484512,19484705,193,mRNA
57323,19484214,19484458,244,mRNA
57324,19483889,19484146,257,mRNA
57325,19483692,19483773,81,mRNA
57326,19483427,19483634,207,mRNA
57327,19482877,19483362,485,mRNA
57328,19484512,19484601,89,CDS
57329,19484214,19484458,244,CDS
57330,19483889,19484146,257,CDS
57331,19483692,19483773,81,CDS
57332,19483427,19483634,207,CDS
57333,19483160,19483362,202,CDS
57334,19484512,19484601,89,CDS
57335,19484214,19484458,244,CDS
57336,19483889,19484146,257,CDS
57337,19483692,19483773,81,CDS
57338,19483427,19483634,207,CDS
57339,19483160,19483362,202,CDS
57340,19484930,19486532,1602,gene
57341,19484930,19485897,967,mRNA
57342,19485957,19486532,575,mRNA
57343,19484973,19485897,924,CDS
57344,19485957,19486396,439,CDS
57345,19487490,19488691,1201,gene
57346,19487490,19488377,887,mRNA
57347,19488435,19488691,256,mRNA
57348,19487524,19488377,853,CDS
57349,19488435,19488531,96,CDS
57350,19488682,19490104,1422,gene
57351,19489979,19490104,125,mRNA
57352,19489705,19489919,214,mRNA
57353,19489300,19489642,342,mRNA
57354,19488682,19489212,530,mRNA
57355,19489979,19490071,92,CDS
57356,19489705,19489919,214,CDS
57357,19489300,19489642,342,CDS
57358,19488808,19489212,404,CDS
57359,19490262,19491679,1417,gene
57360,19490262,19490572,310,mRNA
57361,19490634,19491679,1045,mRNA
57362,19490423,19490572,149,mRNA
57363,19490634,19491679,1045,mRNA
57364,19490486,19490572,86,CDS
57365,19490634,19491629,995,CDS
57366,19490486,19490572,86,CDS
57367,19490634,19491629,995,CDS
57368,19491647,19493253,1606,gene
57369,19493167,19493253,86,mRNA
57370,19491647,19492908,1261,mRNA
57371,19491647,19492963,1316,mRNA
57372,19491676,19492893,1217,CDS
57373,19491676,19492893,1217,CDS
57374,19493251,19497978,4727,gene
57375,19493251,19493382,131,mRNA
57376,19493666,19493957,291,mRNA
57377,19494033,19494498,465,mRNA
57378,19494557,19496869,2312,mRNA
57379,19496961,19497089,128,mRNA
57380,19497160,19497978,818,mRNA
57381,19493251,19493382,131,mRNA
57382,19493666,19493957,291,mRNA
57383,19494033,19494498,465,mRNA
57384,19494560,19496869,2309,mRNA
57385,19496961,19497089,128,mRNA
57386,19497160,19497835,675,mRNA
57387,19493568,19493957,389,mRNA
57388,19494033,19494498,465,mRNA
57389,19494560,19496869,2309,mRNA
57390,19496961,19497089,128,mRNA
57391,19497160,19497978,818,mRNA
57392,19493568,19493957,389,mRNA
57393,19494033,19494498,465,mRNA
57394,19494557,19496869,2312,mRNA
57395,19496961,19497089,128,mRNA
57396,19497160,19497835,675,mRNA
57397,19493899,19493957,58,CDS
57398,19494033,19494498,465,CDS
57399,19494557,19496869,2312,CDS
57400,19496961,19497089,128,CDS
57401,19497160,19497384,224,CDS
57402,19493899,19493957,58,CDS
57403,19494033,19494498,465,CDS
57404,19494557,19496869,2312,CDS
57405,19496961,19497089,128,CDS
57406,19497160,19497384,224,CDS
57407,19493899,19493957,58,CDS
57408,19494033,19494498,465,CDS
57409,19494560,19496869,2309,CDS
57410,19496961,19497089,128,CDS
57411,19497160,19497384,224,CDS
57412,19493899,19493957,58,CDS
57413,19494033,19494498,465,CDS
57414,19494560,19496869,2309,CDS
57415,19496961,19497089,128,CDS
57416,19497160,19497384,224,CDS
57417,19498168,19502268,4100,gene
57418,19498168,19498393,225,mRNA
57419,19498460,19499093,633,mRNA
57420,19499146,19499607,461,mRNA
57421,19499666,19502268,2602,mRNA
57422,19498238,19498393,155,CDS
57423,19498460,19499093,633,CDS
57424,19499146,19499607,461,CDS
57425,19499666,19502166,2500,CDS
57426,19502335,19508764,6429,gene
57427,19508352,19508764,412,mRNA
57428,19507490,19508265,775,mRNA
57429,19502335,19506361,4026,mRNA
57430,19508326,19508764,438,mRNA
57431,19507490,19508265,775,mRNA
57432,19502335,19506361,4026,mRNA
57433,19507490,19508764,1274,mRNA
57434,19502335,19506361,4026,mRNA
57435,19507490,19508186,696,CDS
57436,19503099,19506361,3262,CDS
57437,19507490,19508186,696,CDS
57438,19503129,19506361,3232,CDS
57439,19507490,19508186,696,CDS
57440,19503129,19506361,3232,CDS
57441,19506668,19507273,605,mobile_element
57442,19508953,19517204,8251,gene
57443,19517128,19517204,76,mRNA
57444,19516441,19516858,417,mRNA
57445,19515734,19516033,299,mRNA
57446,19515419,19515598,179,mRNA
57447,19515168,19515359,191,mRNA
57448,19514931,19515107,176,mRNA
57449,19514168,19514350,182,mRNA
57450,19513309,19514105,796,mRNA
57451,19513044,19513251,207,mRNA
57452,19511977,19512980,1003,mRNA
57453,19511797,19511904,107,mRNA
57454,19511428,19511738,310,mRNA
57455,19511228,19511373,145,mRNA
57456,19510968,19511082,114,mRNA
57457,19510787,19510905,118,mRNA
57458,19510571,19510730,159,mRNA
57459,19508953,19510137,1184,mRNA
57460,19517128,19517204,76,mRNA
57461,19516441,19516858,417,mRNA
57462,19515734,19516033,299,mRNA
57463,19515419,19515598,179,mRNA
57464,19515168,19515359,191,mRNA
57465,19514931,19515107,176,mRNA
57466,19514168,19514350,182,mRNA
57467,19513309,19514105,796,mRNA
57468,19513044,19513251,207,mRNA
57469,19511977,19512983,1006,mRNA
57470,19511797,19511904,107,mRNA
57471,19511428,19511738,310,mRNA
57472,19511228,19511373,145,mRNA
57473,19510968,19511082,114,mRNA
57474,19510787,19510905,118,mRNA
57475,19510571,19510730,159,mRNA
57476,19508953,19510137,1184,mRNA
57477,19516441,19516681,240,mRNA
57478,19515734,19516033,299,mRNA
57479,19515419,19515598,179,mRNA
57480,19515168,19515359,191,mRNA
57481,19514931,19515107,176,mRNA
57482,19514168,19514350,182,mRNA
57483,19513309,19514105,796,mRNA
57484,19513044,19513251,207,mRNA
57485,19511977,19512983,1006,mRNA
57486,19511797,19511904,107,mRNA
57487,19511428,19511738,310,mRNA
57488,19511228,19511373,145,mRNA
57489,19510968,19511082,114,mRNA
57490,19510787,19510905,118,mRNA
57491,19510571,19510730,159,mRNA
57492,19508953,19510137,1184,mRNA
57493,19516441,19516492,51,CDS
57494,19515734,19516033,299,CDS
57495,19515419,19515598,179,CDS
57496,19515168,19515359,191,CDS
57497,19514931,19515107,176,CDS
57498,19514168,19514350,182,CDS
57499,19513309,19514105,796,CDS
57500,19513044,19513251,207,CDS
57501,19511977,19512980,1003,CDS
57502,19511797,19511904,107,CDS
57503,19511428,19511738,310,CDS
57504,19511228,19511373,145,CDS
57505,19510968,19511082,114,CDS
57506,19510787,19510905,118,CDS
57507,19510571,19510730,159,CDS
57508,19509159,19510137,978,CDS
57509,19516441,19516492,51,CDS
57510,19515734,19516033,299,CDS
57511,19515419,19515598,179,CDS
57512,19515168,19515359,191,CDS
57513,19514931,19515107,176,CDS
57514,19514168,19514350,182,CDS
57515,19513309,19514105,796,CDS
57516,19513044,19513251,207,CDS
57517,19511977,19512983,1006,CDS
57518,19511797,19511904,107,CDS
57519,19511428,19511738,310,CDS
57520,19511228,19511373,145,CDS
57521,19510968,19511082,114,CDS
57522,19510787,19510905,118,CDS
57523,19510571,19510730,159,CDS
57524,19509159,19510137,978,CDS
57525,19516441,19516492,51,CDS
57526,19515734,19516033,299,CDS
57527,19515419,19515598,179,CDS
57528,19515168,19515359,191,CDS
57529,19514931,19515107,176,CDS
57530,19514168,19514350,182,CDS
57531,19513309,19514105,796,CDS
57532,19513044,19513251,207,CDS
57533,19511977,19512983,1006,CDS
57534,19511797,19511904,107,CDS
57535,19511428,19511738,310,CDS
57536,19511228,19511373,145,CDS
57537,19510968,19511082,114,CDS
57538,19510787,19510905,118,CDS
57539,19510571,19510730,159,CDS
57540,19509159,19510137,978,CDS
57541,19517128,19517204,76,mRNA
57542,19516441,19516858,417,mRNA
57543,19515734,19516033,299,mRNA
57544,19515419,19515598,179,mRNA
57545,19515168,19515359,191,mRNA
57546,19514931,19515107,176,mRNA
57547,19514168,19514350,182,mRNA
57548,19513309,19514105,796,mRNA
57549,19513044,19513251,207,mRNA
57550,19511977,19512980,1003,mRNA
57551,19511797,19511904,107,mRNA
57552,19511428,19511738,310,mRNA
57553,19511228,19511373,145,mRNA
57554,19510968,19511082,114,mRNA
57555,19510787,19510905,118,mRNA
57556,19510117,19510730,613,mRNA
57557,19516441,19516492,51,CDS
57558,19515734,19516033,299,CDS
57559,19515419,19515598,179,CDS
57560,19515168,19515359,191,CDS
57561,19514931,19515107,176,CDS
57562,19514168,19514350,182,CDS
57563,19513309,19514105,796,CDS
57564,19513044,19513251,207,CDS
57565,19511977,19512980,1003,CDS
57566,19511797,19511904,107,CDS
57567,19511428,19511738,310,CDS
57568,19511228,19511373,145,CDS
57569,19510968,19511082,114,CDS
57570,19510787,19510905,118,CDS
57571,19510552,19510730,178,CDS
57572,19516441,19516681,240,mRNA
57573,19515734,19516033,299,mRNA
57574,19515419,19515598,179,mRNA
57575,19515168,19515359,191,mRNA
57576,19514931,19515107,176,mRNA
57577,19514510,19514859,349,mRNA
57578,19516441,19516492,51,CDS
57579,19515734,19516033,299,CDS
57580,19515419,19515598,179,CDS
57581,19515168,19515359,191,CDS
57582,19514931,19515107,176,CDS
57583,19514816,19514859,43,CDS
57584,19517992,19518632,640,gene
57585,19518362,19518632,270,ncRNA
57586,19518264,19518293,29,ncRNA
57587,19517992,19518201,209,ncRNA
57588,19518824,19525453,6629,gene
57589,19518824,19519159,335,mRNA
57590,19520534,19520655,121,mRNA
57591,19520713,19520915,202,mRNA
57592,19521067,19522333,1266,mRNA
57593,19522399,19522504,105,mRNA
57594,19522562,19523376,814,mRNA
57595,19523437,19524175,738,mRNA
57596,19524240,19524430,190,mRNA
57597,19524491,19524966,475,mRNA
57598,19525024,19525453,429,mRNA
57599,19518939,19519159,220,mRNA
57600,19520534,19520655,121,mRNA
57601,19520713,19520915,202,mRNA
57602,19521067,19522333,1266,mRNA
57603,19522399,19522504,105,mRNA
57604,19522562,19523376,814,mRNA
57605,19523437,19524175,738,mRNA
57606,19524240,19524430,190,mRNA
57607,19524491,19524966,475,mRNA
57608,19525024,19525453,429,mRNA
57609,19520585,19520655,70,CDS
57610,19520713,19520915,202,CDS
57611,19521067,19522333,1266,CDS
57612,19522399,19522504,105,CDS
57613,19522562,19523376,814,CDS
57614,19523437,19524175,738,CDS
57615,19524240,19524430,190,CDS
57616,19524491,19524966,475,CDS
57617,19525024,19525241,217,CDS
57618,19520585,19520655,70,CDS
57619,19520713,19520915,202,CDS
57620,19521067,19522333,1266,CDS
57621,19522399,19522504,105,CDS
57622,19522562,19523376,814,CDS
57623,19523437,19524175,738,CDS
57624,19524240,19524430,190,CDS
57625,19524491,19524966,475,CDS
57626,19525024,19525241,217,CDS
57627,19525434,19526368,934,gene
57628,19526221,19526368,147,mRNA
57629,19525953,19526163,210,mRNA
57630,19525434,19525884,450,mRNA
57631,19526221,19526324,103,CDS
57632,19525953,19526163,210,CDS
57633,19525474,19525884,410,CDS
57634,19526686,19532985,6299,gene
57635,19526686,19526811,125,mRNA
57636,19528778,19528945,167,mRNA
57637,19529094,19530189,1095,mRNA
57638,19530914,19531028,114,mRNA
57639,19531095,19532110,1015,mRNA
57640,19532167,19532312,145,mRNA
57641,19532366,19532467,101,mRNA
57642,19532528,19532985,457,mRNA
57643,19526772,19526811,39,CDS
57644,19528778,19528945,167,CDS
57645,19529094,19530189,1095,CDS
57646,19530914,19531028,114,CDS
57647,19531095,19532110,1015,CDS
57648,19532167,19532312,145,CDS
57649,19532366,19532467,101,CDS
57650,19532528,19532670,142,CDS
57651,19526910,19530305,3395,gene
57652,19530269,19530305,36,mRNA
57653,19528088,19528369,281,mRNA
57654,19527761,19527953,192,mRNA
57655,19526910,19527705,795,mRNA
57656,19530090,19530305,215,mRNA
57657,19528088,19528369,281,mRNA
57658,19527761,19527953,192,mRNA
57659,19527281,19527705,424,mRNA
57660,19530090,19530305,215,mRNA
57661,19528771,19528996,225,mRNA
57662,19528088,19528369,281,mRNA
57663,19527761,19527953,192,mRNA
57664,19527281,19527705,424,mRNA
57665,19529992,19530305,313,mRNA
57666,19528771,19528996,225,mRNA
57667,19528088,19528369,281,mRNA
57668,19527761,19527953,192,mRNA
57669,19527281,19527705,424,mRNA
57670,19528088,19528323,235,mRNA
57671,19527761,19527953,192,mRNA
57672,19527281,19527705,424,mRNA
57673,19528088,19528252,164,CDS
57674,19527761,19527953,192,CDS
57675,19527377,19527705,328,CDS
57676,19528088,19528252,164,CDS
57677,19527761,19527953,192,CDS
57678,19527377,19527705,328,CDS
57679,19528088,19528252,164,CDS
57680,19527761,19527953,192,CDS
57681,19527377,19527705,328,CDS
57682,19528088,19528252,164,CDS
57683,19527761,19527953,192,CDS
57684,19527377,19527705,328,CDS
57685,19528088,19528252,164,CDS
57686,19527761,19527953,192,CDS
57687,19527377,19527705,328,CDS
57688,19533479,19537363,3884,gene
57689,19533479,19533886,407,mRNA
57690,19534150,19534218,68,mRNA
57691,19534303,19534925,622,mRNA
57692,19534979,19535159,180,mRNA
57693,19536133,19537363,1230,mRNA
57694,19533809,19533886,77,CDS
57695,19534150,19534218,68,CDS
57696,19534303,19534925,622,CDS
57697,19534979,19535159,180,CDS
57698,19536133,19536465,332,CDS
57699,19535448,19536104,656,gene
57700,19535448,19536104,656,mRNA
57701,19535554,19535997,443,CDS
57702,19537965,19538223,258,gene
57703,19537965,19538223,258,ncRNA
57704,19538425,19539740,1315,gene
57705,19538425,19539740,1315,mRNA
57706,19538496,19539629,1133,CDS
57707,19540607,19541540,933,gene
57708,19540607,19540993,386,mRNA
57709,19541049,19541226,177,mRNA
57710,19541289,19541540,251,mRNA
57711,19540607,19540993,386,mRNA
57712,19541049,19541226,177,mRNA
57713,19541289,19541426,137,mRNA
57714,19540693,19540993,300,CDS
57715,19541049,19541226,177,CDS
57716,19541289,19541343,54,CDS
57717,19540693,19540993,300,CDS
57718,19541049,19541226,177,CDS
57719,19541289,19541343,54,CDS
57720,19542468,19545548,3080,gene
57721,19542468,19542988,520,mRNA
57722,19543620,19545101,1481,mRNA
57723,19545157,19545548,391,mRNA
57724,19542468,19542988,520,mRNA
57725,19543620,19545101,1481,mRNA
57726,19545157,19545458,301,mRNA
57727,19542817,19542988,171,CDS
57728,19543620,19545101,1481,CDS
57729,19545157,19545302,145,CDS
57730,19542817,19542988,171,CDS
57731,19543620,19545101,1481,CDS
57732,19545157,19545302,145,CDS
57733,19545376,19546959,1583,gene
57734,19546647,19546959,312,mRNA
57735,19546203,19546425,222,mRNA
57736,19545376,19546136,760,mRNA
57737,19546647,19546811,164,CDS
57738,19546203,19546425,222,CDS
57739,19545805,19546136,331,CDS
57740,19548507,19556451,7944,gene
57741,19548507,19548695,188,mRNA
57742,19549859,19549928,69,mRNA
57743,19551682,19552413,731,mRNA
57744,19552473,19552899,426,mRNA
57745,19552956,19553293,337,mRNA
57746,19553362,19553915,553,mRNA
57747,19553970,19556092,2122,mRNA
57748,19556162,19556451,289,mRNA
57749,19548507,19548695,188,mRNA
57750,19549859,19549928,69,mRNA
57751,19551682,19552413,731,mRNA
57752,19552473,19552899,426,mRNA
57753,19552956,19553293,337,mRNA
57754,19553362,19553915,553,mRNA
57755,19553976,19556092,2116,mRNA
57756,19556162,19556451,289,mRNA
57757,19549693,19549928,235,mRNA
57758,19551682,19552413,731,mRNA
57759,19552473,19552899,426,mRNA
57760,19552956,19553293,337,mRNA
57761,19553362,19553915,553,mRNA
57762,19553970,19556092,2122,mRNA
57763,19556162,19556451,289,mRNA
57764,19549693,19549928,235,mRNA
57765,19551682,19552413,731,mRNA
57766,19552473,19552899,426,mRNA
57767,19552956,19553293,337,mRNA
57768,19553362,19553915,553,mRNA
57769,19553976,19556092,2116,mRNA
57770,19556162,19556451,289,mRNA
57771,19549846,19549928,82,CDS
57772,19551682,19552413,731,CDS
57773,19552473,19552899,426,CDS
57774,19552956,19553293,337,CDS
57775,19553362,19553915,553,CDS
57776,19553970,19556092,2122,CDS
57777,19556162,19556401,239,CDS
57778,19549846,19549928,82,CDS
57779,19551682,19552413,731,CDS
57780,19552473,19552899,426,CDS
57781,19552956,19553293,337,CDS
57782,19553362,19553915,553,CDS
57783,19553976,19556092,2116,CDS
57784,19556162,19556401,239,CDS
57785,19549906,19549928,22,CDS
57786,19551682,19552413,731,CDS
57787,19552473,19552899,426,CDS
57788,19552956,19553293,337,CDS
57789,19553362,19553915,553,CDS
57790,19553970,19556092,2122,CDS
57791,19556162,19556401,239,CDS
57792,19549906,19549928,22,CDS
57793,19551682,19552413,731,CDS
57794,19552473,19552899,426,CDS
57795,19552956,19553293,337,CDS
57796,19553362,19553915,553,CDS
57797,19553976,19556092,2116,CDS
57798,19556162,19556401,239,CDS
57799,19558047,19563049,5002,gene
57800,19558047,19558191,144,mRNA
57801,19559092,19559517,425,mRNA
57802,19559680,19560271,591,mRNA
57803,19560366,19560826,460,mRNA
57804,19560885,19562059,1174,mRNA
57805,19562134,19562532,398,mRNA
57806,19562632,19562805,173,mRNA
57807,19562867,19563049,182,mRNA
57808,19558065,19558191,126,CDS
57809,19559092,19559517,425,CDS
57810,19559680,19560271,591,CDS
57811,19560366,19560826,460,CDS
57812,19560885,19562059,1174,CDS
57813,19562134,19562532,398,CDS
57814,19562632,19562805,173,CDS
57815,19562867,19563049,182,CDS
57816,19563930,19565158,1228,gene
57817,19563930,19564008,78,mRNA
57818,19564328,19565158,830,mRNA
57819,19564338,19565006,668,CDS
57820,19565863,19567359,1496,gene
57821,19565863,19566441,578,mRNA
57822,19566508,19566700,192,mRNA
57823,19566986,19567359,373,mRNA
57824,19566136,19566441,305,CDS
57825,19566508,19566700,192,CDS
57826,19566986,19567296,310,CDS
57827,19566160,19566441,281,mRNA
57828,19566508,19566700,192,mRNA
57829,19566986,19567359,373,mRNA
57830,19566265,19566441,176,CDS
57831,19566508,19566700,192,CDS
57832,19566986,19567296,310,CDS
57833,19567900,19577315,9415,gene
57834,19577186,19577315,129,mRNA
57835,19567900,19569226,1326,mRNA
57836,19577186,19577315,129,mRNA
57837,19571572,19571767,195,mRNA
57838,19567900,19569226,1326,mRNA
57839,19575535,19575587,52,mRNA
57840,19571572,19571767,195,mRNA
57841,19567900,19569226,1326,mRNA
57842,19572500,19572610,110,mRNA
57843,19567900,19569226,1326,mRNA
57844,19572500,19572610,110,mRNA
57845,19571572,19571767,195,mRNA
57846,19567900,19569226,1326,mRNA
57847,19568293,19568997,704,CDS
57848,19568293,19568997,704,CDS
57849,19568293,19568997,704,CDS
57850,19568293,19568997,704,CDS
57851,19568293,19568997,704,CDS
57852,19569490,19569561,71,gene
57853,19569490,19569561,71,precursor_RNA
57854,19569496,19569518,22,ncRNA
57855,19569534,19569554,20,ncRNA
57856,19569897,19569972,75,gene
57857,19569897,19569972,75,precursor_RNA
57858,19569902,19569924,22,ncRNA
57859,19569945,19569966,21,ncRNA
57860,19570182,19570264,82,gene
57861,19570182,19570264,82,precursor_RNA
57862,19570189,19570211,22,ncRNA
57863,19570234,19570256,22,ncRNA
57864,19577701,19579131,1430,gene
57865,19577701,19577974,273,mRNA
57866,19578040,19579131,1091,mRNA
57867,19577798,19577974,176,CDS
57868,19578040,19579008,968,CDS
57869,19579093,19580351,1258,gene
57870,19580057,19580351,294,mRNA
57871,19579093,19579953,860,mRNA
57872,19580057,19580130,73,CDS
57873,19579458,19579953,495,CDS
57874,19580612,19582474,1862,gene
57875,19582007,19582474,467,mRNA
57876,19581356,19581876,520,mRNA
57877,19580612,19581285,673,mRNA
57878,19582007,19582474,467,mRNA
57879,19580612,19581876,1264,mRNA
57880,19582007,19582474,467,mRNA
57881,19581356,19581903,547,mRNA
57882,19580612,19581285,673,mRNA
57883,19582007,19582474,467,mRNA
57884,19580612,19581903,1291,mRNA
57885,19582007,19582370,363,CDS
57886,19581356,19581876,520,CDS
57887,19580776,19581285,509,CDS
57888,19582007,19582370,363,CDS
57889,19581356,19581903,547,CDS
57890,19580776,19581285,509,CDS
57891,19582007,19582370,363,CDS
57892,19581332,19581876,544,CDS
57893,19582007,19582370,363,CDS
57894,19581332,19581903,571,CDS
57895,19582823,19583990,1167,gene
57896,19583820,19583990,170,mRNA
57897,19582823,19583685,862,mRNA
57898,19583820,19583927,107,CDS
57899,19583026,19583685,659,CDS
57900,19584235,19586440,2205,gene
57901,19584235,19584552,317,mRNA
57902,19584630,19585915,1285,mRNA
57903,19585983,19586440,457,mRNA
57904,19584346,19584552,206,CDS
57905,19584630,19585915,1285,CDS
57906,19585983,19586226,243,CDS
57907,19586623,19732069,145446,gene
57908,19586623,19587086,463,mRNA
57909,19600858,19600931,73,mRNA
57910,19611304,19611626,322,mRNA
57911,19643331,19643372,41,mRNA
57912,19644268,19644399,131,mRNA
57913,19644474,19644635,161,mRNA
57914,19691018,19691197,179,mRNA
57915,19701224,19701460,236,mRNA
57916,19701522,19701668,146,mRNA
57917,19701750,19702025,275,mRNA
57918,19714889,19714989,100,mRNA
57919,19715761,19715953,192,mRNA
57920,19717059,19717209,150,mRNA
57921,19717318,19717454,136,mRNA
57922,19725895,19726034,139,mRNA
57923,19726131,19729472,3341,mRNA
57924,19729539,19729649,110,mRNA
57925,19729720,19730025,305,mRNA
57926,19730094,19732069,1975,mRNA
57927,19587226,19587527,301,mRNA
57928,19600858,19600931,73,mRNA
57929,19611304,19611626,322,mRNA
57930,19644268,19644399,131,mRNA
57931,19644474,19644635,161,mRNA
57932,19691018,19691197,179,mRNA
57933,19701224,19701460,236,mRNA
57934,19701522,19701668,146,mRNA
57935,19701750,19702025,275,mRNA
57936,19714889,19714989,100,mRNA
57937,19715761,19715953,192,mRNA
57938,19717059,19717209,150,mRNA
57939,19717318,19717454,136,mRNA
57940,19725895,19726034,139,mRNA
57941,19726131,19729472,3341,mRNA
57942,19729539,19729649,110,mRNA
57943,19729720,19730025,305,mRNA
57944,19730094,19731561,1467,mRNA
57945,19600697,19605490,4793,gene
57946,19604846,19605490,644,ncRNA
57947,19603813,19603913,100,ncRNA
57948,19600697,19600764,67,ncRNA
57949,19604846,19605490,644,ncRNA
57950,19603813,19603913,100,ncRNA
57951,19602452,19602608,156,ncRNA
57952,19600697,19600764,67,ncRNA
57953,19606569,19607081,512,mRNA
57954,19643331,19643376,45,mRNA
57955,19644268,19644399,131,mRNA
57956,19644474,19644635,161,mRNA
57957,19691018,19691197,179,mRNA
57958,19701224,19701460,236,mRNA
57959,19701522,19701668,146,mRNA
57960,19701750,19702034,284,mRNA
57961,19714889,19714989,100,mRNA
57962,19715761,19715953,192,mRNA
57963,19717059,19717209,150,mRNA
57964,19717318,19717454,136,mRNA
57965,19719703,19719999,296,mRNA
57966,19725895,19726034,139,mRNA
57967,19726131,19729472,3341,mRNA
57968,19729539,19729649,110,mRNA
57969,19729720,19730025,305,mRNA
57970,19730094,19732069,1975,mRNA
57971,19606569,19731561,124992,gene
57972,19606569,19607081,512,mRNA
57973,19610610,19611626,1016,mRNA
57974,19644268,19644399,131,mRNA
57975,19644474,19644635,161,mRNA
57976,19691018,19691197,179,mRNA
57977,19701224,19701460,236,mRNA
57978,19701522,19701668,146,mRNA
57979,19701750,19702025,275,mRNA
57980,19702327,19702350,23,mRNA
57981,19714889,19714989,100,mRNA
57982,19715761,19715953,192,mRNA
57983,19717059,19717209,150,mRNA
57984,19717318,19717454,136,mRNA
57985,19725895,19726034,139,mRNA
57986,19726131,19729472,3341,mRNA
57987,19729539,19729649,110,mRNA
57988,19729720,19730025,305,mRNA
57989,19730094,19731561,1467,mRNA
57990,19606569,19607081,512,mRNA
57991,19610610,19611626,1016,mRNA
57992,19644268,19644399,131,mRNA
57993,19644474,19644635,161,mRNA
57994,19691018,19691197,179,mRNA
57995,19701224,19701460,236,mRNA
57996,19701522,19701668,146,mRNA
57997,19701750,19702025,275,mRNA
57998,19702327,19702350,23,mRNA
57999,19714889,19714989,100,mRNA
58000,19715761,19715953,192,mRNA
58001,19717059,19717209,150,mRNA
58002,19717318,19717454,136,mRNA
58003,19725895,19726034,139,mRNA
58004,19726131,19729472,3341,mRNA
58005,19729539,19729649,110,mRNA
58006,19729720,19730025,305,mRNA
58007,19730094,19731561,1467,mRNA
58008,19606569,19607081,512,mRNA
58009,19610610,19610799,189,mRNA
58010,19611304,19611626,322,mRNA
58011,19644268,19644399,131,mRNA
58012,19644474,19644635,161,mRNA
58013,19691018,19691197,179,mRNA
58014,19701224,19701460,236,mRNA
58015,19701522,19701668,146,mRNA
58016,19701750,19702025,275,mRNA
58017,19702327,19702350,23,mRNA
58018,19714889,19714989,100,mRNA
58019,19715761,19715953,192,mRNA
58020,19717059,19717209,150,mRNA
58021,19717318,19717454,136,mRNA
58022,19719709,19719999,290,mRNA
58023,19725895,19726034,139,mRNA
58024,19726131,19729472,3341,mRNA
58025,19729539,19729649,110,mRNA
58026,19729720,19730025,305,mRNA
58027,19730094,19731561,1467,mRNA
58028,19611042,19611122,80,CDS
58029,19611410,19611626,216,mRNA
58030,19643331,19643376,45,mRNA
58031,19644268,19644399,131,mRNA
58032,19644474,19644635,161,mRNA
58033,19691018,19691197,179,mRNA
58034,19701224,19701460,236,mRNA
58035,19701522,19701668,146,mRNA
58036,19701750,19702034,284,mRNA
58037,19714889,19714989,100,mRNA
58038,19715761,19715953,192,mRNA
58039,19717059,19717209,150,mRNA
58040,19717318,19717454,136,mRNA
58041,19725895,19726034,139,mRNA
58042,19726131,19729472,3341,mRNA
58043,19729539,19729649,110,mRNA
58044,19729720,19730025,305,mRNA
58045,19730094,19731561,1467,mRNA
58046,19611410,19611626,216,mRNA
58047,19644268,19644399,131,mRNA
58048,19644474,19644635,161,mRNA
58049,19691018,19691197,179,mRNA
58050,19701224,19701460,236,mRNA
58051,19701522,19701668,146,mRNA
58052,19701750,19702034,284,mRNA
58053,19714889,19714989,100,mRNA
58054,19715761,19715953,192,mRNA
58055,19717059,19717209,150,mRNA
58056,19717318,19717454,136,mRNA
58057,19719703,19719999,296,mRNA
58058,19725895,19726034,139,mRNA
58059,19726131,19729472,3341,mRNA
58060,19729539,19729649,110,mRNA
58061,19729720,19730025,305,mRNA
58062,19730094,19731561,1467,mRNA
58063,19611527,19611626,99,CDS
58064,19643331,19643372,41,CDS
58065,19644268,19644399,131,CDS
58066,19644474,19644635,161,CDS
58067,19691018,19691197,179,CDS
58068,19701224,19701460,236,CDS
58069,19701522,19701668,146,CDS
58070,19701750,19702025,275,CDS
58071,19714889,19714989,100,CDS
58072,19715761,19715953,192,CDS
58073,19717059,19717209,150,CDS
58074,19717318,19717454,136,CDS
58075,19725895,19726034,139,CDS
58076,19726131,19729472,3341,CDS
58077,19729539,19729649,110,CDS
58078,19729720,19730025,305,CDS
58079,19730094,19730162,68,CDS
58080,19611527,19611626,99,CDS
58081,19644268,19644399,131,CDS
58082,19644474,19644635,161,CDS
58083,19691018,19691197,179,CDS
58084,19701224,19701460,236,CDS
58085,19701522,19701668,146,CDS
58086,19701750,19702034,284,CDS
58087,19714889,19714989,100,CDS
58088,19715761,19715953,192,CDS
58089,19717059,19717209,150,CDS
58090,19717318,19717454,136,CDS
58091,19719703,19719999,296,CDS
58092,19725895,19726034,139,CDS
58093,19726131,19729472,3341,CDS
58094,19729539,19729649,110,CDS
58095,19729720,19730025,305,CDS
58096,19730094,19730162,68,CDS
58097,19611527,19611626,99,CDS
58098,19644268,19644399,131,CDS
58099,19644474,19644635,161,CDS
58100,19691018,19691197,179,CDS
58101,19701224,19701460,236,CDS
58102,19701522,19701668,146,CDS
58103,19701750,19702025,275,CDS
58104,19702327,19702350,23,CDS
58105,19714889,19714989,100,CDS
58106,19715761,19715953,192,CDS
58107,19717059,19717209,150,CDS
58108,19717318,19717454,136,CDS
58109,19719709,19719999,290,CDS
58110,19725895,19726034,139,CDS
58111,19726131,19729472,3341,CDS
58112,19729539,19729649,110,CDS
58113,19729720,19730025,305,CDS
58114,19730094,19730162,68,CDS
58115,19611527,19611626,99,CDS
58116,19644268,19644399,131,CDS
58117,19644474,19644635,161,CDS
58118,19691018,19691197,179,CDS
58119,19701224,19701460,236,CDS
58120,19701522,19701668,146,CDS
58121,19701750,19702025,275,CDS
58122,19702327,19702350,23,CDS
58123,19714889,19714989,100,CDS
58124,19715761,19715953,192,CDS
58125,19717059,19717209,150,CDS
58126,19717318,19717454,136,CDS
58127,19725895,19726034,139,CDS
58128,19726131,19729472,3341,CDS
58129,19729539,19729649,110,CDS
58130,19729720,19730025,305,CDS
58131,19730094,19730162,68,CDS
58132,19611527,19611626,99,CDS
58133,19644268,19644399,131,CDS
58134,19644474,19644635,161,CDS
58135,19691018,19691197,179,CDS
58136,19701224,19701460,236,CDS
58137,19701522,19701668,146,CDS
58138,19701750,19702025,275,CDS
58139,19714889,19714989,100,CDS
58140,19715761,19715953,192,CDS
58141,19717059,19717209,150,CDS
58142,19717318,19717454,136,CDS
58143,19725895,19726034,139,CDS
58144,19726131,19729472,3341,CDS
58145,19729539,19729649,110,CDS
58146,19729720,19730025,305,CDS
58147,19730094,19730162,68,CDS
58148,19620154,19621069,915,mobile_element
58149,19642330,19642601,271,gene
58150,19642330,19642601,271,ncRNA
58151,19643331,19643376,45,CDS
58152,19644268,19644399,131,CDS
58153,19644474,19644635,161,CDS
58154,19691018,19691197,179,CDS
58155,19701224,19701460,236,CDS
58156,19701522,19701668,146,CDS
58157,19701750,19702034,284,CDS
58158,19714889,19714989,100,CDS
58159,19715761,19715953,192,CDS
58160,19717059,19717209,150,CDS
58161,19717318,19717454,136,CDS
58162,19719703,19719999,296,CDS
58163,19725895,19726034,139,CDS
58164,19726131,19729472,3341,CDS
58165,19729539,19729649,110,CDS
58166,19729720,19730025,305,CDS
58167,19730094,19730162,68,CDS
58168,19643331,19643376,45,CDS
58169,19644268,19644399,131,CDS
58170,19644474,19644635,161,CDS
58171,19691018,19691197,179,CDS
58172,19701224,19701460,236,CDS
58173,19701522,19701668,146,CDS
58174,19701750,19702034,284,CDS
58175,19714889,19714989,100,CDS
58176,19715761,19715953,192,CDS
58177,19717059,19717209,150,CDS
58178,19717318,19717454,136,CDS
58179,19725895,19726034,139,CDS
58180,19726131,19729472,3341,CDS
58181,19729539,19729649,110,CDS
58182,19729720,19730025,305,CDS
58183,19730094,19730162,68,CDS
58184,19652628,19674003,21375,mobile_element
58185,19657680,19665283,7603,mobile_element
58186,19668468,19673190,4722,mobile_element
58187,19688080,19688131,51,mobile_element
58188,19699379,19700968,1589,gene
58189,19699379,19700968,1589,mRNA
58190,19699627,19700968,1341,mRNA
58191,19699720,19700922,1202,CDS
58192,19699720,19700922,1202,CDS
58193,19703592,19712669,9077,mobile_element
58194,19732080,19735980,3900,gene
58195,19735767,19735980,213,mRNA
58196,19735512,19735633,121,mRNA
58197,19735000,19735221,221,mRNA
58198,19734470,19734941,471,mRNA
58199,19733639,19734409,770,mRNA
58200,19733163,19733590,427,mRNA
58201,19732745,19733069,324,mRNA
58202,19732080,19732676,596,mRNA
58203,19735767,19735980,213,mRNA
58204,19735512,19735633,121,mRNA
58205,19735000,19735221,221,mRNA
58206,19734470,19734941,471,mRNA
58207,19733639,19734412,773,mRNA
58208,19733163,19733590,427,mRNA
58209,19732745,19733069,324,mRNA
58210,19732080,19732670,590,mRNA
58211,19735767,19735980,213,mRNA
58212,19735512,19735633,121,mRNA
58213,19735000,19735221,221,mRNA
58214,19734470,19734941,471,mRNA
58215,19733639,19734412,773,mRNA
58216,19733163,19733590,427,mRNA
58217,19732745,19733069,324,mRNA
58218,19732080,19732676,596,mRNA
58219,19735512,19735980,468,mRNA
58220,19735000,19735221,221,mRNA
58221,19734470,19734941,471,mRNA
58222,19733639,19734412,773,mRNA
58223,19733163,19733590,427,mRNA
58224,19732745,19733069,324,mRNA
58225,19732080,19732676,596,mRNA
58226,19735512,19735720,208,mRNA
58227,19735000,19735221,221,mRNA
58228,19734470,19734941,471,mRNA
58229,19733639,19734409,770,mRNA
58230,19733163,19733590,427,mRNA
58231,19732745,19733069,324,mRNA
58232,19732080,19732676,596,mRNA
58233,19735512,19735720,208,mRNA
58234,19735000,19735221,221,mRNA
58235,19734470,19734941,471,mRNA
58236,19733639,19734412,773,mRNA
58237,19733163,19733590,427,mRNA
58238,19732745,19733069,324,mRNA
58239,19732080,19732676,596,mRNA
58240,19735767,19735836,69,CDS
58241,19735512,19735633,121,CDS
58242,19735000,19735221,221,CDS
58243,19734470,19734941,471,CDS
58244,19733639,19734409,770,CDS
58245,19733163,19733590,427,CDS
58246,19732745,19733069,324,CDS
58247,19732651,19732676,25,CDS
58248,19735767,19735836,69,CDS
58249,19735512,19735633,121,CDS
58250,19735000,19735221,221,CDS
58251,19734470,19734941,471,CDS
58252,19733639,19734412,773,CDS
58253,19733163,19733590,427,CDS
58254,19732745,19733069,324,CDS
58255,19732651,19732670,19,CDS
58256,19735767,19735836,69,CDS
58257,19735512,19735633,121,CDS
58258,19735000,19735221,221,CDS
58259,19734470,19734941,471,CDS
58260,19733639,19734412,773,CDS
58261,19733163,19733590,427,CDS
58262,19732745,19733069,324,CDS
58263,19732651,19732676,25,CDS
58264,19735512,19735595,83,CDS
58265,19735000,19735221,221,CDS
58266,19734470,19734941,471,CDS
58267,19733639,19734409,770,CDS
58268,19733163,19733590,427,CDS
58269,19732745,19733069,324,CDS
58270,19732651,19732676,25,CDS
58271,19735512,19735595,83,CDS
58272,19735000,19735221,221,CDS
58273,19734470,19734941,471,CDS
58274,19733639,19734412,773,CDS
58275,19733163,19733590,427,CDS
58276,19732745,19733069,324,CDS
58277,19732651,19732676,25,CDS
58278,19735512,19735595,83,CDS
58279,19735000,19735221,221,CDS
58280,19734470,19734941,471,CDS
58281,19733639,19734412,773,CDS
58282,19733163,19733590,427,CDS
58283,19732745,19733069,324,CDS
58284,19732651,19732676,25,CDS
58285,19736044,19737088,1044,gene
58286,19736044,19736208,164,mRNA
58287,19736273,19736580,307,mRNA
58288,19736634,19737088,454,mRNA
58289,19736044,19736208,164,mRNA
58290,19736273,19736580,307,mRNA
58291,19736634,19736956,322,mRNA
58292,19736136,19736208,72,CDS
58293,19736273,19736580,307,CDS
58294,19736634,19736723,89,CDS
58295,19736136,19736208,72,CDS
58296,19736273,19736580,307,CDS
58297,19736634,19736723,89,CDS
58298,19737411,19740819,3408,mobile_element
58299,19740839,19742506,1667,gene
58300,19740839,19742506,1667,exon
58301,19742817,19756904,14087,gene
58302,19755869,19756904,1035,mRNA
58303,19754135,19754280,145,mRNA
58304,19753747,19754076,329,mRNA
58305,19753429,19753687,258,mRNA
58306,19752273,19753355,1082,mRNA
58307,19749719,19752213,2494,mRNA
58308,19743703,19749658,5955,mRNA
58309,19742817,19743644,827,mRNA
58310,19755869,19756520,651,CDS
58311,19754135,19754280,145,CDS
58312,19753747,19754076,329,CDS
58313,19753429,19753687,258,CDS
58314,19752273,19753355,1082,CDS
58315,19749719,19752213,2494,CDS
58316,19743703,19749658,5955,CDS
58317,19743220,19743644,424,CDS
58318,19757245,19758615,1370,gene
58319,19758532,19758615,83,mRNA
58320,19757950,19758472,522,mRNA
58321,19757245,19757891,646,mRNA
58322,19758532,19758573,41,CDS
58323,19757950,19758472,522,CDS
58324,19757305,19757891,586,CDS
58325,19758879,19760986,2107,gene
58326,19758879,19758943,64,mRNA
58327,19759002,19759152,150,mRNA
58328,19759204,19759504,300,mRNA
58329,19759583,19760986,1403,mRNA
58330,19758912,19758943,31,CDS
58331,19759002,19759152,150,CDS
58332,19759204,19759504,300,CDS
58333,19759583,19760913,1330,CDS
58334,19761587,19764136,2549,gene
58335,19764070,19764136,66,mRNA
58336,19762488,19762814,326,mRNA
58337,19761587,19762305,718,mRNA
58338,19764070,19764136,66,mRNA
58339,19762488,19762831,343,mRNA
58340,19761587,19762305,718,mRNA
58341,19764070,19764136,66,mRNA
58342,19763426,19763497,71,mRNA
58343,19762488,19762814,326,mRNA
58344,19761587,19762305,718,mRNA
58345,19764070,19764136,66,mRNA
58346,19763426,19763497,71,mRNA
58347,19762488,19762831,343,mRNA
58348,19761587,19762305,718,mRNA
58349,19763426,19763447,21,CDS
58350,19762488,19762831,343,CDS
58351,19761640,19762305,665,CDS
58352,19762488,19762826,338,CDS
58353,19761640,19762305,665,CDS
58354,19762488,19762790,302,CDS
58355,19761640,19762305,665,CDS
58356,19762488,19762790,302,CDS
58357,19761640,19762305,665,CDS
58358,19762862,19763048,186,mobile_element
58359,19765776,19769067,3291,gene
58360,19768487,19769067,580,mRNA
58361,19767740,19768014,274,mRNA
58362,19767048,19767350,302,mRNA
58363,19765776,19766628,852,mRNA
58364,19768487,19769067,580,mRNA
58365,19767740,19768014,274,mRNA
58366,19767048,19767350,302,mRNA
58367,19766285,19766628,343,mRNA
58368,19768487,19768929,442,CDS
58369,19767740,19768014,274,CDS
58370,19767048,19767350,302,CDS
58371,19766360,19766628,268,CDS
58372,19768487,19768929,442,CDS
58373,19767740,19768014,274,CDS
58374,19767048,19767350,302,CDS
58375,19766360,19766628,268,CDS
58376,19774157,19774205,48,mobile_element
58377,19774528,19774633,105,mobile_element
58378,19774874,19791882,17008,gene
58379,19791764,19791882,118,mRNA
58380,19791270,19791341,71,mRNA
58381,19782421,19782825,404,mRNA
58382,19781092,19782365,1273,mRNA
58383,19779400,19781025,1625,mRNA
58384,19779018,19779333,315,mRNA
58385,19777082,19778946,1864,mRNA
58386,19774874,19777020,2146,mRNA
58387,19791764,19791882,118,mRNA
58388,19782421,19782825,404,mRNA
58389,19781092,19782365,1273,mRNA
58390,19779400,19781025,1625,mRNA
58391,19779018,19779333,315,mRNA
58392,19777082,19778946,1864,mRNA
58393,19775104,19777020,1916,mRNA
58394,19791764,19791882,118,mRNA
58395,19782421,19782825,404,mRNA
58396,19781092,19782365,1273,mRNA
58397,19779400,19781025,1625,mRNA
58398,19779018,19779330,312,mRNA
58399,19777082,19778946,1864,mRNA
58400,19776257,19777014,757,mRNA
58401,19791764,19791882,118,mRNA
58402,19782421,19782825,404,mRNA
58403,19781092,19782365,1273,mRNA
58404,19779400,19781025,1625,mRNA
58405,19779018,19779330,312,mRNA
58406,19777082,19778946,1864,mRNA
58407,19776257,19777020,763,mRNA
58408,19782421,19782792,371,CDS
58409,19781092,19782365,1273,CDS
58410,19779400,19781025,1625,CDS
58411,19779018,19779330,312,CDS
58412,19777082,19778946,1864,CDS
58413,19776942,19777014,72,CDS
58414,19782421,19782792,371,CDS
58415,19781092,19782365,1273,CDS
58416,19779400,19781025,1625,CDS
58417,19779018,19779330,312,CDS
58418,19777082,19778946,1864,CDS
58419,19776942,19777020,78,CDS
58420,19782421,19782792,371,CDS
58421,19781092,19782365,1273,CDS
58422,19779400,19781025,1625,CDS
58423,19779018,19779333,315,CDS
58424,19777082,19778946,1864,CDS
58425,19776942,19777020,78,CDS
58426,19782421,19782792,371,CDS
58427,19781092,19782365,1273,CDS
58428,19779400,19781025,1625,CDS
58429,19779018,19779333,315,CDS
58430,19777082,19778946,1864,CDS
58431,19776942,19777020,78,CDS
58432,19792104,19792782,678,gene
58433,19792104,19792451,347,mRNA
58434,19792510,19792782,272,mRNA
58435,19792187,19792451,264,mRNA
58436,19792510,19792782,272,mRNA
58437,19792227,19792451,224,CDS
58438,19792510,19792749,239,CDS
58439,19792227,19792451,224,CDS
58440,19792510,19792749,239,CDS
58441,19792773,19795851,3078,gene
58442,19795540,19795851,311,mRNA
58443,19794583,19795043,460,mRNA
58444,19793224,19793402,178,mRNA
58445,19792773,19793158,385,mRNA
58446,19795540,19795746,206,CDS
58447,19794583,19795043,460,CDS
58448,19793224,19793402,178,CDS
58449,19792902,19793158,256,CDS
58450,19795540,19795851,311,mRNA
58451,19793486,19795043,1557,mRNA
58452,19795540,19795851,311,mRNA
58453,19794583,19795043,460,mRNA
58454,19793611,19794308,697,mRNA
58455,19795540,19795746,206,CDS
58456,19794583,19795043,460,CDS
58457,19794266,19794308,42,CDS
58458,19795540,19795746,206,CDS
58459,19794525,19795043,518,CDS
58460,19796365,19958424,162059,gene
58461,19796365,19796823,458,mRNA
58462,19807345,19807585,240,mRNA
58463,19857670,19857840,170,mRNA
58464,19886944,19887320,376,mRNA
58465,19907762,19907892,130,mRNA
58466,19908759,19908867,108,mRNA
58467,19908939,19910432,1493,mRNA
58468,19925383,19925942,559,mRNA
58469,19926007,19926151,144,mRNA
58470,19926210,19926512,302,mRNA
58471,19928623,19928996,373,mRNA
58472,19929203,19929354,151,mRNA
58473,19954553,19956399,1846,mRNA
58474,19956471,19956726,255,mRNA
58475,19956792,19957271,479,mRNA
58476,19957333,19958424,1091,mRNA
58477,19807526,19807585,59,CDS
58478,19857670,19857840,170,CDS
58479,19886944,19887320,376,CDS
58480,19907762,19907892,130,CDS
58481,19908759,19908867,108,CDS
58482,19908939,19910432,1493,CDS
58483,19925383,19925942,559,CDS
58484,19926007,19926151,144,CDS
58485,19926210,19926512,302,CDS
58486,19928623,19928996,373,CDS
58487,19929203,19929354,151,CDS
58488,19954553,19956399,1846,CDS
58489,19956471,19956726,255,CDS
58490,19956792,19957271,479,CDS
58491,19957333,19957452,119,CDS
58492,19810734,19810875,141,gene
58493,19810734,19810875,141,ncRNA
58494,19811948,19812074,126,gene
58495,19811948,19812074,126,ncRNA
58496,19812646,19812836,190,gene
58497,19812646,19812836,190,ncRNA
58498,19813239,19813515,276,mobile_element
58499,19813704,19814532,828,gene
58500,19814474,19814532,58,mRNA
58501,19813704,19814413,709,mRNA
58502,19814474,19814532,58,mRNA
58503,19813822,19814413,591,mRNA
58504,19813859,19814317,458,CDS
58505,19813859,19814317,458,CDS
58506,19815614,19815805,191,gene
58507,19815614,19815805,191,ncRNA
58508,19816414,19816540,126,gene
58509,19816414,19816540,126,ncRNA
58510,19816785,19816819,34,mobile_element
58511,19817900,19818611,711,mobile_element
58512,19826474,19828878,2404,mRNA
58513,19845377,19845543,166,mRNA
58514,19857670,19857840,170,mRNA
58515,19886944,19887320,376,mRNA
58516,19907762,19907892,130,mRNA
58517,19908759,19908867,108,mRNA
58518,19908939,19910432,1493,mRNA
58519,19925383,19925942,559,mRNA
58520,19926007,19926151,144,mRNA
58521,19926210,19926512,302,mRNA
58522,19928623,19928996,373,mRNA
58523,19929203,19929354,151,mRNA
58524,19954553,19956399,1846,mRNA
58525,19956471,19956726,255,mRNA
58526,19956792,19957271,479,mRNA
58527,19957333,19958424,1091,mRNA
58528,19826474,19828878,2404,mRNA
58529,19857670,19857840,170,mRNA
58530,19886944,19887320,376,mRNA
58531,19907762,19907892,130,mRNA
58532,19908759,19908867,108,mRNA
58533,19908939,19910432,1493,mRNA
58534,19925383,19925942,559,mRNA
58535,19926007,19926151,144,mRNA
58536,19926210,19926512,302,mRNA
58537,19928623,19928996,373,mRNA
58538,19929203,19929354,151,mRNA
58539,19954553,19956399,1846,mRNA
58540,19956471,19956726,255,mRNA
58541,19956792,19957271,479,mRNA
58542,19957333,19958424,1091,mRNA
58543,19827160,19828878,1718,mRNA
58544,19857670,19857840,170,mRNA
58545,19886944,19887320,376,mRNA
58546,19907762,19907892,130,mRNA
58547,19908759,19908867,108,mRNA
58548,19908939,19910432,1493,mRNA
58549,19925383,19925942,559,mRNA
58550,19926007,19926151,144,mRNA
58551,19926210,19926512,302,mRNA
58552,19928623,19928996,373,mRNA
58553,19929203,19929354,151,mRNA
58554,19954553,19956399,1846,mRNA
58555,19956471,19956726,255,mRNA
58556,19956792,19957271,479,mRNA
58557,19957333,19958424,1091,mRNA
58558,19827274,19828878,1604,CDS
58559,19857670,19857840,170,CDS
58560,19886944,19887320,376,CDS
58561,19907762,19907892,130,CDS
58562,19908759,19908867,108,CDS
58563,19908939,19910432,1493,CDS
58564,19925383,19925942,559,CDS
58565,19926007,19926151,144,CDS
58566,19926210,19926512,302,CDS
58567,19928623,19928996,373,CDS
58568,19929203,19929354,151,CDS
58569,19954553,19956399,1846,CDS
58570,19956471,19956726,255,CDS
58571,19956792,19957271,479,CDS
58572,19957333,19957452,119,CDS
58573,19827274,19828878,1604,CDS
58574,19857670,19857840,170,CDS
58575,19886944,19887320,376,CDS
58576,19907762,19907892,130,CDS
58577,19908759,19908867,108,CDS
58578,19908939,19910432,1493,CDS
58579,19925383,19925942,559,CDS
58580,19926007,19926151,144,CDS
58581,19926210,19926512,302,CDS
58582,19928623,19928996,373,CDS
58583,19929203,19929354,151,CDS
58584,19954553,19956399,1846,CDS
58585,19956471,19956726,255,CDS
58586,19956792,19957271,479,CDS
58587,19957333,19957452,119,CDS
58588,19845532,19845543,11,CDS
58589,19857670,19857840,170,CDS
58590,19886944,19887320,376,CDS
58591,19907762,19907892,130,CDS
58592,19908759,19908867,108,CDS
58593,19908939,19910432,1493,CDS
58594,19925383,19925942,559,CDS
58595,19926007,19926151,144,CDS
58596,19926210,19926512,302,CDS
58597,19928623,19928996,373,CDS
58598,19929203,19929354,151,CDS
58599,19954553,19956399,1846,CDS
58600,19956471,19956726,255,CDS
58601,19956792,19957271,479,CDS
58602,19957333,19957452,119,CDS
58603,19849989,19850398,409,mRNA
58604,19856064,19856258,194,mRNA
58605,19857670,19857840,170,mRNA
58606,19886944,19887320,376,mRNA
58607,19907762,19907892,130,mRNA
58608,19908759,19908867,108,mRNA
58609,19908939,19910432,1493,mRNA
58610,19925383,19925942,559,mRNA
58611,19926007,19926151,144,mRNA
58612,19926210,19926512,302,mRNA
58613,19926621,19926647,26,mRNA
58614,19928623,19928996,373,mRNA
58615,19929203,19929354,151,mRNA
58616,19954553,19956399,1846,mRNA
58617,19956471,19956726,255,mRNA
58618,19956792,19957271,479,mRNA
58619,19957333,19958424,1091,mRNA
58620,19849989,19850398,409,mRNA
58621,19856064,19856258,194,mRNA
58622,19857670,19857840,170,mRNA
58623,19886944,19887320,376,mRNA
58624,19907762,19907892,130,mRNA
58625,19908759,19908867,108,mRNA
58626,19908939,19910432,1493,mRNA
58627,19925383,19925942,559,mRNA
58628,19926007,19926151,144,mRNA
58629,19926210,19926512,302,mRNA
58630,19928623,19928996,373,mRNA
58631,19929203,19929354,151,mRNA
58632,19954553,19956399,1846,mRNA
58633,19956471,19956726,255,mRNA
58634,19956792,19957271,479,mRNA
58635,19957333,19958424,1091,mRNA
58636,19856184,19856258,74,CDS
58637,19857670,19857840,170,CDS
58638,19886944,19887320,376,CDS
58639,19907762,19907892,130,CDS
58640,19908759,19908867,108,CDS
58641,19908939,19910432,1493,CDS
58642,19925383,19925942,559,CDS
58643,19926007,19926151,144,CDS
58644,19926210,19926512,302,CDS
58645,19926621,19926647,26,CDS
58646,19928623,19928996,373,CDS
58647,19929203,19929354,151,CDS
58648,19954553,19956399,1846,CDS
58649,19956471,19956726,255,CDS
58650,19956792,19957271,479,CDS
58651,19957333,19957452,119,CDS
58652,19856184,19856258,74,CDS
58653,19857670,19857840,170,CDS
58654,19886944,19887320,376,CDS
58655,19907762,19907892,130,CDS
58656,19908759,19908867,108,CDS
58657,19908939,19910432,1493,CDS
58658,19925383,19925942,559,CDS
58659,19926007,19926151,144,CDS
58660,19926210,19926512,302,CDS
58661,19928623,19928996,373,CDS
58662,19929203,19929354,151,CDS
58663,19954553,19956399,1846,CDS
58664,19956471,19956726,255,CDS
58665,19956792,19957271,479,CDS
58666,19957333,19957452,119,CDS
58667,19866181,19866509,328,mRNA
58668,19886944,19887320,376,mRNA
58669,19907762,19907892,130,mRNA
58670,19908759,19908867,108,mRNA
58671,19908939,19910432,1493,mRNA
58672,19925383,19925942,559,mRNA
58673,19926007,19926151,144,mRNA
58674,19926210,19926512,302,mRNA
58675,19928623,19928996,373,mRNA
58676,19929203,19929354,151,mRNA
58677,19954553,19956399,1846,mRNA
58678,19956471,19956726,255,mRNA
58679,19956792,19957271,479,mRNA
58680,19957333,19958424,1091,mRNA
58681,19887310,19887320,10,CDS
58682,19907762,19907892,130,CDS
58683,19908759,19908867,108,CDS
58684,19908939,19910432,1493,CDS
58685,19925383,19925942,559,CDS
58686,19926007,19926151,144,CDS
58687,19926210,19926512,302,CDS
58688,19928623,19928996,373,CDS
58689,19929203,19929354,151,CDS
58690,19954553,19956399,1846,CDS
58691,19956471,19956726,255,CDS
58692,19956792,19957271,479,CDS
58693,19957333,19957452,119,CDS
58694,19890201,19892550,2349,gene
58695,19892461,19892550,89,mRNA
58696,19892052,19892398,346,mRNA
58697,19891618,19891952,334,mRNA
58698,19890849,19891556,707,mRNA
58699,19890622,19890788,166,mRNA
58700,19890201,19890561,360,mRNA
58701,19892461,19892529,68,CDS
58702,19892052,19892398,346,CDS
58703,19891618,19891952,334,CDS
58704,19890849,19891556,707,CDS
58705,19890622,19890788,166,CDS
58706,19890247,19890561,314,CDS
58707,19896045,19896323,278,mRNA
58708,19901966,19902187,221,mRNA
58709,19907762,19907892,130,mRNA
58710,19908759,19908867,108,mRNA
58711,19908939,19910432,1493,mRNA
58712,19925383,19925942,559,mRNA
58713,19926007,19926151,144,mRNA
58714,19926210,19926512,302,mRNA
58715,19928623,19928996,373,mRNA
58716,19929203,19929354,151,mRNA
58717,19954553,19956399,1846,mRNA
58718,19956471,19956726,255,mRNA
58719,19956792,19957271,479,mRNA
58720,19957333,19958424,1091,mRNA
58721,19896045,19896207,162,mRNA
58722,19901966,19902187,221,mRNA
58723,19907762,19907892,130,mRNA
58724,19908759,19908867,108,mRNA
58725,19908939,19910432,1493,mRNA
58726,19925383,19925942,559,mRNA
58727,19926007,19926151,144,mRNA
58728,19926210,19926512,302,mRNA
58729,19928623,19928996,373,mRNA
58730,19929203,19929354,151,mRNA
58731,19954553,19956399,1846,mRNA
58732,19956471,19956726,255,mRNA
58733,19956792,19957271,479,mRNA
58734,19957333,19958424,1091,mRNA
58735,19902102,19902187,85,CDS
58736,19907762,19907892,130,CDS
58737,19908759,19908867,108,CDS
58738,19908939,19910432,1493,CDS
58739,19925383,19925942,559,CDS
58740,19926007,19926151,144,CDS
58741,19926210,19926512,302,CDS
58742,19928623,19928996,373,CDS
58743,19929203,19929354,151,CDS
58744,19954553,19956399,1846,CDS
58745,19956471,19956726,255,CDS
58746,19956792,19957271,479,CDS
58747,19957333,19957452,119,CDS
58748,19902102,19902187,85,CDS
58749,19907762,19907892,130,CDS
58750,19908759,19908867,108,CDS
58751,19908939,19910432,1493,CDS
58752,19925383,19925942,559,CDS
58753,19926007,19926151,144,CDS
58754,19926210,19926512,302,CDS
58755,19928623,19928996,373,CDS
58756,19929203,19929354,151,CDS
58757,19954553,19956399,1846,CDS
58758,19956471,19956726,255,CDS
58759,19956792,19957271,479,CDS
58760,19957333,19957452,119,CDS
58761,19910648,19911811,1163,gene
58762,19911704,19911811,107,ncRNA
58763,19910648,19911637,989,ncRNA
58764,19910648,19911811,1163,ncRNA
58765,19911815,19912377,562,gene
58766,19912310,19912377,67,mRNA
58767,19911815,19912252,437,mRNA
58768,19912310,19912332,22,CDS
58769,19911898,19912252,354,CDS
58770,19912938,19913516,578,gene
58771,19913449,19913516,67,mRNA
58772,19912938,19913391,453,mRNA
58773,19913449,19913516,67,CDS
58774,19913055,19913391,336,CDS
58775,19918161,19918585,424,mRNA
58776,19925383,19925942,559,mRNA
58777,19926007,19926151,144,mRNA
58778,19926210,19926512,302,mRNA
58779,19926621,19926647,26,mRNA
58780,19928623,19928996,373,mRNA
58781,19929203,19929354,151,mRNA
58782,19954553,19956399,1846,mRNA
58783,19956471,19956726,255,mRNA
58784,19956792,19957271,479,mRNA
58785,19957333,19958424,1091,mRNA
58786,19919845,19921926,2081,gene
58787,19919845,19921926,2081,ncRNA
58788,19922964,19923574,610,gene
58789,19922964,19923217,253,ncRNA
58790,19923283,19923574,291,ncRNA
58791,19922964,19923217,253,ncRNA
58792,19923286,19923574,288,ncRNA
58793,19922964,19923089,125,ncRNA
58794,19923286,19923574,288,ncRNA
58795,19925537,19925942,405,CDS
58796,19926007,19926151,144,CDS
58797,19926210,19926512,302,CDS
58798,19926621,19926647,26,CDS
58799,19928623,19928996,373,CDS
58800,19929203,19929354,151,CDS
58801,19954553,19956399,1846,CDS
58802,19956471,19956726,255,CDS
58803,19956792,19957271,479,CDS
58804,19957333,19957452,119,CDS
58805,19933636,19934317,681,gene
58806,19933636,19934317,681,ncRNA
58807,19935253,19935527,274,mRNA
58808,19945169,19946702,1533,mRNA
58809,19954553,19956399,1846,mRNA
58810,19956471,19956726,255,mRNA
58811,19956792,19957271,479,mRNA
58812,19957333,19958424,1091,mRNA
58813,19935253,19935527,274,mRNA
58814,19945270,19946702,1432,mRNA
58815,19954553,19956399,1846,mRNA
58816,19956471,19956726,255,mRNA
58817,19956792,19957271,479,mRNA
58818,19957333,19958424,1091,mRNA
58819,19945365,19946702,1337,CDS
58820,19954553,19956399,1846,CDS
58821,19956471,19956726,255,CDS
58822,19956792,19957271,479,CDS
58823,19957333,19957452,119,CDS
58824,19945365,19946702,1337,CDS
58825,19954553,19956399,1846,CDS
58826,19956471,19956726,255,CDS
58827,19956792,19957271,479,CDS
58828,19957333,19957452,119,CDS
58829,19958713,19960065,1352,gene
58830,19958713,19958768,55,mRNA
58831,19959267,19959691,424,mRNA
58832,19959751,19960065,314,mRNA
58833,19958713,19958764,51,mRNA
58834,19959267,19959691,424,mRNA
58835,19959751,19960004,253,mRNA
58836,19958832,19958909,77,mRNA
58837,19959267,19959691,424,mRNA
58838,19959751,19960065,314,mRNA
58839,19958832,19959691,859,mRNA
58840,19959751,19960004,253,mRNA
58841,19959280,19959691,411,CDS
58842,19959751,19959887,136,CDS
58843,19959280,19959691,411,CDS
58844,19959751,19959887,136,CDS
58845,19959280,19959691,411,CDS
58846,19959751,19959887,136,CDS
58847,19959280,19959691,411,CDS
58848,19959751,19959887,136,CDS
58849,19960069,19961030,961,gene
58850,19960854,19961030,176,mRNA
58851,19960659,19960781,122,mRNA
58852,19960405,19960590,185,mRNA
58853,19960069,19960350,281,mRNA
58854,19960854,19961030,176,mRNA
58855,19960659,19960781,122,mRNA
58856,19960405,19960593,188,mRNA
58857,19960069,19960350,281,mRNA
58858,19960854,19961026,172,CDS
58859,19960659,19960781,122,CDS
58860,19960405,19960590,185,CDS
58861,19960164,19960350,186,CDS
58862,19960854,19961026,172,CDS
58863,19960659,19960781,122,CDS
58864,19960405,19960593,188,CDS
58865,19960164,19960350,186,CDS
58866,19961224,19961685,461,gene
58867,19961639,19961685,46,mRNA
58868,19961224,19961579,355,mRNA
58869,19961639,19961662,23,CDS
58870,19961439,19961579,140,CDS
58871,19961758,19962352,594,gene
58872,19962275,19962352,77,mRNA
58873,19961758,19962214,456,mRNA
58874,19962275,19962298,23,CDS
58875,19961837,19962214,377,CDS
58876,19962679,19963844,1165,gene
58877,19962679,19962754,75,mRNA
58878,19962826,19963844,1018,mRNA
58879,19962679,19962754,75,mRNA
58880,19962826,19963779,953,mRNA
58881,19962725,19962754,29,CDS
58882,19962826,19963731,905,CDS
58883,19962725,19962754,29,CDS
58884,19962826,19963731,905,CDS
58885,19964045,19964347,302,gene
58886,19964045,19964347,302,ncRNA
58887,19964136,19965702,1566,gene
58888,19964136,19964281,145,mRNA
58889,19964339,19964365,26,mRNA
58890,19964426,19964581,155,mRNA
58891,19964644,19964775,131,mRNA
58892,19964840,19965010,170,mRNA
58893,19965063,19965702,639,mRNA
58894,19964173,19964281,108,mRNA
58895,19964339,19964365,26,mRNA
58896,19964426,19964581,155,mRNA
58897,19964644,19964775,131,mRNA
58898,19964840,19965010,170,mRNA
58899,19965063,19965493,430,mRNA
58900,19964231,19964281,50,CDS
58901,19964339,19964365,26,CDS
58902,19964426,19964581,155,CDS
58903,19964644,19964775,131,CDS
58904,19964840,19965010,170,CDS
58905,19965063,19965281,218,CDS
58906,19964231,19964281,50,CDS
58907,19964339,19964365,26,CDS
58908,19964426,19964581,155,CDS
58909,19964644,19964775,131,CDS
58910,19964840,19965010,170,CDS
58911,19965063,19965281,218,CDS
58912,19965664,19966510,846,gene
58913,19966420,19966510,90,mRNA
58914,19965664,19966360,696,mRNA
58915,19966420,19966476,56,CDS
58916,19965818,19966360,542,CDS
58917,19966727,19967685,958,gene
58918,19967574,19967685,111,mRNA
58919,19966727,19967510,783,mRNA
58920,19967574,19967654,80,CDS
58921,19966947,19967510,563,CDS
58922,19968684,20017282,48598,gene
58923,20016820,20017282,462,mRNA
58924,19999337,19999373,36,mRNA
58925,19982567,19982612,45,mRNA
58926,19971406,19971990,584,mRNA
58927,19970520,19971317,797,mRNA
58928,19968684,19970240,1556,mRNA
58929,20016820,20017282,462,mRNA
58930,19999337,19999373,36,mRNA
58931,19982567,19982612,45,mRNA
58932,19971406,19971990,584,mRNA
58933,19970520,19971317,797,mRNA
58934,19969484,19970240,756,mRNA
58935,20016820,20017282,462,mRNA
58936,19999337,19999373,36,mRNA
58937,19982567,19982612,45,mRNA
58938,19971406,19971990,584,mRNA
58939,19970520,19971317,797,mRNA
58940,19969484,19970240,756,mRNA
58941,20016820,20017282,462,mRNA
58942,19999337,19999373,36,mRNA
58943,19982567,19982612,45,mRNA
58944,19971406,19971990,584,mRNA
58945,19970520,19971317,797,mRNA
58946,19969484,19970461,977,mRNA
58947,19971406,19971816,410,CDS
58948,19970520,19971317,797,CDS
58949,19969743,19970240,497,CDS
58950,19971406,19971816,410,CDS
58951,19970520,19971317,797,CDS
58952,19970037,19970240,203,CDS
58953,19971406,19971816,410,CDS
58954,19970520,19971317,797,CDS
58955,19970037,19970240,203,CDS
58956,19971406,19971816,410,CDS
58957,19970520,19971317,797,CDS
58958,19970402,19970461,59,CDS
58959,19978829,19979723,894,gene
58960,19978829,19979723,894,ncRNA
58961,19978829,19979043,214,ncRNA
58962,19979106,19979723,617,ncRNA
58963,20000122,20000448,326,gene
58964,20000122,20000448,326,ncRNA
58965,20005927,20010945,5018,mobile_element
58966,20024561,20024744,183,mobile_element
58967,20024975,20025811,836,gene
58968,20024975,20025811,836,mRNA
58969,20025113,20025781,668,CDS
58970,20025417,20025460,43,mobile_element
58971,20025903,20026367,464,mobile_element
58972,20027915,20056373,28458,gene
58973,20027915,20028329,414,mRNA
58974,20054077,20054221,144,mRNA
58975,20054279,20054736,457,mRNA
58976,20054879,20055109,230,mRNA
58977,20055176,20056373,1197,mRNA
58978,20034420,20034461,41,mobile_element
58979,20045075,20045391,316,mobile_element
58980,20054113,20054221,108,CDS
58981,20054279,20054736,457,CDS
58982,20054879,20055109,230,CDS
58983,20055176,20055223,47,CDS
58984,20058163,20061370,3207,gene
58985,20061186,20061370,184,mRNA
58986,20060412,20061016,604,mRNA
58987,20058802,20060352,1550,mRNA
58988,20058163,20058729,566,mRNA
58989,20060829,20060977,148,mRNA
58990,20060412,20060724,312,mRNA
58991,20058802,20060352,1550,mRNA
58992,20058163,20058729,566,mRNA
58993,20060412,20060977,565,mRNA
58994,20058802,20060352,1550,mRNA
58995,20058163,20058729,566,mRNA
58996,20060412,20060723,311,CDS
58997,20058802,20060352,1550,CDS
58998,20058385,20058729,344,CDS
58999,20060412,20060723,311,CDS
59000,20058802,20060352,1550,CDS
59001,20058385,20058729,344,CDS
59002,20060412,20060723,311,CDS
59003,20058802,20060352,1550,CDS
59004,20058385,20058729,344,CDS
59005,20061422,20064381,2959,gene
59006,20061422,20061720,298,mRNA
59007,20061782,20062063,281,mRNA
59008,20062148,20062305,157,mRNA
59009,20062545,20062653,108,mRNA
59010,20062734,20063171,437,mRNA
59011,20063378,20063612,234,mRNA
59012,20063672,20064381,709,mRNA
59013,20061497,20061720,223,mRNA
59014,20061782,20062012,230,mRNA
59015,20062148,20062305,157,mRNA
59016,20062545,20062653,108,mRNA
59017,20062734,20063171,437,mRNA
59018,20063378,20063612,234,mRNA
59019,20063672,20064381,709,mRNA
59020,20061497,20062012,515,mRNA
59021,20062148,20062305,157,mRNA
59022,20062545,20062653,108,mRNA
59023,20062734,20063318,584,mRNA
59024,20063378,20063612,234,mRNA
59025,20063672,20064378,706,mRNA
59026,20061497,20062012,515,mRNA
59027,20062148,20062305,157,mRNA
59028,20062545,20062653,108,mRNA
59029,20062734,20063171,437,mRNA
59030,20063378,20063612,234,mRNA
59031,20063672,20064378,706,mRNA
59032,20061877,20062063,186,CDS
59033,20062148,20062305,157,CDS
59034,20062545,20062653,108,CDS
59035,20062734,20063171,437,CDS
59036,20063378,20063612,234,CDS
59037,20063672,20063975,303,CDS
59038,20061877,20062012,135,CDS
59039,20062148,20062305,157,CDS
59040,20062545,20062653,108,CDS
59041,20062734,20063171,437,CDS
59042,20063378,20063612,234,CDS
59043,20063672,20063975,303,CDS
59044,20061877,20062012,135,CDS
59045,20062148,20062305,157,CDS
59046,20062545,20062653,108,CDS
59047,20062734,20063171,437,CDS
59048,20063378,20063612,234,CDS
59049,20063672,20063975,303,CDS
59050,20061877,20062012,135,CDS
59051,20062148,20062305,157,CDS
59052,20062545,20062653,108,CDS
59053,20062734,20063185,451,CDS
59054,20064261,20065679,1418,gene
59055,20065059,20065679,620,mRNA
59056,20064625,20065001,376,mRNA
59057,20064261,20064572,311,mRNA
59058,20065059,20065598,539,CDS
59059,20064625,20065001,376,CDS
59060,20064386,20064572,186,CDS
59061,20066391,20073719,7328,gene
59062,20066391,20066898,507,mRNA
59063,20069048,20069304,256,mRNA
59064,20069377,20069514,137,mRNA
59065,20072354,20073719,1365,mRNA
59066,20066391,20066898,507,mRNA
59067,20069048,20069304,256,mRNA
59068,20069377,20069514,137,mRNA
59069,20072354,20072646,292,mRNA
59070,20073378,20073719,341,mRNA
59071,20066761,20066898,137,CDS
59072,20069048,20069304,256,CDS
59073,20069377,20069514,137,CDS
59074,20072354,20072646,292,CDS
59075,20073378,20073454,76,CDS
59076,20066761,20066898,137,CDS
59077,20069048,20069304,256,CDS
59078,20069377,20069514,137,CDS
59079,20072354,20072672,318,CDS
59080,20068697,20068737,40,mobile_element
59081,20068793,20069318,525,gene
59082,20068793,20069318,525,ncRNA
59083,20070081,20072195,2114,gene
59084,20071824,20072195,371,mRNA
59085,20070081,20071708,1627,mRNA
59086,20071824,20072188,364,CDS
59087,20070139,20071708,1569,CDS
59088,20073719,20075458,1739,gene
59089,20075384,20075458,74,mRNA
59090,20074958,20075319,361,mRNA
59091,20074771,20074850,79,mRNA
59092,20074191,20074336,145,mRNA
59093,20073719,20074128,409,mRNA
59094,20074958,20075025,67,CDS
59095,20074771,20074850,79,CDS
59096,20074191,20074336,145,CDS
59097,20073916,20074128,212,CDS
59098,20075757,20089698,13941,gene
59099,20075757,20077296,1539,mRNA
59100,20087647,20089698,2051,mRNA
59101,20075857,20077296,1439,CDS
59102,20087647,20089572,1925,CDS
59103,20079270,20085070,5800,gene
59104,20084578,20085070,492,mRNA
59105,20079270,20079472,202,mRNA
59106,20080006,20080196,190,mRNA
59107,20079270,20079472,202,mRNA
59108,20084578,20084734,156,CDS
59109,20079318,20079472,154,CDS
59110,20080006,20080060,54,CDS
59111,20079318,20079472,154,CDS
59112,20084578,20085070,492,mRNA
59113,20081606,20083015,1409,mRNA
59114,20084578,20085070,492,mRNA
59115,20082304,20083015,711,mRNA
59116,20084578,20084734,156,CDS
59117,20082783,20083015,232,CDS
59118,20084578,20084734,156,CDS
59119,20082783,20083015,232,CDS
59120,20089636,20091348,1712,gene
59121,20091244,20091348,104,mRNA
59122,20090998,20091188,190,mRNA
59123,20089636,20090939,1303,mRNA
59124,20090998,20091222,224,mRNA
59125,20089636,20090939,1303,mRNA
59126,20090998,20091073,75,CDS
59127,20090029,20090939,910,CDS
59128,20090998,20091073,75,CDS
59129,20090029,20090939,910,CDS
59130,20091435,20093152,1717,gene
59131,20091435,20091505,70,mRNA
59132,20091652,20093152,1500,mRNA
59133,20091612,20093152,1540,mRNA
59134,20091693,20093111,1418,CDS
59135,20091693,20093111,1418,CDS
59136,20093088,20093849,761,gene
59137,20093724,20093849,125,mRNA
59138,20093318,20093660,342,mRNA
59139,20093088,20093246,158,mRNA
59140,20093724,20093768,44,CDS
59141,20093318,20093660,342,CDS
59142,20093224,20093246,22,CDS
59143,20093972,20096253,2281,gene
59144,20093972,20094353,381,mRNA
59145,20094439,20095939,1500,mRNA
59146,20096003,20096253,250,mRNA
59147,20094095,20094353,258,mRNA
59148,20094439,20095939,1500,mRNA
59149,20096003,20096253,250,mRNA
59150,20094209,20094353,144,CDS
59151,20094439,20095939,1500,CDS
59152,20096003,20096165,162,CDS
59153,20094209,20094353,144,CDS
59154,20094439,20095939,1500,CDS
59155,20096003,20096165,162,CDS
59156,20096329,20097253,924,gene
59157,20096866,20097253,387,mRNA
59158,20096329,20096803,474,mRNA
59159,20096866,20097253,387,mRNA
59160,20096431,20096803,372,mRNA
59161,20096866,20097149,283,CDS
59162,20096473,20096803,330,CDS
59163,20096866,20097149,283,CDS
59164,20096473,20096803,330,CDS
59165,20097581,20103375,5794,gene
59166,20097581,20097682,101,mRNA
59167,20100944,20101187,243,mRNA
59168,20101631,20101842,211,mRNA
59169,20101912,20102130,218,mRNA
59170,20102195,20102364,169,mRNA
59171,20102426,20103375,949,mRNA
59172,20097856,20098234,378,mRNA
59173,20099071,20099281,210,mRNA
59174,20100944,20101187,243,mRNA
59175,20101631,20101842,211,mRNA
59176,20101912,20102130,218,mRNA
59177,20102195,20102364,169,mRNA
59178,20102426,20102849,423,mRNA
59179,20097856,20098234,378,mRNA
59180,20100944,20101187,243,mRNA
59181,20101631,20101842,211,mRNA
59182,20101912,20102130,218,mRNA
59183,20102195,20102364,169,mRNA
59184,20102426,20102849,423,mRNA
59185,20097858,20097940,82,mRNA
59186,20100944,20101187,243,mRNA
59187,20101631,20101842,211,mRNA
59188,20101912,20102130,218,mRNA
59189,20102195,20102364,169,mRNA
59190,20102426,20103375,949,mRNA
59191,20099516,20099570,54,mobile_element
59192,20100947,20101187,240,CDS
59193,20101631,20101842,211,CDS
59194,20101912,20102130,218,CDS
59195,20102195,20102364,169,CDS
59196,20102426,20102516,90,CDS
59197,20100947,20101187,240,CDS
59198,20101631,20101842,211,CDS
59199,20101912,20102130,218,CDS
59200,20102195,20102364,169,CDS
59201,20102426,20102516,90,CDS
59202,20100947,20101187,240,CDS
59203,20101631,20101842,211,CDS
59204,20101912,20102130,218,CDS
59205,20102195,20102364,169,CDS
59206,20102426,20102516,90,CDS
59207,20100947,20101187,240,CDS
59208,20101631,20101842,211,CDS
59209,20101912,20102130,218,CDS
59210,20102195,20102364,169,CDS
59211,20102426,20102516,90,CDS
59212,20103386,20104150,764,gene
59213,20103386,20104150,764,mRNA
59214,20103446,20104063,617,CDS
59215,20104936,20105422,486,mobile_element
59216,20105899,20106460,561,mobile_element
59217,20107032,20109811,2779,mobile_element
59218,20109919,20110920,1001,mobile_element
59219,20110941,20111424,483,mobile_element
59220,20111425,20112124,699,mobile_element
59221,20112135,20112416,281,mobile_element
59222,20112489,20113114,625,mobile_element
59223,20113115,20113750,635,mobile_element
59224,20114973,20115052,79,mobile_element
59225,20116173,20117108,935,mobile_element
59226,20117109,20119062,1953,mobile_element
59227,20117437,20118852,1415,mobile_element
59228,20119079,20119291,212,mobile_element
59229,20119927,20120120,193,mobile_element
59230,20120406,20120442,36,mobile_element
59231,20133755,20134923,1168,gene
59232,20134782,20134923,141,mRNA
59233,20134332,20134723,391,mRNA
59234,20133755,20134281,526,mRNA
59235,20134782,20134923,141,mRNA
59236,20134332,20134723,391,mRNA
59237,20133805,20134281,476,mRNA
59238,20134782,20134901,119,CDS
59239,20134332,20134723,391,CDS
59240,20133843,20134281,438,CDS
59241,20134782,20134901,119,CDS
59242,20134332,20134723,391,CDS
59243,20133843,20134281,438,CDS
59244,20148651,20149590,939,mobile_element
59245,20150149,20151414,1265,mobile_element
59246,20151415,20151483,68,mobile_element
59247,20151484,20152719,1235,mobile_element
59248,20153109,20155231,2122,mobile_element
59249,20155636,20155731,95,mobile_element
59250,20155809,20156131,322,mobile_element
59251,20156132,20156835,703,mobile_element
59252,20157240,20157335,95,mobile_element
59253,20157413,20164268,6855,mobile_element
59254,20157736,20158439,703,mobile_element
59255,20158844,20158939,95,mobile_element
59256,20164282,20165363,1081,mobile_element
59257,20165376,20165518,142,mobile_element
59258,20165749,20166090,341,mobile_element
59259,20166134,20170350,4216,mobile_element
59260,20168532,20168641,109,mobile_element
59261,20168666,20170251,1585,mobile_element
59262,20170364,20172565,2201,mobile_element
59263,20171623,20171971,348,mobile_element
59264,20172568,20174151,1583,mobile_element
59265,20174152,20174348,196,mobile_element
59266,20174355,20174385,30,mobile_element
59267,20174388,20174530,142,mobile_element
59268,20174540,20174706,166,mobile_element
59269,20175701,20175776,75,mobile_element
59270,20175777,20175807,30,mobile_element
59271,20175810,20191234,15424,mobile_element
59272,20176783,20191109,14326,mobile_element
59273,20202050,20202315,265,mobile_element
59274,20202639,20205313,2674,mobile_element
59275,20205687,20209104,3417,mobile_element
59276,20206183,20208940,2757,mobile_element
59277,20209200,20209441,241,mobile_element
59278,20209442,20210865,1423,mobile_element
59279,20211648,20211755,107,mobile_element
59280,20211780,20213247,1467,mobile_element
59281,20213659,20218301,4642,mobile_element
59282,20215126,20218227,3101,mobile_element
59283,20218326,20218435,109,mobile_element
59284,20218517,20219531,1014,mobile_element
59285,20219535,20220048,513,mobile_element
59286,20220095,20220533,438,mobile_element
59287,20220796,20222854,2058,mobile_element
59288,20223641,20223826,185,mobile_element
59289,20248039,20248872,833,gene
59290,20248039,20248423,384,ncRNA
59291,20248504,20248872,368,ncRNA
59292,20248928,20249722,794,gene
59293,20248928,20249722,794,ncRNA
59294,20253816,20254449,633,gene
59295,20253816,20254449,633,ncRNA
59296,20255988,20257192,1204,gene
59297,20255988,20257192,1204,mRNA
59298,20255988,20256952,964,mRNA
59299,20256154,20256930,776,CDS
59300,20256154,20256930,776,CDS
59301,20263419,20264424,1005,gene
59302,20263419,20264424,1005,mRNA
59303,20263895,20264299,404,CDS
59304,20272167,20282820,10653,mobile_element
59305,20272782,20277925,5143,mobile_element
59306,20294693,20295804,1111,gene
59307,20294693,20294787,94,mRNA
59308,20294878,20295804,926,mRNA
59309,20294693,20294787,94,mRNA
59310,20294878,20295351,473,mRNA
59311,20294693,20294787,94,mRNA
59312,20294878,20295320,442,mRNA
59313,20294886,20295176,290,CDS
59314,20294886,20295176,290,CDS
59315,20294886,20295176,290,CDS
59316,20296643,20297299,656,gene
59317,20297224,20297299,75,ncRNA
59318,20296643,20297165,522,ncRNA
59319,20296643,20297299,656,ncRNA
59320,20303216,20310626,7410,mobile_element
59321,20311219,20348386,37167,gene
59322,20311219,20312414,1195,mRNA
59323,20322010,20322080,70,mRNA
59324,20334081,20334198,117,mRNA
59325,20334621,20334730,109,mRNA
59326,20336287,20336404,117,mRNA
59327,20336464,20336549,85,mRNA
59328,20339245,20339375,130,mRNA
59329,20339582,20339693,111,mRNA
59330,20339980,20340112,132,mRNA
59331,20343599,20343672,73,mRNA
59332,20343743,20343947,204,mRNA
59333,20344655,20345458,803,mRNA
59334,20345525,20345670,145,mRNA
59335,20345906,20346244,338,mRNA
59336,20346308,20346511,203,mRNA
59337,20346578,20346891,313,mRNA
59338,20346950,20348386,1436,mRNA
59339,20311219,20312414,1195,mRNA
59340,20322010,20322080,70,mRNA
59341,20334081,20334198,117,mRNA
59342,20334621,20334730,109,mRNA
59343,20336287,20336404,117,mRNA
59344,20336464,20336549,85,mRNA
59345,20339245,20339375,130,mRNA
59346,20339582,20339693,111,mRNA
59347,20339980,20340112,132,mRNA
59348,20343599,20343672,73,mRNA
59349,20343743,20343947,204,mRNA
59350,20345173,20345259,86,mRNA
59351,20345525,20345670,145,mRNA
59352,20345906,20346244,338,mRNA
59353,20346308,20346511,203,mRNA
59354,20346578,20346891,313,mRNA
59355,20346950,20348386,1436,mRNA
59356,20311219,20312414,1195,mRNA
59357,20322010,20322080,70,mRNA
59358,20334081,20334198,117,mRNA
59359,20334621,20334730,109,mRNA
59360,20336287,20336404,117,mRNA
59361,20336464,20336549,85,mRNA
59362,20339245,20339375,130,mRNA
59363,20339582,20339693,111,mRNA
59364,20339980,20340112,132,mRNA
59365,20343599,20343672,73,mRNA
59366,20343743,20343947,204,mRNA
59367,20345525,20345670,145,mRNA
59368,20345906,20346244,338,mRNA
59369,20346308,20346511,203,mRNA
59370,20346578,20346891,313,mRNA
59371,20346950,20348386,1436,mRNA
59372,20311219,20312414,1195,mRNA
59373,20322010,20322080,70,mRNA
59374,20334081,20334198,117,mRNA
59375,20334621,20334730,109,mRNA
59376,20336287,20336404,117,mRNA
59377,20336467,20336549,82,mRNA
59378,20339245,20339375,130,mRNA
59379,20339582,20339693,111,mRNA
59380,20339980,20340112,132,mRNA
59381,20343599,20343672,73,mRNA
59382,20343743,20343947,204,mRNA
59383,20345525,20345670,145,mRNA
59384,20345906,20346244,338,mRNA
59385,20346308,20346511,203,mRNA
59386,20346578,20346891,313,mRNA
59387,20346950,20348386,1436,mRNA
59388,20311219,20312414,1195,mRNA
59389,20322010,20322080,70,mRNA
59390,20334081,20334198,117,mRNA
59391,20334621,20334730,109,mRNA
59392,20336287,20336404,117,mRNA
59393,20336470,20336549,79,mRNA
59394,20339245,20339375,130,mRNA
59395,20339582,20339693,111,mRNA
59396,20339980,20340112,132,mRNA
59397,20343599,20343672,73,mRNA
59398,20343743,20343947,204,mRNA
59399,20345173,20345259,86,mRNA
59400,20345525,20345670,145,mRNA
59401,20345906,20346244,338,mRNA
59402,20346308,20346511,203,mRNA
59403,20346578,20346891,313,mRNA
59404,20346950,20348386,1436,mRNA
59405,20311219,20312414,1195,mRNA
59406,20322010,20322080,70,mRNA
59407,20334081,20334198,117,mRNA
59408,20334621,20334730,109,mRNA
59409,20336287,20336404,117,mRNA
59410,20336464,20336549,85,mRNA
59411,20339245,20339375,130,mRNA
59412,20339582,20339693,111,mRNA
59413,20339980,20340112,132,mRNA
59414,20343599,20343672,73,mRNA
59415,20343743,20343947,204,mRNA
59416,20344655,20344969,314,mRNA
59417,20311219,20312414,1195,mRNA
59418,20322010,20322080,70,mRNA
59419,20334081,20334198,117,mRNA
59420,20334621,20334730,109,mRNA
59421,20336287,20336404,117,mRNA
59422,20336467,20336549,82,mRNA
59423,20339245,20339375,130,mRNA
59424,20339582,20339693,111,mRNA
59425,20339980,20340112,132,mRNA
59426,20343599,20343672,73,mRNA
59427,20343743,20343947,204,mRNA
59428,20344655,20344969,314,mRNA
59429,20311219,20312414,1195,mRNA
59430,20322010,20322080,70,mRNA
59431,20334081,20334198,117,mRNA
59432,20334621,20334730,109,mRNA
59433,20336287,20336404,117,mRNA
59434,20336470,20336549,79,mRNA
59435,20339059,20339088,29,mRNA
59436,20339245,20339375,130,mRNA
59437,20339582,20339939,357,mRNA
59438,20311219,20312414,1195,mRNA
59439,20322010,20322080,70,mRNA
59440,20334081,20334198,117,mRNA
59441,20334621,20334730,109,mRNA
59442,20336287,20336404,117,mRNA
59443,20336470,20336549,79,mRNA
59444,20339245,20339375,130,mRNA
59445,20339582,20339939,357,mRNA
59446,20311820,20312414,594,CDS
59447,20322010,20322080,70,CDS
59448,20334081,20334198,117,CDS
59449,20334621,20334730,109,CDS
59450,20336287,20336404,117,CDS
59451,20336464,20336549,85,CDS
59452,20339245,20339375,130,CDS
59453,20339582,20339693,111,CDS
59454,20339980,20340112,132,CDS
59455,20343599,20343672,73,CDS
59456,20343743,20343947,204,CDS
59457,20345173,20345259,86,CDS
59458,20345525,20345670,145,CDS
59459,20345906,20346244,338,CDS
59460,20346308,20346511,203,CDS
59461,20346578,20346891,313,CDS
59462,20346950,20347169,219,CDS
59463,20311820,20312414,594,CDS
59464,20322010,20322080,70,CDS
59465,20334081,20334198,117,CDS
59466,20334621,20334730,109,CDS
59467,20336287,20336404,117,CDS
59468,20336464,20336549,85,CDS
59469,20339245,20339375,130,CDS
59470,20339582,20339693,111,CDS
59471,20339980,20340112,132,CDS
59472,20343599,20343672,73,CDS
59473,20343743,20343947,204,CDS
59474,20345525,20345670,145,CDS
59475,20345906,20346244,338,CDS
59476,20346308,20346511,203,CDS
59477,20346578,20346891,313,CDS
59478,20346950,20347169,219,CDS
59479,20311820,20312414,594,CDS
59480,20322010,20322080,70,CDS
59481,20334081,20334198,117,CDS
59482,20334621,20334730,109,CDS
59483,20336287,20336404,117,CDS
59484,20336467,20336549,82,CDS
59485,20339245,20339375,130,CDS
59486,20339582,20339693,111,CDS
59487,20339980,20340112,132,CDS
59488,20343599,20343672,73,CDS
59489,20343743,20343947,204,CDS
59490,20345525,20345670,145,CDS
59491,20345906,20346244,338,CDS
59492,20346308,20346511,203,CDS
59493,20346578,20346891,313,CDS
59494,20346950,20347169,219,CDS
59495,20311820,20312414,594,CDS
59496,20322010,20322080,70,CDS
59497,20334081,20334198,117,CDS
59498,20334621,20334730,109,CDS
59499,20336287,20336404,117,CDS
59500,20336470,20336549,79,CDS
59501,20339245,20339375,130,CDS
59502,20339582,20339693,111,CDS
59503,20339980,20340112,132,CDS
59504,20343599,20343672,73,CDS
59505,20343743,20343947,204,CDS
59506,20345173,20345259,86,CDS
59507,20345525,20345670,145,CDS
59508,20345906,20346244,338,CDS
59509,20346308,20346511,203,CDS
59510,20346578,20346891,313,CDS
59511,20346950,20347169,219,CDS
59512,20311820,20312414,594,CDS
59513,20322010,20322080,70,CDS
59514,20334081,20334198,117,CDS
59515,20334621,20334730,109,CDS
59516,20336287,20336404,117,CDS
59517,20336464,20336549,85,CDS
59518,20339245,20339375,130,CDS
59519,20339582,20339693,111,CDS
59520,20339980,20340112,132,CDS
59521,20343599,20343672,73,CDS
59522,20343743,20343947,204,CDS
59523,20344655,20344662,7,CDS
59524,20311820,20312414,594,CDS
59525,20322010,20322080,70,CDS
59526,20334081,20334198,117,CDS
59527,20334621,20334730,109,CDS
59528,20336287,20336404,117,CDS
59529,20336464,20336549,85,CDS
59530,20339245,20339375,130,CDS
59531,20339582,20339693,111,CDS
59532,20339980,20340112,132,CDS
59533,20343599,20343672,73,CDS
59534,20343743,20343947,204,CDS
59535,20344655,20344662,7,CDS
59536,20311820,20312414,594,CDS
59537,20322010,20322080,70,CDS
59538,20334081,20334198,117,CDS
59539,20334621,20334730,109,CDS
59540,20336287,20336404,117,CDS
59541,20336467,20336549,82,CDS
59542,20339245,20339375,130,CDS
59543,20339582,20339693,111,CDS
59544,20339980,20340112,132,CDS
59545,20343599,20343672,73,CDS
59546,20343743,20343947,204,CDS
59547,20344655,20344662,7,CDS
59548,20311820,20312414,594,CDS
59549,20322010,20322080,70,CDS
59550,20334081,20334198,117,CDS
59551,20334621,20334730,109,CDS
59552,20336287,20336404,117,CDS
59553,20336470,20336549,79,CDS
59554,20339059,20339088,29,CDS
59555,20339245,20339375,130,CDS
59556,20339582,20339825,243,CDS
59557,20311820,20312414,594,CDS
59558,20322010,20322080,70,CDS
59559,20334081,20334198,117,CDS
59560,20334621,20334730,109,CDS
59561,20336287,20336404,117,CDS
59562,20336470,20336549,79,CDS
59563,20339245,20339375,130,CDS
59564,20339582,20339825,243,CDS
59565,20316005,20317623,1618,gene
59566,20317295,20317623,328,ncRNA
59567,20316005,20316961,956,ncRNA
59568,20341851,20342481,630,mRNA
59569,20343599,20343672,73,mRNA
59570,20343743,20343947,204,mRNA
59571,20345173,20345259,86,mRNA
59572,20345525,20345670,145,mRNA
59573,20345906,20346244,338,mRNA
59574,20346308,20346511,203,mRNA
59575,20346578,20346891,313,mRNA
59576,20346950,20348386,1436,mRNA
59577,20342193,20342481,288,CDS
59578,20343599,20343672,73,CDS
59579,20343743,20343947,204,CDS
59580,20345173,20345259,86,CDS
59581,20345525,20345670,145,CDS
59582,20345906,20346244,338,CDS
59583,20346308,20346511,203,CDS
59584,20346578,20346891,313,CDS
59585,20346950,20347169,219,CDS
59586,20348393,20350012,1619,gene
59587,20348950,20350012,1062,mRNA
59588,20348393,20348878,485,mRNA
59589,20348950,20349924,974,CDS
59590,20348681,20348878,197,CDS
59591,20350107,20350139,32,mobile_element
59592,20350434,20365254,14820,gene
59593,20350434,20350894,460,mRNA
59594,20355363,20355747,384,mRNA
59595,20355806,20356006,200,mRNA
59596,20356085,20356505,420,mRNA
59597,20356562,20356801,239,mRNA
59598,20360013,20360433,420,mRNA
59599,20360564,20360812,248,mRNA
59600,20361969,20362826,857,mRNA
59601,20364297,20365254,957,mRNA
59602,20350434,20350894,460,mRNA
59603,20355363,20355747,384,mRNA
59604,20355806,20356006,200,mRNA
59605,20356085,20356505,420,mRNA
59606,20356562,20356801,239,mRNA
59607,20360013,20360433,420,mRNA
59608,20360564,20360812,248,mRNA
59609,20364297,20365254,957,mRNA
59610,20350434,20350894,460,mRNA
59611,20355363,20355747,384,mRNA
59612,20355806,20356006,200,mRNA
59613,20356085,20356505,420,mRNA
59614,20356562,20356801,239,mRNA
59615,20360013,20360433,420,mRNA
59616,20360564,20361429,865,mRNA
59617,20350434,20350894,460,mRNA
59618,20355363,20355747,384,mRNA
59619,20355806,20356006,200,mRNA
59620,20356085,20356505,420,mRNA
59621,20356562,20356801,239,mRNA
59622,20356876,20359510,2634,mRNA
59623,20353482,20353582,100,gene
59624,20353482,20353582,100,ncRNA
59625,20353967,20354067,100,mRNA
59626,20355363,20355747,384,mRNA
59627,20355806,20356006,200,mRNA
59628,20356085,20356505,420,mRNA
59629,20356562,20356801,239,mRNA
59630,20356876,20359183,2307,mRNA
59631,20360013,20360433,420,mRNA
59632,20360564,20360812,248,mRNA
59633,20364297,20365254,957,mRNA
59634,20353967,20354067,100,mRNA
59635,20355363,20355747,384,mRNA
59636,20355806,20356006,200,mRNA
59637,20356085,20356505,420,mRNA
59638,20356562,20356801,239,mRNA
59639,20360013,20360433,420,mRNA
59640,20360564,20360812,248,mRNA
59641,20364297,20365254,957,mRNA
59642,20353967,20354067,100,mRNA
59643,20355363,20355747,384,mRNA
59644,20355806,20356006,200,mRNA
59645,20356085,20356505,420,mRNA
59646,20356562,20356801,239,mRNA
59647,20360013,20360433,420,mRNA
59648,20360564,20360812,248,mRNA
59649,20361969,20363888,1919,mRNA
59650,20355410,20355747,337,CDS
59651,20355806,20356006,200,CDS
59652,20356085,20356505,420,CDS
59653,20356562,20356801,239,CDS
59654,20360013,20360433,420,CDS
59655,20360564,20360812,248,CDS
59656,20361969,20362826,857,CDS
59657,20364297,20364490,193,CDS
59658,20355410,20355747,337,CDS
59659,20355806,20356006,200,CDS
59660,20356085,20356505,420,CDS
59661,20356562,20356801,239,CDS
59662,20360013,20360433,420,CDS
59663,20360564,20360812,248,CDS
59664,20364297,20364490,193,CDS
59665,20355410,20355747,337,CDS
59666,20355806,20356006,200,CDS
59667,20356085,20356505,420,CDS
59668,20356562,20356801,239,CDS
59669,20360013,20360433,420,CDS
59670,20360564,20360812,248,CDS
59671,20364297,20364490,193,CDS
59672,20355410,20355747,337,CDS
59673,20355806,20356006,200,CDS
59674,20356085,20356505,420,CDS
59675,20356562,20356801,239,CDS
59676,20360013,20360433,420,CDS
59677,20360564,20360812,248,CDS
59678,20361969,20362870,901,CDS
59679,20355410,20355747,337,CDS
59680,20355806,20356006,200,CDS
59681,20356085,20356505,420,CDS
59682,20356562,20356801,239,CDS
59683,20360013,20360433,420,CDS
59684,20360564,20360850,286,CDS
59685,20355410,20355747,337,CDS
59686,20355806,20356006,200,CDS
59687,20356085,20356505,420,CDS
59688,20356562,20356801,239,CDS
59689,20356876,20359183,2307,CDS
59690,20360013,20360433,420,CDS
59691,20360564,20360567,3,CDS
59692,20355410,20355747,337,CDS
59693,20355806,20356006,200,CDS
59694,20356085,20356505,420,CDS
59695,20356562,20356801,239,CDS
59696,20356876,20359272,2396,CDS
59697,20372282,20372467,185,mobile_element
59698,20372409,20374083,1674,gene
59699,20373426,20374083,657,mRNA
59700,20372409,20373373,964,mRNA
59701,20373426,20373967,541,CDS
59702,20372473,20373373,900,CDS
59703,20375524,20375789,265,mobile_element
59704,20376981,20382356,5375,gene
59705,20381713,20382356,643,mRNA
59706,20379280,20379592,312,mRNA
59707,20378766,20378977,211,mRNA
59708,20378389,20378644,255,mRNA
59709,20377802,20378277,475,mRNA
59710,20376981,20377591,610,mRNA
59711,20381713,20381932,219,CDS
59712,20379280,20379592,312,CDS
59713,20378766,20378977,211,CDS
59714,20378389,20378644,255,CDS
59715,20377802,20378277,475,CDS
59716,20377383,20377591,208,CDS
59717,20385293,20414800,29507,gene
59718,20414334,20414800,466,mRNA
59719,20385293,20387592,2299,mRNA
59720,20399092,20399396,304,mRNA
59721,20385293,20387592,2299,mRNA
59722,20399206,20399396,190,mRNA
59723,20386057,20387592,1535,mRNA
59724,20386317,20387531,1214,CDS
59725,20386317,20387531,1214,CDS
59726,20386317,20387531,1214,CDS
59727,20407865,20412893,5028,mobile_element
59728,20413602,20413976,374,mobile_element
59729,20414151,20414190,39,mobile_element
59730,20415173,20416918,1745,gene
59731,20416164,20416918,754,mRNA
59732,20415173,20416106,933,mRNA
59733,20416164,20416768,604,mRNA
59734,20415173,20416106,933,mRNA
59735,20416164,20416704,540,CDS
59736,20415268,20416106,838,CDS
59737,20416164,20416704,540,CDS
59738,20415268,20416106,838,CDS
59739,20417057,20423027,5970,gene
59740,20417057,20417667,610,mRNA
59741,20420319,20420412,93,mRNA
59742,20420490,20420589,99,mRNA
59743,20420648,20420834,186,mRNA
59744,20420897,20421117,220,mRNA
59745,20422145,20422236,91,mRNA
59746,20422302,20422411,109,mRNA
59747,20422469,20423027,558,mRNA
59748,20417090,20417667,577,mRNA
59749,20420319,20420412,93,mRNA
59750,20420490,20420589,99,mRNA
59751,20420648,20420834,186,mRNA
59752,20420897,20421117,220,mRNA
59753,20422145,20422236,91,mRNA
59754,20422302,20422411,109,mRNA
59755,20422469,20423027,558,mRNA
59756,20417594,20417667,73,CDS
59757,20420319,20420412,93,CDS
59758,20420490,20420589,99,CDS
59759,20420648,20420834,186,CDS
59760,20420897,20421117,220,CDS
59761,20422145,20422236,91,CDS
59762,20422302,20422411,109,CDS
59763,20422469,20422496,27,CDS
59764,20417594,20417667,73,CDS
59765,20420319,20420412,93,CDS
59766,20420490,20420589,99,CDS
59767,20420648,20420834,186,CDS
59768,20420897,20421117,220,CDS
59769,20422145,20422236,91,CDS
59770,20422302,20422411,109,CDS
59771,20422469,20422496,27,CDS
59772,20418348,20418481,133,gene
59773,20418348,20418481,133,ncRNA
59774,20418523,20418654,131,gene
59775,20418523,20418654,131,ncRNA
59776,20418670,20418804,134,gene
59777,20418670,20418804,134,ncRNA
59778,20418834,20418967,133,gene
59779,20418834,20418967,133,ncRNA
59780,20418997,20419133,136,gene
59781,20418997,20419133,136,ncRNA
59782,20419145,20419281,136,gene
59783,20419145,20419281,136,ncRNA
59784,20419303,20419430,127,gene
59785,20419303,20419430,127,ncRNA
59786,20419456,20419585,129,gene
59787,20419456,20419585,129,ncRNA
59788,20419626,20419756,130,gene
59789,20419626,20419756,130,ncRNA
59790,20419774,20419908,134,gene
59791,20419774,20419908,134,ncRNA
59792,20419932,20420065,133,gene
59793,20419932,20420065,133,ncRNA
59794,20421151,20421274,123,gene
59795,20421151,20421274,123,ncRNA
59796,20421304,20421438,134,gene
59797,20421304,20421438,134,ncRNA
59798,20421475,20421600,125,gene
59799,20421475,20421600,125,ncRNA
59800,20421617,20421752,135,gene
59801,20421617,20421752,135,ncRNA
59802,20421781,20421909,128,gene
59803,20421781,20421909,128,ncRNA
59804,20421928,20422063,135,gene
59805,20421928,20422063,135,ncRNA
59806,20423106,20424660,1554,gene
59807,20424488,20424660,172,mRNA
59808,20424275,20424427,152,mRNA
59809,20423106,20423273,167,mRNA
59810,20424488,20424660,172,mRNA
59811,20424275,20424427,152,mRNA
59812,20423351,20423480,129,mRNA
59813,20423106,20423273,167,mRNA
59814,20424488,20424599,111,CDS
59815,20424275,20424427,152,CDS
59816,20423185,20423273,88,CDS
59817,20424488,20424599,111,CDS
59818,20424275,20424427,152,CDS
59819,20423440,20423480,40,CDS
59820,20426199,20447905,21706,gene
59821,20426199,20427473,1274,mRNA
59822,20431924,20432729,805,mRNA
59823,20441057,20441111,54,mRNA
59824,20441165,20441246,81,mRNA
59825,20441642,20444823,3181,mRNA
59826,20429025,20429161,136,mRNA
59827,20431924,20432729,805,mRNA
59828,20441057,20441111,54,mRNA
59829,20441165,20441246,81,mRNA
59830,20441642,20447905,6263,mRNA
59831,20429025,20429161,136,mRNA
59832,20431924,20432729,805,mRNA
59833,20441057,20441111,54,mRNA
59834,20441165,20441246,81,mRNA
59835,20441642,20443944,2302,mRNA
59836,20429025,20429161,136,mRNA
59837,20431924,20432729,805,mRNA
59838,20441057,20441111,54,mRNA
59839,20441165,20441246,81,mRNA
59840,20441642,20443944,2302,mRNA
59841,20429025,20429161,136,mRNA
59842,20431924,20432729,805,mRNA
59843,20441057,20441111,54,mRNA
59844,20441165,20441246,81,mRNA
59845,20441642,20443944,2302,mRNA
59846,20432501,20432729,228,CDS
59847,20441057,20441111,54,CDS
59848,20441165,20441246,81,CDS
59849,20441642,20443420,1778,CDS
59850,20432501,20432729,228,CDS
59851,20441057,20441111,54,CDS
59852,20441165,20441246,81,CDS
59853,20441642,20441890,248,CDS
59854,20432501,20432729,228,CDS
59855,20441057,20441111,54,CDS
59856,20441165,20441246,81,CDS
59857,20441642,20441857,215,CDS
59858,20432501,20432729,228,CDS
59859,20441057,20441111,54,CDS
59860,20441165,20441246,81,CDS
59861,20441642,20441857,215,CDS
59862,20432501,20432729,228,CDS
59863,20441057,20441111,54,CDS
59864,20441165,20441246,81,CDS
59865,20441642,20441857,215,CDS
59866,20434336,20434461,125,mobile_element
59867,20434511,20434562,51,mobile_element
59868,20437264,20438701,1437,gene
59869,20438339,20438701,362,ncRNA
59870,20437264,20437624,360,ncRNA
59871,20437695,20437761,66,ncRNA
59872,20437264,20437624,360,ncRNA
59873,20441317,20441423,106,mobile_element
59874,20447734,20449964,2230,gene
59875,20449381,20449964,583,mRNA
59876,20448942,20449313,371,mRNA
59877,20448351,20448873,522,mRNA
59878,20447734,20448285,551,mRNA
59879,20449381,20449964,583,mRNA
59880,20448942,20449313,371,mRNA
59881,20448351,20448873,522,mRNA
59882,20447942,20448285,343,mRNA
59883,20449381,20449528,147,CDS
59884,20448942,20449313,371,CDS
59885,20448351,20448873,522,CDS
59886,20448063,20448285,222,CDS
59887,20449381,20449528,147,CDS
59888,20448942,20449313,371,CDS
59889,20448351,20448873,522,CDS
59890,20448063,20448285,222,CDS
59891,20450225,20456978,6753,gene
59892,20450225,20451276,1051,mRNA
59893,20451335,20456978,5643,mRNA
59894,20450225,20451276,1051,mRNA
59895,20451335,20453935,2600,mRNA
59896,20450301,20451276,975,CDS
59897,20451335,20451414,79,CDS
59898,20450301,20451276,975,CDS
59899,20451335,20451414,79,CDS
59900,20456847,20459075,2228,gene
59901,20458498,20459075,577,mRNA
59902,20458059,20458430,371,mRNA
59903,20457468,20457990,522,mRNA
59904,20456847,20457402,555,mRNA
59905,20458498,20459075,577,mRNA
59906,20458059,20458430,371,mRNA
59907,20457468,20457990,522,mRNA
59908,20457059,20457402,343,mRNA
59909,20458498,20458645,147,CDS
59910,20458059,20458430,371,CDS
59911,20457468,20457990,522,CDS
59912,20457180,20457402,222,CDS
59913,20458498,20458645,147,CDS
59914,20458059,20458430,371,CDS
59915,20457468,20457990,522,CDS
59916,20457180,20457402,222,CDS
59917,20459342,20461729,2387,gene
59918,20459342,20460390,1048,mRNA
59919,20460449,20461050,601,mRNA
59920,20461111,20461729,618,mRNA
59921,20459342,20460390,1048,mRNA
59922,20460449,20461050,601,mRNA
59923,20461111,20461643,532,mRNA
59924,20459418,20460390,972,CDS
59925,20460449,20461050,601,CDS
59926,20461111,20461572,461,CDS
59927,20459418,20460390,972,CDS
59928,20460449,20461050,601,CDS
59929,20461111,20461572,461,CDS
59930,20461585,20463444,1859,gene
59931,20461585,20463444,1859,mRNA
59932,20461768,20463444,1676,mRNA
59933,20461943,20463370,1427,CDS
59934,20461943,20463370,1427,CDS
59935,20464502,20484702,20200,gene
59936,20484660,20484702,42,ncRNA
59937,20464502,20465409,907,ncRNA
59938,20468163,20468477,314,mobile_element
59939,20472793,20473385,592,gene
59940,20473273,20473385,112,mRNA
59941,20472793,20473216,423,mRNA
59942,20473269,20473385,116,mRNA
59943,20472793,20473216,423,mRNA
59944,20473269,20473303,34,CDS
59945,20472979,20473216,237,CDS
59946,20473273,20473303,30,CDS
59947,20473149,20473216,67,CDS
59948,20476711,20478920,2209,gene
59949,20478569,20478920,351,ncRNA
59950,20477660,20478284,624,ncRNA
59951,20476711,20477577,866,ncRNA
59952,20481657,20481706,49,mobile_element
59953,20484399,20487548,3149,gene
59954,20484399,20487548,3149,ncRNA
59955,20486522,20487548,1026,ncRNA
59956,20487441,20487531,90,gene
59957,20487441,20487531,90,precursor_RNA
59958,20487458,20487479,21,ncRNA
59959,20487496,20487517,21,ncRNA
59960,20487976,20488777,801,gene
59961,20487976,20488777,801,ncRNA
59962,20489308,20490282,974,gene
59963,20489308,20489734,426,ncRNA
59964,20489794,20490282,488,ncRNA
59965,20491500,20491613,113,mobile_element
59966,20495030,20495758,728,gene
59967,20495030,20495238,208,mRNA
59968,20495297,20495758,461,mRNA
59969,20495030,20495238,208,mRNA
59970,20495297,20495556,259,mRNA
59971,20495106,20495238,132,CDS
59972,20495297,20495448,151,CDS
59973,20495106,20495238,132,CDS
59974,20495297,20495448,151,CDS
59975,20513832,20514546,714,gene
59976,20513832,20514546,714,ncRNA
59977,20514750,20514832,82,mobile_element
59978,20531066,20531833,767,gene
59979,20531066,20531331,265,mRNA
59980,20531388,20531833,445,mRNA
59981,20531177,20531331,154,CDS
59982,20531388,20531625,237,CDS
59983,20539393,20539974,581,gene
59984,20539393,20539974,581,ncRNA
59985,20550951,20551354,403,gene
59986,20550951,20551354,403,ncRNA
59987,20562247,20575720,13473,gene
59988,20562247,20562762,515,ncRNA
59989,20575469,20575720,251,ncRNA
59990,20562298,20562448,150,gene
59991,20562298,20562448,150,precursor_RNA
59992,20562305,20562325,20,ncRNA
59993,20562424,20562445,21,ncRNA
59994,20568708,20569043,335,mobile_element
59995,20576033,20576098,65,mobile_element
59996,20576274,20583684,7410,mobile_element
59997,20583656,20626206,42550,gene
59998,20625691,20626206,515,ncRNA
59999,20625444,20625521,77,ncRNA
60000,20625136,20625378,242,ncRNA
60001,20586503,20586669,166,ncRNA
60002,20583656,20584056,400,ncRNA
60003,20603535,20604196,661,gene
60004,20603535,20604196,661,mRNA
60005,20603624,20604100,476,CDS
60006,20607043,20607847,804,gene
60007,20607043,20607847,804,ncRNA
60008,20607207,20607847,640,ncRNA
60009,20614522,20615559,1037,gene
60010,20614522,20615559,1037,mRNA
60011,20614681,20615382,701,CDS
60012,20616617,20616714,97,gene
60013,20616617,20616714,97,precursor_RNA
60014,20616635,20616657,22,ncRNA
60015,20616673,20616694,21,ncRNA
60016,20618366,20618462,96,gene
60017,20618366,20618462,96,precursor_RNA
60018,20618375,20618397,22,ncRNA
60019,20633936,20633976,40,mobile_element
60020,20634515,20635167,652,gene
60021,20634515,20634607,92,mRNA
60022,20634679,20635167,488,mRNA
60023,20634565,20634607,42,CDS
60024,20634679,20635115,436,CDS
60025,20635280,20635628,348,mobile_element
60026,20635785,20636603,818,mobile_element
60027,20636024,20636124,100,mobile_element
60028,20636372,20636523,151,mobile_element
60029,20636611,20638225,1614,mobile_element
60030,20638247,20638329,82,mobile_element
60031,20639015,20639578,563,gene
60032,20639015,20639065,50,exon
60033,20639137,20639578,441,exon
60034,20640121,20640718,597,gene
60035,20640121,20640192,71,mRNA
60036,20640264,20640718,454,mRNA
60037,20640150,20640192,42,CDS
60038,20640264,20640664,400,CDS
60039,20640917,20642216,1299,gene
60040,20640917,20640982,65,mRNA
60041,20641049,20642216,1167,mRNA
60042,20640917,20640982,65,mRNA
60043,20641049,20641622,573,mRNA
60044,20640940,20640982,42,CDS
60045,20641049,20641515,466,CDS
60046,20640940,20640982,42,CDS
60047,20641049,20641515,466,CDS
60048,20642306,20643244,938,gene
60049,20642306,20643244,938,mRNA
60050,20642457,20643104,647,CDS
60051,20643351,20645791,2440,gene
60052,20645669,20645791,122,mRNA
60053,20645417,20645451,34,mRNA
60054,20644664,20645361,697,mRNA
60055,20643351,20644600,1249,mRNA
60056,20645669,20645791,122,mRNA
60057,20644664,20645451,787,mRNA
60058,20643351,20644600,1249,mRNA
60059,20645417,20645457,40,mRNA
60060,20644664,20645361,697,mRNA
60061,20643351,20644600,1249,mRNA
60062,20644664,20645457,793,mRNA
60063,20643351,20644600,1249,mRNA
60064,20644664,20645330,666,CDS
60065,20643645,20644600,955,CDS
60066,20644664,20645330,666,CDS
60067,20643645,20644600,955,CDS
60068,20644664,20645330,666,CDS
60069,20643645,20644600,955,CDS
60070,20644664,20645330,666,CDS
60071,20643645,20644600,955,CDS
60072,20645822,20647381,1559,gene
60073,20645822,20645960,138,mRNA
60074,20646044,20647381,1337,mRNA
60075,20646095,20646862,767,CDS
60076,20647533,20648848,1315,gene
60077,20647533,20648013,480,ncRNA
60078,20648189,20648248,59,ncRNA
60079,20648420,20648479,59,ncRNA
60080,20648785,20648848,63,ncRNA
60081,20647533,20647788,255,ncRNA
60082,20647964,20648013,49,ncRNA
60083,20648189,20648479,290,ncRNA
60084,20648785,20648848,63,ncRNA
60085,20647533,20647788,255,ncRNA
60086,20647964,20648013,49,ncRNA
60087,20648189,20648248,59,ncRNA
60088,20648420,20648479,59,ncRNA
60089,20648785,20648848,63,ncRNA
60090,20647817,20647891,74,gene
60091,20647817,20647891,74,ncRNA
60092,20648051,20648125,74,gene
60093,20648051,20648125,74,ncRNA
60094,20648282,20648356,74,gene
60095,20648282,20648356,74,ncRNA
60096,20648912,20650079,1167,gene
60097,20648912,20650079,1167,mRNA
60098,20649037,20649939,902,CDS
60099,20650189,20650898,709,gene
60100,20650189,20650460,271,mRNA
60101,20650537,20650898,361,mRNA
60102,20650251,20650460,209,CDS
60103,20650537,20650725,188,CDS
60104,20650755,20656178,5423,gene
60105,20655586,20656178,592,mRNA
60106,20654758,20655522,764,mRNA
60107,20653856,20654703,847,mRNA
60108,20653553,20653796,243,mRNA
60109,20652942,20653498,556,mRNA
60110,20652401,20652885,484,mRNA
60111,20652145,20652338,193,mRNA
60112,20651894,20652085,191,mRNA
60113,20651626,20651833,207,mRNA
60114,20650755,20651560,805,mRNA
60115,20655586,20655784,198,CDS
60116,20654758,20655522,764,CDS
60117,20653856,20654703,847,CDS
60118,20653553,20653796,243,CDS
60119,20652942,20653498,556,CDS
60120,20652401,20652885,484,CDS
60121,20652145,20652338,193,CDS
60122,20651894,20652085,191,CDS
60123,20651626,20651833,207,CDS
60124,20651290,20651560,270,CDS
60125,20656426,20659218,2792,gene
60126,20656426,20656601,175,mRNA
60127,20656708,20656830,122,mRNA
60128,20656973,20657209,236,mRNA
60129,20657268,20657475,207,mRNA
60130,20657537,20658155,618,mRNA
60131,20658212,20658404,192,mRNA
60132,20658462,20658601,139,mRNA
60133,20658669,20659218,549,mRNA
60134,20656426,20656601,175,mRNA
60135,20656708,20656830,122,mRNA
60136,20656973,20657209,236,mRNA
60137,20657268,20657475,207,mRNA
60138,20657537,20658155,618,mRNA
60139,20658224,20658404,180,mRNA
60140,20658462,20658601,139,mRNA
60141,20658669,20659218,549,mRNA
60142,20656510,20656601,91,CDS
60143,20656708,20656830,122,CDS
60144,20656973,20657209,236,CDS
60145,20657268,20657475,207,CDS
60146,20657537,20658155,618,CDS
60147,20658212,20658404,192,CDS
60148,20658462,20658601,139,CDS
60149,20658669,20659078,409,CDS
60150,20656510,20656601,91,CDS
60151,20656708,20656830,122,CDS
60152,20656973,20657209,236,CDS
60153,20657268,20657475,207,CDS
60154,20657537,20658155,618,CDS
60155,20658224,20658404,180,CDS
60156,20658462,20658601,139,CDS
60157,20658669,20659078,409,CDS
60158,20659132,20675941,16809,gene
60159,20675637,20675941,304,mRNA
60160,20674995,20675570,575,mRNA
60161,20663998,20664209,211,mRNA
60162,20661990,20663929,1939,mRNA
60163,20660449,20661148,699,mRNA
60164,20659132,20660385,1253,mRNA
60165,20667866,20668096,230,mRNA
60166,20664291,20664449,158,mRNA
60167,20663998,20664209,211,mRNA
60168,20661990,20663929,1939,mRNA
60169,20660449,20661148,699,mRNA
60170,20659132,20660385,1253,mRNA
60171,20664291,20664748,457,mRNA
60172,20663998,20664209,211,mRNA
60173,20661990,20663929,1939,mRNA
60174,20660449,20661148,699,mRNA
60175,20659132,20660385,1253,mRNA
60176,20675637,20675689,52,CDS
60177,20674995,20675570,575,CDS
60178,20663998,20664209,211,CDS
60179,20661990,20663929,1939,CDS
60180,20660449,20661148,699,CDS
60181,20659613,20660385,772,CDS
60182,20664291,20664424,133,CDS
60183,20663998,20664209,211,CDS
60184,20661990,20663929,1939,CDS
60185,20660449,20661148,699,CDS
60186,20659613,20660385,772,CDS
60187,20664291,20664424,133,CDS
60188,20663998,20664209,211,CDS
60189,20661990,20663929,1939,CDS
60190,20660449,20661148,699,CDS
60191,20659613,20660385,772,CDS
60192,20664882,20668605,3723,gene
60193,20664882,20668605,3723,ncRNA
60194,20676045,20678979,2934,gene
60195,20676045,20676113,68,mRNA
60196,20676194,20676388,194,mRNA
60197,20676461,20677487,1026,mRNA
60198,20677544,20677823,279,mRNA
60199,20677879,20677954,75,mRNA
60200,20678016,20678140,124,mRNA
60201,20678201,20678979,778,mRNA
60202,20676215,20676388,173,mRNA
60203,20676461,20677487,1026,mRNA
60204,20677544,20677823,279,mRNA
60205,20677879,20677954,75,mRNA
60206,20678016,20678140,124,mRNA
60207,20678201,20678979,778,mRNA
60208,20676305,20676388,83,CDS
60209,20676461,20677487,1026,CDS
60210,20677544,20677823,279,CDS
60211,20677879,20677954,75,CDS
60212,20678016,20678140,124,CDS
60213,20678201,20678771,570,CDS
60214,20676305,20676388,83,CDS
60215,20676461,20677487,1026,CDS
60216,20677544,20677823,279,CDS
60217,20677879,20677954,75,CDS
60218,20678016,20678140,124,CDS
60219,20678201,20678771,570,CDS
60220,20678921,20681846,2925,gene
60221,20681619,20681846,227,mRNA
60222,20678921,20681533,2612,mRNA
60223,20678921,20681626,2705,mRNA
60224,20679120,20681492,2372,CDS
60225,20679120,20681492,2372,CDS
60226,20682368,20683629,1261,gene
60227,20682368,20683629,1261,mRNA
60228,20682368,20683429,1061,mRNA
60229,20682449,20683273,824,CDS
60230,20682449,20683273,824,CDS
60231,20683462,20714588,31126,gene
60232,20714218,20714588,370,mRNA
60233,20713599,20714119,520,mRNA
60234,20690143,20690456,313,mRNA
60235,20688456,20689601,1145,mRNA
60236,20687250,20688336,1086,mRNA
60237,20683462,20687066,3604,mRNA
60238,20713037,20714588,1551,mRNA
60239,20690143,20690456,313,mRNA
60240,20688456,20689601,1145,mRNA
60241,20687250,20688336,1086,mRNA
60242,20683462,20687066,3604,mRNA
60243,20713037,20713469,432,CDS
60244,20690143,20690456,313,CDS
60245,20688456,20689601,1145,CDS
60246,20687250,20688336,1086,CDS
60247,20686810,20687066,256,CDS
60248,20690143,20690163,20,CDS
60249,20688456,20689601,1145,CDS
60250,20687250,20688336,1086,CDS
60251,20686810,20687066,256,CDS
60252,20710096,20711006,910,gene
60253,20710096,20711006,910,ncRNA
60254,20711202,20712300,1098,gene
60255,20711202,20712300,1098,ncRNA
60256,20721914,20722462,548,gene
60257,20721914,20722462,548,ncRNA
60258,20724209,20726551,2342,gene
60259,20725862,20726551,689,mRNA
60260,20725106,20725806,700,mRNA
60261,20724972,20725047,75,mRNA
60262,20724209,20724911,702,mRNA
60263,20725862,20726456,594,CDS
60264,20725106,20725806,700,CDS
60265,20724997,20725047,50,CDS
60266,20727151,20730282,3131,gene
60267,20730160,20730282,122,mRNA
60268,20729877,20730101,224,mRNA
60269,20729483,20729665,182,mRNA
60270,20729076,20729334,258,mRNA
60271,20728429,20729020,591,mRNA
60272,20727968,20728366,398,mRNA
60273,20727151,20727892,741,mRNA
60274,20730160,20730282,122,mRNA
60275,20729877,20730101,224,mRNA
60276,20729483,20729665,182,mRNA
60277,20729076,20729334,258,mRNA
60278,20728429,20729020,591,mRNA
60279,20727968,20728366,398,mRNA
60280,20727380,20727892,512,mRNA
60281,20730160,20730252,92,CDS
60282,20729877,20730101,224,CDS
60283,20729483,20729665,182,CDS
60284,20729076,20729334,258,CDS
60285,20728429,20729020,591,CDS
60286,20727968,20728366,398,CDS
60287,20727619,20727892,273,CDS
60288,20730160,20730252,92,CDS
60289,20729877,20730101,224,CDS
60290,20729483,20729665,182,CDS
60291,20729076,20729334,258,CDS
60292,20728429,20729020,591,CDS
60293,20727968,20728366,398,CDS
60294,20727619,20727892,273,CDS
60295,20730416,20734309,3893,gene
60296,20733926,20734309,383,mRNA
60297,20732822,20733016,194,mRNA
60298,20731778,20732760,982,mRNA
60299,20731564,20731723,159,mRNA
60300,20730416,20731503,1087,mRNA
60301,20733926,20734309,383,mRNA
60302,20732822,20733016,194,mRNA
60303,20731778,20732760,982,mRNA
60304,20731564,20731723,159,mRNA
60305,20730645,20731503,858,mRNA
60306,20733926,20734063,137,CDS
60307,20732822,20733016,194,CDS
60308,20731778,20732760,982,CDS
60309,20731564,20731723,159,CDS
60310,20731000,20731503,503,CDS
60311,20733926,20734063,137,CDS
60312,20732822,20733016,194,CDS
60313,20731778,20732760,982,CDS
60314,20731564,20731723,159,CDS
60315,20731000,20731503,503,CDS
60316,20734609,20750941,16332,gene
60317,20734609,20734729,120,mRNA
60318,20734929,20735169,240,mRNA
60319,20735253,20735430,177,mRNA
60320,20736103,20736344,241,mRNA
60321,20736418,20737446,1028,mRNA
60322,20737515,20738441,926,mRNA
60323,20738504,20738975,471,mRNA
60324,20739192,20739764,572,mRNA
60325,20734911,20735090,179,mRNA
60326,20735253,20735430,177,mRNA
60327,20736103,20736344,241,mRNA
60328,20736418,20737446,1028,mRNA
60329,20737515,20738441,926,mRNA
60330,20738504,20738975,471,mRNA
60331,20739192,20740298,1106,mRNA
60332,20748120,20749388,1268,mRNA
60333,20749528,20750941,1413,mRNA
60334,20734911,20735090,179,mRNA
60335,20735253,20735430,177,mRNA
60336,20736103,20736344,241,mRNA
60337,20736418,20737446,1028,mRNA
60338,20737515,20738441,926,mRNA
60339,20738504,20738975,471,mRNA
60340,20739192,20740063,871,mRNA
60341,20749271,20750941,1670,mRNA
60342,20734911,20735090,179,mRNA
60343,20735253,20735430,177,mRNA
60344,20736103,20736344,241,mRNA
60345,20736418,20737446,1028,mRNA
60346,20737515,20738441,926,mRNA
60347,20738504,20738975,471,mRNA
60348,20749271,20750941,1670,mRNA
60349,20734911,20735090,179,mRNA
60350,20735253,20735430,177,mRNA
60351,20736103,20736344,241,mRNA
60352,20736418,20737446,1028,mRNA
60353,20737515,20738441,926,mRNA
60354,20738504,20738975,471,mRNA
60355,20739192,20739764,572,mRNA
60356,20735373,20735430,57,CDS
60357,20736103,20736344,241,CDS
60358,20736418,20737446,1028,CDS
60359,20737515,20738441,926,CDS
60360,20738504,20738902,398,CDS
60361,20735373,20735430,57,CDS
60362,20736103,20736344,241,CDS
60363,20736418,20737446,1028,CDS
60364,20737515,20738441,926,CDS
60365,20738504,20738902,398,CDS
60366,20735373,20735430,57,CDS
60367,20736103,20736344,241,CDS
60368,20736418,20737446,1028,CDS
60369,20737515,20738441,926,CDS
60370,20738504,20738902,398,CDS
60371,20735373,20735430,57,CDS
60372,20736103,20736344,241,CDS
60373,20736418,20737446,1028,CDS
60374,20737515,20738441,926,CDS
60375,20738504,20738902,398,CDS
60376,20735373,20735430,57,CDS
60377,20736103,20736344,241,CDS
60378,20736418,20737446,1028,CDS
60379,20737515,20738441,926,CDS
60380,20738504,20738902,398,CDS
60381,20740303,20748120,7817,mobile_element
60382,20750934,20752341,1407,gene
60383,20752089,20752341,252,mRNA
60384,20750934,20752015,1081,mRNA
60385,20752089,20752267,178,mRNA
60386,20750934,20752015,1081,mRNA
60387,20752089,20752196,107,CDS
60388,20751002,20752015,1013,CDS
60389,20752089,20752196,107,CDS
60390,20751002,20752015,1013,CDS
60391,20752476,20754655,2179,gene
60392,20752476,20752690,214,mRNA
60393,20752781,20753109,328,mRNA
60394,20753174,20754365,1191,mRNA
60395,20754431,20754655,224,mRNA
60396,20752612,20752690,78,CDS
60397,20752781,20753109,328,CDS
60398,20753174,20754365,1191,CDS
60399,20754431,20754558,127,CDS
60400,20754579,20757985,3406,gene
60401,20755942,20757985,2043,mRNA
60402,20755488,20755880,392,mRNA
60403,20755320,20755433,113,mRNA
60404,20754993,20755265,272,mRNA
60405,20754809,20754937,128,mRNA
60406,20754579,20754750,171,mRNA
60407,20755942,20757879,1937,mRNA
60408,20755488,20755880,392,mRNA
60409,20755320,20755433,113,mRNA
60410,20754993,20755265,272,mRNA
60411,20754809,20754937,128,mRNA
60412,20754579,20754750,171,mRNA
60413,20755942,20757782,1840,CDS
60414,20755488,20755880,392,CDS
60415,20755320,20755433,113,CDS
60416,20754993,20755265,272,CDS
60417,20754809,20754937,128,CDS
60418,20754672,20754750,78,CDS
60419,20755942,20757782,1840,CDS
60420,20755488,20755880,392,CDS
60421,20755320,20755433,113,CDS
60422,20754993,20755265,272,CDS
60423,20754809,20754937,128,CDS
60424,20754672,20754750,78,CDS
60425,20758144,20768053,9909,gene
60426,20758144,20758663,519,mRNA
60427,20760525,20760841,316,mRNA
60428,20763497,20765452,1955,mRNA
60429,20765510,20766040,530,mRNA
60430,20766118,20768053,1935,mRNA
60431,20758144,20758663,519,mRNA
60432,20760525,20760841,316,mRNA
60433,20763497,20765452,1955,mRNA
60434,20765510,20766040,530,mRNA
60435,20766118,20767536,1418,mRNA
60436,20758144,20758385,241,mRNA
60437,20760525,20760841,316,mRNA
60438,20763497,20765452,1955,mRNA
60439,20765510,20766040,530,mRNA
60440,20766118,20767536,1418,mRNA
60441,20760300,20760457,157,mRNA
60442,20760525,20760841,316,mRNA
60443,20763497,20765452,1955,mRNA
60444,20765510,20766040,530,mRNA
60445,20766118,20766952,834,mRNA
60446,20760300,20760457,157,mRNA
60447,20760525,20762141,1616,mRNA
60448,20760438,20760457,19,CDS
60449,20760525,20760841,316,CDS
60450,20763497,20765452,1955,CDS
60451,20765510,20766040,530,CDS
60452,20766118,20766590,472,CDS
60453,20760438,20760457,19,CDS
60454,20760525,20760897,372,CDS
60455,20760526,20760841,315,CDS
60456,20763497,20765452,1955,CDS
60457,20765510,20766040,530,CDS
60458,20766118,20766590,472,CDS
60459,20760526,20760841,315,CDS
60460,20763497,20765452,1955,CDS
60461,20765510,20766040,530,CDS
60462,20766118,20766590,472,CDS
60463,20760526,20760841,315,CDS
60464,20763497,20765452,1955,CDS
60465,20765510,20766040,530,CDS
60466,20766118,20766590,472,CDS
60467,20770731,20783135,12404,gene
60468,20770731,20771909,1178,mRNA
60469,20776567,20776620,53,mRNA
60470,20781799,20783135,1336,mRNA
60471,20770731,20771909,1178,mRNA
60472,20781799,20783135,1336,mRNA
60473,20770894,20771909,1015,mRNA
60474,20781799,20783135,1336,mRNA
60475,20771108,20771909,801,CDS
60476,20776567,20776620,53,CDS
60477,20781799,20782280,481,CDS
60478,20771108,20771909,801,CDS
60479,20781799,20782280,481,CDS
60480,20771108,20771909,801,CDS
60481,20781799,20782280,481,CDS
60482,20787656,20789098,1442,gene
60483,20787656,20787785,129,mRNA
60484,20787850,20788115,265,mRNA
60485,20788403,20789098,695,mRNA
60486,20787783,20787785,2,CDS
60487,20787850,20788115,265,CDS
60488,20788403,20788538,135,CDS
60489,20788662,20797042,8380,gene
60490,20796653,20797042,389,mRNA
60491,20796037,20796134,97,mRNA
60492,20792114,20792266,152,mRNA
60493,20791230,20791664,434,mRNA
60494,20790622,20790720,98,mRNA
60495,20790391,20790552,161,mRNA
60496,20790125,20790335,210,mRNA
60497,20789721,20790052,331,mRNA
60498,20789586,20789660,74,mRNA
60499,20788662,20789423,761,mRNA
60500,20794119,20794146,27,mRNA
60501,20792114,20792266,152,mRNA
60502,20791167,20791664,497,mRNA
60503,20790622,20790720,98,mRNA
60504,20790391,20790552,161,mRNA
60505,20790125,20790335,210,mRNA
60506,20789721,20790052,331,mRNA
60507,20789586,20789660,74,mRNA
60508,20788662,20789423,761,mRNA
60509,20794060,20794146,86,mRNA
60510,20792114,20792266,152,mRNA
60511,20791167,20791664,497,mRNA
60512,20790622,20790720,98,mRNA
60513,20790391,20790552,161,mRNA
60514,20790125,20790335,210,mRNA
60515,20789721,20790052,331,mRNA
60516,20789586,20789660,74,mRNA
60517,20788662,20789423,761,mRNA
60518,20796653,20797042,389,mRNA
60519,20796037,20796134,97,mRNA
60520,20792114,20792266,152,mRNA
60521,20791167,20791664,497,mRNA
60522,20790622,20790720,98,mRNA
60523,20790391,20790552,161,mRNA
60524,20790125,20790335,210,mRNA
60525,20789721,20790052,331,mRNA
60526,20788832,20789423,591,mRNA
60527,20796653,20797042,389,mRNA
60528,20796037,20796134,97,mRNA
60529,20792114,20792266,152,mRNA
60530,20791167,20791664,497,mRNA
60531,20790622,20790720,98,mRNA
60532,20790391,20790552,161,mRNA
60533,20790125,20790335,210,mRNA
60534,20789721,20790052,331,mRNA
60535,20789586,20789660,74,mRNA
60536,20788832,20789423,591,mRNA
60537,20796653,20796758,105,CDS
60538,20796037,20796134,97,CDS
60539,20792114,20792266,152,CDS
60540,20791230,20791664,434,CDS
60541,20790622,20790720,98,CDS
60542,20790391,20790552,161,CDS
60543,20790125,20790335,210,CDS
60544,20789721,20790052,331,CDS
60545,20789586,20789660,74,CDS
60546,20789247,20789423,176,CDS
60547,20796653,20796758,105,CDS
60548,20796037,20796134,97,CDS
60549,20792114,20792266,152,CDS
60550,20791167,20791664,497,CDS
60551,20790622,20790720,98,CDS
60552,20790391,20790552,161,CDS
60553,20790125,20790335,210,CDS
60554,20789721,20790052,331,CDS
60555,20789247,20789423,176,CDS
60556,20796653,20796758,105,CDS
60557,20796037,20796134,97,CDS
60558,20792114,20792266,152,CDS
60559,20791167,20791664,497,CDS
60560,20790622,20790720,98,CDS
60561,20790391,20790552,161,CDS
60562,20790125,20790335,210,CDS
60563,20789721,20790052,331,CDS
60564,20789586,20789660,74,CDS
60565,20789247,20789423,176,CDS
60566,20791167,20791520,353,CDS
60567,20790622,20790720,98,CDS
60568,20790391,20790552,161,CDS
60569,20790125,20790335,210,CDS
60570,20789721,20790052,331,CDS
60571,20789586,20789660,74,CDS
60572,20789247,20789423,176,CDS
60573,20791167,20791520,353,CDS
60574,20790622,20790720,98,CDS
60575,20790391,20790552,161,CDS
60576,20790125,20790335,210,CDS
60577,20789721,20790052,331,CDS
60578,20789586,20789660,74,CDS
60579,20789247,20789423,176,CDS
60580,20794806,20795255,449,gene
60581,20794806,20794938,132,ncRNA
60582,20795008,20795255,247,ncRNA
60583,20797715,20814331,16616,gene
60584,20797715,20798514,799,mRNA
60585,20813156,20813357,201,mRNA
60586,20813433,20814030,597,mRNA
60587,20809974,20810373,399,mRNA
60588,20813156,20813357,201,mRNA
60589,20813433,20814331,898,mRNA
60590,20810313,20810373,60,CDS
60591,20813156,20813357,201,CDS
60592,20813433,20813712,279,CDS
60593,20813206,20813357,151,CDS
60594,20813433,20813712,279,CDS
60595,20814337,20816240,1903,gene
60596,20815416,20816240,824,mRNA
60597,20815138,20815310,172,mRNA
60598,20814986,20815074,88,mRNA
60599,20814607,20814918,311,mRNA
60600,20814337,20814536,199,mRNA
60601,20815416,20816176,760,CDS
60602,20815138,20815310,172,CDS
60603,20814986,20815074,88,CDS
60604,20814607,20814918,311,CDS
60605,20814414,20814536,122,CDS
60606,20816456,20817270,814,gene
60607,20817023,20817270,247,mRNA
60608,20816785,20816961,176,mRNA
60609,20816456,20816725,269,mRNA
60610,20817023,20817262,239,CDS
60611,20816785,20816961,176,CDS
60612,20816549,20816725,176,CDS
60613,20817815,20818532,717,gene
60614,20818293,20818532,239,mRNA
60615,20818049,20818225,176,mRNA
60616,20817815,20817992,177,mRNA
60617,20818293,20818532,239,CDS
60618,20818049,20818225,176,CDS
60619,20817816,20817992,176,CDS
60620,20819991,20820055,64,mobile_element
60621,20820089,20820867,778,gene
60622,20820628,20820867,239,mRNA
60623,20820392,20820568,176,mRNA
60624,20820089,20820330,241,mRNA
60625,20820628,20820867,239,CDS
60626,20820392,20820568,176,CDS
60627,20820151,20820330,179,CDS
60628,20822828,20827744,4916,gene
60629,20822828,20823207,379,mRNA
60630,20825668,20826087,419,mRNA
60631,20826633,20826970,337,mRNA
60632,20827032,20827157,125,mRNA
60633,20827497,20827744,247,mRNA
60634,20823642,20824115,473,mRNA
60635,20825272,20825512,240,mRNA
60636,20825668,20826087,419,mRNA
60637,20826633,20826970,337,mRNA
60638,20827032,20827157,125,mRNA
60639,20827497,20827724,227,mRNA
60640,20824434,20824601,167,mRNA
60641,20825272,20825512,240,mRNA
60642,20825668,20826087,419,mRNA
60643,20826633,20826970,337,mRNA
60644,20827032,20827157,125,mRNA
60645,20827497,20827744,247,mRNA
60646,20824434,20824724,290,mRNA
60647,20825668,20826087,419,mRNA
60648,20826633,20826970,337,mRNA
60649,20827032,20827157,125,mRNA
60650,20827497,20827724,227,mRNA
60651,20824434,20824630,196,mRNA
60652,20825272,20825512,240,mRNA
60653,20825668,20826087,419,mRNA
60654,20826633,20826970,337,mRNA
60655,20827032,20827157,125,mRNA
60656,20827497,20827724,227,mRNA
60657,20824434,20824630,196,mRNA
60658,20825668,20826087,419,mRNA
60659,20826633,20826970,337,mRNA
60660,20827032,20827157,125,mRNA
60661,20827497,20827724,227,mRNA
60662,20824434,20824493,59,mRNA
60663,20825272,20825512,240,mRNA
60664,20825668,20826087,419,mRNA
60665,20826633,20826970,337,mRNA
60666,20827032,20827157,125,mRNA
60667,20827497,20827724,227,mRNA
60668,20824434,20824493,59,mRNA
60669,20825471,20826087,616,mRNA
60670,20826633,20826970,337,mRNA
60671,20827032,20827157,125,mRNA
60672,20827497,20827724,227,mRNA
60673,20824434,20824493,59,mRNA
60674,20825659,20826087,428,mRNA
60675,20826633,20826970,337,mRNA
60676,20827032,20827157,125,mRNA
60677,20827497,20827724,227,mRNA
60678,20824434,20824493,59,mRNA
60679,20825668,20826087,419,mRNA
60680,20826633,20826970,337,mRNA
60681,20827032,20827157,125,mRNA
60682,20827497,20827724,227,mRNA
60683,20825421,20825512,91,CDS
60684,20825668,20826087,419,CDS
60685,20826633,20826970,337,CDS
60686,20827032,20827157,125,CDS
60687,20827497,20827615,118,CDS
60688,20825421,20825512,91,CDS
60689,20825668,20826087,419,CDS
60690,20826633,20826970,337,CDS
60691,20827032,20827157,125,CDS
60692,20827497,20827615,118,CDS
60693,20825421,20825512,91,CDS
60694,20825668,20826087,419,CDS
60695,20826633,20826970,337,CDS
60696,20827032,20827157,125,CDS
60697,20827497,20827615,118,CDS
60698,20825421,20825512,91,CDS
60699,20825668,20826087,419,CDS
60700,20826633,20826970,337,CDS
60701,20827032,20827157,125,CDS
60702,20827497,20827615,118,CDS
60703,20825434,20826087,653,mRNA
60704,20826633,20826970,337,mRNA
60705,20827032,20827157,125,mRNA
60706,20827497,20827724,227,mRNA
60707,20825536,20826087,551,mRNA
60708,20826633,20826970,337,mRNA
60709,20827032,20827157,125,mRNA
60710,20827497,20827724,227,mRNA
60711,20825576,20826087,511,CDS
60712,20826633,20826970,337,CDS
60713,20827032,20827157,125,CDS
60714,20827497,20827615,118,CDS
60715,20825576,20826087,511,CDS
60716,20826633,20826970,337,CDS
60717,20827032,20827157,125,CDS
60718,20827497,20827615,118,CDS
60719,20825690,20826087,397,CDS
60720,20826633,20826970,337,CDS
60721,20827032,20827157,125,CDS
60722,20827497,20827615,118,CDS
60723,20825690,20826087,397,CDS
60724,20826633,20826970,337,CDS
60725,20827032,20827157,125,CDS
60726,20827497,20827615,118,CDS
60727,20825690,20826087,397,CDS
60728,20826633,20826970,337,CDS
60729,20827032,20827157,125,CDS
60730,20827497,20827615,118,CDS
60731,20825690,20826087,397,CDS
60732,20826633,20826970,337,CDS
60733,20827032,20827157,125,CDS
60734,20827497,20827615,118,CDS
60735,20825690,20826087,397,CDS
60736,20826633,20826970,337,CDS
60737,20827032,20827157,125,CDS
60738,20827497,20827615,118,CDS
60739,20825690,20826087,397,CDS
60740,20826633,20826970,337,CDS
60741,20827032,20827157,125,CDS
60742,20827497,20827615,118,CDS
60743,20829609,20831161,1552,gene
60744,20829609,20830073,464,mRNA
60745,20830281,20830612,331,mRNA
60746,20830671,20830793,122,mRNA
60747,20830861,20831161,300,mRNA
60748,20829609,20830073,464,mRNA
60749,20830281,20830612,331,mRNA
60750,20830671,20830796,125,mRNA
60751,20830861,20831063,202,mRNA
60752,20829670,20830073,403,CDS
60753,20830281,20830612,331,CDS
60754,20830671,20830796,125,CDS
60755,20830861,20830979,118,CDS
60756,20829670,20830073,403,CDS
60757,20830281,20830612,331,CDS
60758,20830671,20830793,122,CDS
60759,20830861,20830979,118,CDS
60760,20831262,20832859,1597,gene
60761,20831262,20831878,616,mRNA
60762,20831950,20832287,337,mRNA
60763,20832340,20832465,125,mRNA
60764,20832665,20832859,194,mRNA
60765,20831262,20831395,133,mRNA
60766,20831467,20831878,411,mRNA
60767,20831950,20832287,337,mRNA
60768,20832340,20832465,125,mRNA
60769,20832665,20832859,194,mRNA
60770,20831478,20831878,400,CDS
60771,20831950,20832287,337,CDS
60772,20832340,20832465,125,CDS
60773,20832665,20832783,118,CDS
60774,20831478,20831878,400,CDS
60775,20831950,20832287,337,CDS
60776,20832340,20832465,125,CDS
60777,20832665,20832783,118,CDS
60778,20832849,20835840,2991,gene
60779,20835471,20835840,369,mRNA
60780,20834948,20835404,456,mRNA
60781,20834656,20834883,227,mRNA
60782,20834205,20834584,379,mRNA
60783,20833617,20834144,527,mRNA
60784,20832849,20833455,606,mRNA
60785,20835471,20835607,136,CDS
60786,20834948,20835404,456,CDS
60787,20834656,20834883,227,CDS
60788,20834205,20834584,379,CDS
60789,20833617,20834144,527,CDS
60790,20832858,20833455,597,CDS
60791,20835863,20836522,659,mobile_element
60792,20836621,20837985,1364,gene
60793,20837962,20837985,23,mRNA
60794,20837071,20837906,835,mRNA
60795,20836874,20837012,138,mRNA
60796,20836621,20836813,192,mRNA
60797,20837962,20837985,23,mRNA
60798,20837071,20837906,835,mRNA
60799,20836874,20837012,138,mRNA
60800,20836621,20836819,198,mRNA
60801,20837962,20837974,12,CDS
60802,20837071,20837906,835,CDS
60803,20836874,20837012,138,CDS
60804,20836689,20836813,124,CDS
60805,20837962,20837974,12,CDS
60806,20837071,20837906,835,CDS
60807,20836874,20837012,138,CDS
60808,20836689,20836819,130,CDS
60809,20838342,20838467,125,mobile_element
60810,20840750,20849182,8432,gene
60811,20840750,20841044,294,mRNA
60812,20845343,20845528,185,mRNA
60813,20848557,20849182,625,mRNA
60814,20840801,20841044,243,mRNA
60815,20845343,20845528,185,mRNA
60816,20848557,20849182,625,mRNA
60817,20840978,20841044,66,CDS
60818,20845343,20845528,185,CDS
60819,20848557,20848783,226,CDS
60820,20840978,20841044,66,CDS
60821,20845343,20845528,185,CDS
60822,20848557,20848783,226,CDS
60823,20847844,20848143,299,gene
60824,20847844,20848143,299,ncRNA
60825,20849300,20850987,1687,gene
60826,20849300,20850987,1687,mRNA
60827,20849300,20850319,1019,mRNA
60828,20849386,20850216,830,CDS
60829,20849386,20850216,830,CDS
60830,20852578,20857113,4535,gene
60831,20852578,20852818,240,mRNA
60832,20856144,20856356,212,mRNA
60833,20856418,20857113,695,mRNA
60834,20852749,20852818,69,CDS
60835,20856144,20856356,212,CDS
60836,20856418,20856635,217,CDS
60837,20856987,20857891,904,gene
60838,20856987,20857891,904,mRNA
60839,20857151,20857891,740,CDS
60840,20858695,20861014,2319,gene
60841,20858695,20858820,125,mRNA
60842,20859725,20859901,176,mRNA
60843,20860682,20861014,332,mRNA
60844,20859166,20859333,167,mRNA
60845,20859725,20859901,176,mRNA
60846,20860682,20861014,332,mRNA
60847,20859273,20859333,60,CDS
60848,20859725,20859901,176,CDS
60849,20860682,20860890,208,CDS
60850,20859763,20859901,138,CDS
60851,20860682,20860890,208,CDS
60852,20862547,20863775,1228,gene
60853,20862547,20862939,392,exon
60854,20862994,20863082,88,exon
60855,20863207,20863296,89,exon
60856,20863415,20863775,360,exon
60857,20865215,20867709,2494,gene
60858,20865215,20865353,138,mRNA
60859,20865412,20865585,173,mRNA
60860,20866936,20867709,773,mRNA
60861,20865215,20865353,138,mRNA
60862,20865412,20865585,173,mRNA
60863,20866936,20867311,375,mRNA
60864,20865293,20865353,60,CDS
60865,20865412,20865585,173,CDS
60866,20866936,20867144,208,CDS
60867,20865293,20865353,60,CDS
60868,20865412,20865585,173,CDS
60869,20866936,20867144,208,CDS
60870,20867755,20869650,1895,gene
60871,20867755,20868197,442,mRNA
60872,20868351,20868524,173,mRNA
60873,20869117,20869650,533,mRNA
60874,20868146,20868197,51,CDS
60875,20868351,20868524,173,CDS
60876,20869117,20869337,220,CDS
60877,20869854,20871565,1711,gene
60878,20869854,20870191,337,mRNA
60879,20870602,20870760,158,mRNA
60880,20870832,20871565,733,mRNA
60881,20869854,20870347,493,mRNA
60882,20870602,20870760,158,mRNA
60883,20870832,20871472,640,mRNA
60884,20869854,20870191,337,mRNA
60885,20870602,20870772,170,mRNA
60886,20870832,20871472,640,mRNA
60887,20870134,20870347,213,CDS
60888,20870602,20870760,158,CDS
60889,20870832,20871055,223,CDS
60890,20870134,20870191,57,CDS
60891,20870602,20870772,170,CDS
60892,20870832,20871055,223,CDS
60893,20870134,20870191,57,CDS
60894,20870602,20870760,158,CDS
60895,20870832,20871055,223,CDS
60896,20871335,20918931,47596,gene
60897,20871335,20918931,47596,gene
60898,20918799,20918931,132,mRNA
60899,20916905,20917120,215,mRNA
60900,20903016,20903559,543,mRNA
60901,20882262,20882464,202,mRNA
60902,20881987,20882191,204,mRNA
60903,20877553,20877677,124,mRNA
60904,20877149,20877477,328,mRNA
60905,20876912,20877083,171,mRNA
60906,20874274,20874432,158,mRNA
60907,20873957,20874177,220,mRNA
60908,20871335,20873890,2555,mRNA
60909,20918799,20918931,132,mRNA
60910,20916905,20917120,215,mRNA
60911,20903016,20903559,543,mRNA
60912,20882262,20882464,202,mRNA
60913,20881987,20882191,204,mRNA
60914,20877553,20877677,124,mRNA
60915,20877149,20877477,328,mRNA
60916,20876912,20877083,171,mRNA
60917,20874274,20874432,158,mRNA
60918,20873957,20874177,220,mRNA
60919,20871335,20873890,2555,mRNA
60920,20918799,20918931,132,mRNA
60921,20916905,20917120,215,mRNA
60922,20903016,20903559,543,mRNA
60923,20882262,20882464,202,mRNA
60924,20881987,20882191,204,mRNA
60925,20877553,20877677,124,mRNA
60926,20877149,20877477,328,mRNA
60927,20876912,20877083,171,mRNA
60928,20875080,20875136,56,mRNA
60929,20874274,20874432,158,mRNA
60930,20873957,20874177,220,mRNA
60931,20871335,20873890,2555,mRNA
60932,20918799,20918931,132,mRNA
60933,20916905,20917142,237,mRNA
60934,20903016,20903559,543,mRNA
60935,20882262,20882464,202,mRNA
60936,20881987,20882191,204,mRNA
60937,20877553,20877677,124,mRNA
60938,20877149,20877477,328,mRNA
60939,20876912,20877083,171,mRNA
60940,20876587,20876616,29,mRNA
60941,20875638,20875724,86,mRNA
60942,20874274,20874432,158,mRNA
60943,20873957,20874177,220,mRNA
60944,20871335,20873890,2555,mRNA
60945,20918639,20918931,292,mRNA
60946,20903016,20903559,543,mRNA
60947,20882262,20882464,202,mRNA
60948,20881987,20882191,204,mRNA
60949,20877553,20877677,124,mRNA
60950,20877149,20877477,328,mRNA
60951,20876912,20877083,171,mRNA
60952,20876587,20876613,26,mRNA
60953,20875638,20875724,86,mRNA
60954,20874274,20874432,158,mRNA
60955,20873957,20874177,220,mRNA
60956,20871335,20873890,2555,mRNA
60957,20918639,20918931,292,mRNA
60958,20916905,20917120,215,mRNA
60959,20903016,20903559,543,mRNA
60960,20882262,20882464,202,mRNA
60961,20881987,20882191,204,mRNA
60962,20877553,20877677,124,mRNA
60963,20877149,20877477,328,mRNA
60964,20876912,20877083,171,mRNA
60965,20874274,20874432,158,mRNA
60966,20873957,20874177,220,mRNA
60967,20871335,20873890,2555,mRNA
60968,20918639,20918931,292,mRNA
60969,20916905,20917120,215,mRNA
60970,20903016,20903559,543,mRNA
60971,20882262,20882464,202,mRNA
60972,20881987,20882191,204,mRNA
60973,20877553,20877677,124,mRNA
60974,20877149,20877477,328,mRNA
60975,20876912,20877083,171,mRNA
60976,20875080,20875136,56,mRNA
60977,20874274,20874432,158,mRNA
60978,20873957,20874177,220,mRNA
60979,20871335,20873890,2555,mRNA
60980,20916905,20917461,556,mRNA
60981,20903016,20903559,543,mRNA
60982,20882262,20882464,202,mRNA
60983,20881987,20882191,204,mRNA
60984,20877553,20877677,124,mRNA
60985,20877149,20877477,328,mRNA
60986,20876912,20877083,171,mRNA
60987,20874274,20874432,158,mRNA
60988,20873957,20874177,220,mRNA
60989,20871335,20873890,2555,mRNA
60990,20916905,20917461,556,mRNA
60991,20903016,20903559,543,mRNA
60992,20882262,20882464,202,mRNA
60993,20881987,20882191,204,mRNA
60994,20877553,20877677,124,mRNA
60995,20877149,20877477,328,mRNA
60996,20876912,20877083,171,mRNA
60997,20875080,20875136,56,mRNA
60998,20874274,20874432,158,mRNA
60999,20873957,20874177,220,mRNA
61000,20871335,20873890,2555,mRNA
61001,20916905,20917461,556,mRNA
61002,20903016,20903559,543,mRNA
61003,20882262,20882464,202,mRNA
61004,20881987,20882191,204,mRNA
61005,20877553,20877677,124,mRNA
61006,20877149,20877477,328,mRNA
61007,20876912,20877083,171,mRNA
61008,20875638,20875724,86,mRNA
61009,20874274,20874432,158,mRNA
61010,20873957,20874177,220,mRNA
61011,20871335,20873890,2555,mRNA
61012,20890183,20890395,212,mRNA
61013,20885289,20885806,517,mRNA
61014,20882262,20882464,202,mRNA
61015,20881987,20882191,204,mRNA
61016,20877553,20877677,124,mRNA
61017,20877149,20877477,328,mRNA
61018,20876912,20877083,171,mRNA
61019,20875080,20875136,56,mRNA
61020,20874274,20874432,158,mRNA
61021,20873957,20874177,220,mRNA
61022,20871335,20873890,2555,mRNA
61023,20885289,20885976,687,mRNA
61024,20882262,20882464,202,mRNA
61025,20881987,20882191,204,mRNA
61026,20877553,20877677,124,mRNA
61027,20877149,20877477,328,mRNA
61028,20876912,20877083,171,mRNA
61029,20874274,20874432,158,mRNA
61030,20873957,20874177,220,mRNA
61031,20871335,20873890,2555,mRNA
61032,20890183,20890395,212,mRNA
61033,20885289,20885806,517,mRNA
61034,20882262,20882464,202,mRNA
61035,20881987,20882191,204,mRNA
61036,20877553,20877677,124,mRNA
61037,20877149,20877477,328,mRNA
61038,20876912,20877083,171,mRNA
61039,20874274,20874432,158,mRNA
61040,20873957,20874177,220,mRNA
61041,20872995,20873890,895,mRNA
61042,20903016,20903166,150,CDS
61043,20882262,20882464,202,CDS
61044,20881987,20882191,204,CDS
61045,20877553,20877677,124,CDS
61046,20877149,20877477,328,CDS
61047,20876912,20877083,171,CDS
61048,20874274,20874432,158,CDS
61049,20873957,20874177,220,CDS
61050,20873749,20873890,141,CDS
61051,20903016,20903166,150,CDS
61052,20882262,20882464,202,CDS
61053,20881987,20882191,204,CDS
61054,20877553,20877677,124,CDS
61055,20877149,20877477,328,CDS
61056,20876912,20877083,171,CDS
61057,20874274,20874432,158,CDS
61058,20873957,20874177,220,CDS
61059,20873749,20873890,141,CDS
61060,20903016,20903166,150,CDS
61061,20882262,20882464,202,CDS
61062,20881987,20882191,204,CDS
61063,20877553,20877677,124,CDS
61064,20877149,20877477,328,CDS
61065,20876912,20877083,171,CDS
61066,20874274,20874432,158,CDS
61067,20873957,20874177,220,CDS
61068,20873749,20873890,141,CDS
61069,20903016,20903166,150,CDS
61070,20882262,20882464,202,CDS
61071,20881987,20882191,204,CDS
61072,20877553,20877677,124,CDS
61073,20877149,20877477,328,CDS
61074,20876912,20877083,171,CDS
61075,20875080,20875136,56,CDS
61076,20874274,20874432,158,CDS
61077,20873957,20874177,220,CDS
61078,20873749,20873890,141,CDS
61079,20903016,20903166,150,CDS
61080,20882262,20882464,202,CDS
61081,20881987,20882191,204,CDS
61082,20877553,20877677,124,CDS
61083,20877149,20877477,328,CDS
61084,20876912,20877083,171,CDS
61085,20875080,20875136,56,CDS
61086,20874274,20874432,158,CDS
61087,20873957,20874177,220,CDS
61088,20873749,20873890,141,CDS
61089,20903016,20903166,150,CDS
61090,20882262,20882464,202,CDS
61091,20881987,20882191,204,CDS
61092,20877553,20877677,124,CDS
61093,20877149,20877477,328,CDS
61094,20876912,20877083,171,CDS
61095,20875080,20875136,56,CDS
61096,20874274,20874432,158,CDS
61097,20873957,20874177,220,CDS
61098,20873749,20873890,141,CDS
61099,20903016,20903166,150,CDS
61100,20882262,20882464,202,CDS
61101,20881987,20882191,204,CDS
61102,20877553,20877677,124,CDS
61103,20877149,20877477,328,CDS
61104,20876912,20877083,171,CDS
61105,20875638,20875724,86,CDS
61106,20874274,20874432,158,CDS
61107,20873957,20874177,220,CDS
61108,20873749,20873890,141,CDS
61109,20903016,20903166,150,CDS
61110,20882262,20882464,202,CDS
61111,20881987,20882191,204,CDS
61112,20877553,20877677,124,CDS
61113,20877149,20877477,328,CDS
61114,20876912,20877083,171,CDS
61115,20876587,20876613,26,CDS
61116,20875638,20875724,86,CDS
61117,20874274,20874432,158,CDS
61118,20873957,20874177,220,CDS
61119,20873749,20873890,141,CDS
61120,20903016,20903166,150,CDS
61121,20882262,20882464,202,CDS
61122,20881987,20882191,204,CDS
61123,20877553,20877677,124,CDS
61124,20877149,20877477,328,CDS
61125,20876912,20877083,171,CDS
61126,20876587,20876616,29,CDS
61127,20875638,20875724,86,CDS
61128,20874274,20874432,158,CDS
61129,20873957,20874177,220,CDS
61130,20873749,20873890,141,CDS
61131,20885289,20885454,165,CDS
61132,20882262,20882464,202,CDS
61133,20881987,20882191,204,CDS
61134,20877553,20877677,124,CDS
61135,20877149,20877477,328,CDS
61136,20876912,20877083,171,CDS
61137,20874274,20874432,158,CDS
61138,20873957,20874177,220,CDS
61139,20873749,20873890,141,CDS
61140,20885289,20885454,165,CDS
61141,20882262,20882464,202,CDS
61142,20881987,20882191,204,CDS
61143,20877553,20877677,124,CDS
61144,20877149,20877477,328,CDS
61145,20876912,20877083,171,CDS
61146,20874274,20874432,158,CDS
61147,20873957,20874177,220,CDS
61148,20873749,20873890,141,CDS
61149,20885289,20885454,165,CDS
61150,20882262,20882464,202,CDS
61151,20881987,20882191,204,CDS
61152,20877553,20877677,124,CDS
61153,20877149,20877477,328,CDS
61154,20876912,20877083,171,CDS
61155,20875080,20875136,56,CDS
61156,20874274,20874432,158,CDS
61157,20873957,20874177,220,CDS
61158,20873749,20873890,141,CDS
61159,20874114,20875540,1426,gene
61160,20874114,20874783,669,ncRNA
61161,20874841,20875044,203,ncRNA
61162,20875099,20875540,441,ncRNA
61163,20891618,20896634,5016,mobile_element
61164,20900745,20900911,166,mobile_element
61165,20901134,20901524,390,gene
61166,20901134,20901298,164,exon
61167,20901339,20901524,185,exon
61168,20901513,20902616,1103,mobile_element
61169,20903433,20903480,47,CDS
61170,20914770,20914881,111,mobile_element
61171,20919094,20922876,3782,gene
61172,20922686,20922876,190,mRNA
61173,20921272,20922071,799,mRNA
61174,20920286,20921216,930,mRNA
61175,20919686,20920226,540,mRNA
61176,20919451,20919618,167,mRNA
61177,20919094,20919392,298,mRNA
61178,20922686,20922752,66,CDS
61179,20921272,20922071,799,CDS
61180,20920286,20921216,930,CDS
61181,20919686,20920226,540,CDS
61182,20919451,20919618,167,CDS
61183,20919239,20919392,153,CDS
61184,20923099,20923608,509,mobile_element
61185,20923955,20924534,579,gene
61186,20923955,20924111,156,exon
61187,20924169,20924534,365,exon
61188,20924975,20926147,1172,gene
61189,20926034,20926147,113,mRNA
61190,20925914,20925975,61,mRNA
61191,20925264,20925850,586,mRNA
61192,20924975,20925174,199,mRNA
61193,20926034,20926147,113,mRNA
61194,20925914,20925975,61,mRNA
61195,20925264,20925850,586,mRNA
61196,20925033,20925174,141,mRNA
61197,20926034,20926046,12,CDS
61198,20925914,20925975,61,CDS
61199,20925264,20925850,586,CDS
61200,20925096,20925174,78,CDS
61201,20926034,20926046,12,CDS
61202,20925914,20925975,61,CDS
61203,20925264,20925850,586,CDS
61204,20925096,20925174,78,CDS
61205,20926319,20927860,1541,gene
61206,20927689,20927860,171,mRNA
61207,20927157,20927624,467,mRNA
61208,20926921,20927091,170,mRNA
61209,20926319,20926864,545,mRNA
61210,20927689,20927799,110,CDS
61211,20927157,20927624,467,CDS
61212,20926921,20927091,170,CDS
61213,20926448,20926864,416,CDS
61214,20928129,20928609,480,mobile_element
61215,20928824,20929525,701,gene
61216,20928824,20929035,211,exon
61217,20929145,20929525,380,exon
61218,20929426,20929460,34,mobile_element
61219,20929456,20934113,4657,gene
61220,20933910,20934113,203,mRNA
61221,20933435,20933683,248,mRNA
61222,20933220,20933373,153,mRNA
61223,20931408,20933158,1750,mRNA
61224,20930143,20931352,1209,mRNA
61225,20929668,20930084,416,mRNA
61226,20929456,20929613,157,mRNA
61227,20933910,20933977,67,CDS
61228,20933435,20933683,248,CDS
61229,20933220,20933373,153,CDS
61230,20931408,20933158,1750,CDS
61231,20930143,20931352,1209,CDS
61232,20929668,20930084,416,CDS
61233,20929584,20929613,29,CDS
61234,20935137,20935201,64,mobile_element
61235,20947135,20948170,1035,gene
61236,20947135,20948170,1035,ncRNA
61237,20965520,21052164,86644,gene
61238,21051774,21052164,390,mRNA
61239,21051003,21051422,419,mRNA
61240,21028637,21028681,44,mRNA
61241,21019776,21019777,1,mRNA
61242,20993233,20993377,144,mRNA
61243,20969165,20969523,358,mRNA
61244,20965520,20967746,2226,mRNA
61245,21051774,21051983,209,mRNA
61246,20965520,20967746,2226,mRNA
61247,21051774,21051983,209,mRNA
61248,21051003,21051422,419,mRNA
61249,21028635,21028681,46,mRNA
61250,20993233,20993377,144,mRNA
61251,20969165,20969523,358,mRNA
61252,20965520,20967746,2226,mRNA
61253,20968787,20968967,180,mRNA
61254,20965520,20967746,2226,mRNA
61255,20968636,20968967,331,mRNA
61256,20966304,20967746,1442,mRNA
61257,20965520,20966080,560,mRNA
61258,21051774,21051859,85,CDS
61259,20967386,20967746,360,CDS
61260,20967386,20967688,302,CDS
61261,20967386,20967688,302,CDS
61262,20967386,20967688,302,CDS
61263,20967386,20967688,302,CDS
61264,20976717,20981443,4726,mobile_element
61265,20981688,20981725,37,mobile_element
61266,20998626,20998687,61,mobile_element
61267,21020333,21023947,3614,mobile_element
61268,21034775,21034923,148,gene
61269,21034775,21034923,148,ncRNA
61270,21041189,21049393,8204,mobile_element
61271,21053033,21058044,5011,gene
61272,21053033,21053221,188,mRNA
61273,21053285,21053361,76,mRNA
61274,21053458,21053644,186,mRNA
61275,21054994,21055744,750,mRNA
61276,21055803,21055998,195,mRNA
61277,21056105,21058044,1939,mRNA
61278,21053033,21053221,188,mRNA
61279,21053285,21053361,76,mRNA
61280,21053458,21053644,186,mRNA
61281,21054994,21055744,750,mRNA
61282,21055803,21055998,195,mRNA
61283,21056105,21057780,1675,mRNA
61284,21053134,21053221,87,CDS
61285,21053285,21053361,76,CDS
61286,21053458,21053644,186,CDS
61287,21054994,21055744,750,CDS
61288,21055803,21055998,195,CDS
61289,21056105,21057205,1100,CDS
61290,21053134,21053221,87,CDS
61291,21053285,21053361,76,CDS
61292,21053458,21053644,186,CDS
61293,21054994,21055744,750,CDS
61294,21055803,21055998,195,CDS
61295,21056105,21057205,1100,CDS
61296,21057274,21057562,288,mobile_element
61297,21057706,21071502,13796,gene
61298,21071303,21071502,199,mRNA
61299,21069355,21069607,252,mRNA
61300,21062455,21062608,153,mRNA
61301,21062261,21062385,124,mRNA
61302,21059927,21060037,110,mRNA
61303,21059727,21059852,125,mRNA
61304,21059547,21059668,121,mRNA
61305,21059341,21059457,116,mRNA
61306,21057706,21058475,769,mRNA
61307,21070771,21071243,472,mRNA
61308,21069355,21069645,290,mRNA
61309,21062455,21062608,153,mRNA
61310,21062261,21062385,124,mRNA
61311,21059927,21060037,110,mRNA
61312,21059727,21059852,125,mRNA
61313,21059547,21059668,121,mRNA
61314,21059341,21059457,116,mRNA
61315,21057706,21058475,769,mRNA
61316,21069355,21070281,926,mRNA
61317,21062455,21062608,153,mRNA
61318,21062261,21062385,124,mRNA
61319,21059927,21060037,110,mRNA
61320,21059727,21059852,125,mRNA
61321,21059547,21059668,121,mRNA
61322,21059341,21059457,116,mRNA
61323,21057706,21058475,769,mRNA
61324,21069355,21069903,548,mRNA
61325,21062455,21062608,153,mRNA
61326,21062261,21062385,124,mRNA
61327,21059927,21060037,110,mRNA
61328,21059727,21059852,125,mRNA
61329,21059547,21059668,121,mRNA
61330,21059341,21059457,116,mRNA
61331,21057706,21058475,769,mRNA
61332,21069355,21069564,209,CDS
61333,21062455,21062608,153,CDS
61334,21062261,21062385,124,CDS
61335,21059927,21060037,110,CDS
61336,21059727,21059852,125,CDS
61337,21059547,21059668,121,CDS
61338,21059341,21059457,116,CDS
61339,21058241,21058475,234,CDS
61340,21069355,21069564,209,CDS
61341,21062455,21062608,153,CDS
61342,21062261,21062385,124,CDS
61343,21059927,21060037,110,CDS
61344,21059727,21059852,125,CDS
61345,21059547,21059668,121,CDS
61346,21059341,21059457,116,CDS
61347,21058241,21058475,234,CDS
61348,21069355,21069564,209,CDS
61349,21062455,21062608,153,CDS
61350,21062261,21062385,124,CDS
61351,21059927,21060037,110,CDS
61352,21059727,21059852,125,CDS
61353,21059547,21059668,121,CDS
61354,21059341,21059457,116,CDS
61355,21058241,21058475,234,CDS
61356,21069355,21069564,209,CDS
61357,21062455,21062608,153,CDS
61358,21062261,21062385,124,CDS
61359,21059927,21060037,110,CDS
61360,21059727,21059852,125,CDS
61361,21059547,21059668,121,CDS
61362,21059341,21059457,116,CDS
61363,21058241,21058475,234,CDS
61364,21071729,21071819,90,mobile_element
61365,21075405,21081053,5648,gene
61366,21075405,21075715,310,mRNA
61367,21077359,21077504,145,mRNA
61368,21077563,21077757,194,mRNA
61369,21078094,21078185,91,mRNA
61370,21078271,21078408,137,mRNA
61371,21078967,21079121,154,mRNA
61372,21079290,21079956,666,mRNA
61373,21080037,21080135,98,mRNA
61374,21080201,21081053,852,mRNA
61375,21075405,21075715,310,mRNA
61376,21077359,21077504,145,mRNA
61377,21077563,21077757,194,mRNA
61378,21078094,21078185,91,mRNA
61379,21078271,21078408,137,mRNA
61380,21078967,21079121,154,mRNA
61381,21079290,21079956,666,mRNA
61382,21080037,21080135,98,mRNA
61383,21080201,21081053,852,mRNA
61384,21075702,21075715,13,CDS
61385,21077359,21077504,145,CDS
61386,21077563,21077757,194,CDS
61387,21078094,21078185,91,CDS
61388,21078271,21078408,137,CDS
61389,21078967,21079121,154,CDS
61390,21079290,21079956,666,CDS
61391,21080037,21080135,98,CDS
61392,21080201,21080854,653,CDS
61393,21075702,21075715,13,CDS
61394,21077359,21077504,145,CDS
61395,21077563,21077757,194,CDS
61396,21078094,21078185,91,CDS
61397,21078271,21078408,137,CDS
61398,21078967,21079121,154,CDS
61399,21079290,21079956,666,CDS
61400,21080037,21080135,98,CDS
61401,21080201,21080752,551,CDS
61402,21081127,21082494,1367,gene
61403,21082179,21082494,315,mRNA
61404,21081849,21082117,268,mRNA
61405,21081127,21081789,662,mRNA
61406,21082179,21082494,315,CDS
61407,21081849,21082117,268,CDS
61408,21081127,21081789,662,CDS
61409,21082643,21084326,1683,gene
61410,21083936,21084326,390,mRNA
61411,21083607,21083881,274,mRNA
61412,21082643,21083542,899,mRNA
61413,21083936,21084287,351,CDS
61414,21083607,21083881,274,CDS
61415,21082889,21083542,653,CDS
61416,21084605,21086506,1901,gene
61417,21086225,21086506,281,mRNA
61418,21085643,21085781,138,mRNA
61419,21084605,21085588,983,mRNA
61420,21086225,21086374,149,CDS
61421,21085643,21085781,138,CDS
61422,21084708,21085588,880,CDS
61423,21086790,21088751,1961,gene
61424,21088568,21088751,183,mRNA
61425,21088380,21088506,126,mRNA
61426,21088031,21088315,284,mRNA
61427,21087881,21087968,87,mRNA
61428,21087658,21087743,85,mRNA
61429,21087113,21087594,481,mRNA
61430,21086790,21087051,261,mRNA
61431,21088568,21088730,162,CDS
61432,21088380,21088506,126,CDS
61433,21088031,21088315,284,CDS
61434,21087881,21087968,87,CDS
61435,21087658,21087743,85,CDS
61436,21087113,21087594,481,CDS
61437,21086900,21087051,151,CDS
61438,21089375,21090999,1624,gene
61439,21089375,21089431,56,mRNA
61440,21089491,21090899,1408,mRNA
61441,21089547,21090999,1452,mRNA
61442,21089547,21090899,1352,mRNA
61443,21089567,21090835,1268,CDS
61444,21089567,21090835,1268,CDS
61445,21089567,21090835,1268,CDS
61446,21091227,21094864,3637,gene
61447,21091227,21091368,141,mRNA
61448,21094409,21094637,228,mRNA
61449,21094703,21094864,161,mRNA
61450,21091367,21091368,1,CDS
61451,21094409,21094637,228,CDS
61452,21094703,21094795,92,CDS
61453,21094966,21102429,7463,gene
61454,21102170,21102429,259,mRNA
61455,21101723,21102106,383,mRNA
61456,21100954,21101608,654,mRNA
61457,21100711,21100889,178,mRNA
61458,21099471,21100645,1174,mRNA
61459,21099037,21099407,370,mRNA
61460,21094966,21095412,446,mRNA
61461,21102170,21102261,91,CDS
61462,21101723,21102106,383,CDS
61463,21100954,21101608,654,CDS
61464,21100711,21100889,178,CDS
61465,21099471,21100645,1174,CDS
61466,21099037,21099407,370,CDS
61467,21095053,21095412,359,CDS
61468,21096922,21098932,2010,gene
61469,21096922,21097278,356,mRNA
61470,21098584,21098932,348,mRNA
61471,21097189,21097278,89,CDS
61472,21098584,21098727,143,CDS
61473,21102586,21104298,1712,gene
61474,21104034,21104298,264,ncRNA
61475,21102586,21103970,1384,ncRNA
61476,21102743,21104321,1578,gene
61477,21102743,21104321,1578,mRNA
61478,21102883,21103926,1043,CDS
61479,21104568,21134255,29687,gene
61480,21104568,21132909,28341,gene
61481,21104568,21105008,440,mRNA
61482,21114594,21115092,498,mRNA
61483,21116260,21116482,222,mRNA
61484,21117871,21118134,263,mRNA
61485,21119753,21119952,199,mRNA
61486,21120060,21120180,120,mRNA
61487,21120276,21120414,138,mRNA
61488,21120479,21120696,217,mRNA
61489,21120755,21121047,292,mRNA
61490,21121110,21121235,125,mRNA
61491,21121582,21121769,187,mRNA
61492,21122251,21122389,138,mRNA
61493,21124135,21124191,56,mRNA
61494,21124287,21124373,86,mRNA
61495,21124440,21124614,174,mRNA
61496,21125317,21125439,122,mRNA
61497,21127850,21128062,212,mRNA
61498,21128779,21129082,303,mRNA
61499,21132034,21132909,875,mRNA
61500,21104568,21105008,440,mRNA
61501,21114594,21115092,498,mRNA
61502,21116260,21116482,222,mRNA
61503,21117871,21118134,263,mRNA
61504,21119753,21119952,199,mRNA
61505,21120060,21120180,120,mRNA
61506,21120276,21120414,138,mRNA
61507,21120479,21120696,217,mRNA
61508,21120755,21121047,292,mRNA
61509,21121110,21121235,125,mRNA
61510,21121582,21121769,187,mRNA
61511,21122251,21122389,138,mRNA
61512,21124135,21124191,56,mRNA
61513,21124287,21124373,86,mRNA
61514,21124440,21124521,81,mRNA
61515,21125347,21125439,92,mRNA
61516,21127850,21128062,212,mRNA
61517,21128740,21129082,342,mRNA
61518,21132034,21132909,875,mRNA
61519,21104568,21105008,440,mRNA
61520,21114594,21115092,498,mRNA
61521,21116260,21116482,222,mRNA
61522,21117871,21118134,263,mRNA
61523,21119753,21119952,199,mRNA
61524,21120060,21120180,120,mRNA
61525,21120276,21120414,138,mRNA
61526,21120479,21120696,217,mRNA
61527,21120755,21121047,292,mRNA
61528,21121110,21121235,125,mRNA
61529,21121582,21121769,187,mRNA
61530,21122251,21122389,138,mRNA
61531,21124135,21124191,56,mRNA
61532,21124287,21124373,86,mRNA
61533,21124440,21124521,81,mRNA
61534,21125347,21125439,92,mRNA
61535,21127850,21128062,212,mRNA
61536,21128740,21129082,342,mRNA
61537,21132034,21132909,875,mRNA
61538,21104568,21105008,440,mRNA
61539,21114594,21115092,498,mRNA
61540,21116260,21116482,222,mRNA
61541,21117871,21118134,263,mRNA
61542,21119753,21119952,199,mRNA
61543,21120060,21120180,120,mRNA
61544,21120276,21120414,138,mRNA
61545,21120479,21120696,217,mRNA
61546,21120755,21121047,292,mRNA
61547,21121110,21121235,125,mRNA
61548,21121582,21121739,157,mRNA
61549,21122251,21122389,138,mRNA
61550,21124135,21124191,56,mRNA
61551,21124287,21124373,86,mRNA
61552,21124440,21124521,81,mRNA
61553,21125347,21125439,92,mRNA
61554,21126159,21126374,215,mRNA
61555,21127850,21128062,212,mRNA
61556,21128740,21129082,342,mRNA
61557,21132034,21132909,875,mRNA
61558,21104568,21105008,440,mRNA
61559,21114594,21115092,498,mRNA
61560,21116260,21116482,222,mRNA
61561,21117871,21118134,263,mRNA
61562,21119753,21119952,199,mRNA
61563,21120060,21120180,120,mRNA
61564,21120276,21120414,138,mRNA
61565,21120479,21120696,217,mRNA
61566,21120755,21121047,292,mRNA
61567,21121110,21121235,125,mRNA
61568,21121582,21121769,187,mRNA
61569,21122251,21122389,138,mRNA
61570,21124135,21124191,56,mRNA
61571,21124287,21124373,86,mRNA
61572,21124440,21124521,81,mRNA
61573,21125317,21125439,122,mRNA
61574,21127850,21128062,212,mRNA
61575,21128740,21129082,342,mRNA
61576,21130005,21130286,281,mRNA
61577,21131231,21131984,753,mRNA
61578,21104635,21104763,128,CDS
61579,21106805,21107306,501,gene
61580,21107061,21107306,245,ncRNA
61581,21106805,21106995,190,ncRNA
61582,21106805,21107306,501,ncRNA
61583,21107781,21108227,446,mRNA
61584,21114594,21115092,498,mRNA
61585,21116260,21116482,222,mRNA
61586,21117871,21118134,263,mRNA
61587,21119753,21119952,199,mRNA
61588,21120060,21120180,120,mRNA
61589,21120276,21120414,138,mRNA
61590,21120479,21120696,217,mRNA
61591,21120755,21121047,292,mRNA
61592,21121110,21121235,125,mRNA
61593,21121582,21121739,157,mRNA
61594,21122251,21122389,138,mRNA
61595,21124135,21124191,56,mRNA
61596,21124287,21124373,86,mRNA
61597,21124440,21124614,174,mRNA
61598,21125347,21125439,92,mRNA
61599,21126159,21126374,215,mRNA
61600,21127850,21128062,212,mRNA
61601,21128740,21129082,342,mRNA
61602,21131231,21131463,232,mRNA
61603,21132034,21134255,2221,mRNA
61604,21107781,21108227,446,mRNA
61605,21114594,21115092,498,mRNA
61606,21116260,21116482,222,mRNA
61607,21117871,21118134,263,mRNA
61608,21119753,21119952,199,mRNA
61609,21120060,21120180,120,mRNA
61610,21120276,21120414,138,mRNA
61611,21120479,21120696,217,mRNA
61612,21120755,21121047,292,mRNA
61613,21121110,21121235,125,mRNA
61614,21121582,21121739,157,mRNA
61615,21122251,21122389,138,mRNA
61616,21124135,21124191,56,mRNA
61617,21124287,21124373,86,mRNA
61618,21124440,21124614,174,mRNA
61619,21125347,21125439,92,mRNA
61620,21126159,21126374,215,mRNA
61621,21127850,21128062,212,mRNA
61622,21128740,21129082,342,mRNA
61623,21132034,21134255,2221,mRNA
61624,21107781,21108227,446,mRNA
61625,21114594,21115092,498,mRNA
61626,21116260,21116482,222,mRNA
61627,21117871,21118134,263,mRNA
61628,21119753,21119952,199,mRNA
61629,21120060,21120180,120,mRNA
61630,21120276,21120414,138,mRNA
61631,21120479,21120696,217,mRNA
61632,21120755,21121047,292,mRNA
61633,21121110,21121235,125,mRNA
61634,21121582,21121739,157,mRNA
61635,21122251,21122389,138,mRNA
61636,21124135,21124191,56,mRNA
61637,21124287,21124373,86,mRNA
61638,21124440,21124521,81,mRNA
61639,21125347,21125439,92,mRNA
61640,21126159,21126374,215,mRNA
61641,21127850,21128062,212,mRNA
61642,21128740,21129082,342,mRNA
61643,21132034,21132909,875,mRNA
61644,21107781,21108227,446,mRNA
61645,21114594,21115092,498,mRNA
61646,21116260,21116482,222,mRNA
61647,21117871,21118134,263,mRNA
61648,21119753,21119952,199,mRNA
61649,21120060,21120180,120,mRNA
61650,21120276,21120414,138,mRNA
61651,21120479,21120696,217,mRNA
61652,21120755,21121047,292,mRNA
61653,21121110,21121235,125,mRNA
61654,21121582,21121739,157,mRNA
61655,21122251,21122389,138,mRNA
61656,21124135,21124191,56,mRNA
61657,21124287,21124373,86,mRNA
61658,21124440,21124521,81,mRNA
61659,21125347,21125439,92,mRNA
61660,21127850,21128062,212,mRNA
61661,21128740,21129082,342,mRNA
61662,21132034,21132909,875,mRNA
61663,21107781,21108227,446,mRNA
61664,21114594,21115092,498,mRNA
61665,21116260,21116482,222,mRNA
61666,21117871,21118134,263,mRNA
61667,21119753,21119952,199,mRNA
61668,21120060,21120180,120,mRNA
61669,21120276,21120414,138,mRNA
61670,21120479,21120696,217,mRNA
61671,21120755,21121047,292,mRNA
61672,21121110,21121235,125,mRNA
61673,21121582,21121739,157,mRNA
61674,21122251,21122389,138,mRNA
61675,21124135,21124191,56,mRNA
61676,21124287,21124373,86,mRNA
61677,21124440,21124521,81,mRNA
61678,21125347,21125439,92,mRNA
61679,21126159,21126374,215,mRNA
61680,21127850,21128062,212,mRNA
61681,21128740,21129082,342,mRNA
61682,21130005,21131984,1979,mRNA
61683,21107781,21108227,446,mRNA
61684,21114594,21115092,498,mRNA
61685,21116260,21116482,222,mRNA
61686,21117871,21118134,263,mRNA
61687,21119753,21119952,199,mRNA
61688,21120060,21120180,120,mRNA
61689,21120276,21120414,138,mRNA
61690,21120479,21120696,217,mRNA
61691,21120755,21121047,292,mRNA
61692,21121110,21121543,433,mRNA
61693,21107781,21108227,446,mRNA
61694,21114594,21115092,498,mRNA
61695,21116260,21116482,222,mRNA
61696,21117871,21118134,263,mRNA
61697,21119753,21119952,199,mRNA
61698,21120060,21120180,120,mRNA
61699,21120276,21120414,138,mRNA
61700,21120479,21120696,217,mRNA
61701,21120755,21121047,292,mRNA
61702,21121110,21121235,125,mRNA
61703,21121333,21121543,210,mRNA
61704,21112155,21112301,146,mobile_element
61705,21114492,21114534,42,mRNA
61706,21114594,21115092,498,mRNA
61707,21116260,21116482,222,mRNA
61708,21117871,21118134,263,mRNA
61709,21119753,21119952,199,mRNA
61710,21120060,21120180,120,mRNA
61711,21120276,21120414,138,mRNA
61712,21120479,21120696,217,mRNA
61713,21120755,21121047,292,mRNA
61714,21121110,21121235,125,mRNA
61715,21121582,21121769,187,mRNA
61716,21122251,21122389,138,mRNA
61717,21122913,21122927,14,mRNA
61718,21124135,21124191,56,mRNA
61719,21124287,21124373,86,mRNA
61720,21124443,21124521,78,mRNA
61721,21125347,21125439,92,mRNA
61722,21126159,21126374,215,mRNA
61723,21127850,21128062,212,mRNA
61724,21128740,21129082,342,mRNA
61725,21132034,21132909,875,mRNA
61726,21114682,21115092,410,CDS
61727,21116260,21116482,222,CDS
61728,21117871,21118134,263,CDS
61729,21119753,21119952,199,CDS
61730,21120060,21120180,120,CDS
61731,21120276,21120414,138,CDS
61732,21120479,21120696,217,CDS
61733,21120755,21121047,292,CDS
61734,21121110,21121235,125,CDS
61735,21121582,21121769,187,CDS
61736,21122251,21122389,138,CDS
61737,21122913,21122927,14,CDS
61738,21124135,21124191,56,CDS
61739,21124287,21124373,86,CDS
61740,21124443,21124521,78,CDS
61741,21125347,21125439,92,CDS
61742,21126159,21126374,215,CDS
61743,21127850,21128062,212,CDS
61744,21128740,21129082,342,CDS
61745,21132034,21132526,492,CDS
61746,21114682,21115092,410,CDS
61747,21116260,21116482,222,CDS
61748,21117871,21118134,263,CDS
61749,21119753,21119952,199,CDS
61750,21120060,21120180,120,CDS
61751,21120276,21120414,138,CDS
61752,21120479,21120696,217,CDS
61753,21120755,21121047,292,CDS
61754,21121110,21121235,125,CDS
61755,21121582,21121769,187,CDS
61756,21122251,21122389,138,CDS
61757,21124135,21124191,56,CDS
61758,21124287,21124373,86,CDS
61759,21124440,21124614,174,CDS
61760,21125317,21125439,122,CDS
61761,21127850,21128062,212,CDS
61762,21128779,21129082,303,CDS
61763,21132034,21132526,492,CDS
61764,21114682,21115092,410,CDS
61765,21116260,21116482,222,CDS
61766,21117871,21118134,263,CDS
61767,21119753,21119952,199,CDS
61768,21120060,21120180,120,CDS
61769,21120276,21120414,138,CDS
61770,21120479,21120696,217,CDS
61771,21120755,21121047,292,CDS
61772,21121110,21121235,125,CDS
61773,21121582,21121769,187,CDS
61774,21122251,21122389,138,CDS
61775,21124135,21124191,56,CDS
61776,21124287,21124373,86,CDS
61777,21124440,21124521,81,CDS
61778,21125347,21125439,92,CDS
61779,21127850,21128062,212,CDS
61780,21128740,21129082,342,CDS
61781,21132034,21132526,492,CDS
61782,21114682,21115092,410,CDS
61783,21116260,21116482,222,CDS
61784,21117871,21118134,263,CDS
61785,21119753,21119952,199,CDS
61786,21120060,21120180,120,CDS
61787,21120276,21120414,138,CDS
61788,21120479,21120696,217,CDS
61789,21120755,21121047,292,CDS
61790,21121110,21121235,125,CDS
61791,21121582,21121739,157,CDS
61792,21122251,21122389,138,CDS
61793,21124135,21124191,56,CDS
61794,21124287,21124373,86,CDS
61795,21124440,21124614,174,CDS
61796,21125347,21125439,92,CDS
61797,21126159,21126374,215,CDS
61798,21127850,21128062,212,CDS
61799,21128740,21129082,342,CDS
61800,21132034,21132526,492,CDS
61801,21114682,21115092,410,CDS
61802,21116260,21116482,222,CDS
61803,21117871,21118134,263,CDS
61804,21119753,21119952,199,CDS
61805,21120060,21120180,120,CDS
61806,21120276,21120414,138,CDS
61807,21120479,21120696,217,CDS
61808,21120755,21121047,292,CDS
61809,21121110,21121235,125,CDS
61810,21121582,21121739,157,CDS
61811,21122251,21122389,138,CDS
61812,21124135,21124191,56,CDS
61813,21124287,21124373,86,CDS
61814,21124440,21124521,81,CDS
61815,21125347,21125439,92,CDS
61816,21126159,21126374,215,CDS
61817,21127850,21128062,212,CDS
61818,21128740,21129082,342,CDS
61819,21132034,21132526,492,CDS
61820,21114682,21115092,410,CDS
61821,21116260,21116482,222,CDS
61822,21117871,21118134,263,CDS
61823,21119753,21119952,199,CDS
61824,21120060,21120180,120,CDS
61825,21120276,21120414,138,CDS
61826,21120479,21120696,217,CDS
61827,21120755,21121047,292,CDS
61828,21121110,21121235,125,CDS
61829,21121582,21121739,157,CDS
61830,21122251,21122389,138,CDS
61831,21124135,21124191,56,CDS
61832,21124287,21124373,86,CDS
61833,21124440,21124521,81,CDS
61834,21125347,21125439,92,CDS
61835,21126159,21126374,215,CDS
61836,21127850,21128062,212,CDS
61837,21128740,21129082,342,CDS
61838,21132034,21132526,492,CDS
61839,21114682,21115092,410,CDS
61840,21116260,21116482,222,CDS
61841,21117871,21118134,263,CDS
61842,21119753,21119952,199,CDS
61843,21120060,21120180,120,CDS
61844,21120276,21120414,138,CDS
61845,21120479,21120696,217,CDS
61846,21120755,21121047,292,CDS
61847,21121110,21121235,125,CDS
61848,21121582,21121739,157,CDS
61849,21122251,21122389,138,CDS
61850,21124135,21124191,56,CDS
61851,21124287,21124373,86,CDS
61852,21124440,21124521,81,CDS
61853,21125347,21125439,92,CDS
61854,21127850,21128062,212,CDS
61855,21128740,21129082,342,CDS
61856,21132034,21132526,492,CDS
61857,21114682,21115092,410,CDS
61858,21116260,21116482,222,CDS
61859,21117871,21118134,263,CDS
61860,21119753,21119952,199,CDS
61861,21120060,21120180,120,CDS
61862,21120276,21120414,138,CDS
61863,21120479,21120696,217,CDS
61864,21120755,21121047,292,CDS
61865,21121110,21121235,125,CDS
61866,21121582,21121769,187,CDS
61867,21122251,21122389,138,CDS
61868,21124135,21124191,56,CDS
61869,21124287,21124373,86,CDS
61870,21124440,21124521,81,CDS
61871,21125317,21125439,122,CDS
61872,21127850,21128062,212,CDS
61873,21128740,21129082,342,CDS
61874,21130005,21130286,281,CDS
61875,21131231,21131255,24,CDS
61876,21114682,21115092,410,CDS
61877,21116260,21116482,222,CDS
61878,21117871,21118134,263,CDS
61879,21119753,21119952,199,CDS
61880,21120060,21120180,120,CDS
61881,21120276,21120414,138,CDS
61882,21120479,21120696,217,CDS
61883,21120755,21121047,292,CDS
61884,21121110,21121235,125,CDS
61885,21121582,21121739,157,CDS
61886,21122251,21122389,138,CDS
61887,21124135,21124191,56,CDS
61888,21124287,21124373,86,CDS
61889,21124440,21124614,174,CDS
61890,21125347,21125439,92,CDS
61891,21126159,21126374,215,CDS
61892,21127850,21128062,212,CDS
61893,21128740,21129082,342,CDS
61894,21131231,21131255,24,CDS
61895,21114682,21115092,410,CDS
61896,21116260,21116482,222,CDS
61897,21117871,21118134,263,CDS
61898,21119753,21119952,199,CDS
61899,21120060,21120180,120,CDS
61900,21120276,21120414,138,CDS
61901,21120479,21120696,217,CDS
61902,21120755,21121047,292,CDS
61903,21121110,21121235,125,CDS
61904,21121582,21121739,157,CDS
61905,21122251,21122389,138,CDS
61906,21124135,21124191,56,CDS
61907,21124287,21124373,86,CDS
61908,21124440,21124521,81,CDS
61909,21125347,21125439,92,CDS
61910,21126159,21126374,215,CDS
61911,21127850,21128062,212,CDS
61912,21128740,21129082,342,CDS
61913,21130005,21130290,285,CDS
61914,21114682,21115092,410,CDS
61915,21116260,21116482,222,CDS
61916,21117871,21118134,263,CDS
61917,21119753,21119952,199,CDS
61918,21120060,21120180,120,CDS
61919,21120276,21120414,138,CDS
61920,21120479,21120696,217,CDS
61921,21120755,21121047,292,CDS
61922,21121110,21121235,125,CDS
61923,21121333,21121509,176,CDS
61924,21114682,21115092,410,CDS
61925,21116260,21116482,222,CDS
61926,21117871,21118134,263,CDS
61927,21119753,21119952,199,CDS
61928,21120060,21120180,120,CDS
61929,21120276,21120414,138,CDS
61930,21120479,21120696,217,CDS
61931,21120755,21121047,292,CDS
61932,21121110,21121259,149,CDS
61933,21134439,21142347,7908,gene
61934,21142239,21142347,108,mRNA
61935,21141625,21142012,387,mRNA
61936,21141178,21141552,374,mRNA
61937,21140569,21141008,439,mRNA
61938,21140217,21140478,261,mRNA
61939,21140009,21140156,147,mRNA
61940,21139676,21139942,266,mRNA
61941,21138712,21139602,890,mRNA
61942,21138113,21138361,248,mRNA
61943,21137757,21138030,273,mRNA
61944,21137515,21137688,173,mRNA
61945,21134439,21135029,590,mRNA
61946,21141625,21141788,163,CDS
61947,21141178,21141552,374,CDS
61948,21140569,21141008,439,CDS
61949,21140217,21140478,261,CDS
61950,21140009,21140156,147,CDS
61951,21139676,21139942,266,CDS
61952,21138712,21139602,890,CDS
61953,21138113,21138361,248,CDS
61954,21137757,21138030,273,CDS
61955,21137515,21137688,173,CDS
61956,21134701,21135029,328,CDS
61957,21142239,21142347,108,mRNA
61958,21141625,21142012,387,mRNA
61959,21141178,21141552,374,mRNA
61960,21140569,21141008,439,mRNA
61961,21140217,21140490,273,mRNA
61962,21140009,21140156,147,mRNA
61963,21139676,21139942,266,mRNA
61964,21138712,21139602,890,mRNA
61965,21137757,21138030,273,mRNA
61966,21137515,21137688,173,mRNA
61967,21135276,21137106,1830,mRNA
61968,21142239,21142347,108,mRNA
61969,21141625,21142012,387,mRNA
61970,21141178,21141552,374,mRNA
61971,21140569,21141008,439,mRNA
61972,21140217,21140490,273,mRNA
61973,21140009,21140156,147,mRNA
61974,21139676,21139942,266,mRNA
61975,21138712,21139602,890,mRNA
61976,21138113,21138361,248,mRNA
61977,21137757,21138030,273,mRNA
61978,21137515,21137688,173,mRNA
61979,21135276,21137106,1830,mRNA
61980,21141625,21141788,163,CDS
61981,21141178,21141552,374,CDS
61982,21140569,21141008,439,CDS
61983,21140217,21140490,273,CDS
61984,21140009,21140156,147,CDS
61985,21139676,21139942,266,CDS
61986,21138712,21139602,890,CDS
61987,21137757,21138030,273,CDS
61988,21137515,21137688,173,CDS
61989,21137096,21137106,10,CDS
61990,21141625,21141788,163,CDS
61991,21141178,21141552,374,CDS
61992,21140569,21141008,439,CDS
61993,21140217,21140490,273,CDS
61994,21140009,21140156,147,CDS
61995,21139676,21139942,266,CDS
61996,21138712,21139602,890,CDS
61997,21138113,21138361,248,CDS
61998,21137757,21138030,273,CDS
61999,21137515,21137688,173,CDS
62000,21137096,21137106,10,CDS
62001,21142239,21142347,108,mRNA
62002,21141625,21142012,387,mRNA
62003,21141178,21141552,374,mRNA
62004,21140569,21141008,439,mRNA
62005,21140217,21140490,273,mRNA
62006,21140009,21140156,147,mRNA
62007,21139676,21139942,266,mRNA
62008,21138712,21139602,890,mRNA
62009,21137757,21138030,273,mRNA
62010,21137131,21137688,557,mRNA
62011,21142239,21142347,108,mRNA
62012,21141625,21142012,387,mRNA
62013,21141178,21141552,374,mRNA
62014,21140569,21141008,439,mRNA
62015,21140217,21140490,273,mRNA
62016,21140009,21140156,147,mRNA
62017,21139676,21139942,266,mRNA
62018,21138712,21139602,890,mRNA
62019,21138113,21138358,245,mRNA
62020,21137757,21138030,273,mRNA
62021,21137131,21137688,557,mRNA
62022,21142239,21142347,108,mRNA
62023,21141625,21142012,387,mRNA
62024,21141178,21141552,374,mRNA
62025,21140569,21141008,439,mRNA
62026,21140217,21140490,273,mRNA
62027,21140009,21140156,147,mRNA
62028,21139676,21139942,266,mRNA
62029,21138712,21139602,890,mRNA
62030,21138113,21138361,248,mRNA
62031,21137757,21138030,273,mRNA
62032,21137131,21137688,557,mRNA
62033,21141625,21141788,163,CDS
62034,21141178,21141552,374,CDS
62035,21140569,21141008,439,CDS
62036,21140217,21140490,273,CDS
62037,21140009,21140156,147,CDS
62038,21139676,21139942,266,CDS
62039,21138712,21139602,890,CDS
62040,21137757,21138030,273,CDS
62041,21137477,21137688,211,CDS
62042,21141625,21141788,163,CDS
62043,21141178,21141552,374,CDS
62044,21140569,21141008,439,CDS
62045,21140217,21140490,273,CDS
62046,21140009,21140156,147,CDS
62047,21139676,21139942,266,CDS
62048,21138712,21139602,890,CDS
62049,21138113,21138358,245,CDS
62050,21137757,21138030,273,CDS
62051,21137477,21137688,211,CDS
62052,21141625,21141788,163,CDS
62053,21141178,21141552,374,CDS
62054,21140569,21141008,439,CDS
62055,21140217,21140490,273,CDS
62056,21140009,21140156,147,CDS
62057,21139676,21139942,266,CDS
62058,21138712,21139602,890,CDS
62059,21138113,21138361,248,CDS
62060,21137757,21138030,273,CDS
62061,21137477,21137688,211,CDS
62062,21143229,21145146,1917,gene
62063,21143229,21143503,274,mRNA
62064,21143564,21143822,258,mRNA
62065,21144012,21145146,1134,mRNA
62066,21143306,21143503,197,CDS
62067,21143564,21143822,258,CDS
62068,21144012,21145078,1066,CDS
62069,21143854,21143941,87,gene
62070,21143854,21143941,87,ncRNA
62071,21145137,21148546,3409,gene
62072,21148201,21148546,345,mRNA
62073,21146940,21148136,1196,mRNA
62074,21145137,21146885,1748,mRNA
62075,21148201,21148417,216,mRNA
62076,21146949,21148136,1187,mRNA
62077,21145137,21146885,1748,mRNA
62078,21148201,21148417,216,mRNA
62079,21146940,21148136,1196,mRNA
62080,21145137,21146885,1748,mRNA
62081,21148201,21148362,161,CDS
62082,21146949,21148136,1187,CDS
62083,21145299,21146885,1586,CDS
62084,21148201,21148362,161,CDS
62085,21146940,21148136,1196,CDS
62086,21145299,21146885,1586,CDS
62087,21148201,21148362,161,CDS
62088,21146940,21148136,1196,CDS
62089,21145299,21146885,1586,CDS
62090,21149263,21150422,1159,mobile_element
62091,21150942,21151404,462,mobile_element
62092,21154293,21156749,2456,gene
62093,21155744,21156749,1005,mRNA
62094,21155572,21155681,109,mRNA
62095,21155107,21155365,258,mRNA
62096,21154646,21154985,339,mRNA
62097,21154293,21154579,286,mRNA
62098,21155744,21156232,488,mRNA
62099,21155572,21155681,109,mRNA
62100,21155107,21155365,258,mRNA
62101,21154646,21154985,339,mRNA
62102,21154293,21154579,286,mRNA
62103,21155744,21156043,299,CDS
62104,21155572,21155681,109,CDS
62105,21155107,21155365,258,CDS
62106,21154646,21154985,339,CDS
62107,21154476,21154579,103,CDS
62108,21155744,21156043,299,CDS
62109,21155572,21155681,109,CDS
62110,21155107,21155365,258,CDS
62111,21154646,21154985,339,CDS
62112,21154476,21154579,103,CDS
62113,21156288,21157685,1397,gene
62114,21156288,21156328,40,mRNA
62115,21156392,21157685,1293,mRNA
62116,21156845,21157524,679,mRNA
62117,21156971,21157459,488,CDS
62118,21156971,21157459,488,CDS
62119,21157433,21158611,1178,gene
62120,21158535,21158611,76,mRNA
62121,21158304,21158480,176,mRNA
62122,21157433,21158243,810,mRNA
62123,21158535,21158611,76,mRNA
62124,21158304,21158480,176,mRNA
62125,21157711,21158243,532,mRNA
62126,21157444,21157647,203,mRNA
62127,21158535,21158563,28,CDS
62128,21158304,21158480,176,CDS
62129,21157711,21158243,532,CDS
62130,21157517,21157647,130,CDS
62131,21158535,21158563,28,CDS
62132,21158304,21158480,176,CDS
62133,21157517,21158243,726,CDS
62134,21158847,21160903,2056,gene
62135,21158847,21158900,53,mRNA
62136,21159007,21159197,190,mRNA
62137,21159272,21160783,1511,mRNA
62138,21158904,21159197,293,mRNA
62139,21159272,21160903,1631,mRNA
62140,21158904,21159197,293,mRNA
62141,21159272,21160783,1511,mRNA
62142,21159009,21159197,188,CDS
62143,21159272,21160567,1295,CDS
62144,21159009,21159197,188,CDS
62145,21159272,21160567,1295,CDS
62146,21159009,21159197,188,CDS
62147,21159272,21160567,1295,CDS
62148,21160636,21163083,2447,gene
62149,21162233,21163083,850,mRNA
62150,21161198,21162177,979,mRNA
62151,21160636,21161139,503,mRNA
62152,21162233,21163002,769,CDS
62153,21161198,21162177,979,CDS
62154,21161012,21161139,127,CDS
62155,21163641,21166090,2449,gene
62156,21163641,21164704,1063,mRNA
62157,21164764,21166090,1326,mRNA
62158,21163679,21164704,1025,CDS
62159,21164764,21166038,1274,CDS
62160,21163871,21164271,400,gene
62161,21163871,21164271,400,ncRNA
62162,21166046,21168581,2535,gene
62163,21166046,21168581,2535,gene
62164,21167003,21168581,1578,mRNA
62165,21166046,21166948,902,mRNA
62166,21167003,21168581,1578,mRNA
62167,21166046,21166948,902,mRNA
62168,21167003,21168349,1346,mRNA
62169,21166046,21166948,902,mRNA
62170,21167003,21168349,1346,mRNA
62171,21166046,21166948,902,mRNA
62172,21166046,21166624,578,mRNA
62173,21166100,21166552,452,CDS
62174,21166100,21166552,452,CDS
62175,21166100,21166552,452,CDS
62176,21167003,21168214,1211,CDS
62177,21166679,21166948,269,CDS
62178,21167003,21168214,1211,CDS
62179,21166679,21166948,269,CDS
62180,21168570,21173185,4615,gene
62181,21168570,21168804,234,mRNA
62182,21170191,21171828,1637,mRNA
62183,21171895,21172398,503,mRNA
62184,21172460,21173184,724,mRNA
62185,21168651,21168804,153,mRNA
62186,21170191,21171828,1637,mRNA
62187,21171895,21172398,503,mRNA
62188,21172460,21173185,725,mRNA
62189,21168651,21168804,153,mRNA
62190,21170191,21171828,1637,mRNA
62191,21171895,21172398,503,mRNA
62192,21172460,21173017,557,mRNA
62193,21168651,21168804,153,mRNA
62194,21170191,21171828,1637,mRNA
62195,21171895,21172398,503,mRNA
62196,21172460,21172895,435,mRNA
62197,21168772,21168804,32,CDS
62198,21170191,21171828,1637,CDS
62199,21171895,21172398,503,CDS
62200,21172460,21172648,188,CDS
62201,21168772,21168804,32,CDS
62202,21170191,21171828,1637,CDS
62203,21171895,21172398,503,CDS
62204,21172460,21172648,188,CDS
62205,21168772,21168804,32,CDS
62206,21170191,21171828,1637,CDS
62207,21171895,21172398,503,CDS
62208,21172460,21172648,188,CDS
62209,21168772,21168804,32,CDS
62210,21170191,21171828,1637,CDS
62211,21171895,21172398,503,CDS
62212,21172460,21172648,188,CDS
62213,21173222,21174179,957,gene
62214,21173222,21173842,620,mRNA
62215,21173899,21174179,280,mRNA
62216,21173288,21173842,554,CDS
62217,21173899,21174132,233,CDS
62218,21174182,21179683,5501,gene
62219,21179330,21179683,353,mRNA
62220,21177571,21177678,107,mRNA
62221,21177205,21177509,304,mRNA
62222,21176671,21176971,300,mRNA
62223,21176509,21176605,96,mRNA
62224,21176007,21176376,369,mRNA
62225,21175741,21175933,192,mRNA
62226,21175280,21175681,401,mRNA
62227,21175033,21175224,191,mRNA
62228,21174182,21174975,793,mRNA
62229,21179330,21179683,353,mRNA
62230,21177571,21177678,107,mRNA
62231,21177205,21177509,304,mRNA
62232,21176671,21176971,300,mRNA
62233,21176509,21176605,96,mRNA
62234,21176007,21176376,369,mRNA
62235,21175741,21175933,192,mRNA
62236,21175280,21175681,401,mRNA
62237,21175033,21175224,191,mRNA
62238,21174383,21174975,592,mRNA
62239,21177571,21177660,89,CDS
62240,21177205,21177509,304,CDS
62241,21176671,21176971,300,CDS
62242,21176509,21176605,96,CDS
62243,21176007,21176376,369,CDS
62244,21175741,21175933,192,CDS
62245,21175280,21175681,401,CDS
62246,21175033,21175224,191,CDS
62247,21174874,21174975,101,CDS
62248,21177571,21177660,89,CDS
62249,21177205,21177509,304,CDS
62250,21176671,21176971,300,CDS
62251,21176509,21176605,96,CDS
62252,21176007,21176376,369,CDS
62253,21175741,21175933,192,CDS
62254,21175280,21175681,401,CDS
62255,21175033,21175224,191,CDS
62256,21174874,21174975,101,CDS
62257,21177040,21177176,136,gene
62258,21177040,21177176,136,ncRNA
62259,21178410,21179729,1319,gene
62260,21178410,21179729,1319,ncRNA
62261,21179933,21182812,2879,gene
62262,21179933,21181192,1259,mRNA
62263,21181253,21182812,1559,mRNA
62264,21180031,21181192,1161,CDS
62265,21181253,21182421,1168,CDS
62266,21182446,21198762,16316,gene
62267,21198733,21198762,29,mRNA
62268,21195063,21195355,292,mRNA
62269,21188148,21188920,772,mRNA
62270,21186074,21186239,165,mRNA
62271,21184278,21185989,1711,mRNA
62272,21184082,21184222,140,mRNA
62273,21182446,21184021,1575,mRNA
62274,21198653,21198762,109,mRNA
62275,21195063,21195355,292,mRNA
62276,21188148,21188920,772,mRNA
62277,21186074,21186239,165,mRNA
62278,21184278,21185989,1711,mRNA
62279,21184082,21184222,140,mRNA
62280,21182446,21184021,1575,mRNA
62281,21198653,21198762,109,mRNA
62282,21195063,21195496,433,mRNA
62283,21188148,21188920,772,mRNA
62284,21186074,21186239,165,mRNA
62285,21184278,21185989,1711,mRNA
62286,21184082,21184222,140,mRNA
62287,21182446,21184021,1575,mRNA
62288,21195063,21195129,66,CDS
62289,21188148,21188920,772,CDS
62290,21186074,21186239,165,CDS
62291,21184278,21185989,1711,CDS
62292,21184082,21184222,140,CDS
62293,21183173,21184021,848,CDS
62294,21195063,21195129,66,CDS
62295,21188148,21188920,772,CDS
62296,21186074,21186239,165,CDS
62297,21184278,21185989,1711,CDS
62298,21184082,21184222,140,CDS
62299,21183173,21184021,848,CDS
62300,21195063,21195129,66,CDS
62301,21188148,21188920,772,CDS
62302,21186074,21186239,165,CDS
62303,21184278,21185989,1711,CDS
62304,21184082,21184222,140,CDS
62305,21183173,21184021,848,CDS
62306,21199045,21200375,1330,gene
62307,21200011,21200076,65,mRNA
62308,21199045,21199957,912,mRNA
62309,21200208,21200263,55,mRNA
62310,21199187,21199960,773,mRNA
62311,21200208,21200375,167,mRNA
62312,21199238,21199957,719,mRNA
62313,21199401,21199937,536,CDS
62314,21199401,21199937,536,CDS
62315,21199401,21199937,536,CDS
62316,21200390,21200753,363,mobile_element
62317,21200771,21201175,404,mobile_element
62318,21201493,21202802,1309,gene
62319,21202434,21202802,368,mRNA
62320,21201493,21202272,779,mRNA
62321,21202434,21202709,275,mRNA
62322,21201535,21202272,737,mRNA
62323,21201716,21202252,536,CDS
62324,21201716,21202252,536,CDS
62325,21203399,21203735,336,mobile_element
62326,21204943,21205350,407,mobile_element
62327,21206493,21211818,5325,gene
62328,21206493,21206731,238,mRNA
62329,21206804,21206950,146,mRNA
62330,21207099,21207161,62,mRNA
62331,21207220,21207423,203,mRNA
62332,21207478,21207689,211,mRNA
62333,21207748,21208089,341,mRNA
62334,21208940,21209371,431,mRNA
62335,21209698,21210056,358,mRNA
62336,21210111,21210541,430,mRNA
62337,21210813,21211081,268,mRNA
62338,21211187,21211818,631,mRNA
62339,21206493,21206727,234,mRNA
62340,21206804,21206950,146,mRNA
62341,21207099,21207161,62,mRNA
62342,21207220,21207423,203,mRNA
62343,21207478,21207689,211,mRNA
62344,21207748,21208089,341,mRNA
62345,21208940,21209371,431,mRNA
62346,21209698,21210056,358,mRNA
62347,21210111,21210541,430,mRNA
62348,21210640,21210730,90,mRNA
62349,21210813,21211081,268,mRNA
62350,21211187,21211818,631,mRNA
62351,21206650,21206731,81,CDS
62352,21206804,21206950,146,CDS
62353,21207099,21207161,62,CDS
62354,21207220,21207423,203,CDS
62355,21207478,21207689,211,CDS
62356,21207748,21208089,341,CDS
62357,21208940,21209371,431,CDS
62358,21209698,21210056,358,CDS
62359,21210111,21210541,430,CDS
62360,21210813,21211081,268,CDS
62361,21211187,21211654,467,CDS
62362,21206938,21206950,12,CDS
62363,21207099,21207161,62,CDS
62364,21207220,21207423,203,CDS
62365,21207478,21207689,211,CDS
62366,21207748,21208089,341,CDS
62367,21208940,21209371,431,CDS
62368,21209698,21210056,358,CDS
62369,21210111,21210541,430,CDS
62370,21210640,21210698,58,CDS
62371,21208280,21208883,603,mobile_element
62372,21208596,21208773,177,mobile_element
62373,21209403,21209484,81,mobile_element
62374,21212046,21212166,120,mobile_element
62375,21212322,21220572,8250,gene
62376,21220260,21220572,312,mRNA
62377,21213917,21214647,730,mRNA
62378,21213223,21213768,545,mRNA
62379,21212322,21213166,844,mRNA
62380,21220260,21220572,312,mRNA
62381,21213917,21214647,730,mRNA
62382,21213223,21213768,545,mRNA
62383,21212693,21213166,473,mRNA
62384,21220260,21220297,37,CDS
62385,21213917,21214647,730,CDS
62386,21213223,21213768,545,CDS
62387,21213066,21213166,100,CDS
62388,21220260,21220297,37,CDS
62389,21213917,21214647,730,CDS
62390,21213223,21213768,545,CDS
62391,21213066,21213166,100,CDS
62392,21215036,21215178,142,gene
62393,21215036,21215178,142,ncRNA
62394,21216004,21218544,2540,gene
62395,21216004,21218544,2540,mRNA
62396,21216308,21218422,2114,CDS
62397,21221312,21232059,10747,gene
62398,21221312,21221786,474,mRNA
62399,21222436,21222617,181,mRNA
62400,21222678,21223127,449,mRNA
62401,21223192,21226422,3230,mRNA
62402,21226630,21228340,1710,mRNA
62403,21228459,21230037,1578,mRNA
62404,21230091,21230194,103,mRNA
62405,21230609,21232059,1450,mRNA
62406,21221312,21221786,474,mRNA
62407,21222436,21222617,181,mRNA
62408,21222678,21223127,449,mRNA
62409,21223192,21226422,3230,mRNA
62410,21226630,21228340,1710,mRNA
62411,21228459,21230037,1578,mRNA
62412,21230091,21230194,103,mRNA
62413,21230609,21231692,1083,mRNA
62414,21221552,21221786,234,CDS
62415,21222436,21222617,181,CDS
62416,21222678,21223127,449,CDS
62417,21223192,21226422,3230,CDS
62418,21226630,21228340,1710,CDS
62419,21228459,21230037,1578,CDS
62420,21230091,21230194,103,CDS
62421,21230609,21231108,499,CDS
62422,21221552,21221786,234,CDS
62423,21222436,21222617,181,CDS
62424,21222678,21223127,449,CDS
62425,21223192,21226422,3230,CDS
62426,21226630,21228340,1710,CDS
62427,21228459,21230037,1578,CDS
62428,21230091,21230194,103,CDS
62429,21230609,21231108,499,CDS
62430,21232495,21236733,4238,gene
62431,21236644,21236733,89,mRNA
62432,21233635,21233902,267,mRNA
62433,21232495,21233499,1004,mRNA
62434,21233635,21233726,91,mRNA
62435,21232495,21233499,1004,mRNA
62436,21233635,21233637,2,CDS
62437,21232645,21233499,854,CDS
62438,21233635,21233637,2,CDS
62439,21232645,21233499,854,CDS
62440,21232745,21234035,1290,gene
62441,21232745,21234035,1290,ncRNA
62442,21236273,21236435,162,mobile_element
62443,21237250,21259675,22425,gene
62444,21237250,21237420,170,mRNA
62445,21238281,21238565,284,mRNA
62446,21253555,21255313,1758,mRNA
62447,21255538,21255828,290,mRNA
62448,21255897,21256046,149,mRNA
62449,21256946,21257048,102,mRNA
62450,21257103,21257257,154,mRNA
62451,21257746,21259675,1929,mRNA
62452,21237250,21237404,154,mRNA
62453,21238281,21238565,284,mRNA
62454,21253555,21255313,1758,mRNA
62455,21255538,21255828,290,mRNA
62456,21255897,21256046,149,mRNA
62457,21256946,21257048,102,mRNA
62458,21257103,21257257,154,mRNA
62459,21257746,21259675,1929,mRNA
62460,21237250,21237346,96,mRNA
62461,21238281,21238565,284,mRNA
62462,21253555,21255313,1758,mRNA
62463,21255538,21255828,290,mRNA
62464,21255897,21256046,149,mRNA
62465,21256946,21257048,102,mRNA
62466,21257103,21257257,154,mRNA
62467,21257746,21258196,450,mRNA
62468,21237250,21237346,96,mRNA
62469,21238281,21238565,284,mRNA
62470,21253555,21255313,1758,mRNA
62471,21255538,21255828,290,mRNA
62472,21255897,21256186,289,mRNA
62473,21238301,21238361,60,gene
62474,21238301,21238361,60,precursor_RNA
62475,21238301,21238323,22,ncRNA
62476,21238339,21238360,21,ncRNA
62477,21241621,21242151,530,mobile_element
62478,21249309,21249740,431,mobile_element
62479,21252280,21252330,50,mobile_element
62480,21252366,21253197,831,mobile_element
62481,21253670,21255313,1643,CDS
62482,21255538,21255828,290,CDS
62483,21255897,21256046,149,CDS
62484,21256946,21257048,102,CDS
62485,21257103,21257257,154,CDS
62486,21257746,21257829,83,CDS
62487,21253670,21255313,1643,CDS
62488,21255538,21255828,290,CDS
62489,21255897,21256046,149,CDS
62490,21256946,21257048,102,CDS
62491,21257103,21257257,154,CDS
62492,21257746,21257829,83,CDS
62493,21253670,21255313,1643,CDS
62494,21255538,21255828,290,CDS
62495,21255897,21256046,149,CDS
62496,21256946,21257048,102,CDS
62497,21257103,21257257,154,CDS
62498,21257746,21257829,83,CDS
62499,21253670,21255313,1643,CDS
62500,21255538,21255828,290,CDS
62501,21255897,21256067,170,CDS
62502,21256599,21256713,114,mobile_element
62503,21259794,21260019,225,mobile_element
62504,21260050,21260192,142,mobile_element
62505,21261168,21262411,1243,gene
62506,21261168,21261334,166,mRNA
62507,21261412,21261719,307,mRNA
62508,21261777,21261957,180,mRNA
62509,21262013,21262411,398,mRNA
62510,21261168,21261334,166,mRNA
62511,21261412,21261719,307,mRNA
62512,21261777,21261957,180,mRNA
62513,21262013,21262287,274,mRNA
62514,21261235,21261334,99,CDS
62515,21261412,21261719,307,CDS
62516,21261777,21261957,180,CDS
62517,21262013,21262263,250,CDS
62518,21261235,21261334,99,CDS
62519,21261412,21261719,307,CDS
62520,21261777,21261957,180,CDS
62521,21262013,21262263,250,CDS
62522,21262956,21282790,19834,gene
62523,21262956,21263123,167,mRNA
62524,21263648,21263786,138,mRNA
62525,21273324,21273771,447,mRNA
62526,21273828,21274139,311,mRNA
62527,21274200,21274429,229,mRNA
62528,21275379,21275656,277,mRNA
62529,21275724,21275806,82,mRNA
62530,21277278,21278429,1151,mRNA
62531,21279884,21280447,563,mRNA
62532,21281132,21281337,205,mRNA
62533,21281396,21282790,1394,mRNA
62534,21262956,21263179,223,mRNA
62535,21263648,21263786,138,mRNA
62536,21273324,21273771,447,mRNA
62537,21273828,21274139,311,mRNA
62538,21274200,21274429,229,mRNA
62539,21275379,21275656,277,mRNA
62540,21275724,21275806,82,mRNA
62541,21279884,21280447,563,mRNA
62542,21281132,21281337,205,mRNA
62543,21281396,21282514,1118,mRNA
62544,21262956,21263123,167,mRNA
62545,21263648,21263786,138,mRNA
62546,21273324,21273771,447,mRNA
62547,21273828,21274139,311,mRNA
62548,21274200,21274429,229,mRNA
62549,21275379,21275656,277,mRNA
62550,21275724,21275806,82,mRNA
62551,21277230,21278429,1199,mRNA
62552,21281132,21281337,205,mRNA
62553,21281396,21282514,1118,mRNA
62554,21262956,21263123,167,mRNA
62555,21263648,21263786,138,mRNA
62556,21273324,21273771,447,mRNA
62557,21273828,21274139,311,mRNA
62558,21274200,21274429,229,mRNA
62559,21275379,21275656,277,mRNA
62560,21275724,21275806,82,mRNA
62561,21277197,21278429,1232,mRNA
62562,21281132,21281337,205,mRNA
62563,21281396,21282037,641,mRNA
62564,21262956,21263123,167,mRNA
62565,21263648,21263786,138,mRNA
62566,21273324,21273771,447,mRNA
62567,21273828,21274139,311,mRNA
62568,21274200,21274429,229,mRNA
62569,21275379,21275656,277,mRNA
62570,21275724,21275806,82,mRNA
62571,21277278,21278429,1151,mRNA
62572,21279884,21280447,563,mRNA
62573,21281132,21281337,205,mRNA
62574,21281396,21282037,641,mRNA
62575,21262956,21263123,167,mRNA
62576,21263648,21263786,138,mRNA
62577,21273324,21273771,447,mRNA
62578,21273828,21274139,311,mRNA
62579,21274200,21274429,229,mRNA
62580,21275379,21275656,277,mRNA
62581,21275724,21275806,82,mRNA
62582,21277278,21278429,1151,mRNA
62583,21281132,21281337,205,mRNA
62584,21281396,21282037,641,mRNA
62585,21262956,21263123,167,mRNA
62586,21263723,21263786,63,mRNA
62587,21273324,21273771,447,mRNA
62588,21273828,21274139,311,mRNA
62589,21274200,21274429,229,mRNA
62590,21275379,21275656,277,mRNA
62591,21275724,21275806,82,mRNA
62592,21281132,21281337,205,mRNA
62593,21281396,21282037,641,mRNA
62594,21263933,21264034,101,gene
62595,21263933,21264034,101,precursor_RNA
62596,21263955,21263976,21,ncRNA
62597,21263992,21264013,21,ncRNA
62598,21265078,21265304,226,mobile_element
62599,21265367,21266547,1180,mobile_element
62600,21267568,21267996,428,mobile_element
62601,21268698,21270814,2116,mobile_element
62602,21270839,21272092,1253,mobile_element
62603,21272590,21272943,353,mobile_element
62604,21273596,21273771,175,CDS
62605,21273828,21274139,311,CDS
62606,21274200,21274429,229,CDS
62607,21275379,21275656,277,CDS
62608,21275724,21275806,82,CDS
62609,21277197,21278429,1232,CDS
62610,21281132,21281337,205,CDS
62611,21281396,21281514,118,CDS
62612,21273596,21273771,175,CDS
62613,21273828,21274139,311,CDS
62614,21274200,21274429,229,CDS
62615,21275379,21275656,277,CDS
62616,21275724,21275806,82,CDS
62617,21277230,21278429,1199,CDS
62618,21281132,21281337,205,CDS
62619,21281396,21281514,118,CDS
62620,21273596,21273771,175,CDS
62621,21273828,21274139,311,CDS
62622,21274200,21274429,229,CDS
62623,21275379,21275656,277,CDS
62624,21275724,21275806,82,CDS
62625,21277278,21278429,1151,CDS
62626,21279884,21280447,563,CDS
62627,21281132,21281337,205,CDS
62628,21281396,21281514,118,CDS
62629,21273596,21273771,175,CDS
62630,21273828,21274139,311,CDS
62631,21274200,21274429,229,CDS
62632,21275379,21275656,277,CDS
62633,21275724,21275806,82,CDS
62634,21277278,21278429,1151,CDS
62635,21279884,21280447,563,CDS
62636,21281132,21281337,205,CDS
62637,21281396,21281514,118,CDS
62638,21273596,21273771,175,CDS
62639,21273828,21274139,311,CDS
62640,21274200,21274429,229,CDS
62641,21275379,21275656,277,CDS
62642,21275724,21275806,82,CDS
62643,21277278,21278429,1151,CDS
62644,21281132,21281337,205,CDS
62645,21281396,21281514,118,CDS
62646,21273596,21273771,175,CDS
62647,21273828,21274139,311,CDS
62648,21274200,21274429,229,CDS
62649,21275379,21275656,277,CDS
62650,21275724,21275806,82,CDS
62651,21279884,21280447,563,CDS
62652,21281132,21281337,205,CDS
62653,21281396,21281514,118,CDS
62654,21273596,21273771,175,CDS
62655,21273828,21274139,311,CDS
62656,21274200,21274429,229,CDS
62657,21275379,21275656,277,CDS
62658,21275724,21275806,82,CDS
62659,21281132,21281337,205,CDS
62660,21281396,21281514,118,CDS
62661,21274847,21275147,300,mobile_element
62662,21282811,21284273,1462,gene
62663,21282811,21284273,1462,exon
62664,21284623,21285077,454,mobile_element
62665,21286078,21310050,23972,gene
62666,21310001,21310050,49,mRNA
62667,21308288,21308995,707,mRNA
62668,21304825,21304931,106,mRNA
62669,21301454,21301527,73,mRNA
62670,21297695,21297811,116,mRNA
62671,21289615,21289744,129,mRNA
62672,21289462,21289548,86,mRNA
62673,21288052,21289404,1352,mRNA
62674,21287391,21287994,603,mRNA
62675,21287204,21287327,123,mRNA
62676,21286489,21286618,129,mRNA
62677,21286078,21286425,347,mRNA
62678,21310001,21310050,49,mRNA
62679,21308288,21309091,803,mRNA
62680,21304825,21304931,106,mRNA
62681,21301454,21301527,73,mRNA
62682,21297695,21297811,116,mRNA
62683,21289615,21289744,129,mRNA
62684,21289462,21289548,86,mRNA
62685,21288052,21289404,1352,mRNA
62686,21287391,21287994,603,mRNA
62687,21287204,21287327,123,mRNA
62688,21286489,21286618,129,mRNA
62689,21286078,21286425,347,mRNA
62690,21309946,21310050,104,mRNA
62691,21308288,21308938,650,mRNA
62692,21304825,21304931,106,mRNA
62693,21301454,21301527,73,mRNA
62694,21297695,21297811,116,mRNA
62695,21289615,21289744,129,mRNA
62696,21289462,21289548,86,mRNA
62697,21288052,21289404,1352,mRNA
62698,21287391,21287994,603,mRNA
62699,21287204,21287327,123,mRNA
62700,21286489,21286618,129,mRNA
62701,21286078,21286425,347,mRNA
62702,21309939,21310050,111,mRNA
62703,21308288,21308938,650,mRNA
62704,21304825,21304931,106,mRNA
62705,21301454,21301527,73,mRNA
62706,21297695,21297811,116,mRNA
62707,21289615,21289744,129,mRNA
62708,21289462,21289548,86,mRNA
62709,21288052,21289404,1352,mRNA
62710,21287391,21287994,603,mRNA
62711,21287204,21287327,123,mRNA
62712,21286489,21286618,129,mRNA
62713,21286078,21286425,347,mRNA
62714,21309580,21310050,470,mRNA
62715,21308288,21308810,522,mRNA
62716,21304825,21304931,106,mRNA
62717,21301454,21301527,73,mRNA
62718,21297695,21297811,116,mRNA
62719,21289615,21289744,129,mRNA
62720,21289462,21289548,86,mRNA
62721,21288052,21289404,1352,mRNA
62722,21287391,21287994,603,mRNA
62723,21287204,21287327,123,mRNA
62724,21286489,21286618,129,mRNA
62725,21286078,21286425,347,mRNA
62726,21309580,21310050,470,mRNA
62727,21308288,21309018,730,mRNA
62728,21304825,21304931,106,mRNA
62729,21301454,21301527,73,mRNA
62730,21297695,21297811,116,mRNA
62731,21289615,21289744,129,mRNA
62732,21289462,21289548,86,mRNA
62733,21288052,21289404,1352,mRNA
62734,21287391,21287994,603,mRNA
62735,21287204,21287327,123,mRNA
62736,21286489,21286618,129,mRNA
62737,21286078,21286425,347,mRNA
62738,21309580,21310050,470,mRNA
62739,21308288,21309091,803,mRNA
62740,21304825,21304931,106,mRNA
62741,21301454,21301527,73,mRNA
62742,21297695,21297811,116,mRNA
62743,21289615,21289744,129,mRNA
62744,21289462,21289548,86,mRNA
62745,21288052,21289404,1352,mRNA
62746,21287391,21287994,603,mRNA
62747,21287204,21287327,123,mRNA
62748,21286489,21286618,129,mRNA
62749,21286078,21286425,347,mRNA
62750,21308288,21310050,1762,mRNA
62751,21304825,21304931,106,mRNA
62752,21301454,21301527,73,mRNA
62753,21297695,21297811,116,mRNA
62754,21289615,21289744,129,mRNA
62755,21289462,21289548,86,mRNA
62756,21288052,21289404,1352,mRNA
62757,21287391,21287994,603,mRNA
62758,21287204,21287327,123,mRNA
62759,21286489,21286618,129,mRNA
62760,21286078,21286425,347,mRNA
62761,21308288,21309489,1201,mRNA
62762,21304825,21304931,106,mRNA
62763,21301454,21301527,73,mRNA
62764,21297695,21297811,116,mRNA
62765,21289615,21289744,129,mRNA
62766,21289462,21289548,86,mRNA
62767,21288052,21289404,1352,mRNA
62768,21287391,21287994,603,mRNA
62769,21287204,21287327,123,mRNA
62770,21286489,21286618,129,mRNA
62771,21286078,21286425,347,mRNA
62772,21303777,21304109,332,mRNA
62773,21301454,21301527,73,mRNA
62774,21297695,21297811,116,mRNA
62775,21289615,21289744,129,mRNA
62776,21289462,21289548,86,mRNA
62777,21288052,21289404,1352,mRNA
62778,21287391,21287994,603,mRNA
62779,21287204,21287327,123,mRNA
62780,21286489,21286618,129,mRNA
62781,21286078,21286425,347,mRNA
62782,21308288,21310050,1762,mRNA
62783,21304825,21304931,106,mRNA
62784,21301454,21301527,73,mRNA
62785,21297695,21297811,116,mRNA
62786,21289615,21289744,129,mRNA
62787,21289462,21289548,86,mRNA
62788,21288052,21289404,1352,mRNA
62789,21287391,21287994,603,mRNA
62790,21287204,21287327,123,mRNA
62791,21286489,21286618,129,mRNA
62792,21286081,21286425,344,mRNA
62793,21308288,21308787,499,CDS
62794,21304825,21304931,106,CDS
62795,21301454,21301527,73,CDS
62796,21297695,21297811,116,CDS
62797,21289615,21289744,129,CDS
62798,21289462,21289548,86,CDS
62799,21288052,21289404,1352,CDS
62800,21287391,21287994,603,CDS
62801,21287204,21287327,123,CDS
62802,21286489,21286618,129,CDS
62803,21286292,21286425,133,CDS
62804,21308288,21308787,499,CDS
62805,21304825,21304931,106,CDS
62806,21301454,21301527,73,CDS
62807,21297695,21297811,116,CDS
62808,21289615,21289744,129,CDS
62809,21289462,21289548,86,CDS
62810,21288052,21289404,1352,CDS
62811,21287391,21287994,603,CDS
62812,21287204,21287327,123,CDS
62813,21286489,21286618,129,CDS
62814,21286292,21286425,133,CDS
62815,21308288,21308787,499,CDS
62816,21304825,21304931,106,CDS
62817,21301454,21301527,73,CDS
62818,21297695,21297811,116,CDS
62819,21289615,21289744,129,CDS
62820,21289462,21289548,86,CDS
62821,21288052,21289404,1352,CDS
62822,21287391,21287994,603,CDS
62823,21287204,21287327,123,CDS
62824,21286489,21286618,129,CDS
62825,21286292,21286425,133,CDS
62826,21308288,21308787,499,CDS
62827,21304825,21304931,106,CDS
62828,21301454,21301527,73,CDS
62829,21297695,21297811,116,CDS
62830,21289615,21289744,129,CDS
62831,21289462,21289548,86,CDS
62832,21288052,21289404,1352,CDS
62833,21287391,21287994,603,CDS
62834,21287204,21287327,123,CDS
62835,21286489,21286618,129,CDS
62836,21286292,21286425,133,CDS
62837,21308288,21308787,499,CDS
62838,21304825,21304931,106,CDS
62839,21301454,21301527,73,CDS
62840,21297695,21297811,116,CDS
62841,21289615,21289744,129,CDS
62842,21289462,21289548,86,CDS
62843,21288052,21289404,1352,CDS
62844,21287391,21287994,603,CDS
62845,21287204,21287327,123,CDS
62846,21286489,21286618,129,CDS
62847,21286292,21286425,133,CDS
62848,21308288,21308787,499,CDS
62849,21304825,21304931,106,CDS
62850,21301454,21301527,73,CDS
62851,21297695,21297811,116,CDS
62852,21289615,21289744,129,CDS
62853,21289462,21289548,86,CDS
62854,21288052,21289404,1352,CDS
62855,21287391,21287994,603,CDS
62856,21287204,21287327,123,CDS
62857,21286489,21286618,129,CDS
62858,21286292,21286425,133,CDS
62859,21308288,21308787,499,CDS
62860,21304825,21304931,106,CDS
62861,21301454,21301527,73,CDS
62862,21297695,21297811,116,CDS
62863,21289615,21289744,129,CDS
62864,21289462,21289548,86,CDS
62865,21288052,21289404,1352,CDS
62866,21287391,21287994,603,CDS
62867,21287204,21287327,123,CDS
62868,21286489,21286618,129,CDS
62869,21286292,21286425,133,CDS
62870,21308288,21308787,499,CDS
62871,21304825,21304931,106,CDS
62872,21301454,21301527,73,CDS
62873,21297695,21297811,116,CDS
62874,21289615,21289744,129,CDS
62875,21289462,21289548,86,CDS
62876,21288052,21289404,1352,CDS
62877,21287391,21287994,603,CDS
62878,21287204,21287327,123,CDS
62879,21286489,21286618,129,CDS
62880,21286292,21286425,133,CDS
62881,21308288,21308787,499,CDS
62882,21304825,21304931,106,CDS
62883,21301454,21301527,73,CDS
62884,21297695,21297811,116,CDS
62885,21289615,21289744,129,CDS
62886,21289462,21289548,86,CDS
62887,21288052,21289404,1352,CDS
62888,21287391,21287994,603,CDS
62889,21287204,21287327,123,CDS
62890,21286489,21286618,129,CDS
62891,21286292,21286425,133,CDS
62892,21308288,21308787,499,CDS
62893,21304825,21304931,106,CDS
62894,21301454,21301527,73,CDS
62895,21297695,21297811,116,CDS
62896,21289615,21289744,129,CDS
62897,21289462,21289548,86,CDS
62898,21288052,21289404,1352,CDS
62899,21287391,21287994,603,CDS
62900,21287204,21287327,123,CDS
62901,21286489,21286618,129,CDS
62902,21286292,21286425,133,CDS
62903,21303777,21303801,24,CDS
62904,21301454,21301527,73,CDS
62905,21297695,21297811,116,CDS
62906,21289615,21289744,129,CDS
62907,21289462,21289548,86,CDS
62908,21288052,21289404,1352,CDS
62909,21287391,21287994,603,CDS
62910,21287204,21287327,123,CDS
62911,21286489,21286618,129,CDS
62912,21286292,21286425,133,CDS
62913,21289891,21289960,69,mobile_element
62914,21290216,21290304,88,mobile_element
62915,21290734,21297686,6952,gene
62916,21290734,21291612,878,mRNA
62917,21297285,21297347,62,mRNA
62918,21297456,21297545,89,mRNA
62919,21297600,21297686,86,mRNA
62920,21290734,21291612,878,CDS
62921,21297285,21297347,62,CDS
62922,21297456,21297545,89,CDS
62923,21297600,21297686,86,CDS
62924,21291974,21292879,905,mRNA
62925,21297285,21297347,62,mRNA
62926,21297456,21297545,89,mRNA
62927,21297600,21297686,86,mRNA
62928,21291974,21292879,905,CDS
62929,21297285,21297347,62,CDS
62930,21297456,21297545,89,CDS
62931,21297600,21297686,86,CDS
62932,21294553,21295458,905,mRNA
62933,21297285,21297347,62,mRNA
62934,21297456,21297545,89,mRNA
62935,21297600,21297686,86,mRNA
62936,21294553,21295458,905,CDS
62937,21297285,21297347,62,CDS
62938,21297456,21297545,89,CDS
62939,21297600,21297686,86,CDS
62940,21295523,21295735,212,mobile_element
62941,21295962,21296051,89,mobile_element
62942,21296314,21297189,875,mRNA
62943,21297285,21297347,62,mRNA
62944,21297456,21297545,89,mRNA
62945,21297600,21297686,86,mRNA
62946,21296314,21297189,875,CDS
62947,21297285,21297347,62,CDS
62948,21297456,21297545,89,CDS
62949,21297600,21297686,86,CDS
62950,21299059,21299457,398,mobile_element
62951,21300064,21300192,128,mobile_element
62952,21300447,21300533,86,mobile_element
62953,21302038,21302595,557,mobile_element
62954,21302729,21303164,435,mobile_element
62955,21306035,21306553,518,mobile_element
62956,21306708,21307362,654,mobile_element
62957,21310866,21319527,8661,gene
62958,21310866,21311032,166,mRNA
62959,21311193,21311531,338,mRNA
62960,21311753,21312043,290,mRNA
62961,21312098,21312208,110,mRNA
62962,21318127,21318419,292,mRNA
62963,21318485,21319527,1042,mRNA
62964,21310866,21311032,166,mRNA
62965,21311753,21312043,290,mRNA
62966,21312098,21312208,110,mRNA
62967,21318127,21318419,292,mRNA
62968,21318485,21319527,1042,mRNA
62969,21310866,21311032,166,mRNA
62970,21311753,21312043,290,mRNA
62971,21312125,21312208,83,mRNA
62972,21318127,21318419,292,mRNA
62973,21318485,21319527,1042,mRNA
62974,21311875,21312043,168,CDS
62975,21312098,21312208,110,CDS
62976,21318127,21318419,292,CDS
62977,21318485,21319057,572,CDS
62978,21311875,21312043,168,CDS
62979,21312098,21312208,110,CDS
62980,21318127,21318419,292,CDS
62981,21318485,21319057,572,CDS
62982,21311875,21312043,168,CDS
62983,21312125,21312208,83,CDS
62984,21318127,21318419,292,CDS
62985,21318485,21319057,572,CDS
62986,21312573,21312651,78,mobile_element
62987,21314360,21319527,5167,gene
62988,21314360,21315538,1178,mRNA
62989,21318127,21318419,292,mRNA
62990,21318485,21319527,1042,mRNA
62991,21314360,21315538,1178,mRNA
62992,21318127,21318419,292,mRNA
62993,21318485,21319527,1042,mRNA
62994,21314897,21314977,80,CDS
62995,21315508,21315538,30,CDS
62996,21318127,21318419,292,CDS
62997,21318485,21319057,572,CDS
62998,21317491,21317796,305,mobile_element
62999,21319600,21320320,720,gene
63000,21320011,21320320,309,ncRNA
63001,21319600,21319934,334,ncRNA
63002,21325156,21325216,60,mobile_element
63003,21325242,21325340,98,mobile_element
63004,21326660,21327114,454,gene
63005,21326660,21327114,454,ncRNA
63006,21326660,21326775,115,ncRNA
63007,21326845,21327114,269,ncRNA
63008,21330202,21330721,519,mobile_element
63009,21331756,21342155,10399,gene
63010,21331756,21332026,270,mRNA
63011,21339071,21339284,213,mRNA
63012,21339349,21342155,2806,mRNA
63013,21334176,21334486,310,mobile_element
63014,21334487,21334781,294,mobile_element
63015,21335414,21335543,129,mobile_element
63016,21336255,21336284,29,mobile_element
63017,21336291,21337335,1044,mobile_element
63018,21337345,21337490,145,mobile_element
63019,21337824,21337902,78,mobile_element
63020,21337903,21338309,406,mobile_element
63021,21338666,21338795,129,mobile_element
63022,21339068,21339284,216,mRNA
63023,21339349,21340542,1193,mRNA
63024,21339111,21339284,173,CDS
63025,21339349,21340347,998,CDS
63026,21339111,21339284,173,CDS
63027,21339349,21340347,998,CDS
63028,21343000,21343397,397,mobile_element
63029,21343477,21343574,97,mobile_element
63030,21343576,21343713,137,mobile_element
63031,21344607,21358271,13664,gene
63032,21344607,21344736,129,mRNA
63033,21355477,21355594,117,mRNA
63034,21356104,21356682,578,mRNA
63035,21356740,21358271,1531,mRNA
63036,21346079,21346291,212,mobile_element
63037,21346329,21347214,885,mobile_element
63038,21347605,21355019,7414,mobile_element
63039,21355532,21355594,62,CDS
63040,21356104,21356682,578,CDS
63041,21356740,21356805,65,CDS
63042,21358359,21358687,328,mobile_element
63043,21358800,21358994,194,mobile_element
63044,21359023,21359503,480,mobile_element
63045,21359504,21360192,688,mobile_element
63046,21361216,21367288,6072,gene
63047,21361216,21361511,295,mRNA
63048,21361568,21362037,469,mRNA
63049,21362093,21362157,64,mRNA
63050,21363361,21363446,85,mRNA
63051,21363502,21367288,3786,mRNA
63052,21361379,21361511,132,CDS
63053,21361568,21362037,469,CDS
63054,21362093,21362157,64,CDS
63055,21363361,21363446,85,CDS
63056,21363502,21367199,3697,CDS
63057,21362965,21363291,326,mobile_element
63058,21367908,21369706,1798,gene
63059,21368822,21369706,884,mRNA
63060,21368023,21368190,167,mRNA
63061,21367908,21367964,56,mRNA
63062,21368822,21369706,884,CDS
63063,21368023,21368190,167,CDS
63064,21367908,21367964,56,CDS
63065,21370284,21370421,137,mobile_element
63066,21370519,21370595,76,mobile_element
63067,21371227,21377995,6768,gene
63068,21371227,21371356,129,mRNA
63069,21374086,21376191,2105,mRNA
63070,21376608,21377995,1387,mRNA
63071,21371351,21371356,5,CDS
63072,21374086,21376191,2105,CDS
63073,21376608,21377237,629,CDS
63074,21371546,21371882,336,mobile_element
63075,21372669,21372950,281,mobile_element
63076,21373804,21373842,38,mobile_element
63077,21377803,21377949,146,mobile_element
63078,21378909,21379015,106,mobile_element
63079,21379175,21379284,109,mobile_element
63080,21380000,21393319,13319,gene
63081,21380000,21380361,361,mRNA
63082,21382019,21382330,311,mRNA
63083,21384455,21384595,140,mRNA
63084,21385278,21385397,119,mRNA
63085,21388503,21388669,166,mRNA
63086,21388732,21388842,110,mRNA
63087,21388914,21389079,165,mRNA
63088,21390052,21390347,295,mRNA
63089,21380133,21380478,345,mRNA
63090,21382019,21382330,311,mRNA
63091,21384455,21384595,140,mRNA
63092,21385278,21385397,119,mRNA
63093,21388282,21388287,5,mRNA
63094,21388503,21388669,166,mRNA
63095,21388732,21388842,110,mRNA
63096,21388914,21389079,165,mRNA
63097,21390052,21393319,3267,mRNA
63098,21380133,21380361,228,mRNA
63099,21382019,21382330,311,mRNA
63100,21384455,21384595,140,mRNA
63101,21385278,21385397,119,mRNA
63102,21388503,21388669,166,mRNA
63103,21388732,21388842,110,mRNA
63104,21388914,21389079,165,mRNA
63105,21390052,21393319,3267,mRNA
63106,21380133,21380361,228,mRNA
63107,21382042,21382330,288,mRNA
63108,21384455,21384595,140,mRNA
63109,21385278,21385397,119,mRNA
63110,21388503,21388669,166,mRNA
63111,21388732,21388842,110,mRNA
63112,21388914,21389079,165,mRNA
63113,21390052,21390347,295,mRNA
63114,21382204,21382330,126,CDS
63115,21384455,21384595,140,CDS
63116,21385278,21385397,119,CDS
63117,21388282,21388287,5,CDS
63118,21388503,21388669,166,CDS
63119,21388732,21388842,110,CDS
63120,21388914,21389079,165,CDS
63121,21390052,21390155,103,CDS
63122,21382204,21382330,126,CDS
63123,21384455,21384595,140,CDS
63124,21385278,21385397,119,CDS
63125,21388503,21388669,166,CDS
63126,21388732,21388842,110,CDS
63127,21388914,21389079,165,CDS
63128,21390052,21390155,103,CDS
63129,21382204,21382330,126,CDS
63130,21384455,21384595,140,CDS
63131,21385278,21385397,119,CDS
63132,21388503,21388669,166,CDS
63133,21388732,21388842,110,CDS
63134,21388914,21389079,165,CDS
63135,21390052,21390155,103,CDS
63136,21382204,21382330,126,CDS
63137,21384455,21384595,140,CDS
63138,21385278,21385397,119,CDS
63139,21388503,21388669,166,CDS
63140,21388732,21388842,110,CDS
63141,21388914,21389079,165,CDS
63142,21390052,21390155,103,CDS
63143,21383339,21383426,87,mobile_element
63144,21383507,21383547,40,mobile_element
63145,21383558,21384120,562,mobile_element
63146,21384321,21384365,44,mobile_element
63147,21385796,21385871,75,mobile_element
63148,21385964,21386569,605,mobile_element
63149,21393498,21393617,119,mobile_element
63150,21394628,21394879,251,mobile_element
63151,21395009,21395730,721,mobile_element
63152,21395164,21395423,259,mobile_element
63153,21395772,21396586,814,mobile_element
63154,21397182,21399884,2702,mobile_element
63155,21401222,21401283,61,mobile_element
63156,21401413,21402754,1341,mobile_element
63157,21401543,21402396,853,mobile_element
63158,21402755,21403071,316,mobile_element
63159,21403091,21403521,430,mobile_element
63160,21404181,21404495,314,gene
63161,21404181,21404495,314,exon
63162,21404963,21405277,314,gene
63163,21404963,21405277,314,exon
63164,21405638,21405673,35,mobile_element
63165,21405668,21405970,302,gene
63166,21405668,21405970,302,exon
63167,21406236,21408814,2578,mobile_element
63168,21408826,21413145,4319,mobile_element
63169,21413146,21416189,3043,mobile_element
63170,21413351,21413606,255,mobile_element
63171,21416953,21417975,1022,gene
63172,21416953,21417975,1022,mRNA
63173,21417112,21417882,770,CDS
63174,21418112,21418706,594,gene
63175,21418112,21418706,594,mRNA
63176,21418289,21418660,371,CDS
63177,21418835,21419167,332,gene
63178,21418835,21419167,332,exon
63179,21419531,21419943,412,gene
63180,21419531,21419943,412,mRNA
63181,21419576,21419887,311,CDS
63182,21420129,21420657,528,gene
63183,21420129,21420657,528,mRNA
63184,21420186,21420596,410,CDS
63185,21421855,21422877,1022,gene
63186,21421855,21422877,1022,mRNA
63187,21422014,21422784,770,CDS
63188,21423014,21423608,594,gene
63189,21423014,21423608,594,mRNA
63190,21423191,21423562,371,CDS
63191,21423737,21424229,492,gene
63192,21423737,21424229,492,mRNA
63193,21423789,21424163,374,CDS
63194,21423876,21423911,35,gene
63195,21423876,21423911,35,ncRNA
63196,21424593,21425005,412,gene
63197,21424593,21425005,412,mRNA
63198,21424638,21424949,311,CDS
63199,21425193,21425721,528,gene
63200,21425193,21425721,528,mRNA
63201,21425250,21425660,410,CDS
63202,21426916,21427938,1022,gene
63203,21426916,21427938,1022,mRNA
63204,21427075,21427845,770,CDS
63205,21428075,21428669,594,gene
63206,21428075,21428669,594,mRNA
63207,21428252,21428623,371,CDS
63208,21428850,21429289,439,gene
63209,21428850,21429289,439,exon
63210,21429655,21430066,411,gene
63211,21429655,21430066,411,mRNA
63212,21429700,21430011,311,CDS
63213,21430255,21430783,528,gene
63214,21430255,21430783,528,mRNA
63215,21430312,21430722,410,CDS
63216,21431963,21432985,1022,gene
63217,21431963,21432985,1022,mRNA
63218,21432122,21432892,770,CDS
63219,21433122,21433716,594,gene
63220,21433122,21433716,594,mRNA
63221,21433299,21433670,371,CDS
63222,21433862,21434337,475,gene
63223,21433862,21434337,475,mRNA
63224,21433897,21434271,374,CDS
63225,21433984,21434019,35,gene
63226,21433984,21434019,35,ncRNA
63227,21434703,21435115,412,gene
63228,21434703,21435115,412,mRNA
63229,21434748,21435059,311,CDS
63230,21435299,21435827,528,gene
63231,21435299,21435827,528,mRNA
63232,21435356,21435766,410,CDS
63233,21437011,21438033,1022,gene
63234,21437011,21438033,1022,mRNA
63235,21437170,21437940,770,CDS
63236,21438170,21438764,594,gene
63237,21438170,21438764,594,mRNA
63238,21438347,21438718,371,CDS
63239,21438893,21439225,332,gene
63240,21438893,21439225,332,exon
63241,21439589,21440001,412,gene
63242,21439589,21440001,412,mRNA
63243,21439634,21439945,311,CDS
63244,21440187,21440715,528,gene
63245,21440187,21440715,528,mRNA
63246,21440244,21440654,410,CDS
63247,21441096,21450230,9134,mobile_element
63248,21451052,21452074,1022,gene
63249,21451052,21452074,1022,mRNA
63250,21451211,21451981,770,CDS
63251,21452211,21452805,594,gene
63252,21452211,21452805,594,mRNA
63253,21452388,21452759,371,CDS
63254,21452934,21453426,492,gene
63255,21452934,21453426,492,mRNA
63256,21452986,21453360,374,CDS
63257,21453073,21453108,35,gene
63258,21453073,21453108,35,ncRNA
63259,21453790,21454202,412,gene
63260,21453790,21454202,412,mRNA
63261,21453835,21454146,311,CDS
63262,21454388,21454916,528,gene
63263,21454388,21454916,528,mRNA
63264,21454445,21454855,410,CDS
63265,21456113,21457135,1022,gene
63266,21456113,21457135,1022,mRNA
63267,21456272,21457042,770,CDS
63268,21457272,21457866,594,gene
63269,21457272,21457866,594,mRNA
63270,21457449,21457820,371,CDS
63271,21457995,21458487,492,gene
63272,21457995,21458487,492,mRNA
63273,21458047,21458421,374,CDS
63274,21458134,21458169,35,gene
63275,21458134,21458169,35,ncRNA
63276,21458853,21459265,412,gene
63277,21458853,21459265,412,mRNA
63278,21458898,21459209,311,CDS
63279,21459447,21459975,528,gene
63280,21459447,21459975,528,mRNA
63281,21459504,21459914,410,CDS
63282,21461173,21462195,1022,gene
63283,21461173,21462195,1022,mRNA
63284,21461332,21462102,770,CDS
63285,21462332,21462926,594,gene
63286,21462332,21462926,594,mRNA
63287,21462509,21462880,371,CDS
63288,21463055,21463547,492,gene
63289,21463055,21463547,492,mRNA
63290,21463107,21463481,374,CDS
63291,21463194,21463229,35,gene
63292,21463194,21463229,35,ncRNA
63293,21463913,21464325,412,gene
63294,21463913,21464325,412,mRNA
63295,21463958,21464269,311,CDS
63296,21464507,21465035,528,gene
63297,21464507,21465035,528,mRNA
63298,21464564,21464974,410,CDS
63299,21466216,21467238,1022,gene
63300,21466216,21467238,1022,mRNA
63301,21466375,21467145,770,CDS
63302,21467375,21467969,594,gene
63303,21467375,21467969,594,mRNA
63304,21467552,21467923,371,CDS
63305,21468098,21468590,492,gene
63306,21468098,21468590,492,mRNA
63307,21468150,21468524,374,CDS
63308,21468237,21468272,35,gene
63309,21468237,21468272,35,ncRNA
63310,21468956,21469368,412,gene
63311,21468956,21469368,412,mRNA
63312,21469001,21469312,311,CDS
63313,21469550,21470078,528,gene
63314,21469550,21470078,528,mRNA
63315,21469607,21470017,410,CDS
63316,21471259,21472281,1022,gene
63317,21471259,21472281,1022,mRNA
63318,21471418,21472188,770,CDS
63319,21472418,21473012,594,gene
63320,21472418,21473012,594,mRNA
63321,21472595,21472966,371,CDS
63322,21473141,21473633,492,gene
63323,21473141,21473633,492,mRNA
63324,21473193,21473567,374,CDS
63325,21473280,21473315,35,gene
63326,21473280,21473315,35,ncRNA
63327,21473999,21474411,412,gene
63328,21473999,21474411,412,mRNA
63329,21474044,21474355,311,CDS
63330,21474593,21475121,528,gene
63331,21474593,21475121,528,mRNA
63332,21474650,21475060,410,CDS
63333,21476302,21477324,1022,gene
63334,21476302,21477324,1022,mRNA
63335,21476461,21477231,770,CDS
63336,21477461,21478055,594,gene
63337,21477461,21478055,594,mRNA
63338,21477638,21478009,371,CDS
63339,21478184,21478676,492,gene
63340,21478184,21478676,492,mRNA
63341,21478236,21478610,374,CDS
63342,21478323,21478358,35,gene
63343,21478323,21478358,35,ncRNA
63344,21479042,21479454,412,gene
63345,21479042,21479454,412,mRNA
63346,21479087,21479398,311,CDS
63347,21479636,21480164,528,gene
63348,21479636,21480164,528,mRNA
63349,21479693,21480103,410,CDS
63350,21481345,21482367,1022,gene
63351,21481345,21482367,1022,mRNA
63352,21481504,21482274,770,CDS
63353,21482504,21483098,594,gene
63354,21482504,21483098,594,mRNA
63355,21482681,21483052,371,CDS
63356,21483227,21483719,492,gene
63357,21483227,21483719,492,mRNA
63358,21483279,21483653,374,CDS
63359,21483366,21483401,35,gene
63360,21483366,21483401,35,ncRNA
63361,21484085,21484497,412,gene
63362,21484085,21484497,412,mRNA
63363,21484130,21484441,311,CDS
63364,21484681,21485209,528,gene
63365,21484681,21485209,528,mRNA
63366,21484738,21485148,410,CDS
63367,21486496,21487518,1022,gene
63368,21486496,21487518,1022,mRNA
63369,21486655,21487425,770,CDS
63370,21487655,21488249,594,gene
63371,21487655,21488249,594,mRNA
63372,21487832,21488203,371,CDS
63373,21488378,21488870,492,gene
63374,21488378,21488870,492,mRNA
63375,21488430,21488804,374,CDS
63376,21488517,21488552,35,gene
63377,21488517,21488552,35,ncRNA
63378,21489234,21489646,412,gene
63379,21489234,21489646,412,mRNA
63380,21489279,21489590,311,CDS
63381,21489830,21490358,528,gene
63382,21489830,21490358,528,mRNA
63383,21489887,21490297,410,CDS
63384,21491541,21492563,1022,gene
63385,21491541,21492563,1022,mRNA
63386,21491700,21492470,770,CDS
63387,21492700,21493294,594,gene
63388,21492700,21493294,594,mRNA
63389,21492877,21493248,371,CDS
63390,21493423,21493915,492,gene
63391,21493423,21493915,492,mRNA
63392,21493475,21493849,374,CDS
63393,21493562,21493597,35,gene
63394,21493562,21493597,35,ncRNA
63395,21494279,21494691,412,gene
63396,21494279,21494691,412,mRNA
63397,21494324,21494635,311,CDS
63398,21494875,21495403,528,gene
63399,21494875,21495403,528,mRNA
63400,21494932,21495342,410,CDS
63401,21496586,21497608,1022,gene
63402,21496586,21497608,1022,mRNA
63403,21496745,21497515,770,CDS
63404,21497745,21498339,594,gene
63405,21497745,21498339,594,mRNA
63406,21497922,21498293,371,CDS
63407,21498468,21498960,492,gene
63408,21498468,21498960,492,mRNA
63409,21498520,21498894,374,CDS
63410,21498607,21498642,35,gene
63411,21498607,21498642,35,ncRNA
63412,21499324,21499736,412,gene
63413,21499324,21499736,412,mRNA
63414,21499369,21499680,311,CDS
63415,21499920,21500448,528,gene
63416,21499920,21500448,528,mRNA
63417,21499977,21500387,410,CDS
63418,21501633,21502655,1022,gene
63419,21501633,21502655,1022,mRNA
63420,21501792,21502562,770,CDS
63421,21502798,21503392,594,gene
63422,21502798,21503392,594,mRNA
63423,21502975,21503346,371,CDS
63424,21503521,21504013,492,gene
63425,21503521,21504013,492,mRNA
63426,21503573,21503947,374,CDS
63427,21503660,21503695,35,gene
63428,21503660,21503695,35,ncRNA
63429,21504377,21504789,412,gene
63430,21504377,21504789,412,mRNA
63431,21504422,21504733,311,CDS
63432,21504973,21505501,528,gene
63433,21504973,21505501,528,mRNA
63434,21505030,21505440,410,CDS
63435,21506684,21507706,1022,gene
63436,21506684,21507706,1022,mRNA
63437,21506843,21507613,770,CDS
63438,21507843,21508437,594,gene
63439,21507843,21508437,594,mRNA
63440,21508020,21508391,371,CDS
63441,21508566,21509058,492,gene
63442,21508566,21509058,492,mRNA
63443,21508618,21508992,374,CDS
63444,21508705,21508740,35,gene
63445,21508705,21508740,35,ncRNA
63446,21509422,21509834,412,gene
63447,21509422,21509834,412,mRNA
63448,21509467,21509778,311,CDS
63449,21510018,21510546,528,gene
63450,21510018,21510546,528,mRNA
63451,21510075,21510485,410,CDS
63452,21511728,21512750,1022,gene
63453,21511728,21512750,1022,mRNA
63454,21511887,21512657,770,CDS
63455,21512887,21513481,594,gene
63456,21512887,21513481,594,mRNA
63457,21513064,21513435,371,CDS
63458,21513610,21514102,492,gene
63459,21513610,21514102,492,mRNA
63460,21513662,21514036,374,CDS
63461,21513749,21513784,35,gene
63462,21513749,21513784,35,ncRNA
63463,21514466,21514878,412,gene
63464,21514466,21514878,412,mRNA
63465,21514511,21514822,311,CDS
63466,21515062,21515590,528,gene
63467,21515062,21515590,528,mRNA
63468,21515119,21515529,410,CDS
63469,21516773,21517795,1022,gene
63470,21516773,21517795,1022,mRNA
63471,21516932,21517702,770,CDS
63472,21517932,21518526,594,gene
63473,21517932,21518526,594,mRNA
63474,21518109,21518480,371,CDS
63475,21518655,21519147,492,gene
63476,21518655,21519147,492,mRNA
63477,21518707,21519081,374,CDS
63478,21518794,21518829,35,gene
63479,21518794,21518829,35,ncRNA
63480,21519556,21520083,527,gene
63481,21519556,21520083,527,mRNA
63482,21519556,21519867,311,CDS
63483,21520109,21520637,528,gene
63484,21520109,21520637,528,mRNA
63485,21520166,21520576,410,CDS
63486,21521616,21522638,1022,gene
63487,21521616,21522638,1022,mRNA
63488,21521775,21522545,770,CDS
63489,21522775,21523369,594,gene
63490,21522775,21523369,594,mRNA
63491,21522952,21523323,371,CDS
63492,21523498,21523990,492,gene
63493,21523498,21523990,492,mRNA
63494,21523550,21523924,374,CDS
63495,21523637,21523672,35,gene
63496,21523637,21523672,35,ncRNA
63497,21524399,21524926,527,gene
63498,21524399,21524926,527,mRNA
63499,21524399,21524710,311,CDS
63500,21524952,21525480,528,gene
63501,21524952,21525480,528,mRNA
63502,21525009,21525419,410,CDS
63503,21526459,21527481,1022,gene
63504,21526459,21527481,1022,mRNA
63505,21526618,21527388,770,CDS
63506,21527618,21528212,594,gene
63507,21527618,21528212,594,mRNA
63508,21527795,21528166,371,CDS
63509,21528341,21528833,492,gene
63510,21528341,21528833,492,mRNA
63511,21528393,21528767,374,CDS
63512,21528480,21528515,35,gene
63513,21528480,21528515,35,ncRNA
63514,21529242,21529769,527,gene
63515,21529242,21529769,527,mRNA
63516,21529242,21529553,311,CDS
63517,21529795,21530323,528,gene
63518,21529795,21530323,528,mRNA
63519,21529852,21530262,410,CDS
63520,21531302,21532324,1022,gene
63521,21531302,21532324,1022,mRNA
63522,21531461,21532231,770,CDS
63523,21532461,21533055,594,gene
63524,21532461,21533055,594,mRNA
63525,21532638,21533009,371,CDS
63526,21533184,21533676,492,gene
63527,21533184,21533676,492,mRNA
63528,21533236,21533610,374,CDS
63529,21533323,21533358,35,gene
63530,21533323,21533358,35,ncRNA
63531,21534085,21534610,525,gene
63532,21534085,21534610,525,mRNA
63533,21534085,21534396,311,CDS
63534,21534636,21535164,528,gene
63535,21534636,21535164,528,mRNA
63536,21534693,21535103,410,CDS
63537,21536346,21537368,1022,gene
63538,21536346,21537368,1022,mRNA
63539,21536505,21537275,770,CDS
63540,21537505,21538099,594,gene
63541,21537505,21538099,594,mRNA
63542,21537682,21538053,371,CDS
63543,21538228,21538720,492,gene
63544,21538228,21538720,492,mRNA
63545,21538280,21538654,374,CDS
63546,21538367,21538402,35,gene
63547,21538367,21538402,35,ncRNA
63548,21539129,21541127,1998,gene
63549,21539129,21539458,329,exon
63550,21539460,21540930,1470,mobile_element
63551,21540932,21541127,195,exon
63552,21541153,21541681,528,gene
63553,21541153,21541681,528,mRNA
63554,21541210,21541620,410,CDS
63555,21542864,21543688,824,gene
63556,21542864,21543688,824,exon
63557,21543691,21544817,1126,mobile_element
63558,21544904,21546157,1253,mobile_element
63559,21545697,21545727,30,mobile_element
63560,21545728,21545758,30,mobile_element
63561,21546181,21556050,9869,mobile_element
63562,21551187,21552919,1732,mobile_element
63563,21553344,21553730,386,mobile_element
63564,21553739,21555442,1703,mobile_element
63565,21556286,21556376,90,mobile_element
63566,21557324,21557790,466,mobile_element
63567,21557891,21558290,399,mobile_element
63568,21560590,21560787,197,mobile_element
63569,21560793,21570223,9430,mobile_element
63570,21561306,21563036,1730,mobile_element
63571,21570725,21570875,150,mobile_element
63572,21570986,21571275,289,mobile_element
63573,21571788,21572326,538,mobile_element
63574,21572533,21573028,495,mobile_element
63575,21573389,21577103,3714,gene
63576,21573389,21573561,172,mRNA
63577,21574787,21575113,326,mRNA
63578,21575965,21576186,221,mRNA
63579,21576243,21577103,860,mRNA
63580,21573495,21573561,66,CDS
63581,21574787,21575113,326,CDS
63582,21575965,21576186,221,CDS
63583,21576243,21576583,340,CDS
63584,21574194,21574234,40,mobile_element
63585,21575454,21575549,95,mobile_element
63586,21575751,21575817,66,mobile_element
63587,21577205,21577676,471,gene
63588,21577205,21577545,340,exon
63589,21577606,21577676,70,exon
63590,21577812,21577913,101,mobile_element
63591,21577949,21578089,140,mobile_element
63592,21578292,21589423,11131,gene
63593,21589227,21589423,196,mRNA
63594,21588977,21589173,196,mRNA
63595,21587193,21587418,225,mRNA
63596,21586400,21587120,720,mRNA
63597,21581619,21581816,197,mRNA
63598,21578731,21579624,893,mRNA
63599,21578590,21578676,86,mRNA
63600,21578292,21578529,237,mRNA
63601,21589227,21589423,196,mRNA
63602,21588977,21589173,196,mRNA
63603,21587193,21587418,225,mRNA
63604,21586400,21587141,741,mRNA
63605,21581617,21581816,199,mRNA
63606,21578731,21579637,906,mRNA
63607,21578320,21578529,209,mRNA
63608,21589227,21589355,128,CDS
63609,21588977,21589173,196,CDS
63610,21587193,21587418,225,CDS
63611,21586400,21587120,720,CDS
63612,21581619,21581816,197,CDS
63613,21578731,21579624,893,CDS
63614,21578590,21578676,86,CDS
63615,21578408,21578529,121,CDS
63616,21589227,21589355,128,CDS
63617,21588977,21589173,196,CDS
63618,21587193,21587418,225,CDS
63619,21586400,21587141,741,CDS
63620,21581617,21581816,199,CDS
63621,21578731,21579637,906,CDS
63622,21578408,21578529,121,CDS
63623,21580295,21580461,166,mobile_element
63624,21580918,21581050,132,mobile_element
63625,21581375,21581486,111,mobile_element
63626,21581952,21582003,51,mobile_element
63627,21582301,21583444,1143,mobile_element
63628,21583470,21583779,309,mobile_element
63629,21586033,21586255,222,mobile_element
63630,21587841,21588769,928,mobile_element
63631,21589669,21589745,76,mobile_element
63632,21589784,21590593,809,gene
63633,21589784,21590326,542,exon
63634,21590378,21590593,215,exon
63635,21591075,21591219,144,mobile_element
63636,21591341,21592591,1250,mobile_element
63637,21593077,21595423,2346,mobile_element
63638,21593544,21595317,1773,mobile_element
63639,21597085,21604770,7685,mobile_element
63640,21604963,21604996,33,mobile_element
63641,21608424,21611385,2961,mobile_element
63642,21611808,21612094,286,mobile_element
63643,21613338,21613782,444,mobile_element
63644,21613783,21614145,362,mobile_element
63645,21614232,21624080,9848,gene
63646,21618496,21618774,278,mRNA
63647,21618004,21618110,106,mRNA
63648,21617494,21617821,327,mRNA
63649,21617280,21617432,152,mRNA
63650,21616182,21616573,391,mRNA
63651,21615608,21615676,68,mRNA
63652,21615103,21615526,423,mRNA
63653,21614232,21615040,808,mRNA
63654,21623366,21624080,714,mRNA
63655,21618004,21618110,106,mRNA
63656,21617494,21617821,327,mRNA
63657,21617280,21617432,152,mRNA
63658,21616182,21616573,391,mRNA
63659,21615608,21615676,68,mRNA
63660,21615103,21615526,423,mRNA
63661,21614766,21615040,274,mRNA
63662,21623366,21623627,261,mRNA
63663,21618004,21618110,106,mRNA
63664,21617494,21617821,327,mRNA
63665,21617280,21617432,152,mRNA
63666,21616182,21616573,391,mRNA
63667,21615608,21615676,68,mRNA
63668,21615103,21615526,423,mRNA
63669,21614766,21615040,274,mRNA
63670,21618709,21618774,65,mRNA
63671,21618004,21618110,106,mRNA
63672,21617494,21617821,327,mRNA
63673,21617280,21617432,152,mRNA
63674,21616182,21616573,391,mRNA
63675,21615608,21615676,68,mRNA
63676,21615103,21615526,423,mRNA
63677,21614766,21615040,274,mRNA
63678,21618496,21618774,278,mRNA
63679,21618004,21618110,106,mRNA
63680,21617494,21617821,327,mRNA
63681,21617280,21617432,152,mRNA
63682,21616182,21616573,391,mRNA
63683,21615608,21615676,68,mRNA
63684,21615103,21615526,423,mRNA
63685,21614766,21615040,274,mRNA
63686,21623366,21623386,20,CDS
63687,21618004,21618110,106,CDS
63688,21617494,21617821,327,CDS
63689,21617280,21617432,152,CDS
63690,21616182,21616573,391,CDS
63691,21615608,21615676,68,CDS
63692,21615103,21615526,423,CDS
63693,21614978,21615040,62,CDS
63694,21623366,21623386,20,CDS
63695,21618004,21618110,106,CDS
63696,21617494,21617821,327,CDS
63697,21617280,21617432,152,CDS
63698,21616182,21616573,391,CDS
63699,21615608,21615676,68,CDS
63700,21615103,21615526,423,CDS
63701,21614978,21615040,62,CDS
63702,21618496,21618624,128,CDS
63703,21618004,21618110,106,CDS
63704,21617494,21617821,327,CDS
63705,21617280,21617432,152,CDS
63706,21616182,21616573,391,CDS
63707,21615608,21615676,68,CDS
63708,21615103,21615526,423,CDS
63709,21614978,21615040,62,CDS
63710,21618496,21618624,128,CDS
63711,21618004,21618110,106,CDS
63712,21617494,21617821,327,CDS
63713,21617280,21617432,152,CDS
63714,21616182,21616573,391,CDS
63715,21615608,21615676,68,CDS
63716,21615103,21615526,423,CDS
63717,21614978,21615040,62,CDS
63718,21617494,21617640,146,CDS
63719,21617280,21617432,152,CDS
63720,21616182,21616573,391,CDS
63721,21615608,21615676,68,CDS
63722,21615103,21615526,423,CDS
63723,21614978,21615040,62,CDS
63724,21615768,21615957,189,mobile_element
63725,21618496,21618774,278,mRNA
63726,21618004,21618110,106,mRNA
63727,21617494,21617821,327,mRNA
63728,21616671,21617432,761,mRNA
63729,21616801,21617033,232,mobile_element
63730,21618496,21618624,128,CDS
63731,21618004,21618110,106,CDS
63732,21617494,21617821,327,CDS
63733,21617274,21617432,158,CDS
63734,21619265,21619476,211,mobile_element
63735,21619641,21619687,46,mobile_element
63736,21620605,21620698,93,mobile_element
63737,21620700,21621407,707,mobile_element
63738,21622237,21622358,121,mobile_element
63739,21624679,21626190,1511,gene
63740,21624679,21626190,1511,ncRNA
63741,21624679,21625388,709,ncRNA
63742,21625112,21625189,77,mobile_element
63743,21626309,21629932,3623,gene
63744,21629667,21629932,265,mRNA
63745,21627842,21628209,367,mRNA
63746,21626309,21627757,1448,mRNA
63747,21629885,21629932,47,mRNA
63748,21629667,21629776,109,mRNA
63749,21627842,21628209,367,mRNA
63750,21626860,21627757,897,mRNA
63751,21629667,21629932,265,mRNA
63752,21627842,21628209,367,mRNA
63753,21626860,21627757,897,mRNA
63754,21629667,21629692,25,CDS
63755,21627842,21628209,367,CDS
63756,21627600,21627757,157,CDS
63757,21629667,21629692,25,CDS
63758,21627842,21628209,367,CDS
63759,21627600,21627757,157,CDS
63760,21629667,21629692,25,CDS
63761,21627842,21628209,367,CDS
63762,21627600,21627757,157,CDS
63763,21628462,21628976,514,gene
63764,21628462,21628586,124,ncRNA
63765,21628651,21628976,325,ncRNA
63766,21630825,21631152,327,mobile_element
63767,21632587,21647964,15377,gene
63768,21632587,21632705,118,mRNA
63769,21633266,21633305,39,mRNA
63770,21633374,21633915,541,mRNA
63771,21634420,21634609,189,mRNA
63772,21634726,21635035,309,mRNA
63773,21635092,21635210,118,mRNA
63774,21635620,21635731,111,mRNA
63775,21637659,21637786,127,mRNA
63776,21637958,21638116,158,mRNA
63777,21638230,21638368,138,mRNA
63778,21639241,21639503,262,mRNA
63779,21639642,21640005,363,mRNA
63780,21640728,21641013,285,mRNA
63781,21641073,21641145,72,mRNA
63782,21641249,21641324,75,mRNA
63783,21641379,21641604,225,mRNA
63784,21643170,21643252,82,mRNA
63785,21643764,21644219,455,mRNA
63786,21646595,21647964,1369,mRNA
63787,21632587,21632705,118,mRNA
63788,21633266,21633305,39,mRNA
63789,21633374,21633915,541,mRNA
63790,21634420,21634609,189,mRNA
63791,21634726,21635035,309,mRNA
63792,21635092,21635210,118,mRNA
63793,21637659,21637786,127,mRNA
63794,21637958,21638116,158,mRNA
63795,21638230,21638368,138,mRNA
63796,21639241,21639620,379,mRNA
63797,21633627,21633915,288,CDS
63798,21634420,21634609,189,CDS
63799,21634726,21635035,309,CDS
63800,21635092,21635210,118,CDS
63801,21635620,21635731,111,CDS
63802,21637659,21637786,127,CDS
63803,21637958,21638116,158,CDS
63804,21638230,21638368,138,CDS
63805,21639241,21639503,262,CDS
63806,21639642,21640005,363,CDS
63807,21640728,21641013,285,CDS
63808,21641073,21641145,72,CDS
63809,21641249,21641324,75,CDS
63810,21641379,21641604,225,CDS
63811,21643170,21643252,82,CDS
63812,21643764,21644219,455,CDS
63813,21646595,21646825,230,CDS
63814,21633627,21633915,288,CDS
63815,21634420,21634609,189,CDS
63816,21634726,21635035,309,CDS
63817,21635092,21635210,118,CDS
63818,21637659,21637776,117,CDS
63819,21636556,21637152,596,mobile_element
63820,21641742,21642674,932,mobile_element
63821,21644393,21644993,600,mobile_element
63822,21644994,21645053,59,mobile_element
63823,21645086,21645247,161,mobile_element
63824,21646497,21646546,49,mobile_element
63825,21648105,21648433,328,mobile_element
63826,21648436,21648648,212,mobile_element
63827,21648814,21651565,2751,mobile_element
63828,21650608,21650896,288,mobile_element
63829,21651590,21652367,777,mobile_element
63830,21653247,21656493,3246,mobile_element
63831,21656660,21657030,370,mobile_element
63832,21657625,21658249,624,gene
63833,21657625,21657667,42,ncRNA
63834,21657833,21658249,416,ncRNA
63835,21657659,21657776,117,ncRNA
63836,21657833,21658249,416,ncRNA
63837,21657659,21657741,82,ncRNA
63838,21657833,21658249,416,ncRNA
63839,21658735,21663698,4963,gene
63840,21658735,21658961,226,mRNA
63841,21659095,21659272,177,mRNA
63842,21659840,21660064,224,mRNA
63843,21660123,21661200,1077,mRNA
63844,21661348,21661465,117,mRNA
63845,21661530,21661636,106,mRNA
63846,21662084,21662452,368,mRNA
63847,21662518,21662631,113,mRNA
63848,21662689,21663698,1009,mRNA
63849,21658735,21658854,119,mRNA
63850,21659095,21659272,177,mRNA
63851,21659840,21660064,224,mRNA
63852,21660123,21661200,1077,mRNA
63853,21661348,21661465,117,mRNA
63854,21661530,21661636,106,mRNA
63855,21662084,21662452,368,mRNA
63856,21662518,21662631,113,mRNA
63857,21662689,21663210,521,mRNA
63858,21659154,21659272,118,CDS
63859,21659840,21660064,224,CDS
63860,21660123,21661200,1077,CDS
63861,21661348,21661465,117,CDS
63862,21661530,21661636,106,CDS
63863,21662084,21662452,368,CDS
63864,21662518,21662631,113,CDS
63865,21662689,21662820,131,CDS
63866,21659154,21659272,118,CDS
63867,21659840,21660064,224,CDS
63868,21660123,21661200,1077,CDS
63869,21661348,21661465,117,CDS
63870,21661530,21661636,106,CDS
63871,21662084,21662452,368,CDS
63872,21662518,21662631,113,CDS
63873,21662689,21662820,131,CDS
63874,21663806,21677530,13724,gene
63875,21677499,21677530,31,mRNA
63876,21672857,21673272,415,mRNA
63877,21672290,21672469,179,mRNA
63878,21671229,21671391,162,mRNA
63879,21670535,21671140,605,mRNA
63880,21669367,21669913,546,mRNA
63881,21668293,21669238,945,mRNA
63882,21668106,21668236,130,mRNA
63883,21666063,21666377,314,mRNA
63884,21665918,21666004,86,mRNA
63885,21663806,21665595,1789,mRNA
63886,21677499,21677530,31,mRNA
63887,21672857,21673272,415,mRNA
63888,21672290,21672469,179,mRNA
63889,21671229,21671391,162,mRNA
63890,21670535,21671140,605,mRNA
63891,21670449,21670481,32,mRNA
63892,21669367,21669913,546,mRNA
63893,21668293,21669238,945,mRNA
63894,21668106,21668236,130,mRNA
63895,21666063,21666377,314,mRNA
63896,21665918,21666004,86,mRNA
63897,21663806,21665595,1789,mRNA
63898,21677118,21677530,412,mRNA
63899,21672857,21673272,415,mRNA
63900,21672290,21672469,179,mRNA
63901,21671229,21671391,162,mRNA
63902,21670535,21671140,605,mRNA
63903,21670449,21670481,32,mRNA
63904,21669367,21669913,546,mRNA
63905,21668293,21669238,945,mRNA
63906,21668106,21668236,130,mRNA
63907,21666063,21666377,314,mRNA
63908,21665918,21666004,86,mRNA
63909,21663806,21665595,1789,mRNA
63910,21677055,21677230,175,mRNA
63911,21672857,21673272,415,mRNA
63912,21672290,21672469,179,mRNA
63913,21671229,21671391,162,mRNA
63914,21670535,21671140,605,mRNA
63915,21670449,21670481,32,mRNA
63916,21669367,21669913,546,mRNA
63917,21668293,21669238,945,mRNA
63918,21668106,21668236,130,mRNA
63919,21666063,21666377,314,mRNA
63920,21665918,21666004,86,mRNA
63921,21663806,21665595,1789,mRNA
63922,21675866,21676227,361,mRNA
63923,21672857,21673272,415,mRNA
63924,21672290,21672469,179,mRNA
63925,21671229,21671391,162,mRNA
63926,21670535,21671140,605,mRNA
63927,21669367,21669913,546,mRNA
63928,21668293,21669238,945,mRNA
63929,21668106,21668236,130,mRNA
63930,21666063,21666377,314,mRNA
63931,21665918,21666004,86,mRNA
63932,21663806,21665595,1789,mRNA
63933,21671229,21671513,284,mRNA
63934,21670535,21671140,605,mRNA
63935,21669367,21669913,546,mRNA
63936,21668293,21669238,945,mRNA
63937,21668106,21668236,130,mRNA
63938,21666063,21666377,314,mRNA
63939,21665918,21666004,86,mRNA
63940,21663806,21665595,1789,mRNA
63941,21670102,21670197,95,mRNA
63942,21669367,21669913,546,mRNA
63943,21668293,21669238,945,mRNA
63944,21668106,21668236,130,mRNA
63945,21666063,21666377,314,mRNA
63946,21665918,21666004,86,mRNA
63947,21663806,21665595,1789,mRNA
63948,21672857,21673050,193,CDS
63949,21672290,21672469,179,CDS
63950,21671229,21671391,162,CDS
63951,21670535,21671140,605,CDS
63952,21669367,21669913,546,CDS
63953,21668293,21669238,945,CDS
63954,21668106,21668236,130,CDS
63955,21666063,21666377,314,CDS
63956,21665918,21666004,86,CDS
63957,21665462,21665595,133,CDS
63958,21672857,21673050,193,CDS
63959,21672290,21672469,179,CDS
63960,21671229,21671391,162,CDS
63961,21670535,21671140,605,CDS
63962,21669367,21669913,546,CDS
63963,21668293,21669238,945,CDS
63964,21668106,21668236,130,CDS
63965,21666063,21666377,314,CDS
63966,21665918,21666004,86,CDS
63967,21665462,21665595,133,CDS
63968,21672857,21673050,193,CDS
63969,21672290,21672469,179,CDS
63970,21671229,21671391,162,CDS
63971,21670535,21671140,605,CDS
63972,21670449,21670481,32,CDS
63973,21669367,21669913,546,CDS
63974,21668293,21669238,945,CDS
63975,21668106,21668236,130,CDS
63976,21666063,21666377,314,CDS
63977,21665918,21666004,86,CDS
63978,21665462,21665595,133,CDS
63979,21672857,21673050,193,CDS
63980,21672290,21672469,179,CDS
63981,21671229,21671391,162,CDS
63982,21670535,21671140,605,CDS
63983,21670449,21670481,32,CDS
63984,21669367,21669913,546,CDS
63985,21668293,21669238,945,CDS
63986,21668106,21668236,130,CDS
63987,21666063,21666377,314,CDS
63988,21665918,21666004,86,CDS
63989,21665462,21665595,133,CDS
63990,21672857,21673050,193,CDS
63991,21672290,21672469,179,CDS
63992,21671229,21671391,162,CDS
63993,21670535,21671140,605,CDS
63994,21670449,21670481,32,CDS
63995,21669367,21669913,546,CDS
63996,21668293,21669238,945,CDS
63997,21668106,21668236,130,CDS
63998,21666063,21666377,314,CDS
63999,21665918,21666004,86,CDS
64000,21665462,21665595,133,CDS
64001,21671229,21671390,161,CDS
64002,21670535,21671140,605,CDS
64003,21669367,21669913,546,CDS
64004,21668293,21669238,945,CDS
64005,21668106,21668236,130,CDS
64006,21666063,21666377,314,CDS
64007,21665918,21666004,86,CDS
64008,21665462,21665595,133,CDS
64009,21669367,21669886,519,CDS
64010,21668293,21669238,945,CDS
64011,21668106,21668236,130,CDS
64012,21666063,21666377,314,CDS
64013,21665918,21666004,86,CDS
64014,21665462,21665595,133,CDS
64015,21665849,21666851,1002,gene
64016,21665849,21666011,162,ncRNA
64017,21666079,21666851,772,ncRNA
64018,21666837,21667158,321,mobile_element
64019,21669978,21670041,63,mobile_element
64020,21671859,21672039,180,mobile_element
64021,21673477,21675112,1635,mobile_element
64022,21675224,21676457,1233,mobile_element
64023,21677913,21682164,4251,gene
64024,21682039,21682116,77,mRNA
64025,21681344,21681558,214,mRNA
64026,21680757,21681284,527,mRNA
64027,21679484,21680180,696,mRNA
64028,21677913,21679402,1489,mRNA
64029,21682039,21682164,125,mRNA
64030,21681344,21681558,214,mRNA
64031,21680757,21681284,527,mRNA
64032,21679484,21680180,696,mRNA
64033,21678150,21679402,1252,mRNA
64034,21682039,21682116,77,mRNA
64035,21681344,21681558,214,mRNA
64036,21680757,21681284,527,mRNA
64037,21679484,21680180,696,mRNA
64038,21678150,21679402,1252,mRNA
64039,21682039,21682041,2,CDS
64040,21681344,21681558,214,CDS
64041,21680757,21681284,527,CDS
64042,21679484,21680180,696,CDS
64043,21678311,21679402,1091,CDS
64044,21682039,21682041,2,CDS
64045,21681344,21681558,214,CDS
64046,21680757,21681284,527,CDS
64047,21679484,21680180,696,CDS
64048,21678311,21679402,1091,CDS
64049,21682039,21682041,2,CDS
64050,21681344,21681558,214,CDS
64051,21680757,21681284,527,CDS
64052,21679484,21680180,696,CDS
64053,21678311,21679402,1091,CDS
64054,21680670,21680700,30,gene
64055,21680670,21680700,30,ncRNA
64056,21682911,21683297,386,mobile_element
64057,21684106,21729051,44945,gene
64058,21684106,21684339,233,mRNA
64059,21684546,21684911,365,mRNA
64060,21688474,21688552,78,mRNA
64061,21700672,21700782,110,mRNA
64062,21700855,21701180,325,mRNA
64063,21701764,21701938,174,mRNA
64064,21704459,21704603,144,mRNA
64065,21710564,21710693,129,mRNA
64066,21711081,21711183,102,mRNA
64067,21711315,21711410,95,mRNA
64068,21712769,21712966,197,mRNA
64069,21713028,21713308,280,mRNA
64070,21716325,21717493,1168,mRNA
64071,21717561,21717672,111,mRNA
64072,21719514,21719643,129,mRNA
64073,21720359,21720481,122,mRNA
64074,21725068,21725445,377,mRNA
64075,21727006,21727362,356,mRNA
64076,21727423,21727573,150,mRNA
64077,21728028,21729051,1023,mRNA
64078,21684106,21684339,233,mRNA
64079,21684546,21684911,365,mRNA
64080,21688474,21688552,78,mRNA
64081,21700672,21700782,110,mRNA
64082,21700855,21701180,325,mRNA
64083,21701764,21701938,174,mRNA
64084,21704459,21704603,144,mRNA
64085,21710564,21710693,129,mRNA
64086,21711081,21711183,102,mRNA
64087,21711315,21711410,95,mRNA
64088,21712769,21712966,197,mRNA
64089,21713028,21713308,280,mRNA
64090,21716325,21717493,1168,mRNA
64091,21717561,21717672,111,mRNA
64092,21719514,21719643,129,mRNA
64093,21720359,21720481,122,mRNA
64094,21725068,21725445,377,mRNA
64095,21728028,21729051,1023,mRNA
64096,21684106,21684339,233,mRNA
64097,21684546,21684911,365,mRNA
64098,21688474,21688552,78,mRNA
64099,21700672,21700782,110,mRNA
64100,21700855,21701180,325,mRNA
64101,21701764,21701938,174,mRNA
64102,21704459,21704603,144,mRNA
64103,21710564,21710693,129,mRNA
64104,21711081,21711183,102,mRNA
64105,21711315,21711410,95,mRNA
64106,21712769,21712966,197,mRNA
64107,21713028,21713308,280,mRNA
64108,21716325,21717493,1168,mRNA
64109,21717561,21717672,111,mRNA
64110,21719514,21719643,129,mRNA
64111,21725068,21725445,377,mRNA
64112,21727006,21727362,356,mRNA
64113,21727423,21727573,150,mRNA
64114,21728028,21729051,1023,mRNA
64115,21684106,21684146,40,mRNA
64116,21684546,21684911,365,mRNA
64117,21688474,21688552,78,mRNA
64118,21700672,21700782,110,mRNA
64119,21700855,21701180,325,mRNA
64120,21701764,21701938,174,mRNA
64121,21704459,21704603,144,mRNA
64122,21710564,21710693,129,mRNA
64123,21711081,21711183,102,mRNA
64124,21711315,21711410,95,mRNA
64125,21712769,21712966,197,mRNA
64126,21713028,21713308,280,mRNA
64127,21716325,21717493,1168,mRNA
64128,21717561,21717672,111,mRNA
64129,21719514,21719643,129,mRNA
64130,21720359,21720481,122,mRNA
64131,21725068,21725445,377,mRNA
64132,21727006,21727362,356,mRNA
64133,21727423,21727573,150,mRNA
64134,21728028,21729051,1023,mRNA
64135,21684106,21684146,40,mRNA
64136,21684546,21684911,365,mRNA
64137,21688474,21688552,78,mRNA
64138,21700672,21700782,110,mRNA
64139,21700855,21701180,325,mRNA
64140,21701764,21701938,174,mRNA
64141,21704459,21704603,144,mRNA
64142,21710564,21710693,129,mRNA
64143,21711081,21711183,102,mRNA
64144,21711315,21711410,95,mRNA
64145,21712769,21712966,197,mRNA
64146,21713028,21713308,280,mRNA
64147,21716325,21717493,1168,mRNA
64148,21717561,21717672,111,mRNA
64149,21719514,21719643,129,mRNA
64150,21720359,21720481,122,mRNA
64151,21725086,21725445,359,mRNA
64152,21727006,21727362,356,mRNA
64153,21727423,21727573,150,mRNA
64154,21728028,21729051,1023,mRNA
64155,21684106,21684146,40,mRNA
64156,21684546,21684911,365,mRNA
64157,21688474,21688552,78,mRNA
64158,21700672,21700782,110,mRNA
64159,21700855,21701180,325,mRNA
64160,21701764,21701938,174,mRNA
64161,21704459,21704603,144,mRNA
64162,21710564,21710693,129,mRNA
64163,21711081,21711183,102,mRNA
64164,21711315,21711410,95,mRNA
64165,21712790,21712966,176,mRNA
64166,21713028,21713308,280,mRNA
64167,21716325,21717493,1168,mRNA
64168,21717561,21717672,111,mRNA
64169,21719514,21719643,129,mRNA
64170,21725068,21725445,377,mRNA
64171,21727006,21727362,356,mRNA
64172,21727423,21727573,150,mRNA
64173,21728028,21729051,1023,mRNA
64174,21684106,21684146,40,mRNA
64175,21684546,21684911,365,mRNA
64176,21688474,21688552,78,mRNA
64177,21700672,21700782,110,mRNA
64178,21700855,21701180,325,mRNA
64179,21701764,21701938,174,mRNA
64180,21704459,21704603,144,mRNA
64181,21710564,21710693,129,mRNA
64182,21711081,21711183,102,mRNA
64183,21711315,21711410,95,mRNA
64184,21712769,21712966,197,mRNA
64185,21713028,21713308,280,mRNA
64186,21716325,21717493,1168,mRNA
64187,21717561,21717672,111,mRNA
64188,21719514,21719643,129,mRNA
64189,21720123,21720270,147,mRNA
64190,21685971,21686374,403,mobile_element
64191,21686534,21687088,554,mobile_element
64192,21688499,21688552,53,CDS
64193,21700672,21700782,110,CDS
64194,21700855,21701180,325,CDS
64195,21701764,21701938,174,CDS
64196,21704459,21704603,144,CDS
64197,21710564,21710693,129,CDS
64198,21711081,21711183,102,CDS
64199,21711315,21711410,95,CDS
64200,21712769,21712966,197,CDS
64201,21713028,21713308,280,CDS
64202,21716325,21717493,1168,CDS
64203,21717561,21717672,111,CDS
64204,21719514,21719643,129,CDS
64205,21720359,21720481,122,CDS
64206,21725068,21725445,377,CDS
64207,21727006,21727362,356,CDS
64208,21727423,21727573,150,CDS
64209,21728028,21728173,145,CDS
64210,21688499,21688552,53,CDS
64211,21700672,21700782,110,CDS
64212,21700855,21701180,325,CDS
64213,21701764,21701938,174,CDS
64214,21704459,21704603,144,CDS
64215,21710564,21710693,129,CDS
64216,21711081,21711183,102,CDS
64217,21711315,21711410,95,CDS
64218,21712769,21712966,197,CDS
64219,21713028,21713308,280,CDS
64220,21716325,21717493,1168,CDS
64221,21717561,21717672,111,CDS
64222,21719514,21719643,129,CDS
64223,21720359,21720481,122,CDS
64224,21725068,21725445,377,CDS
64225,21727006,21727362,356,CDS
64226,21727423,21727573,150,CDS
64227,21728028,21728173,145,CDS
64228,21688499,21688552,53,CDS
64229,21700672,21700782,110,CDS
64230,21700855,21701180,325,CDS
64231,21701764,21701938,174,CDS
64232,21704459,21704603,144,CDS
64233,21710564,21710693,129,CDS
64234,21711081,21711183,102,CDS
64235,21711315,21711410,95,CDS
64236,21712769,21712966,197,CDS
64237,21713028,21713308,280,CDS
64238,21716325,21717493,1168,CDS
64239,21717561,21717672,111,CDS
64240,21719514,21719643,129,CDS
64241,21720359,21720481,122,CDS
64242,21725086,21725445,359,CDS
64243,21727006,21727362,356,CDS
64244,21727423,21727573,150,CDS
64245,21728028,21728173,145,CDS
64246,21688499,21688552,53,CDS
64247,21700672,21700782,110,CDS
64248,21700855,21701180,325,CDS
64249,21701764,21701938,174,CDS
64250,21704459,21704603,144,CDS
64251,21710564,21710693,129,CDS
64252,21711081,21711183,102,CDS
64253,21711315,21711410,95,CDS
64254,21712769,21712966,197,CDS
64255,21713028,21713308,280,CDS
64256,21716325,21717493,1168,CDS
64257,21717561,21717672,111,CDS
64258,21719514,21719643,129,CDS
64259,21725068,21725445,377,CDS
64260,21727006,21727362,356,CDS
64261,21727423,21727573,150,CDS
64262,21728028,21728173,145,CDS
64263,21688499,21688552,53,CDS
64264,21700672,21700782,110,CDS
64265,21700855,21701180,325,CDS
64266,21701764,21701938,174,CDS
64267,21704459,21704603,144,CDS
64268,21710564,21710693,129,CDS
64269,21711081,21711183,102,CDS
64270,21711315,21711410,95,CDS
64271,21712790,21712966,176,CDS
64272,21713028,21713308,280,CDS
64273,21716325,21717493,1168,CDS
64274,21717561,21717672,111,CDS
64275,21719514,21719643,129,CDS
64276,21725068,21725445,377,CDS
64277,21727006,21727362,356,CDS
64278,21727423,21727573,150,CDS
64279,21728028,21728173,145,CDS
64280,21688499,21688552,53,CDS
64281,21700672,21700782,110,CDS
64282,21700855,21701180,325,CDS
64283,21701764,21701938,174,CDS
64284,21704459,21704603,144,CDS
64285,21710564,21710693,129,CDS
64286,21711081,21711183,102,CDS
64287,21711315,21711410,95,CDS
64288,21712769,21712966,197,CDS
64289,21713028,21713308,280,CDS
64290,21716325,21717493,1168,CDS
64291,21717561,21717672,111,CDS
64292,21719514,21719643,129,CDS
64293,21720359,21720481,122,CDS
64294,21725068,21725445,377,CDS
64295,21728028,21728123,95,CDS
64296,21688499,21688552,53,CDS
64297,21700672,21700782,110,CDS
64298,21700855,21701180,325,CDS
64299,21701764,21701938,174,CDS
64300,21704459,21704603,144,CDS
64301,21710564,21710693,129,CDS
64302,21711081,21711183,102,CDS
64303,21711315,21711410,95,CDS
64304,21712769,21712966,197,CDS
64305,21713028,21713308,280,CDS
64306,21716325,21717493,1168,CDS
64307,21717561,21717672,111,CDS
64308,21719514,21719643,129,CDS
64309,21720123,21720137,14,CDS
64310,21689319,21689848,529,mobile_element
64311,21690720,21690991,271,mobile_element
64312,21691149,21691197,48,mobile_element
64313,21691882,21698294,6412,mobile_element
64314,21698710,21699142,432,mobile_element
64315,21699148,21699326,178,mobile_element
64316,21703829,21704026,197,mobile_element
64317,21705310,21706714,1404,mobile_element
64318,21706718,21707775,1057,mobile_element
64319,21707900,21708819,919,mobile_element
64320,21708836,21708973,137,mobile_element
64321,21709772,21710206,434,mobile_element
64322,21710833,21710967,134,mobile_element
64323,21711632,21711828,196,mobile_element
64324,21714752,21714818,66,mobile_element
64325,21715211,21715289,78,mobile_element
64326,21715290,21715375,85,mobile_element
64327,21715556,21715716,160,mobile_element
64328,21715789,21716113,324,mobile_element
64329,21717919,21717969,50,mobile_element
64330,21718060,21718382,322,mobile_element
64331,21725510,21725924,414,mobile_element
64332,21726079,21726529,450,mobile_element
64333,21727643,21727769,126,mobile_element
64334,21729139,21729915,776,mobile_element
64335,21730008,21737572,7564,mobile_element
64336,21730765,21733345,2580,mobile_element
64337,21738180,21738400,220,mobile_element
64338,21739183,21739244,61,mobile_element
64339,21739526,21739580,54,mobile_element
64340,21740041,21757466,17425,gene
64341,21757164,21757466,302,mRNA
64342,21756554,21756627,73,mRNA
64343,21753219,21753814,595,mRNA
64344,21746152,21747332,1180,mRNA
64345,21743839,21743971,132,mRNA
64346,21742973,21743071,98,mRNA
64347,21742776,21742875,99,mRNA
64348,21742524,21742698,174,mRNA
64349,21742075,21742280,205,mRNA
64350,21741795,21742008,213,mRNA
64351,21740041,21741735,1694,mRNA
64352,21753688,21753723,35,mRNA
64353,21753219,21753426,207,mRNA
64354,21746152,21747332,1180,mRNA
64355,21743839,21743971,132,mRNA
64356,21742973,21743071,98,mRNA
64357,21742776,21742875,99,mRNA
64358,21742524,21742698,174,mRNA
64359,21742075,21742280,205,mRNA
64360,21741795,21742008,213,mRNA
64361,21741254,21741735,481,mRNA
64362,21753219,21753723,504,mRNA
64363,21746152,21747332,1180,mRNA
64364,21743839,21743971,132,mRNA
64365,21742973,21743071,98,mRNA
64366,21742776,21742875,99,mRNA
64367,21742524,21742698,174,mRNA
64368,21742075,21742280,205,mRNA
64369,21741795,21742008,213,mRNA
64370,21741254,21741735,481,mRNA
64371,21757164,21757466,302,mRNA
64372,21756554,21756627,73,mRNA
64373,21743839,21743971,132,mRNA
64374,21742973,21743071,98,mRNA
64375,21742776,21742875,99,mRNA
64376,21742524,21742698,174,mRNA
64377,21742075,21742280,205,mRNA
64378,21741795,21742008,213,mRNA
64379,21741304,21741735,431,mRNA
64380,21757164,21757242,78,CDS
64381,21756554,21756627,73,CDS
64382,21743839,21743971,132,CDS
64383,21742973,21743071,98,CDS
64384,21742776,21742875,99,CDS
64385,21742524,21742698,174,CDS
64386,21742075,21742280,205,CDS
64387,21741795,21742008,213,CDS
64388,21741583,21741735,152,CDS
64389,21746152,21747255,1103,CDS
64390,21743839,21743971,132,CDS
64391,21742973,21743071,98,CDS
64392,21742776,21742875,99,CDS
64393,21742524,21742698,174,CDS
64394,21742075,21742280,205,CDS
64395,21741795,21742008,213,CDS
64396,21741583,21741735,152,CDS
64397,21746152,21747255,1103,CDS
64398,21743839,21743971,132,CDS
64399,21742973,21743071,98,CDS
64400,21742776,21742875,99,CDS
64401,21742524,21742698,174,CDS
64402,21742075,21742280,205,CDS
64403,21741795,21742008,213,CDS
64404,21741583,21741735,152,CDS
64405,21746152,21747255,1103,CDS
64406,21743839,21743971,132,CDS
64407,21742973,21743071,98,CDS
64408,21742776,21742875,99,CDS
64409,21742524,21742698,174,CDS
64410,21742075,21742280,205,CDS
64411,21741795,21742008,213,CDS
64412,21741583,21741735,152,CDS
64413,21743205,21743508,303,mobile_element
64414,21744132,21744413,281,mobile_element
64415,21745705,21746039,334,mobile_element
64416,21751187,21751600,413,mobile_element
64417,21752624,21752878,254,mobile_element
64418,21758010,21761000,2990,gene
64419,21758010,21758359,349,mRNA
64420,21758442,21759078,636,mRNA
64421,21759231,21759366,135,mRNA
64422,21760480,21761000,520,mRNA
64423,21758010,21758142,132,mRNA
64424,21758202,21758359,157,mRNA
64425,21758442,21759078,636,mRNA
64426,21759231,21759366,135,mRNA
64427,21760480,21760915,435,mRNA
64428,21758010,21758099,89,mRNA
64429,21758202,21758359,157,mRNA
64430,21758442,21759078,636,mRNA
64431,21759231,21759366,135,mRNA
64432,21760480,21760915,435,mRNA
64433,21758212,21758359,147,CDS
64434,21758442,21759078,636,CDS
64435,21759231,21759366,135,CDS
64436,21760480,21760623,143,CDS
64437,21758212,21758359,147,CDS
64438,21758442,21759078,636,CDS
64439,21759231,21759366,135,CDS
64440,21760480,21760623,143,CDS
64441,21758212,21758359,147,CDS
64442,21758442,21759078,636,CDS
64443,21759231,21759366,135,CDS
64444,21760480,21760623,143,CDS
64445,21761303,21761340,37,mobile_element
64446,21761928,21762030,102,mobile_element
64447,21762314,21795447,33133,gene
64448,21795394,21795447,53,mRNA
64449,21773000,21775446,2446,mRNA
64450,21765963,21766160,197,mRNA
64451,21762314,21762899,585,mRNA
64452,21795246,21795447,201,mRNA
64453,21773000,21775446,2446,mRNA
64454,21765963,21766160,197,mRNA
64455,21762314,21762899,585,mRNA
64456,21773000,21775440,2440,CDS
64457,21765963,21766160,197,CDS
64458,21762575,21762899,324,CDS
64459,21773000,21775440,2440,CDS
64460,21765963,21766160,197,CDS
64461,21762575,21762899,324,CDS
64462,21769317,21769912,595,mobile_element
64463,21775496,21775812,316,mobile_element
64464,21779816,21779997,181,mobile_element
64465,21781358,21781413,55,mobile_element
64466,21782046,21784065,2019,gene
64467,21782046,21784065,2019,mRNA
64468,21782118,21784013,1895,CDS
64469,21785558,21785873,315,mobile_element
64470,21786236,21786450,214,mobile_element
64471,21788018,21788129,111,mobile_element
64472,21788323,21788457,134,mobile_element
64473,21791366,21791438,72,mobile_element
64474,21793694,21794049,355,mobile_element
64475,21794225,21794362,137,mobile_element
64476,21795642,21795704,62,mobile_element
64477,21795827,21796192,365,mobile_element
64478,21797392,21797865,473,mobile_element
64479,21798043,21799112,1069,gene
64480,21799021,21799112,91,ncRNA
64481,21798043,21798951,908,ncRNA
64482,21799021,21799112,91,ncRNA
64483,21798141,21798951,810,ncRNA
64484,21802505,21802654,149,mobile_element
64485,21802658,21802760,102,mobile_element
64486,21813788,21814049,261,mobile_element
64487,21819490,21822313,2823,gene
64488,21819490,21822313,2823,ncRNA
64489,21820488,21820776,288,mobile_element
64490,21826521,21827505,984,mobile_element
64491,21828593,21837011,8418,gene
64492,21828593,21829858,1265,mRNA
64493,21833371,21836641,3270,mRNA
64494,21836817,21837011,194,mRNA
64495,21829806,21829858,52,CDS
64496,21833371,21836182,2811,CDS
64497,21850411,21850468,57,mobile_element
64498,21855094,21869759,14665,gene
64499,21855094,21855431,337,ncRNA
64500,21868225,21868303,78,ncRNA
64501,21868473,21869569,1096,ncRNA
64502,21869640,21869759,119,ncRNA
64503,21856856,21857333,477,mobile_element
64504,21862437,21862530,93,mobile_element
64505,21864946,21866291,1345,gene
64506,21866095,21866291,196,ncRNA
64507,21864946,21866024,1078,ncRNA
64508,21866854,21868020,1166,gene
64509,21867518,21868020,502,ncRNA
64510,21866854,21867453,599,ncRNA
64511,21867267,21867528,261,ncRNA
64512,21868225,21868303,78,ncRNA
64513,21868473,21868869,396,ncRNA
64514,21869640,21869759,119,ncRNA
64515,21867267,21867498,231,ncRNA
64516,21867570,21867837,267,ncRNA
64517,21869956,21870652,696,gene
64518,21870488,21870652,164,ncRNA
64519,21869956,21870418,462,ncRNA
64520,21872784,21873064,280,mobile_element
64521,21874614,21874759,145,mobile_element
64522,21874919,21875064,145,mobile_element
64523,21875173,21875247,74,mobile_element
64524,21877609,21878097,488,mobile_element
64525,21880576,21880617,41,mobile_element
64526,21881562,21881803,241,mobile_element
64527,21889370,21889619,249,mobile_element
64528,21889758,21891095,1337,gene
64529,21890707,21891095,388,ncRNA
64530,21889758,21890578,820,ncRNA
64531,21894227,21895350,1123,gene
64532,21894227,21894266,39,ncRNA
64533,21894344,21895350,1006,ncRNA
64534,21896666,21898289,1623,gene
64535,21896666,21898289,1623,mRNA
64536,21896870,21898261,1391,CDS
64537,21900278,21900669,391,mobile_element
64538,21900835,21900949,114,mobile_element
64539,21902529,21902590,61,mobile_element
64540,21902993,21903739,746,gene
64541,21902993,21903739,746,mRNA
64542,21903150,21903716,566,CDS
64543,21906289,21908319,2030,gene
64544,21906289,21908319,2030,mRNA
64545,21906353,21908206,1853,CDS
64546,21908388,21908477,89,mobile_element
64547,21911771,21913694,1923,mobile_element
64548,21911811,21913270,1459,mobile_element
64549,21914269,21915358,1089,gene
64550,21915258,21915358,100,mRNA
64551,21915016,21915198,182,mRNA
64552,21914802,21914951,149,mRNA
64553,21914269,21914748,479,mRNA
64554,21915258,21915358,100,mRNA
64555,21915016,21915198,182,mRNA
64556,21914802,21914966,164,mRNA
64557,21914269,21914748,479,mRNA
64558,21915258,21915302,44,CDS
64559,21915016,21915198,182,CDS
64560,21914802,21914951,149,CDS
64561,21914440,21914748,308,CDS
64562,21915258,21915302,44,CDS
64563,21915016,21915198,182,CDS
64564,21914802,21914966,164,CDS
64565,21914440,21914748,308,CDS
64566,21916300,21920324,4024,gene
64567,21916300,21917429,1129,mRNA
64568,21919529,21920324,795,mRNA
64569,21916300,21917450,1150,mRNA
64570,21916405,21917301,896,CDS
64571,21916405,21917301,896,CDS
64572,21922941,21923470,529,mobile_element
64573,21924997,21925207,210,mobile_element
64574,21927442,21928526,1084,mobile_element
64575,21929064,21931698,2634,gene
64576,21929064,21929226,162,ncRNA
64577,21930327,21930694,367,ncRNA
64578,21930817,21931698,881,ncRNA
64579,21936121,21936555,434,mobile_element
64580,21936628,21936757,129,mobile_element
64581,21938574,21938643,69,mobile_element
64582,21940251,21940492,241,mobile_element
64583,21942111,21942371,260,mobile_element
64584,21942470,21942556,86,mobile_element
64585,21944045,21944229,184,mobile_element
64586,21946660,21946698,38,mobile_element
64587,21947554,21947609,55,mobile_element
64588,21949789,21949826,37,mobile_element
64589,21949849,21950521,672,gene
64590,21949849,21950521,672,ncRNA
64591,21950582,21950657,75,mobile_element
64592,21950874,21951163,289,gene
64593,21950874,21951163,289,ncRNA
64594,21954137,21954200,63,mobile_element
64595,21957820,21958360,540,gene
64596,21957820,21958360,540,ncRNA
64597,21958463,21959111,648,gene
64598,21958463,21959111,648,ncRNA
64599,21959599,21959980,381,gene
64600,21959599,21959980,381,ncRNA
64601,21964659,21964700,41,mobile_element
64602,21968694,21968982,288,mobile_element
64603,21969174,21969297,123,mobile_element
64604,21971721,21971777,56,mobile_element
64605,21972053,21972316,263,mobile_element
64606,21972830,21973069,239,mobile_element
64607,21974749,21992933,18184,gene
64608,21990891,21992933,2042,mRNA
64609,21979322,21979604,282,mRNA
64610,21974929,21977803,2874,mRNA
64611,21974749,21974875,126,mRNA
64612,21990891,21992879,1988,CDS
64613,21979410,21979604,194,CDS
64614,21981016,21981451,435,mobile_element
64615,21990849,21992933,2084,mRNA
64616,21981480,21981736,256,mRNA
64617,21990849,21992879,2030,CDS
64618,21981572,21981736,164,CDS
64619,21981738,21990843,9105,mobile_element
64620,21994219,21994400,181,mobile_element
64621,21997857,21998146,289,mobile_element
64622,21998846,21998997,151,mobile_element
64623,21999328,21999612,284,mobile_element
64624,21999734,22000420,686,gene
64625,22000386,22000420,34,ncRNA
64626,22000049,22000288,239,ncRNA
64627,21999734,21999944,210,ncRNA
64628,21999734,22000357,623,ncRNA
64629,22002859,22003388,529,mobile_element
64630,22004310,22004397,87,mobile_element
64631,22004569,22005447,878,mobile_element
64632,22006143,22006769,626,mobile_element
64633,22006998,22007172,174,mobile_element
64634,22009299,22009715,416,mobile_element
64635,22014647,22015076,429,mobile_element
64636,22015077,22015126,49,mobile_element
64637,22015190,22017334,2144,gene
64638,22015190,22017334,2144,mRNA
64639,22015190,22015396,206,mRNA
64640,22015453,22017325,1872,mRNA
64641,22015233,22017299,2066,CDS
64642,22015476,22017299,1823,CDS
64643,22017996,22018360,364,mobile_element
64644,22019208,22025734,6526,gene
64645,22019208,22020090,882,mRNA
64646,22020688,22023143,2455,mRNA
64647,22023366,22025734,2368,mRNA
64648,22019208,22020254,1046,gene
64649,22019208,22020254,1046,ncRNA
64650,22019316,22020254,938,ncRNA
64651,22019322,22020090,768,mRNA
64652,22020688,22023143,2455,mRNA
64653,22023366,22025734,2368,mRNA
64654,22020035,22020090,55,CDS
64655,22020688,22023143,2455,CDS
64656,22023366,22023928,562,CDS
64657,22020035,22020090,55,CDS
64658,22020688,22023143,2455,CDS
64659,22023366,22023928,562,CDS
64660,22030466,22030567,101,mobile_element
64661,22031608,22031672,64,mobile_element
64662,22032625,22033798,1173,gene
64663,22032625,22033798,1173,ncRNA
64664,22034916,22034983,67,mobile_element
64665,22036273,22036421,148,mobile_element
64666,22036446,22036488,42,mobile_element
64667,22037587,22037619,32,mobile_element
64668,22037860,22039772,1912,gene
64669,22037860,22038961,1101,mRNA
64670,22039037,22039772,735,mRNA
64671,22037999,22038961,962,mRNA
64672,22039037,22039183,146,mRNA
64673,22039235,22039373,138,mRNA
64674,22038032,22038961,929,CDS
64675,22039037,22039342,305,CDS
64676,22038032,22038961,929,CDS
64677,22039037,22039183,146,CDS
64678,22039235,22039342,107,CDS
64679,22040727,22043877,3150,gene
64680,22043756,22043877,121,mRNA
64681,22043537,22043700,163,mRNA
64682,22043347,22043466,119,mRNA
64683,22043247,22043283,36,mRNA
64684,22043102,22043193,91,mRNA
64685,22042402,22043042,640,mRNA
64686,22042107,22042347,240,mRNA
64687,22040727,22041688,961,mRNA
64688,22043537,22043877,340,mRNA
64689,22043347,22043466,119,mRNA
64690,22043247,22043283,36,mRNA
64691,22043102,22043193,91,mRNA
64692,22042402,22043042,640,mRNA
64693,22042107,22042347,240,mRNA
64694,22040727,22041688,961,mRNA
64695,22043537,22043687,150,CDS
64696,22043347,22043466,119,CDS
64697,22043247,22043283,36,CDS
64698,22043102,22043193,91,CDS
64699,22042402,22043042,640,CDS
64700,22042107,22042347,240,CDS
64701,22040790,22041688,898,CDS
64702,22043537,22043687,150,CDS
64703,22043347,22043466,119,CDS
64704,22043247,22043283,36,CDS
64705,22043102,22043193,91,CDS
64706,22042402,22043042,640,CDS
64707,22042107,22042347,240,CDS
64708,22040790,22041688,898,CDS
64709,22045540,22045826,286,mobile_element
64710,22046601,22047243,642,gene
64711,22046790,22047243,453,ncRNA
64712,22046601,22046715,114,ncRNA
64713,22046681,22046749,68,mobile_element
64714,22048335,22049559,1224,mobile_element
64715,22048618,22048877,259,mobile_element
64716,22048878,22048996,118,mobile_element
64717,22051947,22052064,117,mobile_element
64718,22052253,22052363,110,mobile_element
64719,22052943,22053057,114,mobile_element
64720,22053147,22053535,388,mobile_element
64721,22053834,22054302,468,gene
64722,22054172,22054302,130,mRNA
64723,22053834,22054117,283,mRNA
64724,22053975,22054112,137,CDS
64725,22059150,22059265,115,mobile_element
64726,22059788,22060117,329,mobile_element
64727,22062599,22062806,207,mobile_element
64728,22063277,22063612,335,mobile_element
64729,22064604,22065343,739,gene
64730,22065261,22065343,82,mRNA
64731,22064604,22065196,592,mRNA
64732,22064693,22065193,500,CDS
64733,22066517,22067170,653,gene
64734,22066517,22067170,653,exon
64735,22067382,22068130,748,mobile_element
64736,22068176,22068254,78,mobile_element
64737,22070464,22071092,628,mobile_element
64738,22071144,22072902,1758,gene
64739,22071144,22072558,1414,mRNA
64740,22072608,22072902,294,mRNA
64741,22071301,22072558,1257,CDS
64742,22072608,22072675,67,CDS
64743,22073049,22073104,55,mobile_element
64744,22073166,22073221,55,mobile_element
64745,22076382,22076586,204,mobile_element
64746,22076793,22077029,236,mobile_element
64747,22077030,22077123,93,mobile_element
64748,22077518,22077713,195,mobile_element
64749,22079632,22080738,1106,gene
64750,22079632,22080738,1106,mRNA
64751,22079688,22080719,1031,CDS
64752,22080988,22081166,178,mobile_element
64753,22082230,22082362,132,mobile_element
64754,22082697,22083025,328,mobile_element
64755,22085600,22085662,62,mobile_element
64756,22087149,22088443,1294,mobile_element
64757,22088483,22090440,1957,mobile_element
64758,22090789,22090912,123,mobile_element
64759,22090956,22091380,424,mobile_element
64760,22091388,22091482,94,mobile_element
64761,22091734,22092623,889,mobile_element
64762,22093063,22093162,99,mobile_element
64763,22094120,22094301,181,mobile_element
64764,22094884,22095346,462,mobile_element
64765,22097848,22098005,157,mobile_element
64766,22102626,22104401,1775,gene
64767,22102972,22104401,1429,mRNA
64768,22102626,22102922,296,mRNA
64769,22102972,22104223,1251,CDS
64770,22102855,22102922,67,CDS
64771,22104452,22104572,120,mobile_element
64772,22104891,22105512,621,gene
64773,22105351,22105512,161,mRNA
64774,22105116,22105297,181,mRNA
64775,22104891,22105051,160,mRNA
64776,22105351,22105512,161,mRNA
64777,22105116,22105297,181,mRNA
64778,22104891,22105067,176,mRNA
64779,22105351,22105401,50,CDS
64780,22105116,22105297,181,CDS
64781,22104925,22105051,126,CDS
64782,22105351,22105401,50,CDS
64783,22105116,22105297,181,CDS
64784,22104947,22105067,120,CDS
64785,22105682,22105770,88,mobile_element
64786,22106862,22107304,442,gene
64787,22106862,22107304,442,mRNA
64788,22106951,22107244,293,CDS
64789,22108964,22110449,1485,gene
64790,22108964,22109161,197,mRNA
64791,22109223,22110449,1226,mRNA
64792,22108964,22109161,197,mRNA
64793,22109235,22110449,1214,mRNA
64794,22109116,22109161,45,CDS
64795,22109223,22110349,1126,CDS
64796,22109116,22109161,45,CDS
64797,22109235,22110349,1114,CDS
64798,22110651,22110765,114,mobile_element
64799,22110989,22112992,2003,mobile_element
64800,22113046,22114644,1598,mobile_element
64801,22114646,22114795,149,mobile_element
64802,22115056,22115447,391,mobile_element
64803,22115445,22115684,239,mobile_element
64804,22115681,22117150,1469,mobile_element
64805,22117156,22120948,3792,mobile_element
64806,22118877,22120750,1873,mobile_element
64807,22121338,22126614,5276,gene
64808,22121338,22121413,75,mRNA
64809,22121946,22122180,234,mRNA
64810,22122251,22123681,1430,mRNA
64811,22123741,22124028,287,mRNA
64812,22124090,22124216,126,mRNA
64813,22124782,22125151,369,mRNA
64814,22121483,22121602,119,mobile_element
64815,22121840,22122180,340,mRNA
64816,22122251,22123681,1430,mRNA
64817,22123741,22124028,287,mRNA
64818,22124090,22124216,126,mRNA
64819,22124782,22126614,1832,mRNA
64820,22121840,22122180,340,mRNA
64821,22122251,22123681,1430,mRNA
64822,22123741,22124028,287,mRNA
64823,22124090,22124216,126,mRNA
64824,22124782,22125120,338,mRNA
64825,22121872,22122180,308,CDS
64826,22122251,22123681,1430,CDS
64827,22123741,22124028,287,CDS
64828,22124090,22124216,126,CDS
64829,22124782,22124939,157,CDS
64830,22121872,22122180,308,CDS
64831,22122251,22123681,1430,CDS
64832,22123741,22124028,287,CDS
64833,22124090,22124216,126,CDS
64834,22124782,22124939,157,CDS
64835,22122037,22122180,143,CDS
64836,22122251,22123681,1430,CDS
64837,22123741,22124028,287,CDS
64838,22124090,22124216,126,CDS
64839,22124782,22124939,157,CDS
64840,22124285,22130142,5857,gene
64841,22124285,22130142,5857,mRNA
64842,22124331,22124431,100,mobile_element
64843,22124627,22124682,55,mobile_element
64844,22127773,22128136,363,mobile_element
64845,22130099,22130142,43,mRNA
64846,22128264,22129898,1634,mRNA
64847,22128264,22130142,1878,mRNA
64848,22128521,22129723,1202,CDS
64849,22128521,22129723,1202,CDS
64850,22128521,22129723,1202,CDS
64851,22130581,22130723,142,mobile_element
64852,22131026,22131127,101,gene
64853,22131026,22131127,101,exon
64854,22131221,22166221,35000,gene
64855,22131221,22131447,226,mRNA
64856,22131503,22131699,196,mRNA
64857,22140719,22140971,252,mRNA
64858,22141595,22141768,173,mRNA
64859,22141834,22144280,2446,mRNA
64860,22145671,22146996,1325,mRNA
64861,22154798,22155408,610,mRNA
64862,22156621,22156815,194,mRNA
64863,22158492,22159611,1119,mRNA
64864,22131221,22132435,1214,gene
64865,22131221,22131447,226,ncRNA
64866,22131503,22131699,196,ncRNA
64867,22132118,22132435,317,ncRNA
64868,22131221,22131447,226,ncRNA
64869,22131503,22131699,196,ncRNA
64870,22132233,22132435,202,ncRNA
64871,22131221,22131447,226,ncRNA
64872,22131503,22131956,453,ncRNA
64873,22132151,22132702,551,mobile_element
64874,22133546,22133845,299,mobile_element
64875,22134333,22135107,774,mRNA
64876,22140719,22140971,252,mRNA
64877,22141595,22141768,173,mRNA
64878,22141834,22144280,2446,mRNA
64879,22145671,22146996,1325,mRNA
64880,22154798,22155408,610,mRNA
64881,22156621,22156815,194,mRNA
64882,22158513,22158721,208,mRNA
64883,22161678,22166221,4543,mRNA
64884,22134333,22135107,774,mRNA
64885,22140719,22140971,252,mRNA
64886,22141595,22141768,173,mRNA
64887,22141831,22144280,2449,mRNA
64888,22145671,22146996,1325,mRNA
64889,22154798,22155408,610,mRNA
64890,22156621,22156815,194,mRNA
64891,22158513,22158721,208,mRNA
64892,22160190,22160339,149,mRNA
64893,22161678,22164838,3160,mRNA
64894,22134333,22135107,774,mRNA
64895,22140719,22140971,252,mRNA
64896,22141595,22141768,173,mRNA
64897,22141834,22144280,2446,mRNA
64898,22145671,22146996,1325,mRNA
64899,22154798,22155408,610,mRNA
64900,22156621,22156815,194,mRNA
64901,22157023,22157055,32,mRNA
64902,22158513,22159611,1098,mRNA
64903,22134333,22135107,774,mRNA
64904,22140719,22140971,252,mRNA
64905,22141595,22141768,173,mRNA
64906,22141834,22144280,2446,mRNA
64907,22145671,22146996,1325,mRNA
64908,22154798,22155408,610,mRNA
64909,22156621,22156815,194,mRNA
64910,22158513,22159611,1098,mRNA
64911,22134333,22134719,386,mRNA
64912,22140719,22140971,252,mRNA
64913,22141595,22141768,173,mRNA
64914,22141834,22144280,2446,mRNA
64915,22145671,22146996,1325,mRNA
64916,22154798,22155408,610,mRNA
64917,22156621,22157055,434,mRNA
64918,22158513,22159611,1098,mRNA
64919,22135450,22136081,631,mobile_element
64920,22140121,22140363,242,mRNA
64921,22140719,22140971,252,mRNA
64922,22141595,22141768,173,mRNA
64923,22141834,22144280,2446,mRNA
64924,22145671,22146996,1325,mRNA
64925,22154798,22155408,610,mRNA
64926,22156621,22156815,194,mRNA
64927,22158513,22159611,1098,mRNA
64928,22140824,22140971,147,CDS
64929,22141595,22141768,173,CDS
64930,22141831,22144280,2449,CDS
64931,22145671,22146996,1325,CDS
64932,22154798,22155408,610,CDS
64933,22156621,22156815,194,CDS
64934,22158513,22158721,208,CDS
64935,22160190,22160339,149,CDS
64936,22161678,22162987,1309,CDS
64937,22140824,22140971,147,CDS
64938,22141595,22141768,173,CDS
64939,22141834,22144280,2446,CDS
64940,22145671,22146996,1325,CDS
64941,22154798,22155408,610,CDS
64942,22156621,22156815,194,CDS
64943,22158513,22158721,208,CDS
64944,22161678,22162987,1309,CDS
64945,22140824,22140971,147,CDS
64946,22141595,22141768,173,CDS
64947,22141834,22144280,2446,CDS
64948,22145671,22146996,1325,CDS
64949,22154798,22155408,610,CDS
64950,22156621,22156815,194,CDS
64951,22158492,22158744,252,CDS
64952,22140824,22140971,147,CDS
64953,22141595,22141768,173,CDS
64954,22141834,22144280,2446,CDS
64955,22145671,22146996,1325,CDS
64956,22154798,22155408,610,CDS
64957,22156621,22156815,194,CDS
64958,22158513,22158744,231,CDS
64959,22140824,22140971,147,CDS
64960,22141595,22141768,173,CDS
64961,22141834,22144280,2446,CDS
64962,22145671,22146996,1325,CDS
64963,22154798,22155408,610,CDS
64964,22156621,22156815,194,CDS
64965,22158513,22158744,231,CDS
64966,22140824,22140971,147,CDS
64967,22141595,22141768,173,CDS
64968,22141834,22144280,2446,CDS
64969,22145671,22146996,1325,CDS
64970,22154798,22155408,610,CDS
64971,22156621,22156815,194,CDS
64972,22157023,22157032,9,CDS
64973,22140824,22140971,147,CDS
64974,22141595,22141768,173,CDS
64975,22141834,22144280,2446,CDS
64976,22145671,22146996,1325,CDS
64977,22154798,22155408,610,CDS
64978,22156621,22156834,213,CDS
64979,22145035,22145127,92,mobile_element
64980,22145280,22145514,234,mobile_element
64981,22148061,22148134,73,mobile_element
64982,22148175,22148316,141,mobile_element
64983,22149904,22150616,712,mobile_element
64984,22151623,22152640,1017,gene
64985,22151623,22151627,4,mRNA
64986,22151754,22152640,886,mRNA
64987,22151754,22152640,886,mRNA
64988,22151826,22152566,740,CDS
64989,22151826,22152566,740,CDS
64990,22153575,22153706,131,mRNA
64991,22154798,22155408,610,mRNA
64992,22156621,22156815,194,mRNA
64993,22158513,22158721,208,mRNA
64994,22160208,22160339,131,mRNA
64995,22161678,22166221,4543,mRNA
64996,22153575,22153706,131,mRNA
64997,22154798,22155408,610,mRNA
64998,22156621,22156815,194,mRNA
64999,22158513,22158721,208,mRNA
65000,22160208,22160349,141,mRNA
65001,22161678,22164838,3160,mRNA
65002,22153575,22153706,131,mRNA
65003,22154798,22155408,610,mRNA
65004,22156621,22156815,194,mRNA
65005,22158513,22158721,208,mRNA
65006,22161678,22164838,3160,mRNA
65007,22153575,22153706,131,mRNA
65008,22154798,22155408,610,mRNA
65009,22156621,22156815,194,mRNA
65010,22158513,22161348,2835,mRNA
65011,22153695,22153706,11,CDS
65012,22154798,22155408,610,CDS
65013,22156621,22156815,194,CDS
65014,22158513,22158721,208,CDS
65015,22160208,22160339,131,CDS
65016,22161678,22162987,1309,CDS
65017,22153695,22153706,11,CDS
65018,22154798,22155408,610,CDS
65019,22156621,22156815,194,CDS
65020,22158513,22158721,208,CDS
65021,22161678,22162987,1309,CDS
65022,22153695,22153706,11,CDS
65023,22154798,22155408,610,CDS
65024,22156621,22156815,194,CDS
65025,22158513,22158721,208,CDS
65026,22160208,22160349,141,CDS
65027,22161678,22161750,72,CDS
65028,22153695,22153706,11,CDS
65029,22154798,22155408,610,CDS
65030,22156621,22156815,194,CDS
65031,22158513,22158744,231,CDS
65032,22154099,22156468,2369,mobile_element
65033,22159423,22159478,55,mobile_element
65034,22159968,22160009,41,mobile_element
65035,22163258,22163806,548,mobile_element
65036,22165720,22169143,3423,gene
65037,22168888,22169143,255,mRNA
65038,22168380,22168643,263,mRNA
65039,22168120,22168320,200,mRNA
65040,22167637,22168066,429,mRNA
65041,22167303,22167576,273,mRNA
65042,22167050,22167253,203,mRNA
65043,22165720,22166987,1267,mRNA
65044,22168888,22169143,255,mRNA
65045,22168380,22168643,263,mRNA
65046,22168120,22168320,200,mRNA
65047,22167637,22168066,429,mRNA
65048,22167303,22167576,273,mRNA
65049,22167050,22167238,188,mRNA
65050,22165966,22166987,1021,mRNA
65051,22168380,22168535,155,CDS
65052,22168120,22168320,200,CDS
65053,22167637,22168066,429,CDS
65054,22167303,22167576,273,CDS
65055,22167050,22167238,188,CDS
65056,22166552,22166987,435,CDS
65057,22168380,22168535,155,CDS
65058,22168120,22168320,200,CDS
65059,22167637,22168066,429,CDS
65060,22167303,22167576,273,CDS
65061,22167050,22167253,203,CDS
65062,22166552,22166987,435,CDS
65063,22169511,22169540,29,mobile_element
65064,22169668,22170204,536,gene
65065,22169668,22170204,536,ncRNA
65066,22171261,22171336,75,mobile_element
65067,22171337,22172831,1494,mobile_element
65068,22172944,22173259,315,mobile_element
65069,22173393,22173628,235,mobile_element
65070,22174048,22174202,154,mobile_element
65071,22174347,22174817,470,mobile_element
65072,22175415,22183991,8576,gene
65073,22175415,22175602,187,mRNA
65074,22182738,22183466,728,mRNA
65075,22183528,22183991,463,mRNA
65076,22175415,22175602,187,mRNA
65077,22182738,22183466,728,mRNA
65078,22183608,22183991,383,mRNA
65079,22175450,22175602,152,CDS
65080,22182738,22183466,728,CDS
65081,22183528,22183923,395,CDS
65082,22175450,22175602,152,CDS
65083,22182738,22183466,728,CDS
65084,22183608,22183631,23,CDS
65085,22175996,22176042,46,mobile_element
65086,22176505,22177642,1137,mobile_element
65087,22176729,22176957,228,mobile_element
65088,22177248,22177393,145,mobile_element
65089,22177702,22177823,121,mobile_element
65090,22177848,22178025,177,mobile_element
65091,22178788,22179160,372,mobile_element
65092,22180593,22180962,369,mobile_element
65093,22182157,22182648,491,mobile_element
65094,22184145,22185970,1825,mobile_element
65095,22187967,22188241,274,mobile_element
65096,22188261,22189068,807,mobile_element
65097,22189526,22214376,24850,gene
65098,22214163,22214376,213,mRNA
65099,22213531,22214099,568,mRNA
65100,22213206,22213469,263,mRNA
65101,22212725,22213148,423,mRNA
65102,22196251,22196755,504,mRNA
65103,22189745,22189974,229,mRNA
65104,22189526,22189687,161,mRNA
65105,22198291,22198553,262,mRNA
65106,22196251,22196755,504,mRNA
65107,22189745,22189974,229,mRNA
65108,22189526,22189687,161,mRNA
65109,22197858,22198189,331,mRNA
65110,22196251,22196755,504,mRNA
65111,22189745,22189974,229,mRNA
65112,22189526,22189687,161,mRNA
65113,22214163,22214265,102,CDS
65114,22213531,22214099,568,CDS
65115,22213206,22213469,263,CDS
65116,22212725,22213148,423,CDS
65117,22196251,22196755,504,CDS
65118,22189745,22189974,229,CDS
65119,22189584,22189687,103,CDS
65120,22197858,22197861,3,CDS
65121,22196251,22196755,504,CDS
65122,22189745,22189974,229,CDS
65123,22189584,22189687,103,CDS
65124,22196251,22196588,337,CDS
65125,22189745,22189974,229,CDS
65126,22189584,22189687,103,CDS
65127,22190950,22191162,212,mobile_element
65128,22191534,22191799,265,mobile_element
65129,22192652,22192732,80,mobile_element
65130,22192908,22193315,407,mobile_element
65131,22193767,22193889,122,mobile_element
65132,22194565,22194614,49,mobile_element
65133,22195667,22196064,397,mobile_element
65134,22199990,22200623,633,mobile_element
65135,22200858,22209490,8632,mobile_element
65136,22201105,22207089,5984,mobile_element
65137,22201408,22206551,5143,mobile_element
65138,22209491,22209920,429,mobile_element
65139,22212478,22212531,53,mobile_element
65140,22214712,22214883,171,mobile_element
65141,22215428,22215753,325,mobile_element
65142,22216161,22216547,386,mobile_element
65143,22218277,22227311,9034,mobile_element
65144,22218310,22224478,6168,mobile_element
65145,22218474,22220919,2445,mobile_element
65146,22219233,22219578,345,mobile_element
65147,22224744,22225070,326,mobile_element
65148,22226152,22226771,619,gene
65149,22226152,22226771,619,exon
65150,22228795,22238986,10191,mobile_element
65151,22229059,22238529,9470,mobile_element
65152,22238580,22238620,40,mobile_element
65153,22239183,22239713,530,gene
65154,22239694,22239713,19,ncRNA
65155,22239427,22239624,197,ncRNA
65156,22239183,22239357,174,ncRNA
65157,22239916,22246988,7072,gene
65158,22239916,22240103,187,mRNA
65159,22240154,22246988,6834,mRNA
65160,22239916,22240103,187,mRNA
65161,22240154,22240978,824,mRNA
65162,22239916,22240103,187,mRNA
65163,22240170,22240881,711,mRNA
65164,22239932,22240103,171,CDS
65165,22240154,22240863,709,CDS
65166,22239932,22240103,171,CDS
65167,22240154,22240863,709,CDS
65168,22240240,22240863,623,CDS
65169,22241337,22241757,420,mobile_element
65170,22241899,22242143,244,mobile_element
65171,22245276,22245380,104,mobile_element
65172,22245573,22245836,263,mobile_element
65173,22246056,22246147,91,mobile_element
65174,22247111,22247875,764,gene
65175,22247783,22247833,50,mRNA
65176,22247111,22247721,610,mRNA
65177,22247796,22247875,79,mRNA
65178,22247146,22247721,575,mRNA
65179,22247796,22247833,37,mRNA
65180,22247146,22247721,575,mRNA
65181,22247226,22247705,479,CDS
65182,22247226,22247705,479,CDS
65183,22247226,22247705,479,CDS
65184,22249876,22258260,8384,gene
65185,22249876,22250314,438,mRNA
65186,22250372,22250853,481,mRNA
65187,22253194,22253685,491,mRNA
65188,22253746,22253921,175,mRNA
65189,22257653,22257902,249,mRNA
65190,22257960,22258260,300,mRNA
65191,22250099,22250314,215,CDS
65192,22250372,22250853,481,CDS
65193,22253194,22253685,491,CDS
65194,22253746,22253921,175,CDS
65195,22257653,22257902,249,CDS
65196,22257960,22258179,219,CDS
65197,22250953,22252544,1591,mobile_element
65198,22251245,22252270,1025,mobile_element
65199,22254585,22254732,147,mobile_element
65200,22255487,22256352,865,mobile_element
65201,22256394,22256569,175,mobile_element
65202,22257285,22257383,98,mobile_element
65203,22258692,22260733,2041,mobile_element
65204,22261074,22262565,1491,mobile_element
65205,22262837,22265460,2623,mobile_element
65206,22263134,22264223,1089,mobile_element
65207,22267704,22269459,1755,mobile_element
65208,22268617,22269039,422,mobile_element
65209,22269091,22269202,111,mobile_element
65210,22269460,22273050,3590,mobile_element
65211,22270052,22272124,2072,mobile_element
65212,22270257,22270860,603,mobile_element
65213,22272125,22272473,348,mobile_element
65214,22274691,22274838,147,mobile_element
65215,22276285,22276631,346,mobile_element
65216,22276997,22278015,1018,mobile_element
65217,22278133,22278328,195,mobile_element
65218,22278335,22278384,49,mobile_element
65219,22278506,22278638,132,mobile_element
65220,22280499,22292574,12075,mobile_element
65221,22283451,22290100,6649,mobile_element
65222,22290154,22290463,309,mobile_element
65223,22290554,22291130,576,mobile_element
65224,22294285,22294332,47,mobile_element
65225,22295281,22295376,95,mobile_element
65226,22295412,22297990,2578,mobile_element
65227,22298507,22299941,1434,mobile_element
65228,22299362,22299486,124,mobile_element
65229,22300176,22304637,4461,mobile_element
65230,22300300,22304444,4144,mobile_element
65231,22305177,22305284,107,mobile_element
65232,22307392,22311147,3755,mobile_element
65233,22308755,22368796,60041,gene
65234,22308755,22308846,91,mRNA
65235,22308901,22309001,100,mRNA
65236,22311865,22312038,173,mRNA
65237,22325762,22325846,84,mRNA
65238,22356903,22357047,144,mRNA
65239,22363430,22364294,864,mRNA
65240,22365193,22365324,131,mRNA
65241,22365377,22367173,1796,mRNA
65242,22367236,22367497,261,mRNA
65243,22367566,22368176,610,mRNA
65244,22368246,22368796,550,mRNA
65245,22311178,22311665,487,mobile_element
65246,22311927,22312038,111,mRNA
65247,22325762,22325846,84,mRNA
65248,22363430,22364294,864,mRNA
65249,22365193,22365324,131,mRNA
65250,22365377,22367173,1796,mRNA
65251,22367236,22367497,261,mRNA
65252,22367566,22368176,610,mRNA
65253,22368246,22368776,530,mRNA
65254,22311927,22312038,111,mRNA
65255,22354812,22354969,157,mRNA
65256,22363430,22364294,864,mRNA
65257,22365193,22365324,131,mRNA
65258,22365377,22367173,1796,mRNA
65259,22367236,22367497,261,mRNA
65260,22367566,22368176,610,mRNA
65261,22368246,22368776,530,mRNA
65262,22311927,22312038,111,mRNA
65263,22363430,22364294,864,mRNA
65264,22365193,22365324,131,mRNA
65265,22365377,22367173,1796,mRNA
65266,22367236,22367497,261,mRNA
65267,22367566,22368176,610,mRNA
65268,22368246,22368776,530,mRNA
65269,22314315,22314808,493,mobile_element
65270,22314971,22315275,304,mobile_element
65271,22315673,22318155,2482,mobile_element
65272,22318310,22318709,399,mobile_element
65273,22321110,22321723,613,mobile_element
65274,22321993,22322176,183,mobile_element
65275,22322856,22323070,214,mobile_element
65276,22323886,22324377,491,mobile_element
65277,22324498,22325131,633,mobile_element
65278,22324656,22325031,375,mobile_element
65279,22325827,22325846,19,CDS
65280,22363430,22364294,864,CDS
65281,22365193,22365324,131,CDS
65282,22365377,22367173,1796,CDS
65283,22367236,22367497,261,CDS
65284,22367566,22368176,610,CDS
65285,22368246,22368443,197,CDS
65286,22325984,22326373,389,mobile_element
65287,22326997,22328106,1109,mobile_element
65288,22327585,22327681,96,mobile_element
65289,22328111,22328464,353,mobile_element
65290,22329230,22337869,8639,mobile_element
65291,22329289,22334333,5044,mobile_element
65292,22336353,22337730,1377,mobile_element
65293,22338202,22339622,1420,mobile_element
65294,22338411,22339516,1105,mobile_element
65295,22339733,22339785,52,mobile_element
65296,22340622,22341291,669,gene
65297,22340622,22341291,669,exon
65298,22341330,22341383,53,mobile_element
65299,22341392,22342050,658,mobile_element
65300,22342755,22342967,212,mobile_element
65301,22342974,22343153,179,mobile_element
65302,22344639,22344728,89,mobile_element
65303,22345794,22345913,119,mobile_element
65304,22345982,22346681,699,mobile_element
65305,22346693,22348202,1509,mobile_element
65306,22348958,22350044,1086,mobile_element
65307,22351157,22351663,506,mobile_element
65308,22352018,22352182,164,mobile_element
65309,22352231,22352486,255,mobile_element
65310,22352986,22353093,107,mobile_element
65311,22353277,22353852,575,mobile_element
65312,22354355,22354401,46,mRNA
65313,22354466,22354969,503,mRNA
65314,22363430,22364294,864,mRNA
65315,22365193,22365324,131,mRNA
65316,22365377,22367173,1796,mRNA
65317,22367236,22367497,261,mRNA
65318,22367566,22368176,610,mRNA
65319,22368246,22368776,530,mRNA
65320,22354917,22354969,52,CDS
65321,22363430,22364294,864,CDS
65322,22365193,22365324,131,CDS
65323,22365377,22367173,1796,CDS
65324,22367236,22367497,261,CDS
65325,22367566,22368176,610,CDS
65326,22368246,22368443,197,CDS
65327,22354917,22354969,52,CDS
65328,22363430,22364294,864,CDS
65329,22365193,22365324,131,CDS
65330,22365377,22367173,1796,CDS
65331,22367236,22367497,261,CDS
65332,22367566,22368176,610,CDS
65333,22368246,22368443,197,CDS
65334,22355288,22355638,350,mobile_element
65335,22355883,22356416,533,mobile_element
65336,22357824,22359855,2031,mobile_element
65337,22359856,22360239,383,mobile_element
65338,22360439,22360634,195,mobile_element
65339,22360654,22360869,215,mobile_element
65340,22360891,22361351,460,mobile_element
65341,22362464,22363182,718,mobile_element
65342,22363476,22364294,818,CDS
65343,22365193,22365324,131,CDS
65344,22365377,22367173,1796,CDS
65345,22367236,22367497,261,CDS
65346,22367566,22368176,610,CDS
65347,22368246,22368443,197,CDS
65348,22363476,22364294,818,CDS
65349,22365193,22365324,131,CDS
65350,22365377,22367173,1796,CDS
65351,22367236,22367497,261,CDS
65352,22367566,22368176,610,CDS
65353,22368246,22368443,197,CDS
65354,22369376,22370022,646,mobile_element
65355,22370069,22370174,105,mobile_element
65356,22370226,22376604,6378,mobile_element
65357,22370797,22373915,3118,mobile_element
65358,22376851,22381553,4702,mobile_element
65359,22377032,22381333,4301,mobile_element
65360,22381554,22384123,2569,mobile_element
65361,22384130,22386503,2373,mobile_element
65362,22386505,22386723,218,mobile_element
65363,22386724,22389627,2903,mobile_element
65364,22389628,22390750,1122,mobile_element
65365,22390751,22391072,321,mobile_element
65366,22391073,22391139,66,mobile_element
65367,22391996,22392131,135,mobile_element
65368,22392259,22392702,443,mobile_element
65369,22393429,22394820,1391,mobile_element
65370,22394821,22395181,360,mobile_element
65371,22395373,22406749,11376,mobile_element
65372,22396360,22402640,6280,mobile_element
65373,22405572,22406421,849,mobile_element
65374,22406750,22406969,219,mobile_element
65375,22408089,22408368,279,mobile_element
65376,22408490,22408847,357,mobile_element
65377,22409494,22409773,279,mobile_element
65378,22409895,22410321,426,mobile_element
65379,22410897,22411176,279,mobile_element
65380,22411294,22411721,427,mobile_element
65381,22412695,22413121,426,mobile_element
65382,22413694,22413973,279,mobile_element
65383,22414091,22414518,427,mobile_element
65384,22415073,22415352,279,mobile_element
65385,22415470,22415824,354,mobile_element
65386,22415856,22420241,4385,mobile_element
65387,22532279,22536884,4605,gene
65388,22536537,22536884,347,mRNA
65389,22536115,22536378,263,mRNA
65390,22535617,22536054,437,mRNA
65391,22532279,22535063,2784,mRNA
65392,22536621,22536687,66,mRNA
65393,22536537,22536565,28,mRNA
65394,22536115,22536378,263,mRNA
65395,22535617,22536054,437,mRNA
65396,22533917,22535063,1146,mRNA
65397,22536621,22536650,29,mRNA
65398,22536537,22536565,28,mRNA
65399,22536115,22536378,263,mRNA
65400,22535617,22536054,437,mRNA
65401,22534801,22535063,262,mRNA
65402,22536537,22536650,113,mRNA
65403,22536115,22536378,263,mRNA
65404,22535617,22536054,437,mRNA
65405,22534801,22535063,262,mRNA
65406,22536537,22536539,2,CDS
65407,22536115,22536378,263,CDS
65408,22535617,22536054,437,CDS
65409,22534869,22535063,194,CDS
65410,22536537,22536539,2,CDS
65411,22536115,22536378,263,CDS
65412,22535617,22536054,437,CDS
65413,22534869,22535063,194,CDS
65414,22536537,22536539,2,CDS
65415,22536115,22536378,263,CDS
65416,22535617,22536054,437,CDS
65417,22534869,22535063,194,CDS
65418,22536537,22536539,2,CDS
65419,22536115,22536378,263,CDS
65420,22535617,22536054,437,CDS
65421,22534869,22535063,194,CDS
65422,22535458,22535593,135,gene
65423,22535458,22535593,135,ncRNA
65424,22537668,22540597,2929,gene
65425,22537668,22540324,2656,mRNA
65426,22540378,22540597,219,mRNA
65427,22538230,22548452,10222,gene
65428,22538230,22538287,57,ncRNA
65429,22539953,22540324,371,ncRNA
65430,22547540,22548452,912,ncRNA
65431,22538230,22540324,2094,mRNA
65432,22540378,22540597,219,mRNA
65433,22538290,22538355,65,ncRNA
65434,22539953,22540324,371,ncRNA
65435,22547540,22548452,912,ncRNA
65436,22538290,22538993,703,ncRNA
65437,22539953,22540324,371,ncRNA
65438,22540378,22541278,900,ncRNA
65439,22538290,22538568,278,ncRNA
65440,22539953,22540324,371,ncRNA
65441,22540378,22540900,522,ncRNA
65442,22538290,22538568,278,ncRNA
65443,22538627,22540324,1697,ncRNA
65444,22540378,22540597,219,ncRNA
65445,22538312,22540324,2012,CDS
65446,22540378,22540488,110,CDS
65447,22538312,22540324,2012,CDS
65448,22540378,22540488,110,CDS
65449,22547230,22547486,256,ncRNA
65450,22547540,22548452,912,ncRNA
65451,22550064,22556295,6231,gene
65452,22550064,22550488,424,mRNA
65453,22550548,22551785,1237,mRNA
65454,22550240,22550488,248,mRNA
65455,22550548,22556295,5747,mRNA
65456,22550240,22550488,248,mRNA
65457,22550548,22551662,1114,mRNA
65458,22550559,22551107,548,CDS
65459,22550559,22551107,548,CDS
65460,22550559,22551107,548,CDS
65461,22579072,22585843,6771,gene
65462,22579072,22579252,180,mRNA
65463,22579821,22581133,1312,mRNA
65464,22584122,22584682,560,mRNA
65465,22584742,22585843,1101,mRNA
65466,22579750,22581133,1383,mRNA
65467,22584122,22584682,560,mRNA
65468,22584742,22585843,1101,mRNA
65469,22579841,22581133,1292,CDS
65470,22584122,22584682,560,CDS
65471,22584742,22585581,839,CDS
65472,22579841,22581133,1292,CDS
65473,22584122,22584682,560,CDS
65474,22584742,22585581,839,CDS
65475,22622417,22756349,133932,gene
65476,22755857,22756349,492,mRNA
65477,22718884,22718975,91,mRNA
65478,22718567,22718727,160,mRNA
65479,22718368,22718512,144,mRNA
65480,22688181,22688609,428,mRNA
65481,22688006,22688123,117,mRNA
65482,22675924,22676090,166,mRNA
65483,22643757,22643882,125,mRNA
65484,22643129,22643700,571,mRNA
65485,22622417,22622703,286,mRNA
65486,22755857,22756124,267,CDS
65487,22718884,22718975,91,CDS
65488,22718567,22718727,160,CDS
65489,22718368,22718512,144,CDS
65490,22688181,22688609,428,CDS
65491,22688006,22688123,117,CDS
65492,22675924,22676090,166,CDS
65493,22643757,22643882,125,CDS
65494,22643137,22643700,563,CDS
65495,22751304,22751795,491,gene
65496,22751680,22751795,115,ncRNA
65497,22751304,22751519,215,ncRNA
65498,22751304,22751795,491,ncRNA
65499,22797519,22798276,757,gene
65500,22798174,22798276,102,mRNA
65501,22797519,22798103,584,mRNA
65502,22798174,22798276,102,mRNA
65503,22797519,22798122,603,mRNA
65504,22798174,22798218,44,CDS
65505,22797652,22798122,470,CDS
65506,22797652,22797933,281,CDS
65507,22844220,22854541,10321,gene
65508,22844220,22844408,188,mRNA
65509,22844468,22844847,379,mRNA
65510,22848970,22849092,122,mRNA
65511,22849214,22849255,41,mRNA
65512,22849306,22849373,67,mRNA
65513,22849429,22849632,203,mRNA
65514,22849693,22849770,77,mRNA
65515,22854187,22854541,354,mRNA
65516,22844220,22844847,627,mRNA
65517,22848970,22849092,122,mRNA
65518,22849214,22849255,41,mRNA
65519,22849306,22849373,67,mRNA
65520,22849429,22849632,203,mRNA
65521,22849693,22854208,4515,mRNA
65522,22844220,22844847,627,mRNA
65523,22849214,22849255,41,mRNA
65524,22849306,22849373,67,mRNA
65525,22849429,22849632,203,mRNA
65526,22849693,22853034,3341,mRNA
65527,22844220,22844847,627,mRNA
65528,22848970,22849255,285,mRNA
65529,22849306,22849373,67,mRNA
65530,22849429,22849632,203,mRNA
65531,22849693,22850310,617,mRNA
65532,22844220,22844408,188,mRNA
65533,22844468,22844847,379,mRNA
65534,22848970,22849255,285,mRNA
65535,22849306,22849373,67,mRNA
65536,22849429,22849632,203,mRNA
65537,22849693,22850310,617,mRNA
65538,22844220,22844408,188,mRNA
65539,22844468,22844847,379,mRNA
65540,22848970,22849092,122,mRNA
65541,22849214,22849255,41,mRNA
65542,22849306,22849373,67,mRNA
65543,22849429,22849632,203,mRNA
65544,22849693,22850310,617,mRNA
65545,22844220,22844408,188,mRNA
65546,22844468,22844847,379,mRNA
65547,22848970,22849092,122,mRNA
65548,22849214,22849255,41,mRNA
65549,22849324,22849373,49,mRNA
65550,22849429,22849632,203,mRNA
65551,22849693,22850310,617,mRNA
65552,22844220,22844408,188,mRNA
65553,22844468,22844847,379,mRNA
65554,22849214,22849255,41,mRNA
65555,22849306,22849373,67,mRNA
65556,22849429,22849632,203,mRNA
65557,22849693,22850310,617,mRNA
65558,22844571,22844847,276,CDS
65559,22848970,22849092,122,CDS
65560,22849214,22849255,41,CDS
65561,22849306,22849373,67,CDS
65562,22849429,22849632,203,CDS
65563,22849693,22849770,77,CDS
65564,22854187,22854204,17,CDS
65565,22844571,22844847,276,CDS
65566,22848970,22849092,122,CDS
65567,22849214,22849255,41,CDS
65568,22849306,22849373,67,CDS
65569,22849429,22849632,203,CDS
65570,22849693,22849803,110,CDS
65571,22844571,22844847,276,CDS
65572,22848970,22849092,122,CDS
65573,22849214,22849255,41,CDS
65574,22849306,22849373,67,CDS
65575,22849429,22849632,203,CDS
65576,22849693,22849803,110,CDS
65577,22844571,22844847,276,CDS
65578,22848970,22849092,122,CDS
65579,22849214,22849255,41,CDS
65580,22849324,22849373,49,CDS
65581,22849429,22849632,203,CDS
65582,22849693,22849803,110,CDS
65583,22844571,22844847,276,CDS
65584,22849214,22849255,41,CDS
65585,22849306,22849373,67,CDS
65586,22849429,22849632,203,CDS
65587,22849693,22849803,110,CDS
65588,22844571,22844847,276,CDS
65589,22849214,22849255,41,CDS
65590,22849306,22849373,67,CDS
65591,22849429,22849632,203,CDS
65592,22849693,22849803,110,CDS
65593,22844571,22844847,276,CDS
65594,22848970,22849100,130,CDS
65595,22844571,22844847,276,CDS
65596,22848970,22849100,130,CDS
65597,22924795,22943135,18340,gene
65598,22924795,22924925,130,mRNA
65599,22924982,22925107,125,mRNA
65600,22925160,22925330,170,mRNA
65601,22925381,22925498,117,mRNA
65602,22925566,22925919,353,mRNA
65603,22927438,22927765,327,mRNA
65604,22938774,22938842,68,mRNA
65605,22938904,22939305,401,mRNA
65606,22939354,22939540,186,mRNA
65607,22939595,22939834,239,mRNA
65608,22939887,22940013,126,mRNA
65609,22940073,22943135,3062,mRNA
65610,22924795,22924925,130,mRNA
65611,22924982,22925107,125,mRNA
65612,22925160,22925330,170,mRNA
65613,22925381,22925498,117,mRNA
65614,22925566,22925919,353,mRNA
65615,22927438,22927765,327,mRNA
65616,22938774,22938842,68,mRNA
65617,22938904,22939305,401,mRNA
65618,22939354,22939540,186,mRNA
65619,22939595,22939834,239,mRNA
65620,22939887,22940013,126,mRNA
65621,22940073,22942223,2150,mRNA
65622,22924795,22924925,130,mRNA
65623,22924982,22925107,125,mRNA
65624,22925160,22925330,170,mRNA
65625,22925381,22925498,117,mRNA
65626,22925566,22925919,353,mRNA
65627,22927438,22927765,327,mRNA
65628,22938774,22938842,68,mRNA
65629,22938904,22939305,401,mRNA
65630,22939354,22939540,186,mRNA
65631,22939595,22939834,239,mRNA
65632,22939887,22940013,126,mRNA
65633,22940073,22940623,550,mRNA
65634,22924795,22924925,130,mRNA
65635,22924982,22925330,348,mRNA
65636,22925381,22925498,117,mRNA
65637,22925566,22925919,353,mRNA
65638,22927438,22927765,327,mRNA
65639,22938774,22938842,68,mRNA
65640,22938904,22939305,401,mRNA
65641,22939354,22939540,186,mRNA
65642,22939595,22939834,239,mRNA
65643,22939887,22940013,126,mRNA
65644,22940073,22940527,454,mRNA
65645,22924896,22924925,29,CDS
65646,22924982,22925107,125,CDS
65647,22925160,22925330,170,CDS
65648,22925381,22925498,117,CDS
65649,22925566,22925919,353,CDS
65650,22927438,22927765,327,CDS
65651,22938774,22938842,68,CDS
65652,22938904,22939305,401,CDS
65653,22939354,22939540,186,CDS
65654,22939595,22939834,239,CDS
65655,22939887,22940013,126,CDS
65656,22940073,22940446,373,CDS
65657,22924896,22924925,29,CDS
65658,22924982,22925107,125,CDS
65659,22925160,22925330,170,CDS
65660,22925381,22925498,117,CDS
65661,22925566,22925919,353,CDS
65662,22927438,22927765,327,CDS
65663,22938774,22938842,68,CDS
65664,22938904,22939305,401,CDS
65665,22939354,22939540,186,CDS
65666,22939595,22939834,239,CDS
65667,22939887,22940013,126,CDS
65668,22940073,22940446,373,CDS
65669,22924896,22924925,29,CDS
65670,22924982,22925107,125,CDS
65671,22925160,22925330,170,CDS
65672,22925381,22925498,117,CDS
65673,22925566,22925919,353,CDS
65674,22927438,22927765,327,CDS
65675,22938774,22938842,68,CDS
65676,22938904,22939305,401,CDS
65677,22939354,22939540,186,CDS
65678,22939595,22939834,239,CDS
65679,22939887,22940013,126,CDS
65680,22940073,22940446,373,CDS
65681,22927578,22927765,187,CDS
65682,22938774,22938842,68,CDS
65683,22938904,22939305,401,CDS
65684,22939354,22939540,186,CDS
65685,22939595,22939834,239,CDS
65686,22939887,22940013,126,CDS
65687,22940073,22940446,373,CDS
65688,22949038,22950476,1438,gene
65689,22949038,22949647,609,exon
65690,22949696,22949835,139,exon
65691,22949891,22950022,131,exon
65692,22950077,22950282,205,exon
65693,22950338,22950476,138,exon
65694,22981816,22992951,11135,gene
65695,22981816,22982593,777,mRNA
65696,22990754,22990892,138,mRNA
65697,22990948,22991153,205,mRNA
65698,22991208,22991339,131,mRNA
65699,22991395,22991534,139,mRNA
65700,22991583,22992951,1368,mRNA
65701,22981816,22982593,777,mRNA
65702,22990754,22990892,138,mRNA
65703,22990948,22991153,205,mRNA
65704,22991208,22991339,131,mRNA
65705,22991395,22991534,139,mRNA
65706,22991583,22992343,760,mRNA
65707,22982198,22982593,395,CDS
65708,22990754,22990892,138,CDS
65709,22990948,22991153,205,CDS
65710,22991208,22991339,131,CDS
65711,22991395,22991534,139,CDS
65712,22991583,22991943,360,CDS
65713,22982198,22982593,395,CDS
65714,22990754,22990892,138,CDS
65715,22990948,22991153,205,CDS
65716,22991208,22991339,131,CDS
65717,22991395,22991534,139,CDS
65718,22991583,22991943,360,CDS
65719,22999574,23025915,26341,gene
65720,23025855,23025915,60,mRNA
65721,23025170,23025224,54,mRNA
65722,23016038,23016090,52,mRNA
65723,23012456,23015980,3524,mRNA
65724,23012218,23012403,185,mRNA
65725,23005407,23005686,279,mRNA
65726,23003991,23005346,1355,mRNA
65727,23003747,23003933,186,mRNA
65728,22999574,23000966,1392,mRNA
65729,23025697,23025828,131,mRNA
65730,23025170,23025224,54,mRNA
65731,23016038,23016090,52,mRNA
65732,23012456,23015980,3524,mRNA
65733,23012218,23012403,185,mRNA
65734,23005407,23005686,279,mRNA
65735,23003991,23005346,1355,mRNA
65736,23003747,23003933,186,mRNA
65737,22999574,23000966,1392,mRNA
65738,23025289,23025419,130,mRNA
65739,23025170,23025224,54,mRNA
65740,23016038,23016104,66,mRNA
65741,23012456,23015980,3524,mRNA
65742,23012218,23012403,185,mRNA
65743,23005407,23005686,279,mRNA
65744,23003991,23005346,1355,mRNA
65745,23003747,23003933,186,mRNA
65746,22999574,23000966,1392,mRNA
65747,23016038,23016070,32,CDS
65748,23012456,23015980,3524,CDS
65749,23012218,23012403,185,CDS
65750,23005407,23005686,279,CDS
65751,23003991,23005346,1355,CDS
65752,23003747,23003933,186,CDS
65753,22999673,23000966,1293,CDS
65754,23016038,23016070,32,CDS
65755,23012456,23015980,3524,CDS
65756,23012218,23012403,185,CDS
65757,23005407,23005686,279,CDS
65758,23003991,23005346,1355,CDS
65759,23003747,23003933,186,CDS
65760,22999673,23000966,1293,CDS
65761,23016038,23016070,32,CDS
65762,23012456,23015980,3524,CDS
65763,23012218,23012403,185,CDS
65764,23005407,23005686,279,CDS
65765,23003991,23005346,1355,CDS
65766,23003747,23003933,186,CDS
65767,22999673,23000966,1293,CDS
65768,23059027,23060915,1888,mobile_element
65769,23066874,23068386,1512,gene
65770,23068200,23068386,186,mRNA
65771,23067145,23068101,956,mRNA
65772,23066874,23067083,209,mRNA
65773,23068200,23068386,186,mRNA
65774,23067145,23068144,999,mRNA
65775,23066874,23067083,209,mRNA
65776,23067145,23068191,1046,mRNA
65777,23066874,23067083,209,mRNA
65778,23068200,23068316,116,CDS
65779,23067145,23068144,999,CDS
65780,23066989,23067083,94,CDS
65781,23068200,23068263,63,CDS
65782,23067145,23068101,956,CDS
65783,23066989,23067083,94,CDS
65784,23067145,23068141,996,CDS
65785,23066989,23067083,94,CDS
65786,23069005,23070724,1719,gene
65787,23069005,23069261,256,ncRNA
65788,23069892,23070724,832,ncRNA
65789,23161122,23174484,13362,gene
65790,23174413,23174484,71,mRNA
65791,23162925,23163058,133,mRNA
65792,23162212,23162872,660,mRNA
65793,23161122,23162139,1017,mRNA
65794,23174062,23174392,330,mRNA
65795,23162925,23163058,133,mRNA
65796,23162212,23162862,650,mRNA
65797,23161122,23162139,1017,mRNA
65798,23174062,23174392,330,mRNA
65799,23162925,23163058,133,mRNA
65800,23162212,23162872,660,mRNA
65801,23161122,23162139,1017,mRNA
65802,23174062,23174392,330,mRNA
65803,23162212,23163058,846,mRNA
65804,23161122,23162139,1017,mRNA
65805,23174062,23174155,93,mRNA
65806,23162925,23163058,133,mRNA
65807,23162212,23162872,660,mRNA
65808,23161122,23162139,1017,mRNA
65809,23173892,23173953,61,mRNA
65810,23162925,23163058,133,mRNA
65811,23162212,23162872,660,mRNA
65812,23161122,23162139,1017,mRNA
65813,23174413,23174461,48,CDS
65814,23162925,23163058,133,CDS
65815,23162212,23162872,660,CDS
65816,23161958,23162139,181,CDS
65817,23174062,23174134,72,CDS
65818,23162925,23163058,133,CDS
65819,23162212,23162872,660,CDS
65820,23161958,23162139,181,CDS
65821,23174062,23174134,72,CDS
65822,23162925,23163058,133,CDS
65823,23162212,23162872,660,CDS
65824,23161958,23162139,181,CDS
65825,23173892,23173922,30,CDS
65826,23162925,23163058,133,CDS
65827,23162212,23162872,660,CDS
65828,23161958,23162139,181,CDS
65829,23174062,23174134,72,CDS
65830,23162925,23163058,133,CDS
65831,23162857,23162862,5,CDS
65832,23174062,23174134,72,CDS
65833,23162904,23163058,154,CDS
65834,23168825,23168899,74,gene
65835,23168825,23168899,74,precursor_RNA
65836,23168833,23168855,22,ncRNA
65837,23168871,23168891,20,ncRNA
65838,23173073,23173465,392,gene
65839,23173073,23173181,108,ncRNA
65840,23173370,23173465,95,ncRNA
65841,23239253,23240411,1158,gene
65842,23239253,23240022,769,ncRNA
65843,23240170,23240411,241,ncRNA
65844,23239253,23239831,578,ncRNA
65845,23240170,23240411,241,ncRNA
65846,23311700,23312464,764,gene
65847,23311700,23311800,100,mRNA
65848,23311869,23312464,595,mRNA
65849,23311731,23312464,733,mRNA
65850,23311748,23311800,52,mRNA
65851,23311861,23312464,603,mRNA
65852,23311778,23311800,22,CDS
65853,23311861,23312347,486,CDS
65854,23311838,23312347,509,CDS
65855,23311937,23312347,410,CDS
65856,23312465,23313578,1113,gene
65857,23313329,23313578,249,mRNA
65858,23312948,23313230,282,mRNA
65859,23312719,23312888,169,mRNA
65860,23312465,23312654,189,mRNA
65861,23313329,23313380,51,CDS
65862,23312948,23313230,282,CDS
65863,23312719,23312888,169,CDS
65864,23312539,23312654,115,CDS
65865,23320508,23324192,3684,gene
65866,23320508,23320671,163,exon
65867,23323955,23324192,237,exon
65868,23415916,23416153,237,gene
65869,23415916,23416153,237,exon
